 + ++++++++++++++++++++++++++++++++++++++++++++++++++++++++++++++++++++ +
 +                                                                      +
 +           You have chose to blind your fitting according to          +
 +                omega_ref * (1 + (R +/- deltaR) *10^{-6})             +
 +                                                                      +
 + ++++++++++++++++++++++++++++++++++++++++++++++++++++++++++++++++++++ +
In main()...
reading format from /gm2data/zkhechad/run45/envelope/formats/formatB_sBin_constraintOn.txt
pBinTau 	= 0  
pBinPhi 	= 0  
constraintau 	= 1 
includeMopTerm 	= 0    
constrainMop    = 0   
Parameters after format file: pBinTau 0 pBinPhi 0 constraintau 1 includeMopTerm 0 constrainMop 0 c_e_scale 0.000000 
reading cbo reference file (full fit) from /gm2data/zkhechad/cboTemplates/Run4CBOTemplates/fullFits/run4/sBin_constraintOn_cE0.0_seed0_run4_calo16.root
A_CBO 0.009336 w_CBO 2.326091 phi_CBO 1.561564 N0 3000865.229519 R -62.230085 tau 64.400102 
Reading cboRef file /gm2data/zkhechad/cboTemplates/Run4CBOTemplates//cboIsolate/run4_calo16.root
deltaT 18.608409
windowBins = 120
fitting sliding window 540 from bin 743 at 110.855600 to bin 863 at 128.759600 (120 bins)

Reading data from /gm2data/cornell/histograms/aMethod/histogram_a_run4.root
fitting cbo isolate
 **********
 **    1 **SET PRINTOUT            1
 **********
 **********
 **    2 **SET NOWARNINGS 
 **********
 PARAMETER DEFINITIONS:
    NO.   NAME         VALUE      STEP SIZE      LIMITS
     1 A_CBO        9.33615e-03  1.00000e-05     no limits
     2 w_CBO        2.32609e+00  1.00000e-02    2.00000e+00  3.00000e+00
     3 phi_CBO      1.56156e+00  1.00000e-02    0.00000e+00  6.28319e+00
 **********
 **    3 **MIGRAD
 **********
 FIRST CALL TO USER FUNCTION AT NEW START POINT, WITH IFLAG=4.
 START MIGRAD MINIMIZATION.  STRATEGY  1.  CONVERGENCE WHEN EDM .LT. 1.00e-04
 FCN=0.00134361 FROM MIGRAD    STATUS=INITIATE       10 CALLS          11 TOTAL
                     EDM= unknown      STRATEGY= 1      NO ERROR MATRIX       
  EXT PARAMETER               CURRENT GUESS       STEP         FIRST   
  NO.   NAME      VALUE            ERROR          SIZE      DERIVATIVE 
   1  A_CBO        9.33615e-03   1.00000e-05   1.00000e-05   5.39138e-01
   2  w_CBO        2.32609e+00   1.00000e-02   2.13342e-02   2.25012e-03
   3  phi_CBO      1.56156e+00   1.00000e-02   3.68279e-03  -1.14184e-04
 MIGRAD MINIMIZATION HAS CONVERGED.
 MIGRAD WILL VERIFY CONVERGENCE AND ERROR MATRIX.
 COVARIANCE MATRIX CALCULATED SUCCESSFULLY
 FCN=0.000114536 FROM MIGRAD    STATUS=CONVERGED      35 CALLS          36 TOTAL
                     EDM=1.02589e-06    STRATEGY= 1      ERROR MATRIX ACCURATE 
  EXT PARAMETER                                   STEP         FIRST   
  NO.   NAME      VALUE            ERROR          SIZE      DERIVATIVE 
   1  A_CBO        4.77533e-03   1.31736e-01   6.35252e-05  -3.70931e-06
   2  w_CBO        2.32603e+00   5.94022e-01   1.64707e-04  -2.55150e-03
   3  phi_CBO      1.56913e+00   3.62005e+00   3.41057e-03   1.28121e-04
 EXTERNAL ERROR MATRIX.    NDIM=  25    NPAR=  3    ERR DEF=1
  1.735e-02 -8.010e-02 -9.593e+00 
 -8.010e-02  1.499e+01  1.788e+03 
 -9.593e+00  1.788e+03  2.139e+05 
 PARAMETER  CORRELATION COEFFICIENTS  
       NO.  GLOBAL      1      2      3
        1  0.15747   1.000 -0.157 -0.157
        2  0.99832  -0.157  1.000  0.998
        3  0.99832  -0.157  0.998  1.000
setting A_CBO=0.004775 w_CBO=2.326031, phi_CBO=1.569133
done fitting cbo isolate
 **********
 **    1 **SET PRINTOUT            1
 **********
 **********
 **    2 **SET NOWARNINGS 
 **********
 PARAMETER DEFINITIONS:
    NO.   NAME         VALUE      STEP SIZE      LIMITS
     1 N0           3.00087e+06  1.00000e+02     no limits
     2 tau          6.44001e+01  constant
     3 A0           3.49583e-01  1.00000e-04     no limits
     4 phi          4.11719e+00  1.00000e-02     no limits
     5 R           -6.22301e+01  constant
     6 A_CBO        4.77533e-03  1.00000e-05     no limits
     7 w_CBO        2.32603e+00  1.00000e-03     no limits
     8 phi_CBO      1.56913e+00  1.00000e-04     no limits
     9 ANx2         8.68669e-04  constant
    10 pNx2         4.82289e+00  constant
    11 ANy1         0.00000e+00  constant
    12 pNy1         0.00000e+00  constant
    13 w_y          0.00000e+00  constant
    14 ANy2         6.17882e-03  1.00000e-04     no limits
    15 pNy2         1.49923e+00  constant
    16 w_vw         1.43037e+01  constant
    17 LM          -2.26665e-04  constant
    18 wCBO_expCoeff   2.00000e+02  1.00000e+00     no limits
    19 wCBO_expOffset   2.00000e+02  1.00000e+00     no limits
    20 wCBO_expT    3.00000e+01  1.00000e+00     no limits
    21 wCBO_linCoeff   0.00000e+00  constant
    22 wCBO_const   0.00000e+00  1.00000e-02     no limits
MINUIT - FIT ONLY WIGGLE
 **********
 **    3 **FIX            5
 **********
 PARAMETER    5  IS CONSTANT.   IGNORED.
 **********
 **    4 **FIX            6
 **********
 **********
 **    5 **FIX            7
 **********
 **********
 **    6 **FIX            8
 **********
 **********
 **    7 **FIX            9
 **********
 PARAMETER    9  IS CONSTANT.   IGNORED.
 **********
 **    8 **FIX           10
 **********
 PARAMETER   10  IS CONSTANT.   IGNORED.
 **********
 **    9 **FIX           11
 **********
 PARAMETER   11  IS CONSTANT.   IGNORED.
 **********
 **   10 **FIX           12
 **********
 PARAMETER   12  IS CONSTANT.   IGNORED.
 **********
 **   11 **FIX           13
 **********
 PARAMETER   13  IS CONSTANT.   IGNORED.
 **********
 **   12 **FIX           14
 **********
 **********
 **   13 **FIX           15
 **********
 PARAMETER   15  IS CONSTANT.   IGNORED.
 **********
 **   14 **FIX           16
 **********
 PARAMETER   16  IS CONSTANT.   IGNORED.
 **********
 **   15 **MIGRAD
 **********
 FIRST CALL TO USER FUNCTION AT NEW START POINT, WITH IFLAG=4.
 START MIGRAD MINIMIZATION.  STRATEGY  1.  CONVERGENCE WHEN EDM .LT. 1.00e-04
 FCN=1588.34 FROM MIGRAD    STATUS=INITIATE       55 CALLS          56 TOTAL
                     EDM= unknown      STRATEGY= 1      NO ERROR MATRIX       
  EXT PARAMETER               CURRENT GUESS       STEP         FIRST   
  NO.   NAME      VALUE            ERROR          SIZE      DERIVATIVE 
   1  N0           3.00087e+06   1.00000e+02   0.00000e+00  -7.89553e-03
   2  tau          6.44001e+01   constant   
   3  A0           3.49583e-01   1.00000e-04   0.00000e+00  -1.14705e+04
   4  phi          4.11719e+00   1.00000e-02   0.00000e+00   9.79913e+03
   5  R           -6.22301e+01   constant   
   6  A_CBO        4.77533e-03     fixed    
   7  w_CBO        2.32603e+00     fixed    
   8  phi_CBO      1.56913e+00     fixed    
   9  ANx2         8.68669e-04   constant   
  10  pNx2         4.82289e+00   constant   
  11  ANy1         0.00000e+00   constant   
  12  pNy1         0.00000e+00   constant   
  13  w_y          0.00000e+00   constant   
  14  ANy2         6.17882e-03     fixed    
  15  pNy2         1.49923e+00   constant   
  16  w_vw         1.43037e+01   constant   
  17  LM          -2.26665e-04   constant   
  18  wCBO_expCoeff   1.99999e+02   1.00000e+00  -5.90319e-04   3.66676e+05
  19  wCBO_expOffset   2.00000e+02   1.00000e+00   0.00000e+00   4.71084e+04
  20  wCBO_expT    3.00000e+01   1.00000e+00   0.00000e+00  -3.03309e+06
  21  wCBO_linCoeff   0.00000e+00   constant   
  22  wCBO_const   0.00000e+00   1.00000e-02   0.00000e+00   3.03973e+04
 MIGRAD FAILS TO FIND IMPROVEMENT
 FCN=1540.21 FROM HESSE     STATUS=NOT POSDEF     56 CALLS         584 TOTAL
                     EDM=10.1536    STRATEGY= 1      ERR MATRIX NOT POS-DEF
  EXT PARAMETER                APPROXIMATE        STEP         FIRST   
  NO.   NAME      VALUE            ERROR          SIZE      DERIVATIVE 
   1  N0           3.00156e+06   6.29871e+02   8.93241e+00   1.08080e-03
   2  tau          6.44001e+01   constant   
   3  A0           3.50188e-01   5.28636e-04   4.05755e-06   1.39259e+04
   4  phi          4.11461e+00   5.83449e-04   1.17589e-05  -5.73878e+03
   5  R           -6.22301e+01   constant   
   6  A_CBO        4.77533e-03     fixed    
   7  w_CBO        2.32603e+00     fixed    
   8  phi_CBO      1.56913e+00     fixed    
   9  ANx2         8.68669e-04   constant   
  10  pNx2         4.82289e+00   constant   
  11  ANy1         0.00000e+00   constant   
  12  pNy1         0.00000e+00   constant   
  13  w_y          0.00000e+00   constant   
  14  ANy2         6.17882e-03     fixed    
  15  pNy2         1.49923e+00   constant   
  16  w_vw         1.43037e+01   constant   
  17  LM          -2.26665e-04   constant   
  18  wCBO_expCoeff   1.99999e+02   1.79584e-04   9.53671e-05   1.49033e+05
  19  wCBO_expOffset   2.00000e+02   2.77314e-05   9.53674e-05  -1.61154e+05
  20  wCBO_expT    3.00000e+01   1.87677e-05   1.43051e-05  -2.39779e+06
  21  wCBO_linCoeff   0.00000e+00   constant   
  22  wCBO_const  -3.26261e-03   2.18393e-03   7.35081e-06   1.29753e+04
 MIGRAD FAILS TO FIND IMPROVEMENT
 MIGRAD TERMINATED WITHOUT CONVERGENCE.
 FCN=1540.21 FROM MIGRAD    STATUS=FAILED        594 CALLS         595 TOTAL
                     EDM=10.1536    STRATEGY= 1      ERR MATRIX NOT POS-DEF
  EXT PARAMETER                APPROXIMATE        STEP         FIRST   
  NO.   NAME      VALUE            ERROR          SIZE      DERIVATIVE 
   1  N0           3.00156e+06   6.29871e+02  -0.00000e+00   1.08080e-03
   2  tau          6.44001e+01   constant   
   3  A0           3.50188e-01   5.28636e-04  -0.00000e+00   1.39259e+04
   4  phi          4.11461e+00   5.83449e-04   0.00000e+00  -5.73878e+03
   5  R           -6.22301e+01   constant   
   6  A_CBO        4.77533e-03     fixed    
   7  w_CBO        2.32603e+00     fixed    
   8  phi_CBO      1.56913e+00     fixed    
   9  ANx2         8.68669e-04   constant   
  10  pNx2         4.82289e+00   constant   
  11  ANy1         0.00000e+00   constant   
  12  pNy1         0.00000e+00   constant   
  13  w_y          0.00000e+00   constant   
  14  ANy2         6.17882e-03     fixed    
  15  pNy2         1.49923e+00   constant   
  16  w_vw         1.43037e+01   constant   
  17  LM          -2.26665e-04   constant   
  18  wCBO_expCoeff   1.99999e+02   1.79584e-04   0.00000e+00   1.49033e+05
  19  wCBO_expOffset   2.00000e+02   2.77314e-05   0.00000e+00  -1.61154e+05
  20  wCBO_expT    3.00000e+01   1.87677e-05   0.00000e+00  -2.39779e+06
  21  wCBO_linCoeff   0.00000e+00   constant   
  22  wCBO_const  -3.26261e-03   2.18393e-03   0.00000e+00   1.29753e+04
 EXTERNAL ERROR MATRIX.    NDIM=  25    NPAR=  7    ERR DEF=1
  3.967e+05  2.416e-01  1.294e-01 -8.648e-02 -1.326e-02 -9.138e-03 -1.030e+00 
  2.416e-01  2.795e-07  1.296e-07 -8.865e-08 -1.366e-08 -9.319e-09 -1.060e-06 
  1.294e-01  1.296e-07  3.404e-07 -4.656e-08 -7.075e-09 -4.868e-09 -5.657e-07 
 -8.648e-02 -8.865e-08 -4.656e-08  3.225e-08  4.858e-09  3.337e-09  3.751e-07 
 -1.326e-02 -1.366e-08 -7.075e-09  4.858e-09  7.690e-10  5.124e-10  5.821e-08 
 -9.138e-03 -9.319e-09 -4.868e-09  3.337e-09  5.124e-10  3.522e-10  4.024e-08 
 -1.030e+00 -1.060e-06 -5.657e-07  3.751e-07  5.821e-08  4.024e-08  4.770e-06 
ERR MATRIX NOT POS-DEF
 PARAMETER  CORRELATION COEFFICIENTS  
       NO.  GLOBAL      1      3      4     18     19     20     22
        1  0.77672   1.000  0.726  0.352 -0.765 -0.759 -0.773 -0.749
        3  0.94050   0.726  1.000  0.420 -0.934 -0.932 -0.939 -0.919
        4  0.45162   0.352  0.420  1.000 -0.444 -0.437 -0.445 -0.444
       18  0.99369  -0.765 -0.934 -0.444  1.000  0.976  0.990  0.956
       19  0.98534  -0.759 -0.932 -0.437  0.976  1.000  0.985  0.961
       20  0.99804  -0.773 -0.939 -0.445  0.990  0.985  1.000  0.982
       22  0.98883  -0.749 -0.919 -0.444  0.956  0.961  0.982  1.000
 ERR MATRIX NOT POS-DEF
MINUIT - FIT ONLY 1-CBO + other amplitudes 
 **********
 **   16 **RES 
 **********
                   PARAMETER   14  ANy2 RESTORED TO VARIABLE.
                   PARAMETER    8  phi_CBO RESTORED TO VARIABLE.
                   PARAMETER    7  w_CBO RESTORED TO VARIABLE.
                   PARAMETER    6  A_CBO RESTORED TO VARIABLE.
 **********
 **   17 **FIX            0
 **********
 PARAMETER    0  IS UNDEFINED. IGNORED.
 **********
 **   18 **FIX            1
 **********
 **********
 **   19 **FIX            2
 **********
 PARAMETER    2  IS CONSTANT.   IGNORED.
 **********
 **   20 **FIX            3
 **********
 **********
 **   21 **FIX            4
 **********
 **********
 **   22 **FIX            9
 **********
 PARAMETER    9  IS CONSTANT.   IGNORED.
 **********
 **   23 **FIX           11
 **********
 PARAMETER   11  IS CONSTANT.   IGNORED.
 **********
 **   24 **FIX           12
 **********
 PARAMETER   12  IS CONSTANT.   IGNORED.
 **********
 **   25 **FIX           14
 **********
 **********
 **   26 **FIX           15
 **********
 PARAMETER   15  IS CONSTANT.   IGNORED.
 **********
 **   27 **FIX           16
 **********
 PARAMETER   16  IS CONSTANT.   IGNORED.
 **********
 **   28 **MIGRAD
 **********
 START MIGRAD MINIMIZATION.  STRATEGY  1.  CONVERGENCE WHEN EDM .LT. 1.00e-04
 FCN=1540.21 FROM MIGRAD    STATUS=INITIATE       22 CALLS         617 TOTAL
                     EDM= unknown      STRATEGY= 1      NO ERROR MATRIX       
  EXT PARAMETER               CURRENT GUESS       STEP         FIRST   
  NO.   NAME      VALUE            ERROR          SIZE      DERIVATIVE 
   1  N0           3.00156e+06     fixed    
   2  tau          6.44001e+01   constant   
   3  A0           3.50188e-01     fixed    
   4  phi          4.11461e+00     fixed    
   5  R           -6.22301e+01   constant   
   6  A_CBO        4.77533e-03   1.00000e-05   1.00000e-05   1.73131e+05
   7  w_CBO        2.32603e+00   1.00000e-03   1.00000e-03   1.14652e+07
   8  phi_CBO      1.56913e+00   1.00000e-04   1.00000e-04  -5.06274e+01
   9  ANx2         8.68669e-04   constant   
  10  pNx2         4.82289e+00   constant   
  11  ANy1         0.00000e+00   constant   
  12  pNy1         0.00000e+00   constant   
  13  w_y          0.00000e+00   constant   
  14  ANy2         6.17882e-03     fixed    
  15  pNy2         1.49923e+00   constant   
  16  w_vw         1.43037e+01   constant   
  17  LM          -2.26665e-04   constant   
  18  wCBO_expCoeff   1.99999e+02   1.79584e-04   0.00000e+00   1.33291e+05
  19  wCBO_expOffset   2.00000e+02   2.77314e-05   0.00000e+00  -1.37884e+05
  20  wCBO_expT    3.00000e+01   1.87677e-05   0.00000e+00  -4.97288e+04
  21  wCBO_linCoeff   0.00000e+00   constant   
  22  wCBO_const  -3.26261e-03   2.18393e-03   0.00000e+00   1.29753e+04
 MIGRAD FAILS TO FIND IMPROVEMENT
 FCN=1189.98 FROM HESSE     STATUS=NOT POSDEF     58 CALLS        1796 TOTAL
                     EDM=2.51671    STRATEGY= 1      ERR MATRIX NOT POS-DEF
  EXT PARAMETER                APPROXIMATE        STEP         FIRST   
  NO.   NAME      VALUE            ERROR          SIZE      DERIVATIVE 
   1  N0           3.00156e+06     fixed    
   2  tau          6.44001e+01   constant   
   3  A0           3.50188e-01     fixed    
   4  phi          4.11461e+00     fixed    
   5  R           -6.22301e+01   constant   
   6  A_CBO        7.25642e-04   1.52866e-03   3.53251e-06  -4.39015e+02
   7  w_CBO        2.32603e+00   2.09848e-06   1.10914e-06  -5.36015e+05
   8  phi_CBO      1.18001e+00   7.30022e-01   5.39424e-03  -2.27339e-01
   9  ANx2         8.68669e-04   constant   
  10  pNx2         4.82289e+00   constant   
  11  ANy1         0.00000e+00   constant   
  12  pNy1         0.00000e+00   constant   
  13  w_y          0.00000e+00   constant   
  14  ANy2         6.17882e-03     fixed    
  15  pNy2         1.49923e+00   constant   
  16  w_vw         1.43037e+01   constant   
  17  LM          -2.26665e-04   constant   
  18  wCBO_expCoeff   1.99999e+02   1.80423e-04   9.53671e-05  -6.23077e+03
  19  wCBO_expOffset   2.00000e+02   1.06320e-04   9.53674e-05  -5.65022e+04
  20  wCBO_expT    3.00000e+01   1.46509e-05   1.43051e-05   2.42866e+05
  21  wCBO_linCoeff   0.00000e+00   constant   
  22  wCBO_const  -3.13332e-03   1.75040e-03   8.07484e-06  -6.32107e+02
 CALL LIMIT EXCEEDED IN MIGRAD.
 MIGRAD TERMINATED WITHOUT CONVERGENCE.
 FCN=1189.98 FROM MIGRAD    STATUS=CALL LIMIT   1201 CALLS        1796 TOTAL
                     EDM=2.51671    STRATEGY= 1      ERR MATRIX NOT POS-DEF
  EXT PARAMETER                APPROXIMATE        STEP         FIRST   
  NO.   NAME      VALUE            ERROR          SIZE      DERIVATIVE 
   1  N0           3.00156e+06     fixed    
   2  tau          6.44001e+01   constant   
   3  A0           3.50188e-01     fixed    
   4  phi          4.11461e+00     fixed    
   5  R           -6.22301e+01   constant   
   6  A_CBO        7.25642e-04   1.52866e-03   3.53251e-06  -4.39015e+02
   7  w_CBO        2.32603e+00   2.09848e-06   1.10914e-06  -5.36015e+05
   8  phi_CBO      1.18001e+00   7.30022e-01   5.39424e-03  -2.27339e-01
   9  ANx2         8.68669e-04   constant   
  10  pNx2         4.82289e+00   constant   
  11  ANy1         0.00000e+00   constant   
  12  pNy1         0.00000e+00   constant   
  13  w_y          0.00000e+00   constant   
  14  ANy2         6.17882e-03     fixed    
  15  pNy2         1.49923e+00   constant   
  16  w_vw         1.43037e+01   constant   
  17  LM          -2.26665e-04   constant   
  18  wCBO_expCoeff   1.99999e+02   1.80423e-04   9.53671e-05  -6.23077e+03
  19  wCBO_expOffset   2.00000e+02   1.06320e-04   9.53674e-05  -5.65022e+04
  20  wCBO_expT    3.00000e+01   1.46509e-05   1.43051e-05   2.42866e+05
  21  wCBO_linCoeff   0.00000e+00   constant   
  22  wCBO_const  -3.13332e-03   1.75040e-03   8.07484e-06  -6.32107e+02
 EXTERNAL ERROR MATRIX.    NDIM=  25    NPAR=  7    ERR DEF=1
  2.337e-06 -3.124e-09 -1.013e-03 -2.686e-07 -1.613e-07 -2.210e-08  2.510e-06 
 -3.124e-09  4.404e-12  1.392e-06  3.618e-10  2.181e-10  3.012e-11 -3.505e-09 
 -1.013e-03  1.392e-06  5.329e-01  1.197e-04  7.109e-05  9.678e-06 -1.097e-03 
 -2.686e-07  3.618e-10  1.197e-04  3.255e-08  1.875e-08  2.589e-09 -3.014e-07 
 -1.613e-07  2.181e-10  7.109e-05  1.875e-08  1.130e-08  1.541e-09 -1.751e-07 
 -2.210e-08  3.012e-11  9.678e-06  2.589e-09  1.541e-09  2.147e-10 -2.415e-08 
  2.510e-06 -3.505e-09 -1.097e-03 -3.014e-07 -1.751e-07 -2.415e-08  3.064e-06 
ERR MATRIX NOT POS-DEF
 PARAMETER  CORRELATION COEFFICIENTS  
       NO.  GLOBAL      6      7      8     18     19     20     22
        6  0.99318   1.000 -0.974 -0.907 -0.974 -0.993 -0.987  0.938
        7  0.99006  -0.974  1.000  0.909  0.956  0.977  0.980 -0.954
        8  0.93169  -0.907  0.909  1.000  0.909  0.916  0.905 -0.858
       18  0.99005  -0.974  0.956  0.909  1.000  0.977  0.980 -0.954
       19  0.99524  -0.993  0.977  0.916  0.977  1.000  0.990 -0.941
       20  0.99417  -0.987  0.980  0.905  0.980  0.990  1.000 -0.942
       22  0.97446   0.938 -0.954 -0.858 -0.954 -0.941 -0.942  1.000
 ERR MATRIX NOT POS-DEF
MINUIT - FIT ONLY 1-CBO
 **********
 **   29 **RES 
 **********
                   PARAMETER   14  ANy2 RESTORED TO VARIABLE.
                   PARAMETER    4  phi RESTORED TO VARIABLE.
                   PARAMETER    3  A0 RESTORED TO VARIABLE.
                   PARAMETER    1  N0 RESTORED TO VARIABLE.
 **********
 **   30 **FIX            0
 **********
 PARAMETER    0  IS UNDEFINED. IGNORED.
 **********
 **   31 **FIX            1
 **********
 **********
 **   32 **FIX            2
 **********
 PARAMETER    2  IS CONSTANT.   IGNORED.
 **********
 **   33 **FIX            3
 **********
 **********
 **   34 **FIX            4
 **********
 **********
 **   35 **FIX            8
 **********
 **********
 **   36 **FIX            9
 **********
 PARAMETER    9  IS CONSTANT.   IGNORED.
 **********
 **   37 **FIX           11
 **********
 PARAMETER   11  IS CONSTANT.   IGNORED.
 **********
 **   38 **FIX           12
 **********
 PARAMETER   12  IS CONSTANT.   IGNORED.
 **********
 **   39 **FIX           13
 **********
 PARAMETER   13  IS CONSTANT.   IGNORED.
 **********
 **   40 **FIX           15
 **********
 PARAMETER   15  IS CONSTANT.   IGNORED.
 **********
 **   41 **FIX           16
 **********
 PARAMETER   16  IS CONSTANT.   IGNORED.
 **********
 **   42 **MIGRAD
 **********
 START MIGRAD MINIMIZATION.  STRATEGY  1.  CONVERGENCE WHEN EDM .LT. 1.00e-04
 FCN=1189.98 FROM MIGRAD    STATUS=INITIATE       16 CALLS        1812 TOTAL
                     EDM= unknown      STRATEGY= 1      NO ERROR MATRIX       
  EXT PARAMETER               CURRENT GUESS       STEP         FIRST   
  NO.   NAME      VALUE            ERROR          SIZE      DERIVATIVE 
   1  N0           3.00156e+06     fixed    
   2  tau          6.44001e+01   constant   
   3  A0           3.50188e-01     fixed    
   4  phi          4.11461e+00     fixed    
   5  R           -6.22301e+01   constant   
   6  A_CBO        7.25642e-04   1.52866e-03   3.53251e-06  -4.39015e+02
   7  w_CBO        2.32603e+00   2.09848e-06   1.10914e-06  -9.11778e+05
   8  phi_CBO      1.18001e+00     fixed    
   9  ANx2         8.68669e-04   constant   
  10  pNx2         4.82289e+00   constant   
  11  ANy1         0.00000e+00   constant   
  12  pNy1         0.00000e+00   constant   
  13  w_y          0.00000e+00   constant   
  14  ANy2         6.17882e-03   1.00000e-04   1.00000e-04   2.34883e+05
  15  pNy2         1.49923e+00   constant   
  16  w_vw         1.43037e+01   constant   
  17  LM          -2.26665e-04   constant   
  18  wCBO_expCoeff   1.99999e+02   1.80423e-04   9.53671e-05  -1.05988e+04
  19  wCBO_expOffset   2.00000e+02   1.06320e-04   9.53674e-05   4.38196e+04
  20  wCBO_expT    3.00000e+01   1.46509e-05   1.43051e-05   1.01429e+05
  21  wCBO_linCoeff   0.00000e+00   constant   
  22  wCBO_const  -3.13332e-03   1.75040e-03   8.07484e-06  -6.32107e+02
 CALL LIMIT EXCEEDED IN MIGRAD.
 MIGRAD TERMINATED WITHOUT CONVERGENCE.
 FCN=515.015 FROM MIGRAD    STATUS=CALL LIMIT   1158 CALLS        2954 TOTAL
                     EDM=28.9855    STRATEGY= 1  ERROR MATRIX UNCERTAINTY   1.3 per cent
  EXT PARAMETER                APPROXIMATE        STEP         FIRST   
  NO.   NAME      VALUE            ERROR          SIZE      DERIVATIVE 
   1  N0           3.00156e+06     fixed    
   2  tau          6.44001e+01   constant   
   3  A0           3.50188e-01     fixed    
   4  phi          4.11461e+00     fixed    
   5  R           -6.22301e+01   constant   
   6  A_CBO        4.53309e-04   4.18173e-04   1.87446e-07   1.05128e+03
   7  w_CBO        2.32603e+00   5.69964e-07   2.35306e-10   1.98032e+06
   8  phi_CBO      1.18001e+00     fixed    
   9  ANx2         8.68669e-04   constant   
  10  pNx2         4.82289e+00   constant   
  11  ANy1         0.00000e+00   constant   
  12  pNy1         0.00000e+00   constant   
  13  w_y          0.00000e+00   constant   
  14  ANy2         3.83308e-04   3.38171e-04  -1.29072e-07  -7.47298e+01
  15  pNy2         1.49923e+00   constant   
  16  w_vw         1.43037e+01   constant   
  17  LM          -2.26665e-04   constant   
  18  wCBO_expCoeff   1.99999e+02   4.90885e-05   2.02776e-08   2.30109e+04
  19  wCBO_expOffset   2.00000e+02   4.66653e-05   2.22151e-08  -4.98669e+04
  20  wCBO_expT    3.00000e+01   9.54642e-06   4.63971e-09  -6.37981e+05
  21  wCBO_linCoeff   0.00000e+00   constant   
  22  wCBO_const  -2.94729e-03   1.71882e-03  -8.21278e-07   2.81402e+03
 EXTERNAL ERROR MATRIX.    NDIM=  25    NPAR=  7    ERR DEF=1
  1.749e-07  1.632e-10 -8.933e-08  1.407e-08  1.688e-08  3.533e-09 -6.507e-07 
  1.632e-10  3.249e-13 -1.214e-10  1.743e-11  2.167e-11  4.556e-12 -8.412e-10 
 -8.933e-08 -1.214e-10  1.144e-07 -1.046e-08 -1.176e-08 -2.449e-09  4.442e-07 
  1.407e-08  1.743e-11 -1.046e-08  2.410e-09  1.867e-09  3.926e-10 -7.248e-08 
  1.688e-08  2.167e-11 -1.176e-08  1.867e-09  2.178e-09  4.216e-10 -7.518e-08 
  3.533e-09  4.556e-12 -2.449e-09  3.926e-10  4.216e-10  9.113e-11 -1.560e-08 
 -6.507e-07 -8.412e-10  4.442e-07 -7.248e-08 -7.518e-08 -1.560e-08  2.954e-06 
ERR MATRIX APPROXIMATE
 PARAMETER  CORRELATION COEFFICIENTS  
       NO.  GLOBAL      6      7     14     18     19     20     22
        6  0.99941   1.000  0.685 -0.632  0.685  0.865  0.885 -0.905
        7  0.99904   0.685  1.000 -0.630  0.623  0.815  0.837 -0.859
       14  0.99356  -0.632 -0.630  1.000 -0.630 -0.745 -0.758  0.764
       18  0.99905   0.685  0.623 -0.630  1.000  0.815  0.838 -0.859
       19  0.95537   0.865  0.815 -0.745  0.815  1.000  0.946 -0.937
       20  0.99880   0.885  0.837 -0.758  0.838  0.946  1.000 -0.951
       22  0.99982  -0.905 -0.859  0.764 -0.859 -0.937 -0.951  1.000
 ERR MATRIX APPROXIMATE
MINUIT - FIT ONLY 2-CBO
 **********
 **   43 **RES 
 **********
                   PARAMETER    8  phi_CBO RESTORED TO VARIABLE.
                   PARAMETER    4  phi RESTORED TO VARIABLE.
                   PARAMETER    3  A0 RESTORED TO VARIABLE.
                   PARAMETER    1  N0 RESTORED TO VARIABLE.
 **********
 **   44 **FIX            0
 **********
 PARAMETER    0  IS UNDEFINED. IGNORED.
 **********
 **   45 **FIX            1
 **********
 **********
 **   46 **FIX            2
 **********
 PARAMETER    2  IS CONSTANT.   IGNORED.
 **********
 **   47 **FIX            3
 **********
 **********
 **   48 **FIX            4
 **********
 **********
 **   49 **FIX            5
 **********
 PARAMETER    5  IS CONSTANT.   IGNORED.
 **********
 **   50 **FIX            6
 **********
 **********
 **   51 **FIX            7
 **********
 **********
 **   52 **FIX           10
 **********
 PARAMETER   10  IS CONSTANT.   IGNORED.
 **********
 **   53 **FIX           11
 **********
 PARAMETER   11  IS CONSTANT.   IGNORED.
 **********
 **   54 **FIX           12
 **********
 PARAMETER   12  IS CONSTANT.   IGNORED.
 **********
 **   55 **FIX           13
 **********
 PARAMETER   13  IS CONSTANT.   IGNORED.
 **********
 **   56 **FIX           14
 **********
 **********
 **   57 **FIX           15
 **********
 PARAMETER   15  IS CONSTANT.   IGNORED.
 **********
 **   58 **FIX           16
 **********
 PARAMETER   16  IS CONSTANT.   IGNORED.
 **********
 **   59 **MIGRAD
 **********
 START MIGRAD MINIMIZATION.  STRATEGY  1.  CONVERGENCE WHEN EDM .LT. 1.00e-04
 FCN=515.015 FROM MIGRAD    STATUS=INITIATE       12 CALLS        2966 TOTAL
                     EDM= unknown      STRATEGY= 1      NO ERROR MATRIX       
  EXT PARAMETER               CURRENT GUESS       STEP         FIRST   
  NO.   NAME      VALUE            ERROR          SIZE      DERIVATIVE 
   1  N0           3.00156e+06     fixed    
   2  tau          6.44001e+01   constant   
   3  A0           3.50188e-01     fixed    
   4  phi          4.11461e+00     fixed    
   5  R           -6.22301e+01   constant   
   6  A_CBO        4.53309e-04     fixed    
   7  w_CBO        2.32603e+00     fixed    
   8  phi_CBO      1.18001e+00   7.30022e-01   7.30022e-01  -1.72260e+00
   9  ANx2         8.68669e-04   constant   
  10  pNx2         4.82289e+00   constant   
  11  ANy1         0.00000e+00   constant   
  12  pNy1         0.00000e+00   constant   
  13  w_y          0.00000e+00   constant   
  14  ANy2         3.83308e-04     fixed    
  15  pNy2         1.49923e+00   constant   
  16  w_vw         1.43037e+01   constant   
  17  LM          -2.26665e-04   constant   
  18  wCBO_expCoeff   1.99999e+02   4.90885e-05   2.02776e-08   2.30109e+04
  19  wCBO_expOffset   2.00000e+02   4.66653e-05   2.22151e-08  -4.98669e+04
  20  wCBO_expT    3.00000e+01   9.54642e-06   4.63971e-09  -6.37981e+05
  21  wCBO_linCoeff   0.00000e+00   constant   
  22  wCBO_const  -2.94729e-03   1.71882e-03  -8.21278e-07   2.81402e+03
 MIGRAD FAILS TO FIND IMPROVEMENT
 FCN=456.072 FROM HESSE     STATUS=NOT POSDEF     31 CALLS        3044 TOTAL
                     EDM=8.70504    STRATEGY= 1      ERR MATRIX NOT POS-DEF
  EXT PARAMETER                APPROXIMATE        STEP         FIRST   
  NO.   NAME      VALUE            ERROR          SIZE      DERIVATIVE 
   1  N0           3.00156e+06     fixed    
   2  tau          6.44001e+01   constant   
   3  A0           3.50188e-01     fixed    
   4  phi          4.11461e+00     fixed    
   5  R           -6.22301e+01   constant   
   6  A_CBO        4.53309e-04     fixed    
   7  w_CBO        2.32603e+00     fixed    
   8  phi_CBO      1.42035e+00   3.63071e-01   3.69807e-03  -1.29620e+01
   9  ANx2         8.68669e-04   constant   
  10  pNx2         4.82289e+00   constant   
  11  ANy1         0.00000e+00   constant   
  12  pNy1         0.00000e+00   constant   
  13  w_y          0.00000e+00   constant   
  14  ANy2         3.83308e-04     fixed    
  15  pNy2         1.49923e+00   constant   
  16  w_vw         1.43037e+01   constant   
  17  LM          -2.26665e-04   constant   
  18  wCBO_expCoeff  -1.65747e+01   3.56758e-03   9.53671e-06   1.52993e+04
  19  wCBO_expOffset   4.48773e+02   6.25346e-01   4.84935e-04  -9.84618e+01
  20  wCBO_expT    2.57542e+03   4.71214e+00   3.70455e-03   1.26752e+01
  21  wCBO_linCoeff   0.00000e+00   constant   
  22  wCBO_const  -1.96400e+01   4.15384e-03   9.36508e-06   1.34513e+04
 MIGRAD MINIMIZATION HAS CONVERGED.
 MIGRAD WILL VERIFY CONVERGENCE AND ERROR MATRIX.
 FCN=394.973 FROM MIGRAD    STATUS=CONVERGED     325 CALLS        3279 TOTAL
                     EDM=3.32398e-07    STRATEGY= 1      ERR MATRIX NOT POS-DEF
  EXT PARAMETER                APPROXIMATE        STEP         FIRST   
  NO.   NAME      VALUE            ERROR          SIZE      DERIVATIVE 
   1  N0           3.00156e+06     fixed    
   2  tau          6.44001e+01   constant   
   3  A0           3.50188e-01     fixed    
   4  phi          4.11461e+00     fixed    
   5  R           -6.22301e+01   constant   
   6  A_CBO        4.53309e-04     fixed    
   7  w_CBO        2.32603e+00     fixed    
   8  phi_CBO      1.43141e+00   4.23928e-01   4.03328e-03   1.63371e-03
   9  ANx2         8.68669e-04   constant   
  10  pNx2         4.82289e+00   constant   
  11  ANy1         0.00000e+00   constant   
  12  pNy1         0.00000e+00   constant   
  13  w_y          0.00000e+00   constant   
  14  ANy2         3.83308e-04     fixed    
  15  pNy2         1.49923e+00   constant   
  16  w_vw         1.43037e+01   constant   
  17  LM          -2.26665e-04   constant   
  18  wCBO_expCoeff  -1.65964e+01   2.71171e-03   7.91377e-06  -2.76361e+00
  19  wCBO_expOffset   4.71731e+02   4.65771e-01   3.34933e-04   1.60196e-02
  20  wCBO_expT    2.86413e+03   3.73749e+00   2.71166e-03  -1.95950e-03
  21  wCBO_linCoeff   0.00000e+00   constant   
  22  wCBO_const  -1.97111e+01   3.06484e-03   9.39898e-06  -2.37880e+00
 EXTERNAL ERROR MATRIX.    NDIM=  25    NPAR=  5    ERR DEF=1
  1.797e-01  1.009e-05 -1.574e-03 -1.973e-02  1.480e-05 
  1.009e-05  7.353e-06  4.230e-04 -3.360e-03 -2.813e-06 
 -1.574e-03  4.230e-04  2.169e-01  5.696e-01  4.804e-04 
 -1.973e-02 -3.360e-03  5.696e-01  1.397e+01 -3.762e-03 
  1.480e-05 -2.813e-06  4.804e-04 -3.762e-03  9.393e-06 
ERR MATRIX NOT POS-DEF
 PARAMETER  CORRELATION COEFFICIENTS  
       NO.  GLOBAL      8     18     19     20     22
        8  0.21052   1.000  0.009 -0.008 -0.012  0.011
       18  0.99729   0.009  1.000  0.335 -0.332 -0.339
       19  0.99727  -0.008  0.335  1.000  0.327  0.337
       20  0.99722  -0.012 -0.332  0.327  1.000 -0.328
       22  0.99729   0.011 -0.339  0.337 -0.328  1.000
 ERR MATRIX NOT POS-DEF
MINUIT - FIT ONLY 1-y
 **********
 **   60 **RES 
 **********
                   PARAMETER   14  ANy2 RESTORED TO VARIABLE.
                   PARAMETER    7  w_CBO RESTORED TO VARIABLE.
                   PARAMETER    6  A_CBO RESTORED TO VARIABLE.
                   PARAMETER    4  phi RESTORED TO VARIABLE.
                   PARAMETER    3  A0 RESTORED TO VARIABLE.
                   PARAMETER    1  N0 RESTORED TO VARIABLE.
 **********
 **   61 **FIX            0
 **********
 PARAMETER    0  IS UNDEFINED. IGNORED.
 **********
 **   62 **FIX            1
 **********
 **********
 **   63 **FIX            2
 **********
 PARAMETER    2  IS CONSTANT.   IGNORED.
 **********
 **   64 **FIX            3
 **********
 **********
 **   65 **FIX            4
 **********
 **********
 **   66 **FIX            5
 **********
 PARAMETER    5  IS CONSTANT.   IGNORED.
 **********
 **   67 **FIX            6
 **********
 **********
 **   68 **FIX            7
 **********
 **********
 **   69 **FIX            8
 **********
 **********
 **   70 **FIX            9
 **********
 PARAMETER    9  IS CONSTANT.   IGNORED.
 **********
 **   71 **FIX           13
 **********
 PARAMETER   13  IS CONSTANT.   IGNORED.
 **********
 **   72 **FIX           14
 **********
 **********
 **   73 **FIX           15
 **********
 PARAMETER   15  IS CONSTANT.   IGNORED.
 **********
 **   74 **FIX           16
 **********
 PARAMETER   16  IS CONSTANT.   IGNORED.
 **********
 **   75 **MIGRAD
 **********
 START MIGRAD MINIMIZATION.  STRATEGY  1.  CONVERGENCE WHEN EDM .LT. 1.00e-04
 FCN=394.973 FROM MIGRAD    STATUS=INITIATE        8 CALLS        3287 TOTAL
                     EDM= unknown      STRATEGY= 1      NO ERROR MATRIX       
  EXT PARAMETER               CURRENT GUESS       STEP         FIRST   
  NO.   NAME      VALUE            ERROR          SIZE      DERIVATIVE 
   1  N0           3.00156e+06     fixed    
   2  tau          6.44001e+01   constant   
   3  A0           3.50188e-01     fixed    
   4  phi          4.11461e+00     fixed    
   5  R           -6.22301e+01   constant   
   6  A_CBO        4.53309e-04     fixed    
   7  w_CBO        2.32603e+00     fixed    
   8  phi_CBO      1.43141e+00     fixed    
   9  ANx2         8.68669e-04   constant   
  10  pNx2         4.82289e+00   constant   
  11  ANy1         0.00000e+00   constant   
  12  pNy1         0.00000e+00   constant   
  13  w_y          0.00000e+00   constant   
  14  ANy2         3.83308e-04     fixed    
  15  pNy2         1.49923e+00   constant   
  16  w_vw         1.43037e+01   constant   
  17  LM          -2.26665e-04   constant   
  18  wCBO_expCoeff  -1.65964e+01   2.71171e-03   7.91377e-06  -2.76070e+00
  19  wCBO_expOffset   4.71731e+02   4.65771e-01   3.34933e-04   1.60181e-02
  20  wCBO_expT    2.86413e+03   3.73749e+00   2.71166e-03  -1.95940e-03
  21  wCBO_linCoeff   0.00000e+00   constant   
  22  wCBO_const  -1.97111e+01   3.06484e-03   9.39898e-06  -2.37601e+00
 MIGRAD FAILS TO FIND IMPROVEMENT
 FCN=394.973 FROM HESSE     STATUS=NOT POSDEF     23 CALLS        3311 TOTAL
                     EDM=8.35371e-08    STRATEGY= 1      ERR MATRIX NOT POS-DEF
  EXT PARAMETER                APPROXIMATE        STEP         FIRST   
  NO.   NAME      VALUE            ERROR          SIZE      DERIVATIVE 
   1  N0           3.00156e+06     fixed    
   2  tau          6.44001e+01   constant   
   3  A0           3.50188e-01     fixed    
   4  phi          4.11461e+00     fixed    
   5  R           -6.22301e+01   constant   
   6  A_CBO        4.53309e-04     fixed    
   7  w_CBO        2.32603e+00     fixed    
   8  phi_CBO      1.43141e+00     fixed    
   9  ANx2         8.68669e-04   constant   
  10  pNx2         4.82289e+00   constant   
  11  ANy1         0.00000e+00   constant   
  12  pNy1         0.00000e+00   constant   
  13  w_y          0.00000e+00   constant   
  14  ANy2         3.83308e-04     fixed    
  15  pNy2         1.49923e+00   constant   
  16  w_vw         1.43037e+01   constant   
  17  LM          -2.26665e-04   constant   
  18  wCBO_expCoeff  -1.65964e+01   2.73108e-03   7.91377e-06  -2.76361e+00
  19  wCBO_expOffset   4.71731e+02   4.69058e-01   3.34953e-04   1.60196e-02
  20  wCBO_expT    2.86413e+03   3.76341e+00   2.71187e-03  -1.95950e-03
  21  wCBO_linCoeff   0.00000e+00   constant   
  22  wCBO_const  -1.97111e+01   3.08662e-03   9.39898e-06  -2.37880e+00
 MIGRAD MINIMIZATION HAS CONVERGED.
 MIGRAD WILL VERIFY CONVERGENCE AND ERROR MATRIX.
 FCN=394.973 FROM MIGRAD    STATUS=CONVERGED      70 CALLS        3349 TOTAL
                     EDM=1.72386e-08    STRATEGY= 1      ERR MATRIX NOT POS-DEF
  EXT PARAMETER                APPROXIMATE        STEP         FIRST   
  NO.   NAME      VALUE            ERROR          SIZE      DERIVATIVE 
   1  N0           3.00156e+06     fixed    
   2  tau          6.44001e+01   constant   
   3  A0           3.50188e-01     fixed    
   4  phi          4.11461e+00     fixed    
   5  R           -6.22301e+01   constant   
   6  A_CBO        4.53309e-04     fixed    
   7  w_CBO        2.32603e+00     fixed    
   8  phi_CBO      1.43141e+00     fixed    
   9  ANx2         8.68669e-04   constant   
  10  pNx2         4.82289e+00   constant   
  11  ANy1         0.00000e+00   constant   
  12  pNy1         0.00000e+00   constant   
  13  w_y          0.00000e+00   constant   
  14  ANy2         3.83308e-04     fixed    
  15  pNy2         1.49923e+00   constant   
  16  w_vw         1.43037e+01   constant   
  17  LM          -2.26665e-04   constant   
  18  wCBO_expCoeff  -1.65964e+01   2.73107e-03   7.91377e-06  -2.79087e-02
  19  wCBO_expOffset   4.71731e+02   4.69079e-01   3.34953e-04   1.61634e-04
  20  wCBO_expT    2.86413e+03   3.76346e+00   2.71187e-03  -7.63962e-07
  21  wCBO_linCoeff   0.00000e+00   constant   
  22  wCBO_const  -1.97111e+01   3.08659e-03   9.39898e-06   3.89917e-02
 EXTERNAL ERROR MATRIX.    NDIM=  25    NPAR=  4    ERR DEF=1
  7.459e-06  4.292e-04 -3.407e-03 -2.856e-06 
  4.292e-04  2.200e-01  5.775e-01  4.874e-04 
 -3.407e-03  5.775e-01  1.416e+01 -3.813e-03 
 -2.856e-06  4.874e-04 -3.813e-03  9.527e-06 
ERR MATRIX NOT POS-DEF
 PARAMETER  CORRELATION COEFFICIENTS  
       NO.  GLOBAL     18     19     20     22
       18  0.99733   1.000  0.335 -0.331 -0.339
       19  0.99731   0.335  1.000  0.327  0.337
       20  0.99726  -0.331  0.327  1.000 -0.328
       22  0.99733  -0.339  0.337 -0.328  1.000
 ERR MATRIX NOT POS-DEF
MINUIT - FIT ONLY 2-y
 **********
 **   76 **RES 
 **********
                   PARAMETER   14  ANy2 RESTORED TO VARIABLE.
                   PARAMETER    8  phi_CBO RESTORED TO VARIABLE.
                   PARAMETER    7  w_CBO RESTORED TO VARIABLE.
                   PARAMETER    6  A_CBO RESTORED TO VARIABLE.
                   PARAMETER    4  phi RESTORED TO VARIABLE.
                   PARAMETER    3  A0 RESTORED TO VARIABLE.
                   PARAMETER    1  N0 RESTORED TO VARIABLE.
 **********
 **   77 **FIX            0
 **********
 PARAMETER    0  IS UNDEFINED. IGNORED.
 **********
 **   78 **FIX            1
 **********
 **********
 **   79 **FIX            2
 **********
 PARAMETER    2  IS CONSTANT.   IGNORED.
 **********
 **   80 **FIX            3
 **********
 **********
 **   81 **FIX            4
 **********
 **********
 **   82 **FIX            5
 **********
 PARAMETER    5  IS CONSTANT.   IGNORED.
 **********
 **   83 **FIX            6
 **********
 **********
 **   84 **FIX            7
 **********
 **********
 **   85 **FIX            8
 **********
 **********
 **   86 **FIX            9
 **********
 PARAMETER    9  IS CONSTANT.   IGNORED.
 **********
 **   87 **FIX           10
 **********
 PARAMETER   10  IS CONSTANT.   IGNORED.
 **********
 **   88 **FIX           11
 **********
 PARAMETER   11  IS CONSTANT.   IGNORED.
 **********
 **   89 **FIX           12
 **********
 PARAMETER   12  IS CONSTANT.   IGNORED.
 **********
 **   90 **FIX           16
 **********
 PARAMETER   16  IS CONSTANT.   IGNORED.
 **********
 **   91 **MIGRAD
 **********
 START MIGRAD MINIMIZATION.  STRATEGY  1.  CONVERGENCE WHEN EDM .LT. 1.00e-04
 FCN=394.973 FROM MIGRAD    STATUS=INITIATE       10 CALLS        3359 TOTAL
                     EDM= unknown      STRATEGY= 1      NO ERROR MATRIX       
  EXT PARAMETER               CURRENT GUESS       STEP         FIRST   
  NO.   NAME      VALUE            ERROR          SIZE      DERIVATIVE 
   1  N0           3.00156e+06     fixed    
