 + ++++++++++++++++++++++++++++++++++++++++++++++++++++++++++++++++++++ +
 +                                                                      +
 +           You have chose to blind your fitting according to          +
 +                omega_ref * (1 + (R +/- deltaR) *10^{-6})             +
 +                                                                      +
 + ++++++++++++++++++++++++++++++++++++++++++++++++++++++++++++++++++++ +
In main()...
reading format from /gm2data/zkhechad/run45/envelope/formats/formatB_sBin_constraintOn.txt
pBinTau 	= 0  
pBinPhi 	= 0  
constraintau 	= 1 
includeMopTerm 	= 0    
constrainMop    = 0   
Parameters after format file: pBinTau 0 pBinPhi 0 constraintau 1 includeMopTerm 0 constrainMop 0 c_e_scale 0.000000 
reading cbo reference file (full fit) from /gm2data/zkhechad/cboTemplates/Run4CBOTemplates/fullFits/run4/sBin_constraintOn_cE0.0_seed0_run4_calo14.root
A_CBO 0.007725 w_CBO 2.327367 phi_CBO 5.940248 N0 3305546.525918 R -60.591491 tau 64.400381 
Reading cboRef file /gm2data/zkhechad/cboTemplates/Run4CBOTemplates//cboIsolate/run4_calo14.root
deltaT 164.120000
windowBins = 1100
fitting sliding window 2460 from bin 2663 at 397.319600 to bin 3763 at 561.439600 (1100 bins)

Reading data from /gm2data/cornell/histograms/aMethod/histogram_a_run4.root
fitting cbo isolate
 **********
 **    1 **SET PRINTOUT            1
 **********
 **********
 **    2 **SET NOWARNINGS 
 **********
 PARAMETER DEFINITIONS:
    NO.   NAME         VALUE      STEP SIZE      LIMITS
     1 A_CBO        7.72458e-03  1.00000e-05     no limits
     2 w_CBO        2.32737e+00  1.00000e-02    2.00000e+00  3.00000e+00
     3 phi_CBO      5.94025e+00  1.00000e-02    0.00000e+00  6.28319e+00
 **********
 **    3 **MIGRAD
 **********
 FIRST CALL TO USER FUNCTION AT NEW START POINT, WITH IFLAG=4.
 START MIGRAD MINIMIZATION.  STRATEGY  1.  CONVERGENCE WHEN EDM .LT. 1.00e-04
 FCN=0.313159 FROM MIGRAD    STATUS=INITIATE       12 CALLS          13 TOTAL
                     EDM= unknown      STRATEGY= 1      NO ERROR MATRIX       
  EXT PARAMETER               CURRENT GUESS       STEP         FIRST   
  NO.   NAME      VALUE            ERROR          SIZE      DERIVATIVE 
   1  A_CBO        7.72458e-03   1.00000e-05   1.00000e-05   6.83490e+00
   2  w_CBO        2.32737e+00   1.00000e-02   2.13128e-02   4.31841e+00
   3  phi_CBO      5.94025e+00   1.00000e-02   7.00705e-03  -2.62844e-02
 MIGRAD MINIMIZATION HAS CONVERGED.
 MIGRAD WILL VERIFY CONVERGENCE AND ERROR MATRIX.
 COVARIANCE MATRIX CALCULATED SUCCESSFULLY
 FCN=0.289325 FROM MIGRAD    STATUS=CONVERGED      59 CALLS          60 TOTAL
                     EDM=3.58278e-07    STRATEGY= 1      ERROR MATRIX ACCURATE 
  EXT PARAMETER                                   STEP         FIRST   
  NO.   NAME      VALUE            ERROR          SIZE      DERIVATIVE 
   1  A_CBO        2.62927e-03   4.26864e-02   2.36494e-05   5.48043e-03
   2  w_CBO        2.32592e+00   1.20990e-01   3.93844e-05   7.89753e-03
   3  phi_CBO      6.17294e+00   5.09187e+00   1.07635e-02  -3.52834e-05
 EXTERNAL ERROR MATRIX.    NDIM=  25    NPAR=  3    ERR DEF=1
  1.822e-03 -1.531e-04 -7.412e-02 
 -1.531e-04  1.498e-02  7.133e+00 
 -7.412e-02  7.133e+00  3.654e+03 
 PARAMETER  CORRELATION COEFFICIENTS  
       NO.  GLOBAL      1      2      3
        1  0.02936   1.000 -0.029 -0.029
        2  0.96426  -0.029  1.000  0.964
        3  0.96426  -0.029  0.964  1.000
setting A_CBO=0.002629 w_CBO=2.325917, phi_CBO=6.172945
done fitting cbo isolate
 **********
 **    1 **SET PRINTOUT            1
 **********
 **********
 **    2 **SET NOWARNINGS 
 **********
 PARAMETER DEFINITIONS:
    NO.   NAME         VALUE      STEP SIZE      LIMITS
     1 N0           3.30555e+06  1.00000e+02     no limits
     2 tau          6.44004e+01  constant
     3 A0           3.62072e-01  1.00000e-04     no limits
     4 phi          4.12124e+00  1.00000e-02     no limits
     5 R           -6.05915e+01  constant
     6 A_CBO        2.62927e-03  1.00000e-05     no limits
     7 w_CBO        2.32592e+00  1.00000e-03     no limits
     8 phi_CBO      6.17294e+00  1.00000e-04     no limits
     9 ANx2         3.16430e-04  constant
    10 pNx2         2.82055e+00  constant
    11 ANy1         0.00000e+00  constant
    12 pNy1         0.00000e+00  constant
    13 w_y          0.00000e+00  constant
    14 ANy2         7.39162e-03  1.00000e-04     no limits
    15 pNy2         2.23607e+00  constant
    16 w_vw         1.43191e+01  constant
    17 LM          -1.34420e-04  constant
    18 wCBO_expCoeff   2.00000e+02  1.00000e+00     no limits
    19 wCBO_expOffset   2.00000e+02  1.00000e+00     no limits
    20 wCBO_expT    3.00000e+01  1.00000e+00     no limits
    21 wCBO_linCoeff   0.00000e+00  constant
    22 wCBO_const   0.00000e+00  1.00000e-02     no limits
MINUIT - FIT ONLY WIGGLE
 **********
 **    3 **FIX            5
 **********
 PARAMETER    5  IS CONSTANT.   IGNORED.
 **********
 **    4 **FIX            6
 **********
 **********
 **    5 **FIX            7
 **********
 **********
 **    6 **FIX            8
 **********
 **********
 **    7 **FIX            9
 **********
 PARAMETER    9  IS CONSTANT.   IGNORED.
 **********
 **    8 **FIX           10
 **********
 PARAMETER   10  IS CONSTANT.   IGNORED.
 **********
 **    9 **FIX           11
 **********
 PARAMETER   11  IS CONSTANT.   IGNORED.
 **********
 **   10 **FIX           12
 **********
 PARAMETER   12  IS CONSTANT.   IGNORED.
 **********
 **   11 **FIX           13
 **********
 PARAMETER   13  IS CONSTANT.   IGNORED.
 **********
 **   12 **FIX           14
 **********
 **********
 **   13 **FIX           15
 **********
 PARAMETER   15  IS CONSTANT.   IGNORED.
 **********
 **   14 **FIX           16
 **********
 PARAMETER   16  IS CONSTANT.   IGNORED.
 **********
 **   15 **MIGRAD
 **********
 FIRST CALL TO USER FUNCTION AT NEW START POINT, WITH IFLAG=4.
 START MIGRAD MINIMIZATION.  STRATEGY  1.  CONVERGENCE WHEN EDM .LT. 1.00e-04
 FCN=348.072 FROM MIGRAD    STATUS=INITIATE       87 CALLS          88 TOTAL
                     EDM= unknown      STRATEGY= 1      NO ERROR MATRIX       
  EXT PARAMETER               CURRENT GUESS       STEP         FIRST   
  NO.   NAME      VALUE            ERROR          SIZE      DERIVATIVE 
   1  N0           3.30555e+06   1.00000e+02   0.00000e+00   9.91784e-05
   2  tau          6.44004e+01   constant   
   3  A0           3.62072e-01   1.00000e-04   0.00000e+00  -5.21603e+02
   4  phi          4.12124e+00   1.00000e-02   0.00000e+00   1.55436e+02
   5  R           -6.05915e+01   constant   
   6  A_CBO        2.62927e-03     fixed    
   7  w_CBO        2.32592e+00     fixed    
   8  phi_CBO      6.17294e+00     fixed    
   9  ANx2         3.16430e-04   constant   
  10  pNx2         2.82055e+00   constant   
  11  ANy1         0.00000e+00   constant   
  12  pNy1         0.00000e+00   constant   
  13  w_y          0.00000e+00   constant   
  14  ANy2         7.39162e-03     fixed    
  15  pNy2         2.23607e+00   constant   
  16  w_vw         1.43191e+01   constant   
  17  LM          -1.34420e-04   constant   
  18  wCBO_expCoeff   2.01465e+02   1.00000e+00   1.46494e+00  -8.09981e-02
  19  wCBO_expOffset   2.00000e+02   1.00000e+00   0.00000e+00  -5.43940e-01
  20  wCBO_expT    3.00000e+01   1.00000e+00   0.00000e+00   1.62991e-01
  21  wCBO_linCoeff   0.00000e+00   constant   
  22  wCBO_const  -1.92780e-03   1.00000e-02   0.00000e+00   2.69758e+03
 MIGRAD MINIMIZATION HAS CONVERGED.
 FCN=346.592 FROM MIGRAD    STATUS=CONVERGED     343 CALLS         344 TOTAL
                     EDM=2.54789e-07    STRATEGY= 1  ERROR MATRIX UNCERTAINTY   0.6 per cent
  EXT PARAMETER                                   STEP         FIRST   
  NO.   NAME      VALUE            ERROR          SIZE      DERIVATIVE 
   1  N0           3.30557e+06   2.32156e+03  -2.64690e+00   2.31681e-07
   2  tau          6.44004e+01   constant   
   3  A0           3.62076e-01   9.34489e-04   2.59742e-06   2.22992e-01
   4  phi          4.12037e+00   2.74835e-03   1.41816e-05   6.80010e-03
   5  R           -6.05915e+01   constant   
   6  A_CBO        2.62927e-03     fixed    
   7  w_CBO        2.32592e+00     fixed    
   8  phi_CBO      6.17294e+00     fixed    
   9  ANx2         3.16430e-04   constant   
  10  pNx2         2.82055e+00   constant   
  11  ANy1         0.00000e+00   constant   
  12  pNy1         0.00000e+00   constant   
  13  w_y          0.00000e+00   constant   
  14  ANy2         7.39162e-03     fixed    
  15  pNy2         2.23607e+00   constant   
  16  w_vw         1.43191e+01   constant   
  17  LM          -1.34420e-04   constant   
  18  wCBO_expCoeff   2.07612e+02   5.79519e+00   1.27871e-02   8.38543e-04
  19  wCBO_expOffset   2.02054e+02   1.98555e+00   1.24853e-02   5.89147e-03
  20  wCBO_expT    2.95638e+01   3.97061e-01  -2.13391e-03   4.15038e-02
  21  wCBO_linCoeff   0.00000e+00   constant   
  22  wCBO_const  -1.97033e-03   8.15838e-04   2.42152e-06   1.81192e+00
 EXTERNAL ERROR MATRIX.    NDIM=  25    NPAR=  7    ERR DEF=1
  5.390e+06  6.361e-02 -7.942e-02 -3.979e+03  5.708e+01  7.886e+01 -7.353e-02 
  6.361e-02  8.733e-07 -5.695e-08 -1.927e-03  1.875e-04  1.414e-05 -1.327e-08 
 -7.942e-02 -5.695e-08  7.553e-06 -2.059e-03  1.076e-03 -1.221e-04  2.598e-07 
 -3.979e+03 -1.927e-03 -2.059e-03  3.358e+01  7.903e+00 -1.954e+00  3.409e-03 
  5.708e+01  1.875e-04  1.076e-03  7.903e+00  3.942e+00 -7.615e-01  1.090e-03 
  7.886e+01  1.414e-05 -1.221e-04 -1.954e+00 -7.615e-01  1.577e-01 -2.457e-04 
 -7.353e-02 -1.327e-08  2.598e-07  3.409e-03  1.090e-03 -2.457e-04  6.656e-07 
 PARAMETER  CORRELATION COEFFICIENTS  
       NO.  GLOBAL      1      3      4     18     19     20     22
        1  0.92662   1.000  0.029 -0.012 -0.296  0.012  0.086 -0.039
        3  0.96491   0.029  1.000 -0.022 -0.356  0.101  0.038 -0.017
        4  0.94834  -0.012 -0.022  1.000 -0.129  0.197 -0.112  0.116
       18  0.99958  -0.296 -0.356 -0.129  1.000  0.687 -0.849  0.721
       19  0.99984   0.012  0.101  0.197  0.687  1.000 -0.966  0.673
       20  0.99993   0.086  0.038 -0.112 -0.849 -0.966  1.000 -0.758
       22  0.88614  -0.039 -0.017  0.116  0.721  0.673 -0.758  1.000
MINUIT - FIT ONLY 1-CBO + other amplitudes 
 **********
 **   16 **RES 
 **********
                   PARAMETER   14  ANy2 RESTORED TO VARIABLE.
                   PARAMETER    8  phi_CBO RESTORED TO VARIABLE.
                   PARAMETER    7  w_CBO RESTORED TO VARIABLE.
                   PARAMETER    6  A_CBO RESTORED TO VARIABLE.
 **********
 **   17 **FIX            0
 **********
 PARAMETER    0  IS UNDEFINED. IGNORED.
 **********
 **   18 **FIX            1
 **********
 **********
 **   19 **FIX            2
 **********
 PARAMETER    2  IS CONSTANT.   IGNORED.
 **********
 **   20 **FIX            3
 **********
 **********
 **   21 **FIX            4
 **********
 **********
 **   22 **FIX            9
 **********
 PARAMETER    9  IS CONSTANT.   IGNORED.
 **********
 **   23 **FIX           11
 **********
 PARAMETER   11  IS CONSTANT.   IGNORED.
 **********
 **   24 **FIX           12
 **********
 PARAMETER   12  IS CONSTANT.   IGNORED.
 **********
 **   25 **FIX           14
 **********
 **********
 **   26 **FIX           15
 **********
 PARAMETER   15  IS CONSTANT.   IGNORED.
 **********
 **   27 **FIX           16
 **********
 PARAMETER   16  IS CONSTANT.   IGNORED.
 **********
 **   28 **MIGRAD
 **********
 START MIGRAD MINIMIZATION.  STRATEGY  1.  CONVERGENCE WHEN EDM .LT. 1.00e-04
 FCN=346.592 FROM MIGRAD    STATUS=INITIATE       18 CALLS         362 TOTAL
                     EDM= unknown      STRATEGY= 1      NO ERROR MATRIX       
  EXT PARAMETER               CURRENT GUESS       STEP         FIRST   
  NO.   NAME      VALUE            ERROR          SIZE      DERIVATIVE 
   1  N0           3.30557e+06     fixed    
   2  tau          6.44004e+01   constant   
   3  A0           3.62076e-01     fixed    
   4  phi          4.12037e+00     fixed    
   5  R           -6.05915e+01   constant   
   6  A_CBO        2.62927e-03   1.00000e-05   1.00000e-05   2.08753e+03
   7  w_CBO        2.32592e+00   1.00000e-03   1.00000e-03   8.50072e-01
   8  phi_CBO      6.17294e+00   1.00000e-04   1.00000e-04   2.27415e-01
   9  ANx2         3.16430e-04   constant   
  10  pNx2         2.82055e+00   constant   
  11  ANy1         0.00000e+00   constant   
  12  pNy1         0.00000e+00   constant   
  13  w_y          0.00000e+00   constant   
  14  ANy2         7.39162e-03     fixed    
  15  pNy2         2.23607e+00   constant   
  16  w_vw         1.43191e+01   constant   
  17  LM          -1.34420e-04   constant   
  18  wCBO_expCoeff   2.07612e+02   5.79519e+00   1.27871e-02   8.38540e-04
  19  wCBO_expOffset   2.02054e+02   1.98555e+00   1.24853e-02   5.89144e-03
  20  wCBO_expT    2.95638e+01   3.97061e-01  -2.13391e-03   4.15036e-02
  21  wCBO_linCoeff   0.00000e+00   constant   
  22  wCBO_const  -1.97033e-03   8.15838e-04   2.42152e-06   1.81193e+00
 MIGRAD MINIMIZATION HAS CONVERGED.
 MIGRAD WILL VERIFY CONVERGENCE AND ERROR MATRIX.
 FCN=345.487 FROM MIGRAD    STATUS=CONVERGED     202 CALLS         546 TOTAL
                     EDM=9.77145e-08    STRATEGY= 1      ERR MATRIX NOT POS-DEF
  EXT PARAMETER                APPROXIMATE        STEP         FIRST   
  NO.   NAME      VALUE            ERROR          SIZE      DERIVATIVE 
   1  N0           3.30557e+06     fixed    
   2  tau          6.44004e+01   constant   
   3  A0           3.62076e-01     fixed    
   4  phi          4.12037e+00     fixed    
   5  R           -6.05915e+01   constant   
   6  A_CBO        1.60088e-03   9.85328e-04   8.96304e-06  -9.79017e-02
   7  w_CBO        2.32556e+00   8.92783e-03   9.80366e-06  -3.73265e-01
   8  phi_CBO      5.93933e+00   1.27044e+00   5.85067e-03   5.47108e-04
   9  ANx2         3.16430e-04   constant   
  10  pNx2         2.82055e+00   constant   
  11  ANy1         0.00000e+00   constant   
  12  pNy1         0.00000e+00   constant   
  13  w_y          0.00000e+00   constant   
  14  ANy2         7.39162e-03     fixed    
  15  pNy2         2.23607e+00   constant   
  16  w_vw         1.43191e+01   constant   
  17  LM          -1.34420e-04   constant   
  18  wCBO_expCoeff   2.06305e+02   9.81347e+00   7.87522e-03  -3.14472e-04
  19  wCBO_expOffset   2.01868e+02   1.40997e+00   1.13071e-03  -2.19013e-03
  20  wCBO_expT    2.96210e+01   1.93449e-01   1.63886e-04  -1.66452e-02
  21  wCBO_linCoeff   0.00000e+00   constant   
  22  wCBO_const  -2.05459e-03   3.83217e-03   4.54848e-06  -8.04793e-01
 EXTERNAL ERROR MATRIX.    NDIM=  25    NPAR=  7    ERR DEF=1
  9.709e-07 -1.532e-08 -3.354e-05 -1.425e-05 -2.075e-06 -7.547e-07 -1.326e-08 
 -1.532e-08  7.971e-05  1.196e-03 -5.726e-04 -8.496e-05 -1.350e-04 -3.280e-05 
 -3.354e-05  1.196e-03  1.614e+00  1.063e+00  1.532e-01 -4.316e-02  5.389e-04 
 -1.425e-05 -5.726e-04  1.063e+00  9.630e+01 -8.044e+00 -8.566e-01  2.052e-03 
 -2.075e-06 -8.496e-05  1.532e-01 -8.044e+00  1.988e+00 -1.234e-01  2.965e-04 
 -7.547e-07 -1.350e-04 -4.316e-02 -8.566e-01 -1.234e-01  3.742e-02 -3.023e-05 
 -1.326e-08 -3.280e-05  5.389e-04  2.052e-03  2.965e-04 -3.023e-05  1.469e-05 
ERR MATRIX NOT POS-DEF
 PARAMETER  CORRELATION COEFFICIENTS  
       NO.  GLOBAL      6      7      8     18     19     20     22
        6  0.07611   1.000 -0.002 -0.027 -0.001 -0.001 -0.004 -0.004
        7  0.99273  -0.002  1.000  0.105 -0.007 -0.007 -0.078 -0.959
        8  0.86333  -0.027  0.105  1.000  0.085  0.086 -0.176  0.111
       18  0.99613  -0.001 -0.007  0.085  1.000 -0.581 -0.451  0.055
       19  0.99613  -0.001 -0.007  0.086 -0.581  1.000 -0.452  0.055
       20  0.99568  -0.004 -0.078 -0.176 -0.451 -0.452  1.000 -0.041
       22  0.99150  -0.004 -0.959  0.111  0.055  0.055 -0.041  1.000
 ERR MATRIX NOT POS-DEF
MINUIT - FIT ONLY 1-CBO
 **********
 **   29 **RES 
 **********
                   PARAMETER   14  ANy2 RESTORED TO VARIABLE.
                   PARAMETER    4  phi RESTORED TO VARIABLE.
                   PARAMETER    3  A0 RESTORED TO VARIABLE.
                   PARAMETER    1  N0 RESTORED TO VARIABLE.
 **********
 **   30 **FIX            0
 **********
 PARAMETER    0  IS UNDEFINED. IGNORED.
 **********
 **   31 **FIX            1
 **********
 **********
 **   32 **FIX            2
 **********
 PARAMETER    2  IS CONSTANT.   IGNORED.
 **********
 **   33 **FIX            3
 **********
 **********
 **   34 **FIX            4
 **********
 **********
 **   35 **FIX            8
 **********
 **********
 **   36 **FIX            9
 **********
 PARAMETER    9  IS CONSTANT.   IGNORED.
 **********
 **   37 **FIX           11
 **********
 PARAMETER   11  IS CONSTANT.   IGNORED.
 **********
 **   38 **FIX           12
 **********
 PARAMETER   12  IS CONSTANT.   IGNORED.
 **********
 **   39 **FIX           13
 **********
 PARAMETER   13  IS CONSTANT.   IGNORED.
 **********
 **   40 **FIX           15
 **********
 PARAMETER   15  IS CONSTANT.   IGNORED.
 **********
 **   41 **FIX           16
 **********
 PARAMETER   16  IS CONSTANT.   IGNORED.
 **********
 **   42 **MIGRAD
 **********
 START MIGRAD MINIMIZATION.  STRATEGY  1.  CONVERGENCE WHEN EDM .LT. 1.00e-04
 FCN=345.487 FROM MIGRAD    STATUS=INITIATE       16 CALLS         562 TOTAL
                     EDM= unknown      STRATEGY= 1      NO ERROR MATRIX       
  EXT PARAMETER               CURRENT GUESS       STEP         FIRST   
  NO.   NAME      VALUE            ERROR          SIZE      DERIVATIVE 
   1  N0           3.30557e+06     fixed    
   2  tau          6.44004e+01   constant   
   3  A0           3.62076e-01     fixed    
   4  phi          4.12037e+00     fixed    
   5  R           -6.05915e+01   constant   
   6  A_CBO        1.60088e-03   9.85328e-04   8.96304e-06  -9.79016e-02
   7  w_CBO        2.32556e+00   8.92783e-03   9.80366e-06  -3.74760e-01
   8  phi_CBO      5.93933e+00     fixed    
   9  ANx2         3.16430e-04   constant   
  10  pNx2         2.82055e+00   constant   
  11  ANy1         0.00000e+00   constant   
  12  pNy1         0.00000e+00   constant   
  13  w_y          0.00000e+00   constant   
  14  ANy2         7.39162e-03   1.00000e-04   1.00000e-04   1.22727e+04
  15  pNy2         2.23607e+00   constant   
  16  w_vw         1.43191e+01   constant   
  17  LM          -1.34420e-04   constant   
  18  wCBO_expCoeff   2.06305e+02   9.81347e+00   7.87522e-03  -3.06497e-04
  19  wCBO_expOffset   2.01868e+02   1.40997e+00   1.13071e-03  -2.13191e-03
  20  wCBO_expT    2.96210e+01   1.93449e-01   1.63886e-04  -1.62946e-02
  21  wCBO_linCoeff   0.00000e+00   constant   
  22  wCBO_const  -2.05459e-03   3.83217e-03   4.54848e-06  -8.09125e-01
 MIGRAD MINIMIZATION HAS CONVERGED.
 MIGRAD WILL VERIFY CONVERGENCE AND ERROR MATRIX.
 FCN=307.281 FROM HESSE     STATUS=NOT POSDEF     50 CALLS         659 TOTAL
                     EDM=9.27427e-05    STRATEGY= 1      ERR MATRIX NOT POS-DEF
  EXT PARAMETER                APPROXIMATE        STEP         FIRST   
  NO.   NAME      VALUE            ERROR          SIZE      DERIVATIVE 
   1  N0           3.30557e+06     fixed    
   2  tau          6.44004e+01   constant   
   3  A0           3.62076e-01     fixed    
   4  phi          4.12037e+00     fixed    
   5  R           -6.05915e+01   constant   
   6  A_CBO        1.59087e-03   9.85670e-04   8.45650e-06  -3.63892e+00
   7  w_CBO        2.32556e+00   9.45893e-03   9.20511e-06  -4.99171e-01
   8  phi_CBO      5.93933e+00     fixed    
   9  ANx2         3.16430e-04   constant   
  10  pNx2         2.82055e+00   constant   
  11  ANy1         0.00000e+00   constant   
  12  pNy1         0.00000e+00   constant   
  13  w_y          0.00000e+00   constant   
  14  ANy2         1.16541e-03   1.00407e-03   8.63562e-06  -2.93838e-03
  15  pNy2         2.23607e+00   constant   
  16  w_vw         1.43191e+01   constant   
  17  LM          -1.34420e-04   constant   
  18  wCBO_expCoeff   2.06294e+02   1.03334e+01   7.30568e-03   1.71222e-03
  19  wCBO_expOffset   2.01867e+02   1.48443e+00   1.04896e-03   1.19248e-02
  20  wCBO_expT    2.96208e+01   1.99802e-01   1.52296e-04  -1.75863e-02
  21  wCBO_linCoeff   0.00000e+00   constant   
  22  wCBO_const  -2.05070e-03   4.05728e-03   4.27529e-06  -1.51716e+00
 MIGRAD MINIMIZATION HAS CONVERGED.
 MIGRAD WILL VERIFY CONVERGENCE AND ERROR MATRIX.
 FCN=307.28 FROM MIGRAD    STATUS=CONVERGED     205 CALLS         751 TOTAL
                     EDM=1.63852e-09    STRATEGY= 1      ERR MATRIX NOT POS-DEF
  EXT PARAMETER                APPROXIMATE        STEP         FIRST   
  NO.   NAME      VALUE            ERROR          SIZE      DERIVATIVE 
   1  N0           3.30557e+06     fixed    
   2  tau          6.44004e+01   constant   
   3  A0           3.62076e-01     fixed    
   4  phi          4.12037e+00     fixed    
   5  R           -6.05915e+01   constant   
   6  A_CBO        1.59240e-03   9.84851e-04   8.45061e-06  -3.86400e-02
   7  w_CBO        2.32553e+00   9.43986e-03   9.22778e-06  -1.42268e-02
   8  phi_CBO      5.93933e+00     fixed    
   9  ANx2         3.16430e-04   constant   
  10  pNx2         2.82055e+00   constant   
  11  ANy1         0.00000e+00   constant   
  12  pNy1         0.00000e+00   constant   
  13  w_y          0.00000e+00   constant   
  14  ANy2         1.16533e-03   1.00407e-03   8.63562e-06  -4.75581e-06
  15  pNy2         2.23607e+00   constant   
  16  w_vw         1.43191e+01   constant   
  17  LM          -1.34420e-04   constant   
  18  wCBO_expCoeff   2.06064e+02   1.03352e+01   7.31433e-03  -1.19858e-05
  19  wCBO_expOffset   2.01834e+02   1.48710e+00   1.05151e-03  -8.33482e-05
  20  wCBO_expT    2.96308e+01   2.00253e-01   1.52730e-04  -8.04456e-04
  21  wCBO_linCoeff   0.00000e+00   constant   
  22  wCBO_const  -2.05430e-03   4.04919e-03   4.28533e-06  -3.06773e-02
 EXTERNAL ERROR MATRIX.    NDIM=  25    NPAR=  7    ERR DEF=1
  9.699e-07  1.119e-08  8.917e-10  4.976e-06  7.082e-07 -1.523e-06 -1.461e-09 
  1.119e-08  8.911e-05 -3.697e-10 -1.568e-03 -2.292e-04 -1.137e-04 -3.760e-05 
  8.917e-10 -3.697e-10  1.008e-06  8.650e-06  1.249e-06 -2.672e-07 -4.977e-10 
  4.976e-06 -1.568e-03  8.650e-06  1.068e+02 -9.221e+00 -9.134e-01  1.923e-03 
  7.082e-07 -2.292e-04  1.249e-06 -9.221e+00  2.211e+00 -1.318e-01  2.785e-04 
 -1.523e-06 -1.137e-04 -2.672e-07 -9.134e-01 -1.318e-01  4.010e-02 -1.726e-05 
 -1.461e-09 -3.760e-05 -4.977e-10  1.923e-03  2.785e-04 -1.726e-05  1.640e-05 
ERR MATRIX NOT POS-DEF
 PARAMETER  CORRELATION COEFFICIENTS  
       NO.  GLOBAL      6      7     14     18     19     20     22
        6  0.06950   1.000  0.001  0.001  0.000  0.000 -0.008 -0.000
        7  0.99350   0.001  1.000 -0.000 -0.016 -0.016 -0.060 -0.984
       14  0.00511   0.001 -0.000  1.000  0.001  0.001 -0.001 -0.000
       18  0.99660   0.000 -0.016  0.001  1.000 -0.600 -0.441  0.046
       19  0.99661   0.000 -0.016  0.001 -0.600  1.000 -0.442  0.046
       20  0.99605  -0.008 -0.060 -0.001 -0.441 -0.442  1.000 -0.021
       22  0.99238  -0.000 -0.984 -0.000  0.046  0.046 -0.021  1.000
 ERR MATRIX NOT POS-DEF
MINUIT - FIT ONLY 2-CBO
 **********
 **   43 **RES 
 **********
                   PARAMETER    8  phi_CBO RESTORED TO VARIABLE.
                   PARAMETER    4  phi RESTORED TO VARIABLE.
                   PARAMETER    3  A0 RESTORED TO VARIABLE.
                   PARAMETER    1  N0 RESTORED TO VARIABLE.
 **********
 **   44 **FIX            0
 **********
 PARAMETER    0  IS UNDEFINED. IGNORED.
 **********
 **   45 **FIX            1
 **********
 **********
 **   46 **FIX            2
 **********
 PARAMETER    2  IS CONSTANT.   IGNORED.
 **********
 **   47 **FIX            3
 **********
 **********
 **   48 **FIX            4
 **********
 **********
 **   49 **FIX            5
 **********
 PARAMETER    5  IS CONSTANT.   IGNORED.
 **********
 **   50 **FIX            6
 **********
 **********
 **   51 **FIX            7
 **********
 **********
 **   52 **FIX           10
 **********
 PARAMETER   10  IS CONSTANT.   IGNORED.
 **********
 **   53 **FIX           11
 **********
 PARAMETER   11  IS CONSTANT.   IGNORED.
 **********
 **   54 **FIX           12
 **********
 PARAMETER   12  IS CONSTANT.   IGNORED.
 **********
 **   55 **FIX           13
 **********
 PARAMETER   13  IS CONSTANT.   IGNORED.
 **********
 **   56 **FIX           14
 **********
 **********
 **   57 **FIX           15
 **********
 PARAMETER   15  IS CONSTANT.   IGNORED.
 **********
 **   58 **FIX           16
 **********
 PARAMETER   16  IS CONSTANT.   IGNORED.
 **********
 **   59 **MIGRAD
 **********
 START MIGRAD MINIMIZATION.  STRATEGY  1.  CONVERGENCE WHEN EDM .LT. 1.00e-04
 FCN=307.28 FROM MIGRAD    STATUS=INITIATE       10 CALLS         761 TOTAL
                     EDM= unknown      STRATEGY= 1      NO ERROR MATRIX       
  EXT PARAMETER               CURRENT GUESS       STEP         FIRST   
  NO.   NAME      VALUE            ERROR          SIZE      DERIVATIVE 
   1  N0           3.30557e+06     fixed    
   2  tau          6.44004e+01   constant   
   3  A0           3.62076e-01     fixed    
   4  phi          4.12037e+00     fixed    
   5  R           -6.05915e+01   constant   
   6  A_CBO        1.59240e-03     fixed    
   7  w_CBO        2.32553e+00     fixed    
   8  phi_CBO      5.93933e+00   1.27044e+00   1.27044e+00   1.17839e-02
   9  ANx2         3.16430e-04   constant   
  10  pNx2         2.82055e+00   constant   
  11  ANy1         0.00000e+00   constant   
  12  pNy1         0.00000e+00   constant   
  13  w_y          0.00000e+00   constant   
  14  ANy2         1.16533e-03     fixed    
  15  pNy2         2.23607e+00   constant   
  16  w_vw         1.43191e+01   constant   
  17  LM          -1.34420e-04   constant   
  18  wCBO_expCoeff   2.06064e+02   1.03352e+01   7.31433e-03  -1.08639e-05
  19  wCBO_expOffset   2.01834e+02   1.48710e+00   1.05151e-03  -7.51582e-05
  20  wCBO_expT    2.96308e+01   2.00253e-01   1.52730e-04  -7.54795e-04
  21  wCBO_linCoeff   0.00000e+00   constant   
  22  wCBO_const  -2.05430e-03   4.04919e-03   4.28533e-06  -3.13375e-02
 MIGRAD MINIMIZATION HAS CONVERGED.
 MIGRAD WILL VERIFY CONVERGENCE AND ERROR MATRIX.
 FCN=307.28 FROM MIGRAD    STATUS=CONVERGED      82 CALLS         833 TOTAL
                     EDM=3.94482e-06    STRATEGY= 1      ERR MATRIX NOT POS-DEF
  EXT PARAMETER                APPROXIMATE        STEP         FIRST   
  NO.   NAME      VALUE            ERROR          SIZE      DERIVATIVE 
   1  N0           3.30557e+06     fixed    
   2  tau          6.44004e+01   constant   
   3  A0           3.62076e-01     fixed    
   4  phi          4.12037e+00     fixed    
   5  R           -6.05915e+01   constant   
   6  A_CBO        1.59240e-03     fixed    
   7  w_CBO        2.32553e+00     fixed    
   8  phi_CBO      5.93000e+00   1.25275e+00   5.54920e-03   4.28496e-05
   9  ANx2         3.16430e-04   constant   
  10  pNx2         2.82055e+00   constant   
  11  ANy1         0.00000e+00   constant   
  12  pNy1         0.00000e+00   constant   
  13  w_y          0.00000e+00   constant   
  14  ANy2         1.16533e-03     fixed    
  15  pNy2         2.23607e+00   constant   
  16  w_vw         1.43191e+01   constant   
  17  LM          -1.34420e-04   constant   
  18  wCBO_expCoeff   2.06064e+02   1.05920e+01   7.33007e-03  -1.85079e-06
  19  wCBO_expOffset   2.01834e+02   1.52415e+00   1.05403e-03  -1.28595e-05
  20  wCBO_expT    2.96308e+01   2.06283e-01   1.53090e-04  -1.39348e-02
  21  wCBO_linCoeff   0.00000e+00   constant   
  22  wCBO_const  -2.06001e-03   1.09426e-03   4.29235e-06  -1.26520e-01
 EXTERNAL ERROR MATRIX.    NDIM=  25    NPAR=  5    ERR DEF=1
  1.569e+00  1.097e+00  1.583e-01 -4.318e-02  1.020e-03 
  1.097e+00  1.122e+02 -9.565e+00 -9.780e-01  2.024e-03 
  1.583e-01 -9.565e+00  2.323e+00 -1.411e-01  2.919e-04 
 -4.318e-02 -9.780e-01 -1.411e-01  4.255e-02 -9.546e-05 
  1.020e-03  2.024e-03  2.919e-04 -9.546e-05  1.197e-06 
ERR MATRIX NOT POS-DEF
 PARAMETER  CORRELATION COEFFICIENTS  
       NO.  GLOBAL      8     18     19     20     22
        8  0.85715   1.000  0.083  0.083 -0.167  0.744
       18  0.99676   0.083  1.000 -0.593 -0.448  0.175
       19  0.99676   0.083 -0.593  1.000 -0.449  0.175
       20  0.99627  -0.167 -0.448 -0.449  1.000 -0.423
       22  0.88997   0.744  0.175  0.175 -0.423  1.000
 ERR MATRIX NOT POS-DEF
MINUIT - FIT ONLY 1-y
 **********
 **   60 **RES 
 **********
                   PARAMETER   14  ANy2 RESTORED TO VARIABLE.
                   PARAMETER    7  w_CBO RESTORED TO VARIABLE.
                   PARAMETER    6  A_CBO RESTORED TO VARIABLE.
                   PARAMETER    4  phi RESTORED TO VARIABLE.
                   PARAMETER    3  A0 RESTORED TO VARIABLE.
                   PARAMETER    1  N0 RESTORED TO VARIABLE.
 **********
 **   61 **FIX            0
 **********
 PARAMETER    0  IS UNDEFINED. IGNORED.
 **********
 **   62 **FIX            1
 **********
 **********
 **   63 **FIX            2
 **********
 PARAMETER    2  IS CONSTANT.   IGNORED.
 **********
 **   64 **FIX            3
 **********
 **********
 **   65 **FIX            4
 **********
 **********
 **   66 **FIX            5
 **********
 PARAMETER    5  IS CONSTANT.   IGNORED.
 **********
 **   67 **FIX            6
 **********
 **********
 **   68 **FIX            7
 **********
 **********
 **   69 **FIX            8
 **********
 **********
 **   70 **FIX            9
 **********
 PARAMETER    9  IS CONSTANT.   IGNORED.
 **********
 **   71 **FIX           13
 **********
 PARAMETER   13  IS CONSTANT.   IGNORED.
 **********
 **   72 **FIX           14
 **********
 **********
 **   73 **FIX           15
 **********
 PARAMETER   15  IS CONSTANT.   IGNORED.
 **********
 **   74 **FIX           16
 **********
 PARAMETER   16  IS CONSTANT.   IGNORED.
 **********
 **   75 **MIGRAD
 **********
 START MIGRAD MINIMIZATION.  STRATEGY  1.  CONVERGENCE WHEN EDM .LT. 1.00e-04
 FCN=307.28 FROM MIGRAD    STATUS=INITIATE        8 CALLS         841 TOTAL
                     EDM= unknown      STRATEGY= 1      NO ERROR MATRIX       
  EXT PARAMETER               CURRENT GUESS       STEP         FIRST   
  NO.   NAME      VALUE            ERROR          SIZE      DERIVATIVE 
   1  N0           3.30557e+06     fixed    
   2  tau          6.44004e+01   constant   
   3  A0           3.62076e-01     fixed    
   4  phi          4.12037e+00     fixed    
   5  R           -6.05915e+01   constant   
   6  A_CBO        1.59240e-03     fixed    
   7  w_CBO        2.32553e+00     fixed    
   8  phi_CBO      5.93000e+00     fixed    
   9  ANx2         3.16430e-04   constant   
  10  pNx2         2.82055e+00   constant   
  11  ANy1         0.00000e+00   constant   
  12  pNy1         0.00000e+00   constant   
  13  w_y          0.00000e+00   constant   
  14  ANy2         1.16533e-03     fixed    
  15  pNy2         2.23607e+00   constant   
  16  w_vw         1.43191e+01   constant   
  17  LM          -1.34420e-04   constant   
  18  wCBO_expCoeff   2.06064e+02   1.05920e+01   7.33007e-03  -7.14684e-07
  19  wCBO_expOffset   2.01834e+02   1.52415e+00   1.05403e-03  -4.57315e-06
  20  wCBO_expT    2.96308e+01   2.06283e-01   1.53090e-04  -1.36291e-02
  21  wCBO_linCoeff   0.00000e+00   constant   
  22  wCBO_const  -2.06001e-03   1.09426e-03   4.29235e-06  -1.30350e-01
 MIGRAD MINIMIZATION HAS CONVERGED.
 MIGRAD WILL VERIFY CONVERGENCE AND ERROR MATRIX.
 FCN=307.28 FROM MIGRAD    STATUS=CONVERGED      43 CALLS         876 TOTAL
                     EDM=4.33855e-06    STRATEGY= 1      ERR MATRIX NOT POS-DEF
  EXT PARAMETER                APPROXIMATE        STEP         FIRST   
  NO.   NAME      VALUE            ERROR          SIZE      DERIVATIVE 
   1  N0           3.30557e+06     fixed    
   2  tau          6.44004e+01   constant   
   3  A0           3.62076e-01     fixed    
   4  phi          4.12037e+00     fixed    
   5  R           -6.05915e+01   constant   
   6  A_CBO        1.59240e-03     fixed    
   7  w_CBO        2.32553e+00     fixed    
   8  phi_CBO      5.93000e+00     fixed    
   9  ANx2         3.16430e-04   constant   
  10  pNx2         2.82055e+00   constant   
  11  ANy1         0.00000e+00   constant   
  12  pNy1         0.00000e+00   constant   
  13  w_y          0.00000e+00   constant   
  14  ANy2         1.16533e-03     fixed    
  15  pNy2         2.23607e+00   constant   
  16  w_vw         1.43191e+01   constant   
  17  LM          -1.34420e-04   constant   
  18  wCBO_expCoeff   2.06064e+02   1.13426e+01   7.33182e-03   2.53966e-04
  19  wCBO_expOffset   2.01834e+02   1.63222e+00   1.05428e-03   1.76627e-03
  20  wCBO_expT    2.96308e+01   2.15432e-01   1.53117e-04  -1.60436e-03
  21  wCBO_linCoeff   0.00000e+00   constant   
  22  wCBO_const  -2.05999e-03   7.40114e-04   4.29152e-06   2.25891e-01
 EXTERNAL ERROR MATRIX.    NDIM=  25    NPAR=  4    ERR DEF=1
  1.287e+02 -1.139e+01 -1.064e+00  1.493e-03 
 -1.139e+01  2.664e+00 -1.535e-01  2.153e-04 
 -1.064e+00 -1.535e-01  4.641e-02 -7.531e-05 
  1.493e-03  2.153e-04 -7.531e-05  5.478e-07 
ERR MATRIX NOT POS-DEF
 PARAMETER  CORRELATION COEFFICIENTS  
       NO.  GLOBAL     18     19     20     22
       18  0.99717   1.000 -0.615 -0.435  0.178
       19  0.99717  -0.615  1.000 -0.437  0.178
       20  0.99658  -0.435 -0.437  1.000 -0.472
       22  0.73834   0.178  0.178 -0.472  1.000
 ERR MATRIX NOT POS-DEF
MINUIT - FIT ONLY 2-y
 **********
 **   76 **RES 
 **********
                   PARAMETER   14  ANy2 RESTORED TO VARIABLE.
                   PARAMETER    8  phi_CBO RESTORED TO VARIABLE.
                   PARAMETER    7  w_CBO RESTORED TO VARIABLE.
                   PARAMETER    6  A_CBO RESTORED TO VARIABLE.
                   PARAMETER    4  phi RESTORED TO VARIABLE.
                   PARAMETER    3  A0 RESTORED TO VARIABLE.
                   PARAMETER    1  N0 RESTORED TO VARIABLE.
 **********
 **   77 **FIX            0
 **********
 PARAMETER    0  IS UNDEFINED. IGNORED.
 **********
 **   78 **FIX            1
 **********
 **********
 **   79 **FIX            2
 **********
 PARAMETER    2  IS CONSTANT.   IGNORED.
 **********
 **   80 **FIX            3
 **********
 **********
 **   81 **FIX            4
 **********
 **********
 **   82 **FIX            5
 **********
 PARAMETER    5  IS CONSTANT.   IGNORED.
 **********
 **   83 **FIX            6
 **********
 **********
 **   84 **FIX            7
 **********
 **********
 **   85 **FIX            8
 **********
 **********
 **   86 **FIX            9
 **********
 PARAMETER    9  IS CONSTANT.   IGNORED.
 **********
 **   87 **FIX           10
 **********
 PARAMETER   10  IS CONSTANT.   IGNORED.
 **********
 **   88 **FIX           11
 **********
 PARAMETER   11  IS CONSTANT.   IGNORED.
 **********
 **   89 **FIX           12
 **********
 PARAMETER   12  IS CONSTANT.   IGNORED.
 **********
 **   90 **FIX           16
 **********
 PARAMETER   16  IS CONSTANT.   IGNORED.
 **********
 **   91 **MIGRAD
 **********
 START MIGRAD MINIMIZATION.  STRATEGY  1.  CONVERGENCE WHEN EDM .LT. 1.00e-04
 FCN=307.28 FROM MIGRAD    STATUS=INITIATE       10 CALLS         886 TOTAL
                     EDM= unknown      STRATEGY= 1      NO ERROR MATRIX       
  EXT PARAMETER               CURRENT GUESS       STEP         FIRST   
  NO.   NAME      VALUE            ERROR          SIZE      DERIVATIVE 
   1  N0           3.30557e+06     fixed    
   2  tau          6.44004e+01   constant   
   3  A0           3.62076e-01     fixed    
   4  phi          4.12037e+00     fixed    
   5  R           -6.05915e+01   constant   
   6  A_CBO        1.59240e-03     fixed    
   7  w_CBO        2.32553e+00     fixed    
   8  phi_CBO      5.93000e+00     fixed    
   9  ANx2         3.16430e-04   constant   
  10  pNx2         2.82055e+00   constant   
  11  ANy1         0.00000e+00   constant   
  12  pNy1         0.00000e+00   constant   
  13  w_y          0.00000e+00   constant   
  14  ANy2         1.16533e-03   1.00407e-03   1.00407e-03  -1.08896e-02
  15  pNy2         2.23607e+00   constant   
  16  w_vw         1.43191e+01   constant   
  17  LM          -1.34420e-04   constant   
  18  wCBO_expCoeff   2.06064e+02   1.13426e+01   7.33182e-03   2.60850e-04
  19  wCBO_expOffset   2.01834e+02   1.63222e+00   1.05428e-03   1.81652e-03
  20  wCBO_expT    2.96308e+01   2.15432e-01   1.53117e-04  -1.55396e-03
  21  wCBO_linCoeff   0.00000e+00   constant   
  22  wCBO_const  -2.05999e-03   7.40114e-04   4.29152e-06   2.22058e-01
 MIGRAD MINIMIZATION HAS CONVERGED.
 MIGRAD WILL VERIFY CONVERGENCE AND ERROR MATRIX.
 FCN=307.28 FROM MIGRAD    STATUS=CONVERGED      57 CALLS         933 TOTAL
                     EDM=4.31288e-06    STRATEGY= 1      ERR MATRIX NOT POS-DEF
  EXT PARAMETER                APPROXIMATE        STEP         FIRST   
  NO.   NAME      VALUE            ERROR          SIZE      DERIVATIVE 
   1  N0           3.30557e+06     fixed    
   2  tau          6.44004e+01   constant   
   3  A0           3.62076e-01     fixed    
   4  phi          4.12037e+00     fixed    
   5  R           -6.05915e+01   constant   
   6  A_CBO        1.59240e-03     fixed    
   7  w_CBO        2.32553e+00     fixed    
   8  phi_CBO      5.93000e+00     fixed    
   9  ANx2         3.16430e-04   constant   
  10  pNx2         2.82055e+00   constant   
  11  ANy1         0.00000e+00   constant   
  12  pNy1         0.00000e+00   constant   
  13  w_y          0.00000e+00   constant   
  14  ANy2         1.16534e-03   1.00443e-03   8.63562e-06  -5.11171e-03
  15  pNy2         2.23607e+00   constant   
  16  w_vw         1.43191e+01   constant   
  17  LM          -1.34420e-04   constant   
  18  wCBO_expCoeff   2.06063e+02   1.13425e+01   7.33174e-03  -2.38426e-06
  19  wCBO_expOffset   2.01834e+02   1.63226e+00   1.05427e-03  -1.65817e-05
  20  wCBO_expT    2.96308e+01   2.15436e-01   1.53115e-04  -1.39227e-02
  21  wCBO_linCoeff   0.00000e+00   constant   
  22  wCBO_const  -2.06001e-03   7.40116e-04   4.29153e-06  -1.13814e-01
 EXTERNAL ERROR MATRIX.    NDIM=  25    NPAR=  5    ERR DEF=1
  1.009e-06  9.658e-06  1.397e-06 -3.115e-07 -5.861e-10 
  9.658e-06  1.287e+02 -1.139e+01 -1.064e+00  1.493e-03 
  1.397e-06 -1.139e+01  2.664e+00 -1.536e-01  2.153e-04 
 -3.115e-07 -1.064e+00 -1.536e-01  4.641e-02 -7.531e-05 
 -5.861e-10  1.493e-03  2.153e-04 -7.531e-05  5.478e-07 
ERR MATRIX NOT POS-DEF
 PARAMETER  CORRELATION COEFFICIENTS  
       NO.  GLOBAL     14     18     19     20     22
       14  0.00502   1.000  0.001  0.001 -0.001 -0.001
       18  0.99717   0.001  1.000 -0.615 -0.435  0.178
       19  0.99717   0.001 -0.615  1.000 -0.437  0.178
       20  0.99658  -0.001 -0.435 -0.437  1.000 -0.472
       22  0.73835  -0.001  0.178  0.178 -0.472  1.000
 ERR MATRIX NOT POS-DEF
MINUIT - FIT ALTOGETHER
 **********
 **   92 **RES 
 **********
                   PARAMETER    8  phi_CBO RESTORED TO VARIABLE.
                   PARAMETER    7  w_CBO RESTORED TO VARIABLE.
                   PARAMETER    6  A_CBO RESTORED TO VARIABLE.
                   PARAMETER    4  phi RESTORED TO VARIABLE.
                   PARAMETER    3  A0 RESTORED TO VARIABLE.
                   PARAMETER    1  N0 RESTORED TO VARIABLE.
 **********
 **   93 **MIGRAD
 **********
 START MIGRAD MINIMIZATION.  STRATEGY  1.  CONVERGENCE WHEN EDM .LT. 1.00e-04
 FCN=307.28 FROM MIGRAD    STATUS=INITIATE       22 CALLS         955 TOTAL
                     EDM= unknown      STRATEGY= 1      NO ERROR MATRIX       
  EXT PARAMETER               CURRENT GUESS       STEP         FIRST   
  NO.   NAME      VALUE            ERROR          SIZE      DERIVATIVE 
   1  N0           3.30557e+06   2.32156e+03   2.32156e+03   3.59285e-05
   2  tau          6.44004e+01   constant   
   3  A0           3.62076e-01   9.34489e-04   9.34489e-04  -2.69606e+02
