 + ++++++++++++++++++++++++++++++++++++++++++++++++++++++++++++++++++++ +
 +                                                                      +
 +           You have chose to blind your fitting according to          +
 +                omega_ref * (1 + (R +/- deltaR) *10^{-6})             +
 +                                                                      +
 + ++++++++++++++++++++++++++++++++++++++++++++++++++++++++++++++++++++ +
In main()...
reading format from /gm2data/zkhechad/run45/envelope/formats/formatB_sBin_constraintOn.txt
pBinTau 	= 0  
pBinPhi 	= 0  
constraintau 	= 1 
includeMopTerm 	= 0    
constrainMop    = 0   
Parameters after format file: pBinTau 0 pBinPhi 0 constraintau 1 includeMopTerm 0 constrainMop 0 c_e_scale 0.000000 
reading cbo reference file (full fit) from /gm2data/zkhechad/cboTemplates/Run4CBOTemplates/fullFits/run4/sBin_constraintOn_cE0.0_seed0_run4_calo7.root
A_CBO 0.010017 w_CBO 2.326795 phi_CBO 5.385454 N0 2934724.912691 R -61.426290 tau 64.406392 
Reading cboRef file /gm2data/zkhechad/cboTemplates/Run4CBOTemplates//cboIsolate/run4_calo7.root
deltaT 164.120000
windowBins = 1100
fitting sliding window 1440 from bin 1643 at 245.135600 to bin 2743 at 409.255600 (1100 bins)

Reading data from /gm2data/cornell/histograms/aMethod/histogram_a_run4.root
fitting cbo isolate
 **********
 **    1 **SET PRINTOUT            1
 **********
 **********
 **    2 **SET NOWARNINGS 
 **********
 PARAMETER DEFINITIONS:
    NO.   NAME         VALUE      STEP SIZE      LIMITS
     1 A_CBO        1.00169e-02  1.00000e-05     no limits
     2 w_CBO        2.32680e+00  1.00000e-02    2.00000e+00  3.00000e+00
     3 phi_CBO      5.38545e+00  1.00000e-02    0.00000e+00  6.28319e+00
 **********
 **    3 **MIGRAD
 **********
 FIRST CALL TO USER FUNCTION AT NEW START POINT, WITH IFLAG=4.
 START MIGRAD MINIMIZATION.  STRATEGY  1.  CONVERGENCE WHEN EDM .LT. 1.00e-04
 FCN=0.0599012 FROM MIGRAD    STATUS=INITIATE       12 CALLS          13 TOTAL
                     EDM= unknown      STRATEGY= 1      NO ERROR MATRIX       
  EXT PARAMETER               CURRENT GUESS       STEP         FIRST   
  NO.   NAME      VALUE            ERROR          SIZE      DERIVATIVE 
   1  A_CBO        1.00169e-02   1.00000e-05   1.00000e-05   7.51341e+00
   2  w_CBO        2.32680e+00   1.00000e-02   2.13223e-02   8.07895e-02
   3  phi_CBO      5.38545e+00   1.00000e-02   4.54801e-03  -3.62385e-04
 MIGRAD MINIMIZATION HAS CONVERGED.
 MIGRAD WILL VERIFY CONVERGENCE AND ERROR MATRIX.
 COVARIANCE MATRIX CALCULATED SUCCESSFULLY
 FCN=0.0343094 FROM MIGRAD    STATUS=CONVERGED      41 CALLS          42 TOTAL
                     EDM=7.24217e-05    STRATEGY= 1      ERROR MATRIX ACCURATE 
  EXT PARAMETER                                   STEP         FIRST   
  NO.   NAME      VALUE            ERROR          SIZE      DERIVATIVE 
   1  A_CBO        3.20478e-03   4.29352e-02   2.11462e-05  -1.98351e-04
   2  w_CBO        2.32675e+00   2.88777e-01   4.31273e-05  -7.80568e-03
   3  phi_CBO      5.39017e+00   5.80556e+00   3.02630e-03   3.68368e-04
 EXTERNAL ERROR MATRIX.    NDIM=  25    NPAR=  3    ERR DEF=1
  1.843e-03 -1.690e-03 -5.605e-01 
 -1.690e-03  9.678e-02  3.150e+01 
 -5.605e-01  3.150e+01  1.043e+04 
 PARAMETER  CORRELATION COEFFICIENTS  
       NO.  GLOBAL      1      2      3
        1  0.12783   1.000 -0.127 -0.128
        2  0.99139  -0.127  1.000  0.991
        3  0.99139  -0.128  0.991  1.000
setting A_CBO=0.003205 w_CBO=2.326749, phi_CBO=5.390175
done fitting cbo isolate
 **********
 **    1 **SET PRINTOUT            1
 **********
 **********
 **    2 **SET NOWARNINGS 
 **********
 PARAMETER DEFINITIONS:
    NO.   NAME         VALUE      STEP SIZE      LIMITS
     1 N0           2.93472e+06  1.00000e+02     no limits
     2 tau          6.44064e+01  constant
     3 A0           3.50200e-01  1.00000e-04     no limits
     4 phi          4.11726e+00  1.00000e-02     no limits
     5 R           -6.14263e+01  constant
     6 A_CBO        3.20478e-03  1.00000e-05     no limits
     7 w_CBO        2.32675e+00  1.00000e-03     no limits
     8 phi_CBO      5.39017e+00  1.00000e-04     no limits
     9 ANx2         5.09258e-04  constant
    10 pNx2         1.79030e-01  constant
    11 ANy1         0.00000e+00  constant
    12 pNy1         0.00000e+00  constant
    13 w_y          0.00000e+00  constant
    14 ANy2         8.95951e-03  1.00000e-04     no limits
    15 pNy2         6.17155e+00  constant
    16 w_vw         1.43200e+01  constant
    17 LM          -8.21731e-05  constant
    18 wCBO_expCoeff   2.00000e+02  1.00000e+00     no limits
    19 wCBO_expOffset   2.00000e+02  1.00000e+00     no limits
    20 wCBO_expT    3.00000e+01  1.00000e+00     no limits
    21 wCBO_linCoeff   0.00000e+00  constant
    22 wCBO_const   0.00000e+00  1.00000e-02     no limits
MINUIT - FIT ONLY WIGGLE
 **********
 **    3 **FIX            5
 **********
 PARAMETER    5  IS CONSTANT.   IGNORED.
 **********
 **    4 **FIX            6
 **********
 **********
 **    5 **FIX            7
 **********
 **********
 **    6 **FIX            8
 **********
 **********
 **    7 **FIX            9
 **********
 PARAMETER    9  IS CONSTANT.   IGNORED.
 **********
 **    8 **FIX           10
 **********
 PARAMETER   10  IS CONSTANT.   IGNORED.
 **********
 **    9 **FIX           11
 **********
 PARAMETER   11  IS CONSTANT.   IGNORED.
 **********
 **   10 **FIX           12
 **********
 PARAMETER   12  IS CONSTANT.   IGNORED.
 **********
 **   11 **FIX           13
 **********
 PARAMETER   13  IS CONSTANT.   IGNORED.
 **********
 **   12 **FIX           14
 **********
 **********
 **   13 **FIX           15
 **********
 PARAMETER   15  IS CONSTANT.   IGNORED.
 **********
 **   14 **FIX           16
 **********
 PARAMETER   16  IS CONSTANT.   IGNORED.
 **********
 **   15 **MIGRAD
 **********
 FIRST CALL TO USER FUNCTION AT NEW START POINT, WITH IFLAG=4.
 START MIGRAD MINIMIZATION.  STRATEGY  1.  CONVERGENCE WHEN EDM .LT. 1.00e-04
 FCN=1254.42 FROM MIGRAD    STATUS=INITIATE       56 CALLS          57 TOTAL
                     EDM= unknown      STRATEGY= 1      NO ERROR MATRIX       
  EXT PARAMETER               CURRENT GUESS       STEP         FIRST   
  NO.   NAME      VALUE            ERROR          SIZE      DERIVATIVE 
   1  N0           2.93472e+06   1.00000e+02   0.00000e+00   1.85524e-03
   2  tau          6.44064e+01   constant   
   3  A0           3.50200e-01   1.00000e-04   0.00000e+00   3.79122e+03
   4  phi          4.11726e+00   1.00000e-02   0.00000e+00  -1.62108e+02
   5  R           -6.14263e+01   constant   
   6  A_CBO        3.20478e-03     fixed    
   7  w_CBO        2.32675e+00     fixed    
   8  phi_CBO      5.39017e+00     fixed    
   9  ANx2         5.09258e-04   constant   
  10  pNx2         1.79030e-01   constant   
  11  ANy1         0.00000e+00   constant   
  12  pNy1         0.00000e+00   constant   
  13  w_y          0.00000e+00   constant   
  14  ANy2         8.95951e-03     fixed    
  15  pNy2         6.17155e+00   constant   
  16  w_vw         1.43200e+01   constant   
  17  LM          -8.21731e-05   constant   
  18  wCBO_expCoeff   2.00014e+02   1.00000e+00   1.35742e-02   3.38443e+02
  19  wCBO_expOffset   2.00000e+02   1.00000e+00   0.00000e+00   2.24258e+03
  20  wCBO_expT    3.00000e+01   1.00000e+00   0.00000e+00  -1.79641e+03
  21  wCBO_linCoeff   0.00000e+00   constant   
  22  wCBO_const   0.00000e+00   1.00000e-02   0.00000e+00  -1.61403e+04
 MIGRAD MINIMIZATION HAS CONVERGED.
 FCN=1239.26 FROM MIGRAD    STATUS=CONVERGED     220 CALLS         221 TOTAL
                     EDM=1.29166e-06    STRATEGY= 1  ERROR MATRIX UNCERTAINTY   1.5 per cent
  EXT PARAMETER                                   STEP         FIRST   
  NO.   NAME      VALUE            ERROR          SIZE      DERIVATIVE 
   1  N0           2.93466e+06   6.93129e+02  -5.37081e-01   1.89998e-06
   2  tau          6.44064e+01   constant   
   3  A0           3.50056e-01   3.08805e-04  -3.85125e-08   1.08144e+00
   4  phi          4.11750e+00   9.39405e-04   1.27840e-06  -1.10802e+00
   5  R           -6.14263e+01   constant   
   6  A_CBO        3.20478e-03     fixed    
   7  w_CBO        2.32675e+00     fixed    
   8  phi_CBO      5.39017e+00     fixed    
   9  ANx2         5.09258e-04   constant   
  10  pNx2         1.79030e-01   constant   
  11  ANy1         0.00000e+00   constant   
  12  pNy1         0.00000e+00   constant   
  13  w_y          0.00000e+00   constant   
  14  ANy2         8.95951e-03     fixed    
  15  pNy2         6.17155e+00   constant   
  16  w_vw         1.43200e+01   constant   
  17  LM          -8.21731e-05   constant   
  18  wCBO_expCoeff   1.99982e+02   9.68567e-03  -9.30983e-06  -3.35792e-01
  19  wCBO_expOffset   1.99995e+02   1.44838e-03  -1.51488e-06   7.13505e-01
  20  wCBO_expT    3.00056e+01   1.88094e-03   2.33531e-06  -1.64358e+00
  21  wCBO_linCoeff   0.00000e+00   constant   
  22  wCBO_const  -7.37540e-05   5.71600e-04  -1.01442e-06   8.18582e-01
 EXTERNAL ERROR MATRIX.    NDIM=  25    NPAR=  7    ERR DEF=1
  4.804e+05  5.994e-03 -1.660e-02 -1.122e+00 -1.548e-01  2.234e-01 -2.738e-02 
  5.994e-03  9.536e-08 -9.190e-09 -1.828e-07 -2.602e-08  4.141e-08 -9.981e-09 
 -1.660e-02 -9.190e-09  8.825e-07  1.050e-06  1.218e-07 -2.390e-07  5.982e-08 
 -1.122e+00 -1.828e-07  1.050e-06  9.381e-05  1.300e-05 -1.756e-05  3.288e-06 
 -1.548e-01 -2.602e-08  1.218e-07  1.300e-05  2.098e-06 -2.632e-06  5.031e-07 
  2.234e-01  4.141e-08 -2.390e-07 -1.756e-05 -2.632e-06  3.538e-06 -7.637e-07 
 -2.738e-02 -9.981e-09  5.982e-08  3.288e-06  5.031e-07 -7.637e-07  3.267e-07 
 PARAMETER  CORRELATION COEFFICIENTS  
       NO.  GLOBAL      1      3      4     18     19     20     22
        1  0.21775   1.000  0.028 -0.025 -0.167 -0.154  0.171 -0.069
        3  0.09641   0.028  1.000 -0.032 -0.061 -0.058  0.071 -0.057
        4  0.24861  -0.025 -0.032  1.000  0.115  0.090 -0.135  0.111
       18  0.97687  -0.167 -0.061  0.115  1.000  0.927 -0.964  0.594
       19  0.97766  -0.154 -0.058  0.090  0.927  1.000 -0.966  0.608
       20  0.99337   0.171  0.071 -0.135 -0.964 -0.966  1.000 -0.710
       22  0.86037  -0.069 -0.057  0.111  0.594  0.608 -0.710  1.000
MINUIT - FIT ONLY 1-CBO + other amplitudes 
 **********
 **   16 **RES 
 **********
                   PARAMETER   14  ANy2 RESTORED TO VARIABLE.
                   PARAMETER    8  phi_CBO RESTORED TO VARIABLE.
                   PARAMETER    7  w_CBO RESTORED TO VARIABLE.
                   PARAMETER    6  A_CBO RESTORED TO VARIABLE.
 **********
 **   17 **FIX            0
 **********
 PARAMETER    0  IS UNDEFINED. IGNORED.
 **********
 **   18 **FIX            1
 **********
 **********
 **   19 **FIX            2
 **********
 PARAMETER    2  IS CONSTANT.   IGNORED.
 **********
 **   20 **FIX            3
 **********
 **********
 **   21 **FIX            4
 **********
 **********
 **   22 **FIX            9
 **********
 PARAMETER    9  IS CONSTANT.   IGNORED.
 **********
 **   23 **FIX           11
 **********
 PARAMETER   11  IS CONSTANT.   IGNORED.
 **********
 **   24 **FIX           12
 **********
 PARAMETER   12  IS CONSTANT.   IGNORED.
 **********
 **   25 **FIX           14
 **********
 **********
 **   26 **FIX           15
 **********
 PARAMETER   15  IS CONSTANT.   IGNORED.
 **********
 **   27 **FIX           16
 **********
 PARAMETER   16  IS CONSTANT.   IGNORED.
 **********
 **   28 **MIGRAD
 **********
 START MIGRAD MINIMIZATION.  STRATEGY  1.  CONVERGENCE WHEN EDM .LT. 1.00e-04
 FCN=1239.26 FROM MIGRAD    STATUS=INITIATE       22 CALLS         243 TOTAL
                     EDM= unknown      STRATEGY= 1      NO ERROR MATRIX       
  EXT PARAMETER               CURRENT GUESS       STEP         FIRST   
  NO.   NAME      VALUE            ERROR          SIZE      DERIVATIVE 
   1  N0           2.93466e+06     fixed    
   2  tau          6.44064e+01   constant   
   3  A0           3.50056e-01     fixed    
   4  phi          4.11750e+00     fixed    
   5  R           -6.14263e+01   constant   
   6  A_CBO        3.20478e-03   1.00000e-05   1.00000e-05   5.39848e+04
   7  w_CBO        2.32675e+00   1.00000e-03   1.00000e-03  -2.84268e+01
   8  phi_CBO      5.39017e+00   1.00000e-04   1.00000e-04  -5.14759e+00
   9  ANx2         5.09258e-04   constant   
  10  pNx2         1.79030e-01   constant   
  11  ANy1         0.00000e+00   constant   
  12  pNy1         0.00000e+00   constant   
  13  w_y          0.00000e+00   constant   
  14  ANy2         8.95951e-03     fixed    
  15  pNy2         6.17155e+00   constant   
  16  w_vw         1.43200e+01   constant   
  17  LM          -8.21731e-05   constant   
  18  wCBO_expCoeff   1.99982e+02   9.68567e-03  -9.30983e-06  -3.35792e-01
  19  wCBO_expOffset   1.99995e+02   1.44838e-03  -1.51488e-06   7.13505e-01
  20  wCBO_expT    3.00056e+01   1.88094e-03   2.33531e-06  -1.64358e+00
  21  wCBO_linCoeff   0.00000e+00   constant   
  22  wCBO_const  -7.37540e-05   5.71600e-04  -1.01442e-06   8.18603e-01
 MIGRAD MINIMIZATION HAS CONVERGED.
 MIGRAD WILL VERIFY CONVERGENCE AND ERROR MATRIX.
 FCN=1161.1 FROM MIGRAD    STATUS=CONVERGED     255 CALLS         476 TOTAL
                     EDM=1.02537e-06    STRATEGY= 1      ERR MATRIX NOT POS-DEF
  EXT PARAMETER                APPROXIMATE        STEP         FIRST   
  NO.   NAME      VALUE            ERROR          SIZE      DERIVATIVE 
   1  N0           2.93466e+06     fixed    
   2  tau          6.44064e+01   constant   
   3  A0           3.50056e-01     fixed    
   4  phi          4.11750e+00     fixed    
   5  R           -6.14263e+01   constant   
   6  A_CBO        3.34718e-04   3.25476e-04   5.39626e-06   1.82805e-01
   7  w_CBO        2.32670e+00   3.18196e-04   1.10945e-06  -1.68834e+01
   8  phi_CBO      5.58681e+00   1.07077e+00   1.61608e-02   4.02827e-04
   9  ANx2         5.09258e-04   constant   
  10  pNx2         1.79030e-01   constant   
  11  ANy1         0.00000e+00   constant   
  12  pNy1         0.00000e+00   constant   
  13  w_y          0.00000e+00   constant   
  14  ANy2         8.95951e-03     fixed    
  15  pNy2         6.17155e+00   constant   
  16  w_vw         1.43200e+01   constant   
  17  LM          -8.21731e-05   constant   
  18  wCBO_expCoeff   1.99977e+02   2.80787e-02   9.53567e-05  -1.82882e-01
  19  wCBO_expOffset   1.99995e+02   4.30927e-03   9.53649e-05  -1.20980e+00
  20  wCBO_expT    3.00072e+01   1.42394e-03   1.43085e-05  -1.74789e+00
  21  wCBO_linCoeff   0.00000e+00   constant   
  22  wCBO_const  -3.82209e-04   6.43864e-04   5.44372e-06  -2.71502e+00
 EXTERNAL ERROR MATRIX.    NDIM=  25    NPAR=  7    ERR DEF=1
  1.059e-07 -5.479e-10  1.682e-05 -6.023e-08  2.083e-08 -1.713e-08  2.252e-08 
 -5.479e-10  1.012e-07 -1.776e-05 -3.026e-06 -6.769e-07 -1.087e-07 -2.808e-08 
  1.682e-05 -1.776e-05  1.147e+00 -1.690e-03 -1.631e-04  3.053e-04  1.682e-04 
 -6.023e-08 -3.026e-06 -1.690e-03  7.884e-04 -6.317e-05 -9.959e-06  2.602e-06 
  2.083e-08 -6.769e-07 -1.631e-04 -6.317e-05  1.857e-05 -1.781e-07  2.864e-07 
 -1.713e-08 -1.087e-07  3.053e-04 -9.959e-06 -1.781e-07  2.028e-06 -3.901e-07 
  2.252e-08 -2.808e-08  1.682e-04  2.602e-06  2.864e-07 -3.901e-07  4.146e-07 
ERR MATRIX NOT POS-DEF
 PARAMETER  CORRELATION COEFFICIENTS  
       NO.  GLOBAL      6      7      8     18     19     20     22
        6  0.11969   1.000 -0.005  0.048 -0.007  0.015 -0.037  0.107
        7  0.99623  -0.005  1.000 -0.052 -0.339 -0.494 -0.240 -0.137
        8  0.42900   0.048 -0.052  1.000 -0.056 -0.035  0.200  0.244
       18  0.99621  -0.007 -0.339 -0.056  1.000 -0.522 -0.249  0.144
       19  0.99637   0.015 -0.494 -0.035 -0.522  1.000 -0.029  0.103
       20  0.98892  -0.037 -0.240  0.200 -0.249 -0.029  1.000 -0.426
       22  0.86240   0.107 -0.137  0.244  0.144  0.103 -0.426  1.000
 ERR MATRIX NOT POS-DEF
MINUIT - FIT ONLY 1-CBO
 **********
 **   29 **RES 
 **********
                   PARAMETER   14  ANy2 RESTORED TO VARIABLE.
                   PARAMETER    4  phi RESTORED TO VARIABLE.
                   PARAMETER    3  A0 RESTORED TO VARIABLE.
                   PARAMETER    1  N0 RESTORED TO VARIABLE.
 **********
 **   30 **FIX            0
 **********
 PARAMETER    0  IS UNDEFINED. IGNORED.
 **********
 **   31 **FIX            1
 **********
 **********
 **   32 **FIX            2
 **********
 PARAMETER    2  IS CONSTANT.   IGNORED.
 **********
 **   33 **FIX            3
 **********
 **********
 **   34 **FIX            4
 **********
 **********
 **   35 **FIX            8
 **********
 **********
 **   36 **FIX            9
 **********
 PARAMETER    9  IS CONSTANT.   IGNORED.
 **********
 **   37 **FIX           11
 **********
 PARAMETER   11  IS CONSTANT.   IGNORED.
 **********
 **   38 **FIX           12
 **********
 PARAMETER   12  IS CONSTANT.   IGNORED.
 **********
 **   39 **FIX           13
 **********
 PARAMETER   13  IS CONSTANT.   IGNORED.
 **********
 **   40 **FIX           15
 **********
 PARAMETER   15  IS CONSTANT.   IGNORED.
 **********
 **   41 **FIX           16
 **********
 PARAMETER   16  IS CONSTANT.   IGNORED.
 **********
 **   42 **MIGRAD
 **********
 START MIGRAD MINIMIZATION.  STRATEGY  1.  CONVERGENCE WHEN EDM .LT. 1.00e-04
 FCN=1161.1 FROM MIGRAD    STATUS=INITIATE       16 CALLS         492 TOTAL
                     EDM= unknown      STRATEGY= 1      NO ERROR MATRIX       
  EXT PARAMETER               CURRENT GUESS       STEP         FIRST   
  NO.   NAME      VALUE            ERROR          SIZE      DERIVATIVE 
   1  N0           2.93466e+06     fixed    
   2  tau          6.44064e+01   constant   
   3  A0           3.50056e-01     fixed    
   4  phi          4.11750e+00     fixed    
   5  R           -6.14263e+01   constant   
   6  A_CBO        3.34718e-04   3.25476e-04   5.39626e-06   1.82807e-01
   7  w_CBO        2.32670e+00   3.18196e-04   1.10945e-06  -1.64327e+01
   8  phi_CBO      5.58681e+00     fixed    
   9  ANx2         5.09258e-04   constant   
  10  pNx2         1.79030e-01   constant   
  11  ANy1         0.00000e+00   constant   
  12  pNy1         0.00000e+00   constant   
  13  w_y          0.00000e+00   constant   
  14  ANy2         8.95951e-03   1.00000e-04   1.00000e-04   1.67041e+05
  15  pNy2         6.17155e+00   constant   
  16  w_vw         1.43200e+01   constant   
  17  LM          -8.21731e-05   constant   
  18  wCBO_expCoeff   1.99977e+02   2.80787e-02   9.53567e-05  -1.77691e-01
  19  wCBO_expOffset   1.99995e+02   4.30927e-03   9.53649e-05   8.19203e-01
  20  wCBO_expT    3.00072e+01   1.42394e-03   1.43085e-05  -1.87587e+00
  21  wCBO_linCoeff   0.00000e+00   constant   
  22  wCBO_const  -3.82209e-04   6.43864e-04   5.44372e-06  -2.71855e+00
 MIGRAD MINIMIZATION HAS CONVERGED.
 MIGRAD WILL VERIFY CONVERGENCE AND ERROR MATRIX.
 COVARIANCE MATRIX CALCULATED SUCCESSFULLY
 FCN=425.726 FROM MIGRAD    STATUS=CONVERGED     200 CALLS         676 TOTAL
                     EDM=2.85511e-06    STRATEGY= 1      ERROR MATRIX ACCURATE 
  EXT PARAMETER                                   STEP         FIRST   
  NO.   NAME      VALUE            ERROR          SIZE      DERIVATIVE 
   1  N0           2.93466e+06     fixed    
   2  tau          6.44064e+01   constant   
   3  A0           3.50056e-01     fixed    
   4  phi          4.11750e+00     fixed    
   5  R           -6.14263e+01   constant   
   6  A_CBO       -6.34168e-06   3.44776e-04   3.28076e-06  -2.47382e+00
   7  w_CBO        2.32672e+00   7.93734e-04   1.10947e-06   3.06639e+01
   8  phi_CBO      5.58681e+00     fixed    
   9  ANx2         5.09258e-04   constant   
  10  pNx2         1.79030e-01   constant   
  11  ANy1         0.00000e+00   constant   
  12  pNy1         0.00000e+00   constant   
  13  w_y          0.00000e+00   constant   
  14  ANy2         1.52441e-04   3.25084e-04   3.27202e-06   3.17713e+00
  15  pNy2         6.17155e+00   constant   
  16  w_vw         1.43200e+01   constant   
  17  LM          -8.21731e-05   constant   
  18  wCBO_expCoeff   1.99980e+02   6.87167e-02   9.53577e-05   3.49176e-01
  19  wCBO_expOffset   1.99995e+02   4.33538e-03   9.53650e-05   2.32312e+00
  20  wCBO_expT    3.00069e+01   3.19038e-03   1.43084e-05   3.30135e+00
  21  wCBO_linCoeff   0.00000e+00   constant   
  22  wCBO_const  -7.29653e-04   1.06260e-03   5.09431e-06   1.52767e+00
 EXTERNAL ERROR MATRIX.    NDIM=  25    NPAR=  7    ERR DEF=1
  1.189e-07 -5.391e-09  4.662e-09 -5.250e-07  4.327e-08  3.739e-08  8.290e-08 
 -5.391e-09  6.300e-07  5.655e-10 -4.431e-05 -6.406e-07 -5.441e-07 -1.820e-07 
  4.662e-09  5.655e-10  1.057e-07  7.814e-08 -3.833e-08  3.708e-09  1.043e-08 
 -5.250e-07 -4.431e-05  7.814e-08  4.722e-03 -6.095e-05 -4.966e-05  2.721e-05 
  4.327e-08 -6.406e-07 -3.833e-08 -6.095e-05  1.880e-05 -7.853e-07  3.747e-07 
  3.739e-08 -5.441e-07  3.708e-09 -4.966e-05 -7.853e-07  1.018e-05 -1.781e-06 
  8.290e-08 -1.820e-07  1.043e-08  2.721e-05  3.747e-07 -1.781e-06  1.129e-06 
 PARAMETER  CORRELATION COEFFICIENTS  
       NO.  GLOBAL      6      7     14     18     19     20     22
        6  0.33192   1.000 -0.020  0.042 -0.022  0.029  0.034  0.226
        7  0.99869  -0.020  1.000  0.002 -0.812 -0.186 -0.215 -0.216
       14  0.06519   0.042  0.002  1.000  0.003 -0.027  0.004  0.030
       18  0.99863  -0.022 -0.812  0.003  1.000 -0.205 -0.227  0.373
       19  0.99224   0.029 -0.186 -0.027 -0.205  1.000 -0.057  0.081
       20  0.99491   0.034 -0.215  0.004 -0.227 -0.057  1.000 -0.525
       22  0.88016   0.226 -0.216  0.030  0.373  0.081 -0.525  1.000
MINUIT - FIT ONLY 2-CBO
 **********
 **   43 **RES 
 **********
                   PARAMETER    8  phi_CBO RESTORED TO VARIABLE.
                   PARAMETER    4  phi RESTORED TO VARIABLE.
                   PARAMETER    3  A0 RESTORED TO VARIABLE.
                   PARAMETER    1  N0 RESTORED TO VARIABLE.
 **********
 **   44 **FIX            0
 **********
 PARAMETER    0  IS UNDEFINED. IGNORED.
 **********
 **   45 **FIX            1
 **********
 **********
 **   46 **FIX            2
 **********
 PARAMETER    2  IS CONSTANT.   IGNORED.
 **********
 **   47 **FIX            3
 **********
 **********
 **   48 **FIX            4
 **********
 **********
 **   49 **FIX            5
 **********
 PARAMETER    5  IS CONSTANT.   IGNORED.
 **********
 **   50 **FIX            6
 **********
 **********
 **   51 **FIX            7
 **********
 **********
 **   52 **FIX           10
 **********
 PARAMETER   10  IS CONSTANT.   IGNORED.
 **********
 **   53 **FIX           11
 **********
 PARAMETER   11  IS CONSTANT.   IGNORED.
 **********
 **   54 **FIX           12
 **********
 PARAMETER   12  IS CONSTANT.   IGNORED.
 **********
 **   55 **FIX           13
 **********
 PARAMETER   13  IS CONSTANT.   IGNORED.
 **********
 **   56 **FIX           14
 **********
 **********
 **   57 **FIX           15
 **********
 PARAMETER   15  IS CONSTANT.   IGNORED.
 **********
 **   58 **FIX           16
 **********
 PARAMETER   16  IS CONSTANT.   IGNORED.
 **********
 **   59 **MIGRAD
 **********
 START MIGRAD MINIMIZATION.  STRATEGY  1.  CONVERGENCE WHEN EDM .LT. 1.00e-04
 FCN=425.726 FROM MIGRAD    STATUS=INITIATE       12 CALLS         688 TOTAL
                     EDM= unknown      STRATEGY= 1      NO ERROR MATRIX       
  EXT PARAMETER               CURRENT GUESS       STEP         FIRST   
  NO.   NAME      VALUE            ERROR          SIZE      DERIVATIVE 
   1  N0           2.93466e+06     fixed    
   2  tau          6.44064e+01   constant   
   3  A0           3.50056e-01     fixed    
   4  phi          4.11750e+00     fixed    
   5  R           -6.14263e+01   constant   
   6  A_CBO       -6.34168e-06     fixed    
   7  w_CBO        2.32672e+00     fixed    
   8  phi_CBO      5.58681e+00   1.07077e+00   1.07077e+00  -2.80098e-02
   9  ANx2         5.09258e-04   constant   
  10  pNx2         1.79030e-01   constant   
  11  ANy1         0.00000e+00   constant   
  12  pNy1         0.00000e+00   constant   
  13  w_y          0.00000e+00   constant   
  14  ANy2         1.52441e-04     fixed    
  15  pNy2         6.17155e+00   constant   
  16  w_vw         1.43200e+01   constant   
  17  LM          -8.21731e-05   constant   
  18  wCBO_expCoeff   1.99980e+02   6.87167e-02   9.53577e-05   3.46881e-01
  19  wCBO_expOffset   1.99995e+02   4.33538e-03   9.53650e-05   1.43136e+00
  20  wCBO_expT    3.00069e+01   3.19038e-03   1.43084e-05   3.27381e+00
  21  wCBO_linCoeff   0.00000e+00   constant   
  22  wCBO_const  -7.29653e-04   1.06260e-03   5.09431e-06   1.53337e+00
 MIGRAD MINIMIZATION HAS CONVERGED.
 MIGRAD WILL VERIFY CONVERGENCE AND ERROR MATRIX.
 COVARIANCE MATRIX CALCULATED SUCCESSFULLY
 FCN=425.699 FROM MIGRAD    STATUS=CONVERGED     103 CALLS         779 TOTAL
                     EDM=1.70057e-05    STRATEGY= 1      ERROR MATRIX ACCURATE 
  EXT PARAMETER                                   STEP         FIRST   
  NO.   NAME      VALUE            ERROR          SIZE      DERIVATIVE 
   1  N0           2.93466e+06     fixed    
   2  tau          6.44064e+01   constant   
   3  A0           3.50056e-01     fixed    
   4  phi          4.11750e+00     fixed    
   5  R           -6.14263e+01   constant   
   6  A_CBO       -6.34168e-06     fixed    
   7  w_CBO        2.32672e+00     fixed    
   8  phi_CBO      1.34148e+01   8.46307e+00   8.52131e-02  -4.40428e-06
   9  ANx2         5.09258e-04   constant   
  10  pNx2         1.79030e-01   constant   
  11  ANy1         0.00000e+00   constant   
  12  pNy1         0.00000e+00   constant   
  13  w_y          0.00000e+00   constant   
  14  ANy2         1.52441e-04     fixed    
  15  pNy2         6.17155e+00   constant   
  16  w_vw         1.43200e+01   constant   
  17  LM          -8.21731e-05   constant   
  18  wCBO_expCoeff   1.99980e+02   3.98160e-02   9.53577e-05   1.24885e-01
  19  wCBO_expOffset   1.99995e+02   4.23784e-03   9.53650e-05   8.28276e-01
  20  wCBO_expT    3.00069e+01   3.10449e-03   1.43084e-05  -4.77246e-01
  21  wCBO_linCoeff   0.00000e+00   constant   
  22  wCBO_const  -7.27444e-04   1.00753e-03   5.08129e-06   7.49745e-01
 EXTERNAL ERROR MATRIX.    NDIM=  25    NPAR=  5    ERR DEF=1
  7.162e+01 -3.428e-03  1.518e-04  1.182e-04  3.108e-04 
 -3.428e-03  1.585e-03 -1.046e-04 -8.706e-05  1.489e-05 
  1.518e-04 -1.046e-04  1.796e-05 -1.349e-06  1.682e-07 
  1.182e-04 -8.706e-05 -1.349e-06  9.638e-06 -1.948e-06 
  3.108e-04  1.489e-05  1.682e-07 -1.948e-06  1.015e-06 
 PARAMETER  CORRELATION COEFFICIENTS  
       NO.  GLOBAL      8     18     19     20     22
        8  0.05427   1.000 -0.010  0.004  0.005  0.036
       18  0.99593  -0.010  1.000 -0.620 -0.704  0.371
       19  0.99187   0.004 -0.620  1.000 -0.103  0.039
       20  0.99462   0.005 -0.704 -0.103  1.000 -0.623
       22  0.86606   0.036  0.371  0.039 -0.623  1.000
MINUIT - FIT ONLY 1-y
 **********
 **   60 **RES 
 **********
                   PARAMETER   14  ANy2 RESTORED TO VARIABLE.
                   PARAMETER    7  w_CBO RESTORED TO VARIABLE.
                   PARAMETER    6  A_CBO RESTORED TO VARIABLE.
                   PARAMETER    4  phi RESTORED TO VARIABLE.
                   PARAMETER    3  A0 RESTORED TO VARIABLE.
                   PARAMETER    1  N0 RESTORED TO VARIABLE.
 **********
 **   61 **FIX            0
 **********
 PARAMETER    0  IS UNDEFINED. IGNORED.
 **********
 **   62 **FIX            1
 **********
 **********
 **   63 **FIX            2
 **********
 PARAMETER    2  IS CONSTANT.   IGNORED.
 **********
 **   64 **FIX            3
 **********
 **********
 **   65 **FIX            4
 **********
 **********
 **   66 **FIX            5
 **********
 PARAMETER    5  IS CONSTANT.   IGNORED.
 **********
 **   67 **FIX            6
 **********
 **********
 **   68 **FIX            7
 **********
 **********
 **   69 **FIX            8
 **********
 **********
 **   70 **FIX            9
 **********
 PARAMETER    9  IS CONSTANT.   IGNORED.
 **********
 **   71 **FIX           13
 **********
 PARAMETER   13  IS CONSTANT.   IGNORED.
 **********
 **   72 **FIX           14
 **********
 **********
 **   73 **FIX           15
 **********
 PARAMETER   15  IS CONSTANT.   IGNORED.
 **********
 **   74 **FIX           16
 **********
 PARAMETER   16  IS CONSTANT.   IGNORED.
 **********
 **   75 **MIGRAD
 **********
 START MIGRAD MINIMIZATION.  STRATEGY  1.  CONVERGENCE WHEN EDM .LT. 1.00e-04
 FCN=425.699 FROM MIGRAD    STATUS=INITIATE        8 CALLS         787 TOTAL
                     EDM= unknown      STRATEGY= 1      NO ERROR MATRIX       
  EXT PARAMETER               CURRENT GUESS       STEP         FIRST   
  NO.   NAME      VALUE            ERROR          SIZE      DERIVATIVE 
   1  N0           2.93466e+06     fixed    
   2  tau          6.44064e+01   constant   
   3  A0           3.50056e-01     fixed    
   4  phi          4.11750e+00     fixed    
   5  R           -6.14263e+01   constant   
   6  A_CBO       -6.34168e-06     fixed    
   7  w_CBO        2.32672e+00     fixed    
   8  phi_CBO      1.34148e+01     fixed    
   9  ANx2         5.09258e-04   constant   
  10  pNx2         1.79030e-01   constant   
  11  ANy1         0.00000e+00   constant   
  12  pNy1         0.00000e+00   constant   
  13  w_y          0.00000e+00   constant   
  14  ANy2         1.52441e-04     fixed    
  15  pNy2         6.17155e+00   constant   
  16  w_vw         1.43200e+01   constant   
  17  LM          -8.21731e-05   constant   
  18  wCBO_expCoeff   1.99980e+02   3.98160e-02   9.53577e-05   1.22552e-01
  19  wCBO_expOffset   1.99995e+02   4.23784e-03   9.53650e-05  -7.88652e-02
  20  wCBO_expT    3.00069e+01   3.10449e-03   1.43084e-05  -5.14815e-01
  21  wCBO_linCoeff   0.00000e+00   constant   
  22  wCBO_const  -7.27444e-04   1.00753e-03   5.08129e-06   7.55312e-01
 MIGRAD MINIMIZATION HAS CONVERGED.
 MIGRAD WILL VERIFY CONVERGENCE AND ERROR MATRIX.
 COVARIANCE MATRIX CALCULATED SUCCESSFULLY
 FCN=425.699 FROM MIGRAD    STATUS=CONVERGED      44 CALLS         823 TOTAL
                     EDM=1.71517e-05    STRATEGY= 1      ERROR MATRIX ACCURATE 
  EXT PARAMETER                                   STEP         FIRST   
  NO.   NAME      VALUE            ERROR          SIZE      DERIVATIVE 
   1  N0           2.93466e+06     fixed    
   2  tau          6.44064e+01   constant   
   3  A0           3.50056e-01     fixed    
   4  phi          4.11750e+00     fixed    
   5  R           -6.14263e+01   constant   
   6  A_CBO       -6.34168e-06     fixed    
   7  w_CBO        2.32672e+00     fixed    
   8  phi_CBO      1.34148e+01     fixed    
   9  ANx2         5.09258e-04   constant   
  10  pNx2         1.79030e-01   constant   
  11  ANy1         0.00000e+00   constant   
  12  pNy1         0.00000e+00   constant   
  13  w_y          0.00000e+00   constant   
  14  ANy2         1.52441e-04     fixed    
  15  pNy2         6.17155e+00   constant   
  16  w_vw         1.43200e+01   constant   
  17  LM          -8.21731e-05   constant   
  18  wCBO_expCoeff   1.99980e+02   3.98464e-02   9.53577e-05  -2.07353e-02
  19  wCBO_expOffset   1.99995e+02   4.24215e-03   9.53650e-05  -1.47150e-01
  20  wCBO_expT    3.00069e+01   3.10605e-03   1.43084e-05  -2.16206e+00
  21  wCBO_linCoeff   0.00000e+00   constant   
  22  wCBO_const  -7.27540e-04   1.00706e-03   5.08056e-06  -3.44251e-01
 EXTERNAL ERROR MATRIX.    NDIM=  25    NPAR=  4    ERR DEF=1
  1.588e-03 -1.048e-04 -8.715e-05  1.492e-05 
 -1.048e-04  1.800e-05 -1.350e-06  1.675e-07 
 -8.715e-05 -1.350e-06  9.648e-06 -1.951e-06 
  1.492e-05  1.675e-07 -1.951e-06  1.014e-06 
 PARAMETER  CORRELATION COEFFICIENTS  
       NO.  GLOBAL     18     19     20     22
       18  0.99593   1.000 -0.620 -0.704  0.372
       19  0.99189  -0.620  1.000 -0.102  0.039
       20  0.99462  -0.704 -0.102  1.000 -0.624
       22  0.86592   0.372  0.039 -0.624  1.000
MINUIT - FIT ONLY 2-y
 **********
 **   76 **RES 
 **********
                   PARAMETER   14  ANy2 RESTORED TO VARIABLE.
                   PARAMETER    8  phi_CBO RESTORED TO VARIABLE.
                   PARAMETER    7  w_CBO RESTORED TO VARIABLE.
                   PARAMETER    6  A_CBO RESTORED TO VARIABLE.
                   PARAMETER    4  phi RESTORED TO VARIABLE.
                   PARAMETER    3  A0 RESTORED TO VARIABLE.
                   PARAMETER    1  N0 RESTORED TO VARIABLE.
 **********
 **   77 **FIX            0
 **********
 PARAMETER    0  IS UNDEFINED. IGNORED.
 **********
 **   78 **FIX            1
 **********
 **********
 **   79 **FIX            2
 **********
 PARAMETER    2  IS CONSTANT.   IGNORED.
 **********
 **   80 **FIX            3
 **********
 **********
 **   81 **FIX            4
 **********
 **********
 **   82 **FIX            5
 **********
 PARAMETER    5  IS CONSTANT.   IGNORED.
 **********
 **   83 **FIX            6
 **********
 **********
 **   84 **FIX            7
 **********
 **********
 **   85 **FIX            8
 **********
 **********
 **   86 **FIX            9
 **********
 PARAMETER    9  IS CONSTANT.   IGNORED.
 **********
 **   87 **FIX           10
 **********
 PARAMETER   10  IS CONSTANT.   IGNORED.
 **********
 **   88 **FIX           11
 **********
 PARAMETER   11  IS CONSTANT.   IGNORED.
 **********
 **   89 **FIX           12
 **********
 PARAMETER   12  IS CONSTANT.   IGNORED.
 **********
 **   90 **FIX           16
 **********
 PARAMETER   16  IS CONSTANT.   IGNORED.
 **********
 **   91 **MIGRAD
 **********
 START MIGRAD MINIMIZATION.  STRATEGY  1.  CONVERGENCE WHEN EDM .LT. 1.00e-04
 FCN=425.699 FROM MIGRAD    STATUS=INITIATE       10 CALLS         833 TOTAL
                     EDM= unknown      STRATEGY= 1      NO ERROR MATRIX       
  EXT PARAMETER               CURRENT GUESS       STEP         FIRST   
  NO.   NAME      VALUE            ERROR          SIZE      DERIVATIVE 
   1  N0           2.93466e+06     fixed    
   2  tau          6.44064e+01   constant   
   3  A0           3.50056e-01     fixed    
   4  phi          4.11750e+00     fixed    
   5  R           -6.14263e+01   constant   
   6  A_CBO       -6.34168e-06     fixed    
   7  w_CBO        2.32672e+00     fixed    
   8  phi_CBO      1.34148e+01     fixed    
   9  ANx2         5.09258e-04   constant   
  10  pNx2         1.79030e-01   constant   
  11  ANy1         0.00000e+00   constant   
  12  pNy1         0.00000e+00   constant   
  13  w_y          0.00000e+00   constant   
  14  ANy2         1.52441e-04   3.25084e-04   3.25084e-04   7.96350e-01
  15  pNy2         6.17155e+00   constant   
  16  w_vw         1.43200e+01   constant   
  17  LM          -8.21731e-05   constant   
  18  wCBO_expCoeff   1.99980e+02   3.98464e-02   9.53577e-05  -2.38043e-02
  19  wCBO_expOffset   1.99995e+02   4.24215e-03   9.53650e-05  -1.05102e+00
  20  wCBO_expT    3.00069e+01   3.10605e-03   1.43084e-05  -2.19025e+00
  21  wCBO_linCoeff   0.00000e+00   constant   
  22  wCBO_const  -7.27540e-04   1.00706e-03   5.08056e-06  -3.38676e-01
 MIGRAD MINIMIZATION HAS CONVERGED.
 MIGRAD WILL VERIFY CONVERGENCE AND ERROR MATRIX.
 COVARIANCE MATRIX CALCULATED SUCCESSFULLY
 FCN=425.699 FROM MIGRAD    STATUS=CONVERGED      55 CALLS         878 TOTAL
                     EDM=1.69732e-05    STRATEGY= 1      ERROR MATRIX ACCURATE 
  EXT PARAMETER                                   STEP         FIRST   
  NO.   NAME      VALUE            ERROR          SIZE      DERIVATIVE 
   1  N0           2.93466e+06     fixed    
   2  tau          6.44064e+01   constant   
   3  A0           3.50056e-01     fixed    
   4  phi          4.11750e+00     fixed    
   5  R           -6.14263e+01   constant   
   6  A_CBO       -6.34168e-06     fixed    
   7  w_CBO        2.32672e+00     fixed    
   8  phi_CBO      1.34148e+01     fixed    
   9  ANx2         5.09258e-04   constant   
  10  pNx2         1.79030e-01   constant   
  11  ANy1         0.00000e+00   constant   
  12  pNy1         0.00000e+00   constant   
  13  w_y          0.00000e+00   constant   
  14  ANy2         1.52427e-04   3.24798e-04   3.27191e-06   5.75648e-01
  15  pNy2         6.17155e+00   constant   
  16  w_vw         1.43200e+01   constant   
  17  LM          -8.21731e-05   constant   
  18  wCBO_expCoeff   1.99980e+02   3.98196e-02   9.53577e-05   1.11047e-01
  19  wCBO_expOffset   1.99995e+02   4.23984e-03   9.53650e-05   7.36051e-01
  20  wCBO_expT    3.00069e+01   3.10462e-03   1.43084e-05  -6.73487e-01
  21  wCBO_linCoeff   0.00000e+00   constant   
  22  wCBO_const  -7.27526e-04   1.00715e-03   5.08060e-06   4.52949e-01
 EXTERNAL ERROR MATRIX.    NDIM=  25    NPAR=  5    ERR DEF=1
  1.055e-07  1.555e-07 -3.879e-08  2.456e-09  7.342e-09 
  1.555e-07  1.586e-03 -1.047e-04 -8.706e-05  1.492e-05 
 -3.879e-08 -1.047e-04  1.798e-05 -1.351e-06  1.649e-07 
  2.456e-09 -8.706e-05 -1.351e-06  9.639e-06 -1.949e-06 
  7.342e-09  1.492e-05  1.649e-07 -1.949e-06  1.014e-06 
 PARAMETER  CORRELATION COEFFICIENTS  
       NO.  GLOBAL     14     18     19     20     22
       14  0.04994   1.000  0.012 -0.028  0.002  0.022
       18  0.99593   0.012  1.000 -0.620 -0.704  0.372
       19  0.99188  -0.028 -0.620  1.000 -0.103  0.039
       20  0.99462   0.002 -0.704 -0.103  1.000 -0.623
       22  0.86595   0.022  0.372  0.039 -0.623  1.000
MINUIT - FIT ALTOGETHER
 **********
 **   92 **RES 
 **********
                   PARAMETER    8  phi_CBO RESTORED TO VARIABLE.
                   PARAMETER    7  w_CBO RESTORED TO VARIABLE.
                   PARAMETER    6  A_CBO RESTORED TO VARIABLE.
                   PARAMETER    4  phi RESTORED TO VARIABLE.
                   PARAMETER    3  A0 RESTORED TO VARIABLE.
                   PARAMETER    1  N0 RESTORED TO VARIABLE.
 **********
 **   93 **MIGRAD
 **********
 START MIGRAD MINIMIZATION.  STRATEGY  1.  CONVERGENCE WHEN EDM .LT. 1.00e-04
 FCN=425.699 FROM MIGRAD    STATUS=INITIATE       22 CALLS         900 TOTAL
                     EDM= unknown      STRATEGY= 1      NO ERROR MATRIX       
  EXT PARAMETER               CURRENT GUESS       STEP         FIRST   
  NO.   NAME      VALUE            ERROR          SIZE      DERIVATIVE 
   1  N0           2.93466e+06   6.93129e+02   6.93129e+02  -3.27640e-05
   2  tau          6.44064e+01   constant   
   3  A0           3.50056e-01   3.08805e-04   3.08805e-04  -1.65426e+02
   4  phi          4.11750e+00   9.39405e-04   9.39405e-04   1.40504e+03
   5  R           -6.14263e+01   constant   
   6  A_CBO       -6.34168e-06   3.44776e-04   3.44776e-04   4.29886e+03
   7  w_CBO        2.32672e+00   7.93734e-04   7.93734e-04   9.52423e+00
   8  phi_CBO      1.34148e+01   8.46307e+00   8.46307e+00  -3.32036e-06
   9  ANx2         5.09258e-04   constant   
  10  pNx2         1.79030e-01   constant   
  11  ANy1         0.00000e+00   constant   
  12  pNy1         0.00000e+00   constant   
  13  w_y          0.00000e+00   constant   
  14  ANy2         1.52427e-04   3.24798e-04   3.27191e-06   5.75648e-01
  15  pNy2         6.17155e+00   constant   
  16  w_vw         1.43200e+01   constant   
  17  LM          -8.21731e-05   constant   
  18  wCBO_expCoeff   1.99980e+02   3.98196e-02   9.53577e-05   1.08714e-01
  19  wCBO_expOffset   1.99995e+02   4.23984e-03   9.53650e-05  -1.70818e-01
  20  wCBO_expT    3.00069e+01   3.10462e-03   1.43084e-05  -7.01921e-01
  21  wCBO_linCoeff   0.00000e+00   constant   
  22  wCBO_const  -7.27526e-04   1.00715e-03   5.08060e-06   4.58514e-01
 MIGRAD MINIMIZATION HAS CONVERGED.
 FCN=424.666 FROM MIGRAD    STATUS=CONVERGED     218 CALLS        1096 TOTAL
                     EDM=9.74843e-06    STRATEGY= 1  ERROR MATRIX UNCERTAINTY   1.9 per cent
  EXT PARAMETER                                   STEP         FIRST   
  NO.   NAME      VALUE            ERROR          SIZE      DERIVATIVE 
   1  N0           2.93469e+06   6.75260e+02   7.93334e+00   3.19024e-07
   2  tau          6.44064e+01   constant   
