 + ++++++++++++++++++++++++++++++++++++++++++++++++++++++++++++++++++++ +
 +                                                                      +
 +           You have chose to blind your fitting according to          +
 +                omega_ref * (1 + (R +/- deltaR) *10^{-6})             +
 +                                                                      +
 + ++++++++++++++++++++++++++++++++++++++++++++++++++++++++++++++++++++ +
In main()...
reading format from /gm2data/zkhechad/run45/envelope/formats/formatB_sBin_constraintOn.txt
pBinTau 	= 0  
pBinPhi 	= 0  
constraintau 	= 1 
includeMopTerm 	= 0    
constrainMop    = 0   
Parameters after format file: pBinTau 0 pBinPhi 0 constraintau 1 includeMopTerm 0 constrainMop 0 c_e_scale 0.000000 
reading cbo reference file (full fit) from /gm2data/zkhechad/cboTemplates/Run4CBOTemplates/fullFits/run4/sBin_constraintOn_cE0.0_seed0_run4_calo16.root
A_CBO 0.009336 w_CBO 2.326091 phi_CBO 1.561564 N0 3000865.229519 R -62.230085 tau 64.400102 
Reading cboRef file /gm2data/zkhechad/cboTemplates/Run4CBOTemplates//cboIsolate/run4_calo16.root
deltaT 164.120000
windowBins = 1100
fitting sliding window 1240 from bin 1443 at 215.295600 to bin 2543 at 379.415600 (1100 bins)

Reading data from /gm2data/cornell/histograms/aMethod/histogram_a_run4.root
fitting cbo isolate
 **********
 **    1 **SET PRINTOUT            1
 **********
 **********
 **    2 **SET NOWARNINGS 
 **********
 PARAMETER DEFINITIONS:
    NO.   NAME         VALUE      STEP SIZE      LIMITS
     1 A_CBO        9.33615e-03  1.00000e-05     no limits
     2 w_CBO        2.32609e+00  1.00000e-02    2.00000e+00  3.00000e+00
     3 phi_CBO      1.56156e+00  1.00000e-02    0.00000e+00  6.28319e+00
 **********
 **    3 **MIGRAD
 **********
 FIRST CALL TO USER FUNCTION AT NEW START POINT, WITH IFLAG=4.
 START MIGRAD MINIMIZATION.  STRATEGY  1.  CONVERGENCE WHEN EDM .LT. 1.00e-04
 FCN=0.0418634 FROM MIGRAD    STATUS=INITIATE       12 CALLS          13 TOTAL
                     EDM= unknown      STRATEGY= 1      NO ERROR MATRIX       
  EXT PARAMETER               CURRENT GUESS       STEP         FIRST   
  NO.   NAME      VALUE            ERROR          SIZE      DERIVATIVE 
   1  A_CBO        9.33615e-03   1.00000e-05   1.00000e-05   7.06782e+00
   2  w_CBO        2.32609e+00   1.00000e-02   2.13342e-02  -4.91141e-01
   3  phi_CBO      1.56156e+00   1.00000e-02   3.68279e-03   8.53652e-03
 MIGRAD MINIMIZATION HAS CONVERGED.
 MIGRAD WILL VERIFY CONVERGENCE AND ERROR MATRIX.
 COVARIANCE MATRIX CALCULATED SUCCESSFULLY
 FCN=0.0191509 FROM MIGRAD    STATUS=CONVERGED      49 CALLS          50 TOTAL
                     EDM=6.97902e-05    STRATEGY= 1      ERROR MATRIX ACCURATE 
  EXT PARAMETER                                   STEP         FIRST   
  NO.   NAME      VALUE            ERROR          SIZE      DERIVATIVE 
   1  A_CBO        2.90953e-03   4.26271e-02   2.10021e-05  -3.75618e-02
   2  w_CBO        2.32631e+00   3.03376e-01   5.16810e-05  -8.20584e-03
   3  phi_CBO      1.51662e+00   5.03960e+00   2.75103e-03  -1.62246e-04
 EXTERNAL ERROR MATRIX.    NDIM=  25    NPAR=  3    ERR DEF=1
  1.817e-03  5.207e-04  1.535e-01 
  5.207e-04  1.089e-01  3.192e+01 
  1.535e-01  3.192e+01  9.574e+03 
 PARAMETER  CORRELATION COEFFICIENTS  
       NO.  GLOBAL      1      2      3
        1  0.03704   1.000  0.037  0.037
        2  0.98880   0.037  1.000  0.989
        3  0.98880   0.037  0.989  1.000
setting A_CBO=0.002910 w_CBO=2.326310, phi_CBO=1.516620
done fitting cbo isolate
 **********
 **    1 **SET PRINTOUT            1
 **********
 **********
 **    2 **SET NOWARNINGS 
 **********
 PARAMETER DEFINITIONS:
    NO.   NAME         VALUE      STEP SIZE      LIMITS
     1 N0           3.00087e+06  1.00000e+02     no limits
     2 tau          6.44001e+01  constant
     3 A0           3.49583e-01  1.00000e-04     no limits
     4 phi          4.11719e+00  1.00000e-02     no limits
     5 R           -6.22301e+01  constant
     6 A_CBO        2.90953e-03  1.00000e-05     no limits
     7 w_CBO        2.32631e+00  1.00000e-03     no limits
     8 phi_CBO      1.51662e+00  1.00000e-04     no limits
     9 ANx2         8.68669e-04  constant
    10 pNx2         4.82289e+00  constant
    11 ANy1         0.00000e+00  constant
    12 pNy1         0.00000e+00  constant
    13 w_y          0.00000e+00  constant
    14 ANy2         6.17882e-03  1.00000e-04     no limits
    15 pNy2         1.49923e+00  constant
    16 w_vw         1.43037e+01  constant
    17 LM          -2.26665e-04  constant
    18 wCBO_expCoeff   2.00000e+02  1.00000e+00     no limits
    19 wCBO_expOffset   2.00000e+02  1.00000e+00     no limits
    20 wCBO_expT    3.00000e+01  1.00000e+00     no limits
    21 wCBO_linCoeff   0.00000e+00  constant
    22 wCBO_const   0.00000e+00  1.00000e-02     no limits
MINUIT - FIT ONLY WIGGLE
 **********
 **    3 **FIX            5
 **********
 PARAMETER    5  IS CONSTANT.   IGNORED.
 **********
 **    4 **FIX            6
 **********
 **********
 **    5 **FIX            7
 **********
 **********
 **    6 **FIX            8
 **********
 **********
 **    7 **FIX            9
 **********
 PARAMETER    9  IS CONSTANT.   IGNORED.
 **********
 **    8 **FIX           10
 **********
 PARAMETER   10  IS CONSTANT.   IGNORED.
 **********
 **    9 **FIX           11
 **********
 PARAMETER   11  IS CONSTANT.   IGNORED.
 **********
 **   10 **FIX           12
 **********
 PARAMETER   12  IS CONSTANT.   IGNORED.
 **********
 **   11 **FIX           13
 **********
 PARAMETER   13  IS CONSTANT.   IGNORED.
 **********
 **   12 **FIX           14
 **********
 **********
 **   13 **FIX           15
 **********
 PARAMETER   15  IS CONSTANT.   IGNORED.
 **********
 **   14 **FIX           16
 **********
 PARAMETER   16  IS CONSTANT.   IGNORED.
 **********
 **   15 **MIGRAD
 **********
 FIRST CALL TO USER FUNCTION AT NEW START POINT, WITH IFLAG=4.
 START MIGRAD MINIMIZATION.  STRATEGY  1.  CONVERGENCE WHEN EDM .LT. 1.00e-04
 FCN=1155.71 FROM MIGRAD    STATUS=INITIATE       93 CALLS          94 TOTAL
                     EDM= unknown      STRATEGY= 1      NO ERROR MATRIX       
  EXT PARAMETER               CURRENT GUESS       STEP         FIRST   
  NO.   NAME      VALUE            ERROR          SIZE      DERIVATIVE 
   1  N0           3.00087e+06   1.00000e+02   0.00000e+00   1.46985e-03
   2  tau          6.44001e+01   constant   
   3  A0           3.49583e-01   1.00000e-04   0.00000e+00  -2.45811e+03
   4  phi          4.11719e+00   1.00000e-02   0.00000e+00  -7.22837e+02
   5  R           -6.22301e+01   constant   
   6  A_CBO        2.90953e-03     fixed    
   7  w_CBO        2.32631e+00     fixed    
   8  phi_CBO      1.51662e+00     fixed    
   9  ANx2         8.68669e-04   constant   
  10  pNx2         4.82289e+00   constant   
  11  ANy1         0.00000e+00   constant   
  12  pNy1         0.00000e+00   constant   
  13  w_y          0.00000e+00   constant   
  14  ANy2         6.17882e-03     fixed    
  15  pNy2         1.49923e+00   constant   
  16  w_vw         1.43037e+01   constant   
  17  LM          -2.26665e-04   constant   
  18  wCBO_expCoeff   1.99984e+02   1.00000e+00   5.59068e-03   2.40957e+02
  19  wCBO_expOffset   2.00000e+02   1.00000e+00   0.00000e+00   1.67247e+03
  20  wCBO_expT    3.00000e+01   1.00000e+00   0.00000e+00   2.60771e+04
  21  wCBO_linCoeff   0.00000e+00   constant   
  22  wCBO_const   0.00000e+00   1.00000e-02   0.00000e+00   1.62414e+04
 MIGRAD FAILS TO FIND IMPROVEMENT
 MIGRAD MINIMIZATION HAS CONVERGED.
 FCN=1117.3 FROM MIGRAD    STATUS=CONVERGED     503 CALLS         504 TOTAL
                     EDM=4.42376e-05    STRATEGY= 1  ERROR MATRIX UNCERTAINTY   0.6 per cent
  EXT PARAMETER                                   STEP         FIRST   
  NO.   NAME      VALUE            ERROR          SIZE      DERIVATIVE 
   1  N0           3.00142e+06   5.46431e+02   0.00000e+00  -2.30428e-06
   2  tau          6.44001e+01   constant   
   3  A0           3.49869e-01   2.43104e-04  -0.00000e+00   4.38781e+00
   4  phi          4.11779e+00   7.30226e-04  -0.00000e+00   9.48919e-01
   5  R           -6.22301e+01   constant   
   6  A_CBO        2.90953e-03     fixed    
   7  w_CBO        2.32631e+00     fixed    
   8  phi_CBO      1.51662e+00     fixed    
   9  ANx2         8.68669e-04   constant   
  10  pNx2         4.82289e+00   constant   
  11  ANy1         0.00000e+00   constant   
  12  pNy1         0.00000e+00   constant   
  13  w_y          0.00000e+00   constant   
  14  ANy2         6.17882e-03     fixed    
  15  pNy2         1.49923e+00   constant   
  16  w_vw         1.43037e+01   constant   
  17  LM          -2.26665e-04   constant   
  18  wCBO_expCoeff   2.00003e+02   1.32062e-03  -0.00000e+00   1.55720e+01
  19  wCBO_expOffset   2.00003e+02   2.26242e-04   0.00000e+00  -5.92026e+01
  20  wCBO_expT    2.99942e+01   5.64562e-04  -0.00000e+00   1.52293e+01
  21  wCBO_linCoeff   0.00000e+00   constant   
  22  wCBO_const  -2.08690e-03   4.41074e-04  -0.00000e+00   2.07114e+00
 EXTERNAL ERROR MATRIX.    NDIM=  25    NPAR=  7    ERR DEF=1
  2.986e+05  7.710e-04  8.393e-04 -1.312e-01 -1.485e-03  3.139e-02 -8.282e-03 
  7.710e-04  5.910e-08 -5.495e-09  2.779e-08 -9.834e-09  8.984e-09 -5.236e-09 
  8.393e-04 -5.495e-09  5.332e-07  1.700e-07  6.246e-09 -4.574e-08  2.349e-08 
 -1.312e-01  2.779e-08  1.700e-07  1.744e-06  1.659e-07 -6.301e-07  3.532e-07 
 -1.485e-03 -9.834e-09  6.246e-09  1.659e-07  5.119e-08 -1.021e-07  2.971e-08 
  3.139e-02  8.984e-09 -4.574e-08 -6.301e-07 -1.021e-07  3.187e-07 -1.849e-07 
 -8.282e-03 -5.236e-09  2.349e-08  3.532e-07  2.971e-08 -1.849e-07  1.945e-07 
 PARAMETER  CORRELATION COEFFICIENTS  
       NO.  GLOBAL      1      3      4     18     19     20     22
        1  0.28567   1.000  0.006  0.002 -0.182 -0.012  0.102 -0.034
        3  0.35010   0.006  1.000 -0.031  0.087 -0.179  0.065 -0.049
        4  0.22217   0.002 -0.031  1.000  0.176  0.038 -0.111  0.073
       18  0.90961  -0.182  0.087  0.176  1.000  0.555 -0.845  0.606
       19  0.95127  -0.012 -0.179  0.038  0.555  1.000 -0.799  0.298
       20  0.98527   0.102  0.065 -0.111 -0.845 -0.799  1.000 -0.743
       22  0.92770  -0.034 -0.049  0.073  0.606  0.298 -0.743  1.000
MINUIT - FIT ONLY 1-CBO + other amplitudes 
 **********
 **   16 **RES 
 **********
                   PARAMETER   14  ANy2 RESTORED TO VARIABLE.
                   PARAMETER    8  phi_CBO RESTORED TO VARIABLE.
                   PARAMETER    7  w_CBO RESTORED TO VARIABLE.
                   PARAMETER    6  A_CBO RESTORED TO VARIABLE.
 **********
 **   17 **FIX            0
 **********
 PARAMETER    0  IS UNDEFINED. IGNORED.
 **********
 **   18 **FIX            1
 **********
 **********
 **   19 **FIX            2
 **********
 PARAMETER    2  IS CONSTANT.   IGNORED.
 **********
 **   20 **FIX            3
 **********
 **********
 **   21 **FIX            4
 **********
 **********
 **   22 **FIX            9
 **********
 PARAMETER    9  IS CONSTANT.   IGNORED.
 **********
 **   23 **FIX           11
 **********
 PARAMETER   11  IS CONSTANT.   IGNORED.
 **********
 **   24 **FIX           12
 **********
 PARAMETER   12  IS CONSTANT.   IGNORED.
 **********
 **   25 **FIX           14
 **********
 **********
 **   26 **FIX           15
 **********
 PARAMETER   15  IS CONSTANT.   IGNORED.
 **********
 **   27 **FIX           16
 **********
 PARAMETER   16  IS CONSTANT.   IGNORED.
 **********
 **   28 **MIGRAD
 **********
 START MIGRAD MINIMIZATION.  STRATEGY  1.  CONVERGENCE WHEN EDM .LT. 1.00e-04
 FCN=1117.3 FROM MIGRAD    STATUS=INITIATE       22 CALLS         526 TOTAL
                     EDM= unknown      STRATEGY= 1      NO ERROR MATRIX       
  EXT PARAMETER               CURRENT GUESS       STEP         FIRST   
  NO.   NAME      VALUE            ERROR          SIZE      DERIVATIVE 
   1  N0           3.00142e+06     fixed    
   2  tau          6.44001e+01   constant   
   3  A0           3.49869e-01     fixed    
   4  phi          4.11779e+00     fixed    
   5  R           -6.22301e+01   constant   
   6  A_CBO        2.90953e-03   1.00000e-05   1.00000e-05   7.21808e+04
   7  w_CBO        2.32631e+00   1.00000e-03   1.00000e-03   1.33747e+03
   8  phi_CBO      1.51662e+00   1.00000e-04   1.00000e-04  -1.81392e+00
   9  ANx2         8.68669e-04   constant   
  10  pNx2         4.82289e+00   constant   
  11  ANy1         0.00000e+00   constant   
  12  pNy1         0.00000e+00   constant   
  13  w_y          0.00000e+00   constant   
  14  ANy2         6.17882e-03     fixed    
  15  pNy2         1.49923e+00   constant   
  16  w_vw         1.43037e+01   constant   
  17  LM          -2.26665e-04   constant   
  18  wCBO_expCoeff   2.00003e+02   1.32062e-03  -0.00000e+00   1.55720e+01
  19  wCBO_expOffset   2.00003e+02   2.26242e-04   0.00000e+00  -5.92026e+01
  20  wCBO_expT    2.99942e+01   5.64562e-04  -0.00000e+00   1.52293e+01
  21  wCBO_linCoeff   0.00000e+00   constant   
  22  wCBO_const  -2.08690e-03   4.41074e-04  -0.00000e+00   2.07114e+00
 MIGRAD MINIMIZATION HAS CONVERGED.
 MIGRAD WILL VERIFY CONVERGENCE AND ERROR MATRIX.
 COVARIANCE MATRIX CALCULATED SUCCESSFULLY
 FCN=1033.94 FROM MIGRAD    STATUS=CONVERGED     209 CALLS         713 TOTAL
                     EDM=3.06499e-07    STRATEGY= 1      ERROR MATRIX ACCURATE 
  EXT PARAMETER                                   STEP         FIRST   
  NO.   NAME      VALUE            ERROR          SIZE      DERIVATIVE 
   1  N0           3.00142e+06     fixed    
   2  tau          6.44001e+01   constant   
   3  A0           3.49869e-01     fixed    
   4  phi          4.11779e+00     fixed    
   5  R           -6.22301e+01   constant   
   6  A_CBO        5.97619e-04   2.57223e-04   3.95294e-06   4.06564e-01
   7  w_CBO        2.32631e+00   1.77478e-04   1.10927e-06   3.70021e+01
   8  phi_CBO      1.47054e+00   4.75476e-01   6.75782e-03   3.68578e-04
   9  ANx2         8.68669e-04   constant   
  10  pNx2         4.82289e+00   constant   
  11  ANy1         0.00000e+00   constant   
  12  pNy1         0.00000e+00   constant   
  13  w_y          0.00000e+00   constant   
  14  ANy2         6.17882e-03     fixed    
  15  pNy2         1.49923e+00   constant   
  16  w_vw         1.43037e+01   constant   
  17  LM          -2.26665e-04   constant   
  18  wCBO_expCoeff   2.00003e+02   1.53627e-02   9.53688e-05   4.09203e-01
  19  wCBO_expOffset   2.00003e+02   7.61025e-04   9.53688e-05   2.69403e+00
  20  wCBO_expT    2.99939e+01   5.32080e-04   1.43022e-05   3.99037e+00
  21  wCBO_linCoeff   0.00000e+00   constant   
  22  wCBO_const  -1.71129e-03   4.77534e-04   3.37047e-06   2.96450e+00
 EXTERNAL ERROR MATRIX.    NDIM=  25    NPAR=  7    ERR DEF=1
  6.616e-08  9.631e-10  2.951e-06  1.176e-07 -3.428e-08  8.889e-09 -1.032e-08 
  9.631e-10  3.150e-08  2.294e-06 -2.513e-06 -2.193e-08 -9.303e-09 -9.351e-09 
  2.951e-06  2.294e-06  2.261e-01  2.308e-04 -2.230e-05 -2.989e-05  2.360e-05 
  1.176e-07 -2.513e-06  2.308e-04  2.360e-04 -2.267e-06 -9.381e-07  1.510e-06 
 -3.428e-08 -2.193e-08 -2.230e-05 -2.267e-06  5.792e-07  7.154e-08 -3.081e-08 
  8.889e-09 -9.303e-09 -2.989e-05 -9.381e-07  7.154e-08  2.831e-07 -1.781e-07 
 -1.032e-08 -9.351e-09  2.360e-05  1.510e-06 -3.081e-08 -1.781e-07  2.280e-07 
 PARAMETER  CORRELATION COEFFICIENTS  
       NO.  GLOBAL      6      7      8     18     19     20     22
        6  0.20703   1.000  0.021  0.024  0.030 -0.175  0.065 -0.084
        7  0.99877   0.021  1.000  0.027 -0.922 -0.162 -0.099 -0.110
        8  0.42599   0.024  0.027  1.000  0.032 -0.062 -0.118  0.104
       18  0.99876   0.030 -0.922  0.032  1.000 -0.194 -0.115  0.206
       19  0.98848  -0.175 -0.162 -0.062 -0.194  1.000  0.177 -0.085
       20  0.97509   0.065 -0.099 -0.118 -0.115  0.177  1.000 -0.701
       22  0.89334  -0.084 -0.110  0.104  0.206 -0.085 -0.701  1.000
MINUIT - FIT ONLY 1-CBO
 **********
 **   29 **RES 
 **********
                   PARAMETER   14  ANy2 RESTORED TO VARIABLE.
                   PARAMETER    4  phi RESTORED TO VARIABLE.
                   PARAMETER    3  A0 RESTORED TO VARIABLE.
                   PARAMETER    1  N0 RESTORED TO VARIABLE.
 **********
 **   30 **FIX            0
 **********
 PARAMETER    0  IS UNDEFINED. IGNORED.
 **********
 **   31 **FIX            1
 **********
 **********
 **   32 **FIX            2
 **********
 PARAMETER    2  IS CONSTANT.   IGNORED.
 **********
 **   33 **FIX            3
 **********
 **********
 **   34 **FIX            4
 **********
 **********
 **   35 **FIX            8
 **********
 **********
 **   36 **FIX            9
 **********
 PARAMETER    9  IS CONSTANT.   IGNORED.
 **********
 **   37 **FIX           11
 **********
 PARAMETER   11  IS CONSTANT.   IGNORED.
 **********
 **   38 **FIX           12
 **********
 PARAMETER   12  IS CONSTANT.   IGNORED.
 **********
 **   39 **FIX           13
 **********
 PARAMETER   13  IS CONSTANT.   IGNORED.
 **********
 **   40 **FIX           15
 **********
 PARAMETER   15  IS CONSTANT.   IGNORED.
 **********
 **   41 **FIX           16
 **********
 PARAMETER   16  IS CONSTANT.   IGNORED.
 **********
 **   42 **MIGRAD
 **********
 START MIGRAD MINIMIZATION.  STRATEGY  1.  CONVERGENCE WHEN EDM .LT. 1.00e-04
 FCN=1033.94 FROM MIGRAD    STATUS=INITIATE       16 CALLS         729 TOTAL
                     EDM= unknown      STRATEGY= 1      NO ERROR MATRIX       
  EXT PARAMETER               CURRENT GUESS       STEP         FIRST   
  NO.   NAME      VALUE            ERROR          SIZE      DERIVATIVE 
   1  N0           3.00142e+06     fixed    
   2  tau          6.44001e+01   constant   
   3  A0           3.49869e-01     fixed    
   4  phi          4.11779e+00     fixed    
   5  R           -6.22301e+01   constant   
   6  A_CBO        5.97619e-04   2.57223e-04   3.95294e-06   4.06564e-01
   7  w_CBO        2.32631e+00   1.77478e-04   1.10927e-06   3.42582e+01
   8  phi_CBO      1.47054e+00     fixed    
   9  ANx2         8.68669e-04   constant   
  10  pNx2         4.82289e+00   constant   
  11  ANy1         0.00000e+00   constant   
  12  pNy1         0.00000e+00   constant   
  13  w_y          0.00000e+00   constant   
  14  ANy2         6.17882e-03   1.00000e-04   1.00000e-04   1.85675e+05
  15  pNy2         1.49923e+00   constant   
  16  w_vw         1.43037e+01   constant   
  17  LM          -2.26665e-04   constant   
  18  wCBO_expCoeff   2.00003e+02   1.53627e-02   9.53688e-05   3.89099e-01
  19  wCBO_expOffset   2.00003e+02   7.61025e-04   9.53688e-05  -4.61901e+00
  20  wCBO_expT    2.99939e+01   5.32080e-04   1.43022e-05   2.56691e+00
  21  wCBO_linCoeff   0.00000e+00   constant   
  22  wCBO_const  -1.71129e-03   4.77534e-04   3.37047e-06   2.96825e+00
 MIGRAD MINIMIZATION HAS CONVERGED.
 MIGRAD WILL VERIFY CONVERGENCE AND ERROR MATRIX.
 FCN=473.409 FROM MIGRAD    STATUS=CONVERGED     199 CALLS         912 TOTAL
                     EDM=3.15557e-06    STRATEGY= 1      ERR MATRIX NOT POS-DEF
  EXT PARAMETER                APPROXIMATE        STEP         FIRST   
  NO.   NAME      VALUE            ERROR          SIZE      DERIVATIVE 
   1  N0           3.00142e+06     fixed    
   2  tau          6.44001e+01   constant   
   3  A0           3.49869e-01     fixed    
   4  phi          4.11779e+00     fixed    
   5  R           -6.22301e+01   constant   
   6  A_CBO        3.30822e-04   2.65003e-04   2.69539e-06  -8.05627e-01
   7  w_CBO        2.32632e+00   1.29302e-04   1.10928e-06  -1.38457e+02
   8  phi_CBO      1.47054e+00     fixed    
   9  ANx2         8.68669e-04   constant   
  10  pNx2         4.82289e+00   constant   
  11  ANy1         0.00000e+00   constant   
  12  pNy1         0.00000e+00   constant   
  13  w_y          0.00000e+00   constant   
  14  ANy2         1.32892e-04   2.55652e-04   2.70559e-06  -2.46444e+00
  15  pNy2         1.49923e+00   constant   
  16  w_vw         1.43037e+01   constant   
  17  LM          -2.26665e-04   constant   
  18  wCBO_expCoeff   2.00003e+02   1.11971e-02   9.53690e-05  -1.59134e+00
  19  wCBO_expOffset   2.00003e+02   1.20917e-03   9.53689e-05  -1.05258e+01
  20  wCBO_expT    2.99934e+01   6.81651e-04   1.43020e-05  -6.01898e+00
  21  wCBO_linCoeff   0.00000e+00   constant   
  22  wCBO_const  -1.66827e-03   6.80581e-04   3.51675e-06  -3.90225e+00
 EXTERNAL ERROR MATRIX.    NDIM=  25    NPAR=  7    ERR DEF=1
  7.023e-08  3.498e-09  2.904e-09  3.225e-07 -9.020e-08 -1.470e-08  1.007e-08 
  3.498e-09  1.672e-08  3.677e-10 -1.002e-06 -5.609e-08 -1.353e-08 -1.822e-09 
  2.904e-09  3.677e-10  6.536e-08  3.537e-08 -1.520e-08  8.623e-09  2.242e-09 
  3.225e-07 -1.002e-06  3.537e-08  1.254e-04 -5.070e-06 -1.194e-06  8.943e-07 
 -9.020e-08 -5.609e-08 -1.520e-08 -5.070e-06  1.462e-06  8.060e-08 -4.657e-08 
 -1.470e-08 -1.353e-08  8.623e-09 -1.194e-06  8.060e-08  4.646e-07 -2.829e-07 
  1.007e-08 -1.822e-09  2.242e-09  8.943e-07 -4.657e-08 -2.829e-07  4.632e-07 
ERR MATRIX NOT POS-DEF
 PARAMETER  CORRELATION COEFFICIENTS  
       NO.  GLOBAL      6      7     14     18     19     20     22
        6  0.30134   1.000  0.102  0.043  0.109 -0.281 -0.081  0.056
        7  0.99609   0.102  1.000  0.011 -0.692 -0.359 -0.154 -0.021
       14  0.12490   0.043  0.011  1.000  0.012 -0.049  0.049  0.013
       18  0.99605   0.109 -0.692  0.012  1.000 -0.374 -0.156  0.117
       19  0.99233  -0.281 -0.359 -0.049 -0.374  1.000  0.098 -0.057
       20  0.96705  -0.081 -0.154  0.049 -0.156  0.098  1.000 -0.610
       22  0.87495   0.056 -0.021  0.013  0.117 -0.057 -0.610  1.000
 ERR MATRIX NOT POS-DEF
MINUIT - FIT ONLY 2-CBO
 **********
 **   43 **RES 
 **********
                   PARAMETER    8  phi_CBO RESTORED TO VARIABLE.
                   PARAMETER    4  phi RESTORED TO VARIABLE.
                   PARAMETER    3  A0 RESTORED TO VARIABLE.
                   PARAMETER    1  N0 RESTORED TO VARIABLE.
 **********
 **   44 **FIX            0
 **********
 PARAMETER    0  IS UNDEFINED. IGNORED.
 **********
 **   45 **FIX            1
 **********
 **********
 **   46 **FIX            2
 **********
 PARAMETER    2  IS CONSTANT.   IGNORED.
 **********
 **   47 **FIX            3
 **********
 **********
 **   48 **FIX            4
 **********
 **********
 **   49 **FIX            5
 **********
 PARAMETER    5  IS CONSTANT.   IGNORED.
 **********
 **   50 **FIX            6
 **********
 **********
 **   51 **FIX            7
 **********
 **********
 **   52 **FIX           10
 **********
 PARAMETER   10  IS CONSTANT.   IGNORED.
 **********
 **   53 **FIX           11
 **********
 PARAMETER   11  IS CONSTANT.   IGNORED.
 **********
 **   54 **FIX           12
 **********
 PARAMETER   12  IS CONSTANT.   IGNORED.
 **********
 **   55 **FIX           13
 **********
 PARAMETER   13  IS CONSTANT.   IGNORED.
 **********
 **   56 **FIX           14
 **********
 **********
 **   57 **FIX           15
 **********
 PARAMETER   15  IS CONSTANT.   IGNORED.
 **********
 **   58 **FIX           16
 **********
 PARAMETER   16  IS CONSTANT.   IGNORED.
 **********
 **   59 **MIGRAD
 **********
 START MIGRAD MINIMIZATION.  STRATEGY  1.  CONVERGENCE WHEN EDM .LT. 1.00e-04
 FCN=473.409 FROM MIGRAD    STATUS=INITIATE       12 CALLS         924 TOTAL
                     EDM= unknown      STRATEGY= 1      NO ERROR MATRIX       
  EXT PARAMETER               CURRENT GUESS       STEP         FIRST   
  NO.   NAME      VALUE            ERROR          SIZE      DERIVATIVE 
   1  N0           3.00142e+06     fixed    
   2  tau          6.44001e+01   constant   
   3  A0           3.49869e-01     fixed    
   4  phi          4.11779e+00     fixed    
   5  R           -6.22301e+01   constant   
   6  A_CBO        3.30822e-04     fixed    
   7  w_CBO        2.32632e+00     fixed    
   8  phi_CBO      1.47054e+00   4.75476e-01   4.75476e-01  -4.39762e-01
   9  ANx2         8.68669e-04   constant   
  10  pNx2         4.82289e+00   constant   
  11  ANy1         0.00000e+00   constant   
  12  pNy1         0.00000e+00   constant   
  13  w_y          0.00000e+00   constant   
  14  ANy2         1.32892e-04     fixed    
  15  pNy2         1.49923e+00   constant   
  16  w_vw         1.43037e+01   constant   
  17  LM          -2.26665e-04   constant   
  18  wCBO_expCoeff   2.00003e+02   1.11971e-02   9.53690e-05  -1.54193e+00
  19  wCBO_expOffset   2.00003e+02   1.20917e-03   9.53689e-05   9.31675e+00
  20  wCBO_expT    2.99934e+01   6.81651e-04   1.43020e-05  -5.81752e+00
  21  wCBO_linCoeff   0.00000e+00   constant   
  22  wCBO_const  -1.66827e-03   6.80581e-04   3.51675e-06  -3.89375e+00
 MIGRAD MINIMIZATION HAS CONVERGED.
 MIGRAD WILL VERIFY CONVERGENCE AND ERROR MATRIX.
 COVARIANCE MATRIX CALCULATED SUCCESSFULLY
 FCN=473.375 FROM MIGRAD    STATUS=CONVERGED     107 CALLS        1019 TOTAL
                     EDM=6.4195e-06    STRATEGY= 1      ERROR MATRIX ACCURATE 
  EXT PARAMETER                                   STEP         FIRST   
  NO.   NAME      VALUE            ERROR          SIZE      DERIVATIVE 
   1  N0           3.00142e+06     fixed    
   2  tau          6.44001e+01   constant   
   3  A0           3.49869e-01     fixed    
   4  phi          4.11779e+00     fixed    
   5  R           -6.22301e+01   constant   
   6  A_CBO        3.30822e-04     fixed    
   7  w_CBO        2.32632e+00     fixed    
   8  phi_CBO      1.62264e+00   8.36811e-01   8.11692e-03  -2.56570e-03
   9  ANx2         8.68669e-04   constant   
  10  pNx2         4.82289e+00   constant   
  11  ANy1         0.00000e+00   constant   
  12  pNy1         0.00000e+00   constant   
  13  w_y          0.00000e+00   constant   
  14  ANy2         1.32892e-04     fixed    
  15  pNy2         1.49923e+00   constant   
  16  w_vw         1.43037e+01   constant   
  17  LM          -2.26665e-04   constant   
  18  wCBO_expCoeff   2.00003e+02   1.43667e-02   9.53690e-05  -1.39533e+00
  19  wCBO_expOffset   2.00003e+02   1.96342e-03   9.53689e-05  -9.21221e+00
  20  wCBO_expT    2.99934e+01   7.51311e-04   1.43020e-05  -7.39428e+00
  21  wCBO_linCoeff   0.00000e+00   constant   
  22  wCBO_const  -1.65785e-03   7.13860e-04   3.50011e-06  -5.38584e+00
 EXTERNAL ERROR MATRIX.    NDIM=  25    NPAR=  5    ERR DEF=1
  7.003e-01  1.885e-03 -2.075e-04 -5.558e-05  6.063e-05 
  1.885e-03  2.064e-04 -2.746e-05 -5.212e-06  2.451e-06 
 -2.075e-04 -2.746e-05  3.855e-06  4.461e-07 -2.592e-07 
 -5.558e-05 -5.212e-06  4.461e-07  5.645e-07 -3.526e-07 
  6.063e-05  2.451e-06 -2.592e-07 -3.526e-07  5.096e-07 
 PARAMETER  CORRELATION COEFFICIENTS  
       NO.  GLOBAL      8     18     19     20     22
        8  0.41032   1.000  0.157 -0.126 -0.088  0.101
       18  0.99761   0.157  1.000 -0.973 -0.483  0.239
       19  0.99710  -0.126 -0.973  1.000  0.302 -0.185
       20  0.97300  -0.088 -0.483  0.302  1.000 -0.658
       22  0.88727   0.101  0.239 -0.185 -0.658  1.000
MINUIT - FIT ONLY 1-y
 **********
 **   60 **RES 
 **********
                   PARAMETER   14  ANy2 RESTORED TO VARIABLE.
                   PARAMETER    7  w_CBO RESTORED TO VARIABLE.
                   PARAMETER    6  A_CBO RESTORED TO VARIABLE.
                   PARAMETER    4  phi RESTORED TO VARIABLE.
                   PARAMETER    3  A0 RESTORED TO VARIABLE.
                   PARAMETER    1  N0 RESTORED TO VARIABLE.
 **********
 **   61 **FIX            0
 **********
 PARAMETER    0  IS UNDEFINED. IGNORED.
 **********
 **   62 **FIX            1
 **********
 **********
 **   63 **FIX            2
 **********
 PARAMETER    2  IS CONSTANT.   IGNORED.
 **********
 **   64 **FIX            3
 **********
 **********
 **   65 **FIX            4
 **********
 **********
 **   66 **FIX            5
 **********
 PARAMETER    5  IS CONSTANT.   IGNORED.
 **********
 **   67 **FIX            6
 **********
 **********
 **   68 **FIX            7
 **********
 **********
 **   69 **FIX            8
 **********
 **********
 **   70 **FIX            9
 **********
 PARAMETER    9  IS CONSTANT.   IGNORED.
 **********
 **   71 **FIX           13
 **********
 PARAMETER   13  IS CONSTANT.   IGNORED.
 **********
 **   72 **FIX           14
 **********
 **********
 **   73 **FIX           15
 **********
 PARAMETER   15  IS CONSTANT.   IGNORED.
 **********
 **   74 **FIX           16
 **********
 PARAMETER   16  IS CONSTANT.   IGNORED.
 **********
 **   75 **MIGRAD
 **********
 START MIGRAD MINIMIZATION.  STRATEGY  1.  CONVERGENCE WHEN EDM .LT. 1.00e-04
 FCN=473.375 FROM MIGRAD    STATUS=INITIATE        8 CALLS        1027 TOTAL
                     EDM= unknown      STRATEGY= 1      NO ERROR MATRIX       
  EXT PARAMETER               CURRENT GUESS       STEP         FIRST   
  NO.   NAME      VALUE            ERROR          SIZE      DERIVATIVE 
   1  N0           3.00142e+06     fixed    
   2  tau          6.44001e+01   constant   
   3  A0           3.49869e-01     fixed    
   4  phi          4.11779e+00     fixed    
   5  R           -6.22301e+01   constant   
   6  A_CBO        3.30822e-04     fixed    
   7  w_CBO        2.32632e+00     fixed    
   8  phi_CBO      1.62264e+00     fixed    
   9  ANx2         8.68669e-04   constant   
  10  pNx2         4.82289e+00   constant   
  11  ANy1         0.00000e+00   constant   
  12  pNy1         0.00000e+00   constant   
  13  w_y          0.00000e+00   constant   
  14  ANy2         1.32892e-04     fixed    
  15  pNy2         1.49923e+00   constant   
  16  w_vw         1.43037e+01   constant   
  17  LM          -2.26665e-04   constant   
  18  wCBO_expCoeff   2.00003e+02   1.43667e-02   9.53690e-05  -1.34213e+00
  19  wCBO_expOffset   2.00003e+02   1.96342e-03   9.53689e-05   1.18816e+01
  20  wCBO_expT    2.99934e+01   7.51311e-04   1.43020e-05  -7.23020e+00
  21  wCBO_linCoeff   0.00000e+00   constant   
  22  wCBO_const  -1.65785e-03   7.13860e-04   3.50011e-06  -5.37768e+00
 MIGRAD MINIMIZATION HAS CONVERGED.
 MIGRAD WILL VERIFY CONVERGENCE AND ERROR MATRIX.
 COVARIANCE MATRIX CALCULATED SUCCESSFULLY
 FCN=473.375 FROM MIGRAD    STATUS=CONVERGED      48 CALLS        1067 TOTAL
                     EDM=5.61353e-05    STRATEGY= 1      ERROR MATRIX ACCURATE 
  EXT PARAMETER                                   STEP         FIRST   
  NO.   NAME      VALUE            ERROR          SIZE      DERIVATIVE 
   1  N0           3.00142e+06     fixed    
   2  tau          6.44001e+01   constant   
   3  A0           3.49869e-01     fixed    
   4  phi          4.11779e+00     fixed    
   5  R           -6.22301e+01   constant   
   6  A_CBO        3.30822e-04     fixed    
   7  w_CBO        2.32632e+00     fixed    
   8  phi_CBO      1.62264e+00     fixed    
   9  ANx2         8.68669e-04   constant   
  10  pNx2         4.82289e+00   constant   
  11  ANy1         0.00000e+00   constant   
  12  pNy1         0.00000e+00   constant   
  13  w_y          0.00000e+00   constant   
  14  ANy2         1.32892e-04     fixed    
  15  pNy2         1.49923e+00   constant   
  16  w_vw         1.43037e+01   constant   
  17  LM          -2.26665e-04   constant   
  18  wCBO_expCoeff   2.00003e+02   1.40900e-02   9.53690e-05  -3.38208e-02
  19  wCBO_expOffset   2.00003e+02   1.93370e-03   9.53689e-05   5.02018e+00
  20  wCBO_expT    2.99934e+01   7.47679e-04   1.43020e-05   1.30182e+00
  21  wCBO_linCoeff   0.00000e+00   constant   
  22  wCBO_const  -1.65766e-03   7.09996e-04   3.50169e-06  -5.10716e-01
 EXTERNAL ERROR MATRIX.    NDIM=  25    NPAR=  4    ERR DEF=1
  1.985e-04 -2.651e-05 -5.012e-06  2.262e-06 
 -2.651e-05  3.739e-06  4.228e-07 -2.377e-07 
 -5.012e-06  4.228e-07  5.590e-07 -3.473e-07 
  2.262e-06 -2.377e-07 -3.473e-07  5.041e-07 
 PARAMETER  CORRELATION COEFFICIENTS  
       NO.  GLOBAL     18     19     20     22
       18  0.99751   1.000 -0.973 -0.476  0.226
       19  0.99701  -0.973  1.000  0.292 -0.173
       20  0.97274  -0.476  0.292  1.000 -0.654
       22  0.88597   0.226 -0.173 -0.654  1.000
MINUIT - FIT ONLY 2-y
 **********
 **   76 **RES 
 **********
                   PARAMETER   14  ANy2 RESTORED TO VARIABLE.
                   PARAMETER    8  phi_CBO RESTORED TO VARIABLE.
                   PARAMETER    7  w_CBO RESTORED TO VARIABLE.
                   PARAMETER    6  A_CBO RESTORED TO VARIABLE.
                   PARAMETER    4  phi RESTORED TO VARIABLE.
                   PARAMETER    3  A0 RESTORED TO VARIABLE.
                   PARAMETER    1  N0 RESTORED TO VARIABLE.
 **********
 **   77 **FIX            0
 **********
 PARAMETER    0  IS UNDEFINED. IGNORED.
 **********
 **   78 **FIX            1
 **********
 **********
 **   79 **FIX            2
 **********
 PARAMETER    2  IS CONSTANT.   IGNORED.
 **********
 **   80 **FIX            3
 **********
 **********
 **   81 **FIX            4
 **********
 **********
 **   82 **FIX            5
 **********
 PARAMETER    5  IS CONSTANT.   IGNORED.
 **********
 **   83 **FIX            6
 **********
 **********
 **   84 **FIX            7
 **********
 **********
 **   85 **FIX            8
 **********
 **********
 **   86 **FIX            9
 **********
 PARAMETER    9  IS CONSTANT.   IGNORED.
 **********
 **   87 **FIX           10
 **********
 PARAMETER   10  IS CONSTANT.   IGNORED.
 **********
 **   88 **FIX           11
 **********
 PARAMETER   11  IS CONSTANT.   IGNORED.
 **********
 **   89 **FIX           12
 **********
 PARAMETER   12  IS CONSTANT.   IGNORED.
 **********
 **   90 **FIX           16
 **********
 PARAMETER   16  IS CONSTANT.   IGNORED.
 **********
 **   91 **MIGRAD
 **********
 START MIGRAD MINIMIZATION.  STRATEGY  1.  CONVERGENCE WHEN EDM .LT. 1.00e-04
 FCN=473.375 FROM MIGRAD    STATUS=INITIATE       10 CALLS        1077 TOTAL
                     EDM= unknown      STRATEGY= 1      NO ERROR MATRIX       
  EXT PARAMETER               CURRENT GUESS       STEP         FIRST   
  NO.   NAME      VALUE            ERROR          SIZE      DERIVATIVE 
   1  N0           3.00142e+06     fixed    
   2  tau          6.44001e+01   constant   
   3  A0           3.49869e-01     fixed    
   4  phi          4.11779e+00     fixed    
   5  R           -6.22301e+01   constant   
   6  A_CBO        3.30822e-04     fixed    
   7  w_CBO        2.32632e+00     fixed    
   8  phi_CBO      1.62264e+00     fixed    
   9  ANx2         8.68669e-04   constant   
  10  pNx2         4.82289e+00   constant   
  11  ANy1         0.00000e+00   constant   
  12  pNy1         0.00000e+00   constant   
  13  w_y          0.00000e+00   constant   
  14  ANy2         1.32892e-04   2.55652e-04   2.55652e-04   4.76347e+00
  15  pNy2         1.49923e+00   constant   
  16  w_vw         1.43037e+01   constant   
  17  LM          -2.26665e-04   constant   
  18  wCBO_expCoeff   2.00003e+02   1.40900e-02   9.53690e-05   3.60532e-02
  19  wCBO_expOffset   2.00003e+02   1.93370e-03   9.53689e-05   2.09689e+01
  20  wCBO_expT    2.99934e+01   7.47679e-04   1.43020e-05   1.51683e+00
  21  wCBO_linCoeff   0.00000e+00   constant   
  22  wCBO_const  -1.65766e-03   7.09996e-04   3.50169e-06  -5.02565e-01
 MIGRAD MINIMIZATION HAS CONVERGED.
 MIGRAD WILL VERIFY CONVERGENCE AND ERROR MATRIX.
 COVARIANCE MATRIX CALCULATED SUCCESSFULLY
 FCN=473.375 FROM MIGRAD    STATUS=CONVERGED      61 CALLS        1128 TOTAL
                     EDM=1.76962e-06    STRATEGY= 1      ERROR MATRIX ACCURATE 
  EXT PARAMETER                                   STEP         FIRST   
  NO.   NAME      VALUE            ERROR          SIZE      DERIVATIVE 
   1  N0           3.00142e+06     fixed    
   2  tau          6.44001e+01   constant   
   3  A0           3.49869e-01     fixed    
   4  phi          4.11779e+00     fixed    
   5  R           -6.22301e+01   constant   
   6  A_CBO        3.30822e-04     fixed    
   7  w_CBO        2.32632e+00     fixed    
   8  phi_CBO      1.62264e+00     fixed    
   9  ANx2         8.68669e-04   constant   
  10  pNx2         4.82289e+00   constant   
  11  ANy1         0.00000e+00   constant   
  12  pNy1         0.00000e+00   constant   
  13  w_y          0.00000e+00   constant   
  14  ANy2         1.32873e-04   2.56415e-04   2.70549e-06   4.30206e+00
  15  pNy2         1.49923e+00   constant   
  16  w_vw         1.43037e+01   constant   
  17  LM          -2.26665e-04   constant   
  18  wCBO_expCoeff   2.00003e+02   1.41338e-02   9.53690e-05  -4.32091e-01
  19  wCBO_expOffset   2.00003e+02   1.94108e-03   9.53689e-05  -2.67631e+00
  20  wCBO_expT    2.99934e+01   7.48441e-04   1.43020e-05  -8.45988e-01
  21  wCBO_linCoeff   0.00000e+00   constant   
  22  wCBO_const  -1.65766e-03   7.10134e-04   3.50157e-06  -1.43250e+00
 EXTERNAL ERROR MATRIX.    NDIM=  25    NPAR=  5    ERR DEF=1
  6.575e-08  1.619e-07 -2.849e-08  7.453e-09  2.711e-09 
  1.619e-07  1.998e-04 -2.670e-05 -5.009e-06  2.276e-06 
 -2.849e-08 -2.670e-05  3.768e-06  4.216e-07 -2.399e-07 
  7.453e-09 -5.009e-06  4.216e-07  5.602e-07 -3.472e-07 
  2.711e-09  2.276e-06 -2.399e-07 -3.472e-07  5.043e-07 
 PARAMETER  CORRELATION COEFFICIENTS  
       NO.  GLOBAL     14     18     19     20     22
       14  0.12516   1.000  0.045 -0.057  0.039  0.015
       18  0.99753   0.045  1.000 -0.973 -0.474  0.227
       19  0.99703  -0.057 -0.973  1.000  0.290 -0.174
       20  0.97279   0.039 -0.474  0.290  1.000 -0.653
       22  0.88602   0.015  0.227 -0.174 -0.653  1.000
MINUIT - FIT ALTOGETHER
 **********
 **   92 **RES 
 **********
                   PARAMETER    8  phi_CBO RESTORED TO VARIABLE.
                   PARAMETER    7  w_CBO RESTORED TO VARIABLE.
                   PARAMETER    6  A_CBO RESTORED TO VARIABLE.
                   PARAMETER    4  phi RESTORED TO VARIABLE.
                   PARAMETER    3  A0 RESTORED TO VARIABLE.
                   PARAMETER    1  N0 RESTORED TO VARIABLE.
 **********
 **   93 **MIGRAD
 **********
 START MIGRAD MINIMIZATION.  STRATEGY  1.  CONVERGENCE WHEN EDM .LT. 1.00e-04
 FCN=473.375 FROM MIGRAD    STATUS=INITIATE       22 CALLS        1150 TOTAL
                     EDM= unknown      STRATEGY= 1      NO ERROR MATRIX       
  EXT PARAMETER               CURRENT GUESS       STEP         FIRST   
  NO.   NAME      VALUE            ERROR          SIZE      DERIVATIVE 
   1  N0           3.00142e+06   5.46431e+02   5.46431e+02   1.32208e-03
   2  tau          6.44001e+01   constant   
   3  A0           3.49869e-01   2.43104e-04   2.43104e-04   2.54347e+03
   4  phi          4.11779e+00   7.30226e-04   7.30226e-04   1.90558e+03
   5  R           -6.22301e+01   constant   
   6  A_CBO        3.30822e-04   2.65003e-04   2.65003e-04  -1.25150e+02
   7  w_CBO        2.32632e+00   1.29302e-04   1.29302e-04  -3.16240e+01
   8  phi_CBO      1.62264e+00   8.36811e-01   8.36811e-01  -3.10744e-03
   9  ANx2         8.68669e-04   constant   
  10  pNx2         4.82289e+00   constant   
  11  ANy1         0.00000e+00   constant   
  12  pNy1         0.00000e+00   constant   
  13  w_y          0.00000e+00   constant   
  14  ANy2         1.32873e-04   2.56415e-04   2.70549e-06   4.30206e+00
  15  pNy2         1.49923e+00   constant   
  16  w_vw         1.43037e+01   constant   
  17  LM          -2.26665e-04   constant   
  18  wCBO_expCoeff   2.00003e+02   1.41338e-02   9.53690e-05  -3.62113e-01
  19  wCBO_expOffset   2.00003e+02   1.94108e-03   9.53689e-05   1.83450e+01
  20  wCBO_expT    2.99934e+01   7.48441e-04   1.43020e-05  -6.30599e-01
  21  wCBO_linCoeff   0.00000e+00   constant   
  22  wCBO_const  -1.65766e-03   7.10134e-04   3.50157e-06  -1.42434e+00
 MIGRAD MINIMIZATION HAS CONVERGED.
 MIGRAD WILL VERIFY CONVERGENCE AND ERROR MATRIX.
 FCN=472.68 FROM HESSE     STATUS=NOT POSDEF    102 CALLS        1371 TOTAL
                     EDM=9.68508e-05    STRATEGY= 1      ERR MATRIX NOT POS-DEF
  EXT PARAMETER                APPROXIMATE        STEP         FIRST   
  NO.   NAME      VALUE            ERROR          SIZE      DERIVATIVE 
   1  N0           3.00122e+06   5.39628e+02   5.71146e+00  -1.70983e-06
