 + ++++++++++++++++++++++++++++++++++++++++++++++++++++++++++++++++++++ +
 +                                                                      +
 +           You have chose to blind your fitting according to          +
 +                omega_ref * (1 + (R +/- deltaR) *10^{-6})             +
 +                                                                      +
 + ++++++++++++++++++++++++++++++++++++++++++++++++++++++++++++++++++++ +
In main()...
reading format from /gm2data/zkhechad/run45/envelope/formats/formatB_sBin_constraintOn.txt
pBinTau 	= 0  
pBinPhi 	= 0  
constraintau 	= 1 
includeMopTerm 	= 0    
constrainMop    = 0   
Parameters after format file: pBinTau 0 pBinPhi 0 constraintau 1 includeMopTerm 0 constrainMop 0 c_e_scale 0.000000 
reading cbo reference file (full fit) from /gm2data/zkhechad/cboTemplates/Run4CBOTemplates/fullFits/run4/sBin_constraintOn_cE0.0_seed0_run4_calo12.root
A_CBO 0.007990 w_CBO 2.327632 phi_CBO 5.471864 N0 3435893.469287 R -59.911173 tau 64.398066 
Reading cboRef file /gm2data/zkhechad/cboTemplates/Run4CBOTemplates//cboIsolate/run4_calo12.root
deltaT 164.120000
windowBins = 1100
fitting sliding window 1260 from bin 1463 at 218.279600 to bin 2563 at 382.399600 (1100 bins)

Reading data from /gm2data/cornell/histograms/aMethod/histogram_a_run4.root
fitting cbo isolate
 **********
 **    1 **SET PRINTOUT            1
 **********
 **********
 **    2 **SET NOWARNINGS 
 **********
 PARAMETER DEFINITIONS:
    NO.   NAME         VALUE      STEP SIZE      LIMITS
     1 A_CBO        7.98954e-03  1.00000e-05     no limits
     2 w_CBO        2.32763e+00  1.00000e-02    2.00000e+00  3.00000e+00
     3 phi_CBO      5.47186e+00  1.00000e-02    0.00000e+00  6.28319e+00
 **********
 **    3 **MIGRAD
 **********
 FIRST CALL TO USER FUNCTION AT NEW START POINT, WITH IFLAG=4.
 START MIGRAD MINIMIZATION.  STRATEGY  1.  CONVERGENCE WHEN EDM .LT. 1.00e-04
 FCN=0.0324584 FROM MIGRAD    STATUS=INITIATE       12 CALLS          13 TOTAL
                     EDM= unknown      STRATEGY= 1      NO ERROR MATRIX       
  EXT PARAMETER               CURRENT GUESS       STEP         FIRST   
  NO.   NAME      VALUE            ERROR          SIZE      DERIVATIVE 
   1  A_CBO        7.98954e-03   1.00000e-05   1.00000e-05   5.52740e+00
   2  w_CBO        2.32763e+00   1.00000e-02   2.13083e-02   2.87693e-01
   3  phi_CBO      5.47186e+00   1.00000e-02   4.74617e-03  -3.85837e-03
 MIGRAD MINIMIZATION HAS CONVERGED.
 MIGRAD WILL VERIFY CONVERGENCE AND ERROR MATRIX.
 COVARIANCE MATRIX CALCULATED SUCCESSFULLY
 FCN=0.0185471 FROM MIGRAD    STATUS=CONVERGED      49 CALLS          50 TOTAL
                     EDM=1.93998e-05    STRATEGY= 1      ERROR MATRIX ACCURATE 
  EXT PARAMETER                                   STEP         FIRST   
  NO.   NAME      VALUE            ERROR          SIZE      DERIVATIVE 
   1  A_CBO        2.96160e-03   4.27855e-02   2.10020e-05  -1.51478e-02
   2  w_CBO        2.32748e+00   2.69636e-01   4.98202e-05   5.57957e-03
   3  phi_CBO      5.50501e+00   3.68943e+00   3.56447e-03   6.51917e-05
 EXTERNAL ERROR MATRIX.    NDIM=  25    NPAR=  3    ERR DEF=1
  1.831e-03 -1.061e-03 -3.229e-01 
 -1.061e-03  8.251e-02  2.469e+01 
 -3.229e-01  2.469e+01  7.595e+03 
 PARAMETER  CORRELATION COEFFICIENTS  
       NO.  GLOBAL      1      2      3
        1  0.08676   1.000 -0.086 -0.087
        2  0.98627  -0.086  1.000  0.986
        3  0.98627  -0.087  0.986  1.000
setting A_CBO=0.002962 w_CBO=2.327485, phi_CBO=5.505014
done fitting cbo isolate
 **********
 **    1 **SET PRINTOUT            1
 **********
 **********
 **    2 **SET NOWARNINGS 
 **********
 PARAMETER DEFINITIONS:
    NO.   NAME         VALUE      STEP SIZE      LIMITS
     1 N0           3.43589e+06  1.00000e+02     no limits
     2 tau          6.43981e+01  constant
     3 A0           3.53663e-01  1.00000e-04     no limits
     4 phi          4.11774e+00  1.00000e-02     no limits
     5 R           -5.99112e+01  constant
     6 A_CBO        2.96160e-03  1.00000e-05     no limits
     7 w_CBO        2.32748e+00  1.00000e-03     no limits
     8 phi_CBO      5.50501e+00  1.00000e-04     no limits
     9 ANx2         3.16301e-04  constant
    10 pNx2         1.53957e+00  constant
    11 ANy1         0.00000e+00  constant
    12 pNy1         0.00000e+00  constant
    13 w_y          0.00000e+00  constant
    14 ANy2         1.02217e-02  1.00000e-04     no limits
    15 pNy2         1.44040e+00  constant
    16 w_vw         1.43192e+01  constant
    17 LM          -2.49463e-04  constant
    18 wCBO_expCoeff   2.00000e+02  1.00000e+00     no limits
    19 wCBO_expOffset   2.00000e+02  1.00000e+00     no limits
    20 wCBO_expT    3.00000e+01  1.00000e+00     no limits
    21 wCBO_linCoeff   0.00000e+00  constant
    22 wCBO_const   0.00000e+00  1.00000e-02     no limits
MINUIT - FIT ONLY WIGGLE
 **********
 **    3 **FIX            5
 **********
 PARAMETER    5  IS CONSTANT.   IGNORED.
 **********
 **    4 **FIX            6
 **********
 **********
 **    5 **FIX            7
 **********
 **********
 **    6 **FIX            8
 **********
 **********
 **    7 **FIX            9
 **********
 PARAMETER    9  IS CONSTANT.   IGNORED.
 **********
 **    8 **FIX           10
 **********
 PARAMETER   10  IS CONSTANT.   IGNORED.
 **********
 **    9 **FIX           11
 **********
 PARAMETER   11  IS CONSTANT.   IGNORED.
 **********
 **   10 **FIX           12
 **********
 PARAMETER   12  IS CONSTANT.   IGNORED.
 **********
 **   11 **FIX           13
 **********
 PARAMETER   13  IS CONSTANT.   IGNORED.
 **********
 **   12 **FIX           14
 **********
 **********
 **   13 **FIX           15
 **********
 PARAMETER   15  IS CONSTANT.   IGNORED.
 **********
 **   14 **FIX           16
 **********
 PARAMETER   16  IS CONSTANT.   IGNORED.
 **********
 **   15 **MIGRAD
 **********
 FIRST CALL TO USER FUNCTION AT NEW START POINT, WITH IFLAG=4.
 START MIGRAD MINIMIZATION.  STRATEGY  1.  CONVERGENCE WHEN EDM .LT. 1.00e-04
 FCN=2261.03 FROM MIGRAD    STATUS=INITIATE       59 CALLS          60 TOTAL
                     EDM= unknown      STRATEGY= 1      NO ERROR MATRIX       
  EXT PARAMETER               CURRENT GUESS       STEP         FIRST   
  NO.   NAME      VALUE            ERROR          SIZE      DERIVATIVE 
   1  N0           3.43589e+06   1.00000e+02   0.00000e+00  -4.62147e-04
   2  tau          6.43981e+01   constant   
   3  A0           3.53663e-01   1.00000e-04   0.00000e+00  -4.71207e+03
   4  phi          4.11774e+00   1.00000e-02   0.00000e+00  -1.76333e+02
   5  R           -5.99112e+01   constant   
   6  A_CBO        2.96160e-03     fixed    
   7  w_CBO        2.32748e+00     fixed    
   8  phi_CBO      5.50501e+00     fixed    
   9  ANx2         3.16301e-04   constant   
  10  pNx2         1.53957e+00   constant   
  11  ANy1         0.00000e+00   constant   
  12  pNy1         0.00000e+00   constant   
  13  w_y          0.00000e+00   constant   
  14  ANy2         1.02217e-02     fixed    
  15  pNy2         1.44040e+00   constant   
  16  w_vw         1.43192e+01   constant   
  17  LM          -2.49463e-04   constant   
  18  wCBO_expCoeff   2.00010e+02   1.00000e+00   9.91704e-03   8.72409e+02
  19  wCBO_expOffset   2.00000e+02   1.00000e+00   0.00000e+00   5.62580e+03
  20  wCBO_expT    3.00000e+01   1.00000e+00   0.00000e+00   1.62613e+04
  21  wCBO_linCoeff   0.00000e+00   constant   
  22  wCBO_const   0.00000e+00   1.00000e-02   0.00000e+00   4.94009e+03
 MIGRAD FAILS TO FIND IMPROVEMENT
 COVARIANCE MATRIX CALCULATED SUCCESSFULLY
 FCN=2138.71 FROM HESSE     STATUS=OK             54 CALLS         414 TOTAL
                     EDM=0.00043673    STRATEGY= 1      ERROR MATRIX ACCURATE 
  EXT PARAMETER                                   STEP         FIRST   
  NO.   NAME      VALUE            ERROR          SIZE      DERIVATIVE 
   1  N0           3.43600e+06   5.98412e+02   1.34274e+01  -1.01156e-06
   2  tau          6.43981e+01   constant   
   3  A0           3.53877e-01   2.31668e-04   5.20950e-06   1.22186e+01
   4  phi          4.11780e+00   6.82274e-04   1.53872e-05   7.21118e-01
   5  R           -5.99112e+01   constant   
   6  A_CBO        2.96160e-03     fixed    
   7  w_CBO        2.32748e+00     fixed    
   8  phi_CBO      5.50501e+00     fixed    
   9  ANx2         3.16301e-04   constant   
  10  pNx2         1.53957e+00   constant   
  11  ANy1         0.00000e+00   constant   
  12  pNy1         0.00000e+00   constant   
  13  w_y          0.00000e+00   constant   
  14  ANy2         1.02217e-02     fixed    
  15  pNy2         1.44040e+00   constant   
  16  w_vw         1.43192e+01   constant   
  17  LM          -2.49463e-04   constant   
  18  wCBO_expCoeff   2.00018e+02   3.02328e-03   9.53758e-05   1.56805e+01
  19  wCBO_expOffset   2.00001e+02   3.55063e-04   9.53680e-05   1.03507e+02
  20  wCBO_expT    3.00010e+01   4.62661e-04   1.43056e-05  -1.00930e+01
  21  wCBO_linCoeff   0.00000e+00   constant   
  22  wCBO_const  -8.53585e-03   4.86661e-04   4.32995e-06  -4.10236e+00
 MIGRAD FAILS TO FIND IMPROVEMENT
 MIGRAD TERMINATED WITHOUT CONVERGENCE.
 FCN=2138.71 FROM MIGRAD    STATUS=FAILED        458 CALLS         459 TOTAL
                     EDM=0.000355108    STRATEGY= 1  ERROR MATRIX UNCERTAINTY   0.0 per cent
  EXT PARAMETER                APPROXIMATE        STEP         FIRST   
  NO.   NAME      VALUE            ERROR          SIZE      DERIVATIVE 
   1  N0           3.43600e+06   5.98471e+02  -0.00000e+00   5.63150e-07
   2  tau          6.43981e+01   constant   
   3  A0           3.53876e-01   2.31330e-04  -0.00000e+00  -5.21438e+00
   4  phi          4.11780e+00   6.82593e-04  -0.00000e+00  -2.49179e-01
   5  R           -5.99112e+01   constant   
   6  A_CBO        2.96160e-03     fixed    
   7  w_CBO        2.32748e+00     fixed    
   8  phi_CBO      5.50501e+00     fixed    
   9  ANx2         3.16301e-04   constant   
  10  pNx2         1.53957e+00   constant   
  11  ANy1         0.00000e+00   constant   
  12  pNy1         0.00000e+00   constant   
  13  w_y          0.00000e+00   constant   
  14  ANy2         1.02217e-02     fixed    
  15  pNy2         1.44040e+00   constant   
  16  w_vw         1.43192e+01   constant   
  17  LM          -2.49463e-04   constant   
  18  wCBO_expCoeff   2.00018e+02   7.35831e-03  -0.00000e+00  -5.69064e+00
  19  wCBO_expOffset   2.00001e+02   6.94305e-04   0.00000e+00  -2.69981e+02
  20  wCBO_expT    3.00010e+01   5.47806e-04   0.00000e+00  -3.08410e+01
  21  wCBO_linCoeff   0.00000e+00   constant   
  22  wCBO_const  -8.54133e-03   5.25438e-04  -0.00000e+00  -2.51240e+00
 EXTERNAL ERROR MATRIX.    NDIM=  25    NPAR=  7    ERR DEF=1
  3.582e+05  5.032e-03  3.396e-03  1.198e-01 -1.030e-02 -5.322e-03 -2.016e-03 
  5.032e-03  5.351e-08  3.626e-10  1.027e-07 -1.281e-08  1.279e-09 -4.753e-09 
  3.396e-03  3.626e-10  4.659e-07  3.019e-07 -3.185e-08 -2.120e-08  1.508e-08 
  1.198e-01  1.027e-07  3.019e-07  5.414e-05 -5.060e-06 -3.733e-06  2.118e-06 
 -1.030e-02 -1.281e-08 -3.185e-08 -5.060e-06  4.821e-07  3.505e-07 -2.031e-07 
 -5.322e-03  1.279e-09 -2.120e-08 -3.733e-06  3.505e-07  3.001e-07 -2.313e-07 
 -2.016e-03 -4.753e-09  1.508e-08  2.118e-06 -2.031e-07 -2.313e-07  2.761e-07 
ERR MATRIX APPROXIMATE
 PARAMETER  CORRELATION COEFFICIENTS  
       NO.  GLOBAL      1      3      4     18     19     20     22
        1  0.05408   1.000  0.036  0.008  0.027 -0.025 -0.016 -0.006
        3  0.32246   0.036  1.000  0.002  0.060 -0.080  0.010 -0.039
        4  0.08537   0.008  0.002  1.000  0.060 -0.067 -0.057  0.042
       18  0.99448   0.027  0.060  0.060  1.000 -0.991 -0.926  0.548
       19  0.99096  -0.025 -0.080 -0.067 -0.991  1.000  0.922 -0.557
       20  0.99221  -0.016  0.010 -0.057 -0.926  0.922  1.000 -0.803
       22  0.96039  -0.006 -0.039  0.042  0.548 -0.557 -0.803  1.000
 ERR MATRIX APPROXIMATE
MINUIT - FIT ONLY 1-CBO + other amplitudes 
 **********
 **   16 **RES 
 **********
                   PARAMETER   14  ANy2 RESTORED TO VARIABLE.
                   PARAMETER    8  phi_CBO RESTORED TO VARIABLE.
                   PARAMETER    7  w_CBO RESTORED TO VARIABLE.
                   PARAMETER    6  A_CBO RESTORED TO VARIABLE.
 **********
 **   17 **FIX            0
 **********
 PARAMETER    0  IS UNDEFINED. IGNORED.
 **********
 **   18 **FIX            1
 **********
 **********
 **   19 **FIX            2
 **********
 PARAMETER    2  IS CONSTANT.   IGNORED.
 **********
 **   20 **FIX            3
 **********
 **********
 **   21 **FIX            4
 **********
 **********
 **   22 **FIX            9
 **********
 PARAMETER    9  IS CONSTANT.   IGNORED.
 **********
 **   23 **FIX           11
 **********
 PARAMETER   11  IS CONSTANT.   IGNORED.
 **********
 **   24 **FIX           12
 **********
 PARAMETER   12  IS CONSTANT.   IGNORED.
 **********
 **   25 **FIX           14
 **********
 **********
 **   26 **FIX           15
 **********
 PARAMETER   15  IS CONSTANT.   IGNORED.
 **********
 **   27 **FIX           16
 **********
 PARAMETER   16  IS CONSTANT.   IGNORED.
 **********
 **   28 **MIGRAD
 **********
 START MIGRAD MINIMIZATION.  STRATEGY  1.  CONVERGENCE WHEN EDM .LT. 1.00e-04
 FCN=2138.71 FROM MIGRAD    STATUS=INITIATE       22 CALLS         481 TOTAL
                     EDM= unknown      STRATEGY= 1      NO ERROR MATRIX       
  EXT PARAMETER               CURRENT GUESS       STEP         FIRST   
  NO.   NAME      VALUE            ERROR          SIZE      DERIVATIVE 
   1  N0           3.43600e+06     fixed    
   2  tau          6.43981e+01   constant   
   3  A0           3.53876e-01     fixed    
   4  phi          4.11780e+00     fixed    
   5  R           -5.99112e+01   constant   
   6  A_CBO        2.96160e-03   1.00000e-05   1.00000e-05   4.38597e+04
   7  w_CBO        2.32748e+00   1.00000e-03   1.00000e-03  -4.92636e+02
   8  phi_CBO      5.50501e+00   1.00000e-04   1.00000e-04   9.62894e+00
   9  ANx2         3.16301e-04   constant   
  10  pNx2         1.53957e+00   constant   
  11  ANy1         0.00000e+00   constant   
  12  pNy1         0.00000e+00   constant   
  13  w_y          0.00000e+00   constant   
  14  ANy2         1.02217e-02     fixed    
  15  pNy2         1.44040e+00   constant   
  16  w_vw         1.43192e+01   constant   
  17  LM          -2.49463e-04   constant   
  18  wCBO_expCoeff   2.00018e+02   7.35831e-03  -0.00000e+00  -5.69064e+00
  19  wCBO_expOffset   2.00001e+02   6.94305e-04   0.00000e+00  -2.69981e+02
  20  wCBO_expT    3.00010e+01   5.47806e-04   0.00000e+00  -3.08410e+01
  21  wCBO_linCoeff   0.00000e+00   constant   
  22  wCBO_const  -8.54133e-03   5.25438e-04  -0.00000e+00  -2.51240e+00
 MIGRAD MINIMIZATION HAS CONVERGED.
 FCN=2104.64 FROM MIGRAD    STATUS=CONVERGED     188 CALLS         647 TOTAL
                     EDM=9.4758e-06    STRATEGY= 1  ERROR MATRIX UNCERTAINTY   1.0 per cent
  EXT PARAMETER                                   STEP         FIRST   
  NO.   NAME      VALUE            ERROR          SIZE      DERIVATIVE 
   1  N0           3.43600e+06     fixed    
   2  tau          6.43981e+01   constant   
   3  A0           3.53876e-01     fixed    
   4  phi          4.11780e+00     fixed    
   5  R           -5.99112e+01   constant   
   6  A_CBO        1.66598e-03   2.43000e-04  -1.82656e-07   1.06809e+01
   7  w_CBO        2.32749e+00   1.10047e-05   1.66744e-09  -6.46457e+01
   8  phi_CBO      4.59824e+00   3.65648e-01  -6.57687e-05   1.45204e-02
   9  ANx2         3.16301e-04   constant   
  10  pNx2         1.53957e+00   constant   
  11  ANy1         0.00000e+00   constant   
  12  pNy1         0.00000e+00   constant   
  13  w_y          0.00000e+00   constant   
  14  ANy2         1.02217e-02     fixed    
  15  pNy2         1.44040e+00   constant   
  16  w_vw         1.43192e+01   constant   
  17  LM          -2.49463e-04   constant   
  18  wCBO_expCoeff   2.00018e+02   9.51452e-04   1.44888e-07  -7.11109e-01
  19  wCBO_expOffset   2.00001e+02   2.96060e-04   1.70526e-07  -4.83221e+01
  20  wCBO_expT    3.00007e+01   6.30358e-04  -1.63792e-07  -2.42387e+01
  21  wCBO_linCoeff   0.00000e+00   constant   
  22  wCBO_const  -9.51490e-03   7.47866e-04   3.04184e-08  -7.53310e+00
 EXTERNAL ERROR MATRIX.    NDIM=  25    NPAR=  7    ERR DEF=1
  5.905e-08  3.136e-10 -7.853e-07  2.807e-08 -1.393e-08  4.809e-09 -2.418e-09 
  3.136e-10  1.211e-10  4.771e-07  3.740e-09  1.364e-09 -3.828e-09  2.221e-09 
 -7.853e-07  4.771e-07  1.337e-01  3.168e-05 -1.176e-06  2.110e-05  1.347e-04 
  2.807e-08  3.740e-09  3.168e-05  9.053e-07  1.120e-07 -3.141e-07  1.553e-07 
 -1.393e-08  1.364e-09 -1.176e-06  1.120e-07  8.765e-08 -1.549e-07  1.101e-07 
  4.809e-09 -3.828e-09  2.110e-05 -3.141e-07 -1.549e-07  3.974e-07 -3.153e-07 
 -2.418e-09  2.221e-09  1.347e-04  1.553e-07  1.101e-07 -3.153e-07  5.593e-07 
 PARAMETER  CORRELATION COEFFICIENTS  
       NO.  GLOBAL      6      7      8     18     19     20     22
        6  0.37136   1.000  0.117 -0.009  0.121 -0.194  0.031 -0.013
        7  0.79270   0.117  1.000  0.119  0.357  0.419 -0.552  0.270
        8  0.92258  -0.009  0.119  1.000  0.091 -0.011  0.092  0.492
       18  0.78702   0.121  0.357  0.091  1.000  0.398 -0.524  0.218
       19  0.90310  -0.194  0.419 -0.011  0.398  1.000 -0.830  0.497
       20  0.98193   0.031 -0.552  0.092 -0.524 -0.830  1.000 -0.669
       22  0.95798  -0.013  0.270  0.492  0.218  0.497 -0.669  1.000
MINUIT - FIT ONLY 1-CBO
 **********
 **   29 **RES 
 **********
                   PARAMETER   14  ANy2 RESTORED TO VARIABLE.
                   PARAMETER    4  phi RESTORED TO VARIABLE.
                   PARAMETER    3  A0 RESTORED TO VARIABLE.
                   PARAMETER    1  N0 RESTORED TO VARIABLE.
 **********
 **   30 **FIX            0
 **********
 PARAMETER    0  IS UNDEFINED. IGNORED.
 **********
 **   31 **FIX            1
 **********
 **********
 **   32 **FIX            2
 **********
 PARAMETER    2  IS CONSTANT.   IGNORED.
 **********
 **   33 **FIX            3
 **********
 **********
 **   34 **FIX            4
 **********
 **********
 **   35 **FIX            8
 **********
 **********
 **   36 **FIX            9
 **********
 PARAMETER    9  IS CONSTANT.   IGNORED.
 **********
 **   37 **FIX           11
 **********
 PARAMETER   11  IS CONSTANT.   IGNORED.
 **********
 **   38 **FIX           12
 **********
 PARAMETER   12  IS CONSTANT.   IGNORED.
 **********
 **   39 **FIX           13
 **********
 PARAMETER   13  IS CONSTANT.   IGNORED.
 **********
 **   40 **FIX           15
 **********
 PARAMETER   15  IS CONSTANT.   IGNORED.
 **********
 **   41 **FIX           16
 **********
 PARAMETER   16  IS CONSTANT.   IGNORED.
 **********
 **   42 **MIGRAD
 **********
 START MIGRAD MINIMIZATION.  STRATEGY  1.  CONVERGENCE WHEN EDM .LT. 1.00e-04
 FCN=2104.64 FROM MIGRAD    STATUS=INITIATE       16 CALLS         663 TOTAL
                     EDM= unknown      STRATEGY= 1      NO ERROR MATRIX       
  EXT PARAMETER               CURRENT GUESS       STEP         FIRST   
  NO.   NAME      VALUE            ERROR          SIZE      DERIVATIVE 
   1  N0           3.43600e+06     fixed    
   2  tau          6.43981e+01   constant   
   3  A0           3.53876e-01     fixed    
   4  phi          4.11780e+00     fixed    
   5  R           -5.99112e+01   constant   
   6  A_CBO        1.66598e-03   2.43000e-04  -1.82656e-07   1.06809e+01
   7  w_CBO        2.32749e+00   1.10047e-05   1.66744e-09  -6.46457e+01
   8  phi_CBO      4.59824e+00     fixed    
   9  ANx2         3.16301e-04   constant   
  10  pNx2         1.53957e+00   constant   
  11  ANy1         0.00000e+00   constant   
  12  pNy1         0.00000e+00   constant   
  13  w_y          0.00000e+00   constant   
  14  ANy2         1.02217e-02   1.00000e-04   1.00000e-04   3.26409e+05
  15  pNy2         1.44040e+00   constant   
  16  w_vw         1.43192e+01   constant   
  17  LM          -2.49463e-04   constant   
  18  wCBO_expCoeff   2.00018e+02   9.51452e-04   1.44888e-07  -7.11109e-01
  19  wCBO_expOffset   2.00001e+02   2.96060e-04   1.70526e-07  -4.83221e+01
  20  wCBO_expT    3.00007e+01   6.30358e-04  -1.63792e-07  -2.42387e+01
  21  wCBO_linCoeff   0.00000e+00   constant   
  22  wCBO_const  -9.51490e-03   7.47866e-04   3.04184e-08  -7.53310e+00
 MIGRAD MINIMIZATION HAS CONVERGED.
 MIGRAD WILL VERIFY CONVERGENCE AND ERROR MATRIX.
 COVARIANCE MATRIX CALCULATED SUCCESSFULLY
 FCN=461.078 FROM MIGRAD    STATUS=CONVERGED     255 CALLS         902 TOTAL
                     EDM=1.29082e-06    STRATEGY= 1      ERROR MATRIX ACCURATE 
  EXT PARAMETER                                   STEP         FIRST   
  NO.   NAME      VALUE            ERROR          SIZE      DERIVATIVE 
   1  N0           3.43600e+06     fixed    
   2  tau          6.43981e+01   constant   
   3  A0           3.53876e-01     fixed    
   4  phi          4.11780e+00     fixed    
   5  R           -5.99112e+01   constant   
   6  A_CBO        4.26288e-04   2.60061e-04   2.58582e-06   9.91533e-01
   7  w_CBO        2.32751e+00   1.69173e-03   1.10984e-06   4.16724e+01
   8  phi_CBO      4.59824e+00     fixed    
   9  ANx2         3.16301e-04   constant   
  10  pNx2         1.53957e+00   constant   
  11  ANy1         0.00000e+00   constant   
  12  pNy1         0.00000e+00   constant   
  13  w_y          0.00000e+00   constant   
  14  ANy2         1.56008e-04   2.48063e-04   2.58054e-06   2.96005e+00
  15  pNy2         1.44040e+00   constant   
  16  w_vw         1.43192e+01   constant   
  17  LM          -2.49463e-04   constant   
  18  wCBO_expCoeff   2.00020e+02   1.45649e-01   9.53768e-05   4.74803e-01
  19  wCBO_expOffset   2.00002e+02   2.16198e-03   9.53682e-05   3.17436e+00
  20  wCBO_expT    2.99992e+01   1.57595e-03   1.43047e-05   3.98759e+00
  21  wCBO_linCoeff   0.00000e+00   constant   
  22  wCBO_const  -8.89216e-03   1.54705e-03   5.23459e-06   2.01017e+00
 EXTERNAL ERROR MATRIX.    NDIM=  25    NPAR=  7    ERR DEF=1
  6.763e-08  3.730e-10  4.391e-09  6.366e-07 -5.305e-08 -9.168e-08  5.796e-08 
  3.730e-10  2.862e-06 -9.139e-10 -2.451e-04 -8.466e-08 -6.011e-08 -1.186e-06 
  4.391e-09 -9.139e-10  6.154e-08 -6.615e-09 -4.217e-09  2.780e-08 -1.249e-08 
  6.366e-07 -2.451e-04 -6.615e-09  2.121e-02 -2.146e-05 -1.935e-06  1.055e-04 
 -5.305e-08 -8.466e-08 -4.217e-09 -2.146e-05  4.674e-06 -4.540e-07  2.877e-07 
 -9.168e-08 -6.011e-08  2.780e-08 -1.935e-06 -4.540e-07  2.484e-06 -1.755e-06 
  5.796e-08 -1.186e-06 -1.249e-08  1.055e-04  2.877e-07 -1.755e-06  2.393e-06 
 PARAMETER  CORRELATION COEFFICIENTS  
       NO.  GLOBAL      6      7     14     18     19     20     22
        6  0.32030   1.000  0.001  0.068  0.017 -0.094 -0.224  0.144
        7  0.99993   0.001  1.000 -0.002 -0.995 -0.023 -0.023 -0.453
       14  0.13305   0.068 -0.002  1.000 -0.000 -0.008  0.071 -0.033
       18  0.99993   0.017 -0.995 -0.000  1.000 -0.068 -0.008  0.468
       19  0.99296  -0.094 -0.023 -0.008 -0.068  1.000 -0.133  0.086
       20  0.98526  -0.224 -0.023  0.071 -0.008 -0.133  1.000 -0.720
       22  0.94671   0.144 -0.453 -0.033  0.468  0.086 -0.720  1.000
MINUIT - FIT ONLY 2-CBO
 **********
 **   43 **RES 
 **********
                   PARAMETER    8  phi_CBO RESTORED TO VARIABLE.
                   PARAMETER    4  phi RESTORED TO VARIABLE.
                   PARAMETER    3  A0 RESTORED TO VARIABLE.
                   PARAMETER    1  N0 RESTORED TO VARIABLE.
 **********
 **   44 **FIX            0
 **********
 PARAMETER    0  IS UNDEFINED. IGNORED.
 **********
 **   45 **FIX            1
 **********
 **********
 **   46 **FIX            2
 **********
 PARAMETER    2  IS CONSTANT.   IGNORED.
 **********
 **   47 **FIX            3
 **********
 **********
 **   48 **FIX            4
 **********
 **********
 **   49 **FIX            5
 **********
 PARAMETER    5  IS CONSTANT.   IGNORED.
 **********
 **   50 **FIX            6
 **********
 **********
 **   51 **FIX            7
 **********
 **********
 **   52 **FIX           10
 **********
 PARAMETER   10  IS CONSTANT.   IGNORED.
 **********
 **   53 **FIX           11
 **********
 PARAMETER   11  IS CONSTANT.   IGNORED.
 **********
 **   54 **FIX           12
 **********
 PARAMETER   12  IS CONSTANT.   IGNORED.
 **********
 **   55 **FIX           13
 **********
 PARAMETER   13  IS CONSTANT.   IGNORED.
 **********
 **   56 **FIX           14
 **********
 **********
 **   57 **FIX           15
 **********
 PARAMETER   15  IS CONSTANT.   IGNORED.
 **********
 **   58 **FIX           16
 **********
 PARAMETER   16  IS CONSTANT.   IGNORED.
 **********
 **   59 **MIGRAD
 **********
 START MIGRAD MINIMIZATION.  STRATEGY  1.  CONVERGENCE WHEN EDM .LT. 1.00e-04
 FCN=461.078 FROM MIGRAD    STATUS=INITIATE       12 CALLS         914 TOTAL
                     EDM= unknown      STRATEGY= 1      NO ERROR MATRIX       
  EXT PARAMETER               CURRENT GUESS       STEP         FIRST   
  NO.   NAME      VALUE            ERROR          SIZE      DERIVATIVE 
   1  N0           3.43600e+06     fixed    
   2  tau          6.43981e+01   constant   
   3  A0           3.53876e-01     fixed    
   4  phi          4.11780e+00     fixed    
   5  R           -5.99112e+01   constant   
   6  A_CBO        4.26288e-04     fixed    
   7  w_CBO        2.32751e+00     fixed    
   8  phi_CBO      4.59824e+00   3.65648e-01   3.65648e-01  -1.88226e+00
   9  ANx2         3.16301e-04   constant   
  10  pNx2         1.53957e+00   constant   
  11  ANy1         0.00000e+00   constant   
  12  pNy1         0.00000e+00   constant   
  13  w_y          0.00000e+00   constant   
  14  ANy2         1.56008e-04     fixed    
  15  pNy2         1.44040e+00   constant   
  16  w_vw         1.43192e+01   constant   
  17  LM          -2.49463e-04   constant   
  18  wCBO_expCoeff   2.00020e+02   1.45649e-01   9.53768e-05   4.79767e-01
  19  wCBO_expOffset   2.00002e+02   2.16198e-03   9.53682e-05   5.35786e+00
  20  wCBO_expT    2.99992e+01   1.57595e-03   1.43047e-05   4.05158e+00
  21  wCBO_linCoeff   0.00000e+00   constant   
  22  wCBO_const  -8.89216e-03   1.54705e-03   5.23459e-06   2.01026e+00
 MIGRAD MINIMIZATION HAS CONVERGED.
 MIGRAD WILL VERIFY CONVERGENCE AND ERROR MATRIX.
 COVARIANCE MATRIX CALCULATED SUCCESSFULLY
 FCN=460.488 FROM MIGRAD    STATUS=CONVERGED     130 CALLS        1032 TOTAL
                     EDM=3.06858e-06    STRATEGY= 1      ERROR MATRIX ACCURATE 
  EXT PARAMETER                                   STEP         FIRST   
  NO.   NAME      VALUE            ERROR          SIZE      DERIVATIVE 
   1  N0           3.43600e+06     fixed    
   2  tau          6.43981e+01   constant   
   3  A0           3.53876e-01     fixed    
   4  phi          4.11780e+00     fixed    
   5  R           -5.99112e+01   constant   
   6  A_CBO        4.26288e-04     fixed    
   7  w_CBO        2.32751e+00     fixed    
   8  phi_CBO      5.25181e+00   8.93151e-01   5.89188e-03  -2.54274e-04
   9  ANx2         3.16301e-04   constant   
  10  pNx2         1.53957e+00   constant   
  11  ANy1         0.00000e+00   constant   
  12  pNy1         0.00000e+00   constant   
  13  w_y          0.00000e+00   constant   
  14  ANy2         1.56008e-04     fixed    
  15  pNy2         1.44040e+00   constant   
  16  w_vw         1.43192e+01   constant   
  17  LM          -2.49463e-04   constant   
  18  wCBO_expCoeff   2.00018e+02   1.29927e-02   9.53758e-05   1.04311e+00
  19  wCBO_expOffset   2.00001e+02   1.58786e-03   9.53680e-05   6.94934e+00
  20  wCBO_expT    3.00001e+01   2.37354e-03   1.43052e-05   4.52423e+00
  21  wCBO_linCoeff   0.00000e+00   constant   
  22  wCBO_const  -9.08828e-03   1.59871e-03   5.26012e-06   8.15573e-01
 EXTERNAL ERROR MATRIX.    NDIM=  25    NPAR=  5    ERR DEF=1
  7.977e-01 -4.695e-03 -2.156e-04  1.376e-03 -4.529e-04 
 -4.695e-03  1.688e-04 -1.297e-05 -1.844e-05  8.716e-06 
 -2.156e-04 -1.297e-05  2.521e-06 -8.055e-07  3.608e-07 
  1.376e-03 -1.844e-05 -8.055e-07  5.634e-06 -3.086e-06 
 -4.529e-04  8.716e-06  3.608e-07 -3.086e-06  2.556e-06 
 PARAMETER  CORRELATION COEFFICIENTS  
       NO.  GLOBAL      8     18     19     20     22
        8  0.77730   1.000 -0.405 -0.152  0.649 -0.317
       18  0.99220  -0.405  1.000 -0.629 -0.598  0.420
       19  0.98816  -0.152 -0.629  1.000 -0.214  0.142
       20  0.99369   0.649 -0.598 -0.214  1.000 -0.813
       22  0.94954  -0.317  0.420  0.142 -0.813  1.000
MINUIT - FIT ONLY 1-y
 **********
 **   60 **RES 
 **********
                   PARAMETER   14  ANy2 RESTORED TO VARIABLE.
                   PARAMETER    7  w_CBO RESTORED TO VARIABLE.
                   PARAMETER    6  A_CBO RESTORED TO VARIABLE.
                   PARAMETER    4  phi RESTORED TO VARIABLE.
                   PARAMETER    3  A0 RESTORED TO VARIABLE.
                   PARAMETER    1  N0 RESTORED TO VARIABLE.
 **********
 **   61 **FIX            0
 **********
 PARAMETER    0  IS UNDEFINED. IGNORED.
 **********
 **   62 **FIX            1
 **********
 **********
 **   63 **FIX            2
 **********
 PARAMETER    2  IS CONSTANT.   IGNORED.
 **********
 **   64 **FIX            3
 **********
 **********
 **   65 **FIX            4
 **********
 **********
 **   66 **FIX            5
 **********
 PARAMETER    5  IS CONSTANT.   IGNORED.
 **********
 **   67 **FIX            6
 **********
 **********
 **   68 **FIX            7
 **********
 **********
 **   69 **FIX            8
 **********
 **********
 **   70 **FIX            9
 **********
 PARAMETER    9  IS CONSTANT.   IGNORED.
 **********
 **   71 **FIX           13
 **********
 PARAMETER   13  IS CONSTANT.   IGNORED.
 **********
 **   72 **FIX           14
 **********
 **********
 **   73 **FIX           15
 **********
 PARAMETER   15  IS CONSTANT.   IGNORED.
 **********
 **   74 **FIX           16
 **********
 PARAMETER   16  IS CONSTANT.   IGNORED.
 **********
 **   75 **MIGRAD
 **********
 START MIGRAD MINIMIZATION.  STRATEGY  1.  CONVERGENCE WHEN EDM .LT. 1.00e-04
 FCN=460.488 FROM MIGRAD    STATUS=INITIATE        8 CALLS        1040 TOTAL
                     EDM= unknown      STRATEGY= 1      NO ERROR MATRIX       
  EXT PARAMETER               CURRENT GUESS       STEP         FIRST   
  NO.   NAME      VALUE            ERROR          SIZE      DERIVATIVE 
   1  N0           3.43600e+06     fixed    
   2  tau          6.43981e+01   constant   
   3  A0           3.53876e-01     fixed    
   4  phi          4.11780e+00     fixed    
   5  R           -5.99112e+01   constant   
   6  A_CBO        4.26288e-04     fixed    
   7  w_CBO        2.32751e+00     fixed    
   8  phi_CBO      5.25181e+00     fixed    
   9  ANx2         3.16301e-04   constant   
  10  pNx2         1.53957e+00   constant   
  11  ANy1         0.00000e+00   constant   
  12  pNy1         0.00000e+00   constant   
  13  w_y          0.00000e+00   constant   
  14  ANy2         1.56008e-04     fixed    
  15  pNy2         1.44040e+00   constant   
  16  w_vw         1.43192e+01   constant   
  17  LM          -2.49463e-04   constant   
  18  wCBO_expCoeff   2.00018e+02   1.29927e-02   9.53758e-05   1.04000e+00
  19  wCBO_expOffset   2.00001e+02   1.58786e-03   9.53680e-05   5.91665e+00
  20  wCBO_expT    3.00001e+01   2.37354e-03   1.43052e-05   4.58680e+00
  21  wCBO_linCoeff   0.00000e+00   constant   
  22  wCBO_const  -9.08828e-03   1.59871e-03   5.26012e-06   8.12020e-01
 MIGRAD MINIMIZATION HAS CONVERGED.
 MIGRAD WILL VERIFY CONVERGENCE AND ERROR MATRIX.
 COVARIANCE MATRIX CALCULATED SUCCESSFULLY
 FCN=460.488 FROM MIGRAD    STATUS=CONVERGED      45 CALLS        1077 TOTAL
                     EDM=1.60807e-06    STRATEGY= 1      ERROR MATRIX ACCURATE 
  EXT PARAMETER                                   STEP         FIRST   
  NO.   NAME      VALUE            ERROR          SIZE      DERIVATIVE 
   1  N0           3.43600e+06     fixed    
   2  tau          6.43981e+01   constant   
   3  A0           3.53876e-01     fixed    
   4  phi          4.11780e+00     fixed    
   5  R           -5.99112e+01   constant   
   6  A_CBO        4.26288e-04     fixed    
   7  w_CBO        2.32751e+00     fixed    
   8  phi_CBO      5.25181e+00     fixed    
   9  ANx2         3.16301e-04   constant   
  10  pNx2         1.53957e+00   constant   
  11  ANy1         0.00000e+00   constant   
  12  pNy1         0.00000e+00   constant   
  13  w_y          0.00000e+00   constant   
  14  ANy2         1.56008e-04     fixed    
  15  pNy2         1.44040e+00   constant   
  16  w_vw         1.43192e+01   constant   
  17  LM          -2.49463e-04   constant   
  18  wCBO_expCoeff   2.00018e+02   1.19064e-02   9.53758e-05   1.49684e-01
  19  wCBO_expOffset   2.00001e+02   1.57373e-03   9.53680e-05   9.92937e-01
  20  wCBO_expT    3.00001e+01   1.80619e-03   1.43052e-05  -8.96559e-01
  21  wCBO_linCoeff   0.00000e+00   constant   
  22  wCBO_const  -9.08831e-03   1.51650e-03   5.25978e-06  -1.66685e+00
 EXTERNAL ERROR MATRIX.    NDIM=  25    NPAR=  4    ERR DEF=1
  1.418e-04 -1.433e-05 -1.034e-05  6.053e-06 
 -1.433e-05  2.477e-06 -4.346e-07  2.390e-07 
 -1.034e-05 -4.346e-07  3.262e-06 -2.306e-06 
  6.053e-06  2.390e-07 -2.306e-06  2.300e-06 
 PARAMETER  CORRELATION COEFFICIENTS  
       NO.  GLOBAL     18     19     20     22
       18  0.99071   1.000 -0.765 -0.481  0.335
       19  0.98795  -0.765  1.000 -0.153  0.100
       20  0.98908  -0.481 -0.153  1.000 -0.842
       22  0.94375   0.335  0.100 -0.842  1.000
MINUIT - FIT ONLY 2-y
 **********
 **   76 **RES 
 **********
                   PARAMETER   14  ANy2 RESTORED TO VARIABLE.
                   PARAMETER    8  phi_CBO RESTORED TO VARIABLE.
                   PARAMETER    7  w_CBO RESTORED TO VARIABLE.
                   PARAMETER    6  A_CBO RESTORED TO VARIABLE.
                   PARAMETER    4  phi RESTORED TO VARIABLE.
                   PARAMETER    3  A0 RESTORED TO VARIABLE.
                   PARAMETER    1  N0 RESTORED TO VARIABLE.
 **********
 **   77 **FIX            0
 **********
 PARAMETER    0  IS UNDEFINED. IGNORED.
 **********
 **   78 **FIX            1
 **********
 **********
 **   79 **FIX            2
 **********
 PARAMETER    2  IS CONSTANT.   IGNORED.
 **********
 **   80 **FIX            3
 **********
 **********
 **   81 **FIX            4
 **********
 **********
 **   82 **FIX            5
 **********
 PARAMETER    5  IS CONSTANT.   IGNORED.
 **********
 **   83 **FIX            6
 **********
 **********
 **   84 **FIX            7
 **********
 **********
 **   85 **FIX            8
 **********
 **********
 **   86 **FIX            9
 **********
 PARAMETER    9  IS CONSTANT.   IGNORED.
 **********
 **   87 **FIX           10
 **********
 PARAMETER   10  IS CONSTANT.   IGNORED.
 **********
 **   88 **FIX           11
 **********
 PARAMETER   11  IS CONSTANT.   IGNORED.
 **********
 **   89 **FIX           12
 **********
 PARAMETER   12  IS CONSTANT.   IGNORED.
 **********
 **   90 **FIX           16
 **********
 PARAMETER   16  IS CONSTANT.   IGNORED.
 **********
 **   91 **MIGRAD
 **********
 START MIGRAD MINIMIZATION.  STRATEGY  1.  CONVERGENCE WHEN EDM .LT. 1.00e-04
 FCN=460.488 FROM MIGRAD    STATUS=INITIATE       10 CALLS        1087 TOTAL
                     EDM= unknown      STRATEGY= 1      NO ERROR MATRIX       
  EXT PARAMETER               CURRENT GUESS       STEP         FIRST   
  NO.   NAME      VALUE            ERROR          SIZE      DERIVATIVE 
   1  N0           3.43600e+06     fixed    
   2  tau          6.43981e+01   constant   
   3  A0           3.53876e-01     fixed    
   4  phi          4.11780e+00     fixed    
   5  R           -5.99112e+01   constant   
   6  A_CBO        4.26288e-04     fixed    
   7  w_CBO        2.32751e+00     fixed    
   8  phi_CBO      5.25181e+00     fixed    
   9  ANx2         3.16301e-04   constant   
  10  pNx2         1.53957e+00   constant   
  11  ANy1         0.00000e+00   constant   
  12  pNy1         0.00000e+00   constant   
  13  w_y          0.00000e+00   constant   
  14  ANy2         1.56008e-04   2.48063e-04   2.48063e-04   2.64344e+02
  15  pNy2         1.44040e+00   constant   
  16  w_vw         1.43192e+01   constant   
  17  LM          -2.49463e-04   constant   
  18  wCBO_expCoeff   2.00018e+02   1.19064e-02   9.53758e-05   1.46744e-01
  19  wCBO_expOffset   2.00001e+02   1.57373e-03   9.53680e-05   2.61572e-02
  20  wCBO_expT    3.00001e+01   1.80619e-03   1.43052e-05  -8.13262e-01
  21  wCBO_linCoeff   0.00000e+00   constant   
  22  wCBO_const  -9.08831e-03   1.51650e-03   5.25978e-06  -1.67039e+00
 MIGRAD MINIMIZATION HAS CONVERGED.
 MIGRAD WILL VERIFY CONVERGENCE AND ERROR MATRIX.
 COVARIANCE MATRIX CALCULATED SUCCESSFULLY
 FCN=460.487 FROM MIGRAD    STATUS=CONVERGED      66 CALLS        1143 TOTAL
                     EDM=8.07196e-06    STRATEGY= 1      ERROR MATRIX ACCURATE 
  EXT PARAMETER                                   STEP         FIRST   
  NO.   NAME      VALUE            ERROR          SIZE      DERIVATIVE 
   1  N0           3.43600e+06     fixed    
   2  tau          6.43981e+01   constant   
   3  A0           3.53876e-01     fixed    
   4  phi          4.11780e+00     fixed    
   5  R           -5.99112e+01   constant   
   6  A_CBO        4.26288e-04     fixed    
   7  w_CBO        2.32751e+00     fixed    
   8  phi_CBO      5.25181e+00     fixed    
   9  ANx2         3.16301e-04   constant   
  10  pNx2         1.53957e+00   constant   
  11  ANy1         0.00000e+00   constant   
  12  pNy1         0.00000e+00   constant   
  13  w_y          0.00000e+00   constant   
  14  ANy2         1.47969e-04   2.47157e-04   2.57889e-06  -3.60947e-01
  15  pNy2         1.44040e+00   constant   
  16  w_vw         1.43192e+01   constant   
  17  LM          -2.49463e-04   constant   
  18  wCBO_expCoeff   2.00018e+02   1.19714e-02   9.53758e-05  -1.88723e-01
  19  wCBO_expOffset   2.00001e+02   1.58260e-03   9.53680e-05  -1.26266e+00
  20  wCBO_expT    3.00001e+01   1.81344e-03   1.43052e-05   1.68368e+00
  21  wCBO_linCoeff   0.00000e+00   constant   
  22  wCBO_const  -9.08844e-03   1.51904e-03   5.26108e-06   3.87455e-01
 EXTERNAL ERROR MATRIX.    NDIM=  25    NPAR=  5    ERR DEF=1
  6.109e-08 -1.179e-07 -5.917e-10  3.041e-08 -1.229e-08 
 -1.179e-07  1.433e-04 -1.451e-05 -1.044e-05  6.099e-06 
 -5.917e-10 -1.451e-05  2.505e-06 -4.364e-07  2.399e-07 
  3.041e-08 -1.044e-05 -4.364e-07  3.289e-06 -2.320e-06 
 -1.229e-08  6.099e-06  2.399e-07 -2.320e-06  2.307e-06 
 PARAMETER  CORRELATION COEFFICIENTS  
       NO.  GLOBAL     14     18     19     20     22
       14  0.10242   1.000 -0.040 -0.002  0.068 -0.033
       18  0.99081  -0.040  1.000 -0.766 -0.481  0.335
       19  0.98808  -0.002 -0.766  1.000 -0.152  0.100
       20  0.98916   0.068 -0.481 -0.152  1.000 -0.842
       22  0.94392  -0.033  0.335  0.100 -0.842  1.000
MINUIT - FIT ALTOGETHER
 **********
 **   92 **RES 
 **********
                   PARAMETER    8  phi_CBO RESTORED TO VARIABLE.
                   PARAMETER    7  w_CBO RESTORED TO VARIABLE.
                   PARAMETER    6  A_CBO RESTORED TO VARIABLE.
                   PARAMETER    4  phi RESTORED TO VARIABLE.
                   PARAMETER    3  A0 RESTORED TO VARIABLE.
                   PARAMETER    1  N0 RESTORED TO VARIABLE.
 **********
 **   93 **MIGRAD
 **********
 START MIGRAD MINIMIZATION.  STRATEGY  1.  CONVERGENCE WHEN EDM .LT. 1.00e-04
 FCN=460.487 FROM MIGRAD    STATUS=INITIATE       22 CALLS        1165 TOTAL
                     EDM= unknown      STRATEGY= 1      NO ERROR MATRIX       
  EXT PARAMETER               CURRENT GUESS       STEP         FIRST   
  NO.   NAME      VALUE            ERROR          SIZE      DERIVATIVE 
   1  N0           3.43600e+06   5.98471e+02   5.98471e+02  -6.81389e-04
   2  tau          6.43981e+01   constant   
   3  A0           3.53876e-01   2.31330e-04   2.31330e-04   4.23733e+03
