 + ++++++++++++++++++++++++++++++++++++++++++++++++++++++++++++++++++++ +
 +                                                                      +
 +           You have chose to blind your fitting according to          +
 +                omega_ref * (1 + (R +/- deltaR) *10^{-6})             +
 +                                                                      +
 + ++++++++++++++++++++++++++++++++++++++++++++++++++++++++++++++++++++ +
In main()...
reading format from /gm2data/zkhechad/run45/envelope/formats/formatB_sBin_constraintOn.txt
pBinTau 	= 0  
pBinPhi 	= 0  
constraintau 	= 1 
includeMopTerm 	= 0    
constrainMop    = 0   
Parameters after format file: pBinTau 0 pBinPhi 0 constraintau 1 includeMopTerm 0 constrainMop 0 c_e_scale 0.000000 
reading cbo reference file (full fit) from /gm2data/zkhechad/cboTemplates/Run4CBOTemplates/fullFits/run4/sBin_constraintOn_cE0.0_seed0_run4_calo6.root
A_CBO 0.010001 w_CBO 2.327040 phi_CBO 5.088588 N0 2817823.633276 R -61.510560 tau 64.405014 
Reading cboRef file /gm2data/zkhechad/cboTemplates/Run4CBOTemplates//cboIsolate/run4_calo6.root
deltaT 164.120000
windowBins = 1100
fitting sliding window 1540 from bin 1743 at 260.055600 to bin 2843 at 424.175600 (1100 bins)

Reading data from /gm2data/cornell/histograms/aMethod/histogram_a_run4.root
fitting cbo isolate
 **********
 **    1 **SET PRINTOUT            1
 **********
 **********
 **    2 **SET NOWARNINGS 
 **********
 PARAMETER DEFINITIONS:
    NO.   NAME         VALUE      STEP SIZE      LIMITS
     1 A_CBO        1.00010e-02  1.00000e-05     no limits
     2 w_CBO        2.32704e+00  1.00000e-02    2.00000e+00  3.00000e+00
     3 phi_CBO      5.08859e+00  1.00000e-02    0.00000e+00  6.28319e+00
 **********
 **    3 **MIGRAD
 **********
 FIRST CALL TO USER FUNCTION AT NEW START POINT, WITH IFLAG=4.
 START MIGRAD MINIMIZATION.  STRATEGY  1.  CONVERGENCE WHEN EDM .LT. 1.00e-04
 FCN=0.0657205 FROM MIGRAD    STATUS=INITIATE       12 CALLS          13 TOTAL
                     EDM= unknown      STRATEGY= 1      NO ERROR MATRIX       
  EXT PARAMETER               CURRENT GUESS       STEP         FIRST   
  NO.   NAME      VALUE            ERROR          SIZE      DERIVATIVE 
   1  A_CBO        1.00010e-02   1.00000e-05   1.00000e-05   8.01481e+00
   2  w_CBO        2.32704e+00   1.00000e-02   2.13182e-02   2.31598e-01
   3  phi_CBO      5.08859e+00   1.00000e-02   4.05596e-03  -4.24783e-03
 MIGRAD MINIMIZATION HAS CONVERGED.
 MIGRAD WILL VERIFY CONVERGENCE AND ERROR MATRIX.
 COVARIANCE MATRIX CALCULATED SUCCESSFULLY
 FCN=0.0365406 FROM MIGRAD    STATUS=CONVERGED      49 CALLS          50 TOTAL
                     EDM=2.54923e-05    STRATEGY= 1      ERROR MATRIX ACCURATE 
  EXT PARAMETER                                   STEP         FIRST   
  NO.   NAME      VALUE            ERROR          SIZE      DERIVATIVE 
   1  A_CBO        2.72405e-03   4.26098e-02   2.11798e-05  -4.21593e-03
   2  w_CBO        2.32697e+00   2.84307e-01   4.90633e-05  -4.58495e-03
   3  phi_CBO      5.12474e+00   3.36792e+00   3.24099e-03  -9.83707e-05
 EXTERNAL ERROR MATRIX.    NDIM=  25    NPAR=  3    ERR DEF=1
  1.816e-03  6.741e-05  2.167e-02 
  6.741e-05  9.329e-02  3.120e+01 
  2.167e-02  3.120e+01  1.068e+04 
 PARAMETER  CORRELATION COEFFICIENTS  
       NO.  GLOBAL      1      2      3
        1  0.00534   1.000  0.005  0.005
        2  0.98848   0.005  1.000  0.988
        3  0.98848   0.005  0.988  1.000
setting A_CBO=0.002724 w_CBO=2.326972, phi_CBO=5.124744
done fitting cbo isolate
 **********
 **    1 **SET PRINTOUT            1
 **********
 **********
 **    2 **SET NOWARNINGS 
 **********
 PARAMETER DEFINITIONS:
    NO.   NAME         VALUE      STEP SIZE      LIMITS
     1 N0           2.81782e+06  1.00000e+02     no limits
     2 tau          6.44050e+01  constant
     3 A0           3.53650e-01  1.00000e-04     no limits
     4 phi          4.11538e+00  1.00000e-02     no limits
     5 R           -6.15106e+01  constant
     6 A_CBO        2.72405e-03  1.00000e-05     no limits
     7 w_CBO        2.32697e+00  1.00000e-03     no limits
     8 phi_CBO      5.12474e+00  1.00000e-04     no limits
     9 ANx2         5.52857e-04  constant
    10 pNx2         5.73177e+00  constant
    11 ANy1         0.00000e+00  constant
    12 pNy1         0.00000e+00  constant
    13 w_y          0.00000e+00  constant
    14 ANy2         9.05236e-03  1.00000e-04     no limits
    15 pNy2         5.72687e+00  constant
    16 w_vw         1.43172e+01  constant
    17 LM           3.92941e-07  constant
    18 wCBO_expCoeff   2.00000e+02  1.00000e+00     no limits
    19 wCBO_expOffset   2.00000e+02  1.00000e+00     no limits
    20 wCBO_expT    3.00000e+01  1.00000e+00     no limits
    21 wCBO_linCoeff   0.00000e+00  constant
    22 wCBO_const   0.00000e+00  1.00000e-02     no limits
MINUIT - FIT ONLY WIGGLE
 **********
 **    3 **FIX            5
 **********
 PARAMETER    5  IS CONSTANT.   IGNORED.
 **********
 **    4 **FIX            6
 **********
 **********
 **    5 **FIX            7
 **********
 **********
 **    6 **FIX            8
 **********
 **********
 **    7 **FIX            9
 **********
 PARAMETER    9  IS CONSTANT.   IGNORED.
 **********
 **    8 **FIX           10
 **********
 PARAMETER   10  IS CONSTANT.   IGNORED.
 **********
 **    9 **FIX           11
 **********
 PARAMETER   11  IS CONSTANT.   IGNORED.
 **********
 **   10 **FIX           12
 **********
 PARAMETER   12  IS CONSTANT.   IGNORED.
 **********
 **   11 **FIX           13
 **********
 PARAMETER   13  IS CONSTANT.   IGNORED.
 **********
 **   12 **FIX           14
 **********
 **********
 **   13 **FIX           15
 **********
 PARAMETER   15  IS CONSTANT.   IGNORED.
 **********
 **   14 **FIX           16
 **********
 PARAMETER   16  IS CONSTANT.   IGNORED.
 **********
 **   15 **MIGRAD
 **********
 FIRST CALL TO USER FUNCTION AT NEW START POINT, WITH IFLAG=4.
 START MIGRAD MINIMIZATION.  STRATEGY  1.  CONVERGENCE WHEN EDM .LT. 1.00e-04
 FCN=984.188 FROM MIGRAD    STATUS=INITIATE       58 CALLS          59 TOTAL
                     EDM= unknown      STRATEGY= 1      NO ERROR MATRIX       
  EXT PARAMETER               CURRENT GUESS       STEP         FIRST   
  NO.   NAME      VALUE            ERROR          SIZE      DERIVATIVE 
   1  N0           2.81782e+06   1.00000e+02   0.00000e+00   9.50236e-04
   2  tau          6.44050e+01   constant   
   3  A0           3.53650e-01   1.00000e-04   0.00000e+00   8.31957e+02
   4  phi          4.11538e+00   1.00000e-02   0.00000e+00   2.81747e+01
   5  R           -6.15106e+01   constant   
   6  A_CBO        2.72405e-03     fixed    
   7  w_CBO        2.32697e+00     fixed    
   8  phi_CBO      5.12474e+00     fixed    
   9  ANx2         5.52857e-04   constant   
  10  pNx2         5.73177e+00   constant   
  11  ANy1         0.00000e+00   constant   
  12  pNy1         0.00000e+00   constant   
  13  w_y          0.00000e+00   constant   
  14  ANy2         9.05236e-03     fixed    
  15  pNy2         5.72687e+00   constant   
  16  w_vw         1.43172e+01   constant   
  17  LM           3.92941e-07   constant   
  18  wCBO_expCoeff   1.99974e+02   1.00000e+00  -2.56888e-02  -2.64455e+01
  19  wCBO_expOffset   2.00000e+02   1.00000e+00   0.00000e+00  -1.75702e+02
  20  wCBO_expT    3.00000e+01   1.00000e+00   0.00000e+00  -1.45209e+03
  21  wCBO_linCoeff   0.00000e+00   constant   
  22  wCBO_const   0.00000e+00   1.00000e-02   0.00000e+00   1.79359e+01
 MIGRAD MINIMIZATION HAS CONVERGED.
 FCN=942.404 FROM MIGRAD    STATUS=CONVERGED     268 CALLS         269 TOTAL
                     EDM=2.20768e-07    STRATEGY= 1  ERROR MATRIX UNCERTAINTY   3.6 per cent
  EXT PARAMETER                                   STEP         FIRST   
  NO.   NAME      VALUE            ERROR          SIZE      DERIVATIVE 
   1  N0           2.81758e+06   7.35660e+02   8.32864e-01  -3.95035e-07
   2  tau          6.44050e+01   constant   
   3  A0           3.53615e-01   3.48220e-04  -7.82620e-08  -2.05489e-01
   4  phi          4.11561e+00   1.02977e-03   4.31930e-07  -2.95106e-02
   5  R           -6.15106e+01   constant   
   6  A_CBO        2.72405e-03     fixed    
   7  w_CBO        2.32697e+00     fixed    
   8  phi_CBO      5.12474e+00     fixed    
   9  ANx2         5.52857e-04   constant   
  10  pNx2         5.73177e+00   constant   
  11  ANy1         0.00000e+00   constant   
  12  pNy1         0.00000e+00   constant   
  13  w_y          0.00000e+00   constant   
  14  ANy2         9.05236e-03     fixed    
  15  pNy2         5.72687e+00   constant   
  16  w_vw         1.43172e+01   constant   
  17  LM           3.92941e-07   constant   
  18  wCBO_expCoeff   1.99826e+02   1.54149e-02   2.91003e-05  -2.75925e-02
  19  wCBO_expOffset   1.99978e+02   2.34559e-03   4.47385e-06  -4.60739e-01
  20  wCBO_expT    3.00227e+01   2.20349e-03  -4.35255e-06  -4.72188e-01
  21  wCBO_linCoeff   0.00000e+00   constant   
  22  wCBO_const  -3.34415e-03   5.36213e-04   8.37456e-07  -7.89968e-01
 EXTERNAL ERROR MATRIX.    NDIM=  25    NPAR=  7    ERR DEF=1
  5.412e+05  3.257e-05 -7.782e-03 -2.648e-01 -1.887e-02  2.765e-02  3.997e-03 
  3.257e-05  1.213e-07  2.035e-09 -1.708e-07 -2.770e-08  2.615e-08 -3.732e-09 
 -7.782e-03  2.035e-09  1.060e-06  3.541e-07  6.635e-08 -6.123e-08  1.611e-08 
 -2.648e-01 -1.708e-07  3.541e-07  2.376e-04  2.841e-05 -3.159e-05  5.169e-06 
 -1.887e-02 -2.770e-08  6.635e-08  2.841e-05  5.502e-06 -4.814e-06  7.892e-07 
  2.765e-02  2.615e-08 -6.123e-08 -3.159e-05 -4.814e-06  4.855e-06 -8.948e-07 
  3.997e-03 -3.732e-09  1.611e-08  5.169e-06  7.892e-07 -8.948e-07  2.875e-07 
 PARAMETER  CORRELATION COEFFICIENTS  
       NO.  GLOBAL      1      3      4     18     19     20     22
        1  0.05251   1.000  0.000 -0.010 -0.023 -0.011  0.017  0.010
        3  0.03597   0.000  1.000  0.006 -0.032 -0.034  0.034 -0.020
        4  0.03588  -0.010  0.006  1.000  0.022  0.027 -0.027  0.029
       18  0.97775  -0.023 -0.032  0.022  1.000  0.786 -0.930  0.625
       19  0.97817  -0.011 -0.034  0.027  0.786  1.000 -0.931  0.627
       20  0.99482   0.017  0.034 -0.027 -0.930 -0.931  1.000 -0.757
       22  0.89751   0.010 -0.020  0.029  0.625  0.627 -0.757  1.000
MINUIT - FIT ONLY 1-CBO + other amplitudes 
 **********
 **   16 **RES 
 **********
                   PARAMETER   14  ANy2 RESTORED TO VARIABLE.
                   PARAMETER    8  phi_CBO RESTORED TO VARIABLE.
                   PARAMETER    7  w_CBO RESTORED TO VARIABLE.
                   PARAMETER    6  A_CBO RESTORED TO VARIABLE.
 **********
 **   17 **FIX            0
 **********
 PARAMETER    0  IS UNDEFINED. IGNORED.
 **********
 **   18 **FIX            1
 **********
 **********
 **   19 **FIX            2
 **********
 PARAMETER    2  IS CONSTANT.   IGNORED.
 **********
 **   20 **FIX            3
 **********
 **********
 **   21 **FIX            4
 **********
 **********
 **   22 **FIX            9
 **********
 PARAMETER    9  IS CONSTANT.   IGNORED.
 **********
 **   23 **FIX           11
 **********
 PARAMETER   11  IS CONSTANT.   IGNORED.
 **********
 **   24 **FIX           12
 **********
 PARAMETER   12  IS CONSTANT.   IGNORED.
 **********
 **   25 **FIX           14
 **********
 **********
 **   26 **FIX           15
 **********
 PARAMETER   15  IS CONSTANT.   IGNORED.
 **********
 **   27 **FIX           16
 **********
 PARAMETER   16  IS CONSTANT.   IGNORED.
 **********
 **   28 **MIGRAD
 **********
 START MIGRAD MINIMIZATION.  STRATEGY  1.  CONVERGENCE WHEN EDM .LT. 1.00e-04
 FCN=942.404 FROM MIGRAD    STATUS=INITIATE       20 CALLS         289 TOTAL
                     EDM= unknown      STRATEGY= 1      NO ERROR MATRIX       
  EXT PARAMETER               CURRENT GUESS       STEP         FIRST   
  NO.   NAME      VALUE            ERROR          SIZE      DERIVATIVE 
   1  N0           2.81758e+06     fixed    
   2  tau          6.44050e+01   constant   
   3  A0           3.53615e-01     fixed    
   4  phi          4.11561e+00     fixed    
   5  R           -6.15106e+01   constant   
   6  A_CBO        2.72405e-03   1.00000e-05   1.00000e-05   2.33868e+04
   7  w_CBO        2.32697e+00   1.00000e-03   1.00000e-03  -2.77699e+00
   8  phi_CBO      5.12474e+00   1.00000e-04   1.00000e-04  -2.74663e+00
   9  ANx2         5.52857e-04   constant   
  10  pNx2         5.73177e+00   constant   
  11  ANy1         0.00000e+00   constant   
  12  pNy1         0.00000e+00   constant   
  13  w_y          0.00000e+00   constant   
  14  ANy2         9.05236e-03     fixed    
  15  pNy2         5.72687e+00   constant   
  16  w_vw         1.43172e+01   constant   
  17  LM           3.92941e-07   constant   
  18  wCBO_expCoeff   1.99826e+02   1.54149e-02   2.91003e-05  -2.75925e-02
  19  wCBO_expOffset   1.99978e+02   2.34559e-03   4.47385e-06  -4.60739e-01
  20  wCBO_expT    3.00227e+01   2.20349e-03  -4.35255e-06  -4.72188e-01
  21  wCBO_linCoeff   0.00000e+00   constant   
  22  wCBO_const  -3.34415e-03   5.36213e-04   8.37456e-07  -7.89957e-01
 MIGRAD MINIMIZATION HAS CONVERGED.
 MIGRAD WILL VERIFY CONVERGENCE AND ERROR MATRIX.
 COVARIANCE MATRIX CALCULATED SUCCESSFULLY
 FCN=923.318 FROM MIGRAD    STATUS=CONVERGED     203 CALLS         472 TOTAL
                     EDM=2.88482e-07    STRATEGY= 1      ERROR MATRIX ACCURATE 
  EXT PARAMETER                                   STEP         FIRST   
  NO.   NAME      VALUE            ERROR          SIZE      DERIVATIVE 
   1  N0           2.81758e+06     fixed    
   2  tau          6.44050e+01   constant   
   3  A0           3.53615e-01     fixed    
   4  phi          4.11561e+00     fixed    
   5  R           -6.15106e+01   constant   
   6  A_CBO        1.11512e-03   3.72431e-04   5.48770e-06  -4.34260e-01
   7  w_CBO        2.32696e+00   1.27350e-03   1.10958e-06   1.25569e+01
   8  phi_CBO      5.32410e+00   4.27012e-01   4.91029e-03  -1.21432e-03
   9  ANx2         5.52857e-04   constant   
  10  pNx2         5.73177e+00   constant   
  11  ANy1         0.00000e+00   constant   
  12  pNy1         0.00000e+00   constant   
  13  w_y          0.00000e+00   constant   
  14  ANy2         9.05236e-03     fixed    
  15  pNy2         5.72687e+00   constant   
  16  w_vw         1.43172e+01   constant   
  17  LM           3.92941e-07   constant   
  18  wCBO_expCoeff   1.99825e+02   1.09599e-01   9.52840e-05   1.38330e-01
  19  wCBO_expOffset   1.99978e+02   7.64736e-03   9.53567e-05   9.19007e-01
  20  wCBO_expT    3.00230e+01   2.56326e-03   1.43161e-05   1.94229e+00
  21  wCBO_linCoeff   0.00000e+00   constant   
  22  wCBO_const  -3.34161e-03   8.23261e-04   4.25561e-06   1.58325e+00
 EXTERNAL ERROR MATRIX.    NDIM=  25    NPAR=  7    ERR DEF=1
  1.387e-07  1.140e-08 -2.946e-06  1.221e-06 -2.786e-07 -3.776e-08  6.868e-09 
  1.140e-08  1.622e-06 -2.063e-06 -1.198e-04 -2.071e-06 -4.284e-07 -6.181e-07 
 -2.946e-06 -2.063e-06  1.823e-01 -1.119e-04  1.581e-06  6.753e-05  5.428e-05 
  1.221e-06 -1.198e-04 -1.119e-04  1.201e-02 -1.860e-04 -3.681e-05  5.806e-05 
 -2.786e-07 -2.071e-06  1.581e-06 -1.860e-04  5.848e-05 -1.731e-06  1.107e-06 
 -3.776e-08 -4.284e-07  6.753e-05 -3.681e-05 -1.731e-06  6.570e-06 -1.089e-06 
  6.868e-09 -6.181e-07  5.428e-05  5.806e-05  1.107e-06 -1.089e-06  6.778e-07 
 PARAMETER  CORRELATION COEFFICIENTS  
       NO.  GLOBAL      6      7      8     18     19     20     22
        6  0.12208   1.000  0.024 -0.019  0.030 -0.098 -0.040  0.022
        7  0.99931   0.024  1.000 -0.004 -0.858 -0.213 -0.131 -0.590
        8  0.63204  -0.019 -0.004  1.000 -0.002  0.000  0.062  0.154
       18  0.99923   0.030 -0.858 -0.002  1.000 -0.222 -0.131  0.643
       19  0.99642  -0.098 -0.213  0.000 -0.222  1.000 -0.088  0.176
       20  0.99402  -0.040 -0.131  0.062 -0.131 -0.088  1.000 -0.516
       22  0.93742   0.022 -0.590  0.154  0.643  0.176 -0.516  1.000
MINUIT - FIT ONLY 1-CBO
 **********
 **   29 **RES 
 **********
                   PARAMETER   14  ANy2 RESTORED TO VARIABLE.
                   PARAMETER    4  phi RESTORED TO VARIABLE.
                   PARAMETER    3  A0 RESTORED TO VARIABLE.
                   PARAMETER    1  N0 RESTORED TO VARIABLE.
 **********
 **   30 **FIX            0
 **********
 PARAMETER    0  IS UNDEFINED. IGNORED.
 **********
 **   31 **FIX            1
 **********
 **********
 **   32 **FIX            2
 **********
 PARAMETER    2  IS CONSTANT.   IGNORED.
 **********
 **   33 **FIX            3
 **********
 **********
 **   34 **FIX            4
 **********
 **********
 **   35 **FIX            8
 **********
 **********
 **   36 **FIX            9
 **********
 PARAMETER    9  IS CONSTANT.   IGNORED.
 **********
 **   37 **FIX           11
 **********
 PARAMETER   11  IS CONSTANT.   IGNORED.
 **********
 **   38 **FIX           12
 **********
 PARAMETER   12  IS CONSTANT.   IGNORED.
 **********
 **   39 **FIX           13
 **********
 PARAMETER   13  IS CONSTANT.   IGNORED.
 **********
 **   40 **FIX           15
 **********
 PARAMETER   15  IS CONSTANT.   IGNORED.
 **********
 **   41 **FIX           16
 **********
 PARAMETER   16  IS CONSTANT.   IGNORED.
 **********
 **   42 **MIGRAD
 **********
 START MIGRAD MINIMIZATION.  STRATEGY  1.  CONVERGENCE WHEN EDM .LT. 1.00e-04
 FCN=923.318 FROM MIGRAD    STATUS=INITIATE       16 CALLS         488 TOTAL
                     EDM= unknown      STRATEGY= 1      NO ERROR MATRIX       
  EXT PARAMETER               CURRENT GUESS       STEP         FIRST   
  NO.   NAME      VALUE            ERROR          SIZE      DERIVATIVE 
   1  N0           2.81758e+06     fixed    
   2  tau          6.44050e+01   constant   
   3  A0           3.53615e-01     fixed    
   4  phi          4.11561e+00     fixed    
   5  R           -6.15106e+01   constant   
   6  A_CBO        1.11512e-03   3.72431e-04   5.48770e-06  -4.34260e-01
   7  w_CBO        2.32696e+00   1.27350e-03   1.10958e-06   1.24725e+01
   8  phi_CBO      5.32410e+00     fixed    
   9  ANx2         5.52857e-04   constant   
  10  pNx2         5.73177e+00   constant   
  11  ANy1         0.00000e+00   constant   
  12  pNy1         0.00000e+00   constant   
  13  w_y          0.00000e+00   constant   
  14  ANy2         9.05236e-03   1.00000e-04   1.00000e-04   1.28595e+05
  15  pNy2         5.72687e+00   constant   
  16  w_vw         1.43172e+01   constant   
  17  LM           3.92941e-07   constant   
  18  wCBO_expCoeff   1.99825e+02   1.09599e-01   9.52840e-05   1.37347e-01
  19  wCBO_expOffset   1.99978e+02   7.64736e-03   9.53567e-05   5.37227e-01
  20  wCBO_expT    3.00230e+01   2.56326e-03   1.43161e-05   1.96285e+00
  21  wCBO_linCoeff   0.00000e+00   constant   
  22  wCBO_const  -3.34161e-03   8.23261e-04   4.25561e-06   1.58960e+00
 MIGRAD MINIMIZATION HAS CONVERGED.
 MIGRAD WILL VERIFY CONVERGENCE AND ERROR MATRIX.
 FCN=354.488 FROM MIGRAD    STATUS=CONVERGED     244 CALLS         716 TOTAL
                     EDM=3.977e-06    STRATEGY= 1      ERR MATRIX NOT POS-DEF
  EXT PARAMETER                APPROXIMATE        STEP         FIRST   
  NO.   NAME      VALUE            ERROR          SIZE      DERIVATIVE 
   1  N0           2.81758e+06     fixed    
   2  tau          6.44050e+01   constant   
   3  A0           3.53615e-01     fixed    
   4  phi          4.11561e+00     fixed    
   5  R           -6.15106e+01   constant   
   6  A_CBO        1.28598e-04   4.06156e-04   3.35749e-06   4.33099e+00
   7  w_CBO        2.32712e+00   6.06713e-04   1.10966e-06   1.22725e+01
   8  phi_CBO      5.32410e+00     fixed    
   9  ANx2         5.52857e-04   constant   
  10  pNx2         5.73177e+00   constant   
  11  ANy1         0.00000e+00   constant   
  12  pNy1         0.00000e+00   constant   
  13  w_y          0.00000e+00   constant   
  14  ANy2         1.74466e-04   3.65914e-04   3.39763e-06   3.05516e-01
  15  pNy2         5.72687e+00   constant   
  16  w_vw         1.43172e+01   constant   
  17  LM           3.92941e-07   constant   
  18  wCBO_expCoeff   1.99840e+02   5.49638e-02   9.52910e-05   1.43994e-01
  19  wCBO_expOffset   1.99980e+02   1.54850e-02   9.53577e-05   9.61799e-01
  20  wCBO_expT    3.00208e+01   3.66726e-03   1.43150e-05   2.32772e+00
  21  wCBO_linCoeff   0.00000e+00   constant   
  22  wCBO_const  -3.15457e-03   1.03267e-03   5.53956e-06  -2.37849e-01
 EXTERNAL ERROR MATRIX.    NDIM=  25    NPAR=  7    ERR DEF=1
  1.650e-07  1.015e-08  1.597e-08  8.967e-07 -1.406e-06  4.222e-07  5.184e-08 
  1.015e-08  3.681e-07 -2.604e-09  4.620e-06 -6.033e-06  2.994e-07 -1.689e-07 
  1.597e-08 -2.604e-09  1.339e-07 -2.528e-07 -2.489e-08  2.672e-08  4.765e-09 
  8.967e-07  4.620e-06 -2.528e-07  3.021e-03 -5.713e-04  2.999e-05 -4.070e-06 
 -1.406e-06 -6.033e-06 -2.489e-08 -5.713e-04  2.398e-04 -3.588e-05  5.014e-06 
  4.222e-07  2.994e-07  2.672e-08  2.999e-05 -3.588e-05  1.345e-05 -1.709e-06 
  5.184e-08 -1.689e-07  4.765e-09 -4.070e-06  5.014e-06 -1.709e-06  1.066e-06 
ERR MATRIX NOT POS-DEF
 PARAMETER  CORRELATION COEFFICIENTS  
       NO.  GLOBAL      6      7     14     18     19     20     22
        6  0.46737   1.000  0.041  0.107  0.040 -0.224  0.283  0.124
        7  0.98896   0.041  1.000 -0.012  0.139 -0.642  0.135 -0.270
       14  0.11815   0.107 -0.012  1.000 -0.013 -0.004  0.020  0.013
       18  0.98905   0.040  0.139 -0.013  1.000 -0.671  0.149 -0.072
       19  0.99690  -0.224 -0.642 -0.004 -0.671  1.000 -0.632  0.314
       20  0.98891   0.283  0.135  0.020  0.149 -0.632  1.000 -0.451
       22  0.81803   0.124 -0.270  0.013 -0.072  0.314 -0.451  1.000
 ERR MATRIX NOT POS-DEF
MINUIT - FIT ONLY 2-CBO
 **********
 **   43 **RES 
 **********
                   PARAMETER    8  phi_CBO RESTORED TO VARIABLE.
                   PARAMETER    4  phi RESTORED TO VARIABLE.
                   PARAMETER    3  A0 RESTORED TO VARIABLE.
                   PARAMETER    1  N0 RESTORED TO VARIABLE.
 **********
 **   44 **FIX            0
 **********
 PARAMETER    0  IS UNDEFINED. IGNORED.
 **********
 **   45 **FIX            1
 **********
 **********
 **   46 **FIX            2
 **********
 PARAMETER    2  IS CONSTANT.   IGNORED.
 **********
 **   47 **FIX            3
 **********
 **********
 **   48 **FIX            4
 **********
 **********
 **   49 **FIX            5
 **********
 PARAMETER    5  IS CONSTANT.   IGNORED.
 **********
 **   50 **FIX            6
 **********
 **********
 **   51 **FIX            7
 **********
 **********
 **   52 **FIX           10
 **********
 PARAMETER   10  IS CONSTANT.   IGNORED.
 **********
 **   53 **FIX           11
 **********
 PARAMETER   11  IS CONSTANT.   IGNORED.
 **********
 **   54 **FIX           12
 **********
 PARAMETER   12  IS CONSTANT.   IGNORED.
 **********
 **   55 **FIX           13
 **********
 PARAMETER   13  IS CONSTANT.   IGNORED.
 **********
 **   56 **FIX           14
 **********
 **********
 **   57 **FIX           15
 **********
 PARAMETER   15  IS CONSTANT.   IGNORED.
 **********
 **   58 **FIX           16
 **********
 PARAMETER   16  IS CONSTANT.   IGNORED.
 **********
 **   59 **MIGRAD
 **********
 START MIGRAD MINIMIZATION.  STRATEGY  1.  CONVERGENCE WHEN EDM .LT. 1.00e-04
 FCN=354.488 FROM MIGRAD    STATUS=INITIATE       12 CALLS         728 TOTAL
                     EDM= unknown      STRATEGY= 1      NO ERROR MATRIX       
  EXT PARAMETER               CURRENT GUESS       STEP         FIRST   
  NO.   NAME      VALUE            ERROR          SIZE      DERIVATIVE 
   1  N0           2.81758e+06     fixed    
   2  tau          6.44050e+01   constant   
   3  A0           3.53615e-01     fixed    
   4  phi          4.11561e+00     fixed    
   5  R           -6.15106e+01   constant   
   6  A_CBO        1.28598e-04     fixed    
   7  w_CBO        2.32712e+00     fixed    
   8  phi_CBO      5.32410e+00   4.27012e-01   4.27012e-01  -3.71627e-02
   9  ANx2         5.52857e-04   constant   
  10  pNx2         5.73177e+00   constant   
  11  ANy1         0.00000e+00   constant   
  12  pNy1         0.00000e+00   constant   
  13  w_y          0.00000e+00   constant   
  14  ANy2         1.74466e-04     fixed    
  15  pNy2         5.72687e+00   constant   
  16  w_vw         1.43172e+01   constant   
  17  LM           3.92941e-07   constant   
  18  wCBO_expCoeff   1.99840e+02   5.49638e-02   9.52910e-05   1.45895e-01
  19  wCBO_expOffset   1.99980e+02   1.54850e-02   9.53577e-05   1.70210e+00
  20  wCBO_expT    3.00208e+01   3.66726e-03   1.43150e-05   2.54322e+00
  21  wCBO_linCoeff   0.00000e+00   constant   
  22  wCBO_const  -3.15457e-03   1.03267e-03   5.53956e-06  -2.35668e-01
 MIGRAD MINIMIZATION HAS CONVERGED.
 MIGRAD WILL VERIFY CONVERGENCE AND ERROR MATRIX.
 FCN=354.485 FROM MIGRAD    STATUS=CONVERGED      85 CALLS         801 TOTAL
                     EDM=7.41463e-05    STRATEGY= 1      ERR MATRIX NOT POS-DEF
  EXT PARAMETER                APPROXIMATE        STEP         FIRST   
  NO.   NAME      VALUE            ERROR          SIZE      DERIVATIVE 
   1  N0           2.81758e+06     fixed    
   2  tau          6.44050e+01   constant   
   3  A0           3.53615e-01     fixed    
   4  phi          4.11561e+00     fixed    
   5  R           -6.15106e+01   constant   
   6  A_CBO        1.28598e-04     fixed    
   7  w_CBO        2.32712e+00     fixed    
   8  phi_CBO      5.49495e+00   2.95321e+00   2.65878e-02  -5.22202e-04
   9  ANx2         5.52857e-04   constant   
  10  pNx2         5.73177e+00   constant   
  11  ANy1         0.00000e+00   constant   
  12  pNy1         0.00000e+00   constant   
  13  w_y          0.00000e+00   constant   
  14  ANy2         1.74466e-04     fixed    
  15  pNy2         5.72687e+00   constant   
  16  w_vw         1.43172e+01   constant   
  17  LM           3.92941e-07   constant   
  18  wCBO_expCoeff   1.99840e+02   7.09327e-02   9.52910e-05  -8.72082e-02
  19  wCBO_expOffset   1.99980e+02   1.63244e-02   9.53577e-05  -5.77220e-01
  20  wCBO_expT    3.00208e+01   4.39539e-03   1.43150e-05   1.53930e+00
  21  wCBO_linCoeff   0.00000e+00   constant   
  22  wCBO_const  -3.13717e-03   1.07086e-03   5.55946e-06  -2.39049e-01
 EXTERNAL ERROR MATRIX.    NDIM=  25    NPAR=  5    ERR DEF=1
  8.721e+00  4.783e-03 -7.267e-05 -6.707e-04  8.154e-04 
  4.783e-03  5.031e-03 -9.961e-04  1.193e-04 -1.163e-05 
 -7.267e-05 -9.961e-04  2.665e-04 -5.665e-05  5.772e-06 
 -6.707e-04  1.193e-04 -5.665e-05  1.932e-05 -2.580e-06 
  8.154e-04 -1.163e-05  5.772e-06 -2.580e-06  1.147e-06 
ERR MATRIX NOT POS-DEF
 PARAMETER  CORRELATION COEFFICIENTS  
       NO.  GLOBAL      8     18     19     20     22
        8  0.29524   1.000  0.023 -0.002 -0.052  0.258
       18  0.99346   0.023  1.000 -0.860  0.383 -0.153
       19  0.99722  -0.002 -0.860  1.000 -0.789  0.330
       20  0.99230  -0.052  0.383 -0.789  1.000 -0.548
       22  0.83107   0.258 -0.153  0.330 -0.548  1.000
 ERR MATRIX NOT POS-DEF
MINUIT - FIT ONLY 1-y
 **********
 **   60 **RES 
 **********
                   PARAMETER   14  ANy2 RESTORED TO VARIABLE.
                   PARAMETER    7  w_CBO RESTORED TO VARIABLE.
                   PARAMETER    6  A_CBO RESTORED TO VARIABLE.
                   PARAMETER    4  phi RESTORED TO VARIABLE.
                   PARAMETER    3  A0 RESTORED TO VARIABLE.
                   PARAMETER    1  N0 RESTORED TO VARIABLE.
 **********
 **   61 **FIX            0
 **********
 PARAMETER    0  IS UNDEFINED. IGNORED.
 **********
 **   62 **FIX            1
 **********
 **********
 **   63 **FIX            2
 **********
 PARAMETER    2  IS CONSTANT.   IGNORED.
 **********
 **   64 **FIX            3
 **********
 **********
 **   65 **FIX            4
 **********
 **********
 **   66 **FIX            5
 **********
 PARAMETER    5  IS CONSTANT.   IGNORED.
 **********
 **   67 **FIX            6
 **********
 **********
 **   68 **FIX            7
 **********
 **********
 **   69 **FIX            8
 **********
 **********
 **   70 **FIX            9
 **********
 PARAMETER    9  IS CONSTANT.   IGNORED.
 **********
 **   71 **FIX           13
 **********
 PARAMETER   13  IS CONSTANT.   IGNORED.
 **********
 **   72 **FIX           14
 **********
 **********
 **   73 **FIX           15
 **********
 PARAMETER   15  IS CONSTANT.   IGNORED.
 **********
 **   74 **FIX           16
 **********
 PARAMETER   16  IS CONSTANT.   IGNORED.
 **********
 **   75 **MIGRAD
 **********
 START MIGRAD MINIMIZATION.  STRATEGY  1.  CONVERGENCE WHEN EDM .LT. 1.00e-04
 FCN=354.485 FROM MIGRAD    STATUS=INITIATE        8 CALLS         809 TOTAL
                     EDM= unknown      STRATEGY= 1      NO ERROR MATRIX       
  EXT PARAMETER               CURRENT GUESS       STEP         FIRST   
  NO.   NAME      VALUE            ERROR          SIZE      DERIVATIVE 
   1  N0           2.81758e+06     fixed    
   2  tau          6.44050e+01   constant   
   3  A0           3.53615e-01     fixed    
   4  phi          4.11561e+00     fixed    
   5  R           -6.15106e+01   constant   
   6  A_CBO        1.28598e-04     fixed    
   7  w_CBO        2.32712e+00     fixed    
   8  phi_CBO      5.49495e+00     fixed    
   9  ANx2         5.52857e-04   constant   
  10  pNx2         5.73177e+00   constant   
  11  ANy1         0.00000e+00   constant   
  12  pNy1         0.00000e+00   constant   
  13  w_y          0.00000e+00   constant   
  14  ANy2         1.74466e-04     fixed    
  15  pNy2         5.72687e+00   constant   
  16  w_vw         1.43172e+01   constant   
  17  LM           3.92941e-07   constant   
  18  wCBO_expCoeff   1.99840e+02   7.09327e-02   9.52910e-05  -8.52904e-02
  19  wCBO_expOffset   1.99980e+02   1.63244e-02   9.53577e-05   1.69778e-01
  20  wCBO_expT    3.00208e+01   4.39539e-03   1.43150e-05   1.75597e+00
  21  wCBO_linCoeff   0.00000e+00   constant   
  22  wCBO_const  -3.13717e-03   1.07086e-03   5.55946e-06  -2.36948e-01
 MIGRAD MINIMIZATION HAS CONVERGED.
 MIGRAD WILL VERIFY CONVERGENCE AND ERROR MATRIX.
 FCN=354.485 FROM MIGRAD    STATUS=CONVERGED      56 CALLS         857 TOTAL
                     EDM=7.4012e-05    STRATEGY= 1      ERR MATRIX NOT POS-DEF
  EXT PARAMETER                APPROXIMATE        STEP         FIRST   
  NO.   NAME      VALUE            ERROR          SIZE      DERIVATIVE 
   1  N0           2.81758e+06     fixed    
   2  tau          6.44050e+01   constant   
   3  A0           3.53615e-01     fixed    
   4  phi          4.11561e+00     fixed    
   5  R           -6.15106e+01   constant   
   6  A_CBO        1.28598e-04     fixed    
   7  w_CBO        2.32712e+00     fixed    
   8  phi_CBO      5.49495e+00     fixed    
   9  ANx2         5.52857e-04   constant   
  10  pNx2         5.73177e+00   constant   
  11  ANy1         0.00000e+00   constant   
  12  pNy1         0.00000e+00   constant   
  13  w_y          0.00000e+00   constant   
  14  ANy2         1.74466e-04     fixed    
  15  pNy2         5.72687e+00   constant   
  16  w_vw         1.43172e+01   constant   
  17  LM           3.92941e-07   constant   
  18  wCBO_expCoeff   1.99840e+02   7.10986e-02   9.52910e-05  -6.41973e-01
  19  wCBO_expOffset   1.99980e+02   1.63995e-02   9.53577e-05  -4.27012e+00
  20  wCBO_expT    3.00208e+01   4.40422e-03   1.43150e-05  -6.79356e+00
  21  wCBO_linCoeff   0.00000e+00   constant   
  22  wCBO_const  -3.13649e-03   1.03496e-03   5.56018e-06  -5.50397e+00
 EXTERNAL ERROR MATRIX.    NDIM=  25    NPAR=  4    ERR DEF=1
  5.055e-03 -1.004e-03  1.219e-04 -1.229e-05 
 -1.004e-03  2.689e-04 -5.724e-05  5.834e-06 
  1.219e-04 -5.724e-05  1.940e-05 -2.529e-06 
 -1.229e-05  5.834e-06 -2.529e-06  1.071e-06 
ERR MATRIX NOT POS-DEF
 PARAMETER  CORRELATION COEFFICIENTS  
       NO.  GLOBAL     18     19     20     22
       18  0.99349   1.000 -0.861  0.389 -0.167
       19  0.99724  -0.861  1.000 -0.793  0.344
       20  0.99232   0.389 -0.793  1.000 -0.555
       22  0.81772  -0.167  0.344 -0.555  1.000
 ERR MATRIX NOT POS-DEF
MINUIT - FIT ONLY 2-y
 **********
 **   76 **RES 
 **********
                   PARAMETER   14  ANy2 RESTORED TO VARIABLE.
                   PARAMETER    8  phi_CBO RESTORED TO VARIABLE.
                   PARAMETER    7  w_CBO RESTORED TO VARIABLE.
                   PARAMETER    6  A_CBO RESTORED TO VARIABLE.
                   PARAMETER    4  phi RESTORED TO VARIABLE.
                   PARAMETER    3  A0 RESTORED TO VARIABLE.
                   PARAMETER    1  N0 RESTORED TO VARIABLE.
 **********
 **   77 **FIX            0
 **********
 PARAMETER    0  IS UNDEFINED. IGNORED.
 **********
 **   78 **FIX            1
 **********
 **********
 **   79 **FIX            2
 **********
 PARAMETER    2  IS CONSTANT.   IGNORED.
 **********
 **   80 **FIX            3
 **********
 **********
 **   81 **FIX            4
 **********
 **********
 **   82 **FIX            5
 **********
 PARAMETER    5  IS CONSTANT.   IGNORED.
 **********
 **   83 **FIX            6
 **********
 **********
 **   84 **FIX            7
 **********
 **********
 **   85 **FIX            8
 **********
 **********
 **   86 **FIX            9
 **********
 PARAMETER    9  IS CONSTANT.   IGNORED.
 **********
 **   87 **FIX           10
 **********
 PARAMETER   10  IS CONSTANT.   IGNORED.
 **********
 **   88 **FIX           11
 **********
 PARAMETER   11  IS CONSTANT.   IGNORED.
 **********
 **   89 **FIX           12
 **********
 PARAMETER   12  IS CONSTANT.   IGNORED.
 **********
 **   90 **FIX           16
 **********
 PARAMETER   16  IS CONSTANT.   IGNORED.
 **********
 **   91 **MIGRAD
 **********
 START MIGRAD MINIMIZATION.  STRATEGY  1.  CONVERGENCE WHEN EDM .LT. 1.00e-04
 FCN=354.485 FROM MIGRAD    STATUS=INITIATE       10 CALLS         867 TOTAL
                     EDM= unknown      STRATEGY= 1      NO ERROR MATRIX       
  EXT PARAMETER               CURRENT GUESS       STEP         FIRST   
  NO.   NAME      VALUE            ERROR          SIZE      DERIVATIVE 
   1  N0           2.81758e+06     fixed    
   2  tau          6.44050e+01   constant   
   3  A0           3.53615e-01     fixed    
   4  phi          4.11561e+00     fixed    
   5  R           -6.15106e+01   constant   
   6  A_CBO        1.28598e-04     fixed    
   7  w_CBO        2.32712e+00     fixed    
   8  phi_CBO      5.49495e+00     fixed    
   9  ANx2         5.52857e-04   constant   
  10  pNx2         5.73177e+00   constant   
  11  ANy1         0.00000e+00   constant   
  12  pNy1         0.00000e+00   constant   
  13  w_y          0.00000e+00   constant   
  14  ANy2         1.74466e-04   3.65914e-04   3.65914e-04  -9.72892e+00
  15  pNy2         5.72687e+00   constant   
  16  w_vw         1.43172e+01   constant   
  17  LM           3.92941e-07   constant   
  18  wCBO_expCoeff   1.99840e+02   7.10986e-02   9.52910e-05  -6.40048e-01
  19  wCBO_expOffset   1.99980e+02   1.63995e-02   9.53577e-05  -3.52026e+00
  20  wCBO_expT    3.00208e+01   4.40422e-03   1.43150e-05  -6.62882e+00
  21  wCBO_linCoeff   0.00000e+00   constant   
  22  wCBO_const  -3.13649e-03   1.03496e-03   5.56018e-06  -5.49119e+00
 MIGRAD MINIMIZATION HAS CONVERGED.
 MIGRAD WILL VERIFY CONVERGENCE AND ERROR MATRIX.
 FCN=354.485 FROM MIGRAD    STATUS=CONVERGED      59 CALLS         916 TOTAL
                     EDM=6.59557e-05    STRATEGY= 1      ERR MATRIX NOT POS-DEF
  EXT PARAMETER                APPROXIMATE        STEP         FIRST   
  NO.   NAME      VALUE            ERROR          SIZE      DERIVATIVE 
   1  N0           2.81758e+06     fixed    
   2  tau          6.44050e+01   constant   
   3  A0           3.53615e-01     fixed    
   4  phi          4.11561e+00     fixed    
   5  R           -6.15106e+01   constant   
   6  A_CBO        1.28598e-04     fixed    
   7  w_CBO        2.32712e+00     fixed    
   8  phi_CBO      5.49495e+00     fixed    
   9  ANx2         5.52857e-04   constant   
  10  pNx2         5.73177e+00   constant   
  11  ANy1         0.00000e+00   constant   
  12  pNy1         0.00000e+00   constant   
  13  w_y          0.00000e+00   constant   
  14  ANy2         1.74679e-04   3.64431e-04   3.39761e-06  -5.98475e+00
  15  pNy2         5.72687e+00   constant   
  16  w_vw         1.43172e+01   constant   
  17  LM           3.92941e-07   constant   
  18  wCBO_expCoeff   1.99840e+02   7.11226e-02   9.52910e-05  -2.38158e-02
  19  wCBO_expOffset   1.99980e+02   1.63833e-02   9.53577e-05  -1.51151e-01
  20  wCBO_expT    3.00208e+01   4.40051e-03   1.43150e-05   2.44029e+00
  21  wCBO_linCoeff   0.00000e+00   constant   
  22  wCBO_const  -3.13616e-03   1.03508e-03   5.56076e-06   1.58520e+00
 EXTERNAL ERROR MATRIX.    NDIM=  25    NPAR=  5    ERR DEF=1
  1.328e-07 -5.286e-07  1.146e-07 -2.375e-08 -9.684e-10 
 -5.286e-07  5.058e-03 -1.003e-03  1.211e-04 -1.221e-05 
  1.146e-07 -1.003e-03  2.684e-04 -5.706e-05  5.819e-06 
 -2.375e-08  1.211e-04 -5.706e-05  1.936e-05 -2.527e-06 
 -9.684e-10 -1.221e-05  5.819e-06 -2.527e-06  1.071e-06 
ERR MATRIX NOT POS-DEF
 PARAMETER  CORRELATION COEFFICIENTS  
       NO.  GLOBAL     14     18     19     20     22
       14  0.04756   1.000 -0.020  0.019 -0.015 -0.003
       18  0.99350  -0.020  1.000 -0.861  0.387 -0.166
       19  0.99724   0.019 -0.861  1.000 -0.792  0.343
       20  0.99232  -0.015  0.387 -0.792  1.000 -0.555
       22  0.81790  -0.003 -0.166  0.343 -0.555  1.000
 ERR MATRIX NOT POS-DEF
MINUIT - FIT ALTOGETHER
 **********
 **   92 **RES 
 **********
                   PARAMETER    8  phi_CBO RESTORED TO VARIABLE.
                   PARAMETER    7  w_CBO RESTORED TO VARIABLE.
                   PARAMETER    6  A_CBO RESTORED TO VARIABLE.
                   PARAMETER    4  phi RESTORED TO VARIABLE.
                   PARAMETER    3  A0 RESTORED TO VARIABLE.
                   PARAMETER    1  N0 RESTORED TO VARIABLE.
 **********
 **   93 **MIGRAD
 **********
 START MIGRAD MINIMIZATION.  STRATEGY  1.  CONVERGENCE WHEN EDM .LT. 1.00e-04
 FCN=354.485 FROM MIGRAD    STATUS=INITIATE       22 CALLS         938 TOTAL
                     EDM= unknown      STRATEGY= 1      NO ERROR MATRIX       
  EXT PARAMETER               CURRENT GUESS       STEP         FIRST   
  NO.   NAME      VALUE            ERROR          SIZE      DERIVATIVE 
   1  N0           2.81758e+06   7.35660e+02   7.35660e+02  -1.07538e-03
   2  tau          6.44050e+01   constant   
   3  A0           3.53615e-01   3.48220e-04   3.48220e-04   5.43521e+01
   4  phi          4.11561e+00   1.02977e-03   1.02977e-03   1.00112e+02
   5  R           -6.15106e+01   constant   
   6  A_CBO        1.28598e-04   4.06156e-04   4.06156e-04  -5.46996e+01
   7  w_CBO        2.32712e+00   6.06713e-04   6.06713e-04  -1.11295e+00
   8  phi_CBO      5.49495e+00   2.95321e+00   2.95321e+00  -7.12813e-04
   9  ANx2         5.52857e-04   constant   
  10  pNx2         5.73177e+00   constant   
  11  ANy1         0.00000e+00   constant   
  12  pNy1         0.00000e+00   constant   
  13  w_y          0.00000e+00   constant   
  14  ANy2         1.74679e-04   3.64431e-04   3.39761e-06  -5.98475e+00
  15  pNy2         5.72687e+00   constant   
  16  w_vw         1.43172e+01   constant   
  17  LM           3.92941e-07   constant   
  18  wCBO_expCoeff   1.99840e+02   7.11226e-02   9.52910e-05  -2.12850e-02
  19  wCBO_expOffset   1.99980e+02   1.63833e-02   9.53577e-05   5.95568e-01
  20  wCBO_expT    3.00208e+01   4.40051e-03   1.43150e-05   2.65693e+00
  21  wCBO_linCoeff   0.00000e+00   constant   
  22  wCBO_const  -3.13616e-03   1.03508e-03   5.56076e-06   1.59791e+00
 MIGRAD MINIMIZATION HAS CONVERGED.
 MIGRAD WILL VERIFY CONVERGENCE AND ERROR MATRIX.
 FCN=354.324 FROM HESSE     STATUS=NOT POSDEF    102 CALLS        1161 TOTAL
                     EDM=0.000268917    STRATEGY= 1      ERR MATRIX NOT POS-DEF
  EXT PARAMETER                APPROXIMATE        STEP         FIRST   
  NO.   NAME      VALUE            ERROR          SIZE      DERIVATIVE 
   1  N0           2.81787e+06   7.28111e+02   6.71859e+00   2.16603e-07
