 + ++++++++++++++++++++++++++++++++++++++++++++++++++++++++++++++++++++ +
 +                                                                      +
 +           You have chose to blind your fitting according to          +
 +                omega_ref * (1 + (R +/- deltaR) *10^{-6})             +
 +                                                                      +
 + ++++++++++++++++++++++++++++++++++++++++++++++++++++++++++++++++++++ +
In main()...
reading format from /gm2data/zkhechad/run45/envelope/formats/formatB_sBin_constraintOn.txt
pBinTau 	= 0  
pBinPhi 	= 0  
constraintau 	= 1 
includeMopTerm 	= 0    
constrainMop    = 0   
Parameters after format file: pBinTau 0 pBinPhi 0 constraintau 1 includeMopTerm 0 constrainMop 0 c_e_scale 0.000000 
reading cbo reference file (full fit) from /gm2data/zkhechad/cboTemplates/Run4CBOTemplates/fullFits/run4/sBin_constraintOn_cE0.0_seed0_run4_calo2.root
A_CBO 0.007108 w_CBO 2.327171 phi_CBO 2.947562 N0 3111930.391320 R -60.007933 tau 64.411359 
Reading cboRef file /gm2data/zkhechad/cboTemplates/Run4CBOTemplates//cboIsolate/run4_calo2.root
deltaT 59.817240
windowBins = 400
fitting sliding window 920 from bin 1123 at 167.551600 to bin 1523 at 227.231600 (400 bins)

Reading data from /gm2data/cornell/histograms/aMethod/histogram_a_run4.root
fitting cbo isolate
 **********
 **    1 **SET PRINTOUT            1
 **********
 **********
 **    2 **SET NOWARNINGS 
 **********
 PARAMETER DEFINITIONS:
    NO.   NAME         VALUE      STEP SIZE      LIMITS
     1 A_CBO        7.10761e-03  1.00000e-05     no limits
     2 w_CBO        2.32717e+00  1.00000e-02    2.00000e+00  3.00000e+00
     3 phi_CBO      2.94756e+00  1.00000e-02    0.00000e+00  6.28319e+00
 **********
 **    3 **MIGRAD
 **********
 FIRST CALL TO USER FUNCTION AT NEW START POINT, WITH IFLAG=4.
 START MIGRAD MINIMIZATION.  STRATEGY  1.  CONVERGENCE WHEN EDM .LT. 1.00e-04
 FCN=0.00504247 FROM MIGRAD    STATUS=INITIATE       12 CALLS          13 TOTAL
                     EDM= unknown      STRATEGY= 1      NO ERROR MATRIX       
  EXT PARAMETER               CURRENT GUESS       STEP         FIRST   
  NO.   NAME      VALUE            ERROR          SIZE      DERIVATIVE 
   1  A_CBO        7.10761e-03   1.00000e-05   1.00000e-05   1.71585e+00
   2  w_CBO        2.32717e+00   1.00000e-02   2.13160e-02  -1.95333e-02
   3  phi_CBO      2.94756e+00   1.00000e-02   3.18919e-03   6.73650e-04
 MIGRAD MINIMIZATION HAS CONVERGED.
 MIGRAD WILL VERIFY CONVERGENCE AND ERROR MATRIX.
 COVARIANCE MATRIX CALCULATED SUCCESSFULLY
 FCN=0.00137309 FROM MIGRAD    STATUS=CONVERGED      41 CALLS          42 TOTAL
                     EDM=3.38119e-06    STRATEGY= 1      ERROR MATRIX ACCURATE 
  EXT PARAMETER                                   STEP         FIRST   
  NO.   NAME      VALUE            ERROR          SIZE      DERIVATIVE 
   1  A_CBO        2.82940e-03   7.14021e-02   3.45115e-05   1.17074e-04
   2  w_CBO        2.32730e+00   6.76330e-01   1.31462e-04   9.63314e-03
   3  phi_CBO      2.92067e+00   4.06847e+00   3.90013e-03  -3.25714e-04
 EXTERNAL ERROR MATRIX.    NDIM=  25    NPAR=  3    ERR DEF=1
  5.098e-03 -1.533e-02 -2.986e+00 
 -1.533e-02  2.195e+00  4.331e+02 
 -2.986e+00  4.331e+02  8.610e+04 
 PARAMETER  CORRELATION COEFFICIENTS  
       NO.  GLOBAL      1      2      3
        1  0.14656   1.000 -0.145 -0.143
        2  0.99636  -0.145  1.000  0.996
        3  0.99636  -0.143  0.996  1.000
setting A_CBO=0.002829 w_CBO=2.327304, phi_CBO=2.920673
done fitting cbo isolate
 **********
 **    1 **SET PRINTOUT            1
 **********
 **********
 **    2 **SET NOWARNINGS 
 **********
 PARAMETER DEFINITIONS:
    NO.   NAME         VALUE      STEP SIZE      LIMITS
     1 N0           3.11193e+06  1.00000e+02     no limits
     2 tau          6.44114e+01  constant
     3 A0           3.64516e-01  1.00000e-04     no limits
     4 phi          4.11813e+00  1.00000e-02     no limits
     5 R           -6.00079e+01  constant
     6 A_CBO        2.82940e-03  1.00000e-05     no limits
     7 w_CBO        2.32730e+00  1.00000e-03     no limits
     8 phi_CBO      2.92067e+00  1.00000e-04     no limits
     9 ANx2         3.40456e-04  constant
    10 pNx2         3.19484e+00  constant
    11 ANy1         0.00000e+00  constant
    12 pNy1         0.00000e+00  constant
    13 w_y          0.00000e+00  constant
    14 ANy2         1.04941e-02  1.00000e-04     no limits
    15 pNy2         5.11372e+00  constant
    16 w_vw         1.43155e+01  constant
    17 LM           3.07992e-04  constant
    18 wCBO_expCoeff   2.00000e+02  1.00000e+00     no limits
    19 wCBO_expOffset   2.00000e+02  1.00000e+00     no limits
    20 wCBO_expT    3.00000e+01  1.00000e+00     no limits
    21 wCBO_linCoeff   0.00000e+00  constant
    22 wCBO_const   0.00000e+00  1.00000e-02     no limits
MINUIT - FIT ONLY WIGGLE
 **********
 **    3 **FIX            5
 **********
 PARAMETER    5  IS CONSTANT.   IGNORED.
 **********
 **    4 **FIX            6
 **********
 **********
 **    5 **FIX            7
 **********
 **********
 **    6 **FIX            8
 **********
 **********
 **    7 **FIX            9
 **********
 PARAMETER    9  IS CONSTANT.   IGNORED.
 **********
 **    8 **FIX           10
 **********
 PARAMETER   10  IS CONSTANT.   IGNORED.
 **********
 **    9 **FIX           11
 **********
 PARAMETER   11  IS CONSTANT.   IGNORED.
 **********
 **   10 **FIX           12
 **********
 PARAMETER   12  IS CONSTANT.   IGNORED.
 **********
 **   11 **FIX           13
 **********
 PARAMETER   13  IS CONSTANT.   IGNORED.
 **********
 **   12 **FIX           14
 **********
 **********
 **   13 **FIX           15
 **********
 PARAMETER   15  IS CONSTANT.   IGNORED.
 **********
 **   14 **FIX           16
 **********
 PARAMETER   16  IS CONSTANT.   IGNORED.
 **********
 **   15 **MIGRAD
 **********
 FIRST CALL TO USER FUNCTION AT NEW START POINT, WITH IFLAG=4.
 START MIGRAD MINIMIZATION.  STRATEGY  1.  CONVERGENCE WHEN EDM .LT. 1.00e-04
 FCN=2634.53 FROM MIGRAD    STATUS=INITIATE       57 CALLS          58 TOTAL
                     EDM= unknown      STRATEGY= 1      NO ERROR MATRIX       
  EXT PARAMETER               CURRENT GUESS       STEP         FIRST   
  NO.   NAME      VALUE            ERROR          SIZE      DERIVATIVE 
   1  N0           3.11193e+06   1.00000e+02   0.00000e+00  -2.44407e-03
   2  tau          6.44114e+01   constant   
   3  A0           3.64516e-01   1.00000e-04   0.00000e+00  -1.75041e+04
   4  phi          4.11813e+00   1.00000e-02   0.00000e+00  -3.67870e+02
   5  R           -6.00079e+01   constant   
   6  A_CBO        2.82940e-03     fixed    
   7  w_CBO        2.32730e+00     fixed    
   8  phi_CBO      2.92067e+00     fixed    
   9  ANx2         3.40456e-04   constant   
  10  pNx2         3.19484e+00   constant   
  11  ANy1         0.00000e+00   constant   
  12  pNy1         0.00000e+00   constant   
  13  w_y          0.00000e+00   constant   
  14  ANy2         1.04941e-02     fixed    
  15  pNy2         5.11372e+00   constant   
  16  w_vw         1.43155e+01   constant   
  17  LM           3.07992e-04   constant   
  18  wCBO_expCoeff   1.99998e+02   1.00000e+00  -1.97451e-03  -5.60130e+02
  19  wCBO_expOffset   2.00000e+02   1.00000e+00   0.00000e+00  -6.37049e+03
  20  wCBO_expT    3.00000e+01   1.00000e+00   0.00000e+00  -8.15995e+04
  21  wCBO_linCoeff   0.00000e+00   constant   
  22  wCBO_const   0.00000e+00   1.00000e-02   0.00000e+00  -8.26338e+03
 MIGRAD FAILS TO FIND IMPROVEMENT
 FCN=2614.76 FROM HESSE     STATUS=NOT POSDEF     56 CALLS         257 TOTAL
                     EDM=0.0783455    STRATEGY= 1      ERR MATRIX NOT POS-DEF
  EXT PARAMETER                APPROXIMATE        STEP         FIRST   
  NO.   NAME      VALUE            ERROR          SIZE      DERIVATIVE 
   1  N0           3.11190e+06   4.81885e+02   1.16797e+01   1.53830e-04
   2  tau          6.44114e+01   constant   
   3  A0           3.64774e-01   2.08844e-04   5.08545e-06  -7.62413e+02
   4  phi          4.11792e+00   5.87658e-04   1.43323e-05  -1.12174e+00
   5  R           -6.00079e+01   constant   
   6  A_CBO        2.82940e-03     fixed    
   7  w_CBO        2.32730e+00     fixed    
   8  phi_CBO      2.92067e+00     fixed    
   9  ANx2         3.40456e-04   constant   
  10  pNx2         3.19484e+00   constant   
  11  ANy1         0.00000e+00   constant   
  12  pNy1         0.00000e+00   constant   
  13  w_y          0.00000e+00   constant   
  14  ANy2         1.04941e-02     fixed    
  15  pNy2         5.11372e+00   constant   
  16  w_vw         1.43155e+01   constant   
  17  LM           3.07992e-04   constant   
  18  wCBO_expCoeff   1.99998e+02   2.22729e-03   9.53663e-05  -1.00206e+02
  19  wCBO_expOffset   2.00000e+02   1.68860e-04   9.53674e-05  -6.43139e+02
  20  wCBO_expT    3.00001e+01   2.60756e-04   1.43052e-05   3.46884e+02
  21  wCBO_linCoeff   0.00000e+00   constant   
  22  wCBO_const   2.19728e-03   2.32255e-03   5.95885e-06   1.63350e+02
 MIGRAD FAILS TO FIND IMPROVEMENT
 MIGRAD TERMINATED WITHOUT CONVERGENCE.
 FCN=2614.72 FROM MIGRAD    STATUS=FAILED        325 CALLS         326 TOTAL
                     EDM=0.164093    STRATEGY= 1      ERR MATRIX NOT POS-DEF
  EXT PARAMETER                APPROXIMATE        STEP         FIRST   
  NO.   NAME      VALUE            ERROR          SIZE      DERIVATIVE 
   1  N0           3.11190e+06   4.88784e+02  -0.00000e+00   3.59612e-05
   2  tau          6.44114e+01   constant   
   3  A0           3.64790e-01   2.19007e-04   0.00000e+00  -6.75941e+01
   4  phi          4.11791e+00   5.89230e-04  -0.00000e+00   1.75030e+01
   5  R           -6.00079e+01   constant   
   6  A_CBO        2.82940e-03     fixed    
   7  w_CBO        2.32730e+00     fixed    
   8  phi_CBO      2.92067e+00     fixed    
   9  ANx2         3.40456e-04   constant   
  10  pNx2         3.19484e+00   constant   
  11  ANy1         0.00000e+00   constant   
  12  pNy1         0.00000e+00   constant   
  13  w_y          0.00000e+00   constant   
  14  ANy2         1.04941e-02     fixed    
  15  pNy2         5.11372e+00   constant   
  16  w_vw         1.43155e+01   constant   
  17  LM           3.07992e-04   constant   
  18  wCBO_expCoeff   1.99998e+02   3.42782e-03   0.00000e+00  -1.25714e+01
  19  wCBO_expOffset   2.00000e+02   3.55492e-04  -0.00000e+00   2.42231e+03
  20  wCBO_expT    3.00001e+01   1.97486e-04   0.00000e+00   6.05197e+02
  21  wCBO_linCoeff   0.00000e+00   constant   
  22  wCBO_const   1.88123e-03   1.66754e-03  -0.00000e+00   1.04868e+01
 EXTERNAL ERROR MATRIX.    NDIM=  25    NPAR=  7    ERR DEF=1
  2.389e+05 -8.420e-03  5.630e-03 -4.864e-01  8.417e-02  5.628e-03 -7.851e-02 
 -8.420e-03  4.796e-08  5.542e-10  3.569e-07 -5.116e-08  5.834e-10 -1.260e-08 
  5.630e-03  5.542e-10  3.472e-07 -4.298e-07  4.106e-08 -2.153e-08  1.437e-07 
 -4.864e-01  3.569e-07 -4.298e-07  1.175e-05 -1.073e-06  5.422e-07 -4.289e-06 
  8.417e-02 -5.116e-08  4.106e-08 -1.073e-06  1.264e-07 -3.090e-08  2.115e-07 
  5.628e-03  5.834e-10 -2.153e-08  5.422e-07 -3.090e-08  3.900e-08 -3.112e-07 
 -7.851e-02 -1.260e-08  1.437e-07 -4.289e-06  2.115e-07 -3.112e-07  2.781e-06 
ERR MATRIX NOT POS-DEF
 PARAMETER  CORRELATION COEFFICIENTS  
       NO.  GLOBAL      1      3      4     18     19     20     22
        1  0.86133   1.000 -0.079  0.020 -0.290  0.484  0.058 -0.096
        3  0.93656  -0.079  1.000  0.004  0.475 -0.657  0.013 -0.035
        4  0.33227   0.020  0.004  1.000 -0.213  0.196 -0.185  0.146
       18  0.99940  -0.290  0.475 -0.213  1.000 -0.881  0.801 -0.750
       19  0.99831   0.484 -0.657  0.196 -0.881  1.000 -0.440  0.357
       20  0.99409   0.058  0.013 -0.185  0.801 -0.440  1.000 -0.945
       22  0.99292  -0.096 -0.035  0.146 -0.750  0.357 -0.945  1.000
 ERR MATRIX NOT POS-DEF
MINUIT - FIT ONLY 1-CBO + other amplitudes 
 **********
 **   16 **RES 
 **********
                   PARAMETER   14  ANy2 RESTORED TO VARIABLE.
                   PARAMETER    8  phi_CBO RESTORED TO VARIABLE.
                   PARAMETER    7  w_CBO RESTORED TO VARIABLE.
                   PARAMETER    6  A_CBO RESTORED TO VARIABLE.
 **********
 **   17 **FIX            0
 **********
 PARAMETER    0  IS UNDEFINED. IGNORED.
 **********
 **   18 **FIX            1
 **********
 **********
 **   19 **FIX            2
 **********
 PARAMETER    2  IS CONSTANT.   IGNORED.
 **********
 **   20 **FIX            3
 **********
 **********
 **   21 **FIX            4
 **********
 **********
 **   22 **FIX            9
 **********
 PARAMETER    9  IS CONSTANT.   IGNORED.
 **********
 **   23 **FIX           11
 **********
 PARAMETER   11  IS CONSTANT.   IGNORED.
 **********
 **   24 **FIX           12
 **********
 PARAMETER   12  IS CONSTANT.   IGNORED.
 **********
 **   25 **FIX           14
 **********
 **********
 **   26 **FIX           15
 **********
 PARAMETER   15  IS CONSTANT.   IGNORED.
 **********
 **   27 **FIX           16
 **********
 PARAMETER   16  IS CONSTANT.   IGNORED.
 **********
 **   28 **MIGRAD
 **********
 START MIGRAD MINIMIZATION.  STRATEGY  1.  CONVERGENCE WHEN EDM .LT. 1.00e-04
 FCN=2614.72 FROM MIGRAD    STATUS=INITIATE       22 CALLS         348 TOTAL
                     EDM= unknown      STRATEGY= 1      NO ERROR MATRIX       
  EXT PARAMETER               CURRENT GUESS       STEP         FIRST   
  NO.   NAME      VALUE            ERROR          SIZE      DERIVATIVE 
   1  N0           3.11190e+06     fixed    
   2  tau          6.44114e+01   constant   
   3  A0           3.64790e-01     fixed    
   4  phi          4.11791e+00     fixed    
   5  R           -6.00079e+01   constant   
   6  A_CBO        2.82940e-03   1.00000e-05   1.00000e-05   7.54019e+04
   7  w_CBO        2.32730e+00   1.00000e-03   1.00000e-03  -1.06525e+03
   8  phi_CBO      2.92067e+00   1.00000e-04   1.00000e-04  -1.46505e+01
   9  ANx2         3.40456e-04   constant   
  10  pNx2         3.19484e+00   constant   
  11  ANy1         0.00000e+00   constant   
  12  pNy1         0.00000e+00   constant   
  13  w_y          0.00000e+00   constant   
  14  ANy2         1.04941e-02     fixed    
  15  pNy2         5.11372e+00   constant   
  16  w_vw         1.43155e+01   constant   
  17  LM           3.07992e-04   constant   
  18  wCBO_expCoeff   1.99998e+02   3.42782e-03   0.00000e+00  -1.25714e+01
  19  wCBO_expOffset   2.00000e+02   3.55492e-04  -0.00000e+00   2.42231e+03
  20  wCBO_expT    3.00001e+01   1.97486e-04   0.00000e+00   6.05197e+02
  21  wCBO_linCoeff   0.00000e+00   constant   
  22  wCBO_const   1.88123e-03   1.66754e-03  -0.00000e+00   1.04868e+01
 MIGRAD FAILS TO FIND IMPROVEMENT
 FCN=2541.15 FROM HESSE     STATUS=NOT POSDEF     54 CALLS         584 TOTAL
                     EDM=0.0282519    STRATEGY= 1      ERR MATRIX NOT POS-DEF
  EXT PARAMETER                APPROXIMATE        STEP         FIRST   
  NO.   NAME      VALUE            ERROR          SIZE      DERIVATIVE 
   1  N0           3.11190e+06     fixed    
   2  tau          6.44114e+01   constant   
   3  A0           3.64790e-01     fixed    
   4  phi          4.11791e+00     fixed    
   5  R           -6.00079e+01   constant   
   6  A_CBO        9.80777e-04   2.35979e-04   5.33681e-06  -6.86748e+02
   7  w_CBO        2.32730e+00   2.43953e-05   1.10974e-06  -2.23173e+04
   8  phi_CBO      3.49598e+00   3.11781e-01   5.23268e-03   6.47548e-01
   9  ANx2         3.40456e-04   constant   
  10  pNx2         3.19484e+00   constant   
  11  ANy1         0.00000e+00   constant   
  12  pNy1         0.00000e+00   constant   
  13  w_y          0.00000e+00   constant   
  14  ANy2         1.04941e-02     fixed    
  15  pNy2         5.11372e+00   constant   
  16  w_vw         1.43155e+01   constant   
  17  LM           3.07992e-04   constant   
  18  wCBO_expCoeff   1.99998e+02   2.09961e-03   9.53664e-05  -2.58340e+02
  19  wCBO_expOffset   2.00000e+02   1.28169e-04   9.53673e-05  -1.71733e+03
  20  wCBO_expT    2.99999e+01   3.81587e-04   1.43051e-05  -7.18864e+02
  21  wCBO_linCoeff   0.00000e+00   constant   
  22  wCBO_const   4.23270e-03   2.90352e-03   8.16567e-06  -2.71839e+02
 MIGRAD FAILS TO FIND IMPROVEMENT
 MIGRAD TERMINATED WITHOUT CONVERGENCE.
 FCN=2541.12 FROM MIGRAD    STATUS=FAILED        324 CALLS         650 TOTAL
                     EDM=0.00960953    STRATEGY= 1      ERR MATRIX NOT POS-DEF
  EXT PARAMETER                APPROXIMATE        STEP         FIRST   
  NO.   NAME      VALUE            ERROR          SIZE      DERIVATIVE 
   1  N0           3.11190e+06     fixed    
   2  tau          6.44114e+01   constant   
   3  A0           3.64790e-01     fixed    
   4  phi          4.11791e+00     fixed    
   5  R           -6.00079e+01   constant   
   6  A_CBO        1.00144e-03   2.19848e-04   0.00000e+00  -1.11390e+02
   7  w_CBO        2.32730e+00   2.18756e-05  -0.00000e+00   2.05722e+03
   8  phi_CBO      3.48706e+00   3.02319e-01  -0.00000e+00  -1.29884e-01
   9  ANx2         3.40456e-04   constant   
  10  pNx2         3.19484e+00   constant   
  11  ANy1         0.00000e+00   constant   
  12  pNy1         0.00000e+00   constant   
  13  w_y          0.00000e+00   constant   
  14  ANy2         1.04941e-02     fixed    
  15  pNy2         5.11372e+00   constant   
  16  w_vw         1.43155e+01   constant   
  17  LM           3.07992e-04   constant   
  18  wCBO_expCoeff   1.99998e+02   1.88400e-03  -0.00000e+00   2.36359e+01
  19  wCBO_expOffset   2.00000e+02   1.67245e-04  -0.00000e+00   1.78769e+03
  20  wCBO_expT    2.99999e+01   2.88010e-04  -0.00000e+00   2.56690e+02
  21  wCBO_linCoeff   0.00000e+00   constant   
  22  wCBO_const   3.98777e-03   2.20429e-03   0.00000e+00   5.37793e+01
 EXTERNAL ERROR MATRIX.    NDIM=  25    NPAR=  7    ERR DEF=1
  4.833e-08  1.053e-09 -2.461e-06  9.351e-08 -2.443e-08  4.076e-09 -1.520e-08 
  1.053e-09  4.785e-10  3.570e-07 -1.561e-08  1.822e-10  3.173e-09 -2.372e-08 
 -2.461e-06  3.570e-07  9.140e-02  2.941e-05  1.531e-05  2.026e-05 -3.945e-05 
  9.351e-08 -1.561e-08  2.941e-05  3.549e-06  1.354e-08  2.731e-07 -2.017e-06 
 -2.443e-08  1.822e-10  1.531e-05  1.354e-08  2.797e-08  2.195e-08 -1.818e-07 
  4.076e-09  3.173e-09  2.026e-05  2.731e-07  2.195e-08  8.295e-08 -5.914e-07 
 -1.520e-08 -2.372e-08 -3.945e-05 -2.017e-06 -1.818e-07 -5.914e-07  4.859e-06 
ERR MATRIX NOT POS-DEF
 PARAMETER  CORRELATION COEFFICIENTS  
       NO.  GLOBAL      6      7      8     18     19     20     22
        6  0.84329   1.000  0.219 -0.037  0.226 -0.664  0.064 -0.031
        7  0.99414   0.219  1.000  0.054 -0.379  0.050  0.504 -0.492
        8  0.73385  -0.037  0.054  1.000  0.052  0.303  0.233 -0.059
       18  0.99413   0.226 -0.379  0.052  1.000  0.043  0.503 -0.486
       19  0.97806  -0.664  0.050  0.303  0.043  1.000  0.456 -0.493
       20  0.98760   0.064  0.504  0.233  0.503  0.456  1.000 -0.932
       22  0.98942  -0.031 -0.492 -0.059 -0.486 -0.493 -0.932  1.000
 ERR MATRIX NOT POS-DEF
MINUIT - FIT ONLY 1-CBO
 **********
 **   29 **RES 
 **********
                   PARAMETER   14  ANy2 RESTORED TO VARIABLE.
                   PARAMETER    4  phi RESTORED TO VARIABLE.
                   PARAMETER    3  A0 RESTORED TO VARIABLE.
                   PARAMETER    1  N0 RESTORED TO VARIABLE.
 **********
 **   30 **FIX            0
 **********
 PARAMETER    0  IS UNDEFINED. IGNORED.
 **********
 **   31 **FIX            1
 **********
 **********
 **   32 **FIX            2
 **********
 PARAMETER    2  IS CONSTANT.   IGNORED.
 **********
 **   33 **FIX            3
 **********
 **********
 **   34 **FIX            4
 **********
 **********
 **   35 **FIX            8
 **********
 **********
 **   36 **FIX            9
 **********
 PARAMETER    9  IS CONSTANT.   IGNORED.
 **********
 **   37 **FIX           11
 **********
 PARAMETER   11  IS CONSTANT.   IGNORED.
 **********
 **   38 **FIX           12
 **********
 PARAMETER   12  IS CONSTANT.   IGNORED.
 **********
 **   39 **FIX           13
 **********
 PARAMETER   13  IS CONSTANT.   IGNORED.
 **********
 **   40 **FIX           15
 **********
 PARAMETER   15  IS CONSTANT.   IGNORED.
 **********
 **   41 **FIX           16
 **********
 PARAMETER   16  IS CONSTANT.   IGNORED.
 **********
 **   42 **MIGRAD
 **********
 START MIGRAD MINIMIZATION.  STRATEGY  1.  CONVERGENCE WHEN EDM .LT. 1.00e-04
 FCN=2541.12 FROM MIGRAD    STATUS=INITIATE       16 CALLS         666 TOTAL
                     EDM= unknown      STRATEGY= 1      NO ERROR MATRIX       
  EXT PARAMETER               CURRENT GUESS       STEP         FIRST   
  NO.   NAME      VALUE            ERROR          SIZE      DERIVATIVE 
   1  N0           3.11190e+06     fixed    
   2  tau          6.44114e+01   constant   
   3  A0           3.64790e-01     fixed    
   4  phi          4.11791e+00     fixed    
   5  R           -6.00079e+01   constant   
   6  A_CBO        1.00144e-03   2.19848e-04   0.00000e+00  -1.11390e+02
   7  w_CBO        2.32730e+00   2.18756e-05  -0.00000e+00   2.05722e+03
   8  phi_CBO      3.48706e+00     fixed    
   9  ANx2         3.40456e-04   constant   
  10  pNx2         3.19484e+00   constant   
  11  ANy1         0.00000e+00   constant   
  12  pNy1         0.00000e+00   constant   
  13  w_y          0.00000e+00   constant   
  14  ANy2         1.04941e-02   1.00000e-04   1.00000e-04   4.41628e+05
  15  pNy2         5.11372e+00   constant   
  16  w_vw         1.43155e+01   constant   
  17  LM           3.07992e-04   constant   
  18  wCBO_expCoeff   1.99998e+02   1.88400e-03  -0.00000e+00   2.36359e+01
  19  wCBO_expOffset   2.00000e+02   1.67245e-04  -0.00000e+00   1.78769e+03
  20  wCBO_expT    2.99999e+01   2.88010e-04  -0.00000e+00   2.56690e+02
  21  wCBO_linCoeff   0.00000e+00   constant   
  22  wCBO_const   3.98777e-03   2.20429e-03   0.00000e+00   5.37793e+01
 CALL LIMIT EXCEEDED IN MIGRAD.
 MIGRAD TERMINATED WITHOUT CONVERGENCE.
 FCN=296.176 FROM MIGRAD    STATUS=CALL LIMIT   1153 CALLS        1803 TOTAL
                     EDM=0.0134773    STRATEGY= 1  ERROR MATRIX UNCERTAINTY   0.7 per cent
  EXT PARAMETER                APPROXIMATE        STEP         FIRST   
  NO.   NAME      VALUE            ERROR          SIZE      DERIVATIVE 
   1  N0           3.11190e+06     fixed    
   2  tau          6.44114e+01   constant   
   3  A0           3.64790e-01     fixed    
   4  phi          4.11791e+00     fixed    
   5  R           -6.00079e+01   constant   
   6  A_CBO       -5.10647e-05   2.28156e-04  -2.42905e-09  -3.59333e+00
   7  w_CBO        2.32730e+00   1.04830e-05  -1.15220e-09   5.74687e+03
   8  phi_CBO      3.48706e+00     fixed    
   9  ANx2         3.40456e-04   constant   
  10  pNx2         3.19484e+00   constant   
  11  ANy1         0.00000e+00   constant   
  12  pNy1         0.00000e+00   constant   
  13  w_y          0.00000e+00   constant   
  14  ANy2         3.18215e-04   2.15491e-04   3.34521e-09  -3.91301e+00
  15  pNy2         5.11372e+00   constant   
  16  w_vw         1.43155e+01   constant   
  17  LM           3.07992e-04   constant   
  18  wCBO_expCoeff   1.99998e+02   9.09250e-04  -9.99655e-08   6.68898e+01
  19  wCBO_expOffset   2.00000e+02   2.62600e-04   2.93979e-08  -4.46028e+02
  20  wCBO_expT    2.99998e+01   1.20245e-04   5.59708e-09   4.08131e+01
  21  wCBO_linCoeff   0.00000e+00   constant   
  22  wCBO_const   3.20055e-03   1.19135e-03   1.23770e-07   1.14830e+00
 EXTERNAL ERROR MATRIX.    NDIM=  25    NPAR=  7    ERR DEF=1
  5.206e-08  2.351e-10  4.486e-09  2.027e-08 -4.572e-09  1.030e-08  2.967e-08 
  2.351e-10  1.099e-10 -3.020e-10  8.928e-09 -2.680e-09 -5.245e-10 -1.153e-08 
  4.486e-09 -3.020e-10  4.644e-08 -2.618e-08  7.216e-09  3.903e-10  2.449e-08 
  2.027e-08  8.928e-09 -2.618e-08  8.267e-07 -2.325e-07 -4.559e-08 -1.000e-06 
 -4.572e-09 -2.680e-09  7.216e-09 -2.325e-07  6.896e-08  1.339e-08  2.841e-07 
  1.030e-08 -5.245e-10  3.903e-10 -4.559e-08  1.339e-08  1.446e-08  9.325e-08 
  2.967e-08 -1.153e-08  2.449e-08 -1.000e-06  2.841e-07  9.325e-08  1.419e-06 
ERR MATRIX APPROXIMATE
 PARAMETER  CORRELATION COEFFICIENTS  
       NO.  GLOBAL      6      7     14     18     19     20     22
        6  0.88736   1.000  0.098  0.091  0.098 -0.076  0.375  0.109
        7  0.99777   0.098  1.000 -0.134  0.937 -0.974 -0.416 -0.923
       14  0.54790   0.091 -0.134  1.000 -0.134  0.128  0.015  0.095
       18  0.99780   0.098  0.937 -0.134  1.000 -0.974 -0.417 -0.923
       19  0.99844  -0.076 -0.974  0.128 -0.974  1.000  0.424  0.908
       20  0.96221   0.375 -0.416  0.015 -0.417  0.424  1.000  0.651
       22  0.99742   0.109 -0.923  0.095 -0.923  0.908  0.651  1.000
 ERR MATRIX APPROXIMATE
MINUIT - FIT ONLY 2-CBO
 **********
 **   43 **RES 
 **********
                   PARAMETER    8  phi_CBO RESTORED TO VARIABLE.
                   PARAMETER    4  phi RESTORED TO VARIABLE.
                   PARAMETER    3  A0 RESTORED TO VARIABLE.
                   PARAMETER    1  N0 RESTORED TO VARIABLE.
 **********
 **   44 **FIX            0
 **********
 PARAMETER    0  IS UNDEFINED. IGNORED.
 **********
 **   45 **FIX            1
 **********
 **********
 **   46 **FIX            2
 **********
 PARAMETER    2  IS CONSTANT.   IGNORED.
 **********
 **   47 **FIX            3
 **********
 **********
 **   48 **FIX            4
 **********
 **********
 **   49 **FIX            5
 **********
 PARAMETER    5  IS CONSTANT.   IGNORED.
 **********
 **   50 **FIX            6
 **********
 **********
 **   51 **FIX            7
 **********
 **********
 **   52 **FIX           10
 **********
 PARAMETER   10  IS CONSTANT.   IGNORED.
 **********
 **   53 **FIX           11
 **********
 PARAMETER   11  IS CONSTANT.   IGNORED.
 **********
 **   54 **FIX           12
 **********
 PARAMETER   12  IS CONSTANT.   IGNORED.
 **********
 **   55 **FIX           13
 **********
 PARAMETER   13  IS CONSTANT.   IGNORED.
 **********
 **   56 **FIX           14
 **********
 **********
 **   57 **FIX           15
 **********
 PARAMETER   15  IS CONSTANT.   IGNORED.
 **********
 **   58 **FIX           16
 **********
 PARAMETER   16  IS CONSTANT.   IGNORED.
 **********
 **   59 **MIGRAD
 **********
 START MIGRAD MINIMIZATION.  STRATEGY  1.  CONVERGENCE WHEN EDM .LT. 1.00e-04
 FCN=296.176 FROM MIGRAD    STATUS=INITIATE       12 CALLS        1815 TOTAL
                     EDM= unknown      STRATEGY= 1      NO ERROR MATRIX       
  EXT PARAMETER               CURRENT GUESS       STEP         FIRST   
  NO.   NAME      VALUE            ERROR          SIZE      DERIVATIVE 
   1  N0           3.11190e+06     fixed    
   2  tau          6.44114e+01   constant   
   3  A0           3.64790e-01     fixed    
   4  phi          4.11791e+00     fixed    
   5  R           -6.00079e+01   constant   
   6  A_CBO       -5.10647e-05     fixed    
   7  w_CBO        2.32730e+00     fixed    
   8  phi_CBO      3.48706e+00   3.02319e-01   3.02319e-01   9.55825e-02
   9  ANx2         3.40456e-04   constant   
  10  pNx2         3.19484e+00   constant   
  11  ANy1         0.00000e+00   constant   
  12  pNy1         0.00000e+00   constant   
  13  w_y          0.00000e+00   constant   
  14  ANy2         3.18215e-04     fixed    
  15  pNy2         5.11372e+00   constant   
  16  w_vw         1.43155e+01   constant   
  17  LM           3.07992e-04   constant   
  18  wCBO_expCoeff   1.99998e+02   9.09250e-04  -9.99655e-08   6.68898e+01
  19  wCBO_expOffset   2.00000e+02   2.62600e-04   2.93979e-08  -4.46028e+02
  20  wCBO_expT    2.99998e+01   1.20245e-04   5.59708e-09   4.08131e+01
  21  wCBO_linCoeff   0.00000e+00   constant   
  22  wCBO_const   3.20055e-03   1.19135e-03   1.23770e-07   1.14830e+00
 MIGRAD FAILS TO FIND IMPROVEMENT
 COVARIANCE MATRIX CALCULATED SUCCESSFULLY
 FCN=296.141 FROM HESSE     STATUS=OK             37 CALLS        1901 TOTAL
                     EDM=0.0114546    STRATEGY= 1      ERROR MATRIX ACCURATE 
  EXT PARAMETER                                   STEP         FIRST   
  NO.   NAME      VALUE            ERROR          SIZE      DERIVATIVE 
   1  N0           3.11190e+06     fixed    
   2  tau          6.44114e+01   constant   
   3  A0           3.64790e-01     fixed    
   4  phi          4.11791e+00     fixed    
   5  R           -6.00079e+01   constant   
   6  A_CBO       -5.10647e-05     fixed    
   7  w_CBO        2.32730e+00     fixed    
   8  phi_CBO      2.77681e+00   3.61714e+00   3.01737e-02  -1.75865e-03
   9  ANx2         3.40456e-04   constant   
  10  pNx2         3.19484e+00   constant   
  11  ANy1         0.00000e+00   constant   
  12  pNy1         0.00000e+00   constant   
  13  w_y          0.00000e+00   constant   
  14  ANy2         3.18215e-04     fixed    
  15  pNy2         5.11372e+00   constant   
  16  w_vw         1.43155e+01   constant   
  17  LM           3.07992e-04   constant   
  18  wCBO_expCoeff   1.99998e+02   3.44232e-03   9.53664e-05  -1.33816e+01
  19  wCBO_expOffset   2.00000e+02   1.39592e-04   9.53673e-05  -3.79334e+02
  20  wCBO_expT    2.99998e+01   4.24100e-04   1.43050e-05   3.99368e+02
  21  wCBO_linCoeff   0.00000e+00   constant   
  22  wCBO_const   3.16222e-03   3.71286e-03   6.41546e-06  -3.63229e+01
 MIGRAD FAILS TO FIND IMPROVEMENT
 MIGRAD TERMINATED WITHOUT CONVERGENCE.
 FCN=296.121 FROM MIGRAD    STATUS=FAILED        135 CALLS        1938 TOTAL
                     EDM=0.00404997    STRATEGY= 1  ERROR MATRIX UNCERTAINTY   3.8 per cent
  EXT PARAMETER                APPROXIMATE        STEP         FIRST   
  NO.   NAME      VALUE            ERROR          SIZE      DERIVATIVE 
   1  N0           3.11190e+06     fixed    
   2  tau          6.44114e+01   constant   
   3  A0           3.64790e-01     fixed    
   4  phi          4.11791e+00     fixed    
   5  R           -6.00079e+01   constant   
   6  A_CBO       -5.10647e-05     fixed    
   7  w_CBO        2.32730e+00     fixed    
   8  phi_CBO      2.81535e+00   3.63653e+00   0.00000e+00  -5.78806e-03
   9  ANx2         3.40456e-04   constant   
  10  pNx2         3.19484e+00   constant   
  11  ANy1         0.00000e+00   constant   
  12  pNy1         0.00000e+00   constant   
  13  w_y          0.00000e+00   constant   
  14  ANy2         3.18215e-04     fixed    
  15  pNy2         5.11372e+00   constant   
  16  w_vw         1.43155e+01   constant   
  17  LM           3.07992e-04   constant   
  18  wCBO_expCoeff   1.99997e+02   3.72922e-03   0.00000e+00  -6.33693e+00
  19  wCBO_expOffset   2.00000e+02   1.40781e-04   0.00000e+00  -1.46092e+03
  20  wCBO_expT    2.99998e+01   4.56340e-04   0.00000e+00   7.35063e+01
  21  wCBO_linCoeff   0.00000e+00   constant   
  22  wCBO_const   3.60361e-03   3.83360e-03  -0.00000e+00  -1.40305e+01
 EXTERNAL ERROR MATRIX.    NDIM=  25    NPAR=  5    ERR DEF=1
  1.322e+01 -3.098e-04  1.443e-04  4.587e-05 -1.502e-04 
 -3.098e-04  1.391e-05  1.975e-07  1.661e-06 -1.351e-05 
  1.443e-04  1.975e-07  1.982e-08  2.454e-08 -2.842e-07 
  4.587e-05  1.661e-06  2.454e-08  2.082e-07 -1.533e-06 
 -1.502e-04 -1.351e-05 -2.842e-07 -1.533e-06  1.470e-05 
ERR MATRIX APPROXIMATE
 PARAMETER  CORRELATION COEFFICIENTS  
       NO.  GLOBAL      8     18     19     20     22
        8  0.40609   1.000 -0.023  0.282  0.028 -0.011
       18  0.99753  -0.023  1.000  0.376  0.976 -0.945
       19  0.84177   0.282  0.376  1.000  0.382 -0.527
       20  0.99370   0.028  0.976  0.382  1.000 -0.876
       22  0.98971  -0.011 -0.945 -0.527 -0.876  1.000
 ERR MATRIX APPROXIMATE
MINUIT - FIT ONLY 1-y
 **********
 **   60 **RES 
 **********
                   PARAMETER   14  ANy2 RESTORED TO VARIABLE.
                   PARAMETER    7  w_CBO RESTORED TO VARIABLE.
                   PARAMETER    6  A_CBO RESTORED TO VARIABLE.
                   PARAMETER    4  phi RESTORED TO VARIABLE.
                   PARAMETER    3  A0 RESTORED TO VARIABLE.
                   PARAMETER    1  N0 RESTORED TO VARIABLE.
 **********
 **   61 **FIX            0
 **********
 PARAMETER    0  IS UNDEFINED. IGNORED.
 **********
 **   62 **FIX            1
 **********
 **********
 **   63 **FIX            2
 **********
 PARAMETER    2  IS CONSTANT.   IGNORED.
 **********
 **   64 **FIX            3
 **********
 **********
 **   65 **FIX            4
 **********
 **********
 **   66 **FIX            5
 **********
 PARAMETER    5  IS CONSTANT.   IGNORED.
 **********
 **   67 **FIX            6
 **********
 **********
 **   68 **FIX            7
 **********
 **********
 **   69 **FIX            8
 **********
 **********
 **   70 **FIX            9
 **********
 PARAMETER    9  IS CONSTANT.   IGNORED.
 **********
 **   71 **FIX           13
 **********
 PARAMETER   13  IS CONSTANT.   IGNORED.
 **********
 **   72 **FIX           14
 **********
 **********
 **   73 **FIX           15
 **********
 PARAMETER   15  IS CONSTANT.   IGNORED.
 **********
 **   74 **FIX           16
 **********
 PARAMETER   16  IS CONSTANT.   IGNORED.
 **********
 **   75 **MIGRAD
 **********
 START MIGRAD MINIMIZATION.  STRATEGY  1.  CONVERGENCE WHEN EDM .LT. 1.00e-04
 FCN=296.121 FROM MIGRAD    STATUS=INITIATE        8 CALLS        1946 TOTAL
                     EDM= unknown      STRATEGY= 1      NO ERROR MATRIX       
  EXT PARAMETER               CURRENT GUESS       STEP         FIRST   
  NO.   NAME      VALUE            ERROR          SIZE      DERIVATIVE 
   1  N0           3.11190e+06     fixed    
   2  tau          6.44114e+01   constant   
   3  A0           3.64790e-01     fixed    
   4  phi          4.11791e+00     fixed    
   5  R           -6.00079e+01   constant   
   6  A_CBO       -5.10647e-05     fixed    
   7  w_CBO        2.32730e+00     fixed    
   8  phi_CBO      2.81535e+00     fixed    
   9  ANx2         3.40456e-04   constant   
  10  pNx2         3.19484e+00   constant   
  11  ANy1         0.00000e+00   constant   
  12  pNy1         0.00000e+00   constant   
  13  w_y          0.00000e+00   constant   
  14  ANy2         3.18215e-04     fixed    
  15  pNy2         5.11372e+00   constant   
  16  w_vw         1.43155e+01   constant   
  17  LM           3.07992e-04   constant   
  18  wCBO_expCoeff   1.99997e+02   3.72922e-03   0.00000e+00  -6.33693e+00
  19  wCBO_expOffset   2.00000e+02   1.40781e-04   0.00000e+00  -1.46092e+03
  20  wCBO_expT    2.99998e+01   4.56340e-04   0.00000e+00   7.35063e+01
  21  wCBO_linCoeff   0.00000e+00   constant   
  22  wCBO_const   3.60361e-03   3.83360e-03  -0.00000e+00  -1.40305e+01
 MIGRAD FAILS TO FIND IMPROVEMENT
 COVARIANCE MATRIX CALCULATED SUCCESSFULLY
 FCN=296.121 FROM HESSE     STATUS=OK             29 CALLS        2002 TOTAL
                     EDM=0.000548746    STRATEGY= 1      ERROR MATRIX ACCURATE 
  EXT PARAMETER                                   STEP         FIRST   
  NO.   NAME      VALUE            ERROR          SIZE      DERIVATIVE 
   1  N0           3.11190e+06     fixed    
   2  tau          6.44114e+01   constant   
   3  A0           3.64790e-01     fixed    
   4  phi          4.11791e+00     fixed    
   5  R           -6.00079e+01   constant   
   6  A_CBO       -5.10647e-05     fixed    
   7  w_CBO        2.32730e+00     fixed    
   8  phi_CBO      2.81535e+00     fixed    
   9  ANx2         3.40456e-04   constant   
  10  pNx2         3.19484e+00   constant   
  11  ANy1         0.00000e+00   constant   
  12  pNy1         0.00000e+00   constant   
  13  w_y          0.00000e+00   constant   
  14  ANy2         3.18215e-04     fixed    
  15  pNy2         5.11372e+00   constant   
  16  w_vw         1.43155e+01   constant   
  17  LM           3.07992e-04   constant   
  18  wCBO_expCoeff   1.99997e+02   2.63107e-03   9.53662e-05   2.15233e+00
  19  wCBO_expOffset   2.00000e+02   1.17414e-04   9.53672e-05  -4.55966e+02
  20  wCBO_expT    2.99998e+01   3.33414e-04   1.43050e-05   1.78296e+01
  21  wCBO_linCoeff   0.00000e+00   constant   
  22  wCBO_const   3.60363e-03   2.78038e-03   6.40470e-06  -1.31135e+01
 MIGRAD FAILS TO FIND IMPROVEMENT
 MIGRAD TERMINATED WITHOUT CONVERGENCE.
 FCN=296.12 FROM MIGRAD    STATUS=FAILED         86 CALLS        2024 TOTAL
                     EDM=0.00578944    STRATEGY= 1  ERROR MATRIX UNCERTAINTY  26.9 per cent
  EXT PARAMETER                APPROXIMATE        STEP         FIRST   
  NO.   NAME      VALUE            ERROR          SIZE      DERIVATIVE 
   1  N0           3.11190e+06     fixed    
   2  tau          6.44114e+01   constant   
   3  A0           3.64790e-01     fixed    
   4  phi          4.11791e+00     fixed    
   5  R           -6.00079e+01   constant   
   6  A_CBO       -5.10647e-05     fixed    
   7  w_CBO        2.32730e+00     fixed    
   8  phi_CBO      2.81535e+00     fixed    
   9  ANx2         3.40456e-04   constant   
  10  pNx2         3.19484e+00   constant   
  11  ANy1         0.00000e+00   constant   
  12  pNy1         0.00000e+00   constant   
  13  w_y          0.00000e+00   constant   
  14  ANy2         3.18215e-04     fixed    
  15  pNy2         5.11372e+00   constant   
  16  w_vw         1.43155e+01   constant   
  17  LM           3.07992e-04   constant   
  18  wCBO_expCoeff   1.99997e+02   1.00000e+00  -0.00000e+00   5.92097e+01
  19  wCBO_expOffset   2.00000e+02   1.00000e+00   0.00000e+00  -1.17218e+03
  20  wCBO_expT    2.99998e+01   1.00000e+00   0.00000e+00  -2.49956e+02
  21  wCBO_linCoeff   0.00000e+00   constant   
  22  wCBO_const   3.63437e-03   1.00000e+00  -0.00000e+00   2.24025e+01
 EXTERNAL ERROR MATRIX.    NDIM=  25    NPAR=  4    ERR DEF=1
  1.000e+00  9.125e-08  4.574e-07 -3.091e-06 
  9.125e-08  1.000e+00  7.188e-09 -5.271e-08 
  4.574e-07  7.188e-09  1.000e+00 -2.892e-07 
 -3.091e-06 -5.271e-08 -2.892e-07  1.000e+00 
ERR MATRIX APPROXIMATE
 PARAMETER  CORRELATION COEFFICIENTS  
       NO.  GLOBAL     18     19     20     22
       18  0.00000   1.000  0.000  0.000 -0.000
       19  0.00000   0.000  1.000  0.000 -0.000
       20  0.00000   0.000  0.000  1.000 -0.000
       22  0.00000  -0.000 -0.000 -0.000  1.000
 ERR MATRIX APPROXIMATE
MINUIT - FIT ONLY 2-y
 **********
 **   76 **RES 
 **********
                   PARAMETER   14  ANy2 RESTORED TO VARIABLE.
                   PARAMETER    8  phi_CBO RESTORED TO VARIABLE.
                   PARAMETER    7  w_CBO RESTORED TO VARIABLE.
                   PARAMETER    6  A_CBO RESTORED TO VARIABLE.
                   PARAMETER    4  phi RESTORED TO VARIABLE.
                   PARAMETER    3  A0 RESTORED TO VARIABLE.
                   PARAMETER    1  N0 RESTORED TO VARIABLE.
 **********
 **   77 **FIX            0
 **********
 PARAMETER    0  IS UNDEFINED. IGNORED.
 **********
 **   78 **FIX            1
 **********
 **********
 **   79 **FIX            2
 **********
 PARAMETER    2  IS CONSTANT.   IGNORED.
 **********
 **   80 **FIX            3
 **********
 **********
 **   81 **FIX            4
 **********
 **********
 **   82 **FIX            5
 **********
 PARAMETER    5  IS CONSTANT.   IGNORED.
 **********
 **   83 **FIX            6
 **********
 **********
 **   84 **FIX            7
 **********
 **********
 **   85 **FIX            8
 **********
 **********
 **   86 **FIX            9
 **********
 PARAMETER    9  IS CONSTANT.   IGNORED.
 **********
 **   87 **FIX           10
 **********
 PARAMETER   10  IS CONSTANT.   IGNORED.
 **********
 **   88 **FIX           11
 **********
 PARAMETER   11  IS CONSTANT.   IGNORED.
 **********
 **   89 **FIX           12
 **********
 PARAMETER   12  IS CONSTANT.   IGNORED.
 **********
 **   90 **FIX           16
 **********
 PARAMETER   16  IS CONSTANT.   IGNORED.
 **********
 **   91 **MIGRAD
 **********
 START MIGRAD MINIMIZATION.  STRATEGY  1.  CONVERGENCE WHEN EDM .LT. 1.00e-04
 FCN=296.12 FROM MIGRAD    STATUS=INITIATE       10 CALLS        2034 TOTAL
                     EDM= unknown      STRATEGY= 1      NO ERROR MATRIX       
  EXT PARAMETER               CURRENT GUESS       STEP         FIRST   
