 + ++++++++++++++++++++++++++++++++++++++++++++++++++++++++++++++++++++ +
 +                                                                      +
 +           You have chose to blind your fitting according to          +
 +                omega_ref * (1 + (R +/- deltaR) *10^{-6})             +
 +                                                                      +
 + ++++++++++++++++++++++++++++++++++++++++++++++++++++++++++++++++++++ +
In main()...
reading format from /gm2data/zkhechad/run45/envelope/formats/formatB_sBin_constraintOn.txt
pBinTau 	= 0  
pBinPhi 	= 0  
constraintau 	= 1 
includeMopTerm 	= 0    
constrainMop    = 0   
Parameters after format file: pBinTau 0 pBinPhi 0 constraintau 1 includeMopTerm 0 constrainMop 0 c_e_scale 0.000000 
reading cbo reference file (full fit) from /gm2data/zkhechad/cboTemplates/Run4CBOTemplates/fullFits/run4/sBin_constraintOn_cE0.0_seed0_run4_calo17.root
A_CBO 0.009291 w_CBO 2.326535 phi_CBO 1.607848 N0 3083493.360911 R -60.483843 tau 64.408135 
Reading cboRef file /gm2data/zkhechad/cboTemplates/Run4CBOTemplates//cboIsolate/run4_calo17.root
deltaT 9.517842
windowBins = 120
fitting sliding window 280 from bin 483 at 72.063600 to bin 603 at 89.967600 (120 bins)

Reading data from /gm2data/cornell/histograms/aMethod/histogram_a_run4.root
fitting cbo isolate
 **********
 **    1 **SET PRINTOUT            1
 **********
 **********
 **    2 **SET NOWARNINGS 
 **********
 PARAMETER DEFINITIONS:
    NO.   NAME         VALUE      STEP SIZE      LIMITS
     1 A_CBO        9.29121e-03  1.00000e-05     no limits
     2 w_CBO        2.32653e+00  1.00000e-02    2.00000e+00  3.00000e+00
     3 phi_CBO      1.60785e+00  1.00000e-02    0.00000e+00  6.28319e+00
 **********
 **    3 **MIGRAD
 **********
 FIRST CALL TO USER FUNCTION AT NEW START POINT, WITH IFLAG=4.
 START MIGRAD MINIMIZATION.  STRATEGY  1.  CONVERGENCE WHEN EDM .LT. 1.00e-04
 FCN=0.000882152 FROM MIGRAD    STATUS=INITIATE       10 CALLS          11 TOTAL
                     EDM= unknown      STRATEGY= 1      NO ERROR MATRIX       
  EXT PARAMETER               CURRENT GUESS       STEP         FIRST   
  NO.   NAME      VALUE            ERROR          SIZE      DERIVATIVE 
   1  A_CBO        9.29121e-03   1.00000e-05   1.00000e-05   4.44167e-01
   2  w_CBO        2.32653e+00   1.00000e-02   2.13267e-02   6.15842e-03
   3  phi_CBO      1.60785e+00   1.00000e-02   3.64731e-03  -4.49164e-04
 MIGRAD MINIMIZATION HAS CONVERGED.
 MIGRAD WILL VERIFY CONVERGENCE AND ERROR MATRIX.
 COVARIANCE MATRIX CALCULATED SUCCESSFULLY
 FCN=7.00608e-05 FROM MIGRAD    STATUS=CONVERGED      43 CALLS          44 TOTAL
                     EDM=2.7949e-06    STRATEGY= 1      ERROR MATRIX ACCURATE 
  EXT PARAMETER                                   STEP         FIRST   
  NO.   NAME      VALUE            ERROR          SIZE      DERIVATIVE 
   1  A_CBO        5.62744e-03   1.33703e-01   6.26812e-05  -1.43859e-03
   2  w_CBO        2.32643e+00   7.62005e-01   2.96909e-04  -9.44366e-05
   3  phi_CBO      1.61705e+00   3.68419e+00   4.06448e-03  -3.99386e-06
 EXTERNAL ERROR MATRIX.    NDIM=  25    NPAR=  3    ERR DEF=1
  1.788e-02 -2.844e-01 -2.293e+01 
 -2.844e-01  5.721e+01  4.617e+03 
 -2.293e+01  4.617e+03  3.732e+05 
 PARAMETER  CORRELATION COEFFICIENTS  
       NO.  GLOBAL      1      2      3
        1  0.28134   1.000 -0.281 -0.281
        2  0.99929  -0.281  1.000  0.999
        3  0.99929  -0.281  0.999  1.000
setting A_CBO=0.005627 w_CBO=2.326430, phi_CBO=1.617049
done fitting cbo isolate
 **********
 **    1 **SET PRINTOUT            1
 **********
 **********
 **    2 **SET NOWARNINGS 
 **********
 PARAMETER DEFINITIONS:
    NO.   NAME         VALUE      STEP SIZE      LIMITS
     1 N0           3.08349e+06  1.00000e+02     no limits
     2 tau          6.44081e+01  constant
     3 A0           3.45384e-01  1.00000e-04     no limits
     4 phi          4.12005e+00  1.00000e-02     no limits
     5 R           -6.04838e+01  constant
     6 A_CBO        5.62744e-03  1.00000e-05     no limits
     7 w_CBO        2.32643e+00  1.00000e-03     no limits
     8 phi_CBO      1.61705e+00  1.00000e-04     no limits
     9 ANx2         3.59468e-04  constant
    10 pNx2         5.65332e+00  constant
    11 ANy1         0.00000e+00  constant
    12 pNy1         0.00000e+00  constant
    13 w_y          0.00000e+00  constant
    14 ANy2         9.88841e-03  1.00000e-04     no limits
    15 pNy2         2.39757e+00  constant
    16 w_vw         1.43118e+01  constant
    17 LM           1.25147e-04  constant
    18 wCBO_expCoeff   2.00000e+02  1.00000e+00     no limits
    19 wCBO_expOffset   2.00000e+02  1.00000e+00     no limits
    20 wCBO_expT    3.00000e+01  1.00000e+00     no limits
    21 wCBO_linCoeff   0.00000e+00  constant
    22 wCBO_const   0.00000e+00  1.00000e-02     no limits
MINUIT - FIT ONLY WIGGLE
 **********
 **    3 **FIX            5
 **********
 PARAMETER    5  IS CONSTANT.   IGNORED.
 **********
 **    4 **FIX            6
 **********
 **********
 **    5 **FIX            7
 **********
 **********
 **    6 **FIX            8
 **********
 **********
 **    7 **FIX            9
 **********
 PARAMETER    9  IS CONSTANT.   IGNORED.
 **********
 **    8 **FIX           10
 **********
 PARAMETER   10  IS CONSTANT.   IGNORED.
 **********
 **    9 **FIX           11
 **********
 PARAMETER   11  IS CONSTANT.   IGNORED.
 **********
 **   10 **FIX           12
 **********
 PARAMETER   12  IS CONSTANT.   IGNORED.
 **********
 **   11 **FIX           13
 **********
 PARAMETER   13  IS CONSTANT.   IGNORED.
 **********
 **   12 **FIX           14
 **********
 **********
 **   13 **FIX           15
 **********
 PARAMETER   15  IS CONSTANT.   IGNORED.
 **********
 **   14 **FIX           16
 **********
 PARAMETER   16  IS CONSTANT.   IGNORED.
 **********
 **   15 **MIGRAD
 **********
 FIRST CALL TO USER FUNCTION AT NEW START POINT, WITH IFLAG=4.
 START MIGRAD MINIMIZATION.  STRATEGY  1.  CONVERGENCE WHEN EDM .LT. 1.00e-04
 FCN=4565.56 FROM MIGRAD    STATUS=INITIATE       34 CALLS          35 TOTAL
                     EDM= unknown      STRATEGY= 1      NO ERROR MATRIX       
  EXT PARAMETER               CURRENT GUESS       STEP         FIRST   
  NO.   NAME      VALUE            ERROR          SIZE      DERIVATIVE 
   1  N0           3.08349e+06   1.00000e+02   1.00000e+02  -2.02320e-02
   2  tau          6.44081e+01   constant   
   3  A0           3.45384e-01   1.00000e-04   1.00000e-04  -1.34471e+04
   4  phi          4.12005e+00   1.00000e-02   1.00000e-02  -6.66862e+03
   5  R           -6.04838e+01   constant   
   6  A_CBO        5.62744e-03     fixed    
   7  w_CBO        2.32643e+00     fixed    
   8  phi_CBO      1.61705e+00     fixed    
   9  ANx2         3.59468e-04   constant   
  10  pNx2         5.65332e+00   constant   
  11  ANy1         0.00000e+00   constant   
  12  pNy1         0.00000e+00   constant   
  13  w_y          0.00000e+00   constant   
  14  ANy2         9.88841e-03     fixed    
  15  pNy2         2.39757e+00   constant   
  16  w_vw         1.43118e+01   constant   
  17  LM           1.25147e-04   constant   
  18  wCBO_expCoeff   2.00000e+02   1.00000e+00   1.00000e+00  -1.36420e+06
  19  wCBO_expOffset   2.00000e+02   1.00000e+00   1.00000e+00  -2.11622e+05
  20  wCBO_expT    3.00000e+01   1.00000e+00   1.00000e+00  -4.67176e+05
  21  wCBO_linCoeff   0.00000e+00   constant   
  22  wCBO_const   0.00000e+00   1.00000e-02   1.00000e-02   3.05236e+04
 MIGRAD FAILS TO FIND IMPROVEMENT
 FCN=4493.06 FROM HESSE     STATUS=NOT POSDEF     56 CALLS         120 TOTAL
                     EDM=126937    STRATEGY= 1      ERR MATRIX NOT POS-DEF
  EXT PARAMETER                APPROXIMATE        STEP         FIRST   
  NO.   NAME      VALUE            ERROR          SIZE      DERIVATIVE 
   1  N0           3.08356e+06   4.25958e+02   1.14454e+01  -1.66599e-02
   2  tau          6.44081e+01   constant   
   3  A0           3.45392e-01   1.57261e-04   5.01922e-06  -2.20222e+03
   4  phi          4.12008e+00   8.87874e-04   1.50834e-05  -9.10684e+02
   5  R           -6.04838e+01   constant   
   6  A_CBO        5.62744e-03     fixed    
   7  w_CBO        2.32643e+00     fixed    
   8  phi_CBO      1.61705e+00     fixed    
   9  ANx2         3.59468e-04   constant   
  10  pNx2         5.65332e+00   constant   
  11  ANy1         0.00000e+00   constant   
  12  pNy1         0.00000e+00   constant   
  13  w_y          0.00000e+00   constant   
  14  ANy2         9.88841e-03     fixed    
  15  pNy2         2.39757e+00   constant   
  16  w_vw         1.43118e+01   constant   
  17  LM           1.25147e-04   constant   
  18  wCBO_expCoeff   2.00000e+02   4.40931e-05   9.53674e-05   1.27360e+06
  19  wCBO_expOffset   2.00000e+02   7.71745e-05   9.53674e-05  -8.56308e+06
  20  wCBO_expT    3.00000e+01   2.60743e-06   1.43051e-05  -4.62104e+07
  21  wCBO_linCoeff   0.00000e+00   constant   
  22  wCBO_const  -3.65069e-05   4.69757e-04   7.15961e-06  -1.76067e+04
 MIGRAD FAILS TO FIND IMPROVEMENT
 MIGRAD TERMINATED WITHOUT CONVERGENCE.
 FCN=4493.06 FROM MIGRAD    STATUS=FAILED        130 CALLS         131 TOTAL
                     EDM=126937    STRATEGY= 1      ERR MATRIX NOT POS-DEF
  EXT PARAMETER                APPROXIMATE        STEP         FIRST   
  NO.   NAME      VALUE            ERROR          SIZE      DERIVATIVE 
   1  N0           3.08356e+06   4.25958e+02  -0.00000e+00  -1.66599e-02
   2  tau          6.44081e+01   constant   
   3  A0           3.45392e-01   1.57261e-04   0.00000e+00  -2.20222e+03
   4  phi          4.12008e+00   8.87874e-04   0.00000e+00  -9.10684e+02
   5  R           -6.04838e+01   constant   
   6  A_CBO        5.62744e-03     fixed    
   7  w_CBO        2.32643e+00     fixed    
   8  phi_CBO      1.61705e+00     fixed    
   9  ANx2         3.59468e-04   constant   
  10  pNx2         5.65332e+00   constant   
  11  ANy1         0.00000e+00   constant   
  12  pNy1         0.00000e+00   constant   
  13  w_y          0.00000e+00   constant   
  14  ANy2         9.88841e-03     fixed    
  15  pNy2         2.39757e+00   constant   
  16  w_vw         1.43118e+01   constant   
  17  LM           1.25147e-04   constant   
  18  wCBO_expCoeff   2.00000e+02   4.40931e-05   0.00000e+00   1.27360e+06
  19  wCBO_expOffset   2.00000e+02   7.71745e-05   0.00000e+00  -8.56308e+06
  20  wCBO_expT    3.00000e+01   2.60743e-06   0.00000e+00  -4.62104e+07
  21  wCBO_linCoeff   0.00000e+00   constant   
  22  wCBO_const  -3.65069e-05   4.69757e-04  -0.00000e+00  -1.76067e+04
 EXTERNAL ERROR MATRIX.    NDIM=  25    NPAR=  7    ERR DEF=1
  1.814e+05 -3.903e-02 -2.833e-01 -1.518e-02 -2.661e-02 -8.995e-04  1.534e-01 
 -3.903e-02  2.473e-08  9.374e-08  4.974e-09  8.718e-09  2.933e-10 -4.804e-08 
 -2.833e-01  9.374e-08  7.883e-07  3.632e-08  6.355e-08  2.144e-09 -3.559e-07 
 -1.518e-02  4.974e-09  3.632e-08  1.944e-09  3.392e-09  1.143e-10 -1.941e-08 
 -2.661e-02  8.718e-09  6.355e-08  3.392e-09  5.956e-09  2.004e-10 -3.359e-08 
 -8.995e-04  2.933e-10  2.144e-09  1.143e-10  2.004e-10  6.799e-12 -1.143e-09 
  1.534e-01 -4.804e-08 -3.559e-07 -1.941e-08 -3.359e-08 -1.143e-09  2.207e-07 
ERR MATRIX NOT POS-DEF
 PARAMETER  CORRELATION COEFFICIENTS  
       NO.  GLOBAL      1      3      4     18     19     20     22
        1  0.81119   1.000 -0.583 -0.749 -0.808 -0.809 -0.810  0.767
        3  0.72057  -0.583  1.000  0.671  0.717  0.718  0.715 -0.650
        4  0.92939  -0.749  0.671  1.000  0.928  0.927  0.926 -0.853
       18  0.99746  -0.808  0.717  0.928  1.000  0.997  0.994 -0.937
       19  0.99802  -0.809  0.718  0.927  0.997  1.000  0.996 -0.927
       20  0.99640  -0.810  0.715  0.926  0.994  0.996  1.000 -0.933
       22  0.94539   0.767 -0.650 -0.853 -0.937 -0.927 -0.933  1.000
 ERR MATRIX NOT POS-DEF
MINUIT - FIT ONLY 1-CBO + other amplitudes 
 **********
 **   16 **RES 
 **********
                   PARAMETER   14  ANy2 RESTORED TO VARIABLE.
                   PARAMETER    8  phi_CBO RESTORED TO VARIABLE.
                   PARAMETER    7  w_CBO RESTORED TO VARIABLE.
                   PARAMETER    6  A_CBO RESTORED TO VARIABLE.
 **********
 **   17 **FIX            0
 **********
 PARAMETER    0  IS UNDEFINED. IGNORED.
 **********
 **   18 **FIX            1
 **********
 **********
 **   19 **FIX            2
 **********
 PARAMETER    2  IS CONSTANT.   IGNORED.
 **********
 **   20 **FIX            3
 **********
 **********
 **   21 **FIX            4
 **********
 **********
 **   22 **FIX            9
 **********
 PARAMETER    9  IS CONSTANT.   IGNORED.
 **********
 **   23 **FIX           11
 **********
 PARAMETER   11  IS CONSTANT.   IGNORED.
 **********
 **   24 **FIX           12
 **********
 PARAMETER   12  IS CONSTANT.   IGNORED.
 **********
 **   25 **FIX           14
 **********
 **********
 **   26 **FIX           15
 **********
 PARAMETER   15  IS CONSTANT.   IGNORED.
 **********
 **   27 **FIX           16
 **********
 PARAMETER   16  IS CONSTANT.   IGNORED.
 **********
 **   28 **MIGRAD
 **********
 START MIGRAD MINIMIZATION.  STRATEGY  1.  CONVERGENCE WHEN EDM .LT. 1.00e-04
 FCN=4493.06 FROM MIGRAD    STATUS=INITIATE       22 CALLS         153 TOTAL
                     EDM= unknown      STRATEGY= 1      NO ERROR MATRIX       
  EXT PARAMETER               CURRENT GUESS       STEP         FIRST   
  NO.   NAME      VALUE            ERROR          SIZE      DERIVATIVE 
   1  N0           3.08356e+06     fixed    
   2  tau          6.44081e+01   constant   
   3  A0           3.45392e-01     fixed    
   4  phi          4.12008e+00     fixed    
   5  R           -6.04838e+01   constant   
   6  A_CBO        5.62744e-03   1.00000e-05   1.00000e-05   2.41884e+05
   7  w_CBO        2.32643e+00   1.00000e-03   1.00000e-03   7.13710e+07
   8  phi_CBO      1.61705e+00   1.00000e-04   1.00000e-04  -1.73583e+01
   9  ANx2         3.59468e-04   constant   
  10  pNx2         5.65332e+00   constant   
  11  ANy1         0.00000e+00   constant   
  12  pNy1         0.00000e+00   constant   
  13  w_y          0.00000e+00   constant   
  14  ANy2         9.88841e-03     fixed    
  15  pNy2         2.39757e+00   constant   
  16  w_vw         1.43118e+01   constant   
  17  LM           1.25147e-04   constant   
  18  wCBO_expCoeff   2.00000e+02   4.40931e-05   0.00000e+00   8.30309e+05
  19  wCBO_expOffset   2.00000e+02   7.71745e-05   0.00000e+00   8.36874e+06
  20  wCBO_expT    3.00000e+01   2.60743e-06   0.00000e+00   3.55665e+07
  21  wCBO_linCoeff   0.00000e+00   constant   
  22  wCBO_const  -3.65069e-05   4.69757e-04  -0.00000e+00  -1.76066e+04
 MIGRAD FAILS TO FIND IMPROVEMENT
 FCN=3961.22 FROM HESSE     STATUS=NOT POSDEF     58 CALLS         278 TOTAL
                     EDM=1224.24    STRATEGY= 1      ERR MATRIX NOT POS-DEF
  EXT PARAMETER                APPROXIMATE        STEP         FIRST   
  NO.   NAME      VALUE            ERROR          SIZE      DERIVATIVE 
   1  N0           3.08356e+06     fixed    
   2  tau          6.44081e+01   constant   
   3  A0           3.45392e-01     fixed    
   4  phi          4.12008e+00     fixed    
   5  R           -6.04838e+01   constant   
   6  A_CBO        2.72695e-03   1.58497e-03   5.36270e-06  -8.67212e+04
   7  w_CBO        2.32643e+00   3.65850e-07   1.10933e-06   2.80718e+07
   8  phi_CBO      1.62454e+00   2.00017e-01   1.45302e-03  -4.51422e+01
   9  ANx2         3.59468e-04   constant   
  10  pNx2         5.65332e+00   constant   
  11  ANy1         0.00000e+00   constant   
  12  pNy1         0.00000e+00   constant   
  13  w_y          0.00000e+00   constant   
  14  ANy2         9.88841e-03     fixed    
  15  pNy2         2.39757e+00   constant   
  16  w_vw         1.43118e+01   constant   
  17  LM           1.25147e-04   constant   
  18  wCBO_expCoeff   2.00000e+02   3.14521e-05   9.53674e-05   3.26440e+05
  19  wCBO_expOffset   2.00000e+02   3.44511e-05   9.53673e-05   1.69688e+06
  20  wCBO_expT    3.00000e+01   3.23852e-06   1.43051e-05  -3.77455e+06
  21  wCBO_linCoeff   0.00000e+00   constant   
  22  wCBO_const   3.97792e-04   5.97606e-04   7.58311e-06   1.91230e+04
 MIGRAD FAILS TO FIND IMPROVEMENT
 MIGRAD TERMINATED WITHOUT CONVERGENCE.
 FCN=3958.36 FROM MIGRAD    STATUS=FAILED        192 CALLS         323 TOTAL
                     EDM=1301.09    STRATEGY= 1      ERR MATRIX NOT POS-DEF
  EXT PARAMETER                APPROXIMATE        STEP         FIRST   
  NO.   NAME      VALUE            ERROR          SIZE      DERIVATIVE 
   1  N0           3.08356e+06     fixed    
   2  tau          6.44081e+01   constant   
   3  A0           3.45392e-01     fixed    
   4  phi          4.12008e+00     fixed    
   5  R           -6.04838e+01   constant   
   6  A_CBO        2.98804e-03   5.59785e-04   0.00000e+00  -6.25988e+04
   7  w_CBO        2.32643e+00   1.25284e-07  -0.00000e+00   1.27262e+08
   8  phi_CBO      1.59147e+00   8.29046e-02  -0.00000e+00  -2.10485e+02
   9  ANx2         3.59468e-04   constant   
  10  pNx2         5.65332e+00   constant   
  11  ANy1         0.00000e+00   constant   
  12  pNy1         0.00000e+00   constant   
  13  w_y          0.00000e+00   constant   
  14  ANy2         9.88841e-03     fixed    
  15  pNy2         2.39757e+00   constant   
  16  w_vw         1.43118e+01   constant   
  17  LM           1.25147e-04   constant   
  18  wCBO_expCoeff   2.00000e+02   1.07707e-05  -0.00000e+00   1.48023e+06
  19  wCBO_expOffset   2.00000e+02   2.19624e-06   0.00000e+00  -1.99047e+06
  20  wCBO_expT    3.00000e+01   1.03481e-06  -0.00000e+00  -6.30880e+06
  21  wCBO_linCoeff   0.00000e+00   constant   
  22  wCBO_const   4.61646e-04   2.57790e-04   0.00000e+00   5.07380e+04
 EXTERNAL ERROR MATRIX.    NDIM=  25    NPAR=  7    ERR DEF=1
  3.134e-07 -6.523e-11 -3.905e-05 -5.608e-09  1.189e-09 -5.500e-10  7.884e-08 
 -6.523e-11  1.570e-14  8.951e-09  1.169e-12 -2.571e-13  1.165e-13 -1.971e-11 
 -3.905e-05  8.951e-09  6.873e-03  7.695e-07 -1.589e-07  7.181e-08 -5.503e-06 
 -5.608e-09  1.169e-12  7.695e-07  1.160e-10 -2.211e-11  1.002e-11 -1.695e-09 
  1.189e-09 -2.571e-13 -1.589e-07 -2.211e-11  4.823e-12 -2.290e-12  3.359e-10 
 -5.500e-10  1.165e-13  7.181e-08  1.002e-11 -2.290e-12  1.071e-12 -1.485e-10 
  7.884e-08 -1.971e-11 -5.503e-06 -1.695e-09  3.359e-10 -1.485e-10  6.646e-08 
ERR MATRIX NOT POS-DEF
 PARAMETER  CORRELATION COEFFICIENTS  
       NO.  GLOBAL      6      7      8     18     19     20     22
        6  0.99815   1.000 -0.930 -0.842 -0.930  0.967 -0.949  0.546
        7  0.99816  -0.930  1.000  0.862  0.867 -0.935  0.899 -0.610
        8  0.99810  -0.842  0.862  1.000  0.862 -0.873  0.837 -0.257
       18  0.99816  -0.930  0.867  0.862  1.000 -0.935  0.899 -0.610
       19  1.01172   0.967 -0.935 -0.873 -0.935  1.000 -1.008  0.593
       20  0.95778  -0.949  0.899  0.837  0.899 -1.008  1.000 -0.557
       22  0.99471   0.546 -0.610 -0.257 -0.610  0.593 -0.557  1.000
 ERR MATRIX NOT POS-DEF
MINUIT - FIT ONLY 1-CBO
 **********
 **   29 **RES 
 **********
                   PARAMETER   14  ANy2 RESTORED TO VARIABLE.
                   PARAMETER    4  phi RESTORED TO VARIABLE.
                   PARAMETER    3  A0 RESTORED TO VARIABLE.
                   PARAMETER    1  N0 RESTORED TO VARIABLE.
 **********
 **   30 **FIX            0
 **********
 PARAMETER    0  IS UNDEFINED. IGNORED.
 **********
 **   31 **FIX            1
 **********
 **********
 **   32 **FIX            2
 **********
 PARAMETER    2  IS CONSTANT.   IGNORED.
 **********
 **   33 **FIX            3
 **********
 **********
 **   34 **FIX            4
 **********
 **********
 **   35 **FIX            8
 **********
 **********
 **   36 **FIX            9
 **********
 PARAMETER    9  IS CONSTANT.   IGNORED.
 **********
 **   37 **FIX           11
 **********
 PARAMETER   11  IS CONSTANT.   IGNORED.
 **********
 **   38 **FIX           12
 **********
 PARAMETER   12  IS CONSTANT.   IGNORED.
 **********
 **   39 **FIX           13
 **********
 PARAMETER   13  IS CONSTANT.   IGNORED.
 **********
 **   40 **FIX           15
 **********
 PARAMETER   15  IS CONSTANT.   IGNORED.
 **********
 **   41 **FIX           16
 **********
 PARAMETER   16  IS CONSTANT.   IGNORED.
 **********
 **   42 **MIGRAD
 **********
 START MIGRAD MINIMIZATION.  STRATEGY  1.  CONVERGENCE WHEN EDM .LT. 1.00e-04
 FCN=3958.36 FROM MIGRAD    STATUS=INITIATE       16 CALLS         339 TOTAL
                     EDM= unknown      STRATEGY= 1      NO ERROR MATRIX       
  EXT PARAMETER               CURRENT GUESS       STEP         FIRST   
  NO.   NAME      VALUE            ERROR          SIZE      DERIVATIVE 
   1  N0           3.08356e+06     fixed    
   2  tau          6.44081e+01   constant   
   3  A0           3.45392e-01     fixed    
   4  phi          4.12008e+00     fixed    
   5  R           -6.04838e+01   constant   
   6  A_CBO        2.98804e-03   5.59785e-04   0.00000e+00  -6.25988e+04
   7  w_CBO        2.32643e+00   1.25284e-07  -0.00000e+00   1.27262e+08
   8  phi_CBO      1.59147e+00     fixed    
   9  ANx2         3.59468e-04   constant   
  10  pNx2         5.65332e+00   constant   
  11  ANy1         0.00000e+00   constant   
  12  pNy1         0.00000e+00   constant   
  13  w_y          0.00000e+00   constant   
  14  ANy2         9.88841e-03   1.00000e-04   1.00000e-04   6.29174e+05
  15  pNy2         2.39757e+00   constant   
  16  w_vw         1.43118e+01   constant   
  17  LM           1.25147e-04   constant   
  18  wCBO_expCoeff   2.00000e+02   1.07707e-05  -0.00000e+00   1.48023e+06
  19  wCBO_expOffset   2.00000e+02   2.19624e-06   0.00000e+00  -1.99047e+06
  20  wCBO_expT    3.00000e+01   1.03481e-06  -0.00000e+00  -6.30880e+06
  21  wCBO_linCoeff   0.00000e+00   constant   
  22  wCBO_const   4.61646e-04   2.57790e-04   0.00000e+00   5.07380e+04
 MIGRAD FAILS TO FIND IMPROVEMENT
 FCN=1359.31 FROM HESSE     STATUS=NOT POSDEF     58 CALLS        1014 TOTAL
                     EDM=7901.76    STRATEGY= 1      ERR MATRIX NOT POS-DEF
  EXT PARAMETER                APPROXIMATE        STEP         FIRST   
  NO.   NAME      VALUE            ERROR          SIZE      DERIVATIVE 
   1  N0           3.08356e+06     fixed    
   2  tau          6.44081e+01   constant   
   3  A0           3.45392e-01     fixed    
   4  phi          4.12008e+00     fixed    
   5  R           -6.04838e+01   constant   
   6  A_CBO        7.98227e-04   1.31302e-03   2.90754e-06  -3.41245e+04
   7  w_CBO        2.32643e+00   7.77327e-07   1.10933e-06  -4.26200e+07
   8  phi_CBO      1.59147e+00     fixed    
   9  ANx2         3.59468e-04   constant   
  10  pNx2         5.65332e+00   constant   
  11  ANy1         0.00000e+00   constant   
  12  pNy1         0.00000e+00   constant   
  13  w_y          0.00000e+00   constant   
  14  ANy2         1.11344e-03   4.44331e-04   2.88075e-06  -1.92314e+04
  15  pNy2         2.39757e+00   constant   
  16  w_vw         1.43118e+01   constant   
  17  LM           1.25147e-04   constant   
  18  wCBO_expCoeff   2.00000e+02   6.68254e-05   9.53674e-05  -4.95712e+05
  19  wCBO_expOffset   2.00000e+02   8.98647e-05   9.53674e-05   2.56683e+05
  20  wCBO_expT    3.00000e+01   8.16121e-06   1.43051e-05   1.23794e+07
  21  wCBO_linCoeff   0.00000e+00   constant   
  22  wCBO_const  -9.26670e-04   6.58650e-03   9.89772e-06  -1.01530e+04
 MIGRAD FAILS TO FIND IMPROVEMENT
 MIGRAD TERMINATED WITHOUT CONVERGENCE.
 FCN=1359.31 FROM MIGRAD    STATUS=FAILED        702 CALLS        1025 TOTAL
                     EDM=7901.76    STRATEGY= 1      ERR MATRIX NOT POS-DEF
  EXT PARAMETER                APPROXIMATE        STEP         FIRST   
  NO.   NAME      VALUE            ERROR          SIZE      DERIVATIVE 
   1  N0           3.08356e+06     fixed    
   2  tau          6.44081e+01   constant   
   3  A0           3.45392e-01     fixed    
   4  phi          4.12008e+00     fixed    
   5  R           -6.04838e+01   constant   
   6  A_CBO        7.98227e-04   1.31302e-03   0.00000e+00  -3.41245e+04
   7  w_CBO        2.32643e+00   7.77327e-07  -0.00000e+00  -4.26200e+07
   8  phi_CBO      1.59147e+00     fixed    
   9  ANx2         3.59468e-04   constant   
  10  pNx2         5.65332e+00   constant   
  11  ANy1         0.00000e+00   constant   
  12  pNy1         0.00000e+00   constant   
  13  w_y          0.00000e+00   constant   
  14  ANy2         1.11344e-03   4.44331e-04   0.00000e+00  -1.92314e+04
  15  pNy2         2.39757e+00   constant   
  16  w_vw         1.43118e+01   constant   
  17  LM           1.25147e-04   constant   
  18  wCBO_expCoeff   2.00000e+02   6.68254e-05  -0.00000e+00  -4.95712e+05
  19  wCBO_expOffset   2.00000e+02   8.98647e-05  -0.00000e+00   2.56683e+05
  20  wCBO_expT    3.00000e+01   8.16121e-06  -0.00000e+00   1.23794e+07
  21  wCBO_linCoeff   0.00000e+00   constant   
  22  wCBO_const  -9.26670e-04   6.58650e-03   0.00000e+00  -1.01530e+04
 EXTERNAL ERROR MATRIX.    NDIM=  25    NPAR=  7    ERR DEF=1
  1.724e-06 -1.009e-09  5.610e-07 -8.671e-08 -1.169e-07 -1.063e-08  8.595e-06 
 -1.009e-09  6.042e-13 -3.295e-10  5.111e-11  6.895e-11  6.253e-12 -5.084e-09 
  5.610e-07 -3.295e-10  1.974e-07 -2.833e-08 -3.816e-08 -3.479e-09  2.806e-06 
 -8.671e-08  5.111e-11 -2.833e-08  4.466e-09  5.928e-09  5.376e-10 -4.370e-07 
 -1.169e-07  6.895e-11 -3.816e-08  5.928e-09  8.076e-09  7.247e-10 -5.879e-07 
 -1.063e-08  6.253e-12 -3.479e-09  5.376e-10  7.247e-10  6.661e-11 -5.329e-08 
  8.595e-06 -5.084e-09  2.806e-06 -4.370e-07 -5.879e-07 -5.329e-08  4.338e-05 
ERR MATRIX NOT POS-DEF
 PARAMETER  CORRELATION COEFFICIENTS  
       NO.  GLOBAL      6      7     14     18     19     20     22
        6  0.99572   1.000 -0.988  0.962 -0.988 -0.991 -0.992  0.994
        7  0.99323  -0.988  1.000 -0.954  0.984  0.987  0.986 -0.993
       14  0.96269   0.962 -0.954  1.000 -0.954 -0.956 -0.960  0.959
       18  0.99323  -0.988  0.984 -0.954  1.000  0.987  0.986 -0.993
       19  0.99394  -0.991  0.987 -0.956  0.987  1.000  0.988 -0.993
       20  0.99363  -0.992  0.986 -0.960  0.986  0.988  1.000 -0.991
       22  0.99803   0.994 -0.993  0.959 -0.993 -0.993 -0.991  1.000
 ERR MATRIX NOT POS-DEF
MINUIT - FIT ONLY 2-CBO
 **********
 **   43 **RES 
 **********
                   PARAMETER    8  phi_CBO RESTORED TO VARIABLE.
                   PARAMETER    4  phi RESTORED TO VARIABLE.
                   PARAMETER    3  A0 RESTORED TO VARIABLE.
                   PARAMETER    1  N0 RESTORED TO VARIABLE.
 **********
 **   44 **FIX            0
 **********
 PARAMETER    0  IS UNDEFINED. IGNORED.
 **********
 **   45 **FIX            1
 **********
 **********
 **   46 **FIX            2
 **********
 PARAMETER    2  IS CONSTANT.   IGNORED.
 **********
 **   47 **FIX            3
 **********
 **********
 **   48 **FIX            4
 **********
 **********
 **   49 **FIX            5
 **********
 PARAMETER    5  IS CONSTANT.   IGNORED.
 **********
 **   50 **FIX            6
 **********
 **********
 **   51 **FIX            7
 **********
 **********
 **   52 **FIX           10
 **********
 PARAMETER   10  IS CONSTANT.   IGNORED.
 **********
 **   53 **FIX           11
 **********
 PARAMETER   11  IS CONSTANT.   IGNORED.
 **********
 **   54 **FIX           12
 **********
 PARAMETER   12  IS CONSTANT.   IGNORED.
 **********
 **   55 **FIX           13
 **********
 PARAMETER   13  IS CONSTANT.   IGNORED.
 **********
 **   56 **FIX           14
 **********
 **********
 **   57 **FIX           15
 **********
 PARAMETER   15  IS CONSTANT.   IGNORED.
 **********
 **   58 **FIX           16
 **********
 PARAMETER   16  IS CONSTANT.   IGNORED.
 **********
 **   59 **MIGRAD
 **********
 START MIGRAD MINIMIZATION.  STRATEGY  1.  CONVERGENCE WHEN EDM .LT. 1.00e-04
 FCN=1359.31 FROM MIGRAD    STATUS=INITIATE       12 CALLS        1037 TOTAL
                     EDM= unknown      STRATEGY= 1      NO ERROR MATRIX       
  EXT PARAMETER               CURRENT GUESS       STEP         FIRST   
  NO.   NAME      VALUE            ERROR          SIZE      DERIVATIVE 
   1  N0           3.08356e+06     fixed    
   2  tau          6.44081e+01   constant   
   3  A0           3.45392e-01     fixed    
   4  phi          4.12008e+00     fixed    
   5  R           -6.04838e+01   constant   
   6  A_CBO        7.98227e-04     fixed    
   7  w_CBO        2.32643e+00     fixed    
   8  phi_CBO      1.59147e+00   8.29046e-02   8.29046e-02   3.19469e+01
   9  ANx2         3.59468e-04   constant   
  10  pNx2         5.65332e+00   constant   
  11  ANy1         0.00000e+00   constant   
  12  pNy1         0.00000e+00   constant   
  13  w_y          0.00000e+00   constant   
  14  ANy2         1.11344e-03     fixed    
  15  pNy2         2.39757e+00   constant   
  16  w_vw         1.43118e+01   constant   
  17  LM           1.25147e-04   constant   
  18  wCBO_expCoeff   2.00000e+02   6.68254e-05  -0.00000e+00  -3.59036e+05
  19  wCBO_expOffset   2.00000e+02   8.98647e-05  -0.00000e+00   1.76416e+05
  20  wCBO_expT    3.00000e+01   8.16121e-06  -0.00000e+00  -1.36390e+06
  21  wCBO_linCoeff   0.00000e+00   constant   
  22  wCBO_const  -9.26670e-04   6.58650e-03   0.00000e+00  -1.01530e+04
 MIGRAD FAILS TO FIND IMPROVEMENT
 FCN=1359.31 FROM HESSE     STATUS=NOT POSDEF     37 CALLS        1085 TOTAL
                     EDM=7512.47    STRATEGY= 1      ERR MATRIX NOT POS-DEF
  EXT PARAMETER                APPROXIMATE        STEP         FIRST   
  NO.   NAME      VALUE            ERROR          SIZE      DERIVATIVE 
   1  N0           3.08356e+06     fixed    
   2  tau          6.44081e+01   constant   
   3  A0           3.45392e-01     fixed    
   4  phi          4.12008e+00     fixed    
   5  R           -6.04838e+01   constant   
   6  A_CBO        7.98227e-04     fixed    
   7  w_CBO        2.32643e+00     fixed    
   8  phi_CBO      1.59147e+00   1.47269e+00   2.89898e-03   3.19469e+01
   9  ANx2         3.59468e-04   constant   
  10  pNx2         5.65332e+00   constant   
  11  ANy1         0.00000e+00   constant   
  12  pNy1         0.00000e+00   constant   
  13  w_y          0.00000e+00   constant   
  14  ANy2         1.11344e-03     fixed    
  15  pNy2         2.39757e+00   constant   
  16  w_vw         1.43118e+01   constant   
  17  LM           1.25147e-04   constant   
  18  wCBO_expCoeff   2.00000e+02   1.00382e-04   9.53674e-05  -4.95712e+05
  19  wCBO_expOffset   2.00000e+02   1.03701e-04   9.53674e-05   2.56683e+05
  20  wCBO_expT    3.00000e+01   8.92001e-06   1.43051e-05   1.23794e+07
  21  wCBO_linCoeff   0.00000e+00   constant   
  22  wCBO_const  -9.26670e-04   3.90144e-03   9.89808e-06  -1.01530e+04
 MIGRAD FAILS TO FIND IMPROVEMENT
 MIGRAD TERMINATED WITHOUT CONVERGENCE.
 FCN=1359.31 FROM MIGRAD    STATUS=FAILED         71 CALLS        1096 TOTAL
                     EDM=7512.47    STRATEGY= 1      ERR MATRIX NOT POS-DEF
  EXT PARAMETER                APPROXIMATE        STEP         FIRST   
  NO.   NAME      VALUE            ERROR          SIZE      DERIVATIVE 
   1  N0           3.08356e+06     fixed    
   2  tau          6.44081e+01   constant   
   3  A0           3.45392e-01     fixed    
   4  phi          4.12008e+00     fixed    
   5  R           -6.04838e+01   constant   
   6  A_CBO        7.98227e-04     fixed    
   7  w_CBO        2.32643e+00     fixed    
   8  phi_CBO      1.59147e+00   1.47269e+00  -0.00000e+00   3.19469e+01
   9  ANx2         3.59468e-04   constant   
  10  pNx2         5.65332e+00   constant   
  11  ANy1         0.00000e+00   constant   
  12  pNy1         0.00000e+00   constant   
  13  w_y          0.00000e+00   constant   
  14  ANy2         1.11344e-03     fixed    
  15  pNy2         2.39757e+00   constant   
  16  w_vw         1.43118e+01   constant   
  17  LM           1.25147e-04   constant   
  18  wCBO_expCoeff   2.00000e+02   1.00382e-04  -0.00000e+00  -4.95712e+05
  19  wCBO_expOffset   2.00000e+02   1.03701e-04  -0.00000e+00   2.56683e+05
  20  wCBO_expT    3.00000e+01   8.92001e-06  -0.00000e+00   1.23794e+07
  21  wCBO_linCoeff   0.00000e+00   constant   
  22  wCBO_const  -9.26670e-04   3.90144e-03   0.00000e+00  -1.01530e+04
 EXTERNAL ERROR MATRIX.    NDIM=  25    NPAR=  5    ERR DEF=1
  2.169e+00  1.466e-04  1.514e-04  1.303e-05 -5.632e-03 
  1.466e-04  1.008e-08  1.032e-08  8.859e-10 -3.881e-07 
  1.514e-04  1.032e-08  1.075e-08  9.148e-10 -3.996e-07 
  1.303e-05  8.859e-10  9.148e-10  7.957e-11 -3.420e-08 
 -5.632e-03 -3.881e-07 -3.996e-07 -3.420e-08  1.522e-05 
ERR MATRIX NOT POS-DEF
 PARAMETER  CORRELATION COEFFICIENTS  
       NO.  GLOBAL      8     18     19     20     22
        8  0.99597   1.000  0.992  0.991  0.992 -0.980
       18  0.99643   0.992  1.000  0.991  0.989 -0.991
       19  0.99458   0.991  0.991  1.000  0.989 -0.988
       20  0.99363   0.992  0.989  0.989  1.000 -0.983
       22  0.99329  -0.980 -0.991 -0.988 -0.983  1.000
 ERR MATRIX NOT POS-DEF
MINUIT - FIT ONLY 1-y
 **********
 **   60 **RES 
 **********
                   PARAMETER   14  ANy2 RESTORED TO VARIABLE.
                   PARAMETER    7  w_CBO RESTORED TO VARIABLE.
                   PARAMETER    6  A_CBO RESTORED TO VARIABLE.
                   PARAMETER    4  phi RESTORED TO VARIABLE.
                   PARAMETER    3  A0 RESTORED TO VARIABLE.
                   PARAMETER    1  N0 RESTORED TO VARIABLE.
 **********
 **   61 **FIX            0
 **********
 PARAMETER    0  IS UNDEFINED. IGNORED.
 **********
 **   62 **FIX            1
 **********
 **********
 **   63 **FIX            2
 **********
 PARAMETER    2  IS CONSTANT.   IGNORED.
 **********
 **   64 **FIX            3
 **********
 **********
 **   65 **FIX            4
 **********
 **********
 **   66 **FIX            5
 **********
 PARAMETER    5  IS CONSTANT.   IGNORED.
 **********
 **   67 **FIX            6
 **********
 **********
 **   68 **FIX            7
 **********
 **********
 **   69 **FIX            8
 **********
 **********
 **   70 **FIX            9
 **********
 PARAMETER    9  IS CONSTANT.   IGNORED.
 **********
 **   71 **FIX           13
 **********
 PARAMETER   13  IS CONSTANT.   IGNORED.
 **********
 **   72 **FIX           14
 **********
 **********
 **   73 **FIX           15
 **********
 PARAMETER   15  IS CONSTANT.   IGNORED.
 **********
 **   74 **FIX           16
 **********
 PARAMETER   16  IS CONSTANT.   IGNORED.
 **********
 **   75 **MIGRAD
 **********
 START MIGRAD MINIMIZATION.  STRATEGY  1.  CONVERGENCE WHEN EDM .LT. 1.00e-04
 FCN=1359.31 FROM MIGRAD    STATUS=INITIATE        8 CALLS        1104 TOTAL
                     EDM= unknown      STRATEGY= 1      NO ERROR MATRIX       
  EXT PARAMETER               CURRENT GUESS       STEP         FIRST   
  NO.   NAME      VALUE            ERROR          SIZE      DERIVATIVE 
   1  N0           3.08356e+06     fixed    
   2  tau          6.44081e+01   constant   
   3  A0           3.45392e-01     fixed    
   4  phi          4.12008e+00     fixed    
   5  R           -6.04838e+01   constant   
   6  A_CBO        7.98227e-04     fixed    
   7  w_CBO        2.32643e+00     fixed    
   8  phi_CBO      1.59147e+00     fixed    
   9  ANx2         3.59468e-04   constant   
  10  pNx2         5.65332e+00   constant   
  11  ANy1         0.00000e+00   constant   
  12  pNy1         0.00000e+00   constant   
  13  w_y          0.00000e+00   constant   
  14  ANy2         1.11344e-03     fixed    
  15  pNy2         2.39757e+00   constant   
  16  w_vw         1.43118e+01   constant   
  17  LM           1.25147e-04   constant   
  18  wCBO_expCoeff   2.00000e+02   1.00382e-04  -0.00000e+00  -3.59036e+05
  19  wCBO_expOffset   2.00000e+02   1.03701e-04  -0.00000e+00   1.76416e+05
  20  wCBO_expT    3.00000e+01   8.92001e-06  -0.00000e+00  -1.36390e+06
  21  wCBO_linCoeff   0.00000e+00   constant   
  22  wCBO_const  -9.26670e-04   3.90144e-03   0.00000e+00  -1.01530e+04
 MIGRAD FAILS TO FIND IMPROVEMENT
 FCN=1359.31 FROM HESSE     STATUS=NOT POSDEF     29 CALLS        1144 TOTAL
                     EDM=4279.3    STRATEGY= 1      ERR MATRIX NOT POS-DEF
  EXT PARAMETER                APPROXIMATE        STEP         FIRST   
  NO.   NAME      VALUE            ERROR          SIZE      DERIVATIVE 
   1  N0           3.08356e+06     fixed    
   2  tau          6.44081e+01   constant   
   3  A0           3.45392e-01     fixed    
   4  phi          4.12008e+00     fixed    
   5  R           -6.04838e+01   constant   
   6  A_CBO        7.98227e-04     fixed    
   7  w_CBO        2.32643e+00     fixed    
   8  phi_CBO      1.59147e+00     fixed    
   9  ANx2         3.59468e-04   constant   
  10  pNx2         5.65332e+00   constant   
  11  ANy1         0.00000e+00   constant   
  12  pNy1         0.00000e+00   constant   
  13  w_y          0.00000e+00   constant   
  14  ANy2         1.11344e-03     fixed    
  15  pNy2         2.39757e+00   constant   
  16  w_vw         1.43118e+01   constant   
  17  LM           1.25147e-04   constant   
  18  wCBO_expCoeff   2.00000e+02   1.25631e-04   9.53674e-05  -4.95712e+05
  19  wCBO_expOffset   2.00000e+02   1.14983e-04   9.53674e-05   2.56683e+05
  20  wCBO_expT    3.00000e+01   6.49312e-06   1.43051e-05   1.23794e+07
  21  wCBO_linCoeff   0.00000e+00   constant   
  22  wCBO_const  -9.26670e-04   8.22785e-03   9.89817e-06  -1.01530e+04
 MIGRAD FAILS TO FIND IMPROVEMENT
 MIGRAD TERMINATED WITHOUT CONVERGENCE.
 FCN=1359.31 FROM MIGRAD    STATUS=FAILED         59 CALLS        1155 TOTAL
                     EDM=4279.3    STRATEGY= 1      ERR MATRIX NOT POS-DEF
  EXT PARAMETER                APPROXIMATE        STEP         FIRST   
  NO.   NAME      VALUE            ERROR          SIZE      DERIVATIVE 
   1  N0           3.08356e+06     fixed    
   2  tau          6.44081e+01   constant   
   3  A0           3.45392e-01     fixed    
   4  phi          4.12008e+00     fixed    
   5  R           -6.04838e+01   constant   
   6  A_CBO        7.98227e-04     fixed    
   7  w_CBO        2.32643e+00     fixed    
   8  phi_CBO      1.59147e+00     fixed    
   9  ANx2         3.59468e-04   constant   
  10  pNx2         5.65332e+00   constant   
  11  ANy1         0.00000e+00   constant   
  12  pNy1         0.00000e+00   constant   
  13  w_y          0.00000e+00   constant   
  14  ANy2         1.11344e-03     fixed    
  15  pNy2         2.39757e+00   constant   
  16  w_vw         1.43118e+01   constant   
  17  LM           1.25147e-04   constant   
  18  wCBO_expCoeff   2.00000e+02   1.25631e-04  -0.00000e+00  -4.95712e+05
  19  wCBO_expOffset   2.00000e+02   1.14983e-04  -0.00000e+00   2.56683e+05
  20  wCBO_expT    3.00000e+01   6.49312e-06  -0.00000e+00   1.23794e+07
  21  wCBO_linCoeff   0.00000e+00   constant   
  22  wCBO_const  -9.26670e-04   8.22785e-03   0.00000e+00  -1.01530e+04
 EXTERNAL ERROR MATRIX.    NDIM=  25    NPAR=  4    ERR DEF=1
  1.578e-08  1.433e-08  8.018e-10 -1.031e-06 
  1.433e-08  1.322e-08  7.332e-10 -9.409e-07 
  8.018e-10  7.332e-10  4.216e-11 -5.262e-08 
 -1.031e-06 -9.409e-07 -5.262e-08  6.770e-05 
ERR MATRIX NOT POS-DEF
 PARAMETER  CORRELATION COEFFICIENTS  
       NO.  GLOBAL     18     19     20     22
       18  0.99723   1.000  0.992  0.983 -0.997
       19  0.99463   0.992  1.000  0.982 -0.995
       20  0.98532   0.983  0.982  1.000 -0.985
       22  0.99817  -0.997 -0.995 -0.985  1.000
 ERR MATRIX NOT POS-DEF
MINUIT - FIT ONLY 2-y
 **********
 **   76 **RES 
 **********
                   PARAMETER   14  ANy2 RESTORED TO VARIABLE.
                   PARAMETER    8  phi_CBO RESTORED TO VARIABLE.
                   PARAMETER    7  w_CBO RESTORED TO VARIABLE.
                   PARAMETER    6  A_CBO RESTORED TO VARIABLE.
                   PARAMETER    4  phi RESTORED TO VARIABLE.
                   PARAMETER    3  A0 RESTORED TO VARIABLE.
                   PARAMETER    1  N0 RESTORED TO VARIABLE.
 **********
 **   77 **FIX            0
 **********
