 + ++++++++++++++++++++++++++++++++++++++++++++++++++++++++++++++++++++ +
 +                                                                      +
 +           You have chose to blind your fitting according to          +
 +                omega_ref * (1 + (R +/- deltaR) *10^{-6})             +
 +                                                                      +
 + ++++++++++++++++++++++++++++++++++++++++++++++++++++++++++++++++++++ +
In main()...
reading format from /gm2data/zkhechad/run45/envelope/formats/formatB_sBin_constraintOn.txt
pBinTau 	= 0  
pBinPhi 	= 0  
constraintau 	= 1 
includeMopTerm 	= 0    
constrainMop    = 0   
Parameters after format file: pBinTau 0 pBinPhi 0 constraintau 1 includeMopTerm 0 constrainMop 0 c_e_scale 0.000000 
reading cbo reference file (full fit) from /gm2data/zkhechad/cboTemplates/Run4CBOTemplates/fullFits/run4/sBin_constraintOn_cE0.0_seed0_run4_calo6.root
A_CBO 0.010001 w_CBO 2.327040 phi_CBO 5.088588 N0 2817823.633276 R -61.510560 tau 64.405014 
Reading cboRef file /gm2data/zkhechad/cboTemplates/Run4CBOTemplates//cboIsolate/run4_calo6.root
deltaT 164.120000
windowBins = 1100
fitting sliding window 1360 from bin 1563 at 233.199600 to bin 2663 at 397.319600 (1100 bins)

Reading data from /gm2data/cornell/histograms/aMethod/histogram_a_run4.root
fitting cbo isolate
 **********
 **    1 **SET PRINTOUT            1
 **********
 **********
 **    2 **SET NOWARNINGS 
 **********
 PARAMETER DEFINITIONS:
    NO.   NAME         VALUE      STEP SIZE      LIMITS
     1 A_CBO        1.00010e-02  1.00000e-05     no limits
     2 w_CBO        2.32704e+00  1.00000e-02    2.00000e+00  3.00000e+00
     3 phi_CBO      5.08859e+00  1.00000e-02    0.00000e+00  6.28319e+00
 **********
 **    3 **MIGRAD
 **********
 FIRST CALL TO USER FUNCTION AT NEW START POINT, WITH IFLAG=4.
 START MIGRAD MINIMIZATION.  STRATEGY  1.  CONVERGENCE WHEN EDM .LT. 1.00e-04
 FCN=0.0529909 FROM MIGRAD    STATUS=INITIATE       12 CALLS          13 TOTAL
                     EDM= unknown      STRATEGY= 1      NO ERROR MATRIX       
  EXT PARAMETER               CURRENT GUESS       STEP         FIRST   
  NO.   NAME      VALUE            ERROR          SIZE      DERIVATIVE 
   1  A_CBO        1.00010e-02   1.00000e-05   1.00000e-05   7.85697e+00
   2  w_CBO        2.32704e+00   1.00000e-02   2.13182e-02   5.87784e-01
   3  phi_CBO      5.08859e+00   1.00000e-02   4.05596e-03  -9.21077e-03
 MIGRAD MINIMIZATION HAS CONVERGED.
 MIGRAD WILL VERIFY CONVERGENCE AND ERROR MATRIX.
 COVARIANCE MATRIX CALCULATED SUCCESSFULLY
 FCN=0.0248405 FROM MIGRAD    STATUS=CONVERGED      49 CALLS          50 TOTAL
                     EDM=2.28422e-05    STRATEGY= 1      ERROR MATRIX ACCURATE 
  EXT PARAMETER                                   STEP         FIRST   
  NO.   NAME      VALUE            ERROR          SIZE      DERIVATIVE 
   1  A_CBO        2.85151e-03   4.28388e-02   2.10694e-05  -2.86723e-02
   2  w_CBO        2.32682e+00   2.85198e-01   4.99108e-05   6.36326e-03
   3  phi_CBO      5.14671e+00   5.71494e+00   3.17628e-03   5.97456e-05
 EXTERNAL ERROR MATRIX.    NDIM=  25    NPAR=  3    ERR DEF=1
  1.835e-03 -1.268e-03 -4.011e-01 
 -1.268e-03  9.398e-02  2.928e+01 
 -4.011e-01  2.928e+01  9.342e+03 
 PARAMETER  CORRELATION COEFFICIENTS  
       NO.  GLOBAL      1      2      3
        1  0.09703   1.000 -0.097 -0.097
        2  0.98806  -0.097  1.000  0.988
        3  0.98806  -0.097  0.988  1.000
setting A_CBO=0.002852 w_CBO=2.326817, phi_CBO=5.146711
done fitting cbo isolate
 **********
 **    1 **SET PRINTOUT            1
 **********
 **********
 **    2 **SET NOWARNINGS 
 **********
 PARAMETER DEFINITIONS:
    NO.   NAME         VALUE      STEP SIZE      LIMITS
     1 N0           2.81782e+06  1.00000e+02     no limits
     2 tau          6.44050e+01  constant
     3 A0           3.53650e-01  1.00000e-04     no limits
     4 phi          4.11538e+00  1.00000e-02     no limits
     5 R           -6.15106e+01  constant
     6 A_CBO        2.85151e-03  1.00000e-05     no limits
     7 w_CBO        2.32682e+00  1.00000e-03     no limits
     8 phi_CBO      5.14671e+00  1.00000e-04     no limits
     9 ANx2         5.52857e-04  constant
    10 pNx2         5.73177e+00  constant
    11 ANy1         0.00000e+00  constant
    12 pNy1         0.00000e+00  constant
    13 w_y          0.00000e+00  constant
    14 ANy2         9.05236e-03  1.00000e-04     no limits
    15 pNy2         5.72687e+00  constant
    16 w_vw         1.43172e+01  constant
    17 LM           3.92941e-07  constant
    18 wCBO_expCoeff   2.00000e+02  1.00000e+00     no limits
    19 wCBO_expOffset   2.00000e+02  1.00000e+00     no limits
    20 wCBO_expT    3.00000e+01  1.00000e+00     no limits
    21 wCBO_linCoeff   0.00000e+00  constant
    22 wCBO_const   0.00000e+00  1.00000e-02     no limits
MINUIT - FIT ONLY WIGGLE
 **********
 **    3 **FIX            5
 **********
 PARAMETER    5  IS CONSTANT.   IGNORED.
 **********
 **    4 **FIX            6
 **********
 **********
 **    5 **FIX            7
 **********
 **********
 **    6 **FIX            8
 **********
 **********
 **    7 **FIX            9
 **********
 PARAMETER    9  IS CONSTANT.   IGNORED.
 **********
 **    8 **FIX           10
 **********
 PARAMETER   10  IS CONSTANT.   IGNORED.
 **********
 **    9 **FIX           11
 **********
 PARAMETER   11  IS CONSTANT.   IGNORED.
 **********
 **   10 **FIX           12
 **********
 PARAMETER   12  IS CONSTANT.   IGNORED.
 **********
 **   11 **FIX           13
 **********
 PARAMETER   13  IS CONSTANT.   IGNORED.
 **********
 **   12 **FIX           14
 **********
 **********
 **   13 **FIX           15
 **********
 PARAMETER   15  IS CONSTANT.   IGNORED.
 **********
 **   14 **FIX           16
 **********
 PARAMETER   16  IS CONSTANT.   IGNORED.
 **********
 **   15 **MIGRAD
 **********
 FIRST CALL TO USER FUNCTION AT NEW START POINT, WITH IFLAG=4.
 START MIGRAD MINIMIZATION.  STRATEGY  1.  CONVERGENCE WHEN EDM .LT. 1.00e-04
 FCN=1358.63 FROM MIGRAD    STATUS=INITIATE       34 CALLS          35 TOTAL
                     EDM= unknown      STRATEGY= 1      NO ERROR MATRIX       
  EXT PARAMETER               CURRENT GUESS       STEP         FIRST   
  NO.   NAME      VALUE            ERROR          SIZE      DERIVATIVE 
   1  N0           2.81782e+06   1.00000e+02   1.00000e+02   1.32317e-03
   2  tau          6.44050e+01   constant   
   3  A0           3.53650e-01   1.00000e-04   1.00000e-04   1.30237e+03
   4  phi          4.11538e+00   1.00000e-02   1.00000e-02  -1.68917e+03
   5  R           -6.15106e+01   constant   
   6  A_CBO        2.85151e-03     fixed    
   7  w_CBO        2.32682e+00     fixed    
   8  phi_CBO      5.14671e+00     fixed    
   9  ANx2         5.52857e-04   constant   
  10  pNx2         5.73177e+00   constant   
  11  ANy1         0.00000e+00   constant   
  12  pNy1         0.00000e+00   constant   
  13  w_y          0.00000e+00   constant   
  14  ANy2         9.05236e-03     fixed    
  15  pNy2         5.72687e+00   constant   
  16  w_vw         1.43172e+01   constant   
  17  LM           3.92941e-07   constant   
  18  wCBO_expCoeff   2.00000e+02   1.00000e+00   1.00000e+00   6.59389e+02
  19  wCBO_expOffset   2.00000e+02   1.00000e+00   1.00000e+00   4.58999e+03
  20  wCBO_expT    3.00000e+01   1.00000e+00   1.00000e+00   3.54231e+03
  21  wCBO_linCoeff   0.00000e+00   constant   
  22  wCBO_const   0.00000e+00   1.00000e-02   1.00000e-02   2.38483e+03
 MIGRAD FAILS TO FIND IMPROVEMENT
 FCN=1329.72 FROM HESSE     STATUS=NOT POSDEF     54 CALLS         395 TOTAL
                     EDM=6.65438e-05    STRATEGY= 1      ERR MATRIX NOT POS-DEF
  EXT PARAMETER                APPROXIMATE        STEP         FIRST   
  NO.   NAME      VALUE            ERROR          SIZE      DERIVATIVE 
   1  N0           2.81783e+06   5.88607e+02   1.05760e+01  -2.21205e-07
   2  tau          6.44050e+01   constant   
   3  A0           3.53621e-01   2.80184e-04   5.07256e-06  -1.08908e+01
   4  phi          4.11612e+00   8.25378e-04   1.48554e-05   7.27450e+00
   5  R           -6.15106e+01   constant   
   6  A_CBO        2.85151e-03     fixed    
   7  w_CBO        2.32682e+00     fixed    
   8  phi_CBO      5.14671e+00     fixed    
   9  ANx2         5.52857e-04   constant   
  10  pNx2         5.73177e+00   constant   
  11  ANy1         0.00000e+00   constant   
  12  pNy1         0.00000e+00   constant   
  13  w_y          0.00000e+00   constant   
  14  ANy2         9.05236e-03     fixed    
  15  pNy2         5.72687e+00   constant   
  16  w_vw         1.43172e+01   constant   
  17  LM           3.92941e-07   constant   
  18  wCBO_expCoeff   1.99985e+02   1.36558e-02   9.53600e-05  -2.40076e+00
  19  wCBO_expOffset   1.99997e+02   2.79618e-03   9.53662e-05  -1.58413e+01
  20  wCBO_expT    3.00015e+01   9.05482e-04   1.43058e-05  -3.35777e-01
  21  wCBO_linCoeff   0.00000e+00   constant   
  22  wCBO_const   3.36192e-03   4.36469e-04   3.95758e-06   9.18360e+00
 MIGRAD FAILS TO FIND IMPROVEMENT
 MIGRAD TERMINATED WITHOUT CONVERGENCE.
 FCN=1329.72 FROM MIGRAD    STATUS=FAILED        441 CALLS         442 TOTAL
                     EDM=0.000232695    STRATEGY= 1      ERR MATRIX NOT POS-DEF
  EXT PARAMETER                APPROXIMATE        STEP         FIRST   
  NO.   NAME      VALUE            ERROR          SIZE      DERIVATIVE 
   1  N0           2.81783e+06   5.88909e+02   0.00000e+00   4.96094e-07
   2  tau          6.44050e+01   constant   
   3  A0           3.53621e-01   2.81007e-04   0.00000e+00  -4.65709e-01
   4  phi          4.11612e+00   8.37985e-04  -0.00000e+00   1.64914e-01
   5  R           -6.15106e+01   constant   
   6  A_CBO        2.85151e-03     fixed    
   7  w_CBO        2.32682e+00     fixed    
   8  phi_CBO      5.14671e+00     fixed    
   9  ANx2         5.52857e-04   constant   
  10  pNx2         5.73177e+00   constant   
  11  ANy1         0.00000e+00   constant   
  12  pNy1         0.00000e+00   constant   
  13  w_y          0.00000e+00   constant   
  14  ANy2         9.05236e-03     fixed    
  15  pNy2         5.72687e+00   constant   
  16  w_vw         1.43172e+01   constant   
  17  LM           3.92941e-07   constant   
  18  wCBO_expCoeff   1.99984e+02   2.55853e-02   0.00000e+00  -4.39969e-01
  19  wCBO_expOffset   1.99997e+02   4.70838e-03  -0.00000e+00   3.30149e+01
  20  wCBO_expT    3.00015e+01   9.31341e-04   0.00000e+00  -3.58991e+00
  21  wCBO_linCoeff   0.00000e+00   constant   
  22  wCBO_const   3.36284e-03   4.76402e-04  -0.00000e+00  -9.05707e+00
 EXTERNAL ERROR MATRIX.    NDIM=  25    NPAR=  7    ERR DEF=1
  3.468e+05  5.310e-04 -4.981e-03  6.480e-01 -1.492e-01  3.807e-02 -3.454e-03 
  5.310e-04  7.896e-08 -2.819e-09  3.867e-07 -6.507e-08  8.242e-09 -2.678e-09 
 -4.981e-03 -2.819e-09  7.022e-07 -3.375e-06  6.307e-07 -1.147e-07  4.445e-08 
  6.480e-01  3.867e-07 -3.375e-06  6.546e-04 -1.189e-04  1.766e-05 -6.138e-06 
 -1.492e-01 -6.507e-08  6.307e-07 -1.189e-04  2.217e-05 -3.645e-06  1.256e-06 
  3.807e-02  8.242e-09 -1.147e-07  1.766e-05 -3.645e-06  8.674e-07 -3.463e-07 
 -3.454e-03 -2.678e-09  4.445e-08 -6.138e-06  1.256e-06 -3.463e-07  2.270e-07 
ERR MATRIX NOT POS-DEF
 PARAMETER  CORRELATION COEFFICIENTS  
       NO.  GLOBAL      1      3      4     18     19     20     22
        1  0.09966   1.000  0.003 -0.010  0.043 -0.054  0.069 -0.012
        3  0.07106   0.003  1.000 -0.012  0.054 -0.049  0.031 -0.020
        4  0.16913  -0.010 -0.012  1.000 -0.157  0.160 -0.147  0.111
       18  0.99847   0.043  0.054 -0.157  1.000 -0.987  0.741 -0.504
       19  0.99899  -0.054 -0.049  0.160 -0.987  1.000 -0.831  0.560
       20  0.98876   0.069  0.031 -0.147  0.741 -0.831  1.000 -0.781
       22  0.89815  -0.012 -0.020  0.111 -0.504  0.560 -0.781  1.000
 ERR MATRIX NOT POS-DEF
MINUIT - FIT ONLY 1-CBO + other amplitudes 
 **********
 **   16 **RES 
 **********
                   PARAMETER   14  ANy2 RESTORED TO VARIABLE.
                   PARAMETER    8  phi_CBO RESTORED TO VARIABLE.
                   PARAMETER    7  w_CBO RESTORED TO VARIABLE.
                   PARAMETER    6  A_CBO RESTORED TO VARIABLE.
 **********
 **   17 **FIX            0
 **********
 PARAMETER    0  IS UNDEFINED. IGNORED.
 **********
 **   18 **FIX            1
 **********
 **********
 **   19 **FIX            2
 **********
 PARAMETER    2  IS CONSTANT.   IGNORED.
 **********
 **   20 **FIX            3
 **********
 **********
 **   21 **FIX            4
 **********
 **********
 **   22 **FIX            9
 **********
 PARAMETER    9  IS CONSTANT.   IGNORED.
 **********
 **   23 **FIX           11
 **********
 PARAMETER   11  IS CONSTANT.   IGNORED.
 **********
 **   24 **FIX           12
 **********
 PARAMETER   12  IS CONSTANT.   IGNORED.
 **********
 **   25 **FIX           14
 **********
 **********
 **   26 **FIX           15
 **********
 PARAMETER   15  IS CONSTANT.   IGNORED.
 **********
 **   27 **FIX           16
 **********
 PARAMETER   16  IS CONSTANT.   IGNORED.
 **********
 **   28 **MIGRAD
 **********
 START MIGRAD MINIMIZATION.  STRATEGY  1.  CONVERGENCE WHEN EDM .LT. 1.00e-04
 FCN=1329.72 FROM MIGRAD    STATUS=INITIATE       22 CALLS         464 TOTAL
                     EDM= unknown      STRATEGY= 1      NO ERROR MATRIX       
  EXT PARAMETER               CURRENT GUESS       STEP         FIRST   
  NO.   NAME      VALUE            ERROR          SIZE      DERIVATIVE 
   1  N0           2.81783e+06     fixed    
   2  tau          6.44050e+01   constant   
   3  A0           3.53621e-01     fixed    
   4  phi          4.11612e+00     fixed    
   5  R           -6.15106e+01   constant   
   6  A_CBO        2.85151e-03   1.00000e-05   1.00000e-05   4.87921e+04
   7  w_CBO        2.32682e+00   1.00000e-03   1.00000e-03  -4.09041e+01
   8  phi_CBO      5.14671e+00   1.00000e-04   1.00000e-04  -1.35823e+01
   9  ANx2         5.52857e-04   constant   
  10  pNx2         5.73177e+00   constant   
  11  ANy1         0.00000e+00   constant   
  12  pNy1         0.00000e+00   constant   
  13  w_y          0.00000e+00   constant   
  14  ANy2         9.05236e-03     fixed    
  15  pNy2         5.72687e+00   constant   
  16  w_vw         1.43172e+01   constant   
  17  LM           3.92941e-07   constant   
  18  wCBO_expCoeff   1.99984e+02   2.55853e-02   0.00000e+00  -4.39969e-01
  19  wCBO_expOffset   1.99997e+02   4.70838e-03  -0.00000e+00   3.30149e+01
  20  wCBO_expT    3.00015e+01   9.31341e-04   0.00000e+00  -3.58991e+00
  21  wCBO_linCoeff   0.00000e+00   constant   
  22  wCBO_const   3.36284e-03   4.76402e-04  -0.00000e+00  -9.05707e+00
 MIGRAD MINIMIZATION HAS CONVERGED.
 MIGRAD WILL VERIFY CONVERGENCE AND ERROR MATRIX.
 COVARIANCE MATRIX CALCULATED SUCCESSFULLY
 FCN=1273.14 FROM MIGRAD    STATUS=CONVERGED     260 CALLS         702 TOTAL
                     EDM=2.46167e-05    STRATEGY= 1      ERROR MATRIX ACCURATE 
  EXT PARAMETER                                   STEP         FIRST   
  NO.   NAME      VALUE            ERROR          SIZE      DERIVATIVE 
   1  N0           2.81783e+06     fixed    
   2  tau          6.44050e+01   constant   
   3  A0           3.53621e-01     fixed    
   4  phi          4.11612e+00     fixed    
   5  R           -6.15106e+01   constant   
   6  A_CBO        7.04572e-04   3.03338e-04   5.14850e-06  -3.94488e-01
   7  w_CBO        2.32680e+00   2.43897e-04   1.10951e-06   7.35546e+01
   8  phi_CBO      5.83987e+00   5.78213e-01   7.52302e-03  -1.85263e-04
   9  ANx2         5.52857e-04   constant   
  10  pNx2         5.73177e+00   constant   
  11  ANy1         0.00000e+00   constant   
  12  pNy1         0.00000e+00   constant   
  13  w_y          0.00000e+00   constant   
  14  ANy2         9.05236e-03     fixed    
  15  pNy2         5.72687e+00   constant   
  16  w_vw         1.43172e+01   constant   
  17  LM           3.92941e-07   constant   
  18  wCBO_expCoeff   1.99983e+02   2.09839e-02   9.53594e-05   8.35167e-01
  19  wCBO_expOffset   1.99997e+02   1.63150e-03   9.53661e-05   5.51711e+00
  20  wCBO_expT    3.00021e+01   1.27738e-03   1.43061e-05   4.13344e+00
  21  wCBO_linCoeff   0.00000e+00   constant   
  22  wCBO_const   3.31761e-03   5.83365e-04   4.40665e-06   4.13614e+00
 EXTERNAL ERROR MATRIX.    NDIM=  25    NPAR=  7    ERR DEF=1
  9.201e-08  4.610e-09  1.622e-05  4.133e-07 -1.071e-08 -6.521e-08  1.386e-08 
  4.610e-09  5.949e-08  1.296e-05 -4.088e-06 -5.780e-08 -6.299e-08 -6.250e-09 
  1.622e-05  1.296e-05  3.343e-01  1.093e-03  2.159e-04 -2.817e-04  7.283e-05 
  4.133e-07 -4.088e-06  1.093e-03  4.403e-04 -5.174e-06 -5.375e-06  3.424e-06 
 -1.071e-08 -5.780e-08  2.159e-04 -5.174e-06  2.662e-06 -7.063e-07  2.281e-07 
 -6.521e-08 -6.299e-08 -2.817e-04 -5.375e-06 -7.063e-07  1.632e-06 -5.600e-07 
  1.386e-08 -6.250e-09  7.283e-05  3.424e-06  2.281e-07 -5.600e-07  3.403e-07 
 PARAMETER  CORRELATION COEFFICIENTS  
       NO.  GLOBAL      6      7      8     18     19     20     22
        6  0.22729   1.000  0.062  0.093  0.065 -0.022 -0.168  0.078
        7  0.99512   0.062  1.000  0.092 -0.799 -0.145 -0.202 -0.044
        8  0.66597   0.093  0.092  1.000  0.090  0.229 -0.381  0.216
       18  0.99482   0.065 -0.799  0.090  1.000 -0.151 -0.201  0.280
       19  0.98056  -0.022 -0.145  0.229 -0.151  1.000 -0.339  0.240
       20  0.98934  -0.168 -0.202 -0.381 -0.201 -0.339  1.000 -0.752
       22  0.90118   0.078 -0.044  0.216  0.280  0.240 -0.752  1.000
MINUIT - FIT ONLY 1-CBO
 **********
 **   29 **RES 
 **********
                   PARAMETER   14  ANy2 RESTORED TO VARIABLE.
                   PARAMETER    4  phi RESTORED TO VARIABLE.
                   PARAMETER    3  A0 RESTORED TO VARIABLE.
                   PARAMETER    1  N0 RESTORED TO VARIABLE.
 **********
 **   30 **FIX            0
 **********
 PARAMETER    0  IS UNDEFINED. IGNORED.
 **********
 **   31 **FIX            1
 **********
 **********
 **   32 **FIX            2
 **********
 PARAMETER    2  IS CONSTANT.   IGNORED.
 **********
 **   33 **FIX            3
 **********
 **********
 **   34 **FIX            4
 **********
 **********
 **   35 **FIX            8
 **********
 **********
 **   36 **FIX            9
 **********
 PARAMETER    9  IS CONSTANT.   IGNORED.
 **********
 **   37 **FIX           11
 **********
 PARAMETER   11  IS CONSTANT.   IGNORED.
 **********
 **   38 **FIX           12
 **********
 PARAMETER   12  IS CONSTANT.   IGNORED.
 **********
 **   39 **FIX           13
 **********
 PARAMETER   13  IS CONSTANT.   IGNORED.
 **********
 **   40 **FIX           15
 **********
 PARAMETER   15  IS CONSTANT.   IGNORED.
 **********
 **   41 **FIX           16
 **********
 PARAMETER   16  IS CONSTANT.   IGNORED.
 **********
 **   42 **MIGRAD
 **********
 START MIGRAD MINIMIZATION.  STRATEGY  1.  CONVERGENCE WHEN EDM .LT. 1.00e-04
 FCN=1273.14 FROM MIGRAD    STATUS=INITIATE       16 CALLS         718 TOTAL
                     EDM= unknown      STRATEGY= 1      NO ERROR MATRIX       
  EXT PARAMETER               CURRENT GUESS       STEP         FIRST   
  NO.   NAME      VALUE            ERROR          SIZE      DERIVATIVE 
   1  N0           2.81783e+06     fixed    
   2  tau          6.44050e+01   constant   
   3  A0           3.53621e-01     fixed    
   4  phi          4.11612e+00     fixed    
   5  R           -6.15106e+01   constant   
   6  A_CBO        7.04572e-04   3.03338e-04   5.14850e-06  -3.94486e-01
   7  w_CBO        2.32680e+00   2.43897e-04   1.10951e-06   7.10471e+01
   8  phi_CBO      5.83987e+00     fixed    
   9  ANx2         5.52857e-04   constant   
  10  pNx2         5.73177e+00   constant   
  11  ANy1         0.00000e+00   constant   
  12  pNy1         0.00000e+00   constant   
  13  w_y          0.00000e+00   constant   
  14  ANy2         9.05236e-03   1.00000e-04   1.00000e-04   1.95703e+05
  15  pNy2         5.72687e+00   constant   
  16  w_vw         1.43172e+01   constant   
  17  LM           3.92941e-07   constant   
  18  wCBO_expCoeff   1.99983e+02   2.09839e-02   9.53594e-05   8.06315e-01
  19  wCBO_expOffset   1.99997e+02   1.63150e-03   9.53661e-05  -5.72923e+00
  20  wCBO_expT    3.00021e+01   1.27738e-03   1.43061e-05   4.55039e+00
  21  wCBO_linCoeff   0.00000e+00   constant   
  22  wCBO_const   3.31761e-03   5.83365e-04   4.40665e-06   4.15127e+00
 MIGRAD MINIMIZATION HAS CONVERGED.
 MIGRAD WILL VERIFY CONVERGENCE AND ERROR MATRIX.
 COVARIANCE MATRIX CALCULATED SUCCESSFULLY
 FCN=402.366 FROM MIGRAD    STATUS=CONVERGED     217 CALLS         919 TOTAL
                     EDM=3.65577e-06    STRATEGY= 1      ERROR MATRIX ACCURATE 
  EXT PARAMETER                                   STEP         FIRST   
  NO.   NAME      VALUE            ERROR          SIZE      DERIVATIVE 
   1  N0           2.81783e+06     fixed    
   2  tau          6.44050e+01   constant   
   3  A0           3.53621e-01     fixed    
   4  phi          4.11612e+00     fixed    
   5  R           -6.15106e+01   constant   
   6  A_CBO       -1.20338e-04   2.99114e-04   2.92003e-06  -3.62291e+00
   7  w_CBO        2.32674e+00   3.10791e-04   1.10947e-06   5.85748e+01
   8  phi_CBO      5.83987e+00     fixed    
   9  ANx2         5.52857e-04   constant   
  10  pNx2         5.73177e+00   constant   
  11  ANy1         0.00000e+00   constant   
  12  pNy1         0.00000e+00   constant   
  13  w_y          0.00000e+00   constant   
  14  ANy2         1.59773e-04   3.00903e-04   2.93959e-06  -3.94619e+00
  15  pNy2         5.72687e+00   constant   
  16  w_vw         1.43172e+01   constant   
  17  LM           3.92941e-07   constant   
  18  wCBO_expCoeff   1.99977e+02   2.68242e-02   9.53566e-05   6.69867e-01
  19  wCBO_expOffset   1.99996e+02   1.89346e-03   9.53657e-05   4.43572e+00
  20  wCBO_expT    3.00035e+01   1.49872e-03   1.43068e-05   5.12648e+00
  21  wCBO_linCoeff   0.00000e+00   constant   
  22  wCBO_const   3.19326e-03   6.74480e-04   3.89905e-06   2.36761e+00
 EXTERNAL ERROR MATRIX.    NDIM=  25    NPAR=  7    ERR DEF=1
  8.947e-08 -4.721e-10  5.759e-09 -4.501e-08  2.499e-09  1.360e-08 -1.319e-09 
 -4.721e-10  9.659e-08  8.930e-10 -6.754e-06 -1.176e-07 -9.054e-08 -2.135e-08 
  5.759e-09  8.930e-10  9.054e-08  7.869e-08  7.469e-09 -2.145e-08  1.491e-09 
 -4.501e-08 -6.754e-06  7.869e-08  7.195e-04 -1.070e-05 -8.048e-06  4.729e-06 
  2.499e-09 -1.176e-07  7.469e-09 -1.070e-05  3.585e-06 -3.003e-07  9.790e-08 
  1.360e-08 -9.054e-08 -2.145e-08 -8.048e-06 -3.003e-07  2.246e-06 -5.992e-07 
 -1.319e-09 -2.135e-08  1.491e-09  4.729e-06  9.790e-08 -5.992e-07  4.549e-07 
 PARAMETER  CORRELATION COEFFICIENTS  
       NO.  GLOBAL      6      7     14     18     19     20     22
        6  0.09532   1.000 -0.005  0.064 -0.006  0.004  0.030 -0.007
        7  0.99524  -0.005  1.000  0.010 -0.810 -0.200 -0.194 -0.102
       14  0.08727   0.064  0.010  1.000  0.010  0.013 -0.048  0.007
       18  0.99507  -0.006 -0.810  0.010  1.000 -0.211 -0.200  0.261
       19  0.97746   0.004 -0.200  0.013 -0.211  1.000 -0.106  0.077
       20  0.98211   0.030 -0.194 -0.048 -0.200 -0.106  1.000 -0.593
       22  0.80769  -0.007 -0.102  0.007  0.261  0.077 -0.593  1.000
MINUIT - FIT ONLY 2-CBO
 **********
 **   43 **RES 
 **********
                   PARAMETER    8  phi_CBO RESTORED TO VARIABLE.
                   PARAMETER    4  phi RESTORED TO VARIABLE.
                   PARAMETER    3  A0 RESTORED TO VARIABLE.
                   PARAMETER    1  N0 RESTORED TO VARIABLE.
 **********
 **   44 **FIX            0
 **********
 PARAMETER    0  IS UNDEFINED. IGNORED.
 **********
 **   45 **FIX            1
 **********
 **********
 **   46 **FIX            2
 **********
 PARAMETER    2  IS CONSTANT.   IGNORED.
 **********
 **   47 **FIX            3
 **********
 **********
 **   48 **FIX            4
 **********
 **********
 **   49 **FIX            5
 **********
 PARAMETER    5  IS CONSTANT.   IGNORED.
 **********
 **   50 **FIX            6
 **********
 **********
 **   51 **FIX            7
 **********
 **********
 **   52 **FIX           10
 **********
 PARAMETER   10  IS CONSTANT.   IGNORED.
 **********
 **   53 **FIX           11
 **********
 PARAMETER   11  IS CONSTANT.   IGNORED.
 **********
 **   54 **FIX           12
 **********
 PARAMETER   12  IS CONSTANT.   IGNORED.
 **********
 **   55 **FIX           13
 **********
 PARAMETER   13  IS CONSTANT.   IGNORED.
 **********
 **   56 **FIX           14
 **********
 **********
 **   57 **FIX           15
 **********
 PARAMETER   15  IS CONSTANT.   IGNORED.
 **********
 **   58 **FIX           16
 **********
 PARAMETER   16  IS CONSTANT.   IGNORED.
 **********
 **   59 **MIGRAD
 **********
 START MIGRAD MINIMIZATION.  STRATEGY  1.  CONVERGENCE WHEN EDM .LT. 1.00e-04
 FCN=402.366 FROM MIGRAD    STATUS=INITIATE       12 CALLS         931 TOTAL
                     EDM= unknown      STRATEGY= 1      NO ERROR MATRIX       
  EXT PARAMETER               CURRENT GUESS       STEP         FIRST   
  NO.   NAME      VALUE            ERROR          SIZE      DERIVATIVE 
   1  N0           2.81783e+06     fixed    
   2  tau          6.44050e+01   constant   
   3  A0           3.53621e-01     fixed    
   4  phi          4.11612e+00     fixed    
   5  R           -6.15106e+01   constant   
   6  A_CBO       -1.20338e-04     fixed    
   7  w_CBO        2.32674e+00     fixed    
   8  phi_CBO      5.83987e+00   5.78213e-01   5.78213e-01  -4.10844e-02
   9  ANx2         5.52857e-04   constant   
  10  pNx2         5.73177e+00   constant   
  11  ANy1         0.00000e+00   constant   
  12  pNy1         0.00000e+00   constant   
  13  w_y          0.00000e+00   constant   
  14  ANy2         1.59773e-04     fixed    
  15  pNy2         5.72687e+00   constant   
  16  w_vw         1.43172e+01   constant   
  17  LM           3.92941e-07   constant   
  18  wCBO_expCoeff   1.99977e+02   2.68242e-02   9.53566e-05   6.53048e-01
  19  wCBO_expOffset   1.99996e+02   1.89346e-03   9.53657e-05  -2.08738e+00
  20  wCBO_expT    3.00035e+01   1.49872e-03   1.43068e-05   5.06042e+00
  21  wCBO_linCoeff   0.00000e+00   constant   
  22  wCBO_const   3.19326e-03   6.74480e-04   3.89905e-06   2.37400e+00
 MIGRAD MINIMIZATION HAS CONVERGED.
 MIGRAD WILL VERIFY CONVERGENCE AND ERROR MATRIX.
 COVARIANCE MATRIX CALCULATED SUCCESSFULLY
 FCN=402.364 FROM MIGRAD    STATUS=CONVERGED     107 CALLS        1026 TOTAL
                     EDM=5.57136e-06    STRATEGY= 1      ERROR MATRIX ACCURATE 
  EXT PARAMETER                                   STEP         FIRST   
  NO.   NAME      VALUE            ERROR          SIZE      DERIVATIVE 
   1  N0           2.81783e+06     fixed    
   2  tau          6.44050e+01   constant   
   3  A0           3.53621e-01     fixed    
   4  phi          4.11612e+00     fixed    
   5  R           -6.15106e+01   constant   
   6  A_CBO       -1.20338e-04     fixed    
   7  w_CBO        2.32674e+00     fixed    
   8  phi_CBO      5.98257e+00   2.57442e+00   2.43861e-02   1.24522e-03
   9  ANx2         5.52857e-04   constant   
  10  pNx2         5.73177e+00   constant   
  11  ANy1         0.00000e+00   constant   
  12  pNy1         0.00000e+00   constant   
  13  w_y          0.00000e+00   constant   
  14  ANy2         1.59773e-04     fixed    
  15  pNy2         5.72687e+00   constant   
  16  w_vw         1.43172e+01   constant   
  17  LM           3.92941e-07   constant   
  18  wCBO_expCoeff   1.99977e+02   1.59228e-02   9.53565e-05  -4.09027e-01
  19  wCBO_expOffset   1.99996e+02   1.86593e-03   9.53657e-05  -2.75481e+00
  20  wCBO_expT    3.00036e+01   1.50593e-03   1.43068e-05  -3.72715e+00
  21  wCBO_linCoeff   0.00000e+00   constant   
  22  wCBO_const   3.18983e-03   6.72672e-04   3.89913e-06  -8.61616e-01
 EXTERNAL ERROR MATRIX.    NDIM=  25    NPAR=  5    ERR DEF=1
  6.628e+00 -5.656e-03 -2.237e-04  8.892e-04 -1.148e-04 
 -5.656e-03  2.535e-04 -1.901e-05 -1.509e-05  3.326e-06 
 -2.237e-04 -1.901e-05  3.482e-06 -4.331e-07  7.448e-08 
  8.892e-04 -1.509e-05 -4.331e-07  2.268e-06 -6.326e-07 
 -1.148e-04  3.326e-06  7.448e-08 -6.326e-07  4.525e-07 
 PARAMETER  CORRELATION COEFFICIENTS  
       NO.  GLOBAL      8     18     19     20     22
        8  0.25935   1.000 -0.138 -0.047  0.229 -0.066
       18  0.98599  -0.138  1.000 -0.640 -0.629  0.310
       19  0.97686  -0.047 -0.640  1.000 -0.154  0.059
       20  0.98235   0.229 -0.629 -0.154  1.000 -0.625
       22  0.80653  -0.066  0.310  0.059 -0.625  1.000
MINUIT - FIT ONLY 1-y
 **********
 **   60 **RES 
 **********
                   PARAMETER   14  ANy2 RESTORED TO VARIABLE.
                   PARAMETER    7  w_CBO RESTORED TO VARIABLE.
                   PARAMETER    6  A_CBO RESTORED TO VARIABLE.
                   PARAMETER    4  phi RESTORED TO VARIABLE.
                   PARAMETER    3  A0 RESTORED TO VARIABLE.
                   PARAMETER    1  N0 RESTORED TO VARIABLE.
 **********
 **   61 **FIX            0
 **********
 PARAMETER    0  IS UNDEFINED. IGNORED.
 **********
 **   62 **FIX            1
 **********
 **********
 **   63 **FIX            2
 **********
 PARAMETER    2  IS CONSTANT.   IGNORED.
 **********
 **   64 **FIX            3
 **********
 **********
 **   65 **FIX            4
 **********
 **********
 **   66 **FIX            5
 **********
 PARAMETER    5  IS CONSTANT.   IGNORED.
 **********
 **   67 **FIX            6
 **********
 **********
 **   68 **FIX            7
 **********
 **********
 **   69 **FIX            8
 **********
 **********
 **   70 **FIX            9
 **********
 PARAMETER    9  IS CONSTANT.   IGNORED.
 **********
 **   71 **FIX           13
 **********
 PARAMETER   13  IS CONSTANT.   IGNORED.
 **********
 **   72 **FIX           14
 **********
 **********
 **   73 **FIX           15
 **********
 PARAMETER   15  IS CONSTANT.   IGNORED.
 **********
 **   74 **FIX           16
 **********
 PARAMETER   16  IS CONSTANT.   IGNORED.
 **********
 **   75 **MIGRAD
 **********
 START MIGRAD MINIMIZATION.  STRATEGY  1.  CONVERGENCE WHEN EDM .LT. 1.00e-04
 FCN=402.364 FROM MIGRAD    STATUS=INITIATE        8 CALLS        1034 TOTAL
                     EDM= unknown      STRATEGY= 1      NO ERROR MATRIX       
  EXT PARAMETER               CURRENT GUESS       STEP         FIRST   
  NO.   NAME      VALUE            ERROR          SIZE      DERIVATIVE 
   1  N0           2.81783e+06     fixed    
   2  tau          6.44050e+01   constant   
   3  A0           3.53621e-01     fixed    
   4  phi          4.11612e+00     fixed    
   5  R           -6.15106e+01   constant   
   6  A_CBO       -1.20338e-04     fixed    
   7  w_CBO        2.32674e+00     fixed    
   8  phi_CBO      5.98257e+00     fixed    
   9  ANx2         5.52857e-04   constant   
  10  pNx2         5.73177e+00   constant   
  11  ANy1         0.00000e+00   constant   
  12  pNy1         0.00000e+00   constant   
  13  w_y          0.00000e+00   constant   
  14  ANy2         1.59773e-04     fixed    
  15  pNy2         5.72687e+00   constant   
  16  w_vw         1.43172e+01   constant   
  17  LM           3.92941e-07   constant   
  18  wCBO_expCoeff   1.99977e+02   1.59228e-02   9.53565e-05  -4.25597e-01
  19  wCBO_expOffset   1.99996e+02   1.86593e-03   9.53657e-05  -9.18032e+00
  20  wCBO_expT    3.00036e+01   1.50593e-03   1.43068e-05  -3.79823e+00
  21  wCBO_linCoeff   0.00000e+00   constant   
  22  wCBO_const   3.18983e-03   6.72672e-04   3.89913e-06  -8.55411e-01
 MIGRAD MINIMIZATION HAS CONVERGED.
 MIGRAD WILL VERIFY CONVERGENCE AND ERROR MATRIX.
 COVARIANCE MATRIX CALCULATED SUCCESSFULLY
 FCN=402.364 FROM MIGRAD    STATUS=CONVERGED      48 CALLS        1074 TOTAL
                     EDM=4.76618e-06    STRATEGY= 1      ERROR MATRIX ACCURATE 
  EXT PARAMETER                                   STEP         FIRST   
  NO.   NAME      VALUE            ERROR          SIZE      DERIVATIVE 
   1  N0           2.81783e+06     fixed    
   2  tau          6.44050e+01   constant   
   3  A0           3.53621e-01     fixed    
   4  phi          4.11612e+00     fixed    
   5  R           -6.15106e+01   constant   
   6  A_CBO       -1.20338e-04     fixed    
   7  w_CBO        2.32674e+00     fixed    
   8  phi_CBO      5.98257e+00     fixed    
   9  ANx2         5.52857e-04   constant   
  10  pNx2         5.73177e+00   constant   
  11  ANy1         0.00000e+00   constant   
  12  pNy1         0.00000e+00   constant   
  13  w_y          0.00000e+00   constant   
  14  ANy2         1.59773e-04     fixed    
  15  pNy2         5.72687e+00   constant   
  16  w_vw         1.43172e+01   constant   
  17  LM           3.92941e-07   constant   
  18  wCBO_expCoeff   1.99977e+02   1.57615e-02   9.53565e-05  -9.89652e-03
  19  wCBO_expOffset   1.99996e+02   1.86248e-03   9.53657e-05  -1.70020e+00
  20  wCBO_expT    3.00036e+01   1.46538e-03   1.43068e-05  -3.29090e-02
  21  wCBO_linCoeff   0.00000e+00   constant   
  22  wCBO_const   3.18985e-03   6.71127e-04   3.89984e-06   9.85062e-01
 EXTERNAL ERROR MATRIX.    NDIM=  25    NPAR=  4    ERR DEF=1
  2.484e-04 -1.917e-05 -1.432e-05  3.225e-06 
 -1.917e-05  3.469e-06 -4.029e-07  7.055e-08 
 -1.432e-05 -4.029e-07  2.147e-06 -6.169e-07 
  3.225e-06  7.055e-08 -6.169e-07  4.504e-07 
 PARAMETER  CORRELATION COEFFICIENTS  
       NO.  GLOBAL     18     19     20     22
       18  0.98569   1.000 -0.653 -0.620  0.305
       19  0.97677  -0.653  1.000 -0.148  0.056
       20  0.98135  -0.620 -0.148  1.000 -0.627
       22  0.80553   0.305  0.056 -0.627  1.000
MINUIT - FIT ONLY 2-y
 **********
 **   76 **RES 
 **********
                   PARAMETER   14  ANy2 RESTORED TO VARIABLE.
                   PARAMETER    8  phi_CBO RESTORED TO VARIABLE.
                   PARAMETER    7  w_CBO RESTORED TO VARIABLE.
                   PARAMETER    6  A_CBO RESTORED TO VARIABLE.
                   PARAMETER    4  phi RESTORED TO VARIABLE.
                   PARAMETER    3  A0 RESTORED TO VARIABLE.
                   PARAMETER    1  N0 RESTORED TO VARIABLE.
 **********
 **   77 **FIX            0
 **********
 PARAMETER    0  IS UNDEFINED. IGNORED.
 **********
 **   78 **FIX            1
 **********
 **********
 **   79 **FIX            2
 **********
 PARAMETER    2  IS CONSTANT.   IGNORED.
 **********
 **   80 **FIX            3
 **********
 **********
 **   81 **FIX            4
 **********
 **********
 **   82 **FIX            5
 **********
 PARAMETER    5  IS CONSTANT.   IGNORED.
 **********
 **   83 **FIX            6
 **********
 **********
 **   84 **FIX            7
 **********
 **********
 **   85 **FIX            8
 **********
 **********
 **   86 **FIX            9
 **********
 PARAMETER    9  IS CONSTANT.   IGNORED.
 **********
 **   87 **FIX           10
 **********
 PARAMETER   10  IS CONSTANT.   IGNORED.
 **********
 **   88 **FIX           11
 **********
 PARAMETER   11  IS CONSTANT.   IGNORED.
 **********
 **   89 **FIX           12
 **********
 PARAMETER   12  IS CONSTANT.   IGNORED.
 **********
 **   90 **FIX           16
 **********
 PARAMETER   16  IS CONSTANT.   IGNORED.
 **********
 **   91 **MIGRAD
 **********
 START MIGRAD MINIMIZATION.  STRATEGY  1.  CONVERGENCE WHEN EDM .LT. 1.00e-04
 FCN=402.364 FROM MIGRAD    STATUS=INITIATE       10 CALLS        1084 TOTAL
                     EDM= unknown      STRATEGY= 1      NO ERROR MATRIX       
  EXT PARAMETER               CURRENT GUESS       STEP         FIRST   
  NO.   NAME      VALUE            ERROR          SIZE      DERIVATIVE 
   1  N0           2.81783e+06     fixed    
   2  tau          6.44050e+01   constant   
   3  A0           3.53621e-01     fixed    
   4  phi          4.11612e+00     fixed    
   5  R           -6.15106e+01   constant   
   6  A_CBO       -1.20338e-04     fixed    
   7  w_CBO        2.32674e+00     fixed    
   8  phi_CBO      5.98257e+00     fixed    
   9  ANx2         5.52857e-04   constant   
  10  pNx2         5.73177e+00   constant   
  11  ANy1         0.00000e+00   constant   
  12  pNy1         0.00000e+00   constant   
  13  w_y          0.00000e+00   constant   
  14  ANy2         1.59773e-04   3.00903e-04   3.00903e-04  -8.96258e+00
  15  pNy2         5.72687e+00   constant   
  16  w_vw         1.43172e+01   constant   
  17  LM           3.92941e-07   constant   
  18  wCBO_expCoeff   1.99977e+02   1.57615e-02   9.53565e-05  -3.18141e-02
  19  wCBO_expOffset   1.99996e+02   1.86248e-03   9.53657e-05  -6.56903e+00
  20  wCBO_expT    3.00036e+01   1.46538e-03   1.43068e-05  -1.27507e-01
  21  wCBO_linCoeff   0.00000e+00   constant   
  22  wCBO_const   3.18985e-03   6.71127e-04   3.89984e-06   9.91252e-01
 MIGRAD MINIMIZATION HAS CONVERGED.
 MIGRAD WILL VERIFY CONVERGENCE AND ERROR MATRIX.
 COVARIANCE MATRIX CALCULATED SUCCESSFULLY
 FCN=402.364 FROM MIGRAD    STATUS=CONVERGED      55 CALLS        1129 TOTAL
                     EDM=1.72255e-06    STRATEGY= 1      ERROR MATRIX ACCURATE 
  EXT PARAMETER                                   STEP         FIRST   
  NO.   NAME      VALUE            ERROR          SIZE      DERIVATIVE 
   1  N0           2.81783e+06     fixed    
   2  tau          6.44050e+01   constant   
   3  A0           3.53621e-01     fixed    
   4  phi          4.11612e+00     fixed    
   5  R           -6.15106e+01   constant   
   6  A_CBO       -1.20338e-04     fixed    
   7  w_CBO        2.32674e+00     fixed    
   8  phi_CBO      5.98257e+00     fixed    
   9  ANx2         5.52857e-04   constant   
  10  pNx2         5.73177e+00   constant   
  11  ANy1         0.00000e+00   constant   
  12  pNy1         0.00000e+00   constant   
  13  w_y          0.00000e+00   constant   
  14  ANy2         1.59987e-04   3.00305e-04   2.93958e-06  -4.28819e+00
  15  pNy2         5.72687e+00   constant   
  16  w_vw         1.43172e+01   constant   
  17  LM           3.92941e-07   constant   
  18  wCBO_expCoeff   1.99977e+02   1.57586e-02   9.53565e-05   4.73744e-01
  19  wCBO_expOffset   1.99996e+02   1.86094e-03   9.53657e-05   3.12883e+00
  20  wCBO_expT    3.00036e+01   1.46675e-03   1.43068e-05   4.41507e+00
  21  wCBO_linCoeff   0.00000e+00   constant   
  22  wCBO_const   3.18980e-03   6.71085e-04   3.89984e-06   2.88388e+00
 EXTERNAL ERROR MATRIX.    NDIM=  25    NPAR=  5    ERR DEF=1
  9.018e-08  1.525e-07  8.450e-09 -2.231e-08  1.844e-09 
  1.525e-07  2.483e-04 -1.911e-05 -1.435e-05  3.226e-06 
  8.450e-09 -1.911e-05  3.463e-06 -4.047e-07  7.067e-08 
 -2.231e-08 -1.435e-05 -4.047e-07  2.151e-06 -6.170e-07 
  1.844e-09  3.226e-06  7.067e-08 -6.170e-07  4.504e-07 
 PARAMETER  CORRELATION COEFFICIENTS  
       NO.  GLOBAL     14     18     19     20     22
       14  0.06048   1.000  0.032  0.015 -0.051  0.009
       18  0.98569   0.032  1.000 -0.652 -0.621  0.305
       19  0.97673   0.015 -0.652  1.000 -0.148  0.057
       20  0.98138  -0.051 -0.621 -0.148  1.000 -0.627
       22  0.80551   0.009  0.305  0.057 -0.627  1.000
MINUIT - FIT ALTOGETHER
 **********
 **   92 **RES 
 **********
                   PARAMETER    8  phi_CBO RESTORED TO VARIABLE.
                   PARAMETER    7  w_CBO RESTORED TO VARIABLE.
                   PARAMETER    6  A_CBO RESTORED TO VARIABLE.
                   PARAMETER    4  phi RESTORED TO VARIABLE.
                   PARAMETER    3  A0 RESTORED TO VARIABLE.
                   PARAMETER    1  N0 RESTORED TO VARIABLE.
 **********
 **   93 **MIGRAD
 **********
 START MIGRAD MINIMIZATION.  STRATEGY  1.  CONVERGENCE WHEN EDM .LT. 1.00e-04
 FCN=402.364 FROM MIGRAD    STATUS=INITIATE       22 CALLS        1151 TOTAL
                     EDM= unknown      STRATEGY= 1      NO ERROR MATRIX       
  EXT PARAMETER               CURRENT GUESS       STEP         FIRST   
  NO.   NAME      VALUE            ERROR          SIZE      DERIVATIVE 
   1  N0           2.81783e+06   5.88909e+02   5.88909e+02   5.85474e-05
   2  tau          6.44050e+01   constant   
   3  A0           3.53621e-01   2.81007e-04   2.81007e-04  -6.34480e+02
