 + ++++++++++++++++++++++++++++++++++++++++++++++++++++++++++++++++++++ +
 +                                                                      +
 +           You have chose to blind your fitting according to          +
 +                omega_ref * (1 + (R +/- deltaR) *10^{-6})             +
 +                                                                      +
 + ++++++++++++++++++++++++++++++++++++++++++++++++++++++++++++++++++++ +
In main()...
reading format from /gm2data/zkhechad/run45/envelope/formats/formatB_sBin_constraintOn.txt
pBinTau 	= 0  
pBinPhi 	= 0  
constraintau 	= 1 
includeMopTerm 	= 0    
constrainMop    = 0   
Parameters after format file: pBinTau 0 pBinPhi 0 constraintau 1 includeMopTerm 0 constrainMop 0 c_e_scale 0.000000 
reading cbo reference file (full fit) from /gm2data/zkhechad/cboTemplates/Run4CBOTemplates/fullFits/run4/sBin_constraintOn_cE0.0_seed0_run4_calo16.root
A_CBO 0.009336 w_CBO 2.326091 phi_CBO 1.561564 N0 3000865.229519 R -62.230085 tau 64.400102 
Reading cboRef file /gm2data/zkhechad/cboTemplates/Run4CBOTemplates//cboIsolate/run4_calo16.root
deltaT 164.120000
windowBins = 1100
fitting sliding window 1680 from bin 1883 at 280.943600 to bin 2983 at 445.063600 (1100 bins)

Reading data from /gm2data/cornell/histograms/aMethod/histogram_a_run4.root
fitting cbo isolate
 **********
 **    1 **SET PRINTOUT            1
 **********
 **********
 **    2 **SET NOWARNINGS 
 **********
 PARAMETER DEFINITIONS:
    NO.   NAME         VALUE      STEP SIZE      LIMITS
     1 A_CBO        9.33615e-03  1.00000e-05     no limits
     2 w_CBO        2.32609e+00  1.00000e-02    2.00000e+00  3.00000e+00
     3 phi_CBO      1.56156e+00  1.00000e-02    0.00000e+00  6.28319e+00
 **********
 **    3 **MIGRAD
 **********
 FIRST CALL TO USER FUNCTION AT NEW START POINT, WITH IFLAG=4.
 START MIGRAD MINIMIZATION.  STRATEGY  1.  CONVERGENCE WHEN EDM .LT. 1.00e-04
 FCN=0.080282 FROM MIGRAD    STATUS=INITIATE       12 CALLS          13 TOTAL
                     EDM= unknown      STRATEGY= 1      NO ERROR MATRIX       
  EXT PARAMETER               CURRENT GUESS       STEP         FIRST   
  NO.   NAME      VALUE            ERROR          SIZE      DERIVATIVE 
   1  A_CBO        9.33615e-03   1.00000e-05   1.00000e-05   7.66221e+00
   2  w_CBO        2.32609e+00   1.00000e-02   2.13342e-02  -6.33015e-01
   3  phi_CBO      1.56156e+00   1.00000e-02   3.68279e-03   9.25199e-03
 MIGRAD MINIMIZATION HAS CONVERGED.
 MIGRAD WILL VERIFY CONVERGENCE AND ERROR MATRIX.
 COVARIANCE MATRIX CALCULATED SUCCESSFULLY
 FCN=0.0534786 FROM MIGRAD    STATUS=CONVERGED      49 CALLS          50 TOTAL
                     EDM=8.81888e-05    STRATEGY= 1      ERROR MATRIX ACCURATE 
  EXT PARAMETER                                   STEP         FIRST   
  NO.   NAME      VALUE            ERROR          SIZE      DERIVATIVE 
   1  A_CBO        2.35731e-03   4.26921e-02   2.13716e-05  -3.24305e-02
   2  w_CBO        2.32633e+00   3.70308e-01   5.34282e-05  -8.78463e-03
   3  phi_CBO      1.49613e+00   3.88952e+00   3.49855e-03  -8.99518e-05
 EXTERNAL ERROR MATRIX.    NDIM=  25    NPAR=  3    ERR DEF=1
  1.823e-03  7.187e-04  2.601e-01 
  7.187e-04  1.822e-01  6.530e+01 
  2.601e-01  6.530e+01  2.372e+04 
 PARAMETER  CORRELATION COEFFICIENTS  
       NO.  GLOBAL      1      2      3
        1  0.03958   1.000  0.039  0.040
        2  0.99316   0.039  1.000  0.993
        3  0.99316   0.040  0.993  1.000
setting A_CBO=0.002357 w_CBO=2.326333, phi_CBO=1.496130
done fitting cbo isolate
 **********
 **    1 **SET PRINTOUT            1
 **********
 **********
 **    2 **SET NOWARNINGS 
 **********
 PARAMETER DEFINITIONS:
    NO.   NAME         VALUE      STEP SIZE      LIMITS
     1 N0           3.00087e+06  1.00000e+02     no limits
     2 tau          6.44001e+01  constant
     3 A0           3.49583e-01  1.00000e-04     no limits
     4 phi          4.11719e+00  1.00000e-02     no limits
     5 R           -6.22301e+01  constant
     6 A_CBO        2.35731e-03  1.00000e-05     no limits
     7 w_CBO        2.32633e+00  1.00000e-03     no limits
     8 phi_CBO      1.49613e+00  1.00000e-04     no limits
     9 ANx2         8.68669e-04  constant
    10 pNx2         4.82289e+00  constant
    11 ANy1         0.00000e+00  constant
    12 pNy1         0.00000e+00  constant
    13 w_y          0.00000e+00  constant
    14 ANy2         6.17882e-03  1.00000e-04     no limits
    15 pNy2         1.49923e+00  constant
    16 w_vw         1.43037e+01  constant
    17 LM          -2.26665e-04  constant
    18 wCBO_expCoeff   2.00000e+02  1.00000e+00     no limits
    19 wCBO_expOffset   2.00000e+02  1.00000e+00     no limits
    20 wCBO_expT    3.00000e+01  1.00000e+00     no limits
    21 wCBO_linCoeff   0.00000e+00  constant
    22 wCBO_const   0.00000e+00  1.00000e-02     no limits
MINUIT - FIT ONLY WIGGLE
 **********
 **    3 **FIX            5
 **********
 PARAMETER    5  IS CONSTANT.   IGNORED.
 **********
 **    4 **FIX            6
 **********
 **********
 **    5 **FIX            7
 **********
 **********
 **    6 **FIX            8
 **********
 **********
 **    7 **FIX            9
 **********
 PARAMETER    9  IS CONSTANT.   IGNORED.
 **********
 **    8 **FIX           10
 **********
 PARAMETER   10  IS CONSTANT.   IGNORED.
 **********
 **    9 **FIX           11
 **********
 PARAMETER   11  IS CONSTANT.   IGNORED.
 **********
 **   10 **FIX           12
 **********
 PARAMETER   12  IS CONSTANT.   IGNORED.
 **********
 **   11 **FIX           13
 **********
 PARAMETER   13  IS CONSTANT.   IGNORED.
 **********
 **   12 **FIX           14
 **********
 **********
 **   13 **FIX           15
 **********
 PARAMETER   15  IS CONSTANT.   IGNORED.
 **********
 **   14 **FIX           16
 **********
 PARAMETER   16  IS CONSTANT.   IGNORED.
 **********
 **   15 **MIGRAD
 **********
 FIRST CALL TO USER FUNCTION AT NEW START POINT, WITH IFLAG=4.
 START MIGRAD MINIMIZATION.  STRATEGY  1.  CONVERGENCE WHEN EDM .LT. 1.00e-04
 FCN=579.717 FROM MIGRAD    STATUS=INITIATE       34 CALLS          35 TOTAL
                     EDM= unknown      STRATEGY= 1      NO ERROR MATRIX       
  EXT PARAMETER               CURRENT GUESS       STEP         FIRST   
  NO.   NAME      VALUE            ERROR          SIZE      DERIVATIVE 
   1  N0           3.00087e+06   1.00000e+02   1.00000e+02   8.23281e-04
   2  tau          6.44001e+01   constant   
   3  A0           3.49583e-01   1.00000e-04   1.00000e-04  -7.54049e+02
   4  phi          4.11719e+00   1.00000e-02   1.00000e-02   6.25932e+02
   5  R           -6.22301e+01   constant   
   6  A_CBO        2.35731e-03     fixed    
   7  w_CBO        2.32633e+00     fixed    
   8  phi_CBO      1.49613e+00     fixed    
   9  ANx2         8.68669e-04   constant   
  10  pNx2         4.82289e+00   constant   
  11  ANy1         0.00000e+00   constant   
  12  pNy1         0.00000e+00   constant   
  13  w_y          0.00000e+00   constant   
  14  ANy2         6.17882e-03     fixed    
  15  pNy2         1.49923e+00   constant   
  16  w_vw         1.43037e+01   constant   
  17  LM          -2.26665e-04   constant   
  18  wCBO_expCoeff   2.00000e+02   1.00000e+00   1.00000e+00   1.82455e+02
  19  wCBO_expOffset   2.00000e+02   1.00000e+00   1.00000e+00   1.21664e+03
  20  wCBO_expT    3.00000e+01   1.00000e+00   1.00000e+00   4.86170e+03
  21  wCBO_linCoeff   0.00000e+00   constant   
  22  wCBO_const   0.00000e+00   1.00000e-02   1.00000e-02   8.32956e+02
 MIGRAD MINIMIZATION HAS CONVERGED.
 FCN=562.135 FROM MIGRAD    STATUS=CONVERGED     261 CALLS         262 TOTAL
                     EDM=1.76891e-06    STRATEGY= 1  ERROR MATRIX UNCERTAINTY   0.4 per cent
  EXT PARAMETER                                   STEP         FIRST   
  NO.   NAME      VALUE            ERROR          SIZE      DERIVATIVE 
   1  N0           3.00029e+06   9.20075e+02   2.63896e+00  -1.72372e-06
   2  tau          6.44001e+01   constant   
   3  A0           3.49673e-01   4.08131e-04   3.14720e-06  -4.84477e-01
   4  phi          4.11673e+00   1.19160e-03   4.17984e-06  -3.19647e-01
   5  R           -6.22301e+01   constant   
   6  A_CBO        2.35731e-03     fixed    
   7  w_CBO        2.32633e+00     fixed    
   8  phi_CBO      1.49613e+00     fixed    
   9  ANx2         8.68669e-04   constant   
  10  pNx2         4.82289e+00   constant   
  11  ANy1         0.00000e+00   constant   
  12  pNy1         0.00000e+00   constant   
  13  w_y          0.00000e+00   constant   
  14  ANy2         6.17882e-03     fixed    
  15  pNy2         1.49923e+00   constant   
  16  w_vw         1.43037e+01   constant   
  17  LM          -2.26665e-04   constant   
  18  wCBO_expCoeff   2.00156e+02   4.90554e-02   2.47359e-04   1.70054e-01
  19  wCBO_expOffset   2.00024e+02   7.38251e-03   3.68839e-05   1.39877e+00
  20  wCBO_expT    2.99810e+01   5.38438e-03  -1.68363e-05   3.53666e+00
  21  wCBO_linCoeff   0.00000e+00   constant   
  22  wCBO_const   2.51222e-03   6.16251e-04  -4.40518e-06   3.29103e+00
 EXTERNAL ERROR MATRIX.    NDIM=  25    NPAR=  7    ERR DEF=1
  8.465e+05  8.972e-04  1.543e-02 -5.842e-01 -9.447e-02  1.399e-01 -1.705e-02 
  8.972e-04  1.666e-07  3.443e-09 -3.494e-08 -9.870e-09  4.835e-09  2.779e-09 
  1.543e-02  3.443e-09  1.420e-06 -2.870e-06 -4.395e-07  3.180e-07 -3.479e-09 
 -5.842e-01 -3.494e-08 -2.870e-06  2.406e-03  3.364e-04 -2.565e-04  1.857e-05 
 -9.447e-02 -9.870e-09 -4.395e-07  3.364e-04  5.450e-05 -3.862e-05  2.802e-06 
  1.399e-01  4.835e-09  3.180e-07 -2.565e-04 -3.862e-05  2.899e-05 -2.337e-06 
 -1.705e-02  2.779e-09 -3.479e-09  1.857e-05  2.802e-06 -2.337e-06  3.798e-07 
 PARAMETER  CORRELATION COEFFICIENTS  
       NO.  GLOBAL      1      3      4     18     19     20     22
        1  0.12139   1.000  0.002  0.014 -0.013 -0.014  0.028 -0.030
        3  0.02298   0.002  1.000  0.007 -0.002 -0.003  0.002  0.011
        4  0.07111   0.014  0.007  1.000 -0.049 -0.050  0.050 -0.005
       18  0.98237  -0.013 -0.002 -0.049  1.000  0.929 -0.971  0.614
       19  0.98259  -0.014 -0.003 -0.050  0.929  1.000 -0.972  0.616
       20  0.99505   0.028  0.002  0.050 -0.971 -0.972  1.000 -0.704
       22  0.85052  -0.030  0.011 -0.005  0.614  0.616 -0.704  1.000
MINUIT - FIT ONLY 1-CBO + other amplitudes 
 **********
 **   16 **RES 
 **********
                   PARAMETER   14  ANy2 RESTORED TO VARIABLE.
                   PARAMETER    8  phi_CBO RESTORED TO VARIABLE.
                   PARAMETER    7  w_CBO RESTORED TO VARIABLE.
                   PARAMETER    6  A_CBO RESTORED TO VARIABLE.
 **********
 **   17 **FIX            0
 **********
 PARAMETER    0  IS UNDEFINED. IGNORED.
 **********
 **   18 **FIX            1
 **********
 **********
 **   19 **FIX            2
 **********
 PARAMETER    2  IS CONSTANT.   IGNORED.
 **********
 **   20 **FIX            3
 **********
 **********
 **   21 **FIX            4
 **********
 **********
 **   22 **FIX            9
 **********
 PARAMETER    9  IS CONSTANT.   IGNORED.
 **********
 **   23 **FIX           11
 **********
 PARAMETER   11  IS CONSTANT.   IGNORED.
 **********
 **   24 **FIX           12
 **********
 PARAMETER   12  IS CONSTANT.   IGNORED.
 **********
 **   25 **FIX           14
 **********
 **********
 **   26 **FIX           15
 **********
 PARAMETER   15  IS CONSTANT.   IGNORED.
 **********
 **   27 **FIX           16
 **********
 PARAMETER   16  IS CONSTANT.   IGNORED.
 **********
 **   28 **MIGRAD
 **********
 START MIGRAD MINIMIZATION.  STRATEGY  1.  CONVERGENCE WHEN EDM .LT. 1.00e-04
 FCN=562.135 FROM MIGRAD    STATUS=INITIATE       20 CALLS         282 TOTAL
                     EDM= unknown      STRATEGY= 1      NO ERROR MATRIX       
  EXT PARAMETER               CURRENT GUESS       STEP         FIRST   
  NO.   NAME      VALUE            ERROR          SIZE      DERIVATIVE 
   1  N0           3.00029e+06     fixed    
   2  tau          6.44001e+01   constant   
   3  A0           3.49673e-01     fixed    
   4  phi          4.11673e+00     fixed    
   5  R           -6.22301e+01   constant   
   6  A_CBO        2.35731e-03   1.00000e-05   1.00000e-05   2.16349e+04
   7  w_CBO        2.32633e+00   1.00000e-03   1.00000e-03   1.60501e+01
   8  phi_CBO      1.49613e+00   1.00000e-04   1.00000e-04  -9.27516e+00
   9  ANx2         8.68669e-04   constant   
  10  pNx2         4.82289e+00   constant   
  11  ANy1         0.00000e+00   constant   
  12  pNy1         0.00000e+00   constant   
  13  w_y          0.00000e+00   constant   
  14  ANy2         6.17882e-03     fixed    
  15  pNy2         1.49923e+00   constant   
  16  w_vw         1.43037e+01   constant   
  17  LM          -2.26665e-04   constant   
  18  wCBO_expCoeff   2.00156e+02   4.90554e-02   2.47359e-04   1.70052e-01
  19  wCBO_expOffset   2.00024e+02   7.38251e-03   3.68839e-05   1.39877e+00
  20  wCBO_expT    2.99810e+01   5.38438e-03  -1.68363e-05   3.53666e+00
  21  wCBO_linCoeff   0.00000e+00   constant   
  22  wCBO_const   2.51222e-03   6.16251e-04  -4.40518e-06   3.29106e+00
 MIGRAD MINIMIZATION HAS CONVERGED.
 FCN=538.078 FROM MIGRAD    STATUS=CONVERGED     185 CALLS         447 TOTAL
                     EDM=1.55762e-07    STRATEGY= 1  ERROR MATRIX UNCERTAINTY   3.0 per cent
  EXT PARAMETER                                   STEP         FIRST   
  NO.   NAME      VALUE            ERROR          SIZE      DERIVATIVE 
   1  N0           3.00029e+06     fixed    
   2  tau          6.44001e+01   constant   
   3  A0           3.49673e-01     fixed    
   4  phi          4.11673e+00     fixed    
   5  R           -6.22301e+01   constant   
   6  A_CBO        6.09352e-04   4.35982e-04  -2.05088e-06  -3.55040e-01
   7  w_CBO        2.32645e+00   3.47704e-04  -1.84266e-07  -5.97967e-01
   8  phi_CBO      2.72564e+00   7.90065e-01  -2.87369e-03  -5.39452e-05
   9  ANx2         8.68669e-04   constant   
  10  pNx2         4.82289e+00   constant   
  11  ANy1         0.00000e+00   constant   
  12  pNy1         0.00000e+00   constant   
  13  w_y          0.00000e+00   constant   
  14  ANy2         6.17882e-03     fixed    
  15  pNy2         1.49923e+00   constant   
  16  w_vw         1.43037e+01   constant   
  17  LM          -2.26665e-04   constant   
  18  wCBO_expCoeff   2.00167e+02   3.48012e-02  -9.61569e-06  -8.87976e-03
  19  wCBO_expOffset   2.00025e+02   5.25853e-03  -1.34335e-06  -1.80396e-01
  20  wCBO_expT    2.99797e+01   5.32843e-03   4.99883e-06  -1.33116e-01
  21  wCBO_linCoeff   0.00000e+00   constant   
  22  wCBO_const   2.91303e-03   6.35268e-04  -1.95933e-06   3.68650e-01
 EXTERNAL ERROR MATRIX.    NDIM=  25    NPAR=  7    ERR DEF=1
  1.901e-07  3.577e-08  2.596e-05  3.680e-06  5.509e-07 -5.223e-07  2.639e-08 
  3.577e-08  1.209e-07  6.094e-05  1.094e-05  1.655e-06 -1.771e-06  1.335e-07 
  2.596e-05  6.094e-05  6.242e-01  6.099e-03  9.147e-04 -7.942e-04  7.821e-05 
  3.680e-06  1.094e-05  6.099e-03  1.211e-03  1.666e-04 -1.767e-04  1.271e-05 
  5.509e-07  1.655e-06  9.147e-04  1.666e-04  2.765e-05 -2.672e-05  1.922e-06 
 -5.223e-07 -1.771e-06 -7.942e-04 -1.767e-04 -2.672e-05  2.839e-05 -2.367e-06 
  2.639e-08  1.335e-07  7.821e-05  1.271e-05  1.922e-06 -2.367e-06  4.036e-07 
 PARAMETER  CORRELATION COEFFICIENTS  
       NO.  GLOBAL      6      7      8     18     19     20     22
        6  0.27304   1.000  0.236  0.075  0.243  0.240 -0.225  0.095
        7  0.96868   0.236  1.000  0.222  0.904  0.905 -0.956  0.604
        8  0.42540   0.075  0.222  1.000  0.222  0.220 -0.189  0.156
       18  0.96954   0.243  0.904  0.222  1.000  0.911 -0.953  0.575
       19  0.96983   0.240  0.905  0.220  0.911  1.000 -0.954  0.575
       20  0.99478  -0.225 -0.956 -0.189 -0.953 -0.954  1.000 -0.699
       22  0.87265   0.095  0.604  0.156  0.575  0.575 -0.699  1.000
MINUIT - FIT ONLY 1-CBO
 **********
 **   29 **RES 
 **********
                   PARAMETER   14  ANy2 RESTORED TO VARIABLE.
                   PARAMETER    4  phi RESTORED TO VARIABLE.
                   PARAMETER    3  A0 RESTORED TO VARIABLE.
                   PARAMETER    1  N0 RESTORED TO VARIABLE.
 **********
 **   30 **FIX            0
 **********
 PARAMETER    0  IS UNDEFINED. IGNORED.
 **********
 **   31 **FIX            1
 **********
 **********
 **   32 **FIX            2
 **********
 PARAMETER    2  IS CONSTANT.   IGNORED.
 **********
 **   33 **FIX            3
 **********
 **********
 **   34 **FIX            4
 **********
 **********
 **   35 **FIX            8
 **********
 **********
 **   36 **FIX            9
 **********
 PARAMETER    9  IS CONSTANT.   IGNORED.
 **********
 **   37 **FIX           11
 **********
 PARAMETER   11  IS CONSTANT.   IGNORED.
 **********
 **   38 **FIX           12
 **********
 PARAMETER   12  IS CONSTANT.   IGNORED.
 **********
 **   39 **FIX           13
 **********
 PARAMETER   13  IS CONSTANT.   IGNORED.
 **********
 **   40 **FIX           15
 **********
 PARAMETER   15  IS CONSTANT.   IGNORED.
 **********
 **   41 **FIX           16
 **********
 PARAMETER   16  IS CONSTANT.   IGNORED.
 **********
 **   42 **MIGRAD
 **********
 START MIGRAD MINIMIZATION.  STRATEGY  1.  CONVERGENCE WHEN EDM .LT. 1.00e-04
 FCN=538.078 FROM MIGRAD    STATUS=INITIATE       16 CALLS         463 TOTAL
                     EDM= unknown      STRATEGY= 1      NO ERROR MATRIX       
  EXT PARAMETER               CURRENT GUESS       STEP         FIRST   
  NO.   NAME      VALUE            ERROR          SIZE      DERIVATIVE 
   1  N0           3.00029e+06     fixed    
   2  tau          6.44001e+01   constant   
   3  A0           3.49673e-01     fixed    
   4  phi          4.11673e+00     fixed    
   5  R           -6.22301e+01   constant   
   6  A_CBO        6.09352e-04   4.35982e-04  -2.05088e-06  -3.55040e-01
   7  w_CBO        2.32645e+00   3.47704e-04  -1.84266e-07  -5.98004e-01
   8  phi_CBO      2.72564e+00     fixed    
   9  ANx2         8.68669e-04   constant   
  10  pNx2         4.82289e+00   constant   
  11  ANy1         0.00000e+00   constant   
  12  pNy1         0.00000e+00   constant   
  13  w_y          0.00000e+00   constant   
  14  ANy2         6.17882e-03   1.00000e-04   1.00000e-04   6.72769e+04
  15  pNy2         1.49923e+00   constant   
  16  w_vw         1.43037e+01   constant   
  17  LM          -2.26665e-04   constant   
  18  wCBO_expCoeff   2.00167e+02   3.48012e-02  -9.61569e-06  -8.88028e-03
  19  wCBO_expOffset   2.00025e+02   5.25853e-03  -1.34335e-06  -1.80396e-01
  20  wCBO_expT    2.99797e+01   5.32843e-03   4.99883e-06  -1.33116e-01
  21  wCBO_linCoeff   0.00000e+00   constant   
  22  wCBO_const   2.91303e-03   6.35268e-04  -1.95933e-06   3.68649e-01
 MIGRAD MINIMIZATION HAS CONVERGED.
 MIGRAD WILL VERIFY CONVERGENCE AND ERROR MATRIX.
 COVARIANCE MATRIX CALCULATED SUCCESSFULLY
 FCN=334.426 FROM MIGRAD    STATUS=CONVERGED     213 CALLS         660 TOTAL
                     EDM=2.91537e-06    STRATEGY= 1      ERROR MATRIX ACCURATE 
  EXT PARAMETER                                   STEP         FIRST   
  NO.   NAME      VALUE            ERROR          SIZE      DERIVATIVE 
   1  N0           3.00029e+06     fixed    
   2  tau          6.44001e+01   constant   
   3  A0           3.49673e-01     fixed    
   4  phi          4.11673e+00     fixed    
   5  R           -6.22301e+01   constant   
   6  A_CBO        5.62951e-04   4.30243e-04   3.75301e-06   4.80503e+00
   7  w_CBO        2.32665e+00   1.77459e-03   1.95050e-06  -1.92124e+00
   8  phi_CBO      2.72564e+00     fixed    
   9  ANx2         8.68669e-04   constant   
  10  pNx2         4.82289e+00   constant   
  11  ANy1         0.00000e+00   constant   
  12  pNy1         0.00000e+00   constant   
  13  w_y          0.00000e+00   constant   
  14  ANy2         1.00673e-04   4.30136e-04   3.78542e-06   2.36448e-01
  15  pNy2         1.49923e+00   constant   
  16  w_vw         1.43037e+01   constant   
  17  LM          -2.26665e-04   constant   
  18  wCBO_expCoeff   2.00187e+02   1.53080e-01   1.95069e-04  -1.12971e-02
  19  wCBO_expOffset   2.00028e+02   1.54275e-02   9.53808e-05  -7.66240e-02
  20  wCBO_expT    2.99756e+01   5.54467e-03   1.42935e-05  -3.60423e-01
  21  wCBO_linCoeff   0.00000e+00   constant   
  22  wCBO_const   3.24506e-03   9.53229e-04   3.81008e-06  -2.20152e+00
 EXTERNAL ERROR MATRIX.    NDIM=  25    NPAR=  7    ERR DEF=1
  1.851e-07  2.965e-08  1.719e-09  2.599e-06  1.117e-07 -2.160e-07 -3.240e-08 
  2.965e-08  3.149e-06 -8.660e-09 -1.719e-04 -7.615e-06 -2.620e-06 -1.166e-06 
  1.719e-09 -8.660e-09  1.850e-07 -7.091e-07 -1.073e-08  1.792e-07 -1.419e-08 
  2.599e-06 -1.719e-04 -7.091e-07  2.343e-02 -6.679e-04 -2.260e-04  9.027e-05 
  1.117e-07 -7.615e-06 -1.073e-08 -6.679e-04  2.380e-04 -1.286e-05  4.006e-06 
 -2.160e-07 -2.620e-06  1.792e-07 -2.260e-04 -1.286e-05  3.074e-05 -1.462e-06 
 -3.240e-08 -1.166e-06 -1.419e-08  9.027e-05  4.006e-06 -1.462e-06  9.086e-07 
 PARAMETER  CORRELATION COEFFICIENTS  
       NO.  GLOBAL      6      7     14     18     19     20     22
        6  0.22042   1.000  0.039  0.009  0.039  0.017 -0.091 -0.079
        7  0.99258   0.039  1.000 -0.011 -0.633 -0.278 -0.266 -0.690
       14  0.17761   0.009 -0.011  1.000 -0.011 -0.002  0.075 -0.035
       18  0.99006   0.039 -0.633 -0.011  1.000 -0.283 -0.266  0.619
       19  0.97793   0.017 -0.278 -0.002 -0.283  1.000 -0.150  0.272
       20  0.98182  -0.091 -0.266  0.075 -0.266 -0.150  1.000 -0.277
       22  0.89461  -0.079 -0.690 -0.035  0.619  0.272 -0.277  1.000
MINUIT - FIT ONLY 2-CBO
 **********
 **   43 **RES 
 **********
                   PARAMETER    8  phi_CBO RESTORED TO VARIABLE.
                   PARAMETER    4  phi RESTORED TO VARIABLE.
                   PARAMETER    3  A0 RESTORED TO VARIABLE.
                   PARAMETER    1  N0 RESTORED TO VARIABLE.
 **********
 **   44 **FIX            0
 **********
 PARAMETER    0  IS UNDEFINED. IGNORED.
 **********
 **   45 **FIX            1
 **********
 **********
 **   46 **FIX            2
 **********
 PARAMETER    2  IS CONSTANT.   IGNORED.
 **********
 **   47 **FIX            3
 **********
 **********
 **   48 **FIX            4
 **********
 **********
 **   49 **FIX            5
 **********
 PARAMETER    5  IS CONSTANT.   IGNORED.
 **********
 **   50 **FIX            6
 **********
 **********
 **   51 **FIX            7
 **********
 **********
 **   52 **FIX           10
 **********
 PARAMETER   10  IS CONSTANT.   IGNORED.
 **********
 **   53 **FIX           11
 **********
 PARAMETER   11  IS CONSTANT.   IGNORED.
 **********
 **   54 **FIX           12
 **********
 PARAMETER   12  IS CONSTANT.   IGNORED.
 **********
 **   55 **FIX           13
 **********
 PARAMETER   13  IS CONSTANT.   IGNORED.
 **********
 **   56 **FIX           14
 **********
 **********
 **   57 **FIX           15
 **********
 PARAMETER   15  IS CONSTANT.   IGNORED.
 **********
 **   58 **FIX           16
 **********
 PARAMETER   16  IS CONSTANT.   IGNORED.
 **********
 **   59 **MIGRAD
 **********
 START MIGRAD MINIMIZATION.  STRATEGY  1.  CONVERGENCE WHEN EDM .LT. 1.00e-04
 FCN=334.426 FROM MIGRAD    STATUS=INITIATE       10 CALLS         670 TOTAL
                     EDM= unknown      STRATEGY= 1      NO ERROR MATRIX       
  EXT PARAMETER               CURRENT GUESS       STEP         FIRST   
  NO.   NAME      VALUE            ERROR          SIZE      DERIVATIVE 
   1  N0           3.00029e+06     fixed    
   2  tau          6.44001e+01   constant   
   3  A0           3.49673e-01     fixed    
   4  phi          4.11673e+00     fixed    
   5  R           -6.22301e+01   constant   
   6  A_CBO        5.62951e-04     fixed    
   7  w_CBO        2.32665e+00     fixed    
   8  phi_CBO      2.72564e+00   7.90065e-01   7.90065e-01  -2.48175e-01
   9  ANx2         8.68669e-04   constant   
  10  pNx2         4.82289e+00   constant   
  11  ANy1         0.00000e+00   constant   
  12  pNy1         0.00000e+00   constant   
  13  w_y          0.00000e+00   constant   
  14  ANy2         1.00673e-04     fixed    
  15  pNy2         1.49923e+00   constant   
  16  w_vw         1.43037e+01   constant   
  17  LM          -2.26665e-04   constant   
  18  wCBO_expCoeff   2.00187e+02   1.53080e-01   1.95069e-04  -1.16984e-02
  19  wCBO_expOffset   2.00028e+02   1.54275e-02   9.53808e-05  -1.95906e-01
  20  wCBO_expT    2.99756e+01   5.54467e-03   1.42935e-05  -3.99472e-01
  21  wCBO_linCoeff   0.00000e+00   constant   
  22  wCBO_const   3.24506e-03   9.53229e-04   3.81008e-06  -2.20903e+00
 MIGRAD MINIMIZATION HAS CONVERGED.
 MIGRAD WILL VERIFY CONVERGENCE AND ERROR MATRIX.
 COVARIANCE MATRIX CALCULATED SUCCESSFULLY
 FCN=334.409 FROM MIGRAD    STATUS=CONVERGED     122 CALLS         782 TOTAL
                     EDM=3.90825e-07    STRATEGY= 1      ERROR MATRIX ACCURATE 
  EXT PARAMETER                                   STEP         FIRST   
  NO.   NAME      VALUE            ERROR          SIZE      DERIVATIVE 
   1  N0           3.00029e+06     fixed    
   2  tau          6.44001e+01   constant   
   3  A0           3.49673e-01     fixed    
   4  phi          4.11673e+00     fixed    
   5  R           -6.22301e+01   constant   
   6  A_CBO        5.62951e-04     fixed    
   7  w_CBO        2.32665e+00     fixed    
   8  phi_CBO      2.86471e+00   1.06831e+00   6.72351e-03  -7.50804e-05
   9  ANx2         8.68669e-04   constant   
  10  pNx2         4.82289e+00   constant   
  11  ANy1         0.00000e+00   constant   
  12  pNy1         0.00000e+00   constant   
  13  w_y          0.00000e+00   constant   
  14  ANy2         1.00673e-04     fixed    
  15  pNy2         1.49923e+00   constant   
  16  w_vw         1.43037e+01   constant   
  17  LM          -2.26665e-04   constant   
  18  wCBO_expCoeff   2.00189e+02   1.24036e-01   2.07790e-04  -1.05837e-02
  19  wCBO_expOffset   2.00028e+02   1.58112e-02   9.53810e-05  -7.17347e-02
  20  wCBO_expT    2.99755e+01   5.40682e-03   1.42934e-05  -3.56042e-01
  21  wCBO_linCoeff   0.00000e+00   constant   
  22  wCBO_const   3.26238e-03   6.98491e-04   3.78952e-06  -1.97583e-01
 EXTERNAL ERROR MATRIX.    NDIM=  25    NPAR=  5    ERR DEF=1
  1.141e+00  1.948e-02  2.138e-03 -5.811e-04  1.041e-04 
  1.948e-02  1.539e-02 -1.167e-03 -3.805e-04  2.850e-05 
  2.138e-03 -1.167e-03  2.500e-04 -2.257e-05  1.501e-06 
 -5.811e-04 -3.805e-04 -2.257e-05  2.923e-05 -2.526e-06 
  1.041e-04  2.850e-05  1.501e-06 -2.526e-06  4.879e-07 
 PARAMETER  CORRELATION COEFFICIENTS  
       NO.  GLOBAL      8     18     19     20     22
        8  0.71078   1.000  0.147  0.127 -0.101  0.140
       18  0.98207   0.147  1.000 -0.595 -0.567  0.329
       19  0.97518   0.127 -0.595  1.000 -0.264  0.136
       20  0.97892  -0.101 -0.567 -0.264  1.000 -0.669
       22  0.79483   0.140  0.329  0.136 -0.669  1.000
MINUIT - FIT ONLY 1-y
 **********
 **   60 **RES 
 **********
                   PARAMETER   14  ANy2 RESTORED TO VARIABLE.
                   PARAMETER    7  w_CBO RESTORED TO VARIABLE.
                   PARAMETER    6  A_CBO RESTORED TO VARIABLE.
                   PARAMETER    4  phi RESTORED TO VARIABLE.
                   PARAMETER    3  A0 RESTORED TO VARIABLE.
                   PARAMETER    1  N0 RESTORED TO VARIABLE.
 **********
 **   61 **FIX            0
 **********
 PARAMETER    0  IS UNDEFINED. IGNORED.
 **********
 **   62 **FIX            1
 **********
 **********
 **   63 **FIX            2
 **********
 PARAMETER    2  IS CONSTANT.   IGNORED.
 **********
 **   64 **FIX            3
 **********
 **********
 **   65 **FIX            4
 **********
 **********
 **   66 **FIX            5
 **********
 PARAMETER    5  IS CONSTANT.   IGNORED.
 **********
 **   67 **FIX            6
 **********
 **********
 **   68 **FIX            7
 **********
 **********
 **   69 **FIX            8
 **********
 **********
 **   70 **FIX            9
 **********
 PARAMETER    9  IS CONSTANT.   IGNORED.
 **********
 **   71 **FIX           13
 **********
 PARAMETER   13  IS CONSTANT.   IGNORED.
 **********
 **   72 **FIX           14
 **********
 **********
 **   73 **FIX           15
 **********
 PARAMETER   15  IS CONSTANT.   IGNORED.
 **********
 **   74 **FIX           16
 **********
 PARAMETER   16  IS CONSTANT.   IGNORED.
 **********
 **   75 **MIGRAD
 **********
 START MIGRAD MINIMIZATION.  STRATEGY  1.  CONVERGENCE WHEN EDM .LT. 1.00e-04
 FCN=334.409 FROM MIGRAD    STATUS=INITIATE        8 CALLS         790 TOTAL
                     EDM= unknown      STRATEGY= 1      NO ERROR MATRIX       
  EXT PARAMETER               CURRENT GUESS       STEP         FIRST   
  NO.   NAME      VALUE            ERROR          SIZE      DERIVATIVE 
   1  N0           3.00029e+06     fixed    
   2  tau          6.44001e+01   constant   
   3  A0           3.49673e-01     fixed    
   4  phi          4.11673e+00     fixed    
   5  R           -6.22301e+01   constant   
   6  A_CBO        5.62951e-04     fixed    
   7  w_CBO        2.32665e+00     fixed    
   8  phi_CBO      2.86471e+00     fixed    
   9  ANx2         8.68669e-04   constant   
  10  pNx2         4.82289e+00   constant   
  11  ANy1         0.00000e+00   constant   
  12  pNy1         0.00000e+00   constant   
  13  w_y          0.00000e+00   constant   
  14  ANy2         1.00673e-04     fixed    
  15  pNy2         1.49923e+00   constant   
  16  w_vw         1.43037e+01   constant   
  17  LM          -2.26665e-04   constant   
  18  wCBO_expCoeff   2.00189e+02   1.24036e-01   2.07790e-04  -1.09422e-02
  19  wCBO_expOffset   2.00028e+02   1.58112e-02   9.53810e-05  -1.78260e-01
  20  wCBO_expT    2.99755e+01   5.40682e-03   1.42934e-05  -3.88182e-01
  21  wCBO_linCoeff   0.00000e+00   constant   
  22  wCBO_const   3.26238e-03   6.98491e-04   3.78952e-06  -2.06040e-01
 MIGRAD MINIMIZATION HAS CONVERGED.
 MIGRAD WILL VERIFY CONVERGENCE AND ERROR MATRIX.
 COVARIANCE MATRIX CALCULATED SUCCESSFULLY
 FCN=334.409 FROM MIGRAD    STATUS=CONVERGED      48 CALLS         830 TOTAL
                     EDM=3.19251e-07    STRATEGY= 1      ERROR MATRIX ACCURATE 
  EXT PARAMETER                                   STEP         FIRST   
  NO.   NAME      VALUE            ERROR          SIZE      DERIVATIVE 
   1  N0           3.00029e+06     fixed    
   2  tau          6.44001e+01   constant   
   3  A0           3.49673e-01     fixed    
   4  phi          4.11673e+00     fixed    
   5  R           -6.22301e+01   constant   
   6  A_CBO        5.62951e-04     fixed    
   7  w_CBO        2.32665e+00     fixed    
   8  phi_CBO      2.86471e+00     fixed    
   9  ANx2         8.68669e-04   constant   
  10  pNx2         4.82289e+00   constant   
  11  ANy1         0.00000e+00   constant   
  12  pNy1         0.00000e+00   constant   
  13  w_y          0.00000e+00   constant   
  14  ANy2         1.00673e-04     fixed    
  15  pNy2         1.49923e+00   constant   
  16  w_vw         1.43037e+01   constant   
  17  LM          -2.26665e-04   constant   
  18  wCBO_expCoeff   2.00189e+02   1.22570e-01   2.09104e-04   1.73370e-03
  19  wCBO_expOffset   2.00028e+02   1.56781e-02   9.53810e-05   1.05288e-02
  20  wCBO_expT    2.99755e+01   5.37796e-03   1.42934e-05  -9.55975e-02
  21  wCBO_linCoeff   0.00000e+00   constant   
  22  wCBO_const   3.26238e-03   6.91584e-04   3.79037e-06   2.51890e-01
 EXTERNAL ERROR MATRIX.    NDIM=  25    NPAR=  4    ERR DEF=1
  1.502e-02 -1.201e-03 -3.699e-04  2.666e-05 
 -1.201e-03  2.458e-04 -2.155e-05  1.311e-06 
 -3.699e-04 -2.155e-05  2.892e-05 -2.472e-06 
  2.666e-05  1.311e-06 -2.472e-06  4.783e-07 
 PARAMETER  CORRELATION COEFFICIENTS  
       NO.  GLOBAL     18     19     20     22
       18  0.98163   1.000 -0.625 -0.561  0.315
       19  0.97474  -0.625  1.000 -0.256  0.121
       20  0.97869  -0.561 -0.256  1.000 -0.665
       22  0.79017   0.315  0.121 -0.665  1.000
MINUIT - FIT ONLY 2-y
 **********
 **   76 **RES 
 **********
                   PARAMETER   14  ANy2 RESTORED TO VARIABLE.
                   PARAMETER    8  phi_CBO RESTORED TO VARIABLE.
                   PARAMETER    7  w_CBO RESTORED TO VARIABLE.
                   PARAMETER    6  A_CBO RESTORED TO VARIABLE.
                   PARAMETER    4  phi RESTORED TO VARIABLE.
                   PARAMETER    3  A0 RESTORED TO VARIABLE.
                   PARAMETER    1  N0 RESTORED TO VARIABLE.
 **********
 **   77 **FIX            0
 **********
 PARAMETER    0  IS UNDEFINED. IGNORED.
 **********
 **   78 **FIX            1
 **********
 **********
 **   79 **FIX            2
 **********
 PARAMETER    2  IS CONSTANT.   IGNORED.
 **********
 **   80 **FIX            3
 **********
 **********
 **   81 **FIX            4
 **********
 **********
 **   82 **FIX            5
 **********
 PARAMETER    5  IS CONSTANT.   IGNORED.
 **********
 **   83 **FIX            6
 **********
 **********
 **   84 **FIX            7
 **********
 **********
 **   85 **FIX            8
 **********
 **********
 **   86 **FIX            9
 **********
 PARAMETER    9  IS CONSTANT.   IGNORED.
 **********
 **   87 **FIX           10
 **********
 PARAMETER   10  IS CONSTANT.   IGNORED.
 **********
 **   88 **FIX           11
 **********
 PARAMETER   11  IS CONSTANT.   IGNORED.
 **********
 **   89 **FIX           12
 **********
 PARAMETER   12  IS CONSTANT.   IGNORED.
 **********
 **   90 **FIX           16
 **********
 PARAMETER   16  IS CONSTANT.   IGNORED.
 **********
 **   91 **MIGRAD
 **********
 START MIGRAD MINIMIZATION.  STRATEGY  1.  CONVERGENCE WHEN EDM .LT. 1.00e-04
 FCN=334.409 FROM MIGRAD    STATUS=INITIATE       10 CALLS         840 TOTAL
                     EDM= unknown      STRATEGY= 1      NO ERROR MATRIX       
  EXT PARAMETER               CURRENT GUESS       STEP         FIRST   
  NO.   NAME      VALUE            ERROR          SIZE      DERIVATIVE 
   1  N0           3.00029e+06     fixed    
   2  tau          6.44001e+01   constant   
   3  A0           3.49673e-01     fixed    
   4  phi          4.11673e+00     fixed    
   5  R           -6.22301e+01   constant   
   6  A_CBO        5.62951e-04     fixed    
   7  w_CBO        2.32665e+00     fixed    
   8  phi_CBO      2.86471e+00     fixed    
   9  ANx2         8.68669e-04   constant   
  10  pNx2         4.82289e+00   constant   
  11  ANy1         0.00000e+00   constant   
  12  pNy1         0.00000e+00   constant   
  13  w_y          0.00000e+00   constant   
  14  ANy2         1.00673e-04   4.30136e-04   4.30136e-04  -5.92255e+01
  15  pNy2         1.49923e+00   constant   
  16  w_vw         1.43037e+01   constant   
  17  LM          -2.26665e-04   constant   
  18  wCBO_expCoeff   2.00189e+02   1.22570e-01   2.09104e-04   1.37567e-03
  19  wCBO_expOffset   2.00028e+02   1.56781e-02   9.53810e-05  -9.59749e-02
  20  wCBO_expT    2.99755e+01   5.37796e-03   1.42934e-05  -1.27728e-01
  21  wCBO_linCoeff   0.00000e+00   constant   
  22  wCBO_const   3.26238e-03   6.91584e-04   3.79037e-06   2.43429e-01
 MIGRAD MINIMIZATION HAS CONVERGED.
 MIGRAD WILL VERIFY CONVERGENCE AND ERROR MATRIX.
 COVARIANCE MATRIX CALCULATED SUCCESSFULLY
 FCN=334.409 FROM MIGRAD    STATUS=CONVERGED      70 CALLS         900 TOTAL
                     EDM=3.03769e-06    STRATEGY= 1      ERROR MATRIX ACCURATE 
  EXT PARAMETER                                   STEP         FIRST   
  NO.   NAME      VALUE            ERROR          SIZE      DERIVATIVE 
   1  N0           3.00029e+06     fixed    
   2  tau          6.44001e+01   constant   
   3  A0           3.49673e-01     fixed    
   4  phi          4.11673e+00     fixed    
   5  R           -6.22301e+01   constant   
   6  A_CBO        5.62951e-04     fixed    
   7  w_CBO        2.32665e+00     fixed    
   8  phi_CBO      2.86471e+00     fixed    
   9  ANx2         8.68669e-04   constant   
  10  pNx2         4.82289e+00   constant   
  11  ANy1         0.00000e+00   constant   
  12  pNy1         0.00000e+00   constant   
  13  w_y          0.00000e+00   constant   
  14  ANy2         1.06094e-04   4.29387e-04   3.78534e-06  -1.70791e-01
  15  pNy2         1.49923e+00   constant   
  16  w_vw         1.43037e+01   constant   
  17  LM          -2.26665e-04   constant   
  18  wCBO_expCoeff   2.00189e+02   1.22839e-01   2.08943e-04   1.35757e-03
  19  wCBO_expOffset   2.00028e+02   1.57163e-02   9.53810e-05   8.01913e-03
  20  wCBO_expT    2.99755e+01   5.39526e-03   1.42934e-05  -2.04507e-01
  21  wCBO_linCoeff   0.00000e+00   constant   
  22  wCBO_const   3.26246e-03   6.92978e-04   3.78946e-06   2.12566e+00
 EXTERNAL ERROR MATRIX.    NDIM=  25    NPAR=  5    ERR DEF=1
  1.844e-07 -8.047e-07 -3.103e-08  1.527e-07 -1.701e-08 
 -8.047e-07  1.509e-02 -1.207e-03 -3.714e-04  2.680e-05 
 -3.103e-08 -1.207e-03  2.470e-04 -2.163e-05  1.318e-06 
  1.527e-07 -3.714e-04 -2.163e-05  2.911e-05 -2.490e-06 
 -1.701e-08  2.680e-05  1.318e-06 -2.490e-06  4.802e-07 
 PARAMETER  CORRELATION COEFFICIENTS  
       NO.  GLOBAL     14     18     19     20     22
       14  0.16779   1.000 -0.015 -0.005  0.066 -0.057
       18  0.98170  -0.015  1.000 -0.625 -0.560  0.315
       19  0.97485  -0.005 -0.625  1.000 -0.255  0.121
       20  0.97883   0.066 -0.560 -0.255  1.000 -0.666
       22  0.79121  -0.057  0.315  0.121 -0.666  1.000
MINUIT - FIT ALTOGETHER
 **********
 **   92 **RES 
 **********
                   PARAMETER    8  phi_CBO RESTORED TO VARIABLE.
                   PARAMETER    7  w_CBO RESTORED TO VARIABLE.
                   PARAMETER    6  A_CBO RESTORED TO VARIABLE.
                   PARAMETER    4  phi RESTORED TO VARIABLE.
                   PARAMETER    3  A0 RESTORED TO VARIABLE.
                   PARAMETER    1  N0 RESTORED TO VARIABLE.
 **********
 **   93 **MIGRAD
 **********
 START MIGRAD MINIMIZATION.  STRATEGY  1.  CONVERGENCE WHEN EDM .LT. 1.00e-04
 FCN=334.409 FROM MIGRAD    STATUS=INITIATE       22 CALLS         922 TOTAL
                     EDM= unknown      STRATEGY= 1      NO ERROR MATRIX       
  EXT PARAMETER               CURRENT GUESS       STEP         FIRST   
  NO.   NAME      VALUE            ERROR          SIZE      DERIVATIVE 
   1  N0           3.00029e+06   9.20075e+02   9.20075e+02  -1.90881e-04
   2  tau          6.44001e+01   constant   
   3  A0           3.49673e-01   4.08131e-04   4.08131e-04  -1.00396e+02
   4  phi          4.11673e+00   1.19160e-03   1.19160e-03   1.40326e+02
   5  R           -6.22301e+01   constant   
   6  A_CBO        5.62951e-04   4.30243e-04   4.30243e-04  -1.13671e+02
   7  w_CBO        2.32665e+00   1.77459e-03   1.77459e-03   9.97690e-01
   8  phi_CBO      2.86471e+00   1.06831e+00   1.06831e+00  -2.92028e-03
   9  ANx2         8.68669e-04   constant   
  10  pNx2         4.82289e+00   constant   
  11  ANy1         0.00000e+00   constant   
  12  pNy1         0.00000e+00   constant   
  13  w_y          0.00000e+00   constant   
  14  ANy2         1.06094e-04   4.29387e-04   3.78534e-06  -1.70792e-01
  15  pNy2         1.49923e+00   constant   
  16  w_vw         1.43037e+01   constant   
  17  LM          -2.26665e-04   constant   
  18  wCBO_expCoeff   2.00189e+02   1.22839e-01   2.08943e-04   1.00096e-03
  19  wCBO_expOffset   2.00028e+02   1.57163e-02   9.53810e-05  -9.79838e-02
  20  wCBO_expT    2.99755e+01   5.39526e-03   1.42934e-05  -2.36371e-01
  21  wCBO_linCoeff   0.00000e+00   constant   
  22  wCBO_const   3.26246e-03   6.92978e-04   3.78946e-06   2.11719e+00
 MIGRAD MINIMIZATION HAS CONVERGED.
 MIGRAD WILL VERIFY CONVERGENCE AND ERROR MATRIX.
 COVARIANCE MATRIX CALCULATED SUCCESSFULLY
 FCN=334.394 FROM MIGRAD    STATUS=CONVERGED     224 CALLS        1124 TOTAL
                     EDM=3.60342e-05    STRATEGY= 1      ERROR MATRIX ACCURATE 
  EXT PARAMETER                                   STEP         FIRST   
  NO.   NAME      VALUE            ERROR          SIZE      DERIVATIVE 
   1  N0           3.00036e+06   9.02771e+02   7.93664e+00   2.44484e-07
   2  tau          6.44001e+01   constant   
