 + ++++++++++++++++++++++++++++++++++++++++++++++++++++++++++++++++++++ +
 +                                                                      +
 +           You have chose to blind your fitting according to          +
 +                omega_ref * (1 + (R +/- deltaR) *10^{-6})             +
 +                                                                      +
 + ++++++++++++++++++++++++++++++++++++++++++++++++++++++++++++++++++++ +
In main()...
reading format from /gm2data/zkhechad/run45/envelope/formats/formatB_sBin_constraintOn.txt
pBinTau 	= 0  
pBinPhi 	= 0  
constraintau 	= 1 
includeMopTerm 	= 0    
constrainMop    = 0   
Parameters after format file: pBinTau 0 pBinPhi 0 constraintau 1 includeMopTerm 0 constrainMop 0 c_e_scale 0.000000 
reading cbo reference file (full fit) from /gm2data/zkhechad/cboTemplates/Run4CBOTemplates/fullFits/run4/sBin_constraintOn_cE0.0_seed0_run4_calo8.root
A_CBO 0.011357 w_CBO 2.326581 phi_CBO 5.876624 N0 2844262.344614 R -61.301649 tau 64.404749 
Reading cboRef file /gm2data/zkhechad/cboTemplates/Run4CBOTemplates//cboIsolate/run4_calo8.root
deltaT 17.637071
windowBins = 120
fitting sliding window 520 from bin 723 at 107.871600 to bin 843 at 125.775600 (120 bins)

Reading data from /gm2data/cornell/histograms/aMethod/histogram_a_run4.root
fitting cbo isolate
 **********
 **    1 **SET PRINTOUT            1
 **********
 **********
 **    2 **SET NOWARNINGS 
 **********
 PARAMETER DEFINITIONS:
    NO.   NAME         VALUE      STEP SIZE      LIMITS
     1 A_CBO        1.13569e-02  1.00000e-05     no limits
     2 w_CBO        2.32658e+00  1.00000e-02    2.00000e+00  3.00000e+00
     3 phi_CBO      5.87662e+00  1.00000e-02    0.00000e+00  6.28319e+00
 **********
 **    3 **MIGRAD
 **********
 FIRST CALL TO USER FUNCTION AT NEW START POINT, WITH IFLAG=4.
 START MIGRAD MINIMIZATION.  STRATEGY  1.  CONVERGENCE WHEN EDM .LT. 1.00e-04
 FCN=0.00147509 FROM MIGRAD    STATUS=INITIATE       12 CALLS          13 TOTAL
                     EDM= unknown      STRATEGY= 1      NO ERROR MATRIX       
  EXT PARAMETER               CURRENT GUESS       STEP         FIRST   
  NO.   NAME      VALUE            ERROR          SIZE      DERIVATIVE 
   1  A_CBO        1.13569e-02   1.00000e-05   1.00000e-05   5.73929e-01
   2  w_CBO        2.32658e+00   1.00000e-02   2.13259e-02   3.08421e-03
   3  phi_CBO      5.87662e+00   1.00000e-02   6.47001e-03  -8.06455e-05
 MIGRAD MINIMIZATION HAS CONVERGED.
 MIGRAD WILL VERIFY CONVERGENCE AND ERROR MATRIX.
 COVARIANCE MATRIX CALCULATED SUCCESSFULLY
 FCN=0.000126339 FROM MIGRAD    STATUS=CONVERGED      37 CALLS          38 TOTAL
                     EDM=2.3232e-07    STRATEGY= 1      ERROR MATRIX ACCURATE 
  EXT PARAMETER                                   STEP         FIRST   
  NO.   NAME      VALUE            ERROR          SIZE      DERIVATIVE 
   1  A_CBO        6.65729e-03   1.28653e-01   6.24883e-05   7.50712e-06
   2  w_CBO        2.32653e+00   8.17376e-01   1.35668e-04  -1.25586e-03
   3  phi_CBO      5.88257e+00   3.19722e+00   4.77554e-03   3.20907e-05
 EXTERNAL ERROR MATRIX.    NDIM=  25    NPAR=  3    ERR DEF=1
  1.655e-02 -2.941e-02 -3.450e+00 
 -2.941e-02  4.970e+00  5.787e+02 
 -3.450e+00  5.787e+02  6.776e+04 
 PARAMETER  CORRELATION COEFFICIENTS  
       NO.  GLOBAL      1      2      3
        1  0.10306   1.000 -0.103 -0.103
        2  0.99716  -0.103  1.000  0.997
        3  0.99716  -0.103  0.997  1.000
setting A_CBO=0.006657 w_CBO=2.326525, phi_CBO=5.882565
done fitting cbo isolate
 **********
 **    1 **SET PRINTOUT            1
 **********
 **********
 **    2 **SET NOWARNINGS 
 **********
 PARAMETER DEFINITIONS:
    NO.   NAME         VALUE      STEP SIZE      LIMITS
     1 N0           2.84426e+06  1.00000e+02     no limits
     2 tau          6.44047e+01  constant
     3 A0           3.52885e-01  1.00000e-04     no limits
     4 phi          4.11503e+00  1.00000e-02     no limits
     5 R           -6.13016e+01  constant
     6 A_CBO        6.65729e-03  1.00000e-05     no limits
     7 w_CBO        2.32653e+00  1.00000e-03     no limits
     8 phi_CBO      5.88257e+00  1.00000e-04     no limits
     9 ANx2         6.64823e-04  constant
    10 pNx2         9.66896e-01  constant
    11 ANy1         0.00000e+00  constant
    12 pNy1         0.00000e+00  constant
    13 w_y          0.00000e+00  constant
    14 ANy2         8.37111e-03  1.00000e-04     no limits
    15 pNy2         5.88808e+00  constant
    16 w_vw         1.43122e+01  constant
    17 LM           1.40011e-04  constant
    18 wCBO_expCoeff   2.00000e+02  1.00000e+00     no limits
    19 wCBO_expOffset   2.00000e+02  1.00000e+00     no limits
    20 wCBO_expT    3.00000e+01  1.00000e+00     no limits
    21 wCBO_linCoeff   0.00000e+00  constant
    22 wCBO_const   0.00000e+00  1.00000e-02     no limits
MINUIT - FIT ONLY WIGGLE
 **********
 **    3 **FIX            5
 **********
 PARAMETER    5  IS CONSTANT.   IGNORED.
 **********
 **    4 **FIX            6
 **********
 **********
 **    5 **FIX            7
 **********
 **********
 **    6 **FIX            8
 **********
 **********
 **    7 **FIX            9
 **********
 PARAMETER    9  IS CONSTANT.   IGNORED.
 **********
 **    8 **FIX           10
 **********
 PARAMETER   10  IS CONSTANT.   IGNORED.
 **********
 **    9 **FIX           11
 **********
 PARAMETER   11  IS CONSTANT.   IGNORED.
 **********
 **   10 **FIX           12
 **********
 PARAMETER   12  IS CONSTANT.   IGNORED.
 **********
 **   11 **FIX           13
 **********
 PARAMETER   13  IS CONSTANT.   IGNORED.
 **********
 **   12 **FIX           14
 **********
 **********
 **   13 **FIX           15
 **********
 PARAMETER   15  IS CONSTANT.   IGNORED.
 **********
 **   14 **FIX           16
 **********
 PARAMETER   16  IS CONSTANT.   IGNORED.
 **********
 **   15 **MIGRAD
 **********
 FIRST CALL TO USER FUNCTION AT NEW START POINT, WITH IFLAG=4.
 START MIGRAD MINIMIZATION.  STRATEGY  1.  CONVERGENCE WHEN EDM .LT. 1.00e-04
 FCN=2964.34 FROM MIGRAD    STATUS=INITIATE       55 CALLS          56 TOTAL
                     EDM= unknown      STRATEGY= 1      NO ERROR MATRIX       
  EXT PARAMETER               CURRENT GUESS       STEP         FIRST   
  NO.   NAME      VALUE            ERROR          SIZE      DERIVATIVE 
   1  N0           2.84426e+06   1.00000e+02   0.00000e+00   9.21324e-03
   2  tau          6.44047e+01   constant   
   3  A0           3.52885e-01   1.00000e-04   0.00000e+00  -4.32181e+04
   4  phi          4.11503e+00   1.00000e-02   0.00000e+00   4.83387e+03
   5  R           -6.13016e+01   constant   
   6  A_CBO        6.65729e-03     fixed    
   7  w_CBO        2.32653e+00     fixed    
   8  phi_CBO      5.88257e+00     fixed    
   9  ANx2         6.64823e-04   constant   
  10  pNx2         9.66896e-01   constant   
  11  ANy1         0.00000e+00   constant   
  12  pNy1         0.00000e+00   constant   
  13  w_y          0.00000e+00   constant   
  14  ANy2         8.37111e-03     fixed    
  15  pNy2         5.88808e+00   constant   
  16  w_vw         1.43122e+01   constant   
  17  LM           1.40011e-04   constant   
  18  wCBO_expCoeff   1.99999e+02   1.00000e+00  -5.23282e-04   1.06487e+05
  19  wCBO_expOffset   2.00000e+02   1.00000e+00   0.00000e+00  -7.38538e+04
  20  wCBO_expT    3.00000e+01   1.00000e+00   0.00000e+00  -2.62507e+05
  21  wCBO_linCoeff   0.00000e+00   constant   
  22  wCBO_const   0.00000e+00   1.00000e-02   0.00000e+00   4.99292e+03
 MIGRAD FAILS TO FIND IMPROVEMENT
 FCN=2937.54 FROM HESSE     STATUS=NOT POSDEF     56 CALLS         155 TOTAL
                     EDM=2.52965    STRATEGY= 1      ERR MATRIX NOT POS-DEF
  EXT PARAMETER                APPROXIMATE        STEP         FIRST   
  NO.   NAME      VALUE            ERROR          SIZE      DERIVATIVE 
   1  N0           2.84341e+06   9.42669e+02   1.16573e+01  -1.12840e-04
   2  tau          6.44047e+01   constant   
   3  A0           3.53792e-01   6.89392e-04   5.50600e-06  -1.31312e+03
   4  phi          4.11413e+00   1.29636e-03   1.62905e-05   9.40748e+01
   5  R           -6.13016e+01   constant   
   6  A_CBO        6.65729e-03     fixed    
   7  w_CBO        2.32653e+00     fixed    
   8  phi_CBO      5.88257e+00     fixed    
   9  ANx2         6.64823e-04   constant   
  10  pNx2         9.66896e-01   constant   
  11  ANy1         0.00000e+00   constant   
  12  pNy1         0.00000e+00   constant   
  13  w_y          0.00000e+00   constant   
  14  ANy2         8.37111e-03     fixed    
  15  pNy2         5.88808e+00   constant   
  16  w_vw         1.43122e+01   constant   
  17  LM           1.40011e-04   constant   
  18  wCBO_expCoeff   1.99999e+02   1.37975e-04   9.53672e-05   3.56695e+04
  19  wCBO_expOffset   2.00000e+02   3.25144e-05   9.53674e-05  -5.07721e+05
  20  wCBO_expT    3.00000e+01   1.08301e-05   1.43051e-05   8.50499e+05
  21  wCBO_linCoeff   0.00000e+00   constant   
  22  wCBO_const  -2.36156e-04   1.05748e-03   8.60428e-06  -1.05644e+03
 MIGRAD FAILS TO FIND IMPROVEMENT
 MIGRAD TERMINATED WITHOUT CONVERGENCE.
 FCN=2937.54 FROM MIGRAD    STATUS=FAILED        165 CALLS         166 TOTAL
                     EDM=2.52965    STRATEGY= 1      ERR MATRIX NOT POS-DEF
  EXT PARAMETER                APPROXIMATE        STEP         FIRST   
  NO.   NAME      VALUE            ERROR          SIZE      DERIVATIVE 
   1  N0           2.84341e+06   9.42669e+02   0.00000e+00  -1.12840e-04
   2  tau          6.44047e+01   constant   
   3  A0           3.53792e-01   6.89392e-04  -0.00000e+00  -1.31312e+03
   4  phi          4.11413e+00   1.29636e-03  -0.00000e+00   9.40748e+01
   5  R           -6.13016e+01   constant   
   6  A_CBO        6.65729e-03     fixed    
   7  w_CBO        2.32653e+00     fixed    
   8  phi_CBO      5.88257e+00     fixed    
   9  ANx2         6.64823e-04   constant   
  10  pNx2         9.66896e-01   constant   
  11  ANy1         0.00000e+00   constant   
  12  pNy1         0.00000e+00   constant   
  13  w_y          0.00000e+00   constant   
  14  ANy2         8.37111e-03     fixed    
  15  pNy2         5.88808e+00   constant   
  16  w_vw         1.43122e+01   constant   
  17  LM           1.40011e-04   constant   
  18  wCBO_expCoeff   1.99999e+02   1.37975e-04   0.00000e+00   3.56695e+04
  19  wCBO_expOffset   2.00000e+02   3.25144e-05   0.00000e+00  -5.07721e+05
  20  wCBO_expT    3.00000e+01   1.08301e-05   0.00000e+00   8.50499e+05
  21  wCBO_linCoeff   0.00000e+00   constant   
  22  wCBO_const  -2.36156e-04   1.05748e-03   0.00000e+00  -1.05644e+03
 EXTERNAL ERROR MATRIX.    NDIM=  25    NPAR=  7    ERR DEF=1
  8.886e+05 -5.782e-01 -1.034e+00  1.189e-01  2.813e-02  9.369e-03  8.428e-01 
 -5.782e-01  4.753e-07  7.927e-07 -9.147e-08 -2.166e-08 -7.217e-09 -6.581e-07 
 -1.034e+00  7.927e-07  1.681e-06 -1.628e-07 -3.861e-08 -1.288e-08 -1.179e-06 
  1.189e-01 -9.147e-08 -1.628e-07  1.904e-08  4.444e-09  1.483e-09  1.324e-07 
  2.813e-02 -2.166e-08 -3.861e-08  4.444e-09  1.057e-09  3.505e-10  3.205e-08 
  9.369e-03 -7.217e-09 -1.288e-08  1.483e-09  3.505e-10  1.173e-10  1.076e-08 
  8.428e-01 -6.581e-07 -1.179e-06  1.324e-07  3.205e-08  1.076e-08  1.118e-06 
ERR MATRIX NOT POS-DEF
 PARAMETER  CORRELATION COEFFICIENTS  
       NO.  GLOBAL      1      3      4     18     19     20     22
        1  0.91995   1.000 -0.890 -0.846  0.914  0.918  0.918  0.845
        3  0.96761  -0.890  1.000  0.887 -0.962 -0.966 -0.967 -0.903
        4  0.91773  -0.846  0.887  1.000 -0.910 -0.916 -0.917 -0.860
       18  0.99545   0.914 -0.962 -0.910  1.000  0.991  0.992  0.907
       19  0.99586   0.918 -0.966 -0.916  0.991  1.000  0.995  0.932
       20  0.99789   0.918 -0.967 -0.917  0.992  0.995  1.000  0.940
       22  0.96291   0.845 -0.903 -0.860  0.907  0.932  0.940  1.000
 ERR MATRIX NOT POS-DEF
MINUIT - FIT ONLY 1-CBO + other amplitudes 
 **********
 **   16 **RES 
 **********
                   PARAMETER   14  ANy2 RESTORED TO VARIABLE.
                   PARAMETER    8  phi_CBO RESTORED TO VARIABLE.
                   PARAMETER    7  w_CBO RESTORED TO VARIABLE.
                   PARAMETER    6  A_CBO RESTORED TO VARIABLE.
 **********
 **   17 **FIX            0
 **********
 PARAMETER    0  IS UNDEFINED. IGNORED.
 **********
 **   18 **FIX            1
 **********
 **********
 **   19 **FIX            2
 **********
 PARAMETER    2  IS CONSTANT.   IGNORED.
 **********
 **   20 **FIX            3
 **********
 **********
 **   21 **FIX            4
 **********
 **********
 **   22 **FIX            9
 **********
 PARAMETER    9  IS CONSTANT.   IGNORED.
 **********
 **   23 **FIX           11
 **********
 PARAMETER   11  IS CONSTANT.   IGNORED.
 **********
 **   24 **FIX           12
 **********
 PARAMETER   12  IS CONSTANT.   IGNORED.
 **********
 **   25 **FIX           14
 **********
 **********
 **   26 **FIX           15
 **********
 PARAMETER   15  IS CONSTANT.   IGNORED.
 **********
 **   27 **FIX           16
 **********
 PARAMETER   16  IS CONSTANT.   IGNORED.
 **********
 **   28 **MIGRAD
 **********
 START MIGRAD MINIMIZATION.  STRATEGY  1.  CONVERGENCE WHEN EDM .LT. 1.00e-04
 FCN=2937.54 FROM MIGRAD    STATUS=INITIATE       22 CALLS         188 TOTAL
                     EDM= unknown      STRATEGY= 1      NO ERROR MATRIX       
  EXT PARAMETER               CURRENT GUESS       STEP         FIRST   
  NO.   NAME      VALUE            ERROR          SIZE      DERIVATIVE 
   1  N0           2.84341e+06     fixed    
   2  tau          6.44047e+01   constant   
   3  A0           3.53792e-01     fixed    
   4  phi          4.11413e+00     fixed    
   5  R           -6.13016e+01   constant   
   6  A_CBO        6.65729e-03   1.00000e-05   1.00000e-05   2.29851e+05
   7  w_CBO        2.32653e+00   1.00000e-03   1.00000e-03  -8.27597e+05
   8  phi_CBO      5.88257e+00   1.00000e-04   1.00000e-04   2.84687e+01
   9  ANx2         6.64823e-04   constant   
  10  pNx2         9.66896e-01   constant   
  11  ANy1         0.00000e+00   constant   
  12  pNy1         0.00000e+00   constant   
  13  w_y          0.00000e+00   constant   
  14  ANy2         8.37111e-03     fixed    
  15  pNy2         5.88808e+00   constant   
  16  w_vw         1.43122e+01   constant   
  17  LM           1.40011e-04   constant   
  18  wCBO_expCoeff   1.99999e+02   1.37975e-04   0.00000e+00  -9.58913e+03
  19  wCBO_expOffset   2.00000e+02   3.25144e-05   0.00000e+00  -2.11465e+05
  20  wCBO_expT    3.00000e+01   1.08301e-05   0.00000e+00   1.57195e+06
  21  wCBO_linCoeff   0.00000e+00   constant   
  22  wCBO_const  -2.36156e-04   1.05748e-03   0.00000e+00  -1.05652e+03
 MIGRAD FAILS TO FIND IMPROVEMENT
 FCN=2323.41 FROM HESSE     STATUS=NOT POSDEF     58 CALLS         605 TOTAL
                     EDM=22.9628    STRATEGY= 1      ERR MATRIX NOT POS-DEF
  EXT PARAMETER                APPROXIMATE        STEP         FIRST   
  NO.   NAME      VALUE            ERROR          SIZE      DERIVATIVE 
   1  N0           2.84341e+06     fixed    
   2  tau          6.44047e+01   constant   
   3  A0           3.53792e-01     fixed    
   4  phi          4.11413e+00     fixed    
   5  R           -6.13016e+01   constant   
   6  A_CBO        1.20189e-03   2.01113e-03   5.07389e-06  -2.11273e+03
   7  w_CBO        2.32653e+00   1.09671e-06   1.10937e-06  -4.54615e+06
   8  phi_CBO      6.24601e+00   5.15827e-01   4.29601e-03   1.19089e+01
   9  ANx2         6.64823e-04   constant   
  10  pNx2         9.66896e-01   constant   
  11  ANy1         0.00000e+00   constant   
  12  pNy1         0.00000e+00   constant   
  13  w_y          0.00000e+00   constant   
  14  ANy2         8.37111e-03     fixed    
  15  pNy2         5.88808e+00   constant   
  16  w_vw         1.43122e+01   constant   
  17  LM           1.40011e-04   constant   
  18  wCBO_expCoeff   2.00000e+02   9.42748e-05   9.53672e-05  -5.28905e+04
  19  wCBO_expOffset   2.00000e+02   7.59118e-05   9.53674e-05  -3.22185e+05
  20  wCBO_expT    3.00000e+01   1.00902e-05   1.43051e-05   1.47632e+06
  21  wCBO_linCoeff   0.00000e+00   constant   
  22  wCBO_const  -1.64261e-03   4.75021e-04   9.17553e-06   1.32271e+03
 MIGRAD FAILS TO FIND IMPROVEMENT
 MIGRAD TERMINATED WITHOUT CONVERGENCE.
 FCN=2323.27 FROM MIGRAD    STATUS=FAILED        483 CALLS         649 TOTAL
                     EDM=14.2112    STRATEGY= 1      ERR MATRIX NOT POS-DEF
  EXT PARAMETER                APPROXIMATE        STEP         FIRST   
  NO.   NAME      VALUE            ERROR          SIZE      DERIVATIVE 
   1  N0           2.84341e+06     fixed    
   2  tau          6.44047e+01   constant   
   3  A0           3.53792e-01     fixed    
   4  phi          4.11413e+00     fixed    
   5  R           -6.13016e+01   constant   
   6  A_CBO        1.14981e-03   2.90557e-04  -0.00000e+00  -4.15018e+03
   7  w_CBO        2.32653e+00   3.29418e-07   0.00000e+00   1.76952e+06
   8  phi_CBO      6.25356e+00   1.96238e-01  -0.00000e+00   7.12520e+00
   9  ANx2         6.64823e-04   constant   
  10  pNx2         9.66896e-01   constant   
  11  ANy1         0.00000e+00   constant   
  12  pNy1         0.00000e+00   constant   
  13  w_y          0.00000e+00   constant   
  14  ANy2         8.37111e-03     fixed    
  15  pNy2         5.88808e+00   constant   
  16  w_vw         1.43122e+01   constant   
  17  LM           1.40011e-04   constant   
  18  wCBO_expCoeff   2.00000e+02   2.83283e-05   0.00000e+00   2.05612e+04
  19  wCBO_expOffset   2.00000e+02   1.22453e-05   0.00000e+00  -3.31106e+05
  20  wCBO_expT    3.00000e+01   1.68414e-07   0.00000e+00  -1.18949e+06
  21  wCBO_linCoeff   0.00000e+00   constant   
  22  wCBO_const  -1.67136e-03   4.70163e-04  -0.00000e+00   5.28433e+03
 EXTERNAL ERROR MATRIX.    NDIM=  25    NPAR=  7    ERR DEF=1
  8.442e-08 -2.914e-11 -2.644e-05 -2.506e-09 -2.798e-09 -4.270e-11  4.373e-08 
 -2.914e-11  1.085e-13  1.687e-08 -1.328e-12  1.336e-12  4.822e-14 -8.857e-11 
 -2.644e-05  1.687e-08  3.851e-02  1.450e-06  1.117e-06  2.154e-08 -8.177e-07 
 -2.506e-09 -1.328e-12  1.450e-06  8.025e-10  1.149e-10  4.148e-12 -7.618e-09 
 -2.798e-09  1.336e-12  1.117e-06  1.149e-10  1.499e-10  1.956e-12 -1.479e-09 
 -4.270e-11  4.822e-14  2.154e-08  4.148e-12  1.956e-12 -2.836e-14 -8.904e-11 
  4.373e-08 -8.857e-11 -8.177e-07 -7.618e-09 -1.479e-09 -8.904e-11  2.211e-07 
ERR MATRIX NOT POS-DEF
 PARAMETER  CORRELATION COEFFICIENTS  
       NO.  GLOBAL      6      7      8     18     19     20     22
        6  0.00000   1.000 -0.304 -0.464 -0.304 -0.786 -0.873  0.320
        7  0.00000  -0.304  1.000  0.261 -0.142  0.331  0.869 -0.572
        8  0.00000  -0.464  0.261  1.000  0.261  0.465  0.652 -0.009
       18  0.00000  -0.304 -0.142  0.261  1.000  0.331  0.869 -0.572
       19  0.00000  -0.786  0.331  0.465  0.331  1.000  0.949 -0.257
       20  0.00000  -0.873  0.869  0.652  0.869  0.949 -1.000 -1.124
       22  0.00000   0.320 -0.572 -0.009 -0.572 -0.257 -1.124  1.000
 ERR MATRIX NOT POS-DEF
MINUIT - FIT ONLY 1-CBO
 **********
 **   29 **RES 
 **********
                   PARAMETER   14  ANy2 RESTORED TO VARIABLE.
                   PARAMETER    4  phi RESTORED TO VARIABLE.
                   PARAMETER    3  A0 RESTORED TO VARIABLE.
                   PARAMETER    1  N0 RESTORED TO VARIABLE.
 **********
 **   30 **FIX            0
 **********
 PARAMETER    0  IS UNDEFINED. IGNORED.
 **********
 **   31 **FIX            1
 **********
 **********
 **   32 **FIX            2
 **********
 PARAMETER    2  IS CONSTANT.   IGNORED.
 **********
 **   33 **FIX            3
 **********
 **********
 **   34 **FIX            4
 **********
 **********
 **   35 **FIX            8
 **********
 **********
 **   36 **FIX            9
 **********
 PARAMETER    9  IS CONSTANT.   IGNORED.
 **********
 **   37 **FIX           11
 **********
 PARAMETER   11  IS CONSTANT.   IGNORED.
 **********
 **   38 **FIX           12
 **********
 PARAMETER   12  IS CONSTANT.   IGNORED.
 **********
 **   39 **FIX           13
 **********
 PARAMETER   13  IS CONSTANT.   IGNORED.
 **********
 **   40 **FIX           15
 **********
 PARAMETER   15  IS CONSTANT.   IGNORED.
 **********
 **   41 **FIX           16
 **********
 PARAMETER   16  IS CONSTANT.   IGNORED.
 **********
 **   42 **MIGRAD
 **********
 START MIGRAD MINIMIZATION.  STRATEGY  1.  CONVERGENCE WHEN EDM .LT. 1.00e-04
 FCN=2323.27 FROM MIGRAD    STATUS=INITIATE       16 CALLS         665 TOTAL
                     EDM= unknown      STRATEGY= 1      NO ERROR MATRIX       
  EXT PARAMETER               CURRENT GUESS       STEP         FIRST   
  NO.   NAME      VALUE            ERROR          SIZE      DERIVATIVE 
   1  N0           2.84341e+06     fixed    
   2  tau          6.44047e+01   constant   
   3  A0           3.53792e-01     fixed    
   4  phi          4.11413e+00     fixed    
   5  R           -6.13016e+01   constant   
   6  A_CBO        1.14981e-03   2.90557e-04  -0.00000e+00  -4.15018e+03
   7  w_CBO        2.32653e+00   3.29418e-07   0.00000e+00   1.76952e+06
   8  phi_CBO      6.25356e+00     fixed    
   9  ANx2         6.64823e-04   constant   
  10  pNx2         9.66896e-01   constant   
  11  ANy1         0.00000e+00   constant   
  12  pNy1         0.00000e+00   constant   
  13  w_y          0.00000e+00   constant   
  14  ANy2         8.37111e-03   1.00000e-04   1.00000e-04   3.25013e+05
  15  pNy2         5.88808e+00   constant   
  16  w_vw         1.43122e+01   constant   
  17  LM           1.40011e-04   constant   
  18  wCBO_expCoeff   2.00000e+02   2.83283e-05   0.00000e+00   2.05612e+04
  19  wCBO_expOffset   2.00000e+02   1.22453e-05   0.00000e+00  -3.31106e+05
  20  wCBO_expT    3.00000e+01   1.68414e-07   0.00000e+00  -1.18949e+06
  21  wCBO_linCoeff   0.00000e+00   constant   
  22  wCBO_const  -1.67136e-03   4.70163e-04  -0.00000e+00   5.28433e+03
 MIGRAD FAILS TO FIND IMPROVEMENT
 FCN=1036.87 FROM HESSE     STATUS=NOT POSDEF     58 CALLS         805 TOTAL
                     EDM=53.5413    STRATEGY= 1      ERR MATRIX NOT POS-DEF
  EXT PARAMETER                APPROXIMATE        STEP         FIRST   
  NO.   NAME      VALUE            ERROR          SIZE      DERIVATIVE 
   1  N0           2.84341e+06     fixed    
   2  tau          6.44047e+01   constant   
   3  A0           3.53792e-01     fixed    
   4  phi          4.11413e+00     fixed    
   5  R           -6.13016e+01   constant   
   6  A_CBO        1.10120e-03   1.73054e-03   3.45408e-06   9.58721e+03
   7  w_CBO        2.32652e+00   1.94709e-06   1.10937e-06   3.52542e+06
   8  phi_CBO      6.25356e+00     fixed    
   9  ANx2         6.64823e-04   constant   
  10  pNx2         9.66896e-01   constant   
  11  ANy1         0.00000e+00   constant   
  12  pNy1         0.00000e+00   constant   
  13  w_y          0.00000e+00   constant   
  14  ANy2         4.23162e-04   1.53709e-04   3.44495e-06  -2.39290e+03
  15  pNy2         5.88808e+00   constant   
  16  w_vw         1.43122e+01   constant   
  17  LM           1.40011e-04   constant   
  18  wCBO_expCoeff   1.99999e+02   1.67410e-04   9.53672e-05   4.09865e+04
  19  wCBO_expOffset   2.00000e+02   8.20139e-05   9.53675e-05   2.83010e+05
  20  wCBO_expT    3.00000e+01   1.47325e-05   1.43051e-05  -7.96730e+05
  21  wCBO_linCoeff   0.00000e+00   constant   
  22  wCBO_const  -5.03950e-03   1.31845e-03   8.51032e-06   4.72911e+03
 MIGRAD FAILS TO FIND IMPROVEMENT
 MIGRAD TERMINATED WITHOUT CONVERGENCE.
 FCN=1035.34 FROM MIGRAD    STATUS=FAILED        675 CALLS        1324 TOTAL
                     EDM=33.5431    STRATEGY= 1      ERR MATRIX NOT POS-DEF
  EXT PARAMETER                APPROXIMATE        STEP         FIRST   
  NO.   NAME      VALUE            ERROR          SIZE      DERIVATIVE 
   1  N0           2.84341e+06     fixed    
   2  tau          6.44047e+01   constant   
   3  A0           3.53792e-01     fixed    
   4  phi          4.11413e+00     fixed    
   5  R           -6.13016e+01   constant   
   6  A_CBO        8.23433e-04   2.56875e-04  -0.00000e+00  -3.61299e+03
   7  w_CBO        2.32653e+00   1.85796e-06   0.00000e+00  -1.71149e+06
   8  phi_CBO      6.25356e+00     fixed    
   9  ANx2         6.64823e-04   constant   
  10  pNx2         9.66896e-01   constant   
  11  ANy1         0.00000e+00   constant   
  12  pNy1         0.00000e+00   constant   
  13  w_y          0.00000e+00   constant   
  14  ANy2         4.42032e-04   1.53009e-04   0.00000e+00   3.88446e+02
  15  pNy2         5.88808e+00   constant   
  16  w_vw         1.43122e+01   constant   
  17  LM           1.40011e-04   constant   
  18  wCBO_expCoeff   1.99999e+02   1.59886e-04   0.00000e+00  -1.99138e+04
  19  wCBO_expOffset   2.00000e+02   9.11026e-06   0.00000e+00  -1.07358e+05
  20  wCBO_expT    3.00000e+01   1.36257e-05   0.00000e+00  -3.49322e+05
  21  wCBO_linCoeff   0.00000e+00   constant   
  22  wCBO_const  -5.72735e-03   2.15919e-03  -0.00000e+00   1.97017e+02
 EXTERNAL ERROR MATRIX.    NDIM=  25    NPAR=  7    ERR DEF=1
  6.598e-08 -4.538e-10 -8.261e-10 -3.906e-08 -2.071e-09 -3.329e-09  5.026e-07 
 -4.538e-10  3.452e-12  1.237e-11  2.865e-10  1.593e-11  2.490e-11 -3.919e-09 
 -8.261e-10  1.237e-11  2.341e-08  1.065e-09  6.353e-11  7.418e-11 -9.118e-09 
 -3.906e-08  2.865e-10  1.065e-09  2.556e-08  1.371e-09  2.143e-09 -3.372e-07 
 -2.071e-09  1.593e-11  6.353e-11  1.371e-09  8.300e-11  1.176e-10 -1.860e-08 
 -3.329e-09  2.490e-11  7.418e-11  2.143e-09  1.176e-10  1.857e-10 -2.860e-08 
  5.026e-07 -3.919e-09 -9.118e-09 -3.372e-07 -1.860e-08 -2.860e-08  4.662e-06 
ERR MATRIX NOT POS-DEF
 PARAMETER  CORRELATION COEFFICIENTS  
       NO.  GLOBAL      6      7     14     18     19     20     22
        6  0.99299   1.000 -0.951 -0.021 -0.951 -0.885 -0.951  0.906
        7  0.99796  -0.951  1.000  0.044  0.964  0.941  0.984 -0.977
       14  0.41628  -0.021  0.044  1.000  0.044  0.046  0.036 -0.028
       18  0.99796  -0.951  0.964  0.044  1.000  0.941  0.984 -0.977
       19  0.95509  -0.885  0.941  0.046  0.941  1.000  0.948 -0.946
       20  0.99560  -0.951  0.984  0.036  0.984  0.948  1.000 -0.972
       22  0.99766   0.906 -0.977 -0.028 -0.977 -0.946 -0.972  1.000
 ERR MATRIX NOT POS-DEF
MINUIT - FIT ONLY 2-CBO
 **********
 **   43 **RES 
 **********
                   PARAMETER    8  phi_CBO RESTORED TO VARIABLE.
                   PARAMETER    4  phi RESTORED TO VARIABLE.
                   PARAMETER    3  A0 RESTORED TO VARIABLE.
                   PARAMETER    1  N0 RESTORED TO VARIABLE.
 **********
 **   44 **FIX            0
 **********
 PARAMETER    0  IS UNDEFINED. IGNORED.
 **********
 **   45 **FIX            1
 **********
 **********
 **   46 **FIX            2
 **********
 PARAMETER    2  IS CONSTANT.   IGNORED.
 **********
 **   47 **FIX            3
 **********
 **********
 **   48 **FIX            4
 **********
 **********
 **   49 **FIX            5
 **********
 PARAMETER    5  IS CONSTANT.   IGNORED.
 **********
 **   50 **FIX            6
 **********
 **********
 **   51 **FIX            7
 **********
 **********
 **   52 **FIX           10
 **********
 PARAMETER   10  IS CONSTANT.   IGNORED.
 **********
 **   53 **FIX           11
 **********
 PARAMETER   11  IS CONSTANT.   IGNORED.
 **********
 **   54 **FIX           12
 **********
 PARAMETER   12  IS CONSTANT.   IGNORED.
 **********
 **   55 **FIX           13
 **********
 PARAMETER   13  IS CONSTANT.   IGNORED.
 **********
 **   56 **FIX           14
 **********
 **********
 **   57 **FIX           15
 **********
 PARAMETER   15  IS CONSTANT.   IGNORED.
 **********
 **   58 **FIX           16
 **********
 PARAMETER   16  IS CONSTANT.   IGNORED.
 **********
 **   59 **MIGRAD
 **********
 START MIGRAD MINIMIZATION.  STRATEGY  1.  CONVERGENCE WHEN EDM .LT. 1.00e-04
 FCN=1035.34 FROM MIGRAD    STATUS=INITIATE       10 CALLS        1334 TOTAL
                     EDM= unknown      STRATEGY= 1      NO ERROR MATRIX       
  EXT PARAMETER               CURRENT GUESS       STEP         FIRST   
  NO.   NAME      VALUE            ERROR          SIZE      DERIVATIVE 
   1  N0           2.84341e+06     fixed    
   2  tau          6.44047e+01   constant   
   3  A0           3.53792e-01     fixed    
   4  phi          4.11413e+00     fixed    
   5  R           -6.13016e+01   constant   
   6  A_CBO        8.23433e-04     fixed    
   7  w_CBO        2.32653e+00     fixed    
   8  phi_CBO      6.25356e+00   1.96238e-01   1.96238e-01  -5.98511e-01
   9  ANx2         6.64823e-04   constant   
  10  pNx2         9.66896e-01   constant   
  11  ANy1         0.00000e+00   constant   
  12  pNy1         0.00000e+00   constant   
  13  w_y          0.00000e+00   constant   
  14  ANy2         4.42032e-04     fixed    
  15  pNy2         5.88808e+00   constant   
  16  w_vw         1.43122e+01   constant   
  17  LM           1.40011e-04   constant   
  18  wCBO_expCoeff   1.99999e+02   1.59886e-04   0.00000e+00  -1.99138e+04
  19  wCBO_expOffset   2.00000e+02   9.11026e-06   0.00000e+00  -1.07358e+05
  20  wCBO_expT    3.00000e+01   1.36257e-05   0.00000e+00  -3.49322e+05
  21  wCBO_linCoeff   0.00000e+00   constant   
  22  wCBO_const  -5.72735e-03   2.15919e-03  -0.00000e+00   1.97017e+02
 MIGRAD FAILS TO FIND IMPROVEMENT
 FCN=1035.09 FROM HESSE     STATUS=NOT POSDEF     37 CALLS        1394 TOTAL
                     EDM=228.106    STRATEGY= 1      ERR MATRIX NOT POS-DEF
  EXT PARAMETER                APPROXIMATE        STEP         FIRST   
  NO.   NAME      VALUE            ERROR          SIZE      DERIVATIVE 
   1  N0           2.84341e+06     fixed    
   2  tau          6.44047e+01   constant   
   3  A0           3.53792e-01     fixed    
   4  phi          4.11413e+00     fixed    
   5  R           -6.13016e+01   constant   
   6  A_CBO        8.23433e-04     fixed    
   7  w_CBO        2.32653e+00     fixed    
   8  phi_CBO      6.26352e+00   3.15816e-01   3.97323e-03  -3.76676e+00
   9  ANx2         6.64823e-04   constant   
  10  pNx2         9.66896e-01   constant   
  11  ANy1         0.00000e+00   constant   
  12  pNy1         0.00000e+00   constant   
  13  w_y          0.00000e+00   constant   
  14  ANy2         4.42032e-04     fixed    
  15  pNy2         5.88808e+00   constant   
  16  w_vw         1.43122e+01   constant   
  17  LM           1.40011e-04   constant   
  18  wCBO_expCoeff   1.99999e+02   3.65451e-04   9.53672e-05  -2.33834e+03
  19  wCBO_expOffset   2.00000e+02   1.03709e-04   9.53675e-05   2.13173e+05
  20  wCBO_expT    3.00000e+01   2.01551e-05   1.43051e-05   2.73000e+05
  21  wCBO_linCoeff   0.00000e+00   constant   
  22  wCBO_const  -5.74200e-03   1.66814e-03   8.40045e-06   2.06885e+03
 MIGRAD FAILS TO FIND IMPROVEMENT
 MIGRAD TERMINATED WITHOUT CONVERGENCE.
 FCN=1013.63 FROM MIGRAD    STATUS=FAILED        113 CALLS        1437 TOTAL
                     EDM=37.7698    STRATEGY= 1      ERR MATRIX NOT POS-DEF
  EXT PARAMETER                APPROXIMATE        STEP         FIRST   
  NO.   NAME      VALUE            ERROR          SIZE      DERIVATIVE 
   1  N0           2.84341e+06     fixed    
   2  tau          6.44047e+01   constant   
   3  A0           3.53792e-01     fixed    
   4  phi          4.11413e+00     fixed    
   5  R           -6.13016e+01   constant   
   6  A_CBO        8.23433e-04     fixed    
   7  w_CBO        2.32653e+00     fixed    
   8  phi_CBO      6.63039e+00   2.24819e-01  -0.00000e+00  -1.86399e+01
   9  ANx2         6.64823e-04   constant   
  10  pNx2         9.66896e-01   constant   
  11  ANy1         0.00000e+00   constant   
  12  pNy1         0.00000e+00   constant   
  13  w_y          0.00000e+00   constant   
  14  ANy2         4.42032e-04     fixed    
  15  pNy2         5.88808e+00   constant   
  16  w_vw         1.43122e+01   constant   
  17  LM           1.40011e-04   constant   
  18  wCBO_expCoeff   1.99998e+02   1.58876e-04   0.00000e+00   3.75301e+04
  19  wCBO_expOffset   2.00000e+02   4.09891e-05   0.00000e+00  -1.06924e+05
  20  wCBO_expT    3.00000e+01   8.05480e-06   0.00000e+00  -1.67803e+06
  21  wCBO_linCoeff   0.00000e+00   constant   
  22  wCBO_const  -1.05536e-02   9.12882e-04   0.00000e+00   1.30565e+03
 EXTERNAL ERROR MATRIX.    NDIM=  25    NPAR=  5    ERR DEF=1
  5.054e-02  1.145e-07 -1.074e-06 -4.939e-07  7.028e-06 
  1.145e-07  2.524e-08  5.991e-09  1.146e-09  3.220e-08 
 -1.074e-06  5.991e-09  1.680e-09  3.136e-10  1.850e-08 
 -4.939e-07  1.146e-09  3.136e-10  6.488e-11  3.834e-09 
  7.028e-06  3.220e-08  1.850e-08  3.834e-09  8.334e-07 
ERR MATRIX NOT POS-DEF
 PARAMETER  CORRELATION COEFFICIENTS  
       NO.  GLOBAL      8     18     19     20     22
        8  0.98153   1.000  0.003 -0.117 -0.273  0.034
       18  0.99819   0.003  1.000  0.920  0.896  0.222
       19  0.98416  -0.117  0.920  1.000  0.950  0.494
       20  0.99810  -0.273  0.896  0.950  1.000  0.521
       22  0.98952   0.034  0.222  0.494  0.521  1.000
 ERR MATRIX NOT POS-DEF
MINUIT - FIT ONLY 1-y
 **********
 **   60 **RES 
 **********
                   PARAMETER   14  ANy2 RESTORED TO VARIABLE.
                   PARAMETER    7  w_CBO RESTORED TO VARIABLE.
                   PARAMETER    6  A_CBO RESTORED TO VARIABLE.
                   PARAMETER    4  phi RESTORED TO VARIABLE.
                   PARAMETER    3  A0 RESTORED TO VARIABLE.
                   PARAMETER    1  N0 RESTORED TO VARIABLE.
 **********
 **   61 **FIX            0
 **********
 PARAMETER    0  IS UNDEFINED. IGNORED.
 **********
 **   62 **FIX            1
 **********
 **********
 **   63 **FIX            2
 **********
 PARAMETER    2  IS CONSTANT.   IGNORED.
 **********
 **   64 **FIX            3
 **********
 **********
 **   65 **FIX            4
 **********
 **********
 **   66 **FIX            5
 **********
 PARAMETER    5  IS CONSTANT.   IGNORED.
 **********
 **   67 **FIX            6
 **********
 **********
 **   68 **FIX            7
 **********
 **********
 **   69 **FIX            8
 **********
 **********
 **   70 **FIX            9
 **********
 PARAMETER    9  IS CONSTANT.   IGNORED.
 **********
 **   71 **FIX           13
 **********
 PARAMETER   13  IS CONSTANT.   IGNORED.
 **********
 **   72 **FIX           14
 **********
 **********
 **   73 **FIX           15
 **********
 PARAMETER   15  IS CONSTANT.   IGNORED.
 **********
 **   74 **FIX           16
 **********
 PARAMETER   16  IS CONSTANT.   IGNORED.
 **********
 **   75 **MIGRAD
 **********
 START MIGRAD MINIMIZATION.  STRATEGY  1.  CONVERGENCE WHEN EDM .LT. 1.00e-04
 FCN=1013.63 FROM MIGRAD    STATUS=INITIATE        8 CALLS        1445 TOTAL
                     EDM= unknown      STRATEGY= 1      NO ERROR MATRIX       
  EXT PARAMETER               CURRENT GUESS       STEP         FIRST   
  NO.   NAME      VALUE            ERROR          SIZE      DERIVATIVE 
   1  N0           2.84341e+06     fixed    
   2  tau          6.44047e+01   constant   
   3  A0           3.53792e-01     fixed    
   4  phi          4.11413e+00     fixed    
   5  R           -6.13016e+01   constant   
   6  A_CBO        8.23433e-04     fixed    
   7  w_CBO        2.32653e+00     fixed    
   8  phi_CBO      6.63039e+00     fixed    
   9  ANx2         6.64823e-04   constant   
  10  pNx2         9.66896e-01   constant   
  11  ANy1         0.00000e+00   constant   
  12  pNy1         0.00000e+00   constant   
  13  w_y          0.00000e+00   constant   
  14  ANy2         4.42032e-04     fixed    
  15  pNy2         5.88808e+00   constant   
  16  w_vw         1.43122e+01   constant   
  17  LM           1.40011e-04   constant   
  18  wCBO_expCoeff   1.99998e+02   1.58876e-04   0.00000e+00   3.75301e+04
  19  wCBO_expOffset   2.00000e+02   4.09891e-05   0.00000e+00  -1.06924e+05
  20  wCBO_expT    3.00000e+01   8.05480e-06   0.00000e+00  -1.67803e+06
  21  wCBO_linCoeff   0.00000e+00   constant   
  22  wCBO_const  -1.05536e-02   9.12882e-04   0.00000e+00   1.30565e+03
 MIGRAD FAILS TO FIND IMPROVEMENT
 FCN=1005.78 FROM HESSE     STATUS=NOT POSDEF     29 CALLS        1520 TOTAL
                     EDM=130    STRATEGY= 1      ERR MATRIX NOT POS-DEF
  EXT PARAMETER                APPROXIMATE        STEP         FIRST   
  NO.   NAME      VALUE            ERROR          SIZE      DERIVATIVE 
   1  N0           2.84341e+06     fixed    
   2  tau          6.44047e+01   constant   
   3  A0           3.53792e-01     fixed    
   4  phi          4.11413e+00     fixed    
   5  R           -6.13016e+01   constant   
   6  A_CBO        8.23433e-04     fixed    
   7  w_CBO        2.32653e+00     fixed    
   8  phi_CBO      6.63039e+00     fixed    
   9  ANx2         6.64823e-04   constant   
  10  pNx2         9.66896e-01   constant   
  11  ANy1         0.00000e+00   constant   
  12  pNy1         0.00000e+00   constant   
  13  w_y          0.00000e+00   constant   
  14  ANy2         4.42032e-04     fixed    
  15  pNy2         5.88808e+00   constant   
  16  w_vw         1.43122e+01   constant   
  17  LM           1.40011e-04   constant   
  18  wCBO_expCoeff   1.99998e+02   3.20662e-04   9.53666e-05  -1.98833e+04
  19  wCBO_expOffset   2.00000e+02   6.55310e-05   9.53674e-05  -4.47961e+05
  20  wCBO_expT    3.00000e+01   2.55887e-05   1.43051e-05   5.78783e+05
  21  wCBO_linCoeff   0.00000e+00   constant   
  22  wCBO_const  -7.19353e-03   9.39711e-04   7.68506e-06  -2.42152e+03
 MIGRAD FAILS TO FIND IMPROVEMENT
 MIGRAD TERMINATED WITHOUT CONVERGENCE.
 FCN=1005.54 FROM MIGRAD    STATUS=FAILED        108 CALLS        1545 TOTAL
                     EDM=91.9732    STRATEGY= 1      ERR MATRIX NOT POS-DEF
  EXT PARAMETER                APPROXIMATE        STEP         FIRST   
  NO.   NAME      VALUE            ERROR          SIZE      DERIVATIVE 
   1  N0           2.84341e+06     fixed    
   2  tau          6.44047e+01   constant   
   3  A0           3.53792e-01     fixed    
   4  phi          4.11413e+00     fixed    
   5  R           -6.13016e+01   constant   
   6  A_CBO        8.23433e-04     fixed    
   7  w_CBO        2.32653e+00     fixed    
   8  phi_CBO      6.63039e+00     fixed    
   9  ANx2         6.64823e-04   constant   
  10  pNx2         9.66896e-01   constant   
  11  ANy1         0.00000e+00   constant   
  12  pNy1         0.00000e+00   constant   
  13  w_y          0.00000e+00   constant   
  14  ANy2         4.42032e-04     fixed    
  15  pNy2         5.88808e+00   constant   
  16  w_vw         1.43122e+01   constant   
  17  LM           1.40011e-04   constant   
  18  wCBO_expCoeff   1.99998e+02   4.42357e-05  -0.00000e+00   2.54028e+03
  19  wCBO_expOffset   2.00000e+02   4.35846e-06   0.00000e+00  -3.91984e+04
  20  wCBO_expT    3.00000e+01   2.26232e-06  -0.00000e+00   8.26910e+05
  21  wCBO_linCoeff   0.00000e+00   constant   
  22  wCBO_const  -7.15882e-03   5.41782e-04   0.00000e+00  -3.12039e+02
 EXTERNAL ERROR MATRIX.    NDIM=  25    NPAR=  4    ERR DEF=1
  1.957e-09 -4.969e-12  5.371e-11 -1.266e-08 
 -4.969e-12  1.900e-11 -9.751e-13 -7.110e-10 
  5.371e-11 -9.751e-13  5.118e-12  9.925e-11 
 -1.266e-08 -7.110e-10  9.925e-11  2.935e-07 
ERR MATRIX NOT POS-DEF
 PARAMETER  CORRELATION COEFFICIENTS  
       NO.  GLOBAL     18     19     20     22
       18  0.79933   1.000 -0.026  0.537 -0.528
       19  0.38517  -0.026  1.000 -0.099 -0.301
       20  0.69173   0.537 -0.099  1.000  0.081
       22  0.73463  -0.528 -0.301  0.081  1.000
 ERR MATRIX NOT POS-DEF
MINUIT - FIT ONLY 2-y
 **********
 **   76 **RES 
 **********
                   PARAMETER   14  ANy2 RESTORED TO VARIABLE.
                   PARAMETER    8  phi_CBO RESTORED TO VARIABLE.
                   PARAMETER    7  w_CBO RESTORED TO VARIABLE.
                   PARAMETER    6  A_CBO RESTORED TO VARIABLE.
                   PARAMETER    4  phi RESTORED TO VARIABLE.
                   PARAMETER    3  A0 RESTORED TO VARIABLE.
                   PARAMETER    1  N0 RESTORED TO VARIABLE.
 **********
 **   77 **FIX            0
 **********
