 + ++++++++++++++++++++++++++++++++++++++++++++++++++++++++++++++++++++ +
 +                                                                      +
 +           You have chose to blind your fitting according to          +
 +                omega_ref * (1 + (R +/- deltaR) *10^{-6})             +
 +                                                                      +
 + ++++++++++++++++++++++++++++++++++++++++++++++++++++++++++++++++++++ +
In main()...
reading format from /gm2data/zkhechad/run45/envelope/formats/formatB_sBin_constraintOn.txt
pBinTau 	= 0  
pBinPhi 	= 0  
constraintau 	= 1 
includeMopTerm 	= 0    
constrainMop    = 0   
Parameters after format file: pBinTau 0 pBinPhi 0 constraintau 1 includeMopTerm 0 constrainMop 0 c_e_scale 0.000000 
reading cbo reference file (full fit) from /gm2data/zkhechad/cboTemplates/Run4CBOTemplates/fullFits/run4/sBin_constraintOn_cE0.0_seed0_run4_calo2.root
A_CBO 0.007108 w_CBO 2.327171 phi_CBO 2.947562 N0 3111930.391320 R -60.007933 tau 64.411359 
Reading cboRef file /gm2data/zkhechad/cboTemplates/Run4CBOTemplates//cboIsolate/run4_calo2.root
deltaT 164.120000
windowBins = 1100
fitting sliding window 2060 from bin 2263 at 337.639600 to bin 3363 at 501.759600 (1100 bins)

Reading data from /gm2data/cornell/histograms/aMethod/histogram_a_run4.root
fitting cbo isolate
 **********
 **    1 **SET PRINTOUT            1
 **********
 **********
 **    2 **SET NOWARNINGS 
 **********
 PARAMETER DEFINITIONS:
    NO.   NAME         VALUE      STEP SIZE      LIMITS
     1 A_CBO        7.10761e-03  1.00000e-05     no limits
     2 w_CBO        2.32717e+00  1.00000e-02    2.00000e+00  3.00000e+00
     3 phi_CBO      2.94756e+00  1.00000e-02    0.00000e+00  6.28319e+00
 **********
 **    3 **MIGRAD
 **********
 FIRST CALL TO USER FUNCTION AT NEW START POINT, WITH IFLAG=4.
 START MIGRAD MINIMIZATION.  STRATEGY  1.  CONVERGENCE WHEN EDM .LT. 1.00e-04
 FCN=0.139306 FROM MIGRAD    STATUS=INITIATE       12 CALLS          13 TOTAL
                     EDM= unknown      STRATEGY= 1      NO ERROR MATRIX       
  EXT PARAMETER               CURRENT GUESS       STEP         FIRST   
  NO.   NAME      VALUE            ERROR          SIZE      DERIVATIVE 
   1  A_CBO        7.10761e-03   1.00000e-05   1.00000e-05   5.53803e+00
   2  w_CBO        2.32717e+00   1.00000e-02   2.13160e-02   1.48453e+00
   3  phi_CBO      2.94756e+00   1.00000e-02   3.18919e-03  -2.34548e-02
 MIGRAD MINIMIZATION HAS CONVERGED.
 MIGRAD WILL VERIFY CONVERGENCE AND ERROR MATRIX.
 COVARIANCE MATRIX CALCULATED SUCCESSFULLY
 FCN=0.124865 FROM HESSE     STATUS=OK             16 CALLS          60 TOTAL
                     EDM=6.99515e-05    STRATEGY= 1      ERROR MATRIX ACCURATE 
  EXT PARAMETER                                   STEP         FIRST   
  NO.   NAME      VALUE            ERROR          SIZE      DERIVATIVE 
   1  A_CBO        2.26260e-03   4.26807e-02   2.20527e-05  -1.46666e-02
   2  w_CBO        2.32673e+00   3.44352e-01   5.06962e-05  -8.46960e-04
   3  phi_CBO      3.17613e+00   4.13265e+00   3.32187e-03  -2.95353e-04
 MIGRAD MINIMIZATION HAS CONVERGED.
 FCN=0.1248 FROM MIGRAD    STATUS=CONVERGED      68 CALLS          69 TOTAL
                     EDM=2.77026e-06    STRATEGY= 1  ERROR MATRIX UNCERTAINTY   2.7 per cent
  EXT PARAMETER                                   STEP         FIRST   
  NO.   NAME      VALUE            ERROR          SIZE      DERIVATIVE 
   1  A_CBO        2.29102e-03   4.27594e-02   2.84185e-05  -1.13360e-02
   2  w_CBO        2.32933e+00   3.25568e-01   5.52665e-03   3.40134e-02
   3  phi_CBO      4.29457e+00   4.82280e+00   3.64793e-01  -5.35084e-04
 EXTERNAL ERROR MATRIX.    NDIM=  25    NPAR=  3    ERR DEF=1
  1.828e-03  1.276e-03  5.354e-01 
  1.276e-03  1.294e-01  5.369e+01 
  5.354e-01  5.369e+01  2.258e+04 
 PARAMETER  CORRELATION COEFFICIENTS  
       NO.  GLOBAL      1      2      3
        1  0.08334   1.000  0.083  0.083
        2  0.99346   0.083  1.000  0.993
        3  0.99346   0.083  0.993  1.000
setting A_CBO=0.002291 w_CBO=2.329327, phi_CBO=4.294572
done fitting cbo isolate
 **********
 **    1 **SET PRINTOUT            1
 **********
 **********
 **    2 **SET NOWARNINGS 
 **********
 PARAMETER DEFINITIONS:
    NO.   NAME         VALUE      STEP SIZE      LIMITS
     1 N0           3.11193e+06  1.00000e+02     no limits
     2 tau          6.44114e+01  constant
     3 A0           3.64516e-01  1.00000e-04     no limits
     4 phi          4.11813e+00  1.00000e-02     no limits
     5 R           -6.00079e+01  constant
     6 A_CBO        2.29102e-03  1.00000e-05     no limits
     7 w_CBO        2.32933e+00  1.00000e-03     no limits
     8 phi_CBO      4.29457e+00  1.00000e-04     no limits
     9 ANx2         3.40456e-04  constant
    10 pNx2         3.19484e+00  constant
    11 ANy1         0.00000e+00  constant
    12 pNy1         0.00000e+00  constant
    13 w_y          0.00000e+00  constant
    14 ANy2         1.04941e-02  1.00000e-04     no limits
    15 pNy2         5.11372e+00  constant
    16 w_vw         1.43155e+01  constant
    17 LM           3.07992e-04  constant
    18 wCBO_expCoeff   2.00000e+02  1.00000e+00     no limits
    19 wCBO_expOffset   2.00000e+02  1.00000e+00     no limits
    20 wCBO_expT    3.00000e+01  1.00000e+00     no limits
    21 wCBO_linCoeff   0.00000e+00  constant
    22 wCBO_const   0.00000e+00  1.00000e-02     no limits
MINUIT - FIT ONLY WIGGLE
 **********
 **    3 **FIX            5
 **********
 PARAMETER    5  IS CONSTANT.   IGNORED.
 **********
 **    4 **FIX            6
 **********
 **********
 **    5 **FIX            7
 **********
 **********
 **    6 **FIX            8
 **********
 **********
 **    7 **FIX            9
 **********
 PARAMETER    9  IS CONSTANT.   IGNORED.
 **********
 **    8 **FIX           10
 **********
 PARAMETER   10  IS CONSTANT.   IGNORED.
 **********
 **    9 **FIX           11
 **********
 PARAMETER   11  IS CONSTANT.   IGNORED.
 **********
 **   10 **FIX           12
 **********
 PARAMETER   12  IS CONSTANT.   IGNORED.
 **********
 **   11 **FIX           13
 **********
 PARAMETER   13  IS CONSTANT.   IGNORED.
 **********
 **   12 **FIX           14
 **********
 **********
 **   13 **FIX           15
 **********
 PARAMETER   15  IS CONSTANT.   IGNORED.
 **********
 **   14 **FIX           16
 **********
 PARAMETER   16  IS CONSTANT.   IGNORED.
 **********
 **   15 **MIGRAD
 **********
 FIRST CALL TO USER FUNCTION AT NEW START POINT, WITH IFLAG=4.
 START MIGRAD MINIMIZATION.  STRATEGY  1.  CONVERGENCE WHEN EDM .LT. 1.00e-04
 FCN=588.701 FROM MIGRAD    STATUS=INITIATE       30 CALLS          31 TOTAL
                     EDM= unknown      STRATEGY= 1      NO ERROR MATRIX       
  EXT PARAMETER               CURRENT GUESS       STEP         FIRST   
  NO.   NAME      VALUE            ERROR          SIZE      DERIVATIVE 
   1  N0           3.11193e+06   1.00000e+02   1.00000e+02  -9.57645e-05
   2  tau          6.44114e+01   constant   
   3  A0           3.64516e-01   1.00000e-04   1.00000e-04  -8.93456e+01
   4  phi          4.11813e+00   1.00000e-02   1.00000e-02   4.05546e+02
   5  R           -6.00079e+01   constant   
   6  A_CBO        2.29102e-03     fixed    
   7  w_CBO        2.32933e+00     fixed    
   8  phi_CBO      4.29457e+00     fixed    
   9  ANx2         3.40456e-04   constant   
  10  pNx2         3.19484e+00   constant   
  11  ANy1         0.00000e+00   constant   
  12  pNy1         0.00000e+00   constant   
  13  w_y          0.00000e+00   constant   
  14  ANy2         1.04941e-02     fixed    
  15  pNy2         5.11372e+00   constant   
  16  w_vw         1.43155e+01   constant   
  17  LM           3.07992e-04   constant   
  18  wCBO_expCoeff   2.00000e+02   1.00000e+00   1.00000e+00   1.83718e+01
  19  wCBO_expOffset   2.00000e+02   1.00000e+00   1.00000e+00   1.22432e+02
  20  wCBO_expT    3.00000e+01   1.00000e+00   1.00000e+00   5.21657e+02
  21  wCBO_linCoeff   0.00000e+00   constant   
  22  wCBO_const   0.00000e+00   1.00000e-02   1.00000e-02  -6.02776e+01
 MIGRAD MINIMIZATION HAS CONVERGED.
 FCN=577.467 FROM MIGRAD    STATUS=CONVERGED     304 CALLS         305 TOTAL
                     EDM=9.45295e-08    STRATEGY= 1  ERROR MATRIX UNCERTAINTY   3.0 per cent
  EXT PARAMETER                                   STEP         FIRST   
  NO.   NAME      VALUE            ERROR          SIZE      DERIVATIVE 
   1  N0           3.11219e+06   1.44071e+03   1.31545e+00  -3.12098e-08
   2  tau          6.44114e+01   constant   
   3  A0           3.64538e-01   6.13119e-04   3.27985e-07   1.77927e-01
   4  phi          4.11809e+00   1.76559e-03  -3.47885e-06   4.49523e-02
   5  R           -6.00079e+01   constant   
   6  A_CBO        2.29102e-03     fixed    
   7  w_CBO        2.32933e+00     fixed    
   8  phi_CBO      4.29457e+00     fixed    
   9  ANx2         3.40456e-04   constant   
  10  pNx2         3.19484e+00   constant   
  11  ANy1         0.00000e+00   constant   
  12  pNy1         0.00000e+00   constant   
  13  w_y          0.00000e+00   constant   
  14  ANy2         1.04941e-02     fixed    
  15  pNy2         5.11372e+00   constant   
  16  w_vw         1.43155e+01   constant   
  17  LM           3.07992e-04   constant   
  18  wCBO_expCoeff   2.01266e+02   1.00161e+00   3.06401e-04  -4.45017e-03
  19  wCBO_expOffset   2.00342e+02   2.81123e-01  -7.17587e-04  -2.99945e-02
  20  wCBO_expT    2.98565e+01   5.21877e-02   1.53080e-04  -1.54652e-01
  21  wCBO_linCoeff   0.00000e+00   constant   
  22  wCBO_const   7.00572e-03   1.17373e-03  -3.23178e-06  -1.13697e+00
 EXTERNAL ERROR MATRIX.    NDIM=  25    NPAR=  7    ERR DEF=1
  2.076e+06 -7.469e-03  6.416e-02  4.124e+02 -5.516e+01 -2.181e+00  1.438e-01 
 -7.469e-03  3.759e-07  7.895e-11 -7.799e-07 -7.879e-06  1.845e-06 -5.605e-08 
  6.416e-02  7.895e-11  3.117e-06  1.187e-05  1.752e-05 -4.811e-06  1.729e-07 
  4.124e+02 -7.799e-07  1.187e-05  1.003e+00 -1.521e-01  5.103e-04  1.122e-05 
 -5.516e+01 -7.879e-06  1.752e-05 -1.521e-01  7.903e-02 -1.236e-02  2.168e-04 
 -2.181e+00  1.845e-06 -4.811e-06  5.103e-04 -1.236e-02  2.724e-03 -5.098e-05 
  1.438e-01 -5.605e-08  1.729e-07  1.122e-05  2.168e-04 -5.098e-05  1.378e-06 
 PARAMETER  CORRELATION COEFFICIENTS  
       NO.  GLOBAL      1      3      4     18     19     20     22
        1  0.30724   1.000 -0.008  0.025  0.286 -0.136 -0.029  0.085
        3  0.08320  -0.008  1.000  0.000 -0.001 -0.046  0.058 -0.078
        4  0.09087   0.025  0.000  1.000  0.007  0.035 -0.052  0.083
       18  0.99406   0.286 -0.001  0.007  1.000 -0.540  0.010  0.010
       19  0.99832  -0.136 -0.046  0.035 -0.540  1.000 -0.842  0.657
       20  0.99808  -0.029  0.058 -0.052  0.010 -0.842  1.000 -0.832
       22  0.92675   0.085 -0.078  0.083  0.010  0.657 -0.832  1.000
MINUIT - FIT ONLY 1-CBO + other amplitudes 
 **********
 **   16 **RES 
 **********
                   PARAMETER   14  ANy2 RESTORED TO VARIABLE.
                   PARAMETER    8  phi_CBO RESTORED TO VARIABLE.
                   PARAMETER    7  w_CBO RESTORED TO VARIABLE.
                   PARAMETER    6  A_CBO RESTORED TO VARIABLE.
 **********
 **   17 **FIX            0
 **********
 PARAMETER    0  IS UNDEFINED. IGNORED.
 **********
 **   18 **FIX            1
 **********
 **********
 **   19 **FIX            2
 **********
 PARAMETER    2  IS CONSTANT.   IGNORED.
 **********
 **   20 **FIX            3
 **********
 **********
 **   21 **FIX            4
 **********
 **********
 **   22 **FIX            9
 **********
 PARAMETER    9  IS CONSTANT.   IGNORED.
 **********
 **   23 **FIX           11
 **********
 PARAMETER   11  IS CONSTANT.   IGNORED.
 **********
 **   24 **FIX           12
 **********
 PARAMETER   12  IS CONSTANT.   IGNORED.
 **********
 **   25 **FIX           14
 **********
 **********
 **   26 **FIX           15
 **********
 PARAMETER   15  IS CONSTANT.   IGNORED.
 **********
 **   27 **FIX           16
 **********
 PARAMETER   16  IS CONSTANT.   IGNORED.
 **********
 **   28 **MIGRAD
 **********
 START MIGRAD MINIMIZATION.  STRATEGY  1.  CONVERGENCE WHEN EDM .LT. 1.00e-04
 FCN=577.467 FROM MIGRAD    STATUS=INITIATE       20 CALLS         325 TOTAL
                     EDM= unknown      STRATEGY= 1      NO ERROR MATRIX       
  EXT PARAMETER               CURRENT GUESS       STEP         FIRST   
  NO.   NAME      VALUE            ERROR          SIZE      DERIVATIVE 
   1  N0           3.11219e+06     fixed    
   2  tau          6.44114e+01   constant   
   3  A0           3.64538e-01     fixed    
   4  phi          4.11809e+00     fixed    
   5  R           -6.00079e+01   constant   
   6  A_CBO        2.29102e-03   1.00000e-05   1.00000e-05   5.32973e+03
   7  w_CBO        2.32933e+00   1.00000e-03   1.00000e-03  -8.78343e-01
   8  phi_CBO      4.29457e+00   1.00000e-04   1.00000e-04  -1.91453e+00
   9  ANx2         3.40456e-04   constant   
  10  pNx2         3.19484e+00   constant   
  11  ANy1         0.00000e+00   constant   
  12  pNy1         0.00000e+00   constant   
  13  w_y          0.00000e+00   constant   
  14  ANy2         1.04941e-02     fixed    
  15  pNy2         5.11372e+00   constant   
  16  w_vw         1.43155e+01   constant   
  17  LM           3.07992e-04   constant   
  18  wCBO_expCoeff   2.01266e+02   1.00161e+00   3.06401e-04  -4.45019e-03
  19  wCBO_expOffset   2.00342e+02   2.81123e-01  -7.17587e-04  -2.99946e-02
  20  wCBO_expT    2.98565e+01   5.21877e-02   1.53080e-04  -1.54653e-01
  21  wCBO_linCoeff   0.00000e+00   constant   
  22  wCBO_const   7.00572e-03   1.17373e-03  -3.23178e-06  -1.13698e+00
 MIGRAD MINIMIZATION HAS CONVERGED.
 MIGRAD WILL VERIFY CONVERGENCE AND ERROR MATRIX.
 COVARIANCE MATRIX CALCULATED SUCCESSFULLY
 FCN=572.868 FROM MIGRAD    STATUS=CONVERGED     273 CALLS         578 TOTAL
                     EDM=3.19438e-06    STRATEGY= 1      ERROR MATRIX ACCURATE 
  EXT PARAMETER                                   STEP         FIRST   
  NO.   NAME      VALUE            ERROR          SIZE      DERIVATIVE 
   1  N0           3.11219e+06     fixed    
   2  tau          6.44114e+01   constant   
   3  A0           3.64538e-01     fixed    
   4  phi          4.11809e+00     fixed    
   5  R           -6.00079e+01   constant   
   6  A_CBO        1.15606e-03   6.56829e-04   7.61299e-06  -6.50464e-01
   7  w_CBO        2.32801e+00   1.80991e-02   7.22129e-06  -1.98950e+00
   8  phi_CBO      5.46664e+00   8.08808e-01   6.50845e-03  -4.53434e-04
   9  ANx2         3.40456e-04   constant   
  10  pNx2         3.19484e+00   constant   
  11  ANy1         0.00000e+00   constant   
  12  pNy1         0.00000e+00   constant   
  13  w_y          0.00000e+00   constant   
  14  ANy2         1.04941e-02     fixed    
  15  pNy2         5.11372e+00   constant   
  16  w_vw         1.43155e+01   constant   
  17  LM           3.07992e-04   constant   
  18  wCBO_expCoeff   2.00580e+02   1.75580e+00   1.38616e-03  -6.14909e-03
  19  wCBO_expOffset   2.00240e+02   2.61882e-01   2.06665e-04  -4.12524e-02
  20  wCBO_expT    2.99051e+01   4.51153e-02   3.92908e-05  -2.49883e-01
  21  wCBO_linCoeff   0.00000e+00   constant   
  22  wCBO_const   7.67318e-03   7.78678e-03   5.13990e-06  -3.37269e+00
 EXTERNAL ERROR MATRIX.    NDIM=  25    NPAR=  7    ERR DEF=1
  4.314e-07  3.826e-07 -3.928e-05  4.304e-05  6.416e-06 -3.541e-06 -1.578e-07 
  3.826e-07  3.276e-04 -9.492e-04 -1.083e-02 -1.619e-03 -2.000e-04 -1.399e-04 
 -3.928e-05 -9.492e-04  6.542e-01 -1.087e-01 -1.620e-02  9.542e-03  6.176e-04 
  4.304e-05 -1.083e-02 -1.087e-01  3.083e+00 -2.019e-01 -2.422e-02  4.910e-03 
  6.416e-06 -1.619e-03 -1.620e-02 -2.019e-01  6.858e-02 -3.610e-03  7.339e-04 
 -3.541e-06 -2.000e-04  9.542e-03 -2.422e-02 -3.610e-03  2.035e-03  6.441e-05 
 -1.578e-07 -1.399e-04  6.176e-04  4.910e-03  7.339e-04  6.441e-05  6.063e-05 
 PARAMETER  CORRELATION COEFFICIENTS  
       NO.  GLOBAL      6      7      8     18     19     20     22
        6  0.13457   1.000  0.032 -0.074  0.037  0.037 -0.119 -0.031
        7  0.99942   0.032  1.000 -0.065 -0.341 -0.341 -0.245 -0.993
        8  0.72438  -0.074 -0.065  1.000 -0.077 -0.076  0.261  0.098
       18  0.99772   0.037 -0.341 -0.077  1.000 -0.439 -0.306  0.359
       19  0.99772   0.037 -0.341 -0.076 -0.439  1.000 -0.306  0.360
       20  0.99722  -0.119 -0.245  0.261 -0.306 -0.306  1.000  0.183
       22  0.99840  -0.031 -0.993  0.098  0.359  0.360  0.183  1.000
MINUIT - FIT ONLY 1-CBO
 **********
 **   29 **RES 
 **********
                   PARAMETER   14  ANy2 RESTORED TO VARIABLE.
                   PARAMETER    4  phi RESTORED TO VARIABLE.
                   PARAMETER    3  A0 RESTORED TO VARIABLE.
                   PARAMETER    1  N0 RESTORED TO VARIABLE.
 **********
 **   30 **FIX            0
 **********
 PARAMETER    0  IS UNDEFINED. IGNORED.
 **********
 **   31 **FIX            1
 **********
 **********
 **   32 **FIX            2
 **********
 PARAMETER    2  IS CONSTANT.   IGNORED.
 **********
 **   33 **FIX            3
 **********
 **********
 **   34 **FIX            4
 **********
 **********
 **   35 **FIX            8
 **********
 **********
 **   36 **FIX            9
 **********
 PARAMETER    9  IS CONSTANT.   IGNORED.
 **********
 **   37 **FIX           11
 **********
 PARAMETER   11  IS CONSTANT.   IGNORED.
 **********
 **   38 **FIX           12
 **********
 PARAMETER   12  IS CONSTANT.   IGNORED.
 **********
 **   39 **FIX           13
 **********
 PARAMETER   13  IS CONSTANT.   IGNORED.
 **********
 **   40 **FIX           15
 **********
 PARAMETER   15  IS CONSTANT.   IGNORED.
 **********
 **   41 **FIX           16
 **********
 PARAMETER   16  IS CONSTANT.   IGNORED.
 **********
 **   42 **MIGRAD
 **********
 START MIGRAD MINIMIZATION.  STRATEGY  1.  CONVERGENCE WHEN EDM .LT. 1.00e-04
 FCN=572.868 FROM MIGRAD    STATUS=INITIATE       16 CALLS         594 TOTAL
                     EDM= unknown      STRATEGY= 1      NO ERROR MATRIX       
  EXT PARAMETER               CURRENT GUESS       STEP         FIRST   
  NO.   NAME      VALUE            ERROR          SIZE      DERIVATIVE 
   1  N0           3.11219e+06     fixed    
   2  tau          6.44114e+01   constant   
   3  A0           3.64538e-01     fixed    
   4  phi          4.11809e+00     fixed    
   5  R           -6.00079e+01   constant   
   6  A_CBO        1.15606e-03   6.56829e-04   7.61299e-06  -6.50464e-01
   7  w_CBO        2.32801e+00   1.80991e-02   7.22129e-06  -1.99457e+00
   8  phi_CBO      5.46664e+00     fixed    
   9  ANx2         3.40456e-04   constant   
  10  pNx2         3.19484e+00   constant   
  11  ANy1         0.00000e+00   constant   
  12  pNy1         0.00000e+00   constant   
  13  w_y          0.00000e+00   constant   
  14  ANy2         1.04941e-02   1.00000e-04   1.00000e-04   4.95997e+04
  15  pNy2         5.11372e+00   constant   
  16  w_vw         1.43155e+01   constant   
  17  LM           3.07992e-04   constant   
  18  wCBO_expCoeff   2.00580e+02   1.75580e+00   1.38616e-03  -6.24768e-03
  19  wCBO_expOffset   2.00240e+02   2.61882e-01   2.06665e-04  -4.19001e-02
  20  wCBO_expT    2.99051e+01   4.51153e-02   3.92908e-05  -2.52264e-01
  21  wCBO_linCoeff   0.00000e+00   constant   
  22  wCBO_const   7.67318e-03   7.78678e-03   5.13990e-06  -3.37389e+00
 MIGRAD MINIMIZATION HAS CONVERGED.
 FCN=313.089 FROM MIGRAD    STATUS=CONVERGED     279 CALLS         857 TOTAL
                     EDM=2.4503e-07    STRATEGY= 1  ERROR MATRIX UNCERTAINTY   4.3 per cent
  EXT PARAMETER                                   STEP         FIRST   
  NO.   NAME      VALUE            ERROR          SIZE      DERIVATIVE 
   1  N0           3.11219e+06     fixed    
   2  tau          6.44114e+01   constant   
   3  A0           3.64538e-01     fixed    
   4  phi          4.11809e+00     fixed    
   5  R           -6.00079e+01   constant   
   6  A_CBO        8.60733e-04   6.62628e-04   4.03891e-07  -4.45752e-01
   7  w_CBO        2.34397e+00   8.17551e-02  -9.27216e-05   5.90708e-01
   8  phi_CBO      5.46664e+00     fixed    
   9  ANx2         3.40456e-04   constant   
  10  pNx2         3.19484e+00   constant   
  11  ANy1         0.00000e+00   constant   
  12  pNy1         0.00000e+00   constant   
  13  w_y          0.00000e+00   constant   
  14  ANy2         2.70517e-05   6.55911e-04   4.57091e-07  -1.29848e-01
  15  pNy2         5.11372e+00   constant   
  16  w_vw         1.43155e+01   constant   
  17  LM           3.07992e-04   constant   
  18  wCBO_expCoeff   2.00689e+02   9.99966e-01  -7.33597e-06   4.25175e-03
  19  wCBO_expOffset   2.00272e+02   1.03066e+00   1.55357e-03   2.85812e-02
  20  wCBO_expT    2.98572e+01   6.21977e-02  -7.94736e-05   1.38186e-01
  21  wCBO_linCoeff   0.00000e+00   constant   
  22  wCBO_const   9.91509e-04   3.49759e-02   4.16881e-05   5.41989e-01
 EXTERNAL ERROR MATRIX.    NDIM=  25    NPAR=  7    ERR DEF=1
  4.391e-07 -4.577e-06  1.446e-08 -1.324e-07  1.675e-05  9.111e-06  1.848e-06 
 -4.577e-06  6.684e-03  5.451e-08 -2.546e-04 -8.022e-02 -1.138e-03 -2.858e-03 
  1.446e-08  5.451e-08  4.302e-07 -1.077e-07 -4.145e-06  5.721e-07 -1.885e-08 
 -1.324e-07 -2.546e-04 -1.077e-07  9.999e-01 -1.461e-01  1.056e-04  1.082e-04 
  1.675e-05 -8.022e-02 -4.145e-06 -1.461e-01  1.062e+00 -3.135e-03  3.454e-02 
  9.111e-06 -1.138e-03  5.721e-07  1.056e-04 -3.135e-03  3.869e-03  4.313e-04 
  1.848e-06 -2.858e-03 -1.885e-08  1.082e-04  3.454e-02  4.313e-04  1.223e-03 
 PARAMETER  CORRELATION COEFFICIENTS  
       NO.  GLOBAL      6      7     14     18     19     20     22
        6  0.23174   1.000 -0.084  0.033 -0.000  0.025  0.221  0.080
        7  0.99998  -0.084  1.000  0.001 -0.003 -0.952 -0.224 -1.000
       14  0.06278   0.033  0.001  1.000 -0.000 -0.006  0.014 -0.001
       18  0.99396  -0.000 -0.003 -0.000  1.000 -0.142  0.002  0.003
       19  0.99987   0.025 -0.952 -0.006 -0.142  1.000 -0.049  0.958
       20  0.99864   0.221 -0.224  0.014  0.002 -0.049  1.000  0.198
       22  0.99994   0.080 -1.000 -0.001  0.003  0.958  0.198  1.000
MINUIT - FIT ONLY 2-CBO
 **********
 **   43 **RES 
 **********
                   PARAMETER    8  phi_CBO RESTORED TO VARIABLE.
                   PARAMETER    4  phi RESTORED TO VARIABLE.
                   PARAMETER    3  A0 RESTORED TO VARIABLE.
                   PARAMETER    1  N0 RESTORED TO VARIABLE.
 **********
 **   44 **FIX            0
 **********
 PARAMETER    0  IS UNDEFINED. IGNORED.
 **********
 **   45 **FIX            1
 **********
 **********
 **   46 **FIX            2
 **********
 PARAMETER    2  IS CONSTANT.   IGNORED.
 **********
 **   47 **FIX            3
 **********
 **********
 **   48 **FIX            4
 **********
 **********
 **   49 **FIX            5
 **********
 PARAMETER    5  IS CONSTANT.   IGNORED.
 **********
 **   50 **FIX            6
 **********
 **********
 **   51 **FIX            7
 **********
 **********
 **   52 **FIX           10
 **********
 PARAMETER   10  IS CONSTANT.   IGNORED.
 **********
 **   53 **FIX           11
 **********
 PARAMETER   11  IS CONSTANT.   IGNORED.
 **********
 **   54 **FIX           12
 **********
 PARAMETER   12  IS CONSTANT.   IGNORED.
 **********
 **   55 **FIX           13
 **********
 PARAMETER   13  IS CONSTANT.   IGNORED.
 **********
 **   56 **FIX           14
 **********
 **********
 **   57 **FIX           15
 **********
 PARAMETER   15  IS CONSTANT.   IGNORED.
 **********
 **   58 **FIX           16
 **********
 PARAMETER   16  IS CONSTANT.   IGNORED.
 **********
 **   59 **MIGRAD
 **********
 START MIGRAD MINIMIZATION.  STRATEGY  1.  CONVERGENCE WHEN EDM .LT. 1.00e-04
 FCN=313.089 FROM MIGRAD    STATUS=INITIATE       10 CALLS         867 TOTAL
                     EDM= unknown      STRATEGY= 1      NO ERROR MATRIX       
  EXT PARAMETER               CURRENT GUESS       STEP         FIRST   
  NO.   NAME      VALUE            ERROR          SIZE      DERIVATIVE 
   1  N0           3.11219e+06     fixed    
   2  tau          6.44114e+01   constant   
   3  A0           3.64538e-01     fixed    
   4  phi          4.11809e+00     fixed    
   5  R           -6.00079e+01   constant   
   6  A_CBO        8.60733e-04     fixed    
   7  w_CBO        2.34397e+00     fixed    
   8  phi_CBO      5.46664e+00   8.08808e-01   8.08808e-01   1.05225e-01
   9  ANx2         3.40456e-04   constant   
  10  pNx2         3.19484e+00   constant   
  11  ANy1         0.00000e+00   constant   
  12  pNy1         0.00000e+00   constant   
  13  w_y          0.00000e+00   constant   
  14  ANy2         2.70517e-05     fixed    
  15  pNy2         5.11372e+00   constant   
  16  w_vw         1.43155e+01   constant   
  17  LM           3.07992e-04   constant   
  18  wCBO_expCoeff   2.00689e+02   9.99966e-01  -7.33597e-06   4.25147e-03
  19  wCBO_expOffset   2.00272e+02   1.03066e+00   1.55357e-03   2.85793e-02
  20  wCBO_expT    2.98572e+01   6.21977e-02  -7.94736e-05   1.38179e-01
  21  wCBO_linCoeff   0.00000e+00   constant   
  22  wCBO_const   9.91509e-04   3.49759e-02   4.16881e-05   5.41988e-01
 MIGRAD MINIMIZATION HAS CONVERGED.
 MIGRAD WILL VERIFY CONVERGENCE AND ERROR MATRIX.
 FCN=313.086 FROM HESSE     STATUS=NOT POSDEF     31 CALLS         933 TOTAL
                     EDM=0.000116761    STRATEGY= 1      ERR MATRIX NOT POS-DEF
  EXT PARAMETER                APPROXIMATE        STEP         FIRST   
  NO.   NAME      VALUE            ERROR          SIZE      DERIVATIVE 
   1  N0           3.11219e+06     fixed    
   2  tau          6.44114e+01   constant   
   3  A0           3.64538e-01     fixed    
   4  phi          4.11809e+00     fixed    
   5  R           -6.00079e+01   constant   
   6  A_CBO        8.60733e-04     fixed    
   7  w_CBO        2.34397e+00     fixed    
   8  phi_CBO      5.40767e+00   1.06143e+00   6.41261e-03   1.98633e-03
   9  ANx2         3.40456e-04   constant   
  10  pNx2         3.19484e+00   constant   
  11  ANy1         0.00000e+00   constant   
  12  pNy1         0.00000e+00   constant   
  13  w_y          0.00000e+00   constant   
  14  ANy2         2.70517e-05     fixed    
  15  pNy2         5.11372e+00   constant   
  16  w_vw         1.43155e+01   constant   
  17  LM           3.07992e-04   constant   
  18  wCBO_expCoeff   2.00687e+02   1.60867e+00   1.17669e-03  -2.00082e-02
  19  wCBO_expOffset   2.00271e+02   2.39345e-01   1.75062e-04  -1.34449e-01
  20  wCBO_expT    2.98571e+01   3.77779e-02   3.53564e-05  -9.20013e-02
  21  wCBO_linCoeff   0.00000e+00   constant   
  22  wCBO_const   9.80485e-04   8.34162e-04   4.31934e-06  -3.61514e+00
 MIGRAD MINIMIZATION HAS CONVERGED.
 MIGRAD WILL VERIFY CONVERGENCE AND ERROR MATRIX.
 FCN=313.086 FROM MIGRAD    STATUS=CONVERGED     119 CALLS         976 TOTAL
                     EDM=7.02849e-06    STRATEGY= 1      ERR MATRIX NOT POS-DEF
  EXT PARAMETER                APPROXIMATE        STEP         FIRST   
  NO.   NAME      VALUE            ERROR          SIZE      DERIVATIVE 
   1  N0           3.11219e+06     fixed    
   2  tau          6.44114e+01   constant   
   3  A0           3.64538e-01     fixed    
   4  phi          4.11809e+00     fixed    
   5  R           -6.00079e+01   constant   
   6  A_CBO        8.60733e-04     fixed    
   7  w_CBO        2.34397e+00     fixed    
   8  phi_CBO      5.40149e+00   1.05855e+00   6.41358e-03  -3.41038e-03
   9  ANx2         3.40456e-04   constant   
  10  pNx2         3.19484e+00   constant   
  11  ANy1         0.00000e+00   constant   
  12  pNy1         0.00000e+00   constant   
  13  w_y          0.00000e+00   constant   
  14  ANy2         2.70517e-05     fixed    
  15  pNy2         5.11372e+00   constant   
  16  w_vw         1.43155e+01   constant   
  17  LM           3.07992e-04   constant   
  18  wCBO_expCoeff   2.00705e+02   1.60265e+00   1.17582e-03   2.75903e-02
  19  wCBO_expOffset   2.00274e+02   2.38401e-01   1.74932e-04   1.85512e-01
  20  wCBO_expT    2.98560e+01   3.77129e-02   3.53328e-05   9.27302e-01
  21  wCBO_linCoeff   0.00000e+00   constant   
  22  wCBO_const   9.96112e-04   8.31945e-04   4.31882e-06   5.19671e+00
 EXTERNAL ERROR MATRIX.    NDIM=  25    NPAR=  5    ERR DEF=1
  1.121e+00 -8.084e-02 -1.202e-02  8.490e-03  1.004e-04 
 -8.084e-02  2.568e+00 -2.840e-01 -2.134e-02  2.546e-04 
 -1.202e-02 -2.840e-01  5.684e-02 -3.174e-03  3.787e-05 
  8.490e-03 -2.134e-02 -3.174e-03  1.422e-03 -1.866e-05 
  1.004e-04  2.546e-04  3.787e-05 -1.866e-05  6.921e-07 
ERR MATRIX NOT POS-DEF
 PARAMETER  CORRELATION COEFFICIENTS  
       NO.  GLOBAL      8     18     19     20     22
        8  0.71714   1.000 -0.048 -0.048  0.213  0.114
       18  0.99647  -0.048  1.000 -0.743 -0.353  0.191
       19  0.99647  -0.048 -0.743  1.000 -0.353  0.191
       20  0.99424   0.213 -0.353 -0.353  1.000 -0.595
       22  0.80336   0.114  0.191  0.191 -0.595  1.000
 ERR MATRIX NOT POS-DEF
MINUIT - FIT ONLY 1-y
 **********
 **   60 **RES 
 **********
                   PARAMETER   14  ANy2 RESTORED TO VARIABLE.
                   PARAMETER    7  w_CBO RESTORED TO VARIABLE.
                   PARAMETER    6  A_CBO RESTORED TO VARIABLE.
                   PARAMETER    4  phi RESTORED TO VARIABLE.
                   PARAMETER    3  A0 RESTORED TO VARIABLE.
                   PARAMETER    1  N0 RESTORED TO VARIABLE.
 **********
 **   61 **FIX            0
 **********
 PARAMETER    0  IS UNDEFINED. IGNORED.
 **********
 **   62 **FIX            1
 **********
 **********
 **   63 **FIX            2
 **********
 PARAMETER    2  IS CONSTANT.   IGNORED.
 **********
 **   64 **FIX            3
 **********
 **********
 **   65 **FIX            4
 **********
 **********
 **   66 **FIX            5
 **********
 PARAMETER    5  IS CONSTANT.   IGNORED.
 **********
 **   67 **FIX            6
 **********
 **********
 **   68 **FIX            7
 **********
 **********
 **   69 **FIX            8
 **********
 **********
 **   70 **FIX            9
 **********
 PARAMETER    9  IS CONSTANT.   IGNORED.
 **********
 **   71 **FIX           13
 **********
 PARAMETER   13  IS CONSTANT.   IGNORED.
 **********
 **   72 **FIX           14
 **********
 **********
 **   73 **FIX           15
 **********
 PARAMETER   15  IS CONSTANT.   IGNORED.
 **********
 **   74 **FIX           16
 **********
 PARAMETER   16  IS CONSTANT.   IGNORED.
 **********
 **   75 **MIGRAD
 **********
 START MIGRAD MINIMIZATION.  STRATEGY  1.  CONVERGENCE WHEN EDM .LT. 1.00e-04
 FCN=313.086 FROM MIGRAD    STATUS=INITIATE        8 CALLS         984 TOTAL
                     EDM= unknown      STRATEGY= 1      NO ERROR MATRIX       
  EXT PARAMETER               CURRENT GUESS       STEP         FIRST   
  NO.   NAME      VALUE            ERROR          SIZE      DERIVATIVE 
   1  N0           3.11219e+06     fixed    
   2  tau          6.44114e+01   constant   
   3  A0           3.64538e-01     fixed    
   4  phi          4.11809e+00     fixed    
   5  R           -6.00079e+01   constant   
   6  A_CBO        8.60733e-04     fixed    
   7  w_CBO        2.34397e+00     fixed    
   8  phi_CBO      5.40149e+00     fixed    
   9  ANx2         3.40456e-04   constant   
  10  pNx2         3.19484e+00   constant   
  11  ANy1         0.00000e+00   constant   
  12  pNy1         0.00000e+00   constant   
  13  w_y          0.00000e+00   constant   
  14  ANy2         2.70517e-05     fixed    
  15  pNy2         5.11372e+00   constant   
  16  w_vw         1.43155e+01   constant   
  17  LM           3.07992e-04   constant   
  18  wCBO_expCoeff   2.00705e+02   1.60265e+00   1.17582e-03   2.77439e-02
  19  wCBO_expOffset   2.00274e+02   2.38401e-01   1.74932e-04   1.86509e-01
  20  wCBO_expT    2.98560e+01   3.77129e-02   3.53328e-05   9.31224e-01
  21  wCBO_linCoeff   0.00000e+00   constant   
  22  wCBO_const   9.96112e-04   8.31945e-04   4.31882e-06   5.19777e+00
 MIGRAD MINIMIZATION HAS CONVERGED.
 MIGRAD WILL VERIFY CONVERGENCE AND ERROR MATRIX.
 FCN=313.086 FROM MIGRAD    STATUS=CONVERGED      47 CALLS        1023 TOTAL
                     EDM=1.10785e-07    STRATEGY= 1      ERR MATRIX NOT POS-DEF
  EXT PARAMETER                APPROXIMATE        STEP         FIRST   
  NO.   NAME      VALUE            ERROR          SIZE      DERIVATIVE 
   1  N0           3.11219e+06     fixed    
   2  tau          6.44114e+01   constant   
   3  A0           3.64538e-01     fixed    
   4  phi          4.11809e+00     fixed    
   5  R           -6.00079e+01   constant   
   6  A_CBO        8.60733e-04     fixed    
   7  w_CBO        2.34397e+00     fixed    
   8  phi_CBO      5.40149e+00     fixed    
   9  ANx2         3.40456e-04   constant   
  10  pNx2         3.19484e+00   constant   
  11  ANy1         0.00000e+00   constant   
  12  pNy1         0.00000e+00   constant   
  13  w_y          0.00000e+00   constant   
  14  ANy2         2.70517e-05     fixed    
  15  pNy2         5.11372e+00   constant   
  16  w_vw         1.43155e+01   constant   
  17  LM           3.07992e-04   constant   
  18  wCBO_expCoeff   2.00705e+02   1.71747e+00   1.17032e-03   3.63147e-04
  19  wCBO_expOffset   2.00274e+02   2.55489e-01   1.74091e-04   2.44271e-03
  20  wCBO_expT    2.98559e+01   3.81666e-02   3.51742e-05   1.10516e-02
  21  wCBO_linCoeff   0.00000e+00   constant   
  22  wCBO_const   9.95928e-04   8.38414e-04   4.31188e-06  -5.22893e-01
 EXTERNAL ERROR MATRIX.    NDIM=  25    NPAR=  4    ERR DEF=1
  2.950e+00 -3.355e-01 -2.224e-02  2.830e-04 
 -3.355e-01  6.527e-02 -3.309e-03  4.210e-05 
 -2.224e-02 -3.309e-03  1.457e-03 -2.080e-05 
  2.830e-04  4.210e-05 -2.080e-05  7.029e-07 
ERR MATRIX NOT POS-DEF
 PARAMETER  CORRELATION COEFFICIENTS  
       NO.  GLOBAL     18     19     20     22
       18  0.99692   1.000 -0.765 -0.339  0.197
       19  0.99692  -0.765  1.000 -0.339  0.197
       20  0.99437  -0.339 -0.339  1.000 -0.650
       22  0.80659   0.197  0.197 -0.650  1.000
 ERR MATRIX NOT POS-DEF
MINUIT - FIT ONLY 2-y
 **********
 **   76 **RES 
 **********
                   PARAMETER   14  ANy2 RESTORED TO VARIABLE.
                   PARAMETER    8  phi_CBO RESTORED TO VARIABLE.
                   PARAMETER    7  w_CBO RESTORED TO VARIABLE.
                   PARAMETER    6  A_CBO RESTORED TO VARIABLE.
                   PARAMETER    4  phi RESTORED TO VARIABLE.
                   PARAMETER    3  A0 RESTORED TO VARIABLE.
                   PARAMETER    1  N0 RESTORED TO VARIABLE.
 **********
 **   77 **FIX            0
 **********
 PARAMETER    0  IS UNDEFINED. IGNORED.
 **********
 **   78 **FIX            1
 **********
 **********
 **   79 **FIX            2
 **********
 PARAMETER    2  IS CONSTANT.   IGNORED.
 **********
 **   80 **FIX            3
 **********
 **********
 **   81 **FIX            4
 **********
 **********
 **   82 **FIX            5
 **********
 PARAMETER    5  IS CONSTANT.   IGNORED.
 **********
 **   83 **FIX            6
 **********
 **********
 **   84 **FIX            7
 **********
 **********
 **   85 **FIX            8
 **********
 **********
 **   86 **FIX            9
 **********
 PARAMETER    9  IS CONSTANT.   IGNORED.
 **********
 **   87 **FIX           10
 **********
 PARAMETER   10  IS CONSTANT.   IGNORED.
 **********
 **   88 **FIX           11
 **********
 PARAMETER   11  IS CONSTANT.   IGNORED.
 **********
 **   89 **FIX           12
 **********
 PARAMETER   12  IS CONSTANT.   IGNORED.
 **********
 **   90 **FIX           16
 **********
 PARAMETER   16  IS CONSTANT.   IGNORED.
 **********
 **   91 **MIGRAD
 **********
 START MIGRAD MINIMIZATION.  STRATEGY  1.  CONVERGENCE WHEN EDM .LT. 1.00e-04
 FCN=313.086 FROM MIGRAD    STATUS=INITIATE       10 CALLS        1033 TOTAL
                     EDM= unknown      STRATEGY= 1      NO ERROR MATRIX       
  EXT PARAMETER               CURRENT GUESS       STEP         FIRST   
  NO.   NAME      VALUE            ERROR          SIZE      DERIVATIVE 
   1  N0           3.11219e+06     fixed    
   2  tau          6.44114e+01   constant   
   3  A0           3.64538e-01     fixed    
   4  phi          4.11809e+00     fixed    
   5  R           -6.00079e+01   constant   
   6  A_CBO        8.60733e-04     fixed    
   7  w_CBO        2.34397e+00     fixed    
   8  phi_CBO      5.40149e+00     fixed    
   9  ANx2         3.40456e-04   constant   
  10  pNx2         3.19484e+00   constant   
  11  ANy1         0.00000e+00   constant   
  12  pNy1         0.00000e+00   constant   
  13  w_y          0.00000e+00   constant   
  14  ANy2         2.70517e-05   6.55911e-04   6.55911e-04   6.38941e-02
  15  pNy2         5.11372e+00   constant   
  16  w_vw         1.43155e+01   constant   
  17  LM           3.07992e-04   constant   
  18  wCBO_expCoeff   2.00705e+02   1.71747e+00   1.17032e-03   3.88555e-04
  19  wCBO_expOffset   2.00274e+02   2.55489e-01   1.74091e-04   2.76471e-03
  20  wCBO_expT    2.98559e+01   3.81666e-02   3.51742e-05   1.17170e-02
  21  wCBO_linCoeff   0.00000e+00   constant   
  22  wCBO_const   9.95928e-04   8.38414e-04   4.31188e-06  -5.21798e-01
 MIGRAD MINIMIZATION HAS CONVERGED.
 MIGRAD WILL VERIFY CONVERGENCE AND ERROR MATRIX.
 FCN=313.086 FROM MIGRAD    STATUS=CONVERGED      59 CALLS        1082 TOTAL
                     EDM=4.25277e-08    STRATEGY= 1      ERR MATRIX NOT POS-DEF
  EXT PARAMETER                APPROXIMATE        STEP         FIRST   
  NO.   NAME      VALUE            ERROR          SIZE      DERIVATIVE 
   1  N0           3.11219e+06     fixed    
   2  tau          6.44114e+01   constant   
   3  A0           3.64538e-01     fixed    
   4  phi          4.11809e+00     fixed    
   5  R           -6.00079e+01   constant   
   6  A_CBO        8.60733e-04     fixed    
   7  w_CBO        2.34397e+00     fixed    
   8  phi_CBO      5.40149e+00     fixed    
   9  ANx2         3.40456e-04   constant   
  10  pNx2         3.19484e+00   constant   
  11  ANy1         0.00000e+00   constant   
  12  pNy1         0.00000e+00   constant   
  13  w_y          0.00000e+00   constant   
  14  ANy2         2.70269e-05   6.44960e-04   5.60887e-06  -6.64087e-02
  15  pNy2         5.11372e+00   constant   
  16  w_vw         1.43155e+01   constant   
  17  LM           3.07992e-04   constant   
  18  wCBO_expCoeff   2.00705e+02   1.71743e+00   1.17117e-03   4.73923e-04
  19  wCBO_expOffset   2.00274e+02   2.55483e-01   1.74218e-04   3.18748e-03
  20  wCBO_expT    2.98559e+01   3.81637e-02   3.51958e-05   2.27448e-02
  21  wCBO_linCoeff   0.00000e+00   constant   
  22  wCBO_const   9.96048e-04   8.38414e-04   4.31218e-06   6.28843e-02
 EXTERNAL ERROR MATRIX.    NDIM=  25    NPAR=  5    ERR DEF=1
  4.160e-07 -5.240e-06 -7.801e-07  2.297e-07  6.242e-09 
 -5.240e-06  2.950e+00 -3.355e-01 -2.224e-02  2.828e-04 
 -7.801e-07 -3.355e-01  6.527e-02 -3.309e-03  4.207e-05 
  2.297e-07 -2.224e-02 -3.309e-03  1.456e-03 -2.079e-05 
  6.242e-09  2.828e-04  4.207e-05 -2.079e-05  7.029e-07 
ERR MATRIX NOT POS-DEF
 PARAMETER  CORRELATION COEFFICIENTS  
       NO.  GLOBAL     14     18     19     20     22
       14  0.03275   1.000 -0.005 -0.005  0.009  0.012
       18  0.99692  -0.005  1.000 -0.765 -0.339  0.196
       19  0.99692  -0.005 -0.765  1.000 -0.339  0.196
       20  0.99437   0.009 -0.339 -0.339  1.000 -0.650
       22  0.80659   0.012  0.196  0.196 -0.650  1.000
 ERR MATRIX NOT POS-DEF
MINUIT - FIT ALTOGETHER
 **********
 **   92 **RES 
 **********
                   PARAMETER    8  phi_CBO RESTORED TO VARIABLE.
                   PARAMETER    7  w_CBO RESTORED TO VARIABLE.
                   PARAMETER    6  A_CBO RESTORED TO VARIABLE.
                   PARAMETER    4  phi RESTORED TO VARIABLE.
                   PARAMETER    3  A0 RESTORED TO VARIABLE.
                   PARAMETER    1  N0 RESTORED TO VARIABLE.
 **********
 **   93 **MIGRAD
 **********
 START MIGRAD MINIMIZATION.  STRATEGY  1.  CONVERGENCE WHEN EDM .LT. 1.00e-04
 FCN=313.086 FROM MIGRAD    STATUS=INITIATE       22 CALLS        1104 TOTAL
