 + ++++++++++++++++++++++++++++++++++++++++++++++++++++++++++++++++++++ +
 +                                                                      +
 +           You have chose to blind your fitting according to          +
 +                omega_ref * (1 + (R +/- deltaR) *10^{-6})             +
 +                                                                      +
 + ++++++++++++++++++++++++++++++++++++++++++++++++++++++++++++++++++++ +
In main()...
reading format from /gm2data/zkhechad/run45/envelope/formats/formatB_sBin_constraintOn.txt
pBinTau 	= 0  
pBinPhi 	= 0  
constraintau 	= 1 
includeMopTerm 	= 0    
constrainMop    = 0   
Parameters after format file: pBinTau 0 pBinPhi 0 constraintau 1 includeMopTerm 0 constrainMop 0 c_e_scale 0.000000 
reading cbo reference file (full fit) from /gm2data/zkhechad/cboTemplates/Run4CBOTemplates/fullFits/run4/sBin_constraintOn_cE0.0_seed0_run4_calo13.root
A_CBO 0.010252 w_CBO 2.327514 phi_CBO 5.545635 N0 3338670.649067 R -60.961072 tau 64.390414 
Reading cboRef file /gm2data/zkhechad/cboTemplates/Run4CBOTemplates//cboIsolate/run4_calo13.root
deltaT 164.120000
windowBins = 1100
fitting sliding window 2320 from bin 2523 at 376.431600 to bin 3623 at 540.551600 (1100 bins)

Reading data from /gm2data/cornell/histograms/aMethod/histogram_a_run4.root
fitting cbo isolate
 **********
 **    1 **SET PRINTOUT            1
 **********
 **********
 **    2 **SET NOWARNINGS 
 **********
 PARAMETER DEFINITIONS:
    NO.   NAME         VALUE      STEP SIZE      LIMITS
     1 A_CBO        1.02517e-02  1.00000e-05     no limits
     2 w_CBO        2.32751e+00  1.00000e-02    2.00000e+00  3.00000e+00
     3 phi_CBO      5.54564e+00  1.00000e-02    0.00000e+00  6.28319e+00
 **********
 **    3 **MIGRAD
 **********
 FIRST CALL TO USER FUNCTION AT NEW START POINT, WITH IFLAG=4.
 START MIGRAD MINIMIZATION.  STRATEGY  1.  CONVERGENCE WHEN EDM .LT. 1.00e-04
 FCN=0.231771 FROM MIGRAD    STATUS=INITIATE       12 CALLS          13 TOTAL
                     EDM= unknown      STRATEGY= 1      NO ERROR MATRIX       
  EXT PARAMETER               CURRENT GUESS       STEP         FIRST   
  NO.   NAME      VALUE            ERROR          SIZE      DERIVATIVE 
   1  A_CBO        1.02517e-02   1.00000e-05   1.00000e-05   7.35146e+00
   2  w_CBO        2.32751e+00   1.00000e-02   2.13103e-02   9.61445e-01
   3  phi_CBO      5.54564e+00   1.00000e-02   4.94468e-03  -1.26451e-02
 MIGRAD MINIMIZATION HAS CONVERGED.
 MIGRAD WILL VERIFY CONVERGENCE AND ERROR MATRIX.
 COVARIANCE MATRIX CALCULATED SUCCESSFULLY
 FCN=0.207013 FROM HESSE     STATUS=OK             16 CALLS          50 TOTAL
                     EDM=0.000395467    STRATEGY= 1      ERROR MATRIX ACCURATE 
  EXT PARAMETER                                   STEP         FIRST   
  NO.   NAME      VALUE            ERROR          SIZE      DERIVATIVE 
   1  A_CBO        3.55386e-03   4.35168e-02   2.28835e-05  -4.43882e-02
   2  w_CBO        2.32745e+00   1.33991e-01   2.98060e-05  -4.24759e-02
   3  phi_CBO      5.64220e+00   4.91352e+00   3.59552e-03  -8.32550e-04
 MIGRAD MINIMIZATION HAS CONVERGED.
 MIGRAD WILL VERIFY CONVERGENCE AND ERROR MATRIX.
 COVARIANCE MATRIX CALCULATED SUCCESSFULLY
 FCN=0.206639 FROM MIGRAD    STATUS=CONVERGED     124 CALLS         125 TOTAL
                     EDM=1.23778e-05    STRATEGY= 1      ERROR MATRIX ACCURATE 
  EXT PARAMETER                                   STEP         FIRST   
  NO.   NAME      VALUE            ERROR          SIZE      DERIVATIVE 
   1  A_CBO        3.78335e-03   4.26689e-02   2.28828e-05   1.04104e-01
   2  w_CBO        2.32884e+00   2.67146e-02   2.81880e-05  -1.82210e-02
   3  phi_CBO      6.28173e+00   3.19093e+00   1.86855e-02   4.48072e-05
 EXTERNAL ERROR MATRIX.    NDIM=  25    NPAR=  3    ERR DEF=1
  1.821e-03  1.035e-05 -2.161e-03 
  1.035e-05  7.144e-04 -3.708e-02 
 -2.161e-03 -3.708e-02  1.320e+01 
 PARAMETER  CORRELATION COEFFICIENTS  
       NO.  GLOBAL      1      2      3
        1  0.01452   1.000  0.009 -0.014
        2  0.38182   0.009  1.000 -0.382
        3  0.38195  -0.014 -0.382  1.000
setting A_CBO=0.003783 w_CBO=2.328840, phi_CBO=6.281728
done fitting cbo isolate
 **********
 **    1 **SET PRINTOUT            1
 **********
 **********
 **    2 **SET NOWARNINGS 
 **********
 PARAMETER DEFINITIONS:
    NO.   NAME         VALUE      STEP SIZE      LIMITS
     1 N0           3.33867e+06  1.00000e+02     no limits
     2 tau          6.43904e+01  constant
     3 A0           3.52926e-01  1.00000e-04     no limits
     4 phi          4.13059e+00  1.00000e-02     no limits
     5 R           -6.09611e+01  constant
     6 A_CBO        3.78335e-03  1.00000e-05     no limits
     7 w_CBO        2.32884e+00  1.00000e-03     no limits
     8 phi_CBO      6.28173e+00  1.00000e-04     no limits
     9 ANx2         2.14836e-04  constant
    10 pNx2         2.09111e+00  constant
    11 ANy1         0.00000e+00  constant
    12 pNy1         0.00000e+00  constant
    13 w_y          0.00000e+00  constant
    14 ANy2         1.07548e-02  1.00000e-04     no limits
    15 pNy2         1.09622e+00  constant
    16 w_vw         1.43115e+01  constant
    17 LM          -4.64416e-04  constant
    18 wCBO_expCoeff   2.00000e+02  1.00000e+00     no limits
    19 wCBO_expOffset   2.00000e+02  1.00000e+00     no limits
    20 wCBO_expT    3.00000e+01  1.00000e+00     no limits
    21 wCBO_linCoeff   0.00000e+00  constant
    22 wCBO_const   0.00000e+00  1.00000e-02     no limits
MINUIT - FIT ONLY WIGGLE
 **********
 **    3 **FIX            5
 **********
 PARAMETER    5  IS CONSTANT.   IGNORED.
 **********
 **    4 **FIX            6
 **********
 **********
 **    5 **FIX            7
 **********
 **********
 **    6 **FIX            8
 **********
 **********
 **    7 **FIX            9
 **********
 PARAMETER    9  IS CONSTANT.   IGNORED.
 **********
 **    8 **FIX           10
 **********
 PARAMETER   10  IS CONSTANT.   IGNORED.
 **********
 **    9 **FIX           11
 **********
 PARAMETER   11  IS CONSTANT.   IGNORED.
 **********
 **   10 **FIX           12
 **********
 PARAMETER   12  IS CONSTANT.   IGNORED.
 **********
 **   11 **FIX           13
 **********
 PARAMETER   13  IS CONSTANT.   IGNORED.
 **********
 **   12 **FIX           14
 **********
 **********
 **   13 **FIX           15
 **********
 PARAMETER   15  IS CONSTANT.   IGNORED.
 **********
 **   14 **FIX           16
 **********
 PARAMETER   16  IS CONSTANT.   IGNORED.
 **********
 **   15 **MIGRAD
 **********
 FIRST CALL TO USER FUNCTION AT NEW START POINT, WITH IFLAG=4.
 START MIGRAD MINIMIZATION.  STRATEGY  1.  CONVERGENCE WHEN EDM .LT. 1.00e-04
 FCN=519.753 FROM MIGRAD    STATUS=INITIATE      117 CALLS         118 TOTAL
                     EDM= unknown      STRATEGY= 1      NO ERROR MATRIX       
  EXT PARAMETER               CURRENT GUESS       STEP         FIRST   
  NO.   NAME      VALUE            ERROR          SIZE      DERIVATIVE 
   1  N0           3.33867e+06   1.00000e+02   0.00000e+00   9.54693e-04
   2  tau          6.43904e+01   constant   
   3  A0           3.52926e-01   1.00000e-04   0.00000e+00  -1.35951e+03
   4  phi          4.13059e+00   1.00000e-02   0.00000e+00   2.31620e+02
   5  R           -6.09611e+01   constant   
   6  A_CBO        3.78335e-03     fixed    
   7  w_CBO        2.32884e+00     fixed    
   8  phi_CBO      6.28173e+00     fixed    
   9  ANx2         2.14836e-04   constant   
  10  pNx2         2.09111e+00   constant   
  11  ANy1         0.00000e+00   constant   
  12  pNy1         0.00000e+00   constant   
  13  w_y          0.00000e+00   constant   
  14  ANy2         1.07548e-02     fixed    
  15  pNy2         1.09622e+00   constant   
  16  w_vw         1.43115e+01   constant   
  17  LM          -4.64416e-04   constant   
  18  wCBO_expCoeff   1.98527e+02   1.00000e+00   9.97443e-01   3.29243e-01
  19  wCBO_expOffset   2.00000e+02   1.00000e+00   0.00000e+00   2.17879e+00
  20  wCBO_expT    3.00000e+01   1.00000e+00   0.00000e+00   3.55016e+01
  21  wCBO_linCoeff   0.00000e+00   constant   
  22  wCBO_const  -8.17664e-04   1.00000e-02   0.00000e+00   2.42963e+03
 MIGRAD MINIMIZATION HAS CONVERGED.
 FCN=512.002 FROM MIGRAD    STATUS=CONVERGED     345 CALLS         346 TOTAL
                     EDM=4.67208e-07    STRATEGY= 1  ERROR MATRIX UNCERTAINTY   2.0 per cent
  EXT PARAMETER                                   STEP         FIRST   
  NO.   NAME      VALUE            ERROR          SIZE      DERIVATIVE 
   1  N0           3.33760e+06   2.06505e+03   3.07087e+00  -3.53660e-07
   2  tau          6.43904e+01   constant   
   3  A0           3.52917e-01   8.15886e-04   6.29596e-07  -3.71216e-01
   4  phi          4.12919e+00   2.42667e-03   2.70468e-06  -9.88643e-02
   5  R           -6.09611e+01   constant   
   6  A_CBO        3.78335e-03     fixed    
   7  w_CBO        2.32884e+00     fixed    
   8  phi_CBO      6.28173e+00     fixed    
   9  ANx2         2.14836e-04   constant   
  10  pNx2         2.09111e+00   constant   
  11  ANy1         0.00000e+00   constant   
  12  pNy1         0.00000e+00   constant   
  13  w_y          0.00000e+00   constant   
  14  ANy2         1.07548e-02     fixed    
  15  pNy2         1.09622e+00   constant   
  16  w_vw         1.43115e+01   constant   
  17  LM          -4.64416e-04   constant   
  18  wCBO_expCoeff   1.92839e+02   4.26478e+00  -1.07577e-02  -2.50663e-03
  19  wCBO_expOffset   1.99137e+02   6.47912e-01  -1.63291e-03  -1.59189e-02
  20  wCBO_expT    3.03572e+01   2.24036e-01   5.49828e-04  -9.71335e-02
  21  wCBO_linCoeff   0.00000e+00   constant   
  22  wCBO_const  -6.54887e-03   1.12692e-03  -1.45906e-06  -1.33300e+00
 EXTERNAL ERROR MATRIX.    NDIM=  25    NPAR=  7    ERR DEF=1
  4.264e+06  4.159e-02 -5.754e-02 -5.655e+02 -8.621e+01  2.923e+01  2.730e-02 
  4.159e-02  6.657e-07  1.392e-08 -3.789e-04 -5.786e-05  2.102e-05 -1.267e-07 
 -5.754e-02  1.392e-08  5.889e-06  5.487e-04  8.314e-05 -2.545e-05 -1.660e-07 
 -5.655e+02 -3.789e-04  5.487e-04  1.819e+01  2.731e+00 -9.508e-01  3.906e-03 
 -8.621e+01 -5.786e-05  8.314e-05  2.731e+00  4.198e-01 -1.445e-01  5.935e-04 
  2.923e+01  2.102e-05 -2.545e-05 -9.508e-01 -1.445e-01  5.019e-02 -2.123e-04 
  2.730e-02 -1.267e-07 -1.660e-07  3.906e-03  5.935e-04 -2.123e-04  1.270e-06 
 PARAMETER  CORRELATION COEFFICIENTS  
       NO.  GLOBAL      1      3      4     18     19     20     22
        1  0.16513   1.000  0.025 -0.011 -0.064 -0.064  0.063  0.012
        3  0.14664   0.025  1.000  0.007 -0.109 -0.109  0.115 -0.138
        4  0.19618  -0.011  0.007  1.000  0.053  0.053 -0.047 -0.061
       18  0.99721  -0.064 -0.109  0.053  1.000  0.988 -0.995  0.813
       19  0.99725  -0.064 -0.109  0.053  0.988  1.000 -0.995  0.813
       20  0.99921   0.063  0.115 -0.047 -0.995 -0.995  1.000 -0.841
       22  0.93009   0.012 -0.138 -0.061  0.813  0.813 -0.841  1.000
MINUIT - FIT ONLY 1-CBO + other amplitudes 
 **********
 **   16 **RES 
 **********
                   PARAMETER   14  ANy2 RESTORED TO VARIABLE.
                   PARAMETER    8  phi_CBO RESTORED TO VARIABLE.
                   PARAMETER    7  w_CBO RESTORED TO VARIABLE.
                   PARAMETER    6  A_CBO RESTORED TO VARIABLE.
 **********
 **   17 **FIX            0
 **********
 PARAMETER    0  IS UNDEFINED. IGNORED.
 **********
 **   18 **FIX            1
 **********
 **********
 **   19 **FIX            2
 **********
 PARAMETER    2  IS CONSTANT.   IGNORED.
 **********
 **   20 **FIX            3
 **********
 **********
 **   21 **FIX            4
 **********
 **********
 **   22 **FIX            9
 **********
 PARAMETER    9  IS CONSTANT.   IGNORED.
 **********
 **   23 **FIX           11
 **********
 PARAMETER   11  IS CONSTANT.   IGNORED.
 **********
 **   24 **FIX           12
 **********
 PARAMETER   12  IS CONSTANT.   IGNORED.
 **********
 **   25 **FIX           14
 **********
 **********
 **   26 **FIX           15
 **********
 PARAMETER   15  IS CONSTANT.   IGNORED.
 **********
 **   27 **FIX           16
 **********
 PARAMETER   16  IS CONSTANT.   IGNORED.
 **********
 **   28 **MIGRAD
 **********
 START MIGRAD MINIMIZATION.  STRATEGY  1.  CONVERGENCE WHEN EDM .LT. 1.00e-04
 FCN=512.002 FROM MIGRAD    STATUS=INITIATE       18 CALLS         364 TOTAL
                     EDM= unknown      STRATEGY= 1      NO ERROR MATRIX       
  EXT PARAMETER               CURRENT GUESS       STEP         FIRST   
  NO.   NAME      VALUE            ERROR          SIZE      DERIVATIVE 
   1  N0           3.33760e+06     fixed    
   2  tau          6.43904e+01   constant   
   3  A0           3.52917e-01     fixed    
   4  phi          4.12919e+00     fixed    
   5  R           -6.09611e+01   constant   
   6  A_CBO        3.78335e-03   1.00000e-05   1.00000e-05   7.97849e+03
   7  w_CBO        2.32884e+00   1.00000e-03   1.00000e-03  -7.80927e-01
   8  phi_CBO      6.28173e+00   1.00000e-04   1.00000e-04   8.63119e-01
   9  ANx2         2.14836e-04   constant   
  10  pNx2         2.09111e+00   constant   
  11  ANy1         0.00000e+00   constant   
  12  pNy1         0.00000e+00   constant   
  13  w_y          0.00000e+00   constant   
  14  ANy2         1.07548e-02     fixed    
  15  pNy2         1.09622e+00   constant   
  16  w_vw         1.43115e+01   constant   
  17  LM          -4.64416e-04   constant   
  18  wCBO_expCoeff   1.92839e+02   4.26478e+00  -1.07577e-02  -2.50664e-03
  19  wCBO_expOffset   1.99137e+02   6.47912e-01  -1.63291e-03  -1.59190e-02
  20  wCBO_expT    3.03572e+01   2.24036e-01   5.49828e-04  -9.71340e-02
  21  wCBO_linCoeff   0.00000e+00   constant   
  22  wCBO_const  -6.54887e-03   1.12692e-03  -1.45906e-06  -1.33300e+00
 MIGRAD MINIMIZATION HAS CONVERGED.
 MIGRAD WILL VERIFY CONVERGENCE AND ERROR MATRIX.
 FCN=499.717 FROM MIGRAD    STATUS=CONVERGED     274 CALLS         620 TOTAL
                     EDM=1.6916e-06    STRATEGY= 1      ERR MATRIX NOT POS-DEF
  EXT PARAMETER                APPROXIMATE        STEP         FIRST   
  NO.   NAME      VALUE            ERROR          SIZE      DERIVATIVE 
   1  N0           3.33760e+06     fixed    
   2  tau          6.43904e+01   constant   
   3  A0           3.52917e-01     fixed    
   4  phi          4.12919e+00     fixed    
   5  R           -6.09611e+01   constant   
   6  A_CBO        7.89089e-04   8.72800e-04   9.46001e-06   1.71184e+00
   7  w_CBO        2.32885e+00   1.24858e-02   1.39021e-05   2.20309e-01
   8  phi_CBO      5.10817e+00   1.46192e+00   1.16020e-02  -2.58406e-04
   9  ANx2         2.14836e-04   constant   
  10  pNx2         2.09111e+00   constant   
  11  ANy1         0.00000e+00   constant   
  12  pNy1         0.00000e+00   constant   
  13  w_y          0.00000e+00   constant   
  14  ANy2         1.07548e-02     fixed    
  15  pNy2         1.09622e+00   constant   
  16  w_vw         1.43115e+01   constant   
  17  LM          -4.64416e-04   constant   
  18  wCBO_expCoeff   1.95249e+02   4.98556e+00   4.70799e-03   1.28317e-03
  19  wCBO_expOffset   1.99516e+02   7.72349e-01   7.29135e-04   8.28639e-03
  20  wCBO_expT    3.02354e+01   1.22804e-01   1.17837e-04   5.70667e-02
  21  wCBO_linCoeff   0.00000e+00   constant   
  22  wCBO_const  -7.20302e-03   5.35871e-03   7.50300e-06   2.64346e-01
 EXTERNAL ERROR MATRIX.    NDIM=  25    NPAR=  7    ERR DEF=1
  7.618e-07  7.659e-08  8.574e-05 -1.693e-04 -2.628e-05  6.214e-06  8.811e-08 
  7.659e-08  1.559e-04  9.960e-04 -4.487e-03 -6.995e-04 -1.255e-04 -6.429e-05 
  8.574e-05  9.960e-04  2.137e+00 -7.319e-01 -1.136e-01  2.571e-02  8.624e-04 
 -1.693e-04 -4.487e-03 -7.319e-01  2.486e+01 -2.023e+00 -2.864e-01  1.896e-03 
 -2.628e-05 -6.995e-04 -1.136e-01 -2.023e+00  5.965e-01 -4.441e-02  2.953e-04 
  6.214e-06 -1.255e-04  2.571e-02 -2.864e-01 -4.441e-02  1.508e-02  2.584e-05 
  8.811e-08 -6.429e-05  8.624e-04  1.896e-03  2.953e-04  2.584e-05  2.872e-05 
ERR MATRIX NOT POS-DEF
 PARAMETER  CORRELATION COEFFICIENTS  
       NO.  GLOBAL      6      7      8     18     19     20     22
        6  0.15060   1.000  0.007  0.067 -0.039 -0.039  0.058  0.019
        7  0.99483   0.007  1.000  0.055 -0.072 -0.073 -0.082 -0.961
        8  0.68683   0.067  0.055  1.000 -0.100 -0.101  0.143  0.110
       18  0.99627  -0.039 -0.072 -0.100  1.000 -0.525 -0.468  0.071
       19  0.99628  -0.039 -0.073 -0.101 -0.525  1.000 -0.468  0.071
       20  0.99616   0.058 -0.082  0.143 -0.468 -0.468  1.000  0.039
       22  0.99181   0.019 -0.961  0.110  0.071  0.071  0.039  1.000
 ERR MATRIX NOT POS-DEF
MINUIT - FIT ONLY 1-CBO
 **********
 **   29 **RES 
 **********
                   PARAMETER   14  ANy2 RESTORED TO VARIABLE.
                   PARAMETER    4  phi RESTORED TO VARIABLE.
                   PARAMETER    3  A0 RESTORED TO VARIABLE.
                   PARAMETER    1  N0 RESTORED TO VARIABLE.
 **********
 **   30 **FIX            0
 **********
 PARAMETER    0  IS UNDEFINED. IGNORED.
 **********
 **   31 **FIX            1
 **********
 **********
 **   32 **FIX            2
 **********
 PARAMETER    2  IS CONSTANT.   IGNORED.
 **********
 **   33 **FIX            3
 **********
 **********
 **   34 **FIX            4
 **********
 **********
 **   35 **FIX            8
 **********
 **********
 **   36 **FIX            9
 **********
 PARAMETER    9  IS CONSTANT.   IGNORED.
 **********
 **   37 **FIX           11
 **********
 PARAMETER   11  IS CONSTANT.   IGNORED.
 **********
 **   38 **FIX           12
 **********
 PARAMETER   12  IS CONSTANT.   IGNORED.
 **********
 **   39 **FIX           13
 **********
 PARAMETER   13  IS CONSTANT.   IGNORED.
 **********
 **   40 **FIX           15
 **********
 PARAMETER   15  IS CONSTANT.   IGNORED.
 **********
 **   41 **FIX           16
 **********
 PARAMETER   16  IS CONSTANT.   IGNORED.
 **********
 **   42 **MIGRAD
 **********
 START MIGRAD MINIMIZATION.  STRATEGY  1.  CONVERGENCE WHEN EDM .LT. 1.00e-04
 FCN=499.717 FROM MIGRAD    STATUS=INITIATE       16 CALLS         636 TOTAL
                     EDM= unknown      STRATEGY= 1      NO ERROR MATRIX       
  EXT PARAMETER               CURRENT GUESS       STEP         FIRST   
  NO.   NAME      VALUE            ERROR          SIZE      DERIVATIVE 
   1  N0           3.33760e+06     fixed    
   2  tau          6.43904e+01   constant   
   3  A0           3.52917e-01     fixed    
   4  phi          4.12919e+00     fixed    
   5  R           -6.09611e+01   constant   
   6  A_CBO        7.89089e-04   8.72800e-04   9.46001e-06   1.71184e+00
   7  w_CBO        2.32885e+00   1.24858e-02   1.39021e-05   2.22569e-01
   8  phi_CBO      5.10817e+00     fixed    
   9  ANx2         2.14836e-04   constant   
  10  pNx2         2.09111e+00   constant   
  11  ANy1         0.00000e+00   constant   
  12  pNy1         0.00000e+00   constant   
  13  w_y          0.00000e+00   constant   
  14  ANy2         1.07548e-02   1.00000e-04   1.00000e-04   3.09061e+04
  15  pNy2         1.09622e+00   constant   
  16  w_vw         1.43115e+01   constant   
  17  LM          -4.64416e-04   constant   
  18  wCBO_expCoeff   1.95249e+02   4.98556e+00   4.70799e-03   1.29963e-03
  19  wCBO_expOffset   1.99516e+02   7.72349e-01   7.29135e-04   8.39650e-03
  20  wCBO_expT    3.02354e+01   1.22804e-01   1.17837e-04   5.78328e-02
  21  wCBO_linCoeff   0.00000e+00   constant   
  22  wCBO_const  -7.20302e-03   5.35871e-03   7.50300e-06   2.64332e-01
 MIGRAD MINIMIZATION HAS CONVERGED.
 MIGRAD WILL VERIFY CONVERGENCE AND ERROR MATRIX.
 FCN=326.035 FROM MIGRAD    STATUS=CONVERGED     205 CALLS         825 TOTAL
                     EDM=1.72071e-08    STRATEGY= 1      ERR MATRIX NOT POS-DEF
  EXT PARAMETER                APPROXIMATE        STEP         FIRST   
  NO.   NAME      VALUE            ERROR          SIZE      DERIVATIVE 
   1  N0           3.33760e+06     fixed    
   2  tau          6.43904e+01   constant   
   3  A0           3.52917e-01     fixed    
   4  phi          4.12919e+00     fixed    
   5  R           -6.09611e+01   constant   
   6  A_CBO        6.82908e-04   8.83850e-04   7.67540e-06  -5.50605e-02
   7  w_CBO        2.32932e+00   1.42211e-02   1.31274e-05   2.32410e-02
   8  phi_CBO      5.10817e+00     fixed    
   9  ANx2         2.14836e-04   constant   
  10  pNx2         2.09111e+00   constant   
  11  ANy1         0.00000e+00   constant   
  12  pNy1         0.00000e+00   constant   
  13  w_y          0.00000e+00   constant   
  14  ANy2        -4.84651e-04   8.50253e-04   7.53000e-06  -4.09083e-02
  15  pNy2         1.09622e+00   constant   
  16  w_vw         1.43115e+01   constant   
  17  LM          -4.64416e-04   constant   
  18  wCBO_expCoeff   1.96152e+02   6.39441e+00   4.72786e-03  -1.25089e-04
  19  wCBO_expOffset   1.99656e+02   9.84529e-01   7.27666e-04  -8.12799e-04
  20  wCBO_expT    3.01879e+01   1.54944e-01   1.17642e-04  -4.69603e-03
  21  wCBO_linCoeff   0.00000e+00   constant   
  22  wCBO_const  -7.32894e-03   6.06087e-03   6.88158e-06   7.92732e-02
 EXTERNAL ERROR MATRIX.    NDIM=  25    NPAR=  7    ERR DEF=1
  7.812e-07  6.241e-08  5.307e-09 -3.204e-04 -4.943e-05  1.363e-05  1.057e-07 
  6.241e-08  2.022e-04 -2.191e-09 -5.139e-03 -7.971e-04 -1.907e-04 -8.432e-05 
  5.307e-09 -2.191e-09  7.229e-07 -1.251e-05 -1.928e-06  6.517e-07  2.434e-09 
 -3.204e-04 -5.139e-03 -1.251e-05  4.089e+01 -3.462e+00 -4.555e-01  3.050e-03 
 -4.943e-05 -7.971e-04 -1.928e-06 -3.462e+00  9.693e-01 -7.022e-02  4.721e-04 
  1.363e-05 -1.907e-04  6.517e-07 -4.555e-01 -7.022e-02  2.401e-02  1.392e-05 
  1.057e-07 -8.432e-05  2.434e-09  3.050e-03  4.721e-04  1.392e-05  3.673e-05 
ERR MATRIX NOT POS-DEF
 PARAMETER  CORRELATION COEFFICIENTS  
       NO.  GLOBAL      6      7     14     18     19     20     22
        6  0.19624   1.000  0.005  0.007 -0.057 -0.057  0.100  0.020
        7  0.99456   0.005  1.000 -0.000 -0.057 -0.057 -0.087 -0.978
       14  0.00943   0.007 -0.000  1.000 -0.002 -0.002  0.005  0.000
       18  0.99651  -0.057 -0.057 -0.002  1.000 -0.550 -0.460  0.079
       19  0.99651  -0.057 -0.057 -0.002 -0.550  1.000 -0.460  0.079
       20  0.99632   0.100 -0.087  0.005 -0.460 -0.460  1.000  0.015
       22  0.99176   0.020 -0.978  0.000  0.079  0.079  0.015  1.000
 ERR MATRIX NOT POS-DEF
MINUIT - FIT ONLY 2-CBO
 **********
 **   43 **RES 
 **********
                   PARAMETER    8  phi_CBO RESTORED TO VARIABLE.
                   PARAMETER    4  phi RESTORED TO VARIABLE.
                   PARAMETER    3  A0 RESTORED TO VARIABLE.
                   PARAMETER    1  N0 RESTORED TO VARIABLE.
 **********
 **   44 **FIX            0
 **********
 PARAMETER    0  IS UNDEFINED. IGNORED.
 **********
 **   45 **FIX            1
 **********
 **********
 **   46 **FIX            2
 **********
 PARAMETER    2  IS CONSTANT.   IGNORED.
 **********
 **   47 **FIX            3
 **********
 **********
 **   48 **FIX            4
 **********
 **********
 **   49 **FIX            5
 **********
 PARAMETER    5  IS CONSTANT.   IGNORED.
 **********
 **   50 **FIX            6
 **********
 **********
 **   51 **FIX            7
 **********
 **********
 **   52 **FIX           10
 **********
 PARAMETER   10  IS CONSTANT.   IGNORED.
 **********
 **   53 **FIX           11
 **********
 PARAMETER   11  IS CONSTANT.   IGNORED.
 **********
 **   54 **FIX           12
 **********
 PARAMETER   12  IS CONSTANT.   IGNORED.
 **********
 **   55 **FIX           13
 **********
 PARAMETER   13  IS CONSTANT.   IGNORED.
 **********
 **   56 **FIX           14
 **********
 **********
 **   57 **FIX           15
 **********
 PARAMETER   15  IS CONSTANT.   IGNORED.
 **********
 **   58 **FIX           16
 **********
 PARAMETER   16  IS CONSTANT.   IGNORED.
 **********
 **   59 **MIGRAD
 **********
 START MIGRAD MINIMIZATION.  STRATEGY  1.  CONVERGENCE WHEN EDM .LT. 1.00e-04
 FCN=326.035 FROM MIGRAD    STATUS=INITIATE       10 CALLS         835 TOTAL
                     EDM= unknown      STRATEGY= 1      NO ERROR MATRIX       
  EXT PARAMETER               CURRENT GUESS       STEP         FIRST   
  NO.   NAME      VALUE            ERROR          SIZE      DERIVATIVE 
   1  N0           3.33760e+06     fixed    
   2  tau          6.43904e+01   constant   
   3  A0           3.52917e-01     fixed    
   4  phi          4.12919e+00     fixed    
   5  R           -6.09611e+01   constant   
   6  A_CBO        6.82908e-04     fixed    
   7  w_CBO        2.32932e+00     fixed    
   8  phi_CBO      5.10817e+00   1.46192e+00   1.46192e+00   2.02855e-01
   9  ANx2         2.14836e-04   constant   
  10  pNx2         2.09111e+00   constant   
  11  ANy1         0.00000e+00   constant   
  12  pNy1         0.00000e+00   constant   
  13  w_y          0.00000e+00   constant   
  14  ANy2        -4.84651e-04     fixed    
  15  pNy2         1.09622e+00   constant   
  16  w_vw         1.43115e+01   constant   
  17  LM          -4.64416e-04   constant   
  18  wCBO_expCoeff   1.96152e+02   6.39441e+00   4.72786e-03  -1.23719e-04
  19  wCBO_expOffset   1.99656e+02   9.84529e-01   7.27666e-04  -8.03479e-04
  20  wCBO_expT    3.01879e+01   1.54944e-01   1.17642e-04  -4.62236e-03
  21  wCBO_linCoeff   0.00000e+00   constant   
  22  wCBO_const  -7.32894e-03   6.06087e-03   6.88158e-06   7.85907e-02
 MIGRAD MINIMIZATION HAS CONVERGED.
 MIGRAD WILL VERIFY CONVERGENCE AND ERROR MATRIX.
 FCN=325.998 FROM MIGRAD    STATUS=CONVERGED     128 CALLS         953 TOTAL
                     EDM=4.07506e-07    STRATEGY= 1      ERR MATRIX NOT POS-DEF
  EXT PARAMETER                APPROXIMATE        STEP         FIRST   
  NO.   NAME      VALUE            ERROR          SIZE      DERIVATIVE 
   1  N0           3.33760e+06     fixed    
   2  tau          6.43904e+01   constant   
   3  A0           3.52917e-01     fixed    
   4  phi          4.12919e+00     fixed    
   5  R           -6.09611e+01   constant   
   6  A_CBO        6.82908e-04     fixed    
   7  w_CBO        2.32932e+00     fixed    
   8  phi_CBO      4.76604e+00   1.61172e+00   1.09883e-02   2.08860e-04
   9  ANx2         2.14836e-04   constant   
  10  pNx2         2.09111e+00   constant   
  11  ANy1         0.00000e+00   constant   
  12  pNy1         0.00000e+00   constant   
  13  w_y          0.00000e+00   constant   
  14  ANy2        -4.84651e-04     fixed    
  15  pNy2         1.09622e+00   constant   
  16  w_vw         1.43115e+01   constant   
  17  LM          -4.64416e-04   constant   
  18  wCBO_expCoeff   1.96862e+02   7.45035e+00   5.05217e-03  -1.45915e-03
  19  wCBO_expOffset   1.99766e+02   1.14185e+00   7.73902e-04  -9.52645e-03
  20  wCBO_expT    3.01526e+01   1.81108e-01   1.23904e-04  -6.08329e-02
  21  wCBO_linCoeff   0.00000e+00   constant   
  22  wCBO_const  -7.39993e-03   1.44637e-03   6.67592e-06  -1.05724e+00
 EXTERNAL ERROR MATRIX.    NDIM=  25    NPAR=  5    ERR DEF=1
  2.598e+00 -1.380e+00 -2.121e-01  6.154e-02  1.067e-03 
 -1.380e+00  5.551e+01 -4.637e+00 -6.379e-01  1.220e-03 
 -2.121e-01 -4.637e+00  1.304e+00 -9.797e-02  1.871e-04 
  6.154e-02 -6.379e-01 -9.797e-02  3.280e-02 -8.557e-05 
  1.067e-03  1.220e-03  1.871e-04 -8.557e-05  2.092e-06 
ERR MATRIX NOT POS-DEF
 PARAMETER  CORRELATION COEFFICIENTS  
       NO.  GLOBAL      8     18     19     20     22
        8  0.63731   1.000 -0.115 -0.115  0.211  0.458
       18  0.99705  -0.115  1.000 -0.545 -0.473  0.113
       19  0.99706  -0.115 -0.545  1.000 -0.474  0.113
       20  0.99700   0.211 -0.473 -0.474  1.000 -0.327
       22  0.85339   0.458  0.113  0.113 -0.327  1.000
 ERR MATRIX NOT POS-DEF
MINUIT - FIT ONLY 1-y
 **********
 **   60 **RES 
 **********
                   PARAMETER   14  ANy2 RESTORED TO VARIABLE.
                   PARAMETER    7  w_CBO RESTORED TO VARIABLE.
                   PARAMETER    6  A_CBO RESTORED TO VARIABLE.
                   PARAMETER    4  phi RESTORED TO VARIABLE.
                   PARAMETER    3  A0 RESTORED TO VARIABLE.
                   PARAMETER    1  N0 RESTORED TO VARIABLE.
 **********
 **   61 **FIX            0
 **********
 PARAMETER    0  IS UNDEFINED. IGNORED.
 **********
 **   62 **FIX            1
 **********
 **********
 **   63 **FIX            2
 **********
 PARAMETER    2  IS CONSTANT.   IGNORED.
 **********
 **   64 **FIX            3
 **********
 **********
 **   65 **FIX            4
 **********
 **********
 **   66 **FIX            5
 **********
 PARAMETER    5  IS CONSTANT.   IGNORED.
 **********
 **   67 **FIX            6
 **********
 **********
 **   68 **FIX            7
 **********
 **********
 **   69 **FIX            8
 **********
 **********
 **   70 **FIX            9
 **********
 PARAMETER    9  IS CONSTANT.   IGNORED.
 **********
 **   71 **FIX           13
 **********
 PARAMETER   13  IS CONSTANT.   IGNORED.
 **********
 **   72 **FIX           14
 **********
 **********
 **   73 **FIX           15
 **********
 PARAMETER   15  IS CONSTANT.   IGNORED.
 **********
 **   74 **FIX           16
 **********
 PARAMETER   16  IS CONSTANT.   IGNORED.
 **********
 **   75 **MIGRAD
 **********
 START MIGRAD MINIMIZATION.  STRATEGY  1.  CONVERGENCE WHEN EDM .LT. 1.00e-04
 FCN=325.998 FROM MIGRAD    STATUS=INITIATE        8 CALLS         961 TOTAL
                     EDM= unknown      STRATEGY= 1      NO ERROR MATRIX       
  EXT PARAMETER               CURRENT GUESS       STEP         FIRST   
  NO.   NAME      VALUE            ERROR          SIZE      DERIVATIVE 
   1  N0           3.33760e+06     fixed    
   2  tau          6.43904e+01   constant   
   3  A0           3.52917e-01     fixed    
   4  phi          4.12919e+00     fixed    
   5  R           -6.09611e+01   constant   
   6  A_CBO        6.82908e-04     fixed    
   7  w_CBO        2.32932e+00     fixed    
   8  phi_CBO      4.76604e+00     fixed    
   9  ANx2         2.14836e-04   constant   
  10  pNx2         2.09111e+00   constant   
  11  ANy1         0.00000e+00   constant   
  12  pNy1         0.00000e+00   constant   
  13  w_y          0.00000e+00   constant   
  14  ANy2        -4.84651e-04     fixed    
  15  pNy2         1.09622e+00   constant   
  16  w_vw         1.43115e+01   constant   
  17  LM          -4.64416e-04   constant   
  18  wCBO_expCoeff   1.96862e+02   7.45035e+00   5.05217e-03  -1.45362e-03
  19  wCBO_expOffset   1.99766e+02   1.14185e+00   7.73902e-04  -9.48791e-03
  20  wCBO_expT    3.01526e+01   1.81108e-01   1.23904e-04  -6.03921e-02
  21  wCBO_linCoeff   0.00000e+00   constant   
  22  wCBO_const  -7.39993e-03   1.44637e-03   6.67592e-06  -1.05676e+00
 MIGRAD MINIMIZATION HAS CONVERGED.
 MIGRAD WILL VERIFY CONVERGENCE AND ERROR MATRIX.
 FCN=325.998 FROM MIGRAD    STATUS=CONVERGED      47 CALLS        1000 TOTAL
                     EDM=1.14754e-08    STRATEGY= 1      ERR MATRIX NOT POS-DEF
  EXT PARAMETER                APPROXIMATE        STEP         FIRST   
  NO.   NAME      VALUE            ERROR          SIZE      DERIVATIVE 
   1  N0           3.33760e+06     fixed    
   2  tau          6.43904e+01   constant   
   3  A0           3.52917e-01     fixed    
   4  phi          4.12919e+00     fixed    
   5  R           -6.09611e+01   constant   
   6  A_CBO        6.82908e-04     fixed    
   7  w_CBO        2.32932e+00     fixed    
   8  phi_CBO      4.76604e+00     fixed    
   9  ANx2         2.14836e-04   constant   
  10  pNx2         2.09111e+00   constant   
  11  ANy1         0.00000e+00   constant   
  12  pNy1         0.00000e+00   constant   
  13  w_y          0.00000e+00   constant   
  14  ANy2        -4.84651e-04     fixed    
  15  pNy2         1.09622e+00   constant   
  16  w_vw         1.43115e+01   constant   
  17  LM          -4.64416e-04   constant   
  18  wCBO_expCoeff   1.96862e+02   7.57959e+00   5.05987e-03   3.56387e-05
  19  wCBO_expOffset   1.99766e+02   1.16152e+00   7.75002e-04   2.32703e-04
  20  wCBO_expT    3.01526e+01   1.80928e-01   1.24045e-04   5.32614e-04
  21  wCBO_linCoeff   0.00000e+00   constant   
  22  wCBO_const  -7.39985e-03   1.29247e-03   6.67312e-06  -7.56267e-02
 EXTERNAL ERROR MATRIX.    NDIM=  25    NPAR=  4    ERR DEF=1
  5.745e+01 -4.997e+00 -6.324e-01  1.878e-03 
 -4.997e+00  1.349e+00 -9.708e-02  2.880e-04 
 -6.324e-01 -9.708e-02  3.273e-02 -1.155e-04 
  1.878e-03  2.880e-04 -1.155e-04  1.670e-06 
ERR MATRIX NOT POS-DEF
 PARAMETER  CORRELATION COEFFICIENTS  
       NO.  GLOBAL     18     19     20     22
       18  0.99715   1.000 -0.568 -0.461  0.192
       19  0.99715  -0.568  1.000 -0.462  0.192
       20  0.99700  -0.461 -0.462  1.000 -0.494
       22  0.81220   0.192  0.192 -0.494  1.000
 ERR MATRIX NOT POS-DEF
MINUIT - FIT ONLY 2-y
 **********
 **   76 **RES 
 **********
                   PARAMETER   14  ANy2 RESTORED TO VARIABLE.
                   PARAMETER    8  phi_CBO RESTORED TO VARIABLE.
                   PARAMETER    7  w_CBO RESTORED TO VARIABLE.
                   PARAMETER    6  A_CBO RESTORED TO VARIABLE.
                   PARAMETER    4  phi RESTORED TO VARIABLE.
                   PARAMETER    3  A0 RESTORED TO VARIABLE.
                   PARAMETER    1  N0 RESTORED TO VARIABLE.
 **********
 **   77 **FIX            0
 **********
 PARAMETER    0  IS UNDEFINED. IGNORED.
 **********
 **   78 **FIX            1
 **********
 **********
 **   79 **FIX            2
 **********
 PARAMETER    2  IS CONSTANT.   IGNORED.
 **********
 **   80 **FIX            3
 **********
 **********
 **   81 **FIX            4
 **********
 **********
 **   82 **FIX            5
 **********
 PARAMETER    5  IS CONSTANT.   IGNORED.
 **********
 **   83 **FIX            6
 **********
 **********
 **   84 **FIX            7
 **********
 **********
 **   85 **FIX            8
 **********
 **********
 **   86 **FIX            9
 **********
 PARAMETER    9  IS CONSTANT.   IGNORED.
 **********
 **   87 **FIX           10
 **********
 PARAMETER   10  IS CONSTANT.   IGNORED.
 **********
 **   88 **FIX           11
 **********
 PARAMETER   11  IS CONSTANT.   IGNORED.
 **********
 **   89 **FIX           12
 **********
 PARAMETER   12  IS CONSTANT.   IGNORED.
 **********
 **   90 **FIX           16
 **********
 PARAMETER   16  IS CONSTANT.   IGNORED.
 **********
 **   91 **MIGRAD
 **********
 START MIGRAD MINIMIZATION.  STRATEGY  1.  CONVERGENCE WHEN EDM .LT. 1.00e-04
 FCN=325.998 FROM MIGRAD    STATUS=INITIATE       10 CALLS        1010 TOTAL
                     EDM= unknown      STRATEGY= 1      NO ERROR MATRIX       
  EXT PARAMETER               CURRENT GUESS       STEP         FIRST   
  NO.   NAME      VALUE            ERROR          SIZE      DERIVATIVE 
   1  N0           3.33760e+06     fixed    
   2  tau          6.43904e+01   constant   
   3  A0           3.52917e-01     fixed    
   4  phi          4.12919e+00     fixed    
   5  R           -6.09611e+01   constant   
   6  A_CBO        6.82908e-04     fixed    
   7  w_CBO        2.32932e+00     fixed    
   8  phi_CBO      4.76604e+00     fixed    
   9  ANx2         2.14836e-04   constant   
  10  pNx2         2.09111e+00   constant   
  11  ANy1         0.00000e+00   constant   
  12  pNy1         0.00000e+00   constant   
  13  w_y          0.00000e+00   constant   
  14  ANy2        -4.84651e-04   8.50253e-04   8.50253e-04   7.91160e+00
  15  pNy2         1.09622e+00   constant   
  16  w_vw         1.43115e+01   constant   
  17  LM          -4.64416e-04   constant   
  18  wCBO_expCoeff   1.96862e+02   7.57959e+00   5.05987e-03   3.65370e-05
  19  wCBO_expOffset   1.99766e+02   1.16152e+00   7.75002e-04   2.38958e-04
  20  wCBO_expT    3.01526e+01   1.80928e-01   1.24045e-04   6.04662e-04
  21  wCBO_linCoeff   0.00000e+00   constant   
  22  wCBO_const  -7.39985e-03   1.29247e-03   6.67312e-06  -7.51705e-02
 MIGRAD MINIMIZATION HAS CONVERGED.
 MIGRAD WILL VERIFY CONVERGENCE AND ERROR MATRIX.
 FCN=325.998 FROM MIGRAD    STATUS=CONVERGED      60 CALLS        1060 TOTAL
                     EDM=4.49153e-09    STRATEGY= 1      ERR MATRIX NOT POS-DEF
  EXT PARAMETER                APPROXIMATE        STEP         FIRST   
  NO.   NAME      VALUE            ERROR          SIZE      DERIVATIVE 
   1  N0           3.33760e+06     fixed    
   2  tau          6.43904e+01   constant   
   3  A0           3.52917e-01     fixed    
   4  phi          4.12919e+00     fixed    
   5  R           -6.09611e+01   constant   
   6  A_CBO        6.82908e-04     fixed    
   7  w_CBO        2.32932e+00     fixed    
   8  phi_CBO      4.76604e+00     fixed    
   9  ANx2         2.14836e-04   constant   
  10  pNx2         2.09111e+00   constant   
  11  ANy1         0.00000e+00   constant   
  12  pNy1         0.00000e+00   constant   
  13  w_y          0.00000e+00   constant   
  14  ANy2        -4.87527e-04   8.50840e-04   7.52963e-06  -6.26214e-05
  15  pNy2         1.09622e+00   constant   
  16  w_vw         1.43115e+01   constant   
  17  LM          -4.64416e-04   constant   
  18  wCBO_expCoeff   1.96862e+02   7.57984e+00   5.05962e-03   9.31428e-05
  19  wCBO_expOffset   1.99766e+02   1.16155e+00   7.74963e-04   6.08122e-04
  20  wCBO_expT    3.01526e+01   1.80933e-01   1.24038e-04   3.29826e-03
  21  wCBO_linCoeff   0.00000e+00   constant   
  22  wCBO_const  -7.39982e-03   1.29246e-03   6.67299e-06   7.24301e-03
 EXTERNAL ERROR MATRIX.    NDIM=  25    NPAR=  5    ERR DEF=1
  7.239e-07 -1.926e-05 -2.956e-06  1.032e-06 -8.941e-10 
 -1.926e-05  5.745e+01 -4.998e+00 -6.324e-01  1.878e-03 
 -2.956e-06 -4.998e+00  1.349e+00 -9.708e-02  2.880e-04 
  1.032e-06 -6.324e-01 -9.708e-02  3.274e-02 -1.155e-04 
 -8.941e-10  1.878e-03  2.880e-04 -1.155e-04  1.670e-06 
ERR MATRIX NOT POS-DEF
 PARAMETER  CORRELATION COEFFICIENTS  
       NO.  GLOBAL     14     18     19     20     22
       14  0.00943   1.000 -0.003 -0.003  0.007 -0.001
       18  0.99715  -0.003  1.000 -0.568 -0.461  0.192
       19  0.99715  -0.003 -0.568  1.000 -0.462  0.192
       20  0.99699   0.007 -0.461 -0.462  1.000 -0.494
       22  0.81218  -0.001  0.192  0.192 -0.494  1.000
 ERR MATRIX NOT POS-DEF
MINUIT - FIT ALTOGETHER
 **********
 **   92 **RES 
 **********
                   PARAMETER    8  phi_CBO RESTORED TO VARIABLE.
                   PARAMETER    7  w_CBO RESTORED TO VARIABLE.
                   PARAMETER    6  A_CBO RESTORED TO VARIABLE.
                   PARAMETER    4  phi RESTORED TO VARIABLE.
                   PARAMETER    3  A0 RESTORED TO VARIABLE.
                   PARAMETER    1  N0 RESTORED TO VARIABLE.
 **********
 **   93 **MIGRAD
 **********
 START MIGRAD MINIMIZATION.  STRATEGY  1.  CONVERGENCE WHEN EDM .LT. 1.00e-04
 FCN=325.998 FROM MIGRAD    STATUS=INITIATE       22 CALLS        1082 TOTAL
                     EDM= unknown      STRATEGY= 1      NO ERROR MATRIX       
  EXT PARAMETER               CURRENT GUESS       STEP         FIRST   
  NO.   NAME      VALUE            ERROR          SIZE      DERIVATIVE 
   1  N0           3.33760e+06   2.06505e+03   2.06505e+03   1.05979e-04
   2  tau          6.43904e+01   constant   
   3  A0           3.52917e-01   8.15886e-04   8.15886e-04  -2.58211e+01
   4  phi          4.12919e+00   2.42667e-03   2.42667e-03  -2.09623e+02
   5  R           -6.09611e+01   constant   
   6  A_CBO        6.82908e-04   8.83850e-04   8.83850e-04   4.16206e+01
   7  w_CBO        2.32932e+00   1.42211e-02   1.42211e-02   1.24338e-02
   8  phi_CBO      4.76604e+00   1.61172e+00   1.61172e+00  -3.64340e-05
   9  ANx2         2.14836e-04   constant   
  10  pNx2         2.09111e+00   constant   
  11  ANy1         0.00000e+00   constant   
  12  pNy1         0.00000e+00   constant   
  13  w_y          0.00000e+00   constant   
  14  ANy2        -4.87527e-04   8.50840e-04   7.52963e-06  -6.30177e-05
  15  pNy2         1.09622e+00   constant   
  16  w_vw         1.43115e+01   constant   
  17  LM          -4.64416e-04   constant   
  18  wCBO_expCoeff   1.96862e+02   7.57984e+00   5.05962e-03   9.40410e-05
  19  wCBO_expOffset   1.99766e+02   1.16155e+00   7.74963e-04   6.14393e-04
