 + ++++++++++++++++++++++++++++++++++++++++++++++++++++++++++++++++++++ +
 +                                                                      +
 +           You have chose to blind your fitting according to          +
 +                omega_ref * (1 + (R +/- deltaR) *10^{-6})             +
 +                                                                      +
 + ++++++++++++++++++++++++++++++++++++++++++++++++++++++++++++++++++++ +
In main()...
reading format from /gm2data/zkhechad/run45/envelope/formats/formatB_sBin_constraintOn.txt
pBinTau 	= 0  
pBinPhi 	= 0  
constraintau 	= 1 
includeMopTerm 	= 0    
constrainMop    = 0   
Parameters after format file: pBinTau 0 pBinPhi 0 constraintau 1 includeMopTerm 0 constrainMop 0 c_e_scale 0.000000 
reading cbo reference file (full fit) from /gm2data/zkhechad/cboTemplates/Run4CBOTemplates/fullFits/run4/sBin_constraintOn_cE0.0_seed0_run4_calo17.root
A_CBO 0.009291 w_CBO 2.326535 phi_CBO 1.607848 N0 3083493.360911 R -60.483843 tau 64.408135 
Reading cboRef file /gm2data/zkhechad/cboTemplates/Run4CBOTemplates//cboIsolate/run4_calo17.root
deltaT 164.120000
windowBins = 1100
fitting sliding window 2040 from bin 2243 at 334.655600 to bin 3343 at 498.775600 (1100 bins)

Reading data from /gm2data/cornell/histograms/aMethod/histogram_a_run4.root
fitting cbo isolate
 **********
 **    1 **SET PRINTOUT            1
 **********
 **********
 **    2 **SET NOWARNINGS 
 **********
 PARAMETER DEFINITIONS:
    NO.   NAME         VALUE      STEP SIZE      LIMITS
     1 A_CBO        9.29121e-03  1.00000e-05     no limits
     2 w_CBO        2.32653e+00  1.00000e-02    2.00000e+00  3.00000e+00
     3 phi_CBO      1.60785e+00  1.00000e-02    0.00000e+00  6.28319e+00
 **********
 **    3 **MIGRAD
 **********
 FIRST CALL TO USER FUNCTION AT NEW START POINT, WITH IFLAG=4.
 START MIGRAD MINIMIZATION.  STRATEGY  1.  CONVERGENCE WHEN EDM .LT. 1.00e-04
 FCN=0.152244 FROM MIGRAD    STATUS=INITIATE       12 CALLS          13 TOTAL
                     EDM= unknown      STRATEGY= 1      NO ERROR MATRIX       
  EXT PARAMETER               CURRENT GUESS       STEP         FIRST   
  NO.   NAME      VALUE            ERROR          SIZE      DERIVATIVE 
   1  A_CBO        9.29121e-03   1.00000e-05   1.00000e-05   7.32743e+00
   2  w_CBO        2.32653e+00   1.00000e-02   2.13267e-02   1.46650e+00
   3  phi_CBO      1.60785e+00   1.00000e-02   3.64731e-03  -1.89507e-02
 MIGRAD MINIMIZATION HAS CONVERGED.
 MIGRAD WILL VERIFY CONVERGENCE AND ERROR MATRIX.
 COVARIANCE MATRIX CALCULATED SUCCESSFULLY
 FCN=0.127526 FROM MIGRAD    STATUS=CONVERGED      57 CALLS          58 TOTAL
                     EDM=9.46732e-05    STRATEGY= 1      ERROR MATRIX ACCURATE 
  EXT PARAMETER                                   STEP         FIRST   
  NO.   NAME      VALUE            ERROR          SIZE      DERIVATIVE 
   1  A_CBO        2.70889e-03   4.33824e-02   2.21197e-05  -1.27693e-04
   2  w_CBO        2.32622e+00   2.99235e-01   4.17526e-05   2.67521e-02
   3  phi_CBO      1.72196e+00   3.55412e+00   2.99962e-03  -9.60329e-05
 EXTERNAL ERROR MATRIX.    NDIM=  25    NPAR=  3    ERR DEF=1
  1.882e-03 -2.550e-03 -1.095e+00 
 -2.550e-03  1.053e-01  4.518e+01 
 -1.095e+00  4.518e+01  1.963e+04 
 PARAMETER  CORRELATION COEFFICIENTS  
       NO.  GLOBAL      1      2      3
        1  0.18115   1.000 -0.181 -0.180
        2  0.99368  -0.181  1.000  0.994
        3  0.99368  -0.180  0.994  1.000
setting A_CBO=0.002709 w_CBO=2.326219, phi_CBO=1.721958
done fitting cbo isolate
 **********
 **    1 **SET PRINTOUT            1
 **********
 **********
 **    2 **SET NOWARNINGS 
 **********
 PARAMETER DEFINITIONS:
    NO.   NAME         VALUE      STEP SIZE      LIMITS
     1 N0           3.08349e+06  1.00000e+02     no limits
     2 tau          6.44081e+01  constant
     3 A0           3.45384e-01  1.00000e-04     no limits
     4 phi          4.12005e+00  1.00000e-02     no limits
     5 R           -6.04838e+01  constant
     6 A_CBO        2.70889e-03  1.00000e-05     no limits
     7 w_CBO        2.32622e+00  1.00000e-03     no limits
     8 phi_CBO      1.72196e+00  1.00000e-04     no limits
     9 ANx2         3.59468e-04  constant
    10 pNx2         5.65332e+00  constant
    11 ANy1         0.00000e+00  constant
    12 pNy1         0.00000e+00  constant
    13 w_y          0.00000e+00  constant
    14 ANy2         9.88841e-03  1.00000e-04     no limits
    15 pNy2         2.39757e+00  constant
    16 w_vw         1.43118e+01  constant
    17 LM           1.25147e-04  constant
    18 wCBO_expCoeff   2.00000e+02  1.00000e+00     no limits
    19 wCBO_expOffset   2.00000e+02  1.00000e+00     no limits
    20 wCBO_expT    3.00000e+01  1.00000e+00     no limits
    21 wCBO_linCoeff   0.00000e+00  constant
    22 wCBO_const   0.00000e+00  1.00000e-02     no limits
MINUIT - FIT ONLY WIGGLE
 **********
 **    3 **FIX            5
 **********
 PARAMETER    5  IS CONSTANT.   IGNORED.
 **********
 **    4 **FIX            6
 **********
 **********
 **    5 **FIX            7
 **********
 **********
 **    6 **FIX            8
 **********
 **********
 **    7 **FIX            9
 **********
 PARAMETER    9  IS CONSTANT.   IGNORED.
 **********
 **    8 **FIX           10
 **********
 PARAMETER   10  IS CONSTANT.   IGNORED.
 **********
 **    9 **FIX           11
 **********
 PARAMETER   11  IS CONSTANT.   IGNORED.
 **********
 **   10 **FIX           12
 **********
 PARAMETER   12  IS CONSTANT.   IGNORED.
 **********
 **   11 **FIX           13
 **********
 PARAMETER   13  IS CONSTANT.   IGNORED.
 **********
 **   12 **FIX           14
 **********
 **********
 **   13 **FIX           15
 **********
 PARAMETER   15  IS CONSTANT.   IGNORED.
 **********
 **   14 **FIX           16
 **********
 PARAMETER   16  IS CONSTANT.   IGNORED.
 **********
 **   15 **MIGRAD
 **********
 FIRST CALL TO USER FUNCTION AT NEW START POINT, WITH IFLAG=4.
 START MIGRAD MINIMIZATION.  STRATEGY  1.  CONVERGENCE WHEN EDM .LT. 1.00e-04
 FCN=590.397 FROM MIGRAD    STATUS=INITIATE       30 CALLS          31 TOTAL
                     EDM= unknown      STRATEGY= 1      NO ERROR MATRIX       
  EXT PARAMETER               CURRENT GUESS       STEP         FIRST   
  NO.   NAME      VALUE            ERROR          SIZE      DERIVATIVE 
   1  N0           3.08349e+06   1.00000e+02   1.00000e+02   4.09849e-04
   2  tau          6.44081e+01   constant   
   3  A0           3.45384e-01   1.00000e-04   1.00000e-04   7.34234e+02
   4  phi          4.12005e+00   1.00000e-02   1.00000e-02  -4.78344e+02
   5  R           -6.04838e+01   constant   
   6  A_CBO        2.70889e-03     fixed    
   7  w_CBO        2.32622e+00     fixed    
   8  phi_CBO      1.72196e+00     fixed    
   9  ANx2         3.59468e-04   constant   
  10  pNx2         5.65332e+00   constant   
  11  ANy1         0.00000e+00   constant   
  12  pNy1         0.00000e+00   constant   
  13  w_y          0.00000e+00   constant   
  14  ANy2         9.88841e-03     fixed    
  15  pNy2         2.39757e+00   constant   
  16  w_vw         1.43118e+01   constant   
  17  LM           1.25147e-04   constant   
  18  wCBO_expCoeff   2.00000e+02   1.00000e+00   1.00000e+00   5.55140e+01
  19  wCBO_expOffset   2.00000e+02   1.00000e+00   1.00000e+00   3.69951e+02
  20  wCBO_expT    3.00000e+01   1.00000e+00   1.00000e+00   1.85812e+03
  21  wCBO_linCoeff   0.00000e+00   constant   
  22  wCBO_const   0.00000e+00   1.00000e-02   1.00000e-02   8.11681e+03
 MIGRAD MINIMIZATION HAS CONVERGED.
 FCN=579.994 FROM MIGRAD    STATUS=CONVERGED     178 CALLS         179 TOTAL
                     EDM=5.43256e-08    STRATEGY= 1  ERROR MATRIX UNCERTAINTY   0.8 per cent
  EXT PARAMETER                                   STEP         FIRST   
  NO.   NAME      VALUE            ERROR          SIZE      DERIVATIVE 
   1  N0           3.08325e+06   1.38279e+03  -3.16862e+00   2.70327e-08
   2  tau          6.44081e+01   constant   
   3  A0           3.45386e-01   6.29754e-04   3.14265e-07   1.36432e-03
   4  phi          4.12075e+00   1.82454e-03  -1.25300e-06   1.02562e-01
   5  R           -6.04838e+01   constant   
   6  A_CBO        2.70889e-03     fixed    
   7  w_CBO        2.32622e+00     fixed    
   8  phi_CBO      1.72196e+00     fixed    
   9  ANx2         3.59468e-04   constant   
  10  pNx2         5.65332e+00   constant   
  11  ANy1         0.00000e+00   constant   
  12  pNy1         0.00000e+00   constant   
  13  w_y          0.00000e+00   constant   
  14  ANy2         9.88841e-03     fixed    
  15  pNy2         2.39757e+00   constant   
  16  w_vw         1.43118e+01   constant   
  17  LM           1.25147e-04   constant   
  18  wCBO_expCoeff   2.00041e+02   7.24987e-01   5.00325e-04  -5.78560e-03
  19  wCBO_expOffset   2.00006e+02   1.08675e-01   7.50822e-05  -3.85941e-02
  20  wCBO_expT    2.99843e+01   4.80959e-02  -2.55192e-05  -1.79547e-01
  21  wCBO_linCoeff   0.00000e+00   constant   
  22  wCBO_const   7.55039e-04   1.09088e-03   3.19319e-08  -6.69421e-01
 EXTERNAL ERROR MATRIX.    NDIM=  25    NPAR=  7    ERR DEF=1
  1.912e+06 -2.264e-02 -1.797e-02 -6.863e+00 -1.029e+00  1.154e+00 -1.423e-01 
 -2.264e-02  3.966e-07 -2.962e-09  4.174e-05  6.256e-06 -3.447e-06  1.744e-07 
 -1.797e-02 -2.962e-09  3.329e-06  9.962e-05  1.493e-05 -6.083e-06  8.495e-08 
 -6.863e+00  4.174e-05  9.962e-05  5.256e-01  7.725e-02 -3.457e-02  5.349e-04 
 -1.029e+00  6.256e-06  1.493e-05  7.725e-02  1.181e-02 -5.183e-03  8.018e-05 
  1.154e+00 -3.447e-06 -6.083e-06 -3.457e-02 -5.183e-03  2.313e-03 -3.829e-05 
 -1.423e-01  1.744e-07  8.495e-08  5.349e-04  8.018e-05 -3.829e-05  1.190e-06 
 PARAMETER  CORRELATION COEFFICIENTS  
       NO.  GLOBAL      1      3      4     18     19     20     22
        1  0.12946   1.000 -0.026 -0.007 -0.007 -0.007  0.017 -0.094
        3  0.28807  -0.026  1.000 -0.003  0.091  0.091 -0.114  0.254
        4  0.13994  -0.007 -0.003  1.000  0.075  0.075 -0.069  0.043
       18  0.99634  -0.007  0.091  0.075  1.000  0.980 -0.992  0.676
       19  0.99633  -0.007  0.091  0.075  0.980  1.000 -0.992  0.676
       20  0.99901   0.017 -0.114 -0.069 -0.992 -0.992  1.000 -0.730
       22  0.92185  -0.094  0.254  0.043  0.676  0.676 -0.730  1.000
MINUIT - FIT ONLY 1-CBO + other amplitudes 
 **********
 **   16 **RES 
 **********
                   PARAMETER   14  ANy2 RESTORED TO VARIABLE.
                   PARAMETER    8  phi_CBO RESTORED TO VARIABLE.
                   PARAMETER    7  w_CBO RESTORED TO VARIABLE.
                   PARAMETER    6  A_CBO RESTORED TO VARIABLE.
 **********
 **   17 **FIX            0
 **********
 PARAMETER    0  IS UNDEFINED. IGNORED.
 **********
 **   18 **FIX            1
 **********
 **********
 **   19 **FIX            2
 **********
 PARAMETER    2  IS CONSTANT.   IGNORED.
 **********
 **   20 **FIX            3
 **********
 **********
 **   21 **FIX            4
 **********
 **********
 **   22 **FIX            9
 **********
 PARAMETER    9  IS CONSTANT.   IGNORED.
 **********
 **   23 **FIX           11
 **********
 PARAMETER   11  IS CONSTANT.   IGNORED.
 **********
 **   24 **FIX           12
 **********
 PARAMETER   12  IS CONSTANT.   IGNORED.
 **********
 **   25 **FIX           14
 **********
 **********
 **   26 **FIX           15
 **********
 PARAMETER   15  IS CONSTANT.   IGNORED.
 **********
 **   27 **FIX           16
 **********
 PARAMETER   16  IS CONSTANT.   IGNORED.
 **********
 **   28 **MIGRAD
 **********
 START MIGRAD MINIMIZATION.  STRATEGY  1.  CONVERGENCE WHEN EDM .LT. 1.00e-04
 FCN=579.994 FROM MIGRAD    STATUS=INITIATE       20 CALLS         199 TOTAL
                     EDM= unknown      STRATEGY= 1      NO ERROR MATRIX       
  EXT PARAMETER               CURRENT GUESS       STEP         FIRST   
  NO.   NAME      VALUE            ERROR          SIZE      DERIVATIVE 
   1  N0           3.08325e+06     fixed    
   2  tau          6.44081e+01   constant   
   3  A0           3.45386e-01     fixed    
   4  phi          4.12075e+00     fixed    
   5  R           -6.04838e+01   constant   
   6  A_CBO        2.70889e-03   1.00000e-05   1.00000e-05   8.40934e+03
   7  w_CBO        2.32622e+00   1.00000e-03   1.00000e-03  -7.84700e-01
   8  phi_CBO      1.72196e+00   1.00000e-04   1.00000e-04   5.21524e-01
   9  ANx2         3.59468e-04   constant   
  10  pNx2         5.65332e+00   constant   
  11  ANy1         0.00000e+00   constant   
  12  pNy1         0.00000e+00   constant   
  13  w_y          0.00000e+00   constant   
  14  ANy2         9.88841e-03     fixed    
  15  pNy2         2.39757e+00   constant   
  16  w_vw         1.43118e+01   constant   
  17  LM           1.25147e-04   constant   
  18  wCBO_expCoeff   2.00041e+02   7.24987e-01   5.00325e-04  -5.78581e-03
  19  wCBO_expOffset   2.00006e+02   1.08675e-01   7.50822e-05  -3.85955e-02
  20  wCBO_expT    2.99843e+01   4.80959e-02  -2.55192e-05  -1.79552e-01
  21  wCBO_linCoeff   0.00000e+00   constant   
  22  wCBO_const   7.55039e-04   1.09088e-03   3.19319e-08  -6.69421e-01
 MIGRAD MINIMIZATION HAS CONVERGED.
 MIGRAD WILL VERIFY CONVERGENCE AND ERROR MATRIX.
 FCN=571.661 FROM MIGRAD    STATUS=CONVERGED     299 CALLS         478 TOTAL
                     EDM=1.75964e-07    STRATEGY= 1      ERR MATRIX NOT POS-DEF
  EXT PARAMETER                APPROXIMATE        STEP         FIRST   
  NO.   NAME      VALUE            ERROR          SIZE      DERIVATIVE 
   1  N0           3.08325e+06     fixed    
   2  tau          6.44081e+01   constant   
   3  A0           3.45386e-01     fixed    
   4  phi          4.12075e+00     fixed    
   5  R           -6.04838e+01   constant   
   6  A_CBO        9.94579e-04   6.26265e-04   7.30489e-06  -4.61008e-01
   7  w_CBO        2.32733e+00   6.97186e-03   6.92027e-06  -6.51320e-02
   8  phi_CBO      1.34383e-01   9.81496e-01   7.58146e-03   2.78769e-04
   9  ANx2         3.59468e-04   constant   
  10  pNx2         5.65332e+00   constant   
  11  ANy1         0.00000e+00   constant   
  12  pNy1         0.00000e+00   constant   
  13  w_y          0.00000e+00   constant   
  14  ANy2         9.88841e-03     fixed    
  15  pNy2         2.39757e+00   constant   
  16  w_vw         1.43118e+01   constant   
  17  LM           1.25147e-04   constant   
  18  wCBO_expCoeff   2.00602e+02   9.54266e-01   1.00608e-03   5.65588e-04
  19  wCBO_expOffset   2.00090e+02   1.42470e-01   1.50193e-04   3.79958e-03
  20  wCBO_expT    2.99467e+01   2.65015e-02   3.11643e-05   2.27612e-02
  21  wCBO_linCoeff   0.00000e+00   constant   
  22  wCBO_const  -1.26694e-03   3.19920e-03   6.73737e-06  -2.65615e-01
 EXTERNAL ERROR MATRIX.    NDIM=  25    NPAR=  7    ERR DEF=1
  3.922e-07  3.376e-09 -2.162e-05 -3.771e-06 -5.635e-07 -4.678e-08  2.672e-08 
  3.376e-09  4.861e-05  9.704e-05 -1.599e-03 -2.390e-04 -3.440e-05 -1.983e-05 
 -2.162e-05  9.704e-05  9.633e-01 -6.345e-02 -9.476e-03  3.073e-03  6.910e-04 
 -3.771e-06 -1.599e-03 -6.345e-02  9.106e-01 -7.342e-02 -8.924e-03  7.177e-04 
 -5.635e-07 -2.390e-04 -9.476e-03 -7.342e-02  2.030e-02 -1.332e-03  1.073e-04 
 -4.678e-08 -3.440e-05  3.073e-03 -8.924e-03 -1.332e-03  7.023e-04  3.072e-06 
  2.672e-08 -1.983e-05  6.910e-04  7.177e-04  1.073e-04  3.072e-06  1.023e-05 
ERR MATRIX NOT POS-DEF
 PARAMETER  CORRELATION COEFFICIENTS  
       NO.  GLOBAL      6      7      8     18     19     20     22
        6  0.09567   1.000  0.001 -0.035 -0.006 -0.006 -0.003  0.013
        7  0.99640   0.001  1.000  0.014 -0.240 -0.241 -0.186 -0.889
        8  0.75173  -0.035  0.014  1.000 -0.068 -0.068  0.118  0.220
       18  0.99594  -0.006 -0.240 -0.068  1.000 -0.540 -0.353  0.235
       19  0.99594  -0.006 -0.241 -0.068 -0.540  1.000 -0.353  0.235
       20  0.99495  -0.003 -0.186  0.118 -0.353 -0.353  1.000  0.036
       22  0.98371   0.013 -0.889  0.220  0.235  0.235  0.036  1.000
 ERR MATRIX NOT POS-DEF
MINUIT - FIT ONLY 1-CBO
 **********
 **   29 **RES 
 **********
                   PARAMETER   14  ANy2 RESTORED TO VARIABLE.
                   PARAMETER    4  phi RESTORED TO VARIABLE.
                   PARAMETER    3  A0 RESTORED TO VARIABLE.
                   PARAMETER    1  N0 RESTORED TO VARIABLE.
 **********
 **   30 **FIX            0
 **********
 PARAMETER    0  IS UNDEFINED. IGNORED.
 **********
 **   31 **FIX            1
 **********
 **********
 **   32 **FIX            2
 **********
 PARAMETER    2  IS CONSTANT.   IGNORED.
 **********
 **   33 **FIX            3
 **********
 **********
 **   34 **FIX            4
 **********
 **********
 **   35 **FIX            8
 **********
 **********
 **   36 **FIX            9
 **********
 PARAMETER    9  IS CONSTANT.   IGNORED.
 **********
 **   37 **FIX           11
 **********
 PARAMETER   11  IS CONSTANT.   IGNORED.
 **********
 **   38 **FIX           12
 **********
 PARAMETER   12  IS CONSTANT.   IGNORED.
 **********
 **   39 **FIX           13
 **********
 PARAMETER   13  IS CONSTANT.   IGNORED.
 **********
 **   40 **FIX           15
 **********
 PARAMETER   15  IS CONSTANT.   IGNORED.
 **********
 **   41 **FIX           16
 **********
 PARAMETER   16  IS CONSTANT.   IGNORED.
 **********
 **   42 **MIGRAD
 **********
 START MIGRAD MINIMIZATION.  STRATEGY  1.  CONVERGENCE WHEN EDM .LT. 1.00e-04
 FCN=571.661 FROM MIGRAD    STATUS=INITIATE       16 CALLS         494 TOTAL
                     EDM= unknown      STRATEGY= 1      NO ERROR MATRIX       
  EXT PARAMETER               CURRENT GUESS       STEP         FIRST   
  NO.   NAME      VALUE            ERROR          SIZE      DERIVATIVE 
   1  N0           3.08325e+06     fixed    
   2  tau          6.44081e+01   constant   
   3  A0           3.45386e-01     fixed    
   4  phi          4.12075e+00     fixed    
   5  R           -6.04838e+01   constant   
   6  A_CBO        9.94579e-04   6.26265e-04   7.30489e-06  -4.61008e-01
   7  w_CBO        2.32733e+00   6.97186e-03   6.92027e-06  -6.19904e-02
   8  phi_CBO      1.34383e-01     fixed    
   9  ANx2         3.59468e-04   constant   
  10  pNx2         5.65332e+00   constant   
  11  ANy1         0.00000e+00   constant   
  12  pNy1         0.00000e+00   constant   
  13  w_y          0.00000e+00   constant   
  14  ANy2         9.88841e-03   1.00000e-04   1.00000e-04   4.89067e+04
  15  pNy2         2.39757e+00   constant   
  16  w_vw         1.43118e+01   constant   
  17  LM           1.25147e-04   constant   
  18  wCBO_expCoeff   2.00602e+02   9.54266e-01   1.00608e-03   5.90275e-04
  19  wCBO_expOffset   2.00090e+02   1.42470e-01   1.50193e-04   3.95858e-03
  20  wCBO_expT    2.99467e+01   2.65015e-02   3.11643e-05   2.38069e-02
  21  wCBO_linCoeff   0.00000e+00   constant   
  22  wCBO_const  -1.26694e-03   3.19920e-03   6.73737e-06  -2.68950e-01
 MIGRAD MINIMIZATION HAS CONVERGED.
 MIGRAD WILL VERIFY CONVERGENCE AND ERROR MATRIX.
 COVARIANCE MATRIX CALCULATED SUCCESSFULLY
 FCN=327.898 FROM MIGRAD    STATUS=CONVERGED     410 CALLS         888 TOTAL
                     EDM=1.11911e-05    STRATEGY= 1      ERROR MATRIX ACCURATE 
  EXT PARAMETER                                   STEP         FIRST   
  NO.   NAME      VALUE            ERROR          SIZE      DERIVATIVE 
   1  N0           3.08325e+06     fixed    
   2  tau          6.44081e+01   constant   
   3  A0           3.45386e-01     fixed    
   4  phi          4.12075e+00     fixed    
   5  R           -6.04838e+01   constant   
   6  A_CBO        2.50533e-04   6.97962e-04   5.70330e-06   1.18789e+00
   7  w_CBO        2.32302e+00   2.17912e-02   7.70314e-06   4.48847e+00
   8  phi_CBO      1.34383e-01     fixed    
   9  ANx2         3.59468e-04   constant   
  10  pNx2         5.65332e+00   constant   
  11  ANy1         0.00000e+00   constant   
  12  pNy1         0.00000e+00   constant   
  13  w_y          0.00000e+00   constant   
  14  ANy2        -7.11056e-05   6.37178e-04   5.62888e-06   3.03690e+00
  15  pNy2         2.39757e+00   constant   
  16  w_vw         1.43118e+01   constant   
  17  LM           1.25147e-04   constant   
  18  wCBO_expCoeff   1.99342e+02   6.62385e+00   1.35871e-03   2.35779e-02
  19  wCBO_expOffset   1.99903e+02   9.98180e-01   2.04630e-04   1.56503e-01
  20  wCBO_expT    3.00317e+01   8.02784e-02   4.05307e-05   7.97111e-01
  21  wCBO_linCoeff   0.00000e+00   constant   
  22  wCBO_const   5.28929e-04   9.43750e-03   5.61310e-06   5.72396e+00
 EXTERNAL ERROR MATRIX.    NDIM=  25    NPAR=  7    ERR DEF=1
  4.872e-07  2.746e-07  1.376e-08  2.916e-04  4.388e-05 -1.825e-05  8.836e-09 
  2.746e-07  4.749e-04 -1.852e-08 -1.896e-02 -2.913e-03 -7.725e-05 -2.035e-04 
  1.376e-08 -1.852e-08  4.060e-07 -2.862e-05 -4.301e-06  1.737e-06 -7.235e-09 
  2.916e-04 -1.896e-02 -2.862e-05  4.388e+01 -5.896e+00 -9.816e-02  9.305e-03 
  4.388e-05 -2.913e-03 -4.301e-06 -5.896e+00  9.964e-01 -1.474e-02  1.426e-03 
 -1.825e-05 -7.725e-05  1.737e-06 -9.816e-02 -1.474e-02  6.445e-03 -4.675e-05 
  8.836e-09 -2.035e-04 -7.235e-09  9.305e-03  1.426e-03 -4.675e-05  8.907e-05 
 PARAMETER  CORRELATION COEFFICIENTS  
       NO.  GLOBAL      6      7     14     18     19     20     22
        6  0.38587   1.000  0.018  0.031  0.063  0.063 -0.326  0.001
        7  0.99919   0.018  1.000 -0.001 -0.131 -0.134 -0.044 -0.990
       14  0.06908   0.031 -0.001  1.000 -0.007 -0.007  0.034 -0.001
       18  0.99972   0.063 -0.131 -0.007  1.000 -0.892 -0.185  0.149
       19  0.99972   0.063 -0.134 -0.007 -0.892  1.000 -0.184  0.151
       20  0.99831  -0.326 -0.044  0.034 -0.185 -0.184  1.000 -0.062
       22  0.99776   0.001 -0.990 -0.001  0.149  0.151 -0.062  1.000
MINUIT - FIT ONLY 2-CBO
 **********
 **   43 **RES 
 **********
                   PARAMETER    8  phi_CBO RESTORED TO VARIABLE.
                   PARAMETER    4  phi RESTORED TO VARIABLE.
                   PARAMETER    3  A0 RESTORED TO VARIABLE.
                   PARAMETER    1  N0 RESTORED TO VARIABLE.
 **********
 **   44 **FIX            0
 **********
 PARAMETER    0  IS UNDEFINED. IGNORED.
 **********
 **   45 **FIX            1
 **********
 **********
 **   46 **FIX            2
 **********
 PARAMETER    2  IS CONSTANT.   IGNORED.
 **********
 **   47 **FIX            3
 **********
 **********
 **   48 **FIX            4
 **********
 **********
 **   49 **FIX            5
 **********
 PARAMETER    5  IS CONSTANT.   IGNORED.
 **********
 **   50 **FIX            6
 **********
 **********
 **   51 **FIX            7
 **********
 **********
 **   52 **FIX           10
 **********
 PARAMETER   10  IS CONSTANT.   IGNORED.
 **********
 **   53 **FIX           11
 **********
 PARAMETER   11  IS CONSTANT.   IGNORED.
 **********
 **   54 **FIX           12
 **********
 PARAMETER   12  IS CONSTANT.   IGNORED.
 **********
 **   55 **FIX           13
 **********
 PARAMETER   13  IS CONSTANT.   IGNORED.
 **********
 **   56 **FIX           14
 **********
 **********
 **   57 **FIX           15
 **********
 PARAMETER   15  IS CONSTANT.   IGNORED.
 **********
 **   58 **FIX           16
 **********
 PARAMETER   16  IS CONSTANT.   IGNORED.
 **********
 **   59 **MIGRAD
 **********
 START MIGRAD MINIMIZATION.  STRATEGY  1.  CONVERGENCE WHEN EDM .LT. 1.00e-04
 FCN=327.898 FROM MIGRAD    STATUS=INITIATE       12 CALLS         900 TOTAL
                     EDM= unknown      STRATEGY= 1      NO ERROR MATRIX       
  EXT PARAMETER               CURRENT GUESS       STEP         FIRST   
  NO.   NAME      VALUE            ERROR          SIZE      DERIVATIVE 
   1  N0           3.08325e+06     fixed    
   2  tau          6.44081e+01   constant   
   3  A0           3.45386e-01     fixed    
   4  phi          4.12075e+00     fixed    
   5  R           -6.04838e+01   constant   
   6  A_CBO        2.50533e-04     fixed    
   7  w_CBO        2.32302e+00     fixed    
   8  phi_CBO      1.34383e-01   9.81496e-01   9.81496e-01  -1.21093e-02
   9  ANx2         3.59468e-04   constant   
  10  pNx2         5.65332e+00   constant   
  11  ANy1         0.00000e+00   constant   
  12  pNy1         0.00000e+00   constant   
  13  w_y          0.00000e+00   constant   
  14  ANy2        -7.11056e-05     fixed    
  15  pNy2         2.39757e+00   constant   
  16  w_vw         1.43118e+01   constant   
  17  LM           1.25147e-04   constant   
  18  wCBO_expCoeff   1.99342e+02   6.62385e+00   1.35871e-03   2.35740e-02
  19  wCBO_expOffset   1.99903e+02   9.98180e-01   2.04630e-04   1.56480e-01
  20  wCBO_expT    3.00317e+01   8.02784e-02   4.05307e-05   7.95870e-01
  21  wCBO_linCoeff   0.00000e+00   constant   
  22  wCBO_const   5.28929e-04   9.43750e-03   5.61310e-06   5.72137e+00
 MIGRAD MINIMIZATION HAS CONVERGED.
 MIGRAD WILL VERIFY CONVERGENCE AND ERROR MATRIX.
 COVARIANCE MATRIX CALCULATED SUCCESSFULLY
 FCN=327.898 FROM MIGRAD    STATUS=CONVERGED      69 CALLS         957 TOTAL
                     EDM=3.00629e-05    STRATEGY= 1      ERROR MATRIX ACCURATE 
  EXT PARAMETER                                   STEP         FIRST   
  NO.   NAME      VALUE            ERROR          SIZE      DERIVATIVE 
   1  N0           3.08325e+06     fixed    
   2  tau          6.44081e+01   constant   
   3  A0           3.45386e-01     fixed    
   4  phi          4.12075e+00     fixed    
   5  R           -6.04838e+01   constant   
   6  A_CBO        2.50533e-04     fixed    
   7  w_CBO        2.32302e+00     fixed    
   8  phi_CBO      1.73616e-01   2.69797e+00   2.22255e-02   1.19740e-06
   9  ANx2         3.59468e-04   constant   
  10  pNx2         5.65332e+00   constant   
  11  ANy1         0.00000e+00   constant   
  12  pNy1         0.00000e+00   constant   
  13  w_y          0.00000e+00   constant   
  14  ANy2        -7.11056e-05     fixed    
  15  pNy2         2.39757e+00   constant   
  16  w_vw         1.43118e+01   constant   
  17  LM           1.25147e-04   constant   
  18  wCBO_expCoeff   1.99342e+02   6.79189e+00   1.39479e-03   1.32905e-03
  19  wCBO_expOffset   1.99903e+02   1.02335e+00   2.10132e-04   8.82175e-03
  20  wCBO_expT    3.00317e+01   7.83773e-02   4.13498e-05   1.15243e-01
  21  wCBO_linCoeff   0.00000e+00   constant   
  22  wCBO_const   5.29189e-04   1.39675e-03   5.58663e-06  -1.68533e+00
 EXTERNAL ERROR MATRIX.    NDIM=  25    NPAR=  5    ERR DEF=1
  7.279e+00  9.026e-01  1.365e-01 -5.637e-02  1.061e-03 
  9.026e-01  4.613e+01 -6.493e+00 -9.597e-02  1.221e-03 
  1.365e-01 -6.493e+00  1.047e+00 -1.451e-02  1.843e-04 
 -5.637e-02 -9.597e-02 -1.451e-02  6.143e-03 -8.274e-05 
  1.061e-03  1.221e-03  1.843e-04 -8.274e-05  1.951e-06 
 PARAMETER  CORRELATION COEFFICIENTS  
       NO.  GLOBAL      8     18     19     20     22
        8  0.36767   1.000  0.049  0.049 -0.267  0.282
       18  0.99973   0.049  1.000 -0.934 -0.180  0.129
       19  0.99973   0.049 -0.934  1.000 -0.181  0.129
       20  0.99822  -0.267 -0.180 -0.181  1.000 -0.756
       22  0.89210   0.282  0.129  0.129 -0.756  1.000
MINUIT - FIT ONLY 1-y
 **********
 **   60 **RES 
 **********
                   PARAMETER   14  ANy2 RESTORED TO VARIABLE.
                   PARAMETER    7  w_CBO RESTORED TO VARIABLE.
                   PARAMETER    6  A_CBO RESTORED TO VARIABLE.
                   PARAMETER    4  phi RESTORED TO VARIABLE.
                   PARAMETER    3  A0 RESTORED TO VARIABLE.
                   PARAMETER    1  N0 RESTORED TO VARIABLE.
 **********
 **   61 **FIX            0
 **********
 PARAMETER    0  IS UNDEFINED. IGNORED.
 **********
 **   62 **FIX            1
 **********
 **********
 **   63 **FIX            2
 **********
 PARAMETER    2  IS CONSTANT.   IGNORED.
 **********
 **   64 **FIX            3
 **********
 **********
 **   65 **FIX            4
 **********
 **********
 **   66 **FIX            5
 **********
 PARAMETER    5  IS CONSTANT.   IGNORED.
 **********
 **   67 **FIX            6
 **********
 **********
 **   68 **FIX            7
 **********
 **********
 **   69 **FIX            8
 **********
 **********
 **   70 **FIX            9
 **********
 PARAMETER    9  IS CONSTANT.   IGNORED.
 **********
 **   71 **FIX           13
 **********
 PARAMETER   13  IS CONSTANT.   IGNORED.
 **********
 **   72 **FIX           14
 **********
 **********
 **   73 **FIX           15
 **********
 PARAMETER   15  IS CONSTANT.   IGNORED.
 **********
 **   74 **FIX           16
 **********
 PARAMETER   16  IS CONSTANT.   IGNORED.
 **********
 **   75 **MIGRAD
 **********
 START MIGRAD MINIMIZATION.  STRATEGY  1.  CONVERGENCE WHEN EDM .LT. 1.00e-04
 FCN=327.898 FROM MIGRAD    STATUS=INITIATE        8 CALLS         965 TOTAL
                     EDM= unknown      STRATEGY= 1      NO ERROR MATRIX       
  EXT PARAMETER               CURRENT GUESS       STEP         FIRST   
  NO.   NAME      VALUE            ERROR          SIZE      DERIVATIVE 
   1  N0           3.08325e+06     fixed    
   2  tau          6.44081e+01   constant   
   3  A0           3.45386e-01     fixed    
   4  phi          4.12075e+00     fixed    
   5  R           -6.04838e+01   constant   
   6  A_CBO        2.50533e-04     fixed    
   7  w_CBO        2.32302e+00     fixed    
   8  phi_CBO      1.73616e-01     fixed    
   9  ANx2         3.59468e-04   constant   
  10  pNx2         5.65332e+00   constant   
  11  ANy1         0.00000e+00   constant   
  12  pNy1         0.00000e+00   constant   
  13  w_y          0.00000e+00   constant   
  14  ANy2        -7.11056e-05     fixed    
  15  pNy2         2.39757e+00   constant   
  16  w_vw         1.43118e+01   constant   
  17  LM           1.25147e-04   constant   
  18  wCBO_expCoeff   1.99342e+02   6.79189e+00   1.39479e-03   1.32573e-03
  19  wCBO_expOffset   1.99903e+02   1.02335e+00   2.10132e-04   8.80241e-03
  20  wCBO_expT    3.00317e+01   7.83773e-02   4.13498e-05   1.14015e-01
  21  wCBO_linCoeff   0.00000e+00   constant   
  22  wCBO_const   5.29189e-04   1.39675e-03   5.58663e-06  -1.68790e+00
 MIGRAD MINIMIZATION HAS CONVERGED.
 MIGRAD WILL VERIFY CONVERGENCE AND ERROR MATRIX.
 COVARIANCE MATRIX CALCULATED SUCCESSFULLY
 FCN=327.898 FROM MIGRAD    STATUS=CONVERGED      41 CALLS         998 TOTAL
                     EDM=2.58177e-05    STRATEGY= 1      ERROR MATRIX ACCURATE 
  EXT PARAMETER                                   STEP         FIRST   
  NO.   NAME      VALUE            ERROR          SIZE      DERIVATIVE 
   1  N0           3.08325e+06     fixed    
   2  tau          6.44081e+01   constant   
   3  A0           3.45386e-01     fixed    
   4  phi          4.12075e+00     fixed    
   5  R           -6.04838e+01   constant   
   6  A_CBO        2.50533e-04     fixed    
   7  w_CBO        2.32302e+00     fixed    
   8  phi_CBO      1.73616e-01     fixed    
   9  ANx2         3.59468e-04   constant   
  10  pNx2         5.65332e+00   constant   
  11  ANy1         0.00000e+00   constant   
  12  pNy1         0.00000e+00   constant   
  13  w_y          0.00000e+00   constant   
  14  ANy2        -7.11056e-05     fixed    
  15  pNy2         2.39757e+00   constant   
  16  w_vw         1.43118e+01   constant   
  17  LM           1.25147e-04   constant   
  18  wCBO_expCoeff   1.99342e+02   6.91896e+00   1.39582e-03  -1.98471e-03
  19  wCBO_expOffset   1.99903e+02   1.04251e+00   2.10286e-04  -1.31741e-02
  20  wCBO_expT    3.00317e+01   7.57163e-02   4.13918e-05   3.18883e-02
  21  wCBO_linCoeff   0.00000e+00   constant   
  22  wCBO_const   5.30151e-04   1.34223e-03   5.58853e-06  -6.55802e-02
 EXTERNAL ERROR MATRIX.    NDIM=  25    NPAR=  4    ERR DEF=1
  4.787e+01 -6.788e+00 -8.935e-02  1.094e-03 
 -6.788e+00  1.087e+00 -1.352e-02  1.654e-04 
 -8.935e-02 -1.352e-02  5.733e-03 -7.489e-05 
  1.094e-03  1.654e-04 -7.489e-05  1.802e-06 
 PARAMETER  CORRELATION COEFFICIENTS  
       NO.  GLOBAL     18     19     20     22
       18  0.99974   1.000 -0.941 -0.171  0.118
       19  0.99974  -0.941  1.000 -0.171  0.118
       20  0.99809  -0.171 -0.171  1.000 -0.737
       22  0.88257   0.118  0.118 -0.737  1.000
MINUIT - FIT ONLY 2-y
 **********
 **   76 **RES 
 **********
                   PARAMETER   14  ANy2 RESTORED TO VARIABLE.
                   PARAMETER    8  phi_CBO RESTORED TO VARIABLE.
                   PARAMETER    7  w_CBO RESTORED TO VARIABLE.
                   PARAMETER    6  A_CBO RESTORED TO VARIABLE.
                   PARAMETER    4  phi RESTORED TO VARIABLE.
                   PARAMETER    3  A0 RESTORED TO VARIABLE.
                   PARAMETER    1  N0 RESTORED TO VARIABLE.
 **********
 **   77 **FIX            0
 **********
 PARAMETER    0  IS UNDEFINED. IGNORED.
 **********
 **   78 **FIX            1
 **********
 **********
 **   79 **FIX            2
 **********
 PARAMETER    2  IS CONSTANT.   IGNORED.
 **********
 **   80 **FIX            3
 **********
 **********
 **   81 **FIX            4
 **********
 **********
 **   82 **FIX            5
 **********
 PARAMETER    5  IS CONSTANT.   IGNORED.
 **********
 **   83 **FIX            6
 **********
 **********
 **   84 **FIX            7
 **********
 **********
 **   85 **FIX            8
 **********
 **********
 **   86 **FIX            9
 **********
 PARAMETER    9  IS CONSTANT.   IGNORED.
 **********
 **   87 **FIX           10
 **********
 PARAMETER   10  IS CONSTANT.   IGNORED.
 **********
 **   88 **FIX           11
 **********
 PARAMETER   11  IS CONSTANT.   IGNORED.
 **********
 **   89 **FIX           12
 **********
 PARAMETER   12  IS CONSTANT.   IGNORED.
 **********
 **   90 **FIX           16
 **********
 PARAMETER   16  IS CONSTANT.   IGNORED.
 **********
 **   91 **MIGRAD
 **********
 START MIGRAD MINIMIZATION.  STRATEGY  1.  CONVERGENCE WHEN EDM .LT. 1.00e-04
 FCN=327.898 FROM MIGRAD    STATUS=INITIATE       10 CALLS        1008 TOTAL
                     EDM= unknown      STRATEGY= 1      NO ERROR MATRIX       
  EXT PARAMETER               CURRENT GUESS       STEP         FIRST   
  NO.   NAME      VALUE            ERROR          SIZE      DERIVATIVE 
   1  N0           3.08325e+06     fixed    
   2  tau          6.44081e+01   constant   
   3  A0           3.45386e-01     fixed    
   4  phi          4.12075e+00     fixed    
   5  R           -6.04838e+01   constant   
   6  A_CBO        2.50533e-04     fixed    
   7  w_CBO        2.32302e+00     fixed    
   8  phi_CBO      1.73616e-01     fixed    
   9  ANx2         3.59468e-04   constant   
  10  pNx2         5.65332e+00   constant   
  11  ANy1         0.00000e+00   constant   
  12  pNy1         0.00000e+00   constant   
  13  w_y          0.00000e+00   constant   
  14  ANy2        -7.11056e-05   6.37178e-04   6.37178e-04   2.95613e+00
  15  pNy2         2.39757e+00   constant   
  16  w_vw         1.43118e+01   constant   
  17  LM           1.25147e-04   constant   
  18  wCBO_expCoeff   1.99342e+02   6.91896e+00   1.39582e-03  -1.98783e-03
  19  wCBO_expOffset   1.99903e+02   1.04251e+00   2.10286e-04  -1.31921e-02
  20  wCBO_expT    3.00317e+01   7.57163e-02   4.13918e-05   3.06672e-02
  21  wCBO_linCoeff   0.00000e+00   constant   
  22  wCBO_const   5.30151e-04   1.34223e-03   5.58853e-06  -6.81806e-02
 MIGRAD MINIMIZATION HAS CONVERGED.
 MIGRAD WILL VERIFY CONVERGENCE AND ERROR MATRIX.
 COVARIANCE MATRIX CALCULATED SUCCESSFULLY
 FCN=327.898 FROM MIGRAD    STATUS=CONVERGED      52 CALLS        1050 TOTAL
                     EDM=2.6476e-05    STRATEGY= 1      ERROR MATRIX ACCURATE 
  EXT PARAMETER                                   STEP         FIRST   
  NO.   NAME      VALUE            ERROR          SIZE      DERIVATIVE 
   1  N0           3.08325e+06     fixed    
   2  tau          6.44081e+01   constant   
   3  A0           3.45386e-01     fixed    
   4  phi          4.12075e+00     fixed    
   5  R           -6.04838e+01   constant   
   6  A_CBO        2.50533e-04     fixed    
   7  w_CBO        2.32302e+00     fixed    
   8  phi_CBO      1.73616e-01     fixed    
   9  ANx2         3.59468e-04   constant   
  10  pNx2         5.65332e+00   constant   
  11  ANy1         0.00000e+00   constant   
  12  pNy1         0.00000e+00   constant   
  13  w_y          0.00000e+00   constant   
  14  ANy2        -7.17028e-05   6.36887e-04   5.62888e-06   2.89419e-02
  15  pNy2         2.39757e+00   constant   
  16  w_vw         1.43118e+01   constant   
  17  LM           1.25147e-04   constant   
  18  wCBO_expCoeff   1.99342e+02   6.86930e+00   1.39596e-03   8.55296e-04
  19  wCBO_expOffset   1.99903e+02   1.03500e+00   2.10307e-04   5.67708e-03
  20  wCBO_expT    3.00317e+01   7.57291e-02   4.13929e-05   1.29294e-01
  21  wCBO_linCoeff   0.00000e+00   constant   
  22  wCBO_const   5.30164e-04   1.34196e-03   5.58844e-06   5.05656e-01
 EXTERNAL ERROR MATRIX.    NDIM=  25    NPAR=  5    ERR DEF=1
  4.056e-07 -3.823e-05 -5.789e-06  2.276e-06 -1.889e-08 
 -3.823e-05  4.719e+01 -6.684e+00 -8.944e-02  1.095e-03 
 -5.789e-06 -6.684e+00  1.071e+00 -1.352e-02  1.652e-04 
  2.276e-06 -8.944e-02 -1.352e-02  5.735e-03 -7.487e-05 
 -1.889e-08  1.095e-03  1.652e-04 -7.487e-05  1.801e-06 
 PARAMETER  CORRELATION COEFFICIENTS  
       NO.  GLOBAL     14     18     19     20     22
       14  0.06215   1.000 -0.009 -0.009  0.047 -0.022
       18  0.99974  -0.009  1.000 -0.940 -0.172  0.119
       19  0.99974  -0.009 -0.940  1.000 -0.173  0.119
       20  0.99809   0.047 -0.172 -0.173  1.000 -0.737
       22  0.88252  -0.022  0.119  0.119 -0.737  1.000
MINUIT - FIT ALTOGETHER
 **********
 **   92 **RES 
 **********
                   PARAMETER    8  phi_CBO RESTORED TO VARIABLE.
                   PARAMETER    7  w_CBO RESTORED TO VARIABLE.
                   PARAMETER    6  A_CBO RESTORED TO VARIABLE.
                   PARAMETER    4  phi RESTORED TO VARIABLE.
                   PARAMETER    3  A0 RESTORED TO VARIABLE.
                   PARAMETER    1  N0 RESTORED TO VARIABLE.
 **********
 **   93 **MIGRAD
 **********
 START MIGRAD MINIMIZATION.  STRATEGY  1.  CONVERGENCE WHEN EDM .LT. 1.00e-04
 FCN=327.898 FROM MIGRAD    STATUS=INITIATE       22 CALLS        1072 TOTAL
                     EDM= unknown      STRATEGY= 1      NO ERROR MATRIX       
  EXT PARAMETER               CURRENT GUESS       STEP         FIRST   
  NO.   NAME      VALUE            ERROR          SIZE      DERIVATIVE 
   1  N0           3.08325e+06   1.38279e+03   1.38279e+03  -2.94493e-05
   2  tau          6.44081e+01   constant   
   3  A0           3.45386e-01   6.29754e-04   6.29754e-04   3.55909e+00
   4  phi          4.12075e+00   1.82454e-03   1.82454e-03   9.76174e+00
   5  R           -6.04838e+01   constant   
   6  A_CBO        2.50533e-04   6.97962e-04   6.97962e-04   2.71491e+00
   7  w_CBO        2.32302e+00   2.17912e-02   2.17912e-02   2.86810e-01
   8  phi_CBO      1.73616e-01   2.69797e+00   2.69797e+00  -1.06483e-04
   9  ANx2         3.59468e-04   constant   
  10  pNx2         5.65332e+00   constant   
  11  ANy1         0.00000e+00   constant   
  12  pNy1         0.00000e+00   constant   
  13  w_y          0.00000e+00   constant   
  14  ANy2        -7.17028e-05   6.36887e-04   5.62888e-06   2.89421e-02
  15  pNy2         2.39757e+00   constant   
  16  w_vw         1.43118e+01   constant   
  17  LM           1.25147e-04   constant   
  18  wCBO_expCoeff   1.99342e+02   6.86930e+00   1.39596e-03   8.52100e-04
  19  wCBO_expOffset   1.99903e+02   1.03500e+00   2.10307e-04   5.65861e-03
  20  wCBO_expT    3.00317e+01   7.57291e-02   4.13929e-05   1.28070e-01
  21  wCBO_linCoeff   0.00000e+00   constant   
  22  wCBO_const   5.30164e-04   1.34196e-03   5.58844e-06   5.03047e-01
 MIGRAD MINIMIZATION HAS CONVERGED.
 MIGRAD WILL VERIFY CONVERGENCE AND ERROR MATRIX.
 COVARIANCE MATRIX CALCULATED SUCCESSFULLY
 FCN=327.897 FROM MIGRAD    STATUS=CONVERGED     145 CALLS        1195 TOTAL
                     EDM=3.07879e-05    STRATEGY= 1      ERROR MATRIX ACCURATE 
  EXT PARAMETER                                   STEP         FIRST   
  NO.   NAME      VALUE            ERROR          SIZE      DERIVATIVE 
