 + ++++++++++++++++++++++++++++++++++++++++++++++++++++++++++++++++++++ +
 +                                                                      +
 +           You have chose to blind your fitting according to          +
 +                omega_ref * (1 + (R +/- deltaR) *10^{-6})             +
 +                                                                      +
 + ++++++++++++++++++++++++++++++++++++++++++++++++++++++++++++++++++++ +
In main()...
reading format from /gm2data/zkhechad/run45/envelope/formats/formatB_sBin_constraintOn.txt
pBinTau 	= 0  
pBinPhi 	= 0  
constraintau 	= 1 
includeMopTerm 	= 0    
constrainMop    = 0   
Parameters after format file: pBinTau 0 pBinPhi 0 constraintau 1 includeMopTerm 0 constrainMop 0 c_e_scale 0.000000 
reading cbo reference file (full fit) from /gm2data/zkhechad/cboTemplates/Run4CBOTemplates/fullFits/run4/sBin_constraintOn_cE0.0_seed0_run4_calo15.root
A_CBO 0.008274 w_CBO 2.326361 phi_CBO 0.928510 N0 2995032.431773 R -60.169268 tau 64.399261 
Reading cboRef file /gm2data/zkhechad/cboTemplates/Run4CBOTemplates//cboIsolate/run4_calo15.root
deltaT 164.120000
windowBins = 1100
fitting sliding window 2280 from bin 2483 at 370.463600 to bin 3583 at 534.583600 (1100 bins)

Reading data from /gm2data/cornell/histograms/aMethod/histogram_a_run4.root
fitting cbo isolate
 **********
 **    1 **SET PRINTOUT            1
 **********
 **********
 **    2 **SET NOWARNINGS 
 **********
 PARAMETER DEFINITIONS:
    NO.   NAME         VALUE      STEP SIZE      LIMITS
     1 A_CBO        8.27396e-03  1.00000e-05     no limits
     2 w_CBO        2.32636e+00  1.00000e-02    2.00000e+00  3.00000e+00
     3 phi_CBO      9.28510e-01  1.00000e-02    0.00000e+00  6.28319e+00
 **********
 **    3 **MIGRAD
 **********
 FIRST CALL TO USER FUNCTION AT NEW START POINT, WITH IFLAG=4.
 START MIGRAD MINIMIZATION.  STRATEGY  1.  CONVERGENCE WHEN EDM .LT. 1.00e-04
 FCN=0.230772 FROM MIGRAD    STATUS=INITIATE       12 CALLS          13 TOTAL
                     EDM= unknown      STRATEGY= 1      NO ERROR MATRIX       
  EXT PARAMETER               CURRENT GUESS       STEP         FIRST   
  NO.   NAME      VALUE            ERROR          SIZE      DERIVATIVE 
   1  A_CBO        8.27396e-03   1.00000e-05   1.00000e-05   7.02593e+00
   2  w_CBO        2.32636e+00   1.00000e-02   2.13296e-02  -6.07242e-01
   3  phi_CBO      9.28510e-01   1.00000e-02   4.48483e-03   5.29140e-03
 MIGRAD MINIMIZATION HAS CONVERGED.
 MIGRAD WILL VERIFY CONVERGENCE AND ERROR MATRIX.
 FCN=0.208307 FROM HESSE     STATUS=NOT POSDEF     16 CALLS          50 TOTAL
                     EDM=0.000351656    STRATEGY= 1      ERR MATRIX NOT POS-DEF
  EXT PARAMETER                APPROXIMATE        STEP         FIRST   
  NO.   NAME      VALUE            ERROR          SIZE      DERIVATIVE 
   1  A_CBO        1.87826e-03   4.35979e-02   2.28964e-05  -3.71331e-02
   2  w_CBO        2.32656e+00   6.39139e-01   5.61796e-05  -1.28785e-02
   3  phi_CBO      8.78423e-01   3.49627e+00   6.04551e-03  -9.62755e-05
 MIGRAD MINIMIZATION HAS CONVERGED.
 MIGRAD WILL VERIFY CONVERGENCE AND ERROR MATRIX.
 COVARIANCE MATRIX CALCULATED SUCCESSFULLY
 FCN=0.208182 FROM MIGRAD    STATUS=CONVERGED     105 CALLS         106 TOTAL
                     EDM=4.37241e-06    STRATEGY= 1      ERROR MATRIX ACCURATE 
  EXT PARAMETER                                   STEP         FIRST   
  NO.   NAME      VALUE            ERROR          SIZE      DERIVATIVE 
   1  A_CBO        1.98272e-03   4.28716e-02   2.28860e-05   1.33753e-02
   2  w_CBO        2.33140e+00   3.88616e-01   5.40529e-05  -2.63382e-02
   3  phi_CBO      3.11668e+00   4.05703e+00   3.87188e-03   3.64531e-04
 EXTERNAL ERROR MATRIX.    NDIM=  25    NPAR=  3    ERR DEF=1
  1.838e-03 -1.925e-03 -9.078e-01 
 -1.925e-03  2.090e-01  9.511e+01 
 -9.078e-01  9.511e+01  4.375e+04 
 PARAMETER  CORRELATION COEFFICIENTS  
       NO.  GLOBAL      1      2      3
        1  0.10403   1.000 -0.098 -0.101
        2  0.99466  -0.098  1.000  0.995
        3  0.99466  -0.101  0.995  1.000
setting A_CBO=0.001983 w_CBO=2.331396, phi_CBO=3.116680
done fitting cbo isolate
 **********
 **    1 **SET PRINTOUT            1
 **********
 **********
 **    2 **SET NOWARNINGS 
 **********
 PARAMETER DEFINITIONS:
    NO.   NAME         VALUE      STEP SIZE      LIMITS
     1 N0           2.99503e+06  1.00000e+02     no limits
     2 tau          6.43993e+01  constant
     3 A0           3.54065e-01  1.00000e-04     no limits
     4 phi          4.11942e+00  1.00000e-02     no limits
     5 R           -6.01693e+01  constant
     6 A_CBO        1.98272e-03  1.00000e-05     no limits
     7 w_CBO        2.33140e+00  1.00000e-03     no limits
     8 phi_CBO      3.11668e+00  1.00000e-04     no limits
     9 ANx2         6.17909e-04  constant
    10 pNx2         3.86483e+00  constant
    11 ANy1         0.00000e+00  constant
    12 pNy1         0.00000e+00  constant
    13 w_y          0.00000e+00  constant
    14 ANy2         7.96733e-03  1.00000e-04     no limits
    15 pNy2         1.76471e+00  constant
    16 w_vw         1.43097e+01  constant
    17 LM          -1.37296e-04  constant
    18 wCBO_expCoeff   2.00000e+02  1.00000e+00     no limits
    19 wCBO_expOffset   2.00000e+02  1.00000e+00     no limits
    20 wCBO_expT    3.00000e+01  1.00000e+00     no limits
    21 wCBO_linCoeff   0.00000e+00  constant
    22 wCBO_const   0.00000e+00  1.00000e-02     no limits
MINUIT - FIT ONLY WIGGLE
 **********
 **    3 **FIX            5
 **********
 PARAMETER    5  IS CONSTANT.   IGNORED.
 **********
 **    4 **FIX            6
 **********
 **********
 **    5 **FIX            7
 **********
 **********
 **    6 **FIX            8
 **********
 **********
 **    7 **FIX            9
 **********
 PARAMETER    9  IS CONSTANT.   IGNORED.
 **********
 **    8 **FIX           10
 **********
 PARAMETER   10  IS CONSTANT.   IGNORED.
 **********
 **    9 **FIX           11
 **********
 PARAMETER   11  IS CONSTANT.   IGNORED.
 **********
 **   10 **FIX           12
 **********
 PARAMETER   12  IS CONSTANT.   IGNORED.
 **********
 **   11 **FIX           13
 **********
 PARAMETER   13  IS CONSTANT.   IGNORED.
 **********
 **   12 **FIX           14
 **********
 **********
 **   13 **FIX           15
 **********
 PARAMETER   15  IS CONSTANT.   IGNORED.
 **********
 **   14 **FIX           16
 **********
 PARAMETER   16  IS CONSTANT.   IGNORED.
 **********
 **   15 **MIGRAD
 **********
 FIRST CALL TO USER FUNCTION AT NEW START POINT, WITH IFLAG=4.
 START MIGRAD MINIMIZATION.  STRATEGY  1.  CONVERGENCE WHEN EDM .LT. 1.00e-04
 FCN=383.003 FROM MIGRAD    STATUS=INITIATE       30 CALLS          31 TOTAL
                     EDM= unknown      STRATEGY= 1      NO ERROR MATRIX       
  EXT PARAMETER               CURRENT GUESS       STEP         FIRST   
  NO.   NAME      VALUE            ERROR          SIZE      DERIVATIVE 
   1  N0           2.99503e+06   1.00000e+02   1.00000e+02   3.58989e-04
   2  tau          6.43993e+01   constant   
   3  A0           3.54065e-01   1.00000e-04   1.00000e-04  -4.41788e+02
   4  phi          4.11942e+00   1.00000e-02   1.00000e-02  -1.13919e+02
   5  R           -6.01693e+01   constant   
   6  A_CBO        1.98272e-03     fixed    
   7  w_CBO        2.33140e+00     fixed    
   8  phi_CBO      3.11668e+00     fixed    
   9  ANx2         6.17909e-04   constant   
  10  pNx2         3.86483e+00   constant   
  11  ANy1         0.00000e+00   constant   
  12  pNy1         0.00000e+00   constant   
  13  w_y          0.00000e+00   constant   
  14  ANy2         7.96733e-03     fixed    
  15  pNy2         1.76471e+00   constant   
  16  w_vw         1.43097e+01   constant   
  17  LM          -1.37296e-04   constant   
  18  wCBO_expCoeff   2.00000e+02   1.00000e+00   1.00000e+00   1.05549e+01
  19  wCBO_expOffset   2.00000e+02   1.00000e+00   1.00000e+00   7.03616e+01
  20  wCBO_expT    3.00000e+01   1.00000e+00   1.00000e+00   4.18140e+02
  21  wCBO_linCoeff   0.00000e+00   constant   
  22  wCBO_const   0.00000e+00   1.00000e-02   1.00000e-02   3.05628e+03
 MIGRAD MINIMIZATION HAS CONVERGED.
 FCN=377.011 FROM MIGRAD    STATUS=CONVERGED     230 CALLS         231 TOTAL
                     EDM=1.182e-08    STRATEGY= 1  ERROR MATRIX UNCERTAINTY   2.1 per cent
  EXT PARAMETER                                   STEP         FIRST   
  NO.   NAME      VALUE            ERROR          SIZE      DERIVATIVE 
   1  N0           2.99440e+06   1.80676e+03  -8.15447e+00   2.90054e-08
   2  tau          6.43993e+01   constant   
   3  A0           3.54257e-01   8.08284e-04   6.87505e-07  -2.34205e-01
   4  phi          4.11949e+00   2.35265e-03   7.69499e-06   2.67015e-03
   5  R           -6.01693e+01   constant   
   6  A_CBO        1.98272e-03     fixed    
   7  w_CBO        2.33140e+00     fixed    
   8  phi_CBO      3.11668e+00     fixed    
   9  ANx2         6.17909e-04   constant   
  10  pNx2         3.86483e+00   constant   
  11  ANy1         0.00000e+00   constant   
  12  pNy1         0.00000e+00   constant   
  13  w_y          0.00000e+00   constant   
  14  ANy2         7.96733e-03     fixed    
  15  pNy2         1.76471e+00   constant   
  16  w_vw         1.43097e+01   constant   
  17  LM          -1.37296e-04   constant   
  18  wCBO_expCoeff   2.01073e+02   2.48647e+00  -1.57956e-02   2.06753e-04
  19  wCBO_expOffset   2.00159e+02   3.70556e-01  -2.35325e-03   1.39341e-03
  20  wCBO_expT    2.98998e+01   1.27969e-01   8.45878e-04   7.76436e-03
  21  wCBO_linCoeff   0.00000e+00   constant   
  22  wCBO_const   2.69617e-03   8.53044e-04  -5.97935e-06  -6.06598e-02
 EXTERNAL ERROR MATRIX.    NDIM=  25    NPAR=  7    ERR DEF=1
  3.264e+06  3.902e-02 -2.440e-02 -4.848e+01 -7.236e+00  2.386e+00  5.852e-03 
  3.902e-02  6.533e-07 -1.136e-09 -1.935e-05 -2.870e-06  1.757e-06 -7.126e-08 
 -2.440e-02 -1.136e-09  5.535e-06 -2.493e-04 -3.716e-05  1.294e-05 -3.999e-08 
 -4.848e+01 -1.935e-05 -2.493e-04  6.183e+00  9.037e-01 -3.158e-01  1.446e-03 
 -7.236e+00 -2.870e-06 -3.716e-05  9.037e-01  1.373e-01 -4.706e-02  2.155e-04 
  2.386e+00  1.757e-06  1.294e-05 -3.158e-01 -4.706e-02  1.638e-02 -7.931e-05 
  5.852e-03 -7.126e-08 -3.999e-08  1.446e-03  2.155e-04 -7.931e-05  7.277e-07 
 PARAMETER  CORRELATION COEFFICIENTS  
       NO.  GLOBAL      1      3      4     18     19     20     22
        1  0.03648   1.000  0.027 -0.006 -0.011 -0.011  0.010  0.004
        3  0.13679   0.027  1.000 -0.001 -0.010 -0.010  0.017 -0.103
        4  0.05086  -0.006 -0.001  1.000 -0.043 -0.043  0.043 -0.020
       18  0.99639  -0.011 -0.010 -0.043  1.000  0.981 -0.992  0.682
       19  0.99634  -0.011 -0.010 -0.043  0.981  1.000 -0.992  0.682
       20  0.99899   0.010  0.017  0.043 -0.992 -0.992  1.000 -0.727
       22  0.90010   0.004 -0.103 -0.020  0.682  0.682 -0.727  1.000
MINUIT - FIT ONLY 1-CBO + other amplitudes 
 **********
 **   16 **RES 
 **********
                   PARAMETER   14  ANy2 RESTORED TO VARIABLE.
                   PARAMETER    8  phi_CBO RESTORED TO VARIABLE.
                   PARAMETER    7  w_CBO RESTORED TO VARIABLE.
                   PARAMETER    6  A_CBO RESTORED TO VARIABLE.
 **********
 **   17 **FIX            0
 **********
 PARAMETER    0  IS UNDEFINED. IGNORED.
 **********
 **   18 **FIX            1
 **********
 **********
 **   19 **FIX            2
 **********
 PARAMETER    2  IS CONSTANT.   IGNORED.
 **********
 **   20 **FIX            3
 **********
 **********
 **   21 **FIX            4
 **********
 **********
 **   22 **FIX            9
 **********
 PARAMETER    9  IS CONSTANT.   IGNORED.
 **********
 **   23 **FIX           11
 **********
 PARAMETER   11  IS CONSTANT.   IGNORED.
 **********
 **   24 **FIX           12
 **********
 PARAMETER   12  IS CONSTANT.   IGNORED.
 **********
 **   25 **FIX           14
 **********
 **********
 **   26 **FIX           15
 **********
 PARAMETER   15  IS CONSTANT.   IGNORED.
 **********
 **   27 **FIX           16
 **********
 PARAMETER   16  IS CONSTANT.   IGNORED.
 **********
 **   28 **MIGRAD
 **********
 START MIGRAD MINIMIZATION.  STRATEGY  1.  CONVERGENCE WHEN EDM .LT. 1.00e-04
 FCN=377.011 FROM MIGRAD    STATUS=INITIATE       20 CALLS         251 TOTAL
                     EDM= unknown      STRATEGY= 1      NO ERROR MATRIX       
  EXT PARAMETER               CURRENT GUESS       STEP         FIRST   
  NO.   NAME      VALUE            ERROR          SIZE      DERIVATIVE 
   1  N0           2.99440e+06     fixed    
   2  tau          6.43993e+01   constant   
   3  A0           3.54257e-01     fixed    
   4  phi          4.11949e+00     fixed    
   5  R           -6.01693e+01   constant   
   6  A_CBO        1.98272e-03   1.00000e-05   1.00000e-05   7.73762e+02
   7  w_CBO        2.33140e+00   1.00000e-03   1.00000e-03  -8.71361e-03
   8  phi_CBO      3.11668e+00   1.00000e-04   1.00000e-04  -1.84621e+00
   9  ANx2         6.17909e-04   constant   
  10  pNx2         3.86483e+00   constant   
  11  ANy1         0.00000e+00   constant   
  12  pNy1         0.00000e+00   constant   
  13  w_y          0.00000e+00   constant   
  14  ANy2         7.96733e-03     fixed    
  15  pNy2         1.76471e+00   constant   
  16  w_vw         1.43097e+01   constant   
  17  LM          -1.37296e-04   constant   
  18  wCBO_expCoeff   2.01073e+02   2.48647e+00  -1.57956e-02   2.06753e-04
  19  wCBO_expOffset   2.00159e+02   3.70556e-01  -2.35325e-03   1.39340e-03
  20  wCBO_expT    2.98998e+01   1.27969e-01   8.45878e-04   7.76427e-03
  21  wCBO_linCoeff   0.00000e+00   constant   
  22  wCBO_const   2.69617e-03   8.53044e-04  -5.97935e-06  -6.06541e-02
 MIGRAD MINIMIZATION HAS CONVERGED.
 MIGRAD WILL VERIFY CONVERGENCE AND ERROR MATRIX.
 COVARIANCE MATRIX CALCULATED SUCCESSFULLY
 FCN=376.467 FROM MIGRAD    STATUS=CONVERGED     204 CALLS         435 TOTAL
                     EDM=1.01284e-06    STRATEGY= 1      ERROR MATRIX ACCURATE 
  EXT PARAMETER                                   STEP         FIRST   
  NO.   NAME      VALUE            ERROR          SIZE      DERIVATIVE 
   1  N0           2.99440e+06     fixed    
   2  tau          6.43993e+01   constant   
   3  A0           3.54257e-01     fixed    
   4  phi          4.11949e+00     fixed    
   5  R           -6.01693e+01   constant   
   6  A_CBO        1.76345e-03   8.38445e-04   7.95278e-06  -1.08530e-01
   7  w_CBO        2.33138e+00   2.71404e-02   6.52405e-06   6.91836e-01
   8  phi_CBO      3.62460e+00   7.63942e-01   4.64250e-03  -4.33812e-04
   9  ANx2         6.17909e-04   constant   
  10  pNx2         3.86483e+00   constant   
  11  ANy1         0.00000e+00   constant   
  12  pNy1         0.00000e+00   constant   
  13  w_y          0.00000e+00   constant   
  14  ANy2         7.96733e-03     fixed    
  15  pNy2         1.76471e+00   constant   
  16  w_vw         1.43097e+01   constant   
  17  LM          -1.37296e-04   constant   
  18  wCBO_expCoeff   2.00903e+02   3.83459e+00   2.33918e-03   3.82778e-03
  19  wCBO_expOffset   2.00134e+02   5.71188e-01   3.48261e-04   2.57094e-02
  20  wCBO_expT    2.99118e+01   8.09331e-02   5.65012e-05   1.44888e-01
  21  wCBO_linCoeff   0.00000e+00   constant   
  22  wCBO_const   2.77454e-03   1.16408e-02   3.50000e-06   8.41527e-01
 EXTERNAL ERROR MATRIX.    NDIM=  25    NPAR=  7    ERR DEF=1
  7.030e-07  3.610e-08  6.192e-06 -2.420e-06 -3.606e-07  6.531e-08 -1.729e-08 
  3.610e-08  7.366e-04  2.159e-05 -2.486e-02 -3.720e-03 -3.470e-04 -3.153e-04 
  6.192e-06  2.159e-05  5.836e-01  8.304e-03  1.272e-03  3.416e-03  1.038e-04 
 -2.420e-06 -2.486e-02  8.304e-03  1.470e+01 -1.215e+00 -1.116e-01  1.115e-02 
 -3.606e-07 -3.720e-03  1.272e-03 -1.215e+00  3.263e-01 -1.663e-02  1.667e-03 
  6.531e-08 -3.470e-04  3.416e-03 -1.116e-01 -1.663e-02  6.550e-03  1.188e-04 
 -1.729e-08 -3.153e-04  1.038e-04  1.115e-02  1.667e-03  1.188e-04  1.355e-04 
 PARAMETER  CORRELATION COEFFICIENTS  
       NO.  GLOBAL      6      7      8     18     19     20     22
        6  0.01578   1.000  0.002  0.010 -0.001 -0.001  0.001 -0.002
        7  0.99968   0.002  1.000  0.001 -0.239 -0.240 -0.158 -0.998
        8  0.76624   0.010  0.001  1.000  0.003  0.003  0.055  0.012
       18  0.99792  -0.001 -0.239  0.003  1.000 -0.555 -0.360  0.250
       19  0.99792  -0.001 -0.240  0.003 -0.555  1.000 -0.360  0.251
       20  0.99727   0.001 -0.158  0.055 -0.360 -0.360  1.000  0.126
       22  0.99950  -0.002 -0.998  0.012  0.250  0.251  0.126  1.000
MINUIT - FIT ONLY 1-CBO
 **********
 **   29 **RES 
 **********
                   PARAMETER   14  ANy2 RESTORED TO VARIABLE.
                   PARAMETER    4  phi RESTORED TO VARIABLE.
                   PARAMETER    3  A0 RESTORED TO VARIABLE.
                   PARAMETER    1  N0 RESTORED TO VARIABLE.
 **********
 **   30 **FIX            0
 **********
 PARAMETER    0  IS UNDEFINED. IGNORED.
 **********
 **   31 **FIX            1
 **********
 **********
 **   32 **FIX            2
 **********
 PARAMETER    2  IS CONSTANT.   IGNORED.
 **********
 **   33 **FIX            3
 **********
 **********
 **   34 **FIX            4
 **********
 **********
 **   35 **FIX            8
 **********
 **********
 **   36 **FIX            9
 **********
 PARAMETER    9  IS CONSTANT.   IGNORED.
 **********
 **   37 **FIX           11
 **********
 PARAMETER   11  IS CONSTANT.   IGNORED.
 **********
 **   38 **FIX           12
 **********
 PARAMETER   12  IS CONSTANT.   IGNORED.
 **********
 **   39 **FIX           13
 **********
 PARAMETER   13  IS CONSTANT.   IGNORED.
 **********
 **   40 **FIX           15
 **********
 PARAMETER   15  IS CONSTANT.   IGNORED.
 **********
 **   41 **FIX           16
 **********
 PARAMETER   16  IS CONSTANT.   IGNORED.
 **********
 **   42 **MIGRAD
 **********
 START MIGRAD MINIMIZATION.  STRATEGY  1.  CONVERGENCE WHEN EDM .LT. 1.00e-04
 FCN=376.467 FROM MIGRAD    STATUS=INITIATE       14 CALLS         449 TOTAL
                     EDM= unknown      STRATEGY= 1      NO ERROR MATRIX       
  EXT PARAMETER               CURRENT GUESS       STEP         FIRST   
  NO.   NAME      VALUE            ERROR          SIZE      DERIVATIVE 
   1  N0           2.99440e+06     fixed    
   2  tau          6.43993e+01   constant   
   3  A0           3.54257e-01     fixed    
   4  phi          4.11949e+00     fixed    
   5  R           -6.01693e+01   constant   
   6  A_CBO        1.76345e-03   8.38445e-04   7.95278e-06  -1.08529e-01
   7  w_CBO        2.33138e+00   2.71404e-02   6.52405e-06   6.89482e-01
   8  phi_CBO      3.62460e+00     fixed    
   9  ANx2         6.17909e-04   constant   
  10  pNx2         3.86483e+00   constant   
  11  ANy1         0.00000e+00   constant   
  12  pNy1         0.00000e+00   constant   
  13  w_y          0.00000e+00   constant   
  14  ANy2         7.96733e-03   1.00000e-04   1.00000e-04   2.09139e+04
  15  pNy2         1.76471e+00   constant   
  16  w_vw         1.43097e+01   constant   
  17  LM          -1.37296e-04   constant   
  18  wCBO_expCoeff   2.00903e+02   3.83459e+00   2.33918e-03   3.79497e-03
  19  wCBO_expOffset   2.00134e+02   5.71188e-01   3.48261e-04   2.54920e-02
  20  wCBO_expT    2.99118e+01   8.09331e-02   5.65012e-05   1.43760e-01
  21  wCBO_linCoeff   0.00000e+00   constant   
  22  wCBO_const   2.77454e-03   1.16408e-02   3.50000e-06   8.41096e-01
 MIGRAD MINIMIZATION HAS CONVERGED.
 MIGRAD WILL VERIFY CONVERGENCE AND ERROR MATRIX.
 FCN=295.824 FROM MIGRAD    STATUS=CONVERGED     228 CALLS         663 TOTAL
                     EDM=2.09614e-07    STRATEGY= 1      ERR MATRIX NOT POS-DEF
  EXT PARAMETER                APPROXIMATE        STEP         FIRST   
  NO.   NAME      VALUE            ERROR          SIZE      DERIVATIVE 
   1  N0           2.99440e+06     fixed    
   2  tau          6.43993e+01   constant   
   3  A0           3.54257e-01     fixed    
   4  phi          4.11949e+00     fixed    
   5  R           -6.01693e+01   constant   
   6  A_CBO        1.35623e-03   8.38674e-04   7.04935e-06  -5.58893e-03
   7  w_CBO        2.33049e+00   7.30278e-03   6.45303e-06  -6.11170e-01
   8  phi_CBO      3.62460e+00     fixed    
   9  ANx2         6.17909e-04   constant   
  10  pNx2         3.86483e+00   constant   
  11  ANy1         0.00000e+00   constant   
  12  pNy1         0.00000e+00   constant   
  13  w_y          0.00000e+00   constant   
  14  ANy2         2.53203e-04   8.52297e-04   7.17055e-06   5.20736e-01
  15  pNy2         1.76471e+00   constant   
  16  w_vw         1.43097e+01   constant   
  17  LM          -1.37296e-04   constant   
  18  wCBO_expCoeff   1.99050e+02   3.53191e+00   2.53903e-03  -1.54539e-03
  19  wCBO_expOffset   1.99858e+02   5.32420e-01   3.82629e-04  -1.02538e-02
  20  wCBO_expT    2.99994e+01   7.93067e-02   6.04940e-05  -6.66138e-02
  21  wCBO_linCoeff   0.00000e+00   constant   
  22  wCBO_const   3.00221e-03   3.14904e-03   3.38784e-06  -1.11325e+00
 EXTERNAL ERROR MATRIX.    NDIM=  25    NPAR=  7    ERR DEF=1
  7.034e-07 -3.992e-08  1.006e-09 -9.632e-05 -1.453e-05  4.530e-06 -1.226e-10 
 -3.992e-08  5.333e-05  4.611e-09 -1.411e-03 -2.136e-04 -4.843e-05 -2.242e-05 
  1.006e-09  4.611e-09  7.264e-07  5.723e-05  8.637e-06 -2.171e-06 -1.107e-08 
 -9.632e-05 -1.411e-03  5.723e-05  1.247e+01 -1.101e+00 -1.233e-01  8.770e-04 
 -1.453e-05 -2.136e-04  8.637e-06 -1.101e+00  2.835e-01 -1.860e-02  1.325e-04 
  4.530e-06 -4.843e-05 -2.171e-06 -1.233e-01 -1.860e-02  6.290e-03 -6.968e-08 
 -1.226e-10 -2.242e-05 -1.107e-08  8.770e-04  1.325e-04 -6.968e-08  9.916e-06 
ERR MATRIX NOT POS-DEF
 PARAMETER  CORRELATION COEFFICIENTS  
       NO.  GLOBAL      6      7     14     18     19     20     22
        6  0.09538   1.000 -0.007  0.001 -0.033 -0.033  0.068 -0.000
        7  0.99450  -0.007  1.000  0.001 -0.055 -0.055 -0.084 -0.975
       14  0.08500   0.001  0.001  1.000  0.019  0.019 -0.032 -0.004
       18  0.99636  -0.033 -0.055  0.019  1.000 -0.586 -0.440  0.079
       19  0.99636  -0.033 -0.055  0.019 -0.586  1.000 -0.441  0.079
       20  0.99590   0.068 -0.084 -0.032 -0.440 -0.441  1.000 -0.000
       22  0.99184  -0.000 -0.975 -0.004  0.079  0.079 -0.000  1.000
 ERR MATRIX NOT POS-DEF
MINUIT - FIT ONLY 2-CBO
 **********
 **   43 **RES 
 **********
                   PARAMETER    8  phi_CBO RESTORED TO VARIABLE.
                   PARAMETER    4  phi RESTORED TO VARIABLE.
                   PARAMETER    3  A0 RESTORED TO VARIABLE.
                   PARAMETER    1  N0 RESTORED TO VARIABLE.
 **********
 **   44 **FIX            0
 **********
 PARAMETER    0  IS UNDEFINED. IGNORED.
 **********
 **   45 **FIX            1
 **********
 **********
 **   46 **FIX            2
 **********
 PARAMETER    2  IS CONSTANT.   IGNORED.
 **********
 **   47 **FIX            3
 **********
 **********
 **   48 **FIX            4
 **********
 **********
 **   49 **FIX            5
 **********
 PARAMETER    5  IS CONSTANT.   IGNORED.
 **********
 **   50 **FIX            6
 **********
 **********
 **   51 **FIX            7
 **********
 **********
 **   52 **FIX           10
 **********
 PARAMETER   10  IS CONSTANT.   IGNORED.
 **********
 **   53 **FIX           11
 **********
 PARAMETER   11  IS CONSTANT.   IGNORED.
 **********
 **   54 **FIX           12
 **********
 PARAMETER   12  IS CONSTANT.   IGNORED.
 **********
 **   55 **FIX           13
 **********
 PARAMETER   13  IS CONSTANT.   IGNORED.
 **********
 **   56 **FIX           14
 **********
 **********
 **   57 **FIX           15
 **********
 PARAMETER   15  IS CONSTANT.   IGNORED.
 **********
 **   58 **FIX           16
 **********
 PARAMETER   16  IS CONSTANT.   IGNORED.
 **********
 **   59 **MIGRAD
 **********
 START MIGRAD MINIMIZATION.  STRATEGY  1.  CONVERGENCE WHEN EDM .LT. 1.00e-04
 FCN=295.824 FROM MIGRAD    STATUS=INITIATE       10 CALLS         673 TOTAL
                     EDM= unknown      STRATEGY= 1      NO ERROR MATRIX       
  EXT PARAMETER               CURRENT GUESS       STEP         FIRST   
  NO.   NAME      VALUE            ERROR          SIZE      DERIVATIVE 
   1  N0           2.99440e+06     fixed    
   2  tau          6.43993e+01   constant   
   3  A0           3.54257e-01     fixed    
   4  phi          4.11949e+00     fixed    
   5  R           -6.01693e+01   constant   
   6  A_CBO        1.35623e-03     fixed    
   7  w_CBO        2.33049e+00     fixed    
   8  phi_CBO      3.62460e+00   7.63942e-01   7.63942e-01  -5.40199e-01
   9  ANx2         6.17909e-04   constant   
  10  pNx2         3.86483e+00   constant   
  11  ANy1         0.00000e+00   constant   
  12  pNy1         0.00000e+00   constant   
  13  w_y          0.00000e+00   constant   
  14  ANy2         2.53203e-04     fixed    
  15  pNy2         1.76471e+00   constant   
  16  w_vw         1.43097e+01   constant   
  17  LM          -1.37296e-04   constant   
  18  wCBO_expCoeff   1.99050e+02   3.53191e+00   2.53903e-03  -1.52012e-03
  19  wCBO_expOffset   1.99858e+02   5.32420e-01   3.82629e-04  -1.00838e-02
  20  wCBO_expT    2.99994e+01   7.93067e-02   6.04940e-05  -6.57774e-02
  21  wCBO_linCoeff   0.00000e+00   constant   
  22  wCBO_const   3.00221e-03   3.14904e-03   3.38784e-06  -1.10794e+00
 MIGRAD MINIMIZATION HAS CONVERGED.
 MIGRAD WILL VERIFY CONVERGENCE AND ERROR MATRIX.
 COVARIANCE MATRIX CALCULATED SUCCESSFULLY
 FCN=295.751 FROM MIGRAD    STATUS=CONVERGED     134 CALLS         797 TOTAL
                     EDM=1.31308e-08    STRATEGY= 1      ERROR MATRIX ACCURATE 
  EXT PARAMETER                                   STEP         FIRST   
  NO.   NAME      VALUE            ERROR          SIZE      DERIVATIVE 
   1  N0           2.99440e+06     fixed    
   2  tau          6.43993e+01   constant   
   3  A0           3.54257e-01     fixed    
   4  phi          4.11949e+00     fixed    
   5  R           -6.01693e+01   constant   
   6  A_CBO        1.35623e-03     fixed    
   7  w_CBO        2.33049e+00     fixed    
   8  phi_CBO      3.87755e+00   8.23613e-01   5.26325e-03  -1.83625e-04
   9  ANx2         6.17909e-04   constant   
  10  pNx2         3.86483e+00   constant   
  11  ANy1         0.00000e+00   constant   
  12  pNy1         0.00000e+00   constant   
  13  w_y          0.00000e+00   constant   
  14  ANy2         2.53203e-04     fixed    
  15  pNy2         1.76471e+00   constant   
  16  w_vw         1.43097e+01   constant   
  17  LM          -1.37296e-04   constant   
  18  wCBO_expCoeff   1.98108e+02   7.32187e+00   2.52010e-03   2.89507e-05
  19  wCBO_expOffset   1.99716e+02   1.11138e+00   3.82174e-04   1.90845e-04
  20  wCBO_expT    3.00465e+01   1.59589e-01   6.05618e-05   2.26867e-03
  21  wCBO_linCoeff   0.00000e+00   constant   
  22  wCBO_const   2.95041e-03   8.27216e-04   3.40742e-06   2.21529e-01
 EXTERNAL ERROR MATRIX.    NDIM=  25    NPAR=  5    ERR DEF=1
  6.783e-01 -8.323e-01 -1.268e-01  4.251e-02  1.061e-04 
 -8.323e-01  5.361e+01 -5.086e+00 -5.036e-01  1.188e-03 
 -1.268e-01 -5.086e+00  1.235e+00 -7.671e-02  1.808e-04 
  4.251e-02 -5.036e-01 -7.671e-02  2.547e-02 -6.629e-05 
  1.061e-04  1.188e-03  1.808e-04 -6.629e-05  6.843e-07 
 PARAMETER  CORRELATION COEFFICIENTS  
       NO.  GLOBAL      8     18     19     20     22
        8  0.65047   1.000 -0.138 -0.138  0.323  0.156
       18  0.99916  -0.138  1.000 -0.625 -0.431  0.196
       19  0.99916  -0.138 -0.625  1.000 -0.432  0.197
       20  0.99898   0.323 -0.431 -0.432  1.000 -0.502
       22  0.87187   0.156  0.196  0.197 -0.502  1.000
MINUIT - FIT ONLY 1-y
 **********
 **   60 **RES 
 **********
                   PARAMETER   14  ANy2 RESTORED TO VARIABLE.
                   PARAMETER    7  w_CBO RESTORED TO VARIABLE.
                   PARAMETER    6  A_CBO RESTORED TO VARIABLE.
                   PARAMETER    4  phi RESTORED TO VARIABLE.
                   PARAMETER    3  A0 RESTORED TO VARIABLE.
                   PARAMETER    1  N0 RESTORED TO VARIABLE.
 **********
 **   61 **FIX            0
 **********
 PARAMETER    0  IS UNDEFINED. IGNORED.
 **********
 **   62 **FIX            1
 **********
 **********
 **   63 **FIX            2
 **********
 PARAMETER    2  IS CONSTANT.   IGNORED.
 **********
 **   64 **FIX            3
 **********
 **********
 **   65 **FIX            4
 **********
 **********
 **   66 **FIX            5
 **********
 PARAMETER    5  IS CONSTANT.   IGNORED.
 **********
 **   67 **FIX            6
 **********
 **********
 **   68 **FIX            7
 **********
 **********
 **   69 **FIX            8
 **********
 **********
 **   70 **FIX            9
 **********
 PARAMETER    9  IS CONSTANT.   IGNORED.
 **********
 **   71 **FIX           13
 **********
 PARAMETER   13  IS CONSTANT.   IGNORED.
 **********
 **   72 **FIX           14
 **********
 **********
 **   73 **FIX           15
 **********
 PARAMETER   15  IS CONSTANT.   IGNORED.
 **********
 **   74 **FIX           16
 **********
 PARAMETER   16  IS CONSTANT.   IGNORED.
 **********
 **   75 **MIGRAD
 **********
 START MIGRAD MINIMIZATION.  STRATEGY  1.  CONVERGENCE WHEN EDM .LT. 1.00e-04
 FCN=295.751 FROM MIGRAD    STATUS=INITIATE        8 CALLS         805 TOTAL
                     EDM= unknown      STRATEGY= 1      NO ERROR MATRIX       
  EXT PARAMETER               CURRENT GUESS       STEP         FIRST   
  NO.   NAME      VALUE            ERROR          SIZE      DERIVATIVE 
   1  N0           2.99440e+06     fixed    
   2  tau          6.43993e+01   constant   
   3  A0           3.54257e-01     fixed    
   4  phi          4.11949e+00     fixed    
   5  R           -6.01693e+01   constant   
   6  A_CBO        1.35623e-03     fixed    
   7  w_CBO        2.33049e+00     fixed    
   8  phi_CBO      3.87755e+00     fixed    
   9  ANx2         6.17909e-04   constant   
  10  pNx2         3.86483e+00   constant   
  11  ANy1         0.00000e+00   constant   
  12  pNy1         0.00000e+00   constant   
  13  w_y          0.00000e+00   constant   
  14  ANy2         2.53203e-04     fixed    
  15  pNy2         1.76471e+00   constant   
  16  w_vw         1.43097e+01   constant   
  17  LM          -1.37296e-04   constant   
  18  wCBO_expCoeff   1.98108e+02   7.32187e+00   2.52010e-03   2.73943e-05
  19  wCBO_expOffset   1.99716e+02   1.11138e+00   3.82174e-04   1.80996e-04
  20  wCBO_expT    3.00465e+01   1.59589e-01   6.05618e-05   2.21806e-03
  21  wCBO_linCoeff   0.00000e+00   constant   
  22  wCBO_const   2.95041e-03   8.27216e-04   3.40742e-06   2.23399e-01
 MIGRAD MINIMIZATION HAS CONVERGED.
 MIGRAD WILL VERIFY CONVERGENCE AND ERROR MATRIX.
 COVARIANCE MATRIX CALCULATED SUCCESSFULLY
 FCN=295.751 FROM MIGRAD    STATUS=CONVERGED      43 CALLS         840 TOTAL
                     EDM=8.43494e-09    STRATEGY= 1      ERROR MATRIX ACCURATE 
  EXT PARAMETER                                   STEP         FIRST   
  NO.   NAME      VALUE            ERROR          SIZE      DERIVATIVE 
   1  N0           2.99440e+06     fixed    
   2  tau          6.43993e+01   constant   
   3  A0           3.54257e-01     fixed    
   4  phi          4.11949e+00     fixed    
   5  R           -6.01693e+01   constant   
   6  A_CBO        1.35623e-03     fixed    
   7  w_CBO        2.33049e+00     fixed    
   8  phi_CBO      3.87755e+00     fixed    
   9  ANx2         6.17909e-04   constant   
  10  pNx2         3.86483e+00   constant   
  11  ANy1         0.00000e+00   constant   
  12  pNy1         0.00000e+00   constant   
  13  w_y          0.00000e+00   constant   
  14  ANy2         2.53203e-04     fixed    
  15  pNy2         1.76471e+00   constant   
  16  w_vw         1.43097e+01   constant   
  17  LM          -1.37296e-04   constant   
  18  wCBO_expCoeff   1.98108e+02   7.25379e+00   2.51870e-03  -1.82951e-04
  19  wCBO_expOffset   1.99716e+02   1.10097e+00   3.82006e-04  -1.20863e-03
  20  wCBO_expT    3.00465e+01   1.51037e-01   6.05410e-05  -6.71490e-03
  21  wCBO_linCoeff   0.00000e+00   constant   
  22  wCBO_const   2.95039e-03   8.17173e-04   3.40765e-06   4.58914e-02
 EXTERNAL ERROR MATRIX.    NDIM=  25    NPAR=  4    ERR DEF=1
  5.262e+01 -5.245e+00 -4.516e-01  1.318e-03 
 -5.245e+00  1.212e+00 -6.878e-02  2.007e-04 
 -4.516e-01 -6.878e-02  2.281e-02 -7.296e-05 
  1.318e-03  2.007e-04 -7.296e-05  6.678e-07 
 PARAMETER  CORRELATION COEFFICIENTS  
       NO.  GLOBAL     18     19     20     22
       18  0.99915   1.000 -0.657 -0.412  0.222
       19  0.99915  -0.657  1.000 -0.414  0.223
       20  0.99886  -0.412 -0.414  1.000 -0.591
       22  0.86846   0.222  0.223 -0.591  1.000
MINUIT - FIT ONLY 2-y
 **********
 **   76 **RES 
 **********
                   PARAMETER   14  ANy2 RESTORED TO VARIABLE.
                   PARAMETER    8  phi_CBO RESTORED TO VARIABLE.
                   PARAMETER    7  w_CBO RESTORED TO VARIABLE.
                   PARAMETER    6  A_CBO RESTORED TO VARIABLE.
                   PARAMETER    4  phi RESTORED TO VARIABLE.
                   PARAMETER    3  A0 RESTORED TO VARIABLE.
                   PARAMETER    1  N0 RESTORED TO VARIABLE.
 **********
 **   77 **FIX            0
 **********
 PARAMETER    0  IS UNDEFINED. IGNORED.
 **********
 **   78 **FIX            1
 **********
 **********
 **   79 **FIX            2
 **********
 PARAMETER    2  IS CONSTANT.   IGNORED.
 **********
 **   80 **FIX            3
 **********
 **********
 **   81 **FIX            4
 **********
 **********
 **   82 **FIX            5
 **********
 PARAMETER    5  IS CONSTANT.   IGNORED.
 **********
 **   83 **FIX            6
 **********
 **********
 **   84 **FIX            7
 **********
 **********
 **   85 **FIX            8
 **********
 **********
 **   86 **FIX            9
 **********
 PARAMETER    9  IS CONSTANT.   IGNORED.
 **********
 **   87 **FIX           10
 **********
 PARAMETER   10  IS CONSTANT.   IGNORED.
 **********
 **   88 **FIX           11
 **********
 PARAMETER   11  IS CONSTANT.   IGNORED.
 **********
 **   89 **FIX           12
 **********
 PARAMETER   12  IS CONSTANT.   IGNORED.
 **********
 **   90 **FIX           16
 **********
 PARAMETER   16  IS CONSTANT.   IGNORED.
 **********
 **   91 **MIGRAD
 **********
 START MIGRAD MINIMIZATION.  STRATEGY  1.  CONVERGENCE WHEN EDM .LT. 1.00e-04
 FCN=295.751 FROM MIGRAD    STATUS=INITIATE       10 CALLS         850 TOTAL
                     EDM= unknown      STRATEGY= 1      NO ERROR MATRIX       
  EXT PARAMETER               CURRENT GUESS       STEP         FIRST   
  NO.   NAME      VALUE            ERROR          SIZE      DERIVATIVE 
   1  N0           2.99440e+06     fixed    
   2  tau          6.43993e+01   constant   
   3  A0           3.54257e-01     fixed    
   4  phi          4.11949e+00     fixed    
   5  R           -6.01693e+01   constant   
   6  A_CBO        1.35623e-03     fixed    
   7  w_CBO        2.33049e+00     fixed    
   8  phi_CBO      3.87755e+00     fixed    
   9  ANx2         6.17909e-04   constant   
  10  pNx2         3.86483e+00   constant   
  11  ANy1         0.00000e+00   constant   
  12  pNy1         0.00000e+00   constant   
  13  w_y          0.00000e+00   constant   
  14  ANy2         2.53203e-04   8.52297e-04   8.52297e-04   8.71873e+01
  15  pNy2         1.76471e+00   constant   
  16  w_vw         1.43097e+01   constant   
  17  LM          -1.37296e-04   constant   
  18  wCBO_expCoeff   1.98108e+02   7.25379e+00   2.51870e-03  -1.84500e-04
  19  wCBO_expOffset   1.99716e+02   1.10097e+00   3.82006e-04  -1.26839e-03
  20  wCBO_expT    3.00465e+01   1.51037e-01   6.05410e-05  -7.02117e-03
  21  wCBO_linCoeff   0.00000e+00   constant   
  22  wCBO_const   2.95039e-03   8.17173e-04   3.40765e-06   4.77605e-02
 MIGRAD MINIMIZATION HAS CONVERGED.
 MIGRAD WILL VERIFY CONVERGENCE AND ERROR MATRIX.
 COVARIANCE MATRIX CALCULATED SUCCESSFULLY
 FCN=295.75 FROM MIGRAD    STATUS=CONVERGED      66 CALLS         906 TOTAL
                     EDM=7.82836e-06    STRATEGY= 1      ERROR MATRIX ACCURATE 
  EXT PARAMETER                                   STEP         FIRST   
  NO.   NAME      VALUE            ERROR          SIZE      DERIVATIVE 
   1  N0           2.99440e+06     fixed    
   2  tau          6.43993e+01   constant   
   3  A0           3.54257e-01     fixed    
   4  phi          4.11949e+00     fixed    
   5  R           -6.01693e+01   constant   
   6  A_CBO        1.35623e-03     fixed    
   7  w_CBO        2.33049e+00     fixed    
   8  phi_CBO      3.87755e+00     fixed    
   9  ANx2         6.17909e-04   constant   
  10  pNx2         3.86483e+00   constant   
  11  ANy1         0.00000e+00   constant   
  12  pNy1         0.00000e+00   constant   
  13  w_y          0.00000e+00   constant   
  14  ANy2         2.21434e-04   8.54912e-04   7.16959e-06  -1.39645e-02
  15  pNy2         1.76471e+00   constant   
  16  w_vw         1.43097e+01   constant   
  17  LM          -1.37296e-04   constant   
  18  wCBO_expCoeff   1.98107e+02   7.32113e+00   2.51764e-03   9.13408e-04
  19  wCBO_expOffset   1.99716e+02   1.11113e+00   3.81844e-04   6.02252e-03
  20  wCBO_expT    3.00465e+01   1.51875e-01   6.05222e-05   5.84173e-03
  21  wCBO_linCoeff   0.00000e+00   constant   
  22  wCBO_const   2.95025e-03   8.18752e-04   3.40767e-06  -2.48182e+00
 EXTERNAL ERROR MATRIX.    NDIM=  25    NPAR=  5    ERR DEF=1
  7.309e-07  1.299e-04  1.979e-05 -6.009e-06  7.000e-09 
  1.299e-04  5.360e+01 -5.363e+00 -4.567e-01  1.335e-03 
  1.979e-05 -5.363e+00  1.235e+00 -6.954e-02  2.031e-04 
 -6.009e-06 -4.567e-01 -6.954e-02  2.307e-02 -7.377e-05 
  7.000e-09  1.335e-03  2.031e-04 -7.377e-05  6.704e-07 
 PARAMETER  CORRELATION COEFFICIENTS  
       NO.  GLOBAL     14     18     19     20     22
       14  0.07702   1.000  0.021  0.021 -0.046  0.010
       18  0.99916   0.021  1.000 -0.659 -0.411  0.223
       19  0.99917   0.021 -0.659  1.000 -0.412  0.223
       20  0.99888  -0.046 -0.411 -0.412  1.000 -0.593
       22  0.86901   0.010  0.223  0.223 -0.593  1.000
MINUIT - FIT ALTOGETHER
 **********
 **   92 **RES 
 **********
                   PARAMETER    8  phi_CBO RESTORED TO VARIABLE.
                   PARAMETER    7  w_CBO RESTORED TO VARIABLE.
                   PARAMETER    6  A_CBO RESTORED TO VARIABLE.
                   PARAMETER    4  phi RESTORED TO VARIABLE.
                   PARAMETER    3  A0 RESTORED TO VARIABLE.
                   PARAMETER    1  N0 RESTORED TO VARIABLE.
 **********
 **   93 **MIGRAD
 **********
 START MIGRAD MINIMIZATION.  STRATEGY  1.  CONVERGENCE WHEN EDM .LT. 1.00e-04
 FCN=295.75 FROM MIGRAD    STATUS=INITIATE       22 CALLS         928 TOTAL
                     EDM= unknown      STRATEGY= 1      NO ERROR MATRIX       
  EXT PARAMETER               CURRENT GUESS       STEP         FIRST   
  NO.   NAME      VALUE            ERROR          SIZE      DERIVATIVE 
   1  N0           2.99440e+06   1.80676e+03   1.80676e+03  -8.47753e-05
   2  tau          6.43993e+01   constant   
   3  A0           3.54257e-01   8.08284e-04   8.08284e-04   1.93772e+02
   4  phi          4.11949e+00   2.35265e-03   2.35265e-03  -1.57727e+01
   5  R           -6.01693e+01   constant   
   6  A_CBO        1.35623e-03   8.38674e-04   8.38674e-04  -1.58107e+02
   7  w_CBO        2.33049e+00   7.30278e-03   7.30278e-03  -9.90571e-01
   8  phi_CBO      3.87755e+00   8.23613e-01   8.23613e-01  -4.10971e-03
   9  ANx2         6.17909e-04   constant   
  10  pNx2         3.86483e+00   constant   
  11  ANy1         0.00000e+00   constant   
  12  pNy1         0.00000e+00   constant   
  13  w_y          0.00000e+00   constant   
  14  ANy2         2.21434e-04   8.54912e-04   7.16959e-06  -1.39643e-02
  15  pNy2         1.76471e+00   constant   
  16  w_vw         1.43097e+01   constant   
  17  LM          -1.37296e-04   constant   
  18  wCBO_expCoeff   1.98107e+02   7.32113e+00   2.51764e-03   9.04189e-04
  19  wCBO_expOffset   1.99716e+02   1.11113e+00   3.81844e-04   5.96400e-03
  20  wCBO_expT    3.00465e+01   1.51875e-01   6.05222e-05   5.79239e-03
