 + ++++++++++++++++++++++++++++++++++++++++++++++++++++++++++++++++++++ +
 +                                                                      +
 +           You have chose to blind your fitting according to          +
 +                omega_ref * (1 + (R +/- deltaR) *10^{-6})             +
 +                                                                      +
 + ++++++++++++++++++++++++++++++++++++++++++++++++++++++++++++++++++++ +
In main()...
reading format from /gm2data/zkhechad/run45/envelope/formats/formatB_sBin_constraintOn.txt
pBinTau 	= 0  
pBinPhi 	= 0  
constraintau 	= 1 
includeMopTerm 	= 0    
constrainMop    = 0   
Parameters after format file: pBinTau 0 pBinPhi 0 constraintau 1 includeMopTerm 0 constrainMop 0 c_e_scale 0.000000 
reading cbo reference file (full fit) from /gm2data/zkhechad/cboTemplates/Run4CBOTemplates/fullFits/run4/sBin_constraintOn_cE0.0_seed0_run4_calo16.root
A_CBO 0.009336 w_CBO 2.326091 phi_CBO 1.561564 N0 3000865.229519 R -62.230085 tau 64.400102 
Reading cboRef file /gm2data/zkhechad/cboTemplates/Run4CBOTemplates//cboIsolate/run4_calo16.root
deltaT 164.120000
windowBins = 1100
fitting sliding window 1620 from bin 1823 at 271.991600 to bin 2923 at 436.111600 (1100 bins)

Reading data from /gm2data/cornell/histograms/aMethod/histogram_a_run4.root
fitting cbo isolate
 **********
 **    1 **SET PRINTOUT            1
 **********
 **********
 **    2 **SET NOWARNINGS 
 **********
 PARAMETER DEFINITIONS:
    NO.   NAME         VALUE      STEP SIZE      LIMITS
     1 A_CBO        9.33615e-03  1.00000e-05     no limits
     2 w_CBO        2.32609e+00  1.00000e-02    2.00000e+00  3.00000e+00
     3 phi_CBO      1.56156e+00  1.00000e-02    0.00000e+00  6.28319e+00
 **********
 **    3 **MIGRAD
 **********
 FIRST CALL TO USER FUNCTION AT NEW START POINT, WITH IFLAG=4.
 START MIGRAD MINIMIZATION.  STRATEGY  1.  CONVERGENCE WHEN EDM .LT. 1.00e-04
 FCN=0.0738054 FROM MIGRAD    STATUS=INITIATE       12 CALLS          13 TOTAL
                     EDM= unknown      STRATEGY= 1      NO ERROR MATRIX       
  EXT PARAMETER               CURRENT GUESS       STEP         FIRST   
  NO.   NAME      VALUE            ERROR          SIZE      DERIVATIVE 
   1  A_CBO        9.33615e-03   1.00000e-05   1.00000e-05   7.79512e+00
   2  w_CBO        2.32609e+00   1.00000e-02   2.13342e-02  -6.25745e-01
   3  phi_CBO      1.56156e+00   1.00000e-02   3.68279e-03   9.69645e-03
 MIGRAD MINIMIZATION HAS CONVERGED.
 MIGRAD WILL VERIFY CONVERGENCE AND ERROR MATRIX.
 COVARIANCE MATRIX CALCULATED SUCCESSFULLY
 FCN=0.0461815 FROM MIGRAD    STATUS=CONVERGED      49 CALLS          50 TOTAL
                     EDM=8.40241e-05    STRATEGY= 1      ERROR MATRIX ACCURATE 
  EXT PARAMETER                                   STEP         FIRST   
  NO.   NAME      VALUE            ERROR          SIZE      DERIVATIVE 
   1  A_CBO        2.24785e-03   4.26161e-02   2.12804e-05  -5.26695e-02
   2  w_CBO        2.32635e+00   6.61451e-01   5.80368e-05  -5.57785e-03
   3  phi_CBO      1.49275e+00   5.32029e+00   3.66480e-03  -9.91460e-05
 EXTERNAL ERROR MATRIX.    NDIM=  25    NPAR=  3    ERR DEF=1
  1.816e-03  6.691e-04  2.297e-01 
  6.691e-04  2.653e-01  9.103e+01 
  2.297e-01  9.103e+01  3.159e+04 
 PARAMETER  CORRELATION COEFFICIENTS  
       NO.  GLOBAL      1      2      3
        1  0.03048   1.000  0.030  0.030
        2  0.99438   0.030  1.000  0.994
        3  0.99438   0.030  0.994  1.000
setting A_CBO=0.002248 w_CBO=2.326350, phi_CBO=1.492748
done fitting cbo isolate
 **********
 **    1 **SET PRINTOUT            1
 **********
 **********
 **    2 **SET NOWARNINGS 
 **********
 PARAMETER DEFINITIONS:
    NO.   NAME         VALUE      STEP SIZE      LIMITS
     1 N0           3.00087e+06  1.00000e+02     no limits
     2 tau          6.44001e+01  constant
     3 A0           3.49583e-01  1.00000e-04     no limits
     4 phi          4.11719e+00  1.00000e-02     no limits
     5 R           -6.22301e+01  constant
     6 A_CBO        2.24785e-03  1.00000e-05     no limits
     7 w_CBO        2.32635e+00  1.00000e-03     no limits
     8 phi_CBO      1.49275e+00  1.00000e-04     no limits
     9 ANx2         8.68669e-04  constant
    10 pNx2         4.82289e+00  constant
    11 ANy1         0.00000e+00  constant
    12 pNy1         0.00000e+00  constant
    13 w_y          0.00000e+00  constant
    14 ANy2         6.17882e-03  1.00000e-04     no limits
    15 pNy2         1.49923e+00  constant
    16 w_vw         1.43037e+01  constant
    17 LM          -2.26665e-04  constant
    18 wCBO_expCoeff   2.00000e+02  1.00000e+00     no limits
    19 wCBO_expOffset   2.00000e+02  1.00000e+00     no limits
    20 wCBO_expT    3.00000e+01  1.00000e+00     no limits
    21 wCBO_linCoeff   0.00000e+00  constant
    22 wCBO_const   0.00000e+00  1.00000e-02     no limits
MINUIT - FIT ONLY WIGGLE
 **********
 **    3 **FIX            5
 **********
 PARAMETER    5  IS CONSTANT.   IGNORED.
 **********
 **    4 **FIX            6
 **********
 **********
 **    5 **FIX            7
 **********
 **********
 **    6 **FIX            8
 **********
 **********
 **    7 **FIX            9
 **********
 PARAMETER    9  IS CONSTANT.   IGNORED.
 **********
 **    8 **FIX           10
 **********
 PARAMETER   10  IS CONSTANT.   IGNORED.
 **********
 **    9 **FIX           11
 **********
 PARAMETER   11  IS CONSTANT.   IGNORED.
 **********
 **   10 **FIX           12
 **********
 PARAMETER   12  IS CONSTANT.   IGNORED.
 **********
 **   11 **FIX           13
 **********
 PARAMETER   13  IS CONSTANT.   IGNORED.
 **********
 **   12 **FIX           14
 **********
 **********
 **   13 **FIX           15
 **********
 PARAMETER   15  IS CONSTANT.   IGNORED.
 **********
 **   14 **FIX           16
 **********
 PARAMETER   16  IS CONSTANT.   IGNORED.
 **********
 **   15 **MIGRAD
 **********
 FIRST CALL TO USER FUNCTION AT NEW START POINT, WITH IFLAG=4.
 START MIGRAD MINIMIZATION.  STRATEGY  1.  CONVERGENCE WHEN EDM .LT. 1.00e-04
 FCN=620.936 FROM MIGRAD    STATUS=INITIATE       54 CALLS          55 TOTAL
                     EDM= unknown      STRATEGY= 1      NO ERROR MATRIX       
  EXT PARAMETER               CURRENT GUESS       STEP         FIRST   
  NO.   NAME      VALUE            ERROR          SIZE      DERIVATIVE 
   1  N0           3.00087e+06   1.00000e+02   0.00000e+00   1.45232e-03
   2  tau          6.44001e+01   constant   
   3  A0           3.49583e-01   1.00000e-04   0.00000e+00  -1.38890e+03
   4  phi          4.11719e+00   1.00000e-02   0.00000e+00   4.01719e+02
   5  R           -6.22301e+01   constant   
   6  A_CBO        2.24785e-03     fixed    
   7  w_CBO        2.32635e+00     fixed    
   8  phi_CBO      1.49275e+00     fixed    
   9  ANx2         8.68669e-04   constant   
  10  pNx2         4.82289e+00   constant   
  11  ANy1         0.00000e+00   constant   
  12  pNy1         0.00000e+00   constant   
  13  w_y          0.00000e+00   constant   
  14  ANy2         6.17882e-03     fixed    
  15  pNy2         1.49923e+00   constant   
  16  w_vw         1.43037e+01   constant   
  17  LM          -2.26665e-04   constant   
  18  wCBO_expCoeff   1.99978e+02   1.00000e+00  -2.24423e-02   4.65123e+01
  19  wCBO_expOffset   2.00000e+02   1.00000e+00   0.00000e+00   3.09722e+02
  20  wCBO_expT    3.00000e+01   1.00000e+00   0.00000e+00   1.27559e+03
  21  wCBO_linCoeff   0.00000e+00   constant   
  22  wCBO_const   0.00000e+00   1.00000e-02   0.00000e+00  -3.30657e+03
 MIGRAD MINIMIZATION HAS CONVERGED.
 FCN=613.26 FROM MIGRAD    STATUS=CONVERGED     185 CALLS         186 TOTAL
                     EDM=1.19203e-06    STRATEGY= 1  ERROR MATRIX UNCERTAINTY   0.8 per cent
  EXT PARAMETER                                   STEP         FIRST   
  NO.   NAME      VALUE            ERROR          SIZE      DERIVATIVE 
   1  N0           3.00028e+06   8.43442e+02  -1.83883e-01  -9.11628e-08
   2  tau          6.44001e+01   constant   
   3  A0           3.49712e-01   3.75752e-04   6.40342e-07  -1.93508e-01
   4  phi          4.11701e+00   1.10967e-03   7.93135e-06  -6.10912e-01
   5  R           -6.22301e+01   constant   
   6  A_CBO        2.24785e-03     fixed    
   7  w_CBO        2.32635e+00     fixed    
   8  phi_CBO      1.49275e+00     fixed    
   9  ANx2         8.68669e-04   constant   
  10  pNx2         4.82289e+00   constant   
  11  ANy1         0.00000e+00   constant   
  12  pNy1         0.00000e+00   constant   
  13  w_y          0.00000e+00   constant   
  14  ANy2         6.17882e-03     fixed    
  15  pNy2         1.49923e+00   constant   
  16  w_vw         1.43037e+01   constant   
  17  LM          -2.26665e-04   constant   
  18  wCBO_expCoeff   2.00032e+02   2.72626e-02   1.68140e-04  -1.56421e-01
  19  wCBO_expOffset   2.00008e+02   4.09960e-03   2.54755e-05  -1.81907e+00
  20  wCBO_expT    2.99922e+01   3.40136e-03  -1.94047e-05  -3.17232e+00
  21  wCBO_linCoeff   0.00000e+00   constant   
  22  wCBO_const   1.76380e-03   6.19526e-04   6.47237e-07  -1.58939e+00
 EXTERNAL ERROR MATRIX.    NDIM=  25    NPAR=  7    ERR DEF=1
  7.114e+05 -5.881e-04  1.215e-02 -1.633e+00 -2.449e-01  1.995e-01 -1.536e-02 
 -5.881e-04  1.412e-07 -3.827e-09  2.407e-07  3.764e-08 -3.309e-08  2.958e-09 
  1.215e-02 -3.827e-09  1.231e-06 -3.606e-07 -3.376e-08  6.076e-08  1.239e-08 
 -1.633e+00  2.407e-07 -3.606e-07  7.432e-04  1.062e-04 -9.023e-05  1.077e-05 
 -2.449e-01  3.764e-08 -3.376e-08  1.062e-04  1.681e-05 -1.356e-05  1.613e-06 
  1.995e-01 -3.309e-08  6.076e-08 -9.023e-05 -1.356e-05  1.157e-05 -1.562e-06 
 -1.536e-02  2.958e-09  1.239e-08  1.077e-05  1.613e-06 -1.562e-06  3.838e-07 
 PARAMETER  CORRELATION COEFFICIENTS  
       NO.  GLOBAL      1      3      4     18     19     20     22
        1  0.07799   1.000 -0.002  0.013 -0.071 -0.071  0.070 -0.029
        3  0.03574  -0.002  1.000 -0.009  0.023  0.024 -0.026  0.013
        4  0.11475   0.013 -0.009  1.000 -0.012 -0.007  0.016  0.018
       18  0.98310  -0.071  0.023 -0.012  1.000  0.950 -0.973  0.637
       19  0.98314  -0.071  0.024 -0.007  0.950  1.000 -0.973  0.635
       20  0.99501   0.070 -0.026  0.016 -0.973 -0.973  1.000 -0.741
       22  0.89550  -0.029  0.013  0.018  0.637  0.635 -0.741  1.000
MINUIT - FIT ONLY 1-CBO + other amplitudes 
 **********
 **   16 **RES 
 **********
                   PARAMETER   14  ANy2 RESTORED TO VARIABLE.
                   PARAMETER    8  phi_CBO RESTORED TO VARIABLE.
                   PARAMETER    7  w_CBO RESTORED TO VARIABLE.
                   PARAMETER    6  A_CBO RESTORED TO VARIABLE.
 **********
 **   17 **FIX            0
 **********
 PARAMETER    0  IS UNDEFINED. IGNORED.
 **********
 **   18 **FIX            1
 **********
 **********
 **   19 **FIX            2
 **********
 PARAMETER    2  IS CONSTANT.   IGNORED.
 **********
 **   20 **FIX            3
 **********
 **********
 **   21 **FIX            4
 **********
 **********
 **   22 **FIX            9
 **********
 PARAMETER    9  IS CONSTANT.   IGNORED.
 **********
 **   23 **FIX           11
 **********
 PARAMETER   11  IS CONSTANT.   IGNORED.
 **********
 **   24 **FIX           12
 **********
 PARAMETER   12  IS CONSTANT.   IGNORED.
 **********
 **   25 **FIX           14
 **********
 **********
 **   26 **FIX           15
 **********
 PARAMETER   15  IS CONSTANT.   IGNORED.
 **********
 **   27 **FIX           16
 **********
 PARAMETER   16  IS CONSTANT.   IGNORED.
 **********
 **   28 **MIGRAD
 **********
 START MIGRAD MINIMIZATION.  STRATEGY  1.  CONVERGENCE WHEN EDM .LT. 1.00e-04
 FCN=613.26 FROM MIGRAD    STATUS=INITIATE       20 CALLS         206 TOTAL
                     EDM= unknown      STRATEGY= 1      NO ERROR MATRIX       
  EXT PARAMETER               CURRENT GUESS       STEP         FIRST   
  NO.   NAME      VALUE            ERROR          SIZE      DERIVATIVE 
   1  N0           3.00028e+06     fixed    
   2  tau          6.44001e+01   constant   
   3  A0           3.49712e-01     fixed    
   4  phi          4.11701e+00     fixed    
   5  R           -6.22301e+01   constant   
   6  A_CBO        2.24785e-03   1.00000e-05   1.00000e-05   2.63799e+04
   7  w_CBO        2.32635e+00   1.00000e-03   1.00000e-03  -1.42123e+01
   8  phi_CBO      1.49275e+00   1.00000e-04   1.00000e-04   7.71252e+00
   9  ANx2         8.68669e-04   constant   
  10  pNx2         4.82289e+00   constant   
  11  ANy1         0.00000e+00   constant   
  12  pNy1         0.00000e+00   constant   
  13  w_y          0.00000e+00   constant   
  14  ANy2         6.17882e-03     fixed    
  15  pNy2         1.49923e+00   constant   
  16  w_vw         1.43037e+01   constant   
  17  LM          -2.26665e-04   constant   
  18  wCBO_expCoeff   2.00032e+02   2.72626e-02   1.68140e-04  -1.56421e-01
  19  wCBO_expOffset   2.00008e+02   4.09960e-03   2.54755e-05  -1.81907e+00
  20  wCBO_expT    2.99922e+01   3.40136e-03  -1.94047e-05  -3.17232e+00
  21  wCBO_linCoeff   0.00000e+00   constant   
  22  wCBO_const   1.76380e-03   6.19526e-04   6.47237e-07  -1.58939e+00
 MIGRAD MINIMIZATION HAS CONVERGED.
 FCN=583.113 FROM MIGRAD    STATUS=CONVERGED     187 CALLS         373 TOTAL
                     EDM=2.40787e-07    STRATEGY= 1  ERROR MATRIX UNCERTAINTY   1.4 per cent
  EXT PARAMETER                                   STEP         FIRST   
  NO.   NAME      VALUE            ERROR          SIZE      DERIVATIVE 
   1  N0           3.00028e+06     fixed    
   2  tau          6.44001e+01   constant   
   3  A0           3.49712e-01     fixed    
   4  phi          4.11701e+00     fixed    
   5  R           -6.22301e+01   constant   
   6  A_CBO        2.87187e-04   3.95332e-04  -1.81775e-06  -6.21340e-01
   7  w_CBO        2.32625e+00   2.66713e-04   1.12415e-06  -3.02339e+00
   8  phi_CBO     -3.26824e-02   1.45153e+00  -3.08617e-03  -2.56392e-04
   9  ANx2         8.68669e-04   constant   
  10  pNx2         4.82289e+00   constant   
  11  ANy1         0.00000e+00   constant   
  12  pNy1         0.00000e+00   constant   
  13  w_y          0.00000e+00   constant   
  14  ANy2         6.17882e-03     fixed    
  15  pNy2         1.49923e+00   constant   
  16  w_vw         1.43037e+01   constant   
  17  LM          -2.26665e-04   constant   
  18  wCBO_expCoeff   2.00022e+02   2.52507e-02   9.65005e-05  -2.43018e-02
  19  wCBO_expOffset   2.00007e+02   3.67702e-03   1.39883e-05  -3.48603e-01
  20  wCBO_expT    2.99934e+01   4.76479e-03  -2.32802e-05  -9.20150e-01
  21  wCBO_linCoeff   0.00000e+00   constant   
  22  wCBO_const   1.66793e-03   8.26285e-04   6.70042e-06  -2.14045e+00
 EXTERNAL ERROR MATRIX.    NDIM=  25    NPAR=  7    ERR DEF=1
  1.563e-07 -5.219e-09  3.017e-06 -4.646e-07 -6.848e-08  1.134e-07 -2.472e-08 
 -5.219e-09  7.114e-08  3.832e-05  6.275e-06  9.118e-07 -1.234e-06  1.693e-07 
  3.017e-06  3.832e-05  2.107e+00  3.603e-03  5.226e-04 -5.935e-04  1.073e-04 
 -4.646e-07  6.275e-06  3.603e-03  6.376e-04  8.650e-05 -1.165e-04  1.559e-05 
 -6.848e-08  9.118e-07  5.226e-04  8.650e-05  1.352e-05 -1.693e-05  2.263e-06 
  1.134e-07 -1.234e-06 -5.935e-04 -1.165e-04 -1.693e-05  2.270e-05 -3.276e-06 
 -2.472e-08  1.693e-07  1.073e-04  1.559e-05  2.263e-06 -3.276e-06  6.827e-07 
 PARAMETER  CORRELATION COEFFICIENTS  
       NO.  GLOBAL      6      7      8     18     19     20     22
        6  0.10527   1.000 -0.049  0.005 -0.047 -0.047  0.060 -0.076
        7  0.98065  -0.049  1.000  0.099  0.932  0.930 -0.971  0.768
        8  0.23392   0.005  0.099  1.000  0.098  0.098 -0.086  0.090
       18  0.98083  -0.047  0.932  0.098  1.000  0.932 -0.968  0.747
       19  0.97971  -0.047  0.930  0.098  0.932  1.000 -0.966  0.745
       20  0.99723   0.060 -0.971 -0.086 -0.968 -0.966  1.000 -0.832
       22  0.93088  -0.076  0.768  0.090  0.747  0.745 -0.832  1.000
MINUIT - FIT ONLY 1-CBO
 **********
 **   29 **RES 
 **********
                   PARAMETER   14  ANy2 RESTORED TO VARIABLE.
                   PARAMETER    4  phi RESTORED TO VARIABLE.
                   PARAMETER    3  A0 RESTORED TO VARIABLE.
                   PARAMETER    1  N0 RESTORED TO VARIABLE.
 **********
 **   30 **FIX            0
 **********
 PARAMETER    0  IS UNDEFINED. IGNORED.
 **********
 **   31 **FIX            1
 **********
 **********
 **   32 **FIX            2
 **********
 PARAMETER    2  IS CONSTANT.   IGNORED.
 **********
 **   33 **FIX            3
 **********
 **********
 **   34 **FIX            4
 **********
 **********
 **   35 **FIX            8
 **********
 **********
 **   36 **FIX            9
 **********
 PARAMETER    9  IS CONSTANT.   IGNORED.
 **********
 **   37 **FIX           11
 **********
 PARAMETER   11  IS CONSTANT.   IGNORED.
 **********
 **   38 **FIX           12
 **********
 PARAMETER   12  IS CONSTANT.   IGNORED.
 **********
 **   39 **FIX           13
 **********
 PARAMETER   13  IS CONSTANT.   IGNORED.
 **********
 **   40 **FIX           15
 **********
 PARAMETER   15  IS CONSTANT.   IGNORED.
 **********
 **   41 **FIX           16
 **********
 PARAMETER   16  IS CONSTANT.   IGNORED.
 **********
 **   42 **MIGRAD
 **********
 START MIGRAD MINIMIZATION.  STRATEGY  1.  CONVERGENCE WHEN EDM .LT. 1.00e-04
 FCN=583.113 FROM MIGRAD    STATUS=INITIATE       16 CALLS         389 TOTAL
                     EDM= unknown      STRATEGY= 1      NO ERROR MATRIX       
  EXT PARAMETER               CURRENT GUESS       STEP         FIRST   
  NO.   NAME      VALUE            ERROR          SIZE      DERIVATIVE 
   1  N0           3.00028e+06     fixed    
   2  tau          6.44001e+01   constant   
   3  A0           3.49712e-01     fixed    
   4  phi          4.11701e+00     fixed    
   5  R           -6.22301e+01   constant   
   6  A_CBO        2.87187e-04   3.95332e-04  -1.81775e-06  -6.21340e-01
   7  w_CBO        2.32625e+00   2.66713e-04   1.12415e-06  -3.02339e+00
   8  phi_CBO     -3.26824e-02     fixed    
   9  ANx2         8.68669e-04   constant   
  10  pNx2         4.82289e+00   constant   
  11  ANy1         0.00000e+00   constant   
  12  pNy1         0.00000e+00   constant   
  13  w_y          0.00000e+00   constant   
  14  ANy2         6.17882e-03   1.00000e-04   1.00000e-04   7.76136e+04
  15  pNy2         1.49923e+00   constant   
  16  w_vw         1.43037e+01   constant   
  17  LM          -2.26665e-04   constant   
  18  wCBO_expCoeff   2.00022e+02   2.52507e-02   9.65005e-05  -2.43018e-02
  19  wCBO_expOffset   2.00007e+02   3.67702e-03   1.39883e-05  -3.48603e-01
  20  wCBO_expT    2.99934e+01   4.76479e-03  -2.32802e-05  -9.20150e-01
  21  wCBO_linCoeff   0.00000e+00   constant   
  22  wCBO_const   1.66793e-03   8.26285e-04   6.70042e-06  -2.14045e+00
 MIGRAD MINIMIZATION HAS CONVERGED.
 MIGRAD WILL VERIFY CONVERGENCE AND ERROR MATRIX.
 COVARIANCE MATRIX CALCULATED SUCCESSFULLY
 FCN=346.646 FROM HESSE     STATUS=OK             52 CALLS         538 TOTAL
                     EDM=0.000496918    STRATEGY= 1      ERROR MATRIX ACCURATE 
  EXT PARAMETER                                   STEP         FIRST   
  NO.   NAME      VALUE            ERROR          SIZE      DERIVATIVE 
   1  N0           3.00028e+06     fixed    
   2  tau          6.44001e+01   constant   
   3  A0           3.49712e-01     fixed    
   4  phi          4.11701e+00     fixed    
   5  R           -6.22301e+01   constant   
   6  A_CBO       -5.11221e-05   3.93067e-04   3.56330e-06  -5.51620e-01
   7  w_CBO        2.32626e+00   1.46819e-03   1.10925e-06   6.46085e+00
   8  phi_CBO     -3.26824e-02     fixed    
   9  ANx2         8.68669e-04   constant   
  10  pNx2         4.82289e+00   constant   
  11  ANy1         0.00000e+00   constant   
  12  pNy1         0.00000e+00   constant   
  13  w_y          0.00000e+00   constant   
  14  ANy2         7.98635e-05   3.97395e-04   3.59905e-06  -5.18880e-01
  15  pNy2         1.49923e+00   constant   
  16  w_vw         1.43037e+01   constant   
  17  LM          -2.26665e-04   constant   
  18  wCBO_expCoeff   2.00024e+02   1.28899e-01   9.53788e-05   8.20336e-02
  19  wCBO_expOffset   2.00007e+02   9.67269e-03   9.53707e-05   5.45754e-01
  20  wCBO_expT    2.99934e+01   4.72164e-03   1.43020e-05  -8.46952e+00
  21  wCBO_linCoeff   0.00000e+00   constant   
  22  wCBO_const   1.29311e-03   1.12171e-03   4.10709e-06  -1.36867e+00
 MIGRAD MINIMIZATION HAS CONVERGED.
 FCN=346.645 FROM MIGRAD    STATUS=CONVERGED     181 CALLS         554 TOTAL
                     EDM=2.45437e-06    STRATEGY= 1  ERROR MATRIX UNCERTAINTY   2.4 per cent
  EXT PARAMETER                                   STEP         FIRST   
  NO.   NAME      VALUE            ERROR          SIZE      DERIVATIVE 
   1  N0           3.00028e+06     fixed    
   2  tau          6.44001e+01   constant   
   3  A0           3.49712e-01     fixed    
   4  phi          4.11701e+00     fixed    
   5  R           -6.22301e+01   constant   
   6  A_CBO       -5.19010e-05   3.93459e-04  -7.78970e-07   1.24099e-01
   7  w_CBO        2.32624e+00   1.52024e-03  -1.69144e-05   1.62462e+01
   8  phi_CBO     -3.26824e-02     fixed    
   9  ANx2         8.68669e-04   constant   
  10  pNx2         4.82289e+00   constant   
  11  ANy1         0.00000e+00   constant   
  12  pNy1         0.00000e+00   constant   
  13  w_y          0.00000e+00   constant   
  14  ANy2         7.98822e-05   3.97395e-04   1.87368e-08  -3.56313e-02
  15  pNy2         1.49923e+00   constant   
  16  w_vw         1.43037e+01   constant   
  17  LM          -2.26665e-04   constant   
  18  wCBO_expCoeff   2.00022e+02   1.34919e-01  -1.70493e-03   1.79082e-01
  19  wCBO_expOffset   2.00007e+02   9.65968e-03  -3.13250e-05   9.06875e-01
  20  wCBO_expT    2.99937e+01   6.94652e-03   2.29839e-04   3.00165e+00
  21  wCBO_linCoeff   0.00000e+00   constant   
  22  wCBO_const   1.26368e-03   1.29121e-03  -2.94340e-05   1.99976e+00
 EXTERNAL ERROR MATRIX.    NDIM=  25    NPAR=  7    ERR DEF=1
  1.548e-07  1.522e-08  8.433e-09  1.579e-06 -6.033e-08 -1.740e-07  1.466e-08 
  1.522e-08  2.311e-06  1.079e-09 -1.249e-04 -2.978e-06 -3.644e-06 -4.341e-07 
  8.433e-09  1.079e-09  1.579e-07  1.338e-07 -4.805e-08 -1.134e-08  2.355e-08 
  1.579e-06 -1.249e-04  1.338e-07  1.820e-02 -3.031e-04 -3.677e-04  1.103e-04 
 -6.033e-08 -2.978e-06 -4.805e-08 -3.031e-04  9.331e-05 -3.801e-06  1.743e-06 
 -1.740e-07 -3.644e-06 -1.134e-08 -3.677e-04 -3.801e-06  4.825e-05 -6.241e-06 
  1.466e-08 -4.341e-07  2.355e-08  1.103e-04  1.743e-06 -6.241e-06  1.667e-06 
 PARAMETER  CORRELATION COEFFICIENTS  
       NO.  GLOBAL      6      7     14     18     19     20     22
        6  0.10234   1.000  0.025  0.054  0.030 -0.016 -0.064  0.029
        7  0.99813   0.025  1.000  0.002 -0.609 -0.203 -0.345 -0.221
       14  0.10198   0.054  0.002  1.000  0.002 -0.013 -0.004  0.046
       18  0.99798   0.030 -0.609  0.002  1.000 -0.233 -0.392  0.633
       19  0.99112  -0.016 -0.203 -0.013 -0.233  1.000 -0.057  0.140
       20  0.99739  -0.064 -0.345 -0.004 -0.392 -0.057  1.000 -0.696
       22  0.93702   0.029 -0.221  0.046  0.633  0.140 -0.696  1.000
MINUIT - FIT ONLY 2-CBO
 **********
 **   43 **RES 
 **********
                   PARAMETER    8  phi_CBO RESTORED TO VARIABLE.
                   PARAMETER    4  phi RESTORED TO VARIABLE.
                   PARAMETER    3  A0 RESTORED TO VARIABLE.
                   PARAMETER    1  N0 RESTORED TO VARIABLE.
 **********
 **   44 **FIX            0
 **********
 PARAMETER    0  IS UNDEFINED. IGNORED.
 **********
 **   45 **FIX            1
 **********
 **********
 **   46 **FIX            2
 **********
 PARAMETER    2  IS CONSTANT.   IGNORED.
 **********
 **   47 **FIX            3
 **********
 **********
 **   48 **FIX            4
 **********
 **********
 **   49 **FIX            5
 **********
 PARAMETER    5  IS CONSTANT.   IGNORED.
 **********
 **   50 **FIX            6
 **********
 **********
 **   51 **FIX            7
 **********
 **********
 **   52 **FIX           10
 **********
 PARAMETER   10  IS CONSTANT.   IGNORED.
 **********
 **   53 **FIX           11
 **********
 PARAMETER   11  IS CONSTANT.   IGNORED.
 **********
 **   54 **FIX           12
 **********
 PARAMETER   12  IS CONSTANT.   IGNORED.
 **********
 **   55 **FIX           13
 **********
 PARAMETER   13  IS CONSTANT.   IGNORED.
 **********
 **   56 **FIX           14
 **********
 **********
 **   57 **FIX           15
 **********
 PARAMETER   15  IS CONSTANT.   IGNORED.
 **********
 **   58 **FIX           16
 **********
 PARAMETER   16  IS CONSTANT.   IGNORED.
 **********
 **   59 **MIGRAD
 **********
 START MIGRAD MINIMIZATION.  STRATEGY  1.  CONVERGENCE WHEN EDM .LT. 1.00e-04
 FCN=346.645 FROM MIGRAD    STATUS=INITIATE       12 CALLS         566 TOTAL
                     EDM= unknown      STRATEGY= 1      NO ERROR MATRIX       
  EXT PARAMETER               CURRENT GUESS       STEP         FIRST   
  NO.   NAME      VALUE            ERROR          SIZE      DERIVATIVE 
   1  N0           3.00028e+06     fixed    
   2  tau          6.44001e+01   constant   
   3  A0           3.49712e-01     fixed    
   4  phi          4.11701e+00     fixed    
   5  R           -6.22301e+01   constant   
   6  A_CBO       -5.19010e-05     fixed    
   7  w_CBO        2.32624e+00     fixed    
   8  phi_CBO     -3.26824e-02   1.45153e+00   1.45153e+00   8.73312e-02
   9  ANx2         8.68669e-04   constant   
  10  pNx2         4.82289e+00   constant   
  11  ANy1         0.00000e+00   constant   
  12  pNy1         0.00000e+00   constant   
  13  w_y          0.00000e+00   constant   
  14  ANy2         7.98822e-05     fixed    
  15  pNy2         1.49923e+00   constant   
  16  w_vw         1.43037e+01   constant   
  17  LM          -2.26665e-04   constant   
  18  wCBO_expCoeff   2.00022e+02   1.34919e-01  -1.70493e-03   1.79082e-01
  19  wCBO_expOffset   2.00007e+02   9.65968e-03  -3.13250e-05   9.06875e-01
  20  wCBO_expT    2.99937e+01   6.94652e-03   2.29839e-04   3.00165e+00
  21  wCBO_linCoeff   0.00000e+00   constant   
  22  wCBO_const   1.26368e-03   1.29121e-03  -2.94340e-05   1.99980e+00
 MIGRAD MINIMIZATION HAS CONVERGED.
 MIGRAD WILL VERIFY CONVERGENCE AND ERROR MATRIX.
 COVARIANCE MATRIX CALCULATED SUCCESSFULLY
 FCN=346.583 FROM MIGRAD    STATUS=CONVERGED     128 CALLS         682 TOTAL
                     EDM=1.45707e-06    STRATEGY= 1      ERROR MATRIX ACCURATE 
  EXT PARAMETER                                   STEP         FIRST   
  NO.   NAME      VALUE            ERROR          SIZE      DERIVATIVE 
   1  N0           3.00028e+06     fixed    
   2  tau          6.44001e+01   constant   
   3  A0           3.49712e-01     fixed    
   4  phi          4.11701e+00     fixed    
   5  R           -6.22301e+01   constant   
   6  A_CBO       -5.19010e-05     fixed    
   7  w_CBO        2.32624e+00     fixed    
   8  phi_CBO     -1.24964e+00   4.52169e+00   4.11842e-02   2.43213e-04
   9  ANx2         8.68669e-04   constant   
  10  pNx2         4.82289e+00   constant   
  11  ANy1         0.00000e+00   constant   
  12  pNy1         0.00000e+00   constant   
  13  w_y          0.00000e+00   constant   
  14  ANy2         7.98822e-05     fixed    
  15  pNy2         1.49923e+00   constant   
  16  w_vw         1.43037e+01   constant   
  17  LM          -2.26665e-04   constant   
  18  wCBO_expCoeff   2.00024e+02   8.92366e-02   9.53790e-05  -3.75596e-02
  19  wCBO_expOffset   2.00007e+02   9.83620e-03   9.53709e-05  -2.51691e-01
  20  wCBO_expT    2.99933e+01   4.69217e-03   1.43019e-05  -8.33319e-01
  21  wCBO_linCoeff   0.00000e+00   constant   
  22  wCBO_const   1.31600e-03   1.02104e-03   4.10156e-06  -4.19595e-02
 EXTERNAL ERROR MATRIX.    NDIM=  25    NPAR=  5    ERR DEF=1
  2.045e+01 -2.196e-02  1.477e-04  1.493e-03 -2.055e-04 
 -2.196e-02  7.963e-03 -5.568e-04 -2.843e-04  4.145e-05 
  1.477e-04 -5.568e-04  9.675e-05 -5.485e-06  6.926e-07 
  1.493e-03 -2.843e-04 -5.485e-06  2.202e-05 -3.600e-06 
 -2.055e-04  4.145e-05  6.926e-07 -3.600e-06  1.043e-06 
 PARAMETER  CORRELATION COEFFICIENTS  
       NO.  GLOBAL      8     18     19     20     22
        8  0.07978   1.000 -0.054  0.003  0.070 -0.045
       18  0.99543  -0.054  1.000 -0.634 -0.679  0.455
       19  0.99152   0.003 -0.634  1.000 -0.119  0.069
       20  0.99433   0.070 -0.679 -0.119  1.000 -0.751
       22  0.89724  -0.045  0.455  0.069 -0.751  1.000
MINUIT - FIT ONLY 1-y
 **********
 **   60 **RES 
 **********
                   PARAMETER   14  ANy2 RESTORED TO VARIABLE.
                   PARAMETER    7  w_CBO RESTORED TO VARIABLE.
                   PARAMETER    6  A_CBO RESTORED TO VARIABLE.
                   PARAMETER    4  phi RESTORED TO VARIABLE.
                   PARAMETER    3  A0 RESTORED TO VARIABLE.
                   PARAMETER    1  N0 RESTORED TO VARIABLE.
 **********
 **   61 **FIX            0
 **********
 PARAMETER    0  IS UNDEFINED. IGNORED.
 **********
 **   62 **FIX            1
 **********
 **********
 **   63 **FIX            2
 **********
 PARAMETER    2  IS CONSTANT.   IGNORED.
 **********
 **   64 **FIX            3
 **********
 **********
 **   65 **FIX            4
 **********
 **********
 **   66 **FIX            5
 **********
 PARAMETER    5  IS CONSTANT.   IGNORED.
 **********
 **   67 **FIX            6
 **********
 **********
 **   68 **FIX            7
 **********
 **********
 **   69 **FIX            8
 **********
 **********
 **   70 **FIX            9
 **********
 PARAMETER    9  IS CONSTANT.   IGNORED.
 **********
 **   71 **FIX           13
 **********
 PARAMETER   13  IS CONSTANT.   IGNORED.
 **********
 **   72 **FIX           14
 **********
 **********
 **   73 **FIX           15
 **********
 PARAMETER   15  IS CONSTANT.   IGNORED.
 **********
 **   74 **FIX           16
 **********
 PARAMETER   16  IS CONSTANT.   IGNORED.
 **********
 **   75 **MIGRAD
 **********
 START MIGRAD MINIMIZATION.  STRATEGY  1.  CONVERGENCE WHEN EDM .LT. 1.00e-04
 FCN=346.583 FROM MIGRAD    STATUS=INITIATE        8 CALLS         690 TOTAL
                     EDM= unknown      STRATEGY= 1      NO ERROR MATRIX       
  EXT PARAMETER               CURRENT GUESS       STEP         FIRST   
  NO.   NAME      VALUE            ERROR          SIZE      DERIVATIVE 
   1  N0           3.00028e+06     fixed    
   2  tau          6.44001e+01   constant   
   3  A0           3.49712e-01     fixed    
   4  phi          4.11701e+00     fixed    
   5  R           -6.22301e+01   constant   
   6  A_CBO       -5.19010e-05     fixed    
   7  w_CBO        2.32624e+00     fixed    
   8  phi_CBO     -1.24964e+00     fixed    
   9  ANx2         8.68669e-04   constant   
  10  pNx2         4.82289e+00   constant   
  11  ANy1         0.00000e+00   constant   
  12  pNy1         0.00000e+00   constant   
  13  w_y          0.00000e+00   constant   
  14  ANy2         7.98822e-05     fixed    
  15  pNy2         1.49923e+00   constant   
  16  w_vw         1.43037e+01   constant   
  17  LM          -2.26665e-04   constant   
  18  wCBO_expCoeff   2.00024e+02   8.92366e-02   9.53790e-05  -3.82585e-02
  19  wCBO_expOffset   2.00007e+02   9.83620e-03   9.53709e-05  -5.24692e-01
  20  wCBO_expT    2.99933e+01   4.69217e-03   1.43019e-05  -9.20326e-01
  21  wCBO_linCoeff   0.00000e+00   constant   
  22  wCBO_const   1.31600e-03   1.02104e-03   4.10156e-06  -4.25580e-02
 MIGRAD MINIMIZATION HAS CONVERGED.
 MIGRAD WILL VERIFY CONVERGENCE AND ERROR MATRIX.
 COVARIANCE MATRIX CALCULATED SUCCESSFULLY
 FCN=346.583 FROM MIGRAD    STATUS=CONVERGED      48 CALLS         730 TOTAL
                     EDM=9.09614e-07    STRATEGY= 1      ERROR MATRIX ACCURATE 
  EXT PARAMETER                                   STEP         FIRST   
  NO.   NAME      VALUE            ERROR          SIZE      DERIVATIVE 
   1  N0           3.00028e+06     fixed    
   2  tau          6.44001e+01   constant   
   3  A0           3.49712e-01     fixed    
   4  phi          4.11701e+00     fixed    
   5  R           -6.22301e+01   constant   
   6  A_CBO       -5.19010e-05     fixed    
   7  w_CBO        2.32624e+00     fixed    
   8  phi_CBO     -1.24964e+00     fixed    
   9  ANx2         8.68669e-04   constant   
  10  pNx2         4.82289e+00   constant   
  11  ANy1         0.00000e+00   constant   
  12  pNy1         0.00000e+00   constant   
  13  w_y          0.00000e+00   constant   
  14  ANy2         7.98822e-05     fixed    
  15  pNy2         1.49923e+00   constant   
  16  w_vw         1.43037e+01   constant   
  17  LM          -2.26665e-04   constant   
  18  wCBO_expCoeff   2.00024e+02   8.90884e-02   9.53790e-05   3.23528e-03
  19  wCBO_expOffset   2.00007e+02   9.83412e-03   9.53709e-05   1.88754e-02
  20  wCBO_expT    2.99933e+01   4.67996e-03   1.43019e-05  -1.41869e-01
  21  wCBO_linCoeff   0.00000e+00   constant   
  22  wCBO_const   1.31600e-03   1.01997e-03   4.10402e-06   5.51992e-01
 EXTERNAL ERROR MATRIX.    NDIM=  25    NPAR=  4    ERR DEF=1
  7.937e-03 -5.564e-04 -2.826e-04  4.122e-05 
 -5.564e-04  9.671e-05 -5.496e-06  6.940e-07 
 -2.826e-04 -5.496e-06  2.190e-05 -3.584e-06 
  4.122e-05  6.940e-07 -3.584e-06  1.040e-06 
 PARAMETER  CORRELATION COEFFICIENTS  
       NO.  GLOBAL     18     19     20     22
       18  0.99541   1.000 -0.635 -0.678  0.454
       19  0.99151  -0.635  1.000 -0.119  0.069
       20  0.99430  -0.678 -0.119  1.000 -0.751
       22  0.89701   0.454  0.069 -0.751  1.000
MINUIT - FIT ONLY 2-y
 **********
 **   76 **RES 
 **********
                   PARAMETER   14  ANy2 RESTORED TO VARIABLE.
                   PARAMETER    8  phi_CBO RESTORED TO VARIABLE.
                   PARAMETER    7  w_CBO RESTORED TO VARIABLE.
                   PARAMETER    6  A_CBO RESTORED TO VARIABLE.
                   PARAMETER    4  phi RESTORED TO VARIABLE.
                   PARAMETER    3  A0 RESTORED TO VARIABLE.
                   PARAMETER    1  N0 RESTORED TO VARIABLE.
 **********
 **   77 **FIX            0
 **********
 PARAMETER    0  IS UNDEFINED. IGNORED.
 **********
 **   78 **FIX            1
 **********
 **********
 **   79 **FIX            2
 **********
 PARAMETER    2  IS CONSTANT.   IGNORED.
 **********
 **   80 **FIX            3
 **********
 **********
 **   81 **FIX            4
 **********
 **********
 **   82 **FIX            5
 **********
 PARAMETER    5  IS CONSTANT.   IGNORED.
 **********
 **   83 **FIX            6
 **********
 **********
 **   84 **FIX            7
 **********
 **********
 **   85 **FIX            8
 **********
 **********
 **   86 **FIX            9
 **********
 PARAMETER    9  IS CONSTANT.   IGNORED.
 **********
 **   87 **FIX           10
 **********
 PARAMETER   10  IS CONSTANT.   IGNORED.
 **********
 **   88 **FIX           11
 **********
 PARAMETER   11  IS CONSTANT.   IGNORED.
 **********
 **   89 **FIX           12
 **********
 PARAMETER   12  IS CONSTANT.   IGNORED.
 **********
 **   90 **FIX           16
 **********
 PARAMETER   16  IS CONSTANT.   IGNORED.
 **********
 **   91 **MIGRAD
 **********
 START MIGRAD MINIMIZATION.  STRATEGY  1.  CONVERGENCE WHEN EDM .LT. 1.00e-04
 FCN=346.583 FROM MIGRAD    STATUS=INITIATE       10 CALLS         740 TOTAL
                     EDM= unknown      STRATEGY= 1      NO ERROR MATRIX       
  EXT PARAMETER               CURRENT GUESS       STEP         FIRST   
  NO.   NAME      VALUE            ERROR          SIZE      DERIVATIVE 
   1  N0           3.00028e+06     fixed    
   2  tau          6.44001e+01   constant   
   3  A0           3.49712e-01     fixed    
   4  phi          4.11701e+00     fixed    
   5  R           -6.22301e+01   constant   
   6  A_CBO       -5.19010e-05     fixed    
   7  w_CBO        2.32624e+00     fixed    
   8  phi_CBO     -1.24964e+00     fixed    
   9  ANx2         8.68669e-04   constant   
  10  pNx2         4.82289e+00   constant   
  11  ANy1         0.00000e+00   constant   
  12  pNy1         0.00000e+00   constant   
  13  w_y          0.00000e+00   constant   
  14  ANy2         7.98822e-05   3.97395e-04   3.97395e-04  -7.07585e+00
  15  pNy2         1.49923e+00   constant   
  16  w_vw         1.43037e+01   constant   
  17  LM          -2.26665e-04   constant   
  18  wCBO_expCoeff   2.00024e+02   8.90884e-02   9.53790e-05   2.31224e-03
  19  wCBO_expOffset   2.00007e+02   9.83412e-03   9.53709e-05  -2.54252e-01
  20  wCBO_expT    2.99933e+01   4.67996e-03   1.43019e-05  -2.28916e-01
  21  wCBO_linCoeff   0.00000e+00   constant   
  22  wCBO_const   1.31600e-03   1.01997e-03   4.10402e-06   5.48335e-01
 MIGRAD MINIMIZATION HAS CONVERGED.
 MIGRAD WILL VERIFY CONVERGENCE AND ERROR MATRIX.
 COVARIANCE MATRIX CALCULATED SUCCESSFULLY
 FCN=346.583 FROM MIGRAD    STATUS=CONVERGED      56 CALLS         786 TOTAL
                     EDM=8.39936e-07    STRATEGY= 1      ERROR MATRIX ACCURATE 
  EXT PARAMETER                                   STEP         FIRST   
  NO.   NAME      VALUE            ERROR          SIZE      DERIVATIVE 
   1  N0           3.00028e+06     fixed    
   2  tau          6.44001e+01   constant   
   3  A0           3.49712e-01     fixed    
   4  phi          4.11701e+00     fixed    
   5  R           -6.22301e+01   constant   
   6  A_CBO       -5.19010e-05     fixed    
   7  w_CBO        2.32624e+00     fixed    
   8  phi_CBO     -1.24964e+00     fixed    
   9  ANx2         8.68669e-04   constant   
  10  pNx2         4.82289e+00   constant   
  11  ANy1         0.00000e+00   constant   
  12  pNy1         0.00000e+00   constant   
  13  w_y          0.00000e+00   constant   
  14  ANy2         8.04351e-05   3.96858e-04   3.59872e-06   1.85560e-02
  15  pNy2         1.49923e+00   constant   
  16  w_vw         1.43037e+01   constant   
  17  LM          -2.26665e-04   constant   
  18  wCBO_expCoeff   2.00024e+02   8.90774e-02   9.53790e-05   2.29772e-02
  19  wCBO_expOffset   2.00007e+02   9.83351e-03   9.53709e-05   1.52024e-01
  20  wCBO_expT    2.99933e+01   4.67944e-03   1.43019e-05   1.03237e-01
  21  wCBO_linCoeff   0.00000e+00   constant   
  22  wCBO_const   1.31594e-03   1.02151e-03   4.10404e-06   2.58163e-01
 EXTERNAL ERROR MATRIX.    NDIM=  25    NPAR=  5    ERR DEF=1
  1.575e-07  1.022e-07 -4.792e-08 -1.798e-09  2.295e-08 
  1.022e-07  7.935e-03 -5.563e-04 -2.825e-04  4.123e-05 
 -4.792e-08 -5.563e-04  9.670e-05 -5.494e-06  6.869e-07 
 -1.798e-09 -2.825e-04 -5.494e-06  2.190e-05 -3.583e-06 
  2.295e-08  4.123e-05  6.869e-07 -3.583e-06  1.043e-06 
 PARAMETER  CORRELATION COEFFICIENTS  
       NO.  GLOBAL     14     18     19     20     22
       14  0.08797   1.000  0.003 -0.012 -0.001  0.057
       18  0.99541   0.003  1.000 -0.635 -0.678  0.453
       19  0.99151  -0.012 -0.635  1.000 -0.119  0.068
       20  0.99430  -0.001 -0.678 -0.119  1.000 -0.750
       22  0.89735   0.057  0.453  0.068 -0.750  1.000
MINUIT - FIT ALTOGETHER
 **********
 **   92 **RES 
 **********
                   PARAMETER    8  phi_CBO RESTORED TO VARIABLE.
                   PARAMETER    7  w_CBO RESTORED TO VARIABLE.
                   PARAMETER    6  A_CBO RESTORED TO VARIABLE.
                   PARAMETER    4  phi RESTORED TO VARIABLE.
                   PARAMETER    3  A0 RESTORED TO VARIABLE.
                   PARAMETER    1  N0 RESTORED TO VARIABLE.
 **********
 **   93 **MIGRAD
 **********
 START MIGRAD MINIMIZATION.  STRATEGY  1.  CONVERGENCE WHEN EDM .LT. 1.00e-04
 FCN=346.583 FROM MIGRAD    STATUS=INITIATE       22 CALLS         808 TOTAL
                     EDM= unknown      STRATEGY= 1      NO ERROR MATRIX       
  EXT PARAMETER               CURRENT GUESS       STEP         FIRST   
  NO.   NAME      VALUE            ERROR          SIZE      DERIVATIVE 
   1  N0           3.00028e+06   8.43442e+02   8.43442e+02  -8.43132e-04
   2  tau          6.44001e+01   constant   
   3  A0           3.49712e-01   3.75752e-04   3.75752e-04  -9.05156e+01
   4  phi          4.11701e+00   1.10967e-03   1.10967e-03   3.46370e+02
   5  R           -6.22301e+01   constant   
