 + ++++++++++++++++++++++++++++++++++++++++++++++++++++++++++++++++++++ +
 +                                                                      +
 +           You have chose to blind your fitting according to          +
 +                omega_ref * (1 + (R +/- deltaR) *10^{-6})             +
 +                                                                      +
 + ++++++++++++++++++++++++++++++++++++++++++++++++++++++++++++++++++++ +
In main()...
reading format from /gm2data/zkhechad/run45/envelope/formats/formatB_sBin_constraintOn.txt
pBinTau 	= 0  
pBinPhi 	= 0  
constraintau 	= 1 
includeMopTerm 	= 0    
constrainMop    = 0   
Parameters after format file: pBinTau 0 pBinPhi 0 constraintau 1 includeMopTerm 0 constrainMop 0 c_e_scale 0.000000 
reading cbo reference file (full fit) from /gm2data/zkhechad/cboTemplates/Run4CBOTemplates/fullFits/run4/sBin_constraintOn_cE0.0_seed0_run4_calo21.root
A_CBO 0.009954 w_CBO 2.326310 phi_CBO 2.942572 N0 2740148.315147 R -59.181603 tau 64.402317 
Reading cboRef file /gm2data/zkhechad/cboTemplates/Run4CBOTemplates//cboIsolate/run4_calo21.root
deltaT 164.120000
windowBins = 1100
fitting sliding window 1420 from bin 1623 at 242.151600 to bin 2723 at 406.271600 (1100 bins)

Reading data from /gm2data/cornell/histograms/aMethod/histogram_a_run4.root
fitting cbo isolate
 **********
 **    1 **SET PRINTOUT            1
 **********
 **********
 **    2 **SET NOWARNINGS 
 **********
 PARAMETER DEFINITIONS:
    NO.   NAME         VALUE      STEP SIZE      LIMITS
     1 A_CBO        9.95405e-03  1.00000e-05     no limits
     2 w_CBO        2.32631e+00  1.00000e-02    2.00000e+00  3.00000e+00
     3 phi_CBO      2.94257e+00  1.00000e-02    0.00000e+00  6.28319e+00
 **********
 **    3 **MIGRAD
 **********
 FIRST CALL TO USER FUNCTION AT NEW START POINT, WITH IFLAG=4.
 START MIGRAD MINIMIZATION.  STRATEGY  1.  CONVERGENCE WHEN EDM .LT. 1.00e-04
 FCN=0.0507349 FROM MIGRAD    STATUS=INITIATE       12 CALLS          13 TOTAL
                     EDM= unknown      STRATEGY= 1      NO ERROR MATRIX       
  EXT PARAMETER               CURRENT GUESS       STEP         FIRST   
  NO.   NAME      VALUE            ERROR          SIZE      DERIVATIVE 
   1  A_CBO        9.95405e-03   1.00000e-05   1.00000e-05   7.26379e+00
   2  w_CBO        2.32631e+00   1.00000e-02   2.13305e-02  -3.03118e-02
   3  phi_CBO      2.94257e+00   1.00000e-02   3.18951e-03   1.58554e-03
 MIGRAD MINIMIZATION HAS CONVERGED.
 MIGRAD WILL VERIFY CONVERGENCE AND ERROR MATRIX.
 COVARIANCE MATRIX CALCULATED SUCCESSFULLY
 FCN=0.0266836 FROM MIGRAD    STATUS=CONVERGED      41 CALLS          42 TOTAL
                     EDM=3.69939e-05    STRATEGY= 1      ERROR MATRIX ACCURATE 
  EXT PARAMETER                                   STEP         FIRST   
  NO.   NAME      VALUE            ERROR          SIZE      DERIVATIVE 
   1  A_CBO        3.33199e-03   4.29047e-02   2.11258e-05  -1.73030e-04
   2  w_CBO        2.32633e+00   2.52731e-01   4.18915e-05   2.25826e-02
   3  phi_CBO      2.92889e+00   4.15189e+00   2.01772e-03  -1.57832e-04
 EXTERNAL ERROR MATRIX.    NDIM=  25    NPAR=  3    ERR DEF=1
  1.841e-03 -1.118e-03 -3.551e-01 
 -1.118e-03  7.124e-02  2.268e+01 
 -3.551e-01  2.268e+01  7.384e+03 
 PARAMETER  CORRELATION COEFFICIENTS  
       NO.  GLOBAL      1      2      3
        1  0.09765   1.000 -0.098 -0.096
        2  0.98888  -0.098  1.000  0.989
        3  0.98887  -0.096  0.989  1.000
setting A_CBO=0.003332 w_CBO=2.326327, phi_CBO=2.928888
done fitting cbo isolate
 **********
 **    1 **SET PRINTOUT            1
 **********
 **********
 **    2 **SET NOWARNINGS 
 **********
 PARAMETER DEFINITIONS:
    NO.   NAME         VALUE      STEP SIZE      LIMITS
     1 N0           2.74015e+06  1.00000e+02     no limits
     2 tau          6.44023e+01  constant
     3 A0           3.54223e-01  1.00000e-04     no limits
     4 phi          4.11631e+00  1.00000e-02     no limits
     5 R           -5.91816e+01  constant
     6 A_CBO        3.33199e-03  1.00000e-05     no limits
     7 w_CBO        2.32633e+00  1.00000e-03     no limits
     8 phi_CBO      2.92889e+00  1.00000e-04     no limits
     9 ANx2         7.44254e-04  constant
    10 pNx2         1.53785e+00  constant
    11 ANy1         0.00000e+00  constant
    12 pNy1         0.00000e+00  constant
    13 w_y          0.00000e+00  constant
    14 ANy2         8.00900e-03  1.00000e-04     no limits
    15 pNy2         3.64406e+00  constant
    16 w_vw         1.43170e+01  constant
    17 LM          -4.99363e-05  constant
    18 wCBO_expCoeff   2.00000e+02  1.00000e+00     no limits
    19 wCBO_expOffset   2.00000e+02  1.00000e+00     no limits
    20 wCBO_expT    3.00000e+01  1.00000e+00     no limits
    21 wCBO_linCoeff   0.00000e+00  constant
    22 wCBO_const   0.00000e+00  1.00000e-02     no limits
MINUIT - FIT ONLY WIGGLE
 **********
 **    3 **FIX            5
 **********
 PARAMETER    5  IS CONSTANT.   IGNORED.
 **********
 **    4 **FIX            6
 **********
 **********
 **    5 **FIX            7
 **********
 **********
 **    6 **FIX            8
 **********
 **********
 **    7 **FIX            9
 **********
 PARAMETER    9  IS CONSTANT.   IGNORED.
 **********
 **    8 **FIX           10
 **********
 PARAMETER   10  IS CONSTANT.   IGNORED.
 **********
 **    9 **FIX           11
 **********
 PARAMETER   11  IS CONSTANT.   IGNORED.
 **********
 **   10 **FIX           12
 **********
 PARAMETER   12  IS CONSTANT.   IGNORED.
 **********
 **   11 **FIX           13
 **********
 PARAMETER   13  IS CONSTANT.   IGNORED.
 **********
 **   12 **FIX           14
 **********
 **********
 **   13 **FIX           15
 **********
 PARAMETER   15  IS CONSTANT.   IGNORED.
 **********
 **   14 **FIX           16
 **********
 PARAMETER   16  IS CONSTANT.   IGNORED.
 **********
 **   15 **MIGRAD
 **********
 FIRST CALL TO USER FUNCTION AT NEW START POINT, WITH IFLAG=4.
 START MIGRAD MINIMIZATION.  STRATEGY  1.  CONVERGENCE WHEN EDM .LT. 1.00e-04
 FCN=1133.34 FROM MIGRAD    STATUS=INITIATE       34 CALLS          35 TOTAL
                     EDM= unknown      STRATEGY= 1      NO ERROR MATRIX       
  EXT PARAMETER               CURRENT GUESS       STEP         FIRST   
  NO.   NAME      VALUE            ERROR          SIZE      DERIVATIVE 
   1  N0           2.74015e+06   1.00000e+02   1.00000e+02   2.85690e-03
   2  tau          6.44023e+01   constant   
   3  A0           3.54223e-01   1.00000e-04   1.00000e-04   3.94964e+03
   4  phi          4.11631e+00   1.00000e-02   1.00000e-02   3.68301e+02
   5  R           -5.91816e+01   constant   
   6  A_CBO        3.33199e-03     fixed    
   7  w_CBO        2.32633e+00     fixed    
   8  phi_CBO      2.92889e+00     fixed    
   9  ANx2         7.44254e-04   constant   
  10  pNx2         1.53785e+00   constant   
  11  ANy1         0.00000e+00   constant   
  12  pNy1         0.00000e+00   constant   
  13  w_y          0.00000e+00   constant   
  14  ANy2         8.00900e-03     fixed    
  15  pNy2         3.64406e+00   constant   
  16  w_vw         1.43170e+01   constant   
  17  LM          -4.99363e-05   constant   
  18  wCBO_expCoeff   2.00000e+02   1.00000e+00   1.00000e+00   8.33917e+02
  19  wCBO_expOffset   2.00000e+02   1.00000e+00   1.00000e+00   5.64064e+03
  20  wCBO_expT    3.00000e+01   1.00000e+00   1.00000e+00   1.53336e+04
  21  wCBO_linCoeff   0.00000e+00   constant   
  22  wCBO_const   0.00000e+00   1.00000e-02   1.00000e-02   1.50289e+04
 MIGRAD FAILS TO FIND IMPROVEMENT
 FCN=1079.44 FROM HESSE     STATUS=NOT POSDEF     54 CALLS         342 TOTAL
                     EDM=0.000161468    STRATEGY= 1      ERR MATRIX NOT POS-DEF
  EXT PARAMETER                APPROXIMATE        STEP         FIRST   
  NO.   NAME      VALUE            ERROR          SIZE      DERIVATIVE 
   1  N0           2.74023e+06   6.10168e+02   1.00503e+01  -3.81423e-06
   2  tau          6.44023e+01   constant   
   3  A0           3.54202e-01   2.97896e-04   4.94994e-06  -1.21439e+01
   4  phi          4.11565e+00   8.72682e-04   1.45192e-05   5.10337e+00
   5  R           -5.91816e+01   constant   
   6  A_CBO        3.33199e-03     fixed    
   7  w_CBO        2.32633e+00     fixed    
   8  phi_CBO      2.92889e+00     fixed    
   9  ANx2         7.44254e-04   constant   
  10  pNx2         1.53785e+00   constant   
  11  ANy1         0.00000e+00   constant   
  12  pNy1         0.00000e+00   constant   
  13  w_y          0.00000e+00   constant   
  14  ANy2         8.00900e-03     fixed    
  15  pNy2         3.64406e+00   constant   
  16  w_vw         1.43170e+01   constant   
  17  LM          -4.99363e-05   constant   
  18  wCBO_expCoeff   2.00015e+02   1.90807e-02   9.53748e-05  -2.36581e+00
  19  wCBO_expOffset   2.00002e+02   3.75524e-03   9.53685e-05  -1.55844e+01
  20  wCBO_expT    2.99994e+01   8.40033e-04   1.43048e-05   1.15961e+01
  21  wCBO_linCoeff   0.00000e+00   constant   
  22  wCBO_const  -5.32448e-03   4.27706e-04   3.75665e-06   3.82761e+01
 MIGRAD FAILS TO FIND IMPROVEMENT
 MIGRAD TERMINATED WITHOUT CONVERGENCE.
 FCN=1079.44 FROM MIGRAD    STATUS=FAILED        367 CALLS         368 TOTAL
                     EDM=0.00611424    STRATEGY= 1      ERR MATRIX NOT POS-DEF
  EXT PARAMETER                APPROXIMATE        STEP         FIRST   
  NO.   NAME      VALUE            ERROR          SIZE      DERIVATIVE 
   1  N0           2.74023e+06   6.08634e+02  -0.00000e+00   9.25052e-07
   2  tau          6.44023e+01   constant   
   3  A0           3.54203e-01   2.98080e-04  -0.00000e+00  -8.84128e-01
   4  phi          4.11565e+00   8.74174e-04  -0.00000e+00   9.60410e-01
   5  R           -5.91816e+01   constant   
   6  A_CBO        3.33199e-03     fixed    
   7  w_CBO        2.32633e+00     fixed    
   8  phi_CBO      2.92889e+00     fixed    
   9  ANx2         7.44254e-04   constant   
  10  pNx2         1.53785e+00   constant   
  11  ANy1         0.00000e+00   constant   
  12  pNy1         0.00000e+00   constant   
  13  w_y          0.00000e+00   constant   
  14  ANy2         8.00900e-03     fixed    
  15  pNy2         3.64406e+00   constant   
  16  w_vw         1.43170e+01   constant   
  17  LM          -4.99363e-05   constant   
  18  wCBO_expCoeff   2.00015e+02   7.53403e-03   0.00000e+00  -1.42885e+00
  19  wCBO_expOffset   2.00002e+02   1.18371e-03  -0.00000e+00   3.25538e+01
  20  wCBO_expT    2.99994e+01   5.45073e-04   0.00000e+00  -1.57043e+01
  21  wCBO_linCoeff   0.00000e+00   constant   
  22  wCBO_const  -5.32505e-03   4.07905e-04  -0.00000e+00  -1.92415e+01
 EXTERNAL ERROR MATRIX.    NDIM=  25    NPAR=  7    ERR DEF=1
  3.704e+05  8.890e-04 -4.309e-03  9.695e-02  8.287e-03 -5.713e-03 -5.956e-03 
  8.890e-04  8.885e-08  4.241e-11  3.829e-08  5.699e-09 -7.128e-09  8.082e-10 
 -4.309e-03  4.241e-11  7.642e-07 -9.311e-08  5.726e-09  1.767e-09  1.540e-09 
  9.695e-02  3.829e-08 -9.311e-08  5.676e-05 -6.881e-06 -6.063e-07 -2.575e-07 
  8.287e-03  5.699e-09  5.726e-09 -6.881e-06  1.401e-06 -2.720e-07  1.048e-07 
 -5.713e-03 -7.128e-09  1.767e-09 -6.063e-07 -2.720e-07  2.971e-07 -1.336e-07 
 -5.956e-03  8.082e-10  1.540e-09 -2.575e-07  1.048e-07 -1.336e-07  1.664e-07 
ERR MATRIX NOT POS-DEF
 PARAMETER  CORRELATION COEFFICIENTS  
       NO.  GLOBAL      1      3      4     18     19     20     22
        1  0.06590   1.000  0.005 -0.008  0.021  0.012 -0.017 -0.024
        3  0.05099   0.005  1.000  0.000  0.017  0.016 -0.044  0.007
        4  0.02159  -0.008  0.000  1.000 -0.014  0.006  0.004  0.004
       18  0.96753   0.021  0.017 -0.014  1.000 -0.772 -0.148 -0.084
       19  0.97146   0.012  0.016  0.006 -0.772  1.000 -0.422  0.217
       20  0.95466  -0.017 -0.044  0.004 -0.148 -0.422  1.000 -0.601
       22  0.83193  -0.024  0.007  0.004 -0.084  0.217 -0.601  1.000
 ERR MATRIX NOT POS-DEF
MINUIT - FIT ONLY 1-CBO + other amplitudes 
 **********
 **   16 **RES 
 **********
                   PARAMETER   14  ANy2 RESTORED TO VARIABLE.
                   PARAMETER    8  phi_CBO RESTORED TO VARIABLE.
                   PARAMETER    7  w_CBO RESTORED TO VARIABLE.
                   PARAMETER    6  A_CBO RESTORED TO VARIABLE.
 **********
 **   17 **FIX            0
 **********
 PARAMETER    0  IS UNDEFINED. IGNORED.
 **********
 **   18 **FIX            1
 **********
 **********
 **   19 **FIX            2
 **********
 PARAMETER    2  IS CONSTANT.   IGNORED.
 **********
 **   20 **FIX            3
 **********
 **********
 **   21 **FIX            4
 **********
 **********
 **   22 **FIX            9
 **********
 PARAMETER    9  IS CONSTANT.   IGNORED.
 **********
 **   23 **FIX           11
 **********
 PARAMETER   11  IS CONSTANT.   IGNORED.
 **********
 **   24 **FIX           12
 **********
 PARAMETER   12  IS CONSTANT.   IGNORED.
 **********
 **   25 **FIX           14
 **********
 **********
 **   26 **FIX           15
 **********
 PARAMETER   15  IS CONSTANT.   IGNORED.
 **********
 **   27 **FIX           16
 **********
 PARAMETER   16  IS CONSTANT.   IGNORED.
 **********
 **   28 **MIGRAD
 **********
 START MIGRAD MINIMIZATION.  STRATEGY  1.  CONVERGENCE WHEN EDM .LT. 1.00e-04
 FCN=1079.44 FROM MIGRAD    STATUS=INITIATE       22 CALLS         390 TOTAL
                     EDM= unknown      STRATEGY= 1      NO ERROR MATRIX       
  EXT PARAMETER               CURRENT GUESS       STEP         FIRST   
  NO.   NAME      VALUE            ERROR          SIZE      DERIVATIVE 
   1  N0           2.74023e+06     fixed    
   2  tau          6.44023e+01   constant   
   3  A0           3.54203e-01     fixed    
   4  phi          4.11565e+00     fixed    
   5  R           -5.91816e+01   constant   
   6  A_CBO        3.33199e-03   1.00000e-05   1.00000e-05   4.97977e+04
   7  w_CBO        2.32633e+00   1.00000e-03   1.00000e-03  -1.30324e+02
   8  phi_CBO      2.92889e+00   1.00000e-04   1.00000e-04   4.13217e+00
   9  ANx2         7.44254e-04   constant   
  10  pNx2         1.53785e+00   constant   
  11  ANy1         0.00000e+00   constant   
  12  pNy1         0.00000e+00   constant   
  13  w_y          0.00000e+00   constant   
  14  ANy2         8.00900e-03     fixed    
  15  pNy2         3.64406e+00   constant   
  16  w_vw         1.43170e+01   constant   
  17  LM          -4.99363e-05   constant   
  18  wCBO_expCoeff   2.00015e+02   7.53403e-03   0.00000e+00  -1.42885e+00
  19  wCBO_expOffset   2.00002e+02   1.18371e-03  -0.00000e+00   3.25538e+01
  20  wCBO_expT    2.99994e+01   5.45073e-04   0.00000e+00  -1.57043e+01
  21  wCBO_linCoeff   0.00000e+00   constant   
  22  wCBO_const  -5.32505e-03   4.07905e-04  -0.00000e+00  -1.92415e+01
 MIGRAD MINIMIZATION HAS CONVERGED.
 FCN=1008.87 FROM MIGRAD    STATUS=CONVERGED     221 CALLS         589 TOTAL
                     EDM=4.62336e-06    STRATEGY= 1  ERROR MATRIX UNCERTAINTY   1.2 per cent
  EXT PARAMETER                                   STEP         FIRST   
  NO.   NAME      VALUE            ERROR          SIZE      DERIVATIVE 
   1  N0           2.74023e+06     fixed    
   2  tau          6.44023e+01   constant   
   3  A0           3.54203e-01     fixed    
   4  phi          4.11565e+00     fixed    
   5  R           -5.91816e+01   constant   
   6  A_CBO        5.64815e-04   3.30651e-04   1.23871e-06  -3.85113e+00
   7  w_CBO        2.32641e+00   9.33878e-05  -3.85627e-08  -7.85836e+01
   8  phi_CBO      2.35329e+00   6.25622e-01   1.67206e-03  -1.55535e-03
   9  ANx2         7.44254e-04   constant   
  10  pNx2         1.53785e+00   constant   
  11  ANy1         0.00000e+00   constant   
  12  pNy1         0.00000e+00   constant   
  13  w_y          0.00000e+00   constant   
  14  ANy2         8.00900e-03     fixed    
  15  pNy2         3.64406e+00   constant   
  16  w_vw         1.43170e+01   constant   
  17  LM          -4.99363e-05   constant   
  18  wCBO_expCoeff   2.00023e+02   8.06803e-03  -3.75652e-06  -9.01358e-01
  19  wCBO_expOffset   2.00003e+02   1.05993e-03  -1.00648e-06   8.81621e+00
  20  wCBO_expT    2.99968e+01   2.78957e-03   1.11027e-06  -3.01008e+00
  21  wCBO_linCoeff   0.00000e+00   constant   
  22  wCBO_const  -4.49898e-03   1.50824e-03   6.54159e-07  -3.04117e+00
 EXTERNAL ERROR MATRIX.    NDIM=  25    NPAR=  7    ERR DEF=1
  1.093e-07  1.048e-09  1.181e-05  7.940e-08 -1.629e-08 -3.635e-08  4.747e-08 
  1.048e-09  8.721e-09 -2.120e-05  7.095e-07  9.092e-08 -2.530e-07  1.242e-07 
  1.181e-05 -2.120e-05  3.914e-01 -1.838e-03 -2.711e-04  6.818e-04 -2.900e-04 
  7.940e-08  7.095e-07 -1.838e-03  6.509e-05  7.860e-06 -2.177e-05  1.059e-05 
 -1.629e-08  9.092e-08 -2.711e-04  7.860e-06  1.123e-06 -2.794e-06  1.313e-06 
 -3.635e-08 -2.530e-07  6.818e-04 -2.177e-05 -2.794e-06  7.782e-06 -3.953e-06 
  4.747e-08  1.242e-07 -2.900e-04  1.059e-05  1.313e-06 -3.953e-06  2.275e-06 
 PARAMETER  CORRELATION COEFFICIENTS  
       NO.  GLOBAL      6      7      8     18     19     20     22
        6  0.26430   1.000  0.034  0.057  0.030 -0.046 -0.039  0.095
        7  0.98009   0.034  1.000 -0.363  0.942  0.919 -0.971  0.882
        8  0.49375   0.057 -0.363  1.000 -0.364 -0.409  0.391 -0.307
       18  0.97873   0.030  0.942 -0.364  1.000  0.919 -0.967  0.870
       19  0.97277  -0.046  0.919 -0.409  0.919  1.000 -0.945  0.821
       20  0.99763  -0.039 -0.971  0.391 -0.967 -0.945  1.000 -0.939
       22  0.98080   0.095  0.882 -0.307  0.870  0.821 -0.939  1.000
MINUIT - FIT ONLY 1-CBO
 **********
 **   29 **RES 
 **********
                   PARAMETER   14  ANy2 RESTORED TO VARIABLE.
                   PARAMETER    4  phi RESTORED TO VARIABLE.
                   PARAMETER    3  A0 RESTORED TO VARIABLE.
                   PARAMETER    1  N0 RESTORED TO VARIABLE.
 **********
 **   30 **FIX            0
 **********
 PARAMETER    0  IS UNDEFINED. IGNORED.
 **********
 **   31 **FIX            1
 **********
 **********
 **   32 **FIX            2
 **********
 PARAMETER    2  IS CONSTANT.   IGNORED.
 **********
 **   33 **FIX            3
 **********
 **********
 **   34 **FIX            4
 **********
 **********
 **   35 **FIX            8
 **********
 **********
 **   36 **FIX            9
 **********
 PARAMETER    9  IS CONSTANT.   IGNORED.
 **********
 **   37 **FIX           11
 **********
 PARAMETER   11  IS CONSTANT.   IGNORED.
 **********
 **   38 **FIX           12
 **********
 PARAMETER   12  IS CONSTANT.   IGNORED.
 **********
 **   39 **FIX           13
 **********
 PARAMETER   13  IS CONSTANT.   IGNORED.
 **********
 **   40 **FIX           15
 **********
 PARAMETER   15  IS CONSTANT.   IGNORED.
 **********
 **   41 **FIX           16
 **********
 PARAMETER   16  IS CONSTANT.   IGNORED.
 **********
 **   42 **MIGRAD
 **********
 START MIGRAD MINIMIZATION.  STRATEGY  1.  CONVERGENCE WHEN EDM .LT. 1.00e-04
 FCN=1008.87 FROM MIGRAD    STATUS=INITIATE       16 CALLS         605 TOTAL
                     EDM= unknown      STRATEGY= 1      NO ERROR MATRIX       
  EXT PARAMETER               CURRENT GUESS       STEP         FIRST   
  NO.   NAME      VALUE            ERROR          SIZE      DERIVATIVE 
   1  N0           2.74023e+06     fixed    
   2  tau          6.44023e+01   constant   
   3  A0           3.54203e-01     fixed    
   4  phi          4.11565e+00     fixed    
   5  R           -5.91816e+01   constant   
   6  A_CBO        5.64815e-04   3.30651e-04   1.23871e-06  -3.85113e+00
   7  w_CBO        2.32641e+00   9.33878e-05  -3.85627e-08  -7.85836e+01
   8  phi_CBO      2.35329e+00     fixed    
   9  ANx2         7.44254e-04   constant   
  10  pNx2         1.53785e+00   constant   
  11  ANy1         0.00000e+00   constant   
  12  pNy1         0.00000e+00   constant   
  13  w_y          0.00000e+00   constant   
  14  ANy2         8.00900e-03   1.00000e-04   1.00000e-04   1.49785e+05
  15  pNy2         3.64406e+00   constant   
  16  w_vw         1.43170e+01   constant   
  17  LM          -4.99363e-05   constant   
  18  wCBO_expCoeff   2.00023e+02   8.06803e-03  -3.75652e-06  -9.01358e-01
  19  wCBO_expOffset   2.00003e+02   1.05993e-03  -1.00648e-06   8.81621e+00
  20  wCBO_expT    2.99968e+01   2.78957e-03   1.11027e-06  -3.01008e+00
  21  wCBO_linCoeff   0.00000e+00   constant   
  22  wCBO_const  -4.49898e-03   1.50824e-03   6.54159e-07  -3.04117e+00
 MIGRAD MINIMIZATION HAS CONVERGED.
 MIGRAD WILL VERIFY CONVERGENCE AND ERROR MATRIX.
 FCN=411.54 FROM MIGRAD    STATUS=CONVERGED     234 CALLS         823 TOTAL
                     EDM=5.33333e-06    STRATEGY= 1      ERR MATRIX NOT POS-DEF
  EXT PARAMETER                APPROXIMATE        STEP         FIRST   
  NO.   NAME      VALUE            ERROR          SIZE      DERIVATIVE 
   1  N0           2.74023e+06     fixed    
   2  tau          6.44023e+01   constant   
   3  A0           3.54203e-01     fixed    
   4  phi          4.11565e+00     fixed    
   5  R           -5.91816e+01   constant   
   6  A_CBO        1.70650e-05   3.30375e-04   3.25243e-06   2.32253e-01
   7  w_CBO        2.32652e+00   2.50825e-04   1.10937e-06  -3.51893e+01
   8  phi_CBO      2.35329e+00     fixed    
   9  ANx2         7.44254e-04   constant   
  10  pNx2         1.53785e+00   constant   
  11  ANy1         0.00000e+00   constant   
  12  pNy1         0.00000e+00   constant   
  13  w_y          0.00000e+00   constant   
  14  ANy2         3.75023e-05   3.23468e-04   3.22155e-06   2.32902e+00
  15  pNy2         3.64406e+00   constant   
  16  w_vw         1.43170e+01   constant   
  17  LM          -4.99363e-05   constant   
  18  wCBO_expCoeff   2.00032e+02   2.23312e-02   9.53828e-05  -4.14974e-01
  19  wCBO_expOffset   2.00005e+02   4.70152e-03   9.53696e-05  -2.74488e+00
  20  wCBO_expT    2.99939e+01   1.22439e-03   1.43022e-05  -1.49964e+00
  21  wCBO_linCoeff   0.00000e+00   constant   
  22  wCBO_const  -3.78787e-03   8.08296e-04   3.70426e-06   1.11310e+00
 EXTERNAL ERROR MATRIX.    NDIM=  25    NPAR=  7    ERR DEF=1
  1.091e-07 -4.221e-10  5.698e-09 -4.503e-08  8.398e-09 -2.027e-08  2.013e-08 
 -4.221e-10  6.291e-08  1.788e-09  1.698e-07 -7.762e-07 -3.821e-08 -1.782e-08 
  5.698e-09  1.788e-09  1.046e-07  1.637e-07 -7.404e-08  9.929e-09  7.849e-09 
 -4.503e-08  1.698e-07  1.637e-07  4.987e-04 -7.155e-05 -3.326e-06  5.689e-07 
  8.398e-09 -7.762e-07 -7.404e-08 -7.155e-05  2.210e-05 -9.519e-07  6.008e-07 
 -2.027e-08 -3.821e-08  9.929e-09 -3.326e-06 -9.519e-07  1.499e-06 -6.109e-07 
  2.013e-08 -1.782e-08  7.849e-09  5.689e-07  6.008e-07 -6.109e-07  6.533e-07 
ERR MATRIX NOT POS-DEF
 PARAMETER  CORRELATION COEFFICIENTS  
       NO.  GLOBAL      6      7     14     18     19     20     22
        6  0.17851   1.000 -0.005  0.053 -0.006  0.005 -0.050  0.075
        7  0.99309  -0.005  1.000  0.022  0.030 -0.658 -0.124 -0.088
       14  0.09601   0.053  0.022  1.000  0.023 -0.049  0.025  0.030
       18  0.99318  -0.006  0.030  0.023  1.000 -0.682 -0.122  0.032
       19  0.99654   0.005 -0.658 -0.049 -0.682  1.000 -0.165  0.158
       20  0.98225  -0.050 -0.124  0.025 -0.122 -0.165  1.000 -0.617
       22  0.88894   0.075 -0.088  0.030  0.032  0.158 -0.617  1.000
 ERR MATRIX NOT POS-DEF
MINUIT - FIT ONLY 2-CBO
 **********
 **   43 **RES 
 **********
                   PARAMETER    8  phi_CBO RESTORED TO VARIABLE.
                   PARAMETER    4  phi RESTORED TO VARIABLE.
                   PARAMETER    3  A0 RESTORED TO VARIABLE.
                   PARAMETER    1  N0 RESTORED TO VARIABLE.
 **********
 **   44 **FIX            0
 **********
 PARAMETER    0  IS UNDEFINED. IGNORED.
 **********
 **   45 **FIX            1
 **********
 **********
 **   46 **FIX            2
 **********
 PARAMETER    2  IS CONSTANT.   IGNORED.
 **********
 **   47 **FIX            3
 **********
 **********
 **   48 **FIX            4
 **********
 **********
 **   49 **FIX            5
 **********
 PARAMETER    5  IS CONSTANT.   IGNORED.
 **********
 **   50 **FIX            6
 **********
 **********
 **   51 **FIX            7
 **********
 **********
 **   52 **FIX           10
 **********
 PARAMETER   10  IS CONSTANT.   IGNORED.
 **********
 **   53 **FIX           11
 **********
 PARAMETER   11  IS CONSTANT.   IGNORED.
 **********
 **   54 **FIX           12
 **********
 PARAMETER   12  IS CONSTANT.   IGNORED.
 **********
 **   55 **FIX           13
 **********
 PARAMETER   13  IS CONSTANT.   IGNORED.
 **********
 **   56 **FIX           14
 **********
 **********
 **   57 **FIX           15
 **********
 PARAMETER   15  IS CONSTANT.   IGNORED.
 **********
 **   58 **FIX           16
 **********
 PARAMETER   16  IS CONSTANT.   IGNORED.
 **********
 **   59 **MIGRAD
 **********
 START MIGRAD MINIMIZATION.  STRATEGY  1.  CONVERGENCE WHEN EDM .LT. 1.00e-04
 FCN=411.54 FROM MIGRAD    STATUS=INITIATE       12 CALLS         835 TOTAL
                     EDM= unknown      STRATEGY= 1      NO ERROR MATRIX       
  EXT PARAMETER               CURRENT GUESS       STEP         FIRST   
  NO.   NAME      VALUE            ERROR          SIZE      DERIVATIVE 
   1  N0           2.74023e+06     fixed    
   2  tau          6.44023e+01   constant   
   3  A0           3.54203e-01     fixed    
   4  phi          4.11565e+00     fixed    
   5  R           -5.91816e+01   constant   
   6  A_CBO        1.70650e-05     fixed    
   7  w_CBO        2.32652e+00     fixed    
   8  phi_CBO      2.35329e+00   6.25622e-01   6.25622e-01  -3.52170e-02
   9  ANx2         7.44254e-04   constant   
  10  pNx2         1.53785e+00   constant   
  11  ANy1         0.00000e+00   constant   
  12  pNy1         0.00000e+00   constant   
  13  w_y          0.00000e+00   constant   
  14  ANy2         3.75023e-05     fixed    
  15  pNy2         3.64406e+00   constant   
  16  w_vw         1.43170e+01   constant   
  17  LM          -4.99363e-05   constant   
  18  wCBO_expCoeff   2.00032e+02   2.23312e-02   9.53828e-05  -4.01916e-01
  19  wCBO_expOffset   2.00005e+02   4.70152e-03   9.53696e-05   2.34695e+00
  20  wCBO_expT    2.99939e+01   1.22439e-03   1.43022e-05  -1.49773e+00
  21  wCBO_linCoeff   0.00000e+00   constant   
  22  wCBO_const  -3.78787e-03   8.08296e-04   3.70426e-06   1.11378e+00
 MIGRAD FAILS TO FIND IMPROVEMENT
 FCN=411.512 FROM HESSE     STATUS=NOT POSDEF     33 CALLS         917 TOTAL
                     EDM=0.00221572    STRATEGY= 1      ERR MATRIX NOT POS-DEF
  EXT PARAMETER                APPROXIMATE        STEP         FIRST   
  NO.   NAME      VALUE            ERROR          SIZE      DERIVATIVE 
   1  N0           2.74023e+06     fixed    
   2  tau          6.44023e+01   constant   
   3  A0           3.54203e-01     fixed    
   4  phi          4.11565e+00     fixed    
   5  R           -5.91816e+01   constant   
   6  A_CBO        1.70650e-05     fixed    
   7  w_CBO        2.32652e+00     fixed    
   8  phi_CBO      3.03241e+03   7.51484e+00   7.46146e-02   4.36554e-03
   9  ANx2         7.44254e-04   constant   
  10  pNx2         1.53785e+00   constant   
  11  ANy1         0.00000e+00   constant   
  12  pNy1         0.00000e+00   constant   
  13  w_y          0.00000e+00   constant   
  14  ANy2         3.75023e-05     fixed    
  15  pNy2         3.64406e+00   constant   
  16  w_vw         1.43170e+01   constant   
  17  LM          -4.99363e-05   constant   
  18  wCBO_expCoeff   2.00033e+02   3.00926e-02   9.53831e-05   9.68566e+00
  19  wCBO_expOffset   2.00004e+02   4.72508e-03   9.53696e-05   6.46151e+01
  20  wCBO_expT    2.99939e+01   1.31612e-03   1.43022e-05   5.46475e+01
  21  wCBO_linCoeff   0.00000e+00   constant   
  22  wCBO_const  -3.82492e-03   8.32387e-04   3.70018e-06  -7.86057e+01
 MIGRAD FAILS TO FIND IMPROVEMENT
 MIGRAD TERMINATED WITHOUT CONVERGENCE.
 FCN=411.51 FROM MIGRAD    STATUS=FAILED        117 CALLS         940 TOTAL
                     EDM=0.000132366    STRATEGY= 1      ERR MATRIX NOT POS-DEF
  EXT PARAMETER                APPROXIMATE        STEP         FIRST   
  NO.   NAME      VALUE            ERROR          SIZE      DERIVATIVE 
   1  N0           2.74023e+06     fixed    
   2  tau          6.44023e+01   constant   
   3  A0           3.54203e-01     fixed    
   4  phi          4.11565e+00     fixed    
   5  R           -5.91816e+01   constant   
   6  A_CBO        1.70650e-05     fixed    
   7  w_CBO        2.32652e+00     fixed    
   8  phi_CBO      3.03227e+03   7.52055e+00  -0.00000e+00  -2.04769e-04
   9  ANx2         7.44254e-04   constant   
  10  pNx2         1.53785e+00   constant   
  11  ANy1         0.00000e+00   constant   
  12  pNy1         0.00000e+00   constant   
  13  w_y          0.00000e+00   constant   
  14  ANy2         3.75023e-05     fixed    
  15  pNy2         3.64406e+00   constant   
  16  w_vw         1.43170e+01   constant   
  17  LM          -4.99363e-05   constant   
  18  wCBO_expCoeff   2.00033e+02   2.98218e-02   0.00000e+00   4.04147e-02
  19  wCBO_expOffset   2.00004e+02   4.80123e-03  -0.00000e+00   5.21201e+00
  20  wCBO_expT    2.99939e+01   1.31194e-03   0.00000e+00   1.36948e+00
  21  wCBO_linCoeff   0.00000e+00   constant   
  22  wCBO_const  -3.79580e-03   8.42150e-04   0.00000e+00  -7.68267e-01
 EXTERNAL ERROR MATRIX.    NDIM=  25    NPAR=  5    ERR DEF=1
  5.656e+01 -1.954e-02  3.317e-03  7.360e-06 -2.253e-04 
 -1.954e-02  8.893e-04 -1.319e-04 -3.417e-06  4.541e-06 
  3.317e-03 -1.319e-04  2.305e-05 -1.757e-06 -1.553e-07 
  7.360e-06 -3.417e-06 -1.757e-06  1.721e-06 -6.867e-07 
 -2.253e-04  4.541e-06 -1.553e-07 -6.867e-07  7.092e-07 
ERR MATRIX NOT POS-DEF
 PARAMETER  CORRELATION COEFFICIENTS  
       NO.  GLOBAL      8     18     19     20     22
        8  0.11398   1.000 -0.087  0.092  0.001 -0.036
       18  0.99617  -0.087  1.000 -0.922 -0.087  0.181
       19  0.99664   0.092 -0.922  1.000 -0.279 -0.038
       20  0.98451   0.001 -0.087 -0.279  1.000 -0.622
       22  0.89737  -0.036  0.181 -0.038 -0.622  1.000
 ERR MATRIX NOT POS-DEF
MINUIT - FIT ONLY 1-y
 **********
 **   60 **RES 
 **********
                   PARAMETER   14  ANy2 RESTORED TO VARIABLE.
                   PARAMETER    7  w_CBO RESTORED TO VARIABLE.
                   PARAMETER    6  A_CBO RESTORED TO VARIABLE.
                   PARAMETER    4  phi RESTORED TO VARIABLE.
                   PARAMETER    3  A0 RESTORED TO VARIABLE.
                   PARAMETER    1  N0 RESTORED TO VARIABLE.
 **********
 **   61 **FIX            0
 **********
 PARAMETER    0  IS UNDEFINED. IGNORED.
 **********
 **   62 **FIX            1
 **********
 **********
 **   63 **FIX            2
 **********
 PARAMETER    2  IS CONSTANT.   IGNORED.
 **********
 **   64 **FIX            3
 **********
 **********
 **   65 **FIX            4
 **********
 **********
 **   66 **FIX            5
 **********
 PARAMETER    5  IS CONSTANT.   IGNORED.
 **********
 **   67 **FIX            6
 **********
 **********
 **   68 **FIX            7
 **********
 **********
 **   69 **FIX            8
 **********
 **********
 **   70 **FIX            9
 **********
 PARAMETER    9  IS CONSTANT.   IGNORED.
 **********
 **   71 **FIX           13
 **********
 PARAMETER   13  IS CONSTANT.   IGNORED.
 **********
 **   72 **FIX           14
 **********
 **********
 **   73 **FIX           15
 **********
 PARAMETER   15  IS CONSTANT.   IGNORED.
 **********
 **   74 **FIX           16
 **********
 PARAMETER   16  IS CONSTANT.   IGNORED.
 **********
 **   75 **MIGRAD
 **********
 START MIGRAD MINIMIZATION.  STRATEGY  1.  CONVERGENCE WHEN EDM .LT. 1.00e-04
 FCN=411.51 FROM MIGRAD    STATUS=INITIATE        8 CALLS         948 TOTAL
                     EDM= unknown      STRATEGY= 1      NO ERROR MATRIX       
  EXT PARAMETER               CURRENT GUESS       STEP         FIRST   
  NO.   NAME      VALUE            ERROR          SIZE      DERIVATIVE 
   1  N0           2.74023e+06     fixed    
   2  tau          6.44023e+01   constant   
   3  A0           3.54203e-01     fixed    
   4  phi          4.11565e+00     fixed    
   5  R           -5.91816e+01   constant   
   6  A_CBO        1.70650e-05     fixed    
   7  w_CBO        2.32652e+00     fixed    
   8  phi_CBO      3.03227e+03     fixed    
   9  ANx2         7.44254e-04   constant   
  10  pNx2         1.53785e+00   constant   
  11  ANy1         0.00000e+00   constant   
  12  pNy1         0.00000e+00   constant   
  13  w_y          0.00000e+00   constant   
  14  ANy2         3.75023e-05     fixed    
  15  pNy2         3.64406e+00   constant   
  16  w_vw         1.43170e+01   constant   
  17  LM          -4.99363e-05   constant   
  18  wCBO_expCoeff   2.00033e+02   2.98218e-02   0.00000e+00   4.04147e-02
  19  wCBO_expOffset   2.00004e+02   4.80123e-03  -0.00000e+00   5.21201e+00
  20  wCBO_expT    2.99939e+01   1.31194e-03   0.00000e+00   1.36948e+00
  21  wCBO_linCoeff   0.00000e+00   constant   
  22  wCBO_const  -3.79580e-03   8.42150e-04   0.00000e+00  -7.68267e-01
 MIGRAD MINIMIZATION HAS CONVERGED.
 MIGRAD WILL VERIFY CONVERGENCE AND ERROR MATRIX.
 FCN=411.51 FROM MIGRAD    STATUS=CONVERGED      48 CALLS         988 TOTAL
                     EDM=1.66928e-05    STRATEGY= 1      ERR MATRIX NOT POS-DEF
  EXT PARAMETER                APPROXIMATE        STEP         FIRST   
  NO.   NAME      VALUE            ERROR          SIZE      DERIVATIVE 
   1  N0           2.74023e+06     fixed    
   2  tau          6.44023e+01   constant   
   3  A0           3.54203e-01     fixed    
   4  phi          4.11565e+00     fixed    
   5  R           -5.91816e+01   constant   
   6  A_CBO        1.70650e-05     fixed    
   7  w_CBO        2.32652e+00     fixed    
   8  phi_CBO      3.03227e+03     fixed    
   9  ANx2         7.44254e-04   constant   
  10  pNx2         1.53785e+00   constant   
  11  ANy1         0.00000e+00   constant   
  12  pNy1         0.00000e+00   constant   
  13  w_y          0.00000e+00   constant   
  14  ANy2         3.75023e-05     fixed    
  15  pNy2         3.64406e+00   constant   
  16  w_vw         1.43170e+01   constant   
  17  LM          -4.99363e-05   constant   
  18  wCBO_expCoeff   2.00033e+02   2.99039e-02   9.53831e-05  -3.00036e-02
  19  wCBO_expOffset   2.00004e+02   4.76223e-03   9.53696e-05   1.06738e+00
  20  wCBO_expT    2.99939e+01   1.29996e-03   1.43022e-05   7.84185e-01
  21  wCBO_linCoeff   0.00000e+00   constant   
  22  wCBO_const  -3.79579e-03   8.26997e-04   3.69986e-06  -1.06299e+00
 EXTERNAL ERROR MATRIX.    NDIM=  25    NPAR=  4    ERR DEF=1
  8.942e-04 -1.317e-04 -1.164e-06 -5.074e-08 
 -1.317e-04  2.268e-05 -2.020e-06  5.985e-07 
 -1.164e-06 -2.020e-06  1.690e-06 -7.082e-07 
 -5.074e-08  5.985e-07 -7.082e-07  6.839e-07 
ERR MATRIX NOT POS-DEF
 PARAMETER  CORRELATION COEFFICIENTS  
       NO.  GLOBAL     18     19     20     22
       18  0.99619   1.000 -0.925 -0.030 -0.002
       19  0.99662  -0.925  1.000 -0.326  0.152
       20  0.98423  -0.030 -0.326  1.000 -0.659
       22  0.89408  -0.002  0.152 -0.659  1.000
 ERR MATRIX NOT POS-DEF
MINUIT - FIT ONLY 2-y
 **********
 **   76 **RES 
 **********
                   PARAMETER   14  ANy2 RESTORED TO VARIABLE.
                   PARAMETER    8  phi_CBO RESTORED TO VARIABLE.
                   PARAMETER    7  w_CBO RESTORED TO VARIABLE.
                   PARAMETER    6  A_CBO RESTORED TO VARIABLE.
                   PARAMETER    4  phi RESTORED TO VARIABLE.
                   PARAMETER    3  A0 RESTORED TO VARIABLE.
                   PARAMETER    1  N0 RESTORED TO VARIABLE.
 **********
 **   77 **FIX            0
 **********
 PARAMETER    0  IS UNDEFINED. IGNORED.
 **********
 **   78 **FIX            1
 **********
 **********
 **   79 **FIX            2
 **********
 PARAMETER    2  IS CONSTANT.   IGNORED.
 **********
 **   80 **FIX            3
 **********
 **********
 **   81 **FIX            4
 **********
 **********
 **   82 **FIX            5
 **********
 PARAMETER    5  IS CONSTANT.   IGNORED.
 **********
 **   83 **FIX            6
 **********
 **********
 **   84 **FIX            7
 **********
 **********
 **   85 **FIX            8
 **********
 **********
 **   86 **FIX            9
 **********
 PARAMETER    9  IS CONSTANT.   IGNORED.
 **********
 **   87 **FIX           10
 **********
 PARAMETER   10  IS CONSTANT.   IGNORED.
 **********
 **   88 **FIX           11
 **********
 PARAMETER   11  IS CONSTANT.   IGNORED.
 **********
 **   89 **FIX           12
 **********
 PARAMETER   12  IS CONSTANT.   IGNORED.
 **********
 **   90 **FIX           16
 **********
 PARAMETER   16  IS CONSTANT.   IGNORED.
 **********
 **   91 **MIGRAD
 **********
 START MIGRAD MINIMIZATION.  STRATEGY  1.  CONVERGENCE WHEN EDM .LT. 1.00e-04
 FCN=411.51 FROM MIGRAD    STATUS=INITIATE       10 CALLS         998 TOTAL
                     EDM= unknown      STRATEGY= 1      NO ERROR MATRIX       
  EXT PARAMETER               CURRENT GUESS       STEP         FIRST   
  NO.   NAME      VALUE            ERROR          SIZE      DERIVATIVE 
   1  N0           2.74023e+06     fixed    
   2  tau          6.44023e+01   constant   
   3  A0           3.54203e-01     fixed    
   4  phi          4.11565e+00     fixed    
   5  R           -5.91816e+01   constant   
   6  A_CBO        1.70650e-05     fixed    
   7  w_CBO        2.32652e+00     fixed    
   8  phi_CBO      3.03227e+03     fixed    
   9  ANx2         7.44254e-04   constant   
  10  pNx2         1.53785e+00   constant   
  11  ANy1         0.00000e+00   constant   
  12  pNy1         0.00000e+00   constant   
  13  w_y          0.00000e+00   constant   
  14  ANy2         3.75023e-05   3.23468e-04   3.23468e-04   2.92732e+01
  15  pNy2         3.64406e+00   constant   
  16  w_vw         1.43170e+01   constant   
  17  LM          -4.99363e-05   constant   
  18  wCBO_expCoeff   2.00033e+02   2.99039e-02   9.53831e-05  -1.30523e-02
  19  wCBO_expOffset   2.00004e+02   4.76223e-03   9.53696e-05   4.85671e+00
  20  wCBO_expT    2.99939e+01   1.29996e-03   1.43022e-05   7.78375e-01
  21  wCBO_linCoeff   0.00000e+00   constant   
  22  wCBO_const  -3.79579e-03   8.26997e-04   3.69986e-06  -1.06239e+00
 MIGRAD MINIMIZATION HAS CONVERGED.
 MIGRAD WILL VERIFY CONVERGENCE AND ERROR MATRIX.
 FCN=411.51 FROM MIGRAD    STATUS=CONVERGED      55 CALLS        1043 TOTAL
                     EDM=3.85976e-06    STRATEGY= 1      ERR MATRIX NOT POS-DEF
  EXT PARAMETER                APPROXIMATE        STEP         FIRST   
  NO.   NAME      VALUE            ERROR          SIZE      DERIVATIVE 
   1  N0           2.74023e+06     fixed    
   2  tau          6.44023e+01   constant   
   3  A0           3.54203e-01     fixed    
   4  phi          4.11565e+00     fixed    
   5  R           -5.91816e+01   constant   
   6  A_CBO        1.70650e-05     fixed    
   7  w_CBO        2.32652e+00     fixed    
   8  phi_CBO      3.03227e+03     fixed    
   9  ANx2         7.44254e-04   constant   
  10  pNx2         1.53785e+00   constant   
  11  ANy1         0.00000e+00   constant   
  12  pNy1         0.00000e+00   constant   
  13  w_y          0.00000e+00   constant   
  14  ANy2         3.60708e-05   3.23662e-04   3.22143e-06   2.04817e+00
  15  pNy2         3.64406e+00   constant   
  16  w_vw         1.43170e+01   constant   
  17  LM          -4.99363e-05   constant   
  18  wCBO_expCoeff   2.00033e+02   2.98824e-02   9.53831e-05  -6.78457e-01
  19  wCBO_expOffset   2.00004e+02   4.76582e-03   9.53696e-05  -4.50238e+00
  20  wCBO_expT    2.99939e+01   1.29999e-03   1.43022e-05  -5.84789e+00
  21  wCBO_linCoeff   0.00000e+00   constant   
  22  wCBO_const  -3.79573e-03   8.26799e-04   3.69986e-06  -3.67340e+00
 EXTERNAL ERROR MATRIX.    NDIM=  25    NPAR=  5    ERR DEF=1
  1.048e-07  3.647e-07 -8.721e-08  1.541e-08  6.124e-09 
  3.647e-07  8.930e-04 -1.317e-04 -1.057e-06 -4.442e-08 
 -8.721e-08 -1.317e-04  2.271e-05 -2.038e-06  5.942e-07 
  1.541e-08 -1.057e-06 -2.038e-06  1.690e-06 -7.061e-07 
  6.124e-09 -4.442e-08  5.942e-07 -7.061e-07  6.836e-07 
ERR MATRIX NOT POS-DEF
 PARAMETER  CORRELATION COEFFICIENTS  
