 + ++++++++++++++++++++++++++++++++++++++++++++++++++++++++++++++++++++ +
 +                                                                      +
 +           You have chose to blind your fitting according to          +
 +                omega_ref * (1 + (R +/- deltaR) *10^{-6})             +
 +                                                                      +
 + ++++++++++++++++++++++++++++++++++++++++++++++++++++++++++++++++++++ +
In main()...
reading format from /gm2data/zkhechad/run45/envelope/formats/formatB_sBin_constraintOn.txt
pBinTau 	= 0  
pBinPhi 	= 0  
constraintau 	= 1 
includeMopTerm 	= 0    
constrainMop    = 0   
Parameters after format file: pBinTau 0 pBinPhi 0 constraintau 1 includeMopTerm 0 constrainMop 0 c_e_scale 0.000000 
reading cbo reference file (full fit) from /gm2data/zkhechad/cboTemplates/Run4CBOTemplates/fullFits/run4/sBin_constraintOn_cE0.0_seed0_run4_calo12.root
A_CBO 0.007990 w_CBO 2.327632 phi_CBO 5.471864 N0 3435893.469287 R -59.911173 tau 64.398066 
Reading cboRef file /gm2data/zkhechad/cboTemplates/Run4CBOTemplates//cboIsolate/run4_calo12.root
deltaT 164.120000
windowBins = 1100
fitting sliding window 1680 from bin 1883 at 280.943600 to bin 2983 at 445.063600 (1100 bins)

Reading data from /gm2data/cornell/histograms/aMethod/histogram_a_run4.root
fitting cbo isolate
 **********
 **    1 **SET PRINTOUT            1
 **********
 **********
 **    2 **SET NOWARNINGS 
 **********
 PARAMETER DEFINITIONS:
    NO.   NAME         VALUE      STEP SIZE      LIMITS
     1 A_CBO        7.98954e-03  1.00000e-05     no limits
     2 w_CBO        2.32763e+00  1.00000e-02    2.00000e+00  3.00000e+00
     3 phi_CBO      5.47186e+00  1.00000e-02    0.00000e+00  6.28319e+00
 **********
 **    3 **MIGRAD
 **********
 FIRST CALL TO USER FUNCTION AT NEW START POINT, WITH IFLAG=4.
 START MIGRAD MINIMIZATION.  STRATEGY  1.  CONVERGENCE WHEN EDM .LT. 1.00e-04
 FCN=0.0625154 FROM MIGRAD    STATUS=INITIATE       12 CALLS          13 TOTAL
                     EDM= unknown      STRATEGY= 1      NO ERROR MATRIX       
  EXT PARAMETER               CURRENT GUESS       STEP         FIRST   
  NO.   NAME      VALUE            ERROR          SIZE      DERIVATIVE 
   1  A_CBO        7.98954e-03   1.00000e-05   1.00000e-05   5.89297e+00
   2  w_CBO        2.32763e+00   1.00000e-02   2.13083e-02   2.78624e-01
   3  phi_CBO      5.47186e+00   1.00000e-02   4.74617e-03  -3.53154e-03
 MIGRAD MINIMIZATION HAS CONVERGED.
 MIGRAD WILL VERIFY CONVERGENCE AND ERROR MATRIX.
 COVARIANCE MATRIX CALCULATED SUCCESSFULLY
 FCN=0.0466667 FROM MIGRAD    STATUS=CONVERGED      49 CALLS          50 TOTAL
                     EDM=2.95223e-06    STRATEGY= 1      ERROR MATRIX ACCURATE 
  EXT PARAMETER                                   STEP         FIRST   
  NO.   NAME      VALUE            ERROR          SIZE      DERIVATIVE 
   1  A_CBO        2.61079e-03   4.27369e-02   2.13362e-05  -1.33097e-02
   2  w_CBO        2.32755e+00   2.76569e-01   4.71410e-05  -1.33661e-03
   3  phi_CBO      5.50755e+00   5.88801e+00   4.08972e-03  -2.94228e-05
 EXTERNAL ERROR MATRIX.    NDIM=  25    NPAR=  3    ERR DEF=1
  1.826e-03 -4.696e-04 -1.713e-01 
 -4.696e-04  8.747e-02  3.179e+01 
 -1.713e-01  3.179e+01  1.182e+04 
 PARAMETER  CORRELATION COEFFICIENTS  
       NO.  GLOBAL      1      2      3
        1  0.03717   1.000 -0.037 -0.037
        2  0.98873  -0.037  1.000  0.989
        3  0.98873  -0.037  0.989  1.000
setting A_CBO=0.002611 w_CBO=2.327545, phi_CBO=5.507549
done fitting cbo isolate
 **********
 **    1 **SET PRINTOUT            1
 **********
 **********
 **    2 **SET NOWARNINGS 
 **********
 PARAMETER DEFINITIONS:
    NO.   NAME         VALUE      STEP SIZE      LIMITS
     1 N0           3.43589e+06  1.00000e+02     no limits
     2 tau          6.43981e+01  constant
     3 A0           3.53663e-01  1.00000e-04     no limits
     4 phi          4.11774e+00  1.00000e-02     no limits
     5 R           -5.99112e+01  constant
     6 A_CBO        2.61079e-03  1.00000e-05     no limits
     7 w_CBO        2.32755e+00  1.00000e-03     no limits
     8 phi_CBO      5.50755e+00  1.00000e-04     no limits
     9 ANx2         3.16301e-04  constant
    10 pNx2         1.53957e+00  constant
    11 ANy1         0.00000e+00  constant
    12 pNy1         0.00000e+00  constant
    13 w_y          0.00000e+00  constant
    14 ANy2         1.02217e-02  1.00000e-04     no limits
    15 pNy2         1.44040e+00  constant
    16 w_vw         1.43192e+01  constant
    17 LM          -2.49463e-04  constant
    18 wCBO_expCoeff   2.00000e+02  1.00000e+00     no limits
    19 wCBO_expOffset   2.00000e+02  1.00000e+00     no limits
    20 wCBO_expT    3.00000e+01  1.00000e+00     no limits
    21 wCBO_linCoeff   0.00000e+00  constant
    22 wCBO_const   0.00000e+00  1.00000e-02     no limits
MINUIT - FIT ONLY WIGGLE
 **********
 **    3 **FIX            5
 **********
 PARAMETER    5  IS CONSTANT.   IGNORED.
 **********
 **    4 **FIX            6
 **********
 **********
 **    5 **FIX            7
 **********
 **********
 **    6 **FIX            8
 **********
 **********
 **    7 **FIX            9
 **********
 PARAMETER    9  IS CONSTANT.   IGNORED.
 **********
 **    8 **FIX           10
 **********
 PARAMETER   10  IS CONSTANT.   IGNORED.
 **********
 **    9 **FIX           11
 **********
 PARAMETER   11  IS CONSTANT.   IGNORED.
 **********
 **   10 **FIX           12
 **********
 PARAMETER   12  IS CONSTANT.   IGNORED.
 **********
 **   11 **FIX           13
 **********
 PARAMETER   13  IS CONSTANT.   IGNORED.
 **********
 **   12 **FIX           14
 **********
 **********
 **   13 **FIX           15
 **********
 PARAMETER   15  IS CONSTANT.   IGNORED.
 **********
 **   14 **FIX           16
 **********
 PARAMETER   16  IS CONSTANT.   IGNORED.
 **********
 **   15 **MIGRAD
 **********
 FIRST CALL TO USER FUNCTION AT NEW START POINT, WITH IFLAG=4.
 START MIGRAD MINIMIZATION.  STRATEGY  1.  CONVERGENCE WHEN EDM .LT. 1.00e-04
 FCN=1056.98 FROM MIGRAD    STATUS=INITIATE       80 CALLS          81 TOTAL
                     EDM= unknown      STRATEGY= 1      NO ERROR MATRIX       
  EXT PARAMETER               CURRENT GUESS       STEP         FIRST   
  NO.   NAME      VALUE            ERROR          SIZE      DERIVATIVE 
   1  N0           3.43589e+06   1.00000e+02   0.00000e+00   4.74505e-04
   2  tau          6.43981e+01   constant   
   3  A0           3.53663e-01   1.00000e-04   0.00000e+00  -5.93537e+03
   4  phi          4.11774e+00   1.00000e-02   0.00000e+00  -2.92465e+02
   5  R           -5.99112e+01   constant   
   6  A_CBO        2.61079e-03     fixed    
   7  w_CBO        2.32755e+00     fixed    
   8  phi_CBO      5.50755e+00     fixed    
   9  ANx2         3.16301e-04   constant   
  10  pNx2         1.53957e+00   constant   
  11  ANy1         0.00000e+00   constant   
  12  pNy1         0.00000e+00   constant   
  13  w_y          0.00000e+00   constant   
  14  ANy2         1.02217e-02     fixed    
  15  pNy2         1.44040e+00   constant   
  16  w_vw         1.43192e+01   constant   
  17  LM          -2.49463e-04   constant   
  18  wCBO_expCoeff   2.00058e+02   1.00000e+00   0.00000e+00   1.32049e+02
  19  wCBO_expOffset   2.00000e+02   1.00000e+00   0.00000e+00   8.80657e+02
  20  wCBO_expT    3.00000e+01   1.00000e+00   0.00000e+00   3.12378e+03
  21  wCBO_linCoeff   0.00000e+00   constant   
  22  wCBO_const   7.48921e-04   1.00000e-02   7.48921e-04  -1.30918e+02
 MIGRAD MINIMIZATION HAS CONVERGED.
 FCN=1048.73 FROM MIGRAD    STATUS=CONVERGED     286 CALLS         287 TOTAL
                     EDM=5.09748e-06    STRATEGY= 1  ERROR MATRIX UNCERTAINTY   3.5 per cent
  EXT PARAMETER                                   STEP         FIRST   
  NO.   NAME      VALUE            ERROR          SIZE      DERIVATIVE 
   1  N0           3.43599e+06   9.94075e+02   5.15557e+00   1.01292e-06
   2  tau          6.43981e+01   constant   
   3  A0           3.54107e-01   3.68469e-04  -9.72644e-07  -5.05679e+00
   4  phi          4.11787e+00   1.10398e-03  -3.81496e-06  -9.22982e-01
   5  R           -5.99112e+01   constant   
   6  A_CBO        2.61079e-03     fixed    
   7  w_CBO        2.32755e+00     fixed    
   8  phi_CBO      5.50755e+00     fixed    
   9  ANx2         3.16301e-04   constant   
  10  pNx2         1.53957e+00   constant   
  11  ANy1         0.00000e+00   constant   
  12  pNy1         0.00000e+00   constant   
  13  w_y          0.00000e+00   constant   
  14  ANy2         1.02217e-02     fixed    
  15  pNy2         1.44040e+00   constant   
  16  w_vw         1.43192e+01   constant   
  17  LM          -2.49463e-04   constant   
  18  wCBO_expCoeff   2.00132e+02   5.75126e-02   1.59357e-04   2.32584e-01
  19  wCBO_expOffset   2.00011e+02   8.59007e-03   2.34057e-05   1.71336e+00
  20  wCBO_expT    2.99899e+01   5.88184e-03  -1.67955e-05   5.55755e+00
  21  wCBO_linCoeff   0.00000e+00   constant   
  22  wCBO_const   2.39453e-03   8.98874e-04   7.35469e-07   8.11458e+00
 EXTERNAL ERROR MATRIX.    NDIM=  25    NPAR=  7    ERR DEF=1
  9.882e+05  1.187e-02  1.926e-02 -6.019e+00 -9.447e-01  4.535e-01  9.078e-03 
  1.187e-02  1.358e-07 -9.972e-09 -3.087e-06 -4.559e-07  3.079e-07 -2.781e-09 
  1.926e-02 -9.972e-09  1.219e-06 -5.164e-06 -7.430e-07  5.278e-07 -1.933e-08 
 -6.019e+00 -3.087e-06 -5.164e-06  3.308e-03  4.637e-04 -3.262e-04  1.879e-05 
 -9.447e-01 -4.559e-07 -7.430e-07  4.637e-04  7.379e-05 -4.872e-05  2.824e-06 
  4.535e-01  3.079e-07  5.278e-07 -3.262e-04 -4.872e-05  3.460e-05 -2.773e-06 
  9.078e-03 -2.781e-09 -1.933e-08  1.879e-05  2.824e-06 -2.773e-06  8.080e-07 
 PARAMETER  CORRELATION COEFFICIENTS  
       NO.  GLOBAL      1      3      4     18     19     20     22
        1  0.23681   1.000  0.032  0.018 -0.105 -0.111  0.078  0.010
        3  0.17508   0.032  1.000 -0.025 -0.146 -0.144  0.142 -0.008
        4  0.10040   0.018 -0.025  1.000 -0.081 -0.078  0.081 -0.019
       18  0.98341  -0.105 -0.146 -0.081  1.000  0.939 -0.964  0.363
       19  0.98316  -0.111 -0.144 -0.078  0.939  1.000 -0.964  0.366
       20  0.99506   0.078  0.142  0.081 -0.964 -0.964  1.000 -0.524
       22  0.88717   0.010 -0.008 -0.019  0.363  0.366 -0.524  1.000
MINUIT - FIT ONLY 1-CBO + other amplitudes 
 **********
 **   16 **RES 
 **********
                   PARAMETER   14  ANy2 RESTORED TO VARIABLE.
                   PARAMETER    8  phi_CBO RESTORED TO VARIABLE.
                   PARAMETER    7  w_CBO RESTORED TO VARIABLE.
                   PARAMETER    6  A_CBO RESTORED TO VARIABLE.
 **********
 **   17 **FIX            0
 **********
 PARAMETER    0  IS UNDEFINED. IGNORED.
 **********
 **   18 **FIX            1
 **********
 **********
 **   19 **FIX            2
 **********
 PARAMETER    2  IS CONSTANT.   IGNORED.
 **********
 **   20 **FIX            3
 **********
 **********
 **   21 **FIX            4
 **********
 **********
 **   22 **FIX            9
 **********
 PARAMETER    9  IS CONSTANT.   IGNORED.
 **********
 **   23 **FIX           11
 **********
 PARAMETER   11  IS CONSTANT.   IGNORED.
 **********
 **   24 **FIX           12
 **********
 PARAMETER   12  IS CONSTANT.   IGNORED.
 **********
 **   25 **FIX           14
 **********
 **********
 **   26 **FIX           15
 **********
 PARAMETER   15  IS CONSTANT.   IGNORED.
 **********
 **   27 **FIX           16
 **********
 PARAMETER   16  IS CONSTANT.   IGNORED.
 **********
 **   28 **MIGRAD
 **********
 START MIGRAD MINIMIZATION.  STRATEGY  1.  CONVERGENCE WHEN EDM .LT. 1.00e-04
 FCN=1048.73 FROM MIGRAD    STATUS=INITIATE       20 CALLS         307 TOTAL
                     EDM= unknown      STRATEGY= 1      NO ERROR MATRIX       
  EXT PARAMETER               CURRENT GUESS       STEP         FIRST   
  NO.   NAME      VALUE            ERROR          SIZE      DERIVATIVE 
   1  N0           3.43599e+06     fixed    
   2  tau          6.43981e+01   constant   
   3  A0           3.54107e-01     fixed    
   4  phi          4.11787e+00     fixed    
   5  R           -5.99112e+01   constant   
   6  A_CBO        2.61079e-03   1.00000e-05   1.00000e-05   2.63077e+04
   7  w_CBO        2.32755e+00   1.00000e-03   1.00000e-03   2.34863e+01
   8  phi_CBO      5.50755e+00   1.00000e-04   1.00000e-04  -1.39679e+00
   9  ANx2         3.16301e-04   constant   
  10  pNx2         1.53957e+00   constant   
  11  ANy1         0.00000e+00   constant   
  12  pNy1         0.00000e+00   constant   
  13  w_y          0.00000e+00   constant   
  14  ANy2         1.02217e-02     fixed    
  15  pNy2         1.44040e+00   constant   
  16  w_vw         1.43192e+01   constant   
  17  LM          -2.49463e-04   constant   
  18  wCBO_expCoeff   2.00132e+02   5.75126e-02   1.59357e-04   2.32580e-01
  19  wCBO_expOffset   2.00011e+02   8.59007e-03   2.34057e-05   1.71336e+00
  20  wCBO_expT    2.99899e+01   5.88184e-03  -1.67955e-05   5.55755e+00
  21  wCBO_linCoeff   0.00000e+00   constant   
  22  wCBO_const   2.39453e-03   8.98874e-04   7.35469e-07   8.11462e+00
 MIGRAD MINIMIZATION HAS CONVERGED.
 MIGRAD WILL VERIFY CONVERGENCE AND ERROR MATRIX.
 FCN=1016.09 FROM MIGRAD    STATUS=CONVERGED     555 CALLS         842 TOTAL
                     EDM=3.39144e-06    STRATEGY= 1      ERR MATRIX NOT POS-DEF
  EXT PARAMETER                APPROXIMATE        STEP         FIRST   
  NO.   NAME      VALUE            ERROR          SIZE      DERIVATIVE 
   1  N0           3.43599e+06     fixed    
   2  tau          6.43981e+01   constant   
   3  A0           3.54107e-01     fixed    
   4  phi          4.11787e+00     fixed    
   5  R           -5.99112e+01   constant   
   6  A_CBO        7.22661e-04   4.02088e-04   6.18213e-06  -1.67323e+00
   7  w_CBO        2.32550e+00   1.17355e-03   1.87145e-06  -9.79850e+00
   8  phi_CBO      7.12505e+00   7.42693e-01   8.62190e-03   1.09180e-03
   9  ANx2         3.16301e-04   constant   
  10  pNx2         1.53957e+00   constant   
  11  ANy1         0.00000e+00   constant   
  12  pNy1         0.00000e+00   constant   
  13  w_y          0.00000e+00   constant   
  14  ANy2         1.02217e-02     fixed    
  15  pNy2         1.44040e+00   constant   
  16  w_vw         1.43192e+01   constant   
  17  LM          -2.49463e-04   constant   
  18  wCBO_expCoeff   1.99916e+02   1.12452e-01   1.81208e-04  -8.36762e-02
  19  wCBO_expOffset   1.99979e+02   2.05327e-02   9.53575e-05  -5.56892e-01
  20  wCBO_expT    3.00200e+01   4.70999e-03   1.43146e-05  -2.15025e+00
  21  wCBO_linCoeff   0.00000e+00   constant   
  22  wCBO_const   1.88688e-03   8.39828e-04   5.68877e-06  -6.05020e+00
 EXTERNAL ERROR MATRIX.    NDIM=  25    NPAR=  7    ERR DEF=1
  1.617e-07 -4.873e-10  3.261e-06 -6.862e-09 -8.118e-07  2.604e-07 -1.888e-09 
 -4.873e-10  1.377e-06 -2.695e-05 -2.989e-05 -1.087e-05 -8.773e-07 -5.122e-07 
  3.261e-06 -2.695e-05  5.516e-01 -2.258e-03 -1.782e-03  1.301e-03 -1.213e-04 
 -6.862e-09 -2.989e-05 -2.258e-03  1.265e-02 -1.263e-03 -8.718e-05  1.892e-05 
 -8.118e-07 -1.087e-05 -1.782e-03 -1.263e-03  4.216e-04 -3.354e-05  7.190e-06 
  2.604e-07 -8.773e-07  1.301e-03 -8.718e-05 -3.354e-05  2.218e-05 -1.769e-06 
 -1.888e-09 -5.122e-07 -1.213e-04  1.892e-05  7.190e-06 -1.769e-06  7.053e-07 
ERR MATRIX NOT POS-DEF
 PARAMETER  CORRELATION COEFFICIENTS  
       NO.  GLOBAL      6      7      8     18     19     20     22
        6  0.18795   1.000 -0.001  0.011 -0.000 -0.098  0.137 -0.006
        7  0.99480  -0.001  1.000 -0.031 -0.227 -0.451 -0.159 -0.520
        8  0.67060   0.011 -0.031  1.000 -0.027 -0.117  0.372 -0.194
       18  0.99469  -0.000 -0.227 -0.027  1.000 -0.547 -0.165  0.200
       19  0.99641  -0.098 -0.451 -0.117 -0.547  1.000 -0.347  0.417
       20  0.99293   0.137 -0.159  0.372 -0.165 -0.347  1.000 -0.447
       22  0.90161  -0.006 -0.520 -0.194  0.200  0.417 -0.447  1.000
 ERR MATRIX NOT POS-DEF
MINUIT - FIT ONLY 1-CBO
 **********
 **   29 **RES 
 **********
                   PARAMETER   14  ANy2 RESTORED TO VARIABLE.
                   PARAMETER    4  phi RESTORED TO VARIABLE.
                   PARAMETER    3  A0 RESTORED TO VARIABLE.
                   PARAMETER    1  N0 RESTORED TO VARIABLE.
 **********
 **   30 **FIX            0
 **********
 PARAMETER    0  IS UNDEFINED. IGNORED.
 **********
 **   31 **FIX            1
 **********
 **********
 **   32 **FIX            2
 **********
 PARAMETER    2  IS CONSTANT.   IGNORED.
 **********
 **   33 **FIX            3
 **********
 **********
 **   34 **FIX            4
 **********
 **********
 **   35 **FIX            8
 **********
 **********
 **   36 **FIX            9
 **********
 PARAMETER    9  IS CONSTANT.   IGNORED.
 **********
 **   37 **FIX           11
 **********
 PARAMETER   11  IS CONSTANT.   IGNORED.
 **********
 **   38 **FIX           12
 **********
 PARAMETER   12  IS CONSTANT.   IGNORED.
 **********
 **   39 **FIX           13
 **********
 PARAMETER   13  IS CONSTANT.   IGNORED.
 **********
 **   40 **FIX           15
 **********
 PARAMETER   15  IS CONSTANT.   IGNORED.
 **********
 **   41 **FIX           16
 **********
 PARAMETER   16  IS CONSTANT.   IGNORED.
 **********
 **   42 **MIGRAD
 **********
 START MIGRAD MINIMIZATION.  STRATEGY  1.  CONVERGENCE WHEN EDM .LT. 1.00e-04
 FCN=1016.09 FROM MIGRAD    STATUS=INITIATE       16 CALLS         858 TOTAL
                     EDM= unknown      STRATEGY= 1      NO ERROR MATRIX       
  EXT PARAMETER               CURRENT GUESS       STEP         FIRST   
  NO.   NAME      VALUE            ERROR          SIZE      DERIVATIVE 
   1  N0           3.43599e+06     fixed    
   2  tau          6.43981e+01   constant   
   3  A0           3.54107e-01     fixed    
   4  phi          4.11787e+00     fixed    
   5  R           -5.99112e+01   constant   
   6  A_CBO        7.22661e-04   4.02088e-04   6.18213e-06  -1.67323e+00
   7  w_CBO        2.32550e+00   1.17355e-03   1.87145e-06  -9.72327e+00
   8  phi_CBO      7.12505e+00     fixed    
   9  ANx2         3.16301e-04   constant   
  10  pNx2         1.53957e+00   constant   
  11  ANy1         0.00000e+00   constant   
  12  pNy1         0.00000e+00   constant   
  13  w_y          0.00000e+00   constant   
  14  ANy2         1.02217e-02   1.00000e-04   1.00000e-04   1.29010e+05
  15  pNy2         1.44040e+00   constant   
  16  w_vw         1.43192e+01   constant   
  17  LM          -2.49463e-04   constant   
  18  wCBO_expCoeff   1.99916e+02   1.12452e-01   1.81208e-04  -8.27834e-02
  19  wCBO_expOffset   1.99979e+02   2.05327e-02   9.53575e-05  -4.79124e-01
  20  wCBO_expT    3.00200e+01   4.70999e-03   1.43146e-05  -2.11943e+00
  21  wCBO_linCoeff   0.00000e+00   constant   
  22  wCBO_const   1.88688e-03   8.39828e-04   5.68877e-06  -6.04593e+00
 MIGRAD MINIMIZATION HAS CONVERGED.
 MIGRAD WILL VERIFY CONVERGENCE AND ERROR MATRIX.
 COVARIANCE MATRIX CALCULATED SUCCESSFULLY
 FCN=351.713 FROM MIGRAD    STATUS=CONVERGED     203 CALLS        1045 TOTAL
                     EDM=2.86686e-07    STRATEGY= 1      ERROR MATRIX ACCURATE 
  EXT PARAMETER                                   STEP         FIRST   
  NO.   NAME      VALUE            ERROR          SIZE      DERIVATIVE 
   1  N0           3.43599e+06     fixed    
   2  tau          6.43981e+01   constant   
   3  A0           3.54107e-01     fixed    
   4  phi          4.11787e+00     fixed    
   5  R           -5.99112e+01   constant   
   6  A_CBO        5.66130e-05   4.33543e-04   3.63890e-06   3.80243e-01
   7  w_CBO        2.32556e+00   4.69354e-03   1.75242e-06  -2.24372e+00
   8  phi_CBO      7.12505e+00     fixed    
   9  ANx2         3.16301e-04   constant   
  10  pNx2         1.53957e+00   constant   
  11  ANy1         0.00000e+00   constant   
  12  pNy1         0.00000e+00   constant   
  13  w_y          0.00000e+00   constant   
  14  ANy2        -7.93369e-05   3.99873e-04   3.65727e-06  -7.56258e-01
  15  pNy2         1.44040e+00   constant   
  16  w_vw         1.43192e+01   constant   
  17  LM          -2.49463e-04   constant   
  18  wCBO_expCoeff   1.99922e+02   4.04859e-01   1.69109e-04  -1.98465e-02
  19  wCBO_expOffset   1.99980e+02   3.78892e-02   9.53579e-05  -1.32252e-01
  20  wCBO_expT    3.00191e+01   1.04763e-02   1.43142e-05  -4.56502e-01
  21  wCBO_linCoeff   0.00000e+00   constant   
  22  wCBO_const   1.76799e-03   2.12231e-03   4.87695e-06  -1.24747e+00
 EXTERNAL ERROR MATRIX.    NDIM=  25    NPAR=  7    ERR DEF=1
  1.880e-07 -8.373e-08  1.207e-08 -6.747e-06 -6.545e-07  9.590e-07  7.169e-08 
 -8.373e-08  2.203e-05  3.193e-09 -1.372e-03 -4.904e-05 -1.014e-05 -9.027e-06 
  1.207e-08  3.193e-09  1.599e-07  2.892e-07 -7.474e-08 -1.792e-09  6.290e-09 
 -6.747e-06 -1.372e-03  2.892e-07  1.639e-01 -4.345e-03 -8.835e-04  6.313e-04 
 -6.545e-07 -4.904e-05 -7.474e-08 -4.345e-03  1.436e-03 -5.060e-05  2.303e-05 
  9.590e-07 -1.014e-05 -1.792e-09 -8.835e-04 -5.060e-05  1.098e-04 -1.109e-06 
  7.169e-08 -9.027e-06  6.290e-09  6.313e-04  2.303e-05 -1.109e-06  4.504e-06 
 PARAMETER  CORRELATION COEFFICIENTS  
       NO.  GLOBAL      6      7     14     18     19     20     22
        6  0.40283   1.000 -0.041  0.070 -0.038 -0.040  0.211  0.078
        7  0.99917  -0.041  1.000  0.002 -0.722 -0.276 -0.206 -0.906
       14  0.07256   0.070  0.002  1.000  0.002 -0.005 -0.000  0.007
       18  0.99896  -0.038 -0.722  0.002  1.000 -0.283 -0.208  0.735
       19  0.99732  -0.040 -0.276 -0.005 -0.283  1.000 -0.127  0.286
       20  0.99627   0.211 -0.206 -0.000 -0.208 -0.127  1.000 -0.050
       22  0.96811   0.078 -0.906  0.007  0.735  0.286 -0.050  1.000
MINUIT - FIT ONLY 2-CBO
 **********
 **   43 **RES 
 **********
                   PARAMETER    8  phi_CBO RESTORED TO VARIABLE.
                   PARAMETER    4  phi RESTORED TO VARIABLE.
                   PARAMETER    3  A0 RESTORED TO VARIABLE.
                   PARAMETER    1  N0 RESTORED TO VARIABLE.
 **********
 **   44 **FIX            0
 **********
 PARAMETER    0  IS UNDEFINED. IGNORED.
 **********
 **   45 **FIX            1
 **********
 **********
 **   46 **FIX            2
 **********
 PARAMETER    2  IS CONSTANT.   IGNORED.
 **********
 **   47 **FIX            3
 **********
 **********
 **   48 **FIX            4
 **********
 **********
 **   49 **FIX            5
 **********
 PARAMETER    5  IS CONSTANT.   IGNORED.
 **********
 **   50 **FIX            6
 **********
 **********
 **   51 **FIX            7
 **********
 **********
 **   52 **FIX           10
 **********
 PARAMETER   10  IS CONSTANT.   IGNORED.
 **********
 **   53 **FIX           11
 **********
 PARAMETER   11  IS CONSTANT.   IGNORED.
 **********
 **   54 **FIX           12
 **********
 PARAMETER   12  IS CONSTANT.   IGNORED.
 **********
 **   55 **FIX           13
 **********
 PARAMETER   13  IS CONSTANT.   IGNORED.
 **********
 **   56 **FIX           14
 **********
 **********
 **   57 **FIX           15
 **********
 PARAMETER   15  IS CONSTANT.   IGNORED.
 **********
 **   58 **FIX           16
 **********
 PARAMETER   16  IS CONSTANT.   IGNORED.
 **********
 **   59 **MIGRAD
 **********
 START MIGRAD MINIMIZATION.  STRATEGY  1.  CONVERGENCE WHEN EDM .LT. 1.00e-04
 FCN=351.713 FROM MIGRAD    STATUS=INITIATE       12 CALLS        1057 TOTAL
                     EDM= unknown      STRATEGY= 1      NO ERROR MATRIX       
  EXT PARAMETER               CURRENT GUESS       STEP         FIRST   
  NO.   NAME      VALUE            ERROR          SIZE      DERIVATIVE 
   1  N0           3.43599e+06     fixed    
   2  tau          6.43981e+01   constant   
   3  A0           3.54107e-01     fixed    
   4  phi          4.11787e+00     fixed    
   5  R           -5.99112e+01   constant   
   6  A_CBO        5.66130e-05     fixed    
   7  w_CBO        2.32556e+00     fixed    
   8  phi_CBO      7.12505e+00   7.42693e-01   7.42693e-01   2.08216e-01
   9  ANx2         3.16301e-04   constant   
  10  pNx2         1.53957e+00   constant   
  11  ANy1         0.00000e+00   constant   
  12  pNy1         0.00000e+00   constant   
  13  w_y          0.00000e+00   constant   
  14  ANy2        -7.93369e-05     fixed    
  15  pNy2         1.44040e+00   constant   
  16  w_vw         1.43192e+01   constant   
  17  LM          -2.49463e-04   constant   
  18  wCBO_expCoeff   1.99922e+02   4.04859e-01   1.69109e-04  -2.00206e-02
  19  wCBO_expOffset   1.99980e+02   3.78892e-02   9.53579e-05  -1.49767e-01
  20  wCBO_expT    3.00191e+01   1.04763e-02   1.43142e-05  -4.60050e-01
  21  wCBO_linCoeff   0.00000e+00   constant   
  22  wCBO_const   1.76799e-03   2.12231e-03   4.87695e-06  -1.24731e+00
 MIGRAD MINIMIZATION HAS CONVERGED.
 MIGRAD WILL VERIFY CONVERGENCE AND ERROR MATRIX.
 COVARIANCE MATRIX CALCULATED SUCCESSFULLY
 FCN=351.531 FROM MIGRAD    STATUS=CONVERGED     127 CALLS        1172 TOTAL
                     EDM=1.02306e-07    STRATEGY= 1      ERROR MATRIX ACCURATE 
  EXT PARAMETER                                   STEP         FIRST   
  NO.   NAME      VALUE            ERROR          SIZE      DERIVATIVE 
   1  N0           3.43599e+06     fixed    
   2  tau          6.43981e+01   constant   
   3  A0           3.54107e-01     fixed    
   4  phi          4.11787e+00     fixed    
   5  R           -5.99112e+01   constant   
   6  A_CBO        5.66130e-05     fixed    
   7  w_CBO        2.32556e+00     fixed    
   8  phi_CBO      5.68834e+00   3.05689e+00   2.75192e-02  -1.24829e-04
   9  ANx2         3.16301e-04   constant   
  10  pNx2         1.53957e+00   constant   
  11  ANy1         0.00000e+00   constant   
  12  pNy1         0.00000e+00   constant   
  13  w_y          0.00000e+00   constant   
  14  ANy2        -7.93369e-05     fixed    
  15  pNy2         1.44040e+00   constant   
  16  w_vw         1.43192e+01   constant   
  17  LM          -2.49463e-04   constant   
  18  wCBO_expCoeff   1.99931e+02   2.62584e-01   1.70183e-04   1.10970e-03
  19  wCBO_expOffset   1.99981e+02   3.36538e-02   9.53586e-05   7.18321e-03
  20  wCBO_expT    3.00181e+01   1.00339e-02   1.43138e-05   1.14544e-02
  21  wCBO_linCoeff   0.00000e+00   constant   
  22  wCBO_const   1.80598e-03   8.69698e-04   4.80739e-06   1.93198e-01
 EXTERNAL ERROR MATRIX.    NDIM=  25    NPAR=  5    ERR DEF=1
  9.345e+00 -4.874e-02 -2.681e-03  3.541e-03  4.493e-05 
 -4.874e-02  6.895e-02 -6.146e-03 -1.450e-03  6.853e-05 
 -2.681e-03 -6.146e-03  1.133e-03 -7.102e-05  3.068e-06 
  3.541e-03 -1.450e-03 -7.102e-05  1.007e-04 -5.236e-06 
  4.493e-05  6.853e-05  3.068e-06 -5.236e-06  7.564e-07 
 PARAMETER  CORRELATION COEFFICIENTS  
       NO.  GLOBAL      8     18     19     20     22
        8  0.19196   1.000 -0.061 -0.026  0.115  0.017
       18  0.99750  -0.061  1.000 -0.696 -0.550  0.300
       19  0.99656  -0.026 -0.696  1.000 -0.210  0.105
       20  0.99589   0.115 -0.550 -0.210  1.000 -0.600
       22  0.79782   0.017  0.300  0.105 -0.600  1.000
MINUIT - FIT ONLY 1-y
 **********
 **   60 **RES 
 **********
                   PARAMETER   14  ANy2 RESTORED TO VARIABLE.
                   PARAMETER    7  w_CBO RESTORED TO VARIABLE.
                   PARAMETER    6  A_CBO RESTORED TO VARIABLE.
                   PARAMETER    4  phi RESTORED TO VARIABLE.
                   PARAMETER    3  A0 RESTORED TO VARIABLE.
                   PARAMETER    1  N0 RESTORED TO VARIABLE.
 **********
 **   61 **FIX            0
 **********
 PARAMETER    0  IS UNDEFINED. IGNORED.
 **********
 **   62 **FIX            1
 **********
 **********
 **   63 **FIX            2
 **********
 PARAMETER    2  IS CONSTANT.   IGNORED.
 **********
 **   64 **FIX            3
 **********
 **********
 **   65 **FIX            4
 **********
 **********
 **   66 **FIX            5
 **********
 PARAMETER    5  IS CONSTANT.   IGNORED.
 **********
 **   67 **FIX            6
 **********
 **********
 **   68 **FIX            7
 **********
 **********
 **   69 **FIX            8
 **********
 **********
 **   70 **FIX            9
 **********
 PARAMETER    9  IS CONSTANT.   IGNORED.
 **********
 **   71 **FIX           13
 **********
 PARAMETER   13  IS CONSTANT.   IGNORED.
 **********
 **   72 **FIX           14
 **********
 **********
 **   73 **FIX           15
 **********
 PARAMETER   15  IS CONSTANT.   IGNORED.
 **********
 **   74 **FIX           16
 **********
 PARAMETER   16  IS CONSTANT.   IGNORED.
 **********
 **   75 **MIGRAD
 **********
 START MIGRAD MINIMIZATION.  STRATEGY  1.  CONVERGENCE WHEN EDM .LT. 1.00e-04
 FCN=351.531 FROM MIGRAD    STATUS=INITIATE        8 CALLS        1180 TOTAL
                     EDM= unknown      STRATEGY= 1      NO ERROR MATRIX       
  EXT PARAMETER               CURRENT GUESS       STEP         FIRST   
  NO.   NAME      VALUE            ERROR          SIZE      DERIVATIVE 
   1  N0           3.43599e+06     fixed    
   2  tau          6.43981e+01   constant   
   3  A0           3.54107e-01     fixed    
   4  phi          4.11787e+00     fixed    
   5  R           -5.99112e+01   constant   
   6  A_CBO        5.66130e-05     fixed    
   7  w_CBO        2.32556e+00     fixed    
   8  phi_CBO      5.68834e+00     fixed    
   9  ANx2         3.16301e-04   constant   
  10  pNx2         1.53957e+00   constant   
  11  ANy1         0.00000e+00   constant   
  12  pNy1         0.00000e+00   constant   
  13  w_y          0.00000e+00   constant   
  14  ANy2        -7.93369e-05     fixed    
  15  pNy2         1.44040e+00   constant   
  16  w_vw         1.43192e+01   constant   
  17  LM          -2.49463e-04   constant   
  18  wCBO_expCoeff   1.99931e+02   2.62584e-01   1.70183e-04   1.03848e-03
  19  wCBO_expOffset   1.99981e+02   3.36538e-02   9.53586e-05  -1.37947e-02
  20  wCBO_expT    3.00181e+01   1.00339e-02   1.43138e-05   6.01391e-03
  21  wCBO_linCoeff   0.00000e+00   constant   
  22  wCBO_const   1.80598e-03   8.69698e-04   4.80739e-06   1.94020e-01
 MIGRAD MINIMIZATION HAS CONVERGED.
 MIGRAD WILL VERIFY CONVERGENCE AND ERROR MATRIX.
 COVARIANCE MATRIX CALCULATED SUCCESSFULLY
 FCN=351.531 FROM MIGRAD    STATUS=CONVERGED      50 CALLS        1222 TOTAL
                     EDM=2.07003e-08    STRATEGY= 1      ERROR MATRIX ACCURATE 
  EXT PARAMETER                                   STEP         FIRST   
  NO.   NAME      VALUE            ERROR          SIZE      DERIVATIVE 
   1  N0           3.43599e+06     fixed    
   2  tau          6.43981e+01   constant   
   3  A0           3.54107e-01     fixed    
   4  phi          4.11787e+00     fixed    
   5  R           -5.99112e+01   constant   
   6  A_CBO        5.66130e-05     fixed    
   7  w_CBO        2.32556e+00     fixed    
   8  phi_CBO      5.68834e+00     fixed    
   9  ANx2         3.16301e-04   constant   
  10  pNx2         1.53957e+00   constant   
  11  ANy1         0.00000e+00   constant   
  12  pNy1         0.00000e+00   constant   
  13  w_y          0.00000e+00   constant   
  14  ANy2        -7.93369e-05     fixed    
  15  pNy2         1.44040e+00   constant   
  16  w_vw         1.43192e+01   constant   
  17  LM          -2.49463e-04   constant   
  18  wCBO_expCoeff   1.99931e+02   2.62098e-01   1.70271e-04  -2.15384e-03
  19  wCBO_expOffset   1.99981e+02   3.36439e-02   9.53586e-05  -1.45519e-02
  20  wCBO_expT    3.00181e+01   9.96703e-03   1.43138e-05  -6.17044e-02
  21  wCBO_linCoeff   0.00000e+00   constant   
  22  wCBO_const   1.80595e-03   8.69583e-04   4.80702e-06  -1.13890e-02
 EXTERNAL ERROR MATRIX.    NDIM=  25    NPAR=  4    ERR DEF=1
  6.870e-02 -6.161e-03 -1.431e-03  6.876e-05 
 -6.161e-03  1.132e-03 -7.003e-05  3.082e-06 
 -1.431e-03 -7.003e-05  9.934e-05 -5.253e-06 
  6.876e-05  3.082e-06 -5.253e-06  7.562e-07 
 PARAMETER  CORRELATION COEFFICIENTS  
       NO.  GLOBAL     18     19     20     22
       18  0.99749   1.000 -0.699 -0.548  0.302
       19  0.99656  -0.699  1.000 -0.209  0.105
       20  0.99584  -0.548 -0.209  1.000 -0.606
       22  0.79776   0.302  0.105 -0.606  1.000
MINUIT - FIT ONLY 2-y
 **********
 **   76 **RES 
 **********
                   PARAMETER   14  ANy2 RESTORED TO VARIABLE.
                   PARAMETER    8  phi_CBO RESTORED TO VARIABLE.
                   PARAMETER    7  w_CBO RESTORED TO VARIABLE.
                   PARAMETER    6  A_CBO RESTORED TO VARIABLE.
                   PARAMETER    4  phi RESTORED TO VARIABLE.
                   PARAMETER    3  A0 RESTORED TO VARIABLE.
                   PARAMETER    1  N0 RESTORED TO VARIABLE.
 **********
 **   77 **FIX            0
 **********
 PARAMETER    0  IS UNDEFINED. IGNORED.
 **********
 **   78 **FIX            1
 **********
 **********
 **   79 **FIX            2
 **********
 PARAMETER    2  IS CONSTANT.   IGNORED.
 **********
 **   80 **FIX            3
 **********
 **********
 **   81 **FIX            4
 **********
 **********
 **   82 **FIX            5
 **********
 PARAMETER    5  IS CONSTANT.   IGNORED.
 **********
 **   83 **FIX            6
 **********
 **********
 **   84 **FIX            7
 **********
 **********
 **   85 **FIX            8
 **********
 **********
 **   86 **FIX            9
 **********
 PARAMETER    9  IS CONSTANT.   IGNORED.
 **********
 **   87 **FIX           10
 **********
 PARAMETER   10  IS CONSTANT.   IGNORED.
 **********
 **   88 **FIX           11
 **********
 PARAMETER   11  IS CONSTANT.   IGNORED.
 **********
 **   89 **FIX           12
 **********
 PARAMETER   12  IS CONSTANT.   IGNORED.
 **********
 **   90 **FIX           16
 **********
 PARAMETER   16  IS CONSTANT.   IGNORED.
 **********
 **   91 **MIGRAD
 **********
 START MIGRAD MINIMIZATION.  STRATEGY  1.  CONVERGENCE WHEN EDM .LT. 1.00e-04
 FCN=351.531 FROM MIGRAD    STATUS=INITIATE       10 CALLS        1232 TOTAL
                     EDM= unknown      STRATEGY= 1      NO ERROR MATRIX       
  EXT PARAMETER               CURRENT GUESS       STEP         FIRST   
  NO.   NAME      VALUE            ERROR          SIZE      DERIVATIVE 
   1  N0           3.43599e+06     fixed    
   2  tau          6.43981e+01   constant   
   3  A0           3.54107e-01     fixed    
   4  phi          4.11787e+00     fixed    
   5  R           -5.99112e+01   constant   
   6  A_CBO        5.66130e-05     fixed    
   7  w_CBO        2.32556e+00     fixed    
   8  phi_CBO      5.68834e+00     fixed    
   9  ANx2         3.16301e-04   constant   
  10  pNx2         1.53957e+00   constant   
  11  ANy1         0.00000e+00   constant   
  12  pNy1         0.00000e+00   constant   
  13  w_y          0.00000e+00   constant   
  14  ANy2        -7.93369e-05   3.99873e-04   3.99873e-04   4.93153e+01
  15  pNy2         1.44040e+00   constant   
  16  w_vw         1.43192e+01   constant   
  17  LM          -2.49463e-04   constant   
  18  wCBO_expCoeff   1.99931e+02   2.62098e-01   1.70271e-04  -2.22488e-03
  19  wCBO_expOffset   1.99981e+02   3.36439e-02   9.53586e-05  -3.55256e-02
  20  wCBO_expT    3.00181e+01   9.96703e-03   1.43138e-05  -6.71427e-02
  21  wCBO_linCoeff   0.00000e+00   constant   
  22  wCBO_const   1.80595e-03   8.69583e-04   4.80702e-06  -1.12569e-02
 MIGRAD MINIMIZATION HAS CONVERGED.
 MIGRAD WILL VERIFY CONVERGENCE AND ERROR MATRIX.
 COVARIANCE MATRIX CALCULATED SUCCESSFULLY
 FCN=351.531 FROM MIGRAD    STATUS=CONVERGED      54 CALLS        1276 TOTAL
                     EDM=1.92639e-07    STRATEGY= 1      ERROR MATRIX ACCURATE 
  EXT PARAMETER                                   STEP         FIRST   
  NO.   NAME      VALUE            ERROR          SIZE      DERIVATIVE 
   1  N0           3.43599e+06     fixed    
   2  tau          6.43981e+01   constant   
   3  A0           3.54107e-01     fixed    
   4  phi          4.11787e+00     fixed    
   5  R           -5.99112e+01   constant   
   6  A_CBO        5.66130e-05     fixed    
   7  w_CBO        2.32556e+00     fixed    
   8  phi_CBO      5.68834e+00     fixed    
   9  ANx2         3.16301e-04   constant   
  10  pNx2         1.53957e+00   constant   
  11  ANy1         0.00000e+00   constant   
  12  pNy1         0.00000e+00   constant   
  13  w_y          0.00000e+00   constant   
  14  ANy2        -8.32589e-05   3.98892e-04   3.65633e-06  -4.97416e-03
  15  pNy2         1.44040e+00   constant   
  16  w_vw         1.43192e+01   constant   
  17  LM          -2.49463e-04   constant   
  18  wCBO_expCoeff   1.99931e+02   2.61893e-01   1.70271e-04   1.91016e-02
  19  wCBO_expOffset   1.99981e+02   3.36068e-02   9.53586e-05   1.27131e-01
  20  wCBO_expT    3.00181e+01   9.96575e-03   1.43138e-05   3.57331e-01
  21  wCBO_linCoeff   0.00000e+00   constant   
  22  wCBO_const   1.80595e-03   8.69612e-04   4.80701e-06   7.41324e-01
 EXTERNAL ERROR MATRIX.    NDIM=  25    NPAR=  5    ERR DEF=1
  1.591e-07  1.062e-06 -3.032e-09 -5.378e-08  5.260e-09 
  1.062e-06  6.859e-02 -6.145e-03 -1.431e-03  6.874e-05 
 -3.032e-09 -6.145e-03  1.129e-03 -6.998e-05  3.079e-06 
 -5.378e-08 -1.431e-03 -6.998e-05  9.932e-05 -5.252e-06 
  5.260e-09  6.874e-05  3.079e-06 -5.252e-06  7.562e-07 
 PARAMETER  CORRELATION COEFFICIENTS  
       NO.  GLOBAL     14     18     19     20     22
       14  0.01896   1.000  0.010 -0.000 -0.014  0.015
       18  0.99748   0.010  1.000 -0.698 -0.548  0.302
       19  0.99655  -0.000 -0.698  1.000 -0.209  0.105
       20  0.99584  -0.014 -0.548 -0.209  1.000 -0.606
       22  0.79772   0.015  0.302  0.105 -0.606  1.000
MINUIT - FIT ALTOGETHER
 **********
 **   92 **RES 
 **********
                   PARAMETER    8  phi_CBO RESTORED TO VARIABLE.
                   PARAMETER    7  w_CBO RESTORED TO VARIABLE.
                   PARAMETER    6  A_CBO RESTORED TO VARIABLE.
                   PARAMETER    4  phi RESTORED TO VARIABLE.
                   PARAMETER    3  A0 RESTORED TO VARIABLE.
                   PARAMETER    1  N0 RESTORED TO VARIABLE.
 **********
 **   93 **MIGRAD
 **********
 START MIGRAD MINIMIZATION.  STRATEGY  1.  CONVERGENCE WHEN EDM .LT. 1.00e-04
 FCN=351.531 FROM MIGRAD    STATUS=INITIATE       22 CALLS        1298 TOTAL
                     EDM= unknown      STRATEGY= 1      NO ERROR MATRIX       
  EXT PARAMETER               CURRENT GUESS       STEP         FIRST   
  NO.   NAME      VALUE            ERROR          SIZE      DERIVATIVE 
   1  N0           3.43599e+06   9.94075e+02   9.94075e+02   5.05603e-05
   2  tau          6.43981e+01   constant   
   3  A0           3.54107e-01   3.68469e-04   3.68469e-04   4.37246e+02
   4  phi          4.11787e+00   1.10398e-03   1.10398e-03  -2.24264e+02
   5  R           -5.99112e+01   constant   
   6  A_CBO        5.66130e-05   4.33543e-04   4.33543e-04  -3.20834e+03
   7  w_CBO        2.32556e+00   4.69354e-03   4.69354e-03   1.94547e+00
   8  phi_CBO      5.68834e+00   3.05689e+00   3.05689e+00   5.20809e-05
   9  ANx2         3.16301e-04   constant   
  10  pNx2         1.53957e+00   constant   
  11  ANy1         0.00000e+00   constant   
  12  pNy1         0.00000e+00   constant   
  13  w_y          0.00000e+00   constant   
  14  ANy2        -8.32589e-05   3.98892e-04   3.65633e-06  -4.97405e-03
  15  pNy2         1.44040e+00   constant   
  16  w_vw         1.43192e+01   constant   
  17  LM          -2.49463e-04   constant   
  18  wCBO_expCoeff   1.99931e+02   2.61893e-01   1.70271e-04   1.88899e-02
  19  wCBO_expOffset   1.99981e+02   3.36068e-02   9.53586e-05   1.06104e-01
  20  wCBO_expT    3.00181e+01   9.96575e-03   1.43138e-05   3.53189e-01
  21  wCBO_linCoeff   0.00000e+00   constant   
  22  wCBO_const   1.80595e-03   8.69612e-04   4.80701e-06   7.42140e-01
 MIGRAD MINIMIZATION HAS CONVERGED.
 FCN=351.006 FROM MIGRAD    STATUS=CONVERGED     240 CALLS        1516 TOTAL
                     EDM=1.96283e-07    STRATEGY= 1  ERROR MATRIX UNCERTAINTY   2.1 per cent
  EXT PARAMETER                                   STEP         FIRST   
  NO.   NAME      VALUE            ERROR          SIZE      DERIVATIVE 
   1  N0           3.43600e+06   9.71549e+02  -7.28446e-01   9.90817e-08
   2  tau          6.43981e+01   constant   
