 + ++++++++++++++++++++++++++++++++++++++++++++++++++++++++++++++++++++ +
 +                                                                      +
 +           You have chose to blind your fitting according to          +
 +                omega_ref * (1 + (R +/- deltaR) *10^{-6})             +
 +                                                                      +
 + ++++++++++++++++++++++++++++++++++++++++++++++++++++++++++++++++++++ +
In main()...
reading format from /gm2data/zkhechad/run45/envelope/formats/formatB_sBin_constraintOn.txt
pBinTau 	= 0  
pBinPhi 	= 0  
constraintau 	= 1 
includeMopTerm 	= 0    
constrainMop    = 0   
Parameters after format file: pBinTau 0 pBinPhi 0 constraintau 1 includeMopTerm 0 constrainMop 0 c_e_scale 0.000000 
reading cbo reference file (full fit) from /gm2data/zkhechad/cboTemplates/Run4CBOTemplates/fullFits/run4/sBin_constraintOn_cE0.0_seed0_run4_calo12.root
A_CBO 0.007990 w_CBO 2.327632 phi_CBO 5.471864 N0 3435893.469287 R -59.911173 tau 64.398066 
Reading cboRef file /gm2data/zkhechad/cboTemplates/Run4CBOTemplates//cboIsolate/run4_calo12.root
deltaT 76.589520
windowBins = 510
fitting sliding window 980 from bin 1183 at 176.503600 to bin 1693 at 252.595600 (510 bins)

Reading data from /gm2data/cornell/histograms/aMethod/histogram_a_run4.root
fitting cbo isolate
 **********
 **    1 **SET PRINTOUT            1
 **********
 **********
 **    2 **SET NOWARNINGS 
 **********
 PARAMETER DEFINITIONS:
    NO.   NAME         VALUE      STEP SIZE      LIMITS
     1 A_CBO        7.98954e-03  1.00000e-05     no limits
     2 w_CBO        2.32763e+00  1.00000e-02    2.00000e+00  3.00000e+00
     3 phi_CBO      5.47186e+00  1.00000e-02    0.00000e+00  6.28319e+00
 **********
 **    3 **MIGRAD
 **********
 FIRST CALL TO USER FUNCTION AT NEW START POINT, WITH IFLAG=4.
 START MIGRAD MINIMIZATION.  STRATEGY  1.  CONVERGENCE WHEN EDM .LT. 1.00e-04
 FCN=0.00689372 FROM MIGRAD    STATUS=INITIATE       12 CALLS          13 TOTAL
                     EDM= unknown      STRATEGY= 1      NO ERROR MATRIX       
  EXT PARAMETER               CURRENT GUESS       STEP         FIRST   
  NO.   NAME      VALUE            ERROR          SIZE      DERIVATIVE 
   1  A_CBO        7.98954e-03   1.00000e-05   1.00000e-05   2.26199e+00
   2  w_CBO        2.32763e+00   1.00000e-02   2.13083e-02  -1.61622e-02
   3  phi_CBO      5.47186e+00   1.00000e-02   4.74617e-03   4.00596e-04
 MIGRAD MINIMIZATION HAS CONVERGED.
 MIGRAD WILL VERIFY CONVERGENCE AND ERROR MATRIX.
 COVARIANCE MATRIX CALCULATED SUCCESSFULLY
 FCN=0.00189635 FROM MIGRAD    STATUS=CONVERGED      41 CALLS          42 TOTAL
                     EDM=2.61481e-06    STRATEGY= 1      ERROR MATRIX ACCURATE 
  EXT PARAMETER                                   STEP         FIRST   
  NO.   NAME      VALUE            ERROR          SIZE      DERIVATIVE 
   1  A_CBO        3.57038e-03   6.26664e-02   3.05533e-05   3.50091e-05
   2  w_CBO        2.32768e+00   6.63408e-01   8.56600e-05   1.13240e-02
   3  phi_CBO      5.45846e+00   3.73100e+00   4.03308e-03  -2.16988e-04
 EXTERNAL ERROR MATRIX.    NDIM=  25    NPAR=  3    ERR DEF=1
  3.927e-03 -2.364e-03 -4.889e-01 
 -2.364e-03  2.964e-01  6.236e+01 
 -4.889e-01  6.236e+01  1.342e+04 
 PARAMETER  CORRELATION COEFFICIENTS  
       NO.  GLOBAL      1      2      3
        1  0.06973   1.000 -0.069 -0.067
        2  0.98852  -0.069  1.000  0.989
        3  0.98852  -0.067  0.989  1.000
setting A_CBO=0.003570 w_CBO=2.327685, phi_CBO=5.458456
done fitting cbo isolate
 **********
 **    1 **SET PRINTOUT            1
 **********
 **********
 **    2 **SET NOWARNINGS 
 **********
 PARAMETER DEFINITIONS:
    NO.   NAME         VALUE      STEP SIZE      LIMITS
     1 N0           3.43589e+06  1.00000e+02     no limits
     2 tau          6.43981e+01  constant
     3 A0           3.53663e-01  1.00000e-04     no limits
     4 phi          4.11774e+00  1.00000e-02     no limits
     5 R           -5.99112e+01  constant
     6 A_CBO        3.57038e-03  1.00000e-05     no limits
     7 w_CBO        2.32768e+00  1.00000e-03     no limits
     8 phi_CBO      5.45846e+00  1.00000e-04     no limits
     9 ANx2         3.16301e-04  constant
    10 pNx2         1.53957e+00  constant
    11 ANy1         0.00000e+00  constant
    12 pNy1         0.00000e+00  constant
    13 w_y          0.00000e+00  constant
    14 ANy2         1.02217e-02  1.00000e-04     no limits
    15 pNy2         1.44040e+00  constant
    16 w_vw         1.43192e+01  constant
    17 LM          -2.49463e-04  constant
    18 wCBO_expCoeff   2.00000e+02  1.00000e+00     no limits
    19 wCBO_expOffset   2.00000e+02  1.00000e+00     no limits
    20 wCBO_expT    3.00000e+01  1.00000e+00     no limits
    21 wCBO_linCoeff   0.00000e+00  constant
    22 wCBO_const   0.00000e+00  1.00000e-02     no limits
MINUIT - FIT ONLY WIGGLE
 **********
 **    3 **FIX            5
 **********
 PARAMETER    5  IS CONSTANT.   IGNORED.
 **********
 **    4 **FIX            6
 **********
 **********
 **    5 **FIX            7
 **********
 **********
 **    6 **FIX            8
 **********
 **********
 **    7 **FIX            9
 **********
 PARAMETER    9  IS CONSTANT.   IGNORED.
 **********
 **    8 **FIX           10
 **********
 PARAMETER   10  IS CONSTANT.   IGNORED.
 **********
 **    9 **FIX           11
 **********
 PARAMETER   11  IS CONSTANT.   IGNORED.
 **********
 **   10 **FIX           12
 **********
 PARAMETER   12  IS CONSTANT.   IGNORED.
 **********
 **   11 **FIX           13
 **********
 PARAMETER   13  IS CONSTANT.   IGNORED.
 **********
 **   12 **FIX           14
 **********
 **********
 **   13 **FIX           15
 **********
 PARAMETER   15  IS CONSTANT.   IGNORED.
 **********
 **   14 **FIX           16
 **********
 PARAMETER   16  IS CONSTANT.   IGNORED.
 **********
 **   15 **MIGRAD
 **********
 FIRST CALL TO USER FUNCTION AT NEW START POINT, WITH IFLAG=4.
 START MIGRAD MINIMIZATION.  STRATEGY  1.  CONVERGENCE WHEN EDM .LT. 1.00e-04
 FCN=3063.08 FROM MIGRAD    STATUS=INITIATE       61 CALLS          62 TOTAL
                     EDM= unknown      STRATEGY= 1      NO ERROR MATRIX       
  EXT PARAMETER               CURRENT GUESS       STEP         FIRST   
  NO.   NAME      VALUE            ERROR          SIZE      DERIVATIVE 
   1  N0           3.43589e+06   1.00000e+02   0.00000e+00   1.01409e-03
   2  tau          6.43981e+01   constant   
   3  A0           3.53663e-01   1.00000e-04   0.00000e+00   3.68650e+03
   4  phi          4.11774e+00   1.00000e-02   0.00000e+00   4.78019e+03
   5  R           -5.99112e+01   constant   
   6  A_CBO        3.57038e-03     fixed    
   7  w_CBO        2.32768e+00     fixed    
   8  phi_CBO      5.45846e+00     fixed    
   9  ANx2         3.16301e-04   constant   
  10  pNx2         1.53957e+00   constant   
  11  ANy1         0.00000e+00   constant   
  12  pNy1         0.00000e+00   constant   
  13  w_y          0.00000e+00   constant   
  14  ANy2         1.02217e-02     fixed    
  15  pNy2         1.44040e+00   constant   
  16  w_vw         1.43192e+01   constant   
  17  LM          -2.49463e-04   constant   
  18  wCBO_expCoeff   2.00000e+02   1.00000e+00   0.00000e+00  -4.42413e+03
  19  wCBO_expOffset   2.00000e+02   1.00000e+00   0.00000e+00  -3.88709e+04
  20  wCBO_expT    2.99989e+01   1.00000e+00  -1.06155e-03  -5.95883e+04
  21  wCBO_linCoeff   0.00000e+00   constant   
  22  wCBO_const   0.00000e+00   1.00000e-02   0.00000e+00   8.33322e+02
 MIGRAD FAILS TO FIND IMPROVEMENT
 COVARIANCE MATRIX CALCULATED SUCCESSFULLY
 FCN=3013.4 FROM HESSE     STATUS=OK             54 CALLS         227 TOTAL
                     EDM=0.00255679    STRATEGY= 1      ERROR MATRIX ACCURATE 
  EXT PARAMETER                                   STEP         FIRST   
  NO.   NAME      VALUE            ERROR          SIZE      DERIVATIVE 
   1  N0           3.43592e+06   4.97424e+02   1.32423e+01  -4.65791e-05
   2  tau          6.43981e+01   constant   
   3  A0           3.53683e-01   1.96802e-04   5.20464e-06   1.53113e+01
   4  phi          4.11734e+00   5.90622e-04   1.52777e-05   7.42146e+01
   5  R           -5.99112e+01   constant   
   6  A_CBO        3.57038e-03     fixed    
   7  w_CBO        2.32768e+00     fixed    
   8  phi_CBO      5.45846e+00     fixed    
   9  ANx2         3.16301e-04   constant   
  10  pNx2         1.53957e+00   constant   
  11  ANy1         0.00000e+00   constant   
  12  pNy1         0.00000e+00   constant   
  13  w_y          0.00000e+00   constant   
  14  ANy2         1.02217e-02     fixed    
  15  pNy2         1.44040e+00   constant   
  16  w_vw         1.43192e+01   constant   
  17  LM          -2.49463e-04   constant   
  18  wCBO_expCoeff   2.00003e+02   9.26510e-04   9.53689e-05  -7.27560e+01
  19  wCBO_expOffset   2.00001e+02   5.55964e-05   9.53677e-05  -5.04337e+02
  20  wCBO_expT    2.99999e+01   1.35405e-04   1.43051e-05   9.16970e+02
  21  wCBO_linCoeff   0.00000e+00   constant   
  22  wCBO_const  -5.19932e-03   8.03639e-04   4.40753e-06  -3.84418e+01
 MIGRAD FAILS TO FIND IMPROVEMENT
 MIGRAD TERMINATED WITHOUT CONVERGENCE.
 FCN=3013.4 FROM MIGRAD    STATUS=FAILED        264 CALLS         265 TOTAL
                     EDM=0.0010199    STRATEGY= 1  ERROR MATRIX UNCERTAINTY   0.5 per cent
  EXT PARAMETER                APPROXIMATE        STEP         FIRST   
  NO.   NAME      VALUE            ERROR          SIZE      DERIVATIVE 
   1  N0           3.43593e+06   5.03833e+02   0.00000e+00   3.42964e-06
   2  tau          6.43981e+01   constant   
   3  A0           3.53681e-01   1.96564e-04   0.00000e+00  -1.30600e+01
   4  phi          4.11732e+00   5.89337e-04  -0.00000e+00  -1.23026e+01
   5  R           -5.99112e+01   constant   
   6  A_CBO        3.57038e-03     fixed    
   7  w_CBO        2.32768e+00     fixed    
   8  phi_CBO      5.45846e+00     fixed    
   9  ANx2         3.16301e-04   constant   
  10  pNx2         1.53957e+00   constant   
  11  ANy1         0.00000e+00   constant   
  12  pNy1         0.00000e+00   constant   
  13  w_y          0.00000e+00   constant   
  14  ANy2         1.02217e-02     fixed    
  15  pNy2         1.44040e+00   constant   
  16  w_vw         1.43192e+01   constant   
  17  LM          -2.49463e-04   constant   
  18  wCBO_expCoeff   2.00003e+02   1.27747e-03  -0.00000e+00  -2.11424e+01
  19  wCBO_expOffset   2.00001e+02   1.29924e-04   0.00000e+00  -1.87168e+03
  20  wCBO_expT    2.99999e+01   1.33923e-04  -0.00000e+00   6.18372e+01
  21  wCBO_linCoeff   0.00000e+00   constant   
  22  wCBO_const  -5.16622e-03   7.74974e-04   0.00000e+00  -1.44692e+01
 EXTERNAL ERROR MATRIX.    NDIM=  25    NPAR=  7    ERR DEF=1
  2.538e+05  4.687e-04 -7.833e-03 -1.084e-01  1.614e-02 -6.491e-04  1.437e-03 
  4.687e-04  3.864e-08  1.607e-09  2.401e-09  1.963e-09  2.486e-09 -8.466e-09 
 -7.833e-03  1.607e-09  3.473e-07  2.004e-07 -1.487e-08  1.340e-08 -7.112e-08 
 -1.084e-01  2.401e-09  2.004e-07  1.632e-06 -1.079e-07  1.504e-07 -7.415e-07 
  1.614e-02  1.963e-09 -1.487e-08 -1.079e-07  1.688e-08 -3.953e-09  1.128e-09 
 -6.491e-04  2.486e-09  1.340e-08  1.504e-07 -3.953e-09  1.794e-08 -9.563e-08 
  1.437e-03 -8.466e-09 -7.112e-08 -7.415e-07  1.128e-09 -9.563e-08  6.006e-07 
ERR MATRIX APPROXIMATE
 PARAMETER  CORRELATION COEFFICIENTS  
       NO.  GLOBAL      1      3      4     18     19     20     22
        1  0.77931   1.000  0.005 -0.026 -0.168  0.247 -0.010  0.004
        3  0.47951   0.005  1.000  0.014  0.010  0.077  0.094 -0.056
        4  0.79753  -0.026  0.014  1.000  0.266 -0.194  0.170 -0.156
       18  0.99958  -0.168  0.010  0.266  1.000 -0.650  0.879 -0.749
       19  0.99843   0.247  0.077 -0.194 -0.650  1.000 -0.227  0.011
       20  0.99846  -0.010  0.094  0.170  0.879 -0.227  1.000 -0.921
       22  0.99476   0.004 -0.056 -0.156 -0.749  0.011 -0.921  1.000
 ERR MATRIX APPROXIMATE
MINUIT - FIT ONLY 1-CBO + other amplitudes 
 **********
 **   16 **RES 
 **********
                   PARAMETER   14  ANy2 RESTORED TO VARIABLE.
                   PARAMETER    8  phi_CBO RESTORED TO VARIABLE.
                   PARAMETER    7  w_CBO RESTORED TO VARIABLE.
                   PARAMETER    6  A_CBO RESTORED TO VARIABLE.
 **********
 **   17 **FIX            0
 **********
 PARAMETER    0  IS UNDEFINED. IGNORED.
 **********
 **   18 **FIX            1
 **********
 **********
 **   19 **FIX            2
 **********
 PARAMETER    2  IS CONSTANT.   IGNORED.
 **********
 **   20 **FIX            3
 **********
 **********
 **   21 **FIX            4
 **********
 **********
 **   22 **FIX            9
 **********
 PARAMETER    9  IS CONSTANT.   IGNORED.
 **********
 **   23 **FIX           11
 **********
 PARAMETER   11  IS CONSTANT.   IGNORED.
 **********
 **   24 **FIX           12
 **********
 PARAMETER   12  IS CONSTANT.   IGNORED.
 **********
 **   25 **FIX           14
 **********
 **********
 **   26 **FIX           15
 **********
 PARAMETER   15  IS CONSTANT.   IGNORED.
 **********
 **   27 **FIX           16
 **********
 PARAMETER   16  IS CONSTANT.   IGNORED.
 **********
 **   28 **MIGRAD
 **********
 START MIGRAD MINIMIZATION.  STRATEGY  1.  CONVERGENCE WHEN EDM .LT. 1.00e-04
 FCN=3013.4 FROM MIGRAD    STATUS=INITIATE       22 CALLS         287 TOTAL
                     EDM= unknown      STRATEGY= 1      NO ERROR MATRIX       
  EXT PARAMETER               CURRENT GUESS       STEP         FIRST   
  NO.   NAME      VALUE            ERROR          SIZE      DERIVATIVE 
   1  N0           3.43593e+06     fixed    
   2  tau          6.43981e+01   constant   
   3  A0           3.53681e-01     fixed    
   4  phi          4.11732e+00     fixed    
   5  R           -5.99112e+01   constant   
   6  A_CBO        3.57038e-03   1.00000e-05   1.00000e-05   9.39296e+04
   7  w_CBO        2.32768e+00   1.00000e-03   1.00000e-03  -1.82408e+03
   8  phi_CBO      5.45846e+00   1.00000e-04   1.00000e-04  -6.92217e+00
   9  ANx2         3.16301e-04   constant   
  10  pNx2         1.53957e+00   constant   
  11  ANy1         0.00000e+00   constant   
  12  pNy1         0.00000e+00   constant   
  13  w_y          0.00000e+00   constant   
  14  ANy2         1.02217e-02     fixed    
  15  pNy2         1.44040e+00   constant   
  16  w_vw         1.43192e+01   constant   
  17  LM          -2.49463e-04   constant   
  18  wCBO_expCoeff   2.00003e+02   1.27747e-03  -0.00000e+00  -2.11424e+01
  19  wCBO_expOffset   2.00001e+02   1.29924e-04   0.00000e+00  -1.87168e+03
  20  wCBO_expT    2.99999e+01   1.33923e-04  -0.00000e+00   6.18372e+01
  21  wCBO_linCoeff   0.00000e+00   constant   
  22  wCBO_const  -5.16622e-03   7.74974e-04   0.00000e+00  -1.44693e+01
 MIGRAD FAILS TO FIND IMPROVEMENT
 COVARIANCE MATRIX CALCULATED SUCCESSFULLY
 FCN=2919.11 FROM HESSE     STATUS=OK             52 CALLS         565 TOTAL
                     EDM=0.00478506    STRATEGY= 1      ERROR MATRIX ACCURATE 
  EXT PARAMETER                                   STEP         FIRST   
  NO.   NAME      VALUE            ERROR          SIZE      DERIVATIVE 
   1  N0           3.43593e+06     fixed    
   2  tau          6.43981e+01   constant   
   3  A0           3.53681e-01     fixed    
   4  phi          4.11732e+00     fixed    
   5  R           -5.99112e+01   constant   
   6  A_CBO        1.58171e-03   2.19237e-04   5.41808e-06  -1.85641e+02
   7  w_CBO        2.32768e+00   1.38005e-05   1.10992e-06  -2.61493e+04
   8  phi_CBO      5.81335e+00   2.97017e-01   3.37821e-03   5.94809e-01
   9  ANx2         3.16301e-04   constant   
  10  pNx2         1.53957e+00   constant   
  11  ANy1         0.00000e+00   constant   
  12  pNy1         0.00000e+00   constant   
  13  w_y          0.00000e+00   constant   
  14  ANy2         1.02217e-02     fixed    
  15  pNy2         1.44040e+00   constant   
  16  w_vw         1.43192e+01   constant   
  17  LM          -2.49463e-04   constant   
  18  wCBO_expCoeff   2.00003e+02   1.18772e-03   9.53686e-05  -3.03430e+02
  19  wCBO_expOffset   2.00001e+02   6.65746e-05   9.53677e-05  -2.03821e+03
  20  wCBO_expT    2.99999e+01   2.03898e-04   1.43050e-05   9.29232e+02
  21  wCBO_linCoeff   0.00000e+00   constant   
  22  wCBO_const  -4.14134e-03   1.38992e-03   6.18182e-06  -1.77916e+02
 MIGRAD FAILS TO FIND IMPROVEMENT
 MIGRAD TERMINATED WITHOUT CONVERGENCE.
 FCN=2919.1 FROM MIGRAD    STATUS=FAILED        364 CALLS         629 TOTAL
                     EDM=0.00533807    STRATEGY= 1  ERROR MATRIX UNCERTAINTY   9.6 per cent
  EXT PARAMETER                APPROXIMATE        STEP         FIRST   
  NO.   NAME      VALUE            ERROR          SIZE      DERIVATIVE 
   1  N0           3.43593e+06     fixed    
   2  tau          6.43981e+01   constant   
   3  A0           3.53681e-01     fixed    
   4  phi          4.11732e+00     fixed    
   5  R           -5.99112e+01   constant   
   6  A_CBO        1.58433e-03   2.13149e-04   0.00000e+00  -9.14342e+01
   7  w_CBO        2.32768e+00   1.34646e-05   0.00000e+00   6.40876e+03
   8  phi_CBO      5.79621e+00   3.07867e-01  -0.00000e+00  -5.53179e-02
   9  ANx2         3.16301e-04   constant   
  10  pNx2         1.53957e+00   constant   
  11  ANy1         0.00000e+00   constant   
  12  pNy1         0.00000e+00   constant   
  13  w_y          0.00000e+00   constant   
  14  ANy2         1.02217e-02     fixed    
  15  pNy2         1.44040e+00   constant   
  16  w_vw         1.43192e+01   constant   
  17  LM          -2.49463e-04   constant   
  18  wCBO_expCoeff   2.00003e+02   1.15833e-03   0.00000e+00   7.44038e+01
  19  wCBO_expOffset   2.00001e+02   4.81337e-05   0.00000e+00  -2.63959e+03
  20  wCBO_expT    2.99999e+01   1.98002e-04   0.00000e+00  -2.96370e+02
  21  wCBO_linCoeff   0.00000e+00   constant   
  22  wCBO_const  -4.21381e-03   1.41662e-03  -0.00000e+00   4.99691e+01
 EXTERNAL ERROR MATRIX.    NDIM=  25    NPAR=  7    ERR DEF=1
  4.543e-08 -2.039e-10 -5.271e-06 -1.739e-08  7.138e-10 -4.761e-09  1.479e-08 
 -2.039e-10  1.813e-10 -3.460e-07 -5.507e-09  1.477e-10  1.477e-09 -9.416e-09 
 -5.271e-06 -3.460e-07  9.478e-02 -2.952e-05 -9.506e-06 -1.243e-05  2.594e-04 
 -1.739e-08 -5.507e-09 -2.952e-05  1.342e-06  1.269e-08  1.274e-07 -8.024e-07 
  7.138e-10  1.477e-10 -9.506e-06  1.269e-08  2.317e-09  4.340e-09 -4.557e-08 
 -4.761e-09  1.477e-09 -1.243e-05  1.274e-07  4.340e-09  3.920e-08 -2.394e-07 
  1.479e-08 -9.416e-09  2.594e-04 -8.024e-07 -4.557e-08 -2.394e-07  2.007e-06 
ERR MATRIX APPROXIMATE
 PARAMETER  CORRELATION COEFFICIENTS  
       NO.  GLOBAL      6      7      8     18     19     20     22
        6  0.18656   1.000 -0.071 -0.080 -0.070  0.070 -0.113  0.049
        7  0.99450  -0.071  1.000 -0.083 -0.353  0.228  0.554 -0.494
        8  0.96398  -0.080 -0.083  1.000 -0.083 -0.642 -0.204  0.595
       18  0.99448  -0.070 -0.353 -0.083  1.000  0.228  0.555 -0.489
       19  0.81402   0.070  0.228 -0.642  0.228  1.000  0.455 -0.668
       20  0.98660  -0.113  0.554 -0.204  0.555  0.455  1.000 -0.853
       22  0.99216   0.049 -0.494  0.595 -0.489 -0.668 -0.853  1.000
 ERR MATRIX APPROXIMATE
MINUIT - FIT ONLY 1-CBO
 **********
 **   29 **RES 
 **********
                   PARAMETER   14  ANy2 RESTORED TO VARIABLE.
                   PARAMETER    4  phi RESTORED TO VARIABLE.
                   PARAMETER    3  A0 RESTORED TO VARIABLE.
                   PARAMETER    1  N0 RESTORED TO VARIABLE.
 **********
 **   30 **FIX            0
 **********
 PARAMETER    0  IS UNDEFINED. IGNORED.
 **********
 **   31 **FIX            1
 **********
 **********
 **   32 **FIX            2
 **********
 PARAMETER    2  IS CONSTANT.   IGNORED.
 **********
 **   33 **FIX            3
 **********
 **********
 **   34 **FIX            4
 **********
 **********
 **   35 **FIX            8
 **********
 **********
 **   36 **FIX            9
 **********
 PARAMETER    9  IS CONSTANT.   IGNORED.
 **********
 **   37 **FIX           11
 **********
 PARAMETER   11  IS CONSTANT.   IGNORED.
 **********
 **   38 **FIX           12
 **********
 PARAMETER   12  IS CONSTANT.   IGNORED.
 **********
 **   39 **FIX           13
 **********
 PARAMETER   13  IS CONSTANT.   IGNORED.
 **********
 **   40 **FIX           15
 **********
 PARAMETER   15  IS CONSTANT.   IGNORED.
 **********
 **   41 **FIX           16
 **********
 PARAMETER   16  IS CONSTANT.   IGNORED.
 **********
 **   42 **MIGRAD
 **********
 START MIGRAD MINIMIZATION.  STRATEGY  1.  CONVERGENCE WHEN EDM .LT. 1.00e-04
 FCN=2919.1 FROM MIGRAD    STATUS=INITIATE       16 CALLS         645 TOTAL
                     EDM= unknown      STRATEGY= 1      NO ERROR MATRIX       
  EXT PARAMETER               CURRENT GUESS       STEP         FIRST   
  NO.   NAME      VALUE            ERROR          SIZE      DERIVATIVE 
   1  N0           3.43593e+06     fixed    
   2  tau          6.43981e+01   constant   
   3  A0           3.53681e-01     fixed    
   4  phi          4.11732e+00     fixed    
   5  R           -5.99112e+01   constant   
   6  A_CBO        1.58433e-03   2.13149e-04   0.00000e+00  -9.14342e+01
   7  w_CBO        2.32768e+00   1.34646e-05   0.00000e+00   6.40876e+03
   8  phi_CBO      5.79621e+00     fixed    
   9  ANx2         3.16301e-04   constant   
  10  pNx2         1.53957e+00   constant   
  11  ANy1         0.00000e+00   constant   
  12  pNy1         0.00000e+00   constant   
  13  w_y          0.00000e+00   constant   
  14  ANy2         1.02217e-02   1.00000e-04   1.00000e-04   4.81223e+05
  15  pNy2         1.44040e+00   constant   
  16  w_vw         1.43192e+01   constant   
  17  LM          -2.49463e-04   constant   
  18  wCBO_expCoeff   2.00003e+02   1.15833e-03   0.00000e+00   7.44038e+01
  19  wCBO_expOffset   2.00001e+02   4.81337e-05   0.00000e+00  -2.63959e+03
  20  wCBO_expT    2.99999e+01   1.98002e-04   0.00000e+00  -2.96370e+02
  21  wCBO_linCoeff   0.00000e+00   constant   
  22  wCBO_const  -4.21381e-03   1.41662e-03  -0.00000e+00   4.99690e+01
 MIGRAD FAILS TO FIND IMPROVEMENT
 COVARIANCE MATRIX CALCULATED SUCCESSFULLY
 FCN=458.916 FROM HESSE     STATUS=OK             58 CALLS        1062 TOTAL
                     EDM=0.00334781    STRATEGY= 1      ERROR MATRIX ACCURATE 
  EXT PARAMETER                                   STEP         FIRST   
  NO.   NAME      VALUE            ERROR          SIZE      DERIVATIVE 
   1  N0           3.43593e+06     fixed    
   2  tau          6.43981e+01   constant   
   3  A0           3.53681e-01     fixed    
   4  phi          4.11732e+00     fixed    
   5  R           -5.99112e+01   constant   
   6  A_CBO        3.85702e-04   2.71419e-04   2.18244e-06  -5.06275e+01
   7  w_CBO        2.32770e+00   9.63291e-05   1.10993e-06  -8.64899e+02
   8  phi_CBO      5.79621e+00     fixed    
   9  ANx2         3.16301e-04   constant   
  10  pNx2         1.53957e+00   constant   
  11  ANy1         0.00000e+00   constant   
  12  pNy1         0.00000e+00   constant   
  13  w_y          0.00000e+00   constant   
  14  ANy2         1.17180e-05   2.12910e-04   2.13765e-06   3.53458e+01
  15  pNy2         1.44040e+00   constant   
  16  w_vw         1.43192e+01   constant   
  17  LM          -2.49463e-04   constant   
  18  wCBO_expCoeff   2.00004e+02   8.19660e-03   9.53694e-05  -1.01542e+01
  19  wCBO_expOffset   2.00001e+02   2.46781e-04   9.53680e-05  -6.50625e+01
  20  wCBO_expT    3.00006e+01   1.01357e-03   1.43054e-05   8.11232e+01
  21  wCBO_linCoeff   0.00000e+00   constant   
  22  wCBO_const  -1.09409e-02   6.65178e-03   5.41847e-06   1.78147e+01
 MIGRAD FAILS TO FIND IMPROVEMENT
 MIGRAD TERMINATED WITHOUT CONVERGENCE.
 FCN=458.915 FROM MIGRAD    STATUS=FAILED        477 CALLS        1106 TOTAL
                     EDM=0.000363662    STRATEGY= 1  ERROR MATRIX UNCERTAINTY  12.5 per cent
  EXT PARAMETER                APPROXIMATE        STEP         FIRST   
  NO.   NAME      VALUE            ERROR          SIZE      DERIVATIVE 
   1  N0           3.43593e+06     fixed    
   2  tau          6.43981e+01   constant   
   3  A0           3.53681e-01     fixed    
   4  phi          4.11732e+00     fixed    
   5  R           -5.99112e+01   constant   
   6  A_CBO        3.85979e-04   2.26864e-04   0.00000e+00  -8.31920e+00
   7  w_CBO        2.32770e+00   8.91713e-05   0.00000e+00  -5.67587e+02
   8  phi_CBO      5.79621e+00     fixed    
   9  ANx2         3.16301e-04   constant   
  10  pNx2         1.53957e+00   constant   
  11  ANy1         0.00000e+00   constant   
  12  pNy1         0.00000e+00   constant   
  13  w_y          0.00000e+00   constant   
  14  ANy2         1.08872e-05   2.03888e-04   0.00000e+00   1.28370e+00
  15  pNy2         1.44040e+00   constant   
  16  w_vw         1.43192e+01   constant   
  17  LM          -2.49463e-04   constant   
  18  wCBO_expCoeff   2.00004e+02   7.66647e-03   0.00000e+00  -6.61452e+00
  19  wCBO_expOffset   2.00001e+02   2.40560e-04  -0.00000e+00   1.53919e+02
  20  wCBO_expT    3.00006e+01   4.96865e-04   0.00000e+00   4.61999e+01
  21  wCBO_linCoeff   0.00000e+00   constant   
  22  wCBO_const  -1.10214e-02   3.05048e-03  -0.00000e+00  -1.61789e+00
 EXTERNAL ERROR MATRIX.    NDIM=  25    NPAR=  7    ERR DEF=1
  5.147e-08  8.146e-10  2.581e-09  9.897e-08 -3.829e-08 -8.267e-09  8.530e-08 
  8.146e-10  7.952e-09 -6.130e-11 -5.843e-07 -2.142e-09  1.117e-08 -7.159e-08 
  2.581e-09 -6.130e-11  4.157e-08 -3.976e-09 -3.953e-10 -1.462e-09  1.475e-08 
  9.897e-08 -5.843e-07 -3.976e-09  5.877e-05 -2.136e-07  9.482e-07 -5.530e-06 
 -3.829e-08 -2.142e-09 -3.953e-10 -2.136e-07  5.787e-08 -1.183e-08  4.661e-08 
 -8.267e-09  1.117e-08 -1.462e-09  9.482e-07 -1.183e-08  2.469e-07 -1.454e-06 
  8.530e-08 -7.159e-08  1.475e-08 -5.530e-06  4.661e-08 -1.454e-06  9.305e-06 
ERR MATRIX APPROXIMATE
 PARAMETER  CORRELATION COEFFICIENTS  
       NO.  GLOBAL      6      7     14     18     19     20     22
        6  0.81920   1.000  0.040  0.056  0.057 -0.702 -0.073  0.123
        7  0.99859   0.040  1.000 -0.003 -0.855 -0.100  0.252 -0.263
       14  0.07513   0.056 -0.003  1.000 -0.003 -0.008 -0.014  0.024
       18  0.99858   0.057 -0.855 -0.003  1.000 -0.116  0.249 -0.236
       19  0.94369  -0.702 -0.100 -0.008 -0.116  1.000 -0.099  0.064
       20  0.97884  -0.073  0.252 -0.014  0.249 -0.099  1.000 -0.959
       22  0.99019   0.123 -0.263  0.024 -0.236  0.064 -0.959  1.000
 ERR MATRIX APPROXIMATE
MINUIT - FIT ONLY 2-CBO
 **********
 **   43 **RES 
 **********
                   PARAMETER    8  phi_CBO RESTORED TO VARIABLE.
                   PARAMETER    4  phi RESTORED TO VARIABLE.
                   PARAMETER    3  A0 RESTORED TO VARIABLE.
                   PARAMETER    1  N0 RESTORED TO VARIABLE.
 **********
 **   44 **FIX            0
 **********
 PARAMETER    0  IS UNDEFINED. IGNORED.
 **********
 **   45 **FIX            1
 **********
 **********
 **   46 **FIX            2
 **********
 PARAMETER    2  IS CONSTANT.   IGNORED.
 **********
 **   47 **FIX            3
 **********
 **********
 **   48 **FIX            4
 **********
 **********
 **   49 **FIX            5
 **********
 PARAMETER    5  IS CONSTANT.   IGNORED.
 **********
 **   50 **FIX            6
 **********
 **********
 **   51 **FIX            7
 **********
 **********
 **   52 **FIX           10
 **********
 PARAMETER   10  IS CONSTANT.   IGNORED.
 **********
 **   53 **FIX           11
 **********
 PARAMETER   11  IS CONSTANT.   IGNORED.
 **********
 **   54 **FIX           12
 **********
 PARAMETER   12  IS CONSTANT.   IGNORED.
 **********
 **   55 **FIX           13
 **********
 PARAMETER   13  IS CONSTANT.   IGNORED.
 **********
 **   56 **FIX           14
 **********
 **********
 **   57 **FIX           15
 **********
 PARAMETER   15  IS CONSTANT.   IGNORED.
 **********
 **   58 **FIX           16
 **********
 PARAMETER   16  IS CONSTANT.   IGNORED.
 **********
 **   59 **MIGRAD
 **********
 START MIGRAD MINIMIZATION.  STRATEGY  1.  CONVERGENCE WHEN EDM .LT. 1.00e-04
 FCN=458.915 FROM MIGRAD    STATUS=INITIATE       12 CALLS        1118 TOTAL
                     EDM= unknown      STRATEGY= 1      NO ERROR MATRIX       
  EXT PARAMETER               CURRENT GUESS       STEP         FIRST   
  NO.   NAME      VALUE            ERROR          SIZE      DERIVATIVE 
   1  N0           3.43593e+06     fixed    
   2  tau          6.43981e+01   constant   
   3  A0           3.53681e-01     fixed    
   4  phi          4.11732e+00     fixed    
   5  R           -5.99112e+01   constant   
   6  A_CBO        3.85979e-04     fixed    
   7  w_CBO        2.32770e+00     fixed    
   8  phi_CBO      5.79621e+00   3.07867e-01   3.07867e-01   2.25370e+00
   9  ANx2         3.16301e-04   constant   
  10  pNx2         1.53957e+00   constant   
  11  ANy1         0.00000e+00   constant   
  12  pNy1         0.00000e+00   constant   
  13  w_y          0.00000e+00   constant   
  14  ANy2         1.08872e-05     fixed    
  15  pNy2         1.44040e+00   constant   
  16  w_vw         1.43192e+01   constant   
  17  LM          -2.49463e-04   constant   
  18  wCBO_expCoeff   2.00004e+02   7.66647e-03   0.00000e+00  -6.61452e+00
  19  wCBO_expOffset   2.00001e+02   2.40560e-04  -0.00000e+00   1.53919e+02
  20  wCBO_expT    3.00006e+01   4.96865e-04   0.00000e+00   4.61999e+01
  21  wCBO_linCoeff   0.00000e+00   constant   
  22  wCBO_const  -1.10214e-02   3.05048e-03  -0.00000e+00  -1.61789e+00
 MIGRAD FAILS TO FIND IMPROVEMENT
 FCN=458.456 FROM HESSE     STATUS=NOT POSDEF     33 CALLS        1210 TOTAL
                     EDM=0.00244827    STRATEGY= 1      ERR MATRIX NOT POS-DEF
  EXT PARAMETER                APPROXIMATE        STEP         FIRST   
  NO.   NAME      VALUE            ERROR          SIZE      DERIVATIVE 
   1  N0           3.43593e+06     fixed    
   2  tau          6.43981e+01   constant   
   3  A0           3.53681e-01     fixed    
   4  phi          4.11732e+00     fixed    
   5  R           -5.99112e+01   constant   
   6  A_CBO        3.85979e-04     fixed    
   7  w_CBO        2.32770e+00     fixed    
   8  phi_CBO      5.38457e+00   6.03901e-01   5.27192e-03  -3.36658e-04
   9  ANx2         3.16301e-04   constant   
  10  pNx2         1.53957e+00   constant   
  11  ANy1         0.00000e+00   constant   
  12  pNy1         0.00000e+00   constant   
  13  w_y          0.00000e+00   constant   
  14  ANy2         1.08872e-05     fixed    
  15  pNy2         1.44040e+00   constant   
  16  w_vw         1.43192e+01   constant   
  17  LM          -2.49463e-04   constant   
  18  wCBO_expCoeff   2.00004e+02   6.41959e-03   9.53694e-05  -5.03344e+01
  19  wCBO_expOffset   2.00001e+02   3.06860e-04   9.53680e-05  -3.31750e+02
  20  wCBO_expT    3.00006e+01   8.72102e-04   1.43054e-05   1.74725e+01
  21  wCBO_linCoeff   0.00000e+00   constant   
  22  wCBO_const  -1.11202e-02   5.59606e-03   5.35611e-06  -4.43330e+01
 MIGRAD FAILS TO FIND IMPROVEMENT
 MIGRAD TERMINATED WITHOUT CONVERGENCE.
 FCN=458.455 FROM MIGRAD    STATUS=FAILED        158 CALLS        1264 TOTAL
                     EDM=0.00626223    STRATEGY= 1      ERR MATRIX NOT POS-DEF
  EXT PARAMETER                APPROXIMATE        STEP         FIRST   
  NO.   NAME      VALUE            ERROR          SIZE      DERIVATIVE 
   1  N0           3.43593e+06     fixed    
   2  tau          6.43981e+01   constant   
   3  A0           3.53681e-01     fixed    
   4  phi          4.11732e+00     fixed    
   5  R           -5.99112e+01   constant   
   6  A_CBO        3.85979e-04     fixed    
   7  w_CBO        2.32770e+00     fixed    
   8  phi_CBO      5.38581e+00   6.10283e-01   0.00000e+00  -8.05683e-03
   9  ANx2         3.16301e-04   constant   
  10  pNx2         1.53957e+00   constant   
  11  ANy1         0.00000e+00   constant   
  12  pNy1         0.00000e+00   constant   
  13  w_y          0.00000e+00   constant   
  14  ANy2         1.08872e-05     fixed    
  15  pNy2         1.44040e+00   constant   
  16  w_vw         1.43192e+01   constant   
  17  LM          -2.49463e-04   constant   
  18  wCBO_expCoeff   2.00004e+02   5.78931e-03   0.00000e+00  -1.29963e+01
  19  wCBO_expOffset   2.00001e+02   2.73912e-04  -0.00000e+00   6.46102e+02
  20  wCBO_expT    3.00006e+01   5.24653e-04   0.00000e+00  -8.36163e+00
  21  wCBO_linCoeff   0.00000e+00   constant   
  22  wCBO_const  -1.12216e-02   3.27480e-03  -0.00000e+00  -2.51088e+01
 EXTERNAL ERROR MATRIX.    NDIM=  25    NPAR=  5    ERR DEF=1
  3.724e-01  2.818e-04 -3.646e-05 -5.287e-06  1.873e-04 
  2.818e-04  3.352e-05 -1.485e-06  2.962e-06 -1.804e-05 
 -3.646e-05 -1.485e-06  7.503e-08 -1.268e-07  7.161e-07 
 -5.287e-06  2.962e-06 -1.268e-07  2.753e-07 -1.656e-06 
  1.873e-04 -1.804e-05  7.161e-07 -1.656e-06  1.072e-05 
ERR MATRIX NOT POS-DEF
 PARAMETER  CORRELATION COEFFICIENTS  
       NO.  GLOBAL      8     18     19     20     22
        8  0.58894   1.000  0.080 -0.218 -0.017  0.094
       18  0.99643   0.080  1.000 -0.936  0.975 -0.952
       19  0.98442  -0.218 -0.936  1.000 -0.882  0.798
       20  0.98305  -0.017  0.975 -0.882  1.000 -0.964
       22  0.99094   0.094 -0.952  0.798 -0.964  1.000
 ERR MATRIX NOT POS-DEF
MINUIT - FIT ONLY 1-y
 **********
 **   60 **RES 
 **********
                   PARAMETER   14  ANy2 RESTORED TO VARIABLE.
                   PARAMETER    7  w_CBO RESTORED TO VARIABLE.
                   PARAMETER    6  A_CBO RESTORED TO VARIABLE.
                   PARAMETER    4  phi RESTORED TO VARIABLE.
                   PARAMETER    3  A0 RESTORED TO VARIABLE.
                   PARAMETER    1  N0 RESTORED TO VARIABLE.
 **********
 **   61 **FIX            0
 **********
 PARAMETER    0  IS UNDEFINED. IGNORED.
 **********
 **   62 **FIX            1
 **********
 **********
 **   63 **FIX            2
 **********
 PARAMETER    2  IS CONSTANT.   IGNORED.
 **********
 **   64 **FIX            3
 **********
 **********
 **   65 **FIX            4
 **********
 **********
 **   66 **FIX            5
 **********
 PARAMETER    5  IS CONSTANT.   IGNORED.
 **********
 **   67 **FIX            6
 **********
 **********
 **   68 **FIX            7
 **********
 **********
 **   69 **FIX            8
 **********
 **********
 **   70 **FIX            9
 **********
 PARAMETER    9  IS CONSTANT.   IGNORED.
 **********
 **   71 **FIX           13
 **********
 PARAMETER   13  IS CONSTANT.   IGNORED.
 **********
 **   72 **FIX           14
 **********
 **********
 **   73 **FIX           15
 **********
 PARAMETER   15  IS CONSTANT.   IGNORED.
 **********
 **   74 **FIX           16
 **********
 PARAMETER   16  IS CONSTANT.   IGNORED.
 **********
 **   75 **MIGRAD
 **********
 START MIGRAD MINIMIZATION.  STRATEGY  1.  CONVERGENCE WHEN EDM .LT. 1.00e-04
 FCN=458.455 FROM MIGRAD    STATUS=INITIATE        8 CALLS        1272 TOTAL
                     EDM= unknown      STRATEGY= 1      NO ERROR MATRIX       
  EXT PARAMETER               CURRENT GUESS       STEP         FIRST   
  NO.   NAME      VALUE            ERROR          SIZE      DERIVATIVE 
   1  N0           3.43593e+06     fixed    
   2  tau          6.43981e+01   constant   
   3  A0           3.53681e-01     fixed    
   4  phi          4.11732e+00     fixed    
   5  R           -5.99112e+01   constant   
   6  A_CBO        3.85979e-04     fixed    
   7  w_CBO        2.32770e+00     fixed    
   8  phi_CBO      5.38581e+00     fixed    
   9  ANx2         3.16301e-04   constant   
  10  pNx2         1.53957e+00   constant   
  11  ANy1         0.00000e+00   constant   
  12  pNy1         0.00000e+00   constant   
  13  w_y          0.00000e+00   constant   
  14  ANy2         1.08872e-05     fixed    
  15  pNy2         1.44040e+00   constant   
  16  w_vw         1.43192e+01   constant   
  17  LM          -2.49463e-04   constant   
  18  wCBO_expCoeff   2.00004e+02   5.78931e-03   0.00000e+00  -1.29963e+01
  19  wCBO_expOffset   2.00001e+02   2.73912e-04  -0.00000e+00   6.46102e+02
  20  wCBO_expT    3.00006e+01   5.24653e-04   0.00000e+00  -8.36163e+00
  21  wCBO_linCoeff   0.00000e+00   constant   
  22  wCBO_const  -1.12216e-02   3.27480e-03  -0.00000e+00  -2.51088e+01
 MIGRAD FAILS TO FIND IMPROVEMENT
 FCN=458.455 FROM HESSE     STATUS=NOT POSDEF     29 CALLS        1312 TOTAL
                     EDM=0.000142291    STRATEGY= 1      ERR MATRIX NOT POS-DEF
  EXT PARAMETER                APPROXIMATE        STEP         FIRST   
  NO.   NAME      VALUE            ERROR          SIZE      DERIVATIVE 
   1  N0           3.43593e+06     fixed    
   2  tau          6.43981e+01   constant   
   3  A0           3.53681e-01     fixed    
   4  phi          4.11732e+00     fixed    
   5  R           -5.99112e+01   constant   
   6  A_CBO        3.85979e-04     fixed    
   7  w_CBO        2.32770e+00     fixed    
   8  phi_CBO      5.38581e+00     fixed    
   9  ANx2         3.16301e-04   constant   
  10  pNx2         1.53957e+00   constant   
  11  ANy1         0.00000e+00   constant   
  12  pNy1         0.00000e+00   constant   
  13  w_y          0.00000e+00   constant   
  14  ANy2         1.08872e-05     fixed    
  15  pNy2         1.44040e+00   constant   
  16  w_vw         1.43192e+01   constant   
  17  LM          -2.49463e-04   constant   
  18  wCBO_expCoeff   2.00004e+02   6.75674e-03   9.53695e-05  -1.59260e+01
  19  wCBO_expOffset   2.00001e+02   3.02365e-04   9.53680e-05  -9.75854e+01
  20  wCBO_expT    3.00006e+01   9.16414e-04   1.43054e-05  -9.04021e+00
  21  wCBO_linCoeff   0.00000e+00   constant   
  22  wCBO_const  -1.12216e-02   5.83582e-03   5.33946e-06  -2.51085e+01
 MIGRAD FAILS TO FIND IMPROVEMENT
 MIGRAD TERMINATED WITHOUT CONVERGENCE.
 FCN=458.455 FROM MIGRAD    STATUS=FAILED         69 CALLS        1333 TOTAL
                     EDM=0.0129964    STRATEGY= 1      ERR MATRIX NOT POS-DEF
  EXT PARAMETER                APPROXIMATE        STEP         FIRST   
  NO.   NAME      VALUE            ERROR          SIZE      DERIVATIVE 
   1  N0           3.43593e+06     fixed    
   2  tau          6.43981e+01   constant   
   3  A0           3.53681e-01     fixed    
   4  phi          4.11732e+00     fixed    
   5  R           -5.99112e+01   constant   
   6  A_CBO        3.85979e-04     fixed    
   7  w_CBO        2.32770e+00     fixed    
   8  phi_CBO      5.38581e+00     fixed    
   9  ANx2         3.16301e-04   constant   
  10  pNx2         1.53957e+00   constant   
  11  ANy1         0.00000e+00   constant   
  12  pNy1         0.00000e+00   constant   
  13  w_y          0.00000e+00   constant   
  14  ANy2         1.08872e-05     fixed    
  15  pNy2         1.44040e+00   constant   
  16  w_vw         1.43192e+01   constant   
  17  LM          -2.49463e-04   constant   
  18  wCBO_expCoeff   2.00004e+02   1.00002e+00   0.00000e+00  -1.09034e+01
  19  wCBO_expOffset   2.00001e+02   1.00000e+00  -0.00000e+00   6.55298e+02
  20  wCBO_expT    3.00006e+01   1.00000e+00  -0.00000e+00   4.57455e+00
  21  wCBO_linCoeff   0.00000e+00   constant   
  22  wCBO_const  -1.12007e-02   1.00001e+00   0.00000e+00  -1.61828e+01
 EXTERNAL ERROR MATRIX.    NDIM=  25    NPAR=  4    ERR DEF=1
  1.000e+00 -4.681e-08  5.082e-06 -3.181e-05 
 -4.681e-08  1.000e+00 -7.088e-09  4.455e-08 
  5.082e-06 -7.088e-09  1.000e+00 -3.926e-06 
 -3.181e-05  4.455e-08 -3.926e-06  1.000e+00 
ERR MATRIX NOT POS-DEF
 PARAMETER  CORRELATION COEFFICIENTS  
       NO.  GLOBAL     18     19     20     22
       18  0.00003   1.000 -0.000  0.000 -0.000
       19  0.00000  -0.000  1.000 -0.000  0.000
       20  0.00001   0.000 -0.000  1.000 -0.000
       22  0.00003  -0.000  0.000 -0.000  1.000
 ERR MATRIX NOT POS-DEF
MINUIT - FIT ONLY 2-y
 **********
 **   76 **RES 
 **********
                   PARAMETER   14  ANy2 RESTORED TO VARIABLE.
                   PARAMETER    8  phi_CBO RESTORED TO VARIABLE.
                   PARAMETER    7  w_CBO RESTORED TO VARIABLE.
                   PARAMETER    6  A_CBO RESTORED TO VARIABLE.
