 + ++++++++++++++++++++++++++++++++++++++++++++++++++++++++++++++++++++ +
 +                                                                      +
 +           You have chose to blind your fitting according to          +
 +                omega_ref * (1 + (R +/- deltaR) *10^{-6})             +
 +                                                                      +
 + ++++++++++++++++++++++++++++++++++++++++++++++++++++++++++++++++++++ +
In main()...
reading format from /gm2data/zkhechad/run45/envelope/formats/formatB_sBin_constraintOn.txt
pBinTau 	= 0  
pBinPhi 	= 0  
constraintau 	= 1 
includeMopTerm 	= 0    
constrainMop    = 0   
Parameters after format file: pBinTau 0 pBinPhi 0 constraintau 1 includeMopTerm 0 constrainMop 0 c_e_scale 0.000000 
reading cbo reference file (full fit) from /gm2data/zkhechad/cboTemplates/Run4CBOTemplates/fullFits/run4/sBin_constraintOn_cE0.0_seed0_run4_calo16.root
A_CBO 0.009336 w_CBO 2.326091 phi_CBO 1.561564 N0 3000865.229519 R -62.230085 tau 64.400102 
Reading cboRef file /gm2data/zkhechad/cboTemplates/Run4CBOTemplates//cboIsolate/run4_calo16.root
deltaT 5.036675
windowBins = 120
fitting sliding window 20 from bin 223 at 33.271600 to bin 343 at 51.175600 (120 bins)

Reading data from /gm2data/cornell/histograms/aMethod/histogram_a_run4.root
fitting cbo isolate
 **********
 **    1 **SET PRINTOUT            1
 **********
 **********
 **    2 **SET NOWARNINGS 
 **********
 PARAMETER DEFINITIONS:
    NO.   NAME         VALUE      STEP SIZE      LIMITS
     1 A_CBO        9.33615e-03  1.00000e-05     no limits
     2 w_CBO        2.32609e+00  1.00000e-02    2.00000e+00  3.00000e+00
     3 phi_CBO      1.56156e+00  1.00000e-02    0.00000e+00  6.28319e+00
 **********
 **    3 **MIGRAD
 **********
 FIRST CALL TO USER FUNCTION AT NEW START POINT, WITH IFLAG=4.
 START MIGRAD MINIMIZATION.  STRATEGY  1.  CONVERGENCE WHEN EDM .LT. 1.00e-04
 FCN=0.000146557 FROM MIGRAD    STATUS=INITIATE       12 CALLS          13 TOTAL
                     EDM= unknown      STRATEGY= 1      NO ERROR MATRIX       
  EXT PARAMETER               CURRENT GUESS       STEP         FIRST   
  NO.   NAME      VALUE            ERROR          SIZE      DERIVATIVE 
   1  A_CBO        9.33615e-03   1.00000e-05   1.00000e-05   1.10946e-01
   2  w_CBO        2.32609e+00   1.00000e-02   2.13342e-02  -1.82425e-02
   3  phi_CBO      1.56156e+00   1.00000e-02   3.68279e-03   2.61568e-03
 MIGRAD MINIMIZATION HAS CONVERGED.
 MIGRAD WILL VERIFY CONVERGENCE AND ERROR MATRIX.
 COVARIANCE MATRIX CALCULATED SUCCESSFULLY
 FCN=5.37238e-05 FROM MIGRAD    STATUS=CONVERGED      46 CALLS          47 TOTAL
                     EDM=9.11271e-06    STRATEGY= 1      ERROR MATRIX ACCURATE 
  EXT PARAMETER                                   STEP         FIRST   
  NO.   NAME      VALUE            ERROR          SIZE      DERIVATIVE 
   1  A_CBO        8.47391e-03   1.29379e-01   6.28370e-05  -2.16588e-05
   2  w_CBO        2.32722e+00   5.97159e-01   3.71772e-04   3.11811e-04
   3  phi_CBO      1.50963e+00   4.12061e+00   2.74225e-03   4.37298e-05
 EXTERNAL ERROR MATRIX.    NDIM=  25    NPAR=  3    ERR DEF=1
  1.674e-02 -4.272e-02 -1.827e+00 
 -4.272e-02  1.004e+01  4.193e+02 
 -1.827e+00  4.193e+02  1.774e+04 
 PARAMETER  CORRELATION COEFFICIENTS  
       NO.  GLOBAL      1      2      3
        1  0.10646   1.000 -0.104 -0.106
        2  0.99339  -0.104  1.000  0.993
        3  0.99339  -0.106  0.993  1.000
setting A_CBO=0.008474 w_CBO=2.327223, phi_CBO=1.509627
done fitting cbo isolate
 **********
 **    1 **SET PRINTOUT            1
 **********
 **********
 **    2 **SET NOWARNINGS 
 **********
 PARAMETER DEFINITIONS:
    NO.   NAME         VALUE      STEP SIZE      LIMITS
     1 N0           3.00087e+06  1.00000e+02     no limits
     2 tau          6.44001e+01  constant
     3 A0           3.49583e-01  1.00000e-04     no limits
     4 phi          4.11719e+00  1.00000e-02     no limits
     5 R           -6.22301e+01  constant
     6 A_CBO        8.47391e-03  1.00000e-05     no limits
     7 w_CBO        2.32722e+00  1.00000e-03     no limits
     8 phi_CBO      1.50963e+00  1.00000e-04     no limits
     9 ANx2         8.68669e-04  constant
    10 pNx2         4.82289e+00  constant
    11 ANy1         0.00000e+00  constant
    12 pNy1         0.00000e+00  constant
    13 w_y          0.00000e+00  constant
    14 ANy2         6.17882e-03  1.00000e-04     no limits
    15 pNy2         1.49923e+00  constant
    16 w_vw         1.43037e+01  constant
    17 LM          -2.26665e-04  constant
    18 wCBO_expCoeff   2.00000e+02  1.00000e+00     no limits
    19 wCBO_expOffset   2.00000e+02  1.00000e+00     no limits
    20 wCBO_expT    3.00000e+01  1.00000e+00     no limits
    21 wCBO_linCoeff   0.00000e+00  constant
    22 wCBO_const   0.00000e+00  1.00000e-02     no limits
MINUIT - FIT ONLY WIGGLE
 **********
 **    3 **FIX            5
 **********
 PARAMETER    5  IS CONSTANT.   IGNORED.
 **********
 **    4 **FIX            6
 **********
 **********
 **    5 **FIX            7
 **********
 **********
 **    6 **FIX            8
 **********
 **********
 **    7 **FIX            9
 **********
 PARAMETER    9  IS CONSTANT.   IGNORED.
 **********
 **    8 **FIX           10
 **********
 PARAMETER   10  IS CONSTANT.   IGNORED.
 **********
 **    9 **FIX           11
 **********
 PARAMETER   11  IS CONSTANT.   IGNORED.
 **********
 **   10 **FIX           12
 **********
 PARAMETER   12  IS CONSTANT.   IGNORED.
 **********
 **   11 **FIX           13
 **********
 PARAMETER   13  IS CONSTANT.   IGNORED.
 **********
 **   12 **FIX           14
 **********
 **********
 **   13 **FIX           15
 **********
 PARAMETER   15  IS CONSTANT.   IGNORED.
 **********
 **   14 **FIX           16
 **********
 PARAMETER   16  IS CONSTANT.   IGNORED.
 **********
 **   15 **MIGRAD
 **********
 FIRST CALL TO USER FUNCTION AT NEW START POINT, WITH IFLAG=4.
 START MIGRAD MINIMIZATION.  STRATEGY  1.  CONVERGENCE WHEN EDM .LT. 1.00e-04
 FCN=10961.2 FROM MIGRAD    STATUS=INITIATE       32 CALLS          33 TOTAL
                     EDM= unknown      STRATEGY= 1      NO ERROR MATRIX       
  EXT PARAMETER               CURRENT GUESS       STEP         FIRST   
  NO.   NAME      VALUE            ERROR          SIZE      DERIVATIVE 
   1  N0           3.00087e+06   1.00000e+02   1.00000e+02   2.15275e-02
   2  tau          6.44001e+01   constant   
   3  A0           3.49583e-01   1.00000e-04   1.00000e-04   3.45159e+05
   4  phi          4.11719e+00   1.00000e-02   1.00000e-02   3.29365e+03
   5  R           -6.22301e+01   constant   
   6  A_CBO        8.47391e-03     fixed    
   7  w_CBO        2.32722e+00     fixed    
   8  phi_CBO      1.50963e+00     fixed    
   9  ANx2         8.68669e-04   constant   
  10  pNx2         4.82289e+00   constant   
  11  ANy1         0.00000e+00   constant   
  12  pNy1         0.00000e+00   constant   
  13  w_y          0.00000e+00   constant   
  14  ANy2         6.17882e-03     fixed    
  15  pNy2         1.49923e+00   constant   
  16  w_vw         1.43037e+01   constant   
  17  LM          -2.26665e-04   constant   
  18  wCBO_expCoeff   2.00000e+02   1.00000e+00   1.00000e+00   6.84583e+03
  19  wCBO_expOffset   2.00000e+02   1.00000e+00   1.00000e+00   1.23966e+06
  20  wCBO_expT    3.00000e+01   1.00000e+00   1.00000e+00   1.69606e+06
  21  wCBO_linCoeff   0.00000e+00   constant   
  22  wCBO_const   0.00000e+00   1.00000e-02   1.00000e-02  -3.46084e+04
 MIGRAD FAILS TO FIND IMPROVEMENT
 FCN=9672.01 FROM HESSE     STATUS=NOT POSDEF     56 CALLS         122 TOTAL
                     EDM=623961    STRATEGY= 1      ERR MATRIX NOT POS-DEF
  EXT PARAMETER                APPROXIMATE        STEP         FIRST   
  NO.   NAME      VALUE            ERROR          SIZE      DERIVATIVE 
   1  N0           3.00068e+06   2.38779e+02   1.22508e+01  -3.39883e-04
   2  tau          6.44001e+01   constant   
   3  A0           3.48989e-01   2.32635e-04   5.47733e-06   6.23311e-01
   4  phi          4.11714e+00   1.08184e-03   1.65676e-05  -2.67793e+04
   5  R           -6.22301e+01   constant   
   6  A_CBO        8.47391e-03     fixed    
   7  w_CBO        2.32722e+00     fixed    
   8  phi_CBO      1.50963e+00     fixed    
   9  ANx2         8.68669e-04   constant   
  10  pNx2         4.82289e+00   constant   
  11  ANy1         0.00000e+00   constant   
  12  pNy1         0.00000e+00   constant   
  13  w_y          0.00000e+00   constant   
  14  ANy2         6.17882e-03     fixed    
  15  pNy2         1.49923e+00   constant   
  16  w_vw         1.43037e+01   constant   
  17  LM          -2.26665e-04   constant   
  18  wCBO_expCoeff   2.00000e+02   8.86113e-06   9.53674e-05  -9.62575e+06
  19  wCBO_expOffset   2.00000e+02   6.27653e-05   9.53674e-05  -2.03929e+07
  20  wCBO_expT    2.99999e+01   1.46562e-06   1.43051e-05  -1.20310e+08
  21  wCBO_linCoeff   0.00000e+00   constant   
  22  wCBO_const   1.06176e-03   2.84312e-03   1.25674e-05  -2.45347e+04
 MIGRAD FAILS TO FIND IMPROVEMENT
 MIGRAD TERMINATED WITHOUT CONVERGENCE.
 FCN=9228.75 FROM MIGRAD    STATUS=FAILED        184 CALLS         185 TOTAL
                     EDM=25.7148    STRATEGY= 1      ERR MATRIX NOT POS-DEF
  EXT PARAMETER                APPROXIMATE        STEP         FIRST   
  NO.   NAME      VALUE            ERROR          SIZE      DERIVATIVE 
   1  N0           3.00084e+06   2.08819e+02   0.00000e+00  -1.88207e-03
   2  tau          6.44001e+01   constant   
   3  A0           3.48528e-01   9.31739e-05  -0.00000e+00   1.03278e+04
   4  phi          4.11712e+00   3.62689e-04   0.00000e+00  -5.13978e+03
   5  R           -6.22301e+01   constant   
   6  A_CBO        8.47391e-03     fixed    
   7  w_CBO        2.32722e+00     fixed    
   8  phi_CBO      1.50963e+00     fixed    
   9  ANx2         8.68669e-04   constant   
  10  pNx2         4.82289e+00   constant   
  11  ANy1         0.00000e+00   constant   
  12  pNy1         0.00000e+00   constant   
  13  w_y          0.00000e+00   constant   
  14  ANy2         6.17882e-03     fixed    
  15  pNy2         1.49923e+00   constant   
  16  w_vw         1.43037e+01   constant   
  17  LM          -2.26665e-04   constant   
  18  wCBO_expCoeff   2.00000e+02   1.52745e-06   0.00000e+00  -2.58827e+06
  19  wCBO_expOffset   2.00000e+02   3.37030e-06  -0.00000e+00   1.71647e+06
  20  wCBO_expT    2.99999e+01   2.50014e-07  -0.00000e+00   2.58909e+07
  21  wCBO_linCoeff   0.00000e+00   constant   
  22  wCBO_const   5.85513e-03   1.12010e-04  -0.00000e+00  -1.73251e+04
 EXTERNAL ERROR MATRIX.    NDIM=  25    NPAR=  7    ERR DEF=1
  4.361e+04 -8.162e-04  1.125e-02 -2.324e-05 -5.961e-05 -1.183e-05 -1.690e-04 
 -8.162e-04  8.681e-09 -3.017e-09 -1.691e-11  3.250e-12  4.389e-13 -1.517e-09 
  1.125e-02 -3.017e-09  1.315e-07 -3.243e-11 -5.001e-10 -5.162e-11 -1.613e-08 
 -2.324e-05 -1.691e-11 -3.243e-11  2.333e-12 -1.694e-13  1.176e-13 -4.068e-11 
 -5.961e-05  3.250e-12 -5.001e-10 -1.694e-13  1.136e-11  1.735e-13  3.300e-10 
 -1.183e-05  4.389e-13 -5.162e-11  1.176e-13  1.735e-13  6.251e-14  5.751e-12 
 -1.690e-04 -1.517e-09 -1.613e-08 -4.068e-11  3.300e-10  5.751e-12  1.255e-08 
ERR MATRIX NOT POS-DEF
 PARAMETER  CORRELATION COEFFICIENTS  
       NO.  GLOBAL      1      3      4     18     19     20     22
        1  0.28628   1.000 -0.042  0.149 -0.073 -0.085 -0.227 -0.007
        3  0.46323  -0.042  1.000 -0.089 -0.119  0.010  0.019 -0.145
        4  0.65427   0.149 -0.089  1.000 -0.059 -0.409 -0.569 -0.397
       18  0.62517  -0.073 -0.119 -0.059  1.000 -0.033  0.308 -0.238
       19  0.91440  -0.085  0.010 -0.409 -0.033  1.000  0.206  0.874
       20  0.66791  -0.227  0.019 -0.569  0.308  0.206  1.000  0.205
       22  0.92577  -0.007 -0.145 -0.397 -0.238  0.874  0.205  1.000
 ERR MATRIX NOT POS-DEF
MINUIT - FIT ONLY 1-CBO + other amplitudes 
 **********
 **   16 **RES 
 **********
                   PARAMETER   14  ANy2 RESTORED TO VARIABLE.
                   PARAMETER    8  phi_CBO RESTORED TO VARIABLE.
                   PARAMETER    7  w_CBO RESTORED TO VARIABLE.
                   PARAMETER    6  A_CBO RESTORED TO VARIABLE.
 **********
 **   17 **FIX            0
 **********
 PARAMETER    0  IS UNDEFINED. IGNORED.
 **********
 **   18 **FIX            1
 **********
 **********
 **   19 **FIX            2
 **********
 PARAMETER    2  IS CONSTANT.   IGNORED.
 **********
 **   20 **FIX            3
 **********
 **********
 **   21 **FIX            4
 **********
 **********
 **   22 **FIX            9
 **********
 PARAMETER    9  IS CONSTANT.   IGNORED.
 **********
 **   23 **FIX           11
 **********
 PARAMETER   11  IS CONSTANT.   IGNORED.
 **********
 **   24 **FIX           12
 **********
 PARAMETER   12  IS CONSTANT.   IGNORED.
 **********
 **   25 **FIX           14
 **********
 **********
 **   26 **FIX           15
 **********
 PARAMETER   15  IS CONSTANT.   IGNORED.
 **********
 **   27 **FIX           16
 **********
 PARAMETER   16  IS CONSTANT.   IGNORED.
 **********
 **   28 **MIGRAD
 **********
 START MIGRAD MINIMIZATION.  STRATEGY  1.  CONVERGENCE WHEN EDM .LT. 1.00e-04
 FCN=9228.75 FROM MIGRAD    STATUS=INITIATE       22 CALLS         207 TOTAL
                     EDM= unknown      STRATEGY= 1      NO ERROR MATRIX       
  EXT PARAMETER               CURRENT GUESS       STEP         FIRST   
  NO.   NAME      VALUE            ERROR          SIZE      DERIVATIVE 
   1  N0           3.00084e+06     fixed    
   2  tau          6.44001e+01   constant   
   3  A0           3.48528e-01     fixed    
   4  phi          4.11712e+00     fixed    
   5  R           -6.22301e+01   constant   
   6  A_CBO        8.47391e-03   1.00000e-05   1.00000e-05   7.54282e+05
   7  w_CBO        2.32722e+00   1.00000e-03   1.00000e-03  -2.22440e+08
   8  phi_CBO      1.50963e+00   1.00000e-04   1.00000e-04  -7.80820e+01
   9  ANx2         8.68669e-04   constant   
  10  pNx2         4.82289e+00   constant   
  11  ANy1         0.00000e+00   constant   
  12  pNy1         0.00000e+00   constant   
  13  w_y          0.00000e+00   constant   
  14  ANy2         6.17882e-03     fixed    
  15  pNy2         1.49923e+00   constant   
  16  w_vw         1.43037e+01   constant   
  17  LM          -2.26665e-04   constant   
  18  wCBO_expCoeff   2.00000e+02   1.52745e-06   0.00000e+00  -2.58827e+06
  19  wCBO_expOffset   2.00000e+02   3.37030e-06  -0.00000e+00   1.71647e+06
  20  wCBO_expT    2.99999e+01   2.50014e-07  -0.00000e+00   2.58909e+07
  21  wCBO_linCoeff   0.00000e+00   constant   
  22  wCBO_const   5.85513e-03   1.12010e-04  -0.00000e+00  -1.73252e+04
 MIGRAD FAILS TO FIND IMPROVEMENT
 FCN=6847.86 FROM HESSE     STATUS=NOT POSDEF     58 CALLS         295 TOTAL
                     EDM=29002.2    STRATEGY= 1      ERR MATRIX NOT POS-DEF
  EXT PARAMETER                APPROXIMATE        STEP         FIRST   
  NO.   NAME      VALUE            ERROR          SIZE      DERIVATIVE 
   1  N0           3.00084e+06     fixed    
   2  tau          6.44001e+01   constant   
   3  A0           3.48528e-01     fixed    
   4  phi          4.11712e+00     fixed    
   5  R           -6.22301e+01   constant   
   6  A_CBO        1.78143e-03   7.12916e-04   5.38296e-06   6.06873e+04
   7  w_CBO        2.32722e+00   2.98307e-07   1.10971e-06  -6.75347e+08
   8  phi_CBO      1.52416e+00   2.61514e-01   2.94009e-03   2.61770e+02
   9  ANx2         8.68669e-04   constant   
  10  pNx2         4.82289e+00   constant   
  11  ANy1         0.00000e+00   constant   
  12  pNy1         0.00000e+00   constant   
  13  w_y          0.00000e+00   constant   
  14  ANy2         6.17882e-03     fixed    
  15  pNy2         1.49923e+00   constant   
  16  w_vw         1.43037e+01   constant   
  17  LM          -2.26665e-04   constant   
  18  wCBO_expCoeff   2.00000e+02   2.56365e-05   9.53674e-05  -7.85824e+06
  19  wCBO_expOffset   2.00000e+02   4.10713e-05   9.53675e-05   7.18810e+05
  20  wCBO_expT    2.99999e+01   3.56415e-06   1.43051e-05  -4.82477e+07
  21  wCBO_linCoeff   0.00000e+00   constant   
  22  wCBO_const   6.19125e-03   4.99218e-03   3.55029e-05  -3.61155e+04
 MIGRAD FAILS TO FIND IMPROVEMENT
 MIGRAD TERMINATED WITHOUT CONVERGENCE.
 FCN=6700.28 FROM MIGRAD    STATUS=FAILED        182 CALLS         367 TOTAL
                     EDM=75.0433    STRATEGY= 1      ERR MATRIX NOT POS-DEF
  EXT PARAMETER                APPROXIMATE        STEP         FIRST   
  NO.   NAME      VALUE            ERROR          SIZE      DERIVATIVE 
   1  N0           3.00084e+06     fixed    
   2  tau          6.44001e+01   constant   
   3  A0           3.48528e-01     fixed    
   4  phi          4.11712e+00     fixed    
   5  R           -6.22301e+01   constant   
   6  A_CBO        1.63759e-03   6.44270e-05   0.00000e+00  -1.76338e+04
   7  w_CBO        2.32722e+00   2.58278e-08   0.00000e+00  -2.27389e+07
   8  phi_CBO      1.57674e+00   3.67925e-02   0.00000e+00  -1.88679e+01
   9  ANx2         8.68669e-04   constant   
  10  pNx2         4.82289e+00   constant   
  11  ANy1         0.00000e+00   constant   
  12  pNy1         0.00000e+00   constant   
  13  w_y          0.00000e+00   constant   
  14  ANy2         6.17882e-03     fixed    
  15  pNy2         1.49923e+00   constant   
  16  w_vw         1.43037e+01   constant   
  17  LM          -2.26665e-04   constant   
  18  wCBO_expCoeff   2.00000e+02   2.21967e-06   0.00000e+00  -2.64582e+05
  19  wCBO_expOffset   2.00000e+02   7.24255e-06  -0.00000e+00   6.81695e+05
  20  wCBO_expT    2.99999e+01   2.22745e-07  -0.00000e+00   6.59086e+06
  21  wCBO_linCoeff   0.00000e+00   constant   
  22  wCBO_const   5.18701e-03   3.00979e-04  -0.00000e+00  -2.36249e+03
 EXTERNAL ERROR MATRIX.    NDIM=  25    NPAR=  7    ERR DEF=1
  4.151e-09  2.362e-13 -3.944e-07  2.030e-11 -4.154e-11  2.962e-12 -4.757e-09 
  2.362e-13  6.671e-16  2.044e-10 -1.569e-14 -3.345e-14 -2.293e-15 -1.185e-12 
 -3.944e-07  2.044e-10  1.354e-03  1.757e-08  4.515e-09  4.961e-10  7.993e-06 
  2.030e-11 -1.569e-14  1.757e-08  4.927e-12 -2.874e-12 -1.970e-13 -1.018e-10 
 -4.154e-11 -3.345e-14  4.515e-09 -2.874e-12  5.245e-11 -1.090e-13  1.163e-09 
  2.962e-12 -2.293e-15  4.961e-10 -1.970e-13 -1.090e-13  4.962e-14  2.779e-11 
 -4.757e-09 -1.185e-12  7.993e-06 -1.018e-10  1.163e-09  2.779e-11  9.059e-08 
ERR MATRIX NOT POS-DEF
 PARAMETER  CORRELATION COEFFICIENTS  
       NO.  GLOBAL      6      7      8     18     19     20     22
        6  0.94683   1.000  0.142 -0.166  0.142 -0.089  0.206 -0.245
        7  0.94365   0.142  1.000  0.215 -0.274 -0.179 -0.399 -0.152
        8  0.98826  -0.166  0.215  1.000  0.215  0.017  0.061  0.722
       18  0.94364   0.142 -0.274  0.215  1.000 -0.179 -0.399 -0.152
       19  0.98712  -0.089 -0.179  0.017 -0.179  1.000 -0.068  0.533
       20  0.98796   0.206 -0.399  0.061 -0.399 -0.068  1.000  0.414
       22  0.99549  -0.245 -0.152  0.722 -0.152  0.533  0.414  1.000
 ERR MATRIX NOT POS-DEF
MINUIT - FIT ONLY 1-CBO
 **********
 **   29 **RES 
 **********
                   PARAMETER   14  ANy2 RESTORED TO VARIABLE.
                   PARAMETER    4  phi RESTORED TO VARIABLE.
                   PARAMETER    3  A0 RESTORED TO VARIABLE.
                   PARAMETER    1  N0 RESTORED TO VARIABLE.
 **********
 **   30 **FIX            0
 **********
 PARAMETER    0  IS UNDEFINED. IGNORED.
 **********
 **   31 **FIX            1
 **********
 **********
 **   32 **FIX            2
 **********
 PARAMETER    2  IS CONSTANT.   IGNORED.
 **********
 **   33 **FIX            3
 **********
 **********
 **   34 **FIX            4
 **********
 **********
 **   35 **FIX            8
 **********
 **********
 **   36 **FIX            9
 **********
 PARAMETER    9  IS CONSTANT.   IGNORED.
 **********
 **   37 **FIX           11
 **********
 PARAMETER   11  IS CONSTANT.   IGNORED.
 **********
 **   38 **FIX           12
 **********
 PARAMETER   12  IS CONSTANT.   IGNORED.
 **********
 **   39 **FIX           13
 **********
 PARAMETER   13  IS CONSTANT.   IGNORED.
 **********
 **   40 **FIX           15
 **********
 PARAMETER   15  IS CONSTANT.   IGNORED.
 **********
 **   41 **FIX           16
 **********
 PARAMETER   16  IS CONSTANT.   IGNORED.
 **********
 **   42 **MIGRAD
 **********
 START MIGRAD MINIMIZATION.  STRATEGY  1.  CONVERGENCE WHEN EDM .LT. 1.00e-04
 FCN=6700.28 FROM MIGRAD    STATUS=INITIATE       14 CALLS         381 TOTAL
                     EDM= unknown      STRATEGY= 1      NO ERROR MATRIX       
  EXT PARAMETER               CURRENT GUESS       STEP         FIRST   
  NO.   NAME      VALUE            ERROR          SIZE      DERIVATIVE 
   1  N0           3.00084e+06     fixed    
   2  tau          6.44001e+01   constant   
   3  A0           3.48528e-01     fixed    
   4  phi          4.11712e+00     fixed    
   5  R           -6.22301e+01   constant   
   6  A_CBO        1.63759e-03   6.44270e-05   0.00000e+00  -1.76338e+04
   7  w_CBO        2.32722e+00   2.58278e-08   0.00000e+00  -2.27389e+07
   8  phi_CBO      1.57674e+00     fixed    
   9  ANx2         8.68669e-04   constant   
  10  pNx2         4.82289e+00   constant   
  11  ANy1         0.00000e+00   constant   
  12  pNy1         0.00000e+00   constant   
  13  w_y          0.00000e+00   constant   
  14  ANy2         6.17882e-03   1.00000e-04   1.00000e-04   6.39449e+05
  15  pNy2         1.49923e+00   constant   
  16  w_vw         1.43037e+01   constant   
  17  LM          -2.26665e-04   constant   
  18  wCBO_expCoeff   2.00000e+02   2.21967e-06   0.00000e+00  -2.64582e+05
  19  wCBO_expOffset   2.00000e+02   7.24255e-06  -0.00000e+00   6.81695e+05
  20  wCBO_expT    2.99999e+01   2.22745e-07  -0.00000e+00   6.59086e+06
  21  wCBO_linCoeff   0.00000e+00   constant   
  22  wCBO_const   5.18701e-03   3.00979e-04  -0.00000e+00  -2.36250e+03
 MIGRAD FAILS TO FIND IMPROVEMENT
 FCN=5195.71 FROM HESSE     STATUS=NOT POSDEF     58 CALLS         504 TOTAL
                     EDM=443.801    STRATEGY= 1      ERR MATRIX NOT POS-DEF
  EXT PARAMETER                APPROXIMATE        STEP         FIRST   
  NO.   NAME      VALUE            ERROR          SIZE      DERIVATIVE 
   1  N0           3.00084e+06     fixed    
   2  tau          6.44001e+01   constant   
   3  A0           3.48528e-01     fixed    
   4  phi          4.11712e+00     fixed    
   5  R           -6.22301e+01   constant   
   6  A_CBO        1.44139e-03   1.07593e-03   4.22250e-06   9.83420e+04
   7  w_CBO        2.32722e+00   5.23414e-07   1.10971e-06   4.80295e+07
   8  phi_CBO      1.57674e+00     fixed    
   9  ANx2         8.68669e-04   constant   
  10  pNx2         4.82289e+00   constant   
  11  ANy1         0.00000e+00   constant   
  12  pNy1         0.00000e+00   constant   
  13  w_y          0.00000e+00   constant   
  14  ANy2         1.37214e-03   1.02613e-04   4.25850e-06   1.00846e+04
  15  pNy2         1.49923e+00   constant   
  16  w_vw         1.43037e+01   constant   
  17  LM          -2.26665e-04   constant   
  18  wCBO_expCoeff   2.00000e+02   4.49817e-05   9.53674e-05   5.58848e+05
  19  wCBO_expOffset   2.00000e+02   4.75190e-05   9.53672e-05   6.46557e+05
  20  wCBO_expT    2.99999e+01   8.47756e-06   1.43051e-05   7.55028e+06
  21  wCBO_linCoeff   0.00000e+00   constant   
  22  wCBO_const   9.75308e-03   8.01082e-04   2.05528e-05  -2.02877e+03
 MIGRAD FAILS TO FIND IMPROVEMENT
 MIGRAD TERMINATED WITHOUT CONVERGENCE.
 FCN=5195.71 FROM MIGRAD    STATUS=FAILED        146 CALLS         513 TOTAL
                     EDM=443.801    STRATEGY= 1      ERR MATRIX NOT POS-DEF
  EXT PARAMETER                APPROXIMATE        STEP         FIRST   
  NO.   NAME      VALUE            ERROR          SIZE      DERIVATIVE 
   1  N0           3.00084e+06     fixed    
   2  tau          6.44001e+01   constant   
   3  A0           3.48528e-01     fixed    
   4  phi          4.11712e+00     fixed    
   5  R           -6.22301e+01   constant   
   6  A_CBO        1.44139e-03   1.07593e-03   0.00000e+00   9.83420e+04
   7  w_CBO        2.32722e+00   5.23414e-07  -0.00000e+00   4.80295e+07
   8  phi_CBO      1.57674e+00     fixed    
   9  ANx2         8.68669e-04   constant   
  10  pNx2         4.82289e+00   constant   
  11  ANy1         0.00000e+00   constant   
  12  pNy1         0.00000e+00   constant   
  13  w_y          0.00000e+00   constant   
  14  ANy2         1.37214e-03   1.02613e-04  -0.00000e+00   1.00846e+04
  15  pNy2         1.49923e+00   constant   
  16  w_vw         1.43037e+01   constant   
  17  LM          -2.26665e-04   constant   
  18  wCBO_expCoeff   2.00000e+02   4.49817e-05  -0.00000e+00   5.58848e+05
  19  wCBO_expOffset   2.00000e+02   4.75190e-05  -0.00000e+00   6.46557e+05
  20  wCBO_expT    2.99999e+01   8.47756e-06  -0.00000e+00   7.55028e+06
  21  wCBO_linCoeff   0.00000e+00   constant   
  22  wCBO_const   9.75308e-03   8.01082e-04   0.00000e+00  -2.02877e+03
 EXTERNAL ERROR MATRIX.    NDIM=  25    NPAR=  7    ERR DEF=1
  1.158e-06 -5.612e-10 -7.041e-08 -4.823e-08 -5.036e-08 -9.092e-09  7.539e-07 
 -5.612e-10  2.740e-13  3.429e-11  2.349e-11  2.454e-11  4.427e-12 -3.675e-10 
 -7.041e-08  3.429e-11  1.053e-08  2.947e-09  3.085e-09  5.551e-10 -4.647e-08 
 -4.823e-08  2.349e-11  2.947e-09  2.023e-09  2.109e-09  3.805e-10 -3.158e-08 
 -5.036e-08  2.454e-11  3.085e-09  2.109e-09  2.258e-09  3.976e-10 -3.315e-08 
 -9.092e-09  4.427e-12  5.551e-10  3.805e-10  3.976e-10  7.187e-11 -5.961e-09 
  7.539e-07 -3.675e-10 -4.647e-08 -3.158e-08 -3.315e-08 -5.961e-09  6.417e-07 
ERR MATRIX NOT POS-DEF
 PARAMETER  CORRELATION COEFFICIENTS  
       NO.  GLOBAL      6      7     14     18     19     20     22
        6  0.99735   1.000 -0.996 -0.638 -0.996 -0.985 -0.997  0.875
        7  0.99837  -0.996  1.000  0.638  0.998  0.987  0.998 -0.876
       14  0.63908  -0.638  0.638  1.000  0.638  0.633  0.638 -0.565
       18  0.99837  -0.996  0.998  0.638  1.000  0.987  0.998 -0.876
       19  0.98768  -0.985  0.987  0.633  0.987  1.000  0.987 -0.871
       20  0.99854  -0.997  0.998  0.638  0.998  0.987  1.000 -0.878
       22  0.87832   0.875 -0.876 -0.565 -0.876 -0.871 -0.878  1.000
 ERR MATRIX NOT POS-DEF
MINUIT - FIT ONLY 2-CBO
 **********
 **   43 **RES 
 **********
                   PARAMETER    8  phi_CBO RESTORED TO VARIABLE.
                   PARAMETER    4  phi RESTORED TO VARIABLE.
                   PARAMETER    3  A0 RESTORED TO VARIABLE.
                   PARAMETER    1  N0 RESTORED TO VARIABLE.
 **********
 **   44 **FIX            0
 **********
 PARAMETER    0  IS UNDEFINED. IGNORED.
 **********
 **   45 **FIX            1
 **********
 **********
 **   46 **FIX            2
 **********
 PARAMETER    2  IS CONSTANT.   IGNORED.
 **********
 **   47 **FIX            3
 **********
 **********
 **   48 **FIX            4
 **********
 **********
 **   49 **FIX            5
 **********
 PARAMETER    5  IS CONSTANT.   IGNORED.
 **********
 **   50 **FIX            6
 **********
 **********
 **   51 **FIX            7
 **********
 **********
 **   52 **FIX           10
 **********
 PARAMETER   10  IS CONSTANT.   IGNORED.
 **********
 **   53 **FIX           11
 **********
 PARAMETER   11  IS CONSTANT.   IGNORED.
 **********
 **   54 **FIX           12
 **********
 PARAMETER   12  IS CONSTANT.   IGNORED.
 **********
 **   55 **FIX           13
 **********
 PARAMETER   13  IS CONSTANT.   IGNORED.
 **********
 **   56 **FIX           14
 **********
 **********
 **   57 **FIX           15
 **********
 PARAMETER   15  IS CONSTANT.   IGNORED.
 **********
 **   58 **FIX           16
 **********
 PARAMETER   16  IS CONSTANT.   IGNORED.
 **********
 **   59 **MIGRAD
 **********
 START MIGRAD MINIMIZATION.  STRATEGY  1.  CONVERGENCE WHEN EDM .LT. 1.00e-04
 FCN=5195.71 FROM MIGRAD    STATUS=INITIATE       12 CALLS         525 TOTAL
                     EDM= unknown      STRATEGY= 1      NO ERROR MATRIX       
  EXT PARAMETER               CURRENT GUESS       STEP         FIRST   
  NO.   NAME      VALUE            ERROR          SIZE      DERIVATIVE 
   1  N0           3.00084e+06     fixed    
   2  tau          6.44001e+01   constant   
   3  A0           3.48528e-01     fixed    
   4  phi          4.11712e+00     fixed    
   5  R           -6.22301e+01   constant   
   6  A_CBO        1.44139e-03     fixed    
   7  w_CBO        2.32722e+00     fixed    
   8  phi_CBO      1.57674e+00   3.67925e-02   3.67925e-02  -8.81388e+01
   9  ANx2         8.68669e-04   constant   
  10  pNx2         4.82289e+00   constant   
  11  ANy1         0.00000e+00   constant   
  12  pNy1         0.00000e+00   constant   
  13  w_y          0.00000e+00   constant   
  14  ANy2         1.37214e-03     fixed    
  15  pNy2         1.49923e+00   constant   
  16  w_vw         1.43037e+01   constant   
  17  LM          -2.26665e-04   constant   
  18  wCBO_expCoeff   2.00000e+02   4.49817e-05  -0.00000e+00   1.10000e+06
  19  wCBO_expOffset   2.00000e+02   4.75190e-05  -0.00000e+00   2.80653e+05
  20  wCBO_expT    2.99999e+01   8.47756e-06  -0.00000e+00   1.06120e+07
  21  wCBO_linCoeff   0.00000e+00   constant   
  22  wCBO_const   9.75308e-03   8.01082e-04   0.00000e+00  -2.02877e+03
 MIGRAD FAILS TO FIND IMPROVEMENT
 FCN=5193.38 FROM HESSE     STATUS=NOT POSDEF     37 CALLS         586 TOTAL
                     EDM=3189.92    STRATEGY= 1      ERR MATRIX NOT POS-DEF
  EXT PARAMETER                APPROXIMATE        STEP         FIRST   
  NO.   NAME      VALUE            ERROR          SIZE      DERIVATIVE 
   1  N0           3.00084e+06     fixed    
   2  tau          6.44001e+01   constant   
   3  A0           3.48528e-01     fixed    
   4  phi          4.11712e+00     fixed    
   5  R           -6.22301e+01   constant   
   6  A_CBO        1.44139e-03     fixed    
   7  w_CBO        2.32722e+00     fixed    
   8  phi_CBO      1.63919e+00   1.01832e+00   4.15727e-03  -7.13250e+01
   9  ANx2         8.68669e-04   constant   
  10  pNx2         4.82289e+00   constant   
  11  ANy1         0.00000e+00   constant   
  12  pNy1         0.00000e+00   constant   
  13  w_y          0.00000e+00   constant   
  14  ANy2         1.37214e-03     fixed    
  15  pNy2         1.49923e+00   constant   
  16  w_vw         1.43037e+01   constant   
  17  LM          -2.26665e-04   constant   
  18  wCBO_expCoeff   2.00000e+02   4.97013e-05   9.53674e-05  -1.16285e+06
  19  wCBO_expOffset   2.00000e+02   1.38996e-04   9.53672e-05   1.27300e+06
  20  wCBO_expT    2.99999e+01   8.41615e-06   1.43051e-05   5.70668e+06
  21  wCBO_linCoeff   0.00000e+00   constant   
  22  wCBO_const   9.78858e-03   2.63908e-03   2.06594e-05  -6.78633e+03
 MIGRAD FAILS TO FIND IMPROVEMENT
 MIGRAD TERMINATED WITHOUT CONVERGENCE.
 FCN=5193.38 FROM MIGRAD    STATUS=FAILED         84 CALLS         597 TOTAL
                     EDM=3189.92    STRATEGY= 1      ERR MATRIX NOT POS-DEF
  EXT PARAMETER                APPROXIMATE        STEP         FIRST   
  NO.   NAME      VALUE            ERROR          SIZE      DERIVATIVE 
   1  N0           3.00084e+06     fixed    
   2  tau          6.44001e+01   constant   
   3  A0           3.48528e-01     fixed    
   4  phi          4.11712e+00     fixed    
   5  R           -6.22301e+01   constant   
   6  A_CBO        1.44139e-03     fixed    
   7  w_CBO        2.32722e+00     fixed    
   8  phi_CBO      1.63919e+00   1.01832e+00  -0.00000e+00  -7.13250e+01
   9  ANx2         8.68669e-04   constant   
  10  pNx2         4.82289e+00   constant   
  11  ANy1         0.00000e+00   constant   
  12  pNy1         0.00000e+00   constant   
  13  w_y          0.00000e+00   constant   
  14  ANy2         1.37214e-03     fixed    
  15  pNy2         1.49923e+00   constant   
  16  w_vw         1.43037e+01   constant   
  17  LM          -2.26665e-04   constant   
  18  wCBO_expCoeff   2.00000e+02   4.97013e-05  -0.00000e+00  -1.16285e+06
  19  wCBO_expOffset   2.00000e+02   1.38996e-04  -0.00000e+00   1.27300e+06
  20  wCBO_expT    2.99999e+01   8.41615e-06  -0.00000e+00   5.70668e+06
  21  wCBO_linCoeff   0.00000e+00   constant   
  22  wCBO_const   9.78858e-03   2.63908e-03   0.00000e+00  -6.78633e+03
 EXTERNAL ERROR MATRIX.    NDIM=  25    NPAR=  5    ERR DEF=1
  1.037e+00  5.019e-05  1.407e-04  8.488e-06 -2.594e-03 
  5.019e-05  2.470e-09  6.870e-09  4.169e-10 -1.281e-07 
  1.407e-04  6.870e-09  1.932e-08  1.163e-09 -3.572e-07 
  8.488e-06  4.169e-10  1.163e-09  7.083e-11 -2.171e-08 
 -2.594e-03 -1.281e-07 -3.572e-07 -2.171e-08  6.965e-06 
ERR MATRIX NOT POS-DEF
 PARAMETER  CORRELATION COEFFICIENTS  
       NO.  GLOBAL      8     18     19     20     22
        8  0.99481   1.000  0.992  0.994  0.990 -0.965
       18  0.99748   0.992  1.000  0.994  0.997 -0.977
       19  0.99667   0.994  0.994  1.000  0.994 -0.974
       20  0.99722   0.990  0.997  0.994  1.000 -0.978
       22  0.97932  -0.965 -0.977 -0.974 -0.978  1.000
 ERR MATRIX NOT POS-DEF
MINUIT - FIT ONLY 1-y
 **********
 **   60 **RES 
 **********
                   PARAMETER   14  ANy2 RESTORED TO VARIABLE.
                   PARAMETER    7  w_CBO RESTORED TO VARIABLE.
                   PARAMETER    6  A_CBO RESTORED TO VARIABLE.
                   PARAMETER    4  phi RESTORED TO VARIABLE.
                   PARAMETER    3  A0 RESTORED TO VARIABLE.
                   PARAMETER    1  N0 RESTORED TO VARIABLE.
 **********
 **   61 **FIX            0
 **********
 PARAMETER    0  IS UNDEFINED. IGNORED.
 **********
 **   62 **FIX            1
 **********
 **********
 **   63 **FIX            2
 **********
 PARAMETER    2  IS CONSTANT.   IGNORED.
 **********
 **   64 **FIX            3
 **********
 **********
 **   65 **FIX            4
 **********
 **********
 **   66 **FIX            5
 **********
 PARAMETER    5  IS CONSTANT.   IGNORED.
 **********
 **   67 **FIX            6
 **********
 **********
 **   68 **FIX            7
 **********
 **********
 **   69 **FIX            8
 **********
 **********
 **   70 **FIX            9
 **********
 PARAMETER    9  IS CONSTANT.   IGNORED.
 **********
 **   71 **FIX           13
 **********
 PARAMETER   13  IS CONSTANT.   IGNORED.
 **********
 **   72 **FIX           14
 **********
 **********
 **   73 **FIX           15
 **********
 PARAMETER   15  IS CONSTANT.   IGNORED.
 **********
 **   74 **FIX           16
 **********
 PARAMETER   16  IS CONSTANT.   IGNORED.
 **********
 **   75 **MIGRAD
 **********
 START MIGRAD MINIMIZATION.  STRATEGY  1.  CONVERGENCE WHEN EDM .LT. 1.00e-04
 FCN=5193.38 FROM MIGRAD    STATUS=INITIATE        8 CALLS         605 TOTAL
                     EDM= unknown      STRATEGY= 1      NO ERROR MATRIX       
  EXT PARAMETER               CURRENT GUESS       STEP         FIRST   
  NO.   NAME      VALUE            ERROR          SIZE      DERIVATIVE 
   1  N0           3.00084e+06     fixed    
   2  tau          6.44001e+01   constant   
   3  A0           3.48528e-01     fixed    
   4  phi          4.11712e+00     fixed    
   5  R           -6.22301e+01   constant   
   6  A_CBO        1.44139e-03     fixed    
   7  w_CBO        2.32722e+00     fixed    
   8  phi_CBO      1.63919e+00     fixed    
   9  ANx2         8.68669e-04   constant   
  10  pNx2         4.82289e+00   constant   
  11  ANy1         0.00000e+00   constant   
  12  pNy1         0.00000e+00   constant   
  13  w_y          0.00000e+00   constant   
  14  ANy2         1.37214e-03     fixed    
  15  pNy2         1.49923e+00   constant   
  16  w_vw         1.43037e+01   constant   
  17  LM          -2.26665e-04   constant   
  18  wCBO_expCoeff   2.00000e+02   4.97013e-05  -0.00000e+00   9.58828e+05
  19  wCBO_expOffset   2.00000e+02   1.38996e-04  -0.00000e+00   3.23090e+05
  20  wCBO_expT    2.99999e+01   8.41615e-06  -0.00000e+00   9.62754e+06
  21  wCBO_linCoeff   0.00000e+00   constant   
  22  wCBO_const   9.78858e-03   2.63908e-03   0.00000e+00  -6.78631e+03
 MIGRAD FAILS TO FIND IMPROVEMENT
 FCN=5193.38 FROM HESSE     STATUS=NOT POSDEF     29 CALLS         641 TOTAL
                     EDM=6577.15    STRATEGY= 1      ERR MATRIX NOT POS-DEF
  EXT PARAMETER                APPROXIMATE        STEP         FIRST   
  NO.   NAME      VALUE            ERROR          SIZE      DERIVATIVE 
   1  N0           3.00084e+06     fixed    
   2  tau          6.44001e+01   constant   
   3  A0           3.48528e-01     fixed    
   4  phi          4.11712e+00     fixed    
   5  R           -6.22301e+01   constant   
   6  A_CBO        1.44139e-03     fixed    
   7  w_CBO        2.32722e+00     fixed    
   8  phi_CBO      1.63919e+00     fixed    
   9  ANx2         8.68669e-04   constant   
  10  pNx2         4.82289e+00   constant   
  11  ANy1         0.00000e+00   constant   
  12  pNy1         0.00000e+00   constant   
  13  w_y          0.00000e+00   constant   
  14  ANy2         1.37214e-03     fixed    
  15  pNy2         1.49923e+00   constant   
  16  w_vw         1.43037e+01   constant   
  17  LM          -2.26665e-04   constant   
  18  wCBO_expCoeff   2.00000e+02   5.60323e-05   9.53674e-05  -1.16285e+06
  19  wCBO_expOffset   2.00000e+02   1.07718e-04   9.53672e-05   1.27300e+06
  20  wCBO_expT    2.99999e+01   1.02566e-05   1.43051e-05   5.70668e+06
  21  wCBO_linCoeff   0.00000e+00   constant   
  22  wCBO_const   9.78858e-03   4.69816e-03   2.09564e-05  -6.78632e+03
 MIGRAD FAILS TO FIND IMPROVEMENT
 MIGRAD TERMINATED WITHOUT CONVERGENCE.
 FCN=5153.32 FROM MIGRAD    STATUS=FAILED         68 CALLS         665 TOTAL
                     EDM=1076.65    STRATEGY= 1      ERR MATRIX NOT POS-DEF
  EXT PARAMETER                APPROXIMATE        STEP         FIRST   
  NO.   NAME      VALUE            ERROR          SIZE      DERIVATIVE 
   1  N0           3.00084e+06     fixed    
   2  tau          6.44001e+01   constant   
   3  A0           3.48528e-01     fixed    
   4  phi          4.11712e+00     fixed    
   5  R           -6.22301e+01   constant   
   6  A_CBO        1.44139e-03     fixed    
   7  w_CBO        2.32722e+00     fixed    
   8  phi_CBO      1.63919e+00     fixed    
   9  ANx2         8.68669e-04   constant   
  10  pNx2         4.82289e+00   constant   
  11  ANy1         0.00000e+00   constant   
  12  pNy1         0.00000e+00   constant   
  13  w_y          0.00000e+00   constant   
  14  ANy2         1.37214e-03     fixed    
  15  pNy2         1.49923e+00   constant   
  16  w_vw         1.43037e+01   constant   
  17  LM          -2.26665e-04   constant   
  18  wCBO_expCoeff   1.99996e+02   4.83464e-05   0.00000e+00   3.12925e+06
  19  wCBO_expOffset   1.99991e+02   9.22259e-05   0.00000e+00  -6.61987e+05
  20  wCBO_expT    2.99991e+01   8.82089e-06   0.00000e+00  -1.24148e+06
  21  wCBO_linCoeff   0.00000e+00   constant   
  22  wCBO_const   3.87755e-01   3.99419e-03  -0.00000e+00   3.27960e+04
 EXTERNAL ERROR MATRIX.    NDIM=  25    NPAR=  4    ERR DEF=1
  2.337e-09  4.415e-09  4.250e-10 -1.909e-07 
  4.415e-09  8.506e-09  8.056e-10 -3.626e-07 
  4.250e-10  8.056e-10  7.781e-11 -3.484e-08 
 -1.909e-07 -3.626e-07 -3.484e-08  1.595e-05 
ERR MATRIX NOT POS-DEF
 PARAMETER  CORRELATION COEFFICIENTS  
       NO.  GLOBAL     18     19     20     22
       18  0.99697   1.000  0.990  0.997 -0.988
       19  0.99137   0.990  1.000  0.990 -0.984
       20  0.99711   0.997  0.990  1.000 -0.989
       22  0.98991  -0.988 -0.984 -0.989  1.000
 ERR MATRIX NOT POS-DEF
MINUIT - FIT ONLY 2-y
 **********
 **   76 **RES 
 **********
                   PARAMETER   14  ANy2 RESTORED TO VARIABLE.
                   PARAMETER    8  phi_CBO RESTORED TO VARIABLE.
                   PARAMETER    7  w_CBO RESTORED TO VARIABLE.
                   PARAMETER    6  A_CBO RESTORED TO VARIABLE.
                   PARAMETER    4  phi RESTORED TO VARIABLE.
                   PARAMETER    3  A0 RESTORED TO VARIABLE.
                   PARAMETER    1  N0 RESTORED TO VARIABLE.
 **********
 **   77 **FIX            0
