 + ++++++++++++++++++++++++++++++++++++++++++++++++++++++++++++++++++++ +
 +                                                                      +
 +           You have chose to blind your fitting according to          +
 +                omega_ref * (1 + (R +/- deltaR) *10^{-6})             +
 +                                                                      +
 + ++++++++++++++++++++++++++++++++++++++++++++++++++++++++++++++++++++ +
In main()...
reading format from /gm2data/zkhechad/run45/envelope/formats/formatB_sBin_constraintOn.txt
pBinTau 	= 0  
pBinPhi 	= 0  
constraintau 	= 1 
includeMopTerm 	= 0    
constrainMop    = 0   
Parameters after format file: pBinTau 0 pBinPhi 0 constraintau 1 includeMopTerm 0 constrainMop 0 c_e_scale 0.000000 
reading cbo reference file (full fit) from /gm2data/zkhechad/cboTemplates/Run4CBOTemplates/fullFits/run4/sBin_constraintOn_cE0.0_seed0_run4_calo16.root
A_CBO 0.009336 w_CBO 2.326091 phi_CBO 1.561564 N0 3000865.229519 R -62.230085 tau 64.400102 
Reading cboRef file /gm2data/zkhechad/cboTemplates/Run4CBOTemplates//cboIsolate/run4_calo16.root
deltaT 164.120000
windowBins = 1100
fitting sliding window 2300 from bin 2503 at 373.447600 to bin 3603 at 537.567600 (1100 bins)

Reading data from /gm2data/cornell/histograms/aMethod/histogram_a_run4.root
fitting cbo isolate
 **********
 **    1 **SET PRINTOUT            1
 **********
 **********
 **    2 **SET NOWARNINGS 
 **********
 PARAMETER DEFINITIONS:
    NO.   NAME         VALUE      STEP SIZE      LIMITS
     1 A_CBO        9.33615e-03  1.00000e-05     no limits
     2 w_CBO        2.32609e+00  1.00000e-02    2.00000e+00  3.00000e+00
     3 phi_CBO      1.56156e+00  1.00000e-02    0.00000e+00  6.28319e+00
 **********
 **    3 **MIGRAD
 **********
 FIRST CALL TO USER FUNCTION AT NEW START POINT, WITH IFLAG=4.
 START MIGRAD MINIMIZATION.  STRATEGY  1.  CONVERGENCE WHEN EDM .LT. 1.00e-04
 FCN=0.242892 FROM MIGRAD    STATUS=INITIATE       12 CALLS          13 TOTAL
                     EDM= unknown      STRATEGY= 1      NO ERROR MATRIX       
  EXT PARAMETER               CURRENT GUESS       STEP         FIRST   
  NO.   NAME      VALUE            ERROR          SIZE      DERIVATIVE 
   1  A_CBO        9.33615e-03   1.00000e-05   1.00000e-05   8.13073e+00
   2  w_CBO        2.32609e+00   1.00000e-02   2.13342e-02  -9.29295e-01
   3  phi_CBO      1.56156e+00   1.00000e-02   3.68279e-03   1.12611e-02
 MIGRAD MINIMIZATION HAS CONVERGED.
 MIGRAD WILL VERIFY CONVERGENCE AND ERROR MATRIX.
 COVARIANCE MATRIX CALCULATED SUCCESSFULLY
 FCN=0.212811 FROM MIGRAD    STATUS=CONVERGED      49 CALLS          50 TOTAL
                     EDM=1.91342e-05    STRATEGY= 1      ERROR MATRIX ACCURATE 
  EXT PARAMETER                                   STEP         FIRST   
  NO.   NAME      VALUE            ERROR          SIZE      DERIVATIVE 
   1  A_CBO        1.92671e-03   4.27416e-02   2.29347e-05  -7.77519e-02
   2  w_CBO        2.32632e+00   6.61113e-01   5.36187e-05  -9.57753e-04
   3  phi_CBO      1.46560e+00   3.66420e+00   4.66075e-03  -4.94977e-05
 EXTERNAL ERROR MATRIX.    NDIM=  25    NPAR=  3    ERR DEF=1
  1.827e-03 -1.604e-03 -7.488e-01 
 -1.604e-03  2.602e-01  1.208e+02 
 -7.488e-01  1.208e+02  5.655e+04 
 PARAMETER  CORRELATION COEFFICIENTS  
       NO.  GLOBAL      1      2      3
        1  0.07371   1.000 -0.074 -0.074
        2  0.99581  -0.074  1.000  0.996
        3  0.99581  -0.074  0.996  1.000
setting A_CBO=0.001927 w_CBO=2.326316, phi_CBO=1.465596
done fitting cbo isolate
 **********
 **    1 **SET PRINTOUT            1
 **********
 **********
 **    2 **SET NOWARNINGS 
 **********
 PARAMETER DEFINITIONS:
    NO.   NAME         VALUE      STEP SIZE      LIMITS
     1 N0           3.00087e+06  1.00000e+02     no limits
     2 tau          6.44001e+01  constant
     3 A0           3.49583e-01  1.00000e-04     no limits
     4 phi          4.11719e+00  1.00000e-02     no limits
     5 R           -6.22301e+01  constant
     6 A_CBO        1.92671e-03  1.00000e-05     no limits
     7 w_CBO        2.32632e+00  1.00000e-03     no limits
     8 phi_CBO      1.46560e+00  1.00000e-04     no limits
     9 ANx2         8.68669e-04  constant
    10 pNx2         4.82289e+00  constant
    11 ANy1         0.00000e+00  constant
    12 pNy1         0.00000e+00  constant
    13 w_y          0.00000e+00  constant
    14 ANy2         6.17882e-03  1.00000e-04     no limits
    15 pNy2         1.49923e+00  constant
    16 w_vw         1.43037e+01  constant
    17 LM          -2.26665e-04  constant
    18 wCBO_expCoeff   2.00000e+02  1.00000e+00     no limits
    19 wCBO_expOffset   2.00000e+02  1.00000e+00     no limits
    20 wCBO_expT    3.00000e+01  1.00000e+00     no limits
    21 wCBO_linCoeff   0.00000e+00  constant
    22 wCBO_const   0.00000e+00  1.00000e-02     no limits
MINUIT - FIT ONLY WIGGLE
 **********
 **    3 **FIX            5
 **********
 PARAMETER    5  IS CONSTANT.   IGNORED.
 **********
 **    4 **FIX            6
 **********
 **********
 **    5 **FIX            7
 **********
 **********
 **    6 **FIX            8
 **********
 **********
 **    7 **FIX            9
 **********
 PARAMETER    9  IS CONSTANT.   IGNORED.
 **********
 **    8 **FIX           10
 **********
 PARAMETER   10  IS CONSTANT.   IGNORED.
 **********
 **    9 **FIX           11
 **********
 PARAMETER   11  IS CONSTANT.   IGNORED.
 **********
 **   10 **FIX           12
 **********
 PARAMETER   12  IS CONSTANT.   IGNORED.
 **********
 **   11 **FIX           13
 **********
 PARAMETER   13  IS CONSTANT.   IGNORED.
 **********
 **   12 **FIX           14
 **********
 **********
 **   13 **FIX           15
 **********
 PARAMETER   15  IS CONSTANT.   IGNORED.
 **********
 **   14 **FIX           16
 **********
 PARAMETER   16  IS CONSTANT.   IGNORED.
 **********
 **   15 **MIGRAD
 **********
 FIRST CALL TO USER FUNCTION AT NEW START POINT, WITH IFLAG=4.
 START MIGRAD MINIMIZATION.  STRATEGY  1.  CONVERGENCE WHEN EDM .LT. 1.00e-04
 FCN=343.151 FROM MIGRAD    STATUS=INITIATE       57 CALLS          58 TOTAL
                     EDM= unknown      STRATEGY= 1      NO ERROR MATRIX       
  EXT PARAMETER               CURRENT GUESS       STEP         FIRST   
  NO.   NAME      VALUE            ERROR          SIZE      DERIVATIVE 
   1  N0           3.00087e+06   1.00000e+02   0.00000e+00   7.35879e-04
   2  tau          6.44001e+01   constant   
   3  A0           3.49583e-01   1.00000e-04   0.00000e+00   1.58493e+02
   4  phi          4.11719e+00   1.00000e-02   0.00000e+00   5.11482e+02
   5  R           -6.22301e+01   constant   
   6  A_CBO        1.92671e-03     fixed    
   7  w_CBO        2.32632e+00     fixed    
   8  phi_CBO      1.46560e+00     fixed    
   9  ANx2         8.68669e-04   constant   
  10  pNx2         4.82289e+00   constant   
  11  ANy1         0.00000e+00   constant   
  12  pNy1         0.00000e+00   constant   
  13  w_y          0.00000e+00   constant   
  14  ANy2         6.17882e-03     fixed    
  15  pNy2         1.49923e+00   constant   
  16  w_vw         1.43037e+01   constant   
  17  LM          -2.26665e-04   constant   
  18  wCBO_expCoeff   2.00616e+02   1.00000e+00   6.16063e-01   6.79332e-03
  19  wCBO_expOffset   2.00000e+02   1.00000e+00   0.00000e+00   4.54310e-02
  20  wCBO_expT    3.00000e+01   1.00000e+00   0.00000e+00  -2.40371e+01
  21  wCBO_linCoeff   0.00000e+00   constant   
  22  wCBO_const   0.00000e+00   1.00000e-02   0.00000e+00  -2.57525e+03
 MIGRAD MINIMIZATION HAS CONVERGED.
 FCN=337.148 FROM MIGRAD    STATUS=CONVERGED     214 CALLS         215 TOTAL
                     EDM=4.82116e-07    STRATEGY= 1  ERROR MATRIX UNCERTAINTY   2.1 per cent
  EXT PARAMETER                                   STEP         FIRST   
  NO.   NAME      VALUE            ERROR          SIZE      DERIVATIVE 
   1  N0           2.99951e+06   1.83911e+03   6.72079e-01   2.09320e-07
   2  tau          6.44001e+01   constant   
   3  A0           3.49634e-01   8.21110e-04  -5.35347e-07  -1.67796e-01
   4  phi          4.11549e+00   2.44572e-03  -1.15742e-06  -1.98992e-01
   5  R           -6.22301e+01   constant   
   6  A_CBO        1.92671e-03     fixed    
   7  w_CBO        2.32632e+00     fixed    
   8  phi_CBO      1.46560e+00     fixed    
   9  ANx2         8.68669e-04   constant   
  10  pNx2         4.82289e+00   constant   
  11  ANy1         0.00000e+00   constant   
  12  pNy1         0.00000e+00   constant   
  13  w_y          0.00000e+00   constant   
  14  ANy2         6.17882e-03     fixed    
  15  pNy2         1.49923e+00   constant   
  16  w_vw         1.43037e+01   constant   
  17  LM          -2.26665e-04   constant   
  18  wCBO_expCoeff   2.00700e+02   3.40357e+00   6.47408e-03   2.71827e-03
  19  wCBO_expOffset   2.00013e+02   5.08234e-01   9.67131e-04   1.82050e-02
  20  wCBO_expT    2.99719e+01   1.79755e-01  -3.53684e-04   1.10624e-01
  21  wCBO_linCoeff   0.00000e+00   constant   
  22  wCBO_const   2.23507e-03   1.26005e-03   5.59980e-06   5.94961e-01
 EXTERNAL ERROR MATRIX.    NDIM=  25    NPAR=  7    ERR DEF=1
  3.382e+06  1.849e-02 -8.830e-03  1.128e+01  1.681e+00 -7.122e-04 -6.688e-02 
  1.849e-02  6.742e-07  2.814e-08 -6.212e-05 -9.272e-06  3.838e-06 -7.394e-08 
 -8.830e-03  2.814e-08  5.982e-06 -5.901e-04 -8.811e-05  3.267e-05 -2.801e-07 
  1.128e+01 -6.212e-05 -5.901e-04  1.158e+01  1.718e+00 -6.096e-01  3.339e-03 
  1.681e+00 -9.272e-06 -8.811e-05  1.718e+00  2.583e-01 -9.103e-02  4.985e-04 
 -7.122e-04  3.838e-06  3.267e-05 -6.096e-01 -9.103e-02  3.231e-02 -1.834e-04 
 -6.688e-02 -7.394e-08 -2.801e-07  3.339e-03  4.985e-04 -1.834e-04  1.588e-06 
 PARAMETER  CORRELATION COEFFICIENTS  
       NO.  GLOBAL      1      3      4     18     19     20     22
        1  0.05222   1.000  0.012 -0.002  0.002  0.002 -0.000 -0.029
        3  0.09124   0.012  1.000  0.014 -0.022 -0.022  0.026 -0.071
        4  0.09284  -0.002  0.014  1.000 -0.071 -0.071  0.074 -0.091
       18  0.99796   0.002 -0.022 -0.071  1.000  0.993 -0.996  0.778
       19  0.99796   0.002 -0.022 -0.071  0.993  1.000 -0.996  0.778
       20  0.99935  -0.000  0.026  0.074 -0.996 -0.996  1.000 -0.810
       22  0.93127  -0.029 -0.071 -0.091  0.778  0.778 -0.810  1.000
MINUIT - FIT ONLY 1-CBO + other amplitudes 
 **********
 **   16 **RES 
 **********
                   PARAMETER   14  ANy2 RESTORED TO VARIABLE.
                   PARAMETER    8  phi_CBO RESTORED TO VARIABLE.
                   PARAMETER    7  w_CBO RESTORED TO VARIABLE.
                   PARAMETER    6  A_CBO RESTORED TO VARIABLE.
 **********
 **   17 **FIX            0
 **********
 PARAMETER    0  IS UNDEFINED. IGNORED.
 **********
 **   18 **FIX            1
 **********
 **********
 **   19 **FIX            2
 **********
 PARAMETER    2  IS CONSTANT.   IGNORED.
 **********
 **   20 **FIX            3
 **********
 **********
 **   21 **FIX            4
 **********
 **********
 **   22 **FIX            9
 **********
 PARAMETER    9  IS CONSTANT.   IGNORED.
 **********
 **   23 **FIX           11
 **********
 PARAMETER   11  IS CONSTANT.   IGNORED.
 **********
 **   24 **FIX           12
 **********
 PARAMETER   12  IS CONSTANT.   IGNORED.
 **********
 **   25 **FIX           14
 **********
 **********
 **   26 **FIX           15
 **********
 PARAMETER   15  IS CONSTANT.   IGNORED.
 **********
 **   27 **FIX           16
 **********
 PARAMETER   16  IS CONSTANT.   IGNORED.
 **********
 **   28 **MIGRAD
 **********
 START MIGRAD MINIMIZATION.  STRATEGY  1.  CONVERGENCE WHEN EDM .LT. 1.00e-04
 FCN=337.148 FROM MIGRAD    STATUS=INITIATE       20 CALLS         235 TOTAL
                     EDM= unknown      STRATEGY= 1      NO ERROR MATRIX       
  EXT PARAMETER               CURRENT GUESS       STEP         FIRST   
  NO.   NAME      VALUE            ERROR          SIZE      DERIVATIVE 
   1  N0           2.99951e+06     fixed    
   2  tau          6.44001e+01   constant   
   3  A0           3.49634e-01     fixed    
   4  phi          4.11549e+00     fixed    
   5  R           -6.22301e+01   constant   
   6  A_CBO        1.92671e-03   1.00000e-05   1.00000e-05   1.29013e+03
   7  w_CBO        2.32632e+00   1.00000e-03   1.00000e-03   4.91477e-01
   8  phi_CBO      1.46560e+00   1.00000e-04   1.00000e-04   6.85319e-01
   9  ANx2         8.68669e-04   constant   
  10  pNx2         4.82289e+00   constant   
  11  ANy1         0.00000e+00   constant   
  12  pNy1         0.00000e+00   constant   
  13  w_y          0.00000e+00   constant   
  14  ANy2         6.17882e-03     fixed    
  15  pNy2         1.49923e+00   constant   
  16  w_vw         1.43037e+01   constant   
  17  LM          -2.26665e-04   constant   
  18  wCBO_expCoeff   2.00700e+02   3.40357e+00   6.47408e-03   2.71827e-03
  19  wCBO_expOffset   2.00013e+02   5.08234e-01   9.67131e-04   1.82050e-02
  20  wCBO_expT    2.99719e+01   1.79755e-01  -3.53684e-04   1.10624e-01
  21  wCBO_linCoeff   0.00000e+00   constant   
  22  wCBO_const   2.23507e-03   1.26005e-03   5.59980e-06   5.94955e-01
 MIGRAD MINIMIZATION HAS CONVERGED.
 MIGRAD WILL VERIFY CONVERGENCE AND ERROR MATRIX.
 FCN=336.734 FROM MIGRAD    STATUS=CONVERGED     203 CALLS         418 TOTAL
                     EDM=9.02591e-06    STRATEGY= 1      ERR MATRIX NOT POS-DEF
  EXT PARAMETER                APPROXIMATE        STEP         FIRST   
  NO.   NAME      VALUE            ERROR          SIZE      DERIVATIVE 
   1  N0           2.99951e+06     fixed    
   2  tau          6.44001e+01   constant   
   3  A0           3.49634e-01     fixed    
   4  phi          4.11549e+00     fixed    
   5  R           -6.22301e+01   constant   
   6  A_CBO        1.44743e-03   8.79729e-04   7.66967e-06   9.72566e-01
   7  w_CBO        2.32641e+00   8.17366e-03   8.18166e-06  -1.79965e+00
   8  phi_CBO      1.13985e+00   9.33937e-01   5.46832e-03  -1.41425e-03
   9  ANx2         8.68669e-04   constant   
  10  pNx2         4.82289e+00   constant   
  11  ANy1         0.00000e+00   constant   
  12  pNy1         0.00000e+00   constant   
  13  w_y          0.00000e+00   constant   
  14  ANy2         6.17882e-03     fixed    
  15  pNy2         1.49923e+00   constant   
  16  w_vw         1.43037e+01   constant   
  17  LM          -2.26665e-04   constant   
  18  wCBO_expCoeff   2.01152e+02   3.36406e+00   2.74934e-03  -6.89367e-03
  19  wCBO_expOffset   2.00080e+02   5.01089e-01   4.10083e-04  -4.63008e-02
  20  wCBO_expT    2.99492e+01   7.74021e-02   6.76898e-05  -2.48971e-01
  21  wCBO_linCoeff   0.00000e+00   constant   
  22  wCBO_const   2.02836e-03   3.53683e-03   4.44804e-06  -2.79441e+00
 EXTERNAL ERROR MATRIX.    NDIM=  25    NPAR=  7    ERR DEF=1
  7.739e-07  9.176e-08 -1.157e-05 -6.716e-05 -1.005e-05  5.411e-07  7.777e-08 
  9.176e-08  6.681e-05  3.269e-04 -1.929e-03 -2.886e-04 -5.520e-05 -2.783e-05 
 -1.157e-05  3.269e-04  8.722e-01 -2.351e-01 -3.511e-02  1.252e-02  2.875e-04 
 -6.716e-05 -1.929e-03 -2.351e-01  1.132e+01 -1.002e+00 -1.122e-01  1.055e-03 
 -1.005e-05 -2.886e-04 -3.511e-02 -1.002e+00  2.511e-01 -1.674e-02  1.577e-04 
  5.411e-07 -5.520e-05  1.252e-02 -1.122e-01 -1.674e-02  5.991e-03  3.136e-06 
  7.777e-08 -2.783e-05  2.875e-04  1.055e-03  1.577e-04  3.136e-06  1.251e-05 
ERR MATRIX NOT POS-DEF
 PARAMETER  CORRELATION COEFFICIENTS  
       NO.  GLOBAL      6      7      8     18     19     20     22
        6  0.25186   1.000  0.013 -0.014 -0.023 -0.023  0.008  0.025
        7  0.99382   0.013  1.000  0.043 -0.070 -0.070 -0.087 -0.963
        8  0.75918  -0.014  0.043  1.000 -0.075 -0.075  0.173  0.087
       18  0.99594  -0.023 -0.070 -0.075  1.000 -0.595 -0.431  0.089
       19  0.99594  -0.023 -0.070 -0.075 -0.595  1.000 -0.432  0.089
       20  0.99537   0.008 -0.087  0.173 -0.431 -0.432  1.000  0.011
       22  0.99015   0.025 -0.963  0.087  0.089  0.089  0.011  1.000
 ERR MATRIX NOT POS-DEF
MINUIT - FIT ONLY 1-CBO
 **********
 **   29 **RES 
 **********
                   PARAMETER   14  ANy2 RESTORED TO VARIABLE.
                   PARAMETER    4  phi RESTORED TO VARIABLE.
                   PARAMETER    3  A0 RESTORED TO VARIABLE.
                   PARAMETER    1  N0 RESTORED TO VARIABLE.
 **********
 **   30 **FIX            0
 **********
 PARAMETER    0  IS UNDEFINED. IGNORED.
 **********
 **   31 **FIX            1
 **********
 **********
 **   32 **FIX            2
 **********
 PARAMETER    2  IS CONSTANT.   IGNORED.
 **********
 **   33 **FIX            3
 **********
 **********
 **   34 **FIX            4
 **********
 **********
 **   35 **FIX            8
 **********
 **********
 **   36 **FIX            9
 **********
 PARAMETER    9  IS CONSTANT.   IGNORED.
 **********
 **   37 **FIX           11
 **********
 PARAMETER   11  IS CONSTANT.   IGNORED.
 **********
 **   38 **FIX           12
 **********
 PARAMETER   12  IS CONSTANT.   IGNORED.
 **********
 **   39 **FIX           13
 **********
 PARAMETER   13  IS CONSTANT.   IGNORED.
 **********
 **   40 **FIX           15
 **********
 PARAMETER   15  IS CONSTANT.   IGNORED.
 **********
 **   41 **FIX           16
 **********
 PARAMETER   16  IS CONSTANT.   IGNORED.
 **********
 **   42 **MIGRAD
 **********
 START MIGRAD MINIMIZATION.  STRATEGY  1.  CONVERGENCE WHEN EDM .LT. 1.00e-04
 FCN=336.734 FROM MIGRAD    STATUS=INITIATE       16 CALLS         434 TOTAL
                     EDM= unknown      STRATEGY= 1      NO ERROR MATRIX       
  EXT PARAMETER               CURRENT GUESS       STEP         FIRST   
  NO.   NAME      VALUE            ERROR          SIZE      DERIVATIVE 
   1  N0           2.99951e+06     fixed    
   2  tau          6.44001e+01   constant   
   3  A0           3.49634e-01     fixed    
   4  phi          4.11549e+00     fixed    
   5  R           -6.22301e+01   constant   
   6  A_CBO        1.44743e-03   8.79729e-04   7.66967e-06   9.72566e-01
   7  w_CBO        2.32641e+00   8.17366e-03   8.18166e-06  -1.79891e+00
   8  phi_CBO      1.13985e+00     fixed    
   9  ANx2         8.68669e-04   constant   
  10  pNx2         4.82289e+00   constant   
  11  ANy1         0.00000e+00   constant   
  12  pNy1         0.00000e+00   constant   
  13  w_y          0.00000e+00   constant   
  14  ANy2         6.17882e-03   1.00000e-04   1.00000e-04   1.46760e+04
  15  pNy2         1.49923e+00   constant   
  16  w_vw         1.43037e+01   constant   
  17  LM          -2.26665e-04   constant   
  18  wCBO_expCoeff   2.01152e+02   3.36406e+00   2.74934e-03  -6.87082e-03
  19  wCBO_expOffset   2.00080e+02   5.01089e-01   4.10083e-04  -4.61447e-02
  20  wCBO_expT    2.99492e+01   7.74021e-02   6.76898e-05  -2.48179e-01
  21  wCBO_linCoeff   0.00000e+00   constant   
  22  wCBO_const   2.02836e-03   3.53683e-03   4.44804e-06  -2.79829e+00
 MIGRAD MINIMIZATION HAS CONVERGED.
 MIGRAD WILL VERIFY CONVERGENCE AND ERROR MATRIX.
 FCN=295.886 FROM MIGRAD    STATUS=CONVERGED     203 CALLS         621 TOTAL
                     EDM=5.24456e-06    STRATEGY= 1      ERR MATRIX NOT POS-DEF
  EXT PARAMETER                APPROXIMATE        STEP         FIRST   
  NO.   NAME      VALUE            ERROR          SIZE      DERIVATIVE 
   1  N0           2.99951e+06     fixed    
   2  tau          6.44001e+01   constant   
   3  A0           3.49634e-01     fixed    
   4  phi          4.11549e+00     fixed    
   5  R           -6.22301e+01   constant   
   6  A_CBO        1.32423e-03   8.58179e-04   7.18078e-06   3.10715e+00
   7  w_CBO        2.32580e+00   1.08449e-02   9.61038e-06  -4.99249e-01
   8  phi_CBO      1.13985e+00     fixed    
   9  ANx2         8.68669e-04   constant   
  10  pNx2         4.82289e+00   constant   
  11  ANy1         0.00000e+00   constant   
  12  pNy1         0.00000e+00   constant   
  13  w_y          0.00000e+00   constant   
  14  ANy2         6.08216e-04   8.68420e-04   7.31078e-06  -9.08329e-01
  15  pNy2         1.49923e+00   constant   
  16  w_vw         1.43037e+01   constant   
  17  LM          -2.26665e-04   constant   
  18  wCBO_expCoeff   2.00096e+02   5.08528e+00   3.61159e-03  -2.32482e-03
  19  wCBO_expOffset   1.99923e+02   7.62695e-01   5.41538e-04  -1.55053e-02
  20  wCBO_expT    3.00015e+01   1.09794e-01   9.01987e-05  -1.00322e-01
  21  wCBO_linCoeff   0.00000e+00   constant   
  22  wCBO_const   2.17424e-03   4.66960e-03   4.93578e-06  -6.94453e-01
 EXTERNAL ERROR MATRIX.    NDIM=  25    NPAR=  7    ERR DEF=1
  7.365e-07  7.621e-08  1.884e-08  4.726e-06  6.932e-07 -1.968e-06  3.820e-08 
  7.621e-08  1.176e-04  7.299e-09 -3.277e-03 -4.944e-04 -9.907e-05 -4.976e-05 
  1.884e-08  7.299e-09  7.542e-07  5.336e-05  8.018e-06 -2.120e-06 -7.360e-09 
  4.726e-06 -3.277e-03  5.336e-05  2.586e+01 -2.527e+00 -2.249e-01  2.119e-03 
  6.932e-07 -4.944e-04  8.018e-06 -2.527e+00  5.817e-01 -3.377e-02  3.192e-04 
 -1.968e-06 -9.907e-05 -2.120e-06 -2.249e-01 -3.377e-02  1.205e-02 -3.699e-06 
  3.820e-08 -4.976e-05 -7.360e-09  2.119e-03  3.192e-04 -3.699e-06  2.181e-05 
ERR MATRIX NOT POS-DEF
 PARAMETER  CORRELATION COEFFICIENTS  
       NO.  GLOBAL      6      7     14     18     19     20     22
        6  0.13086   1.000  0.008  0.025  0.001  0.001 -0.021  0.010
        7  0.99446   0.008  1.000  0.001 -0.059 -0.060 -0.083 -0.983
       14  0.07063   0.025  0.001  1.000  0.012  0.012 -0.022 -0.002
       18  0.99645   0.001 -0.059  0.012  1.000 -0.652 -0.403  0.089
       19  0.99645   0.001 -0.060  0.012 -0.652  1.000 -0.403  0.090
       20  0.99525  -0.021 -0.083 -0.022 -0.403 -0.403  1.000 -0.007
       22  0.99210   0.010 -0.983 -0.002  0.089  0.090 -0.007  1.000
 ERR MATRIX NOT POS-DEF
MINUIT - FIT ONLY 2-CBO
 **********
 **   43 **RES 
 **********
                   PARAMETER    8  phi_CBO RESTORED TO VARIABLE.
                   PARAMETER    4  phi RESTORED TO VARIABLE.
                   PARAMETER    3  A0 RESTORED TO VARIABLE.
                   PARAMETER    1  N0 RESTORED TO VARIABLE.
 **********
 **   44 **FIX            0
 **********
 PARAMETER    0  IS UNDEFINED. IGNORED.
 **********
 **   45 **FIX            1
 **********
 **********
 **   46 **FIX            2
 **********
 PARAMETER    2  IS CONSTANT.   IGNORED.
 **********
 **   47 **FIX            3
 **********
 **********
 **   48 **FIX            4
 **********
 **********
 **   49 **FIX            5
 **********
 PARAMETER    5  IS CONSTANT.   IGNORED.
 **********
 **   50 **FIX            6
 **********
 **********
 **   51 **FIX            7
 **********
 **********
 **   52 **FIX           10
 **********
 PARAMETER   10  IS CONSTANT.   IGNORED.
 **********
 **   53 **FIX           11
 **********
 PARAMETER   11  IS CONSTANT.   IGNORED.
 **********
 **   54 **FIX           12
 **********
 PARAMETER   12  IS CONSTANT.   IGNORED.
 **********
 **   55 **FIX           13
 **********
 PARAMETER   13  IS CONSTANT.   IGNORED.
 **********
 **   56 **FIX           14
 **********
 **********
 **   57 **FIX           15
 **********
 PARAMETER   15  IS CONSTANT.   IGNORED.
 **********
 **   58 **FIX           16
 **********
 PARAMETER   16  IS CONSTANT.   IGNORED.
 **********
 **   59 **MIGRAD
 **********
 START MIGRAD MINIMIZATION.  STRATEGY  1.  CONVERGENCE WHEN EDM .LT. 1.00e-04
 FCN=295.886 FROM MIGRAD    STATUS=INITIATE       10 CALLS         631 TOTAL
                     EDM= unknown      STRATEGY= 1      NO ERROR MATRIX       
  EXT PARAMETER               CURRENT GUESS       STEP         FIRST   
  NO.   NAME      VALUE            ERROR          SIZE      DERIVATIVE 
   1  N0           2.99951e+06     fixed    
   2  tau          6.44001e+01   constant   
   3  A0           3.49634e-01     fixed    
   4  phi          4.11549e+00     fixed    
   5  R           -6.22301e+01   constant   
   6  A_CBO        1.32423e-03     fixed    
   7  w_CBO        2.32580e+00     fixed    
   8  phi_CBO      1.13985e+00   9.33937e-01   9.33937e-01   1.69806e-01
   9  ANx2         8.68669e-04   constant   
  10  pNx2         4.82289e+00   constant   
  11  ANy1         0.00000e+00   constant   
  12  pNy1         0.00000e+00   constant   
  13  w_y          0.00000e+00   constant   
  14  ANy2         6.08216e-04     fixed    
  15  pNy2         1.49923e+00   constant   
  16  w_vw         1.43037e+01   constant   
  17  LM          -2.26665e-04   constant   
  18  wCBO_expCoeff   2.00096e+02   5.08528e+00   3.61159e-03  -2.31194e-03
  19  wCBO_expOffset   1.99923e+02   7.62695e-01   5.41538e-04  -1.54172e-02
  20  wCBO_expT    3.00015e+01   1.09794e-01   9.01987e-05  -9.99091e-02
  21  wCBO_linCoeff   0.00000e+00   constant   
  22  wCBO_const   2.17424e-03   4.66960e-03   4.93578e-06  -6.97195e-01
 MIGRAD MINIMIZATION HAS CONVERGED.
 MIGRAD WILL VERIFY CONVERGENCE AND ERROR MATRIX.
 COVARIANCE MATRIX CALCULATED SUCCESSFULLY
 FCN=295.64 FROM MIGRAD    STATUS=CONVERGED     221 CALLS         842 TOTAL
                     EDM=2.05993e-06    STRATEGY= 1      ERROR MATRIX ACCURATE 
  EXT PARAMETER                                   STEP         FIRST   
  NO.   NAME      VALUE            ERROR          SIZE      DERIVATIVE 
   1  N0           2.99951e+06     fixed    
   2  tau          6.44001e+01   constant   
   3  A0           3.49634e-01     fixed    
   4  phi          4.11549e+00     fixed    
   5  R           -6.22301e+01   constant   
   6  A_CBO        1.32423e-03     fixed    
   7  w_CBO        2.32580e+00     fixed    
   8  phi_CBO     -2.45103e-01   1.15570e+00   6.01185e-03  -1.21560e-04
   9  ANx2         8.68669e-04   constant   
  10  pNx2         4.82289e+00   constant   
  11  ANy1         0.00000e+00   constant   
  12  pNy1         0.00000e+00   constant   
  13  w_y          0.00000e+00   constant   
  14  ANy2         6.08216e-04     fixed    
  15  pNy2         1.49923e+00   constant   
  16  w_vw         1.43037e+01   constant   
  17  LM          -2.26665e-04   constant   
  18  wCBO_expCoeff   2.05919e+02   7.50563e+00   4.32162e-03  -2.29451e-03
  19  wCBO_expOffset   2.00797e+02   1.08351e+00   6.23480e-04  -1.59070e-02
  20  wCBO_expT    2.97027e+01   2.03072e-01   9.77373e-05  -9.77186e-02
  21  wCBO_linCoeff   0.00000e+00   constant   
  22  wCBO_const   2.35791e-03   9.35314e-04   4.55073e-06  -2.12873e+00
 EXTERNAL ERROR MATRIX.    NDIM=  25    NPAR=  5    ERR DEF=1
  1.336e+00 -1.806e+00 -2.611e-01  9.211e-02  2.538e-04 
 -1.806e+00  5.633e+01 -2.876e+00 -8.625e-01  1.533e-03 
 -2.611e-01 -2.876e+00  1.174e+00 -1.247e-01  2.216e-04 
  9.211e-02 -8.625e-01 -1.247e-01  4.124e-02 -7.981e-05 
  2.538e-04  1.533e-03  2.216e-04 -7.981e-05  8.748e-07 
 PARAMETER  CORRELATION COEFFICIENTS  
       NO.  GLOBAL      8     18     19     20     22
        8  0.78538   1.000 -0.208 -0.209  0.392  0.235
       18  0.99762  -0.208  1.000 -0.354 -0.566  0.218
       19  0.99763  -0.209 -0.354  1.000 -0.567  0.219
       20  0.99834   0.392 -0.566 -0.567  1.000 -0.420
       22  0.81579   0.235  0.218  0.219 -0.420  1.000
MINUIT - FIT ONLY 1-y
 **********
 **   60 **RES 
 **********
                   PARAMETER   14  ANy2 RESTORED TO VARIABLE.
                   PARAMETER    7  w_CBO RESTORED TO VARIABLE.
                   PARAMETER    6  A_CBO RESTORED TO VARIABLE.
                   PARAMETER    4  phi RESTORED TO VARIABLE.
                   PARAMETER    3  A0 RESTORED TO VARIABLE.
                   PARAMETER    1  N0 RESTORED TO VARIABLE.
 **********
 **   61 **FIX            0
 **********
 PARAMETER    0  IS UNDEFINED. IGNORED.
 **********
 **   62 **FIX            1
 **********
 **********
 **   63 **FIX            2
 **********
 PARAMETER    2  IS CONSTANT.   IGNORED.
 **********
 **   64 **FIX            3
 **********
 **********
 **   65 **FIX            4
 **********
 **********
 **   66 **FIX            5
 **********
 PARAMETER    5  IS CONSTANT.   IGNORED.
 **********
 **   67 **FIX            6
 **********
 **********
 **   68 **FIX            7
 **********
 **********
 **   69 **FIX            8
 **********
 **********
 **   70 **FIX            9
 **********
 PARAMETER    9  IS CONSTANT.   IGNORED.
 **********
 **   71 **FIX           13
 **********
 PARAMETER   13  IS CONSTANT.   IGNORED.
 **********
 **   72 **FIX           14
 **********
 **********
 **   73 **FIX           15
 **********
 PARAMETER   15  IS CONSTANT.   IGNORED.
 **********
 **   74 **FIX           16
 **********
 PARAMETER   16  IS CONSTANT.   IGNORED.
 **********
 **   75 **MIGRAD
 **********
 START MIGRAD MINIMIZATION.  STRATEGY  1.  CONVERGENCE WHEN EDM .LT. 1.00e-04
 FCN=295.64 FROM MIGRAD    STATUS=INITIATE        8 CALLS         850 TOTAL
                     EDM= unknown      STRATEGY= 1      NO ERROR MATRIX       
  EXT PARAMETER               CURRENT GUESS       STEP         FIRST   
  NO.   NAME      VALUE            ERROR          SIZE      DERIVATIVE 
   1  N0           2.99951e+06     fixed    
   2  tau          6.44001e+01   constant   
   3  A0           3.49634e-01     fixed    
   4  phi          4.11549e+00     fixed    
   5  R           -6.22301e+01   constant   
   6  A_CBO        1.32423e-03     fixed    
   7  w_CBO        2.32580e+00     fixed    
   8  phi_CBO     -2.45103e-01     fixed    
   9  ANx2         8.68669e-04   constant   
  10  pNx2         4.82289e+00   constant   
  11  ANy1         0.00000e+00   constant   
  12  pNy1         0.00000e+00   constant   
  13  w_y          0.00000e+00   constant   
  14  ANy2         6.08216e-04     fixed    
  15  pNy2         1.49923e+00   constant   
  16  w_vw         1.43037e+01   constant   
  17  LM          -2.26665e-04   constant   
  18  wCBO_expCoeff   2.05919e+02   7.50563e+00   4.32162e-03  -2.31284e-03
  19  wCBO_expOffset   2.00797e+02   1.08351e+00   6.23480e-04  -1.60317e-02
  20  wCBO_expT    2.97027e+01   2.03072e-01   9.77373e-05  -9.79626e-02
  21  wCBO_linCoeff   0.00000e+00   constant   
  22  wCBO_const   2.35791e-03   9.35314e-04   4.55073e-06  -2.13747e+00
 MIGRAD MINIMIZATION HAS CONVERGED.
 MIGRAD WILL VERIFY CONVERGENCE AND ERROR MATRIX.
 COVARIANCE MATRIX CALCULATED SUCCESSFULLY
 FCN=295.64 FROM MIGRAD    STATUS=CONVERGED      45 CALLS         887 TOTAL
                     EDM=5.38393e-07    STRATEGY= 1      ERROR MATRIX ACCURATE 
  EXT PARAMETER                                   STEP         FIRST   
  NO.   NAME      VALUE            ERROR          SIZE      DERIVATIVE 
   1  N0           2.99951e+06     fixed    
   2  tau          6.44001e+01   constant   
   3  A0           3.49634e-01     fixed    
   4  phi          4.11549e+00     fixed    
   5  R           -6.22301e+01   constant   
   6  A_CBO        1.32423e-03     fixed    
   7  w_CBO        2.32580e+00     fixed    
   8  phi_CBO     -2.45103e-01     fixed    
   9  ANx2         8.68669e-04   constant   
  10  pNx2         4.82289e+00   constant   
  11  ANy1         0.00000e+00   constant   
  12  pNy1         0.00000e+00   constant   
  13  w_y          0.00000e+00   constant   
  14  ANy2         6.08216e-04     fixed    
  15  pNy2         1.49923e+00   constant   
  16  w_vw         1.43037e+01   constant   
  17  LM          -2.26665e-04   constant   
  18  wCBO_expCoeff   2.05919e+02   7.31150e+00   4.35102e-03   5.82257e-05
  19  wCBO_expOffset   2.00797e+02   1.05528e+00   6.27611e-04   4.03664e-04
  20  wCBO_expT    2.97027e+01   1.86205e-01   9.82578e-05   7.22948e-03
  21  wCBO_linCoeff   0.00000e+00   constant   
  22  wCBO_const   2.35800e-03   9.08157e-04   4.54920e-06  -2.47124e-01
 EXTERNAL ERROR MATRIX.    NDIM=  25    NPAR=  4    ERR DEF=1
  5.346e+01 -3.192e+00 -7.336e-01  1.863e-03 
 -3.192e+00  1.114e+00 -1.060e-01  2.691e-04 
 -7.336e-01 -1.060e-01  3.467e-02 -9.665e-05 
  1.863e-03  2.691e-04 -9.665e-05  8.247e-07 
 PARAMETER  CORRELATION COEFFICIENTS  
       NO.  GLOBAL     18     19     20     22
       18  0.99749   1.000 -0.414 -0.539  0.281
       19  0.99750  -0.414  1.000 -0.540  0.281
       20  0.99803  -0.539 -0.540  1.000 -0.572
       22  0.80324   0.281  0.281 -0.572  1.000
MINUIT - FIT ONLY 2-y
 **********
 **   76 **RES 
 **********
                   PARAMETER   14  ANy2 RESTORED TO VARIABLE.
                   PARAMETER    8  phi_CBO RESTORED TO VARIABLE.
                   PARAMETER    7  w_CBO RESTORED TO VARIABLE.
                   PARAMETER    6  A_CBO RESTORED TO VARIABLE.
                   PARAMETER    4  phi RESTORED TO VARIABLE.
                   PARAMETER    3  A0 RESTORED TO VARIABLE.
                   PARAMETER    1  N0 RESTORED TO VARIABLE.
 **********
 **   77 **FIX            0
 **********
 PARAMETER    0  IS UNDEFINED. IGNORED.
 **********
 **   78 **FIX            1
 **********
 **********
 **   79 **FIX            2
 **********
 PARAMETER    2  IS CONSTANT.   IGNORED.
 **********
 **   80 **FIX            3
 **********
 **********
 **   81 **FIX            4
 **********
 **********
 **   82 **FIX            5
 **********
 PARAMETER    5  IS CONSTANT.   IGNORED.
 **********
 **   83 **FIX            6
 **********
 **********
 **   84 **FIX            7
 **********
 **********
 **   85 **FIX            8
 **********
 **********
 **   86 **FIX            9
 **********
 PARAMETER    9  IS CONSTANT.   IGNORED.
 **********
 **   87 **FIX           10
 **********
 PARAMETER   10  IS CONSTANT.   IGNORED.
 **********
 **   88 **FIX           11
 **********
 PARAMETER   11  IS CONSTANT.   IGNORED.
 **********
 **   89 **FIX           12
 **********
 PARAMETER   12  IS CONSTANT.   IGNORED.
 **********
 **   90 **FIX           16
 **********
 PARAMETER   16  IS CONSTANT.   IGNORED.
 **********
 **   91 **MIGRAD
 **********
 START MIGRAD MINIMIZATION.  STRATEGY  1.  CONVERGENCE WHEN EDM .LT. 1.00e-04
 FCN=295.64 FROM MIGRAD    STATUS=INITIATE       10 CALLS         897 TOTAL
                     EDM= unknown      STRATEGY= 1      NO ERROR MATRIX       
  EXT PARAMETER               CURRENT GUESS       STEP         FIRST   
  NO.   NAME      VALUE            ERROR          SIZE      DERIVATIVE 
   1  N0           2.99951e+06     fixed    
   2  tau          6.44001e+01   constant   
   3  A0           3.49634e-01     fixed    
   4  phi          4.11549e+00     fixed    
   5  R           -6.22301e+01   constant   
   6  A_CBO        1.32423e-03     fixed    
   7  w_CBO        2.32580e+00     fixed    
   8  phi_CBO     -2.45103e-01     fixed    
   9  ANx2         8.68669e-04   constant   
  10  pNx2         4.82289e+00   constant   
  11  ANy1         0.00000e+00   constant   
  12  pNy1         0.00000e+00   constant   
  13  w_y          0.00000e+00   constant   
  14  ANy2         6.08216e-04   8.68420e-04   8.68420e-04   2.56440e+02
  15  pNy2         1.49923e+00   constant   
  16  w_vw         1.43037e+01   constant   
  17  LM          -2.26665e-04   constant   
  18  wCBO_expCoeff   2.05919e+02   7.31150e+00   4.35102e-03   5.51937e-05
  19  wCBO_expOffset   2.00797e+02   1.05528e+00   6.27611e-04   3.83023e-04
  20  wCBO_expT    2.97027e+01   1.86205e-01   9.82578e-05   6.98317e-03
  21  wCBO_linCoeff   0.00000e+00   constant   
  22  wCBO_const   2.35800e-03   9.08157e-04   4.54920e-06  -2.55876e-01
 MIGRAD MINIMIZATION HAS CONVERGED.
 MIGRAD WILL VERIFY CONVERGENCE AND ERROR MATRIX.
 COVARIANCE MATRIX CALCULATED SUCCESSFULLY
 FCN=295.627 FROM MIGRAD    STATUS=CONVERGED      66 CALLS         953 TOTAL
                     EDM=7.93681e-06    STRATEGY= 1      ERROR MATRIX ACCURATE 
  EXT PARAMETER                                   STEP         FIRST   
  NO.   NAME      VALUE            ERROR          SIZE      DERIVATIVE 
   1  N0           2.99951e+06     fixed    
   2  tau          6.44001e+01   constant   
   3  A0           3.49634e-01     fixed    
   4  phi          4.11549e+00     fixed    
   5  R           -6.22301e+01   constant   
   6  A_CBO        1.32423e-03     fixed    
   7  w_CBO        2.32580e+00     fixed    
   8  phi_CBO     -2.45103e-01     fixed    
   9  ANx2         8.68669e-04   constant   
  10  pNx2         4.82289e+00   constant   
  11  ANy1         0.00000e+00   constant   
  12  pNy1         0.00000e+00   constant   
  13  w_y          0.00000e+00   constant   
  14  ANy2         5.11360e-04   8.69347e-04   7.30776e-06   6.79044e-04
  15  pNy2         1.49923e+00   constant   
  16  w_vw         1.43037e+01   constant   
  17  LM          -2.26665e-04   constant   
  18  wCBO_expCoeff   2.05919e+02   6.94268e+00   4.30208e-03   5.69136e-04
  19  wCBO_expOffset   2.00797e+02   1.00196e+00   6.20550e-04   3.94572e-03
  20  wCBO_expT    2.97027e+01   1.75231e-01   9.72398e-05  -2.00742e-03
  21  wCBO_linCoeff   0.00000e+00   constant   
  22  wCBO_const   2.35791e-03   8.93632e-04   4.53560e-06  -2.97946e+00
 EXTERNAL ERROR MATRIX.    NDIM=  25    NPAR=  5    ERR DEF=1
  7.558e-07  6.576e-05  9.506e-06 -2.803e-06  1.856e-09 
  6.576e-05  4.820e+01 -2.960e+00 -6.487e-01  1.653e-03 
  9.506e-06 -2.960e+00  1.004e+00 -9.374e-02  2.387e-04 
 -2.803e-06 -6.487e-01 -9.374e-02  3.071e-02 -8.677e-05 
  1.856e-09  1.653e-03  2.387e-04 -8.677e-05  7.986e-07 
 PARAMETER  CORRELATION COEFFICIENTS  
       NO.  GLOBAL     14     18     19     20     22
       14  0.02914   1.000  0.011  0.011 -0.018  0.002
       18  0.99728   0.011  1.000 -0.425 -0.533  0.266
       19  0.99729   0.011 -0.425  1.000 -0.534  0.267
       20  0.99782  -0.018 -0.533 -0.534  1.000 -0.554
       22  0.79736   0.002  0.266  0.267 -0.554  1.000
MINUIT - FIT ALTOGETHER
 **********
 **   92 **RES 
 **********
                   PARAMETER    8  phi_CBO RESTORED TO VARIABLE.
                   PARAMETER    7  w_CBO RESTORED TO VARIABLE.
                   PARAMETER    6  A_CBO RESTORED TO VARIABLE.
                   PARAMETER    4  phi RESTORED TO VARIABLE.
                   PARAMETER    3  A0 RESTORED TO VARIABLE.
                   PARAMETER    1  N0 RESTORED TO VARIABLE.
 **********
 **   93 **MIGRAD
 **********
 START MIGRAD MINIMIZATION.  STRATEGY  1.  CONVERGENCE WHEN EDM .LT. 1.00e-04
 FCN=295.627 FROM MIGRAD    STATUS=INITIATE       22 CALLS         975 TOTAL
                     EDM= unknown      STRATEGY= 1      NO ERROR MATRIX       
  EXT PARAMETER               CURRENT GUESS       STEP         FIRST   
  NO.   NAME      VALUE            ERROR          SIZE      DERIVATIVE 
   1  N0           2.99951e+06   1.83911e+03   1.83911e+03   1.15886e-05
   2  tau          6.44001e+01   constant   
   3  A0           3.49634e-01   8.21110e-04   8.21110e-04  -6.03940e+01
   4  phi          4.11549e+00   2.44572e-03   2.44572e-03   2.34803e+01
   5  R           -6.22301e+01   constant   
   6  A_CBO        1.32423e-03   8.58179e-04   8.58179e-04   4.38261e+02
   7  w_CBO        2.32580e+00   1.08449e-02   1.08449e-02  -1.23705e+00
   8  phi_CBO     -2.45103e-01   1.15570e+00   1.15570e+00   1.36639e-02
   9  ANx2         8.68669e-04   constant   
  10  pNx2         4.82289e+00   constant   
  11  ANy1         0.00000e+00   constant   
  12  pNy1         0.00000e+00   constant   
  13  w_y          0.00000e+00   constant   
  14  ANy2         5.11360e-04   8.69347e-04   7.30776e-06   6.79094e-04
  15  pNy2         1.49923e+00   constant   
  16  w_vw         1.43037e+01   constant   
  17  LM          -2.26665e-04   constant   
  18  wCBO_expCoeff   2.05919e+02   6.94268e+00   4.30208e-03   5.49195e-04
  19  wCBO_expOffset   2.00797e+02   1.00196e+00   6.20550e-04   3.80976e-03
  20  wCBO_expT    2.97027e+01   1.75231e-01   9.72398e-05  -2.05802e-03
  21  wCBO_linCoeff   0.00000e+00   constant   
  22  wCBO_const   2.35791e-03   8.93632e-04   4.53560e-06  -2.98823e+00
 MIGRAD MINIMIZATION HAS CONVERGED.
 FCN=295.484 FROM MIGRAD    STATUS=CONVERGED     293 CALLS        1246 TOTAL
                     EDM=1.85894e-06    STRATEGY= 1  ERROR MATRIX UNCERTAINTY   0.3 per cent
  EXT PARAMETER                                   STEP         FIRST   
  NO.   NAME      VALUE            ERROR          SIZE      DERIVATIVE 
   1  N0           2.99950e+06   1.83664e+03  -1.99045e+00  -4.27680e-07
   2  tau          6.44001e+01   constant   
