 + ++++++++++++++++++++++++++++++++++++++++++++++++++++++++++++++++++++ +
 +                                                                      +
 +           You have chose to blind your fitting according to          +
 +                omega_ref * (1 + (R +/- deltaR) *10^{-6})             +
 +                                                                      +
 + ++++++++++++++++++++++++++++++++++++++++++++++++++++++++++++++++++++ +
In main()...
reading format from /gm2data/zkhechad/run45/envelope/formats/formatB_sBin_constraintOn.txt
pBinTau 	= 0  
pBinPhi 	= 0  
constraintau 	= 1 
includeMopTerm 	= 0    
constrainMop    = 0   
Parameters after format file: pBinTau 0 pBinPhi 0 constraintau 1 includeMopTerm 0 constrainMop 0 c_e_scale 0.000000 
reading cbo reference file (full fit) from /gm2data/zkhechad/cboTemplates/Run4CBOTemplates/fullFits/run4/sBin_constraintOn_cE0.0_seed0_run4_calo1.root
A_CBO 0.008450 w_CBO 2.327583 phi_CBO 2.512904 N0 3416164.907261 R -60.829491 tau 64.397625 
Reading cboRef file /gm2data/zkhechad/cboTemplates/Run4CBOTemplates//cboIsolate/run4_calo1.root
deltaT 164.120000
windowBins = 1100
fitting sliding window 1900 from bin 2103 at 313.767600 to bin 3203 at 477.887600 (1100 bins)

Reading data from /gm2data/cornell/histograms/aMethod/histogram_a_run4.root
fitting cbo isolate
 **********
 **    1 **SET PRINTOUT            1
 **********
 **********
 **    2 **SET NOWARNINGS 
 **********
 PARAMETER DEFINITIONS:
    NO.   NAME         VALUE      STEP SIZE      LIMITS
     1 A_CBO        8.44960e-03  1.00000e-05     no limits
     2 w_CBO        2.32758e+00  1.00000e-02    2.00000e+00  3.00000e+00
     3 phi_CBO      2.51290e+00  1.00000e-02    0.00000e+00  6.28319e+00
 **********
 **    3 **MIGRAD
 **********
 FIRST CALL TO USER FUNCTION AT NEW START POINT, WITH IFLAG=4.
 START MIGRAD MINIMIZATION.  STRATEGY  1.  CONVERGENCE WHEN EDM .LT. 1.00e-04
 FCN=0.106833 FROM MIGRAD    STATUS=INITIATE       12 CALLS          13 TOTAL
                     EDM= unknown      STRATEGY= 1      NO ERROR MATRIX       
  EXT PARAMETER               CURRENT GUESS       STEP         FIRST   
  NO.   NAME      VALUE            ERROR          SIZE      DERIVATIVE 
   1  A_CBO        8.44960e-03   1.00000e-05   1.00000e-05   7.06654e+00
   2  w_CBO        2.32758e+00   1.00000e-02   2.13091e-02   1.32475e+00
   3  phi_CBO      2.51290e+00   1.00000e-02   3.24882e-03  -2.38204e-02
 MIGRAD MINIMIZATION HAS CONVERGED.
 MIGRAD WILL VERIFY CONVERGENCE AND ERROR MATRIX.
 COVARIANCE MATRIX CALCULATED SUCCESSFULLY
 FCN=0.0837999 FROM MIGRAD    STATUS=CONVERGED      57 CALLS          58 TOTAL
                     EDM=8.17488e-05    STRATEGY= 1      ERROR MATRIX ACCURATE 
  EXT PARAMETER                                   STEP         FIRST   
  NO.   NAME      VALUE            ERROR          SIZE      DERIVATIVE 
   1  A_CBO        2.16894e-03   4.27105e-02   2.16896e-05  -2.11208e-02
   2  w_CBO        2.32714e+00   6.50262e-01   6.20288e-05   2.87287e-02
   3  phi_CBO      2.69315e+00   4.54621e+00   3.47048e-03  -6.51317e-04
 EXTERNAL ERROR MATRIX.    NDIM=  25    NPAR=  3    ERR DEF=1
  1.824e-03 -1.038e-03 -3.546e-01 
 -1.038e-03  5.258e-01  1.956e+02 
 -3.546e-01  1.956e+02  7.313e+04 
 PARAMETER  CORRELATION COEFFICIENTS  
       NO.  GLOBAL      1      2      3
        1  0.05035   1.000 -0.034 -0.031
        2  0.99737  -0.034  1.000  0.997
        3  0.99737  -0.031  0.997  1.000
setting A_CBO=0.002169 w_CBO=2.327145, phi_CBO=2.693147
done fitting cbo isolate
 **********
 **    1 **SET PRINTOUT            1
 **********
 **********
 **    2 **SET NOWARNINGS 
 **********
 PARAMETER DEFINITIONS:
    NO.   NAME         VALUE      STEP SIZE      LIMITS
     1 N0           3.41616e+06  1.00000e+02     no limits
     2 tau          6.43976e+01  constant
     3 A0           3.54950e-01  1.00000e-04     no limits
     4 phi          4.12292e+00  1.00000e-02     no limits
     5 R           -6.08295e+01  constant
     6 A_CBO        2.16894e-03  1.00000e-05     no limits
     7 w_CBO        2.32714e+00  1.00000e-03     no limits
     8 phi_CBO      2.69315e+00  1.00000e-04     no limits
     9 ANx2         2.24467e-04  constant
    10 pNx2         2.31915e+00  constant
    11 ANy1         0.00000e+00  constant
    12 pNy1         0.00000e+00  constant
    13 w_y          0.00000e+00  constant
    14 ANy2         1.49899e-02  1.00000e-04     no limits
    15 pNy2         4.64502e+00  constant
    16 w_vw         1.43138e+01  constant
    17 LM          -1.76320e-04  constant
    18 wCBO_expCoeff   2.00000e+02  1.00000e+00     no limits
    19 wCBO_expOffset   2.00000e+02  1.00000e+00     no limits
    20 wCBO_expT    3.00000e+01  1.00000e+00     no limits
    21 wCBO_linCoeff   0.00000e+00  constant
    22 wCBO_const   0.00000e+00  1.00000e-02     no limits
MINUIT - FIT ONLY WIGGLE
 **********
 **    3 **FIX            5
 **********
 PARAMETER    5  IS CONSTANT.   IGNORED.
 **********
 **    4 **FIX            6
 **********
 **********
 **    5 **FIX            7
 **********
 **********
 **    6 **FIX            8
 **********
 **********
 **    7 **FIX            9
 **********
 PARAMETER    9  IS CONSTANT.   IGNORED.
 **********
 **    8 **FIX           10
 **********
 PARAMETER   10  IS CONSTANT.   IGNORED.
 **********
 **    9 **FIX           11
 **********
 PARAMETER   11  IS CONSTANT.   IGNORED.
 **********
 **   10 **FIX           12
 **********
 PARAMETER   12  IS CONSTANT.   IGNORED.
 **********
 **   11 **FIX           13
 **********
 PARAMETER   13  IS CONSTANT.   IGNORED.
 **********
 **   12 **FIX           14
 **********
 **********
 **   13 **FIX           15
 **********
 PARAMETER   15  IS CONSTANT.   IGNORED.
 **********
 **   14 **FIX           16
 **********
 PARAMETER   16  IS CONSTANT.   IGNORED.
 **********
 **   15 **MIGRAD
 **********
 FIRST CALL TO USER FUNCTION AT NEW START POINT, WITH IFLAG=4.
 START MIGRAD MINIMIZATION.  STRATEGY  1.  CONVERGENCE WHEN EDM .LT. 1.00e-04
 FCN=1226.49 FROM MIGRAD    STATUS=INITIATE       61 CALLS          62 TOTAL
                     EDM= unknown      STRATEGY= 1      NO ERROR MATRIX       
  EXT PARAMETER               CURRENT GUESS       STEP         FIRST   
  NO.   NAME      VALUE            ERROR          SIZE      DERIVATIVE 
   1  N0           3.41616e+06   1.00000e+02   0.00000e+00   8.58104e-04
   2  tau          6.43976e+01   constant   
   3  A0           3.54950e-01   1.00000e-04   0.00000e+00  -2.27712e+03
   4  phi          4.12292e+00   1.00000e-02   0.00000e+00  -5.27711e+02
   5  R           -6.08295e+01   constant   
   6  A_CBO        2.16894e-03     fixed    
   7  w_CBO        2.32714e+00     fixed    
   8  phi_CBO      2.69315e+00     fixed    
   9  ANx2         2.24467e-04   constant   
  10  pNx2         2.31915e+00   constant   
  11  ANy1         0.00000e+00   constant   
  12  pNy1         0.00000e+00   constant   
  13  w_y          0.00000e+00   constant   
  14  ANy2         1.49899e-02     fixed    
  15  pNy2         4.64502e+00   constant   
  16  w_vw         1.43138e+01   constant   
  17  LM          -1.76320e-04   constant   
  18  wCBO_expCoeff   2.00193e+02   1.00000e+00   1.92738e-01   1.52752e+00
  19  wCBO_expOffset   2.00000e+02   1.00000e+00   0.00000e+00   1.01919e+01
  20  wCBO_expT    3.00000e+01   1.00000e+00   0.00000e+00  -1.77323e+02
  21  wCBO_linCoeff   0.00000e+00   constant   
  22  wCBO_const   0.00000e+00   1.00000e-02   0.00000e+00  -3.01428e+03
 MIGRAD MINIMIZATION HAS CONVERGED.
 FCN=1217.03 FROM MIGRAD    STATUS=CONVERGED     247 CALLS         248 TOTAL
                     EDM=3.91178e-07    STRATEGY= 1  ERROR MATRIX UNCERTAINTY   0.1 per cent
  EXT PARAMETER                                   STEP         FIRST   
  NO.   NAME      VALUE            ERROR          SIZE      DERIVATIVE 
   1  N0           3.41554e+06   1.24359e+03  -2.78961e-01  -1.03759e-07
   2  tau          6.43976e+01   constant   
   3  A0           3.55332e-01   4.89172e-04   2.34062e-06   1.05976e+00
   4  phi          4.12363e+00   1.42390e-03   7.39771e-06  -4.67139e-01
   5  R           -6.08295e+01   constant   
   6  A_CBO        2.16894e-03     fixed    
   7  w_CBO        2.32714e+00     fixed    
   8  phi_CBO      2.69315e+00     fixed    
   9  ANx2         2.24467e-04   constant   
  10  pNx2         2.31915e+00   constant   
  11  ANy1         0.00000e+00   constant   
  12  pNy1         0.00000e+00   constant   
  13  w_y          0.00000e+00   constant   
  14  ANy2         1.49899e-02     fixed    
  15  pNy2         4.64502e+00   constant   
  16  w_vw         1.43138e+01   constant   
  17  LM          -1.76320e-04   constant   
  18  wCBO_expCoeff   1.99584e+02   2.82313e-01  -1.02499e-03   1.55409e-03
  19  wCBO_expOffset   1.99909e+02   4.22837e-02  -1.53466e-04   1.19527e-02
  20  wCBO_expT    3.00439e+01   2.22374e-02   7.49801e-05   1.63185e-02
  21  wCBO_linCoeff   0.00000e+00   constant   
  22  wCBO_const   1.11080e-03   9.93232e-04  -1.63456e-06  -1.18520e+00
 EXTERNAL ERROR MATRIX.    NDIM=  25    NPAR=  7    ERR DEF=1
  1.547e+06  1.141e-02  1.431e-02 -3.174e+01 -4.754e+00  2.495e+00 -8.855e-02 
  1.141e-02  2.393e-07  4.227e-09  1.516e-05  2.271e-06 -1.285e-06  6.986e-08 
  1.431e-02  4.227e-09  2.027e-06 -2.302e-05 -3.449e-06  1.478e-06  4.137e-08 
 -3.174e+01  1.516e-05 -2.302e-05  7.970e-02  1.180e-02 -6.230e-03  1.830e-04 
 -4.754e+00  2.271e-06 -3.449e-06  1.180e-02  1.788e-03 -9.331e-04  2.741e-05 
  2.495e+00 -1.285e-06  1.478e-06 -6.230e-03 -9.331e-04  4.945e-04 -1.576e-05 
 -8.855e-02  6.986e-08  4.137e-08  1.830e-04  2.741e-05 -1.576e-05  9.865e-07 
 PARAMETER  CORRELATION COEFFICIENTS  
       NO.  GLOBAL      1      3      4     18     19     20     22
        1  0.10044   1.000  0.019  0.008 -0.090 -0.090  0.090 -0.072
        3  0.14901   0.019  1.000  0.006  0.110  0.110 -0.118  0.144
        4  0.12163   0.008  0.006  1.000 -0.057 -0.057  0.047  0.029
       18  0.99588  -0.090  0.110 -0.057  1.000  0.989 -0.992  0.652
       19  0.99588  -0.090  0.110 -0.057  0.989  1.000 -0.992  0.653
       20  0.99861   0.090 -0.118  0.047 -0.992 -0.992  1.000 -0.714
       22  0.91361  -0.072  0.144  0.029  0.652  0.653 -0.714  1.000
MINUIT - FIT ONLY 1-CBO + other amplitudes 
 **********
 **   16 **RES 
 **********
                   PARAMETER   14  ANy2 RESTORED TO VARIABLE.
                   PARAMETER    8  phi_CBO RESTORED TO VARIABLE.
                   PARAMETER    7  w_CBO RESTORED TO VARIABLE.
                   PARAMETER    6  A_CBO RESTORED TO VARIABLE.
 **********
 **   17 **FIX            0
 **********
 PARAMETER    0  IS UNDEFINED. IGNORED.
 **********
 **   18 **FIX            1
 **********
 **********
 **   19 **FIX            2
 **********
 PARAMETER    2  IS CONSTANT.   IGNORED.
 **********
 **   20 **FIX            3
 **********
 **********
 **   21 **FIX            4
 **********
 **********
 **   22 **FIX            9
 **********
 PARAMETER    9  IS CONSTANT.   IGNORED.
 **********
 **   23 **FIX           11
 **********
 PARAMETER   11  IS CONSTANT.   IGNORED.
 **********
 **   24 **FIX           12
 **********
 PARAMETER   12  IS CONSTANT.   IGNORED.
 **********
 **   25 **FIX           14
 **********
 **********
 **   26 **FIX           15
 **********
 PARAMETER   15  IS CONSTANT.   IGNORED.
 **********
 **   27 **FIX           16
 **********
 PARAMETER   16  IS CONSTANT.   IGNORED.
 **********
 **   28 **MIGRAD
 **********
 START MIGRAD MINIMIZATION.  STRATEGY  1.  CONVERGENCE WHEN EDM .LT. 1.00e-04
 FCN=1217.03 FROM MIGRAD    STATUS=INITIATE       20 CALLS         268 TOTAL
                     EDM= unknown      STRATEGY= 1      NO ERROR MATRIX       
  EXT PARAMETER               CURRENT GUESS       STEP         FIRST   
  NO.   NAME      VALUE            ERROR          SIZE      DERIVATIVE 
   1  N0           3.41554e+06     fixed    
   2  tau          6.43976e+01   constant   
   3  A0           3.55332e-01     fixed    
   4  phi          4.12363e+00     fixed    
   5  R           -6.08295e+01   constant   
   6  A_CBO        2.16894e-03   1.00000e-05   1.00000e-05   8.42965e+03
   7  w_CBO        2.32714e+00   1.00000e-03   1.00000e-03  -3.88541e-01
   8  phi_CBO      2.69315e+00   1.00000e-04   1.00000e-04  -3.75891e+00
   9  ANx2         2.24467e-04   constant   
  10  pNx2         2.31915e+00   constant   
  11  ANy1         0.00000e+00   constant   
  12  pNy1         0.00000e+00   constant   
  13  w_y          0.00000e+00   constant   
  14  ANy2         1.49899e-02     fixed    
  15  pNy2         4.64502e+00   constant   
  16  w_vw         1.43138e+01   constant   
  17  LM          -1.76320e-04   constant   
  18  wCBO_expCoeff   1.99584e+02   2.82313e-01  -1.02499e-03   1.55525e-03
  19  wCBO_expOffset   1.99909e+02   4.22837e-02  -1.53466e-04   1.19527e-02
  20  wCBO_expT    3.00439e+01   2.22374e-02   7.49801e-05   1.63392e-02
  21  wCBO_linCoeff   0.00000e+00   constant   
  22  wCBO_const   1.11080e-03   9.93232e-04  -1.63456e-06  -1.18520e+00
 MIGRAD MINIMIZATION HAS CONVERGED.
 MIGRAD WILL VERIFY CONVERGENCE AND ERROR MATRIX.
 COVARIANCE MATRIX CALCULATED SUCCESSFULLY
 FCN=1204.16 FROM MIGRAD    STATUS=CONVERGED     517 CALLS         765 TOTAL
                     EDM=1.27959e-06    STRATEGY= 1      ERROR MATRIX ACCURATE 
  EXT PARAMETER                                   STEP         FIRST   
  NO.   NAME      VALUE            ERROR          SIZE      DERIVATIVE 
   1  N0           3.41554e+06     fixed    
   2  tau          6.43976e+01   constant   
   3  A0           3.55332e-01     fixed    
   4  phi          4.12363e+00     fixed    
   5  R           -6.08295e+01   constant   
   6  A_CBO        1.66625e-03   5.34623e-04   8.91724e-06   5.08133e-01
   7  w_CBO        2.28616e+00   5.51111e-03   5.00721e-06  -5.23139e+00
   8  phi_CBO      5.25970e+00   1.05753e+00   5.18034e-03   4.67069e-03
   9  ANx2         2.24467e-04   constant   
  10  pNx2         2.31915e+00   constant   
  11  ANy1         0.00000e+00   constant   
  12  pNy1         0.00000e+00   constant   
  13  w_y          0.00000e+00   constant   
  14  ANy2         1.49899e-02     fixed    
  15  pNy2         4.64502e+00   constant   
  16  w_vw         1.43138e+01   constant   
  17  LM          -1.76320e-04   constant   
  18  wCBO_expCoeff   2.00104e+02   4.86873e-01   6.43878e-04  -4.01348e-02
  19  wCBO_expOffset   1.99707e+02   7.35453e-02   9.72444e-05  -2.66623e-01
  20  wCBO_expT    3.02228e+01   1.87864e-02   2.23751e-05  -1.17552e+00
  21  wCBO_linCoeff   0.00000e+00   constant   
  22  wCBO_const   1.28842e-02   2.62658e-03   6.04695e-06  -3.87975e+00
 EXTERNAL ERROR MATRIX.    NDIM=  25    NPAR=  7    ERR DEF=1
  2.858e-07  1.541e-07  1.070e-05  1.359e-05  2.052e-06 -1.693e-06  2.865e-08 
  1.541e-07  3.037e-05  1.796e-04 -9.154e-04 -1.384e-04 -3.230e-05 -1.205e-05 
  1.070e-05  1.796e-04  1.118e+00  3.185e-02  4.810e-03 -2.227e-03  1.077e-03 
  1.359e-05 -9.154e-04  3.185e-02  2.370e-01 -1.201e-02 -3.018e-03  5.537e-04 
  2.052e-06 -1.384e-04  4.810e-03 -1.201e-02  5.409e-03 -4.557e-04  8.369e-05 
 -1.693e-06 -3.230e-05 -2.227e-03 -3.018e-03 -4.557e-04  3.529e-04 -2.732e-06 
  2.865e-08 -1.205e-05  1.077e-03  5.537e-04  8.369e-05 -2.732e-06  6.899e-06 
 PARAMETER  CORRELATION COEFFICIENTS  
       NO.  GLOBAL      6      7      8     18     19     20     22
        6  0.17701   1.000  0.052  0.019  0.052  0.052 -0.169  0.020
        7  0.99856   0.052  1.000  0.031 -0.341 -0.341 -0.312 -0.833
        8  0.95734   0.019  0.031  1.000  0.062  0.062 -0.112  0.388
       18  0.99695   0.052 -0.341  0.062  1.000 -0.335 -0.330  0.433
       19  0.99695   0.052 -0.341  0.062 -0.335  1.000 -0.330  0.433
       20  0.99753  -0.169 -0.312 -0.112 -0.330 -0.330  1.000 -0.055
       22  0.99073   0.020 -0.833  0.388  0.433  0.433 -0.055  1.000
MINUIT - FIT ONLY 1-CBO
 **********
 **   29 **RES 
 **********
                   PARAMETER   14  ANy2 RESTORED TO VARIABLE.
                   PARAMETER    4  phi RESTORED TO VARIABLE.
                   PARAMETER    3  A0 RESTORED TO VARIABLE.
                   PARAMETER    1  N0 RESTORED TO VARIABLE.
 **********
 **   30 **FIX            0
 **********
 PARAMETER    0  IS UNDEFINED. IGNORED.
 **********
 **   31 **FIX            1
 **********
 **********
 **   32 **FIX            2
 **********
 PARAMETER    2  IS CONSTANT.   IGNORED.
 **********
 **   33 **FIX            3
 **********
 **********
 **   34 **FIX            4
 **********
 **********
 **   35 **FIX            8
 **********
 **********
 **   36 **FIX            9
 **********
 PARAMETER    9  IS CONSTANT.   IGNORED.
 **********
 **   37 **FIX           11
 **********
 PARAMETER   11  IS CONSTANT.   IGNORED.
 **********
 **   38 **FIX           12
 **********
 PARAMETER   12  IS CONSTANT.   IGNORED.
 **********
 **   39 **FIX           13
 **********
 PARAMETER   13  IS CONSTANT.   IGNORED.
 **********
 **   40 **FIX           15
 **********
 PARAMETER   15  IS CONSTANT.   IGNORED.
 **********
 **   41 **FIX           16
 **********
 PARAMETER   16  IS CONSTANT.   IGNORED.
 **********
 **   42 **MIGRAD
 **********
 START MIGRAD MINIMIZATION.  STRATEGY  1.  CONVERGENCE WHEN EDM .LT. 1.00e-04
 FCN=1204.16 FROM MIGRAD    STATUS=INITIATE       16 CALLS         781 TOTAL
                     EDM= unknown      STRATEGY= 1      NO ERROR MATRIX       
  EXT PARAMETER               CURRENT GUESS       STEP         FIRST   
  NO.   NAME      VALUE            ERROR          SIZE      DERIVATIVE 
   1  N0           3.41554e+06     fixed    
   2  tau          6.43976e+01   constant   
   3  A0           3.55332e-01     fixed    
   4  phi          4.12363e+00     fixed    
   5  R           -6.08295e+01   constant   
   6  A_CBO        1.66625e-03   5.34623e-04   8.91724e-06   5.08132e-01
   7  w_CBO        2.28616e+00   5.51111e-03   5.00721e-06  -5.27198e+00
   8  phi_CBO      5.25970e+00     fixed    
   9  ANx2         2.24467e-04   constant   
  10  pNx2         2.31915e+00   constant   
  11  ANy1         0.00000e+00   constant   
  12  pNy1         0.00000e+00   constant   
  13  w_y          0.00000e+00   constant   
  14  ANy2         1.49899e-02   1.00000e-04   1.00000e-04   1.11789e+05
  15  pNy2         4.64502e+00   constant   
  16  w_vw         1.43138e+01   constant   
  17  LM          -1.76320e-04   constant   
  18  wCBO_expCoeff   2.00104e+02   4.86873e-01   6.43878e-04  -4.07837e-02
  19  wCBO_expOffset   1.99707e+02   7.35453e-02   9.72444e-05  -2.70019e-01
  20  wCBO_expT    3.02228e+01   1.87864e-02   2.23751e-05  -1.18547e+00
  21  wCBO_linCoeff   0.00000e+00   constant   
  22  wCBO_const   1.28842e-02   2.62658e-03   6.04695e-06  -3.86938e+00
 MIGRAD MINIMIZATION HAS CONVERGED.
 MIGRAD WILL VERIFY CONVERGENCE AND ERROR MATRIX.
 COVARIANCE MATRIX CALCULATED SUCCESSFULLY
 FCN=357.087 FROM MIGRAD    STATUS=CONVERGED     288 CALLS        1053 TOTAL
                     EDM=1.00225e-06    STRATEGY= 1      ERROR MATRIX ACCURATE 
  EXT PARAMETER                                   STEP         FIRST   
  NO.   NAME      VALUE            ERROR          SIZE      DERIVATIVE 
   1  N0           3.41554e+06     fixed    
   2  tau          6.43976e+01   constant   
   3  A0           3.55332e-01     fixed    
   4  phi          4.12363e+00     fixed    
   5  R           -6.08295e+01   constant   
   6  A_CBO        4.40940e-04   5.21735e-04   4.75180e-06  -1.59405e-01
   7  w_CBO        2.28537e+00   8.76657e-03   4.99398e-06  -9.10981e-01
   8  phi_CBO      5.25970e+00     fixed    
   9  ANx2         2.24467e-04   constant   
  10  pNx2         2.31915e+00   constant   
  11  ANy1         0.00000e+00   constant   
  12  pNy1         0.00000e+00   constant   
  13  w_y          0.00000e+00   constant   
  14  ANy2        -1.49111e-04   5.18381e-04   4.78300e-06   1.34496e-01
  15  pNy2         4.64502e+00   constant   
  16  w_vw         1.43138e+01   constant   
  17  LM          -1.76320e-04   constant   
  18  wCBO_expCoeff   1.99989e+02   8.58778e-01   5.96407e-04  -1.11866e-02
  19  wCBO_expOffset   1.99690e+02   1.28019e-01   9.52196e-05  -7.42534e-02
  20  wCBO_expT    3.02415e+01   2.49769e-02   2.21936e-05  -2.96497e-01
  21  wCBO_linCoeff   0.00000e+00   constant   
  22  wCBO_const   1.22839e-02   3.95115e-03   6.69172e-06   1.53172e-01
 EXTERNAL ERROR MATRIX.    NDIM=  25    NPAR=  7    ERR DEF=1
  2.722e-07  5.891e-08  2.604e-09  5.895e-06  7.867e-07 -5.517e-07  3.029e-08 
  5.891e-08  7.685e-05  2.752e-08 -2.854e-03 -4.084e-04 -4.746e-05 -3.237e-05 
  2.604e-09  2.752e-08  2.687e-07  3.269e-06  4.687e-07 -3.781e-07 -1.028e-08 
  5.895e-06 -2.854e-03  3.269e-06  7.375e-01 -5.258e-02 -5.631e-03  1.446e-03 
  7.867e-07 -4.084e-04  4.687e-07 -5.258e-02  1.639e-02 -8.059e-04  2.069e-04 
 -5.517e-07 -4.746e-05 -3.781e-07 -5.631e-03 -8.059e-04  6.238e-04 -2.572e-06 
  3.029e-08 -3.237e-05 -1.028e-08  1.446e-03  2.069e-04 -2.572e-06  1.561e-05 
 PARAMETER  CORRELATION COEFFICIENTS  
       NO.  GLOBAL      6      7     14     18     19     20     22
        6  0.17122   1.000  0.013  0.010  0.013  0.012 -0.042  0.015
        7  0.99811   0.013  1.000  0.006 -0.379 -0.364 -0.217 -0.935
       14  0.05310   0.010  0.006  1.000  0.007  0.007 -0.029 -0.005
       18  0.99719   0.013 -0.379  0.007  1.000 -0.478 -0.263  0.426
       19  0.99711   0.012 -0.364  0.007 -0.478  1.000 -0.252  0.409
       20  0.99540  -0.042 -0.217 -0.029 -0.263 -0.252  1.000 -0.026
       22  0.98316   0.015 -0.935 -0.005  0.426  0.409 -0.026  1.000
MINUIT - FIT ONLY 2-CBO
 **********
 **   43 **RES 
 **********
                   PARAMETER    8  phi_CBO RESTORED TO VARIABLE.
                   PARAMETER    4  phi RESTORED TO VARIABLE.
                   PARAMETER    3  A0 RESTORED TO VARIABLE.
                   PARAMETER    1  N0 RESTORED TO VARIABLE.
 **********
 **   44 **FIX            0
 **********
 PARAMETER    0  IS UNDEFINED. IGNORED.
 **********
 **   45 **FIX            1
 **********
 **********
 **   46 **FIX            2
 **********
 PARAMETER    2  IS CONSTANT.   IGNORED.
 **********
 **   47 **FIX            3
 **********
 **********
 **   48 **FIX            4
 **********
 **********
 **   49 **FIX            5
 **********
 PARAMETER    5  IS CONSTANT.   IGNORED.
 **********
 **   50 **FIX            6
 **********
 **********
 **   51 **FIX            7
 **********
 **********
 **   52 **FIX           10
 **********
 PARAMETER   10  IS CONSTANT.   IGNORED.
 **********
 **   53 **FIX           11
 **********
 PARAMETER   11  IS CONSTANT.   IGNORED.
 **********
 **   54 **FIX           12
 **********
 PARAMETER   12  IS CONSTANT.   IGNORED.
 **********
 **   55 **FIX           13
 **********
 PARAMETER   13  IS CONSTANT.   IGNORED.
 **********
 **   56 **FIX           14
 **********
 **********
 **   57 **FIX           15
 **********
 PARAMETER   15  IS CONSTANT.   IGNORED.
 **********
 **   58 **FIX           16
 **********
 PARAMETER   16  IS CONSTANT.   IGNORED.
 **********
 **   59 **MIGRAD
 **********
 START MIGRAD MINIMIZATION.  STRATEGY  1.  CONVERGENCE WHEN EDM .LT. 1.00e-04
 FCN=357.087 FROM MIGRAD    STATUS=INITIATE       12 CALLS        1065 TOTAL
                     EDM= unknown      STRATEGY= 1      NO ERROR MATRIX       
  EXT PARAMETER               CURRENT GUESS       STEP         FIRST   
  NO.   NAME      VALUE            ERROR          SIZE      DERIVATIVE 
   1  N0           3.41554e+06     fixed    
   2  tau          6.43976e+01   constant   
   3  A0           3.55332e-01     fixed    
   4  phi          4.12363e+00     fixed    
   5  R           -6.08295e+01   constant   
   6  A_CBO        4.40940e-04     fixed    
   7  w_CBO        2.28537e+00     fixed    
   8  phi_CBO      5.25970e+00   1.05753e+00   1.05753e+00   4.03202e-01
   9  ANx2         2.24467e-04   constant   
  10  pNx2         2.31915e+00   constant   
  11  ANy1         0.00000e+00   constant   
  12  pNy1         0.00000e+00   constant   
  13  w_y          0.00000e+00   constant   
  14  ANy2        -1.49111e-04     fixed    
  15  pNy2         4.64502e+00   constant   
  16  w_vw         1.43138e+01   constant   
  17  LM          -1.76320e-04   constant   
  18  wCBO_expCoeff   1.99989e+02   8.58778e-01   5.96407e-04  -1.13531e-02
  19  wCBO_expOffset   1.99690e+02   1.28019e-01   9.52196e-05  -7.52174e-02
  20  wCBO_expT    3.02415e+01   2.49769e-02   2.21936e-05  -2.99965e-01
  21  wCBO_linCoeff   0.00000e+00   constant   
  22  wCBO_const   1.22839e-02   3.95115e-03   6.69172e-06   1.47396e-01
 MIGRAD MINIMIZATION HAS CONVERGED.
 MIGRAD WILL VERIFY CONVERGENCE AND ERROR MATRIX.
 COVARIANCE MATRIX CALCULATED SUCCESSFULLY
 FCN=357.012 FROM HESSE     STATUS=OK             31 CALLS        1142 TOTAL
                     EDM=0.000190588    STRATEGY= 1      ERROR MATRIX ACCURATE 
  EXT PARAMETER                                   STEP         FIRST   
  NO.   NAME      VALUE            ERROR          SIZE      DERIVATIVE 
   1  N0           3.41554e+06     fixed    
   2  tau          6.43976e+01   constant   
   3  A0           3.55332e-01     fixed    
   4  phi          4.12363e+00     fixed    
   5  R           -6.08295e+01   constant   
   6  A_CBO        4.40940e-04     fixed    
   7  w_CBO        2.28537e+00     fixed    
   8  phi_CBO      4.89205e+00   1.33274e+00   1.05540e-02  -9.02417e-05
   9  ANx2         2.24467e-04   constant   
  10  pNx2         2.31915e+00   constant   
  11  ANy1         0.00000e+00   constant   
  12  pNy1         0.00000e+00   constant   
  13  w_y          0.00000e+00   constant   
  14  ANy2        -1.49111e-04     fixed    
  15  pNy2         4.64502e+00   constant   
  16  w_vw         1.43138e+01   constant   
  17  LM          -1.76320e-04   constant   
  18  wCBO_expCoeff   1.99989e+02   1.16933e+00   5.75493e-04  -1.09164e-02
  19  wCBO_expOffset   1.99690e+02   1.75293e-01   9.52196e-05  -7.23095e-02
  20  wCBO_expT    3.02414e+01   2.91328e-02   2.14652e-05   6.70189e-01
  21  wCBO_linCoeff   0.00000e+00   constant   
  22  wCBO_const   1.21777e-02   1.52749e-03   6.54290e-06  -3.36605e-01
 MIGRAD MINIMIZATION HAS CONVERGED.
 FCN=357.012 FROM MIGRAD    STATUS=CONVERGED     101 CALLS        1154 TOTAL
                     EDM=4.08186e-08    STRATEGY= 1  ERROR MATRIX UNCERTAINTY   0.6 per cent
  EXT PARAMETER                                   STEP         FIRST   
  NO.   NAME      VALUE            ERROR          SIZE      DERIVATIVE 
   1  N0           3.41554e+06     fixed    
   2  tau          6.43976e+01   constant   
   3  A0           3.55332e-01     fixed    
   4  phi          4.12363e+00     fixed    
   5  R           -6.08295e+01   constant   
   6  A_CBO        4.40940e-04     fixed    
   7  w_CBO        2.28537e+00     fixed    
   8  phi_CBO      4.89106e+00   1.33336e+00  -9.86264e-04  -2.84065e-05
   9  ANx2         2.24467e-04   constant   
  10  pNx2         2.31915e+00   constant   
  11  ANy1         0.00000e+00   constant   
  12  pNy1         0.00000e+00   constant   
  13  w_y          0.00000e+00   constant   
  14  ANy2        -1.49111e-04     fixed    
  15  pNy2         4.64502e+00   constant   
  16  w_vw         1.43138e+01   constant   
  17  LM          -1.76320e-04   constant   
  18  wCBO_expCoeff   1.99997e+02   1.19164e+00   7.07402e-03   6.96861e-04
  19  wCBO_expOffset   1.99691e+02   1.78197e-01   9.78642e-04   4.51526e-03
  20  wCBO_expT    3.02409e+01   3.42815e-02  -5.56134e-04   3.27221e-02
  21  wCBO_linCoeff   0.00000e+00   constant   
  22  wCBO_const   1.21977e-02   1.64882e-03   1.99180e-05   4.11557e-01
 EXTERNAL ERROR MATRIX.    NDIM=  25    NPAR=  5    ERR DEF=1
  1.778e+00 -3.274e-02 -4.027e-03  2.678e-03  4.199e-04 
 -3.274e-02  1.420e+00 -1.592e-01 -1.493e-02  4.976e-04 
 -4.027e-03 -1.592e-01  3.175e-02 -2.064e-03  6.870e-05 
  2.678e-03 -1.493e-02 -2.064e-03  1.175e-03 -4.192e-05 
  4.199e-04  4.976e-04  6.870e-05 -4.192e-05  2.719e-06 
 PARAMETER  CORRELATION COEFFICIENTS  
       NO.  GLOBAL      8     18     19     20     22
        8  0.51654   1.000 -0.021 -0.017  0.059  0.191
       18  0.99863  -0.021  1.000 -0.750 -0.365  0.253
       19  0.99860  -0.017 -0.750  1.000 -0.338  0.234
       20  0.99770   0.059 -0.365 -0.338  1.000 -0.742
       22  0.90312   0.191  0.253  0.234 -0.742  1.000
MINUIT - FIT ONLY 1-y
 **********
 **   60 **RES 
 **********
                   PARAMETER   14  ANy2 RESTORED TO VARIABLE.
                   PARAMETER    7  w_CBO RESTORED TO VARIABLE.
                   PARAMETER    6  A_CBO RESTORED TO VARIABLE.
                   PARAMETER    4  phi RESTORED TO VARIABLE.
                   PARAMETER    3  A0 RESTORED TO VARIABLE.
                   PARAMETER    1  N0 RESTORED TO VARIABLE.
 **********
 **   61 **FIX            0
 **********
 PARAMETER    0  IS UNDEFINED. IGNORED.
 **********
 **   62 **FIX            1
 **********
 **********
 **   63 **FIX            2
 **********
 PARAMETER    2  IS CONSTANT.   IGNORED.
 **********
 **   64 **FIX            3
 **********
 **********
 **   65 **FIX            4
 **********
 **********
 **   66 **FIX            5
 **********
 PARAMETER    5  IS CONSTANT.   IGNORED.
 **********
 **   67 **FIX            6
 **********
 **********
 **   68 **FIX            7
 **********
 **********
 **   69 **FIX            8
 **********
 **********
 **   70 **FIX            9
 **********
 PARAMETER    9  IS CONSTANT.   IGNORED.
 **********
 **   71 **FIX           13
 **********
 PARAMETER   13  IS CONSTANT.   IGNORED.
 **********
 **   72 **FIX           14
 **********
 **********
 **   73 **FIX           15
 **********
 PARAMETER   15  IS CONSTANT.   IGNORED.
 **********
 **   74 **FIX           16
 **********
 PARAMETER   16  IS CONSTANT.   IGNORED.
 **********
 **   75 **MIGRAD
 **********
 START MIGRAD MINIMIZATION.  STRATEGY  1.  CONVERGENCE WHEN EDM .LT. 1.00e-04
 FCN=357.012 FROM MIGRAD    STATUS=INITIATE        8 CALLS        1162 TOTAL
                     EDM= unknown      STRATEGY= 1      NO ERROR MATRIX       
  EXT PARAMETER               CURRENT GUESS       STEP         FIRST   
  NO.   NAME      VALUE            ERROR          SIZE      DERIVATIVE 
   1  N0           3.41554e+06     fixed    
   2  tau          6.43976e+01   constant   
   3  A0           3.55332e-01     fixed    
   4  phi          4.12363e+00     fixed    
   5  R           -6.08295e+01   constant   
   6  A_CBO        4.40940e-04     fixed    
   7  w_CBO        2.28537e+00     fixed    
   8  phi_CBO      4.89106e+00     fixed    
   9  ANx2         2.24467e-04   constant   
  10  pNx2         2.31915e+00   constant   
  11  ANy1         0.00000e+00   constant   
  12  pNy1         0.00000e+00   constant   
  13  w_y          0.00000e+00   constant   
  14  ANy2        -1.49111e-04     fixed    
  15  pNy2         4.64502e+00   constant   
  16  w_vw         1.43138e+01   constant   
  17  LM          -1.76320e-04   constant   
  18  wCBO_expCoeff   1.99997e+02   1.19164e+00   7.07402e-03   6.96771e-04
  19  wCBO_expOffset   1.99691e+02   1.78197e-01   9.78642e-04   4.51526e-03
  20  wCBO_expT    3.02409e+01   3.42815e-02  -5.56134e-04   3.27192e-02
  21  wCBO_linCoeff   0.00000e+00   constant   
  22  wCBO_const   1.21977e-02   1.64882e-03   1.99180e-05   4.11557e-01
 MIGRAD MINIMIZATION HAS CONVERGED.
 MIGRAD WILL VERIFY CONVERGENCE AND ERROR MATRIX.
 COVARIANCE MATRIX CALCULATED SUCCESSFULLY
 FCN=357.012 FROM MIGRAD    STATUS=CONVERGED      41 CALLS        1195 TOTAL
                     EDM=4.67861e-08    STRATEGY= 1      ERROR MATRIX ACCURATE 
  EXT PARAMETER                                   STEP         FIRST   
  NO.   NAME      VALUE            ERROR          SIZE      DERIVATIVE 
   1  N0           3.41554e+06     fixed    
   2  tau          6.43976e+01   constant   
   3  A0           3.55332e-01     fixed    
   4  phi          4.12363e+00     fixed    
   5  R           -6.08295e+01   constant   
   6  A_CBO        4.40940e-04     fixed    
   7  w_CBO        2.28537e+00     fixed    
   8  phi_CBO      4.89106e+00     fixed    
   9  ANx2         2.24467e-04   constant   
  10  pNx2         2.31915e+00   constant   
  11  ANy1         0.00000e+00   constant   
  12  pNy1         0.00000e+00   constant   
  13  w_y          0.00000e+00   constant   
  14  ANy2        -1.49111e-04     fixed    
  15  pNy2         4.64502e+00   constant   
  16  w_vw         1.43138e+01   constant   
  17  LM          -1.76320e-04   constant   
  18  wCBO_expCoeff   1.99997e+02   1.13772e+00   5.75643e-04  -2.35860e-03
  19  wCBO_expOffset   1.99691e+02   1.70501e-01   9.52201e-05  -1.57242e-02
  20  wCBO_expT    3.02409e+01   2.88800e-02   2.14804e-05  -5.31955e-02
  21  wCBO_linCoeff   0.00000e+00   constant   
  22  wCBO_const   1.21976e-02   1.47798e-03   6.54126e-06   1.06557e-01
 EXTERNAL ERROR MATRIX.    NDIM=  25    NPAR=  4    ERR DEF=1
  1.294e+00 -1.562e-01 -1.060e-02  3.529e-04 
 -1.562e-01  2.907e-02 -1.460e-03  4.839e-05 
 -1.060e-02 -1.460e-03  8.341e-04 -3.053e-05 
  3.529e-04  4.839e-05 -3.053e-05  2.184e-06 
 PARAMETER  CORRELATION COEFFICIENTS  
       NO.  GLOBAL     18     19     20     22
       18  0.99850   1.000 -0.805 -0.323  0.210
       19  0.99847  -0.805  1.000 -0.297  0.192
       20  0.99675  -0.323 -0.297  1.000 -0.715
       22  0.87779   0.210  0.192 -0.715  1.000
MINUIT - FIT ONLY 2-y
 **********
 **   76 **RES 
 **********
                   PARAMETER   14  ANy2 RESTORED TO VARIABLE.
                   PARAMETER    8  phi_CBO RESTORED TO VARIABLE.
                   PARAMETER    7  w_CBO RESTORED TO VARIABLE.
                   PARAMETER    6  A_CBO RESTORED TO VARIABLE.
                   PARAMETER    4  phi RESTORED TO VARIABLE.
                   PARAMETER    3  A0 RESTORED TO VARIABLE.
                   PARAMETER    1  N0 RESTORED TO VARIABLE.
 **********
 **   77 **FIX            0
 **********
 PARAMETER    0  IS UNDEFINED. IGNORED.
 **********
 **   78 **FIX            1
 **********
 **********
 **   79 **FIX            2
 **********
 PARAMETER    2  IS CONSTANT.   IGNORED.
 **********
 **   80 **FIX            3
 **********
 **********
 **   81 **FIX            4
 **********
 **********
 **   82 **FIX            5
 **********
 PARAMETER    5  IS CONSTANT.   IGNORED.
 **********
 **   83 **FIX            6
 **********
 **********
 **   84 **FIX            7
 **********
 **********
 **   85 **FIX            8
 **********
 **********
 **   86 **FIX            9
 **********
 PARAMETER    9  IS CONSTANT.   IGNORED.
 **********
 **   87 **FIX           10
 **********
 PARAMETER   10  IS CONSTANT.   IGNORED.
 **********
 **   88 **FIX           11
 **********
 PARAMETER   11  IS CONSTANT.   IGNORED.
 **********
 **   89 **FIX           12
 **********
 PARAMETER   12  IS CONSTANT.   IGNORED.
 **********
 **   90 **FIX           16
 **********
 PARAMETER   16  IS CONSTANT.   IGNORED.
 **********
 **   91 **MIGRAD
 **********
 START MIGRAD MINIMIZATION.  STRATEGY  1.  CONVERGENCE WHEN EDM .LT. 1.00e-04
 FCN=357.012 FROM MIGRAD    STATUS=INITIATE       10 CALLS        1205 TOTAL
                     EDM= unknown      STRATEGY= 1      NO ERROR MATRIX       
  EXT PARAMETER               CURRENT GUESS       STEP         FIRST   
  NO.   NAME      VALUE            ERROR          SIZE      DERIVATIVE 
   1  N0           3.41554e+06     fixed    
   2  tau          6.43976e+01   constant   
   3  A0           3.55332e-01     fixed    
   4  phi          4.12363e+00     fixed    
   5  R           -6.08295e+01   constant   
   6  A_CBO        4.40940e-04     fixed    
   7  w_CBO        2.28537e+00     fixed    
   8  phi_CBO      4.89106e+00     fixed    
   9  ANx2         2.24467e-04   constant   
  10  pNx2         2.31915e+00   constant   
  11  ANy1         0.00000e+00   constant   
  12  pNy1         0.00000e+00   constant   
  13  w_y          0.00000e+00   constant   
  14  ANy2        -1.49111e-04   5.18381e-04   5.18381e-04   6.68880e+01
  15  pNy2         4.64502e+00   constant   
  16  w_vw         1.43138e+01   constant   
  17  LM          -1.76320e-04   constant   
  18  wCBO_expCoeff   1.99997e+02   1.13772e+00   5.75643e-04  -2.42947e-03
  19  wCBO_expOffset   1.99691e+02   1.70501e-01   9.52201e-05  -1.61599e-02
  20  wCBO_expT    3.02409e+01   2.88800e-02   2.14804e-05  -5.44265e-02
  21  wCBO_linCoeff   0.00000e+00   constant   
  22  wCBO_const   1.21976e-02   1.47798e-03   6.54126e-06   1.07349e-01
 MIGRAD MINIMIZATION HAS CONVERGED.
 MIGRAD WILL VERIFY CONVERGENCE AND ERROR MATRIX.
 COVARIANCE MATRIX CALCULATED SUCCESSFULLY
 FCN=357.012 FROM MIGRAD    STATUS=CONVERGED      52 CALLS        1247 TOTAL
                     EDM=1.55847e-06    STRATEGY= 1      ERROR MATRIX ACCURATE 
  EXT PARAMETER                                   STEP         FIRST   
  NO.   NAME      VALUE            ERROR          SIZE      DERIVATIVE 
   1  N0           3.41554e+06     fixed    
   2  tau          6.43976e+01   constant   
   3  A0           3.55332e-01     fixed    
   4  phi          4.12363e+00     fixed    
   5  R           -6.08295e+01   constant   
   6  A_CBO        4.40940e-04     fixed    
   7  w_CBO        2.28537e+00     fixed    
   8  phi_CBO      4.89106e+00     fixed    
   9  ANx2         2.24467e-04   constant   
  10  pNx2         2.31915e+00   constant   
  11  ANy1         0.00000e+00   constant   
  12  pNy1         0.00000e+00   constant   
  13  w_y          0.00000e+00   constant   
  14  ANy2        -1.58073e-04   5.18514e-04   4.78246e-06   2.37549e-02
  15  pNy2         4.64502e+00   constant   
  16  w_vw         1.43138e+01   constant   
  17  LM          -1.76320e-04   constant   
  18  wCBO_expCoeff   1.99997e+02   1.13597e+00   5.75640e-04  -1.57253e-02
  19  wCBO_expOffset   1.99691e+02   1.70237e-01   9.52201e-05  -1.04125e-01
  20  wCBO_expT    3.02409e+01   2.88864e-02   2.14803e-05  -4.88509e-01
  21  wCBO_linCoeff   0.00000e+00   constant   
  22  wCBO_const   1.21976e-02   1.47780e-03   6.54126e-06  -1.69519e+00
 EXTERNAL ERROR MATRIX.    NDIM=  25    NPAR=  5    ERR DEF=1
  2.689e-07  6.971e-06  9.823e-07 -5.625e-07  6.066e-09 
  6.971e-06  1.290e+00 -1.556e-01 -1.060e-02  3.527e-04 
  9.823e-07 -1.556e-01  2.898e-02 -1.461e-03  4.837e-05 
 -5.625e-07 -1.060e-02 -1.461e-03  8.344e-04 -3.051e-05 
  6.066e-09  3.527e-04  4.837e-05 -3.051e-05  2.184e-06 
 PARAMETER  CORRELATION COEFFICIENTS  
       NO.  GLOBAL     14     18     19     20     22
       14  0.05787   1.000  0.012  0.011 -0.038  0.008
       18  0.99850   0.012  1.000 -0.804 -0.323  0.210
       19  0.99847   0.011 -0.804  1.000 -0.297  0.192
       20  0.99676  -0.038 -0.323 -0.297  1.000 -0.715
       22  0.87777   0.008  0.210  0.192 -0.715  1.000
MINUIT - FIT ALTOGETHER
 **********
 **   92 **RES 
 **********
                   PARAMETER    8  phi_CBO RESTORED TO VARIABLE.
                   PARAMETER    7  w_CBO RESTORED TO VARIABLE.
                   PARAMETER    6  A_CBO RESTORED TO VARIABLE.
                   PARAMETER    4  phi RESTORED TO VARIABLE.
                   PARAMETER    3  A0 RESTORED TO VARIABLE.
                   PARAMETER    1  N0 RESTORED TO VARIABLE.
 **********
 **   93 **MIGRAD
 **********
 START MIGRAD MINIMIZATION.  STRATEGY  1.  CONVERGENCE WHEN EDM .LT. 1.00e-04
 FCN=357.012 FROM MIGRAD    STATUS=INITIATE       22 CALLS        1269 TOTAL
                     EDM= unknown      STRATEGY= 1      NO ERROR MATRIX       
  EXT PARAMETER               CURRENT GUESS       STEP         FIRST   
  NO.   NAME      VALUE            ERROR          SIZE      DERIVATIVE 
   1  N0           3.41554e+06   1.24359e+03   1.24359e+03  -7.94354e-04
   2  tau          6.43976e+01   constant   
   3  A0           3.55332e-01   4.89172e-04   4.89172e-04   7.84703e+02
   4  phi          4.12363e+00   1.42390e-03   1.42390e-03  -2.65853e+02
   5  R           -6.08295e+01   constant   
