 + ++++++++++++++++++++++++++++++++++++++++++++++++++++++++++++++++++++ +
 +                                                                      +
 +           You have chose to blind your fitting according to          +
 +                omega_ref * (1 + (R +/- deltaR) *10^{-6})             +
 +                                                                      +
 + ++++++++++++++++++++++++++++++++++++++++++++++++++++++++++++++++++++ +
In main()...
reading format from /gm2data/zkhechad/run45/envelope/formats/formatB_sBin_constraintOn.txt
pBinTau 	= 0  
pBinPhi 	= 0  
constraintau 	= 1 
includeMopTerm 	= 0    
constrainMop    = 0   
Parameters after format file: pBinTau 0 pBinPhi 0 constraintau 1 includeMopTerm 0 constrainMop 0 c_e_scale 0.000000 
reading cbo reference file (full fit) from /gm2data/zkhechad/cboTemplates/Run4CBOTemplates/fullFits/run4/sBin_constraintOn_cE0.0_seed0_run4_calo13.root
A_CBO 0.010252 w_CBO 2.327514 phi_CBO 5.545635 N0 3338670.649067 R -60.961072 tau 64.390414 
Reading cboRef file /gm2data/zkhechad/cboTemplates/Run4CBOTemplates//cboIsolate/run4_calo13.root
deltaT 164.120000
windowBins = 1100
fitting sliding window 2400 from bin 2603 at 388.367600 to bin 3703 at 552.487600 (1100 bins)

Reading data from /gm2data/cornell/histograms/aMethod/histogram_a_run4.root
fitting cbo isolate
 **********
 **    1 **SET PRINTOUT            1
 **********
 **********
 **    2 **SET NOWARNINGS 
 **********
 PARAMETER DEFINITIONS:
    NO.   NAME         VALUE      STEP SIZE      LIMITS
     1 A_CBO        1.02517e-02  1.00000e-05     no limits
     2 w_CBO        2.32751e+00  1.00000e-02    2.00000e+00  3.00000e+00
     3 phi_CBO      5.54564e+00  1.00000e-02    0.00000e+00  6.28319e+00
 **********
 **    3 **MIGRAD
 **********
 FIRST CALL TO USER FUNCTION AT NEW START POINT, WITH IFLAG=4.
 START MIGRAD MINIMIZATION.  STRATEGY  1.  CONVERGENCE WHEN EDM .LT. 1.00e-04
 FCN=0.287279 FROM MIGRAD    STATUS=INITIATE       12 CALLS          13 TOTAL
                     EDM= unknown      STRATEGY= 1      NO ERROR MATRIX       
  EXT PARAMETER               CURRENT GUESS       STEP         FIRST   
  NO.   NAME      VALUE            ERROR          SIZE      DERIVATIVE 
   1  A_CBO        1.02517e-02   1.00000e-05   1.00000e-05   7.91597e+00
   2  w_CBO        2.32751e+00   1.00000e-02   2.13103e-02   1.65740e+00
   3  phi_CBO      5.54564e+00   1.00000e-02   4.94468e-03  -1.66151e-02
 MIGRAD MINIMIZATION HAS CONVERGED.
 MIGRAD WILL VERIFY CONVERGENCE AND ERROR MATRIX.
 COVARIANCE MATRIX CALCULATED SUCCESSFULLY
 FCN=0.258532 FROM MIGRAD    STATUS=CONVERGED      50 CALLS          51 TOTAL
                     EDM=9.31246e-05    STRATEGY= 1      ERROR MATRIX ACCURATE 
  EXT PARAMETER                                   STEP         FIRST   
  NO.   NAME      VALUE            ERROR          SIZE      DERIVATIVE 
   1  A_CBO        3.06856e-03   4.26529e-02   2.33440e-05  -8.13229e-02
   2  w_CBO        2.32729e+00   1.77785e-01   3.54856e-05   3.26831e-03
   3  phi_CBO      5.66580e+00   3.75436e+00   4.70785e-03  -3.21619e-04
 EXTERNAL ERROR MATRIX.    NDIM=  25    NPAR=  3    ERR DEF=1
  1.819e-03  3.086e-04  1.455e-01 
  3.086e-04  3.325e-02  1.497e+01 
  1.455e-01  1.497e+01  6.924e+03 
 PARAMETER  CORRELATION COEFFICIENTS  
       NO.  GLOBAL      1      2      3
        1  0.04127   1.000  0.040  0.041
        2  0.98639   0.040  1.000  0.986
        3  0.98640   0.041  0.986  1.000
setting A_CBO=0.003069 w_CBO=2.327291, phi_CBO=5.665795
done fitting cbo isolate
 **********
 **    1 **SET PRINTOUT            1
 **********
 **********
 **    2 **SET NOWARNINGS 
 **********
 PARAMETER DEFINITIONS:
    NO.   NAME         VALUE      STEP SIZE      LIMITS
     1 N0           3.33867e+06  1.00000e+02     no limits
     2 tau          6.43904e+01  constant
     3 A0           3.52926e-01  1.00000e-04     no limits
     4 phi          4.13059e+00  1.00000e-02     no limits
     5 R           -6.09611e+01  constant
     6 A_CBO        3.06856e-03  1.00000e-05     no limits
     7 w_CBO        2.32729e+00  1.00000e-03     no limits
     8 phi_CBO      5.66580e+00  1.00000e-04     no limits
     9 ANx2         2.14836e-04  constant
    10 pNx2         2.09111e+00  constant
    11 ANy1         0.00000e+00  constant
    12 pNy1         0.00000e+00  constant
    13 w_y          0.00000e+00  constant
    14 ANy2         1.07548e-02  1.00000e-04     no limits
    15 pNy2         1.09622e+00  constant
    16 w_vw         1.43115e+01  constant
    17 LM          -4.64416e-04  constant
    18 wCBO_expCoeff   2.00000e+02  1.00000e+00     no limits
    19 wCBO_expOffset   2.00000e+02  1.00000e+00     no limits
    20 wCBO_expT    3.00000e+01  1.00000e+00     no limits
    21 wCBO_linCoeff   0.00000e+00  constant
    22 wCBO_const   0.00000e+00  1.00000e-02     no limits
MINUIT - FIT ONLY WIGGLE
 **********
 **    3 **FIX            5
 **********
 PARAMETER    5  IS CONSTANT.   IGNORED.
 **********
 **    4 **FIX            6
 **********
 **********
 **    5 **FIX            7
 **********
 **********
 **    6 **FIX            8
 **********
 **********
 **    7 **FIX            9
 **********
 PARAMETER    9  IS CONSTANT.   IGNORED.
 **********
 **    8 **FIX           10
 **********
 PARAMETER   10  IS CONSTANT.   IGNORED.
 **********
 **    9 **FIX           11
 **********
 PARAMETER   11  IS CONSTANT.   IGNORED.
 **********
 **   10 **FIX           12
 **********
 PARAMETER   12  IS CONSTANT.   IGNORED.
 **********
 **   11 **FIX           13
 **********
 PARAMETER   13  IS CONSTANT.   IGNORED.
 **********
 **   12 **FIX           14
 **********
 **********
 **   13 **FIX           15
 **********
 PARAMETER   15  IS CONSTANT.   IGNORED.
 **********
 **   14 **FIX           16
 **********
 PARAMETER   16  IS CONSTANT.   IGNORED.
 **********
 **   15 **MIGRAD
 **********
 FIRST CALL TO USER FUNCTION AT NEW START POINT, WITH IFLAG=4.
 START MIGRAD MINIMIZATION.  STRATEGY  1.  CONVERGENCE WHEN EDM .LT. 1.00e-04
 FCN=461.793 FROM MIGRAD    STATUS=INITIATE       81 CALLS          82 TOTAL
                     EDM= unknown      STRATEGY= 1      NO ERROR MATRIX       
  EXT PARAMETER               CURRENT GUESS       STEP         FIRST   
  NO.   NAME      VALUE            ERROR          SIZE      DERIVATIVE 
   1  N0           3.33867e+06   1.00000e+02   0.00000e+00   3.63468e-04
   2  tau          6.43904e+01   constant   
   3  A0           3.52926e-01   1.00000e-04   0.00000e+00   1.33902e+03
   4  phi          4.13059e+00   1.00000e-02   0.00000e+00   1.92794e+02
   5  R           -6.09611e+01   constant   
   6  A_CBO        3.06856e-03     fixed    
   7  w_CBO        2.32729e+00     fixed    
   8  phi_CBO      5.66580e+00     fixed    
   9  ANx2         2.14836e-04   constant   
  10  pNx2         2.09111e+00   constant   
  11  ANy1         0.00000e+00   constant   
  12  pNy1         0.00000e+00   constant   
  13  w_y          0.00000e+00   constant   
  14  ANy2         1.07548e-02     fixed    
  15  pNy2         1.09622e+00   constant   
  16  w_vw         1.43115e+01   constant   
  17  LM          -4.64416e-04   constant   
  18  wCBO_expCoeff   2.01391e+02   1.00000e+00   1.39127e+00   9.04435e-01
  19  wCBO_expOffset   2.00000e+02   1.00000e+00   0.00000e+00   6.07151e+00
  20  wCBO_expT    3.00000e+01   1.00000e+00   0.00000e+00   4.51062e+01
  21  wCBO_linCoeff   0.00000e+00   constant   
  22  wCBO_const   2.09882e-03   1.00000e-02   0.00000e+00   2.34424e+03
 MIGRAD MINIMIZATION HAS CONVERGED.
 FCN=459.553 FROM MIGRAD    STATUS=CONVERGED     247 CALLS         248 TOTAL
                     EDM=2.52343e-06    STRATEGY= 1  ERROR MATRIX UNCERTAINTY   0.2 per cent
  EXT PARAMETER                                   STEP         FIRST   
  NO.   NAME      VALUE            ERROR          SIZE      DERIVATIVE 
   1  N0           3.33715e+06   2.28105e+03  -2.72855e+00   2.57263e-07
   2  tau          6.43904e+01   constant   
   3  A0           3.52471e-01   8.85293e-04  -9.67722e-07  -1.79106e+00
   4  phi          4.13021e+00   2.60979e-03   1.08949e-05   8.10801e-01
   5  R           -6.09611e+01   constant   
   6  A_CBO        3.06856e-03     fixed    
   7  w_CBO        2.32729e+00     fixed    
   8  phi_CBO      5.66580e+00     fixed    
   9  ANx2         2.14836e-04   constant   
  10  pNx2         2.09111e+00   constant   
  11  ANy1         0.00000e+00   constant   
  12  pNy1         0.00000e+00   constant   
  13  w_y          0.00000e+00   constant   
  14  ANy2         1.07548e-02     fixed    
  15  pNy2         1.09622e+00   constant   
  16  w_vw         1.43115e+01   constant   
  17  LM          -4.64416e-04   constant   
  18  wCBO_expCoeff   2.10881e+02   1.02842e+01   8.16813e-02  -1.67881e-03
  19  wCBO_expOffset   2.01416e+02   1.53826e+00   1.22208e-02  -1.19668e-02
  20  wCBO_expT    2.95759e+01   4.64163e-01  -3.52055e-03  -7.73395e-02
  21  wCBO_linCoeff   0.00000e+00   constant   
  22  wCBO_const   2.15394e-03   1.30640e-03  -8.85243e-07  -1.52675e+00
 EXTERNAL ERROR MATRIX.    NDIM=  25    NPAR=  7    ERR DEF=1
  5.203e+06  9.233e-03 -7.094e-02 -4.779e+03 -7.148e+02  2.131e+02 -2.666e-01 
  9.233e-03  7.837e-07  4.286e-08  9.154e-04  1.366e-04 -3.977e-05 -2.456e-08 
 -7.094e-02  4.286e-08  6.811e-06  3.538e-03  5.293e-04 -1.633e-04  4.532e-07 
 -4.779e+03  9.154e-04  3.538e-03  1.058e+02  1.577e+01 -4.765e+00  1.057e-02 
 -7.148e+02  1.366e-04  5.293e-04  1.577e+01  2.366e+00 -7.128e-01  1.580e-03 
  2.131e+02 -3.977e-05 -1.633e-04 -4.765e+00 -7.128e-01  2.154e-01 -4.893e-04 
 -2.666e-01 -2.456e-08  4.532e-07  1.057e-02  1.580e-03 -4.893e-04  1.707e-06 
 PARAMETER  CORRELATION COEFFICIENTS  
       NO.  GLOBAL      1      3      4     18     19     20     22
        1  0.24479   1.000  0.005 -0.012 -0.204 -0.204  0.201 -0.089
        3  0.20824   0.005  1.000  0.019  0.101  0.100 -0.097 -0.021
        4  0.15095  -0.012  0.019  1.000  0.132  0.132 -0.135  0.133
       18  0.99894  -0.204  0.101  0.132  1.000  0.997 -0.998  0.787
       19  0.99895  -0.204  0.100  0.132  0.997  1.000 -0.998  0.786
       20  0.99963   0.201 -0.097 -0.135 -0.998 -0.998  1.000 -0.807
       22  0.92400  -0.089 -0.021  0.133  0.787  0.786 -0.807  1.000
MINUIT - FIT ONLY 1-CBO + other amplitudes 
 **********
 **   16 **RES 
 **********
                   PARAMETER   14  ANy2 RESTORED TO VARIABLE.
                   PARAMETER    8  phi_CBO RESTORED TO VARIABLE.
                   PARAMETER    7  w_CBO RESTORED TO VARIABLE.
                   PARAMETER    6  A_CBO RESTORED TO VARIABLE.
 **********
 **   17 **FIX            0
 **********
 PARAMETER    0  IS UNDEFINED. IGNORED.
 **********
 **   18 **FIX            1
 **********
 **********
 **   19 **FIX            2
 **********
 PARAMETER    2  IS CONSTANT.   IGNORED.
 **********
 **   20 **FIX            3
 **********
 **********
 **   21 **FIX            4
 **********
 **********
 **   22 **FIX            9
 **********
 PARAMETER    9  IS CONSTANT.   IGNORED.
 **********
 **   23 **FIX           11
 **********
 PARAMETER   11  IS CONSTANT.   IGNORED.
 **********
 **   24 **FIX           12
 **********
 PARAMETER   12  IS CONSTANT.   IGNORED.
 **********
 **   25 **FIX           14
 **********
 **********
 **   26 **FIX           15
 **********
 PARAMETER   15  IS CONSTANT.   IGNORED.
 **********
 **   27 **FIX           16
 **********
 PARAMETER   16  IS CONSTANT.   IGNORED.
 **********
 **   28 **MIGRAD
 **********
 START MIGRAD MINIMIZATION.  STRATEGY  1.  CONVERGENCE WHEN EDM .LT. 1.00e-04
 FCN=459.553 FROM MIGRAD    STATUS=INITIATE       18 CALLS         266 TOTAL
                     EDM= unknown      STRATEGY= 1      NO ERROR MATRIX       
  EXT PARAMETER               CURRENT GUESS       STEP         FIRST   
  NO.   NAME      VALUE            ERROR          SIZE      DERIVATIVE 
   1  N0           3.33715e+06     fixed    
   2  tau          6.43904e+01   constant   
   3  A0           3.52471e-01     fixed    
   4  phi          4.13021e+00     fixed    
   5  R           -6.09611e+01   constant   
   6  A_CBO        3.06856e-03   1.00000e-05   1.00000e-05   4.72679e+03
   7  w_CBO        2.32729e+00   1.00000e-03   1.00000e-03  -8.08670e-01
   8  phi_CBO      5.66580e+00   1.00000e-04   1.00000e-04   1.44214e+00
   9  ANx2         2.14836e-04   constant   
  10  pNx2         2.09111e+00   constant   
  11  ANy1         0.00000e+00   constant   
  12  pNy1         0.00000e+00   constant   
  13  w_y          0.00000e+00   constant   
  14  ANy2         1.07548e-02     fixed    
  15  pNy2         1.09622e+00   constant   
  16  w_vw         1.43115e+01   constant   
  17  LM          -4.64416e-04   constant   
  18  wCBO_expCoeff   2.10881e+02   1.02842e+01   8.16813e-02  -1.67886e-03
  19  wCBO_expOffset   2.01416e+02   1.53826e+00   1.22208e-02  -1.19668e-02
  20  wCBO_expT    2.95759e+01   4.64163e-01  -3.52055e-03  -7.73399e-02
  21  wCBO_linCoeff   0.00000e+00   constant   
  22  wCBO_const   2.15394e-03   1.30640e-03  -8.85243e-07  -1.52674e+00
 MIGRAD MINIMIZATION HAS CONVERGED.
 MIGRAD WILL VERIFY CONVERGENCE AND ERROR MATRIX.
 COVARIANCE MATRIX CALCULATED SUCCESSFULLY
 FCN=453.514 FROM MIGRAD    STATUS=CONVERGED     341 CALLS         589 TOTAL
                     EDM=1.14299e-07    STRATEGY= 1      ERROR MATRIX ACCURATE 
  EXT PARAMETER                                   STEP         FIRST   
  NO.   NAME      VALUE            ERROR          SIZE      DERIVATIVE 
   1  N0           3.33715e+06     fixed    
   2  tau          6.43904e+01   constant   
   3  A0           3.52471e-01     fixed    
   4  phi          4.13021e+00     fixed    
   5  R           -6.09611e+01   constant   
   6  A_CBO        9.10444e-04   9.66650e-04   9.95837e-06  -2.52336e-02
   7  w_CBO        2.32505e+00   3.69780e-02   1.28476e-05  -1.09392e-01
   8  phi_CBO      4.45855e+00   1.29733e+00   1.05227e-02   1.76979e-04
   9  ANx2         2.14836e-04   constant   
  10  pNx2         2.09111e+00   constant   
  11  ANy1         0.00000e+00   constant   
  12  pNy1         0.00000e+00   constant   
  13  w_y          0.00000e+00   constant   
  14  ANy2         1.07548e-02     fixed    
  15  pNy2         1.09622e+00   constant   
  16  w_vw         1.43115e+01   constant   
  17  LM          -4.64416e-04   constant   
  18  wCBO_expCoeff   2.06709e+02   2.41552e+01   6.39184e-03  -4.95753e-04
  19  wCBO_expOffset   2.00831e+02   3.49474e+00   9.20569e-04  -3.44208e-03
  20  wCBO_expT    2.97706e+01   4.18957e-01   1.38935e-04  -2.22069e-02
  21  wCBO_linCoeff   0.00000e+00   constant   
  22  wCBO_const   1.50670e-03   1.58755e-02   6.52715e-06  -1.51722e-01
 EXTERNAL ERROR MATRIX.    NDIM=  25    NPAR=  7    ERR DEF=1
  9.344e-07  5.459e-07  6.460e-05  1.014e-03  1.502e-04 -5.029e-05  7.437e-09 
  5.459e-07  1.367e-03  1.490e-03 -3.212e-02 -5.245e-03 -1.255e-03 -5.828e-04 
  6.460e-05  1.490e-03  1.683e+00  1.559e+00  2.304e-01 -8.079e-02  4.247e-04 
  1.014e-03 -3.212e-02  1.559e+00  5.835e+02 -6.055e+01 -3.686e+00  2.597e-02 
  1.502e-04 -5.245e-03  2.304e-01 -6.055e+01  1.221e+01 -5.472e-01  4.055e-03 
 -5.029e-05 -1.255e-03 -8.079e-02 -3.686e+00 -5.472e-01  1.755e-01 -6.556e-05 
  7.437e-09 -5.828e-04  4.247e-04  2.597e-02  4.055e-03 -6.556e-05  2.520e-04 
 PARAMETER  CORRELATION COEFFICIENTS  
       NO.  GLOBAL      6      7      8     18     19     20     22
        6  0.14391   1.000  0.015  0.052  0.043  0.044 -0.124  0.000
        7  0.99944   0.015  1.000  0.031 -0.036 -0.041 -0.081 -0.993
        8  0.62556   0.052  0.031  1.000  0.050  0.051 -0.149  0.021
       18  0.99968   0.043 -0.036  0.050  1.000 -0.717 -0.364  0.068
       19  0.99968   0.044 -0.041  0.051 -0.717  1.000 -0.374  0.073
       20  0.99949  -0.124 -0.081 -0.149 -0.364 -0.374  1.000 -0.010
       22  0.99922   0.000 -0.993  0.021  0.068  0.073 -0.010  1.000
MINUIT - FIT ONLY 1-CBO
 **********
 **   29 **RES 
 **********
                   PARAMETER   14  ANy2 RESTORED TO VARIABLE.
                   PARAMETER    4  phi RESTORED TO VARIABLE.
                   PARAMETER    3  A0 RESTORED TO VARIABLE.
                   PARAMETER    1  N0 RESTORED TO VARIABLE.
 **********
 **   30 **FIX            0
 **********
 PARAMETER    0  IS UNDEFINED. IGNORED.
 **********
 **   31 **FIX            1
 **********
 **********
 **   32 **FIX            2
 **********
 PARAMETER    2  IS CONSTANT.   IGNORED.
 **********
 **   33 **FIX            3
 **********
 **********
 **   34 **FIX            4
 **********
 **********
 **   35 **FIX            8
 **********
 **********
 **   36 **FIX            9
 **********
 PARAMETER    9  IS CONSTANT.   IGNORED.
 **********
 **   37 **FIX           11
 **********
 PARAMETER   11  IS CONSTANT.   IGNORED.
 **********
 **   38 **FIX           12
 **********
 PARAMETER   12  IS CONSTANT.   IGNORED.
 **********
 **   39 **FIX           13
 **********
 PARAMETER   13  IS CONSTANT.   IGNORED.
 **********
 **   40 **FIX           15
 **********
 PARAMETER   15  IS CONSTANT.   IGNORED.
 **********
 **   41 **FIX           16
 **********
 PARAMETER   16  IS CONSTANT.   IGNORED.
 **********
 **   42 **MIGRAD
 **********
 START MIGRAD MINIMIZATION.  STRATEGY  1.  CONVERGENCE WHEN EDM .LT. 1.00e-04
 FCN=453.514 FROM MIGRAD    STATUS=INITIATE       16 CALLS         605 TOTAL
                     EDM= unknown      STRATEGY= 1      NO ERROR MATRIX       
  EXT PARAMETER               CURRENT GUESS       STEP         FIRST   
  NO.   NAME      VALUE            ERROR          SIZE      DERIVATIVE 
   1  N0           3.33715e+06     fixed    
   2  tau          6.43904e+01   constant   
   3  A0           3.52471e-01     fixed    
   4  phi          4.13021e+00     fixed    
   5  R           -6.09611e+01   constant   
   6  A_CBO        9.10444e-04   9.66650e-04   9.95837e-06  -2.52336e-02
   7  w_CBO        2.32505e+00   3.69780e-02   1.28476e-05  -1.10576e-01
   8  phi_CBO      4.45855e+00     fixed    
   9  ANx2         2.14836e-04   constant   
  10  pNx2         2.09111e+00   constant   
  11  ANy1         0.00000e+00   constant   
  12  pNy1         0.00000e+00   constant   
  13  w_y          0.00000e+00   constant   
  14  ANy2         1.07548e-02   1.00000e-04   1.00000e-04   2.49552e+04
  15  pNy2         1.09622e+00   constant   
  16  w_vw         1.43115e+01   constant   
  17  LM          -4.64416e-04   constant   
  18  wCBO_expCoeff   2.06709e+02   2.41552e+01   6.39184e-03  -4.97627e-04
  19  wCBO_expOffset   2.00831e+02   3.49474e+00   9.20569e-04  -3.45159e-03
  20  wCBO_expT    2.97706e+01   4.18957e-01   1.38935e-04  -2.22065e-02
  21  wCBO_linCoeff   0.00000e+00   constant   
  22  wCBO_const   1.50670e-03   1.58755e-02   6.52715e-06  -1.56156e-01
 MIGRAD MINIMIZATION HAS CONVERGED.
 MIGRAD WILL VERIFY CONVERGENCE AND ERROR MATRIX.
 FCN=316.121 FROM MIGRAD    STATUS=CONVERGED     197 CALLS         786 TOTAL
                     EDM=2.49854e-07    STRATEGY= 1      ERR MATRIX NOT POS-DEF
  EXT PARAMETER                APPROXIMATE        STEP         FIRST   
  NO.   NAME      VALUE            ERROR          SIZE      DERIVATIVE 
   1  N0           3.33715e+06     fixed    
   2  tau          6.43904e+01   constant   
   3  A0           3.52471e-01     fixed    
   4  phi          4.13021e+00     fixed    
   5  R           -6.09611e+01   constant   
   6  A_CBO        8.73481e-04   9.68589e-04   8.32683e-06   9.33143e-02
   7  w_CBO        2.32543e+00   1.16443e-02   1.18628e-05  -3.87994e-01
   8  phi_CBO      4.45855e+00     fixed    
   9  ANx2         2.14836e-04   constant   
  10  pNx2         2.09111e+00   constant   
  11  ANy1         0.00000e+00   constant   
  12  pNy1         0.00000e+00   constant   
  13  w_y          0.00000e+00   constant   
  14  ANy2        -2.57244e-04   9.35910e-04   8.16755e-06   3.32168e-01
  15  pNy2         1.09622e+00   constant   
  16  w_vw         1.43115e+01   constant   
  17  LM          -4.64416e-04   constant   
  18  wCBO_expCoeff   2.07985e+02   8.94929e+00   6.69005e-03  -7.73749e-04
  19  wCBO_expOffset   2.01014e+02   1.27933e+00   9.55521e-04  -5.41562e-03
  20  wCBO_expT    2.97150e+01   1.82482e-01   1.41679e-04  -3.58359e-02
  21  wCBO_linCoeff   0.00000e+00   constant   
  22  wCBO_const   1.45956e-03   5.01855e-03   5.88862e-06  -7.40264e-01
 EXTERNAL ERROR MATRIX.    NDIM=  25    NPAR=  7    ERR DEF=1
  9.382e-07  1.357e-07  5.442e-09 -3.309e-05 -4.798e-06 -3.503e-06  6.605e-08 
  1.357e-07  1.356e-04  3.018e-09 -2.698e-03 -3.906e-04 -1.782e-04 -5.653e-05 
  5.442e-09  3.018e-09  8.759e-07 -3.014e-05 -4.324e-06  8.720e-07  4.132e-09 
 -3.309e-05 -2.698e-03 -3.014e-05  8.009e+01 -6.700e+00 -7.260e-01  2.784e-03 
 -4.798e-06 -3.906e-04 -4.324e-06 -6.700e+00  1.637e+00 -1.040e-01  4.002e-04 
 -3.503e-06 -1.782e-04  8.720e-07 -7.260e-01 -1.040e-01  3.330e-02 -2.796e-05 
  6.605e-08 -5.653e-05  4.132e-09  2.784e-03  4.002e-04 -2.796e-05  2.519e-05 
ERR MATRIX NOT POS-DEF
 PARAMETER  CORRELATION COEFFICIENTS  
       NO.  GLOBAL      6      7     14     18     19     20     22
        6  0.17416   1.000  0.012  0.006 -0.004 -0.004 -0.020  0.014
        7  0.99317   0.012  1.000  0.000 -0.026 -0.026 -0.084 -0.967
       14  0.02170   0.006  0.000  1.000 -0.004 -0.004  0.005  0.001
       18  0.99634  -0.004 -0.026 -0.004  1.000 -0.585 -0.445  0.062
       19  0.99635  -0.004 -0.026 -0.004 -0.585  1.000 -0.445  0.062
       20  0.99605  -0.020 -0.084  0.005 -0.445 -0.445  1.000 -0.031
       22  0.99093   0.014 -0.967  0.001  0.062  0.062 -0.031  1.000
 ERR MATRIX NOT POS-DEF
MINUIT - FIT ONLY 2-CBO
 **********
 **   43 **RES 
 **********
                   PARAMETER    8  phi_CBO RESTORED TO VARIABLE.
                   PARAMETER    4  phi RESTORED TO VARIABLE.
                   PARAMETER    3  A0 RESTORED TO VARIABLE.
                   PARAMETER    1  N0 RESTORED TO VARIABLE.
 **********
 **   44 **FIX            0
 **********
 PARAMETER    0  IS UNDEFINED. IGNORED.
 **********
 **   45 **FIX            1
 **********
 **********
 **   46 **FIX            2
 **********
 PARAMETER    2  IS CONSTANT.   IGNORED.
 **********
 **   47 **FIX            3
 **********
 **********
 **   48 **FIX            4
 **********
 **********
 **   49 **FIX            5
 **********
 PARAMETER    5  IS CONSTANT.   IGNORED.
 **********
 **   50 **FIX            6
 **********
 **********
 **   51 **FIX            7
 **********
 **********
 **   52 **FIX           10
 **********
 PARAMETER   10  IS CONSTANT.   IGNORED.
 **********
 **   53 **FIX           11
 **********
 PARAMETER   11  IS CONSTANT.   IGNORED.
 **********
 **   54 **FIX           12
 **********
 PARAMETER   12  IS CONSTANT.   IGNORED.
 **********
 **   55 **FIX           13
 **********
 PARAMETER   13  IS CONSTANT.   IGNORED.
 **********
 **   56 **FIX           14
 **********
 **********
 **   57 **FIX           15
 **********
 PARAMETER   15  IS CONSTANT.   IGNORED.
 **********
 **   58 **FIX           16
 **********
 PARAMETER   16  IS CONSTANT.   IGNORED.
 **********
 **   59 **MIGRAD
 **********
 START MIGRAD MINIMIZATION.  STRATEGY  1.  CONVERGENCE WHEN EDM .LT. 1.00e-04
 FCN=316.121 FROM MIGRAD    STATUS=INITIATE       10 CALLS         796 TOTAL
                     EDM= unknown      STRATEGY= 1      NO ERROR MATRIX       
  EXT PARAMETER               CURRENT GUESS       STEP         FIRST   
  NO.   NAME      VALUE            ERROR          SIZE      DERIVATIVE 
   1  N0           3.33715e+06     fixed    
   2  tau          6.43904e+01   constant   
   3  A0           3.52471e-01     fixed    
   4  phi          4.13021e+00     fixed    
   5  R           -6.09611e+01   constant   
   6  A_CBO        8.73481e-04     fixed    
   7  w_CBO        2.32543e+00     fixed    
   8  phi_CBO      4.45855e+00   1.29733e+00   1.29733e+00  -1.31664e-01
   9  ANx2         2.14836e-04   constant   
  10  pNx2         2.09111e+00   constant   
  11  ANy1         0.00000e+00   constant   
  12  pNy1         0.00000e+00   constant   
  13  w_y          0.00000e+00   constant   
  14  ANy2        -2.57244e-04     fixed    
  15  pNy2         1.09622e+00   constant   
  16  w_vw         1.43115e+01   constant   
  17  LM          -4.64416e-04   constant   
  18  wCBO_expCoeff   2.07985e+02   8.94929e+00   6.69005e-03  -7.62489e-04
  19  wCBO_expOffset   2.01014e+02   1.27933e+00   9.55521e-04  -5.33436e-03
  20  wCBO_expT    2.97150e+01   1.82482e-01   1.41679e-04  -3.53446e-02
  21  wCBO_linCoeff   0.00000e+00   constant   
  22  wCBO_const   1.45956e-03   5.01855e-03   5.88862e-06  -7.42378e-01
 MIGRAD MINIMIZATION HAS CONVERGED.
 MIGRAD WILL VERIFY CONVERGENCE AND ERROR MATRIX.
 FCN=316.113 FROM HESSE     STATUS=NOT POSDEF     31 CALLS         862 TOTAL
                     EDM=0.000134561    STRATEGY= 1      ERR MATRIX NOT POS-DEF
  EXT PARAMETER                APPROXIMATE        STEP         FIRST   
  NO.   NAME      VALUE            ERROR          SIZE      DERIVATIVE 
   1  N0           3.33715e+06     fixed    
   2  tau          6.43904e+01   constant   
   3  A0           3.52471e-01     fixed    
   4  phi          4.13021e+00     fixed    
   5  R           -6.09611e+01   constant   
   6  A_CBO        8.73481e-04     fixed    
   7  w_CBO        2.32543e+00     fixed    
   8  phi_CBO      4.58094e+00   1.35583e+00   9.14502e-03   2.48823e-03
   9  ANx2         2.14836e-04   constant   
  10  pNx2         2.09111e+00   constant   
  11  ANy1         0.00000e+00   constant   
  12  pNy1         0.00000e+00   constant   
  13  w_y          0.00000e+00   constant   
  14  ANy2        -2.57244e-04     fixed    
  15  pNy2         1.09622e+00   constant   
  16  w_vw         1.43115e+01   constant   
  17  LM          -4.64416e-04   constant   
  18  wCBO_expCoeff   2.07982e+02   9.39589e+00   6.58210e-03  -3.78295e-03
  19  wCBO_expOffset   2.01014e+02   1.34368e+00   9.40342e-04  -2.64776e-02
  20  wCBO_expT    2.97150e+01   1.91495e-01   1.39540e-04  -5.99564e-02
  21  wCBO_linCoeff   0.00000e+00   constant   
  22  wCBO_const   1.51326e-03   1.45987e-03   5.86472e-06  -4.32437e+00
 MIGRAD MINIMIZATION HAS CONVERGED.
 MIGRAD WILL VERIFY CONVERGENCE AND ERROR MATRIX.
 FCN=316.112 FROM MIGRAD    STATUS=CONVERGED     140 CALLS         926 TOTAL
                     EDM=3.65111e-08    STRATEGY= 1      ERR MATRIX NOT POS-DEF
  EXT PARAMETER                APPROXIMATE        STEP         FIRST   
  NO.   NAME      VALUE            ERROR          SIZE      DERIVATIVE 
   1  N0           3.33715e+06     fixed    
   2  tau          6.43904e+01   constant   
   3  A0           3.52471e-01     fixed    
   4  phi          4.13021e+00     fixed    
   5  R           -6.09611e+01   constant   
   6  A_CBO        8.73481e-04     fixed    
   7  w_CBO        2.32543e+00     fixed    
   8  phi_CBO      4.59921e+00   1.36095e+00   9.11239e-03  -1.42877e-04
   9  ANx2         2.14836e-04   constant   
  10  pNx2         2.09111e+00   constant   
  11  ANy1         0.00000e+00   constant   
  12  pNy1         0.00000e+00   constant   
  13  w_y          0.00000e+00   constant   
  14  ANy2        -2.57244e-04     fixed    
  15  pNy2         1.09622e+00   constant   
  16  w_vw         1.43115e+01   constant   
  17  LM          -4.64416e-04   constant   
  18  wCBO_expCoeff   2.08428e+02   9.36807e+00   6.56817e-03  -1.42999e-04
  19  wCBO_expOffset   2.01078e+02   1.33554e+00   9.36079e-04  -1.00371e-03
  20  wCBO_expT    2.96949e+01   1.91018e-01   1.38946e-04  -6.97985e-03
  21  wCBO_linCoeff   0.00000e+00   constant   
  22  wCBO_const   1.58285e-03   1.47989e-03   5.89761e-06  -1.72327e-02
 EXTERNAL ERROR MATRIX.    NDIM=  25    NPAR=  5    ERR DEF=1
  1.852e+00  7.094e-01  1.013e-01 -3.465e-02  9.489e-04 
  7.094e-01  8.776e+01 -7.318e+00 -8.048e-01  2.278e-03 
  1.013e-01 -7.318e+00  1.784e+00 -1.150e-01  3.251e-04 
 -3.465e-02 -8.048e-01 -1.150e-01  3.649e-02 -1.318e-04 
  9.489e-04  2.278e-03  3.251e-04 -1.318e-04  2.190e-06 
ERR MATRIX NOT POS-DEF
 PARAMETER  CORRELATION COEFFICIENTS  
       NO.  GLOBAL      8     18     19     20     22
        8  0.64139   1.000  0.056  0.056 -0.133  0.471
       18  0.99677   0.056  1.000 -0.585 -0.450  0.164
       19  0.99677   0.056 -0.585  1.000 -0.451  0.165
       20  0.99652  -0.133 -0.450 -0.451  1.000 -0.466
       22  0.88958   0.471  0.164  0.165 -0.466  1.000
 ERR MATRIX NOT POS-DEF
MINUIT - FIT ONLY 1-y
 **********
 **   60 **RES 
 **********
                   PARAMETER   14  ANy2 RESTORED TO VARIABLE.
                   PARAMETER    7  w_CBO RESTORED TO VARIABLE.
                   PARAMETER    6  A_CBO RESTORED TO VARIABLE.
                   PARAMETER    4  phi RESTORED TO VARIABLE.
                   PARAMETER    3  A0 RESTORED TO VARIABLE.
                   PARAMETER    1  N0 RESTORED TO VARIABLE.
 **********
 **   61 **FIX            0
 **********
 PARAMETER    0  IS UNDEFINED. IGNORED.
 **********
 **   62 **FIX            1
 **********
 **********
 **   63 **FIX            2
 **********
 PARAMETER    2  IS CONSTANT.   IGNORED.
 **********
 **   64 **FIX            3
 **********
 **********
 **   65 **FIX            4
 **********
 **********
 **   66 **FIX            5
 **********
 PARAMETER    5  IS CONSTANT.   IGNORED.
 **********
 **   67 **FIX            6
 **********
 **********
 **   68 **FIX            7
 **********
 **********
 **   69 **FIX            8
 **********
 **********
 **   70 **FIX            9
 **********
 PARAMETER    9  IS CONSTANT.   IGNORED.
 **********
 **   71 **FIX           13
 **********
 PARAMETER   13  IS CONSTANT.   IGNORED.
 **********
 **   72 **FIX           14
 **********
 **********
 **   73 **FIX           15
 **********
 PARAMETER   15  IS CONSTANT.   IGNORED.
 **********
 **   74 **FIX           16
 **********
 PARAMETER   16  IS CONSTANT.   IGNORED.
 **********
 **   75 **MIGRAD
 **********
 START MIGRAD MINIMIZATION.  STRATEGY  1.  CONVERGENCE WHEN EDM .LT. 1.00e-04
 FCN=316.112 FROM MIGRAD    STATUS=INITIATE        8 CALLS         934 TOTAL
                     EDM= unknown      STRATEGY= 1      NO ERROR MATRIX       
  EXT PARAMETER               CURRENT GUESS       STEP         FIRST   
  NO.   NAME      VALUE            ERROR          SIZE      DERIVATIVE 
   1  N0           3.33715e+06     fixed    
   2  tau          6.43904e+01   constant   
   3  A0           3.52471e-01     fixed    
   4  phi          4.13021e+00     fixed    
   5  R           -6.09611e+01   constant   
   6  A_CBO        8.73481e-04     fixed    
   7  w_CBO        2.32543e+00     fixed    
   8  phi_CBO      4.59921e+00     fixed    
   9  ANx2         2.14836e-04   constant   
  10  pNx2         2.09111e+00   constant   
  11  ANy1         0.00000e+00   constant   
  12  pNy1         0.00000e+00   constant   
  13  w_y          0.00000e+00   constant   
  14  ANy2        -2.57244e-04     fixed    
  15  pNy2         1.09622e+00   constant   
  16  w_vw         1.43115e+01   constant   
  17  LM          -4.64416e-04   constant   
  18  wCBO_expCoeff   2.08428e+02   9.36807e+00   6.56817e-03  -1.41574e-04
  19  wCBO_expOffset   2.01078e+02   1.33554e+00   9.36079e-04  -9.93289e-04
  20  wCBO_expT    2.96949e+01   1.91018e-01   1.38946e-04  -6.91857e-03
  21  wCBO_linCoeff   0.00000e+00   constant   
  22  wCBO_const   1.58285e-03   1.47989e-03   5.89761e-06  -1.78998e-02
 MIGRAD MINIMIZATION HAS CONVERGED.
 MIGRAD WILL VERIFY CONVERGENCE AND ERROR MATRIX.
 FCN=316.112 FROM MIGRAD    STATUS=CONVERGED      47 CALLS         973 TOTAL
                     EDM=1.55064e-08    STRATEGY= 1      ERR MATRIX NOT POS-DEF
  EXT PARAMETER                APPROXIMATE        STEP         FIRST   
  NO.   NAME      VALUE            ERROR          SIZE      DERIVATIVE 
   1  N0           3.33715e+06     fixed    
   2  tau          6.43904e+01   constant   
   3  A0           3.52471e-01     fixed    
   4  phi          4.13021e+00     fixed    
   5  R           -6.09611e+01   constant   
   6  A_CBO        8.73481e-04     fixed    
   7  w_CBO        2.32543e+00     fixed    
   8  phi_CBO      4.59921e+00     fixed    
   9  ANx2         2.14836e-04   constant   
  10  pNx2         2.09111e+00   constant   
  11  ANy1         0.00000e+00   constant   
  12  pNy1         0.00000e+00   constant   
  13  w_y          0.00000e+00   constant   
  14  ANy2        -2.57244e-04     fixed    
  15  pNy2         1.09622e+00   constant   
  16  w_vw         1.43115e+01   constant   
  17  LM          -4.64416e-04   constant   
  18  wCBO_expCoeff   2.08428e+02   9.76790e+00   6.56662e-03  -2.75285e-06
  19  wCBO_expOffset   2.01078e+02   1.39253e+00   9.35549e-04  -1.93276e-05
  20  wCBO_expT    2.96949e+01   1.96473e-01   1.38868e-04  -3.45272e-04
  21  wCBO_linCoeff   0.00000e+00   constant   
  22  wCBO_const   1.58285e-03   1.31547e-03   5.89655e-06   1.13097e-01
 EXTERNAL ERROR MATRIX.    NDIM=  25    NPAR=  4    ERR DEF=1
  9.541e+01 -8.096e+00 -8.529e-01  2.098e-03 
 -8.096e+00  1.939e+00 -1.219e-01  2.994e-04 
 -8.529e-01 -1.219e-01  3.860e-02 -1.223e-04 
  2.098e-03  2.994e-04 -1.223e-04  1.730e-06 
ERR MATRIX NOT POS-DEF
 PARAMETER  CORRELATION COEFFICIENTS  
       NO.  GLOBAL     18     19     20     22
       18  0.99702   1.000 -0.595 -0.444  0.163
       19  0.99703  -0.595  1.000 -0.446  0.163
       20  0.99671  -0.444 -0.446  1.000 -0.473
       22  0.85782   0.163  0.163 -0.473  1.000
 ERR MATRIX NOT POS-DEF
MINUIT - FIT ONLY 2-y
 **********
 **   76 **RES 
 **********
                   PARAMETER   14  ANy2 RESTORED TO VARIABLE.
                   PARAMETER    8  phi_CBO RESTORED TO VARIABLE.
                   PARAMETER    7  w_CBO RESTORED TO VARIABLE.
                   PARAMETER    6  A_CBO RESTORED TO VARIABLE.
                   PARAMETER    4  phi RESTORED TO VARIABLE.
                   PARAMETER    3  A0 RESTORED TO VARIABLE.
                   PARAMETER    1  N0 RESTORED TO VARIABLE.
 **********
 **   77 **FIX            0
 **********
 PARAMETER    0  IS UNDEFINED. IGNORED.
 **********
 **   78 **FIX            1
 **********
 **********
 **   79 **FIX            2
 **********
 PARAMETER    2  IS CONSTANT.   IGNORED.
 **********
 **   80 **FIX            3
 **********
 **********
 **   81 **FIX            4
 **********
 **********
 **   82 **FIX            5
 **********
 PARAMETER    5  IS CONSTANT.   IGNORED.
 **********
 **   83 **FIX            6
 **********
 **********
 **   84 **FIX            7
 **********
 **********
 **   85 **FIX            8
 **********
 **********
 **   86 **FIX            9
 **********
 PARAMETER    9  IS CONSTANT.   IGNORED.
 **********
 **   87 **FIX           10
 **********
 PARAMETER   10  IS CONSTANT.   IGNORED.
 **********
 **   88 **FIX           11
 **********
 PARAMETER   11  IS CONSTANT.   IGNORED.
 **********
 **   89 **FIX           12
 **********
 PARAMETER   12  IS CONSTANT.   IGNORED.
 **********
 **   90 **FIX           16
 **********
 PARAMETER   16  IS CONSTANT.   IGNORED.
 **********
 **   91 **MIGRAD
 **********
 START MIGRAD MINIMIZATION.  STRATEGY  1.  CONVERGENCE WHEN EDM .LT. 1.00e-04
 FCN=316.112 FROM MIGRAD    STATUS=INITIATE       10 CALLS         983 TOTAL
                     EDM= unknown      STRATEGY= 1      NO ERROR MATRIX       
  EXT PARAMETER               CURRENT GUESS       STEP         FIRST   
  NO.   NAME      VALUE            ERROR          SIZE      DERIVATIVE 
   1  N0           3.33715e+06     fixed    
   2  tau          6.43904e+01   constant   
   3  A0           3.52471e-01     fixed    
   4  phi          4.13021e+00     fixed    
   5  R           -6.09611e+01   constant   
   6  A_CBO        8.73481e-04     fixed    
   7  w_CBO        2.32543e+00     fixed    
   8  phi_CBO      4.59921e+00     fixed    
   9  ANx2         2.14836e-04   constant   
  10  pNx2         2.09111e+00   constant   
  11  ANy1         0.00000e+00   constant   
  12  pNy1         0.00000e+00   constant   
  13  w_y          0.00000e+00   constant   
  14  ANy2        -2.57244e-04   9.35910e-04   9.35910e-04   3.36437e+00
  15  pNy2         1.09622e+00   constant   
  16  w_vw         1.43115e+01   constant   
  17  LM          -4.64416e-04   constant   
  18  wCBO_expCoeff   2.08428e+02   9.76790e+00   6.56662e-03  -1.32986e-06
  19  wCBO_expOffset   2.01078e+02   1.39253e+00   9.35549e-04  -8.92647e-06
  20  wCBO_expT    2.96949e+01   1.96473e-01   1.38868e-04  -2.84115e-04
  21  wCBO_linCoeff   0.00000e+00   constant   
  22  wCBO_const   1.58285e-03   1.31547e-03   5.89655e-06   1.09052e-01
 MIGRAD MINIMIZATION HAS CONVERGED.
 MIGRAD WILL VERIFY CONVERGENCE AND ERROR MATRIX.
 FCN=316.112 FROM MIGRAD    STATUS=CONVERGED      58 CALLS        1031 TOTAL
                     EDM=1.81159e-08    STRATEGY= 1      ERR MATRIX NOT POS-DEF
  EXT PARAMETER                APPROXIMATE        STEP         FIRST   
  NO.   NAME      VALUE            ERROR          SIZE      DERIVATIVE 
   1  N0           3.33715e+06     fixed    
   2  tau          6.43904e+01   constant   
   3  A0           3.52471e-01     fixed    
   4  phi          4.13021e+00     fixed    
   5  R           -6.09611e+01   constant   
   6  A_CBO        8.73481e-04     fixed    
   7  w_CBO        2.32543e+00     fixed    
   8  phi_CBO      4.59921e+00     fixed    
   9  ANx2         2.14836e-04   constant   
  10  pNx2         2.09111e+00   constant   
  11  ANy1         0.00000e+00   constant   
  12  pNy1         0.00000e+00   constant   
  13  w_y          0.00000e+00   constant   
  14  ANy2        -2.58728e-04   9.36694e-04   8.16740e-06  -8.12121e-04
  15  pNy2         1.09622e+00   constant   
  16  w_vw         1.43115e+01   constant   
  17  LM          -4.64416e-04   constant   
  18  wCBO_expCoeff   2.08428e+02   9.76748e+00   6.56657e-03  -1.58440e-04
  19  wCBO_expOffset   2.01078e+02   1.39249e+00   9.35542e-04  -1.11207e-03
  20  wCBO_expT    2.96949e+01   1.96467e-01   1.38868e-04  -7.62581e-03
  21  wCBO_linCoeff   0.00000e+00   constant   
  22  wCBO_const   1.58283e-03   1.31545e-03   5.89656e-06  -4.39133e-02
 EXTERNAL ERROR MATRIX.    NDIM=  25    NPAR=  5    ERR DEF=1
  8.774e-07 -3.491e-05 -4.998e-06  1.092e-06  4.714e-09 
 -3.491e-05  9.540e+01 -8.095e+00 -8.529e-01  2.097e-03 
 -4.998e-06 -8.095e+00  1.939e+00 -1.219e-01  2.993e-04 
  1.092e-06 -8.529e-01 -1.219e-01  3.860e-02 -1.223e-04 
  4.714e-09  2.097e-03  2.993e-04 -1.223e-04  1.730e-06 
ERR MATRIX NOT POS-DEF
 PARAMETER  CORRELATION COEFFICIENTS  
       NO.  GLOBAL     14     18     19     20     22
       14  0.02234   1.000 -0.004 -0.004  0.006  0.004
       18  0.99702  -0.004  1.000 -0.595 -0.444  0.163
       19  0.99703  -0.004 -0.595  1.000 -0.446  0.163
       20  0.99671   0.006 -0.444 -0.446  1.000 -0.473
       22  0.85781   0.004  0.163  0.163 -0.473  1.000
 ERR MATRIX NOT POS-DEF
MINUIT - FIT ALTOGETHER
 **********
 **   92 **RES 
 **********
                   PARAMETER    8  phi_CBO RESTORED TO VARIABLE.
                   PARAMETER    7  w_CBO RESTORED TO VARIABLE.
                   PARAMETER    6  A_CBO RESTORED TO VARIABLE.
                   PARAMETER    4  phi RESTORED TO VARIABLE.
                   PARAMETER    3  A0 RESTORED TO VARIABLE.
                   PARAMETER    1  N0 RESTORED TO VARIABLE.
 **********
 **   93 **MIGRAD
 **********
 START MIGRAD MINIMIZATION.  STRATEGY  1.  CONVERGENCE WHEN EDM .LT. 1.00e-04
 FCN=316.112 FROM MIGRAD    STATUS=INITIATE       22 CALLS        1053 TOTAL
                     EDM= unknown      STRATEGY= 1      NO ERROR MATRIX       
  EXT PARAMETER               CURRENT GUESS       STEP         FIRST   
  NO.   NAME      VALUE            ERROR          SIZE      DERIVATIVE 
   1  N0           3.33715e+06   2.28105e+03   2.28105e+03  -1.03544e-04
   2  tau          6.43904e+01   constant   
   3  A0           3.52471e-01   8.85293e-04   8.85293e-04  -3.98566e+02
