 + ++++++++++++++++++++++++++++++++++++++++++++++++++++++++++++++++++++ +
 +                                                                      +
 +           You have chose to blind your fitting according to          +
 +                omega_ref * (1 + (R +/- deltaR) *10^{-6})             +
 +                                                                      +
 + ++++++++++++++++++++++++++++++++++++++++++++++++++++++++++++++++++++ +
In main()...
reading format from /gm2data/zkhechad/run45/envelope/formats/formatB_sBin_constraintOn.txt
pBinTau 	= 0  
pBinPhi 	= 0  
constraintau 	= 1 
includeMopTerm 	= 0    
constrainMop    = 0   
Parameters after format file: pBinTau 0 pBinPhi 0 constraintau 1 includeMopTerm 0 constrainMop 0 c_e_scale 0.000000 
reading cbo reference file (full fit) from /gm2data/zkhechad/cboTemplates/Run4CBOTemplates/fullFits/run4/sBin_constraintOn_cE0.0_seed0_run4_calo19.root
A_CBO 0.009558 w_CBO 2.327254 phi_CBO 0.902980 N0 3088607.252134 R -60.257448 tau 64.400175 
Reading cboRef file /gm2data/zkhechad/cboTemplates/Run4CBOTemplates//cboIsolate/run4_calo19.root
deltaT 164.120000
windowBins = 1100
fitting sliding window 1840 from bin 2043 at 304.815600 to bin 3143 at 468.935600 (1100 bins)

Reading data from /gm2data/cornell/histograms/aMethod/histogram_a_run4.root
fitting cbo isolate
 **********
 **    1 **SET PRINTOUT            1
 **********
 **********
 **    2 **SET NOWARNINGS 
 **********
 PARAMETER DEFINITIONS:
    NO.   NAME         VALUE      STEP SIZE      LIMITS
     1 A_CBO        9.55751e-03  1.00000e-05     no limits
     2 w_CBO        2.32725e+00  1.00000e-02    2.00000e+00  3.00000e+00
     3 phi_CBO      9.02980e-01  1.00000e-02    0.00000e+00  6.28319e+00
 **********
 **    3 **MIGRAD
 **********
 FIRST CALL TO USER FUNCTION AT NEW START POINT, WITH IFLAG=4.
 START MIGRAD MINIMIZATION.  STRATEGY  1.  CONVERGENCE WHEN EDM .LT. 1.00e-04
 FCN=0.0947202 FROM MIGRAD    STATUS=INITIATE       12 CALLS          13 TOTAL
                     EDM= unknown      STRATEGY= 1      NO ERROR MATRIX       
  EXT PARAMETER               CURRENT GUESS       STEP         FIRST   
  NO.   NAME      VALUE            ERROR          SIZE      DERIVATIVE 
   1  A_CBO        9.55751e-03   1.00000e-05   1.00000e-05   6.45156e+00
   2  w_CBO        2.32725e+00   1.00000e-02   2.13147e-02   1.04422e+00
   3  phi_CBO      9.02980e-01   1.00000e-02   4.53699e-03  -1.10157e-02
 MIGRAD MINIMIZATION HAS CONVERGED.
 MIGRAD WILL VERIFY CONVERGENCE AND ERROR MATRIX.
 COVARIANCE MATRIX CALCULATED SUCCESSFULLY
 FCN=0.0756437 FROM HESSE     STATUS=OK             16 CALLS          58 TOTAL
                     EDM=0.000164992    STRATEGY= 1      ERROR MATRIX ACCURATE 
  EXT PARAMETER                                   STEP         FIRST   
  NO.   NAME      VALUE            ERROR          SIZE      DERIVATIVE 
   1  A_CBO        3.72973e-03   4.34850e-02   2.16093e-05   7.48067e-03
   2  w_CBO        2.32704e+00   2.31541e-01   3.20663e-05   3.43481e-02
   3  phi_CBO      9.50405e-01   5.74609e+00   2.59104e-03   1.92309e-04
 MIGRAD MINIMIZATION HAS CONVERGED.
 MIGRAD WILL VERIFY CONVERGENCE AND ERROR MATRIX.
 COVARIANCE MATRIX CALCULATED SUCCESSFULLY
 FCN=0.0755482 FROM MIGRAD    STATUS=CONVERGED      97 CALLS          98 TOTAL
                     EDM=4.88104e-05    STRATEGY= 1      ERROR MATRIX ACCURATE 
  EXT PARAMETER                                   STEP         FIRST   
  NO.   NAME      VALUE            ERROR          SIZE      DERIVATIVE 
   1  A_CBO        3.75794e-03   4.27909e-02   2.16092e-05   1.24611e-02
   2  w_CBO        2.32569e+00   1.25505e-01   3.14494e-05  -9.98852e-02
   3  phi_CBO      4.68006e-01   5.74708e+00   3.02647e-03   1.15717e-03
 EXTERNAL ERROR MATRIX.    NDIM=  25    NPAR=  3    ERR DEF=1
  1.831e-03 -3.175e-04 -1.396e-01 
 -3.175e-04  1.614e-02  6.011e+00 
 -1.396e-01  6.011e+00  2.362e+03 
 PARAMETER  CORRELATION COEFFICIENTS  
       NO.  GLOBAL      1      2      3
        1  0.07363   1.000 -0.058 -0.067
        2  0.97349  -0.058  1.000  0.973
        3  0.97352  -0.067  0.973  1.000
setting A_CBO=0.003758 w_CBO=2.325693, phi_CBO=0.468006
done fitting cbo isolate
 **********
 **    1 **SET PRINTOUT            1
 **********
 **********
 **    2 **SET NOWARNINGS 
 **********
 PARAMETER DEFINITIONS:
    NO.   NAME         VALUE      STEP SIZE      LIMITS
     1 N0           3.08861e+06  1.00000e+02     no limits
     2 tau          6.44002e+01  constant
     3 A0           3.48093e-01  1.00000e-04     no limits
     4 phi          4.13197e+00  1.00000e-02     no limits
     5 R           -6.02574e+01  constant
     6 A_CBO        3.75794e-03  1.00000e-05     no limits
     7 w_CBO        2.32569e+00  1.00000e-03     no limits
     8 phi_CBO      4.68006e-01  1.00000e-04     no limits
     9 ANx2         2.45054e-04  constant
    10 pNx2         5.52114e+00  constant
    11 ANy1         0.00000e+00  constant
    12 pNy1         0.00000e+00  constant
    13 w_y          0.00000e+00  constant
    14 ANy2         1.46670e-02  1.00000e-04     no limits
    15 pNy2         3.05066e+00  constant
    16 w_vw         1.43134e+01  constant
    17 LM          -3.45580e-05  constant
    18 wCBO_expCoeff   2.00000e+02  1.00000e+00     no limits
    19 wCBO_expOffset   2.00000e+02  1.00000e+00     no limits
    20 wCBO_expT    3.00000e+01  1.00000e+00     no limits
    21 wCBO_linCoeff   0.00000e+00  constant
    22 wCBO_const   0.00000e+00  1.00000e-02     no limits
MINUIT - FIT ONLY WIGGLE
 **********
 **    3 **FIX            5
 **********
 PARAMETER    5  IS CONSTANT.   IGNORED.
 **********
 **    4 **FIX            6
 **********
 **********
 **    5 **FIX            7
 **********
 **********
 **    6 **FIX            8
 **********
 **********
 **    7 **FIX            9
 **********
 PARAMETER    9  IS CONSTANT.   IGNORED.
 **********
 **    8 **FIX           10
 **********
 PARAMETER   10  IS CONSTANT.   IGNORED.
 **********
 **    9 **FIX           11
 **********
 PARAMETER   11  IS CONSTANT.   IGNORED.
 **********
 **   10 **FIX           12
 **********
 PARAMETER   12  IS CONSTANT.   IGNORED.
 **********
 **   11 **FIX           13
 **********
 PARAMETER   13  IS CONSTANT.   IGNORED.
 **********
 **   12 **FIX           14
 **********
 **********
 **   13 **FIX           15
 **********
 PARAMETER   15  IS CONSTANT.   IGNORED.
 **********
 **   14 **FIX           16
 **********
 PARAMETER   16  IS CONSTANT.   IGNORED.
 **********
 **   15 **MIGRAD
 **********
 FIRST CALL TO USER FUNCTION AT NEW START POINT, WITH IFLAG=4.
 START MIGRAD MINIMIZATION.  STRATEGY  1.  CONVERGENCE WHEN EDM .LT. 1.00e-04
 FCN=1201.9 FROM MIGRAD    STATUS=INITIATE       52 CALLS          53 TOTAL
                     EDM= unknown      STRATEGY= 1      NO ERROR MATRIX       
  EXT PARAMETER               CURRENT GUESS       STEP         FIRST   
  NO.   NAME      VALUE            ERROR          SIZE      DERIVATIVE 
   1  N0           3.08861e+06   1.00000e+02   0.00000e+00   1.47988e-03
   2  tau          6.44002e+01   constant   
   3  A0           3.48093e-01   1.00000e-04   0.00000e+00  -5.80760e+02
   4  phi          4.13197e+00   1.00000e-02   0.00000e+00   6.30139e+01
   5  R           -6.02574e+01   constant   
   6  A_CBO        3.75794e-03     fixed    
   7  w_CBO        2.32569e+00     fixed    
   8  phi_CBO      4.68006e-01     fixed    
   9  ANx2         2.45054e-04   constant   
  10  pNx2         5.52114e+00   constant   
  11  ANy1         0.00000e+00   constant   
  12  pNy1         0.00000e+00   constant   
  13  w_y          0.00000e+00   constant   
  14  ANy2         1.46670e-02     fixed    
  15  pNy2         3.05066e+00   constant   
  16  w_vw         1.43134e+01   constant   
  17  LM          -3.45580e-05   constant   
  18  wCBO_expCoeff   2.00166e+02   1.00000e+00   1.65959e-01   5.44563e+01
  19  wCBO_expOffset   2.00000e+02   1.00000e+00   0.00000e+00   3.63318e+02
  20  wCBO_expT    3.00000e+01   1.00000e+00   0.00000e+00   8.20231e+02
  21  wCBO_linCoeff   0.00000e+00   constant   
  22  wCBO_const   0.00000e+00   1.00000e-02   0.00000e+00   2.16045e+02
 MIGRAD MINIMIZATION HAS CONVERGED.
 FCN=1151.69 FROM MIGRAD    STATUS=CONVERGED     241 CALLS         242 TOTAL
                     EDM=2.46034e-07    STRATEGY= 1  ERROR MATRIX UNCERTAINTY   1.5 per cent
  EXT PARAMETER                                   STEP         FIRST   
  NO.   NAME      VALUE            ERROR          SIZE      DERIVATIVE 
   1  N0           3.08782e+06   1.11051e+03   4.45431e-02   4.35062e-07
   2  tau          6.44002e+01   constant   
   3  A0           3.48056e-01   4.84194e-04   1.75272e-06  -1.04557e+00
   4  phi          4.13194e+00   1.41996e-03  -4.01337e-06  -4.06601e-02
   5  R           -6.02574e+01   constant   
   6  A_CBO        3.75794e-03     fixed    
   7  w_CBO        2.32569e+00     fixed    
   8  phi_CBO      4.68006e-01     fixed    
   9  ANx2         2.45054e-04   constant   
  10  pNx2         5.52114e+00   constant   
  11  ANy1         0.00000e+00   constant   
  12  pNy1         0.00000e+00   constant   
  13  w_y          0.00000e+00   constant   
  14  ANy2         1.46670e-02     fixed    
  15  pNy2         3.05066e+00   constant   
  16  w_vw         1.43134e+01   constant   
  17  LM          -3.45580e-05   constant   
  18  wCBO_expCoeff   2.00276e+02   1.17112e-01  -1.94759e-04   1.39534e-03
  19  wCBO_expOffset   2.00016e+02   1.75337e-02  -2.91774e-05   2.44313e-02
  20  wCBO_expT    2.99781e+01   1.00555e-02   2.00486e-05   1.16381e-01
  21  wCBO_linCoeff   0.00000e+00   constant   
  22  wCBO_const   6.98629e-03   6.75320e-04  -1.27091e-06   1.34568e-02
 EXTERNAL ERROR MATRIX.    NDIM=  25    NPAR=  7    ERR DEF=1
  1.233e+06  1.157e-02 -2.260e-02 -1.775e+00 -2.662e-01  2.243e-01 -4.391e-02 
  1.157e-02  2.344e-07 -1.996e-09  6.460e-06  9.652e-07 -5.773e-07  4.002e-08 
 -2.260e-02 -1.996e-09  2.016e-06  5.486e-06  8.255e-07 -4.829e-07  3.326e-08 
 -1.775e+00  6.460e-06  5.486e-06  1.372e-02  2.007e-03 -1.165e-03  6.031e-05 
 -2.662e-01  9.652e-07  8.255e-07  2.007e-03  3.074e-04 -1.744e-04  9.030e-06 
  2.243e-01 -5.773e-07 -4.829e-07 -1.165e-03 -1.744e-04  1.011e-04 -5.569e-06 
 -4.391e-02  4.002e-08  3.326e-08  6.031e-05  9.030e-06 -5.569e-06  4.561e-07 
 PARAMETER  CORRELATION COEFFICIENTS  
       NO.  GLOBAL      1      3      4     18     19     20     22
        1  0.08196   1.000  0.022 -0.014 -0.014 -0.014  0.020 -0.059
        3  0.12963   0.022  1.000 -0.003  0.114  0.114 -0.119  0.122
        4  0.04044  -0.014 -0.003  1.000  0.033  0.033 -0.034  0.035
       18  0.99482  -0.014  0.114  0.033  1.000  0.977 -0.989  0.763
       19  0.99482  -0.014  0.114  0.033  0.977  1.000 -0.989  0.763
       20  0.99865   0.020 -0.119 -0.034 -0.989 -0.989  1.000 -0.820
       22  0.94677  -0.059  0.122  0.035  0.763  0.763 -0.820  1.000
MINUIT - FIT ONLY 1-CBO + other amplitudes 
 **********
 **   16 **RES 
 **********
                   PARAMETER   14  ANy2 RESTORED TO VARIABLE.
                   PARAMETER    8  phi_CBO RESTORED TO VARIABLE.
                   PARAMETER    7  w_CBO RESTORED TO VARIABLE.
                   PARAMETER    6  A_CBO RESTORED TO VARIABLE.
 **********
 **   17 **FIX            0
 **********
 PARAMETER    0  IS UNDEFINED. IGNORED.
 **********
 **   18 **FIX            1
 **********
 **********
 **   19 **FIX            2
 **********
 PARAMETER    2  IS CONSTANT.   IGNORED.
 **********
 **   20 **FIX            3
 **********
 **********
 **   21 **FIX            4
 **********
 **********
 **   22 **FIX            9
 **********
 PARAMETER    9  IS CONSTANT.   IGNORED.
 **********
 **   23 **FIX           11
 **********
 PARAMETER   11  IS CONSTANT.   IGNORED.
 **********
 **   24 **FIX           12
 **********
 PARAMETER   12  IS CONSTANT.   IGNORED.
 **********
 **   25 **FIX           14
 **********
 **********
 **   26 **FIX           15
 **********
 PARAMETER   15  IS CONSTANT.   IGNORED.
 **********
 **   27 **FIX           16
 **********
 PARAMETER   16  IS CONSTANT.   IGNORED.
 **********
 **   28 **MIGRAD
 **********
 START MIGRAD MINIMIZATION.  STRATEGY  1.  CONVERGENCE WHEN EDM .LT. 1.00e-04
 FCN=1151.69 FROM MIGRAD    STATUS=INITIATE       20 CALLS         262 TOTAL
                     EDM= unknown      STRATEGY= 1      NO ERROR MATRIX       
  EXT PARAMETER               CURRENT GUESS       STEP         FIRST   
  NO.   NAME      VALUE            ERROR          SIZE      DERIVATIVE 
   1  N0           3.08782e+06     fixed    
   2  tau          6.44002e+01   constant   
   3  A0           3.48056e-01     fixed    
   4  phi          4.13194e+00     fixed    
   5  R           -6.02574e+01   constant   
   6  A_CBO        3.75794e-03   1.00000e-05   1.00000e-05   1.09075e+04
   7  w_CBO        2.32569e+00   1.00000e-03   1.00000e-03   1.28232e-01
   8  phi_CBO      4.68006e-01   1.00000e-04   1.00000e-04   6.10913e-01
   9  ANx2         2.45054e-04   constant   
  10  pNx2         5.52114e+00   constant   
  11  ANy1         0.00000e+00   constant   
  12  pNy1         0.00000e+00   constant   
  13  w_y          0.00000e+00   constant   
  14  ANy2         1.46670e-02     fixed    
  15  pNy2         3.05066e+00   constant   
  16  w_vw         1.43134e+01   constant   
  17  LM          -3.45580e-05   constant   
  18  wCBO_expCoeff   2.00276e+02   1.17112e-01  -1.94759e-04   1.39533e-03
  19  wCBO_expOffset   2.00016e+02   1.75337e-02  -2.91774e-05   2.44313e-02
  20  wCBO_expT    2.99781e+01   1.00555e-02   2.00486e-05   1.16381e-01
  21  wCBO_linCoeff   0.00000e+00   constant   
  22  wCBO_const   6.98629e-03   6.75320e-04  -1.27091e-06   1.34571e-02
 MIGRAD MINIMIZATION HAS CONVERGED.
 FCN=1142.97 FROM MIGRAD    STATUS=CONVERGED     208 CALLS         450 TOTAL
                     EDM=8.20565e-06    STRATEGY= 1  ERROR MATRIX UNCERTAINTY  13.4 per cent
  EXT PARAMETER                                   STEP         FIRST   
  NO.   NAME      VALUE            ERROR          SIZE      DERIVATIVE 
   1  N0           3.08782e+06     fixed    
   2  tau          6.44002e+01   constant   
   3  A0           3.48056e-01     fixed    
   4  phi          4.13194e+00     fixed    
   5  R           -6.02574e+01   constant   
   6  A_CBO        2.30337e-03   5.12321e-04   7.82841e-08   3.36265e+00
   7  w_CBO        2.32525e+00   8.81873e-04   3.65966e-06  -1.24628e+01
   8  phi_CBO     -5.34828e-01   7.66696e-01   8.88192e-03   1.42786e-02
   9  ANx2         2.45054e-04   constant   
  10  pNx2         5.52114e+00   constant   
  11  ANy1         0.00000e+00   constant   
  12  pNy1         0.00000e+00   constant   
  13  w_y          0.00000e+00   constant   
  14  ANy2         1.46670e-02     fixed    
  15  pNy2         3.05066e+00   constant   
  16  w_vw         1.43134e+01   constant   
  17  LM          -3.45580e-05   constant   
  18  wCBO_expCoeff   2.00237e+02   1.19009e-01   2.81430e-04  -9.60205e-02
  19  wCBO_expOffset   2.00011e+02   1.77738e-02   4.20318e-05  -6.46821e-01
  20  wCBO_expT    2.99826e+01   1.34410e-02  -3.34483e-05  -2.49130e+00
  21  wCBO_linCoeff   0.00000e+00   constant   
  22  wCBO_const   5.85062e-03   8.80100e-04   1.14415e-05  -9.70657e+00
 EXTERNAL ERROR MATRIX.    NDIM=  25    NPAR=  7    ERR DEF=1
  2.625e-07  3.361e-08 -6.501e-06  4.553e-06  6.800e-07 -5.226e-07  7.423e-09 
  3.361e-08  7.777e-07 -2.450e-05  1.022e-04  1.527e-05 -1.167e-05  2.216e-07 
 -6.501e-06 -2.450e-05  5.878e-01 -1.400e-02 -2.090e-03  1.594e-03  5.242e-04 
  4.553e-06  1.022e-04 -1.400e-02  1.416e-02  2.088e-03 -1.583e-03  1.630e-05 
  6.800e-07  1.527e-05 -2.090e-03  2.088e-03  3.159e-04 -2.365e-04  2.434e-06 
 -5.226e-07 -1.167e-05  1.594e-03 -1.583e-03 -2.365e-04  1.807e-04 -2.461e-06 
  7.423e-09  2.216e-07  5.242e-04  1.630e-05  2.434e-06 -2.461e-06  7.746e-07 
 PARAMETER  CORRELATION COEFFICIENTS  
       NO.  GLOBAL      6      7      8     18     19     20     22
        6  0.07695   1.000  0.074 -0.017  0.075  0.075 -0.076  0.016
        7  0.99281   0.074  1.000 -0.036  0.974  0.974 -0.984  0.285
        8  0.95783  -0.017 -0.036  1.000 -0.153 -0.153  0.155  0.777
       18  0.99480   0.075  0.974 -0.153  1.000  0.987 -0.990  0.156
       19  0.99478   0.075  0.974 -0.153  0.987  1.000 -0.990  0.156
       20  0.99880  -0.076 -0.984  0.155 -0.990 -0.990  1.000 -0.208
       22  0.95565   0.016  0.285  0.777  0.156  0.156 -0.208  1.000
MINUIT - FIT ONLY 1-CBO
 **********
 **   29 **RES 
 **********
                   PARAMETER   14  ANy2 RESTORED TO VARIABLE.
                   PARAMETER    4  phi RESTORED TO VARIABLE.
                   PARAMETER    3  A0 RESTORED TO VARIABLE.
                   PARAMETER    1  N0 RESTORED TO VARIABLE.
 **********
 **   30 **FIX            0
 **********
 PARAMETER    0  IS UNDEFINED. IGNORED.
 **********
 **   31 **FIX            1
 **********
 **********
 **   32 **FIX            2
 **********
 PARAMETER    2  IS CONSTANT.   IGNORED.
 **********
 **   33 **FIX            3
 **********
 **********
 **   34 **FIX            4
 **********
 **********
 **   35 **FIX            8
 **********
 **********
 **   36 **FIX            9
 **********
 PARAMETER    9  IS CONSTANT.   IGNORED.
 **********
 **   37 **FIX           11
 **********
 PARAMETER   11  IS CONSTANT.   IGNORED.
 **********
 **   38 **FIX           12
 **********
 PARAMETER   12  IS CONSTANT.   IGNORED.
 **********
 **   39 **FIX           13
 **********
 PARAMETER   13  IS CONSTANT.   IGNORED.
 **********
 **   40 **FIX           15
 **********
 PARAMETER   15  IS CONSTANT.   IGNORED.
 **********
 **   41 **FIX           16
 **********
 PARAMETER   16  IS CONSTANT.   IGNORED.
 **********
 **   42 **MIGRAD
 **********
 START MIGRAD MINIMIZATION.  STRATEGY  1.  CONVERGENCE WHEN EDM .LT. 1.00e-04
 FCN=1142.97 FROM MIGRAD    STATUS=INITIATE       16 CALLS         466 TOTAL
                     EDM= unknown      STRATEGY= 1      NO ERROR MATRIX       
  EXT PARAMETER               CURRENT GUESS       STEP         FIRST   
  NO.   NAME      VALUE            ERROR          SIZE      DERIVATIVE 
   1  N0           3.08782e+06     fixed    
   2  tau          6.44002e+01   constant   
   3  A0           3.48056e-01     fixed    
   4  phi          4.13194e+00     fixed    
   5  R           -6.02574e+01   constant   
   6  A_CBO        2.30337e-03   5.12321e-04   7.82841e-08   3.36265e+00
   7  w_CBO        2.32525e+00   8.81873e-04   3.65966e-06  -1.24628e+01
   8  phi_CBO     -5.34828e-01     fixed    
   9  ANx2         2.45054e-04   constant   
  10  pNx2         5.52114e+00   constant   
  11  ANy1         0.00000e+00   constant   
  12  pNy1         0.00000e+00   constant   
  13  w_y          0.00000e+00   constant   
  14  ANy2         1.46670e-02   1.00000e-04   1.00000e-04   1.09561e+05
  15  pNy2         3.05066e+00   constant   
  16  w_vw         1.43134e+01   constant   
  17  LM          -3.45580e-05   constant   
  18  wCBO_expCoeff   2.00237e+02   1.19009e-01   2.81430e-04  -9.60208e-02
  19  wCBO_expOffset   2.00011e+02   1.77738e-02   4.20318e-05  -6.46821e-01
  20  wCBO_expT    2.99826e+01   1.34410e-02  -3.34483e-05  -2.49130e+00
  21  wCBO_linCoeff   0.00000e+00   constant   
  22  wCBO_const   5.85062e-03   8.80100e-04   1.14415e-05  -9.70657e+00
 MIGRAD MINIMIZATION HAS CONVERGED.
 MIGRAD WILL VERIFY CONVERGENCE AND ERROR MATRIX.
 COVARIANCE MATRIX CALCULATED SUCCESSFULLY
 FCN=358.073 FROM MIGRAD    STATUS=CONVERGED     299 CALLS         749 TOTAL
                     EDM=1.16012e-06    STRATEGY= 1      ERROR MATRIX ACCURATE 
  EXT PARAMETER                                   STEP         FIRST   
  NO.   NAME      VALUE            ERROR          SIZE      DERIVATIVE 
   1  N0           3.08782e+06     fixed    
   2  tau          6.44002e+01   constant   
   3  A0           3.48056e-01     fixed    
   4  phi          4.13194e+00     fixed    
   5  R           -6.02574e+01   constant   
   6  A_CBO        5.20739e-04   5.54738e-04   4.64611e-06  -2.05738e-01
   7  w_CBO        2.32571e+00   6.78044e-03   5.54774e-06   9.50131e-01
   8  phi_CBO     -5.34828e-01     fixed    
   9  ANx2         2.45054e-04   constant   
  10  pNx2         5.52114e+00   constant   
  11  ANy1         0.00000e+00   constant   
  12  pNy1         0.00000e+00   constant   
  13  w_y          0.00000e+00   constant   
  14  ANy2         3.01599e-04   5.16198e-04   4.69402e-06   2.30432e+00
  15  pNy2         3.05066e+00   constant   
  16  w_vw         1.43134e+01   constant   
  17  LM          -3.45580e-05   constant   
  18  wCBO_expCoeff   2.00288e+02   6.80392e-01   6.30549e-04   8.16836e-03
  19  wCBO_expOffset   2.00018e+02   1.01538e-01   9.53761e-05   5.41472e-02
  20  wCBO_expT    2.99728e+01   2.32345e-02   2.39806e-05   1.86207e-01
  21  wCBO_linCoeff   0.00000e+00   constant   
  22  wCBO_const   6.52432e-03   3.28058e-03   8.10830e-06   5.70358e-01
 EXTERNAL ERROR MATRIX.    NDIM=  25    NPAR=  7    ERR DEF=1
  3.077e-07 -1.384e-07  3.810e-08 -1.973e-05 -2.932e-06  3.075e-06 -1.792e-07 
 -1.384e-07  4.597e-05 -1.718e-08 -1.595e-03 -2.363e-04 -3.408e-05 -1.806e-05 
  3.810e-08 -1.718e-08  2.665e-07 -2.258e-06 -3.313e-07  6.341e-07 -7.081e-08 
 -1.973e-05 -1.595e-03 -2.258e-06  4.629e-01 -3.294e-02 -4.544e-03  9.219e-04 
 -2.932e-06 -2.363e-04 -3.313e-07 -3.294e-02  1.031e-02 -6.724e-04  1.365e-04 
  3.075e-06 -3.408e-05  6.341e-07 -4.544e-03 -6.724e-04  5.398e-04 -1.795e-05 
 -1.792e-07 -1.806e-05 -7.081e-08  9.219e-04  1.365e-04 -1.795e-05  1.076e-05 
 PARAMETER  CORRELATION COEFFICIENTS  
       NO.  GLOBAL      6      7     14     18     19     20     22
        6  0.42520   1.000 -0.037  0.133 -0.052 -0.052  0.239 -0.098
        7  0.99609  -0.037  1.000 -0.005 -0.346 -0.343 -0.216 -0.812
       14  0.18465   0.133 -0.005  1.000 -0.006 -0.006  0.053 -0.042
       18  0.99498  -0.052 -0.346 -0.006  1.000 -0.477 -0.287  0.413
       19  0.99495  -0.052 -0.343 -0.006 -0.477  1.000 -0.285  0.410
       20  0.99378   0.239 -0.216  0.053 -0.287 -0.285  1.000 -0.235
       22  0.96382  -0.098 -0.812 -0.042  0.413  0.410 -0.235  1.000
MINUIT - FIT ONLY 2-CBO
 **********
 **   43 **RES 
 **********
                   PARAMETER    8  phi_CBO RESTORED TO VARIABLE.
                   PARAMETER    4  phi RESTORED TO VARIABLE.
                   PARAMETER    3  A0 RESTORED TO VARIABLE.
                   PARAMETER    1  N0 RESTORED TO VARIABLE.
 **********
 **   44 **FIX            0
 **********
 PARAMETER    0  IS UNDEFINED. IGNORED.
 **********
 **   45 **FIX            1
 **********
 **********
 **   46 **FIX            2
 **********
 PARAMETER    2  IS CONSTANT.   IGNORED.
 **********
 **   47 **FIX            3
 **********
 **********
 **   48 **FIX            4
 **********
 **********
 **   49 **FIX            5
 **********
 PARAMETER    5  IS CONSTANT.   IGNORED.
 **********
 **   50 **FIX            6
 **********
 **********
 **   51 **FIX            7
 **********
 **********
 **   52 **FIX           10
 **********
 PARAMETER   10  IS CONSTANT.   IGNORED.
 **********
 **   53 **FIX           11
 **********
 PARAMETER   11  IS CONSTANT.   IGNORED.
 **********
 **   54 **FIX           12
 **********
 PARAMETER   12  IS CONSTANT.   IGNORED.
 **********
 **   55 **FIX           13
 **********
 PARAMETER   13  IS CONSTANT.   IGNORED.
 **********
 **   56 **FIX           14
 **********
 **********
 **   57 **FIX           15
 **********
 PARAMETER   15  IS CONSTANT.   IGNORED.
 **********
 **   58 **FIX           16
 **********
 PARAMETER   16  IS CONSTANT.   IGNORED.
 **********
 **   59 **MIGRAD
 **********
 START MIGRAD MINIMIZATION.  STRATEGY  1.  CONVERGENCE WHEN EDM .LT. 1.00e-04
 FCN=358.073 FROM MIGRAD    STATUS=INITIATE       12 CALLS         761 TOTAL
                     EDM= unknown      STRATEGY= 1      NO ERROR MATRIX       
  EXT PARAMETER               CURRENT GUESS       STEP         FIRST   
  NO.   NAME      VALUE            ERROR          SIZE      DERIVATIVE 
   1  N0           3.08782e+06     fixed    
   2  tau          6.44002e+01   constant   
   3  A0           3.48056e-01     fixed    
   4  phi          4.13194e+00     fixed    
   5  R           -6.02574e+01   constant   
   6  A_CBO        5.20739e-04     fixed    
   7  w_CBO        2.32571e+00     fixed    
   8  phi_CBO     -5.34828e-01   7.66696e-01   7.66696e-01   6.48167e-01
   9  ANx2         2.45054e-04   constant   
  10  pNx2         5.52114e+00   constant   
  11  ANy1         0.00000e+00   constant   
  12  pNy1         0.00000e+00   constant   
  13  w_y          0.00000e+00   constant   
  14  ANy2         3.01599e-04     fixed    
  15  pNy2         3.05066e+00   constant   
  16  w_vw         1.43134e+01   constant   
  17  LM          -3.45580e-05   constant   
  18  wCBO_expCoeff   2.00288e+02   6.80392e-01   6.30549e-04   7.87742e-03
  19  wCBO_expOffset   2.00018e+02   1.01538e-01   9.53761e-05   5.25942e-02
  20  wCBO_expT    2.99728e+01   2.32345e-02   2.39806e-05   1.78571e-01
  21  wCBO_linCoeff   0.00000e+00   constant   
  22  wCBO_const   6.52432e-03   3.28058e-03   8.10830e-06   5.67331e-01
 MIGRAD MINIMIZATION HAS CONVERGED.
 MIGRAD WILL VERIFY CONVERGENCE AND ERROR MATRIX.
 COVARIANCE MATRIX CALCULATED SUCCESSFULLY
 FCN=357.452 FROM MIGRAD    STATUS=CONVERGED     256 CALLS        1005 TOTAL
                     EDM=3.82573e-07    STRATEGY= 1      ERROR MATRIX ACCURATE 
  EXT PARAMETER                                   STEP         FIRST   
  NO.   NAME      VALUE            ERROR          SIZE      DERIVATIVE 
   1  N0           3.08782e+06     fixed    
   2  tau          6.44002e+01   constant   
   3  A0           3.48056e-01     fixed    
   4  phi          4.13194e+00     fixed    
   5  R           -6.02574e+01   constant   
   6  A_CBO        5.20739e-04     fixed    
   7  w_CBO        2.32571e+00     fixed    
   8  phi_CBO     -1.80279e+00   1.18913e+00   9.35333e-03   7.69764e-04
   9  ANx2         2.45054e-04   constant   
  10  pNx2         5.52114e+00   constant   
  11  ANy1         0.00000e+00   constant   
  12  pNy1         0.00000e+00   constant   
  13  w_y          0.00000e+00   constant   
  14  ANy2         3.01599e-04     fixed    
  15  pNy2         3.05066e+00   constant   
  16  w_vw         1.43134e+01   constant   
  17  LM          -3.45580e-05   constant   
  18  wCBO_expCoeff   1.99884e+02   4.72911e-01   4.26457e-04  -6.42733e-03
  19  wCBO_expOffset   1.99958e+02   6.54833e-02   9.53473e-05  -4.28668e-02
  20  wCBO_expT    3.00039e+01   1.71555e-02   1.62022e-05  -1.95863e-01
  21  wCBO_linCoeff   0.00000e+00   constant   
  22  wCBO_const   4.96990e-03   1.15292e-03   5.95787e-06  -9.14942e-01
 EXTERNAL ERROR MATRIX.    NDIM=  25    NPAR=  5    ERR DEF=1
  1.414e+00  7.025e-05  7.274e-04 -5.107e-06  4.224e-04 
  7.025e-05  2.236e-01 -1.717e-02 -4.306e-03  8.562e-05 
  7.274e-04 -1.717e-02  4.288e-03 -4.462e-04  8.702e-06 
 -5.107e-06 -4.306e-03 -4.462e-04  2.943e-04 -7.934e-06 
  4.224e-04  8.562e-05  8.702e-06 -7.934e-06  1.329e-06 
 PARAMETER  CORRELATION COEFFICIENTS  
       NO.  GLOBAL      8     18     19     20     22
        8  0.52656   1.000  0.000  0.009 -0.000  0.308
       18  0.99521   0.000  1.000 -0.555 -0.531  0.157
       19  0.99437   0.009 -0.555  1.000 -0.397  0.115
       20  0.99475  -0.000 -0.531 -0.397  1.000 -0.401
       22  0.82892   0.308  0.157  0.115 -0.401  1.000
MINUIT - FIT ONLY 1-y
 **********
 **   60 **RES 
 **********
                   PARAMETER   14  ANy2 RESTORED TO VARIABLE.
                   PARAMETER    7  w_CBO RESTORED TO VARIABLE.
                   PARAMETER    6  A_CBO RESTORED TO VARIABLE.
                   PARAMETER    4  phi RESTORED TO VARIABLE.
                   PARAMETER    3  A0 RESTORED TO VARIABLE.
                   PARAMETER    1  N0 RESTORED TO VARIABLE.
 **********
 **   61 **FIX            0
 **********
 PARAMETER    0  IS UNDEFINED. IGNORED.
 **********
 **   62 **FIX            1
 **********
 **********
 **   63 **FIX            2
 **********
 PARAMETER    2  IS CONSTANT.   IGNORED.
 **********
 **   64 **FIX            3
 **********
 **********
 **   65 **FIX            4
 **********
 **********
 **   66 **FIX            5
 **********
 PARAMETER    5  IS CONSTANT.   IGNORED.
 **********
 **   67 **FIX            6
 **********
 **********
 **   68 **FIX            7
 **********
 **********
 **   69 **FIX            8
 **********
 **********
 **   70 **FIX            9
 **********
 PARAMETER    9  IS CONSTANT.   IGNORED.
 **********
 **   71 **FIX           13
 **********
 PARAMETER   13  IS CONSTANT.   IGNORED.
 **********
 **   72 **FIX           14
 **********
 **********
 **   73 **FIX           15
 **********
 PARAMETER   15  IS CONSTANT.   IGNORED.
 **********
 **   74 **FIX           16
 **********
 PARAMETER   16  IS CONSTANT.   IGNORED.
 **********
 **   75 **MIGRAD
 **********
 START MIGRAD MINIMIZATION.  STRATEGY  1.  CONVERGENCE WHEN EDM .LT. 1.00e-04
 FCN=357.452 FROM MIGRAD    STATUS=INITIATE        8 CALLS        1013 TOTAL
                     EDM= unknown      STRATEGY= 1      NO ERROR MATRIX       
  EXT PARAMETER               CURRENT GUESS       STEP         FIRST   
  NO.   NAME      VALUE            ERROR          SIZE      DERIVATIVE 
   1  N0           3.08782e+06     fixed    
   2  tau          6.44002e+01   constant   
   3  A0           3.48056e-01     fixed    
   4  phi          4.13194e+00     fixed    
   5  R           -6.02574e+01   constant   
   6  A_CBO        5.20739e-04     fixed    
   7  w_CBO        2.32571e+00     fixed    
   8  phi_CBO     -1.80279e+00     fixed    
   9  ANx2         2.45054e-04   constant   
  10  pNx2         5.52114e+00   constant   
  11  ANy1         0.00000e+00   constant   
  12  pNy1         0.00000e+00   constant   
  13  w_y          0.00000e+00   constant   
  14  ANy2         3.01599e-04     fixed    
  15  pNy2         3.05066e+00   constant   
  16  w_vw         1.43134e+01   constant   
  17  LM          -3.45580e-05   constant   
  18  wCBO_expCoeff   1.99884e+02   4.72911e-01   4.26457e-04  -6.48342e-03
  19  wCBO_expOffset   1.99958e+02   6.54833e-02   9.53473e-05  -4.80418e-02
  20  wCBO_expT    3.00039e+01   1.71555e-02   1.62022e-05  -2.01336e-01
  21  wCBO_linCoeff   0.00000e+00   constant   
  22  wCBO_const   4.96990e-03   1.15292e-03   5.95787e-06  -9.14508e-01
 MIGRAD MINIMIZATION HAS CONVERGED.
 MIGRAD WILL VERIFY CONVERGENCE AND ERROR MATRIX.
 COVARIANCE MATRIX CALCULATED SUCCESSFULLY
 FCN=357.452 FROM MIGRAD    STATUS=CONVERGED      47 CALLS        1052 TOTAL
                     EDM=1.22361e-07    STRATEGY= 1      ERROR MATRIX ACCURATE 
  EXT PARAMETER                                   STEP         FIRST   
  NO.   NAME      VALUE            ERROR          SIZE      DERIVATIVE 
   1  N0           3.08782e+06     fixed    
   2  tau          6.44002e+01   constant   
   3  A0           3.48056e-01     fixed    
   4  phi          4.13194e+00     fixed    
   5  R           -6.02574e+01   constant   
   6  A_CBO        5.20739e-04     fixed    
   7  w_CBO        2.32571e+00     fixed    
   8  phi_CBO     -1.80279e+00     fixed    
   9  ANx2         2.45054e-04   constant   
  10  pNx2         5.52114e+00   constant   
  11  ANy1         0.00000e+00   constant   
  12  pNy1         0.00000e+00   constant   
  13  w_y          0.00000e+00   constant   
  14  ANy2         3.01599e-04     fixed    
  15  pNy2         3.05066e+00   constant   
  16  w_vw         1.43134e+01   constant   
  17  LM          -3.45580e-05   constant   
  18  wCBO_expCoeff   1.99884e+02   4.72509e-01   4.27300e-04   2.86236e-03
  19  wCBO_expOffset   1.99958e+02   6.54494e-02   9.53473e-05   1.90203e-02
  20  wCBO_expT    3.00039e+01   1.71447e-02   1.62284e-05   5.25383e-02
  21  wCBO_linCoeff   0.00000e+00   constant   
  22  wCBO_const   4.96996e-03   1.09673e-03   5.96195e-06  -2.88061e-01
 EXTERNAL ERROR MATRIX.    NDIM=  25    NPAR=  4    ERR DEF=1
  2.233e-01 -1.715e-02 -4.298e-03  8.539e-05 
 -1.715e-02  4.284e-03 -4.461e-04  8.480e-06 
 -4.298e-03 -4.461e-04  2.939e-04 -7.923e-06 
  8.539e-05  8.480e-06 -7.923e-06  1.203e-06 
 PARAMETER  CORRELATION COEFFICIENTS  
       NO.  GLOBAL     18     19     20     22
       18  0.99520   1.000 -0.555 -0.530  0.165
       19  0.99436  -0.555  1.000 -0.398  0.118
       20  0.99474  -0.530 -0.398  1.000 -0.421
       22  0.80883   0.165  0.118 -0.421  1.000
MINUIT - FIT ONLY 2-y
 **********
 **   76 **RES 
 **********
                   PARAMETER   14  ANy2 RESTORED TO VARIABLE.
                   PARAMETER    8  phi_CBO RESTORED TO VARIABLE.
                   PARAMETER    7  w_CBO RESTORED TO VARIABLE.
                   PARAMETER    6  A_CBO RESTORED TO VARIABLE.
                   PARAMETER    4  phi RESTORED TO VARIABLE.
                   PARAMETER    3  A0 RESTORED TO VARIABLE.
                   PARAMETER    1  N0 RESTORED TO VARIABLE.
 **********
 **   77 **FIX            0
 **********
 PARAMETER    0  IS UNDEFINED. IGNORED.
 **********
 **   78 **FIX            1
 **********
 **********
 **   79 **FIX            2
 **********
 PARAMETER    2  IS CONSTANT.   IGNORED.
 **********
 **   80 **FIX            3
 **********
 **********
 **   81 **FIX            4
 **********
 **********
 **   82 **FIX            5
 **********
 PARAMETER    5  IS CONSTANT.   IGNORED.
 **********
 **   83 **FIX            6
 **********
 **********
 **   84 **FIX            7
 **********
 **********
 **   85 **FIX            8
 **********
 **********
 **   86 **FIX            9
 **********
 PARAMETER    9  IS CONSTANT.   IGNORED.
 **********
 **   87 **FIX           10
 **********
 PARAMETER   10  IS CONSTANT.   IGNORED.
 **********
 **   88 **FIX           11
 **********
 PARAMETER   11  IS CONSTANT.   IGNORED.
 **********
 **   89 **FIX           12
 **********
 PARAMETER   12  IS CONSTANT.   IGNORED.
 **********
 **   90 **FIX           16
 **********
 PARAMETER   16  IS CONSTANT.   IGNORED.
 **********
 **   91 **MIGRAD
 **********
 START MIGRAD MINIMIZATION.  STRATEGY  1.  CONVERGENCE WHEN EDM .LT. 1.00e-04
 FCN=357.452 FROM MIGRAD    STATUS=INITIATE       10 CALLS        1062 TOTAL
                     EDM= unknown      STRATEGY= 1      NO ERROR MATRIX       
  EXT PARAMETER               CURRENT GUESS       STEP         FIRST   
  NO.   NAME      VALUE            ERROR          SIZE      DERIVATIVE 
   1  N0           3.08782e+06     fixed    
   2  tau          6.44002e+01   constant   
   3  A0           3.48056e-01     fixed    
   4  phi          4.13194e+00     fixed    
   5  R           -6.02574e+01   constant   
   6  A_CBO        5.20739e-04     fixed    
   7  w_CBO        2.32571e+00     fixed    
   8  phi_CBO     -1.80279e+00     fixed    
   9  ANx2         2.45054e-04   constant   
  10  pNx2         5.52114e+00   constant   
  11  ANy1         0.00000e+00   constant   
  12  pNy1         0.00000e+00   constant   
  13  w_y          0.00000e+00   constant   
  14  ANy2         3.01599e-04   5.16198e-04   5.16198e-04   9.50825e+01
  15  pNy2         3.05066e+00   constant   
  16  w_vw         1.43134e+01   constant   
  17  LM          -3.45580e-05   constant   
  18  wCBO_expCoeff   1.99884e+02   4.72509e-01   4.27300e-04   2.80603e-03
  19  wCBO_expOffset   1.99958e+02   6.54494e-02   9.53473e-05   1.38428e-02
  20  wCBO_expT    3.00039e+01   1.71447e-02   1.62284e-05   4.73091e-02
  21  wCBO_linCoeff   0.00000e+00   constant   
  22  wCBO_const   4.96996e-03   1.09673e-03   5.96195e-06  -2.87633e-01
 MIGRAD MINIMIZATION HAS CONVERGED.
 MIGRAD WILL VERIFY CONVERGENCE AND ERROR MATRIX.
 COVARIANCE MATRIX CALCULATED SUCCESSFULLY
 FCN=357.452 FROM MIGRAD    STATUS=CONVERGED      52 CALLS        1104 TOTAL
                     EDM=4.41918e-06    STRATEGY= 1      ERROR MATRIX ACCURATE 
  EXT PARAMETER                                   STEP         FIRST   
  NO.   NAME      VALUE            ERROR          SIZE      DERIVATIVE 
   1  N0           3.08782e+06     fixed    
   2  tau          6.44002e+01   constant   
   3  A0           3.48056e-01     fixed    
   4  phi          4.13194e+00     fixed    
   5  R           -6.02574e+01   constant   
   6  A_CBO        5.20739e-04     fixed    
   7  w_CBO        2.32571e+00     fixed    
   8  phi_CBO     -1.80279e+00     fixed    
   9  ANx2         2.45054e-04   constant   
  10  pNx2         5.52114e+00   constant   
  11  ANy1         0.00000e+00   constant   
  12  pNy1         0.00000e+00   constant   
  13  w_y          0.00000e+00   constant   
  14  ANy2         2.89363e-04   5.08068e-04   4.68998e-06   1.42217e-02
  15  pNy2         3.05066e+00   constant   
  16  w_vw         1.43134e+01   constant   
  17  LM          -3.45580e-05   constant   
  18  wCBO_expCoeff   1.99884e+02   4.72869e-01   4.27323e-04   1.21757e-02
  19  wCBO_expOffset   1.99958e+02   6.54975e-02   9.53473e-05   7.99028e-02
  20  wCBO_expT    3.00039e+01   1.71573e-02   1.62291e-05   1.65505e-01
  21  wCBO_linCoeff   0.00000e+00   constant   
  22  wCBO_const   4.97002e-03   1.09759e-03   5.96199e-06  -1.89758e+00
 EXTERNAL ERROR MATRIX.    NDIM=  25    NPAR=  5    ERR DEF=1
  2.581e-07  4.151e-06  4.358e-07 -2.219e-07 -1.735e-08 
  4.151e-06  2.236e-01 -1.717e-02 -4.305e-03  8.517e-05 
  4.358e-07 -1.717e-02  4.290e-03 -4.469e-04  8.457e-06 
 -2.219e-07 -4.305e-03 -4.469e-04  2.944e-04 -7.913e-06 
 -1.735e-08  8.517e-05  8.457e-06 -7.913e-06  1.205e-06 
 PARAMETER  CORRELATION COEFFICIENTS  
       NO.  GLOBAL     14     18     19     20     22
       14  0.05407   1.000  0.017  0.013 -0.025 -0.031
       18  0.99521   0.017  1.000 -0.554 -0.531  0.164
       19  0.99437   0.013 -0.554  1.000 -0.398  0.118
       20  0.99475  -0.025 -0.531 -0.398  1.000 -0.420
       22  0.80915  -0.031  0.164  0.118 -0.420  1.000
MINUIT - FIT ALTOGETHER
 **********
 **   92 **RES 
 **********
                   PARAMETER    8  phi_CBO RESTORED TO VARIABLE.
                   PARAMETER    7  w_CBO RESTORED TO VARIABLE.
                   PARAMETER    6  A_CBO RESTORED TO VARIABLE.
                   PARAMETER    4  phi RESTORED TO VARIABLE.
                   PARAMETER    3  A0 RESTORED TO VARIABLE.
                   PARAMETER    1  N0 RESTORED TO VARIABLE.
 **********
 **   93 **MIGRAD
 **********
 START MIGRAD MINIMIZATION.  STRATEGY  1.  CONVERGENCE WHEN EDM .LT. 1.00e-04
 FCN=357.452 FROM MIGRAD    STATUS=INITIATE       22 CALLS        1126 TOTAL
                     EDM= unknown      STRATEGY= 1      NO ERROR MATRIX       
  EXT PARAMETER               CURRENT GUESS       STEP         FIRST   
  NO.   NAME      VALUE            ERROR          SIZE      DERIVATIVE 
   1  N0           3.08782e+06   1.11051e+03   1.11051e+03  -4.12984e-04
   2  tau          6.44002e+01   constant   
   3  A0           3.48056e-01   4.84194e-04   4.84194e-04   2.14556e+02
   4  phi          4.13194e+00   1.41996e-03   1.41996e-03   9.49358e+01
   5  R           -6.02574e+01   constant   
   6  A_CBO        5.20739e-04   5.54738e-04   5.54738e-04   3.65855e+02
   7  w_CBO        2.32571e+00   6.78044e-03   6.78044e-03   1.67076e-01
   8  phi_CBO     -1.80279e+00   1.18913e+00   1.18913e+00   3.68999e-04
   9  ANx2         2.45054e-04   constant   
  10  pNx2         5.52114e+00   constant   
  11  ANy1         0.00000e+00   constant   
  12  pNy1         0.00000e+00   constant   
  13  w_y          0.00000e+00   constant   
  14  ANy2         2.89363e-04   5.08068e-04   4.68998e-06   1.42215e-02
  15  pNy2         3.05066e+00   constant   
  16  w_vw         1.43134e+01   constant   
  17  LM          -3.45580e-05   constant   
  18  wCBO_expCoeff   1.99884e+02   4.72869e-01   4.27323e-04   1.18346e-02
  19  wCBO_expOffset   1.99958e+02   6.54975e-02   9.53473e-05   7.59858e-02
  20  wCBO_expT    3.00039e+01   1.71573e-02   1.62291e-05   1.60036e-01
