 + ++++++++++++++++++++++++++++++++++++++++++++++++++++++++++++++++++++ +
 +                                                                      +
 +           You have chose to blind your fitting according to          +
 +                omega_ref * (1 + (R +/- deltaR) *10^{-6})             +
 +                                                                      +
 + ++++++++++++++++++++++++++++++++++++++++++++++++++++++++++++++++++++ +
In main()...
reading format from /gm2data/zkhechad/run45/envelope/formats/formatB_sBin_constraintOn.txt
pBinTau 	= 0  
pBinPhi 	= 0  
constraintau 	= 1 
includeMopTerm 	= 0    
constrainMop    = 0   
Parameters after format file: pBinTau 0 pBinPhi 0 constraintau 1 includeMopTerm 0 constrainMop 0 c_e_scale 0.000000 
reading cbo reference file (full fit) from /gm2data/zkhechad/cboTemplates/Run4CBOTemplates/fullFits/run4/sBin_constraintOn_cE0.0_seed0_run4_calo24.root
A_CBO 0.008786 w_CBO 2.327157 phi_CBO 2.253382 N0 3075736.764901 R -61.041197 tau 64.406859 
Reading cboRef file /gm2data/zkhechad/cboTemplates/Run4CBOTemplates//cboIsolate/run4_calo24.root
deltaT 164.120000
windowBins = 1100
fitting sliding window 1460 from bin 1663 at 248.119600 to bin 2763 at 412.239600 (1100 bins)

Reading data from /gm2data/cornell/histograms/aMethod/histogram_a_run4.root
fitting cbo isolate
 **********
 **    1 **SET PRINTOUT            1
 **********
 **********
 **    2 **SET NOWARNINGS 
 **********
 PARAMETER DEFINITIONS:
    NO.   NAME         VALUE      STEP SIZE      LIMITS
     1 A_CBO        8.78574e-03  1.00000e-05     no limits
     2 w_CBO        2.32716e+00  1.00000e-02    2.00000e+00  3.00000e+00
     3 phi_CBO      2.25338e+00  1.00000e-02    0.00000e+00  6.28319e+00
 **********
 **    3 **MIGRAD
 **********
 FIRST CALL TO USER FUNCTION AT NEW START POINT, WITH IFLAG=4.
 START MIGRAD MINIMIZATION.  STRATEGY  1.  CONVERGENCE WHEN EDM .LT. 1.00e-04
 FCN=0.0508039 FROM MIGRAD    STATUS=INITIATE       12 CALLS          13 TOTAL
                     EDM= unknown      STRATEGY= 1      NO ERROR MATRIX       
  EXT PARAMETER               CURRENT GUESS       STEP         FIRST   
  NO.   NAME      VALUE            ERROR          SIZE      DERIVATIVE 
   1  A_CBO        8.78574e-03   1.00000e-05   1.00000e-05   6.65853e+00
   2  w_CBO        2.32716e+00   1.00000e-02   2.13163e-02   1.08605e+00
   3  phi_CBO      2.25338e+00   1.00000e-02   3.31850e-03  -1.98361e-02
 MIGRAD MINIMIZATION HAS CONVERGED.
 MIGRAD WILL VERIFY CONVERGENCE AND ERROR MATRIX.
 COVARIANCE MATRIX CALCULATED SUCCESSFULLY
 FCN=0.0303698 FROM MIGRAD    STATUS=CONVERGED      57 CALLS          58 TOTAL
                     EDM=7.89368e-05    STRATEGY= 1      ERROR MATRIX ACCURATE 
  EXT PARAMETER                                   STEP         FIRST   
  NO.   NAME      VALUE            ERROR          SIZE      DERIVATIVE 
   1  A_CBO        2.82618e-03   4.30640e-02   2.11175e-05   9.07028e-04
   2  w_CBO        2.32674e+00   2.87347e-01   4.94901e-05   2.15151e-02
   3  phi_CBO      2.36489e+00   3.52486e+00   2.53230e-03  -4.84371e-05
 EXTERNAL ERROR MATRIX.    NDIM=  25    NPAR=  3    ERR DEF=1
  1.855e-03 -1.931e-03 -6.381e-01 
 -1.931e-03  9.565e-02  3.147e+01 
 -6.381e-01  3.147e+01  1.058e+04 
 PARAMETER  CORRELATION COEFFICIENTS  
       NO.  GLOBAL      1      2      3
        1  0.14503   1.000 -0.145 -0.144
        2  0.98918  -0.145  1.000  0.989
        3  0.98917  -0.144  0.989  1.000
setting A_CBO=0.002826 w_CBO=2.326743, phi_CBO=2.364889
done fitting cbo isolate
 **********
 **    1 **SET PRINTOUT            1
 **********
 **********
 **    2 **SET NOWARNINGS 
 **********
 PARAMETER DEFINITIONS:
    NO.   NAME         VALUE      STEP SIZE      LIMITS
     1 N0           3.07574e+06  1.00000e+02     no limits
     2 tau          6.44069e+01  constant
     3 A0           3.65045e-01  1.00000e-04     no limits
     4 phi          4.11943e+00  1.00000e-02     no limits
     5 R           -6.10412e+01  constant
     6 A_CBO        2.82618e-03  1.00000e-05     no limits
     7 w_CBO        2.32674e+00  1.00000e-03     no limits
     8 phi_CBO      2.36489e+00  1.00000e-04     no limits
     9 ANx2         1.88981e-04  constant
    10 pNx2         1.59299e+00  constant
    11 ANy1         0.00000e+00  constant
    12 pNy1         0.00000e+00  constant
    13 w_y          0.00000e+00  constant
    14 ANy2         1.39657e-02  1.00000e-04     no limits
    15 pNy2         4.84726e+00  constant
    16 w_vw         1.43184e+01  constant
    17 LM           1.57605e-04  constant
    18 wCBO_expCoeff   2.00000e+02  1.00000e+00     no limits
    19 wCBO_expOffset   2.00000e+02  1.00000e+00     no limits
    20 wCBO_expT    3.00000e+01  1.00000e+00     no limits
    21 wCBO_linCoeff   0.00000e+00  constant
    22 wCBO_const   0.00000e+00  1.00000e-02     no limits
MINUIT - FIT ONLY WIGGLE
 **********
 **    3 **FIX            5
 **********
 PARAMETER    5  IS CONSTANT.   IGNORED.
 **********
 **    4 **FIX            6
 **********
 **********
 **    5 **FIX            7
 **********
 **********
 **    6 **FIX            8
 **********
 **********
 **    7 **FIX            9
 **********
 PARAMETER    9  IS CONSTANT.   IGNORED.
 **********
 **    8 **FIX           10
 **********
 PARAMETER   10  IS CONSTANT.   IGNORED.
 **********
 **    9 **FIX           11
 **********
 PARAMETER   11  IS CONSTANT.   IGNORED.
 **********
 **   10 **FIX           12
 **********
 PARAMETER   12  IS CONSTANT.   IGNORED.
 **********
 **   11 **FIX           13
 **********
 PARAMETER   13  IS CONSTANT.   IGNORED.
 **********
 **   12 **FIX           14
 **********
 **********
 **   13 **FIX           15
 **********
 PARAMETER   15  IS CONSTANT.   IGNORED.
 **********
 **   14 **FIX           16
 **********
 PARAMETER   16  IS CONSTANT.   IGNORED.
 **********
 **   15 **MIGRAD
 **********
 FIRST CALL TO USER FUNCTION AT NEW START POINT, WITH IFLAG=4.
 START MIGRAD MINIMIZATION.  STRATEGY  1.  CONVERGENCE WHEN EDM .LT. 1.00e-04
 FCN=2323 FROM MIGRAD    STATUS=INITIATE       56 CALLS          57 TOTAL
                     EDM= unknown      STRATEGY= 1      NO ERROR MATRIX       
  EXT PARAMETER               CURRENT GUESS       STEP         FIRST   
  NO.   NAME      VALUE            ERROR          SIZE      DERIVATIVE 
   1  N0           3.07574e+06   1.00000e+02   0.00000e+00   8.28751e-05
   2  tau          6.44069e+01   constant   
   3  A0           3.65045e-01   1.00000e-04   0.00000e+00  -9.19736e+02
   4  phi          4.11943e+00   1.00000e-02   0.00000e+00   9.12122e+02
   5  R           -6.10412e+01   constant   
   6  A_CBO        2.82618e-03     fixed    
   7  w_CBO        2.32674e+00     fixed    
   8  phi_CBO      2.36489e+00     fixed    
   9  ANx2         1.88981e-04   constant   
  10  pNx2         1.59299e+00   constant   
  11  ANy1         0.00000e+00   constant   
  12  pNy1         0.00000e+00   constant   
  13  w_y          0.00000e+00   constant   
  14  ANy2         1.39657e-02     fixed    
  15  pNy2         4.84726e+00   constant   
  16  w_vw         1.43184e+01   constant   
  17  LM           1.57605e-04   constant   
  18  wCBO_expCoeff   2.00025e+02   1.00000e+00   2.50158e-02   8.69040e+01
  19  wCBO_expOffset   2.00000e+02   1.00000e+00   0.00000e+00   5.76750e+02
  20  wCBO_expT    3.00000e+01   1.00000e+00   0.00000e+00   4.19657e+03
  21  wCBO_linCoeff   0.00000e+00   constant   
  22  wCBO_const   0.00000e+00   1.00000e-02   0.00000e+00   6.04764e+03
 MIGRAD MINIMIZATION HAS CONVERGED.
 MIGRAD WILL VERIFY CONVERGENCE AND ERROR MATRIX.
 FCN=2260.27 FROM MIGRAD    STATUS=CONVERGED     303 CALLS         304 TOTAL
                     EDM=2.16038e-06    STRATEGY= 1      ERR MATRIX NOT POS-DEF
  EXT PARAMETER                APPROXIMATE        STEP         FIRST   
  NO.   NAME      VALUE            ERROR          SIZE      DERIVATIVE 
   1  N0           3.07557e+06   7.04101e+02   1.62464e+01  -5.12592e-07
   2  tau          6.44069e+01   constant   
   3  A0           3.64973e-01   3.04138e-04   7.06697e-06   3.97922e+00
   4  phi          4.11971e+00   8.66236e-04   2.01052e-05   5.81339e-01
   5  R           -6.10412e+01   constant   
   6  A_CBO        2.82618e-03     fixed    
   7  w_CBO        2.32674e+00     fixed    
   8  phi_CBO      2.36489e+00     fixed    
   9  ANx2         1.88981e-04   constant   
  10  pNx2         1.59299e+00   constant   
  11  ANy1         0.00000e+00   constant   
  12  pNy1         0.00000e+00   constant   
  13  w_y          0.00000e+00   constant   
  14  ANy2         1.39657e-02     fixed    
  15  pNy2         4.84726e+00   constant   
  16  w_vw         1.43184e+01   constant   
  17  LM           1.57605e-04   constant   
  18  wCBO_expCoeff   2.00030e+02   2.46684e-02   9.53818e-05   4.31436e-02
  19  wCBO_expOffset   2.00001e+02   3.82989e-03   9.53679e-05   3.08743e-01
  20  wCBO_expT    3.00047e+01   1.15042e-03   1.43074e-05   1.81087e+00
  21  wCBO_linCoeff   0.00000e+00   constant   
  22  wCBO_const  -8.55908e-03   5.59544e-04   5.07539e-06  -4.12321e-02
 EXTERNAL ERROR MATRIX.    NDIM=  25    NPAR=  7    ERR DEF=1
  4.958e+05  6.908e-03 -3.951e-03 -1.729e-01 -4.209e-02  4.212e-02 -1.119e-02 
  6.908e-03  9.250e-08 -1.234e-10 -1.147e-07  9.247e-09  3.676e-10  6.843e-09 
 -3.951e-03 -1.234e-10  7.504e-07 -3.884e-08 -9.968e-08  6.977e-08 -3.499e-08 
 -1.729e-01 -1.147e-07 -3.884e-08  6.085e-04 -8.259e-05 -5.049e-06  1.394e-06 
 -4.209e-02  9.247e-09 -9.968e-08 -8.259e-05  1.467e-05 -1.323e-06  3.432e-07 
  4.212e-02  3.676e-10  6.977e-08 -5.049e-06 -1.323e-06  1.323e-06 -4.652e-07 
 -1.119e-02  6.843e-09 -3.499e-08  1.394e-06  3.432e-07 -4.652e-07  3.131e-07 
ERR MATRIX NOT POS-DEF
 PARAMETER  CORRELATION COEFFICIENTS  
       NO.  GLOBAL      1      3      4     18     19     20     22
        1  0.06388   1.000  0.032 -0.006 -0.010 -0.016  0.052 -0.028
        3  0.06913   0.032  1.000 -0.000 -0.015  0.008  0.001  0.040
        4  0.08378  -0.006 -0.000  1.000 -0.002 -0.030  0.070 -0.072
       18  0.99635  -0.010 -0.015 -0.002  1.000 -0.874 -0.178  0.101
       19  0.99659  -0.016  0.008 -0.030 -0.874  1.000 -0.300  0.160
       20  0.99081   0.052  0.001  0.070 -0.178 -0.300  1.000 -0.723
       22  0.92105  -0.028  0.040 -0.072  0.101  0.160 -0.723  1.000
 ERR MATRIX NOT POS-DEF
MINUIT - FIT ONLY 1-CBO + other amplitudes 
 **********
 **   16 **RES 
 **********
                   PARAMETER   14  ANy2 RESTORED TO VARIABLE.
                   PARAMETER    8  phi_CBO RESTORED TO VARIABLE.
                   PARAMETER    7  w_CBO RESTORED TO VARIABLE.
                   PARAMETER    6  A_CBO RESTORED TO VARIABLE.
 **********
 **   17 **FIX            0
 **********
 PARAMETER    0  IS UNDEFINED. IGNORED.
 **********
 **   18 **FIX            1
 **********
 **********
 **   19 **FIX            2
 **********
 PARAMETER    2  IS CONSTANT.   IGNORED.
 **********
 **   20 **FIX            3
 **********
 **********
 **   21 **FIX            4
 **********
 **********
 **   22 **FIX            9
 **********
 PARAMETER    9  IS CONSTANT.   IGNORED.
 **********
 **   23 **FIX           11
 **********
 PARAMETER   11  IS CONSTANT.   IGNORED.
 **********
 **   24 **FIX           12
 **********
 PARAMETER   12  IS CONSTANT.   IGNORED.
 **********
 **   25 **FIX           14
 **********
 **********
 **   26 **FIX           15
 **********
 PARAMETER   15  IS CONSTANT.   IGNORED.
 **********
 **   27 **FIX           16
 **********
 PARAMETER   16  IS CONSTANT.   IGNORED.
 **********
 **   28 **MIGRAD
 **********
 START MIGRAD MINIMIZATION.  STRATEGY  1.  CONVERGENCE WHEN EDM .LT. 1.00e-04
 FCN=2260.27 FROM MIGRAD    STATUS=INITIATE       22 CALLS         326 TOTAL
                     EDM= unknown      STRATEGY= 1      NO ERROR MATRIX       
  EXT PARAMETER               CURRENT GUESS       STEP         FIRST   
  NO.   NAME      VALUE            ERROR          SIZE      DERIVATIVE 
   1  N0           3.07557e+06     fixed    
   2  tau          6.44069e+01   constant   
   3  A0           3.64973e-01     fixed    
   4  phi          4.11971e+00     fixed    
   5  R           -6.10412e+01   constant   
   6  A_CBO        2.82618e-03   1.00000e-05   1.00000e-05   2.38265e+04
   7  w_CBO        2.32674e+00   1.00000e-03   1.00000e-03   4.37000e+00
   8  phi_CBO      2.36489e+00   1.00000e-04   1.00000e-04  -2.08783e+00
   9  ANx2         1.88981e-04   constant   
  10  pNx2         1.59299e+00   constant   
  11  ANy1         0.00000e+00   constant   
  12  pNy1         0.00000e+00   constant   
  13  w_y          0.00000e+00   constant   
  14  ANy2         1.39657e-02     fixed    
  15  pNy2         4.84726e+00   constant   
  16  w_vw         1.43184e+01   constant   
  17  LM           1.57605e-04   constant   
  18  wCBO_expCoeff   2.00030e+02   2.46684e-02   9.53818e-05   5.03478e-02
  19  wCBO_expOffset   2.00001e+02   3.82989e-03   9.53679e-05   2.44231e+00
  20  wCBO_expT    3.00047e+01   1.15042e-03   1.43074e-05   2.08400e+00
  21  wCBO_linCoeff   0.00000e+00   constant   
  22  wCBO_const  -8.55908e-03   5.59544e-04   5.07539e-06  -3.78455e-02
 MIGRAD MINIMIZATION HAS CONVERGED.
 MIGRAD WILL VERIFY CONVERGENCE AND ERROR MATRIX.
 COVARIANCE MATRIX CALCULATED SUCCESSFULLY
 FCN=2244.2 FROM MIGRAD    STATUS=CONVERGED     222 CALLS         526 TOTAL
                     EDM=6.34937e-08    STRATEGY= 1      ERROR MATRIX ACCURATE 
  EXT PARAMETER                                   STEP         FIRST   
  NO.   NAME      VALUE            ERROR          SIZE      DERIVATIVE 
   1  N0           3.07557e+06     fixed    
   2  tau          6.44069e+01   constant   
   3  A0           3.64973e-01     fixed    
   4  phi          4.11971e+00     fixed    
   5  R           -6.10412e+01   constant   
   6  A_CBO        1.51784e-03   3.52092e-04   7.60505e-06  -2.45478e-02
   7  w_CBO        2.32671e+00   1.74100e-03   1.10946e-06   2.63884e+00
   8  phi_CBO      2.80675e+00   5.28601e-01   4.87196e-03  -6.22221e-04
   9  ANx2         1.88981e-04   constant   
  10  pNx2         1.59299e+00   constant   
  11  ANy1         0.00000e+00   constant   
  12  pNy1         0.00000e+00   constant   
  13  w_y          0.00000e+00   constant   
  14  ANy2         1.39657e-02     fixed    
  15  pNy2         4.84726e+00   constant   
  16  w_vw         1.43184e+01   constant   
  17  LM           1.57605e-04   constant   
  18  wCBO_expCoeff   2.00027e+02   1.50739e-01   9.53804e-05   2.78557e-02
  19  wCBO_expOffset   2.00001e+02   8.13785e-03   9.53677e-05   1.85196e-01
  20  wCBO_expT    3.00056e+01   2.01596e-03   1.43078e-05   3.46017e-01
  21  wCBO_linCoeff   0.00000e+00   constant   
  22  wCBO_const  -8.39380e-03   1.14986e-03   6.67834e-06   5.72448e-01
 EXTERNAL ERROR MATRIX.    NDIM=  25    NPAR=  7    ERR DEF=1
  1.240e-07  3.465e-08 -2.184e-05  4.456e-06 -9.506e-07 -1.118e-07  7.222e-09 
  3.465e-08  3.031e-06 -3.708e-05 -2.417e-04 -2.389e-06 -2.790e-07 -1.240e-06 
 -2.184e-05 -3.708e-05  2.794e-01 -3.828e-03  5.857e-04  3.578e-04  1.783e-04 
  4.456e-06 -2.417e-04 -3.828e-03  2.272e-02 -2.482e-04 -2.769e-05  1.084e-04 
 -9.506e-07 -2.389e-06  5.857e-04 -2.482e-04  6.622e-05  1.442e-06  9.828e-07 
 -1.118e-07 -2.790e-07  3.578e-04 -2.769e-05  1.442e-06  4.064e-06 -9.613e-07 
  7.222e-09 -1.240e-06  1.783e-04  1.084e-04  9.828e-07 -9.613e-07  1.322e-06 
 PARAMETER  CORRELATION COEFFICIENTS  
       NO.  GLOBAL      6      7      8     18     19     20     22
        6  0.35833   1.000  0.057 -0.117  0.084 -0.332 -0.157  0.018
        7  0.99982   0.057  1.000 -0.040 -0.921 -0.169 -0.079 -0.620
        8  0.91720  -0.117 -0.040  1.000 -0.048  0.136  0.336  0.293
       18  0.99981   0.084 -0.921 -0.048  1.000 -0.202 -0.091  0.625
       19  0.99854  -0.332 -0.169  0.136 -0.202  1.000  0.088  0.105
       20  0.99443  -0.157 -0.079  0.336 -0.091  0.088  1.000 -0.415
       22  0.96797   0.018 -0.620  0.293  0.625  0.105 -0.415  1.000
MINUIT - FIT ONLY 1-CBO
 **********
 **   29 **RES 
 **********
                   PARAMETER   14  ANy2 RESTORED TO VARIABLE.
                   PARAMETER    4  phi RESTORED TO VARIABLE.
                   PARAMETER    3  A0 RESTORED TO VARIABLE.
                   PARAMETER    1  N0 RESTORED TO VARIABLE.
 **********
 **   30 **FIX            0
 **********
 PARAMETER    0  IS UNDEFINED. IGNORED.
 **********
 **   31 **FIX            1
 **********
 **********
 **   32 **FIX            2
 **********
 PARAMETER    2  IS CONSTANT.   IGNORED.
 **********
 **   33 **FIX            3
 **********
 **********
 **   34 **FIX            4
 **********
 **********
 **   35 **FIX            8
 **********
 **********
 **   36 **FIX            9
 **********
 PARAMETER    9  IS CONSTANT.   IGNORED.
 **********
 **   37 **FIX           11
 **********
 PARAMETER   11  IS CONSTANT.   IGNORED.
 **********
 **   38 **FIX           12
 **********
 PARAMETER   12  IS CONSTANT.   IGNORED.
 **********
 **   39 **FIX           13
 **********
 PARAMETER   13  IS CONSTANT.   IGNORED.
 **********
 **   40 **FIX           15
 **********
 PARAMETER   15  IS CONSTANT.   IGNORED.
 **********
 **   41 **FIX           16
 **********
 PARAMETER   16  IS CONSTANT.   IGNORED.
 **********
 **   42 **MIGRAD
 **********
 START MIGRAD MINIMIZATION.  STRATEGY  1.  CONVERGENCE WHEN EDM .LT. 1.00e-04
 FCN=2244.2 FROM MIGRAD    STATUS=INITIATE       16 CALLS         542 TOTAL
                     EDM= unknown      STRATEGY= 1      NO ERROR MATRIX       
  EXT PARAMETER               CURRENT GUESS       STEP         FIRST   
  NO.   NAME      VALUE            ERROR          SIZE      DERIVATIVE 
   1  N0           3.07557e+06     fixed    
   2  tau          6.44069e+01   constant   
   3  A0           3.64973e-01     fixed    
   4  phi          4.11971e+00     fixed    
   5  R           -6.10412e+01   constant   
   6  A_CBO        1.51784e-03   3.52092e-04   7.60505e-06  -2.45489e-02
   7  w_CBO        2.32671e+00   1.74100e-03   1.10946e-06   2.61400e+00
   8  phi_CBO      2.80675e+00     fixed    
   9  ANx2         1.88981e-04   constant   
  10  pNx2         1.59299e+00   constant   
  11  ANy1         0.00000e+00   constant   
  12  pNy1         0.00000e+00   constant   
  13  w_y          0.00000e+00   constant   
  14  ANy2         1.39657e-02   1.00000e-04   1.00000e-04   2.65056e+05
  15  pNy2         4.84726e+00   constant   
  16  w_vw         1.43184e+01   constant   
  17  LM           1.57605e-04   constant   
  18  wCBO_expCoeff   2.00027e+02   1.50739e-01   9.53804e-05   2.75605e-02
  19  wCBO_expOffset   2.00001e+02   8.13785e-03   9.53677e-05   7.18634e-02
  20  wCBO_expT    3.00056e+01   2.01596e-03   1.43078e-05   3.53454e-01
  21  wCBO_linCoeff   0.00000e+00   constant   
  22  wCBO_const  -8.39380e-03   1.14986e-03   6.67834e-06   5.76411e-01
 MIGRAD MINIMIZATION HAS CONVERGED.
 MIGRAD WILL VERIFY CONVERGENCE AND ERROR MATRIX.
 FCN=383.402 FROM MIGRAD    STATUS=CONVERGED     242 CALLS         768 TOTAL
                     EDM=7.82714e-07    STRATEGY= 1      ERR MATRIX NOT POS-DEF
  EXT PARAMETER                APPROXIMATE        STEP         FIRST   
  NO.   NAME      VALUE            ERROR          SIZE      DERIVATIVE 
   1  N0           3.07557e+06     fixed    
   2  tau          6.44069e+01   constant   
   3  A0           3.64973e-01     fixed    
   4  phi          4.11971e+00     fixed    
   5  R           -6.10412e+01   constant   
   6  A_CBO        4.84705e-04   3.21329e-04   3.03956e-06  -2.47455e+00
   7  w_CBO        2.32673e+00   5.55399e-04   1.10947e-06  -3.82987e+00
   8  phi_CBO      2.80675e+00     fixed    
   9  ANx2         1.88981e-04   constant   
  10  pNx2         1.59299e+00   constant   
  11  ANy1         0.00000e+00   constant   
  12  pNy1         0.00000e+00   constant   
  13  w_y          0.00000e+00   constant   
  14  ANy2        -7.03846e-05   3.19648e-04   3.10124e-06  -2.61930e-01
  15  pNy2         4.84726e+00   constant   
  16  w_vw         1.43184e+01   constant   
  17  LM           1.57605e-04   constant   
  18  wCBO_expCoeff   2.00029e+02   5.02949e-02   9.53811e-05  -4.10548e-02
  19  wCBO_expOffset   2.00001e+02   1.31593e-02   9.53678e-05  -2.62109e-01
  20  wCBO_expT    3.00046e+01   2.67209e-03   1.43073e-05  -2.58872e-01
  21  wCBO_linCoeff   0.00000e+00   constant   
  22  wCBO_const  -8.69282e-03   1.06136e-03   5.96885e-06  -7.05447e-01
 EXTERNAL ERROR MATRIX.    NDIM=  25    NPAR=  7    ERR DEF=1
  1.033e-07  7.846e-09  2.441e-09  7.594e-07 -1.299e-07 -5.276e-08 -3.281e-08 
  7.846e-09  3.085e-07  1.344e-09  7.306e-06 -5.337e-06  1.760e-07 -1.580e-07 
  2.441e-09  1.344e-09  1.022e-07  1.254e-07 -5.207e-08  1.911e-08  5.340e-11 
  7.594e-07  7.306e-06  1.254e-07  2.530e-03 -4.994e-04  1.752e-05 -6.370e-06 
 -1.299e-07 -5.337e-06 -5.207e-08 -4.994e-04  1.732e-04 -1.688e-05  4.822e-06 
 -5.276e-08  1.760e-07  1.911e-08  1.752e-05 -1.688e-05  7.140e-06 -1.590e-06 
 -3.281e-08 -1.580e-07  5.340e-11 -6.370e-06  4.822e-06 -1.590e-06  1.126e-06 
ERR MATRIX NOT POS-DEF
 PARAMETER  CORRELATION COEFFICIENTS  
       NO.  GLOBAL      6      7     14     18     19     20     22
        6  0.23534   1.000  0.044  0.024  0.047 -0.031 -0.061 -0.096
        7  0.99009   0.044  1.000  0.008  0.262 -0.730  0.119 -0.268
       14  0.07866   0.024  0.008  1.000  0.008 -0.012  0.022  0.000
       18  0.99034   0.047  0.262  0.008  1.000 -0.755  0.130 -0.119
       19  0.99683  -0.031 -0.730 -0.012 -0.755  1.000 -0.480  0.345
       20  0.98057  -0.061  0.119  0.022  0.130 -0.480  1.000 -0.561
       22  0.81628  -0.096 -0.268  0.000 -0.119  0.345 -0.561  1.000
 ERR MATRIX NOT POS-DEF
MINUIT - FIT ONLY 2-CBO
 **********
 **   43 **RES 
 **********
                   PARAMETER    8  phi_CBO RESTORED TO VARIABLE.
                   PARAMETER    4  phi RESTORED TO VARIABLE.
                   PARAMETER    3  A0 RESTORED TO VARIABLE.
                   PARAMETER    1  N0 RESTORED TO VARIABLE.
 **********
 **   44 **FIX            0
 **********
 PARAMETER    0  IS UNDEFINED. IGNORED.
 **********
 **   45 **FIX            1
 **********
 **********
 **   46 **FIX            2
 **********
 PARAMETER    2  IS CONSTANT.   IGNORED.
 **********
 **   47 **FIX            3
 **********
 **********
 **   48 **FIX            4
 **********
 **********
 **   49 **FIX            5
 **********
 PARAMETER    5  IS CONSTANT.   IGNORED.
 **********
 **   50 **FIX            6
 **********
 **********
 **   51 **FIX            7
 **********
 **********
 **   52 **FIX           10
 **********
 PARAMETER   10  IS CONSTANT.   IGNORED.
 **********
 **   53 **FIX           11
 **********
 PARAMETER   11  IS CONSTANT.   IGNORED.
 **********
 **   54 **FIX           12
 **********
 PARAMETER   12  IS CONSTANT.   IGNORED.
 **********
 **   55 **FIX           13
 **********
 PARAMETER   13  IS CONSTANT.   IGNORED.
 **********
 **   56 **FIX           14
 **********
 **********
 **   57 **FIX           15
 **********
 PARAMETER   15  IS CONSTANT.   IGNORED.
 **********
 **   58 **FIX           16
 **********
 PARAMETER   16  IS CONSTANT.   IGNORED.
 **********
 **   59 **MIGRAD
 **********
 START MIGRAD MINIMIZATION.  STRATEGY  1.  CONVERGENCE WHEN EDM .LT. 1.00e-04
 FCN=383.402 FROM MIGRAD    STATUS=INITIATE       12 CALLS         780 TOTAL
                     EDM= unknown      STRATEGY= 1      NO ERROR MATRIX       
  EXT PARAMETER               CURRENT GUESS       STEP         FIRST   
  NO.   NAME      VALUE            ERROR          SIZE      DERIVATIVE 
   1  N0           3.07557e+06     fixed    
   2  tau          6.44069e+01   constant   
   3  A0           3.64973e-01     fixed    
   4  phi          4.11971e+00     fixed    
   5  R           -6.10412e+01   constant   
   6  A_CBO        4.84705e-04     fixed    
   7  w_CBO        2.32673e+00     fixed    
   8  phi_CBO      2.80675e+00   5.28601e-01   5.28601e-01  -1.67281e+00
   9  ANx2         1.88981e-04   constant   
  10  pNx2         1.59299e+00   constant   
  11  ANy1         0.00000e+00   constant   
  12  pNy1         0.00000e+00   constant   
  13  w_y          0.00000e+00   constant   
  14  ANy2        -7.03846e-05     fixed    
  15  pNy2         4.84726e+00   constant   
  16  w_vw         1.43184e+01   constant   
  17  LM           1.57605e-04   constant   
  18  wCBO_expCoeff   2.00029e+02   5.02949e-02   9.53811e-05  -3.70944e-02
  19  wCBO_expOffset   2.00001e+02   1.31593e-02   9.53678e-05   9.09870e-01
  20  wCBO_expT    3.00046e+01   2.67209e-03   1.43073e-05  -1.10843e-01
  21  wCBO_linCoeff   0.00000e+00   constant   
  22  wCBO_const  -8.69282e-03   1.06136e-03   5.96885e-06  -6.94276e-01
 MIGRAD MINIMIZATION HAS CONVERGED.
 MIGRAD WILL VERIFY CONVERGENCE AND ERROR MATRIX.
 COVARIANCE MATRIX CALCULATED SUCCESSFULLY
 FCN=382.601 FROM MIGRAD    STATUS=CONVERGED     116 CALLS         884 TOTAL
                     EDM=3.34778e-06    STRATEGY= 1      ERROR MATRIX ACCURATE 
  EXT PARAMETER                                   STEP         FIRST   
  NO.   NAME      VALUE            ERROR          SIZE      DERIVATIVE 
   1  N0           3.07557e+06     fixed    
   2  tau          6.44069e+01   constant   
   3  A0           3.64973e-01     fixed    
   4  phi          4.11971e+00     fixed    
   5  R           -6.10412e+01   constant   
   6  A_CBO        4.84705e-04     fixed    
   7  w_CBO        2.32673e+00     fixed    
   8  phi_CBO      3.69144e+00   9.29869e-01   6.25473e-03  -2.53476e-03
   9  ANx2         1.88981e-04   constant   
  10  pNx2         1.59299e+00   constant   
  11  ANy1         0.00000e+00   constant   
  12  pNy1         0.00000e+00   constant   
  13  w_y          0.00000e+00   constant   
  14  ANy2        -7.03846e-05     fixed    
  15  pNy2         4.84726e+00   constant   
  16  w_vw         1.43184e+01   constant   
  17  LM           1.57605e-04   constant   
  18  wCBO_expCoeff   2.00017e+02   1.36133e-01   9.53755e-05   7.53545e-02
  19  wCBO_expOffset   1.99999e+02   1.82964e-02   9.53669e-05   5.00687e-01
  20  wCBO_expT    3.00069e+01   4.02953e-03   1.43084e-05   7.71392e-01
  21  wCBO_linCoeff   0.00000e+00   constant   
  22  wCBO_const  -8.92076e-03   1.20603e-03   5.44317e-06   5.20833e-01
 EXTERNAL ERROR MATRIX.    NDIM=  25    NPAR=  5    ERR DEF=1
  8.647e-01 -2.619e-02  1.305e-03  1.718e-03 -1.000e-04 
 -2.619e-02  1.853e-02 -2.347e-03 -2.520e-04  4.591e-05 
  1.305e-03 -2.347e-03  3.348e-04  1.072e-05 -1.962e-06 
  1.718e-03 -2.520e-04  1.072e-05  1.624e-05 -3.406e-06 
 -1.000e-04  4.591e-05 -1.962e-06 -3.406e-06  1.455e-06 
 PARAMETER  CORRELATION COEFFICIENTS  
       NO.  GLOBAL      8     18     19     20     22
        8  0.71083   1.000 -0.207  0.077  0.459 -0.089
       18  0.99863  -0.207  1.000 -0.942 -0.459  0.280
       19  0.99829   0.077 -0.942  1.000  0.145 -0.089
       20  0.99187   0.459 -0.459  0.145  1.000 -0.701
       22  0.88178  -0.089  0.280 -0.089 -0.701  1.000
MINUIT - FIT ONLY 1-y
 **********
 **   60 **RES 
 **********
                   PARAMETER   14  ANy2 RESTORED TO VARIABLE.
                   PARAMETER    7  w_CBO RESTORED TO VARIABLE.
                   PARAMETER    6  A_CBO RESTORED TO VARIABLE.
                   PARAMETER    4  phi RESTORED TO VARIABLE.
                   PARAMETER    3  A0 RESTORED TO VARIABLE.
                   PARAMETER    1  N0 RESTORED TO VARIABLE.
 **********
 **   61 **FIX            0
 **********
 PARAMETER    0  IS UNDEFINED. IGNORED.
 **********
 **   62 **FIX            1
 **********
 **********
 **   63 **FIX            2
 **********
 PARAMETER    2  IS CONSTANT.   IGNORED.
 **********
 **   64 **FIX            3
 **********
 **********
 **   65 **FIX            4
 **********
 **********
 **   66 **FIX            5
 **********
 PARAMETER    5  IS CONSTANT.   IGNORED.
 **********
 **   67 **FIX            6
 **********
 **********
 **   68 **FIX            7
 **********
 **********
 **   69 **FIX            8
 **********
 **********
 **   70 **FIX            9
 **********
 PARAMETER    9  IS CONSTANT.   IGNORED.
 **********
 **   71 **FIX           13
 **********
 PARAMETER   13  IS CONSTANT.   IGNORED.
 **********
 **   72 **FIX           14
 **********
 **********
 **   73 **FIX           15
 **********
 PARAMETER   15  IS CONSTANT.   IGNORED.
 **********
 **   74 **FIX           16
 **********
 PARAMETER   16  IS CONSTANT.   IGNORED.
 **********
 **   75 **MIGRAD
 **********
 START MIGRAD MINIMIZATION.  STRATEGY  1.  CONVERGENCE WHEN EDM .LT. 1.00e-04
 FCN=382.601 FROM MIGRAD    STATUS=INITIATE        8 CALLS         892 TOTAL
                     EDM= unknown      STRATEGY= 1      NO ERROR MATRIX       
  EXT PARAMETER               CURRENT GUESS       STEP         FIRST   
  NO.   NAME      VALUE            ERROR          SIZE      DERIVATIVE 
   1  N0           3.07557e+06     fixed    
   2  tau          6.44069e+01   constant   
   3  A0           3.64973e-01     fixed    
   4  phi          4.11971e+00     fixed    
   5  R           -6.10412e+01   constant   
   6  A_CBO        4.84705e-04     fixed    
   7  w_CBO        2.32673e+00     fixed    
   8  phi_CBO      3.69144e+00     fixed    
   9  ANx2         1.88981e-04   constant   
  10  pNx2         1.59299e+00   constant   
  11  ANy1         0.00000e+00   constant   
  12  pNy1         0.00000e+00   constant   
  13  w_y          0.00000e+00   constant   
  14  ANy2        -7.03846e-05     fixed    
  15  pNy2         4.84726e+00   constant   
  16  w_vw         1.43184e+01   constant   
  17  LM           1.57605e-04   constant   
  18  wCBO_expCoeff   2.00017e+02   1.36133e-01   9.53755e-05   7.53372e-02
  19  wCBO_expOffset   1.99999e+02   1.82964e-02   9.53669e-05   4.95827e-01
  20  wCBO_expT    3.00069e+01   4.02953e-03   1.43084e-05   7.42264e-01
  21  wCBO_linCoeff   0.00000e+00   constant   
  22  wCBO_const  -8.92076e-03   1.20603e-03   5.44317e-06   5.21103e-01
 MIGRAD MINIMIZATION HAS CONVERGED.
 MIGRAD WILL VERIFY CONVERGENCE AND ERROR MATRIX.
 COVARIANCE MATRIX CALCULATED SUCCESSFULLY
 FCN=382.601 FROM MIGRAD    STATUS=CONVERGED      45 CALLS         929 TOTAL
                     EDM=3.0887e-07    STRATEGY= 1      ERROR MATRIX ACCURATE 
  EXT PARAMETER                                   STEP         FIRST   
  NO.   NAME      VALUE            ERROR          SIZE      DERIVATIVE 
   1  N0           3.07557e+06     fixed    
   2  tau          6.44069e+01   constant   
   3  A0           3.64973e-01     fixed    
   4  phi          4.11971e+00     fixed    
   5  R           -6.10412e+01   constant   
   6  A_CBO        4.84705e-04     fixed    
   7  w_CBO        2.32673e+00     fixed    
   8  phi_CBO      3.69144e+00     fixed    
   9  ANx2         1.88981e-04   constant   
  10  pNx2         1.59299e+00   constant   
  11  ANy1         0.00000e+00   constant   
  12  pNy1         0.00000e+00   constant   
  13  w_y          0.00000e+00   constant   
  14  ANy2        -7.03846e-05     fixed    
  15  pNy2         4.84726e+00   constant   
  16  w_vw         1.43184e+01   constant   
  17  LM           1.57605e-04   constant   
  18  wCBO_expCoeff   2.00017e+02   1.33715e-01   9.53755e-05   8.39535e-03
  19  wCBO_expOffset   1.99999e+02   1.83189e-02   9.53669e-05   5.59366e-02
  20  wCBO_expT    3.00069e+01   3.58199e-03   1.43084e-05  -1.58601e-01
  21  wCBO_linCoeff   0.00000e+00   constant   
  22  wCBO_const  -8.92078e-03   1.20140e-03   5.43997e-06  -1.68325e-01
 EXTERNAL ERROR MATRIX.    NDIM=  25    NPAR=  4    ERR DEF=1
  1.788e-02 -2.328e-03 -2.007e-04  4.304e-05 
 -2.328e-03  3.356e-04  8.224e-06 -1.832e-06 
 -2.007e-04  8.224e-06  1.283e-05 -3.209e-06 
  4.304e-05 -1.832e-06 -3.209e-06  1.443e-06 
 PARAMETER  CORRELATION COEFFICIENTS  
       NO.  GLOBAL     18     19     20     22
       18  0.99858   1.000 -0.950 -0.419  0.268
       19  0.99829  -0.950  1.000  0.125 -0.083
       20  0.98970  -0.419  0.125  1.000 -0.746
       22  0.88081   0.268 -0.083 -0.746  1.000
MINUIT - FIT ONLY 2-y
 **********
 **   76 **RES 
 **********
                   PARAMETER   14  ANy2 RESTORED TO VARIABLE.
                   PARAMETER    8  phi_CBO RESTORED TO VARIABLE.
                   PARAMETER    7  w_CBO RESTORED TO VARIABLE.
                   PARAMETER    6  A_CBO RESTORED TO VARIABLE.
                   PARAMETER    4  phi RESTORED TO VARIABLE.
                   PARAMETER    3  A0 RESTORED TO VARIABLE.
                   PARAMETER    1  N0 RESTORED TO VARIABLE.
 **********
 **   77 **FIX            0
 **********
 PARAMETER    0  IS UNDEFINED. IGNORED.
 **********
 **   78 **FIX            1
 **********
 **********
 **   79 **FIX            2
 **********
 PARAMETER    2  IS CONSTANT.   IGNORED.
 **********
 **   80 **FIX            3
 **********
 **********
 **   81 **FIX            4
 **********
 **********
 **   82 **FIX            5
 **********
 PARAMETER    5  IS CONSTANT.   IGNORED.
 **********
 **   83 **FIX            6
 **********
 **********
 **   84 **FIX            7
 **********
 **********
 **   85 **FIX            8
 **********
 **********
 **   86 **FIX            9
 **********
 PARAMETER    9  IS CONSTANT.   IGNORED.
 **********
 **   87 **FIX           10
 **********
 PARAMETER   10  IS CONSTANT.   IGNORED.
 **********
 **   88 **FIX           11
 **********
 PARAMETER   11  IS CONSTANT.   IGNORED.
 **********
 **   89 **FIX           12
 **********
 PARAMETER   12  IS CONSTANT.   IGNORED.
 **********
 **   90 **FIX           16
 **********
 PARAMETER   16  IS CONSTANT.   IGNORED.
 **********
 **   91 **MIGRAD
 **********
 START MIGRAD MINIMIZATION.  STRATEGY  1.  CONVERGENCE WHEN EDM .LT. 1.00e-04
 FCN=382.601 FROM MIGRAD    STATUS=INITIATE       10 CALLS         939 TOTAL
                     EDM= unknown      STRATEGY= 1      NO ERROR MATRIX       
  EXT PARAMETER               CURRENT GUESS       STEP         FIRST   
  NO.   NAME      VALUE            ERROR          SIZE      DERIVATIVE 
   1  N0           3.07557e+06     fixed    
   2  tau          6.44069e+01   constant   
   3  A0           3.64973e-01     fixed    
   4  phi          4.11971e+00     fixed    
   5  R           -6.10412e+01   constant   
   6  A_CBO        4.84705e-04     fixed    
   7  w_CBO        2.32673e+00     fixed    
   8  phi_CBO      3.69144e+00     fixed    
   9  ANx2         1.88981e-04   constant   
  10  pNx2         1.59299e+00   constant   
  11  ANy1         0.00000e+00   constant   
  12  pNy1         0.00000e+00   constant   
  13  w_y          0.00000e+00   constant   
  14  ANy2        -7.03846e-05   3.19648e-04   3.19648e-04   2.53993e+02
  15  pNy2         4.84726e+00   constant   
  16  w_vw         1.43184e+01   constant   
  17  LM           1.57605e-04   constant   
  18  wCBO_expCoeff   2.00017e+02   1.33715e-01   9.53755e-05   8.37973e-03
  19  wCBO_expOffset   1.99999e+02   1.83189e-02   9.53669e-05   5.01789e-02
  20  wCBO_expT    3.00069e+01   3.58199e-03   1.43084e-05  -1.96946e-01
  21  wCBO_linCoeff   0.00000e+00   constant   
  22  wCBO_const  -8.92078e-03   1.20140e-03   5.43997e-06  -1.68055e-01
 MIGRAD MINIMIZATION HAS CONVERGED.
 MIGRAD WILL VERIFY CONVERGENCE AND ERROR MATRIX.
 COVARIANCE MATRIX CALCULATED SUCCESSFULLY
 FCN=382.599 FROM MIGRAD    STATUS=CONVERGED      66 CALLS         995 TOTAL
                     EDM=6.43118e-07    STRATEGY= 1      ERROR MATRIX ACCURATE 
  EXT PARAMETER                                   STEP         FIRST   
  NO.   NAME      VALUE            ERROR          SIZE      DERIVATIVE 
   1  N0           3.07557e+06     fixed    
   2  tau          6.44069e+01   constant   
   3  A0           3.64973e-01     fixed    
   4  phi          4.11971e+00     fixed    
   5  R           -6.10412e+01   constant   
   6  A_CBO        4.84705e-04     fixed    
   7  w_CBO        2.32673e+00     fixed    
   8  phi_CBO      3.69144e+00     fixed    
   9  ANx2         1.88981e-04   constant   
  10  pNx2         1.59299e+00   constant   
  11  ANy1         0.00000e+00   constant   
  12  pNy1         0.00000e+00   constant   
  13  w_y          0.00000e+00   constant   
  14  ANy2        -8.38028e-05   3.25148e-04   3.09799e-06  -2.56272e-02
  15  pNy2         4.84726e+00   constant   
  16  w_vw         1.43184e+01   constant   
  17  LM           1.57605e-04   constant   
  18  wCBO_expCoeff   2.00017e+02   1.36888e-01   9.53755e-05  -6.34686e-03
  19  wCBO_expOffset   1.99999e+02   1.87764e-02   9.53669e-05  -4.27698e-02
  20  wCBO_expT    3.00069e+01   3.59009e-03   1.43084e-05   2.35530e-01
  21  wCBO_linCoeff   0.00000e+00   constant   
  22  wCBO_const  -8.92121e-03   1.20227e-03   5.43972e-06  -3.31761e-02
 EXTERNAL ERROR MATRIX.    NDIM=  25    NPAR=  5    ERR DEF=1
  1.057e-07 -6.984e-07  7.108e-08  3.210e-08 -3.067e-09 
 -6.984e-07  1.874e-02 -2.448e-03 -2.056e-04  4.405e-05 
  7.108e-08 -2.448e-03  3.526e-04  8.860e-06 -1.965e-06 
  3.210e-08 -2.056e-04  8.860e-06  1.289e-05 -3.220e-06 
 -3.067e-09  4.405e-05 -1.965e-06 -3.220e-06  1.445e-06 
 PARAMETER  CORRELATION COEFFICIENTS  
       NO.  GLOBAL     14     18     19     20     22
       14  0.08593   1.000 -0.016  0.012  0.027 -0.008
       18  0.99864  -0.016  1.000 -0.952 -0.418  0.268
       19  0.99837   0.012 -0.952  1.000  0.131 -0.087
       20  0.98975   0.027 -0.418  0.131  1.000 -0.746
       22  0.88101  -0.008  0.268 -0.087 -0.746  1.000
MINUIT - FIT ALTOGETHER
 **********
 **   92 **RES 
 **********
                   PARAMETER    8  phi_CBO RESTORED TO VARIABLE.
                   PARAMETER    7  w_CBO RESTORED TO VARIABLE.
                   PARAMETER    6  A_CBO RESTORED TO VARIABLE.
                   PARAMETER    4  phi RESTORED TO VARIABLE.
                   PARAMETER    3  A0 RESTORED TO VARIABLE.
                   PARAMETER    1  N0 RESTORED TO VARIABLE.
 **********
 **   93 **MIGRAD
 **********
 START MIGRAD MINIMIZATION.  STRATEGY  1.  CONVERGENCE WHEN EDM .LT. 1.00e-04
 FCN=382.599 FROM MIGRAD    STATUS=INITIATE       22 CALLS        1017 TOTAL
                     EDM= unknown      STRATEGY= 1      NO ERROR MATRIX       
  EXT PARAMETER               CURRENT GUESS       STEP         FIRST   
  NO.   NAME      VALUE            ERROR          SIZE      DERIVATIVE 
   1  N0           3.07557e+06   7.04101e+02   7.04101e+02  -4.82928e-04
   2  tau          6.44069e+01   constant   
   3  A0           3.64973e-01   3.04138e-04   3.04138e-04  -1.89372e+03
   4  phi          4.11971e+00   8.66236e-04   8.66236e-04   9.65654e+02
   5  R           -6.10412e+01   constant   
   6  A_CBO        4.84705e-04   3.21329e-04   3.21329e-04  -8.38311e+02
   7  w_CBO        2.32673e+00   5.55399e-04   5.55399e-04  -5.64787e-01
   8  phi_CBO      3.69144e+00   9.29869e-01   9.29869e-01  -7.58599e-03
   9  ANx2         1.88981e-04   constant   
  10  pNx2         1.59299e+00   constant   
  11  ANy1         0.00000e+00   constant   
  12  pNy1         0.00000e+00   constant   
  13  w_y          0.00000e+00   constant   
  14  ANy2        -8.38028e-05   3.25148e-04   3.09799e-06  -2.56267e-02
  15  pNy2         4.84726e+00   constant   
  16  w_vw         1.43184e+01   constant   
  17  LM           1.57605e-04   constant   
  18  wCBO_expCoeff   2.00017e+02   1.36888e-01   9.53755e-05  -6.35243e-03
  19  wCBO_expOffset   1.99999e+02   1.87764e-02   9.53669e-05  -4.41333e-02
  20  wCBO_expT    3.00069e+01   3.59009e-03   1.43084e-05   1.97682e-01
  21  wCBO_linCoeff   0.00000e+00   constant   
  22  wCBO_const  -8.92121e-03   1.20227e-03   5.43972e-06  -3.28762e-02
 MIGRAD MINIMIZATION HAS CONVERGED.
 FCN=382.295 FROM MIGRAD    STATUS=CONVERGED     190 CALLS        1185 TOTAL
                     EDM=6.67607e-07    STRATEGY= 1  ERROR MATRIX UNCERTAINTY   1.2 per cent
  EXT PARAMETER                                   STEP         FIRST   
  NO.   NAME      VALUE            ERROR          SIZE      DERIVATIVE 
