 + ++++++++++++++++++++++++++++++++++++++++++++++++++++++++++++++++++++ +
 +                                                                      +
 +           You have chose to blind your fitting according to          +
 +                omega_ref * (1 + (R +/- deltaR) *10^{-6})             +
 +                                                                      +
 + ++++++++++++++++++++++++++++++++++++++++++++++++++++++++++++++++++++ +
In main()...
reading format from /gm2data/zkhechad/run45/envelope/formats/formatB_sBin_constraintOn.txt
pBinTau 	= 0  
pBinPhi 	= 0  
constraintau 	= 1 
includeMopTerm 	= 0    
constrainMop    = 0   
Parameters after format file: pBinTau 0 pBinPhi 0 constraintau 1 includeMopTerm 0 constrainMop 0 c_e_scale 0.000000 
reading cbo reference file (full fit) from /gm2data/zkhechad/cboTemplates/Run4CBOTemplates/fullFits/run4/sBin_constraintOn_cE0.0_seed0_run4_calo8.root
A_CBO 0.011357 w_CBO 2.326581 phi_CBO 5.876624 N0 2844262.344614 R -61.301649 tau 64.404749 
Reading cboRef file /gm2data/zkhechad/cboTemplates/Run4CBOTemplates//cboIsolate/run4_calo8.root
deltaT 15.866115
windowBins = 120
fitting sliding window 480 from bin 683 at 101.903600 to bin 803 at 119.807600 (120 bins)

Reading data from /gm2data/cornell/histograms/aMethod/histogram_a_run4.root
fitting cbo isolate
 **********
 **    1 **SET PRINTOUT            1
 **********
 **********
 **    2 **SET NOWARNINGS 
 **********
 PARAMETER DEFINITIONS:
    NO.   NAME         VALUE      STEP SIZE      LIMITS
     1 A_CBO        1.13569e-02  1.00000e-05     no limits
     2 w_CBO        2.32658e+00  1.00000e-02    2.00000e+00  3.00000e+00
     3 phi_CBO      5.87662e+00  1.00000e-02    0.00000e+00  6.28319e+00
 **********
 **    3 **MIGRAD
 **********
 FIRST CALL TO USER FUNCTION AT NEW START POINT, WITH IFLAG=4.
 START MIGRAD MINIMIZATION.  STRATEGY  1.  CONVERGENCE WHEN EDM .LT. 1.00e-04
 FCN=0.00128139 FROM MIGRAD    STATUS=INITIATE       12 CALLS          13 TOTAL
                     EDM= unknown      STRATEGY= 1      NO ERROR MATRIX       
  EXT PARAMETER               CURRENT GUESS       STEP         FIRST   
  NO.   NAME      VALUE            ERROR          SIZE      DERIVATIVE 
   1  A_CBO        1.13569e-02   1.00000e-05   1.00000e-05   5.26874e-01
   2  w_CBO        2.32658e+00   1.00000e-02   2.13259e-02   6.17107e-03
   3  phi_CBO      5.87662e+00   1.00000e-02   6.47001e-03  -1.96216e-04
 MIGRAD MINIMIZATION HAS CONVERGED.
 MIGRAD WILL VERIFY CONVERGENCE AND ERROR MATRIX.
 FCN=0.000109895 FROM MIGRAD    STATUS=CONVERGED      37 CALLS          38 TOTAL
                     EDM=2.20396e-06    STRATEGY= 1      ERR MATRIX NOT POS-DEF
  EXT PARAMETER                APPROXIMATE        STEP         FIRST   
  NO.   NAME      VALUE            ERROR          SIZE      DERIVATIVE 
   1  A_CBO        6.90609e-03   1.30055e-01   6.34887e-05  -8.57554e-05
   2  w_CBO        2.32647e+00   6.56054e-01   1.34882e-04  -5.89116e-03
   3  phi_CBO      5.88942e+00   3.15282e+00   4.50237e-03   1.70889e-04
 EXTERNAL ERROR MATRIX.    NDIM=  25    NPAR=  3    ERR DEF=1
  1.691e-02 -3.248e-02 -3.658e+00 
 -3.248e-02  7.014e+00  7.839e+02 
 -3.658e+00  7.839e+02  8.797e+04 
ERR MATRIX NOT POS-DEF
 PARAMETER  CORRELATION COEFFICIENTS  
       NO.  GLOBAL      1      2      3
        1  0.09501   1.000 -0.094 -0.095
        2  0.99801  -0.094  1.000  0.998
        3  0.99801  -0.095  0.998  1.000
 ERR MATRIX NOT POS-DEF
setting A_CBO=0.006906 w_CBO=2.326471, phi_CBO=5.889421
done fitting cbo isolate
 **********
 **    1 **SET PRINTOUT            1
 **********
 **********
 **    2 **SET NOWARNINGS 
 **********
 PARAMETER DEFINITIONS:
    NO.   NAME         VALUE      STEP SIZE      LIMITS
     1 N0           2.84426e+06  1.00000e+02     no limits
     2 tau          6.44047e+01  constant
     3 A0           3.52885e-01  1.00000e-04     no limits
     4 phi          4.11503e+00  1.00000e-02     no limits
     5 R           -6.13016e+01  constant
     6 A_CBO        6.90609e-03  1.00000e-05     no limits
     7 w_CBO        2.32647e+00  1.00000e-03     no limits
     8 phi_CBO      5.88942e+00  1.00000e-04     no limits
     9 ANx2         6.64823e-04  constant
    10 pNx2         9.66896e-01  constant
    11 ANy1         0.00000e+00  constant
    12 pNy1         0.00000e+00  constant
    13 w_y          0.00000e+00  constant
    14 ANy2         8.37111e-03  1.00000e-04     no limits
    15 pNy2         5.88808e+00  constant
    16 w_vw         1.43122e+01  constant
    17 LM           1.40011e-04  constant
    18 wCBO_expCoeff   2.00000e+02  1.00000e+00     no limits
    19 wCBO_expOffset   2.00000e+02  1.00000e+00     no limits
    20 wCBO_expT    3.00000e+01  1.00000e+00     no limits
    21 wCBO_linCoeff   0.00000e+00  constant
    22 wCBO_const   0.00000e+00  1.00000e-02     no limits
MINUIT - FIT ONLY WIGGLE
 **********
 **    3 **FIX            5
 **********
 PARAMETER    5  IS CONSTANT.   IGNORED.
 **********
 **    4 **FIX            6
 **********
 **********
 **    5 **FIX            7
 **********
 **********
 **    6 **FIX            8
 **********
 **********
 **    7 **FIX            9
 **********
 PARAMETER    9  IS CONSTANT.   IGNORED.
 **********
 **    8 **FIX           10
 **********
 PARAMETER   10  IS CONSTANT.   IGNORED.
 **********
 **    9 **FIX           11
 **********
 PARAMETER   11  IS CONSTANT.   IGNORED.
 **********
 **   10 **FIX           12
 **********
 PARAMETER   12  IS CONSTANT.   IGNORED.
 **********
 **   11 **FIX           13
 **********
 PARAMETER   13  IS CONSTANT.   IGNORED.
 **********
 **   12 **FIX           14
 **********
 **********
 **   13 **FIX           15
 **********
 PARAMETER   15  IS CONSTANT.   IGNORED.
 **********
 **   14 **FIX           16
 **********
 PARAMETER   16  IS CONSTANT.   IGNORED.
 **********
 **   15 **MIGRAD
 **********
 FIRST CALL TO USER FUNCTION AT NEW START POINT, WITH IFLAG=4.
 START MIGRAD MINIMIZATION.  STRATEGY  1.  CONVERGENCE WHEN EDM .LT. 1.00e-04
 FCN=3385.78 FROM MIGRAD    STATUS=INITIATE       57 CALLS          58 TOTAL
                     EDM= unknown      STRATEGY= 1      NO ERROR MATRIX       
  EXT PARAMETER               CURRENT GUESS       STEP         FIRST   
  NO.   NAME      VALUE            ERROR          SIZE      DERIVATIVE 
   1  N0           2.84426e+06   1.00000e+02   0.00000e+00  -6.63478e-03
   2  tau          6.44047e+01   constant   
   3  A0           3.52885e-01   1.00000e-04   0.00000e+00   3.02906e+04
   4  phi          4.11503e+00   1.00000e-02   0.00000e+00   2.18482e+04
   5  R           -6.13016e+01   constant   
   6  A_CBO        6.90609e-03     fixed    
   7  w_CBO        2.32647e+00     fixed    
   8  phi_CBO      5.88942e+00     fixed    
   9  ANx2         6.64823e-04   constant   
  10  pNx2         9.66896e-01   constant   
  11  ANy1         0.00000e+00   constant   
  12  pNy1         0.00000e+00   constant   
  13  w_y          0.00000e+00   constant   
  14  ANy2         8.37111e-03     fixed    
  15  pNy2         5.88808e+00   constant   
  16  w_vw         1.43122e+01   constant   
  17  LM           1.40011e-04   constant   
  18  wCBO_expCoeff   1.99998e+02   1.00000e+00  -1.54012e-03   2.02593e+06
  19  wCBO_expOffset   2.00000e+02   1.00000e+00   0.00000e+00  -1.34351e+06
  20  wCBO_expT    3.00000e+01   1.00000e+00   0.00000e+00  -3.56374e+07
  21  wCBO_linCoeff   0.00000e+00   constant   
  22  wCBO_const   0.00000e+00   1.00000e-02   0.00000e+00   9.90005e+04
 MIGRAD FAILS TO FIND IMPROVEMENT
 FCN=3085.02 FROM HESSE     STATUS=NOT POSDEF     56 CALLS         180 TOTAL
                     EDM=789.612    STRATEGY= 1      ERR MATRIX NOT POS-DEF
  EXT PARAMETER                APPROXIMATE        STEP         FIRST   
  NO.   NAME      VALUE            ERROR          SIZE      DERIVATIVE 
   1  N0           2.84493e+06   7.77027e+02   1.14421e+01  -2.63734e-03
   2  tau          6.44047e+01   constant   
   3  A0           3.52496e-01   2.70701e-04   5.46964e-06   5.70862e+03
   4  phi          4.11226e+00   4.72221e-04   1.57131e-05   3.01875e+03
   5  R           -6.13016e+01   constant   
   6  A_CBO        6.90609e-03     fixed    
   7  w_CBO        2.32647e+00     fixed    
   8  phi_CBO      5.88942e+00     fixed    
   9  ANx2         6.64823e-04   constant   
  10  pNx2         9.66896e-01   constant   
  11  ANy1         0.00000e+00   constant   
  12  pNy1         0.00000e+00   constant   
  13  w_y          0.00000e+00   constant   
  14  ANy2         8.37111e-03     fixed    
  15  pNy2         5.88808e+00   constant   
  16  w_vw         1.43122e+01   constant   
  17  LM           1.40011e-04   constant   
  18  wCBO_expCoeff   1.99998e+02   1.02445e-04   9.53667e-05   2.09487e+05
  19  wCBO_expOffset   2.00000e+02   2.27531e-05   9.53674e-05  -2.23195e+06
  20  wCBO_expT    3.00000e+01   7.80752e-06   1.43051e-05  -4.50420e+06
  21  wCBO_linCoeff   0.00000e+00   constant   
  22  wCBO_const  -1.79761e-03   7.24548e-04   5.89219e-06   7.69246e+03
 MIGRAD FAILS TO FIND IMPROVEMENT
 MIGRAD TERMINATED WITHOUT CONVERGENCE.
 FCN=3085.02 FROM MIGRAD    STATUS=FAILED        190 CALLS         191 TOTAL
                     EDM=789.612    STRATEGY= 1      ERR MATRIX NOT POS-DEF
  EXT PARAMETER                APPROXIMATE        STEP         FIRST   
  NO.   NAME      VALUE            ERROR          SIZE      DERIVATIVE 
   1  N0           2.84493e+06   7.77027e+02  -0.00000e+00  -2.63734e-03
   2  tau          6.44047e+01   constant   
   3  A0           3.52496e-01   2.70701e-04   0.00000e+00   5.70862e+03
   4  phi          4.11226e+00   4.72221e-04  -0.00000e+00   3.01875e+03
   5  R           -6.13016e+01   constant   
   6  A_CBO        6.90609e-03     fixed    
   7  w_CBO        2.32647e+00     fixed    
   8  phi_CBO      5.88942e+00     fixed    
   9  ANx2         6.64823e-04   constant   
  10  pNx2         9.66896e-01   constant   
  11  ANy1         0.00000e+00   constant   
  12  pNy1         0.00000e+00   constant   
  13  w_y          0.00000e+00   constant   
  14  ANy2         8.37111e-03     fixed    
  15  pNy2         5.88808e+00   constant   
  16  w_vw         1.43122e+01   constant   
  17  LM           1.40011e-04   constant   
  18  wCBO_expCoeff   1.99998e+02   1.02445e-04   0.00000e+00   2.09487e+05
  19  wCBO_expOffset   2.00000e+02   2.27531e-05   0.00000e+00  -2.23195e+06
  20  wCBO_expT    3.00000e+01   7.80752e-06   0.00000e+00  -4.50420e+06
  21  wCBO_linCoeff   0.00000e+00   constant   
  22  wCBO_const  -1.79761e-03   7.24548e-04   0.00000e+00   7.69246e+03
 EXTERNAL ERROR MATRIX.    NDIM=  25    NPAR=  7    ERR DEF=1
  6.038e+05 -1.492e-01  1.651e-03 -7.100e-02 -1.582e-02 -5.433e-03 -4.825e-01 
 -1.492e-01  7.328e-08  4.003e-10  2.183e-08  4.888e-09  1.675e-09  1.475e-07 
  1.651e-03  4.003e-10  2.230e-07  3.107e-10  7.148e-11  2.642e-11 -1.027e-09 
 -7.100e-02  2.183e-08  3.107e-10  1.050e-08  2.313e-09  7.954e-10  6.954e-08 
 -1.582e-02  4.888e-09  7.148e-11  2.313e-09  5.177e-10  1.768e-10  1.566e-08 
 -5.433e-03  1.675e-09  2.642e-11  7.954e-10  1.768e-10  6.096e-11  5.419e-09 
 -4.825e-01  1.475e-07 -1.027e-09  6.954e-08  1.566e-08  5.419e-09  5.250e-07 
ERR MATRIX NOT POS-DEF
 PARAMETER  CORRELATION COEFFICIENTS  
       NO.  GLOBAL      1      3      4     18     19     20     22
        1  0.89646   1.000 -0.709  0.005 -0.892 -0.895 -0.896 -0.857
        3  0.79516  -0.709  1.000  0.003  0.787  0.794  0.792  0.752
        4  0.05184   0.005  0.003  1.000  0.006  0.007  0.007 -0.003
       18  0.99611  -0.892  0.787  0.006  1.000  0.992  0.994  0.937
       19  0.99563  -0.895  0.794  0.007  0.992  1.000  0.995  0.950
       20  0.99805  -0.896  0.792  0.007  0.994  0.995  1.000  0.958
       22  0.96970  -0.857  0.752 -0.003  0.937  0.950  0.958  1.000
 ERR MATRIX NOT POS-DEF
MINUIT - FIT ONLY 1-CBO + other amplitudes 
 **********
 **   16 **RES 
 **********
                   PARAMETER   14  ANy2 RESTORED TO VARIABLE.
                   PARAMETER    8  phi_CBO RESTORED TO VARIABLE.
                   PARAMETER    7  w_CBO RESTORED TO VARIABLE.
                   PARAMETER    6  A_CBO RESTORED TO VARIABLE.
 **********
 **   17 **FIX            0
 **********
 PARAMETER    0  IS UNDEFINED. IGNORED.
 **********
 **   18 **FIX            1
 **********
 **********
 **   19 **FIX            2
 **********
 PARAMETER    2  IS CONSTANT.   IGNORED.
 **********
 **   20 **FIX            3
 **********
 **********
 **   21 **FIX            4
 **********
 **********
 **   22 **FIX            9
 **********
 PARAMETER    9  IS CONSTANT.   IGNORED.
 **********
 **   23 **FIX           11
 **********
 PARAMETER   11  IS CONSTANT.   IGNORED.
 **********
 **   24 **FIX           12
 **********
 PARAMETER   12  IS CONSTANT.   IGNORED.
 **********
 **   25 **FIX           14
 **********
 **********
 **   26 **FIX           15
 **********
 PARAMETER   15  IS CONSTANT.   IGNORED.
 **********
 **   27 **FIX           16
 **********
 PARAMETER   16  IS CONSTANT.   IGNORED.
 **********
 **   28 **MIGRAD
 **********
 START MIGRAD MINIMIZATION.  STRATEGY  1.  CONVERGENCE WHEN EDM .LT. 1.00e-04
 FCN=3085.02 FROM MIGRAD    STATUS=INITIATE       22 CALLS         213 TOTAL
                     EDM= unknown      STRATEGY= 1      NO ERROR MATRIX       
  EXT PARAMETER               CURRENT GUESS       STEP         FIRST   
  NO.   NAME      VALUE            ERROR          SIZE      DERIVATIVE 
   1  N0           2.84493e+06     fixed    
   2  tau          6.44047e+01   constant   
   3  A0           3.52496e-01     fixed    
   4  phi          4.11226e+00     fixed    
   5  R           -6.13016e+01   constant   
   6  A_CBO        6.90609e-03   1.00000e-05   1.00000e-05   2.12369e+05
   7  w_CBO        2.32647e+00   1.00000e-03   1.00000e-03   8.92704e+06
   8  phi_CBO      5.88942e+00   1.00000e-04   1.00000e-04  -1.72728e+01
   9  ANx2         6.64823e-04   constant   
  10  pNx2         9.66896e-01   constant   
  11  ANy1         0.00000e+00   constant   
  12  pNy1         0.00000e+00   constant   
  13  w_y          0.00000e+00   constant   
  14  ANy2         8.37111e-03     fixed    
  15  pNy2         5.88808e+00   constant   
  16  w_vw         1.43122e+01   constant   
  17  LM           1.40011e-04   constant   
  18  wCBO_expCoeff   1.99998e+02   1.02445e-04   0.00000e+00   1.03871e+05
  19  wCBO_expOffset   2.00000e+02   2.27531e-05   0.00000e+00  -2.12732e+04
  20  wCBO_expT    3.00000e+01   7.80752e-06   0.00000e+00   6.16628e+06
  21  wCBO_linCoeff   0.00000e+00   constant   
  22  wCBO_const  -1.79761e-03   7.24548e-04   0.00000e+00   7.69242e+03
 MIGRAD FAILS TO FIND IMPROVEMENT
 FCN=2594.54 FROM HESSE     STATUS=NOT POSDEF     56 CALLS         472 TOTAL
                     EDM=2.23668    STRATEGY= 1      ERR MATRIX NOT POS-DEF
  EXT PARAMETER                APPROXIMATE        STEP         FIRST   
  NO.   NAME      VALUE            ERROR          SIZE      DERIVATIVE 
   1  N0           2.84493e+06     fixed    
   2  tau          6.44047e+01   constant   
   3  A0           3.52496e-01     fixed    
   4  phi          4.11226e+00     fixed    
   5  R           -6.13016e+01   constant   
   6  A_CBO        2.28129e-03   1.31996e-03   5.17467e-06   2.49591e+01
   7  w_CBO        2.32647e+00   1.22370e-06   1.10935e-06   1.45960e+06
   8  phi_CBO      5.89720e+00   2.66437e-01   2.31702e-03   4.69910e+00
   9  ANx2         6.64823e-04   constant   
  10  pNx2         9.66896e-01   constant   
  11  ANy1         0.00000e+00   constant   
  12  pNy1         0.00000e+00   constant   
  13  w_y          0.00000e+00   constant   
  14  ANy2         8.37111e-03     fixed    
  15  pNy2         5.88808e+00   constant   
  16  w_vw         1.43122e+01   constant   
  17  LM           1.40011e-04   constant   
  18  wCBO_expCoeff   1.99998e+02   1.05220e-04   9.53667e-05   1.69688e+04
  19  wCBO_expOffset   2.00000e+02   2.65089e-05   9.53674e-05  -2.89948e+05
  20  wCBO_expT    3.00000e+01   9.16116e-06   1.43051e-05  -2.17484e+05
  21  wCBO_linCoeff   0.00000e+00   constant   
  22  wCBO_const  -1.97628e-03   1.20061e-03   1.19304e-05   1.99650e+03
 MIGRAD FAILS TO FIND IMPROVEMENT
 MIGRAD TERMINATED WITHOUT CONVERGENCE.
 FCN=2594.54 FROM MIGRAD    STATUS=FAILED        289 CALLS         480 TOTAL
                     EDM=2.23668    STRATEGY= 1      ERR MATRIX NOT POS-DEF
  EXT PARAMETER                APPROXIMATE        STEP         FIRST   
  NO.   NAME      VALUE            ERROR          SIZE      DERIVATIVE 
   1  N0           2.84493e+06     fixed    
   2  tau          6.44047e+01   constant   
   3  A0           3.52496e-01     fixed    
   4  phi          4.11226e+00     fixed    
   5  R           -6.13016e+01   constant   
   6  A_CBO        2.28129e-03   1.31996e-03  -0.00000e+00   2.49591e+01
   7  w_CBO        2.32647e+00   1.22370e-06   0.00000e+00   1.45960e+06
   8  phi_CBO      5.89720e+00   2.66437e-01   0.00000e+00   4.69910e+00
   9  ANx2         6.64823e-04   constant   
  10  pNx2         9.66896e-01   constant   
  11  ANy1         0.00000e+00   constant   
  12  pNy1         0.00000e+00   constant   
  13  w_y          0.00000e+00   constant   
  14  ANy2         8.37111e-03     fixed    
  15  pNy2         5.88808e+00   constant   
  16  w_vw         1.43122e+01   constant   
  17  LM           1.40011e-04   constant   
  18  wCBO_expCoeff   1.99998e+02   1.05220e-04   0.00000e+00   1.69688e+04
  19  wCBO_expOffset   2.00000e+02   2.65089e-05   0.00000e+00  -2.89948e+05
  20  wCBO_expT    3.00000e+01   9.16116e-06   0.00000e+00  -2.17484e+05
  21  wCBO_linCoeff   0.00000e+00   constant   
  22  wCBO_const  -1.97628e-03   1.20061e-03   0.00000e+00   1.99650e+03
 EXTERNAL ERROR MATRIX.    NDIM=  25    NPAR=  7    ERR DEF=1
  1.742e-06 -1.585e-09 -3.339e-04 -1.363e-07 -3.471e-08 -1.201e-08 -1.495e-06 
 -1.585e-09  1.497e-12  3.111e-07  1.241e-10  3.180e-11  1.102e-11  1.366e-09 
 -3.339e-04  3.111e-07  7.099e-02  2.675e-05  6.697e-06  2.318e-06  3.010e-04 
 -1.363e-07  1.241e-10  2.675e-05  1.107e-08  2.734e-09  9.478e-10  1.175e-07 
 -3.471e-08  3.180e-11  6.697e-06  2.734e-09  7.027e-10  2.410e-10  2.999e-08 
 -1.201e-08  1.102e-11  2.318e-06  9.478e-10  2.410e-10  8.393e-11  1.047e-08 
 -1.495e-06  1.366e-09  3.010e-04  1.175e-07  2.999e-08  1.047e-08  1.441e-06 
ERR MATRIX NOT POS-DEF
 PARAMETER  CORRELATION COEFFICIENTS  
       NO.  GLOBAL      6      7      8     18     19     20     22
        6  0.99499   1.000 -0.981 -0.949 -0.981 -0.992 -0.993 -0.944
        7  0.98890  -0.981  1.000  0.954  0.964  0.980  0.983  0.930
        8  0.97511  -0.949  0.954  1.000  0.954  0.948  0.950  0.941
       18  0.98890  -0.981  0.964  0.954  1.000  0.980  0.983  0.930
       19  0.99399  -0.992  0.980  0.948  0.980  1.000  0.992  0.942
       20  0.99679  -0.993  0.983  0.950  0.983  0.992  1.000  0.952
       22  0.96737  -0.944  0.930  0.941  0.930  0.942  0.952  1.000
 ERR MATRIX NOT POS-DEF
MINUIT - FIT ONLY 1-CBO
 **********
 **   29 **RES 
 **********
                   PARAMETER   14  ANy2 RESTORED TO VARIABLE.
                   PARAMETER    4  phi RESTORED TO VARIABLE.
                   PARAMETER    3  A0 RESTORED TO VARIABLE.
                   PARAMETER    1  N0 RESTORED TO VARIABLE.
 **********
 **   30 **FIX            0
 **********
 PARAMETER    0  IS UNDEFINED. IGNORED.
 **********
 **   31 **FIX            1
 **********
 **********
 **   32 **FIX            2
 **********
 PARAMETER    2  IS CONSTANT.   IGNORED.
 **********
 **   33 **FIX            3
 **********
 **********
 **   34 **FIX            4
 **********
 **********
 **   35 **FIX            8
 **********
 **********
 **   36 **FIX            9
 **********
 PARAMETER    9  IS CONSTANT.   IGNORED.
 **********
 **   37 **FIX           11
 **********
 PARAMETER   11  IS CONSTANT.   IGNORED.
 **********
 **   38 **FIX           12
 **********
 PARAMETER   12  IS CONSTANT.   IGNORED.
 **********
 **   39 **FIX           13
 **********
 PARAMETER   13  IS CONSTANT.   IGNORED.
 **********
 **   40 **FIX           15
 **********
 PARAMETER   15  IS CONSTANT.   IGNORED.
 **********
 **   41 **FIX           16
 **********
 PARAMETER   16  IS CONSTANT.   IGNORED.
 **********
 **   42 **MIGRAD
 **********
 START MIGRAD MINIMIZATION.  STRATEGY  1.  CONVERGENCE WHEN EDM .LT. 1.00e-04
 FCN=2594.54 FROM MIGRAD    STATUS=INITIATE       16 CALLS         496 TOTAL
                     EDM= unknown      STRATEGY= 1      NO ERROR MATRIX       
  EXT PARAMETER               CURRENT GUESS       STEP         FIRST   
  NO.   NAME      VALUE            ERROR          SIZE      DERIVATIVE 
   1  N0           2.84493e+06     fixed    
   2  tau          6.44047e+01   constant   
   3  A0           3.52496e-01     fixed    
   4  phi          4.11226e+00     fixed    
   5  R           -6.13016e+01   constant   
   6  A_CBO        2.28129e-03   1.31996e-03  -0.00000e+00   2.49591e+01
   7  w_CBO        2.32647e+00   1.22370e-06   0.00000e+00   7.82651e+05
   8  phi_CBO      5.89720e+00     fixed    
   9  ANx2         6.64823e-04   constant   
  10  pNx2         9.66896e-01   constant   
  11  ANy1         0.00000e+00   constant   
  12  pNy1         0.00000e+00   constant   
  13  w_y          0.00000e+00   constant   
  14  ANy2         8.37111e-03   1.00000e-04   1.00000e-04   3.45678e+05
  15  pNy2         5.88808e+00   constant   
  16  w_vw         1.43122e+01   constant   
  17  LM           1.40011e-04   constant   
  18  wCBO_expCoeff   1.99998e+02   1.05220e-04   0.00000e+00   9.10259e+03
  19  wCBO_expOffset   2.00000e+02   2.65089e-05   0.00000e+00  -2.76554e+05
  20  wCBO_expT    3.00000e+01   9.16116e-06   0.00000e+00   4.09689e+05
  21  wCBO_linCoeff   0.00000e+00   constant   
  22  wCBO_const  -1.97628e-03   1.20061e-03   0.00000e+00   1.99646e+03
 CALL LIMIT EXCEEDED IN MIGRAD.
 MIGRAD TERMINATED WITHOUT CONVERGENCE.
 FCN=1147.86 FROM MIGRAD    STATUS=CALL LIMIT   1163 CALLS        1643 TOTAL
                     EDM=5.5226    STRATEGY= 1  ERROR MATRIX UNCERTAINTY   1.6 per cent
  EXT PARAMETER                APPROXIMATE        STEP         FIRST   
  NO.   NAME      VALUE            ERROR          SIZE      DERIVATIVE 
   1  N0           2.84493e+06     fixed    
   2  tau          6.44047e+01   constant   
   3  A0           3.52496e-01     fixed    
   4  phi          4.11226e+00     fixed    
   5  R           -6.13016e+01   constant   
   6  A_CBO        6.89397e-04   5.05967e-04   3.19048e-07   2.52523e+03
   7  w_CBO        2.32647e+00   2.17610e-06   1.37490e-09  -8.82126e+05
   8  phi_CBO      5.89720e+00     fixed    
   9  ANx2         6.64823e-04   constant   
  10  pNx2         9.66896e-01   constant   
  11  ANy1         0.00000e+00   constant   
  12  pNy1         0.00000e+00   constant   
  13  w_y          0.00000e+00   constant   
  14  ANy2         7.72638e-05   3.51082e-04  -1.80410e-07  -1.15568e+03
  15  pNy2         5.88808e+00   constant   
  16  w_vw         1.43122e+01   constant   
  17  LM           1.40011e-04   constant   
  18  wCBO_expCoeff   1.99998e+02   1.87120e-04   1.18225e-07  -1.02592e+04
  19  wCBO_expOffset   2.00000e+02   2.37910e-05  -1.50149e-08   5.00891e+04
  20  wCBO_expT    3.00000e+01   2.77330e-06   1.59011e-09  -5.76395e+04
  21  wCBO_linCoeff   0.00000e+00   constant   
  22  wCBO_const  -4.86560e-04   2.92515e-03  -1.84719e-06   3.82994e+02
 EXTERNAL ERROR MATRIX.    NDIM=  25    NPAR=  7    ERR DEF=1
  2.560e-07  1.082e-09 -1.270e-07  9.302e-08 -1.168e-08  1.276e-09 -1.452e-06 
  1.082e-09  4.735e-12 -6.207e-10  4.001e-10 -5.040e-11  5.439e-12 -6.267e-09 
 -1.270e-07 -6.207e-10  1.233e-07 -5.337e-08  6.663e-09 -7.052e-10  8.143e-07 
  9.302e-08  4.001e-10 -5.337e-08  3.501e-08 -4.334e-09  4.677e-10 -5.389e-07 
 -1.168e-08 -5.040e-11  6.663e-09 -4.334e-09  5.660e-10 -5.942e-11  6.783e-08 
  1.276e-09  5.439e-12 -7.052e-10  4.677e-10 -5.942e-11  7.691e-12 -7.286e-09 
 -1.452e-06 -6.267e-09  8.143e-07 -5.389e-07  6.783e-08 -7.286e-09  8.557e-06 
ERR MATRIX APPROXIMATE
 PARAMETER  CORRELATION COEFFICIENTS  
       NO.  GLOBAL      6      7     14     18     19     20     22
        6  0.99960   1.000  0.982 -0.715  0.982 -0.970  0.909 -0.981
        7  0.99870   0.982  1.000 -0.812  0.983 -0.974  0.901 -0.985
       14  0.99454  -0.715 -0.812  1.000 -0.812  0.798 -0.724  0.793
       18  0.99870   0.982  0.983 -0.812  1.000 -0.974  0.901 -0.985
       19  0.98549  -0.970 -0.974  0.798 -0.974  1.000 -0.901  0.975
       20  0.95012   0.909  0.901 -0.724  0.901 -0.901  1.000 -0.898
       22  0.99004  -0.981 -0.985  0.793 -0.985  0.975 -0.898  1.000
 ERR MATRIX APPROXIMATE
MINUIT - FIT ONLY 2-CBO
 **********
 **   43 **RES 
 **********
                   PARAMETER    8  phi_CBO RESTORED TO VARIABLE.
                   PARAMETER    4  phi RESTORED TO VARIABLE.
                   PARAMETER    3  A0 RESTORED TO VARIABLE.
                   PARAMETER    1  N0 RESTORED TO VARIABLE.
 **********
 **   44 **FIX            0
 **********
 PARAMETER    0  IS UNDEFINED. IGNORED.
 **********
 **   45 **FIX            1
 **********
 **********
 **   46 **FIX            2
 **********
 PARAMETER    2  IS CONSTANT.   IGNORED.
 **********
 **   47 **FIX            3
 **********
 **********
 **   48 **FIX            4
 **********
 **********
 **   49 **FIX            5
 **********
 PARAMETER    5  IS CONSTANT.   IGNORED.
 **********
 **   50 **FIX            6
 **********
 **********
 **   51 **FIX            7
 **********
 **********
 **   52 **FIX           10
 **********
 PARAMETER   10  IS CONSTANT.   IGNORED.
 **********
 **   53 **FIX           11
 **********
 PARAMETER   11  IS CONSTANT.   IGNORED.
 **********
 **   54 **FIX           12
 **********
 PARAMETER   12  IS CONSTANT.   IGNORED.
 **********
 **   55 **FIX           13
 **********
 PARAMETER   13  IS CONSTANT.   IGNORED.
 **********
 **   56 **FIX           14
 **********
 **********
 **   57 **FIX           15
 **********
 PARAMETER   15  IS CONSTANT.   IGNORED.
 **********
 **   58 **FIX           16
 **********
 PARAMETER   16  IS CONSTANT.   IGNORED.
 **********
 **   59 **MIGRAD
 **********
 START MIGRAD MINIMIZATION.  STRATEGY  1.  CONVERGENCE WHEN EDM .LT. 1.00e-04
 FCN=1147.86 FROM MIGRAD    STATUS=INITIATE       12 CALLS        1655 TOTAL
                     EDM= unknown      STRATEGY= 1      NO ERROR MATRIX       
  EXT PARAMETER               CURRENT GUESS       STEP         FIRST   
  NO.   NAME      VALUE            ERROR          SIZE      DERIVATIVE 
   1  N0           2.84493e+06     fixed    
   2  tau          6.44047e+01   constant   
   3  A0           3.52496e-01     fixed    
   4  phi          4.11226e+00     fixed    
   5  R           -6.13016e+01   constant   
   6  A_CBO        6.89397e-04     fixed    
   7  w_CBO        2.32647e+00     fixed    
   8  phi_CBO      5.89720e+00   2.66437e-01   2.66437e-01  -4.02734e+00
   9  ANx2         6.64823e-04   constant   
  10  pNx2         9.66896e-01   constant   
  11  ANy1         0.00000e+00   constant   
  12  pNy1         0.00000e+00   constant   
  13  w_y          0.00000e+00   constant   
  14  ANy2         7.72638e-05     fixed    
  15  pNy2         5.88808e+00   constant   
  16  w_vw         1.43122e+01   constant   
  17  LM           1.40011e-04   constant   
  18  wCBO_expCoeff   1.99998e+02   1.87120e-04   1.18225e-07  -1.02592e+04
  19  wCBO_expOffset   2.00000e+02   2.37910e-05  -1.50149e-08   5.00891e+04
  20  wCBO_expT    3.00000e+01   2.77330e-06   1.59011e-09  -5.76395e+04
  21  wCBO_linCoeff   0.00000e+00   constant   
  22  wCBO_const  -4.86560e-04   2.92515e-03  -1.84719e-06   3.82994e+02
 MIGRAD FAILS TO FIND IMPROVEMENT
 FCN=1147.82 FROM HESSE     STATUS=NOT POSDEF     37 CALLS        1733 TOTAL
                     EDM=17.2347    STRATEGY= 1      ERR MATRIX NOT POS-DEF
  EXT PARAMETER                APPROXIMATE        STEP         FIRST   
  NO.   NAME      VALUE            ERROR          SIZE      DERIVATIVE 
   1  N0           2.84493e+06     fixed    
   2  tau          6.44047e+01   constant   
   3  A0           3.52496e-01     fixed    
   4  phi          4.11226e+00     fixed    
   5  R           -6.13016e+01   constant   
   6  A_CBO        6.89397e-04     fixed    
   7  w_CBO        2.32647e+00     fixed    
   8  phi_CBO      5.92008e+00   3.77143e-01   5.13301e-03  -3.05398e+00
   9  ANx2         6.64823e-04   constant   
  10  pNx2         9.66896e-01   constant   
  11  ANy1         0.00000e+00   constant   
  12  pNy1         0.00000e+00   constant   
  13  w_y          0.00000e+00   constant   
  14  ANy2         7.72638e-05     fixed    
  15  pNy2         5.88808e+00   constant   
  16  w_vw         1.43122e+01   constant   
  17  LM           1.40011e-04   constant   
  18  wCBO_expCoeff   1.99998e+02   5.34551e-04   9.53667e-05  -1.43171e+04
  19  wCBO_expOffset   2.00000e+02   1.23926e-04   9.53674e-05   5.04465e+04
  20  wCBO_expT    3.00000e+01   2.46850e-05   1.43051e-05   3.43583e+05
  21  wCBO_linCoeff   0.00000e+00   constant   
  22  wCBO_const  -4.94029e-04   3.83986e-03   9.61627e-06  -2.59413e+02
 MIGRAD FAILS TO FIND IMPROVEMENT
 MIGRAD TERMINATED WITHOUT CONVERGENCE.
 FCN=1147.82 FROM MIGRAD    STATUS=FAILED        101 CALLS        1744 TOTAL
                     EDM=17.2347    STRATEGY= 1      ERR MATRIX NOT POS-DEF
  EXT PARAMETER                APPROXIMATE        STEP         FIRST   
  NO.   NAME      VALUE            ERROR          SIZE      DERIVATIVE 
   1  N0           2.84493e+06     fixed    
   2  tau          6.44047e+01   constant   
   3  A0           3.52496e-01     fixed    
   4  phi          4.11226e+00     fixed    
   5  R           -6.13016e+01   constant   
   6  A_CBO        6.89397e-04     fixed    
   7  w_CBO        2.32647e+00     fixed    
   8  phi_CBO      5.92008e+00   3.77143e-01   0.00000e+00  -3.05398e+00
   9  ANx2         6.64823e-04   constant   
  10  pNx2         9.66896e-01   constant   
  11  ANy1         0.00000e+00   constant   
  12  pNy1         0.00000e+00   constant   
  13  w_y          0.00000e+00   constant   
  14  ANy2         7.72638e-05     fixed    
  15  pNy2         5.88808e+00   constant   
  16  w_vw         1.43122e+01   constant   
  17  LM           1.40011e-04   constant   
  18  wCBO_expCoeff   1.99998e+02   5.34551e-04  -0.00000e+00  -1.43171e+04
  19  wCBO_expOffset   2.00000e+02   1.23926e-04  -0.00000e+00   5.04465e+04
  20  wCBO_expT    3.00000e+01   2.46850e-05  -0.00000e+00   3.43583e+05
  21  wCBO_linCoeff   0.00000e+00   constant   
  22  wCBO_const  -4.94029e-04   3.83986e-03   0.00000e+00  -2.59413e+02
 EXTERNAL ERROR MATRIX.    NDIM=  25    NPAR=  5    ERR DEF=1
  1.422e-01 -1.673e-05 -3.292e-06 -1.064e-06  2.353e-04 
 -1.673e-05  2.857e-07  6.543e-08  1.309e-08 -2.015e-06 
 -3.292e-06  6.543e-08  1.536e-08  3.024e-09 -4.556e-07 
 -1.064e-06  1.309e-08  3.024e-09  6.093e-10 -9.166e-08 
  2.353e-04 -2.015e-06 -4.556e-07 -9.166e-08  1.474e-05 
ERR MATRIX NOT POS-DEF
 PARAMETER  CORRELATION COEFFICIENTS  
       NO.  GLOBAL      8     18     19     20     22
        8  0.57704   1.000 -0.083 -0.070 -0.114  0.162
       18  0.99746  -0.083  1.000  0.988  0.992 -0.982
       19  0.99132  -0.070  0.988  1.000  0.989 -0.957
       20  0.99465  -0.114  0.992  0.989  1.000 -0.967
       22  0.98864   0.162 -0.982 -0.957 -0.967  1.000
 ERR MATRIX NOT POS-DEF
MINUIT - FIT ONLY 1-y
 **********
 **   60 **RES 
 **********
                   PARAMETER   14  ANy2 RESTORED TO VARIABLE.
                   PARAMETER    7  w_CBO RESTORED TO VARIABLE.
                   PARAMETER    6  A_CBO RESTORED TO VARIABLE.
                   PARAMETER    4  phi RESTORED TO VARIABLE.
                   PARAMETER    3  A0 RESTORED TO VARIABLE.
                   PARAMETER    1  N0 RESTORED TO VARIABLE.
 **********
 **   61 **FIX            0
 **********
 PARAMETER    0  IS UNDEFINED. IGNORED.
 **********
 **   62 **FIX            1
 **********
 **********
 **   63 **FIX            2
 **********
 PARAMETER    2  IS CONSTANT.   IGNORED.
 **********
 **   64 **FIX            3
 **********
 **********
 **   65 **FIX            4
 **********
 **********
 **   66 **FIX            5
 **********
 PARAMETER    5  IS CONSTANT.   IGNORED.
 **********
 **   67 **FIX            6
 **********
 **********
 **   68 **FIX            7
 **********
 **********
 **   69 **FIX            8
 **********
 **********
 **   70 **FIX            9
 **********
 PARAMETER    9  IS CONSTANT.   IGNORED.
 **********
 **   71 **FIX           13
 **********
 PARAMETER   13  IS CONSTANT.   IGNORED.
 **********
 **   72 **FIX           14
 **********
 **********
 **   73 **FIX           15
 **********
 PARAMETER   15  IS CONSTANT.   IGNORED.
 **********
 **   74 **FIX           16
 **********
 PARAMETER   16  IS CONSTANT.   IGNORED.
 **********
 **   75 **MIGRAD
 **********
 START MIGRAD MINIMIZATION.  STRATEGY  1.  CONVERGENCE WHEN EDM .LT. 1.00e-04
 FCN=1147.82 FROM MIGRAD    STATUS=INITIATE        8 CALLS        1752 TOTAL
                     EDM= unknown      STRATEGY= 1      NO ERROR MATRIX       
  EXT PARAMETER               CURRENT GUESS       STEP         FIRST   
  NO.   NAME      VALUE            ERROR          SIZE      DERIVATIVE 
   1  N0           2.84493e+06     fixed    
   2  tau          6.44047e+01   constant   
   3  A0           3.52496e-01     fixed    
   4  phi          4.11226e+00     fixed    
   5  R           -6.13016e+01   constant   
   6  A_CBO        6.89397e-04     fixed    
   7  w_CBO        2.32647e+00     fixed    
   8  phi_CBO      5.92008e+00     fixed    
   9  ANx2         6.64823e-04   constant   
  10  pNx2         9.66896e-01   constant   
  11  ANy1         0.00000e+00   constant   
  12  pNy1         0.00000e+00   constant   
  13  w_y          0.00000e+00   constant   
  14  ANy2         7.72638e-05     fixed    
  15  pNy2         5.88808e+00   constant   
  16  w_vw         1.43122e+01   constant   
  17  LM           1.40011e-04   constant   
  18  wCBO_expCoeff   1.99998e+02   5.34551e-04  -0.00000e+00  -1.85259e+04
  19  wCBO_expOffset   2.00000e+02   1.23926e-04  -0.00000e+00   5.32361e+04
  20  wCBO_expT    3.00000e+01   2.46850e-05  -0.00000e+00   3.70832e+04
  21  wCBO_linCoeff   0.00000e+00   constant   
  22  wCBO_const  -4.94029e-04   3.83986e-03   0.00000e+00  -2.59421e+02
 MIGRAD FAILS TO FIND IMPROVEMENT
 FCN=1147.82 FROM HESSE     STATUS=NOT POSDEF     29 CALLS        1792 TOTAL
                     EDM=19.0377    STRATEGY= 1      ERR MATRIX NOT POS-DEF
  EXT PARAMETER                APPROXIMATE        STEP         FIRST   
  NO.   NAME      VALUE            ERROR          SIZE      DERIVATIVE 
   1  N0           2.84493e+06     fixed    
   2  tau          6.44047e+01   constant   
   3  A0           3.52496e-01     fixed    
   4  phi          4.11226e+00     fixed    
   5  R           -6.13016e+01   constant   
   6  A_CBO        6.89397e-04     fixed    
   7  w_CBO        2.32647e+00     fixed    
   8  phi_CBO      5.92008e+00     fixed    
   9  ANx2         6.64823e-04   constant   
  10  pNx2         9.66896e-01   constant   
  11  ANy1         0.00000e+00   constant   
  12  pNy1         0.00000e+00   constant   
  13  w_y          0.00000e+00   constant   
  14  ANy2         7.72638e-05     fixed    
  15  pNy2         5.88808e+00   constant   
  16  w_vw         1.43122e+01   constant   
  17  LM           1.40011e-04   constant   
  18  wCBO_expCoeff   1.99998e+02   5.79718e-04   9.53667e-05  -1.43171e+04
  19  wCBO_expOffset   2.00000e+02   1.34368e-04   9.53674e-05   5.04465e+04
  20  wCBO_expT    3.00000e+01   2.66723e-05   1.43051e-05   3.43583e+05
  21  wCBO_linCoeff   0.00000e+00   constant   
  22  wCBO_const  -4.94029e-04   4.11310e-03   9.61470e-06  -2.59411e+02
 MIGRAD FAILS TO FIND IMPROVEMENT
 MIGRAD TERMINATED WITHOUT CONVERGENCE.
 FCN=1147.14 FROM MIGRAD    STATUS=FAILED         71 CALLS        1815 TOTAL
                     EDM=970.782    STRATEGY= 1      ERR MATRIX NOT POS-DEF
  EXT PARAMETER                APPROXIMATE        STEP         FIRST   
  NO.   NAME      VALUE            ERROR          SIZE      DERIVATIVE 
   1  N0           2.84493e+06     fixed    
   2  tau          6.44047e+01   constant   
   3  A0           3.52496e-01     fixed    
   4  phi          4.11226e+00     fixed    
   5  R           -6.13016e+01   constant   
   6  A_CBO        6.89397e-04     fixed    
   7  w_CBO        2.32647e+00     fixed    
   8  phi_CBO      5.92008e+00     fixed    
   9  ANx2         6.64823e-04   constant   
  10  pNx2         9.66896e-01   constant   
  11  ANy1         0.00000e+00   constant   
  12  pNy1         0.00000e+00   constant   
  13  w_y          0.00000e+00   constant   
  14  ANy2         7.72638e-05     fixed    
  15  pNy2         5.88808e+00   constant   
  16  w_vw         1.43122e+01   constant   
  17  LM           1.40011e-04   constant   
  18  wCBO_expCoeff   1.99998e+02   1.00000e+00  -0.00000e+00   1.94351e+05
  19  wCBO_expOffset   2.00000e+02   1.00000e+00  -0.00000e+00   9.17417e+04
  20  wCBO_expT    3.00000e+01   1.00000e+00   0.00000e+00  -6.98200e+05
  21  wCBO_linCoeff   0.00000e+00   constant   
  22  wCBO_const   6.05518e-03   1.00000e+00  -0.00000e+00   1.09589e+04
 EXTERNAL ERROR MATRIX.    NDIM=  25    NPAR=  4    ERR DEF=1
  1.000e+00 -4.024e-09 -7.153e-10  5.765e-08 
 -4.024e-09  1.000e+00 -1.623e-10  2.261e-08 
 -7.153e-10 -1.623e-10  1.000e+00  3.725e-09 
  5.765e-08  2.261e-08  3.725e-09  1.000e+00 
ERR MATRIX NOT POS-DEF
 PARAMETER  CORRELATION COEFFICIENTS  
       NO.  GLOBAL     18     19     20     22
       18  0.00000   1.000 -0.000 -0.000  0.000
       19  0.00000  -0.000  1.000 -0.000  0.000
       20  0.00000  -0.000 -0.000  1.000  0.000
       22  0.00000   0.000  0.000  0.000  1.000
 ERR MATRIX NOT POS-DEF
MINUIT - FIT ONLY 2-y
 **********
 **   76 **RES 
 **********
                   PARAMETER   14  ANy2 RESTORED TO VARIABLE.
                   PARAMETER    8  phi_CBO RESTORED TO VARIABLE.
                   PARAMETER    7  w_CBO RESTORED TO VARIABLE.
                   PARAMETER    6  A_CBO RESTORED TO VARIABLE.
                   PARAMETER    4  phi RESTORED TO VARIABLE.
                   PARAMETER    3  A0 RESTORED TO VARIABLE.
                   PARAMETER    1  N0 RESTORED TO VARIABLE.
 **********
 **   77 **FIX            0
 **********
 PARAMETER    0  IS UNDEFINED. IGNORED.
 **********
 **   78 **FIX            1
 **********
 **********
 **   79 **FIX            2
 **********
 PARAMETER    2  IS CONSTANT.   IGNORED.
 **********
 **   80 **FIX            3
 **********
 **********
 **   81 **FIX            4
 **********
 **********
 **   82 **FIX            5
 **********
 PARAMETER    5  IS CONSTANT.   IGNORED.
 **********
 **   83 **FIX            6
 **********
 **********
 **   84 **FIX            7
 **********
 **********
 **   85 **FIX            8
 **********
 **********
 **   86 **FIX            9
 **********
 PARAMETER    9  IS CONSTANT.   IGNORED.
 **********
 **   87 **FIX           10
 **********
 PARAMETER   10  IS CONSTANT.   IGNORED.
 **********
 **   88 **FIX           11
 **********
 PARAMETER   11  IS CONSTANT.   IGNORED.
 **********
 **   89 **FIX           12
 **********
 PARAMETER   12  IS CONSTANT.   IGNORED.
 **********
 **   90 **FIX           16
 **********
 PARAMETER   16  IS CONSTANT.   IGNORED.
 **********
 **   91 **MIGRAD
 **********
 START MIGRAD MINIMIZATION.  STRATEGY  1.  CONVERGENCE WHEN EDM .LT. 1.00e-04
 FCN=1147.14 FROM MIGRAD    STATUS=INITIATE       10 CALLS        1825 TOTAL
                     EDM= unknown      STRATEGY= 1      NO ERROR MATRIX       
  EXT PARAMETER               CURRENT GUESS       STEP         FIRST   
  NO.   NAME      VALUE            ERROR          SIZE      DERIVATIVE 
   1  N0           2.84493e+06     fixed    
