 + ++++++++++++++++++++++++++++++++++++++++++++++++++++++++++++++++++++ +
 +                                                                      +
 +           You have chose to blind your fitting according to          +
 +                omega_ref * (1 + (R +/- deltaR) *10^{-6})             +
 +                                                                      +
 + ++++++++++++++++++++++++++++++++++++++++++++++++++++++++++++++++++++ +
In main()...
reading format from /gm2data/zkhechad/run45/envelope/formats/formatB_sBin_constraintOn.txt
pBinTau 	= 0  
pBinPhi 	= 0  
constraintau 	= 1 
includeMopTerm 	= 0    
constrainMop    = 0   
Parameters after format file: pBinTau 0 pBinPhi 0 constraintau 1 includeMopTerm 0 constrainMop 0 c_e_scale 0.000000 
reading cbo reference file (full fit) from /gm2data/zkhechad/cboTemplates/Run4CBOTemplates/fullFits/run4/sBin_constraintOn_cE0.0_seed0_run4_calo1.root
A_CBO 0.008450 w_CBO 2.327583 phi_CBO 2.512904 N0 3416164.907261 R -60.829491 tau 64.397625 
Reading cboRef file /gm2data/zkhechad/cboTemplates/Run4CBOTemplates//cboIsolate/run4_calo1.root
deltaT 164.120000
windowBins = 1100
fitting sliding window 1740 from bin 1943 at 289.895600 to bin 3043 at 454.015600 (1100 bins)

Reading data from /gm2data/cornell/histograms/aMethod/histogram_a_run4.root
fitting cbo isolate
 **********
 **    1 **SET PRINTOUT            1
 **********
 **********
 **    2 **SET NOWARNINGS 
 **********
 PARAMETER DEFINITIONS:
    NO.   NAME         VALUE      STEP SIZE      LIMITS
     1 A_CBO        8.44960e-03  1.00000e-05     no limits
     2 w_CBO        2.32758e+00  1.00000e-02    2.00000e+00  3.00000e+00
     3 phi_CBO      2.51290e+00  1.00000e-02    0.00000e+00  6.28319e+00
 **********
 **    3 **MIGRAD
 **********
 FIRST CALL TO USER FUNCTION AT NEW START POINT, WITH IFLAG=4.
 START MIGRAD MINIMIZATION.  STRATEGY  1.  CONVERGENCE WHEN EDM .LT. 1.00e-04
 FCN=0.0770857 FROM MIGRAD    STATUS=INITIATE       12 CALLS          13 TOTAL
                     EDM= unknown      STRATEGY= 1      NO ERROR MATRIX       
  EXT PARAMETER               CURRENT GUESS       STEP         FIRST   
  NO.   NAME      VALUE            ERROR          SIZE      DERIVATIVE 
   1  A_CBO        8.44960e-03   1.00000e-05   1.00000e-05   6.64088e+00
   2  w_CBO        2.32758e+00   1.00000e-02   2.13091e-02   1.36660e+00
   3  phi_CBO      2.51290e+00   1.00000e-02   3.24882e-03  -2.52040e-02
 MIGRAD MINIMIZATION HAS CONVERGED.
 MIGRAD WILL VERIFY CONVERGENCE AND ERROR MATRIX.
 COVARIANCE MATRIX CALCULATED SUCCESSFULLY
 FCN=0.0566217 FROM MIGRAD    STATUS=CONVERGED      59 CALLS          60 TOTAL
                     EDM=2.75016e-05    STRATEGY= 1      ERROR MATRIX ACCURATE 
  EXT PARAMETER                                   STEP         FIRST   
  NO.   NAME      VALUE            ERROR          SIZE      DERIVATIVE 
   1  A_CBO        2.56499e-03   4.26190e-02   2.13810e-05  -8.54330e-03
   2  w_CBO        2.32713e+00   3.86152e-01   5.21569e-05   1.23958e-02
   3  phi_CBO      2.68976e+00   3.59233e+00   2.83173e-03  -3.64233e-04
 EXTERNAL ERROR MATRIX.    NDIM=  25    NPAR=  3    ERR DEF=1
  1.816e-03 -4.957e-04 -1.708e-01 
 -4.957e-04  2.057e-01  7.410e+01 
 -1.708e-01  7.410e+01  2.696e+04 
 PARAMETER  CORRELATION COEFFICIENTS  
       NO.  GLOBAL      1      2      3
        1  0.02787   1.000 -0.026 -0.024
        2  0.99486  -0.026  1.000  0.995
        3  0.99486  -0.024  0.995  1.000
setting A_CBO=0.002565 w_CBO=2.327134, phi_CBO=2.689757
done fitting cbo isolate
 **********
 **    1 **SET PRINTOUT            1
 **********
 **********
 **    2 **SET NOWARNINGS 
 **********
 PARAMETER DEFINITIONS:
    NO.   NAME         VALUE      STEP SIZE      LIMITS
     1 N0           3.41616e+06  1.00000e+02     no limits
     2 tau          6.43976e+01  constant
     3 A0           3.54950e-01  1.00000e-04     no limits
     4 phi          4.12292e+00  1.00000e-02     no limits
     5 R           -6.08295e+01  constant
     6 A_CBO        2.56499e-03  1.00000e-05     no limits
     7 w_CBO        2.32713e+00  1.00000e-03     no limits
     8 phi_CBO      2.68976e+00  1.00000e-04     no limits
     9 ANx2         2.24467e-04  constant
    10 pNx2         2.31915e+00  constant
    11 ANy1         0.00000e+00  constant
    12 pNy1         0.00000e+00  constant
    13 w_y          0.00000e+00  constant
    14 ANy2         1.49899e-02  1.00000e-04     no limits
    15 pNy2         4.64502e+00  constant
    16 w_vw         1.43138e+01  constant
    17 LM          -1.76320e-04  constant
    18 wCBO_expCoeff   2.00000e+02  1.00000e+00     no limits
    19 wCBO_expOffset   2.00000e+02  1.00000e+00     no limits
    20 wCBO_expT    3.00000e+01  1.00000e+00     no limits
    21 wCBO_linCoeff   0.00000e+00  constant
    22 wCBO_const   0.00000e+00  1.00000e-02     no limits
MINUIT - FIT ONLY WIGGLE
 **********
 **    3 **FIX            5
 **********
 PARAMETER    5  IS CONSTANT.   IGNORED.
 **********
 **    4 **FIX            6
 **********
 **********
 **    5 **FIX            7
 **********
 **********
 **    6 **FIX            8
 **********
 **********
 **    7 **FIX            9
 **********
 PARAMETER    9  IS CONSTANT.   IGNORED.
 **********
 **    8 **FIX           10
 **********
 PARAMETER   10  IS CONSTANT.   IGNORED.
 **********
 **    9 **FIX           11
 **********
 PARAMETER   11  IS CONSTANT.   IGNORED.
 **********
 **   10 **FIX           12
 **********
 PARAMETER   12  IS CONSTANT.   IGNORED.
 **********
 **   11 **FIX           13
 **********
 PARAMETER   13  IS CONSTANT.   IGNORED.
 **********
 **   12 **FIX           14
 **********
 **********
 **   13 **FIX           15
 **********
 PARAMETER   15  IS CONSTANT.   IGNORED.
 **********
 **   14 **FIX           16
 **********
 PARAMETER   16  IS CONSTANT.   IGNORED.
 **********
 **   15 **MIGRAD
 **********
 FIRST CALL TO USER FUNCTION AT NEW START POINT, WITH IFLAG=4.
 START MIGRAD MINIMIZATION.  STRATEGY  1.  CONVERGENCE WHEN EDM .LT. 1.00e-04
 FCN=1640.76 FROM MIGRAD    STATUS=INITIATE      147 CALLS         148 TOTAL
                     EDM= unknown      STRATEGY= 1      NO ERROR MATRIX       
  EXT PARAMETER               CURRENT GUESS       STEP         FIRST   
  NO.   NAME      VALUE            ERROR          SIZE      DERIVATIVE 
   1  N0           3.41616e+06   1.00000e+02   0.00000e+00   1.71186e-03
   2  tau          6.43976e+01   constant   
   3  A0           3.54950e-01   1.00000e-04   0.00000e+00   3.22034e+02
   4  phi          4.12292e+00   1.00000e-02   0.00000e+00   1.18347e+02
   5  R           -6.08295e+01   constant   
   6  A_CBO        2.56499e-03     fixed    
   7  w_CBO        2.32713e+00     fixed    
   8  phi_CBO      2.68976e+00     fixed    
   9  ANx2         2.24467e-04   constant   
  10  pNx2         2.31915e+00   constant   
  11  ANy1         0.00000e+00   constant   
  12  pNy1         0.00000e+00   constant   
  13  w_y          0.00000e+00   constant   
  14  ANy2         1.49899e-02     fixed    
  15  pNy2         4.64502e+00   constant   
  16  w_vw         1.43138e+01   constant   
  17  LM          -1.76320e-04   constant   
  18  wCBO_expCoeff   1.99964e+02   1.00000e+00   4.04189e-02  -2.24458e+01
  19  wCBO_expOffset   2.00000e+02   1.00000e+00   0.00000e+00  -1.49491e+02
  20  wCBO_expT    3.00000e+01   1.00000e+00   0.00000e+00   1.04992e+03
  21  wCBO_linCoeff   0.00000e+00   constant   
  22  wCBO_const  -2.46074e-03   1.00000e-02   0.00000e+00   9.14339e+03
 MIGRAD MINIMIZATION HAS CONVERGED.
 FCN=1624.26 FROM MIGRAD    STATUS=CONVERGED     279 CALLS         280 TOTAL
                     EDM=1.25066e-06    STRATEGY= 1  ERROR MATRIX UNCERTAINTY   2.2 per cent
  EXT PARAMETER                                   STEP         FIRST   
  NO.   NAME      VALUE            ERROR          SIZE      DERIVATIVE 
   1  N0           3.41527e+06   1.03788e+03  -4.66967e+00   2.36582e-07
   2  tau          6.43976e+01   constant   
   3  A0           3.55027e-01   4.06689e-04   8.52823e-06  -6.14608e-01
   4  phi          4.12282e+00   1.19567e-03  -8.70381e-06  -2.69628e-01
   5  R           -6.08295e+01   constant   
   6  A_CBO        2.56499e-03     fixed    
   7  w_CBO        2.32713e+00     fixed    
   8  phi_CBO      2.68976e+00     fixed    
   9  ANx2         2.24467e-04   constant   
  10  pNx2         2.31915e+00   constant   
  11  ANy1         0.00000e+00   constant   
  12  pNy1         0.00000e+00   constant   
  13  w_y          0.00000e+00   constant   
  14  ANy2         1.49899e-02     fixed    
  15  pNy2         4.64502e+00   constant   
  16  w_vw         1.43138e+01   constant   
  17  LM          -1.76320e-04   constant   
  18  wCBO_expCoeff   2.00065e+02   6.73255e-02  -8.73428e-04   5.03440e-02
  19  wCBO_expOffset   2.00015e+02   1.00998e-02  -1.30974e-04   3.10518e-01
  20  wCBO_expT    2.99929e+01   6.85939e-03   1.04560e-04   1.15579e+00
  21  wCBO_linCoeff   0.00000e+00   constant   
  22  wCBO_const  -4.20909e-03   8.32663e-04  -1.55918e-05   4.35090e+00
 EXTERNAL ERROR MATRIX.    NDIM=  25    NPAR=  7    ERR DEF=1
  1.077e+06 -2.070e-03 -2.025e-03 -4.243e-01 -6.394e-02  1.174e-01 -5.627e-02 
 -2.070e-03  1.654e-07  1.380e-09  2.750e-07  4.170e-08 -2.346e-08  5.002e-09 
 -2.025e-03  1.380e-09  1.430e-06  9.474e-06  1.421e-06 -1.020e-06  9.577e-08 
 -4.243e-01  2.750e-07  9.474e-06  4.533e-03  6.543e-04 -4.530e-04  3.441e-05 
 -6.394e-02  4.170e-08  1.421e-06  6.543e-04  1.020e-04 -6.795e-05  5.162e-06 
  1.174e-01 -2.346e-08 -1.020e-06 -4.530e-04 -6.795e-05  4.705e-05 -4.054e-06 
 -5.627e-02  5.002e-09  9.577e-08  3.441e-05  5.162e-06 -4.054e-06  6.933e-07 
 PARAMETER  CORRELATION COEFFICIENTS  
       NO.  GLOBAL      1      3      4     18     19     20     22
        1  0.07950   1.000 -0.005 -0.002 -0.006 -0.006  0.016 -0.065
        3  0.04778  -0.005  1.000  0.003  0.010  0.010 -0.008  0.015
        4  0.13108  -0.002  0.003  1.000  0.118  0.118 -0.124  0.096
       18  0.99157  -0.006  0.010  0.118  1.000  0.962 -0.981  0.614
       19  0.99157  -0.006  0.010  0.118  0.962  1.000 -0.981  0.614
       20  0.99778   0.016 -0.008 -0.124 -0.981 -0.981  1.000 -0.710
       22  0.92717  -0.065  0.015  0.096  0.614  0.614 -0.710  1.000
MINUIT - FIT ONLY 1-CBO + other amplitudes 
 **********
 **   16 **RES 
 **********
                   PARAMETER   14  ANy2 RESTORED TO VARIABLE.
                   PARAMETER    8  phi_CBO RESTORED TO VARIABLE.
                   PARAMETER    7  w_CBO RESTORED TO VARIABLE.
                   PARAMETER    6  A_CBO RESTORED TO VARIABLE.
 **********
 **   17 **FIX            0
 **********
 PARAMETER    0  IS UNDEFINED. IGNORED.
 **********
 **   18 **FIX            1
 **********
 **********
 **   19 **FIX            2
 **********
 PARAMETER    2  IS CONSTANT.   IGNORED.
 **********
 **   20 **FIX            3
 **********
 **********
 **   21 **FIX            4
 **********
 **********
 **   22 **FIX            9
 **********
 PARAMETER    9  IS CONSTANT.   IGNORED.
 **********
 **   23 **FIX           11
 **********
 PARAMETER   11  IS CONSTANT.   IGNORED.
 **********
 **   24 **FIX           12
 **********
 PARAMETER   12  IS CONSTANT.   IGNORED.
 **********
 **   25 **FIX           14
 **********
 **********
 **   26 **FIX           15
 **********
 PARAMETER   15  IS CONSTANT.   IGNORED.
 **********
 **   27 **FIX           16
 **********
 PARAMETER   16  IS CONSTANT.   IGNORED.
 **********
 **   28 **MIGRAD
 **********
 START MIGRAD MINIMIZATION.  STRATEGY  1.  CONVERGENCE WHEN EDM .LT. 1.00e-04
 FCN=1624.26 FROM MIGRAD    STATUS=INITIATE       20 CALLS         300 TOTAL
                     EDM= unknown      STRATEGY= 1      NO ERROR MATRIX       
  EXT PARAMETER               CURRENT GUESS       STEP         FIRST   
  NO.   NAME      VALUE            ERROR          SIZE      DERIVATIVE 
   1  N0           3.41527e+06     fixed    
   2  tau          6.43976e+01   constant   
   3  A0           3.55027e-01     fixed    
   4  phi          4.12282e+00     fixed    
   5  R           -6.08295e+01   constant   
   6  A_CBO        2.56499e-03   1.00000e-05   1.00000e-05   1.60092e+04
   7  w_CBO        2.32713e+00   1.00000e-03   1.00000e-03   6.19166e+00
   8  phi_CBO      2.68976e+00   1.00000e-04   1.00000e-04   1.76726e+00
   9  ANx2         2.24467e-04   constant   
  10  pNx2         2.31915e+00   constant   
  11  ANy1         0.00000e+00   constant   
  12  pNy1         0.00000e+00   constant   
  13  w_y          0.00000e+00   constant   
  14  ANy2         1.49899e-02     fixed    
  15  pNy2         4.64502e+00   constant   
  16  w_vw         1.43138e+01   constant   
  17  LM          -1.76320e-04   constant   
  18  wCBO_expCoeff   2.00065e+02   6.73255e-02  -8.73428e-04   5.03437e-02
  19  wCBO_expOffset   2.00015e+02   1.00998e-02  -1.30974e-04   3.10518e-01
  20  wCBO_expT    2.99929e+01   6.85939e-03   1.04560e-04   1.15579e+00
  21  wCBO_linCoeff   0.00000e+00   constant   
  22  wCBO_const  -4.20909e-03   8.32663e-04  -1.55918e-05   4.35093e+00
 MIGRAD MINIMIZATION HAS CONVERGED.
 FCN=1612.12 FROM MIGRAD    STATUS=CONVERGED     154 CALLS         434 TOTAL
                     EDM=6.51125e-07    STRATEGY= 1  ERROR MATRIX UNCERTAINTY   2.4 per cent
  EXT PARAMETER                                   STEP         FIRST   
  NO.   NAME      VALUE            ERROR          SIZE      DERIVATIVE 
   1  N0           3.41527e+06     fixed    
   2  tau          6.43976e+01   constant   
   3  A0           3.55027e-01     fixed    
   4  phi          4.12282e+00     fixed    
   5  R           -6.08295e+01   constant   
   6  A_CBO        1.06818e-03   4.35029e-04   2.26773e-05   1.86030e+00
   7  w_CBO        2.32723e+00   6.02139e-04   3.80827e-05  -7.09642e-01
   8  phi_CBO      2.49927e+00   6.33102e-01  -9.35644e-03  -9.38193e-04
   9  ANx2         2.24467e-04   constant   
  10  pNx2         2.31915e+00   constant   
  11  ANy1         0.00000e+00   constant   
  12  pNy1         0.00000e+00   constant   
  13  w_y          0.00000e+00   constant   
  14  ANy2         1.49899e-02     fixed    
  15  pNy2         4.64502e+00   constant   
  16  w_vw         1.43138e+01   constant   
  17  LM          -1.76320e-04   constant   
  18  wCBO_expCoeff   2.00076e+02   6.40868e-02   4.14315e-03  -1.36323e-02
  19  wCBO_expOffset   2.00017e+02   9.62537e-03   6.22326e-04  -1.01966e-01
  20  wCBO_expT    2.99912e+01   9.36558e-03  -6.24338e-04  -1.41894e-01
  21  wCBO_linCoeff   0.00000e+00   constant   
  22  wCBO_const  -4.24514e-03   1.30779e-03   1.73531e-05   1.07928e+00
 EXTERNAL ERROR MATRIX.    NDIM=  25    NPAR=  7    ERR DEF=1
  1.892e-07 -9.624e-09 -1.472e-05 -7.938e-07 -1.193e-07  1.800e-07 -5.566e-08 
 -9.624e-09  3.626e-07 -6.972e-06  3.749e-05  5.630e-06 -5.555e-06  3.428e-07 
 -1.472e-05 -6.972e-06  4.008e-01 -2.773e-03 -4.163e-04  1.737e-04  4.047e-04 
 -7.938e-07  3.749e-05 -2.773e-03  4.107e-03  6.029e-04 -5.868e-04  3.008e-05 
 -1.193e-07  5.630e-06 -4.163e-04  6.029e-04  9.265e-05 -8.815e-05  4.520e-06 
  1.800e-07 -5.555e-06  1.737e-04 -5.868e-04 -8.815e-05  8.771e-05 -6.080e-06 
 -5.566e-08  3.428e-07  4.047e-04  3.008e-05  4.520e-06 -6.080e-06  1.710e-06 
 PARAMETER  CORRELATION COEFFICIENTS  
       NO.  GLOBAL      6      7      8     18     19     20     22
        6  0.10285   1.000 -0.037 -0.053 -0.028 -0.028  0.044 -0.098
        7  0.98954  -0.037  1.000 -0.018  0.971  0.971 -0.985  0.435
        8  0.77815  -0.053 -0.018  1.000 -0.068 -0.068  0.029  0.489
       18  0.99071  -0.028  0.971 -0.068  1.000  0.977 -0.978  0.359
       19  0.99074  -0.028  0.971 -0.068  0.977  1.000 -0.978  0.359
       20  0.99804   0.044 -0.985  0.029 -0.978 -0.978  1.000 -0.496
       22  0.94628  -0.098  0.435  0.489  0.359  0.359 -0.496  1.000
MINUIT - FIT ONLY 1-CBO
 **********
 **   29 **RES 
 **********
                   PARAMETER   14  ANy2 RESTORED TO VARIABLE.
                   PARAMETER    4  phi RESTORED TO VARIABLE.
                   PARAMETER    3  A0 RESTORED TO VARIABLE.
                   PARAMETER    1  N0 RESTORED TO VARIABLE.
 **********
 **   30 **FIX            0
 **********
 PARAMETER    0  IS UNDEFINED. IGNORED.
 **********
 **   31 **FIX            1
 **********
 **********
 **   32 **FIX            2
 **********
 PARAMETER    2  IS CONSTANT.   IGNORED.
 **********
 **   33 **FIX            3
 **********
 **********
 **   34 **FIX            4
 **********
 **********
 **   35 **FIX            8
 **********
 **********
 **   36 **FIX            9
 **********
 PARAMETER    9  IS CONSTANT.   IGNORED.
 **********
 **   37 **FIX           11
 **********
 PARAMETER   11  IS CONSTANT.   IGNORED.
 **********
 **   38 **FIX           12
 **********
 PARAMETER   12  IS CONSTANT.   IGNORED.
 **********
 **   39 **FIX           13
 **********
 PARAMETER   13  IS CONSTANT.   IGNORED.
 **********
 **   40 **FIX           15
 **********
 PARAMETER   15  IS CONSTANT.   IGNORED.
 **********
 **   41 **FIX           16
 **********
 PARAMETER   16  IS CONSTANT.   IGNORED.
 **********
 **   42 **MIGRAD
 **********
 START MIGRAD MINIMIZATION.  STRATEGY  1.  CONVERGENCE WHEN EDM .LT. 1.00e-04
 FCN=1612.12 FROM MIGRAD    STATUS=INITIATE       16 CALLS         450 TOTAL
                     EDM= unknown      STRATEGY= 1      NO ERROR MATRIX       
  EXT PARAMETER               CURRENT GUESS       STEP         FIRST   
  NO.   NAME      VALUE            ERROR          SIZE      DERIVATIVE 
   1  N0           3.41527e+06     fixed    
   2  tau          6.43976e+01   constant   
   3  A0           3.55027e-01     fixed    
   4  phi          4.12282e+00     fixed    
   5  R           -6.08295e+01   constant   
   6  A_CBO        1.06818e-03   4.35029e-04   2.26773e-05   1.86030e+00
   7  w_CBO        2.32723e+00   6.02139e-04   3.80827e-05  -7.09312e-01
   8  phi_CBO      2.49927e+00     fixed    
   9  ANx2         2.24467e-04   constant   
  10  pNx2         2.31915e+00   constant   
  11  ANy1         0.00000e+00   constant   
  12  pNy1         0.00000e+00   constant   
  13  w_y          0.00000e+00   constant   
  14  ANy2         1.49899e-02   1.00000e-04   1.00000e-04   1.64565e+05
  15  pNy2         4.64502e+00   constant   
  16  w_vw         1.43138e+01   constant   
  17  LM          -1.76320e-04   constant   
  18  wCBO_expCoeff   2.00076e+02   6.40868e-02   4.14315e-03  -1.36283e-02
  19  wCBO_expOffset   2.00017e+02   9.62537e-03   6.22326e-04  -1.01966e-01
  20  wCBO_expT    2.99912e+01   9.36558e-03  -6.24338e-04  -1.41894e-01
  21  wCBO_linCoeff   0.00000e+00   constant   
  22  wCBO_const  -4.24514e-03   1.30779e-03   1.73531e-05   1.07932e+00
 MIGRAD MINIMIZATION HAS CONVERGED.
 FCN=369.346 FROM MIGRAD    STATUS=CONVERGED     249 CALLS         683 TOTAL
                     EDM=4.04234e-08    STRATEGY= 1  ERROR MATRIX UNCERTAINTY   3.2 per cent
  EXT PARAMETER                                   STEP         FIRST   
  NO.   NAME      VALUE            ERROR          SIZE      DERIVATIVE 
   1  N0           3.41527e+06     fixed    
   2  tau          6.43976e+01   constant   
   3  A0           3.55027e-01     fixed    
   4  phi          4.12282e+00     fixed    
   5  R           -6.08295e+01   constant   
   6  A_CBO        3.71008e-04   5.18722e-04  -4.19208e-07   5.16588e-01
   7  w_CBO        2.32778e+00   9.29236e-04  -8.96289e-07   1.69899e-01
   8  phi_CBO      2.49927e+00     fixed    
   9  ANx2         2.24467e-04   constant   
  10  pNx2         2.31915e+00   constant   
  11  ANy1         0.00000e+00   constant   
  12  pNy1         0.00000e+00   constant   
  13  w_y          0.00000e+00   constant   
  14  ANy2        -1.19514e-04   4.31167e-04   6.04455e-07  -6.53736e-01
  15  pNy2         4.64502e+00   constant   
  16  w_vw         1.43138e+01   constant   
  17  LM          -1.76320e-04   constant   
  18  wCBO_expCoeff   2.00136e+02   9.95769e-02  -9.97259e-05   1.69928e-03
  19  wCBO_expOffset   2.00026e+02   1.48048e-02  -1.48939e-05   4.75260e-02
  20  wCBO_expT    2.99833e+01   1.38080e-02   1.12302e-05   8.17096e-02
  21  wCBO_linCoeff   0.00000e+00   constant   
  22  wCBO_const  -4.04238e-03   1.32387e-03   2.95018e-07   5.43331e-02
 EXTERNAL ERROR MATRIX.    NDIM=  25    NPAR=  7    ERR DEF=1
  2.691e-07 -5.808e-08  1.215e-08 -6.219e-06 -9.231e-07  4.994e-07 -3.761e-08 
 -5.808e-08  8.635e-07 -7.710e-09  9.083e-05  1.350e-05 -1.264e-05  5.207e-07 
  1.215e-08 -7.710e-09  1.859e-07 -8.574e-07 -1.324e-07  8.454e-08  2.458e-09 
 -6.219e-06  9.083e-05 -8.574e-07  9.916e-03  1.451e-03 -1.349e-03  5.044e-05 
 -9.231e-07  1.350e-05 -1.324e-07  1.451e-03  2.192e-04 -2.004e-04  7.472e-06 
  4.994e-07 -1.264e-05  8.454e-08 -1.349e-03 -2.004e-04  1.907e-04 -9.252e-06 
 -3.761e-08  5.207e-07  2.458e-09  5.044e-05  7.472e-06 -9.252e-06  1.753e-06 
 PARAMETER  CORRELATION COEFFICIENTS  
       NO.  GLOBAL      6      7     14     18     19     20     22
        6  0.55022   1.000 -0.121  0.054 -0.120 -0.120  0.070 -0.055
        7  0.99035  -0.121  1.000 -0.019  0.982  0.981 -0.985  0.423
       14  0.06028   0.054 -0.019  1.000 -0.020 -0.021  0.014  0.004
       18  0.99135  -0.120  0.982 -0.020  1.000  0.984 -0.981  0.383
       19  0.99115  -0.120  0.981 -0.021  0.984  1.000 -0.980  0.381
       20  0.99682   0.070 -0.985  0.014 -0.981 -0.980  1.000 -0.506
       22  0.87132  -0.055  0.423  0.004  0.383  0.381 -0.506  1.000
MINUIT - FIT ONLY 2-CBO
 **********
 **   43 **RES 
 **********
                   PARAMETER    8  phi_CBO RESTORED TO VARIABLE.
                   PARAMETER    4  phi RESTORED TO VARIABLE.
                   PARAMETER    3  A0 RESTORED TO VARIABLE.
                   PARAMETER    1  N0 RESTORED TO VARIABLE.
 **********
 **   44 **FIX            0
 **********
 PARAMETER    0  IS UNDEFINED. IGNORED.
 **********
 **   45 **FIX            1
 **********
 **********
 **   46 **FIX            2
 **********
 PARAMETER    2  IS CONSTANT.   IGNORED.
 **********
 **   47 **FIX            3
 **********
 **********
 **   48 **FIX            4
 **********
 **********
 **   49 **FIX            5
 **********
 PARAMETER    5  IS CONSTANT.   IGNORED.
 **********
 **   50 **FIX            6
 **********
 **********
 **   51 **FIX            7
 **********
 **********
 **   52 **FIX           10
 **********
 PARAMETER   10  IS CONSTANT.   IGNORED.
 **********
 **   53 **FIX           11
 **********
 PARAMETER   11  IS CONSTANT.   IGNORED.
 **********
 **   54 **FIX           12
 **********
 PARAMETER   12  IS CONSTANT.   IGNORED.
 **********
 **   55 **FIX           13
 **********
 PARAMETER   13  IS CONSTANT.   IGNORED.
 **********
 **   56 **FIX           14
 **********
 **********
 **   57 **FIX           15
 **********
 PARAMETER   15  IS CONSTANT.   IGNORED.
 **********
 **   58 **FIX           16
 **********
 PARAMETER   16  IS CONSTANT.   IGNORED.
 **********
 **   59 **MIGRAD
 **********
 START MIGRAD MINIMIZATION.  STRATEGY  1.  CONVERGENCE WHEN EDM .LT. 1.00e-04
 FCN=369.346 FROM MIGRAD    STATUS=INITIATE       12 CALLS         695 TOTAL
                     EDM= unknown      STRATEGY= 1      NO ERROR MATRIX       
  EXT PARAMETER               CURRENT GUESS       STEP         FIRST   
  NO.   NAME      VALUE            ERROR          SIZE      DERIVATIVE 
   1  N0           3.41527e+06     fixed    
   2  tau          6.43976e+01   constant   
   3  A0           3.55027e-01     fixed    
   4  phi          4.12282e+00     fixed    
   5  R           -6.08295e+01   constant   
   6  A_CBO        3.71008e-04     fixed    
   7  w_CBO        2.32778e+00     fixed    
   8  phi_CBO      2.49927e+00   6.33102e-01   6.33102e-01  -1.72966e+00
   9  ANx2         2.24467e-04   constant   
  10  pNx2         2.31915e+00   constant   
  11  ANy1         0.00000e+00   constant   
  12  pNy1         0.00000e+00   constant   
  13  w_y          0.00000e+00   constant   
  14  ANy2        -1.19514e-04     fixed    
  15  pNy2         4.64502e+00   constant   
  16  w_vw         1.43138e+01   constant   
  17  LM          -1.76320e-04   constant   
  18  wCBO_expCoeff   2.00136e+02   9.95769e-02  -9.97259e-05   1.70008e-03
  19  wCBO_expOffset   2.00026e+02   1.48048e-02  -1.48939e-05   4.75260e-02
  20  wCBO_expT    2.99833e+01   1.38080e-02   1.12302e-05   8.17096e-02
  21  wCBO_linCoeff   0.00000e+00   constant   
  22  wCBO_const  -4.04238e-03   1.32387e-03   2.95018e-07   5.43426e-02
 MIGRAD MINIMIZATION HAS CONVERGED.
 MIGRAD WILL VERIFY CONVERGENCE AND ERROR MATRIX.
 FCN=368.329 FROM MIGRAD    STATUS=CONVERGED     119 CALLS         802 TOTAL
                     EDM=2.81863e-06    STRATEGY= 1      ERR MATRIX NOT POS-DEF
  EXT PARAMETER                APPROXIMATE        STEP         FIRST   
  NO.   NAME      VALUE            ERROR          SIZE      DERIVATIVE 
   1  N0           3.41527e+06     fixed    
   2  tau          6.43976e+01   constant   
   3  A0           3.55027e-01     fixed    
   4  phi          4.12282e+00     fixed    
   5  R           -6.08295e+01   constant   
   6  A_CBO        3.71008e-04     fixed    
   7  w_CBO        2.32778e+00     fixed    
   8  phi_CBO      3.61339e+00   1.07009e+00   8.86584e-03   1.72633e-03
   9  ANx2         2.24467e-04   constant   
  10  pNx2         2.31915e+00   constant   
  11  ANy1         0.00000e+00   constant   
  12  pNy1         0.00000e+00   constant   
  13  w_y          0.00000e+00   constant   
  14  ANy2        -1.19514e-04     fixed    
  15  pNy2         4.64502e+00   constant   
  16  w_vw         1.43138e+01   constant   
  17  LM          -1.76320e-04   constant   
  18  wCBO_expCoeff   2.00118e+02   2.41537e-01   1.95343e-04  -4.80517e-02
  19  wCBO_expOffset   2.00023e+02   3.81913e-02   9.53784e-05  -3.18517e-01
  20  wCBO_expT    2.99853e+01   8.82469e-03   1.42981e-05  -1.18671e+00
  21  wCBO_linCoeff   0.00000e+00   constant   
  22  wCBO_const  -3.97013e-03   1.18120e-03   5.62502e-06  -3.24291e+00
 EXTERNAL ERROR MATRIX.    NDIM=  25    NPAR=  5    ERR DEF=1
  1.145e+00 -2.114e-03 -1.439e-03  8.645e-04  1.418e-04 
 -2.114e-03  5.834e-02 -6.871e-03 -6.051e-04  3.082e-05 
 -1.439e-03 -6.871e-03  1.459e-03 -1.397e-04  6.867e-06 
  8.645e-04 -6.051e-04 -1.397e-04  7.788e-05 -5.254e-06 
  1.418e-04  3.082e-05  6.867e-06 -5.254e-06  1.395e-06 
ERR MATRIX NOT POS-DEF
 PARAMETER  CORRELATION COEFFICIENTS  
       NO.  GLOBAL      8     18     19     20     22
        8  0.47424   1.000 -0.008 -0.035  0.092  0.112
       18  0.99631  -0.008  1.000 -0.745 -0.284  0.108
       19  0.99669  -0.035 -0.745  1.000 -0.415  0.152
       20  0.99422   0.092 -0.284 -0.415  1.000 -0.504
       22  0.86252   0.112  0.108  0.152 -0.504  1.000
 ERR MATRIX NOT POS-DEF
MINUIT - FIT ONLY 1-y
 **********
 **   60 **RES 
 **********
                   PARAMETER   14  ANy2 RESTORED TO VARIABLE.
                   PARAMETER    7  w_CBO RESTORED TO VARIABLE.
                   PARAMETER    6  A_CBO RESTORED TO VARIABLE.
                   PARAMETER    4  phi RESTORED TO VARIABLE.
                   PARAMETER    3  A0 RESTORED TO VARIABLE.
                   PARAMETER    1  N0 RESTORED TO VARIABLE.
 **********
 **   61 **FIX            0
 **********
 PARAMETER    0  IS UNDEFINED. IGNORED.
 **********
 **   62 **FIX            1
 **********
 **********
 **   63 **FIX            2
 **********
 PARAMETER    2  IS CONSTANT.   IGNORED.
 **********
 **   64 **FIX            3
 **********
 **********
 **   65 **FIX            4
 **********
 **********
 **   66 **FIX            5
 **********
 PARAMETER    5  IS CONSTANT.   IGNORED.
 **********
 **   67 **FIX            6
 **********
 **********
 **   68 **FIX            7
 **********
 **********
 **   69 **FIX            8
 **********
 **********
 **   70 **FIX            9
 **********
 PARAMETER    9  IS CONSTANT.   IGNORED.
 **********
 **   71 **FIX           13
 **********
 PARAMETER   13  IS CONSTANT.   IGNORED.
 **********
 **   72 **FIX           14
 **********
 **********
 **   73 **FIX           15
 **********
 PARAMETER   15  IS CONSTANT.   IGNORED.
 **********
 **   74 **FIX           16
 **********
 PARAMETER   16  IS CONSTANT.   IGNORED.
 **********
 **   75 **MIGRAD
 **********
 START MIGRAD MINIMIZATION.  STRATEGY  1.  CONVERGENCE WHEN EDM .LT. 1.00e-04
 FCN=368.329 FROM MIGRAD    STATUS=INITIATE        8 CALLS         810 TOTAL
                     EDM= unknown      STRATEGY= 1      NO ERROR MATRIX       
  EXT PARAMETER               CURRENT GUESS       STEP         FIRST   
  NO.   NAME      VALUE            ERROR          SIZE      DERIVATIVE 
   1  N0           3.41527e+06     fixed    
   2  tau          6.43976e+01   constant   
   3  A0           3.55027e-01     fixed    
   4  phi          4.12282e+00     fixed    
   5  R           -6.08295e+01   constant   
   6  A_CBO        3.71008e-04     fixed    
   7  w_CBO        2.32778e+00     fixed    
   8  phi_CBO      3.61339e+00     fixed    
   9  ANx2         2.24467e-04   constant   
  10  pNx2         2.31915e+00   constant   
  11  ANy1         0.00000e+00   constant   
  12  pNy1         0.00000e+00   constant   
  13  w_y          0.00000e+00   constant   
  14  ANy2        -1.19514e-04     fixed    
  15  pNy2         4.64502e+00   constant   
  16  w_vw         1.43138e+01   constant   
  17  LM          -1.76320e-04   constant   
  18  wCBO_expCoeff   2.00118e+02   2.41537e-01   1.95343e-04  -4.79345e-02
  19  wCBO_expOffset   2.00023e+02   3.81913e-02   9.53784e-05  -3.11851e-01
  20  wCBO_expT    2.99853e+01   8.82469e-03   1.42981e-05  -1.18037e+00
  21  wCBO_linCoeff   0.00000e+00   constant   
  22  wCBO_const  -3.97013e-03   1.18120e-03   5.62502e-06  -3.24247e+00
 MIGRAD MINIMIZATION HAS CONVERGED.
 MIGRAD WILL VERIFY CONVERGENCE AND ERROR MATRIX.
 FCN=368.329 FROM MIGRAD    STATUS=CONVERGED      41 CALLS         843 TOTAL
                     EDM=1.28272e-06    STRATEGY= 1      ERR MATRIX NOT POS-DEF
  EXT PARAMETER                APPROXIMATE        STEP         FIRST   
  NO.   NAME      VALUE            ERROR          SIZE      DERIVATIVE 
   1  N0           3.41527e+06     fixed    
   2  tau          6.43976e+01   constant   
   3  A0           3.55027e-01     fixed    
   4  phi          4.12282e+00     fixed    
   5  R           -6.08295e+01   constant   
   6  A_CBO        3.71008e-04     fixed    
   7  w_CBO        2.32778e+00     fixed    
   8  phi_CBO      3.61339e+00     fixed    
   9  ANx2         2.24467e-04   constant   
  10  pNx2         2.31915e+00   constant   
  11  ANy1         0.00000e+00   constant   
  12  pNy1         0.00000e+00   constant   
  13  w_y          0.00000e+00   constant   
  14  ANy2        -1.19514e-04     fixed    
  15  pNy2         4.64502e+00   constant   
  16  w_vw         1.43138e+01   constant   
  17  LM          -1.76320e-04   constant   
  18  wCBO_expCoeff   2.00118e+02   2.49228e-01   1.95106e-04   1.96003e-02
  19  wCBO_expOffset   2.00023e+02   3.94481e-02   9.53784e-05   1.32967e-01
  20  wCBO_expT    2.99853e+01   8.93756e-03   1.42981e-05   3.13524e-01
  21  wCBO_linCoeff   0.00000e+00   constant   
  22  wCBO_const  -3.96995e-03   1.17902e-03   5.62453e-06  -9.86534e-01
 EXTERNAL ERROR MATRIX.    NDIM=  25    NPAR=  4    ERR DEF=1
  6.211e-02 -7.409e-03 -6.141e-04  3.192e-05 
 -7.409e-03  1.556e-03 -1.450e-04  7.435e-06 
 -6.141e-04 -1.450e-04  7.988e-05 -5.535e-06 
  3.192e-05  7.435e-06 -5.535e-06  1.390e-06 
ERR MATRIX NOT POS-DEF
 PARAMETER  CORRELATION COEFFICIENTS  
       NO.  GLOBAL     18     19     20     22
       18  0.99653   1.000 -0.754 -0.276  0.109
       19  0.99689  -0.754  1.000 -0.411  0.160
       20  0.99436  -0.276 -0.411  1.000 -0.525
       22  0.86193   0.109  0.160 -0.525  1.000
 ERR MATRIX NOT POS-DEF
MINUIT - FIT ONLY 2-y
 **********
 **   76 **RES 
 **********
                   PARAMETER   14  ANy2 RESTORED TO VARIABLE.
                   PARAMETER    8  phi_CBO RESTORED TO VARIABLE.
                   PARAMETER    7  w_CBO RESTORED TO VARIABLE.
                   PARAMETER    6  A_CBO RESTORED TO VARIABLE.
                   PARAMETER    4  phi RESTORED TO VARIABLE.
                   PARAMETER    3  A0 RESTORED TO VARIABLE.
                   PARAMETER    1  N0 RESTORED TO VARIABLE.
 **********
 **   77 **FIX            0
 **********
 PARAMETER    0  IS UNDEFINED. IGNORED.
 **********
 **   78 **FIX            1
 **********
 **********
 **   79 **FIX            2
 **********
 PARAMETER    2  IS CONSTANT.   IGNORED.
 **********
 **   80 **FIX            3
 **********
 **********
 **   81 **FIX            4
 **********
 **********
 **   82 **FIX            5
 **********
 PARAMETER    5  IS CONSTANT.   IGNORED.
 **********
 **   83 **FIX            6
 **********
 **********
 **   84 **FIX            7
 **********
 **********
 **   85 **FIX            8
 **********
 **********
 **   86 **FIX            9
 **********
 PARAMETER    9  IS CONSTANT.   IGNORED.
 **********
 **   87 **FIX           10
 **********
 PARAMETER   10  IS CONSTANT.   IGNORED.
 **********
 **   88 **FIX           11
 **********
 PARAMETER   11  IS CONSTANT.   IGNORED.
 **********
 **   89 **FIX           12
 **********
 PARAMETER   12  IS CONSTANT.   IGNORED.
 **********
 **   90 **FIX           16
 **********
 PARAMETER   16  IS CONSTANT.   IGNORED.
 **********
 **   91 **MIGRAD
 **********
 START MIGRAD MINIMIZATION.  STRATEGY  1.  CONVERGENCE WHEN EDM .LT. 1.00e-04
 FCN=368.329 FROM MIGRAD    STATUS=INITIATE       10 CALLS         853 TOTAL
                     EDM= unknown      STRATEGY= 1      NO ERROR MATRIX       
  EXT PARAMETER               CURRENT GUESS       STEP         FIRST   
  NO.   NAME      VALUE            ERROR          SIZE      DERIVATIVE 
   1  N0           3.41527e+06     fixed    
   2  tau          6.43976e+01   constant   
   3  A0           3.55027e-01     fixed    
   4  phi          4.12282e+00     fixed    
   5  R           -6.08295e+01   constant   
   6  A_CBO        3.71008e-04     fixed    
   7  w_CBO        2.32778e+00     fixed    
   8  phi_CBO      3.61339e+00     fixed    
   9  ANx2         2.24467e-04   constant   
  10  pNx2         2.31915e+00   constant   
  11  ANy1         0.00000e+00   constant   
  12  pNy1         0.00000e+00   constant   
  13  w_y          0.00000e+00   constant   
  14  ANy2        -1.19514e-04   4.31167e-04   4.31167e-04   1.54290e+02
  15  pNy2         4.64502e+00   constant   
  16  w_vw         1.43138e+01   constant   
  17  LM          -1.76320e-04   constant   
  18  wCBO_expCoeff   2.00118e+02   2.49228e-01   1.95106e-04   1.97167e-02
  19  wCBO_expOffset   2.00023e+02   3.94481e-02   9.53784e-05   1.39585e-01
  20  wCBO_expT    2.99853e+01   8.93756e-03   1.42981e-05   3.19832e-01
  21  wCBO_linCoeff   0.00000e+00   constant   
  22  wCBO_const  -3.96995e-03   1.17902e-03   5.62453e-06  -9.86121e-01
 MIGRAD MINIMIZATION HAS CONVERGED.
 MIGRAD WILL VERIFY CONVERGENCE AND ERROR MATRIX.
 FCN=368.328 FROM MIGRAD    STATUS=CONVERGED      52 CALLS         895 TOTAL
                     EDM=6.58782e-07    STRATEGY= 1      ERR MATRIX NOT POS-DEF
  EXT PARAMETER                APPROXIMATE        STEP         FIRST   
  NO.   NAME      VALUE            ERROR          SIZE      DERIVATIVE 
   1  N0           3.41527e+06     fixed    
   2  tau          6.43976e+01   constant   
   3  A0           3.55027e-01     fixed    
   4  phi          4.12282e+00     fixed    
   5  R           -6.08295e+01   constant   
   6  A_CBO        3.71008e-04     fixed    
   7  w_CBO        2.32778e+00     fixed    
   8  phi_CBO      3.61339e+00     fixed    
   9  ANx2         2.24467e-04   constant   
  10  pNx2         2.31915e+00   constant   
  11  ANy1         0.00000e+00   constant   
  12  pNy1         0.00000e+00   constant   
  13  w_y          0.00000e+00   constant   
  14  ANy2        -1.33646e-04   4.26904e-04   4.01624e-06  -1.52147e-02
  15  pNy2         4.64502e+00   constant   
  16  w_vw         1.43138e+01   constant   
  17  LM          -1.76320e-04   constant   
  18  wCBO_expCoeff   2.00118e+02   2.49034e-01   1.95099e-04  -3.18603e-02
  19  wCBO_expOffset   2.00023e+02   3.94561e-02   9.53784e-05  -2.10434e-01
  20  wCBO_expT    2.99853e+01   8.93304e-03   1.42981e-05  -6.58161e-01
  21  wCBO_linCoeff   0.00000e+00   constant   
  22  wCBO_const  -3.96977e-03   1.17884e-03   5.62446e-06  -1.53510e+00
 EXTERNAL ERROR MATRIX.    NDIM=  25    NPAR=  5    ERR DEF=1
  1.822e-07 -5.013e-07 -7.973e-08  4.445e-08  5.251e-10 
 -5.013e-07  6.202e-02 -7.406e-03 -6.102e-04  3.170e-05 
 -7.973e-08 -7.406e-03  1.557e-03 -1.453e-04  7.454e-06 
  4.445e-08 -6.102e-04 -1.453e-04  7.980e-05 -5.530e-06 
  5.251e-10  3.170e-05  7.454e-06 -5.530e-06  1.390e-06 
ERR MATRIX NOT POS-DEF
 PARAMETER  CORRELATION COEFFICIENTS  
       NO.  GLOBAL     14     18     19     20     22
       14  0.01559   1.000 -0.005 -0.005  0.012  0.001
       18  0.99653  -0.005  1.000 -0.754 -0.274  0.108
       19  0.99690  -0.005 -0.754  1.000 -0.412  0.160
       20  0.99436   0.012 -0.274 -0.412  1.000 -0.525
       22  0.86191   0.001  0.108  0.160 -0.525  1.000
 ERR MATRIX NOT POS-DEF
MINUIT - FIT ALTOGETHER
 **********
 **   92 **RES 
 **********
                   PARAMETER    8  phi_CBO RESTORED TO VARIABLE.
                   PARAMETER    7  w_CBO RESTORED TO VARIABLE.
                   PARAMETER    6  A_CBO RESTORED TO VARIABLE.
                   PARAMETER    4  phi RESTORED TO VARIABLE.
                   PARAMETER    3  A0 RESTORED TO VARIABLE.
                   PARAMETER    1  N0 RESTORED TO VARIABLE.
 **********
 **   93 **MIGRAD
 **********
 START MIGRAD MINIMIZATION.  STRATEGY  1.  CONVERGENCE WHEN EDM .LT. 1.00e-04
 FCN=368.328 FROM MIGRAD    STATUS=INITIATE       22 CALLS         917 TOTAL
                     EDM= unknown      STRATEGY= 1      NO ERROR MATRIX       
  EXT PARAMETER               CURRENT GUESS       STEP         FIRST   
  NO.   NAME      VALUE            ERROR          SIZE      DERIVATIVE 
   1  N0           3.41527e+06   1.03788e+03   1.03788e+03  -8.47164e-04
   2  tau          6.43976e+01   constant   
   3  A0           3.55027e-01   4.06689e-04   4.06689e-04   9.93106e+02
   4  phi          4.12282e+00   1.19567e-03   1.19567e-03  -2.59552e+02
   5  R           -6.08295e+01   constant   
   6  A_CBO        3.71008e-04   5.18722e-04   5.18722e-04  -2.10966e+03
   7  w_CBO        2.32778e+00   9.29236e-04   9.29236e-04  -3.37974e+00
   8  phi_CBO      3.61339e+00   1.07009e+00   1.07009e+00  -1.31919e-03
   9  ANx2         2.24467e-04   constant   
  10  pNx2         2.31915e+00   constant   
  11  ANy1         0.00000e+00   constant   
  12  pNy1         0.00000e+00   constant   
  13  w_y          0.00000e+00   constant   
  14  ANy2        -1.33646e-04   4.26904e-04   4.01624e-06  -1.52145e-02
  15  pNy2         4.64502e+00   constant   
  16  w_vw         1.43138e+01   constant   
  17  LM          -1.76320e-04   constant   
  18  wCBO_expCoeff   2.00118e+02   2.49034e-01   1.95099e-04  -3.17418e-02
  19  wCBO_expOffset   2.00023e+02   3.94561e-02   9.53784e-05  -2.03694e-01
  20  wCBO_expT    2.99853e+01   8.93304e-03   1.42981e-05  -6.51774e-01
  21  wCBO_linCoeff   0.00000e+00   constant   
  22  wCBO_const  -3.96977e-03   1.17884e-03   5.62446e-06  -1.53467e+00
 MIGRAD MINIMIZATION HAS CONVERGED.
 FCN=367.868 FROM MIGRAD    STATUS=CONVERGED     191 CALLS        1086 TOTAL
                     EDM=2.36884e-07    STRATEGY= 1  ERROR MATRIX UNCERTAINTY   1.9 per cent
  EXT PARAMETER                                   STEP         FIRST   
  NO.   NAME      VALUE            ERROR          SIZE      DERIVATIVE 
   1  N0           3.41572e+06   1.03470e+03   3.87752e+00  -1.92194e-07
   2  tau          6.43976e+01   constant   
   3  A0           3.54946e-01   4.08284e-04   2.29903e-08  -8.16166e-01
   4  phi          4.12302e+00   1.18858e-03  -6.71237e-06   7.54876e-02
