 + ++++++++++++++++++++++++++++++++++++++++++++++++++++++++++++++++++++ +
 +                                                                      +
 +           You have chose to blind your fitting according to          +
 +                omega_ref * (1 + (R +/- deltaR) *10^{-6})             +
 +                                                                      +
 + ++++++++++++++++++++++++++++++++++++++++++++++++++++++++++++++++++++ +
In main()...
reading format from /gm2data/zkhechad/run45/envelope/formats/formatB_sBin_constraintOn.txt
pBinTau 	= 0  
pBinPhi 	= 0  
constraintau 	= 1 
includeMopTerm 	= 0    
constrainMop    = 0   
Parameters after format file: pBinTau 0 pBinPhi 0 constraintau 1 includeMopTerm 0 constrainMop 0 c_e_scale 0.000000 
reading cbo reference file (full fit) from /gm2data/zkhechad/cboTemplates/Run4CBOTemplates/fullFits/run4/sBin_constraintOn_cE0.0_seed0_run4_calo19.root
A_CBO 0.009558 w_CBO 2.327254 phi_CBO 0.902980 N0 3088607.252134 R -60.257448 tau 64.400175 
Reading cboRef file /gm2data/zkhechad/cboTemplates/Run4CBOTemplates//cboIsolate/run4_calo19.root
deltaT 164.120000
windowBins = 1100
fitting sliding window 2220 from bin 2423 at 361.511600 to bin 3523 at 525.631600 (1100 bins)

Reading data from /gm2data/cornell/histograms/aMethod/histogram_a_run4.root
fitting cbo isolate
 **********
 **    1 **SET PRINTOUT            1
 **********
 **********
 **    2 **SET NOWARNINGS 
 **********
 PARAMETER DEFINITIONS:
    NO.   NAME         VALUE      STEP SIZE      LIMITS
     1 A_CBO        9.55751e-03  1.00000e-05     no limits
     2 w_CBO        2.32725e+00  1.00000e-02    2.00000e+00  3.00000e+00
     3 phi_CBO      9.02980e-01  1.00000e-02    0.00000e+00  6.28319e+00
 **********
 **    3 **MIGRAD
 **********
 FIRST CALL TO USER FUNCTION AT NEW START POINT, WITH IFLAG=4.
 START MIGRAD MINIMIZATION.  STRATEGY  1.  CONVERGENCE WHEN EDM .LT. 1.00e-04
 FCN=0.198177 FROM MIGRAD    STATUS=INITIATE       12 CALLS          13 TOTAL
                     EDM= unknown      STRATEGY= 1      NO ERROR MATRIX       
  EXT PARAMETER               CURRENT GUESS       STEP         FIRST   
  NO.   NAME      VALUE            ERROR          SIZE      DERIVATIVE 
   1  A_CBO        9.55751e-03   1.00000e-05   1.00000e-05   6.78456e+00
   2  w_CBO        2.32725e+00   1.00000e-02   2.13147e-02   1.70881e+00
   3  phi_CBO      9.02980e-01   1.00000e-02   4.53699e-03  -1.76646e-02
 MIGRAD MINIMIZATION HAS CONVERGED.
 MIGRAD WILL VERIFY CONVERGENCE AND ERROR MATRIX.
 COVARIANCE MATRIX CALCULATED SUCCESSFULLY
 FCN=0.176916 FROM HESSE     STATUS=OK             16 CALLS          56 TOTAL
                     EDM=5.29758e-05    STRATEGY= 1      ERROR MATRIX ACCURATE 
  EXT PARAMETER                                   STEP         FIRST   
  NO.   NAME      VALUE            ERROR          SIZE      DERIVATIVE 
   1  A_CBO        3.47056e-03   4.33187e-02   2.26072e-05  -1.17773e-04
   2  w_CBO        2.32700e+00   3.17305e-01   3.26568e-05   3.39198e-02
   3  phi_CBO      1.00209e+00   5.77992e+00   2.89247e-03  -1.60332e-04
 MIGRAD MINIMIZATION HAS CONVERGED.
 MIGRAD WILL VERIFY CONVERGENCE AND ERROR MATRIX.
 COVARIANCE MATRIX CALCULATED SUCCESSFULLY
 FCN=0.176892 FROM MIGRAD    STATUS=CONVERGED      95 CALLS          96 TOTAL
                     EDM=8.74254e-06    STRATEGY= 1      ERROR MATRIX ACCURATE 
  EXT PARAMETER                                   STEP         FIRST   
  NO.   NAME      VALUE            ERROR          SIZE      DERIVATIVE 
   1  A_CBO        3.48043e-03   4.27800e-02   2.26065e-05   3.69175e-03
   2  w_CBO        2.32613e+00   2.00404e-01   3.14403e-05  -3.64546e-02
   3  phi_CBO      6.44220e-01   5.92483e+00   3.14733e-03   4.10908e-04
 EXTERNAL ERROR MATRIX.    NDIM=  25    NPAR=  3    ERR DEF=1
  1.830e-03 -5.915e-04 -2.658e-01 
 -5.915e-04  4.288e-02  1.860e+01 
 -2.658e-01  1.860e+01  8.217e+03 
 PARAMETER  CORRELATION COEFFICIENTS  
       NO.  GLOBAL      1      2      3
        1  0.06907   1.000 -0.067 -0.069
        2  0.99093  -0.067  1.000  0.991
        3  0.99094  -0.069  0.991  1.000
setting A_CBO=0.003480 w_CBO=2.326129, phi_CBO=0.644220
done fitting cbo isolate
 **********
 **    1 **SET PRINTOUT            1
 **********
 **********
 **    2 **SET NOWARNINGS 
 **********
 PARAMETER DEFINITIONS:
    NO.   NAME         VALUE      STEP SIZE      LIMITS
     1 N0           3.08861e+06  1.00000e+02     no limits
     2 tau          6.44002e+01  constant
     3 A0           3.48093e-01  1.00000e-04     no limits
     4 phi          4.13197e+00  1.00000e-02     no limits
     5 R           -6.02574e+01  constant
     6 A_CBO        3.48043e-03  1.00000e-05     no limits
     7 w_CBO        2.32613e+00  1.00000e-03     no limits
     8 phi_CBO      6.44220e-01  1.00000e-04     no limits
     9 ANx2         2.45054e-04  constant
    10 pNx2         5.52114e+00  constant
    11 ANy1         0.00000e+00  constant
    12 pNy1         0.00000e+00  constant
    13 w_y          0.00000e+00  constant
    14 ANy2         1.46670e-02  1.00000e-04     no limits
    15 pNy2         3.05066e+00  constant
    16 w_vw         1.43134e+01  constant
    17 LM          -3.45580e-05  constant
    18 wCBO_expCoeff   2.00000e+02  1.00000e+00     no limits
    19 wCBO_expOffset   2.00000e+02  1.00000e+00     no limits
    20 wCBO_expT    3.00000e+01  1.00000e+00     no limits
    21 wCBO_linCoeff   0.00000e+00  constant
    22 wCBO_const   0.00000e+00  1.00000e-02     no limits
MINUIT - FIT ONLY WIGGLE
 **********
 **    3 **FIX            5
 **********
 PARAMETER    5  IS CONSTANT.   IGNORED.
 **********
 **    4 **FIX            6
 **********
 **********
 **    5 **FIX            7
 **********
 **********
 **    6 **FIX            8
 **********
 **********
 **    7 **FIX            9
 **********
 PARAMETER    9  IS CONSTANT.   IGNORED.
 **********
 **    8 **FIX           10
 **********
 PARAMETER   10  IS CONSTANT.   IGNORED.
 **********
 **    9 **FIX           11
 **********
 PARAMETER   11  IS CONSTANT.   IGNORED.
 **********
 **   10 **FIX           12
 **********
 PARAMETER   12  IS CONSTANT.   IGNORED.
 **********
 **   11 **FIX           13
 **********
 PARAMETER   13  IS CONSTANT.   IGNORED.
 **********
 **   12 **FIX           14
 **********
 **********
 **   13 **FIX           15
 **********
 PARAMETER   15  IS CONSTANT.   IGNORED.
 **********
 **   14 **FIX           16
 **********
 PARAMETER   16  IS CONSTANT.   IGNORED.
 **********
 **   15 **MIGRAD
 **********
 FIRST CALL TO USER FUNCTION AT NEW START POINT, WITH IFLAG=4.
 START MIGRAD MINIMIZATION.  STRATEGY  1.  CONVERGENCE WHEN EDM .LT. 1.00e-04
 FCN=670.786 FROM MIGRAD    STATUS=INITIATE       59 CALLS          60 TOTAL
                     EDM= unknown      STRATEGY= 1      NO ERROR MATRIX       
  EXT PARAMETER               CURRENT GUESS       STEP         FIRST   
  NO.   NAME      VALUE            ERROR          SIZE      DERIVATIVE 
   1  N0           3.08861e+06   1.00000e+02   0.00000e+00   2.66934e-04
   2  tau          6.44002e+01   constant   
   3  A0           3.48093e-01   1.00000e-04   0.00000e+00   1.23448e+03
   4  phi          4.13197e+00   1.00000e-02   0.00000e+00  -1.44412e+02
   5  R           -6.02574e+01   constant   
   6  A_CBO        3.48043e-03     fixed    
   7  w_CBO        2.32613e+00     fixed    
   8  phi_CBO      6.44220e-01     fixed    
   9  ANx2         2.45054e-04   constant   
  10  pNx2         5.52114e+00   constant   
  11  ANy1         0.00000e+00   constant   
  12  pNy1         0.00000e+00   constant   
  13  w_y          0.00000e+00   constant   
  14  ANy2         1.46670e-02     fixed    
  15  pNy2         3.05066e+00   constant   
  16  w_vw         1.43134e+01   constant   
  17  LM          -3.45580e-05   constant   
  18  wCBO_expCoeff   1.99220e+02   1.00000e+00  -7.79621e-01   1.84814e+00
  19  wCBO_expOffset   2.00000e+02   1.00000e+00   0.00000e+00   1.22729e+01
  20  wCBO_expT    3.00000e+01   1.00000e+00   0.00000e+00   3.79870e+01
  21  wCBO_linCoeff   0.00000e+00   constant   
  22  wCBO_const   0.00000e+00   1.00000e-02   0.00000e+00  -5.44969e+03
 MIGRAD MINIMIZATION HAS CONVERGED.
 FCN=666.559 FROM MIGRAD    STATUS=CONVERGED     199 CALLS         200 TOTAL
                     EDM=7.76895e-06    STRATEGY= 1  ERROR MATRIX UNCERTAINTY   1.0 per cent
  EXT PARAMETER                                   STEP         FIRST   
  NO.   NAME      VALUE            ERROR          SIZE      DERIVATIVE 
   1  N0           3.08786e+06   1.71744e+03   8.80723e+00   7.42169e-07
   2  tau          6.44002e+01   constant   
   3  A0           3.48000e-01   7.47737e-04   4.41545e-06   6.32600e-01
   4  phi          4.13213e+00   2.24195e-03   1.75009e-05   3.40742e-01
   5  R           -6.02574e+01   constant   
   6  A_CBO        3.48043e-03     fixed    
   7  w_CBO        2.32613e+00     fixed    
   8  phi_CBO      6.44220e-01     fixed    
   9  ANx2         2.45054e-04   constant   
  10  pNx2         5.52114e+00   constant   
  11  ANy1         0.00000e+00   constant   
  12  pNy1         0.00000e+00   constant   
  13  w_y          0.00000e+00   constant   
  14  ANy2         1.46670e-02     fixed    
  15  pNy2         3.05066e+00   constant   
  16  w_vw         1.43134e+01   constant   
  17  LM          -3.45580e-05   constant   
  18  wCBO_expCoeff   1.99710e+02   2.78898e+00   3.56236e-02  -4.55038e-03
  19  wCBO_expOffset   2.00074e+02   4.19618e-01   5.36247e-03  -3.03275e-02
  20  wCBO_expT    2.99601e+01   1.56305e-01  -2.03778e-03  -1.17882e-01
  21  wCBO_linCoeff   0.00000e+00   constant   
  22  wCBO_const   1.46476e-03   1.25890e-03   2.68319e-05   2.13457e+00
 EXTERNAL ERROR MATRIX.    NDIM=  25    NPAR=  7    ERR DEF=1
  2.950e+06  2.956e-02 -4.917e-02  5.209e+01  7.841e+00 -2.285e+00 -5.446e-02 
  2.956e-02  5.591e-07 -2.156e-08  1.644e-05  2.470e-06 -1.247e-06  4.036e-08 
 -4.917e-02 -2.156e-08  5.026e-06 -1.013e-03 -1.524e-04  5.763e-05 -4.762e-07 
  5.209e+01  1.644e-05 -1.013e-03  7.778e+00  1.163e+00 -4.348e-01  2.957e-03 
  7.841e+00  2.470e-06 -1.524e-04  1.163e+00  1.761e-01 -6.541e-02  4.449e-04 
 -2.285e+00 -1.247e-06  5.763e-05 -4.348e-01 -6.541e-02  2.443e-02 -1.696e-04 
 -5.446e-02  4.036e-08 -4.762e-07  2.957e-03  4.449e-04 -1.696e-04  1.585e-06 
 PARAMETER  CORRELATION COEFFICIENTS  
       NO.  GLOBAL      1      3      4     18     19     20     22
        1  0.07202   1.000  0.023 -0.013  0.011  0.011 -0.009 -0.025
        3  0.07458   0.023  1.000 -0.013  0.008  0.008 -0.011  0.043
        4  0.17369  -0.013 -0.013  1.000 -0.162 -0.162  0.164 -0.169
       18  0.99856   0.011  0.008 -0.162  1.000  0.994 -0.997  0.842
       19  0.99856   0.011  0.008 -0.162  0.994  1.000 -0.997  0.842
       20  0.99958  -0.009 -0.011  0.164 -0.997 -0.997  1.000 -0.862
       22  0.94224  -0.025  0.043 -0.169  0.842  0.842 -0.862  1.000
MINUIT - FIT ONLY 1-CBO + other amplitudes 
 **********
 **   16 **RES 
 **********
                   PARAMETER   14  ANy2 RESTORED TO VARIABLE.
                   PARAMETER    8  phi_CBO RESTORED TO VARIABLE.
                   PARAMETER    7  w_CBO RESTORED TO VARIABLE.
                   PARAMETER    6  A_CBO RESTORED TO VARIABLE.
 **********
 **   17 **FIX            0
 **********
 PARAMETER    0  IS UNDEFINED. IGNORED.
 **********
 **   18 **FIX            1
 **********
 **********
 **   19 **FIX            2
 **********
 PARAMETER    2  IS CONSTANT.   IGNORED.
 **********
 **   20 **FIX            3
 **********
 **********
 **   21 **FIX            4
 **********
 **********
 **   22 **FIX            9
 **********
 PARAMETER    9  IS CONSTANT.   IGNORED.
 **********
 **   23 **FIX           11
 **********
 PARAMETER   11  IS CONSTANT.   IGNORED.
 **********
 **   24 **FIX           12
 **********
 PARAMETER   12  IS CONSTANT.   IGNORED.
 **********
 **   25 **FIX           14
 **********
 **********
 **   26 **FIX           15
 **********
 PARAMETER   15  IS CONSTANT.   IGNORED.
 **********
 **   27 **FIX           16
 **********
 PARAMETER   16  IS CONSTANT.   IGNORED.
 **********
 **   28 **MIGRAD
 **********
 START MIGRAD MINIMIZATION.  STRATEGY  1.  CONVERGENCE WHEN EDM .LT. 1.00e-04
 FCN=666.559 FROM MIGRAD    STATUS=INITIATE       20 CALLS         220 TOTAL
                     EDM= unknown      STRATEGY= 1      NO ERROR MATRIX       
  EXT PARAMETER               CURRENT GUESS       STEP         FIRST   
  NO.   NAME      VALUE            ERROR          SIZE      DERIVATIVE 
   1  N0           3.08786e+06     fixed    
   2  tau          6.44002e+01   constant   
   3  A0           3.48000e-01     fixed    
   4  phi          4.13213e+00     fixed    
   5  R           -6.02574e+01   constant   
   6  A_CBO        3.48043e-03   1.00000e-05   1.00000e-05   6.86428e+03
   7  w_CBO        2.32613e+00   1.00000e-03   1.00000e-03   5.34919e-01
   8  phi_CBO      6.44220e-01   1.00000e-04   1.00000e-04   9.42737e-01
   9  ANx2         2.45054e-04   constant   
  10  pNx2         5.52114e+00   constant   
  11  ANy1         0.00000e+00   constant   
  12  pNy1         0.00000e+00   constant   
  13  w_y          0.00000e+00   constant   
  14  ANy2         1.46670e-02     fixed    
  15  pNy2         3.05066e+00   constant   
  16  w_vw         1.43134e+01   constant   
  17  LM          -3.45580e-05   constant   
  18  wCBO_expCoeff   1.99710e+02   2.78898e+00   3.56236e-02  -4.55187e-03
  19  wCBO_expOffset   2.00074e+02   4.19618e-01   5.36247e-03  -3.03370e-02
  20  wCBO_expT    2.99601e+01   1.56305e-01  -2.03778e-03  -1.17924e-01
  21  wCBO_linCoeff   0.00000e+00   constant   
  22  wCBO_const   1.46476e-03   1.25890e-03   2.68319e-05   2.13420e+00
 MIGRAD MINIMIZATION HAS CONVERGED.
 MIGRAD WILL VERIFY CONVERGENCE AND ERROR MATRIX.
 COVARIANCE MATRIX CALCULATED SUCCESSFULLY
 FCN=657.348 FROM MIGRAD    STATUS=CONVERGED     480 CALLS         680 TOTAL
                     EDM=4.09014e-06    STRATEGY= 1      ERROR MATRIX ACCURATE 
  EXT PARAMETER                                   STEP         FIRST   
  NO.   NAME      VALUE            ERROR          SIZE      DERIVATIVE 
   1  N0           3.08786e+06     fixed    
   2  tau          6.44002e+01   constant   
   3  A0           3.48000e-01     fixed    
   4  phi          4.13213e+00     fixed    
   5  R           -6.02574e+01   constant   
   6  A_CBO        1.48096e-03   7.93357e-04   9.89797e-06  -1.11645e+00
   7  w_CBO        2.33410e+00   2.24020e-02   1.00397e-05  -3.25862e+00
   8  phi_CBO     -6.47461e-01   9.49088e-01   6.65407e-03   3.48400e-03
   9  ANx2         2.45054e-04   constant   
  10  pNx2         5.52114e+00   constant   
  11  ANy1         0.00000e+00   constant   
  12  pNy1         0.00000e+00   constant   
  13  w_y          0.00000e+00   constant   
  14  ANy2         1.46670e-02     fixed    
  15  pNy2         3.05066e+00   constant   
  16  w_vw         1.43134e+01   constant   
  17  LM          -3.45580e-05   constant   
  18  wCBO_expCoeff   2.06494e+02   2.56809e+00   2.87566e-03  -1.08908e-02
  19  wCBO_expOffset   2.01093e+02   3.67815e-01   4.11841e-04  -7.60679e-02
  20  wCBO_expT    2.95642e+01   6.71102e-02   6.94490e-05  -4.59802e-01
  21  wCBO_linCoeff   0.00000e+00   constant   
  22  wCBO_const   5.05036e-04   9.55472e-03   5.92175e-06  -5.35456e+00
 EXTERNAL ERROR MATRIX.    NDIM=  25    NPAR=  7    ERR DEF=1
  6.294e-07  3.398e-07 -1.107e-05  5.332e-05  7.634e-06 -3.060e-06 -1.580e-07 
  3.398e-07  5.019e-04  7.937e-05 -1.491e-02 -2.142e-03 -3.752e-04 -2.124e-04 
 -1.107e-05  7.937e-05  9.008e-01  4.980e-02  7.150e-03 -4.163e-04  4.722e-04 
  5.332e-05 -1.491e-02  4.980e-02  6.595e+00 -3.777e-01 -6.809e-02  6.917e-03 
  7.634e-06 -2.142e-03  7.150e-03 -3.777e-01  1.353e-01 -9.751e-03  9.932e-04 
 -3.060e-06 -3.752e-04 -4.163e-04 -6.809e-02 -9.751e-03  4.504e-03  1.197e-04 
 -1.580e-07 -2.124e-04  4.722e-04  6.917e-03  9.932e-04  1.197e-04  9.129e-05 
 PARAMETER  CORRELATION COEFFICIENTS  
       NO.  GLOBAL      6      7      8     18     19     20     22
        6  0.09103   1.000  0.019 -0.015  0.026  0.026 -0.057 -0.021
        7  0.99936   0.019  1.000  0.004 -0.259 -0.260 -0.250 -0.992
        8  0.82978  -0.015  0.004  1.000  0.020  0.020 -0.007  0.052
       18  0.99596   0.026 -0.259  0.020  1.000 -0.400 -0.395  0.282
       19  0.99596   0.026 -0.260  0.020 -0.400  1.000 -0.395  0.283
       20  0.99656  -0.057 -0.250 -0.007 -0.395 -0.395  1.000  0.187
       22  0.99878  -0.021 -0.992  0.052  0.282  0.283  0.187  1.000
MINUIT - FIT ONLY 1-CBO
 **********
 **   29 **RES 
 **********
                   PARAMETER   14  ANy2 RESTORED TO VARIABLE.
                   PARAMETER    4  phi RESTORED TO VARIABLE.
                   PARAMETER    3  A0 RESTORED TO VARIABLE.
                   PARAMETER    1  N0 RESTORED TO VARIABLE.
 **********
 **   30 **FIX            0
 **********
 PARAMETER    0  IS UNDEFINED. IGNORED.
 **********
 **   31 **FIX            1
 **********
 **********
 **   32 **FIX            2
 **********
 PARAMETER    2  IS CONSTANT.   IGNORED.
 **********
 **   33 **FIX            3
 **********
 **********
 **   34 **FIX            4
 **********
 **********
 **   35 **FIX            8
 **********
 **********
 **   36 **FIX            9
 **********
 PARAMETER    9  IS CONSTANT.   IGNORED.
 **********
 **   37 **FIX           11
 **********
 PARAMETER   11  IS CONSTANT.   IGNORED.
 **********
 **   38 **FIX           12
 **********
 PARAMETER   12  IS CONSTANT.   IGNORED.
 **********
 **   39 **FIX           13
 **********
 PARAMETER   13  IS CONSTANT.   IGNORED.
 **********
 **   40 **FIX           15
 **********
 PARAMETER   15  IS CONSTANT.   IGNORED.
 **********
 **   41 **FIX           16
 **********
 PARAMETER   16  IS CONSTANT.   IGNORED.
 **********
 **   42 **MIGRAD
 **********
 START MIGRAD MINIMIZATION.  STRATEGY  1.  CONVERGENCE WHEN EDM .LT. 1.00e-04
 FCN=657.348 FROM MIGRAD    STATUS=INITIATE       16 CALLS         696 TOTAL
                     EDM= unknown      STRATEGY= 1      NO ERROR MATRIX       
  EXT PARAMETER               CURRENT GUESS       STEP         FIRST   
  NO.   NAME      VALUE            ERROR          SIZE      DERIVATIVE 
   1  N0           3.08786e+06     fixed    
   2  tau          6.44002e+01   constant   
   3  A0           3.48000e-01     fixed    
   4  phi          4.13213e+00     fixed    
   5  R           -6.02574e+01   constant   
   6  A_CBO        1.48096e-03   7.93357e-04   9.89797e-06  -1.11645e+00
   7  w_CBO        2.33410e+00   2.24020e-02   1.00397e-05  -3.26448e+00
   8  phi_CBO     -6.47461e-01     fixed    
   9  ANx2         2.45054e-04   constant   
  10  pNx2         5.52114e+00   constant   
  11  ANy1         0.00000e+00   constant   
  12  pNy1         0.00000e+00   constant   
  13  w_y          0.00000e+00   constant   
  14  ANy2         1.46670e-02   1.00000e-04   1.00000e-04   4.66181e+04
  15  pNy2         3.05066e+00   constant   
  16  w_vw         1.43134e+01   constant   
  17  LM          -3.45580e-05   constant   
  18  wCBO_expCoeff   2.06494e+02   2.56809e+00   2.87566e-03  -1.09912e-02
  19  wCBO_expOffset   2.01093e+02   3.67815e-01   4.11841e-04  -7.67636e-02
  20  wCBO_expT    2.95642e+01   6.71102e-02   6.94490e-05  -4.62975e-01
  21  wCBO_linCoeff   0.00000e+00   constant   
  22  wCBO_const   5.05036e-04   9.55472e-03   5.92175e-06  -5.35291e+00
 MIGRAD MINIMIZATION HAS CONVERGED.
 MIGRAD WILL VERIFY CONVERGENCE AND ERROR MATRIX.
 FCN=318.786 FROM MIGRAD    STATUS=CONVERGED     229 CALLS         909 TOTAL
                     EDM=4.72063e-06    STRATEGY= 1      ERR MATRIX NOT POS-DEF
  EXT PARAMETER                APPROXIMATE        STEP         FIRST   
  NO.   NAME      VALUE            ERROR          SIZE      DERIVATIVE 
   1  N0           3.08786e+06     fixed    
   2  tau          6.44002e+01   constant   
   3  A0           3.48000e-01     fixed    
   4  phi          4.13213e+00     fixed    
   5  R           -6.02574e+01   constant   
   6  A_CBO        1.02568e-03   7.85224e-04   6.81455e-06  -1.36037e+00
   7  w_CBO        2.33541e+00   1.11583e-02   8.94876e-06  -2.03111e+00
   8  phi_CBO     -6.47461e-01     fixed    
   9  ANx2         2.45054e-04   constant   
  10  pNx2         5.52114e+00   constant   
  11  ANy1         0.00000e+00   constant   
  12  pNy1         0.00000e+00   constant   
  13  w_y          0.00000e+00   constant   
  14  ANy2         1.31393e-04   7.87208e-04   6.87638e-06   1.39773e+00
  15  pNy2         3.05066e+00   constant   
  16  w_vw         1.43134e+01   constant   
  17  LM          -3.45580e-05   constant   
  18  wCBO_expCoeff   2.07638e+02   3.36565e+00   2.50860e-03  -3.64576e-03
  19  wCBO_expOffset   2.01256e+02   4.78128e-01   3.56222e-04  -2.56683e-02
  20  wCBO_expT    2.94914e+01   7.87661e-02   6.17421e-05  -1.68388e-01
  21  wCBO_linCoeff   0.00000e+00   constant   
  22  wCBO_const   5.78689e-04   4.77158e-03   5.16284e-06  -3.98421e+00
 EXTERNAL ERROR MATRIX.    NDIM=  25    NPAR=  7    ERR DEF=1
  6.166e-07  1.087e-07  7.736e-09  4.856e-05  6.903e-06 -2.918e-06  3.905e-08 
  1.087e-07  1.245e-04 -1.384e-08 -3.517e-03 -5.015e-04 -1.115e-04 -5.191e-05 
  7.736e-09 -1.384e-08  6.197e-07 -1.422e-05 -2.020e-06  1.160e-06  4.123e-11 
  4.856e-05 -3.517e-03 -1.422e-05  1.133e+01 -9.528e-01 -1.118e-01  2.216e-03 
  6.903e-06 -5.015e-04 -2.020e-06 -9.528e-01  2.286e-01 -1.589e-02  3.156e-04 
 -2.918e-06 -1.115e-04  1.160e-06 -1.118e-01 -1.589e-02  6.204e-03 -5.022e-07 
  3.905e-08 -5.191e-05  4.123e-11  2.216e-03  3.156e-04 -5.022e-07  2.277e-05 
ERR MATRIX NOT POS-DEF
 PARAMETER  CORRELATION COEFFICIENTS  
       NO.  GLOBAL      6      7     14     18     19     20     22
        6  0.13397   1.000  0.012  0.013  0.018  0.018 -0.047  0.010
        7  0.99580   0.012  1.000 -0.002 -0.094 -0.094 -0.127 -0.975
       14  0.06964   0.013 -0.002  1.000 -0.005 -0.005  0.019  0.000
       18  0.99638   0.018 -0.094 -0.005  1.000 -0.592 -0.422  0.138
       19  0.99638   0.018 -0.094 -0.005 -0.592  1.000 -0.422  0.138
       20  0.99599  -0.047 -0.127  0.019 -0.422 -0.422  1.000 -0.001
       22  0.99235   0.010 -0.975  0.000  0.138  0.138 -0.001  1.000
 ERR MATRIX NOT POS-DEF
MINUIT - FIT ONLY 2-CBO
 **********
 **   43 **RES 
 **********
                   PARAMETER    8  phi_CBO RESTORED TO VARIABLE.
                   PARAMETER    4  phi RESTORED TO VARIABLE.
                   PARAMETER    3  A0 RESTORED TO VARIABLE.
                   PARAMETER    1  N0 RESTORED TO VARIABLE.
 **********
 **   44 **FIX            0
 **********
 PARAMETER    0  IS UNDEFINED. IGNORED.
 **********
 **   45 **FIX            1
 **********
 **********
 **   46 **FIX            2
 **********
 PARAMETER    2  IS CONSTANT.   IGNORED.
 **********
 **   47 **FIX            3
 **********
 **********
 **   48 **FIX            4
 **********
 **********
 **   49 **FIX            5
 **********
 PARAMETER    5  IS CONSTANT.   IGNORED.
 **********
 **   50 **FIX            6
 **********
 **********
 **   51 **FIX            7
 **********
 **********
 **   52 **FIX           10
 **********
 PARAMETER   10  IS CONSTANT.   IGNORED.
 **********
 **   53 **FIX           11
 **********
 PARAMETER   11  IS CONSTANT.   IGNORED.
 **********
 **   54 **FIX           12
 **********
 PARAMETER   12  IS CONSTANT.   IGNORED.
 **********
 **   55 **FIX           13
 **********
 PARAMETER   13  IS CONSTANT.   IGNORED.
 **********
 **   56 **FIX           14
 **********
 **********
 **   57 **FIX           15
 **********
 PARAMETER   15  IS CONSTANT.   IGNORED.
 **********
 **   58 **FIX           16
 **********
 PARAMETER   16  IS CONSTANT.   IGNORED.
 **********
 **   59 **MIGRAD
 **********
 START MIGRAD MINIMIZATION.  STRATEGY  1.  CONVERGENCE WHEN EDM .LT. 1.00e-04
 FCN=318.786 FROM MIGRAD    STATUS=INITIATE       12 CALLS         921 TOTAL
                     EDM= unknown      STRATEGY= 1      NO ERROR MATRIX       
  EXT PARAMETER               CURRENT GUESS       STEP         FIRST   
  NO.   NAME      VALUE            ERROR          SIZE      DERIVATIVE 
   1  N0           3.08786e+06     fixed    
   2  tau          6.44002e+01   constant   
   3  A0           3.48000e-01     fixed    
   4  phi          4.13213e+00     fixed    
   5  R           -6.02574e+01   constant   
   6  A_CBO        1.02568e-03     fixed    
   7  w_CBO        2.33541e+00     fixed    
   8  phi_CBO     -6.47461e-01   9.49088e-01   9.49088e-01   3.09651e-01
   9  ANx2         2.45054e-04   constant   
  10  pNx2         5.52114e+00   constant   
  11  ANy1         0.00000e+00   constant   
  12  pNy1         0.00000e+00   constant   
  13  w_y          0.00000e+00   constant   
  14  ANy2         1.31393e-04     fixed    
  15  pNy2         3.05066e+00   constant   
  16  w_vw         1.43134e+01   constant   
  17  LM          -3.45580e-05   constant   
  18  wCBO_expCoeff   2.07638e+02   3.36565e+00   2.50860e-03  -3.63437e-03
  19  wCBO_expOffset   2.01256e+02   4.78128e-01   3.56222e-04  -2.55856e-02
  20  wCBO_expT    2.94914e+01   7.87661e-02   6.17421e-05  -1.67926e-01
  21  wCBO_linCoeff   0.00000e+00   constant   
  22  wCBO_const   5.78689e-04   4.77158e-03   5.16284e-06  -3.98422e+00
 MIGRAD MINIMIZATION HAS CONVERGED.
 MIGRAD WILL VERIFY CONVERGENCE AND ERROR MATRIX.
 FCN=318.737 FROM MIGRAD    STATUS=CONVERGED     130 CALLS        1039 TOTAL
                     EDM=4.3648e-08    STRATEGY= 1      ERR MATRIX NOT POS-DEF
  EXT PARAMETER                APPROXIMATE        STEP         FIRST   
  NO.   NAME      VALUE            ERROR          SIZE      DERIVATIVE 
   1  N0           3.08786e+06     fixed    
   2  tau          6.44002e+01   constant   
   3  A0           3.48000e-01     fixed    
   4  phi          4.13213e+00     fixed    
   5  R           -6.02574e+01   constant   
   6  A_CBO        1.02568e-03     fixed    
   7  w_CBO        2.33541e+00     fixed    
   8  phi_CBO     -9.55914e-01   1.18096e+00   6.61919e-03   2.83701e-04
   9  ANx2         2.45054e-04   constant   
  10  pNx2         5.52114e+00   constant   
  11  ANy1         0.00000e+00   constant   
  12  pNy1         0.00000e+00   constant   
  13  w_y          0.00000e+00   constant   
  14  ANy2         1.31393e-04     fixed    
  15  pNy2         3.05066e+00   constant   
  16  w_vw         1.43134e+01   constant   
  17  LM          -3.45580e-05   constant   
  18  wCBO_expCoeff   2.08135e+02   3.56840e+00   2.47696e-03  -5.52775e-04
  19  wCBO_expOffset   2.01327e+02   5.05266e-01   3.50665e-04  -3.90450e-03
  20  wCBO_expT    2.94658e+01   8.45794e-02   6.10086e-05  -2.29966e-02
  21  wCBO_linCoeff   0.00000e+00   constant   
  22  wCBO_const   5.51869e-04   1.21007e-03   5.08194e-06  -1.57011e-01
 EXTERNAL ERROR MATRIX.    NDIM=  25    NPAR=  5    ERR DEF=1
  1.395e+00 -5.343e-01 -7.571e-02  2.565e-02  7.464e-04 
 -5.343e-01  1.273e+01 -1.057e+00 -1.361e-01  5.227e-04 
 -7.571e-02 -1.057e+00  2.553e-01 -1.929e-02  7.402e-05 
  2.565e-02 -1.361e-01 -1.929e-02  7.154e-03 -3.556e-05 
  7.464e-04  5.227e-04  7.402e-05 -3.556e-05  1.464e-06 
ERR MATRIX NOT POS-DEF
 PARAMETER  CORRELATION COEFFICIENTS  
       NO.  GLOBAL      8     18     19     20     22
        8  0.76815   1.000 -0.127 -0.127  0.257  0.522
       18  0.99685  -0.127  1.000 -0.586 -0.451  0.121
       19  0.99685  -0.127 -0.586  1.000 -0.451  0.121
       20  0.99660   0.257 -0.451 -0.451  1.000 -0.347
       22  0.87739   0.522  0.121  0.121 -0.347  1.000
 ERR MATRIX NOT POS-DEF
MINUIT - FIT ONLY 1-y
 **********
 **   60 **RES 
 **********
                   PARAMETER   14  ANy2 RESTORED TO VARIABLE.
                   PARAMETER    7  w_CBO RESTORED TO VARIABLE.
                   PARAMETER    6  A_CBO RESTORED TO VARIABLE.
                   PARAMETER    4  phi RESTORED TO VARIABLE.
                   PARAMETER    3  A0 RESTORED TO VARIABLE.
                   PARAMETER    1  N0 RESTORED TO VARIABLE.
 **********
 **   61 **FIX            0
 **********
 PARAMETER    0  IS UNDEFINED. IGNORED.
 **********
 **   62 **FIX            1
 **********
 **********
 **   63 **FIX            2
 **********
 PARAMETER    2  IS CONSTANT.   IGNORED.
 **********
 **   64 **FIX            3
 **********
 **********
 **   65 **FIX            4
 **********
 **********
 **   66 **FIX            5
 **********
 PARAMETER    5  IS CONSTANT.   IGNORED.
 **********
 **   67 **FIX            6
 **********
 **********
 **   68 **FIX            7
 **********
 **********
 **   69 **FIX            8
 **********
 **********
 **   70 **FIX            9
 **********
 PARAMETER    9  IS CONSTANT.   IGNORED.
 **********
 **   71 **FIX           13
 **********
 PARAMETER   13  IS CONSTANT.   IGNORED.
 **********
 **   72 **FIX           14
 **********
 **********
 **   73 **FIX           15
 **********
 PARAMETER   15  IS CONSTANT.   IGNORED.
 **********
 **   74 **FIX           16
 **********
 PARAMETER   16  IS CONSTANT.   IGNORED.
 **********
 **   75 **MIGRAD
 **********
 START MIGRAD MINIMIZATION.  STRATEGY  1.  CONVERGENCE WHEN EDM .LT. 1.00e-04
 FCN=318.737 FROM MIGRAD    STATUS=INITIATE        8 CALLS        1047 TOTAL
                     EDM= unknown      STRATEGY= 1      NO ERROR MATRIX       
  EXT PARAMETER               CURRENT GUESS       STEP         FIRST   
  NO.   NAME      VALUE            ERROR          SIZE      DERIVATIVE 
   1  N0           3.08786e+06     fixed    
   2  tau          6.44002e+01   constant   
   3  A0           3.48000e-01     fixed    
   4  phi          4.13213e+00     fixed    
   5  R           -6.02574e+01   constant   
   6  A_CBO        1.02568e-03     fixed    
   7  w_CBO        2.33541e+00     fixed    
   8  phi_CBO     -9.55914e-01     fixed    
   9  ANx2         2.45054e-04   constant   
  10  pNx2         5.52114e+00   constant   
  11  ANy1         0.00000e+00   constant   
  12  pNy1         0.00000e+00   constant   
  13  w_y          0.00000e+00   constant   
  14  ANy2         1.31393e-04     fixed    
  15  pNy2         3.05066e+00   constant   
  16  w_vw         1.43134e+01   constant   
  17  LM          -3.45580e-05   constant   
  18  wCBO_expCoeff   2.08135e+02   3.56840e+00   2.47696e-03  -5.37012e-04
  19  wCBO_expOffset   2.01327e+02   5.05266e-01   3.50665e-04  -3.79067e-03
  20  wCBO_expT    2.94658e+01   8.45794e-02   6.10086e-05  -2.22991e-02
  21  wCBO_linCoeff   0.00000e+00   constant   
  22  wCBO_const   5.51869e-04   1.21007e-03   5.08194e-06  -1.53465e-01
 MIGRAD MINIMIZATION HAS CONVERGED.
 MIGRAD WILL VERIFY CONVERGENCE AND ERROR MATRIX.
 FCN=318.737 FROM MIGRAD    STATUS=CONVERGED      49 CALLS        1088 TOTAL
                     EDM=4.21117e-09    STRATEGY= 1      ERR MATRIX NOT POS-DEF
  EXT PARAMETER                APPROXIMATE        STEP         FIRST   
  NO.   NAME      VALUE            ERROR          SIZE      DERIVATIVE 
   1  N0           3.08786e+06     fixed    
   2  tau          6.44002e+01   constant   
   3  A0           3.48000e-01     fixed    
   4  phi          4.13213e+00     fixed    
   5  R           -6.02574e+01   constant   
   6  A_CBO        1.02568e-03     fixed    
   7  w_CBO        2.33541e+00     fixed    
   8  phi_CBO     -9.55914e-01     fixed    
   9  ANx2         2.45054e-04   constant   
  10  pNx2         5.52114e+00   constant   
  11  ANy1         0.00000e+00   constant   
  12  pNy1         0.00000e+00   constant   
  13  w_y          0.00000e+00   constant   
  14  ANy2         1.31393e-04     fixed    
  15  pNy2         3.05066e+00   constant   
  16  w_vw         1.43134e+01   constant   
  17  LM          -3.45580e-05   constant   
  18  wCBO_expCoeff   2.08135e+02   3.70613e+00   2.47773e-03  -2.54367e-05
  19  wCBO_expOffset   2.01327e+02   5.24763e-01   3.50773e-04  -1.79633e-04
  20  wCBO_expT    2.94658e+01   8.48586e-02   6.10266e-05  -1.46046e-03
  21  wCBO_linCoeff   0.00000e+00   constant   
  22  wCBO_const   5.51876e-04   1.04503e-03   5.08293e-06   5.29702e-02
 EXTERNAL ERROR MATRIX.    NDIM=  25    NPAR=  4    ERR DEF=1
  1.374e+01 -1.203e+00 -1.362e-01  8.791e-04 
 -1.203e+00  2.754e-01 -1.929e-02  1.245e-04 
 -1.362e-01 -1.929e-02  7.201e-03 -5.301e-05 
  8.791e-04  1.245e-04 -5.301e-05  1.092e-06 
ERR MATRIX NOT POS-DEF
 PARAMETER  CORRELATION COEFFICIENTS  
       NO.  GLOBAL     18     19     20     22
       18  0.99708   1.000 -0.619 -0.433  0.227
       19  0.99708  -0.619  1.000 -0.433  0.227
       20  0.99662  -0.433 -0.433  1.000 -0.598
       22  0.83141   0.227  0.227 -0.598  1.000
 ERR MATRIX NOT POS-DEF
MINUIT - FIT ONLY 2-y
 **********
 **   76 **RES 
 **********
                   PARAMETER   14  ANy2 RESTORED TO VARIABLE.
                   PARAMETER    8  phi_CBO RESTORED TO VARIABLE.
                   PARAMETER    7  w_CBO RESTORED TO VARIABLE.
                   PARAMETER    6  A_CBO RESTORED TO VARIABLE.
                   PARAMETER    4  phi RESTORED TO VARIABLE.
                   PARAMETER    3  A0 RESTORED TO VARIABLE.
                   PARAMETER    1  N0 RESTORED TO VARIABLE.
 **********
 **   77 **FIX            0
 **********
 PARAMETER    0  IS UNDEFINED. IGNORED.
 **********
 **   78 **FIX            1
 **********
 **********
 **   79 **FIX            2
 **********
 PARAMETER    2  IS CONSTANT.   IGNORED.
 **********
 **   80 **FIX            3
 **********
 **********
 **   81 **FIX            4
 **********
 **********
 **   82 **FIX            5
 **********
 PARAMETER    5  IS CONSTANT.   IGNORED.
 **********
 **   83 **FIX            6
 **********
 **********
 **   84 **FIX            7
 **********
 **********
 **   85 **FIX            8
 **********
 **********
 **   86 **FIX            9
 **********
 PARAMETER    9  IS CONSTANT.   IGNORED.
 **********
 **   87 **FIX           10
 **********
 PARAMETER   10  IS CONSTANT.   IGNORED.
 **********
 **   88 **FIX           11
 **********
 PARAMETER   11  IS CONSTANT.   IGNORED.
 **********
 **   89 **FIX           12
 **********
 PARAMETER   12  IS CONSTANT.   IGNORED.
 **********
 **   90 **FIX           16
 **********
 PARAMETER   16  IS CONSTANT.   IGNORED.
 **********
 **   91 **MIGRAD
 **********
 START MIGRAD MINIMIZATION.  STRATEGY  1.  CONVERGENCE WHEN EDM .LT. 1.00e-04
 FCN=318.737 FROM MIGRAD    STATUS=INITIATE       10 CALLS        1098 TOTAL
                     EDM= unknown      STRATEGY= 1      NO ERROR MATRIX       
  EXT PARAMETER               CURRENT GUESS       STEP         FIRST   
  NO.   NAME      VALUE            ERROR          SIZE      DERIVATIVE 
   1  N0           3.08786e+06     fixed    
   2  tau          6.44002e+01   constant   
   3  A0           3.48000e-01     fixed    
   4  phi          4.13213e+00     fixed    
   5  R           -6.02574e+01   constant   
   6  A_CBO        1.02568e-03     fixed    
   7  w_CBO        2.33541e+00     fixed    
   8  phi_CBO     -9.55914e-01     fixed    
   9  ANx2         2.45054e-04   constant   
  10  pNx2         5.52114e+00   constant   
  11  ANy1         0.00000e+00   constant   
  12  pNy1         0.00000e+00   constant   
  13  w_y          0.00000e+00   constant   
  14  ANy2         1.31393e-04   7.87208e-04   7.87208e-04  -1.27097e+00
  15  pNy2         3.05066e+00   constant   
  16  w_vw         1.43134e+01   constant   
  17  LM          -3.45580e-05   constant   
  18  wCBO_expCoeff   2.08135e+02   3.70613e+00   2.47773e-03  -2.28365e-05
  19  wCBO_expOffset   2.01327e+02   5.24763e-01   3.50773e-04  -1.60894e-04
  20  wCBO_expT    2.94658e+01   8.48586e-02   6.10266e-05  -1.34546e-03
  21  wCBO_linCoeff   0.00000e+00   constant   
  22  wCBO_const   5.51876e-04   1.04503e-03   5.08293e-06   5.35520e-02
 MIGRAD MINIMIZATION HAS CONVERGED.
 MIGRAD WILL VERIFY CONVERGENCE AND ERROR MATRIX.
 FCN=318.737 FROM MIGRAD    STATUS=CONVERGED      60 CALLS        1148 TOTAL
                     EDM=6.75497e-09    STRATEGY= 1      ERR MATRIX NOT POS-DEF
  EXT PARAMETER                APPROXIMATE        STEP         FIRST   
  NO.   NAME      VALUE            ERROR          SIZE      DERIVATIVE 
   1  N0           3.08786e+06     fixed    
   2  tau          6.44002e+01   constant   
   3  A0           3.48000e-01     fixed    
   4  phi          4.13213e+00     fixed    
   5  R           -6.02574e+01   constant   
   6  A_CBO        1.02568e-03     fixed    
   7  w_CBO        2.33541e+00     fixed    
   8  phi_CBO     -9.55914e-01     fixed    
   9  ANx2         2.45054e-04   constant   
  10  pNx2         5.52114e+00   constant   
  11  ANy1         0.00000e+00   constant   
  12  pNy1         0.00000e+00   constant   
  13  w_y          0.00000e+00   constant   
  14  ANy2         1.31787e-04   7.86854e-04   6.87588e-06   5.75596e-05
  15  pNy2         3.05066e+00   constant   
  16  w_vw         1.43134e+01   constant   
  17  LM          -3.45580e-05   constant   
  18  wCBO_expCoeff   2.08135e+02   3.70411e+00   2.47769e-03  -2.23093e-04
  19  wCBO_expOffset   2.01327e+02   5.24479e-01   3.50768e-04  -1.57585e-03
  20  wCBO_expT    2.94658e+01   8.48348e-02   6.10257e-05  -9.86377e-03
  21  wCBO_linCoeff   0.00000e+00   constant   
  22  wCBO_const   5.51867e-04   1.04491e-03   5.08290e-06  -4.42347e-02
 EXTERNAL ERROR MATRIX.    NDIM=  25    NPAR=  5    ERR DEF=1
  6.191e-07 -1.718e-05 -2.432e-06  1.223e-06 -7.460e-09 
 -1.718e-05  1.372e+01 -1.202e+00 -1.361e-01  8.785e-04 
 -2.432e-06 -1.202e+00  2.751e-01 -1.928e-02  1.244e-04 
  1.223e-06 -1.361e-01 -1.928e-02  7.197e-03 -5.298e-05 
 -7.460e-09  8.785e-04  1.244e-04 -5.298e-05  1.092e-06 
ERR MATRIX NOT POS-DEF
 PARAMETER  CORRELATION COEFFICIENTS  
       NO.  GLOBAL     14     18     19     20     22
       14  0.05866   1.000 -0.006 -0.006  0.018 -0.009
       18  0.99708  -0.006  1.000 -0.619 -0.433  0.227
       19  0.99708  -0.006 -0.619  1.000 -0.433  0.227
       20  0.99662   0.018 -0.433 -0.433  1.000 -0.598
       22  0.83137  -0.009  0.227  0.227 -0.598  1.000
 ERR MATRIX NOT POS-DEF
MINUIT - FIT ALTOGETHER
 **********
 **   92 **RES 
 **********
                   PARAMETER    8  phi_CBO RESTORED TO VARIABLE.
                   PARAMETER    7  w_CBO RESTORED TO VARIABLE.
                   PARAMETER    6  A_CBO RESTORED TO VARIABLE.
                   PARAMETER    4  phi RESTORED TO VARIABLE.
                   PARAMETER    3  A0 RESTORED TO VARIABLE.
                   PARAMETER    1  N0 RESTORED TO VARIABLE.
 **********
 **   93 **MIGRAD
 **********
 START MIGRAD MINIMIZATION.  STRATEGY  1.  CONVERGENCE WHEN EDM .LT. 1.00e-04
 FCN=318.737 FROM MIGRAD    STATUS=INITIATE       22 CALLS        1170 TOTAL
                     EDM= unknown      STRATEGY= 1      NO ERROR MATRIX       
  EXT PARAMETER               CURRENT GUESS       STEP         FIRST   
  NO.   NAME      VALUE            ERROR          SIZE      DERIVATIVE 
   1  N0           3.08786e+06   1.71744e+03   1.71744e+03  -4.16135e-04
   2  tau          6.44002e+01   constant   
   3  A0           3.48000e-01   7.47737e-04   7.47737e-04   1.05085e+03
   4  phi          4.13213e+00   2.24195e-03   2.24195e-03  -9.92286e+01
   5  R           -6.02574e+01   constant   
   6  A_CBO        1.02568e-03   7.85224e-04   7.85224e-04  -7.07027e+01
   7  w_CBO        2.33541e+00   1.11583e-02   1.11583e-02  -3.55153e-02
   8  phi_CBO     -9.55914e-01   1.18096e+00   1.18096e+00   2.49495e-04
   9  ANx2         2.45054e-04   constant   
  10  pNx2         5.52114e+00   constant   
  11  ANy1         0.00000e+00   constant   
  12  pNy1         0.00000e+00   constant   
  13  w_y          0.00000e+00   constant   
  14  ANy2         1.31787e-04   7.86854e-04   6.87588e-06   5.76216e-05
  15  pNy2         3.05066e+00   constant   
  16  w_vw         1.43134e+01   constant   
  17  LM          -3.45580e-05   constant   
  18  wCBO_expCoeff   2.08135e+02   3.70411e+00   2.47769e-03  -2.20495e-04
  19  wCBO_expOffset   2.01327e+02   5.24479e-01   3.50768e-04  -1.55708e-03
