 + ++++++++++++++++++++++++++++++++++++++++++++++++++++++++++++++++++++ +
 +                                                                      +
 +           You have chose to blind your fitting according to          +
 +                omega_ref * (1 + (R +/- deltaR) *10^{-6})             +
 +                                                                      +
 + ++++++++++++++++++++++++++++++++++++++++++++++++++++++++++++++++++++ +
In main()...
reading format from /gm2data/zkhechad/run45/envelope/formats/formatB_sBin_constraintOn.txt
pBinTau 	= 0  
pBinPhi 	= 0  
constraintau 	= 1 
includeMopTerm 	= 0    
constrainMop    = 0   
Parameters after format file: pBinTau 0 pBinPhi 0 constraintau 1 includeMopTerm 0 constrainMop 0 c_e_scale 0.000000 
reading cbo reference file (full fit) from /gm2data/zkhechad/cboTemplates/Run4CBOTemplates/fullFits/run4/sBin_constraintOn_cE0.0_seed0_run4_calo8.root
A_CBO 0.011357 w_CBO 2.326581 phi_CBO 5.876624 N0 2844262.344614 R -61.301649 tau 64.404749 
Reading cboRef file /gm2data/zkhechad/cboTemplates/Run4CBOTemplates//cboIsolate/run4_calo8.root
deltaT 48.160840
windowBins = 320
fitting sliding window 860 from bin 1063 at 158.599600 to bin 1383 at 206.343600 (320 bins)

Reading data from /gm2data/cornell/histograms/aMethod/histogram_a_run4.root
fitting cbo isolate
 **********
 **    1 **SET PRINTOUT            1
 **********
 **********
 **    2 **SET NOWARNINGS 
 **********
 PARAMETER DEFINITIONS:
    NO.   NAME         VALUE      STEP SIZE      LIMITS
     1 A_CBO        1.13569e-02  1.00000e-05     no limits
     2 w_CBO        2.32658e+00  1.00000e-02    2.00000e+00  3.00000e+00
     3 phi_CBO      5.87662e+00  1.00000e-02    0.00000e+00  6.28319e+00
 **********
 **    3 **MIGRAD
 **********
 FIRST CALL TO USER FUNCTION AT NEW START POINT, WITH IFLAG=4.
 START MIGRAD MINIMIZATION.  STRATEGY  1.  CONVERGENCE WHEN EDM .LT. 1.00e-04
 FCN=0.0069323 FROM MIGRAD    STATUS=INITIATE       12 CALLS          13 TOTAL
                     EDM= unknown      STRATEGY= 1      NO ERROR MATRIX       
  EXT PARAMETER               CURRENT GUESS       STEP         FIRST   
  NO.   NAME      VALUE            ERROR          SIZE      DERIVATIVE 
   1  A_CBO        1.13569e-02   1.00000e-05   1.00000e-05   1.97785e+00
   2  w_CBO        2.32658e+00   1.00000e-02   2.13259e-02  -9.62969e-03
   3  phi_CBO      5.87662e+00   1.00000e-02   6.47001e-03   1.83989e-04
 MIGRAD MINIMIZATION HAS CONVERGED.
 MIGRAD WILL VERIFY CONVERGENCE AND ERROR MATRIX.
 COVARIANCE MATRIX CALCULATED SUCCESSFULLY
 FCN=0.000790921 FROM MIGRAD    STATUS=CONVERGED      41 CALLS          42 TOTAL
                     EDM=3.97645e-07    STRATEGY= 1      ERROR MATRIX ACCURATE 
  EXT PARAMETER                                   STEP         FIRST   
  NO.   NAME      VALUE            ERROR          SIZE      DERIVATIVE 
   1  A_CBO        5.14760e-03   7.94559e-02   3.87029e-05  -2.83305e-05
   2  w_CBO        2.32661e+00   6.36658e-01   8.74917e-05  -1.32605e-03
   3  phi_CBO      5.87029e+00   3.86108e+00   4.81424e-03   3.32458e-05
 EXTERNAL ERROR MATRIX.    NDIM=  25    NPAR=  3    ERR DEF=1
  6.313e-03 -4.701e-03 -8.528e-01 
 -4.701e-03  6.227e-01  1.131e+02 
 -8.528e-01  1.131e+02  2.078e+04 
 PARAMETER  CORRELATION COEFFICIENTS  
       NO.  GLOBAL      1      2      3
        1  0.07498   1.000 -0.075 -0.074
        2  0.99432  -0.075  1.000  0.994
        3  0.99432  -0.074  0.994  1.000
setting A_CBO=0.005148 w_CBO=2.326613, phi_CBO=5.870295
done fitting cbo isolate
 **********
 **    1 **SET PRINTOUT            1
 **********
 **********
 **    2 **SET NOWARNINGS 
 **********
 PARAMETER DEFINITIONS:
    NO.   NAME         VALUE      STEP SIZE      LIMITS
     1 N0           2.84426e+06  1.00000e+02     no limits
     2 tau          6.44047e+01  constant
     3 A0           3.52885e-01  1.00000e-04     no limits
     4 phi          4.11503e+00  1.00000e-02     no limits
     5 R           -6.13016e+01  constant
     6 A_CBO        5.14760e-03  1.00000e-05     no limits
     7 w_CBO        2.32661e+00  1.00000e-03     no limits
     8 phi_CBO      5.87029e+00  1.00000e-04     no limits
     9 ANx2         6.64823e-04  constant
    10 pNx2         9.66896e-01  constant
    11 ANy1         0.00000e+00  constant
    12 pNy1         0.00000e+00  constant
    13 w_y          0.00000e+00  constant
    14 ANy2         8.37111e-03  1.00000e-04     no limits
    15 pNy2         5.88808e+00  constant
    16 w_vw         1.43122e+01  constant
    17 LM           1.40011e-04  constant
    18 wCBO_expCoeff   2.00000e+02  1.00000e+00     no limits
    19 wCBO_expOffset   2.00000e+02  1.00000e+00     no limits
    20 wCBO_expT    3.00000e+01  1.00000e+00     no limits
    21 wCBO_linCoeff   0.00000e+00  constant
    22 wCBO_const   0.00000e+00  1.00000e-02     no limits
MINUIT - FIT ONLY WIGGLE
 **********
 **    3 **FIX            5
 **********
 PARAMETER    5  IS CONSTANT.   IGNORED.
 **********
 **    4 **FIX            6
 **********
 **********
 **    5 **FIX            7
 **********
 **********
 **    6 **FIX            8
 **********
 **********
 **    7 **FIX            9
 **********
 PARAMETER    9  IS CONSTANT.   IGNORED.
 **********
 **    8 **FIX           10
 **********
 PARAMETER   10  IS CONSTANT.   IGNORED.
 **********
 **    9 **FIX           11
 **********
 PARAMETER   11  IS CONSTANT.   IGNORED.
 **********
 **   10 **FIX           12
 **********
 PARAMETER   12  IS CONSTANT.   IGNORED.
 **********
 **   11 **FIX           13
 **********
 PARAMETER   13  IS CONSTANT.   IGNORED.
 **********
 **   12 **FIX           14
 **********
 **********
 **   13 **FIX           15
 **********
 PARAMETER   15  IS CONSTANT.   IGNORED.
 **********
 **   14 **FIX           16
 **********
 PARAMETER   16  IS CONSTANT.   IGNORED.
 **********
 **   15 **MIGRAD
 **********
 FIRST CALL TO USER FUNCTION AT NEW START POINT, WITH IFLAG=4.
 START MIGRAD MINIMIZATION.  STRATEGY  1.  CONVERGENCE WHEN EDM .LT. 1.00e-04
 FCN=2465.83 FROM MIGRAD    STATUS=INITIATE       34 CALLS          35 TOTAL
                     EDM= unknown      STRATEGY= 1      NO ERROR MATRIX       
  EXT PARAMETER               CURRENT GUESS       STEP         FIRST   
  NO.   NAME      VALUE            ERROR          SIZE      DERIVATIVE 
   1  N0           2.84426e+06   1.00000e+02   1.00000e+02  -6.58259e-04
   2  tau          6.44047e+01   constant   
   3  A0           3.52885e-01   1.00000e-04   1.00000e-04   2.15463e+03
   4  phi          4.11503e+00   1.00000e-02   1.00000e-02  -1.67341e+03
   5  R           -6.13016e+01   constant   
   6  A_CBO        5.14760e-03     fixed    
   7  w_CBO        2.32661e+00     fixed    
   8  phi_CBO      5.87029e+00     fixed    
   9  ANx2         6.64823e-04   constant   
  10  pNx2         9.66896e-01   constant   
  11  ANy1         0.00000e+00   constant   
  12  pNy1         0.00000e+00   constant   
  13  w_y          0.00000e+00   constant   
  14  ANy2         8.37111e-03     fixed    
  15  pNy2         5.88808e+00   constant   
  16  w_vw         1.43122e+01   constant   
  17  LM           1.40011e-04   constant   
  18  wCBO_expCoeff   2.00000e+02   1.00000e+00   1.00000e+00  -1.68000e+05
  19  wCBO_expOffset   2.00000e+02   1.00000e+00   1.00000e+00  -5.46316e+05
  20  wCBO_expT    3.00000e+01   1.00000e+00   1.00000e+00   2.66381e+05
  21  wCBO_linCoeff   0.00000e+00   constant   
  22  wCBO_const   0.00000e+00   1.00000e-02   1.00000e-02  -4.14319e+04
 CALL LIMIT EXCEEDED IN MIGRAD.
 MIGRAD TERMINATED WITHOUT CONVERGENCE.
 FCN=2411.85 FROM MIGRAD    STATUS=CALL LIMIT   1164 CALLS        1165 TOTAL
                     EDM=35.9551    STRATEGY= 1  ERROR MATRIX UNCERTAINTY   0.0 per cent
  EXT PARAMETER                APPROXIMATE        STEP         FIRST   
  NO.   NAME      VALUE            ERROR          SIZE      DERIVATIVE 
   1  N0           2.84347e+06   4.48393e+02  -7.11295e-01  -3.34641e-03
   2  tau          6.44047e+01   constant   
   3  A0           3.50827e-01   1.96283e-04  -1.29134e-06  -7.64891e+04
   4  phi          4.11741e+00   5.85652e-04   3.97191e-07   1.48311e+04
   5  R           -6.13016e+01   constant   
   6  A_CBO        5.14760e-03     fixed    
   7  w_CBO        2.32661e+00     fixed    
   8  phi_CBO      5.87029e+00     fixed    
   9  ANx2         6.64823e-04   constant   
  10  pNx2         9.66896e-01   constant   
  11  ANy1         0.00000e+00   constant   
  12  pNy1         0.00000e+00   constant   
  13  w_y          0.00000e+00   constant   
  14  ANy2         8.37111e-03     fixed    
  15  pNy2         5.88808e+00   constant   
  16  w_vw         1.43122e+01   constant   
  17  LM           1.40011e-04   constant   
  18  wCBO_expCoeff   2.00000e+02   1.54429e-04  -1.66343e-06   2.38184e+05
  19  wCBO_expOffset   2.00000e+02   5.90038e-05   6.81744e-07   1.37639e+06
  20  wCBO_expT    2.99998e+01   1.02630e-05  -5.81417e-08  -1.42249e+06
  21  wCBO_linCoeff   0.00000e+00   constant   
  22  wCBO_const  -3.97516e-03   6.93776e-04  -8.20029e-06   1.07147e+05
 EXTERNAL ERROR MATRIX.    NDIM=  25    NPAR=  7    ERR DEF=1
  2.011e+05  1.241e-03  5.461e-03  8.210e-03 -3.654e-03  2.825e-04  4.544e-02 
  1.241e-03  3.853e-08  2.298e-08  1.501e-08 -6.356e-09 -2.429e-10  8.136e-08 
  5.461e-03  2.298e-08  3.430e-07 -5.163e-09  1.866e-09  1.252e-09 -3.038e-08 
  8.210e-03  1.501e-08 -5.163e-09  2.385e-08 -8.101e-09  8.652e-10  8.980e-08 
 -3.654e-03 -6.356e-09  1.866e-09 -8.101e-09  3.481e-09 -1.674e-10 -4.023e-08 
  2.825e-04 -2.429e-10  1.252e-09  8.652e-10 -1.674e-10  1.053e-10  1.813e-09 
  4.544e-02  8.136e-08 -3.038e-08  8.980e-08 -4.023e-08  1.813e-09  4.813e-07 
ERR MATRIX APPROXIMATE
 PARAMETER  CORRELATION COEFFICIENTS  
       NO.  GLOBAL      1      3      4     18     19     20     22
        1  0.76266   1.000  0.014  0.021  0.119 -0.138  0.061  0.146
        3  0.99734   0.014  1.000  0.200  0.495 -0.549 -0.121  0.597
        4  0.99251   0.021  0.200  1.000 -0.057  0.054  0.208 -0.075
       18  0.99952   0.119  0.495 -0.057  1.000 -0.889  0.546  0.838
       19  0.99990  -0.138 -0.549  0.054 -0.889  1.000 -0.277 -0.983
       20  0.99791   0.061 -0.121  0.208  0.546 -0.277  1.000  0.255
       22  0.99983   0.146  0.597 -0.075  0.838 -0.983  0.255  1.000
 ERR MATRIX APPROXIMATE
MINUIT - FIT ONLY 1-CBO + other amplitudes 
 **********
 **   16 **RES 
 **********
                   PARAMETER   14  ANy2 RESTORED TO VARIABLE.
                   PARAMETER    8  phi_CBO RESTORED TO VARIABLE.
                   PARAMETER    7  w_CBO RESTORED TO VARIABLE.
                   PARAMETER    6  A_CBO RESTORED TO VARIABLE.
 **********
 **   17 **FIX            0
 **********
 PARAMETER    0  IS UNDEFINED. IGNORED.
 **********
 **   18 **FIX            1
 **********
 **********
 **   19 **FIX            2
 **********
 PARAMETER    2  IS CONSTANT.   IGNORED.
 **********
 **   20 **FIX            3
 **********
 **********
 **   21 **FIX            4
 **********
 **********
 **   22 **FIX            9
 **********
 PARAMETER    9  IS CONSTANT.   IGNORED.
 **********
 **   23 **FIX           11
 **********
 PARAMETER   11  IS CONSTANT.   IGNORED.
 **********
 **   24 **FIX           12
 **********
 PARAMETER   12  IS CONSTANT.   IGNORED.
 **********
 **   25 **FIX           14
 **********
 **********
 **   26 **FIX           15
 **********
 PARAMETER   15  IS CONSTANT.   IGNORED.
 **********
 **   27 **FIX           16
 **********
 PARAMETER   16  IS CONSTANT.   IGNORED.
 **********
 **   28 **MIGRAD
 **********
 START MIGRAD MINIMIZATION.  STRATEGY  1.  CONVERGENCE WHEN EDM .LT. 1.00e-04
 FCN=2411.85 FROM MIGRAD    STATUS=INITIATE       22 CALLS        1187 TOTAL
                     EDM= unknown      STRATEGY= 1      NO ERROR MATRIX       
  EXT PARAMETER               CURRENT GUESS       STEP         FIRST   
  NO.   NAME      VALUE            ERROR          SIZE      DERIVATIVE 
   1  N0           2.84347e+06     fixed    
   2  tau          6.44047e+01   constant   
   3  A0           3.50827e-01     fixed    
   4  phi          4.11741e+00     fixed    
   5  R           -6.13016e+01   constant   
   6  A_CBO        5.14760e-03   1.00000e-05   1.00000e-05   1.68931e+05
   7  w_CBO        2.32661e+00   1.00000e-03   1.00000e-03   2.05202e+07
   8  phi_CBO      5.87029e+00   1.00000e-04   1.00000e-04  -2.16925e+02
   9  ANx2         6.64823e-04   constant   
  10  pNx2         9.66896e-01   constant   
  11  ANy1         0.00000e+00   constant   
  12  pNy1         0.00000e+00   constant   
  13  w_y          0.00000e+00   constant   
  14  ANy2         8.37111e-03     fixed    
  15  pNy2         5.88808e+00   constant   
  16  w_vw         1.43122e+01   constant   
  17  LM           1.40011e-04   constant   
  18  wCBO_expCoeff   2.00000e+02   1.54429e-04  -1.66343e-06   2.38184e+05
  19  wCBO_expOffset   2.00000e+02   5.90038e-05   6.81744e-07   1.37639e+06
  20  wCBO_expT    2.99998e+01   1.02630e-05  -5.81417e-08  -1.42249e+06
  21  wCBO_linCoeff   0.00000e+00   constant   
  22  wCBO_const  -3.97516e-03   6.93776e-04  -8.20029e-06   1.07147e+05
 CALL LIMIT EXCEEDED IN MIGRAD.
 MIGRAD TERMINATED WITHOUT CONVERGENCE.
 FCN=2038.82 FROM MIGRAD    STATUS=CALL LIMIT   1166 CALLS        2331 TOTAL
                     EDM=0.23099    STRATEGY= 1  ERROR MATRIX UNCERTAINTY   0.0 per cent
  EXT PARAMETER                APPROXIMATE        STEP         FIRST   
  NO.   NAME      VALUE            ERROR          SIZE      DERIVATIVE 
   1  N0           2.84347e+06     fixed    
   2  tau          6.44047e+01   constant   
   3  A0           3.50827e-01     fixed    
   4  phi          4.11741e+00     fixed    
   5  R           -6.13016e+01   constant   
   6  A_CBO        1.11036e-03   2.36761e-04  -1.60703e-07  -1.38339e+03
   7  w_CBO        2.32660e+00   3.27360e-06   6.83355e-09   9.06865e+05
   8  phi_CBO      7.32588e+00   2.25583e-01  -1.32016e-04  -3.05622e+00
   9  ANx2         6.64823e-04   constant   
  10  pNx2         9.66896e-01   constant   
  11  ANy1         0.00000e+00   constant   
  12  pNy1         0.00000e+00   constant   
  13  w_y          0.00000e+00   constant   
  14  ANy2         8.37111e-03     fixed    
  15  pNy2         5.88808e+00   constant   
  16  w_vw         1.43122e+01   constant   
  17  LM           1.40011e-04   constant   
  18  wCBO_expCoeff   1.99999e+02   2.83023e-04   5.90900e-07   1.05224e+04
  19  wCBO_expOffset   2.00000e+02   7.54980e-05   1.60743e-07   5.54039e+04
  20  wCBO_expT    3.00001e+01   9.30198e-05   1.96885e-07  -7.21087e+04
  21  wCBO_linCoeff   0.00000e+00   constant   
  22  wCBO_const  -4.72690e-03   8.84281e-04  -1.78973e-06   5.48854e+03
 EXTERNAL ERROR MATRIX.    NDIM=  25    NPAR=  7    ERR DEF=1
  5.606e-08 -2.490e-10 -9.949e-07 -2.154e-08 -5.528e-09 -6.241e-09  8.306e-08 
 -2.490e-10  1.072e-11 -1.469e-07  8.757e-10  2.365e-10  2.901e-10 -2.736e-09 
 -9.949e-07 -1.469e-07  5.089e-02 -1.271e-05 -4.872e-06 -5.958e-06  5.854e-05 
 -2.154e-08  8.757e-10 -1.271e-05  8.010e-08  2.045e-08  2.508e-08 -2.366e-07 
 -5.528e-09  2.365e-10 -4.872e-06  2.045e-08  5.700e-09  6.885e-09 -6.277e-08 
 -6.241e-09  2.901e-10 -5.958e-06  2.508e-08  6.885e-09  8.653e-09 -7.302e-08 
  8.306e-08 -2.736e-09  5.854e-05 -2.366e-07 -6.277e-08 -7.302e-08  7.820e-07 
ERR MATRIX APPROXIMATE
 PARAMETER  CORRELATION COEFFICIENTS  
       NO.  GLOBAL      6      7      8     18     19     20     22
        6  0.98237   1.000 -0.321 -0.019 -0.321 -0.309 -0.283  0.397
        7  0.99980  -0.321  1.000 -0.199  0.945  0.957  0.953 -0.945
        8  0.99602  -0.019 -0.199  1.000 -0.199 -0.286 -0.284  0.293
       18  0.99980  -0.321  0.945 -0.199  1.000  0.957  0.953 -0.945
       19  0.99990  -0.309  0.957 -0.286  0.957  1.000  0.980 -0.940
       20  0.99995  -0.283  0.953 -0.284  0.953  0.980  1.000 -0.888
       22  0.99991   0.397 -0.945  0.293 -0.945 -0.940 -0.888  1.000
 ERR MATRIX APPROXIMATE
MINUIT - FIT ONLY 1-CBO
 **********
 **   29 **RES 
 **********
                   PARAMETER   14  ANy2 RESTORED TO VARIABLE.
                   PARAMETER    4  phi RESTORED TO VARIABLE.
                   PARAMETER    3  A0 RESTORED TO VARIABLE.
                   PARAMETER    1  N0 RESTORED TO VARIABLE.
 **********
 **   30 **FIX            0
 **********
 PARAMETER    0  IS UNDEFINED. IGNORED.
 **********
 **   31 **FIX            1
 **********
 **********
 **   32 **FIX            2
 **********
 PARAMETER    2  IS CONSTANT.   IGNORED.
 **********
 **   33 **FIX            3
 **********
 **********
 **   34 **FIX            4
 **********
 **********
 **   35 **FIX            8
 **********
 **********
 **   36 **FIX            9
 **********
 PARAMETER    9  IS CONSTANT.   IGNORED.
 **********
 **   37 **FIX           11
 **********
 PARAMETER   11  IS CONSTANT.   IGNORED.
 **********
 **   38 **FIX           12
 **********
 PARAMETER   12  IS CONSTANT.   IGNORED.
 **********
 **   39 **FIX           13
 **********
 PARAMETER   13  IS CONSTANT.   IGNORED.
 **********
 **   40 **FIX           15
 **********
 PARAMETER   15  IS CONSTANT.   IGNORED.
 **********
 **   41 **FIX           16
 **********
 PARAMETER   16  IS CONSTANT.   IGNORED.
 **********
 **   42 **MIGRAD
 **********
 START MIGRAD MINIMIZATION.  STRATEGY  1.  CONVERGENCE WHEN EDM .LT. 1.00e-04
 FCN=2038.82 FROM MIGRAD    STATUS=INITIATE       16 CALLS        2347 TOTAL
                     EDM= unknown      STRATEGY= 1      NO ERROR MATRIX       
  EXT PARAMETER               CURRENT GUESS       STEP         FIRST   
  NO.   NAME      VALUE            ERROR          SIZE      DERIVATIVE 
   1  N0           2.84347e+06     fixed    
   2  tau          6.44047e+01   constant   
   3  A0           3.50827e-01     fixed    
   4  phi          4.11741e+00     fixed    
   5  R           -6.13016e+01   constant   
   6  A_CBO        1.11036e-03   2.36761e-04  -1.60703e-07  -1.38339e+03
   7  w_CBO        2.32660e+00   3.27360e-06   6.83355e-09   9.06865e+05
   8  phi_CBO      7.32588e+00     fixed    
   9  ANx2         6.64823e-04   constant   
  10  pNx2         9.66896e-01   constant   
  11  ANy1         0.00000e+00   constant   
  12  pNy1         0.00000e+00   constant   
  13  w_y          0.00000e+00   constant   
  14  ANy2         8.37111e-03   1.00000e-04   1.00000e-04   3.21934e+05
  15  pNy2         5.88808e+00   constant   
  16  w_vw         1.43122e+01   constant   
  17  LM           1.40011e-04   constant   
  18  wCBO_expCoeff   1.99999e+02   2.83023e-04   5.90900e-07   1.05224e+04
  19  wCBO_expOffset   2.00000e+02   7.54980e-05   1.60743e-07   5.54039e+04
  20  wCBO_expT    3.00001e+01   9.30198e-05   1.96885e-07  -7.21087e+04
  21  wCBO_linCoeff   0.00000e+00   constant   
  22  wCBO_const  -4.72690e-03   8.84281e-04  -1.78973e-06   5.48854e+03
 MIGRAD FAILS TO FIND IMPROVEMENT
 FCN=753.457 FROM HESSE     STATUS=NOT POSDEF     58 CALLS        2651 TOTAL
                     EDM=0.0811239    STRATEGY= 1      ERR MATRIX NOT POS-DEF
  EXT PARAMETER                APPROXIMATE        STEP         FIRST   
  NO.   NAME      VALUE            ERROR          SIZE      DERIVATIVE 
   1  N0           2.84347e+06     fixed    
   2  tau          6.44047e+01   constant   
   3  A0           3.50827e-01     fixed    
   4  phi          4.11741e+00     fixed    
   5  R           -6.13016e+01   constant   
   6  A_CBO        7.30593e-04   2.35811e-04   2.93879e-06   1.37750e+03
   7  w_CBO        2.32660e+00   1.14247e-05   1.10941e-06   9.54306e+04
   8  phi_CBO      7.32588e+00     fixed    
   9  ANx2         6.64823e-04   constant   
  10  pNx2         9.66896e-01   constant   
  11  ANy1         0.00000e+00   constant   
  12  pNy1         0.00000e+00   constant   
  13  w_y          0.00000e+00   constant   
  14  ANy2         3.41329e-04   2.51499e-04   2.97761e-06  -4.81651e+02
  15  pNy2         5.88808e+00   constant   
  16  w_vw         1.43122e+01   constant   
  17  LM           1.40011e-04   constant   
  18  wCBO_expCoeff   1.99999e+02   9.85111e-04   9.53669e-05   1.10776e+03
  19  wCBO_expOffset   2.00000e+02   6.48333e-05   9.53675e-05   7.01462e+03
  20  wCBO_expT    3.00001e+01   1.90749e-04   1.43052e-05  -6.35839e+03
  21  wCBO_linCoeff   0.00000e+00   constant   
  22  wCBO_const  -3.49038e-03   1.91184e-03   5.45737e-06   4.80242e+02
 MIGRAD FAILS TO FIND IMPROVEMENT
 MIGRAD TERMINATED WITHOUT CONVERGENCE.
 FCN=753.421 FROM MIGRAD    STATUS=FAILED        363 CALLS        2694 TOTAL
                     EDM=0.121209    STRATEGY= 1      ERR MATRIX NOT POS-DEF
  EXT PARAMETER                APPROXIMATE        STEP         FIRST   
  NO.   NAME      VALUE            ERROR          SIZE      DERIVATIVE 
   1  N0           2.84347e+06     fixed    
   2  tau          6.44047e+01   constant   
   3  A0           3.50827e-01     fixed    
   4  phi          4.11741e+00     fixed    
   5  R           -6.13016e+01   constant   
   6  A_CBO        7.00106e-04   2.26325e-04  -0.00000e+00   3.30283e+01
   7  w_CBO        2.32660e+00   6.22487e-06   0.00000e+00  -2.60459e+03
   8  phi_CBO      7.32588e+00     fixed    
   9  ANx2         6.64823e-04   constant   
  10  pNx2         9.66896e-01   constant   
  11  ANy1         0.00000e+00   constant   
  12  pNy1         0.00000e+00   constant   
  13  w_y          0.00000e+00   constant   
  14  ANy2         3.52714e-04   2.22184e-04   0.00000e+00   3.92418e+00
  15  pNy2         5.88808e+00   constant   
  16  w_vw         1.43122e+01   constant   
  17  LM           1.40011e-04   constant   
  18  wCBO_expCoeff   1.99999e+02   5.36644e-04   0.00000e+00  -2.97761e+01
  19  wCBO_expOffset   2.00000e+02   2.70075e-05   0.00000e+00  -2.71913e+04
  20  wCBO_expT    3.00001e+01   9.11456e-05   0.00000e+00   6.61942e+02
  21  wCBO_linCoeff   0.00000e+00   constant   
  22  wCBO_const  -3.50194e-03   1.27332e-03  -0.00000e+00   3.79269e+00
 EXTERNAL ERROR MATRIX.    NDIM=  25    NPAR=  7    ERR DEF=1
  5.122e-08 -5.105e-10  3.407e-09 -4.402e-08 -4.866e-09 -1.052e-08  1.240e-07 
 -5.105e-10  3.875e-11 -7.419e-11  1.731e-09  7.031e-11  4.605e-10 -5.360e-09 
  3.407e-09 -7.419e-11  4.937e-08 -6.397e-09  6.141e-10 -2.256e-09 -2.105e-08 
 -4.402e-08  1.731e-09 -6.397e-09  2.880e-07  6.066e-09  3.973e-08 -4.620e-07 
 -4.866e-09  7.031e-11  6.141e-10  6.066e-09  7.294e-10  1.235e-09 -2.067e-08 
 -1.052e-08  4.605e-10 -2.256e-09  3.973e-08  1.235e-09  8.308e-09 -6.512e-08 
  1.240e-07 -5.360e-09 -2.105e-08 -4.620e-07 -2.067e-08 -6.512e-08  1.621e-06 
ERR MATRIX NOT POS-DEF
 PARAMETER  CORRELATION COEFFICIENTS  
       NO.  GLOBAL      6      7     14     18     19     20     22
        6  0.84833   1.000 -0.362  0.068 -0.362 -0.796 -0.510  0.430
        7  0.97566  -0.362  1.000 -0.054  0.518  0.418  0.812 -0.676
       14  0.30597   0.068 -0.054  1.000 -0.054  0.102 -0.111 -0.074
       18  0.97572  -0.362  0.518 -0.054  1.000  0.419  0.812 -0.676
       19  0.87902  -0.796  0.418  0.102  0.419  1.000  0.502 -0.601
       20  0.98698  -0.510  0.812 -0.111  0.812  0.502  1.000 -0.561
       22  0.96202   0.430 -0.676 -0.074 -0.676 -0.601 -0.561  1.000
 ERR MATRIX NOT POS-DEF
MINUIT - FIT ONLY 2-CBO
 **********
 **   43 **RES 
 **********
                   PARAMETER    8  phi_CBO RESTORED TO VARIABLE.
                   PARAMETER    4  phi RESTORED TO VARIABLE.
                   PARAMETER    3  A0 RESTORED TO VARIABLE.
                   PARAMETER    1  N0 RESTORED TO VARIABLE.
 **********
 **   44 **FIX            0
 **********
 PARAMETER    0  IS UNDEFINED. IGNORED.
 **********
 **   45 **FIX            1
 **********
 **********
 **   46 **FIX            2
 **********
 PARAMETER    2  IS CONSTANT.   IGNORED.
 **********
 **   47 **FIX            3
 **********
 **********
 **   48 **FIX            4
 **********
 **********
 **   49 **FIX            5
 **********
 PARAMETER    5  IS CONSTANT.   IGNORED.
 **********
 **   50 **FIX            6
 **********
 **********
 **   51 **FIX            7
 **********
 **********
 **   52 **FIX           10
 **********
 PARAMETER   10  IS CONSTANT.   IGNORED.
 **********
 **   53 **FIX           11
 **********
 PARAMETER   11  IS CONSTANT.   IGNORED.
 **********
 **   54 **FIX           12
 **********
 PARAMETER   12  IS CONSTANT.   IGNORED.
 **********
 **   55 **FIX           13
 **********
 PARAMETER   13  IS CONSTANT.   IGNORED.
 **********
 **   56 **FIX           14
 **********
 **********
 **   57 **FIX           15
 **********
 PARAMETER   15  IS CONSTANT.   IGNORED.
 **********
 **   58 **FIX           16
 **********
 PARAMETER   16  IS CONSTANT.   IGNORED.
 **********
 **   59 **MIGRAD
 **********
 START MIGRAD MINIMIZATION.  STRATEGY  1.  CONVERGENCE WHEN EDM .LT. 1.00e-04
 FCN=753.421 FROM MIGRAD    STATUS=INITIATE       12 CALLS        2706 TOTAL
                     EDM= unknown      STRATEGY= 1      NO ERROR MATRIX       
  EXT PARAMETER               CURRENT GUESS       STEP         FIRST   
  NO.   NAME      VALUE            ERROR          SIZE      DERIVATIVE 
   1  N0           2.84347e+06     fixed    
   2  tau          6.44047e+01   constant   
   3  A0           3.50827e-01     fixed    
   4  phi          4.11741e+00     fixed    
   5  R           -6.13016e+01   constant   
   6  A_CBO        7.00106e-04     fixed    
   7  w_CBO        2.32660e+00     fixed    
   8  phi_CBO      7.32588e+00   2.25583e-01   2.25583e-01   4.33663e+00
   9  ANx2         6.64823e-04   constant   
  10  pNx2         9.66896e-01   constant   
  11  ANy1         0.00000e+00   constant   
  12  pNy1         0.00000e+00   constant   
  13  w_y          0.00000e+00   constant   
  14  ANy2         3.52714e-04     fixed    
  15  pNy2         5.88808e+00   constant   
  16  w_vw         1.43122e+01   constant   
  17  LM           1.40011e-04   constant   
  18  wCBO_expCoeff   1.99999e+02   5.36644e-04   0.00000e+00  -2.97761e+01
  19  wCBO_expOffset   2.00000e+02   2.70075e-05   0.00000e+00  -2.71913e+04
  20  wCBO_expT    3.00001e+01   9.11456e-05   0.00000e+00   6.61942e+02
  21  wCBO_linCoeff   0.00000e+00   constant   
  22  wCBO_const  -3.50194e-03   1.27332e-03  -0.00000e+00   3.79256e+00
 CALL LIMIT EXCEEDED IN MIGRAD.
 MIGRAD TERMINATED WITHOUT CONVERGENCE.
 FCN=752.566 FROM MIGRAD    STATUS=CALL LIMIT    842 CALLS        3536 TOTAL
                     EDM=7.08663    STRATEGY= 1  ERROR MATRIX UNCERTAINTY   0.1 per cent
  EXT PARAMETER                APPROXIMATE        STEP         FIRST   
  NO.   NAME      VALUE            ERROR          SIZE      DERIVATIVE 
   1  N0           2.84347e+06     fixed    
   2  tau          6.44047e+01   constant   
   3  A0           3.50827e-01     fixed    
   4  phi          4.11741e+00     fixed    
   5  R           -6.13016e+01   constant   
   6  A_CBO        7.00106e-04     fixed    
   7  w_CBO        2.32660e+00     fixed    
   8  phi_CBO      6.68591e+00   3.88249e-01  -1.31639e-03  -1.31820e+00
   9  ANx2         6.64823e-04   constant   
  10  pNx2         9.66896e-01   constant   
  11  ANy1         0.00000e+00   constant   
  12  pNy1         0.00000e+00   constant   
  13  w_y          0.00000e+00   constant   
  14  ANy2         3.52714e-04     fixed    
  15  pNy2         5.88808e+00   constant   
  16  w_vw         1.43122e+01   constant   
  17  LM           1.40011e-04   constant   
  18  wCBO_expCoeff   1.99999e+02   4.69231e-04  -3.29625e-06   1.43973e+03
  19  wCBO_expOffset   2.00000e+02   2.51575e-04   1.83569e-06  -1.18235e+04
  20  wCBO_expT    3.00002e+01   6.88213e-05   4.98789e-07  -3.30624e+04
  21  wCBO_linCoeff   0.00000e+00   constant   
  22  wCBO_const  -5.68527e-03   2.24632e-03  -1.63176e-05  -1.18760e+02
 EXTERNAL ERROR MATRIX.    NDIM=  25    NPAR=  5    ERR DEF=1
  1.507e-01  9.878e-05 -5.222e-05 -1.363e-05  5.156e-04 
  9.878e-05  2.202e-07 -1.139e-07 -3.020e-08  1.001e-06 
 -5.222e-05 -1.139e-07  6.329e-08  1.706e-08 -5.613e-07 
 -1.363e-05 -3.020e-08  1.706e-08  4.736e-09 -1.530e-07 
  5.156e-04  1.001e-06 -5.613e-07 -1.530e-07  5.046e-06 
ERR MATRIX APPROXIMATE
 PARAMETER  CORRELATION COEFFICIENTS  
       NO.  GLOBAL      8     18     19     20     22
        8  0.90289   1.000  0.542 -0.535 -0.510  0.591
       18  0.97293   0.542  1.000 -0.965 -0.935  0.950
       19  0.99784  -0.535 -0.965  1.000  0.985 -0.993
       20  0.99540  -0.510 -0.935  0.985  1.000 -0.990
       22  0.99884   0.591  0.950 -0.993 -0.990  1.000
 ERR MATRIX APPROXIMATE
MINUIT - FIT ONLY 1-y
 **********
 **   60 **RES 
 **********
                   PARAMETER   14  ANy2 RESTORED TO VARIABLE.
                   PARAMETER    7  w_CBO RESTORED TO VARIABLE.
                   PARAMETER    6  A_CBO RESTORED TO VARIABLE.
                   PARAMETER    4  phi RESTORED TO VARIABLE.
                   PARAMETER    3  A0 RESTORED TO VARIABLE.
                   PARAMETER    1  N0 RESTORED TO VARIABLE.
 **********
 **   61 **FIX            0
 **********
 PARAMETER    0  IS UNDEFINED. IGNORED.
 **********
 **   62 **FIX            1
 **********
 **********
 **   63 **FIX            2
 **********
 PARAMETER    2  IS CONSTANT.   IGNORED.
 **********
 **   64 **FIX            3
 **********
 **********
 **   65 **FIX            4
 **********
 **********
 **   66 **FIX            5
 **********
 PARAMETER    5  IS CONSTANT.   IGNORED.
 **********
 **   67 **FIX            6
 **********
 **********
 **   68 **FIX            7
 **********
 **********
 **   69 **FIX            8
 **********
 **********
 **   70 **FIX            9
 **********
 PARAMETER    9  IS CONSTANT.   IGNORED.
 **********
 **   71 **FIX           13
 **********
 PARAMETER   13  IS CONSTANT.   IGNORED.
 **********
 **   72 **FIX           14
 **********
 **********
 **   73 **FIX           15
 **********
 PARAMETER   15  IS CONSTANT.   IGNORED.
 **********
 **   74 **FIX           16
 **********
 PARAMETER   16  IS CONSTANT.   IGNORED.
 **********
 **   75 **MIGRAD
 **********
 START MIGRAD MINIMIZATION.  STRATEGY  1.  CONVERGENCE WHEN EDM .LT. 1.00e-04
 FCN=752.566 FROM MIGRAD    STATUS=INITIATE        8 CALLS        3544 TOTAL
                     EDM= unknown      STRATEGY= 1      NO ERROR MATRIX       
  EXT PARAMETER               CURRENT GUESS       STEP         FIRST   
  NO.   NAME      VALUE            ERROR          SIZE      DERIVATIVE 
   1  N0           2.84347e+06     fixed    
   2  tau          6.44047e+01   constant   
   3  A0           3.50827e-01     fixed    
   4  phi          4.11741e+00     fixed    
   5  R           -6.13016e+01   constant   
   6  A_CBO        7.00106e-04     fixed    
   7  w_CBO        2.32660e+00     fixed    
   8  phi_CBO      6.68591e+00     fixed    
   9  ANx2         6.64823e-04   constant   
  10  pNx2         9.66896e-01   constant   
  11  ANy1         0.00000e+00   constant   
  12  pNy1         0.00000e+00   constant   
  13  w_y          0.00000e+00   constant   
  14  ANy2         3.52714e-04     fixed    
  15  pNy2         5.88808e+00   constant   
  16  w_vw         1.43122e+01   constant   
  17  LM           1.40011e-04   constant   
  18  wCBO_expCoeff   1.99999e+02   4.69231e-04  -3.29625e-06   1.43973e+03
  19  wCBO_expOffset   2.00000e+02   2.51575e-04   1.83569e-06  -1.18235e+04
  20  wCBO_expT    3.00002e+01   6.88213e-05   4.98789e-07  -3.30624e+04
  21  wCBO_linCoeff   0.00000e+00   constant   
  22  wCBO_const  -5.68527e-03   2.24632e-03  -1.63176e-05  -1.18760e+02
 CALL LIMIT EXCEEDED IN MIGRAD.
 MIGRAD TERMINATED WITHOUT CONVERGENCE.
 FCN=752.122 FROM MIGRAD    STATUS=CALL LIMIT    681 CALLS        4217 TOTAL
                     EDM=8.44608    STRATEGY= 1  ERROR MATRIX UNCERTAINTY   1.1 per cent
  EXT PARAMETER                APPROXIMATE        STEP         FIRST   
  NO.   NAME      VALUE            ERROR          SIZE      DERIVATIVE 
   1  N0           2.84347e+06     fixed    
   2  tau          6.44047e+01   constant   
   3  A0           3.50827e-01     fixed    
   4  phi          4.11741e+00     fixed    
   5  R           -6.13016e+01   constant   
   6  A_CBO        7.00106e-04     fixed    
   7  w_CBO        2.32660e+00     fixed    
   8  phi_CBO      6.68591e+00     fixed    
   9  ANx2         6.64823e-04   constant   
  10  pNx2         9.66896e-01   constant   
  11  ANy1         0.00000e+00   constant   
  12  pNy1         0.00000e+00   constant   
  13  w_y          0.00000e+00   constant   
  14  ANy2         3.52714e-04     fixed    
  15  pNy2         5.88808e+00   constant   
  16  w_vw         1.43122e+01   constant   
  17  LM           1.40011e-04   constant   
  18  wCBO_expCoeff   1.99998e+02   3.66188e-04  -1.29992e-06   2.56255e+03
  19  wCBO_expOffset   2.00001e+02   4.27097e-04   1.61938e-06   3.45706e+03
  20  wCBO_expT    3.00003e+01   2.20579e-04   8.32142e-07  -3.67469e+03
  21  wCBO_linCoeff   0.00000e+00   constant   
  22  wCBO_const  -5.93504e-03   2.11475e-03  -7.99116e-06   2.64025e+03
 EXTERNAL ERROR MATRIX.    NDIM=  25    NPAR=  4    ERR DEF=1
  1.341e-07 -1.477e-07 -7.553e-08  7.069e-07 
 -1.477e-07  1.824e-07  9.390e-08 -8.988e-07 
 -7.553e-08  9.390e-08  4.866e-08 -4.616e-07 
  7.069e-07 -8.988e-07 -4.616e-07  4.472e-06 
ERR MATRIX APPROXIMATE
 PARAMETER  CORRELATION COEFFICIENTS  
       NO.  GLOBAL     18     19     20     22
       18  0.99803   1.000 -0.944 -0.935  0.913
       19  0.99995  -0.944  1.000  0.997 -0.995
       20  0.99965  -0.935  0.997  1.000 -0.989
       22  0.99983   0.913 -0.995 -0.989  1.000
 ERR MATRIX APPROXIMATE
MINUIT - FIT ONLY 2-y
 **********
 **   76 **RES 
 **********
                   PARAMETER   14  ANy2 RESTORED TO VARIABLE.
                   PARAMETER    8  phi_CBO RESTORED TO VARIABLE.
                   PARAMETER    7  w_CBO RESTORED TO VARIABLE.
                   PARAMETER    6  A_CBO RESTORED TO VARIABLE.
                   PARAMETER    4  phi RESTORED TO VARIABLE.
                   PARAMETER    3  A0 RESTORED TO VARIABLE.
                   PARAMETER    1  N0 RESTORED TO VARIABLE.
 **********
 **   77 **FIX            0
 **********
 PARAMETER    0  IS UNDEFINED. IGNORED.
 **********
 **   78 **FIX            1
 **********
 **********
 **   79 **FIX            2
 **********
 PARAMETER    2  IS CONSTANT.   IGNORED.
 **********
 **   80 **FIX            3
 **********
 **********
 **   81 **FIX            4
 **********
 **********
 **   82 **FIX            5
 **********
 PARAMETER    5  IS CONSTANT.   IGNORED.
 **********
 **   83 **FIX            6
 **********
 **********
 **   84 **FIX            7
 **********
 **********
 **   85 **FIX            8
 **********
 **********
 **   86 **FIX            9
 **********
 PARAMETER    9  IS CONSTANT.   IGNORED.
 **********
 **   87 **FIX           10
 **********
 PARAMETER   10  IS CONSTANT.   IGNORED.
 **********
 **   88 **FIX           11
 **********
 PARAMETER   11  IS CONSTANT.   IGNORED.
 **********
 **   89 **FIX           12
 **********
 PARAMETER   12  IS CONSTANT.   IGNORED.
 **********
 **   90 **FIX           16
 **********
 PARAMETER   16  IS CONSTANT.   IGNORED.
 **********
 **   91 **MIGRAD
 **********
 START MIGRAD MINIMIZATION.  STRATEGY  1.  CONVERGENCE WHEN EDM .LT. 1.00e-04
 FCN=752.122 FROM MIGRAD    STATUS=INITIATE       10 CALLS        4227 TOTAL
                     EDM= unknown      STRATEGY= 1      NO ERROR MATRIX       
  EXT PARAMETER               CURRENT GUESS       STEP         FIRST   
  NO.   NAME      VALUE            ERROR          SIZE      DERIVATIVE 
   1  N0           2.84347e+06     fixed    
   2  tau          6.44047e+01   constant   
   3  A0           3.50827e-01     fixed    
   4  phi          4.11741e+00     fixed    
   5  R           -6.13016e+01   constant   
   6  A_CBO        7.00106e-04     fixed    
   7  w_CBO        2.32660e+00     fixed    
   8  phi_CBO      6.68591e+00     fixed    
   9  ANx2         6.64823e-04   constant   
  10  pNx2         9.66896e-01   constant   
  11  ANy1         0.00000e+00   constant   
  12  pNy1         0.00000e+00   constant   
  13  w_y          0.00000e+00   constant   
  14  ANy2         3.52714e-04   2.22184e-04   2.22184e-04  -2.33272e+02
  15  pNy2         5.88808e+00   constant   
  16  w_vw         1.43122e+01   constant   
  17  LM           1.40011e-04   constant   
  18  wCBO_expCoeff   1.99998e+02   3.66188e-04  -1.29992e-06   2.56255e+03
  19  wCBO_expOffset   2.00001e+02   4.27097e-04   1.61938e-06   3.45706e+03
  20  wCBO_expT    3.00003e+01   2.20579e-04   8.32142e-07  -3.67469e+03
  21  wCBO_linCoeff   0.00000e+00   constant   
  22  wCBO_const  -5.93504e-03   2.11475e-03  -7.99116e-06   2.64025e+03
 CALL LIMIT EXCEEDED IN MIGRAD.
 MIGRAD TERMINATED WITHOUT CONVERGENCE.
 FCN=751.297 FROM MIGRAD    STATUS=CALL LIMIT    842 CALLS        5059 TOTAL
                     EDM=2.74505    STRATEGY= 1  ERROR MATRIX UNCERTAINTY   0.5 per cent
  EXT PARAMETER                APPROXIMATE        STEP         FIRST   
  NO.   NAME      VALUE            ERROR          SIZE      DERIVATIVE 
   1  N0           2.84347e+06     fixed    
   2  tau          6.44047e+01   constant   
   3  A0           3.50827e-01     fixed    
   4  phi          4.11741e+00     fixed    
   5  R           -6.13016e+01   constant   
   6  A_CBO        7.00106e-04     fixed    
   7  w_CBO        2.32660e+00     fixed    
   8  phi_CBO      6.68591e+00     fixed    
   9  ANx2         6.64823e-04   constant   
  10  pNx2         9.66896e-01   constant   
  11  ANy1         0.00000e+00   constant   
  12  pNy1         0.00000e+00   constant   
  13  w_y          0.00000e+00   constant   
  14  ANy2         3.86004e-04   2.22841e-04   9.80964e-08   1.40744e+02
  15  pNy2         5.88808e+00   constant   
  16  w_vw         1.43122e+01   constant   
  17  LM           1.40011e-04   constant   
  18  wCBO_expCoeff   1.99998e+02   1.58180e-04  -3.74191e-07   8.55600e+02
  19  wCBO_expOffset   2.00001e+02   1.70047e-04   6.13492e-07  -1.38930e+04
  20  wCBO_expT    3.00002e+01   5.75942e-05   2.05610e-07  -2.91463e+04
  21  wCBO_linCoeff   0.00000e+00   constant   
  22  wCBO_const  -7.16610e-03   1.80156e-03  -6.52773e-06  -4.31506e+02
 EXTERNAL ERROR MATRIX.    NDIM=  25    NPAR=  5    ERR DEF=1
  4.966e-08 -2.697e-09  4.550e-09  1.660e-09 -4.106e-08 
 -2.697e-09  2.502e-08 -1.772e-08 -5.255e-09  1.745e-07 
  4.550e-09 -1.772e-08  2.892e-08  9.546e-09 -3.048e-07 
  1.660e-09 -5.255e-09  9.546e-09  3.317e-09 -1.026e-07 
 -4.106e-08  1.745e-07 -3.048e-07 -1.026e-07  3.246e-06 
ERR MATRIX APPROXIMATE
 PARAMETER  CORRELATION COEFFICIENTS  
       NO.  GLOBAL     14     18     19     20     22
       14  0.49634   1.000 -0.077  0.120  0.129 -0.102
       18  0.81826  -0.077  1.000 -0.659 -0.577  0.612
       19  0.99854   0.120 -0.659  1.000  0.975 -0.995
       20  0.99486   0.129 -0.577  0.975  1.000 -0.989
       22  0.99923  -0.102  0.612 -0.995 -0.989  1.000
 ERR MATRIX APPROXIMATE
MINUIT - FIT ALTOGETHER
 **********
 **   92 **RES 
 **********
                   PARAMETER    8  phi_CBO RESTORED TO VARIABLE.
                   PARAMETER    7  w_CBO RESTORED TO VARIABLE.
                   PARAMETER    6  A_CBO RESTORED TO VARIABLE.
                   PARAMETER    4  phi RESTORED TO VARIABLE.
                   PARAMETER    3  A0 RESTORED TO VARIABLE.
                   PARAMETER    1  N0 RESTORED TO VARIABLE.
 **********
 **   93 **MIGRAD
 **********
 START MIGRAD MINIMIZATION.  STRATEGY  1.  CONVERGENCE WHEN EDM .LT. 1.00e-04
 FCN=751.297 FROM MIGRAD    STATUS=INITIATE       22 CALLS        5081 TOTAL
                     EDM= unknown      STRATEGY= 1      NO ERROR MATRIX       
  EXT PARAMETER               CURRENT GUESS       STEP         FIRST   
  NO.   NAME      VALUE            ERROR          SIZE      DERIVATIVE 
   1  N0           2.84347e+06   4.48393e+02   4.48393e+02  -1.08948e-02
   2  tau          6.44047e+01   constant   
   3  A0           3.50827e-01   1.96283e-04   1.96283e-04  -8.04019e+04
