 + ++++++++++++++++++++++++++++++++++++++++++++++++++++++++++++++++++++ +
 +                                                                      +
 +           You have chose to blind your fitting according to          +
 +                omega_ref * (1 + (R +/- deltaR) *10^{-6})             +
 +                                                                      +
 + ++++++++++++++++++++++++++++++++++++++++++++++++++++++++++++++++++++ +
In main()...
reading format from /gm2data/zkhechad/run45/envelope/formats/formatB_sBin_constraintOn.txt
pBinTau 	= 0  
pBinPhi 	= 0  
constraintau 	= 1 
includeMopTerm 	= 0    
constrainMop    = 0   
Parameters after format file: pBinTau 0 pBinPhi 0 constraintau 1 includeMopTerm 0 constrainMop 0 c_e_scale 0.000000 
reading cbo reference file (full fit) from /gm2data/zkhechad/cboTemplates/Run4CBOTemplates/fullFits/run4/sBin_constraintOn_cE0.0_seed0_run4_calo12.root
A_CBO 0.007990 w_CBO 2.327632 phi_CBO 5.471864 N0 3435893.469287 R -59.911173 tau 64.398066 
Reading cboRef file /gm2data/zkhechad/cboTemplates/Run4CBOTemplates//cboIsolate/run4_calo12.root
deltaT 164.120000
windowBins = 1100
fitting sliding window 2440 from bin 2643 at 394.335600 to bin 3743 at 558.455600 (1100 bins)

Reading data from /gm2data/cornell/histograms/aMethod/histogram_a_run4.root
fitting cbo isolate
 **********
 **    1 **SET PRINTOUT            1
 **********
 **********
 **    2 **SET NOWARNINGS 
 **********
 PARAMETER DEFINITIONS:
    NO.   NAME         VALUE      STEP SIZE      LIMITS
     1 A_CBO        7.98954e-03  1.00000e-05     no limits
     2 w_CBO        2.32763e+00  1.00000e-02    2.00000e+00  3.00000e+00
     3 phi_CBO      5.47186e+00  1.00000e-02    0.00000e+00  6.28319e+00
 **********
 **    3 **MIGRAD
 **********
 FIRST CALL TO USER FUNCTION AT NEW START POINT, WITH IFLAG=4.
 START MIGRAD MINIMIZATION.  STRATEGY  1.  CONVERGENCE WHEN EDM .LT. 1.00e-04
 FCN=0.27892 FROM MIGRAD    STATUS=INITIATE       12 CALLS          13 TOTAL
                     EDM= unknown      STRATEGY= 1      NO ERROR MATRIX       
  EXT PARAMETER               CURRENT GUESS       STEP         FIRST   
  NO.   NAME      VALUE            ERROR          SIZE      DERIVATIVE 
   1  A_CBO        7.98954e-03   1.00000e-05   1.00000e-05   5.99706e+00
   2  w_CBO        2.32763e+00   1.00000e-02   2.13083e-02   2.21993e+00
   3  phi_CBO      5.47186e+00   1.00000e-02   4.74617e-03  -1.92774e-02
 MIGRAD MINIMIZATION HAS CONVERGED.
 MIGRAD WILL VERIFY CONVERGENCE AND ERROR MATRIX.
 COVARIANCE MATRIX CALCULATED SUCCESSFULLY
 FCN=0.261893 FROM HESSE     STATUS=OK             16 CALLS          60 TOTAL
                     EDM=0.000439535    STRATEGY= 1      ERROR MATRIX ACCURATE 
  EXT PARAMETER                                   STEP         FIRST   
  NO.   NAME      VALUE            ERROR          SIZE      DERIVATIVE 
   1  A_CBO        2.74885e-03   4.63790e-02   2.34142e-05  -2.44487e-03
   2  w_CBO        2.32714e+00   3.11653e-01   3.95229e-05   4.40413e-02
   3  phi_CBO      5.63202e+00   4.47330e+00   5.03648e-03   1.15813e-04
 MIGRAD MINIMIZATION HAS CONVERGED.
 MIGRAD WILL VERIFY CONVERGENCE AND ERROR MATRIX.
 COVARIANCE MATRIX CALCULATED SUCCESSFULLY
 FCN=0.261468 FROM MIGRAD    STATUS=CONVERGED     131 CALLS         132 TOTAL
                     EDM=4.43654e-06    STRATEGY= 1      ERROR MATRIX ACCURATE 
  EXT PARAMETER                                   STEP         FIRST   
  NO.   NAME      VALUE            ERROR          SIZE      DERIVATIVE 
   1  A_CBO        2.90923e-03   4.28674e-02   2.34076e-05   2.40304e-02
   2  w_CBO        2.32090e+00   2.84909e-01   3.62728e-05  -2.42659e-02
   3  phi_CBO      2.66203e+00   3.75508e+00   2.58222e-03   3.86528e-04
 EXTERNAL ERROR MATRIX.    NDIM=  25    NPAR=  3    ERR DEF=1
  1.838e-03 -1.222e-03 -5.929e-01 
 -1.222e-03  9.391e-02  4.469e+01 
 -5.929e-01  4.469e+01  2.149e+04 
 PARAMETER  CORRELATION COEFFICIENTS  
       NO.  GLOBAL      1      2      3
        1  0.09471   1.000 -0.093 -0.094
        2  0.99496  -0.093  1.000  0.995
        3  0.99496  -0.094  0.995  1.000
setting A_CBO=0.002909 w_CBO=2.320904, phi_CBO=2.662029
done fitting cbo isolate
 **********
 **    1 **SET PRINTOUT            1
 **********
 **********
 **    2 **SET NOWARNINGS 
 **********
 PARAMETER DEFINITIONS:
    NO.   NAME         VALUE      STEP SIZE      LIMITS
     1 N0           3.43589e+06  1.00000e+02     no limits
     2 tau          6.43981e+01  constant
     3 A0           3.53663e-01  1.00000e-04     no limits
     4 phi          4.11774e+00  1.00000e-02     no limits
     5 R           -5.99112e+01  constant
     6 A_CBO        2.90923e-03  1.00000e-05     no limits
     7 w_CBO        2.32090e+00  1.00000e-03     no limits
     8 phi_CBO      2.66203e+00  1.00000e-04     no limits
     9 ANx2         3.16301e-04  constant
    10 pNx2         1.53957e+00  constant
    11 ANy1         0.00000e+00  constant
    12 pNy1         0.00000e+00  constant
    13 w_y          0.00000e+00  constant
    14 ANy2         1.02217e-02  1.00000e-04     no limits
    15 pNy2         1.44040e+00  constant
    16 w_vw         1.43192e+01  constant
    17 LM          -2.49463e-04  constant
    18 wCBO_expCoeff   2.00000e+02  1.00000e+00     no limits
    19 wCBO_expOffset   2.00000e+02  1.00000e+00     no limits
    20 wCBO_expT    3.00000e+01  1.00000e+00     no limits
    21 wCBO_linCoeff   0.00000e+00  constant
    22 wCBO_const   0.00000e+00  1.00000e-02     no limits
MINUIT - FIT ONLY WIGGLE
 **********
 **    3 **FIX            5
 **********
 PARAMETER    5  IS CONSTANT.   IGNORED.
 **********
 **    4 **FIX            6
 **********
 **********
 **    5 **FIX            7
 **********
 **********
 **    6 **FIX            8
 **********
 **********
 **    7 **FIX            9
 **********
 PARAMETER    9  IS CONSTANT.   IGNORED.
 **********
 **    8 **FIX           10
 **********
 PARAMETER   10  IS CONSTANT.   IGNORED.
 **********
 **    9 **FIX           11
 **********
 PARAMETER   11  IS CONSTANT.   IGNORED.
 **********
 **   10 **FIX           12
 **********
 PARAMETER   12  IS CONSTANT.   IGNORED.
 **********
 **   11 **FIX           13
 **********
 PARAMETER   13  IS CONSTANT.   IGNORED.
 **********
 **   12 **FIX           14
 **********
 **********
 **   13 **FIX           15
 **********
 PARAMETER   15  IS CONSTANT.   IGNORED.
 **********
 **   14 **FIX           16
 **********
 PARAMETER   16  IS CONSTANT.   IGNORED.
 **********
 **   15 **MIGRAD
 **********
 FIRST CALL TO USER FUNCTION AT NEW START POINT, WITH IFLAG=4.
 START MIGRAD MINIMIZATION.  STRATEGY  1.  CONVERGENCE WHEN EDM .LT. 1.00e-04
 FCN=405.94 FROM MIGRAD    STATUS=INITIATE       51 CALLS          52 TOTAL
                     EDM= unknown      STRATEGY= 1      NO ERROR MATRIX       
  EXT PARAMETER               CURRENT GUESS       STEP         FIRST   
  NO.   NAME      VALUE            ERROR          SIZE      DERIVATIVE 
   1  N0           3.43589e+06   1.00000e+02   0.00000e+00   6.85003e-04
   2  tau          6.43981e+01   constant   
   3  A0           3.53663e-01   1.00000e-04   0.00000e+00  -4.34655e+02
   4  phi          4.11774e+00   1.00000e-02   0.00000e+00   5.06892e+02
   5  R           -5.99112e+01   constant   
   6  A_CBO        2.90923e-03     fixed    
   7  w_CBO        2.32090e+00     fixed    
   8  phi_CBO      2.66203e+00     fixed    
   9  ANx2         3.16301e-04   constant   
  10  pNx2         1.53957e+00   constant   
  11  ANy1         0.00000e+00   constant   
  12  pNy1         0.00000e+00   constant   
  13  w_y          0.00000e+00   constant   
  14  ANy2         1.02217e-02     fixed    
  15  pNy2         1.44040e+00   constant   
  16  w_vw         1.43192e+01   constant   
  17  LM          -2.49463e-04   constant   
  18  wCBO_expCoeff   2.04429e+02   1.00000e+00   4.42914e+00   4.13784e-01
  19  wCBO_expOffset   2.00000e+02   1.00000e+00   0.00000e+00   2.81965e+00
  20  wCBO_expT    3.00000e+01   1.00000e+00   0.00000e+00   1.84165e+01
  21  wCBO_linCoeff   0.00000e+00   constant   
  22  wCBO_const   0.00000e+00   1.00000e-02   0.00000e+00   2.83045e+03
 MIGRAD MINIMIZATION HAS CONVERGED.
 MIGRAD WILL VERIFY CONVERGENCE AND ERROR MATRIX.
 COVARIANCE MATRIX CALCULATED SUCCESSFULLY
 FCN=401.248 FROM MIGRAD    STATUS=CONVERGED     470 CALLS         471 TOTAL
                     EDM=1.19117e-07    STRATEGY= 1      ERROR MATRIX ACCURATE 
  EXT PARAMETER                                   STEP         FIRST   
  NO.   NAME      VALUE            ERROR          SIZE      DERIVATIVE 
   1  N0           3.43423e+06   2.35713e+03   2.12127e+01   8.99561e-08
   2  tau          6.43981e+01   constant   
   3  A0           3.53959e-01   9.17700e-04   8.95998e-06  -3.29475e-01
   4  phi          4.11604e+00   2.69149e-03   2.61125e-05  -5.47760e-02
   5  R           -5.99112e+01   constant   
   6  A_CBO        2.90923e-03     fixed    
   7  w_CBO        2.32090e+00     fixed    
   8  phi_CBO      2.66203e+00     fixed    
   9  ANx2         3.16301e-04   constant   
  10  pNx2         1.53957e+00   constant   
  11  ANy1         0.00000e+00   constant   
  12  pNy1         0.00000e+00   constant   
  13  w_y          0.00000e+00   constant   
  14  ANy2         1.02217e-02     fixed    
  15  pNy2         1.44040e+00   constant   
  16  w_vw         1.43192e+01   constant   
  17  LM          -2.49463e-04   constant   
  18  wCBO_expCoeff   2.02273e+02   1.21726e+01   6.20737e-03   1.70536e-04
  19  wCBO_expOffset   1.97146e+02   1.83728e+00   9.35928e-04   1.13114e-03
  20  wCBO_expT    3.04992e+01   2.02099e-01   1.32983e-04   9.45133e-03
  21  wCBO_linCoeff   0.00000e+00   constant   
  22  wCBO_const  -1.77226e-03   5.99828e-04   3.12335e-06   5.36330e-01
 EXTERNAL ERROR MATRIX.    NDIM=  25    NPAR=  7    ERR DEF=1
  5.556e+06  2.552e-02 -4.777e-02 -9.053e+02 -1.375e+02  4.209e+01 -1.528e-02 
  2.552e-02  8.422e-07 -1.040e-08 -1.129e-04 -1.710e-05  6.290e-06 -1.932e-08 
 -4.777e-02 -1.040e-08  7.244e-06  6.276e-04  9.539e-05 -2.805e-05 -6.402e-08 
 -9.053e+02 -1.129e-04  6.276e-04  1.482e+02 -1.642e+01 -8.893e-01  1.652e-03 
 -1.375e+02 -1.710e-05  9.539e-05 -1.642e+01  3.376e+00 -1.351e-01  2.508e-04 
  4.209e+01  6.290e-06 -2.805e-05 -8.893e-01 -1.351e-01  4.084e-02 -8.189e-05 
 -1.528e-02 -1.932e-08 -6.402e-08  1.652e-03  2.508e-04 -8.189e-05  3.598e-07 
 PARAMETER  CORRELATION COEFFICIENTS  
       NO.  GLOBAL      1      3      4     18     19     20     22
        1  0.13501   1.000  0.012 -0.008 -0.032 -0.032  0.088 -0.011
        3  0.07760   0.012  1.000 -0.004 -0.010 -0.010  0.034 -0.035
        4  0.13609  -0.008 -0.004  1.000  0.019  0.019 -0.052 -0.040
       18  0.99864  -0.032 -0.010  0.019  1.000 -0.734 -0.362  0.226
       19  0.99865  -0.032 -0.010  0.019 -0.734  1.000 -0.364  0.228
       20  0.99774   0.088  0.034 -0.052 -0.362 -0.364  1.000 -0.676
       22  0.84693  -0.011 -0.035 -0.040  0.226  0.228 -0.676  1.000
MINUIT - FIT ONLY 1-CBO + other amplitudes 
 **********
 **   16 **RES 
 **********
                   PARAMETER   14  ANy2 RESTORED TO VARIABLE.
                   PARAMETER    8  phi_CBO RESTORED TO VARIABLE.
                   PARAMETER    7  w_CBO RESTORED TO VARIABLE.
                   PARAMETER    6  A_CBO RESTORED TO VARIABLE.
 **********
 **   17 **FIX            0
 **********
 PARAMETER    0  IS UNDEFINED. IGNORED.
 **********
 **   18 **FIX            1
 **********
 **********
 **   19 **FIX            2
 **********
 PARAMETER    2  IS CONSTANT.   IGNORED.
 **********
 **   20 **FIX            3
 **********
 **********
 **   21 **FIX            4
 **********
 **********
 **   22 **FIX            9
 **********
 PARAMETER    9  IS CONSTANT.   IGNORED.
 **********
 **   23 **FIX           11
 **********
 PARAMETER   11  IS CONSTANT.   IGNORED.
 **********
 **   24 **FIX           12
 **********
 PARAMETER   12  IS CONSTANT.   IGNORED.
 **********
 **   25 **FIX           14
 **********
 **********
 **   26 **FIX           15
 **********
 PARAMETER   15  IS CONSTANT.   IGNORED.
 **********
 **   27 **FIX           16
 **********
 PARAMETER   16  IS CONSTANT.   IGNORED.
 **********
 **   28 **MIGRAD
 **********
 START MIGRAD MINIMIZATION.  STRATEGY  1.  CONVERGENCE WHEN EDM .LT. 1.00e-04
 FCN=401.248 FROM MIGRAD    STATUS=INITIATE       20 CALLS         491 TOTAL
                     EDM= unknown      STRATEGY= 1      NO ERROR MATRIX       
  EXT PARAMETER               CURRENT GUESS       STEP         FIRST   
  NO.   NAME      VALUE            ERROR          SIZE      DERIVATIVE 
   1  N0           3.43423e+06     fixed    
   2  tau          6.43981e+01   constant   
   3  A0           3.53959e-01     fixed    
   4  phi          4.11604e+00     fixed    
   5  R           -5.99112e+01   constant   
   6  A_CBO        2.90923e-03   1.00000e-05   1.00000e-05   2.00337e+03
   7  w_CBO        2.32090e+00   1.00000e-03   1.00000e-03   2.40662e-01
   8  phi_CBO      2.66203e+00   1.00000e-04   1.00000e-04   1.34726e+00
   9  ANx2         3.16301e-04   constant   
  10  pNx2         1.53957e+00   constant   
  11  ANy1         0.00000e+00   constant   
  12  pNy1         0.00000e+00   constant   
  13  w_y          0.00000e+00   constant   
  14  ANy2         1.02217e-02     fixed    
  15  pNy2         1.44040e+00   constant   
  16  w_vw         1.43192e+01   constant   
  17  LM          -2.49463e-04   constant   
  18  wCBO_expCoeff   2.02273e+02   1.21726e+01   6.20737e-03   1.62633e-04
  19  wCBO_expOffset   1.97146e+02   1.83728e+00   9.35928e-04   1.08174e-03
  20  wCBO_expT    3.04992e+01   2.02099e-01   1.32983e-04   9.19352e-03
  21  wCBO_linCoeff   0.00000e+00   constant   
  22  wCBO_const  -1.77226e-03   5.99828e-04   3.12335e-06   5.24496e-01
 MIGRAD MINIMIZATION HAS CONVERGED.
 MIGRAD WILL VERIFY CONVERGENCE AND ERROR MATRIX.
 FCN=399.936 FROM MIGRAD    STATUS=CONVERGED     203 CALLS         674 TOTAL
                     EDM=3.0202e-06    STRATEGY= 1      ERR MATRIX NOT POS-DEF
  EXT PARAMETER                APPROXIMATE        STEP         FIRST   
  NO.   NAME      VALUE            ERROR          SIZE      DERIVATIVE 
   1  N0           3.43423e+06     fixed    
   2  tau          6.43981e+01   constant   
   3  A0           3.53959e-01     fixed    
   4  phi          4.11604e+00     fixed    
   5  R           -5.99112e+01   constant   
   6  A_CBO        1.95781e-03   9.83290e-04   9.60706e-06  -5.03375e-01
   7  w_CBO        2.32069e+00   7.86524e-03   7.74477e-06  -2.61569e+00
   8  phi_CBO      2.12703e+00   8.72859e-01   4.67742e-03   4.25013e-03
   9  ANx2         3.16301e-04   constant   
  10  pNx2         1.53957e+00   constant   
  11  ANy1         0.00000e+00   constant   
  12  pNy1         0.00000e+00   constant   
  13  w_y          0.00000e+00   constant   
  14  ANy2         1.02217e-02     fixed    
  15  pNy2         1.44040e+00   constant   
  16  w_vw         1.43192e+01   constant   
  17  LM          -2.49463e-04   constant   
  18  wCBO_expCoeff   2.03239e+02   8.47216e+00   7.32326e-03  -9.44119e-04
  19  wCBO_expOffset   1.97292e+02   1.27026e+00   1.09758e-03  -6.30071e-03
  20  wCBO_expT    3.04534e+01   1.69529e-01   1.57637e-04  -5.33814e-02
  21  wCBO_linCoeff   0.00000e+00   constant   
  22  wCBO_const  -1.92691e-03   3.38242e-03   3.54766e-06  -5.88970e+00
 EXTERNAL ERROR MATRIX.    NDIM=  25    NPAR=  7    ERR DEF=1
  9.669e-07  1.632e-08 -1.130e-05  1.290e-04  1.936e-05 -7.150e-06  4.304e-10 
  1.632e-08  6.186e-05  3.297e-04 -1.301e-03 -1.974e-04 -6.850e-05 -2.607e-05 
 -1.130e-05  3.297e-04  7.619e-01 -6.786e-01 -1.020e-01  3.576e-02  1.874e-04 
  1.290e-04 -1.301e-03 -6.786e-01  7.178e+01 -6.650e+00 -6.182e-01  1.238e-03 
  1.936e-05 -1.974e-04 -1.020e-01 -6.650e+00  1.614e+00 -9.294e-02  1.869e-04 
 -7.150e-06 -6.850e-05  3.576e-02 -6.182e-01 -9.294e-02  2.874e-02 -6.974e-06 
  4.304e-10 -2.607e-05  1.874e-04  1.238e-03  1.869e-04 -6.974e-06  1.144e-05 
ERR MATRIX NOT POS-DEF
 PARAMETER  CORRELATION COEFFICIENTS  
       NO.  GLOBAL      6      7      8     18     19     20     22
        6  0.07968   1.000  0.002 -0.013  0.015  0.016 -0.043  0.000
        7  0.99490   0.002  1.000  0.048 -0.020 -0.020 -0.051 -0.980
        8  0.83549  -0.013  0.048  1.000 -0.092 -0.092  0.242  0.063
       18  0.99606   0.015 -0.020 -0.092  1.000 -0.618 -0.430  0.043
       19  0.99607   0.016 -0.020 -0.092 -0.618  1.000 -0.432  0.043
       20  0.99544  -0.043 -0.051  0.242 -0.430 -0.432  1.000 -0.012
       22  0.99421   0.000 -0.980  0.063  0.043  0.043 -0.012  1.000
 ERR MATRIX NOT POS-DEF
MINUIT - FIT ONLY 1-CBO
 **********
 **   29 **RES 
 **********
                   PARAMETER   14  ANy2 RESTORED TO VARIABLE.
                   PARAMETER    4  phi RESTORED TO VARIABLE.
                   PARAMETER    3  A0 RESTORED TO VARIABLE.
                   PARAMETER    1  N0 RESTORED TO VARIABLE.
 **********
 **   30 **FIX            0
 **********
 PARAMETER    0  IS UNDEFINED. IGNORED.
 **********
 **   31 **FIX            1
 **********
 **********
 **   32 **FIX            2
 **********
 PARAMETER    2  IS CONSTANT.   IGNORED.
 **********
 **   33 **FIX            3
 **********
 **********
 **   34 **FIX            4
 **********
 **********
 **   35 **FIX            8
 **********
 **********
 **   36 **FIX            9
 **********
 PARAMETER    9  IS CONSTANT.   IGNORED.
 **********
 **   37 **FIX           11
 **********
 PARAMETER   11  IS CONSTANT.   IGNORED.
 **********
 **   38 **FIX           12
 **********
 PARAMETER   12  IS CONSTANT.   IGNORED.
 **********
 **   39 **FIX           13
 **********
 PARAMETER   13  IS CONSTANT.   IGNORED.
 **********
 **   40 **FIX           15
 **********
 PARAMETER   15  IS CONSTANT.   IGNORED.
 **********
 **   41 **FIX           16
 **********
 PARAMETER   16  IS CONSTANT.   IGNORED.
 **********
 **   42 **MIGRAD
 **********
 START MIGRAD MINIMIZATION.  STRATEGY  1.  CONVERGENCE WHEN EDM .LT. 1.00e-04
 FCN=399.936 FROM MIGRAD    STATUS=INITIATE       14 CALLS         688 TOTAL
                     EDM= unknown      STRATEGY= 1      NO ERROR MATRIX       
  EXT PARAMETER               CURRENT GUESS       STEP         FIRST   
  NO.   NAME      VALUE            ERROR          SIZE      DERIVATIVE 
   1  N0           3.43423e+06     fixed    
   2  tau          6.43981e+01   constant   
   3  A0           3.53959e-01     fixed    
   4  phi          4.11604e+00     fixed    
   5  R           -5.99112e+01   constant   
   6  A_CBO        1.95781e-03   9.83290e-04   9.60706e-06  -5.03375e-01
   7  w_CBO        2.32069e+00   7.86524e-03   7.74477e-06  -2.61534e+00
   8  phi_CBO      2.12703e+00     fixed    
   9  ANx2         3.16301e-04   constant   
  10  pNx2         1.53957e+00   constant   
  11  ANy1         0.00000e+00   constant   
  12  pNy1         0.00000e+00   constant   
  13  w_y          0.00000e+00   constant   
  14  ANy2         1.02217e-02   1.00000e-04   1.00000e-04   2.09552e+04
  15  pNy2         1.44040e+00   constant   
  16  w_vw         1.43192e+01   constant   
  17  LM          -2.49463e-04   constant   
  18  wCBO_expCoeff   2.03239e+02   8.47216e+00   7.32326e-03  -9.41538e-04
  19  wCBO_expOffset   1.97292e+02   1.27026e+00   1.09758e-03  -6.28047e-03
  20  wCBO_expT    3.04534e+01   1.69529e-01   1.57637e-04  -5.31881e-02
  21  wCBO_linCoeff   0.00000e+00   constant   
  22  wCBO_const  -1.92691e-03   3.38242e-03   3.54766e-06  -5.88981e+00
 MIGRAD MINIMIZATION HAS CONVERGED.
 MIGRAD WILL VERIFY CONVERGENCE AND ERROR MATRIX.
 FCN=298.241 FROM MIGRAD    STATUS=CONVERGED     162 CALLS         836 TOTAL
                     EDM=4.38893e-08    STRATEGY= 1      ERR MATRIX NOT POS-DEF
  EXT PARAMETER                APPROXIMATE        STEP         FIRST   
  NO.   NAME      VALUE            ERROR          SIZE      DERIVATIVE 
   1  N0           3.43423e+06     fixed    
   2  tau          6.43981e+01   constant   
   3  A0           3.53959e-01     fixed    
   4  phi          4.11604e+00     fixed    
   5  R           -5.99112e+01   constant   
   6  A_CBO        1.94659e-03   9.84128e-04   8.30578e-06  -4.34690e-02
   7  w_CBO        2.32073e+00   7.75148e-03   6.66913e-06  -1.22591e-01
   8  phi_CBO      2.12703e+00     fixed    
   9  ANx2         3.16301e-04   constant   
  10  pNx2         1.53957e+00   constant   
  11  ANy1         0.00000e+00   constant   
  12  pNy1         0.00000e+00   constant   
  13  w_y          0.00000e+00   constant   
  14  ANy2         5.15778e-04   9.59767e-04   8.12941e-06  -2.82100e-02
  15  pNy2         1.44040e+00   constant   
  16  w_vw         1.43192e+01   constant   
  17  LM          -2.49463e-04   constant   
  18  wCBO_expCoeff   2.03552e+02   8.65776e+00   6.10953e-03  -3.53532e-04
  19  wCBO_expOffset   1.97339e+02   1.29539e+00   9.13692e-04  -2.36397e-03
  20  wCBO_expT    3.04400e+01   1.65300e-01   1.31830e-04  -1.52485e-02
  21  wCBO_linCoeff   0.00000e+00   constant   
  22  wCBO_const  -1.92500e-03   3.33090e-03   3.06133e-06  -2.12941e-01
 EXTERNAL ERROR MATRIX.    NDIM=  25    NPAR=  7    ERR DEF=1
  9.685e-07  2.055e-08  6.929e-10  1.028e-04  1.539e-05 -6.055e-06  4.635e-09 
  2.055e-08  6.009e-05 -4.115e-10 -9.525e-04 -1.446e-04 -8.314e-05 -2.545e-05 
  6.929e-10 -4.115e-10  9.212e-07 -8.264e-06 -1.241e-06  2.994e-07  2.107e-10 
  1.028e-04 -9.525e-04 -8.264e-06  7.496e+01 -7.267e+00 -5.919e-01  1.410e-03 
  1.539e-05 -1.446e-04 -1.241e-06 -7.267e+00  1.678e+00 -8.877e-02  2.122e-04 
 -6.055e-06 -8.314e-05  2.994e-07 -5.919e-01 -8.877e-02  2.732e-02 -1.716e-05 
  4.635e-09 -2.545e-05  2.107e-10  1.410e-03  2.122e-04 -1.716e-05  1.109e-05 
ERR MATRIX NOT POS-DEF
 PARAMETER  CORRELATION COEFFICIENTS  
       NO.  GLOBAL      6      7     14     18     19     20     22
        6  0.08532   1.000  0.003  0.001  0.012  0.012 -0.037  0.001
        7  0.99483   0.003  1.000 -0.000 -0.014 -0.014 -0.065 -0.986
       14  0.00463   0.001 -0.000  1.000 -0.001 -0.001  0.002  0.000
       18  0.99653   0.012 -0.014 -0.001  1.000 -0.648 -0.414  0.049
       19  0.99653   0.012 -0.014 -0.001 -0.648  1.000 -0.415  0.049
       20  0.99556  -0.037 -0.065  0.002 -0.414 -0.415  1.000 -0.031
       22  0.99410   0.001 -0.986  0.000  0.049  0.049 -0.031  1.000
 ERR MATRIX NOT POS-DEF
MINUIT - FIT ONLY 2-CBO
 **********
 **   43 **RES 
 **********
                   PARAMETER    8  phi_CBO RESTORED TO VARIABLE.
                   PARAMETER    4  phi RESTORED TO VARIABLE.
                   PARAMETER    3  A0 RESTORED TO VARIABLE.
                   PARAMETER    1  N0 RESTORED TO VARIABLE.
 **********
 **   44 **FIX            0
 **********
 PARAMETER    0  IS UNDEFINED. IGNORED.
 **********
 **   45 **FIX            1
 **********
 **********
 **   46 **FIX            2
 **********
 PARAMETER    2  IS CONSTANT.   IGNORED.
 **********
 **   47 **FIX            3
 **********
 **********
 **   48 **FIX            4
 **********
 **********
 **   49 **FIX            5
 **********
 PARAMETER    5  IS CONSTANT.   IGNORED.
 **********
 **   50 **FIX            6
 **********
 **********
 **   51 **FIX            7
 **********
 **********
 **   52 **FIX           10
 **********
 PARAMETER   10  IS CONSTANT.   IGNORED.
 **********
 **   53 **FIX           11
 **********
 PARAMETER   11  IS CONSTANT.   IGNORED.
 **********
 **   54 **FIX           12
 **********
 PARAMETER   12  IS CONSTANT.   IGNORED.
 **********
 **   55 **FIX           13
 **********
 PARAMETER   13  IS CONSTANT.   IGNORED.
 **********
 **   56 **FIX           14
 **********
 **********
 **   57 **FIX           15
 **********
 PARAMETER   15  IS CONSTANT.   IGNORED.
 **********
 **   58 **FIX           16
 **********
 PARAMETER   16  IS CONSTANT.   IGNORED.
 **********
 **   59 **MIGRAD
 **********
 START MIGRAD MINIMIZATION.  STRATEGY  1.  CONVERGENCE WHEN EDM .LT. 1.00e-04
 FCN=298.241 FROM MIGRAD    STATUS=INITIATE       10 CALLS         846 TOTAL
                     EDM= unknown      STRATEGY= 1      NO ERROR MATRIX       
  EXT PARAMETER               CURRENT GUESS       STEP         FIRST   
  NO.   NAME      VALUE            ERROR          SIZE      DERIVATIVE 
   1  N0           3.43423e+06     fixed    
   2  tau          6.43981e+01   constant   
   3  A0           3.53959e-01     fixed    
   4  phi          4.11604e+00     fixed    
   5  R           -5.99112e+01   constant   
   6  A_CBO        1.94659e-03     fixed    
   7  w_CBO        2.32073e+00     fixed    
   8  phi_CBO      2.12703e+00   8.72859e-01   8.72859e-01  -4.53809e-02
   9  ANx2         3.16301e-04   constant   
  10  pNx2         1.53957e+00   constant   
  11  ANy1         0.00000e+00   constant   
  12  pNy1         0.00000e+00   constant   
  13  w_y          0.00000e+00   constant   
  14  ANy2         5.15778e-04     fixed    
  15  pNy2         1.44040e+00   constant   
  16  w_vw         1.43192e+01   constant   
  17  LM          -2.49463e-04   constant   
  18  wCBO_expCoeff   2.03552e+02   8.65776e+00   6.10953e-03  -3.48381e-04
  19  wCBO_expOffset   1.97339e+02   1.29539e+00   9.13692e-04  -2.32728e-03
  20  wCBO_expT    3.04400e+01   1.65300e-01   1.31830e-04  -1.49947e-02
  21  wCBO_linCoeff   0.00000e+00   constant   
  22  wCBO_const  -1.92500e-03   3.33090e-03   3.06133e-06  -2.12869e-01
 MIGRAD MINIMIZATION HAS CONVERGED.
 MIGRAD WILL VERIFY CONVERGENCE AND ERROR MATRIX.
 FCN=298.24 FROM MIGRAD    STATUS=CONVERGED      80 CALLS         916 TOTAL
                     EDM=5.03456e-05    STRATEGY= 1      ERR MATRIX NOT POS-DEF
  EXT PARAMETER                APPROXIMATE        STEP         FIRST   
  NO.   NAME      VALUE            ERROR          SIZE      DERIVATIVE 
   1  N0           3.43423e+06     fixed    
   2  tau          6.43981e+01   constant   
   3  A0           3.53959e-01     fixed    
   4  phi          4.11604e+00     fixed    
   5  R           -5.99112e+01   constant   
   6  A_CBO        1.94659e-03     fixed    
   7  w_CBO        2.32073e+00     fixed    
   8  phi_CBO      2.14282e+00   8.50376e-01   4.08376e-03   5.28378e-04
   9  ANx2         3.16301e-04   constant   
  10  pNx2         1.53957e+00   constant   
  11  ANy1         0.00000e+00   constant   
  12  pNy1         0.00000e+00   constant   
  13  w_y          0.00000e+00   constant   
  14  ANy2         5.15778e-04     fixed    
  15  pNy2         1.44040e+00   constant   
  16  w_vw         1.43192e+01   constant   
  17  LM          -2.49463e-04   constant   
  18  wCBO_expCoeff   2.03552e+02   8.87648e+00   6.09715e-03   7.11946e-05
  19  wCBO_expOffset   1.97339e+02   1.32812e+00   9.11778e-04   4.76087e-04
  20  wCBO_expT    3.04400e+01   1.73791e-01   1.31547e-04  -5.58874e-02
  21  wCBO_linCoeff   0.00000e+00   constant   
  22  wCBO_const  -1.91663e-03   6.74474e-04   3.05982e-06  -4.76632e-01
 EXTERNAL ERROR MATRIX.    NDIM=  25    NPAR=  5    ERR DEF=1
  7.231e-01 -7.986e-01 -1.197e-01  3.988e-02  3.126e-04 
 -7.986e-01  7.879e+01 -7.464e+00 -6.549e-01  6.961e-04 
 -1.197e-01 -7.464e+00  1.764e+00 -9.821e-02  1.043e-04 
  3.988e-02 -6.549e-01 -9.821e-02  3.020e-02 -3.669e-05 
  3.126e-04  6.961e-04  1.043e-04 -3.669e-05  4.549e-07 
ERR MATRIX NOT POS-DEF
 PARAMETER  CORRELATION COEFFICIENTS  
       NO.  GLOBAL      8     18     19     20     22
        8  0.82371   1.000 -0.106 -0.106  0.270  0.545
       18  0.99671  -0.106  1.000 -0.633 -0.424  0.116
       19  0.99671  -0.106 -0.633  1.000 -0.425  0.116
       20  0.99600   0.270 -0.424 -0.425  1.000 -0.313
       22  0.84439   0.545  0.116  0.116 -0.313  1.000
 ERR MATRIX NOT POS-DEF
MINUIT - FIT ONLY 1-y
 **********
 **   60 **RES 
 **********
                   PARAMETER   14  ANy2 RESTORED TO VARIABLE.
                   PARAMETER    7  w_CBO RESTORED TO VARIABLE.
                   PARAMETER    6  A_CBO RESTORED TO VARIABLE.
                   PARAMETER    4  phi RESTORED TO VARIABLE.
                   PARAMETER    3  A0 RESTORED TO VARIABLE.
                   PARAMETER    1  N0 RESTORED TO VARIABLE.
 **********
 **   61 **FIX            0
 **********
 PARAMETER    0  IS UNDEFINED. IGNORED.
 **********
 **   62 **FIX            1
 **********
 **********
 **   63 **FIX            2
 **********
 PARAMETER    2  IS CONSTANT.   IGNORED.
 **********
 **   64 **FIX            3
 **********
 **********
 **   65 **FIX            4
 **********
 **********
 **   66 **FIX            5
 **********
 PARAMETER    5  IS CONSTANT.   IGNORED.
 **********
 **   67 **FIX            6
 **********
 **********
 **   68 **FIX            7
 **********
 **********
 **   69 **FIX            8
 **********
 **********
 **   70 **FIX            9
 **********
 PARAMETER    9  IS CONSTANT.   IGNORED.
 **********
 **   71 **FIX           13
 **********
 PARAMETER   13  IS CONSTANT.   IGNORED.
 **********
 **   72 **FIX           14
 **********
 **********
 **   73 **FIX           15
 **********
 PARAMETER   15  IS CONSTANT.   IGNORED.
 **********
 **   74 **FIX           16
 **********
 PARAMETER   16  IS CONSTANT.   IGNORED.
 **********
 **   75 **MIGRAD
 **********
 START MIGRAD MINIMIZATION.  STRATEGY  1.  CONVERGENCE WHEN EDM .LT. 1.00e-04
 FCN=298.24 FROM MIGRAD    STATUS=INITIATE        8 CALLS         924 TOTAL
                     EDM= unknown      STRATEGY= 1      NO ERROR MATRIX       
  EXT PARAMETER               CURRENT GUESS       STEP         FIRST   
  NO.   NAME      VALUE            ERROR          SIZE      DERIVATIVE 
   1  N0           3.43423e+06     fixed    
   2  tau          6.43981e+01   constant   
   3  A0           3.53959e-01     fixed    
   4  phi          4.11604e+00     fixed    
   5  R           -5.99112e+01   constant   
   6  A_CBO        1.94659e-03     fixed    
   7  w_CBO        2.32073e+00     fixed    
   8  phi_CBO      2.14282e+00     fixed    
   9  ANx2         3.16301e-04   constant   
  10  pNx2         1.53957e+00   constant   
  11  ANy1         0.00000e+00   constant   
  12  pNy1         0.00000e+00   constant   
  13  w_y          0.00000e+00   constant   
  14  ANy2         5.15778e-04     fixed    
  15  pNy2         1.44040e+00   constant   
  16  w_vw         1.43192e+01   constant   
  17  LM          -2.49463e-04   constant   
  18  wCBO_expCoeff   2.03552e+02   8.87648e+00   6.09715e-03   7.19577e-05
  19  wCBO_expOffset   1.97339e+02   1.32812e+00   9.11778e-04   4.81555e-04
  20  wCBO_expT    3.04400e+01   1.73791e-01   1.31547e-04  -5.56546e-02
  21  wCBO_linCoeff   0.00000e+00   constant   
  22  wCBO_const  -1.91663e-03   6.74474e-04   3.05982e-06  -4.76837e-01
 MIGRAD MINIMIZATION HAS CONVERGED.
 MIGRAD WILL VERIFY CONVERGENCE AND ERROR MATRIX.
 FCN=298.24 FROM MIGRAD    STATUS=CONVERGED      42 CALLS         958 TOTAL
                     EDM=5.20183e-05    STRATEGY= 1      ERR MATRIX NOT POS-DEF
  EXT PARAMETER                APPROXIMATE        STEP         FIRST   
  NO.   NAME      VALUE            ERROR          SIZE      DERIVATIVE 
   1  N0           3.43423e+06     fixed    
   2  tau          6.43981e+01   constant   
   3  A0           3.53959e-01     fixed    
   4  phi          4.11604e+00     fixed    
   5  R           -5.99112e+01   constant   
   6  A_CBO        1.94659e-03     fixed    
   7  w_CBO        2.32073e+00     fixed    
   8  phi_CBO      2.14282e+00     fixed    
   9  ANx2         3.16301e-04   constant   
  10  pNx2         1.53957e+00   constant   
  11  ANy1         0.00000e+00   constant   
  12  pNy1         0.00000e+00   constant   
  13  w_y          0.00000e+00   constant   
  14  ANy2         5.15778e-04     fixed    
  15  pNy2         1.44040e+00   constant   
  16  w_vw         1.43192e+01   constant   
  17  LM          -2.49463e-04   constant   
  18  wCBO_expCoeff   2.03552e+02   9.44834e+00   6.09539e-03   1.27516e-03
  19  wCBO_expOffset   1.97339e+02   1.41359e+00   9.11530e-04   8.52706e-03
  20  wCBO_expT    3.04400e+01   1.75549e-01   1.31511e-04   6.30687e-04
  21  wCBO_linCoeff   0.00000e+00   constant   
  22  wCBO_const  -1.91660e-03   5.74359e-04   3.06009e-06   1.44054e+00
 EXTERNAL ERROR MATRIX.    NDIM=  25    NPAR=  4    ERR DEF=1
  8.927e+01 -8.891e+00 -6.725e-01  1.157e-03 
 -8.891e+00  1.998e+00 -1.008e-01  1.734e-04 
 -6.725e-01 -1.008e-01  3.082e-02 -5.920e-05 
  1.157e-03  1.734e-04 -5.920e-05  3.299e-07 
ERR MATRIX NOT POS-DEF
 PARAMETER  CORRELATION COEFFICIENTS  
       NO.  GLOBAL     18     19     20     22
       18  0.99709   1.000 -0.666 -0.405  0.213
       19  0.99710  -0.666  1.000 -0.406  0.214
       20  0.99608  -0.405 -0.406  1.000 -0.587
       22  0.77718   0.213  0.214 -0.587  1.000
 ERR MATRIX NOT POS-DEF
MINUIT - FIT ONLY 2-y
 **********
 **   76 **RES 
 **********
                   PARAMETER   14  ANy2 RESTORED TO VARIABLE.
                   PARAMETER    8  phi_CBO RESTORED TO VARIABLE.
                   PARAMETER    7  w_CBO RESTORED TO VARIABLE.
                   PARAMETER    6  A_CBO RESTORED TO VARIABLE.
                   PARAMETER    4  phi RESTORED TO VARIABLE.
                   PARAMETER    3  A0 RESTORED TO VARIABLE.
                   PARAMETER    1  N0 RESTORED TO VARIABLE.
 **********
 **   77 **FIX            0
 **********
 PARAMETER    0  IS UNDEFINED. IGNORED.
 **********
 **   78 **FIX            1
 **********
 **********
 **   79 **FIX            2
 **********
 PARAMETER    2  IS CONSTANT.   IGNORED.
 **********
 **   80 **FIX            3
 **********
 **********
 **   81 **FIX            4
 **********
 **********
 **   82 **FIX            5
 **********
 PARAMETER    5  IS CONSTANT.   IGNORED.
 **********
 **   83 **FIX            6
 **********
 **********
 **   84 **FIX            7
 **********
 **********
 **   85 **FIX            8
 **********
 **********
 **   86 **FIX            9
 **********
 PARAMETER    9  IS CONSTANT.   IGNORED.
 **********
 **   87 **FIX           10
 **********
 PARAMETER   10  IS CONSTANT.   IGNORED.
 **********
 **   88 **FIX           11
 **********
 PARAMETER   11  IS CONSTANT.   IGNORED.
 **********
 **   89 **FIX           12
 **********
 PARAMETER   12  IS CONSTANT.   IGNORED.
 **********
 **   90 **FIX           16
 **********
 PARAMETER   16  IS CONSTANT.   IGNORED.
 **********
 **   91 **MIGRAD
 **********
 START MIGRAD MINIMIZATION.  STRATEGY  1.  CONVERGENCE WHEN EDM .LT. 1.00e-04
 FCN=298.24 FROM MIGRAD    STATUS=INITIATE       10 CALLS         968 TOTAL
                     EDM= unknown      STRATEGY= 1      NO ERROR MATRIX       
  EXT PARAMETER               CURRENT GUESS       STEP         FIRST   
  NO.   NAME      VALUE            ERROR          SIZE      DERIVATIVE 
   1  N0           3.43423e+06     fixed    
   2  tau          6.43981e+01   constant   
   3  A0           3.53959e-01     fixed    
   4  phi          4.11604e+00     fixed    
   5  R           -5.99112e+01   constant   
   6  A_CBO        1.94659e-03     fixed    
   7  w_CBO        2.32073e+00     fixed    
   8  phi_CBO      2.14282e+00     fixed    
   9  ANx2         3.16301e-04   constant   
  10  pNx2         1.53957e+00   constant   
  11  ANy1         0.00000e+00   constant   
  12  pNy1         0.00000e+00   constant   
  13  w_y          0.00000e+00   constant   
  14  ANy2         5.15778e-04   9.59767e-04   9.59767e-04   9.39100e-02
  15  pNy2         1.44040e+00   constant   
  16  w_vw         1.43192e+01   constant   
  17  LM          -2.49463e-04   constant   
  18  wCBO_expCoeff   2.03552e+02   9.44834e+00   6.09539e-03   1.27975e-03
  19  wCBO_expOffset   1.97339e+02   1.41359e+00   9.11530e-04   8.56002e-03
  20  wCBO_expT    3.04400e+01   1.75549e-01   1.31511e-04   6.68942e-04
  21  wCBO_linCoeff   0.00000e+00   constant   
  22  wCBO_const  -1.91660e-03   5.74359e-04   3.06009e-06   1.44033e+00
 MIGRAD MINIMIZATION HAS CONVERGED.
 MIGRAD WILL VERIFY CONVERGENCE AND ERROR MATRIX.
 FCN=298.24 FROM MIGRAD    STATUS=CONVERGED      57 CALLS        1015 TOTAL
                     EDM=5.17356e-05    STRATEGY= 1      ERR MATRIX NOT POS-DEF
  EXT PARAMETER                APPROXIMATE        STEP         FIRST   
  NO.   NAME      VALUE            ERROR          SIZE      DERIVATIVE 
   1  N0           3.43423e+06     fixed    
   2  tau          6.43981e+01   constant   
   3  A0           3.53959e-01     fixed    
   4  phi          4.11604e+00     fixed    
   5  R           -5.99112e+01   constant   
   6  A_CBO        1.94659e-03     fixed    
   7  w_CBO        2.32073e+00     fixed    
   8  phi_CBO      2.14282e+00     fixed    
   9  ANx2         3.16301e-04   constant   
  10  pNx2         1.53957e+00   constant   
  11  ANy1         0.00000e+00   constant   
  12  pNy1         0.00000e+00   constant   
  13  w_y          0.00000e+00   constant   
  14  ANy2         5.15760e-04   9.60184e-04   8.12940e-06   5.31377e-02
  15  pNy2         1.44040e+00   constant   
  16  w_vw         1.43192e+01   constant   
  17  LM          -2.49463e-04   constant   
  18  wCBO_expCoeff   2.03552e+02   9.44811e+00   6.09522e-03   6.32259e-05
  19  wCBO_expOffset   1.97339e+02   1.41370e+00   9.11503e-04   4.22791e-04
  20  wCBO_expT    3.04400e+01   1.75549e-01   1.31506e-04  -5.59896e-02
  21  wCBO_linCoeff   0.00000e+00   constant   
  22  wCBO_const  -1.91663e-03   5.74355e-04   3.06006e-06  -4.29376e-01
 EXTERNAL ERROR MATRIX.    NDIM=  25    NPAR=  5    ERR DEF=1
  9.220e-07 -8.987e-06 -1.350e-06  3.361e-07 -6.147e-11 
 -8.987e-06  8.927e+01 -8.892e+00 -6.723e-01  1.157e-03 
 -1.350e-06 -8.892e+00  1.999e+00 -1.009e-01  1.734e-04 
  3.361e-07 -6.723e-01 -1.009e-01  3.082e-02 -5.920e-05 
 -6.147e-11  1.157e-03  1.734e-04 -5.920e-05  3.299e-07 
ERR MATRIX NOT POS-DEF
 PARAMETER  CORRELATION COEFFICIENTS  
       NO.  GLOBAL     14     18     19     20     22
       14  0.00444   1.000 -0.001 -0.001  0.002 -0.000
       18  0.99709  -0.001  1.000 -0.666 -0.405  0.213
       19  0.99710  -0.001 -0.666  1.000 -0.406  0.214
       20  0.99608   0.002 -0.405 -0.406  1.000 -0.587
       22  0.77718  -0.000  0.213  0.214 -0.587  1.000
 ERR MATRIX NOT POS-DEF
MINUIT - FIT ALTOGETHER
 **********
 **   92 **RES 
 **********
                   PARAMETER    8  phi_CBO RESTORED TO VARIABLE.
                   PARAMETER    7  w_CBO RESTORED TO VARIABLE.
                   PARAMETER    6  A_CBO RESTORED TO VARIABLE.
                   PARAMETER    4  phi RESTORED TO VARIABLE.
                   PARAMETER    3  A0 RESTORED TO VARIABLE.
                   PARAMETER    1  N0 RESTORED TO VARIABLE.
 **********
 **   93 **MIGRAD
 **********
 START MIGRAD MINIMIZATION.  STRATEGY  1.  CONVERGENCE WHEN EDM .LT. 1.00e-04
 FCN=298.24 FROM MIGRAD    STATUS=INITIATE       22 CALLS        1037 TOTAL
                     EDM= unknown      STRATEGY= 1      NO ERROR MATRIX       
  EXT PARAMETER               CURRENT GUESS       STEP         FIRST   
  NO.   NAME      VALUE            ERROR          SIZE      DERIVATIVE 
   1  N0           3.43423e+06   2.35713e+03   2.35713e+03   2.64737e-05
   2  tau          6.43981e+01   constant   
   3  A0           3.53959e-01   9.17700e-04   9.17700e-04   1.79734e+00
   4  phi          4.11604e+00   2.69149e-03   2.69149e-03  -5.60699e+01
   5  R           -5.99112e+01   constant   
   6  A_CBO        1.94659e-03   9.84128e-04   9.84128e-04  -3.81974e-01
   7  w_CBO        2.32073e+00   7.75148e-03   7.75148e-03  -1.78816e-01
   8  phi_CBO      2.14282e+00   8.50376e-01   8.50376e-01   4.81437e-04
   9  ANx2         3.16301e-04   constant   
  10  pNx2         1.53957e+00   constant   
  11  ANy1         0.00000e+00   constant   
  12  pNy1         0.00000e+00   constant   
  13  w_y          0.00000e+00   constant   
  14  ANy2         5.15760e-04   9.60184e-04   8.12940e-06   5.31380e-02
  15  pNy2         1.44040e+00   constant   
  16  w_vw         1.43192e+01   constant   
  17  LM          -2.49463e-04   constant   
  18  wCBO_expCoeff   2.03552e+02   9.44811e+00   6.09522e-03   6.39874e-05
