 + ++++++++++++++++++++++++++++++++++++++++++++++++++++++++++++++++++++ +
 +                                                                      +
 +           You have chose to blind your fitting according to          +
 +                omega_ref * (1 + (R +/- deltaR) *10^{-6})             +
 +                                                                      +
 + ++++++++++++++++++++++++++++++++++++++++++++++++++++++++++++++++++++ +
In main()...
reading format from /gm2data/zkhechad/run45/envelope/formats/formatB_sBin_constraintOn.txt
pBinTau 	= 0  
pBinPhi 	= 0  
constraintau 	= 1 
includeMopTerm 	= 0    
constrainMop    = 0   
Parameters after format file: pBinTau 0 pBinPhi 0 constraintau 1 includeMopTerm 0 constrainMop 0 c_e_scale 0.000000 
reading cbo reference file (full fit) from /gm2data/zkhechad/cboTemplates/Run4CBOTemplates/fullFits/run4/sBin_constraintOn_cE0.0_seed0_run4_calo14.root
A_CBO 0.007725 w_CBO 2.327367 phi_CBO 5.940248 N0 3305546.525918 R -60.591491 tau 64.400381 
Reading cboRef file /gm2data/zkhechad/cboTemplates/Run4CBOTemplates//cboIsolate/run4_calo14.root
deltaT 164.120000
windowBins = 1100
fitting sliding window 2040 from bin 2243 at 334.655600 to bin 3343 at 498.775600 (1100 bins)

Reading data from /gm2data/cornell/histograms/aMethod/histogram_a_run4.root
fitting cbo isolate
 **********
 **    1 **SET PRINTOUT            1
 **********
 **********
 **    2 **SET NOWARNINGS 
 **********
 PARAMETER DEFINITIONS:
    NO.   NAME         VALUE      STEP SIZE      LIMITS
     1 A_CBO        7.72458e-03  1.00000e-05     no limits
     2 w_CBO        2.32737e+00  1.00000e-02    2.00000e+00  3.00000e+00
     3 phi_CBO      5.94025e+00  1.00000e-02    0.00000e+00  6.28319e+00
 **********
 **    3 **MIGRAD
 **********
 FIRST CALL TO USER FUNCTION AT NEW START POINT, WITH IFLAG=4.
 START MIGRAD MINIMIZATION.  STRATEGY  1.  CONVERGENCE WHEN EDM .LT. 1.00e-04
 FCN=0.140613 FROM MIGRAD    STATUS=INITIATE       12 CALLS          13 TOTAL
                     EDM= unknown      STRATEGY= 1      NO ERROR MATRIX       
  EXT PARAMETER               CURRENT GUESS       STEP         FIRST   
  NO.   NAME      VALUE            ERROR          SIZE      DERIVATIVE 
   1  A_CBO        7.72458e-03   1.00000e-05   1.00000e-05   6.91021e+00
   2  w_CBO        2.32737e+00   1.00000e-02   2.13128e-02   1.96685e+00
   3  phi_CBO      5.94025e+00   1.00000e-02   7.00705e-03  -1.27932e-02
 MIGRAD MINIMIZATION HAS CONVERGED.
 MIGRAD WILL VERIFY CONVERGENCE AND ERROR MATRIX.
 FCN=0.118166 FROM HESSE     STATUS=NOT POSDEF     16 CALLS          67 TOTAL
                     EDM=0.00170232    STRATEGY= 1      ERR MATRIX NOT POS-DEF
  EXT PARAMETER                APPROXIMATE        STEP         FIRST   
  NO.   NAME      VALUE            ERROR          SIZE      DERIVATIVE 
   1  A_CBO        1.83347e-03   6.20763e-02   2.19951e-05  -1.31396e-02
   2  w_CBO        2.32625e+00   6.23379e-01   6.33952e-05   1.35425e-02
   3  phi_CBO      6.14316e+00   3.51805e+00   1.38267e-02   1.36994e-04
 MIGRAD MINIMIZATION HAS CONVERGED.
 MIGRAD WILL VERIFY CONVERGENCE AND ERROR MATRIX.
 COVARIANCE MATRIX CALCULATED SUCCESSFULLY
 FCN=0.11768 FROM MIGRAD    STATUS=CONVERGED     160 CALLS         161 TOTAL
                     EDM=6.88427e-07    STRATEGY= 1      ERROR MATRIX ACCURATE 
  EXT PARAMETER                                   STEP         FIRST   
  NO.   NAME      VALUE            ERROR          SIZE      DERIVATIVE 
   1  A_CBO        2.05860e-03   4.28744e-02   2.20104e-05  -1.53012e-02
   2  w_CBO        2.31708e+00   3.68907e-01   5.16409e-05   3.64994e-03
   3  phi_CBO      2.17454e+00   5.03277e+00   3.40318e-03  -4.05524e-05
 EXTERNAL ERROR MATRIX.    NDIM=  25    NPAR=  3    ERR DEF=1
  1.838e-03 -1.894e-03 -8.128e-01 
 -1.894e-03  1.814e-01  7.769e+01 
 -8.128e-01  7.769e+01  3.369e+04 
 PARAMETER  CORRELATION COEFFICIENTS  
       NO.  GLOBAL      1      2      3
        1  0.10371   1.000 -0.104 -0.103
        2  0.99365  -0.104  1.000  0.994
        3  0.99365  -0.103  0.994  1.000
setting A_CBO=0.002059 w_CBO=2.317083, phi_CBO=2.174543
done fitting cbo isolate
 **********
 **    1 **SET PRINTOUT            1
 **********
 **********
 **    2 **SET NOWARNINGS 
 **********
 PARAMETER DEFINITIONS:
    NO.   NAME         VALUE      STEP SIZE      LIMITS
     1 N0           3.30555e+06  1.00000e+02     no limits
     2 tau          6.44004e+01  constant
     3 A0           3.62072e-01  1.00000e-04     no limits
     4 phi          4.12124e+00  1.00000e-02     no limits
     5 R           -6.05915e+01  constant
     6 A_CBO        2.05860e-03  1.00000e-05     no limits
     7 w_CBO        2.31708e+00  1.00000e-03     no limits
     8 phi_CBO      2.17454e+00  1.00000e-04     no limits
     9 ANx2         3.16430e-04  constant
    10 pNx2         2.82055e+00  constant
    11 ANy1         0.00000e+00  constant
    12 pNy1         0.00000e+00  constant
    13 w_y          0.00000e+00  constant
    14 ANy2         7.39162e-03  1.00000e-04     no limits
    15 pNy2         2.23607e+00  constant
    16 w_vw         1.43191e+01  constant
    17 LM          -1.34420e-04  constant
    18 wCBO_expCoeff   2.00000e+02  1.00000e+00     no limits
    19 wCBO_expOffset   2.00000e+02  1.00000e+00     no limits
    20 wCBO_expT    3.00000e+01  1.00000e+00     no limits
    21 wCBO_linCoeff   0.00000e+00  constant
    22 wCBO_const   0.00000e+00  1.00000e-02     no limits
MINUIT - FIT ONLY WIGGLE
 **********
 **    3 **FIX            5
 **********
 PARAMETER    5  IS CONSTANT.   IGNORED.
 **********
 **    4 **FIX            6
 **********
 **********
 **    5 **FIX            7
 **********
 **********
 **    6 **FIX            8
 **********
 **********
 **    7 **FIX            9
 **********
 PARAMETER    9  IS CONSTANT.   IGNORED.
 **********
 **    8 **FIX           10
 **********
 PARAMETER   10  IS CONSTANT.   IGNORED.
 **********
 **    9 **FIX           11
 **********
 PARAMETER   11  IS CONSTANT.   IGNORED.
 **********
 **   10 **FIX           12
 **********
 PARAMETER   12  IS CONSTANT.   IGNORED.
 **********
 **   11 **FIX           13
 **********
 PARAMETER   13  IS CONSTANT.   IGNORED.
 **********
 **   12 **FIX           14
 **********
 **********
 **   13 **FIX           15
 **********
 PARAMETER   15  IS CONSTANT.   IGNORED.
 **********
 **   14 **FIX           16
 **********
 PARAMETER   16  IS CONSTANT.   IGNORED.
 **********
 **   15 **MIGRAD
 **********
 FIRST CALL TO USER FUNCTION AT NEW START POINT, WITH IFLAG=4.
 START MIGRAD MINIMIZATION.  STRATEGY  1.  CONVERGENCE WHEN EDM .LT. 1.00e-04
 FCN=471.535 FROM MIGRAD    STATUS=INITIATE       56 CALLS          57 TOTAL
                     EDM= unknown      STRATEGY= 1      NO ERROR MATRIX       
  EXT PARAMETER               CURRENT GUESS       STEP         FIRST   
  NO.   NAME      VALUE            ERROR          SIZE      DERIVATIVE 
   1  N0           3.30555e+06   1.00000e+02   0.00000e+00  -6.56830e-04
   2  tau          6.44004e+01   constant   
   3  A0           3.62072e-01   1.00000e-04   0.00000e+00   2.23583e+03
   4  phi          4.12124e+00   1.00000e-02   0.00000e+00   1.38092e+02
   5  R           -6.05915e+01   constant   
   6  A_CBO        2.05860e-03     fixed    
   7  w_CBO        2.31708e+00     fixed    
   8  phi_CBO      2.17454e+00     fixed    
   9  ANx2         3.16430e-04   constant   
  10  pNx2         2.82055e+00   constant   
  11  ANy1         0.00000e+00   constant   
  12  pNy1         0.00000e+00   constant   
  13  w_y          0.00000e+00   constant   
  14  ANy2         7.39162e-03     fixed    
  15  pNy2         2.23607e+00   constant   
  16  w_vw         1.43191e+01   constant   
  17  LM          -1.34420e-04   constant   
  18  wCBO_expCoeff   2.00000e+02   1.00000e+00   0.00000e+00   1.98627e+01
  19  wCBO_expOffset   2.00000e+02   1.00000e+00   0.00000e+00   1.32418e+02
  20  wCBO_expT    3.00000e+01   1.00000e+00   0.00000e+00   5.61002e+02
  21  wCBO_linCoeff   0.00000e+00   constant   
  22  wCBO_const   1.49643e-03   1.00000e-02   1.49643e-03  -5.66275e+02
 MIGRAD MINIMIZATION HAS CONVERGED.
 FCN=466.672 FROM MIGRAD    STATUS=CONVERGED     228 CALLS         229 TOTAL
                     EDM=1.14043e-08    STRATEGY= 1  ERROR MATRIX UNCERTAINTY   1.2 per cent
  EXT PARAMETER                                   STEP         FIRST   
  NO.   NAME      VALUE            ERROR          SIZE      DERIVATIVE 
   1  N0           3.30637e+06   1.46173e+03   2.38673e+00   2.43489e-08
   2  tau          6.44004e+01   constant   
   3  A0           3.61545e-01   5.89642e-04   6.24022e-07   1.60710e-01
   4  phi          4.12086e+00   1.68934e-03   7.46979e-07  -3.44799e-03
   5  R           -6.05915e+01   constant   
   6  A_CBO        2.05860e-03     fixed    
   7  w_CBO        2.31708e+00     fixed    
   8  phi_CBO      2.17454e+00     fixed    
   9  ANx2         3.16430e-04   constant   
  10  pNx2         2.82055e+00   constant   
  11  ANy1         0.00000e+00   constant   
  12  pNy1         0.00000e+00   constant   
  13  w_y          0.00000e+00   constant   
  14  ANy2         7.39162e-03     fixed    
  15  pNy2         2.23607e+00   constant   
  16  w_vw         1.43191e+01   constant   
  17  LM          -1.34420e-04   constant   
  18  wCBO_expCoeff   2.00187e+02   9.83156e-01   8.19114e-04  -1.65025e-03
  19  wCBO_expOffset   2.00028e+02   1.47285e-01   1.22609e-04  -1.10165e-02
  20  wCBO_expT    2.99775e+01   6.37380e-02  -6.30249e-05  -4.96921e-02
  21  wCBO_linCoeff   0.00000e+00   constant   
  22  wCBO_const   3.67491e-03   9.86933e-04   1.69030e-06  -1.87237e-01
 EXTERNAL ERROR MATRIX.    NDIM=  25    NPAR=  7    ERR DEF=1
  2.137e+06  5.051e-03 -3.249e-02 -5.122e+01 -7.675e+00  3.297e+00  7.701e-02 
  5.051e-03  3.477e-07  1.941e-08  1.026e-05  1.536e-06 -7.151e-07 -3.934e-09 
 -3.249e-02  1.941e-08  2.854e-06  7.956e-05  1.192e-05 -4.961e-06  8.137e-08 
 -5.122e+01  1.026e-05  7.956e-05  9.666e-01  1.423e-01 -6.225e-02  1.873e-04 
 -7.675e+00  1.536e-06  1.192e-05  1.423e-01  2.169e-02 -9.326e-03  2.805e-05 
  3.297e+00 -7.151e-07 -4.961e-06 -6.225e-02 -9.326e-03  4.063e-03 -1.533e-05 
  7.701e-02 -3.934e-09  8.137e-08  1.873e-04  2.805e-05 -1.533e-05  9.740e-07 
 PARAMETER  CORRELATION COEFFICIENTS  
       NO.  GLOBAL      1      3      4     18     19     20     22
        1  0.09893   1.000  0.006 -0.013 -0.036 -0.036  0.035  0.053
        3  0.05328   0.006  1.000  0.019  0.018  0.018 -0.019 -0.007
        4  0.11532  -0.013  0.019  1.000  0.048  0.048 -0.046  0.049
       18  0.99690  -0.036  0.018  0.048  1.000  0.983 -0.993  0.193
       19  0.99690  -0.036  0.018  0.048  0.983  1.000 -0.993  0.193
       20  0.99907   0.035 -0.019 -0.046 -0.993 -0.993  1.000 -0.244
       22  0.77784   0.053 -0.007  0.049  0.193  0.193 -0.244  1.000
MINUIT - FIT ONLY 1-CBO + other amplitudes 
 **********
 **   16 **RES 
 **********
                   PARAMETER   14  ANy2 RESTORED TO VARIABLE.
                   PARAMETER    8  phi_CBO RESTORED TO VARIABLE.
                   PARAMETER    7  w_CBO RESTORED TO VARIABLE.
                   PARAMETER    6  A_CBO RESTORED TO VARIABLE.
 **********
 **   17 **FIX            0
 **********
 PARAMETER    0  IS UNDEFINED. IGNORED.
 **********
 **   18 **FIX            1
 **********
 **********
 **   19 **FIX            2
 **********
 PARAMETER    2  IS CONSTANT.   IGNORED.
 **********
 **   20 **FIX            3
 **********
 **********
 **   21 **FIX            4
 **********
 **********
 **   22 **FIX            9
 **********
 PARAMETER    9  IS CONSTANT.   IGNORED.
 **********
 **   23 **FIX           11
 **********
 PARAMETER   11  IS CONSTANT.   IGNORED.
 **********
 **   24 **FIX           12
 **********
 PARAMETER   12  IS CONSTANT.   IGNORED.
 **********
 **   25 **FIX           14
 **********
 **********
 **   26 **FIX           15
 **********
 PARAMETER   15  IS CONSTANT.   IGNORED.
 **********
 **   27 **FIX           16
 **********
 PARAMETER   16  IS CONSTANT.   IGNORED.
 **********
 **   28 **MIGRAD
 **********
 START MIGRAD MINIMIZATION.  STRATEGY  1.  CONVERGENCE WHEN EDM .LT. 1.00e-04
 FCN=466.672 FROM MIGRAD    STATUS=INITIATE       20 CALLS         249 TOTAL
                     EDM= unknown      STRATEGY= 1      NO ERROR MATRIX       
  EXT PARAMETER               CURRENT GUESS       STEP         FIRST   
  NO.   NAME      VALUE            ERROR          SIZE      DERIVATIVE 
   1  N0           3.30637e+06     fixed    
   2  tau          6.44004e+01   constant   
   3  A0           3.61545e-01     fixed    
   4  phi          4.12086e+00     fixed    
   5  R           -6.05915e+01   constant   
   6  A_CBO        2.05860e-03   1.00000e-05   1.00000e-05   7.43309e+03
   7  w_CBO        2.31708e+00   1.00000e-03   1.00000e-03  -2.25741e-01
   8  phi_CBO      2.17454e+00   1.00000e-04   1.00000e-04  -1.49788e+00
   9  ANx2         3.16430e-04   constant   
  10  pNx2         2.82055e+00   constant   
  11  ANy1         0.00000e+00   constant   
  12  pNy1         0.00000e+00   constant   
  13  w_y          0.00000e+00   constant   
  14  ANy2         7.39162e-03     fixed    
  15  pNy2         2.23607e+00   constant   
  16  w_vw         1.43191e+01   constant   
  17  LM          -1.34420e-04   constant   
  18  wCBO_expCoeff   2.00187e+02   9.83156e-01   8.19114e-04  -1.65023e-03
  19  wCBO_expOffset   2.00028e+02   1.47285e-01   1.22609e-04  -1.10164e-02
  20  wCBO_expT    2.99775e+01   6.37380e-02  -6.30249e-05  -4.96917e-02
  21  wCBO_linCoeff   0.00000e+00   constant   
  22  wCBO_const   3.67491e-03   9.86933e-04   1.69030e-06  -1.87239e-01
 MIGRAD MINIMIZATION HAS CONVERGED.
 MIGRAD WILL VERIFY CONVERGENCE AND ERROR MATRIX.
 COVARIANCE MATRIX CALCULATED SUCCESSFULLY
 FCN=460.266 FROM MIGRAD    STATUS=CONVERGED     260 CALLS         489 TOTAL
                     EDM=8.73769e-06    STRATEGY= 1      ERROR MATRIX ACCURATE 
  EXT PARAMETER                                   STEP         FIRST   
  NO.   NAME      VALUE            ERROR          SIZE      DERIVATIVE 
   1  N0           3.30637e+06     fixed    
   2  tau          6.44004e+01   constant   
   3  A0           3.61545e-01     fixed    
   4  phi          4.12086e+00     fixed    
   5  R           -6.05915e+01   constant   
   6  A_CBO        5.93943e-04   6.31632e-04   6.48768e-06  -8.59211e-01
   7  w_CBO        2.31690e+00   1.71538e-02   7.61240e-06   2.27672e+00
   8  phi_CBO      3.13266e+00   1.30762e+00   1.09962e-02  -1.87527e-03
   9  ANx2         3.16430e-04   constant   
  10  pNx2         2.82055e+00   constant   
  11  ANy1         0.00000e+00   constant   
  12  pNy1         0.00000e+00   constant   
  13  w_y          0.00000e+00   constant   
  14  ANy2         7.39162e-03     fixed    
  15  pNy2         2.23607e+00   constant   
  16  w_vw         1.43191e+01   constant   
  17  LM          -1.34420e-04   constant   
  18  wCBO_expCoeff   2.00038e+02   2.18247e+00   1.12595e-03   2.11308e-02
  19  wCBO_expOffset   2.00006e+02   3.27265e-01   1.68773e-04   1.40952e-01
  20  wCBO_expT    2.99862e+01   4.77927e-02   3.60161e-05   6.82566e-01
  21  wCBO_linCoeff   0.00000e+00   constant   
  22  wCBO_const   4.80502e-03   7.43424e-03   6.58274e-06   1.04304e+00
 EXTERNAL ERROR MATRIX.    NDIM=  25    NPAR=  7    ERR DEF=1
  3.990e-07  3.386e-08 -7.271e-06 -2.402e-06 -3.554e-07  6.747e-07 -1.258e-07 
  3.386e-08  2.943e-04  9.061e-04 -1.103e-02 -1.661e-03 -1.114e-04 -1.256e-04 
 -7.271e-06  9.061e-04  1.710e+00  1.707e-01  2.557e-02 -1.426e-02  4.104e-04 
 -2.402e-06 -1.103e-02  1.707e-01  4.763e+00 -4.430e-01 -2.876e-02  5.220e-03 
 -3.554e-07 -1.661e-03  2.557e-02 -4.430e-01  1.071e-01 -4.308e-03  7.853e-04 
  6.747e-07 -1.114e-04 -1.426e-02 -2.876e-02 -4.308e-03  2.284e-03  9.766e-06 
 -1.258e-07 -1.256e-04  4.104e-04  5.220e-03  7.853e-04  9.766e-06  5.527e-05 
 PARAMETER  CORRELATION COEFFICIENTS  
       NO.  GLOBAL      6      7      8     18     19     20     22
        6  0.19938   1.000  0.003 -0.009 -0.002 -0.002  0.022 -0.027
        7  0.99911   0.003  1.000  0.040 -0.295 -0.296 -0.136 -0.985
        8  0.60731  -0.009  0.040  1.000  0.060  0.060 -0.228  0.042
       18  0.99880  -0.002 -0.295  0.060  1.000 -0.620 -0.276  0.322
       19  0.99880  -0.002 -0.296  0.060 -0.620  1.000 -0.275  0.323
       20  0.99743   0.022 -0.136 -0.228 -0.276 -0.275  1.000  0.027
       22  0.99645  -0.027 -0.985  0.042  0.322  0.323  0.027  1.000
MINUIT - FIT ONLY 1-CBO
 **********
 **   29 **RES 
 **********
                   PARAMETER   14  ANy2 RESTORED TO VARIABLE.
                   PARAMETER    4  phi RESTORED TO VARIABLE.
                   PARAMETER    3  A0 RESTORED TO VARIABLE.
                   PARAMETER    1  N0 RESTORED TO VARIABLE.
 **********
 **   30 **FIX            0
 **********
 PARAMETER    0  IS UNDEFINED. IGNORED.
 **********
 **   31 **FIX            1
 **********
 **********
 **   32 **FIX            2
 **********
 PARAMETER    2  IS CONSTANT.   IGNORED.
 **********
 **   33 **FIX            3
 **********
 **********
 **   34 **FIX            4
 **********
 **********
 **   35 **FIX            8
 **********
 **********
 **   36 **FIX            9
 **********
 PARAMETER    9  IS CONSTANT.   IGNORED.
 **********
 **   37 **FIX           11
 **********
 PARAMETER   11  IS CONSTANT.   IGNORED.
 **********
 **   38 **FIX           12
 **********
 PARAMETER   12  IS CONSTANT.   IGNORED.
 **********
 **   39 **FIX           13
 **********
 PARAMETER   13  IS CONSTANT.   IGNORED.
 **********
 **   40 **FIX           15
 **********
 PARAMETER   15  IS CONSTANT.   IGNORED.
 **********
 **   41 **FIX           16
 **********
 PARAMETER   16  IS CONSTANT.   IGNORED.
 **********
 **   42 **MIGRAD
 **********
 START MIGRAD MINIMIZATION.  STRATEGY  1.  CONVERGENCE WHEN EDM .LT. 1.00e-04
 FCN=460.266 FROM MIGRAD    STATUS=INITIATE       16 CALLS         505 TOTAL
                     EDM= unknown      STRATEGY= 1      NO ERROR MATRIX       
  EXT PARAMETER               CURRENT GUESS       STEP         FIRST   
  NO.   NAME      VALUE            ERROR          SIZE      DERIVATIVE 
   1  N0           3.30637e+06     fixed    
   2  tau          6.44004e+01   constant   
   3  A0           3.61545e-01     fixed    
   4  phi          4.12086e+00     fixed    
   5  R           -6.05915e+01   constant   
   6  A_CBO        5.93943e-04   6.31632e-04   6.48768e-06  -8.59211e-01
   7  w_CBO        2.31690e+00   1.71538e-02   7.61240e-06   2.27061e+00
   8  phi_CBO      3.13266e+00     fixed    
   9  ANx2         3.16430e-04   constant   
  10  pNx2         2.82055e+00   constant   
  11  ANy1         0.00000e+00   constant   
  12  pNy1         0.00000e+00   constant   
  13  w_y          0.00000e+00   constant   
  14  ANy2         7.39162e-03   1.00000e-04   1.00000e-04   3.77347e+04
  15  pNy2         2.23607e+00   constant   
  16  w_vw         1.43191e+01   constant   
  17  LM          -1.34420e-04   constant   
  18  wCBO_expCoeff   2.00038e+02   2.18247e+00   1.12595e-03   2.10878e-02
  19  wCBO_expOffset   2.00006e+02   3.27265e-01   1.68773e-04   1.40681e-01
  20  wCBO_expT    2.99862e+01   4.77927e-02   3.60161e-05   6.81092e-01
  21  wCBO_linCoeff   0.00000e+00   constant   
  22  wCBO_const   4.80502e-03   7.43424e-03   6.58274e-06   1.03965e+00
 MIGRAD MINIMIZATION HAS CONVERGED.
 MIGRAD WILL VERIFY CONVERGENCE AND ERROR MATRIX.
 COVARIANCE MATRIX CALCULATED SUCCESSFULLY
 FCN=324.311 FROM MIGRAD    STATUS=CONVERGED     206 CALLS         695 TOTAL
                     EDM=3.1954e-08    STRATEGY= 1      ERROR MATRIX ACCURATE 
  EXT PARAMETER                                   STEP         FIRST   
  NO.   NAME      VALUE            ERROR          SIZE      DERIVATIVE 
   1  N0           3.30637e+06     fixed    
   2  tau          6.44004e+01   constant   
   3  A0           3.61545e-01     fixed    
   4  phi          4.12086e+00     fixed    
   5  R           -6.05915e+01   constant   
   6  A_CBO        4.45472e-04   6.82358e-04   5.41853e-06  -3.00235e-02
   7  w_CBO        2.31637e+00   5.36360e-02   9.57144e-06  -7.45529e-02
   8  phi_CBO      3.13266e+00     fixed    
   9  ANx2         3.16430e-04   constant   
  10  pNx2         2.82055e+00   constant   
  11  ANy1         0.00000e+00   constant   
  12  pNy1         0.00000e+00   constant   
  13  w_y          0.00000e+00   constant   
  14  ANy2         1.82479e-04   6.19055e-04   5.44099e-06  -5.36689e-03
  15  pNy2         2.23607e+00   constant   
  16  w_vw         1.43191e+01   constant   
  17  LM          -1.34420e-04   constant   
  18  wCBO_expCoeff   1.99866e+02   4.87463e+00   1.79080e-03  -8.57784e-04
  19  wCBO_expOffset   1.99980e+02   7.32873e-01   2.68780e-04  -5.71511e-03
  20  wCBO_expT    2.99975e+01   7.54728e-02   5.49373e-05  -2.44128e-02
  21  wCBO_linCoeff   0.00000e+00   constant   
  22  wCBO_const   5.07342e-03   2.32561e-02   6.32121e-06  -1.24793e-03
 EXTERNAL ERROR MATRIX.    NDIM=  25    NPAR=  7    ERR DEF=1
  4.656e-07  2.674e-06  1.257e-08  1.363e-04  2.037e-05 -1.590e-05 -1.155e-06 
  2.674e-06  2.877e-03  3.005e-07 -1.163e-01 -1.760e-02 -4.605e-04 -1.245e-03 
  1.257e-08  3.005e-07  3.832e-07  1.739e-05  2.604e-06 -1.750e-06 -1.261e-07 
  1.363e-04 -1.163e-01  1.739e-05  2.376e+01 -1.758e+00 -6.636e-02  5.132e-02 
  2.037e-05 -1.760e-02  2.604e-06 -1.758e+00  5.371e-01 -9.951e-03  7.765e-03 
 -1.590e-05 -4.605e-04 -1.750e-06 -6.636e-02 -9.951e-03  5.696e-03  1.307e-04 
 -1.155e-06 -1.245e-03 -1.261e-07  5.132e-02  7.765e-03  1.307e-04  5.408e-04 
 PARAMETER  CORRELATION COEFFICIENTS  
       NO.  GLOBAL      6      7     14     18     19     20     22
        6  0.43249   1.000  0.073  0.030  0.041  0.041 -0.309 -0.073
        7  0.99980   0.073  1.000  0.009 -0.445 -0.448 -0.114 -0.998
       14  0.06327   0.030  0.009  1.000  0.006  0.006 -0.037 -0.009
       18  0.99913   0.041 -0.445  0.006  1.000 -0.492 -0.180  0.453
       19  0.99914   0.041 -0.448  0.006 -0.492  1.000 -0.180  0.456
       20  0.99660  -0.309 -0.114 -0.037 -0.180 -0.180  1.000  0.074
       22  0.99952  -0.073 -0.998 -0.009  0.453  0.456  0.074  1.000
MINUIT - FIT ONLY 2-CBO
 **********
 **   43 **RES 
 **********
                   PARAMETER    8  phi_CBO RESTORED TO VARIABLE.
                   PARAMETER    4  phi RESTORED TO VARIABLE.
                   PARAMETER    3  A0 RESTORED TO VARIABLE.
                   PARAMETER    1  N0 RESTORED TO VARIABLE.
 **********
 **   44 **FIX            0
 **********
 PARAMETER    0  IS UNDEFINED. IGNORED.
 **********
 **   45 **FIX            1
 **********
 **********
 **   46 **FIX            2
 **********
 PARAMETER    2  IS CONSTANT.   IGNORED.
 **********
 **   47 **FIX            3
 **********
 **********
 **   48 **FIX            4
 **********
 **********
 **   49 **FIX            5
 **********
 PARAMETER    5  IS CONSTANT.   IGNORED.
 **********
 **   50 **FIX            6
 **********
 **********
 **   51 **FIX            7
 **********
 **********
 **   52 **FIX           10
 **********
 PARAMETER   10  IS CONSTANT.   IGNORED.
 **********
 **   53 **FIX           11
 **********
 PARAMETER   11  IS CONSTANT.   IGNORED.
 **********
 **   54 **FIX           12
 **********
 PARAMETER   12  IS CONSTANT.   IGNORED.
 **********
 **   55 **FIX           13
 **********
 PARAMETER   13  IS CONSTANT.   IGNORED.
 **********
 **   56 **FIX           14
 **********
 **********
 **   57 **FIX           15
 **********
 PARAMETER   15  IS CONSTANT.   IGNORED.
 **********
 **   58 **FIX           16
 **********
 PARAMETER   16  IS CONSTANT.   IGNORED.
 **********
 **   59 **MIGRAD
 **********
 START MIGRAD MINIMIZATION.  STRATEGY  1.  CONVERGENCE WHEN EDM .LT. 1.00e-04
 FCN=324.311 FROM MIGRAD    STATUS=INITIATE       10 CALLS         705 TOTAL
                     EDM= unknown      STRATEGY= 1      NO ERROR MATRIX       
  EXT PARAMETER               CURRENT GUESS       STEP         FIRST   
  NO.   NAME      VALUE            ERROR          SIZE      DERIVATIVE 
   1  N0           3.30637e+06     fixed    
   2  tau          6.44004e+01   constant   
   3  A0           3.61545e-01     fixed    
   4  phi          4.12086e+00     fixed    
   5  R           -6.05915e+01   constant   
   6  A_CBO        4.45472e-04     fixed    
   7  w_CBO        2.31637e+00     fixed    
   8  phi_CBO      3.13266e+00   1.30762e+00   1.30762e+00  -5.35906e-01
   9  ANx2         3.16430e-04   constant   
  10  pNx2         2.82055e+00   constant   
  11  ANy1         0.00000e+00   constant   
  12  pNy1         0.00000e+00   constant   
  13  w_y          0.00000e+00   constant   
  14  ANy2         1.82479e-04     fixed    
  15  pNy2         2.23607e+00   constant   
  16  w_vw         1.43191e+01   constant   
  17  LM          -1.34420e-04   constant   
  18  wCBO_expCoeff   1.99866e+02   4.87463e+00   1.79080e-03  -8.73228e-04
  19  wCBO_expOffset   1.99980e+02   7.32873e-01   2.68780e-04  -5.81551e-03
  20  wCBO_expT    2.99975e+01   7.54728e-02   5.49373e-05  -2.54613e-02
  21  wCBO_linCoeff   0.00000e+00   constant   
  22  wCBO_const   5.07342e-03   2.32561e-02   6.32121e-06  -8.98552e-04
 MIGRAD MINIMIZATION HAS CONVERGED.
 MIGRAD WILL VERIFY CONVERGENCE AND ERROR MATRIX.
 FCN=323.342 FROM MIGRAD    STATUS=CONVERGED     165 CALLS         860 TOTAL
                     EDM=3.19719e-08    STRATEGY= 1      ERR MATRIX NOT POS-DEF
  EXT PARAMETER                APPROXIMATE        STEP         FIRST   
  NO.   NAME      VALUE            ERROR          SIZE      DERIVATIVE 
   1  N0           3.30637e+06     fixed    
   2  tau          6.44004e+01   constant   
   3  A0           3.61545e-01     fixed    
   4  phi          4.12086e+00     fixed    
   5  R           -6.05915e+01   constant   
   6  A_CBO        4.45472e-04     fixed    
   7  w_CBO        2.31637e+00     fixed    
   8  phi_CBO      5.23904e+00   1.37231e+00   8.67572e-03  -6.40195e-05
   9  ANx2         3.16430e-04   constant   
  10  pNx2         2.82055e+00   constant   
  11  ANy1         0.00000e+00   constant   
  12  pNy1         0.00000e+00   constant   
  13  w_y          0.00000e+00   constant   
  14  ANy2         1.82479e-04     fixed    
  15  pNy2         2.23607e+00   constant   
  16  w_vw         1.43191e+01   constant   
  17  LM          -1.34420e-04   constant   
  18  wCBO_expCoeff   2.01495e+02   2.33591e+00   1.70657e-03   7.71576e-04
  19  wCBO_expOffset   2.00225e+02   3.46609e-01   2.53208e-04   5.20023e-03
  20  wCBO_expT    2.98970e+01   5.54019e-02   4.96703e-05   3.13638e-02
  21  wCBO_linCoeff   0.00000e+00   constant   
  22  wCBO_const   7.01752e-03   1.32105e-03   5.79152e-06   2.68598e-01
 EXTERNAL ERROR MATRIX.    NDIM=  25    NPAR=  5    ERR DEF=1
  1.883e+00  4.622e-01  6.861e-02 -2.511e-02  7.788e-04 
  4.622e-01  5.456e+00 -5.758e-01 -4.855e-02  7.544e-04 
  6.861e-02 -5.758e-01  1.201e-01 -7.206e-03  1.119e-04 
 -2.511e-02 -4.855e-02 -7.206e-03  3.069e-03 -5.183e-05 
  7.788e-04  7.544e-04  1.119e-04 -5.183e-05  1.745e-06 
ERR MATRIX NOT POS-DEF
 PARAMETER  CORRELATION COEFFICIENTS  
       NO.  GLOBAL      8     18     19     20     22
        8  0.69702   1.000  0.144  0.144 -0.330  0.430
       18  0.99656   0.144  1.000 -0.711 -0.375  0.244
       19  0.99656   0.144 -0.711  1.000 -0.375  0.244
       20  0.99481  -0.330 -0.375 -0.375  1.000 -0.708
       22  0.86753   0.430  0.244  0.244 -0.708  1.000
 ERR MATRIX NOT POS-DEF
MINUIT - FIT ONLY 1-y
 **********
 **   60 **RES 
 **********
                   PARAMETER   14  ANy2 RESTORED TO VARIABLE.
                   PARAMETER    7  w_CBO RESTORED TO VARIABLE.
                   PARAMETER    6  A_CBO RESTORED TO VARIABLE.
                   PARAMETER    4  phi RESTORED TO VARIABLE.
                   PARAMETER    3  A0 RESTORED TO VARIABLE.
                   PARAMETER    1  N0 RESTORED TO VARIABLE.
 **********
 **   61 **FIX            0
 **********
 PARAMETER    0  IS UNDEFINED. IGNORED.
 **********
 **   62 **FIX            1
 **********
 **********
 **   63 **FIX            2
 **********
 PARAMETER    2  IS CONSTANT.   IGNORED.
 **********
 **   64 **FIX            3
 **********
 **********
 **   65 **FIX            4
 **********
 **********
 **   66 **FIX            5
 **********
 PARAMETER    5  IS CONSTANT.   IGNORED.
 **********
 **   67 **FIX            6
 **********
 **********
 **   68 **FIX            7
 **********
 **********
 **   69 **FIX            8
 **********
 **********
 **   70 **FIX            9
 **********
 PARAMETER    9  IS CONSTANT.   IGNORED.
 **********
 **   71 **FIX           13
 **********
 PARAMETER   13  IS CONSTANT.   IGNORED.
 **********
 **   72 **FIX           14
 **********
 **********
 **   73 **FIX           15
 **********
 PARAMETER   15  IS CONSTANT.   IGNORED.
 **********
 **   74 **FIX           16
 **********
 PARAMETER   16  IS CONSTANT.   IGNORED.
 **********
 **   75 **MIGRAD
 **********
 START MIGRAD MINIMIZATION.  STRATEGY  1.  CONVERGENCE WHEN EDM .LT. 1.00e-04
 FCN=323.342 FROM MIGRAD    STATUS=INITIATE        8 CALLS         868 TOTAL
                     EDM= unknown      STRATEGY= 1      NO ERROR MATRIX       
  EXT PARAMETER               CURRENT GUESS       STEP         FIRST   
  NO.   NAME      VALUE            ERROR          SIZE      DERIVATIVE 
   1  N0           3.30637e+06     fixed    
   2  tau          6.44004e+01   constant   
   3  A0           3.61545e-01     fixed    
   4  phi          4.12086e+00     fixed    
   5  R           -6.05915e+01   constant   
   6  A_CBO        4.45472e-04     fixed    
   7  w_CBO        2.31637e+00     fixed    
   8  phi_CBO      5.23904e+00     fixed    
   9  ANx2         3.16430e-04   constant   
  10  pNx2         2.82055e+00   constant   
  11  ANy1         0.00000e+00   constant   
  12  pNy1         0.00000e+00   constant   
  13  w_y          0.00000e+00   constant   
  14  ANy2         1.82479e-04     fixed    
  15  pNy2         2.23607e+00   constant   
  16  w_vw         1.43191e+01   constant   
  17  LM          -1.34420e-04   constant   
  18  wCBO_expCoeff   2.01495e+02   2.33591e+00   1.70657e-03   7.82375e-04
  19  wCBO_expOffset   2.00225e+02   3.46609e-01   2.53208e-04   5.27551e-03
  20  wCBO_expT    2.98970e+01   5.54019e-02   4.96703e-05   3.17111e-02
  21  wCBO_linCoeff   0.00000e+00   constant   
  22  wCBO_const   7.01752e-03   1.32105e-03   5.79152e-06   2.65396e-01
 MIGRAD MINIMIZATION HAS CONVERGED.
 MIGRAD WILL VERIFY CONVERGENCE AND ERROR MATRIX.
 FCN=323.342 FROM MIGRAD    STATUS=CONVERGED      49 CALLS         909 TOTAL
                     EDM=1.75442e-08    STRATEGY= 1      ERR MATRIX NOT POS-DEF
  EXT PARAMETER                APPROXIMATE        STEP         FIRST   
  NO.   NAME      VALUE            ERROR          SIZE      DERIVATIVE 
   1  N0           3.30637e+06     fixed    
   2  tau          6.44004e+01   constant   
   3  A0           3.61545e-01     fixed    
   4  phi          4.12086e+00     fixed    
   5  R           -6.05915e+01   constant   
   6  A_CBO        4.45472e-04     fixed    
   7  w_CBO        2.31637e+00     fixed    
   8  phi_CBO      5.23904e+00     fixed    
   9  ANx2         3.16430e-04   constant   
  10  pNx2         2.82055e+00   constant   
  11  ANy1         0.00000e+00   constant   
  12  pNy1         0.00000e+00   constant   
  13  w_y          0.00000e+00   constant   
  14  ANy2         1.82479e-04     fixed    
  15  pNy2         2.23607e+00   constant   
  16  w_vw         1.43191e+01   constant   
  17  LM          -1.34420e-04   constant   
  18  wCBO_expCoeff   2.01495e+02   2.45018e+00   1.70752e-03  -1.07378e-04
  19  wCBO_expOffset   2.00225e+02   3.63563e-01   2.53354e-04  -7.23659e-04
  20  wCBO_expT    2.98970e+01   5.38689e-02   4.96979e-05   6.44391e-04
  21  wCBO_linCoeff   0.00000e+00   constant   
  22  wCBO_const   7.01750e-03   1.20868e-03   5.79181e-06   4.68958e-02
 EXTERNAL ERROR MATRIX.    NDIM=  25    NPAR=  4    ERR DEF=1
  6.003e+00 -6.785e-01 -4.500e-02  6.019e-04 
 -6.785e-01  1.322e-01 -6.679e-03  8.931e-05 
 -4.500e-02 -6.679e-03  2.902e-03 -4.393e-05 
  6.019e-04  8.931e-05 -4.393e-05  1.461e-06 
ERR MATRIX NOT POS-DEF
 PARAMETER  CORRELATION COEFFICIENTS  
       NO.  GLOBAL     18     19     20     22
       18  0.99687   1.000 -0.762 -0.341  0.203
       19  0.99687  -0.762  1.000 -0.341  0.203
       20  0.99451  -0.341 -0.341  1.000 -0.675
       22  0.83925   0.203  0.203 -0.675  1.000
 ERR MATRIX NOT POS-DEF
MINUIT - FIT ONLY 2-y
 **********
 **   76 **RES 
 **********
                   PARAMETER   14  ANy2 RESTORED TO VARIABLE.
                   PARAMETER    8  phi_CBO RESTORED TO VARIABLE.
                   PARAMETER    7  w_CBO RESTORED TO VARIABLE.
                   PARAMETER    6  A_CBO RESTORED TO VARIABLE.
                   PARAMETER    4  phi RESTORED TO VARIABLE.
                   PARAMETER    3  A0 RESTORED TO VARIABLE.
                   PARAMETER    1  N0 RESTORED TO VARIABLE.
 **********
 **   77 **FIX            0
 **********
 PARAMETER    0  IS UNDEFINED. IGNORED.
 **********
 **   78 **FIX            1
 **********
 **********
 **   79 **FIX            2
 **********
 PARAMETER    2  IS CONSTANT.   IGNORED.
 **********
 **   80 **FIX            3
 **********
 **********
 **   81 **FIX            4
 **********
 **********
 **   82 **FIX            5
 **********
 PARAMETER    5  IS CONSTANT.   IGNORED.
 **********
 **   83 **FIX            6
 **********
 **********
 **   84 **FIX            7
 **********
 **********
 **   85 **FIX            8
 **********
 **********
 **   86 **FIX            9
 **********
 PARAMETER    9  IS CONSTANT.   IGNORED.
 **********
 **   87 **FIX           10
 **********
 PARAMETER   10  IS CONSTANT.   IGNORED.
 **********
 **   88 **FIX           11
 **********
 PARAMETER   11  IS CONSTANT.   IGNORED.
 **********
 **   89 **FIX           12
 **********
 PARAMETER   12  IS CONSTANT.   IGNORED.
 **********
 **   90 **FIX           16
 **********
 PARAMETER   16  IS CONSTANT.   IGNORED.
 **********
 **   91 **MIGRAD
 **********
 START MIGRAD MINIMIZATION.  STRATEGY  1.  CONVERGENCE WHEN EDM .LT. 1.00e-04
 FCN=323.342 FROM MIGRAD    STATUS=INITIATE       10 CALLS         919 TOTAL
                     EDM= unknown      STRATEGY= 1      NO ERROR MATRIX       
  EXT PARAMETER               CURRENT GUESS       STEP         FIRST   
  NO.   NAME      VALUE            ERROR          SIZE      DERIVATIVE 
   1  N0           3.30637e+06     fixed    
   2  tau          6.44004e+01   constant   
   3  A0           3.61545e-01     fixed    
   4  phi          4.12086e+00     fixed    
   5  R           -6.05915e+01   constant   
   6  A_CBO        4.45472e-04     fixed    
   7  w_CBO        2.31637e+00     fixed    
   8  phi_CBO      5.23904e+00     fixed    
   9  ANx2         3.16430e-04   constant   
  10  pNx2         2.82055e+00   constant   
  11  ANy1         0.00000e+00   constant   
  12  pNy1         0.00000e+00   constant   
  13  w_y          0.00000e+00   constant   
  14  ANy2         1.82479e-04   6.19055e-04   6.19055e-04   1.52426e+02
  15  pNy2         2.23607e+00   constant   
  16  w_vw         1.43191e+01   constant   
  17  LM          -1.34420e-04   constant   
  18  wCBO_expCoeff   2.01495e+02   2.45018e+00   1.70752e-03  -1.05583e-04
  19  wCBO_expOffset   2.00225e+02   3.63563e-01   2.53354e-04  -7.11182e-04
  20  wCBO_expT    2.98970e+01   5.38689e-02   4.96979e-05   7.01879e-04
  21  wCBO_linCoeff   0.00000e+00   constant   
  22  wCBO_const   7.01750e-03   1.20868e-03   5.79181e-06   4.63675e-02
 MIGRAD MINIMIZATION HAS CONVERGED.
 MIGRAD WILL VERIFY CONVERGENCE AND ERROR MATRIX.
 FCN=323.34 FROM MIGRAD    STATUS=CONVERGED      64 CALLS         973 TOTAL
                     EDM=1.03532e-06    STRATEGY= 1      ERR MATRIX NOT POS-DEF
  EXT PARAMETER                APPROXIMATE        STEP         FIRST   
  NO.   NAME      VALUE            ERROR          SIZE      DERIVATIVE 
   1  N0           3.30637e+06     fixed    
   2  tau          6.44004e+01   constant   
   3  A0           3.61545e-01     fixed    
   4  phi          4.12086e+00     fixed    
   5  R           -6.05915e+01   constant   
   6  A_CBO        4.45472e-04     fixed    
   7  w_CBO        2.31637e+00     fixed    
   8  phi_CBO      5.23904e+00     fixed    
   9  ANx2         3.16430e-04   constant   
  10  pNx2         2.82055e+00   constant   
  11  ANy1         0.00000e+00   constant   
  12  pNy1         0.00000e+00   constant   
  13  w_y          0.00000e+00   constant   
  14  ANy2         1.53333e-04   6.17152e-04   5.43293e-06   2.52398e-03
  15  pNy2         2.23607e+00   constant   
  16  w_vw         1.43191e+01   constant   
  17  LM          -1.34420e-04   constant   
  18  wCBO_expCoeff   2.01495e+02   2.45851e+00   1.71448e-03  -9.73201e-04
  19  wCBO_expOffset   2.00225e+02   3.64801e-01   2.54388e-04  -6.55893e-03
  20  wCBO_expT    2.98970e+01   5.39786e-02   4.98471e-05  -1.87459e-02
  21  wCBO_linCoeff   0.00000e+00   constant   
  22  wCBO_const   7.01771e-03   1.20879e-03   5.79107e-06   1.31865e+00
 EXTERNAL ERROR MATRIX.    NDIM=  25    NPAR=  5    ERR DEF=1
  3.809e-07  1.888e-07  2.698e-08 -2.196e-07  7.913e-09 
  1.888e-07  6.044e+00 -6.833e-01 -4.522e-02  6.028e-04 
  2.698e-08 -6.833e-01  1.331e-01 -6.713e-03  8.945e-05 
 -2.196e-07 -4.522e-02 -6.713e-03  2.914e-03 -4.398e-05 
  7.913e-09  6.028e-04  8.945e-05 -4.398e-05  1.461e-06 
ERR MATRIX NOT POS-DEF
 PARAMETER  CORRELATION COEFFICIENTS  
       NO.  GLOBAL     14     18     19     20     22
       14  0.04714   1.000  0.000  0.000 -0.007  0.011
       18  0.99686   0.000  1.000 -0.762 -0.341  0.203
       19  0.99687   0.000 -0.762  1.000 -0.341  0.203
       20  0.99450  -0.007 -0.341 -0.341  1.000 -0.674
       22  0.83932   0.011  0.203  0.203 -0.674  1.000
 ERR MATRIX NOT POS-DEF
MINUIT - FIT ALTOGETHER
 **********
 **   92 **RES 
 **********
                   PARAMETER    8  phi_CBO RESTORED TO VARIABLE.
                   PARAMETER    7  w_CBO RESTORED TO VARIABLE.
                   PARAMETER    6  A_CBO RESTORED TO VARIABLE.
                   PARAMETER    4  phi RESTORED TO VARIABLE.
                   PARAMETER    3  A0 RESTORED TO VARIABLE.
                   PARAMETER    1  N0 RESTORED TO VARIABLE.
 **********
 **   93 **MIGRAD
 **********
 START MIGRAD MINIMIZATION.  STRATEGY  1.  CONVERGENCE WHEN EDM .LT. 1.00e-04
 FCN=323.34 FROM MIGRAD    STATUS=INITIATE       22 CALLS         995 TOTAL
                     EDM= unknown      STRATEGY= 1      NO ERROR MATRIX       
  EXT PARAMETER               CURRENT GUESS       STEP         FIRST   
  NO.   NAME      VALUE            ERROR          SIZE      DERIVATIVE 
   1  N0           3.30637e+06   1.46173e+03   1.46173e+03   3.96041e-05
   2  tau          6.44004e+01   constant   
   3  A0           3.61545e-01   5.89642e-04   5.89642e-04  -5.31210e+02
   4  phi          4.12086e+00   1.68934e-03   1.68934e-03  -5.53136e+01
   5  R           -6.05915e+01   constant   
   6  A_CBO        4.45472e-04   6.82358e-04   6.82358e-04  -2.21585e+03
   7  w_CBO        2.31637e+00   5.36360e-02   5.36360e-02   4.87976e-01
   8  phi_CBO      5.23904e+00   1.37231e+00   1.37231e+00  -3.52535e-03
   9  ANx2         3.16430e-04   constant   
  10  pNx2         2.82055e+00   constant   
  11  ANy1         0.00000e+00   constant   
  12  pNy1         0.00000e+00   constant   
  13  w_y          0.00000e+00   constant   
  14  ANy2         1.53333e-04   6.17152e-04   5.43293e-06   2.52371e-03
  15  pNy2         2.23607e+00   constant   
  16  w_vw         1.43191e+01   constant   
  17  LM          -1.34420e-04   constant   
  18  wCBO_expCoeff   2.01495e+02   2.45851e+00   1.71448e-03  -9.61211e-04
  19  wCBO_expOffset   2.00225e+02   3.64801e-01   2.54388e-04  -6.47563e-03
  20  wCBO_expT    2.98970e+01   5.39786e-02   4.98471e-05  -1.83620e-02
