 + ++++++++++++++++++++++++++++++++++++++++++++++++++++++++++++++++++++ +
 +                                                                      +
 +           You have chose to blind your fitting according to          +
 +                omega_ref * (1 + (R +/- deltaR) *10^{-6})             +
 +                                                                      +
 + ++++++++++++++++++++++++++++++++++++++++++++++++++++++++++++++++++++ +
In main()...
reading format from /gm2data/zkhechad/run45/envelope/formats/formatB_sBin_constraintOn.txt
pBinTau 	= 0  
pBinPhi 	= 0  
constraintau 	= 1 
includeMopTerm 	= 0    
constrainMop    = 0   
Parameters after format file: pBinTau 0 pBinPhi 0 constraintau 1 includeMopTerm 0 constrainMop 0 c_e_scale 0.000000 
reading cbo reference file (full fit) from /gm2data/zkhechad/cboTemplates/Run4CBOTemplates/fullFits/run4/sBin_constraintOn_cE0.0_seed0_run4_calo24.root
A_CBO 0.008786 w_CBO 2.327157 phi_CBO 2.253382 N0 3075736.764901 R -61.041197 tau 64.406859 
Reading cboRef file /gm2data/zkhechad/cboTemplates/Run4CBOTemplates//cboIsolate/run4_calo24.root
deltaT 51.645101
windowBins = 340
fitting sliding window 880 from bin 1083 at 161.583600 to bin 1423 at 212.311600 (340 bins)

Reading data from /gm2data/cornell/histograms/aMethod/histogram_a_run4.root
fitting cbo isolate
 **********
 **    1 **SET PRINTOUT            1
 **********
 **********
 **    2 **SET NOWARNINGS 
 **********
 PARAMETER DEFINITIONS:
    NO.   NAME         VALUE      STEP SIZE      LIMITS
     1 A_CBO        8.78574e-03  1.00000e-05     no limits
     2 w_CBO        2.32716e+00  1.00000e-02    2.00000e+00  3.00000e+00
     3 phi_CBO      2.25338e+00  1.00000e-02    0.00000e+00  6.28319e+00
 **********
 **    3 **MIGRAD
 **********
 FIRST CALL TO USER FUNCTION AT NEW START POINT, WITH IFLAG=4.
 START MIGRAD MINIMIZATION.  STRATEGY  1.  CONVERGENCE WHEN EDM .LT. 1.00e-04
 FCN=0.00489127 FROM MIGRAD    STATUS=INITIATE       12 CALLS          13 TOTAL
                     EDM= unknown      STRATEGY= 1      NO ERROR MATRIX       
  EXT PARAMETER               CURRENT GUESS       STEP         FIRST   
  NO.   NAME      VALUE            ERROR          SIZE      DERIVATIVE 
   1  A_CBO        8.78574e-03   1.00000e-05   1.00000e-05   1.66691e+00
   2  w_CBO        2.32716e+00   1.00000e-02   2.13163e-02  -2.86572e-03
   3  phi_CBO      2.25338e+00   1.00000e-02   3.31850e-03   1.27376e-04
 MIGRAD MINIMIZATION HAS CONVERGED.
 MIGRAD WILL VERIFY CONVERGENCE AND ERROR MATRIX.
 COVARIANCE MATRIX CALCULATED SUCCESSFULLY
 FCN=0.000825287 FROM MIGRAD    STATUS=CONVERGED      41 CALLS          42 TOTAL
                     EDM=2.1728e-06    STRATEGY= 1      ERROR MATRIX ACCURATE 
  EXT PARAMETER                                   STEP         FIRST   
  NO.   NAME      VALUE            ERROR          SIZE      DERIVATIVE 
   1  A_CBO        3.90693e-03   7.75679e-02   3.73753e-05   1.46225e-05
   2  w_CBO        2.32717e+00   7.72703e-01   1.09997e-04   5.69791e-03
   3  phi_CBO      2.24970e+00   5.04977e+00   3.19238e-03  -1.80360e-04
 EXTERNAL ERROR MATRIX.    NDIM=  25    NPAR=  3    ERR DEF=1
  6.017e-03 -2.171e-02 -4.038e+00 
 -2.171e-02  2.900e+00  5.393e+02 
 -4.038e+00  5.393e+02  1.007e+05 
 PARAMETER  CORRELATION COEFFICIENTS  
       NO.  GLOBAL      1      2      3
        1  0.16436   1.000 -0.164 -0.164
        2  0.99807  -0.164  1.000  0.998
        3  0.99807  -0.164  0.998  1.000
setting A_CBO=0.003907 w_CBO=2.327173, phi_CBO=2.249701
done fitting cbo isolate
 **********
 **    1 **SET PRINTOUT            1
 **********
 **********
 **    2 **SET NOWARNINGS 
 **********
 PARAMETER DEFINITIONS:
    NO.   NAME         VALUE      STEP SIZE      LIMITS
     1 N0           3.07574e+06  1.00000e+02     no limits
     2 tau          6.44069e+01  constant
     3 A0           3.65045e-01  1.00000e-04     no limits
     4 phi          4.11943e+00  1.00000e-02     no limits
     5 R           -6.10412e+01  constant
     6 A_CBO        3.90693e-03  1.00000e-05     no limits
     7 w_CBO        2.32717e+00  1.00000e-03     no limits
     8 phi_CBO      2.24970e+00  1.00000e-04     no limits
     9 ANx2         1.88981e-04  constant
    10 pNx2         1.59299e+00  constant
    11 ANy1         0.00000e+00  constant
    12 pNy1         0.00000e+00  constant
    13 w_y          0.00000e+00  constant
    14 ANy2         1.39657e-02  1.00000e-04     no limits
    15 pNy2         4.84726e+00  constant
    16 w_vw         1.43184e+01  constant
    17 LM           1.57605e-04  constant
    18 wCBO_expCoeff   2.00000e+02  1.00000e+00     no limits
    19 wCBO_expOffset   2.00000e+02  1.00000e+00     no limits
    20 wCBO_expT    3.00000e+01  1.00000e+00     no limits
    21 wCBO_linCoeff   0.00000e+00  constant
    22 wCBO_const   0.00000e+00  1.00000e-02     no limits
MINUIT - FIT ONLY WIGGLE
 **********
 **    3 **FIX            5
 **********
 PARAMETER    5  IS CONSTANT.   IGNORED.
 **********
 **    4 **FIX            6
 **********
 **********
 **    5 **FIX            7
 **********
 **********
 **    6 **FIX            8
 **********
 **********
 **    7 **FIX            9
 **********
 PARAMETER    9  IS CONSTANT.   IGNORED.
 **********
 **    8 **FIX           10
 **********
 PARAMETER   10  IS CONSTANT.   IGNORED.
 **********
 **    9 **FIX           11
 **********
 PARAMETER   11  IS CONSTANT.   IGNORED.
 **********
 **   10 **FIX           12
 **********
 PARAMETER   12  IS CONSTANT.   IGNORED.
 **********
 **   11 **FIX           13
 **********
 PARAMETER   13  IS CONSTANT.   IGNORED.
 **********
 **   12 **FIX           14
 **********
 **********
 **   13 **FIX           15
 **********
 PARAMETER   15  IS CONSTANT.   IGNORED.
 **********
 **   14 **FIX           16
 **********
 PARAMETER   16  IS CONSTANT.   IGNORED.
 **********
 **   15 **MIGRAD
 **********
 FIRST CALL TO USER FUNCTION AT NEW START POINT, WITH IFLAG=4.
 START MIGRAD MINIMIZATION.  STRATEGY  1.  CONVERGENCE WHEN EDM .LT. 1.00e-04
 FCN=4729.67 FROM MIGRAD    STATUS=INITIATE       72 CALLS          73 TOTAL
                     EDM= unknown      STRATEGY= 1      NO ERROR MATRIX       
  EXT PARAMETER               CURRENT GUESS       STEP         FIRST   
  NO.   NAME      VALUE            ERROR          SIZE      DERIVATIVE 
   1  N0           3.07574e+06   1.00000e+02   0.00000e+00  -4.94477e-03
   2  tau          6.44069e+01   constant   
   3  A0           3.65045e-01   1.00000e-04   0.00000e+00   2.94577e+03
   4  phi          4.11943e+00   1.00000e-02   0.00000e+00   9.71543e+03
   5  R           -6.10412e+01   constant   
   6  A_CBO        3.90693e-03     fixed    
   7  w_CBO        2.32717e+00     fixed    
   8  phi_CBO      2.24970e+00     fixed    
   9  ANx2         1.88981e-04   constant   
  10  pNx2         1.59299e+00   constant   
  11  ANy1         0.00000e+00   constant   
  12  pNy1         0.00000e+00   constant   
  13  w_y          0.00000e+00   constant   
  14  ANy2         1.39657e-02     fixed    
  15  pNy2         4.84726e+00   constant   
  16  w_vw         1.43184e+01   constant   
  17  LM           1.57605e-04   constant   
  18  wCBO_expCoeff   2.00000e+02   1.00000e+00   0.00000e+00   8.26663e+04
  19  wCBO_expOffset   2.00000e+02   1.00000e+00   0.00000e+00   5.71581e+05
  20  wCBO_expT    2.99999e+01   1.00000e+00  -1.22355e-04   9.50567e+04
  21  wCBO_linCoeff   0.00000e+00   constant   
  22  wCBO_const   0.00000e+00   1.00000e-02   0.00000e+00   7.54702e+04
 CALL LIMIT EXCEEDED IN MIGRAD.
 MIGRAD TERMINATED WITHOUT CONVERGENCE.
 FCN=4440.56 FROM MIGRAD    STATUS=CALL LIMIT   1149 CALLS        1150 TOTAL
                     EDM=3.54396    STRATEGY= 1  ERROR MATRIX UNCERTAINTY   0.2 per cent
  EXT PARAMETER                APPROXIMATE        STEP         FIRST   
  NO.   NAME      VALUE            ERROR          SIZE      DERIVATIVE 
   1  N0           3.07692e+06   4.29277e+02   4.90733e+00   9.59909e-03
   2  tau          6.44069e+01   constant   
   3  A0           3.64469e-01   1.93777e-04  -6.07402e-08  -1.58165e+04
   4  phi          4.11867e+00   5.84712e-04   2.76967e-06   2.06441e+03
   5  R           -6.10412e+01   constant   
   6  A_CBO        3.90693e-03     fixed    
   7  w_CBO        2.32717e+00     fixed    
   8  phi_CBO      2.24970e+00     fixed    
   9  ANx2         1.88981e-04   constant   
  10  pNx2         1.59299e+00   constant   
  11  ANy1         0.00000e+00   constant   
  12  pNy1         0.00000e+00   constant   
  13  w_y          0.00000e+00   constant   
  14  ANy2         1.39657e-02     fixed    
  15  pNy2         4.84726e+00   constant   
  16  w_vw         1.43184e+01   constant   
  17  LM           1.57605e-04   constant   
  18  wCBO_expCoeff   2.00003e+02   7.79900e-04   2.55855e-05   8.83022e+04
  19  wCBO_expOffset   2.00000e+02   9.26917e-05   3.03260e-06   5.48181e+05
  20  wCBO_expT    3.00000e+01   1.23350e-04   4.05765e-06  -4.24557e+05
  21  wCBO_linCoeff   0.00000e+00   constant   
  22  wCBO_const  -8.98332e-03   1.43301e-03  -4.65542e-05   5.10801e+04
 EXTERNAL ERROR MATRIX.    NDIM=  25    NPAR=  7    ERR DEF=1
  1.843e+05  1.143e-02  7.125e-03  1.197e-01  1.410e-02  1.864e-02 -2.456e-01 
  1.143e-02  3.755e-08  3.417e-11 -4.136e-09 -4.676e-10 -6.412e-10  1.642e-08 
  7.125e-03  3.417e-11  3.419e-07  7.568e-08  8.957e-09  1.131e-08 -1.544e-07 
  1.197e-01 -4.136e-09  7.568e-08  6.082e-07  7.082e-08  9.503e-08 -1.106e-06 
  1.410e-02 -4.676e-10  8.957e-09  7.082e-08  8.592e-09  1.125e-08 -1.311e-07 
  1.864e-02 -6.412e-10  1.131e-08  9.503e-08  1.125e-08  1.522e-08 -1.719e-07 
 -2.456e-01  1.642e-08 -1.544e-07 -1.106e-06 -1.311e-07 -1.719e-07  2.054e-06 
ERR MATRIX APPROXIMATE
 PARAMETER  CORRELATION COEFFICIENTS  
       NO.  GLOBAL      1      3      4     18     19     20     22
        1  0.99266   1.000  0.137  0.028  0.357  0.354  0.352 -0.399
        3  0.98659   0.137  1.000  0.000 -0.027 -0.026 -0.027  0.059
        4  0.91659   0.028  0.000  1.000  0.166  0.165  0.157 -0.184
       18  0.99998   0.357 -0.027  0.166  1.000  0.980  0.988 -0.990
       19  0.99995   0.354 -0.026  0.165  0.980  1.000  0.984 -0.987
       20  0.99995   0.352 -0.027  0.157  0.988  0.984  1.000 -0.972
       22  0.99998  -0.399  0.059 -0.184 -0.990 -0.987 -0.972  1.000
 ERR MATRIX APPROXIMATE
MINUIT - FIT ONLY 1-CBO + other amplitudes 
 **********
 **   16 **RES 
 **********
                   PARAMETER   14  ANy2 RESTORED TO VARIABLE.
                   PARAMETER    8  phi_CBO RESTORED TO VARIABLE.
                   PARAMETER    7  w_CBO RESTORED TO VARIABLE.
                   PARAMETER    6  A_CBO RESTORED TO VARIABLE.
 **********
 **   17 **FIX            0
 **********
 PARAMETER    0  IS UNDEFINED. IGNORED.
 **********
 **   18 **FIX            1
 **********
 **********
 **   19 **FIX            2
 **********
 PARAMETER    2  IS CONSTANT.   IGNORED.
 **********
 **   20 **FIX            3
 **********
 **********
 **   21 **FIX            4
 **********
 **********
 **   22 **FIX            9
 **********
 PARAMETER    9  IS CONSTANT.   IGNORED.
 **********
 **   23 **FIX           11
 **********
 PARAMETER   11  IS CONSTANT.   IGNORED.
 **********
 **   24 **FIX           12
 **********
 PARAMETER   12  IS CONSTANT.   IGNORED.
 **********
 **   25 **FIX           14
 **********
 **********
 **   26 **FIX           15
 **********
 PARAMETER   15  IS CONSTANT.   IGNORED.
 **********
 **   27 **FIX           16
 **********
 PARAMETER   16  IS CONSTANT.   IGNORED.
 **********
 **   28 **MIGRAD
 **********
 START MIGRAD MINIMIZATION.  STRATEGY  1.  CONVERGENCE WHEN EDM .LT. 1.00e-04
 FCN=4440.56 FROM MIGRAD    STATUS=INITIATE       22 CALLS        1172 TOTAL
                     EDM= unknown      STRATEGY= 1      NO ERROR MATRIX       
  EXT PARAMETER               CURRENT GUESS       STEP         FIRST   
  NO.   NAME      VALUE            ERROR          SIZE      DERIVATIVE 
   1  N0           3.07692e+06     fixed    
   2  tau          6.44069e+01   constant   
   3  A0           3.64469e-01     fixed    
   4  phi          4.11867e+00     fixed    
   5  R           -6.10412e+01   constant   
   6  A_CBO        3.90693e-03   1.00000e-05   1.00000e-05   4.66348e+04
   7  w_CBO        2.32717e+00   1.00000e-03   1.00000e-03   7.61060e+06
   8  phi_CBO      2.24970e+00   1.00000e-04   1.00000e-04  -1.15840e+02
   9  ANx2         1.88981e-04   constant   
  10  pNx2         1.59299e+00   constant   
  11  ANy1         0.00000e+00   constant   
  12  pNy1         0.00000e+00   constant   
  13  w_y          0.00000e+00   constant   
  14  ANy2         1.39657e-02     fixed    
  15  pNy2         4.84726e+00   constant   
  16  w_vw         1.43184e+01   constant   
  17  LM           1.57605e-04   constant   
  18  wCBO_expCoeff   2.00003e+02   7.79900e-04   2.55855e-05   8.83022e+04
  19  wCBO_expOffset   2.00000e+02   9.26917e-05   3.03260e-06   5.48181e+05
  20  wCBO_expT    3.00000e+01   1.23350e-04   4.05765e-06  -4.24557e+05
  21  wCBO_linCoeff   0.00000e+00   constant   
  22  wCBO_const  -8.98332e-03   1.43301e-03  -4.65542e-05   5.10801e+04
 MIGRAD FAILS TO FIND IMPROVEMENT
 FCN=4399.84 FROM HESSE     STATUS=NOT POSDEF     54 CALLS        1373 TOTAL
                     EDM=0.0287259    STRATEGY= 1      ERR MATRIX NOT POS-DEF
  EXT PARAMETER                APPROXIMATE        STEP         FIRST   
  NO.   NAME      VALUE            ERROR          SIZE      DERIVATIVE 
   1  N0           3.07692e+06     fixed    
   2  tau          6.44069e+01   constant   
   3  A0           3.64469e-01     fixed    
   4  phi          4.11867e+00     fixed    
   5  R           -6.10412e+01   constant   
   6  A_CBO        2.86190e-03   7.47177e-04   7.14986e-06  -2.14817e+01
   7  w_CBO        2.32719e+00   3.71920e-06   1.10969e-06  -7.83883e+04
   8  phi_CBO      2.54383e+00   3.13330e-01   2.38373e-03  -1.07900e-01
   9  ANx2         1.88981e-04   constant   
  10  pNx2         1.59299e+00   constant   
  11  ANy1         0.00000e+00   constant   
  12  pNy1         0.00000e+00   constant   
  13  w_y          0.00000e+00   constant   
  14  ANy2         1.39657e-02     fixed    
  15  pNy2         4.84726e+00   constant   
  16  w_vw         1.43184e+01   constant   
  17  LM           1.57605e-04   constant   
  18  wCBO_expCoeff   2.00004e+02   3.20268e-04   9.53695e-05  -9.10598e+02
  19  wCBO_expOffset   2.00000e+02   1.42792e-04   9.53676e-05  -6.01450e+03
  20  wCBO_expT    3.00003e+01   8.87385e-05   1.43053e-05   6.16941e+03
  21  wCBO_linCoeff   0.00000e+00   constant   
  22  wCBO_const  -1.19399e-02   1.09905e-03   5.60391e-06  -3.13952e+02
 MIGRAD FAILS TO FIND IMPROVEMENT
 MIGRAD TERMINATED WITHOUT CONVERGENCE.
 FCN=4397.57 FROM MIGRAD    STATUS=FAILED        396 CALLS        1546 TOTAL
                     EDM=0.463002    STRATEGY= 1      ERR MATRIX NOT POS-DEF
  EXT PARAMETER                APPROXIMATE        STEP         FIRST   
  NO.   NAME      VALUE            ERROR          SIZE      DERIVATIVE 
   1  N0           3.07692e+06     fixed    
   2  tau          6.44069e+01   constant   
   3  A0           3.64469e-01     fixed    
   4  phi          4.11867e+00     fixed    
   5  R           -6.10412e+01   constant   
   6  A_CBO        2.75472e-03   3.02506e-04   0.00000e+00  -2.62695e+03
   7  w_CBO        2.32719e+00   3.64390e-06  -0.00000e+00   1.56691e+06
   8  phi_CBO      3.35476e+00   4.36621e-01  -0.00000e+00  -1.39872e+01
   9  ANx2         1.88981e-04   constant   
  10  pNx2         1.59299e+00   constant   
  11  ANy1         0.00000e+00   constant   
  12  pNy1         0.00000e+00   constant   
  13  w_y          0.00000e+00   constant   
  14  ANy2         1.39657e-02     fixed    
  15  pNy2         4.84726e+00   constant   
  16  w_vw         1.43184e+01   constant   
  17  LM           1.57605e-04   constant   
  18  wCBO_expCoeff   2.00005e+02   3.13733e-04  -0.00000e+00   1.82155e+04
  19  wCBO_expOffset   2.00000e+02   1.35473e-04  -0.00000e+00   1.31836e+05
  20  wCBO_expT    3.00003e+01   8.37139e-05  -0.00000e+00  -1.66084e+05
  21  wCBO_linCoeff   0.00000e+00   constant   
  22  wCBO_const  -1.13296e-02   6.19469e-04   0.00000e+00   3.28439e+03
 EXTERNAL ERROR MATRIX.    NDIM=  25    NPAR=  7    ERR DEF=1
  9.151e-08  1.541e-11 -5.263e-05  1.472e-09 -3.687e-08 -2.137e-08  1.287e-07 
  1.541e-11  1.328e-11  3.954e-07 -3.665e-10  3.897e-11  7.371e-11 -2.957e-10 
 -5.263e-05  3.954e-07  1.906e-01  3.379e-05  4.175e-05  2.393e-05  3.542e-05 
  1.472e-09 -3.665e-10  3.379e-05  9.843e-08  3.271e-09  6.323e-09 -2.506e-08 
 -3.687e-08  3.897e-11  4.175e-05  3.271e-09  1.835e-08  1.067e-08 -3.891e-08 
 -2.137e-08  7.371e-11  2.393e-05  6.323e-09  1.067e-08  7.008e-09 -3.179e-08 
  1.287e-07 -2.957e-10  3.542e-05 -2.506e-08 -3.891e-08 -3.179e-08  3.837e-07 
ERR MATRIX NOT POS-DEF
 PARAMETER  CORRELATION COEFFICIENTS  
       NO.  GLOBAL      6      7      8     18     19     20     22
        6  0.99582   1.000  0.014 -0.398  0.016 -0.900 -0.844  0.687
        7  0.99960   0.014  1.000  0.249 -0.321  0.079  0.242 -0.131
        8  0.99967  -0.398  0.249  1.000  0.247  0.706  0.655  0.131
       18  0.99961   0.016 -0.321  0.247  1.000  0.077  0.241 -0.129
       19  0.99997  -0.900  0.079  0.706  0.077  1.000  0.941 -0.464
       20  0.99995  -0.844  0.242  0.655  0.241  0.941  1.000 -0.613
       22  0.98943   0.687 -0.131  0.131 -0.129 -0.464 -0.613  1.000
 ERR MATRIX NOT POS-DEF
MINUIT - FIT ONLY 1-CBO
 **********
 **   29 **RES 
 **********
                   PARAMETER   14  ANy2 RESTORED TO VARIABLE.
                   PARAMETER    4  phi RESTORED TO VARIABLE.
                   PARAMETER    3  A0 RESTORED TO VARIABLE.
                   PARAMETER    1  N0 RESTORED TO VARIABLE.
 **********
 **   30 **FIX            0
 **********
 PARAMETER    0  IS UNDEFINED. IGNORED.
 **********
 **   31 **FIX            1
 **********
 **********
 **   32 **FIX            2
 **********
 PARAMETER    2  IS CONSTANT.   IGNORED.
 **********
 **   33 **FIX            3
 **********
 **********
 **   34 **FIX            4
 **********
 **********
 **   35 **FIX            8
 **********
 **********
 **   36 **FIX            9
 **********
 PARAMETER    9  IS CONSTANT.   IGNORED.
 **********
 **   37 **FIX           11
 **********
 PARAMETER   11  IS CONSTANT.   IGNORED.
 **********
 **   38 **FIX           12
 **********
 PARAMETER   12  IS CONSTANT.   IGNORED.
 **********
 **   39 **FIX           13
 **********
 PARAMETER   13  IS CONSTANT.   IGNORED.
 **********
 **   40 **FIX           15
 **********
 PARAMETER   15  IS CONSTANT.   IGNORED.
 **********
 **   41 **FIX           16
 **********
 PARAMETER   16  IS CONSTANT.   IGNORED.
 **********
 **   42 **MIGRAD
 **********
 START MIGRAD MINIMIZATION.  STRATEGY  1.  CONVERGENCE WHEN EDM .LT. 1.00e-04
 FCN=4397.57 FROM MIGRAD    STATUS=INITIATE       16 CALLS        1562 TOTAL
                     EDM= unknown      STRATEGY= 1      NO ERROR MATRIX       
  EXT PARAMETER               CURRENT GUESS       STEP         FIRST   
  NO.   NAME      VALUE            ERROR          SIZE      DERIVATIVE 
   1  N0           3.07692e+06     fixed    
   2  tau          6.44069e+01   constant   
   3  A0           3.64469e-01     fixed    
   4  phi          4.11867e+00     fixed    
   5  R           -6.10412e+01   constant   
   6  A_CBO        2.75472e-03   3.02506e-04   0.00000e+00  -2.62695e+03
   7  w_CBO        2.32719e+00   3.64390e-06  -0.00000e+00   1.56691e+06
   8  phi_CBO      3.35476e+00     fixed    
   9  ANx2         1.88981e-04   constant   
  10  pNx2         1.59299e+00   constant   
  11  ANy1         0.00000e+00   constant   
  12  pNy1         0.00000e+00   constant   
  13  w_y          0.00000e+00   constant   
  14  ANy2         1.39657e-02   1.00000e-04   1.00000e-04   5.75775e+05
  15  pNy2         4.84726e+00   constant   
  16  w_vw         1.43184e+01   constant   
  17  LM           1.57605e-04   constant   
  18  wCBO_expCoeff   2.00005e+02   3.13733e-04  -0.00000e+00   1.82155e+04
  19  wCBO_expOffset   2.00000e+02   1.35473e-04  -0.00000e+00   1.31836e+05
  20  wCBO_expT    3.00003e+01   8.37139e-05  -0.00000e+00  -1.66084e+05
  21  wCBO_linCoeff   0.00000e+00   constant   
  22  wCBO_const  -1.13296e-02   6.19469e-04   0.00000e+00   3.28439e+03
 MIGRAD FAILS TO FIND IMPROVEMENT
 FCN=442.884 FROM HESSE     STATUS=NOT POSDEF     54 CALLS        2605 TOTAL
                     EDM=0.342738    STRATEGY= 1      ERR MATRIX NOT POS-DEF
  EXT PARAMETER                APPROXIMATE        STEP         FIRST   
  NO.   NAME      VALUE            ERROR          SIZE      DERIVATIVE 
   1  N0           3.07692e+06     fixed    
   2  tau          6.44069e+01   constant   
   3  A0           3.64469e-01     fixed    
   4  phi          4.11867e+00     fixed    
   5  R           -6.10412e+01   constant   
   6  A_CBO        4.24306e-04   4.16061e-04   2.20570e-06  -2.01920e+02
   7  w_CBO        2.32719e+00   2.43251e-05   1.10969e-06   1.39528e+04
   8  phi_CBO      3.35476e+00     fixed    
   9  ANx2         1.88981e-04   constant   
  10  pNx2         1.59299e+00   constant   
  11  ANy1         0.00000e+00   constant   
  12  pNy1         0.00000e+00   constant   
  13  w_y          0.00000e+00   constant   
  14  ANy2         1.80932e-04   2.36982e-04   2.21924e-06  -1.85563e+01
  15  pNy2         4.84726e+00   constant   
  16  w_vw         1.43184e+01   constant   
  17  LM           1.57605e-04   constant   
  18  wCBO_expCoeff   2.00005e+02   2.09090e-03   9.53697e-05   1.62775e+02
  19  wCBO_expOffset   2.00000e+02   2.76765e-04   9.53676e-05   1.09801e+03
  20  wCBO_expT    3.00002e+01   4.00002e-04   1.43052e-05  -3.66916e+02
  21  wCBO_linCoeff   0.00000e+00   constant   
  22  wCBO_const  -1.29333e-02   5.07951e-03   7.84311e-06  -8.64668e+01
 CALL LIMIT EXCEEDED IN MIGRAD.
 MIGRAD TERMINATED WITHOUT CONVERGENCE.
 FCN=442.76 FROM MIGRAD    STATUS=CALL LIMIT   1145 CALLS        2691 TOTAL
                     EDM=0.320011    STRATEGY= 1      ERR MATRIX NOT POS-DEF
  EXT PARAMETER                APPROXIMATE        STEP         FIRST   
  NO.   NAME      VALUE            ERROR          SIZE      DERIVATIVE 
   1  N0           3.07692e+06     fixed    
   2  tau          6.44069e+01   constant   
   3  A0           3.64469e-01     fixed    
   4  phi          4.11867e+00     fixed    
   5  R           -6.10412e+01   constant   
   6  A_CBO        5.44781e-04   2.68793e-04   1.17961e-05   4.25033e+03
   7  w_CBO        2.32718e+00   2.85989e-05  -1.10237e-06  -1.51718e+05
   8  phi_CBO      3.35476e+00     fixed    
   9  ANx2         1.88981e-04   constant   
  10  pNx2         1.59299e+00   constant   
  11  ANy1         0.00000e+00   constant   
  12  pNy1         0.00000e+00   constant   
  13  w_y          0.00000e+00   constant   
  14  ANy2         2.14996e-04   2.16467e-04   3.20110e-06   1.00181e+03
  15  pNy2         4.84726e+00   constant   
  16  w_vw         1.43184e+01   constant   
  17  LM           1.57605e-04   constant   
  18  wCBO_expCoeff   2.00004e+02   2.46247e-03  -9.49534e-05  -1.76086e+03
  19  wCBO_expOffset   2.00000e+02   2.49032e-04  -1.15763e-05  -7.64403e+03
  20  wCBO_expT    3.00000e+01   4.71814e-04  -2.16802e-05   1.19330e+04
  21  wCBO_linCoeff   0.00000e+00   constant   
  22  wCBO_const  -1.08638e-02   6.15494e-03   2.88235e-04  -9.14594e+02
 EXTERNAL ERROR MATRIX.    NDIM=  25    NPAR=  7    ERR DEF=1
  7.225e-08 -5.449e-09  1.126e-08 -4.694e-07 -5.672e-08 -1.080e-07  1.479e-06 
 -5.449e-09  8.179e-10 -1.471e-09  2.940e-08  5.516e-09  1.120e-08 -1.457e-07 
  1.126e-08 -1.471e-09  4.686e-08 -1.267e-07 -1.555e-08 -2.962e-08  4.042e-07 
 -4.694e-07  2.940e-08 -1.267e-07  6.064e-06  4.749e-07  9.647e-07 -1.254e-05 
 -5.672e-08  5.516e-09 -1.555e-08  4.749e-07  6.202e-08  1.123e-07 -1.429e-06 
 -1.080e-07  1.120e-08 -2.962e-08  9.647e-07  1.123e-07  2.226e-07 -2.802e-06 
  1.479e-06 -1.457e-07  4.042e-07 -1.254e-05 -1.429e-06 -2.802e-06  3.788e-05 
ERR MATRIX NOT POS-DEF
 PARAMETER  CORRELATION COEFFICIENTS  
       NO.  GLOBAL      6      7     14     18     19     20     22
        6  0.98257   1.000 -0.709  0.194 -0.709 -0.847 -0.851  0.894
        7  0.99896  -0.709  1.000 -0.238  0.417  0.774  0.830 -0.828
       14  0.70504   0.194 -0.238  1.000 -0.238 -0.288 -0.290  0.303
       18  0.99896  -0.709  0.417 -0.238  1.000  0.774  0.830 -0.827
       19  0.99592  -0.847  0.774 -0.288  0.774  1.000  0.956 -0.932
       20  0.99937  -0.851  0.830 -0.290  0.830  0.956  1.000 -0.965
       22  0.99916   0.894 -0.828  0.303 -0.827 -0.932 -0.965  1.000
 ERR MATRIX NOT POS-DEF
MINUIT - FIT ONLY 2-CBO
 **********
 **   43 **RES 
 **********
                   PARAMETER    8  phi_CBO RESTORED TO VARIABLE.
                   PARAMETER    4  phi RESTORED TO VARIABLE.
                   PARAMETER    3  A0 RESTORED TO VARIABLE.
                   PARAMETER    1  N0 RESTORED TO VARIABLE.
 **********
 **   44 **FIX            0
 **********
 PARAMETER    0  IS UNDEFINED. IGNORED.
 **********
 **   45 **FIX            1
 **********
 **********
 **   46 **FIX            2
 **********
 PARAMETER    2  IS CONSTANT.   IGNORED.
 **********
 **   47 **FIX            3
 **********
 **********
 **   48 **FIX            4
 **********
 **********
 **   49 **FIX            5
 **********
 PARAMETER    5  IS CONSTANT.   IGNORED.
 **********
 **   50 **FIX            6
 **********
 **********
 **   51 **FIX            7
 **********
 **********
 **   52 **FIX           10
 **********
 PARAMETER   10  IS CONSTANT.   IGNORED.
 **********
 **   53 **FIX           11
 **********
 PARAMETER   11  IS CONSTANT.   IGNORED.
 **********
 **   54 **FIX           12
 **********
 PARAMETER   12  IS CONSTANT.   IGNORED.
 **********
 **   55 **FIX           13
 **********
 PARAMETER   13  IS CONSTANT.   IGNORED.
 **********
 **   56 **FIX           14
 **********
 **********
 **   57 **FIX           15
 **********
 PARAMETER   15  IS CONSTANT.   IGNORED.
 **********
 **   58 **FIX           16
 **********
 PARAMETER   16  IS CONSTANT.   IGNORED.
 **********
 **   59 **MIGRAD
 **********
 START MIGRAD MINIMIZATION.  STRATEGY  1.  CONVERGENCE WHEN EDM .LT. 1.00e-04
 FCN=442.76 FROM MIGRAD    STATUS=INITIATE       12 CALLS        2703 TOTAL
                     EDM= unknown      STRATEGY= 1      NO ERROR MATRIX       
  EXT PARAMETER               CURRENT GUESS       STEP         FIRST   
  NO.   NAME      VALUE            ERROR          SIZE      DERIVATIVE 
   1  N0           3.07692e+06     fixed    
   2  tau          6.44069e+01   constant   
   3  A0           3.64469e-01     fixed    
   4  phi          4.11867e+00     fixed    
   5  R           -6.10412e+01   constant   
   6  A_CBO        5.44781e-04     fixed    
   7  w_CBO        2.32718e+00     fixed    
   8  phi_CBO      3.35476e+00   4.36621e-01   4.36621e-01   4.58519e+00
   9  ANx2         1.88981e-04   constant   
  10  pNx2         1.59299e+00   constant   
  11  ANy1         0.00000e+00   constant   
  12  pNy1         0.00000e+00   constant   
  13  w_y          0.00000e+00   constant   
  14  ANy2         2.14996e-04     fixed    
  15  pNy2         4.84726e+00   constant   
  16  w_vw         1.43184e+01   constant   
  17  LM           1.57605e-04   constant   
  18  wCBO_expCoeff   2.00004e+02   2.46247e-03  -9.49534e-05  -1.76086e+03
  19  wCBO_expOffset   2.00000e+02   2.49032e-04  -1.15763e-05  -7.64403e+03
  20  wCBO_expT    3.00000e+01   4.71814e-04  -2.16802e-05   1.19330e+04
  21  wCBO_linCoeff   0.00000e+00   constant   
  22  wCBO_const  -1.08638e-02   6.15494e-03   2.88235e-04  -9.14594e+02
 CALL LIMIT EXCEEDED IN MIGRAD.
 MIGRAD TERMINATED WITHOUT CONVERGENCE.
 FCN=440.812 FROM MIGRAD    STATUS=CALL LIMIT    832 CALLS        3523 TOTAL
                     EDM=0.264825    STRATEGY= 1  ERROR MATRIX UNCERTAINTY   1.6 per cent
  EXT PARAMETER                APPROXIMATE        STEP         FIRST   
  NO.   NAME      VALUE            ERROR          SIZE      DERIVATIVE 
   1  N0           3.07692e+06     fixed    
   2  tau          6.44069e+01   constant   
   3  A0           3.64469e-01     fixed    
   4  phi          4.11867e+00     fixed    
   5  R           -6.10412e+01   constant   
   6  A_CBO        5.44781e-04     fixed    
   7  w_CBO        2.32718e+00     fixed    
   8  phi_CBO      1.93607e+00   5.63034e-01  -4.69206e-03  -4.75915e-01
   9  ANx2         1.88981e-04   constant   
  10  pNx2         1.59299e+00   constant   
  11  ANy1         0.00000e+00   constant   
  12  pNy1         0.00000e+00   constant   
  13  w_y          0.00000e+00   constant   
  14  ANy2         2.14996e-04     fixed    
  15  pNy2         4.84726e+00   constant   
  16  w_vw         1.43184e+01   constant   
  17  LM           1.57605e-04   constant   
  18  wCBO_expCoeff   2.00004e+02   5.13935e-04  -2.08597e-05   4.44383e+03
  19  wCBO_expOffset   2.00000e+02   3.12029e-04   8.62065e-06   2.29985e+04
  20  wCBO_expT    3.00000e+01   1.97101e-04   8.24228e-06  -2.46585e+04
  21  wCBO_linCoeff   0.00000e+00   constant   
  22  wCBO_const  -8.62749e-03   1.20015e-03   1.87394e-05   2.10108e+03
 EXTERNAL ERROR MATRIX.    NDIM=  25    NPAR=  5    ERR DEF=1
  3.170e-01 -1.023e-05  7.422e-05  2.319e-05 -3.931e-04 
 -1.023e-05  2.641e-07 -1.163e-07 -8.171e-08 -1.154e-08 
  7.422e-05 -1.163e-07  9.736e-08  5.657e-08 -2.324e-07 
  2.319e-05 -8.171e-08  5.657e-08  3.885e-08 -7.266e-08 
 -3.931e-04 -1.154e-08 -2.324e-07 -7.266e-08  1.440e-06 
ERR MATRIX APPROXIMATE
 PARAMETER  CORRELATION COEFFICIENTS  
       NO.  GLOBAL      8     18     19     20     22
        8  0.84842   1.000 -0.035  0.422  0.209 -0.582
       18  0.99418  -0.035  1.000 -0.725 -0.807 -0.019
       19  0.99945   0.422 -0.725  1.000  0.920 -0.621
       20  0.99810   0.209 -0.807  0.920  1.000 -0.307
       22  0.99712  -0.582 -0.019 -0.621 -0.307  1.000
 ERR MATRIX APPROXIMATE
MINUIT - FIT ONLY 1-y
 **********
 **   60 **RES 
 **********
                   PARAMETER   14  ANy2 RESTORED TO VARIABLE.
                   PARAMETER    7  w_CBO RESTORED TO VARIABLE.
                   PARAMETER    6  A_CBO RESTORED TO VARIABLE.
                   PARAMETER    4  phi RESTORED TO VARIABLE.
                   PARAMETER    3  A0 RESTORED TO VARIABLE.
                   PARAMETER    1  N0 RESTORED TO VARIABLE.
 **********
 **   61 **FIX            0
 **********
 PARAMETER    0  IS UNDEFINED. IGNORED.
 **********
 **   62 **FIX            1
 **********
 **********
 **   63 **FIX            2
 **********
 PARAMETER    2  IS CONSTANT.   IGNORED.
 **********
 **   64 **FIX            3
 **********
 **********
 **   65 **FIX            4
 **********
 **********
 **   66 **FIX            5
 **********
 PARAMETER    5  IS CONSTANT.   IGNORED.
 **********
 **   67 **FIX            6
 **********
 **********
 **   68 **FIX            7
 **********
 **********
 **   69 **FIX            8
 **********
 **********
 **   70 **FIX            9
 **********
 PARAMETER    9  IS CONSTANT.   IGNORED.
 **********
 **   71 **FIX           13
 **********
 PARAMETER   13  IS CONSTANT.   IGNORED.
 **********
 **   72 **FIX           14
 **********
 **********
 **   73 **FIX           15
 **********
 PARAMETER   15  IS CONSTANT.   IGNORED.
 **********
 **   74 **FIX           16
 **********
 PARAMETER   16  IS CONSTANT.   IGNORED.
 **********
 **   75 **MIGRAD
 **********
 START MIGRAD MINIMIZATION.  STRATEGY  1.  CONVERGENCE WHEN EDM .LT. 1.00e-04
 FCN=440.812 FROM MIGRAD    STATUS=INITIATE        8 CALLS        3531 TOTAL
                     EDM= unknown      STRATEGY= 1      NO ERROR MATRIX       
  EXT PARAMETER               CURRENT GUESS       STEP         FIRST   
  NO.   NAME      VALUE            ERROR          SIZE      DERIVATIVE 
   1  N0           3.07692e+06     fixed    
   2  tau          6.44069e+01   constant   
   3  A0           3.64469e-01     fixed    
   4  phi          4.11867e+00     fixed    
   5  R           -6.10412e+01   constant   
   6  A_CBO        5.44781e-04     fixed    
   7  w_CBO        2.32718e+00     fixed    
   8  phi_CBO      1.93607e+00     fixed    
   9  ANx2         1.88981e-04   constant   
  10  pNx2         1.59299e+00   constant   
  11  ANy1         0.00000e+00   constant   
  12  pNy1         0.00000e+00   constant   
  13  w_y          0.00000e+00   constant   
  14  ANy2         2.14996e-04     fixed    
  15  pNy2         4.84726e+00   constant   
  16  w_vw         1.43184e+01   constant   
  17  LM           1.57605e-04   constant   
  18  wCBO_expCoeff   2.00004e+02   5.13935e-04  -2.08597e-05   4.44383e+03
  19  wCBO_expOffset   2.00000e+02   3.12029e-04   8.62065e-06   2.29985e+04
  20  wCBO_expT    3.00000e+01   1.97101e-04   8.24228e-06  -2.46585e+04
  21  wCBO_linCoeff   0.00000e+00   constant   
  22  wCBO_const  -8.62749e-03   1.20015e-03   1.87394e-05   2.10108e+03
 MIGRAD FAILS TO FIND IMPROVEMENT
 COVARIANCE MATRIX CALCULATED SUCCESSFULLY
 FCN=439.778 FROM HESSE     STATUS=OK             29 CALLS        3602 TOTAL
                     EDM=0.00155731    STRATEGY= 1      ERROR MATRIX ACCURATE 
  EXT PARAMETER                                   STEP         FIRST   
  NO.   NAME      VALUE            ERROR          SIZE      DERIVATIVE 
   1  N0           3.07692e+06     fixed    
   2  tau          6.44069e+01   constant   
   3  A0           3.64469e-01     fixed    
   4  phi          4.11867e+00     fixed    
   5  R           -6.10412e+01   constant   
   6  A_CBO        5.44781e-04     fixed    
   7  w_CBO        2.32718e+00     fixed    
   8  phi_CBO      1.93607e+00     fixed    
   9  ANx2         1.88981e-04   constant   
  10  pNx2         1.59299e+00   constant   
  11  ANy1         0.00000e+00   constant   
  12  pNy1         0.00000e+00   constant   
  13  w_y          0.00000e+00   constant   
  14  ANy2         2.14996e-04     fixed    
  15  pNy2         4.84726e+00   constant   
  16  w_vw         1.43184e+01   constant   
  17  LM           1.57605e-04   constant   
  18  wCBO_expCoeff   2.00004e+02   1.86535e-03   9.53693e-05   1.17065e+02
  19  wCBO_expOffset   2.00000e+02   8.14666e-05   9.53674e-05   7.03768e+02
  20  wCBO_expT    3.00000e+01   1.89935e-04   1.43051e-05  -1.17512e+03
  21  wCBO_linCoeff   0.00000e+00   constant   
  22  wCBO_const  -8.69679e-03   2.24829e-03   6.16901e-06   2.42870e+01
 MIGRAD FAILS TO FIND IMPROVEMENT
 MIGRAD TERMINATED WITHOUT CONVERGENCE.
 FCN=439.777 FROM MIGRAD    STATUS=FAILED        372 CALLS        3895 TOTAL
                     EDM=0.173415    STRATEGY= 1  ERROR MATRIX UNCERTAINTY   0.4 per cent
  EXT PARAMETER                APPROXIMATE        STEP         FIRST   
  NO.   NAME      VALUE            ERROR          SIZE      DERIVATIVE 
   1  N0           3.07692e+06     fixed    
   2  tau          6.44069e+01   constant   
   3  A0           3.64469e-01     fixed    
   4  phi          4.11867e+00     fixed    
   5  R           -6.10412e+01   constant   
   6  A_CBO        5.44781e-04     fixed    
   7  w_CBO        2.32718e+00     fixed    
   8  phi_CBO      1.93607e+00     fixed    
   9  ANx2         1.88981e-04   constant   
  10  pNx2         1.59299e+00   constant   
  11  ANy1         0.00000e+00   constant   
  12  pNy1         0.00000e+00   constant   
  13  w_y          0.00000e+00   constant   
  14  ANy2         2.14996e-04     fixed    
  15  pNy2         4.84726e+00   constant   
  16  w_vw         1.43184e+01   constant   
  17  LM           1.57605e-04   constant   
  18  wCBO_expCoeff   2.00004e+02   2.49596e-03   0.00000e+00  -3.39230e+01
  19  wCBO_expOffset   2.00000e+02   1.34829e-04   0.00000e+00  -6.68479e+03
  20  wCBO_expT    3.00000e+01   3.24102e-04   0.00000e+00   6.00208e+02
  21  wCBO_linCoeff   0.00000e+00   constant   
  22  wCBO_const  -8.72165e-03   3.02756e-03  -0.00000e+00   2.37385e+01
 EXTERNAL ERROR MATRIX.    NDIM=  25    NPAR=  4    ERR DEF=1
  6.230e-06  2.536e-07  7.732e-07 -7.463e-06 
  2.536e-07  1.818e-08  3.951e-08 -3.287e-07 
  7.732e-07  3.951e-08  1.050e-07 -9.609e-07 
 -7.463e-06 -3.287e-07 -9.609e-07  9.166e-06 
ERR MATRIX APPROXIMATE
 PARAMETER  CORRELATION COEFFICIENTS  
       NO.  GLOBAL     18     19     20     22
       18  0.99108   1.000  0.754  0.956 -0.988
       19  0.98902   0.754  1.000  0.904 -0.805
       20  0.99860   0.956  0.904  1.000 -0.979
       22  0.99726  -0.988 -0.805 -0.979  1.000
 ERR MATRIX APPROXIMATE
MINUIT - FIT ONLY 2-y
 **********
 **   76 **RES 
 **********
                   PARAMETER   14  ANy2 RESTORED TO VARIABLE.
                   PARAMETER    8  phi_CBO RESTORED TO VARIABLE.
                   PARAMETER    7  w_CBO RESTORED TO VARIABLE.
                   PARAMETER    6  A_CBO RESTORED TO VARIABLE.
                   PARAMETER    4  phi RESTORED TO VARIABLE.
                   PARAMETER    3  A0 RESTORED TO VARIABLE.
                   PARAMETER    1  N0 RESTORED TO VARIABLE.
 **********
 **   77 **FIX            0
 **********
 PARAMETER    0  IS UNDEFINED. IGNORED.
 **********
 **   78 **FIX            1
 **********
 **********
 **   79 **FIX            2
 **********
 PARAMETER    2  IS CONSTANT.   IGNORED.
 **********
 **   80 **FIX            3
 **********
 **********
 **   81 **FIX            4
 **********
 **********
 **   82 **FIX            5
 **********
 PARAMETER    5  IS CONSTANT.   IGNORED.
 **********
 **   83 **FIX            6
 **********
 **********
 **   84 **FIX            7
 **********
 **********
 **   85 **FIX            8
 **********
 **********
 **   86 **FIX            9
 **********
 PARAMETER    9  IS CONSTANT.   IGNORED.
 **********
 **   87 **FIX           10
 **********
 PARAMETER   10  IS CONSTANT.   IGNORED.
 **********
 **   88 **FIX           11
 **********
 PARAMETER   11  IS CONSTANT.   IGNORED.
 **********
 **   89 **FIX           12
 **********
 PARAMETER   12  IS CONSTANT.   IGNORED.
 **********
 **   90 **FIX           16
 **********
 PARAMETER   16  IS CONSTANT.   IGNORED.
 **********
 **   91 **MIGRAD
 **********
 START MIGRAD MINIMIZATION.  STRATEGY  1.  CONVERGENCE WHEN EDM .LT. 1.00e-04
 FCN=439.777 FROM MIGRAD    STATUS=INITIATE       10 CALLS        3905 TOTAL
                     EDM= unknown      STRATEGY= 1      NO ERROR MATRIX       
  EXT PARAMETER               CURRENT GUESS       STEP         FIRST   
  NO.   NAME      VALUE            ERROR          SIZE      DERIVATIVE 
   1  N0           3.07692e+06     fixed    
   2  tau          6.44069e+01   constant   
   3  A0           3.64469e-01     fixed    
   4  phi          4.11867e+00     fixed    
   5  R           -6.10412e+01   constant   
   6  A_CBO        5.44781e-04     fixed    
   7  w_CBO        2.32718e+00     fixed    
   8  phi_CBO      1.93607e+00     fixed    
   9  ANx2         1.88981e-04   constant   
  10  pNx2         1.59299e+00   constant   
  11  ANy1         0.00000e+00   constant   
  12  pNy1         0.00000e+00   constant   
  13  w_y          0.00000e+00   constant   
  14  ANy2         2.14996e-04   2.16467e-04   2.16467e-04   4.32460e+02
  15  pNy2         4.84726e+00   constant   
  16  w_vw         1.43184e+01   constant   
  17  LM           1.57605e-04   constant   
  18  wCBO_expCoeff   2.00004e+02   2.49596e-03   0.00000e+00  -3.39230e+01
  19  wCBO_expOffset   2.00000e+02   1.34829e-04   0.00000e+00  -6.68479e+03
  20  wCBO_expT    3.00000e+01   3.24102e-04   0.00000e+00   6.00208e+02
  21  wCBO_linCoeff   0.00000e+00   constant   
  22  wCBO_const  -8.72165e-03   3.02756e-03  -0.00000e+00   2.37385e+01
 MIGRAD FAILS TO FIND IMPROVEMENT
 COVARIANCE MATRIX CALCULATED SUCCESSFULLY
 FCN=439.777 FROM HESSE     STATUS=OK             37 CALLS        4065 TOTAL
                     EDM=0.00227548    STRATEGY= 1      ERROR MATRIX ACCURATE 
  EXT PARAMETER                                   STEP         FIRST   
