 + ++++++++++++++++++++++++++++++++++++++++++++++++++++++++++++++++++++ +
 +                                                                      +
 +           You have chose to blind your fitting according to          +
 +                omega_ref * (1 + (R +/- deltaR) *10^{-6})             +
 +                                                                      +
 + ++++++++++++++++++++++++++++++++++++++++++++++++++++++++++++++++++++ +
In main()...
reading format from /gm2data/zkhechad/run45/envelope/formats/formatB_sBin_constraintOn.txt
pBinTau 	= 0  
pBinPhi 	= 0  
constraintau 	= 1 
includeMopTerm 	= 0    
constrainMop    = 0   
Parameters after format file: pBinTau 0 pBinPhi 0 constraintau 1 includeMopTerm 0 constrainMop 0 c_e_scale 0.000000 
reading cbo reference file (full fit) from /gm2data/zkhechad/cboTemplates/Run4CBOTemplates/fullFits/run4/sBin_constraintOn_cE0.0_seed0_run4_calo12.root
A_CBO 0.007990 w_CBO 2.327632 phi_CBO 5.471864 N0 3435893.469287 R -59.911173 tau 64.398066 
Reading cboRef file /gm2data/zkhechad/cboTemplates/Run4CBOTemplates//cboIsolate/run4_calo12.root
deltaT 164.120000
windowBins = 1100
fitting sliding window 1980 from bin 2183 at 325.703600 to bin 3283 at 489.823600 (1100 bins)

Reading data from /gm2data/cornell/histograms/aMethod/histogram_a_run4.root
fitting cbo isolate
 **********
 **    1 **SET PRINTOUT            1
 **********
 **********
 **    2 **SET NOWARNINGS 
 **********
 PARAMETER DEFINITIONS:
    NO.   NAME         VALUE      STEP SIZE      LIMITS
     1 A_CBO        7.98954e-03  1.00000e-05     no limits
     2 w_CBO        2.32763e+00  1.00000e-02    2.00000e+00  3.00000e+00
     3 phi_CBO      5.47186e+00  1.00000e-02    0.00000e+00  6.28319e+00
 **********
 **    3 **MIGRAD
 **********
 FIRST CALL TO USER FUNCTION AT NEW START POINT, WITH IFLAG=4.
 START MIGRAD MINIMIZATION.  STRATEGY  1.  CONVERGENCE WHEN EDM .LT. 1.00e-04
 FCN=0.110369 FROM MIGRAD    STATUS=INITIATE       12 CALLS          13 TOTAL
                     EDM= unknown      STRATEGY= 1      NO ERROR MATRIX       
  EXT PARAMETER               CURRENT GUESS       STEP         FIRST   
  NO.   NAME      VALUE            ERROR          SIZE      DERIVATIVE 
   1  A_CBO        7.98954e-03   1.00000e-05   1.00000e-05   5.91520e+00
   2  w_CBO        2.32763e+00   1.00000e-02   2.13083e-02   1.23230e+00
   3  phi_CBO      5.47186e+00   1.00000e-02   4.74617e-03  -1.26143e-02
 MIGRAD MINIMIZATION HAS CONVERGED.
 MIGRAD WILL VERIFY CONVERGENCE AND ERROR MATRIX.
 COVARIANCE MATRIX CALCULATED SUCCESSFULLY
 FCN=0.0941802 FROM HESSE     STATUS=OK             16 CALLS          58 TOTAL
                     EDM=8.60633e-05    STRATEGY= 1      ERROR MATRIX ACCURATE 
  EXT PARAMETER                                   STEP         FIRST   
  NO.   NAME      VALUE            ERROR          SIZE      DERIVATIVE 
   1  A_CBO        2.69843e-03   4.36620e-02   2.18051e-05  -9.29511e-04
   2  w_CBO        2.32728e+00   2.92097e-01   4.28199e-05   1.99067e-02
   3  phi_CBO      5.58197e+00   5.90654e+00   4.17832e-03   7.93762e-05
 MIGRAD MINIMIZATION HAS CONVERGED.
 MIGRAD WILL VERIFY CONVERGENCE AND ERROR MATRIX.
 COVARIANCE MATRIX CALCULATED SUCCESSFULLY
 FCN=0.0940864 FROM MIGRAD    STATUS=CONVERGED     114 CALLS         115 TOTAL
                     EDM=2.81227e-06    STRATEGY= 1      ERROR MATRIX ACCURATE 
  EXT PARAMETER                                   STEP         FIRST   
  NO.   NAME      VALUE            ERROR          SIZE      DERIVATIVE 
   1  A_CBO        2.73536e-03   4.28391e-02   2.18005e-05   5.22150e-03
   2  w_CBO        2.32447e+00   2.92985e-01   4.13925e-05   1.57885e-03
   3  phi_CBO      4.43256e+00   5.12459e+00   2.75958e-03   2.89819e-05
 EXTERNAL ERROR MATRIX.    NDIM=  25    NPAR=  3    ERR DEF=1
  1.835e-03 -1.132e-03 -4.640e-01 
 -1.132e-03  1.002e-01  4.089e+01 
 -4.640e-01  4.089e+01  1.693e+04 
 PARAMETER  CORRELATION COEFFICIENTS  
       NO.  GLOBAL      1      2      3
        1  0.08355   1.000 -0.083 -0.083
        2  0.99279  -0.083  1.000  0.993
        3  0.99279  -0.083  0.993  1.000
setting A_CBO=0.002735 w_CBO=2.324466, phi_CBO=4.432560
done fitting cbo isolate
 **********
 **    1 **SET PRINTOUT            1
 **********
 **********
 **    2 **SET NOWARNINGS 
 **********
 PARAMETER DEFINITIONS:
    NO.   NAME         VALUE      STEP SIZE      LIMITS
     1 N0           3.43589e+06  1.00000e+02     no limits
     2 tau          6.43981e+01  constant
     3 A0           3.53663e-01  1.00000e-04     no limits
     4 phi          4.11774e+00  1.00000e-02     no limits
     5 R           -5.99112e+01  constant
     6 A_CBO        2.73536e-03  1.00000e-05     no limits
     7 w_CBO        2.32447e+00  1.00000e-03     no limits
     8 phi_CBO      4.43256e+00  1.00000e-04     no limits
     9 ANx2         3.16301e-04  constant
    10 pNx2         1.53957e+00  constant
    11 ANy1         0.00000e+00  constant
    12 pNy1         0.00000e+00  constant
    13 w_y          0.00000e+00  constant
    14 ANy2         1.02217e-02  1.00000e-04     no limits
    15 pNy2         1.44040e+00  constant
    16 w_vw         1.43192e+01  constant
    17 LM          -2.49463e-04  constant
    18 wCBO_expCoeff   2.00000e+02  1.00000e+00     no limits
    19 wCBO_expOffset   2.00000e+02  1.00000e+00     no limits
    20 wCBO_expT    3.00000e+01  1.00000e+00     no limits
    21 wCBO_linCoeff   0.00000e+00  constant
    22 wCBO_const   0.00000e+00  1.00000e-02     no limits
MINUIT - FIT ONLY WIGGLE
 **********
 **    3 **FIX            5
 **********
 PARAMETER    5  IS CONSTANT.   IGNORED.
 **********
 **    4 **FIX            6
 **********
 **********
 **    5 **FIX            7
 **********
 **********
 **    6 **FIX            8
 **********
 **********
 **    7 **FIX            9
 **********
 PARAMETER    9  IS CONSTANT.   IGNORED.
 **********
 **    8 **FIX           10
 **********
 PARAMETER   10  IS CONSTANT.   IGNORED.
 **********
 **    9 **FIX           11
 **********
 PARAMETER   11  IS CONSTANT.   IGNORED.
 **********
 **   10 **FIX           12
 **********
 PARAMETER   12  IS CONSTANT.   IGNORED.
 **********
 **   11 **FIX           13
 **********
 PARAMETER   13  IS CONSTANT.   IGNORED.
 **********
 **   12 **FIX           14
 **********
 **********
 **   13 **FIX           15
 **********
 PARAMETER   15  IS CONSTANT.   IGNORED.
 **********
 **   14 **FIX           16
 **********
 PARAMETER   16  IS CONSTANT.   IGNORED.
 **********
 **   15 **MIGRAD
 **********
 FIRST CALL TO USER FUNCTION AT NEW START POINT, WITH IFLAG=4.
 START MIGRAD MINIMIZATION.  STRATEGY  1.  CONVERGENCE WHEN EDM .LT. 1.00e-04
 FCN=691.048 FROM MIGRAD    STATUS=INITIATE       54 CALLS          55 TOTAL
                     EDM= unknown      STRATEGY= 1      NO ERROR MATRIX       
  EXT PARAMETER               CURRENT GUESS       STEP         FIRST   
  NO.   NAME      VALUE            ERROR          SIZE      DERIVATIVE 
   1  N0           3.43589e+06   1.00000e+02   0.00000e+00   6.55503e-04
   2  tau          6.43981e+01   constant   
   3  A0           3.53663e-01   1.00000e-04   0.00000e+00  -3.69733e+03
   4  phi          4.11774e+00   1.00000e-02   0.00000e+00  -1.00341e+02
   5  R           -5.99112e+01   constant   
   6  A_CBO        2.73536e-03     fixed    
   7  w_CBO        2.32447e+00     fixed    
   8  phi_CBO      4.43256e+00     fixed    
   9  ANx2         3.16301e-04   constant   
  10  pNx2         1.53957e+00   constant   
  11  ANy1         0.00000e+00   constant   
  12  pNy1         0.00000e+00   constant   
  13  w_y          0.00000e+00   constant   
  14  ANy2         1.02217e-02     fixed    
  15  pNy2         1.44040e+00   constant   
  16  w_vw         1.43192e+01   constant   
  17  LM          -2.49463e-04   constant   
  18  wCBO_expCoeff   1.99826e+02   1.00000e+00  -1.74487e-01  -6.04523e-01
  19  wCBO_expOffset   2.00000e+02   1.00000e+00   0.00000e+00  -4.02663e+00
  20  wCBO_expT    3.00000e+01   1.00000e+00   0.00000e+00  -1.80292e+02
  21  wCBO_linCoeff   0.00000e+00   constant   
  22  wCBO_const   0.00000e+00   1.00000e-02   0.00000e+00  -6.47685e+03
 MIGRAD MINIMIZATION HAS CONVERGED.
 FCN=682.457 FROM MIGRAD    STATUS=CONVERGED     187 CALLS         188 TOTAL
                     EDM=2.28235e-06    STRATEGY= 1  ERROR MATRIX UNCERTAINTY   1.3 per cent
  EXT PARAMETER                                   STEP         FIRST   
  NO.   NAME      VALUE            ERROR          SIZE      DERIVATIVE 
   1  N0           3.43546e+06   1.37541e+03   6.17335e-01  -6.94004e-07
   2  tau          6.43981e+01   constant   
   3  A0           3.54042e-01   5.37928e-04  -1.65114e-06   2.69759e-01
   4  phi          4.11758e+00   1.58090e-03   1.87248e-05   4.24680e-01
   5  R           -5.99112e+01   constant   
   6  A_CBO        2.73536e-03     fixed    
   7  w_CBO        2.32447e+00     fixed    
   8  phi_CBO      4.43256e+00     fixed    
   9  ANx2         3.16301e-04   constant   
  10  pNx2         1.53957e+00   constant   
  11  ANy1         0.00000e+00   constant   
  12  pNy1         0.00000e+00   constant   
  13  w_y          0.00000e+00   constant   
  14  ANy2         1.02217e-02     fixed    
  15  pNy2         1.44040e+00   constant   
  16  w_vw         1.43192e+01   constant   
  17  LM          -2.49463e-04   constant   
  18  wCBO_expCoeff   1.99498e+02   4.42542e-01   9.12665e-03   5.94180e-03
  19  wCBO_expOffset   1.99951e+02   6.64300e-02   1.36986e-03   3.96840e-02
  20  wCBO_expT    3.00184e+01   3.18436e-02  -6.42566e-04   9.22724e-02
  21  wCBO_linCoeff   0.00000e+00   constant   
  22  wCBO_const   1.47181e-03   9.45110e-04   1.10674e-05   4.37350e-01
 EXTERNAL ERROR MATRIX.    NDIM=  25    NPAR=  7    ERR DEF=1
  1.892e+06 -4.864e-03 -3.366e-03  3.684e+01  5.530e+00 -2.825e+00  9.221e-02 
 -4.864e-03  2.894e-07 -5.450e-09 -2.717e-05 -4.078e-06  2.108e-06 -7.297e-08 
 -3.366e-03 -5.450e-09  2.499e-06  6.384e-05  9.582e-06 -4.630e-06  5.386e-08 
  3.684e+01 -2.717e-05  6.384e-05  1.958e-01  2.913e-02 -1.401e-02  2.513e-04 
  5.530e+00 -4.078e-06  9.582e-06  2.913e-02  4.413e-03 -2.103e-03  3.772e-05 
 -2.825e+00  2.108e-06 -4.630e-06 -1.401e-02 -2.103e-03  1.014e-03 -1.979e-05 
  9.221e-02 -7.297e-08  5.386e-08  2.513e-04  3.772e-05 -1.979e-05  8.932e-07 
 PARAMETER  CORRELATION COEFFICIENTS  
       NO.  GLOBAL      1      3      4     18     19     20     22
        1  0.07786   1.000 -0.007 -0.002  0.061  0.061 -0.064  0.071
        3  0.15688  -0.007  1.000 -0.006 -0.114 -0.114  0.123 -0.144
        4  0.11072  -0.002 -0.006  1.000  0.091  0.091 -0.092  0.036
       18  0.99696   0.061 -0.114  0.091  1.000  0.991 -0.994  0.601
       19  0.99696   0.061 -0.114  0.091  0.991  1.000 -0.994  0.601
       20  0.99899  -0.064  0.123 -0.092 -0.994 -0.994  1.000 -0.658
       22  0.90599   0.071 -0.144  0.036  0.601  0.601 -0.658  1.000
MINUIT - FIT ONLY 1-CBO + other amplitudes 
 **********
 **   16 **RES 
 **********
                   PARAMETER   14  ANy2 RESTORED TO VARIABLE.
                   PARAMETER    8  phi_CBO RESTORED TO VARIABLE.
                   PARAMETER    7  w_CBO RESTORED TO VARIABLE.
                   PARAMETER    6  A_CBO RESTORED TO VARIABLE.
 **********
 **   17 **FIX            0
 **********
 PARAMETER    0  IS UNDEFINED. IGNORED.
 **********
 **   18 **FIX            1
 **********
 **********
 **   19 **FIX            2
 **********
 PARAMETER    2  IS CONSTANT.   IGNORED.
 **********
 **   20 **FIX            3
 **********
 **********
 **   21 **FIX            4
 **********
 **********
 **   22 **FIX            9
 **********
 PARAMETER    9  IS CONSTANT.   IGNORED.
 **********
 **   23 **FIX           11
 **********
 PARAMETER   11  IS CONSTANT.   IGNORED.
 **********
 **   24 **FIX           12
 **********
 PARAMETER   12  IS CONSTANT.   IGNORED.
 **********
 **   25 **FIX           14
 **********
 **********
 **   26 **FIX           15
 **********
 PARAMETER   15  IS CONSTANT.   IGNORED.
 **********
 **   27 **FIX           16
 **********
 PARAMETER   16  IS CONSTANT.   IGNORED.
 **********
 **   28 **MIGRAD
 **********
 START MIGRAD MINIMIZATION.  STRATEGY  1.  CONVERGENCE WHEN EDM .LT. 1.00e-04
 FCN=682.457 FROM MIGRAD    STATUS=INITIATE       20 CALLS         208 TOTAL
                     EDM= unknown      STRATEGY= 1      NO ERROR MATRIX       
  EXT PARAMETER               CURRENT GUESS       STEP         FIRST   
  NO.   NAME      VALUE            ERROR          SIZE      DERIVATIVE 
   1  N0           3.43546e+06     fixed    
   2  tau          6.43981e+01   constant   
   3  A0           3.54042e-01     fixed    
   4  phi          4.11758e+00     fixed    
   5  R           -5.99112e+01   constant   
   6  A_CBO        2.73536e-03   1.00000e-05   1.00000e-05   1.11934e+04
   7  w_CBO        2.32447e+00   1.00000e-03   1.00000e-03   7.00870e-01
   8  phi_CBO      4.43256e+00   1.00000e-04   1.00000e-04   1.13655e+00
   9  ANx2         3.16301e-04   constant   
  10  pNx2         1.53957e+00   constant   
  11  ANy1         0.00000e+00   constant   
  12  pNy1         0.00000e+00   constant   
  13  w_y          0.00000e+00   constant   
  14  ANy2         1.02217e-02     fixed    
  15  pNy2         1.44040e+00   constant   
  16  w_vw         1.43192e+01   constant   
  17  LM          -2.49463e-04   constant   
  18  wCBO_expCoeff   1.99498e+02   4.42542e-01   9.12665e-03   5.94148e-03
  19  wCBO_expOffset   1.99951e+02   6.64300e-02   1.36986e-03   3.96840e-02
  20  wCBO_expT    3.00184e+01   3.18436e-02  -6.42566e-04   9.22677e-02
  21  wCBO_linCoeff   0.00000e+00   constant   
  22  wCBO_const   1.47181e-03   9.45110e-04   1.10674e-05   4.37390e-01
 MIGRAD MINIMIZATION HAS CONVERGED.
 MIGRAD WILL VERIFY CONVERGENCE AND ERROR MATRIX.
 FCN=669.644 FROM MIGRAD    STATUS=CONVERGED     427 CALLS         615 TOTAL
                     EDM=8.33098e-07    STRATEGY= 1      ERR MATRIX NOT POS-DEF
  EXT PARAMETER                APPROXIMATE        STEP         FIRST   
  NO.   NAME      VALUE            ERROR          SIZE      DERIVATIVE 
   1  N0           3.43546e+06     fixed    
   2  tau          6.43981e+01   constant   
   3  A0           3.54042e-01     fixed    
   4  phi          4.11758e+00     fixed    
   5  R           -5.99112e+01   constant   
   6  A_CBO        8.31473e-04   5.90367e-04   7.06045e-06   6.55382e-01
   7  w_CBO        2.31925e+00   4.95353e-03   5.19696e-06  -2.38472e+00
   8  phi_CBO      2.51833e+00   8.70002e-01   8.69243e-03   2.40184e-04
   9  ANx2         3.16301e-04   constant   
  10  pNx2         1.53957e+00   constant   
  11  ANy1         0.00000e+00   constant   
  12  pNy1         0.00000e+00   constant   
  13  w_y          0.00000e+00   constant   
  14  ANy2         1.02217e-02     fixed    
  15  pNy2         1.44040e+00   constant   
  16  w_vw         1.43192e+01   constant   
  17  LM          -2.49463e-04   constant   
  18  wCBO_expCoeff   1.98565e+02   6.16086e-01   6.73878e-04  -1.64339e-02
  19  wCBO_expOffset   1.99810e+02   9.33968e-02   1.02150e-04  -1.08272e-01
  20  wCBO_expT    3.00999e+01   2.07549e-02   2.30656e-05  -5.16486e-01
  21  wCBO_linCoeff   0.00000e+00   constant   
  22  wCBO_const   9.63975e-04   2.16601e-03   5.51009e-06  -2.26599e+00
 EXTERNAL ERROR MATRIX.    NDIM=  25    NPAR=  7    ERR DEF=1
  3.485e-07  7.866e-08 -4.980e-05  6.235e-06  9.441e-07 -1.297e-06  8.117e-08 
  7.866e-08  2.454e-05  2.706e-04 -7.190e-04 -1.091e-04 -2.439e-05 -9.903e-06 
 -4.980e-05  2.706e-04  7.569e-01  4.878e-02  7.395e-03 -3.612e-03  8.105e-05 
  6.235e-06 -7.190e-04  4.878e-02  3.796e-01 -2.781e-02 -4.810e-03  4.052e-04 
  9.441e-07 -1.091e-04  7.395e-03 -2.781e-02  8.723e-03 -7.291e-04  6.146e-05 
 -1.297e-06 -2.439e-05 -3.612e-03 -4.810e-03 -7.291e-04  4.308e-04 -1.481e-08 
  8.117e-08 -9.903e-06  8.105e-05  4.052e-04  6.146e-05 -1.481e-08  4.692e-06 
ERR MATRIX NOT POS-DEF
 PARAMETER  CORRELATION COEFFICIENTS  
       NO.  GLOBAL      6      7      8     18     19     20     22
        6  0.33337   1.000  0.027 -0.097  0.017  0.017 -0.106  0.063
        7  0.99657   0.027  1.000  0.063 -0.236 -0.236 -0.237 -0.923
        8  0.61615  -0.097  0.063  1.000  0.091  0.091 -0.200  0.043
       18  0.99628   0.017 -0.236  0.091  1.000 -0.483 -0.376  0.304
       19  0.99628   0.017 -0.236  0.091 -0.483  1.000 -0.376  0.304
       20  0.99615  -0.106 -0.237 -0.200 -0.376 -0.376  1.000 -0.000
       22  0.97970   0.063 -0.923  0.043  0.304  0.304 -0.000  1.000
 ERR MATRIX NOT POS-DEF
MINUIT - FIT ONLY 1-CBO
 **********
 **   29 **RES 
 **********
                   PARAMETER   14  ANy2 RESTORED TO VARIABLE.
                   PARAMETER    4  phi RESTORED TO VARIABLE.
                   PARAMETER    3  A0 RESTORED TO VARIABLE.
                   PARAMETER    1  N0 RESTORED TO VARIABLE.
 **********
 **   30 **FIX            0
 **********
 PARAMETER    0  IS UNDEFINED. IGNORED.
 **********
 **   31 **FIX            1
 **********
 **********
 **   32 **FIX            2
 **********
 PARAMETER    2  IS CONSTANT.   IGNORED.
 **********
 **   33 **FIX            3
 **********
 **********
 **   34 **FIX            4
 **********
 **********
 **   35 **FIX            8
 **********
 **********
 **   36 **FIX            9
 **********
 PARAMETER    9  IS CONSTANT.   IGNORED.
 **********
 **   37 **FIX           11
 **********
 PARAMETER   11  IS CONSTANT.   IGNORED.
 **********
 **   38 **FIX           12
 **********
 PARAMETER   12  IS CONSTANT.   IGNORED.
 **********
 **   39 **FIX           13
 **********
 PARAMETER   13  IS CONSTANT.   IGNORED.
 **********
 **   40 **FIX           15
 **********
 PARAMETER   15  IS CONSTANT.   IGNORED.
 **********
 **   41 **FIX           16
 **********
 PARAMETER   16  IS CONSTANT.   IGNORED.
 **********
 **   42 **MIGRAD
 **********
 START MIGRAD MINIMIZATION.  STRATEGY  1.  CONVERGENCE WHEN EDM .LT. 1.00e-04
 FCN=669.644 FROM MIGRAD    STATUS=INITIATE       16 CALLS         631 TOTAL
                     EDM= unknown      STRATEGY= 1      NO ERROR MATRIX       
  EXT PARAMETER               CURRENT GUESS       STEP         FIRST   
  NO.   NAME      VALUE            ERROR          SIZE      DERIVATIVE 
   1  N0           3.43546e+06     fixed    
   2  tau          6.43981e+01   constant   
   3  A0           3.54042e-01     fixed    
   4  phi          4.11758e+00     fixed    
   5  R           -5.99112e+01   constant   
   6  A_CBO        8.31473e-04   5.90367e-04   7.06045e-06   6.55383e-01
   7  w_CBO        2.31925e+00   4.95353e-03   5.19696e-06  -2.37020e+00
   8  phi_CBO      2.51833e+00     fixed    
   9  ANx2         3.16301e-04   constant   
  10  pNx2         1.53957e+00   constant   
  11  ANy1         0.00000e+00   constant   
  12  pNy1         0.00000e+00   constant   
  13  w_y          0.00000e+00   constant   
  14  ANy2         1.02217e-02   1.00000e-04   1.00000e-04   6.47143e+04
  15  pNy2         1.44040e+00   constant   
  16  w_vw         1.43192e+01   constant   
  17  LM          -2.49463e-04   constant   
  18  wCBO_expCoeff   1.98565e+02   6.16086e-01   6.73878e-04  -1.63198e-02
  19  wCBO_expOffset   1.99810e+02   9.33968e-02   1.02150e-04  -1.07654e-01
  20  wCBO_expT    3.00999e+01   2.07549e-02   2.30656e-05  -5.12695e-01
  21  wCBO_linCoeff   0.00000e+00   constant   
  22  wCBO_const   9.63975e-04   2.16601e-03   5.51009e-06  -2.26937e+00
 MIGRAD MINIMIZATION HAS CONVERGED.
 MIGRAD WILL VERIFY CONVERGENCE AND ERROR MATRIX.
 COVARIANCE MATRIX CALCULATED SUCCESSFULLY
 FCN=335.011 FROM MIGRAD    STATUS=CONVERGED     202 CALLS         817 TOTAL
                     EDM=1.35994e-07    STRATEGY= 1      ERROR MATRIX ACCURATE 
  EXT PARAMETER                                   STEP         FIRST   
  NO.   NAME      VALUE            ERROR          SIZE      DERIVATIVE 
   1  N0           3.43546e+06     fixed    
   2  tau          6.43981e+01   constant   
   3  A0           3.54042e-01     fixed    
   4  phi          4.11758e+00     fixed    
   5  R           -5.99112e+01   constant   
   6  A_CBO        9.03171e-04   6.02194e-04   5.04455e-06   2.32258e-01
   7  w_CBO        2.31861e+00   2.15353e-02   5.02731e-06   6.70486e-01
   8  phi_CBO      2.51833e+00     fixed    
   9  ANx2         3.16301e-04   constant   
  10  pNx2         1.53957e+00   constant   
  11  ANy1         0.00000e+00   constant   
  12  pNy1         0.00000e+00   constant   
  13  w_y          0.00000e+00   constant   
  14  ANy2        -1.22152e-04   5.65687e-04   5.05903e-06   2.32572e-01
  15  pNy2         1.44040e+00   constant   
  16  w_vw         1.43192e+01   constant   
  17  LM          -2.49463e-04   constant   
  18  wCBO_expCoeff   1.98433e+02   2.72913e+00   6.71243e-04   4.48113e-03
  19  wCBO_expOffset   1.99790e+02   4.14467e-01   1.01859e-04   2.95115e-02
  20  wCBO_expT    3.01121e+01   4.58063e-02   2.28352e-05   1.30173e-01
  21  wCBO_linCoeff   0.00000e+00   constant   
  22  wCBO_const   1.05637e-03   9.20669e-03   4.90390e-06   6.64130e-01
 EXTERNAL ERROR MATRIX.    NDIM=  25    NPAR=  7    ERR DEF=1
  3.626e-07  3.271e-07 -5.267e-09 -8.475e-06 -1.311e-06 -9.650e-07  4.772e-08 
  3.271e-07  4.638e-04  2.738e-08 -1.771e-02 -2.710e-03 -1.522e-04 -1.967e-04 
 -5.267e-09  2.738e-08  3.200e-07  4.638e-06  7.020e-07 -4.565e-07 -7.769e-09 
 -8.475e-06 -1.771e-02  4.638e-06  7.448e+00 -8.053e-01 -2.241e-02  7.996e-03 
 -1.311e-06 -2.710e-03  7.020e-07 -8.053e-01  1.718e-01 -3.394e-03  1.223e-03 
 -9.650e-07 -1.522e-04 -4.565e-07 -2.241e-02 -3.394e-03  2.098e-03  2.703e-05 
  4.772e-08 -1.967e-04 -7.769e-09  7.996e-03  1.223e-03  2.703e-05  8.476e-05 
 PARAMETER  CORRELATION COEFFICIENTS  
       NO.  GLOBAL      6      7     14     18     19     20     22
        6  0.35191   1.000  0.025 -0.015 -0.005 -0.005 -0.035  0.009
        7  0.99966   0.025  1.000  0.002 -0.301 -0.304 -0.154 -0.992
       14  0.04045  -0.015  0.002  1.000  0.003  0.003 -0.018 -0.001
       18  0.99962  -0.005 -0.301  0.003  1.000 -0.712 -0.179  0.318
       19  0.99962  -0.005 -0.304  0.003 -0.712  1.000 -0.179  0.321
       20  0.99845  -0.035 -0.154 -0.018 -0.179 -0.179  1.000  0.064
       22  0.99823   0.009 -0.992 -0.001  0.318  0.321  0.064  1.000
MINUIT - FIT ONLY 2-CBO
 **********
 **   43 **RES 
 **********
                   PARAMETER    8  phi_CBO RESTORED TO VARIABLE.
                   PARAMETER    4  phi RESTORED TO VARIABLE.
                   PARAMETER    3  A0 RESTORED TO VARIABLE.
                   PARAMETER    1  N0 RESTORED TO VARIABLE.
 **********
 **   44 **FIX            0
 **********
 PARAMETER    0  IS UNDEFINED. IGNORED.
 **********
 **   45 **FIX            1
 **********
 **********
 **   46 **FIX            2
 **********
 PARAMETER    2  IS CONSTANT.   IGNORED.
 **********
 **   47 **FIX            3
 **********
 **********
 **   48 **FIX            4
 **********
 **********
 **   49 **FIX            5
 **********
 PARAMETER    5  IS CONSTANT.   IGNORED.
 **********
 **   50 **FIX            6
 **********
 **********
 **   51 **FIX            7
 **********
 **********
 **   52 **FIX           10
 **********
 PARAMETER   10  IS CONSTANT.   IGNORED.
 **********
 **   53 **FIX           11
 **********
 PARAMETER   11  IS CONSTANT.   IGNORED.
 **********
 **   54 **FIX           12
 **********
 PARAMETER   12  IS CONSTANT.   IGNORED.
 **********
 **   55 **FIX           13
 **********
 PARAMETER   13  IS CONSTANT.   IGNORED.
 **********
 **   56 **FIX           14
 **********
 **********
 **   57 **FIX           15
 **********
 PARAMETER   15  IS CONSTANT.   IGNORED.
 **********
 **   58 **FIX           16
 **********
 PARAMETER   16  IS CONSTANT.   IGNORED.
 **********
 **   59 **MIGRAD
 **********
 START MIGRAD MINIMIZATION.  STRATEGY  1.  CONVERGENCE WHEN EDM .LT. 1.00e-04
 FCN=335.011 FROM MIGRAD    STATUS=INITIATE       10 CALLS         827 TOTAL
                     EDM= unknown      STRATEGY= 1      NO ERROR MATRIX       
  EXT PARAMETER               CURRENT GUESS       STEP         FIRST   
  NO.   NAME      VALUE            ERROR          SIZE      DERIVATIVE 
   1  N0           3.43546e+06     fixed    
   2  tau          6.43981e+01   constant   
   3  A0           3.54042e-01     fixed    
   4  phi          4.11758e+00     fixed    
   5  R           -5.99112e+01   constant   
   6  A_CBO        9.03171e-04     fixed    
   7  w_CBO        2.31861e+00     fixed    
   8  phi_CBO      2.51833e+00   8.70002e-01   8.70002e-01   1.50401e+00
   9  ANx2         3.16301e-04   constant   
  10  pNx2         1.53957e+00   constant   
  11  ANy1         0.00000e+00   constant   
  12  pNy1         0.00000e+00   constant   
  13  w_y          0.00000e+00   constant   
  14  ANy2        -1.22152e-04     fixed    
  15  pNy2         1.44040e+00   constant   
  16  w_vw         1.43192e+01   constant   
  17  LM          -2.49463e-04   constant   
  18  wCBO_expCoeff   1.98433e+02   2.72913e+00   6.71243e-04   4.46577e-03
  19  wCBO_expOffset   1.99790e+02   4.14467e-01   1.01859e-04   2.94313e-02
  20  wCBO_expT    3.01121e+01   4.58063e-02   2.28352e-05   1.30373e-01
  21  wCBO_linCoeff   0.00000e+00   constant   
  22  wCBO_const   1.05637e-03   9.20669e-03   4.90390e-06   6.52162e-01
 MIGRAD MINIMIZATION HAS CONVERGED.
 MIGRAD WILL VERIFY CONVERGENCE AND ERROR MATRIX.
 FCN=334.515 FROM MIGRAD    STATUS=CONVERGED     133 CALLS         950 TOTAL
                     EDM=3.63391e-06    STRATEGY= 1      ERR MATRIX NOT POS-DEF
  EXT PARAMETER                APPROXIMATE        STEP         FIRST   
  NO.   NAME      VALUE            ERROR          SIZE      DERIVATIVE 
   1  N0           3.43546e+06     fixed    
   2  tau          6.43981e+01   constant   
   3  A0           3.54042e-01     fixed    
   4  phi          4.11758e+00     fixed    
   5  R           -5.99112e+01   constant   
   6  A_CBO        9.03171e-04     fixed    
   7  w_CBO        2.31861e+00     fixed    
   8  phi_CBO      1.87085e+00   9.01689e-01   5.34274e-03   9.51990e-05
   9  ANx2         3.16301e-04   constant   
  10  pNx2         1.53957e+00   constant   
  11  ANy1         0.00000e+00   constant   
  12  pNy1         0.00000e+00   constant   
  13  w_y          0.00000e+00   constant   
  14  ANy2        -1.22152e-04     fixed    
  15  pNy2         1.44040e+00   constant   
  16  w_vw         1.43192e+01   constant   
  17  LM          -2.49463e-04   constant   
  18  wCBO_expCoeff   1.98515e+02   1.00423e+00   7.33619e-04   1.08862e-03
  19  wCBO_expOffset   1.99803e+02   1.52298e-01   1.11265e-04   7.18321e-03
  20  wCBO_expT    3.01056e+01   2.96336e-02   2.50842e-05   1.17626e-01
  21  wCBO_linCoeff   0.00000e+00   constant   
  22  wCBO_const   8.23547e-04   8.98056e-04   4.50198e-06   3.26562e+00
 EXTERNAL ERROR MATRIX.    NDIM=  25    NPAR=  5    ERR DEF=1
  8.130e-01 -5.068e-02 -7.685e-03  4.748e-03  2.979e-04 
 -5.068e-02  1.008e+00 -1.036e-01 -1.184e-02  1.807e-04 
 -7.685e-03 -1.036e-01  2.319e-02 -1.796e-03  2.741e-05 
  4.748e-03 -1.184e-02 -1.796e-03  8.782e-04 -1.436e-05 
  2.979e-04  1.807e-04  2.741e-05 -1.436e-05  8.065e-07 
ERR MATRIX NOT POS-DEF
 PARAMETER  CORRELATION COEFFICIENTS  
       NO.  GLOBAL      8     18     19     20     22
        8  0.75125   1.000 -0.056 -0.056  0.178  0.368
       18  0.99666  -0.056  1.000 -0.678 -0.398  0.200
       19  0.99666  -0.056 -0.678  1.000 -0.398  0.200
       20  0.99551   0.178 -0.398 -0.398  1.000 -0.540
       22  0.83036   0.368  0.200  0.200 -0.540  1.000
 ERR MATRIX NOT POS-DEF
MINUIT - FIT ONLY 1-y
 **********
 **   60 **RES 
 **********
                   PARAMETER   14  ANy2 RESTORED TO VARIABLE.
                   PARAMETER    7  w_CBO RESTORED TO VARIABLE.
                   PARAMETER    6  A_CBO RESTORED TO VARIABLE.
                   PARAMETER    4  phi RESTORED TO VARIABLE.
                   PARAMETER    3  A0 RESTORED TO VARIABLE.
                   PARAMETER    1  N0 RESTORED TO VARIABLE.
 **********
 **   61 **FIX            0
 **********
 PARAMETER    0  IS UNDEFINED. IGNORED.
 **********
 **   62 **FIX            1
 **********
 **********
 **   63 **FIX            2
 **********
 PARAMETER    2  IS CONSTANT.   IGNORED.
 **********
 **   64 **FIX            3
 **********
 **********
 **   65 **FIX            4
 **********
 **********
 **   66 **FIX            5
 **********
 PARAMETER    5  IS CONSTANT.   IGNORED.
 **********
 **   67 **FIX            6
 **********
 **********
 **   68 **FIX            7
 **********
 **********
 **   69 **FIX            8
 **********
 **********
 **   70 **FIX            9
 **********
 PARAMETER    9  IS CONSTANT.   IGNORED.
 **********
 **   71 **FIX           13
 **********
 PARAMETER   13  IS CONSTANT.   IGNORED.
 **********
 **   72 **FIX           14
 **********
 **********
 **   73 **FIX           15
 **********
 PARAMETER   15  IS CONSTANT.   IGNORED.
 **********
 **   74 **FIX           16
 **********
 PARAMETER   16  IS CONSTANT.   IGNORED.
 **********
 **   75 **MIGRAD
 **********
 START MIGRAD MINIMIZATION.  STRATEGY  1.  CONVERGENCE WHEN EDM .LT. 1.00e-04
 FCN=334.515 FROM MIGRAD    STATUS=INITIATE        8 CALLS         958 TOTAL
                     EDM= unknown      STRATEGY= 1      NO ERROR MATRIX       
  EXT PARAMETER               CURRENT GUESS       STEP         FIRST   
  NO.   NAME      VALUE            ERROR          SIZE      DERIVATIVE 
   1  N0           3.43546e+06     fixed    
   2  tau          6.43981e+01   constant   
   3  A0           3.54042e-01     fixed    
   4  phi          4.11758e+00     fixed    
   5  R           -5.99112e+01   constant   
   6  A_CBO        9.03171e-04     fixed    
   7  w_CBO        2.31861e+00     fixed    
   8  phi_CBO      1.87085e+00     fixed    
   9  ANx2         3.16301e-04   constant   
  10  pNx2         1.53957e+00   constant   
  11  ANy1         0.00000e+00   constant   
  12  pNy1         0.00000e+00   constant   
  13  w_y          0.00000e+00   constant   
  14  ANy2        -1.22152e-04     fixed    
  15  pNy2         1.44040e+00   constant   
  16  w_vw         1.43192e+01   constant   
  17  LM          -2.49463e-04   constant   
  18  wCBO_expCoeff   1.98515e+02   1.00423e+00   7.33619e-04   1.10844e-03
  19  wCBO_expOffset   1.99803e+02   1.52298e-01   1.11265e-04   7.78320e-03
  20  wCBO_expT    3.01056e+01   2.96336e-02   2.50842e-05   1.21005e-01
  21  wCBO_linCoeff   0.00000e+00   constant   
  22  wCBO_const   8.23547e-04   8.98056e-04   4.50198e-06   3.26415e+00
 MIGRAD MINIMIZATION HAS CONVERGED.
 MIGRAD WILL VERIFY CONVERGENCE AND ERROR MATRIX.
 FCN=334.515 FROM MIGRAD    STATUS=CONVERGED      41 CALLS         991 TOTAL
                     EDM=1.3104e-06    STRATEGY= 1      ERR MATRIX NOT POS-DEF
  EXT PARAMETER                APPROXIMATE        STEP         FIRST   
  NO.   NAME      VALUE            ERROR          SIZE      DERIVATIVE 
   1  N0           3.43546e+06     fixed    
   2  tau          6.43981e+01   constant   
   3  A0           3.54042e-01     fixed    
   4  phi          4.11758e+00     fixed    
   5  R           -5.99112e+01   constant   
   6  A_CBO        9.03171e-04     fixed    
   7  w_CBO        2.31861e+00     fixed    
   8  phi_CBO      1.87085e+00     fixed    
   9  ANx2         3.16301e-04   constant   
  10  pNx2         1.53957e+00   constant   
  11  ANy1         0.00000e+00   constant   
  12  pNy1         0.00000e+00   constant   
  13  w_y          0.00000e+00   constant   
  14  ANy2        -1.22152e-04     fixed    
  15  pNy2         1.44040e+00   constant   
  16  w_vw         1.43192e+01   constant   
  17  LM          -2.49463e-04   constant   
  18  wCBO_expCoeff   1.98515e+02   1.07109e+00   7.35808e-04  -1.16238e-02
  19  wCBO_expOffset   1.99803e+02   1.62439e-01   1.11588e-04  -7.65281e-02
  20  wCBO_expT    3.01056e+01   3.04283e-02   2.51702e-05  -2.79975e-01
  21  wCBO_linCoeff   0.00000e+00   constant   
  22  wCBO_const   8.23263e-04   8.50782e-04   4.49223e-06   5.46339e-01
 EXTERNAL ERROR MATRIX.    NDIM=  25    NPAR=  4    ERR DEF=1
  1.147e+00 -1.214e-01 -1.257e-02  2.184e-04 
 -1.214e-01  2.639e-02 -1.907e-03  3.312e-05 
 -1.257e-02 -1.907e-03  9.259e-04 -1.751e-05 
  2.184e-04  3.312e-05 -1.751e-05  7.238e-07 
ERR MATRIX NOT POS-DEF
 PARAMETER  CORRELATION COEFFICIENTS  
       NO.  GLOBAL     18     19     20     22
       18  0.99707   1.000 -0.698 -0.386  0.240
       19  0.99707  -0.698  1.000 -0.386  0.240
       20  0.99574  -0.386 -0.386  1.000 -0.676
       22  0.80862   0.240  0.240 -0.676  1.000
 ERR MATRIX NOT POS-DEF
MINUIT - FIT ONLY 2-y
 **********
 **   76 **RES 
 **********
                   PARAMETER   14  ANy2 RESTORED TO VARIABLE.
                   PARAMETER    8  phi_CBO RESTORED TO VARIABLE.
                   PARAMETER    7  w_CBO RESTORED TO VARIABLE.
                   PARAMETER    6  A_CBO RESTORED TO VARIABLE.
                   PARAMETER    4  phi RESTORED TO VARIABLE.
                   PARAMETER    3  A0 RESTORED TO VARIABLE.
                   PARAMETER    1  N0 RESTORED TO VARIABLE.
 **********
 **   77 **FIX            0
 **********
 PARAMETER    0  IS UNDEFINED. IGNORED.
 **********
 **   78 **FIX            1
 **********
 **********
 **   79 **FIX            2
 **********
 PARAMETER    2  IS CONSTANT.   IGNORED.
 **********
 **   80 **FIX            3
 **********
 **********
 **   81 **FIX            4
 **********
 **********
 **   82 **FIX            5
 **********
 PARAMETER    5  IS CONSTANT.   IGNORED.
 **********
 **   83 **FIX            6
 **********
 **********
 **   84 **FIX            7
 **********
 **********
 **   85 **FIX            8
 **********
 **********
 **   86 **FIX            9
 **********
 PARAMETER    9  IS CONSTANT.   IGNORED.
 **********
 **   87 **FIX           10
 **********
 PARAMETER   10  IS CONSTANT.   IGNORED.
 **********
 **   88 **FIX           11
 **********
 PARAMETER   11  IS CONSTANT.   IGNORED.
 **********
 **   89 **FIX           12
 **********
 PARAMETER   12  IS CONSTANT.   IGNORED.
 **********
 **   90 **FIX           16
 **********
 PARAMETER   16  IS CONSTANT.   IGNORED.
 **********
 **   91 **MIGRAD
 **********
 START MIGRAD MINIMIZATION.  STRATEGY  1.  CONVERGENCE WHEN EDM .LT. 1.00e-04
 FCN=334.515 FROM MIGRAD    STATUS=INITIATE       10 CALLS        1001 TOTAL
                     EDM= unknown      STRATEGY= 1      NO ERROR MATRIX       
  EXT PARAMETER               CURRENT GUESS       STEP         FIRST   
  NO.   NAME      VALUE            ERROR          SIZE      DERIVATIVE 
   1  N0           3.43546e+06     fixed    
   2  tau          6.43981e+01   constant   
   3  A0           3.54042e-01     fixed    
   4  phi          4.11758e+00     fixed    
   5  R           -5.99112e+01   constant   
   6  A_CBO        9.03171e-04     fixed    
   7  w_CBO        2.31861e+00     fixed    
   8  phi_CBO      1.87085e+00     fixed    
   9  ANx2         3.16301e-04   constant   
  10  pNx2         1.53957e+00   constant   
  11  ANy1         0.00000e+00   constant   
  12  pNy1         0.00000e+00   constant   
  13  w_y          0.00000e+00   constant   
  14  ANy2        -1.22152e-04   5.65687e-04   5.65687e-04   8.48436e+01
  15  pNy2         1.44040e+00   constant   
  16  w_vw         1.43192e+01   constant   
  17  LM          -2.49463e-04   constant   
  18  wCBO_expCoeff   1.98515e+02   1.07109e+00   7.35808e-04  -1.15029e-02
  19  wCBO_expOffset   1.99803e+02   1.62439e-01   1.11588e-04  -7.58471e-02
  20  wCBO_expT    3.01056e+01   3.04283e-02   2.51702e-05  -2.76590e-01
  21  wCBO_linCoeff   0.00000e+00   constant   
  22  wCBO_const   8.23263e-04   8.50782e-04   4.49223e-06   5.44884e-01
 MIGRAD MINIMIZATION HAS CONVERGED.
 MIGRAD WILL VERIFY CONVERGENCE AND ERROR MATRIX.
 FCN=334.515 FROM MIGRAD    STATUS=CONVERGED      52 CALLS        1043 TOTAL
                     EDM=3.0627e-06    STRATEGY= 1      ERR MATRIX NOT POS-DEF
  EXT PARAMETER                APPROXIMATE        STEP         FIRST   
  NO.   NAME      VALUE            ERROR          SIZE      DERIVATIVE 
   1  N0           3.43546e+06     fixed    
   2  tau          6.43981e+01   constant   
   3  A0           3.54042e-01     fixed    
   4  phi          4.11758e+00     fixed    
   5  R           -5.99112e+01   constant   
   6  A_CBO        9.03171e-04     fixed    
   7  w_CBO        2.31861e+00     fixed    
   8  phi_CBO      1.87085e+00     fixed    
   9  ANx2         3.16301e-04   constant   
  10  pNx2         1.53957e+00   constant   
  11  ANy1         0.00000e+00   constant   
  12  pNy1         0.00000e+00   constant   
  13  w_y          0.00000e+00   constant   
  14  ANy2        -1.35706e-04   5.63447e-04   5.05544e-06   4.26528e-02
  15  pNy2         1.44040e+00   constant   
  16  w_vw         1.43192e+01   constant   
  17  LM          -2.49463e-04   constant   
  18  wCBO_expCoeff   1.98515e+02   1.07149e+00   7.35879e-04   1.36541e-02
  19  wCBO_expOffset   1.99803e+02   1.62494e-01   1.11599e-04   9.01522e-02
  20  wCBO_expT    3.01056e+01   3.04371e-02   2.51726e-05   4.92893e-01
  21  wCBO_linCoeff   0.00000e+00   constant   
  22  wCBO_const   8.23194e-04   8.50965e-04   4.49223e-06   4.21004e+00
 EXTERNAL ERROR MATRIX.    NDIM=  25    NPAR=  5    ERR DEF=1
  3.175e-07 -2.678e-06 -4.062e-07  1.584e-07  3.485e-09 
 -2.678e-06  1.148e+00 -1.215e-01 -1.258e-02  2.185e-04 
 -4.062e-07 -1.215e-01  2.640e-02 -1.908e-03  3.313e-05 
  1.584e-07 -1.258e-02 -1.908e-03  9.264e-04 -1.752e-05 
  3.485e-09  2.185e-04  3.313e-05 -1.752e-05  7.241e-07 
ERR MATRIX NOT POS-DEF
 PARAMETER  CORRELATION COEFFICIENTS  
       NO.  GLOBAL     14     18     19     20     22
       14  0.02242   1.000 -0.004 -0.004  0.009  0.007
       18  0.99707  -0.004  1.000 -0.698 -0.386  0.240
       19  0.99707  -0.004 -0.698  1.000 -0.386  0.240
       20  0.99574   0.009 -0.386 -0.386  1.000 -0.676
       22  0.80864   0.007  0.240  0.240 -0.676  1.000
 ERR MATRIX NOT POS-DEF
MINUIT - FIT ALTOGETHER
 **********
 **   92 **RES 
 **********
                   PARAMETER    8  phi_CBO RESTORED TO VARIABLE.
                   PARAMETER    7  w_CBO RESTORED TO VARIABLE.
                   PARAMETER    6  A_CBO RESTORED TO VARIABLE.
                   PARAMETER    4  phi RESTORED TO VARIABLE.
                   PARAMETER    3  A0 RESTORED TO VARIABLE.
                   PARAMETER    1  N0 RESTORED TO VARIABLE.
 **********
 **   93 **MIGRAD
 **********
 START MIGRAD MINIMIZATION.  STRATEGY  1.  CONVERGENCE WHEN EDM .LT. 1.00e-04
 FCN=334.515 FROM MIGRAD    STATUS=INITIATE       22 CALLS        1065 TOTAL
                     EDM= unknown      STRATEGY= 1      NO ERROR MATRIX       
  EXT PARAMETER               CURRENT GUESS       STEP         FIRST   
  NO.   NAME      VALUE            ERROR          SIZE      DERIVATIVE 
   1  N0           3.43546e+06   1.37541e+03   1.37541e+03  -4.91132e-04
   2  tau          6.43981e+01   constant   
   3  A0           3.54042e-01   5.37928e-04   5.37928e-04  -4.60598e+02
   4  phi          4.11758e+00   1.58090e-03   1.58090e-03  -4.23412e+01
   5  R           -5.99112e+01   constant   
   6  A_CBO        9.03171e-04   6.02194e-04   6.02194e-04  -4.47558e+02
   7  w_CBO        2.31861e+00   2.15353e-02   2.15353e-02   2.99613e+00
   8  phi_CBO      1.87085e+00   9.01689e-01   9.01689e-01   1.71083e-03
   9  ANx2         3.16301e-04   constant   
  10  pNx2         1.53957e+00   constant   
  11  ANy1         0.00000e+00   constant   
  12  pNy1         0.00000e+00   constant   
  13  w_y          0.00000e+00   constant   
  14  ANy2        -1.35706e-04   5.63447e-04   5.05544e-06   4.26526e-02
  15  pNy2         1.44040e+00   constant   
  16  w_vw         1.43192e+01   constant   
  17  LM          -2.49463e-04   constant   
  18  wCBO_expCoeff   1.98515e+02   1.07149e+00   7.35879e-04   1.37742e-02
  19  wCBO_expOffset   1.99803e+02   1.62494e-01   1.11599e-04   9.08293e-02
