 + ++++++++++++++++++++++++++++++++++++++++++++++++++++++++++++++++++++ +
 +                                                                      +
 +           You have chose to blind your fitting according to          +
 +                omega_ref * (1 + (R +/- deltaR) *10^{-6})             +
 +                                                                      +
 + ++++++++++++++++++++++++++++++++++++++++++++++++++++++++++++++++++++ +
In main()...
reading format from /gm2data/zkhechad/run45/envelope/formats/formatB_sBin_constraintOn.txt
pBinTau 	= 0  
pBinPhi 	= 0  
constraintau 	= 1 
includeMopTerm 	= 0    
constrainMop    = 0   
Parameters after format file: pBinTau 0 pBinPhi 0 constraintau 1 includeMopTerm 0 constrainMop 0 c_e_scale 0.000000 
reading cbo reference file (full fit) from /gm2data/zkhechad/cboTemplates/Run4CBOTemplates/fullFits/run4/sBin_constraintOn_cE0.0_seed0_run4_calo3.root
A_CBO 0.008872 w_CBO 2.326183 phi_CBO 4.278101 N0 2792933.794534 R -61.131445 tau 64.392950 
Reading cboRef file /gm2data/zkhechad/cboTemplates/Run4CBOTemplates//cboIsolate/run4_calo3.root
deltaT 18.611426
windowBins = 120
fitting sliding window 540 from bin 743 at 110.855600 to bin 863 at 128.759600 (120 bins)

Reading data from /gm2data/cornell/histograms/aMethod/histogram_a_run4.root
fitting cbo isolate
 **********
 **    1 **SET PRINTOUT            1
 **********
 **********
 **    2 **SET NOWARNINGS 
 **********
 PARAMETER DEFINITIONS:
    NO.   NAME         VALUE      STEP SIZE      LIMITS
     1 A_CBO        8.87236e-03  1.00000e-05     no limits
     2 w_CBO        2.32618e+00  1.00000e-02    2.00000e+00  3.00000e+00
     3 phi_CBO      4.27810e+00  1.00000e-02    0.00000e+00  6.28319e+00
 **********
 **    3 **MIGRAD
 **********
 FIRST CALL TO USER FUNCTION AT NEW START POINT, WITH IFLAG=4.
 START MIGRAD MINIMIZATION.  STRATEGY  1.  CONVERGENCE WHEN EDM .LT. 1.00e-04
 FCN=0.00141402 FROM MIGRAD    STATUS=INITIATE       10 CALLS          11 TOTAL
                     EDM= unknown      STRATEGY= 1      NO ERROR MATRIX       
  EXT PARAMETER               CURRENT GUESS       STEP         FIRST   
  NO.   NAME      VALUE            ERROR          SIZE      DERIVATIVE 
   1  A_CBO        8.87236e-03   1.00000e-05   1.00000e-05   5.41955e-01
   2  w_CBO        2.32618e+00   1.00000e-02   2.13326e-02  -7.80946e-03
   3  phi_CBO      4.27810e+00   1.00000e-02   3.41436e-03   3.90666e-04
 MIGRAD MINIMIZATION HAS CONVERGED.
 MIGRAD WILL VERIFY CONVERGENCE AND ERROR MATRIX.
 COVARIANCE MATRIX CALCULATED SUCCESSFULLY
 FCN=0.000185773 FROM MIGRAD    STATUS=CONVERGED      39 CALLS          40 TOTAL
                     EDM=9.24227e-07    STRATEGY= 1      ERROR MATRIX ACCURATE 
  EXT PARAMETER                                   STEP         FIRST   
  NO.   NAME      VALUE            ERROR          SIZE      DERIVATIVE 
   1  A_CBO        4.34883e-03   1.31441e-01   6.30272e-05  -2.16802e-05
   2  w_CBO        2.32643e+00   6.63021e-01   2.58797e-04   1.30526e-03
   3  phi_CBO      4.24920e+00   4.08977e+00   4.93136e-03  -7.65084e-05
 EXTERNAL ERROR MATRIX.    NDIM=  25    NPAR=  3    ERR DEF=1
  1.728e-02 -8.731e-02 -1.032e+01 
 -8.731e-02  1.250e+01  1.489e+03 
 -1.032e+01  1.489e+03  1.782e+05 
 PARAMETER  CORRELATION COEFFICIENTS  
       NO.  GLOBAL      1      2      3
        1  0.18917   1.000 -0.188 -0.186
        2  0.99753  -0.188  1.000  0.998
        3  0.99752  -0.186  0.998  1.000
setting A_CBO=0.004349 w_CBO=2.326433, phi_CBO=4.249202
done fitting cbo isolate
 **********
 **    1 **SET PRINTOUT            1
 **********
 **********
 **    2 **SET NOWARNINGS 
 **********
 PARAMETER DEFINITIONS:
    NO.   NAME         VALUE      STEP SIZE      LIMITS
     1 N0           2.79293e+06  1.00000e+02     no limits
     2 tau          6.43930e+01  constant
     3 A0           3.56510e-01  1.00000e-04     no limits
     4 phi          4.11711e+00  1.00000e-02     no limits
     5 R           -6.11314e+01  constant
     6 A_CBO        4.34883e-03  1.00000e-05     no limits
     7 w_CBO        2.32643e+00  1.00000e-03     no limits
     8 phi_CBO      4.24920e+00  1.00000e-04     no limits
     9 ANx2         3.99781e-04  constant
    10 pNx2         4.45174e+00  constant
    11 ANy1         0.00000e+00  constant
    12 pNy1         0.00000e+00  constant
    13 w_y          0.00000e+00  constant
    14 ANy2         9.79441e-03  1.00000e-04     no limits
    15 pNy2         4.41741e+00  constant
    16 w_vw         1.43026e+01  constant
    17 LM          -4.33674e-04  constant
    18 wCBO_expCoeff   2.00000e+02  1.00000e+00     no limits
    19 wCBO_expOffset   2.00000e+02  1.00000e+00     no limits
    20 wCBO_expT    3.00000e+01  1.00000e+00     no limits
    21 wCBO_linCoeff   0.00000e+00  constant
    22 wCBO_const   0.00000e+00  1.00000e-02     no limits
MINUIT - FIT ONLY WIGGLE
 **********
 **    3 **FIX            5
 **********
 PARAMETER    5  IS CONSTANT.   IGNORED.
 **********
 **    4 **FIX            6
 **********
 **********
 **    5 **FIX            7
 **********
 **********
 **    6 **FIX            8
 **********
 **********
 **    7 **FIX            9
 **********
 PARAMETER    9  IS CONSTANT.   IGNORED.
 **********
 **    8 **FIX           10
 **********
 PARAMETER   10  IS CONSTANT.   IGNORED.
 **********
 **    9 **FIX           11
 **********
 PARAMETER   11  IS CONSTANT.   IGNORED.
 **********
 **   10 **FIX           12
 **********
 PARAMETER   12  IS CONSTANT.   IGNORED.
 **********
 **   11 **FIX           13
 **********
 PARAMETER   13  IS CONSTANT.   IGNORED.
 **********
 **   12 **FIX           14
 **********
 **********
 **   13 **FIX           15
 **********
 PARAMETER   15  IS CONSTANT.   IGNORED.
 **********
 **   14 **FIX           16
 **********
 PARAMETER   16  IS CONSTANT.   IGNORED.
 **********
 **   15 **MIGRAD
 **********
 FIRST CALL TO USER FUNCTION AT NEW START POINT, WITH IFLAG=4.
 START MIGRAD MINIMIZATION.  STRATEGY  1.  CONVERGENCE WHEN EDM .LT. 1.00e-04
 FCN=2494.15 FROM MIGRAD    STATUS=INITIATE       34 CALLS          35 TOTAL
                     EDM= unknown      STRATEGY= 1      NO ERROR MATRIX       
  EXT PARAMETER               CURRENT GUESS       STEP         FIRST   
  NO.   NAME      VALUE            ERROR          SIZE      DERIVATIVE 
   1  N0           2.79293e+06   1.00000e+02   1.00000e+02  -1.12589e-04
   2  tau          6.43930e+01   constant   
   3  A0           3.56510e-01   1.00000e-04   1.00000e-04  -3.70156e+03
   4  phi          4.11711e+00   1.00000e-02   1.00000e-02  -1.33254e+04
   5  R           -6.11314e+01   constant   
   6  A_CBO        4.34883e-03     fixed    
   7  w_CBO        2.32643e+00     fixed    
   8  phi_CBO      4.24920e+00     fixed    
   9  ANx2         3.99781e-04   constant   
  10  pNx2         4.45174e+00   constant   
  11  ANy1         0.00000e+00   constant   
  12  pNy1         0.00000e+00   constant   
  13  w_y          0.00000e+00   constant   
  14  ANy2         9.79441e-03     fixed    
  15  pNy2         4.41741e+00   constant   
  16  w_vw         1.43026e+01   constant   
  17  LM          -4.33674e-04   constant   
  18  wCBO_expCoeff   2.00000e+02   1.00000e+00   1.00000e+00   8.44854e+05
  19  wCBO_expOffset   2.00000e+02   1.00000e+00   1.00000e+00   3.78013e+05
  20  wCBO_expT    3.00000e+01   1.00000e+00   1.00000e+00  -7.23762e+05
  21  wCBO_linCoeff   0.00000e+00   constant   
  22  wCBO_const   0.00000e+00   1.00000e-02   1.00000e-02   6.22848e+04
 MIGRAD FAILS TO FIND IMPROVEMENT
 FCN=2159.2 FROM HESSE     STATUS=NOT POSDEF     52 CALLS         127 TOTAL
                     EDM=1834.89    STRATEGY= 1      ERR MATRIX NOT POS-DEF
  EXT PARAMETER                APPROXIMATE        STEP         FIRST   
  NO.   NAME      VALUE            ERROR          SIZE      DERIVATIVE 
   1  N0           2.79295e+06   5.94086e+02   1.01259e+01   2.46745e-03
   2  tau          6.43930e+01   constant   
   3  A0           3.56650e-01   2.79205e-04   4.93281e-06  -1.64515e+04
   4  phi          4.12119e+00   5.93926e-04   1.40546e-05   1.44428e+04
   5  R           -6.11314e+01   constant   
   6  A_CBO        4.34883e-03     fixed    
   7  w_CBO        2.32643e+00     fixed    
   8  phi_CBO      4.24920e+00     fixed    
   9  ANx2         3.99781e-04   constant   
  10  pNx2         4.45174e+00   constant   
  11  ANy1         0.00000e+00   constant   
  12  pNy1         0.00000e+00   constant   
  13  w_y          0.00000e+00   constant   
  14  ANy2         9.79441e-03     fixed    
  15  pNy2         4.41741e+00   constant   
  16  w_vw         1.43026e+01   constant   
  17  LM          -4.33674e-04   constant   
  18  wCBO_expCoeff   1.99999e+02   1.76642e-04   9.53670e-05   6.00597e+05
  19  wCBO_expOffset   2.00000e+02   2.19557e-05   9.53673e-05   4.00671e+06
  20  wCBO_expT    3.00006e+01   1.52203e-05   1.43054e-05  -1.08212e+07
  21  wCBO_linCoeff   0.00000e+00   constant   
  22  wCBO_const  -1.37301e-02   1.24202e-03   5.59186e-06   4.20297e+04
 MIGRAD FAILS TO FIND IMPROVEMENT
 MIGRAD TERMINATED WITHOUT CONVERGENCE.
 FCN=2026.93 FROM MIGRAD    STATUS=FAILED        224 CALLS         225 TOTAL
                     EDM=2.38678    STRATEGY= 1      ERR MATRIX NOT POS-DEF
  EXT PARAMETER                APPROXIMATE        STEP         FIRST   
  NO.   NAME      VALUE            ERROR          SIZE      DERIVATIVE 
   1  N0           2.79258e+06   4.06837e+02   0.00000e+00  -1.52740e-03
   2  tau          6.43930e+01   constant   
   3  A0           3.57603e-01   2.01737e-04  -0.00000e+00   4.88235e+02
   4  phi          4.11893e+00   5.77423e-04   0.00000e+00  -1.69875e+02
   5  R           -6.11314e+01   constant   
   6  A_CBO        4.34883e-03     fixed    
   7  w_CBO        2.32643e+00     fixed    
   8  phi_CBO      4.24920e+00     fixed    
   9  ANx2         3.99781e-04   constant   
  10  pNx2         4.45174e+00   constant   
  11  ANy1         0.00000e+00   constant   
  12  pNy1         0.00000e+00   constant   
  13  w_y          0.00000e+00   constant   
  14  ANy2         9.79441e-03     fixed    
  15  pNy2         4.41741e+00   constant   
  16  w_vw         1.43026e+01   constant   
  17  LM          -4.33674e-04   constant   
  18  wCBO_expCoeff   1.99999e+02   5.36745e-05  -0.00000e+00   1.08273e+04
  19  wCBO_expOffset   2.00000e+02   8.89559e-06  -0.00000e+00   2.27132e+05
  20  wCBO_expT    3.00007e+01   9.99179e-06  -0.00000e+00   3.10042e+04
  21  wCBO_linCoeff   0.00000e+00   constant   
  22  wCBO_const  -5.51559e-03   1.16980e-03  -0.00000e+00   6.68119e+02
 EXTERNAL ERROR MATRIX.    NDIM=  25    NPAR=  7    ERR DEF=1
  1.655e+05  3.017e-03 -4.334e-03  1.855e-04  9.478e-05  1.021e-04  1.494e-02 
  3.017e-03  4.070e-08  3.578e-09  2.771e-09  5.203e-10  6.183e-10  6.621e-08 
 -4.334e-03  3.578e-09  3.334e-07 -1.022e-08 -1.239e-09 -1.386e-09 -1.376e-07 
  1.855e-04  2.771e-09 -1.022e-08  2.881e-09  3.751e-10  4.369e-10  3.836e-08 
  9.478e-05  5.203e-10 -1.239e-09  3.751e-10  7.913e-11  8.495e-11  9.102e-09 
  1.021e-04  6.183e-10 -1.386e-09  4.369e-10  8.495e-11  9.984e-11  1.104e-08 
  1.494e-02  6.621e-08 -1.376e-07  3.836e-08  9.102e-09  1.104e-08  1.368e-06 
ERR MATRIX NOT POS-DEF
 PARAMETER  CORRELATION COEFFICIENTS  
       NO.  GLOBAL      1      3      4     18     19     20     22
        1  0.05215   1.000  0.037 -0.018  0.008  0.026  0.025  0.031
        3  0.32904   0.037  1.000  0.031  0.256  0.290  0.307  0.281
        4  0.43728  -0.018  0.031  1.000 -0.330 -0.241 -0.240 -0.204
       18  0.96054   0.008  0.256 -0.330  1.000  0.786  0.815  0.611
       19  0.96633   0.026  0.290 -0.241  0.786  1.000  0.956  0.875
       20  0.99586   0.025  0.307 -0.240  0.815  0.956  1.000  0.945
       22  0.98794   0.031  0.281 -0.204  0.611  0.875  0.945  1.000
 ERR MATRIX NOT POS-DEF
MINUIT - FIT ONLY 1-CBO + other amplitudes 
 **********
 **   16 **RES 
 **********
                   PARAMETER   14  ANy2 RESTORED TO VARIABLE.
                   PARAMETER    8  phi_CBO RESTORED TO VARIABLE.
                   PARAMETER    7  w_CBO RESTORED TO VARIABLE.
                   PARAMETER    6  A_CBO RESTORED TO VARIABLE.
 **********
 **   17 **FIX            0
 **********
 PARAMETER    0  IS UNDEFINED. IGNORED.
 **********
 **   18 **FIX            1
 **********
 **********
 **   19 **FIX            2
 **********
 PARAMETER    2  IS CONSTANT.   IGNORED.
 **********
 **   20 **FIX            3
 **********
 **********
 **   21 **FIX            4
 **********
 **********
 **   22 **FIX            9
 **********
 PARAMETER    9  IS CONSTANT.   IGNORED.
 **********
 **   23 **FIX           11
 **********
 PARAMETER   11  IS CONSTANT.   IGNORED.
 **********
 **   24 **FIX           12
 **********
 PARAMETER   12  IS CONSTANT.   IGNORED.
 **********
 **   25 **FIX           14
 **********
 **********
 **   26 **FIX           15
 **********
 PARAMETER   15  IS CONSTANT.   IGNORED.
 **********
 **   27 **FIX           16
 **********
 PARAMETER   16  IS CONSTANT.   IGNORED.
 **********
 **   28 **MIGRAD
 **********
 START MIGRAD MINIMIZATION.  STRATEGY  1.  CONVERGENCE WHEN EDM .LT. 1.00e-04
 FCN=2026.93 FROM MIGRAD    STATUS=INITIATE       22 CALLS         247 TOTAL
                     EDM= unknown      STRATEGY= 1      NO ERROR MATRIX       
  EXT PARAMETER               CURRENT GUESS       STEP         FIRST   
  NO.   NAME      VALUE            ERROR          SIZE      DERIVATIVE 
   1  N0           2.79258e+06     fixed    
   2  tau          6.43930e+01   constant   
   3  A0           3.57603e-01     fixed    
   4  phi          4.11893e+00     fixed    
   5  R           -6.11314e+01   constant   
   6  A_CBO        4.34883e-03   1.00000e-05   1.00000e-05   3.72910e+04
   7  w_CBO        2.32643e+00   1.00000e-03   1.00000e-03   9.31476e+05
   8  phi_CBO      4.24920e+00   1.00000e-04   1.00000e-04   3.92393e+01
   9  ANx2         3.99781e-04   constant   
  10  pNx2         4.45174e+00   constant   
  11  ANy1         0.00000e+00   constant   
  12  pNy1         0.00000e+00   constant   
  13  w_y          0.00000e+00   constant   
  14  ANy2         9.79441e-03     fixed    
  15  pNy2         4.41741e+00   constant   
  16  w_vw         1.43026e+01   constant   
  17  LM          -4.33674e-04   constant   
  18  wCBO_expCoeff   1.99999e+02   5.36745e-05  -0.00000e+00   1.08273e+04
  19  wCBO_expOffset   2.00000e+02   8.89559e-06  -0.00000e+00   2.27132e+05
  20  wCBO_expT    3.00007e+01   9.99179e-06  -0.00000e+00   3.10042e+04
  21  wCBO_linCoeff   0.00000e+00   constant   
  22  wCBO_const  -5.51559e-03   1.16980e-03  -0.00000e+00   6.68120e+02
 MIGRAD FAILS TO FIND IMPROVEMENT
 FCN=1974.41 FROM HESSE     STATUS=NOT POSDEF     58 CALLS         417 TOTAL
                     EDM=9.5754    STRATEGY= 1      ERR MATRIX NOT POS-DEF
  EXT PARAMETER                APPROXIMATE        STEP         FIRST   
  NO.   NAME      VALUE            ERROR          SIZE      DERIVATIVE 
   1  N0           2.79258e+06     fixed    
   2  tau          6.43930e+01   constant   
   3  A0           3.57603e-01     fixed    
   4  phi          4.11893e+00     fixed    
   5  R           -6.11314e+01   constant   
   6  A_CBO        3.31280e-03   1.91398e-03   5.19386e-06   7.64504e+02
   7  w_CBO        2.32643e+00   7.20188e-07   1.10933e-06  -5.60990e+06
   8  phi_CBO      3.21140e+00   1.24498e-01   1.42131e-03   2.58319e+00
   9  ANx2         3.99781e-04   constant   
  10  pNx2         4.45174e+00   constant   
  11  ANy1         0.00000e+00   constant   
  12  pNy1         0.00000e+00   constant   
  13  w_y          0.00000e+00   constant   
  14  ANy2         9.79441e-03     fixed    
  15  pNy2         4.41741e+00   constant   
  16  w_vw         1.43026e+01   constant   
  17  LM          -4.33674e-04   constant   
  18  wCBO_expCoeff   1.99999e+02   6.19080e-05   9.53670e-05  -6.52461e+04
  19  wCBO_expOffset   2.00000e+02   2.81991e-05   9.53673e-05   1.73667e+05
  20  wCBO_expT    3.00007e+01   6.95413e-06   1.43054e-05   1.34891e+06
  21  wCBO_linCoeff   0.00000e+00   constant   
  22  wCBO_const  -6.60071e-03   5.16260e-04   4.65056e-06  -1.92477e+03
 MIGRAD FAILS TO FIND IMPROVEMENT
 MIGRAD TERMINATED WITHOUT CONVERGENCE.
 FCN=1974.41 FROM MIGRAD    STATUS=FAILED        201 CALLS         426 TOTAL
                     EDM=9.5754    STRATEGY= 1      ERR MATRIX NOT POS-DEF
  EXT PARAMETER                APPROXIMATE        STEP         FIRST   
  NO.   NAME      VALUE            ERROR          SIZE      DERIVATIVE 
   1  N0           2.79258e+06     fixed    
   2  tau          6.43930e+01   constant   
   3  A0           3.57603e-01     fixed    
   4  phi          4.11893e+00     fixed    
   5  R           -6.11314e+01   constant   
   6  A_CBO        3.31280e-03   1.91398e-03   0.00000e+00   7.64504e+02
   7  w_CBO        2.32643e+00   7.20188e-07  -0.00000e+00  -5.60990e+06
   8  phi_CBO      3.21140e+00   1.24498e-01  -0.00000e+00   2.58319e+00
   9  ANx2         3.99781e-04   constant   
  10  pNx2         4.45174e+00   constant   
  11  ANy1         0.00000e+00   constant   
  12  pNy1         0.00000e+00   constant   
  13  w_y          0.00000e+00   constant   
  14  ANy2         9.79441e-03     fixed    
  15  pNy2         4.41741e+00   constant   
  16  w_vw         1.43026e+01   constant   
  17  LM          -4.33674e-04   constant   
  18  wCBO_expCoeff   1.99999e+02   6.19080e-05  -0.00000e+00  -6.52461e+04
  19  wCBO_expOffset   2.00000e+02   2.81991e-05  -0.00000e+00   1.73667e+05
  20  wCBO_expT    3.00007e+01   6.95413e-06  -0.00000e+00   1.34891e+06
  21  wCBO_linCoeff   0.00000e+00   constant   
  22  wCBO_const  -6.60071e-03   5.16260e-04   0.00000e+00  -1.92477e+03
 EXTERNAL ERROR MATRIX.    NDIM=  25    NPAR=  7    ERR DEF=1
  3.663e-06 -1.338e-09 -2.050e-04 -1.150e-07 -5.365e-08 -1.321e-08  8.947e-07 
 -1.338e-09  5.187e-13  7.738e-08  4.178e-11  1.970e-11  4.869e-12 -3.386e-10 
 -2.050e-04  7.738e-08  1.550e-02  6.652e-06  3.020e-06  7.375e-07 -4.692e-05 
 -1.150e-07  4.178e-11  6.652e-06  3.833e-09  1.693e-09  4.185e-10 -2.910e-08 
 -5.365e-08  1.970e-11  3.020e-06  1.693e-09  7.952e-10  1.945e-10 -1.319e-08 
 -1.321e-08  4.869e-12  7.375e-07  4.185e-10  1.945e-10  4.836e-11 -3.235e-09 
  8.947e-07 -3.386e-10 -4.692e-05 -2.910e-08 -1.319e-08 -3.235e-09  2.665e-07 
ERR MATRIX NOT POS-DEF
 PARAMETER  CORRELATION COEFFICIENTS  
       NO.  GLOBAL      6      7      8     18     19     20     22
        6  0.99552   1.000 -0.971 -0.860 -0.971 -0.994 -0.992  0.906
        7  0.98425  -0.971  1.000  0.863  0.937  0.970  0.972 -0.911
        8  0.91750  -0.860  0.863  1.000  0.863  0.860  0.852 -0.730
       18  0.98423  -0.971  0.937  0.863  1.000  0.970  0.972 -0.911
       19  0.99517  -0.994  0.970  0.860  0.970  1.000  0.992 -0.906
       20  0.99533  -0.992  0.972  0.852  0.972  0.992  1.000 -0.901
       22  0.94952   0.906 -0.911 -0.730 -0.911 -0.906 -0.901  1.000
 ERR MATRIX NOT POS-DEF
MINUIT - FIT ONLY 1-CBO
 **********
 **   29 **RES 
 **********
                   PARAMETER   14  ANy2 RESTORED TO VARIABLE.
                   PARAMETER    4  phi RESTORED TO VARIABLE.
                   PARAMETER    3  A0 RESTORED TO VARIABLE.
                   PARAMETER    1  N0 RESTORED TO VARIABLE.
 **********
 **   30 **FIX            0
 **********
 PARAMETER    0  IS UNDEFINED. IGNORED.
 **********
 **   31 **FIX            1
 **********
 **********
 **   32 **FIX            2
 **********
 PARAMETER    2  IS CONSTANT.   IGNORED.
 **********
 **   33 **FIX            3
 **********
 **********
 **   34 **FIX            4
 **********
 **********
 **   35 **FIX            8
 **********
 **********
 **   36 **FIX            9
 **********
 PARAMETER    9  IS CONSTANT.   IGNORED.
 **********
 **   37 **FIX           11
 **********
 PARAMETER   11  IS CONSTANT.   IGNORED.
 **********
 **   38 **FIX           12
 **********
 PARAMETER   12  IS CONSTANT.   IGNORED.
 **********
 **   39 **FIX           13
 **********
 PARAMETER   13  IS CONSTANT.   IGNORED.
 **********
 **   40 **FIX           15
 **********
 PARAMETER   15  IS CONSTANT.   IGNORED.
 **********
 **   41 **FIX           16
 **********
 PARAMETER   16  IS CONSTANT.   IGNORED.
 **********
 **   42 **MIGRAD
 **********
 START MIGRAD MINIMIZATION.  STRATEGY  1.  CONVERGENCE WHEN EDM .LT. 1.00e-04
 FCN=1974.41 FROM MIGRAD    STATUS=INITIATE       16 CALLS         442 TOTAL
                     EDM= unknown      STRATEGY= 1      NO ERROR MATRIX       
  EXT PARAMETER               CURRENT GUESS       STEP         FIRST   
  NO.   NAME      VALUE            ERROR          SIZE      DERIVATIVE 
   1  N0           2.79258e+06     fixed    
   2  tau          6.43930e+01   constant   
   3  A0           3.57603e-01     fixed    
   4  phi          4.11893e+00     fixed    
   5  R           -6.11314e+01   constant   
   6  A_CBO        3.31280e-03   1.91398e-03   0.00000e+00   7.64504e+02
   7  w_CBO        2.32643e+00   7.20188e-07  -0.00000e+00  -4.92919e+06
   8  phi_CBO      3.21140e+00     fixed    
   9  ANx2         3.99781e-04   constant   
  10  pNx2         4.45174e+00   constant   
  11  ANy1         0.00000e+00   constant   
  12  pNy1         0.00000e+00   constant   
  13  w_y          0.00000e+00   constant   
  14  ANy2         9.79441e-03   1.00000e-04   1.00000e-04   3.34617e+05
  15  pNy2         4.41741e+00   constant   
  16  w_vw         1.43026e+01   constant   
  17  LM          -4.33674e-04   constant   
  18  wCBO_expCoeff   1.99999e+02   6.19080e-05  -0.00000e+00  -5.73354e+04
  19  wCBO_expOffset   2.00000e+02   2.81991e-05  -0.00000e+00   3.59952e+05
  20  wCBO_expT    3.00007e+01   6.95413e-06  -0.00000e+00   1.36964e+05
  21  wCBO_linCoeff   0.00000e+00   constant   
  22  wCBO_const  -6.60071e-03   5.16260e-04   0.00000e+00  -1.92476e+03
 MIGRAD FAILS TO FIND IMPROVEMENT
 FCN=435.069 FROM HESSE     STATUS=NOT POSDEF     58 CALLS         667 TOTAL
                     EDM=36.4772    STRATEGY= 1      ERR MATRIX NOT POS-DEF
  EXT PARAMETER                APPROXIMATE        STEP         FIRST   
  NO.   NAME      VALUE            ERROR          SIZE      DERIVATIVE 
   1  N0           2.79258e+06     fixed    
   2  tau          6.43930e+01   constant   
   3  A0           3.57603e-01     fixed    
   4  phi          4.11893e+00     fixed    
   5  R           -6.11314e+01   constant   
   6  A_CBO        9.05887e-04   2.10012e-03   2.42769e-06  -4.18756e+03
   7  w_CBO        2.32643e+00   1.37371e-06   1.10933e-06  -9.61944e+05
   8  phi_CBO      3.21140e+00     fixed    
   9  ANx2         3.99781e-04   constant   
  10  pNx2         4.45174e+00   constant   
  11  ANy1         0.00000e+00   constant   
  12  pNy1         0.00000e+00   constant   
  13  w_y          0.00000e+00   constant   
  14  ANy2         3.50243e-04   5.16359e-04   2.30398e-06  -9.38179e+03
  15  pNy2         4.41741e+00   constant   
  16  w_vw         1.43026e+01   constant   
  17  LM          -4.33674e-04   constant   
  18  wCBO_expCoeff   1.99999e+02   1.18098e-04   9.53670e-05  -1.11863e+04
  19  wCBO_expOffset   2.00000e+02   9.71481e-05   9.53673e-05  -2.95777e+05
  20  wCBO_expT    3.00006e+01   2.32632e-05   1.43054e-05   2.17439e+05
  21  wCBO_linCoeff   0.00000e+00   constant   
  22  wCBO_const  -1.18504e-02   1.66544e-03   6.33780e-06  -6.46713e+02
 MIGRAD FAILS TO FIND IMPROVEMENT
 MIGRAD TERMINATED WITHOUT CONVERGENCE.
 FCN=435.069 FROM MIGRAD    STATUS=FAILED        252 CALLS         678 TOTAL
                     EDM=36.4772    STRATEGY= 1      ERR MATRIX NOT POS-DEF
  EXT PARAMETER                APPROXIMATE        STEP         FIRST   
  NO.   NAME      VALUE            ERROR          SIZE      DERIVATIVE 
   1  N0           2.79258e+06     fixed    
   2  tau          6.43930e+01   constant   
   3  A0           3.57603e-01     fixed    
   4  phi          4.11893e+00     fixed    
   5  R           -6.11314e+01   constant   
   6  A_CBO        9.05887e-04   2.10012e-03  -0.00000e+00  -4.18756e+03
   7  w_CBO        2.32643e+00   1.37371e-06   0.00000e+00  -9.61944e+05
   8  phi_CBO      3.21140e+00     fixed    
   9  ANx2         3.99781e-04   constant   
  10  pNx2         4.45174e+00   constant   
  11  ANy1         0.00000e+00   constant   
  12  pNy1         0.00000e+00   constant   
  13  w_y          0.00000e+00   constant   
  14  ANy2         3.50243e-04   5.16359e-04  -0.00000e+00  -9.38179e+03
  15  pNy2         4.41741e+00   constant   
  16  w_vw         1.43026e+01   constant   
  17  LM          -4.33674e-04   constant   
  18  wCBO_expCoeff   1.99999e+02   1.18098e-04   0.00000e+00  -1.11863e+04
  19  wCBO_expOffset   2.00000e+02   9.71481e-05   0.00000e+00  -2.95777e+05
  20  wCBO_expT    3.00006e+01   2.32632e-05   0.00000e+00   2.17439e+05
  21  wCBO_linCoeff   0.00000e+00   constant   
  22  wCBO_const  -1.18504e-02   1.66544e-03  -0.00000e+00  -6.46713e+02
 EXTERNAL ERROR MATRIX.    NDIM=  25    NPAR=  7    ERR DEF=1
  4.411e-06 -2.752e-09  1.025e-06 -2.366e-07 -2.029e-07 -4.857e-08  3.292e-06 
 -2.752e-09  1.887e-12 -6.452e-10  1.484e-10  1.269e-10  3.071e-11 -2.128e-09 
  1.025e-06 -6.452e-10  2.666e-07 -5.547e-08 -4.736e-08 -1.134e-08  7.661e-07 
 -2.366e-07  1.484e-10 -5.547e-08  1.395e-08  1.091e-08  2.640e-09 -1.829e-07 
 -2.029e-07  1.269e-10 -4.736e-08  1.091e-08  9.438e-09  2.243e-09 -1.523e-07 
 -4.857e-08  3.071e-11 -1.134e-08  2.640e-09  2.243e-09  5.412e-10 -3.621e-08 
  3.292e-06 -2.128e-09  7.661e-07 -1.829e-07 -1.523e-07 -3.621e-08  2.774e-06 
ERR MATRIX NOT POS-DEF
 PARAMETER  CORRELATION COEFFICIENTS  
       NO.  GLOBAL      6      7     14     18     19     20     22
        6  0.99653   1.000 -0.954  0.945 -0.954 -0.995 -0.994  0.941
        7  0.96995  -0.954  1.000 -0.910  0.915  0.951  0.961 -0.930
       14  0.94690   0.945 -0.910  1.000 -0.910 -0.944 -0.944  0.891
       18  0.96994  -0.954  0.915 -0.910  1.000  0.951  0.961 -0.930
       19  0.99565  -0.995  0.951 -0.944  0.951  1.000  0.992 -0.941
       20  0.99692  -0.994  0.961 -0.944  0.961  0.992  1.000 -0.935
       22  0.96172   0.941 -0.930  0.891 -0.930 -0.941 -0.935  1.000
 ERR MATRIX NOT POS-DEF
MINUIT - FIT ONLY 2-CBO
 **********
 **   43 **RES 
 **********
                   PARAMETER    8  phi_CBO RESTORED TO VARIABLE.
                   PARAMETER    4  phi RESTORED TO VARIABLE.
                   PARAMETER    3  A0 RESTORED TO VARIABLE.
                   PARAMETER    1  N0 RESTORED TO VARIABLE.
 **********
 **   44 **FIX            0
 **********
 PARAMETER    0  IS UNDEFINED. IGNORED.
 **********
 **   45 **FIX            1
 **********
 **********
 **   46 **FIX            2
 **********
 PARAMETER    2  IS CONSTANT.   IGNORED.
 **********
 **   47 **FIX            3
 **********
 **********
 **   48 **FIX            4
 **********
 **********
 **   49 **FIX            5
 **********
 PARAMETER    5  IS CONSTANT.   IGNORED.
 **********
 **   50 **FIX            6
 **********
 **********
 **   51 **FIX            7
 **********
 **********
 **   52 **FIX           10
 **********
 PARAMETER   10  IS CONSTANT.   IGNORED.
 **********
 **   53 **FIX           11
 **********
 PARAMETER   11  IS CONSTANT.   IGNORED.
 **********
 **   54 **FIX           12
 **********
 PARAMETER   12  IS CONSTANT.   IGNORED.
 **********
 **   55 **FIX           13
 **********
 PARAMETER   13  IS CONSTANT.   IGNORED.
 **********
 **   56 **FIX           14
 **********
 **********
 **   57 **FIX           15
 **********
 PARAMETER   15  IS CONSTANT.   IGNORED.
 **********
 **   58 **FIX           16
 **********
 PARAMETER   16  IS CONSTANT.   IGNORED.
 **********
 **   59 **MIGRAD
 **********
 START MIGRAD MINIMIZATION.  STRATEGY  1.  CONVERGENCE WHEN EDM .LT. 1.00e-04
 FCN=435.069 FROM MIGRAD    STATUS=INITIATE       12 CALLS         690 TOTAL
                     EDM= unknown      STRATEGY= 1      NO ERROR MATRIX       
  EXT PARAMETER               CURRENT GUESS       STEP         FIRST   
  NO.   NAME      VALUE            ERROR          SIZE      DERIVATIVE 
   1  N0           2.79258e+06     fixed    
   2  tau          6.43930e+01   constant   
   3  A0           3.57603e-01     fixed    
   4  phi          4.11893e+00     fixed    
   5  R           -6.11314e+01   constant   
   6  A_CBO        9.05887e-04     fixed    
   7  w_CBO        2.32643e+00     fixed    
   8  phi_CBO      3.21140e+00   1.24498e-01   1.24498e-01   1.69673e+01
   9  ANx2         3.99781e-04   constant   
  10  pNx2         4.45174e+00   constant   
  11  ANy1         0.00000e+00   constant   
  12  pNy1         0.00000e+00   constant   
  13  w_y          0.00000e+00   constant   
  14  ANy2         3.50243e-04     fixed    
  15  pNy2         4.41741e+00   constant   
  16  w_vw         1.43026e+01   constant   
  17  LM          -4.33674e-04   constant   
  18  wCBO_expCoeff   1.99999e+02   1.18098e-04   0.00000e+00  -1.34108e+04
  19  wCBO_expOffset   2.00000e+02   9.71481e-05   0.00000e+00  -9.58273e+04
  20  wCBO_expT    3.00006e+01   2.32632e-05   0.00000e+00   6.68855e+05
  21  wCBO_linCoeff   0.00000e+00   constant   
  22  wCBO_const  -1.18504e-02   1.66544e-03  -0.00000e+00  -6.46715e+02
 CALL LIMIT EXCEEDED IN MIGRAD.
 MIGRAD TERMINATED WITHOUT CONVERGENCE.
 FCN=433.712 FROM MIGRAD    STATUS=CALL LIMIT    837 CALLS        1515 TOTAL
                     EDM=6.36619    STRATEGY= 1  ERROR MATRIX UNCERTAINTY   1.3 per cent
  EXT PARAMETER                APPROXIMATE        STEP         FIRST   
  NO.   NAME      VALUE            ERROR          SIZE      DERIVATIVE 
   1  N0           2.79258e+06     fixed    
   2  tau          6.43930e+01   constant   
   3  A0           3.57603e-01     fixed    
   4  phi          4.11893e+00     fixed    
   5  R           -6.11314e+01   constant   
   6  A_CBO        9.05887e-04     fixed    
   7  w_CBO        2.32643e+00     fixed    
   8  phi_CBO      2.37687e+00   4.42580e-01  -2.30904e-02  -1.42783e+01
   9  ANx2         3.99781e-04   constant   
  10  pNx2         4.45174e+00   constant   
  11  ANy1         0.00000e+00   constant   
  12  pNy1         0.00000e+00   constant   
  13  w_y          0.00000e+00   constant   
  14  ANy2         3.50243e-04     fixed    
  15  pNy2         4.41741e+00   constant   
  16  w_vw         1.43026e+01   constant   
  17  LM          -4.33674e-04   constant   
  18  wCBO_expCoeff   1.99999e+02   3.86103e-05  -1.38513e-06   1.17294e+05
  19  wCBO_expOffset   2.00000e+02   1.54935e-05   5.49245e-07   7.01641e+03
  20  wCBO_expT    3.00006e+01   3.67081e-06   1.60688e-07  -1.16896e+06
  21  wCBO_linCoeff   0.00000e+00   constant   
  22  wCBO_const  -1.29542e-02   7.05822e-04  -3.05342e-05   8.04381e+03
 EXTERNAL ERROR MATRIX.    NDIM=  25    NPAR=  5    ERR DEF=1
  1.959e-01  1.075e-05 -3.669e-06 -1.486e-06  2.377e-04 
  1.075e-05  1.491e-09 -2.112e-10 -6.818e-11  2.473e-09 
 -3.669e-06 -2.112e-10  2.400e-10  3.340e-11 -4.911e-09 
 -1.486e-06 -6.818e-11  3.340e-11  1.347e-11 -1.596e-09 
  2.377e-04  2.473e-09 -4.911e-09 -1.596e-09  4.982e-07 
ERR MATRIX APPROXIMATE
 PARAMETER  CORRELATION COEFFICIENTS  
       NO.  GLOBAL      8     18     19     20     22
        8  0.99953   1.000  0.629 -0.535 -0.915  0.761
       18  0.99676   0.629  1.000 -0.353 -0.481  0.091
       19  0.96204  -0.535 -0.353  1.000  0.587 -0.449
       20  0.99823  -0.915 -0.481  0.587  1.000 -0.616
       22  0.99779   0.761  0.091 -0.449 -0.616  1.000
 ERR MATRIX APPROXIMATE
MINUIT - FIT ONLY 1-y
 **********
 **   60 **RES 
 **********
                   PARAMETER   14  ANy2 RESTORED TO VARIABLE.
                   PARAMETER    7  w_CBO RESTORED TO VARIABLE.
                   PARAMETER    6  A_CBO RESTORED TO VARIABLE.
                   PARAMETER    4  phi RESTORED TO VARIABLE.
                   PARAMETER    3  A0 RESTORED TO VARIABLE.
                   PARAMETER    1  N0 RESTORED TO VARIABLE.
 **********
 **   61 **FIX            0
 **********
 PARAMETER    0  IS UNDEFINED. IGNORED.
 **********
 **   62 **FIX            1
 **********
 **********
 **   63 **FIX            2
 **********
 PARAMETER    2  IS CONSTANT.   IGNORED.
 **********
 **   64 **FIX            3
 **********
 **********
 **   65 **FIX            4
 **********
 **********
 **   66 **FIX            5
 **********
 PARAMETER    5  IS CONSTANT.   IGNORED.
 **********
 **   67 **FIX            6
 **********
 **********
 **   68 **FIX            7
 **********
 **********
 **   69 **FIX            8
 **********
 **********
 **   70 **FIX            9
 **********
 PARAMETER    9  IS CONSTANT.   IGNORED.
 **********
 **   71 **FIX           13
 **********
 PARAMETER   13  IS CONSTANT.   IGNORED.
 **********
 **   72 **FIX           14
 **********
 **********
 **   73 **FIX           15
 **********
 PARAMETER   15  IS CONSTANT.   IGNORED.
 **********
 **   74 **FIX           16
 **********
 PARAMETER   16  IS CONSTANT.   IGNORED.
 **********
 **   75 **MIGRAD
 **********
 START MIGRAD MINIMIZATION.  STRATEGY  1.  CONVERGENCE WHEN EDM .LT. 1.00e-04
 FCN=433.712 FROM MIGRAD    STATUS=INITIATE        8 CALLS        1523 TOTAL
                     EDM= unknown      STRATEGY= 1      NO ERROR MATRIX       
  EXT PARAMETER               CURRENT GUESS       STEP         FIRST   
  NO.   NAME      VALUE            ERROR          SIZE      DERIVATIVE 
   1  N0           2.79258e+06     fixed    
   2  tau          6.43930e+01   constant   
   3  A0           3.57603e-01     fixed    
   4  phi          4.11893e+00     fixed    
   5  R           -6.11314e+01   constant   
   6  A_CBO        9.05887e-04     fixed    
   7  w_CBO        2.32643e+00     fixed    
   8  phi_CBO      2.37687e+00     fixed    
   9  ANx2         3.99781e-04   constant   
  10  pNx2         4.45174e+00   constant   
  11  ANy1         0.00000e+00   constant   
  12  pNy1         0.00000e+00   constant   
  13  w_y          0.00000e+00   constant   
  14  ANy2         3.50243e-04     fixed    
  15  pNy2         4.41741e+00   constant   
  16  w_vw         1.43026e+01   constant   
  17  LM          -4.33674e-04   constant   
  18  wCBO_expCoeff   1.99999e+02   3.86103e-05  -1.38513e-06   1.17294e+05
  19  wCBO_expOffset   2.00000e+02   1.54935e-05   5.49245e-07   7.01641e+03
  20  wCBO_expT    3.00006e+01   3.67081e-06   1.60688e-07  -1.16896e+06
  21  wCBO_linCoeff   0.00000e+00   constant   
  22  wCBO_const  -1.29542e-02   7.05822e-04  -3.05342e-05   8.04381e+03
 MIGRAD FAILS TO FIND IMPROVEMENT
 FCN=428.082 FROM HESSE     STATUS=NOT POSDEF     29 CALLS        1584 TOTAL
                     EDM=3.29713    STRATEGY= 1      ERR MATRIX NOT POS-DEF
  EXT PARAMETER                APPROXIMATE        STEP         FIRST   
  NO.   NAME      VALUE            ERROR          SIZE      DERIVATIVE 
   1  N0           2.79258e+06     fixed    
   2  tau          6.43930e+01   constant   
   3  A0           3.57603e-01     fixed    
   4  phi          4.11893e+00     fixed    
   5  R           -6.11314e+01   constant   
   6  A_CBO        9.05887e-04     fixed    
   7  w_CBO        2.32643e+00     fixed    
   8  phi_CBO      2.37687e+00     fixed    
   9  ANx2         3.99781e-04   constant   
  10  pNx2         4.45174e+00   constant   
  11  ANy1         0.00000e+00   constant   
  12  pNy1         0.00000e+00   constant   
  13  w_y          0.00000e+00   constant   
  14  ANy2         3.50243e-04     fixed    
  15  pNy2         4.41741e+00   constant   
  16  w_vw         1.43026e+01   constant   
  17  LM          -4.33674e-04   constant   
  18  wCBO_expCoeff   1.99999e+02   5.37704e-04   9.53670e-05   3.01775e+03
  19  wCBO_expOffset   2.00000e+02   5.34443e-05   9.53673e-05  -9.05107e+03
  20  wCBO_expT    3.00006e+01   1.84877e-05   1.43054e-05  -9.09958e+04
  21  wCBO_linCoeff   0.00000e+00   constant   
  22  wCBO_const  -1.35063e-02   5.09070e-03   6.03582e-06   6.18013e+02
 MIGRAD FAILS TO FIND IMPROVEMENT
 MIGRAD TERMINATED WITHOUT CONVERGENCE.
 FCN=428.077 FROM MIGRAD    STATUS=FAILED        105 CALLS        1620 TOTAL
                     EDM=2.16707    STRATEGY= 1      ERR MATRIX NOT POS-DEF
  EXT PARAMETER                APPROXIMATE        STEP         FIRST   
  NO.   NAME      VALUE            ERROR          SIZE      DERIVATIVE 
   1  N0           2.79258e+06     fixed    
   2  tau          6.43930e+01   constant   
   3  A0           3.57603e-01     fixed    
   4  phi          4.11893e+00     fixed    
   5  R           -6.11314e+01   constant   
   6  A_CBO        9.05887e-04     fixed    
   7  w_CBO        2.32643e+00     fixed    
   8  phi_CBO      2.37687e+00     fixed    
   9  ANx2         3.99781e-04   constant   
  10  pNx2         4.45174e+00   constant   
  11  ANy1         0.00000e+00   constant   
  12  pNy1         0.00000e+00   constant   
  13  w_y          0.00000e+00   constant   
  14  ANy2         3.50243e-04     fixed    
  15  pNy2         4.41741e+00   constant   
  16  w_vw         1.43026e+01   constant   
  17  LM          -4.33674e-04   constant   
  18  wCBO_expCoeff   1.99999e+02   1.00000e+00  -0.00000e+00   1.00623e+04
  19  wCBO_expOffset   2.00000e+02   1.00000e+00   0.00000e+00  -2.02373e+04
  20  wCBO_expT    3.00006e+01   1.00000e+00   0.00000e+00  -1.08575e+05
  21  wCBO_linCoeff   0.00000e+00   constant   
  22  wCBO_const  -1.35913e-02   1.00000e+00  -0.00000e+00   9.42680e+02
 EXTERNAL ERROR MATRIX.    NDIM=  25    NPAR=  4    ERR DEF=1
  1.000e+00 -1.710e-10 -6.283e-11  4.291e-08 
 -1.710e-10  1.000e+00  1.404e-11  1.099e-08 
 -6.283e-11  1.404e-11  1.000e+00  3.333e-09 
  4.291e-08  1.099e-08  3.333e-09  1.000e+00 
ERR MATRIX NOT POS-DEF
 PARAMETER  CORRELATION COEFFICIENTS  
       NO.  GLOBAL     18     19     20     22
       18  0.00000   1.000 -0.000 -0.000  0.000
       19  0.00000  -0.000  1.000  0.000  0.000
       20  0.00000  -0.000  0.000  1.000  0.000
       22  0.00000   0.000  0.000  0.000  1.000
 ERR MATRIX NOT POS-DEF
MINUIT - FIT ONLY 2-y
 **********
 **   76 **RES 
 **********
                   PARAMETER   14  ANy2 RESTORED TO VARIABLE.
                   PARAMETER    8  phi_CBO RESTORED TO VARIABLE.
                   PARAMETER    7  w_CBO RESTORED TO VARIABLE.
                   PARAMETER    6  A_CBO RESTORED TO VARIABLE.
                   PARAMETER    4  phi RESTORED TO VARIABLE.
                   PARAMETER    3  A0 RESTORED TO VARIABLE.
                   PARAMETER    1  N0 RESTORED TO VARIABLE.
 **********
 **   77 **FIX            0
 **********
 PARAMETER    0  IS UNDEFINED. IGNORED.
 **********
 **   78 **FIX            1
 **********
 **********
 **   79 **FIX            2
 **********
 PARAMETER    2  IS CONSTANT.   IGNORED.
 **********
 **   80 **FIX            3
 **********
 **********
 **   81 **FIX            4
 **********
 **********
 **   82 **FIX            5
 **********
 PARAMETER    5  IS CONSTANT.   IGNORED.
 **********
 **   83 **FIX            6
 **********
 **********
 **   84 **FIX            7
 **********
 **********
 **   85 **FIX            8
 **********
 **********
 **   86 **FIX            9
 **********
 PARAMETER    9  IS CONSTANT.   IGNORED.
 **********
 **   87 **FIX           10
 **********
 PARAMETER   10  IS CONSTANT.   IGNORED.
 **********
 **   88 **FIX           11
 **********
 PARAMETER   11  IS CONSTANT.   IGNORED.
 **********
 **   89 **FIX           12
 **********
 PARAMETER   12  IS CONSTANT.   IGNORED.
 **********
 **   90 **FIX           16
 **********
 PARAMETER   16  IS CONSTANT.   IGNORED.
 **********
 **   91 **MIGRAD
 **********
 START MIGRAD MINIMIZATION.  STRATEGY  1.  CONVERGENCE WHEN EDM .LT. 1.00e-04
 FCN=428.077 FROM MIGRAD    STATUS=INITIATE       10 CALLS        1630 TOTAL
                     EDM= unknown      STRATEGY= 1      NO ERROR MATRIX       
  EXT PARAMETER               CURRENT GUESS       STEP         FIRST   
  NO.   NAME      VALUE            ERROR          SIZE      DERIVATIVE 
