 + ++++++++++++++++++++++++++++++++++++++++++++++++++++++++++++++++++++ +
 +                                                                      +
 +           You have chose to blind your fitting according to          +
 +                omega_ref * (1 + (R +/- deltaR) *10^{-6})             +
 +                                                                      +
 + ++++++++++++++++++++++++++++++++++++++++++++++++++++++++++++++++++++ +
In main()...
reading format from /gm2data/zkhechad/run45/envelope/formats/formatB_sBin_constraintOn.txt
pBinTau 	= 0  
pBinPhi 	= 0  
constraintau 	= 1 
includeMopTerm 	= 0    
constrainMop    = 0   
Parameters after format file: pBinTau 0 pBinPhi 0 constraintau 1 includeMopTerm 0 constrainMop 0 c_e_scale 0.000000 
reading cbo reference file (full fit) from /gm2data/zkhechad/cboTemplates/Run4CBOTemplates/fullFits/run4/sBin_constraintOn_cE0.0_seed0_run4_calo18.root
A_CBO 0.008791 w_CBO 2.327338 phi_CBO 0.630678 N0 3499835.498759 R -60.917989 tau 64.411905 
Reading cboRef file /gm2data/zkhechad/cboTemplates/Run4CBOTemplates//cboIsolate/run4_calo18.root
deltaT 164.120000
windowBins = 1100
fitting sliding window 2400 from bin 2603 at 388.367600 to bin 3703 at 552.487600 (1100 bins)

Reading data from /gm2data/cornell/histograms/aMethod/histogram_a_run4.root
fitting cbo isolate
 **********
 **    1 **SET PRINTOUT            1
 **********
 **********
 **    2 **SET NOWARNINGS 
 **********
 PARAMETER DEFINITIONS:
    NO.   NAME         VALUE      STEP SIZE      LIMITS
     1 A_CBO        8.79094e-03  1.00000e-05     no limits
     2 w_CBO        2.32734e+00  1.00000e-02    2.00000e+00  3.00000e+00
     3 phi_CBO      6.30678e-01  1.00000e-02    0.00000e+00  6.28319e+00
 **********
 **    3 **MIGRAD
 **********
 FIRST CALL TO USER FUNCTION AT NEW START POINT, WITH IFLAG=4.
 START MIGRAD MINIMIZATION.  STRATEGY  1.  CONVERGENCE WHEN EDM .LT. 1.00e-04
 FCN=0.293761 FROM MIGRAD    STATUS=INITIATE       12 CALLS          13 TOTAL
                     EDM= unknown      STRATEGY= 1      NO ERROR MATRIX       
  EXT PARAMETER               CURRENT GUESS       STEP         FIRST   
  NO.   NAME      VALUE            ERROR          SIZE      DERIVATIVE 
   1  A_CBO        8.79094e-03   1.00000e-05   1.00000e-05   6.93972e+00
   2  w_CBO        2.32734e+00   1.00000e-02   2.13132e-02   4.26270e+00
   3  phi_CBO      6.30678e-01   1.00000e-02   5.29649e-03  -3.48939e-02
 MIGRAD MINIMIZATION HAS CONVERGED.
 MIGRAD WILL VERIFY CONVERGENCE AND ERROR MATRIX.
 FCN=0.269868 FROM HESSE     STATUS=NOT POSDEF     16 CALLS          66 TOTAL
                     EDM=0.00011184    STRATEGY= 1      ERR MATRIX NOT POS-DEF
  EXT PARAMETER                APPROXIMATE        STEP         FIRST   
  NO.   NAME      VALUE            ERROR          SIZE      DERIVATIVE 
   1  A_CBO        3.11666e-03   4.40451e-02   2.34730e-05  -1.62621e-02
   2  w_CBO        2.32682e+00   3.80123e-01   3.20578e-05   5.02525e-02
   3  phi_CBO      1.01817e+00   4.60733e+00   3.18596e-03  -2.85733e-04
 MIGRAD MINIMIZATION HAS CONVERGED.
 MIGRAD WILL VERIFY CONVERGENCE AND ERROR MATRIX.
 COVARIANCE MATRIX CALCULATED SUCCESSFULLY
 FCN=0.269831 FROM MIGRAD    STATUS=CONVERGED     121 CALLS         122 TOTAL
                     EDM=1.72226e-05    STRATEGY= 1      ERROR MATRIX ACCURATE 
  EXT PARAMETER                                   STEP         FIRST   
  NO.   NAME      VALUE            ERROR          SIZE      DERIVATIVE 
   1  A_CBO        3.14368e-03   4.28079e-02   2.34721e-05   1.61300e-03
   2  w_CBO        2.32574e+00   1.79377e-01   3.27558e-05  -5.11434e-02
   3  phi_CBO      5.33601e-01   3.31395e+00   3.92306e-03   4.92609e-04
 EXTERNAL ERROR MATRIX.    NDIM=  25    NPAR=  3    ERR DEF=1
  1.833e-03 -6.142e-04 -3.090e-01 
 -6.142e-04  3.388e-02  1.610e+01 
 -3.090e-01  1.610e+01  7.827e+03 
 PARAMETER  CORRELATION COEFFICIENTS  
       NO.  GLOBAL      1      2      3
        1  0.08355   1.000 -0.078 -0.082
        2  0.98847  -0.078  1.000  0.988
        3  0.98848  -0.082  0.988  1.000
setting A_CBO=0.003144 w_CBO=2.325741, phi_CBO=0.533601
done fitting cbo isolate
 **********
 **    1 **SET PRINTOUT            1
 **********
 **********
 **    2 **SET NOWARNINGS 
 **********
 PARAMETER DEFINITIONS:
    NO.   NAME         VALUE      STEP SIZE      LIMITS
     1 N0           3.49984e+06  1.00000e+02     no limits
     2 tau          6.44119e+01  constant
     3 A0           3.53539e-01  1.00000e-04     no limits
     4 phi          4.12187e+00  1.00000e-02     no limits
     5 R           -6.09180e+01  constant
     6 A_CBO        3.14368e-03  1.00000e-05     no limits
     7 w_CBO        2.32574e+00  1.00000e-03     no limits
     8 phi_CBO      5.33601e-01  1.00000e-04     no limits
     9 ANx2         2.22853e-04  constant
    10 pNx2         5.08518e+00  constant
    11 ANy1         0.00000e+00  constant
    12 pNy1         0.00000e+00  constant
    13 w_y          0.00000e+00  constant
    14 ANy2         9.04789e-03  1.00000e-04     no limits
    15 pNy2         3.29982e+00  constant
    16 w_vw         1.43191e+01  constant
    17 LM           2.21951e-04  constant
    18 wCBO_expCoeff   2.00000e+02  1.00000e+00     no limits
    19 wCBO_expOffset   2.00000e+02  1.00000e+00     no limits
    20 wCBO_expT    3.00000e+01  1.00000e+00     no limits
    21 wCBO_linCoeff   0.00000e+00  constant
    22 wCBO_const   0.00000e+00  1.00000e-02     no limits
MINUIT - FIT ONLY WIGGLE
 **********
 **    3 **FIX            5
 **********
 PARAMETER    5  IS CONSTANT.   IGNORED.
 **********
 **    4 **FIX            6
 **********
 **********
 **    5 **FIX            7
 **********
 **********
 **    6 **FIX            8
 **********
 **********
 **    7 **FIX            9
 **********
 PARAMETER    9  IS CONSTANT.   IGNORED.
 **********
 **    8 **FIX           10
 **********
 PARAMETER   10  IS CONSTANT.   IGNORED.
 **********
 **    9 **FIX           11
 **********
 PARAMETER   11  IS CONSTANT.   IGNORED.
 **********
 **   10 **FIX           12
 **********
 PARAMETER   12  IS CONSTANT.   IGNORED.
 **********
 **   11 **FIX           13
 **********
 PARAMETER   13  IS CONSTANT.   IGNORED.
 **********
 **   12 **FIX           14
 **********
 **********
 **   13 **FIX           15
 **********
 PARAMETER   15  IS CONSTANT.   IGNORED.
 **********
 **   14 **FIX           16
 **********
 PARAMETER   16  IS CONSTANT.   IGNORED.
 **********
 **   15 **MIGRAD
 **********
 FIRST CALL TO USER FUNCTION AT NEW START POINT, WITH IFLAG=4.
 START MIGRAD MINIMIZATION.  STRATEGY  1.  CONVERGENCE WHEN EDM .LT. 1.00e-04
 FCN=415.541 FROM MIGRAD    STATUS=INITIATE       56 CALLS          57 TOTAL
                     EDM= unknown      STRATEGY= 1      NO ERROR MATRIX       
  EXT PARAMETER               CURRENT GUESS       STEP         FIRST   
  NO.   NAME      VALUE            ERROR          SIZE      DERIVATIVE 
   1  N0           3.49984e+06   1.00000e+02   0.00000e+00   2.82174e-04
   2  tau          6.44119e+01   constant   
   3  A0           3.53539e-01   1.00000e-04   0.00000e+00  -1.60514e+02
   4  phi          4.12187e+00   1.00000e-02   0.00000e+00   1.58055e+02
   5  R           -6.09180e+01   constant   
   6  A_CBO        3.14368e-03     fixed    
   7  w_CBO        2.32574e+00     fixed    
   8  phi_CBO      5.33601e-01     fixed    
   9  ANx2         2.22853e-04   constant   
  10  pNx2         5.08518e+00   constant   
  11  ANy1         0.00000e+00   constant   
  12  pNy1         0.00000e+00   constant   
  13  w_y          0.00000e+00   constant   
  14  ANy2         9.04789e-03     fixed    
  15  pNy2         3.29982e+00   constant   
  16  w_vw         1.43191e+01   constant   
  17  LM           2.21951e-04   constant   
  18  wCBO_expCoeff   2.00000e+02   1.00000e+00   0.00000e+00  -1.89998e+00
  19  wCBO_expOffset   2.00000e+02   1.00000e+00   0.00000e+00  -1.26665e+01
  20  wCBO_expT    3.00000e+01   1.00000e+00   0.00000e+00  -7.56666e+01
  21  wCBO_linCoeff   0.00000e+00   constant   
  22  wCBO_const  -1.90782e-03   1.00000e-02  -1.90782e-03   2.53210e+02
 MIGRAD MINIMIZATION HAS CONVERGED.
 FCN=414.017 FROM MIGRAD    STATUS=CONVERGED     206 CALLS         207 TOTAL
                     EDM=2.22492e-06    STRATEGY= 1  ERROR MATRIX UNCERTAINTY   1.2 per cent
  EXT PARAMETER                                   STEP         FIRST   
  NO.   NAME      VALUE            ERROR          SIZE      DERIVATIVE 
   1  N0           3.49895e+06   2.26873e+03   1.06401e+01   1.56662e-09
   2  tau          6.44119e+01   constant   
   3  A0           3.53619e-01   8.65486e-04   1.73991e-06   3.21731e-01
   4  phi          4.12141e+00   2.56509e-03   1.04193e-06   3.49389e-01
   5  R           -6.09180e+01   constant   
   6  A_CBO        3.14368e-03     fixed    
   7  w_CBO        2.32574e+00     fixed    
   8  phi_CBO      5.33601e-01     fixed    
   9  ANx2         2.22853e-04   constant   
  10  pNx2         5.08518e+00   constant   
  11  ANy1         0.00000e+00   constant   
  12  pNy1         0.00000e+00   constant   
  13  w_y          0.00000e+00   constant   
  14  ANy2         9.04789e-03     fixed    
  15  pNy2         3.29982e+00   constant   
  16  w_vw         1.43191e+01   constant   
  17  LM           2.21951e-04   constant   
  18  wCBO_expCoeff   2.04252e+02   6.47925e+00   1.48356e-02  -4.35107e-03
  19  wCBO_expOffset   2.00640e+02   9.75210e-01   2.25688e-03  -2.98014e-02
  20  wCBO_expT    2.98179e+01   3.08811e-01  -7.58937e-04  -1.89079e-01
  21  wCBO_linCoeff   0.00000e+00   constant   
  22  wCBO_const  -2.06814e-03   1.22612e-03   9.28996e-06  -1.36104e+00
 EXTERNAL ERROR MATRIX.    NDIM=  25    NPAR=  7    ERR DEF=1
  5.147e+06  5.545e-02 -7.369e-02 -1.165e+03 -1.752e+02  5.550e+01 -6.042e-02 
  5.545e-02  7.491e-07 -1.432e-08 -2.952e-04 -4.435e-05  1.593e-05 -1.346e-07 
 -7.369e-02 -1.432e-08  6.580e-06  2.662e-03  4.008e-04 -1.301e-04  4.878e-07 
 -1.165e+03 -2.952e-04  2.662e-03  4.198e+01  6.256e+00 -1.992e+00  6.083e-03 
 -1.752e+02 -4.435e-05  4.008e-04  6.256e+00  9.510e-01 -2.999e-01  9.155e-04 
  5.550e+01  1.593e-05 -1.301e-04 -1.992e+00 -2.999e-01  9.536e-02 -3.017e-04 
 -6.042e-02 -1.346e-07  4.878e-07  6.083e-03  9.155e-04 -3.017e-04  1.503e-06 
 PARAMETER  CORRELATION COEFFICIENTS  
       NO.  GLOBAL      1      3      4     18     19     20     22
        1  0.13185   1.000  0.028 -0.013 -0.079 -0.079  0.079 -0.022
        3  0.14908   0.028  1.000 -0.006 -0.053 -0.053  0.060 -0.127
        4  0.17397  -0.013 -0.006  1.000  0.160  0.160 -0.164  0.155
       18  0.99775  -0.079 -0.053  0.160  1.000  0.990 -0.996  0.766
       19  0.99776  -0.079 -0.053  0.160  0.990  1.000 -0.996  0.766
       20  0.99935   0.079  0.060 -0.164 -0.996 -0.996  1.000 -0.797
       22  0.92356  -0.022 -0.127  0.155  0.766  0.766 -0.797  1.000
MINUIT - FIT ONLY 1-CBO + other amplitudes 
 **********
 **   16 **RES 
 **********
                   PARAMETER   14  ANy2 RESTORED TO VARIABLE.
                   PARAMETER    8  phi_CBO RESTORED TO VARIABLE.
                   PARAMETER    7  w_CBO RESTORED TO VARIABLE.
                   PARAMETER    6  A_CBO RESTORED TO VARIABLE.
 **********
 **   17 **FIX            0
 **********
 PARAMETER    0  IS UNDEFINED. IGNORED.
 **********
 **   18 **FIX            1
 **********
 **********
 **   19 **FIX            2
 **********
 PARAMETER    2  IS CONSTANT.   IGNORED.
 **********
 **   20 **FIX            3
 **********
 **********
 **   21 **FIX            4
 **********
 **********
 **   22 **FIX            9
 **********
 PARAMETER    9  IS CONSTANT.   IGNORED.
 **********
 **   23 **FIX           11
 **********
 PARAMETER   11  IS CONSTANT.   IGNORED.
 **********
 **   24 **FIX           12
 **********
 PARAMETER   12  IS CONSTANT.   IGNORED.
 **********
 **   25 **FIX           14
 **********
 **********
 **   26 **FIX           15
 **********
 PARAMETER   15  IS CONSTANT.   IGNORED.
 **********
 **   27 **FIX           16
 **********
 PARAMETER   16  IS CONSTANT.   IGNORED.
 **********
 **   28 **MIGRAD
 **********
 START MIGRAD MINIMIZATION.  STRATEGY  1.  CONVERGENCE WHEN EDM .LT. 1.00e-04
 FCN=414.017 FROM MIGRAD    STATUS=INITIATE       18 CALLS         225 TOTAL
                     EDM= unknown      STRATEGY= 1      NO ERROR MATRIX       
  EXT PARAMETER               CURRENT GUESS       STEP         FIRST   
  NO.   NAME      VALUE            ERROR          SIZE      DERIVATIVE 
   1  N0           3.49895e+06     fixed    
   2  tau          6.44119e+01   constant   
   3  A0           3.53619e-01     fixed    
   4  phi          4.12141e+00     fixed    
   5  R           -6.09180e+01   constant   
   6  A_CBO        3.14368e-03   1.00000e-05   1.00000e-05   4.94714e+03
   7  w_CBO        2.32574e+00   1.00000e-03   1.00000e-03  -9.66121e-01
   8  phi_CBO      5.33601e-01   1.00000e-04   1.00000e-04  -1.49839e-01
   9  ANx2         2.22853e-04   constant   
  10  pNx2         5.08518e+00   constant   
  11  ANy1         0.00000e+00   constant   
  12  pNy1         0.00000e+00   constant   
  13  w_y          0.00000e+00   constant   
  14  ANy2         9.04789e-03     fixed    
  15  pNy2         3.29982e+00   constant   
  16  w_vw         1.43191e+01   constant   
  17  LM           2.21951e-04   constant   
  18  wCBO_expCoeff   2.04252e+02   6.47925e+00   1.48356e-02  -4.35107e-03
  19  wCBO_expOffset   2.00640e+02   9.75210e-01   2.25688e-03  -2.98014e-02
  20  wCBO_expT    2.98179e+01   3.08811e-01  -7.58937e-04  -1.89079e-01
  21  wCBO_linCoeff   0.00000e+00   constant   
  22  wCBO_const  -2.06814e-03   1.22612e-03   9.28996e-06  -1.36104e+00
 MIGRAD MINIMIZATION HAS CONVERGED.
 MIGRAD WILL VERIFY CONVERGENCE AND ERROR MATRIX.
 COVARIANCE MATRIX CALCULATED SUCCESSFULLY
 FCN=408.654 FROM MIGRAD    STATUS=CONVERGED     280 CALLS         487 TOTAL
                     EDM=1.27046e-06    STRATEGY= 1      ERROR MATRIX ACCURATE 
  EXT PARAMETER                                   STEP         FIRST   
  NO.   NAME      VALUE            ERROR          SIZE      DERIVATIVE 
   1  N0           3.49895e+06     fixed    
   2  tau          6.44119e+01   constant   
   3  A0           3.53619e-01     fixed    
   4  phi          4.12141e+00     fixed    
   5  R           -6.09180e+01   constant   
   6  A_CBO        9.98136e-04   9.26276e-04   8.99775e-06   5.35711e-01
   7  w_CBO        2.32583e+00   4.00593e-02   1.38738e-05  -3.20888e-01
   8  phi_CBO      1.13419e+00   1.59957e+00   9.09285e-03  -3.73665e-05
   9  ANx2         2.22853e-04   constant   
  10  pNx2         5.08518e+00   constant   
  11  ANy1         0.00000e+00   constant   
  12  pNy1         0.00000e+00   constant   
  13  w_y          0.00000e+00   constant   
  14  ANy2         9.04789e-03     fixed    
  15  pNy2         3.29982e+00   constant   
  16  w_vw         1.43191e+01   constant   
  17  LM           2.21951e-04   constant   
  18  wCBO_expCoeff   2.01653e+02   8.93591e+00   6.87146e-03   2.99302e-04
  19  wCBO_expOffset   2.00261e+02   1.32771e+00   1.01936e-03   2.01648e-03
  20  wCBO_expT    2.99309e+01   2.04694e-01   1.55991e-04   1.09564e-02
  21  wCBO_linCoeff   0.00000e+00   constant   
  22  wCBO_const  -1.56150e-03   1.72213e-02   6.89799e-06  -8.07802e-01
 EXTERNAL ERROR MATRIX.    NDIM=  25    NPAR=  7    ERR DEF=1
  8.580e-07  2.499e-07 -4.267e-05  2.186e-04  3.264e-05 -6.899e-06 -2.799e-07 
  2.499e-07  1.605e-03 -1.405e-03 -4.742e-02 -7.119e-03 -1.030e-03 -6.874e-04 
 -4.267e-05 -1.405e-03  2.559e+00 -1.886e+00 -2.810e-01  8.851e-02  2.076e-03 
  2.186e-04 -4.742e-02 -1.886e+00  7.985e+01 -5.874e+00 -8.411e-01  2.065e-02 
  3.264e-05 -7.119e-03 -2.810e-01 -5.874e+00  1.763e+00 -1.252e-01  3.099e-03 
 -6.899e-06 -1.030e-03  8.851e-02 -8.411e-01 -1.252e-01  4.190e-02  4.033e-04 
 -2.799e-07 -6.874e-04  2.076e-03  2.065e-02  3.099e-03  4.033e-04  2.966e-04 
 PARAMETER  CORRELATION COEFFICIENTS  
       NO.  GLOBAL      6      7      8     18     19     20     22
        6  0.18486   1.000  0.007 -0.029  0.026  0.027 -0.036 -0.018
        7  0.99939   0.007  1.000 -0.022 -0.132 -0.134 -0.126 -0.996
        8  0.81813  -0.029 -0.022  1.000 -0.132 -0.132  0.270  0.075
       18  0.99698   0.026 -0.132 -0.132  1.000 -0.495 -0.460  0.134
       19  0.99698   0.027 -0.134 -0.132 -0.495  1.000 -0.461  0.136
       20  0.99703  -0.036 -0.126  0.270 -0.460 -0.461  1.000  0.114
       22  0.99918  -0.018 -0.996  0.075  0.134  0.136  0.114  1.000
MINUIT - FIT ONLY 1-CBO
 **********
 **   29 **RES 
 **********
                   PARAMETER   14  ANy2 RESTORED TO VARIABLE.
                   PARAMETER    4  phi RESTORED TO VARIABLE.
                   PARAMETER    3  A0 RESTORED TO VARIABLE.
                   PARAMETER    1  N0 RESTORED TO VARIABLE.
 **********
 **   30 **FIX            0
 **********
 PARAMETER    0  IS UNDEFINED. IGNORED.
 **********
 **   31 **FIX            1
 **********
 **********
 **   32 **FIX            2
 **********
 PARAMETER    2  IS CONSTANT.   IGNORED.
 **********
 **   33 **FIX            3
 **********
 **********
 **   34 **FIX            4
 **********
 **********
 **   35 **FIX            8
 **********
 **********
 **   36 **FIX            9
 **********
 PARAMETER    9  IS CONSTANT.   IGNORED.
 **********
 **   37 **FIX           11
 **********
 PARAMETER   11  IS CONSTANT.   IGNORED.
 **********
 **   38 **FIX           12
 **********
 PARAMETER   12  IS CONSTANT.   IGNORED.
 **********
 **   39 **FIX           13
 **********
 PARAMETER   13  IS CONSTANT.   IGNORED.
 **********
 **   40 **FIX           15
 **********
 PARAMETER   15  IS CONSTANT.   IGNORED.
 **********
 **   41 **FIX           16
 **********
 PARAMETER   16  IS CONSTANT.   IGNORED.
 **********
 **   42 **MIGRAD
 **********
 START MIGRAD MINIMIZATION.  STRATEGY  1.  CONVERGENCE WHEN EDM .LT. 1.00e-04
 FCN=408.654 FROM MIGRAD    STATUS=INITIATE       14 CALLS         501 TOTAL
                     EDM= unknown      STRATEGY= 1      NO ERROR MATRIX       
  EXT PARAMETER               CURRENT GUESS       STEP         FIRST   
  NO.   NAME      VALUE            ERROR          SIZE      DERIVATIVE 
   1  N0           3.49895e+06     fixed    
   2  tau          6.44119e+01   constant   
   3  A0           3.53619e-01     fixed    
   4  phi          4.12141e+00     fixed    
   5  R           -6.09180e+01   constant   
   6  A_CBO        9.98136e-04   9.26276e-04   8.99775e-06   5.35711e-01
   7  w_CBO        2.32583e+00   4.00593e-02   1.38738e-05  -3.22925e-01
   8  phi_CBO      1.13419e+00     fixed    
   9  ANx2         2.22853e-04   constant   
  10  pNx2         5.08518e+00   constant   
  11  ANy1         0.00000e+00   constant   
  12  pNy1         0.00000e+00   constant   
  13  w_y          0.00000e+00   constant   
  14  ANy2         9.04789e-03   1.00000e-04   1.00000e-04   2.05897e+04
  15  pNy2         3.29982e+00   constant   
  16  w_vw         1.43191e+01   constant   
  17  LM           2.21951e-04   constant   
  18  wCBO_expCoeff   2.01653e+02   8.93591e+00   6.87146e-03   2.96304e-04
  19  wCBO_expOffset   2.00261e+02   1.32771e+00   1.01936e-03   1.99683e-03
  20  wCBO_expT    2.99309e+01   2.04694e-01   1.55991e-04   1.08402e-02
  21  wCBO_linCoeff   0.00000e+00   constant   
  22  wCBO_const  -1.56150e-03   1.72213e-02   6.89799e-06  -8.08961e-01
 MIGRAD MINIMIZATION HAS CONVERGED.
 MIGRAD WILL VERIFY CONVERGENCE AND ERROR MATRIX.
 COVARIANCE MATRIX CALCULATED SUCCESSFULLY
 FCN=320.017 FROM MIGRAD    STATUS=CONVERGED     130 CALLS         617 TOTAL
                     EDM=2.93262e-05    STRATEGY= 1      ERROR MATRIX ACCURATE 
  EXT PARAMETER                                   STEP         FIRST   
  NO.   NAME      VALUE            ERROR          SIZE      DERIVATIVE 
   1  N0           3.49895e+06     fixed    
   2  tau          6.44119e+01   constant   
   3  A0           3.53619e-01     fixed    
   4  phi          4.12141e+00     fixed    
   5  R           -6.09180e+01   constant   
   6  A_CBO        1.02210e-03   9.28283e-04   7.96802e-06  -1.02846e+00
   7  w_CBO        2.32581e+00   5.04861e-02   1.40102e-05   3.34881e-01
   8  phi_CBO      1.13419e+00     fixed    
   9  ANx2         2.22853e-04   constant   
  10  pNx2         5.08518e+00   constant   
  11  ANy1         0.00000e+00   constant   
  12  pNy1         0.00000e+00   constant   
  13  w_y          0.00000e+00   constant   
  14  ANy2         4.38103e-04   9.14508e-04   8.00052e-06  -1.37302e-02
  15  pNy2         3.29982e+00   constant   
  16  w_vw         1.43191e+01   constant   
  17  LM           2.21951e-04   constant   
  18  wCBO_expCoeff   2.01660e+02   9.46278e+00   8.63256e-03   1.40110e-04
  19  wCBO_expOffset   2.00262e+02   1.40544e+00   1.28130e-03   9.44001e-04
  20  wCBO_expT    2.99310e+01   2.09588e-01   1.91810e-04   4.34643e-02
  21  wCBO_linCoeff   0.00000e+00   constant   
  22  wCBO_const  -1.57257e-03   2.16479e-02   6.69596e-06   7.51917e-01
 EXTERNAL ERROR MATRIX.    NDIM=  25    NPAR=  7    ERR DEF=1
  8.617e-07  5.014e-07 -2.859e-09  2.556e-04  3.806e-05 -7.805e-06 -3.712e-07 
  5.014e-07  2.549e-03  1.008e-08 -7.668e-02 -1.147e-02 -1.537e-03 -1.091e-03 
 -2.859e-09  1.008e-08  8.363e-07 -4.245e-06 -6.329e-07  9.919e-08 -2.391e-09 
  2.556e-04 -7.668e-02 -4.245e-06  8.954e+01 -6.584e+00 -8.760e-01  3.427e-02 
  3.806e-05 -1.147e-02 -6.329e-07 -6.584e+00  1.975e+00 -1.303e-01  5.123e-03 
 -7.805e-06 -1.537e-03  9.919e-08 -8.760e-01 -1.303e-01  4.393e-02  5.673e-04 
 -3.712e-07 -1.091e-03 -2.391e-09  3.427e-02  5.123e-03  5.673e-04  4.686e-04 
 PARAMETER  CORRELATION COEFFICIENTS  
       NO.  GLOBAL      6      7     14     18     19     20     22
        6  0.19196   1.000  0.011 -0.003  0.029  0.029 -0.040 -0.018
        7  0.99950   0.011  1.000  0.000 -0.161 -0.162 -0.145 -0.999
       14  0.00402  -0.003  0.000  1.000 -0.000 -0.000  0.001 -0.000
       18  0.99452   0.029 -0.161 -0.000  1.000 -0.495 -0.442  0.167
       19  0.99453   0.029 -0.162 -0.000 -0.495  1.000 -0.442  0.168
       20  0.99449  -0.040 -0.145  0.001 -0.442 -0.442  1.000  0.125
       22  0.99937  -0.018 -0.999 -0.000  0.167  0.168  0.125  1.000
MINUIT - FIT ONLY 2-CBO
 **********
 **   43 **RES 
 **********
                   PARAMETER    8  phi_CBO RESTORED TO VARIABLE.
                   PARAMETER    4  phi RESTORED TO VARIABLE.
                   PARAMETER    3  A0 RESTORED TO VARIABLE.
                   PARAMETER    1  N0 RESTORED TO VARIABLE.
 **********
 **   44 **FIX            0
 **********
 PARAMETER    0  IS UNDEFINED. IGNORED.
 **********
 **   45 **FIX            1
 **********
 **********
 **   46 **FIX            2
 **********
 PARAMETER    2  IS CONSTANT.   IGNORED.
 **********
 **   47 **FIX            3
 **********
 **********
 **   48 **FIX            4
 **********
 **********
 **   49 **FIX            5
 **********
 PARAMETER    5  IS CONSTANT.   IGNORED.
 **********
 **   50 **FIX            6
 **********
 **********
 **   51 **FIX            7
 **********
 **********
 **   52 **FIX           10
 **********
 PARAMETER   10  IS CONSTANT.   IGNORED.
 **********
 **   53 **FIX           11
 **********
 PARAMETER   11  IS CONSTANT.   IGNORED.
 **********
 **   54 **FIX           12
 **********
 PARAMETER   12  IS CONSTANT.   IGNORED.
 **********
 **   55 **FIX           13
 **********
 PARAMETER   13  IS CONSTANT.   IGNORED.
 **********
 **   56 **FIX           14
 **********
 **********
 **   57 **FIX           15
 **********
 PARAMETER   15  IS CONSTANT.   IGNORED.
 **********
 **   58 **FIX           16
 **********
 PARAMETER   16  IS CONSTANT.   IGNORED.
 **********
 **   59 **MIGRAD
 **********
 START MIGRAD MINIMIZATION.  STRATEGY  1.  CONVERGENCE WHEN EDM .LT. 1.00e-04
 FCN=320.017 FROM MIGRAD    STATUS=INITIATE       12 CALLS         629 TOTAL
                     EDM= unknown      STRATEGY= 1      NO ERROR MATRIX       
  EXT PARAMETER               CURRENT GUESS       STEP         FIRST   
  NO.   NAME      VALUE            ERROR          SIZE      DERIVATIVE 
   1  N0           3.49895e+06     fixed    
   2  tau          6.44119e+01   constant   
   3  A0           3.53619e-01     fixed    
   4  phi          4.12141e+00     fixed    
   5  R           -6.09180e+01   constant   
   6  A_CBO        1.02210e-03     fixed    
   7  w_CBO        2.32581e+00     fixed    
   8  phi_CBO      1.13419e+00   1.59957e+00   1.59957e+00  -4.51509e-02
   9  ANx2         2.22853e-04   constant   
  10  pNx2         5.08518e+00   constant   
  11  ANy1         0.00000e+00   constant   
  12  pNy1         0.00000e+00   constant   
  13  w_y          0.00000e+00   constant   
  14  ANy2         4.38103e-04     fixed    
  15  pNy2         3.29982e+00   constant   
  16  w_vw         1.43191e+01   constant   
  17  LM           2.21951e-04   constant   
  18  wCBO_expCoeff   2.01660e+02   9.46278e+00   8.63256e-03   1.36683e-04
  19  wCBO_expOffset   2.00262e+02   1.40544e+00   1.28130e-03   9.21306e-04
  20  wCBO_expT    2.99310e+01   2.09588e-01   1.91810e-04   4.26703e-02
  21  wCBO_linCoeff   0.00000e+00   constant   
  22  wCBO_const  -1.57257e-03   2.16479e-02   6.69596e-06   7.51637e-01
 MIGRAD MINIMIZATION HAS CONVERGED.
 MIGRAD WILL VERIFY CONVERGENCE AND ERROR MATRIX.
 FCN=319.928 FROM MIGRAD    STATUS=CONVERGED     177 CALLS         794 TOTAL
                     EDM=2.51641e-06    STRATEGY= 1      ERR MATRIX NOT POS-DEF
  EXT PARAMETER                APPROXIMATE        STEP         FIRST   
  NO.   NAME      VALUE            ERROR          SIZE      DERIVATIVE 
   1  N0           3.49895e+06     fixed    
   2  tau          6.44119e+01   constant   
   3  A0           3.53619e-01     fixed    
   4  phi          4.12141e+00     fixed    
   5  R           -6.09180e+01   constant   
   6  A_CBO        1.02210e-03     fixed    
   7  w_CBO        2.32581e+00     fixed    
   8  phi_CBO      2.45576e+00   1.87832e+00   7.67077e-03  -2.07215e-03
   9  ANx2         2.22853e-04   constant   
  10  pNx2         5.08518e+00   constant   
  11  ANy1         0.00000e+00   constant   
  12  pNy1         0.00000e+00   constant   
  13  w_y          0.00000e+00   constant   
  14  ANy2         4.38103e-04     fixed    
  15  pNy2         3.29982e+00   constant   
  16  w_vw         1.43191e+01   constant   
  17  LM           2.21951e-04   constant   
  18  wCBO_expCoeff   2.00453e+02   1.10727e+01   8.14338e-03   6.50300e-04
  19  wCBO_expOffset   2.00082e+02   1.65874e+00   1.21966e-03   4.34401e-03
  20  wCBO_expT    3.00086e+01   2.35312e-01   1.83581e-04   3.12920e-02
  21  wCBO_linCoeff   0.00000e+00   constant   
  22  wCBO_const  -1.14389e-03   1.56950e-03   6.80269e-06   1.90339e+00
 EXTERNAL ERROR MATRIX.    NDIM=  25    NPAR=  5    ERR DEF=1
  3.528e+00 -1.300e+00 -1.950e-01  8.979e-02  1.727e-03 
 -1.300e+00  1.226e+02 -1.114e+01 -1.141e+00  1.889e-03 
 -1.950e-01 -1.114e+01  2.751e+00 -1.714e-01  2.835e-04 
  8.979e-02 -1.141e+00 -1.714e-01  5.537e-02 -1.019e-04 
  1.727e-03  1.889e-03  2.835e-04 -1.019e-04  2.463e-06 
ERR MATRIX NOT POS-DEF
 PARAMETER  CORRELATION COEFFICIENTS  
       NO.  GLOBAL      8     18     19     20     22
        8  0.88534   1.000 -0.063 -0.063  0.203  0.586
       18  0.99651  -0.063  1.000 -0.607 -0.438  0.109
       19  0.99652  -0.063 -0.607  1.000 -0.439  0.109
       20  0.99608   0.203 -0.438 -0.439  1.000 -0.276
       22  0.87068   0.586  0.109  0.109 -0.276  1.000
 ERR MATRIX NOT POS-DEF
MINUIT - FIT ONLY 1-y
 **********
 **   60 **RES 
 **********
                   PARAMETER   14  ANy2 RESTORED TO VARIABLE.
                   PARAMETER    7  w_CBO RESTORED TO VARIABLE.
                   PARAMETER    6  A_CBO RESTORED TO VARIABLE.
                   PARAMETER    4  phi RESTORED TO VARIABLE.
                   PARAMETER    3  A0 RESTORED TO VARIABLE.
                   PARAMETER    1  N0 RESTORED TO VARIABLE.
 **********
 **   61 **FIX            0
 **********
 PARAMETER    0  IS UNDEFINED. IGNORED.
 **********
 **   62 **FIX            1
 **********
 **********
 **   63 **FIX            2
 **********
 PARAMETER    2  IS CONSTANT.   IGNORED.
 **********
 **   64 **FIX            3
 **********
 **********
 **   65 **FIX            4
 **********
 **********
 **   66 **FIX            5
 **********
 PARAMETER    5  IS CONSTANT.   IGNORED.
 **********
 **   67 **FIX            6
 **********
 **********
 **   68 **FIX            7
 **********
 **********
 **   69 **FIX            8
 **********
 **********
 **   70 **FIX            9
 **********
 PARAMETER    9  IS CONSTANT.   IGNORED.
 **********
 **   71 **FIX           13
 **********
 PARAMETER   13  IS CONSTANT.   IGNORED.
 **********
 **   72 **FIX           14
 **********
 **********
 **   73 **FIX           15
 **********
 PARAMETER   15  IS CONSTANT.   IGNORED.
 **********
 **   74 **FIX           16
 **********
 PARAMETER   16  IS CONSTANT.   IGNORED.
 **********
 **   75 **MIGRAD
 **********
 START MIGRAD MINIMIZATION.  STRATEGY  1.  CONVERGENCE WHEN EDM .LT. 1.00e-04
 FCN=319.928 FROM MIGRAD    STATUS=INITIATE        8 CALLS         802 TOTAL
                     EDM= unknown      STRATEGY= 1      NO ERROR MATRIX       
  EXT PARAMETER               CURRENT GUESS       STEP         FIRST   
  NO.   NAME      VALUE            ERROR          SIZE      DERIVATIVE 
   1  N0           3.49895e+06     fixed    
   2  tau          6.44119e+01   constant   
   3  A0           3.53619e-01     fixed    
   4  phi          4.12141e+00     fixed    
   5  R           -6.09180e+01   constant   
   6  A_CBO        1.02210e-03     fixed    
   7  w_CBO        2.32581e+00     fixed    
   8  phi_CBO      2.45576e+00     fixed    
   9  ANx2         2.22853e-04   constant   
  10  pNx2         5.08518e+00   constant   
  11  ANy1         0.00000e+00   constant   
  12  pNy1         0.00000e+00   constant   
  13  w_y          0.00000e+00   constant   
  14  ANy2         4.38103e-04     fixed    
  15  pNy2         3.29982e+00   constant   
  16  w_vw         1.43191e+01   constant   
  17  LM           2.21951e-04   constant   
  18  wCBO_expCoeff   2.00453e+02   1.10727e+01   8.14338e-03   6.64347e-04
  19  wCBO_expOffset   2.00082e+02   1.65874e+00   1.21966e-03   4.44029e-03
  20  wCBO_expT    3.00086e+01   2.35312e-01   1.83581e-04   3.18514e-02
  21  wCBO_linCoeff   0.00000e+00   constant   
  22  wCBO_const  -1.14389e-03   1.56950e-03   6.80269e-06   1.89373e+00
 MIGRAD MINIMIZATION HAS CONVERGED.
 MIGRAD WILL VERIFY CONVERGENCE AND ERROR MATRIX.
 FCN=319.928 FROM MIGRAD    STATUS=CONVERGED      41 CALLS         835 TOTAL
                     EDM=7.60189e-07    STRATEGY= 1      ERR MATRIX NOT POS-DEF
  EXT PARAMETER                APPROXIMATE        STEP         FIRST   
  NO.   NAME      VALUE            ERROR          SIZE      DERIVATIVE 
   1  N0           3.49895e+06     fixed    
   2  tau          6.44119e+01   constant   
   3  A0           3.53619e-01     fixed    
   4  phi          4.12141e+00     fixed    
   5  R           -6.09180e+01   constant   
   6  A_CBO        1.02210e-03     fixed    
   7  w_CBO        2.32581e+00     fixed    
   8  phi_CBO      2.45576e+00     fixed    
   9  ANx2         2.22853e-04   constant   
  10  pNx2         5.08518e+00   constant   
  11  ANy1         0.00000e+00   constant   
  12  pNy1         0.00000e+00   constant   
  13  w_y          0.00000e+00   constant   
  14  ANy2         4.38103e-04     fixed    
  15  pNy2         3.29982e+00   constant   
  16  w_vw         1.43191e+01   constant   
  17  LM           2.21951e-04   constant   
  18  wCBO_expCoeff   2.00453e+02   1.20857e+01   8.11628e-03  -4.34294e-04
  19  wCBO_expOffset   2.00082e+02   1.81079e+00   1.21504e-03  -2.90091e-03
  20  wCBO_expT    3.00086e+01   2.47326e-01   1.82955e-04  -1.76104e-02
  21  wCBO_linCoeff   0.00000e+00   constant   
  22  wCBO_const  -1.14409e-03   1.29473e-03   6.78301e-06   6.48363e-01
 EXTERNAL ERROR MATRIX.    NDIM=  25    NPAR=  4    ERR DEF=1
  1.461e+02 -1.374e+01 -1.277e+00  2.970e-03 
 -1.374e+01  3.279e+00 -1.920e-01  4.460e-04 
 -1.277e+00 -1.920e-01  6.117e-02 -1.671e-04 
  2.970e-03  4.460e-04 -1.671e-04  1.676e-06 
ERR MATRIX NOT POS-DEF
 PARAMETER  CORRELATION COEFFICIENTS  
       NO.  GLOBAL     18     19     20     22
       18  0.99707   1.000 -0.628 -0.427  0.190
       19  0.99708  -0.628  1.000 -0.429  0.190
       20  0.99645  -0.427 -0.429  1.000 -0.522
       22  0.80266   0.190  0.190 -0.522  1.000
 ERR MATRIX NOT POS-DEF
MINUIT - FIT ONLY 2-y
 **********
 **   76 **RES 
 **********
                   PARAMETER   14  ANy2 RESTORED TO VARIABLE.
                   PARAMETER    8  phi_CBO RESTORED TO VARIABLE.
                   PARAMETER    7  w_CBO RESTORED TO VARIABLE.
                   PARAMETER    6  A_CBO RESTORED TO VARIABLE.
                   PARAMETER    4  phi RESTORED TO VARIABLE.
                   PARAMETER    3  A0 RESTORED TO VARIABLE.
                   PARAMETER    1  N0 RESTORED TO VARIABLE.
 **********
 **   77 **FIX            0
 **********
 PARAMETER    0  IS UNDEFINED. IGNORED.
 **********
 **   78 **FIX            1
 **********
 **********
 **   79 **FIX            2
 **********
 PARAMETER    2  IS CONSTANT.   IGNORED.
 **********
 **   80 **FIX            3
 **********
 **********
 **   81 **FIX            4
 **********
 **********
 **   82 **FIX            5
 **********
 PARAMETER    5  IS CONSTANT.   IGNORED.
 **********
 **   83 **FIX            6
 **********
 **********
 **   84 **FIX            7
 **********
 **********
 **   85 **FIX            8
 **********
 **********
 **   86 **FIX            9
 **********
 PARAMETER    9  IS CONSTANT.   IGNORED.
 **********
 **   87 **FIX           10
 **********
 PARAMETER   10  IS CONSTANT.   IGNORED.
 **********
 **   88 **FIX           11
 **********
 PARAMETER   11  IS CONSTANT.   IGNORED.
 **********
 **   89 **FIX           12
 **********
 PARAMETER   12  IS CONSTANT.   IGNORED.
 **********
 **   90 **FIX           16
 **********
 PARAMETER   16  IS CONSTANT.   IGNORED.
 **********
 **   91 **MIGRAD
 **********
 START MIGRAD MINIMIZATION.  STRATEGY  1.  CONVERGENCE WHEN EDM .LT. 1.00e-04
 FCN=319.928 FROM MIGRAD    STATUS=INITIATE       10 CALLS         845 TOTAL
                     EDM= unknown      STRATEGY= 1      NO ERROR MATRIX       
  EXT PARAMETER               CURRENT GUESS       STEP         FIRST   
  NO.   NAME      VALUE            ERROR          SIZE      DERIVATIVE 
   1  N0           3.49895e+06     fixed    
   2  tau          6.44119e+01   constant   
   3  A0           3.53619e-01     fixed    
   4  phi          4.12141e+00     fixed    
   5  R           -6.09180e+01   constant   
   6  A_CBO        1.02210e-03     fixed    
   7  w_CBO        2.32581e+00     fixed    
   8  phi_CBO      2.45576e+00     fixed    
   9  ANx2         2.22853e-04   constant   
  10  pNx2         5.08518e+00   constant   
  11  ANy1         0.00000e+00   constant   
  12  pNy1         0.00000e+00   constant   
  13  w_y          0.00000e+00   constant   
  14  ANy2         4.38103e-04   9.14508e-04   9.14508e-04   5.03198e+01
  15  pNy2         3.29982e+00   constant   
  16  w_vw         1.43191e+01   constant   
  17  LM           2.21951e-04   constant   
  18  wCBO_expCoeff   2.00453e+02   1.20857e+01   8.11628e-03  -4.20212e-04
  19  wCBO_expOffset   2.00082e+02   1.81079e+00   1.21504e-03  -2.80440e-03
  20  wCBO_expT    3.00086e+01   2.47326e-01   1.82955e-04  -1.70496e-02
  21  wCBO_linCoeff   0.00000e+00   constant   
  22  wCBO_const  -1.14409e-03   1.29473e-03   6.78301e-06   6.38716e-01
 MIGRAD MINIMIZATION HAS CONVERGED.
 MIGRAD WILL VERIFY CONVERGENCE AND ERROR MATRIX.
 FCN=319.927 FROM MIGRAD    STATUS=CONVERGED      52 CALLS         887 TOTAL
                     EDM=1.4507e-06    STRATEGY= 1      ERR MATRIX NOT POS-DEF
  EXT PARAMETER                APPROXIMATE        STEP         FIRST   
  NO.   NAME      VALUE            ERROR          SIZE      DERIVATIVE 
   1  N0           3.49895e+06     fixed    
   2  tau          6.44119e+01   constant   
   3  A0           3.53619e-01     fixed    
   4  phi          4.12141e+00     fixed    
   5  R           -6.09180e+01   constant   
   6  A_CBO        1.02210e-03     fixed    
   7  w_CBO        2.32581e+00     fixed    
   8  phi_CBO      2.45576e+00     fixed    
   9  ANx2         2.22853e-04   constant   
  10  pNx2         5.08518e+00   constant   
  11  ANy1         0.00000e+00   constant   
  12  pNy1         0.00000e+00   constant   
  13  w_y          0.00000e+00   constant   
  14  ANy2         4.17061e-04   9.11105e-04   7.99946e-06  -2.36926e-02
  15  pNy2         3.29982e+00   constant   
  16  w_vw         1.43191e+01   constant   
  17  LM           2.21951e-04   constant   
  18  wCBO_expCoeff   2.00453e+02   1.20730e+01   8.11724e-03   1.63981e-03
  19  wCBO_expOffset   2.00082e+02   1.80834e+00   1.21518e-03   1.09538e-02
  20  wCBO_expT    3.00086e+01   2.47176e-01   1.82975e-04   7.10384e-02
  21  wCBO_linCoeff   0.00000e+00   constant   
  22  wCBO_const  -1.14428e-03   1.29454e-03   6.78284e-06   1.81823e+00
 EXTERNAL ERROR MATRIX.    NDIM=  25    NPAR=  5    ERR DEF=1
  8.301e-07  5.105e-05  7.680e-06 -1.780e-06 -3.012e-09 
  5.105e-05  1.458e+02 -1.369e+01 -1.276e+00  2.969e-03 
  7.680e-06 -1.369e+01  3.270e+00 -1.916e-01  4.452e-04 
 -1.780e-06 -1.276e+00 -1.916e-01  6.110e-02 -1.670e-04 
 -3.012e-09  2.969e-03  4.452e-04 -1.670e-04  1.676e-06 
ERR MATRIX NOT POS-DEF
 PARAMETER  CORRELATION COEFFICIENTS  
       NO.  GLOBAL     14     18     19     20     22
       14  0.02744   1.000  0.005  0.005 -0.008 -0.003
       18  0.99707   0.005  1.000 -0.627 -0.428  0.190
       19  0.99708   0.005 -0.627  1.000 -0.429  0.190
       20  0.99645  -0.008 -0.428 -0.429  1.000 -0.522
       22  0.80273  -0.003  0.190  0.190 -0.522  1.000
 ERR MATRIX NOT POS-DEF
MINUIT - FIT ALTOGETHER
 **********
 **   92 **RES 
 **********
                   PARAMETER    8  phi_CBO RESTORED TO VARIABLE.
                   PARAMETER    7  w_CBO RESTORED TO VARIABLE.
                   PARAMETER    6  A_CBO RESTORED TO VARIABLE.
                   PARAMETER    4  phi RESTORED TO VARIABLE.
                   PARAMETER    3  A0 RESTORED TO VARIABLE.
                   PARAMETER    1  N0 RESTORED TO VARIABLE.
 **********
 **   93 **MIGRAD
 **********
 START MIGRAD MINIMIZATION.  STRATEGY  1.  CONVERGENCE WHEN EDM .LT. 1.00e-04
 FCN=319.927 FROM MIGRAD    STATUS=INITIATE       22 CALLS         909 TOTAL
                     EDM= unknown      STRATEGY= 1      NO ERROR MATRIX       
  EXT PARAMETER               CURRENT GUESS       STEP         FIRST   
  NO.   NAME      VALUE            ERROR          SIZE      DERIVATIVE 
   1  N0           3.49895e+06   2.26873e+03   2.26873e+03   3.88719e-05
   2  tau          6.44119e+01   constant   
   3  A0           3.53619e-01   8.65486e-04   8.65486e-04  -6.58740e+02
   4  phi          4.12141e+00   2.56509e-03   2.56509e-03   2.75685e+00
   5  R           -6.09180e+01   constant   
   6  A_CBO        1.02210e-03   9.28283e-04   9.28283e-04  -4.65079e+01
   7  w_CBO        2.32581e+00   5.04861e-02   5.04861e-02   9.19667e-01
   8  phi_CBO      2.45576e+00   1.87832e+00   1.87832e+00  -1.70040e-03
   9  ANx2         2.22853e-04   constant   
  10  pNx2         5.08518e+00   constant   
  11  ANy1         0.00000e+00   constant   
  12  pNy1         0.00000e+00   constant   
  13  w_y          0.00000e+00   constant   
  14  ANy2         4.17061e-04   9.11105e-04   7.99946e-06  -2.36927e-02
  15  pNy2         3.29982e+00   constant   
  16  w_vw         1.43191e+01   constant   
  17  LM           2.21951e-04   constant   
  18  wCBO_expCoeff   2.00453e+02   1.20730e+01   8.11724e-03   1.65372e-03
  19  wCBO_expOffset   2.00082e+02   1.80834e+00   1.21518e-03   1.10491e-02
  20  wCBO_expT    3.00086e+01   2.47176e-01   1.82975e-04   7.15925e-02
