 + ++++++++++++++++++++++++++++++++++++++++++++++++++++++++++++++++++++ +
 +                                                                      +
 +           You have chose to blind your fitting according to          +
 +                omega_ref * (1 + (R +/- deltaR) *10^{-6})             +
 +                                                                      +
 + ++++++++++++++++++++++++++++++++++++++++++++++++++++++++++++++++++++ +
In main()...
reading format from /gm2data/zkhechad/run45/envelope/formats/formatB_sBin_constraintOn.txt
pBinTau 	= 0  
pBinPhi 	= 0  
constraintau 	= 1 
includeMopTerm 	= 0    
constrainMop    = 0   
Parameters after format file: pBinTau 0 pBinPhi 0 constraintau 1 includeMopTerm 0 constrainMop 0 c_e_scale 0.000000 
reading cbo reference file (full fit) from /gm2data/zkhechad/cboTemplates/Run4CBOTemplates/fullFits/run4/sBin_constraintOn_cE0.0_seed0_run4_calo16.root
A_CBO 0.009336 w_CBO 2.326091 phi_CBO 1.561564 N0 3000865.229519 R -62.230085 tau 64.400102 
Reading cboRef file /gm2data/zkhechad/cboTemplates/Run4CBOTemplates//cboIsolate/run4_calo16.root
deltaT 76.577336
windowBins = 510
fitting sliding window 980 from bin 1183 at 176.503600 to bin 1693 at 252.595600 (510 bins)

Reading data from /gm2data/cornell/histograms/aMethod/histogram_a_run4.root
fitting cbo isolate
 **********
 **    1 **SET PRINTOUT            1
 **********
 **********
 **    2 **SET NOWARNINGS 
 **********
 PARAMETER DEFINITIONS:
    NO.   NAME         VALUE      STEP SIZE      LIMITS
     1 A_CBO        9.33615e-03  1.00000e-05     no limits
     2 w_CBO        2.32609e+00  1.00000e-02    2.00000e+00  3.00000e+00
     3 phi_CBO      1.56156e+00  1.00000e-02    0.00000e+00  6.28319e+00
 **********
 **    3 **MIGRAD
 **********
 FIRST CALL TO USER FUNCTION AT NEW START POINT, WITH IFLAG=4.
 START MIGRAD MINIMIZATION.  STRATEGY  1.  CONVERGENCE WHEN EDM .LT. 1.00e-04
 FCN=0.010315 FROM MIGRAD    STATUS=INITIATE       12 CALLS          13 TOTAL
                     EDM= unknown      STRATEGY= 1      NO ERROR MATRIX       
  EXT PARAMETER               CURRENT GUESS       STEP         FIRST   
  NO.   NAME      VALUE            ERROR          SIZE      DERIVATIVE 
   1  A_CBO        9.33615e-03   1.00000e-05   1.00000e-05   2.87920e+00
   2  w_CBO        2.32609e+00   1.00000e-02   2.13342e-02  -1.14768e-01
   3  phi_CBO      1.56156e+00   1.00000e-02   3.68279e-03   2.97236e-03
 MIGRAD MINIMIZATION HAS CONVERGED.
 MIGRAD WILL VERIFY CONVERGENCE AND ERROR MATRIX.
 COVARIANCE MATRIX CALCULATED SUCCESSFULLY
 FCN=0.00217478 FROM MIGRAD    STATUS=CONVERGED      49 CALLS          50 TOTAL
                     EDM=6.80307e-06    STRATEGY= 1      ERROR MATRIX ACCURATE 
  EXT PARAMETER                                   STEP         FIRST   
  NO.   NAME      VALUE            ERROR          SIZE      DERIVATIVE 
   1  A_CBO        3.67638e-03   6.27622e-02   3.06338e-05  -1.00820e-02
   2  w_CBO        2.32623e+00   6.12186e-01   8.27355e-05  -8.36520e-04
   3  phi_CBO      1.53549e+00   3.33651e+00   3.12293e-03  -3.05400e-05
 EXTERNAL ERROR MATRIX.    NDIM=  25    NPAR=  3    ERR DEF=1
  3.939e-03 -3.286e-03 -7.078e-01 
 -3.286e-03  7.650e-01  1.629e+02 
 -7.078e-01  1.629e+02  3.498e+04 
 PARAMETER  CORRELATION COEFFICIENTS  
       NO.  GLOBAL      1      2      3
        1  0.06034   1.000 -0.060 -0.060
        2  0.99586  -0.060  1.000  0.996
        3  0.99586  -0.060  0.996  1.000
setting A_CBO=0.003676 w_CBO=2.326234, phi_CBO=1.535492
done fitting cbo isolate
 **********
 **    1 **SET PRINTOUT            1
 **********
 **********
 **    2 **SET NOWARNINGS 
 **********
 PARAMETER DEFINITIONS:
    NO.   NAME         VALUE      STEP SIZE      LIMITS
     1 N0           3.00087e+06  1.00000e+02     no limits
     2 tau          6.44001e+01  constant
     3 A0           3.49583e-01  1.00000e-04     no limits
     4 phi          4.11719e+00  1.00000e-02     no limits
     5 R           -6.22301e+01  constant
     6 A_CBO        3.67638e-03  1.00000e-05     no limits
     7 w_CBO        2.32623e+00  1.00000e-03     no limits
     8 phi_CBO      1.53549e+00  1.00000e-04     no limits
     9 ANx2         8.68669e-04  constant
    10 pNx2         4.82289e+00  constant
    11 ANy1         0.00000e+00  constant
    12 pNy1         0.00000e+00  constant
    13 w_y          0.00000e+00  constant
    14 ANy2         6.17882e-03  1.00000e-04     no limits
    15 pNy2         1.49923e+00  constant
    16 w_vw         1.43037e+01  constant
    17 LM          -2.26665e-04  constant
    18 wCBO_expCoeff   2.00000e+02  1.00000e+00     no limits
    19 wCBO_expOffset   2.00000e+02  1.00000e+00     no limits
    20 wCBO_expT    3.00000e+01  1.00000e+00     no limits
    21 wCBO_linCoeff   0.00000e+00  constant
    22 wCBO_const   0.00000e+00  1.00000e-02     no limits
MINUIT - FIT ONLY WIGGLE
 **********
 **    3 **FIX            5
 **********
 PARAMETER    5  IS CONSTANT.   IGNORED.
 **********
 **    4 **FIX            6
 **********
 **********
 **    5 **FIX            7
 **********
 **********
 **    6 **FIX            8
 **********
 **********
 **    7 **FIX            9
 **********
 PARAMETER    9  IS CONSTANT.   IGNORED.
 **********
 **    8 **FIX           10
 **********
 PARAMETER   10  IS CONSTANT.   IGNORED.
 **********
 **    9 **FIX           11
 **********
 PARAMETER   11  IS CONSTANT.   IGNORED.
 **********
 **   10 **FIX           12
 **********
 PARAMETER   12  IS CONSTANT.   IGNORED.
 **********
 **   11 **FIX           13
 **********
 PARAMETER   13  IS CONSTANT.   IGNORED.
 **********
 **   12 **FIX           14
 **********
 **********
 **   13 **FIX           15
 **********
 PARAMETER   15  IS CONSTANT.   IGNORED.
 **********
 **   14 **FIX           16
 **********
 PARAMETER   16  IS CONSTANT.   IGNORED.
 **********
 **   15 **MIGRAD
 **********
 FIRST CALL TO USER FUNCTION AT NEW START POINT, WITH IFLAG=4.
 START MIGRAD MINIMIZATION.  STRATEGY  1.  CONVERGENCE WHEN EDM .LT. 1.00e-04
 FCN=1420.14 FROM MIGRAD    STATUS=INITIATE       56 CALLS          57 TOTAL
                     EDM= unknown      STRATEGY= 1      NO ERROR MATRIX       
  EXT PARAMETER               CURRENT GUESS       STEP         FIRST   
  NO.   NAME      VALUE            ERROR          SIZE      DERIVATIVE 
   1  N0           3.00087e+06   1.00000e+02   0.00000e+00   4.48525e-03
   2  tau          6.44001e+01   constant   
   3  A0           3.49583e-01   1.00000e-04   0.00000e+00  -6.30362e+03
   4  phi          4.11719e+00   1.00000e-02   0.00000e+00  -2.91257e+03
   5  R           -6.22301e+01   constant   
   6  A_CBO        3.67638e-03     fixed    
   7  w_CBO        2.32623e+00     fixed    
   8  phi_CBO      1.53549e+00     fixed    
   9  ANx2         8.68669e-04   constant   
  10  pNx2         4.82289e+00   constant   
  11  ANy1         0.00000e+00   constant   
  12  pNy1         0.00000e+00   constant   
  13  w_y          0.00000e+00   constant   
  14  ANy2         6.17882e-03     fixed    
  15  pNy2         1.49923e+00   constant   
  16  w_vw         1.43037e+01   constant   
  17  LM          -2.26665e-04   constant   
  18  wCBO_expCoeff   1.99995e+02   1.00000e+00  -5.38401e-03  -3.86577e+03
  19  wCBO_expOffset   2.00000e+02   1.00000e+00   0.00000e+00  -5.85556e+04
  20  wCBO_expT    3.00000e+01   1.00000e+00   0.00000e+00   1.15185e+05
  21  wCBO_linCoeff   0.00000e+00   constant   
  22  wCBO_const   0.00000e+00   1.00000e-02   0.00000e+00   1.89965e+04
 MIGRAD FAILS TO FIND IMPROVEMENT
 COVARIANCE MATRIX CALCULATED SUCCESSFULLY
 FCN=1371.67 FROM HESSE     STATUS=OK             52 CALLS         241 TOTAL
                     EDM=0.160584    STRATEGY= 1      ERROR MATRIX ACCURATE 
  EXT PARAMETER                                   STEP         FIRST   
  NO.   NAME      VALUE            ERROR          SIZE      DERIVATIVE 
   1  N0           3.00070e+06   4.68668e+02   8.29116e+00   1.23956e-04
   2  tau          6.44001e+01   constant   
   3  A0           3.49635e-01   2.09677e-04   3.73513e-06  -2.14377e+03
   4  phi          4.11767e+00   6.14740e-04   1.10784e-05  -4.35517e+02
   5  R           -6.22301e+01   constant   
   6  A_CBO        3.67638e-03     fixed    
   7  w_CBO        2.32623e+00     fixed    
   8  phi_CBO      1.53549e+00     fixed    
   9  ANx2         8.68669e-04   constant   
  10  pNx2         4.82289e+00   constant   
  11  ANy1         0.00000e+00   constant   
  12  pNy1         0.00000e+00   constant   
  13  w_y          0.00000e+00   constant   
  14  ANy2         6.17882e-03     fixed    
  15  pNy2         1.49923e+00   constant   
  16  w_vw         1.43037e+01   constant   
  17  LM          -2.26665e-04   constant   
  18  wCBO_expCoeff   1.99998e+02   1.52679e-03   9.53663e-05   5.53783e+02
  19  wCBO_expOffset   2.00001e+02   1.45123e-04   9.53679e-05   3.65269e+03
  20  wCBO_expT    3.00010e+01   1.47368e-04   1.43056e-05   6.90941e+03
  21  wCBO_linCoeff   0.00000e+00   constant   
  22  wCBO_const  -7.80841e-03   8.22722e-04   4.03400e-06   1.37997e+03
 MIGRAD FAILS TO FIND IMPROVEMENT
 MIGRAD TERMINATED WITHOUT CONVERGENCE.
 FCN=1371.47 FROM MIGRAD    STATUS=FAILED        422 CALLS         423 TOTAL
                     EDM=1.2793    STRATEGY= 1  ERROR MATRIX UNCERTAINTY   0.3 per cent
  EXT PARAMETER                APPROXIMATE        STEP         FIRST   
  NO.   NAME      VALUE            ERROR          SIZE      DERIVATIVE 
   1  N0           3.00065e+06   4.88539e+02  -0.00000e+00  -3.38611e-05
   2  tau          6.44001e+01   constant   
   3  A0           3.49689e-01   2.15102e-04   0.00000e+00   9.38416e+02
   4  phi          4.11778e+00   6.29357e-04   0.00000e+00   1.94446e+02
   5  R           -6.22301e+01   constant   
   6  A_CBO        3.67638e-03     fixed    
   7  w_CBO        2.32623e+00     fixed    
   8  phi_CBO      1.53549e+00     fixed    
   9  ANx2         8.68669e-04   constant   
  10  pNx2         4.82289e+00   constant   
  11  ANy1         0.00000e+00   constant   
  12  pNy1         0.00000e+00   constant   
  13  w_y          0.00000e+00   constant   
  14  ANy2         6.17882e-03     fixed    
  15  pNy2         1.49923e+00   constant   
  16  w_vw         1.43037e+01   constant   
  17  LM          -2.26665e-04   constant   
  18  wCBO_expCoeff   1.99997e+02   3.00736e-03  -0.00000e+00  -1.79623e+02
  19  wCBO_expOffset   2.00001e+02   2.26230e-04   0.00000e+00  -1.20512e+04
  20  wCBO_expT    3.00009e+01   2.36582e-04  -0.00000e+00  -2.36611e+03
  21  wCBO_linCoeff   0.00000e+00   constant   
  22  wCBO_const  -7.58278e-03   1.20223e-03   0.00000e+00  -9.18186e+02
 EXTERNAL ERROR MATRIX.    NDIM=  25    NPAR=  7    ERR DEF=1
  2.387e+05 -9.849e-03 -2.689e-02  5.305e-01 -3.977e-02  3.597e-02 -1.742e-01 
 -9.849e-03  4.627e-08  6.757e-09 -2.879e-07  2.633e-08 -1.486e-08  8.730e-08 
 -2.689e-02  6.757e-09  3.961e-07 -7.101e-07  6.453e-08 -3.660e-08  1.899e-07 
  5.305e-01 -2.879e-07 -7.101e-07  9.044e-06 -6.311e-07  6.735e-07 -3.264e-06 
 -3.977e-02  2.633e-08  6.453e-08 -6.311e-07  5.118e-08 -4.200e-08  1.875e-07 
  3.597e-02 -1.486e-08 -3.660e-08  6.735e-07 -4.200e-08  5.597e-08 -2.749e-07 
 -1.742e-01  8.730e-08  1.899e-07 -3.264e-06  1.875e-07 -2.749e-07  1.445e-06 
ERR MATRIX APPROXIMATE
 PARAMETER  CORRELATION COEFFICIENTS  
       NO.  GLOBAL      1      3      4     18     19     20     22
        1  0.58360   1.000 -0.094 -0.087  0.361 -0.360  0.311 -0.297
        3  0.95045  -0.094  1.000  0.050 -0.445  0.541 -0.292  0.338
        4  0.89193  -0.087  0.050  1.000 -0.375  0.453 -0.246  0.251
       18  0.99852   0.361 -0.445 -0.375  1.000 -0.928  0.947 -0.903
       19  0.99777  -0.360  0.541  0.453 -0.928  1.000 -0.785  0.689
       20  0.99596   0.311 -0.292 -0.246  0.947 -0.785  1.000 -0.966
       22  0.99799  -0.297  0.338  0.251 -0.903  0.689 -0.966  1.000
 ERR MATRIX APPROXIMATE
MINUIT - FIT ONLY 1-CBO + other amplitudes 
 **********
 **   16 **RES 
 **********
                   PARAMETER   14  ANy2 RESTORED TO VARIABLE.
                   PARAMETER    8  phi_CBO RESTORED TO VARIABLE.
                   PARAMETER    7  w_CBO RESTORED TO VARIABLE.
                   PARAMETER    6  A_CBO RESTORED TO VARIABLE.
 **********
 **   17 **FIX            0
 **********
 PARAMETER    0  IS UNDEFINED. IGNORED.
 **********
 **   18 **FIX            1
 **********
 **********
 **   19 **FIX            2
 **********
 PARAMETER    2  IS CONSTANT.   IGNORED.
 **********
 **   20 **FIX            3
 **********
 **********
 **   21 **FIX            4
 **********
 **********
 **   22 **FIX            9
 **********
 PARAMETER    9  IS CONSTANT.   IGNORED.
 **********
 **   23 **FIX           11
 **********
 PARAMETER   11  IS CONSTANT.   IGNORED.
 **********
 **   24 **FIX           12
 **********
 PARAMETER   12  IS CONSTANT.   IGNORED.
 **********
 **   25 **FIX           14
 **********
 **********
 **   26 **FIX           15
 **********
 PARAMETER   15  IS CONSTANT.   IGNORED.
 **********
 **   27 **FIX           16
 **********
 PARAMETER   16  IS CONSTANT.   IGNORED.
 **********
 **   28 **MIGRAD
 **********
 START MIGRAD MINIMIZATION.  STRATEGY  1.  CONVERGENCE WHEN EDM .LT. 1.00e-04
 FCN=1371.47 FROM MIGRAD    STATUS=INITIATE       22 CALLS         445 TOTAL
                     EDM= unknown      STRATEGY= 1      NO ERROR MATRIX       
  EXT PARAMETER               CURRENT GUESS       STEP         FIRST   
  NO.   NAME      VALUE            ERROR          SIZE      DERIVATIVE 
   1  N0           3.00065e+06     fixed    
   2  tau          6.44001e+01   constant   
   3  A0           3.49689e-01     fixed    
   4  phi          4.11778e+00     fixed    
   5  R           -6.22301e+01   constant   
   6  A_CBO        3.67638e-03   1.00000e-05   1.00000e-05   1.06420e+05
   7  w_CBO        2.32623e+00   1.00000e-03   1.00000e-03  -1.58657e+04
   8  phi_CBO      1.53549e+00   1.00000e-04   1.00000e-04   4.24271e+01
   9  ANx2         8.68669e-04   constant   
  10  pNx2         4.82289e+00   constant   
  11  ANy1         0.00000e+00   constant   
  12  pNy1         0.00000e+00   constant   
  13  w_y          0.00000e+00   constant   
  14  ANy2         6.17882e-03     fixed    
  15  pNy2         1.49923e+00   constant   
  16  w_vw         1.43037e+01   constant   
  17  LM          -2.26665e-04   constant   
  18  wCBO_expCoeff   1.99997e+02   3.00736e-03  -0.00000e+00  -1.79623e+02
  19  wCBO_expOffset   2.00001e+02   2.26230e-04   0.00000e+00  -1.20512e+04
  20  wCBO_expT    3.00009e+01   2.36582e-04  -0.00000e+00  -2.36611e+03
  21  wCBO_linCoeff   0.00000e+00   constant   
  22  wCBO_const  -7.58278e-03   1.20223e-03   0.00000e+00  -9.18186e+02
 MIGRAD FAILS TO FIND IMPROVEMENT
 COVARIANCE MATRIX CALCULATED SUCCESSFULLY
 FCN=1211.72 FROM HESSE     STATUS=OK             52 CALLS         717 TOTAL
                     EDM=0.0175149    STRATEGY= 1      ERROR MATRIX ACCURATE 
  EXT PARAMETER                                   STEP         FIRST   
  NO.   NAME      VALUE            ERROR          SIZE      DERIVATIVE 
   1  N0           3.00065e+06     fixed    
   2  tau          6.44001e+01   constant   
   3  A0           3.49689e-01     fixed    
   4  phi          4.11778e+00     fixed    
   5  R           -6.22301e+01   constant   
   6  A_CBO        1.05867e-03   2.25638e-04   3.73989e-06   9.23763e+01
   7  w_CBO        2.32620e+00   1.15227e-05   1.10922e-06   4.50254e+04
   8  phi_CBO      7.88809e-01   2.32700e-01   3.43424e-03  -5.64119e-01
   9  ANx2         8.68669e-04   constant   
  10  pNx2         4.82289e+00   constant   
  11  ANy1         0.00000e+00   constant   
  12  pNy1         0.00000e+00   constant   
  13  w_y          0.00000e+00   constant   
  14  ANy2         6.17882e-03     fixed    
  15  pNy2         1.49923e+00   constant   
  16  w_vw         1.43037e+01   constant   
  17  LM          -2.26665e-04   constant   
  18  wCBO_expCoeff   1.99995e+02   9.93769e-04   9.53648e-05   5.20279e+02
  19  wCBO_expOffset   2.00001e+02   5.63553e-05   9.53679e-05   3.43540e+03
  20  wCBO_expT    3.00005e+01   2.09660e-04   1.43053e-05  -8.85483e+02
  21  wCBO_linCoeff   0.00000e+00   constant   
  22  wCBO_const  -4.77886e-03   1.17263e-03   3.93937e-06   6.98916e+02
 MIGRAD FAILS TO FIND IMPROVEMENT
 MIGRAD TERMINATED WITHOUT CONVERGENCE.
 FCN=1211.7 FROM MIGRAD    STATUS=FAILED        360 CALLS         783 TOTAL
                     EDM=0.0155644    STRATEGY= 1  ERROR MATRIX UNCERTAINTY   5.8 per cent
  EXT PARAMETER                APPROXIMATE        STEP         FIRST   
  NO.   NAME      VALUE            ERROR          SIZE      DERIVATIVE 
   1  N0           3.00065e+06     fixed    
   2  tau          6.44001e+01   constant   
   3  A0           3.49689e-01     fixed    
   4  phi          4.11778e+00     fixed    
   5  R           -6.22301e+01   constant   
   6  A_CBO        1.05725e-03   2.24063e-04   0.00000e+00  -1.33646e+02
   7  w_CBO        2.32620e+00   1.14558e-05   0.00000e+00   1.62858e+04
   8  phi_CBO      8.00731e-01   2.29922e-01   0.00000e+00  -5.02584e-03
   9  ANx2         8.68669e-04   constant   
  10  pNx2         4.82289e+00   constant   
  11  ANy1         0.00000e+00   constant   
  12  pNy1         0.00000e+00   constant   
  13  w_y          0.00000e+00   constant   
  14  ANy2         6.17882e-03     fixed    
  15  pNy2         1.49923e+00   constant   
  16  w_vw         1.43037e+01   constant   
  17  LM          -2.26665e-04   constant   
  18  wCBO_expCoeff   1.99995e+02   9.87683e-04   0.00000e+00   1.89127e+02
  19  wCBO_expOffset   2.00001e+02   3.31112e-05   0.00000e+00  -5.60671e+03
  20  wCBO_expT    3.00005e+01   2.11365e-04   0.00000e+00  -9.15446e+02
  21  wCBO_linCoeff   0.00000e+00   constant   
  22  wCBO_const  -4.93269e-03   1.20547e-03  -0.00000e+00   1.01564e+02
 EXTERNAL ERROR MATRIX.    NDIM=  25    NPAR=  7    ERR DEF=1
  5.020e-08  2.399e-11  3.998e-07  2.168e-09 -5.353e-10 -1.685e-09 -1.408e-08 
  2.399e-11  1.312e-10  3.216e-07 -4.216e-10  1.815e-10  1.641e-09 -9.163e-09 
  3.998e-07  3.216e-07  5.286e-02  2.778e-05  2.640e-06  9.746e-06 -2.858e-05 
  2.168e-09 -4.216e-10  2.778e-05  9.755e-07  1.570e-08  1.419e-07 -7.873e-07 
 -5.353e-10  1.815e-10  2.640e-06  1.570e-08  1.096e-09  4.886e-09 -3.257e-08 
 -1.685e-09  1.641e-09  9.746e-06  1.419e-07  4.886e-09  4.468e-08 -2.374e-07 
 -1.408e-08 -9.163e-09 -2.858e-05 -7.873e-07 -3.257e-08 -2.374e-07  1.453e-06 
ERR MATRIX APPROXIMATE
 PARAMETER  CORRELATION COEFFICIENTS  
       NO.  GLOBAL      6      7      8     18     19     20     22
        6  0.50724   1.000  0.009  0.008  0.010 -0.072 -0.036 -0.052
        7  0.98498   0.009  1.000  0.122 -0.037  0.478  0.678 -0.664
        8  0.78409   0.008  0.122  1.000  0.122  0.347  0.201 -0.103
       18  0.98493   0.010 -0.037  0.122  1.000  0.480  0.680 -0.661
       19  0.95309  -0.072  0.478  0.347  0.480  1.000  0.698 -0.816
       20  0.98051  -0.036  0.678  0.201  0.680  0.698  1.000 -0.932
       22  0.99176  -0.052 -0.664 -0.103 -0.661 -0.816 -0.932  1.000
 ERR MATRIX APPROXIMATE
MINUIT - FIT ONLY 1-CBO
 **********
 **   29 **RES 
 **********
                   PARAMETER   14  ANy2 RESTORED TO VARIABLE.
                   PARAMETER    4  phi RESTORED TO VARIABLE.
                   PARAMETER    3  A0 RESTORED TO VARIABLE.
                   PARAMETER    1  N0 RESTORED TO VARIABLE.
 **********
 **   30 **FIX            0
 **********
 PARAMETER    0  IS UNDEFINED. IGNORED.
 **********
 **   31 **FIX            1
 **********
 **********
 **   32 **FIX            2
 **********
 PARAMETER    2  IS CONSTANT.   IGNORED.
 **********
 **   33 **FIX            3
 **********
 **********
 **   34 **FIX            4
 **********
 **********
 **   35 **FIX            8
 **********
 **********
 **   36 **FIX            9
 **********
 PARAMETER    9  IS CONSTANT.   IGNORED.
 **********
 **   37 **FIX           11
 **********
 PARAMETER   11  IS CONSTANT.   IGNORED.
 **********
 **   38 **FIX           12
 **********
 PARAMETER   12  IS CONSTANT.   IGNORED.
 **********
 **   39 **FIX           13
 **********
 PARAMETER   13  IS CONSTANT.   IGNORED.
 **********
 **   40 **FIX           15
 **********
 PARAMETER   15  IS CONSTANT.   IGNORED.
 **********
 **   41 **FIX           16
 **********
 PARAMETER   16  IS CONSTANT.   IGNORED.
 **********
 **   42 **MIGRAD
 **********
 START MIGRAD MINIMIZATION.  STRATEGY  1.  CONVERGENCE WHEN EDM .LT. 1.00e-04
 FCN=1211.7 FROM MIGRAD    STATUS=INITIATE       16 CALLS         799 TOTAL
                     EDM= unknown      STRATEGY= 1      NO ERROR MATRIX       
  EXT PARAMETER               CURRENT GUESS       STEP         FIRST   
  NO.   NAME      VALUE            ERROR          SIZE      DERIVATIVE 
   1  N0           3.00065e+06     fixed    
   2  tau          6.44001e+01   constant   
   3  A0           3.49689e-01     fixed    
   4  phi          4.11778e+00     fixed    
   5  R           -6.22301e+01   constant   
   6  A_CBO        1.05725e-03   2.24063e-04   0.00000e+00  -1.33646e+02
   7  w_CBO        2.32620e+00   1.14558e-05   0.00000e+00   1.62858e+04
   8  phi_CBO      8.00731e-01     fixed    
   9  ANx2         8.68669e-04   constant   
  10  pNx2         4.82289e+00   constant   
  11  ANy1         0.00000e+00   constant   
  12  pNy1         0.00000e+00   constant   
  13  w_y          0.00000e+00   constant   
  14  ANy2         6.17882e-03   1.00000e-04   1.00000e-04   2.51869e+05
  15  pNy2         1.49923e+00   constant   
  16  w_vw         1.43037e+01   constant   
  17  LM          -2.26665e-04   constant   
  18  wCBO_expCoeff   1.99995e+02   9.87683e-04   0.00000e+00   1.89127e+02
  19  wCBO_expOffset   2.00001e+02   3.31112e-05   0.00000e+00  -5.60671e+03
  20  wCBO_expT    3.00005e+01   2.11365e-04   0.00000e+00  -9.15446e+02
  21  wCBO_linCoeff   0.00000e+00   constant   
  22  wCBO_const  -4.93269e-03   1.20547e-03  -0.00000e+00   1.01564e+02
 MIGRAD FAILS TO FIND IMPROVEMENT
 COVARIANCE MATRIX CALCULATED SUCCESSFULLY
 FCN=459.238 FROM HESSE     STATUS=OK             58 CALLS        1002 TOTAL
                     EDM=0.000389995    STRATEGY= 1      ERROR MATRIX ACCURATE 
  EXT PARAMETER                                   STEP         FIRST   
  NO.   NAME      VALUE            ERROR          SIZE      DERIVATIVE 
   1  N0           3.00065e+06     fixed    
   2  tau          6.44001e+01   constant   
   3  A0           3.49689e-01     fixed    
   4  phi          4.11778e+00     fixed    
   5  R           -6.22301e+01   constant   
   6  A_CBO        5.72697e-04   2.43921e-04   2.31460e-06   2.26898e+01
   7  w_CBO        2.32619e+00   1.50089e-05   1.10922e-06   1.20933e+04
   8  phi_CBO      8.00731e-01     fixed    
   9  ANx2         8.68669e-04   constant   
  10  pNx2         4.82289e+00   constant   
  11  ANy1         0.00000e+00   constant   
  12  pNy1         0.00000e+00   constant   
  13  w_y          0.00000e+00   constant   
  14  ANy2         2.07073e-04   2.18378e-04   2.27076e-06  -3.06429e+01
  15  pNy2         1.49923e+00   constant   
  16  w_vw         1.43037e+01   constant   
  17  LM          -2.26665e-04   constant   
  18  wCBO_expCoeff   1.99994e+02   1.29422e-03   9.53645e-05   1.40271e+02
  19  wCBO_expOffset   2.00001e+02   7.32259e-05   9.53679e-05   8.91171e+02
  20  wCBO_expT    3.00003e+01   2.71697e-04   1.43052e-05  -5.45432e+02
  21  wCBO_linCoeff   0.00000e+00   constant   
  22  wCBO_const  -3.74691e-03   1.37196e-03   3.68943e-06   7.86162e+01
 MIGRAD FAILS TO FIND IMPROVEMENT
 MIGRAD TERMINATED WITHOUT CONVERGENCE.
 FCN=459.238 FROM MIGRAD    STATUS=FAILED        287 CALLS        1070 TOTAL
                     EDM=0.071627    STRATEGY= 1  ERROR MATRIX UNCERTAINTY   4.4 per cent
  EXT PARAMETER                APPROXIMATE        STEP         FIRST   
  NO.   NAME      VALUE            ERROR          SIZE      DERIVATIVE 
   1  N0           3.00065e+06     fixed    
   2  tau          6.44001e+01   constant   
   3  A0           3.49689e-01     fixed    
   4  phi          4.11778e+00     fixed    
   5  R           -6.22301e+01   constant   
   6  A_CBO        5.72404e-04   2.37811e-04  -0.00000e+00   3.45190e+00
   7  w_CBO        2.32619e+00   1.56101e-05  -0.00000e+00  -2.06091e+03
   8  phi_CBO      8.00731e-01     fixed    
   9  ANx2         8.68669e-04   constant   
  10  pNx2         4.82289e+00   constant   
  11  ANy1         0.00000e+00   constant   
  12  pNy1         0.00000e+00   constant   
  13  w_y          0.00000e+00   constant   
  14  ANy2         2.07726e-04   2.17807e-04   0.00000e+00   3.56207e+00
  15  pNy2         1.49923e+00   constant   
  16  w_vw         1.43037e+01   constant   
  17  LM          -2.26665e-04   constant   
  18  wCBO_expCoeff   1.99994e+02   1.34826e-03  -0.00000e+00  -2.38441e+01
  19  wCBO_expOffset   2.00001e+02   2.19960e-04   0.00000e+00  -4.21750e+03
  20  wCBO_expT    3.00003e+01   2.63967e-04   0.00000e+00   6.62464e+01
  21  wCBO_linCoeff   0.00000e+00   constant   
  22  wCBO_const  -3.74296e-03   1.31736e-03  -0.00000e+00  -4.34775e+00
 EXTERNAL ERROR MATRIX.    NDIM=  25    NPAR=  7    ERR DEF=1
  5.655e-08 -4.240e-10  4.610e-09 -3.636e-08 -1.040e-08 -2.297e-08  7.965e-08 
 -4.240e-10  2.437e-10 -1.825e-10 -2.400e-10 -1.144e-09  1.752e-09 -8.660e-09 
  4.610e-09 -1.825e-10  4.744e-08 -1.581e-08  2.908e-09 -1.973e-09  1.085e-08 
 -3.636e-08 -2.400e-10 -1.581e-08  1.818e-06 -1.001e-07  1.512e-07 -7.381e-07 
 -1.040e-08 -1.144e-09  2.908e-09 -1.001e-07  4.838e-08  2.173e-08 -1.070e-07 
 -2.297e-08  1.752e-09 -1.973e-09  1.512e-07  2.173e-08  6.968e-08 -3.005e-07 
  7.965e-08 -8.660e-09  1.085e-08 -7.381e-07 -1.070e-07 -3.005e-07  1.735e-06 
ERR MATRIX APPROXIMATE
 PARAMETER  CORRELATION COEFFICIENTS  
       NO.  GLOBAL      6      7     14     18     19     20     22
        6  0.44999   1.000 -0.114  0.089 -0.113 -0.199 -0.366  0.254
        7  0.98986  -0.114  1.000 -0.054 -0.011 -0.333  0.425 -0.421
       14  0.17255   0.089 -0.054  1.000 -0.054  0.061 -0.034  0.038
       18  0.98989  -0.113 -0.011 -0.054  1.000 -0.338  0.425 -0.416
       19  0.99288  -0.199 -0.333  0.061 -0.338  1.000  0.374 -0.369
       20  0.98389  -0.366  0.425 -0.034  0.425  0.374  1.000 -0.864
       22  0.97842   0.254 -0.421  0.038 -0.416 -0.369 -0.864  1.000
 ERR MATRIX APPROXIMATE
MINUIT - FIT ONLY 2-CBO
 **********
 **   43 **RES 
 **********
                   PARAMETER    8  phi_CBO RESTORED TO VARIABLE.
                   PARAMETER    4  phi RESTORED TO VARIABLE.
                   PARAMETER    3  A0 RESTORED TO VARIABLE.
                   PARAMETER    1  N0 RESTORED TO VARIABLE.
 **********
 **   44 **FIX            0
 **********
 PARAMETER    0  IS UNDEFINED. IGNORED.
 **********
 **   45 **FIX            1
 **********
 **********
 **   46 **FIX            2
 **********
 PARAMETER    2  IS CONSTANT.   IGNORED.
 **********
 **   47 **FIX            3
 **********
 **********
 **   48 **FIX            4
 **********
 **********
 **   49 **FIX            5
 **********
 PARAMETER    5  IS CONSTANT.   IGNORED.
 **********
 **   50 **FIX            6
 **********
 **********
 **   51 **FIX            7
 **********
 **********
 **   52 **FIX           10
 **********
 PARAMETER   10  IS CONSTANT.   IGNORED.
 **********
 **   53 **FIX           11
 **********
 PARAMETER   11  IS CONSTANT.   IGNORED.
 **********
 **   54 **FIX           12
 **********
 PARAMETER   12  IS CONSTANT.   IGNORED.
 **********
 **   55 **FIX           13
 **********
 PARAMETER   13  IS CONSTANT.   IGNORED.
 **********
 **   56 **FIX           14
 **********
 **********
 **   57 **FIX           15
 **********
 PARAMETER   15  IS CONSTANT.   IGNORED.
 **********
 **   58 **FIX           16
 **********
 PARAMETER   16  IS CONSTANT.   IGNORED.
 **********
 **   59 **MIGRAD
 **********
 START MIGRAD MINIMIZATION.  STRATEGY  1.  CONVERGENCE WHEN EDM .LT. 1.00e-04
 FCN=459.238 FROM MIGRAD    STATUS=INITIATE       12 CALLS        1082 TOTAL
                     EDM= unknown      STRATEGY= 1      NO ERROR MATRIX       
  EXT PARAMETER               CURRENT GUESS       STEP         FIRST   
  NO.   NAME      VALUE            ERROR          SIZE      DERIVATIVE 
   1  N0           3.00065e+06     fixed    
   2  tau          6.44001e+01   constant   
   3  A0           3.49689e-01     fixed    
   4  phi          4.11778e+00     fixed    
   5  R           -6.22301e+01   constant   
   6  A_CBO        5.72404e-04     fixed    
   7  w_CBO        2.32619e+00     fixed    
   8  phi_CBO      8.00731e-01   2.29922e-01   2.29922e-01   4.64614e-01
   9  ANx2         8.68669e-04   constant   
  10  pNx2         4.82289e+00   constant   
  11  ANy1         0.00000e+00   constant   
  12  pNy1         0.00000e+00   constant   
  13  w_y          0.00000e+00   constant   
  14  ANy2         2.07726e-04     fixed    
  15  pNy2         1.49923e+00   constant   
  16  w_vw         1.43037e+01   constant   
  17  LM          -2.26665e-04   constant   
  18  wCBO_expCoeff   1.99994e+02   1.34826e-03  -0.00000e+00  -2.38441e+01
  19  wCBO_expOffset   2.00001e+02   2.19960e-04   0.00000e+00  -4.21750e+03
  20  wCBO_expT    3.00003e+01   2.63967e-04   0.00000e+00   6.62464e+01
  21  wCBO_linCoeff   0.00000e+00   constant   
  22  wCBO_const  -3.74296e-03   1.31736e-03  -0.00000e+00  -4.34776e+00
 MIGRAD FAILS TO FIND IMPROVEMENT
 COVARIANCE MATRIX CALCULATED SUCCESSFULLY
 FCN=459.233 FROM HESSE     STATUS=OK             33 CALLS        1152 TOTAL
                     EDM=0.00347833    STRATEGY= 1      ERROR MATRIX ACCURATE 
  EXT PARAMETER                                   STEP         FIRST   
  NO.   NAME      VALUE            ERROR          SIZE      DERIVATIVE 
   1  N0           3.00065e+06     fixed    
   2  tau          6.44001e+01   constant   
   3  A0           3.49689e-01     fixed    
   4  phi          4.11778e+00     fixed    
   5  R           -6.22301e+01   constant   
   6  A_CBO        5.72404e-04     fixed    
   7  w_CBO        2.32619e+00     fixed    
   8  phi_CBO      7.69051e-01   4.01886e-01   3.89377e-03  -3.97487e-02
   9  ANx2         8.68669e-04   constant   
  10  pNx2         4.82289e+00   constant   
  11  ANy1         0.00000e+00   constant   
  12  pNy1         0.00000e+00   constant   
  13  w_y          0.00000e+00   constant   
  14  ANy2         2.07726e-04     fixed    
  15  pNy2         1.49923e+00   constant   
  16  w_vw         1.43037e+01   constant   
  17  LM          -2.26665e-04   constant   
  18  wCBO_expCoeff   1.99994e+02   1.26227e-03   9.53645e-05   3.90063e+02
  19  wCBO_expOffset   2.00001e+02   7.29424e-05   9.53679e-05   2.58079e+03
  20  wCBO_expT    3.00003e+01   2.01298e-04   1.43052e-05  -1.16760e+03
  21  wCBO_linCoeff   0.00000e+00   constant   
  22  wCBO_const  -3.75119e-03   1.05711e-03   3.69111e-06   2.61820e+02
 MIGRAD FAILS TO FIND IMPROVEMENT
 MIGRAD TERMINATED WITHOUT CONVERGENCE.
 FCN=459.229 FROM MIGRAD    STATUS=FAILED        104 CALLS        1174 TOTAL
                     EDM=0.0213809    STRATEGY= 1  ERROR MATRIX UNCERTAINTY   0.3 per cent
  EXT PARAMETER                APPROXIMATE        STEP         FIRST   
  NO.   NAME      VALUE            ERROR          SIZE      DERIVATIVE 
   1  N0           3.00065e+06     fixed    
   2  tau          6.44001e+01   constant   
   3  A0           3.49689e-01     fixed    
   4  phi          4.11778e+00     fixed    
   5  R           -6.22301e+01   constant   
   6  A_CBO        5.72404e-04     fixed    
   7  w_CBO        2.32619e+00     fixed    
   8  phi_CBO      7.63271e-01   4.04544e-01  -0.00000e+00   1.86107e-02
   9  ANx2         8.68669e-04   constant   
  10  pNx2         4.82289e+00   constant   
  11  ANy1         0.00000e+00   constant   
  12  pNy1         0.00000e+00   constant   
  13  w_y          0.00000e+00   constant   
  14  ANy2         2.07726e-04     fixed    
  15  pNy2         1.49923e+00   constant   
  16  w_vw         1.43037e+01   constant   
  17  LM          -2.26665e-04   constant   
  18  wCBO_expCoeff   1.99994e+02   1.29859e-03  -0.00000e+00  -6.71480e+01
  19  wCBO_expOffset   2.00001e+02   3.15865e-05   0.00000e+00  -4.38269e+03
  20  wCBO_expT    3.00003e+01   1.96517e-04   0.00000e+00   2.95438e+02
  21  wCBO_linCoeff   0.00000e+00   constant   
  22  wCBO_const  -3.73626e-03   1.00372e-03  -0.00000e+00  -3.74650e+01
 EXTERNAL ERROR MATRIX.    NDIM=  25    NPAR=  5    ERR DEF=1
  1.637e-01  9.544e-05 -2.489e-07  1.217e-05 -9.989e-06 
  9.544e-05  1.686e-06 -3.221e-09  2.337e-07 -1.132e-06 
 -2.489e-07 -3.221e-09  9.977e-10  5.852e-10 -4.797e-09 
  1.217e-05  2.337e-07  5.852e-10  3.862e-08 -1.497e-07 
 -9.989e-06 -1.132e-06 -4.797e-09 -1.497e-07  1.007e-06 
ERR MATRIX APPROXIMATE
 PARAMETER  CORRELATION COEFFICIENTS  
       NO.  GLOBAL      8     18     19     20     22
        8  0.39571   1.000  0.182 -0.019  0.153 -0.025
       18  0.97743   0.182  1.000 -0.079  0.916 -0.869
       19  0.69412  -0.019 -0.079  1.000  0.094 -0.151
       20  0.94731   0.153  0.916  0.094  1.000 -0.759
       22  0.92873  -0.025 -0.869 -0.151 -0.759  1.000
 ERR MATRIX APPROXIMATE
MINUIT - FIT ONLY 1-y
 **********
 **   60 **RES 
 **********
                   PARAMETER   14  ANy2 RESTORED TO VARIABLE.
                   PARAMETER    7  w_CBO RESTORED TO VARIABLE.
                   PARAMETER    6  A_CBO RESTORED TO VARIABLE.
                   PARAMETER    4  phi RESTORED TO VARIABLE.
                   PARAMETER    3  A0 RESTORED TO VARIABLE.
                   PARAMETER    1  N0 RESTORED TO VARIABLE.
 **********
 **   61 **FIX            0
 **********
 PARAMETER    0  IS UNDEFINED. IGNORED.
 **********
 **   62 **FIX            1
 **********
 **********
 **   63 **FIX            2
 **********
 PARAMETER    2  IS CONSTANT.   IGNORED.
 **********
 **   64 **FIX            3
 **********
 **********
 **   65 **FIX            4
 **********
 **********
 **   66 **FIX            5
 **********
 PARAMETER    5  IS CONSTANT.   IGNORED.
 **********
 **   67 **FIX            6
 **********
 **********
 **   68 **FIX            7
 **********
 **********
 **   69 **FIX            8
 **********
 **********
 **   70 **FIX            9
 **********
 PARAMETER    9  IS CONSTANT.   IGNORED.
 **********
 **   71 **FIX           13
 **********
 PARAMETER   13  IS CONSTANT.   IGNORED.
 **********
 **   72 **FIX           14
 **********
 **********
 **   73 **FIX           15
 **********
 PARAMETER   15  IS CONSTANT.   IGNORED.
 **********
 **   74 **FIX           16
 **********
 PARAMETER   16  IS CONSTANT.   IGNORED.
 **********
 **   75 **MIGRAD
 **********
 START MIGRAD MINIMIZATION.  STRATEGY  1.  CONVERGENCE WHEN EDM .LT. 1.00e-04
 FCN=459.229 FROM MIGRAD    STATUS=INITIATE        8 CALLS        1182 TOTAL
                     EDM= unknown      STRATEGY= 1      NO ERROR MATRIX       
  EXT PARAMETER               CURRENT GUESS       STEP         FIRST   
  NO.   NAME      VALUE            ERROR          SIZE      DERIVATIVE 
   1  N0           3.00065e+06     fixed    
   2  tau          6.44001e+01   constant   
   3  A0           3.49689e-01     fixed    
   4  phi          4.11778e+00     fixed    
   5  R           -6.22301e+01   constant   
   6  A_CBO        5.72404e-04     fixed    
   7  w_CBO        2.32619e+00     fixed    
   8  phi_CBO      7.63271e-01     fixed    
   9  ANx2         8.68669e-04   constant   
  10  pNx2         4.82289e+00   constant   
  11  ANy1         0.00000e+00   constant   
  12  pNy1         0.00000e+00   constant   
  13  w_y          0.00000e+00   constant   
  14  ANy2         2.07726e-04     fixed    
  15  pNy2         1.49923e+00   constant   
  16  w_vw         1.43037e+01   constant   
  17  LM          -2.26665e-04   constant   
  18  wCBO_expCoeff   1.99994e+02   1.29859e-03  -0.00000e+00  -6.71480e+01
  19  wCBO_expOffset   2.00001e+02   3.15865e-05   0.00000e+00  -4.38269e+03
  20  wCBO_expT    3.00003e+01   1.96517e-04   0.00000e+00   2.95438e+02
  21  wCBO_linCoeff   0.00000e+00   constant   
  22  wCBO_const  -3.73626e-03   1.00372e-03  -0.00000e+00  -3.74650e+01
 MIGRAD FAILS TO FIND IMPROVEMENT
 COVARIANCE MATRIX CALCULATED SUCCESSFULLY
 FCN=459.229 FROM HESSE     STATUS=OK             29 CALLS        1234 TOTAL
                     EDM=0.00138122    STRATEGY= 1      ERROR MATRIX ACCURATE 
  EXT PARAMETER                                   STEP         FIRST   
  NO.   NAME      VALUE            ERROR          SIZE      DERIVATIVE 
   1  N0           3.00065e+06     fixed    
   2  tau          6.44001e+01   constant   
   3  A0           3.49689e-01     fixed    
   4  phi          4.11778e+00     fixed    
   5  R           -6.22301e+01   constant   
   6  A_CBO        5.72404e-04     fixed    
   7  w_CBO        2.32619e+00     fixed    
   8  phi_CBO      7.63271e-01     fixed    
   9  ANx2         8.68669e-04   constant   
  10  pNx2         4.82289e+00   constant   
  11  ANy1         0.00000e+00   constant   
  12  pNy1         0.00000e+00   constant   
  13  w_y          0.00000e+00   constant   
  14  ANy2         2.07726e-04     fixed    
  15  pNy2         1.49923e+00   constant   
  16  w_vw         1.43037e+01   constant   
  17  LM          -2.26665e-04   constant   
  18  wCBO_expCoeff   1.99994e+02   1.25786e-03   9.53644e-05   2.80314e+00
  19  wCBO_expOffset   2.00001e+02   7.36039e-05   9.53679e-05  -1.04510e+03
  20  wCBO_expT    3.00003e+01   2.00739e-04   1.43052e-05   5.71209e+01
  21  wCBO_linCoeff   0.00000e+00   constant   
  22  wCBO_const  -3.73611e-03   1.06423e-03   3.69356e-06  -3.03525e+00
 MIGRAD FAILS TO FIND IMPROVEMENT
 MIGRAD TERMINATED WITHOUT CONVERGENCE.
 FCN=459.229 FROM MIGRAD    STATUS=FAILED         71 CALLS        1245 TOTAL
                     EDM=0.00138122    STRATEGY= 1      ERR MATRIX APPROXIMATE
  EXT PARAMETER                APPROXIMATE        STEP         FIRST   
  NO.   NAME      VALUE            ERROR          SIZE      DERIVATIVE 
   1  N0           3.00065e+06     fixed    
   2  tau          6.44001e+01   constant   
   3  A0           3.49689e-01     fixed    
   4  phi          4.11778e+00     fixed    
   5  R           -6.22301e+01   constant   
   6  A_CBO        5.72404e-04     fixed    
   7  w_CBO        2.32619e+00     fixed    
   8  phi_CBO      7.63271e-01     fixed    
   9  ANx2         8.68669e-04   constant   
  10  pNx2         4.82289e+00   constant   
  11  ANy1         0.00000e+00   constant   
  12  pNy1         0.00000e+00   constant   
  13  w_y          0.00000e+00   constant   
  14  ANy2         2.07726e-04     fixed    
  15  pNy2         1.49923e+00   constant   
  16  w_vw         1.43037e+01   constant   
  17  LM          -2.26665e-04   constant   
  18  wCBO_expCoeff   1.99994e+02   1.25786e-03  -0.00000e+00   2.80314e+00
  19  wCBO_expOffset   2.00001e+02   7.36039e-05   0.00000e+00  -1.04510e+03
  20  wCBO_expT    3.00003e+01   2.00739e-04   0.00000e+00   5.71209e+01
  21  wCBO_linCoeff   0.00000e+00   constant   
  22  wCBO_const  -3.73611e-03   1.06423e-03  -0.00000e+00  -3.03525e+00
 EXTERNAL ERROR MATRIX.    NDIM=  25    NPAR=  4    ERR DEF=1
  1.582e-06  3.114e-09  2.267e-07 -1.158e-06 
  3.114e-09  5.418e-09  4.229e-09 -2.746e-08 
  2.267e-07  4.229e-09  4.030e-08 -1.684e-07 
 -1.158e-06 -2.746e-08 -1.684e-07  1.133e-06 
ERR MATRIX APPROXIMATE
 PARAMETER  CORRELATION COEFFICIENTS  
       NO.  GLOBAL     18     19     20     22
       18  0.97856   1.000  0.034  0.898 -0.865
       19  0.84332   0.034  1.000  0.286 -0.351
       20  0.95136   0.898  0.286  1.000 -0.788
       22  0.94350  -0.865 -0.351 -0.788  1.000
 ERR MATRIX APPROXIMATE
MINUIT - FIT ONLY 2-y
 **********
 **   76 **RES 
 **********
                   PARAMETER   14  ANy2 RESTORED TO VARIABLE.
                   PARAMETER    8  phi_CBO RESTORED TO VARIABLE.
                   PARAMETER    7  w_CBO RESTORED TO VARIABLE.
