 + ++++++++++++++++++++++++++++++++++++++++++++++++++++++++++++++++++++ +
 +                                                                      +
 +           You have chose to blind your fitting according to          +
 +                omega_ref * (1 + (R +/- deltaR) *10^{-6})             +
 +                                                                      +
 + ++++++++++++++++++++++++++++++++++++++++++++++++++++++++++++++++++++ +
In main()...
reading format from /gm2data/zkhechad/run45/envelope/formats/formatB_sBin_constraintOn.txt
pBinTau 	= 0  
pBinPhi 	= 0  
constraintau 	= 1 
includeMopTerm 	= 0    
constrainMop    = 0   
Parameters after format file: pBinTau 0 pBinPhi 0 constraintau 1 includeMopTerm 0 constrainMop 0 c_e_scale 0.000000 
reading cbo reference file (full fit) from /gm2data/zkhechad/cboTemplates/Run4CBOTemplates/fullFits/run4/sBin_constraintOn_cE0.0_seed0_run4_calo11.root
A_CBO 0.010027 w_CBO 2.327222 phi_CBO 0.184420 N0 3062002.636939 R -61.179583 tau 64.395304 
Reading cboRef file /gm2data/zkhechad/cboTemplates/Run4CBOTemplates//cboIsolate/run4_calo11.root
deltaT 164.120000
windowBins = 1100
fitting sliding window 2260 from bin 2463 at 367.479600 to bin 3563 at 531.599600 (1100 bins)

Reading data from /gm2data/cornell/histograms/aMethod/histogram_a_run4.root
fitting cbo isolate
 **********
 **    1 **SET PRINTOUT            1
 **********
 **********
 **    2 **SET NOWARNINGS 
 **********
 PARAMETER DEFINITIONS:
    NO.   NAME         VALUE      STEP SIZE      LIMITS
     1 A_CBO        1.00270e-02  1.00000e-05     no limits
     2 w_CBO        2.32722e+00  1.00000e-02    2.00000e+00  3.00000e+00
     3 phi_CBO      1.84420e-01  1.00000e-02    0.00000e+00  6.28319e+00
 **********
 **    3 **MIGRAD
 **********
 FIRST CALL TO USER FUNCTION AT NEW START POINT, WITH IFLAG=4.
 START MIGRAD MINIMIZATION.  STRATEGY  1.  CONVERGENCE WHEN EDM .LT. 1.00e-04
 FCN=0.23032 FROM MIGRAD    STATUS=INITIATE       12 CALLS          13 TOTAL
                     EDM= unknown      STRATEGY= 1      NO ERROR MATRIX       
  EXT PARAMETER               CURRENT GUESS       STEP         FIRST   
  NO.   NAME      VALUE            ERROR          SIZE      DERIVATIVE 
   1  A_CBO        1.00270e-02   1.00000e-05   1.00000e-05   9.79122e+00
   2  w_CBO        2.32722e+00   1.00000e-02   2.13152e-02  -3.75426e-01
   3  phi_CBO      1.84420e-01   1.00000e-02   9.43260e-03   1.80260e-03
 MIGRAD MINIMIZATION HAS CONVERGED.
 MIGRAD WILL VERIFY CONVERGENCE AND ERROR MATRIX.
 FCN=0.186668 FROM HESSE     STATUS=NOT POSDEF     16 CALLS          42 TOTAL
                     EDM=0.000476765    STRATEGY= 1      ERR MATRIX NOT POS-DEF
  EXT PARAMETER                APPROXIMATE        STEP         FIRST   
  NO.   NAME      VALUE            ERROR          SIZE      DERIVATIVE 
   1  A_CBO        1.11114e-03   3.64019e-02   2.27089e-05  -3.45025e-03
   2  w_CBO        2.32754e+00   5.19706e-01   9.68308e-05   2.92544e-02
   3  phi_CBO      9.74679e-02   5.65042e+00   3.91299e-02  -1.15394e-04
 MIGRAD MINIMIZATION HAS CONVERGED.
 MIGRAD WILL VERIFY CONVERGENCE AND ERROR MATRIX.
 FCN=0.186659 FROM MIGRAD    STATUS=CONVERGED      87 CALLS          88 TOTAL
                     EDM=8.08171e-06    STRATEGY= 1      ERR MATRIX NOT POS-DEF
  EXT PARAMETER                APPROXIMATE        STEP         FIRST   
  NO.   NAME      VALUE            ERROR          SIZE      DERIVATIVE 
   1  A_CBO        1.12061e-03   4.40242e-02   2.27051e-05  -7.52673e-04
   2  w_CBO        2.32777e+00   6.02669e-01   9.64123e-05  -3.14848e-03
   3  phi_CBO      3.11712e-01   5.23705e+00   1.61579e-02   1.13773e-05
 EXTERNAL ERROR MATRIX.    NDIM=  25    NPAR=  3    ERR DEF=1
  1.938e-03 -1.519e-02 -6.792e+00 
 -1.519e-02  1.797e+00  8.000e+02 
 -6.792e+00  8.000e+02  3.575e+05 
ERR MATRIX NOT POS-DEF
 PARAMETER  CORRELATION COEFFICIENTS  
       NO.  GLOBAL      1      2      3
        1  0.25804   1.000 -0.257 -0.258
        2  0.99801  -0.257  1.000  0.998
        3  0.99801  -0.258  0.998  1.000
 ERR MATRIX NOT POS-DEF
setting A_CBO=0.001121 w_CBO=2.327766, phi_CBO=0.311712
done fitting cbo isolate
 **********
 **    1 **SET PRINTOUT            1
 **********
 **********
 **    2 **SET NOWARNINGS 
 **********
 PARAMETER DEFINITIONS:
    NO.   NAME         VALUE      STEP SIZE      LIMITS
     1 N0           3.06200e+06  1.00000e+02     no limits
     2 tau          6.43953e+01  constant
     3 A0           3.42893e-01  1.00000e-04     no limits
     4 phi          4.11802e+00  1.00000e-02     no limits
     5 R           -6.11796e+01  constant
     6 A_CBO        1.12061e-03  1.00000e-05     no limits
     7 w_CBO        2.32777e+00  1.00000e-03     no limits
     8 phi_CBO      3.11712e-01  1.00000e-04     no limits
     9 ANx2         4.90616e-04  constant
    10 pNx2         2.30674e+00  constant
    11 ANy1         0.00000e+00  constant
    12 pNy1         0.00000e+00  constant
    13 w_y          0.00000e+00  constant
    14 ANy2         9.23997e-03  1.00000e-04     no limits
    15 pNy2         3.41148e-01  constant
    16 w_vw         1.43130e+01  constant
    17 LM          -3.45991e-04  constant
    18 wCBO_expCoeff   2.00000e+02  1.00000e+00     no limits
    19 wCBO_expOffset   2.00000e+02  1.00000e+00     no limits
    20 wCBO_expT    3.00000e+01  1.00000e+00     no limits
    21 wCBO_linCoeff   0.00000e+00  constant
    22 wCBO_const   0.00000e+00  1.00000e-02     no limits
MINUIT - FIT ONLY WIGGLE
 **********
 **    3 **FIX            5
 **********
 PARAMETER    5  IS CONSTANT.   IGNORED.
 **********
 **    4 **FIX            6
 **********
 **********
 **    5 **FIX            7
 **********
 **********
 **    6 **FIX            8
 **********
 **********
 **    7 **FIX            9
 **********
 PARAMETER    9  IS CONSTANT.   IGNORED.
 **********
 **    8 **FIX           10
 **********
 PARAMETER   10  IS CONSTANT.   IGNORED.
 **********
 **    9 **FIX           11
 **********
 PARAMETER   11  IS CONSTANT.   IGNORED.
 **********
 **   10 **FIX           12
 **********
 PARAMETER   12  IS CONSTANT.   IGNORED.
 **********
 **   11 **FIX           13
 **********
 PARAMETER   13  IS CONSTANT.   IGNORED.
 **********
 **   12 **FIX           14
 **********
 **********
 **   13 **FIX           15
 **********
 PARAMETER   15  IS CONSTANT.   IGNORED.
 **********
 **   14 **FIX           16
 **********
 PARAMETER   16  IS CONSTANT.   IGNORED.
 **********
 **   15 **MIGRAD
 **********
 FIRST CALL TO USER FUNCTION AT NEW START POINT, WITH IFLAG=4.
 START MIGRAD MINIMIZATION.  STRATEGY  1.  CONVERGENCE WHEN EDM .LT. 1.00e-04
 FCN=408.629 FROM MIGRAD    STATUS=INITIATE       30 CALLS          31 TOTAL
                     EDM= unknown      STRATEGY= 1      NO ERROR MATRIX       
  EXT PARAMETER               CURRENT GUESS       STEP         FIRST   
  NO.   NAME      VALUE            ERROR          SIZE      DERIVATIVE 
   1  N0           3.06200e+06   1.00000e+02   1.00000e+02   5.83348e-04
   2  tau          6.43953e+01   constant   
   3  A0           3.42893e-01   1.00000e-04   1.00000e-04  -4.40926e+02
   4  phi          4.11802e+00   1.00000e-02   1.00000e-02  -2.54029e+02
   5  R           -6.11796e+01   constant   
   6  A_CBO        1.12061e-03     fixed    
   7  w_CBO        2.32777e+00     fixed    
   8  phi_CBO      3.11712e-01     fixed    
   9  ANx2         4.90616e-04   constant   
  10  pNx2         2.30674e+00   constant   
  11  ANy1         0.00000e+00   constant   
  12  pNy1         0.00000e+00   constant   
  13  w_y          0.00000e+00   constant   
  14  ANy2         9.23997e-03     fixed    
  15  pNy2         3.41148e-01   constant   
  16  w_vw         1.43130e+01   constant   
  17  LM          -3.45991e-04   constant   
  18  wCBO_expCoeff   2.00000e+02   1.00000e+00   1.00000e+00  -3.58619e+00
  19  wCBO_expOffset   2.00000e+02   1.00000e+00   1.00000e+00  -2.39074e+01
  20  wCBO_expT    3.00000e+01   1.00000e+00   1.00000e+00  -1.38926e+02
  21  wCBO_linCoeff   0.00000e+00   constant   
  22  wCBO_const   0.00000e+00   1.00000e-02   1.00000e-02  -1.86793e+03
 MIGRAD MINIMIZATION HAS CONVERGED.
 FCN=404.557 FROM MIGRAD    STATUS=CONVERGED     197 CALLS         198 TOTAL
                     EDM=2.61833e-06    STRATEGY= 1  ERROR MATRIX UNCERTAINTY   2.5 per cent
  EXT PARAMETER                                   STEP         FIRST   
  NO.   NAME      VALUE            ERROR          SIZE      DERIVATIVE 
   1  N0           3.06130e+06   1.79496e+03  -9.39278e+00   5.37824e-07
   2  tau          6.43953e+01   constant   
   3  A0           3.42883e-01   7.76447e-04  -4.18406e-07   3.39098e-01
   4  phi          4.11836e+00   2.35696e-03   1.87264e-06  -7.31167e-02
   5  R           -6.11796e+01   constant   
   6  A_CBO        1.12061e-03     fixed    
   7  w_CBO        2.32777e+00     fixed    
   8  phi_CBO      3.11712e-01     fixed    
   9  ANx2         4.90616e-04   constant   
  10  pNx2         2.30674e+00   constant   
  11  ANy1         0.00000e+00   constant   
  12  pNy1         0.00000e+00   constant   
  13  w_y          0.00000e+00   constant   
  14  ANy2         9.23997e-03     fixed    
  15  pNy2         3.41148e-01   constant   
  16  w_vw         1.43130e+01   constant   
  17  LM          -3.45991e-04   constant   
  18  wCBO_expCoeff   1.98587e+02   2.86286e+00  -2.98742e-02  -4.97298e-03
  19  wCBO_expOffset   1.99786e+02   4.31723e-01  -4.51432e-03  -3.27706e-02
  20  wCBO_expT    3.01330e+01   1.53194e-01   1.66741e-03  -2.10566e-01
  21  wCBO_linCoeff   0.00000e+00   constant   
  22  wCBO_const   2.08650e-03   1.22432e-03  -1.21389e-05  -4.86723e+00
 EXTERNAL ERROR MATRIX.    NDIM=  25    NPAR=  7    ERR DEF=1
  3.222e+06  2.024e-02 -1.108e-02 -3.818e+01 -5.706e+00  3.281e+00 -1.513e-01 
  2.024e-02  6.029e-07 -2.145e-08 -1.029e-04 -1.550e-05  5.404e-06 -1.505e-08 
 -1.108e-02 -2.145e-08  5.555e-06  2.587e-04  3.901e-05 -1.547e-05  2.390e-07 
 -3.818e+01 -1.029e-04  2.587e-04  8.196e+00  1.196e+00 -4.338e-01  2.326e-03 
 -5.706e+00 -1.550e-05  3.901e-05  1.196e+00  1.864e-01 -6.543e-02  3.509e-04 
  3.281e+00  5.404e-06 -1.547e-05 -4.338e-01 -6.543e-02  2.347e-02 -1.337e-04 
 -1.513e-01 -1.505e-08  2.390e-07  2.326e-03  3.509e-04 -1.337e-04  1.499e-06 
 PARAMETER  CORRELATION COEFFICIENTS  
       NO.  GLOBAL      1      3      4     18     19     20     22
        1  0.09005   1.000  0.015 -0.003 -0.007 -0.007  0.012 -0.069
        3  0.05495   0.015  1.000 -0.012 -0.046 -0.046  0.045 -0.016
        4  0.08730  -0.003 -0.012  1.000  0.038  0.038 -0.043  0.083
       18  0.99692  -0.007 -0.046  0.038  1.000  0.968 -0.989  0.664
       19  0.99697  -0.007 -0.046  0.038  0.968  1.000 -0.989  0.664
       20  0.99924   0.012  0.045 -0.043 -0.989 -0.989  1.000 -0.713
       22  0.91719  -0.069 -0.016  0.083  0.664  0.664 -0.713  1.000
MINUIT - FIT ONLY 1-CBO + other amplitudes 
 **********
 **   16 **RES 
 **********
                   PARAMETER   14  ANy2 RESTORED TO VARIABLE.
                   PARAMETER    8  phi_CBO RESTORED TO VARIABLE.
                   PARAMETER    7  w_CBO RESTORED TO VARIABLE.
                   PARAMETER    6  A_CBO RESTORED TO VARIABLE.
 **********
 **   17 **FIX            0
 **********
 PARAMETER    0  IS UNDEFINED. IGNORED.
 **********
 **   18 **FIX            1
 **********
 **********
 **   19 **FIX            2
 **********
 PARAMETER    2  IS CONSTANT.   IGNORED.
 **********
 **   20 **FIX            3
 **********
 **********
 **   21 **FIX            4
 **********
 **********
 **   22 **FIX            9
 **********
 PARAMETER    9  IS CONSTANT.   IGNORED.
 **********
 **   23 **FIX           11
 **********
 PARAMETER   11  IS CONSTANT.   IGNORED.
 **********
 **   24 **FIX           12
 **********
 PARAMETER   12  IS CONSTANT.   IGNORED.
 **********
 **   25 **FIX           14
 **********
 **********
 **   26 **FIX           15
 **********
 PARAMETER   15  IS CONSTANT.   IGNORED.
 **********
 **   27 **FIX           16
 **********
 PARAMETER   16  IS CONSTANT.   IGNORED.
 **********
 **   28 **MIGRAD
 **********
 START MIGRAD MINIMIZATION.  STRATEGY  1.  CONVERGENCE WHEN EDM .LT. 1.00e-04
 FCN=404.557 FROM MIGRAD    STATUS=INITIATE       18 CALLS         216 TOTAL
                     EDM= unknown      STRATEGY= 1      NO ERROR MATRIX       
  EXT PARAMETER               CURRENT GUESS       STEP         FIRST   
  NO.   NAME      VALUE            ERROR          SIZE      DERIVATIVE 
   1  N0           3.06130e+06     fixed    
   2  tau          6.43953e+01   constant   
   3  A0           3.42883e-01     fixed    
   4  phi          4.11836e+00     fixed    
   5  R           -6.11796e+01   constant   
   6  A_CBO        1.12061e-03   1.00000e-05   1.00000e-05   1.70723e+03
   7  w_CBO        2.32777e+00   1.00000e-03   1.00000e-03  -2.51756e+00
   8  phi_CBO      3.11712e-01   1.00000e-04   1.00000e-04  -1.21817e+00
   9  ANx2         4.90616e-04   constant   
  10  pNx2         2.30674e+00   constant   
  11  ANy1         0.00000e+00   constant   
  12  pNy1         0.00000e+00   constant   
  13  w_y          0.00000e+00   constant   
  14  ANy2         9.23997e-03     fixed    
  15  pNy2         3.41148e-01   constant   
  16  w_vw         1.43130e+01   constant   
  17  LM          -3.45991e-04   constant   
  18  wCBO_expCoeff   1.98587e+02   2.86286e+00  -2.98742e-02  -4.97283e-03
  19  wCBO_expOffset   1.99786e+02   4.31723e-01  -4.51432e-03  -3.27694e-02
  20  wCBO_expT    3.01330e+01   1.53194e-01   1.66741e-03  -2.10560e-01
  21  wCBO_linCoeff   0.00000e+00   constant   
  22  wCBO_const   2.08650e-03   1.22432e-03  -1.21389e-05  -4.86720e+00
 MIGRAD MINIMIZATION HAS CONVERGED.
 MIGRAD WILL VERIFY CONVERGENCE AND ERROR MATRIX.
 FCN=403.58 FROM MIGRAD    STATUS=CONVERGED     217 CALLS         415 TOTAL
                     EDM=9.27916e-06    STRATEGY= 1      ERR MATRIX NOT POS-DEF
  EXT PARAMETER                APPROXIMATE        STEP         FIRST   
  NO.   NAME      VALUE            ERROR          SIZE      DERIVATIVE 
   1  N0           3.06130e+06     fixed    
   2  tau          6.43953e+01   constant   
   3  A0           3.42883e-01     fixed    
   4  phi          4.11836e+00     fixed    
   5  R           -6.11796e+01   constant   
   6  A_CBO        6.90043e-04   8.26189e-04   8.11477e-06   8.16997e-01
   7  w_CBO        2.32917e+00   8.67630e-03   7.75902e-06  -4.66115e+00
   8  phi_CBO      1.35324e+00   1.27825e+00   1.17777e-02   1.96345e-03
   9  ANx2         4.90616e-04   constant   
  10  pNx2         2.30674e+00   constant   
  11  ANy1         0.00000e+00   constant   
  12  pNy1         0.00000e+00   constant   
  13  w_y          0.00000e+00   constant   
  14  ANy2         9.23997e-03     fixed    
  15  pNy2         3.41148e-01   constant   
  16  w_vw         1.43130e+01   constant   
  17  LM          -3.45991e-04   constant   
  18  wCBO_expCoeff   2.00038e+02   2.52407e+00   2.16082e-03  -1.79376e-02
  19  wCBO_expOffset   2.00007e+02   3.79306e-01   3.24659e-04  -1.19400e-01
  20  wCBO_expT    3.00520e+01   6.32068e-02   5.48888e-05  -6.85806e-01
  21  wCBO_linCoeff   0.00000e+00   constant   
  22  wCBO_const   2.07054e-03   3.74264e-03   4.59321e-06  -7.25338e+00
 EXTERNAL ERROR MATRIX.    NDIM=  25    NPAR=  7    ERR DEF=1
  6.826e-07  5.453e-08  2.770e-05  7.382e-06  1.107e-06 -1.170e-06  2.958e-08 
  5.453e-08  7.528e-05  3.904e-04 -2.020e-03 -3.046e-04 -7.155e-05 -3.131e-05 
  2.770e-05  3.904e-04  1.634e+00  2.739e-01  4.120e-02 -1.511e-02  9.025e-05 
  7.382e-06 -2.020e-03  2.739e-01  6.371e+00 -5.398e-01 -6.934e-02  1.258e-03 
  1.107e-06 -3.046e-04  4.120e-02 -5.398e-01  1.439e-01 -1.043e-02  1.895e-04 
 -1.170e-06 -7.155e-05 -1.511e-02 -6.934e-02 -1.043e-02  3.995e-03 -1.135e-06 
  2.958e-08 -3.131e-05  9.025e-05  1.258e-03  1.895e-04 -1.135e-06  1.401e-05 
ERR MATRIX NOT POS-DEF
 PARAMETER  CORRELATION COEFFICIENTS  
       NO.  GLOBAL      6      7      8     18     19     20     22
        6  0.07734   1.000  0.008  0.026  0.004  0.004 -0.022  0.010
        7  0.99587   0.008  1.000  0.035 -0.092 -0.093 -0.130 -0.964
        8  0.37088   0.026  0.035  1.000  0.085  0.085 -0.187  0.019
       18  0.99622   0.004 -0.092  0.085  1.000 -0.564 -0.435  0.133
       19  0.99622   0.004 -0.093  0.085 -0.564  1.000 -0.435  0.134
       20  0.99611  -0.022 -0.130 -0.187 -0.435 -0.435  1.000 -0.005
       22  0.99221   0.010 -0.964  0.019  0.133  0.134 -0.005  1.000
 ERR MATRIX NOT POS-DEF
MINUIT - FIT ONLY 1-CBO
 **********
 **   29 **RES 
 **********
                   PARAMETER   14  ANy2 RESTORED TO VARIABLE.
                   PARAMETER    4  phi RESTORED TO VARIABLE.
                   PARAMETER    3  A0 RESTORED TO VARIABLE.
                   PARAMETER    1  N0 RESTORED TO VARIABLE.
 **********
 **   30 **FIX            0
 **********
 PARAMETER    0  IS UNDEFINED. IGNORED.
 **********
 **   31 **FIX            1
 **********
 **********
 **   32 **FIX            2
 **********
 PARAMETER    2  IS CONSTANT.   IGNORED.
 **********
 **   33 **FIX            3
 **********
 **********
 **   34 **FIX            4
 **********
 **********
 **   35 **FIX            8
 **********
 **********
 **   36 **FIX            9
 **********
 PARAMETER    9  IS CONSTANT.   IGNORED.
 **********
 **   37 **FIX           11
 **********
 PARAMETER   11  IS CONSTANT.   IGNORED.
 **********
 **   38 **FIX           12
 **********
 PARAMETER   12  IS CONSTANT.   IGNORED.
 **********
 **   39 **FIX           13
 **********
 PARAMETER   13  IS CONSTANT.   IGNORED.
 **********
 **   40 **FIX           15
 **********
 PARAMETER   15  IS CONSTANT.   IGNORED.
 **********
 **   41 **FIX           16
 **********
 PARAMETER   16  IS CONSTANT.   IGNORED.
 **********
 **   42 **MIGRAD
 **********
 START MIGRAD MINIMIZATION.  STRATEGY  1.  CONVERGENCE WHEN EDM .LT. 1.00e-04
 FCN=403.58 FROM MIGRAD    STATUS=INITIATE       16 CALLS         431 TOTAL
                     EDM= unknown      STRATEGY= 1      NO ERROR MATRIX       
  EXT PARAMETER               CURRENT GUESS       STEP         FIRST   
  NO.   NAME      VALUE            ERROR          SIZE      DERIVATIVE 
   1  N0           3.06130e+06     fixed    
   2  tau          6.43953e+01   constant   
   3  A0           3.42883e-01     fixed    
   4  phi          4.11836e+00     fixed    
   5  R           -6.11796e+01   constant   
   6  A_CBO        6.90043e-04   8.26189e-04   8.11477e-06   8.16996e-01
   7  w_CBO        2.32917e+00   8.67630e-03   7.75902e-06  -4.66002e+00
   8  phi_CBO      1.35324e+00     fixed    
   9  ANx2         4.90616e-04   constant   
  10  pNx2         2.30674e+00   constant   
  11  ANy1         0.00000e+00   constant   
  12  pNy1         0.00000e+00   constant   
  13  w_y          0.00000e+00   constant   
  14  ANy2         9.23997e-03   1.00000e-04   1.00000e-04   2.60601e+04
  15  pNy2         3.41148e-01   constant   
  16  w_vw         1.43130e+01   constant   
  17  LM          -3.45991e-04   constant   
  18  wCBO_expCoeff   2.00038e+02   2.52407e+00   2.16082e-03  -1.79272e-02
  19  wCBO_expOffset   2.00007e+02   3.79306e-01   3.24659e-04  -1.19327e-01
  20  wCBO_expT    3.00520e+01   6.32068e-02   5.48888e-05  -6.85438e-01
  21  wCBO_linCoeff   0.00000e+00   constant   
  22  wCBO_const   2.07054e-03   3.74264e-03   4.59321e-06  -7.25320e+00
 MIGRAD MINIMIZATION HAS CONVERGED.
 MIGRAD WILL VERIFY CONVERGENCE AND ERROR MATRIX.
 COVARIANCE MATRIX CALCULATED SUCCESSFULLY
 FCN=288.026 FROM HESSE     STATUS=OK             50 CALLS         565 TOTAL
                     EDM=0.00622306    STRATEGY= 1      ERROR MATRIX ACCURATE 
  EXT PARAMETER                                   STEP         FIRST   
  NO.   NAME      VALUE            ERROR          SIZE      DERIVATIVE 
   1  N0           3.06130e+06     fixed    
   2  tau          6.43953e+01   constant   
   3  A0           3.42883e-01     fixed    
   4  phi          4.11836e+00     fixed    
   5  R           -6.11796e+01   constant   
   6  A_CBO        2.55721e-04   8.33699e-04   6.86045e-06  -6.53839e-03
   7  w_CBO        2.32915e+00   1.09500e-01   8.99315e-06   5.02480e-01
   8  phi_CBO      1.35324e+00     fixed    
   9  ANx2         4.90616e-04   constant   
  10  pNx2         2.30674e+00   constant   
  11  ANy1         0.00000e+00   constant   
  12  pNy1         0.00000e+00   constant   
  13  w_y          0.00000e+00   constant   
  14  ANy2         3.70511e-04   8.25424e-04   6.83830e-06   6.78728e-01
  15  pNy2         3.41148e-01   constant   
  16  w_vw         1.43130e+01   constant   
  17  LM          -3.45991e-04   constant   
  18  wCBO_expCoeff   2.00071e+02   1.01963e+01   2.79388e-03   8.08781e-03
  19  wCBO_expOffset   2.00012e+02   1.53626e+00   4.19668e-04   5.38433e-02
  20  wCBO_expT    3.00528e+01   1.70751e-01   7.03862e-05  -6.31800e-01
  21  wCBO_linCoeff   0.00000e+00   constant   
  22  wCBO_const   2.02671e-03   4.68992e-02   5.03255e-06  -4.46957e-01
 MIGRAD MINIMIZATION HAS CONVERGED.
 FCN=288.018 FROM MIGRAD    STATUS=CONVERGED     182 CALLS         597 TOTAL
                     EDM=2.02929e-08    STRATEGY= 1  ERROR MATRIX UNCERTAINTY   0.2 per cent
  EXT PARAMETER                                   STEP         FIRST   
  NO.   NAME      VALUE            ERROR          SIZE      DERIVATIVE 
   1  N0           3.06130e+06     fixed    
   2  tau          6.43953e+01   constant   
   3  A0           3.42883e-01     fixed    
   4  phi          4.11836e+00     fixed    
   5  R           -6.11796e+01   constant   
   6  A_CBO        2.49621e-04   8.33322e-04  -8.99470e-07  -4.87993e-03
   7  w_CBO        2.32718e+00   1.09529e-01   1.03399e-04  -1.34443e-01
   8  phi_CBO      1.35324e+00     fixed    
   9  ANx2         4.90616e-04   constant   
  10  pNx2         2.30674e+00   constant   
  11  ANy1         0.00000e+00   constant   
  12  pNy1         0.00000e+00   constant   
  13  w_y          0.00000e+00   constant   
  14  ANy2         3.69407e-04   8.25450e-04  -2.31161e-08  -2.08377e-03
  15  pNy2         3.41148e-01   constant   
  16  w_vw         1.43130e+01   constant   
  17  LM          -3.45991e-04   constant   
  18  wCBO_expCoeff   1.99855e+02   1.02487e+01   3.69220e-03  -3.21123e-04
  19  wCBO_expOffset   1.99979e+02   1.54525e+00   2.84092e-04  -2.13204e-03
  20  wCBO_expT    3.00693e+01   1.85010e-01  -4.11694e-04  -1.47032e-02
  21  wCBO_linCoeff   0.00000e+00   constant   
  22  wCBO_const   2.75966e-03   4.69065e-02  -3.86098e-05  -2.48503e-01
 EXTERNAL ERROR MATRIX.    NDIM=  25    NPAR=  7    ERR DEF=1
  6.944e-07  3.067e-06  3.117e-08  1.464e-04  2.149e-05 -1.561e-05 -1.132e-06 
  3.067e-06  1.200e-02  2.559e-07 -4.394e-01 -6.709e-02 -3.944e-03 -5.135e-03 
  3.117e-08  2.559e-07  6.814e-07  1.910e-05  2.880e-06 -2.041e-06 -8.937e-08 
  1.464e-04 -4.394e-01  1.910e-05  1.050e+02 -7.595e+00 -4.540e-01  1.919e-01 
  2.149e-05 -6.709e-02  2.880e-06 -7.595e+00  2.388e+00 -6.890e-02  2.930e-02 
 -1.561e-05 -3.944e-03 -2.041e-06 -4.540e-01 -6.890e-02  3.423e-02  1.465e-03 
 -1.132e-06 -5.135e-03 -8.937e-08  1.919e-01  2.930e-02  1.465e-03  2.200e-03 
 PARAMETER  CORRELATION COEFFICIENTS  
       NO.  GLOBAL      6      7     14     18     19     20     22
        6  0.16464   1.000  0.034  0.045  0.017  0.017 -0.101 -0.029
        7  0.99995   0.034  1.000  0.003 -0.391 -0.396 -0.195 -0.999
       14  0.06380   0.045  0.003  1.000  0.002  0.002 -0.013 -0.002
       18  0.99947   0.017 -0.391  0.002  1.000 -0.480 -0.239  0.399
       19  0.99947   0.017 -0.396  0.002 -0.480  1.000 -0.241  0.404
       20  0.99895  -0.101 -0.195 -0.013 -0.239 -0.241  1.000  0.169
       22  0.99992  -0.029 -0.999 -0.002  0.399  0.404  0.169  1.000
MINUIT - FIT ONLY 2-CBO
 **********
 **   43 **RES 
 **********
                   PARAMETER    8  phi_CBO RESTORED TO VARIABLE.
                   PARAMETER    4  phi RESTORED TO VARIABLE.
                   PARAMETER    3  A0 RESTORED TO VARIABLE.
                   PARAMETER    1  N0 RESTORED TO VARIABLE.
 **********
 **   44 **FIX            0
 **********
 PARAMETER    0  IS UNDEFINED. IGNORED.
 **********
 **   45 **FIX            1
 **********
 **********
 **   46 **FIX            2
 **********
 PARAMETER    2  IS CONSTANT.   IGNORED.
 **********
 **   47 **FIX            3
 **********
 **********
 **   48 **FIX            4
 **********
 **********
 **   49 **FIX            5
 **********
 PARAMETER    5  IS CONSTANT.   IGNORED.
 **********
 **   50 **FIX            6
 **********
 **********
 **   51 **FIX            7
 **********
 **********
 **   52 **FIX           10
 **********
 PARAMETER   10  IS CONSTANT.   IGNORED.
 **********
 **   53 **FIX           11
 **********
 PARAMETER   11  IS CONSTANT.   IGNORED.
 **********
 **   54 **FIX           12
 **********
 PARAMETER   12  IS CONSTANT.   IGNORED.
 **********
 **   55 **FIX           13
 **********
 PARAMETER   13  IS CONSTANT.   IGNORED.
 **********
 **   56 **FIX           14
 **********
 **********
 **   57 **FIX           15
 **********
 PARAMETER   15  IS CONSTANT.   IGNORED.
 **********
 **   58 **FIX           16
 **********
 PARAMETER   16  IS CONSTANT.   IGNORED.
 **********
 **   59 **MIGRAD
 **********
 START MIGRAD MINIMIZATION.  STRATEGY  1.  CONVERGENCE WHEN EDM .LT. 1.00e-04
 FCN=288.018 FROM MIGRAD    STATUS=INITIATE       12 CALLS         609 TOTAL
                     EDM= unknown      STRATEGY= 1      NO ERROR MATRIX       
  EXT PARAMETER               CURRENT GUESS       STEP         FIRST   
  NO.   NAME      VALUE            ERROR          SIZE      DERIVATIVE 
   1  N0           3.06130e+06     fixed    
   2  tau          6.43953e+01   constant   
   3  A0           3.42883e-01     fixed    
   4  phi          4.11836e+00     fixed    
   5  R           -6.11796e+01   constant   
   6  A_CBO        2.49621e-04     fixed    
   7  w_CBO        2.32718e+00     fixed    
   8  phi_CBO      1.35324e+00   1.27825e+00   1.27825e+00   1.04388e-01
   9  ANx2         4.90616e-04   constant   
  10  pNx2         2.30674e+00   constant   
  11  ANy1         0.00000e+00   constant   
  12  pNy1         0.00000e+00   constant   
  13  w_y          0.00000e+00   constant   
  14  ANy2         3.69407e-04     fixed    
  15  pNy2         3.41148e-01   constant   
  16  w_vw         1.43130e+01   constant   
  17  LM          -3.45991e-04   constant   
  18  wCBO_expCoeff   1.99855e+02   1.02487e+01   3.69220e-03  -3.21123e-04
  19  wCBO_expOffset   1.99979e+02   1.54525e+00   2.84092e-04  -2.13204e-03
  20  wCBO_expT    3.00693e+01   1.85010e-01  -4.11694e-04  -1.47032e-02
  21  wCBO_linCoeff   0.00000e+00   constant   
  22  wCBO_const   2.75966e-03   4.69065e-02  -3.86098e-05  -2.48503e-01
 MIGRAD MINIMIZATION HAS CONVERGED.
 MIGRAD WILL VERIFY CONVERGENCE AND ERROR MATRIX.
 FCN=287.982 FROM MIGRAD    STATUS=CONVERGED     119 CALLS         716 TOTAL
                     EDM=8.95771e-08    STRATEGY= 1      ERR MATRIX NOT POS-DEF
  EXT PARAMETER                APPROXIMATE        STEP         FIRST   
  NO.   NAME      VALUE            ERROR          SIZE      DERIVATIVE 
   1  N0           3.06130e+06     fixed    
   2  tau          6.43953e+01   constant   
   3  A0           3.42883e-01     fixed    
   4  phi          4.11836e+00     fixed    
   5  R           -6.11796e+01   constant   
   6  A_CBO        2.49621e-04     fixed    
   7  w_CBO        2.32718e+00     fixed    
   8  phi_CBO      6.95376e-01   3.22213e+00   2.56167e-02   4.72873e-05
   9  ANx2         4.90616e-04   constant   
  10  pNx2         2.30674e+00   constant   
  11  ANy1         0.00000e+00   constant   
  12  pNy1         0.00000e+00   constant   
  13  w_y          0.00000e+00   constant   
  14  ANy2         3.69407e-04     fixed    
  15  pNy2         3.41148e-01   constant   
  16  w_vw         1.43130e+01   constant   
  17  LM          -3.45991e-04   constant   
  18  wCBO_expCoeff   1.99584e+02   4.22285e+00   2.73194e-03  -7.61393e-04
  19  wCBO_expOffset   1.99938e+02   6.36662e-01   4.11821e-04  -5.05106e-03
  20  wCBO_expT    3.00846e+01   9.72603e-02   6.91872e-05  -3.27689e-02
  21  wCBO_linCoeff   0.00000e+00   constant   
  22  wCBO_const   2.61519e-03   1.18866e-03   4.95740e-06  -3.17097e-01
 EXTERNAL ERROR MATRIX.    NDIM=  25    NPAR=  5    ERR DEF=1
  1.038e+01  1.061e+00  1.601e-01 -6.492e-02  1.115e-03 
  1.061e+00  1.783e+01 -1.730e+00 -1.715e-01  1.034e-03 
  1.601e-01 -1.730e+00  4.053e-01 -2.587e-02  1.559e-04 
 -6.492e-02 -1.715e-01 -2.587e-02  9.460e-03 -6.784e-05 
  1.115e-03  1.034e-03  1.559e-04 -6.784e-05  1.413e-06 
ERR MATRIX NOT POS-DEF
 PARAMETER  CORRELATION COEFFICIENTS  
       NO.  GLOBAL      8     18     19     20     22
        8  0.29754   1.000  0.078  0.078 -0.207  0.291
       18  0.99697   0.078  1.000 -0.643 -0.417  0.206
       19  0.99697   0.078 -0.643  1.000 -0.418  0.206
       20  0.99634  -0.207 -0.417 -0.418  1.000 -0.587
       22  0.86525   0.291  0.206  0.206 -0.587  1.000
 ERR MATRIX NOT POS-DEF
MINUIT - FIT ONLY 1-y
 **********
 **   60 **RES 
 **********
                   PARAMETER   14  ANy2 RESTORED TO VARIABLE.
                   PARAMETER    7  w_CBO RESTORED TO VARIABLE.
                   PARAMETER    6  A_CBO RESTORED TO VARIABLE.
                   PARAMETER    4  phi RESTORED TO VARIABLE.
                   PARAMETER    3  A0 RESTORED TO VARIABLE.
                   PARAMETER    1  N0 RESTORED TO VARIABLE.
 **********
 **   61 **FIX            0
 **********
 PARAMETER    0  IS UNDEFINED. IGNORED.
 **********
 **   62 **FIX            1
 **********
 **********
 **   63 **FIX            2
 **********
 PARAMETER    2  IS CONSTANT.   IGNORED.
 **********
 **   64 **FIX            3
 **********
 **********
 **   65 **FIX            4
 **********
 **********
 **   66 **FIX            5
 **********
 PARAMETER    5  IS CONSTANT.   IGNORED.
 **********
 **   67 **FIX            6
 **********
 **********
 **   68 **FIX            7
 **********
 **********
 **   69 **FIX            8
 **********
 **********
 **   70 **FIX            9
 **********
 PARAMETER    9  IS CONSTANT.   IGNORED.
 **********
 **   71 **FIX           13
 **********
 PARAMETER   13  IS CONSTANT.   IGNORED.
 **********
 **   72 **FIX           14
 **********
 **********
 **   73 **FIX           15
 **********
 PARAMETER   15  IS CONSTANT.   IGNORED.
 **********
 **   74 **FIX           16
 **********
 PARAMETER   16  IS CONSTANT.   IGNORED.
 **********
 **   75 **MIGRAD
 **********
 START MIGRAD MINIMIZATION.  STRATEGY  1.  CONVERGENCE WHEN EDM .LT. 1.00e-04
 FCN=287.982 FROM MIGRAD    STATUS=INITIATE        8 CALLS         724 TOTAL
                     EDM= unknown      STRATEGY= 1      NO ERROR MATRIX       
  EXT PARAMETER               CURRENT GUESS       STEP         FIRST   
  NO.   NAME      VALUE            ERROR          SIZE      DERIVATIVE 
   1  N0           3.06130e+06     fixed    
   2  tau          6.43953e+01   constant   
   3  A0           3.42883e-01     fixed    
   4  phi          4.11836e+00     fixed    
   5  R           -6.11796e+01   constant   
   6  A_CBO        2.49621e-04     fixed    
   7  w_CBO        2.32718e+00     fixed    
   8  phi_CBO      6.95376e-01     fixed    
   9  ANx2         4.90616e-04   constant   
  10  pNx2         2.30674e+00   constant   
  11  ANy1         0.00000e+00   constant   
  12  pNy1         0.00000e+00   constant   
  13  w_y          0.00000e+00   constant   
  14  ANy2         3.69407e-04     fixed    
  15  pNy2         3.41148e-01   constant   
  16  w_vw         1.43130e+01   constant   
  17  LM          -3.45991e-04   constant   
  18  wCBO_expCoeff   1.99584e+02   4.22285e+00   2.73194e-03  -7.53932e-04
  19  wCBO_expOffset   1.99938e+02   6.36662e-01   4.11821e-04  -4.99937e-03
  20  wCBO_expT    3.00846e+01   9.72603e-02   6.91872e-05  -3.24994e-02
  21  wCBO_linCoeff   0.00000e+00   constant   
  22  wCBO_const   2.61519e-03   1.18866e-03   4.95740e-06  -3.15187e-01
 MIGRAD MINIMIZATION HAS CONVERGED.
 MIGRAD WILL VERIFY CONVERGENCE AND ERROR MATRIX.
 FCN=287.982 FROM MIGRAD    STATUS=CONVERGED      47 CALLS         763 TOTAL
                     EDM=3.7365e-08    STRATEGY= 1      ERR MATRIX NOT POS-DEF
  EXT PARAMETER                APPROXIMATE        STEP         FIRST   
  NO.   NAME      VALUE            ERROR          SIZE      DERIVATIVE 
   1  N0           3.06130e+06     fixed    
   2  tau          6.43953e+01   constant   
   3  A0           3.42883e-01     fixed    
   4  phi          4.11836e+00     fixed    
   5  R           -6.11796e+01   constant   
   6  A_CBO        2.49621e-04     fixed    
   7  w_CBO        2.32718e+00     fixed    
   8  phi_CBO      6.95376e-01     fixed    
   9  ANx2         4.90616e-04   constant   
  10  pNx2         2.30674e+00   constant   
  11  ANy1         0.00000e+00   constant   
  12  pNy1         0.00000e+00   constant   
  13  w_y          0.00000e+00   constant   
  14  ANy2         3.69407e-04     fixed    
  15  pNy2         3.41148e-01   constant   
  16  w_vw         1.43130e+01   constant   
  17  LM          -3.45991e-04   constant   
  18  wCBO_expCoeff   1.99584e+02   4.21400e+00   2.73256e-03  -2.11897e-06
  19  wCBO_expOffset   1.99938e+02   6.35318e-01   4.11897e-04  -1.40505e-05
  20  wCBO_expT    3.00846e+01   9.52177e-02   6.92030e-05  -2.59592e-03
  21  wCBO_linCoeff   0.00000e+00   constant   
  22  wCBO_const   2.61520e-03   1.13739e-03   4.95769e-06   4.66466e-02
 EXTERNAL ERROR MATRIX.    NDIM=  25    NPAR=  4    ERR DEF=1
  1.776e+01 -1.750e+00 -1.651e-01  9.215e-04 
 -1.750e+00  4.036e-01 -2.491e-02  1.390e-04 
 -1.651e-01 -2.491e-02  9.066e-03 -6.095e-05 
  9.215e-04  1.390e-04 -6.095e-05  1.294e-06 
ERR MATRIX NOT POS-DEF
 PARAMETER  CORRELATION COEFFICIENTS  
       NO.  GLOBAL     18     19     20     22
       18  0.99696   1.000 -0.654 -0.411  0.192
       19  0.99696  -0.654  1.000 -0.412  0.192
       20  0.99618  -0.411 -0.412  1.000 -0.563
       22  0.85176   0.192  0.192 -0.563  1.000
 ERR MATRIX NOT POS-DEF
MINUIT - FIT ONLY 2-y
 **********
 **   76 **RES 
 **********
                   PARAMETER   14  ANy2 RESTORED TO VARIABLE.
                   PARAMETER    8  phi_CBO RESTORED TO VARIABLE.
                   PARAMETER    7  w_CBO RESTORED TO VARIABLE.
                   PARAMETER    6  A_CBO RESTORED TO VARIABLE.
                   PARAMETER    4  phi RESTORED TO VARIABLE.
                   PARAMETER    3  A0 RESTORED TO VARIABLE.
                   PARAMETER    1  N0 RESTORED TO VARIABLE.
 **********
 **   77 **FIX            0
 **********
 PARAMETER    0  IS UNDEFINED. IGNORED.
 **********
 **   78 **FIX            1
 **********
 **********
 **   79 **FIX            2
 **********
 PARAMETER    2  IS CONSTANT.   IGNORED.
 **********
 **   80 **FIX            3
 **********
 **********
 **   81 **FIX            4
 **********
 **********
 **   82 **FIX            5
 **********
 PARAMETER    5  IS CONSTANT.   IGNORED.
 **********
 **   83 **FIX            6
 **********
 **********
 **   84 **FIX            7
 **********
 **********
 **   85 **FIX            8
 **********
 **********
 **   86 **FIX            9
 **********
 PARAMETER    9  IS CONSTANT.   IGNORED.
 **********
 **   87 **FIX           10
 **********
 PARAMETER   10  IS CONSTANT.   IGNORED.
 **********
 **   88 **FIX           11
 **********
 PARAMETER   11  IS CONSTANT.   IGNORED.
 **********
 **   89 **FIX           12
 **********
 PARAMETER   12  IS CONSTANT.   IGNORED.
 **********
 **   90 **FIX           16
 **********
 PARAMETER   16  IS CONSTANT.   IGNORED.
 **********
 **   91 **MIGRAD
 **********
 START MIGRAD MINIMIZATION.  STRATEGY  1.  CONVERGENCE WHEN EDM .LT. 1.00e-04
 FCN=287.982 FROM MIGRAD    STATUS=INITIATE       10 CALLS         773 TOTAL
                     EDM= unknown      STRATEGY= 1      NO ERROR MATRIX       
  EXT PARAMETER               CURRENT GUESS       STEP         FIRST   
  NO.   NAME      VALUE            ERROR          SIZE      DERIVATIVE 
   1  N0           3.06130e+06     fixed    
   2  tau          6.43953e+01   constant   
   3  A0           3.42883e-01     fixed    
   4  phi          4.11836e+00     fixed    
   5  R           -6.11796e+01   constant   
   6  A_CBO        2.49621e-04     fixed    
   7  w_CBO        2.32718e+00     fixed    
   8  phi_CBO      6.95376e-01     fixed    
   9  ANx2         4.90616e-04   constant   
  10  pNx2         2.30674e+00   constant   
  11  ANy1         0.00000e+00   constant   
  12  pNy1         0.00000e+00   constant   
  13  w_y          0.00000e+00   constant   
  14  ANy2         3.69407e-04   8.25450e-04   8.25450e-04   1.75949e+01
  15  pNy2         3.41148e-01   constant   
  16  w_vw         1.43130e+01   constant   
  17  LM          -3.45991e-04   constant   
  18  wCBO_expCoeff   1.99584e+02   4.21400e+00   2.73256e-03  -8.89426e-07
  19  wCBO_expOffset   1.99938e+02   6.35318e-01   4.11897e-04  -5.53603e-06
  20  wCBO_expT    3.00846e+01   9.52177e-02   6.92030e-05  -2.55152e-03
  21  wCBO_linCoeff   0.00000e+00   constant   
  22  wCBO_const   2.61520e-03   1.13739e-03   4.95769e-06   4.85512e-02
 MIGRAD MINIMIZATION HAS CONVERGED.
 MIGRAD WILL VERIFY CONVERGENCE AND ERROR MATRIX.
 FCN=287.982 FROM MIGRAD    STATUS=CONVERGED      52 CALLS         815 TOTAL
                     EDM=3.35167e-07    STRATEGY= 1      ERR MATRIX NOT POS-DEF
  EXT PARAMETER                APPROXIMATE        STEP         FIRST   
  NO.   NAME      VALUE            ERROR          SIZE      DERIVATIVE 
   1  N0           3.06130e+06     fixed    
   2  tau          6.43953e+01   constant   
   3  A0           3.42883e-01     fixed    
   4  phi          4.11836e+00     fixed    
   5  R           -6.11796e+01   constant   
   6  A_CBO        2.49621e-04     fixed    
   7  w_CBO        2.32718e+00     fixed    
   8  phi_CBO      6.95376e-01     fixed    
   9  ANx2         4.90616e-04   constant   
  10  pNx2         2.30674e+00   constant   
  11  ANy1         0.00000e+00   constant   
  12  pNy1         0.00000e+00   constant   
  13  w_y          0.00000e+00   constant   
  14  ANy2         3.63437e-04   8.22991e-04   6.83783e-06   5.18113e-05
  15  pNy2         3.41148e-01   constant   
  16  w_vw         1.43130e+01   constant   
  17  LM          -3.45991e-04   constant   
  18  wCBO_expCoeff   1.99584e+02   4.21344e+00   2.73252e-03  -2.22215e-03
  19  wCBO_expOffset   1.99938e+02   6.35258e-01   4.11891e-04  -1.47418e-02
  20  wCBO_expT    3.00846e+01   9.52131e-02   6.92021e-05  -9.04803e-02
  21  wCBO_linCoeff   0.00000e+00   constant   
  22  wCBO_const   2.61520e-03   1.13739e-03   4.95768e-06  -8.58403e-01
 EXTERNAL ERROR MATRIX.    NDIM=  25    NPAR=  5    ERR DEF=1
  6.773e-07  1.291e-06  1.918e-07 -4.835e-07  6.398e-09 
  1.291e-06  1.775e+01 -1.749e+00 -1.650e-01  9.211e-04 
  1.918e-07 -1.749e+00  4.036e-01 -2.491e-02  1.389e-04 
 -4.835e-07 -1.650e-01 -2.491e-02  9.066e-03 -6.094e-05 
  6.398e-09  9.211e-04  1.389e-04 -6.094e-05  1.294e-06 
ERR MATRIX NOT POS-DEF
 PARAMETER  CORRELATION COEFFICIENTS  
       NO.  GLOBAL     14     18     19     20     22
       14  0.05111   1.000  0.000  0.000 -0.006  0.007
       18  0.99695   0.000  1.000 -0.654 -0.411  0.192
       19  0.99696   0.000 -0.654  1.000 -0.412  0.192
       20  0.99617  -0.006 -0.411 -0.412  1.000 -0.563
       22  0.85170   0.007  0.192  0.192 -0.563  1.000
 ERR MATRIX NOT POS-DEF
MINUIT - FIT ALTOGETHER
 **********
 **   92 **RES 
 **********
                   PARAMETER    8  phi_CBO RESTORED TO VARIABLE.
                   PARAMETER    7  w_CBO RESTORED TO VARIABLE.
                   PARAMETER    6  A_CBO RESTORED TO VARIABLE.
                   PARAMETER    4  phi RESTORED TO VARIABLE.
                   PARAMETER    3  A0 RESTORED TO VARIABLE.
                   PARAMETER    1  N0 RESTORED TO VARIABLE.
 **********
 **   93 **MIGRAD
 **********
