 + ++++++++++++++++++++++++++++++++++++++++++++++++++++++++++++++++++++ +
 +                                                                      +
 +           You have chose to blind your fitting according to          +
 +                omega_ref * (1 + (R +/- deltaR) *10^{-6})             +
 +                                                                      +
 + ++++++++++++++++++++++++++++++++++++++++++++++++++++++++++++++++++++ +
In main()...
reading format from /gm2data/zkhechad/run45/envelope/formats/formatB_sBin_constraintOn.txt
pBinTau 	= 0  
pBinPhi 	= 0  
constraintau 	= 1 
includeMopTerm 	= 0    
constrainMop    = 0   
Parameters after format file: pBinTau 0 pBinPhi 0 constraintau 1 includeMopTerm 0 constrainMop 0 c_e_scale 0.000000 
reading cbo reference file (full fit) from /gm2data/zkhechad/cboTemplates/Run4CBOTemplates/fullFits/run4/sBin_constraintOn_cE0.0_seed0_run4_calo1.root
A_CBO 0.008450 w_CBO 2.327583 phi_CBO 2.512904 N0 3416164.907261 R -60.829491 tau 64.397625 
Reading cboRef file /gm2data/zkhechad/cboTemplates/Run4CBOTemplates//cboIsolate/run4_calo1.root
deltaT 164.120000
windowBins = 1100
fitting sliding window 1640 from bin 1843 at 274.975600 to bin 2943 at 439.095600 (1100 bins)

Reading data from /gm2data/cornell/histograms/aMethod/histogram_a_run4.root
fitting cbo isolate
 **********
 **    1 **SET PRINTOUT            1
 **********
 **********
 **    2 **SET NOWARNINGS 
 **********
 PARAMETER DEFINITIONS:
    NO.   NAME         VALUE      STEP SIZE      LIMITS
     1 A_CBO        8.44960e-03  1.00000e-05     no limits
     2 w_CBO        2.32758e+00  1.00000e-02    2.00000e+00  3.00000e+00
     3 phi_CBO      2.51290e+00  1.00000e-02    0.00000e+00  6.28319e+00
 **********
 **    3 **MIGRAD
 **********
 FIRST CALL TO USER FUNCTION AT NEW START POINT, WITH IFLAG=4.
 START MIGRAD MINIMIZATION.  STRATEGY  1.  CONVERGENCE WHEN EDM .LT. 1.00e-04
 FCN=0.0662406 FROM MIGRAD    STATUS=INITIATE       12 CALLS          13 TOTAL
                     EDM= unknown      STRATEGY= 1      NO ERROR MATRIX       
  EXT PARAMETER               CURRENT GUESS       STEP         FIRST   
  NO.   NAME      VALUE            ERROR          SIZE      DERIVATIVE 
   1  A_CBO        8.44960e-03   1.00000e-05   1.00000e-05   6.21299e+00
   2  w_CBO        2.32758e+00   1.00000e-02   2.13091e-02   1.70708e+00
   3  phi_CBO      2.51290e+00   1.00000e-02   3.24882e-03  -3.04167e-02
 MIGRAD MINIMIZATION HAS CONVERGED.
 MIGRAD WILL VERIFY CONVERGENCE AND ERROR MATRIX.
 COVARIANCE MATRIX CALCULATED SUCCESSFULLY
 FCN=0.0480673 FROM MIGRAD    STATUS=CONVERGED      59 CALLS          60 TOTAL
                     EDM=3.41021e-05    STRATEGY= 1      ERROR MATRIX ACCURATE 
  EXT PARAMETER                                   STEP         FIRST   
  NO.   NAME      VALUE            ERROR          SIZE      DERIVATIVE 
   1  A_CBO        3.02134e-03   4.28749e-02   2.12934e-05   1.11433e-02
   2  w_CBO        2.32706e+00   2.81868e-01   4.44611e-05   1.44789e-02
   3  phi_CBO      2.68970e+00   4.36799e+00   2.41260e-03  -2.97043e-05
 EXTERNAL ERROR MATRIX.    NDIM=  25    NPAR=  3    ERR DEF=1
  1.838e-03 -1.474e-03 -5.293e-01 
 -1.474e-03  9.143e-02  3.272e+01 
 -5.293e-01  3.272e+01  1.191e+04 
 PARAMETER  CORRELATION COEFFICIENTS  
       NO.  GLOBAL      1      2      3
        1  0.11376   1.000 -0.114 -0.113
        2  0.99155  -0.114  1.000  0.992
        3  0.99155  -0.113  0.992  1.000
setting A_CBO=0.003021 w_CBO=2.327058, phi_CBO=2.689698
done fitting cbo isolate
 **********
 **    1 **SET PRINTOUT            1
 **********
 **********
 **    2 **SET NOWARNINGS 
 **********
 PARAMETER DEFINITIONS:
    NO.   NAME         VALUE      STEP SIZE      LIMITS
     1 N0           3.41616e+06  1.00000e+02     no limits
     2 tau          6.43976e+01  constant
     3 A0           3.54950e-01  1.00000e-04     no limits
     4 phi          4.12292e+00  1.00000e-02     no limits
     5 R           -6.08295e+01  constant
     6 A_CBO        3.02134e-03  1.00000e-05     no limits
     7 w_CBO        2.32706e+00  1.00000e-03     no limits
     8 phi_CBO      2.68970e+00  1.00000e-04     no limits
     9 ANx2         2.24467e-04  constant
    10 pNx2         2.31915e+00  constant
    11 ANy1         0.00000e+00  constant
    12 pNy1         0.00000e+00  constant
    13 w_y          0.00000e+00  constant
    14 ANy2         1.49899e-02  1.00000e-04     no limits
    15 pNy2         4.64502e+00  constant
    16 w_vw         1.43138e+01  constant
    17 LM          -1.76320e-04  constant
    18 wCBO_expCoeff   2.00000e+02  1.00000e+00     no limits
    19 wCBO_expOffset   2.00000e+02  1.00000e+00     no limits
    20 wCBO_expT    3.00000e+01  1.00000e+00     no limits
    21 wCBO_linCoeff   0.00000e+00  constant
    22 wCBO_const   0.00000e+00  1.00000e-02     no limits
MINUIT - FIT ONLY WIGGLE
 **********
 **    3 **FIX            5
 **********
 PARAMETER    5  IS CONSTANT.   IGNORED.
 **********
 **    4 **FIX            6
 **********
 **********
 **    5 **FIX            7
 **********
 **********
 **    6 **FIX            8
 **********
 **********
 **    7 **FIX            9
 **********
 PARAMETER    9  IS CONSTANT.   IGNORED.
 **********
 **    8 **FIX           10
 **********
 PARAMETER   10  IS CONSTANT.   IGNORED.
 **********
 **    9 **FIX           11
 **********
 PARAMETER   11  IS CONSTANT.   IGNORED.
 **********
 **   10 **FIX           12
 **********
 PARAMETER   12  IS CONSTANT.   IGNORED.
 **********
 **   11 **FIX           13
 **********
 PARAMETER   13  IS CONSTANT.   IGNORED.
 **********
 **   12 **FIX           14
 **********
 **********
 **   13 **FIX           15
 **********
 PARAMETER   15  IS CONSTANT.   IGNORED.
 **********
 **   14 **FIX           16
 **********
 PARAMETER   16  IS CONSTANT.   IGNORED.
 **********
 **   15 **MIGRAD
 **********
 FIRST CALL TO USER FUNCTION AT NEW START POINT, WITH IFLAG=4.
 START MIGRAD MINIMIZATION.  STRATEGY  1.  CONVERGENCE WHEN EDM .LT. 1.00e-04
 FCN=1918.27 FROM MIGRAD    STATUS=INITIATE       66 CALLS          67 TOTAL
                     EDM= unknown      STRATEGY= 1      NO ERROR MATRIX       
  EXT PARAMETER               CURRENT GUESS       STEP         FIRST   
  NO.   NAME      VALUE            ERROR          SIZE      DERIVATIVE 
   1  N0           3.41616e+06   1.00000e+02   0.00000e+00   2.40808e-03
   2  tau          6.43976e+01   constant   
   3  A0           3.54950e-01   1.00000e-04   0.00000e+00  -1.20734e+03
   4  phi          4.12292e+00   1.00000e-02   0.00000e+00   4.05175e+02
   5  R           -6.08295e+01   constant   
   6  A_CBO        3.02134e-03     fixed    
   7  w_CBO        2.32706e+00     fixed    
   8  phi_CBO      2.68970e+00     fixed    
   9  ANx2         2.24467e-04   constant   
  10  pNx2         2.31915e+00   constant   
  11  ANy1         0.00000e+00   constant   
  12  pNy1         0.00000e+00   constant   
  13  w_y          0.00000e+00   constant   
  14  ANy2         1.49899e-02     fixed    
  15  pNy2         4.64502e+00   constant   
  16  w_vw         1.43138e+01   constant   
  17  LM          -1.76320e-04   constant   
  18  wCBO_expCoeff   2.00000e+02   1.00000e+00   0.00000e+00  -3.05418e+02
  19  wCBO_expOffset   2.00000e+02   1.00000e+00   0.00000e+00  -2.03681e+03
  20  wCBO_expT    3.00000e+01   1.00000e+00   0.00000e+00  -5.30465e+03
  21  wCBO_linCoeff   0.00000e+00   constant   
  22  wCBO_const  -3.56301e-03   1.00000e-02  -3.56301e-03   6.58776e+02
 MIGRAD MINIMIZATION HAS CONVERGED.
 FCN=1913.02 FROM MIGRAD    STATUS=CONVERGED     198 CALLS         199 TOTAL
                     EDM=2.43539e-06    STRATEGY= 1  ERROR MATRIX UNCERTAINTY   0.8 per cent
  EXT PARAMETER                                   STEP         FIRST   
  NO.   NAME      VALUE            ERROR          SIZE      DERIVATIVE 
   1  N0           3.41525e+06   9.29244e+02   2.08451e-01   8.86576e-07
   2  tau          6.43976e+01   constant   
   3  A0           3.55029e-01   3.58308e-04  -7.63778e-07   4.66330e-01
   4  phi          4.12258e+00   1.06745e-03  -1.48984e-06   7.86311e-01
   5  R           -6.08295e+01   constant   
   6  A_CBO        3.02134e-03     fixed    
   7  w_CBO        2.32706e+00     fixed    
   8  phi_CBO      2.68970e+00     fixed    
   9  ANx2         2.24467e-04   constant   
  10  pNx2         2.31915e+00   constant   
  11  ANy1         0.00000e+00   constant   
  12  pNy1         0.00000e+00   constant   
  13  w_y          0.00000e+00   constant   
  14  ANy2         1.49899e-02     fixed    
  15  pNy2         4.64502e+00   constant   
  16  w_vw         1.43138e+01   constant   
  17  LM          -1.76320e-04   constant   
  18  wCBO_expCoeff   1.99973e+02   3.35258e-02  -3.11091e-04  -2.41224e-01
  19  wCBO_expOffset   1.99996e+02   4.95628e-03  -4.59264e-05  -2.39584e+00
  20  wCBO_expT    3.00044e+01   4.07035e-03   3.34957e-05  -4.78884e+00
  21  wCBO_linCoeff   0.00000e+00   constant   
  22  wCBO_const  -4.86910e-03   7.57494e-04  -2.67038e-06  -2.06526e+00
 EXTERNAL ERROR MATRIX.    NDIM=  25    NPAR=  7    ERR DEF=1
  8.635e+05  1.235e-02  7.333e-03 -1.373e+00 -2.019e-01  1.960e-01 -3.272e-02 
  1.235e-02  1.284e-07  3.654e-09 -5.765e-08 -9.783e-09  1.367e-08 -3.755e-09 
  7.333e-03  3.654e-09  1.139e-06  3.164e-06  4.672e-07 -3.891e-07  6.619e-08 
 -1.373e+00 -5.765e-08  3.164e-06  1.124e-03  1.615e-04 -1.340e-04  1.834e-05 
 -2.019e-01 -9.783e-09  4.672e-07  1.615e-04  2.456e-05 -1.980e-05  2.712e-06 
  1.960e-01  1.367e-08 -3.891e-07 -1.340e-04 -1.980e-05  1.657e-05 -2.495e-06 
 -3.272e-02 -3.755e-09  6.619e-08  1.834e-05  2.712e-06 -2.495e-06  5.738e-07 
 PARAMETER  CORRELATION COEFFICIENTS  
       NO.  GLOBAL      1      3      4     18     19     20     22
        1  0.09399   1.000  0.037  0.007 -0.044 -0.044  0.052 -0.046
        3  0.05005   0.037  1.000  0.010 -0.005 -0.006  0.009 -0.014
        4  0.09623   0.007  0.010  1.000  0.088  0.088 -0.090  0.082
       18  0.99036  -0.044 -0.005  0.088  1.000  0.972 -0.982  0.722
       19  0.99026  -0.044 -0.006  0.088  0.972  1.000 -0.982  0.722
       20  0.99727   0.052  0.009 -0.090 -0.982 -0.982  1.000 -0.809
       22  0.94157  -0.046 -0.014  0.082  0.722  0.722 -0.809  1.000
MINUIT - FIT ONLY 1-CBO + other amplitudes 
 **********
 **   16 **RES 
 **********
                   PARAMETER   14  ANy2 RESTORED TO VARIABLE.
                   PARAMETER    8  phi_CBO RESTORED TO VARIABLE.
                   PARAMETER    7  w_CBO RESTORED TO VARIABLE.
                   PARAMETER    6  A_CBO RESTORED TO VARIABLE.
 **********
 **   17 **FIX            0
 **********
 PARAMETER    0  IS UNDEFINED. IGNORED.
 **********
 **   18 **FIX            1
 **********
 **********
 **   19 **FIX            2
 **********
 PARAMETER    2  IS CONSTANT.   IGNORED.
 **********
 **   20 **FIX            3
 **********
 **********
 **   21 **FIX            4
 **********
 **********
 **   22 **FIX            9
 **********
 PARAMETER    9  IS CONSTANT.   IGNORED.
 **********
 **   23 **FIX           11
 **********
 PARAMETER   11  IS CONSTANT.   IGNORED.
 **********
 **   24 **FIX           12
 **********
 PARAMETER   12  IS CONSTANT.   IGNORED.
 **********
 **   25 **FIX           14
 **********
 **********
 **   26 **FIX           15
 **********
 PARAMETER   15  IS CONSTANT.   IGNORED.
 **********
 **   27 **FIX           16
 **********
 PARAMETER   16  IS CONSTANT.   IGNORED.
 **********
 **   28 **MIGRAD
 **********
 START MIGRAD MINIMIZATION.  STRATEGY  1.  CONVERGENCE WHEN EDM .LT. 1.00e-04
 FCN=1913.02 FROM MIGRAD    STATUS=INITIATE       22 CALLS         221 TOTAL
                     EDM= unknown      STRATEGY= 1      NO ERROR MATRIX       
  EXT PARAMETER               CURRENT GUESS       STEP         FIRST   
  NO.   NAME      VALUE            ERROR          SIZE      DERIVATIVE 
   1  N0           3.41525e+06     fixed    
   2  tau          6.43976e+01   constant   
   3  A0           3.55029e-01     fixed    
   4  phi          4.12258e+00     fixed    
   5  R           -6.08295e+01   constant   
   6  A_CBO        3.02134e-03   1.00000e-05   1.00000e-05   2.10604e+04
   7  w_CBO        2.32706e+00   1.00000e-03   1.00000e-03  -2.16123e+01
   8  phi_CBO      2.68970e+00   1.00000e-04   1.00000e-04   4.41747e+00
   9  ANx2         2.24467e-04   constant   
  10  pNx2         2.31915e+00   constant   
  11  ANy1         0.00000e+00   constant   
  12  pNy1         0.00000e+00   constant   
  13  w_y          0.00000e+00   constant   
  14  ANy2         1.49899e-02     fixed    
  15  pNy2         4.64502e+00   constant   
  16  w_vw         1.43138e+01   constant   
  17  LM          -1.76320e-04   constant   
  18  wCBO_expCoeff   1.99973e+02   3.35258e-02  -3.11091e-04  -2.41212e-01
  19  wCBO_expOffset   1.99996e+02   4.95628e-03  -4.59264e-05  -2.39584e+00
  20  wCBO_expT    3.00044e+01   4.07035e-03   3.34957e-05  -4.78884e+00
  21  wCBO_linCoeff   0.00000e+00   constant   
  22  wCBO_const  -4.86910e-03   7.57494e-04  -2.67038e-06  -2.06526e+00
 MIGRAD MINIMIZATION HAS CONVERGED.
 FCN=1890.15 FROM MIGRAD    STATUS=CONVERGED     260 CALLS         459 TOTAL
                     EDM=3.18131e-07    STRATEGY= 1  ERROR MATRIX UNCERTAINTY   5.0 per cent
  EXT PARAMETER                                   STEP         FIRST   
  NO.   NAME      VALUE            ERROR          SIZE      DERIVATIVE 
   1  N0           3.41525e+06     fixed    
   2  tau          6.43976e+01   constant   
   3  A0           3.55029e-01     fixed    
   4  phi          4.12258e+00     fixed    
   5  R           -6.08295e+01   constant   
   6  A_CBO        1.42655e-03   3.87172e-04  -1.13116e-06   1.58191e+00
   7  w_CBO        2.32660e+00   3.07277e-04   8.38802e-07   8.69223e+00
   8  phi_CBO      1.59786e+00   4.34683e-01  -2.08520e-03   3.64407e-05
   9  ANx2         2.24467e-04   constant   
  10  pNx2         2.31915e+00   constant   
  11  ANy1         0.00000e+00   constant   
  12  pNy1         0.00000e+00   constant   
  13  w_y          0.00000e+00   constant   
  14  ANy2         1.49899e-02     fixed    
  15  pNy2         4.64502e+00   constant   
  16  w_vw         1.43138e+01   constant   
  17  LM          -1.76320e-04   constant   
  18  wCBO_expCoeff   1.99932e+02   2.99820e-02   8.48495e-05   9.42996e-02
  19  wCBO_expOffset   1.99990e+02   4.45583e-03   1.26649e-05   4.31412e-01
  20  wCBO_expT    3.00121e+01   5.39378e-03  -1.53157e-05   1.45828e+00
  21  wCBO_linCoeff   0.00000e+00   constant   
  22  wCBO_const  -7.35981e-03   8.55376e-04   4.74791e-07   1.37763e+00
 EXTERNAL ERROR MATRIX.    NDIM=  25    NPAR=  7    ERR DEF=1
  1.499e-07  1.108e-08  1.701e-06  1.081e-06  1.588e-07 -1.934e-07  2.319e-08 
  1.108e-08  9.442e-08 -1.296e-05  8.853e-06  1.315e-06 -1.625e-06  1.865e-07 
  1.701e-06 -1.296e-05  1.889e-01 -1.435e-03 -2.162e-04  3.485e-04  4.543e-05 
  1.081e-06  8.853e-06 -1.435e-03  8.989e-04  1.286e-04 -1.583e-04  1.755e-05 
  1.588e-07  1.315e-06 -2.162e-04  1.286e-04  1.985e-05 -2.352e-05  2.603e-06 
 -1.934e-07 -1.625e-06  3.485e-04 -1.583e-04 -2.352e-05  2.909e-05 -3.493e-06 
  2.319e-08  1.865e-07  4.543e-05  1.755e-05  2.603e-06 -3.493e-06  7.317e-07 
 PARAMETER  CORRELATION COEFFICIENTS  
       NO.  GLOBAL      6      7      8     18     19     20     22
        6  0.09631   1.000  0.093  0.010  0.093  0.092 -0.093  0.070
        7  0.98789   0.093  1.000 -0.097  0.961  0.960 -0.980  0.710
        8  0.78169   0.010 -0.097  1.000 -0.110 -0.112  0.149  0.122
       18  0.98856   0.093  0.961 -0.110  1.000  0.963 -0.979  0.684
       19  0.98829   0.092  0.960 -0.112  0.963  1.000 -0.978  0.683
       20  0.99824  -0.093 -0.980  0.149 -0.979 -0.978  1.000 -0.757
       22  0.93922   0.070  0.710  0.122  0.684  0.683 -0.757  1.000
MINUIT - FIT ONLY 1-CBO
 **********
 **   29 **RES 
 **********
                   PARAMETER   14  ANy2 RESTORED TO VARIABLE.
                   PARAMETER    4  phi RESTORED TO VARIABLE.
                   PARAMETER    3  A0 RESTORED TO VARIABLE.
                   PARAMETER    1  N0 RESTORED TO VARIABLE.
 **********
 **   30 **FIX            0
 **********
 PARAMETER    0  IS UNDEFINED. IGNORED.
 **********
 **   31 **FIX            1
 **********
 **********
 **   32 **FIX            2
 **********
 PARAMETER    2  IS CONSTANT.   IGNORED.
 **********
 **   33 **FIX            3
 **********
 **********
 **   34 **FIX            4
 **********
 **********
 **   35 **FIX            8
 **********
 **********
 **   36 **FIX            9
 **********
 PARAMETER    9  IS CONSTANT.   IGNORED.
 **********
 **   37 **FIX           11
 **********
 PARAMETER   11  IS CONSTANT.   IGNORED.
 **********
 **   38 **FIX           12
 **********
 PARAMETER   12  IS CONSTANT.   IGNORED.
 **********
 **   39 **FIX           13
 **********
 PARAMETER   13  IS CONSTANT.   IGNORED.
 **********
 **   40 **FIX           15
 **********
 PARAMETER   15  IS CONSTANT.   IGNORED.
 **********
 **   41 **FIX           16
 **********
 PARAMETER   16  IS CONSTANT.   IGNORED.
 **********
 **   42 **MIGRAD
 **********
 START MIGRAD MINIMIZATION.  STRATEGY  1.  CONVERGENCE WHEN EDM .LT. 1.00e-04
 FCN=1890.15 FROM MIGRAD    STATUS=INITIATE       16 CALLS         475 TOTAL
                     EDM= unknown      STRATEGY= 1      NO ERROR MATRIX       
  EXT PARAMETER               CURRENT GUESS       STEP         FIRST   
  NO.   NAME      VALUE            ERROR          SIZE      DERIVATIVE 
   1  N0           3.41525e+06     fixed    
   2  tau          6.43976e+01   constant   
   3  A0           3.55029e-01     fixed    
   4  phi          4.12258e+00     fixed    
   5  R           -6.08295e+01   constant   
   6  A_CBO        1.42655e-03   3.87172e-04  -1.13116e-06   1.58191e+00
   7  w_CBO        2.32660e+00   3.07277e-04   8.38802e-07   8.69217e+00
   8  phi_CBO      1.59786e+00     fixed    
   9  ANx2         2.24467e-04   constant   
  10  pNx2         2.31915e+00   constant   
  11  ANy1         0.00000e+00   constant   
  12  pNy1         0.00000e+00   constant   
  13  w_y          0.00000e+00   constant   
  14  ANy2         1.49899e-02   1.00000e-04   1.00000e-04   2.01318e+05
  15  pNy2         4.64502e+00   constant   
  16  w_vw         1.43138e+01   constant   
  17  LM          -1.76320e-04   constant   
  18  wCBO_expCoeff   1.99932e+02   2.99820e-02   8.48495e-05   9.42989e-02
  19  wCBO_expOffset   1.99990e+02   4.45583e-03   1.26649e-05   4.31412e-01
  20  wCBO_expT    3.00121e+01   5.39378e-03  -1.53157e-05   1.45828e+00
  21  wCBO_linCoeff   0.00000e+00   constant   
  22  wCBO_const  -7.35981e-03   8.55376e-04   4.74791e-07   1.37763e+00
 MIGRAD MINIMIZATION HAS CONVERGED.
 MIGRAD WILL VERIFY CONVERGENCE AND ERROR MATRIX.
 COVARIANCE MATRIX CALCULATED SUCCESSFULLY
 FCN=395.781 FROM MIGRAD    STATUS=CONVERGED     370 CALLS         829 TOTAL
                     EDM=1.50114e-06    STRATEGY= 1      ERROR MATRIX ACCURATE 
  EXT PARAMETER                                   STEP         FIRST   
  NO.   NAME      VALUE            ERROR          SIZE      DERIVATIVE 
   1  N0           3.41525e+06     fixed    
   2  tau          6.43976e+01   constant   
   3  A0           3.55029e-01     fixed    
   4  phi          4.12258e+00     fixed    
   5  R           -6.08295e+01   constant   
   6  A_CBO       -1.89355e-04   4.91132e-04   3.66897e-06  -7.97394e-01
   7  w_CBO        2.32615e+00   2.14720e-03   1.93504e-06  -2.15864e+00
   8  phi_CBO      1.59786e+00     fixed    
   9  ANx2         2.24467e-04   constant   
  10  pNx2         2.31915e+00   constant   
  11  ANy1         0.00000e+00   constant   
  12  pNy1         0.00000e+00   constant   
  13  w_y          0.00000e+00   constant   
  14  ANy2         9.23468e-05   3.87732e-04   3.72228e-06  -3.12567e+00
  15  pNy2         4.64502e+00   constant   
  16  w_vw         1.43138e+01   constant   
  17  LM          -1.76320e-04   constant   
  18  wCBO_expCoeff   1.99886e+02   1.89642e-01   1.82296e-04  -2.20245e-02
  19  wCBO_expOffset   1.99983e+02   1.83089e-02   9.53593e-05  -1.46999e-01
  20  wCBO_expT    3.00200e+01   7.87433e-03   1.43147e-05  -5.88365e-01
  21  wCBO_linCoeff   0.00000e+00   constant   
  22  wCBO_const  -7.24247e-03   1.31987e-03   6.59158e-06  -6.20360e-01
 EXTERNAL ERROR MATRIX.    NDIM=  25    NPAR=  7    ERR DEF=1
  2.412e-07  8.960e-08  2.917e-08  8.901e-06 -6.020e-08 -1.195e-06 -6.105e-08 
  8.960e-08  4.610e-06  1.418e-08 -2.408e-04 -1.008e-05 -5.052e-06 -1.695e-06 
  2.917e-08  1.418e-08  1.503e-07  1.417e-06 -5.673e-09 -1.874e-07 -1.479e-08 
  8.901e-06 -2.408e-04  1.417e-06  3.596e-02 -9.990e-04 -4.925e-04  1.282e-04 
 -6.020e-08 -1.008e-05 -5.673e-09 -9.990e-04  3.352e-04 -1.921e-05  5.327e-06 
 -1.195e-06 -5.052e-06 -1.874e-07 -4.925e-04 -1.921e-05  6.201e-05 -1.897e-06 
 -6.105e-08 -1.695e-06 -1.479e-08  1.282e-04  5.327e-06 -1.897e-06  1.742e-06 
 PARAMETER  CORRELATION COEFFICIENTS  
       NO.  GLOBAL      6      7     14     18     19     20     22
        6  0.64032   1.000  0.085  0.153  0.096 -0.007 -0.309 -0.094
        7  0.99571   0.085  1.000  0.017 -0.591 -0.256 -0.299 -0.598
       14  0.16052   0.153  0.017  1.000  0.019 -0.001 -0.061 -0.029
       18  0.99512   0.096 -0.591  0.019  1.000 -0.288 -0.330  0.512
       19  0.98816  -0.007 -0.256 -0.001 -0.288  1.000 -0.133  0.220
       20  0.99209  -0.309 -0.299 -0.061 -0.330 -0.133  1.000 -0.183
       22  0.85818  -0.094 -0.598 -0.029  0.512  0.220 -0.183  1.000
MINUIT - FIT ONLY 2-CBO
 **********
 **   43 **RES 
 **********
                   PARAMETER    8  phi_CBO RESTORED TO VARIABLE.
                   PARAMETER    4  phi RESTORED TO VARIABLE.
                   PARAMETER    3  A0 RESTORED TO VARIABLE.
                   PARAMETER    1  N0 RESTORED TO VARIABLE.
 **********
 **   44 **FIX            0
 **********
 PARAMETER    0  IS UNDEFINED. IGNORED.
 **********
 **   45 **FIX            1
 **********
 **********
 **   46 **FIX            2
 **********
 PARAMETER    2  IS CONSTANT.   IGNORED.
 **********
 **   47 **FIX            3
 **********
 **********
 **   48 **FIX            4
 **********
 **********
 **   49 **FIX            5
 **********
 PARAMETER    5  IS CONSTANT.   IGNORED.
 **********
 **   50 **FIX            6
 **********
 **********
 **   51 **FIX            7
 **********
 **********
 **   52 **FIX           10
 **********
 PARAMETER   10  IS CONSTANT.   IGNORED.
 **********
 **   53 **FIX           11
 **********
 PARAMETER   11  IS CONSTANT.   IGNORED.
 **********
 **   54 **FIX           12
 **********
 PARAMETER   12  IS CONSTANT.   IGNORED.
 **********
 **   55 **FIX           13
 **********
 PARAMETER   13  IS CONSTANT.   IGNORED.
 **********
 **   56 **FIX           14
 **********
 **********
 **   57 **FIX           15
 **********
 PARAMETER   15  IS CONSTANT.   IGNORED.
 **********
 **   58 **FIX           16
 **********
 PARAMETER   16  IS CONSTANT.   IGNORED.
 **********
 **   59 **MIGRAD
 **********
 START MIGRAD MINIMIZATION.  STRATEGY  1.  CONVERGENCE WHEN EDM .LT. 1.00e-04
 FCN=395.781 FROM MIGRAD    STATUS=INITIATE       12 CALLS         841 TOTAL
                     EDM= unknown      STRATEGY= 1      NO ERROR MATRIX       
  EXT PARAMETER               CURRENT GUESS       STEP         FIRST   
  NO.   NAME      VALUE            ERROR          SIZE      DERIVATIVE 
   1  N0           3.41525e+06     fixed    
   2  tau          6.43976e+01   constant   
   3  A0           3.55029e-01     fixed    
   4  phi          4.12258e+00     fixed    
   5  R           -6.08295e+01   constant   
   6  A_CBO       -1.89355e-04     fixed    
   7  w_CBO        2.32615e+00     fixed    
   8  phi_CBO      1.59786e+00   4.34683e-01   4.34683e-01   1.08495e+00
   9  ANx2         2.24467e-04   constant   
  10  pNx2         2.31915e+00   constant   
  11  ANy1         0.00000e+00   constant   
  12  pNy1         0.00000e+00   constant   
  13  w_y          0.00000e+00   constant   
  14  ANy2         9.23468e-05     fixed    
  15  pNy2         4.64502e+00   constant   
  16  w_vw         1.43138e+01   constant   
  17  LM          -1.76320e-04   constant   
  18  wCBO_expCoeff   1.99886e+02   1.89642e-01   1.82296e-04  -2.29479e-02
  19  wCBO_expOffset   1.99983e+02   1.83089e-02   9.53593e-05  -2.26536e-01
  20  wCBO_expT    3.00200e+01   7.87433e-03   1.43147e-05  -6.16001e-01
  21  wCBO_linCoeff   0.00000e+00   constant   
  22  wCBO_const  -7.24247e-03   1.31987e-03   6.59158e-06  -6.29641e-01
 MIGRAD MINIMIZATION HAS CONVERGED.
 MIGRAD WILL VERIFY CONVERGENCE AND ERROR MATRIX.
 COVARIANCE MATRIX CALCULATED SUCCESSFULLY
 FCN=394.86 FROM MIGRAD    STATUS=CONVERGED     133 CALLS         962 TOTAL
                     EDM=1.55089e-06    STRATEGY= 1      ERROR MATRIX ACCURATE 
  EXT PARAMETER                                   STEP         FIRST   
  NO.   NAME      VALUE            ERROR          SIZE      DERIVATIVE 
   1  N0           3.41525e+06     fixed    
   2  tau          6.43976e+01   constant   
   3  A0           3.55029e-01     fixed    
   4  phi          4.12258e+00     fixed    
   5  R           -6.08295e+01   constant   
   6  A_CBO       -1.89355e-04     fixed    
   7  w_CBO        2.32615e+00     fixed    
   8  phi_CBO      1.53799e-01   1.36487e+00   1.19152e-02   6.54501e-04
   9  ANx2         2.24467e-04   constant   
  10  pNx2         2.31915e+00   constant   
  11  ANy1         0.00000e+00   constant   
  12  pNy1         0.00000e+00   constant   
  13  w_y          0.00000e+00   constant   
  14  ANy2         9.23468e-05     fixed    
  15  pNy2         4.64502e+00   constant   
  16  w_vw         1.43138e+01   constant   
  17  LM          -1.76320e-04   constant   
  18  wCBO_expCoeff   1.99918e+02   1.56041e-01   1.63267e-04   4.64425e-02
  19  wCBO_expOffset   1.99988e+02   1.86827e-02   9.53617e-05   3.09009e-01
  20  wCBO_expT    3.00162e+01   7.40462e-03   1.43128e-05   6.31838e-01
  21  wCBO_linCoeff   0.00000e+00   constant   
  22  wCBO_const  -7.12710e-03   1.10148e-03   6.08095e-06   3.58098e-01
 EXTERNAL ERROR MATRIX.    NDIM=  25    NPAR=  5    ERR DEF=1
  1.863e+00 -3.255e-02 -5.415e-04  2.436e-03 -1.690e-05 
 -3.255e-02  2.435e-02 -1.808e-03 -7.205e-04  5.680e-05 
 -5.415e-04 -1.808e-03  3.490e-04 -2.892e-05  2.109e-06 
  2.436e-03 -7.205e-04 -2.892e-05  5.483e-05 -5.023e-06 
 -1.690e-05  5.680e-05  2.109e-06 -5.023e-06  1.213e-06 
 PARAMETER  CORRELATION COEFFICIENTS  
       NO.  GLOBAL      8     18     19     20     22
        8  0.43978   1.000 -0.153 -0.021  0.241 -0.011
       18  0.99419  -0.153  1.000 -0.620 -0.624  0.330
       19  0.99085  -0.021 -0.620  1.000 -0.209  0.103
       20  0.99266   0.241 -0.624 -0.209  1.000 -0.616
       22  0.82289  -0.011  0.330  0.103 -0.616  1.000
MINUIT - FIT ONLY 1-y
 **********
 **   60 **RES 
 **********
                   PARAMETER   14  ANy2 RESTORED TO VARIABLE.
                   PARAMETER    7  w_CBO RESTORED TO VARIABLE.
                   PARAMETER    6  A_CBO RESTORED TO VARIABLE.
                   PARAMETER    4  phi RESTORED TO VARIABLE.
                   PARAMETER    3  A0 RESTORED TO VARIABLE.
                   PARAMETER    1  N0 RESTORED TO VARIABLE.
 **********
 **   61 **FIX            0
 **********
 PARAMETER    0  IS UNDEFINED. IGNORED.
 **********
 **   62 **FIX            1
 **********
 **********
 **   63 **FIX            2
 **********
 PARAMETER    2  IS CONSTANT.   IGNORED.
 **********
 **   64 **FIX            3
 **********
 **********
 **   65 **FIX            4
 **********
 **********
 **   66 **FIX            5
 **********
 PARAMETER    5  IS CONSTANT.   IGNORED.
 **********
 **   67 **FIX            6
 **********
 **********
 **   68 **FIX            7
 **********
 **********
 **   69 **FIX            8
 **********
 **********
 **   70 **FIX            9
 **********
 PARAMETER    9  IS CONSTANT.   IGNORED.
 **********
 **   71 **FIX           13
 **********
 PARAMETER   13  IS CONSTANT.   IGNORED.
 **********
 **   72 **FIX           14
 **********
 **********
 **   73 **FIX           15
 **********
 PARAMETER   15  IS CONSTANT.   IGNORED.
 **********
 **   74 **FIX           16
 **********
 PARAMETER   16  IS CONSTANT.   IGNORED.
 **********
 **   75 **MIGRAD
 **********
 START MIGRAD MINIMIZATION.  STRATEGY  1.  CONVERGENCE WHEN EDM .LT. 1.00e-04
 FCN=394.86 FROM MIGRAD    STATUS=INITIATE        8 CALLS         970 TOTAL
                     EDM= unknown      STRATEGY= 1      NO ERROR MATRIX       
  EXT PARAMETER               CURRENT GUESS       STEP         FIRST   
  NO.   NAME      VALUE            ERROR          SIZE      DERIVATIVE 
   1  N0           3.41525e+06     fixed    
   2  tau          6.43976e+01   constant   
   3  A0           3.55029e-01     fixed    
   4  phi          4.12258e+00     fixed    
   5  R           -6.08295e+01   constant   
   6  A_CBO       -1.89355e-04     fixed    
   7  w_CBO        2.32615e+00     fixed    
   8  phi_CBO      1.53799e-01     fixed    
   9  ANx2         2.24467e-04   constant   
  10  pNx2         2.31915e+00   constant   
  11  ANy1         0.00000e+00   constant   
  12  pNy1         0.00000e+00   constant   
  13  w_y          0.00000e+00   constant   
  14  ANy2         9.23468e-05     fixed    
  15  pNy2         4.64502e+00   constant   
  16  w_vw         1.43138e+01   constant   
  17  LM          -1.76320e-04   constant   
  18  wCBO_expCoeff   1.99918e+02   1.56041e-01   1.63267e-04   4.57902e-02
  19  wCBO_expOffset   1.99988e+02   1.86827e-02   9.53617e-05   2.37791e-01
  20  wCBO_expT    3.00162e+01   7.40462e-03   1.43128e-05   6.14508e-01
  21  wCBO_linCoeff   0.00000e+00   constant   
  22  wCBO_const  -7.12710e-03   1.10148e-03   6.08095e-06   3.59039e-01
 MIGRAD MINIMIZATION HAS CONVERGED.
 MIGRAD WILL VERIFY CONVERGENCE AND ERROR MATRIX.
 COVARIANCE MATRIX CALCULATED SUCCESSFULLY
 FCN=394.86 FROM MIGRAD    STATUS=CONVERGED      47 CALLS        1009 TOTAL
                     EDM=9.60475e-07    STRATEGY= 1      ERROR MATRIX ACCURATE 
  EXT PARAMETER                                   STEP         FIRST   
  NO.   NAME      VALUE            ERROR          SIZE      DERIVATIVE 
   1  N0           3.41525e+06     fixed    
   2  tau          6.43976e+01   constant   
   3  A0           3.55029e-01     fixed    
   4  phi          4.12258e+00     fixed    
   5  R           -6.08295e+01   constant   
   6  A_CBO       -1.89355e-04     fixed    
   7  w_CBO        2.32615e+00     fixed    
   8  phi_CBO      1.53799e-01     fixed    
   9  ANx2         2.24467e-04   constant   
  10  pNx2         2.31915e+00   constant   
  11  ANy1         0.00000e+00   constant   
  12  pNy1         0.00000e+00   constant   
  13  w_y          0.00000e+00   constant   
  14  ANy2         9.23468e-05     fixed    
  15  pNy2         4.64502e+00   constant   
  16  w_vw         1.43138e+01   constant   
  17  LM          -1.76320e-04   constant   
  18  wCBO_expCoeff   1.99918e+02   1.54326e-01   1.63126e-04   7.00401e-03
  19  wCBO_expOffset   1.99988e+02   1.86938e-02   9.53617e-05   4.59471e-02
  20  wCBO_expT    3.00162e+01   7.18973e-03   1.43128e-05  -1.05716e-01
  21  wCBO_linCoeff   0.00000e+00   constant   
  22  wCBO_const  -7.12712e-03   1.10160e-03   6.08024e-06  -4.45441e-01
 EXTERNAL ERROR MATRIX.    NDIM=  25    NPAR=  4    ERR DEF=1
  2.382e-02 -1.821e-03 -6.787e-04  5.657e-05 
 -1.821e-03  3.495e-04 -2.822e-05  2.105e-06 
 -6.787e-04 -2.822e-05  5.169e-05 -5.006e-06 
  5.657e-05  2.105e-06 -5.006e-06  1.214e-06 
 PARAMETER  CORRELATION COEFFICIENTS  
       NO.  GLOBAL     18     19     20     22
       18  0.99406   1.000 -0.631 -0.612  0.333
       19  0.99086  -0.631  1.000 -0.210  0.102
       20  0.99221  -0.612 -0.210  1.000 -0.632
       22  0.82293   0.333  0.102 -0.632  1.000
MINUIT - FIT ONLY 2-y
 **********
 **   76 **RES 
 **********
                   PARAMETER   14  ANy2 RESTORED TO VARIABLE.
                   PARAMETER    8  phi_CBO RESTORED TO VARIABLE.
                   PARAMETER    7  w_CBO RESTORED TO VARIABLE.
                   PARAMETER    6  A_CBO RESTORED TO VARIABLE.
                   PARAMETER    4  phi RESTORED TO VARIABLE.
                   PARAMETER    3  A0 RESTORED TO VARIABLE.
                   PARAMETER    1  N0 RESTORED TO VARIABLE.
 **********
 **   77 **FIX            0
 **********
 PARAMETER    0  IS UNDEFINED. IGNORED.
 **********
 **   78 **FIX            1
 **********
 **********
 **   79 **FIX            2
 **********
 PARAMETER    2  IS CONSTANT.   IGNORED.
 **********
 **   80 **FIX            3
 **********
 **********
 **   81 **FIX            4
 **********
 **********
 **   82 **FIX            5
 **********
 PARAMETER    5  IS CONSTANT.   IGNORED.
 **********
 **   83 **FIX            6
 **********
 **********
 **   84 **FIX            7
 **********
 **********
 **   85 **FIX            8
 **********
 **********
 **   86 **FIX            9
 **********
 PARAMETER    9  IS CONSTANT.   IGNORED.
 **********
 **   87 **FIX           10
 **********
 PARAMETER   10  IS CONSTANT.   IGNORED.
 **********
 **   88 **FIX           11
 **********
 PARAMETER   11  IS CONSTANT.   IGNORED.
 **********
 **   89 **FIX           12
 **********
 PARAMETER   12  IS CONSTANT.   IGNORED.
 **********
 **   90 **FIX           16
 **********
 PARAMETER   16  IS CONSTANT.   IGNORED.
 **********
 **   91 **MIGRAD
 **********
 START MIGRAD MINIMIZATION.  STRATEGY  1.  CONVERGENCE WHEN EDM .LT. 1.00e-04
 FCN=394.86 FROM MIGRAD    STATUS=INITIATE       10 CALLS        1019 TOTAL
                     EDM= unknown      STRATEGY= 1      NO ERROR MATRIX       
  EXT PARAMETER               CURRENT GUESS       STEP         FIRST   
  NO.   NAME      VALUE            ERROR          SIZE      DERIVATIVE 
   1  N0           3.41525e+06     fixed    
   2  tau          6.43976e+01   constant   
   3  A0           3.55029e-01     fixed    
   4  phi          4.12258e+00     fixed    
   5  R           -6.08295e+01   constant   
   6  A_CBO       -1.89355e-04     fixed    
   7  w_CBO        2.32615e+00     fixed    
   8  phi_CBO      1.53799e-01     fixed    
   9  ANx2         2.24467e-04   constant   
  10  pNx2         2.31915e+00   constant   
  11  ANy1         0.00000e+00   constant   
  12  pNy1         0.00000e+00   constant   
  13  w_y          0.00000e+00   constant   
  14  ANy2         9.23468e-05   3.87732e-04   3.87732e-04  -3.37989e+02
  15  pNy2         4.64502e+00   constant   
  16  w_vw         1.43138e+01   constant   
  17  LM          -1.76320e-04   constant   
  18  wCBO_expCoeff   1.99918e+02   1.54326e-01   1.63126e-04   6.76332e-03
  19  wCBO_expOffset   1.99988e+02   1.86938e-02   9.53617e-05  -2.51527e-02
  20  wCBO_expT    3.00162e+01   7.18973e-03   1.43128e-05  -1.28540e-01
  21  wCBO_linCoeff   0.00000e+00   constant   
  22  wCBO_const  -7.12712e-03   1.10160e-03   6.08024e-06  -4.44491e-01
 MIGRAD MINIMIZATION HAS CONVERGED.
 MIGRAD WILL VERIFY CONVERGENCE AND ERROR MATRIX.
 COVARIANCE MATRIX CALCULATED SUCCESSFULLY
 FCN=394.856 FROM MIGRAD    STATUS=CONVERGED      68 CALLS        1077 TOTAL
                     EDM=1.17291e-06    STRATEGY= 1      ERROR MATRIX ACCURATE 
  EXT PARAMETER                                   STEP         FIRST   
  NO.   NAME      VALUE            ERROR          SIZE      DERIVATIVE 
   1  N0           3.41525e+06     fixed    
   2  tau          6.43976e+01   constant   
   3  A0           3.55029e-01     fixed    
   4  phi          4.12258e+00     fixed    
   5  R           -6.08295e+01   constant   
   6  A_CBO       -1.89355e-04     fixed    
   7  w_CBO        2.32615e+00     fixed    
   8  phi_CBO      1.53799e-01     fixed    
   9  ANx2         2.24467e-04   constant   
  10  pNx2         2.31915e+00   constant   
  11  ANy1         0.00000e+00   constant   
  12  pNy1         0.00000e+00   constant   
  13  w_y          0.00000e+00   constant   
  14  ANy2         1.17112e-04   3.82861e-04   3.71788e-06   2.94117e-02
  15  pNy2         4.64502e+00   constant   
  16  w_vw         1.43138e+01   constant   
  17  LM          -1.76320e-04   constant   
  18  wCBO_expCoeff   1.99918e+02   1.54111e-01   1.62974e-04  -2.26035e-02
  19  wCBO_expOffset   1.99988e+02   1.86636e-02   9.53617e-05  -1.50862e-01
  20  wCBO_expT    3.00162e+01   7.18000e-03   1.43128e-05  -2.69148e-01
  21  wCBO_linCoeff   0.00000e+00   constant   
  22  wCBO_const  -7.12736e-03   1.10144e-03   6.07808e-06   1.31813e+00
 EXTERNAL ERROR MATRIX.    NDIM=  25    NPAR=  5    ERR DEF=1
  1.466e-07  4.936e-07 -7.746e-09 -2.642e-08 -3.957e-09 
  4.936e-07  2.375e-02 -1.816e-03 -6.770e-04  5.646e-05 
 -7.746e-09 -1.816e-03  3.483e-04 -2.810e-05  2.098e-06 
 -2.642e-08 -6.770e-04 -2.810e-05  5.155e-05 -4.996e-06 
 -3.957e-09  5.646e-05  2.098e-06 -4.996e-06  1.213e-06 
 PARAMETER  CORRELATION COEFFICIENTS  
       NO.  GLOBAL     14     18     19     20     22
       14  0.02905   1.000  0.008 -0.001 -0.010 -0.009
       18  0.99406   0.008  1.000 -0.631 -0.612  0.333
       19  0.99085  -0.001 -0.631  1.000 -0.210  0.102
       20  0.99221  -0.010 -0.612 -0.210  1.000 -0.632
       22  0.82303  -0.009  0.333  0.102 -0.632  1.000
MINUIT - FIT ALTOGETHER
 **********
 **   92 **RES 
 **********
                   PARAMETER    8  phi_CBO RESTORED TO VARIABLE.
                   PARAMETER    7  w_CBO RESTORED TO VARIABLE.
                   PARAMETER    6  A_CBO RESTORED TO VARIABLE.
                   PARAMETER    4  phi RESTORED TO VARIABLE.
                   PARAMETER    3  A0 RESTORED TO VARIABLE.
                   PARAMETER    1  N0 RESTORED TO VARIABLE.
 **********
 **   93 **MIGRAD
 **********
 START MIGRAD MINIMIZATION.  STRATEGY  1.  CONVERGENCE WHEN EDM .LT. 1.00e-04
 FCN=394.856 FROM MIGRAD    STATUS=INITIATE       22 CALLS        1099 TOTAL
                     EDM= unknown      STRATEGY= 1      NO ERROR MATRIX       
  EXT PARAMETER               CURRENT GUESS       STEP         FIRST   
  NO.   NAME      VALUE            ERROR          SIZE      DERIVATIVE 
   1  N0           3.41525e+06   9.29244e+02   9.29244e+02  -1.43858e-03
   2  tau          6.43976e+01   constant   
   3  A0           3.55029e-01   3.58308e-04   3.58308e-04   1.95705e+02
   4  phi          4.12258e+00   1.06745e-03   1.06745e-03   3.27371e+02
   5  R           -6.08295e+01   constant   
   6  A_CBO       -1.89355e-04   4.91132e-04   4.91132e-04   4.36666e+03
   7  w_CBO        2.32615e+00   2.14720e-03   2.14720e-03  -1.44942e+00
   8  phi_CBO      1.53799e-01   1.36487e+00   1.36487e+00   7.61952e-03
   9  ANx2         2.24467e-04   constant   
  10  pNx2         2.31915e+00   constant   
  11  ANy1         0.00000e+00   constant   
  12  pNy1         0.00000e+00   constant   
  13  w_y          0.00000e+00   constant   
  14  ANy2         1.17112e-04   3.82861e-04   3.71788e-06   2.94120e-02
  15  pNy2         4.64502e+00   constant   
  16  w_vw         1.43138e+01   constant   
  17  LM          -1.76320e-04   constant   
  18  wCBO_expCoeff   1.99918e+02   1.54111e-01   1.62974e-04  -2.32552e-02
  19  wCBO_expOffset   1.99988e+02   1.86636e-02   9.53617e-05  -2.22195e-01
  20  wCBO_expT    3.00162e+01   7.18000e-03   1.43128e-05  -2.92105e-01
  21  wCBO_linCoeff   0.00000e+00   constant   
  22  wCBO_const  -7.12736e-03   1.10144e-03   6.07808e-06   1.31900e+00
 MIGRAD MINIMIZATION HAS CONVERGED.
 FCN=393.657 FROM MIGRAD    STATUS=CONVERGED     217 CALLS        1294 TOTAL
                     EDM=5.82836e-08    STRATEGY= 1  ERROR MATRIX UNCERTAINTY   1.7 per cent
  EXT PARAMETER                                   STEP         FIRST   
  NO.   NAME      VALUE            ERROR          SIZE      DERIVATIVE 
   1  N0           3.41582e+06   9.25698e+02  -9.55712e-01  -5.74561e-08
   2  tau          6.43976e+01   constant   
   3  A0           3.55016e-01   3.60740e-04  -6.97737e-07  -5.54326e-01
