 + ++++++++++++++++++++++++++++++++++++++++++++++++++++++++++++++++++++ +
 +                                                                      +
 +           You have chose to blind your fitting according to          +
 +                omega_ref * (1 + (R +/- deltaR) *10^{-6})             +
 +                                                                      +
 + ++++++++++++++++++++++++++++++++++++++++++++++++++++++++++++++++++++ +
In main()...
reading format from /gm2data/zkhechad/run45/envelope/formats/formatB_sBin_constraintOn.txt
pBinTau 	= 0  
pBinPhi 	= 0  
constraintau 	= 1 
includeMopTerm 	= 0    
constrainMop    = 0   
Parameters after format file: pBinTau 0 pBinPhi 0 constraintau 1 includeMopTerm 0 constrainMop 0 c_e_scale 0.000000 
reading cbo reference file (full fit) from /gm2data/zkhechad/cboTemplates/Run4CBOTemplates/fullFits/run4/sBin_constraintOn_cE0.0_seed0_run4_calo11.root
A_CBO 0.010027 w_CBO 2.327222 phi_CBO 0.184420 N0 3062002.636939 R -61.179583 tau 64.395304 
Reading cboRef file /gm2data/zkhechad/cboTemplates/Run4CBOTemplates//cboIsolate/run4_calo11.root
deltaT 164.120000
windowBins = 1100
fitting sliding window 2000 from bin 2203 at 328.687600 to bin 3303 at 492.807600 (1100 bins)

Reading data from /gm2data/cornell/histograms/aMethod/histogram_a_run4.root
fitting cbo isolate
 **********
 **    1 **SET PRINTOUT            1
 **********
 **********
 **    2 **SET NOWARNINGS 
 **********
 PARAMETER DEFINITIONS:
    NO.   NAME         VALUE      STEP SIZE      LIMITS
     1 A_CBO        1.00270e-02  1.00000e-05     no limits
     2 w_CBO        2.32722e+00  1.00000e-02    2.00000e+00  3.00000e+00
     3 phi_CBO      1.84420e-01  1.00000e-02    0.00000e+00  6.28319e+00
 **********
 **    3 **MIGRAD
 **********
 FIRST CALL TO USER FUNCTION AT NEW START POINT, WITH IFLAG=4.
 START MIGRAD MINIMIZATION.  STRATEGY  1.  CONVERGENCE WHEN EDM .LT. 1.00e-04
 FCN=0.141257 FROM MIGRAD    STATUS=INITIATE       12 CALLS          13 TOTAL
                     EDM= unknown      STRATEGY= 1      NO ERROR MATRIX       
  EXT PARAMETER               CURRENT GUESS       STEP         FIRST   
  NO.   NAME      VALUE            ERROR          SIZE      DERIVATIVE 
   1  A_CBO        1.00270e-02   1.00000e-05   1.00000e-05   9.34843e+00
   2  w_CBO        2.32722e+00   1.00000e-02   2.13152e-02   3.21175e-01
   3  phi_CBO      1.84420e-01   1.00000e-02   9.43260e-03  -1.61477e-03
 MIGRAD MINIMIZATION HAS CONVERGED.
 MIGRAD WILL VERIFY CONVERGENCE AND ERROR MATRIX.
 COVARIANCE MATRIX CALCULATED SUCCESSFULLY
 FCN=0.101401 FROM MIGRAD    STATUS=CONVERGED      52 CALLS          53 TOTAL
                     EDM=3.48037e-05    STRATEGY= 1      ERROR MATRIX ACCURATE 
  EXT PARAMETER                                   STEP         FIRST   
  NO.   NAME      VALUE            ERROR          SIZE      DERIVATIVE 
   1  A_CBO        1.47312e-03   4.36549e-02   2.18899e-05  -3.94744e-02
   2  w_CBO        2.32706e+00   6.63317e-01   8.15282e-05   5.68201e-06
   3  phi_CBO      2.20511e-01   5.57689e+00   9.49347e-03   4.37330e-05
 EXTERNAL ERROR MATRIX.    NDIM=  25    NPAR=  3    ERR DEF=1
  1.906e-03 -4.959e-03 -1.862e+00 
 -4.959e-03  3.046e-01  1.129e+02 
 -1.862e+00  1.129e+02  4.262e+04 
 PARAMETER  CORRELATION COEFFICIENTS  
       NO.  GLOBAL      1      2      3
        1  0.20675   1.000 -0.206 -0.207
        2  0.99068  -0.206  1.000  0.991
        3  0.99068  -0.207  0.991  1.000
setting A_CBO=0.001473 w_CBO=2.327057, phi_CBO=0.220511
done fitting cbo isolate
 **********
 **    1 **SET PRINTOUT            1
 **********
 **********
 **    2 **SET NOWARNINGS 
 **********
 PARAMETER DEFINITIONS:
    NO.   NAME         VALUE      STEP SIZE      LIMITS
     1 N0           3.06200e+06  1.00000e+02     no limits
     2 tau          6.43953e+01  constant
     3 A0           3.42893e-01  1.00000e-04     no limits
     4 phi          4.11802e+00  1.00000e-02     no limits
     5 R           -6.11796e+01  constant
     6 A_CBO        1.47312e-03  1.00000e-05     no limits
     7 w_CBO        2.32706e+00  1.00000e-03     no limits
     8 phi_CBO      2.20511e-01  1.00000e-04     no limits
     9 ANx2         4.90616e-04  constant
    10 pNx2         2.30674e+00  constant
    11 ANy1         0.00000e+00  constant
    12 pNy1         0.00000e+00  constant
    13 w_y          0.00000e+00  constant
    14 ANy2         9.23997e-03  1.00000e-04     no limits
    15 pNy2         3.41148e-01  constant
    16 w_vw         1.43130e+01  constant
    17 LM          -3.45991e-04  constant
    18 wCBO_expCoeff   2.00000e+02  1.00000e+00     no limits
    19 wCBO_expOffset   2.00000e+02  1.00000e+00     no limits
    20 wCBO_expT    3.00000e+01  1.00000e+00     no limits
    21 wCBO_linCoeff   0.00000e+00  constant
    22 wCBO_const   0.00000e+00  1.00000e-02     no limits
MINUIT - FIT ONLY WIGGLE
 **********
 **    3 **FIX            5
 **********
 PARAMETER    5  IS CONSTANT.   IGNORED.
 **********
 **    4 **FIX            6
 **********
 **********
 **    5 **FIX            7
 **********
 **********
 **    6 **FIX            8
 **********
 **********
 **    7 **FIX            9
 **********
 PARAMETER    9  IS CONSTANT.   IGNORED.
 **********
 **    8 **FIX           10
 **********
 PARAMETER   10  IS CONSTANT.   IGNORED.
 **********
 **    9 **FIX           11
 **********
 PARAMETER   11  IS CONSTANT.   IGNORED.
 **********
 **   10 **FIX           12
 **********
 PARAMETER   12  IS CONSTANT.   IGNORED.
 **********
 **   11 **FIX           13
 **********
 PARAMETER   13  IS CONSTANT.   IGNORED.
 **********
 **   12 **FIX           14
 **********
 **********
 **   13 **FIX           15
 **********
 PARAMETER   15  IS CONSTANT.   IGNORED.
 **********
 **   14 **FIX           16
 **********
 PARAMETER   16  IS CONSTANT.   IGNORED.
 **********
 **   15 **MIGRAD
 **********
 FIRST CALL TO USER FUNCTION AT NEW START POINT, WITH IFLAG=4.
 START MIGRAD MINIMIZATION.  STRATEGY  1.  CONVERGENCE WHEN EDM .LT. 1.00e-04
 FCN=538.702 FROM MIGRAD    STATUS=INITIATE       90 CALLS          91 TOTAL
                     EDM= unknown      STRATEGY= 1      NO ERROR MATRIX       
  EXT PARAMETER               CURRENT GUESS       STEP         FIRST   
  NO.   NAME      VALUE            ERROR          SIZE      DERIVATIVE 
   1  N0           3.06200e+06   1.00000e+02   0.00000e+00   3.46949e-04
   2  tau          6.43953e+01   constant   
   3  A0           3.42893e-01   1.00000e-04   0.00000e+00   1.88351e+03
   4  phi          4.11802e+00   1.00000e-02   0.00000e+00  -3.35343e+02
   5  R           -6.11796e+01   constant   
   6  A_CBO        1.47312e-03     fixed    
   7  w_CBO        2.32706e+00     fixed    
   8  phi_CBO      2.20511e-01     fixed    
   9  ANx2         4.90616e-04   constant   
  10  pNx2         2.30674e+00   constant   
  11  ANy1         0.00000e+00   constant   
  12  pNy1         0.00000e+00   constant   
  13  w_y          0.00000e+00   constant   
  14  ANy2         9.23997e-03     fixed    
  15  pNy2         3.41148e-01   constant   
  16  w_vw         1.43130e+01   constant   
  17  LM          -3.45991e-04   constant   
  18  wCBO_expCoeff   1.99853e+02   1.00000e+00   0.00000e+00   2.27640e+01
  19  wCBO_expOffset   2.00000e+02   1.00000e+00   0.00000e+00   1.51649e+02
  20  wCBO_expT    3.00000e+01   1.00000e+00   0.00000e+00   6.11461e+02
  21  wCBO_linCoeff   0.00000e+00   constant   
  22  wCBO_const   9.33764e-04   1.00000e-02   9.33764e-04  -4.41283e+01
 MIGRAD MINIMIZATION HAS CONVERGED.
 FCN=530.985 FROM MIGRAD    STATUS=CONVERGED     249 CALLS         250 TOTAL
                     EDM=2.89334e-06    STRATEGY= 1  ERROR MATRIX UNCERTAINTY   0.7 per cent
  EXT PARAMETER                                   STEP         FIRST   
  NO.   NAME      VALUE            ERROR          SIZE      DERIVATIVE 
   1  N0           3.06191e+06   1.32964e+03  -1.28732e+01   4.73311e-07
   2  tau          6.43953e+01   constant   
   3  A0           3.42397e-01   5.78691e-04   3.38752e-06   1.64578e-01
   4  phi          4.11860e+00   1.75669e-03  -1.97042e-05   6.10252e-01
   5  R           -6.11796e+01   constant   
   6  A_CBO        1.47312e-03     fixed    
   7  w_CBO        2.32706e+00     fixed    
   8  phi_CBO      2.20511e-01     fixed    
   9  ANx2         4.90616e-04   constant   
  10  pNx2         2.30674e+00   constant   
  11  ANy1         0.00000e+00   constant   
  12  pNy1         0.00000e+00   constant   
  13  w_y          0.00000e+00   constant   
  14  ANy2         9.23997e-03     fixed    
  15  pNy2         3.41148e-01   constant   
  16  w_vw         1.43130e+01   constant   
  17  LM          -3.45991e-04   constant   
  18  wCBO_expCoeff   1.99947e+02   4.75103e-01   2.49714e-03   4.73602e-02
  19  wCBO_expOffset   2.00014e+02   7.10553e-02   3.74866e-04   3.15867e-01
  20  wCBO_expT    2.99792e+01   3.10043e-02  -1.72579e-04   1.43024e+00
  21  wCBO_linCoeff   0.00000e+00   constant   
  22  wCBO_const   4.12149e-03   9.30204e-04   7.51452e-06   3.67486e+00
 EXTERNAL ERROR MATRIX.    NDIM=  25    NPAR=  7    ERR DEF=1
  1.768e+06  6.125e-03  1.532e-02 -1.795e+01 -2.673e+00  1.405e+00 -5.500e-02 
  6.125e-03  3.349e-07 -7.631e-09  4.308e-06  6.428e-07 -3.293e-07  2.204e-08 
  1.532e-02 -7.631e-09  3.086e-06  1.190e-05  1.789e-06 -8.039e-07  7.282e-09 
 -1.795e+01  4.308e-06  1.190e-05  2.257e-01  2.373e-02 -1.352e-02  2.838e-04 
 -2.673e+00  6.428e-07  1.789e-06  2.373e-02  5.049e-03 -2.021e-03  4.238e-05 
  1.405e+00 -3.293e-07 -8.039e-07 -1.352e-02 -2.021e-03  9.613e-04 -2.171e-05 
 -5.500e-02  2.204e-08  7.282e-09  2.838e-04  4.238e-05 -2.171e-05  8.653e-07 
 PARAMETER  CORRELATION COEFFICIENTS  
       NO.  GLOBAL      1      3      4     18     19     20     22
        1  0.04776   1.000  0.008  0.007 -0.028 -0.028  0.034 -0.044
        3  0.05545   0.008  1.000 -0.008  0.016  0.016 -0.018  0.041
        4  0.02052   0.007 -0.008  1.000  0.014  0.014 -0.015  0.004
       18  0.99239  -0.028  0.016  0.014  1.000  0.703 -0.918  0.642
       19  0.99234  -0.028  0.016  0.014  0.703  1.000 -0.917  0.641
       20  0.99807   0.034 -0.018 -0.015 -0.918 -0.917  1.000 -0.753
       22  0.90605  -0.044  0.041  0.004  0.642  0.641 -0.753  1.000
MINUIT - FIT ONLY 1-CBO + other amplitudes 
 **********
 **   16 **RES 
 **********
                   PARAMETER   14  ANy2 RESTORED TO VARIABLE.
                   PARAMETER    8  phi_CBO RESTORED TO VARIABLE.
                   PARAMETER    7  w_CBO RESTORED TO VARIABLE.
                   PARAMETER    6  A_CBO RESTORED TO VARIABLE.
 **********
 **   17 **FIX            0
 **********
 PARAMETER    0  IS UNDEFINED. IGNORED.
 **********
 **   18 **FIX            1
 **********
 **********
 **   19 **FIX            2
 **********
 PARAMETER    2  IS CONSTANT.   IGNORED.
 **********
 **   20 **FIX            3
 **********
 **********
 **   21 **FIX            4
 **********
 **********
 **   22 **FIX            9
 **********
 PARAMETER    9  IS CONSTANT.   IGNORED.
 **********
 **   23 **FIX           11
 **********
 PARAMETER   11  IS CONSTANT.   IGNORED.
 **********
 **   24 **FIX           12
 **********
 PARAMETER   12  IS CONSTANT.   IGNORED.
 **********
 **   25 **FIX           14
 **********
 **********
 **   26 **FIX           15
 **********
 PARAMETER   15  IS CONSTANT.   IGNORED.
 **********
 **   27 **FIX           16
 **********
 PARAMETER   16  IS CONSTANT.   IGNORED.
 **********
 **   28 **MIGRAD
 **********
 START MIGRAD MINIMIZATION.  STRATEGY  1.  CONVERGENCE WHEN EDM .LT. 1.00e-04
 FCN=530.985 FROM MIGRAD    STATUS=INITIATE       20 CALLS         270 TOTAL
                     EDM= unknown      STRATEGY= 1      NO ERROR MATRIX       
  EXT PARAMETER               CURRENT GUESS       STEP         FIRST   
  NO.   NAME      VALUE            ERROR          SIZE      DERIVATIVE 
   1  N0           3.06191e+06     fixed    
   2  tau          6.43953e+01   constant   
   3  A0           3.42397e-01     fixed    
   4  phi          4.11860e+00     fixed    
   5  R           -6.11796e+01   constant   
   6  A_CBO        1.47312e-03   1.00000e-05   1.00000e-05   1.53101e+03
   7  w_CBO        2.32706e+00   1.00000e-03   1.00000e-03   5.65366e+00
   8  phi_CBO      2.20511e-01   1.00000e-04   1.00000e-04  -3.05832e-01
   9  ANx2         4.90616e-04   constant   
  10  pNx2         2.30674e+00   constant   
  11  ANy1         0.00000e+00   constant   
  12  pNy1         0.00000e+00   constant   
  13  w_y          0.00000e+00   constant   
  14  ANy2         9.23997e-03     fixed    
  15  pNy2         3.41148e-01   constant   
  16  w_vw         1.43130e+01   constant   
  17  LM          -3.45991e-04   constant   
  18  wCBO_expCoeff   1.99947e+02   4.75103e-01   2.49714e-03   4.73601e-02
  19  wCBO_expOffset   2.00014e+02   7.10553e-02   3.74866e-04   3.15867e-01
  20  wCBO_expT    2.99792e+01   3.10043e-02  -1.72579e-04   1.43024e+00
  21  wCBO_linCoeff   0.00000e+00   constant   
  22  wCBO_const   4.12149e-03   9.30204e-04   7.51452e-06   3.67486e+00
 MIGRAD MINIMIZATION HAS CONVERGED.
 MIGRAD WILL VERIFY CONVERGENCE AND ERROR MATRIX.
 COVARIANCE MATRIX CALCULATED SUCCESSFULLY
 FCN=530.76 FROM MIGRAD    STATUS=CONVERGED     157 CALLS         407 TOTAL
                     EDM=1.68811e-05    STRATEGY= 1      ERROR MATRIX ACCURATE 
  EXT PARAMETER                                   STEP         FIRST   
  NO.   NAME      VALUE            ERROR          SIZE      DERIVATIVE 
   1  N0           3.06191e+06     fixed    
   2  tau          6.43953e+01   constant   
   3  A0           3.42397e-01     fixed    
   4  phi          4.11860e+00     fixed    
   5  R           -6.11796e+01   constant   
   6  A_CBO        1.18928e-03   6.11426e-04   6.85666e-06   7.78607e-02
   7  w_CBO        2.32707e+00   1.37240e-02   4.74661e-06  -1.00330e-01
   8  phi_CBO      2.75625e-01   6.88387e-01   5.76091e-03   1.78236e-04
   9  ANx2         4.90616e-04   constant   
  10  pNx2         2.30674e+00   constant   
  11  ANy1         0.00000e+00   constant   
  12  pNy1         0.00000e+00   constant   
  13  w_y          0.00000e+00   constant   
  14  ANy2         9.23997e-03     fixed    
  15  pNy2         3.41148e-01   constant   
  16  w_vw         1.43130e+01   constant   
  17  LM          -3.45991e-04   constant   
  18  wCBO_expCoeff   1.99946e+02   1.30530e+00   6.69906e-04  -2.24253e-04
  19  wCBO_expOffset   2.00014e+02   1.95801e-01   1.00443e-04  -1.49970e-03
  20  wCBO_expT    2.99792e+01   2.60506e-02   2.16372e-05  -2.33840e-01
  21  wCBO_linCoeff   0.00000e+00   constant   
  22  wCBO_const   4.15368e-03   5.91041e-03   4.50429e-06  -1.87720e-01
 EXTERNAL ERROR MATRIX.    NDIM=  25    NPAR=  7    ERR DEF=1
  3.738e-07 -1.887e-08  1.002e-05 -2.888e-06 -4.320e-07  4.359e-07 -2.641e-08 
 -1.887e-08  1.883e-04 -1.835e-04 -7.270e-03 -1.093e-03 -5.623e-05 -8.033e-05 
  1.002e-05 -1.835e-04  4.739e-01 -2.352e-02 -3.521e-03  2.942e-03  1.366e-04 
 -2.888e-06 -7.270e-03 -2.352e-02  1.704e+00 -1.309e-01 -7.181e-03  3.266e-03 
 -4.320e-07 -1.093e-03 -3.521e-03 -1.309e-01  3.834e-02 -1.076e-03  4.909e-04 
  4.359e-07 -5.623e-05  2.942e-03 -7.181e-03 -1.076e-03  6.786e-04  1.095e-05 
 -2.641e-08 -8.033e-05  1.366e-04  3.266e-03  4.909e-04  1.095e-05  3.493e-05 
 PARAMETER  CORRELATION COEFFICIENTS  
       NO.  GLOBAL      6      7      8     18     19     20     22
        6  0.08966   1.000 -0.002  0.024 -0.004 -0.004  0.027 -0.007
        7  0.99953  -0.002  1.000 -0.019 -0.406 -0.407 -0.157 -0.990
        8  0.66924   0.024 -0.019  1.000 -0.026 -0.026  0.164  0.034
       18  0.99896  -0.004 -0.406 -0.026  1.000 -0.512 -0.211  0.423
       19  0.99896  -0.004 -0.407 -0.026 -0.512  1.000 -0.211  0.424
       20  0.99728   0.027 -0.157  0.164 -0.211 -0.211  1.000  0.071
       22  0.99771  -0.007 -0.990  0.034  0.423  0.424  0.071  1.000
MINUIT - FIT ONLY 1-CBO
 **********
 **   29 **RES 
 **********
                   PARAMETER   14  ANy2 RESTORED TO VARIABLE.
                   PARAMETER    4  phi RESTORED TO VARIABLE.
                   PARAMETER    3  A0 RESTORED TO VARIABLE.
                   PARAMETER    1  N0 RESTORED TO VARIABLE.
 **********
 **   30 **FIX            0
 **********
 PARAMETER    0  IS UNDEFINED. IGNORED.
 **********
 **   31 **FIX            1
 **********
 **********
 **   32 **FIX            2
 **********
 PARAMETER    2  IS CONSTANT.   IGNORED.
 **********
 **   33 **FIX            3
 **********
 **********
 **   34 **FIX            4
 **********
 **********
 **   35 **FIX            8
 **********
 **********
 **   36 **FIX            9
 **********
 PARAMETER    9  IS CONSTANT.   IGNORED.
 **********
 **   37 **FIX           11
 **********
 PARAMETER   11  IS CONSTANT.   IGNORED.
 **********
 **   38 **FIX           12
 **********
 PARAMETER   12  IS CONSTANT.   IGNORED.
 **********
 **   39 **FIX           13
 **********
 PARAMETER   13  IS CONSTANT.   IGNORED.
 **********
 **   40 **FIX           15
 **********
 PARAMETER   15  IS CONSTANT.   IGNORED.
 **********
 **   41 **FIX           16
 **********
 PARAMETER   16  IS CONSTANT.   IGNORED.
 **********
 **   42 **MIGRAD
 **********
 START MIGRAD MINIMIZATION.  STRATEGY  1.  CONVERGENCE WHEN EDM .LT. 1.00e-04
 FCN=530.76 FROM MIGRAD    STATUS=INITIATE       16 CALLS         423 TOTAL
                     EDM= unknown      STRATEGY= 1      NO ERROR MATRIX       
  EXT PARAMETER               CURRENT GUESS       STEP         FIRST   
  NO.   NAME      VALUE            ERROR          SIZE      DERIVATIVE 
   1  N0           3.06191e+06     fixed    
   2  tau          6.43953e+01   constant   
   3  A0           3.42397e-01     fixed    
   4  phi          4.11860e+00     fixed    
   5  R           -6.11796e+01   constant   
   6  A_CBO        1.18928e-03   6.11426e-04   6.85666e-06   7.78607e-02
   7  w_CBO        2.32707e+00   1.37240e-02   4.74661e-06  -1.01432e-01
   8  phi_CBO      2.75625e-01     fixed    
   9  ANx2         4.90616e-04   constant   
  10  pNx2         2.30674e+00   constant   
  11  ANy1         0.00000e+00   constant   
  12  pNy1         0.00000e+00   constant   
  13  w_y          0.00000e+00   constant   
  14  ANy2         9.23997e-03   1.00000e-04   1.00000e-04   5.01214e+04
  15  pNy2         3.41148e-01   constant   
  16  w_vw         1.43130e+01   constant   
  17  LM          -3.45991e-04   constant   
  18  wCBO_expCoeff   1.99946e+02   1.30530e+00   6.69906e-04  -2.37841e-04
  19  wCBO_expOffset   2.00014e+02   1.95801e-01   1.00443e-04  -2.00715e-03
  20  wCBO_expT    2.99792e+01   2.60506e-02   2.16372e-05  -2.35780e-01
  21  wCBO_linCoeff   0.00000e+00   constant   
  22  wCBO_const   4.15368e-03   5.91041e-03   4.50429e-06  -1.84265e-01
 MIGRAD MINIMIZATION HAS CONVERGED.
 MIGRAD WILL VERIFY CONVERGENCE AND ERROR MATRIX.
 COVARIANCE MATRIX CALCULATED SUCCESSFULLY
 FCN=296.596 FROM MIGRAD    STATUS=CONVERGED     223 CALLS         630 TOTAL
                     EDM=1.02965e-06    STRATEGY= 1      ERROR MATRIX ACCURATE 
  EXT PARAMETER                                   STEP         FIRST   
  NO.   NAME      VALUE            ERROR          SIZE      DERIVATIVE 
   1  N0           3.06191e+06     fixed    
   2  tau          6.43953e+01   constant   
   3  A0           3.42397e-01     fixed    
   4  phi          4.11860e+00     fixed    
   5  R           -6.11796e+01   constant   
   6  A_CBO        2.92209e-04   6.70045e-04   5.11899e-06   3.47336e-01
   7  w_CBO        2.32780e+00   1.22057e-02   6.05451e-06  -1.48399e+00
   8  phi_CBO      2.75625e-01     fixed    
   9  ANx2         4.90616e-04   constant   
  10  pNx2         2.30674e+00   constant   
  11  ANy1         0.00000e+00   constant   
  12  pNy1         0.00000e+00   constant   
  13  w_y          0.00000e+00   constant   
  14  ANy2        -1.31938e-04   6.14883e-04   5.12420e-06   8.29148e-01
  15  pNy2         3.41148e-01   constant   
  16  w_vw         1.43130e+01   constant   
  17  LM          -3.45991e-04   constant   
  18  wCBO_expCoeff   2.00143e+02   1.41736e+00   9.82500e-04  -5.06215e-03
  19  wCBO_expOffset   2.00043e+02   2.12214e-01   1.47087e-04  -3.38591e-02
  20  wCBO_expT    2.99620e+01   3.59516e-02   3.09366e-05  -1.72129e-01
  21  wCBO_linCoeff   0.00000e+00   constant   
  22  wCBO_const   3.90393e-03   5.24795e-03   4.46795e-06  -2.43176e+00
 EXTERNAL ERROR MATRIX.    NDIM=  25    NPAR=  7    ERR DEF=1
  4.490e-07 -4.149e-07  4.988e-08 -8.423e-05 -1.261e-05  7.470e-06  1.236e-07 
 -4.149e-07  1.490e-04 -6.581e-08 -5.200e-03 -7.795e-04 -8.002e-05 -6.331e-05 
  4.988e-08 -6.581e-08  3.781e-07 -1.365e-05 -2.043e-06  1.328e-06  2.249e-08 
 -8.423e-05 -5.200e-03 -1.365e-05  2.009e+00 -1.630e-01 -1.567e-02  2.408e-03 
 -1.261e-05 -7.795e-04 -2.043e-06 -1.630e-01  4.503e-02 -2.345e-03  3.610e-04 
  7.470e-06 -8.002e-05  1.328e-06 -1.567e-02 -2.345e-03  1.293e-03  1.857e-05 
  1.236e-07 -6.331e-05  2.249e-08  2.408e-03  3.610e-04  1.857e-05  2.754e-05 
 PARAMETER  CORRELATION COEFFICIENTS  
       NO.  GLOBAL      6      7     14     18     19     20     22
        6  0.42140   1.000 -0.051  0.121 -0.089 -0.089  0.310  0.035
        7  0.99827  -0.051  1.000 -0.009 -0.301 -0.301 -0.182 -0.988
       14  0.14555   0.121 -0.009  1.000 -0.016 -0.016  0.060  0.007
       18  0.99661  -0.089 -0.301 -0.016  1.000 -0.542 -0.307  0.324
       19  0.99661  -0.089 -0.301 -0.016 -0.542  1.000 -0.307  0.324
       20  0.99477   0.310 -0.182  0.060 -0.307 -0.307  1.000  0.098
       22  0.99488   0.035 -0.988  0.007  0.324  0.324  0.098  1.000
MINUIT - FIT ONLY 2-CBO
 **********
 **   43 **RES 
 **********
                   PARAMETER    8  phi_CBO RESTORED TO VARIABLE.
                   PARAMETER    4  phi RESTORED TO VARIABLE.
                   PARAMETER    3  A0 RESTORED TO VARIABLE.
                   PARAMETER    1  N0 RESTORED TO VARIABLE.
 **********
 **   44 **FIX            0
 **********
 PARAMETER    0  IS UNDEFINED. IGNORED.
 **********
 **   45 **FIX            1
 **********
 **********
 **   46 **FIX            2
 **********
 PARAMETER    2  IS CONSTANT.   IGNORED.
 **********
 **   47 **FIX            3
 **********
 **********
 **   48 **FIX            4
 **********
 **********
 **   49 **FIX            5
 **********
 PARAMETER    5  IS CONSTANT.   IGNORED.
 **********
 **   50 **FIX            6
 **********
 **********
 **   51 **FIX            7
 **********
 **********
 **   52 **FIX           10
 **********
 PARAMETER   10  IS CONSTANT.   IGNORED.
 **********
 **   53 **FIX           11
 **********
 PARAMETER   11  IS CONSTANT.   IGNORED.
 **********
 **   54 **FIX           12
 **********
 PARAMETER   12  IS CONSTANT.   IGNORED.
 **********
 **   55 **FIX           13
 **********
 PARAMETER   13  IS CONSTANT.   IGNORED.
 **********
 **   56 **FIX           14
 **********
 **********
 **   57 **FIX           15
 **********
 PARAMETER   15  IS CONSTANT.   IGNORED.
 **********
 **   58 **FIX           16
 **********
 PARAMETER   16  IS CONSTANT.   IGNORED.
 **********
 **   59 **MIGRAD
 **********
 START MIGRAD MINIMIZATION.  STRATEGY  1.  CONVERGENCE WHEN EDM .LT. 1.00e-04
 FCN=296.596 FROM MIGRAD    STATUS=INITIATE       12 CALLS         642 TOTAL
                     EDM= unknown      STRATEGY= 1      NO ERROR MATRIX       
  EXT PARAMETER               CURRENT GUESS       STEP         FIRST   
  NO.   NAME      VALUE            ERROR          SIZE      DERIVATIVE 
   1  N0           3.06191e+06     fixed    
   2  tau          6.43953e+01   constant   
   3  A0           3.42397e-01     fixed    
   4  phi          4.11860e+00     fixed    
   5  R           -6.11796e+01   constant   
   6  A_CBO        2.92209e-04     fixed    
   7  w_CBO        2.32780e+00     fixed    
   8  phi_CBO      2.75625e-01   6.88387e-01   6.88387e-01   5.70540e-01
   9  ANx2         4.90616e-04   constant   
  10  pNx2         2.30674e+00   constant   
  11  ANy1         0.00000e+00   constant   
  12  pNy1         0.00000e+00   constant   
  13  w_y          0.00000e+00   constant   
  14  ANy2        -1.31938e-04     fixed    
  15  pNy2         3.41148e-01   constant   
  16  w_vw         1.43130e+01   constant   
  17  LM          -3.45991e-04   constant   
  18  wCBO_expCoeff   2.00143e+02   1.41736e+00   9.82500e-04  -5.16095e-03
  19  wCBO_expOffset   2.00043e+02   2.12214e-01   1.47087e-04  -3.44721e-02
  20  wCBO_expT    2.99620e+01   3.59516e-02   3.09366e-05  -1.75360e-01
  21  wCBO_linCoeff   0.00000e+00   constant   
  22  wCBO_const   3.90393e-03   5.24795e-03   4.46795e-06  -2.43494e+00
 MIGRAD MINIMIZATION HAS CONVERGED.
 MIGRAD WILL VERIFY CONVERGENCE AND ERROR MATRIX.
 FCN=296.303 FROM HESSE     STATUS=NOT POSDEF     31 CALLS         709 TOTAL
                     EDM=0.000423374    STRATEGY= 1      ERR MATRIX NOT POS-DEF
  EXT PARAMETER                APPROXIMATE        STEP         FIRST   
  NO.   NAME      VALUE            ERROR          SIZE      DERIVATIVE 
   1  N0           3.06191e+06     fixed    
   2  tau          6.43953e+01   constant   
   3  A0           3.42397e-01     fixed    
   4  phi          4.11860e+00     fixed    
   5  R           -6.11796e+01   constant   
   6  A_CBO        2.92209e-04     fixed    
   7  w_CBO        2.32780e+00     fixed    
   8  phi_CBO     -6.86563e-01   1.73030e+00   1.38189e-02   6.27849e-04
   9  ANx2         4.90616e-04   constant   
  10  pNx2         2.30674e+00   constant   
  11  ANy1         0.00000e+00   constant   
  12  pNy1         0.00000e+00   constant   
  13  w_y          0.00000e+00   constant   
  14  ANy2        -1.31938e-04     fixed    
  15  pNy2         3.41148e-01   constant   
  16  w_vw         1.43130e+01   constant   
  17  LM          -3.45991e-04   constant   
  18  wCBO_expCoeff   2.00138e+02   1.48569e+00   9.90617e-04  -2.09092e-02
  19  wCBO_expOffset   2.00043e+02   2.22431e-01   1.48302e-04  -1.39663e-01
  20  wCBO_expT    2.99619e+01   3.61120e-02   3.07144e-05   5.22685e-01
  21  wCBO_linCoeff   0.00000e+00   constant   
  22  wCBO_const   3.88492e-03   8.13000e-04   4.41479e-06   1.82068e+00
 MIGRAD MINIMIZATION HAS CONVERGED.
 MIGRAD WILL VERIFY CONVERGENCE AND ERROR MATRIX.
 COVARIANCE MATRIX CALCULATED SUCCESSFULLY
 FCN=296.302 FROM MIGRAD    STATUS=CONVERGED     122 CALLS         752 TOTAL
                     EDM=9.94494e-06    STRATEGY= 1      ERROR MATRIX ACCURATE 
  EXT PARAMETER                                   STEP         FIRST   
  NO.   NAME      VALUE            ERROR          SIZE      DERIVATIVE 
   1  N0           3.06191e+06     fixed    
   2  tau          6.43953e+01   constant   
   3  A0           3.42397e-01     fixed    
   4  phi          4.11860e+00     fixed    
   5  R           -6.11796e+01   constant   
   6  A_CBO        2.92209e-04     fixed    
   7  w_CBO        2.32780e+00     fixed    
   8  phi_CBO     -6.97847e-01   1.76031e+00   1.38190e-02  -4.91078e-04
   9  ANx2         4.90616e-04   constant   
  10  pNx2         2.30674e+00   constant   
  11  ANy1         0.00000e+00   constant   
  12  pNy1         0.00000e+00   constant   
  13  w_y          0.00000e+00   constant   
  14  ANy2        -1.31938e-04     fixed    
  15  pNy2         3.41148e-01   constant   
  16  w_vw         1.43130e+01   constant   
  17  LM          -3.45991e-04   constant   
  18  wCBO_expCoeff   2.00165e+02   8.67954e+00   9.89725e-04   1.90703e-02
  19  wCBO_expOffset   2.00047e+02   1.29908e+00   1.48168e-04   1.27410e-01
  20  wCBO_expT    2.99601e+01   5.12148e-02   3.06957e-05   5.40843e-01
  21  wCBO_linCoeff   0.00000e+00   constant   
  22  wCBO_const   3.90422e-03   9.27568e-04   4.41463e-06  -2.98933e+00
 EXTERNAL ERROR MATRIX.    NDIM=  25    NPAR=  5    ERR DEF=1
  3.099e+00 -2.284e-01 -3.387e-02  1.669e-02 -1.222e-04 
 -2.284e-01  7.533e+01 -1.110e+01 -3.963e-02  4.605e-04 
 -3.387e-02 -1.110e+01  1.688e+00 -5.902e-03  6.835e-05 
  1.669e-02 -3.963e-02 -5.902e-03  2.623e-03 -3.251e-05 
 -1.222e-04  4.605e-04  6.835e-05 -3.251e-05  8.604e-07 
 PARAMETER  CORRELATION COEFFICIENTS  
       NO.  GLOBAL      8     18     19     20     22
        8  0.34280   1.000 -0.015 -0.015  0.185 -0.075
       18  0.99991  -0.015  1.000 -0.984 -0.089  0.057
       19  0.99991  -0.015 -0.984  1.000 -0.089  0.057
       20  0.99748   0.185 -0.089 -0.089  1.000 -0.684
       22  0.82609  -0.075  0.057  0.057 -0.684  1.000
MINUIT - FIT ONLY 1-y
 **********
 **   60 **RES 
 **********
                   PARAMETER   14  ANy2 RESTORED TO VARIABLE.
                   PARAMETER    7  w_CBO RESTORED TO VARIABLE.
                   PARAMETER    6  A_CBO RESTORED TO VARIABLE.
                   PARAMETER    4  phi RESTORED TO VARIABLE.
                   PARAMETER    3  A0 RESTORED TO VARIABLE.
                   PARAMETER    1  N0 RESTORED TO VARIABLE.
 **********
 **   61 **FIX            0
 **********
 PARAMETER    0  IS UNDEFINED. IGNORED.
 **********
 **   62 **FIX            1
 **********
 **********
 **   63 **FIX            2
 **********
 PARAMETER    2  IS CONSTANT.   IGNORED.
 **********
 **   64 **FIX            3
 **********
 **********
 **   65 **FIX            4
 **********
 **********
 **   66 **FIX            5
 **********
 PARAMETER    5  IS CONSTANT.   IGNORED.
 **********
 **   67 **FIX            6
 **********
 **********
 **   68 **FIX            7
 **********
 **********
 **   69 **FIX            8
 **********
 **********
 **   70 **FIX            9
 **********
 PARAMETER    9  IS CONSTANT.   IGNORED.
 **********
 **   71 **FIX           13
 **********
 PARAMETER   13  IS CONSTANT.   IGNORED.
 **********
 **   72 **FIX           14
 **********
 **********
 **   73 **FIX           15
 **********
 PARAMETER   15  IS CONSTANT.   IGNORED.
 **********
 **   74 **FIX           16
 **********
 PARAMETER   16  IS CONSTANT.   IGNORED.
 **********
 **   75 **MIGRAD
 **********
 START MIGRAD MINIMIZATION.  STRATEGY  1.  CONVERGENCE WHEN EDM .LT. 1.00e-04
 FCN=296.302 FROM MIGRAD    STATUS=INITIATE        8 CALLS         760 TOTAL
                     EDM= unknown      STRATEGY= 1      NO ERROR MATRIX       
  EXT PARAMETER               CURRENT GUESS       STEP         FIRST   
  NO.   NAME      VALUE            ERROR          SIZE      DERIVATIVE 
   1  N0           3.06191e+06     fixed    
   2  tau          6.43953e+01   constant   
   3  A0           3.42397e-01     fixed    
   4  phi          4.11860e+00     fixed    
   5  R           -6.11796e+01   constant   
   6  A_CBO        2.92209e-04     fixed    
   7  w_CBO        2.32780e+00     fixed    
   8  phi_CBO     -6.97847e-01     fixed    
   9  ANx2         4.90616e-04   constant   
  10  pNx2         2.30674e+00   constant   
  11  ANy1         0.00000e+00   constant   
  12  pNy1         0.00000e+00   constant   
  13  w_y          0.00000e+00   constant   
  14  ANy2        -1.31938e-04     fixed    
  15  pNy2         3.41148e-01   constant   
  16  w_vw         1.43130e+01   constant   
  17  LM          -3.45991e-04   constant   
  18  wCBO_expCoeff   2.00165e+02   8.67954e+00   9.89725e-04   1.90707e-02
  19  wCBO_expOffset   2.00047e+02   1.29908e+00   1.48168e-04   1.27415e-01
  20  wCBO_expT    2.99601e+01   5.12148e-02   3.06957e-05   5.40459e-01
  21  wCBO_linCoeff   0.00000e+00   constant   
  22  wCBO_const   3.90422e-03   9.27568e-04   4.41463e-06  -2.98797e+00
 MIGRAD MINIMIZATION HAS CONVERGED.
 MIGRAD WILL VERIFY CONVERGENCE AND ERROR MATRIX.
 COVARIANCE MATRIX CALCULATED SUCCESSFULLY
 FCN=296.302 FROM MIGRAD    STATUS=CONVERGED      59 CALLS         811 TOTAL
                     EDM=3.28765e-10    STRATEGY= 1      ERROR MATRIX ACCURATE 
  EXT PARAMETER                                   STEP         FIRST   
  NO.   NAME      VALUE            ERROR          SIZE      DERIVATIVE 
   1  N0           3.06191e+06     fixed    
   2  tau          6.43953e+01   constant   
   3  A0           3.42397e-01     fixed    
   4  phi          4.11860e+00     fixed    
   5  R           -6.11796e+01   constant   
   6  A_CBO        2.92209e-04     fixed    
   7  w_CBO        2.32780e+00     fixed    
   8  phi_CBO     -6.97847e-01     fixed    
   9  ANx2         4.90616e-04   constant   
  10  pNx2         2.30674e+00   constant   
  11  ANy1         0.00000e+00   constant   
  12  pNy1         0.00000e+00   constant   
  13  w_y          0.00000e+00   constant   
  14  ANy2        -1.31938e-04     fixed    
  15  pNy2         3.41148e-01   constant   
  16  w_vw         1.43130e+01   constant   
  17  LM          -3.45991e-04   constant   
  18  wCBO_expCoeff   2.00165e+02   1.21826e+01   9.84316e-04   1.74778e-05
  19  wCBO_expOffset   2.00047e+02   1.82355e+00   1.47330e-04   1.16935e-04
  20  wCBO_expT    2.99601e+01   5.06551e-02   3.05857e-05   1.00329e-04
  21  wCBO_linCoeff   0.00000e+00   constant   
  22  wCBO_const   3.90555e-03   9.27165e-04   4.40070e-06   5.87363e-03
 EXTERNAL ERROR MATRIX.    NDIM=  25    NPAR=  4    ERR DEF=1
  1.484e+02 -2.204e+01 -3.856e-02  4.539e-04 
 -2.204e+01  3.325e+00 -5.846e-03  6.836e-05 
 -3.856e-02 -5.846e-03  2.566e-03 -3.223e-05 
  4.539e-04  6.836e-05 -3.223e-05  8.596e-07 
 PARAMETER  CORRELATION COEFFICIENTS  
       NO.  GLOBAL     18     19     20     22
       18  0.99995   1.000 -0.992 -0.062  0.040
       19  0.99995  -0.992  1.000 -0.063  0.040
       20  0.99742  -0.062 -0.063  1.000 -0.686
       22  0.82596   0.040  0.040 -0.686  1.000
MINUIT - FIT ONLY 2-y
 **********
 **   76 **RES 
 **********
                   PARAMETER   14  ANy2 RESTORED TO VARIABLE.
                   PARAMETER    8  phi_CBO RESTORED TO VARIABLE.
                   PARAMETER    7  w_CBO RESTORED TO VARIABLE.
                   PARAMETER    6  A_CBO RESTORED TO VARIABLE.
                   PARAMETER    4  phi RESTORED TO VARIABLE.
                   PARAMETER    3  A0 RESTORED TO VARIABLE.
                   PARAMETER    1  N0 RESTORED TO VARIABLE.
 **********
 **   77 **FIX            0
 **********
 PARAMETER    0  IS UNDEFINED. IGNORED.
 **********
 **   78 **FIX            1
 **********
 **********
 **   79 **FIX            2
 **********
 PARAMETER    2  IS CONSTANT.   IGNORED.
 **********
 **   80 **FIX            3
 **********
 **********
 **   81 **FIX            4
 **********
 **********
 **   82 **FIX            5
 **********
 PARAMETER    5  IS CONSTANT.   IGNORED.
 **********
 **   83 **FIX            6
 **********
 **********
 **   84 **FIX            7
 **********
 **********
 **   85 **FIX            8
 **********
 **********
 **   86 **FIX            9
 **********
 PARAMETER    9  IS CONSTANT.   IGNORED.
 **********
 **   87 **FIX           10
 **********
 PARAMETER   10  IS CONSTANT.   IGNORED.
 **********
 **   88 **FIX           11
 **********
 PARAMETER   11  IS CONSTANT.   IGNORED.
 **********
 **   89 **FIX           12
 **********
 PARAMETER   12  IS CONSTANT.   IGNORED.
 **********
 **   90 **FIX           16
 **********
 PARAMETER   16  IS CONSTANT.   IGNORED.
 **********
 **   91 **MIGRAD
 **********
 START MIGRAD MINIMIZATION.  STRATEGY  1.  CONVERGENCE WHEN EDM .LT. 1.00e-04
 FCN=296.302 FROM MIGRAD    STATUS=INITIATE       10 CALLS         821 TOTAL
                     EDM= unknown      STRATEGY= 1      NO ERROR MATRIX       
  EXT PARAMETER               CURRENT GUESS       STEP         FIRST   
  NO.   NAME      VALUE            ERROR          SIZE      DERIVATIVE 
   1  N0           3.06191e+06     fixed    
   2  tau          6.43953e+01   constant   
   3  A0           3.42397e-01     fixed    
   4  phi          4.11860e+00     fixed    
   5  R           -6.11796e+01   constant   
   6  A_CBO        2.92209e-04     fixed    
   7  w_CBO        2.32780e+00     fixed    
   8  phi_CBO     -6.97847e-01     fixed    
   9  ANx2         4.90616e-04   constant   
  10  pNx2         2.30674e+00   constant   
  11  ANy1         0.00000e+00   constant   
  12  pNy1         0.00000e+00   constant   
  13  w_y          0.00000e+00   constant   
  14  ANy2        -1.31938e-04   6.14883e-04   6.14883e-04   7.02693e+01
  15  pNy2         3.41148e-01   constant   
  16  w_vw         1.43130e+01   constant   
  17  LM          -3.45991e-04   constant   
  18  wCBO_expCoeff   2.00165e+02   1.21826e+01   9.84316e-04   1.77220e-05
  19  wCBO_expOffset   2.00047e+02   1.82355e+00   1.47330e-04   1.21919e-04
  20  wCBO_expT    2.99601e+01   5.06551e-02   3.05857e-05   1.88542e-05
  21  wCBO_linCoeff   0.00000e+00   constant   
  22  wCBO_const   3.90555e-03   9.27165e-04   4.40070e-06   6.09233e-03
 MIGRAD MINIMIZATION HAS CONVERGED.
 MIGRAD WILL VERIFY CONVERGENCE AND ERROR MATRIX.
 COVARIANCE MATRIX CALCULATED SUCCESSFULLY
 FCN=296.301 FROM MIGRAD    STATUS=CONVERGED      64 CALLS         875 TOTAL
                     EDM=2.65623e-07    STRATEGY= 1      ERROR MATRIX ACCURATE 
  EXT PARAMETER                                   STEP         FIRST   
  NO.   NAME      VALUE            ERROR          SIZE      DERIVATIVE 
   1  N0           3.06191e+06     fixed    
   2  tau          6.43953e+01   constant   
   3  A0           3.42397e-01     fixed    
   4  phi          4.11860e+00     fixed    
   5  R           -6.11796e+01   constant   
   6  A_CBO        2.92209e-04     fixed    
   7  w_CBO        2.32780e+00     fixed    
   8  phi_CBO     -6.97847e-01     fixed    
   9  ANx2         4.90616e-04   constant   
  10  pNx2         2.30674e+00   constant   
  11  ANy1         0.00000e+00   constant   
  12  pNy1         0.00000e+00   constant   
  13  w_y          0.00000e+00   constant   
  14  ANy2        -1.44984e-04   6.09467e-04   5.12165e-06   1.00318e-03
  15  pNy2         3.41148e-01   constant   
  16  w_vw         1.43130e+01   constant   
  17  LM          -3.45991e-04   constant   
  18  wCBO_expCoeff   2.00165e+02   1.29078e+01   9.84865e-04  -7.71653e-05
  19  wCBO_expOffset   2.00047e+02   1.93210e+00   1.47412e-04  -5.14615e-04
  20  wCBO_expT    2.99601e+01   5.07344e-02   3.05985e-05   1.12771e-02
  21  wCBO_linCoeff   0.00000e+00   constant   
  22  wCBO_const   3.90541e-03   9.27612e-04   4.39995e-06  -5.90500e-02
 EXTERNAL ERROR MATRIX.    NDIM=  25    NPAR=  5    ERR DEF=1
  3.715e-07 -7.340e-06 -1.085e-06  5.967e-07 -3.246e-09 
 -7.340e-06  1.666e+02 -2.476e+01 -3.867e-02  4.552e-04 
 -1.085e-06 -2.476e+01  3.733e+00 -5.867e-03  6.856e-05 
  5.967e-07 -3.867e-02 -5.867e-03  2.574e-03 -3.231e-05 
 -3.246e-09  4.552e-04  6.856e-05 -3.231e-05  8.605e-07 
 PARAMETER  CORRELATION COEFFICIENTS  
       NO.  GLOBAL     14     18     19     20     22
       14  0.06098   1.000 -0.001 -0.001  0.019 -0.006
       18  0.99996  -0.001  1.000 -0.993 -0.059  0.038
       19  0.99996  -0.001 -0.993  1.000 -0.060  0.038
       20  0.99743   0.019 -0.059 -0.060  1.000 -0.687
       22  0.82620  -0.006  0.038  0.038 -0.687  1.000
MINUIT - FIT ALTOGETHER
 **********
 **   92 **RES 
 **********
                   PARAMETER    8  phi_CBO RESTORED TO VARIABLE.
                   PARAMETER    7  w_CBO RESTORED TO VARIABLE.
                   PARAMETER    6  A_CBO RESTORED TO VARIABLE.
                   PARAMETER    4  phi RESTORED TO VARIABLE.
                   PARAMETER    3  A0 RESTORED TO VARIABLE.
                   PARAMETER    1  N0 RESTORED TO VARIABLE.
 **********
 **   93 **MIGRAD
 **********
 START MIGRAD MINIMIZATION.  STRATEGY  1.  CONVERGENCE WHEN EDM .LT. 1.00e-04
 FCN=296.301 FROM MIGRAD    STATUS=INITIATE       22 CALLS         897 TOTAL
                     EDM= unknown      STRATEGY= 1      NO ERROR MATRIX       
  EXT PARAMETER               CURRENT GUESS       STEP         FIRST   
  NO.   NAME      VALUE            ERROR          SIZE      DERIVATIVE 
   1  N0           3.06191e+06   1.32964e+03   1.32964e+03  -1.09803e-04
   2  tau          6.43953e+01   constant   
   3  A0           3.42397e-01   5.78691e-04   5.78691e-04  -4.99963e+02
   4  phi          4.11860e+00   1.75669e-03   1.75669e-03  -2.50858e+01
