 + ++++++++++++++++++++++++++++++++++++++++++++++++++++++++++++++++++++ +
 +                                                                      +
 +           You have chose to blind your fitting according to          +
 +                omega_ref * (1 + (R +/- deltaR) *10^{-6})             +
 +                                                                      +
 + ++++++++++++++++++++++++++++++++++++++++++++++++++++++++++++++++++++ +
In main()...
reading format from /gm2data/zkhechad/run45/envelope/formats/formatB_sBin_constraintOn.txt
pBinTau 	= 0  
pBinPhi 	= 0  
constraintau 	= 1 
includeMopTerm 	= 0    
constrainMop    = 0   
Parameters after format file: pBinTau 0 pBinPhi 0 constraintau 1 includeMopTerm 0 constrainMop 0 c_e_scale 0.000000 
reading cbo reference file (full fit) from /gm2data/zkhechad/cboTemplates/Run4CBOTemplates/fullFits/run4/sBin_constraintOn_cE0.0_seed0_run4_calo22.root
A_CBO 0.009526 w_CBO 2.326135 phi_CBO 3.153773 N0 2910883.778789 R -61.156963 tau 64.406920 
Reading cboRef file /gm2data/zkhechad/cboTemplates/Run4CBOTemplates//cboIsolate/run4_calo22.root
deltaT 164.120000
windowBins = 1100
fitting sliding window 1680 from bin 1883 at 280.943600 to bin 2983 at 445.063600 (1100 bins)

Reading data from /gm2data/cornell/histograms/aMethod/histogram_a_run4.root
fitting cbo isolate
 **********
 **    1 **SET PRINTOUT            1
 **********
 **********
 **    2 **SET NOWARNINGS 
 **********
 PARAMETER DEFINITIONS:
    NO.   NAME         VALUE      STEP SIZE      LIMITS
     1 A_CBO        9.52554e-03  1.00000e-05     no limits
     2 w_CBO        2.32614e+00  1.00000e-02    2.00000e+00  3.00000e+00
     3 phi_CBO      3.15377e+00  1.00000e-02    0.00000e+00  6.28319e+00
 **********
 **    3 **MIGRAD
 **********
 FIRST CALL TO USER FUNCTION AT NEW START POINT, WITH IFLAG=4.
 START MIGRAD MINIMIZATION.  STRATEGY  1.  CONVERGENCE WHEN EDM .LT. 1.00e-04
 FCN=0.0795388 FROM MIGRAD    STATUS=INITIATE       12 CALLS          13 TOTAL
                     EDM= unknown      STRATEGY= 1      NO ERROR MATRIX       
  EXT PARAMETER               CURRENT GUESS       STEP         FIRST   
  NO.   NAME      VALUE            ERROR          SIZE      DERIVATIVE 
   1  A_CBO        9.52554e-03   1.00000e-05   1.00000e-05   7.75571e+00
   2  w_CBO        2.32614e+00   1.00000e-02   2.13335e-02  -1.01867e-01
   3  phi_CBO      3.15377e+00   1.00000e-02   3.18313e-03   2.19653e-03
 MIGRAD MINIMIZATION HAS CONVERGED.
 MIGRAD WILL VERIFY CONVERGENCE AND ERROR MATRIX.
 COVARIANCE MATRIX CALCULATED SUCCESSFULLY
 FCN=0.0522525 FROM MIGRAD    STATUS=CONVERGED      41 CALLS          42 TOTAL
                     EDM=1.20262e-05    STRATEGY= 1      ERROR MATRIX ACCURATE 
  EXT PARAMETER                                   STEP         FIRST   
  NO.   NAME      VALUE            ERROR          SIZE      DERIVATIVE 
   1  A_CBO        2.48849e-03   4.27963e-02   2.13395e-05   5.95460e-04
   2  w_CBO        2.32620e+00   3.23505e-01   5.11642e-05   3.87125e-02
   3  phi_CBO      3.12671e+00   3.39775e+00   2.73321e-03  -6.47047e-04
 EXTERNAL ERROR MATRIX.    NDIM=  25    NPAR=  3    ERR DEF=1
  1.832e-03 -1.401e-03 -4.797e-01 
 -1.401e-03  1.275e-01  4.520e+01 
 -4.797e-01  4.520e+01  1.632e+04 
 PARAMETER  CORRELATION COEFFICIENTS  
       NO.  GLOBAL      1      2      3
        1  0.09461   1.000 -0.092 -0.088
        2  0.99096  -0.092  1.000  0.991
        3  0.99096  -0.088  0.991  1.000
setting A_CBO=0.002488 w_CBO=2.326201, phi_CBO=3.126713
done fitting cbo isolate
 **********
 **    1 **SET PRINTOUT            1
 **********
 **********
 **    2 **SET NOWARNINGS 
 **********
 PARAMETER DEFINITIONS:
    NO.   NAME         VALUE      STEP SIZE      LIMITS
     1 N0           2.91088e+06  1.00000e+02     no limits
     2 tau          6.44069e+01  constant
     3 A0           3.51795e-01  1.00000e-04     no limits
     4 phi          4.11585e+00  1.00000e-02     no limits
     5 R           -6.11570e+01  constant
     6 A_CBO        2.48849e-03  1.00000e-05     no limits
     7 w_CBO        2.32620e+00  1.00000e-03     no limits
     8 phi_CBO      3.12671e+00  1.00000e-04     no limits
     9 ANx2         8.59960e-04  constant
    10 pNx2         1.29548e+00  constant
    11 ANy1         0.00000e+00  constant
    12 pNy1         0.00000e+00  constant
    13 w_y          0.00000e+00  constant
    14 ANy2         8.55552e-03  1.00000e-04     no limits
    15 pNy2         3.07836e+00  constant
    16 w_vw         1.43006e+01  constant
    17 LM           1.55944e-04  constant
    18 wCBO_expCoeff   2.00000e+02  1.00000e+00     no limits
    19 wCBO_expOffset   2.00000e+02  1.00000e+00     no limits
    20 wCBO_expT    3.00000e+01  1.00000e+00     no limits
    21 wCBO_linCoeff   0.00000e+00  constant
    22 wCBO_const   0.00000e+00  1.00000e-02     no limits
MINUIT - FIT ONLY WIGGLE
 **********
 **    3 **FIX            5
 **********
 PARAMETER    5  IS CONSTANT.   IGNORED.
 **********
 **    4 **FIX            6
 **********
 **********
 **    5 **FIX            7
 **********
 **********
 **    6 **FIX            8
 **********
 **********
 **    7 **FIX            9
 **********
 PARAMETER    9  IS CONSTANT.   IGNORED.
 **********
 **    8 **FIX           10
 **********
 PARAMETER   10  IS CONSTANT.   IGNORED.
 **********
 **    9 **FIX           11
 **********
 PARAMETER   11  IS CONSTANT.   IGNORED.
 **********
 **   10 **FIX           12
 **********
 PARAMETER   12  IS CONSTANT.   IGNORED.
 **********
 **   11 **FIX           13
 **********
 PARAMETER   13  IS CONSTANT.   IGNORED.
 **********
 **   12 **FIX           14
 **********
 **********
 **   13 **FIX           15
 **********
 PARAMETER   15  IS CONSTANT.   IGNORED.
 **********
 **   14 **FIX           16
 **********
 PARAMETER   16  IS CONSTANT.   IGNORED.
 **********
 **   15 **MIGRAD
 **********
 FIRST CALL TO USER FUNCTION AT NEW START POINT, WITH IFLAG=4.
 START MIGRAD MINIMIZATION.  STRATEGY  1.  CONVERGENCE WHEN EDM .LT. 1.00e-04
 FCN=731.595 FROM MIGRAD    STATUS=INITIATE       32 CALLS          33 TOTAL
                     EDM= unknown      STRATEGY= 1      NO ERROR MATRIX       
  EXT PARAMETER               CURRENT GUESS       STEP         FIRST   
  NO.   NAME      VALUE            ERROR          SIZE      DERIVATIVE 
   1  N0           2.91088e+06   1.00000e+02   1.00000e+02  -4.06882e-04
   2  tau          6.44069e+01   constant   
   3  A0           3.51795e-01   1.00000e-04   1.00000e-04  -6.27087e+03
   4  phi          4.11585e+00   1.00000e-02   1.00000e-02  -2.30646e+02
   5  R           -6.11570e+01   constant   
   6  A_CBO        2.48849e-03     fixed    
   7  w_CBO        2.32620e+00     fixed    
   8  phi_CBO      3.12671e+00     fixed    
   9  ANx2         8.59960e-04   constant   
  10  pNx2         1.29548e+00   constant   
  11  ANy1         0.00000e+00   constant   
  12  pNy1         0.00000e+00   constant   
  13  w_y          0.00000e+00   constant   
  14  ANy2         8.55552e-03     fixed    
  15  pNy2         3.07836e+00   constant   
  16  w_vw         1.43006e+01   constant   
  17  LM           1.55944e-04   constant   
  18  wCBO_expCoeff   2.00000e+02   1.00000e+00   1.00000e+00   1.26091e+02
  19  wCBO_expOffset   2.00000e+02   1.00000e+00   1.00000e+00   8.40832e+02
  20  wCBO_expT    3.00000e+01   1.00000e+00   1.00000e+00   2.64719e+03
  21  wCBO_linCoeff   0.00000e+00   constant   
  22  wCBO_const   0.00000e+00   1.00000e-02   1.00000e-02   9.44498e+02
 MIGRAD MINIMIZATION HAS CONVERGED.
 FCN=729.082 FROM MIGRAD    STATUS=CONVERGED     164 CALLS         165 TOTAL
                     EDM=9.86848e-08    STRATEGY= 1  ERROR MATRIX UNCERTAINTY   0.5 per cent
  EXT PARAMETER                                   STEP         FIRST   
  NO.   NAME      VALUE            ERROR          SIZE      DERIVATIVE 
   1  N0           2.91105e+06   8.84774e+02  -1.47072e-01  -4.02079e-08
   2  tau          6.44069e+01   constant   
   3  A0           3.52304e-01   4.08746e-04   1.64988e-07   9.41695e-01
   4  phi          4.11597e+00   1.20857e-03   1.22483e-06   1.97521e-01
   5  R           -6.11570e+01   constant   
   6  A_CBO        2.48849e-03     fixed    
   7  w_CBO        2.32620e+00     fixed    
   8  phi_CBO      3.12671e+00     fixed    
   9  ANx2         8.59960e-04   constant   
  10  pNx2         1.29548e+00   constant   
  11  ANy1         0.00000e+00   constant   
  12  pNy1         0.00000e+00   constant   
  13  w_y          0.00000e+00   constant   
  14  ANy2         8.55552e-03     fixed    
  15  pNy2         3.07836e+00   constant   
  16  w_vw         1.43006e+01   constant   
  17  LM           1.55944e-04   constant   
  18  wCBO_expCoeff   2.00036e+02   7.35664e-02  -7.08960e-05  -5.93830e-02
  19  wCBO_expOffset   2.00005e+02   1.10813e-02  -1.07890e-05  -3.18679e-01
  20  wCBO_expT    2.99956e+01   7.97314e-03   1.42187e-05  -1.12716e+00
  21  wCBO_linCoeff   0.00000e+00   constant   
  22  wCBO_const   6.02903e-04   1.03438e-03  -4.45956e-06  -1.33449e+00
 EXTERNAL ERROR MATRIX.    NDIM=  25    NPAR=  7    ERR DEF=1
  7.828e+05 -2.327e-03  1.208e-02 -1.203e+00 -1.818e-01  1.797e-01 -5.956e-02 
 -2.327e-03  1.671e-07 -4.798e-09 -1.131e-06 -1.704e-07  1.076e-07  3.562e-09 
  1.208e-02 -4.798e-09  1.461e-06  1.162e-06  1.726e-07  4.039e-09 -9.462e-08 
 -1.203e+00 -1.131e-06  1.162e-06  5.412e-03  8.031e-04 -5.807e-04  5.859e-05 
 -1.818e-01 -1.704e-07  1.726e-07  8.031e-04  1.228e-04 -8.749e-05  8.834e-06 
  1.797e-01  1.076e-07  4.039e-09 -5.807e-04 -8.749e-05  6.357e-05 -6.857e-06 
 -5.956e-02  3.562e-09 -9.462e-08  5.859e-05  8.834e-06 -6.857e-06  1.070e-06 
 PARAMETER  CORRELATION COEFFICIENTS  
       NO.  GLOBAL      1      3      4     18     19     20     22
        1  0.08432   1.000 -0.006  0.011 -0.018 -0.019  0.025 -0.065
        3  0.07576  -0.006  1.000 -0.010 -0.038 -0.038  0.033  0.008
        4  0.13587   0.011 -0.010  1.000  0.013  0.013  0.000 -0.076
       18  0.99549  -0.018 -0.038  0.013  1.000  0.985 -0.990  0.770
       19  0.99555  -0.019 -0.038  0.013  0.985  1.000 -0.990  0.771
       20  0.99877   0.025  0.033  0.000 -0.990 -0.990  1.000 -0.831
       22  0.95938  -0.065  0.008 -0.076  0.770  0.771 -0.831  1.000
MINUIT - FIT ONLY 1-CBO + other amplitudes 
 **********
 **   16 **RES 
 **********
                   PARAMETER   14  ANy2 RESTORED TO VARIABLE.
                   PARAMETER    8  phi_CBO RESTORED TO VARIABLE.
                   PARAMETER    7  w_CBO RESTORED TO VARIABLE.
                   PARAMETER    6  A_CBO RESTORED TO VARIABLE.
 **********
 **   17 **FIX            0
 **********
 PARAMETER    0  IS UNDEFINED. IGNORED.
 **********
 **   18 **FIX            1
 **********
 **********
 **   19 **FIX            2
 **********
 PARAMETER    2  IS CONSTANT.   IGNORED.
 **********
 **   20 **FIX            3
 **********
 **********
 **   21 **FIX            4
 **********
 **********
 **   22 **FIX            9
 **********
 PARAMETER    9  IS CONSTANT.   IGNORED.
 **********
 **   23 **FIX           11
 **********
 PARAMETER   11  IS CONSTANT.   IGNORED.
 **********
 **   24 **FIX           12
 **********
 PARAMETER   12  IS CONSTANT.   IGNORED.
 **********
 **   25 **FIX           14
 **********
 **********
 **   26 **FIX           15
 **********
 PARAMETER   15  IS CONSTANT.   IGNORED.
 **********
 **   27 **FIX           16
 **********
 PARAMETER   16  IS CONSTANT.   IGNORED.
 **********
 **   28 **MIGRAD
 **********
 START MIGRAD MINIMIZATION.  STRATEGY  1.  CONVERGENCE WHEN EDM .LT. 1.00e-04
 FCN=729.082 FROM MIGRAD    STATUS=INITIATE       20 CALLS         185 TOTAL
                     EDM= unknown      STRATEGY= 1      NO ERROR MATRIX       
  EXT PARAMETER               CURRENT GUESS       STEP         FIRST   
  NO.   NAME      VALUE            ERROR          SIZE      DERIVATIVE 
   1  N0           2.91105e+06     fixed    
   2  tau          6.44069e+01   constant   
   3  A0           3.52304e-01     fixed    
   4  phi          4.11597e+00     fixed    
   5  R           -6.11570e+01   constant   
   6  A_CBO        2.48849e-03   1.00000e-05   1.00000e-05   2.14556e+04
   7  w_CBO        2.32620e+00   1.00000e-03   1.00000e-03  -5.67248e+00
   8  phi_CBO      3.12671e+00   1.00000e-04   1.00000e-04   5.36806e-01
   9  ANx2         8.59960e-04   constant   
  10  pNx2         1.29548e+00   constant   
  11  ANy1         0.00000e+00   constant   
  12  pNy1         0.00000e+00   constant   
  13  w_y          0.00000e+00   constant   
  14  ANy2         8.55552e-03     fixed    
  15  pNy2         3.07836e+00   constant   
  16  w_vw         1.43006e+01   constant   
  17  LM           1.55944e-04   constant   
  18  wCBO_expCoeff   2.00036e+02   7.35664e-02  -7.08960e-05  -5.93831e-02
  19  wCBO_expOffset   2.00005e+02   1.10813e-02  -1.07890e-05  -3.18679e-01
  20  wCBO_expT    2.99956e+01   7.97314e-03   1.42187e-05  -1.12716e+00
  21  wCBO_linCoeff   0.00000e+00   constant   
  22  wCBO_const   6.02903e-04   1.03438e-03  -4.45956e-06  -1.33447e+00
 MIGRAD MINIMIZATION HAS CONVERGED.
 FCN=707.505 FROM MIGRAD    STATUS=CONVERGED     201 CALLS         366 TOTAL
                     EDM=2.52261e-06    STRATEGY= 1  ERROR MATRIX UNCERTAINTY   7.3 per cent
  EXT PARAMETER                                   STEP         FIRST   
  NO.   NAME      VALUE            ERROR          SIZE      DERIVATIVE 
   1  N0           2.91105e+06     fixed    
   2  tau          6.44069e+01   constant   
   3  A0           3.52304e-01     fixed    
   4  phi          4.11597e+00     fixed    
   5  R           -6.11570e+01   constant   
   6  A_CBO        5.15386e-04   4.28174e-04   2.23334e-07   1.04943e+00
   7  w_CBO        2.32648e+00   4.97675e-04   5.70769e-06   1.83110e+01
   8  phi_CBO      3.65423e+00   1.02321e+00   1.39719e-02   1.41615e-03
   9  ANx2         8.59960e-04   constant   
  10  pNx2         1.29548e+00   constant   
  11  ANy1         0.00000e+00   constant   
  12  pNy1         0.00000e+00   constant   
  13  w_y          0.00000e+00   constant   
  14  ANy2         8.55552e-03     fixed    
  15  pNy2         3.07836e+00   constant   
  16  w_vw         1.43006e+01   constant   
  17  LM           1.55944e-04   constant   
  18  wCBO_expCoeff   2.00067e+02   5.14179e-02   5.72326e-04   1.85212e-01
  19  wCBO_expOffset   2.00010e+02   7.56909e-03   8.40652e-05   1.38687e+00
  20  wCBO_expT    2.99920e+01   7.87412e-03  -9.13483e-05   4.23979e+00
  21  wCBO_linCoeff   0.00000e+00   constant   
  22  wCBO_const   4.80107e-04   9.01889e-04   1.19555e-05   5.55166e+00
 EXTERNAL ERROR MATRIX.    NDIM=  25    NPAR=  7    ERR DEF=1
  1.833e-07  3.444e-08  1.461e-05  3.408e-06  5.006e-07 -5.836e-07  8.309e-08 
  3.444e-08  2.477e-07  2.212e-04  2.485e-05  3.656e-06 -3.862e-06  3.196e-07 
  1.461e-05  2.212e-04  1.047e+00  2.323e-02  3.419e-03 -3.284e-03  2.076e-04 
  3.408e-06  2.485e-05  2.323e-02  2.644e-03  3.788e-04 -3.980e-04  3.180e-05 
  5.006e-07  3.656e-06  3.419e-03  3.788e-04  5.729e-05 -5.855e-05  4.668e-06 
 -5.836e-07 -3.862e-06 -3.284e-03 -3.980e-04 -5.855e-05  6.200e-05 -5.454e-06 
  8.309e-08  3.196e-07  2.076e-04  3.180e-05  4.668e-06 -5.454e-06  8.134e-07 
 PARAMETER  CORRELATION COEFFICIENTS  
       NO.  GLOBAL      6      7      8     18     19     20     22
        6  0.21678   1.000  0.162  0.033  0.155  0.154 -0.173  0.215
        7  0.99049   0.162  1.000  0.434  0.971  0.970 -0.985  0.712
        8  0.57572   0.033  0.434  1.000  0.442  0.441 -0.408  0.225
       18  0.99132   0.155  0.971  0.442  1.000  0.973 -0.983  0.686
       19  0.99101   0.154  0.970  0.441  0.973  1.000 -0.982  0.684
       20  0.99850  -0.173 -0.985 -0.408 -0.983 -0.982  1.000 -0.768
       22  0.93920   0.215  0.712  0.225  0.686  0.684 -0.768  1.000
MINUIT - FIT ONLY 1-CBO
 **********
 **   29 **RES 
 **********
                   PARAMETER   14  ANy2 RESTORED TO VARIABLE.
                   PARAMETER    4  phi RESTORED TO VARIABLE.
                   PARAMETER    3  A0 RESTORED TO VARIABLE.
                   PARAMETER    1  N0 RESTORED TO VARIABLE.
 **********
 **   30 **FIX            0
 **********
 PARAMETER    0  IS UNDEFINED. IGNORED.
 **********
 **   31 **FIX            1
 **********
 **********
 **   32 **FIX            2
 **********
 PARAMETER    2  IS CONSTANT.   IGNORED.
 **********
 **   33 **FIX            3
 **********
 **********
 **   34 **FIX            4
 **********
 **********
 **   35 **FIX            8
 **********
 **********
 **   36 **FIX            9
 **********
 PARAMETER    9  IS CONSTANT.   IGNORED.
 **********
 **   37 **FIX           11
 **********
 PARAMETER   11  IS CONSTANT.   IGNORED.
 **********
 **   38 **FIX           12
 **********
 PARAMETER   12  IS CONSTANT.   IGNORED.
 **********
 **   39 **FIX           13
 **********
 PARAMETER   13  IS CONSTANT.   IGNORED.
 **********
 **   40 **FIX           15
 **********
 PARAMETER   15  IS CONSTANT.   IGNORED.
 **********
 **   41 **FIX           16
 **********
 PARAMETER   16  IS CONSTANT.   IGNORED.
 **********
 **   42 **MIGRAD
 **********
 START MIGRAD MINIMIZATION.  STRATEGY  1.  CONVERGENCE WHEN EDM .LT. 1.00e-04
 FCN=707.505 FROM MIGRAD    STATUS=INITIATE       16 CALLS         382 TOTAL
                     EDM= unknown      STRATEGY= 1      NO ERROR MATRIX       
  EXT PARAMETER               CURRENT GUESS       STEP         FIRST   
  NO.   NAME      VALUE            ERROR          SIZE      DERIVATIVE 
   1  N0           2.91105e+06     fixed    
   2  tau          6.44069e+01   constant   
   3  A0           3.52304e-01     fixed    
   4  phi          4.11597e+00     fixed    
   5  R           -6.11570e+01   constant   
   6  A_CBO        5.15386e-04   4.28174e-04   2.23334e-07   1.04943e+00
   7  w_CBO        2.32648e+00   4.97675e-04   5.70769e-06   1.83108e+01
   8  phi_CBO      3.65423e+00     fixed    
   9  ANx2         8.59960e-04   constant   
  10  pNx2         1.29548e+00   constant   
  11  ANy1         0.00000e+00   constant   
  12  pNy1         0.00000e+00   constant   
  13  w_y          0.00000e+00   constant   
  14  ANy2         8.55552e-03   1.00000e-04   1.00000e-04   9.03990e+04
  15  pNy2         3.07836e+00   constant   
  16  w_vw         1.43006e+01   constant   
  17  LM           1.55944e-04   constant   
  18  wCBO_expCoeff   2.00067e+02   5.14179e-02   5.72326e-04   1.85209e-01
  19  wCBO_expOffset   2.00010e+02   7.56909e-03   8.40652e-05   1.38687e+00
  20  wCBO_expT    2.99920e+01   7.87412e-03  -9.13483e-05   4.23979e+00
  21  wCBO_linCoeff   0.00000e+00   constant   
  22  wCBO_const   4.80107e-04   9.01889e-04   1.19555e-05   5.55165e+00
 MIGRAD MINIMIZATION HAS CONVERGED.
 MIGRAD WILL VERIFY CONVERGENCE AND ERROR MATRIX.
 FCN=330.991 FROM MIGRAD    STATUS=CONVERGED     271 CALLS         637 TOTAL
                     EDM=1.86374e-06    STRATEGY= 1      ERR MATRIX NOT POS-DEF
  EXT PARAMETER                APPROXIMATE        STEP         FIRST   
  NO.   NAME      VALUE            ERROR          SIZE      DERIVATIVE 
   1  N0           2.91105e+06     fixed    
   2  tau          6.44069e+01   constant   
   3  A0           3.52304e-01     fixed    
   4  phi          4.11597e+00     fixed    
   5  R           -6.11570e+01   constant   
   6  A_CBO        5.36713e-04   4.40197e-04   3.86804e-06  -1.27905e+00
   7  w_CBO        2.32695e+00   1.08938e-03   1.10958e-06   4.08919e+00
   8  phi_CBO      3.65423e+00     fixed    
   9  ANx2         8.59960e-04   constant   
  10  pNx2         1.29548e+00   constant   
  11  ANy1         0.00000e+00   constant   
  12  pNy1         0.00000e+00   constant   
  13  w_y          0.00000e+00   constant   
  14  ANy2         1.95936e-04   4.29421e-04   3.81199e-06   3.45954e+00
  15  pNy2         3.07836e+00   constant   
  16  w_vw         1.43006e+01   constant   
  17  LM           1.55944e-04   constant   
  18  wCBO_expCoeff   2.00120e+02   1.00980e-01   9.54246e-05   3.77124e-02
  19  wCBO_expOffset   2.00018e+02   1.54404e-02   9.53759e-05   2.51842e-01
  20  wCBO_expT    2.99850e+01   4.16137e-03   1.42980e-05   8.97044e-01
  21  wCBO_linCoeff   0.00000e+00   constant   
  22  wCBO_const   1.24722e-05   8.28505e-04   3.20503e-06   1.96838e+00
 EXTERNAL ERROR MATRIX.    NDIM=  25    NPAR=  7    ERR DEF=1
  1.938e-07  2.348e-08 -1.524e-09  2.497e-06 -7.192e-08 -2.476e-07  1.713e-08 
  2.348e-08  1.187e-06 -8.358e-09 -3.570e-05 -6.595e-06 -1.150e-06 -4.744e-07 
 -1.524e-09 -8.358e-09  1.844e-07 -9.480e-07 -1.345e-07  1.129e-07  1.998e-08 
  2.497e-06 -3.570e-05 -9.480e-07  1.020e-02 -7.107e-04 -1.211e-04  1.761e-05 
 -7.192e-08 -6.595e-06 -1.345e-07 -7.107e-04  2.384e-04 -1.588e-05  3.152e-06 
 -2.476e-07 -1.150e-06  1.129e-07 -1.211e-04 -1.588e-05  1.732e-05 -3.884e-07 
  1.713e-08 -4.744e-07  1.998e-08  1.761e-05  3.152e-06 -3.884e-07  6.864e-07 
ERR MATRIX NOT POS-DEF
 PARAMETER  CORRELATION COEFFICIENTS  
       NO.  GLOBAL      6      7     14     18     19     20     22
        6  0.17262   1.000  0.049 -0.008  0.056 -0.011 -0.135  0.047
        7  0.99655   0.049  1.000 -0.018 -0.325 -0.392 -0.254 -0.526
       14  0.09942  -0.008 -0.018  1.000 -0.022 -0.020  0.063  0.056
       18  0.99639   0.056 -0.325 -0.022  1.000 -0.456 -0.288  0.211
       19  0.99653  -0.011 -0.392 -0.020 -0.456  1.000 -0.247  0.246
       20  0.99466  -0.135 -0.254  0.063 -0.288 -0.247  1.000 -0.113
       22  0.90113   0.047 -0.526  0.056  0.211  0.246 -0.113  1.000
 ERR MATRIX NOT POS-DEF
MINUIT - FIT ONLY 2-CBO
 **********
 **   43 **RES 
 **********
                   PARAMETER    8  phi_CBO RESTORED TO VARIABLE.
                   PARAMETER    4  phi RESTORED TO VARIABLE.
                   PARAMETER    3  A0 RESTORED TO VARIABLE.
                   PARAMETER    1  N0 RESTORED TO VARIABLE.
 **********
 **   44 **FIX            0
 **********
 PARAMETER    0  IS UNDEFINED. IGNORED.
 **********
 **   45 **FIX            1
 **********
 **********
 **   46 **FIX            2
 **********
 PARAMETER    2  IS CONSTANT.   IGNORED.
 **********
 **   47 **FIX            3
 **********
 **********
 **   48 **FIX            4
 **********
 **********
 **   49 **FIX            5
 **********
 PARAMETER    5  IS CONSTANT.   IGNORED.
 **********
 **   50 **FIX            6
 **********
 **********
 **   51 **FIX            7
 **********
 **********
 **   52 **FIX           10
 **********
 PARAMETER   10  IS CONSTANT.   IGNORED.
 **********
 **   53 **FIX           11
 **********
 PARAMETER   11  IS CONSTANT.   IGNORED.
 **********
 **   54 **FIX           12
 **********
 PARAMETER   12  IS CONSTANT.   IGNORED.
 **********
 **   55 **FIX           13
 **********
 PARAMETER   13  IS CONSTANT.   IGNORED.
 **********
 **   56 **FIX           14
 **********
 **********
 **   57 **FIX           15
 **********
 PARAMETER   15  IS CONSTANT.   IGNORED.
 **********
 **   58 **FIX           16
 **********
 PARAMETER   16  IS CONSTANT.   IGNORED.
 **********
 **   59 **MIGRAD
 **********
 START MIGRAD MINIMIZATION.  STRATEGY  1.  CONVERGENCE WHEN EDM .LT. 1.00e-04
 FCN=330.991 FROM MIGRAD    STATUS=INITIATE       10 CALLS         647 TOTAL
                     EDM= unknown      STRATEGY= 1      NO ERROR MATRIX       
  EXT PARAMETER               CURRENT GUESS       STEP         FIRST   
  NO.   NAME      VALUE            ERROR          SIZE      DERIVATIVE 
   1  N0           2.91105e+06     fixed    
   2  tau          6.44069e+01   constant   
   3  A0           3.52304e-01     fixed    
   4  phi          4.11597e+00     fixed    
   5  R           -6.11570e+01   constant   
   6  A_CBO        5.36713e-04     fixed    
   7  w_CBO        2.32695e+00     fixed    
   8  phi_CBO      3.65423e+00   1.02321e+00   1.02321e+00  -7.38059e-01
   9  ANx2         8.59960e-04   constant   
  10  pNx2         1.29548e+00   constant   
  11  ANy1         0.00000e+00   constant   
  12  pNy1         0.00000e+00   constant   
  13  w_y          0.00000e+00   constant   
  14  ANy2         1.95936e-04     fixed    
  15  pNy2         3.07836e+00   constant   
  16  w_vw         1.43006e+01   constant   
  17  LM           1.55944e-04   constant   
  18  wCBO_expCoeff   2.00120e+02   1.00980e-01   9.54246e-05   3.77975e-02
  19  wCBO_expOffset   2.00018e+02   1.54404e-02   9.53759e-05   2.85340e-01
  20  wCBO_expT    2.99850e+01   4.16137e-03   1.42980e-05   8.94580e-01
  21  wCBO_linCoeff   0.00000e+00   constant   
  22  wCBO_const   1.24722e-05   8.28505e-04   3.20503e-06   1.96392e+00
 MIGRAD MINIMIZATION HAS CONVERGED.
 MIGRAD WILL VERIFY CONVERGENCE AND ERROR MATRIX.
 COVARIANCE MATRIX CALCULATED SUCCESSFULLY
 FCN=330.895 FROM HESSE     STATUS=OK             33 CALLS         727 TOTAL
                     EDM=5.02319e-05    STRATEGY= 1      ERROR MATRIX ACCURATE 
  EXT PARAMETER                                   STEP         FIRST   
  NO.   NAME      VALUE            ERROR          SIZE      DERIVATIVE 
   1  N0           2.91105e+06     fixed    
   2  tau          6.44069e+01   constant   
   3  A0           3.52304e-01     fixed    
   4  phi          4.11597e+00     fixed    
   5  R           -6.11570e+01   constant   
   6  A_CBO        5.36713e-04     fixed    
   7  w_CBO        2.32695e+00     fixed    
   8  phi_CBO      3.91319e+00   8.34212e-01   6.88416e-03   8.93717e-05
   9  ANx2         8.59960e-04   constant   
  10  pNx2         1.29548e+00   constant   
  11  ANy1         0.00000e+00   constant   
  12  pNy1         0.00000e+00   constant   
  13  w_y          0.00000e+00   constant   
  14  ANy2         1.95936e-04     fixed    
  15  pNy2         3.07836e+00   constant   
  16  w_vw         1.43006e+01   constant   
  17  LM           1.55944e-04   constant   
  18  wCBO_expCoeff   2.00120e+02   3.00093e-01   9.54246e-05   3.33460e-02
  19  wCBO_expOffset   2.00018e+02   3.83185e-02   9.53759e-05   2.21123e-01
  20  wCBO_expT    2.99850e+01   6.43983e-03   1.42980e-05  -1.56556e+00
  21  wCBO_linCoeff   0.00000e+00   constant   
  22  wCBO_const   3.92711e-05   7.58259e-04   3.21012e-06   7.71121e-02
 MIGRAD MINIMIZATION HAS CONVERGED.
 FCN=330.895 FROM MIGRAD    STATUS=CONVERGED     102 CALLS         739 TOTAL
                     EDM=4.31348e-08    STRATEGY= 1  ERROR MATRIX UNCERTAINTY   0.4 per cent
  EXT PARAMETER                                   STEP         FIRST   
  NO.   NAME      VALUE            ERROR          SIZE      DERIVATIVE 
   1  N0           2.91105e+06     fixed    
   2  tau          6.44069e+01   constant   
   3  A0           3.52304e-01     fixed    
   4  phi          4.11597e+00     fixed    
   5  R           -6.11570e+01   constant   
   6  A_CBO        5.36713e-04     fixed    
   7  w_CBO        2.32695e+00     fixed    
   8  phi_CBO      3.91354e+00   8.34306e-01   3.47016e-04  -1.24220e-05
   9  ANx2         8.59960e-04   constant   
  10  pNx2         1.29548e+00   constant   
  11  ANy1         0.00000e+00   constant   
  12  pNy1         0.00000e+00   constant   
  13  w_y          0.00000e+00   constant   
  14  ANy2         1.95936e-04     fixed    
  15  pNy2         3.07836e+00   constant   
  16  w_vw         1.43006e+01   constant   
  17  LM           1.55944e-04   constant   
  18  wCBO_expCoeff   2.00118e+02   3.14897e-01  -1.48490e-03   1.67096e-02
  19  wCBO_expOffset   2.00018e+02   3.85213e-02   5.48873e-05   1.07898e-01
  20  wCBO_expT    2.99851e+01   7.39753e-03   5.89516e-05   3.05974e-01
  21  wCBO_linCoeff   0.00000e+00   constant   
  22  wCBO_const   3.65777e-05   7.80581e-04  -2.69340e-06   6.56103e-01
 EXTERNAL ERROR MATRIX.    NDIM=  25    NPAR=  5    ERR DEF=1
  6.961e-01 -1.019e-02  7.419e-04  3.467e-04  5.260e-05 
 -1.019e-02  9.916e-02 -1.090e-02 -1.382e-03  5.292e-05 
  7.419e-04 -1.090e-02  1.484e-03  5.212e-05 -1.700e-06 
  3.467e-04 -1.382e-03  5.212e-05  5.472e-05 -2.696e-06 
  5.260e-05  5.292e-05 -1.700e-06 -2.696e-06  6.093e-07 
 PARAMETER  CORRELATION COEFFICIENTS  
       NO.  GLOBAL      8     18     19     20     22
        8  0.37412   1.000 -0.039  0.023  0.056  0.081
       18  0.99963  -0.039  1.000 -0.898 -0.593  0.215
       19  0.99944   0.023 -0.898  1.000  0.183 -0.057
       20  0.99831   0.056 -0.593  0.183  1.000 -0.467
       22  0.88664   0.081  0.215 -0.057 -0.467  1.000
MINUIT - FIT ONLY 1-y
 **********
 **   60 **RES 
 **********
                   PARAMETER   14  ANy2 RESTORED TO VARIABLE.
                   PARAMETER    7  w_CBO RESTORED TO VARIABLE.
                   PARAMETER    6  A_CBO RESTORED TO VARIABLE.
                   PARAMETER    4  phi RESTORED TO VARIABLE.
                   PARAMETER    3  A0 RESTORED TO VARIABLE.
                   PARAMETER    1  N0 RESTORED TO VARIABLE.
 **********
 **   61 **FIX            0
 **********
 PARAMETER    0  IS UNDEFINED. IGNORED.
 **********
 **   62 **FIX            1
 **********
 **********
 **   63 **FIX            2
 **********
 PARAMETER    2  IS CONSTANT.   IGNORED.
 **********
 **   64 **FIX            3
 **********
 **********
 **   65 **FIX            4
 **********
 **********
 **   66 **FIX            5
 **********
 PARAMETER    5  IS CONSTANT.   IGNORED.
 **********
 **   67 **FIX            6
 **********
 **********
 **   68 **FIX            7
 **********
 **********
 **   69 **FIX            8
 **********
 **********
 **   70 **FIX            9
 **********
 PARAMETER    9  IS CONSTANT.   IGNORED.
 **********
 **   71 **FIX           13
 **********
 PARAMETER   13  IS CONSTANT.   IGNORED.
 **********
 **   72 **FIX           14
 **********
 **********
 **   73 **FIX           15
 **********
 PARAMETER   15  IS CONSTANT.   IGNORED.
 **********
 **   74 **FIX           16
 **********
 PARAMETER   16  IS CONSTANT.   IGNORED.
 **********
 **   75 **MIGRAD
 **********
 START MIGRAD MINIMIZATION.  STRATEGY  1.  CONVERGENCE WHEN EDM .LT. 1.00e-04
 FCN=330.895 FROM MIGRAD    STATUS=INITIATE        8 CALLS         747 TOTAL
                     EDM= unknown      STRATEGY= 1      NO ERROR MATRIX       
  EXT PARAMETER               CURRENT GUESS       STEP         FIRST   
  NO.   NAME      VALUE            ERROR          SIZE      DERIVATIVE 
   1  N0           2.91105e+06     fixed    
   2  tau          6.44069e+01   constant   
   3  A0           3.52304e-01     fixed    
   4  phi          4.11597e+00     fixed    
   5  R           -6.11570e+01   constant   
   6  A_CBO        5.36713e-04     fixed    
   7  w_CBO        2.32695e+00     fixed    
   8  phi_CBO      3.91354e+00     fixed    
   9  ANx2         8.59960e-04   constant   
  10  pNx2         1.29548e+00   constant   
  11  ANy1         0.00000e+00   constant   
  12  pNy1         0.00000e+00   constant   
  13  w_y          0.00000e+00   constant   
  14  ANy2         1.95936e-04     fixed    
  15  pNy2         3.07836e+00   constant   
  16  w_vw         1.43006e+01   constant   
  17  LM           1.55944e-04   constant   
  18  wCBO_expCoeff   2.00118e+02   3.14897e-01  -1.48490e-03   1.67096e-02
  19  wCBO_expOffset   2.00018e+02   3.85213e-02   5.48873e-05   1.07898e-01
  20  wCBO_expT    2.99851e+01   7.39753e-03   5.89516e-05   3.05974e-01
  21  wCBO_linCoeff   0.00000e+00   constant   
  22  wCBO_const   3.65777e-05   7.80581e-04  -2.69340e-06   6.50941e-01
 MIGRAD MINIMIZATION HAS CONVERGED.
 MIGRAD WILL VERIFY CONVERGENCE AND ERROR MATRIX.
 COVARIANCE MATRIX CALCULATED SUCCESSFULLY
 FCN=330.895 FROM MIGRAD    STATUS=CONVERGED      45 CALLS         784 TOTAL
                     EDM=2.27792e-08    STRATEGY= 1      ERROR MATRIX ACCURATE 
  EXT PARAMETER                                   STEP         FIRST   
  NO.   NAME      VALUE            ERROR          SIZE      DERIVATIVE 
   1  N0           2.91105e+06     fixed    
   2  tau          6.44069e+01   constant   
   3  A0           3.52304e-01     fixed    
   4  phi          4.11597e+00     fixed    
   5  R           -6.11570e+01   constant   
   6  A_CBO        5.36713e-04     fixed    
   7  w_CBO        2.32695e+00     fixed    
   8  phi_CBO      3.91354e+00     fixed    
   9  ANx2         8.59960e-04   constant   
  10  pNx2         1.29548e+00   constant   
  11  ANy1         0.00000e+00   constant   
  12  pNy1         0.00000e+00   constant   
  13  w_y          0.00000e+00   constant   
  14  ANy2         1.95936e-04     fixed    
  15  pNy2         3.07836e+00   constant   
  16  w_vw         1.43006e+01   constant   
  17  LM           1.55944e-04   constant   
  18  wCBO_expCoeff   2.00118e+02   3.18690e-01   9.54239e-05  -4.00318e-03
  19  wCBO_expOffset   2.00018e+02   4.08905e-02   9.53760e-05  -2.67317e-02
  20  wCBO_expT    2.99851e+01   6.49611e-03   1.42980e-05  -8.33198e-02
  21  wCBO_linCoeff   0.00000e+00   constant   
  22  wCBO_const   3.65654e-05   7.54676e-04   3.21030e-06   1.83349e-01
 EXTERNAL ERROR MATRIX.    NDIM=  25    NPAR=  4    ERR DEF=1
  1.016e-01 -1.204e-02 -1.104e-03  3.811e-05 
 -1.204e-02  1.672e-03  4.583e-05 -1.268e-06 
 -1.104e-03  4.583e-05  4.220e-05 -2.069e-06 
  3.811e-05 -1.268e-06 -2.069e-06  5.695e-07 
 PARAMETER  CORRELATION COEFFICIENTS  
       NO.  GLOBAL     18     19     20     22
       18  0.99964   1.000 -0.924 -0.533  0.158
       19  0.99950  -0.924  1.000  0.173 -0.041
       20  0.99780  -0.533  0.173  1.000 -0.422
       22  0.87825   0.158 -0.041 -0.422  1.000
MINUIT - FIT ONLY 2-y
 **********
 **   76 **RES 
 **********
                   PARAMETER   14  ANy2 RESTORED TO VARIABLE.
                   PARAMETER    8  phi_CBO RESTORED TO VARIABLE.
                   PARAMETER    7  w_CBO RESTORED TO VARIABLE.
                   PARAMETER    6  A_CBO RESTORED TO VARIABLE.
                   PARAMETER    4  phi RESTORED TO VARIABLE.
                   PARAMETER    3  A0 RESTORED TO VARIABLE.
                   PARAMETER    1  N0 RESTORED TO VARIABLE.
 **********
 **   77 **FIX            0
 **********
 PARAMETER    0  IS UNDEFINED. IGNORED.
 **********
 **   78 **FIX            1
 **********
 **********
 **   79 **FIX            2
 **********
 PARAMETER    2  IS CONSTANT.   IGNORED.
 **********
 **   80 **FIX            3
 **********
 **********
 **   81 **FIX            4
 **********
 **********
 **   82 **FIX            5
 **********
 PARAMETER    5  IS CONSTANT.   IGNORED.
 **********
 **   83 **FIX            6
 **********
 **********
 **   84 **FIX            7
 **********
 **********
 **   85 **FIX            8
 **********
 **********
 **   86 **FIX            9
 **********
 PARAMETER    9  IS CONSTANT.   IGNORED.
 **********
 **   87 **FIX           10
 **********
 PARAMETER   10  IS CONSTANT.   IGNORED.
 **********
 **   88 **FIX           11
 **********
 PARAMETER   11  IS CONSTANT.   IGNORED.
 **********
 **   89 **FIX           12
 **********
 PARAMETER   12  IS CONSTANT.   IGNORED.
 **********
 **   90 **FIX           16
 **********
 PARAMETER   16  IS CONSTANT.   IGNORED.
 **********
 **   91 **MIGRAD
 **********
 START MIGRAD MINIMIZATION.  STRATEGY  1.  CONVERGENCE WHEN EDM .LT. 1.00e-04
 FCN=330.895 FROM MIGRAD    STATUS=INITIATE       10 CALLS         794 TOTAL
                     EDM= unknown      STRATEGY= 1      NO ERROR MATRIX       
  EXT PARAMETER               CURRENT GUESS       STEP         FIRST   
  NO.   NAME      VALUE            ERROR          SIZE      DERIVATIVE 
   1  N0           2.91105e+06     fixed    
   2  tau          6.44069e+01   constant   
   3  A0           3.52304e-01     fixed    
   4  phi          4.11597e+00     fixed    
   5  R           -6.11570e+01   constant   
   6  A_CBO        5.36713e-04     fixed    
   7  w_CBO        2.32695e+00     fixed    
   8  phi_CBO      3.91354e+00     fixed    
   9  ANx2         8.59960e-04   constant   
  10  pNx2         1.29548e+00   constant   
  11  ANy1         0.00000e+00   constant   
  12  pNy1         0.00000e+00   constant   
  13  w_y          0.00000e+00   constant   
  14  ANy2         1.95936e-04   4.29421e-04   4.29421e-04  -3.87493e+01
  15  pNy2         3.07836e+00   constant   
  16  w_vw         1.43006e+01   constant   
  17  LM           1.55944e-04   constant   
  18  wCBO_expCoeff   2.00118e+02   3.18690e-01   9.54239e-05  -4.01286e-03
  19  wCBO_expOffset   2.00018e+02   4.08905e-02   9.53760e-05  -3.03494e-02
  20  wCBO_expT    2.99851e+01   6.49611e-03   1.42980e-05  -1.09645e-01
  21  wCBO_linCoeff   0.00000e+00   constant   
  22  wCBO_const   3.65654e-05   7.54676e-04   3.21030e-06   1.77454e-01
 MIGRAD MINIMIZATION HAS CONVERGED.
 MIGRAD WILL VERIFY CONVERGENCE AND ERROR MATRIX.
 COVARIANCE MATRIX CALCULATED SUCCESSFULLY
 FCN=330.895 FROM MIGRAD    STATUS=CONVERGED      54 CALLS         838 TOTAL
                     EDM=2.11778e-06    STRATEGY= 1      ERROR MATRIX ACCURATE 
  EXT PARAMETER                                   STEP         FIRST   
  NO.   NAME      VALUE            ERROR          SIZE      DERIVATIVE 
   1  N0           2.91105e+06     fixed    
   2  tau          6.44069e+01   constant   
   3  A0           3.52304e-01     fixed    
   4  phi          4.11597e+00     fixed    
   5  R           -6.11570e+01   constant   
   6  A_CBO        5.36713e-04     fixed    
   7  w_CBO        2.32695e+00     fixed    
   8  phi_CBO      3.91354e+00     fixed    
   9  ANx2         8.59960e-04   constant   
  10  pNx2         1.29548e+00   constant   
  11  ANy1         0.00000e+00   constant   
  12  pNy1         0.00000e+00   constant   
  13  w_y          0.00000e+00   constant   
  14  ANy2         1.99493e-04   4.31605e-04   3.81142e-06   4.46629e-03
  15  pNy2         3.07836e+00   constant   
  16  w_vw         1.43006e+01   constant   
  17  LM           1.55944e-04   constant   
  18  wCBO_expCoeff   2.00118e+02   3.18120e-01   9.54239e-05  -3.91974e-03
  19  wCBO_expOffset   2.00018e+02   4.07570e-02   9.53760e-05  -2.61751e-02
  20  wCBO_expT    2.99851e+01   6.52132e-03   1.42980e-05  -4.21415e-01
  21  wCBO_linCoeff   0.00000e+00   constant   
  22  wCBO_const   3.65538e-05   7.55040e-04   3.21029e-06  -1.71632e+00
 EXTERNAL ERROR MATRIX.    NDIM=  25    NPAR=  5    ERR DEF=1
  1.863e-07 -7.173e-06  2.653e-07  2.622e-07  9.867e-09 
 -7.173e-06  1.012e-01 -1.196e-02 -1.110e-03  3.760e-05 
  2.653e-07 -1.196e-02  1.661e-03  4.573e-05 -1.240e-06 
  2.622e-07 -1.110e-03  4.573e-05  4.253e-05 -2.053e-06 
  9.867e-09  3.760e-05 -1.240e-06 -2.053e-06  5.701e-07 
 PARAMETER  CORRELATION COEFFICIENTS  
       NO.  GLOBAL     14     18     19     20     22
       14  0.12039   1.000 -0.052  0.015  0.093  0.030
       18  0.99964  -0.052  1.000 -0.923 -0.535  0.157
       19  0.99950   0.015 -0.923  1.000  0.172 -0.040
       20  0.99782   0.093 -0.535  0.172  1.000 -0.417
       22  0.87837   0.030  0.157 -0.040 -0.417  1.000
MINUIT - FIT ALTOGETHER
 **********
 **   92 **RES 
 **********
                   PARAMETER    8  phi_CBO RESTORED TO VARIABLE.
                   PARAMETER    7  w_CBO RESTORED TO VARIABLE.
                   PARAMETER    6  A_CBO RESTORED TO VARIABLE.
                   PARAMETER    4  phi RESTORED TO VARIABLE.
                   PARAMETER    3  A0 RESTORED TO VARIABLE.
                   PARAMETER    1  N0 RESTORED TO VARIABLE.
 **********
 **   93 **MIGRAD
 **********
 START MIGRAD MINIMIZATION.  STRATEGY  1.  CONVERGENCE WHEN EDM .LT. 1.00e-04
 FCN=330.895 FROM MIGRAD    STATUS=INITIATE       22 CALLS         860 TOTAL
                     EDM= unknown      STRATEGY= 1      NO ERROR MATRIX       
  EXT PARAMETER               CURRENT GUESS       STEP         FIRST   
  NO.   NAME      VALUE            ERROR          SIZE      DERIVATIVE 
   1  N0           2.91105e+06   8.84774e+02   8.84774e+02  -7.33891e-04
   2  tau          6.44069e+01   constant   
   3  A0           3.52304e-01   4.08746e-04   4.08746e-04  -6.27857e+02
   4  phi          4.11597e+00   1.20857e-03   1.20857e-03  -4.32969e+02
   5  R           -6.11570e+01   constant   
   6  A_CBO        5.36713e-04   4.40197e-04   4.40197e-04  -1.69400e+02
