 + ++++++++++++++++++++++++++++++++++++++++++++++++++++++++++++++++++++ +
 +                                                                      +
 +           You have chose to blind your fitting according to          +
 +                omega_ref * (1 + (R +/- deltaR) *10^{-6})             +
 +                                                                      +
 + ++++++++++++++++++++++++++++++++++++++++++++++++++++++++++++++++++++ +
In main()...
reading format from /gm2data/zkhechad/run45/envelope/formats/formatB_sBin_constraintOn.txt
pBinTau 	= 0  
pBinPhi 	= 0  
constraintau 	= 1 
includeMopTerm 	= 0    
constrainMop    = 0   
Parameters after format file: pBinTau 0 pBinPhi 0 constraintau 1 includeMopTerm 0 constrainMop 0 c_e_scale 0.000000 
reading cbo reference file (full fit) from /gm2data/zkhechad/cboTemplates/Run4CBOTemplates/fullFits/run4/sBin_constraintOn_cE0.0_seed0_run4_calo23.root
A_CBO 0.010020 w_CBO 2.326571 phi_CBO 3.324358 N0 2994604.828788 R -61.069952 tau 64.405626 
Reading cboRef file /gm2data/zkhechad/cboTemplates/Run4CBOTemplates//cboIsolate/run4_calo23.root
deltaT 164.120000
windowBins = 1100
fitting sliding window 1280 from bin 1483 at 221.263600 to bin 2583 at 385.383600 (1100 bins)

Reading data from /gm2data/cornell/histograms/aMethod/histogram_a_run4.root
fitting cbo isolate
 **********
 **    1 **SET PRINTOUT            1
 **********
 **********
 **    2 **SET NOWARNINGS 
 **********
 PARAMETER DEFINITIONS:
    NO.   NAME         VALUE      STEP SIZE      LIMITS
     1 A_CBO        1.00201e-02  1.00000e-05     no limits
     2 w_CBO        2.32657e+00  1.00000e-02    2.00000e+00  3.00000e+00
     3 phi_CBO      3.32436e+00  1.00000e-02    0.00000e+00  6.28319e+00
 **********
 **    3 **MIGRAD
 **********
 FIRST CALL TO USER FUNCTION AT NEW START POINT, WITH IFLAG=4.
 START MIGRAD MINIMIZATION.  STRATEGY  1.  CONVERGENCE WHEN EDM .LT. 1.00e-04
 FCN=0.0491142 FROM MIGRAD    STATUS=INITIATE       12 CALLS          13 TOTAL
                     EDM= unknown      STRATEGY= 1      NO ERROR MATRIX       
  EXT PARAMETER               CURRENT GUESS       STEP         FIRST   
  NO.   NAME      VALUE            ERROR          SIZE      DERIVATIVE 
   1  A_CBO        1.00201e-02   1.00000e-05   1.00000e-05   8.29829e+00
   2  w_CBO        2.32657e+00   1.00000e-02   2.13261e-02  -5.97540e-02
   3  phi_CBO      3.32436e+00   1.00000e-02   3.18850e-03   1.41010e-03
 MIGRAD MINIMIZATION HAS CONVERGED.
 MIGRAD WILL VERIFY CONVERGENCE AND ERROR MATRIX.
 COVARIANCE MATRIX CALCULATED SUCCESSFULLY
 FCN=0.0179044 FROM MIGRAD    STATUS=CONVERGED      41 CALLS          42 TOTAL
                     EDM=1.6012e-06    STRATEGY= 1      ERROR MATRIX ACCURATE 
  EXT PARAMETER                                   STEP         FIRST   
  NO.   NAME      VALUE            ERROR          SIZE      DERIVATIVE 
   1  A_CBO        2.49820e-03   4.26576e-02   2.09749e-05  -1.13428e-04
   2  w_CBO        2.32663e+00   3.49680e-01   6.17407e-05   1.39100e-02
   3  phi_CBO      3.30769e+00   4.51210e+00   2.68361e-03  -3.05503e-04
 EXTERNAL ERROR MATRIX.    NDIM=  25    NPAR=  3    ERR DEF=1
  1.820e-03 -1.019e-03 -2.852e-01 
 -1.019e-03  1.557e-01  4.477e+01 
 -2.852e-01  4.477e+01  1.316e+04 
 PARAMETER  CORRELATION COEFFICIENTS  
       NO.  GLOBAL      1      2      3
        1  0.06142   1.000 -0.061 -0.058
        2  0.98885  -0.061  1.000  0.989
        3  0.98884  -0.058  0.989  1.000
setting A_CBO=0.002498 w_CBO=2.326627, phi_CBO=3.307691
done fitting cbo isolate
 **********
 **    1 **SET PRINTOUT            1
 **********
 **********
 **    2 **SET NOWARNINGS 
 **********
 PARAMETER DEFINITIONS:
    NO.   NAME         VALUE      STEP SIZE      LIMITS
     1 N0           2.99460e+06  1.00000e+02     no limits
     2 tau          6.44056e+01  constant
     3 A0           3.43521e-01  1.00000e-04     no limits
     4 phi          4.11984e+00  1.00000e-02     no limits
     5 R           -6.10700e+01  constant
     6 A_CBO        2.49820e-03  1.00000e-05     no limits
     7 w_CBO        2.32663e+00  1.00000e-03     no limits
     8 phi_CBO      3.30769e+00  1.00000e-04     no limits
     9 ANx2         5.14298e-04  constant
    10 pNx2         2.57364e+00  constant
    11 ANy1         0.00000e+00  constant
    12 pNy1         0.00000e+00  constant
    13 w_y          0.00000e+00  constant
    14 ANy2         1.38778e-02  1.00000e-04     no limits
    15 pNy2         3.40463e+00  constant
    16 w_vw         1.43028e+01  constant
    17 LM           2.35248e-05  constant
    18 wCBO_expCoeff   2.00000e+02  1.00000e+00     no limits
    19 wCBO_expOffset   2.00000e+02  1.00000e+00     no limits
    20 wCBO_expT    3.00000e+01  1.00000e+00     no limits
    21 wCBO_linCoeff   0.00000e+00  constant
    22 wCBO_const   0.00000e+00  1.00000e-02     no limits
MINUIT - FIT ONLY WIGGLE
 **********
 **    3 **FIX            5
 **********
 PARAMETER    5  IS CONSTANT.   IGNORED.
 **********
 **    4 **FIX            6
 **********
 **********
 **    5 **FIX            7
 **********
 **********
 **    6 **FIX            8
 **********
 **********
 **    7 **FIX            9
 **********
 PARAMETER    9  IS CONSTANT.   IGNORED.
 **********
 **    8 **FIX           10
 **********
 PARAMETER   10  IS CONSTANT.   IGNORED.
 **********
 **    9 **FIX           11
 **********
 PARAMETER   11  IS CONSTANT.   IGNORED.
 **********
 **   10 **FIX           12
 **********
 PARAMETER   12  IS CONSTANT.   IGNORED.
 **********
 **   11 **FIX           13
 **********
 PARAMETER   13  IS CONSTANT.   IGNORED.
 **********
 **   12 **FIX           14
 **********
 **********
 **   13 **FIX           15
 **********
 PARAMETER   15  IS CONSTANT.   IGNORED.
 **********
 **   14 **FIX           16
 **********
 PARAMETER   16  IS CONSTANT.   IGNORED.
 **********
 **   15 **MIGRAD
 **********
 FIRST CALL TO USER FUNCTION AT NEW START POINT, WITH IFLAG=4.
 START MIGRAD MINIMIZATION.  STRATEGY  1.  CONVERGENCE WHEN EDM .LT. 1.00e-04
 FCN=3236.32 FROM MIGRAD    STATUS=INITIATE       34 CALLS          35 TOTAL
                     EDM= unknown      STRATEGY= 1      NO ERROR MATRIX       
  EXT PARAMETER               CURRENT GUESS       STEP         FIRST   
  NO.   NAME      VALUE            ERROR          SIZE      DERIVATIVE 
   1  N0           2.99460e+06   1.00000e+02   1.00000e+02   3.03676e-03
   2  tau          6.44056e+01   constant   
   3  A0           3.43521e-01   1.00000e-04   1.00000e-04   6.71614e+03
   4  phi          4.11984e+00   1.00000e-02   1.00000e-02  -3.40667e+03
   5  R           -6.10700e+01   constant   
   6  A_CBO        2.49820e-03     fixed    
   7  w_CBO        2.32663e+00     fixed    
   8  phi_CBO      3.30769e+00     fixed    
   9  ANx2         5.14298e-04   constant   
  10  pNx2         2.57364e+00   constant   
  11  ANy1         0.00000e+00   constant   
  12  pNy1         0.00000e+00   constant   
  13  w_y          0.00000e+00   constant   
  14  ANy2         1.38778e-02     fixed    
  15  pNy2         3.40463e+00   constant   
  16  w_vw         1.43028e+01   constant   
  17  LM           2.35248e-05   constant   
  18  wCBO_expCoeff   2.00000e+02   1.00000e+00   1.00000e+00  -6.39989e+03
  19  wCBO_expOffset   2.00000e+02   1.00000e+00   1.00000e+00  -3.88207e+04
  20  wCBO_expT    3.00000e+01   1.00000e+00   1.00000e+00  -3.69449e+04
  21  wCBO_linCoeff   0.00000e+00   constant   
  22  wCBO_const   0.00000e+00   1.00000e-02   1.00000e-02  -2.06634e+04
 MIGRAD FAILS TO FIND IMPROVEMENT
 MIGRAD MINIMIZATION HAS CONVERGED.
 FCN=3226.53 FROM MIGRAD    STATUS=CONVERGED     142 CALLS         143 TOTAL
                     EDM=2.19331e-05    STRATEGY= 1  ERROR MATRIX UNCERTAINTY   3.6 per cent
  EXT PARAMETER                                   STEP         FIRST   
  NO.   NAME      VALUE            ERROR          SIZE      DERIVATIVE 
   1  N0           2.99408e+06   5.65167e+02  -0.00000e+00   3.54567e-06
   2  tau          6.44056e+01   constant   
   3  A0           3.43311e-01   2.53296e-04  -0.00000e+00   7.21142e+00
   4  phi          4.12088e+00   7.65600e-04   0.00000e+00  -4.81938e-02
   5  R           -6.10700e+01   constant   
   6  A_CBO        2.49820e-03     fixed    
   7  w_CBO        2.32663e+00     fixed    
   8  phi_CBO      3.30769e+00     fixed    
   9  ANx2         5.14298e-04   constant   
  10  pNx2         2.57364e+00   constant   
  11  ANy1         0.00000e+00   constant   
  12  pNy1         0.00000e+00   constant   
  13  w_y          0.00000e+00   constant   
  14  ANy2         1.38778e-02     fixed    
  15  pNy2         3.40463e+00   constant   
  16  w_vw         1.43028e+01   constant   
  17  LM           2.35248e-05   constant   
  18  wCBO_expCoeff   2.00002e+02   1.27573e-03   0.00000e+00  -1.73653e+00
  19  wCBO_expOffset   2.00000e+02   2.02257e-04   0.00000e+00  -7.83393e+01
  20  wCBO_expT    2.99995e+01   5.14637e-04  -0.00000e+00  -3.99786e+01
  21  wCBO_linCoeff   0.00000e+00   constant   
  22  wCBO_const   4.98312e-04   5.25367e-04   0.00000e+00  -2.14907e+01
 EXTERNAL ERROR MATRIX.    NDIM=  25    NPAR=  7    ERR DEF=1
  3.194e+05  1.385e-03 -3.516e-03 -1.053e-02 -3.681e-03  3.201e-03  2.991e-04 
  1.385e-03  6.416e-08 -1.503e-09 -2.522e-09 -7.828e-10  7.882e-10  9.527e-10 
 -3.516e-03 -1.503e-09  5.861e-07  2.360e-08  4.850e-09 -9.356e-09  6.133e-09 
 -1.053e-02 -2.522e-09  2.360e-08  1.627e-06  1.643e-07 -5.183e-07  2.870e-07 
 -3.681e-03 -7.828e-10  4.850e-09  1.643e-07  4.091e-08 -8.365e-08  4.847e-08 
  3.201e-03  7.882e-10 -9.356e-09 -5.183e-07 -8.365e-08  2.649e-07 -2.177e-07 
  2.991e-04  9.527e-10  6.133e-09  2.870e-07  4.847e-08 -2.177e-07  2.760e-07 
 PARAMETER  CORRELATION COEFFICIENTS  
       NO.  GLOBAL      1      3      4     18     19     20     22
        1  0.04618   1.000  0.010 -0.008 -0.015 -0.032  0.011  0.001
        3  0.02592   0.010  1.000 -0.008 -0.008 -0.015  0.006  0.007
        4  0.03738  -0.008 -0.008  1.000  0.024  0.031 -0.024  0.015
       18  0.89141  -0.015 -0.008  0.024  1.000  0.637 -0.790  0.428
       19  0.89334  -0.032 -0.015  0.031  0.637  1.000 -0.804  0.456
       20  0.97979   0.011  0.006 -0.024 -0.790 -0.804  1.000 -0.805
       22  0.92973   0.001  0.007  0.015  0.428  0.456 -0.805  1.000
MINUIT - FIT ONLY 1-CBO + other amplitudes 
 **********
 **   16 **RES 
 **********
                   PARAMETER   14  ANy2 RESTORED TO VARIABLE.
                   PARAMETER    8  phi_CBO RESTORED TO VARIABLE.
                   PARAMETER    7  w_CBO RESTORED TO VARIABLE.
                   PARAMETER    6  A_CBO RESTORED TO VARIABLE.
 **********
 **   17 **FIX            0
 **********
 PARAMETER    0  IS UNDEFINED. IGNORED.
 **********
 **   18 **FIX            1
 **********
 **********
 **   19 **FIX            2
 **********
 PARAMETER    2  IS CONSTANT.   IGNORED.
 **********
 **   20 **FIX            3
 **********
 **********
 **   21 **FIX            4
 **********
 **********
 **   22 **FIX            9
 **********
 PARAMETER    9  IS CONSTANT.   IGNORED.
 **********
 **   23 **FIX           11
 **********
 PARAMETER   11  IS CONSTANT.   IGNORED.
 **********
 **   24 **FIX           12
 **********
 PARAMETER   12  IS CONSTANT.   IGNORED.
 **********
 **   25 **FIX           14
 **********
 **********
 **   26 **FIX           15
 **********
 PARAMETER   15  IS CONSTANT.   IGNORED.
 **********
 **   27 **FIX           16
 **********
 PARAMETER   16  IS CONSTANT.   IGNORED.
 **********
 **   28 **MIGRAD
 **********
 START MIGRAD MINIMIZATION.  STRATEGY  1.  CONVERGENCE WHEN EDM .LT. 1.00e-04
 FCN=3226.53 FROM MIGRAD    STATUS=INITIATE       22 CALLS         165 TOTAL
                     EDM= unknown      STRATEGY= 1      NO ERROR MATRIX       
  EXT PARAMETER               CURRENT GUESS       STEP         FIRST   
  NO.   NAME      VALUE            ERROR          SIZE      DERIVATIVE 
   1  N0           2.99408e+06     fixed    
   2  tau          6.44056e+01   constant   
   3  A0           3.43311e-01     fixed    
   4  phi          4.12088e+00     fixed    
   5  R           -6.10700e+01   constant   
   6  A_CBO        2.49820e-03   1.00000e-05   1.00000e-05   4.57390e+04
   7  w_CBO        2.32663e+00   1.00000e-03   1.00000e-03  -1.59192e+02
   8  phi_CBO      3.30769e+00   1.00000e-04   1.00000e-04   1.03070e+01
   9  ANx2         5.14298e-04   constant   
  10  pNx2         2.57364e+00   constant   
  11  ANy1         0.00000e+00   constant   
  12  pNy1         0.00000e+00   constant   
  13  w_y          0.00000e+00   constant   
  14  ANy2         1.38778e-02     fixed    
  15  pNy2         3.40463e+00   constant   
  16  w_vw         1.43028e+01   constant   
  17  LM           2.35248e-05   constant   
  18  wCBO_expCoeff   2.00002e+02   1.27573e-03   0.00000e+00  -1.73653e+00
  19  wCBO_expOffset   2.00000e+02   2.02257e-04   0.00000e+00  -7.83393e+01
  20  wCBO_expT    2.99995e+01   5.14637e-04  -0.00000e+00  -3.99786e+01
  21  wCBO_linCoeff   0.00000e+00   constant   
  22  wCBO_const   4.98312e-04   5.25367e-04   0.00000e+00  -2.14907e+01
 MIGRAD MINIMIZATION HAS CONVERGED.
 FCN=3186.97 FROM MIGRAD    STATUS=CONVERGED     170 CALLS         313 TOTAL
                     EDM=2.15187e-06    STRATEGY= 1  ERROR MATRIX UNCERTAINTY   2.8 per cent
  EXT PARAMETER                                   STEP         FIRST   
  NO.   NAME      VALUE            ERROR          SIZE      DERIVATIVE 
   1  N0           2.99408e+06     fixed    
   2  tau          6.44056e+01   constant   
   3  A0           3.43311e-01     fixed    
   4  phi          4.12088e+00     fixed    
   5  R           -6.10700e+01   constant   
   6  A_CBO        8.58474e-04   2.71479e-04   3.62065e-07  -2.99211e-01
   7  w_CBO        2.32664e+00   1.65452e-05   4.47691e-08   2.18131e+02
   8  phi_CBO      2.80378e+00   4.48656e-01  -4.93107e-04  -6.66273e-04
   9  ANx2         5.14298e-04   constant   
  10  pNx2         2.57364e+00   constant   
  11  ANy1         0.00000e+00   constant   
  12  pNy1         0.00000e+00   constant   
  13  w_y          0.00000e+00   constant   
  14  ANy2         1.38778e-02     fixed    
  15  pNy2         3.40463e+00   constant   
  16  w_vw         1.43028e+01   constant   
  17  LM           2.35248e-05   constant   
  18  wCBO_expCoeff   2.00003e+02   1.45402e-03   3.80336e-06   2.53334e+00
  19  wCBO_expOffset   2.00000e+02   2.18165e-04   6.21963e-07  -1.39041e+00
  20  wCBO_expT    2.99990e+01   7.26674e-04  -3.24679e-06   1.04839e+01
  21  wCBO_linCoeff   0.00000e+00   constant   
  22  wCBO_const   2.44051e-04   5.46017e-04   2.38306e-06   8.40034e-01
 EXTERNAL ERROR MATRIX.    NDIM=  25    NPAR=  7    ERR DEF=1
  7.370e-08  8.805e-11 -4.647e-06  7.657e-09  2.149e-09 -4.572e-09  2.008e-09 
  8.805e-11  2.737e-10 -3.953e-06  1.848e-08  2.769e-09 -1.032e-08  1.268e-09 
 -4.647e-06 -3.953e-06  2.013e-01 -3.528e-04 -5.200e-05  1.673e-04  4.710e-05 
  7.657e-09  1.848e-08 -3.528e-04  2.114e-06  2.437e-07 -9.017e-07  9.497e-08 
  2.149e-09  2.769e-09 -5.200e-05  2.437e-07  4.760e-08 -1.376e-07  1.879e-08 
 -4.572e-09 -1.032e-08  1.673e-04 -9.017e-07 -1.376e-07  5.281e-07 -1.756e-07 
  2.008e-09  1.268e-09  4.710e-05  9.497e-08  1.879e-08 -1.756e-07  2.981e-07 
 PARAMETER  CORRELATION COEFFICIENTS  
       NO.  GLOBAL      6      7      8     18     19     20     22
        6  0.07034   1.000  0.020 -0.038  0.019  0.036 -0.023  0.014
        7  0.91760   0.020  1.000 -0.533  0.768  0.767 -0.859  0.140
        8  0.71781  -0.038 -0.533  1.000 -0.541 -0.531  0.513  0.192
       18  0.91846   0.019  0.768 -0.541  1.000  0.768 -0.853  0.120
       19  0.92269   0.036  0.767 -0.531  0.768  1.000 -0.868  0.158
       20  0.98653  -0.023 -0.859  0.513 -0.853 -0.868  1.000 -0.443
       22  0.90209   0.014  0.140  0.192  0.120  0.158 -0.443  1.000
MINUIT - FIT ONLY 1-CBO
 **********
 **   29 **RES 
 **********
                   PARAMETER   14  ANy2 RESTORED TO VARIABLE.
                   PARAMETER    4  phi RESTORED TO VARIABLE.
                   PARAMETER    3  A0 RESTORED TO VARIABLE.
                   PARAMETER    1  N0 RESTORED TO VARIABLE.
 **********
 **   30 **FIX            0
 **********
 PARAMETER    0  IS UNDEFINED. IGNORED.
 **********
 **   31 **FIX            1
 **********
 **********
 **   32 **FIX            2
 **********
 PARAMETER    2  IS CONSTANT.   IGNORED.
 **********
 **   33 **FIX            3
 **********
 **********
 **   34 **FIX            4
 **********
 **********
 **   35 **FIX            8
 **********
 **********
 **   36 **FIX            9
 **********
 PARAMETER    9  IS CONSTANT.   IGNORED.
 **********
 **   37 **FIX           11
 **********
 PARAMETER   11  IS CONSTANT.   IGNORED.
 **********
 **   38 **FIX           12
 **********
 PARAMETER   12  IS CONSTANT.   IGNORED.
 **********
 **   39 **FIX           13
 **********
 PARAMETER   13  IS CONSTANT.   IGNORED.
 **********
 **   40 **FIX           15
 **********
 PARAMETER   15  IS CONSTANT.   IGNORED.
 **********
 **   41 **FIX           16
 **********
 PARAMETER   16  IS CONSTANT.   IGNORED.
 **********
 **   42 **MIGRAD
 **********
 START MIGRAD MINIMIZATION.  STRATEGY  1.  CONVERGENCE WHEN EDM .LT. 1.00e-04
 FCN=3186.97 FROM MIGRAD    STATUS=INITIATE       16 CALLS         329 TOTAL
                     EDM= unknown      STRATEGY= 1      NO ERROR MATRIX       
  EXT PARAMETER               CURRENT GUESS       STEP         FIRST   
  NO.   NAME      VALUE            ERROR          SIZE      DERIVATIVE 
   1  N0           2.99408e+06     fixed    
   2  tau          6.44056e+01   constant   
   3  A0           3.43311e-01     fixed    
   4  phi          4.12088e+00     fixed    
   5  R           -6.10700e+01   constant   
   6  A_CBO        8.58474e-04   2.71479e-04   3.62065e-07  -2.99212e-01
   7  w_CBO        2.32664e+00   1.65452e-05   4.47691e-08   2.18131e+02
   8  phi_CBO      2.80378e+00     fixed    
   9  ANx2         5.14298e-04   constant   
  10  pNx2         2.57364e+00   constant   
  11  ANy1         0.00000e+00   constant   
  12  pNy1         0.00000e+00   constant   
  13  w_y          0.00000e+00   constant   
  14  ANy2         1.38778e-02   1.00000e-04   1.00000e-04   3.94886e+05
  15  pNy2         3.40463e+00   constant   
  16  w_vw         1.43028e+01   constant   
  17  LM           2.35248e-05   constant   
  18  wCBO_expCoeff   2.00003e+02   1.45402e-03   3.80336e-06   2.53334e+00
  19  wCBO_expOffset   2.00000e+02   2.18165e-04   6.21963e-07  -1.39041e+00
  20  wCBO_expT    2.99990e+01   7.26674e-04  -3.24679e-06   1.04839e+01
  21  wCBO_linCoeff   0.00000e+00   constant   
  22  wCBO_const   2.44051e-04   5.46017e-04   2.38306e-06   8.40034e-01
 MIGRAD MINIMIZATION HAS CONVERGED.
 MIGRAD WILL VERIFY CONVERGENCE AND ERROR MATRIX.
 COVARIANCE MATRIX CALCULATED SUCCESSFULLY
 FCN=417.203 FROM MIGRAD    STATUS=CONVERGED     199 CALLS         512 TOTAL
                     EDM=6.52199e-06    STRATEGY= 1      ERROR MATRIX ACCURATE 
  EXT PARAMETER                                   STEP         FIRST   
  NO.   NAME      VALUE            ERROR          SIZE      DERIVATIVE 
   1  N0           2.99408e+06     fixed    
   2  tau          6.44056e+01   constant   
   3  A0           3.43311e-01     fixed    
   4  phi          4.12088e+00     fixed    
   5  R           -6.10700e+01   constant   
   6  A_CBO        1.92111e-04   2.73646e-04   2.71652e-06   1.72817e+00
   7  w_CBO        2.32665e+00   2.27582e-04   1.10943e-06   8.98623e+01
   8  phi_CBO      2.80378e+00     fixed    
   9  ANx2         5.14298e-04   constant   
  10  pNx2         2.57364e+00   constant   
  11  ANy1         0.00000e+00   constant   
  12  pNy1         0.00000e+00   constant   
  13  w_y          0.00000e+00   constant   
  14  ANy2        -1.51742e-04   2.66810e-04   2.65836e-06   4.83498e-01
  15  pNy2         3.40463e+00   constant   
  16  w_vw         1.43028e+01   constant   
  17  LM           2.35248e-05   constant   
  18  wCBO_expCoeff   2.00004e+02   1.96303e-02   9.53693e-05   1.05383e+00
  19  wCBO_expOffset   2.00001e+02   1.14801e-03   9.53677e-05   6.98610e+00
  20  wCBO_expT    2.99984e+01   9.84243e-04   1.43044e-05   4.06876e+00
  21  wCBO_linCoeff   0.00000e+00   constant   
  22  wCBO_const   6.29172e-04   1.02346e-03   3.92851e-06  -1.63006e+00
 EXTERNAL ERROR MATRIX.    NDIM=  25    NPAR=  7    ERR DEF=1
  7.488e-08  2.816e-10  3.355e-09  3.544e-08 -1.318e-08  6.112e-09  4.446e-09 
  2.816e-10  5.179e-08  1.753e-10 -4.015e-06 -4.691e-08 -2.294e-08 -1.070e-08 
  3.355e-09  1.753e-10  7.119e-08  2.104e-08 -1.094e-08  6.314e-09 -5.114e-09 
  3.544e-08 -4.015e-06  2.104e-08  3.854e-04 -4.366e-06 -2.067e-06  2.792e-06 
 -1.318e-08 -4.691e-08 -1.094e-08 -4.366e-06  1.318e-06 -2.887e-08  1.086e-08 
  6.112e-09 -2.294e-08  6.314e-09 -2.067e-06 -2.887e-08  9.687e-07 -7.503e-07 
  4.446e-09 -1.070e-08 -5.114e-09  2.792e-06  1.086e-08 -7.503e-07  1.047e-06 
 PARAMETER  CORRELATION COEFFICIENTS  
       NO.  GLOBAL      6      7     14     18     19     20     22
        6  0.10810   1.000  0.005  0.046  0.007 -0.042  0.023  0.016
        7  0.99743   0.005  1.000  0.003 -0.899 -0.180 -0.102 -0.046
       14  0.06608   0.046  0.003  1.000  0.004 -0.036  0.024 -0.019
       18  0.99737   0.007 -0.899  0.004  1.000 -0.194 -0.107  0.139
       19  0.98248  -0.042 -0.180 -0.036 -0.194  1.000 -0.026  0.009
       20  0.97855   0.023 -0.102  0.024 -0.107 -0.026  1.000 -0.745
       22  0.92309   0.016 -0.046 -0.019  0.139  0.009 -0.745  1.000
MINUIT - FIT ONLY 2-CBO
 **********
 **   43 **RES 
 **********
                   PARAMETER    8  phi_CBO RESTORED TO VARIABLE.
                   PARAMETER    4  phi RESTORED TO VARIABLE.
                   PARAMETER    3  A0 RESTORED TO VARIABLE.
                   PARAMETER    1  N0 RESTORED TO VARIABLE.
 **********
 **   44 **FIX            0
 **********
 PARAMETER    0  IS UNDEFINED. IGNORED.
 **********
 **   45 **FIX            1
 **********
 **********
 **   46 **FIX            2
 **********
 PARAMETER    2  IS CONSTANT.   IGNORED.
 **********
 **   47 **FIX            3
 **********
 **********
 **   48 **FIX            4
 **********
 **********
 **   49 **FIX            5
 **********
 PARAMETER    5  IS CONSTANT.   IGNORED.
 **********
 **   50 **FIX            6
 **********
 **********
 **   51 **FIX            7
 **********
 **********
 **   52 **FIX           10
 **********
 PARAMETER   10  IS CONSTANT.   IGNORED.
 **********
 **   53 **FIX           11
 **********
 PARAMETER   11  IS CONSTANT.   IGNORED.
 **********
 **   54 **FIX           12
 **********
 PARAMETER   12  IS CONSTANT.   IGNORED.
 **********
 **   55 **FIX           13
 **********
 PARAMETER   13  IS CONSTANT.   IGNORED.
 **********
 **   56 **FIX           14
 **********
 **********
 **   57 **FIX           15
 **********
 PARAMETER   15  IS CONSTANT.   IGNORED.
 **********
 **   58 **FIX           16
 **********
 PARAMETER   16  IS CONSTANT.   IGNORED.
 **********
 **   59 **MIGRAD
 **********
 START MIGRAD MINIMIZATION.  STRATEGY  1.  CONVERGENCE WHEN EDM .LT. 1.00e-04
 FCN=417.203 FROM MIGRAD    STATUS=INITIATE       12 CALLS         524 TOTAL
                     EDM= unknown      STRATEGY= 1      NO ERROR MATRIX       
  EXT PARAMETER               CURRENT GUESS       STEP         FIRST   
  NO.   NAME      VALUE            ERROR          SIZE      DERIVATIVE 
   1  N0           2.99408e+06     fixed    
   2  tau          6.44056e+01   constant   
   3  A0           3.43311e-01     fixed    
   4  phi          4.12088e+00     fixed    
   5  R           -6.10700e+01   constant   
   6  A_CBO        1.92111e-04     fixed    
   7  w_CBO        2.32665e+00     fixed    
   8  phi_CBO      2.80378e+00   4.48656e-01   4.48656e-01   3.24862e-01
   9  ANx2         5.14298e-04   constant   
  10  pNx2         2.57364e+00   constant   
  11  ANy1         0.00000e+00   constant   
  12  pNy1         0.00000e+00   constant   
  13  w_y          0.00000e+00   constant   
  14  ANy2        -1.51742e-04     fixed    
  15  pNy2         3.40463e+00   constant   
  16  w_vw         1.43028e+01   constant   
  17  LM           2.35248e-05   constant   
  18  wCBO_expCoeff   2.00004e+02   1.96303e-02   9.53693e-05   1.03069e+00
  19  wCBO_expOffset   2.00001e+02   1.14801e-03   9.53677e-05  -1.78298e+00
  20  wCBO_expT    2.99984e+01   9.84243e-04   1.43044e-05   3.93313e+00
  21  wCBO_linCoeff   0.00000e+00   constant   
  22  wCBO_const   6.29172e-04   1.02346e-03   3.92851e-06  -1.63028e+00
 MIGRAD MINIMIZATION HAS CONVERGED.
 MIGRAD WILL VERIFY CONVERGENCE AND ERROR MATRIX.
 COVARIANCE MATRIX CALCULATED SUCCESSFULLY
 FCN=417.151 FROM MIGRAD    STATUS=CONVERGED     123 CALLS         635 TOTAL
                     EDM=1.36436e-05    STRATEGY= 1      ERROR MATRIX ACCURATE 
  EXT PARAMETER                                   STEP         FIRST   
  NO.   NAME      VALUE            ERROR          SIZE      DERIVATIVE 
   1  N0           2.99408e+06     fixed    
   2  tau          6.44056e+01   constant   
   3  A0           3.43311e-01     fixed    
   4  phi          4.12088e+00     fixed    
   5  R           -6.10700e+01   constant   
   6  A_CBO        1.92111e-04     fixed    
   7  w_CBO        2.32665e+00     fixed    
   8  phi_CBO      2.48498e+00   1.37703e+00   1.31009e-02  -1.61046e-03
   9  ANx2         5.14298e-04   constant   
  10  pNx2         2.57364e+00   constant   
  11  ANy1         0.00000e+00   constant   
  12  pNy1         0.00000e+00   constant   
  13  w_y          0.00000e+00   constant   
  14  ANy2        -1.51742e-04     fixed    
  15  pNy2         3.40463e+00   constant   
  16  w_vw         1.43028e+01   constant   
  17  LM           2.35248e-05   constant   
  18  wCBO_expCoeff   2.00004e+02   8.53602e-03   9.53693e-05   9.30920e-01
  19  wCBO_expOffset   2.00001e+02   1.10956e-03   9.53677e-05   6.16250e+00
  20  wCBO_expT    2.99984e+01   9.90636e-04   1.43043e-05   3.18821e-01
  21  wCBO_linCoeff   0.00000e+00   constant   
  22  wCBO_const   6.28989e-04   1.02316e-03   3.93480e-06  -1.75677e-01
 EXTERNAL ERROR MATRIX.    NDIM=  25    NPAR=  5    ERR DEF=1
  1.896e+00 -1.194e-03 -1.263e-05  2.242e-04  2.980e-05 
 -1.194e-03  7.286e-05 -7.684e-06 -3.969e-06  1.900e-06 
 -1.263e-05 -7.684e-06  1.231e-06 -5.398e-08  3.464e-09 
  2.242e-04 -3.969e-06 -5.398e-08  9.814e-07 -7.469e-07 
  2.980e-05  1.900e-06  3.464e-09 -7.469e-07  1.047e-06 
 PARAMETER  CORRELATION COEFFICIENTS  
       NO.  GLOBAL      8     18     19     20     22
        8  0.30328   1.000 -0.102 -0.008  0.164  0.021
       18  0.98605  -0.102  1.000 -0.811 -0.469  0.218
       19  0.98128  -0.008 -0.811  1.000 -0.049  0.003
       20  0.97891   0.164 -0.469 -0.049  1.000 -0.737
       22  0.92276   0.021  0.218  0.003 -0.737  1.000
MINUIT - FIT ONLY 1-y
 **********
 **   60 **RES 
 **********
                   PARAMETER   14  ANy2 RESTORED TO VARIABLE.
                   PARAMETER    7  w_CBO RESTORED TO VARIABLE.
                   PARAMETER    6  A_CBO RESTORED TO VARIABLE.
                   PARAMETER    4  phi RESTORED TO VARIABLE.
                   PARAMETER    3  A0 RESTORED TO VARIABLE.
                   PARAMETER    1  N0 RESTORED TO VARIABLE.
 **********
 **   61 **FIX            0
 **********
 PARAMETER    0  IS UNDEFINED. IGNORED.
 **********
 **   62 **FIX            1
 **********
 **********
 **   63 **FIX            2
 **********
 PARAMETER    2  IS CONSTANT.   IGNORED.
 **********
 **   64 **FIX            3
 **********
 **********
 **   65 **FIX            4
 **********
 **********
 **   66 **FIX            5
 **********
 PARAMETER    5  IS CONSTANT.   IGNORED.
 **********
 **   67 **FIX            6
 **********
 **********
 **   68 **FIX            7
 **********
 **********
 **   69 **FIX            8
 **********
 **********
 **   70 **FIX            9
 **********
 PARAMETER    9  IS CONSTANT.   IGNORED.
 **********
 **   71 **FIX           13
 **********
 PARAMETER   13  IS CONSTANT.   IGNORED.
 **********
 **   72 **FIX           14
 **********
 **********
 **   73 **FIX           15
 **********
 PARAMETER   15  IS CONSTANT.   IGNORED.
 **********
 **   74 **FIX           16
 **********
 PARAMETER   16  IS CONSTANT.   IGNORED.
 **********
 **   75 **MIGRAD
 **********
 START MIGRAD MINIMIZATION.  STRATEGY  1.  CONVERGENCE WHEN EDM .LT. 1.00e-04
 FCN=417.151 FROM MIGRAD    STATUS=INITIATE        8 CALLS         643 TOTAL
                     EDM= unknown      STRATEGY= 1      NO ERROR MATRIX       
  EXT PARAMETER               CURRENT GUESS       STEP         FIRST   
  NO.   NAME      VALUE            ERROR          SIZE      DERIVATIVE 
   1  N0           2.99408e+06     fixed    
   2  tau          6.44056e+01   constant   
   3  A0           3.43311e-01     fixed    
   4  phi          4.12088e+00     fixed    
   5  R           -6.10700e+01   constant   
   6  A_CBO        1.92111e-04     fixed    
   7  w_CBO        2.32665e+00     fixed    
   8  phi_CBO      2.48498e+00     fixed    
   9  ANx2         5.14298e-04   constant   
  10  pNx2         2.57364e+00   constant   
  11  ANy1         0.00000e+00   constant   
  12  pNy1         0.00000e+00   constant   
  13  w_y          0.00000e+00   constant   
  14  ANy2        -1.51742e-04     fixed    
  15  pNy2         3.40463e+00   constant   
  16  w_vw         1.43028e+01   constant   
  17  LM           2.35248e-05   constant   
  18  wCBO_expCoeff   2.00004e+02   8.53602e-03   9.53693e-05   9.05385e-01
  19  wCBO_expOffset   2.00001e+02   1.10956e-03   9.53677e-05  -3.53331e+00
  20  wCBO_expT    2.99984e+01   9.90636e-04   1.43043e-05   1.39715e-01
  21  wCBO_linCoeff   0.00000e+00   constant   
  22  wCBO_const   6.28989e-04   1.02316e-03   3.93480e-06  -1.75918e-01
 MIGRAD MINIMIZATION HAS CONVERGED.
 MIGRAD WILL VERIFY CONVERGENCE AND ERROR MATRIX.
 COVARIANCE MATRIX CALCULATED SUCCESSFULLY
 FCN=417.151 FROM MIGRAD    STATUS=CONVERGED      46 CALLS         681 TOTAL
                     EDM=1.14732e-05    STRATEGY= 1      ERROR MATRIX ACCURATE 
  EXT PARAMETER                                   STEP         FIRST   
  NO.   NAME      VALUE            ERROR          SIZE      DERIVATIVE 
   1  N0           2.99408e+06     fixed    
   2  tau          6.44056e+01   constant   
   3  A0           3.43311e-01     fixed    
   4  phi          4.12088e+00     fixed    
   5  R           -6.10700e+01   constant   
   6  A_CBO        1.92111e-04     fixed    
   7  w_CBO        2.32665e+00     fixed    
   8  phi_CBO      2.48498e+00     fixed    
   9  ANx2         5.14298e-04   constant   
  10  pNx2         2.57364e+00   constant   
  11  ANy1         0.00000e+00   constant   
  12  pNy1         0.00000e+00   constant   
  13  w_y          0.00000e+00   constant   
  14  ANy2        -1.51742e-04     fixed    
  15  pNy2         3.40463e+00   constant   
  16  w_vw         1.43028e+01   constant   
  17  LM           2.35248e-05   constant   
  18  wCBO_expCoeff   2.00004e+02   8.50266e-03   9.53693e-05  -5.98104e-02
  19  wCBO_expOffset   2.00001e+02   1.11123e-03   9.53677e-05  -2.88219e+00
  20  wCBO_expT    2.99984e+01   9.77354e-04   1.43043e-05  -6.30720e+00
  21  wCBO_linCoeff   0.00000e+00   constant   
  22  wCBO_const   6.29028e-04   1.02305e-03   3.93700e-06  -2.95825e+00
 EXTERNAL ERROR MATRIX.    NDIM=  25    NPAR=  4    ERR DEF=1
  7.230e-05 -7.718e-06 -3.831e-06  1.920e-06 
 -7.718e-06  1.235e-06 -5.234e-08  3.550e-09 
 -3.831e-06 -5.234e-08  9.552e-07 -7.507e-07 
  1.920e-06  3.550e-09 -7.507e-07  1.047e-06 
 PARAMETER  CORRELATION COEFFICIENTS  
       NO.  GLOBAL     18     19     20     22
       18  0.98594   1.000 -0.817 -0.461  0.221
       19  0.98133  -0.817  1.000 -0.048  0.003
       20  0.97833  -0.461 -0.048  1.000 -0.751
       22  0.92274   0.221  0.003 -0.751  1.000
MINUIT - FIT ONLY 2-y
 **********
 **   76 **RES 
 **********
                   PARAMETER   14  ANy2 RESTORED TO VARIABLE.
                   PARAMETER    8  phi_CBO RESTORED TO VARIABLE.
                   PARAMETER    7  w_CBO RESTORED TO VARIABLE.
                   PARAMETER    6  A_CBO RESTORED TO VARIABLE.
                   PARAMETER    4  phi RESTORED TO VARIABLE.
                   PARAMETER    3  A0 RESTORED TO VARIABLE.
                   PARAMETER    1  N0 RESTORED TO VARIABLE.
 **********
 **   77 **FIX            0
 **********
 PARAMETER    0  IS UNDEFINED. IGNORED.
 **********
 **   78 **FIX            1
 **********
 **********
 **   79 **FIX            2
 **********
 PARAMETER    2  IS CONSTANT.   IGNORED.
 **********
 **   80 **FIX            3
 **********
 **********
 **   81 **FIX            4
 **********
 **********
 **   82 **FIX            5
 **********
 PARAMETER    5  IS CONSTANT.   IGNORED.
 **********
 **   83 **FIX            6
 **********
 **********
 **   84 **FIX            7
 **********
 **********
 **   85 **FIX            8
 **********
 **********
 **   86 **FIX            9
 **********
 PARAMETER    9  IS CONSTANT.   IGNORED.
 **********
 **   87 **FIX           10
 **********
 PARAMETER   10  IS CONSTANT.   IGNORED.
 **********
 **   88 **FIX           11
 **********
 PARAMETER   11  IS CONSTANT.   IGNORED.
 **********
 **   89 **FIX           12
 **********
 PARAMETER   12  IS CONSTANT.   IGNORED.
 **********
 **   90 **FIX           16
 **********
 PARAMETER   16  IS CONSTANT.   IGNORED.
 **********
 **   91 **MIGRAD
 **********
 START MIGRAD MINIMIZATION.  STRATEGY  1.  CONVERGENCE WHEN EDM .LT. 1.00e-04
 FCN=417.151 FROM MIGRAD    STATUS=INITIATE       10 CALLS         691 TOTAL
                     EDM= unknown      STRATEGY= 1      NO ERROR MATRIX       
  EXT PARAMETER               CURRENT GUESS       STEP         FIRST   
  NO.   NAME      VALUE            ERROR          SIZE      DERIVATIVE 
   1  N0           2.99408e+06     fixed    
   2  tau          6.44056e+01   constant   
   3  A0           3.43311e-01     fixed    
   4  phi          4.12088e+00     fixed    
   5  R           -6.10700e+01   constant   
   6  A_CBO        1.92111e-04     fixed    
   7  w_CBO        2.32665e+00     fixed    
   8  phi_CBO      2.48498e+00     fixed    
   9  ANx2         5.14298e-04   constant   
  10  pNx2         2.57364e+00   constant   
  11  ANy1         0.00000e+00   constant   
  12  pNy1         0.00000e+00   constant   
  13  w_y          0.00000e+00   constant   
  14  ANy2        -1.51742e-04   2.66810e-04   2.66810e-04   1.62484e+01
  15  pNy2         3.40463e+00   constant   
  16  w_vw         1.43028e+01   constant   
  17  LM           2.35248e-05   constant   
  18  wCBO_expCoeff   2.00004e+02   8.50266e-03   9.53693e-05  -9.32738e-02
  19  wCBO_expOffset   2.00001e+02   1.11123e-03   9.53677e-05  -1.01189e+01
  20  wCBO_expT    2.99984e+01   9.77354e-04   1.43043e-05  -6.44182e+00
  21  wCBO_linCoeff   0.00000e+00   constant   
  22  wCBO_const   6.29028e-04   1.02305e-03   3.93700e-06  -2.95848e+00
 MIGRAD MINIMIZATION HAS CONVERGED.
 MIGRAD WILL VERIFY CONVERGENCE AND ERROR MATRIX.
 COVARIANCE MATRIX CALCULATED SUCCESSFULLY
 FCN=417.151 FROM MIGRAD    STATUS=CONVERGED      69 CALLS         750 TOTAL
                     EDM=7.52435e-06    STRATEGY= 1      ERROR MATRIX ACCURATE 
  EXT PARAMETER                                   STEP         FIRST   
  NO.   NAME      VALUE            ERROR          SIZE      DERIVATIVE 
   1  N0           2.99408e+06     fixed    
   2  tau          6.44056e+01   constant   
   3  A0           3.43311e-01     fixed    
   4  phi          4.12088e+00     fixed    
   5  R           -6.10700e+01   constant   
   6  A_CBO        1.92111e-04     fixed    
   7  w_CBO        2.32665e+00     fixed    
   8  phi_CBO      2.48498e+00     fixed    
   9  ANx2         5.14298e-04   constant   
  10  pNx2         2.57364e+00   constant   
  11  ANy1         0.00000e+00   constant   
  12  pNy1         0.00000e+00   constant   
  13  w_y          0.00000e+00   constant   
  14  ANy2        -1.52347e-04   2.66521e-04   2.65819e-06  -7.13929e-01
  15  pNy2         3.40463e+00   constant   
  16  w_vw         1.43028e+01   constant   
  17  LM           2.35248e-05   constant   
  18  wCBO_expCoeff   2.00004e+02   8.49613e-03   9.53693e-05   7.35589e-01
  19  wCBO_expOffset   2.00001e+02   1.11065e-03   9.53677e-05   4.86029e+00
  20  wCBO_expT    2.99984e+01   9.77499e-04   1.43043e-05  -3.85572e-01
  21  wCBO_linCoeff   0.00000e+00   constant   
  22  wCBO_const   6.29100e-04   1.02326e-03   3.93704e-06  -1.98998e-01
 EXTERNAL ERROR MATRIX.    NDIM=  25    NPAR=  5    ERR DEF=1
  7.103e-08  3.122e-08 -9.759e-09  5.976e-09 -5.748e-09 
  3.122e-08  7.218e-05 -7.705e-06 -3.827e-06  1.917e-06 
 -9.759e-09 -7.705e-06  1.234e-06 -5.322e-08  4.401e-09 
  5.976e-09 -3.827e-06 -5.322e-08  9.555e-07 -7.511e-07 
 -5.748e-09  1.917e-06  4.401e-09 -7.511e-07  1.047e-06 
 PARAMETER  CORRELATION COEFFICIENTS  
       NO.  GLOBAL     14     18     19     20     22
       14  0.04704   1.000  0.014 -0.033  0.023 -0.021
       18  0.98591   0.014  1.000 -0.816 -0.461  0.220
       19  0.98131  -0.033 -0.816  1.000 -0.049  0.004
       20  0.97834   0.023 -0.461 -0.049  1.000 -0.751
       22  0.92277  -0.021  0.220  0.004 -0.751  1.000
MINUIT - FIT ALTOGETHER
 **********
 **   92 **RES 
 **********
                   PARAMETER    8  phi_CBO RESTORED TO VARIABLE.
                   PARAMETER    7  w_CBO RESTORED TO VARIABLE.
                   PARAMETER    6  A_CBO RESTORED TO VARIABLE.
                   PARAMETER    4  phi RESTORED TO VARIABLE.
                   PARAMETER    3  A0 RESTORED TO VARIABLE.
                   PARAMETER    1  N0 RESTORED TO VARIABLE.
 **********
 **   93 **MIGRAD
 **********
 START MIGRAD MINIMIZATION.  STRATEGY  1.  CONVERGENCE WHEN EDM .LT. 1.00e-04
 FCN=417.151 FROM MIGRAD    STATUS=INITIATE       22 CALLS         772 TOTAL
                     EDM= unknown      STRATEGY= 1      NO ERROR MATRIX       
  EXT PARAMETER               CURRENT GUESS       STEP         FIRST   
  NO.   NAME      VALUE            ERROR          SIZE      DERIVATIVE 
   1  N0           2.99408e+06   5.65167e+02   5.65167e+02  -1.40699e-03
   2  tau          6.44056e+01   constant   
   3  A0           3.43311e-01   2.53296e-04   2.53296e-04  -1.68487e+03
   4  phi          4.12088e+00   7.65600e-04   7.65600e-04   1.32662e+03
   5  R           -6.10700e+01   constant   
   6  A_CBO        1.92111e-04   2.73646e-04   2.73646e-04  -3.02438e+02
   7  w_CBO        2.32665e+00   2.27582e-04   2.27582e-04   6.08450e+01
   8  phi_CBO      2.48498e+00   1.37703e+00   1.37703e+00  -1.61401e-03
   9  ANx2         5.14298e-04   constant   
  10  pNx2         2.57364e+00   constant   
  11  ANy1         0.00000e+00   constant   
  12  pNy1         0.00000e+00   constant   
  13  w_y          0.00000e+00   constant   
  14  ANy2        -1.52347e-04   2.66521e-04   2.65819e-06  -7.13929e-01
  15  pNy2         3.40463e+00   constant   
  16  w_vw         1.43028e+01   constant   
  17  LM           2.35248e-05   constant   
  18  wCBO_expCoeff   2.00004e+02   8.49613e-03   9.53693e-05   7.10111e-01
  19  wCBO_expOffset   2.00001e+02   1.11065e-03   9.53677e-05  -4.81366e+00
  20  wCBO_expT    2.99984e+01   9.77499e-04   1.43043e-05  -5.64499e-01
  21  wCBO_linCoeff   0.00000e+00   constant   
  22  wCBO_const   6.29100e-04   1.02326e-03   3.93704e-06  -1.99249e-01
 MIGRAD MINIMIZATION HAS CONVERGED.
 FCN=416.679 FROM MIGRAD    STATUS=CONVERGED     193 CALLS         943 TOTAL
                     EDM=3.09874e-06    STRATEGY= 1  ERROR MATRIX UNCERTAINTY   2.1 per cent
  EXT PARAMETER                                   STEP         FIRST   
  NO.   NAME      VALUE            ERROR          SIZE      DERIVATIVE 
   1  N0           2.99431e+06   5.65834e+02  -5.70790e-01   1.26489e-06
   2  tau          6.44056e+01   constant   
   3  A0           3.43368e-01   2.52587e-04  -5.92471e-07   7.03108e+00
