 + ++++++++++++++++++++++++++++++++++++++++++++++++++++++++++++++++++++ +
 +                                                                      +
 +           You have chose to blind your fitting according to          +
 +                omega_ref * (1 + (R +/- deltaR) *10^{-6})             +
 +                                                                      +
 + ++++++++++++++++++++++++++++++++++++++++++++++++++++++++++++++++++++ +
In main()...
reading format from /gm2data/zkhechad/run45/envelope/formats/formatB_sBin_constraintOn.txt
pBinTau 	= 0  
pBinPhi 	= 0  
constraintau 	= 1 
includeMopTerm 	= 0    
constrainMop    = 0   
Parameters after format file: pBinTau 0 pBinPhi 0 constraintau 1 includeMopTerm 0 constrainMop 0 c_e_scale 0.000000 
reading cbo reference file (full fit) from /gm2data/zkhechad/cboTemplates/Run4CBOTemplates/fullFits/run4/sBin_constraintOn_cE0.0_seed0_run4_calo20.root
A_CBO 0.007307 w_CBO 2.326921 phi_CBO 1.268494 N0 3181980.382925 R -61.000535 tau 64.408953 
Reading cboRef file /gm2data/zkhechad/cboTemplates/Run4CBOTemplates//cboIsolate/run4_calo20.root
deltaT 164.120000
windowBins = 1100
fitting sliding window 2540 from bin 2743 at 409.255600 to bin 3843 at 573.375600 (1100 bins)

Reading data from /gm2data/cornell/histograms/aMethod/histogram_a_run4.root
fitting cbo isolate
 **********
 **    1 **SET PRINTOUT            1
 **********
 **********
 **    2 **SET NOWARNINGS 
 **********
 PARAMETER DEFINITIONS:
    NO.   NAME         VALUE      STEP SIZE      LIMITS
     1 A_CBO        7.30680e-03  1.00000e-05     no limits
     2 w_CBO        2.32692e+00  1.00000e-02    2.00000e+00  3.00000e+00
     3 phi_CBO      1.26849e+00  1.00000e-02    0.00000e+00  6.28319e+00
 **********
 **    3 **MIGRAD
 **********
 FIRST CALL TO USER FUNCTION AT NEW START POINT, WITH IFLAG=4.
 START MIGRAD MINIMIZATION.  STRATEGY  1.  CONVERGENCE WHEN EDM .LT. 1.00e-04
 FCN=0.400037 FROM MIGRAD    STATUS=INITIATE       12 CALLS          13 TOTAL
                     EDM= unknown      STRATEGY= 1      NO ERROR MATRIX       
  EXT PARAMETER               CURRENT GUESS       STEP         FIRST   
  NO.   NAME      VALUE            ERROR          SIZE      DERIVATIVE 
   1  A_CBO        7.30680e-03   1.00000e-05   1.00000e-05   6.21658e+00
   2  w_CBO        2.32692e+00   1.00000e-02   2.13202e-02   2.36808e+00
   3  phi_CBO      1.26849e+00   1.00000e-02   3.96494e-03  -2.38254e-02
 MIGRAD MINIMIZATION HAS CONVERGED.
 MIGRAD WILL VERIFY CONVERGENCE AND ERROR MATRIX.
 COVARIANCE MATRIX CALCULATED SUCCESSFULLY
 FCN=0.381716 FROM HESSE     STATUS=OK             16 CALLS          59 TOTAL
                     EDM=0.000126289    STRATEGY= 1      ERROR MATRIX ACCURATE 
  EXT PARAMETER                                   STEP         FIRST   
  NO.   NAME      VALUE            ERROR          SIZE      DERIVATIVE 
   1  A_CBO        2.10462e-03   4.50608e-02   2.44938e-05   4.52982e-02
   2  w_CBO        2.32623e+00   2.84026e-01   6.25904e-05  -1.34273e-02
   3  phi_CBO      1.56876e+00   3.84411e+00   5.12659e-03   5.53279e-04
 MIGRAD MINIMIZATION HAS CONVERGED.
 MIGRAD WILL VERIFY CONVERGENCE AND ERROR MATRIX.
 COVARIANCE MATRIX CALCULATED SUCCESSFULLY
 FCN=0.381591 FROM MIGRAD    STATUS=CONVERGED     107 CALLS         108 TOTAL
                     EDM=7.91776e-05    STRATEGY= 1      ERROR MATRIX ACCURATE 
  EXT PARAMETER                                   STEP         FIRST   
  NO.   NAME      VALUE            ERROR          SIZE      DERIVATIVE 
   1  A_CBO        2.07434e-03   4.35540e-02   2.44722e-05  -4.73775e-02
   2  w_CBO        2.32410e+00   2.85986e-01   4.84841e-05   1.14846e-03
   3  phi_CBO      4.59293e-01   3.17212e+00   6.48414e-03   1.17945e-04
 EXTERNAL ERROR MATRIX.    NDIM=  25    NPAR=  3    ERR DEF=1
  1.897e-03 -2.734e-03 -1.390e+00 
 -2.734e-03  9.466e-02  4.759e+01 
 -1.390e+00  4.759e+01  2.433e+04 
 PARAMETER  CORRELATION COEFFICIENTS  
       NO.  GLOBAL      1      2      3
        1  0.20479   1.000 -0.204 -0.205
        2  0.99159  -0.204  1.000  0.992
        3  0.99159  -0.205  0.992  1.000
setting A_CBO=0.002074 w_CBO=2.324096, phi_CBO=0.459293
done fitting cbo isolate
 **********
 **    1 **SET PRINTOUT            1
 **********
 **********
 **    2 **SET NOWARNINGS 
 **********
 PARAMETER DEFINITIONS:
    NO.   NAME         VALUE      STEP SIZE      LIMITS
     1 N0           3.18198e+06  1.00000e+02     no limits
     2 tau          6.44090e+01  constant
     3 A0           3.64685e-01  1.00000e-04     no limits
     4 phi          4.11970e+00  1.00000e-02     no limits
     5 R           -6.10005e+01  constant
     6 A_CBO        2.07434e-03  1.00000e-05     no limits
     7 w_CBO        2.32410e+00  1.00000e-03     no limits
     8 phi_CBO      4.59293e-01  1.00000e-04     no limits
     9 ANx2         1.86992e-04  constant
    10 pNx2         5.81164e+00  constant
    11 ANy1         0.00000e+00  constant
    12 pNy1         0.00000e+00  constant
    13 w_y          0.00000e+00  constant
    14 ANy2         8.35747e-03  1.00000e-04     no limits
    15 pNy2         4.18605e+00  constant
    16 w_vw         1.43216e+01  constant
    17 LM           7.21641e-05  constant
    18 wCBO_expCoeff   2.00000e+02  1.00000e+00     no limits
    19 wCBO_expOffset   2.00000e+02  1.00000e+00     no limits
    20 wCBO_expT    3.00000e+01  1.00000e+00     no limits
    21 wCBO_linCoeff   0.00000e+00  constant
    22 wCBO_const   0.00000e+00  1.00000e-02     no limits
MINUIT - FIT ONLY WIGGLE
 **********
 **    3 **FIX            5
 **********
 PARAMETER    5  IS CONSTANT.   IGNORED.
 **********
 **    4 **FIX            6
 **********
 **********
 **    5 **FIX            7
 **********
 **********
 **    6 **FIX            8
 **********
 **********
 **    7 **FIX            9
 **********
 PARAMETER    9  IS CONSTANT.   IGNORED.
 **********
 **    8 **FIX           10
 **********
 PARAMETER   10  IS CONSTANT.   IGNORED.
 **********
 **    9 **FIX           11
 **********
 PARAMETER   11  IS CONSTANT.   IGNORED.
 **********
 **   10 **FIX           12
 **********
 PARAMETER   12  IS CONSTANT.   IGNORED.
 **********
 **   11 **FIX           13
 **********
 PARAMETER   13  IS CONSTANT.   IGNORED.
 **********
 **   12 **FIX           14
 **********
 **********
 **   13 **FIX           15
 **********
 PARAMETER   15  IS CONSTANT.   IGNORED.
 **********
 **   14 **FIX           16
 **********
 PARAMETER   16  IS CONSTANT.   IGNORED.
 **********
 **   15 **MIGRAD
 **********
 FIRST CALL TO USER FUNCTION AT NEW START POINT, WITH IFLAG=4.
 START MIGRAD MINIMIZATION.  STRATEGY  1.  CONVERGENCE WHEN EDM .LT. 1.00e-04
 FCN=385.842 FROM MIGRAD    STATUS=INITIATE       28 CALLS          29 TOTAL
                     EDM= unknown      STRATEGY= 1      NO ERROR MATRIX       
  EXT PARAMETER               CURRENT GUESS       STEP         FIRST   
  NO.   NAME      VALUE            ERROR          SIZE      DERIVATIVE 
   1  N0           3.18198e+06   1.00000e+02   1.00000e+02   2.95110e-04
   2  tau          6.44090e+01   constant   
   3  A0           3.64685e-01   1.00000e-04   1.00000e-04   4.78709e+02
   4  phi          4.11970e+00   1.00000e-02   1.00000e-02   7.01992e+02
   5  R           -6.10005e+01   constant   
   6  A_CBO        2.07434e-03     fixed    
   7  w_CBO        2.32410e+00     fixed    
   8  phi_CBO      4.59293e-01     fixed    
   9  ANx2         1.86992e-04   constant   
  10  pNx2         5.81164e+00   constant   
  11  ANy1         0.00000e+00   constant   
  12  pNy1         0.00000e+00   constant   
  13  w_y          0.00000e+00   constant   
  14  ANy2         8.35747e-03     fixed    
  15  pNy2         4.18605e+00   constant   
  16  w_vw         1.43216e+01   constant   
  17  LM           7.21641e-05   constant   
  18  wCBO_expCoeff   2.00000e+02   1.00000e+00   1.00000e+00  -2.80265e-01
  19  wCBO_expOffset   2.00000e+02   1.00000e+00   1.00000e+00  -1.86843e+00
  20  wCBO_expT    3.00000e+01   1.00000e+00   1.00000e+00  -1.36739e+01
  21  wCBO_linCoeff   0.00000e+00   constant   
  22  wCBO_const   0.00000e+00   1.00000e-02   1.00000e-02   7.14438e+02
 MIGRAD MINIMIZATION HAS CONVERGED.
 FCN=382.664 FROM MIGRAD    STATUS=CONVERGED     223 CALLS         224 TOTAL
                     EDM=7.43946e-06    STRATEGY= 1  ERROR MATRIX UNCERTAINTY   0.9 per cent
  EXT PARAMETER                                   STEP         FIRST   
  NO.   NAME      VALUE            ERROR          SIZE      DERIVATIVE 
   1  N0           3.18086e+06   2.58805e+03   3.88152e+00   3.48452e-07
   2  tau          6.44090e+01   constant   
   3  A0           3.64491e-01   1.06362e-03  -4.22337e-06   1.77046e+00
   4  phi          4.11700e+00   3.07214e-03  -1.04183e-05   1.17267e-01
   5  R           -6.10005e+01   constant   
   6  A_CBO        2.07434e-03     fixed    
   7  w_CBO        2.32410e+00     fixed    
   8  phi_CBO      4.59293e-01     fixed    
   9  ANx2         1.86992e-04   constant   
  10  pNx2         5.81164e+00   constant   
  11  ANy1         0.00000e+00   constant   
  12  pNy1         0.00000e+00   constant   
  13  w_y          0.00000e+00   constant   
  14  ANy2         8.35747e-03     fixed    
  15  pNy2         4.18605e+00   constant   
  16  w_vw         1.43216e+01   constant   
  17  LM           7.21641e-05   constant   
  18  wCBO_expCoeff   2.18108e+02   2.03758e+01   9.72559e-02  -1.83156e-03
  19  wCBO_expOffset   2.02760e+02   3.12684e+00   1.47693e-02  -1.36039e-02
  20  wCBO_expT    2.93579e+01   8.30099e-01  -4.24967e-03  -9.52182e-02
  21  wCBO_linCoeff   0.00000e+00   constant   
  22  wCBO_const  -2.12876e-04   1.55065e-03   9.46238e-06  -1.30640e+00
 EXTERNAL ERROR MATRIX.    NDIM=  25    NPAR=  7    ERR DEF=1
  6.698e+06  1.938e-02 -3.885e-01  9.454e+03  1.458e+03 -3.959e+02  5.020e-01 
  1.938e-02  1.131e-06  9.631e-08 -1.409e-03 -2.169e-04  5.106e-05  4.068e-08 
 -3.885e-01  9.631e-08  9.438e-06 -4.596e-03 -7.101e-04  1.933e-04 -2.907e-08 
  9.454e+03 -1.409e-03 -4.596e-03  4.152e+02  6.283e+01 -1.682e+01  2.469e-02 
  1.458e+03 -2.169e-04 -7.101e-04  6.283e+01  9.777e+00 -2.583e+00  3.801e-03 
 -3.959e+02  5.106e-05  1.933e-04 -1.682e+01 -2.583e+00  6.891e-01 -1.046e-03 
  5.020e-01  4.068e-08 -2.907e-08  2.469e-02  3.801e-03 -1.046e-03  2.405e-06 
 PARAMETER  CORRELATION COEFFICIENTS  
       NO.  GLOBAL      1      3      4     18     19     20     22
        1  0.23889   1.000  0.007 -0.049  0.179  0.180 -0.184  0.125
        3  0.15025   0.007  1.000  0.029 -0.065 -0.065  0.058  0.025
        4  0.19896  -0.049  0.029  1.000 -0.073 -0.074  0.076 -0.006
       18  0.99762   0.179 -0.065 -0.073  1.000  0.986 -0.995  0.781
       19  0.99783   0.180 -0.065 -0.074  0.986  1.000 -0.995  0.784
       20  0.99939  -0.184  0.058  0.076 -0.995 -0.995  1.000 -0.812
       22  0.92846   0.125  0.025 -0.006  0.781  0.784 -0.812  1.000
MINUIT - FIT ONLY 1-CBO + other amplitudes 
 **********
 **   16 **RES 
 **********
                   PARAMETER   14  ANy2 RESTORED TO VARIABLE.
                   PARAMETER    8  phi_CBO RESTORED TO VARIABLE.
                   PARAMETER    7  w_CBO RESTORED TO VARIABLE.
                   PARAMETER    6  A_CBO RESTORED TO VARIABLE.
 **********
 **   17 **FIX            0
 **********
 PARAMETER    0  IS UNDEFINED. IGNORED.
 **********
 **   18 **FIX            1
 **********
 **********
 **   19 **FIX            2
 **********
 PARAMETER    2  IS CONSTANT.   IGNORED.
 **********
 **   20 **FIX            3
 **********
 **********
 **   21 **FIX            4
 **********
 **********
 **   22 **FIX            9
 **********
 PARAMETER    9  IS CONSTANT.   IGNORED.
 **********
 **   23 **FIX           11
 **********
 PARAMETER   11  IS CONSTANT.   IGNORED.
 **********
 **   24 **FIX           12
 **********
 PARAMETER   12  IS CONSTANT.   IGNORED.
 **********
 **   25 **FIX           14
 **********
 **********
 **   26 **FIX           15
 **********
 PARAMETER   15  IS CONSTANT.   IGNORED.
 **********
 **   27 **FIX           16
 **********
 PARAMETER   16  IS CONSTANT.   IGNORED.
 **********
 **   28 **MIGRAD
 **********
 START MIGRAD MINIMIZATION.  STRATEGY  1.  CONVERGENCE WHEN EDM .LT. 1.00e-04
 FCN=382.664 FROM MIGRAD    STATUS=INITIATE       18 CALLS         242 TOTAL
                     EDM= unknown      STRATEGY= 1      NO ERROR MATRIX       
  EXT PARAMETER               CURRENT GUESS       STEP         FIRST   
  NO.   NAME      VALUE            ERROR          SIZE      DERIVATIVE 
   1  N0           3.18086e+06     fixed    
   2  tau          6.44090e+01   constant   
   3  A0           3.64491e-01     fixed    
   4  phi          4.11700e+00     fixed    
   5  R           -6.10005e+01   constant   
   6  A_CBO        2.07434e-03   1.00000e-05   1.00000e-05   5.30136e+02
   7  w_CBO        2.32410e+00   1.00000e-03   1.00000e-03  -7.37246e-01
   8  phi_CBO      4.59293e-01   1.00000e-04   1.00000e-04  -2.65509e-01
   9  ANx2         1.86992e-04   constant   
  10  pNx2         5.81164e+00   constant   
  11  ANy1         0.00000e+00   constant   
  12  pNy1         0.00000e+00   constant   
  13  w_y          0.00000e+00   constant   
  14  ANy2         8.35747e-03     fixed    
  15  pNy2         4.18605e+00   constant   
  16  w_vw         1.43216e+01   constant   
  17  LM           7.21641e-05   constant   
  18  wCBO_expCoeff   2.18108e+02   2.03758e+01   9.72559e-02  -1.83151e-03
  19  wCBO_expOffset   2.02760e+02   3.12684e+00   1.47693e-02  -1.36036e-02
  20  wCBO_expT    2.93579e+01   8.30099e-01  -4.24967e-03  -9.52168e-02
  21  wCBO_linCoeff   0.00000e+00   constant   
  22  wCBO_const  -2.12876e-04   1.55065e-03   9.46238e-06  -1.30637e+00
 MIGRAD MINIMIZATION HAS CONVERGED.
 MIGRAD WILL VERIFY CONVERGENCE AND ERROR MATRIX.
 FCN=382.112 FROM MIGRAD    STATUS=CONVERGED     270 CALLS         494 TOTAL
                     EDM=6.68439e-07    STRATEGY= 1      ERR MATRIX NOT POS-DEF
  EXT PARAMETER                APPROXIMATE        STEP         FIRST   
  NO.   NAME      VALUE            ERROR          SIZE      DERIVATIVE 
   1  N0           3.18086e+06     fixed    
   2  tau          6.44090e+01   constant   
   3  A0           3.64491e-01     fixed    
   4  phi          4.11700e+00     fixed    
   5  R           -6.10005e+01   constant   
   6  A_CBO        1.76686e-03   1.14675e-03   1.09568e-05   4.08225e-01
   7  w_CBO        2.32479e+00   1.15990e-02   1.10499e-05  -8.39516e-01
   8  phi_CBO      1.81969e+00   1.39721e+00   5.93575e-03   1.52855e-03
   9  ANx2         1.86992e-04   constant   
  10  pNx2         5.81164e+00   constant   
  11  ANy1         0.00000e+00   constant   
  12  pNy1         0.00000e+00   constant   
  13  w_y          0.00000e+00   constant   
  14  ANy2         8.35747e-03     fixed    
  15  pNy2         4.18605e+00   constant   
  16  w_vw         1.43216e+01   constant   
  17  LM           7.21641e-05   constant   
  18  wCBO_expCoeff   2.13204e+02   1.50415e+01   1.29219e-02  -3.23807e-04
  19  wCBO_expOffset   2.02098e+02   2.08745e+00   1.79060e-03  -2.33576e-03
  20  wCBO_expT    2.95549e+01   2.72843e-01   2.43404e-04  -1.97691e-02
  21  wCBO_linCoeff   0.00000e+00   constant   
  22  wCBO_const   2.67243e-04   4.99507e-03   5.04131e-06  -1.88216e+00
 EXTERNAL ERROR MATRIX.    NDIM=  25    NPAR=  7    ERR DEF=1
  1.315e-06 -3.178e-08 -8.937e-05 -5.959e-05 -8.281e-06  1.786e-06 -1.807e-08 
 -3.178e-08  1.345e-04  1.376e-03 -2.761e-03 -3.909e-04 -1.505e-04 -5.609e-05 
 -8.937e-05  1.376e-03  1.952e+00 -1.213e+00 -1.690e-01  5.346e-02  7.013e-04 
 -5.959e-05 -2.761e-03 -1.213e+00  2.262e+02 -1.833e+01 -1.843e+00  2.719e-03 
 -8.281e-06 -3.909e-04 -1.690e-01 -1.833e+01  4.357e+00 -2.569e-01  3.811e-04 
  1.786e-06 -1.505e-04  5.346e-02 -1.843e+00 -2.569e-01  7.444e-02 -1.489e-05 
 -1.807e-08 -5.609e-05  7.013e-04  2.719e-03  3.811e-04 -1.489e-05  2.495e-05 
ERR MATRIX NOT POS-DEF
 PARAMETER  CORRELATION COEFFICIENTS  
       NO.  GLOBAL      6      7      8     18     19     20     22
        6  0.07592   1.000 -0.002 -0.056 -0.003 -0.003  0.006 -0.003
        7  0.99505  -0.002  1.000  0.085 -0.016 -0.016 -0.048 -0.968
        8  0.89640  -0.056  0.085  1.000 -0.058 -0.058  0.140  0.100
       18  0.99598  -0.003 -0.016 -0.058  1.000 -0.584 -0.449  0.036
       19  0.99598  -0.003 -0.016 -0.058 -0.584  1.000 -0.451  0.037
       20  0.99566   0.006 -0.048  0.140 -0.449 -0.451  1.000 -0.011
       22  0.99444  -0.003 -0.968  0.100  0.036  0.037 -0.011  1.000
 ERR MATRIX NOT POS-DEF
MINUIT - FIT ONLY 1-CBO
 **********
 **   29 **RES 
 **********
                   PARAMETER   14  ANy2 RESTORED TO VARIABLE.
                   PARAMETER    4  phi RESTORED TO VARIABLE.
                   PARAMETER    3  A0 RESTORED TO VARIABLE.
                   PARAMETER    1  N0 RESTORED TO VARIABLE.
 **********
 **   30 **FIX            0
 **********
 PARAMETER    0  IS UNDEFINED. IGNORED.
 **********
 **   31 **FIX            1
 **********
 **********
 **   32 **FIX            2
 **********
 PARAMETER    2  IS CONSTANT.   IGNORED.
 **********
 **   33 **FIX            3
 **********
 **********
 **   34 **FIX            4
 **********
 **********
 **   35 **FIX            8
 **********
 **********
 **   36 **FIX            9
 **********
 PARAMETER    9  IS CONSTANT.   IGNORED.
 **********
 **   37 **FIX           11
 **********
 PARAMETER   11  IS CONSTANT.   IGNORED.
 **********
 **   38 **FIX           12
 **********
 PARAMETER   12  IS CONSTANT.   IGNORED.
 **********
 **   39 **FIX           13
 **********
 PARAMETER   13  IS CONSTANT.   IGNORED.
 **********
 **   40 **FIX           15
 **********
 PARAMETER   15  IS CONSTANT.   IGNORED.
 **********
 **   41 **FIX           16
 **********
 PARAMETER   16  IS CONSTANT.   IGNORED.
 **********
 **   42 **MIGRAD
 **********
 START MIGRAD MINIMIZATION.  STRATEGY  1.  CONVERGENCE WHEN EDM .LT. 1.00e-04
 FCN=382.112 FROM MIGRAD    STATUS=INITIATE       16 CALLS         510 TOTAL
                     EDM= unknown      STRATEGY= 1      NO ERROR MATRIX       
  EXT PARAMETER               CURRENT GUESS       STEP         FIRST   
  NO.   NAME      VALUE            ERROR          SIZE      DERIVATIVE 
   1  N0           3.18086e+06     fixed    
   2  tau          6.44090e+01   constant   
   3  A0           3.64491e-01     fixed    
   4  phi          4.11700e+00     fixed    
   5  R           -6.10005e+01   constant   
   6  A_CBO        1.76686e-03   1.14675e-03   1.09568e-05   4.08225e-01
   7  w_CBO        2.32479e+00   1.15990e-02   1.10499e-05  -8.39084e-01
   8  phi_CBO      1.81969e+00     fixed    
   9  ANx2         1.86992e-04   constant   
  10  pNx2         5.81164e+00   constant   
  11  ANy1         0.00000e+00   constant   
  12  pNy1         0.00000e+00   constant   
  13  w_y          0.00000e+00   constant   
  14  ANy2         8.35747e-03   1.00000e-04   1.00000e-04   1.39125e+04
  15  pNy2         4.18605e+00   constant   
  16  w_vw         1.43216e+01   constant   
  17  LM           7.21641e-05   constant   
  18  wCBO_expCoeff   2.13204e+02   1.50415e+01   1.29219e-02  -3.23135e-04
  19  wCBO_expOffset   2.02098e+02   2.08745e+00   1.79060e-03  -2.32795e-03
  20  wCBO_expT    2.95549e+01   2.72843e-01   2.43404e-04  -1.97232e-02
  21  wCBO_linCoeff   0.00000e+00   constant   
  22  wCBO_const   2.67243e-04   4.99507e-03   5.04131e-06  -1.88153e+00
 MIGRAD MINIMIZATION HAS CONVERGED.
 MIGRAD WILL VERIFY CONVERGENCE AND ERROR MATRIX.
 FCN=321.39 FROM HESSE     STATUS=NOT POSDEF     50 CALLS         623 TOTAL
                     EDM=0.000117886    STRATEGY= 1      ERR MATRIX NOT POS-DEF
  EXT PARAMETER                APPROXIMATE        STEP         FIRST   
  NO.   NAME      VALUE            ERROR          SIZE      DERIVATIVE 
   1  N0           3.18086e+06     fixed    
   2  tau          6.44090e+01   constant   
   3  A0           3.64491e-01     fixed    
   4  phi          4.11700e+00     fixed    
   5  R           -6.10005e+01   constant   
   6  A_CBO        1.72307e-03   1.14502e-03   1.00485e-05   1.76675e-01
   7  w_CBO        2.32479e+00   1.24942e-02   1.03797e-05   3.83288e-01
   8  phi_CBO      1.81969e+00     fixed    
   9  ANx2         1.86992e-04   constant   
  10  pNx2         5.81164e+00   constant   
  11  ANy1         0.00000e+00   constant   
  12  pNy1         0.00000e+00   constant   
  13  w_y          0.00000e+00   constant   
  14  ANy2        -3.71636e-04   1.11747e-03   9.82091e-06   1.73940e-03
  15  pNy2         4.18605e+00   constant   
  16  w_vw         1.43216e+01   constant   
  17  LM           7.21641e-05   constant   
  18  wCBO_expCoeff   2.13191e+02   1.71541e+01   1.25907e-02   4.61347e-04
  19  wCBO_expOffset   2.02096e+02   2.38053e+00   1.74543e-03   3.32799e-03
  20  wCBO_expT    2.95548e+01   3.02903e-01   2.36203e-04  -4.72933e-02
  21  wCBO_linCoeff   0.00000e+00   constant   
  22  wCBO_const   2.70701e-04   5.37247e-03   4.72443e-06   7.92487e-01
 MIGRAD MINIMIZATION HAS CONVERGED.
 MIGRAD WILL VERIFY CONVERGENCE AND ERROR MATRIX.
 FCN=321.39 FROM MIGRAD    STATUS=CONVERGED     195 CALLS         689 TOTAL
                     EDM=3.66005e-06    STRATEGY= 1      ERR MATRIX NOT POS-DEF
  EXT PARAMETER                APPROXIMATE        STEP         FIRST   
  NO.   NAME      VALUE            ERROR          SIZE      DERIVATIVE 
   1  N0           3.18086e+06     fixed    
   2  tau          6.44090e+01   constant   
   3  A0           3.64491e-01     fixed    
   4  phi          4.11700e+00     fixed    
   5  R           -6.10005e+01   constant   
   6  A_CBO        1.72383e-03   1.14593e-03   1.00489e-05  -3.78678e-01
   7  w_CBO        2.32475e+00   1.21981e-02   1.03769e-05  -1.91701e+00
   8  phi_CBO      1.81969e+00     fixed    
   9  ANx2         1.86992e-04   constant   
  10  pNx2         5.81164e+00   constant   
  11  ANy1         0.00000e+00   constant   
  12  pNy1         0.00000e+00   constant   
  13  w_y          0.00000e+00   constant   
  14  ANy2        -3.71701e-04   1.11734e-03   9.82090e-06   3.29393e-03
  15  pNy2         4.18605e+00   constant   
  16  w_vw         1.43216e+01   constant   
  17  LM           7.21641e-05   constant   
  18  wCBO_expCoeff   2.12780e+02   1.71177e+01   1.25876e-02  -5.70276e-04
  19  wCBO_expOffset   2.02039e+02   2.38190e+00   1.74502e-03  -4.10333e-03
  20  wCBO_expT    2.95712e+01   3.01922e-01   2.36140e-04  -3.68811e-02
  21  wCBO_linCoeff   0.00000e+00   constant   
  22  wCBO_const   2.62877e-04   5.24544e-03   4.72320e-06  -4.33410e+00
 EXTERNAL ERROR MATRIX.    NDIM=  25    NPAR=  7    ERR DEF=1
  1.313e-06  2.948e-08  6.115e-09 -1.511e-04 -2.083e-05  5.422e-06  1.358e-08 
  2.948e-08  1.488e-04  3.800e-10 -1.854e-03 -2.671e-04 -2.187e-04 -6.308e-05 
  6.115e-09  3.800e-10  1.248e-06  1.106e-05  1.559e-06 -3.224e-07 -2.824e-10 
 -1.511e-04 -1.854e-03  1.106e-05  2.930e+02 -2.463e+01 -2.266e+00  3.688e-03 
 -2.083e-05 -2.671e-04  1.559e-06 -2.463e+01  5.673e+00 -3.169e-01  5.185e-04 
  5.422e-06 -2.187e-04 -3.224e-07 -2.266e+00 -3.169e-01  9.116e-02 -4.461e-05 
  1.358e-08 -6.308e-05 -2.824e-10  3.688e-03  5.185e-04 -4.461e-05  2.751e-05 
ERR MATRIX NOT POS-DEF
 PARAMETER  CORRELATION COEFFICIENTS  
       NO.  GLOBAL      6      7     14     18     19     20     22
        6  0.04893   1.000  0.002  0.005 -0.008 -0.008  0.016  0.002
        7  0.99532   0.002  1.000  0.000 -0.009 -0.009 -0.059 -0.986
       14  0.00582   0.005  0.000  1.000  0.001  0.001 -0.001 -0.000
       18  0.99650  -0.008 -0.009  0.001  1.000 -0.604 -0.438  0.041
       19  0.99651  -0.008 -0.009  0.001 -0.604  1.000 -0.441  0.041
       20  0.99602   0.016 -0.059 -0.001 -0.438 -0.441  1.000 -0.028
       22  0.99476   0.002 -0.986 -0.000  0.041  0.041 -0.028  1.000
 ERR MATRIX NOT POS-DEF
MINUIT - FIT ONLY 2-CBO
 **********
 **   43 **RES 
 **********
                   PARAMETER    8  phi_CBO RESTORED TO VARIABLE.
                   PARAMETER    4  phi RESTORED TO VARIABLE.
                   PARAMETER    3  A0 RESTORED TO VARIABLE.
                   PARAMETER    1  N0 RESTORED TO VARIABLE.
 **********
 **   44 **FIX            0
 **********
 PARAMETER    0  IS UNDEFINED. IGNORED.
 **********
 **   45 **FIX            1
 **********
 **********
 **   46 **FIX            2
 **********
 PARAMETER    2  IS CONSTANT.   IGNORED.
 **********
 **   47 **FIX            3
 **********
 **********
 **   48 **FIX            4
 **********
 **********
 **   49 **FIX            5
 **********
 PARAMETER    5  IS CONSTANT.   IGNORED.
 **********
 **   50 **FIX            6
 **********
 **********
 **   51 **FIX            7
 **********
 **********
 **   52 **FIX           10
 **********
 PARAMETER   10  IS CONSTANT.   IGNORED.
 **********
 **   53 **FIX           11
 **********
 PARAMETER   11  IS CONSTANT.   IGNORED.
 **********
 **   54 **FIX           12
 **********
 PARAMETER   12  IS CONSTANT.   IGNORED.
 **********
 **   55 **FIX           13
 **********
 PARAMETER   13  IS CONSTANT.   IGNORED.
 **********
 **   56 **FIX           14
 **********
 **********
 **   57 **FIX           15
 **********
 PARAMETER   15  IS CONSTANT.   IGNORED.
 **********
 **   58 **FIX           16
 **********
 PARAMETER   16  IS CONSTANT.   IGNORED.
 **********
 **   59 **MIGRAD
 **********
 START MIGRAD MINIMIZATION.  STRATEGY  1.  CONVERGENCE WHEN EDM .LT. 1.00e-04
 FCN=321.39 FROM MIGRAD    STATUS=INITIATE       10 CALLS         699 TOTAL
                     EDM= unknown      STRATEGY= 1      NO ERROR MATRIX       
  EXT PARAMETER               CURRENT GUESS       STEP         FIRST   
  NO.   NAME      VALUE            ERROR          SIZE      DERIVATIVE 
   1  N0           3.18086e+06     fixed    
   2  tau          6.44090e+01   constant   
   3  A0           3.64491e-01     fixed    
   4  phi          4.11700e+00     fixed    
   5  R           -6.10005e+01   constant   
   6  A_CBO        1.72383e-03     fixed    
   7  w_CBO        2.32475e+00     fixed    
   8  phi_CBO      1.81969e+00   1.39721e+00   1.39721e+00  -1.91223e-02
   9  ANx2         1.86992e-04   constant   
  10  pNx2         5.81164e+00   constant   
  11  ANy1         0.00000e+00   constant   
  12  pNy1         0.00000e+00   constant   
  13  w_y          0.00000e+00   constant   
  14  ANy2        -3.71701e-04     fixed    
  15  pNy2         4.18605e+00   constant   
  16  w_vw         1.43216e+01   constant   
  17  LM           7.21641e-05   constant   
  18  wCBO_expCoeff   2.12780e+02   1.71177e+01   1.25876e-02  -5.68909e-04
  19  wCBO_expOffset   2.02039e+02   2.38190e+00   1.74502e-03  -4.09099e-03
  20  wCBO_expT    2.95712e+01   3.01922e-01   2.36140e-04  -3.68061e-02
  21  wCBO_linCoeff   0.00000e+00   constant   
  22  wCBO_const   2.62877e-04   5.24544e-03   4.72320e-06  -4.33343e+00
 MIGRAD MINIMIZATION HAS CONVERGED.
 MIGRAD WILL VERIFY CONVERGENCE AND ERROR MATRIX.
 FCN=321.389 FROM MIGRAD    STATUS=CONVERGED      81 CALLS         770 TOTAL
                     EDM=1.35134e-05    STRATEGY= 1      ERR MATRIX NOT POS-DEF
  EXT PARAMETER                APPROXIMATE        STEP         FIRST   
  NO.   NAME      VALUE            ERROR          SIZE      DERIVATIVE 
   1  N0           3.18086e+06     fixed    
   2  tau          6.44090e+01   constant   
   3  A0           3.64491e-01     fixed    
   4  phi          4.11700e+00     fixed    
   5  R           -6.10005e+01   constant   
   6  A_CBO        1.72383e-03     fixed    
   7  w_CBO        2.32475e+00     fixed    
   8  phi_CBO      1.84253e+00   1.41476e+00   5.57814e-03   2.17975e-05
   9  ANx2         1.86992e-04   constant   
  10  pNx2         5.81164e+00   constant   
  11  ANy1         0.00000e+00   constant   
  12  pNy1         0.00000e+00   constant   
  13  w_y          0.00000e+00   constant   
  14  ANy2        -3.71701e-04     fixed    
  15  pNy2         4.18605e+00   constant   
  16  w_vw         1.43216e+01   constant   
  17  LM           7.21641e-05   constant   
  18  wCBO_expCoeff   2.12780e+02   1.73809e+01   1.25706e-02   1.07330e-04
  19  wCBO_expOffset   2.02039e+02   2.41833e+00   1.74695e-03   7.72397e-04
  20  wCBO_expT    2.95713e+01   3.08803e-01   2.36368e-04  -1.14727e-02
  21  wCBO_linCoeff   0.00000e+00   constant   
  22  wCBO_const   2.79644e-04   1.27046e-03   4.71510e-06  -1.67905e-03
 EXTERNAL ERROR MATRIX.    NDIM=  25    NPAR=  5    ERR DEF=1
  2.002e+00 -1.457e+00 -2.034e-01  6.681e-02  1.290e-03 
 -1.457e+00  3.021e+02 -2.520e+01 -2.376e+00  2.052e-03 
 -2.034e-01 -2.520e+01  5.848e+00 -3.321e-01  2.864e-04 
  6.681e-02 -2.376e+00 -3.321e-01  9.536e-02 -9.786e-05 
  1.290e-03  2.052e-03  2.864e-04 -9.786e-05  1.614e-06 
ERR MATRIX NOT POS-DEF
 PARAMETER  CORRELATION COEFFICIENTS  
       NO.  GLOBAL      8     18     19     20     22
        8  0.89371   1.000 -0.059 -0.059  0.153  0.718
       18  0.99661  -0.059  1.000 -0.600 -0.443  0.093
       19  0.99661  -0.059 -0.600  1.000 -0.445  0.093
       20  0.99620   0.153 -0.443 -0.445  1.000 -0.249
       22  0.90636   0.718  0.093  0.093 -0.249  1.000
 ERR MATRIX NOT POS-DEF
MINUIT - FIT ONLY 1-y
 **********
 **   60 **RES 
 **********
                   PARAMETER   14  ANy2 RESTORED TO VARIABLE.
                   PARAMETER    7  w_CBO RESTORED TO VARIABLE.
                   PARAMETER    6  A_CBO RESTORED TO VARIABLE.
                   PARAMETER    4  phi RESTORED TO VARIABLE.
                   PARAMETER    3  A0 RESTORED TO VARIABLE.
                   PARAMETER    1  N0 RESTORED TO VARIABLE.
 **********
 **   61 **FIX            0
 **********
 PARAMETER    0  IS UNDEFINED. IGNORED.
 **********
 **   62 **FIX            1
 **********
 **********
 **   63 **FIX            2
 **********
 PARAMETER    2  IS CONSTANT.   IGNORED.
 **********
 **   64 **FIX            3
 **********
 **********
 **   65 **FIX            4
 **********
 **********
 **   66 **FIX            5
 **********
 PARAMETER    5  IS CONSTANT.   IGNORED.
 **********
 **   67 **FIX            6
 **********
 **********
 **   68 **FIX            7
 **********
 **********
 **   69 **FIX            8
 **********
 **********
 **   70 **FIX            9
 **********
 PARAMETER    9  IS CONSTANT.   IGNORED.
 **********
 **   71 **FIX           13
 **********
 PARAMETER   13  IS CONSTANT.   IGNORED.
 **********
 **   72 **FIX           14
 **********
 **********
 **   73 **FIX           15
 **********
 PARAMETER   15  IS CONSTANT.   IGNORED.
 **********
 **   74 **FIX           16
 **********
 PARAMETER   16  IS CONSTANT.   IGNORED.
 **********
 **   75 **MIGRAD
 **********
 START MIGRAD MINIMIZATION.  STRATEGY  1.  CONVERGENCE WHEN EDM .LT. 1.00e-04
 FCN=321.389 FROM MIGRAD    STATUS=INITIATE        8 CALLS         778 TOTAL
                     EDM= unknown      STRATEGY= 1      NO ERROR MATRIX       
  EXT PARAMETER               CURRENT GUESS       STEP         FIRST   
  NO.   NAME      VALUE            ERROR          SIZE      DERIVATIVE 
   1  N0           3.18086e+06     fixed    
   2  tau          6.44090e+01   constant   
   3  A0           3.64491e-01     fixed    
   4  phi          4.11700e+00     fixed    
   5  R           -6.10005e+01   constant   
   6  A_CBO        1.72383e-03     fixed    
   7  w_CBO        2.32475e+00     fixed    
   8  phi_CBO      1.84253e+00     fixed    
   9  ANx2         1.86992e-04   constant   
  10  pNx2         5.81164e+00   constant   
  11  ANy1         0.00000e+00   constant   
  12  pNy1         0.00000e+00   constant   
  13  w_y          0.00000e+00   constant   
  14  ANy2        -3.71701e-04     fixed    
  15  pNy2         4.18605e+00   constant   
  16  w_vw         1.43216e+01   constant   
  17  LM           7.21641e-05   constant   
  18  wCBO_expCoeff   2.12780e+02   1.73809e+01   1.25706e-02   1.08381e-04
  19  wCBO_expOffset   2.02039e+02   2.41833e+00   1.74695e-03   7.82453e-04
  20  wCBO_expT    2.95713e+01   3.08803e-01   2.36368e-04  -1.14121e-02
  21  wCBO_linCoeff   0.00000e+00   constant   
  22  wCBO_const   2.79644e-04   1.27046e-03   4.71510e-06  -1.61927e-03
 MIGRAD MINIMIZATION HAS CONVERGED.
 MIGRAD WILL VERIFY CONVERGENCE AND ERROR MATRIX.
 FCN=321.389 FROM MIGRAD    STATUS=CONVERGED      72 CALLS         842 TOTAL
                     EDM=1.14242e-10    STRATEGY= 1      ERR MATRIX NOT POS-DEF
  EXT PARAMETER                APPROXIMATE        STEP         FIRST   
  NO.   NAME      VALUE            ERROR          SIZE      DERIVATIVE 
   1  N0           3.18086e+06     fixed    
   2  tau          6.44090e+01   constant   
   3  A0           3.64491e-01     fixed    
   4  phi          4.11700e+00     fixed    
   5  R           -6.10005e+01   constant   
   6  A_CBO        1.72383e-03     fixed    
   7  w_CBO        2.32475e+00     fixed    
   8  phi_CBO      1.84253e+00     fixed    
   9  ANx2         1.86992e-04   constant   
  10  pNx2         5.81164e+00   constant   
  11  ANy1         0.00000e+00   constant   
  12  pNy1         0.00000e+00   constant   
  13  w_y          0.00000e+00   constant   
  14  ANy2        -3.71701e-04     fixed    
  15  pNy2         4.18605e+00   constant   
  16  w_vw         1.43216e+01   constant   
  17  LM           7.21641e-05   constant   
  18  wCBO_expCoeff   2.12680e+02   1.87912e+01   1.25703e-02   6.32519e-08
  19  wCBO_expOffset   2.02025e+02   2.61661e+00   1.74789e-03   4.54076e-07
  20  wCBO_expT    2.95752e+01   3.25443e-01   2.36467e-04   5.08266e-05
  21  wCBO_linCoeff   0.00000e+00   constant   
  22  wCBO_const   2.73915e-04   8.99456e-04   4.71543e-06   1.81038e-02
 EXTERNAL ERROR MATRIX.    NDIM=  25    NPAR=  4    ERR DEF=1
  3.531e+02 -3.039e+01 -2.645e+00  3.447e-03 
 -3.039e+01  6.847e+00 -3.704e-01  4.821e-04 
 -2.645e+00 -3.704e-01  1.059e-01 -1.593e-04 
  3.447e-03  4.821e-04 -1.593e-04  8.090e-07 
ERR MATRIX NOT POS-DEF
 PARAMETER  CORRELATION COEFFICIENTS  
       NO.  GLOBAL     18     19     20     22
       18  0.99710   1.000 -0.618 -0.433  0.204
       19  0.99710  -0.618  1.000 -0.435  0.205
       20  0.99657  -0.433 -0.435  1.000 -0.544
       22  0.80247   0.204  0.205 -0.544  1.000
 ERR MATRIX NOT POS-DEF
MINUIT - FIT ONLY 2-y
 **********
 **   76 **RES 
 **********
                   PARAMETER   14  ANy2 RESTORED TO VARIABLE.
                   PARAMETER    8  phi_CBO RESTORED TO VARIABLE.
                   PARAMETER    7  w_CBO RESTORED TO VARIABLE.
                   PARAMETER    6  A_CBO RESTORED TO VARIABLE.
                   PARAMETER    4  phi RESTORED TO VARIABLE.
                   PARAMETER    3  A0 RESTORED TO VARIABLE.
                   PARAMETER    1  N0 RESTORED TO VARIABLE.
 **********
 **   77 **FIX            0
 **********
 PARAMETER    0  IS UNDEFINED. IGNORED.
 **********
 **   78 **FIX            1
 **********
 **********
 **   79 **FIX            2
 **********
 PARAMETER    2  IS CONSTANT.   IGNORED.
 **********
 **   80 **FIX            3
 **********
 **********
 **   81 **FIX            4
 **********
 **********
 **   82 **FIX            5
 **********
 PARAMETER    5  IS CONSTANT.   IGNORED.
 **********
 **   83 **FIX            6
 **********
 **********
 **   84 **FIX            7
 **********
 **********
 **   85 **FIX            8
 **********
 **********
 **   86 **FIX            9
 **********
 PARAMETER    9  IS CONSTANT.   IGNORED.
 **********
 **   87 **FIX           10
 **********
 PARAMETER   10  IS CONSTANT.   IGNORED.
 **********
 **   88 **FIX           11
 **********
 PARAMETER   11  IS CONSTANT.   IGNORED.
 **********
 **   89 **FIX           12
 **********
 PARAMETER   12  IS CONSTANT.   IGNORED.
 **********
 **   90 **FIX           16
 **********
 PARAMETER   16  IS CONSTANT.   IGNORED.
 **********
 **   91 **MIGRAD
 **********
 START MIGRAD MINIMIZATION.  STRATEGY  1.  CONVERGENCE WHEN EDM .LT. 1.00e-04
 FCN=321.389 FROM MIGRAD    STATUS=INITIATE       10 CALLS         852 TOTAL
                     EDM= unknown      STRATEGY= 1      NO ERROR MATRIX       
  EXT PARAMETER               CURRENT GUESS       STEP         FIRST   
  NO.   NAME      VALUE            ERROR          SIZE      DERIVATIVE 
   1  N0           3.18086e+06     fixed    
   2  tau          6.44090e+01   constant   
   3  A0           3.64491e-01     fixed    
   4  phi          4.11700e+00     fixed    
   5  R           -6.10005e+01   constant   
   6  A_CBO        1.72383e-03     fixed    
   7  w_CBO        2.32475e+00     fixed    
   8  phi_CBO      1.84253e+00     fixed    
   9  ANx2         1.86992e-04   constant   
  10  pNx2         5.81164e+00   constant   
  11  ANy1         0.00000e+00   constant   
  12  pNy1         0.00000e+00   constant   
  13  w_y          0.00000e+00   constant   
  14  ANy2        -3.71701e-04   1.11734e-03   1.11734e-03   6.30299e-02
  15  pNy2         4.18605e+00   constant   
  16  w_vw         1.43216e+01   constant   
  17  LM           7.21641e-05   constant   
  18  wCBO_expCoeff   2.12680e+02   1.87912e+01   1.25703e-02   2.54200e-07
  19  wCBO_expOffset   2.02025e+02   2.61661e+00   1.74789e-03   2.24387e-06
  20  wCBO_expT    2.95752e+01   3.25443e-01   2.36467e-04   6.16361e-05
  21  wCBO_linCoeff   0.00000e+00   constant   
  22  wCBO_const   2.73915e-04   8.99456e-04   4.71543e-06   1.84885e-02
 MIGRAD MINIMIZATION HAS CONVERGED.
 MIGRAD WILL VERIFY CONVERGENCE AND ERROR MATRIX.
 FCN=321.389 FROM MIGRAD    STATUS=CONVERGED      60 CALLS         902 TOTAL
                     EDM=8.32494e-11    STRATEGY= 1      ERR MATRIX NOT POS-DEF
  EXT PARAMETER                APPROXIMATE        STEP         FIRST   
  NO.   NAME      VALUE            ERROR          SIZE      DERIVATIVE 
   1  N0           3.18086e+06     fixed    
   2  tau          6.44090e+01   constant   
   3  A0           3.64491e-01     fixed    
   4  phi          4.11700e+00     fixed    
   5  R           -6.10005e+01   constant   
   6  A_CBO        1.72383e-03     fixed    
   7  w_CBO        2.32475e+00     fixed    
   8  phi_CBO      1.84253e+00     fixed    
   9  ANx2         1.86992e-04   constant   
  10  pNx2         5.81164e+00   constant   
  11  ANy1         0.00000e+00   constant   
  12  pNy1         0.00000e+00   constant   
  13  w_y          0.00000e+00   constant   
  14  ANy2        -3.71741e-04   1.11782e-03   9.82086e-06   2.00845e-05
  15  pNy2         4.18605e+00   constant   
  16  w_vw         1.43216e+01   constant   
  17  LM           7.21641e-05   constant   
  18  wCBO_expCoeff   2.12680e+02   1.87911e+01   1.25705e-02  -6.39767e-06
  19  wCBO_expOffset   2.02025e+02   2.61662e+00   1.74805e-03  -4.60018e-05
  20  wCBO_expT    2.95752e+01   3.25443e-01   2.36487e-04  -3.06100e-04
  21  wCBO_linCoeff   0.00000e+00   constant   
  22  wCBO_const   2.73912e-04   8.99456e-04   4.71530e-06  -3.55595e-03
 EXTERNAL ERROR MATRIX.    NDIM=  25    NPAR=  5    ERR DEF=1
  1.250e-06  1.344e-05  1.886e-06 -4.129e-07 -1.484e-10 
  1.344e-05  3.531e+02 -3.039e+01 -2.645e+00  3.447e-03 
  1.886e-06 -3.039e+01  6.847e+00 -3.704e-01  4.821e-04 
 -4.129e-07 -2.645e+00 -3.704e-01  1.059e-01 -1.593e-04 
 -1.484e-10  3.447e-03  4.821e-04 -1.593e-04  8.090e-07 
ERR MATRIX NOT POS-DEF
 PARAMETER  CORRELATION COEFFICIENTS  
       NO.  GLOBAL     14     18     19     20     22
       14  0.00337   1.000  0.001  0.001 -0.001 -0.000
       18  0.99710   0.001  1.000 -0.618 -0.433  0.204
       19  0.99710   0.001 -0.618  1.000 -0.435  0.205
       20  0.99657  -0.001 -0.433 -0.435  1.000 -0.544
       22  0.80247  -0.000  0.204  0.205 -0.544  1.000
 ERR MATRIX NOT POS-DEF
MINUIT - FIT ALTOGETHER
 **********
 **   92 **RES 
 **********
                   PARAMETER    8  phi_CBO RESTORED TO VARIABLE.
                   PARAMETER    7  w_CBO RESTORED TO VARIABLE.
                   PARAMETER    6  A_CBO RESTORED TO VARIABLE.
                   PARAMETER    4  phi RESTORED TO VARIABLE.
                   PARAMETER    3  A0 RESTORED TO VARIABLE.
