 + ++++++++++++++++++++++++++++++++++++++++++++++++++++++++++++++++++++ +
 +                                                                      +
 +           You have chose to blind your fitting according to          +
 +                omega_ref * (1 + (R +/- deltaR) *10^{-6})             +
 +                                                                      +
 + ++++++++++++++++++++++++++++++++++++++++++++++++++++++++++++++++++++ +
In main()...
reading format from /gm2data/zkhechad/run45/envelope/formats/formatB_sBin_constraintOn.txt
pBinTau 	= 0  
pBinPhi 	= 0  
constraintau 	= 1 
includeMopTerm 	= 0    
constrainMop    = 0   
Parameters after format file: pBinTau 0 pBinPhi 0 constraintau 1 includeMopTerm 0 constrainMop 0 c_e_scale 0.000000 
reading cbo reference file (full fit) from /gm2data/zkhechad/cboTemplates/Run4CBOTemplates/fullFits/run4/sBin_constraintOn_cE0.0_seed0_run4_calo4.root
A_CBO 0.009389 w_CBO 2.326001 phi_CBO 4.715725 N0 2871608.131177 R -59.406240 tau 64.400031 
Reading cboRef file /gm2data/zkhechad/cboTemplates/Run4CBOTemplates//cboIsolate/run4_calo4.root
deltaT 164.120000
windowBins = 1100
fitting sliding window 1380 from bin 1583 at 236.183600 to bin 2683 at 400.303600 (1100 bins)

Reading data from /gm2data/cornell/histograms/aMethod/histogram_a_run4.root
fitting cbo isolate
 **********
 **    1 **SET PRINTOUT            1
 **********
 **********
 **    2 **SET NOWARNINGS 
 **********
 PARAMETER DEFINITIONS:
    NO.   NAME         VALUE      STEP SIZE      LIMITS
     1 A_CBO        9.38904e-03  1.00000e-05     no limits
     2 w_CBO        2.32600e+00  1.00000e-02    2.00000e+00  3.00000e+00
     3 phi_CBO      4.71573e+00  1.00000e-02    0.00000e+00  6.28319e+00
 **********
 **    3 **MIGRAD
 **********
 FIRST CALL TO USER FUNCTION AT NEW START POINT, WITH IFLAG=4.
 START MIGRAD MINIMIZATION.  STRATEGY  1.  CONVERGENCE WHEN EDM .LT. 1.00e-04
 FCN=0.0523293 FROM MIGRAD    STATUS=INITIATE       12 CALLS          13 TOTAL
                     EDM= unknown      STRATEGY= 1      NO ERROR MATRIX       
  EXT PARAMETER               CURRENT GUESS       STEP         FIRST   
  NO.   NAME      VALUE            ERROR          SIZE      DERIVATIVE 
   1  A_CBO        9.38904e-03   1.00000e-05   1.00000e-05   7.49933e+00
   2  w_CBO        2.32600e+00   1.00000e-02   2.13357e-02   4.48586e-01
   3  phi_CBO      4.71573e+00   1.00000e-02   3.67815e-03  -6.88041e-03
 MIGRAD MINIMIZATION HAS CONVERGED.
 MIGRAD WILL VERIFY CONVERGENCE AND ERROR MATRIX.
 COVARIANCE MATRIX CALCULATED SUCCESSFULLY
 FCN=0.0266477 FROM HESSE     STATUS=OK             16 CALLS          50 TOTAL
                     EDM=6.86604e-05    STRATEGY= 1      ERROR MATRIX ACCURATE 
  EXT PARAMETER                                   STEP         FIRST   
  NO.   NAME      VALUE            ERROR          SIZE      DERIVATIVE 
   1  A_CBO        2.54458e-03   4.34978e-02   2.11264e-05  -2.39252e-02
   2  w_CBO        2.32578e+00   3.25810e-01   5.65928e-05   1.18371e-02
   3  phi_CBO      4.75243e+00   3.68600e+00   3.14215e-03   1.75447e-04
 MIGRAD MINIMIZATION HAS CONVERGED.
 FCN=0.0265928 FROM MIGRAD    STATUS=CONVERGED      57 CALLS          58 TOTAL
                     EDM=7.8961e-06    STRATEGY= 1  ERROR MATRIX UNCERTAINTY   8.1 per cent
  EXT PARAMETER                                   STEP         FIRST   
  NO.   NAME      VALUE            ERROR          SIZE      DERIVATIVE 
   1  A_CBO        2.60898e-03   4.25338e-02   6.43987e-05   2.55494e-02
   2  w_CBO        2.32366e+00   3.03237e-01  -4.52652e-03   4.78007e-02
   3  phi_CBO      4.05206e+00   4.17815e+00  -2.44351e-01  -8.88633e-04
 EXTERNAL ERROR MATRIX.    NDIM=  25    NPAR=  3    ERR DEF=1
  1.809e-03 -1.421e-03 -4.196e-01 
 -1.421e-03  1.088e-01  3.541e+01 
 -4.196e-01  3.541e+01  1.178e+04 
 PARAMETER  CORRELATION COEFFICIENTS  
       NO.  GLOBAL      1      2      3
        1  0.11854   1.000 -0.101 -0.091
        2  0.98880  -0.101  1.000  0.989
        3  0.98877  -0.091  0.989  1.000
setting A_CBO=0.002609 w_CBO=2.323663, phi_CBO=4.052059
done fitting cbo isolate
 **********
 **    1 **SET PRINTOUT            1
 **********
 **********
 **    2 **SET NOWARNINGS 
 **********
 PARAMETER DEFINITIONS:
    NO.   NAME         VALUE      STEP SIZE      LIMITS
     1 N0           2.87161e+06  1.00000e+02     no limits
     2 tau          6.44000e+01  constant
     3 A0           3.53296e-01  1.00000e-04     no limits
     4 phi          4.11727e+00  1.00000e-02     no limits
     5 R           -5.94062e+01  constant
     6 A_CBO        2.60898e-03  1.00000e-05     no limits
     7 w_CBO        2.32366e+00  1.00000e-03     no limits
     8 phi_CBO      4.05206e+00  1.00000e-04     no limits
     9 ANx2         6.75162e-04  constant
    10 pNx2         4.60725e+00  constant
    11 ANy1         0.00000e+00  constant
    12 pNy1         0.00000e+00  constant
    13 w_y          0.00000e+00  constant
    14 ANy2         8.91794e-03  1.00000e-04     no limits
    15 pNy2         4.50125e+00  constant
    16 w_vw         1.43005e+01  constant
    17 LM          -1.01507e-04  constant
    18 wCBO_expCoeff   2.00000e+02  1.00000e+00     no limits
    19 wCBO_expOffset   2.00000e+02  1.00000e+00     no limits
    20 wCBO_expT    3.00000e+01  1.00000e+00     no limits
    21 wCBO_linCoeff   0.00000e+00  constant
    22 wCBO_const   0.00000e+00  1.00000e-02     no limits
MINUIT - FIT ONLY WIGGLE
 **********
 **    3 **FIX            5
 **********
 PARAMETER    5  IS CONSTANT.   IGNORED.
 **********
 **    4 **FIX            6
 **********
 **********
 **    5 **FIX            7
 **********
 **********
 **    6 **FIX            8
 **********
 **********
 **    7 **FIX            9
 **********
 PARAMETER    9  IS CONSTANT.   IGNORED.
 **********
 **    8 **FIX           10
 **********
 PARAMETER   10  IS CONSTANT.   IGNORED.
 **********
 **    9 **FIX           11
 **********
 PARAMETER   11  IS CONSTANT.   IGNORED.
 **********
 **   10 **FIX           12
 **********
 PARAMETER   12  IS CONSTANT.   IGNORED.
 **********
 **   11 **FIX           13
 **********
 PARAMETER   13  IS CONSTANT.   IGNORED.
 **********
 **   12 **FIX           14
 **********
 **********
 **   13 **FIX           15
 **********
 PARAMETER   15  IS CONSTANT.   IGNORED.
 **********
 **   14 **FIX           16
 **********
 PARAMETER   16  IS CONSTANT.   IGNORED.
 **********
 **   15 **MIGRAD
 **********
 FIRST CALL TO USER FUNCTION AT NEW START POINT, WITH IFLAG=4.
 START MIGRAD MINIMIZATION.  STRATEGY  1.  CONVERGENCE WHEN EDM .LT. 1.00e-04
 FCN=1377.36 FROM MIGRAD    STATUS=INITIATE       81 CALLS          82 TOTAL
                     EDM= unknown      STRATEGY= 1      NO ERROR MATRIX       
  EXT PARAMETER               CURRENT GUESS       STEP         FIRST   
  NO.   NAME      VALUE            ERROR          SIZE      DERIVATIVE 
   1  N0           2.87161e+06   1.00000e+02   0.00000e+00  -1.13660e-03
   2  tau          6.44000e+01   constant   
   3  A0           3.53296e-01   1.00000e-04   0.00000e+00  -2.10907e+03
   4  phi          4.11727e+00   1.00000e-02   0.00000e+00   1.15599e+03
   5  R           -5.94062e+01   constant   
   6  A_CBO        2.60898e-03     fixed    
   7  w_CBO        2.32366e+00     fixed    
   8  phi_CBO      4.05206e+00     fixed    
   9  ANx2         6.75162e-04   constant   
  10  pNx2         4.60725e+00   constant   
  11  ANy1         0.00000e+00   constant   
  12  pNy1         0.00000e+00   constant   
  13  w_y          0.00000e+00   constant   
  14  ANy2         8.91794e-03     fixed    
  15  pNy2         4.50125e+00   constant   
  16  w_vw         1.43005e+01   constant   
  17  LM          -1.01507e-04   constant   
  18  wCBO_expCoeff   2.00023e+02   1.00000e+00   0.00000e+00   1.76568e+03
  19  wCBO_expOffset   2.00000e+02   1.00000e+00   0.00000e+00   1.17591e+04
  20  wCBO_expT    3.00000e+01   1.00000e+00   0.00000e+00   2.10493e+04
  21  wCBO_linCoeff   0.00000e+00   constant   
  22  wCBO_const   1.14527e-03   1.00000e-02   1.14527e-03   1.30438e+02
 MIGRAD MINIMIZATION HAS CONVERGED.
 FCN=1310.21 FROM MIGRAD    STATUS=CONVERGED     321 CALLS         322 TOTAL
                     EDM=5.69911e-06    STRATEGY= 1  ERROR MATRIX UNCERTAINTY   0.9 per cent
  EXT PARAMETER                                   STEP         FIRST   
  NO.   NAME      VALUE            ERROR          SIZE      DERIVATIVE 
   1  N0           2.87207e+06   6.23358e+02  -2.78990e+00  -7.42239e-07
   2  tau          6.44000e+01   constant   
   3  A0           3.53359e-01   2.89339e-04  -1.14155e-06   2.85470e+00
   4  phi          4.11698e+00   8.46363e-04  -4.04506e-06   1.97096e+00
   5  R           -5.94062e+01   constant   
   6  A_CBO        2.60898e-03     fixed    
   7  w_CBO        2.32366e+00     fixed    
   8  phi_CBO      4.05206e+00     fixed    
   9  ANx2         6.75162e-04   constant   
  10  pNx2         4.60725e+00   constant   
  11  ANy1         0.00000e+00   constant   
  12  pNy1         0.00000e+00   constant   
  13  w_y          0.00000e+00   constant   
  14  ANy2         8.91794e-03     fixed    
  15  pNy2         4.50125e+00   constant   
  16  w_vw         1.43005e+01   constant   
  17  LM          -1.01507e-04   constant   
  18  wCBO_expCoeff   1.99974e+02   5.89700e-03  -3.68137e-05  -8.77005e-01
  19  wCBO_expOffset   1.99993e+02   9.15579e-04  -6.67115e-06   3.58235e+00
  20  wCBO_expT    3.00073e+01   1.44844e-03   1.46790e-05  -1.48143e+00
  21  wCBO_linCoeff   0.00000e+00   constant   
  22  wCBO_const   3.16781e-03   8.92994e-04  -9.91194e-06   2.60322e+00
 EXTERNAL ERROR MATRIX.    NDIM=  25    NPAR=  7    ERR DEF=1
  3.886e+05  3.563e-03  8.121e-04  3.115e-01  5.830e-02 -7.964e-02  2.269e-02 
  3.563e-03  8.372e-08 -5.040e-09  1.241e-07  2.305e-08 -3.146e-08  8.543e-09 
  8.121e-04 -5.040e-09  7.163e-07 -1.222e-07 -1.972e-09  8.021e-09  1.739e-08 
  3.115e-01  1.241e-07 -1.222e-07  3.477e-05  3.729e-06 -7.514e-06  3.582e-06 
  5.830e-02  2.305e-08 -1.972e-09  3.729e-06  8.383e-07 -1.194e-06  5.873e-07 
 -7.964e-02 -3.146e-08  8.021e-09 -7.514e-06 -1.194e-06  2.098e-06 -1.141e-06 
  2.269e-02  8.543e-09  1.739e-08  3.582e-06  5.873e-07 -1.141e-06  7.974e-07 
 PARAMETER  CORRELATION COEFFICIENTS  
       NO.  GLOBAL      1      3      4     18     19     20     22
        1  0.12116   1.000  0.020  0.002  0.085  0.102 -0.088  0.041
        3  0.10640   0.020  1.000 -0.021  0.073  0.087 -0.075  0.033
        4  0.07374   0.002 -0.021  1.000 -0.024 -0.003  0.007  0.023
       18  0.96220   0.085  0.073 -0.024  1.000  0.691 -0.880  0.680
       19  0.96672   0.102  0.087 -0.003  0.691  1.000 -0.900  0.718
       20  0.99387  -0.088 -0.075  0.007 -0.880 -0.900  1.000 -0.882
       22  0.95809   0.041  0.033  0.023  0.680  0.718 -0.882  1.000
MINUIT - FIT ONLY 1-CBO + other amplitudes 
 **********
 **   16 **RES 
 **********
                   PARAMETER   14  ANy2 RESTORED TO VARIABLE.
                   PARAMETER    8  phi_CBO RESTORED TO VARIABLE.
                   PARAMETER    7  w_CBO RESTORED TO VARIABLE.
                   PARAMETER    6  A_CBO RESTORED TO VARIABLE.
 **********
 **   17 **FIX            0
 **********
 PARAMETER    0  IS UNDEFINED. IGNORED.
 **********
 **   18 **FIX            1
 **********
 **********
 **   19 **FIX            2
 **********
 PARAMETER    2  IS CONSTANT.   IGNORED.
 **********
 **   20 **FIX            3
 **********
 **********
 **   21 **FIX            4
 **********
 **********
 **   22 **FIX            9
 **********
 PARAMETER    9  IS CONSTANT.   IGNORED.
 **********
 **   23 **FIX           11
 **********
 PARAMETER   11  IS CONSTANT.   IGNORED.
 **********
 **   24 **FIX           12
 **********
 PARAMETER   12  IS CONSTANT.   IGNORED.
 **********
 **   25 **FIX           14
 **********
 **********
 **   26 **FIX           15
 **********
 PARAMETER   15  IS CONSTANT.   IGNORED.
 **********
 **   27 **FIX           16
 **********
 PARAMETER   16  IS CONSTANT.   IGNORED.
 **********
 **   28 **MIGRAD
 **********
 START MIGRAD MINIMIZATION.  STRATEGY  1.  CONVERGENCE WHEN EDM .LT. 1.00e-04
 FCN=1310.21 FROM MIGRAD    STATUS=INITIATE       22 CALLS         344 TOTAL
                     EDM= unknown      STRATEGY= 1      NO ERROR MATRIX       
  EXT PARAMETER               CURRENT GUESS       STEP         FIRST   
  NO.   NAME      VALUE            ERROR          SIZE      DERIVATIVE 
   1  N0           2.87207e+06     fixed    
   2  tau          6.44000e+01   constant   
   3  A0           3.53359e-01     fixed    
   4  phi          4.11698e+00     fixed    
   5  R           -5.94062e+01   constant   
   6  A_CBO        2.60898e-03   1.00000e-05   1.00000e-05   3.14427e+04
   7  w_CBO        2.32366e+00   1.00000e-03   1.00000e-03  -7.41261e+01
   8  phi_CBO      4.05206e+00   1.00000e-04   1.00000e-04  -1.84492e+01
   9  ANx2         6.75162e-04   constant   
  10  pNx2         4.60725e+00   constant   
  11  ANy1         0.00000e+00   constant   
  12  pNy1         0.00000e+00   constant   
  13  w_y          0.00000e+00   constant   
  14  ANy2         8.91794e-03     fixed    
  15  pNy2         4.50125e+00   constant   
  16  w_vw         1.43005e+01   constant   
  17  LM          -1.01507e-04   constant   
  18  wCBO_expCoeff   1.99974e+02   5.89700e-03  -3.68137e-05  -8.77005e-01
  19  wCBO_expOffset   1.99993e+02   9.15579e-04  -6.67115e-06   3.58235e+00
  20  wCBO_expT    3.00073e+01   1.44844e-03   1.46790e-05  -1.48143e+00
  21  wCBO_linCoeff   0.00000e+00   constant   
  22  wCBO_const   3.16781e-03   8.92994e-04  -9.91194e-06   2.60329e+00
 MIGRAD MINIMIZATION HAS CONVERGED.
 MIGRAD WILL VERIFY CONVERGENCE AND ERROR MATRIX.
 COVARIANCE MATRIX CALCULATED SUCCESSFULLY
 FCN=1278.9 FROM MIGRAD    STATUS=CONVERGED     226 CALLS         548 TOTAL
                     EDM=3.66549e-05    STRATEGY= 1      ERROR MATRIX ACCURATE 
  EXT PARAMETER                                   STEP         FIRST   
  NO.   NAME      VALUE            ERROR          SIZE      DERIVATIVE 
   1  N0           2.87207e+06     fixed    
   2  tau          6.44000e+01   constant   
   3  A0           3.53359e-01     fixed    
   4  phi          4.11698e+00     fixed    
   5  R           -5.94062e+01   constant   
   6  A_CBO        1.23300e-03   3.05127e-04   5.30472e-06  -3.57976e+00
   7  w_CBO        2.32367e+00   1.92191e-04   1.10801e-06   9.42456e+01
   8  phi_CBO      5.01417e+00   3.49803e-01   4.34543e-03  -2.99324e-03
   9  ANx2         6.75162e-04   constant   
  10  pNx2         4.60725e+00   constant   
  11  ANy1         0.00000e+00   constant   
  12  pNy1         0.00000e+00   constant   
  13  w_y          0.00000e+00   constant   
  14  ANy2         8.91794e-03     fixed    
  15  pNy2         4.50125e+00   constant   
  16  w_vw         1.43005e+01   constant   
  17  LM          -1.01507e-04   constant   
  18  wCBO_expCoeff   1.99975e+02   1.66386e-02   9.53553e-05   1.07128e+00
  19  wCBO_expOffset   1.99993e+02   1.20831e-03   9.53640e-05   7.06179e+00
  20  wCBO_expT    3.00073e+01   9.47134e-04   1.43086e-05   1.49456e+00
  21  wCBO_linCoeff   0.00000e+00   constant   
  22  wCBO_const   4.03955e-03   4.89819e-04   4.52726e-06   4.91686e+00
 EXTERNAL ERROR MATRIX.    NDIM=  25    NPAR=  7    ERR DEF=1
  9.310e-08  3.965e-10  2.988e-06  4.747e-08 -2.564e-08  1.534e-08 -6.055e-09 
  3.965e-10  3.694e-08 -2.548e-06 -2.544e-06 -4.894e-08 -3.637e-08 -6.961e-09 
  2.988e-06 -2.548e-06  1.224e-01 -2.387e-04  1.734e-05  7.589e-05  3.210e-05 
  4.747e-08 -2.544e-06 -2.387e-04  2.768e-04 -4.501e-06 -3.299e-06  1.913e-06 
 -2.564e-08 -4.894e-08  1.734e-05 -4.501e-06  1.460e-06 -8.212e-08  4.349e-08 
  1.534e-08 -3.637e-08  7.589e-05 -3.299e-06 -8.212e-08  8.971e-07 -2.698e-07 
 -6.055e-09 -6.961e-09  3.210e-05  1.913e-06  4.349e-08 -2.698e-07  2.399e-07 
 PARAMETER  CORRELATION COEFFICIENTS  
       NO.  GLOBAL      6      7      8     18     19     20     22
        6  0.09712   1.000  0.007  0.028  0.009 -0.070  0.053 -0.041
        7  0.99399   0.007  1.000 -0.038 -0.796 -0.211 -0.200 -0.074
        8  0.70198   0.028 -0.038  1.000 -0.041  0.041  0.229  0.187
       18  0.99376   0.009 -0.796 -0.041  1.000 -0.224 -0.209  0.235
       19  0.97304  -0.070 -0.211  0.041 -0.224  1.000 -0.072  0.073
       20  0.98082   0.053 -0.200  0.229 -0.209 -0.072  1.000 -0.582
       22  0.84840  -0.041 -0.074  0.187  0.235  0.073 -0.582  1.000
MINUIT - FIT ONLY 1-CBO
 **********
 **   29 **RES 
 **********
                   PARAMETER   14  ANy2 RESTORED TO VARIABLE.
                   PARAMETER    4  phi RESTORED TO VARIABLE.
                   PARAMETER    3  A0 RESTORED TO VARIABLE.
                   PARAMETER    1  N0 RESTORED TO VARIABLE.
 **********
 **   30 **FIX            0
 **********
 PARAMETER    0  IS UNDEFINED. IGNORED.
 **********
 **   31 **FIX            1
 **********
 **********
 **   32 **FIX            2
 **********
 PARAMETER    2  IS CONSTANT.   IGNORED.
 **********
 **   33 **FIX            3
 **********
 **********
 **   34 **FIX            4
 **********
 **********
 **   35 **FIX            8
 **********
 **********
 **   36 **FIX            9
 **********
 PARAMETER    9  IS CONSTANT.   IGNORED.
 **********
 **   37 **FIX           11
 **********
 PARAMETER   11  IS CONSTANT.   IGNORED.
 **********
 **   38 **FIX           12
 **********
 PARAMETER   12  IS CONSTANT.   IGNORED.
 **********
 **   39 **FIX           13
 **********
 PARAMETER   13  IS CONSTANT.   IGNORED.
 **********
 **   40 **FIX           15
 **********
 PARAMETER   15  IS CONSTANT.   IGNORED.
 **********
 **   41 **FIX           16
 **********
 PARAMETER   16  IS CONSTANT.   IGNORED.
 **********
 **   42 **MIGRAD
 **********
 START MIGRAD MINIMIZATION.  STRATEGY  1.  CONVERGENCE WHEN EDM .LT. 1.00e-04
 FCN=1278.9 FROM MIGRAD    STATUS=INITIATE       16 CALLS         564 TOTAL
                     EDM= unknown      STRATEGY= 1      NO ERROR MATRIX       
  EXT PARAMETER               CURRENT GUESS       STEP         FIRST   
  NO.   NAME      VALUE            ERROR          SIZE      DERIVATIVE 
   1  N0           2.87207e+06     fixed    
   2  tau          6.44000e+01   constant   
   3  A0           3.53359e-01     fixed    
   4  phi          4.11698e+00     fixed    
   5  R           -5.94062e+01   constant   
   6  A_CBO        1.23300e-03   3.05127e-04   5.30472e-06  -3.57976e+00
   7  w_CBO        2.32367e+00   1.92191e-04   1.10801e-06   9.01628e+01
   8  phi_CBO      5.01417e+00     fixed    
   9  ANx2         6.75162e-04   constant   
  10  pNx2         4.60725e+00   constant   
  11  ANy1         0.00000e+00   constant   
  12  pNy1         0.00000e+00   constant   
  13  w_y          0.00000e+00   constant   
  14  ANy2         8.91794e-03   1.00000e-04   1.00000e-04   1.93614e+05
  15  pNy2         4.50125e+00   constant   
  16  w_vw         1.43005e+01   constant   
  17  LM          -1.01507e-04   constant   
  18  wCBO_expCoeff   1.99975e+02   1.66386e-02   9.53553e-05   1.02638e+00
  19  wCBO_expOffset   1.99993e+02   1.20831e-03   9.53640e-05  -1.04097e+01
  20  wCBO_expT    3.00073e+01   9.47134e-04   1.43086e-05   6.31083e-01
  21  wCBO_linCoeff   0.00000e+00   constant   
  22  wCBO_const   4.03955e-03   4.89819e-04   4.52726e-06   4.91687e+00
 MIGRAD MINIMIZATION HAS CONVERGED.
 MIGRAD WILL VERIFY CONVERGENCE AND ERROR MATRIX.
 COVARIANCE MATRIX CALCULATED SUCCESSFULLY
 FCN=390.93 FROM MIGRAD    STATUS=CONVERGED     218 CALLS         766 TOTAL
                     EDM=3.79642e-05    STRATEGY= 1      ERROR MATRIX ACCURATE 
  EXT PARAMETER                                   STEP         FIRST   
  NO.   NAME      VALUE            ERROR          SIZE      DERIVATIVE 
   1  N0           2.87207e+06     fixed    
   2  tau          6.44000e+01   constant   
   3  A0           3.53359e-01     fixed    
   4  phi          4.11698e+00     fixed    
   5  R           -5.94062e+01   constant   
   6  A_CBO        3.81932e-04   3.08752e-04   2.95411e-06  -7.22331e+00
   7  w_CBO        2.32363e+00   2.22946e-04   1.10799e-06   1.26740e+02
   8  phi_CBO      5.01417e+00     fixed    
   9  ANx2         6.75162e-04   constant   
  10  pNx2         4.60725e+00   constant   
  11  ANy1         0.00000e+00   constant   
  12  pNy1         0.00000e+00   constant   
  13  w_y          0.00000e+00   constant   
  14  ANy2        -2.50903e-04   3.07134e-04   2.95227e-06  -3.27534e+00
  15  pNy2         4.50125e+00   constant   
  16  w_vw         1.43005e+01   constant   
  17  LM          -1.01507e-04   constant   
  18  wCBO_expCoeff   1.99971e+02   1.93187e-02   9.53534e-05   1.44379e+00
  19  wCBO_expOffset   1.99992e+02   1.44241e-03   9.53637e-05   9.55795e+00
  20  wCBO_expT    3.00093e+01   1.64162e-03   1.43095e-05   1.00075e+01
  21  wCBO_linCoeff   0.00000e+00   constant   
  22  wCBO_const   3.30632e-03   1.53764e-03   4.42349e-06   5.88373e+00
 EXTERNAL ERROR MATRIX.    NDIM=  25    NPAR=  7    ERR DEF=1
  9.533e-08  1.573e-09  7.431e-09  1.420e-07  3.745e-09 -3.072e-08  2.052e-08 
  1.573e-09  4.970e-08  4.947e-10 -2.982e-06 -5.203e-08 -1.006e-07  9.111e-09 
  7.431e-09  4.947e-10  9.433e-08  4.415e-08  3.713e-10 -2.284e-08  2.247e-08 
  1.420e-07 -2.982e-06  4.415e-08  3.732e-04 -4.757e-06 -9.011e-06  4.026e-06 
  3.745e-09 -5.203e-08  3.713e-10 -4.757e-06  2.081e-06 -3.883e-07  3.670e-08 
 -3.072e-08 -1.006e-07 -2.284e-08 -9.011e-06 -3.883e-07  2.695e-06 -1.632e-06 
  2.052e-08  9.111e-09  2.247e-08  4.026e-06  3.670e-08 -1.632e-06  2.364e-06 
 PARAMETER  CORRELATION COEFFICIENTS  
       NO.  GLOBAL      6      7     14     18     19     20     22
        6  0.14267   1.000  0.023  0.078  0.024  0.008 -0.061  0.043
        7  0.99108   0.023  1.000  0.007 -0.692 -0.162 -0.275  0.027
       14  0.10583   0.078  0.007  1.000  0.007  0.001 -0.045  0.048
       18  0.99072   0.024 -0.692  0.007  1.000 -0.171 -0.284  0.136
       19  0.96193   0.008 -0.162  0.001 -0.171  1.000 -0.164  0.017
       20  0.98927  -0.061 -0.275 -0.045 -0.284 -0.164  1.000 -0.646
       22  0.95471   0.043  0.027  0.048  0.136  0.017 -0.646  1.000
MINUIT - FIT ONLY 2-CBO
 **********
 **   43 **RES 
 **********
                   PARAMETER    8  phi_CBO RESTORED TO VARIABLE.
                   PARAMETER    4  phi RESTORED TO VARIABLE.
                   PARAMETER    3  A0 RESTORED TO VARIABLE.
                   PARAMETER    1  N0 RESTORED TO VARIABLE.
 **********
 **   44 **FIX            0
 **********
 PARAMETER    0  IS UNDEFINED. IGNORED.
 **********
 **   45 **FIX            1
 **********
 **********
 **   46 **FIX            2
 **********
 PARAMETER    2  IS CONSTANT.   IGNORED.
 **********
 **   47 **FIX            3
 **********
 **********
 **   48 **FIX            4
 **********
 **********
 **   49 **FIX            5
 **********
 PARAMETER    5  IS CONSTANT.   IGNORED.
 **********
 **   50 **FIX            6
 **********
 **********
 **   51 **FIX            7
 **********
 **********
 **   52 **FIX           10
 **********
 PARAMETER   10  IS CONSTANT.   IGNORED.
 **********
 **   53 **FIX           11
 **********
 PARAMETER   11  IS CONSTANT.   IGNORED.
 **********
 **   54 **FIX           12
 **********
 PARAMETER   12  IS CONSTANT.   IGNORED.
 **********
 **   55 **FIX           13
 **********
 PARAMETER   13  IS CONSTANT.   IGNORED.
 **********
 **   56 **FIX           14
 **********
 **********
 **   57 **FIX           15
 **********
 PARAMETER   15  IS CONSTANT.   IGNORED.
 **********
 **   58 **FIX           16
 **********
 PARAMETER   16  IS CONSTANT.   IGNORED.
 **********
 **   59 **MIGRAD
 **********
 START MIGRAD MINIMIZATION.  STRATEGY  1.  CONVERGENCE WHEN EDM .LT. 1.00e-04
 FCN=390.93 FROM MIGRAD    STATUS=INITIATE       12 CALLS         778 TOTAL
                     EDM= unknown      STRATEGY= 1      NO ERROR MATRIX       
  EXT PARAMETER               CURRENT GUESS       STEP         FIRST   
  NO.   NAME      VALUE            ERROR          SIZE      DERIVATIVE 
   1  N0           2.87207e+06     fixed    
   2  tau          6.44000e+01   constant   
   3  A0           3.53359e-01     fixed    
   4  phi          4.11698e+00     fixed    
   5  R           -5.94062e+01   constant   
   6  A_CBO        3.81932e-04     fixed    
   7  w_CBO        2.32363e+00     fixed    
   8  phi_CBO      5.01417e+00   3.49803e-01   3.49803e-01   9.13848e-01
   9  ANx2         6.75162e-04   constant   
  10  pNx2         4.60725e+00   constant   
  11  ANy1         0.00000e+00   constant   
  12  pNy1         0.00000e+00   constant   
  13  w_y          0.00000e+00   constant   
  14  ANy2        -2.50903e-04     fixed    
  15  pNy2         4.50125e+00   constant   
  16  w_vw         1.43005e+01   constant   
  17  LM          -1.01507e-04   constant   
  18  wCBO_expCoeff   1.99971e+02   1.93187e-02   9.53534e-05   1.40730e+00
  19  wCBO_expOffset   1.99992e+02   1.44241e-03   9.53637e-05  -4.59787e+00
  20  wCBO_expT    3.00093e+01   1.64162e-03   1.43095e-05   9.62596e+00
  21  wCBO_linCoeff   0.00000e+00   constant   
  22  wCBO_const   3.30632e-03   1.53764e-03   4.42349e-06   5.87741e+00
 MIGRAD MINIMIZATION HAS CONVERGED.
 FCN=390.771 FROM MIGRAD    STATUS=CONVERGED     128 CALLS         894 TOTAL
                     EDM=7.58189e-06    STRATEGY= 1  ERROR MATRIX UNCERTAINTY   2.2 per cent
  EXT PARAMETER                                   STEP         FIRST   
  NO.   NAME      VALUE            ERROR          SIZE      DERIVATIVE 
   1  N0           2.87207e+06     fixed    
   2  tau          6.44000e+01   constant   
   3  A0           3.53359e-01     fixed    
   4  phi          4.11698e+00     fixed    
   5  R           -5.94062e+01   constant   
   6  A_CBO        3.81932e-04     fixed    
   7  w_CBO        2.32363e+00     fixed    
   8  phi_CBO      4.66407e+00   9.05326e-01   1.09438e-04   3.04180e-04
   9  ANx2         6.75162e-04   constant   
  10  pNx2         4.60725e+00   constant   
  11  ANy1         0.00000e+00   constant   
  12  pNy1         0.00000e+00   constant   
  13  w_y          0.00000e+00   constant   
  14  ANy2        -2.50903e-04     fixed    
  15  pNy2         4.50125e+00   constant   
  16  w_vw         1.43005e+01   constant   
  17  LM          -1.01507e-04   constant   
  18  wCBO_expCoeff   1.99969e+02   1.51952e-02   2.79368e-06   5.29289e-01
  19  wCBO_expOffset   1.99992e+02   1.19248e-03   1.81174e-07  -9.10271e+00
  20  wCBO_expT    3.00096e+01   3.05399e-03  -6.77413e-07  -1.09145e+00
  21  wCBO_linCoeff   0.00000e+00   constant   
  22  wCBO_const   2.97840e-03   2.69041e-03   6.61782e-07  -4.26697e+00
 EXTERNAL ERROR MATRIX.    NDIM=  25    NPAR=  5    ERR DEF=1
  8.196e-01  4.967e-03  3.572e-04 -1.171e-03  1.116e-03 
  4.967e-03  2.309e-04  1.267e-05 -4.327e-05  2.938e-05 
  3.572e-04  1.267e-05  1.422e-06 -2.865e-06  1.794e-06 
 -1.171e-03 -4.327e-05 -2.865e-06  9.327e-06 -7.322e-06 
  1.116e-03  2.938e-05  1.794e-06 -7.322e-06  7.238e-06 
 PARAMETER  CORRELATION COEFFICIENTS  
       NO.  GLOBAL      8     18     19     20     22
        8  0.50880   1.000  0.361  0.331 -0.423  0.458
       18  0.98774   0.361  1.000  0.699 -0.932  0.719
       19  0.94952   0.331  0.699  1.000 -0.787  0.559
       20  0.99709  -0.423 -0.932 -0.787  1.000 -0.891
       22  0.98586   0.458  0.719  0.559 -0.891  1.000
MINUIT - FIT ONLY 1-y
 **********
 **   60 **RES 
 **********
                   PARAMETER   14  ANy2 RESTORED TO VARIABLE.
                   PARAMETER    7  w_CBO RESTORED TO VARIABLE.
                   PARAMETER    6  A_CBO RESTORED TO VARIABLE.
                   PARAMETER    4  phi RESTORED TO VARIABLE.
                   PARAMETER    3  A0 RESTORED TO VARIABLE.
                   PARAMETER    1  N0 RESTORED TO VARIABLE.
 **********
 **   61 **FIX            0
 **********
 PARAMETER    0  IS UNDEFINED. IGNORED.
 **********
 **   62 **FIX            1
 **********
 **********
 **   63 **FIX            2
 **********
 PARAMETER    2  IS CONSTANT.   IGNORED.
 **********
 **   64 **FIX            3
 **********
 **********
 **   65 **FIX            4
 **********
 **********
 **   66 **FIX            5
 **********
 PARAMETER    5  IS CONSTANT.   IGNORED.
 **********
 **   67 **FIX            6
 **********
 **********
 **   68 **FIX            7
 **********
 **********
 **   69 **FIX            8
 **********
 **********
 **   70 **FIX            9
 **********
 PARAMETER    9  IS CONSTANT.   IGNORED.
 **********
 **   71 **FIX           13
 **********
 PARAMETER   13  IS CONSTANT.   IGNORED.
 **********
 **   72 **FIX           14
 **********
 **********
 **   73 **FIX           15
 **********
 PARAMETER   15  IS CONSTANT.   IGNORED.
 **********
 **   74 **FIX           16
 **********
 PARAMETER   16  IS CONSTANT.   IGNORED.
 **********
 **   75 **MIGRAD
 **********
 START MIGRAD MINIMIZATION.  STRATEGY  1.  CONVERGENCE WHEN EDM .LT. 1.00e-04
 FCN=390.771 FROM MIGRAD    STATUS=INITIATE        8 CALLS         902 TOTAL
                     EDM= unknown      STRATEGY= 1      NO ERROR MATRIX       
  EXT PARAMETER               CURRENT GUESS       STEP         FIRST   
  NO.   NAME      VALUE            ERROR          SIZE      DERIVATIVE 
   1  N0           2.87207e+06     fixed    
   2  tau          6.44000e+01   constant   
   3  A0           3.53359e-01     fixed    
   4  phi          4.11698e+00     fixed    
   5  R           -5.94062e+01   constant   
   6  A_CBO        3.81932e-04     fixed    
   7  w_CBO        2.32363e+00     fixed    
   8  phi_CBO      4.66407e+00     fixed    
   9  ANx2         6.75162e-04   constant   
  10  pNx2         4.60725e+00   constant   
  11  ANy1         0.00000e+00   constant   
  12  pNy1         0.00000e+00   constant   
  13  w_y          0.00000e+00   constant   
  14  ANy2        -2.50903e-04     fixed    
  15  pNy2         4.50125e+00   constant   
  16  w_vw         1.43005e+01   constant   
  17  LM          -1.01507e-04   constant   
  18  wCBO_expCoeff   1.99969e+02   1.51952e-02   2.79368e-06   5.29289e-01
  19  wCBO_expOffset   1.99992e+02   1.19248e-03   1.81174e-07  -9.10271e+00
  20  wCBO_expT    3.00096e+01   3.05399e-03  -6.77413e-07  -1.09145e+00
  21  wCBO_linCoeff   0.00000e+00   constant   
  22  wCBO_const   2.97840e-03   2.69041e-03   6.61782e-07  -4.26697e+00
 MIGRAD FAILS TO FIND IMPROVEMENT
 COVARIANCE MATRIX CALCULATED SUCCESSFULLY
 FCN=390.771 FROM HESSE     STATUS=OK             25 CALLS        1195 TOTAL
                     EDM=1.94725e-05    STRATEGY= 1      ERROR MATRIX ACCURATE 
  EXT PARAMETER                                   STEP         FIRST   
  NO.   NAME      VALUE            ERROR          SIZE      DERIVATIVE 
   1  N0           2.87207e+06     fixed    
   2  tau          6.44000e+01   constant   
   3  A0           3.53359e-01     fixed    
   4  phi          4.11698e+00     fixed    
   5  R           -5.94062e+01   constant   
   6  A_CBO        3.81932e-04     fixed    
   7  w_CBO        2.32363e+00     fixed    
   8  phi_CBO      4.66407e+00     fixed    
   9  ANx2         6.75162e-04   constant   
  10  pNx2         4.60725e+00   constant   
  11  ANy1         0.00000e+00   constant   
  12  pNy1         0.00000e+00   constant   
  13  w_y          0.00000e+00   constant   
  14  ANy2        -2.50903e-04     fixed    
  15  pNy2         4.50125e+00   constant   
  16  w_vw         1.43005e+01   constant   
  17  LM          -1.01507e-04   constant   
  18  wCBO_expCoeff   1.99969e+02   1.46430e-02   9.53526e-05   1.38336e+00
  19  wCBO_expOffset   1.99992e+02   1.46874e-03   9.53637e-05   9.16107e+00
  20  wCBO_expT    3.00096e+01   1.89606e-03   1.43097e-05   8.37005e+00
  21  wCBO_linCoeff   0.00000e+00   constant   
  22  wCBO_const   2.97898e-03   1.91311e-03   4.37827e-06   6.35970e-01
 MIGRAD FAILS TO FIND IMPROVEMENT
 MIGRAD MINIMIZATION HAS CONVERGED.
 FCN=390.771 FROM MIGRAD    STATUS=CONVERGED     322 CALLS        1216 TOTAL
                     EDM=8.4867e-05    STRATEGY= 1  ERROR MATRIX UNCERTAINTY   3.8 per cent
  EXT PARAMETER                                   STEP         FIRST   
  NO.   NAME      VALUE            ERROR          SIZE      DERIVATIVE 
   1  N0           2.87207e+06     fixed    
   2  tau          6.44000e+01   constant   
   3  A0           3.53359e-01     fixed    
   4  phi          4.11698e+00     fixed    
   5  R           -5.94062e+01   constant   
   6  A_CBO        3.81932e-04     fixed    
   7  w_CBO        2.32363e+00     fixed    
   8  phi_CBO      4.66407e+00     fixed    
   9  ANx2         6.75162e-04   constant   
  10  pNx2         4.60725e+00   constant   
  11  ANy1         0.00000e+00   constant   
  12  pNy1         0.00000e+00   constant   
  13  w_y          0.00000e+00   constant   
  14  ANy2        -2.50903e-04     fixed    
  15  pNy2         4.50125e+00   constant   
  16  w_vw         1.43005e+01   constant   
  17  LM          -1.01507e-04   constant   
  18  wCBO_expCoeff   1.99969e+02   1.55616e-02  -0.00000e+00  -2.12373e-01
  19  wCBO_expOffset   1.99992e+02   6.72542e-04   0.00000e+00  -1.40246e+01
  20  wCBO_expT    3.00096e+01   1.90165e-03   0.00000e+00  -2.80118e+00
  21  wCBO_linCoeff   0.00000e+00   constant   
  22  wCBO_const   2.98215e-03   1.96552e-03   0.00000e+00  -5.50098e-01
 EXTERNAL ERROR MATRIX.    NDIM=  25    NPAR=  4    ERR DEF=1
  2.422e-04 -3.118e-06 -2.272e-05  6.069e-06 
 -3.118e-06  4.523e-07 -2.289e-07  4.401e-07 
 -2.272e-05 -2.289e-07  3.616e-06 -2.759e-06 
  6.069e-06  4.401e-07 -2.759e-06  3.863e-06 
 PARAMETER  CORRELATION COEFFICIENTS  
       NO.  GLOBAL     18     19     20     22
       18  0.98613   1.000 -0.298 -0.768  0.198
       19  0.88547  -0.298  1.000 -0.179  0.333
       20  0.99233  -0.768 -0.179  1.000 -0.738
       22  0.97311   0.198  0.333 -0.738  1.000
MINUIT - FIT ONLY 2-y
 **********
 **   76 **RES 
 **********
                   PARAMETER   14  ANy2 RESTORED TO VARIABLE.
                   PARAMETER    8  phi_CBO RESTORED TO VARIABLE.
                   PARAMETER    7  w_CBO RESTORED TO VARIABLE.
                   PARAMETER    6  A_CBO RESTORED TO VARIABLE.
                   PARAMETER    4  phi RESTORED TO VARIABLE.
                   PARAMETER    3  A0 RESTORED TO VARIABLE.
                   PARAMETER    1  N0 RESTORED TO VARIABLE.
 **********
 **   77 **FIX            0
 **********
 PARAMETER    0  IS UNDEFINED. IGNORED.
 **********
 **   78 **FIX            1
 **********
 **********
 **   79 **FIX            2
 **********
 PARAMETER    2  IS CONSTANT.   IGNORED.
 **********
 **   80 **FIX            3
 **********
 **********
 **   81 **FIX            4
 **********
 **********
 **   82 **FIX            5
 **********
 PARAMETER    5  IS CONSTANT.   IGNORED.
 **********
 **   83 **FIX            6
 **********
 **********
 **   84 **FIX            7
 **********
 **********
 **   85 **FIX            8
 **********
 **********
 **   86 **FIX            9
 **********
 PARAMETER    9  IS CONSTANT.   IGNORED.
 **********
 **   87 **FIX           10
 **********
 PARAMETER   10  IS CONSTANT.   IGNORED.
 **********
 **   88 **FIX           11
 **********
 PARAMETER   11  IS CONSTANT.   IGNORED.
 **********
 **   89 **FIX           12
 **********
 PARAMETER   12  IS CONSTANT.   IGNORED.
 **********
 **   90 **FIX           16
 **********
 PARAMETER   16  IS CONSTANT.   IGNORED.
 **********
 **   91 **MIGRAD
 **********
 START MIGRAD MINIMIZATION.  STRATEGY  1.  CONVERGENCE WHEN EDM .LT. 1.00e-04
 FCN=390.771 FROM MIGRAD    STATUS=INITIATE       10 CALLS        1226 TOTAL
                     EDM= unknown      STRATEGY= 1      NO ERROR MATRIX       
  EXT PARAMETER               CURRENT GUESS       STEP         FIRST   
  NO.   NAME      VALUE            ERROR          SIZE      DERIVATIVE 
   1  N0           2.87207e+06     fixed    
   2  tau          6.44000e+01   constant   
   3  A0           3.53359e-01     fixed    
   4  phi          4.11698e+00     fixed    
   5  R           -5.94062e+01   constant   
   6  A_CBO        3.81932e-04     fixed    
   7  w_CBO        2.32363e+00     fixed    
   8  phi_CBO      4.66407e+00     fixed    
   9  ANx2         6.75162e-04   constant   
  10  pNx2         4.60725e+00   constant   
  11  ANy1         0.00000e+00   constant   
  12  pNy1         0.00000e+00   constant   
  13  w_y          0.00000e+00   constant   
  14  ANy2        -2.50903e-04   3.07134e-04   3.07134e-04   2.23353e+02
  15  pNy2         4.50125e+00   constant   
  16  w_vw         1.43005e+01   constant   
  17  LM          -1.01507e-04   constant   
  18  wCBO_expCoeff   1.99969e+02   1.55616e-02  -0.00000e+00  -2.12373e-01
  19  wCBO_expOffset   1.99992e+02   6.72542e-04   0.00000e+00  -1.40246e+01
  20  wCBO_expT    3.00096e+01   1.90165e-03   0.00000e+00  -2.80118e+00
  21  wCBO_linCoeff   0.00000e+00   constant   
  22  wCBO_const   2.98215e-03   1.96552e-03   0.00000e+00  -5.50097e-01
 MIGRAD FAILS TO FIND IMPROVEMENT
 MIGRAD MINIMIZATION HAS CONVERGED.
 MIGRAD WILL VERIFY CONVERGENCE AND ERROR MATRIX.
 COVARIANCE MATRIX CALCULATED SUCCESSFULLY
 FCN=390.769 FROM MIGRAD    STATUS=CONVERGED     118 CALLS        1334 TOTAL
                     EDM=2.00291e-05    STRATEGY= 1      ERROR MATRIX ACCURATE 
  EXT PARAMETER                                   STEP         FIRST   
  NO.   NAME      VALUE            ERROR          SIZE      DERIVATIVE 
   1  N0           2.87207e+06     fixed    
   2  tau          6.44000e+01   constant   
   3  A0           3.53359e-01     fixed    
   4  phi          4.11698e+00     fixed    
   5  R           -5.94062e+01   constant   
   6  A_CBO        3.81932e-04     fixed    
   7  w_CBO        2.32363e+00     fixed    
   8  phi_CBO      4.66407e+00     fixed    
   9  ANx2         6.75162e-04   constant   
  10  pNx2         4.60725e+00   constant   
  11  ANy1         0.00000e+00   constant   
  12  pNy1         0.00000e+00   constant   
  13  w_y          0.00000e+00   constant   
  14  ANy2        -2.61383e-04   3.06299e-04   2.95168e-06  -5.36463e-01
  15  pNy2         4.50125e+00   constant   
  16  w_vw         1.43005e+01   constant   
  17  LM          -1.01507e-04   constant   
  18  wCBO_expCoeff   1.99969e+02   1.46445e-02   9.53526e-05   9.08860e-03
  19  wCBO_expOffset   1.99992e+02   1.46965e-03   9.53637e-05  -3.18352e+00
  20  wCBO_expT    3.00096e+01   1.89383e-03   1.43097e-05  -2.07747e+00
  21  wCBO_linCoeff   0.00000e+00   constant   
  22  wCBO_const   2.98183e-03   1.91001e-03   4.37695e-06   6.94102e-01
 EXTERNAL ERROR MATRIX.    NDIM=  25    NPAR=  5    ERR DEF=1
  9.382e-08  1.028e-07  1.784e-09 -2.854e-08  2.784e-08 
  1.028e-07  2.145e-04 -8.469e-06 -1.946e-05  1.013e-05 
  1.784e-09 -8.469e-06  2.160e-06 -5.918e-07  1.737e-07 
 -2.854e-08 -1.946e-05 -5.918e-07  3.587e-06 -2.846e-06 
  2.784e-08  1.013e-05  1.737e-07 -2.846e-06  3.648e-06 
 PARAMETER  CORRELATION COEFFICIENTS  
       NO.  GLOBAL     14     18     19     20     22
       14  0.07612   1.000  0.023  0.004 -0.049  0.048
       18  0.98471   0.023  1.000 -0.394 -0.701  0.362
       19  0.96541   0.004 -0.394  1.000 -0.213  0.062
       20  0.99225  -0.049 -0.701 -0.213  1.000 -0.787
       22  0.97148   0.048  0.362  0.062 -0.787  1.000
MINUIT - FIT ALTOGETHER
 **********
 **   92 **RES 
 **********
                   PARAMETER    8  phi_CBO RESTORED TO VARIABLE.
                   PARAMETER    7  w_CBO RESTORED TO VARIABLE.
                   PARAMETER    6  A_CBO RESTORED TO VARIABLE.
                   PARAMETER    4  phi RESTORED TO VARIABLE.
                   PARAMETER    3  A0 RESTORED TO VARIABLE.
                   PARAMETER    1  N0 RESTORED TO VARIABLE.
 **********
 **   93 **MIGRAD
 **********
 START MIGRAD MINIMIZATION.  STRATEGY  1.  CONVERGENCE WHEN EDM .LT. 1.00e-04
 FCN=390.769 FROM MIGRAD    STATUS=INITIATE       22 CALLS        1356 TOTAL
