 + ++++++++++++++++++++++++++++++++++++++++++++++++++++++++++++++++++++ +
 +                                                                      +
 +           You have chose to blind your fitting according to          +
 +                omega_ref * (1 + (R +/- deltaR) *10^{-6})             +
 +                                                                      +
 + ++++++++++++++++++++++++++++++++++++++++++++++++++++++++++++++++++++ +
In main()...
reading format from /gm2data/zkhechad/run45/envelope/formats/formatB_sBin_constraintOn.txt
pBinTau 	= 0  
pBinPhi 	= 0  
constraintau 	= 1 
includeMopTerm 	= 0    
constrainMop    = 0   
Parameters after format file: pBinTau 0 pBinPhi 0 constraintau 1 includeMopTerm 0 constrainMop 0 c_e_scale 0.000000 
reading cbo reference file (full fit) from /gm2data/zkhechad/cboTemplates/Run4CBOTemplates/fullFits/run4/sBin_constraintOn_cE0.0_seed0_run4_calo22.root
A_CBO 0.009526 w_CBO 2.326135 phi_CBO 3.153773 N0 2910883.778789 R -61.156963 tau 64.406920 
Reading cboRef file /gm2data/zkhechad/cboTemplates/Run4CBOTemplates//cboIsolate/run4_calo22.root
deltaT 164.120000
windowBins = 1100
fitting sliding window 1560 from bin 1763 at 263.039600 to bin 2863 at 427.159600 (1100 bins)

Reading data from /gm2data/cornell/histograms/aMethod/histogram_a_run4.root
fitting cbo isolate
 **********
 **    1 **SET PRINTOUT            1
 **********
 **********
 **    2 **SET NOWARNINGS 
 **********
 PARAMETER DEFINITIONS:
    NO.   NAME         VALUE      STEP SIZE      LIMITS
     1 A_CBO        9.52554e-03  1.00000e-05     no limits
     2 w_CBO        2.32614e+00  1.00000e-02    2.00000e+00  3.00000e+00
     3 phi_CBO      3.15377e+00  1.00000e-02    0.00000e+00  6.28319e+00
 **********
 **    3 **MIGRAD
 **********
 FIRST CALL TO USER FUNCTION AT NEW START POINT, WITH IFLAG=4.
 START MIGRAD MINIMIZATION.  STRATEGY  1.  CONVERGENCE WHEN EDM .LT. 1.00e-04
 FCN=0.0626023 FROM MIGRAD    STATUS=INITIATE       12 CALLS          13 TOTAL
                     EDM= unknown      STRATEGY= 1      NO ERROR MATRIX       
  EXT PARAMETER               CURRENT GUESS       STEP         FIRST   
  NO.   NAME      VALUE            ERROR          SIZE      DERIVATIVE 
   1  A_CBO        9.52554e-03   1.00000e-05   1.00000e-05   7.46716e+00
   2  w_CBO        2.32614e+00   1.00000e-02   2.13335e-02  -1.59430e-01
   3  phi_CBO      3.15377e+00   1.00000e-02   3.18313e-03   4.07610e-03
 MIGRAD MINIMIZATION HAS CONVERGED.
 MIGRAD WILL VERIFY CONVERGENCE AND ERROR MATRIX.
 COVARIANCE MATRIX CALCULATED SUCCESSFULLY
 FCN=0.0373153 FROM MIGRAD    STATUS=CONVERGED      49 CALLS          50 TOTAL
                     EDM=4.5256e-05    STRATEGY= 1      ERROR MATRIX ACCURATE 
  EXT PARAMETER                                   STEP         FIRST   
  NO.   NAME      VALUE            ERROR          SIZE      DERIVATIVE 
   1  A_CBO        2.75431e-03   4.29185e-02   2.11757e-05  -3.58903e-03
   2  w_CBO        2.32617e+00   2.89779e-01   4.78443e-05   6.10674e-03
   3  phi_CBO      3.12449e+00   3.72244e+00   2.45268e-03   1.59466e-04
 EXTERNAL ERROR MATRIX.    NDIM=  25    NPAR=  3    ERR DEF=1
  1.842e-03 -1.671e-03 -5.739e-01 
 -1.671e-03  9.759e-02  3.318e+01 
 -5.739e-01  3.318e+01  1.152e+04 
 PARAMETER  CORRELATION COEFFICIENTS  
       NO.  GLOBAL      1      2      3
        1  0.12492   1.000 -0.125 -0.125
        2  0.98954  -0.125  1.000  0.990
        3  0.98954  -0.125  0.990  1.000
setting A_CBO=0.002754 w_CBO=2.326173, phi_CBO=3.124493
done fitting cbo isolate
 **********
 **    1 **SET PRINTOUT            1
 **********
 **********
 **    2 **SET NOWARNINGS 
 **********
 PARAMETER DEFINITIONS:
    NO.   NAME         VALUE      STEP SIZE      LIMITS
     1 N0           2.91088e+06  1.00000e+02     no limits
     2 tau          6.44069e+01  constant
     3 A0           3.51795e-01  1.00000e-04     no limits
     4 phi          4.11585e+00  1.00000e-02     no limits
     5 R           -6.11570e+01  constant
     6 A_CBO        2.75431e-03  1.00000e-05     no limits
     7 w_CBO        2.32617e+00  1.00000e-03     no limits
     8 phi_CBO      3.12449e+00  1.00000e-04     no limits
     9 ANx2         8.59960e-04  constant
    10 pNx2         1.29548e+00  constant
    11 ANy1         0.00000e+00  constant
    12 pNy1         0.00000e+00  constant
    13 w_y          0.00000e+00  constant
    14 ANy2         8.55552e-03  1.00000e-04     no limits
    15 pNy2         3.07836e+00  constant
    16 w_vw         1.43006e+01  constant
    17 LM           1.55944e-04  constant
    18 wCBO_expCoeff   2.00000e+02  1.00000e+00     no limits
    19 wCBO_expOffset   2.00000e+02  1.00000e+00     no limits
    20 wCBO_expT    3.00000e+01  1.00000e+00     no limits
    21 wCBO_linCoeff   0.00000e+00  constant
    22 wCBO_const   0.00000e+00  1.00000e-02     no limits
MINUIT - FIT ONLY WIGGLE
 **********
 **    3 **FIX            5
 **********
 PARAMETER    5  IS CONSTANT.   IGNORED.
 **********
 **    4 **FIX            6
 **********
 **********
 **    5 **FIX            7
 **********
 **********
 **    6 **FIX            8
 **********
 **********
 **    7 **FIX            9
 **********
 PARAMETER    9  IS CONSTANT.   IGNORED.
 **********
 **    8 **FIX           10
 **********
 PARAMETER   10  IS CONSTANT.   IGNORED.
 **********
 **    9 **FIX           11
 **********
 PARAMETER   11  IS CONSTANT.   IGNORED.
 **********
 **   10 **FIX           12
 **********
 PARAMETER   12  IS CONSTANT.   IGNORED.
 **********
 **   11 **FIX           13
 **********
 PARAMETER   13  IS CONSTANT.   IGNORED.
 **********
 **   12 **FIX           14
 **********
 **********
 **   13 **FIX           15
 **********
 PARAMETER   15  IS CONSTANT.   IGNORED.
 **********
 **   14 **FIX           16
 **********
 PARAMETER   16  IS CONSTANT.   IGNORED.
 **********
 **   15 **MIGRAD
 **********
 FIRST CALL TO USER FUNCTION AT NEW START POINT, WITH IFLAG=4.
 START MIGRAD MINIMIZATION.  STRATEGY  1.  CONVERGENCE WHEN EDM .LT. 1.00e-04
 FCN=909.86 FROM MIGRAD    STATUS=INITIATE       58 CALLS          59 TOTAL
                     EDM= unknown      STRATEGY= 1      NO ERROR MATRIX       
  EXT PARAMETER               CURRENT GUESS       STEP         FIRST   
  NO.   NAME      VALUE            ERROR          SIZE      DERIVATIVE 
   1  N0           2.91088e+06   1.00000e+02   0.00000e+00  -1.09550e-03
   2  tau          6.44069e+01   constant   
   3  A0           3.51795e-01   1.00000e-04   0.00000e+00  -3.16075e+03
   4  phi          4.11585e+00   1.00000e-02   0.00000e+00  -3.49225e+02
   5  R           -6.11570e+01   constant   
   6  A_CBO        2.75431e-03     fixed    
   7  w_CBO        2.32617e+00     fixed    
   8  phi_CBO      3.12449e+00     fixed    
   9  ANx2         8.59960e-04   constant   
  10  pNx2         1.29548e+00   constant   
  11  ANy1         0.00000e+00   constant   
  12  pNy1         0.00000e+00   constant   
  13  w_y          0.00000e+00   constant   
  14  ANy2         8.55552e-03     fixed    
  15  pNy2         3.07836e+00   constant   
  16  w_vw         1.43006e+01   constant   
  17  LM           1.55944e-04   constant   
  18  wCBO_expCoeff   1.99975e+02   1.00000e+00  -2.48402e-02   2.33434e+01
  19  wCBO_expOffset   2.00000e+02   1.00000e+00   0.00000e+00   1.53418e+02
  20  wCBO_expT    3.00000e+01   1.00000e+00   0.00000e+00  -3.60725e+03
  21  wCBO_linCoeff   0.00000e+00   constant   
  22  wCBO_const   0.00000e+00   1.00000e-02   0.00000e+00  -1.08906e+04
 MIGRAD MINIMIZATION HAS CONVERGED.
 FCN=901.798 FROM MIGRAD    STATUS=CONVERGED     206 CALLS         207 TOTAL
                     EDM=1.11556e-06    STRATEGY= 1  ERROR MATRIX UNCERTAINTY   1.0 per cent
  EXT PARAMETER                                   STEP         FIRST   
  NO.   NAME      VALUE            ERROR          SIZE      DERIVATIVE 
   1  N0           2.91106e+06   7.68194e+02  -2.02910e+00  -1.46495e-06
   2  tau          6.44069e+01   constant   
   3  A0           3.52002e-01   3.50568e-04   2.61759e-07   9.22938e-01
   4  phi          4.11598e+00   1.04020e-03   6.01720e-07   3.89448e-01
   5  R           -6.11570e+01   constant   
   6  A_CBO        2.75431e-03     fixed    
   7  w_CBO        2.32617e+00     fixed    
   8  phi_CBO      3.12449e+00     fixed    
   9  ANx2         8.59960e-04   constant   
  10  pNx2         1.29548e+00   constant   
  11  ANy1         0.00000e+00   constant   
  12  pNy1         0.00000e+00   constant   
  13  w_y          0.00000e+00   constant   
  14  ANy2         8.55552e-03     fixed    
  15  pNy2         3.07836e+00   constant   
  16  w_vw         1.43006e+01   constant   
  17  LM           1.55944e-04   constant   
  18  wCBO_expCoeff   1.99943e+02   1.57023e-02   4.41166e-05   1.08094e-01
  19  wCBO_expOffset   1.99995e+02   2.31285e-03   6.26944e-06   2.24406e+00
  20  wCBO_expT    3.00041e+01   2.21875e-03  -5.80638e-06   2.98985e+00
  21  wCBO_linCoeff   0.00000e+00   constant   
  22  wCBO_const  -9.37480e-05   5.63847e-04   1.11953e-06   2.80643e+00
 EXTERNAL ERROR MATRIX.    NDIM=  25    NPAR=  7    ERR DEF=1
  5.901e+05 -3.300e-04  1.019e-02  4.383e-01  1.044e-01 -5.388e-02 -6.118e-03 
 -3.300e-04  1.229e-07 -4.905e-09 -5.216e-08 -1.297e-08  1.425e-08 -1.546e-09 
  1.019e-02 -4.905e-09  1.082e-06 -7.911e-07 -1.314e-07  1.429e-07 -5.227e-08 
  4.383e-01 -5.216e-08 -7.911e-07  2.466e-04  3.357e-05 -3.354e-05  5.701e-06 
  1.044e-01 -1.297e-08 -1.314e-07  3.357e-05  5.349e-06 -4.944e-06  8.397e-07 
 -5.388e-02  1.425e-08  1.429e-07 -3.354e-05 -4.944e-06  4.923e-06 -9.543e-07 
 -6.118e-03 -1.546e-09 -5.227e-08  5.701e-06  8.397e-07 -9.543e-07  3.179e-07 
 PARAMETER  CORRELATION COEFFICIENTS  
       NO.  GLOBAL      1      3      4     18     19     20     22
        1  0.11534   1.000 -0.001  0.013  0.036  0.059 -0.032 -0.014
        3  0.05921  -0.001  1.000 -0.013 -0.009 -0.016  0.018 -0.008
        4  0.09328   0.013 -0.013  1.000 -0.048 -0.055  0.062 -0.089
       18  0.97825   0.036 -0.009 -0.048  1.000  0.924 -0.963  0.644
       19  0.97900   0.059 -0.016 -0.055  0.924  1.000 -0.963  0.644
       20  0.99436  -0.032  0.018  0.062 -0.963 -0.963  1.000 -0.763
       22  0.90637  -0.014 -0.008 -0.089  0.644  0.644 -0.763  1.000
MINUIT - FIT ONLY 1-CBO + other amplitudes 
 **********
 **   16 **RES 
 **********
                   PARAMETER   14  ANy2 RESTORED TO VARIABLE.
                   PARAMETER    8  phi_CBO RESTORED TO VARIABLE.
                   PARAMETER    7  w_CBO RESTORED TO VARIABLE.
                   PARAMETER    6  A_CBO RESTORED TO VARIABLE.
 **********
 **   17 **FIX            0
 **********
 PARAMETER    0  IS UNDEFINED. IGNORED.
 **********
 **   18 **FIX            1
 **********
 **********
 **   19 **FIX            2
 **********
 PARAMETER    2  IS CONSTANT.   IGNORED.
 **********
 **   20 **FIX            3
 **********
 **********
 **   21 **FIX            4
 **********
 **********
 **   22 **FIX            9
 **********
 PARAMETER    9  IS CONSTANT.   IGNORED.
 **********
 **   23 **FIX           11
 **********
 PARAMETER   11  IS CONSTANT.   IGNORED.
 **********
 **   24 **FIX           12
 **********
 PARAMETER   12  IS CONSTANT.   IGNORED.
 **********
 **   25 **FIX           14
 **********
 **********
 **   26 **FIX           15
 **********
 PARAMETER   15  IS CONSTANT.   IGNORED.
 **********
 **   27 **FIX           16
 **********
 PARAMETER   16  IS CONSTANT.   IGNORED.
 **********
 **   28 **MIGRAD
 **********
 START MIGRAD MINIMIZATION.  STRATEGY  1.  CONVERGENCE WHEN EDM .LT. 1.00e-04
 FCN=901.798 FROM MIGRAD    STATUS=INITIATE       22 CALLS         229 TOTAL
                     EDM= unknown      STRATEGY= 1      NO ERROR MATRIX       
  EXT PARAMETER               CURRENT GUESS       STEP         FIRST   
  NO.   NAME      VALUE            ERROR          SIZE      DERIVATIVE 
   1  N0           2.91106e+06     fixed    
   2  tau          6.44069e+01   constant   
   3  A0           3.52002e-01     fixed    
   4  phi          4.11598e+00     fixed    
   5  R           -6.11570e+01   constant   
   6  A_CBO        2.75431e-03   1.00000e-05   1.00000e-05   3.12066e+04
   7  w_CBO        2.32617e+00   1.00000e-03   1.00000e-03   1.05627e+01
   8  phi_CBO      3.12449e+00   1.00000e-04   1.00000e-04   1.50814e+00
   9  ANx2         8.59960e-04   constant   
  10  pNx2         1.29548e+00   constant   
  11  ANy1         0.00000e+00   constant   
  12  pNy1         0.00000e+00   constant   
  13  w_y          0.00000e+00   constant   
  14  ANy2         8.55552e-03     fixed    
  15  pNy2         3.07836e+00   constant   
  16  w_vw         1.43006e+01   constant   
  17  LM           1.55944e-04   constant   
  18  wCBO_expCoeff   1.99943e+02   1.57023e-02   4.41166e-05   1.08094e-01
  19  wCBO_expOffset   1.99995e+02   2.31285e-03   6.26944e-06   2.24406e+00
  20  wCBO_expT    3.00041e+01   2.21875e-03  -5.80638e-06   2.98985e+00
  21  wCBO_linCoeff   0.00000e+00   constant   
  22  wCBO_const  -9.37480e-05   5.63847e-04   1.11953e-06   2.80643e+00
 MIGRAD MINIMIZATION HAS CONVERGED.
 MIGRAD WILL VERIFY CONVERGENCE AND ERROR MATRIX.
 COVARIANCE MATRIX CALCULATED SUCCESSFULLY
 FCN=867.07 FROM MIGRAD    STATUS=CONVERGED     207 CALLS         414 TOTAL
                     EDM=1.29621e-06    STRATEGY= 1      ERROR MATRIX ACCURATE 
  EXT PARAMETER                                   STEP         FIRST   
  NO.   NAME      VALUE            ERROR          SIZE      DERIVATIVE 
   1  N0           2.91106e+06     fixed    
   2  tau          6.44069e+01   constant   
   3  A0           3.52002e-01     fixed    
   4  phi          4.11598e+00     fixed    
   5  R           -6.11570e+01   constant   
   6  A_CBO        5.17868e-04   3.84739e-04   5.36094e-06  -3.57664e-01
   7  w_CBO        2.32617e+00   1.16347e-03   1.10920e-06   1.46194e+01
   8  phi_CBO      3.15120e+00   7.84457e-01   1.04164e-02   9.83495e-04
   9  ANx2         8.59960e-04   constant   
  10  pNx2         1.29548e+00   constant   
  11  ANy1         0.00000e+00   constant   
  12  pNy1         0.00000e+00   constant   
  13  w_y          0.00000e+00   constant   
  14  ANy2         8.55552e-03     fixed    
  15  pNy2         3.07836e+00   constant   
  16  w_vw         1.43006e+01   constant   
  17  LM           1.55944e-04   constant   
  18  wCBO_expCoeff   1.99943e+02   1.02034e-01   9.53404e-05   1.63922e-01
  19  wCBO_expOffset   1.99995e+02   7.50233e-03   9.53652e-05   1.09046e+00
  20  wCBO_expT    3.00046e+01   2.50280e-03   1.43073e-05   2.45325e+00
  21  wCBO_linCoeff   0.00000e+00   constant   
  22  wCBO_const  -4.95711e-04   7.37126e-04   4.14286e-06   1.24888e+00
 EXTERNAL ERROR MATRIX.    NDIM=  25    NPAR=  7    ERR DEF=1
  1.480e-07  5.759e-09 -1.163e-05  7.680e-07 -2.344e-07 -3.394e-08  3.137e-08 
  5.759e-09  1.354e-06  1.297e-05 -9.724e-05 -1.887e-06 -4.494e-07 -5.117e-07 
 -1.163e-05  1.297e-05  6.154e-01  1.494e-03 -9.751e-05 -1.990e-05  1.765e-05 
  7.680e-07 -9.724e-05  1.494e-03  1.041e-02 -2.050e-04 -4.720e-05  4.900e-05 
 -2.344e-07 -1.887e-06 -9.751e-05 -2.050e-04  5.628e-05 -2.770e-07  7.750e-07 
 -3.394e-08 -4.494e-07 -1.990e-05 -4.720e-05 -2.770e-07  6.264e-06 -8.986e-07 
  3.137e-08 -5.117e-07  1.765e-05  4.900e-05  7.750e-07 -8.986e-07  5.434e-07 
 PARAMETER  CORRELATION COEFFICIENTS  
       NO.  GLOBAL      6      7      8     18     19     20     22
        6  0.24899   1.000  0.013 -0.039  0.020 -0.081 -0.035  0.111
        7  0.99851   0.013  1.000  0.014 -0.819 -0.216 -0.154 -0.597
        8  0.39467  -0.039  0.014  1.000  0.019 -0.017 -0.010  0.031
       18  0.99835   0.020 -0.819  0.019  1.000 -0.268 -0.185  0.651
       19  0.99312  -0.081 -0.216 -0.017 -0.268  1.000 -0.015  0.140
       20  0.99026  -0.035 -0.154 -0.010 -0.185 -0.015  1.000 -0.487
       22  0.92072   0.111 -0.597  0.031  0.651  0.140 -0.487  1.000
MINUIT - FIT ONLY 1-CBO
 **********
 **   29 **RES 
 **********
                   PARAMETER   14  ANy2 RESTORED TO VARIABLE.
                   PARAMETER    4  phi RESTORED TO VARIABLE.
                   PARAMETER    3  A0 RESTORED TO VARIABLE.
                   PARAMETER    1  N0 RESTORED TO VARIABLE.
 **********
 **   30 **FIX            0
 **********
 PARAMETER    0  IS UNDEFINED. IGNORED.
 **********
 **   31 **FIX            1
 **********
 **********
 **   32 **FIX            2
 **********
 PARAMETER    2  IS CONSTANT.   IGNORED.
 **********
 **   33 **FIX            3
 **********
 **********
 **   34 **FIX            4
 **********
 **********
 **   35 **FIX            8
 **********
 **********
 **   36 **FIX            9
 **********
 PARAMETER    9  IS CONSTANT.   IGNORED.
 **********
 **   37 **FIX           11
 **********
 PARAMETER   11  IS CONSTANT.   IGNORED.
 **********
 **   38 **FIX           12
 **********
 PARAMETER   12  IS CONSTANT.   IGNORED.
 **********
 **   39 **FIX           13
 **********
 PARAMETER   13  IS CONSTANT.   IGNORED.
 **********
 **   40 **FIX           15
 **********
 PARAMETER   15  IS CONSTANT.   IGNORED.
 **********
 **   41 **FIX           16
 **********
 PARAMETER   16  IS CONSTANT.   IGNORED.
 **********
 **   42 **MIGRAD
 **********
 START MIGRAD MINIMIZATION.  STRATEGY  1.  CONVERGENCE WHEN EDM .LT. 1.00e-04
 FCN=867.07 FROM MIGRAD    STATUS=INITIATE       16 CALLS         430 TOTAL
                     EDM= unknown      STRATEGY= 1      NO ERROR MATRIX       
  EXT PARAMETER               CURRENT GUESS       STEP         FIRST   
  NO.   NAME      VALUE            ERROR          SIZE      DERIVATIVE 
   1  N0           2.91106e+06     fixed    
   2  tau          6.44069e+01   constant   
   3  A0           3.52002e-01     fixed    
   4  phi          4.11598e+00     fixed    
   5  R           -6.11570e+01   constant   
   6  A_CBO        5.17868e-04   3.84739e-04   5.36094e-06  -3.57665e-01
   7  w_CBO        2.32617e+00   1.16347e-03   1.10920e-06   1.45042e+01
   8  phi_CBO      3.15120e+00     fixed    
   9  ANx2         8.59960e-04   constant   
  10  pNx2         1.29548e+00   constant   
  11  ANy1         0.00000e+00   constant   
  12  pNy1         0.00000e+00   constant   
  13  w_y          0.00000e+00   constant   
  14  ANy2         8.55552e-03   1.00000e-04   1.00000e-04   1.20666e+05
  15  pNy2         3.07836e+00   constant   
  16  w_vw         1.43006e+01   constant   
  17  LM           1.55944e-04   constant   
  18  wCBO_expCoeff   1.99943e+02   1.02034e-01   9.53404e-05   1.62834e-01
  19  wCBO_expOffset   1.99995e+02   7.50233e-03   9.53652e-05   6.66254e-01
  20  wCBO_expT    3.00046e+01   2.50280e-03   1.43073e-05   2.27909e+00
  21  wCBO_linCoeff   0.00000e+00   constant   
  22  wCBO_const  -4.95711e-04   7.37126e-04   4.14286e-06   1.23587e+00
 MIGRAD MINIMIZATION HAS CONVERGED.
 MIGRAD WILL VERIFY CONVERGENCE AND ERROR MATRIX.
 FCN=357.97 FROM MIGRAD    STATUS=CONVERGED     214 CALLS         628 TOTAL
                     EDM=1.64408e-06    STRATEGY= 1      ERR MATRIX NOT POS-DEF
  EXT PARAMETER                APPROXIMATE        STEP         FIRST   
  NO.   NAME      VALUE            ERROR          SIZE      DERIVATIVE 
   1  N0           2.91106e+06     fixed    
   2  tau          6.44069e+01   constant   
   3  A0           3.52002e-01     fixed    
   4  phi          4.11598e+00     fixed    
   5  R           -6.11570e+01   constant   
   6  A_CBO       -2.27650e-05   3.82453e-04   3.42770e-06  -7.27815e-01
   7  w_CBO        2.32588e+00   6.76017e-04   1.10906e-06   1.36655e+01
   8  phi_CBO      3.15120e+00     fixed    
   9  ANx2         8.59960e-04   constant   
  10  pNx2         1.29548e+00   constant   
  11  ANy1         0.00000e+00   constant   
  12  pNy1         0.00000e+00   constant   
  13  w_y          0.00000e+00   constant   
  14  ANy2         1.01190e-04   3.67781e-04   3.44896e-06  -4.36803e-01
  15  pNy2         3.07836e+00   constant   
  16  w_vw         1.43006e+01   constant   
  17  LM           1.55944e-04   constant   
  18  wCBO_expCoeff   1.99915e+02   6.51484e-02   9.53269e-05   1.53014e-01
  19  wCBO_expOffset   1.99991e+02   1.72298e-02   9.53631e-05   1.02268e+00
  20  wCBO_expT    3.00096e+01   2.67296e-03   1.43097e-05   2.80349e+00
  21  wCBO_linCoeff   0.00000e+00   constant   
  22  wCBO_const  -7.90822e-04   6.04614e-04   3.51205e-06   1.18114e+00
 EXTERNAL ERROR MATRIX.    NDIM=  25    NPAR=  7    ERR DEF=1
  1.463e-07 -1.660e-08  1.021e-08 -1.759e-06  1.188e-06 -3.048e-07  2.559e-08 
 -1.660e-08  4.570e-07 -5.516e-09  1.426e-05 -8.549e-06  2.528e-07 -2.110e-07 
  1.021e-08 -5.516e-09  1.353e-07 -5.588e-07  3.121e-07 -6.224e-08  1.145e-09 
 -1.759e-06  1.426e-05 -5.588e-07  4.244e-03 -8.765e-04  2.789e-05 -8.561e-06 
  1.188e-06 -8.549e-06  3.121e-07 -8.765e-04  2.969e-04 -2.377e-05  5.251e-06 
 -3.048e-07  2.528e-07 -6.224e-08  2.789e-05 -2.377e-05  7.145e-06 -7.494e-07 
  2.559e-08 -2.110e-07  1.145e-09 -8.561e-06  5.251e-06 -7.494e-07  3.656e-07 
ERR MATRIX NOT POS-DEF
 PARAMETER  CORRELATION COEFFICIENTS  
       NO.  GLOBAL      6      7     14     18     19     20     22
        6  0.30802   1.000 -0.064  0.073 -0.071  0.180 -0.298  0.111
        7  0.98968  -0.064  1.000 -0.022  0.324 -0.734  0.140 -0.516
       14  0.09375   0.073 -0.022  1.000 -0.023  0.049 -0.063  0.005
       18  0.99050  -0.071  0.324 -0.023  1.000 -0.781  0.160 -0.217
       19  0.99695   0.180 -0.734  0.049 -0.781  1.000 -0.516  0.504
       20  0.98044  -0.298  0.140 -0.063  0.160 -0.516  1.000 -0.464
       22  0.78709   0.111 -0.516  0.005 -0.217  0.504 -0.464  1.000
 ERR MATRIX NOT POS-DEF
MINUIT - FIT ONLY 2-CBO
 **********
 **   43 **RES 
 **********
                   PARAMETER    8  phi_CBO RESTORED TO VARIABLE.
                   PARAMETER    4  phi RESTORED TO VARIABLE.
                   PARAMETER    3  A0 RESTORED TO VARIABLE.
                   PARAMETER    1  N0 RESTORED TO VARIABLE.
 **********
 **   44 **FIX            0
 **********
 PARAMETER    0  IS UNDEFINED. IGNORED.
 **********
 **   45 **FIX            1
 **********
 **********
 **   46 **FIX            2
 **********
 PARAMETER    2  IS CONSTANT.   IGNORED.
 **********
 **   47 **FIX            3
 **********
 **********
 **   48 **FIX            4
 **********
 **********
 **   49 **FIX            5
 **********
 PARAMETER    5  IS CONSTANT.   IGNORED.
 **********
 **   50 **FIX            6
 **********
 **********
 **   51 **FIX            7
 **********
 **********
 **   52 **FIX           10
 **********
 PARAMETER   10  IS CONSTANT.   IGNORED.
 **********
 **   53 **FIX           11
 **********
 PARAMETER   11  IS CONSTANT.   IGNORED.
 **********
 **   54 **FIX           12
 **********
 PARAMETER   12  IS CONSTANT.   IGNORED.
 **********
 **   55 **FIX           13
 **********
 PARAMETER   13  IS CONSTANT.   IGNORED.
 **********
 **   56 **FIX           14
 **********
 **********
 **   57 **FIX           15
 **********
 PARAMETER   15  IS CONSTANT.   IGNORED.
 **********
 **   58 **FIX           16
 **********
 PARAMETER   16  IS CONSTANT.   IGNORED.
 **********
 **   59 **MIGRAD
 **********
 START MIGRAD MINIMIZATION.  STRATEGY  1.  CONVERGENCE WHEN EDM .LT. 1.00e-04
 FCN=357.97 FROM MIGRAD    STATUS=INITIATE       12 CALLS         640 TOTAL
                     EDM= unknown      STRATEGY= 1      NO ERROR MATRIX       
  EXT PARAMETER               CURRENT GUESS       STEP         FIRST   
  NO.   NAME      VALUE            ERROR          SIZE      DERIVATIVE 
   1  N0           2.91106e+06     fixed    
   2  tau          6.44069e+01   constant   
   3  A0           3.52002e-01     fixed    
   4  phi          4.11598e+00     fixed    
   5  R           -6.11570e+01   constant   
   6  A_CBO       -2.27650e-05     fixed    
   7  w_CBO        2.32588e+00     fixed    
   8  phi_CBO      3.15120e+00   7.84457e-01   7.84457e-01   4.79786e-02
   9  ANx2         8.59960e-04   constant   
  10  pNx2         1.29548e+00   constant   
  11  ANy1         0.00000e+00   constant   
  12  pNy1         0.00000e+00   constant   
  13  w_y          0.00000e+00   constant   
  14  ANy2         1.01190e-04     fixed    
  15  pNy2         3.07836e+00   constant   
  16  w_vw         1.43006e+01   constant   
  17  LM           1.55944e-04   constant   
  18  wCBO_expCoeff   1.99915e+02   6.51484e-02   9.53269e-05   1.54954e-01
  19  wCBO_expOffset   1.99991e+02   1.72298e-02   9.53631e-05   1.77933e+00
  20  wCBO_expT    3.00096e+01   2.67296e-03   1.43097e-05   2.90049e+00
  21  wCBO_linCoeff   0.00000e+00   constant   
  22  wCBO_const  -7.90822e-04   6.04614e-04   3.51205e-06   1.18452e+00
 MIGRAD MINIMIZATION HAS CONVERGED.
 MIGRAD WILL VERIFY CONVERGENCE AND ERROR MATRIX.
 FCN=357.929 FROM MIGRAD    STATUS=CONVERGED     144 CALLS         772 TOTAL
                     EDM=1.46269e-06    STRATEGY= 1      ERR MATRIX NOT POS-DEF
  EXT PARAMETER                APPROXIMATE        STEP         FIRST   
  NO.   NAME      VALUE            ERROR          SIZE      DERIVATIVE 
   1  N0           2.91106e+06     fixed    
   2  tau          6.44069e+01   constant   
   3  A0           3.52002e-01     fixed    
   4  phi          4.11598e+00     fixed    
   5  R           -6.11570e+01   constant   
   6  A_CBO       -2.27650e-05     fixed    
   7  w_CBO        2.32588e+00     fixed    
   8  phi_CBO     -3.59885e+01   6.38546e+00   5.93147e-02   1.10051e-04
   9  ANx2         8.59960e-04   constant   
  10  pNx2         1.29548e+00   constant   
  11  ANy1         0.00000e+00   constant   
  12  pNy1         0.00000e+00   constant   
  13  w_y          0.00000e+00   constant   
  14  ANy2         1.01190e-04     fixed    
  15  pNy2         3.07836e+00   constant   
  16  w_vw         1.43006e+01   constant   
  17  LM           1.55944e-04   constant   
  18  wCBO_expCoeff   1.99916e+02   9.28365e-02   9.53274e-05  -2.86720e-02
  19  wCBO_expOffset   1.99991e+02   1.81815e-02   9.53632e-05  -1.83494e-01
  20  wCBO_expT    3.00094e+01   3.13440e-03   1.43096e-05   4.89044e-02
  21  wCBO_linCoeff   0.00000e+00   constant   
  22  wCBO_const  -7.79470e-04   5.39416e-04   3.51258e-06   2.48841e-02
 EXTERNAL ERROR MATRIX.    NDIM=  25    NPAR=  5    ERR DEF=1
  4.077e+01  4.262e-02 -1.325e-02  2.953e-03 -2.112e-04 
  4.262e-02  8.619e-03 -1.566e-03  1.203e-04 -9.783e-06 
 -1.325e-02 -1.566e-03  3.306e-04 -4.063e-05  3.039e-06 
  2.953e-03  1.203e-04 -4.063e-05  9.824e-06 -8.777e-07 
 -2.112e-04 -9.783e-06  3.039e-06 -8.777e-07  2.910e-07 
ERR MATRIX NOT POS-DEF
 PARAMETER  CORRELATION COEFFICIENTS  
       NO.  GLOBAL      8     18     19     20     22
        8  0.14912   1.000  0.072 -0.114  0.148 -0.061
       18  0.99534   0.072  1.000 -0.928  0.414 -0.195
       19  0.99726  -0.114 -0.928  1.000 -0.713  0.310
       20  0.98580   0.148  0.414 -0.713  1.000 -0.519
       22  0.72077  -0.061 -0.195  0.310 -0.519  1.000
 ERR MATRIX NOT POS-DEF
MINUIT - FIT ONLY 1-y
 **********
 **   60 **RES 
 **********
                   PARAMETER   14  ANy2 RESTORED TO VARIABLE.
                   PARAMETER    7  w_CBO RESTORED TO VARIABLE.
                   PARAMETER    6  A_CBO RESTORED TO VARIABLE.
                   PARAMETER    4  phi RESTORED TO VARIABLE.
                   PARAMETER    3  A0 RESTORED TO VARIABLE.
                   PARAMETER    1  N0 RESTORED TO VARIABLE.
 **********
 **   61 **FIX            0
 **********
 PARAMETER    0  IS UNDEFINED. IGNORED.
 **********
 **   62 **FIX            1
 **********
 **********
 **   63 **FIX            2
 **********
 PARAMETER    2  IS CONSTANT.   IGNORED.
 **********
 **   64 **FIX            3
 **********
 **********
 **   65 **FIX            4
 **********
 **********
 **   66 **FIX            5
 **********
 PARAMETER    5  IS CONSTANT.   IGNORED.
 **********
 **   67 **FIX            6
 **********
 **********
 **   68 **FIX            7
 **********
 **********
 **   69 **FIX            8
 **********
 **********
 **   70 **FIX            9
 **********
 PARAMETER    9  IS CONSTANT.   IGNORED.
 **********
 **   71 **FIX           13
 **********
 PARAMETER   13  IS CONSTANT.   IGNORED.
 **********
 **   72 **FIX           14
 **********
 **********
 **   73 **FIX           15
 **********
 PARAMETER   15  IS CONSTANT.   IGNORED.
 **********
 **   74 **FIX           16
 **********
 PARAMETER   16  IS CONSTANT.   IGNORED.
 **********
 **   75 **MIGRAD
 **********
 START MIGRAD MINIMIZATION.  STRATEGY  1.  CONVERGENCE WHEN EDM .LT. 1.00e-04
 FCN=357.929 FROM MIGRAD    STATUS=INITIATE        8 CALLS         780 TOTAL
                     EDM= unknown      STRATEGY= 1      NO ERROR MATRIX       
  EXT PARAMETER               CURRENT GUESS       STEP         FIRST   
  NO.   NAME      VALUE            ERROR          SIZE      DERIVATIVE 
   1  N0           2.91106e+06     fixed    
   2  tau          6.44069e+01   constant   
   3  A0           3.52002e-01     fixed    
   4  phi          4.11598e+00     fixed    
   5  R           -6.11570e+01   constant   
   6  A_CBO       -2.27650e-05     fixed    
   7  w_CBO        2.32588e+00     fixed    
   8  phi_CBO     -3.59885e+01     fixed    
   9  ANx2         8.59960e-04   constant   
  10  pNx2         1.29548e+00   constant   
  11  ANy1         0.00000e+00   constant   
  12  pNy1         0.00000e+00   constant   
  13  w_y          0.00000e+00   constant   
  14  ANy2         1.01190e-04     fixed    
  15  pNy2         3.07836e+00   constant   
  16  w_vw         1.43006e+01   constant   
  17  LM           1.55944e-04   constant   
  18  wCBO_expCoeff   1.99916e+02   9.28365e-02   9.53274e-05  -2.61013e-02
  19  wCBO_expOffset   1.99991e+02   1.81815e-02   9.53632e-05   5.76022e-01
  20  wCBO_expT    3.00094e+01   3.13440e-03   1.43096e-05   1.76953e-01
  21  wCBO_linCoeff   0.00000e+00   constant   
  22  wCBO_const  -7.79470e-04   5.39416e-04   3.51258e-06   2.54032e-02
 MIGRAD FAILS TO FIND IMPROVEMENT
 FCN=357.929 FROM HESSE     STATUS=NOT POSDEF     29 CALLS         813 TOTAL
                     EDM=5.25166e-07    STRATEGY= 1      ERR MATRIX NOT POS-DEF
  EXT PARAMETER                APPROXIMATE        STEP         FIRST   
  NO.   NAME      VALUE            ERROR          SIZE      DERIVATIVE 
   1  N0           2.91106e+06     fixed    
   2  tau          6.44069e+01   constant   
   3  A0           3.52002e-01     fixed    
   4  phi          4.11598e+00     fixed    
   5  R           -6.11570e+01   constant   
   6  A_CBO       -2.27650e-05     fixed    
   7  w_CBO        2.32588e+00     fixed    
   8  phi_CBO     -3.59885e+01     fixed    
   9  ANx2         8.59960e-04   constant   
  10  pNx2         1.29548e+00   constant   
  11  ANy1         0.00000e+00   constant   
  12  pNy1         0.00000e+00   constant   
  13  w_y          0.00000e+00   constant   
  14  ANy2         1.01190e-04     fixed    
  15  pNy2         3.07836e+00   constant   
  16  w_vw         1.43006e+01   constant   
  17  LM           1.55944e-04   constant   
  18  wCBO_expCoeff   1.99916e+02   9.30989e-02   9.53274e-05  -2.86720e-02
  19  wCBO_expOffset   1.99991e+02   1.81687e-02   9.53632e-05  -1.83494e-01
  20  wCBO_expT    3.00094e+01   3.10903e-03   1.43096e-05   4.89044e-02
  21  wCBO_linCoeff   0.00000e+00   constant   
  22  wCBO_const  -7.79470e-04   5.38653e-04   1.40503e-06   2.48909e-02
 MIGRAD FAILS TO FIND IMPROVEMENT
 MIGRAD MINIMIZATION HAS CONVERGED.
 MIGRAD WILL VERIFY CONVERGENCE AND ERROR MATRIX.
 FCN=357.929 FROM MIGRAD    STATUS=CONVERGED     111 CALLS         883 TOTAL
                     EDM=5.81935e-06    STRATEGY= 1      ERR MATRIX NOT POS-DEF
  EXT PARAMETER                APPROXIMATE        STEP         FIRST   
  NO.   NAME      VALUE            ERROR          SIZE      DERIVATIVE 
   1  N0           2.91106e+06     fixed    
   2  tau          6.44069e+01   constant   
   3  A0           3.52002e-01     fixed    
   4  phi          4.11598e+00     fixed    
   5  R           -6.11570e+01   constant   
   6  A_CBO       -2.27650e-05     fixed    
   7  w_CBO        2.32588e+00     fixed    
   8  phi_CBO     -3.59885e+01     fixed    
   9  ANx2         8.59960e-04   constant   
  10  pNx2         1.29548e+00   constant   
  11  ANy1         0.00000e+00   constant   
  12  pNy1         0.00000e+00   constant   
  13  w_y          0.00000e+00   constant   
  14  ANy2         1.01190e-04     fixed    
  15  pNy2         3.07836e+00   constant   
  16  w_vw         1.43006e+01   constant   
  17  LM           1.55944e-04   constant   
  18  wCBO_expCoeff   1.99916e+02   9.30720e-02   9.53274e-05   2.65727e-03
  19  wCBO_expOffset   1.99991e+02   1.81587e-02   9.53632e-05   2.09392e-01
  20  wCBO_expT    3.00094e+01   3.10823e-03   1.43096e-05   4.32180e-02
  21  wCBO_linCoeff   0.00000e+00   constant   
  22  wCBO_const  -7.79189e-04   5.38787e-04   3.51233e-06  -4.54123e-01
 EXTERNAL ERROR MATRIX.    NDIM=  25    NPAR=  4    ERR DEF=1
  8.662e-03 -1.570e-03  1.190e-04 -9.706e-06 
 -1.570e-03  3.297e-04 -4.005e-05  3.002e-06 
  1.190e-04 -4.005e-05  9.661e-06 -8.669e-07 
 -9.706e-06  3.002e-06 -8.669e-07  2.903e-07 
ERR MATRIX NOT POS-DEF
 PARAMETER  CORRELATION COEFFICIENTS  
       NO.  GLOBAL     18     19     20     22
       18  0.99537   1.000 -0.929  0.411 -0.194
       19  0.99726  -0.929  1.000 -0.710  0.307
       20  0.98557   0.411 -0.710  1.000 -0.518
       22  0.71997  -0.194  0.307 -0.518  1.000
 ERR MATRIX NOT POS-DEF
MINUIT - FIT ONLY 2-y
 **********
 **   76 **RES 
 **********
                   PARAMETER   14  ANy2 RESTORED TO VARIABLE.
                   PARAMETER    8  phi_CBO RESTORED TO VARIABLE.
                   PARAMETER    7  w_CBO RESTORED TO VARIABLE.
                   PARAMETER    6  A_CBO RESTORED TO VARIABLE.
                   PARAMETER    4  phi RESTORED TO VARIABLE.
                   PARAMETER    3  A0 RESTORED TO VARIABLE.
                   PARAMETER    1  N0 RESTORED TO VARIABLE.
 **********
 **   77 **FIX            0
 **********
 PARAMETER    0  IS UNDEFINED. IGNORED.
 **********
 **   78 **FIX            1
 **********
 **********
 **   79 **FIX            2
 **********
 PARAMETER    2  IS CONSTANT.   IGNORED.
 **********
 **   80 **FIX            3
 **********
 **********
 **   81 **FIX            4
 **********
 **********
 **   82 **FIX            5
 **********
 PARAMETER    5  IS CONSTANT.   IGNORED.
 **********
 **   83 **FIX            6
 **********
 **********
 **   84 **FIX            7
 **********
 **********
 **   85 **FIX            8
 **********
 **********
 **   86 **FIX            9
 **********
 PARAMETER    9  IS CONSTANT.   IGNORED.
 **********
 **   87 **FIX           10
 **********
 PARAMETER   10  IS CONSTANT.   IGNORED.
 **********
 **   88 **FIX           11
 **********
 PARAMETER   11  IS CONSTANT.   IGNORED.
 **********
 **   89 **FIX           12
 **********
 PARAMETER   12  IS CONSTANT.   IGNORED.
 **********
 **   90 **FIX           16
 **********
 PARAMETER   16  IS CONSTANT.   IGNORED.
 **********
 **   91 **MIGRAD
 **********
 START MIGRAD MINIMIZATION.  STRATEGY  1.  CONVERGENCE WHEN EDM .LT. 1.00e-04
 FCN=357.929 FROM MIGRAD    STATUS=INITIATE       10 CALLS         893 TOTAL
                     EDM= unknown      STRATEGY= 1      NO ERROR MATRIX       
  EXT PARAMETER               CURRENT GUESS       STEP         FIRST   
  NO.   NAME      VALUE            ERROR          SIZE      DERIVATIVE 
   1  N0           2.91106e+06     fixed    
   2  tau          6.44069e+01   constant   
   3  A0           3.52002e-01     fixed    
   4  phi          4.11598e+00     fixed    
   5  R           -6.11570e+01   constant   
   6  A_CBO       -2.27650e-05     fixed    
   7  w_CBO        2.32588e+00     fixed    
   8  phi_CBO     -3.59885e+01     fixed    
   9  ANx2         8.59960e-04   constant   
  10  pNx2         1.29548e+00   constant   
  11  ANy1         0.00000e+00   constant   
  12  pNy1         0.00000e+00   constant   
  13  w_y          0.00000e+00   constant   
  14  ANy2         1.01190e-04   3.67781e-04   3.67781e-04  -1.54472e+01
  15  pNy2         3.07836e+00   constant   
  16  w_vw         1.43006e+01   constant   
  17  LM           1.55944e-04   constant   
  18  wCBO_expCoeff   1.99916e+02   9.30720e-02   9.53274e-05   5.22557e-03
  19  wCBO_expOffset   1.99991e+02   1.81587e-02   9.53632e-05   7.84040e-01
  20  wCBO_expT    3.00094e+01   3.10823e-03   1.43096e-05   1.40108e-01
  21  wCBO_linCoeff   0.00000e+00   constant   
  22  wCBO_const  -7.79189e-04   5.38787e-04   3.51233e-06  -4.50892e-01
 MIGRAD MINIMIZATION HAS CONVERGED.
 MIGRAD WILL VERIFY CONVERGENCE AND ERROR MATRIX.
 FCN=357.929 FROM MIGRAD    STATUS=CONVERGED      57 CALLS         940 TOTAL
                     EDM=5.82529e-07    STRATEGY= 1      ERR MATRIX NOT POS-DEF
  EXT PARAMETER                APPROXIMATE        STEP         FIRST   
  NO.   NAME      VALUE            ERROR          SIZE      DERIVATIVE 
   1  N0           2.91106e+06     fixed    
   2  tau          6.44069e+01   constant   
   3  A0           3.52002e-01     fixed    
   4  phi          4.11598e+00     fixed    
   5  R           -6.11570e+01   constant   
   6  A_CBO       -2.27650e-05     fixed    
   7  w_CBO        2.32588e+00     fixed    
   8  phi_CBO     -3.59885e+01     fixed    
   9  ANx2         8.59960e-04   constant   
  10  pNx2         1.29548e+00   constant   
  11  ANy1         0.00000e+00   constant   
  12  pNy1         0.00000e+00   constant   
  13  w_y          0.00000e+00   constant   
  14  ANy2         1.02194e-04   3.68036e-04   3.44876e-06  -9.77003e-01
  15  pNy2         3.07836e+00   constant   
  16  w_vw         1.43006e+01   constant   
  17  LM           1.55944e-04   constant   
  18  wCBO_expCoeff   1.99916e+02   9.30343e-02   9.53274e-05  -1.11671e-01
  19  wCBO_expOffset   1.99991e+02   1.81662e-02   9.53632e-05  -7.40571e-01
  20  wCBO_expT    3.00094e+01   3.11203e-03   1.43096e-05  -1.77404e+00
  21  wCBO_linCoeff   0.00000e+00   constant   
  22  wCBO_const  -7.79159e-04   5.38699e-04   3.51234e-06  -1.41202e+00
 EXTERNAL ERROR MATRIX.    NDIM=  25    NPAR=  5    ERR DEF=1
  1.355e-07 -1.220e-06  3.496e-07 -6.548e-08 -4.587e-10 
 -1.220e-06  8.655e-03 -1.570e-03  1.193e-04 -9.677e-06 
  3.496e-07 -1.570e-03  3.300e-04 -4.016e-05  2.995e-06 
 -6.548e-08  1.193e-04 -4.016e-05  9.685e-06 -8.658e-07 
 -4.587e-10 -9.677e-06  2.995e-06 -8.658e-07  2.902e-07 
ERR MATRIX NOT POS-DEF
 PARAMETER  CORRELATION COEFFICIENTS  
       NO.  GLOBAL     14     18     19     20     22
       14  0.06959   1.000 -0.036  0.052 -0.057 -0.002
       18  0.99536  -0.036  1.000 -0.929  0.412 -0.193
       19  0.99726   0.052 -0.929  1.000 -0.710  0.306
       20  0.98560  -0.057  0.412 -0.710  1.000 -0.516
       22  0.71987  -0.002 -0.193  0.306 -0.516  1.000
 ERR MATRIX NOT POS-DEF
MINUIT - FIT ALTOGETHER
 **********
 **   92 **RES 
 **********
                   PARAMETER    8  phi_CBO RESTORED TO VARIABLE.
                   PARAMETER    7  w_CBO RESTORED TO VARIABLE.
                   PARAMETER    6  A_CBO RESTORED TO VARIABLE.
                   PARAMETER    4  phi RESTORED TO VARIABLE.
                   PARAMETER    3  A0 RESTORED TO VARIABLE.
                   PARAMETER    1  N0 RESTORED TO VARIABLE.
 **********
 **   93 **MIGRAD
 **********
 START MIGRAD MINIMIZATION.  STRATEGY  1.  CONVERGENCE WHEN EDM .LT. 1.00e-04
 FCN=357.929 FROM MIGRAD    STATUS=INITIATE       22 CALLS         962 TOTAL
                     EDM= unknown      STRATEGY= 1      NO ERROR MATRIX       
  EXT PARAMETER               CURRENT GUESS       STEP         FIRST   
  NO.   NAME      VALUE            ERROR          SIZE      DERIVATIVE 
   1  N0           2.91106e+06   7.68194e+02   7.68194e+02   1.83716e-04
   2  tau          6.44069e+01   constant   
   3  A0           3.52002e-01   3.50568e-04   3.50568e-04  -5.99823e+02
   4  phi          4.11598e+00   1.04020e-03   1.04020e-03  -8.65182e+02
   5  R           -6.11570e+01   constant   
