 + ++++++++++++++++++++++++++++++++++++++++++++++++++++++++++++++++++++ +
 +                                                                      +
 +           You have chose to blind your fitting according to          +
 +                omega_ref * (1 + (R +/- deltaR) *10^{-6})             +
 +                                                                      +
 + ++++++++++++++++++++++++++++++++++++++++++++++++++++++++++++++++++++ +
In main()...
reading format from /gm2data/zkhechad/run45/envelope/formats/formatB_sBin_constraintOn.txt
pBinTau 	= 0  
pBinPhi 	= 0  
constraintau 	= 1 
includeMopTerm 	= 0    
constrainMop    = 0   
Parameters after format file: pBinTau 0 pBinPhi 0 constraintau 1 includeMopTerm 0 constrainMop 0 c_e_scale 0.000000 
reading cbo reference file (full fit) from /gm2data/zkhechad/cboTemplates/Run4CBOTemplates/fullFits/run4/sBin_constraintOn_cE0.0_seed0_run4_calo7.root
A_CBO 0.010017 w_CBO 2.326795 phi_CBO 5.385454 N0 2934724.912691 R -61.426290 tau 64.406392 
Reading cboRef file /gm2data/zkhechad/cboTemplates/Run4CBOTemplates//cboIsolate/run4_calo7.root
deltaT 29.093804
windowBins = 190
fitting sliding window 700 from bin 903 at 134.727600 to bin 1093 at 163.075600 (190 bins)

Reading data from /gm2data/cornell/histograms/aMethod/histogram_a_run4.root
fitting cbo isolate
 **********
 **    1 **SET PRINTOUT            1
 **********
 **********
 **    2 **SET NOWARNINGS 
 **********
 PARAMETER DEFINITIONS:
    NO.   NAME         VALUE      STEP SIZE      LIMITS
     1 A_CBO        1.00169e-02  1.00000e-05     no limits
     2 w_CBO        2.32680e+00  1.00000e-02    2.00000e+00  3.00000e+00
     3 phi_CBO      5.38545e+00  1.00000e-02    0.00000e+00  6.28319e+00
 **********
 **    3 **MIGRAD
 **********
 FIRST CALL TO USER FUNCTION AT NEW START POINT, WITH IFLAG=4.
 START MIGRAD MINIMIZATION.  STRATEGY  1.  CONVERGENCE WHEN EDM .LT. 1.00e-04
 FCN=0.00284029 FROM MIGRAD    STATUS=INITIATE       12 CALLS          13 TOTAL
                     EDM= unknown      STRATEGY= 1      NO ERROR MATRIX       
  EXT PARAMETER               CURRENT GUESS       STEP         FIRST   
  NO.   NAME      VALUE            ERROR          SIZE      DERIVATIVE 
   1  A_CBO        1.00169e-02   1.00000e-05   1.00000e-05   9.80586e-01
   2  w_CBO        2.32680e+00   1.00000e-02   2.13223e-02   1.59447e-02
   3  phi_CBO      5.38545e+00   1.00000e-02   4.54801e-03  -4.15536e-04
 MIGRAD MINIMIZATION HAS CONVERGED.
 MIGRAD WILL VERIFY CONVERGENCE AND ERROR MATRIX.
 FCN=0.000309174 FROM MIGRAD    STATUS=CONVERGED      41 CALLS          42 TOTAL
                     EDM=1.24548e-05    STRATEGY= 1      ERR MATRIX NOT POS-DEF
  EXT PARAMETER                APPROXIMATE        STEP         FIRST   
  NO.   NAME      VALUE            ERROR          SIZE      DERIVATIVE 
   1  A_CBO        4.85425e-03   1.05154e-01   5.01143e-05  -1.35067e-05
   2  w_CBO        2.32663e+00   8.12227e-01   1.48456e-04  -6.74455e-03
   3  phi_CBO      5.40561e+00   4.93350e+00   4.76666e-03   2.39067e-04
 EXTERNAL ERROR MATRIX.    NDIM=  25    NPAR=  3    ERR DEF=1
  1.106e-02 -5.334e-02 -8.005e+00 
 -5.334e-02  5.077e+00  7.557e+02 
 -8.005e+00  7.557e+02  1.130e+05 
ERR MATRIX NOT POS-DEF
 PARAMETER  CORRELATION COEFFICIENTS  
       NO.  GLOBAL      1      2      3
        1  0.22697   1.000 -0.225 -0.227
        2  0.99800  -0.225  1.000  0.998
        3  0.99801  -0.227  0.998  1.000
 ERR MATRIX NOT POS-DEF
setting A_CBO=0.004854 w_CBO=2.326628, phi_CBO=5.405613
done fitting cbo isolate
 **********
 **    1 **SET PRINTOUT            1
 **********
 **********
 **    2 **SET NOWARNINGS 
 **********
 PARAMETER DEFINITIONS:
    NO.   NAME         VALUE      STEP SIZE      LIMITS
     1 N0           2.93472e+06  1.00000e+02     no limits
     2 tau          6.44064e+01  constant
     3 A0           3.50200e-01  1.00000e-04     no limits
     4 phi          4.11726e+00  1.00000e-02     no limits
     5 R           -6.14263e+01  constant
     6 A_CBO        4.85425e-03  1.00000e-05     no limits
     7 w_CBO        2.32663e+00  1.00000e-03     no limits
     8 phi_CBO      5.40561e+00  1.00000e-04     no limits
     9 ANx2         5.09258e-04  constant
    10 pNx2         1.79030e-01  constant
    11 ANy1         0.00000e+00  constant
    12 pNy1         0.00000e+00  constant
    13 w_y          0.00000e+00  constant
    14 ANy2         8.95951e-03  1.00000e-04     no limits
    15 pNy2         6.17155e+00  constant
    16 w_vw         1.43200e+01  constant
    17 LM          -8.21731e-05  constant
    18 wCBO_expCoeff   2.00000e+02  1.00000e+00     no limits
    19 wCBO_expOffset   2.00000e+02  1.00000e+00     no limits
    20 wCBO_expT    3.00000e+01  1.00000e+00     no limits
    21 wCBO_linCoeff   0.00000e+00  constant
    22 wCBO_const   0.00000e+00  1.00000e-02     no limits
MINUIT - FIT ONLY WIGGLE
 **********
 **    3 **FIX            5
 **********
 PARAMETER    5  IS CONSTANT.   IGNORED.
 **********
 **    4 **FIX            6
 **********
 **********
 **    5 **FIX            7
 **********
 **********
 **    6 **FIX            8
 **********
 **********
 **    7 **FIX            9
 **********
 PARAMETER    9  IS CONSTANT.   IGNORED.
 **********
 **    8 **FIX           10
 **********
 PARAMETER   10  IS CONSTANT.   IGNORED.
 **********
 **    9 **FIX           11
 **********
 PARAMETER   11  IS CONSTANT.   IGNORED.
 **********
 **   10 **FIX           12
 **********
 PARAMETER   12  IS CONSTANT.   IGNORED.
 **********
 **   11 **FIX           13
 **********
 PARAMETER   13  IS CONSTANT.   IGNORED.
 **********
 **   12 **FIX           14
 **********
 **********
 **   13 **FIX           15
 **********
 PARAMETER   15  IS CONSTANT.   IGNORED.
 **********
 **   14 **FIX           16
 **********
 PARAMETER   16  IS CONSTANT.   IGNORED.
 **********
 **   15 **MIGRAD
 **********
 FIRST CALL TO USER FUNCTION AT NEW START POINT, WITH IFLAG=4.
 START MIGRAD MINIMIZATION.  STRATEGY  1.  CONVERGENCE WHEN EDM .LT. 1.00e-04
 FCN=2497.06 FROM MIGRAD    STATUS=INITIATE       56 CALLS          57 TOTAL
                     EDM= unknown      STRATEGY= 1      NO ERROR MATRIX       
  EXT PARAMETER               CURRENT GUESS       STEP         FIRST   
  NO.   NAME      VALUE            ERROR          SIZE      DERIVATIVE 
   1  N0           2.93472e+06   1.00000e+02   0.00000e+00   5.91250e-03
   2  tau          6.44064e+01   constant   
   3  A0           3.50200e-01   1.00000e-04   0.00000e+00  -1.03640e+04
   4  phi          4.11726e+00   1.00000e-02   0.00000e+00   1.34613e+03
   5  R           -6.14263e+01   constant   
   6  A_CBO        4.85425e-03     fixed    
   7  w_CBO        2.32663e+00     fixed    
   8  phi_CBO      5.40561e+00     fixed    
   9  ANx2         5.09258e-04   constant   
  10  pNx2         1.79030e-01   constant   
  11  ANy1         0.00000e+00   constant   
  12  pNy1         0.00000e+00   constant   
  13  w_y          0.00000e+00   constant   
  14  ANy2         8.95951e-03     fixed    
  15  pNy2         6.17155e+00   constant   
  16  w_vw         1.43200e+01   constant   
  17  LM          -8.21731e-05   constant   
  18  wCBO_expCoeff   2.00000e+02   1.00000e+00   0.00000e+00   7.23287e+04
  19  wCBO_expOffset   2.00000e+02   1.00000e+00   0.00000e+00  -1.67643e+05
  20  wCBO_expT    2.99997e+01   1.00000e+00  -2.52462e-04  -1.52226e+06
  21  wCBO_linCoeff   0.00000e+00   constant   
  22  wCBO_const   0.00000e+00   1.00000e-02   0.00000e+00  -9.67169e+03
 MIGRAD FAILS TO FIND IMPROVEMENT
 FCN=2412.08 FROM HESSE     STATUS=NOT POSDEF     54 CALLS         401 TOTAL
                     EDM=19.3844    STRATEGY= 1      ERR MATRIX NOT POS-DEF
  EXT PARAMETER                APPROXIMATE        STEP         FIRST   
  NO.   NAME      VALUE            ERROR          SIZE      DERIVATIVE 
   1  N0           2.93484e+06   4.78857e+02   1.10711e+01   1.82408e-03
   2  tau          6.44064e+01   constant   
   3  A0           3.50055e-01   1.99214e-04   4.97329e-06  -3.97445e+03
   4  phi          4.11873e+00   1.26185e-03   1.48136e-05   3.24920e+00
   5  R           -6.14263e+01   constant   
   6  A_CBO        4.85425e-03     fixed    
   7  w_CBO        2.32663e+00     fixed    
   8  phi_CBO      5.40561e+00     fixed    
   9  ANx2         5.09258e-04   constant   
  10  pNx2         1.79030e-01   constant   
  11  ANy1         0.00000e+00   constant   
  12  pNy1         0.00000e+00   constant   
  13  w_y          0.00000e+00   constant   
  14  ANy2         8.95951e-03     fixed    
  15  pNy2         6.17155e+00   constant   
  16  w_vw         1.43200e+01   constant   
  17  LM          -8.21731e-05   constant   
  18  wCBO_expCoeff   2.00000e+02   3.67259e-04   9.53673e-05  -6.39325e+04
  19  wCBO_expOffset   2.00000e+02   4.28559e-05   9.53675e-05  -4.21760e+05
  20  wCBO_expT    2.99998e+01   2.33139e-05   1.43050e-05   8.93580e+05
  21  wCBO_linCoeff   0.00000e+00   constant   
  22  wCBO_const   4.62584e-03   1.67387e-03   5.03778e-06  -7.65602e+03
 MIGRAD FAILS TO FIND IMPROVEMENT
 MIGRAD TERMINATED WITHOUT CONVERGENCE.
 FCN=2409.88 FROM MIGRAD    STATUS=FAILED        444 CALLS         445 TOTAL
                     EDM=2.98472    STRATEGY= 1      ERR MATRIX NOT POS-DEF
  EXT PARAMETER                APPROXIMATE        STEP         FIRST   
  NO.   NAME      VALUE            ERROR          SIZE      DERIVATIVE 
   1  N0           2.93469e+06   5.79432e+02  -0.00000e+00   3.81942e-04
   2  tau          6.44064e+01   constant   
   3  A0           3.50120e-01   4.51530e-04   0.00000e+00  -1.27734e+03
   4  phi          4.11856e+00   2.73609e-03   0.00000e+00  -3.22946e+02
   5  R           -6.14263e+01   constant   
   6  A_CBO        4.85425e-03     fixed    
   7  w_CBO        2.32663e+00     fixed    
   8  phi_CBO      5.40561e+00     fixed    
   9  ANx2         5.09258e-04   constant   
  10  pNx2         1.79030e-01   constant   
  11  ANy1         0.00000e+00   constant   
  12  pNy1         0.00000e+00   constant   
  13  w_y          0.00000e+00   constant   
  14  ANy2         8.95951e-03     fixed    
  15  pNy2         6.17155e+00   constant   
  16  w_vw         1.43200e+01   constant   
  17  LM          -8.21731e-05   constant   
  18  wCBO_expCoeff   2.00000e+02   5.39048e-04  -0.00000e+00  -2.21947e+03
  19  wCBO_expOffset   2.00000e+02   8.35354e-05  -0.00000e+00   3.42414e+05
  20  wCBO_expT    2.99998e+01   5.02414e-05  -0.00000e+00   1.36895e+04
  21  wCBO_linCoeff   0.00000e+00   constant   
  22  wCBO_const   4.15578e-03   2.19804e-03   0.00000e+00   1.19271e+03
 EXTERNAL ERROR MATRIX.    NDIM=  25    NPAR=  7    ERR DEF=1
  3.357e+05 -1.464e-01 -1.003e+00  1.976e-01  3.184e-02  1.899e-02 -7.945e-01 
 -1.464e-01  2.039e-07  1.082e-06 -2.163e-07 -3.451e-08 -2.066e-08  8.762e-07 
 -1.003e+00  1.082e-06  7.486e-06 -1.440e-06 -2.261e-07 -1.357e-07  5.860e-06 
  1.976e-01 -2.163e-07 -1.440e-06  2.906e-07  4.431e-08  2.682e-08 -1.177e-06 
  3.184e-02 -3.451e-08 -2.261e-07  4.431e-08  6.978e-09  4.181e-09 -1.792e-07 
  1.899e-02 -2.066e-08 -1.357e-07  2.682e-08  4.181e-09  2.524e-09 -1.078e-07 
 -7.945e-01  8.762e-07  5.860e-06 -1.177e-06 -1.792e-07 -1.078e-07  4.831e-06 
ERR MATRIX NOT POS-DEF
 PARAMETER  CORRELATION COEFFICIENTS  
       NO.  GLOBAL      1      3      4     18     19     20     22
        1  0.99069   1.000 -0.560 -0.633  0.633  0.658  0.652 -0.624
        3  0.99966  -0.560  1.000  0.876 -0.889 -0.915 -0.911  0.883
        4  0.99998  -0.633  0.876  1.000 -0.976 -0.989 -0.987  0.974
       18  1.00000   0.633 -0.889 -0.976  1.000  0.984  0.990 -0.993
       19  0.99995   0.658 -0.915 -0.989  0.984  1.000  0.996 -0.976
       20  1.00000   0.652 -0.911 -0.987  0.990  0.996  1.000 -0.976
       22  0.99999  -0.624  0.883  0.974 -0.993 -0.976 -0.976  1.000
 ERR MATRIX NOT POS-DEF
MINUIT - FIT ONLY 1-CBO + other amplitudes 
 **********
 **   16 **RES 
 **********
                   PARAMETER   14  ANy2 RESTORED TO VARIABLE.
                   PARAMETER    8  phi_CBO RESTORED TO VARIABLE.
                   PARAMETER    7  w_CBO RESTORED TO VARIABLE.
                   PARAMETER    6  A_CBO RESTORED TO VARIABLE.
 **********
 **   17 **FIX            0
 **********
 PARAMETER    0  IS UNDEFINED. IGNORED.
 **********
 **   18 **FIX            1
 **********
 **********
 **   19 **FIX            2
 **********
 PARAMETER    2  IS CONSTANT.   IGNORED.
 **********
 **   20 **FIX            3
 **********
 **********
 **   21 **FIX            4
 **********
 **********
 **   22 **FIX            9
 **********
 PARAMETER    9  IS CONSTANT.   IGNORED.
 **********
 **   23 **FIX           11
 **********
 PARAMETER   11  IS CONSTANT.   IGNORED.
 **********
 **   24 **FIX           12
 **********
 PARAMETER   12  IS CONSTANT.   IGNORED.
 **********
 **   25 **FIX           14
 **********
 **********
 **   26 **FIX           15
 **********
 PARAMETER   15  IS CONSTANT.   IGNORED.
 **********
 **   27 **FIX           16
 **********
 PARAMETER   16  IS CONSTANT.   IGNORED.
 **********
 **   28 **MIGRAD
 **********
 START MIGRAD MINIMIZATION.  STRATEGY  1.  CONVERGENCE WHEN EDM .LT. 1.00e-04
 FCN=2409.88 FROM MIGRAD    STATUS=INITIATE       22 CALLS         467 TOTAL
                     EDM= unknown      STRATEGY= 1      NO ERROR MATRIX       
  EXT PARAMETER               CURRENT GUESS       STEP         FIRST   
  NO.   NAME      VALUE            ERROR          SIZE      DERIVATIVE 
   1  N0           2.93469e+06     fixed    
   2  tau          6.44064e+01   constant   
   3  A0           3.50120e-01     fixed    
   4  phi          4.11856e+00     fixed    
   5  R           -6.14263e+01   constant   
   6  A_CBO        4.85425e-03   1.00000e-05   1.00000e-05   1.40698e+05
   7  w_CBO        2.32663e+00   1.00000e-03   1.00000e-03  -1.90087e+05
   8  phi_CBO      5.40561e+00   1.00000e-04   1.00000e-04  -5.72050e+01
   9  ANx2         5.09258e-04   constant   
  10  pNx2         1.79030e-01   constant   
  11  ANy1         0.00000e+00   constant   
  12  pNy1         0.00000e+00   constant   
  13  w_y          0.00000e+00   constant   
  14  ANy2         8.95951e-03     fixed    
  15  pNy2         6.17155e+00   constant   
  16  w_vw         1.43200e+01   constant   
  17  LM          -8.21731e-05   constant   
  18  wCBO_expCoeff   2.00000e+02   5.39048e-04  -0.00000e+00  -2.21947e+03
  19  wCBO_expOffset   2.00000e+02   8.35354e-05  -0.00000e+00   3.42414e+05
  20  wCBO_expT    2.99998e+01   5.02414e-05  -0.00000e+00   1.36895e+04
  21  wCBO_linCoeff   0.00000e+00   constant   
  22  wCBO_const   4.15578e-03   2.19804e-03   0.00000e+00   1.19271e+03
 MIGRAD FAILS TO FIND IMPROVEMENT
 FCN=2133.37 FROM HESSE     STATUS=NOT POSDEF     56 CALLS         759 TOTAL
                     EDM=1.28708    STRATEGY= 1      ERR MATRIX NOT POS-DEF
  EXT PARAMETER                APPROXIMATE        STEP         FIRST   
  NO.   NAME      VALUE            ERROR          SIZE      DERIVATIVE 
   1  N0           2.93469e+06     fixed    
   2  tau          6.44064e+01   constant   
   3  A0           3.50120e-01     fixed    
   4  phi          4.11856e+00     fixed    
   5  R           -6.14263e+01   constant   
   6  A_CBO        1.26978e-03   7.79999e-04   5.07607e-06  -3.20742e+02
   7  w_CBO        2.32663e+00   3.08937e-06   1.10942e-06   3.99019e+05
   8  phi_CBO      6.38211e+00   3.74524e-01   3.91579e-03  -1.88513e+00
   9  ANx2         5.09258e-04   constant   
  10  pNx2         1.79030e-01   constant   
  11  ANy1         0.00000e+00   constant   
  12  pNy1         0.00000e+00   constant   
  13  w_y          0.00000e+00   constant   
  14  ANy2         8.95951e-03     fixed    
  15  pNy2         6.17155e+00   constant   
  16  w_vw         1.43200e+01   constant   
  17  LM          -8.21731e-05   constant   
  18  wCBO_expCoeff   2.00000e+02   2.65642e-04   9.53674e-05   4.63899e+03
  19  wCBO_expOffset   2.00000e+02   5.66818e-05   9.53674e-05   2.89516e+04
  20  wCBO_expT    2.99998e+01   3.94496e-05   1.43050e-05  -3.24491e+04
  21  wCBO_linCoeff   0.00000e+00   constant   
  22  wCBO_const   8.01767e-03   5.40219e-04   6.78484e-06   5.70518e+02
 MIGRAD FAILS TO FIND IMPROVEMENT
 MIGRAD TERMINATED WITHOUT CONVERGENCE.
 FCN=2133.32 FROM MIGRAD    STATUS=FAILED        359 CALLS         804 TOTAL
                     EDM=0.0806831    STRATEGY= 1      ERR MATRIX NOT POS-DEF
  EXT PARAMETER                APPROXIMATE        STEP         FIRST   
  NO.   NAME      VALUE            ERROR          SIZE      DERIVATIVE 
   1  N0           2.93469e+06     fixed    
   2  tau          6.44064e+01   constant   
   3  A0           3.50120e-01     fixed    
   4  phi          4.11856e+00     fixed    
   5  R           -6.14263e+01   constant   
   6  A_CBO        1.28132e-03   2.07626e-04  -0.00000e+00   8.59171e+01
   7  w_CBO        2.32663e+00   8.71383e-07  -0.00000e+00   8.22673e+04
   8  phi_CBO      6.40683e+00   2.62534e-01   0.00000e+00  -2.60463e-01
   9  ANx2         5.09258e-04   constant   
  10  pNx2         1.79030e-01   constant   
  11  ANy1         0.00000e+00   constant   
  12  pNy1         0.00000e+00   constant   
  13  w_y          0.00000e+00   constant   
  14  ANy2         8.95951e-03     fixed    
  15  pNy2         6.17155e+00   constant   
  16  w_vw         1.43200e+01   constant   
  17  LM          -8.21731e-05   constant   
  18  wCBO_expCoeff   2.00000e+02   7.49647e-05  -0.00000e+00   9.58971e+02
  19  wCBO_expOffset   2.00000e+02   8.74355e-06   0.00000e+00  -4.60099e+04
  20  wCBO_expT    2.99998e+01   7.42463e-06   0.00000e+00   3.14996e+03
  21  wCBO_linCoeff   0.00000e+00   constant   
  22  wCBO_const   8.04025e-03   5.07827e-04   0.00000e+00   2.04948e+01
 EXTERNAL ERROR MATRIX.    NDIM=  25    NPAR=  7    ERR DEF=1
  4.311e-08 -2.317e-11 -6.554e-06 -1.991e-09 -3.648e-10 -4.388e-10 -1.449e-09 
 -2.317e-11  7.593e-13 -5.167e-09 -5.706e-12  1.070e-12  3.140e-12 -1.580e-10 
 -6.554e-06 -5.167e-09  6.892e-02 -4.606e-07  1.893e-06  3.354e-07  4.300e-05 
 -1.991e-09 -5.706e-12 -4.606e-07  5.620e-09  9.180e-11  2.701e-10 -1.360e-08 
 -3.648e-10  1.070e-12  1.893e-06  9.180e-11  7.645e-11  2.293e-11  6.743e-10 
 -4.388e-10  3.140e-12  3.354e-07  2.701e-10  2.293e-11  5.513e-11  4.410e-10 
 -1.449e-09 -1.580e-10  4.300e-05 -1.360e-08  6.743e-10  4.410e-10  2.579e-07 
ERR MATRIX NOT POS-DEF
 PARAMETER  CORRELATION COEFFICIENTS  
       NO.  GLOBAL      6      7      8     18     19     20     22
        6  0.32004   1.000 -0.128 -0.120 -0.128 -0.201 -0.285 -0.014
        7  0.91088  -0.128  1.000 -0.023 -0.087  0.140  0.485 -0.357
        8  0.86100  -0.120 -0.023  1.000 -0.023  0.825  0.172  0.322
       18  0.91092  -0.128 -0.087 -0.023  1.000  0.140  0.485 -0.357
       19  0.86377  -0.201  0.140  0.825  0.140  1.000  0.353  0.152
       20  0.93161  -0.285  0.485  0.172  0.485  0.353  1.000  0.117
       22  0.89815  -0.014 -0.357  0.322 -0.357  0.152  0.117  1.000
 ERR MATRIX NOT POS-DEF
MINUIT - FIT ONLY 1-CBO
 **********
 **   29 **RES 
 **********
                   PARAMETER   14  ANy2 RESTORED TO VARIABLE.
                   PARAMETER    4  phi RESTORED TO VARIABLE.
                   PARAMETER    3  A0 RESTORED TO VARIABLE.
                   PARAMETER    1  N0 RESTORED TO VARIABLE.
 **********
 **   30 **FIX            0
 **********
 PARAMETER    0  IS UNDEFINED. IGNORED.
 **********
 **   31 **FIX            1
 **********
 **********
 **   32 **FIX            2
 **********
 PARAMETER    2  IS CONSTANT.   IGNORED.
 **********
 **   33 **FIX            3
 **********
 **********
 **   34 **FIX            4
 **********
 **********
 **   35 **FIX            8
 **********
 **********
 **   36 **FIX            9
 **********
 PARAMETER    9  IS CONSTANT.   IGNORED.
 **********
 **   37 **FIX           11
 **********
 PARAMETER   11  IS CONSTANT.   IGNORED.
 **********
 **   38 **FIX           12
 **********
 PARAMETER   12  IS CONSTANT.   IGNORED.
 **********
 **   39 **FIX           13
 **********
 PARAMETER   13  IS CONSTANT.   IGNORED.
 **********
 **   40 **FIX           15
 **********
 PARAMETER   15  IS CONSTANT.   IGNORED.
 **********
 **   41 **FIX           16
 **********
 PARAMETER   16  IS CONSTANT.   IGNORED.
 **********
 **   42 **MIGRAD
 **********
 START MIGRAD MINIMIZATION.  STRATEGY  1.  CONVERGENCE WHEN EDM .LT. 1.00e-04
 FCN=2133.32 FROM MIGRAD    STATUS=INITIATE       16 CALLS         820 TOTAL
                     EDM= unknown      STRATEGY= 1      NO ERROR MATRIX       
  EXT PARAMETER               CURRENT GUESS       STEP         FIRST   
  NO.   NAME      VALUE            ERROR          SIZE      DERIVATIVE 
   1  N0           2.93469e+06     fixed    
   2  tau          6.44064e+01   constant   
   3  A0           3.50120e-01     fixed    
   4  phi          4.11856e+00     fixed    
   5  R           -6.14263e+01   constant   
   6  A_CBO        1.28132e-03   2.07626e-04  -0.00000e+00   8.59171e+01
   7  w_CBO        2.32663e+00   8.71383e-07  -0.00000e+00   8.22673e+04
   8  phi_CBO      6.40683e+00     fixed    
   9  ANx2         5.09258e-04   constant   
  10  pNx2         1.79030e-01   constant   
  11  ANy1         0.00000e+00   constant   
  12  pNy1         0.00000e+00   constant   
  13  w_y          0.00000e+00   constant   
  14  ANy2         8.95951e-03   1.00000e-04   1.00000e-04   3.48863e+05
  15  pNy2         6.17155e+00   constant   
  16  w_vw         1.43200e+01   constant   
  17  LM          -8.21731e-05   constant   
  18  wCBO_expCoeff   2.00000e+02   7.49647e-05  -0.00000e+00   9.58971e+02
  19  wCBO_expOffset   2.00000e+02   8.74355e-06   0.00000e+00  -4.60099e+04
  20  wCBO_expT    2.99998e+01   7.42463e-06   0.00000e+00   3.14996e+03
  21  wCBO_linCoeff   0.00000e+00   constant   
  22  wCBO_const   8.04025e-03   5.07827e-04   0.00000e+00   2.04947e+01
 CALL LIMIT EXCEEDED IN MIGRAD.
 MIGRAD TERMINATED WITHOUT CONVERGENCE.
 FCN=567.599 FROM MIGRAD    STATUS=CALL LIMIT   1146 CALLS        1950 TOTAL
                     EDM=0.881761    STRATEGY= 1  ERROR MATRIX UNCERTAINTY   0.1 per cent
  EXT PARAMETER                APPROXIMATE        STEP         FIRST   
  NO.   NAME      VALUE            ERROR          SIZE      DERIVATIVE 
   1  N0           2.93469e+06     fixed    
   2  tau          6.44064e+01   constant   
   3  A0           3.50120e-01     fixed    
   4  phi          4.11856e+00     fixed    
   5  R           -6.14263e+01   constant   
   6  A_CBO       -1.71364e-04   2.74748e-04   1.41599e-06   7.71352e+02
   7  w_CBO        2.32663e+00   9.50176e-07  -7.12250e-09   1.67256e+06
   8  phi_CBO      6.40683e+00     fixed    
   9  ANx2         5.09258e-04   constant   
  10  pNx2         1.79030e-01   constant   
  11  ANy1         0.00000e+00   constant   
  12  pNy1         0.00000e+00   constant   
  13  w_y          0.00000e+00   constant   
  14  ANy2         2.36578e-05   2.33774e-04   6.66691e-07   1.49142e+03
  15  pNy2         6.17155e+00   constant   
  16  w_vw         1.43200e+01   constant   
  17  LM          -8.21731e-05   constant   
  18  wCBO_expCoeff   2.00000e+02   8.19334e-05  -6.14631e-07   1.94469e+04
  19  wCBO_expOffset   2.00000e+02   1.99980e-05   1.57020e-07   5.67339e+03
  20  wCBO_expT    2.99998e+01   1.16467e-05   9.62989e-08  -2.41183e+05
  21  wCBO_linCoeff   0.00000e+00   constant   
  22  wCBO_const   8.83917e-03   1.45944e-03   1.23466e-05   2.27947e+03
 EXTERNAL ERROR MATRIX.    NDIM=  25    NPAR=  7    ERR DEF=1
  7.549e-08 -1.433e-10  1.844e-08 -1.236e-08  2.829e-09  1.865e-09  2.268e-07 
 -1.433e-10  9.028e-13 -7.602e-11  5.346e-11 -1.502e-11 -8.851e-12 -1.229e-09 
  1.844e-08 -7.602e-11  5.465e-08 -6.557e-09  1.273e-09  9.285e-10  1.011e-07 
 -1.236e-08  5.346e-11 -6.557e-09  6.713e-09 -1.296e-09 -7.639e-10 -1.061e-07 
  2.829e-09 -1.502e-11  1.273e-09 -1.296e-09  3.999e-10  2.010e-10  2.555e-08 
  1.865e-09 -8.851e-12  9.285e-10 -7.639e-10  2.010e-10  1.356e-10  1.631e-08 
  2.268e-07 -1.229e-09  1.011e-07 -1.061e-07  2.555e-08  1.631e-08  2.130e-06 
ERR MATRIX APPROXIMATE
 PARAMETER  CORRELATION COEFFICIENTS  
       NO.  GLOBAL      6      7     14     18     19     20     22
        6  0.96297   1.000 -0.549  0.287 -0.549  0.515  0.583  0.566
        7  0.99862  -0.549  1.000 -0.342  0.687 -0.790 -0.800 -0.886
       14  0.97813   0.287 -0.342  1.000 -0.342  0.272  0.341  0.296
       18  0.99863  -0.549  0.687 -0.342  1.000 -0.791 -0.801 -0.887
       19  0.98181   0.515 -0.790  0.272 -0.791  1.000  0.863  0.875
       20  0.99947   0.583 -0.800  0.341 -0.801  0.863  1.000  0.959
       22  0.99984   0.566 -0.886  0.296 -0.887  0.875  0.959  1.000
 ERR MATRIX APPROXIMATE
MINUIT - FIT ONLY 2-CBO
 **********
 **   43 **RES 
 **********
                   PARAMETER    8  phi_CBO RESTORED TO VARIABLE.
                   PARAMETER    4  phi RESTORED TO VARIABLE.
                   PARAMETER    3  A0 RESTORED TO VARIABLE.
                   PARAMETER    1  N0 RESTORED TO VARIABLE.
 **********
 **   44 **FIX            0
 **********
 PARAMETER    0  IS UNDEFINED. IGNORED.
 **********
 **   45 **FIX            1
 **********
 **********
 **   46 **FIX            2
 **********
 PARAMETER    2  IS CONSTANT.   IGNORED.
 **********
 **   47 **FIX            3
 **********
 **********
 **   48 **FIX            4
 **********
 **********
 **   49 **FIX            5
 **********
 PARAMETER    5  IS CONSTANT.   IGNORED.
 **********
 **   50 **FIX            6
 **********
 **********
 **   51 **FIX            7
 **********
 **********
 **   52 **FIX           10
 **********
 PARAMETER   10  IS CONSTANT.   IGNORED.
 **********
 **   53 **FIX           11
 **********
 PARAMETER   11  IS CONSTANT.   IGNORED.
 **********
 **   54 **FIX           12
 **********
 PARAMETER   12  IS CONSTANT.   IGNORED.
 **********
 **   55 **FIX           13
 **********
 PARAMETER   13  IS CONSTANT.   IGNORED.
 **********
 **   56 **FIX           14
 **********
 **********
 **   57 **FIX           15
 **********
 PARAMETER   15  IS CONSTANT.   IGNORED.
 **********
 **   58 **FIX           16
 **********
 PARAMETER   16  IS CONSTANT.   IGNORED.
 **********
 **   59 **MIGRAD
 **********
 START MIGRAD MINIMIZATION.  STRATEGY  1.  CONVERGENCE WHEN EDM .LT. 1.00e-04
 FCN=567.599 FROM MIGRAD    STATUS=INITIATE       12 CALLS        1962 TOTAL
                     EDM= unknown      STRATEGY= 1      NO ERROR MATRIX       
  EXT PARAMETER               CURRENT GUESS       STEP         FIRST   
  NO.   NAME      VALUE            ERROR          SIZE      DERIVATIVE 
   1  N0           2.93469e+06     fixed    
   2  tau          6.44064e+01   constant   
   3  A0           3.50120e-01     fixed    
   4  phi          4.11856e+00     fixed    
   5  R           -6.14263e+01   constant   
   6  A_CBO       -1.71364e-04     fixed    
   7  w_CBO        2.32663e+00     fixed    
   8  phi_CBO      6.40683e+00   2.62534e-01   2.62534e-01  -1.33609e+00
   9  ANx2         5.09258e-04   constant   
  10  pNx2         1.79030e-01   constant   
  11  ANy1         0.00000e+00   constant   
  12  pNy1         0.00000e+00   constant   
  13  w_y          0.00000e+00   constant   
  14  ANy2         2.36578e-05     fixed    
  15  pNy2         6.17155e+00   constant   
  16  w_vw         1.43200e+01   constant   
  17  LM          -8.21731e-05   constant   
  18  wCBO_expCoeff   2.00000e+02   8.19334e-05  -6.14631e-07   1.94469e+04
  19  wCBO_expOffset   2.00000e+02   1.99980e-05   1.57020e-07   5.67339e+03
  20  wCBO_expT    2.99998e+01   1.16467e-05   9.62989e-08  -2.41183e+05
  21  wCBO_linCoeff   0.00000e+00   constant   
  22  wCBO_const   8.83917e-03   1.45944e-03   1.23466e-05   2.27947e+03
 MIGRAD FAILS TO FIND IMPROVEMENT
 FCN=565.39 FROM HESSE     STATUS=NOT POSDEF     35 CALLS        2553 TOTAL
                     EDM=0.0152819    STRATEGY= 1      ERR MATRIX NOT POS-DEF
  EXT PARAMETER                APPROXIMATE        STEP         FIRST   
  NO.   NAME      VALUE            ERROR          SIZE      DERIVATIVE 
   1  N0           2.93469e+06     fixed    
   2  tau          6.44064e+01   constant   
   3  A0           3.50120e-01     fixed    
   4  phi          4.11856e+00     fixed    
   5  R           -6.14263e+01   constant   
   6  A_CBO       -1.71364e-04     fixed    
   7  w_CBO        2.32663e+00     fixed    
   8  phi_CBO      7.75894e+00   1.18664e+00   1.14953e-02   1.79733e-01
   9  ANx2         5.09258e-04   constant   
  10  pNx2         1.79030e-01   constant   
  11  ANy1         0.00000e+00   constant   
  12  pNy1         0.00000e+00   constant   
  13  w_y          0.00000e+00   constant   
  14  ANy2         2.36578e-05     fixed    
  15  pNy2         6.17155e+00   constant   
  16  w_vw         1.43200e+01   constant   
  17  LM          -8.21731e-05   constant   
  18  wCBO_expCoeff   2.00000e+02   9.11163e-04   9.53673e-05  -1.31297e+03
  19  wCBO_expOffset   2.00000e+02   1.00427e-04   9.53675e-05  -8.70955e+03
  20  wCBO_expT    2.99999e+01   6.61099e-05   1.43050e-05   1.96801e+04
  21  wCBO_linCoeff   0.00000e+00   constant   
  22  wCBO_const   1.02037e-02   1.78051e-03   4.95758e-06  -3.10567e+02
 CALL LIMIT EXCEEDED IN MIGRAD.
 MIGRAD TERMINATED WITHOUT CONVERGENCE.
 FCN=564.359 FROM MIGRAD    STATUS=CALL LIMIT    836 CALLS        2786 TOTAL
                     EDM=1.79047    STRATEGY= 1      ERR MATRIX NOT POS-DEF
  EXT PARAMETER                APPROXIMATE        STEP         FIRST   
  NO.   NAME      VALUE            ERROR          SIZE      DERIVATIVE 
   1  N0           2.93469e+06     fixed    
   2  tau          6.44064e+01   constant   
   3  A0           3.50120e-01     fixed    
   4  phi          4.11856e+00     fixed    
   5  R           -6.14263e+01   constant   
   6  A_CBO       -1.71364e-04     fixed    
   7  w_CBO        2.32663e+00     fixed    
   8  phi_CBO      7.54408e+00   1.41460e+00   3.61130e-03   2.90425e-01
   9  ANx2         5.09258e-04   constant   
  10  pNx2         1.79030e-01   constant   
  11  ANy1         0.00000e+00   constant   
  12  pNy1         0.00000e+00   constant   
  13  w_y          0.00000e+00   constant   
  14  ANy2         2.36578e-05     fixed    
  15  pNy2         6.17155e+00   constant   
  16  w_vw         1.43200e+01   constant   
  17  LM          -8.21731e-05   constant   
  18  wCBO_expCoeff   1.99997e+02   2.05621e-03  -5.32132e-06  -2.92117e+03
  19  wCBO_expOffset   2.00000e+02   1.24631e-04  -3.23200e-07   5.96119e+03
  20  wCBO_expT    2.99997e+01   1.59150e-04  -4.11627e-07   2.69432e+04
  21  wCBO_linCoeff   0.00000e+00   constant   
  22  wCBO_const   1.71797e-02   5.50813e-03   1.42380e-05  -7.48740e+02
 EXTERNAL ERROR MATRIX.    NDIM=  25    NPAR=  5    ERR DEF=1
  2.001e+00 -2.737e-03 -1.660e-04 -2.104e-04  7.521e-03 
 -2.737e-03  4.228e-06  2.555e-07  3.266e-07 -1.126e-05 
 -1.660e-04  2.555e-07  1.553e-08  1.980e-08 -6.802e-07 
 -2.104e-04  3.266e-07  1.980e-08  2.533e-08 -8.662e-07 
  7.521e-03 -1.126e-05 -6.802e-07 -8.662e-07  3.034e-05 
ERR MATRIX NOT POS-DEF
 PARAMETER  CORRELATION COEFFICIENTS  
       NO.  GLOBAL      8     18     19     20     22
        8  0.99369   1.000 -0.941 -0.942 -0.935  0.965
       18  0.99989  -0.941  1.000  0.997  0.998 -0.994
       19  0.99919  -0.942  0.997  1.000  0.998 -0.991
       20  0.99983  -0.935  0.998  0.998  1.000 -0.988
       22  0.99971   0.965 -0.994 -0.991 -0.988  1.000
 ERR MATRIX NOT POS-DEF
MINUIT - FIT ONLY 1-y
 **********
 **   60 **RES 
 **********
                   PARAMETER   14  ANy2 RESTORED TO VARIABLE.
                   PARAMETER    7  w_CBO RESTORED TO VARIABLE.
                   PARAMETER    6  A_CBO RESTORED TO VARIABLE.
                   PARAMETER    4  phi RESTORED TO VARIABLE.
                   PARAMETER    3  A0 RESTORED TO VARIABLE.
                   PARAMETER    1  N0 RESTORED TO VARIABLE.
 **********
 **   61 **FIX            0
 **********
 PARAMETER    0  IS UNDEFINED. IGNORED.
 **********
 **   62 **FIX            1
 **********
 **********
 **   63 **FIX            2
 **********
 PARAMETER    2  IS CONSTANT.   IGNORED.
 **********
 **   64 **FIX            3
 **********
 **********
 **   65 **FIX            4
 **********
 **********
 **   66 **FIX            5
 **********
 PARAMETER    5  IS CONSTANT.   IGNORED.
 **********
 **   67 **FIX            6
 **********
 **********
 **   68 **FIX            7
 **********
 **********
 **   69 **FIX            8
 **********
 **********
 **   70 **FIX            9
 **********
 PARAMETER    9  IS CONSTANT.   IGNORED.
 **********
 **   71 **FIX           13
 **********
 PARAMETER   13  IS CONSTANT.   IGNORED.
 **********
 **   72 **FIX           14
 **********
 **********
 **   73 **FIX           15
 **********
 PARAMETER   15  IS CONSTANT.   IGNORED.
 **********
 **   74 **FIX           16
 **********
 PARAMETER   16  IS CONSTANT.   IGNORED.
 **********
 **   75 **MIGRAD
 **********
 START MIGRAD MINIMIZATION.  STRATEGY  1.  CONVERGENCE WHEN EDM .LT. 1.00e-04
 FCN=564.359 FROM MIGRAD    STATUS=INITIATE        8 CALLS        2794 TOTAL
                     EDM= unknown      STRATEGY= 1      NO ERROR MATRIX       
  EXT PARAMETER               CURRENT GUESS       STEP         FIRST   
  NO.   NAME      VALUE            ERROR          SIZE      DERIVATIVE 
   1  N0           2.93469e+06     fixed    
   2  tau          6.44064e+01   constant   
   3  A0           3.50120e-01     fixed    
   4  phi          4.11856e+00     fixed    
   5  R           -6.14263e+01   constant   
   6  A_CBO       -1.71364e-04     fixed    
   7  w_CBO        2.32663e+00     fixed    
   8  phi_CBO      7.54408e+00     fixed    
   9  ANx2         5.09258e-04   constant   
  10  pNx2         1.79030e-01   constant   
  11  ANy1         0.00000e+00   constant   
  12  pNy1         0.00000e+00   constant   
  13  w_y          0.00000e+00   constant   
  14  ANy2         2.36578e-05     fixed    
  15  pNy2         6.17155e+00   constant   
  16  w_vw         1.43200e+01   constant   
  17  LM          -8.21731e-05   constant   
  18  wCBO_expCoeff   1.99997e+02   2.05621e-03  -5.32132e-06  -2.92117e+03
  19  wCBO_expOffset   2.00000e+02   1.24631e-04  -3.23200e-07   5.96119e+03
  20  wCBO_expT    2.99997e+01   1.59150e-04  -4.11627e-07   2.69432e+04
  21  wCBO_linCoeff   0.00000e+00   constant   
  22  wCBO_const   1.71797e-02   5.50813e-03   1.42380e-05  -7.48740e+02
 MIGRAD FAILS TO FIND IMPROVEMENT
 FCN=564.339 FROM HESSE     STATUS=NOT POSDEF     27 CALLS        2853 TOTAL
                     EDM=0.0250716    STRATEGY= 1      ERR MATRIX NOT POS-DEF
  EXT PARAMETER                APPROXIMATE        STEP         FIRST   
  NO.   NAME      VALUE            ERROR          SIZE      DERIVATIVE 
   1  N0           2.93469e+06     fixed    
   2  tau          6.44064e+01   constant   
   3  A0           3.50120e-01     fixed    
   4  phi          4.11856e+00     fixed    
   5  R           -6.14263e+01   constant   
   6  A_CBO       -1.71364e-04     fixed    
   7  w_CBO        2.32663e+00     fixed    
   8  phi_CBO      7.54408e+00     fixed    
   9  ANx2         5.09258e-04   constant   
  10  pNx2         1.79030e-01   constant   
  11  ANy1         0.00000e+00   constant   
  12  pNy1         0.00000e+00   constant   
  13  w_y          0.00000e+00   constant   
  14  ANy2         2.36578e-05     fixed    
  15  pNy2         6.17155e+00   constant   
  16  w_vw         1.43200e+01   constant   
  17  LM          -8.21731e-05   constant   
  18  wCBO_expCoeff   1.99997e+02   9.24493e-04   9.53661e-05  -8.11976e+02
  19  wCBO_expOffset   2.00000e+02   9.43205e-05   9.53674e-05  -5.35826e+03
  20  wCBO_expT    2.99997e+01   6.42665e-05   1.43050e-05   5.73203e+03
  21  wCBO_linCoeff   0.00000e+00   constant   
  22  wCBO_const   1.72241e-02   1.90602e-03   4.85771e-06  -3.53748e+02
 MIGRAD FAILS TO FIND IMPROVEMENT
 MIGRAD TERMINATED WITHOUT CONVERGENCE.
 FCN=564.313 FROM MIGRAD    STATUS=FAILED        465 CALLS        3251 TOTAL
                     EDM=0.313163    STRATEGY= 1      ERR MATRIX NOT POS-DEF
  EXT PARAMETER                APPROXIMATE        STEP         FIRST   
  NO.   NAME      VALUE            ERROR          SIZE      DERIVATIVE 
   1  N0           2.93469e+06     fixed    
   2  tau          6.44064e+01   constant   
   3  A0           3.50120e-01     fixed    
   4  phi          4.11856e+00     fixed    
   5  R           -6.14263e+01   constant   
   6  A_CBO       -1.71364e-04     fixed    
   7  w_CBO        2.32663e+00     fixed    
   8  phi_CBO      7.54408e+00     fixed    
   9  ANx2         5.09258e-04   constant   
  10  pNx2         1.79030e-01   constant   
  11  ANy1         0.00000e+00   constant   
  12  pNy1         0.00000e+00   constant   
  13  w_y          0.00000e+00   constant   
  14  ANy2         2.36578e-05     fixed    
  15  pNy2         6.17155e+00   constant   
  16  w_vw         1.43200e+01   constant   
  17  LM          -8.21731e-05   constant   
  18  wCBO_expCoeff   1.99997e+02   7.06922e-04  -0.00000e+00  -1.20606e+03
  19  wCBO_expOffset   2.00000e+02   4.74888e-05  -0.00000e+00   1.57621e+04
  20  wCBO_expT    2.99997e+01   2.12508e-05  -0.00000e+00   1.38448e+04
  21  wCBO_linCoeff   0.00000e+00   constant   
  22  wCBO_const   1.74688e-02   4.30955e-03   0.00000e+00  -2.17809e+02
 EXTERNAL ERROR MATRIX.    NDIM=  25    NPAR=  4    ERR DEF=1
  4.997e-07  3.283e-08  1.449e-08 -2.992e-06 
  3.283e-08  2.255e-09  9.009e-10 -2.031e-07 
  1.449e-08  9.009e-10  4.516e-10 -8.246e-08 
 -2.992e-06 -2.031e-07 -8.246e-08  1.857e-05 
ERR MATRIX NOT POS-DEF
 PARAMETER  CORRELATION COEFFICIENTS  
       NO.  GLOBAL     18     19     20     22
       18  0.99985   1.000  0.978  0.965 -0.982
       19  0.99801   0.978  1.000  0.893 -0.992
       20  0.99917   0.965  0.893  1.000 -0.900
       22  0.99901  -0.982 -0.992 -0.900  1.000
 ERR MATRIX NOT POS-DEF
MINUIT - FIT ONLY 2-y
 **********
 **   76 **RES 
 **********
                   PARAMETER   14  ANy2 RESTORED TO VARIABLE.
                   PARAMETER    8  phi_CBO RESTORED TO VARIABLE.
                   PARAMETER    7  w_CBO RESTORED TO VARIABLE.
                   PARAMETER    6  A_CBO RESTORED TO VARIABLE.
                   PARAMETER    4  phi RESTORED TO VARIABLE.
                   PARAMETER    3  A0 RESTORED TO VARIABLE.
                   PARAMETER    1  N0 RESTORED TO VARIABLE.
 **********
 **   77 **FIX            0
 **********
 PARAMETER    0  IS UNDEFINED. IGNORED.
 **********
 **   78 **FIX            1
 **********
 **********
 **   79 **FIX            2
 **********
 PARAMETER    2  IS CONSTANT.   IGNORED.
 **********
 **   80 **FIX            3
 **********
 **********
 **   81 **FIX            4
 **********
 **********
 **   82 **FIX            5
 **********
 PARAMETER    5  IS CONSTANT.   IGNORED.
 **********
 **   83 **FIX            6
 **********
 **********
 **   84 **FIX            7
 **********
 **********
 **   85 **FIX            8
 **********
 **********
 **   86 **FIX            9
 **********
 PARAMETER    9  IS CONSTANT.   IGNORED.
 **********
 **   87 **FIX           10
 **********
 PARAMETER   10  IS CONSTANT.   IGNORED.
 **********
 **   88 **FIX           11
 **********
 PARAMETER   11  IS CONSTANT.   IGNORED.
 **********
 **   89 **FIX           12
 **********
 PARAMETER   12  IS CONSTANT.   IGNORED.
 **********
 **   90 **FIX           16
 **********
 PARAMETER   16  IS CONSTANT.   IGNORED.
 **********
 **   91 **MIGRAD
 **********
 START MIGRAD MINIMIZATION.  STRATEGY  1.  CONVERGENCE WHEN EDM .LT. 1.00e-04
 FCN=564.313 FROM MIGRAD    STATUS=INITIATE       10 CALLS        3261 TOTAL
                     EDM= unknown      STRATEGY= 1      NO ERROR MATRIX       
  EXT PARAMETER               CURRENT GUESS       STEP         FIRST   
  NO.   NAME      VALUE            ERROR          SIZE      DERIVATIVE 
   1  N0           2.93469e+06     fixed    
