 + ++++++++++++++++++++++++++++++++++++++++++++++++++++++++++++++++++++ +
 +                                                                      +
 +           You have chose to blind your fitting according to          +
 +                omega_ref * (1 + (R +/- deltaR) *10^{-6})             +
 +                                                                      +
 + ++++++++++++++++++++++++++++++++++++++++++++++++++++++++++++++++++++ +
In main()...
reading format from /gm2data/zkhechad/run45/envelope/formats/formatB_sBin_constraintOn.txt
pBinTau 	= 0  
pBinPhi 	= 0  
constraintau 	= 1 
includeMopTerm 	= 0    
constrainMop    = 0   
Parameters after format file: pBinTau 0 pBinPhi 0 constraintau 1 includeMopTerm 0 constrainMop 0 c_e_scale 0.000000 
reading cbo reference file (full fit) from /gm2data/zkhechad/cboTemplates/Run4CBOTemplates/fullFits/run4/sBin_constraintOn_cE0.0_seed0_run4_calo22.root
A_CBO 0.009526 w_CBO 2.326135 phi_CBO 3.153773 N0 2910883.778789 R -61.156963 tau 64.406920 
Reading cboRef file /gm2data/zkhechad/cboTemplates/Run4CBOTemplates//cboIsolate/run4_calo22.root
deltaT 164.120000
windowBins = 1100
fitting sliding window 2400 from bin 2603 at 388.367600 to bin 3703 at 552.487600 (1100 bins)

Reading data from /gm2data/cornell/histograms/aMethod/histogram_a_run4.root
fitting cbo isolate
 **********
 **    1 **SET PRINTOUT            1
 **********
 **********
 **    2 **SET NOWARNINGS 
 **********
 PARAMETER DEFINITIONS:
    NO.   NAME         VALUE      STEP SIZE      LIMITS
     1 A_CBO        9.52554e-03  1.00000e-05     no limits
     2 w_CBO        2.32614e+00  1.00000e-02    2.00000e+00  3.00000e+00
     3 phi_CBO      3.15377e+00  1.00000e-02    0.00000e+00  6.28319e+00
 **********
 **    3 **MIGRAD
 **********
 FIRST CALL TO USER FUNCTION AT NEW START POINT, WITH IFLAG=4.
 START MIGRAD MINIMIZATION.  STRATEGY  1.  CONVERGENCE WHEN EDM .LT. 1.00e-04
 FCN=0.331294 FROM MIGRAD    STATUS=INITIATE       12 CALLS          13 TOTAL
                     EDM= unknown      STRATEGY= 1      NO ERROR MATRIX       
  EXT PARAMETER               CURRENT GUESS       STEP         FIRST   
  NO.   NAME      VALUE            ERROR          SIZE      DERIVATIVE 
   1  A_CBO        9.52554e-03   1.00000e-05   1.00000e-05   7.74352e+00
   2  w_CBO        2.32614e+00   1.00000e-02   2.13335e-02   3.34855e+00
   3  phi_CBO      3.15377e+00   1.00000e-02   3.18313e-03  -4.40171e-02
 MIGRAD MINIMIZATION HAS CONVERGED.
 MIGRAD WILL VERIFY CONVERGENCE AND ERROR MATRIX.
 COVARIANCE MATRIX CALCULATED SUCCESSFULLY
 FCN=0.303021 FROM HESSE     STATUS=OK             16 CALLS          61 TOTAL
                     EDM=0.000293171    STRATEGY= 1      ERROR MATRIX ACCURATE 
  EXT PARAMETER                                   STEP         FIRST   
  NO.   NAME      VALUE            ERROR          SIZE      DERIVATIVE 
   1  A_CBO        2.86160e-03   4.51794e-02   2.37915e-05   2.48151e-02
   2  w_CBO        2.32556e+00   2.73459e-01   4.11735e-05   2.33655e-02
   3  phi_CBO      3.37850e+00   4.69876e+00   3.01807e-03   4.44159e-04
 MIGRAD MINIMIZATION HAS CONVERGED.
 FCN=0.302758 FROM MIGRAD    STATUS=CONVERGED      84 CALLS          85 TOTAL
                     EDM=2.35278e-06    STRATEGY= 1  ERROR MATRIX UNCERTAINTY   9.9 per cent
  EXT PARAMETER                                   STEP         FIRST   
  NO.   NAME      VALUE            ERROR          SIZE      DERIVATIVE 
   1  A_CBO        2.89119e-03   4.10545e-02  -3.78744e-05  -3.30126e-02
   2  w_CBO        2.32157e+00   1.79859e-01   2.05460e-04  -9.52608e-03
   3  phi_CBO      1.44963e+00   3.56515e+00   3.36593e-03   1.79946e-04
 EXTERNAL ERROR MATRIX.    NDIM=  25    NPAR=  3    ERR DEF=1
  1.685e-03  1.528e-03  7.507e-01 
  1.528e-03  3.409e-02  1.594e+01 
  7.507e-01  1.594e+01  7.653e+03 
 PARAMETER  CORRELATION COEFFICIENTS  
       NO.  GLOBAL      1      2      3
        1  0.21101   1.000  0.202  0.209
        2  0.98685   0.202  1.000  0.987
        3  0.98690   0.209  0.987  1.000
setting A_CBO=0.002891 w_CBO=2.321571, phi_CBO=1.449632
done fitting cbo isolate
 **********
 **    1 **SET PRINTOUT            1
 **********
 **********
 **    2 **SET NOWARNINGS 
 **********
 PARAMETER DEFINITIONS:
    NO.   NAME         VALUE      STEP SIZE      LIMITS
     1 N0           2.91088e+06  1.00000e+02     no limits
     2 tau          6.44069e+01  constant
     3 A0           3.51795e-01  1.00000e-04     no limits
     4 phi          4.11585e+00  1.00000e-02     no limits
     5 R           -6.11570e+01  constant
     6 A_CBO        2.89119e-03  1.00000e-05     no limits
     7 w_CBO        2.32157e+00  1.00000e-03     no limits
     8 phi_CBO      1.44963e+00  1.00000e-04     no limits
     9 ANx2         8.59960e-04  constant
    10 pNx2         1.29548e+00  constant
    11 ANy1         0.00000e+00  constant
    12 pNy1         0.00000e+00  constant
    13 w_y          0.00000e+00  constant
    14 ANy2         8.55552e-03  1.00000e-04     no limits
    15 pNy2         3.07836e+00  constant
    16 w_vw         1.43006e+01  constant
    17 LM           1.55944e-04  constant
    18 wCBO_expCoeff   2.00000e+02  1.00000e+00     no limits
    19 wCBO_expOffset   2.00000e+02  1.00000e+00     no limits
    20 wCBO_expT    3.00000e+01  1.00000e+00     no limits
    21 wCBO_linCoeff   0.00000e+00  constant
    22 wCBO_const   0.00000e+00  1.00000e-02     no limits
MINUIT - FIT ONLY WIGGLE
 **********
 **    3 **FIX            5
 **********
 PARAMETER    5  IS CONSTANT.   IGNORED.
 **********
 **    4 **FIX            6
 **********
 **********
 **    5 **FIX            7
 **********
 **********
 **    6 **FIX            8
 **********
 **********
 **    7 **FIX            9
 **********
 PARAMETER    9  IS CONSTANT.   IGNORED.
 **********
 **    8 **FIX           10
 **********
 PARAMETER   10  IS CONSTANT.   IGNORED.
 **********
 **    9 **FIX           11
 **********
 PARAMETER   11  IS CONSTANT.   IGNORED.
 **********
 **   10 **FIX           12
 **********
 PARAMETER   12  IS CONSTANT.   IGNORED.
 **********
 **   11 **FIX           13
 **********
 PARAMETER   13  IS CONSTANT.   IGNORED.
 **********
 **   12 **FIX           14
 **********
 **********
 **   13 **FIX           15
 **********
 PARAMETER   15  IS CONSTANT.   IGNORED.
 **********
 **   14 **FIX           16
 **********
 PARAMETER   16  IS CONSTANT.   IGNORED.
 **********
 **   15 **MIGRAD
 **********
 FIRST CALL TO USER FUNCTION AT NEW START POINT, WITH IFLAG=4.
 START MIGRAD MINIMIZATION.  STRATEGY  1.  CONVERGENCE WHEN EDM .LT. 1.00e-04
 FCN=392.485 FROM MIGRAD    STATUS=INITIATE       80 CALLS          81 TOTAL
                     EDM= unknown      STRATEGY= 1      NO ERROR MATRIX       
  EXT PARAMETER               CURRENT GUESS       STEP         FIRST   
  NO.   NAME      VALUE            ERROR          SIZE      DERIVATIVE 
   1  N0           2.91088e+06   1.00000e+02   0.00000e+00  -9.35563e-05
   2  tau          6.44069e+01   constant   
   3  A0           3.51795e-01   1.00000e-04   0.00000e+00  -5.61306e+02
   4  phi          4.11585e+00   1.00000e-02   0.00000e+00   7.12123e+02
   5  R           -6.11570e+01   constant   
   6  A_CBO        2.89119e-03     fixed    
   7  w_CBO        2.32157e+00     fixed    
   8  phi_CBO      1.44963e+00     fixed    
   9  ANx2         8.59960e-04   constant   
  10  pNx2         1.29548e+00   constant   
  11  ANy1         0.00000e+00   constant   
  12  pNy1         0.00000e+00   constant   
  13  w_y          0.00000e+00   constant   
  14  ANy2         8.55552e-03     fixed    
  15  pNy2         3.07836e+00   constant   
  16  w_vw         1.43006e+01   constant   
  17  LM           1.55944e-04   constant   
  18  wCBO_expCoeff   2.02927e+02   1.00000e+00   2.92682e+00   3.58270e+00
  19  wCBO_expOffset   2.00000e+02   1.00000e+00   0.00000e+00   2.42342e+01
  20  wCBO_expT    3.00000e+01   1.00000e+00   0.00000e+00   1.53575e+02
  21  wCBO_linCoeff   0.00000e+00   constant   
  22  wCBO_const  -1.00382e-03   1.00000e-02   0.00000e+00   5.61323e+03
 MIGRAD MINIMIZATION HAS CONVERGED.
 FCN=388.133 FROM MIGRAD    STATUS=CONVERGED     217 CALLS         218 TOTAL
                     EDM=8.95209e-07    STRATEGY= 1  ERROR MATRIX UNCERTAINTY   0.7 per cent
  EXT PARAMETER                                   STEP         FIRST   
  NO.   NAME      VALUE            ERROR          SIZE      DERIVATIVE 
   1  N0           2.91126e+06   2.04180e+03   4.30772e+00   1.74896e-07
   2  tau          6.44069e+01   constant   
   3  A0           3.52110e-01   9.47857e-04  -2.23741e-06   2.47299e-01
   4  phi          4.11309e+00   2.88850e-03   1.43122e-05  -3.69674e-01
   5  R           -6.11570e+01   constant   
   6  A_CBO        2.89119e-03     fixed    
   7  w_CBO        2.32157e+00     fixed    
   8  phi_CBO      1.44963e+00     fixed    
   9  ANx2         8.59960e-04   constant   
  10  pNx2         1.29548e+00   constant   
  11  ANy1         0.00000e+00   constant   
  12  pNy1         0.00000e+00   constant   
  13  w_y          0.00000e+00   constant   
  14  ANy2         8.55552e-03     fixed    
  15  pNy2         3.07836e+00   constant   
  16  w_vw         1.43006e+01   constant   
  17  LM           1.55944e-04   constant   
  18  wCBO_expCoeff   1.95605e+02   5.10105e+00  -1.37123e-02  -9.64938e-04
  19  wCBO_expOffset   1.98921e+02   7.53106e-01  -2.05256e-03  -6.21741e-03
  20  wCBO_expT    3.03430e+01   2.42756e-01   6.81966e-04  -3.47939e-02
  21  wCBO_linCoeff   0.00000e+00   constant   
  22  wCBO_const  -1.91042e-03   5.79249e-04   8.36745e-07   1.84378e+00
 EXTERNAL ERROR MATRIX.    NDIM=  25    NPAR=  7    ERR DEF=1
  4.169e+06  2.465e-02 -3.929e-02 -8.357e+02 -1.236e+02  4.101e+01 -6.383e-02 
  2.465e-02  8.984e-07  6.478e-08 -8.243e-05 -1.233e-05  4.481e-06 -2.808e-08 
 -3.929e-02  6.478e-08  8.343e-06  1.454e-03  2.136e-04 -6.731e-05 -2.838e-08 
 -8.357e+02 -8.243e-05  1.454e-03  2.602e+01  3.774e+00 -1.231e+00  1.650e-03 
 -1.236e+02 -1.233e-05  2.136e-04  3.774e+00  5.672e-01 -1.817e-01  2.440e-04 
  4.101e+01  4.481e-06 -6.731e-05 -1.231e+00 -1.817e-01  5.893e-02 -8.322e-05 
 -6.383e-02 -2.808e-08 -2.838e-08  1.650e-03  2.440e-04 -8.322e-05  3.355e-07 
 PARAMETER  CORRELATION COEFFICIENTS  
       NO.  GLOBAL      1      3      4     18     19     20     22
        1  0.09227   1.000  0.013 -0.007 -0.080 -0.080  0.083 -0.054
        3  0.05869   0.013  1.000  0.024 -0.017 -0.017  0.019 -0.051
        4  0.13452  -0.007  0.024  1.000  0.099  0.098 -0.096 -0.017
       18  0.99690  -0.080 -0.017  0.099  1.000  0.982 -0.994  0.558
       19  0.99684  -0.080 -0.017  0.098  0.982  1.000 -0.994  0.559
       20  0.99909   0.083  0.019 -0.096 -0.994 -0.994  1.000 -0.592
       22  0.78785  -0.054 -0.051 -0.017  0.558  0.559 -0.592  1.000
MINUIT - FIT ONLY 1-CBO + other amplitudes 
 **********
 **   16 **RES 
 **********
                   PARAMETER   14  ANy2 RESTORED TO VARIABLE.
                   PARAMETER    8  phi_CBO RESTORED TO VARIABLE.
                   PARAMETER    7  w_CBO RESTORED TO VARIABLE.
                   PARAMETER    6  A_CBO RESTORED TO VARIABLE.
 **********
 **   17 **FIX            0
 **********
 PARAMETER    0  IS UNDEFINED. IGNORED.
 **********
 **   18 **FIX            1
 **********
 **********
 **   19 **FIX            2
 **********
 PARAMETER    2  IS CONSTANT.   IGNORED.
 **********
 **   20 **FIX            3
 **********
 **********
 **   21 **FIX            4
 **********
 **********
 **   22 **FIX            9
 **********
 PARAMETER    9  IS CONSTANT.   IGNORED.
 **********
 **   23 **FIX           11
 **********
 PARAMETER   11  IS CONSTANT.   IGNORED.
 **********
 **   24 **FIX           12
 **********
 PARAMETER   12  IS CONSTANT.   IGNORED.
 **********
 **   25 **FIX           14
 **********
 **********
 **   26 **FIX           15
 **********
 PARAMETER   15  IS CONSTANT.   IGNORED.
 **********
 **   27 **FIX           16
 **********
 PARAMETER   16  IS CONSTANT.   IGNORED.
 **********
 **   28 **MIGRAD
 **********
 START MIGRAD MINIMIZATION.  STRATEGY  1.  CONVERGENCE WHEN EDM .LT. 1.00e-04
 FCN=388.133 FROM MIGRAD    STATUS=INITIATE       20 CALLS         238 TOTAL
                     EDM= unknown      STRATEGY= 1      NO ERROR MATRIX       
  EXT PARAMETER               CURRENT GUESS       STEP         FIRST   
  NO.   NAME      VALUE            ERROR          SIZE      DERIVATIVE 
   1  N0           2.91126e+06     fixed    
   2  tau          6.44069e+01   constant   
   3  A0           3.52110e-01     fixed    
   4  phi          4.11309e+00     fixed    
   5  R           -6.11570e+01   constant   
   6  A_CBO        2.89119e-03   1.00000e-05   1.00000e-05   3.33920e+03
   7  w_CBO        2.32157e+00   1.00000e-03   1.00000e-03   7.10331e-01
   8  phi_CBO      1.44963e+00   1.00000e-04   1.00000e-04  -6.30021e-01
   9  ANx2         8.59960e-04   constant   
  10  pNx2         1.29548e+00   constant   
  11  ANy1         0.00000e+00   constant   
  12  pNy1         0.00000e+00   constant   
  13  w_y          0.00000e+00   constant   
  14  ANy2         8.55552e-03     fixed    
  15  pNy2         3.07836e+00   constant   
  16  w_vw         1.43006e+01   constant   
  17  LM           1.55944e-04   constant   
  18  wCBO_expCoeff   1.95605e+02   5.10105e+00  -1.37123e-02  -9.64971e-04
  19  wCBO_expOffset   1.98921e+02   7.53106e-01  -2.05256e-03  -6.21760e-03
  20  wCBO_expT    3.03430e+01   2.42756e-01   6.81966e-04  -3.47950e-02
  21  wCBO_linCoeff   0.00000e+00   constant   
  22  wCBO_const  -1.91042e-03   5.79249e-04   8.36745e-07   1.84377e+00
 MIGRAD MINIMIZATION HAS CONVERGED.
 MIGRAD WILL VERIFY CONVERGENCE AND ERROR MATRIX.
 FCN=385.293 FROM HESSE     STATUS=NOT POSDEF     50 CALLS         369 TOTAL
                     EDM=0.000263658    STRATEGY= 1      ERR MATRIX NOT POS-DEF
  EXT PARAMETER                APPROXIMATE        STEP         FIRST   
  NO.   NAME      VALUE            ERROR          SIZE      DERIVATIVE 
   1  N0           2.91126e+06     fixed    
   2  tau          6.44069e+01   constant   
   3  A0           3.52110e-01     fixed    
   4  phi          4.11309e+00     fixed    
   5  R           -6.11570e+01   constant   
   6  A_CBO        1.21100e-03   1.00246e-03   9.62581e-06   4.36444e-02
   7  w_CBO        2.32167e+00   8.13553e-03   8.41688e-06   2.46005e-01
   8  phi_CBO      1.57673e+00   9.74785e-01   7.77802e-03   3.89097e-04
   9  ANx2         8.59960e-04   constant   
  10  pNx2         1.29548e+00   constant   
  11  ANy1         0.00000e+00   constant   
  12  pNy1         0.00000e+00   constant   
  13  w_y          0.00000e+00   constant   
  14  ANy2         8.55552e-03     fixed    
  15  pNy2         3.07836e+00   constant   
  16  w_vw         1.43006e+01   constant   
  17  LM           1.55944e-04   constant   
  18  wCBO_expCoeff   1.95608e+02   5.56395e+00   4.48825e-03  -1.48915e-03
  19  wCBO_expOffset   1.98921e+02   8.63482e-01   6.96230e-04  -9.59972e-03
  20  wCBO_expT    3.03430e+01   1.24107e-01   1.07551e-04   2.02462e-01
  21  wCBO_linCoeff   0.00000e+00   constant   
  22  wCBO_const  -1.85975e-03   3.49903e-03   4.05324e-06   8.64096e-01
 MIGRAD MINIMIZATION HAS CONVERGED.
 MIGRAD WILL VERIFY CONVERGENCE AND ERROR MATRIX.
 FCN=385.292 FROM MIGRAD    STATUS=CONVERGED     218 CALLS         436 TOTAL
                     EDM=1.06286e-05    STRATEGY= 1      ERR MATRIX NOT POS-DEF
  EXT PARAMETER                APPROXIMATE        STEP         FIRST   
  NO.   NAME      VALUE            ERROR          SIZE      DERIVATIVE 
   1  N0           2.91126e+06     fixed    
   2  tau          6.44069e+01   constant   
   3  A0           3.52110e-01     fixed    
   4  phi          4.11309e+00     fixed    
   5  R           -6.11570e+01   constant   
   6  A_CBO        1.20781e-03   1.00403e-03   9.62762e-06   2.72933e-01
   7  w_CBO        2.32171e+00   8.21954e-03   8.40430e-06  -3.34178e+00
   8  phi_CBO      1.57559e+00   9.72425e-01   7.73864e-03  -1.84571e-03
   9  ANx2         8.59960e-04   constant   
  10  pNx2         1.29548e+00   constant   
  11  ANy1         0.00000e+00   constant   
  12  pNy1         0.00000e+00   constant   
  13  w_y          0.00000e+00   constant   
  14  ANy2         8.55552e-03     fixed    
  15  pNy2         3.07836e+00   constant   
  16  w_vw         1.43006e+01   constant   
  17  LM           1.55944e-04   constant   
  18  wCBO_expCoeff   1.95847e+02   5.55805e+00   4.48234e-03  -5.73905e-03
  19  wCBO_expOffset   1.98959e+02   8.61429e-01   6.95309e-04  -3.70568e-02
  20  wCBO_expT    3.03311e+01   1.23996e-01   1.07413e-04  -2.43271e-01
  21  wCBO_linCoeff   0.00000e+00   constant   
  22  wCBO_const  -1.86240e-03   3.53486e-03   4.04690e-06  -6.64701e+00
 EXTERNAL ERROR MATRIX.    NDIM=  25    NPAR=  7    ERR DEF=1
  1.008e-06 -1.121e-08  2.159e-05 -1.032e-04 -1.607e-05  4.464e-06 -3.391e-10 
 -1.121e-08  6.756e-05  3.395e-04 -1.708e-03 -2.668e-04 -6.142e-05 -2.854e-05 
  2.159e-05  3.395e-04  9.456e-01 -1.729e-02 -2.725e-03 -2.110e-03  1.789e-04 
 -1.032e-04 -1.708e-03 -1.729e-02  3.089e+01 -2.790e+00 -3.089e-01  1.093e-03 
 -1.607e-05 -2.668e-04 -2.725e-03 -2.790e+00  7.421e-01 -4.801e-02  1.704e-04 
  4.464e-06 -6.142e-05 -2.110e-03 -3.089e-01 -4.801e-02  1.538e-02  1.827e-06 
 -3.391e-10 -2.854e-05  1.789e-04  1.093e-03  1.704e-04  1.827e-06  1.250e-05 
ERR MATRIX NOT POS-DEF
 PARAMETER  CORRELATION COEFFICIENTS  
       NO.  GLOBAL      6      7      8     18     19     20     22
        6  0.07492   1.000 -0.001  0.022 -0.019 -0.019  0.036 -0.000
        7  0.99436  -0.001  1.000  0.042 -0.037 -0.038 -0.060 -0.982
        8  0.56110   0.022  0.042  1.000 -0.003 -0.003 -0.017  0.052
       18  0.99649  -0.019 -0.037 -0.003  1.000 -0.583 -0.448  0.056
       19  0.99650  -0.019 -0.038 -0.003 -0.583  1.000 -0.449  0.056
       20  0.99597   0.036 -0.060 -0.017 -0.448 -0.449  1.000  0.004
       22  0.99291  -0.000 -0.982  0.052  0.056  0.056  0.004  1.000
 ERR MATRIX NOT POS-DEF
MINUIT - FIT ONLY 1-CBO
 **********
 **   29 **RES 
 **********
                   PARAMETER   14  ANy2 RESTORED TO VARIABLE.
                   PARAMETER    4  phi RESTORED TO VARIABLE.
                   PARAMETER    3  A0 RESTORED TO VARIABLE.
                   PARAMETER    1  N0 RESTORED TO VARIABLE.
 **********
 **   30 **FIX            0
 **********
 PARAMETER    0  IS UNDEFINED. IGNORED.
 **********
 **   31 **FIX            1
 **********
 **********
 **   32 **FIX            2
 **********
 PARAMETER    2  IS CONSTANT.   IGNORED.
 **********
 **   33 **FIX            3
 **********
 **********
 **   34 **FIX            4
 **********
 **********
 **   35 **FIX            8
 **********
 **********
 **   36 **FIX            9
 **********
 PARAMETER    9  IS CONSTANT.   IGNORED.
 **********
 **   37 **FIX           11
 **********
 PARAMETER   11  IS CONSTANT.   IGNORED.
 **********
 **   38 **FIX           12
 **********
 PARAMETER   12  IS CONSTANT.   IGNORED.
 **********
 **   39 **FIX           13
 **********
 PARAMETER   13  IS CONSTANT.   IGNORED.
 **********
 **   40 **FIX           15
 **********
 PARAMETER   15  IS CONSTANT.   IGNORED.
 **********
 **   41 **FIX           16
 **********
 PARAMETER   16  IS CONSTANT.   IGNORED.
 **********
 **   42 **MIGRAD
 **********
 START MIGRAD MINIMIZATION.  STRATEGY  1.  CONVERGENCE WHEN EDM .LT. 1.00e-04
 FCN=385.292 FROM MIGRAD    STATUS=INITIATE       16 CALLS         452 TOTAL
                     EDM= unknown      STRATEGY= 1      NO ERROR MATRIX       
  EXT PARAMETER               CURRENT GUESS       STEP         FIRST   
  NO.   NAME      VALUE            ERROR          SIZE      DERIVATIVE 
   1  N0           2.91126e+06     fixed    
   2  tau          6.44069e+01   constant   
   3  A0           3.52110e-01     fixed    
   4  phi          4.11309e+00     fixed    
   5  R           -6.11570e+01   constant   
   6  A_CBO        1.20781e-03   1.00403e-03   9.62762e-06   2.72932e-01
   7  w_CBO        2.32171e+00   8.21954e-03   8.40430e-06  -3.34061e+00
   8  phi_CBO      1.57559e+00     fixed    
   9  ANx2         8.59960e-04   constant   
  10  pNx2         1.29548e+00   constant   
  11  ANy1         0.00000e+00   constant   
  12  pNy1         0.00000e+00   constant   
  13  w_y          0.00000e+00   constant   
  14  ANy2         8.55552e-03   1.00000e-04   1.00000e-04   1.67037e+04
  15  pNy2         3.07836e+00   constant   
  16  w_vw         1.43006e+01   constant   
  17  LM           1.55944e-04   constant   
  18  wCBO_expCoeff   1.95847e+02   5.55805e+00   4.48234e-03  -5.72495e-03
  19  wCBO_expOffset   1.98959e+02   8.61429e-01   6.95309e-04  -3.69628e-02
  20  wCBO_expT    3.03311e+01   1.23996e-01   1.07413e-04  -2.42724e-01
  21  wCBO_linCoeff   0.00000e+00   constant   
  22  wCBO_const  -1.86240e-03   3.53486e-03   4.04690e-06  -6.64588e+00
 MIGRAD MINIMIZATION HAS CONVERGED.
 MIGRAD WILL VERIFY CONVERGENCE AND ERROR MATRIX.
 COVARIANCE MATRIX CALCULATED SUCCESSFULLY
 FCN=316.447 FROM MIGRAD    STATUS=CONVERGED     210 CALLS         646 TOTAL
                     EDM=2.9731e-06    STRATEGY= 1      ERROR MATRIX ACCURATE 
  EXT PARAMETER                                   STEP         FIRST   
  NO.   NAME      VALUE            ERROR          SIZE      DERIVATIVE 
   1  N0           2.91126e+06     fixed    
   2  tau          6.44069e+01   constant   
   3  A0           3.52110e-01     fixed    
   4  phi          4.11309e+00     fixed    
   5  R           -6.11570e+01   constant   
   6  A_CBO        1.20131e-03   1.00450e-03   8.65648e-06   2.26635e+00
   7  w_CBO        2.32113e+00   5.95790e-02   8.09580e-06  -9.21611e-01
   8  phi_CBO      1.57559e+00     fixed    
   9  ANx2         8.59960e-04   constant   
  10  pNx2         1.29548e+00   constant   
  11  ANy1         0.00000e+00   constant   
  12  pNy1         0.00000e+00   constant   
  13  w_y          0.00000e+00   constant   
  14  ANy2         2.85749e-04   9.93577e-04   8.61505e-06   6.13576e-02
  15  pNy2         3.07836e+00   constant   
  16  w_vw         1.43006e+01   constant   
  17  LM           1.55944e-04   constant   
  18  wCBO_expCoeff   1.92960e+02   8.43355e+00   5.08202e-03  -8.90530e-04
  19  wCBO_expOffset   1.98512e+02   1.33305e+00   8.01882e-04  -5.64098e-03
  20  wCBO_expT    3.04616e+01   1.79522e-01   1.22113e-04  -3.65596e-02
  21  wCBO_linCoeff   0.00000e+00   constant   
  22  wCBO_const  -1.71490e-03   2.55961e-02   3.80125e-06  -1.97077e+00
 EXTERNAL ERROR MATRIX.    NDIM=  25    NPAR=  7    ERR DEF=1
  1.009e-06  9.132e-07  9.178e-09  2.195e-04  3.481e-05 -1.046e-05 -4.166e-07 
  9.132e-07  3.550e-03  2.658e-07 -1.123e-01 -1.792e-02 -1.699e-03 -1.525e-03 
  9.178e-09  2.658e-07  9.872e-07  1.135e-04  1.800e-05 -4.917e-06 -1.165e-07 
  2.195e-04 -1.123e-01  1.135e-04  7.112e+01 -6.026e+00 -5.790e-01  4.902e-02 
  3.481e-05 -1.792e-02  1.800e-05 -6.026e+00  1.777e+00 -9.171e-02  7.821e-03 
 -1.046e-05 -1.699e-03 -4.917e-06 -5.790e-01 -9.171e-02  3.223e-02  6.850e-04 
 -4.166e-07 -1.525e-03 -1.165e-07  4.902e-02  7.821e-03  6.850e-04  6.552e-04 
 PARAMETER  CORRELATION COEFFICIENTS  
       NO.  GLOBAL      6      7     14     18     19     20     22
        6  0.14011   1.000  0.015  0.009  0.026  0.026 -0.058 -0.016
        7  0.99988   0.015  1.000  0.004 -0.224 -0.226 -0.159 -1.000
       14  0.08156   0.009  0.004  1.000  0.014  0.014 -0.028 -0.005
       18  0.99760   0.026 -0.224  0.014  1.000 -0.536 -0.382  0.227
       19  0.99761   0.026 -0.226  0.014 -0.536  1.000 -0.383  0.229
       20  0.99694  -0.058 -0.159 -0.028 -0.382 -0.383  1.000  0.149
       22  0.99985  -0.016 -1.000 -0.005  0.227  0.229  0.149  1.000
MINUIT - FIT ONLY 2-CBO
 **********
 **   43 **RES 
 **********
                   PARAMETER    8  phi_CBO RESTORED TO VARIABLE.
                   PARAMETER    4  phi RESTORED TO VARIABLE.
                   PARAMETER    3  A0 RESTORED TO VARIABLE.
                   PARAMETER    1  N0 RESTORED TO VARIABLE.
 **********
 **   44 **FIX            0
 **********
 PARAMETER    0  IS UNDEFINED. IGNORED.
 **********
 **   45 **FIX            1
 **********
 **********
 **   46 **FIX            2
 **********
 PARAMETER    2  IS CONSTANT.   IGNORED.
 **********
 **   47 **FIX            3
 **********
 **********
 **   48 **FIX            4
 **********
 **********
 **   49 **FIX            5
 **********
 PARAMETER    5  IS CONSTANT.   IGNORED.
 **********
 **   50 **FIX            6
 **********
 **********
 **   51 **FIX            7
 **********
 **********
 **   52 **FIX           10
 **********
 PARAMETER   10  IS CONSTANT.   IGNORED.
 **********
 **   53 **FIX           11
 **********
 PARAMETER   11  IS CONSTANT.   IGNORED.
 **********
 **   54 **FIX           12
 **********
 PARAMETER   12  IS CONSTANT.   IGNORED.
 **********
 **   55 **FIX           13
 **********
 PARAMETER   13  IS CONSTANT.   IGNORED.
 **********
 **   56 **FIX           14
 **********
 **********
 **   57 **FIX           15
 **********
 PARAMETER   15  IS CONSTANT.   IGNORED.
 **********
 **   58 **FIX           16
 **********
 PARAMETER   16  IS CONSTANT.   IGNORED.
 **********
 **   59 **MIGRAD
 **********
 START MIGRAD MINIMIZATION.  STRATEGY  1.  CONVERGENCE WHEN EDM .LT. 1.00e-04
 FCN=316.447 FROM MIGRAD    STATUS=INITIATE       10 CALLS         656 TOTAL
                     EDM= unknown      STRATEGY= 1      NO ERROR MATRIX       
  EXT PARAMETER               CURRENT GUESS       STEP         FIRST   
  NO.   NAME      VALUE            ERROR          SIZE      DERIVATIVE 
   1  N0           2.91126e+06     fixed    
   2  tau          6.44069e+01   constant   
   3  A0           3.52110e-01     fixed    
   4  phi          4.11309e+00     fixed    
   5  R           -6.11570e+01   constant   
   6  A_CBO        1.20131e-03     fixed    
   7  w_CBO        2.32113e+00     fixed    
   8  phi_CBO      1.57559e+00   9.72425e-01   9.72425e-01   3.92958e-01
   9  ANx2         8.59960e-04   constant   
  10  pNx2         1.29548e+00   constant   
  11  ANy1         0.00000e+00   constant   
  12  pNy1         0.00000e+00   constant   
  13  w_y          0.00000e+00   constant   
  14  ANy2         2.85749e-04     fixed    
  15  pNy2         3.07836e+00   constant   
  16  w_vw         1.43006e+01   constant   
  17  LM           1.55944e-04   constant   
  18  wCBO_expCoeff   1.92960e+02   8.43355e+00   5.08202e-03  -9.05252e-04
  19  wCBO_expOffset   1.98512e+02   1.33305e+00   8.01882e-04  -5.73186e-03
  20  wCBO_expT    3.04616e+01   1.79522e-01   1.22113e-04  -3.71073e-02
  21  wCBO_linCoeff   0.00000e+00   constant   
  22  wCBO_const  -1.71490e-03   2.55961e-02   3.80125e-06  -1.97064e+00
 MIGRAD MINIMIZATION HAS CONVERGED.
 MIGRAD WILL VERIFY CONVERGENCE AND ERROR MATRIX.
 COVARIANCE MATRIX CALCULATED SUCCESSFULLY
 FCN=316.408 FROM MIGRAD    STATUS=CONVERGED      76 CALLS         722 TOTAL
                     EDM=4.0423e-05    STRATEGY= 1      ERROR MATRIX ACCURATE 
  EXT PARAMETER                                   STEP         FIRST   
  NO.   NAME      VALUE            ERROR          SIZE      DERIVATIVE 
   1  N0           2.91126e+06     fixed    
   2  tau          6.44069e+01   constant   
   3  A0           3.52110e-01     fixed    
   4  phi          4.11309e+00     fixed    
   5  R           -6.11570e+01   constant   
   6  A_CBO        1.20131e-03     fixed    
   7  w_CBO        2.32113e+00     fixed    
   8  phi_CBO      1.37440e+00   1.00707e+00   7.18971e-03  -2.34111e-03
   9  ANx2         8.59960e-04   constant   
  10  pNx2         1.29548e+00   constant   
  11  ANy1         0.00000e+00   constant   
  12  pNy1         0.00000e+00   constant   
  13  w_y          0.00000e+00   constant   
  14  ANy2         2.85749e-04     fixed    
  15  pNy2         3.07836e+00   constant   
  16  w_vw         1.43006e+01   constant   
  17  LM           1.55944e-04   constant   
  18  wCBO_expCoeff   1.92965e+02   9.21947e+00   4.96409e-03   2.36497e-03
  19  wCBO_expOffset   1.98512e+02   1.45613e+00   7.83726e-04   1.49814e-02
  20  wCBO_expT    3.04616e+01   1.91695e-01   1.19564e-04   5.45166e-02
  21  wCBO_linCoeff   0.00000e+00   constant   
  22  wCBO_const  -1.78167e-03   7.00170e-04   3.79044e-06   3.54198e+00
 EXTERNAL ERROR MATRIX.    NDIM=  25    NPAR=  5    ERR DEF=1
  1.014e+00  1.328e-01  2.099e-02 -7.889e-03  3.435e-04 
  1.328e-01  8.500e+01 -8.683e+00 -7.387e-01  1.006e-03 
  2.099e-02 -8.683e+00  2.120e+00 -1.169e-01  1.592e-04 
 -7.889e-03 -7.387e-01 -1.169e-01  3.675e-02 -5.619e-05 
  3.435e-04  1.006e-03  1.592e-04 -5.619e-05  4.902e-07 
 PARAMETER  CORRELATION COEFFICIENTS  
       NO.  GLOBAL      8     18     19     20     22
        8  0.57651   1.000  0.014  0.014 -0.041  0.487
       18  0.99808   0.014  1.000 -0.647 -0.418  0.156
       19  0.99808   0.014 -0.647  1.000 -0.419  0.156
       20  0.99742  -0.041 -0.418 -0.419  1.000 -0.419
       22  0.78131   0.487  0.156  0.156 -0.419  1.000
MINUIT - FIT ONLY 1-y
 **********
 **   60 **RES 
 **********
                   PARAMETER   14  ANy2 RESTORED TO VARIABLE.
                   PARAMETER    7  w_CBO RESTORED TO VARIABLE.
                   PARAMETER    6  A_CBO RESTORED TO VARIABLE.
                   PARAMETER    4  phi RESTORED TO VARIABLE.
                   PARAMETER    3  A0 RESTORED TO VARIABLE.
                   PARAMETER    1  N0 RESTORED TO VARIABLE.
 **********
 **   61 **FIX            0
 **********
 PARAMETER    0  IS UNDEFINED. IGNORED.
 **********
 **   62 **FIX            1
 **********
 **********
 **   63 **FIX            2
 **********
 PARAMETER    2  IS CONSTANT.   IGNORED.
 **********
 **   64 **FIX            3
 **********
 **********
 **   65 **FIX            4
 **********
 **********
 **   66 **FIX            5
 **********
 PARAMETER    5  IS CONSTANT.   IGNORED.
 **********
 **   67 **FIX            6
 **********
 **********
 **   68 **FIX            7
 **********
 **********
 **   69 **FIX            8
 **********
 **********
 **   70 **FIX            9
 **********
 PARAMETER    9  IS CONSTANT.   IGNORED.
 **********
 **   71 **FIX           13
 **********
 PARAMETER   13  IS CONSTANT.   IGNORED.
 **********
 **   72 **FIX           14
 **********
 **********
 **   73 **FIX           15
 **********
 PARAMETER   15  IS CONSTANT.   IGNORED.
 **********
 **   74 **FIX           16
 **********
 PARAMETER   16  IS CONSTANT.   IGNORED.
 **********
 **   75 **MIGRAD
 **********
 START MIGRAD MINIMIZATION.  STRATEGY  1.  CONVERGENCE WHEN EDM .LT. 1.00e-04
 FCN=316.408 FROM MIGRAD    STATUS=INITIATE        8 CALLS         730 TOTAL
                     EDM= unknown      STRATEGY= 1      NO ERROR MATRIX       
  EXT PARAMETER               CURRENT GUESS       STEP         FIRST   
  NO.   NAME      VALUE            ERROR          SIZE      DERIVATIVE 
   1  N0           2.91126e+06     fixed    
   2  tau          6.44069e+01   constant   
   3  A0           3.52110e-01     fixed    
   4  phi          4.11309e+00     fixed    
   5  R           -6.11570e+01   constant   
   6  A_CBO        1.20131e-03     fixed    
   7  w_CBO        2.32113e+00     fixed    
   8  phi_CBO      1.37440e+00     fixed    
   9  ANx2         8.59960e-04   constant   
  10  pNx2         1.29548e+00   constant   
  11  ANy1         0.00000e+00   constant   
  12  pNy1         0.00000e+00   constant   
  13  w_y          0.00000e+00   constant   
  14  ANy2         2.85749e-04     fixed    
  15  pNy2         3.07836e+00   constant   
  16  w_vw         1.43006e+01   constant   
  17  LM           1.55944e-04   constant   
  18  wCBO_expCoeff   1.92965e+02   9.21947e+00   4.96409e-03   2.35367e-03
  19  wCBO_expOffset   1.98512e+02   1.45613e+00   7.83726e-04   1.49123e-02
  20  wCBO_expT    3.04616e+01   1.91695e-01   1.19564e-04   5.41086e-02
  21  wCBO_linCoeff   0.00000e+00   constant   
  22  wCBO_const  -1.78167e-03   7.00170e-04   3.79044e-06   3.54482e+00
 MIGRAD MINIMIZATION HAS CONVERGED.
 MIGRAD WILL VERIFY CONVERGENCE AND ERROR MATRIX.
 COVARIANCE MATRIX CALCULATED SUCCESSFULLY
 FCN=316.408 FROM MIGRAD    STATUS=CONVERGED      45 CALLS         767 TOTAL
                     EDM=3.90707e-05    STRATEGY= 1      ERROR MATRIX ACCURATE 
  EXT PARAMETER                                   STEP         FIRST   
  NO.   NAME      VALUE            ERROR          SIZE      DERIVATIVE 
   1  N0           2.91126e+06     fixed    
   2  tau          6.44069e+01   constant   
   3  A0           3.52110e-01     fixed    
   4  phi          4.11309e+00     fixed    
   5  R           -6.11570e+01   constant   
   6  A_CBO        1.20131e-03     fixed    
   7  w_CBO        2.32113e+00     fixed    
   8  phi_CBO      1.37440e+00     fixed    
   9  ANx2         8.59960e-04   constant   
  10  pNx2         1.29548e+00   constant   
  11  ANy1         0.00000e+00   constant   
  12  pNy1         0.00000e+00   constant   
  13  w_y          0.00000e+00   constant   
  14  ANy2         2.85749e-04     fixed    
  15  pNy2         3.07836e+00   constant   
  16  w_vw         1.43006e+01   constant   
  17  LM           1.55944e-04   constant   
  18  wCBO_expCoeff   1.92965e+02   9.23149e+00   4.97320e-03  -7.18255e-05
  19  wCBO_expOffset   1.98512e+02   1.45836e+00   7.85073e-04  -4.54994e-04
  20  wCBO_expT    3.04616e+01   1.91744e-01   1.19780e-04  -4.76080e-02
  21  wCBO_linCoeff   0.00000e+00   constant   
  22  wCBO_const  -1.78178e-03   6.11611e-04   3.80161e-06   8.95897e-01
 EXTERNAL ERROR MATRIX.    NDIM=  25    NPAR=  4    ERR DEF=1
  8.522e+01 -8.717e+00 -7.388e-01  9.629e-04 
 -8.717e+00  2.127e+00 -1.171e-01  1.525e-04 
 -7.388e-01 -1.171e-01  3.677e-02 -5.363e-05 
  9.629e-04  1.525e-04 -5.363e-05  3.741e-07 
 PARAMETER  CORRELATION COEFFICIENTS  
       NO.  GLOBAL     18     19     20     22
       18  0.99808   1.000 -0.647 -0.417  0.171
       19  0.99808  -0.647  1.000 -0.419  0.171
       20  0.99742  -0.417 -0.419  1.000 -0.457
       22  0.69962   0.171  0.171 -0.457  1.000
MINUIT - FIT ONLY 2-y
 **********
 **   76 **RES 
 **********
                   PARAMETER   14  ANy2 RESTORED TO VARIABLE.
                   PARAMETER    8  phi_CBO RESTORED TO VARIABLE.
                   PARAMETER    7  w_CBO RESTORED TO VARIABLE.
                   PARAMETER    6  A_CBO RESTORED TO VARIABLE.
                   PARAMETER    4  phi RESTORED TO VARIABLE.
                   PARAMETER    3  A0 RESTORED TO VARIABLE.
                   PARAMETER    1  N0 RESTORED TO VARIABLE.
 **********
 **   77 **FIX            0
 **********
 PARAMETER    0  IS UNDEFINED. IGNORED.
 **********
 **   78 **FIX            1
 **********
 **********
 **   79 **FIX            2
 **********
 PARAMETER    2  IS CONSTANT.   IGNORED.
 **********
 **   80 **FIX            3
 **********
 **********
 **   81 **FIX            4
 **********
 **********
 **   82 **FIX            5
 **********
 PARAMETER    5  IS CONSTANT.   IGNORED.
 **********
 **   83 **FIX            6
 **********
 **********
 **   84 **FIX            7
 **********
 **********
 **   85 **FIX            8
 **********
 **********
 **   86 **FIX            9
 **********
 PARAMETER    9  IS CONSTANT.   IGNORED.
 **********
 **   87 **FIX           10
 **********
 PARAMETER   10  IS CONSTANT.   IGNORED.
 **********
 **   88 **FIX           11
 **********
 PARAMETER   11  IS CONSTANT.   IGNORED.
 **********
 **   89 **FIX           12
 **********
 PARAMETER   12  IS CONSTANT.   IGNORED.
 **********
 **   90 **FIX           16
 **********
 PARAMETER   16  IS CONSTANT.   IGNORED.
 **********
 **   91 **MIGRAD
 **********
 START MIGRAD MINIMIZATION.  STRATEGY  1.  CONVERGENCE WHEN EDM .LT. 1.00e-04
 FCN=316.408 FROM MIGRAD    STATUS=INITIATE       10 CALLS         777 TOTAL
                     EDM= unknown      STRATEGY= 1      NO ERROR MATRIX       
  EXT PARAMETER               CURRENT GUESS       STEP         FIRST   
  NO.   NAME      VALUE            ERROR          SIZE      DERIVATIVE 
   1  N0           2.91126e+06     fixed    
   2  tau          6.44069e+01   constant   
   3  A0           3.52110e-01     fixed    
   4  phi          4.11309e+00     fixed    
   5  R           -6.11570e+01   constant   
   6  A_CBO        1.20131e-03     fixed    
   7  w_CBO        2.32113e+00     fixed    
   8  phi_CBO      1.37440e+00     fixed    
   9  ANx2         8.59960e-04   constant   
  10  pNx2         1.29548e+00   constant   
  11  ANy1         0.00000e+00   constant   
  12  pNy1         0.00000e+00   constant   
  13  w_y          0.00000e+00   constant   
  14  ANy2         2.85749e-04   9.93577e-04   9.93577e-04   6.44961e+00
  15  pNy2         3.07836e+00   constant   
  16  w_vw         1.43006e+01   constant   
  17  LM           1.55944e-04   constant   
  18  wCBO_expCoeff   1.92965e+02   9.23149e+00   4.97320e-03  -7.36793e-05
  19  wCBO_expOffset   1.98512e+02   1.45836e+00   7.85073e-04  -4.66338e-04
  20  wCBO_expT    3.04616e+01   1.91744e-01   1.19780e-04  -4.80134e-02
  21  wCBO_linCoeff   0.00000e+00   constant   
  22  wCBO_const  -1.78178e-03   6.11611e-04   3.80161e-06   8.98760e-01
 MIGRAD MINIMIZATION HAS CONVERGED.
 MIGRAD WILL VERIFY CONVERGENCE AND ERROR MATRIX.
 COVARIANCE MATRIX CALCULATED SUCCESSFULLY
 FCN=316.408 FROM MIGRAD    STATUS=CONVERGED      52 CALLS         819 TOTAL
                     EDM=4.04252e-05    STRATEGY= 1      ERROR MATRIX ACCURATE 
  EXT PARAMETER                                   STEP         FIRST   
  NO.   NAME      VALUE            ERROR          SIZE      DERIVATIVE 
   1  N0           2.91126e+06     fixed    
   2  tau          6.44069e+01   constant   
   3  A0           3.52110e-01     fixed    
   4  phi          4.11309e+00     fixed    
   5  R           -6.11570e+01   constant   
   6  A_CBO        1.20131e-03     fixed    
   7  w_CBO        2.32113e+00     fixed    
   8  phi_CBO      1.37440e+00     fixed    
   9  ANx2         8.59960e-04   constant   
  10  pNx2         1.29548e+00   constant   
  11  ANy1         0.00000e+00   constant   
  12  pNy1         0.00000e+00   constant   
  13  w_y          0.00000e+00   constant   
  14  ANy2         2.82586e-04   9.92995e-04   8.61457e-06  -3.75279e-02
  15  pNy2         3.07836e+00   constant   
  16  w_vw         1.43006e+01   constant   
  17  LM           1.55944e-04   constant   
  18  wCBO_expCoeff   1.92965e+02   9.21237e+00   4.97275e-03   1.56973e-03
  19  wCBO_expOffset   1.98512e+02   1.45514e+00   7.85003e-04   9.94386e-03
  20  wCBO_expT    3.04616e+01   1.91514e-01   1.19771e-04   1.86496e-02
  21  wCBO_linCoeff   0.00000e+00   constant   
  22  wCBO_const  -1.78186e-03   6.11431e-04   3.80160e-06   1.46938e+00
 EXTERNAL ERROR MATRIX.    NDIM=  25    NPAR=  5    ERR DEF=1
  9.860e-07  1.220e-04  1.934e-05 -4.959e-06 -7.652e-10 
  1.220e-04  8.487e+01 -8.669e+00 -7.374e-01  9.601e-04 
  1.934e-05 -8.669e+00  2.117e+00 -1.168e-01  1.519e-04 
 -4.959e-06 -7.374e-01 -1.168e-01  3.668e-02 -5.347e-05 
 -7.652e-10  9.601e-04  1.519e-04 -5.347e-05  3.738e-07 
 PARAMETER  CORRELATION COEFFICIENTS  
       NO.  GLOBAL     14     18     19     20     22
       14  0.07401   1.000  0.013  0.013 -0.026 -0.001
       18  0.99807   0.013  1.000 -0.647 -0.418  0.170
       19  0.99808   0.013 -0.647  1.000 -0.419  0.171
       20  0.99741  -0.026 -0.418 -0.419  1.000 -0.457
       22  0.69943  -0.001  0.170  0.171 -0.457  1.000
MINUIT - FIT ALTOGETHER
 **********
 **   92 **RES 
 **********
                   PARAMETER    8  phi_CBO RESTORED TO VARIABLE.
                   PARAMETER    7  w_CBO RESTORED TO VARIABLE.
                   PARAMETER    6  A_CBO RESTORED TO VARIABLE.
                   PARAMETER    4  phi RESTORED TO VARIABLE.
                   PARAMETER    3  A0 RESTORED TO VARIABLE.
                   PARAMETER    1  N0 RESTORED TO VARIABLE.
 **********
 **   93 **MIGRAD
 **********
