 + ++++++++++++++++++++++++++++++++++++++++++++++++++++++++++++++++++++ +
 +                                                                      +
 +           You have chose to blind your fitting according to          +
 +                omega_ref * (1 + (R +/- deltaR) *10^{-6})             +
 +                                                                      +
 + ++++++++++++++++++++++++++++++++++++++++++++++++++++++++++++++++++++ +
In main()...
reading format from /gm2data/zkhechad/run45/envelope/formats/formatB_sBin_constraintOn.txt
pBinTau 	= 0  
pBinPhi 	= 0  
constraintau 	= 1 
includeMopTerm 	= 0    
constrainMop    = 0   
Parameters after format file: pBinTau 0 pBinPhi 0 constraintau 1 includeMopTerm 0 constrainMop 0 c_e_scale 0.000000 
reading cbo reference file (full fit) from /gm2data/zkhechad/cboTemplates/Run4CBOTemplates/fullFits/run4/sBin_constraintOn_cE0.0_seed0_run4_calo10.root
A_CBO 0.009734 w_CBO 2.326087 phi_CBO 0.029548 N0 2975169.599894 R -60.949257 tau 64.405372 
Reading cboRef file /gm2data/zkhechad/cboTemplates/Run4CBOTemplates//cboIsolate/run4_calo10.root
deltaT 15.865924
windowBins = 120
fitting sliding window 480 from bin 683 at 101.903600 to bin 803 at 119.807600 (120 bins)

Reading data from /gm2data/cornell/histograms/aMethod/histogram_a_run4.root
fitting cbo isolate
 **********
 **    1 **SET PRINTOUT            1
 **********
 **********
 **    2 **SET NOWARNINGS 
 **********
 PARAMETER DEFINITIONS:
    NO.   NAME         VALUE      STEP SIZE      LIMITS
     1 A_CBO        9.73400e-03  1.00000e-05     no limits
     2 w_CBO        2.32609e+00  1.00000e-02    2.00000e+00  3.00000e+00
     3 phi_CBO      2.95478e-02  1.00000e-02    0.00000e+00  6.28319e+00
 **********
 **    3 **MIGRAD
 **********
 FIRST CALL TO USER FUNCTION AT NEW START POINT, WITH IFLAG=4.
 START MIGRAD MINIMIZATION.  STRATEGY  1.  CONVERGENCE WHEN EDM .LT. 1.00e-04
 FCN=0.00138865 FROM MIGRAD    STATUS=INITIATE       10 CALLS          11 TOTAL
                     EDM= unknown      STRATEGY= 1      NO ERROR MATRIX       
  EXT PARAMETER               CURRENT GUESS       STEP         FIRST   
  NO.   NAME      VALUE            ERROR          SIZE      DERIVATIVE 
   1  A_CBO        9.73400e-03   1.00000e-05   1.00000e-05   5.42917e-01
   2  w_CBO        2.32609e+00   1.00000e-02   2.13343e-02  -8.39574e-04
   3  phi_CBO      2.95478e-02   1.00000e-02   2.36132e-02   4.02190e-06
 MIGRAD MINIMIZATION HAS CONVERGED.
 MIGRAD WILL VERIFY CONVERGENCE AND ERROR MATRIX.
 FCN=0.000139077 FROM MIGRAD    STATUS=CONVERGED      39 CALLS          40 TOTAL
                     EDM=1.80544e-07    STRATEGY= 1      ERR MATRIX NOT POS-DEF
  EXT PARAMETER                APPROXIMATE        STEP         FIRST   
  NO.   NAME      VALUE            ERROR          SIZE      DERIVATIVE 
   1  A_CBO        5.13063e-03   1.21856e-01   6.35910e-05  -1.70538e-06
   2  w_CBO        2.32611e+00   6.58401e-01   1.68157e-04   1.03395e-03
   3  phi_CBO      2.81118e-02   5.07507e+00   3.06978e-02  -8.33800e-06
 EXTERNAL ERROR MATRIX.    NDIM=  25    NPAR=  3    ERR DEF=1
  1.485e-02 -6.772e-02 -7.884e+00 
 -6.772e-02  1.173e+01  1.363e+03 
 -7.884e+00  1.363e+03  1.589e+05 
ERR MATRIX NOT POS-DEF
 PARAMETER  CORRELATION COEFFICIENTS  
       NO.  GLOBAL      1      2      3
        1  0.16236   1.000 -0.162 -0.162
        2  0.99815  -0.162  1.000  0.998
        3  0.99815  -0.162  0.998  1.000
 ERR MATRIX NOT POS-DEF
setting A_CBO=0.005131 w_CBO=2.326110, phi_CBO=0.028112
done fitting cbo isolate
 **********
 **    1 **SET PRINTOUT            1
 **********
 **********
 **    2 **SET NOWARNINGS 
 **********
 PARAMETER DEFINITIONS:
    NO.   NAME         VALUE      STEP SIZE      LIMITS
     1 N0           2.97517e+06  1.00000e+02     no limits
     2 tau          6.44054e+01  constant
     3 A0           3.48516e-01  1.00000e-04     no limits
     4 phi          4.11546e+00  1.00000e-02     no limits
     5 R           -6.09493e+01  constant
     6 A_CBO        5.13063e-03  1.00000e-05     no limits
     7 w_CBO        2.32611e+00  1.00000e-03     no limits
     8 phi_CBO      2.81118e-02  1.00000e-04     no limits
     9 ANx2         7.43781e-04  constant
    10 pNx2         1.57222e+00  constant
    11 ANy1         0.00000e+00  constant
    12 pNy1         0.00000e+00  constant
    13 w_y          0.00000e+00  constant
    14 ANy2         7.31057e-03  1.00000e-04     no limits
    15 pNy2         6.06093e+00  constant
    16 w_vw         1.43032e+01  constant
    17 LM           6.04551e-05  constant
    18 wCBO_expCoeff   2.00000e+02  1.00000e+00     no limits
    19 wCBO_expOffset   2.00000e+02  1.00000e+00     no limits
    20 wCBO_expT    3.00000e+01  1.00000e+00     no limits
    21 wCBO_linCoeff   0.00000e+00  constant
    22 wCBO_const   0.00000e+00  1.00000e-02     no limits
MINUIT - FIT ONLY WIGGLE
 **********
 **    3 **FIX            5
 **********
 PARAMETER    5  IS CONSTANT.   IGNORED.
 **********
 **    4 **FIX            6
 **********
 **********
 **    5 **FIX            7
 **********
 **********
 **    6 **FIX            8
 **********
 **********
 **    7 **FIX            9
 **********
 PARAMETER    9  IS CONSTANT.   IGNORED.
 **********
 **    8 **FIX           10
 **********
 PARAMETER   10  IS CONSTANT.   IGNORED.
 **********
 **    9 **FIX           11
 **********
 PARAMETER   11  IS CONSTANT.   IGNORED.
 **********
 **   10 **FIX           12
 **********
 PARAMETER   12  IS CONSTANT.   IGNORED.
 **********
 **   11 **FIX           13
 **********
 PARAMETER   13  IS CONSTANT.   IGNORED.
 **********
 **   12 **FIX           14
 **********
 **********
 **   13 **FIX           15
 **********
 PARAMETER   15  IS CONSTANT.   IGNORED.
 **********
 **   14 **FIX           16
 **********
 PARAMETER   16  IS CONSTANT.   IGNORED.
 **********
 **   15 **MIGRAD
 **********
 FIRST CALL TO USER FUNCTION AT NEW START POINT, WITH IFLAG=4.
 START MIGRAD MINIMIZATION.  STRATEGY  1.  CONVERGENCE WHEN EDM .LT. 1.00e-04
 FCN=2128.19 FROM MIGRAD    STATUS=INITIATE       60 CALLS          61 TOTAL
                     EDM= unknown      STRATEGY= 1      NO ERROR MATRIX       
  EXT PARAMETER               CURRENT GUESS       STEP         FIRST   
  NO.   NAME      VALUE            ERROR          SIZE      DERIVATIVE 
   1  N0           2.97517e+06   1.00000e+02   0.00000e+00  -5.39703e-04
   2  tau          6.44054e+01   constant   
   3  A0           3.48516e-01   1.00000e-04   0.00000e+00  -3.23469e+04
   4  phi          4.11546e+00   1.00000e-02   0.00000e+00   6.58912e+03
   5  R           -6.09493e+01   constant   
   6  A_CBO        5.13063e-03     fixed    
   7  w_CBO        2.32611e+00     fixed    
   8  phi_CBO      2.81118e-02     fixed    
   9  ANx2         7.43781e-04   constant   
  10  pNx2         1.57222e+00   constant   
  11  ANy1         0.00000e+00   constant   
  12  pNy1         0.00000e+00   constant   
  13  w_y          0.00000e+00   constant   
  14  ANy2         7.31057e-03     fixed    
  15  pNy2         6.06093e+00   constant   
  16  w_vw         1.43032e+01   constant   
  17  LM           6.04551e-05   constant   
  18  wCBO_expCoeff   2.00000e+02   1.00000e+00   3.36326e-04  -2.22685e+04
  19  wCBO_expOffset   2.00000e+02   1.00000e+00   0.00000e+00   1.35210e+06
  20  wCBO_expT    3.00000e+01   1.00000e+00   0.00000e+00   1.04614e+07
  21  wCBO_linCoeff   0.00000e+00   constant   
  22  wCBO_const   0.00000e+00   1.00000e-02   0.00000e+00   3.37256e+03
 MIGRAD FAILS TO FIND IMPROVEMENT
 FCN=2115.02 FROM HESSE     STATUS=NOT POSDEF     56 CALLS         165 TOTAL
                     EDM=2030.55    STRATEGY= 1      ERR MATRIX NOT POS-DEF
  EXT PARAMETER                APPROXIMATE        STEP         FIRST   
  NO.   NAME      VALUE            ERROR          SIZE      DERIVATIVE 
   1  N0           2.97522e+06   5.05136e+02   9.73678e+00   1.92044e-04
   2  tau          6.44054e+01   constant   
   3  A0           3.49131e-01   7.21488e-04   4.45528e-06  -1.36508e+03
   4  phi          4.11441e+00   1.06562e-03   1.29053e-05  -2.14789e+01
   5  R           -6.09493e+01   constant   
   6  A_CBO        5.13063e-03     fixed    
   7  w_CBO        2.32611e+00     fixed    
   8  phi_CBO      2.81118e-02     fixed    
   9  ANx2         7.43781e-04   constant   
  10  pNx2         1.57222e+00   constant   
  11  ANy1         0.00000e+00   constant   
  12  pNy1         0.00000e+00   constant   
  13  w_y          0.00000e+00   constant   
  14  ANy2         7.31057e-03     fixed    
  15  pNy2         6.06093e+00   constant   
  16  w_vw         1.43032e+01   constant   
  17  LM           6.04551e-05   constant   
  18  wCBO_expCoeff   2.00000e+02   9.70520e-05   9.53676e-05  -1.57241e+05
  19  wCBO_expOffset   2.00000e+02   4.24093e-05   9.53674e-05  -3.53939e+06
  20  wCBO_expT    3.00000e+01   8.91201e-06   1.43051e-05   7.56999e+06
  21  wCBO_linCoeff   0.00000e+00   constant   
  22  wCBO_const  -8.79251e-05   9.79479e-04   5.15301e-06  -7.30899e+03
 MIGRAD FAILS TO FIND IMPROVEMENT
 MIGRAD TERMINATED WITHOUT CONVERGENCE.
 FCN=2114.46 FROM MIGRAD    STATUS=FAILED        215 CALLS         216 TOTAL
                     EDM=17.9416    STRATEGY= 1      ERR MATRIX NOT POS-DEF
  EXT PARAMETER                APPROXIMATE        STEP         FIRST   
  NO.   NAME      VALUE            ERROR          SIZE      DERIVATIVE 
   1  N0           2.97523e+06   3.70218e+02  -0.00000e+00   2.50933e-04
   2  tau          6.44054e+01   constant   
   3  A0           3.49101e-01   2.20600e-04   0.00000e+00  -3.39689e+03
   4  phi          4.11436e+00   4.93695e-04   0.00000e+00  -5.23133e+01
   5  R           -6.09493e+01   constant   
   6  A_CBO        5.13063e-03     fixed    
   7  w_CBO        2.32611e+00     fixed    
   8  phi_CBO      2.81118e-02     fixed    
   9  ANx2         7.43781e-04   constant   
  10  pNx2         1.57222e+00   constant   
  11  ANy1         0.00000e+00   constant   
  12  pNy1         0.00000e+00   constant   
  13  w_y          0.00000e+00   constant   
  14  ANy2         7.31057e-03     fixed    
  15  pNy2         6.06093e+00   constant   
  16  w_vw         1.43032e+01   constant   
  17  LM           6.04551e-05   constant   
  18  wCBO_expCoeff   2.00000e+02   1.83448e-05  -0.00000e+00  -1.08563e+05
  19  wCBO_expOffset   2.00000e+02   9.83843e-07   0.00000e+00   1.40913e+06
  20  wCBO_expT    3.00000e+01   2.73891e-06  -0.00000e+00   1.12952e+07
  21  wCBO_linCoeff   0.00000e+00   constant   
  22  wCBO_const  -1.30563e-04   2.33998e-04   0.00000e+00  -1.69146e+02
 EXTERNAL ERROR MATRIX.    NDIM=  25    NPAR=  7    ERR DEF=1
  1.371e+05 -6.918e-03 -2.275e-04  9.263e-04 -4.880e-06  1.471e-04 -4.883e-03 
 -6.918e-03  4.866e-08  1.190e-08 -2.320e-09  1.595e-11 -3.973e-10  1.825e-08 
 -2.275e-04  1.190e-08  2.437e-07 -1.737e-09  6.906e-12 -2.468e-10  7.617e-09 
  9.263e-04 -2.320e-09 -1.737e-09  3.365e-10  5.266e-13  4.242e-11 -3.951e-09 
 -4.880e-06  1.595e-11  6.906e-12  5.266e-13  9.679e-13 -2.372e-13 -3.119e-11 
  1.471e-04 -3.973e-10 -2.468e-10  4.242e-11 -2.372e-13  7.502e-12 -3.737e-10 
 -4.883e-03  1.825e-08  7.617e-09 -3.951e-09 -3.119e-11 -3.737e-10  5.476e-08 
ERR MATRIX NOT POS-DEF
 PARAMETER  CORRELATION COEFFICIENTS  
       NO.  GLOBAL      1      3      4     18     19     20     22
        1  0.74947   1.000 -0.085 -0.001  0.136 -0.013  0.145 -0.056
        3  0.91773  -0.085  1.000  0.109 -0.573  0.073 -0.658  0.354
        4  0.90674  -0.001  0.109  1.000 -0.192  0.014 -0.183  0.066
       18  0.99949   0.136 -0.573 -0.192  1.000  0.029  0.844 -0.920
       19  0.55313  -0.013  0.073  0.014  0.029  1.000 -0.088 -0.135
       20  0.99674   0.145 -0.658 -0.183  0.844 -0.088  1.000 -0.583
       22  0.99884  -0.056  0.354  0.066 -0.920 -0.135 -0.583  1.000
 ERR MATRIX NOT POS-DEF
MINUIT - FIT ONLY 1-CBO + other amplitudes 
 **********
 **   16 **RES 
 **********
                   PARAMETER   14  ANy2 RESTORED TO VARIABLE.
                   PARAMETER    8  phi_CBO RESTORED TO VARIABLE.
                   PARAMETER    7  w_CBO RESTORED TO VARIABLE.
                   PARAMETER    6  A_CBO RESTORED TO VARIABLE.
 **********
 **   17 **FIX            0
 **********
 PARAMETER    0  IS UNDEFINED. IGNORED.
 **********
 **   18 **FIX            1
 **********
 **********
 **   19 **FIX            2
 **********
 PARAMETER    2  IS CONSTANT.   IGNORED.
 **********
 **   20 **FIX            3
 **********
 **********
 **   21 **FIX            4
 **********
 **********
 **   22 **FIX            9
 **********
 PARAMETER    9  IS CONSTANT.   IGNORED.
 **********
 **   23 **FIX           11
 **********
 PARAMETER   11  IS CONSTANT.   IGNORED.
 **********
 **   24 **FIX           12
 **********
 PARAMETER   12  IS CONSTANT.   IGNORED.
 **********
 **   25 **FIX           14
 **********
 **********
 **   26 **FIX           15
 **********
 PARAMETER   15  IS CONSTANT.   IGNORED.
 **********
 **   27 **FIX           16
 **********
 PARAMETER   16  IS CONSTANT.   IGNORED.
 **********
 **   28 **MIGRAD
 **********
 START MIGRAD MINIMIZATION.  STRATEGY  1.  CONVERGENCE WHEN EDM .LT. 1.00e-04
 FCN=2114.46 FROM MIGRAD    STATUS=INITIATE       22 CALLS         238 TOTAL
                     EDM= unknown      STRATEGY= 1      NO ERROR MATRIX       
  EXT PARAMETER               CURRENT GUESS       STEP         FIRST   
  NO.   NAME      VALUE            ERROR          SIZE      DERIVATIVE 
   1  N0           2.97523e+06     fixed    
   2  tau          6.44054e+01   constant   
   3  A0           3.49101e-01     fixed    
   4  phi          4.11436e+00     fixed    
   5  R           -6.09493e+01   constant   
   6  A_CBO        5.13063e-03   1.00000e-05   1.00000e-05   1.76597e+05
   7  w_CBO        2.32611e+00   1.00000e-03   1.00000e-03  -9.34041e+06
   8  phi_CBO      2.81118e-02   1.00000e-04   1.00000e-04   7.19381e+01
   9  ANx2         7.43781e-04   constant   
  10  pNx2         1.57222e+00   constant   
  11  ANy1         0.00000e+00   constant   
  12  pNy1         0.00000e+00   constant   
  13  w_y          0.00000e+00   constant   
  14  ANy2         7.31057e-03     fixed    
  15  pNy2         6.06093e+00   constant   
  16  w_vw         1.43032e+01   constant   
  17  LM           6.04551e-05   constant   
  18  wCBO_expCoeff   2.00000e+02   1.83448e-05  -0.00000e+00  -1.08563e+05
  19  wCBO_expOffset   2.00000e+02   9.83843e-07   0.00000e+00   1.40913e+06
  20  wCBO_expT    3.00000e+01   2.73891e-06  -0.00000e+00   1.12952e+07
  21  wCBO_linCoeff   0.00000e+00   constant   
  22  wCBO_const  -1.30563e-04   2.33998e-04   0.00000e+00  -1.69144e+02
 MIGRAD FAILS TO FIND IMPROVEMENT
 FCN=1767.57 FROM HESSE     STATUS=NOT POSDEF     54 CALLS         761 TOTAL
                     EDM=401.709    STRATEGY= 1      ERR MATRIX NOT POS-DEF
  EXT PARAMETER                APPROXIMATE        STEP         FIRST   
  NO.   NAME      VALUE            ERROR          SIZE      DERIVATIVE 
   1  N0           2.97523e+06     fixed    
   2  tau          6.44054e+01   constant   
   3  A0           3.49101e-01     fixed    
   4  phi          4.11436e+00     fixed    
   5  R           -6.09493e+01   constant   
   6  A_CBO        1.33667e-03   1.89888e-03   4.27384e-06   2.94734e+00
   7  w_CBO        2.32611e+00   7.48912e-07   1.10918e-06  -1.39399e+07
   8  phi_CBO     -3.27271e-01   3.72699e-01   3.15261e-03   2.58973e+01
   9  ANx2         7.43781e-04   constant   
  10  pNx2         1.57222e+00   constant   
  11  ANy1         0.00000e+00   constant   
  12  pNy1         0.00000e+00   constant   
  13  w_y          0.00000e+00   constant   
  14  ANy2         7.31057e-03     fixed    
  15  pNy2         6.06093e+00   constant   
  16  w_vw         1.43032e+01   constant   
  17  LM           6.04551e-05   constant   
  18  wCBO_expCoeff   2.00000e+02   6.43840e-05   9.53676e-05  -1.62089e+05
  19  wCBO_expOffset   2.00000e+02   6.51409e-05   9.53674e-05  -1.08934e+06
  20  wCBO_expT    3.00000e+01   9.21239e-06   1.43051e-05   3.23942e+06
  21  wCBO_linCoeff   0.00000e+00   constant   
  22  wCBO_const  -5.41317e-04   1.65422e-03   6.96677e-06  -7.79772e+03
 MIGRAD FAILS TO FIND IMPROVEMENT
 MIGRAD TERMINATED WITHOUT CONVERGENCE.
 FCN=1765.08 FROM MIGRAD    STATUS=FAILED        766 CALLS         982 TOTAL
                     EDM=15.3233    STRATEGY= 1      ERR MATRIX NOT POS-DEF
  EXT PARAMETER                APPROXIMATE        STEP         FIRST   
  NO.   NAME      VALUE            ERROR          SIZE      DERIVATIVE 
   1  N0           2.97523e+06     fixed    
   2  tau          6.44054e+01   constant   
   3  A0           3.49101e-01     fixed    
   4  phi          4.11436e+00     fixed    
   5  R           -6.09493e+01   constant   
   6  A_CBO        1.43276e-03   1.69038e-04   0.00000e+00   2.65615e+03
   7  w_CBO        2.32611e+00   2.48682e-07  -0.00000e+00   5.09623e+06
   8  phi_CBO     -4.47779e-01   1.73092e-01  -0.00000e+00   4.24358e+00
   9  ANx2         7.43781e-04   constant   
  10  pNx2         1.57222e+00   constant   
  11  ANy1         0.00000e+00   constant   
  12  pNy1         0.00000e+00   constant   
  13  w_y          0.00000e+00   constant   
  14  ANy2         7.31057e-03     fixed    
  15  pNy2         6.06093e+00   constant   
  16  w_vw         1.43032e+01   constant   
  17  LM           6.04551e-05   constant   
  18  wCBO_expCoeff   2.00000e+02   2.13861e-05  -0.00000e+00   5.92710e+04
  19  wCBO_expOffset   2.00000e+02   4.22566e-06  -0.00000e+00   3.29590e+05
  20  wCBO_expT    3.00000e+01   2.89267e-06  -0.00000e+00   1.60824e+06
  21  wCBO_linCoeff   0.00000e+00   constant   
  22  wCBO_const  -4.39100e-04   3.09625e-04   0.00000e+00   3.70071e+03
 EXTERNAL ERROR MATRIX.    NDIM=  25    NPAR=  7    ERR DEF=1
  2.857e-08 -2.499e-11 -1.147e-05 -2.149e-09 -3.795e-10 -3.319e-10  7.249e-09 
 -2.499e-11  6.184e-14  3.000e-08  3.097e-12  7.151e-13  5.699e-13 -3.076e-11 
 -1.147e-05  3.000e-08  2.996e-02  2.580e-06  4.828e-07  3.648e-07  4.031e-06 
 -2.149e-09  3.097e-12  2.580e-06  4.574e-10  6.150e-11  4.901e-11 -2.645e-09 
 -3.795e-10  7.151e-13  4.828e-07  6.150e-11  1.786e-11  1.061e-11 -2.941e-10 
 -3.319e-10  5.699e-13  3.648e-07  4.901e-11  1.061e-11  8.368e-12 -1.985e-10 
  7.249e-09 -3.076e-11  4.031e-06 -2.645e-09 -2.941e-10 -1.985e-10  9.587e-08 
ERR MATRIX NOT POS-DEF
 PARAMETER  CORRELATION COEFFICIENTS  
       NO.  GLOBAL      6      7      8     18     19     20     22
        6  0.89505   1.000 -0.594 -0.392 -0.594 -0.531 -0.679  0.139
        7  0.97586  -0.594  1.000  0.697  0.582  0.681  0.792 -0.399
        8  0.97617  -0.392  0.697  1.000  0.697  0.660  0.729  0.075
       18  0.97586  -0.594  0.582  0.697  1.000  0.681  0.792 -0.400
       19  0.88925  -0.531  0.681  0.660  0.681  1.000  0.868 -0.225
       20  0.96458  -0.679  0.792  0.729  0.792  0.868  1.000 -0.222
       22  0.95582   0.139 -0.399  0.075 -0.400 -0.225 -0.222  1.000
 ERR MATRIX NOT POS-DEF
MINUIT - FIT ONLY 1-CBO
 **********
 **   29 **RES 
 **********
                   PARAMETER   14  ANy2 RESTORED TO VARIABLE.
                   PARAMETER    4  phi RESTORED TO VARIABLE.
                   PARAMETER    3  A0 RESTORED TO VARIABLE.
                   PARAMETER    1  N0 RESTORED TO VARIABLE.
 **********
 **   30 **FIX            0
 **********
 PARAMETER    0  IS UNDEFINED. IGNORED.
 **********
 **   31 **FIX            1
 **********
 **********
 **   32 **FIX            2
 **********
 PARAMETER    2  IS CONSTANT.   IGNORED.
 **********
 **   33 **FIX            3
 **********
 **********
 **   34 **FIX            4
 **********
 **********
 **   35 **FIX            8
 **********
 **********
 **   36 **FIX            9
 **********
 PARAMETER    9  IS CONSTANT.   IGNORED.
 **********
 **   37 **FIX           11
 **********
 PARAMETER   11  IS CONSTANT.   IGNORED.
 **********
 **   38 **FIX           12
 **********
 PARAMETER   12  IS CONSTANT.   IGNORED.
 **********
 **   39 **FIX           13
 **********
 PARAMETER   13  IS CONSTANT.   IGNORED.
 **********
 **   40 **FIX           15
 **********
 PARAMETER   15  IS CONSTANT.   IGNORED.
 **********
 **   41 **FIX           16
 **********
 PARAMETER   16  IS CONSTANT.   IGNORED.
 **********
 **   42 **MIGRAD
 **********
 START MIGRAD MINIMIZATION.  STRATEGY  1.  CONVERGENCE WHEN EDM .LT. 1.00e-04
 FCN=1765.08 FROM MIGRAD    STATUS=INITIATE       16 CALLS         998 TOTAL
                     EDM= unknown      STRATEGY= 1      NO ERROR MATRIX       
  EXT PARAMETER               CURRENT GUESS       STEP         FIRST   
  NO.   NAME      VALUE            ERROR          SIZE      DERIVATIVE 
   1  N0           2.97523e+06     fixed    
   2  tau          6.44054e+01   constant   
   3  A0           3.49101e-01     fixed    
   4  phi          4.11436e+00     fixed    
   5  R           -6.09493e+01   constant   
   6  A_CBO        1.43276e-03   1.69038e-04   0.00000e+00   2.65615e+03
   7  w_CBO        2.32611e+00   2.48682e-07  -0.00000e+00   5.09623e+06
   8  phi_CBO     -4.47779e-01     fixed    
   9  ANx2         7.43781e-04   constant   
  10  pNx2         1.57222e+00   constant   
  11  ANy1         0.00000e+00   constant   
  12  pNy1         0.00000e+00   constant   
  13  w_y          0.00000e+00   constant   
  14  ANy2         7.31057e-03   1.00000e-04   1.00000e-04   3.11283e+05
  15  pNy2         6.06093e+00   constant   
  16  w_vw         1.43032e+01   constant   
  17  LM           6.04551e-05   constant   
  18  wCBO_expCoeff   2.00000e+02   2.13861e-05  -0.00000e+00   5.92710e+04
  19  wCBO_expOffset   2.00000e+02   4.22566e-06  -0.00000e+00   3.29590e+05
  20  wCBO_expT    3.00000e+01   2.89267e-06  -0.00000e+00   1.60824e+06
  21  wCBO_linCoeff   0.00000e+00   constant   
  22  wCBO_const  -4.39100e-04   3.09625e-04   0.00000e+00   3.70071e+03
 MIGRAD FAILS TO FIND IMPROVEMENT
 FCN=691.917 FROM HESSE     STATUS=NOT POSDEF     58 CALLS        1226 TOTAL
                     EDM=2844.41    STRATEGY= 1      ERR MATRIX NOT POS-DEF
  EXT PARAMETER                APPROXIMATE        STEP         FIRST   
  NO.   NAME      VALUE            ERROR          SIZE      DERIVATIVE 
   1  N0           2.97523e+06     fixed    
   2  tau          6.44054e+01   constant   
   3  A0           3.49101e-01     fixed    
   4  phi          4.11436e+00     fixed    
   5  R           -6.09493e+01   constant   
   6  A_CBO       -1.41579e-04   4.13105e-04   2.73091e-06  -6.07900e+03
   7  w_CBO        2.32611e+00   1.88414e-06   1.10918e-06  -6.09432e+06
   8  phi_CBO     -4.47779e-01     fixed    
   9  ANx2         7.43781e-04   constant   
  10  pNx2         1.57222e+00   constant   
  11  ANy1         0.00000e+00   constant   
  12  pNy1         0.00000e+00   constant   
  13  w_y          0.00000e+00   constant   
  14  ANy2        -3.07296e-04   2.73084e-04   2.66593e-06  -2.13605e+04
  15  pNy2         6.06093e+00   constant   
  16  w_vw         1.43032e+01   constant   
  17  LM           6.04551e-05   constant   
  18  wCBO_expCoeff   2.00000e+02   1.62063e-04   9.53675e-05  -7.08799e+04
  19  wCBO_expOffset   2.00000e+02   3.36997e-04   9.53674e-05   3.28218e+05
  20  wCBO_expT    3.00000e+01   1.89397e-05   1.43051e-05   1.79737e+06
  21  wCBO_linCoeff   0.00000e+00   constant   
  22  wCBO_const  -6.71792e-03   7.30579e-04   6.90480e-06  -1.29937e+02
 MIGRAD FAILS TO FIND IMPROVEMENT
 MIGRAD TERMINATED WITHOUT CONVERGENCE.
 FCN=691.917 FROM MIGRAD    STATUS=FAILED        255 CALLS        1237 TOTAL
                     EDM=2844.41    STRATEGY= 1      ERR MATRIX NOT POS-DEF
  EXT PARAMETER                APPROXIMATE        STEP         FIRST   
  NO.   NAME      VALUE            ERROR          SIZE      DERIVATIVE 
   1  N0           2.97523e+06     fixed    
   2  tau          6.44054e+01   constant   
   3  A0           3.49101e-01     fixed    
   4  phi          4.11436e+00     fixed    
   5  R           -6.09493e+01   constant   
   6  A_CBO       -1.41579e-04   4.13105e-04   0.00000e+00  -6.07900e+03
   7  w_CBO        2.32611e+00   1.88414e-06   0.00000e+00  -6.09432e+06
   8  phi_CBO     -4.47779e-01     fixed    
   9  ANx2         7.43781e-04   constant   
  10  pNx2         1.57222e+00   constant   
  11  ANy1         0.00000e+00   constant   
  12  pNy1         0.00000e+00   constant   
  13  w_y          0.00000e+00   constant   
  14  ANy2        -3.07296e-04   2.73084e-04   0.00000e+00  -2.13605e+04
  15  pNy2         6.06093e+00   constant   
  16  w_vw         1.43032e+01   constant   
  17  LM           6.04551e-05   constant   
  18  wCBO_expCoeff   2.00000e+02   1.62063e-04   0.00000e+00  -7.08799e+04
  19  wCBO_expOffset   2.00000e+02   3.36997e-04  -0.00000e+00   3.28218e+05
  20  wCBO_expT    3.00000e+01   1.89397e-05   0.00000e+00   1.79737e+06
  21  wCBO_linCoeff   0.00000e+00   constant   
  22  wCBO_const  -6.71792e-03   7.30579e-04  -0.00000e+00  -1.29937e+02
 EXTERNAL ERROR MATRIX.    NDIM=  25    NPAR=  7    ERR DEF=1
  1.707e-07  7.180e-10  8.943e-08  6.176e-08 -1.293e-07  7.204e-09 -2.083e-07 
  7.180e-10  3.550e-12  4.314e-10  2.945e-10 -6.260e-10  3.505e-11 -1.060e-09 
  8.943e-08  4.314e-10  7.458e-08  3.711e-08 -7.773e-08  4.376e-09 -1.243e-07 
  6.176e-08  2.945e-10  3.711e-08  2.626e-08 -5.384e-08  3.015e-09 -9.116e-08 
 -1.293e-07 -6.260e-10 -7.773e-08 -5.384e-08  1.136e-07 -6.356e-09  1.813e-07 
  7.204e-09  3.505e-11  4.376e-09  3.015e-09 -6.356e-09  3.587e-10 -1.007e-08 
 -2.083e-07 -1.060e-09 -1.243e-07 -9.116e-08  1.813e-07 -1.007e-08  5.337e-07 
ERR MATRIX NOT POS-DEF
 PARAMETER  CORRELATION COEFFICIENTS  
       NO.  GLOBAL      6      7     14     18     19     20     22
        6  0.93377   1.000  0.923  0.793  0.923 -0.928  0.921 -0.690
        7  0.99135   0.923  1.000  0.839  0.965 -0.986  0.982 -0.770
       14  0.84903   0.793  0.839  1.000  0.839 -0.845  0.846 -0.623
       18  0.99136   0.923  0.965  0.839  1.000 -0.986  0.982 -0.770
       19  0.99783  -0.928 -0.986 -0.845 -0.986  1.000 -0.996  0.737
       20  0.99604   0.921  0.982  0.846  0.982 -0.996  1.000 -0.728
       22  0.86030  -0.690 -0.770 -0.623 -0.770  0.737 -0.728  1.000
 ERR MATRIX NOT POS-DEF
MINUIT - FIT ONLY 2-CBO
 **********
 **   43 **RES 
 **********
                   PARAMETER    8  phi_CBO RESTORED TO VARIABLE.
                   PARAMETER    4  phi RESTORED TO VARIABLE.
                   PARAMETER    3  A0 RESTORED TO VARIABLE.
                   PARAMETER    1  N0 RESTORED TO VARIABLE.
 **********
 **   44 **FIX            0
 **********
 PARAMETER    0  IS UNDEFINED. IGNORED.
 **********
 **   45 **FIX            1
 **********
 **********
 **   46 **FIX            2
 **********
 PARAMETER    2  IS CONSTANT.   IGNORED.
 **********
 **   47 **FIX            3
 **********
 **********
 **   48 **FIX            4
 **********
 **********
 **   49 **FIX            5
 **********
 PARAMETER    5  IS CONSTANT.   IGNORED.
 **********
 **   50 **FIX            6
 **********
 **********
 **   51 **FIX            7
 **********
 **********
 **   52 **FIX           10
 **********
 PARAMETER   10  IS CONSTANT.   IGNORED.
 **********
 **   53 **FIX           11
 **********
 PARAMETER   11  IS CONSTANT.   IGNORED.
 **********
 **   54 **FIX           12
 **********
 PARAMETER   12  IS CONSTANT.   IGNORED.
 **********
 **   55 **FIX           13
 **********
 PARAMETER   13  IS CONSTANT.   IGNORED.
 **********
 **   56 **FIX           14
 **********
 **********
 **   57 **FIX           15
 **********
 PARAMETER   15  IS CONSTANT.   IGNORED.
 **********
 **   58 **FIX           16
 **********
 PARAMETER   16  IS CONSTANT.   IGNORED.
 **********
 **   59 **MIGRAD
 **********
 START MIGRAD MINIMIZATION.  STRATEGY  1.  CONVERGENCE WHEN EDM .LT. 1.00e-04
 FCN=691.917 FROM MIGRAD    STATUS=INITIATE       12 CALLS        1249 TOTAL
                     EDM= unknown      STRATEGY= 1      NO ERROR MATRIX       
  EXT PARAMETER               CURRENT GUESS       STEP         FIRST   
  NO.   NAME      VALUE            ERROR          SIZE      DERIVATIVE 
   1  N0           2.97523e+06     fixed    
   2  tau          6.44054e+01   constant   
   3  A0           3.49101e-01     fixed    
   4  phi          4.11436e+00     fixed    
   5  R           -6.09493e+01   constant   
   6  A_CBO       -1.41579e-04     fixed    
   7  w_CBO        2.32611e+00     fixed    
   8  phi_CBO     -4.47779e-01   1.73092e-01   1.73092e-01  -2.91238e+00
   9  ANx2         7.43781e-04   constant   
  10  pNx2         1.57222e+00   constant   
  11  ANy1         0.00000e+00   constant   
  12  pNy1         0.00000e+00   constant   
  13  w_y          0.00000e+00   constant   
  14  ANy2        -3.07296e-04     fixed    
  15  pNy2         6.06093e+00   constant   
  16  w_vw         1.43032e+01   constant   
  17  LM           6.04551e-05   constant   
  18  wCBO_expCoeff   2.00000e+02   1.62063e-04   0.00000e+00  -2.19381e+04
  19  wCBO_expOffset   2.00000e+02   3.36997e-04  -0.00000e+00  -2.26970e+05
  20  wCBO_expT    3.00000e+01   1.89397e-05   0.00000e+00  -1.55432e+06
  21  wCBO_linCoeff   0.00000e+00   constant   
  22  wCBO_const  -6.71792e-03   7.30579e-04  -0.00000e+00  -1.29922e+02
 MIGRAD FAILS TO FIND IMPROVEMENT
 COVARIANCE MATRIX CALCULATED SUCCESSFULLY
 FCN=660.119 FROM HESSE     STATUS=OK             37 CALLS        1334 TOTAL
                     EDM=3.40555    STRATEGY= 1      ERROR MATRIX ACCURATE 
  EXT PARAMETER                                   STEP         FIRST   
  NO.   NAME      VALUE            ERROR          SIZE      DERIVATIVE 
   1  N0           2.97523e+06     fixed    
   2  tau          6.44054e+01   constant   
   3  A0           3.49101e-01     fixed    
   4  phi          4.11436e+00     fixed    
   5  R           -6.09493e+01   constant   
   6  A_CBO       -1.41579e-04     fixed    
   7  w_CBO        2.32611e+00     fixed    
   8  phi_CBO     -1.89351e+01   1.06146e+00   1.09419e-02  -2.39016e-01
   9  ANx2         7.43781e-04   constant   
  10  pNx2         1.57222e+00   constant   
  11  ANy1         0.00000e+00   constant   
  12  pNy1         0.00000e+00   constant   
  13  w_y          0.00000e+00   constant   
  14  ANy2        -3.07296e-04     fixed    
  15  pNy2         6.06093e+00   constant   
  16  w_vw         1.43032e+01   constant   
  17  LM           6.04551e-05   constant   
  18  wCBO_expCoeff   2.00000e+02   6.36668e-05   9.53676e-05  -3.48032e+04
  19  wCBO_expOffset   2.00000e+02   1.81215e-05   9.53673e-05   1.82843e+05
  20  wCBO_expT    3.00000e+01   2.14577e-06   1.43051e-05   8.96721e+05
  21  wCBO_linCoeff   0.00000e+00   constant   
  22  wCBO_const  -3.76879e-03   1.19222e-03   6.34101e-06  -1.67842e+02
 MIGRAD FAILS TO FIND IMPROVEMENT
 MIGRAD TERMINATED WITHOUT CONVERGENCE.
 FCN=660.119 FROM MIGRAD    STATUS=FAILED        107 CALLS        1344 TOTAL
                     EDM=3.40555    STRATEGY= 1      ERR MATRIX APPROXIMATE
  EXT PARAMETER                APPROXIMATE        STEP         FIRST   
  NO.   NAME      VALUE            ERROR          SIZE      DERIVATIVE 
   1  N0           2.97523e+06     fixed    
   2  tau          6.44054e+01   constant   
   3  A0           3.49101e-01     fixed    
   4  phi          4.11436e+00     fixed    
   5  R           -6.09493e+01   constant   
   6  A_CBO       -1.41579e-04     fixed    
   7  w_CBO        2.32611e+00     fixed    
   8  phi_CBO     -1.89351e+01   1.06146e+00   0.00000e+00  -2.39016e-01
   9  ANx2         7.43781e-04   constant   
  10  pNx2         1.57222e+00   constant   
  11  ANy1         0.00000e+00   constant   
  12  pNy1         0.00000e+00   constant   
  13  w_y          0.00000e+00   constant   
  14  ANy2        -3.07296e-04     fixed    
  15  pNy2         6.06093e+00   constant   
  16  w_vw         1.43032e+01   constant   
  17  LM           6.04551e-05   constant   
  18  wCBO_expCoeff   2.00000e+02   6.36668e-05   0.00000e+00  -3.48032e+04
  19  wCBO_expOffset   2.00000e+02   1.81215e-05  -0.00000e+00   1.82843e+05
  20  wCBO_expT    3.00000e+01   2.14577e-06  -0.00000e+00   8.96721e+05
  21  wCBO_linCoeff   0.00000e+00   constant   
  22  wCBO_const  -3.76879e-03   1.19222e-03  -0.00000e+00  -1.67842e+02
 EXTERNAL ERROR MATRIX.    NDIM=  25    NPAR=  5    ERR DEF=1
  1.127e+00 -5.038e-06 -1.213e-06 -2.862e-07  1.272e-04 
 -5.038e-06  4.053e-09 -1.359e-10  9.835e-11 -7.143e-08 
 -1.213e-06 -1.359e-10  3.284e-10 -4.320e-12  1.387e-09 
 -2.862e-07  9.835e-11 -4.320e-12  4.604e-12 -1.719e-09 
  1.272e-04 -7.143e-08  1.387e-09 -1.719e-09  1.421e-06 
ERR MATRIX APPROXIMATE
 PARAMETER  CORRELATION COEFFICIENTS  
       NO.  GLOBAL      8     18     19     20     22
        8  0.17012   1.000 -0.075 -0.063 -0.126  0.101
       18  0.94999  -0.075  1.000 -0.118  0.720 -0.941
       19  0.19537  -0.063 -0.118  1.000 -0.111  0.064
       20  0.72443  -0.126  0.720 -0.111  1.000 -0.672
       22  0.94271   0.101 -0.941  0.064 -0.672  1.000
 ERR MATRIX APPROXIMATE
MINUIT - FIT ONLY 1-y
 **********
 **   60 **RES 
 **********
                   PARAMETER   14  ANy2 RESTORED TO VARIABLE.
                   PARAMETER    7  w_CBO RESTORED TO VARIABLE.
                   PARAMETER    6  A_CBO RESTORED TO VARIABLE.
                   PARAMETER    4  phi RESTORED TO VARIABLE.
                   PARAMETER    3  A0 RESTORED TO VARIABLE.
                   PARAMETER    1  N0 RESTORED TO VARIABLE.
 **********
 **   61 **FIX            0
 **********
 PARAMETER    0  IS UNDEFINED. IGNORED.
 **********
 **   62 **FIX            1
 **********
 **********
 **   63 **FIX            2
 **********
 PARAMETER    2  IS CONSTANT.   IGNORED.
 **********
 **   64 **FIX            3
 **********
 **********
 **   65 **FIX            4
 **********
 **********
 **   66 **FIX            5
 **********
 PARAMETER    5  IS CONSTANT.   IGNORED.
 **********
 **   67 **FIX            6
 **********
 **********
 **   68 **FIX            7
 **********
 **********
 **   69 **FIX            8
 **********
 **********
 **   70 **FIX            9
 **********
 PARAMETER    9  IS CONSTANT.   IGNORED.
 **********
 **   71 **FIX           13
 **********
 PARAMETER   13  IS CONSTANT.   IGNORED.
 **********
 **   72 **FIX           14
 **********
 **********
 **   73 **FIX           15
 **********
 PARAMETER   15  IS CONSTANT.   IGNORED.
 **********
 **   74 **FIX           16
 **********
 PARAMETER   16  IS CONSTANT.   IGNORED.
 **********
 **   75 **MIGRAD
 **********
 START MIGRAD MINIMIZATION.  STRATEGY  1.  CONVERGENCE WHEN EDM .LT. 1.00e-04
 FCN=660.119 FROM MIGRAD    STATUS=INITIATE        8 CALLS        1352 TOTAL
                     EDM= unknown      STRATEGY= 1      NO ERROR MATRIX       
  EXT PARAMETER               CURRENT GUESS       STEP         FIRST   
  NO.   NAME      VALUE            ERROR          SIZE      DERIVATIVE 
   1  N0           2.97523e+06     fixed    
   2  tau          6.44054e+01   constant   
   3  A0           3.49101e-01     fixed    
   4  phi          4.11436e+00     fixed    
   5  R           -6.09493e+01   constant   
   6  A_CBO       -1.41579e-04     fixed    
   7  w_CBO        2.32611e+00     fixed    
   8  phi_CBO     -1.89351e+01     fixed    
   9  ANx2         7.43781e-04   constant   
  10  pNx2         1.57222e+00   constant   
  11  ANy1         0.00000e+00   constant   
  12  pNy1         0.00000e+00   constant   
  13  w_y          0.00000e+00   constant   
  14  ANy2        -3.07296e-04     fixed    
  15  pNy2         6.06093e+00   constant   
  16  w_vw         1.43032e+01   constant   
  17  LM           6.04551e-05   constant   
  18  wCBO_expCoeff   2.00000e+02   6.36668e-05   0.00000e+00  -3.07798e+04
  19  wCBO_expOffset   2.00000e+02   1.81215e-05  -0.00000e+00  -1.42996e+05
  20  wCBO_expT    3.00000e+01   2.14577e-06  -0.00000e+00  -6.98549e+05
  21  wCBO_linCoeff   0.00000e+00   constant   
  22  wCBO_const  -3.76879e-03   1.19222e-03  -0.00000e+00  -1.67846e+02
 MIGRAD FAILS TO FIND IMPROVEMENT
 COVARIANCE MATRIX CALCULATED SUCCESSFULLY
 FCN=660.017 FROM HESSE     STATUS=OK             29 CALLS        1402 TOTAL
                     EDM=2.53781    STRATEGY= 1      ERROR MATRIX ACCURATE 
  EXT PARAMETER                                   STEP         FIRST   
  NO.   NAME      VALUE            ERROR          SIZE      DERIVATIVE 
   1  N0           2.97523e+06     fixed    
   2  tau          6.44054e+01   constant   
   3  A0           3.49101e-01     fixed    
   4  phi          4.11436e+00     fixed    
   5  R           -6.09493e+01   constant   
   6  A_CBO       -1.41579e-04     fixed    
   7  w_CBO        2.32611e+00     fixed    
   8  phi_CBO     -1.89351e+01     fixed    
   9  ANx2         7.43781e-04   constant   
  10  pNx2         1.57222e+00   constant   
  11  ANy1         0.00000e+00   constant   
  12  pNy1         0.00000e+00   constant   
  13  w_y          0.00000e+00   constant   
  14  ANy2        -3.07296e-04     fixed    
  15  pNy2         6.06093e+00   constant   
  16  w_vw         1.43032e+01   constant   
  17  LM           6.04551e-05   constant   
  18  wCBO_expCoeff   2.00000e+02   5.32670e-05   9.53676e-05   2.95397e+03
  19  wCBO_expOffset   2.00000e+02   1.79389e-05   9.53673e-05   1.62548e+05
  20  wCBO_expT    3.00000e+01   1.98661e-06   1.43051e-05   1.16689e+05
  21  wCBO_linCoeff   0.00000e+00   constant   
  22  wCBO_const  -3.76812e-03   9.79538e-04   4.99333e-06   1.64847e+03
 MIGRAD FAILS TO FIND IMPROVEMENT
 MIGRAD TERMINATED WITHOUT CONVERGENCE.
 FCN=659.987 FROM MIGRAD    STATUS=FAILED         92 CALLS        1436 TOTAL
                     EDM=0.863681    STRATEGY= 1  ERROR MATRIX UNCERTAINTY  15.1 per cent
  EXT PARAMETER                APPROXIMATE        STEP         FIRST   
  NO.   NAME      VALUE            ERROR          SIZE      DERIVATIVE 
   1  N0           2.97523e+06     fixed    
   2  tau          6.44054e+01   constant   
   3  A0           3.49101e-01     fixed    
   4  phi          4.11436e+00     fixed    
   5  R           -6.09493e+01   constant   
   6  A_CBO       -1.41579e-04     fixed    
   7  w_CBO        2.32611e+00     fixed    
   8  phi_CBO     -1.89351e+01     fixed    
   9  ANx2         7.43781e-04   constant   
  10  pNx2         1.57222e+00   constant   
  11  ANy1         0.00000e+00   constant   
  12  pNy1         0.00000e+00   constant   
  13  w_y          0.00000e+00   constant   
  14  ANy2        -3.07296e-04     fixed    
  15  pNy2         6.06093e+00   constant   
  16  w_vw         1.43032e+01   constant   
  17  LM           6.04551e-05   constant   
  18  wCBO_expCoeff   2.00000e+02   8.17229e-05   0.00000e+00  -1.84145e+04
  19  wCBO_expOffset   2.00000e+02   7.60923e-06  -0.00000e+00  -1.36855e+05
  20  wCBO_expT    3.00000e+01   2.70544e-06   0.00000e+00  -6.87909e+05
  21  wCBO_linCoeff   0.00000e+00   constant   
  22  wCBO_const  -3.82500e-03   1.49839e-03  -0.00000e+00   4.91307e+02
 EXTERNAL ERROR MATRIX.    NDIM=  25    NPAR=  4    ERR DEF=1
  6.679e-09 -5.175e-10  1.854e-10 -1.223e-07 
 -5.175e-10  5.790e-11 -2.034e-11  9.382e-09 
  1.854e-10 -2.034e-11  7.319e-12 -3.366e-09 
 -1.223e-07  9.382e-09 -3.366e-09  2.245e-06 
ERR MATRIX APPROXIMATE
 PARAMETER  CORRELATION COEFFICIENTS  
       NO.  GLOBAL     18     19     20     22
       18  0.99896   1.000 -0.832  0.838 -0.999
       19  0.98875  -0.832  1.000 -0.988  0.823
       20  0.98880   0.838 -0.988  1.000 -0.830
       22  0.99891  -0.999  0.823 -0.830  1.000
 ERR MATRIX APPROXIMATE
MINUIT - FIT ONLY 2-y
 **********
 **   76 **RES 
 **********
                   PARAMETER   14  ANy2 RESTORED TO VARIABLE.
                   PARAMETER    8  phi_CBO RESTORED TO VARIABLE.
                   PARAMETER    7  w_CBO RESTORED TO VARIABLE.
                   PARAMETER    6  A_CBO RESTORED TO VARIABLE.
                   PARAMETER    4  phi RESTORED TO VARIABLE.
                   PARAMETER    3  A0 RESTORED TO VARIABLE.
