 + ++++++++++++++++++++++++++++++++++++++++++++++++++++++++++++++++++++ +
 +                                                                      +
 +           You have chose to blind your fitting according to          +
 +                omega_ref * (1 + (R +/- deltaR) *10^{-6})             +
 +                                                                      +
 + ++++++++++++++++++++++++++++++++++++++++++++++++++++++++++++++++++++ +
In main()...
reading format from /gm2data/zkhechad/run45/envelope/formats/formatB_sBin_constraintOn.txt
pBinTau 	= 0  
pBinPhi 	= 0  
constraintau 	= 1 
includeMopTerm 	= 0    
constrainMop    = 0   
Parameters after format file: pBinTau 0 pBinPhi 0 constraintau 1 includeMopTerm 0 constrainMop 0 c_e_scale 0.000000 
reading cbo reference file (full fit) from /gm2data/zkhechad/cboTemplates/Run4CBOTemplates/fullFits/run4/sBin_constraintOn_cE0.0_seed0_run4_calo24.root
A_CBO 0.008786 w_CBO 2.327157 phi_CBO 2.253382 N0 3075736.764901 R -61.041197 tau 64.406859 
Reading cboRef file /gm2data/zkhechad/cboTemplates/Run4CBOTemplates//cboIsolate/run4_calo24.root
deltaT 164.120000
windowBins = 1100
fitting sliding window 1480 from bin 1683 at 251.103600 to bin 2783 at 415.223600 (1100 bins)

Reading data from /gm2data/cornell/histograms/aMethod/histogram_a_run4.root
fitting cbo isolate
 **********
 **    1 **SET PRINTOUT            1
 **********
 **********
 **    2 **SET NOWARNINGS 
 **********
 PARAMETER DEFINITIONS:
    NO.   NAME         VALUE      STEP SIZE      LIMITS
     1 A_CBO        8.78574e-03  1.00000e-05     no limits
     2 w_CBO        2.32716e+00  1.00000e-02    2.00000e+00  3.00000e+00
     3 phi_CBO      2.25338e+00  1.00000e-02    0.00000e+00  6.28319e+00
 **********
 **    3 **MIGRAD
 **********
 FIRST CALL TO USER FUNCTION AT NEW START POINT, WITH IFLAG=4.
 START MIGRAD MINIMIZATION.  STRATEGY  1.  CONVERGENCE WHEN EDM .LT. 1.00e-04
 FCN=0.0520367 FROM MIGRAD    STATUS=INITIATE       12 CALLS          13 TOTAL
                     EDM= unknown      STRATEGY= 1      NO ERROR MATRIX       
  EXT PARAMETER               CURRENT GUESS       STEP         FIRST   
  NO.   NAME      VALUE            ERROR          SIZE      DERIVATIVE 
   1  A_CBO        8.78574e-03   1.00000e-05   1.00000e-05   6.62969e+00
   2  w_CBO        2.32716e+00   1.00000e-02   2.13163e-02   1.29269e+00
   3  phi_CBO      2.25338e+00   1.00000e-02   3.31850e-03  -2.32629e-02
 MIGRAD MINIMIZATION HAS CONVERGED.
 MIGRAD WILL VERIFY CONVERGENCE AND ERROR MATRIX.
 COVARIANCE MATRIX CALCULATED SUCCESSFULLY
 FCN=0.0316339 FROM HESSE     STATUS=OK             16 CALLS          58 TOTAL
                     EDM=6.22379e-05    STRATEGY= 1      ERROR MATRIX ACCURATE 
  EXT PARAMETER                                   STEP         FIRST   
  NO.   NAME      VALUE            ERROR          SIZE      DERIVATIVE 
   1  A_CBO        2.86765e-03   4.32895e-02   2.11625e-05   2.33942e-04
   2  w_CBO        2.32669e+00   2.81824e-01   4.87847e-05   3.26737e-02
   3  phi_CBO      2.37658e+00   4.02296e+00   2.52008e-03  -1.60572e-04
 MIGRAD MINIMIZATION HAS CONVERGED.
 FCN=0.0315792 FROM MIGRAD    STATUS=CONVERGED      66 CALLS          67 TOTAL
                     EDM=2.01576e-06    STRATEGY= 1  ERROR MATRIX UNCERTAINTY   2.0 per cent
  EXT PARAMETER                                   STEP         FIRST   
  NO.   NAME      VALUE            ERROR          SIZE      DERIVATIVE 
   1  A_CBO        2.91342e-03   4.24456e-02   4.57675e-05   3.14675e-02
   2  w_CBO        2.32478e+00   2.65964e-01  -4.07115e-03  -2.39678e-02
   3  phi_CBO      1.76667e+00   3.89013e+00  -2.07000e-01   4.94884e-04
 EXTERNAL ERROR MATRIX.    NDIM=  25    NPAR=  3    ERR DEF=1
  1.802e-03 -8.404e-04 -2.861e-01 
 -8.404e-04  8.001e-02  2.538e+01 
 -2.861e-01  2.538e+01  8.230e+03 
 PARAMETER  CORRELATION COEFFICIENTS  
       NO.  GLOBAL      1      2      3
        1  0.07803   1.000 -0.070 -0.074
        2  0.98923  -0.070  1.000  0.989
        3  0.98923  -0.074  0.989  1.000
setting A_CBO=0.002913 w_CBO=2.324785, phi_CBO=1.766674
done fitting cbo isolate
 **********
 **    1 **SET PRINTOUT            1
 **********
 **********
 **    2 **SET NOWARNINGS 
 **********
 PARAMETER DEFINITIONS:
    NO.   NAME         VALUE      STEP SIZE      LIMITS
     1 N0           3.07574e+06  1.00000e+02     no limits
     2 tau          6.44069e+01  constant
     3 A0           3.65045e-01  1.00000e-04     no limits
     4 phi          4.11943e+00  1.00000e-02     no limits
     5 R           -6.10412e+01  constant
     6 A_CBO        2.91342e-03  1.00000e-05     no limits
     7 w_CBO        2.32478e+00  1.00000e-03     no limits
     8 phi_CBO      1.76667e+00  1.00000e-04     no limits
     9 ANx2         1.88981e-04  constant
    10 pNx2         1.59299e+00  constant
    11 ANy1         0.00000e+00  constant
    12 pNy1         0.00000e+00  constant
    13 w_y          0.00000e+00  constant
    14 ANy2         1.39657e-02  1.00000e-04     no limits
    15 pNy2         4.84726e+00  constant
    16 w_vw         1.43184e+01  constant
    17 LM           1.57605e-04  constant
    18 wCBO_expCoeff   2.00000e+02  1.00000e+00     no limits
    19 wCBO_expOffset   2.00000e+02  1.00000e+00     no limits
    20 wCBO_expT    3.00000e+01  1.00000e+00     no limits
    21 wCBO_linCoeff   0.00000e+00  constant
    22 wCBO_const   0.00000e+00  1.00000e-02     no limits
MINUIT - FIT ONLY WIGGLE
 **********
 **    3 **FIX            5
 **********
 PARAMETER    5  IS CONSTANT.   IGNORED.
 **********
 **    4 **FIX            6
 **********
 **********
 **    5 **FIX            7
 **********
 **********
 **    6 **FIX            8
 **********
 **********
 **    7 **FIX            9
 **********
 PARAMETER    9  IS CONSTANT.   IGNORED.
 **********
 **    8 **FIX           10
 **********
 PARAMETER   10  IS CONSTANT.   IGNORED.
 **********
 **    9 **FIX           11
 **********
 PARAMETER   11  IS CONSTANT.   IGNORED.
 **********
 **   10 **FIX           12
 **********
 PARAMETER   12  IS CONSTANT.   IGNORED.
 **********
 **   11 **FIX           13
 **********
 PARAMETER   13  IS CONSTANT.   IGNORED.
 **********
 **   12 **FIX           14
 **********
 **********
 **   13 **FIX           15
 **********
 PARAMETER   15  IS CONSTANT.   IGNORED.
 **********
 **   14 **FIX           16
 **********
 PARAMETER   16  IS CONSTANT.   IGNORED.
 **********
 **   15 **MIGRAD
 **********
 FIRST CALL TO USER FUNCTION AT NEW START POINT, WITH IFLAG=4.
 START MIGRAD MINIMIZATION.  STRATEGY  1.  CONVERGENCE WHEN EDM .LT. 1.00e-04
 FCN=2229.94 FROM MIGRAD    STATUS=INITIATE       34 CALLS          35 TOTAL
                     EDM= unknown      STRATEGY= 1      NO ERROR MATRIX       
  EXT PARAMETER               CURRENT GUESS       STEP         FIRST   
  NO.   NAME      VALUE            ERROR          SIZE      DERIVATIVE 
   1  N0           3.07574e+06   1.00000e+02   1.00000e+02   5.90429e-04
   2  tau          6.44069e+01   constant   
   3  A0           3.65045e-01   1.00000e-04   1.00000e-04  -2.73931e+03
   4  phi          4.11943e+00   1.00000e-02   1.00000e-02   2.35294e+02
   5  R           -6.10412e+01   constant   
   6  A_CBO        2.91342e-03     fixed    
   7  w_CBO        2.32478e+00     fixed    
   8  phi_CBO      1.76667e+00     fixed    
   9  ANx2         1.88981e-04   constant   
  10  pNx2         1.59299e+00   constant   
  11  ANy1         0.00000e+00   constant   
  12  pNy1         0.00000e+00   constant   
  13  w_y          0.00000e+00   constant   
  14  ANy2         1.39657e-02     fixed    
  15  pNy2         4.84726e+00   constant   
  16  w_vw         1.43184e+01   constant   
  17  LM           1.57605e-04   constant   
  18  wCBO_expCoeff   2.00000e+02   1.00000e+00   1.00000e+00  -4.87534e+02
  19  wCBO_expOffset   2.00000e+02   1.00000e+00   1.00000e+00  -3.23002e+03
  20  wCBO_expT    3.00000e+01   1.00000e+00   1.00000e+00   4.52775e+01
  21  wCBO_linCoeff   0.00000e+00   constant   
  22  wCBO_const   0.00000e+00   1.00000e-02   1.00000e-02   2.22422e+04
 MIGRAD MINIMIZATION HAS CONVERGED.
 FCN=2209.72 FROM MIGRAD    STATUS=CONVERGED     150 CALLS         151 TOTAL
                     EDM=3.16801e-07    STRATEGY= 1  ERROR MATRIX UNCERTAINTY   1.2 per cent
  EXT PARAMETER                                   STEP         FIRST   
  NO.   NAME      VALUE            ERROR          SIZE      DERIVATIVE 
   1  N0           3.07553e+06   7.25109e+02  -4.30642e-01   5.21202e-08
   2  tau          6.44069e+01   constant   
   3  A0           3.65201e-01   3.10729e-04   1.30889e-07   3.45312e-01
   4  phi          4.11932e+00   8.92027e-04   7.09563e-07   1.81995e-01
   5  R           -6.10412e+01   constant   
   6  A_CBO        2.91342e-03     fixed    
   7  w_CBO        2.32478e+00     fixed    
   8  phi_CBO      1.76667e+00     fixed    
   9  ANx2         1.88981e-04   constant   
  10  pNx2         1.59299e+00   constant   
  11  ANy1         0.00000e+00   constant   
  12  pNy1         0.00000e+00   constant   
  13  w_y          0.00000e+00   constant   
  14  ANy2         1.39657e-02     fixed    
  15  pNy2         4.84726e+00   constant   
  16  w_vw         1.43184e+01   constant   
  17  LM           1.57605e-04   constant   
  18  wCBO_expCoeff   1.99994e+02   1.24235e-02  -4.34491e-06   3.89973e-01
  19  wCBO_expOffset   1.99999e+02   1.82478e-03  -3.39683e-07  -3.94951e-01
  20  wCBO_expT    3.00023e+01   2.35129e-03   2.17156e-06   2.08820e+00
  21  wCBO_linCoeff   0.00000e+00   constant   
  22  wCBO_const  -1.88482e-03   6.65459e-04  -1.01290e-06   1.76635e+00
 EXTERNAL ERROR MATRIX.    NDIM=  25    NPAR=  7    ERR DEF=1
  5.258e+05  3.392e-04 -3.573e-03  1.285e+00  1.828e-01 -2.594e-01  6.346e-02 
  3.392e-04  9.655e-08 -3.952e-10 -7.264e-08 -9.231e-09  1.214e-08 -4.757e-09 
 -3.573e-03 -3.952e-10  7.957e-07 -5.682e-07 -7.385e-08  1.100e-07 -2.588e-08 
  1.285e+00 -7.264e-08 -5.682e-07  1.543e-04  2.136e-05 -2.855e-05  7.002e-06 
  1.828e-01 -9.231e-09 -7.385e-08  2.136e-05  3.330e-06 -4.170e-06  1.015e-06 
 -2.594e-01  1.214e-08  1.100e-07 -2.855e-05 -4.170e-06  5.529e-06 -1.412e-06 
  6.346e-02 -4.757e-09 -2.588e-08  7.002e-06  1.015e-06 -1.412e-06  4.428e-07 
 PARAMETER  CORRELATION COEFFICIENTS  
       NO.  GLOBAL      1      3      4     18     19     20     22
        1  0.17201   1.000  0.002 -0.006  0.143  0.138 -0.152  0.132
        3  0.03726   0.002  1.000 -0.001 -0.019 -0.016  0.017 -0.023
        4  0.06311  -0.006 -0.001  1.000 -0.051 -0.045  0.052 -0.044
       18  0.98354   0.143 -0.019 -0.051  1.000  0.942 -0.977  0.847
       19  0.97993   0.138 -0.016 -0.045  0.942  1.000 -0.972  0.836
       20  0.99539  -0.152  0.017  0.052 -0.977 -0.972  1.000 -0.902
       22  0.94014   0.132 -0.023 -0.044  0.847  0.836 -0.902  1.000
MINUIT - FIT ONLY 1-CBO + other amplitudes 
 **********
 **   16 **RES 
 **********
                   PARAMETER   14  ANy2 RESTORED TO VARIABLE.
                   PARAMETER    8  phi_CBO RESTORED TO VARIABLE.
                   PARAMETER    7  w_CBO RESTORED TO VARIABLE.
                   PARAMETER    6  A_CBO RESTORED TO VARIABLE.
 **********
 **   17 **FIX            0
 **********
 PARAMETER    0  IS UNDEFINED. IGNORED.
 **********
 **   18 **FIX            1
 **********
 **********
 **   19 **FIX            2
 **********
 PARAMETER    2  IS CONSTANT.   IGNORED.
 **********
 **   20 **FIX            3
 **********
 **********
 **   21 **FIX            4
 **********
 **********
 **   22 **FIX            9
 **********
 PARAMETER    9  IS CONSTANT.   IGNORED.
 **********
 **   23 **FIX           11
 **********
 PARAMETER   11  IS CONSTANT.   IGNORED.
 **********
 **   24 **FIX           12
 **********
 PARAMETER   12  IS CONSTANT.   IGNORED.
 **********
 **   25 **FIX           14
 **********
 **********
 **   26 **FIX           15
 **********
 PARAMETER   15  IS CONSTANT.   IGNORED.
 **********
 **   27 **FIX           16
 **********
 PARAMETER   16  IS CONSTANT.   IGNORED.
 **********
 **   28 **MIGRAD
 **********
 START MIGRAD MINIMIZATION.  STRATEGY  1.  CONVERGENCE WHEN EDM .LT. 1.00e-04
 FCN=2209.72 FROM MIGRAD    STATUS=INITIATE       22 CALLS         173 TOTAL
                     EDM= unknown      STRATEGY= 1      NO ERROR MATRIX       
  EXT PARAMETER               CURRENT GUESS       STEP         FIRST   
  NO.   NAME      VALUE            ERROR          SIZE      DERIVATIVE 
   1  N0           3.07553e+06     fixed    
   2  tau          6.44069e+01   constant   
   3  A0           3.65201e-01     fixed    
   4  phi          4.11932e+00     fixed    
   5  R           -6.10412e+01   constant   
   6  A_CBO        2.91342e-03   1.00000e-05   1.00000e-05   3.02323e+04
   7  w_CBO        2.32478e+00   1.00000e-03   1.00000e-03   3.42469e+01
   8  phi_CBO      1.76667e+00   1.00000e-04   1.00000e-04  -2.34031e+00
   9  ANx2         1.88981e-04   constant   
  10  pNx2         1.59299e+00   constant   
  11  ANy1         0.00000e+00   constant   
  12  pNy1         0.00000e+00   constant   
  13  w_y          0.00000e+00   constant   
  14  ANy2         1.39657e-02     fixed    
  15  pNy2         4.84726e+00   constant   
  16  w_vw         1.43184e+01   constant   
  17  LM           1.57605e-04   constant   
  18  wCBO_expCoeff   1.99994e+02   1.24235e-02  -4.34491e-06   3.89973e-01
  19  wCBO_expOffset   1.99999e+02   1.82478e-03  -3.39683e-07  -3.94951e-01
  20  wCBO_expT    3.00023e+01   2.35129e-03   2.17156e-06   2.08820e+00
  21  wCBO_linCoeff   0.00000e+00   constant   
  22  wCBO_const  -1.88482e-03   6.65459e-04  -1.01290e-06   1.76635e+00
 MIGRAD MINIMIZATION HAS CONVERGED.
 MIGRAD WILL VERIFY CONVERGENCE AND ERROR MATRIX.
 COVARIANCE MATRIX CALCULATED SUCCESSFULLY
 FCN=2184.07 FROM MIGRAD    STATUS=CONVERGED     265 CALLS         416 TOTAL
                     EDM=2.06844e-06    STRATEGY= 1      ERROR MATRIX ACCURATE 
  EXT PARAMETER                                   STEP         FIRST   
  NO.   NAME      VALUE            ERROR          SIZE      DERIVATIVE 
   1  N0           3.07553e+06     fixed    
   2  tau          6.44069e+01   constant   
   3  A0           3.65201e-01     fixed    
   4  phi          4.11932e+00     fixed    
   5  R           -6.10412e+01   constant   
   6  A_CBO        1.26522e-03   3.34673e-04   7.55906e-06   9.57397e-01
   7  w_CBO        2.32473e+00   4.64184e-04   1.10852e-06   6.83708e+00
   8  phi_CBO      2.40397e+00   6.37608e-01   5.95073e-03   4.74248e-03
   9  ANx2         1.88981e-04   constant   
  10  pNx2         1.59299e+00   constant   
  11  ANy1         0.00000e+00   constant   
  12  pNy1         0.00000e+00   constant   
  13  w_y          0.00000e+00   constant   
  14  ANy2         1.39657e-02     fixed    
  15  pNy2         4.84726e+00   constant   
  16  w_vw         1.43184e+01   constant   
  17  LM           1.57605e-04   constant   
  18  wCBO_expCoeff   1.99989e+02   4.03979e-02   9.53620e-05   9.04531e-02
  19  wCBO_expOffset   1.99998e+02   2.98605e-03   9.53667e-05   5.71586e-01
  20  wCBO_expT    3.00036e+01   2.28989e-03   1.43068e-05  -1.04200e-01
  21  wCBO_linCoeff   0.00000e+00   constant   
  22  wCBO_const  -1.30179e-03   8.56377e-04   7.56915e-06  -2.19619e+00
 EXTERNAL ERROR MATRIX.    NDIM=  25    NPAR=  7    ERR DEF=1
  1.120e-07  3.866e-09  2.923e-07  3.658e-07 -5.121e-08 -1.440e-08 -1.063e-08 
  3.866e-09  2.155e-07 -3.142e-05 -1.356e-05 -3.076e-07 -2.827e-07 -6.064e-08 
  2.923e-07 -3.142e-05  4.065e-01 -3.034e-03  1.606e-04  5.032e-04  3.277e-04 
  3.658e-07 -1.356e-05 -3.034e-03  1.632e-03 -2.886e-05 -2.645e-05  8.713e-06 
 -5.121e-08 -3.076e-07  1.606e-04 -2.886e-05  8.917e-06 -2.678e-07  3.498e-07 
 -1.440e-08 -2.827e-07  5.032e-04 -2.645e-05 -2.678e-07  5.244e-06 -6.717e-07 
 -1.063e-08 -6.064e-08  3.277e-04  8.713e-06  3.498e-07 -6.717e-07  7.334e-07 
 PARAMETER  CORRELATION COEFFICIENTS  
       NO.  GLOBAL      6      7      8     18     19     20     22
        6  0.14416   1.000  0.025  0.001  0.027 -0.051 -0.019 -0.037
        7  0.99553   0.025  1.000 -0.106 -0.723 -0.222 -0.266 -0.153
        8  0.91257   0.001 -0.106  1.000 -0.118  0.084  0.345  0.600
       18  0.99531   0.027 -0.723 -0.118  1.000 -0.239 -0.286  0.252
       19  0.98051  -0.051 -0.222  0.084 -0.239  1.000 -0.039  0.137
       20  0.99032  -0.019 -0.266  0.345 -0.286 -0.039  1.000 -0.343
       22  0.92197  -0.037 -0.153  0.600  0.252  0.137 -0.343  1.000
MINUIT - FIT ONLY 1-CBO
 **********
 **   29 **RES 
 **********
                   PARAMETER   14  ANy2 RESTORED TO VARIABLE.
                   PARAMETER    4  phi RESTORED TO VARIABLE.
                   PARAMETER    3  A0 RESTORED TO VARIABLE.
                   PARAMETER    1  N0 RESTORED TO VARIABLE.
 **********
 **   30 **FIX            0
 **********
 PARAMETER    0  IS UNDEFINED. IGNORED.
 **********
 **   31 **FIX            1
 **********
 **********
 **   32 **FIX            2
 **********
 PARAMETER    2  IS CONSTANT.   IGNORED.
 **********
 **   33 **FIX            3
 **********
 **********
 **   34 **FIX            4
 **********
 **********
 **   35 **FIX            8
 **********
 **********
 **   36 **FIX            9
 **********
 PARAMETER    9  IS CONSTANT.   IGNORED.
 **********
 **   37 **FIX           11
 **********
 PARAMETER   11  IS CONSTANT.   IGNORED.
 **********
 **   38 **FIX           12
 **********
 PARAMETER   12  IS CONSTANT.   IGNORED.
 **********
 **   39 **FIX           13
 **********
 PARAMETER   13  IS CONSTANT.   IGNORED.
 **********
 **   40 **FIX           15
 **********
 PARAMETER   15  IS CONSTANT.   IGNORED.
 **********
 **   41 **FIX           16
 **********
 PARAMETER   16  IS CONSTANT.   IGNORED.
 **********
 **   42 **MIGRAD
 **********
 START MIGRAD MINIMIZATION.  STRATEGY  1.  CONVERGENCE WHEN EDM .LT. 1.00e-04
 FCN=2184.07 FROM MIGRAD    STATUS=INITIATE       16 CALLS         432 TOTAL
                     EDM= unknown      STRATEGY= 1      NO ERROR MATRIX       
  EXT PARAMETER               CURRENT GUESS       STEP         FIRST   
  NO.   NAME      VALUE            ERROR          SIZE      DERIVATIVE 
   1  N0           3.07553e+06     fixed    
   2  tau          6.44069e+01   constant   
   3  A0           3.65201e-01     fixed    
   4  phi          4.11932e+00     fixed    
   5  R           -6.10412e+01   constant   
   6  A_CBO        1.26522e-03   3.34673e-04   7.55906e-06   9.57397e-01
   7  w_CBO        2.32473e+00   4.64184e-04   1.10852e-06   5.83873e+00
   8  phi_CBO      2.40397e+00     fixed    
   9  ANx2         1.88981e-04   constant   
  10  pNx2         1.59299e+00   constant   
  11  ANy1         0.00000e+00   constant   
  12  pNy1         0.00000e+00   constant   
  13  w_y          0.00000e+00   constant   
  14  ANy2         1.39657e-02   1.00000e-04   1.00000e-04   2.55706e+05
  15  pNy2         4.84726e+00   constant   
  16  w_vw         1.43184e+01   constant   
  17  LM           1.57605e-04   constant   
  18  wCBO_expCoeff   1.99989e+02   4.03979e-02   9.53620e-05   7.97403e-02
  19  wCBO_expOffset   1.99998e+02   2.98605e-03   9.53667e-05  -2.59796e+00
  20  wCBO_expT    3.00036e+01   2.28989e-03   1.43068e-05  -3.67873e-01
  21  wCBO_linCoeff   0.00000e+00   constant   
  22  wCBO_const  -1.30179e-03   8.56377e-04   7.56915e-06  -2.19891e+00
 MIGRAD MINIMIZATION HAS CONVERGED.
 MIGRAD WILL VERIFY CONVERGENCE AND ERROR MATRIX.
 FCN=382.27 FROM MIGRAD    STATUS=CONVERGED     661 CALLS        1077 TOTAL
                     EDM=1.24591e-05    STRATEGY= 1      ERR MATRIX NOT POS-DEF
  EXT PARAMETER                APPROXIMATE        STEP         FIRST   
  NO.   NAME      VALUE            ERROR          SIZE      DERIVATIVE 
   1  N0           3.07553e+06     fixed    
   2  tau          6.44069e+01   constant   
   3  A0           3.65201e-01     fixed    
   4  phi          4.11932e+00     fixed    
   5  R           -6.10412e+01   constant   
   6  A_CBO       -3.46866e-04   3.60934e-04   3.20288e-06  -4.38627e+00
   7  w_CBO        2.32535e+00   6.11368e-04   1.10881e-06  -1.38550e+01
   8  phi_CBO      2.40397e+00     fixed    
   9  ANx2         1.88981e-04   constant   
  10  pNx2         1.59299e+00   constant   
  11  ANy1         0.00000e+00   constant   
  12  pNy1         0.00000e+00   constant   
  13  w_y          0.00000e+00   constant   
  14  ANy2        -1.29884e-04   3.24877e-04   3.16268e-06  -1.01090e+01
  15  pNy2         4.84726e+00   constant   
  16  w_vw         1.43184e+01   constant   
  17  LM           1.57605e-04   constant   
  18  wCBO_expCoeff   2.00042e+02   5.64550e-02   9.53876e-05  -1.66920e-01
  19  wCBO_expOffset   2.00006e+02   1.50800e-02   9.53705e-05  -1.10882e+00
  20  wCBO_expT    2.99919e+01   2.75870e-03   1.43013e-05  -1.16732e+00
  21  wCBO_linCoeff   0.00000e+00   constant   
  22  wCBO_const   3.36844e-03   1.10287e-03   5.76305e-06   1.15349e+00
 EXTERNAL ERROR MATRIX.    NDIM=  25    NPAR=  7    ERR DEF=1
  1.303e-07 -3.023e-08  3.648e-09 -2.990e-06  1.437e-06 -2.803e-07  9.483e-08 
 -3.023e-08  3.738e-07 -1.310e-10  1.064e-05 -6.863e-06  2.685e-07 -2.151e-07 
  3.648e-09 -1.310e-10  1.055e-07 -2.002e-08  2.608e-08 -1.234e-08  6.681e-09 
 -2.990e-06  1.064e-05 -2.002e-08  3.187e-03 -6.603e-04  2.767e-05 -1.098e-05 
  1.437e-06 -6.863e-06  2.608e-08 -6.603e-04  2.274e-04 -2.124e-05  6.865e-06 
 -2.803e-07  2.685e-07 -1.234e-08  2.767e-05 -2.124e-05  7.610e-06 -1.902e-06 
  9.483e-08 -2.151e-07  6.681e-09 -1.098e-05  6.865e-06 -1.902e-06  1.216e-06 
ERR MATRIX NOT POS-DEF
 PARAMETER  CORRELATION COEFFICIENTS  
       NO.  GLOBAL      6      7     14     18     19     20     22
        6  0.41253   1.000 -0.137  0.031 -0.147  0.264 -0.282  0.238
        7  0.98932  -0.137  1.000 -0.001  0.308 -0.744  0.159 -0.319
       14  0.03439   0.031 -0.001  1.000 -0.001  0.005 -0.014  0.019
       18  0.98979  -0.147  0.308 -0.001  1.000 -0.776  0.178 -0.176
       19  0.99679   0.264 -0.744  0.005 -0.776  1.000 -0.511  0.413
       20  0.97953  -0.282  0.159 -0.014  0.178 -0.511  1.000 -0.625
       22  0.84386   0.238 -0.319  0.019 -0.176  0.413 -0.625  1.000
 ERR MATRIX NOT POS-DEF
MINUIT - FIT ONLY 2-CBO
 **********
 **   43 **RES 
 **********
                   PARAMETER    8  phi_CBO RESTORED TO VARIABLE.
                   PARAMETER    4  phi RESTORED TO VARIABLE.
                   PARAMETER    3  A0 RESTORED TO VARIABLE.
                   PARAMETER    1  N0 RESTORED TO VARIABLE.
 **********
 **   44 **FIX            0
 **********
 PARAMETER    0  IS UNDEFINED. IGNORED.
 **********
 **   45 **FIX            1
 **********
 **********
 **   46 **FIX            2
 **********
 PARAMETER    2  IS CONSTANT.   IGNORED.
 **********
 **   47 **FIX            3
 **********
 **********
 **   48 **FIX            4
 **********
 **********
 **   49 **FIX            5
 **********
 PARAMETER    5  IS CONSTANT.   IGNORED.
 **********
 **   50 **FIX            6
 **********
 **********
 **   51 **FIX            7
 **********
 **********
 **   52 **FIX           10
 **********
 PARAMETER   10  IS CONSTANT.   IGNORED.
 **********
 **   53 **FIX           11
 **********
 PARAMETER   11  IS CONSTANT.   IGNORED.
 **********
 **   54 **FIX           12
 **********
 PARAMETER   12  IS CONSTANT.   IGNORED.
 **********
 **   55 **FIX           13
 **********
 PARAMETER   13  IS CONSTANT.   IGNORED.
 **********
 **   56 **FIX           14
 **********
 **********
 **   57 **FIX           15
 **********
 PARAMETER   15  IS CONSTANT.   IGNORED.
 **********
 **   58 **FIX           16
 **********
 PARAMETER   16  IS CONSTANT.   IGNORED.
 **********
 **   59 **MIGRAD
 **********
 START MIGRAD MINIMIZATION.  STRATEGY  1.  CONVERGENCE WHEN EDM .LT. 1.00e-04
 FCN=382.27 FROM MIGRAD    STATUS=INITIATE       12 CALLS        1089 TOTAL
                     EDM= unknown      STRATEGY= 1      NO ERROR MATRIX       
  EXT PARAMETER               CURRENT GUESS       STEP         FIRST   
  NO.   NAME      VALUE            ERROR          SIZE      DERIVATIVE 
   1  N0           3.07553e+06     fixed    
   2  tau          6.44069e+01   constant   
   3  A0           3.65201e-01     fixed    
   4  phi          4.11932e+00     fixed    
   5  R           -6.10412e+01   constant   
   6  A_CBO       -3.46866e-04     fixed    
   7  w_CBO        2.32535e+00     fixed    
   8  phi_CBO      2.40397e+00   6.37608e-01   6.37608e-01  -1.08918e+00
   9  ANx2         1.88981e-04   constant   
  10  pNx2         1.59299e+00   constant   
  11  ANy1         0.00000e+00   constant   
  12  pNy1         0.00000e+00   constant   
  13  w_y          0.00000e+00   constant   
  14  ANy2        -1.29884e-04     fixed    
  15  pNy2         4.84726e+00   constant   
  16  w_vw         1.43184e+01   constant   
  17  LM           1.57605e-04   constant   
  18  wCBO_expCoeff   2.00042e+02   5.64550e-02   9.53876e-05  -1.64310e-01
  19  wCBO_expOffset   2.00006e+02   1.50800e-02   9.53705e-05  -8.78790e-02
  20  wCBO_expT    2.99919e+01   2.75870e-03   1.43013e-05  -1.03351e+00
  21  wCBO_linCoeff   0.00000e+00   constant   
  22  wCBO_const   3.36844e-03   1.10287e-03   5.76305e-06   1.15977e+00
 MIGRAD MINIMIZATION HAS CONVERGED.
 FCN=381.907 FROM MIGRAD    STATUS=CONVERGED      85 CALLS        1162 TOTAL
                     EDM=1.0939e-07    STRATEGY= 1  ERROR MATRIX UNCERTAINTY   2.5 per cent
  EXT PARAMETER                                   STEP         FIRST   
  NO.   NAME      VALUE            ERROR          SIZE      DERIVATIVE 
   1  N0           3.07553e+06     fixed    
   2  tau          6.44069e+01   constant   
   3  A0           3.65201e-01     fixed    
   4  phi          4.11932e+00     fixed    
   5  R           -6.10412e+01   constant   
   6  A_CBO       -3.46866e-04     fixed    
   7  w_CBO        2.32535e+00     fixed    
   8  phi_CBO      3.06334e+00   1.09570e+00   1.18626e-03  -8.77800e-05
   9  ANx2         1.88981e-04   constant   
  10  pNx2         1.59299e+00   constant   
  11  ANy1         0.00000e+00   constant   
  12  pNy1         0.00000e+00   constant   
  13  w_y          0.00000e+00   constant   
  14  ANy2        -1.29884e-04     fixed    
  15  pNy2         4.84726e+00   constant   
  16  w_vw         1.43184e+01   constant   
  17  LM           1.57605e-04   constant   
  18  wCBO_expCoeff   2.00046e+02   2.63507e-02   1.31871e-05   6.65901e-03
  19  wCBO_expOffset   2.00007e+02   3.65694e-03   1.52427e-06   5.90780e-01
  20  wCBO_expT    2.99914e+01   4.06354e-03   9.80862e-08   6.37343e-01
  21  wCBO_linCoeff   0.00000e+00   constant   
  22  wCBO_const   3.61832e-03   1.28452e-03   1.17323e-06   5.14298e-01
 EXTERNAL ERROR MATRIX.    NDIM=  25    NPAR=  5    ERR DEF=1
  1.201e+00  7.795e-03  1.061e-03 -1.050e-03  4.743e-04 
  7.795e-03  6.944e-04  8.623e-05 -1.020e-04  2.155e-05 
  1.061e-03  8.623e-05  1.337e-05 -1.409e-05  2.921e-06 
 -1.050e-03 -1.020e-04 -1.409e-05  1.651e-05 -3.927e-06 
  4.743e-04  2.155e-05  2.921e-06 -3.927e-06  1.650e-06 
 PARAMETER  CORRELATION COEFFICIENTS  
       NO.  GLOBAL      8     18     19     20     22
        8  0.56504   1.000  0.270  0.265 -0.236  0.337
       18  0.97048   0.270  1.000  0.895 -0.953  0.637
       19  0.96872   0.265  0.895  1.000 -0.948  0.622
       20  0.99168  -0.236 -0.953 -0.948  1.000 -0.752
       22  0.89337   0.337  0.637  0.622 -0.752  1.000
MINUIT - FIT ONLY 1-y
 **********
 **   60 **RES 
 **********
                   PARAMETER   14  ANy2 RESTORED TO VARIABLE.
                   PARAMETER    7  w_CBO RESTORED TO VARIABLE.
                   PARAMETER    6  A_CBO RESTORED TO VARIABLE.
                   PARAMETER    4  phi RESTORED TO VARIABLE.
                   PARAMETER    3  A0 RESTORED TO VARIABLE.
                   PARAMETER    1  N0 RESTORED TO VARIABLE.
 **********
 **   61 **FIX            0
 **********
 PARAMETER    0  IS UNDEFINED. IGNORED.
 **********
 **   62 **FIX            1
 **********
 **********
 **   63 **FIX            2
 **********
 PARAMETER    2  IS CONSTANT.   IGNORED.
 **********
 **   64 **FIX            3
 **********
 **********
 **   65 **FIX            4
 **********
 **********
 **   66 **FIX            5
 **********
 PARAMETER    5  IS CONSTANT.   IGNORED.
 **********
 **   67 **FIX            6
 **********
 **********
 **   68 **FIX            7
 **********
 **********
 **   69 **FIX            8
 **********
 **********
 **   70 **FIX            9
 **********
 PARAMETER    9  IS CONSTANT.   IGNORED.
 **********
 **   71 **FIX           13
 **********
 PARAMETER   13  IS CONSTANT.   IGNORED.
 **********
 **   72 **FIX           14
 **********
 **********
 **   73 **FIX           15
 **********
 PARAMETER   15  IS CONSTANT.   IGNORED.
 **********
 **   74 **FIX           16
 **********
 PARAMETER   16  IS CONSTANT.   IGNORED.
 **********
 **   75 **MIGRAD
 **********
 START MIGRAD MINIMIZATION.  STRATEGY  1.  CONVERGENCE WHEN EDM .LT. 1.00e-04
 FCN=381.907 FROM MIGRAD    STATUS=INITIATE        8 CALLS        1170 TOTAL
                     EDM= unknown      STRATEGY= 1      NO ERROR MATRIX       
  EXT PARAMETER               CURRENT GUESS       STEP         FIRST   
  NO.   NAME      VALUE            ERROR          SIZE      DERIVATIVE 
   1  N0           3.07553e+06     fixed    
   2  tau          6.44069e+01   constant   
   3  A0           3.65201e-01     fixed    
   4  phi          4.11932e+00     fixed    
   5  R           -6.10412e+01   constant   
   6  A_CBO       -3.46866e-04     fixed    
   7  w_CBO        2.32535e+00     fixed    
   8  phi_CBO      3.06334e+00     fixed    
   9  ANx2         1.88981e-04   constant   
  10  pNx2         1.59299e+00   constant   
  11  ANy1         0.00000e+00   constant   
  12  pNy1         0.00000e+00   constant   
  13  w_y          0.00000e+00   constant   
  14  ANy2        -1.29884e-04     fixed    
  15  pNy2         4.84726e+00   constant   
  16  w_vw         1.43184e+01   constant   
  17  LM           1.57605e-04   constant   
  18  wCBO_expCoeff   2.00046e+02   2.63507e-02   1.31871e-05   6.65901e-03
  19  wCBO_expOffset   2.00007e+02   3.65694e-03   1.52427e-06   5.90780e-01
  20  wCBO_expT    2.99914e+01   4.06354e-03   9.80862e-08   6.37343e-01
  21  wCBO_linCoeff   0.00000e+00   constant   
  22  wCBO_const   3.61832e-03   1.28452e-03   1.17323e-06   5.14298e-01
 MIGRAD MINIMIZATION HAS CONVERGED.
 MIGRAD WILL VERIFY CONVERGENCE AND ERROR MATRIX.
 FCN=381.907 FROM MIGRAD    STATUS=CONVERGED      48 CALLS        1210 TOTAL
                     EDM=7.8691e-07    STRATEGY= 1      ERR MATRIX NOT POS-DEF
  EXT PARAMETER                APPROXIMATE        STEP         FIRST   
  NO.   NAME      VALUE            ERROR          SIZE      DERIVATIVE 
   1  N0           3.07553e+06     fixed    
   2  tau          6.44069e+01   constant   
   3  A0           3.65201e-01     fixed    
   4  phi          4.11932e+00     fixed    
   5  R           -6.10412e+01   constant   
   6  A_CBO       -3.46866e-04     fixed    
   7  w_CBO        2.32535e+00     fixed    
   8  phi_CBO      3.06334e+00     fixed    
   9  ANx2         1.88981e-04   constant   
  10  pNx2         1.59299e+00   constant   
  11  ANy1         0.00000e+00   constant   
  12  pNy1         0.00000e+00   constant   
  13  w_y          0.00000e+00   constant   
  14  ANy2        -1.29884e-04     fixed    
  15  pNy2         4.84726e+00   constant   
  16  w_vw         1.43184e+01   constant   
  17  LM           1.57605e-04   constant   
  18  wCBO_expCoeff   2.00046e+02   8.13554e-02   9.53895e-05  -1.76109e-02
  19  wCBO_expOffset   2.00007e+02   1.39396e-02   9.53708e-05  -1.11995e-01
  20  wCBO_expT    2.99914e+01   3.11602e-03   1.43010e-05   2.50871e-01
  21  wCBO_linCoeff   0.00000e+00   constant   
  22  wCBO_const   3.61831e-03   1.04846e-03   5.50531e-06   2.72340e-01
 EXTERNAL ERROR MATRIX.    NDIM=  25    NPAR=  4    ERR DEF=1
  6.619e-03 -1.037e-03  2.692e-05 -5.490e-06 
 -1.037e-03  1.943e-04 -2.109e-05  3.737e-06 
  2.692e-05 -2.109e-05  9.710e-06 -2.133e-06 
 -5.490e-06  3.737e-06 -2.133e-06  1.099e-06 
ERR MATRIX NOT POS-DEF
 PARAMETER  CORRELATION COEFFICIENTS  
       NO.  GLOBAL     18     19     20     22
       18  0.99600   1.000 -0.914  0.106 -0.064
       19  0.99694  -0.914  1.000 -0.486  0.256
       20  0.98603   0.106 -0.486  1.000 -0.653
       22  0.83800  -0.064  0.256 -0.653  1.000
 ERR MATRIX NOT POS-DEF
MINUIT - FIT ONLY 2-y
 **********
 **   76 **RES 
 **********
                   PARAMETER   14  ANy2 RESTORED TO VARIABLE.
                   PARAMETER    8  phi_CBO RESTORED TO VARIABLE.
                   PARAMETER    7  w_CBO RESTORED TO VARIABLE.
                   PARAMETER    6  A_CBO RESTORED TO VARIABLE.
                   PARAMETER    4  phi RESTORED TO VARIABLE.
                   PARAMETER    3  A0 RESTORED TO VARIABLE.
                   PARAMETER    1  N0 RESTORED TO VARIABLE.
 **********
 **   77 **FIX            0
 **********
 PARAMETER    0  IS UNDEFINED. IGNORED.
 **********
 **   78 **FIX            1
 **********
 **********
 **   79 **FIX            2
 **********
 PARAMETER    2  IS CONSTANT.   IGNORED.
 **********
 **   80 **FIX            3
 **********
 **********
 **   81 **FIX            4
 **********
 **********
 **   82 **FIX            5
 **********
 PARAMETER    5  IS CONSTANT.   IGNORED.
 **********
 **   83 **FIX            6
 **********
 **********
 **   84 **FIX            7
 **********
 **********
 **   85 **FIX            8
 **********
 **********
 **   86 **FIX            9
 **********
 PARAMETER    9  IS CONSTANT.   IGNORED.
 **********
 **   87 **FIX           10
 **********
 PARAMETER   10  IS CONSTANT.   IGNORED.
 **********
 **   88 **FIX           11
 **********
 PARAMETER   11  IS CONSTANT.   IGNORED.
 **********
 **   89 **FIX           12
 **********
 PARAMETER   12  IS CONSTANT.   IGNORED.
 **********
 **   90 **FIX           16
 **********
 PARAMETER   16  IS CONSTANT.   IGNORED.
 **********
 **   91 **MIGRAD
 **********
 START MIGRAD MINIMIZATION.  STRATEGY  1.  CONVERGENCE WHEN EDM .LT. 1.00e-04
 FCN=381.907 FROM MIGRAD    STATUS=INITIATE       10 CALLS        1220 TOTAL
                     EDM= unknown      STRATEGY= 1      NO ERROR MATRIX       
  EXT PARAMETER               CURRENT GUESS       STEP         FIRST   
  NO.   NAME      VALUE            ERROR          SIZE      DERIVATIVE 
   1  N0           3.07553e+06     fixed    
   2  tau          6.44069e+01   constant   
   3  A0           3.65201e-01     fixed    
   4  phi          4.11932e+00     fixed    
   5  R           -6.10412e+01   constant   
   6  A_CBO       -3.46866e-04     fixed    
   7  w_CBO        2.32535e+00     fixed    
   8  phi_CBO      3.06334e+00     fixed    
   9  ANx2         1.88981e-04   constant   
  10  pNx2         1.59299e+00   constant   
  11  ANy1         0.00000e+00   constant   
  12  pNy1         0.00000e+00   constant   
  13  w_y          0.00000e+00   constant   
  14  ANy2        -1.29884e-04   3.24877e-04   3.24877e-04   2.32989e+02
  15  pNy2         4.84726e+00   constant   
  16  w_vw         1.43184e+01   constant   
  17  LM           1.57605e-04   constant   
  18  wCBO_expCoeff   2.00046e+02   8.13554e-02   9.53895e-05  -1.57432e-02
  19  wCBO_expOffset   2.00007e+02   1.39396e-02   9.53708e-05   4.41626e-01
  20  wCBO_expT    2.99914e+01   3.11602e-03   1.43010e-05   3.18713e-01
  21  wCBO_linCoeff   0.00000e+00   constant   
  22  wCBO_const   3.61831e-03   1.04846e-03   5.50531e-06   2.72271e-01
 MIGRAD MINIMIZATION HAS CONVERGED.
 MIGRAD WILL VERIFY CONVERGENCE AND ERROR MATRIX.
 FCN=381.905 FROM MIGRAD    STATUS=CONVERGED      68 CALLS        1278 TOTAL
                     EDM=1.19323e-06    STRATEGY= 1      ERR MATRIX NOT POS-DEF
  EXT PARAMETER                APPROXIMATE        STEP         FIRST   
  NO.   NAME      VALUE            ERROR          SIZE      DERIVATIVE 
   1  N0           3.07553e+06     fixed    
   2  tau          6.44069e+01   constant   
   3  A0           3.65201e-01     fixed    
   4  phi          4.11932e+00     fixed    
   5  R           -6.10412e+01   constant   
   6  A_CBO       -3.46866e-04     fixed    
   7  w_CBO        2.32535e+00     fixed    
   8  phi_CBO      3.06334e+00     fixed    
   9  ANx2         1.88981e-04   constant   
  10  pNx2         1.59299e+00   constant   
  11  ANy1         0.00000e+00   constant   
  12  pNy1         0.00000e+00   constant   
  13  w_y          0.00000e+00   constant   
  14  ANy2        -1.42643e-04   3.28613e-04   3.16118e-06  -6.14973e-02
  15  pNy2         4.84726e+00   constant   
  16  w_vw         1.43184e+01   constant   
  17  LM           1.57605e-04   constant   
  18  wCBO_expCoeff   2.00046e+02   8.13848e-02   9.53895e-05  -3.82441e-02
  19  wCBO_expOffset   2.00007e+02   1.39416e-02   9.53708e-05  -2.52647e-01
  20  wCBO_expT    2.99914e+01   3.11701e-03   1.43010e-05   7.61980e-02
  21  wCBO_linCoeff   0.00000e+00   constant   
  22  wCBO_const   3.61833e-03   1.04882e-03   5.50569e-06   1.38361e+00
 EXTERNAL ERROR MATRIX.    NDIM=  25    NPAR=  5    ERR DEF=1
  1.080e-07  1.498e-07 -2.586e-08 -4.434e-09  4.186e-09 
  1.498e-07  6.623e-03 -1.037e-03  2.677e-05 -5.454e-06 
 -2.586e-08 -1.037e-03  1.944e-04 -2.108e-05  3.734e-06 
 -4.434e-09  2.677e-05 -2.108e-05  9.716e-06 -2.135e-06 
  4.186e-09 -5.454e-06  3.734e-06 -2.135e-06  1.100e-06 
ERR MATRIX NOT POS-DEF
 PARAMETER  CORRELATION COEFFICIENTS  
       NO.  GLOBAL     14     18     19     20     22
       14  0.02432   1.000  0.006 -0.006 -0.004  0.012
       18  0.99600   0.006  1.000 -0.914  0.106 -0.064
       19  0.99694  -0.006 -0.914  1.000 -0.485  0.255
       20  0.98604  -0.004  0.106 -0.485  1.000 -0.653
       22  0.83810   0.012 -0.064  0.255 -0.653  1.000
 ERR MATRIX NOT POS-DEF
MINUIT - FIT ALTOGETHER
 **********
 **   92 **RES 
 **********
                   PARAMETER    8  phi_CBO RESTORED TO VARIABLE.
                   PARAMETER    7  w_CBO RESTORED TO VARIABLE.
                   PARAMETER    6  A_CBO RESTORED TO VARIABLE.
                   PARAMETER    4  phi RESTORED TO VARIABLE.
                   PARAMETER    3  A0 RESTORED TO VARIABLE.
                   PARAMETER    1  N0 RESTORED TO VARIABLE.
 **********
 **   93 **MIGRAD
 **********
 START MIGRAD MINIMIZATION.  STRATEGY  1.  CONVERGENCE WHEN EDM .LT. 1.00e-04
 FCN=381.905 FROM MIGRAD    STATUS=INITIATE       22 CALLS        1300 TOTAL
                     EDM= unknown      STRATEGY= 1      NO ERROR MATRIX       
  EXT PARAMETER               CURRENT GUESS       STEP         FIRST   
  NO.   NAME      VALUE            ERROR          SIZE      DERIVATIVE 
   1  N0           3.07553e+06   7.25109e+02   7.25109e+02  -1.19767e-03
   2  tau          6.44069e+01   constant   
   3  A0           3.65201e-01   3.10729e-04   3.10729e-04   1.67226e+03
   4  phi          4.11932e+00   8.92027e-04   8.92027e-04   5.51696e+02
   5  R           -6.10412e+01   constant   
   6  A_CBO       -3.46866e-04   3.60934e-04   3.60934e-04   5.17053e+02
   7  w_CBO        2.32535e+00   6.11368e-04   6.11368e-04  -2.55725e+00
   8  phi_CBO      3.06334e+00   1.09570e+00   1.09570e+00  -4.51815e-03
   9  ANx2         1.88981e-04   constant   
  10  pNx2         1.59299e+00   constant   
  11  ANy1         0.00000e+00   constant   
  12  pNy1         0.00000e+00   constant   
  13  w_y          0.00000e+00   constant   
  14  ANy2        -1.42643e-04   3.28613e-04   3.16118e-06  -6.14966e-02
  15  pNy2         4.84726e+00   constant   
  16  w_vw         1.43184e+01   constant   
  17  LM           1.57605e-04   constant   
  18  wCBO_expCoeff   2.00046e+02   8.13848e-02   9.53895e-05  -3.68332e-02
  19  wCBO_expOffset   2.00007e+02   1.39416e-02   9.53708e-05   2.99351e-01
  20  wCBO_expT    2.99914e+01   3.11701e-03   1.43010e-05   1.44010e-01
  21  wCBO_linCoeff   0.00000e+00   constant   
