 + ++++++++++++++++++++++++++++++++++++++++++++++++++++++++++++++++++++ +
 +                                                                      +
 +           You have chose to blind your fitting according to          +
 +                omega_ref * (1 + (R +/- deltaR) *10^{-6})             +
 +                                                                      +
 + ++++++++++++++++++++++++++++++++++++++++++++++++++++++++++++++++++++ +
In main()...
reading format from /gm2data/zkhechad/run45/envelope/formats/formatB_sBin_constraintOn.txt
pBinTau 	= 0  
pBinPhi 	= 0  
constraintau 	= 1 
includeMopTerm 	= 0    
constrainMop    = 0   
Parameters after format file: pBinTau 0 pBinPhi 0 constraintau 1 includeMopTerm 0 constrainMop 0 c_e_scale 0.000000 
reading cbo reference file (full fit) from /gm2data/zkhechad/cboTemplates/Run4CBOTemplates/fullFits/run4/sBin_constraintOn_cE0.0_seed0_run4_calo3.root
A_CBO 0.008872 w_CBO 2.326183 phi_CBO 4.278101 N0 2792933.794534 R -61.131445 tau 64.392950 
Reading cboRef file /gm2data/zkhechad/cboTemplates/Run4CBOTemplates//cboIsolate/run4_calo3.root
deltaT 164.120000
windowBins = 1100
fitting sliding window 2140 from bin 2343 at 349.575600 to bin 3443 at 513.695600 (1100 bins)

Reading data from /gm2data/cornell/histograms/aMethod/histogram_a_run4.root
fitting cbo isolate
 **********
 **    1 **SET PRINTOUT            1
 **********
 **********
 **    2 **SET NOWARNINGS 
 **********
 PARAMETER DEFINITIONS:
    NO.   NAME         VALUE      STEP SIZE      LIMITS
     1 A_CBO        8.87236e-03  1.00000e-05     no limits
     2 w_CBO        2.32618e+00  1.00000e-02    2.00000e+00  3.00000e+00
     3 phi_CBO      4.27810e+00  1.00000e-02    0.00000e+00  6.28319e+00
 **********
 **    3 **MIGRAD
 **********
 FIRST CALL TO USER FUNCTION AT NEW START POINT, WITH IFLAG=4.
 START MIGRAD MINIMIZATION.  STRATEGY  1.  CONVERGENCE WHEN EDM .LT. 1.00e-04
 FCN=0.184875 FROM MIGRAD    STATUS=INITIATE       12 CALLS          13 TOTAL
                     EDM= unknown      STRATEGY= 1      NO ERROR MATRIX       
  EXT PARAMETER               CURRENT GUESS       STEP         FIRST   
  NO.   NAME      VALUE            ERROR          SIZE      DERIVATIVE 
   1  A_CBO        8.87236e-03   1.00000e-05   1.00000e-05   7.63744e+00
   2  w_CBO        2.32618e+00   1.00000e-02   2.13326e-02   1.77704e+00
   3  phi_CBO      4.27810e+00   1.00000e-02   3.41436e-03  -2.12179e-02
 MIGRAD MINIMIZATION HAS CONVERGED.
 MIGRAD WILL VERIFY CONVERGENCE AND ERROR MATRIX.
 COVARIANCE MATRIX CALCULATED SUCCESSFULLY
 FCN=0.15793 FROM HESSE     STATUS=OK             16 CALLS          58 TOTAL
                     EDM=0.000702656    STRATEGY= 1      ERROR MATRIX ACCURATE 
  EXT PARAMETER                                   STEP         FIRST   
  NO.   NAME      VALUE            ERROR          SIZE      DERIVATIVE 
   1  A_CBO        2.06709e-03   5.10524e-02   2.24468e-05  -7.95384e-03
   2  w_CBO        2.32567e+00   3.67521e-01   5.45461e-05   6.17662e-02
   3  phi_CBO      4.40561e+00   3.76787e+00   4.08430e-03  -4.38006e-05
 MIGRAD MINIMIZATION HAS CONVERGED.
 MIGRAD WILL VERIFY CONVERGENCE AND ERROR MATRIX.
 COVARIANCE MATRIX CALCULATED SUCCESSFULLY
 FCN=0.15737 FROM MIGRAD    STATUS=CONVERGED     107 CALLS         108 TOTAL
                     EDM=1.63207e-05    STRATEGY= 1      ERROR MATRIX ACCURATE 
  EXT PARAMETER                                   STEP         FIRST   
  NO.   NAME      VALUE            ERROR          SIZE      DERIVATIVE 
   1  A_CBO        2.27809e-03   4.29512e-02   2.24199e-05  -3.02149e-02
   2  w_CBO        2.31825e+00   2.70635e-01   4.59303e-05  -2.45434e-02
   3  phi_CBO      1.11265e+00   5.67549e+00   4.03636e-03   3.70796e-04
 EXTERNAL ERROR MATRIX.    NDIM=  25    NPAR=  3    ERR DEF=1
  1.845e-03 -1.333e-03 -6.168e-01 
 -1.333e-03  8.340e-02  3.703e+01 
 -6.168e-01  3.703e+01  1.679e+04 
 PARAMETER  CORRELATION COEFFICIENTS  
       NO.  GLOBAL      1      2      3
        1  0.11192   1.000 -0.107 -0.111
        2  0.98972  -0.107  1.000  0.990
        3  0.98973  -0.111  0.990  1.000
setting A_CBO=0.002278 w_CBO=2.318253, phi_CBO=1.112651
done fitting cbo isolate
 **********
 **    1 **SET PRINTOUT            1
 **********
 **********
 **    2 **SET NOWARNINGS 
 **********
 PARAMETER DEFINITIONS:
    NO.   NAME         VALUE      STEP SIZE      LIMITS
     1 N0           2.79293e+06  1.00000e+02     no limits
     2 tau          6.43930e+01  constant
     3 A0           3.56510e-01  1.00000e-04     no limits
     4 phi          4.11711e+00  1.00000e-02     no limits
     5 R           -6.11314e+01  constant
     6 A_CBO        2.27809e-03  1.00000e-05     no limits
     7 w_CBO        2.31825e+00  1.00000e-03     no limits
     8 phi_CBO      1.11265e+00  1.00000e-04     no limits
     9 ANx2         3.99781e-04  constant
    10 pNx2         4.45174e+00  constant
    11 ANy1         0.00000e+00  constant
    12 pNy1         0.00000e+00  constant
    13 w_y          0.00000e+00  constant
    14 ANy2         9.79441e-03  1.00000e-04     no limits
    15 pNy2         4.41741e+00  constant
    16 w_vw         1.43026e+01  constant
    17 LM          -4.33674e-04  constant
    18 wCBO_expCoeff   2.00000e+02  1.00000e+00     no limits
    19 wCBO_expOffset   2.00000e+02  1.00000e+00     no limits
    20 wCBO_expT    3.00000e+01  1.00000e+00     no limits
    21 wCBO_linCoeff   0.00000e+00  constant
    22 wCBO_const   0.00000e+00  1.00000e-02     no limits
MINUIT - FIT ONLY WIGGLE
 **********
 **    3 **FIX            5
 **********
 PARAMETER    5  IS CONSTANT.   IGNORED.
 **********
 **    4 **FIX            6
 **********
 **********
 **    5 **FIX            7
 **********
 **********
 **    6 **FIX            8
 **********
 **********
 **    7 **FIX            9
 **********
 PARAMETER    9  IS CONSTANT.   IGNORED.
 **********
 **    8 **FIX           10
 **********
 PARAMETER   10  IS CONSTANT.   IGNORED.
 **********
 **    9 **FIX           11
 **********
 PARAMETER   11  IS CONSTANT.   IGNORED.
 **********
 **   10 **FIX           12
 **********
 PARAMETER   12  IS CONSTANT.   IGNORED.
 **********
 **   11 **FIX           13
 **********
 PARAMETER   13  IS CONSTANT.   IGNORED.
 **********
 **   12 **FIX           14
 **********
 **********
 **   13 **FIX           15
 **********
 PARAMETER   15  IS CONSTANT.   IGNORED.
 **********
 **   14 **FIX           16
 **********
 PARAMETER   16  IS CONSTANT.   IGNORED.
 **********
 **   15 **MIGRAD
 **********
 FIRST CALL TO USER FUNCTION AT NEW START POINT, WITH IFLAG=4.
 START MIGRAD MINIMIZATION.  STRATEGY  1.  CONVERGENCE WHEN EDM .LT. 1.00e-04
 FCN=469.024 FROM MIGRAD    STATUS=INITIATE       30 CALLS          31 TOTAL
                     EDM= unknown      STRATEGY= 1      NO ERROR MATRIX       
  EXT PARAMETER               CURRENT GUESS       STEP         FIRST   
  NO.   NAME      VALUE            ERROR          SIZE      DERIVATIVE 
   1  N0           2.79293e+06   1.00000e+02   1.00000e+02   1.08091e-03
   2  tau          6.43930e+01   constant   
   3  A0           3.56510e-01   1.00000e-04   1.00000e-04  -3.36722e+03
   4  phi          4.11711e+00   1.00000e-02   1.00000e-02  -3.89764e+02
   5  R           -6.11314e+01   constant   
   6  A_CBO        2.27809e-03     fixed    
   7  w_CBO        2.31825e+00     fixed    
   8  phi_CBO      1.11265e+00     fixed    
   9  ANx2         3.99781e-04   constant   
  10  pNx2         4.45174e+00   constant   
  11  ANy1         0.00000e+00   constant   
  12  pNy1         0.00000e+00   constant   
  13  w_y          0.00000e+00   constant   
  14  ANy2         9.79441e-03     fixed    
  15  pNy2         4.41741e+00   constant   
  16  w_vw         1.43026e+01   constant   
  17  LM          -4.33674e-04   constant   
  18  wCBO_expCoeff   2.00000e+02   1.00000e+00   1.00000e+00   6.34761e+00
  19  wCBO_expOffset   2.00000e+02   1.00000e+00   1.00000e+00   4.23024e+01
  20  wCBO_expT    3.00000e+01   1.00000e+00   1.00000e+00   1.76194e+02
  21  wCBO_linCoeff   0.00000e+00   constant   
  22  wCBO_const   0.00000e+00   1.00000e-02   1.00000e-02   1.65392e+03
 MIGRAD MINIMIZATION HAS CONVERGED.
 FCN=458.454 FROM MIGRAD    STATUS=CONVERGED     267 CALLS         268 TOTAL
                     EDM=3.73527e-06    STRATEGY= 1  ERROR MATRIX UNCERTAINTY   0.6 per cent
  EXT PARAMETER                                   STEP         FIRST   
  NO.   NAME      VALUE            ERROR          SIZE      DERIVATIVE 
   1  N0           2.79172e+06   1.44710e+03   1.98633e+00  -6.90059e-07
   2  tau          6.43930e+01   constant   
   3  A0           3.57276e-01   6.94128e-04  -1.78842e-06   8.69009e-01
   4  phi          4.11814e+00   2.04273e-03   2.14016e-05   3.26448e-01
   5  R           -6.11314e+01   constant   
   6  A_CBO        2.27809e-03     fixed    
   7  w_CBO        2.31825e+00     fixed    
   8  phi_CBO      1.11265e+00     fixed    
   9  ANx2         3.99781e-04   constant   
  10  pNx2         4.45174e+00   constant   
  11  ANy1         0.00000e+00   constant   
  12  pNy1         0.00000e+00   constant   
  13  w_y          0.00000e+00   constant   
  14  ANy2         9.79441e-03     fixed    
  15  pNy2         4.41741e+00   constant   
  16  w_vw         1.43026e+01   constant   
  17  LM          -4.33674e-04   constant   
  18  wCBO_expCoeff   1.96620e+02   1.52598e+00  -2.43635e-03   1.13345e-03
  19  wCBO_expOffset   1.99498e+02   2.26620e-01  -3.61746e-04   7.38215e-03
  20  wCBO_expT    3.02037e+01   9.30934e-02   1.99676e-04   8.62606e-02
  21  wCBO_linCoeff   0.00000e+00   constant   
  22  wCBO_const  -8.18172e-03   9.97146e-04  -9.86383e-06   1.54480e+00
 EXTERNAL ERROR MATRIX.    NDIM=  25    NPAR=  7    ERR DEF=1
  2.094e+06  3.363e-02  6.203e-02 -1.526e+01 -2.225e+00  9.170e-01  1.347e-02 
  3.363e-02  4.818e-07 -3.976e-09  8.863e-05  1.313e-05 -5.515e-06  4.329e-08 
  6.203e-02 -3.976e-09  4.173e-06  8.072e-05  1.209e-05 -4.579e-06 -5.807e-08 
 -1.526e+01  8.863e-05  8.072e-05  2.329e+00  3.310e-01 -1.402e-01  1.061e-03 
 -2.225e+00  1.313e-05  1.209e-05  3.310e-01  5.136e-02 -2.082e-02  1.575e-04 
  9.170e-01 -5.515e-06 -4.579e-06 -1.402e-01 -2.082e-02  8.666e-03 -6.820e-05 
  1.347e-02  4.329e-08 -5.807e-08  1.061e-03  1.575e-04 -6.820e-05  9.943e-07 
 PARAMETER  CORRELATION COEFFICIENTS  
       NO.  GLOBAL      1      3      4     18     19     20     22
        1  0.04896   1.000  0.033  0.021 -0.007 -0.007  0.007  0.009
        3  0.09301   0.033  1.000 -0.003  0.084  0.083 -0.085  0.063
        4  0.07675   0.021 -0.003  1.000  0.026  0.026 -0.024 -0.029
       18  0.99507  -0.007  0.084  0.026  1.000  0.957 -0.987  0.697
       19  0.99486  -0.007  0.083  0.026  0.957  1.000 -0.987  0.697
       20  0.99867   0.007 -0.085 -0.024 -0.987 -0.987  1.000 -0.735
       22  0.84518   0.009  0.063 -0.029  0.697  0.697 -0.735  1.000
MINUIT - FIT ONLY 1-CBO + other amplitudes 
 **********
 **   16 **RES 
 **********
                   PARAMETER   14  ANy2 RESTORED TO VARIABLE.
                   PARAMETER    8  phi_CBO RESTORED TO VARIABLE.
                   PARAMETER    7  w_CBO RESTORED TO VARIABLE.
                   PARAMETER    6  A_CBO RESTORED TO VARIABLE.
 **********
 **   17 **FIX            0
 **********
 PARAMETER    0  IS UNDEFINED. IGNORED.
 **********
 **   18 **FIX            1
 **********
 **********
 **   19 **FIX            2
 **********
 PARAMETER    2  IS CONSTANT.   IGNORED.
 **********
 **   20 **FIX            3
 **********
 **********
 **   21 **FIX            4
 **********
 **********
 **   22 **FIX            9
 **********
 PARAMETER    9  IS CONSTANT.   IGNORED.
 **********
 **   23 **FIX           11
 **********
 PARAMETER   11  IS CONSTANT.   IGNORED.
 **********
 **   24 **FIX           12
 **********
 PARAMETER   12  IS CONSTANT.   IGNORED.
 **********
 **   25 **FIX           14
 **********
 **********
 **   26 **FIX           15
 **********
 PARAMETER   15  IS CONSTANT.   IGNORED.
 **********
 **   27 **FIX           16
 **********
 PARAMETER   16  IS CONSTANT.   IGNORED.
 **********
 **   28 **MIGRAD
 **********
 START MIGRAD MINIMIZATION.  STRATEGY  1.  CONVERGENCE WHEN EDM .LT. 1.00e-04
 FCN=458.454 FROM MIGRAD    STATUS=INITIATE       18 CALLS         286 TOTAL
                     EDM= unknown      STRATEGY= 1      NO ERROR MATRIX       
  EXT PARAMETER               CURRENT GUESS       STEP         FIRST   
  NO.   NAME      VALUE            ERROR          SIZE      DERIVATIVE 
   1  N0           2.79172e+06     fixed    
   2  tau          6.43930e+01   constant   
   3  A0           3.57276e-01     fixed    
   4  phi          4.11814e+00     fixed    
   5  R           -6.11314e+01   constant   
   6  A_CBO        2.27809e-03   1.00000e-05   1.00000e-05   3.52815e+03
   7  w_CBO        2.31825e+00   1.00000e-03   1.00000e-03   7.57136e-01
   8  phi_CBO      1.11265e+00   1.00000e-04   1.00000e-04   1.99940e+00
   9  ANx2         3.99781e-04   constant   
  10  pNx2         4.45174e+00   constant   
  11  ANy1         0.00000e+00   constant   
  12  pNy1         0.00000e+00   constant   
  13  w_y          0.00000e+00   constant   
  14  ANy2         9.79441e-03     fixed    
  15  pNy2         4.41741e+00   constant   
  16  w_vw         1.43026e+01   constant   
  17  LM          -4.33674e-04   constant   
  18  wCBO_expCoeff   1.96620e+02   1.52598e+00  -2.43635e-03   1.13345e-03
  19  wCBO_expOffset   1.99498e+02   2.26620e-01  -3.61746e-04   7.38213e-03
  20  wCBO_expT    3.02037e+01   9.30934e-02   1.99676e-04   8.62607e-02
  21  wCBO_linCoeff   0.00000e+00   constant   
  22  wCBO_const  -8.18172e-03   9.97146e-04  -9.86383e-06   1.54485e+00
 MIGRAD MINIMIZATION HAS CONVERGED.
 MIGRAD WILL VERIFY CONVERGENCE AND ERROR MATRIX.
 FCN=454.61 FROM HESSE     STATUS=NOT POSDEF     50 CALLS         467 TOTAL
                     EDM=0.000487508    STRATEGY= 1      ERR MATRIX NOT POS-DEF
  EXT PARAMETER                APPROXIMATE        STEP         FIRST   
  NO.   NAME      VALUE            ERROR          SIZE      DERIVATIVE 
   1  N0           2.79172e+06     fixed    
   2  tau          6.43930e+01   constant   
   3  A0           3.57276e-01     fixed    
   4  phi          4.11814e+00     fixed    
   5  R           -6.11314e+01   constant   
   6  A_CBO        1.29917e-03   7.43577e-04   7.77086e-06  -1.66319e+00
   7  w_CBO        2.31751e+00   6.83930e-03   7.91088e-06   1.98756e+00
   8  phi_CBO     -1.58886e-01   8.40591e-01   5.95322e-03  -3.84388e-03
   9  ANx2         3.99781e-04   constant   
  10  pNx2         4.45174e+00   constant   
  11  ANy1         0.00000e+00   constant   
  12  pNy1         0.00000e+00   constant   
  13  w_y          0.00000e+00   constant   
  14  ANy2         9.79441e-03     fixed    
  15  pNy2         4.41741e+00   constant   
  16  w_vw         1.43026e+01   constant   
  17  LM          -4.33674e-04   constant   
  18  wCBO_expCoeff   1.96638e+02   2.00087e+00   1.89806e-03   8.83160e-03
  19  wCBO_expOffset   1.99500e+02   3.07347e-01   2.91539e-04   5.74982e-02
  20  wCBO_expT    3.02033e+01   4.89932e-02   5.36598e-05  -5.90065e-01
  21  wCBO_linCoeff   0.00000e+00   constant   
  22  wCBO_const  -8.94914e-03   2.93221e-03   4.66113e-06   2.89571e+00
 MIGRAD MINIMIZATION HAS CONVERGED.
 MIGRAD WILL VERIFY CONVERGENCE AND ERROR MATRIX.
 FCN=454.608 FROM MIGRAD    STATUS=CONVERGED     290 CALLS         558 TOTAL
                     EDM=2.83759e-08    STRATEGY= 1      ERR MATRIX NOT POS-DEF
  EXT PARAMETER                APPROXIMATE        STEP         FIRST   
  NO.   NAME      VALUE            ERROR          SIZE      DERIVATIVE 
   1  N0           2.79172e+06     fixed    
   2  tau          6.43930e+01   constant   
   3  A0           3.57276e-01     fixed    
   4  phi          4.11814e+00     fixed    
   5  R           -6.11314e+01   constant   
   6  A_CBO        1.29956e-03   7.43631e-04   7.77113e-06   1.43888e-01
   7  w_CBO        2.31744e+00   6.83384e-03   7.92855e-06   1.87177e-02
   8  phi_CBO     -1.67652e-01   8.41004e-01   5.95671e-03   2.31426e-04
   9  ANx2         3.99781e-04   constant   
  10  pNx2         4.45174e+00   constant   
  11  ANy1         0.00000e+00   constant   
  12  pNy1         0.00000e+00   constant   
  13  w_y          0.00000e+00   constant   
  14  ANy2         9.79441e-03     fixed    
  15  pNy2         4.41741e+00   constant   
  16  w_vw         1.43026e+01   constant   
  17  LM          -4.33674e-04   constant   
  18  wCBO_expCoeff   1.96583e+02   2.00742e+00   1.90345e-03   2.92586e-04
  19  wCBO_expOffset   1.99492e+02   3.08487e-01   2.92482e-04   1.90414e-03
  20  wCBO_expT    3.02069e+01   4.91699e-02   5.38030e-05   9.44097e-03
  21  wCBO_linCoeff   0.00000e+00   constant   
  22  wCBO_const  -8.96071e-03   2.93021e-03   4.67170e-06  -1.42597e-02
 EXTERNAL ERROR MATRIX.    NDIM=  25    NPAR=  7    ERR DEF=1
  5.530e-07  3.398e-08  1.048e-05 -1.987e-06 -3.068e-07 -2.109e-07  1.793e-08 
  3.398e-08  4.670e-05  4.122e-04 -1.265e-03 -1.949e-04 -4.579e-05 -1.902e-05 
  1.048e-05  4.122e-04  7.073e-01  9.472e-02  1.456e-02 -6.033e-03  2.379e-04 
 -1.987e-06 -1.265e-03  9.472e-02  4.030e+00 -4.126e-01 -3.718e-02  9.068e-04 
 -3.068e-07 -1.949e-04  1.456e-02 -4.126e-01  9.516e-02 -5.716e-03  1.396e-04 
 -2.109e-07 -4.579e-05 -6.033e-03 -3.718e-02 -5.716e-03  2.418e-03 -8.225e-06 
  1.793e-08 -1.902e-05  2.379e-04  9.068e-04  1.396e-04 -8.225e-06  8.586e-06 
ERR MATRIX NOT POS-DEF
 PARAMETER  CORRELATION COEFFICIENTS  
       NO.  GLOBAL      6      7      8     18     19     20     22
        6  0.05908   1.000  0.007  0.017 -0.001 -0.001 -0.006  0.008
        7  0.99383   0.007  1.000  0.072 -0.092 -0.092 -0.136 -0.950
        8  0.73607   0.017  0.072  1.000  0.056  0.056 -0.146  0.097
       18  0.99588  -0.001 -0.092  0.056  1.000 -0.666 -0.377  0.154
       19  0.99588  -0.001 -0.092  0.056 -0.666  1.000 -0.377  0.154
       20  0.99452  -0.006 -0.136 -0.146 -0.377 -0.377  1.000 -0.057
       22  0.98833   0.008 -0.950  0.097  0.154  0.154 -0.057  1.000
 ERR MATRIX NOT POS-DEF
MINUIT - FIT ONLY 1-CBO
 **********
 **   29 **RES 
 **********
                   PARAMETER   14  ANy2 RESTORED TO VARIABLE.
                   PARAMETER    4  phi RESTORED TO VARIABLE.
                   PARAMETER    3  A0 RESTORED TO VARIABLE.
                   PARAMETER    1  N0 RESTORED TO VARIABLE.
 **********
 **   30 **FIX            0
 **********
 PARAMETER    0  IS UNDEFINED. IGNORED.
 **********
 **   31 **FIX            1
 **********
 **********
 **   32 **FIX            2
 **********
 PARAMETER    2  IS CONSTANT.   IGNORED.
 **********
 **   33 **FIX            3
 **********
 **********
 **   34 **FIX            4
 **********
 **********
 **   35 **FIX            8
 **********
 **********
 **   36 **FIX            9
 **********
 PARAMETER    9  IS CONSTANT.   IGNORED.
 **********
 **   37 **FIX           11
 **********
 PARAMETER   11  IS CONSTANT.   IGNORED.
 **********
 **   38 **FIX           12
 **********
 PARAMETER   12  IS CONSTANT.   IGNORED.
 **********
 **   39 **FIX           13
 **********
 PARAMETER   13  IS CONSTANT.   IGNORED.
 **********
 **   40 **FIX           15
 **********
 PARAMETER   15  IS CONSTANT.   IGNORED.
 **********
 **   41 **FIX           16
 **********
 PARAMETER   16  IS CONSTANT.   IGNORED.
 **********
 **   42 **MIGRAD
 **********
 START MIGRAD MINIMIZATION.  STRATEGY  1.  CONVERGENCE WHEN EDM .LT. 1.00e-04
 FCN=454.608 FROM MIGRAD    STATUS=INITIATE       16 CALLS         574 TOTAL
                     EDM= unknown      STRATEGY= 1      NO ERROR MATRIX       
  EXT PARAMETER               CURRENT GUESS       STEP         FIRST   
  NO.   NAME      VALUE            ERROR          SIZE      DERIVATIVE 
   1  N0           2.79172e+06     fixed    
   2  tau          6.43930e+01   constant   
   3  A0           3.57276e-01     fixed    
   4  phi          4.11814e+00     fixed    
   5  R           -6.11314e+01   constant   
   6  A_CBO        1.29956e-03   7.43631e-04   7.77113e-06   1.43888e-01
   7  w_CBO        2.31744e+00   6.83384e-03   7.92855e-06   1.94492e-02
   8  phi_CBO     -1.67652e-01     fixed    
   9  ANx2         3.99781e-04   constant   
  10  pNx2         4.45174e+00   constant   
  11  ANy1         0.00000e+00   constant   
  12  pNy1         0.00000e+00   constant   
  13  w_y          0.00000e+00   constant   
  14  ANy2         9.79441e-03   1.00000e-04   1.00000e-04   3.52463e+04
  15  pNy2         4.41741e+00   constant   
  16  w_vw         1.43026e+01   constant   
  17  LM          -4.33674e-04   constant   
  18  wCBO_expCoeff   1.96583e+02   2.00742e+00   1.90345e-03   3.04446e-04
  19  wCBO_expOffset   1.99492e+02   3.08487e-01   2.92482e-04   1.98187e-03
  20  wCBO_expT    3.02069e+01   4.91699e-02   5.38030e-05   9.79021e-03
  21  wCBO_linCoeff   0.00000e+00   constant   
  22  wCBO_const  -8.96071e-03   2.93021e-03   4.67170e-06  -1.38460e-02
 MIGRAD MINIMIZATION HAS CONVERGED.
 MIGRAD WILL VERIFY CONVERGENCE AND ERROR MATRIX.
 COVARIANCE MATRIX CALCULATED SUCCESSFULLY
 FCN=280.675 FROM MIGRAD    STATUS=CONVERGED     151 CALLS         709 TOTAL
                     EDM=8.28096e-06    STRATEGY= 1      ERROR MATRIX ACCURATE 
  EXT PARAMETER                                   STEP         FIRST   
  NO.   NAME      VALUE            ERROR          SIZE      DERIVATIVE 
   1  N0           2.79172e+06     fixed    
   2  tau          6.43930e+01   constant   
   3  A0           3.57276e-01     fixed    
   4  phi          4.11814e+00     fixed    
   5  R           -6.11314e+01   constant   
   6  A_CBO        9.64548e-04   7.29494e-04   5.96320e-06  -3.45039e-01
   7  w_CBO        2.31740e+00   1.99205e-02   8.76486e-06  -6.19284e-01
   8  phi_CBO     -1.67652e-01     fixed    
   9  ANx2         3.99781e-04   constant   
  10  pNx2         4.45174e+00   constant   
  11  ANy1         0.00000e+00   constant   
  12  pNy1         0.00000e+00   constant   
  13  w_y          0.00000e+00   constant   
  14  ANy2        -7.25419e-05   7.47149e-04   6.10065e-06   2.50174e+00
  15  pNy2         4.41741e+00   constant   
  16  w_vw         1.43026e+01   constant   
  17  LM          -4.33674e-04   constant   
  18  wCBO_expCoeff   1.96700e+02   2.05516e+00   1.84111e-03   7.02995e-03
  19  wCBO_expOffset   1.99510e+02   3.15671e-01   2.82759e-04   4.57734e-02
  20  wCBO_expT    3.02095e+01   6.79750e-02   5.64027e-05   1.77745e-01
  21  wCBO_linCoeff   0.00000e+00   constant   
  22  wCBO_const  -9.13033e-03   8.42156e-03   5.10978e-06  -2.84418e+00
 EXTERNAL ERROR MATRIX.    NDIM=  25    NPAR=  7    ERR DEF=1
  5.322e-07  1.570e-07  1.442e-09  1.202e-05  1.845e-06 -1.401e-06 -2.341e-08 
  1.570e-07  3.968e-04  1.986e-07 -1.075e-02 -1.654e-03 -3.874e-04 -1.668e-04 
  1.442e-09  1.986e-07  5.582e-07  2.927e-05  4.494e-06 -2.703e-06 -7.527e-08 
  1.202e-05 -1.075e-02  2.927e-05  4.224e+00 -2.411e-01 -5.524e-02  4.991e-03 
  1.845e-06 -1.654e-03  4.494e-06 -2.411e-01  9.965e-02 -8.483e-03  7.675e-04 
 -1.401e-06 -3.874e-04 -2.703e-06 -5.524e-02 -8.483e-03  4.621e-03  1.294e-04 
 -2.341e-08 -1.668e-04 -7.527e-08  4.991e-03  7.675e-04  1.294e-04  7.092e-05 
 PARAMETER  CORRELATION COEFFICIENTS  
       NO.  GLOBAL      6      7     14     18     19     20     22
        6  0.06854   1.000  0.011  0.003  0.008  0.008 -0.028 -0.004
        7  0.99857   0.011  1.000  0.013 -0.263 -0.263 -0.286 -0.994
       14  0.08504   0.003  0.013  1.000  0.019  0.019 -0.053 -0.012
       18  0.99406   0.008 -0.263  0.019  1.000 -0.372 -0.395  0.288
       19  0.99406   0.008 -0.263  0.019 -0.372  1.000 -0.395  0.289
       20  0.99490  -0.028 -0.286 -0.053 -0.395 -0.395  1.000  0.226
       22  0.99727  -0.004 -0.994 -0.012  0.288  0.289  0.226  1.000
MINUIT - FIT ONLY 2-CBO
 **********
 **   43 **RES 
 **********
                   PARAMETER    8  phi_CBO RESTORED TO VARIABLE.
                   PARAMETER    4  phi RESTORED TO VARIABLE.
                   PARAMETER    3  A0 RESTORED TO VARIABLE.
                   PARAMETER    1  N0 RESTORED TO VARIABLE.
 **********
 **   44 **FIX            0
 **********
 PARAMETER    0  IS UNDEFINED. IGNORED.
 **********
 **   45 **FIX            1
 **********
 **********
 **   46 **FIX            2
 **********
 PARAMETER    2  IS CONSTANT.   IGNORED.
 **********
 **   47 **FIX            3
 **********
 **********
 **   48 **FIX            4
 **********
 **********
 **   49 **FIX            5
 **********
 PARAMETER    5  IS CONSTANT.   IGNORED.
 **********
 **   50 **FIX            6
 **********
 **********
 **   51 **FIX            7
 **********
 **********
 **   52 **FIX           10
 **********
 PARAMETER   10  IS CONSTANT.   IGNORED.
 **********
 **   53 **FIX           11
 **********
 PARAMETER   11  IS CONSTANT.   IGNORED.
 **********
 **   54 **FIX           12
 **********
 PARAMETER   12  IS CONSTANT.   IGNORED.
 **********
 **   55 **FIX           13
 **********
 PARAMETER   13  IS CONSTANT.   IGNORED.
 **********
 **   56 **FIX           14
 **********
 **********
 **   57 **FIX           15
 **********
 PARAMETER   15  IS CONSTANT.   IGNORED.
 **********
 **   58 **FIX           16
 **********
 PARAMETER   16  IS CONSTANT.   IGNORED.
 **********
 **   59 **MIGRAD
 **********
 START MIGRAD MINIMIZATION.  STRATEGY  1.  CONVERGENCE WHEN EDM .LT. 1.00e-04
 FCN=280.675 FROM MIGRAD    STATUS=INITIATE       10 CALLS         719 TOTAL
                     EDM= unknown      STRATEGY= 1      NO ERROR MATRIX       
  EXT PARAMETER               CURRENT GUESS       STEP         FIRST   
  NO.   NAME      VALUE            ERROR          SIZE      DERIVATIVE 
   1  N0           2.79172e+06     fixed    
   2  tau          6.43930e+01   constant   
   3  A0           3.57276e-01     fixed    
   4  phi          4.11814e+00     fixed    
   5  R           -6.11314e+01   constant   
   6  A_CBO        9.64548e-04     fixed    
   7  w_CBO        2.31740e+00     fixed    
   8  phi_CBO     -1.67652e-01   8.41004e-01   8.41004e-01   1.31489e-01
   9  ANx2         3.99781e-04   constant   
  10  pNx2         4.45174e+00   constant   
  11  ANy1         0.00000e+00   constant   
  12  pNy1         0.00000e+00   constant   
  13  w_y          0.00000e+00   constant   
  14  ANy2        -7.25419e-05     fixed    
  15  pNy2         4.41741e+00   constant   
  16  w_vw         1.43026e+01   constant   
  17  LM          -4.33674e-04   constant   
  18  wCBO_expCoeff   1.96700e+02   2.05516e+00   1.84111e-03   6.93016e-03
  19  wCBO_expOffset   1.99510e+02   3.15671e-01   2.82759e-04   4.51258e-02
  20  wCBO_expT    3.02095e+01   6.79750e-02   5.64027e-05   1.74886e-01
  21  wCBO_linCoeff   0.00000e+00   constant   
  22  wCBO_const  -9.13033e-03   8.42156e-03   5.10978e-06  -2.84466e+00
 MIGRAD MINIMIZATION HAS CONVERGED.
 MIGRAD WILL VERIFY CONVERGENCE AND ERROR MATRIX.
 COVARIANCE MATRIX CALCULATED SUCCESSFULLY
 FCN=280.67 FROM MIGRAD    STATUS=CONVERGED      77 CALLS         786 TOTAL
                     EDM=3.55435e-05    STRATEGY= 1      ERROR MATRIX ACCURATE 
  EXT PARAMETER                                   STEP         FIRST   
  NO.   NAME      VALUE            ERROR          SIZE      DERIVATIVE 
   1  N0           2.79172e+06     fixed    
   2  tau          6.43930e+01   constant   
   3  A0           3.57276e-01     fixed    
   4  phi          4.11814e+00     fixed    
   5  R           -6.11314e+01   constant   
   6  A_CBO        9.64548e-04     fixed    
   7  w_CBO        2.31740e+00     fixed    
   8  phi_CBO     -2.56119e-01   1.16794e+00   6.48150e-03  -1.05727e-03
   9  ANx2         3.99781e-04   constant   
  10  pNx2         4.45174e+00   constant   
  11  ANy1         0.00000e+00   constant   
  12  pNy1         0.00000e+00   constant   
  13  w_y          0.00000e+00   constant   
  14  ANy2        -7.25419e-05     fixed    
  15  pNy2         4.41741e+00   constant   
  16  w_vw         1.43026e+01   constant   
  17  LM          -4.33674e-04   constant   
  18  wCBO_expCoeff   1.96700e+02   2.10053e+00   1.81260e-03  -4.89041e-03
  19  wCBO_expOffset   1.99510e+02   3.22627e-01   2.78387e-04  -3.18424e-02
  20  wCBO_expT    3.02095e+01   6.91036e-02   5.55953e-05  -2.90244e-02
  21  wCBO_linCoeff   0.00000e+00   constant   
  22  wCBO_const  -9.18035e-03   1.10896e-03   5.07834e-06   2.84624e-01
 EXTERNAL ERROR MATRIX.    NDIM=  25    NPAR=  5    ERR DEF=1
  1.364e+00 -8.069e-02 -1.240e-02  4.943e-03  7.562e-04 
 -8.069e-02  4.412e+00 -3.198e-01 -7.404e-02  4.887e-04 
 -1.240e-02 -3.198e-01  1.041e-01 -1.137e-02  7.506e-05 
  4.943e-03 -7.404e-02 -1.137e-02  4.775e-03 -3.468e-05 
  7.562e-04  4.887e-04  7.506e-05 -3.468e-05  1.230e-06 
 PARAMETER  CORRELATION COEFFICIENTS  
       NO.  GLOBAL      8     18     19     20     22
        8  0.73463   1.000 -0.033 -0.033  0.061  0.584
       18  0.99435  -0.033  1.000 -0.472 -0.510  0.210
       19  0.99435  -0.033 -0.472  1.000 -0.510  0.210
       20  0.99509   0.061 -0.510 -0.510  1.000 -0.453
       22  0.82858   0.584  0.210  0.210 -0.453  1.000
MINUIT - FIT ONLY 1-y
 **********
 **   60 **RES 
 **********
                   PARAMETER   14  ANy2 RESTORED TO VARIABLE.
                   PARAMETER    7  w_CBO RESTORED TO VARIABLE.
                   PARAMETER    6  A_CBO RESTORED TO VARIABLE.
                   PARAMETER    4  phi RESTORED TO VARIABLE.
                   PARAMETER    3  A0 RESTORED TO VARIABLE.
                   PARAMETER    1  N0 RESTORED TO VARIABLE.
 **********
 **   61 **FIX            0
 **********
 PARAMETER    0  IS UNDEFINED. IGNORED.
 **********
 **   62 **FIX            1
 **********
 **********
 **   63 **FIX            2
 **********
 PARAMETER    2  IS CONSTANT.   IGNORED.
 **********
 **   64 **FIX            3
 **********
 **********
 **   65 **FIX            4
 **********
 **********
 **   66 **FIX            5
 **********
 PARAMETER    5  IS CONSTANT.   IGNORED.
 **********
 **   67 **FIX            6
 **********
 **********
 **   68 **FIX            7
 **********
 **********
 **   69 **FIX            8
 **********
 **********
 **   70 **FIX            9
 **********
 PARAMETER    9  IS CONSTANT.   IGNORED.
 **********
 **   71 **FIX           13
 **********
 PARAMETER   13  IS CONSTANT.   IGNORED.
 **********
 **   72 **FIX           14
 **********
 **********
 **   73 **FIX           15
 **********
 PARAMETER   15  IS CONSTANT.   IGNORED.
 **********
 **   74 **FIX           16
 **********
 PARAMETER   16  IS CONSTANT.   IGNORED.
 **********
 **   75 **MIGRAD
 **********
 START MIGRAD MINIMIZATION.  STRATEGY  1.  CONVERGENCE WHEN EDM .LT. 1.00e-04
 FCN=280.67 FROM MIGRAD    STATUS=INITIATE        8 CALLS         794 TOTAL
                     EDM= unknown      STRATEGY= 1      NO ERROR MATRIX       
  EXT PARAMETER               CURRENT GUESS       STEP         FIRST   
  NO.   NAME      VALUE            ERROR          SIZE      DERIVATIVE 
   1  N0           2.79172e+06     fixed    
   2  tau          6.43930e+01   constant   
   3  A0           3.57276e-01     fixed    
   4  phi          4.11814e+00     fixed    
   5  R           -6.11314e+01   constant   
   6  A_CBO        9.64548e-04     fixed    
   7  w_CBO        2.31740e+00     fixed    
   8  phi_CBO     -2.56119e-01     fixed    
   9  ANx2         3.99781e-04   constant   
  10  pNx2         4.45174e+00   constant   
  11  ANy1         0.00000e+00   constant   
  12  pNy1         0.00000e+00   constant   
  13  w_y          0.00000e+00   constant   
  14  ANy2        -7.25419e-05     fixed    
  15  pNy2         4.41741e+00   constant   
  16  w_vw         1.43026e+01   constant   
  17  LM          -4.33674e-04   constant   
  18  wCBO_expCoeff   1.96700e+02   2.10053e+00   1.81260e-03  -4.98025e-03
  19  wCBO_expOffset   1.99510e+02   3.22627e-01   2.78387e-04  -3.24252e-02
  20  wCBO_expT    3.02095e+01   6.91036e-02   5.55953e-05  -2.94414e-02
  21  wCBO_linCoeff   0.00000e+00   constant   
  22  wCBO_const  -9.18035e-03   1.10896e-03   5.07834e-06   2.85614e-01
 MIGRAD MINIMIZATION HAS CONVERGED.
 MIGRAD WILL VERIFY CONVERGENCE AND ERROR MATRIX.
 COVARIANCE MATRIX CALCULATED SUCCESSFULLY
 FCN=280.67 FROM MIGRAD    STATUS=CONVERGED      45 CALLS         831 TOTAL
                     EDM=3.46014e-05    STRATEGY= 1      ERROR MATRIX ACCURATE 
  EXT PARAMETER                                   STEP         FIRST   
  NO.   NAME      VALUE            ERROR          SIZE      DERIVATIVE 
   1  N0           2.79172e+06     fixed    
   2  tau          6.43930e+01   constant   
   3  A0           3.57276e-01     fixed    
   4  phi          4.11814e+00     fixed    
   5  R           -6.11314e+01   constant   
   6  A_CBO        9.64548e-04     fixed    
   7  w_CBO        2.31740e+00     fixed    
   8  phi_CBO     -2.56119e-01     fixed    
   9  ANx2         3.99781e-04   constant   
  10  pNx2         4.45174e+00   constant   
  11  ANy1         0.00000e+00   constant   
  12  pNy1         0.00000e+00   constant   
  13  w_y          0.00000e+00   constant   
  14  ANy2        -7.25419e-05     fixed    
  15  pNy2         4.41741e+00   constant   
  16  w_vw         1.43026e+01   constant   
  17  LM          -4.33674e-04   constant   
  18  wCBO_expCoeff   1.96701e+02   2.08862e+00   1.82778e-03  -1.05113e-04
  19  wCBO_expOffset   1.99510e+02   3.20791e-01   2.80713e-04  -6.84382e-04
  20  wCBO_expT    3.02095e+01   6.86146e-02   5.60266e-05   1.25810e-01
  21  wCBO_linCoeff   0.00000e+00   constant   
  22  wCBO_const  -9.18037e-03   8.98756e-04   5.08799e-06   1.06247e+00
 EXTERNAL ERROR MATRIX.    NDIM=  25    NPAR=  4    ERR DEF=1
  4.362e+00 -3.173e-01 -7.298e-02  5.275e-04 
 -3.173e-01  1.029e-01 -1.121e-02  8.103e-05 
 -7.298e-02 -1.121e-02  4.708e-03 -3.704e-05 
  5.275e-04  8.103e-05 -3.704e-05  8.078e-07 
 PARAMETER  CORRELATION COEFFICIENTS  
       NO.  GLOBAL     18     19     20     22
       18  0.99428   1.000 -0.474 -0.509  0.281
       19  0.99428  -0.474  1.000 -0.509  0.281
       20  0.99502  -0.509 -0.509  1.000 -0.601
       22  0.72301   0.281  0.281 -0.601  1.000
MINUIT - FIT ONLY 2-y
 **********
 **   76 **RES 
 **********
                   PARAMETER   14  ANy2 RESTORED TO VARIABLE.
                   PARAMETER    8  phi_CBO RESTORED TO VARIABLE.
                   PARAMETER    7  w_CBO RESTORED TO VARIABLE.
                   PARAMETER    6  A_CBO RESTORED TO VARIABLE.
                   PARAMETER    4  phi RESTORED TO VARIABLE.
                   PARAMETER    3  A0 RESTORED TO VARIABLE.
                   PARAMETER    1  N0 RESTORED TO VARIABLE.
 **********
 **   77 **FIX            0
 **********
 PARAMETER    0  IS UNDEFINED. IGNORED.
 **********
 **   78 **FIX            1
 **********
 **********
 **   79 **FIX            2
 **********
 PARAMETER    2  IS CONSTANT.   IGNORED.
 **********
 **   80 **FIX            3
 **********
 **********
 **   81 **FIX            4
 **********
 **********
 **   82 **FIX            5
 **********
 PARAMETER    5  IS CONSTANT.   IGNORED.
 **********
 **   83 **FIX            6
 **********
 **********
 **   84 **FIX            7
 **********
 **********
 **   85 **FIX            8
 **********
 **********
 **   86 **FIX            9
 **********
 PARAMETER    9  IS CONSTANT.   IGNORED.
 **********
 **   87 **FIX           10
 **********
 PARAMETER   10  IS CONSTANT.   IGNORED.
 **********
 **   88 **FIX           11
 **********
 PARAMETER   11  IS CONSTANT.   IGNORED.
 **********
 **   89 **FIX           12
 **********
 PARAMETER   12  IS CONSTANT.   IGNORED.
 **********
 **   90 **FIX           16
 **********
 PARAMETER   16  IS CONSTANT.   IGNORED.
 **********
 **   91 **MIGRAD
 **********
 START MIGRAD MINIMIZATION.  STRATEGY  1.  CONVERGENCE WHEN EDM .LT. 1.00e-04
 FCN=280.67 FROM MIGRAD    STATUS=INITIATE       10 CALLS         841 TOTAL
                     EDM= unknown      STRATEGY= 1      NO ERROR MATRIX       
  EXT PARAMETER               CURRENT GUESS       STEP         FIRST   
  NO.   NAME      VALUE            ERROR          SIZE      DERIVATIVE 
   1  N0           2.79172e+06     fixed    
   2  tau          6.43930e+01   constant   
   3  A0           3.57276e-01     fixed    
   4  phi          4.11814e+00     fixed    
   5  R           -6.11314e+01   constant   
   6  A_CBO        9.64548e-04     fixed    
   7  w_CBO        2.31740e+00     fixed    
   8  phi_CBO     -2.56119e-01     fixed    
   9  ANx2         3.99781e-04   constant   
  10  pNx2         4.45174e+00   constant   
  11  ANy1         0.00000e+00   constant   
  12  pNy1         0.00000e+00   constant   
  13  w_y          0.00000e+00   constant   
  14  ANy2        -7.25419e-05   7.47149e-04   7.47149e-04   3.41230e+00
  15  pNy2         4.41741e+00   constant   
  16  w_vw         1.43026e+01   constant   
  17  LM          -4.33674e-04   constant   
  18  wCBO_expCoeff   1.96701e+02   2.08862e+00   1.82778e-03  -1.19950e-04
  19  wCBO_expOffset   1.99510e+02   3.20791e-01   2.80713e-04  -7.80662e-04
  20  wCBO_expT    3.02095e+01   6.86146e-02   5.60266e-05   1.23236e-01
  21  wCBO_linCoeff   0.00000e+00   constant   
  22  wCBO_const  -9.18037e-03   8.98756e-04   5.08799e-06   1.06346e+00
 MIGRAD MINIMIZATION HAS CONVERGED.
 MIGRAD WILL VERIFY CONVERGENCE AND ERROR MATRIX.
 COVARIANCE MATRIX CALCULATED SUCCESSFULLY
 FCN=280.67 FROM MIGRAD    STATUS=CONVERGED      55 CALLS         886 TOTAL
                     EDM=3.40348e-05    STRATEGY= 1      ERROR MATRIX ACCURATE 
  EXT PARAMETER                                   STEP         FIRST   
  NO.   NAME      VALUE            ERROR          SIZE      DERIVATIVE 
   1  N0           2.79172e+06     fixed    
   2  tau          6.43930e+01   constant   
   3  A0           3.57276e-01     fixed    
   4  phi          4.11814e+00     fixed    
   5  R           -6.11314e+01   constant   
   6  A_CBO        9.64548e-04     fixed    
   7  w_CBO        2.31740e+00     fixed    
   8  phi_CBO     -2.56119e-01     fixed    
   9  ANx2         3.99781e-04   constant   
  10  pNx2         4.45174e+00   constant   
  11  ANy1         0.00000e+00   constant   
  12  pNy1         0.00000e+00   constant   
  13  w_y          0.00000e+00   constant   
  14  ANy2        -7.33850e-05   7.47143e-04   6.10057e-06   2.64119e-01
  15  pNy2         4.41741e+00   constant   
  16  w_vw         1.43026e+01   constant   
  17  LM          -4.33674e-04   constant   
  18  wCBO_expCoeff   1.96701e+02   2.09067e+00   1.82823e-03  -5.22832e-03
  19  wCBO_expOffset   1.99510e+02   3.21115e-01   2.80781e-04  -3.40426e-02
  20  wCBO_expT    3.02095e+01   6.87671e-02   5.60399e-05  -4.88318e-02
  21  wCBO_linCoeff   0.00000e+00   constant   
  22  wCBO_const  -9.18055e-03   8.99121e-04   5.08815e-06  -7.12545e-01
 EXTERNAL ERROR MATRIX.    NDIM=  25    NPAR=  5    ERR DEF=1
  5.582e-07  3.822e-05  5.871e-06 -2.740e-06  1.039e-08 
  3.822e-05  4.371e+00 -3.173e-01 -7.328e-02  5.291e-04 
  5.871e-06 -3.173e-01  1.031e-01 -1.126e-02  8.128e-05 
 -2.740e-06 -7.328e-02 -1.126e-02  4.729e-03 -3.715e-05 
  1.039e-08  5.291e-04  8.128e-05 -3.715e-05  8.084e-07 
 PARAMETER  CORRELATION COEFFICIENTS  
       NO.  GLOBAL     14     18     19     20     22
       14  0.08496   1.000  0.024  0.024 -0.053  0.015
       18  0.99429   0.024  1.000 -0.473 -0.510  0.281
       19  0.99429   0.024 -0.473  1.000 -0.510  0.282
       20  0.99505  -0.053 -0.510 -0.510  1.000 -0.601
       22  0.72328   0.015  0.281  0.282 -0.601  1.000
MINUIT - FIT ALTOGETHER
 **********
 **   92 **RES 
 **********
                   PARAMETER    8  phi_CBO RESTORED TO VARIABLE.
                   PARAMETER    7  w_CBO RESTORED TO VARIABLE.
                   PARAMETER    6  A_CBO RESTORED TO VARIABLE.
                   PARAMETER    4  phi RESTORED TO VARIABLE.
                   PARAMETER    3  A0 RESTORED TO VARIABLE.
