 + ++++++++++++++++++++++++++++++++++++++++++++++++++++++++++++++++++++ +
 +                                                                      +
 +           You have chose to blind your fitting according to          +
 +                omega_ref * (1 + (R +/- deltaR) *10^{-6})             +
 +                                                                      +
 + ++++++++++++++++++++++++++++++++++++++++++++++++++++++++++++++++++++ +
In main()...
reading format from /gm2data/zkhechad/run45/envelope/formats/formatB_sBin_constraintOn.txt
pBinTau 	= 0  
pBinPhi 	= 0  
constraintau 	= 1 
includeMopTerm 	= 0    
constrainMop    = 0   
Parameters after format file: pBinTau 0 pBinPhi 0 constraintau 1 includeMopTerm 0 constrainMop 0 c_e_scale 0.000000 
reading cbo reference file (full fit) from /gm2data/zkhechad/cboTemplates/Run4CBOTemplates/fullFits/run4/sBin_constraintOn_cE0.0_seed0_run4_calo20.root
A_CBO 0.007307 w_CBO 2.326921 phi_CBO 1.268494 N0 3181980.382925 R -61.000535 tau 64.408953 
Reading cboRef file /gm2data/zkhechad/cboTemplates/Run4CBOTemplates//cboIsolate/run4_calo20.root
deltaT 164.120000
windowBins = 1100
fitting sliding window 1940 from bin 2143 at 319.735600 to bin 3243 at 483.855600 (1100 bins)

Reading data from /gm2data/cornell/histograms/aMethod/histogram_a_run4.root
fitting cbo isolate
 **********
 **    1 **SET PRINTOUT            1
 **********
 **********
 **    2 **SET NOWARNINGS 
 **********
 PARAMETER DEFINITIONS:
    NO.   NAME         VALUE      STEP SIZE      LIMITS
     1 A_CBO        7.30680e-03  1.00000e-05     no limits
     2 w_CBO        2.32692e+00  1.00000e-02    2.00000e+00  3.00000e+00
     3 phi_CBO      1.26849e+00  1.00000e-02    0.00000e+00  6.28319e+00
 **********
 **    3 **MIGRAD
 **********
 FIRST CALL TO USER FUNCTION AT NEW START POINT, WITH IFLAG=4.
 START MIGRAD MINIMIZATION.  STRATEGY  1.  CONVERGENCE WHEN EDM .LT. 1.00e-04
 FCN=0.112388 FROM MIGRAD    STATUS=INITIATE       12 CALLS          13 TOTAL
                     EDM= unknown      STRATEGY= 1      NO ERROR MATRIX       
  EXT PARAMETER               CURRENT GUESS       STEP         FIRST   
  NO.   NAME      VALUE            ERROR          SIZE      DERIVATIVE 
   1  A_CBO        7.30680e-03   1.00000e-05   1.00000e-05   5.83634e+00
   2  w_CBO        2.32692e+00   1.00000e-02   2.13202e-02   4.18834e-01
   3  phi_CBO      1.26849e+00   1.00000e-02   3.96494e-03  -5.94422e-03
 MIGRAD MINIMIZATION HAS CONVERGED.
 MIGRAD WILL VERIFY CONVERGENCE AND ERROR MATRIX.
 COVARIANCE MATRIX CALCULATED SUCCESSFULLY
 FCN=0.0968373 FROM MIGRAD    STATUS=CONVERGED      49 CALLS          50 TOTAL
                     EDM=1.94833e-05    STRATEGY= 1      ERROR MATRIX ACCURATE 
  EXT PARAMETER                                   STEP         FIRST   
  NO.   NAME      VALUE            ERROR          SIZE      DERIVATIVE 
   1  A_CBO        1.96938e-03   4.27275e-02   2.18266e-05  -4.73101e-02
   2  w_CBO        2.32675e+00   6.63116e-01   5.91017e-05  -5.95852e-03
   3  phi_CBO      1.34574e+00   4.10815e+00   4.08334e-03   1.16828e-05
 EXTERNAL ERROR MATRIX.    NDIM=  25    NPAR=  3    ERR DEF=1
  1.826e-03 -1.095e-03 -4.363e-01 
 -1.095e-03  3.018e-01  1.187e+02 
 -4.363e-01  1.187e+02  4.717e+04 
 PARAMETER  CORRELATION COEFFICIENTS  
       NO.  GLOBAL      1      2      3
        1  0.04703   1.000 -0.047 -0.047
        2  0.99514  -0.047  1.000  0.995
        3  0.99514  -0.047  0.995  1.000
setting A_CBO=0.001969 w_CBO=2.326752, phi_CBO=1.345738
done fitting cbo isolate
 **********
 **    1 **SET PRINTOUT            1
 **********
 **********
 **    2 **SET NOWARNINGS 
 **********
 PARAMETER DEFINITIONS:
    NO.   NAME         VALUE      STEP SIZE      LIMITS
     1 N0           3.18198e+06  1.00000e+02     no limits
     2 tau          6.44090e+01  constant
     3 A0           3.64685e-01  1.00000e-04     no limits
     4 phi          4.11970e+00  1.00000e-02     no limits
     5 R           -6.10005e+01  constant
     6 A_CBO        1.96938e-03  1.00000e-05     no limits
     7 w_CBO        2.32675e+00  1.00000e-03     no limits
     8 phi_CBO      1.34574e+00  1.00000e-04     no limits
     9 ANx2         1.86992e-04  constant
    10 pNx2         5.81164e+00  constant
    11 ANy1         0.00000e+00  constant
    12 pNy1         0.00000e+00  constant
    13 w_y          0.00000e+00  constant
    14 ANy2         8.35747e-03  1.00000e-04     no limits
    15 pNy2         4.18605e+00  constant
    16 w_vw         1.43216e+01  constant
    17 LM           7.21641e-05  constant
    18 wCBO_expCoeff   2.00000e+02  1.00000e+00     no limits
    19 wCBO_expOffset   2.00000e+02  1.00000e+00     no limits
    20 wCBO_expT    3.00000e+01  1.00000e+00     no limits
    21 wCBO_linCoeff   0.00000e+00  constant
    22 wCBO_const   0.00000e+00  1.00000e-02     no limits
MINUIT - FIT ONLY WIGGLE
 **********
 **    3 **FIX            5
 **********
 PARAMETER    5  IS CONSTANT.   IGNORED.
 **********
 **    4 **FIX            6
 **********
 **********
 **    5 **FIX            7
 **********
 **********
 **    6 **FIX            8
 **********
 **********
 **    7 **FIX            9
 **********
 PARAMETER    9  IS CONSTANT.   IGNORED.
 **********
 **    8 **FIX           10
 **********
 PARAMETER   10  IS CONSTANT.   IGNORED.
 **********
 **    9 **FIX           11
 **********
 PARAMETER   11  IS CONSTANT.   IGNORED.
 **********
 **   10 **FIX           12
 **********
 PARAMETER   12  IS CONSTANT.   IGNORED.
 **********
 **   11 **FIX           13
 **********
 PARAMETER   13  IS CONSTANT.   IGNORED.
 **********
 **   12 **FIX           14
 **********
 **********
 **   13 **FIX           15
 **********
 PARAMETER   15  IS CONSTANT.   IGNORED.
 **********
 **   14 **FIX           16
 **********
 PARAMETER   16  IS CONSTANT.   IGNORED.
 **********
 **   15 **MIGRAD
 **********
 FIRST CALL TO USER FUNCTION AT NEW START POINT, WITH IFLAG=4.
 START MIGRAD MINIMIZATION.  STRATEGY  1.  CONVERGENCE WHEN EDM .LT. 1.00e-04
 FCN=551.439 FROM MIGRAD    STATUS=INITIATE       58 CALLS          59 TOTAL
                     EDM= unknown      STRATEGY= 1      NO ERROR MATRIX       
  EXT PARAMETER               CURRENT GUESS       STEP         FIRST   
  NO.   NAME      VALUE            ERROR          SIZE      DERIVATIVE 
   1  N0           3.18198e+06   1.00000e+02   0.00000e+00  -2.88193e-04
   2  tau          6.44090e+01   constant   
   3  A0           3.64685e-01   1.00000e-04   0.00000e+00  -9.95639e+02
   4  phi          4.11970e+00   1.00000e-02   0.00000e+00  -1.22274e+00
   5  R           -6.10005e+01   constant   
   6  A_CBO        1.96938e-03     fixed    
   7  w_CBO        2.32675e+00     fixed    
   8  phi_CBO      1.34574e+00     fixed    
   9  ANx2         1.86992e-04   constant   
  10  pNx2         5.81164e+00   constant   
  11  ANy1         0.00000e+00   constant   
  12  pNy1         0.00000e+00   constant   
  13  w_y          0.00000e+00   constant   
  14  ANy2         8.35747e-03     fixed    
  15  pNy2         4.18605e+00   constant   
  16  w_vw         1.43216e+01   constant   
  17  LM           7.21641e-05   constant   
  18  wCBO_expCoeff   1.99938e+02   1.00000e+00  -6.15742e-02   7.26541e-01
  19  wCBO_expOffset   2.00000e+02   1.00000e+00   0.00000e+00   4.84213e+00
  20  wCBO_expT    3.00000e+01   1.00000e+00   0.00000e+00   1.96321e+01
  21  wCBO_linCoeff   0.00000e+00   constant   
  22  wCBO_const   0.00000e+00   1.00000e-02   0.00000e+00   3.33764e+03
 MIGRAD MINIMIZATION HAS CONVERGED.
 MIGRAD WILL VERIFY CONVERGENCE AND ERROR MATRIX.
 COVARIANCE MATRIX CALCULATED SUCCESSFULLY
 FCN=540.316 FROM MIGRAD    STATUS=CONVERGED     397 CALLS         398 TOTAL
                     EDM=1.38817e-07    STRATEGY= 1      ERROR MATRIX ACCURATE 
  EXT PARAMETER                                   STEP         FIRST   
  NO.   NAME      VALUE            ERROR          SIZE      DERIVATIVE 
   1  N0           3.18237e+06   1.26639e+03   1.39516e+01  -1.57257e-08
   2  tau          6.44090e+01   constant   
   3  A0           3.64773e-01   5.33983e-04   5.99488e-06   1.74404e-01
   4  phi          4.11965e+00   1.51321e-03   1.70368e-05  -9.14163e-02
   5  R           -6.10005e+01   constant   
   6  A_CBO        1.96938e-03     fixed    
   7  w_CBO        2.32675e+00     fixed    
   8  phi_CBO      1.34574e+00     fixed    
   9  ANx2         1.86992e-04   constant   
  10  pNx2         5.81164e+00   constant   
  11  ANy1         0.00000e+00   constant   
  12  pNy1         0.00000e+00   constant   
  13  w_y          0.00000e+00   constant   
  14  ANy2         8.35747e-03     fixed    
  15  pNy2         4.18605e+00   constant   
  16  w_vw         1.43216e+01   constant   
  17  LM           7.21641e-05   constant   
  18  wCBO_expCoeff   2.00261e+02   1.33466e+00   4.65452e-04  -6.15713e-03
  19  wCBO_expOffset   2.02514e+02   1.90827e-01   9.65664e-05  -4.20325e-02
  20  wCBO_expT    2.94197e+01   2.60714e-02   1.57841e-05  -1.68215e-01
  21  wCBO_linCoeff   0.00000e+00   constant   
  22  wCBO_const   7.52461e-03   1.14205e-03   5.23892e-06  -6.03100e-01
 EXTERNAL ERROR MATRIX.    NDIM=  25    NPAR=  7    ERR DEF=1
  1.604e+06  1.872e-02  5.350e-02  3.507e+01  3.253e+00 -2.397e+00  1.753e-01 
  1.872e-02  2.851e-07  7.958e-09  1.074e-05  1.050e-06 -8.797e-07  8.399e-08 
  5.350e-02  7.958e-09  2.290e-06 -1.438e-05 -1.470e-06  2.872e-07  1.892e-07 
  3.507e+01  1.074e-05 -1.438e-05  1.781e+00 -2.159e-01 -1.110e-02  2.007e-04 
  3.253e+00  1.050e-06 -1.470e-06 -2.159e-01  3.641e-02 -1.137e-03  2.039e-05 
 -2.397e+00 -8.797e-07  2.872e-07 -1.110e-02 -1.137e-03  6.797e-04 -1.501e-05 
  1.753e-01  8.399e-08  1.892e-07  2.007e-04  2.039e-05 -1.501e-05  1.304e-06 
 PARAMETER  CORRELATION COEFFICIENTS  
       NO.  GLOBAL      1      3      4     18     19     20     22
        1  0.12378   1.000  0.028  0.028  0.021  0.013 -0.073  0.121
        3  0.15299   0.028  1.000  0.010  0.015  0.010 -0.063  0.138
        4  0.13353   0.028  0.010  1.000 -0.007 -0.005  0.007  0.110
       18  0.99953   0.021  0.015 -0.007  1.000 -0.848 -0.319  0.132
       19  0.99950   0.013  0.010 -0.005 -0.848  1.000 -0.228  0.094
       20  0.99858  -0.073 -0.063  0.007 -0.319 -0.228  1.000 -0.504
       22  0.91484   0.121  0.138  0.110  0.132  0.094 -0.504  1.000
MINUIT - FIT ONLY 1-CBO + other amplitudes 
 **********
 **   16 **RES 
 **********
                   PARAMETER   14  ANy2 RESTORED TO VARIABLE.
                   PARAMETER    8  phi_CBO RESTORED TO VARIABLE.
                   PARAMETER    7  w_CBO RESTORED TO VARIABLE.
                   PARAMETER    6  A_CBO RESTORED TO VARIABLE.
 **********
 **   17 **FIX            0
 **********
 PARAMETER    0  IS UNDEFINED. IGNORED.
 **********
 **   18 **FIX            1
 **********
 **********
 **   19 **FIX            2
 **********
 PARAMETER    2  IS CONSTANT.   IGNORED.
 **********
 **   20 **FIX            3
 **********
 **********
 **   21 **FIX            4
 **********
 **********
 **   22 **FIX            9
 **********
 PARAMETER    9  IS CONSTANT.   IGNORED.
 **********
 **   23 **FIX           11
 **********
 PARAMETER   11  IS CONSTANT.   IGNORED.
 **********
 **   24 **FIX           12
 **********
 PARAMETER   12  IS CONSTANT.   IGNORED.
 **********
 **   25 **FIX           14
 **********
 **********
 **   26 **FIX           15
 **********
 PARAMETER   15  IS CONSTANT.   IGNORED.
 **********
 **   27 **FIX           16
 **********
 PARAMETER   16  IS CONSTANT.   IGNORED.
 **********
 **   28 **MIGRAD
 **********
 START MIGRAD MINIMIZATION.  STRATEGY  1.  CONVERGENCE WHEN EDM .LT. 1.00e-04
 FCN=540.316 FROM MIGRAD    STATUS=INITIATE       20 CALLS         418 TOTAL
                     EDM= unknown      STRATEGY= 1      NO ERROR MATRIX       
  EXT PARAMETER               CURRENT GUESS       STEP         FIRST   
  NO.   NAME      VALUE            ERROR          SIZE      DERIVATIVE 
   1  N0           3.18237e+06     fixed    
   2  tau          6.44090e+01   constant   
   3  A0           3.64773e-01     fixed    
   4  phi          4.11965e+00     fixed    
   5  R           -6.10005e+01   constant   
   6  A_CBO        1.96938e-03   1.00000e-05   1.00000e-05   5.40883e+03
   7  w_CBO        2.32675e+00   1.00000e-03   1.00000e-03  -7.95410e-01
   8  phi_CBO      1.34574e+00   1.00000e-04   1.00000e-04   1.08370e+00
   9  ANx2         1.86992e-04   constant   
  10  pNx2         5.81164e+00   constant   
  11  ANy1         0.00000e+00   constant   
  12  pNy1         0.00000e+00   constant   
  13  w_y          0.00000e+00   constant   
  14  ANy2         8.35747e-03     fixed    
  15  pNy2         4.18605e+00   constant   
  16  w_vw         1.43216e+01   constant   
  17  LM           7.21641e-05   constant   
  18  wCBO_expCoeff   2.00261e+02   1.33466e+00   4.65452e-04  -6.19489e-03
  19  wCBO_expOffset   2.02514e+02   1.90827e-01   9.65664e-05  -4.24264e-02
  20  wCBO_expT    2.94197e+01   2.60714e-02   1.57841e-05  -1.69139e-01
  21  wCBO_linCoeff   0.00000e+00   constant   
  22  wCBO_const   7.52461e-03   1.14205e-03   5.23892e-06  -6.08708e-01
 MIGRAD MINIMIZATION HAS CONVERGED.
 MIGRAD WILL VERIFY CONVERGENCE AND ERROR MATRIX.
 FCN=537.366 FROM MIGRAD    STATUS=CONVERGED     253 CALLS         651 TOTAL
                     EDM=8.5712e-06    STRATEGY= 1      ERR MATRIX NOT POS-DEF
  EXT PARAMETER                APPROXIMATE        STEP         FIRST   
  NO.   NAME      VALUE            ERROR          SIZE      DERIVATIVE 
   1  N0           3.18237e+06     fixed    
   2  tau          6.44090e+01   constant   
   3  A0           3.64773e-01     fixed    
   4  phi          4.11965e+00     fixed    
   5  R           -6.10005e+01   constant   
   6  A_CBO        1.16976e-03   5.58255e-04   6.33547e-06   5.02744e+00
   7  w_CBO        2.32777e+00   4.58849e-03   4.41484e-06   3.19822e+00
   8  phi_CBO      1.41478e-01   1.00566e+00   5.39562e-03  -5.09392e-03
   9  ANx2         1.86992e-04   constant   
  10  pNx2         5.81164e+00   constant   
  11  ANy1         0.00000e+00   constant   
  12  pNy1         0.00000e+00   constant   
  13  w_y          0.00000e+00   constant   
  14  ANy2         8.35747e-03     fixed    
  15  pNy2         4.18605e+00   constant   
  16  w_vw         1.43216e+01   constant   
  17  LM           7.21641e-05   constant   
  18  wCBO_expCoeff   2.00463e+02   5.23568e-01   5.35437e-04   2.35345e-02
  19  wCBO_expOffset   2.02544e+02   7.70476e-02   9.65806e-05   1.60537e-01
  20  wCBO_expT    2.93997e+01   1.72071e-02   1.83018e-05   7.33458e-01
  21  wCBO_linCoeff   0.00000e+00   constant   
  22  wCBO_const   6.79979e-03   2.15650e-03   5.74534e-06   2.70867e+00
 EXTERNAL ERROR MATRIX.    NDIM=  25    NPAR=  7    ERR DEF=1
  3.116e-07 -1.817e-08 -8.779e-06 -3.332e-06 -8.570e-07  3.643e-07  3.169e-10 
 -1.817e-08  2.105e-05 -8.938e-05 -6.620e-04 -9.836e-05 -1.762e-05 -8.708e-06 
 -8.779e-06 -8.938e-05  1.011e+00 -3.314e-02 -4.974e-03  4.461e-03  4.127e-04 
 -3.332e-06 -6.620e-04 -3.314e-02  2.741e-01 -1.896e-02 -3.160e-03  3.176e-04 
 -8.570e-07 -9.836e-05 -4.974e-03 -1.896e-02  5.936e-03 -4.695e-04  4.718e-05 
  3.643e-07 -1.762e-05  4.461e-03 -3.160e-03 -4.695e-04  2.961e-04  2.594e-06 
  3.169e-10 -8.708e-06  4.127e-04  3.176e-04  4.718e-05  2.594e-06  4.651e-06 
ERR MATRIX NOT POS-DEF
 PARAMETER  CORRELATION COEFFICIENTS  
       NO.  GLOBAL      6      7      8     18     19     20     22
        6  0.04782   1.000 -0.007 -0.016 -0.011 -0.020  0.038  0.000
        7  0.99640  -0.007  1.000 -0.019 -0.276 -0.278 -0.223 -0.880
        8  0.88119  -0.016 -0.019  1.000 -0.063 -0.064  0.258  0.190
       18  0.99593  -0.011 -0.276 -0.063  1.000 -0.470 -0.351  0.281
       19  0.99596  -0.020 -0.278 -0.064 -0.470  1.000 -0.354  0.284
       20  0.99560   0.038 -0.223  0.258 -0.351 -0.354  1.000  0.070
       22  0.97208   0.000 -0.880  0.190  0.281  0.284  0.070  1.000
 ERR MATRIX NOT POS-DEF
MINUIT - FIT ONLY 1-CBO
 **********
 **   29 **RES 
 **********
                   PARAMETER   14  ANy2 RESTORED TO VARIABLE.
                   PARAMETER    4  phi RESTORED TO VARIABLE.
                   PARAMETER    3  A0 RESTORED TO VARIABLE.
                   PARAMETER    1  N0 RESTORED TO VARIABLE.
 **********
 **   30 **FIX            0
 **********
 PARAMETER    0  IS UNDEFINED. IGNORED.
 **********
 **   31 **FIX            1
 **********
 **********
 **   32 **FIX            2
 **********
 PARAMETER    2  IS CONSTANT.   IGNORED.
 **********
 **   33 **FIX            3
 **********
 **********
 **   34 **FIX            4
 **********
 **********
 **   35 **FIX            8
 **********
 **********
 **   36 **FIX            9
 **********
 PARAMETER    9  IS CONSTANT.   IGNORED.
 **********
 **   37 **FIX           11
 **********
 PARAMETER   11  IS CONSTANT.   IGNORED.
 **********
 **   38 **FIX           12
 **********
 PARAMETER   12  IS CONSTANT.   IGNORED.
 **********
 **   39 **FIX           13
 **********
 PARAMETER   13  IS CONSTANT.   IGNORED.
 **********
 **   40 **FIX           15
 **********
 PARAMETER   15  IS CONSTANT.   IGNORED.
 **********
 **   41 **FIX           16
 **********
 PARAMETER   16  IS CONSTANT.   IGNORED.
 **********
 **   42 **MIGRAD
 **********
 START MIGRAD MINIMIZATION.  STRATEGY  1.  CONVERGENCE WHEN EDM .LT. 1.00e-04
 FCN=537.366 FROM MIGRAD    STATUS=INITIATE       16 CALLS         667 TOTAL
                     EDM= unknown      STRATEGY= 1      NO ERROR MATRIX       
  EXT PARAMETER               CURRENT GUESS       STEP         FIRST   
  NO.   NAME      VALUE            ERROR          SIZE      DERIVATIVE 
   1  N0           3.18237e+06     fixed    
   2  tau          6.44090e+01   constant   
   3  A0           3.64773e-01     fixed    
   4  phi          4.11965e+00     fixed    
   5  R           -6.10005e+01   constant   
   6  A_CBO        1.16976e-03   5.58255e-04   6.33547e-06   5.02744e+00
   7  w_CBO        2.32777e+00   4.58849e-03   4.41484e-06   3.20075e+00
   8  phi_CBO      1.41478e-01     fixed    
   9  ANx2         1.86992e-04   constant   
  10  pNx2         5.81164e+00   constant   
  11  ANy1         0.00000e+00   constant   
  12  pNy1         0.00000e+00   constant   
  13  w_y          0.00000e+00   constant   
  14  ANy2         8.35747e-03   1.00000e-04   1.00000e-04   5.18572e+04
  15  pNy2         4.18605e+00   constant   
  16  w_vw         1.43216e+01   constant   
  17  LM           7.21641e-05   constant   
  18  wCBO_expCoeff   2.00463e+02   5.23568e-01   5.35437e-04   2.35612e-02
  19  wCBO_expOffset   2.02544e+02   7.70476e-02   9.65806e-05   1.60757e-01
  20  wCBO_expT    2.93997e+01   1.72071e-02   1.83018e-05   7.34018e-01
  21  wCBO_linCoeff   0.00000e+00   constant   
  22  wCBO_const   6.79979e-03   2.15650e-03   5.74534e-06   2.71341e+00
 MIGRAD MINIMIZATION HAS CONVERGED.
 MIGRAD WILL VERIFY CONVERGENCE AND ERROR MATRIX.
 FCN=327.03 FROM MIGRAD    STATUS=CONVERGED     198 CALLS         849 TOTAL
                     EDM=6.45383e-07    STRATEGY= 1      ERR MATRIX NOT POS-DEF
  EXT PARAMETER                APPROXIMATE        STEP         FIRST   
  NO.   NAME      VALUE            ERROR          SIZE      DERIVATIVE 
   1  N0           3.18237e+06     fixed    
   2  tau          6.44090e+01   constant   
   3  A0           3.64773e-01     fixed    
   4  phi          4.11965e+00     fixed    
   5  R           -6.10005e+01   constant   
   6  A_CBO        7.48961e-04   5.62059e-04   4.95893e-06  -4.76985e-01
   7  w_CBO        2.32794e+00   6.84022e-03   4.82825e-06   1.55793e+00
   8  phi_CBO      1.41478e-01     fixed    
   9  ANx2         1.86992e-04   constant   
  10  pNx2         5.81164e+00   constant   
  11  ANy1         0.00000e+00   constant   
  12  pNy1         0.00000e+00   constant   
  13  w_y          0.00000e+00   constant   
  14  ANy2         2.45183e-04   5.58010e-04   4.93830e-06  -1.16556e+00
  15  pNy2         4.18605e+00   constant   
  16  w_vw         1.43216e+01   constant   
  17  LM           7.21641e-05   constant   
  18  wCBO_expCoeff   2.00486e+02   8.21392e-01   6.15228e-04   1.18350e-02
  19  wCBO_expOffset   2.02547e+02   1.20464e-01   9.65821e-05   8.07251e-02
  20  wCBO_expT    2.93964e+01   2.37871e-02   2.06943e-05   3.43136e-01
  21  wCBO_linCoeff   0.00000e+00   constant   
  22  wCBO_const   6.97937e-03   3.02151e-03   5.35150e-06   1.24534e+00
 EXTERNAL ERROR MATRIX.    NDIM=  25    NPAR=  7    ERR DEF=1
  3.159e-07 -4.272e-08  1.499e-08 -1.000e-05 -1.631e-06  8.715e-07  1.943e-08 
 -4.272e-08  4.679e-05 -8.287e-11 -1.566e-03 -2.299e-04 -3.261e-05 -1.932e-05 
  1.499e-08 -8.287e-11  3.114e-07  5.205e-07  5.753e-08  2.794e-08 -7.213e-09 
 -1.000e-05 -1.566e-03  5.205e-07  6.747e-01 -5.288e-02 -6.346e-03  8.009e-04 
 -1.631e-06 -2.299e-04  5.753e-08 -5.288e-02  1.451e-02 -9.313e-04  1.176e-04 
  8.715e-07 -3.261e-05  2.794e-08 -6.346e-03 -9.313e-04  5.658e-04 -2.620e-07 
  1.943e-08 -1.932e-05 -7.213e-09  8.009e-04  1.176e-04 -2.620e-07  9.130e-06 
ERR MATRIX NOT POS-DEF
 PARAMETER  CORRELATION COEFFICIENTS  
       NO.  GLOBAL      6      7     14     18     19     20     22
        6  0.09657   1.000 -0.011  0.048 -0.022 -0.024  0.065  0.011
        7  0.99685  -0.011  1.000 -0.000 -0.279 -0.279 -0.200 -0.935
       14  0.05726   0.048 -0.000  1.000  0.001  0.001  0.002 -0.004
       18  0.99645  -0.022 -0.279  0.001  1.000 -0.534 -0.325  0.323
       19  0.99645  -0.024 -0.279  0.001 -0.534  1.000 -0.325  0.323
       20  0.99521   0.065 -0.200  0.002 -0.325 -0.325  1.000 -0.004
       22  0.97996   0.011 -0.935 -0.004  0.323  0.323 -0.004  1.000
 ERR MATRIX NOT POS-DEF
MINUIT - FIT ONLY 2-CBO
 **********
 **   43 **RES 
 **********
                   PARAMETER    8  phi_CBO RESTORED TO VARIABLE.
                   PARAMETER    4  phi RESTORED TO VARIABLE.
                   PARAMETER    3  A0 RESTORED TO VARIABLE.
                   PARAMETER    1  N0 RESTORED TO VARIABLE.
 **********
 **   44 **FIX            0
 **********
 PARAMETER    0  IS UNDEFINED. IGNORED.
 **********
 **   45 **FIX            1
 **********
 **********
 **   46 **FIX            2
 **********
 PARAMETER    2  IS CONSTANT.   IGNORED.
 **********
 **   47 **FIX            3
 **********
 **********
 **   48 **FIX            4
 **********
 **********
 **   49 **FIX            5
 **********
 PARAMETER    5  IS CONSTANT.   IGNORED.
 **********
 **   50 **FIX            6
 **********
 **********
 **   51 **FIX            7
 **********
 **********
 **   52 **FIX           10
 **********
 PARAMETER   10  IS CONSTANT.   IGNORED.
 **********
 **   53 **FIX           11
 **********
 PARAMETER   11  IS CONSTANT.   IGNORED.
 **********
 **   54 **FIX           12
 **********
 PARAMETER   12  IS CONSTANT.   IGNORED.
 **********
 **   55 **FIX           13
 **********
 PARAMETER   13  IS CONSTANT.   IGNORED.
 **********
 **   56 **FIX           14
 **********
 **********
 **   57 **FIX           15
 **********
 PARAMETER   15  IS CONSTANT.   IGNORED.
 **********
 **   58 **FIX           16
 **********
 PARAMETER   16  IS CONSTANT.   IGNORED.
 **********
 **   59 **MIGRAD
 **********
 START MIGRAD MINIMIZATION.  STRATEGY  1.  CONVERGENCE WHEN EDM .LT. 1.00e-04
 FCN=327.03 FROM MIGRAD    STATUS=INITIATE       12 CALLS         861 TOTAL
                     EDM= unknown      STRATEGY= 1      NO ERROR MATRIX       
  EXT PARAMETER               CURRENT GUESS       STEP         FIRST   
  NO.   NAME      VALUE            ERROR          SIZE      DERIVATIVE 
   1  N0           3.18237e+06     fixed    
   2  tau          6.44090e+01   constant   
   3  A0           3.64773e-01     fixed    
   4  phi          4.11965e+00     fixed    
   5  R           -6.10005e+01   constant   
   6  A_CBO        7.48961e-04     fixed    
   7  w_CBO        2.32794e+00     fixed    
   8  phi_CBO      1.41478e-01   1.00566e+00   1.00566e+00   2.80280e-01
   9  ANx2         1.86992e-04   constant   
  10  pNx2         5.81164e+00   constant   
  11  ANy1         0.00000e+00   constant   
  12  pNy1         0.00000e+00   constant   
  13  w_y          0.00000e+00   constant   
  14  ANy2         2.45183e-04     fixed    
  15  pNy2         4.18605e+00   constant   
  16  w_vw         1.43216e+01   constant   
  17  LM           7.21641e-05   constant   
  18  wCBO_expCoeff   2.00486e+02   8.21392e-01   6.15228e-04   1.18399e-02
  19  wCBO_expOffset   2.02547e+02   1.20464e-01   9.65821e-05   8.07574e-02
  20  wCBO_expT    2.93964e+01   2.37871e-02   2.06943e-05   3.43209e-01
  21  wCBO_linCoeff   0.00000e+00   constant   
  22  wCBO_const   6.97937e-03   3.02151e-03   5.35150e-06   1.24410e+00
 MIGRAD MINIMIZATION HAS CONVERGED.
 MIGRAD WILL VERIFY CONVERGENCE AND ERROR MATRIX.
 FCN=327.007 FROM MIGRAD    STATUS=CONVERGED     123 CALLS         972 TOTAL
                     EDM=1.03738e-08    STRATEGY= 1      ERR MATRIX NOT POS-DEF
  EXT PARAMETER                APPROXIMATE        STEP         FIRST   
  NO.   NAME      VALUE            ERROR          SIZE      DERIVATIVE 
   1  N0           3.18237e+06     fixed    
   2  tau          6.44090e+01   constant   
   3  A0           3.64773e-01     fixed    
   4  phi          4.11965e+00     fixed    
   5  R           -6.10005e+01   constant   
   6  A_CBO        7.48961e-04     fixed    
   7  w_CBO        2.32794e+00     fixed    
   8  phi_CBO     -2.64019e-02   1.04689e+00   6.55258e-03   9.94648e-05
   9  ANx2         1.86992e-04   constant   
  10  pNx2         5.81164e+00   constant   
  11  ANy1         0.00000e+00   constant   
  12  pNy1         0.00000e+00   constant   
  13  w_y          0.00000e+00   constant   
  14  ANy2         2.45183e-04     fixed    
  15  pNy2         4.18605e+00   constant   
  16  w_vw         1.43216e+01   constant   
  17  LM           7.21641e-05   constant   
  18  wCBO_expCoeff   2.00513e+02   8.29463e-01   6.15424e-04   9.24500e-05
  19  wCBO_expOffset   2.02551e+02   1.21835e-01   9.65840e-05   6.33070e-04
  20  wCBO_expT    2.93942e+01   2.45044e-02   2.06542e-05  -6.42439e-04
  21  wCBO_linCoeff   0.00000e+00   constant   
  22  wCBO_const   6.99175e-03   1.10891e-03   5.33041e-06  -1.27995e-01
 EXTERNAL ERROR MATRIX.    NDIM=  25    NPAR=  5    ERR DEF=1
  1.096e+00 -5.182e-02 -7.770e-03  5.456e-03  1.306e-04 
 -5.182e-02  6.880e-01 -6.814e-02 -8.046e-03  1.660e-04 
 -7.770e-03 -6.814e-02  1.484e-02 -1.194e-03  2.463e-05 
  5.456e-03 -8.046e-03 -1.194e-03  6.005e-04 -1.457e-05 
  1.306e-04  1.660e-04  2.463e-05 -1.457e-05  1.230e-06 
ERR MATRIX NOT POS-DEF
 PARAMETER  CORRELATION COEFFICIENTS  
       NO.  GLOBAL      8     18     19     20     22
        8  0.70821   1.000 -0.060 -0.061  0.213  0.112
       18  0.99649  -0.060  1.000 -0.674 -0.396  0.180
       19  0.99650  -0.061 -0.674  1.000 -0.400  0.182
       20  0.99547   0.213 -0.396 -0.400  1.000 -0.536
       22  0.84022   0.112  0.180  0.182 -0.536  1.000
 ERR MATRIX NOT POS-DEF
MINUIT - FIT ONLY 1-y
 **********
 **   60 **RES 
 **********
                   PARAMETER   14  ANy2 RESTORED TO VARIABLE.
                   PARAMETER    7  w_CBO RESTORED TO VARIABLE.
                   PARAMETER    6  A_CBO RESTORED TO VARIABLE.
                   PARAMETER    4  phi RESTORED TO VARIABLE.
                   PARAMETER    3  A0 RESTORED TO VARIABLE.
                   PARAMETER    1  N0 RESTORED TO VARIABLE.
 **********
 **   61 **FIX            0
 **********
 PARAMETER    0  IS UNDEFINED. IGNORED.
 **********
 **   62 **FIX            1
 **********
 **********
 **   63 **FIX            2
 **********
 PARAMETER    2  IS CONSTANT.   IGNORED.
 **********
 **   64 **FIX            3
 **********
 **********
 **   65 **FIX            4
 **********
 **********
 **   66 **FIX            5
 **********
 PARAMETER    5  IS CONSTANT.   IGNORED.
 **********
 **   67 **FIX            6
 **********
 **********
 **   68 **FIX            7
 **********
 **********
 **   69 **FIX            8
 **********
 **********
 **   70 **FIX            9
 **********
 PARAMETER    9  IS CONSTANT.   IGNORED.
 **********
 **   71 **FIX           13
 **********
 PARAMETER   13  IS CONSTANT.   IGNORED.
 **********
 **   72 **FIX           14
 **********
 **********
 **   73 **FIX           15
 **********
 PARAMETER   15  IS CONSTANT.   IGNORED.
 **********
 **   74 **FIX           16
 **********
 PARAMETER   16  IS CONSTANT.   IGNORED.
 **********
 **   75 **MIGRAD
 **********
 START MIGRAD MINIMIZATION.  STRATEGY  1.  CONVERGENCE WHEN EDM .LT. 1.00e-04
 FCN=327.007 FROM MIGRAD    STATUS=INITIATE        8 CALLS         980 TOTAL
                     EDM= unknown      STRATEGY= 1      NO ERROR MATRIX       
  EXT PARAMETER               CURRENT GUESS       STEP         FIRST   
  NO.   NAME      VALUE            ERROR          SIZE      DERIVATIVE 
   1  N0           3.18237e+06     fixed    
   2  tau          6.44090e+01   constant   
   3  A0           3.64773e-01     fixed    
   4  phi          4.11965e+00     fixed    
   5  R           -6.10005e+01   constant   
   6  A_CBO        7.48961e-04     fixed    
   7  w_CBO        2.32794e+00     fixed    
   8  phi_CBO     -2.64019e-02     fixed    
   9  ANx2         1.86992e-04   constant   
  10  pNx2         5.81164e+00   constant   
  11  ANy1         0.00000e+00   constant   
  12  pNy1         0.00000e+00   constant   
  13  w_y          0.00000e+00   constant   
  14  ANy2         2.45183e-04     fixed    
  15  pNy2         4.18605e+00   constant   
  16  w_vw         1.43216e+01   constant   
  17  LM           7.21641e-05   constant   
  18  wCBO_expCoeff   2.00513e+02   8.29463e-01   6.15424e-04   9.79244e-05
  19  wCBO_expOffset   2.02551e+02   1.21835e-01   9.65840e-05   9.02813e-04
  20  wCBO_expT    2.93942e+01   2.45044e-02   2.06542e-05  -2.45683e-04
  21  wCBO_linCoeff   0.00000e+00   constant   
  22  wCBO_const   6.99175e-03   1.10891e-03   5.33041e-06  -1.27532e-01
 MIGRAD MINIMIZATION HAS CONVERGED.
 MIGRAD WILL VERIFY CONVERGENCE AND ERROR MATRIX.
 FCN=327.007 FROM MIGRAD    STATUS=CONVERGED      41 CALLS        1013 TOTAL
                     EDM=3.50147e-09    STRATEGY= 1      ERR MATRIX NOT POS-DEF
  EXT PARAMETER                APPROXIMATE        STEP         FIRST   
  NO.   NAME      VALUE            ERROR          SIZE      DERIVATIVE 
   1  N0           3.18237e+06     fixed    
   2  tau          6.44090e+01   constant   
   3  A0           3.64773e-01     fixed    
   4  phi          4.11965e+00     fixed    
   5  R           -6.10005e+01   constant   
   6  A_CBO        7.48961e-04     fixed    
   7  w_CBO        2.32794e+00     fixed    
   8  phi_CBO     -2.64019e-02     fixed    
   9  ANx2         1.86992e-04   constant   
  10  pNx2         5.81164e+00   constant   
  11  ANy1         0.00000e+00   constant   
  12  pNy1         0.00000e+00   constant   
  13  w_y          0.00000e+00   constant   
  14  ANy2         2.45183e-04     fixed    
  15  pNy2         4.18605e+00   constant   
  16  w_vw         1.43216e+01   constant   
  17  LM           7.21641e-05   constant   
  18  wCBO_expCoeff   2.00513e+02   8.83924e-01   6.15543e-04   9.23798e-04
  19  wCBO_expOffset   2.02551e+02   1.29849e-01   9.65840e-05   6.36039e-03
  20  wCBO_expT    2.93942e+01   2.49931e-02   2.06576e-05   2.61131e-02
  21  wCBO_linCoeff   0.00000e+00   constant   
  22  wCBO_const   6.99178e-03   1.11764e-03   5.33070e-06   2.13599e-02
 EXTERNAL ERROR MATRIX.    NDIM=  25    NPAR=  4    ERR DEF=1
  7.813e-01 -7.974e-02 -8.482e-03  1.899e-04 
 -7.974e-02  1.686e-02 -1.261e-03  2.824e-05 
 -8.482e-03 -1.261e-03  6.247e-04 -1.654e-05 
  1.899e-04  2.824e-05 -1.654e-05  1.249e-06 
ERR MATRIX NOT POS-DEF
 PARAMETER  CORRELATION COEFFICIENTS  
       NO.  GLOBAL     18     19     20     22
       18  0.99691   1.000 -0.695 -0.384  0.192
       19  0.99692  -0.695  1.000 -0.388  0.195
       20  0.99564  -0.384 -0.388  1.000 -0.592
       22  0.84285   0.192  0.195 -0.592  1.000
 ERR MATRIX NOT POS-DEF
MINUIT - FIT ONLY 2-y
 **********
 **   76 **RES 
 **********
                   PARAMETER   14  ANy2 RESTORED TO VARIABLE.
                   PARAMETER    8  phi_CBO RESTORED TO VARIABLE.
                   PARAMETER    7  w_CBO RESTORED TO VARIABLE.
                   PARAMETER    6  A_CBO RESTORED TO VARIABLE.
                   PARAMETER    4  phi RESTORED TO VARIABLE.
                   PARAMETER    3  A0 RESTORED TO VARIABLE.
                   PARAMETER    1  N0 RESTORED TO VARIABLE.
 **********
 **   77 **FIX            0
 **********
 PARAMETER    0  IS UNDEFINED. IGNORED.
 **********
 **   78 **FIX            1
 **********
 **********
 **   79 **FIX            2
 **********
 PARAMETER    2  IS CONSTANT.   IGNORED.
 **********
 **   80 **FIX            3
 **********
 **********
 **   81 **FIX            4
 **********
 **********
 **   82 **FIX            5
 **********
 PARAMETER    5  IS CONSTANT.   IGNORED.
 **********
 **   83 **FIX            6
 **********
 **********
 **   84 **FIX            7
 **********
 **********
 **   85 **FIX            8
 **********
 **********
 **   86 **FIX            9
 **********
 PARAMETER    9  IS CONSTANT.   IGNORED.
 **********
 **   87 **FIX           10
 **********
 PARAMETER   10  IS CONSTANT.   IGNORED.
 **********
 **   88 **FIX           11
 **********
 PARAMETER   11  IS CONSTANT.   IGNORED.
 **********
 **   89 **FIX           12
 **********
 PARAMETER   12  IS CONSTANT.   IGNORED.
 **********
 **   90 **FIX           16
 **********
 PARAMETER   16  IS CONSTANT.   IGNORED.
 **********
 **   91 **MIGRAD
 **********
 START MIGRAD MINIMIZATION.  STRATEGY  1.  CONVERGENCE WHEN EDM .LT. 1.00e-04
 FCN=327.007 FROM MIGRAD    STATUS=INITIATE       10 CALLS        1023 TOTAL
                     EDM= unknown      STRATEGY= 1      NO ERROR MATRIX       
  EXT PARAMETER               CURRENT GUESS       STEP         FIRST   
  NO.   NAME      VALUE            ERROR          SIZE      DERIVATIVE 
   1  N0           3.18237e+06     fixed    
   2  tau          6.44090e+01   constant   
   3  A0           3.64773e-01     fixed    
   4  phi          4.11965e+00     fixed    
   5  R           -6.10005e+01   constant   
   6  A_CBO        7.48961e-04     fixed    
   7  w_CBO        2.32794e+00     fixed    
   8  phi_CBO     -2.64019e-02     fixed    
   9  ANx2         1.86992e-04   constant   
  10  pNx2         5.81164e+00   constant   
  11  ANy1         0.00000e+00   constant   
  12  pNy1         0.00000e+00   constant   
  13  w_y          0.00000e+00   constant   
  14  ANy2         2.45183e-04   5.58010e-04   5.58010e-04  -1.01813e+00
  15  pNy2         4.18605e+00   constant   
  16  w_vw         1.43216e+01   constant   
  17  LM           7.21641e-05   constant   
  18  wCBO_expCoeff   2.00513e+02   8.83924e-01   6.15543e-04   9.56877e-04
  19  wCBO_expOffset   2.02551e+02   1.29849e-01   9.65840e-05   6.56464e-03
  20  wCBO_expT    2.93942e+01   2.49931e-02   2.06576e-05   2.68836e-02
  21  wCBO_linCoeff   0.00000e+00   constant   
  22  wCBO_const   6.99178e-03   1.11764e-03   5.33070e-06   2.18214e-02
 MIGRAD MINIMIZATION HAS CONVERGED.
 MIGRAD WILL VERIFY CONVERGENCE AND ERROR MATRIX.
 FCN=327.007 FROM MIGRAD    STATUS=CONVERGED      53 CALLS        1066 TOTAL
                     EDM=1.18485e-08    STRATEGY= 1      ERR MATRIX NOT POS-DEF
  EXT PARAMETER                APPROXIMATE        STEP         FIRST   
  NO.   NAME      VALUE            ERROR          SIZE      DERIVATIVE 
   1  N0           3.18237e+06     fixed    
   2  tau          6.44090e+01   constant   
   3  A0           3.64773e-01     fixed    
   4  phi          4.11965e+00     fixed    
   5  R           -6.10005e+01   constant   
   6  A_CBO        7.48961e-04     fixed    
   7  w_CBO        2.32794e+00     fixed    
   8  phi_CBO     -2.64019e-02     fixed    
   9  ANx2         1.86992e-04   constant   
  10  pNx2         5.81164e+00   constant   
  11  ANy1         0.00000e+00   constant   
  12  pNy1         0.00000e+00   constant   
  13  w_y          0.00000e+00   constant   
  14  ANy2         2.45326e-04   5.57380e-04   4.93814e-06  -9.01629e-02
  15  pNy2         4.18605e+00   constant   
  16  w_vw         1.43216e+01   constant   
  17  LM           7.21641e-05   constant   
  18  wCBO_expCoeff   2.00513e+02   8.83865e-01   6.15544e-04  -1.91888e-03
  19  wCBO_expOffset   2.02551e+02   1.29841e-01   9.65840e-05  -1.30309e-02
  20  wCBO_expT    2.93942e+01   2.49917e-02   2.06576e-05  -5.83798e-02
  21  wCBO_linCoeff   0.00000e+00   constant   
  22  wCBO_const   6.99177e-03   1.11769e-03   5.33070e-06  -2.27469e-01
 EXTERNAL ERROR MATRIX.    NDIM=  25    NPAR=  5    ERR DEF=1
  3.107e-07  1.210e-06  1.654e-07 -2.876e-08 -7.214e-09 
  1.210e-06  7.812e-01 -7.973e-02 -8.481e-03  1.898e-04 
  1.654e-07 -7.973e-02  1.686e-02 -1.261e-03  2.824e-05 
 -2.876e-08 -8.481e-03 -1.261e-03  6.246e-04 -1.654e-05 
 -7.214e-09  1.898e-04  2.824e-05 -1.654e-05  1.249e-06 
ERR MATRIX NOT POS-DEF
 PARAMETER  CORRELATION COEFFICIENTS  
       NO.  GLOBAL     14     18     19     20     22
       14  0.02748   1.000  0.002  0.002 -0.002 -0.012
       18  0.99691   0.002  1.000 -0.695 -0.384  0.192
       19  0.99692   0.002 -0.695  1.000 -0.388  0.195
       20  0.99564  -0.002 -0.384 -0.388  1.000 -0.592
       22  0.84286  -0.012  0.192  0.195 -0.592  1.000
 ERR MATRIX NOT POS-DEF
MINUIT - FIT ALTOGETHER
 **********
 **   92 **RES 
 **********
                   PARAMETER    8  phi_CBO RESTORED TO VARIABLE.
                   PARAMETER    7  w_CBO RESTORED TO VARIABLE.
                   PARAMETER    6  A_CBO RESTORED TO VARIABLE.
                   PARAMETER    4  phi RESTORED TO VARIABLE.
                   PARAMETER    3  A0 RESTORED TO VARIABLE.
                   PARAMETER    1  N0 RESTORED TO VARIABLE.
 **********
 **   93 **MIGRAD
 **********
 START MIGRAD MINIMIZATION.  STRATEGY  1.  CONVERGENCE WHEN EDM .LT. 1.00e-04
 FCN=327.007 FROM MIGRAD    STATUS=INITIATE       22 CALLS        1088 TOTAL
                     EDM= unknown      STRATEGY= 1      NO ERROR MATRIX       
  EXT PARAMETER               CURRENT GUESS       STEP         FIRST   
  NO.   NAME      VALUE            ERROR          SIZE      DERIVATIVE 
   1  N0           3.18237e+06   1.26639e+03   1.26639e+03  -2.13493e-04
   2  tau          6.44090e+01   constant   
   3  A0           3.64773e-01   5.33983e-04   5.33983e-04  -3.09212e+02
   4  phi          4.11965e+00   1.51321e-03   1.51321e-03   1.86583e+01
   5  R           -6.10005e+01   constant   
   6  A_CBO        7.48961e-04   5.62059e-04   5.62059e-04  -9.92118e+00
   7  w_CBO        2.32794e+00   6.84022e-03   6.84022e-03  -2.60914e-01
   8  phi_CBO     -2.64019e-02   1.04689e+00   1.04689e+00   2.05899e-04
   9  ANx2         1.86992e-04   constant   
  10  pNx2         5.81164e+00   constant   
  11  ANy1         0.00000e+00   constant   
  12  pNy1         0.00000e+00   constant   
  13  w_y          0.00000e+00   constant   
  14  ANy2         2.45326e-04   5.57380e-04   4.93814e-06  -9.01629e-02
  15  pNy2         4.18605e+00   constant   
  16  w_vw         1.43216e+01   constant   
  17  LM           7.21641e-05   constant   
  18  wCBO_expCoeff   2.00513e+02   8.83865e-01   6.15544e-04  -1.88575e-03
  19  wCBO_expOffset   2.02551e+02   1.29841e-01   9.65840e-05  -1.28264e-02
  20  wCBO_expT    2.93942e+01   2.49917e-02   2.06576e-05  -5.76083e-02
  21  wCBO_linCoeff   0.00000e+00   constant   
  22  wCBO_const   6.99177e-03   1.11769e-03   5.33070e-06  -2.27005e-01
 MIGRAD MINIMIZATION HAS CONVERGED.
 MIGRAD WILL VERIFY CONVERGENCE AND ERROR MATRIX.
 FCN=326.981 FROM MIGRAD    STATUS=CONVERGED     217 CALLS        1283 TOTAL
                     EDM=3.6724e-05    STRATEGY= 1      ERR MATRIX NOT POS-DEF
  EXT PARAMETER                APPROXIMATE        STEP         FIRST   
  NO.   NAME      VALUE            ERROR          SIZE      DERIVATIVE 
