 + ++++++++++++++++++++++++++++++++++++++++++++++++++++++++++++++++++++ +
 +                                                                      +
 +           You have chose to blind your fitting according to          +
 +                omega_ref * (1 + (R +/- deltaR) *10^{-6})             +
 +                                                                      +
 + ++++++++++++++++++++++++++++++++++++++++++++++++++++++++++++++++++++ +
In main()...
reading format from /gm2data/zkhechad/run45/envelope/formats/formatB_sBin_constraintOn.txt
pBinTau 	= 0  
pBinPhi 	= 0  
constraintau 	= 1 
includeMopTerm 	= 0    
constrainMop    = 0   
Parameters after format file: pBinTau 0 pBinPhi 0 constraintau 1 includeMopTerm 0 constrainMop 0 c_e_scale 0.000000 
reading cbo reference file (full fit) from /gm2data/zkhechad/cboTemplates/Run4CBOTemplates/fullFits/run4/sBin_constraintOn_cE0.0_seed0_run4_calo2.root
A_CBO 0.007108 w_CBO 2.327171 phi_CBO 2.947562 N0 3111930.391320 R -60.007933 tau 64.411359 
Reading cboRef file /gm2data/zkhechad/cboTemplates/Run4CBOTemplates//cboIsolate/run4_calo2.root
deltaT 164.120000
windowBins = 1100
fitting sliding window 1260 from bin 1463 at 218.279600 to bin 2563 at 382.399600 (1100 bins)

Reading data from /gm2data/cornell/histograms/aMethod/histogram_a_run4.root
fitting cbo isolate
 **********
 **    1 **SET PRINTOUT            1
 **********
 **********
 **    2 **SET NOWARNINGS 
 **********
 PARAMETER DEFINITIONS:
    NO.   NAME         VALUE      STEP SIZE      LIMITS
     1 A_CBO        7.10761e-03  1.00000e-05     no limits
     2 w_CBO        2.32717e+00  1.00000e-02    2.00000e+00  3.00000e+00
     3 phi_CBO      2.94756e+00  1.00000e-02    0.00000e+00  6.28319e+00
 **********
 **    3 **MIGRAD
 **********
 FIRST CALL TO USER FUNCTION AT NEW START POINT, WITH IFLAG=4.
 START MIGRAD MINIMIZATION.  STRATEGY  1.  CONVERGENCE WHEN EDM .LT. 1.00e-04
 FCN=0.0348124 FROM MIGRAD    STATUS=INITIATE       12 CALLS          13 TOTAL
                     EDM= unknown      STRATEGY= 1      NO ERROR MATRIX       
  EXT PARAMETER               CURRENT GUESS       STEP         FIRST   
  NO.   NAME      VALUE            ERROR          SIZE      DERIVATIVE 
   1  A_CBO        7.10761e-03   1.00000e-05   1.00000e-05   5.54519e+00
   2  w_CBO        2.32717e+00   1.00000e-02   2.13160e-02   4.36561e-01
   3  phi_CBO      2.94756e+00   1.00000e-02   3.18919e-03  -8.11860e-03
 MIGRAD MINIMIZATION HAS CONVERGED.
 MIGRAD WILL VERIFY CONVERGENCE AND ERROR MATRIX.
 COVARIANCE MATRIX CALCULATED SUCCESSFULLY
 FCN=0.0208037 FROM HESSE     STATUS=OK             16 CALLS          50 TOTAL
                     EDM=0.000108785    STRATEGY= 1      ERROR MATRIX ACCURATE 
  EXT PARAMETER                                   STEP         FIRST   
  NO.   NAME      VALUE            ERROR          SIZE      DERIVATIVE 
   1  A_CBO        2.05061e-03   4.41141e-02   2.10174e-05  -7.08941e-02
   2  w_CBO        2.32679e+00   3.77417e-01   7.16807e-05   8.63530e-03
   3  phi_CBO      3.01062e+00   4.53914e+00   3.21833e-03   2.82426e-04
 MIGRAD MINIMIZATION HAS CONVERGED.
 FCN=0.0207106 FROM MIGRAD    STATUS=CONVERGED      57 CALLS          58 TOTAL
                     EDM=3.91625e-06    STRATEGY= 1  ERROR MATRIX UNCERTAINTY   3.5 per cent
  EXT PARAMETER                                   STEP         FIRST   
  NO.   NAME      VALUE            ERROR          SIZE      DERIVATIVE 
   1  A_CBO        2.20208e-03   4.17114e-02   1.51471e-04   5.26884e-02
   2  w_CBO        2.32307e+00   3.52819e-01  -7.95121e-03  -2.19707e-02
   3  phi_CBO      1.92391e+00   4.01747e+00  -3.56327e-01   4.94241e-04
 EXTERNAL ERROR MATRIX.    NDIM=  25    NPAR=  3    ERR DEF=1
  1.740e-03 -2.040e-03 -6.235e-01 
 -2.040e-03  1.598e-01  4.476e+01 
 -6.235e-01  4.476e+01  1.289e+04 
 PARAMETER  CORRELATION COEFFICIENTS  
       NO.  GLOBAL      1      2      3
        1  0.13924   1.000 -0.122 -0.132
        2  0.98630  -0.122  1.000  0.986
        3  0.98633  -0.132  0.986  1.000
setting A_CBO=0.002202 w_CBO=2.323070, phi_CBO=1.923907
done fitting cbo isolate
 **********
 **    1 **SET PRINTOUT            1
 **********
 **********
 **    2 **SET NOWARNINGS 
 **********
 PARAMETER DEFINITIONS:
    NO.   NAME         VALUE      STEP SIZE      LIMITS
     1 N0           3.11193e+06  1.00000e+02     no limits
     2 tau          6.44114e+01  constant
     3 A0           3.64516e-01  1.00000e-04     no limits
     4 phi          4.11813e+00  1.00000e-02     no limits
     5 R           -6.00079e+01  constant
     6 A_CBO        2.20208e-03  1.00000e-05     no limits
     7 w_CBO        2.32307e+00  1.00000e-03     no limits
     8 phi_CBO      1.92391e+00  1.00000e-04     no limits
     9 ANx2         3.40456e-04  constant
    10 pNx2         3.19484e+00  constant
    11 ANy1         0.00000e+00  constant
    12 pNy1         0.00000e+00  constant
    13 w_y          0.00000e+00  constant
    14 ANy2         1.04941e-02  1.00000e-04     no limits
    15 pNy2         5.11372e+00  constant
    16 w_vw         1.43155e+01  constant
    17 LM           3.07992e-04  constant
    18 wCBO_expCoeff   2.00000e+02  1.00000e+00     no limits
    19 wCBO_expOffset   2.00000e+02  1.00000e+00     no limits
    20 wCBO_expT    3.00000e+01  1.00000e+00     no limits
    21 wCBO_linCoeff   0.00000e+00  constant
    22 wCBO_const   0.00000e+00  1.00000e-02     no limits
MINUIT - FIT ONLY WIGGLE
 **********
 **    3 **FIX            5
 **********
 PARAMETER    5  IS CONSTANT.   IGNORED.
 **********
 **    4 **FIX            6
 **********
 **********
 **    5 **FIX            7
 **********
 **********
 **    6 **FIX            8
 **********
 **********
 **    7 **FIX            9
 **********
 PARAMETER    9  IS CONSTANT.   IGNORED.
 **********
 **    8 **FIX           10
 **********
 PARAMETER   10  IS CONSTANT.   IGNORED.
 **********
 **    9 **FIX           11
 **********
 PARAMETER   11  IS CONSTANT.   IGNORED.
 **********
 **   10 **FIX           12
 **********
 PARAMETER   12  IS CONSTANT.   IGNORED.
 **********
 **   11 **FIX           13
 **********
 PARAMETER   13  IS CONSTANT.   IGNORED.
 **********
 **   12 **FIX           14
 **********
 **********
 **   13 **FIX           15
 **********
 PARAMETER   15  IS CONSTANT.   IGNORED.
 **********
 **   14 **FIX           16
 **********
 PARAMETER   16  IS CONSTANT.   IGNORED.
 **********
 **   15 **MIGRAD
 **********
 FIRST CALL TO USER FUNCTION AT NEW START POINT, WITH IFLAG=4.
 START MIGRAD MINIMIZATION.  STRATEGY  1.  CONVERGENCE WHEN EDM .LT. 1.00e-04
 FCN=2072.52 FROM MIGRAD    STATUS=INITIATE       56 CALLS          57 TOTAL
                     EDM= unknown      STRATEGY= 1      NO ERROR MATRIX       
  EXT PARAMETER               CURRENT GUESS       STEP         FIRST   
  NO.   NAME      VALUE            ERROR          SIZE      DERIVATIVE 
   1  N0           3.11193e+06   1.00000e+02   0.00000e+00   1.16494e-03
   2  tau          6.44114e+01   constant   
   3  A0           3.64516e-01   1.00000e-04   0.00000e+00   8.20572e+03
   4  phi          4.11813e+00   1.00000e-02   0.00000e+00   2.76135e+03
   5  R           -6.00079e+01   constant   
   6  A_CBO        2.20208e-03     fixed    
   7  w_CBO        2.32307e+00     fixed    
   8  phi_CBO      1.92391e+00     fixed    
   9  ANx2         3.40456e-04   constant   
  10  pNx2         3.19484e+00   constant   
  11  ANy1         0.00000e+00   constant   
  12  pNy1         0.00000e+00   constant   
  13  w_y          0.00000e+00   constant   
  14  ANy2         1.04941e-02     fixed    
  15  pNy2         5.11372e+00   constant   
  16  w_vw         1.43155e+01   constant   
  17  LM           3.07992e-04   constant   
  18  wCBO_expCoeff   2.00021e+02   1.00000e+00   2.07199e-02   1.81653e+03
  19  wCBO_expOffset   2.00000e+02   1.00000e+00   0.00000e+00   1.20162e+04
  20  wCBO_expT    3.00000e+01   1.00000e+00   0.00000e+00  -4.81025e+03
  21  wCBO_linCoeff   0.00000e+00   constant   
  22  wCBO_const   0.00000e+00   1.00000e-02   0.00000e+00  -1.05497e+04
 MIGRAD FAILS TO FIND IMPROVEMENT
 FCN=2012.54 FROM HESSE     STATUS=NOT POSDEF     52 CALLS         285 TOTAL
                     EDM=2.27858e-05    STRATEGY= 1      ERR MATRIX NOT POS-DEF
  EXT PARAMETER                APPROXIMATE        STEP         FIRST   
  NO.   NAME      VALUE            ERROR          SIZE      DERIVATIVE 
   1  N0           3.11206e+06   5.65993e+02   1.23517e+01  -2.00376e-06
   2  tau          6.44114e+01   constant   
   3  A0           3.64287e-01   2.39445e-04   5.26809e-06   6.25014e+00
   4  phi          4.11775e+00   6.88655e-04   1.51564e-05  -4.04429e-01
   5  R           -6.00079e+01   constant   
   6  A_CBO        2.20208e-03     fixed    
   7  w_CBO        2.32307e+00     fixed    
   8  phi_CBO      1.92391e+00     fixed    
   9  ANx2         3.40456e-04   constant   
  10  pNx2         3.19484e+00   constant   
  11  ANy1         0.00000e+00   constant   
  12  pNy1         0.00000e+00   constant   
  13  w_y          0.00000e+00   constant   
  14  ANy2         1.04941e-02     fixed    
  15  pNy2         5.11372e+00   constant   
  16  w_vw         1.43155e+01   constant   
  17  LM           3.07992e-04   constant   
  18  wCBO_expCoeff   2.00011e+02   9.33992e-03   9.53726e-05  -3.29628e+00
  19  wCBO_expOffset   1.99999e+02   1.41913e-03   9.53667e-05  -2.17164e+01
  20  wCBO_expT    3.00013e+01   4.27997e-04   1.43057e-05   1.03740e+01
  21  wCBO_linCoeff   0.00000e+00   constant   
  22  wCBO_const   1.75470e-03   5.71704e-04   4.77544e-06   7.53988e+00
 MIGRAD FAILS TO FIND IMPROVEMENT
 MIGRAD TERMINATED WITHOUT CONVERGENCE.
 FCN=2012.54 FROM MIGRAD    STATUS=FAILED        309 CALLS         310 TOTAL
                     EDM=0.00159026    STRATEGY= 1      ERR MATRIX NOT POS-DEF
  EXT PARAMETER                APPROXIMATE        STEP         FIRST   
  NO.   NAME      VALUE            ERROR          SIZE      DERIVATIVE 
   1  N0           3.11206e+06   5.65971e+02   0.00000e+00   2.51223e-07
   2  tau          6.44114e+01   constant   
   3  A0           3.64287e-01   2.41686e-04  -0.00000e+00  -8.57860e-01
   4  phi          4.11775e+00   6.88490e-04   0.00000e+00   5.48333e-03
   5  R           -6.00079e+01   constant   
   6  A_CBO        2.20208e-03     fixed    
   7  w_CBO        2.32307e+00     fixed    
   8  phi_CBO      1.92391e+00     fixed    
   9  ANx2         3.40456e-04   constant   
  10  pNx2         3.19484e+00   constant   
  11  ANy1         0.00000e+00   constant   
  12  pNy1         0.00000e+00   constant   
  13  w_y          0.00000e+00   constant   
  14  ANy2         1.04941e-02     fixed    
  15  pNy2         5.11372e+00   constant   
  16  w_vw         1.43155e+01   constant   
  17  LM           3.07992e-04   constant   
  18  wCBO_expCoeff   2.00011e+02   3.17630e-03   0.00000e+00   4.22397e-01
  19  wCBO_expOffset   1.99999e+02   2.18740e-04  -0.00000e+00   5.89534e+01
  20  wCBO_expT    3.00013e+01   4.69721e-04  -0.00000e+00   1.09406e+00
  21  wCBO_linCoeff   0.00000e+00   constant   
  22  wCBO_const   1.75485e-03   5.72051e-04   0.00000e+00  -1.46152e+00
 EXTERNAL ERROR MATRIX.    NDIM=  25    NPAR=  7    ERR DEF=1
  3.203e+05  4.325e-03  4.450e-03 -4.052e-02 -2.857e-03  1.637e-03  7.050e-03 
  4.325e-03  5.841e-08  5.605e-10 -8.670e-08  4.066e-09  6.055e-09  4.481e-09 
  4.450e-03  5.605e-10  4.740e-07  7.676e-10 -8.802e-10 -7.534e-09  1.116e-08 
 -4.052e-02 -8.670e-08  7.676e-10  1.009e-05 -4.502e-07 -1.018e-06  2.200e-07 
 -2.857e-03  4.066e-09 -8.802e-10 -4.502e-07  4.785e-08  1.330e-08  8.459e-09 
  1.637e-03  6.055e-09 -7.534e-09 -1.018e-06  1.330e-08  2.206e-07 -1.891e-07 
  7.050e-03  4.481e-09  1.116e-08  2.200e-07  8.459e-09 -1.891e-07  3.272e-07 
ERR MATRIX NOT POS-DEF
 PARAMETER  CORRELATION COEFFICIENTS  
       NO.  GLOBAL      1      3      4     18     19     20     22
        1  0.08294   1.000  0.032  0.011 -0.023 -0.023  0.006  0.022
        3  0.12670   0.032  1.000  0.003 -0.113  0.077  0.053  0.032
        4  0.05040   0.011  0.003  1.000  0.000 -0.006 -0.023  0.028
       18  0.96697  -0.023 -0.113  0.000  1.000 -0.648 -0.682  0.121
       19  0.88488  -0.023  0.077 -0.006 -0.648  1.000  0.129  0.068
       20  0.97176   0.006  0.053 -0.023 -0.682  0.129  1.000 -0.704
       22  0.92500   0.022  0.032  0.028  0.121  0.068 -0.704  1.000
 ERR MATRIX NOT POS-DEF
MINUIT - FIT ONLY 1-CBO + other amplitudes 
 **********
 **   16 **RES 
 **********
                   PARAMETER   14  ANy2 RESTORED TO VARIABLE.
                   PARAMETER    8  phi_CBO RESTORED TO VARIABLE.
                   PARAMETER    7  w_CBO RESTORED TO VARIABLE.
                   PARAMETER    6  A_CBO RESTORED TO VARIABLE.
 **********
 **   17 **FIX            0
 **********
 PARAMETER    0  IS UNDEFINED. IGNORED.
 **********
 **   18 **FIX            1
 **********
 **********
 **   19 **FIX            2
 **********
 PARAMETER    2  IS CONSTANT.   IGNORED.
 **********
 **   20 **FIX            3
 **********
 **********
 **   21 **FIX            4
 **********
 **********
 **   22 **FIX            9
 **********
 PARAMETER    9  IS CONSTANT.   IGNORED.
 **********
 **   23 **FIX           11
 **********
 PARAMETER   11  IS CONSTANT.   IGNORED.
 **********
 **   24 **FIX           12
 **********
 PARAMETER   12  IS CONSTANT.   IGNORED.
 **********
 **   25 **FIX           14
 **********
 **********
 **   26 **FIX           15
 **********
 PARAMETER   15  IS CONSTANT.   IGNORED.
 **********
 **   27 **FIX           16
 **********
 PARAMETER   16  IS CONSTANT.   IGNORED.
 **********
 **   28 **MIGRAD
 **********
 START MIGRAD MINIMIZATION.  STRATEGY  1.  CONVERGENCE WHEN EDM .LT. 1.00e-04
 FCN=2012.54 FROM MIGRAD    STATUS=INITIATE       22 CALLS         332 TOTAL
                     EDM= unknown      STRATEGY= 1      NO ERROR MATRIX       
  EXT PARAMETER               CURRENT GUESS       STEP         FIRST   
  NO.   NAME      VALUE            ERROR          SIZE      DERIVATIVE 
   1  N0           3.11206e+06     fixed    
   2  tau          6.44114e+01   constant   
   3  A0           3.64287e-01     fixed    
   4  phi          4.11775e+00     fixed    
   5  R           -6.00079e+01   constant   
   6  A_CBO        2.20208e-03   1.00000e-05   1.00000e-05   1.94551e+04
   7  w_CBO        2.32307e+00   1.00000e-03   1.00000e-03   3.61645e+01
   8  phi_CBO      1.92391e+00   1.00000e-04   1.00000e-04  -4.33353e+00
   9  ANx2         3.40456e-04   constant   
  10  pNx2         3.19484e+00   constant   
  11  ANy1         0.00000e+00   constant   
  12  pNy1         0.00000e+00   constant   
  13  w_y          0.00000e+00   constant   
  14  ANy2         1.04941e-02     fixed    
  15  pNy2         5.11372e+00   constant   
  16  w_vw         1.43155e+01   constant   
  17  LM           3.07992e-04   constant   
  18  wCBO_expCoeff   2.00011e+02   3.17630e-03   0.00000e+00   4.22397e-01
  19  wCBO_expOffset   1.99999e+02   2.18740e-04  -0.00000e+00   5.89534e+01
  20  wCBO_expT    3.00013e+01   4.69721e-04  -0.00000e+00   1.09406e+00
  21  wCBO_linCoeff   0.00000e+00   constant   
  22  wCBO_const   1.75485e-03   5.72051e-04   0.00000e+00  -1.46150e+00
 MIGRAD MINIMIZATION HAS CONVERGED.
 FCN=2005.67 FROM MIGRAD    STATUS=CONVERGED     155 CALLS         465 TOTAL
                     EDM=9.14829e-07    STRATEGY= 1  ERROR MATRIX UNCERTAINTY   3.1 per cent
  EXT PARAMETER                                   STEP         FIRST   
  NO.   NAME      VALUE            ERROR          SIZE      DERIVATIVE 
   1  N0           3.11206e+06     fixed    
   2  tau          6.44114e+01   constant   
   3  A0           3.64287e-01     fixed    
   4  phi          4.11775e+00     fixed    
   5  R           -6.00079e+01   constant   
   6  A_CBO        1.55674e-03   2.58439e-04  -1.01972e-07   1.47227e-01
   7  w_CBO        2.32307e+00   1.23247e-05  -8.44686e-09   1.06365e+02
   8  phi_CBO      2.19536e+00   3.62078e-01  -2.06065e-03  -1.96983e-03
   9  ANx2         3.40456e-04   constant   
  10  pNx2         3.19484e+00   constant   
  11  ANy1         0.00000e+00   constant   
  12  pNy1         0.00000e+00   constant   
  13  w_y          0.00000e+00   constant   
  14  ANy2         1.04941e-02     fixed    
  15  pNy2         5.11372e+00   constant   
  16  w_vw         1.43155e+01   constant   
  17  LM           3.07992e-04   constant   
  18  wCBO_expCoeff   2.00011e+02   1.07133e-03  -5.04493e-07   1.23495e+00
  19  wCBO_expOffset   1.99999e+02   1.74195e-04   4.06739e-08  -9.25552e+00
  20  wCBO_expT    3.00013e+01   5.45123e-04  -4.01640e-07   1.08732e+00
  21  wCBO_linCoeff   0.00000e+00   constant   
  22  wCBO_const   2.15330e-03   7.44774e-04  -3.58838e-06   7.00624e-01
 EXTERNAL ERROR MATRIX.    NDIM=  25    NPAR=  7    ERR DEF=1
  6.679e-08  1.786e-10  1.816e-06  1.642e-08  2.127e-09  1.626e-10 -8.221e-09 
  1.786e-10  1.519e-10  5.626e-07  5.758e-09  1.008e-09 -4.048e-09  2.520e-09 
  1.816e-06  5.626e-07  1.311e-01  4.132e-05  3.079e-06  1.207e-05  1.259e-04 
  1.642e-08  5.758e-09  4.132e-05  1.148e-06  8.682e-08 -3.407e-07  1.888e-07 
  2.127e-09  1.008e-09  3.079e-06  8.682e-08  3.034e-08 -6.519e-08  3.835e-08 
  1.626e-10 -4.048e-09  1.207e-05 -3.407e-07 -6.519e-08  2.972e-07 -2.691e-07 
 -8.221e-09  2.520e-09  1.259e-04  1.888e-07  3.835e-08 -2.691e-07  5.547e-07 
 PARAMETER  CORRELATION COEFFICIENTS  
       NO.  GLOBAL      6      7      8     18     19     20     22
        6  0.11126   1.000  0.056  0.019  0.059  0.047  0.001 -0.043
        7  0.76835   0.056  1.000  0.126  0.436  0.470 -0.603  0.275
        8  0.88948   0.019  0.126  1.000  0.107  0.049  0.061  0.467
       18  0.76315   0.059  0.436  0.107  1.000  0.465 -0.583  0.237
       19  0.82001   0.047  0.470  0.049  0.465  1.000 -0.687  0.296
       20  0.97207   0.001 -0.603  0.061 -0.583 -0.687  1.000 -0.663
       22  0.94507  -0.043  0.275  0.467  0.237  0.296 -0.663  1.000
MINUIT - FIT ONLY 1-CBO
 **********
 **   29 **RES 
 **********
                   PARAMETER   14  ANy2 RESTORED TO VARIABLE.
                   PARAMETER    4  phi RESTORED TO VARIABLE.
                   PARAMETER    3  A0 RESTORED TO VARIABLE.
                   PARAMETER    1  N0 RESTORED TO VARIABLE.
 **********
 **   30 **FIX            0
 **********
 PARAMETER    0  IS UNDEFINED. IGNORED.
 **********
 **   31 **FIX            1
 **********
 **********
 **   32 **FIX            2
 **********
 PARAMETER    2  IS CONSTANT.   IGNORED.
 **********
 **   33 **FIX            3
 **********
 **********
 **   34 **FIX            4
 **********
 **********
 **   35 **FIX            8
 **********
 **********
 **   36 **FIX            9
 **********
 PARAMETER    9  IS CONSTANT.   IGNORED.
 **********
 **   37 **FIX           11
 **********
 PARAMETER   11  IS CONSTANT.   IGNORED.
 **********
 **   38 **FIX           12
 **********
 PARAMETER   12  IS CONSTANT.   IGNORED.
 **********
 **   39 **FIX           13
 **********
 PARAMETER   13  IS CONSTANT.   IGNORED.
 **********
 **   40 **FIX           15
 **********
 PARAMETER   15  IS CONSTANT.   IGNORED.
 **********
 **   41 **FIX           16
 **********
 PARAMETER   16  IS CONSTANT.   IGNORED.
 **********
 **   42 **MIGRAD
 **********
 START MIGRAD MINIMIZATION.  STRATEGY  1.  CONVERGENCE WHEN EDM .LT. 1.00e-04
 FCN=2005.67 FROM MIGRAD    STATUS=INITIATE       16 CALLS         481 TOTAL
                     EDM= unknown      STRATEGY= 1      NO ERROR MATRIX       
  EXT PARAMETER               CURRENT GUESS       STEP         FIRST   
  NO.   NAME      VALUE            ERROR          SIZE      DERIVATIVE 
   1  N0           3.11206e+06     fixed    
   2  tau          6.44114e+01   constant   
   3  A0           3.64287e-01     fixed    
   4  phi          4.11775e+00     fixed    
   5  R           -6.00079e+01   constant   
   6  A_CBO        1.55674e-03   2.58439e-04  -1.01972e-07   1.47228e-01
   7  w_CBO        2.32307e+00   1.23247e-05  -8.44686e-09   1.06365e+02
   8  phi_CBO      2.19536e+00     fixed    
   9  ANx2         3.40456e-04   constant   
  10  pNx2         3.19484e+00   constant   
  11  ANy1         0.00000e+00   constant   
  12  pNy1         0.00000e+00   constant   
  13  w_y          0.00000e+00   constant   
  14  ANy2         1.04941e-02   1.00000e-04   1.00000e-04   3.10167e+05
  15  pNy2         5.11372e+00   constant   
  16  w_vw         1.43155e+01   constant   
  17  LM           3.07992e-04   constant   
  18  wCBO_expCoeff   2.00011e+02   1.07133e-03  -5.04493e-07   1.23495e+00
  19  wCBO_expOffset   1.99999e+02   1.74195e-04   4.06739e-08  -9.25552e+00
  20  wCBO_expT    3.00013e+01   5.45123e-04  -4.01640e-07   1.08732e+00
  21  wCBO_linCoeff   0.00000e+00   constant   
  22  wCBO_const   2.15330e-03   7.44774e-04  -3.58838e-06   7.00632e-01
 MIGRAD MINIMIZATION HAS CONVERGED.
 MIGRAD WILL VERIFY CONVERGENCE AND ERROR MATRIX.
 COVARIANCE MATRIX CALCULATED SUCCESSFULLY
 FCN=390.89 FROM MIGRAD    STATUS=CONVERGED     216 CALLS         681 TOTAL
                     EDM=5.43874e-05    STRATEGY= 1      ERROR MATRIX ACCURATE 
  EXT PARAMETER                                   STEP         FIRST   
  NO.   NAME      VALUE            ERROR          SIZE      DERIVATIVE 
   1  N0           3.11206e+06     fixed    
   2  tau          6.44114e+01   constant   
   3  A0           3.64287e-01     fixed    
   4  phi          4.11775e+00     fixed    
   5  R           -6.00079e+01   constant   
   6  A_CBO        4.86255e-04   2.59836e-04   2.48588e-06  -9.83930e+00
   7  w_CBO        2.32307e+00   1.73533e-04   1.10773e-06   1.23935e+02
   8  phi_CBO      2.19536e+00     fixed    
   9  ANx2         3.40456e-04   constant   
  10  pNx2         3.19484e+00   constant   
  11  ANy1         0.00000e+00   constant   
  12  pNy1         0.00000e+00   constant   
  13  w_y          0.00000e+00   constant   
  14  ANy2         8.08033e-05   2.59177e-04   2.48935e-06  -3.69855e+00
  15  pNy2         5.11372e+00   constant   
  16  w_vw         1.43155e+01   constant   
  17  LM           3.07992e-04   constant   
  18  wCBO_expCoeff   2.00011e+02   1.50032e-02   9.53727e-05   1.43768e+00
  19  wCBO_expOffset   1.99999e+02   1.06616e-03   9.53668e-05   9.49239e+00
  20  wCBO_expT    3.00012e+01   1.27073e-03   1.43057e-05  -7.44082e-02
  21  wCBO_linCoeff   0.00000e+00   constant   
  22  wCBO_const   2.69903e-03   1.18205e-03   5.29709e-06   5.03978e-01
 EXTERNAL ERROR MATRIX.    NDIM=  25    NPAR=  7    ERR DEF=1
  6.751e-08  7.094e-10  6.285e-09  7.045e-08 -2.512e-08  1.373e-08 -1.791e-08 
  7.094e-10  3.011e-08  1.519e-10 -2.110e-06 -3.825e-08 -3.960e-08  1.941e-09 
  6.285e-09  1.519e-10  6.717e-08  1.502e-08 -4.213e-09 -3.613e-09 -2.570e-09 
  7.045e-08 -2.110e-06  1.502e-08  2.251e-04 -3.464e-06 -3.546e-06  2.246e-06 
 -2.512e-08 -3.825e-08 -4.213e-09 -3.464e-06  1.137e-06 -8.661e-08  3.777e-08 
  1.373e-08 -3.960e-08 -3.613e-09 -3.546e-06 -8.661e-08  1.615e-06 -1.026e-06 
 -1.791e-08  1.941e-09 -2.570e-09  2.246e-06  3.777e-08 -1.026e-06  1.397e-06 
 PARAMETER  CORRELATION COEFFICIENTS  
       NO.  GLOBAL      6      7     14     18     19     20     22
        6  0.14238   1.000  0.016  0.093  0.018 -0.091  0.042 -0.058
        7  0.99100   0.016  1.000  0.003 -0.810 -0.207 -0.180  0.009
       14  0.11242   0.093  0.003  1.000  0.004 -0.015 -0.011 -0.008
       18  0.99082   0.018 -0.810  0.004  1.000 -0.217 -0.186  0.127
       19  0.95819  -0.091 -0.207 -0.015 -0.217  1.000 -0.064  0.030
       20  0.97249   0.042 -0.180 -0.011 -0.186 -0.064  1.000 -0.683
       22  0.88679  -0.058  0.009 -0.008  0.127  0.030 -0.683  1.000
MINUIT - FIT ONLY 2-CBO
 **********
 **   43 **RES 
 **********
                   PARAMETER    8  phi_CBO RESTORED TO VARIABLE.
                   PARAMETER    4  phi RESTORED TO VARIABLE.
                   PARAMETER    3  A0 RESTORED TO VARIABLE.
                   PARAMETER    1  N0 RESTORED TO VARIABLE.
 **********
 **   44 **FIX            0
 **********
 PARAMETER    0  IS UNDEFINED. IGNORED.
 **********
 **   45 **FIX            1
 **********
 **********
 **   46 **FIX            2
 **********
 PARAMETER    2  IS CONSTANT.   IGNORED.
 **********
 **   47 **FIX            3
 **********
 **********
 **   48 **FIX            4
 **********
 **********
 **   49 **FIX            5
 **********
 PARAMETER    5  IS CONSTANT.   IGNORED.
 **********
 **   50 **FIX            6
 **********
 **********
 **   51 **FIX            7
 **********
 **********
 **   52 **FIX           10
 **********
 PARAMETER   10  IS CONSTANT.   IGNORED.
 **********
 **   53 **FIX           11
 **********
 PARAMETER   11  IS CONSTANT.   IGNORED.
 **********
 **   54 **FIX           12
 **********
 PARAMETER   12  IS CONSTANT.   IGNORED.
 **********
 **   55 **FIX           13
 **********
 PARAMETER   13  IS CONSTANT.   IGNORED.
 **********
 **   56 **FIX           14
 **********
 **********
 **   57 **FIX           15
 **********
 PARAMETER   15  IS CONSTANT.   IGNORED.
 **********
 **   58 **FIX           16
 **********
 PARAMETER   16  IS CONSTANT.   IGNORED.
 **********
 **   59 **MIGRAD
 **********
 START MIGRAD MINIMIZATION.  STRATEGY  1.  CONVERGENCE WHEN EDM .LT. 1.00e-04
 FCN=390.89 FROM MIGRAD    STATUS=INITIATE       12 CALLS         693 TOTAL
                     EDM= unknown      STRATEGY= 1      NO ERROR MATRIX       
  EXT PARAMETER               CURRENT GUESS       STEP         FIRST   
  NO.   NAME      VALUE            ERROR          SIZE      DERIVATIVE 
   1  N0           3.11206e+06     fixed    
   2  tau          6.44114e+01   constant   
   3  A0           3.64287e-01     fixed    
   4  phi          4.11775e+00     fixed    
   5  R           -6.00079e+01   constant   
   6  A_CBO        4.86255e-04     fixed    
   7  w_CBO        2.32307e+00     fixed    
   8  phi_CBO      2.19536e+00   3.62078e-01   3.62078e-01   1.73264e-01
   9  ANx2         3.40456e-04   constant   
  10  pNx2         3.19484e+00   constant   
  11  ANy1         0.00000e+00   constant   
  12  pNy1         0.00000e+00   constant   
  13  w_y          0.00000e+00   constant   
  14  ANy2         8.08033e-05     fixed    
  15  pNy2         5.11372e+00   constant   
  16  w_vw         1.43155e+01   constant   
  17  LM           3.07992e-04   constant   
  18  wCBO_expCoeff   2.00011e+02   1.50032e-02   9.53727e-05   1.38427e+00
  19  wCBO_expOffset   1.99999e+02   1.06616e-03   9.53668e-05  -1.09558e+01
  20  wCBO_expT    3.00012e+01   1.27073e-03   1.43057e-05  -5.49345e-01
  21  wCBO_linCoeff   0.00000e+00   constant   
  22  wCBO_const   2.69903e-03   1.18205e-03   5.29709e-06   5.00017e-01
 MIGRAD FAILS TO FIND IMPROVEMENT
 MIGRAD MINIMIZATION HAS CONVERGED.
 FCN=390.886 FROM MIGRAD    STATUS=CONVERGED      86 CALLS         767 TOTAL
                     EDM=1.41086e-05    STRATEGY= 1  ERROR MATRIX UNCERTAINTY   4.8 per cent
  EXT PARAMETER                                   STEP         FIRST   
  NO.   NAME      VALUE            ERROR          SIZE      DERIVATIVE 
   1  N0           3.11206e+06     fixed    
   2  tau          6.44114e+01   constant   
   3  A0           3.64287e-01     fixed    
   4  phi          4.11775e+00     fixed    
   5  R           -6.00079e+01   constant   
   6  A_CBO        4.86255e-04     fixed    
   7  w_CBO        2.32307e+00     fixed    
   8  phi_CBO      2.15304e+00   7.01524e-01  -0.00000e+00  -4.72239e-04
   9  ANx2         3.40456e-04   constant   
  10  pNx2         3.19484e+00   constant   
  11  ANy1         0.00000e+00   constant   
  12  pNy1         0.00000e+00   constant   
  13  w_y          0.00000e+00   constant   
  14  ANy2         8.08033e-05     fixed    
  15  pNy2         5.11372e+00   constant   
  16  w_vw         1.43155e+01   constant   
  17  LM           3.07992e-04   constant   
  18  wCBO_expCoeff   2.00011e+02   2.70522e-03  -0.00000e+00   2.29611e+00
  19  wCBO_expOffset   1.99999e+02   6.11260e-04   0.00000e+00  -3.92049e+00
  20  wCBO_expT    3.00011e+01   2.94467e-04  -0.00000e+00   8.28397e+00
  21  wCBO_linCoeff   0.00000e+00   constant   
  22  wCBO_const   2.67523e-03   9.09733e-04  -0.00000e+00   3.18825e+00
 EXTERNAL ERROR MATRIX.    NDIM=  25    NPAR=  5    ERR DEF=1
  4.921e-01  8.135e-04 -1.550e-04  6.761e-05  2.669e-04 
  8.135e-04  7.318e-06 -9.182e-07  1.391e-07  7.476e-07 
 -1.550e-04 -9.182e-07  3.736e-07 -8.004e-08 -4.456e-07 
  6.761e-05  1.391e-07 -8.004e-08  8.671e-08  4.566e-08 
  2.669e-04  7.476e-07 -4.456e-07  4.566e-08  8.276e-07 
 PARAMETER  CORRELATION COEFFICIENTS  
       NO.  GLOBAL      8     18     19     20     22
        8  0.65597   1.000  0.429 -0.361  0.327  0.418
       18  0.73300   0.429  1.000 -0.555  0.175  0.304
       19  0.92262  -0.361 -0.555  1.000 -0.445 -0.801
       20  0.67351   0.327  0.175 -0.445  1.000  0.170
       22  0.88779   0.418  0.304 -0.801  0.170  1.000
MINUIT - FIT ONLY 1-y
 **********
 **   60 **RES 
 **********
                   PARAMETER   14  ANy2 RESTORED TO VARIABLE.
                   PARAMETER    7  w_CBO RESTORED TO VARIABLE.
                   PARAMETER    6  A_CBO RESTORED TO VARIABLE.
                   PARAMETER    4  phi RESTORED TO VARIABLE.
                   PARAMETER    3  A0 RESTORED TO VARIABLE.
                   PARAMETER    1  N0 RESTORED TO VARIABLE.
 **********
 **   61 **FIX            0
 **********
 PARAMETER    0  IS UNDEFINED. IGNORED.
 **********
 **   62 **FIX            1
 **********
 **********
 **   63 **FIX            2
 **********
 PARAMETER    2  IS CONSTANT.   IGNORED.
 **********
 **   64 **FIX            3
 **********
 **********
 **   65 **FIX            4
 **********
 **********
 **   66 **FIX            5
 **********
 PARAMETER    5  IS CONSTANT.   IGNORED.
 **********
 **   67 **FIX            6
 **********
 **********
 **   68 **FIX            7
 **********
 **********
 **   69 **FIX            8
 **********
 **********
 **   70 **FIX            9
 **********
 PARAMETER    9  IS CONSTANT.   IGNORED.
 **********
 **   71 **FIX           13
 **********
 PARAMETER   13  IS CONSTANT.   IGNORED.
 **********
 **   72 **FIX           14
 **********
 **********
 **   73 **FIX           15
 **********
 PARAMETER   15  IS CONSTANT.   IGNORED.
 **********
 **   74 **FIX           16
 **********
 PARAMETER   16  IS CONSTANT.   IGNORED.
 **********
 **   75 **MIGRAD
 **********
 START MIGRAD MINIMIZATION.  STRATEGY  1.  CONVERGENCE WHEN EDM .LT. 1.00e-04
 FCN=390.886 FROM MIGRAD    STATUS=INITIATE        8 CALLS         775 TOTAL
                     EDM= unknown      STRATEGY= 1      NO ERROR MATRIX       
  EXT PARAMETER               CURRENT GUESS       STEP         FIRST   
  NO.   NAME      VALUE            ERROR          SIZE      DERIVATIVE 
   1  N0           3.11206e+06     fixed    
   2  tau          6.44114e+01   constant   
   3  A0           3.64287e-01     fixed    
   4  phi          4.11775e+00     fixed    
   5  R           -6.00079e+01   constant   
   6  A_CBO        4.86255e-04     fixed    
   7  w_CBO        2.32307e+00     fixed    
   8  phi_CBO      2.15304e+00     fixed    
   9  ANx2         3.40456e-04   constant   
  10  pNx2         3.19484e+00   constant   
  11  ANy1         0.00000e+00   constant   
  12  pNy1         0.00000e+00   constant   
  13  w_y          0.00000e+00   constant   
  14  ANy2         8.08033e-05     fixed    
  15  pNy2         5.11372e+00   constant   
  16  w_vw         1.43155e+01   constant   
  17  LM           3.07992e-04   constant   
  18  wCBO_expCoeff   2.00011e+02   2.70522e-03  -0.00000e+00   2.29611e+00
  19  wCBO_expOffset   1.99999e+02   6.11260e-04   0.00000e+00  -3.92049e+00
  20  wCBO_expT    3.00011e+01   2.94467e-04  -0.00000e+00   8.28397e+00
  21  wCBO_linCoeff   0.00000e+00   constant   
  22  wCBO_const   2.67523e-03   9.09733e-04  -0.00000e+00   3.18825e+00
 MIGRAD FAILS TO FIND IMPROVEMENT
 MIGRAD MINIMIZATION HAS CONVERGED.
 MIGRAD WILL VERIFY CONVERGENCE AND ERROR MATRIX.
 COVARIANCE MATRIX CALCULATED SUCCESSFULLY
 FCN=390.886 FROM MIGRAD    STATUS=CONVERGED      55 CALLS         822 TOTAL
                     EDM=2.41443e-05    STRATEGY= 1      ERROR MATRIX ACCURATE 
  EXT PARAMETER                                   STEP         FIRST   
  NO.   NAME      VALUE            ERROR          SIZE      DERIVATIVE 
   1  N0           3.11206e+06     fixed    
   2  tau          6.44114e+01   constant   
   3  A0           3.64287e-01     fixed    
   4  phi          4.11775e+00     fixed    
   5  R           -6.00079e+01   constant   
   6  A_CBO        4.86255e-04     fixed    
   7  w_CBO        2.32307e+00     fixed    
   8  phi_CBO      2.15304e+00     fixed    
   9  ANx2         3.40456e-04   constant   
  10  pNx2         3.19484e+00   constant   
  11  ANy1         0.00000e+00   constant   
  12  pNy1         0.00000e+00   constant   
  13  w_y          0.00000e+00   constant   
  14  ANy2         8.08033e-05     fixed    
  15  pNy2         5.11372e+00   constant   
  16  w_vw         1.43155e+01   constant   
  17  LM           3.07992e-04   constant   
  18  wCBO_expCoeff   2.00011e+02   8.87421e-03   9.53727e-05   6.56816e-01
  19  wCBO_expOffset   1.99999e+02   1.05604e-03   9.53668e-05   4.18327e+00
  20  wCBO_expT    3.00011e+01   1.25351e-03   1.43057e-05  -3.18017e+00
  21  wCBO_linCoeff   0.00000e+00   constant   
  22  wCBO_const   2.67500e-03   1.18400e-03   5.27470e-06  -2.61319e+00
 EXTERNAL ERROR MATRIX.    NDIM=  25    NPAR=  4    ERR DEF=1
  7.875e-05 -6.323e-06 -6.391e-06  2.438e-06 
 -6.323e-06  1.115e-06 -1.348e-07  3.491e-08 
 -6.391e-06 -1.348e-07  1.571e-06 -1.027e-06 
  2.438e-06  3.491e-08 -1.027e-06  1.402e-06 
 PARAMETER  CORRELATION COEFFICIENTS  
       NO.  GLOBAL     18     19     20     22
       18  0.97374   1.000 -0.675 -0.575  0.232
       19  0.95771  -0.675  1.000 -0.102  0.028
       20  0.97195  -0.575 -0.102  1.000 -0.692
       22  0.88748   0.232  0.028 -0.692  1.000
MINUIT - FIT ONLY 2-y
 **********
 **   76 **RES 
 **********
                   PARAMETER   14  ANy2 RESTORED TO VARIABLE.
                   PARAMETER    8  phi_CBO RESTORED TO VARIABLE.
                   PARAMETER    7  w_CBO RESTORED TO VARIABLE.
                   PARAMETER    6  A_CBO RESTORED TO VARIABLE.
                   PARAMETER    4  phi RESTORED TO VARIABLE.
                   PARAMETER    3  A0 RESTORED TO VARIABLE.
                   PARAMETER    1  N0 RESTORED TO VARIABLE.
 **********
 **   77 **FIX            0
 **********
 PARAMETER    0  IS UNDEFINED. IGNORED.
 **********
 **   78 **FIX            1
 **********
 **********
 **   79 **FIX            2
 **********
 PARAMETER    2  IS CONSTANT.   IGNORED.
 **********
 **   80 **FIX            3
 **********
 **********
 **   81 **FIX            4
 **********
 **********
 **   82 **FIX            5
 **********
 PARAMETER    5  IS CONSTANT.   IGNORED.
 **********
 **   83 **FIX            6
 **********
 **********
 **   84 **FIX            7
 **********
 **********
 **   85 **FIX            8
 **********
 **********
 **   86 **FIX            9
 **********
 PARAMETER    9  IS CONSTANT.   IGNORED.
 **********
 **   87 **FIX           10
 **********
 PARAMETER   10  IS CONSTANT.   IGNORED.
 **********
 **   88 **FIX           11
 **********
 PARAMETER   11  IS CONSTANT.   IGNORED.
 **********
 **   89 **FIX           12
 **********
 PARAMETER   12  IS CONSTANT.   IGNORED.
 **********
 **   90 **FIX           16
 **********
 PARAMETER   16  IS CONSTANT.   IGNORED.
 **********
 **   91 **MIGRAD
 **********
 START MIGRAD MINIMIZATION.  STRATEGY  1.  CONVERGENCE WHEN EDM .LT. 1.00e-04
 FCN=390.886 FROM MIGRAD    STATUS=INITIATE       10 CALLS         832 TOTAL
                     EDM= unknown      STRATEGY= 1      NO ERROR MATRIX       
  EXT PARAMETER               CURRENT GUESS       STEP         FIRST   
  NO.   NAME      VALUE            ERROR          SIZE      DERIVATIVE 
   1  N0           3.11206e+06     fixed    
   2  tau          6.44114e+01   constant   
   3  A0           3.64287e-01     fixed    
   4  phi          4.11775e+00     fixed    
   5  R           -6.00079e+01   constant   
   6  A_CBO        4.86255e-04     fixed    
   7  w_CBO        2.32307e+00     fixed    
   8  phi_CBO      2.15304e+00     fixed    
   9  ANx2         3.40456e-04   constant   
  10  pNx2         3.19484e+00   constant   
  11  ANy1         0.00000e+00   constant   
  12  pNy1         0.00000e+00   constant   
  13  w_y          0.00000e+00   constant   
  14  ANy2         8.08033e-05   2.59177e-04   2.59177e-04   5.91706e+00
  15  pNy2         5.11372e+00   constant   
  16  w_vw         1.43155e+01   constant   
  17  LM           3.07992e-04   constant   
  18  wCBO_expCoeff   2.00011e+02   8.87421e-03   9.53727e-05   5.89967e-01
  19  wCBO_expOffset   1.99999e+02   1.05604e-03   9.53668e-05  -1.51840e+01
  20  wCBO_expT    3.00011e+01   1.25351e-03   1.43057e-05  -3.62642e+00
  21  wCBO_linCoeff   0.00000e+00   constant   
  22  wCBO_const   2.67500e-03   1.18400e-03   5.27470e-06  -2.61664e+00
 MIGRAD FAILS TO FIND IMPROVEMENT
 MIGRAD MINIMIZATION HAS CONVERGED.
 MIGRAD WILL VERIFY CONVERGENCE AND ERROR MATRIX.
 COVARIANCE MATRIX CALCULATED SUCCESSFULLY
 FCN=390.886 FROM MIGRAD    STATUS=CONVERGED      90 CALLS         912 TOTAL
                     EDM=2.53954e-05    STRATEGY= 1      ERROR MATRIX ACCURATE 
  EXT PARAMETER                                   STEP         FIRST   
  NO.   NAME      VALUE            ERROR          SIZE      DERIVATIVE 
   1  N0           3.11206e+06     fixed    
   2  tau          6.44114e+01   constant   
   3  A0           3.64287e-01     fixed    
   4  phi          4.11775e+00     fixed    
   5  R           -6.00079e+01   constant   
   6  A_CBO        4.86255e-04     fixed    
   7  w_CBO        2.32307e+00     fixed    
   8  phi_CBO      2.15304e+00     fixed    
   9  ANx2         3.40456e-04   constant   
  10  pNx2         3.19484e+00   constant   
  11  ANy1         0.00000e+00   constant   
  12  pNy1         0.00000e+00   constant   
  13  w_y          0.00000e+00   constant   
  14  ANy2         8.07866e-05   2.58064e-04   2.48934e-06   5.48551e+00
  15  pNy2         5.11372e+00   constant   
  16  w_vw         1.43155e+01   constant   
  17  LM           3.07992e-04   constant   
  18  wCBO_expCoeff   2.00011e+02   8.87326e-03   9.53727e-05   8.01823e-01
  19  wCBO_expOffset   1.99999e+02   1.05589e-03   9.53668e-05   5.14990e+00
  20  wCBO_expT    3.00011e+01   1.25360e-03   1.43057e-05  -2.18622e+00
  21  wCBO_linCoeff   0.00000e+00   constant   
  22  wCBO_const   2.67502e-03   1.18399e-03   5.27426e-06  -2.13243e+00
 EXTERNAL ERROR MATRIX.    NDIM=  25    NPAR=  5    ERR DEF=1
  6.660e-08  1.421e-08 -1.884e-09 -4.739e-09 -8.339e-10 
  1.421e-08  7.873e-05 -6.321e-06 -6.391e-06  2.437e-06 
 -1.884e-09 -6.321e-06  1.115e-06 -1.347e-07  3.494e-08 
 -4.739e-09 -6.391e-06 -1.347e-07  1.572e-06 -1.027e-06 
 -8.339e-10  2.437e-06  3.494e-08 -1.027e-06  1.402e-06 
 PARAMETER  CORRELATION COEFFICIENTS  
       NO.  GLOBAL     14     18     19     20     22
       14  0.06408   1.000  0.006 -0.007 -0.015 -0.003
       18  0.97373   0.006  1.000 -0.675 -0.575  0.232
       19  0.95770  -0.007 -0.675  1.000 -0.102  0.028
       20  0.97195  -0.015 -0.575 -0.102  1.000 -0.692
       22  0.88747  -0.003  0.232  0.028 -0.692  1.000
MINUIT - FIT ALTOGETHER
 **********
 **   92 **RES 
 **********
                   PARAMETER    8  phi_CBO RESTORED TO VARIABLE.
                   PARAMETER    7  w_CBO RESTORED TO VARIABLE.
                   PARAMETER    6  A_CBO RESTORED TO VARIABLE.
                   PARAMETER    4  phi RESTORED TO VARIABLE.
                   PARAMETER    3  A0 RESTORED TO VARIABLE.
                   PARAMETER    1  N0 RESTORED TO VARIABLE.
 **********
 **   93 **MIGRAD
 **********
