 + ++++++++++++++++++++++++++++++++++++++++++++++++++++++++++++++++++++ +
 +                                                                      +
 +           You have chose to blind your fitting according to          +
 +                omega_ref * (1 + (R +/- deltaR) *10^{-6})             +
 +                                                                      +
 + ++++++++++++++++++++++++++++++++++++++++++++++++++++++++++++++++++++ +
In main()...
reading format from /gm2data/zkhechad/run45/envelope/formats/formatB_sBin_constraintOn.txt
pBinTau 	= 0  
pBinPhi 	= 0  
constraintau 	= 1 
includeMopTerm 	= 0    
constrainMop    = 0   
Parameters after format file: pBinTau 0 pBinPhi 0 constraintau 1 includeMopTerm 0 constrainMop 0 c_e_scale 0.000000 
reading cbo reference file (full fit) from /gm2data/zkhechad/cboTemplates/Run4CBOTemplates/fullFits/run4/sBin_constraintOn_cE0.0_seed0_run4_calo20.root
A_CBO 0.007307 w_CBO 2.326921 phi_CBO 1.268494 N0 3181980.382925 R -61.000535 tau 64.408953 
Reading cboRef file /gm2data/zkhechad/cboTemplates/Run4CBOTemplates//cboIsolate/run4_calo20.root
deltaT 164.120000
windowBins = 1100
fitting sliding window 1400 from bin 1603 at 239.167600 to bin 2703 at 403.287600 (1100 bins)

Reading data from /gm2data/cornell/histograms/aMethod/histogram_a_run4.root
fitting cbo isolate
 **********
 **    1 **SET PRINTOUT            1
 **********
 **********
 **    2 **SET NOWARNINGS 
 **********
 PARAMETER DEFINITIONS:
    NO.   NAME         VALUE      STEP SIZE      LIMITS
     1 A_CBO        7.30680e-03  1.00000e-05     no limits
     2 w_CBO        2.32692e+00  1.00000e-02    2.00000e+00  3.00000e+00
     3 phi_CBO      1.26849e+00  1.00000e-02    0.00000e+00  6.28319e+00
 **********
 **    3 **MIGRAD
 **********
 FIRST CALL TO USER FUNCTION AT NEW START POINT, WITH IFLAG=4.
 START MIGRAD MINIMIZATION.  STRATEGY  1.  CONVERGENCE WHEN EDM .LT. 1.00e-04
 FCN=0.0413688 FROM MIGRAD    STATUS=INITIATE       12 CALLS          13 TOTAL
                     EDM= unknown      STRATEGY= 1      NO ERROR MATRIX       
  EXT PARAMETER               CURRENT GUESS       STEP         FIRST   
  NO.   NAME      VALUE            ERROR          SIZE      DERIVATIVE 
   1  A_CBO        7.30680e-03   1.00000e-05   1.00000e-05   5.61229e+00
   2  w_CBO        2.32692e+00   1.00000e-02   2.13202e-02   3.85553e-01
   3  phi_CBO      1.26849e+00   1.00000e-02   3.96494e-03  -5.70900e-03
 MIGRAD MINIMIZATION HAS CONVERGED.
 MIGRAD WILL VERIFY CONVERGENCE AND ERROR MATRIX.
 COVARIANCE MATRIX CALCULATED SUCCESSFULLY
 FCN=0.0270357 FROM MIGRAD    STATUS=CONVERGED      49 CALLS          50 TOTAL
                     EDM=9.20364e-05    STRATEGY= 1      ERROR MATRIX ACCURATE 
  EXT PARAMETER                                   STEP         FIRST   
  NO.   NAME      VALUE            ERROR          SIZE      DERIVATIVE 
   1  A_CBO        2.18943e-03   4.33776e-02   2.10873e-05  -5.22618e-02
   2  w_CBO        2.32666e+00   3.70554e-01   6.36005e-05   4.31162e-03
   3  phi_CBO      1.32326e+00   4.49454e+00   3.57033e-03   1.70629e-04
 EXTERNAL ERROR MATRIX.    NDIM=  25    NPAR=  3    ERR DEF=1
  1.882e-03 -3.479e-03 -1.109e+00 
 -3.479e-03  1.825e-01  5.751e+01 
 -1.109e+00  5.751e+01  1.849e+04 
 PARAMETER  CORRELATION COEFFICIENTS  
       NO.  GLOBAL      1      2      3
        1  0.18833   1.000 -0.188 -0.188
        2  0.98993  -0.188  1.000  0.990
        3  0.98993  -0.188  0.990  1.000
setting A_CBO=0.002189 w_CBO=2.326664, phi_CBO=1.323257
done fitting cbo isolate
 **********
 **    1 **SET PRINTOUT            1
 **********
 **********
 **    2 **SET NOWARNINGS 
 **********
 PARAMETER DEFINITIONS:
    NO.   NAME         VALUE      STEP SIZE      LIMITS
     1 N0           3.18198e+06  1.00000e+02     no limits
     2 tau          6.44090e+01  constant
     3 A0           3.64685e-01  1.00000e-04     no limits
     4 phi          4.11970e+00  1.00000e-02     no limits
     5 R           -6.10005e+01  constant
     6 A_CBO        2.18943e-03  1.00000e-05     no limits
     7 w_CBO        2.32666e+00  1.00000e-03     no limits
     8 phi_CBO      1.32326e+00  1.00000e-04     no limits
     9 ANx2         1.86992e-04  constant
    10 pNx2         5.81164e+00  constant
    11 ANy1         0.00000e+00  constant
    12 pNy1         0.00000e+00  constant
    13 w_y          0.00000e+00  constant
    14 ANy2         8.35747e-03  1.00000e-04     no limits
    15 pNy2         4.18605e+00  constant
    16 w_vw         1.43216e+01  constant
    17 LM           7.21641e-05  constant
    18 wCBO_expCoeff   2.00000e+02  1.00000e+00     no limits
    19 wCBO_expOffset   2.00000e+02  1.00000e+00     no limits
    20 wCBO_expT    3.00000e+01  1.00000e+00     no limits
    21 wCBO_linCoeff   0.00000e+00  constant
    22 wCBO_const   0.00000e+00  1.00000e-02     no limits
MINUIT - FIT ONLY WIGGLE
 **********
 **    3 **FIX            5
 **********
 PARAMETER    5  IS CONSTANT.   IGNORED.
 **********
 **    4 **FIX            6
 **********
 **********
 **    5 **FIX            7
 **********
 **********
 **    6 **FIX            8
 **********
 **********
 **    7 **FIX            9
 **********
 PARAMETER    9  IS CONSTANT.   IGNORED.
 **********
 **    8 **FIX           10
 **********
 PARAMETER   10  IS CONSTANT.   IGNORED.
 **********
 **    9 **FIX           11
 **********
 PARAMETER   11  IS CONSTANT.   IGNORED.
 **********
 **   10 **FIX           12
 **********
 PARAMETER   12  IS CONSTANT.   IGNORED.
 **********
 **   11 **FIX           13
 **********
 PARAMETER   13  IS CONSTANT.   IGNORED.
 **********
 **   12 **FIX           14
 **********
 **********
 **   13 **FIX           15
 **********
 PARAMETER   15  IS CONSTANT.   IGNORED.
 **********
 **   14 **FIX           16
 **********
 PARAMETER   16  IS CONSTANT.   IGNORED.
 **********
 **   15 **MIGRAD
 **********
 FIRST CALL TO USER FUNCTION AT NEW START POINT, WITH IFLAG=4.
 START MIGRAD MINIMIZATION.  STRATEGY  1.  CONVERGENCE WHEN EDM .LT. 1.00e-04
 FCN=1186.7 FROM MIGRAD    STATUS=INITIATE       34 CALLS          35 TOTAL
                     EDM= unknown      STRATEGY= 1      NO ERROR MATRIX       
  EXT PARAMETER               CURRENT GUESS       STEP         FIRST   
  NO.   NAME      VALUE            ERROR          SIZE      DERIVATIVE 
   1  N0           3.18198e+06   1.00000e+02   1.00000e+02   5.46774e-04
   2  tau          6.44090e+01   constant   
   3  A0           3.64685e-01   1.00000e-04   1.00000e-04  -2.67661e+03
   4  phi          4.11970e+00   1.00000e-02   1.00000e-02   7.76777e+02
   5  R           -6.10005e+01   constant   
   6  A_CBO        2.18943e-03     fixed    
   7  w_CBO        2.32666e+00     fixed    
   8  phi_CBO      1.32326e+00     fixed    
   9  ANx2         1.86992e-04   constant   
  10  pNx2         5.81164e+00   constant   
  11  ANy1         0.00000e+00   constant   
  12  pNy1         0.00000e+00   constant   
  13  w_y          0.00000e+00   constant   
  14  ANy2         8.35747e-03     fixed    
  15  pNy2         4.18605e+00   constant   
  16  w_vw         1.43216e+01   constant   
  17  LM           7.21641e-05   constant   
  18  wCBO_expCoeff   2.00000e+02   1.00000e+00   1.00000e+00  -1.52842e+03
  19  wCBO_expOffset   2.00000e+02   1.00000e+00   1.00000e+00  -1.01462e+04
  20  wCBO_expT    3.00000e+01   1.00000e+00   1.00000e+00  -2.16346e+04
  21  wCBO_linCoeff   0.00000e+00   constant   
  22  wCBO_const   0.00000e+00   1.00000e-02   1.00000e-02  -1.35228e+04
 MIGRAD MINIMIZATION HAS CONVERGED.
 FCN=1171.7 FROM MIGRAD    STATUS=CONVERGED     187 CALLS         188 TOTAL
                     EDM=5.45509e-07    STRATEGY= 1  ERROR MATRIX UNCERTAINTY   1.9 per cent
  EXT PARAMETER                                   STEP         FIRST   
  NO.   NAME      VALUE            ERROR          SIZE      DERIVATIVE 
   1  N0           3.18174e+06   6.75963e+02   6.24651e-01   3.99285e-07
   2  tau          6.44090e+01   constant   
   3  A0           3.64748e-01   2.80348e-04   7.22990e-08  -8.94304e-01
   4  phi          4.11926e+00   7.93816e-04  -7.18296e-07   3.37951e-01
   5  R           -6.10005e+01   constant   
   6  A_CBO        2.18943e-03     fixed    
   7  w_CBO        2.32666e+00     fixed    
   8  phi_CBO      1.32326e+00     fixed    
   9  ANx2         1.86992e-04   constant   
  10  pNx2         5.81164e+00   constant   
  11  ANy1         0.00000e+00   constant   
  12  pNy1         0.00000e+00   constant   
  13  w_y          0.00000e+00   constant   
  14  ANy2         8.35747e-03     fixed    
  15  pNy2         4.18605e+00   constant   
  16  w_vw         1.43216e+01   constant   
  17  LM           7.21641e-05   constant   
  18  wCBO_expCoeff   1.99983e+02   9.12818e-03   1.75372e-05   8.89282e-02
  19  wCBO_expOffset   1.99997e+02   1.33141e-03   2.33641e-06   1.38911e+00
  20  wCBO_expT    3.00043e+01   1.54655e-03  -3.53240e-06   1.38138e+00
  21  wCBO_linCoeff   0.00000e+00   constant   
  22  wCBO_const  -1.18075e-03   7.55464e-04   1.92717e-06   1.47861e+00
 EXTERNAL ERROR MATRIX.    NDIM=  25    NPAR=  7    ERR DEF=1
  4.569e+05  6.632e-03 -1.285e-02  3.781e-01  3.228e-02 -6.425e-02  1.206e-02 
  6.632e-03  7.859e-08  1.141e-09  1.436e-07  1.979e-08 -2.976e-08  1.046e-08 
 -1.285e-02  1.141e-09  6.301e-07  5.956e-08  3.521e-08 -6.306e-09 -1.055e-08 
  3.781e-01  1.436e-07  5.956e-08  8.332e-05  5.425e-06 -1.157e-05  3.616e-06 
  3.228e-02  1.979e-08  3.521e-08  5.425e-06  1.773e-06 -1.657e-06  4.905e-07 
 -6.425e-02 -2.976e-08 -6.306e-09 -1.157e-05 -1.657e-06  2.392e-06 -9.011e-07 
  1.206e-02  1.046e-08 -1.055e-08  3.616e-06  4.905e-07 -9.011e-07  5.707e-07 
 PARAMETER  CORRELATION COEFFICIENTS  
       NO.  GLOBAL      1      3      4     18     19     20     22
        1  0.09822   1.000  0.035 -0.024  0.061  0.036 -0.061  0.024
        3  0.07657   0.035  1.000  0.005  0.056  0.053 -0.069  0.049
        4  0.07660  -0.024  0.005  1.000  0.008  0.033 -0.005 -0.018
       18  0.94893   0.061  0.056  0.008  1.000  0.446 -0.819  0.524
       19  0.94763   0.036  0.053  0.033  0.446  1.000 -0.805  0.488
       20  0.98792  -0.061 -0.069 -0.005 -0.819 -0.805  1.000 -0.771
       22  0.90732   0.024  0.049 -0.018  0.524  0.488 -0.771  1.000
MINUIT - FIT ONLY 1-CBO + other amplitudes 
 **********
 **   16 **RES 
 **********
                   PARAMETER   14  ANy2 RESTORED TO VARIABLE.
                   PARAMETER    8  phi_CBO RESTORED TO VARIABLE.
                   PARAMETER    7  w_CBO RESTORED TO VARIABLE.
                   PARAMETER    6  A_CBO RESTORED TO VARIABLE.
 **********
 **   17 **FIX            0
 **********
 PARAMETER    0  IS UNDEFINED. IGNORED.
 **********
 **   18 **FIX            1
 **********
 **********
 **   19 **FIX            2
 **********
 PARAMETER    2  IS CONSTANT.   IGNORED.
 **********
 **   20 **FIX            3
 **********
 **********
 **   21 **FIX            4
 **********
 **********
 **   22 **FIX            9
 **********
 PARAMETER    9  IS CONSTANT.   IGNORED.
 **********
 **   23 **FIX           11
 **********
 PARAMETER   11  IS CONSTANT.   IGNORED.
 **********
 **   24 **FIX           12
 **********
 PARAMETER   12  IS CONSTANT.   IGNORED.
 **********
 **   25 **FIX           14
 **********
 **********
 **   26 **FIX           15
 **********
 PARAMETER   15  IS CONSTANT.   IGNORED.
 **********
 **   27 **FIX           16
 **********
 PARAMETER   16  IS CONSTANT.   IGNORED.
 **********
 **   28 **MIGRAD
 **********
 START MIGRAD MINIMIZATION.  STRATEGY  1.  CONVERGENCE WHEN EDM .LT. 1.00e-04
 FCN=1171.7 FROM MIGRAD    STATUS=INITIATE       22 CALLS         210 TOTAL
                     EDM= unknown      STRATEGY= 1      NO ERROR MATRIX       
  EXT PARAMETER               CURRENT GUESS       STEP         FIRST   
  NO.   NAME      VALUE            ERROR          SIZE      DERIVATIVE 
   1  N0           3.18174e+06     fixed    
   2  tau          6.44090e+01   constant   
   3  A0           3.64748e-01     fixed    
   4  phi          4.11926e+00     fixed    
   5  R           -6.10005e+01   constant   
   6  A_CBO        2.18943e-03   1.00000e-05   1.00000e-05   3.59790e+04
   7  w_CBO        2.32666e+00   1.00000e-03   1.00000e-03   8.30520e+00
   8  phi_CBO      1.32326e+00   1.00000e-04   1.00000e-04  -1.32023e+00
   9  ANx2         1.86992e-04   constant   
  10  pNx2         5.81164e+00   constant   
  11  ANy1         0.00000e+00   constant   
  12  pNy1         0.00000e+00   constant   
  13  w_y          0.00000e+00   constant   
  14  ANy2         8.35747e-03     fixed    
  15  pNy2         4.18605e+00   constant   
  16  w_vw         1.43216e+01   constant   
  17  LM           7.21641e-05   constant   
  18  wCBO_expCoeff   1.99983e+02   9.12818e-03   1.75372e-05   8.89282e-02
  19  wCBO_expOffset   1.99997e+02   1.33141e-03   2.33641e-06   1.38911e+00
  20  wCBO_expT    3.00043e+01   1.54655e-03  -3.53240e-06   1.38138e+00
  21  wCBO_linCoeff   0.00000e+00   constant   
  22  wCBO_const  -1.18075e-03   7.55464e-04   1.92717e-06   1.47861e+00
 MIGRAD MINIMIZATION HAS CONVERGED.
 MIGRAD WILL VERIFY CONVERGENCE AND ERROR MATRIX.
 COVARIANCE MATRIX CALCULATED SUCCESSFULLY
 FCN=1142.56 FROM MIGRAD    STATUS=CONVERGED     189 CALLS         377 TOTAL
                     EDM=3.87629e-06    STRATEGY= 1      ERROR MATRIX ACCURATE 
  EXT PARAMETER                                   STEP         FIRST   
  NO.   NAME      VALUE            ERROR          SIZE      DERIVATIVE 
   1  N0           3.18174e+06     fixed    
   2  tau          6.44090e+01   constant   
   3  A0           3.64748e-01     fixed    
   4  phi          4.11926e+00     fixed    
   5  R           -6.10005e+01   constant   
   6  A_CBO        5.76481e-04   3.00559e-04   4.94102e-06   9.97848e-01
   7  w_CBO        2.32665e+00   2.90800e-03   1.10943e-06   3.54353e+01
   8  phi_CBO      1.45492e+00   6.57618e-01   8.54433e-03   4.64284e-04
   9  ANx2         1.86992e-04   constant   
  10  pNx2         5.81164e+00   constant   
  11  ANy1         0.00000e+00   constant   
  12  pNy1         0.00000e+00   constant   
  13  w_y          0.00000e+00   constant   
  14  ANy2         8.35747e-03     fixed    
  15  pNy2         4.18605e+00   constant   
  16  w_vw         1.43216e+01   constant   
  17  LM           7.21641e-05   constant   
  18  wCBO_expCoeff   1.99981e+02   2.51566e-01   9.53583e-05   4.17853e-01
  19  wCBO_expOffset   1.99997e+02   6.44580e-03   9.53660e-05   2.82045e+00
  20  wCBO_expT    3.00048e+01   1.98007e-03   1.43074e-05   3.23981e+00
  21  wCBO_linCoeff   0.00000e+00   constant   
  22  wCBO_const  -1.10440e-03   1.58905e-03   7.08935e-06  -1.11958e+00
 EXTERNAL ERROR MATRIX.    NDIM=  25    NPAR=  7    ERR DEF=1
  9.034e-08  1.836e-09  1.915e-06  1.088e-06 -1.477e-07 -3.045e-08  1.249e-08 
  1.836e-09  8.456e-06 -1.996e-05 -7.188e-04 -9.536e-07 -1.781e-07 -3.584e-06 
  1.915e-06 -1.996e-05  4.325e-01 -2.660e-03  8.062e-05  3.600e-04  1.305e-04 
  1.088e-06 -7.188e-04 -2.660e-03  6.329e-02 -1.958e-04 -2.122e-05  3.141e-04 
 -1.477e-07 -9.536e-07  8.062e-05 -1.958e-04  4.155e-05  2.511e-07  2.973e-07 
 -3.045e-08 -1.781e-07  3.600e-04 -2.122e-05  2.511e-07  3.921e-06 -1.228e-06 
  1.249e-08 -3.584e-06  1.305e-04  3.141e-04  2.973e-07 -1.228e-06  2.525e-06 
 PARAMETER  CORRELATION COEFFICIENTS  
       NO.  GLOBAL      6      7      8     18     19     20     22
        6  0.09473   1.000  0.002  0.010  0.014 -0.076 -0.051  0.026
        7  0.99992   0.002  1.000 -0.010 -0.983 -0.051 -0.031 -0.776
        8  0.61240   0.010 -0.010  1.000 -0.016  0.019  0.276  0.125
       18  0.99991   0.014 -0.983 -0.016  1.000 -0.121 -0.043  0.786
       19  0.99703  -0.076 -0.051  0.019 -0.121  1.000  0.020  0.029
       20  0.98903  -0.051 -0.031  0.276 -0.043  0.020  1.000 -0.390
       22  0.96280   0.026 -0.776  0.125  0.786  0.029 -0.390  1.000
MINUIT - FIT ONLY 1-CBO
 **********
 **   29 **RES 
 **********
                   PARAMETER   14  ANy2 RESTORED TO VARIABLE.
                   PARAMETER    4  phi RESTORED TO VARIABLE.
                   PARAMETER    3  A0 RESTORED TO VARIABLE.
                   PARAMETER    1  N0 RESTORED TO VARIABLE.
 **********
 **   30 **FIX            0
 **********
 PARAMETER    0  IS UNDEFINED. IGNORED.
 **********
 **   31 **FIX            1
 **********
 **********
 **   32 **FIX            2
 **********
 PARAMETER    2  IS CONSTANT.   IGNORED.
 **********
 **   33 **FIX            3
 **********
 **********
 **   34 **FIX            4
 **********
 **********
 **   35 **FIX            8
 **********
 **********
 **   36 **FIX            9
 **********
 PARAMETER    9  IS CONSTANT.   IGNORED.
 **********
 **   37 **FIX           11
 **********
 PARAMETER   11  IS CONSTANT.   IGNORED.
 **********
 **   38 **FIX           12
 **********
 PARAMETER   12  IS CONSTANT.   IGNORED.
 **********
 **   39 **FIX           13
 **********
 PARAMETER   13  IS CONSTANT.   IGNORED.
 **********
 **   40 **FIX           15
 **********
 PARAMETER   15  IS CONSTANT.   IGNORED.
 **********
 **   41 **FIX           16
 **********
 PARAMETER   16  IS CONSTANT.   IGNORED.
 **********
 **   42 **MIGRAD
 **********
 START MIGRAD MINIMIZATION.  STRATEGY  1.  CONVERGENCE WHEN EDM .LT. 1.00e-04
 FCN=1142.56 FROM MIGRAD    STATUS=INITIATE       16 CALLS         393 TOTAL
                     EDM= unknown      STRATEGY= 1      NO ERROR MATRIX       
  EXT PARAMETER               CURRENT GUESS       STEP         FIRST   
  NO.   NAME      VALUE            ERROR          SIZE      DERIVATIVE 
   1  N0           3.18174e+06     fixed    
   2  tau          6.44090e+01   constant   
   3  A0           3.64748e-01     fixed    
   4  phi          4.11926e+00     fixed    
   5  R           -6.10005e+01   constant   
   6  A_CBO        5.76481e-04   3.00559e-04   4.94102e-06   9.97848e-01
   7  w_CBO        2.32665e+00   2.90800e-03   1.10943e-06   3.54678e+01
   8  phi_CBO      1.45492e+00     fixed    
   9  ANx2         1.86992e-04   constant   
  10  pNx2         5.81164e+00   constant   
  11  ANy1         0.00000e+00   constant   
  12  pNy1         0.00000e+00   constant   
  13  w_y          0.00000e+00   constant   
  14  ANy2         8.35747e-03   1.00000e-04   1.00000e-04   1.85457e+05
  15  pNy2         4.18605e+00   constant   
  16  w_vw         1.43216e+01   constant   
  17  LM           7.21641e-05   constant   
  18  wCBO_expCoeff   1.99981e+02   2.51566e-01   9.53583e-05   4.18219e-01
  19  wCBO_expOffset   1.99997e+02   6.44580e-03   9.53660e-05   2.92747e+00
  20  wCBO_expT    3.00048e+01   1.98007e-03   1.43074e-05   3.23317e+00
  21  wCBO_linCoeff   0.00000e+00   constant   
  22  wCBO_const  -1.10440e-03   1.58905e-03   7.08935e-06  -1.12387e+00
 MIGRAD MINIMIZATION HAS CONVERGED.
 MIGRAD WILL VERIFY CONVERGENCE AND ERROR MATRIX.
 FCN=363.346 FROM MIGRAD    STATUS=CONVERGED     216 CALLS         593 TOTAL
                     EDM=1.00301e-06    STRATEGY= 1      ERR MATRIX NOT POS-DEF
  EXT PARAMETER                APPROXIMATE        STEP         FIRST   
  NO.   NAME      VALUE            ERROR          SIZE      DERIVATIVE 
   1  N0           3.18174e+06     fixed    
   2  tau          6.44090e+01   constant   
   3  A0           3.64748e-01     fixed    
   4  phi          4.11926e+00     fixed    
   5  R           -6.10005e+01   constant   
   6  A_CBO       -2.98083e-04   3.17254e-04   2.78049e-06   9.50011e-03
   7  w_CBO        2.32651e+00   4.61203e-04   1.10937e-06  -2.01413e+01
   8  phi_CBO      1.45492e+00     fixed    
   9  ANx2         1.86992e-04   constant   
  10  pNx2         5.81164e+00   constant   
  11  ANy1         0.00000e+00   constant   
  12  pNy1         0.00000e+00   constant   
  13  w_y          0.00000e+00   constant   
  14  ANy2        -6.15817e-05   2.99272e-04   2.79351e-06   1.22104e+00
  15  pNy2         4.18605e+00   constant   
  16  w_vw         1.43216e+01   constant   
  17  LM           7.21641e-05   constant   
  18  wCBO_expCoeff   1.99969e+02   4.05776e-02   9.53527e-05  -2.28873e-01
  19  wCBO_expOffset   1.99995e+02   8.20246e-03   9.53652e-05  -1.51954e+00
  20  wCBO_expT    3.00085e+01   2.69710e-03   1.43092e-05  -2.00713e+00
  21  wCBO_linCoeff   0.00000e+00   constant   
  22  wCBO_const  -1.88833e-03   1.46940e-03   6.86324e-06  -1.10508e+00
 EXTERNAL ERROR MATRIX.    NDIM=  25    NPAR=  7    ERR DEF=1
  1.006e-07 -9.380e-09  9.142e-09 -8.890e-07  5.822e-07 -2.404e-07  1.011e-07 
 -9.380e-09  2.127e-07 -1.026e-09 -2.163e-06 -2.211e-06 -1.408e-07 -6.616e-08 
  9.142e-09 -1.026e-09  8.956e-08 -9.756e-08  8.916e-08 -4.215e-08  9.110e-09 
 -8.890e-07 -2.163e-06 -9.756e-08  1.647e-03 -2.010e-04 -1.216e-05  2.721e-06 
  5.822e-07 -2.211e-06  8.916e-08 -2.010e-04  6.728e-05 -6.002e-06  2.188e-06 
 -2.404e-07 -1.408e-07 -4.215e-08 -1.216e-05 -6.002e-06  7.274e-06 -2.131e-06 
  1.011e-07 -6.616e-08  9.110e-09  2.721e-06  2.188e-06 -2.131e-06  2.159e-06 
ERR MATRIX NOT POS-DEF
 PARAMETER  CORRELATION COEFFICIENTS  
       NO.  GLOBAL      6      7     14     18     19     20     22
        6  0.35758   1.000 -0.064  0.096 -0.069  0.224 -0.281  0.217
        7  0.99395  -0.064  1.000 -0.007 -0.116 -0.585 -0.113 -0.098
       14  0.10154   0.096 -0.007  1.000 -0.008  0.036 -0.052  0.021
       18  0.99394  -0.069 -0.116 -0.008  1.000 -0.604 -0.111  0.046
       19  0.99666   0.224 -0.585  0.036 -0.604  1.000 -0.271  0.182
       20  0.98729  -0.281 -0.113 -0.052 -0.111 -0.271  1.000 -0.538
       22  0.86658   0.217 -0.098  0.021  0.046  0.182 -0.538  1.000
 ERR MATRIX NOT POS-DEF
MINUIT - FIT ONLY 2-CBO
 **********
 **   43 **RES 
 **********
                   PARAMETER    8  phi_CBO RESTORED TO VARIABLE.
                   PARAMETER    4  phi RESTORED TO VARIABLE.
                   PARAMETER    3  A0 RESTORED TO VARIABLE.
                   PARAMETER    1  N0 RESTORED TO VARIABLE.
 **********
 **   44 **FIX            0
 **********
 PARAMETER    0  IS UNDEFINED. IGNORED.
 **********
 **   45 **FIX            1
 **********
 **********
 **   46 **FIX            2
 **********
 PARAMETER    2  IS CONSTANT.   IGNORED.
 **********
 **   47 **FIX            3
 **********
 **********
 **   48 **FIX            4
 **********
 **********
 **   49 **FIX            5
 **********
 PARAMETER    5  IS CONSTANT.   IGNORED.
 **********
 **   50 **FIX            6
 **********
 **********
 **   51 **FIX            7
 **********
 **********
 **   52 **FIX           10
 **********
 PARAMETER   10  IS CONSTANT.   IGNORED.
 **********
 **   53 **FIX           11
 **********
 PARAMETER   11  IS CONSTANT.   IGNORED.
 **********
 **   54 **FIX           12
 **********
 PARAMETER   12  IS CONSTANT.   IGNORED.
 **********
 **   55 **FIX           13
 **********
 PARAMETER   13  IS CONSTANT.   IGNORED.
 **********
 **   56 **FIX           14
 **********
 **********
 **   57 **FIX           15
 **********
 PARAMETER   15  IS CONSTANT.   IGNORED.
 **********
 **   58 **FIX           16
 **********
 PARAMETER   16  IS CONSTANT.   IGNORED.
 **********
 **   59 **MIGRAD
 **********
 START MIGRAD MINIMIZATION.  STRATEGY  1.  CONVERGENCE WHEN EDM .LT. 1.00e-04
 FCN=363.346 FROM MIGRAD    STATUS=INITIATE       12 CALLS         605 TOTAL
                     EDM= unknown      STRATEGY= 1      NO ERROR MATRIX       
  EXT PARAMETER               CURRENT GUESS       STEP         FIRST   
  NO.   NAME      VALUE            ERROR          SIZE      DERIVATIVE 
   1  N0           3.18174e+06     fixed    
   2  tau          6.44090e+01   constant   
   3  A0           3.64748e-01     fixed    
   4  phi          4.11926e+00     fixed    
   5  R           -6.10005e+01   constant   
   6  A_CBO       -2.98083e-04     fixed    
   7  w_CBO        2.32651e+00     fixed    
   8  phi_CBO      1.45492e+00   6.57618e-01   6.57618e-01  -3.80767e-01
   9  ANx2         1.86992e-04   constant   
  10  pNx2         5.81164e+00   constant   
  11  ANy1         0.00000e+00   constant   
  12  pNy1         0.00000e+00   constant   
  13  w_y          0.00000e+00   constant   
  14  ANy2        -6.15817e-05     fixed    
  15  pNy2         4.18605e+00   constant   
  16  w_vw         1.43216e+01   constant   
  17  LM           7.21641e-05   constant   
  18  wCBO_expCoeff   1.99969e+02   4.05776e-02   9.53527e-05  -2.25622e-01
  19  wCBO_expOffset   1.99995e+02   8.20246e-03   9.53652e-05  -2.51529e-01
  20  wCBO_expT    3.00085e+01   2.69710e-03   1.43092e-05  -1.95942e+00
  21  wCBO_linCoeff   0.00000e+00   constant   
  22  wCBO_const  -1.88833e-03   1.46940e-03   6.86324e-06  -1.09640e+00
 MIGRAD MINIMIZATION HAS CONVERGED.
 MIGRAD WILL VERIFY CONVERGENCE AND ERROR MATRIX.
 FCN=363.29 FROM MIGRAD    STATUS=CONVERGED     122 CALLS         715 TOTAL
                     EDM=4.97288e-07    STRATEGY= 1      ERR MATRIX NOT POS-DEF
  EXT PARAMETER                APPROXIMATE        STEP         FIRST   
  NO.   NAME      VALUE            ERROR          SIZE      DERIVATIVE 
   1  N0           3.18174e+06     fixed    
   2  tau          6.44090e+01   constant   
   3  A0           3.64748e-01     fixed    
   4  phi          4.11926e+00     fixed    
   5  R           -6.10005e+01   constant   
   6  A_CBO       -2.98083e-04     fixed    
   7  w_CBO        2.32651e+00     fixed    
   8  phi_CBO      1.74023e+00   1.17027e+00   9.09840e-03   2.56125e-05
   9  ANx2         1.86992e-04   constant   
  10  pNx2         5.81164e+00   constant   
  11  ANy1         0.00000e+00   constant   
  12  pNy1         0.00000e+00   constant   
  13  w_y          0.00000e+00   constant   
  14  ANy2        -6.15817e-05     fixed    
  15  pNy2         4.18605e+00   constant   
  16  w_vw         1.43216e+01   constant   
  17  LM           7.21641e-05   constant   
  18  wCBO_expCoeff   1.99968e+02   5.22866e-02   9.53521e-05  -1.74057e-02
  19  wCBO_expOffset   1.99995e+02   7.46583e-03   9.53651e-05  -1.10549e-01
  20  wCBO_expT    3.00088e+01   2.98011e-03   1.43093e-05   2.20487e-01
  21  wCBO_linCoeff   0.00000e+00   constant   
  22  wCBO_const  -1.93946e-03   1.53887e-03   6.91125e-06   2.06350e-01
 EXTERNAL ERROR MATRIX.    NDIM=  25    NPAR=  5    ERR DEF=1
  1.370e+00 -1.912e-03 -5.289e-04  8.398e-04 -1.168e-05 
 -1.912e-03  2.734e-03 -3.373e-04 -5.255e-05  1.109e-05 
 -5.289e-04 -3.373e-04  5.574e-05 -3.558e-06  5.745e-07 
  8.398e-04 -5.255e-05 -3.558e-06  8.881e-06 -2.587e-06 
 -1.168e-05  1.109e-05  5.745e-07 -2.587e-06  2.368e-06 
ERR MATRIX NOT POS-DEF
 PARAMETER  CORRELATION COEFFICIENTS  
       NO.  GLOBAL      8     18     19     20     22
        8  0.55444   1.000 -0.031 -0.061  0.241 -0.006
       18  0.99640  -0.031  1.000 -0.864 -0.337  0.138
       19  0.99601  -0.061 -0.864  1.000 -0.160  0.050
       20  0.98965   0.241 -0.337 -0.160  1.000 -0.564
       22  0.87680  -0.006  0.138  0.050 -0.564  1.000
 ERR MATRIX NOT POS-DEF
MINUIT - FIT ONLY 1-y
 **********
 **   60 **RES 
 **********
                   PARAMETER   14  ANy2 RESTORED TO VARIABLE.
                   PARAMETER    7  w_CBO RESTORED TO VARIABLE.
                   PARAMETER    6  A_CBO RESTORED TO VARIABLE.
                   PARAMETER    4  phi RESTORED TO VARIABLE.
                   PARAMETER    3  A0 RESTORED TO VARIABLE.
                   PARAMETER    1  N0 RESTORED TO VARIABLE.
 **********
 **   61 **FIX            0
 **********
 PARAMETER    0  IS UNDEFINED. IGNORED.
 **********
 **   62 **FIX            1
 **********
 **********
 **   63 **FIX            2
 **********
 PARAMETER    2  IS CONSTANT.   IGNORED.
 **********
 **   64 **FIX            3
 **********
 **********
 **   65 **FIX            4
 **********
 **********
 **   66 **FIX            5
 **********
 PARAMETER    5  IS CONSTANT.   IGNORED.
 **********
 **   67 **FIX            6
 **********
 **********
 **   68 **FIX            7
 **********
 **********
 **   69 **FIX            8
 **********
 **********
 **   70 **FIX            9
 **********
 PARAMETER    9  IS CONSTANT.   IGNORED.
 **********
 **   71 **FIX           13
 **********
 PARAMETER   13  IS CONSTANT.   IGNORED.
 **********
 **   72 **FIX           14
 **********
 **********
 **   73 **FIX           15
 **********
 PARAMETER   15  IS CONSTANT.   IGNORED.
 **********
 **   74 **FIX           16
 **********
 PARAMETER   16  IS CONSTANT.   IGNORED.
 **********
 **   75 **MIGRAD
 **********
 START MIGRAD MINIMIZATION.  STRATEGY  1.  CONVERGENCE WHEN EDM .LT. 1.00e-04
 FCN=363.29 FROM MIGRAD    STATUS=INITIATE        8 CALLS         723 TOTAL
                     EDM= unknown      STRATEGY= 1      NO ERROR MATRIX       
  EXT PARAMETER               CURRENT GUESS       STEP         FIRST   
  NO.   NAME      VALUE            ERROR          SIZE      DERIVATIVE 
   1  N0           3.18174e+06     fixed    
   2  tau          6.44090e+01   constant   
   3  A0           3.64748e-01     fixed    
   4  phi          4.11926e+00     fixed    
   5  R           -6.10005e+01   constant   
   6  A_CBO       -2.98083e-04     fixed    
   7  w_CBO        2.32651e+00     fixed    
   8  phi_CBO      1.74023e+00     fixed    
   9  ANx2         1.86992e-04   constant   
  10  pNx2         5.81164e+00   constant   
  11  ANy1         0.00000e+00   constant   
  12  pNy1         0.00000e+00   constant   
  13  w_y          0.00000e+00   constant   
  14  ANy2        -6.15817e-05     fixed    
  15  pNy2         4.18605e+00   constant   
  16  w_vw         1.43216e+01   constant   
  17  LM           7.21641e-05   constant   
  18  wCBO_expCoeff   1.99968e+02   5.22866e-02   9.53521e-05  -1.55481e-02
  19  wCBO_expOffset   1.99995e+02   7.46583e-03   9.53651e-05   4.37941e-01
  20  wCBO_expT    3.00088e+01   2.98011e-03   1.43093e-05   2.20494e-01
  21  wCBO_linCoeff   0.00000e+00   constant   
  22  wCBO_const  -1.93946e-03   1.53887e-03   6.91125e-06   2.13896e-01
 MIGRAD MINIMIZATION HAS CONVERGED.
 MIGRAD WILL VERIFY CONVERGENCE AND ERROR MATRIX.
 FCN=363.29 FROM MIGRAD    STATUS=CONVERGED      47 CALLS         762 TOTAL
                     EDM=4.71049e-07    STRATEGY= 1      ERR MATRIX NOT POS-DEF
  EXT PARAMETER                APPROXIMATE        STEP         FIRST   
  NO.   NAME      VALUE            ERROR          SIZE      DERIVATIVE 
   1  N0           3.18174e+06     fixed    
   2  tau          6.44090e+01   constant   
   3  A0           3.64748e-01     fixed    
   4  phi          4.11926e+00     fixed    
   5  R           -6.10005e+01   constant   
   6  A_CBO       -2.98083e-04     fixed    
   7  w_CBO        2.32651e+00     fixed    
   8  phi_CBO      1.74023e+00     fixed    
   9  ANx2         1.86992e-04   constant   
  10  pNx2         5.81164e+00   constant   
  11  ANy1         0.00000e+00   constant   
  12  pNy1         0.00000e+00   constant   
  13  w_y          0.00000e+00   constant   
  14  ANy2        -6.15817e-05     fixed    
  15  pNy2         4.18605e+00   constant   
  16  w_vw         1.43216e+01   constant   
  17  LM           7.21641e-05   constant   
  18  wCBO_expCoeff   1.99968e+02   5.44387e-02   9.53521e-05  -2.50197e-02
  19  wCBO_expOffset   1.99995e+02   7.75286e-03   9.53651e-05  -1.61287e-01
  20  wCBO_expT    3.00088e+01   2.92433e-03   1.43093e-05   1.40390e-01
  21  wCBO_linCoeff   0.00000e+00   constant   
  22  wCBO_const  -1.93946e-03   1.54465e-03   6.91385e-06   1.63201e-01
 EXTERNAL ERROR MATRIX.    NDIM=  25    NPAR=  4    ERR DEF=1
  2.964e-03 -3.696e-04 -5.385e-05  1.173e-05 
 -3.696e-04  6.011e-05 -3.110e-06  5.424e-07 
 -5.385e-05 -3.110e-06  8.552e-06 -2.634e-06 
  1.173e-05  5.424e-07 -2.634e-06  2.386e-06 
ERR MATRIX NOT POS-DEF
 PARAMETER  CORRELATION COEFFICIENTS  
       NO.  GLOBAL     18     19     20     22
       18  0.99667   1.000 -0.876 -0.338  0.139
       19  0.99630  -0.876  1.000 -0.137  0.045
       20  0.98925  -0.338 -0.137  1.000 -0.583
       22  0.87774   0.139  0.045 -0.583  1.000
 ERR MATRIX NOT POS-DEF
MINUIT - FIT ONLY 2-y
 **********
 **   76 **RES 
 **********
                   PARAMETER   14  ANy2 RESTORED TO VARIABLE.
                   PARAMETER    8  phi_CBO RESTORED TO VARIABLE.
                   PARAMETER    7  w_CBO RESTORED TO VARIABLE.
                   PARAMETER    6  A_CBO RESTORED TO VARIABLE.
                   PARAMETER    4  phi RESTORED TO VARIABLE.
                   PARAMETER    3  A0 RESTORED TO VARIABLE.
                   PARAMETER    1  N0 RESTORED TO VARIABLE.
 **********
 **   77 **FIX            0
 **********
 PARAMETER    0  IS UNDEFINED. IGNORED.
 **********
 **   78 **FIX            1
 **********
 **********
 **   79 **FIX            2
 **********
 PARAMETER    2  IS CONSTANT.   IGNORED.
 **********
 **   80 **FIX            3
 **********
 **********
 **   81 **FIX            4
 **********
 **********
 **   82 **FIX            5
 **********
 PARAMETER    5  IS CONSTANT.   IGNORED.
 **********
 **   83 **FIX            6
 **********
 **********
 **   84 **FIX            7
 **********
 **********
 **   85 **FIX            8
 **********
 **********
 **   86 **FIX            9
 **********
 PARAMETER    9  IS CONSTANT.   IGNORED.
 **********
 **   87 **FIX           10
 **********
 PARAMETER   10  IS CONSTANT.   IGNORED.
 **********
 **   88 **FIX           11
 **********
 PARAMETER   11  IS CONSTANT.   IGNORED.
 **********
 **   89 **FIX           12
 **********
 PARAMETER   12  IS CONSTANT.   IGNORED.
 **********
 **   90 **FIX           16
 **********
 PARAMETER   16  IS CONSTANT.   IGNORED.
 **********
 **   91 **MIGRAD
 **********
 START MIGRAD MINIMIZATION.  STRATEGY  1.  CONVERGENCE WHEN EDM .LT. 1.00e-04
 FCN=363.29 FROM MIGRAD    STATUS=INITIATE       10 CALLS         772 TOTAL
                     EDM= unknown      STRATEGY= 1      NO ERROR MATRIX       
  EXT PARAMETER               CURRENT GUESS       STEP         FIRST   
  NO.   NAME      VALUE            ERROR          SIZE      DERIVATIVE 
   1  N0           3.18174e+06     fixed    
   2  tau          6.44090e+01   constant   
   3  A0           3.64748e-01     fixed    
   4  phi          4.11926e+00     fixed    
   5  R           -6.10005e+01   constant   
   6  A_CBO       -2.98083e-04     fixed    
   7  w_CBO        2.32651e+00     fixed    
   8  phi_CBO      1.74023e+00     fixed    
   9  ANx2         1.86992e-04   constant   
  10  pNx2         5.81164e+00   constant   
  11  ANy1         0.00000e+00   constant   
  12  pNy1         0.00000e+00   constant   
  13  w_y          0.00000e+00   constant   
  14  ANy2        -6.15817e-05   2.99272e-04   2.99272e-04   7.27214e+01
  15  pNy2         4.18605e+00   constant   
  16  w_vw         1.43216e+01   constant   
  17  LM           7.21641e-05   constant   
  18  wCBO_expCoeff   1.99968e+02   5.44387e-02   9.53521e-05  -2.31620e-02
  19  wCBO_expOffset   1.99995e+02   7.75286e-03   9.53651e-05   3.87372e-01
  20  wCBO_expT    3.00088e+01   2.92433e-03   1.43093e-05   1.40405e-01
  21  wCBO_linCoeff   0.00000e+00   constant   
  22  wCBO_const  -1.93946e-03   1.54465e-03   6.91385e-06   1.70745e-01
 MIGRAD MINIMIZATION HAS CONVERGED.
 MIGRAD WILL VERIFY CONVERGENCE AND ERROR MATRIX.
 FCN=363.29 FROM MIGRAD    STATUS=CONVERGED      54 CALLS         816 TOTAL
                     EDM=1.91245e-07    STRATEGY= 1      ERR MATRIX NOT POS-DEF
  EXT PARAMETER                APPROXIMATE        STEP         FIRST   
  NO.   NAME      VALUE            ERROR          SIZE      DERIVATIVE 
   1  N0           3.18174e+06     fixed    
   2  tau          6.44090e+01   constant   
   3  A0           3.64748e-01     fixed    
   4  phi          4.11926e+00     fixed    
   5  R           -6.10005e+01   constant   
   6  A_CBO       -2.98083e-04     fixed    
   7  w_CBO        2.32651e+00     fixed    
   8  phi_CBO      1.74023e+00     fixed    
   9  ANx2         1.86992e-04   constant   
  10  pNx2         5.81164e+00   constant   
  11  ANy1         0.00000e+00   constant   
  12  pNy1         0.00000e+00   constant   
  13  w_y          0.00000e+00   constant   
  14  ANy2        -6.48481e-05   2.99244e-04   2.79328e-06  -1.16975e-02
  15  pNy2         4.18605e+00   constant   
  16  w_vw         1.43216e+01   constant   
  17  LM           7.21641e-05   constant   
  18  wCBO_expCoeff   1.99968e+02   5.44312e-02   9.53521e-05  -1.16130e-01
  19  wCBO_expOffset   1.99995e+02   7.75334e-03   9.53651e-05  -7.71412e-01
  20  wCBO_expT    3.00088e+01   2.92548e-03   1.43093e-05  -1.16664e+00
  21  wCBO_linCoeff   0.00000e+00   constant   
  22  wCBO_const  -1.93951e-03   1.54466e-03   6.91385e-06  -7.61574e-01
 EXTERNAL ERROR MATRIX.    NDIM=  25    NPAR=  5    ERR DEF=1
  8.955e-08  4.751e-08  3.265e-08 -2.583e-08 -1.197e-09 
  4.751e-08  2.963e-03 -3.695e-04 -5.383e-05  1.173e-05 
  3.265e-08 -3.695e-04  6.011e-05 -3.123e-06  5.427e-07 
 -2.583e-08 -5.383e-05 -3.123e-06  8.558e-06 -2.634e-06 
 -1.197e-09  1.173e-05  5.427e-07 -2.634e-06  2.386e-06 
ERR MATRIX NOT POS-DEF
 PARAMETER  CORRELATION COEFFICIENTS  
       NO.  GLOBAL     14     18     19     20     22
       14  0.03952   1.000  0.003  0.014 -0.030 -0.003
       18  0.99667   0.003  1.000 -0.876 -0.338  0.139
       19  0.99630   0.014 -0.876  1.000 -0.138  0.045
       20  0.98926  -0.030 -0.338 -0.138  1.000 -0.583
       22  0.87777  -0.003  0.139  0.045 -0.583  1.000
 ERR MATRIX NOT POS-DEF
MINUIT - FIT ALTOGETHER
 **********
 **   92 **RES 
 **********
                   PARAMETER    8  phi_CBO RESTORED TO VARIABLE.
                   PARAMETER    7  w_CBO RESTORED TO VARIABLE.
                   PARAMETER    6  A_CBO RESTORED TO VARIABLE.
                   PARAMETER    4  phi RESTORED TO VARIABLE.
                   PARAMETER    3  A0 RESTORED TO VARIABLE.
                   PARAMETER    1  N0 RESTORED TO VARIABLE.
 **********
 **   93 **MIGRAD
 **********
 START MIGRAD MINIMIZATION.  STRATEGY  1.  CONVERGENCE WHEN EDM .LT. 1.00e-04
 FCN=363.29 FROM MIGRAD    STATUS=INITIATE       22 CALLS         838 TOTAL
                     EDM= unknown      STRATEGY= 1      NO ERROR MATRIX       
  EXT PARAMETER               CURRENT GUESS       STEP         FIRST   
  NO.   NAME      VALUE            ERROR          SIZE      DERIVATIVE 
   1  N0           3.18174e+06   6.75963e+02   6.75963e+02  -6.83223e-04
   2  tau          6.44090e+01   constant   
   3  A0           3.64748e-01   2.80348e-04   2.80348e-04   1.35057e+03
   4  phi          4.11926e+00   7.93816e-04   7.93816e-04  -1.77588e+03
   5  R           -6.10005e+01   constant   
   6  A_CBO       -2.98083e-04   3.17254e-04   3.17254e-04   3.73034e+02
   7  w_CBO        2.32651e+00   4.61203e-04   4.61203e-04  -1.01825e+01
   8  phi_CBO      1.74023e+00   1.17027e+00   1.17027e+00  -9.95158e-05
   9  ANx2         1.86992e-04   constant   
  10  pNx2         5.81164e+00   constant   
  11  ANy1         0.00000e+00   constant   
  12  pNy1         0.00000e+00   constant   
  13  w_y          0.00000e+00   constant   
  14  ANy2        -6.48481e-05   2.99244e-04   2.79328e-06  -1.16981e-02
  15  pNy2         4.18605e+00   constant   
  16  w_vw         1.43216e+01   constant   
  17  LM           7.21641e-05   constant   
  18  wCBO_expCoeff   1.99968e+02   5.44312e-02   9.53521e-05  -1.14722e-01
  19  wCBO_expOffset   1.99995e+02   7.75334e-03   9.53651e-05  -2.22703e-01
  20  wCBO_expT    3.00088e+01   2.92548e-03   1.43093e-05  -1.16651e+00
  21  wCBO_linCoeff   0.00000e+00   constant   
  22  wCBO_const  -1.93951e-03   1.54466e-03   6.91385e-06  -7.54019e-01
 MIGRAD MINIMIZATION HAS CONVERGED.
 MIGRAD WILL VERIFY CONVERGENCE AND ERROR MATRIX.
 FCN=362.687 FROM MIGRAD    STATUS=CONVERGED     318 CALLS        1134 TOTAL
                     EDM=9.57063e-07    STRATEGY= 1      ERR MATRIX NOT POS-DEF
  EXT PARAMETER                APPROXIMATE        STEP         FIRST   
  NO.   NAME      VALUE            ERROR          SIZE      DERIVATIVE 
   1  N0           3.18189e+06   6.75646e+02   6.23148e+00   1.42292e-06
