 + ++++++++++++++++++++++++++++++++++++++++++++++++++++++++++++++++++++ +
 +                                                                      +
 +           You have chose to blind your fitting according to          +
 +                omega_ref * (1 + (R +/- deltaR) *10^{-6})             +
 +                                                                      +
 + ++++++++++++++++++++++++++++++++++++++++++++++++++++++++++++++++++++ +
In main()...
reading format from /gm2data/zkhechad/run45/envelope/formats/formatB_sBin_constraintOn.txt
pBinTau 	= 0  
pBinPhi 	= 0  
constraintau 	= 1 
includeMopTerm 	= 0    
constrainMop    = 0   
Parameters after format file: pBinTau 0 pBinPhi 0 constraintau 1 includeMopTerm 0 constrainMop 0 c_e_scale 0.000000 
reading cbo reference file (full fit) from /gm2data/zkhechad/cboTemplates/Run4CBOTemplates/fullFits/run4/sBin_constraintOn_cE0.0_seed0_run4_calo3.root
A_CBO 0.008872 w_CBO 2.326183 phi_CBO 4.278101 N0 2792933.794534 R -61.131445 tau 64.392950 
Reading cboRef file /gm2data/zkhechad/cboTemplates/Run4CBOTemplates//cboIsolate/run4_calo3.root
deltaT 164.120000
windowBins = 1100
fitting sliding window 2360 from bin 2563 at 382.399600 to bin 3663 at 546.519600 (1100 bins)

Reading data from /gm2data/cornell/histograms/aMethod/histogram_a_run4.root
fitting cbo isolate
 **********
 **    1 **SET PRINTOUT            1
 **********
 **********
 **    2 **SET NOWARNINGS 
 **********
 PARAMETER DEFINITIONS:
    NO.   NAME         VALUE      STEP SIZE      LIMITS
     1 A_CBO        8.87236e-03  1.00000e-05     no limits
     2 w_CBO        2.32618e+00  1.00000e-02    2.00000e+00  3.00000e+00
     3 phi_CBO      4.27810e+00  1.00000e-02    0.00000e+00  6.28319e+00
 **********
 **    3 **MIGRAD
 **********
 FIRST CALL TO USER FUNCTION AT NEW START POINT, WITH IFLAG=4.
 START MIGRAD MINIMIZATION.  STRATEGY  1.  CONVERGENCE WHEN EDM .LT. 1.00e-04
 FCN=0.28254 FROM MIGRAD    STATUS=INITIATE       12 CALLS          13 TOTAL
                     EDM= unknown      STRATEGY= 1      NO ERROR MATRIX       
  EXT PARAMETER               CURRENT GUESS       STEP         FIRST   
  NO.   NAME      VALUE            ERROR          SIZE      DERIVATIVE 
   1  A_CBO        8.87236e-03   1.00000e-05   1.00000e-05   7.69386e+00
   2  w_CBO        2.32618e+00   1.00000e-02   2.13326e-02   2.01412e+00
   3  phi_CBO      4.27810e+00   1.00000e-02   3.41436e-03  -2.58861e-02
 MIGRAD MINIMIZATION HAS CONVERGED.
 MIGRAD WILL VERIFY CONVERGENCE AND ERROR MATRIX.
 COVARIANCE MATRIX CALCULATED SUCCESSFULLY
 FCN=0.25522 FROM HESSE     STATUS=OK             16 CALLS          67 TOTAL
                     EDM=5.45686e-05    STRATEGY= 1      ERROR MATRIX ACCURATE 
  EXT PARAMETER                                   STEP         FIRST   
  NO.   NAME      VALUE            ERROR          SIZE      DERIVATIVE 
   1  A_CBO        2.09578e-03   4.42755e-02   2.33233e-05  -6.61753e-03
   2  w_CBO        2.32568e+00   6.60282e-01   5.07148e-05   3.87974e-03
   3  phi_CBO      4.49260e+00   5.35908e+00   3.94051e-03   1.25716e-04
 MIGRAD MINIMIZATION HAS CONVERGED.
 FCN=0.255185 FROM MIGRAD    STATUS=CONVERGED      74 CALLS          75 TOTAL
                     EDM=7.34066e-06    STRATEGY= 1  ERROR MATRIX UNCERTAINTY  12.6 per cent
  EXT PARAMETER                                   STEP         FIRST   
  NO.   NAME      VALUE            ERROR          SIZE      DERIVATIVE 
   1  A_CBO        2.14071e-03   4.25812e-02   4.49349e-05   2.67258e-02
   2  w_CBO        2.32391e+00   3.69591e-01  -3.77310e-03   5.49547e-02
   3  phi_CBO      3.60696e+00   4.10927e+00  -2.95857e-01  -6.75504e-04
 EXTERNAL ERROR MATRIX.    NDIM=  25    NPAR=  3    ERR DEF=1
  1.813e-03 -2.475e-03 -1.162e+00 
 -2.475e-03  1.815e-01  9.020e+01 
 -1.162e+00  9.020e+01  4.515e+04 
 PARAMETER  CORRELATION COEFFICIENTS  
       NO.  GLOBAL      1      2      3
        1  0.16226   1.000 -0.136 -0.128
        2  0.99634  -0.136  1.000  0.996
        3  0.99633  -0.128  0.996  1.000
setting A_CBO=0.002141 w_CBO=2.323909, phi_CBO=3.606963
done fitting cbo isolate
 **********
 **    1 **SET PRINTOUT            1
 **********
 **********
 **    2 **SET NOWARNINGS 
 **********
 PARAMETER DEFINITIONS:
    NO.   NAME         VALUE      STEP SIZE      LIMITS
     1 N0           2.79293e+06  1.00000e+02     no limits
     2 tau          6.43930e+01  constant
     3 A0           3.56510e-01  1.00000e-04     no limits
     4 phi          4.11711e+00  1.00000e-02     no limits
     5 R           -6.11314e+01  constant
     6 A_CBO        2.14071e-03  1.00000e-05     no limits
     7 w_CBO        2.32391e+00  1.00000e-03     no limits
     8 phi_CBO      3.60696e+00  1.00000e-04     no limits
     9 ANx2         3.99781e-04  constant
    10 pNx2         4.45174e+00  constant
    11 ANy1         0.00000e+00  constant
    12 pNy1         0.00000e+00  constant
    13 w_y          0.00000e+00  constant
    14 ANy2         9.79441e-03  1.00000e-04     no limits
    15 pNy2         4.41741e+00  constant
    16 w_vw         1.43026e+01  constant
    17 LM          -4.33674e-04  constant
    18 wCBO_expCoeff   2.00000e+02  1.00000e+00     no limits
    19 wCBO_expOffset   2.00000e+02  1.00000e+00     no limits
    20 wCBO_expT    3.00000e+01  1.00000e+00     no limits
    21 wCBO_linCoeff   0.00000e+00  constant
    22 wCBO_const   0.00000e+00  1.00000e-02     no limits
MINUIT - FIT ONLY WIGGLE
 **********
 **    3 **FIX            5
 **********
 PARAMETER    5  IS CONSTANT.   IGNORED.
 **********
 **    4 **FIX            6
 **********
 **********
 **    5 **FIX            7
 **********
 **********
 **    6 **FIX            8
 **********
 **********
 **    7 **FIX            9
 **********
 PARAMETER    9  IS CONSTANT.   IGNORED.
 **********
 **    8 **FIX           10
 **********
 PARAMETER   10  IS CONSTANT.   IGNORED.
 **********
 **    9 **FIX           11
 **********
 PARAMETER   11  IS CONSTANT.   IGNORED.
 **********
 **   10 **FIX           12
 **********
 PARAMETER   12  IS CONSTANT.   IGNORED.
 **********
 **   11 **FIX           13
 **********
 PARAMETER   13  IS CONSTANT.   IGNORED.
 **********
 **   12 **FIX           14
 **********
 **********
 **   13 **FIX           15
 **********
 PARAMETER   15  IS CONSTANT.   IGNORED.
 **********
 **   14 **FIX           16
 **********
 PARAMETER   16  IS CONSTANT.   IGNORED.
 **********
 **   15 **MIGRAD
 **********
 FIRST CALL TO USER FUNCTION AT NEW START POINT, WITH IFLAG=4.
 START MIGRAD MINIMIZATION.  STRATEGY  1.  CONVERGENCE WHEN EDM .LT. 1.00e-04
 FCN=408.917 FROM MIGRAD    STATUS=INITIATE       30 CALLS          31 TOTAL
                     EDM= unknown      STRATEGY= 1      NO ERROR MATRIX       
  EXT PARAMETER               CURRENT GUESS       STEP         FIRST   
  NO.   NAME      VALUE            ERROR          SIZE      DERIVATIVE 
   1  N0           2.79293e+06   1.00000e+02   1.00000e+02   1.21047e-03
   2  tau          6.43930e+01   constant   
   3  A0           3.56510e-01   1.00000e-04   1.00000e-04  -2.00696e+03
   4  phi          4.11711e+00   1.00000e-02   1.00000e-02  -2.81502e+02
   5  R           -6.11314e+01   constant   
   6  A_CBO        2.14071e-03     fixed    
   7  w_CBO        2.32391e+00     fixed    
   8  phi_CBO      3.60696e+00     fixed    
   9  ANx2         3.99781e-04   constant   
  10  pNx2         4.45174e+00   constant   
  11  ANy1         0.00000e+00   constant   
  12  pNy1         0.00000e+00   constant   
  13  w_y          0.00000e+00   constant   
  14  ANy2         9.79441e-03     fixed    
  15  pNy2         4.41741e+00   constant   
  16  w_vw         1.43026e+01   constant   
  17  LM          -4.33674e-04   constant   
  18  wCBO_expCoeff   2.00000e+02   1.00000e+00   1.00000e+00  -5.47321e+00
  19  wCBO_expOffset   2.00000e+02   1.00000e+00   1.00000e+00  -3.64880e+01
  20  wCBO_expT    3.00000e+01   1.00000e+00   1.00000e+00  -2.31729e+02
  21  wCBO_linCoeff   0.00000e+00   constant   
  22  wCBO_const   0.00000e+00   1.00000e-02   1.00000e-02  -1.26740e+03
 MIGRAD MINIMIZATION HAS CONVERGED.
 FCN=401.028 FROM MIGRAD    STATUS=CONVERGED     227 CALLS         228 TOTAL
                     EDM=9.35057e-08    STRATEGY= 1  ERROR MATRIX UNCERTAINTY   1.6 per cent
  EXT PARAMETER                                   STEP         FIRST   
  NO.   NAME      VALUE            ERROR          SIZE      DERIVATIVE 
   1  N0           2.79057e+06   1.88475e+03  -9.19072e+00  -1.47459e-07
   2  tau          6.43930e+01   constant   
   3  A0           3.57331e-01   9.06644e-04   4.42404e-06  -2.22955e-01
   4  phi          4.11894e+00   2.64617e-03  -5.03294e-06  -1.02847e-01
   5  R           -6.11314e+01   constant   
   6  A_CBO        2.14071e-03     fixed    
   7  w_CBO        2.32391e+00     fixed    
   8  phi_CBO      3.60696e+00     fixed    
   9  ANx2         3.99781e-04   constant   
  10  pNx2         4.45174e+00   constant   
  11  ANy1         0.00000e+00   constant   
  12  pNy1         0.00000e+00   constant   
  13  w_y          0.00000e+00   constant   
  14  ANy2         9.79441e-03     fixed    
  15  pNy2         4.41741e+00   constant   
  16  w_vw         1.43026e+01   constant   
  17  LM          -4.33674e-04   constant   
  18  wCBO_expCoeff   1.94055e+02   4.84794e+00  -2.46594e-03  -8.54204e-04
  19  wCBO_expOffset   1.99101e+02   7.34700e-01  -4.09427e-04  -5.45966e-03
  20  wCBO_expT    3.03438e+01   2.47712e-01   1.21648e-04  -3.63088e-02
  21  wCBO_linCoeff   0.00000e+00   constant   
  22  wCBO_const  -3.11754e-03   1.26339e-03   3.47966e-06  -6.37036e-01
 EXTERNAL ERROR MATRIX.    NDIM=  25    NPAR=  7    ERR DEF=1
  3.552e+06  2.293e-02 -6.515e-02  1.875e+02  2.834e+01 -1.109e+01  1.177e-01 
  2.293e-02  8.220e-07 -1.012e-08  4.330e-04  6.528e-05 -2.309e-05  1.308e-07 
 -6.515e-02 -1.012e-08  7.002e-06 -3.235e-04 -4.876e-05  1.860e-05 -1.876e-07 
  1.875e+02  4.330e-04 -3.235e-04  2.350e+01  3.497e+00 -1.193e+00  4.805e-03 
  2.834e+01  6.528e-05 -4.876e-05  3.497e+00  5.398e-01 -1.807e-01  7.272e-04 
 -1.109e+01 -2.309e-05  1.860e-05 -1.193e+00 -1.807e-01  6.136e-02 -2.569e-04 
  1.177e-01  1.308e-07 -1.876e-07  4.805e-03  7.272e-04 -2.569e-04  1.596e-06 
 PARAMETER  CORRELATION COEFFICIENTS  
       NO.  GLOBAL      1      3      4     18     19     20     22
        1  0.05916   1.000  0.013 -0.013  0.021  0.020 -0.024  0.049
        3  0.11803   0.013  1.000 -0.004  0.099  0.098 -0.103  0.114
        4  0.06482  -0.013 -0.004  1.000 -0.025 -0.025  0.028 -0.056
       18  0.99705   0.021  0.099 -0.025  1.000  0.982 -0.993  0.785
       19  0.99703   0.020  0.098 -0.025  0.982  1.000 -0.993  0.783
       20  0.99924  -0.024 -0.103  0.028 -0.993 -0.993  1.000 -0.821
       22  0.93714   0.049  0.114 -0.056  0.785  0.783 -0.821  1.000
MINUIT - FIT ONLY 1-CBO + other amplitudes 
 **********
 **   16 **RES 
 **********
                   PARAMETER   14  ANy2 RESTORED TO VARIABLE.
                   PARAMETER    8  phi_CBO RESTORED TO VARIABLE.
                   PARAMETER    7  w_CBO RESTORED TO VARIABLE.
                   PARAMETER    6  A_CBO RESTORED TO VARIABLE.
 **********
 **   17 **FIX            0
 **********
 PARAMETER    0  IS UNDEFINED. IGNORED.
 **********
 **   18 **FIX            1
 **********
 **********
 **   19 **FIX            2
 **********
 PARAMETER    2  IS CONSTANT.   IGNORED.
 **********
 **   20 **FIX            3
 **********
 **********
 **   21 **FIX            4
 **********
 **********
 **   22 **FIX            9
 **********
 PARAMETER    9  IS CONSTANT.   IGNORED.
 **********
 **   23 **FIX           11
 **********
 PARAMETER   11  IS CONSTANT.   IGNORED.
 **********
 **   24 **FIX           12
 **********
 PARAMETER   12  IS CONSTANT.   IGNORED.
 **********
 **   25 **FIX           14
 **********
 **********
 **   26 **FIX           15
 **********
 PARAMETER   15  IS CONSTANT.   IGNORED.
 **********
 **   27 **FIX           16
 **********
 PARAMETER   16  IS CONSTANT.   IGNORED.
 **********
 **   28 **MIGRAD
 **********
 START MIGRAD MINIMIZATION.  STRATEGY  1.  CONVERGENCE WHEN EDM .LT. 1.00e-04
 FCN=401.028 FROM MIGRAD    STATUS=INITIATE       18 CALLS         246 TOTAL
                     EDM= unknown      STRATEGY= 1      NO ERROR MATRIX       
  EXT PARAMETER               CURRENT GUESS       STEP         FIRST   
  NO.   NAME      VALUE            ERROR          SIZE      DERIVATIVE 
   1  N0           2.79057e+06     fixed    
   2  tau          6.43930e+01   constant   
   3  A0           3.57331e-01     fixed    
   4  phi          4.11894e+00     fixed    
   5  R           -6.11314e+01   constant   
   6  A_CBO        2.14071e-03   1.00000e-05   1.00000e-05   1.24227e+03
   7  w_CBO        2.32391e+00   1.00000e-03   1.00000e-03  -3.46409e-01
   8  phi_CBO      3.60696e+00   1.00000e-04   1.00000e-04   1.64565e+00
   9  ANx2         3.99781e-04   constant   
  10  pNx2         4.45174e+00   constant   
  11  ANy1         0.00000e+00   constant   
  12  pNy1         0.00000e+00   constant   
  13  w_y          0.00000e+00   constant   
  14  ANy2         9.79441e-03     fixed    
  15  pNy2         4.41741e+00   constant   
  16  w_vw         1.43026e+01   constant   
  17  LM          -4.33674e-04   constant   
  18  wCBO_expCoeff   1.94055e+02   4.84794e+00  -2.46594e-03  -8.54284e-04
  19  wCBO_expOffset   1.99101e+02   7.34700e-01  -4.09427e-04  -5.46017e-03
  20  wCBO_expT    3.03438e+01   2.47712e-01   1.21648e-04  -3.63119e-02
  21  wCBO_linCoeff   0.00000e+00   constant   
  22  wCBO_const  -3.11754e-03   1.26339e-03   3.47966e-06  -6.37055e-01
 MIGRAD MINIMIZATION HAS CONVERGED.
 MIGRAD WILL VERIFY CONVERGENCE AND ERROR MATRIX.
 FCN=400.186 FROM MIGRAD    STATUS=CONVERGED     166 CALLS         394 TOTAL
                     EDM=7.90751e-05    STRATEGY= 1      ERR MATRIX NOT POS-DEF
  EXT PARAMETER                APPROXIMATE        STEP         FIRST   
  NO.   NAME      VALUE            ERROR          SIZE      DERIVATIVE 
   1  N0           2.79057e+06     fixed    
   2  tau          6.43930e+01   constant   
   3  A0           3.57331e-01     fixed    
   4  phi          4.11894e+00     fixed    
   5  R           -6.11314e+01   constant   
   6  A_CBO        1.61423e-03   9.35668e-04   9.15730e-06   1.25972e-01
   7  w_CBO        2.32344e+00   9.57458e-03   8.61548e-06  -2.82578e-01
   8  phi_CBO      2.96657e+00   9.01216e-01   5.95532e-03   9.09221e-05
   9  ANx2         3.99781e-04   constant   
  10  pNx2         4.45174e+00   constant   
  11  ANy1         0.00000e+00   constant   
  12  pNy1         0.00000e+00   constant   
  13  w_y          0.00000e+00   constant   
  14  ANy2         9.79441e-03     fixed    
  15  pNy2         4.41741e+00   constant   
  16  w_vw         1.43026e+01   constant   
  17  LM          -4.33674e-04   constant   
  18  wCBO_expCoeff   1.94114e+02   3.94274e+00   3.73811e-03  -1.08822e-03
  19  wCBO_expOffset   1.99111e+02   6.16510e-01   5.84356e-04  -6.96118e-03
  20  wCBO_expT    3.03446e+01   9.43267e-02   9.11580e-05   9.00070e-02
  21  wCBO_linCoeff   0.00000e+00   constant   
  22  wCBO_const  -3.41041e-03   4.11820e-03   4.38974e-06  -4.46842e-01
 EXTERNAL ERROR MATRIX.    NDIM=  25    NPAR=  7    ERR DEF=1
  8.755e-07  3.609e-08  2.294e-05  5.498e-05  8.608e-06 -2.486e-06 -6.787e-10 
  3.609e-08  9.167e-05  4.713e-04 -2.376e-03 -3.732e-04 -8.512e-05 -3.822e-05 
  2.294e-05  4.713e-04  8.122e-01 -1.460e-01 -2.288e-02  2.863e-03  3.483e-04 
  5.498e-05 -2.376e-03 -1.460e-01  1.555e+01 -1.377e+00 -1.659e-01  1.416e-03 
  8.608e-06 -3.732e-04 -2.288e-02 -1.377e+00  3.801e-01 -2.597e-02  2.221e-04 
 -2.486e-06 -8.512e-05  2.863e-03 -1.659e-01 -2.597e-02  8.898e-03  1.657e-06 
 -6.787e-10 -3.822e-05  3.483e-04  1.416e-03  2.221e-04  1.657e-06  1.696e-05 
ERR MATRIX NOT POS-DEF
 PARAMETER  CORRELATION COEFFICIENTS  
       NO.  GLOBAL      6      7      8     18     19     20     22
        6  0.06015   1.000  0.004  0.027  0.015  0.015 -0.028 -0.000
        7  0.99578   0.004  1.000  0.055 -0.063 -0.063 -0.094 -0.969
        8  0.73926   0.027  0.055  1.000 -0.041 -0.041  0.034  0.094
       18  0.99532   0.015 -0.063 -0.041  1.000 -0.566 -0.446  0.087
       19  0.99532   0.015 -0.063 -0.041 -0.566  1.000 -0.446  0.087
       20  0.99513  -0.028 -0.094  0.034 -0.446 -0.446  1.000  0.004
       22  0.99408  -0.000 -0.969  0.094  0.087  0.087  0.004  1.000
 ERR MATRIX NOT POS-DEF
MINUIT - FIT ONLY 1-CBO
 **********
 **   29 **RES 
 **********
                   PARAMETER   14  ANy2 RESTORED TO VARIABLE.
                   PARAMETER    4  phi RESTORED TO VARIABLE.
                   PARAMETER    3  A0 RESTORED TO VARIABLE.
                   PARAMETER    1  N0 RESTORED TO VARIABLE.
 **********
 **   30 **FIX            0
 **********
 PARAMETER    0  IS UNDEFINED. IGNORED.
 **********
 **   31 **FIX            1
 **********
 **********
 **   32 **FIX            2
 **********
 PARAMETER    2  IS CONSTANT.   IGNORED.
 **********
 **   33 **FIX            3
 **********
 **********
 **   34 **FIX            4
 **********
 **********
 **   35 **FIX            8
 **********
 **********
 **   36 **FIX            9
 **********
 PARAMETER    9  IS CONSTANT.   IGNORED.
 **********
 **   37 **FIX           11
 **********
 PARAMETER   11  IS CONSTANT.   IGNORED.
 **********
 **   38 **FIX           12
 **********
 PARAMETER   12  IS CONSTANT.   IGNORED.
 **********
 **   39 **FIX           13
 **********
 PARAMETER   13  IS CONSTANT.   IGNORED.
 **********
 **   40 **FIX           15
 **********
 PARAMETER   15  IS CONSTANT.   IGNORED.
 **********
 **   41 **FIX           16
 **********
 PARAMETER   16  IS CONSTANT.   IGNORED.
 **********
 **   42 **MIGRAD
 **********
 START MIGRAD MINIMIZATION.  STRATEGY  1.  CONVERGENCE WHEN EDM .LT. 1.00e-04
 FCN=400.186 FROM MIGRAD    STATUS=INITIATE       16 CALLS         410 TOTAL
                     EDM= unknown      STRATEGY= 1      NO ERROR MATRIX       
  EXT PARAMETER               CURRENT GUESS       STEP         FIRST   
  NO.   NAME      VALUE            ERROR          SIZE      DERIVATIVE 
   1  N0           2.79057e+06     fixed    
   2  tau          6.43930e+01   constant   
   3  A0           3.57331e-01     fixed    
   4  phi          4.11894e+00     fixed    
   5  R           -6.11314e+01   constant   
   6  A_CBO        1.61423e-03   9.35668e-04   9.15730e-06   1.25972e-01
   7  w_CBO        2.32344e+00   9.57458e-03   8.61548e-06  -2.82537e-01
   8  phi_CBO      2.96657e+00     fixed    
   9  ANx2         3.99781e-04   constant   
  10  pNx2         4.45174e+00   constant   
  11  ANy1         0.00000e+00   constant   
  12  pNy1         0.00000e+00   constant   
  13  w_y          0.00000e+00   constant   
  14  ANy2         9.79441e-03   1.00000e-04   1.00000e-04   2.23096e+04
  15  pNy2         4.41741e+00   constant   
  16  w_vw         1.43026e+01   constant   
  17  LM          -4.33674e-04   constant   
  18  wCBO_expCoeff   1.94114e+02   3.94274e+00   3.73811e-03  -1.09586e-03
  19  wCBO_expOffset   1.99111e+02   6.16510e-01   5.84356e-04  -7.00706e-03
  20  wCBO_expT    3.03446e+01   9.43267e-02   9.11580e-05   8.97175e-02
  21  wCBO_linCoeff   0.00000e+00   constant   
  22  wCBO_const  -3.41041e-03   4.11820e-03   4.38974e-06  -4.45348e-01
 MIGRAD MINIMIZATION HAS CONVERGED.
 MIGRAD WILL VERIFY CONVERGENCE AND ERROR MATRIX.
 COVARIANCE MATRIX CALCULATED SUCCESSFULLY
 FCN=286.069 FROM MIGRAD    STATUS=CONVERGED     180 CALLS         574 TOTAL
                     EDM=5.26923e-08    STRATEGY= 1      ERROR MATRIX ACCURATE 
  EXT PARAMETER                                   STEP         FIRST   
  NO.   NAME      VALUE            ERROR          SIZE      DERIVATIVE 
   1  N0           2.79057e+06     fixed    
   2  tau          6.43930e+01   constant   
   3  A0           3.57331e-01     fixed    
   4  phi          4.11894e+00     fixed    
   5  R           -6.11314e+01   constant   
   6  A_CBO        1.63960e-03   9.39836e-04   7.74669e-06  -1.56605e-01
   7  w_CBO        2.32367e+00   1.61838e-01   8.14195e-06   4.87987e-02
   8  phi_CBO      2.96657e+00     fixed    
   9  ANx2         3.99781e-04   constant   
  10  pNx2         4.45174e+00   constant   
  11  ANy1         0.00000e+00   constant   
  12  pNy1         0.00000e+00   constant   
  13  w_y          0.00000e+00   constant   
  14  ANy2        -4.37448e-04   9.58024e-04   7.92044e-06  -1.80882e-03
  15  pNy2         4.41741e+00   constant   
  16  w_vw         1.43026e+01   constant   
  17  LM          -4.33674e-04   constant   
  18  wCBO_expCoeff   1.94790e+02   9.48397e+00   4.04157e-03   3.30364e-04
  19  wCBO_expOffset   1.99216e+02   1.48133e+00   6.28871e-04   2.12299e-03
  20  wCBO_expT    3.03130e+01   1.78563e-01   9.69977e-05   1.40555e-02
  21  wCBO_linCoeff   0.00000e+00   constant   
  22  wCBO_const  -3.45310e-03   6.92023e-02   4.02333e-06   4.91623e-02
 EXTERNAL ERROR MATRIX.    NDIM=  25    NPAR=  7    ERR DEF=1
  8.833e-07  5.233e-06 -2.664e-09  1.597e-05  2.313e-06 -1.123e-05 -2.219e-06 
  5.233e-06  2.619e-02 -6.636e-07 -8.767e-01 -1.378e-01 -1.100e-02 -1.120e-02 
 -2.664e-09 -6.636e-07  9.178e-07 -1.054e-05 -1.630e-06  1.408e-06  2.878e-07 
  1.597e-05 -8.767e-01 -1.054e-05  8.995e+01 -1.612e+00 -1.579e-01  3.766e-01 
  2.313e-06 -1.378e-01 -1.630e-06 -1.612e+00  2.194e+00 -2.423e-02  5.921e-02 
 -1.123e-05 -1.100e-02  1.408e-06 -1.579e-01 -2.423e-02  3.188e-02  4.599e-03 
 -2.219e-06 -1.120e-02  2.878e-07  3.766e-01  5.921e-02  4.599e-03  4.789e-03 
 PARAMETER  CORRELATION COEFFICIENTS  
       NO.  GLOBAL      6      7     14     18     19     20     22
        6  0.08573   1.000  0.034 -0.003  0.002  0.002 -0.067 -0.034
        7  0.99998   0.034  1.000 -0.004 -0.571 -0.575 -0.381 -1.000
       14  0.03658  -0.003 -0.004  1.000 -0.001 -0.001  0.008  0.004
       18  0.99867   0.002 -0.571 -0.001  1.000 -0.115 -0.093  0.574
       19  0.99868   0.002 -0.575 -0.001 -0.115  1.000 -0.092  0.578
       20  0.99784  -0.067 -0.381  0.008 -0.093 -0.092  1.000  0.372
       22  0.99998  -0.034 -1.000  0.004  0.574  0.578  0.372  1.000
MINUIT - FIT ONLY 2-CBO
 **********
 **   43 **RES 
 **********
                   PARAMETER    8  phi_CBO RESTORED TO VARIABLE.
                   PARAMETER    4  phi RESTORED TO VARIABLE.
                   PARAMETER    3  A0 RESTORED TO VARIABLE.
                   PARAMETER    1  N0 RESTORED TO VARIABLE.
 **********
 **   44 **FIX            0
 **********
 PARAMETER    0  IS UNDEFINED. IGNORED.
 **********
 **   45 **FIX            1
 **********
 **********
 **   46 **FIX            2
 **********
 PARAMETER    2  IS CONSTANT.   IGNORED.
 **********
 **   47 **FIX            3
 **********
 **********
 **   48 **FIX            4
 **********
 **********
 **   49 **FIX            5
 **********
 PARAMETER    5  IS CONSTANT.   IGNORED.
 **********
 **   50 **FIX            6
 **********
 **********
 **   51 **FIX            7
 **********
 **********
 **   52 **FIX           10
 **********
 PARAMETER   10  IS CONSTANT.   IGNORED.
 **********
 **   53 **FIX           11
 **********
 PARAMETER   11  IS CONSTANT.   IGNORED.
 **********
 **   54 **FIX           12
 **********
 PARAMETER   12  IS CONSTANT.   IGNORED.
 **********
 **   55 **FIX           13
 **********
 PARAMETER   13  IS CONSTANT.   IGNORED.
 **********
 **   56 **FIX           14
 **********
 **********
 **   57 **FIX           15
 **********
 PARAMETER   15  IS CONSTANT.   IGNORED.
 **********
 **   58 **FIX           16
 **********
 PARAMETER   16  IS CONSTANT.   IGNORED.
 **********
 **   59 **MIGRAD
 **********
 START MIGRAD MINIMIZATION.  STRATEGY  1.  CONVERGENCE WHEN EDM .LT. 1.00e-04
 FCN=286.069 FROM MIGRAD    STATUS=INITIATE       10 CALLS         584 TOTAL
                     EDM= unknown      STRATEGY= 1      NO ERROR MATRIX       
  EXT PARAMETER               CURRENT GUESS       STEP         FIRST   
  NO.   NAME      VALUE            ERROR          SIZE      DERIVATIVE 
   1  N0           2.79057e+06     fixed    
   2  tau          6.43930e+01   constant   
   3  A0           3.57331e-01     fixed    
   4  phi          4.11894e+00     fixed    
   5  R           -6.11314e+01   constant   
   6  A_CBO        1.63960e-03     fixed    
   7  w_CBO        2.32367e+00     fixed    
   8  phi_CBO      2.96657e+00   9.01216e-01   9.01216e-01  -2.07640e-02
   9  ANx2         3.99781e-04   constant   
  10  pNx2         4.45174e+00   constant   
  11  ANy1         0.00000e+00   constant   
  12  pNy1         0.00000e+00   constant   
  13  w_y          0.00000e+00   constant   
  14  ANy2        -4.37448e-04     fixed    
  15  pNy2         4.41741e+00   constant   
  16  w_vw         1.43026e+01   constant   
  17  LM          -4.33674e-04   constant   
  18  wCBO_expCoeff   1.94790e+02   9.48397e+00   4.04157e-03   3.17557e-04
  19  wCBO_expOffset   1.99216e+02   1.48133e+00   6.28871e-04   2.04286e-03
  20  wCBO_expT    3.03130e+01   1.78563e-01   9.69977e-05   1.36012e-02
  21  wCBO_linCoeff   0.00000e+00   constant   
  22  wCBO_const  -3.45310e-03   6.92023e-02   4.02333e-06   4.98912e-02
 MIGRAD MINIMIZATION HAS CONVERGED.
 MIGRAD WILL VERIFY CONVERGENCE AND ERROR MATRIX.
 COVARIANCE MATRIX CALCULATED SUCCESSFULLY
 FCN=286.069 FROM MIGRAD    STATUS=CONVERGED      80 CALLS         654 TOTAL
                     EDM=9.00966e-07    STRATEGY= 1      ERROR MATRIX ACCURATE 
  EXT PARAMETER                                   STEP         FIRST   
  NO.   NAME      VALUE            ERROR          SIZE      DERIVATIVE 
   1  N0           2.79057e+06     fixed    
   2  tau          6.43930e+01   constant   
   3  A0           3.57331e-01     fixed    
   4  phi          4.11894e+00     fixed    
   5  R           -6.11314e+01   constant   
   6  A_CBO        1.63960e-03     fixed    
   7  w_CBO        2.32367e+00     fixed    
   8  phi_CBO      2.97674e+00   9.87318e-01   4.95416e-03   3.34375e-04
   9  ANx2         3.99781e-04   constant   
  10  pNx2         4.45174e+00   constant   
  11  ANy1         0.00000e+00   constant   
  12  pNy1         0.00000e+00   constant   
  13  w_y          0.00000e+00   constant   
  14  ANy2        -4.37448e-04     fixed    
  15  pNy2         4.41741e+00   constant   
  16  w_vw         1.43026e+01   constant   
  17  LM          -4.33674e-04   constant   
  18  wCBO_expCoeff   1.94789e+02   7.68704e+00   4.04756e-03  -1.78991e-05
  19  wCBO_expOffset   1.99216e+02   1.19685e+00   6.29875e-04  -1.15001e-04
  20  wCBO_expT    3.03130e+01   1.63820e-01   9.71337e-05  -9.50112e-03
  21  wCBO_linCoeff   0.00000e+00   constant   
  22  wCBO_const  -3.44652e-03   1.13008e-03   4.02325e-06  -1.71839e-01
 EXTERNAL ERROR MATRIX.    NDIM=  25    NPAR=  5    ERR DEF=1
  9.748e-01 -2.286e-01 -3.568e-02  1.173e-02  5.869e-04 
 -2.286e-01  5.909e+01 -6.041e+00 -5.177e-01  1.641e-03 
 -3.568e-02 -6.041e+00  1.432e+00 -8.079e-02  2.559e-04 
  1.173e-02 -5.177e-01 -8.079e-02  2.684e-02 -9.539e-05 
  5.869e-04  1.641e-03  2.559e-04 -9.539e-05  1.277e-06 
 PARAMETER  CORRELATION COEFFICIENTS  
       NO.  GLOBAL      8     18     19     20     22
        8  0.79506   1.000 -0.030 -0.030  0.073  0.526
       18  0.99797  -0.030  1.000 -0.657 -0.411  0.189
       19  0.99797  -0.030 -0.657  1.000 -0.412  0.189
       20  0.99743   0.073 -0.411 -0.412  1.000 -0.515
       22  0.90270   0.526  0.189  0.189 -0.515  1.000
MINUIT - FIT ONLY 1-y
 **********
 **   60 **RES 
 **********
                   PARAMETER   14  ANy2 RESTORED TO VARIABLE.
                   PARAMETER    7  w_CBO RESTORED TO VARIABLE.
                   PARAMETER    6  A_CBO RESTORED TO VARIABLE.
                   PARAMETER    4  phi RESTORED TO VARIABLE.
                   PARAMETER    3  A0 RESTORED TO VARIABLE.
                   PARAMETER    1  N0 RESTORED TO VARIABLE.
 **********
 **   61 **FIX            0
 **********
 PARAMETER    0  IS UNDEFINED. IGNORED.
 **********
 **   62 **FIX            1
 **********
 **********
 **   63 **FIX            2
 **********
 PARAMETER    2  IS CONSTANT.   IGNORED.
 **********
 **   64 **FIX            3
 **********
 **********
 **   65 **FIX            4
 **********
 **********
 **   66 **FIX            5
 **********
 PARAMETER    5  IS CONSTANT.   IGNORED.
 **********
 **   67 **FIX            6
 **********
 **********
 **   68 **FIX            7
 **********
 **********
 **   69 **FIX            8
 **********
 **********
 **   70 **FIX            9
 **********
 PARAMETER    9  IS CONSTANT.   IGNORED.
 **********
 **   71 **FIX           13
 **********
 PARAMETER   13  IS CONSTANT.   IGNORED.
 **********
 **   72 **FIX           14
 **********
 **********
 **   73 **FIX           15
 **********
 PARAMETER   15  IS CONSTANT.   IGNORED.
 **********
 **   74 **FIX           16
 **********
 PARAMETER   16  IS CONSTANT.   IGNORED.
 **********
 **   75 **MIGRAD
 **********
 START MIGRAD MINIMIZATION.  STRATEGY  1.  CONVERGENCE WHEN EDM .LT. 1.00e-04
 FCN=286.069 FROM MIGRAD    STATUS=INITIATE        8 CALLS         662 TOTAL
                     EDM= unknown      STRATEGY= 1      NO ERROR MATRIX       
  EXT PARAMETER               CURRENT GUESS       STEP         FIRST   
  NO.   NAME      VALUE            ERROR          SIZE      DERIVATIVE 
   1  N0           2.79057e+06     fixed    
   2  tau          6.43930e+01   constant   
   3  A0           3.57331e-01     fixed    
   4  phi          4.11894e+00     fixed    
   5  R           -6.11314e+01   constant   
   6  A_CBO        1.63960e-03     fixed    
   7  w_CBO        2.32367e+00     fixed    
   8  phi_CBO      2.97674e+00     fixed    
   9  ANx2         3.99781e-04   constant   
  10  pNx2         4.45174e+00   constant   
  11  ANy1         0.00000e+00   constant   
  12  pNy1         0.00000e+00   constant   
  13  w_y          0.00000e+00   constant   
  14  ANy2        -4.37448e-04     fixed    
  15  pNy2         4.41741e+00   constant   
  16  w_vw         1.43026e+01   constant   
  17  LM          -4.33674e-04   constant   
  18  wCBO_expCoeff   1.94789e+02   7.68704e+00   4.04756e-03  -2.00741e-05
  19  wCBO_expOffset   1.99216e+02   1.19685e+00   6.29875e-04  -1.28634e-04
  20  wCBO_expT    3.03130e+01   1.63820e-01   9.71337e-05  -9.96904e-03
  21  wCBO_linCoeff   0.00000e+00   constant   
  22  wCBO_const  -3.44652e-03   1.13008e-03   4.02325e-06  -1.71272e-01
 MIGRAD MINIMIZATION HAS CONVERGED.
 MIGRAD WILL VERIFY CONVERGENCE AND ERROR MATRIX.
 COVARIANCE MATRIX CALCULATED SUCCESSFULLY
 FCN=286.069 FROM MIGRAD    STATUS=CONVERGED      49 CALLS         703 TOTAL
                     EDM=8.86554e-07    STRATEGY= 1      ERROR MATRIX ACCURATE 
  EXT PARAMETER                                   STEP         FIRST   
  NO.   NAME      VALUE            ERROR          SIZE      DERIVATIVE 
   1  N0           2.79057e+06     fixed    
   2  tau          6.43930e+01   constant   
   3  A0           3.57331e-01     fixed    
   4  phi          4.11894e+00     fixed    
   5  R           -6.11314e+01   constant   
   6  A_CBO        1.63960e-03     fixed    
   7  w_CBO        2.32367e+00     fixed    
   8  phi_CBO      2.97674e+00     fixed    
   9  ANx2         3.99781e-04   constant   
  10  pNx2         4.45174e+00   constant   
  11  ANy1         0.00000e+00   constant   
  12  pNy1         0.00000e+00   constant   
  13  w_y          0.00000e+00   constant   
  14  ANy2        -4.37448e-04     fixed    
  15  pNy2         4.41741e+00   constant   
  16  w_vw         1.43026e+01   constant   
  17  LM          -4.33674e-04   constant   
  18  wCBO_expCoeff   1.94789e+02   7.68298e+00   4.04743e-03   1.71289e-04
  19  wCBO_expOffset   1.99216e+02   1.19620e+00   6.29859e-04   1.10068e-03
  20  wCBO_expT    3.03130e+01   1.63382e-01   9.71246e-05  -1.46084e-03
  21  wCBO_linCoeff   0.00000e+00   constant   
  22  wCBO_const  -3.44651e-03   9.61063e-04   4.02259e-06   1.00368e-02
 EXTERNAL ERROR MATRIX.    NDIM=  25    NPAR=  4    ERR DEF=1
  5.903e+01 -6.048e+00 -5.149e-01  1.778e-03 
 -6.048e+00  1.431e+00 -8.036e-02  2.773e-04 
 -5.149e-01 -8.036e-02  2.669e-02 -1.024e-04 
  1.778e-03  2.773e-04 -1.024e-04  9.236e-07 
 PARAMETER  CORRELATION COEFFICIENTS  
       NO.  GLOBAL     18     19     20     22
       18  0.99797   1.000 -0.658 -0.410  0.241
       19  0.99797  -0.658  1.000 -0.411  0.241
       20  0.99741  -0.410 -0.411  1.000 -0.652
       22  0.86257   0.241  0.241 -0.652  1.000
MINUIT - FIT ONLY 2-y
 **********
 **   76 **RES 
 **********
                   PARAMETER   14  ANy2 RESTORED TO VARIABLE.
                   PARAMETER    8  phi_CBO RESTORED TO VARIABLE.
                   PARAMETER    7  w_CBO RESTORED TO VARIABLE.
                   PARAMETER    6  A_CBO RESTORED TO VARIABLE.
                   PARAMETER    4  phi RESTORED TO VARIABLE.
                   PARAMETER    3  A0 RESTORED TO VARIABLE.
                   PARAMETER    1  N0 RESTORED TO VARIABLE.
 **********
 **   77 **FIX            0
 **********
 PARAMETER    0  IS UNDEFINED. IGNORED.
 **********
 **   78 **FIX            1
 **********
 **********
 **   79 **FIX            2
 **********
 PARAMETER    2  IS CONSTANT.   IGNORED.
 **********
 **   80 **FIX            3
 **********
 **********
 **   81 **FIX            4
 **********
 **********
 **   82 **FIX            5
 **********
 PARAMETER    5  IS CONSTANT.   IGNORED.
 **********
 **   83 **FIX            6
 **********
 **********
 **   84 **FIX            7
 **********
 **********
 **   85 **FIX            8
 **********
 **********
 **   86 **FIX            9
 **********
 PARAMETER    9  IS CONSTANT.   IGNORED.
 **********
 **   87 **FIX           10
 **********
 PARAMETER   10  IS CONSTANT.   IGNORED.
 **********
 **   88 **FIX           11
 **********
 PARAMETER   11  IS CONSTANT.   IGNORED.
 **********
 **   89 **FIX           12
 **********
 PARAMETER   12  IS CONSTANT.   IGNORED.
 **********
 **   90 **FIX           16
 **********
 PARAMETER   16  IS CONSTANT.   IGNORED.
 **********
 **   91 **MIGRAD
 **********
 START MIGRAD MINIMIZATION.  STRATEGY  1.  CONVERGENCE WHEN EDM .LT. 1.00e-04
 FCN=286.069 FROM MIGRAD    STATUS=INITIATE       10 CALLS         713 TOTAL
                     EDM= unknown      STRATEGY= 1      NO ERROR MATRIX       
  EXT PARAMETER               CURRENT GUESS       STEP         FIRST   
  NO.   NAME      VALUE            ERROR          SIZE      DERIVATIVE 
   1  N0           2.79057e+06     fixed    
   2  tau          6.43930e+01   constant   
   3  A0           3.57331e-01     fixed    
   4  phi          4.11894e+00     fixed    
   5  R           -6.11314e+01   constant   
   6  A_CBO        1.63960e-03     fixed    
   7  w_CBO        2.32367e+00     fixed    
   8  phi_CBO      2.97674e+00     fixed    
   9  ANx2         3.99781e-04   constant   
  10  pNx2         4.45174e+00   constant   
  11  ANy1         0.00000e+00   constant   
  12  pNy1         0.00000e+00   constant   
  13  w_y          0.00000e+00   constant   
  14  ANy2        -4.37448e-04   9.58024e-04   9.58024e-04   2.47033e-01
  15  pNy2         4.41741e+00   constant   
  16  w_vw         1.43026e+01   constant   
  17  LM          -4.33674e-04   constant   
  18  wCBO_expCoeff   1.94789e+02   7.68298e+00   4.04743e-03   1.69114e-04
  19  wCBO_expOffset   1.99216e+02   1.19620e+00   6.29859e-04   1.08708e-03
  20  wCBO_expT    3.03130e+01   1.63382e-01   9.71246e-05  -1.53801e-03
  21  wCBO_linCoeff   0.00000e+00   constant   
  22  wCBO_const  -3.44651e-03   9.61063e-04   4.02259e-06   1.01320e-02
 MIGRAD MINIMIZATION HAS CONVERGED.
 MIGRAD WILL VERIFY CONVERGENCE AND ERROR MATRIX.
 COVARIANCE MATRIX CALCULATED SUCCESSFULLY
 FCN=286.069 FROM MIGRAD    STATUS=CONVERGED      57 CALLS         760 TOTAL
                     EDM=8.89027e-07    STRATEGY= 1      ERROR MATRIX ACCURATE 
  EXT PARAMETER                                   STEP         FIRST   
  NO.   NAME      VALUE            ERROR          SIZE      DERIVATIVE 
   1  N0           2.79057e+06     fixed    
   2  tau          6.43930e+01   constant   
   3  A0           3.57331e-01     fixed    
   4  phi          4.11894e+00     fixed    
   5  R           -6.11314e+01   constant   
   6  A_CBO        1.63960e-03     fixed    
   7  w_CBO        2.32367e+00     fixed    
   8  phi_CBO      2.97674e+00     fixed    
   9  ANx2         3.99781e-04   constant   
  10  pNx2         4.45174e+00   constant   
  11  ANy1         0.00000e+00   constant   
  12  pNy1         0.00000e+00   constant   
  13  w_y          0.00000e+00   constant   
  14  ANy2        -4.37546e-04   9.58024e-04   7.92043e-06   2.86826e-02
  15  pNy2         4.41741e+00   constant   
  16  w_vw         1.43026e+01   constant   
  17  LM          -4.33674e-04   constant   
  18  wCBO_expCoeff   1.94789e+02   7.68429e+00   4.04745e-03  -1.10155e-04
  19  wCBO_expOffset   1.99216e+02   1.19642e+00   6.29863e-04  -7.07832e-04
  20  wCBO_expT    3.03130e+01   1.63405e-01   9.71248e-05  -1.31596e-02
  21  wCBO_linCoeff   0.00000e+00   constant   
  22  wCBO_const  -3.44651e-03   9.61118e-04   4.02259e-06  -2.00076e-01
 EXTERNAL ERROR MATRIX.    NDIM=  25    NPAR=  5    ERR DEF=1
  9.178e-07 -3.208e-05 -5.017e-06  1.090e-06  4.300e-09 
 -3.208e-05  5.905e+01 -6.051e+00 -5.150e-01  1.778e-03 
 -5.017e-06 -6.051e+00  1.431e+00 -8.038e-02  2.774e-04 
  1.090e-06 -5.150e-01 -8.038e-02  2.670e-02 -1.025e-04 
  4.300e-09  1.778e-03  2.774e-04 -1.025e-04  9.237e-07 
 PARAMETER  CORRELATION COEFFICIENTS  
       NO.  GLOBAL     14     18     19     20     22
       14  0.03658   1.000 -0.004 -0.004  0.007  0.005
       18  0.99797  -0.004  1.000 -0.658 -0.410  0.241
       19  0.99797  -0.004 -0.658  1.000 -0.411  0.241
       20  0.99742   0.007 -0.410 -0.411  1.000 -0.652
       22  0.86259   0.005  0.241  0.241 -0.652  1.000
MINUIT - FIT ALTOGETHER
 **********
 **   92 **RES 
 **********
                   PARAMETER    8  phi_CBO RESTORED TO VARIABLE.
                   PARAMETER    7  w_CBO RESTORED TO VARIABLE.
                   PARAMETER    6  A_CBO RESTORED TO VARIABLE.
                   PARAMETER    4  phi RESTORED TO VARIABLE.
                   PARAMETER    3  A0 RESTORED TO VARIABLE.
                   PARAMETER    1  N0 RESTORED TO VARIABLE.
 **********
 **   93 **MIGRAD
 **********
 START MIGRAD MINIMIZATION.  STRATEGY  1.  CONVERGENCE WHEN EDM .LT. 1.00e-04
 FCN=286.069 FROM MIGRAD    STATUS=INITIATE       22 CALLS         782 TOTAL
                     EDM= unknown      STRATEGY= 1      NO ERROR MATRIX       
  EXT PARAMETER               CURRENT GUESS       STEP         FIRST   
  NO.   NAME      VALUE            ERROR          SIZE      DERIVATIVE 
   1  N0           2.79057e+06   1.88475e+03   1.88475e+03  -8.62821e-05
   2  tau          6.43930e+01   constant   
   3  A0           3.57331e-01   9.06644e-04   9.06644e-04   1.25452e+02
   4  phi          4.11894e+00   2.64617e-03   2.64617e-03   3.16670e+01
   5  R           -6.11314e+01   constant   
   6  A_CBO        1.63960e-03   9.39836e-04   9.39836e-04  -1.36113e+00
   7  w_CBO        2.32367e+00   1.61838e-01   1.61838e-01  -9.54113e-02
   8  phi_CBO      2.97674e+00   9.87318e-01   9.87318e-01   3.50327e-04
   9  ANx2         3.99781e-04   constant   
  10  pNx2         4.45174e+00   constant   
  11  ANy1         0.00000e+00   constant   
  12  pNy1         0.00000e+00   constant   
  13  w_y          0.00000e+00   constant   
  14  ANy2        -4.37546e-04   9.58024e-04   7.92043e-06   2.86826e-02
  15  pNy2         4.41741e+00   constant   
  16  w_vw         1.43026e+01   constant   
  17  LM          -4.33674e-04   constant   
  18  wCBO_expCoeff   1.94789e+02   7.68429e+00   4.04745e-03  -1.12326e-04
  19  wCBO_expOffset   1.99216e+02   1.19642e+00   6.29863e-04  -7.21441e-04
  20  wCBO_expT    3.03130e+01   1.63405e-01   9.71248e-05  -1.36275e-02
  21  wCBO_linCoeff   0.00000e+00   constant   
