 + ++++++++++++++++++++++++++++++++++++++++++++++++++++++++++++++++++++ +
 +                                                                      +
 +           You have chose to blind your fitting according to          +
 +                omega_ref * (1 + (R +/- deltaR) *10^{-6})             +
 +                                                                      +
 + ++++++++++++++++++++++++++++++++++++++++++++++++++++++++++++++++++++ +
In main()...
reading format from /gm2data/zkhechad/run45/envelope/formats/formatB_sBin_constraintOn.txt
pBinTau 	= 0  
pBinPhi 	= 0  
constraintau 	= 1 
includeMopTerm 	= 0    
constrainMop    = 0   
Parameters after format file: pBinTau 0 pBinPhi 0 constraintau 1 includeMopTerm 0 constrainMop 0 c_e_scale 0.000000 
reading cbo reference file (full fit) from /gm2data/zkhechad/cboTemplates/Run4CBOTemplates/fullFits/run4/sBin_constraintOn_cE0.0_seed0_run4_calo20.root
A_CBO 0.007307 w_CBO 2.326921 phi_CBO 1.268494 N0 3181980.382925 R -61.000535 tau 64.408953 
Reading cboRef file /gm2data/zkhechad/cboTemplates/Run4CBOTemplates//cboIsolate/run4_calo20.root
deltaT 10.521353
windowBins = 120
fitting sliding window 320 from bin 523 at 78.031600 to bin 643 at 95.935600 (120 bins)

Reading data from /gm2data/cornell/histograms/aMethod/histogram_a_run4.root
fitting cbo isolate
 **********
 **    1 **SET PRINTOUT            1
 **********
 **********
 **    2 **SET NOWARNINGS 
 **********
 PARAMETER DEFINITIONS:
    NO.   NAME         VALUE      STEP SIZE      LIMITS
     1 A_CBO        7.30680e-03  1.00000e-05     no limits
     2 w_CBO        2.32692e+00  1.00000e-02    2.00000e+00  3.00000e+00
     3 phi_CBO      1.26849e+00  1.00000e-02    0.00000e+00  6.28319e+00
 **********
 **    3 **MIGRAD
 **********
 FIRST CALL TO USER FUNCTION AT NEW START POINT, WITH IFLAG=4.
 START MIGRAD MINIMIZATION.  STRATEGY  1.  CONVERGENCE WHEN EDM .LT. 1.00e-04
 FCN=0.00044567 FROM MIGRAD    STATUS=INITIATE       10 CALLS          11 TOTAL
                     EDM= unknown      STRATEGY= 1      NO ERROR MATRIX       
  EXT PARAMETER               CURRENT GUESS       STEP         FIRST   
  NO.   NAME      VALUE            ERROR          SIZE      DERIVATIVE 
   1  A_CBO        7.30680e-03   1.00000e-05   1.00000e-05   2.96230e-01
   2  w_CBO        2.32692e+00   1.00000e-02   2.13202e-02  -8.84226e-03
   3  phi_CBO      1.26849e+00   1.00000e-02   3.96494e-03   5.22482e-04
 MIGRAD MINIMIZATION HAS CONVERGED.
 MIGRAD WILL VERIFY CONVERGENCE AND ERROR MATRIX.
 FCN=7.14986e-05 FROM MIGRAD    STATUS=CONVERGED      43 CALLS          44 TOTAL
                     EDM=1.6658e-06    STRATEGY= 1      ERR MATRIX NOT POS-DEF
  EXT PARAMETER                APPROXIMATE        STEP         FIRST   
  NO.   NAME      VALUE            ERROR          SIZE      DERIVATIVE 
   1  A_CBO        4.77691e-03   1.31874e-01   6.35912e-05  -3.43561e-03
   2  w_CBO        2.32720e+00   8.27427e-01   3.19296e-04  -2.81713e-05
   3  phi_CBO      1.24757e+00   4.50125e+00   5.28095e-03  -9.20863e-06
 EXTERNAL ERROR MATRIX.    NDIM=  25    NPAR=  3    ERR DEF=1
  1.739e-02 -1.071e-01 -9.332e+00 
 -1.071e-01  2.369e+01  2.054e+03 
 -9.332e+00  2.054e+03  1.789e+05 
ERR MATRIX NOT POS-DEF
 PARAMETER  CORRELATION COEFFICIENTS  
       NO.  GLOBAL      1      2      3
        1  0.16735   1.000 -0.167 -0.167
        2  0.99800  -0.167  1.000  0.998
        3  0.99800  -0.167  0.998  1.000
 ERR MATRIX NOT POS-DEF
setting A_CBO=0.004777 w_CBO=2.327198, phi_CBO=1.247573
done fitting cbo isolate
 **********
 **    1 **SET PRINTOUT            1
 **********
 **********
 **    2 **SET NOWARNINGS 
 **********
 PARAMETER DEFINITIONS:
    NO.   NAME         VALUE      STEP SIZE      LIMITS
     1 N0           3.18198e+06  1.00000e+02     no limits
     2 tau          6.44090e+01  constant
     3 A0           3.64685e-01  1.00000e-04     no limits
     4 phi          4.11970e+00  1.00000e-02     no limits
     5 R           -6.10005e+01  constant
     6 A_CBO        4.77691e-03  1.00000e-05     no limits
     7 w_CBO        2.32720e+00  1.00000e-03     no limits
     8 phi_CBO      1.24757e+00  1.00000e-04     no limits
     9 ANx2         1.86992e-04  constant
    10 pNx2         5.81164e+00  constant
    11 ANy1         0.00000e+00  constant
    12 pNy1         0.00000e+00  constant
    13 w_y          0.00000e+00  constant
    14 ANy2         8.35747e-03  1.00000e-04     no limits
    15 pNy2         4.18605e+00  constant
    16 w_vw         1.43216e+01  constant
    17 LM           7.21641e-05  constant
    18 wCBO_expCoeff   2.00000e+02  1.00000e+00     no limits
    19 wCBO_expOffset   2.00000e+02  1.00000e+00     no limits
    20 wCBO_expT    3.00000e+01  1.00000e+00     no limits
    21 wCBO_linCoeff   0.00000e+00  constant
    22 wCBO_const   0.00000e+00  1.00000e-02     no limits
MINUIT - FIT ONLY WIGGLE
 **********
 **    3 **FIX            5
 **********
 PARAMETER    5  IS CONSTANT.   IGNORED.
 **********
 **    4 **FIX            6
 **********
 **********
 **    5 **FIX            7
 **********
 **********
 **    6 **FIX            8
 **********
 **********
 **    7 **FIX            9
 **********
 PARAMETER    9  IS CONSTANT.   IGNORED.
 **********
 **    8 **FIX           10
 **********
 PARAMETER   10  IS CONSTANT.   IGNORED.
 **********
 **    9 **FIX           11
 **********
 PARAMETER   11  IS CONSTANT.   IGNORED.
 **********
 **   10 **FIX           12
 **********
 PARAMETER   12  IS CONSTANT.   IGNORED.
 **********
 **   11 **FIX           13
 **********
 PARAMETER   13  IS CONSTANT.   IGNORED.
 **********
 **   12 **FIX           14
 **********
 **********
 **   13 **FIX           15
 **********
 PARAMETER   15  IS CONSTANT.   IGNORED.
 **********
 **   14 **FIX           16
 **********
 PARAMETER   16  IS CONSTANT.   IGNORED.
 **********
 **   15 **MIGRAD
 **********
 FIRST CALL TO USER FUNCTION AT NEW START POINT, WITH IFLAG=4.
 START MIGRAD MINIMIZATION.  STRATEGY  1.  CONVERGENCE WHEN EDM .LT. 1.00e-04
 FCN=3510.49 FROM MIGRAD    STATUS=INITIATE       62 CALLS          63 TOTAL
                     EDM= unknown      STRATEGY= 1      NO ERROR MATRIX       
  EXT PARAMETER               CURRENT GUESS       STEP         FIRST   
  NO.   NAME      VALUE            ERROR          SIZE      DERIVATIVE 
   1  N0           3.18198e+06   1.00000e+02   0.00000e+00  -4.20433e-03
   2  tau          6.44090e+01   constant   
   3  A0           3.64685e-01   1.00000e-04   0.00000e+00  -5.14161e+04
   4  phi          4.11970e+00   1.00000e-02   0.00000e+00  -3.11680e+04
   5  R           -6.10005e+01   constant   
   6  A_CBO        4.77691e-03     fixed    
   7  w_CBO        2.32720e+00     fixed    
   8  phi_CBO      1.24757e+00     fixed    
   9  ANx2         1.86992e-04   constant   
  10  pNx2         5.81164e+00   constant   
  11  ANy1         0.00000e+00   constant   
  12  pNy1         0.00000e+00   constant   
  13  w_y          0.00000e+00   constant   
  14  ANy2         8.35747e-03     fixed    
  15  pNy2         4.18605e+00   constant   
  16  w_vw         1.43216e+01   constant   
  17  LM           7.21641e-05   constant   
  18  wCBO_expCoeff   2.00000e+02   1.00000e+00  -2.25791e-04   1.03025e+05
  19  wCBO_expOffset   2.00000e+02   1.00000e+00   0.00000e+00   1.13877e+06
  20  wCBO_expT    3.00000e+01   1.00000e+00   0.00000e+00   5.51187e+06
  21  wCBO_linCoeff   0.00000e+00   constant   
  22  wCBO_const   0.00000e+00   1.00000e-02   0.00000e+00  -3.32373e+03
 MIGRAD FAILS TO FIND IMPROVEMENT
 FCN=3488.23 FROM HESSE     STATUS=NOT POSDEF     56 CALLS         295 TOTAL
                     EDM=115633    STRATEGY= 1      ERR MATRIX NOT POS-DEF
  EXT PARAMETER                APPROXIMATE        STEP         FIRST   
  NO.   NAME      VALUE            ERROR          SIZE      DERIVATIVE 
   1  N0           3.18205e+06   8.53815e+02   1.08182e+01  -5.14426e-03
   2  tau          6.44090e+01   constant   
   3  A0           3.64816e-01   4.77894e-04   4.56808e-06  -4.38652e+04
   4  phi          4.12035e+00   4.07649e-04   1.27682e-05  -2.04236e+04
   5  R           -6.10005e+01   constant   
   6  A_CBO        4.77691e-03     fixed    
   7  w_CBO        2.32720e+00     fixed    
   8  phi_CBO      1.24757e+00     fixed    
   9  ANx2         1.86992e-04   constant   
  10  pNx2         5.81164e+00   constant   
  11  ANy1         0.00000e+00   constant   
  12  pNy1         0.00000e+00   constant   
  13  w_y          0.00000e+00   constant   
  14  ANy2         8.35747e-03     fixed    
  15  pNy2         4.18605e+00   constant   
  16  w_vw         1.43216e+01   constant   
  17  LM           7.21641e-05   constant   
  18  wCBO_expCoeff   2.00000e+02   6.15175e-06   9.53673e-05  -6.66187e+05
  19  wCBO_expOffset   2.00000e+02   1.73362e-04   9.53674e-05  -5.10498e+06
  20  wCBO_expT    3.00000e+01   5.20695e-06   1.43051e-05   1.45882e+07
  21  wCBO_linCoeff   0.00000e+00   constant   
  22  wCBO_const   1.00000e-04   3.81746e-03   1.15263e-05  -2.86380e+04
 MIGRAD FAILS TO FIND IMPROVEMENT
 MIGRAD TERMINATED WITHOUT CONVERGENCE.
 FCN=3444.61 FROM MIGRAD    STATUS=FAILED        345 CALLS         346 TOTAL
                     EDM=53.1507    STRATEGY= 1      ERR MATRIX NOT POS-DEF
  EXT PARAMETER                APPROXIMATE        STEP         FIRST   
  NO.   NAME      VALUE            ERROR          SIZE      DERIVATIVE 
   1  N0           3.18233e+06   2.26846e+02   0.00000e+00   8.57905e-04
   2  tau          6.44090e+01   constant   
   3  A0           3.65336e-01   1.17172e-04   0.00000e+00   9.85185e+02
   4  phi          4.12188e+00   3.42409e-04   0.00000e+00  -8.86693e+03
   5  R           -6.10005e+01   constant   
   6  A_CBO        4.77691e-03     fixed    
   7  w_CBO        2.32720e+00     fixed    
   8  phi_CBO      1.24757e+00     fixed    
   9  ANx2         1.86992e-04   constant   
  10  pNx2         5.81164e+00   constant   
  11  ANy1         0.00000e+00   constant   
  12  pNy1         0.00000e+00   constant   
  13  w_y          0.00000e+00   constant   
  14  ANy2         8.35747e-03     fixed    
  15  pNy2         4.18605e+00   constant   
  16  w_vw         1.43216e+01   constant   
  17  LM           7.21641e-05   constant   
  18  wCBO_expCoeff   2.00000e+02   5.42375e-06  -0.00000e+00   3.68667e+05
  19  wCBO_expOffset   2.00000e+02   2.27748e-06  -0.00000e+00   9.18730e+05
  20  wCBO_expT    3.00000e+01   6.05175e-07  -0.00000e+00   6.03607e+06
  21  wCBO_linCoeff   0.00000e+00   constant   
  22  wCBO_const   1.60930e-03   3.39901e-04   0.00000e+00   4.91208e+03
 EXTERNAL ERROR MATRIX.    NDIM=  25    NPAR=  7    ERR DEF=1
  5.146e+04  2.951e-03  6.776e-03 -2.064e-05 -8.611e-05 -2.245e-05  9.040e-03 
  2.951e-03  1.373e-08  1.411e-08 -3.988e-11 -1.274e-10 -3.745e-11  1.677e-08 
  6.776e-03  1.411e-08  1.172e-07  5.411e-11 -2.871e-10 -7.929e-11  4.433e-08 
 -2.064e-05 -3.988e-11  5.411e-11  2.942e-11 -7.678e-13 -6.475e-14 -3.850e-10 
 -8.611e-05 -1.274e-10 -2.871e-10 -7.678e-13  5.187e-12  1.119e-12 -5.593e-10 
 -2.245e-05 -3.745e-11 -7.929e-11 -6.475e-14  1.119e-12  3.662e-13 -1.256e-10 
  9.040e-03  1.677e-08  4.433e-08 -3.850e-10 -5.593e-10 -1.256e-10  1.155e-07 
ERR MATRIX NOT POS-DEF
 PARAMETER  CORRELATION COEFFICIENTS  
       NO.  GLOBAL      1      3      4     18     19     20     22
        1  0.17890   1.000  0.111  0.087 -0.017 -0.167 -0.164  0.117
        3  0.56427   0.111  1.000  0.352 -0.063 -0.477 -0.528  0.421
        4  0.45972   0.087  0.352  1.000  0.029 -0.368 -0.383  0.381
       18  0.38873  -0.017 -0.063  0.029  1.000 -0.062 -0.020 -0.209
       19  0.87187  -0.167 -0.477 -0.368 -0.062  1.000  0.812 -0.723
       20  0.83016  -0.164 -0.528 -0.383 -0.020  0.812  1.000 -0.611
       22  0.77705   0.117  0.421  0.381 -0.209 -0.723 -0.611  1.000
 ERR MATRIX NOT POS-DEF
MINUIT - FIT ONLY 1-CBO + other amplitudes 
 **********
 **   16 **RES 
 **********
                   PARAMETER   14  ANy2 RESTORED TO VARIABLE.
                   PARAMETER    8  phi_CBO RESTORED TO VARIABLE.
                   PARAMETER    7  w_CBO RESTORED TO VARIABLE.
                   PARAMETER    6  A_CBO RESTORED TO VARIABLE.
 **********
 **   17 **FIX            0
 **********
 PARAMETER    0  IS UNDEFINED. IGNORED.
 **********
 **   18 **FIX            1
 **********
 **********
 **   19 **FIX            2
 **********
 PARAMETER    2  IS CONSTANT.   IGNORED.
 **********
 **   20 **FIX            3
 **********
 **********
 **   21 **FIX            4
 **********
 **********
 **   22 **FIX            9
 **********
 PARAMETER    9  IS CONSTANT.   IGNORED.
 **********
 **   23 **FIX           11
 **********
 PARAMETER   11  IS CONSTANT.   IGNORED.
 **********
 **   24 **FIX           12
 **********
 PARAMETER   12  IS CONSTANT.   IGNORED.
 **********
 **   25 **FIX           14
 **********
 **********
 **   26 **FIX           15
 **********
 PARAMETER   15  IS CONSTANT.   IGNORED.
 **********
 **   27 **FIX           16
 **********
 PARAMETER   16  IS CONSTANT.   IGNORED.
 **********
 **   28 **MIGRAD
 **********
 START MIGRAD MINIMIZATION.  STRATEGY  1.  CONVERGENCE WHEN EDM .LT. 1.00e-04
 FCN=3444.61 FROM MIGRAD    STATUS=INITIATE       22 CALLS         368 TOTAL
                     EDM= unknown      STRATEGY= 1      NO ERROR MATRIX       
  EXT PARAMETER               CURRENT GUESS       STEP         FIRST   
  NO.   NAME      VALUE            ERROR          SIZE      DERIVATIVE 
   1  N0           3.18233e+06     fixed    
   2  tau          6.44090e+01   constant   
   3  A0           3.65336e-01     fixed    
   4  phi          4.12188e+00     fixed    
   5  R           -6.10005e+01   constant   
   6  A_CBO        4.77691e-03   1.00000e-05   1.00000e-05   2.74586e+05
   7  w_CBO        2.32720e+00   1.00000e-03   1.00000e-03   3.16790e+07
   8  phi_CBO      1.24757e+00   1.00000e-04   1.00000e-04  -7.42081e+01
   9  ANx2         1.86992e-04   constant   
  10  pNx2         5.81164e+00   constant   
  11  ANy1         0.00000e+00   constant   
  12  pNy1         0.00000e+00   constant   
  13  w_y          0.00000e+00   constant   
  14  ANy2         8.35747e-03     fixed    
  15  pNy2         4.18605e+00   constant   
  16  w_vw         1.43216e+01   constant   
  17  LM           7.21641e-05   constant   
  18  wCBO_expCoeff   2.00000e+02   5.42375e-06  -0.00000e+00   3.68667e+05
  19  wCBO_expOffset   2.00000e+02   2.27748e-06  -0.00000e+00   9.18730e+05
  20  wCBO_expT    3.00000e+01   6.05175e-07  -0.00000e+00   6.03607e+06
  21  wCBO_linCoeff   0.00000e+00   constant   
  22  wCBO_const   1.60930e-03   3.39901e-04   0.00000e+00   4.91208e+03
 MIGRAD FAILS TO FIND IMPROVEMENT
 FCN=2869.94 FROM HESSE     STATUS=NOT POSDEF     58 CALLS        1265 TOTAL
                     EDM=2089.84    STRATEGY= 1      ERR MATRIX NOT POS-DEF
  EXT PARAMETER                APPROXIMATE        STEP         FIRST   
  NO.   NAME      VALUE            ERROR          SIZE      DERIVATIVE 
   1  N0           3.18233e+06     fixed    
   2  tau          6.44090e+01   constant   
   3  A0           3.65336e-01     fixed    
   4  phi          4.12188e+00     fixed    
   5  R           -6.10005e+01   constant   
   6  A_CBO       -1.05822e-03   1.61659e-03   4.53286e-06  -3.28825e+03
   7  w_CBO        2.32720e+00   9.00600e-07   1.10969e-06  -1.32736e+07
   8  phi_CBO      2.63632e+00   6.13836e-01   4.07371e-03   1.39520e+01
   9  ANx2         1.86992e-04   constant   
  10  pNx2         5.81164e+00   constant   
  11  ANy1         0.00000e+00   constant   
  12  pNy1         0.00000e+00   constant   
  13  w_y          0.00000e+00   constant   
  14  ANy2         8.35747e-03     fixed    
  15  pNy2         4.18605e+00   constant   
  16  w_vw         1.43216e+01   constant   
  17  LM           7.21641e-05   constant   
  18  wCBO_expCoeff   2.00000e+02   7.74016e-05   9.53673e-05  -1.54427e+05
  19  wCBO_expOffset   2.00000e+02   1.21518e-04   9.53674e-05  -9.83204e+05
  20  wCBO_expT    3.00000e+01   1.10226e-05   1.43051e-05   3.49741e+06
  21  wCBO_linCoeff   0.00000e+00   constant   
  22  wCBO_const   2.52239e-03   2.13486e-03   1.49789e-05  -5.01378e+03
 MIGRAD FAILS TO FIND IMPROVEMENT
 MIGRAD TERMINATED WITHOUT CONVERGENCE.
 FCN=2868.98 FROM MIGRAD    STATUS=FAILED        967 CALLS        1313 TOTAL
                     EDM=16.767    STRATEGY= 1      ERR MATRIX NOT POS-DEF
  EXT PARAMETER                APPROXIMATE        STEP         FIRST   
  NO.   NAME      VALUE            ERROR          SIZE      DERIVATIVE 
   1  N0           3.18233e+06     fixed    
   2  tau          6.44090e+01   constant   
   3  A0           3.65336e-01     fixed    
   4  phi          4.12188e+00     fixed    
   5  R           -6.10005e+01   constant   
   6  A_CBO       -1.03979e-03   1.96830e-04  -0.00000e+00  -2.23260e+03
   7  w_CBO        2.32720e+00   1.62592e-07  -0.00000e+00  -1.30638e+06
   8  phi_CBO      2.63980e+00   1.48325e-01  -0.00000e+00   4.83914e+00
   9  ANx2         1.86992e-04   constant   
  10  pNx2         5.81164e+00   constant   
  11  ANy1         0.00000e+00   constant   
  12  pNy1         0.00000e+00   constant   
  13  w_y          0.00000e+00   constant   
  14  ANy2         8.35747e-03     fixed    
  15  pNy2         4.18605e+00   constant   
  16  w_vw         1.43216e+01   constant   
  17  LM           7.21641e-05   constant   
  18  wCBO_expCoeff   2.00000e+02   1.39746e-05  -0.00000e+00  -1.51869e+04
  19  wCBO_expOffset   2.00000e+02   4.64314e-06  -0.00000e+00   1.06377e+05
  20  wCBO_expT    3.00000e+01   1.89446e-06  -0.00000e+00   1.08105e+06
  21  wCBO_linCoeff   0.00000e+00   constant   
  22  wCBO_const   2.51591e-03   6.12742e-04   0.00000e+00  -1.30954e+03
 EXTERNAL ERROR MATRIX.    NDIM=  25    NPAR=  7    ERR DEF=1
  3.874e-08  2.110e-11  1.358e-05  1.814e-09  5.918e-10  3.139e-10 -6.199e-08 
  2.110e-11  2.644e-14  1.289e-08  1.022e-12  3.706e-13  1.984e-13 -6.293e-11 
  1.358e-05  1.289e-08  2.200e-02  1.108e-06  3.421e-07  1.609e-07 -1.890e-05 
  1.814e-09  1.022e-12  1.108e-06  1.953e-10  3.186e-11  1.706e-11 -5.409e-09 
  5.918e-10  3.706e-13  3.421e-07  3.186e-11  2.156e-11  7.613e-12 -1.622e-09 
  3.139e-10  1.984e-13  1.609e-07  1.706e-11  7.613e-12  3.589e-12 -6.768e-10 
 -6.199e-08 -6.293e-11 -1.890e-05 -5.409e-09 -1.622e-09 -6.768e-10  3.755e-07 
ERR MATRIX NOT POS-DEF
 PARAMETER  CORRELATION COEFFICIENTS  
       NO.  GLOBAL      6      7      8     18     19     20     22
        6  0.89448   1.000  0.659  0.465  0.659  0.648  0.842 -0.514
        7  0.87080   0.659  1.000  0.535  0.450  0.491  0.644 -0.632
        8  0.82072   0.465  0.535  1.000  0.535  0.497  0.572 -0.208
       18  0.87081   0.659  0.450  0.535  1.000  0.491  0.644 -0.632
       19  0.90711   0.648  0.491  0.497  0.491  1.000  0.866 -0.570
       20  0.94791   0.842  0.644  0.572  0.644  0.866  1.000 -0.583
       22  0.88203  -0.514 -0.632 -0.208 -0.632 -0.570 -0.583  1.000
 ERR MATRIX NOT POS-DEF
MINUIT - FIT ONLY 1-CBO
 **********
 **   29 **RES 
 **********
                   PARAMETER   14  ANy2 RESTORED TO VARIABLE.
                   PARAMETER    4  phi RESTORED TO VARIABLE.
                   PARAMETER    3  A0 RESTORED TO VARIABLE.
                   PARAMETER    1  N0 RESTORED TO VARIABLE.
 **********
 **   30 **FIX            0
 **********
 PARAMETER    0  IS UNDEFINED. IGNORED.
 **********
 **   31 **FIX            1
 **********
 **********
 **   32 **FIX            2
 **********
 PARAMETER    2  IS CONSTANT.   IGNORED.
 **********
 **   33 **FIX            3
 **********
 **********
 **   34 **FIX            4
 **********
 **********
 **   35 **FIX            8
 **********
 **********
 **   36 **FIX            9
 **********
 PARAMETER    9  IS CONSTANT.   IGNORED.
 **********
 **   37 **FIX           11
 **********
 PARAMETER   11  IS CONSTANT.   IGNORED.
 **********
 **   38 **FIX           12
 **********
 PARAMETER   12  IS CONSTANT.   IGNORED.
 **********
 **   39 **FIX           13
 **********
 PARAMETER   13  IS CONSTANT.   IGNORED.
 **********
 **   40 **FIX           15
 **********
 PARAMETER   15  IS CONSTANT.   IGNORED.
 **********
 **   41 **FIX           16
 **********
 PARAMETER   16  IS CONSTANT.   IGNORED.
 **********
 **   42 **MIGRAD
 **********
 START MIGRAD MINIMIZATION.  STRATEGY  1.  CONVERGENCE WHEN EDM .LT. 1.00e-04
 FCN=2868.98 FROM MIGRAD    STATUS=INITIATE       16 CALLS        1329 TOTAL
                     EDM= unknown      STRATEGY= 1      NO ERROR MATRIX       
  EXT PARAMETER               CURRENT GUESS       STEP         FIRST   
  NO.   NAME      VALUE            ERROR          SIZE      DERIVATIVE 
   1  N0           3.18233e+06     fixed    
   2  tau          6.44090e+01   constant   
   3  A0           3.65336e-01     fixed    
   4  phi          4.12188e+00     fixed    
   5  R           -6.10005e+01   constant   
   6  A_CBO       -1.03979e-03   1.96830e-04  -0.00000e+00  -2.23260e+03
   7  w_CBO        2.32720e+00   1.62592e-07  -0.00000e+00  -1.30638e+06
   8  phi_CBO      2.63980e+00     fixed    
   9  ANx2         1.86992e-04   constant   
  10  pNx2         5.81164e+00   constant   
  11  ANy1         0.00000e+00   constant   
  12  pNy1         0.00000e+00   constant   
  13  w_y          0.00000e+00   constant   
  14  ANy2         8.35747e-03   1.00000e-04   1.00000e-04   5.39983e+05
  15  pNy2         4.18605e+00   constant   
  16  w_vw         1.43216e+01   constant   
  17  LM           7.21641e-05   constant   
  18  wCBO_expCoeff   2.00000e+02   1.39746e-05  -0.00000e+00  -1.51869e+04
  19  wCBO_expOffset   2.00000e+02   4.64314e-06  -0.00000e+00   1.06377e+05
  20  wCBO_expT    3.00000e+01   1.89446e-06  -0.00000e+00   1.08105e+06
  21  wCBO_linCoeff   0.00000e+00   constant   
  22  wCBO_const   2.51591e-03   6.12742e-04   0.00000e+00  -1.30954e+03
 MIGRAD FAILS TO FIND IMPROVEMENT
 FCN=863.132 FROM HESSE     STATUS=NOT POSDEF     58 CALLS        1415 TOTAL
                     EDM=41031.2    STRATEGY= 1      ERR MATRIX NOT POS-DEF
  EXT PARAMETER                APPROXIMATE        STEP         FIRST   
  NO.   NAME      VALUE            ERROR          SIZE      DERIVATIVE 
   1  N0           3.18233e+06     fixed    
   2  tau          6.44090e+01   constant   
   3  A0           3.65336e-01     fixed    
   4  phi          4.12188e+00     fixed    
   5  R           -6.10005e+01   constant   
   6  A_CBO       -1.00681e-03   1.41656e-03   2.46726e-06  -2.12152e+04
   7  w_CBO        2.32720e+00   4.37546e-07   1.10969e-06  -2.56425e+07
   8  phi_CBO      2.63980e+00     fixed    
   9  ANx2         1.86992e-04   constant   
  10  pNx2         5.81164e+00   constant   
  11  ANy1         0.00000e+00   constant   
  12  pNy1         0.00000e+00   constant   
  13  w_y          0.00000e+00   constant   
  14  ANy2         8.95523e-04   9.48379e-05   2.38622e-06   1.62973e+03
  15  pNy2         4.18605e+00   constant   
  16  w_vw         1.43216e+01   constant   
  17  LM           7.21641e-05   constant   
  18  wCBO_expCoeff   2.00000e+02   3.75955e-05   9.53673e-05  -2.98332e+05
  19  wCBO_expOffset   2.00000e+02   2.66929e-04   9.53674e-05  -1.89854e+06
  20  wCBO_expT    3.00000e+01   1.38408e-05   1.43051e-05   6.90965e+06
  21  wCBO_linCoeff   0.00000e+00   constant   
  22  wCBO_const   2.73209e-03   6.60462e-03   1.37630e-05  -8.74287e+03
 MIGRAD FAILS TO FIND IMPROVEMENT
 MIGRAD TERMINATED WITHOUT CONVERGENCE.
 FCN=851.522 FROM MIGRAD    STATUS=FAILED        152 CALLS        1465 TOTAL
                     EDM=480.144    STRATEGY= 1      ERR MATRIX NOT POS-DEF
  EXT PARAMETER                APPROXIMATE        STEP         FIRST   
  NO.   NAME      VALUE            ERROR          SIZE      DERIVATIVE 
   1  N0           3.18233e+06     fixed    
   2  tau          6.44090e+01   constant   
   3  A0           3.65336e-01     fixed    
   4  phi          4.12188e+00     fixed    
   5  R           -6.10005e+01   constant   
   6  A_CBO       -9.30984e-04   1.00000e+00   0.00000e+00  -1.06004e+04
   7  w_CBO        2.32720e+00   1.00000e+00   0.00000e+00  -3.54597e+06
   8  phi_CBO      2.63980e+00     fixed    
   9  ANx2         1.86992e-04   constant   
  10  pNx2         5.81164e+00   constant   
  11  ANy1         0.00000e+00   constant   
  12  pNy1         0.00000e+00   constant   
  13  w_y          0.00000e+00   constant   
  14  ANy2         8.86554e-04   1.00000e+00   0.00000e+00  -4.20447e+02
  15  pNy2         4.18605e+00   constant   
  16  w_vw         1.43216e+01   constant   
  17  LM           7.21641e-05   constant   
  18  wCBO_expCoeff   2.00000e+02   1.00000e+00   0.00000e+00  -4.12479e+04
  19  wCBO_expOffset   2.00000e+02   1.00000e+00  -0.00000e+00   3.17467e+05
  20  wCBO_expT    3.00000e+01   1.00000e+00  -0.00000e+00   2.11692e+06
  21  wCBO_linCoeff   0.00000e+00   constant   
  22  wCBO_const   5.49328e-03   1.00000e+00   0.00000e+00  -2.79064e+03
 EXTERNAL ERROR MATRIX.    NDIM=  25    NPAR=  7    ERR DEF=1
  1.000e+00  1.914e-12  8.196e-11  1.645e-10 -1.349e-10 -4.591e-12  5.951e-09 
  1.914e-12  1.000e+00 -5.915e-13 -1.906e-12 -2.275e-12 -4.540e-13  1.473e-10 
  8.196e-11 -5.915e-13  1.000e+00 -5.085e-11 -3.656e-11 -9.796e-12  3.740e-09 
  1.645e-10 -1.906e-12 -5.085e-11  1.000e+00 -1.956e-10 -3.903e-11  1.267e-08 
 -1.349e-10 -2.275e-12 -3.656e-11 -1.956e-10  1.000e+00 -6.562e-11  2.565e-08 
 -4.591e-12 -4.540e-13 -9.796e-12 -3.903e-11 -6.562e-11  1.000e+00  5.262e-09 
  5.951e-09  1.473e-10  3.740e-09  1.267e-08  2.565e-08  5.262e-09  1.000e+00 
ERR MATRIX NOT POS-DEF
 PARAMETER  CORRELATION COEFFICIENTS  
       NO.  GLOBAL      6      7     14     18     19     20     22
        6  0.00000   1.000  0.000  0.000  0.000 -0.000 -0.000  0.000
        7  0.00000   0.000  1.000 -0.000 -0.000 -0.000 -0.000  0.000
       14  0.00000   0.000 -0.000  1.000 -0.000 -0.000 -0.000  0.000
       18  0.00000   0.000 -0.000 -0.000  1.000 -0.000 -0.000  0.000
       19  0.00000  -0.000 -0.000 -0.000 -0.000  1.000 -0.000  0.000
       20  0.00000  -0.000 -0.000 -0.000 -0.000 -0.000  1.000  0.000
       22  0.00000   0.000  0.000  0.000  0.000  0.000  0.000  1.000
 ERR MATRIX NOT POS-DEF
MINUIT - FIT ONLY 2-CBO
 **********
 **   43 **RES 
 **********
                   PARAMETER    8  phi_CBO RESTORED TO VARIABLE.
                   PARAMETER    4  phi RESTORED TO VARIABLE.
                   PARAMETER    3  A0 RESTORED TO VARIABLE.
                   PARAMETER    1  N0 RESTORED TO VARIABLE.
 **********
 **   44 **FIX            0
 **********
 PARAMETER    0  IS UNDEFINED. IGNORED.
 **********
 **   45 **FIX            1
 **********
 **********
 **   46 **FIX            2
 **********
 PARAMETER    2  IS CONSTANT.   IGNORED.
 **********
 **   47 **FIX            3
 **********
 **********
 **   48 **FIX            4
 **********
 **********
 **   49 **FIX            5
 **********
 PARAMETER    5  IS CONSTANT.   IGNORED.
 **********
 **   50 **FIX            6
 **********
 **********
 **   51 **FIX            7
 **********
 **********
 **   52 **FIX           10
 **********
 PARAMETER   10  IS CONSTANT.   IGNORED.
 **********
 **   53 **FIX           11
 **********
 PARAMETER   11  IS CONSTANT.   IGNORED.
 **********
 **   54 **FIX           12
 **********
 PARAMETER   12  IS CONSTANT.   IGNORED.
 **********
 **   55 **FIX           13
 **********
 PARAMETER   13  IS CONSTANT.   IGNORED.
 **********
 **   56 **FIX           14
 **********
 **********
 **   57 **FIX           15
 **********
 PARAMETER   15  IS CONSTANT.   IGNORED.
 **********
 **   58 **FIX           16
 **********
 PARAMETER   16  IS CONSTANT.   IGNORED.
 **********
 **   59 **MIGRAD
 **********
 START MIGRAD MINIMIZATION.  STRATEGY  1.  CONVERGENCE WHEN EDM .LT. 1.00e-04
 FCN=851.522 FROM MIGRAD    STATUS=INITIATE       10 CALLS        1475 TOTAL
                     EDM= unknown      STRATEGY= 1      NO ERROR MATRIX       
  EXT PARAMETER               CURRENT GUESS       STEP         FIRST   
  NO.   NAME      VALUE            ERROR          SIZE      DERIVATIVE 
   1  N0           3.18233e+06     fixed    
   2  tau          6.44090e+01   constant   
   3  A0           3.65336e-01     fixed    
   4  phi          4.12188e+00     fixed    
   5  R           -6.10005e+01   constant   
   6  A_CBO       -9.30984e-04     fixed    
   7  w_CBO        2.32720e+00     fixed    
   8  phi_CBO      2.63980e+00   1.48325e-01   1.48325e-01   6.36199e+00
   9  ANx2         1.86992e-04   constant   
  10  pNx2         5.81164e+00   constant   
  11  ANy1         0.00000e+00   constant   
  12  pNy1         0.00000e+00   constant   
  13  w_y          0.00000e+00   constant   
  14  ANy2         8.86554e-04     fixed    
  15  pNy2         4.18605e+00   constant   
  16  w_vw         1.43216e+01   constant   
  17  LM           7.21641e-05   constant   
  18  wCBO_expCoeff   2.00000e+02   1.00000e+00   0.00000e+00  -4.12479e+04
  19  wCBO_expOffset   2.00000e+02   1.00000e+00  -0.00000e+00   3.17467e+05
  20  wCBO_expT    3.00000e+01   1.00000e+00  -0.00000e+00   2.11692e+06
  21  wCBO_linCoeff   0.00000e+00   constant   
  22  wCBO_const   5.49328e-03   1.00000e+00   0.00000e+00  -2.79064e+03
 MIGRAD FAILS TO FIND IMPROVEMENT
 FCN=851.522 FROM HESSE     STATUS=NOT POSDEF     35 CALLS        1521 TOTAL
                     EDM=204.66    STRATEGY= 1      ERR MATRIX NOT POS-DEF
  EXT PARAMETER                APPROXIMATE        STEP         FIRST   
  NO.   NAME      VALUE            ERROR          SIZE      DERIVATIVE 
   1  N0           3.18233e+06     fixed    
   2  tau          6.44090e+01   constant   
   3  A0           3.65336e-01     fixed    
   4  phi          4.12188e+00     fixed    
   5  R           -6.10005e+01   constant   
   6  A_CBO       -9.30984e-04     fixed    
   7  w_CBO        2.32720e+00     fixed    
   8  phi_CBO      2.63980e+00   2.95392e-01   2.26141e-03   6.36199e+00
   9  ANx2         1.86992e-04   constant   
  10  pNx2         5.81164e+00   constant   
  11  ANy1         0.00000e+00   constant   
  12  pNy1         0.00000e+00   constant   
  13  w_y          0.00000e+00   constant   
  14  ANy2         8.86554e-04     fixed    
  15  pNy2         4.18605e+00   constant   
  16  w_vw         1.43216e+01   constant   
  17  LM           7.21641e-05   constant   
  18  wCBO_expCoeff   2.00000e+02   2.11521e-04   9.53673e-05  -4.13544e+04
  19  wCBO_expOffset   2.00000e+02   2.03171e-04   9.53674e-05  -2.73590e+05
  20  wCBO_expT    3.00000e+01   1.60404e-05   1.43051e-05   1.27324e+06
  21  wCBO_linCoeff   0.00000e+00   constant   
  22  wCBO_const   5.49328e-03   5.15264e-03   1.29061e-05  -2.79064e+03
 MIGRAD FAILS TO FIND IMPROVEMENT
 MIGRAD TERMINATED WITHOUT CONVERGENCE.
 FCN=851.185 FROM MIGRAD    STATUS=FAILED         96 CALLS        1561 TOTAL
                     EDM=4.67453    STRATEGY= 1      ERR MATRIX NOT POS-DEF
  EXT PARAMETER                APPROXIMATE        STEP         FIRST   
  NO.   NAME      VALUE            ERROR          SIZE      DERIVATIVE 
   1  N0           3.18233e+06     fixed    
   2  tau          6.44090e+01   constant   
   3  A0           3.65336e-01     fixed    
   4  phi          4.12188e+00     fixed    
   5  R           -6.10005e+01   constant   
   6  A_CBO       -9.30984e-04     fixed    
   7  w_CBO        2.32720e+00     fixed    
   8  phi_CBO      2.64048e+00   1.88746e-01   0.00000e+00  -6.16098e-01
   9  ANx2         1.86992e-04   constant   
  10  pNx2         5.81164e+00   constant   
  11  ANy1         0.00000e+00   constant   
  12  pNy1         0.00000e+00   constant   
  13  w_y          0.00000e+00   constant   
  14  ANy2         8.86554e-04     fixed    
  15  pNy2         4.18605e+00   constant   
  16  w_vw         1.43216e+01   constant   
  17  LM           7.21641e-05   constant   
  18  wCBO_expCoeff   2.00000e+02   2.78677e-05  -0.00000e+00   2.04785e+04
  19  wCBO_expOffset   2.00000e+02   2.67713e-06   0.00000e+00   2.83429e+05
  20  wCBO_expT    3.00000e+01   1.68568e-06  -0.00000e+00   2.00761e+06
  21  wCBO_linCoeff   0.00000e+00   constant   
  22  wCBO_const   5.66993e-03   1.38183e-03   0.00000e+00  -1.14988e+03
 EXTERNAL ERROR MATRIX.    NDIM=  25    NPAR=  5    ERR DEF=1
  3.563e-02  1.278e-06 -4.112e-08  3.246e-08  1.028e-04 
  1.278e-06  7.766e-10 -1.676e-11  3.099e-11 -2.922e-08 
 -4.112e-08 -1.676e-11  7.167e-12 -1.958e-12  5.731e-10 
  3.246e-08  3.099e-11 -1.958e-12  2.842e-12 -1.442e-09 
  1.028e-04 -2.922e-08  5.731e-10 -1.442e-09  1.909e-06 
ERR MATRIX NOT POS-DEF
 PARAMETER  CORRELATION COEFFICIENTS  
       NO.  GLOBAL      8     18     19     20     22
        8  0.93399   1.000  0.243 -0.081  0.102  0.394
       18  0.96328   0.243  1.000 -0.225  0.660 -0.759
       19  0.47860  -0.081 -0.225  1.000 -0.434  0.155
       20  0.79090   0.102  0.660 -0.434  1.000 -0.619
       22  0.97274   0.394 -0.759  0.155 -0.619  1.000
 ERR MATRIX NOT POS-DEF
MINUIT - FIT ONLY 1-y
 **********
 **   60 **RES 
 **********
                   PARAMETER   14  ANy2 RESTORED TO VARIABLE.
                   PARAMETER    7  w_CBO RESTORED TO VARIABLE.
                   PARAMETER    6  A_CBO RESTORED TO VARIABLE.
                   PARAMETER    4  phi RESTORED TO VARIABLE.
                   PARAMETER    3  A0 RESTORED TO VARIABLE.
                   PARAMETER    1  N0 RESTORED TO VARIABLE.
 **********
 **   61 **FIX            0
 **********
 PARAMETER    0  IS UNDEFINED. IGNORED.
 **********
 **   62 **FIX            1
 **********
 **********
 **   63 **FIX            2
 **********
 PARAMETER    2  IS CONSTANT.   IGNORED.
 **********
 **   64 **FIX            3
 **********
 **********
 **   65 **FIX            4
 **********
 **********
 **   66 **FIX            5
 **********
 PARAMETER    5  IS CONSTANT.   IGNORED.
 **********
 **   67 **FIX            6
 **********
 **********
 **   68 **FIX            7
 **********
 **********
 **   69 **FIX            8
 **********
 **********
 **   70 **FIX            9
 **********
 PARAMETER    9  IS CONSTANT.   IGNORED.
 **********
 **   71 **FIX           13
 **********
 PARAMETER   13  IS CONSTANT.   IGNORED.
 **********
 **   72 **FIX           14
 **********
 **********
 **   73 **FIX           15
 **********
 PARAMETER   15  IS CONSTANT.   IGNORED.
 **********
 **   74 **FIX           16
 **********
 PARAMETER   16  IS CONSTANT.   IGNORED.
 **********
 **   75 **MIGRAD
 **********
 START MIGRAD MINIMIZATION.  STRATEGY  1.  CONVERGENCE WHEN EDM .LT. 1.00e-04
 FCN=851.185 FROM MIGRAD    STATUS=INITIATE        8 CALLS        1569 TOTAL
                     EDM= unknown      STRATEGY= 1      NO ERROR MATRIX       
  EXT PARAMETER               CURRENT GUESS       STEP         FIRST   
  NO.   NAME      VALUE            ERROR          SIZE      DERIVATIVE 
   1  N0           3.18233e+06     fixed    
   2  tau          6.44090e+01   constant   
   3  A0           3.65336e-01     fixed    
   4  phi          4.12188e+00     fixed    
   5  R           -6.10005e+01   constant   
   6  A_CBO       -9.30984e-04     fixed    
   7  w_CBO        2.32720e+00     fixed    
   8  phi_CBO      2.64048e+00     fixed    
   9  ANx2         1.86992e-04   constant   
  10  pNx2         5.81164e+00   constant   
  11  ANy1         0.00000e+00   constant   
  12  pNy1         0.00000e+00   constant   
  13  w_y          0.00000e+00   constant   
  14  ANy2         8.86554e-04     fixed    
  15  pNy2         4.18605e+00   constant   
  16  w_vw         1.43216e+01   constant   
  17  LM           7.21641e-05   constant   
  18  wCBO_expCoeff   2.00000e+02   2.78677e-05  -0.00000e+00   2.04785e+04
  19  wCBO_expOffset   2.00000e+02   2.67713e-06   0.00000e+00   2.83429e+05
  20  wCBO_expT    3.00000e+01   1.68568e-06  -0.00000e+00   2.00761e+06
  21  wCBO_linCoeff   0.00000e+00   constant   
  22  wCBO_const   5.66993e-03   1.38183e-03   0.00000e+00  -1.14988e+03
 MIGRAD FAILS TO FIND IMPROVEMENT
 FCN=851.091 FROM HESSE     STATUS=NOT POSDEF     29 CALLS        1621 TOTAL
                     EDM=1229    STRATEGY= 1      ERR MATRIX NOT POS-DEF
  EXT PARAMETER                APPROXIMATE        STEP         FIRST   
  NO.   NAME      VALUE            ERROR          SIZE      DERIVATIVE 
   1  N0           3.18233e+06     fixed    
   2  tau          6.44090e+01   constant   
   3  A0           3.65336e-01     fixed    
   4  phi          4.12188e+00     fixed    
   5  R           -6.10005e+01   constant   
   6  A_CBO       -9.30984e-04     fixed    
   7  w_CBO        2.32720e+00     fixed    
   8  phi_CBO      2.64048e+00     fixed    
   9  ANx2         1.86992e-04   constant   
  10  pNx2         5.81164e+00   constant   
  11  ANy1         0.00000e+00   constant   
  12  pNy1         0.00000e+00   constant   
  13  w_y          0.00000e+00   constant   
  14  ANy2         8.86554e-04     fixed    
  15  pNy2         4.18605e+00   constant   
  16  w_vw         1.43216e+01   constant   
  17  LM           7.21641e-05   constant   
  18  wCBO_expCoeff   2.00000e+02   2.49881e-04   9.53673e-05   6.97356e+02
  19  wCBO_expOffset   2.00000e+02   2.31046e-04   9.53674e-05  -4.06819e+05
  20  wCBO_expT    3.00000e+01   1.85450e-05   1.43051e-05   7.71473e+05
  21  wCBO_linCoeff   0.00000e+00   constant   
  22  wCBO_const   5.68013e-03   5.30229e-03   1.28431e-05  -1.81705e+03
 MIGRAD FAILS TO FIND IMPROVEMENT
 MIGRAD TERMINATED WITHOUT CONVERGENCE.
 FCN=851.091 FROM MIGRAD    STATUS=FAILED         71 CALLS        1632 TOTAL
                     EDM=1229    STRATEGY= 1      ERR MATRIX NOT POS-DEF
  EXT PARAMETER                APPROXIMATE        STEP         FIRST   
  NO.   NAME      VALUE            ERROR          SIZE      DERIVATIVE 
   1  N0           3.18233e+06     fixed    
   2  tau          6.44090e+01   constant   
   3  A0           3.65336e-01     fixed    
   4  phi          4.12188e+00     fixed    
   5  R           -6.10005e+01   constant   
   6  A_CBO       -9.30984e-04     fixed    
   7  w_CBO        2.32720e+00     fixed    
   8  phi_CBO      2.64048e+00     fixed    
   9  ANx2         1.86992e-04   constant   
  10  pNx2         5.81164e+00   constant   
  11  ANy1         0.00000e+00   constant   
  12  pNy1         0.00000e+00   constant   
  13  w_y          0.00000e+00   constant   
  14  ANy2         8.86554e-04     fixed    
  15  pNy2         4.18605e+00   constant   
  16  w_vw         1.43216e+01   constant   
  17  LM           7.21641e-05   constant   
  18  wCBO_expCoeff   2.00000e+02   2.49881e-04   0.00000e+00   6.97356e+02
  19  wCBO_expOffset   2.00000e+02   2.31046e-04   0.00000e+00  -4.06819e+05
  20  wCBO_expT    3.00000e+01   1.85450e-05   0.00000e+00   7.71473e+05
  21  wCBO_linCoeff   0.00000e+00   constant   
  22  wCBO_const   5.68013e-03   5.30229e-03  -0.00000e+00  -1.81705e+03
 EXTERNAL ERROR MATRIX.    NDIM=  25    NPAR=  4    ERR DEF=1
  6.244e-08  5.745e-08  4.616e-09 -1.312e-06 
  5.745e-08  5.338e-08  4.274e-09 -1.205e-06 
  4.616e-09  4.274e-09  3.439e-10 -9.689e-08 
 -1.312e-06 -1.205e-06 -9.689e-08  2.811e-05 
ERR MATRIX NOT POS-DEF
 PARAMETER  CORRELATION COEFFICIENTS  
       NO.  GLOBAL     18     19     20     22
       18  0.99752   1.000  0.995  0.996 -0.990
       19  0.99761   0.995  1.000  0.997 -0.983
       20  0.99803   0.996  0.997  1.000 -0.985
       22  0.99027  -0.990 -0.983 -0.985  1.000
 ERR MATRIX NOT POS-DEF
MINUIT - FIT ONLY 2-y
 **********
 **   76 **RES 
 **********
                   PARAMETER   14  ANy2 RESTORED TO VARIABLE.
                   PARAMETER    8  phi_CBO RESTORED TO VARIABLE.
                   PARAMETER    7  w_CBO RESTORED TO VARIABLE.
                   PARAMETER    6  A_CBO RESTORED TO VARIABLE.
                   PARAMETER    4  phi RESTORED TO VARIABLE.
                   PARAMETER    3  A0 RESTORED TO VARIABLE.
                   PARAMETER    1  N0 RESTORED TO VARIABLE.
 **********
 **   77 **FIX            0
 **********
