 + ++++++++++++++++++++++++++++++++++++++++++++++++++++++++++++++++++++ +
 +                                                                      +
 +           You have chose to blind your fitting according to          +
 +                omega_ref * (1 + (R +/- deltaR) *10^{-6})             +
 +                                                                      +
 + ++++++++++++++++++++++++++++++++++++++++++++++++++++++++++++++++++++ +
In main()...
reading format from /gm2data/zkhechad/run45/envelope/formats/formatB_sBin_constraintOn.txt
pBinTau 	= 0  
pBinPhi 	= 0  
constraintau 	= 1 
includeMopTerm 	= 0    
constrainMop    = 0   
Parameters after format file: pBinTau 0 pBinPhi 0 constraintau 1 includeMopTerm 0 constrainMop 0 c_e_scale 0.000000 
reading cbo reference file (full fit) from /gm2data/zkhechad/cboTemplates/Run4CBOTemplates/fullFits/run4/sBin_constraintOn_cE0.0_seed0_run4_calo9.root
A_CBO 0.010173 w_CBO 2.326319 phi_CBO 6.016081 N0 2790757.947661 R -60.043540 tau 64.405209 
Reading cboRef file /gm2data/zkhechad/cboTemplates/Run4CBOTemplates//cboIsolate/run4_calo9.root
deltaT 10.521813
windowBins = 120
fitting sliding window 320 from bin 523 at 78.031600 to bin 643 at 95.935600 (120 bins)

Reading data from /gm2data/cornell/histograms/aMethod/histogram_a_run4.root
fitting cbo isolate
 **********
 **    1 **SET PRINTOUT            1
 **********
 **********
 **    2 **SET NOWARNINGS 
 **********
 PARAMETER DEFINITIONS:
    NO.   NAME         VALUE      STEP SIZE      LIMITS
     1 A_CBO        1.01731e-02  1.00000e-05     no limits
     2 w_CBO        2.32632e+00  1.00000e-02    2.00000e+00  3.00000e+00
     3 phi_CBO      6.01608e+00  1.00000e-02    0.00000e+00  6.28319e+00
 **********
 **    3 **MIGRAD
 **********
 FIRST CALL TO USER FUNCTION AT NEW START POINT, WITH IFLAG=4.
 START MIGRAD MINIMIZATION.  STRATEGY  1.  CONVERGENCE WHEN EDM .LT. 1.00e-04
 FCN=0.000850905 FROM MIGRAD    STATUS=INITIATE       10 CALLS          11 TOTAL
                     EDM= unknown      STRATEGY= 1      NO ERROR MATRIX       
  EXT PARAMETER               CURRENT GUESS       STEP         FIRST   
  NO.   NAME      VALUE            ERROR          SIZE      DERIVATIVE 
   1  A_CBO        1.01731e-02   1.00000e-05   1.00000e-05   4.38655e-01
   2  w_CBO        2.32632e+00   1.00000e-02   2.13304e-02   3.14408e-04
   3  phi_CBO      6.01608e+00   1.00000e-02   7.88999e-03   5.87209e-07
 MIGRAD MINIMIZATION HAS CONVERGED.
 MIGRAD WILL VERIFY CONVERGENCE AND ERROR MATRIX.
 COVARIANCE MATRIX CALCULATED SUCCESSFULLY
 FCN=5.96182e-05 FROM MIGRAD    STATUS=CONVERGED      35 CALLS          36 TOTAL
                     EDM=5.09629e-07    STRATEGY= 1      ERROR MATRIX ACCURATE 
  EXT PARAMETER                                   STEP         FIRST   
  NO.   NAME      VALUE            ERROR          SIZE      DERIVATIVE 
   1  A_CBO        6.56521e-03   1.29771e-01   6.26284e-05  -4.85192e-06
   2  w_CBO        2.32631e+00   6.01455e-01   1.91498e-04  -1.53043e-03
   3  phi_CBO      6.01602e+00   6.07722e+00   6.17267e-03   4.97069e-05
 EXTERNAL ERROR MATRIX.    NDIM=  25    NPAR=  3    ERR DEF=1
  1.684e-02 -7.609e-02 -6.655e+00 
 -7.609e-02  1.484e+01  1.299e+03 
 -6.655e+00  1.299e+03  1.140e+05 
 PARAMETER  CORRELATION COEFFICIENTS  
       NO.  GLOBAL      1      2      3
        1  0.15220   1.000 -0.152 -0.152
        2  0.99826  -0.152  1.000  0.998
        3  0.99826  -0.152  0.998  1.000
setting A_CBO=0.006565 w_CBO=2.326308, phi_CBO=6.016021
done fitting cbo isolate
 **********
 **    1 **SET PRINTOUT            1
 **********
 **********
 **    2 **SET NOWARNINGS 
 **********
 PARAMETER DEFINITIONS:
    NO.   NAME         VALUE      STEP SIZE      LIMITS
     1 N0           2.79076e+06  1.00000e+02     no limits
     2 tau          6.44052e+01  constant
     3 A0           3.51393e-01  1.00000e-04     no limits
     4 phi          4.11695e+00  1.00000e-02     no limits
     5 R           -6.00435e+01  constant
     6 A_CBO        6.56521e-03  1.00000e-05     no limits
     7 w_CBO        2.32631e+00  1.00000e-03     no limits
     8 phi_CBO      6.01602e+00  1.00000e-04     no limits
     9 ANx2         5.96878e-04  constant
    10 pNx2         1.09681e+00  constant
    11 ANy1         0.00000e+00  constant
    12 pNy1         0.00000e+00  constant
    13 w_y          0.00000e+00  constant
    14 ANy2         1.07160e-02  1.00000e-04     no limits
    15 pNy2         5.64757e+00  constant
    16 w_vw         1.43013e+01  constant
    17 LM          -2.80163e-05  constant
    18 wCBO_expCoeff   2.00000e+02  1.00000e+00     no limits
    19 wCBO_expOffset   2.00000e+02  1.00000e+00     no limits
    20 wCBO_expT    3.00000e+01  1.00000e+00     no limits
    21 wCBO_linCoeff   0.00000e+00  constant
    22 wCBO_const   0.00000e+00  1.00000e-02     no limits
MINUIT - FIT ONLY WIGGLE
 **********
 **    3 **FIX            5
 **********
 PARAMETER    5  IS CONSTANT.   IGNORED.
 **********
 **    4 **FIX            6
 **********
 **********
 **    5 **FIX            7
 **********
 **********
 **    6 **FIX            8
 **********
 **********
 **    7 **FIX            9
 **********
 PARAMETER    9  IS CONSTANT.   IGNORED.
 **********
 **    8 **FIX           10
 **********
 PARAMETER   10  IS CONSTANT.   IGNORED.
 **********
 **    9 **FIX           11
 **********
 PARAMETER   11  IS CONSTANT.   IGNORED.
 **********
 **   10 **FIX           12
 **********
 PARAMETER   12  IS CONSTANT.   IGNORED.
 **********
 **   11 **FIX           13
 **********
 PARAMETER   13  IS CONSTANT.   IGNORED.
 **********
 **   12 **FIX           14
 **********
 **********
 **   13 **FIX           15
 **********
 PARAMETER   15  IS CONSTANT.   IGNORED.
 **********
 **   14 **FIX           16
 **********
 PARAMETER   16  IS CONSTANT.   IGNORED.
 **********
 **   15 **MIGRAD
 **********
 FIRST CALL TO USER FUNCTION AT NEW START POINT, WITH IFLAG=4.
 START MIGRAD MINIMIZATION.  STRATEGY  1.  CONVERGENCE WHEN EDM .LT. 1.00e-04
 FCN=4769.35 FROM MIGRAD    STATUS=INITIATE       56 CALLS          57 TOTAL
                     EDM= unknown      STRATEGY= 1      NO ERROR MATRIX       
  EXT PARAMETER               CURRENT GUESS       STEP         FIRST   
  NO.   NAME      VALUE            ERROR          SIZE      DERIVATIVE 
   1  N0           2.79076e+06   1.00000e+02   0.00000e+00  -5.75862e-04
   2  tau          6.44052e+01   constant   
   3  A0           3.51393e-01   1.00000e-04   0.00000e+00  -3.07495e+04
   4  phi          4.11695e+00   1.00000e-02   0.00000e+00   2.83605e+02
   5  R           -6.00435e+01   constant   
   6  A_CBO        6.56521e-03     fixed    
   7  w_CBO        2.32631e+00     fixed    
   8  phi_CBO      6.01602e+00     fixed    
   9  ANx2         5.96878e-04   constant   
  10  pNx2         1.09681e+00   constant   
  11  ANy1         0.00000e+00   constant   
  12  pNy1         0.00000e+00   constant   
  13  w_y          0.00000e+00   constant   
  14  ANy2         1.07160e-02     fixed    
  15  pNy2         5.64757e+00   constant   
  16  w_vw         1.43013e+01   constant   
  17  LM          -2.80163e-05   constant   
  18  wCBO_expCoeff   2.00000e+02   1.00000e+00   0.00000e+00  -9.68669e+06
  19  wCBO_expOffset   2.00000e+02   1.00000e+00   3.60130e-04   8.89067e+06
  20  wCBO_expT    3.00000e+01   1.00000e+00   0.00000e+00   1.18407e+07
  21  wCBO_linCoeff   0.00000e+00   constant   
  22  wCBO_const   0.00000e+00   1.00000e-02   0.00000e+00  -2.71575e+05
 MIGRAD FAILS TO FIND IMPROVEMENT
 FCN=4769.35 FROM HESSE     STATUS=NOT POSDEF     56 CALLS         124 TOTAL
                     EDM=1.09606e+06    STRATEGY= 1      ERR MATRIX NOT POS-DEF
  EXT PARAMETER                APPROXIMATE        STEP         FIRST   
  NO.   NAME      VALUE            ERROR          SIZE      DERIVATIVE 
   1  N0           2.79076e+06   3.33035e+02   1.17721e+01  -5.75862e-04
   2  tau          6.44052e+01   constant   
   3  A0           3.51393e-01   1.27400e-04   5.69780e-06  -3.07495e+04
   4  phi          4.11695e+00   3.93535e-04   1.64918e-05   2.83605e+02
   5  R           -6.00435e+01   constant   
   6  A_CBO        6.56521e-03     fixed    
   7  w_CBO        2.32631e+00     fixed    
   8  phi_CBO      6.01602e+00     fixed    
   9  ANx2         5.96878e-04   constant   
  10  pNx2         1.09681e+00   constant   
  11  ANy1         0.00000e+00   constant   
  12  pNy1         0.00000e+00   constant   
  13  w_y          0.00000e+00   constant   
  14  ANy2         1.07160e-02     fixed    
  15  pNy2         5.64757e+00   constant   
  16  w_vw         1.43013e+01   constant   
  17  LM          -2.80163e-05   constant   
  18  wCBO_expCoeff   2.00000e+02   2.86653e-05   9.53674e-05  -1.10278e+07
  19  wCBO_expOffset   2.00000e+02   4.44757e-05   9.53676e-05  -6.97206e+07
  20  wCBO_expT    3.00000e+01   2.80223e-06   1.43051e-05   2.69369e+08
  21  wCBO_linCoeff   0.00000e+00   constant   
  22  wCBO_const   0.00000e+00   2.10460e-03   6.07054e-06  -2.71575e+05
 MIGRAD FAILS TO FIND IMPROVEMENT
 MIGRAD TERMINATED WITHOUT CONVERGENCE.
 FCN=4169.83 FROM MIGRAD    STATUS=FAILED        261 CALLS         262 TOTAL
                     EDM=1.05787    STRATEGY= 1      ERR MATRIX NOT POS-DEF
  EXT PARAMETER                APPROXIMATE        STEP         FIRST   
  NO.   NAME      VALUE            ERROR          SIZE      DERIVATIVE 
   1  N0           2.79133e+06   3.21949e+02   0.00000e+00  -1.62473e-03
   2  tau          6.44052e+01   constant   
   3  A0           3.52050e-01   1.64410e-04   0.00000e+00  -2.93741e+03
   4  phi          4.11651e+00   3.69441e-04  -0.00000e+00   7.96151e+01
   5  R           -6.00435e+01   constant   
   6  A_CBO        6.56521e-03     fixed    
   7  w_CBO        2.32631e+00     fixed    
   8  phi_CBO      6.01602e+00     fixed    
   9  ANx2         5.96878e-04   constant   
  10  pNx2         1.09681e+00   constant   
  11  ANy1         0.00000e+00   constant   
  12  pNy1         0.00000e+00   constant   
  13  w_y          0.00000e+00   constant   
  14  ANy2         1.07160e-02     fixed    
  15  pNy2         5.64757e+00   constant   
  16  w_vw         1.43013e+01   constant   
  17  LM          -2.80163e-05   constant   
  18  wCBO_expCoeff   2.00000e+02   1.51736e-05  -0.00000e+00   1.85690e+04
  19  wCBO_expOffset   2.00000e+02   1.14341e-05  -0.00000e+00   9.23613e+05
  20  wCBO_expT    3.00000e+01   2.19128e-06  -0.00000e+00  -2.48292e+06
  21  wCBO_linCoeff   0.00000e+00   constant   
  22  wCBO_const   1.80497e-02   1.49757e-03   0.00000e+00   1.54396e+03
 EXTERNAL ERROR MATRIX.    NDIM=  25    NPAR=  7    ERR DEF=1
  1.037e+05  2.036e-02 -1.374e-02 -2.145e-03 -2.072e-03 -3.832e-04  2.666e-01 
  2.036e-02  2.703e-08 -6.730e-09 -1.298e-09 -1.193e-09 -2.220e-10  1.534e-07 
 -1.374e-02 -6.730e-09  1.365e-07  8.948e-10  7.039e-10  1.341e-10 -9.198e-08 
 -2.145e-03 -1.298e-09  8.948e-10  2.302e-10  1.660e-10  3.197e-11 -2.219e-08 
 -2.072e-03 -1.193e-09  7.039e-10  1.660e-10  1.307e-10  2.500e-11 -1.700e-08 
 -3.832e-04 -2.220e-10  1.341e-10  3.197e-11  2.500e-11  4.802e-12 -3.254e-09 
  2.666e-01  1.534e-07 -9.198e-08 -2.219e-08 -1.700e-08 -3.254e-09  2.243e-06 
ERR MATRIX NOT POS-DEF
 PARAMETER  CORRELATION COEFFICIENTS  
       NO.  GLOBAL      1      3      4     18     19     20     22
        1  0.78985   1.000  0.385 -0.116 -0.439 -0.563 -0.543  0.553
        3  0.80078   0.385  1.000 -0.111 -0.520 -0.635 -0.616  0.623
        4  0.16986  -0.116 -0.111  1.000  0.160  0.167  0.166 -0.166
       18  0.99248  -0.439 -0.520  0.160  1.000  0.957  0.962 -0.977
       19  0.99875  -0.563 -0.635  0.167  0.957  1.000  0.998 -0.993
       20  0.99837  -0.543 -0.616  0.166  0.962  0.998  1.000 -0.992
       22  0.99812   0.553  0.623 -0.166 -0.977 -0.993 -0.992  1.000
 ERR MATRIX NOT POS-DEF
MINUIT - FIT ONLY 1-CBO + other amplitudes 
 **********
 **   16 **RES 
 **********
                   PARAMETER   14  ANy2 RESTORED TO VARIABLE.
                   PARAMETER    8  phi_CBO RESTORED TO VARIABLE.
                   PARAMETER    7  w_CBO RESTORED TO VARIABLE.
                   PARAMETER    6  A_CBO RESTORED TO VARIABLE.
 **********
 **   17 **FIX            0
 **********
 PARAMETER    0  IS UNDEFINED. IGNORED.
 **********
 **   18 **FIX            1
 **********
 **********
 **   19 **FIX            2
 **********
 PARAMETER    2  IS CONSTANT.   IGNORED.
 **********
 **   20 **FIX            3
 **********
 **********
 **   21 **FIX            4
 **********
 **********
 **   22 **FIX            9
 **********
 PARAMETER    9  IS CONSTANT.   IGNORED.
 **********
 **   23 **FIX           11
 **********
 PARAMETER   11  IS CONSTANT.   IGNORED.
 **********
 **   24 **FIX           12
 **********
 PARAMETER   12  IS CONSTANT.   IGNORED.
 **********
 **   25 **FIX           14
 **********
 **********
 **   26 **FIX           15
 **********
 PARAMETER   15  IS CONSTANT.   IGNORED.
 **********
 **   27 **FIX           16
 **********
 PARAMETER   16  IS CONSTANT.   IGNORED.
 **********
 **   28 **MIGRAD
 **********
 START MIGRAD MINIMIZATION.  STRATEGY  1.  CONVERGENCE WHEN EDM .LT. 1.00e-04
 FCN=4169.83 FROM MIGRAD    STATUS=INITIATE       22 CALLS         284 TOTAL
                     EDM= unknown      STRATEGY= 1      NO ERROR MATRIX       
  EXT PARAMETER               CURRENT GUESS       STEP         FIRST   
  NO.   NAME      VALUE            ERROR          SIZE      DERIVATIVE 
   1  N0           2.79133e+06     fixed    
   2  tau          6.44052e+01   constant   
   3  A0           3.52050e-01     fixed    
   4  phi          4.11651e+00     fixed    
   5  R           -6.00435e+01   constant   
   6  A_CBO        6.56521e-03   1.00000e-05   1.00000e-05   1.14953e+05
   7  w_CBO        2.32631e+00   1.00000e-03   1.00000e-03   1.59656e+06
   8  phi_CBO      6.01602e+00   1.00000e-04   1.00000e-04   3.59946e+00
   9  ANx2         5.96878e-04   constant   
  10  pNx2         1.09681e+00   constant   
  11  ANy1         0.00000e+00   constant   
  12  pNy1         0.00000e+00   constant   
  13  w_y          0.00000e+00   constant   
  14  ANy2         1.07160e-02     fixed    
  15  pNy2         5.64757e+00   constant   
  16  w_vw         1.43013e+01   constant   
  17  LM          -2.80163e-05   constant   
  18  wCBO_expCoeff   2.00000e+02   1.51736e-05  -0.00000e+00   1.85690e+04
  19  wCBO_expOffset   2.00000e+02   1.14341e-05  -0.00000e+00   9.23613e+05
  20  wCBO_expT    3.00000e+01   2.19128e-06  -0.00000e+00  -2.48292e+06
  21  wCBO_linCoeff   0.00000e+00   constant   
  22  wCBO_const   1.80497e-02   1.49757e-03   0.00000e+00   1.54395e+03
 MIGRAD FAILS TO FIND IMPROVEMENT
 FCN=4110.7 FROM HESSE     STATUS=NOT POSDEF     58 CALLS         371 TOTAL
                     EDM=35181.1    STRATEGY= 1      ERR MATRIX NOT POS-DEF
  EXT PARAMETER                APPROXIMATE        STEP         FIRST   
  NO.   NAME      VALUE            ERROR          SIZE      DERIVATIVE 
   1  N0           2.79133e+06     fixed    
   2  tau          6.44052e+01   constant   
   3  A0           3.52050e-01     fixed    
   4  phi          4.11651e+00     fixed    
   5  R           -6.00435e+01   constant   
   6  A_CBO        5.46655e-03   1.45573e-03   5.75766e-06   5.61637e+04
   7  w_CBO        2.32631e+00   2.54939e-07   1.10927e-06  -2.55304e+08
   8  phi_CBO      6.01508e+00   1.65743e-01   1.06823e-03   3.31035e+02
   9  ANx2         5.96878e-04   constant   
  10  pNx2         1.09681e+00   constant   
  11  ANy1         0.00000e+00   constant   
  12  pNy1         0.00000e+00   constant   
  13  w_y          0.00000e+00   constant   
  14  ANy2         1.07160e-02     fixed    
  15  pNy2         5.64757e+00   constant   
  16  w_vw         1.43013e+01   constant   
  17  LM          -2.80163e-05   constant   
  18  wCBO_expCoeff   2.00000e+02   2.19169e-05   9.53673e-05  -2.96925e+06
  19  wCBO_expOffset   2.00000e+02   2.06562e-05   9.53675e-05  -1.94606e+07
  20  wCBO_expT    3.00000e+01   1.95067e-06   1.43051e-05   7.54534e+07
  21  wCBO_linCoeff   0.00000e+00   constant   
  22  wCBO_const   1.80393e-02   6.05194e-04   4.82579e-06  -6.50871e+04
 MIGRAD FAILS TO FIND IMPROVEMENT
 MIGRAD TERMINATED WITHOUT CONVERGENCE.
 FCN=4058.56 FROM MIGRAD    STATUS=FAILED        188 CALLS         450 TOTAL
                     EDM=1.21361    STRATEGY= 1      ERR MATRIX NOT POS-DEF
  EXT PARAMETER                APPROXIMATE        STEP         FIRST   
  NO.   NAME      VALUE            ERROR          SIZE      DERIVATIVE 
   1  N0           2.79133e+06     fixed    
   2  tau          6.44052e+01   constant   
   3  A0           3.52050e-01     fixed    
   4  phi          4.11651e+00     fixed    
   5  R           -6.00435e+01   constant   
   6  A_CBO        4.69892e-03   1.72276e-04  -0.00000e+00   4.65937e+03
   7  w_CBO        2.32631e+00   7.92975e-08  -0.00000e+00  -1.16316e+07
   8  phi_CBO      6.06696e+00   9.48612e-02  -0.00000e+00   2.58838e+01
   9  ANx2         5.96878e-04   constant   
  10  pNx2         1.09681e+00   constant   
  11  ANy1         0.00000e+00   constant   
  12  pNy1         0.00000e+00   constant   
  13  w_y          0.00000e+00   constant   
  14  ANy2         1.07160e-02     fixed    
  15  pNy2         5.64757e+00   constant   
  16  w_vw         1.43013e+01   constant   
  17  LM          -2.80163e-05   constant   
  18  wCBO_expCoeff   2.00000e+02   6.81829e-06  -0.00000e+00  -1.35279e+05
  19  wCBO_expOffset   2.00000e+02   2.44917e-06  -0.00000e+00   7.96630e+05
  20  wCBO_expT    3.00000e+01   4.01005e-07  -0.00000e+00  -2.21381e+06
  21  wCBO_linCoeff   0.00000e+00   constant   
  22  wCBO_const   1.76802e-02   1.91959e-04  -0.00000e+00  -3.45097e+03
 EXTERNAL ERROR MATRIX.    NDIM=  25    NPAR=  7    ERR DEF=1
  2.968e-08 -2.196e-12 -8.991e-07 -1.888e-10 -5.795e-11 -3.080e-11  1.306e-08 
 -2.196e-12  6.288e-15  6.393e-09  3.589e-13  1.571e-13  2.292e-14 -3.081e-12 
 -8.991e-07  6.393e-09  8.999e-03  5.497e-07  2.026e-07  2.740e-08  2.445e-06 
 -1.888e-10  3.589e-13  5.497e-07  4.649e-11  1.351e-11  1.970e-12 -2.649e-10 
 -5.795e-11  1.571e-13  2.026e-07  1.351e-11  5.998e-12  8.609e-13 -8.531e-12 
 -3.080e-11  2.292e-14  2.740e-08  1.970e-12  8.609e-13  1.608e-13 -1.505e-11 
  1.306e-08 -3.081e-12  2.445e-06 -2.649e-10 -8.531e-12 -1.505e-11  3.685e-08 
ERR MATRIX NOT POS-DEF
 PARAMETER  CORRELATION COEFFICIENTS  
       NO.  GLOBAL      6      7      8     18     19     20     22
        6  0.71741   1.000 -0.161 -0.055 -0.161 -0.137 -0.446  0.395
        7  0.99172  -0.161  1.000  0.850  0.664  0.809  0.721 -0.202
        8  0.99673  -0.055  0.850  1.000  0.850  0.872  0.720  0.134
       18  0.99172  -0.161  0.664  0.850  1.000  0.809  0.721 -0.202
       19  0.96738  -0.137  0.809  0.872  0.809  1.000  0.877 -0.018
       20  0.93921  -0.446  0.721  0.720  0.721  0.877  1.000 -0.196
       22  0.97991   0.395 -0.202  0.134 -0.202 -0.018 -0.196  1.000
 ERR MATRIX NOT POS-DEF
MINUIT - FIT ONLY 1-CBO
 **********
 **   29 **RES 
 **********
                   PARAMETER   14  ANy2 RESTORED TO VARIABLE.
                   PARAMETER    4  phi RESTORED TO VARIABLE.
                   PARAMETER    3  A0 RESTORED TO VARIABLE.
                   PARAMETER    1  N0 RESTORED TO VARIABLE.
 **********
 **   30 **FIX            0
 **********
 PARAMETER    0  IS UNDEFINED. IGNORED.
 **********
 **   31 **FIX            1
 **********
 **********
 **   32 **FIX            2
 **********
 PARAMETER    2  IS CONSTANT.   IGNORED.
 **********
 **   33 **FIX            3
 **********
 **********
 **   34 **FIX            4
 **********
 **********
 **   35 **FIX            8
 **********
 **********
 **   36 **FIX            9
 **********
 PARAMETER    9  IS CONSTANT.   IGNORED.
 **********
 **   37 **FIX           11
 **********
 PARAMETER   11  IS CONSTANT.   IGNORED.
 **********
 **   38 **FIX           12
 **********
 PARAMETER   12  IS CONSTANT.   IGNORED.
 **********
 **   39 **FIX           13
 **********
 PARAMETER   13  IS CONSTANT.   IGNORED.
 **********
 **   40 **FIX           15
 **********
 PARAMETER   15  IS CONSTANT.   IGNORED.
 **********
 **   41 **FIX           16
 **********
 PARAMETER   16  IS CONSTANT.   IGNORED.
 **********
 **   42 **MIGRAD
 **********
 START MIGRAD MINIMIZATION.  STRATEGY  1.  CONVERGENCE WHEN EDM .LT. 1.00e-04
 FCN=4058.56 FROM MIGRAD    STATUS=INITIATE       16 CALLS         466 TOTAL
                     EDM= unknown      STRATEGY= 1      NO ERROR MATRIX       
  EXT PARAMETER               CURRENT GUESS       STEP         FIRST   
  NO.   NAME      VALUE            ERROR          SIZE      DERIVATIVE 
   1  N0           2.79133e+06     fixed    
   2  tau          6.44052e+01   constant   
   3  A0           3.52050e-01     fixed    
   4  phi          4.11651e+00     fixed    
   5  R           -6.00435e+01   constant   
   6  A_CBO        4.69892e-03   1.72276e-04  -0.00000e+00   4.65937e+03
   7  w_CBO        2.32631e+00   7.92975e-08  -0.00000e+00  -1.16316e+07
   8  phi_CBO      6.06696e+00     fixed    
   9  ANx2         5.96878e-04   constant   
  10  pNx2         1.09681e+00   constant   
  11  ANy1         0.00000e+00   constant   
  12  pNy1         0.00000e+00   constant   
  13  w_y          0.00000e+00   constant   
  14  ANy2         1.07160e-02   1.00000e-04   1.00000e-04   5.24444e+05
  15  pNy2         5.64757e+00   constant   
  16  w_vw         1.43013e+01   constant   
  17  LM          -2.80163e-05   constant   
  18  wCBO_expCoeff   2.00000e+02   6.81829e-06  -0.00000e+00  -1.35279e+05
  19  wCBO_expOffset   2.00000e+02   2.44917e-06  -0.00000e+00   7.96630e+05
  20  wCBO_expT    3.00000e+01   4.01005e-07  -0.00000e+00  -2.21381e+06
  21  wCBO_linCoeff   0.00000e+00   constant   
  22  wCBO_const   1.76802e-02   1.91959e-04  -0.00000e+00  -3.45098e+03
 MIGRAD FAILS TO FIND IMPROVEMENT
 FCN=1411.57 FROM HESSE     STATUS=NOT POSDEF     58 CALLS         627 TOTAL
                     EDM=2203.7    STRATEGY= 1      ERR MATRIX NOT POS-DEF
  EXT PARAMETER                APPROXIMATE        STEP         FIRST   
  NO.   NAME      VALUE            ERROR          SIZE      DERIVATIVE 
   1  N0           2.79133e+06     fixed    
   2  tau          6.44052e+01   constant   
   3  A0           3.52050e-01     fixed    
   4  phi          4.11651e+00     fixed    
   5  R           -6.00435e+01   constant   
   6  A_CBO       -4.95925e-04   1.08447e-03   3.14700e-06  -1.00736e+04
   7  w_CBO        2.32631e+00   1.56423e-06   1.10927e-06   1.06202e+07
   8  phi_CBO      6.06696e+00     fixed    
   9  ANx2         5.96878e-04   constant   
  10  pNx2         1.09681e+00   constant   
  11  ANy1         0.00000e+00   constant   
  12  pNy1         0.00000e+00   constant   
  13  w_y          0.00000e+00   constant   
  14  ANy2         5.31373e-04   2.36826e-04   3.23446e-06   8.73780e+03
  15  pNy2         5.64757e+00   constant   
  16  w_vw         1.43013e+01   constant   
  17  LM          -2.80163e-05   constant   
  18  wCBO_expCoeff   2.00000e+02   1.34497e-04   9.53673e-05   1.23511e+05
  19  wCBO_expOffset   2.00000e+02   7.45865e-05   9.53675e-05   6.53089e+05
  20  wCBO_expT    3.00000e+01   2.14050e-05   1.43051e-05  -2.59662e+06
  21  wCBO_linCoeff   0.00000e+00   constant   
  22  wCBO_const   1.67420e-02   3.73341e-03   9.73275e-06   3.73710e+03
 MIGRAD FAILS TO FIND IMPROVEMENT
 MIGRAD TERMINATED WITHOUT CONVERGENCE.
 FCN=1411.48 FROM MIGRAD    STATUS=FAILED        207 CALLS         657 TOTAL
                     EDM=22.51    STRATEGY= 1      ERR MATRIX NOT POS-DEF
  EXT PARAMETER                APPROXIMATE        STEP         FIRST   
  NO.   NAME      VALUE            ERROR          SIZE      DERIVATIVE 
   1  N0           2.79133e+06     fixed    
   2  tau          6.44052e+01   constant   
   3  A0           3.52050e-01     fixed    
   4  phi          4.11651e+00     fixed    
   5  R           -6.00435e+01   constant   
   6  A_CBO       -4.75418e-04   2.22056e-04   0.00000e+00  -2.92346e+03
   7  w_CBO        2.32631e+00   3.50088e-07   0.00000e+00  -4.23875e+06
   8  phi_CBO      6.06696e+00     fixed    
   9  ANx2         5.96878e-04   constant   
  10  pNx2         1.09681e+00   constant   
  11  ANy1         0.00000e+00   constant   
  12  pNy1         0.00000e+00   constant   
  13  w_y          0.00000e+00   constant   
  14  ANy2         5.34481e-04   1.73709e-04   0.00000e+00   6.32917e+03
  15  pNy2         5.64757e+00   constant   
  16  w_vw         1.43013e+01   constant   
  17  LM          -2.80163e-05   constant   
  18  wCBO_expCoeff   2.00000e+02   3.01013e-05   0.00000e+00  -4.93122e+04
  19  wCBO_expOffset   2.00000e+02   4.52271e-06   0.00000e+00  -3.85208e+05
  20  wCBO_expT    3.00000e+01   3.78680e-06   0.00000e+00  -5.26570e+05
  21  wCBO_linCoeff   0.00000e+00   constant   
  22  wCBO_const   1.66721e-02   9.31452e-04  -0.00000e+00  -1.53676e+03
 EXTERNAL ERROR MATRIX.    NDIM=  25    NPAR=  7    ERR DEF=1
  4.931e-08  4.845e-11  8.801e-09  4.166e-09  2.669e-10  5.102e-10 -7.024e-08 
  4.845e-11  1.226e-13  2.215e-11  8.950e-12  5.613e-13  1.137e-12 -2.583e-10 
  8.801e-09  2.215e-11  3.017e-08  1.904e-09  1.374e-10  2.382e-10 -6.138e-08 
  4.166e-09  8.950e-12  1.904e-09  9.061e-10  4.826e-11  9.780e-11 -2.221e-08 
  2.669e-10  5.613e-13  1.374e-10  4.826e-11  2.045e-11  1.073e-11 -2.138e-09 
  5.102e-10  1.137e-12  2.382e-10  9.780e-11  1.073e-11  1.434e-11 -2.466e-09 
 -7.024e-08 -2.583e-10 -6.138e-08 -2.221e-08 -2.138e-09 -2.466e-09  8.676e-07 
ERR MATRIX NOT POS-DEF
 PARAMETER  CORRELATION COEFFICIENTS  
       NO.  GLOBAL      6      7     14     18     19     20     22
        6  0.79317   1.000  0.623  0.228  0.623  0.266  0.607 -0.340
        7  0.96016   0.623  1.000  0.364  0.849  0.354  0.858 -0.792
       14  0.43268   0.228  0.364  1.000  0.364  0.175  0.362 -0.379
       18  0.96017   0.623  0.849  0.364  1.000  0.354  0.858 -0.792
       19  0.90867   0.266  0.354  0.175  0.354  1.000  0.627 -0.507
       20  0.97445   0.607  0.858  0.362  0.858  0.627  1.000 -0.699
       22  0.94819  -0.340 -0.792 -0.379 -0.792 -0.507 -0.699  1.000
 ERR MATRIX NOT POS-DEF
MINUIT - FIT ONLY 2-CBO
 **********
 **   43 **RES 
 **********
                   PARAMETER    8  phi_CBO RESTORED TO VARIABLE.
                   PARAMETER    4  phi RESTORED TO VARIABLE.
                   PARAMETER    3  A0 RESTORED TO VARIABLE.
                   PARAMETER    1  N0 RESTORED TO VARIABLE.
 **********
 **   44 **FIX            0
 **********
 PARAMETER    0  IS UNDEFINED. IGNORED.
 **********
 **   45 **FIX            1
 **********
 **********
 **   46 **FIX            2
 **********
 PARAMETER    2  IS CONSTANT.   IGNORED.
 **********
 **   47 **FIX            3
 **********
 **********
 **   48 **FIX            4
 **********
 **********
 **   49 **FIX            5
 **********
 PARAMETER    5  IS CONSTANT.   IGNORED.
 **********
 **   50 **FIX            6
 **********
 **********
 **   51 **FIX            7
 **********
 **********
 **   52 **FIX           10
 **********
 PARAMETER   10  IS CONSTANT.   IGNORED.
 **********
 **   53 **FIX           11
 **********
 PARAMETER   11  IS CONSTANT.   IGNORED.
 **********
 **   54 **FIX           12
 **********
 PARAMETER   12  IS CONSTANT.   IGNORED.
 **********
 **   55 **FIX           13
 **********
 PARAMETER   13  IS CONSTANT.   IGNORED.
 **********
 **   56 **FIX           14
 **********
 **********
 **   57 **FIX           15
 **********
 PARAMETER   15  IS CONSTANT.   IGNORED.
 **********
 **   58 **FIX           16
 **********
 PARAMETER   16  IS CONSTANT.   IGNORED.
 **********
 **   59 **MIGRAD
 **********
 START MIGRAD MINIMIZATION.  STRATEGY  1.  CONVERGENCE WHEN EDM .LT. 1.00e-04
 FCN=1411.48 FROM MIGRAD    STATUS=INITIATE       12 CALLS         669 TOTAL
                     EDM= unknown      STRATEGY= 1      NO ERROR MATRIX       
  EXT PARAMETER               CURRENT GUESS       STEP         FIRST   
  NO.   NAME      VALUE            ERROR          SIZE      DERIVATIVE 
   1  N0           2.79133e+06     fixed    
   2  tau          6.44052e+01   constant   
   3  A0           3.52050e-01     fixed    
   4  phi          4.11651e+00     fixed    
   5  R           -6.00435e+01   constant   
   6  A_CBO       -4.75418e-04     fixed    
   7  w_CBO        2.32631e+00     fixed    
   8  phi_CBO      6.06696e+00   9.48612e-02   9.48612e-02  -1.52546e+01
   9  ANx2         5.96878e-04   constant   
  10  pNx2         1.09681e+00   constant   
  11  ANy1         0.00000e+00   constant   
  12  pNy1         0.00000e+00   constant   
  13  w_y          0.00000e+00   constant   
  14  ANy2         5.34481e-04     fixed    
  15  pNy2         5.64757e+00   constant   
  16  w_vw         1.43013e+01   constant   
  17  LM          -2.80163e-05   constant   
  18  wCBO_expCoeff   2.00000e+02   3.01013e-05   0.00000e+00  -4.93122e+04
  19  wCBO_expOffset   2.00000e+02   4.52271e-06   0.00000e+00  -3.85208e+05
  20  wCBO_expT    3.00000e+01   3.78680e-06   0.00000e+00  -5.26570e+05
  21  wCBO_linCoeff   0.00000e+00   constant   
  22  wCBO_const   1.66721e-02   9.31452e-04  -0.00000e+00  -1.53676e+03
 MIGRAD FAILS TO FIND IMPROVEMENT
 FCN=1410.29 FROM HESSE     STATUS=NOT POSDEF     37 CALLS         730 TOTAL
                     EDM=1023.1    STRATEGY= 1      ERR MATRIX NOT POS-DEF
  EXT PARAMETER                APPROXIMATE        STEP         FIRST   
  NO.   NAME      VALUE            ERROR          SIZE      DERIVATIVE 
   1  N0           2.79133e+06     fixed    
   2  tau          6.44052e+01   constant   
   3  A0           3.52050e-01     fixed    
   4  phi          4.11651e+00     fixed    
   5  R           -6.00435e+01   constant   
   6  A_CBO       -4.75418e-04     fixed    
   7  w_CBO        2.32631e+00     fixed    
   8  phi_CBO      6.11493e+00   4.96647e+00   7.43234e-03  -1.65310e+01
   9  ANx2         5.96878e-04   constant   
  10  pNx2         1.09681e+00   constant   
  11  ANy1         0.00000e+00   constant   
  12  pNy1         0.00000e+00   constant   
  13  w_y          0.00000e+00   constant   
  14  ANy2         5.34481e-04     fixed    
  15  pNy2         5.64757e+00   constant   
  16  w_vw         1.43013e+01   constant   
  17  LM          -2.80163e-05   constant   
  18  wCBO_expCoeff   2.00000e+02   1.26416e-04   9.53674e-05   4.03773e+04
  19  wCBO_expOffset   2.00000e+02   7.25899e-05   9.53675e-05   2.30888e+05
  20  wCBO_expT    3.00000e+01   2.03395e-05   1.43051e-05  -1.56031e+06
  21  wCBO_linCoeff   0.00000e+00   constant   
  22  wCBO_const   1.66805e-02   4.42850e-03   9.80254e-06   1.90348e+03
 MIGRAD FAILS TO FIND IMPROVEMENT
 MIGRAD TERMINATED WITHOUT CONVERGENCE.
 FCN=1403.92 FROM MIGRAD    STATUS=FAILED        116 CALLS         773 TOTAL
                     EDM=824.476    STRATEGY= 1      ERR MATRIX NOT POS-DEF
  EXT PARAMETER                APPROXIMATE        STEP         FIRST   
  NO.   NAME      VALUE            ERROR          SIZE      DERIVATIVE 
   1  N0           2.79133e+06     fixed    
   2  tau          6.44052e+01   constant   
   3  A0           3.52050e-01     fixed    
   4  phi          4.11651e+00     fixed    
   5  R           -6.00435e+01   constant   
   6  A_CBO       -4.75418e-04     fixed    
   7  w_CBO        2.32631e+00     fixed    
   8  phi_CBO      4.45350e+01   3.51956e-01  -0.00000e+00  -2.14855e+00
   9  ANx2         5.96878e-04   constant   
  10  pNx2         1.09681e+00   constant   
  11  ANy1         0.00000e+00   constant   
  12  pNy1         0.00000e+00   constant   
  13  w_y          0.00000e+00   constant   
  14  ANy2         5.34481e-04     fixed    
  15  pNy2         5.64757e+00   constant   
  16  w_vw         1.43013e+01   constant   
  17  LM          -2.80163e-05   constant   
  18  wCBO_expCoeff   1.99999e+02   1.88576e-05   0.00000e+00   1.37101e+05
  19  wCBO_expOffset   2.00000e+02   1.76077e-05   0.00000e+00  -2.59425e+05
  20  wCBO_expT    2.99998e+01   2.47183e-06   0.00000e+00  -2.48934e+06
  21  wCBO_linCoeff   0.00000e+00   constant   
  22  wCBO_const   5.02587e-02   6.77822e-04  -0.00000e+00   5.21664e+03
 EXTERNAL ERROR MATRIX.    NDIM=  25    NPAR=  5    ERR DEF=1
  1.239e-01 -2.224e-06 -3.147e-06 -2.642e-07  7.526e-05 
 -2.224e-06  3.556e-10  2.686e-11  2.606e-11 -8.401e-09 
 -3.147e-06  2.686e-11  3.100e-10 -5.132e-12  2.867e-10 
 -2.642e-07  2.606e-11 -5.132e-12  6.110e-12 -7.495e-10 
  7.526e-05 -8.401e-09  2.867e-10 -7.495e-10  4.594e-07 
ERR MATRIX NOT POS-DEF
 PARAMETER  CORRELATION COEFFICIENTS  
       NO.  GLOBAL      8     18     19     20     22
        8  0.65233   1.000 -0.335 -0.508 -0.304  0.315
       18  0.73322  -0.335  1.000  0.081  0.559 -0.657
       19  0.60281  -0.508  0.081  1.000 -0.118  0.024
       20  0.63170  -0.304  0.559 -0.118  1.000 -0.447
       22  0.68271   0.315 -0.657  0.024 -0.447  1.000
 ERR MATRIX NOT POS-DEF
MINUIT - FIT ONLY 1-y
 **********
 **   60 **RES 
 **********
                   PARAMETER   14  ANy2 RESTORED TO VARIABLE.
                   PARAMETER    7  w_CBO RESTORED TO VARIABLE.
                   PARAMETER    6  A_CBO RESTORED TO VARIABLE.
                   PARAMETER    4  phi RESTORED TO VARIABLE.
                   PARAMETER    3  A0 RESTORED TO VARIABLE.
                   PARAMETER    1  N0 RESTORED TO VARIABLE.
 **********
 **   61 **FIX            0
 **********
 PARAMETER    0  IS UNDEFINED. IGNORED.
 **********
 **   62 **FIX            1
 **********
 **********
 **   63 **FIX            2
 **********
 PARAMETER    2  IS CONSTANT.   IGNORED.
 **********
 **   64 **FIX            3
 **********
 **********
 **   65 **FIX            4
 **********
 **********
 **   66 **FIX            5
 **********
 PARAMETER    5  IS CONSTANT.   IGNORED.
 **********
 **   67 **FIX            6
 **********
 **********
 **   68 **FIX            7
 **********
 **********
 **   69 **FIX            8
 **********
 **********
 **   70 **FIX            9
 **********
 PARAMETER    9  IS CONSTANT.   IGNORED.
 **********
 **   71 **FIX           13
 **********
 PARAMETER   13  IS CONSTANT.   IGNORED.
 **********
 **   72 **FIX           14
 **********
 **********
 **   73 **FIX           15
 **********
 PARAMETER   15  IS CONSTANT.   IGNORED.
 **********
 **   74 **FIX           16
 **********
 PARAMETER   16  IS CONSTANT.   IGNORED.
 **********
 **   75 **MIGRAD
 **********
 START MIGRAD MINIMIZATION.  STRATEGY  1.  CONVERGENCE WHEN EDM .LT. 1.00e-04
 FCN=1403.92 FROM MIGRAD    STATUS=INITIATE        8 CALLS         781 TOTAL
                     EDM= unknown      STRATEGY= 1      NO ERROR MATRIX       
  EXT PARAMETER               CURRENT GUESS       STEP         FIRST   
  NO.   NAME      VALUE            ERROR          SIZE      DERIVATIVE 
   1  N0           2.79133e+06     fixed    
   2  tau          6.44052e+01   constant   
   3  A0           3.52050e-01     fixed    
   4  phi          4.11651e+00     fixed    
   5  R           -6.00435e+01   constant   
   6  A_CBO       -4.75418e-04     fixed    
   7  w_CBO        2.32631e+00     fixed    
   8  phi_CBO      4.45350e+01     fixed    
   9  ANx2         5.96878e-04   constant   
  10  pNx2         1.09681e+00   constant   
  11  ANy1         0.00000e+00   constant   
  12  pNy1         0.00000e+00   constant   
  13  w_y          0.00000e+00   constant   
  14  ANy2         5.34481e-04     fixed    
  15  pNy2         5.64757e+00   constant   
  16  w_vw         1.43013e+01   constant   
  17  LM          -2.80163e-05   constant   
  18  wCBO_expCoeff   1.99999e+02   1.88576e-05   0.00000e+00   1.37101e+05
  19  wCBO_expOffset   2.00000e+02   1.76077e-05   0.00000e+00  -2.59425e+05
  20  wCBO_expT    2.99998e+01   2.47183e-06   0.00000e+00  -2.48934e+06
  21  wCBO_linCoeff   0.00000e+00   constant   
  22  wCBO_const   5.02587e-02   6.77822e-04  -0.00000e+00   5.21664e+03
 MIGRAD FAILS TO FIND IMPROVEMENT
 COVARIANCE MATRIX CALCULATED SUCCESSFULLY
 FCN=1403.92 FROM HESSE     STATUS=OK             29 CALLS         818 TOTAL
                     EDM=234.73    STRATEGY= 1      ERROR MATRIX ACCURATE 
  EXT PARAMETER                                   STEP         FIRST   
  NO.   NAME      VALUE            ERROR          SIZE      DERIVATIVE 
   1  N0           2.79133e+06     fixed    
   2  tau          6.44052e+01   constant   
   3  A0           3.52050e-01     fixed    
   4  phi          4.11651e+00     fixed    
   5  R           -6.00435e+01   constant   
   6  A_CBO       -4.75418e-04     fixed    
   7  w_CBO        2.32631e+00     fixed    
   8  phi_CBO      4.45350e+01     fixed    
   9  ANx2         5.96878e-04   constant   
  10  pNx2         1.09681e+00   constant   
  11  ANy1         0.00000e+00   constant   
  12  pNy1         0.00000e+00   constant   
  13  w_y          0.00000e+00   constant   
  14  ANy2         5.34481e-04     fixed    
  15  pNy2         5.64757e+00   constant   
  16  w_vw         1.43013e+01   constant   
  17  LM          -2.80163e-05   constant   
  18  wCBO_expCoeff   1.99999e+02   1.55523e-05   9.53669e-05   3.23936e+05
  19  wCBO_expOffset   2.00000e+02   1.67600e-05   9.53673e-05   1.55592e+06
  20  wCBO_expT    2.99998e+01   1.79579e-06   1.43050e-05  -7.91017e+06
  21  wCBO_linCoeff   0.00000e+00   constant   
  22  wCBO_const   5.02587e-02   6.75159e-04   1.12063e-05   5.21664e+03
 MIGRAD FAILS TO FIND IMPROVEMENT
 MIGRAD TERMINATED WITHOUT CONVERGENCE.
 FCN=1398.36 FROM MIGRAD    STATUS=FAILED         80 CALLS         853 TOTAL
                     EDM=4.63654    STRATEGY= 1  ERROR MATRIX UNCERTAINTY  25.2 per cent
  EXT PARAMETER                APPROXIMATE        STEP         FIRST   
  NO.   NAME      VALUE            ERROR          SIZE      DERIVATIVE 
   1  N0           2.79133e+06     fixed    
   2  tau          6.44052e+01   constant   
   3  A0           3.52050e-01     fixed    
   4  phi          4.11651e+00     fixed    
   5  R           -6.00435e+01   constant   
   6  A_CBO       -4.75418e-04     fixed    
   7  w_CBO        2.32631e+00     fixed    
   8  phi_CBO      4.45350e+01     fixed    
   9  ANx2         5.96878e-04   constant   
  10  pNx2         1.09681e+00   constant   
  11  ANy1         0.00000e+00   constant   
  12  pNy1         0.00000e+00   constant   
  13  w_y          0.00000e+00   constant   
  14  ANy2         5.34481e-04     fixed    
  15  pNy2         5.64757e+00   constant   
  16  w_vw         1.43013e+01   constant   
  17  LM          -2.80163e-05   constant   
  18  wCBO_expCoeff   1.99999e+02   1.75334e-05   0.00000e+00  -1.62984e+05
  19  wCBO_expOffset   2.00000e+02   1.58372e-05   0.00000e+00  -1.77647e+05
  20  wCBO_expT    2.99998e+01   5.10837e-06   0.00000e+00  -1.22336e+06
  21  wCBO_linCoeff   0.00000e+00   constant   
  22  wCBO_const   5.03126e-02   4.73068e-04   0.00000e+00  -4.15003e+03
 EXTERNAL ERROR MATRIX.    NDIM=  25    NPAR=  4    ERR DEF=1
  3.074e-10  1.297e-10  5.020e-11 -5.488e-09 
  1.297e-10  2.508e-10  7.986e-11  2.163e-09 
  5.020e-11  7.986e-11  2.610e-11  4.880e-10 
 -5.488e-09  2.163e-09  4.880e-10  2.238e-07 
ERR MATRIX APPROXIMATE
 PARAMETER  CORRELATION COEFFICIENTS  
       NO.  GLOBAL     18     19     20     22
       18  0.97537   1.000  0.467  0.560 -0.662
       19  0.99300   0.467  1.000  0.987  0.289
       20  0.99511   0.560  0.987  1.000  0.202
       22  0.95936  -0.662  0.289  0.202  1.000
 ERR MATRIX APPROXIMATE
MINUIT - FIT ONLY 2-y
 **********
 **   76 **RES 
 **********
                   PARAMETER   14  ANy2 RESTORED TO VARIABLE.
                   PARAMETER    8  phi_CBO RESTORED TO VARIABLE.
                   PARAMETER    7  w_CBO RESTORED TO VARIABLE.
                   PARAMETER    6  A_CBO RESTORED TO VARIABLE.
                   PARAMETER    4  phi RESTORED TO VARIABLE.
                   PARAMETER    3  A0 RESTORED TO VARIABLE.
