 + ++++++++++++++++++++++++++++++++++++++++++++++++++++++++++++++++++++ +
 +                                                                      +
 +           You have chose to blind your fitting according to          +
 +                omega_ref * (1 + (R +/- deltaR) *10^{-6})             +
 +                                                                      +
 + ++++++++++++++++++++++++++++++++++++++++++++++++++++++++++++++++++++ +
In main()...
reading format from /gm2data/zkhechad/run45/envelope/formats/formatB_sBin_constraintOn.txt
pBinTau 	= 0  
pBinPhi 	= 0  
constraintau 	= 1 
includeMopTerm 	= 0    
constrainMop    = 0   
Parameters after format file: pBinTau 0 pBinPhi 0 constraintau 1 includeMopTerm 0 constrainMop 0 c_e_scale 0.000000 
reading cbo reference file (full fit) from /gm2data/zkhechad/cboTemplates/Run4CBOTemplates/fullFits/run4/sBin_constraintOn_cE0.0_seed0_run4_calo20.root
A_CBO 0.007307 w_CBO 2.326921 phi_CBO 1.268494 N0 3181980.382925 R -61.000535 tau 64.408953 
Reading cboRef file /gm2data/zkhechad/cboTemplates/Run4CBOTemplates//cboIsolate/run4_calo20.root
deltaT 64.682412
windowBins = 430
fitting sliding window 940 from bin 1143 at 170.535600 to bin 1573 at 234.691600 (430 bins)

Reading data from /gm2data/cornell/histograms/aMethod/histogram_a_run4.root
fitting cbo isolate
 **********
 **    1 **SET PRINTOUT            1
 **********
 **********
 **    2 **SET NOWARNINGS 
 **********
 PARAMETER DEFINITIONS:
    NO.   NAME         VALUE      STEP SIZE      LIMITS
     1 A_CBO        7.30680e-03  1.00000e-05     no limits
     2 w_CBO        2.32692e+00  1.00000e-02    2.00000e+00  3.00000e+00
     3 phi_CBO      1.26849e+00  1.00000e-02    0.00000e+00  6.28319e+00
 **********
 **    3 **MIGRAD
 **********
 FIRST CALL TO USER FUNCTION AT NEW START POINT, WITH IFLAG=4.
 START MIGRAD MINIMIZATION.  STRATEGY  1.  CONVERGENCE WHEN EDM .LT. 1.00e-04
 FCN=0.00540334 FROM MIGRAD    STATUS=INITIATE       12 CALLS          13 TOTAL
                     EDM= unknown      STRATEGY= 1      NO ERROR MATRIX       
  EXT PARAMETER               CURRENT GUESS       STEP         FIRST   
  NO.   NAME      VALUE            ERROR          SIZE      DERIVATIVE 
   1  A_CBO        7.30680e-03   1.00000e-05   1.00000e-05   1.89085e+00
   2  w_CBO        2.32692e+00   1.00000e-02   2.13202e-02   7.81045e-03
   3  phi_CBO      1.26849e+00   1.00000e-02   3.96494e-03  -8.86653e-05
 MIGRAD MINIMIZATION HAS CONVERGED.
 MIGRAD WILL VERIFY CONVERGENCE AND ERROR MATRIX.
 COVARIANCE MATRIX CALCULATED SUCCESSFULLY
 FCN=0.00127301 FROM MIGRAD    STATUS=CONVERGED      41 CALLS          42 TOTAL
                     EDM=1.55086e-05    STRATEGY= 1      ERROR MATRIX ACCURATE 
  EXT PARAMETER                                   STEP         FIRST   
  NO.   NAME      VALUE            ERROR          SIZE      DERIVATIVE 
   1  A_CBO        2.93828e-03   6.93404e-02   3.32113e-05  -3.69154e-05
   2  w_CBO        2.32688e+00   6.48334e-01   1.19991e-04  -8.09403e-05
   3  phi_CBO      1.27241e+00   3.77549e+00   4.50176e-03   5.10090e-05
 EXTERNAL ERROR MATRIX.    NDIM=  25    NPAR=  3    ERR DEF=1
  4.808e-03 -1.948e-02 -3.942e+00 
 -1.948e-02  2.030e+00  4.087e+02 
 -3.942e+00  4.087e+02  8.283e+04 
 PARAMETER  CORRELATION COEFFICIENTS  
       NO.  GLOBAL      1      2      3
        1  0.19758   1.000 -0.197 -0.198
        2  0.99673  -0.197  1.000  0.997
        3  0.99673  -0.198  0.997  1.000
setting A_CBO=0.002938 w_CBO=2.326876, phi_CBO=1.272407
done fitting cbo isolate
 **********
 **    1 **SET PRINTOUT            1
 **********
 **********
 **    2 **SET NOWARNINGS 
 **********
 PARAMETER DEFINITIONS:
    NO.   NAME         VALUE      STEP SIZE      LIMITS
     1 N0           3.18198e+06  1.00000e+02     no limits
     2 tau          6.44090e+01  constant
     3 A0           3.64685e-01  1.00000e-04     no limits
     4 phi          4.11970e+00  1.00000e-02     no limits
     5 R           -6.10005e+01  constant
     6 A_CBO        2.93828e-03  1.00000e-05     no limits
     7 w_CBO        2.32688e+00  1.00000e-03     no limits
     8 phi_CBO      1.27241e+00  1.00000e-04     no limits
     9 ANx2         1.86992e-04  constant
    10 pNx2         5.81164e+00  constant
    11 ANy1         0.00000e+00  constant
    12 pNy1         0.00000e+00  constant
    13 w_y          0.00000e+00  constant
    14 ANy2         8.35747e-03  1.00000e-04     no limits
    15 pNy2         4.18605e+00  constant
    16 w_vw         1.43216e+01  constant
    17 LM           7.21641e-05  constant
    18 wCBO_expCoeff   2.00000e+02  1.00000e+00     no limits
    19 wCBO_expOffset   2.00000e+02  1.00000e+00     no limits
    20 wCBO_expT    3.00000e+01  1.00000e+00     no limits
    21 wCBO_linCoeff   0.00000e+00  constant
    22 wCBO_const   0.00000e+00  1.00000e-02     no limits
MINUIT - FIT ONLY WIGGLE
 **********
 **    3 **FIX            5
 **********
 PARAMETER    5  IS CONSTANT.   IGNORED.
 **********
 **    4 **FIX            6
 **********
 **********
 **    5 **FIX            7
 **********
 **********
 **    6 **FIX            8
 **********
 **********
 **    7 **FIX            9
 **********
 PARAMETER    9  IS CONSTANT.   IGNORED.
 **********
 **    8 **FIX           10
 **********
 PARAMETER   10  IS CONSTANT.   IGNORED.
 **********
 **    9 **FIX           11
 **********
 PARAMETER   11  IS CONSTANT.   IGNORED.
 **********
 **   10 **FIX           12
 **********
 PARAMETER   12  IS CONSTANT.   IGNORED.
 **********
 **   11 **FIX           13
 **********
 PARAMETER   13  IS CONSTANT.   IGNORED.
 **********
 **   12 **FIX           14
 **********
 **********
 **   13 **FIX           15
 **********
 PARAMETER   15  IS CONSTANT.   IGNORED.
 **********
 **   14 **FIX           16
 **********
 PARAMETER   16  IS CONSTANT.   IGNORED.
 **********
 **   15 **MIGRAD
 **********
 FIRST CALL TO USER FUNCTION AT NEW START POINT, WITH IFLAG=4.
 START MIGRAD MINIMIZATION.  STRATEGY  1.  CONVERGENCE WHEN EDM .LT. 1.00e-04
 FCN=1878.02 FROM MIGRAD    STATUS=INITIATE       63 CALLS          64 TOTAL
                     EDM= unknown      STRATEGY= 1      NO ERROR MATRIX       
  EXT PARAMETER               CURRENT GUESS       STEP         FIRST   
  NO.   NAME      VALUE            ERROR          SIZE      DERIVATIVE 
   1  N0           3.18198e+06   1.00000e+02   0.00000e+00  -1.04910e-04
   2  tau          6.44090e+01   constant   
   3  A0           3.64685e-01   1.00000e-04   0.00000e+00  -1.26122e+04
   4  phi          4.11970e+00   1.00000e-02   0.00000e+00  -8.39938e+03
   5  R           -6.10005e+01   constant   
   6  A_CBO        2.93828e-03     fixed    
   7  w_CBO        2.32688e+00     fixed    
   8  phi_CBO      1.27241e+00     fixed    
   9  ANx2         1.86992e-04   constant   
  10  pNx2         5.81164e+00   constant   
  11  ANy1         0.00000e+00   constant   
  12  pNy1         0.00000e+00   constant   
  13  w_y          0.00000e+00   constant   
  14  ANy2         8.35747e-03     fixed    
  15  pNy2         4.18605e+00   constant   
  16  w_vw         1.43216e+01   constant   
  17  LM           7.21641e-05   constant   
  18  wCBO_expCoeff   1.99990e+02   1.00000e+00  -9.94682e-03  -6.07033e+03
  19  wCBO_expOffset   2.00000e+02   1.00000e+00   0.00000e+00  -2.43224e+04
  20  wCBO_expT    3.00000e+01   1.00000e+00   0.00000e+00  -6.64768e+04
  21  wCBO_linCoeff   0.00000e+00   constant   
  22  wCBO_const   0.00000e+00   1.00000e-02   0.00000e+00  -1.33708e+04
 MIGRAD FAILS TO FIND IMPROVEMENT
 COVARIANCE MATRIX CALCULATED SUCCESSFULLY
 FCN=1848.25 FROM HESSE     STATUS=OK             54 CALLS         289 TOTAL
                     EDM=0.28877    STRATEGY= 1      ERROR MATRIX ACCURATE 
  EXT PARAMETER                                   STEP         FIRST   
  NO.   NAME      VALUE            ERROR          SIZE      DERIVATIVE 
   1  N0           3.18224e+06   4.94067e+02   1.00080e+01  -8.11299e-05
   2  tau          6.44090e+01   constant   
   3  A0           3.64987e-01   2.01787e-04   4.15487e-06   5.21723e-01
   4  phi          4.12108e+00   5.83112e-04   1.20237e-05   5.84836e+01
   5  R           -6.10005e+01   constant   
   6  A_CBO        2.93828e-03     fixed    
   7  w_CBO        2.32688e+00     fixed    
   8  phi_CBO      1.27241e+00     fixed    
   9  ANx2         1.86992e-04   constant   
  10  pNx2         5.81164e+00   constant   
  11  ANy1         0.00000e+00   constant   
  12  pNy1         0.00000e+00   constant   
  13  w_y          0.00000e+00   constant   
  14  ANy2         8.35747e-03     fixed    
  15  pNy2         4.18605e+00   constant   
  16  w_vw         1.43216e+01   constant   
  17  LM           7.21641e-05   constant   
  18  wCBO_expCoeff   2.00003e+02   1.22555e-03   9.53689e-05   3.69487e+01
  19  wCBO_expOffset   1.99999e+02   5.35347e-05   9.53670e-05  -2.33677e+03
  20  wCBO_expT    3.00011e+01   1.68141e-04   1.43056e-05  -4.03064e+03
  21  wCBO_linCoeff   0.00000e+00   constant   
  22  wCBO_const  -5.57611e-03   1.12693e-03   5.67598e-06   3.77219e+02
 MIGRAD FAILS TO FIND IMPROVEMENT
 MIGRAD TERMINATED WITHOUT CONVERGENCE.
 FCN=1846.63 FROM MIGRAD    STATUS=FAILED        366 CALLS         367 TOTAL
                     EDM=0.029292    STRATEGY= 1  ERROR MATRIX UNCERTAINTY   1.1 per cent
  EXT PARAMETER                APPROXIMATE        STEP         FIRST   
  NO.   NAME      VALUE            ERROR          SIZE      DERIVATIVE 
   1  N0           3.18218e+06   4.84525e+02   0.00000e+00   1.51021e-04
   2  tau          6.44090e+01   constant   
   3  A0           3.64968e-01   2.01356e-04   0.00000e+00   1.56894e+02
   4  phi          4.12100e+00   5.90594e-04   0.00000e+00   1.29056e+02
   5  R           -6.10005e+01   constant   
   6  A_CBO        2.93828e-03     fixed    
   7  w_CBO        2.32688e+00     fixed    
   8  phi_CBO      1.27241e+00     fixed    
   9  ANx2         1.86992e-04   constant   
  10  pNx2         5.81164e+00   constant   
  11  ANy1         0.00000e+00   constant   
  12  pNy1         0.00000e+00   constant   
  13  w_y          0.00000e+00   constant   
  14  ANy2         8.35747e-03     fixed    
  15  pNy2         4.18605e+00   constant   
  16  w_vw         1.43216e+01   constant   
  17  LM           7.21641e-05   constant   
  18  wCBO_expCoeff   2.00007e+02   2.31369e-03  -0.00000e+00   4.23452e+02
  19  wCBO_expOffset   1.99999e+02   9.64274e-05   0.00000e+00  -4.00207e+03
  20  wCBO_expT    3.00017e+01   3.18884e-04  -0.00000e+00  -1.33127e+03
  21  wCBO_linCoeff   0.00000e+00   constant   
  22  wCBO_const  -9.49465e-03   2.08028e-03   0.00000e+00   1.07355e+02
 EXTERNAL ERROR MATRIX.    NDIM=  25    NPAR=  7    ERR DEF=1
  2.348e+05  5.663e-03  1.309e-02 -3.120e-01  1.625e-02 -2.432e-02  1.611e-01 
  5.663e-03  4.054e-08  3.238e-09 -8.322e-08  2.927e-09 -7.596e-09  4.554e-08 
  1.309e-02  3.238e-09  3.488e-07 -3.565e-07  2.613e-08 -2.668e-08  1.139e-07 
 -3.120e-01 -8.322e-08 -3.565e-07  5.353e-06  6.571e-08  7.143e-07 -4.573e-06 
  1.625e-02  2.927e-09  2.613e-08  6.571e-08  9.298e-09  1.487e-08 -1.067e-07 
 -2.432e-02 -7.596e-09 -2.668e-08  7.143e-07  1.487e-08  1.017e-07 -6.365e-07 
  1.611e-01  4.554e-08  1.139e-07 -4.573e-06 -1.067e-07 -6.365e-07  4.328e-06 
ERR MATRIX APPROXIMATE
 PARAMETER  CORRELATION COEFFICIENTS  
       NO.  GLOBAL      1      3      4     18     19     20     22
        1  0.66962   1.000  0.058  0.046 -0.278  0.348 -0.157  0.160
        3  0.40997   0.058  1.000  0.027 -0.179  0.151 -0.118  0.109
        4  0.72527   0.046  0.027  1.000 -0.261  0.459 -0.142  0.093
       18  0.99760  -0.278 -0.179 -0.261  1.000  0.295  0.968 -0.950
       19  0.96965   0.348  0.151  0.459  0.295  1.000  0.484 -0.532
       20  0.99459  -0.157 -0.118 -0.142  0.968  0.484  1.000 -0.959
       22  0.99202   0.160  0.109  0.093 -0.950 -0.532 -0.959  1.000
 ERR MATRIX APPROXIMATE
MINUIT - FIT ONLY 1-CBO + other amplitudes 
 **********
 **   16 **RES 
 **********
                   PARAMETER   14  ANy2 RESTORED TO VARIABLE.
                   PARAMETER    8  phi_CBO RESTORED TO VARIABLE.
                   PARAMETER    7  w_CBO RESTORED TO VARIABLE.
                   PARAMETER    6  A_CBO RESTORED TO VARIABLE.
 **********
 **   17 **FIX            0
 **********
 PARAMETER    0  IS UNDEFINED. IGNORED.
 **********
 **   18 **FIX            1
 **********
 **********
 **   19 **FIX            2
 **********
 PARAMETER    2  IS CONSTANT.   IGNORED.
 **********
 **   20 **FIX            3
 **********
 **********
 **   21 **FIX            4
 **********
 **********
 **   22 **FIX            9
 **********
 PARAMETER    9  IS CONSTANT.   IGNORED.
 **********
 **   23 **FIX           11
 **********
 PARAMETER   11  IS CONSTANT.   IGNORED.
 **********
 **   24 **FIX           12
 **********
 PARAMETER   12  IS CONSTANT.   IGNORED.
 **********
 **   25 **FIX           14
 **********
 **********
 **   26 **FIX           15
 **********
 PARAMETER   15  IS CONSTANT.   IGNORED.
 **********
 **   27 **FIX           16
 **********
 PARAMETER   16  IS CONSTANT.   IGNORED.
 **********
 **   28 **MIGRAD
 **********
 START MIGRAD MINIMIZATION.  STRATEGY  1.  CONVERGENCE WHEN EDM .LT. 1.00e-04
 FCN=1846.63 FROM MIGRAD    STATUS=INITIATE       22 CALLS         389 TOTAL
                     EDM= unknown      STRATEGY= 1      NO ERROR MATRIX       
  EXT PARAMETER               CURRENT GUESS       STEP         FIRST   
  NO.   NAME      VALUE            ERROR          SIZE      DERIVATIVE 
   1  N0           3.18218e+06     fixed    
   2  tau          6.44090e+01   constant   
   3  A0           3.64968e-01     fixed    
   4  phi          4.12100e+00     fixed    
   5  R           -6.10005e+01   constant   
   6  A_CBO        2.93828e-03   1.00000e-05   1.00000e-05   7.99178e+04
   7  w_CBO        2.32688e+00   1.00000e-03   1.00000e-03   3.64324e+04
   8  phi_CBO      1.27241e+00   1.00000e-04   1.00000e-04  -3.33056e+00
   9  ANx2         1.86992e-04   constant   
  10  pNx2         5.81164e+00   constant   
  11  ANy1         0.00000e+00   constant   
  12  pNy1         0.00000e+00   constant   
  13  w_y          0.00000e+00   constant   
  14  ANy2         8.35747e-03     fixed    
  15  pNy2         4.18605e+00   constant   
  16  w_vw         1.43216e+01   constant   
  17  LM           7.21641e-05   constant   
  18  wCBO_expCoeff   2.00007e+02   2.31369e-03  -0.00000e+00   4.23452e+02
  19  wCBO_expOffset   1.99999e+02   9.64274e-05   0.00000e+00  -4.00207e+03
  20  wCBO_expT    3.00017e+01   3.18884e-04  -0.00000e+00  -1.33127e+03
  21  wCBO_linCoeff   0.00000e+00   constant   
  22  wCBO_const  -9.49465e-03   2.08028e-03   0.00000e+00   1.07355e+02
 CALL LIMIT EXCEEDED IN MIGRAD.
 MIGRAD TERMINATED WITHOUT CONVERGENCE.
 FCN=1765.3 FROM MIGRAD    STATUS=CALL LIMIT   1153 CALLS        1520 TOTAL
                     EDM=1.84115    STRATEGY= 1  ERROR MATRIX UNCERTAINTY   1.0 per cent
  EXT PARAMETER                APPROXIMATE        STEP         FIRST   
  NO.   NAME      VALUE            ERROR          SIZE      DERIVATIVE 
   1  N0           3.18218e+06     fixed    
   2  tau          6.44090e+01   constant   
   3  A0           3.64968e-01     fixed    
   4  phi          4.12100e+00     fixed    
   5  R           -6.10005e+01   constant   
   6  A_CBO        1.10228e-03   2.24339e-04   4.83787e-08   2.78315e+02
   7  w_CBO        2.32688e+00   3.74568e-06   3.43576e-08   3.33567e+04
   8  phi_CBO      2.81408e+00   2.85592e-01   2.13241e-03  -4.42118e+00
   9  ANx2         1.86992e-04   constant   
  10  pNx2         5.81164e+00   constant   
  11  ANy1         0.00000e+00   constant   
  12  pNy1         0.00000e+00   constant   
  13  w_y          0.00000e+00   constant   
  14  ANy2         8.35747e-03     fixed    
  15  pNy2         4.18605e+00   constant   
  16  w_vw         1.43216e+01   constant   
  17  LM           7.21641e-05   constant   
  18  wCBO_expCoeff   2.00007e+02   3.20398e-04   2.93145e-06   3.82488e+02
  19  wCBO_expOffset   1.99999e+02   4.50565e-04  -4.68886e-06   8.48009e+03
  20  wCBO_expT    3.00014e+01   3.21711e-04  -3.33643e-06   2.22693e+03
  21  wCBO_linCoeff   0.00000e+00   constant   
  22  wCBO_const  -5.48579e-03   2.34200e-03   2.40394e-05   1.09236e+03
 EXTERNAL ERROR MATRIX.    NDIM=  25    NPAR=  7    ERR DEF=1
  5.033e-08  1.455e-11  3.711e-06  1.262e-09 -7.103e-10 -6.478e-10 -2.031e-09 
  1.455e-11  1.403e-11  6.532e-07  9.344e-10 -1.482e-09 -1.060e-09  7.438e-09 
  3.711e-06  6.532e-07  8.156e-02  5.561e-05 -8.122e-05 -5.449e-05  5.254e-04 
  1.262e-09  9.344e-10  5.561e-05  1.027e-07 -1.265e-07 -9.048e-08  6.343e-07 
 -7.103e-10 -1.482e-09 -8.122e-05 -1.265e-07  2.030e-07  1.435e-07 -1.020e-06 
 -6.478e-10 -1.060e-09 -5.449e-05 -9.048e-08  1.435e-07  1.035e-07 -7.093e-07 
 -2.031e-09  7.438e-09  5.254e-04  6.343e-07 -1.020e-06 -7.093e-07  5.485e-06 
ERR MATRIX APPROXIMATE
 PARAMETER  CORRELATION COEFFICIENTS  
       NO.  GLOBAL      6      7      8     18     19     20     22
        6  0.25635   1.000  0.017  0.058  0.018 -0.007 -0.009 -0.004
        7  0.89679   0.017  1.000  0.611  0.779 -0.878 -0.879  0.848
        8  0.95432   0.058  0.611  1.000  0.608 -0.631 -0.593  0.786
       18  0.89501   0.018  0.779  0.608  1.000 -0.876 -0.878  0.845
       19  0.99745  -0.007 -0.878 -0.631 -0.876  1.000  0.990 -0.967
       20  0.99217  -0.009 -0.879 -0.593 -0.878  0.990  1.000 -0.941
       22  0.99536  -0.004  0.848  0.786  0.845 -0.967 -0.941  1.000
 ERR MATRIX APPROXIMATE
MINUIT - FIT ONLY 1-CBO
 **********
 **   29 **RES 
 **********
                   PARAMETER   14  ANy2 RESTORED TO VARIABLE.
                   PARAMETER    4  phi RESTORED TO VARIABLE.
                   PARAMETER    3  A0 RESTORED TO VARIABLE.
                   PARAMETER    1  N0 RESTORED TO VARIABLE.
 **********
 **   30 **FIX            0
 **********
 PARAMETER    0  IS UNDEFINED. IGNORED.
 **********
 **   31 **FIX            1
 **********
 **********
 **   32 **FIX            2
 **********
 PARAMETER    2  IS CONSTANT.   IGNORED.
 **********
 **   33 **FIX            3
 **********
 **********
 **   34 **FIX            4
 **********
 **********
 **   35 **FIX            8
 **********
 **********
 **   36 **FIX            9
 **********
 PARAMETER    9  IS CONSTANT.   IGNORED.
 **********
 **   37 **FIX           11
 **********
 PARAMETER   11  IS CONSTANT.   IGNORED.
 **********
 **   38 **FIX           12
 **********
 PARAMETER   12  IS CONSTANT.   IGNORED.
 **********
 **   39 **FIX           13
 **********
 PARAMETER   13  IS CONSTANT.   IGNORED.
 **********
 **   40 **FIX           15
 **********
 PARAMETER   15  IS CONSTANT.   IGNORED.
 **********
 **   41 **FIX           16
 **********
 PARAMETER   16  IS CONSTANT.   IGNORED.
 **********
 **   42 **MIGRAD
 **********
 START MIGRAD MINIMIZATION.  STRATEGY  1.  CONVERGENCE WHEN EDM .LT. 1.00e-04
 FCN=1765.3 FROM MIGRAD    STATUS=INITIATE       16 CALLS        1536 TOTAL
                     EDM= unknown      STRATEGY= 1      NO ERROR MATRIX       
  EXT PARAMETER               CURRENT GUESS       STEP         FIRST   
  NO.   NAME      VALUE            ERROR          SIZE      DERIVATIVE 
   1  N0           3.18218e+06     fixed    
   2  tau          6.44090e+01   constant   
   3  A0           3.64968e-01     fixed    
   4  phi          4.12100e+00     fixed    
   5  R           -6.10005e+01   constant   
   6  A_CBO        1.10228e-03   2.24339e-04   4.83787e-08   2.78315e+02
   7  w_CBO        2.32688e+00   3.74568e-06   3.43576e-08   3.33567e+04
   8  phi_CBO      2.81408e+00     fixed    
   9  ANx2         1.86992e-04   constant   
  10  pNx2         5.81164e+00   constant   
  11  ANy1         0.00000e+00   constant   
  12  pNy1         0.00000e+00   constant   
  13  w_y          0.00000e+00   constant   
  14  ANy2         8.35747e-03   1.00000e-04   1.00000e-04   3.57226e+05
  15  pNy2         4.18605e+00   constant   
  16  w_vw         1.43216e+01   constant   
  17  LM           7.21641e-05   constant   
  18  wCBO_expCoeff   2.00007e+02   3.20398e-04   2.93145e-06   3.82488e+02
  19  wCBO_expOffset   1.99999e+02   4.50565e-04  -4.68886e-06   8.48009e+03
  20  wCBO_expT    3.00014e+01   3.21711e-04  -3.33643e-06   2.22693e+03
  21  wCBO_linCoeff   0.00000e+00   constant   
  22  wCBO_const  -5.48579e-03   2.34200e-03   2.40394e-05   1.09236e+03
 MIGRAD FAILS TO FIND IMPROVEMENT
 FCN=307.199 FROM HESSE     STATUS=NOT POSDEF     54 CALLS        1750 TOTAL
                     EDM=0.00393239    STRATEGY= 1      ERR MATRIX NOT POS-DEF
  EXT PARAMETER                APPROXIMATE        STEP         FIRST   
  NO.   NAME      VALUE            ERROR          SIZE      DERIVATIVE 
   1  N0           3.18218e+06     fixed    
   2  tau          6.44090e+01   constant   
   3  A0           3.64968e-01     fixed    
   4  phi          4.12100e+00     fixed    
   5  R           -6.10005e+01   constant   
   6  A_CBO        6.41879e-04   3.83554e-04   1.82266e-06  -1.55542e+01
   7  w_CBO        2.32690e+00   6.76197e-05   1.10955e-06  -2.36378e+03
   8  phi_CBO      2.81408e+00     fixed    
   9  ANx2         1.86992e-04   constant   
  10  pNx2         5.81164e+00   constant   
  11  ANy1         0.00000e+00   constant   
  12  pNy1         0.00000e+00   constant   
  13  w_y          0.00000e+00   constant   
  14  ANy2         2.02018e-04   2.12697e-04   1.82320e-06  -2.90821e+01
  15  pNy2         4.18605e+00   constant   
  16  w_vw         1.43216e+01   constant   
  17  LM           7.21641e-05   constant   
  18  wCBO_expCoeff   2.00009e+02   5.78980e-03   9.53717e-05  -2.74569e+01
  19  wCBO_expOffset   1.99999e+02   5.15344e-04   9.53670e-05  -1.81717e+02
  20  wCBO_expT    3.00019e+01   6.89229e-04   1.43060e-05  -1.04305e+01
  21  wCBO_linCoeff   0.00000e+00   constant   
  22  wCBO_const  -9.36789e-03   5.49641e-03   4.49810e-06  -1.00393e+01
 MIGRAD FAILS TO FIND IMPROVEMENT
 MIGRAD TERMINATED WITHOUT CONVERGENCE.
 FCN=307.197 FROM MIGRAD    STATUS=FAILED        318 CALLS        1838 TOTAL
                     EDM=0.0110099    STRATEGY= 1      ERR MATRIX NOT POS-DEF
  EXT PARAMETER                APPROXIMATE        STEP         FIRST   
  NO.   NAME      VALUE            ERROR          SIZE      DERIVATIVE 
   1  N0           3.18218e+06     fixed    
   2  tau          6.44090e+01   constant   
   3  A0           3.64968e-01     fixed    
   4  phi          4.12100e+00     fixed    
   5  R           -6.10005e+01   constant   
   6  A_CBO        6.37489e-04   2.20527e-04   0.00000e+00  -1.36758e+02
   7  w_CBO        2.32690e+00   7.11411e-05   0.00000e+00  -2.86123e+01
   8  phi_CBO      2.81408e+00     fixed    
   9  ANx2         1.86992e-04   constant   
  10  pNx2         5.81164e+00   constant   
  11  ANy1         0.00000e+00   constant   
  12  pNy1         0.00000e+00   constant   
  13  w_y          0.00000e+00   constant   
  14  ANy2         2.02449e-04   2.12824e-04   0.00000e+00  -8.33691e+00
  15  pNy2         4.18605e+00   constant   
  16  w_vw         1.43216e+01   constant   
  17  LM           7.21641e-05   constant   
  18  wCBO_expCoeff   2.00009e+02   6.10751e-03   0.00000e+00  -3.46292e-01
  19  wCBO_expOffset   1.99999e+02   4.32113e-04  -0.00000e+00   5.69828e+02
  20  wCBO_expT    3.00019e+01   5.01561e-04   0.00000e+00   3.03498e+01
  21  wCBO_linCoeff   0.00000e+00   constant   
  22  wCBO_const  -9.53489e-03   3.79734e-03  -0.00000e+00  -2.47320e+00
 EXTERNAL ERROR MATRIX.    NDIM=  25    NPAR=  7    ERR DEF=1
  4.863e-08 -2.439e-10  1.428e-09 -1.672e-08 -7.957e-09 -4.894e-09  5.552e-08 
 -2.439e-10  5.061e-09  1.698e-10 -1.467e-07 -1.702e-08  2.029e-08 -1.525e-07 
  1.428e-09  1.698e-10  4.529e-08  1.505e-08 -4.871e-09 -4.943e-10  9.571e-09 
 -1.672e-08 -1.467e-07  1.505e-08  3.730e-05 -1.458e-06  1.738e-06 -1.281e-05 
 -7.957e-09 -1.702e-08 -4.871e-09 -1.458e-06  1.867e-07 -2.026e-07  1.440e-06 
 -4.894e-09  2.029e-08 -4.943e-10  1.738e-06 -2.026e-07  2.516e-07 -1.841e-06 
  5.552e-08 -1.525e-07  9.571e-09 -1.281e-05  1.440e-06 -1.841e-06  1.442e-05 
ERR MATRIX NOT POS-DEF
 PARAMETER  CORRELATION COEFFICIENTS  
       NO.  GLOBAL      6      7     14     18     19     20     22
        6  0.45304   1.000 -0.016  0.030 -0.012 -0.083 -0.044  0.066
        7  0.99716  -0.016  1.000  0.011 -0.338 -0.554  0.569 -0.564
       14  0.17870   0.030  0.011  1.000  0.012 -0.053 -0.005  0.012
       18  0.99713  -0.012 -0.338  0.012  1.000 -0.553  0.567 -0.552
       19  0.98960  -0.083 -0.554 -0.053 -0.553  1.000 -0.935  0.878
       20  0.98820  -0.044  0.569 -0.005  0.567 -0.935  1.000 -0.967
       22  0.99062   0.066 -0.564  0.012 -0.552  0.878 -0.967  1.000
 ERR MATRIX NOT POS-DEF
MINUIT - FIT ONLY 2-CBO
 **********
 **   43 **RES 
 **********
                   PARAMETER    8  phi_CBO RESTORED TO VARIABLE.
                   PARAMETER    4  phi RESTORED TO VARIABLE.
                   PARAMETER    3  A0 RESTORED TO VARIABLE.
                   PARAMETER    1  N0 RESTORED TO VARIABLE.
 **********
 **   44 **FIX            0
 **********
 PARAMETER    0  IS UNDEFINED. IGNORED.
 **********
 **   45 **FIX            1
 **********
 **********
 **   46 **FIX            2
 **********
 PARAMETER    2  IS CONSTANT.   IGNORED.
 **********
 **   47 **FIX            3
 **********
 **********
 **   48 **FIX            4
 **********
 **********
 **   49 **FIX            5
 **********
 PARAMETER    5  IS CONSTANT.   IGNORED.
 **********
 **   50 **FIX            6
 **********
 **********
 **   51 **FIX            7
 **********
 **********
 **   52 **FIX           10
 **********
 PARAMETER   10  IS CONSTANT.   IGNORED.
 **********
 **   53 **FIX           11
 **********
 PARAMETER   11  IS CONSTANT.   IGNORED.
 **********
 **   54 **FIX           12
 **********
 PARAMETER   12  IS CONSTANT.   IGNORED.
 **********
 **   55 **FIX           13
 **********
 PARAMETER   13  IS CONSTANT.   IGNORED.
 **********
 **   56 **FIX           14
 **********
 **********
 **   57 **FIX           15
 **********
 PARAMETER   15  IS CONSTANT.   IGNORED.
 **********
 **   58 **FIX           16
 **********
 PARAMETER   16  IS CONSTANT.   IGNORED.
 **********
 **   59 **MIGRAD
 **********
 START MIGRAD MINIMIZATION.  STRATEGY  1.  CONVERGENCE WHEN EDM .LT. 1.00e-04
 FCN=307.197 FROM MIGRAD    STATUS=INITIATE       12 CALLS        1850 TOTAL
                     EDM= unknown      STRATEGY= 1      NO ERROR MATRIX       
  EXT PARAMETER               CURRENT GUESS       STEP         FIRST   
  NO.   NAME      VALUE            ERROR          SIZE      DERIVATIVE 
   1  N0           3.18218e+06     fixed    
   2  tau          6.44090e+01   constant   
   3  A0           3.64968e-01     fixed    
   4  phi          4.12100e+00     fixed    
   5  R           -6.10005e+01   constant   
   6  A_CBO        6.37489e-04     fixed    
   7  w_CBO        2.32690e+00     fixed    
   8  phi_CBO      2.81408e+00   2.85592e-01   2.85592e-01  -5.83335e+00
   9  ANx2         1.86992e-04   constant   
  10  pNx2         5.81164e+00   constant   
  11  ANy1         0.00000e+00   constant   
  12  pNy1         0.00000e+00   constant   
  13  w_y          0.00000e+00   constant   
  14  ANy2         2.02449e-04     fixed    
  15  pNy2         4.18605e+00   constant   
  16  w_vw         1.43216e+01   constant   
  17  LM           7.21641e-05   constant   
  18  wCBO_expCoeff   2.00009e+02   6.10751e-03   0.00000e+00  -3.46292e-01
  19  wCBO_expOffset   1.99999e+02   4.32113e-04  -0.00000e+00   5.69828e+02
  20  wCBO_expT    3.00019e+01   5.01561e-04   0.00000e+00   3.03498e+01
  21  wCBO_linCoeff   0.00000e+00   constant   
  22  wCBO_const  -9.53489e-03   3.79734e-03  -0.00000e+00  -2.47321e+00
 MIGRAD FAILS TO FIND IMPROVEMENT
 COVARIANCE MATRIX CALCULATED SUCCESSFULLY
 FCN=305.236 FROM HESSE     STATUS=OK             37 CALLS        1948 TOTAL
                     EDM=0.00163765    STRATEGY= 1      ERROR MATRIX ACCURATE 
  EXT PARAMETER                                   STEP         FIRST   
  NO.   NAME      VALUE            ERROR          SIZE      DERIVATIVE 
   1  N0           3.18218e+06     fixed    
   2  tau          6.44090e+01   constant   
   3  A0           3.64968e-01     fixed    
   4  phi          4.12100e+00     fixed    
   5  R           -6.10005e+01   constant   
   6  A_CBO        6.37489e-04     fixed    
   7  w_CBO        2.32690e+00     fixed    
   8  phi_CBO      3.46313e+00   4.55765e-01   2.81734e-03   6.30888e-04
   9  ANx2         1.86992e-04   constant   
  10  pNx2         5.81164e+00   constant   
  11  ANy1         0.00000e+00   constant   
  12  pNy1         0.00000e+00   constant   
  13  w_y          0.00000e+00   constant   
  14  ANy2         2.02449e-04     fixed    
  15  pNy2         4.18605e+00   constant   
  16  w_vw         1.43216e+01   constant   
  17  LM           7.21641e-05   constant   
  18  wCBO_expCoeff   2.00009e+02   2.58716e-03   9.53718e-05   2.96057e+01
  19  wCBO_expOffset   1.99999e+02   1.40079e-04   9.53670e-05   1.86170e+02
  20  wCBO_expT    3.00019e+01   3.27950e-04   1.43060e-05   7.10487e+01
  21  wCBO_linCoeff   0.00000e+00   constant   
  22  wCBO_const  -9.17106e-03   2.55423e-03   4.24414e-06   1.02187e+01
 MIGRAD FAILS TO FIND IMPROVEMENT
 MIGRAD TERMINATED WITHOUT CONVERGENCE.
 FCN=305.233 FROM MIGRAD    STATUS=FAILED        146 CALLS        1984 TOTAL
                     EDM=0.00113064    STRATEGY= 1  ERROR MATRIX UNCERTAINTY   0.6 per cent
  EXT PARAMETER                APPROXIMATE        STEP         FIRST   
  NO.   NAME      VALUE            ERROR          SIZE      DERIVATIVE 
   1  N0           3.18218e+06     fixed    
   2  tau          6.44090e+01   constant   
   3  A0           3.64968e-01     fixed    
   4  phi          4.12100e+00     fixed    
   5  R           -6.10005e+01   constant   
   6  A_CBO        6.37489e-04     fixed    
   7  w_CBO        2.32690e+00     fixed    
   8  phi_CBO      3.46291e+00   4.56993e-01  -0.00000e+00   3.07545e-02
   9  ANx2         1.86992e-04   constant   
  10  pNx2         5.81164e+00   constant   
  11  ANy1         0.00000e+00   constant   
  12  pNy1         0.00000e+00   constant   
  13  w_y          0.00000e+00   constant   
  14  ANy2         2.02449e-04     fixed    
  15  pNy2         4.18605e+00   constant   
  16  w_vw         1.43216e+01   constant   
  17  LM           7.21641e-05   constant   
  18  wCBO_expCoeff   2.00009e+02   3.00532e-03   0.00000e+00  -1.68371e+01
  19  wCBO_expOffset   1.99999e+02   2.96236e-04   0.00000e+00  -8.86479e+02
  20  wCBO_expT    3.00019e+01   4.23782e-04   0.00000e+00   2.11974e+01
  21  wCBO_linCoeff   0.00000e+00   constant   
  22  wCBO_const  -9.02354e-03   3.23967e-03  -0.00000e+00  -1.94482e+01
 EXTERNAL ERROR MATRIX.    NDIM=  25    NPAR=  5    ERR DEF=1
  2.088e-01  1.080e-04 -3.457e-05 -1.501e-05  3.141e-04 
  1.080e-04  9.032e-06  4.432e-08  1.149e-06 -8.261e-06 
 -3.457e-05  4.432e-08  8.776e-08  5.527e-08 -5.064e-07 
 -1.501e-05  1.149e-06  5.527e-08  1.796e-07 -1.297e-06 
  3.141e-04 -8.261e-06 -5.064e-07 -1.297e-06  1.050e-05 
ERR MATRIX APPROXIMATE
 PARAMETER  CORRELATION COEFFICIENTS  
       NO.  GLOBAL      8     18     19     20     22
        8  0.96158   1.000  0.079 -0.255 -0.077  0.212
       18  0.99928   0.079  1.000  0.050  0.902 -0.848
       19  0.99696  -0.255  0.050  1.000  0.440 -0.528
       20  0.99751  -0.077  0.902  0.440  1.000 -0.944
       22  0.99832   0.212 -0.848 -0.528 -0.944  1.000
 ERR MATRIX APPROXIMATE
MINUIT - FIT ONLY 1-y
 **********
 **   60 **RES 
 **********
                   PARAMETER   14  ANy2 RESTORED TO VARIABLE.
                   PARAMETER    7  w_CBO RESTORED TO VARIABLE.
                   PARAMETER    6  A_CBO RESTORED TO VARIABLE.
                   PARAMETER    4  phi RESTORED TO VARIABLE.
                   PARAMETER    3  A0 RESTORED TO VARIABLE.
                   PARAMETER    1  N0 RESTORED TO VARIABLE.
 **********
 **   61 **FIX            0
 **********
 PARAMETER    0  IS UNDEFINED. IGNORED.
 **********
 **   62 **FIX            1
 **********
 **********
 **   63 **FIX            2
 **********
 PARAMETER    2  IS CONSTANT.   IGNORED.
 **********
 **   64 **FIX            3
 **********
 **********
 **   65 **FIX            4
 **********
 **********
 **   66 **FIX            5
 **********
 PARAMETER    5  IS CONSTANT.   IGNORED.
 **********
 **   67 **FIX            6
 **********
 **********
 **   68 **FIX            7
 **********
 **********
 **   69 **FIX            8
 **********
 **********
 **   70 **FIX            9
 **********
 PARAMETER    9  IS CONSTANT.   IGNORED.
 **********
 **   71 **FIX           13
 **********
 PARAMETER   13  IS CONSTANT.   IGNORED.
 **********
 **   72 **FIX           14
 **********
 **********
 **   73 **FIX           15
 **********
 PARAMETER   15  IS CONSTANT.   IGNORED.
 **********
 **   74 **FIX           16
 **********
 PARAMETER   16  IS CONSTANT.   IGNORED.
 **********
 **   75 **MIGRAD
 **********
 START MIGRAD MINIMIZATION.  STRATEGY  1.  CONVERGENCE WHEN EDM .LT. 1.00e-04
 FCN=305.233 FROM MIGRAD    STATUS=INITIATE        8 CALLS        1992 TOTAL
                     EDM= unknown      STRATEGY= 1      NO ERROR MATRIX       
  EXT PARAMETER               CURRENT GUESS       STEP         FIRST   
  NO.   NAME      VALUE            ERROR          SIZE      DERIVATIVE 
   1  N0           3.18218e+06     fixed    
   2  tau          6.44090e+01   constant   
   3  A0           3.64968e-01     fixed    
   4  phi          4.12100e+00     fixed    
   5  R           -6.10005e+01   constant   
   6  A_CBO        6.37489e-04     fixed    
   7  w_CBO        2.32690e+00     fixed    
   8  phi_CBO      3.46291e+00     fixed    
   9  ANx2         1.86992e-04   constant   
  10  pNx2         5.81164e+00   constant   
  11  ANy1         0.00000e+00   constant   
  12  pNy1         0.00000e+00   constant   
  13  w_y          0.00000e+00   constant   
  14  ANy2         2.02449e-04     fixed    
  15  pNy2         4.18605e+00   constant   
  16  w_vw         1.43216e+01   constant   
  17  LM           7.21641e-05   constant   
  18  wCBO_expCoeff   2.00009e+02   3.00532e-03   0.00000e+00  -1.68371e+01
  19  wCBO_expOffset   1.99999e+02   2.96236e-04   0.00000e+00  -8.86479e+02
  20  wCBO_expT    3.00019e+01   4.23782e-04   0.00000e+00   2.11974e+01
  21  wCBO_linCoeff   0.00000e+00   constant   
  22  wCBO_const  -9.02354e-03   3.23967e-03  -0.00000e+00  -1.94482e+01
 MIGRAD FAILS TO FIND IMPROVEMENT
 COVARIANCE MATRIX CALCULATED SUCCESSFULLY
 FCN=305.233 FROM HESSE     STATUS=OK             29 CALLS        2062 TOTAL
                     EDM=0.000295811    STRATEGY= 1      ERROR MATRIX ACCURATE 
  EXT PARAMETER                                   STEP         FIRST   
  NO.   NAME      VALUE            ERROR          SIZE      DERIVATIVE 
   1  N0           3.18218e+06     fixed    
   2  tau          6.44090e+01   constant   
   3  A0           3.64968e-01     fixed    
   4  phi          4.12100e+00     fixed    
   5  R           -6.10005e+01   constant   
   6  A_CBO        6.37489e-04     fixed    
   7  w_CBO        2.32690e+00     fixed    
   8  phi_CBO      3.46291e+00     fixed    
   9  ANx2         1.86992e-04   constant   
  10  pNx2         5.81164e+00   constant   
  11  ANy1         0.00000e+00   constant   
  12  pNy1         0.00000e+00   constant   
  13  w_y          0.00000e+00   constant   
  14  ANy2         2.02449e-04     fixed    
  15  pNy2         4.18605e+00   constant   
  16  w_vw         1.43216e+01   constant   
  17  LM           7.21641e-05   constant   
  18  wCBO_expCoeff   2.00009e+02   2.59116e-03   9.53717e-05   1.59458e+00
  19  wCBO_expOffset   1.99999e+02   1.40243e-04   9.53670e-05  -2.52782e+02
  20  wCBO_expT    3.00019e+01   3.27225e-04   1.43060e-05  -5.17690e+01
  21  wCBO_linCoeff   0.00000e+00   constant   
  22  wCBO_const  -9.02335e-03   2.47383e-03   4.24362e-06  -8.96261e+00
 MIGRAD FAILS TO FIND IMPROVEMENT
 MIGRAD TERMINATED WITHOUT CONVERGENCE.
 FCN=305.233 FROM MIGRAD    STATUS=FAILED         89 CALLS        2073 TOTAL
                     EDM=0.000295811    STRATEGY= 1      ERR MATRIX APPROXIMATE
  EXT PARAMETER                APPROXIMATE        STEP         FIRST   
  NO.   NAME      VALUE            ERROR          SIZE      DERIVATIVE 
   1  N0           3.18218e+06     fixed    
   2  tau          6.44090e+01   constant   
   3  A0           3.64968e-01     fixed    
   4  phi          4.12100e+00     fixed    
   5  R           -6.10005e+01   constant   
   6  A_CBO        6.37489e-04     fixed    
   7  w_CBO        2.32690e+00     fixed    
   8  phi_CBO      3.46291e+00     fixed    
   9  ANx2         1.86992e-04   constant   
  10  pNx2         5.81164e+00   constant   
  11  ANy1         0.00000e+00   constant   
  12  pNy1         0.00000e+00   constant   
  13  w_y          0.00000e+00   constant   
  14  ANy2         2.02449e-04     fixed    
  15  pNy2         4.18605e+00   constant   
  16  w_vw         1.43216e+01   constant   
  17  LM           7.21641e-05   constant   
  18  wCBO_expCoeff   2.00009e+02   2.59116e-03  -0.00000e+00   1.59458e+00
  19  wCBO_expOffset   1.99999e+02   1.40243e-04   0.00000e+00  -2.52782e+02
  20  wCBO_expT    3.00019e+01   3.27225e-04   0.00000e+00  -5.17690e+01
  21  wCBO_linCoeff   0.00000e+00   constant   
  22  wCBO_const  -9.02335e-03   2.47383e-03  -0.00000e+00  -8.96261e+00
 EXTERNAL ERROR MATRIX.    NDIM=  25    NPAR=  4    ERR DEF=1
  6.714e-06  2.822e-08  7.840e-07 -5.953e-06 
  2.822e-08  1.967e-08  1.527e-08 -1.310e-07 
  7.840e-07  1.527e-08  1.071e-07 -7.471e-07 
 -5.953e-06 -1.310e-07 -7.471e-07  6.120e-06 
ERR MATRIX APPROXIMATE
 PARAMETER  CORRELATION COEFFICIENTS  
       NO.  GLOBAL     18     19     20     22
       18  0.98784   1.000  0.078  0.925 -0.929
       19  0.89788   0.078  1.000  0.333 -0.378
       20  0.96401   0.925  0.333  1.000 -0.923
       22  0.97964  -0.929 -0.378 -0.923  1.000
 ERR MATRIX APPROXIMATE
MINUIT - FIT ONLY 2-y
 **********
 **   76 **RES 
 **********
                   PARAMETER   14  ANy2 RESTORED TO VARIABLE.
                   PARAMETER    8  phi_CBO RESTORED TO VARIABLE.
                   PARAMETER    7  w_CBO RESTORED TO VARIABLE.
                   PARAMETER    6  A_CBO RESTORED TO VARIABLE.
                   PARAMETER    4  phi RESTORED TO VARIABLE.
                   PARAMETER    3  A0 RESTORED TO VARIABLE.
                   PARAMETER    1  N0 RESTORED TO VARIABLE.
 **********
 **   77 **FIX            0
 **********
 PARAMETER    0  IS UNDEFINED. IGNORED.
 **********
 **   78 **FIX            1
 **********
 **********
 **   79 **FIX            2
 **********
 PARAMETER    2  IS CONSTANT.   IGNORED.
 **********
 **   80 **FIX            3
 **********
 **********
 **   81 **FIX            4
 **********
 **********
 **   82 **FIX            5
 **********
 PARAMETER    5  IS CONSTANT.   IGNORED.
 **********
 **   83 **FIX            6
 **********
 **********
 **   84 **FIX            7
 **********
 **********
 **   85 **FIX            8
 **********
 **********
 **   86 **FIX            9
 **********
 PARAMETER    9  IS CONSTANT.   IGNORED.
 **********
 **   87 **FIX           10
 **********
 PARAMETER   10  IS CONSTANT.   IGNORED.
 **********
 **   88 **FIX           11
 **********
 PARAMETER   11  IS CONSTANT.   IGNORED.
 **********
 **   89 **FIX           12
 **********
 PARAMETER   12  IS CONSTANT.   IGNORED.
 **********
 **   90 **FIX           16
 **********
 PARAMETER   16  IS CONSTANT.   IGNORED.
 **********
 **   91 **MIGRAD
 **********
 START MIGRAD MINIMIZATION.  STRATEGY  1.  CONVERGENCE WHEN EDM .LT. 1.00e-04
 FCN=305.233 FROM MIGRAD    STATUS=INITIATE       10 CALLS        2083 TOTAL
                     EDM= unknown      STRATEGY= 1      NO ERROR MATRIX       
