 + ++++++++++++++++++++++++++++++++++++++++++++++++++++++++++++++++++++ +
 +                                                                      +
 +           You have chose to blind your fitting according to          +
 +                omega_ref * (1 + (R +/- deltaR) *10^{-6})             +
 +                                                                      +
 + ++++++++++++++++++++++++++++++++++++++++++++++++++++++++++++++++++++ +
In main()...
reading format from /gm2data/zkhechad/run45/envelope/formats/formatB_sBin_constraintOn.txt
pBinTau 	= 0  
pBinPhi 	= 0  
constraintau 	= 1 
includeMopTerm 	= 0    
constrainMop    = 0   
Parameters after format file: pBinTau 0 pBinPhi 0 constraintau 1 includeMopTerm 0 constrainMop 0 c_e_scale 0.000000 
reading cbo reference file (full fit) from /gm2data/zkhechad/cboTemplates/Run4CBOTemplates/fullFits/run4/sBin_constraintOn_cE0.0_seed0_run4_calo23.root
A_CBO 0.010020 w_CBO 2.326571 phi_CBO 3.324358 N0 2994604.828788 R -61.069952 tau 64.405626 
Reading cboRef file /gm2data/zkhechad/cboTemplates/Run4CBOTemplates//cboIsolate/run4_calo23.root
deltaT 59.838274
windowBins = 400
fitting sliding window 920 from bin 1123 at 167.551600 to bin 1523 at 227.231600 (400 bins)

Reading data from /gm2data/cornell/histograms/aMethod/histogram_a_run4.root
fitting cbo isolate
 **********
 **    1 **SET PRINTOUT            1
 **********
 **********
 **    2 **SET NOWARNINGS 
 **********
 PARAMETER DEFINITIONS:
    NO.   NAME         VALUE      STEP SIZE      LIMITS
     1 A_CBO        1.00201e-02  1.00000e-05     no limits
     2 w_CBO        2.32657e+00  1.00000e-02    2.00000e+00  3.00000e+00
     3 phi_CBO      3.32436e+00  1.00000e-02    0.00000e+00  6.28319e+00
 **********
 **    3 **MIGRAD
 **********
 FIRST CALL TO USER FUNCTION AT NEW START POINT, WITH IFLAG=4.
 START MIGRAD MINIMIZATION.  STRATEGY  1.  CONVERGENCE WHEN EDM .LT. 1.00e-04
 FCN=0.00854761 FROM MIGRAD    STATUS=INITIATE       12 CALLS          13 TOTAL
                     EDM= unknown      STRATEGY= 1      NO ERROR MATRIX       
  EXT PARAMETER               CURRENT GUESS       STEP         FIRST   
  NO.   NAME      VALUE            ERROR          SIZE      DERIVATIVE 
   1  A_CBO        1.00201e-02   1.00000e-05   1.00000e-05   2.45601e+00
   2  w_CBO        2.32657e+00   1.00000e-02   2.13261e-02  -2.08973e-02
   3  phi_CBO      3.32436e+00   1.00000e-02   3.18850e-03   7.50071e-04
 MIGRAD MINIMIZATION HAS CONVERGED.
 MIGRAD WILL VERIFY CONVERGENCE AND ERROR MATRIX.
 COVARIANCE MATRIX CALCULATED SUCCESSFULLY
 FCN=0.00104042 FROM MIGRAD    STATUS=CONVERGED      41 CALLS          42 TOTAL
                     EDM=1.60925e-06    STRATEGY= 1      ERROR MATRIX ACCURATE 
  EXT PARAMETER                                   STEP         FIRST   
  NO.   NAME      VALUE            ERROR          SIZE      DERIVATIVE 
   1  A_CBO        3.90676e-03   7.09235e-02   3.44693e-05  -4.64272e-06
   2  w_CBO        2.32665e+00   5.53920e-01   9.58741e-05   8.21119e-03
   3  phi_CBO      3.30880e+00   4.79313e+00   2.82443e-03  -2.89853e-04
 EXTERNAL ERROR MATRIX.    NDIM=  25    NPAR=  3    ERR DEF=1
  5.030e-03 -7.365e-03 -1.432e+00 
 -7.365e-03  1.055e+00  2.071e+02 
 -1.432e+00  2.071e+02  4.096e+04 
 PARAMETER  CORRELATION COEFFICIENTS  
       NO.  GLOBAL      1      2      3
        1  0.10160   1.000 -0.101 -0.100
        2  0.99598  -0.101  1.000  0.996
        3  0.99598  -0.100  0.996  1.000
setting A_CBO=0.003907 w_CBO=2.326646, phi_CBO=3.308796
done fitting cbo isolate
 **********
 **    1 **SET PRINTOUT            1
 **********
 **********
 **    2 **SET NOWARNINGS 
 **********
 PARAMETER DEFINITIONS:
    NO.   NAME         VALUE      STEP SIZE      LIMITS
     1 N0           2.99460e+06  1.00000e+02     no limits
     2 tau          6.44056e+01  constant
     3 A0           3.43521e-01  1.00000e-04     no limits
     4 phi          4.11984e+00  1.00000e-02     no limits
     5 R           -6.10700e+01  constant
     6 A_CBO        3.90676e-03  1.00000e-05     no limits
     7 w_CBO        2.32665e+00  1.00000e-03     no limits
     8 phi_CBO      3.30880e+00  1.00000e-04     no limits
     9 ANx2         5.14298e-04  constant
    10 pNx2         2.57364e+00  constant
    11 ANy1         0.00000e+00  constant
    12 pNy1         0.00000e+00  constant
    13 w_y          0.00000e+00  constant
    14 ANy2         1.38778e-02  1.00000e-04     no limits
    15 pNy2         3.40463e+00  constant
    16 w_vw         1.43028e+01  constant
    17 LM           2.35248e-05  constant
    18 wCBO_expCoeff   2.00000e+02  1.00000e+00     no limits
    19 wCBO_expOffset   2.00000e+02  1.00000e+00     no limits
    20 wCBO_expT    3.00000e+01  1.00000e+00     no limits
    21 wCBO_linCoeff   0.00000e+00  constant
    22 wCBO_const   0.00000e+00  1.00000e-02     no limits
MINUIT - FIT ONLY WIGGLE
 **********
 **    3 **FIX            5
 **********
 PARAMETER    5  IS CONSTANT.   IGNORED.
 **********
 **    4 **FIX            6
 **********
 **********
 **    5 **FIX            7
 **********
 **********
 **    6 **FIX            8
 **********
 **********
 **    7 **FIX            9
 **********
 PARAMETER    9  IS CONSTANT.   IGNORED.
 **********
 **    8 **FIX           10
 **********
 PARAMETER   10  IS CONSTANT.   IGNORED.
 **********
 **    9 **FIX           11
 **********
 PARAMETER   11  IS CONSTANT.   IGNORED.
 **********
 **   10 **FIX           12
 **********
 PARAMETER   12  IS CONSTANT.   IGNORED.
 **********
 **   11 **FIX           13
 **********
 PARAMETER   13  IS CONSTANT.   IGNORED.
 **********
 **   12 **FIX           14
 **********
 **********
 **   13 **FIX           15
 **********
 PARAMETER   15  IS CONSTANT.   IGNORED.
 **********
 **   14 **FIX           16
 **********
 PARAMETER   16  IS CONSTANT.   IGNORED.
 **********
 **   15 **MIGRAD
 **********
 FIRST CALL TO USER FUNCTION AT NEW START POINT, WITH IFLAG=4.
 START MIGRAD MINIMIZATION.  STRATEGY  1.  CONVERGENCE WHEN EDM .LT. 1.00e-04
 FCN=4810.2 FROM MIGRAD    STATUS=INITIATE       56 CALLS          57 TOTAL
                     EDM= unknown      STRATEGY= 1      NO ERROR MATRIX       
  EXT PARAMETER               CURRENT GUESS       STEP         FIRST   
  NO.   NAME      VALUE            ERROR          SIZE      DERIVATIVE 
   1  N0           2.99460e+06   1.00000e+02   0.00000e+00   4.43908e-03
   2  tau          6.44056e+01   constant   
   3  A0           3.43521e-01   1.00000e-04   0.00000e+00  -3.14480e+03
   4  phi          4.11984e+00   1.00000e-02   0.00000e+00   3.35240e+03
   5  R           -6.10700e+01   constant   
   6  A_CBO        3.90676e-03     fixed    
   7  w_CBO        2.32665e+00     fixed    
   8  phi_CBO      3.30880e+00     fixed    
   9  ANx2         5.14298e-04   constant   
  10  pNx2         2.57364e+00   constant   
  11  ANy1         0.00000e+00   constant   
  12  pNy1         0.00000e+00   constant   
  13  w_y          0.00000e+00   constant   
  14  ANy2         1.38778e-02     fixed    
  15  pNy2         3.40463e+00   constant   
  16  w_vw         1.43028e+01   constant   
  17  LM           2.35248e-05   constant   
  18  wCBO_expCoeff   2.00000e+02   1.00000e+00   0.00000e+00   6.26172e+04
  19  wCBO_expOffset   2.00000e+02   1.00000e+00   0.00000e+00   3.82877e+05
  20  wCBO_expT    3.00000e+01   1.00000e+00   0.00000e+00  -4.61464e+05
  21  wCBO_linCoeff   0.00000e+00   constant   
  22  wCBO_const   3.75261e-03   1.00000e-02   3.75261e-03   3.13377e+03
 CALL LIMIT EXCEEDED IN MIGRAD.
 MIGRAD TERMINATED WITHOUT CONVERGENCE.
 FCN=4555.68 FROM MIGRAD    STATUS=CALL LIMIT   1148 CALLS        1149 TOTAL
                     EDM=2.62806    STRATEGY= 1  ERROR MATRIX UNCERTAINTY   0.1 per cent
  EXT PARAMETER                APPROXIMATE        STEP         FIRST   
  NO.   NAME      VALUE            ERROR          SIZE      DERIVATIVE 
   1  N0           2.99514e+06   4.59620e+02   1.72930e+00   1.87399e-03
   2  tau          6.44056e+01   constant   
   3  A0           3.43710e-01   2.06985e-04   1.27872e-07  -3.09615e+03
   4  phi          4.11970e+00   6.14504e-04   5.06938e-07  -6.97084e+01
   5  R           -6.10700e+01   constant   
   6  A_CBO        3.90676e-03     fixed    
   7  w_CBO        2.32665e+00     fixed    
   8  phi_CBO      3.30880e+00     fixed    
   9  ANx2         5.14298e-04   constant   
  10  pNx2         2.57364e+00   constant   
  11  ANy1         0.00000e+00   constant   
  12  pNy1         0.00000e+00   constant   
  13  w_y          0.00000e+00   constant   
  14  ANy2         1.38778e-02     fixed    
  15  pNy2         3.40463e+00   constant   
  16  w_vw         1.43028e+01   constant   
  17  LM           2.35248e-05   constant   
  18  wCBO_expCoeff   1.99998e+02   8.51049e-04  -1.11012e-05  -3.16243e+04
  19  wCBO_expOffset   2.00000e+02   7.62302e-05  -9.81833e-07  -1.68799e+05
  20  wCBO_expT    3.00003e+01   1.21711e-04  -1.59375e-06   2.33611e+05
  21  wCBO_linCoeff   0.00000e+00   constant   
  22  wCBO_const   9.18869e-03   1.33651e-03   1.74352e-05  -1.09033e+04
 EXTERNAL ERROR MATRIX.    NDIM=  25    NPAR=  7    ERR DEF=1
  2.113e+05  4.352e-03  8.462e-03 -1.137e-01 -9.947e-03 -1.795e-02  1.730e-01 
  4.352e-03  4.284e-08  9.054e-11 -9.186e-09 -8.766e-10 -7.501e-10  1.570e-08 
  8.462e-03  9.054e-11  3.776e-07 -3.575e-08 -3.309e-09 -4.853e-09  6.149e-08 
 -1.137e-01 -9.186e-09 -3.575e-08  7.243e-07  6.141e-08  1.028e-07 -1.120e-06 
 -9.947e-03 -8.766e-10 -3.309e-09  6.141e-08  5.811e-09  9.007e-09 -9.881e-08 
 -1.795e-02 -7.501e-10 -4.853e-09  1.028e-07  9.007e-09  1.481e-08 -1.593e-07 
  1.730e-01  1.570e-08  6.149e-08 -1.120e-06 -9.881e-08 -1.593e-07  1.786e-06 
ERR MATRIX APPROXIMATE
 PARAMETER  CORRELATION COEFFICIENTS  
       NO.  GLOBAL      1      3      4     18     19     20     22
        1  0.95917   1.000  0.046  0.030 -0.291 -0.284 -0.321  0.282
        3  0.93687   0.046  1.000  0.001 -0.052 -0.056 -0.030  0.057
        4  0.27207   0.030  0.001  1.000 -0.068 -0.071 -0.065  0.075
       18  0.99996  -0.291 -0.052 -0.068  1.000  0.947  0.992 -0.985
       19  0.99984  -0.284 -0.056 -0.071  0.947  1.000  0.971 -0.970
       20  0.99996  -0.321 -0.030 -0.065  0.992  0.971  1.000 -0.980
       22  0.99986   0.282  0.057  0.075 -0.985 -0.970 -0.980  1.000
 ERR MATRIX APPROXIMATE
MINUIT - FIT ONLY 1-CBO + other amplitudes 
 **********
 **   16 **RES 
 **********
                   PARAMETER   14  ANy2 RESTORED TO VARIABLE.
                   PARAMETER    8  phi_CBO RESTORED TO VARIABLE.
                   PARAMETER    7  w_CBO RESTORED TO VARIABLE.
                   PARAMETER    6  A_CBO RESTORED TO VARIABLE.
 **********
 **   17 **FIX            0
 **********
 PARAMETER    0  IS UNDEFINED. IGNORED.
 **********
 **   18 **FIX            1
 **********
 **********
 **   19 **FIX            2
 **********
 PARAMETER    2  IS CONSTANT.   IGNORED.
 **********
 **   20 **FIX            3
 **********
 **********
 **   21 **FIX            4
 **********
 **********
 **   22 **FIX            9
 **********
 PARAMETER    9  IS CONSTANT.   IGNORED.
 **********
 **   23 **FIX           11
 **********
 PARAMETER   11  IS CONSTANT.   IGNORED.
 **********
 **   24 **FIX           12
 **********
 PARAMETER   12  IS CONSTANT.   IGNORED.
 **********
 **   25 **FIX           14
 **********
 **********
 **   26 **FIX           15
 **********
 PARAMETER   15  IS CONSTANT.   IGNORED.
 **********
 **   27 **FIX           16
 **********
 PARAMETER   16  IS CONSTANT.   IGNORED.
 **********
 **   28 **MIGRAD
 **********
 START MIGRAD MINIMIZATION.  STRATEGY  1.  CONVERGENCE WHEN EDM .LT. 1.00e-04
 FCN=4555.68 FROM MIGRAD    STATUS=INITIATE       22 CALLS        1171 TOTAL
                     EDM= unknown      STRATEGY= 1      NO ERROR MATRIX       
  EXT PARAMETER               CURRENT GUESS       STEP         FIRST   
  NO.   NAME      VALUE            ERROR          SIZE      DERIVATIVE 
   1  N0           2.99514e+06     fixed    
   2  tau          6.44056e+01   constant   
   3  A0           3.43710e-01     fixed    
   4  phi          4.11970e+00     fixed    
   5  R           -6.10700e+01   constant   
   6  A_CBO        3.90676e-03   1.00000e-05   1.00000e-05   7.94413e+04
   7  w_CBO        2.32665e+00   1.00000e-03   1.00000e-03  -2.72306e+06
   8  phi_CBO      3.30880e+00   1.00000e-04   1.00000e-04  -1.53835e+01
   9  ANx2         5.14298e-04   constant   
  10  pNx2         2.57364e+00   constant   
  11  ANy1         0.00000e+00   constant   
  12  pNy1         0.00000e+00   constant   
  13  w_y          0.00000e+00   constant   
  14  ANy2         1.38778e-02     fixed    
  15  pNy2         3.40463e+00   constant   
  16  w_vw         1.43028e+01   constant   
  17  LM           2.35248e-05   constant   
  18  wCBO_expCoeff   1.99998e+02   8.51049e-04  -1.11012e-05  -3.16243e+04
  19  wCBO_expOffset   2.00000e+02   7.62302e-05  -9.81833e-07  -1.68799e+05
  20  wCBO_expT    3.00003e+01   1.21711e-04  -1.59375e-06   2.33611e+05
  21  wCBO_linCoeff   0.00000e+00   constant   
  22  wCBO_const   9.18869e-03   1.33651e-03   1.74352e-05  -1.09033e+04
 CALL LIMIT EXCEEDED IN MIGRAD.
 MIGRAD TERMINATED WITHOUT CONVERGENCE.
 FCN=4469.44 FROM MIGRAD    STATUS=CALL LIMIT   1147 CALLS        2296 TOTAL
                     EDM=0.514827    STRATEGY= 1  ERROR MATRIX UNCERTAINTY   0.0 per cent
  EXT PARAMETER                APPROXIMATE        STEP         FIRST   
  NO.   NAME      VALUE            ERROR          SIZE      DERIVATIVE 
   1  N0           2.99514e+06     fixed    
   2  tau          6.44056e+01   constant   
   3  A0           3.43710e-01     fixed    
   4  phi          4.11970e+00     fixed    
   5  R           -6.10700e+01   constant   
   6  A_CBO        1.98051e-03   2.63284e-04   2.82612e-07   1.75226e+03
   7  w_CBO        2.32665e+00   6.59323e-06  -1.03340e-08   5.37908e+05
   8  phi_CBO      3.64390e+00   1.65269e-01   4.45832e-06  -4.79598e+00
   9  ANx2         5.14298e-04   constant   
  10  pNx2         2.57364e+00   constant   
  11  ANy1         0.00000e+00   constant   
  12  pNy1         0.00000e+00   constant   
  13  w_y          0.00000e+00   constant   
  14  ANy2         1.38778e-02     fixed    
  15  pNy2         3.40463e+00   constant   
  16  w_vw         1.43028e+01   constant   
  17  LM           2.35248e-05   constant   
  18  wCBO_expCoeff   1.99998e+02   5.71395e-04  -8.95655e-07   6.24224e+03
  19  wCBO_expOffset   2.00000e+02   8.64334e-05   1.34631e-07   2.44189e+04
  20  wCBO_expT    3.00003e+01   6.65617e-05  -9.83071e-08  -1.42747e+04
  21  wCBO_linCoeff   0.00000e+00   constant   
  22  wCBO_const   9.63492e-03   7.95726e-04   1.17858e-06   3.13489e+03
 EXTERNAL ERROR MATRIX.    NDIM=  25    NPAR=  7    ERR DEF=1
  6.932e-08 -1.185e-09  4.637e-06 -1.027e-07  1.487e-08 -1.094e-08  1.283e-07 
 -1.185e-09  4.347e-11  3.885e-09  3.679e-09 -5.576e-10  3.981e-10 -4.931e-09 
  4.637e-06  3.885e-09  2.731e-02  2.766e-07  1.476e-06  1.317e-06  3.110e-05 
 -1.027e-07  3.679e-09  2.766e-07  3.265e-07 -4.833e-08  3.450e-08 -4.275e-07 
  1.487e-08 -5.576e-10  1.476e-06 -4.833e-08  7.471e-09 -5.022e-09  6.536e-08 
 -1.094e-08  3.981e-10  1.317e-06  3.450e-08 -5.022e-09  4.430e-09 -4.079e-08 
  1.283e-07 -4.931e-09  3.110e-05 -4.275e-07  6.536e-08 -4.079e-08  6.332e-07 
ERR MATRIX APPROXIMATE
 PARAMETER  CORRELATION COEFFICIENTS  
       NO.  GLOBAL      6      7      8     18     19     20     22
        6  0.99435   1.000 -0.683  0.107 -0.683  0.654 -0.624  0.612
        7  0.99988  -0.683  1.000  0.004  0.977 -0.979  0.907 -0.940
        8  0.99807   0.107  0.004  1.000  0.003  0.103  0.120  0.237
       18  0.99988  -0.683  0.977  0.003  1.000 -0.979  0.907 -0.940
       19  0.99980   0.654 -0.979  0.103 -0.979  1.000 -0.873  0.950
       20  0.99927  -0.624  0.907  0.120  0.907 -0.873  1.000 -0.770
       22  0.99982   0.612 -0.940  0.237 -0.940  0.950 -0.770  1.000
 ERR MATRIX APPROXIMATE
MINUIT - FIT ONLY 1-CBO
 **********
 **   29 **RES 
 **********
                   PARAMETER   14  ANy2 RESTORED TO VARIABLE.
                   PARAMETER    4  phi RESTORED TO VARIABLE.
                   PARAMETER    3  A0 RESTORED TO VARIABLE.
                   PARAMETER    1  N0 RESTORED TO VARIABLE.
 **********
 **   30 **FIX            0
 **********
 PARAMETER    0  IS UNDEFINED. IGNORED.
 **********
 **   31 **FIX            1
 **********
 **********
 **   32 **FIX            2
 **********
 PARAMETER    2  IS CONSTANT.   IGNORED.
 **********
 **   33 **FIX            3
 **********
 **********
 **   34 **FIX            4
 **********
 **********
 **   35 **FIX            8
 **********
 **********
 **   36 **FIX            9
 **********
 PARAMETER    9  IS CONSTANT.   IGNORED.
 **********
 **   37 **FIX           11
 **********
 PARAMETER   11  IS CONSTANT.   IGNORED.
 **********
 **   38 **FIX           12
 **********
 PARAMETER   12  IS CONSTANT.   IGNORED.
 **********
 **   39 **FIX           13
 **********
 PARAMETER   13  IS CONSTANT.   IGNORED.
 **********
 **   40 **FIX           15
 **********
 PARAMETER   15  IS CONSTANT.   IGNORED.
 **********
 **   41 **FIX           16
 **********
 PARAMETER   16  IS CONSTANT.   IGNORED.
 **********
 **   42 **MIGRAD
 **********
 START MIGRAD MINIMIZATION.  STRATEGY  1.  CONVERGENCE WHEN EDM .LT. 1.00e-04
 FCN=4469.44 FROM MIGRAD    STATUS=INITIATE       16 CALLS        2312 TOTAL
                     EDM= unknown      STRATEGY= 1      NO ERROR MATRIX       
  EXT PARAMETER               CURRENT GUESS       STEP         FIRST   
  NO.   NAME      VALUE            ERROR          SIZE      DERIVATIVE 
   1  N0           2.99514e+06     fixed    
   2  tau          6.44056e+01   constant   
   3  A0           3.43710e-01     fixed    
   4  phi          4.11970e+00     fixed    
   5  R           -6.10700e+01   constant   
   6  A_CBO        1.98051e-03   2.63284e-04   2.82612e-07   1.75226e+03
   7  w_CBO        2.32665e+00   6.59323e-06  -1.03340e-08   5.37908e+05
   8  phi_CBO      3.64390e+00     fixed    
   9  ANx2         5.14298e-04   constant   
  10  pNx2         2.57364e+00   constant   
  11  ANy1         0.00000e+00   constant   
  12  pNy1         0.00000e+00   constant   
  13  w_y          0.00000e+00   constant   
  14  ANy2         1.38778e-02   1.00000e-04   1.00000e-04   5.83937e+05
  15  pNy2         3.40463e+00   constant   
  16  w_vw         1.43028e+01   constant   
  17  LM           2.35248e-05   constant   
  18  wCBO_expCoeff   1.99998e+02   5.71395e-04  -8.95655e-07   6.24224e+03
  19  wCBO_expOffset   2.00000e+02   8.64334e-05   1.34631e-07   2.44189e+04
  20  wCBO_expT    3.00003e+01   6.65617e-05  -9.83071e-08  -1.42747e+04
  21  wCBO_linCoeff   0.00000e+00   constant   
  22  wCBO_const   9.63492e-03   7.95726e-04   1.17858e-06   3.13489e+03
 CALL LIMIT EXCEEDED IN MIGRAD.
 MIGRAD TERMINATED WITHOUT CONVERGENCE.
 FCN=451.405 FROM MIGRAD    STATUS=CALL LIMIT   1146 CALLS        3442 TOTAL
                     EDM=0.322033    STRATEGY= 1  ERROR MATRIX UNCERTAINTY   0.8 per cent
  EXT PARAMETER                APPROXIMATE        STEP         FIRST   
  NO.   NAME      VALUE            ERROR          SIZE      DERIVATIVE 
   1  N0           2.99514e+06     fixed    
   2  tau          6.44056e+01   constant   
   3  A0           3.43710e-01     fixed    
   4  phi          4.11970e+00     fixed    
   5  R           -6.10700e+01   constant   
   6  A_CBO        7.26967e-04   2.56895e-04  -2.81736e-07  -1.57288e+03
   7  w_CBO        2.32665e+00   1.43018e-06  -8.85360e-10  -1.06986e+05
   8  phi_CBO      3.64390e+00     fixed    
   9  ANx2         5.14298e-04   constant   
  10  pNx2         2.57364e+00   constant   
  11  ANy1         0.00000e+00   constant   
  12  pNy1         0.00000e+00   constant   
  13  w_y          0.00000e+00   constant   
  14  ANy2         1.27860e-04   2.21863e-04   1.25137e-07   7.34233e+02
  15  pNy2         3.40463e+00   constant   
  16  w_vw         1.43028e+01   constant   
  17  LM           2.35248e-05   constant   
  18  wCBO_expCoeff   1.99998e+02   1.24094e-04  -7.95646e-08  -1.23985e+03
  19  wCBO_expOffset   2.00000e+02   1.64237e-04  -2.44183e-07  -1.48091e+03
  20  wCBO_expT    3.00004e+01   1.07219e-04  -1.24713e-07   9.01144e+03
  21  wCBO_linCoeff   0.00000e+00   constant   
  22  wCBO_const   1.05524e-02   1.25191e-03   1.69855e-06  -9.74233e+02
 EXTERNAL ERROR MATRIX.    NDIM=  25    NPAR=  7    ERR DEF=1
  6.600e-08  3.930e-11 -1.476e-09  3.765e-09  2.981e-08  1.884e-08 -2.066e-07 
  3.930e-11  2.045e-12 -3.140e-11  2.566e-11  9.676e-11  6.270e-11 -6.016e-10 
 -1.476e-09 -3.140e-11  4.922e-08 -2.877e-09 -1.331e-08 -7.858e-09  9.133e-08 
  3.765e-09  2.566e-11 -2.877e-09  1.540e-08  8.692e-09  5.528e-09 -5.477e-08 
  2.981e-08  9.676e-11 -1.331e-08  8.692e-09  2.697e-08  1.385e-08 -1.838e-07 
  1.884e-08  6.270e-11 -7.858e-09  5.528e-09  1.385e-08  1.150e-08 -6.266e-08 
 -2.066e-07 -6.016e-10  9.133e-08 -5.477e-08 -1.838e-07 -6.266e-08  1.567e-06 
ERR MATRIX APPROXIMATE
 PARAMETER  CORRELATION COEFFICIENTS  
       NO.  GLOBAL      6      7     14     18     19     20     22
        6  0.99641   1.000  0.107 -0.026  0.118  0.707  0.684 -0.643
        7  0.97499   0.107  1.000 -0.099  0.145  0.412  0.409 -0.336
       14  0.97951  -0.026 -0.099  1.000 -0.104 -0.365 -0.330  0.329
       18  0.97532   0.118  0.145 -0.104  1.000  0.426  0.415 -0.353
       19  0.99930   0.707  0.412 -0.365  0.426  1.000  0.786 -0.894
       20  0.99899   0.684  0.409 -0.330  0.415  0.786  1.000 -0.467
       22  0.99923  -0.643 -0.336  0.329 -0.353 -0.894 -0.467  1.000
 ERR MATRIX APPROXIMATE
MINUIT - FIT ONLY 2-CBO
 **********
 **   43 **RES 
 **********
                   PARAMETER    8  phi_CBO RESTORED TO VARIABLE.
                   PARAMETER    4  phi RESTORED TO VARIABLE.
                   PARAMETER    3  A0 RESTORED TO VARIABLE.
                   PARAMETER    1  N0 RESTORED TO VARIABLE.
 **********
 **   44 **FIX            0
 **********
 PARAMETER    0  IS UNDEFINED. IGNORED.
 **********
 **   45 **FIX            1
 **********
 **********
 **   46 **FIX            2
 **********
 PARAMETER    2  IS CONSTANT.   IGNORED.
 **********
 **   47 **FIX            3
 **********
 **********
 **   48 **FIX            4
 **********
 **********
 **   49 **FIX            5
 **********
 PARAMETER    5  IS CONSTANT.   IGNORED.
 **********
 **   50 **FIX            6
 **********
 **********
 **   51 **FIX            7
 **********
 **********
 **   52 **FIX           10
 **********
 PARAMETER   10  IS CONSTANT.   IGNORED.
 **********
 **   53 **FIX           11
 **********
 PARAMETER   11  IS CONSTANT.   IGNORED.
 **********
 **   54 **FIX           12
 **********
 PARAMETER   12  IS CONSTANT.   IGNORED.
 **********
 **   55 **FIX           13
 **********
 PARAMETER   13  IS CONSTANT.   IGNORED.
 **********
 **   56 **FIX           14
 **********
 **********
 **   57 **FIX           15
 **********
 PARAMETER   15  IS CONSTANT.   IGNORED.
 **********
 **   58 **FIX           16
 **********
 PARAMETER   16  IS CONSTANT.   IGNORED.
 **********
 **   59 **MIGRAD
 **********
 START MIGRAD MINIMIZATION.  STRATEGY  1.  CONVERGENCE WHEN EDM .LT. 1.00e-04
 FCN=451.405 FROM MIGRAD    STATUS=INITIATE       12 CALLS        3454 TOTAL
                     EDM= unknown      STRATEGY= 1      NO ERROR MATRIX       
  EXT PARAMETER               CURRENT GUESS       STEP         FIRST   
  NO.   NAME      VALUE            ERROR          SIZE      DERIVATIVE 
   1  N0           2.99514e+06     fixed    
   2  tau          6.44056e+01   constant   
   3  A0           3.43710e-01     fixed    
   4  phi          4.11970e+00     fixed    
   5  R           -6.10700e+01   constant   
   6  A_CBO        7.26967e-04     fixed    
   7  w_CBO        2.32665e+00     fixed    
   8  phi_CBO      3.64390e+00   1.65269e-01   1.65269e-01  -4.16270e+00
   9  ANx2         5.14298e-04   constant   
  10  pNx2         2.57364e+00   constant   
  11  ANy1         0.00000e+00   constant   
  12  pNy1         0.00000e+00   constant   
  13  w_y          0.00000e+00   constant   
  14  ANy2         1.27860e-04     fixed    
  15  pNy2         3.40463e+00   constant   
  16  w_vw         1.43028e+01   constant   
  17  LM           2.35248e-05   constant   
  18  wCBO_expCoeff   1.99998e+02   1.24094e-04  -7.95646e-08  -1.23985e+03
  19  wCBO_expOffset   2.00000e+02   1.64237e-04  -2.44183e-07  -1.48091e+03
  20  wCBO_expT    3.00004e+01   1.07219e-04  -1.24713e-07   9.01144e+03
  21  wCBO_linCoeff   0.00000e+00   constant   
  22  wCBO_const   1.05524e-02   1.25191e-03   1.69855e-06  -9.74233e+02
 CALL LIMIT EXCEEDED IN MIGRAD.
 MIGRAD TERMINATED WITHOUT CONVERGENCE.
 FCN=450.045 FROM MIGRAD    STATUS=CALL LIMIT    836 CALLS        4278 TOTAL
                     EDM=0.788748    STRATEGY= 1  ERROR MATRIX UNCERTAINTY   0.0 per cent
  EXT PARAMETER                APPROXIMATE        STEP         FIRST   
  NO.   NAME      VALUE            ERROR          SIZE      DERIVATIVE 
   1  N0           2.99514e+06     fixed    
   2  tau          6.44056e+01   constant   
   3  A0           3.43710e-01     fixed    
   4  phi          4.11970e+00     fixed    
   5  R           -6.10700e+01   constant   
   6  A_CBO        7.26967e-04     fixed    
   7  w_CBO        2.32665e+00     fixed    
   8  phi_CBO      4.11441e+00   4.25235e-01   2.14647e-04   3.69130e+00
   9  ANx2         5.14298e-04   constant   
  10  pNx2         2.57364e+00   constant   
  11  ANy1         0.00000e+00   constant   
  12  pNy1         0.00000e+00   constant   
  13  w_y          0.00000e+00   constant   
  14  ANy2         1.27860e-04     fixed    
  15  pNy2         3.40463e+00   constant   
  16  w_vw         1.43028e+01   constant   
  17  LM           2.35248e-05   constant   
  18  wCBO_expCoeff   1.99998e+02   9.31878e-04  -8.66358e-07  -3.85915e+03
  19  wCBO_expOffset   2.00000e+02   2.65849e-04  -2.52549e-07  -1.91274e+04
  20  wCBO_expT    3.00003e+01   2.10416e-04  -1.96964e-07   2.75053e+04
  21  wCBO_linCoeff   0.00000e+00   constant   
  22  wCBO_const   1.17676e-02   2.83882e-03   2.69397e-06  -1.94902e+03
 EXTERNAL ERROR MATRIX.    NDIM=  25    NPAR=  5    ERR DEF=1
  1.808e-01 -1.766e-04 -5.797e-05 -5.519e-05  6.876e-04 
 -1.766e-04  8.684e-07  2.357e-07  1.880e-07 -2.545e-06 
 -5.797e-05  2.357e-07  7.068e-08  5.462e-08 -7.416e-07 
 -5.519e-05  1.880e-07  5.462e-08  4.428e-08 -5.771e-07 
  6.876e-04 -2.545e-06 -7.416e-07 -5.771e-07  8.059e-06 
ERR MATRIX APPROXIMATE
 PARAMETER  CORRELATION COEFFICIENTS  
       NO.  GLOBAL      8     18     19     20     22
        8  0.99939   1.000 -0.446 -0.513 -0.617  0.570
       18  0.99990  -0.446  1.000  0.951  0.959 -0.962
       19  0.99996  -0.513  0.951  1.000  0.976 -0.983
       20  0.99995  -0.617  0.959  0.976  1.000 -0.966
       22  0.99994   0.570 -0.962 -0.983 -0.966  1.000
 ERR MATRIX APPROXIMATE
MINUIT - FIT ONLY 1-y
 **********
 **   60 **RES 
 **********
                   PARAMETER   14  ANy2 RESTORED TO VARIABLE.
                   PARAMETER    7  w_CBO RESTORED TO VARIABLE.
                   PARAMETER    6  A_CBO RESTORED TO VARIABLE.
                   PARAMETER    4  phi RESTORED TO VARIABLE.
                   PARAMETER    3  A0 RESTORED TO VARIABLE.
                   PARAMETER    1  N0 RESTORED TO VARIABLE.
 **********
 **   61 **FIX            0
 **********
 PARAMETER    0  IS UNDEFINED. IGNORED.
 **********
 **   62 **FIX            1
 **********
 **********
 **   63 **FIX            2
 **********
 PARAMETER    2  IS CONSTANT.   IGNORED.
 **********
 **   64 **FIX            3
 **********
 **********
 **   65 **FIX            4
 **********
 **********
 **   66 **FIX            5
 **********
 PARAMETER    5  IS CONSTANT.   IGNORED.
 **********
 **   67 **FIX            6
 **********
 **********
 **   68 **FIX            7
 **********
 **********
 **   69 **FIX            8
 **********
 **********
 **   70 **FIX            9
 **********
 PARAMETER    9  IS CONSTANT.   IGNORED.
 **********
 **   71 **FIX           13
 **********
 PARAMETER   13  IS CONSTANT.   IGNORED.
 **********
 **   72 **FIX           14
 **********
 **********
 **   73 **FIX           15
 **********
 PARAMETER   15  IS CONSTANT.   IGNORED.
 **********
 **   74 **FIX           16
 **********
 PARAMETER   16  IS CONSTANT.   IGNORED.
 **********
 **   75 **MIGRAD
 **********
 START MIGRAD MINIMIZATION.  STRATEGY  1.  CONVERGENCE WHEN EDM .LT. 1.00e-04
 FCN=450.045 FROM MIGRAD    STATUS=INITIATE        8 CALLS        4286 TOTAL
                     EDM= unknown      STRATEGY= 1      NO ERROR MATRIX       
  EXT PARAMETER               CURRENT GUESS       STEP         FIRST   
  NO.   NAME      VALUE            ERROR          SIZE      DERIVATIVE 
   1  N0           2.99514e+06     fixed    
   2  tau          6.44056e+01   constant   
   3  A0           3.43710e-01     fixed    
   4  phi          4.11970e+00     fixed    
   5  R           -6.10700e+01   constant   
   6  A_CBO        7.26967e-04     fixed    
   7  w_CBO        2.32665e+00     fixed    
   8  phi_CBO      4.11441e+00     fixed    
   9  ANx2         5.14298e-04   constant   
  10  pNx2         2.57364e+00   constant   
  11  ANy1         0.00000e+00   constant   
  12  pNy1         0.00000e+00   constant   
  13  w_y          0.00000e+00   constant   
  14  ANy2         1.27860e-04     fixed    
  15  pNy2         3.40463e+00   constant   
  16  w_vw         1.43028e+01   constant   
  17  LM           2.35248e-05   constant   
  18  wCBO_expCoeff   1.99998e+02   9.31878e-04  -8.66358e-07  -3.85915e+03
  19  wCBO_expOffset   2.00000e+02   2.65849e-04  -2.52549e-07  -1.91274e+04
  20  wCBO_expT    3.00003e+01   2.10416e-04  -1.96964e-07   2.75053e+04
  21  wCBO_linCoeff   0.00000e+00   constant   
  22  wCBO_const   1.17676e-02   2.83882e-03   2.69397e-06  -1.94902e+03
 CALL LIMIT EXCEEDED IN MIGRAD.
 MIGRAD TERMINATED WITHOUT CONVERGENCE.
 FCN=448.823 FROM MIGRAD    STATUS=CALL LIMIT    686 CALLS        4964 TOTAL
                     EDM=2.32109    STRATEGY= 1  ERROR MATRIX UNCERTAINTY   0.2 per cent
  EXT PARAMETER                APPROXIMATE        STEP         FIRST   
  NO.   NAME      VALUE            ERROR          SIZE      DERIVATIVE 
   1  N0           2.99514e+06     fixed    
   2  tau          6.44056e+01   constant   
   3  A0           3.43710e-01     fixed    
   4  phi          4.11970e+00     fixed    
   5  R           -6.10700e+01   constant   
   6  A_CBO        7.26967e-04     fixed    
   7  w_CBO        2.32665e+00     fixed    
   8  phi_CBO      4.11441e+00     fixed    
   9  ANx2         5.14298e-04   constant   
  10  pNx2         2.57364e+00   constant   
  11  ANy1         0.00000e+00   constant   
  12  pNy1         0.00000e+00   constant   
  13  w_y          0.00000e+00   constant   
  14  ANy2         1.27860e-04     fixed    
  15  pNy2         3.40463e+00   constant   
  16  w_vw         1.43028e+01   constant   
  17  LM           2.35248e-05   constant   
  18  wCBO_expCoeff   1.99997e+02   2.27005e-03  -2.65758e-06  -5.65683e+03
  19  wCBO_expOffset   2.00000e+02   3.85808e-04  -4.51348e-07  -2.99959e+04
  20  wCBO_expT    3.00001e+01   4.46401e-04  -5.19681e-07   3.35674e+04
  21  wCBO_linCoeff   0.00000e+00   constant   
  22  wCBO_const   1.37255e-02   4.31353e-03   5.04189e-06  -2.91599e+03
 EXTERNAL ERROR MATRIX.    NDIM=  25    NPAR=  4    ERR DEF=1
  5.153e-06  8.659e-07  1.005e-06 -9.701e-06 
  8.659e-07  1.488e-07  1.710e-07 -1.645e-06 
  1.005e-06  1.710e-07  1.993e-07 -1.879e-06 
 -9.701e-06 -1.645e-06 -1.879e-06  1.861e-05 
ERR MATRIX APPROXIMATE
 PARAMETER  CORRELATION COEFFICIENTS  
       NO.  GLOBAL     18     19     20     22
       18  0.99998   1.000  0.989  0.992 -0.991
       19  0.99998   0.989  1.000  0.993 -0.988
       20  0.99998   0.992  0.993  1.000 -0.976
       22  0.99997  -0.991 -0.988 -0.976  1.000
 ERR MATRIX APPROXIMATE
MINUIT - FIT ONLY 2-y
 **********
 **   76 **RES 
 **********
                   PARAMETER   14  ANy2 RESTORED TO VARIABLE.
                   PARAMETER    8  phi_CBO RESTORED TO VARIABLE.
                   PARAMETER    7  w_CBO RESTORED TO VARIABLE.
                   PARAMETER    6  A_CBO RESTORED TO VARIABLE.
                   PARAMETER    4  phi RESTORED TO VARIABLE.
                   PARAMETER    3  A0 RESTORED TO VARIABLE.
                   PARAMETER    1  N0 RESTORED TO VARIABLE.
 **********
 **   77 **FIX            0
 **********
 PARAMETER    0  IS UNDEFINED. IGNORED.
 **********
 **   78 **FIX            1
 **********
 **********
 **   79 **FIX            2
 **********
 PARAMETER    2  IS CONSTANT.   IGNORED.
 **********
 **   80 **FIX            3
 **********
 **********
 **   81 **FIX            4
 **********
 **********
 **   82 **FIX            5
 **********
 PARAMETER    5  IS CONSTANT.   IGNORED.
 **********
 **   83 **FIX            6
 **********
 **********
 **   84 **FIX            7
 **********
 **********
 **   85 **FIX            8
 **********
 **********
 **   86 **FIX            9
 **********
 PARAMETER    9  IS CONSTANT.   IGNORED.
 **********
 **   87 **FIX           10
 **********
 PARAMETER   10  IS CONSTANT.   IGNORED.
 **********
 **   88 **FIX           11
 **********
 PARAMETER   11  IS CONSTANT.   IGNORED.
 **********
 **   89 **FIX           12
 **********
 PARAMETER   12  IS CONSTANT.   IGNORED.
 **********
 **   90 **FIX           16
 **********
 PARAMETER   16  IS CONSTANT.   IGNORED.
 **********
 **   91 **MIGRAD
 **********
 START MIGRAD MINIMIZATION.  STRATEGY  1.  CONVERGENCE WHEN EDM .LT. 1.00e-04
 FCN=448.823 FROM MIGRAD    STATUS=INITIATE       10 CALLS        4974 TOTAL
                     EDM= unknown      STRATEGY= 1      NO ERROR MATRIX       
  EXT PARAMETER               CURRENT GUESS       STEP         FIRST   
  NO.   NAME      VALUE            ERROR          SIZE      DERIVATIVE 
   1  N0           2.99514e+06     fixed    
   2  tau          6.44056e+01   constant   
   3  A0           3.43710e-01     fixed    
   4  phi          4.11970e+00     fixed    
   5  R           -6.10700e+01   constant   
   6  A_CBO        7.26967e-04     fixed    
   7  w_CBO        2.32665e+00     fixed    
   8  phi_CBO      4.11441e+00     fixed    
   9  ANx2         5.14298e-04   constant   
  10  pNx2         2.57364e+00   constant   
  11  ANy1         0.00000e+00   constant   
  12  pNy1         0.00000e+00   constant   
  13  w_y          0.00000e+00   constant   
  14  ANy2         1.27860e-04   2.21863e-04   2.21863e-04   5.57331e+02
  15  pNy2         3.40463e+00   constant   
  16  w_vw         1.43028e+01   constant   
  17  LM           2.35248e-05   constant   
  18  wCBO_expCoeff   1.99997e+02   2.27005e-03  -2.65758e-06  -5.65683e+03
  19  wCBO_expOffset   2.00000e+02   3.85808e-04  -4.51348e-07  -2.99959e+04
  20  wCBO_expT    3.00001e+01   4.46401e-04  -5.19681e-07   3.35674e+04
  21  wCBO_linCoeff   0.00000e+00   constant   
  22  wCBO_const   1.37255e-02   4.31353e-03   5.04189e-06  -2.91599e+03
 MIGRAD FAILS TO FIND IMPROVEMENT
 COVARIANCE MATRIX CALCULATED SUCCESSFULLY
 FCN=447.48 FROM HESSE     STATUS=OK             37 CALLS        5098 TOTAL
                     EDM=0.00802295    STRATEGY= 1      ERROR MATRIX ACCURATE 
  EXT PARAMETER                                   STEP         FIRST   
  NO.   NAME      VALUE            ERROR          SIZE      DERIVATIVE 
   1  N0           2.99514e+06     fixed    
   2  tau          6.44056e+01   constant   
   3  A0           3.43710e-01     fixed    
   4  phi          4.11970e+00     fixed    
   5  R           -6.10700e+01   constant   
   6  A_CBO        7.26967e-04     fixed    
   7  w_CBO        2.32665e+00     fixed    
   8  phi_CBO      4.11441e+00     fixed    
   9  ANx2         5.14298e-04   constant   
  10  pNx2         2.57364e+00   constant   
  11  ANy1         0.00000e+00   constant   
  12  pNy1         0.00000e+00   constant   
  13  w_y          0.00000e+00   constant   
  14  ANy2         1.02703e-04   2.17544e-04   2.23534e-06  -3.64753e+02
  15  pNy2         3.40463e+00   constant   
  16  w_vw         1.43028e+01   constant   
  17  LM           2.35248e-05   constant   
  18  wCBO_expCoeff   1.99995e+02   1.75035e-03   9.53652e-05   1.40770e+02
  19  wCBO_expOffset   1.99999e+02   7.46966e-05   9.53672e-05   8.89103e+02
  20  wCBO_expT    2.99998e+01   2.15181e-04   1.43050e-05   5.54671e+02
  21  wCBO_linCoeff   0.00000e+00   constant   
  22  wCBO_const   1.60284e-02   1.70673e-03   4.00529e-06   1.62802e+02
 MIGRAD FAILS TO FIND IMPROVEMENT
 MIGRAD TERMINATED WITHOUT CONVERGENCE.
 FCN=447.471 FROM MIGRAD    STATUS=FAILED        169 CALLS        5133 TOTAL
                     EDM=0.004131    STRATEGY= 1  ERROR MATRIX UNCERTAINTY   3.2 per cent
  EXT PARAMETER                APPROXIMATE        STEP         FIRST   
  NO.   NAME      VALUE            ERROR          SIZE      DERIVATIVE 
   1  N0           2.99514e+06     fixed    
   2  tau          6.44056e+01   constant   
   3  A0           3.43710e-01     fixed    
   4  phi          4.11970e+00     fixed    
   5  R           -6.10700e+01   constant   
   6  A_CBO        7.26967e-04     fixed    
   7  w_CBO        2.32665e+00     fixed    
   8  phi_CBO      4.11441e+00     fixed    
   9  ANx2         5.14298e-04   constant   
  10  pNx2         2.57364e+00   constant   
  11  ANy1         0.00000e+00   constant   
  12  pNy1         0.00000e+00   constant   
  13  w_y          0.00000e+00   constant   
  14  ANy2         1.14748e-04   2.23307e-04   0.00000e+00   1.05112e+02
  15  pNy2         3.40463e+00   constant   
  16  w_vw         1.43028e+01   constant   
  17  LM           2.35248e-05   constant   
  18  wCBO_expCoeff   1.99995e+02   2.03043e-03  -0.00000e+00  -8.54412e+01
  19  wCBO_expOffset   1.99999e+02   1.50586e-04   0.00000e+00  -3.38170e+03
  20  wCBO_expT    2.99997e+01   2.23792e-04  -0.00000e+00   2.20004e+02
  21  wCBO_linCoeff   0.00000e+00   constant   
  22  wCBO_const   1.61245e-02   1.71581e-03  -0.00000e+00  -1.01952e+02
 EXTERNAL ERROR MATRIX.    NDIM=  25    NPAR=  5    ERR DEF=1
  4.987e-08 -9.018e-08  7.447e-09 -6.526e-09  2.459e-08 
 -9.018e-08  4.123e-06 -8.721e-08  4.418e-07 -2.930e-06 
  7.447e-09 -8.721e-08  2.268e-08 -3.088e-09 -5.521e-08 
 -6.526e-09  4.418e-07 -3.088e-09  5.008e-08 -3.376e-07 
  2.459e-08 -2.930e-06 -5.521e-08 -3.376e-07  2.944e-06 
ERR MATRIX APPROXIMATE
 PARAMETER  CORRELATION COEFFICIENTS  
       NO.  GLOBAL     14     18     19     20     22
       14  0.71162   1.000 -0.199  0.221 -0.131  0.064
       18  0.99957  -0.199  1.000 -0.285  0.972 -0.841
       19  0.99484   0.221 -0.285  1.000 -0.092 -0.214
       20  0.99905  -0.131  0.972 -0.092  1.000 -0.879
       22  0.99595   0.064 -0.841 -0.214 -0.879  1.000
 ERR MATRIX APPROXIMATE
MINUIT - FIT ALTOGETHER
 **********
 **   92 **RES 
 **********
                   PARAMETER    8  phi_CBO RESTORED TO VARIABLE.
                   PARAMETER    7  w_CBO RESTORED TO VARIABLE.
                   PARAMETER    6  A_CBO RESTORED TO VARIABLE.
                   PARAMETER    4  phi RESTORED TO VARIABLE.
                   PARAMETER    3  A0 RESTORED TO VARIABLE.
                   PARAMETER    1  N0 RESTORED TO VARIABLE.
 **********
 **   93 **MIGRAD
 **********
 START MIGRAD MINIMIZATION.  STRATEGY  1.  CONVERGENCE WHEN EDM .LT. 1.00e-04
 FCN=447.471 FROM MIGRAD    STATUS=INITIATE       22 CALLS        5155 TOTAL
                     EDM= unknown      STRATEGY= 1      NO ERROR MATRIX       
  EXT PARAMETER               CURRENT GUESS       STEP         FIRST   
  NO.   NAME      VALUE            ERROR          SIZE      DERIVATIVE 
   1  N0           2.99514e+06   4.59620e+02   4.59620e+02   1.21578e-03
   2  tau          6.44056e+01   constant   
   3  A0           3.43710e-01   2.06985e-04   2.06985e-04   9.37289e+01
