 + ++++++++++++++++++++++++++++++++++++++++++++++++++++++++++++++++++++ +
 +                                                                      +
 +           You have chose to blind your fitting according to          +
 +                omega_ref * (1 + (R +/- deltaR) *10^{-6})             +
 +                                                                      +
 + ++++++++++++++++++++++++++++++++++++++++++++++++++++++++++++++++++++ +
In main()...
reading format from /gm2data/zkhechad/run45/envelope/formats/formatB_sBin_constraintOn.txt
pBinTau 	= 0  
pBinPhi 	= 0  
constraintau 	= 1 
includeMopTerm 	= 0    
constrainMop    = 0   
Parameters after format file: pBinTau 0 pBinPhi 0 constraintau 1 includeMopTerm 0 constrainMop 0 c_e_scale 0.000000 
reading cbo reference file (full fit) from /gm2data/zkhechad/cboTemplates/Run4CBOTemplates/fullFits/run4/sBin_constraintOn_cE0.0_seed0_run4_calo9.root
A_CBO 0.010173 w_CBO 2.326319 phi_CBO 6.016081 N0 2790757.947661 R -60.043540 tau 64.405209 
Reading cboRef file /gm2data/zkhechad/cboTemplates/Run4CBOTemplates//cboIsolate/run4_calo9.root
deltaT 64.698396
windowBins = 430
fitting sliding window 940 from bin 1143 at 170.535600 to bin 1573 at 234.691600 (430 bins)

Reading data from /gm2data/cornell/histograms/aMethod/histogram_a_run4.root
fitting cbo isolate
 **********
 **    1 **SET PRINTOUT            1
 **********
 **********
 **    2 **SET NOWARNINGS 
 **********
 PARAMETER DEFINITIONS:
    NO.   NAME         VALUE      STEP SIZE      LIMITS
     1 A_CBO        1.01731e-02  1.00000e-05     no limits
     2 w_CBO        2.32632e+00  1.00000e-02    2.00000e+00  3.00000e+00
     3 phi_CBO      6.01608e+00  1.00000e-02    0.00000e+00  6.28319e+00
 **********
 **    3 **MIGRAD
 **********
 FIRST CALL TO USER FUNCTION AT NEW START POINT, WITH IFLAG=4.
 START MIGRAD MINIMIZATION.  STRATEGY  1.  CONVERGENCE WHEN EDM .LT. 1.00e-04
 FCN=0.0101118 FROM MIGRAD    STATUS=INITIATE       12 CALLS          13 TOTAL
                     EDM= unknown      STRATEGY= 1      NO ERROR MATRIX       
  EXT PARAMETER               CURRENT GUESS       STEP         FIRST   
  NO.   NAME      VALUE            ERROR          SIZE      DERIVATIVE 
   1  A_CBO        1.01731e-02   1.00000e-05   1.00000e-05   2.71761e+00
   2  w_CBO        2.32632e+00   1.00000e-02   2.13304e-02  -6.89680e-02
   3  phi_CBO      6.01608e+00   1.00000e-02   7.88999e-03   8.67584e-04
 MIGRAD MINIMIZATION HAS CONVERGED.
 MIGRAD WILL VERIFY CONVERGENCE AND ERROR MATRIX.
 COVARIANCE MATRIX CALCULATED SUCCESSFULLY
 FCN=0.00145928 FROM MIGRAD    STATUS=CONVERGED      49 CALLS          50 TOTAL
                     EDM=2.14744e-06    STRATEGY= 1      ERROR MATRIX ACCURATE 
  EXT PARAMETER                                   STEP         FIRST   
  NO.   NAME      VALUE            ERROR          SIZE      DERIVATIVE 
   1  A_CBO        3.80455e-03   6.84752e-02   3.34359e-05  -3.68971e-03
   2  w_CBO        2.32644e+00   6.63203e-01   9.25782e-05  -4.89935e-04
   3  phi_CBO      5.99619e+00   3.96507e+00   6.18033e-03  -1.71476e-05
 EXTERNAL ERROR MATRIX.    NDIM=  25    NPAR=  3    ERR DEF=1
  4.689e-03 -1.392e-03 -2.768e-01 
 -1.392e-03  3.194e-01  6.322e+01 
 -2.768e-01  6.322e+01  1.283e+04 
 PARAMETER  CORRELATION COEFFICIENTS  
       NO.  GLOBAL      1      2      3
        1  0.03599   1.000 -0.036 -0.036
        2  0.98756  -0.036  1.000  0.988
        3  0.98756  -0.036  0.988  1.000
setting A_CBO=0.003805 w_CBO=2.326438, phi_CBO=5.996190
done fitting cbo isolate
 **********
 **    1 **SET PRINTOUT            1
 **********
 **********
 **    2 **SET NOWARNINGS 
 **********
 PARAMETER DEFINITIONS:
    NO.   NAME         VALUE      STEP SIZE      LIMITS
     1 N0           2.79076e+06  1.00000e+02     no limits
     2 tau          6.44052e+01  constant
     3 A0           3.51393e-01  1.00000e-04     no limits
     4 phi          4.11695e+00  1.00000e-02     no limits
     5 R           -6.00435e+01  constant
     6 A_CBO        3.80455e-03  1.00000e-05     no limits
     7 w_CBO        2.32644e+00  1.00000e-03     no limits
     8 phi_CBO      5.99619e+00  1.00000e-04     no limits
     9 ANx2         5.96878e-04  constant
    10 pNx2         1.09681e+00  constant
    11 ANy1         0.00000e+00  constant
    12 pNy1         0.00000e+00  constant
    13 w_y          0.00000e+00  constant
    14 ANy2         1.07160e-02  1.00000e-04     no limits
    15 pNy2         5.64757e+00  constant
    16 w_vw         1.43013e+01  constant
    17 LM          -2.80163e-05  constant
    18 wCBO_expCoeff   2.00000e+02  1.00000e+00     no limits
    19 wCBO_expOffset   2.00000e+02  1.00000e+00     no limits
    20 wCBO_expT    3.00000e+01  1.00000e+00     no limits
    21 wCBO_linCoeff   0.00000e+00  constant
    22 wCBO_const   0.00000e+00  1.00000e-02     no limits
MINUIT - FIT ONLY WIGGLE
 **********
 **    3 **FIX            5
 **********
 PARAMETER    5  IS CONSTANT.   IGNORED.
 **********
 **    4 **FIX            6
 **********
 **********
 **    5 **FIX            7
 **********
 **********
 **    6 **FIX            8
 **********
 **********
 **    7 **FIX            9
 **********
 PARAMETER    9  IS CONSTANT.   IGNORED.
 **********
 **    8 **FIX           10
 **********
 PARAMETER   10  IS CONSTANT.   IGNORED.
 **********
 **    9 **FIX           11
 **********
 PARAMETER   11  IS CONSTANT.   IGNORED.
 **********
 **   10 **FIX           12
 **********
 PARAMETER   12  IS CONSTANT.   IGNORED.
 **********
 **   11 **FIX           13
 **********
 PARAMETER   13  IS CONSTANT.   IGNORED.
 **********
 **   12 **FIX           14
 **********
 **********
 **   13 **FIX           15
 **********
 PARAMETER   15  IS CONSTANT.   IGNORED.
 **********
 **   14 **FIX           16
 **********
 PARAMETER   16  IS CONSTANT.   IGNORED.
 **********
 **   15 **MIGRAD
 **********
 FIRST CALL TO USER FUNCTION AT NEW START POINT, WITH IFLAG=4.
 START MIGRAD MINIMIZATION.  STRATEGY  1.  CONVERGENCE WHEN EDM .LT. 1.00e-04
 FCN=2970.63 FROM MIGRAD    STATUS=INITIATE       84 CALLS          85 TOTAL
                     EDM= unknown      STRATEGY= 1      NO ERROR MATRIX       
  EXT PARAMETER               CURRENT GUESS       STEP         FIRST   
  NO.   NAME      VALUE            ERROR          SIZE      DERIVATIVE 
   1  N0           2.79076e+06   1.00000e+02   0.00000e+00   3.28619e-03
   2  tau          6.44052e+01   constant   
   3  A0           3.51393e-01   1.00000e-04   0.00000e+00  -3.70590e+02
   4  phi          4.11695e+00   1.00000e-02   0.00000e+00  -1.24779e+03
   5  R           -6.00435e+01   constant   
   6  A_CBO        3.80455e-03     fixed    
   7  w_CBO        2.32644e+00     fixed    
   8  phi_CBO      5.99619e+00     fixed    
   9  ANx2         5.96878e-04   constant   
  10  pNx2         1.09681e+00   constant   
  11  ANy1         0.00000e+00   constant   
  12  pNy1         0.00000e+00   constant   
  13  w_y          0.00000e+00   constant   
  14  ANy2         1.07160e-02     fixed    
  15  pNy2         5.64757e+00   constant   
  16  w_vw         1.43013e+01   constant   
  17  LM          -2.80163e-05   constant   
  18  wCBO_expCoeff   1.99989e+02   1.00000e+00   1.64893e-03  -2.98778e+03
  19  wCBO_expOffset   2.00000e+02   1.00000e+00   0.00000e+00  -1.83043e+04
  20  wCBO_expT    3.00000e+01   1.00000e+00   0.00000e+00   3.46926e+05
  21  wCBO_linCoeff   0.00000e+00   constant   
  22  wCBO_const   0.00000e+00   1.00000e-02   0.00000e+00   4.56498e+04
 MIGRAD FAILS TO FIND IMPROVEMENT
 COVARIANCE MATRIX CALCULATED SUCCESSFULLY
 FCN=2862.67 FROM HESSE     STATUS=OK             54 CALLS         234 TOTAL
                     EDM=13.2498    STRATEGY= 1      ERROR MATRIX ACCURATE 
  EXT PARAMETER                                   STEP         FIRST   
  NO.   NAME      VALUE            ERROR          SIZE      DERIVATIVE 
   1  N0           2.78998e+06   7.13463e+02   1.15839e+01  -3.56328e-05
   2  tau          6.44052e+01   constant   
   3  A0           3.51253e-01   2.12597e-04   5.51242e-06  -1.44800e+02
   4  phi          4.11702e+00   7.86938e-04   1.65133e-05   3.25916e+01
   5  R           -6.00435e+01   constant   
   6  A_CBO        3.80455e-03     fixed    
   7  w_CBO        2.32644e+00     fixed    
   8  phi_CBO      5.99619e+00     fixed    
   9  ANx2         5.96878e-04   constant   
  10  pNx2         1.09681e+00   constant   
  11  ANy1         0.00000e+00   constant   
  12  pNy1         0.00000e+00   constant   
  13  w_y          0.00000e+00   constant   
  14  ANy2         1.07160e-02     fixed    
  15  pNy2         5.64757e+00   constant   
  16  w_vw         1.43013e+01   constant   
  17  LM          -2.80163e-05   constant   
  18  wCBO_expCoeff   1.99990e+02   3.53697e-03   9.53625e-05   2.38396e+03
  19  wCBO_expOffset   2.00000e+02   7.17263e-05   9.53675e-05   1.57522e+04
  20  wCBO_expT    2.99999e+01   3.64742e-04   1.43051e-05  -3.94495e+03
  21  wCBO_linCoeff   0.00000e+00   constant   
  22  wCBO_const  -2.69714e-03   1.91210e-03   7.31489e-06   2.63294e+02
 CALL LIMIT EXCEEDED IN MIGRAD.
 MIGRAD TERMINATED WITHOUT CONVERGENCE.
 FCN=2841.94 FROM MIGRAD    STATUS=CALL LIMIT   1147 CALLS        1148 TOTAL
                     EDM=18.5317    STRATEGY= 1  ERROR MATRIX UNCERTAINTY   0.0 per cent
  EXT PARAMETER                APPROXIMATE        STEP         FIRST   
  NO.   NAME      VALUE            ERROR          SIZE      DERIVATIVE 
   1  N0           2.79001e+06   5.64938e+02   9.75168e+00   3.66955e-03
   2  tau          6.44052e+01   constant   
   3  A0           3.51178e-01   2.54639e-04  -8.36688e-07  -2.56737e+03
   4  phi          4.11702e+00   7.73609e-04   1.52322e-05   4.55465e+02
   5  R           -6.00435e+01   constant   
   6  A_CBO        3.80455e-03     fixed    
   7  w_CBO        2.32644e+00     fixed    
   8  phi_CBO      5.99619e+00     fixed    
   9  ANx2         5.96878e-04   constant   
  10  pNx2         1.09681e+00   constant   
  11  ANy1         0.00000e+00   constant   
  12  pNy1         0.00000e+00   constant   
  13  w_y          0.00000e+00   constant   
  14  ANy2         1.07160e-02     fixed    
  15  pNy2         5.64757e+00   constant   
  16  w_vw         1.43013e+01   constant   
  17  LM          -2.80163e-05   constant   
  18  wCBO_expCoeff   1.99981e+02   9.21271e-04  -1.73060e-04  -1.15951e+05
  19  wCBO_expOffset   1.99999e+02   9.73003e-05  -1.84016e-05  -6.84030e+05
  20  wCBO_expT    2.99983e+01   1.83988e-04  -3.43648e-05   5.16693e+05
  21  wCBO_linCoeff   0.00000e+00   constant   
  22  wCBO_const   7.75605e-03   1.41756e-03   2.64139e-04  -6.30118e+04
 EXTERNAL ERROR MATRIX.    NDIM=  25    NPAR=  7    ERR DEF=1
  3.192e+05  4.289e-03  1.732e-02  3.802e-02  1.433e-03  2.516e-03 -3.943e-02 
  4.289e-03  6.484e-08  1.107e-09  1.629e-08  7.822e-10  2.631e-09 -1.976e-08 
  1.732e-02  1.107e-09  5.985e-07 -5.626e-08 -5.432e-09 -1.132e-08  8.619e-08 
  3.802e-02  1.629e-08 -5.626e-08  8.487e-07  8.919e-08  1.668e-07 -1.289e-06 
  1.433e-03  7.822e-10 -5.432e-09  8.919e-08  9.467e-09  1.772e-08 -1.352e-07 
  2.516e-03  2.631e-09 -1.132e-08  1.668e-07  1.772e-08  3.385e-08 -2.471e-07 
 -3.943e-02 -1.976e-08  8.619e-08 -1.289e-06 -1.352e-07 -2.471e-07  2.009e-06 
ERR MATRIX APPROXIMATE
 PARAMETER  CORRELATION COEFFICIENTS  
       NO.  GLOBAL      1      3      4     18     19     20     22
        1  0.89498   1.000  0.030  0.040  0.073  0.026  0.024 -0.049
        3  0.47911   0.030  1.000  0.006  0.069  0.032  0.056 -0.055
        4  0.32412   0.040  0.006  1.000 -0.079 -0.072 -0.080  0.079
       18  0.99988   0.073  0.069 -0.079  1.000  0.995  0.984 -0.987
       19  0.99972   0.026  0.032 -0.072  0.995  1.000  0.990 -0.980
       20  0.99983   0.024  0.056 -0.080  0.984  0.990  1.000 -0.948
       22  0.99981  -0.049 -0.055  0.079 -0.987 -0.980 -0.948  1.000
 ERR MATRIX APPROXIMATE
MINUIT - FIT ONLY 1-CBO + other amplitudes 
 **********
 **   16 **RES 
 **********
                   PARAMETER   14  ANy2 RESTORED TO VARIABLE.
                   PARAMETER    8  phi_CBO RESTORED TO VARIABLE.
                   PARAMETER    7  w_CBO RESTORED TO VARIABLE.
                   PARAMETER    6  A_CBO RESTORED TO VARIABLE.
 **********
 **   17 **FIX            0
 **********
 PARAMETER    0  IS UNDEFINED. IGNORED.
 **********
 **   18 **FIX            1
 **********
 **********
 **   19 **FIX            2
 **********
 PARAMETER    2  IS CONSTANT.   IGNORED.
 **********
 **   20 **FIX            3
 **********
 **********
 **   21 **FIX            4
 **********
 **********
 **   22 **FIX            9
 **********
 PARAMETER    9  IS CONSTANT.   IGNORED.
 **********
 **   23 **FIX           11
 **********
 PARAMETER   11  IS CONSTANT.   IGNORED.
 **********
 **   24 **FIX           12
 **********
 PARAMETER   12  IS CONSTANT.   IGNORED.
 **********
 **   25 **FIX           14
 **********
 **********
 **   26 **FIX           15
 **********
 PARAMETER   15  IS CONSTANT.   IGNORED.
 **********
 **   27 **FIX           16
 **********
 PARAMETER   16  IS CONSTANT.   IGNORED.
 **********
 **   28 **MIGRAD
 **********
 START MIGRAD MINIMIZATION.  STRATEGY  1.  CONVERGENCE WHEN EDM .LT. 1.00e-04
 FCN=2841.94 FROM MIGRAD    STATUS=INITIATE       22 CALLS        1170 TOTAL
                     EDM= unknown      STRATEGY= 1      NO ERROR MATRIX       
  EXT PARAMETER               CURRENT GUESS       STEP         FIRST   
  NO.   NAME      VALUE            ERROR          SIZE      DERIVATIVE 
   1  N0           2.79001e+06     fixed    
   2  tau          6.44052e+01   constant   
   3  A0           3.51178e-01     fixed    
   4  phi          4.11702e+00     fixed    
   5  R           -6.00435e+01   constant   
   6  A_CBO        3.80455e-03   1.00000e-05   1.00000e-05   9.96508e+04
   7  w_CBO        2.32644e+00   1.00000e-03   1.00000e-03  -9.99423e+06
   8  phi_CBO      5.99619e+00   1.00000e-04   1.00000e-04   1.22791e+02
   9  ANx2         5.96878e-04   constant   
  10  pNx2         1.09681e+00   constant   
  11  ANy1         0.00000e+00   constant   
  12  pNy1         0.00000e+00   constant   
  13  w_y          0.00000e+00   constant   
  14  ANy2         1.07160e-02     fixed    
  15  pNy2         5.64757e+00   constant   
  16  w_vw         1.43013e+01   constant   
  17  LM          -2.80163e-05   constant   
  18  wCBO_expCoeff   1.99981e+02   9.21271e-04  -1.73060e-04  -1.15951e+05
  19  wCBO_expOffset   1.99999e+02   9.73003e-05  -1.84016e-05  -6.84030e+05
  20  wCBO_expT    2.99983e+01   1.83988e-04  -3.43648e-05   5.16693e+05
  21  wCBO_linCoeff   0.00000e+00   constant   
  22  wCBO_const   7.75605e-03   1.41756e-03   2.64139e-04  -6.30118e+04
 CALL LIMIT EXCEEDED IN MIGRAD.
 MIGRAD TERMINATED WITHOUT CONVERGENCE.
 FCN=2682.25 FROM MIGRAD    STATUS=CALL LIMIT   1146 CALLS        2294 TOTAL
                     EDM=0.723581    STRATEGY= 1  ERROR MATRIX UNCERTAINTY   0.0 per cent
  EXT PARAMETER                APPROXIMATE        STEP         FIRST   
  NO.   NAME      VALUE            ERROR          SIZE      DERIVATIVE 
   1  N0           2.79001e+06     fixed    
   2  tau          6.44052e+01   constant   
   3  A0           3.51178e-01     fixed    
   4  phi          4.11702e+00     fixed    
   5  R           -6.00435e+01   constant   
   6  A_CBO        1.42900e-03   2.01780e-04   6.06870e-07   2.23501e+03
   7  w_CBO        2.32646e+00   2.51040e-06  -6.29800e-09   2.39764e+04
   8  phi_CBO      5.60958e+00   2.17042e-01  -9.27451e-05   1.74170e-02
   9  ANx2         5.96878e-04   constant   
  10  pNx2         1.09681e+00   constant   
  11  ANy1         0.00000e+00   constant   
  12  pNy1         0.00000e+00   constant   
  13  w_y          0.00000e+00   constant   
  14  ANy2         1.07160e-02     fixed    
  15  pNy2         5.64757e+00   constant   
  16  w_vw         1.43013e+01   constant   
  17  LM          -2.80163e-05   constant   
  18  wCBO_expCoeff   1.99983e+02   2.14690e-04  -5.35925e-07   2.78670e+02
  19  wCBO_expOffset   2.00000e+02   2.07178e-04   6.69094e-07  -6.37754e+03
  20  wCBO_expT    2.99988e+01   1.16359e-04   3.56774e-07  -5.70851e+03
  21  wCBO_linCoeff   0.00000e+00   constant   
  22  wCBO_const   1.52890e-02   1.10317e-03  -3.44110e-06   9.43720e+01
 EXTERNAL ERROR MATRIX.    NDIM=  25    NPAR=  7    ERR DEF=1
  4.072e-08 -3.565e-10 -5.741e-06 -3.038e-08  3.867e-08  2.265e-08 -1.799e-07 
 -3.565e-10  6.302e-12  1.880e-07  3.170e-10 -4.092e-10 -1.943e-10  2.139e-09 
 -5.741e-06  1.880e-07  4.711e-02  1.607e-05 -7.162e-06  2.406e-08  7.028e-05 
 -3.038e-08  3.170e-10  1.607e-05  4.609e-08 -3.483e-08 -1.653e-08  1.820e-07 
  3.867e-08 -4.092e-10 -7.162e-06 -3.483e-08  4.292e-08  2.264e-08 -2.192e-07 
  2.265e-08 -1.943e-10  2.406e-08 -1.653e-08  2.264e-08  1.354e-08 -1.080e-07 
 -1.799e-07  2.139e-09  7.028e-05  1.820e-07 -2.192e-07 -1.080e-07  1.217e-06 
ERR MATRIX APPROXIMATE
 PARAMETER  CORRELATION COEFFICIENTS  
       NO.  GLOBAL      6      7      8     18     19     20     22
        6  0.99150   1.000 -0.704 -0.131 -0.701  0.925  0.965 -0.808
        7  0.86762  -0.704  1.000  0.345  0.588 -0.787 -0.665  0.772
        8  0.89215  -0.131  0.345  1.000  0.345 -0.159  0.001  0.294
       18  0.86518  -0.701  0.588  0.345  1.000 -0.783 -0.662  0.768
       19  0.99736   0.925 -0.787 -0.159 -0.783  1.000  0.939 -0.959
       20  0.98731   0.965 -0.665  0.001 -0.662  0.939  1.000 -0.841
       22  0.99347  -0.808  0.772  0.294  0.768 -0.959 -0.841  1.000
 ERR MATRIX APPROXIMATE
MINUIT - FIT ONLY 1-CBO
 **********
 **   29 **RES 
 **********
                   PARAMETER   14  ANy2 RESTORED TO VARIABLE.
                   PARAMETER    4  phi RESTORED TO VARIABLE.
                   PARAMETER    3  A0 RESTORED TO VARIABLE.
                   PARAMETER    1  N0 RESTORED TO VARIABLE.
 **********
 **   30 **FIX            0
 **********
 PARAMETER    0  IS UNDEFINED. IGNORED.
 **********
 **   31 **FIX            1
 **********
 **********
 **   32 **FIX            2
 **********
 PARAMETER    2  IS CONSTANT.   IGNORED.
 **********
 **   33 **FIX            3
 **********
 **********
 **   34 **FIX            4
 **********
 **********
 **   35 **FIX            8
 **********
 **********
 **   36 **FIX            9
 **********
 PARAMETER    9  IS CONSTANT.   IGNORED.
 **********
 **   37 **FIX           11
 **********
 PARAMETER   11  IS CONSTANT.   IGNORED.
 **********
 **   38 **FIX           12
 **********
 PARAMETER   12  IS CONSTANT.   IGNORED.
 **********
 **   39 **FIX           13
 **********
 PARAMETER   13  IS CONSTANT.   IGNORED.
 **********
 **   40 **FIX           15
 **********
 PARAMETER   15  IS CONSTANT.   IGNORED.
 **********
 **   41 **FIX           16
 **********
 PARAMETER   16  IS CONSTANT.   IGNORED.
 **********
 **   42 **MIGRAD
 **********
 START MIGRAD MINIMIZATION.  STRATEGY  1.  CONVERGENCE WHEN EDM .LT. 1.00e-04
 FCN=2682.25 FROM MIGRAD    STATUS=INITIATE       16 CALLS        2310 TOTAL
                     EDM= unknown      STRATEGY= 1      NO ERROR MATRIX       
  EXT PARAMETER               CURRENT GUESS       STEP         FIRST   
  NO.   NAME      VALUE            ERROR          SIZE      DERIVATIVE 
   1  N0           2.79001e+06     fixed    
   2  tau          6.44052e+01   constant   
   3  A0           3.51178e-01     fixed    
   4  phi          4.11702e+00     fixed    
   5  R           -6.00435e+01   constant   
   6  A_CBO        1.42900e-03   2.01780e-04   6.06870e-07   2.23501e+03
   7  w_CBO        2.32646e+00   2.51040e-06  -6.29800e-09   2.39764e+04
   8  phi_CBO      5.60958e+00     fixed    
   9  ANx2         5.96878e-04   constant   
  10  pNx2         1.09681e+00   constant   
  11  ANy1         0.00000e+00   constant   
  12  pNy1         0.00000e+00   constant   
  13  w_y          0.00000e+00   constant   
  14  ANy2         1.07160e-02   1.00000e-04   1.00000e-04   4.15780e+05
  15  pNy2         5.64757e+00   constant   
  16  w_vw         1.43013e+01   constant   
  17  LM          -2.80163e-05   constant   
  18  wCBO_expCoeff   1.99983e+02   2.14690e-04  -5.35925e-07   2.78670e+02
  19  wCBO_expOffset   2.00000e+02   2.07178e-04   6.69094e-07  -6.37754e+03
  20  wCBO_expT    2.99988e+01   1.16359e-04   3.56774e-07  -5.70851e+03
  21  wCBO_linCoeff   0.00000e+00   constant   
  22  wCBO_const   1.52890e-02   1.10317e-03  -3.44110e-06   9.43719e+01
 CALL LIMIT EXCEEDED IN MIGRAD.
 MIGRAD TERMINATED WITHOUT CONVERGENCE.
 FCN=439.317 FROM MIGRAD    STATUS=CALL LIMIT   1156 CALLS        3450 TOTAL
                     EDM=0.0372247    STRATEGY= 1  ERROR MATRIX UNCERTAINTY   0.6 per cent
  EXT PARAMETER                APPROXIMATE        STEP         FIRST   
  NO.   NAME      VALUE            ERROR          SIZE      DERIVATIVE 
   1  N0           2.79001e+06     fixed    
   2  tau          6.44052e+01   constant   
   3  A0           3.51178e-01     fixed    
   4  phi          4.11702e+00     fixed    
   5  R           -6.00435e+01   constant   
   6  A_CBO       -3.06808e-04   2.36089e-04   4.20112e-08  -1.44014e+02
   7  w_CBO        2.32646e+00   6.12732e-06   6.19172e-09   1.00185e+05
   8  phi_CBO      5.60958e+00     fixed    
   9  ANx2         5.96878e-04   constant   
  10  pNx2         1.09681e+00   constant   
  11  ANy1         0.00000e+00   constant   
  12  pNy1         0.00000e+00   constant   
  13  w_y          0.00000e+00   constant   
  14  ANy2        -1.16469e-04   2.45947e-04  -2.01844e-07  -1.58226e+03
  15  pNy2         5.64757e+00   constant   
  16  w_vw         1.43013e+01   constant   
  17  LM          -2.80163e-05   constant   
  18  wCBO_expCoeff   1.99983e+02   5.32608e-04   5.38503e-07   1.16162e+03
  19  wCBO_expOffset   2.00000e+02   1.48003e-04   1.52995e-07   5.31199e+03
  20  wCBO_expT    2.99991e+01   1.95404e-04   1.91936e-07  -6.68789e+03
  21  wCBO_linCoeff   0.00000e+00   constant   
  22  wCBO_const   1.69979e-02   1.89696e-03  -1.91136e-06   7.79759e+02
 EXTERNAL ERROR MATRIX.    NDIM=  25    NPAR=  7    ERR DEF=1
  5.574e-08  2.746e-10  4.246e-11  2.390e-08  5.957e-09  3.199e-09 -9.359e-08 
  2.746e-10  3.754e-11 -1.067e-09  3.020e-09  8.619e-10  1.088e-09 -1.093e-08 
  4.246e-11 -1.067e-09  6.049e-08 -9.282e-08 -2.762e-08 -3.835e-08  3.530e-07 
  2.390e-08  3.020e-09 -9.282e-08  2.837e-07  7.496e-08  9.458e-08 -9.508e-07 
  5.957e-09  8.619e-10 -2.762e-08  7.496e-08  2.190e-08  2.729e-08 -2.655e-07 
  3.199e-09  1.088e-09 -3.835e-08  9.458e-08  2.729e-08  3.818e-08 -3.080e-07 
 -9.359e-08 -1.093e-08  3.530e-07 -9.508e-07 -2.655e-07 -3.080e-07  3.598e-06 
ERR MATRIX APPROXIMATE
 PARAMETER  CORRELATION COEFFICIENTS  
       NO.  GLOBAL      6      7     14     18     19     20     22
        6  0.79645   1.000  0.190  0.001  0.190  0.170  0.069 -0.209
        7  0.99918   0.190  1.000 -0.708  0.925  0.950  0.909 -0.940
       14  0.99772   0.001 -0.708  1.000 -0.709 -0.759 -0.798  0.757
       18  0.99920   0.190  0.925 -0.709  1.000  0.951  0.909 -0.941
       19  0.99958   0.170  0.950 -0.759  0.951  1.000  0.944 -0.946
       20  0.99976   0.069  0.909 -0.798  0.909  0.944  1.000 -0.831
       22  0.99981  -0.209 -0.940  0.757 -0.941 -0.946 -0.831  1.000
 ERR MATRIX APPROXIMATE
MINUIT - FIT ONLY 2-CBO
 **********
 **   43 **RES 
 **********
                   PARAMETER    8  phi_CBO RESTORED TO VARIABLE.
                   PARAMETER    4  phi RESTORED TO VARIABLE.
                   PARAMETER    3  A0 RESTORED TO VARIABLE.
                   PARAMETER    1  N0 RESTORED TO VARIABLE.
 **********
 **   44 **FIX            0
 **********
 PARAMETER    0  IS UNDEFINED. IGNORED.
 **********
 **   45 **FIX            1
 **********
 **********
 **   46 **FIX            2
 **********
 PARAMETER    2  IS CONSTANT.   IGNORED.
 **********
 **   47 **FIX            3
 **********
 **********
 **   48 **FIX            4
 **********
 **********
 **   49 **FIX            5
 **********
 PARAMETER    5  IS CONSTANT.   IGNORED.
 **********
 **   50 **FIX            6
 **********
 **********
 **   51 **FIX            7
 **********
 **********
 **   52 **FIX           10
 **********
 PARAMETER   10  IS CONSTANT.   IGNORED.
 **********
 **   53 **FIX           11
 **********
 PARAMETER   11  IS CONSTANT.   IGNORED.
 **********
 **   54 **FIX           12
 **********
 PARAMETER   12  IS CONSTANT.   IGNORED.
 **********
 **   55 **FIX           13
 **********
 PARAMETER   13  IS CONSTANT.   IGNORED.
 **********
 **   56 **FIX           14
 **********
 **********
 **   57 **FIX           15
 **********
 PARAMETER   15  IS CONSTANT.   IGNORED.
 **********
 **   58 **FIX           16
 **********
 PARAMETER   16  IS CONSTANT.   IGNORED.
 **********
 **   59 **MIGRAD
 **********
 START MIGRAD MINIMIZATION.  STRATEGY  1.  CONVERGENCE WHEN EDM .LT. 1.00e-04
 FCN=439.317 FROM MIGRAD    STATUS=INITIATE       12 CALLS        3462 TOTAL
                     EDM= unknown      STRATEGY= 1      NO ERROR MATRIX       
  EXT PARAMETER               CURRENT GUESS       STEP         FIRST   
  NO.   NAME      VALUE            ERROR          SIZE      DERIVATIVE 
   1  N0           2.79001e+06     fixed    
   2  tau          6.44052e+01   constant   
   3  A0           3.51178e-01     fixed    
   4  phi          4.11702e+00     fixed    
   5  R           -6.00435e+01   constant   
   6  A_CBO       -3.06808e-04     fixed    
   7  w_CBO        2.32646e+00     fixed    
   8  phi_CBO      5.60958e+00   2.17042e-01   2.17042e-01  -3.72675e+00
   9  ANx2         5.96878e-04   constant   
  10  pNx2         1.09681e+00   constant   
  11  ANy1         0.00000e+00   constant   
  12  pNy1         0.00000e+00   constant   
  13  w_y          0.00000e+00   constant   
  14  ANy2        -1.16469e-04     fixed    
  15  pNy2         5.64757e+00   constant   
  16  w_vw         1.43013e+01   constant   
  17  LM          -2.80163e-05   constant   
  18  wCBO_expCoeff   1.99983e+02   5.32608e-04   5.38503e-07   1.16162e+03
  19  wCBO_expOffset   2.00000e+02   1.48003e-04   1.52995e-07   5.31199e+03
  20  wCBO_expT    2.99991e+01   1.95404e-04   1.91936e-07  -6.68789e+03
  21  wCBO_linCoeff   0.00000e+00   constant   
  22  wCBO_const   1.69979e-02   1.89696e-03  -1.91136e-06   7.79759e+02
 CALL LIMIT EXCEEDED IN MIGRAD.
 MIGRAD TERMINATED WITHOUT CONVERGENCE.
 FCN=437.653 FROM MIGRAD    STATUS=CALL LIMIT    830 CALLS        4280 TOTAL
                     EDM=0.326263    STRATEGY= 1  ERROR MATRIX UNCERTAINTY   0.0 per cent
  EXT PARAMETER                APPROXIMATE        STEP         FIRST   
  NO.   NAME      VALUE            ERROR          SIZE      DERIVATIVE 
   1  N0           2.79001e+06     fixed    
   2  tau          6.44052e+01   constant   
   3  A0           3.51178e-01     fixed    
   4  phi          4.11702e+00     fixed    
   5  R           -6.00435e+01   constant   
   6  A_CBO       -3.06808e-04     fixed    
   7  w_CBO        2.32646e+00     fixed    
   8  phi_CBO      6.47143e+00   6.79227e-01   2.81685e-06  -1.30958e-01
   9  ANx2         5.96878e-04   constant   
  10  pNx2         1.09681e+00   constant   
  11  ANy1         0.00000e+00   constant   
  12  pNy1         0.00000e+00   constant   
  13  w_y          0.00000e+00   constant   
  14  ANy2        -1.16469e-04     fixed    
  15  pNy2         5.64757e+00   constant   
  16  w_vw         1.43013e+01   constant   
  17  LM          -2.80163e-05   constant   
  18  wCBO_expCoeff   1.99983e+02   2.09736e-04   3.47505e-09   8.96749e+02
  19  wCBO_expOffset   2.00000e+02   2.48559e-04   7.34124e-08   1.46680e+03
  20  wCBO_expT    2.99991e+01   9.00745e-05   2.41204e-08  -5.36090e+03
  21  wCBO_linCoeff   0.00000e+00   constant   
  22  wCBO_const   1.69203e-02   1.77008e-03  -5.20154e-07   6.20349e+02
 EXTERNAL ERROR MATRIX.    NDIM=  25    NPAR=  5    ERR DEF=1
  4.613e-01  2.007e-05  5.566e-06 -4.533e-06 -1.580e-06 
  2.007e-05  4.399e-08  8.474e-10  4.946e-09 -3.901e-08 
  5.566e-06  8.474e-10  6.178e-08  2.056e-08 -4.291e-07 
 -4.533e-06  4.946e-09  2.056e-08  8.113e-09 -1.386e-07 
 -1.580e-06 -3.901e-08 -4.291e-07 -1.386e-07  3.133e-06 
ERR MATRIX APPROXIMATE
 PARAMETER  CORRELATION COEFFICIENTS  
       NO.  GLOBAL      8     18     19     20     22
        8  0.98453   1.000  0.141  0.033 -0.074 -0.001
       18  0.99592   0.141  1.000  0.016  0.262 -0.105
       19  0.99987   0.033  0.016  1.000  0.918 -0.975
       20  0.99934  -0.074  0.262  0.918  1.000 -0.870
       22  0.99966  -0.001 -0.105 -0.975 -0.870  1.000
 ERR MATRIX APPROXIMATE
MINUIT - FIT ONLY 1-y
 **********
 **   60 **RES 
 **********
                   PARAMETER   14  ANy2 RESTORED TO VARIABLE.
                   PARAMETER    7  w_CBO RESTORED TO VARIABLE.
                   PARAMETER    6  A_CBO RESTORED TO VARIABLE.
                   PARAMETER    4  phi RESTORED TO VARIABLE.
                   PARAMETER    3  A0 RESTORED TO VARIABLE.
                   PARAMETER    1  N0 RESTORED TO VARIABLE.
 **********
 **   61 **FIX            0
 **********
 PARAMETER    0  IS UNDEFINED. IGNORED.
 **********
 **   62 **FIX            1
 **********
 **********
 **   63 **FIX            2
 **********
 PARAMETER    2  IS CONSTANT.   IGNORED.
 **********
 **   64 **FIX            3
 **********
 **********
 **   65 **FIX            4
 **********
 **********
 **   66 **FIX            5
 **********
 PARAMETER    5  IS CONSTANT.   IGNORED.
 **********
 **   67 **FIX            6
 **********
 **********
 **   68 **FIX            7
 **********
 **********
 **   69 **FIX            8
 **********
 **********
 **   70 **FIX            9
 **********
 PARAMETER    9  IS CONSTANT.   IGNORED.
 **********
 **   71 **FIX           13
 **********
 PARAMETER   13  IS CONSTANT.   IGNORED.
 **********
 **   72 **FIX           14
 **********
 **********
 **   73 **FIX           15
 **********
 PARAMETER   15  IS CONSTANT.   IGNORED.
 **********
 **   74 **FIX           16
 **********
 PARAMETER   16  IS CONSTANT.   IGNORED.
 **********
 **   75 **MIGRAD
 **********
 START MIGRAD MINIMIZATION.  STRATEGY  1.  CONVERGENCE WHEN EDM .LT. 1.00e-04
 FCN=437.653 FROM MIGRAD    STATUS=INITIATE        8 CALLS        4288 TOTAL
                     EDM= unknown      STRATEGY= 1      NO ERROR MATRIX       
  EXT PARAMETER               CURRENT GUESS       STEP         FIRST   
  NO.   NAME      VALUE            ERROR          SIZE      DERIVATIVE 
   1  N0           2.79001e+06     fixed    
   2  tau          6.44052e+01   constant   
   3  A0           3.51178e-01     fixed    
   4  phi          4.11702e+00     fixed    
   5  R           -6.00435e+01   constant   
   6  A_CBO       -3.06808e-04     fixed    
   7  w_CBO        2.32646e+00     fixed    
   8  phi_CBO      6.47143e+00     fixed    
   9  ANx2         5.96878e-04   constant   
  10  pNx2         1.09681e+00   constant   
  11  ANy1         0.00000e+00   constant   
  12  pNy1         0.00000e+00   constant   
  13  w_y          0.00000e+00   constant   
  14  ANy2        -1.16469e-04     fixed    
  15  pNy2         5.64757e+00   constant   
  16  w_vw         1.43013e+01   constant   
  17  LM          -2.80163e-05   constant   
  18  wCBO_expCoeff   1.99983e+02   2.09736e-04   3.47505e-09   8.96749e+02
  19  wCBO_expOffset   2.00000e+02   2.48559e-04   7.34124e-08   1.46680e+03
  20  wCBO_expT    2.99991e+01   9.00745e-05   2.41204e-08  -5.36090e+03
  21  wCBO_linCoeff   0.00000e+00   constant   
  22  wCBO_const   1.69203e-02   1.77008e-03  -5.20154e-07   6.20349e+02
 CALL LIMIT EXCEEDED IN MIGRAD.
 MIGRAD TERMINATED WITHOUT CONVERGENCE.
 FCN=437.623 FROM MIGRAD    STATUS=CALL LIMIT    688 CALLS        4968 TOTAL
                     EDM=0.456057    STRATEGY= 1  ERROR MATRIX UNCERTAINTY   0.7 per cent
  EXT PARAMETER                APPROXIMATE        STEP         FIRST   
  NO.   NAME      VALUE            ERROR          SIZE      DERIVATIVE 
   1  N0           2.79001e+06     fixed    
   2  tau          6.44052e+01   constant   
   3  A0           3.51178e-01     fixed    
   4  phi          4.11702e+00     fixed    
   5  R           -6.00435e+01   constant   
   6  A_CBO       -3.06808e-04     fixed    
   7  w_CBO        2.32646e+00     fixed    
   8  phi_CBO      6.47143e+00     fixed    
   9  ANx2         5.96878e-04   constant   
  10  pNx2         1.09681e+00   constant   
  11  ANy1         0.00000e+00   constant   
  12  pNy1         0.00000e+00   constant   
  13  w_y          0.00000e+00   constant   
  14  ANy2        -1.16469e-04     fixed    
  15  pNy2         5.64757e+00   constant   
  16  w_vw         1.43013e+01   constant   
  17  LM          -2.80163e-05   constant   
  18  wCBO_expCoeff   1.99983e+02   2.02851e-04  -4.49241e-09   9.31608e+02
  19  wCBO_expOffset   2.00000e+02   3.04506e-04   8.93483e-08   1.92521e+03
  20  wCBO_expT    2.99992e+01   2.20787e-04   6.37827e-08  -4.40053e+03
  21  wCBO_linCoeff   0.00000e+00   constant   
  22  wCBO_const   1.68229e-02   1.32173e-03  -3.78786e-07   7.44163e+02
 EXTERNAL ERROR MATRIX.    NDIM=  25    NPAR=  4    ERR DEF=1
  4.115e-08 -7.084e-09 -8.957e-10 -9.493e-09 
 -7.084e-09  9.272e-08  6.573e-08 -3.925e-07 
 -8.957e-10  6.573e-08  4.875e-08 -2.733e-07 
 -9.493e-09 -3.925e-07 -2.733e-07  1.747e-06 
ERR MATRIX APPROXIMATE
 PARAMETER  CORRELATION COEFFICIENTS  
       NO.  GLOBAL     18     19     20     22
       18  0.99716   1.000 -0.115 -0.020 -0.035
       19  0.99996  -0.115  1.000  0.978 -0.975
       20  0.99980  -0.020  0.978  1.000 -0.936
       22  0.99985  -0.035 -0.975 -0.936  1.000
 ERR MATRIX APPROXIMATE
MINUIT - FIT ONLY 2-y
 **********
 **   76 **RES 
 **********
                   PARAMETER   14  ANy2 RESTORED TO VARIABLE.
                   PARAMETER    8  phi_CBO RESTORED TO VARIABLE.
                   PARAMETER    7  w_CBO RESTORED TO VARIABLE.
                   PARAMETER    6  A_CBO RESTORED TO VARIABLE.
                   PARAMETER    4  phi RESTORED TO VARIABLE.
                   PARAMETER    3  A0 RESTORED TO VARIABLE.
                   PARAMETER    1  N0 RESTORED TO VARIABLE.
 **********
 **   77 **FIX            0
 **********
 PARAMETER    0  IS UNDEFINED. IGNORED.
 **********
 **   78 **FIX            1
 **********
 **********
 **   79 **FIX            2
 **********
 PARAMETER    2  IS CONSTANT.   IGNORED.
 **********
 **   80 **FIX            3
 **********
 **********
 **   81 **FIX            4
 **********
 **********
 **   82 **FIX            5
 **********
 PARAMETER    5  IS CONSTANT.   IGNORED.
 **********
 **   83 **FIX            6
 **********
 **********
 **   84 **FIX            7
 **********
 **********
 **   85 **FIX            8
 **********
 **********
 **   86 **FIX            9
 **********
 PARAMETER    9  IS CONSTANT.   IGNORED.
 **********
 **   87 **FIX           10
 **********
 PARAMETER   10  IS CONSTANT.   IGNORED.
 **********
 **   88 **FIX           11
 **********
 PARAMETER   11  IS CONSTANT.   IGNORED.
 **********
 **   89 **FIX           12
 **********
 PARAMETER   12  IS CONSTANT.   IGNORED.
 **********
 **   90 **FIX           16
 **********
 PARAMETER   16  IS CONSTANT.   IGNORED.
 **********
 **   91 **MIGRAD
 **********
 START MIGRAD MINIMIZATION.  STRATEGY  1.  CONVERGENCE WHEN EDM .LT. 1.00e-04
 FCN=437.623 FROM MIGRAD    STATUS=INITIATE       10 CALLS        4978 TOTAL
                     EDM= unknown      STRATEGY= 1      NO ERROR MATRIX       
  EXT PARAMETER               CURRENT GUESS       STEP         FIRST   
  NO.   NAME      VALUE            ERROR          SIZE      DERIVATIVE 
   1  N0           2.79001e+06     fixed    
   2  tau          6.44052e+01   constant   
   3  A0           3.51178e-01     fixed    
   4  phi          4.11702e+00     fixed    
   5  R           -6.00435e+01   constant   
   6  A_CBO       -3.06808e-04     fixed    
   7  w_CBO        2.32646e+00     fixed    
   8  phi_CBO      6.47143e+00     fixed    
   9  ANx2         5.96878e-04   constant   
  10  pNx2         1.09681e+00   constant   
  11  ANy1         0.00000e+00   constant   
  12  pNy1         0.00000e+00   constant   
  13  w_y          0.00000e+00   constant   
  14  ANy2        -1.16469e-04   2.45947e-04   2.45947e-04  -1.54956e+03
  15  pNy2         5.64757e+00   constant   
  16  w_vw         1.43013e+01   constant   
  17  LM          -2.80163e-05   constant   
  18  wCBO_expCoeff   1.99983e+02   2.02851e-04  -4.49241e-09   9.31608e+02
  19  wCBO_expOffset   2.00000e+02   3.04506e-04   8.93483e-08   1.92521e+03
  20  wCBO_expT    2.99992e+01   2.20787e-04   6.37827e-08  -4.40053e+03
  21  wCBO_linCoeff   0.00000e+00   constant   
  22  wCBO_const   1.68229e-02   1.32173e-03  -3.78786e-07   7.44163e+02
 CALL LIMIT EXCEEDED IN MIGRAD.
 MIGRAD TERMINATED WITHOUT CONVERGENCE.
 FCN=437.57 FROM MIGRAD    STATUS=CALL LIMIT    832 CALLS        5800 TOTAL
                     EDM=0.307226    STRATEGY= 1  ERROR MATRIX UNCERTAINTY   0.7 per cent
  EXT PARAMETER                APPROXIMATE        STEP         FIRST   
  NO.   NAME      VALUE            ERROR          SIZE      DERIVATIVE 
   1  N0           2.79001e+06     fixed    
   2  tau          6.44052e+01   constant   
   3  A0           3.51178e-01     fixed    
   4  phi          4.11702e+00     fixed    
   5  R           -6.00435e+01   constant   
   6  A_CBO       -3.06808e-04     fixed    
   7  w_CBO        2.32646e+00     fixed    
   8  phi_CBO      6.47143e+00     fixed    
   9  ANx2         5.96878e-04   constant   
  10  pNx2         1.09681e+00   constant   
  11  ANy1         0.00000e+00   constant   
  12  pNy1         0.00000e+00   constant   
  13  w_y          0.00000e+00   constant   
  14  ANy2        -5.34685e-05   2.77884e-04   1.36099e-07   9.37253e+02
  15  pNy2         5.64757e+00   constant   
  16  w_vw         1.43013e+01   constant   
  17  LM          -2.80163e-05   constant   
  18  wCBO_expCoeff   1.99983e+02   2.32143e-04  -5.32246e-08   5.42504e+02
  19  wCBO_expOffset   2.00000e+02   2.73264e-04   1.48438e-07  -3.12877e+02
  20  wCBO_expT    2.99992e+01   1.49845e-04   7.81169e-08  -3.55830e+03
  21  wCBO_linCoeff   0.00000e+00   constant   
  22  wCBO_const   1.66995e-02   1.68439e-03  -9.03419e-07   4.15697e+02
 EXTERNAL ERROR MATRIX.    NDIM=  25    NPAR=  5    ERR DEF=1
  7.722e-08 -3.162e-08  6.738e-08  3.835e-08 -4.158e-07 
 -3.162e-08  5.389e-08 -2.876e-08 -1.136e-08  1.452e-07 
  6.738e-08 -2.876e-08  7.467e-08  3.925e-08 -4.488e-07 
  3.835e-08 -1.136e-08  3.925e-08  2.245e-08 -2.327e-07 
 -4.158e-07  1.452e-07 -4.488e-07 -2.327e-07  2.837e-06 
ERR MATRIX APPROXIMATE
 PARAMETER  CORRELATION COEFFICIENTS  
       NO.  GLOBAL     14     18     19     20     22
       14  0.99718   1.000 -0.490  0.887  0.921 -0.888
       18  0.98913  -0.490  1.000 -0.453 -0.327  0.371
       19  0.99962   0.887 -0.453  1.000  0.958 -0.975
       20  0.99914   0.921 -0.327  0.958  1.000 -0.922
       22  0.99901  -0.888  0.371 -0.975 -0.922  1.000
 ERR MATRIX APPROXIMATE
MINUIT - FIT ALTOGETHER
 **********
 **   92 **RES 
 **********
                   PARAMETER    8  phi_CBO RESTORED TO VARIABLE.
                   PARAMETER    7  w_CBO RESTORED TO VARIABLE.
                   PARAMETER    6  A_CBO RESTORED TO VARIABLE.
                   PARAMETER    4  phi RESTORED TO VARIABLE.
                   PARAMETER    3  A0 RESTORED TO VARIABLE.
                   PARAMETER    1  N0 RESTORED TO VARIABLE.
 **********
 **   93 **MIGRAD
 **********
 START MIGRAD MINIMIZATION.  STRATEGY  1.  CONVERGENCE WHEN EDM .LT. 1.00e-04
 FCN=437.57 FROM MIGRAD    STATUS=INITIATE       22 CALLS        5822 TOTAL
                     EDM= unknown      STRATEGY= 1      NO ERROR MATRIX       
  EXT PARAMETER               CURRENT GUESS       STEP         FIRST   
  NO.   NAME      VALUE            ERROR          SIZE      DERIVATIVE 
   1  N0           2.79001e+06   5.64938e+02   5.64938e+02  -9.87435e-03
   2  tau          6.44052e+01   constant   
