 + ++++++++++++++++++++++++++++++++++++++++++++++++++++++++++++++++++++ +
 +                                                                      +
 +           You have chose to blind your fitting according to          +
 +                omega_ref * (1 + (R +/- deltaR) *10^{-6})             +
 +                                                                      +
 + ++++++++++++++++++++++++++++++++++++++++++++++++++++++++++++++++++++ +
In main()...
reading format from /gm2data/zkhechad/run45/envelope/formats/formatB_sBin_constraintOn.txt
pBinTau 	= 0  
pBinPhi 	= 0  
constraintau 	= 1 
includeMopTerm 	= 0    
constrainMop    = 0   
Parameters after format file: pBinTau 0 pBinPhi 0 constraintau 1 includeMopTerm 0 constrainMop 0 c_e_scale 0.000000 
reading cbo reference file (full fit) from /gm2data/zkhechad/cboTemplates/Run4CBOTemplates/fullFits/run4/sBin_constraintOn_cE0.0_seed0_run4_calo9.root
A_CBO 0.010173 w_CBO 2.326319 phi_CBO 6.016081 N0 2790757.947661 R -60.043540 tau 64.405209 
Reading cboRef file /gm2data/zkhechad/cboTemplates/Run4CBOTemplates//cboIsolate/run4_calo9.root
deltaT 164.120000
windowBins = 1100
fitting sliding window 1540 from bin 1743 at 260.055600 to bin 2843 at 424.175600 (1100 bins)

Reading data from /gm2data/cornell/histograms/aMethod/histogram_a_run4.root
fitting cbo isolate
 **********
 **    1 **SET PRINTOUT            1
 **********
 **********
 **    2 **SET NOWARNINGS 
 **********
 PARAMETER DEFINITIONS:
    NO.   NAME         VALUE      STEP SIZE      LIMITS
     1 A_CBO        1.01731e-02  1.00000e-05     no limits
     2 w_CBO        2.32632e+00  1.00000e-02    2.00000e+00  3.00000e+00
     3 phi_CBO      6.01608e+00  1.00000e-02    0.00000e+00  6.28319e+00
 **********
 **    3 **MIGRAD
 **********
 FIRST CALL TO USER FUNCTION AT NEW START POINT, WITH IFLAG=4.
 START MIGRAD MINIMIZATION.  STRATEGY  1.  CONVERGENCE WHEN EDM .LT. 1.00e-04
 FCN=0.0672274 FROM MIGRAD    STATUS=INITIATE       12 CALLS          13 TOTAL
                     EDM= unknown      STRATEGY= 1      NO ERROR MATRIX       
  EXT PARAMETER               CURRENT GUESS       STEP         FIRST   
  NO.   NAME      VALUE            ERROR          SIZE      DERIVATIVE 
   1  A_CBO        1.01731e-02   1.00000e-05   1.00000e-05   8.03581e+00
   2  w_CBO        2.32632e+00   1.00000e-02   2.13304e-02   5.36514e-01
   3  phi_CBO      6.01608e+00   1.00000e-02   7.88999e-03  -3.78599e-03
 MIGRAD MINIMIZATION HAS CONVERGED.
 MIGRAD WILL VERIFY CONVERGENCE AND ERROR MATRIX.
 COVARIANCE MATRIX CALCULATED SUCCESSFULLY
 FCN=0.0378657 FROM MIGRAD    STATUS=CONVERGED      49 CALLS          50 TOTAL
                     EDM=3.31616e-05    STRATEGY= 1      ERROR MATRIX ACCURATE 
  EXT PARAMETER                                   STEP         FIRST   
  NO.   NAME      VALUE            ERROR          SIZE      DERIVATIVE 
   1  A_CBO        2.87403e-03   4.28605e-02   2.12104e-05  -1.57189e-02
   2  w_CBO        2.32616e+00   2.27116e-01   4.58511e-05   1.21506e-02
   3  phi_CBO      6.05222e+00   3.23293e+00   7.75753e-03   2.79496e-05
 EXTERNAL ERROR MATRIX.    NDIM=  25    NPAR=  3    ERR DEF=1
  1.837e-03 -1.054e-03 -3.590e-01 
 -1.054e-03  5.621e-02  1.899e+01 
 -3.590e-01  1.899e+01  6.637e+03 
 PARAMETER  CORRELATION COEFFICIENTS  
       NO.  GLOBAL      1      2      3
        1  0.10386   1.000 -0.104 -0.103
        2  0.98326  -0.104  1.000  0.983
        3  0.98326  -0.103  0.983  1.000
setting A_CBO=0.002874 w_CBO=2.326164, phi_CBO=6.052221
done fitting cbo isolate
 **********
 **    1 **SET PRINTOUT            1
 **********
 **********
 **    2 **SET NOWARNINGS 
 **********
 PARAMETER DEFINITIONS:
    NO.   NAME         VALUE      STEP SIZE      LIMITS
     1 N0           2.79076e+06  1.00000e+02     no limits
     2 tau          6.44052e+01  constant
     3 A0           3.51393e-01  1.00000e-04     no limits
     4 phi          4.11695e+00  1.00000e-02     no limits
     5 R           -6.00435e+01  constant
     6 A_CBO        2.87403e-03  1.00000e-05     no limits
     7 w_CBO        2.32616e+00  1.00000e-03     no limits
     8 phi_CBO      6.05222e+00  1.00000e-04     no limits
     9 ANx2         5.96878e-04  constant
    10 pNx2         1.09681e+00  constant
    11 ANy1         0.00000e+00  constant
    12 pNy1         0.00000e+00  constant
    13 w_y          0.00000e+00  constant
    14 ANy2         1.07160e-02  1.00000e-04     no limits
    15 pNy2         5.64757e+00  constant
    16 w_vw         1.43013e+01  constant
    17 LM          -2.80163e-05  constant
    18 wCBO_expCoeff   2.00000e+02  1.00000e+00     no limits
    19 wCBO_expOffset   2.00000e+02  1.00000e+00     no limits
    20 wCBO_expT    3.00000e+01  1.00000e+00     no limits
    21 wCBO_linCoeff   0.00000e+00  constant
    22 wCBO_const   0.00000e+00  1.00000e-02     no limits
MINUIT - FIT ONLY WIGGLE
 **********
 **    3 **FIX            5
 **********
 PARAMETER    5  IS CONSTANT.   IGNORED.
 **********
 **    4 **FIX            6
 **********
 **********
 **    5 **FIX            7
 **********
 **********
 **    6 **FIX            8
 **********
 **********
 **    7 **FIX            9
 **********
 PARAMETER    9  IS CONSTANT.   IGNORED.
 **********
 **    8 **FIX           10
 **********
 PARAMETER   10  IS CONSTANT.   IGNORED.
 **********
 **    9 **FIX           11
 **********
 PARAMETER   11  IS CONSTANT.   IGNORED.
 **********
 **   10 **FIX           12
 **********
 PARAMETER   12  IS CONSTANT.   IGNORED.
 **********
 **   11 **FIX           13
 **********
 PARAMETER   13  IS CONSTANT.   IGNORED.
 **********
 **   12 **FIX           14
 **********
 **********
 **   13 **FIX           15
 **********
 PARAMETER   15  IS CONSTANT.   IGNORED.
 **********
 **   14 **FIX           16
 **********
 PARAMETER   16  IS CONSTANT.   IGNORED.
 **********
 **   15 **MIGRAD
 **********
 FIRST CALL TO USER FUNCTION AT NEW START POINT, WITH IFLAG=4.
 START MIGRAD MINIMIZATION.  STRATEGY  1.  CONVERGENCE WHEN EDM .LT. 1.00e-04
 FCN=1214.06 FROM MIGRAD    STATUS=INITIATE       55 CALLS          56 TOTAL
                     EDM= unknown      STRATEGY= 1      NO ERROR MATRIX       
  EXT PARAMETER               CURRENT GUESS       STEP         FIRST   
  NO.   NAME      VALUE            ERROR          SIZE      DERIVATIVE 
   1  N0           2.79076e+06   1.00000e+02   0.00000e+00   3.43754e-04
   2  tau          6.44052e+01   constant   
   3  A0           3.51393e-01   1.00000e-04   0.00000e+00  -8.40173e+02
   4  phi          4.11695e+00   1.00000e-02   0.00000e+00   1.24835e+03
   5  R           -6.00435e+01   constant   
   6  A_CBO        2.87403e-03     fixed    
   7  w_CBO        2.32616e+00     fixed    
   8  phi_CBO      6.05222e+00     fixed    
   9  ANx2         5.96878e-04   constant   
  10  pNx2         1.09681e+00   constant   
  11  ANy1         0.00000e+00   constant   
  12  pNy1         0.00000e+00   constant   
  13  w_y          0.00000e+00   constant   
  14  ANy2         1.07160e-02     fixed    
  15  pNy2         5.64757e+00   constant   
  16  w_vw         1.43013e+01   constant   
  17  LM          -2.80163e-05   constant   
  18  wCBO_expCoeff   2.00032e+02   1.00000e+00   3.20879e-02  -1.18542e+02
  19  wCBO_expOffset   2.00000e+02   1.00000e+00   0.00000e+00  -7.88371e+02
  20  wCBO_expT    3.00000e+01   1.00000e+00   0.00000e+00  -7.03667e+02
  21  wCBO_linCoeff   0.00000e+00   constant   
  22  wCBO_const   0.00000e+00   1.00000e-02   0.00000e+00  -2.31467e+02
 MIGRAD MINIMIZATION HAS CONVERGED.
 FCN=1202.95 FROM MIGRAD    STATUS=CONVERGED     225 CALLS         226 TOTAL
                     EDM=1.78733e-07    STRATEGY= 1  ERROR MATRIX UNCERTAINTY   0.4 per cent
  EXT PARAMETER                                   STEP         FIRST   
  NO.   NAME      VALUE            ERROR          SIZE      DERIVATIVE 
   1  N0           2.79069e+06   7.36407e+02  -1.63908e+00  -2.62381e-07
   2  tau          6.44052e+01   constant   
   3  A0           3.51370e-01   3.52741e-04  -4.18934e-07  -2.62129e-01
   4  phi          4.11640e+00   1.04552e-03  -3.89233e-07  -9.00736e-02
   5  R           -6.00435e+01   constant   
   6  A_CBO        2.87403e-03     fixed    
   7  w_CBO        2.32616e+00     fixed    
   8  phi_CBO      6.05222e+00     fixed    
   9  ANx2         5.96878e-04   constant   
  10  pNx2         1.09681e+00   constant   
  11  ANy1         0.00000e+00   constant   
  12  pNy1         0.00000e+00   constant   
  13  w_y          0.00000e+00   constant   
  14  ANy2         1.07160e-02     fixed    
  15  pNy2         5.64757e+00   constant   
  16  w_vw         1.43013e+01   constant   
  17  LM          -2.80163e-05   constant   
  18  wCBO_expCoeff   2.00072e+02   2.77157e-02   4.70773e-05   4.60463e-02
  19  wCBO_expOffset   2.00006e+02   4.18402e-03   7.06208e-06   6.34246e-01
  20  wCBO_expT    2.99965e+01   3.58702e-03  -7.53845e-06   1.01530e+00
  21  wCBO_linCoeff   0.00000e+00   constant   
  22  wCBO_const  -1.89037e-03   5.17441e-04   1.87953e-06   1.46831e+00
 EXTERNAL ERROR MATRIX.    NDIM=  25    NPAR=  7    ERR DEF=1
  5.423e+05  1.795e-03 -8.576e-03 -2.018e-01 -2.465e-02  2.140e-02  2.809e-03 
  1.795e-03  1.244e-07  1.393e-09  1.171e-07  1.931e-08 -1.798e-08  5.177e-09 
 -8.576e-03  1.393e-09  1.093e-06  1.835e-06  2.787e-07 -2.402e-07  1.598e-08 
 -2.018e-01  1.171e-07  1.835e-06  7.682e-04  1.130e-04 -9.810e-05  6.890e-06 
 -2.465e-02  1.931e-08  2.787e-07  1.130e-04  1.751e-05 -1.481e-05  1.038e-06 
  2.140e-02 -1.798e-08 -2.402e-07 -9.810e-05 -1.481e-05  1.287e-05 -1.045e-06 
  2.809e-03  5.177e-09  1.598e-08  6.890e-06  1.038e-06 -1.045e-06  2.677e-07 
 PARAMETER  CORRELATION COEFFICIENTS  
       NO.  GLOBAL      1      3      4     18     19     20     22
        1  0.02293   1.000  0.007 -0.011 -0.010 -0.008  0.008  0.007
        3  0.03156   0.007  1.000  0.004  0.012  0.013 -0.014  0.028
        4  0.06567  -0.011  0.004  1.000  0.063  0.064 -0.064  0.030
       18  0.99242  -0.010  0.012  0.063  1.000  0.975 -0.987  0.480
       19  0.99243  -0.008  0.013  0.064  0.975  1.000 -0.987  0.479
       20  0.99757   0.008 -0.014 -0.064 -0.987 -0.987  1.000 -0.563
       22  0.85640   0.007  0.028  0.030  0.480  0.479 -0.563  1.000
MINUIT - FIT ONLY 1-CBO + other amplitudes 
 **********
 **   16 **RES 
 **********
                   PARAMETER   14  ANy2 RESTORED TO VARIABLE.
                   PARAMETER    8  phi_CBO RESTORED TO VARIABLE.
                   PARAMETER    7  w_CBO RESTORED TO VARIABLE.
                   PARAMETER    6  A_CBO RESTORED TO VARIABLE.
 **********
 **   17 **FIX            0
 **********
 PARAMETER    0  IS UNDEFINED. IGNORED.
 **********
 **   18 **FIX            1
 **********
 **********
 **   19 **FIX            2
 **********
 PARAMETER    2  IS CONSTANT.   IGNORED.
 **********
 **   20 **FIX            3
 **********
 **********
 **   21 **FIX            4
 **********
 **********
 **   22 **FIX            9
 **********
 PARAMETER    9  IS CONSTANT.   IGNORED.
 **********
 **   23 **FIX           11
 **********
 PARAMETER   11  IS CONSTANT.   IGNORED.
 **********
 **   24 **FIX           12
 **********
 PARAMETER   12  IS CONSTANT.   IGNORED.
 **********
 **   25 **FIX           14
 **********
 **********
 **   26 **FIX           15
 **********
 PARAMETER   15  IS CONSTANT.   IGNORED.
 **********
 **   27 **FIX           16
 **********
 PARAMETER   16  IS CONSTANT.   IGNORED.
 **********
 **   28 **MIGRAD
 **********
 START MIGRAD MINIMIZATION.  STRATEGY  1.  CONVERGENCE WHEN EDM .LT. 1.00e-04
 FCN=1202.95 FROM MIGRAD    STATUS=INITIATE       22 CALLS         248 TOTAL
                     EDM= unknown      STRATEGY= 1      NO ERROR MATRIX       
  EXT PARAMETER               CURRENT GUESS       STEP         FIRST   
  NO.   NAME      VALUE            ERROR          SIZE      DERIVATIVE 
   1  N0           2.79069e+06     fixed    
   2  tau          6.44052e+01   constant   
   3  A0           3.51370e-01     fixed    
   4  phi          4.11640e+00     fixed    
   5  R           -6.00435e+01   constant   
   6  A_CBO        2.87403e-03   1.00000e-05   1.00000e-05   2.72648e+04
   7  w_CBO        2.32616e+00   1.00000e-03   1.00000e-03   4.59800e+00
   8  phi_CBO      6.05222e+00   1.00000e-04   1.00000e-04   1.18927e+00
   9  ANx2         5.96878e-04   constant   
  10  pNx2         1.09681e+00   constant   
  11  ANy1         0.00000e+00   constant   
  12  pNy1         0.00000e+00   constant   
  13  w_y          0.00000e+00   constant   
  14  ANy2         1.07160e-02     fixed    
  15  pNy2         5.64757e+00   constant   
  16  w_vw         1.43013e+01   constant   
  17  LM          -2.80163e-05   constant   
  18  wCBO_expCoeff   2.00072e+02   2.77157e-02   4.70773e-05   4.60463e-02
  19  wCBO_expOffset   2.00006e+02   4.18402e-03   7.06208e-06   6.34246e-01
  20  wCBO_expT    2.99965e+01   3.58702e-03  -7.53845e-06   1.01530e+00
  21  wCBO_linCoeff   0.00000e+00   constant   
  22  wCBO_const  -1.89037e-03   5.17441e-04   1.87953e-06   1.46831e+00
 MIGRAD MINIMIZATION HAS CONVERGED.
 MIGRAD WILL VERIFY CONVERGENCE AND ERROR MATRIX.
 COVARIANCE MATRIX CALCULATED SUCCESSFULLY
 FCN=1175.24 FROM MIGRAD    STATUS=CONVERGED     222 CALLS         448 TOTAL
                     EDM=9.34183e-06    STRATEGY= 1      ERROR MATRIX ACCURATE 
  EXT PARAMETER                                   STEP         FIRST   
  NO.   NAME      VALUE            ERROR          SIZE      DERIVATIVE 
   1  N0           2.79069e+06     fixed    
   2  tau          6.44052e+01   constant   
   3  A0           3.51370e-01     fixed    
   4  phi          4.11640e+00     fixed    
   5  R           -6.00435e+01   constant   
   6  A_CBO        8.34468e-04   3.95992e-04   6.38858e-06   5.40500e+00
   7  w_CBO        2.32638e+00   6.73144e-03   1.10930e-06  -5.47539e+00
   8  phi_CBO      5.45971e+00   7.33153e-01   7.27845e-03   5.38727e-03
   9  ANx2         5.96878e-04   constant   
  10  pNx2         1.09681e+00   constant   
  11  ANy1         0.00000e+00   constant   
  12  pNy1         0.00000e+00   constant   
  13  w_y          0.00000e+00   constant   
  14  ANy2         1.07160e-02     fixed    
  15  pNy2         5.64757e+00   constant   
  16  w_vw         1.43013e+01   constant   
  17  LM          -2.80163e-05   constant   
  18  wCBO_expCoeff   2.00093e+02   6.22782e-01   9.54116e-05  -5.81857e-02
  19  wCBO_expOffset   2.00009e+02   2.64283e-02   9.53718e-05  -3.84245e-01
  20  wCBO_expT    2.99921e+01   5.23288e-03   1.43014e-05  -1.94578e+00
  21  wCBO_linCoeff   0.00000e+00   constant   
  22  wCBO_const  -1.82563e-03   2.97171e-03   5.82298e-06  -1.09285e+00
 EXTERNAL ERROR MATRIX.    NDIM=  25    NPAR=  7    ERR DEF=1
  1.568e-07 -3.496e-08  2.687e-05  1.262e-05 -1.958e-06  2.570e-07 -9.428e-09 
 -3.496e-08  4.531e-05  9.188e-05 -3.948e-03  5.793e-06  8.624e-07 -1.951e-05 
  2.687e-05  9.188e-05  5.375e-01 -7.090e-02  4.381e-03  2.559e-03 -1.778e-04 
  1.262e-05 -3.948e-03 -7.090e-02  3.879e-01 -5.736e-03 -7.303e-04  1.747e-03 
 -1.958e-06  5.793e-06  4.381e-03 -5.736e-03  6.985e-04  4.215e-05 -5.368e-06 
  2.570e-07  8.624e-07  2.559e-03 -7.303e-04  4.215e-05  2.738e-05 -2.615e-06 
 -9.428e-09 -1.951e-05 -1.778e-04  1.747e-03 -5.368e-06 -2.615e-06  8.831e-06 
 PARAMETER  CORRELATION COEFFICIENTS  
       NO.  GLOBAL      6      7      8     18     19     20     22
        6  0.26823   1.000 -0.013  0.093  0.051 -0.187  0.124 -0.008
        7  0.99996  -0.013  1.000  0.019 -0.942  0.033  0.024 -0.975
        8  0.80356   0.093  0.019  1.000 -0.155  0.226  0.667 -0.082
       18  0.99997   0.051 -0.942 -0.155  1.000 -0.348 -0.224  0.944
       19  0.99956  -0.187  0.033  0.226 -0.348  1.000  0.305 -0.068
       20  0.99788   0.124  0.024  0.667 -0.224  0.305  1.000 -0.168
       22  0.99312  -0.008 -0.975 -0.082  0.944 -0.068 -0.168  1.000
MINUIT - FIT ONLY 1-CBO
 **********
 **   29 **RES 
 **********
                   PARAMETER   14  ANy2 RESTORED TO VARIABLE.
                   PARAMETER    4  phi RESTORED TO VARIABLE.
                   PARAMETER    3  A0 RESTORED TO VARIABLE.
                   PARAMETER    1  N0 RESTORED TO VARIABLE.
 **********
 **   30 **FIX            0
 **********
 PARAMETER    0  IS UNDEFINED. IGNORED.
 **********
 **   31 **FIX            1
 **********
 **********
 **   32 **FIX            2
 **********
 PARAMETER    2  IS CONSTANT.   IGNORED.
 **********
 **   33 **FIX            3
 **********
 **********
 **   34 **FIX            4
 **********
 **********
 **   35 **FIX            8
 **********
 **********
 **   36 **FIX            9
 **********
 PARAMETER    9  IS CONSTANT.   IGNORED.
 **********
 **   37 **FIX           11
 **********
 PARAMETER   11  IS CONSTANT.   IGNORED.
 **********
 **   38 **FIX           12
 **********
 PARAMETER   12  IS CONSTANT.   IGNORED.
 **********
 **   39 **FIX           13
 **********
 PARAMETER   13  IS CONSTANT.   IGNORED.
 **********
 **   40 **FIX           15
 **********
 PARAMETER   15  IS CONSTANT.   IGNORED.
 **********
 **   41 **FIX           16
 **********
 PARAMETER   16  IS CONSTANT.   IGNORED.
 **********
 **   42 **MIGRAD
 **********
 START MIGRAD MINIMIZATION.  STRATEGY  1.  CONVERGENCE WHEN EDM .LT. 1.00e-04
 FCN=1175.24 FROM MIGRAD    STATUS=INITIATE       16 CALLS         464 TOTAL
                     EDM= unknown      STRATEGY= 1      NO ERROR MATRIX       
  EXT PARAMETER               CURRENT GUESS       STEP         FIRST   
  NO.   NAME      VALUE            ERROR          SIZE      DERIVATIVE 
   1  N0           2.79069e+06     fixed    
   2  tau          6.44052e+01   constant   
   3  A0           3.51370e-01     fixed    
   4  phi          4.11640e+00     fixed    
   5  R           -6.00435e+01   constant   
   6  A_CBO        8.34468e-04   3.95992e-04   6.38858e-06   5.40500e+00
   7  w_CBO        2.32638e+00   6.73144e-03   1.10930e-06  -5.47738e+00
   8  phi_CBO      5.45971e+00     fixed    
   9  ANx2         5.96878e-04   constant   
  10  pNx2         1.09681e+00   constant   
  11  ANy1         0.00000e+00   constant   
  12  pNy1         0.00000e+00   constant   
  13  w_y          0.00000e+00   constant   
  14  ANy2         1.07160e-02   1.00000e-04   1.00000e-04   1.53290e+05
  15  pNy2         5.64757e+00   constant   
  16  w_vw         1.43013e+01   constant   
  17  LM          -2.80163e-05   constant   
  18  wCBO_expCoeff   2.00093e+02   6.22782e-01   9.54116e-05  -5.81466e-02
  19  wCBO_expOffset   2.00009e+02   2.64283e-02   9.53718e-05  -3.71717e-01
  20  wCBO_expT    2.99921e+01   5.23288e-03   1.43014e-05  -1.98743e+00
  21  wCBO_linCoeff   0.00000e+00   constant   
  22  wCBO_const  -1.82563e-03   2.97171e-03   5.82298e-06  -1.08607e+00
 MIGRAD MINIMIZATION HAS CONVERGED.
 MIGRAD WILL VERIFY CONVERGENCE AND ERROR MATRIX.
 COVARIANCE MATRIX CALCULATED SUCCESSFULLY
 FCN=352.683 FROM MIGRAD    STATUS=CONVERGED     337 CALLS         785 TOTAL
                     EDM=1.02886e-05    STRATEGY= 1      ERROR MATRIX ACCURATE 
  EXT PARAMETER                                   STEP         FIRST   
  NO.   NAME      VALUE            ERROR          SIZE      DERIVATIVE 
   1  N0           2.79069e+06     fixed    
   2  tau          6.44052e+01   constant   
   3  A0           3.51370e-01     fixed    
   4  phi          4.11640e+00     fixed    
   5  R           -6.00435e+01   constant   
   6  A_CBO        3.02890e-04   3.92349e-04   3.45897e-06   6.06545e+00
   7  w_CBO        2.32663e+00   1.66279e-03   1.10942e-06  -2.46825e+01
   8  phi_CBO      5.45971e+00     fixed    
   9  ANx2         5.96878e-04   constant   
  10  pNx2         1.09681e+00   constant   
  11  ANy1         0.00000e+00   constant   
  12  pNy1         0.00000e+00   constant   
  13  w_y          0.00000e+00   constant   
  14  ANy2        -4.13437e-06   3.73341e-04   3.42308e-06  -4.74909e+00
  15  pNy2         5.64757e+00   constant   
  16  w_vw         1.43013e+01   constant   
  17  LM          -2.80163e-05   constant   
  18  wCBO_expCoeff   2.00116e+02   1.47693e-01   9.54226e-05  -2.49788e-01
  19  wCBO_expOffset   2.00013e+02   1.06376e-02   9.53737e-05  -1.66781e+00
  20  wCBO_expT    2.99863e+01   3.57552e-03   1.42986e-05  -5.18865e+00
  21  wCBO_linCoeff   0.00000e+00   constant   
  22  wCBO_const  -1.17400e-03   1.24008e-03   3.70407e-06  -7.43711e+00
 EXTERNAL ERROR MATRIX.    NDIM=  25    NPAR=  7    ERR DEF=1
  1.539e-07 -8.010e-09  3.145e-09 -1.054e-06  6.909e-08  1.771e-07 -8.294e-08 
 -8.010e-09  2.765e-06 -9.537e-10 -1.998e-04 -3.835e-06 -9.093e-07 -1.002e-06 
  3.145e-09 -9.537e-10  1.394e-07 -1.473e-07  1.652e-08  2.197e-08 -8.620e-09 
 -1.054e-06 -1.998e-04 -1.473e-07  2.181e-02 -4.673e-04 -1.109e-04  1.083e-04 
  6.909e-08 -3.835e-06  1.652e-08 -4.673e-04  1.132e-04  3.333e-06  9.760e-07 
  1.771e-07 -9.093e-07  2.197e-08 -1.109e-04  3.333e-06  1.278e-05 -2.659e-06 
 -8.294e-08 -1.002e-06 -8.620e-09  1.083e-04  9.760e-07 -2.659e-06  1.538e-06 
 PARAMETER  CORRELATION COEFFICIENTS  
       NO.  GLOBAL      6      7     14     18     19     20     22
        6  0.28019   1.000 -0.012  0.021 -0.018  0.017  0.126 -0.170
        7  0.99915  -0.012  1.000 -0.002 -0.814 -0.217 -0.153 -0.486
       14  0.05530   0.021 -0.002  1.000 -0.003  0.004  0.016 -0.019
       18  0.99910  -0.018 -0.814 -0.003  1.000 -0.297 -0.210  0.591
       19  0.99608   0.017 -0.217  0.004 -0.297  1.000  0.088  0.074
       20  0.99419   0.126 -0.153  0.016 -0.210  0.088  1.000 -0.600
       22  0.94541  -0.170 -0.486 -0.019  0.591  0.074 -0.600  1.000
MINUIT - FIT ONLY 2-CBO
 **********
 **   43 **RES 
 **********
                   PARAMETER    8  phi_CBO RESTORED TO VARIABLE.
                   PARAMETER    4  phi RESTORED TO VARIABLE.
                   PARAMETER    3  A0 RESTORED TO VARIABLE.
                   PARAMETER    1  N0 RESTORED TO VARIABLE.
 **********
 **   44 **FIX            0
 **********
 PARAMETER    0  IS UNDEFINED. IGNORED.
 **********
 **   45 **FIX            1
 **********
 **********
 **   46 **FIX            2
 **********
 PARAMETER    2  IS CONSTANT.   IGNORED.
 **********
 **   47 **FIX            3
 **********
 **********
 **   48 **FIX            4
 **********
 **********
 **   49 **FIX            5
 **********
 PARAMETER    5  IS CONSTANT.   IGNORED.
 **********
 **   50 **FIX            6
 **********
 **********
 **   51 **FIX            7
 **********
 **********
 **   52 **FIX           10
 **********
 PARAMETER   10  IS CONSTANT.   IGNORED.
 **********
 **   53 **FIX           11
 **********
 PARAMETER   11  IS CONSTANT.   IGNORED.
 **********
 **   54 **FIX           12
 **********
 PARAMETER   12  IS CONSTANT.   IGNORED.
 **********
 **   55 **FIX           13
 **********
 PARAMETER   13  IS CONSTANT.   IGNORED.
 **********
 **   56 **FIX           14
 **********
 **********
 **   57 **FIX           15
 **********
 PARAMETER   15  IS CONSTANT.   IGNORED.
 **********
 **   58 **FIX           16
 **********
 PARAMETER   16  IS CONSTANT.   IGNORED.
 **********
 **   59 **MIGRAD
 **********
 START MIGRAD MINIMIZATION.  STRATEGY  1.  CONVERGENCE WHEN EDM .LT. 1.00e-04
 FCN=352.683 FROM MIGRAD    STATUS=INITIATE       12 CALLS         797 TOTAL
                     EDM= unknown      STRATEGY= 1      NO ERROR MATRIX       
  EXT PARAMETER               CURRENT GUESS       STEP         FIRST   
  NO.   NAME      VALUE            ERROR          SIZE      DERIVATIVE 
   1  N0           2.79069e+06     fixed    
   2  tau          6.44052e+01   constant   
   3  A0           3.51370e-01     fixed    
   4  phi          4.11640e+00     fixed    
   5  R           -6.00435e+01   constant   
   6  A_CBO        3.02890e-04     fixed    
   7  w_CBO        2.32663e+00     fixed    
   8  phi_CBO      5.45971e+00   7.33153e-01   7.33153e-01   5.08406e-01
   9  ANx2         5.96878e-04   constant   
  10  pNx2         1.09681e+00   constant   
  11  ANy1         0.00000e+00   constant   
  12  pNy1         0.00000e+00   constant   
  13  w_y          0.00000e+00   constant   
  14  ANy2        -4.13437e-06     fixed    
  15  pNy2         5.64757e+00   constant   
  16  w_vw         1.43013e+01   constant   
  17  LM          -2.80163e-05   constant   
  18  wCBO_expCoeff   2.00116e+02   1.47693e-01   9.54226e-05  -2.50271e-01
  19  wCBO_expOffset   2.00013e+02   1.06376e-02   9.53737e-05  -1.85596e+00
  20  wCBO_expT    2.99863e+01   3.57552e-03   1.42986e-05  -5.30237e+00
  21  wCBO_linCoeff   0.00000e+00   constant   
  22  wCBO_const  -1.17400e-03   1.24008e-03   3.70407e-06  -7.44051e+00
 MIGRAD MINIMIZATION HAS CONVERGED.
 MIGRAD WILL VERIFY CONVERGENCE AND ERROR MATRIX.
 COVARIANCE MATRIX CALCULATED SUCCESSFULLY
 FCN=352.573 FROM MIGRAD    STATUS=CONVERGED     117 CALLS         902 TOTAL
                     EDM=2.80516e-06    STRATEGY= 1      ERROR MATRIX ACCURATE 
  EXT PARAMETER                                   STEP         FIRST   
  NO.   NAME      VALUE            ERROR          SIZE      DERIVATIVE 
   1  N0           2.79069e+06     fixed    
   2  tau          6.44052e+01   constant   
   3  A0           3.51370e-01     fixed    
   4  phi          4.11640e+00     fixed    
   5  R           -6.00435e+01   constant   
   6  A_CBO        3.02890e-04     fixed    
   7  w_CBO        2.32663e+00     fixed    
   8  phi_CBO      5.04235e+00   1.22641e+00   1.05351e-02   9.24248e-04
   9  ANx2         5.96878e-04   constant   
  10  pNx2         1.09681e+00   constant   
  11  ANy1         0.00000e+00   constant   
  12  pNy1         0.00000e+00   constant   
  13  w_y          0.00000e+00   constant   
  14  ANy2        -4.13437e-06     fixed    
  15  pNy2         5.64757e+00   constant   
  16  w_vw         1.43013e+01   constant   
  17  LM          -2.80163e-05   constant   
  18  wCBO_expCoeff   2.00115e+02   8.30334e-02   9.54223e-05  -2.19493e-01
  19  wCBO_expOffset   2.00013e+02   1.01459e-02   9.53737e-05  -1.46567e+00
  20  wCBO_expT    2.99864e+01   3.33872e-03   1.42987e-05  -3.07812e+00
  21  wCBO_linCoeff   0.00000e+00   constant   
  22  wCBO_const  -1.30084e-03   1.04487e-03   3.70975e-06  -7.23360e-01
 EXTERNAL ERROR MATRIX.    NDIM=  25    NPAR=  5    ERR DEF=1
  1.504e+00 -3.583e-03  5.039e-04 -1.824e-04  3.353e-04 
 -3.583e-03  6.895e-03 -7.064e-04 -1.576e-04  2.913e-05 
  5.039e-04 -7.064e-04  1.029e-04  1.568e-06 -1.836e-07 
 -1.824e-04 -1.576e-04  1.568e-06  1.115e-05 -2.565e-06 
  3.353e-04  2.913e-05 -1.836e-07 -2.565e-06  1.092e-06 
 PARAMETER  CORRELATION COEFFICIENTS  
       NO.  GLOBAL      8     18     19     20     22
        8  0.35925   1.000 -0.035  0.040 -0.045  0.262
       18  0.99722  -0.035  1.000 -0.839 -0.568  0.336
       19  0.99581   0.040 -0.839  1.000  0.046 -0.017
       20  0.99347  -0.045 -0.568  0.046  1.000 -0.735
       22  0.92253   0.262  0.336 -0.017 -0.735  1.000
MINUIT - FIT ONLY 1-y
 **********
 **   60 **RES 
 **********
                   PARAMETER   14  ANy2 RESTORED TO VARIABLE.
                   PARAMETER    7  w_CBO RESTORED TO VARIABLE.
                   PARAMETER    6  A_CBO RESTORED TO VARIABLE.
                   PARAMETER    4  phi RESTORED TO VARIABLE.
                   PARAMETER    3  A0 RESTORED TO VARIABLE.
                   PARAMETER    1  N0 RESTORED TO VARIABLE.
 **********
 **   61 **FIX            0
 **********
 PARAMETER    0  IS UNDEFINED. IGNORED.
 **********
 **   62 **FIX            1
 **********
 **********
 **   63 **FIX            2
 **********
 PARAMETER    2  IS CONSTANT.   IGNORED.
 **********
 **   64 **FIX            3
 **********
 **********
 **   65 **FIX            4
 **********
 **********
 **   66 **FIX            5
 **********
 PARAMETER    5  IS CONSTANT.   IGNORED.
 **********
 **   67 **FIX            6
 **********
 **********
 **   68 **FIX            7
 **********
 **********
 **   69 **FIX            8
 **********
 **********
 **   70 **FIX            9
 **********
 PARAMETER    9  IS CONSTANT.   IGNORED.
 **********
 **   71 **FIX           13
 **********
 PARAMETER   13  IS CONSTANT.   IGNORED.
 **********
 **   72 **FIX           14
 **********
 **********
 **   73 **FIX           15
 **********
 PARAMETER   15  IS CONSTANT.   IGNORED.
 **********
 **   74 **FIX           16
 **********
 PARAMETER   16  IS CONSTANT.   IGNORED.
 **********
 **   75 **MIGRAD
 **********
 START MIGRAD MINIMIZATION.  STRATEGY  1.  CONVERGENCE WHEN EDM .LT. 1.00e-04
 FCN=352.573 FROM MIGRAD    STATUS=INITIATE        8 CALLS         910 TOTAL
                     EDM= unknown      STRATEGY= 1      NO ERROR MATRIX       
  EXT PARAMETER               CURRENT GUESS       STEP         FIRST   
  NO.   NAME      VALUE            ERROR          SIZE      DERIVATIVE 
   1  N0           2.79069e+06     fixed    
   2  tau          6.44052e+01   constant   
   3  A0           3.51370e-01     fixed    
   4  phi          4.11640e+00     fixed    
   5  R           -6.00435e+01   constant   
   6  A_CBO        3.02890e-04     fixed    
   7  w_CBO        2.32663e+00     fixed    
   8  phi_CBO      5.04235e+00     fixed    
   9  ANx2         5.96878e-04   constant   
  10  pNx2         1.09681e+00   constant   
  11  ANy1         0.00000e+00   constant   
  12  pNy1         0.00000e+00   constant   
  13  w_y          0.00000e+00   constant   
  14  ANy2        -4.13437e-06     fixed    
  15  pNy2         5.64757e+00   constant   
  16  w_vw         1.43013e+01   constant   
  17  LM          -2.80163e-05   constant   
  18  wCBO_expCoeff   2.00115e+02   8.30334e-02   9.54223e-05  -2.20004e-01
  19  wCBO_expOffset   2.00013e+02   1.01459e-02   9.53737e-05  -1.66451e+00
  20  wCBO_expT    2.99864e+01   3.33872e-03   1.42987e-05  -3.19205e+00
  21  wCBO_linCoeff   0.00000e+00   constant   
  22  wCBO_const  -1.30084e-03   1.04487e-03   3.70975e-06  -7.24521e-01
 MIGRAD MINIMIZATION HAS CONVERGED.
 MIGRAD WILL VERIFY CONVERGENCE AND ERROR MATRIX.
 COVARIANCE MATRIX CALCULATED SUCCESSFULLY
 FCN=352.573 FROM MIGRAD    STATUS=CONVERGED      45 CALLS         947 TOTAL
                     EDM=1.00093e-06    STRATEGY= 1      ERROR MATRIX ACCURATE 
  EXT PARAMETER                                   STEP         FIRST   
  NO.   NAME      VALUE            ERROR          SIZE      DERIVATIVE 
   1  N0           2.79069e+06     fixed    
   2  tau          6.44052e+01   constant   
   3  A0           3.51370e-01     fixed    
   4  phi          4.11640e+00     fixed    
   5  R           -6.00435e+01   constant   
   6  A_CBO        3.02890e-04     fixed    
   7  w_CBO        2.32663e+00     fixed    
   8  phi_CBO      5.04235e+00     fixed    
   9  ANx2         5.96878e-04   constant   
  10  pNx2         1.09681e+00   constant   
  11  ANy1         0.00000e+00   constant   
  12  pNy1         0.00000e+00   constant   
  13  w_y          0.00000e+00   constant   
  14  ANy2        -4.13437e-06     fixed    
  15  pNy2         5.64757e+00   constant   
  16  w_vw         1.43013e+01   constant   
  17  LM          -2.80163e-05   constant   
  18  wCBO_expCoeff   2.00115e+02   8.27859e-02   9.54223e-05  -1.28069e-02
  19  wCBO_expOffset   2.00013e+02   1.01102e-02   9.53737e-05  -8.63551e-02
  20  wCBO_expT    2.99864e+01   3.33316e-03   1.42987e-05   3.15709e-01
  21  wCBO_linCoeff   0.00000e+00   constant   
  22  wCBO_const  -1.30083e-03   1.00814e-03   3.70240e-06   1.95258e+00
 EXTERNAL ERROR MATRIX.    NDIM=  25    NPAR=  4    ERR DEF=1
  6.853e-03 -7.012e-04 -1.576e-04  2.985e-05 
 -7.012e-04  1.022e-04  1.602e-06 -2.910e-07 
 -1.576e-04  1.602e-06  1.111e-05 -2.521e-06 
  2.985e-05 -2.910e-07 -2.521e-06  1.016e-06 
 PARAMETER  CORRELATION COEFFICIENTS  
       NO.  GLOBAL     18     19     20     22
       18  0.99720   1.000 -0.838 -0.571  0.358
       19  0.99578  -0.838  1.000  0.048 -0.029
       20  0.99344  -0.571  0.048  1.000 -0.750
       22  0.91652   0.358 -0.029 -0.750  1.000
MINUIT - FIT ONLY 2-y
 **********
 **   76 **RES 
 **********
                   PARAMETER   14  ANy2 RESTORED TO VARIABLE.
                   PARAMETER    8  phi_CBO RESTORED TO VARIABLE.
                   PARAMETER    7  w_CBO RESTORED TO VARIABLE.
                   PARAMETER    6  A_CBO RESTORED TO VARIABLE.
                   PARAMETER    4  phi RESTORED TO VARIABLE.
                   PARAMETER    3  A0 RESTORED TO VARIABLE.
                   PARAMETER    1  N0 RESTORED TO VARIABLE.
 **********
 **   77 **FIX            0
 **********
 PARAMETER    0  IS UNDEFINED. IGNORED.
 **********
 **   78 **FIX            1
 **********
 **********
 **   79 **FIX            2
 **********
 PARAMETER    2  IS CONSTANT.   IGNORED.
 **********
 **   80 **FIX            3
 **********
 **********
 **   81 **FIX            4
 **********
 **********
 **   82 **FIX            5
 **********
 PARAMETER    5  IS CONSTANT.   IGNORED.
 **********
 **   83 **FIX            6
 **********
 **********
 **   84 **FIX            7
 **********
 **********
 **   85 **FIX            8
 **********
 **********
 **   86 **FIX            9
 **********
 PARAMETER    9  IS CONSTANT.   IGNORED.
 **********
 **   87 **FIX           10
 **********
 PARAMETER   10  IS CONSTANT.   IGNORED.
 **********
 **   88 **FIX           11
 **********
 PARAMETER   11  IS CONSTANT.   IGNORED.
 **********
 **   89 **FIX           12
 **********
 PARAMETER   12  IS CONSTANT.   IGNORED.
 **********
 **   90 **FIX           16
 **********
 PARAMETER   16  IS CONSTANT.   IGNORED.
 **********
 **   91 **MIGRAD
 **********
 START MIGRAD MINIMIZATION.  STRATEGY  1.  CONVERGENCE WHEN EDM .LT. 1.00e-04
 FCN=352.573 FROM MIGRAD    STATUS=INITIATE       10 CALLS         957 TOTAL
                     EDM= unknown      STRATEGY= 1      NO ERROR MATRIX       
  EXT PARAMETER               CURRENT GUESS       STEP         FIRST   
  NO.   NAME      VALUE            ERROR          SIZE      DERIVATIVE 
   1  N0           2.79069e+06     fixed    
   2  tau          6.44052e+01   constant   
   3  A0           3.51370e-01     fixed    
   4  phi          4.11640e+00     fixed    
   5  R           -6.00435e+01   constant   
   6  A_CBO        3.02890e-04     fixed    
   7  w_CBO        2.32663e+00     fixed    
   8  phi_CBO      5.04235e+00     fixed    
   9  ANx2         5.96878e-04   constant   
  10  pNx2         1.09681e+00   constant   
  11  ANy1         0.00000e+00   constant   
  12  pNy1         0.00000e+00   constant   
  13  w_y          0.00000e+00   constant   
  14  ANy2        -4.13437e-06   3.73341e-04   3.73341e-04  -6.70152e+01
  15  pNy2         5.64757e+00   constant   
  16  w_vw         1.43013e+01   constant   
  17  LM          -2.80163e-05   constant   
  18  wCBO_expCoeff   2.00115e+02   8.27859e-02   9.54223e-05  -1.33208e-02
  19  wCBO_expOffset   2.00013e+02   1.01102e-02   9.53737e-05  -2.86659e-01
  20  wCBO_expT    2.99864e+01   3.33316e-03   1.42987e-05   1.64921e-01
  21  wCBO_linCoeff   0.00000e+00   constant   
  22  wCBO_const  -1.30083e-03   1.00814e-03   3.70240e-06   1.95141e+00
 MIGRAD MINIMIZATION HAS CONVERGED.
 MIGRAD WILL VERIFY CONVERGENCE AND ERROR MATRIX.
 COVARIANCE MATRIX CALCULATED SUCCESSFULLY
 FCN=352.573 FROM MIGRAD    STATUS=CONVERGED      54 CALLS        1001 TOTAL
                     EDM=1.59533e-06    STRATEGY= 1      ERROR MATRIX ACCURATE 
  EXT PARAMETER                                   STEP         FIRST   
  NO.   NAME      VALUE            ERROR          SIZE      DERIVATIVE 
   1  N0           2.79069e+06     fixed    
   2  tau          6.44052e+01   constant   
   3  A0           3.51370e-01     fixed    
   4  phi          4.11640e+00     fixed    
   5  R           -6.00435e+01   constant   
   6  A_CBO        3.02890e-04     fixed    
   7  w_CBO        2.32663e+00     fixed    
   8  phi_CBO      5.04235e+00     fixed    
   9  ANx2         5.96878e-04   constant   
  10  pNx2         1.09681e+00   constant   
  11  ANy1         0.00000e+00   constant   
  12  pNy1         0.00000e+00   constant   
  13  w_y          0.00000e+00   constant   
  14  ANy2         5.21737e-07   3.73110e-04   3.42254e-06   3.39438e-02
  15  pNy2         5.64757e+00   constant   
  16  w_vw         1.43013e+01   constant   
  17  LM          -2.80163e-05   constant   
  18  wCBO_expCoeff   2.00115e+02   8.29549e-02   9.54223e-05  -2.36509e-01
  19  wCBO_expOffset   2.00013e+02   1.01345e-02   9.53737e-05  -1.57923e+00
  20  wCBO_expT    2.99864e+01   3.33475e-03   1.42987e-05  -3.49133e+00
  21  wCBO_linCoeff   0.00000e+00   constant   
  22  wCBO_const  -1.30099e-03   1.00821e-03   3.70245e-06  -1.38214e+00
 EXTERNAL ERROR MATRIX.    NDIM=  25    NPAR=  5    ERR DEF=1
  1.392e-07 -9.588e-08  1.068e-08  9.948e-09 -3.077e-09 
 -9.588e-08  6.882e-03 -7.048e-04 -1.579e-04  2.990e-05 
  1.068e-08 -7.048e-04  1.027e-04  1.626e-06 -2.953e-07 
  9.948e-09 -1.579e-04  1.626e-06  1.112e-05 -2.523e-06 
 -3.077e-09  2.990e-05 -2.953e-07 -2.523e-06  1.016e-06 
 PARAMETER  CORRELATION COEFFICIENTS  
       NO.  GLOBAL     14     18     19     20     22
       14  0.04277   1.000 -0.003  0.003  0.008 -0.008
       18  0.99721  -0.003  1.000 -0.838 -0.571  0.358
       19  0.99580   0.003 -0.838  1.000  0.048 -0.029
       20  0.99345   0.008 -0.571  0.048  1.000 -0.750
       22  0.91653  -0.008  0.358 -0.029 -0.750  1.000
MINUIT - FIT ALTOGETHER
 **********
 **   92 **RES 
 **********
                   PARAMETER    8  phi_CBO RESTORED TO VARIABLE.
                   PARAMETER    7  w_CBO RESTORED TO VARIABLE.
                   PARAMETER    6  A_CBO RESTORED TO VARIABLE.
                   PARAMETER    4  phi RESTORED TO VARIABLE.
                   PARAMETER    3  A0 RESTORED TO VARIABLE.
                   PARAMETER    1  N0 RESTORED TO VARIABLE.
 **********
 **   93 **MIGRAD
 **********
 START MIGRAD MINIMIZATION.  STRATEGY  1.  CONVERGENCE WHEN EDM .LT. 1.00e-04
 FCN=352.573 FROM MIGRAD    STATUS=INITIATE       22 CALLS        1023 TOTAL
                     EDM= unknown      STRATEGY= 1      NO ERROR MATRIX       
  EXT PARAMETER               CURRENT GUESS       STEP         FIRST   
  NO.   NAME      VALUE            ERROR          SIZE      DERIVATIVE 
   1  N0           2.79069e+06   7.36407e+02   7.36407e+02   2.48882e-04
   2  tau          6.44052e+01   constant   
   3  A0           3.51370e-01   3.52741e-04   3.52741e-04   5.12235e+02
   4  phi          4.11640e+00   1.04552e-03   1.04552e-03  -6.38784e+02
   5  R           -6.00435e+01   constant   
   6  A_CBO        3.02890e-04   3.92349e-04   3.92349e-04  -5.43070e+02
   7  w_CBO        2.32663e+00   1.66279e-03   1.66279e-03  -2.10004e+01
   8  phi_CBO      5.04235e+00   1.22641e+00   1.22641e+00   1.53927e-03
   9  ANx2         5.96878e-04   constant   
  10  pNx2         1.09681e+00   constant   
  11  ANy1         0.00000e+00   constant   
  12  pNy1         0.00000e+00   constant   
  13  w_y          0.00000e+00   constant   
  14  ANy2         5.21737e-07   3.73110e-04   3.42254e-06   3.39434e-02
  15  pNy2         5.64757e+00   constant   
  16  w_vw         1.43013e+01   constant   
  17  LM          -2.80163e-05   constant   
  18  wCBO_expCoeff   2.00115e+02   8.29549e-02   9.54223e-05  -2.37020e-01
  19  wCBO_expOffset   2.00013e+02   1.01345e-02   9.53737e-05  -1.77825e+00
  20  wCBO_expT    2.99864e+01   3.33475e-03   1.42987e-05  -3.60527e+00
  21  wCBO_linCoeff   0.00000e+00   constant   
  22  wCBO_const  -1.30099e-03   1.00821e-03   3.70245e-06  -1.38330e+00
 MIGRAD MINIMIZATION HAS CONVERGED.
 MIGRAD WILL VERIFY CONVERGENCE AND ERROR MATRIX.
 COVARIANCE MATRIX CALCULATED SUCCESSFULLY
 FCN=352.435 FROM HESSE     STATUS=OK            102 CALLS        1243 TOTAL
                     EDM=0.000152554    STRATEGY= 1      ERROR MATRIX ACCURATE 
  EXT PARAMETER                                   STEP         FIRST   
  NO.   NAME      VALUE            ERROR          SIZE      DERIVATIVE 
