 + ++++++++++++++++++++++++++++++++++++++++++++++++++++++++++++++++++++ +
 +                                                                      +
 +           You have chose to blind your fitting according to          +
 +                omega_ref * (1 + (R +/- deltaR) *10^{-6})             +
 +                                                                      +
 + ++++++++++++++++++++++++++++++++++++++++++++++++++++++++++++++++++++ +
In main()...
reading format from /gm2data/zkhechad/run45/envelope/formats/formatB_sBin_constraintOn.txt
pBinTau 	= 0  
pBinPhi 	= 0  
constraintau 	= 1 
includeMopTerm 	= 0    
constrainMop    = 0   
Parameters after format file: pBinTau 0 pBinPhi 0 constraintau 1 includeMopTerm 0 constrainMop 0 c_e_scale 0.000000 
reading cbo reference file (full fit) from /gm2data/zkhechad/cboTemplates/Run4CBOTemplates/fullFits/run4/sBin_constraintOn_cE0.0_seed0_run4_calo12.root
A_CBO 0.007990 w_CBO 2.327632 phi_CBO 5.471864 N0 3435893.469287 R -59.911173 tau 64.398066 
Reading cboRef file /gm2data/zkhechad/cboTemplates/Run4CBOTemplates//cboIsolate/run4_calo12.root
deltaT 164.120000
windowBins = 1100
fitting sliding window 1600 from bin 1803 at 269.007600 to bin 2903 at 433.127600 (1100 bins)

Reading data from /gm2data/cornell/histograms/aMethod/histogram_a_run4.root
fitting cbo isolate
 **********
 **    1 **SET PRINTOUT            1
 **********
 **********
 **    2 **SET NOWARNINGS 
 **********
 PARAMETER DEFINITIONS:
    NO.   NAME         VALUE      STEP SIZE      LIMITS
     1 A_CBO        7.98954e-03  1.00000e-05     no limits
     2 w_CBO        2.32763e+00  1.00000e-02    2.00000e+00  3.00000e+00
     3 phi_CBO      5.47186e+00  1.00000e-02    0.00000e+00  6.28319e+00
 **********
 **    3 **MIGRAD
 **********
 FIRST CALL TO USER FUNCTION AT NEW START POINT, WITH IFLAG=4.
 START MIGRAD MINIMIZATION.  STRATEGY  1.  CONVERGENCE WHEN EDM .LT. 1.00e-04
 FCN=0.0551608 FROM MIGRAD    STATUS=INITIATE       12 CALLS          13 TOTAL
                     EDM= unknown      STRATEGY= 1      NO ERROR MATRIX       
  EXT PARAMETER               CURRENT GUESS       STEP         FIRST   
  NO.   NAME      VALUE            ERROR          SIZE      DERIVATIVE 
   1  A_CBO        7.98954e-03   1.00000e-05   1.00000e-05   5.86651e+00
   2  w_CBO        2.32763e+00   1.00000e-02   2.13083e-02   2.51002e-01
   3  phi_CBO      5.47186e+00   1.00000e-02   4.74617e-03  -3.54800e-03
 MIGRAD MINIMIZATION HAS CONVERGED.
 MIGRAD WILL VERIFY CONVERGENCE AND ERROR MATRIX.
 COVARIANCE MATRIX CALCULATED SUCCESSFULLY
 FCN=0.0394895 FROM MIGRAD    STATUS=CONVERGED      49 CALLS          50 TOTAL
                     EDM=1.40711e-05    STRATEGY= 1      ERROR MATRIX ACCURATE 
  EXT PARAMETER                                   STEP         FIRST   
  NO.   NAME      VALUE            ERROR          SIZE      DERIVATIVE 
   1  A_CBO        2.64542e-03   4.26662e-02   2.12436e-05  -1.39743e-02
   2  w_CBO        2.32756e+00   2.72994e-01   4.87169e-05  -3.53333e-03
   3  phi_CBO      5.50825e+00   3.49678e+00   4.02376e-03  -6.28154e-05
 EXTERNAL ERROR MATRIX.    NDIM=  25    NPAR=  3    ERR DEF=1
  1.820e-03 -1.216e-04 -4.028e-02 
 -1.216e-04  8.488e-02  2.933e+01 
 -4.028e-02  2.933e+01  1.039e+04 
 PARAMETER  CORRELATION COEFFICIENTS  
       NO.  GLOBAL      1      2      3
        1  0.01011   1.000 -0.010 -0.009
        2  0.98751  -0.010  1.000  0.988
        3  0.98751  -0.009  0.988  1.000
setting A_CBO=0.002645 w_CBO=2.327556, phi_CBO=5.508250
done fitting cbo isolate
 **********
 **    1 **SET PRINTOUT            1
 **********
 **********
 **    2 **SET NOWARNINGS 
 **********
 PARAMETER DEFINITIONS:
    NO.   NAME         VALUE      STEP SIZE      LIMITS
     1 N0           3.43589e+06  1.00000e+02     no limits
     2 tau          6.43981e+01  constant
     3 A0           3.53663e-01  1.00000e-04     no limits
     4 phi          4.11774e+00  1.00000e-02     no limits
     5 R           -5.99112e+01  constant
     6 A_CBO        2.64542e-03  1.00000e-05     no limits
     7 w_CBO        2.32756e+00  1.00000e-03     no limits
     8 phi_CBO      5.50825e+00  1.00000e-04     no limits
     9 ANx2         3.16301e-04  constant
    10 pNx2         1.53957e+00  constant
    11 ANy1         0.00000e+00  constant
    12 pNy1         0.00000e+00  constant
    13 w_y          0.00000e+00  constant
    14 ANy2         1.02217e-02  1.00000e-04     no limits
    15 pNy2         1.44040e+00  constant
    16 w_vw         1.43192e+01  constant
    17 LM          -2.49463e-04  constant
    18 wCBO_expCoeff   2.00000e+02  1.00000e+00     no limits
    19 wCBO_expOffset   2.00000e+02  1.00000e+00     no limits
    20 wCBO_expT    3.00000e+01  1.00000e+00     no limits
    21 wCBO_linCoeff   0.00000e+00  constant
    22 wCBO_const   0.00000e+00  1.00000e-02     no limits
MINUIT - FIT ONLY WIGGLE
 **********
 **    3 **FIX            5
 **********
 PARAMETER    5  IS CONSTANT.   IGNORED.
 **********
 **    4 **FIX            6
 **********
 **********
 **    5 **FIX            7
 **********
 **********
 **    6 **FIX            8
 **********
 **********
 **    7 **FIX            9
 **********
 PARAMETER    9  IS CONSTANT.   IGNORED.
 **********
 **    8 **FIX           10
 **********
 PARAMETER   10  IS CONSTANT.   IGNORED.
 **********
 **    9 **FIX           11
 **********
 PARAMETER   11  IS CONSTANT.   IGNORED.
 **********
 **   10 **FIX           12
 **********
 PARAMETER   12  IS CONSTANT.   IGNORED.
 **********
 **   11 **FIX           13
 **********
 PARAMETER   13  IS CONSTANT.   IGNORED.
 **********
 **   12 **FIX           14
 **********
 **********
 **   13 **FIX           15
 **********
 PARAMETER   15  IS CONSTANT.   IGNORED.
 **********
 **   14 **FIX           16
 **********
 PARAMETER   16  IS CONSTANT.   IGNORED.
 **********
 **   15 **MIGRAD
 **********
 FIRST CALL TO USER FUNCTION AT NEW START POINT, WITH IFLAG=4.
 START MIGRAD MINIMIZATION.  STRATEGY  1.  CONVERGENCE WHEN EDM .LT. 1.00e-04
 FCN=1180.85 FROM MIGRAD    STATUS=INITIATE       57 CALLS          58 TOTAL
                     EDM= unknown      STRATEGY= 1      NO ERROR MATRIX       
  EXT PARAMETER               CURRENT GUESS       STEP         FIRST   
  NO.   NAME      VALUE            ERROR          SIZE      DERIVATIVE 
   1  N0           3.43589e+06   1.00000e+02   0.00000e+00  -4.11257e-04
   2  tau          6.43981e+01   constant   
   3  A0           3.53663e-01   1.00000e-04   0.00000e+00  -7.36635e+03
   4  phi          4.11774e+00   1.00000e-02   0.00000e+00   2.09947e+02
   5  R           -5.99112e+01   constant   
   6  A_CBO        2.64542e-03     fixed    
   7  w_CBO        2.32756e+00     fixed    
   8  phi_CBO      5.50825e+00     fixed    
   9  ANx2         3.16301e-04   constant   
  10  pNx2         1.53957e+00   constant   
  11  ANy1         0.00000e+00   constant   
  12  pNy1         0.00000e+00   constant   
  13  w_y          0.00000e+00   constant   
  14  ANy2         1.02217e-02     fixed    
  15  pNy2         1.44040e+00   constant   
  16  w_vw         1.43192e+01   constant   
  17  LM          -2.49463e-04   constant   
  18  wCBO_expCoeff   2.00050e+02   1.00000e+00   5.01500e-02  -1.01821e+02
  19  wCBO_expOffset   2.00000e+02   1.00000e+00   0.00000e+00  -6.79864e+02
  20  wCBO_expT    3.00000e+01   1.00000e+00   0.00000e+00  -1.55749e+03
  21  wCBO_linCoeff   0.00000e+00   constant   
  22  wCBO_const   0.00000e+00   1.00000e-02   0.00000e+00  -1.03898e+03
 MIGRAD MINIMIZATION HAS CONVERGED.
 FCN=1173.52 FROM MIGRAD    STATUS=CONVERGED     247 CALLS         248 TOTAL
                     EDM=1.98595e-06    STRATEGY= 1  ERROR MATRIX UNCERTAINTY   2.1 per cent
  EXT PARAMETER                                   STEP         FIRST   
  NO.   NAME      VALUE            ERROR          SIZE      DERIVATIVE 
   1  N0           3.43585e+06   8.91496e+02  -3.00372e+00  -8.19921e-07
   2  tau          6.43981e+01   constant   
   3  A0           3.54134e-01   3.47345e-04  -1.30230e-06   2.99408e+00
   4  phi          4.11739e+00   1.01076e-03  -3.33141e-06   3.04776e-02
   5  R           -5.99112e+01   constant   
   6  A_CBO        2.64542e-03     fixed    
   7  w_CBO        2.32756e+00     fixed    
   8  phi_CBO      5.50825e+00     fixed    
   9  ANx2         3.16301e-04   constant   
  10  pNx2         1.53957e+00   constant   
  11  ANy1         0.00000e+00   constant   
  12  pNy1         0.00000e+00   constant   
  13  w_y          0.00000e+00   constant   
  14  ANy2         1.02217e-02     fixed    
  15  pNy2         1.44040e+00   constant   
  16  w_vw         1.43192e+01   constant   
  17  LM          -2.49463e-04   constant   
  18  wCBO_expCoeff   2.00002e+02   3.26465e-02  -4.06121e-04   2.17979e-01
  19  wCBO_expOffset   1.99993e+02   4.80781e-03  -5.96360e-05   8.65046e-01
  20  wCBO_expT    3.00076e+01   4.28651e-03   5.43170e-05   3.19484e+00
  21  wCBO_linCoeff   0.00000e+00   constant   
  22  wCBO_const  -2.38581e-03   7.15977e-04  -3.51897e-06   1.10487e+00
 EXTERNAL ERROR MATRIX.    NDIM=  25    NPAR=  7    ERR DEF=1
  7.948e+05  9.825e-03 -7.044e-03  3.619e+00  5.241e-01 -4.989e-01  5.780e-02 
  9.825e-03  1.206e-07 -3.331e-09  1.110e-06  1.620e-07 -1.454e-07  9.036e-09 
 -7.044e-03 -3.331e-09  1.022e-06  9.055e-07  1.332e-07 -1.255e-07  3.118e-08 
  3.619e+00  1.110e-06  9.055e-07  1.066e-03  1.532e-04 -1.381e-04  1.473e-05 
  5.241e-01  1.620e-07  1.332e-07  1.532e-04  2.312e-05 -2.032e-05  2.163e-06 
 -4.989e-01 -1.454e-07 -1.255e-07 -1.381e-04 -2.032e-05  1.837e-05 -2.169e-06 
  5.780e-02  9.036e-09  3.118e-08  1.473e-05  2.163e-06 -2.169e-06  5.126e-07 
 PARAMETER  CORRELATION COEFFICIENTS  
       NO.  GLOBAL      1      3      4     18     19     20     22
        1  0.15007   1.000  0.032 -0.008  0.124  0.122 -0.131  0.091
        3  0.11728   0.032  1.000 -0.009  0.098  0.097 -0.098  0.036
        4  0.05142  -0.008 -0.009  1.000  0.027  0.027 -0.029  0.043
       18  0.99201   0.124  0.098  0.027  1.000  0.976 -0.987  0.630
       19  0.99152   0.122  0.097  0.027  0.976  1.000 -0.986  0.628
       20  0.99736  -0.131 -0.098 -0.029 -0.987 -0.986  1.000 -0.707
       22  0.89334   0.091  0.036  0.043  0.630  0.628 -0.707  1.000
MINUIT - FIT ONLY 1-CBO + other amplitudes 
 **********
 **   16 **RES 
 **********
                   PARAMETER   14  ANy2 RESTORED TO VARIABLE.
                   PARAMETER    8  phi_CBO RESTORED TO VARIABLE.
                   PARAMETER    7  w_CBO RESTORED TO VARIABLE.
                   PARAMETER    6  A_CBO RESTORED TO VARIABLE.
 **********
 **   17 **FIX            0
 **********
 PARAMETER    0  IS UNDEFINED. IGNORED.
 **********
 **   18 **FIX            1
 **********
 **********
 **   19 **FIX            2
 **********
 PARAMETER    2  IS CONSTANT.   IGNORED.
 **********
 **   20 **FIX            3
 **********
 **********
 **   21 **FIX            4
 **********
 **********
 **   22 **FIX            9
 **********
 PARAMETER    9  IS CONSTANT.   IGNORED.
 **********
 **   23 **FIX           11
 **********
 PARAMETER   11  IS CONSTANT.   IGNORED.
 **********
 **   24 **FIX           12
 **********
 PARAMETER   12  IS CONSTANT.   IGNORED.
 **********
 **   25 **FIX           14
 **********
 **********
 **   26 **FIX           15
 **********
 PARAMETER   15  IS CONSTANT.   IGNORED.
 **********
 **   27 **FIX           16
 **********
 PARAMETER   16  IS CONSTANT.   IGNORED.
 **********
 **   28 **MIGRAD
 **********
 START MIGRAD MINIMIZATION.  STRATEGY  1.  CONVERGENCE WHEN EDM .LT. 1.00e-04
 FCN=1173.52 FROM MIGRAD    STATUS=INITIATE       22 CALLS         270 TOTAL
                     EDM= unknown      STRATEGY= 1      NO ERROR MATRIX       
  EXT PARAMETER               CURRENT GUESS       STEP         FIRST   
  NO.   NAME      VALUE            ERROR          SIZE      DERIVATIVE 
   1  N0           3.43585e+06     fixed    
   2  tau          6.43981e+01   constant   
   3  A0           3.54134e-01     fixed    
   4  phi          4.11739e+00     fixed    
   5  R           -5.99112e+01   constant   
   6  A_CBO        2.64542e-03   1.00000e-05   1.00000e-05   2.37490e+04
   7  w_CBO        2.32756e+00   1.00000e-03   1.00000e-03   1.91731e+01
   8  phi_CBO      5.50825e+00   1.00000e-04   1.00000e-04   3.72516e+00
   9  ANx2         3.16301e-04   constant   
  10  pNx2         1.53957e+00   constant   
  11  ANy1         0.00000e+00   constant   
  12  pNy1         0.00000e+00   constant   
  13  w_y          0.00000e+00   constant   
  14  ANy2         1.02217e-02     fixed    
  15  pNy2         1.44040e+00   constant   
  16  w_vw         1.43192e+01   constant   
  17  LM          -2.49463e-04   constant   
  18  wCBO_expCoeff   2.00002e+02   3.26465e-02  -4.06121e-04   2.17979e-01
  19  wCBO_expOffset   1.99993e+02   4.80781e-03  -5.96360e-05   8.65046e-01
  20  wCBO_expT    3.00076e+01   4.28651e-03   5.43170e-05   3.19484e+00
  21  wCBO_linCoeff   0.00000e+00   constant   
  22  wCBO_const  -2.38581e-03   7.15977e-04  -3.51897e-06   1.10486e+00
 MIGRAD MINIMIZATION HAS CONVERGED.
 MIGRAD WILL VERIFY CONVERGENCE AND ERROR MATRIX.
 FCN=1151.1 FROM MIGRAD    STATUS=CONVERGED     272 CALLS         520 TOTAL
                     EDM=5.88134e-06    STRATEGY= 1      ERR MATRIX NOT POS-DEF
  EXT PARAMETER                APPROXIMATE        STEP         FIRST   
  NO.   NAME      VALUE            ERROR          SIZE      DERIVATIVE 
   1  N0           3.43585e+06     fixed    
   2  tau          6.43981e+01   constant   
   3  A0           3.54134e-01     fixed    
   4  phi          4.11739e+00     fixed    
   5  R           -5.99112e+01   constant   
   6  A_CBO        1.05276e-03   3.61533e-04   5.97327e-06  -3.12655e+00
   7  w_CBO        2.32797e+00   6.93198e-04   1.11006e-06   4.37403e+01
   8  phi_CBO      4.46007e+00   5.08438e-01   5.79117e-03  -6.75444e-03
   9  ANx2         3.16301e-04   constant   
  10  pNx2         1.53957e+00   constant   
  11  ANy1         0.00000e+00   constant   
  12  pNy1         0.00000e+00   constant   
  13  w_y          0.00000e+00   constant   
  14  ANy2         1.02217e-02     fixed    
  15  pNy2         1.44040e+00   constant   
  16  w_vw         1.43192e+01   constant   
  17  LM          -2.49463e-04   constant   
  18  wCBO_expCoeff   2.00042e+02   6.18959e-02   9.53874e-05   4.88480e-01
  19  wCBO_expOffset   1.99999e+02   9.25664e-03   9.53669e-05   3.26948e+00
  20  wCBO_expT    2.99992e+01   3.16353e-03   1.43047e-05   8.30367e+00
  21  wCBO_linCoeff   0.00000e+00   constant   
  22  wCBO_const  -1.96933e-03   6.60876e-04   5.34232e-06   4.11595e+00
 EXTERNAL ERROR MATRIX.    NDIM=  25    NPAR=  7    ERR DEF=1
  1.307e-07  7.854e-09 -4.464e-06  8.180e-07 -3.216e-07  3.579e-08 -6.026e-09 
  7.854e-09  4.805e-07 -2.422e-05 -1.679e-05 -2.502e-06 -5.268e-07 -1.504e-07 
 -4.464e-06 -2.422e-05  2.585e-01 -2.325e-03 -3.592e-04  5.917e-04 -1.489e-05 
  8.180e-07 -1.679e-05 -2.325e-03  3.831e-03 -2.466e-04 -4.980e-05  1.208e-05 
 -3.216e-07 -2.502e-06 -3.592e-04 -2.466e-04  8.569e-05 -7.313e-06  1.764e-06 
  3.579e-08 -5.268e-07  5.917e-04 -4.980e-05 -7.313e-06  1.001e-05 -9.607e-07 
 -6.026e-09 -1.504e-07 -1.489e-05  1.208e-05  1.764e-06 -9.607e-07  4.368e-07 
ERR MATRIX NOT POS-DEF
 PARAMETER  CORRELATION COEFFICIENTS  
       NO.  GLOBAL      6      7      8     18     19     20     22
        6  0.10655   1.000  0.031 -0.024  0.037 -0.096  0.031 -0.025
        7  0.99648   0.031  1.000 -0.069 -0.391 -0.390 -0.240 -0.328
        8  0.72935  -0.024 -0.069  1.000 -0.074 -0.076  0.368 -0.044
       18  0.99630   0.037 -0.391 -0.074  1.000 -0.430 -0.254  0.295
       19  0.99628  -0.096 -0.390 -0.076 -0.430  1.000 -0.250  0.288
       20  0.99486   0.031 -0.240  0.368 -0.254 -0.250  1.000 -0.460
       22  0.87377  -0.025 -0.328 -0.044  0.295  0.288 -0.460  1.000
 ERR MATRIX NOT POS-DEF
MINUIT - FIT ONLY 1-CBO
 **********
 **   29 **RES 
 **********
                   PARAMETER   14  ANy2 RESTORED TO VARIABLE.
                   PARAMETER    4  phi RESTORED TO VARIABLE.
                   PARAMETER    3  A0 RESTORED TO VARIABLE.
                   PARAMETER    1  N0 RESTORED TO VARIABLE.
 **********
 **   30 **FIX            0
 **********
 PARAMETER    0  IS UNDEFINED. IGNORED.
 **********
 **   31 **FIX            1
 **********
 **********
 **   32 **FIX            2
 **********
 PARAMETER    2  IS CONSTANT.   IGNORED.
 **********
 **   33 **FIX            3
 **********
 **********
 **   34 **FIX            4
 **********
 **********
 **   35 **FIX            8
 **********
 **********
 **   36 **FIX            9
 **********
 PARAMETER    9  IS CONSTANT.   IGNORED.
 **********
 **   37 **FIX           11
 **********
 PARAMETER   11  IS CONSTANT.   IGNORED.
 **********
 **   38 **FIX           12
 **********
 PARAMETER   12  IS CONSTANT.   IGNORED.
 **********
 **   39 **FIX           13
 **********
 PARAMETER   13  IS CONSTANT.   IGNORED.
 **********
 **   40 **FIX           15
 **********
 PARAMETER   15  IS CONSTANT.   IGNORED.
 **********
 **   41 **FIX           16
 **********
 PARAMETER   16  IS CONSTANT.   IGNORED.
 **********
 **   42 **MIGRAD
 **********
 START MIGRAD MINIMIZATION.  STRATEGY  1.  CONVERGENCE WHEN EDM .LT. 1.00e-04
 FCN=1151.1 FROM MIGRAD    STATUS=INITIATE       16 CALLS         536 TOTAL
                     EDM= unknown      STRATEGY= 1      NO ERROR MATRIX       
  EXT PARAMETER               CURRENT GUESS       STEP         FIRST   
  NO.   NAME      VALUE            ERROR          SIZE      DERIVATIVE 
   1  N0           3.43585e+06     fixed    
   2  tau          6.43981e+01   constant   
   3  A0           3.54134e-01     fixed    
   4  phi          4.11739e+00     fixed    
   5  R           -5.99112e+01   constant   
   6  A_CBO        1.05276e-03   3.61533e-04   5.97327e-06  -3.12655e+00
   7  w_CBO        2.32797e+00   6.93198e-04   1.11006e-06   4.37533e+01
   8  phi_CBO      4.46007e+00     fixed    
   9  ANx2         3.16301e-04   constant   
  10  pNx2         1.53957e+00   constant   
  11  ANy1         0.00000e+00   constant   
  12  pNy1         0.00000e+00   constant   
  13  w_y          0.00000e+00   constant   
  14  ANy2         1.02217e-02   1.00000e-04   1.00000e-04   1.53491e+05
  15  pNy2         1.44040e+00   constant   
  16  w_vw         1.43192e+01   constant   
  17  LM          -2.49463e-04   constant   
  18  wCBO_expCoeff   2.00042e+02   6.18959e-02   9.53874e-05   4.88605e-01
  19  wCBO_expOffset   1.99999e+02   9.25664e-03   9.53669e-05   3.30680e+00
  20  wCBO_expT    2.99992e+01   3.16353e-03   1.43047e-05   8.32073e+00
  21  wCBO_linCoeff   0.00000e+00   constant   
  22  wCBO_const  -1.96933e-03   6.60876e-04   5.34232e-06   4.11906e+00
 MIGRAD MINIMIZATION HAS CONVERGED.
 MIGRAD WILL VERIFY CONVERGENCE AND ERROR MATRIX.
 COVARIANCE MATRIX CALCULATED SUCCESSFULLY
 FCN=368.68 FROM MIGRAD    STATUS=CONVERGED     201 CALLS         721 TOTAL
                     EDM=4.99499e-07    STRATEGY= 1      ERROR MATRIX ACCURATE 
  EXT PARAMETER                                   STEP         FIRST   
  NO.   NAME      VALUE            ERROR          SIZE      DERIVATIVE 
   1  N0           3.43585e+06     fixed    
   2  tau          6.43981e+01   constant   
   3  A0           3.54134e-01     fixed    
   4  phi          4.11739e+00     fixed    
   5  R           -5.99112e+01   constant   
   6  A_CBO        4.22325e-04   3.73328e-04   3.38194e-06  -7.98517e-01
   7  w_CBO        2.32787e+00   3.75290e-03   1.11001e-06  -7.77143e+00
   8  phi_CBO      4.46007e+00     fixed    
   9  ANx2         3.16301e-04   constant   
  10  pNx2         1.53957e+00   constant   
  11  ANy1         0.00000e+00   constant   
  12  pNy1         0.00000e+00   constant   
  13  w_y          0.00000e+00   constant   
  14  ANy2         2.37589e-05   3.65158e-04   3.41492e-06  -5.98024e-01
  15  pNy2         1.44040e+00   constant   
  16  w_vw         1.43192e+01   constant   
  17  LM          -2.49463e-04   constant   
  18  wCBO_expCoeff   2.00032e+02   3.19984e-01   9.96748e-05  -8.49290e-02
  19  wCBO_expOffset   1.99997e+02   2.25136e-02   9.53662e-05  -5.66471e-01
  20  wCBO_expT    3.00008e+01   6.80258e-03   1.43055e-05  -1.50729e+00
  21  wCBO_linCoeff   0.00000e+00   constant   
  22  wCBO_const  -2.09657e-03   1.78671e-03   4.76891e-06  -1.10520e+00
 EXTERNAL ERROR MATRIX.    NDIM=  25    NPAR=  7    ERR DEF=1
  1.394e-07  6.595e-08  9.392e-09  5.586e-06 -5.972e-07 -5.013e-07  3.107e-08 
  6.595e-08  1.408e-05  1.912e-08 -1.020e-03 -1.899e-05 -3.936e-06 -5.700e-06 
  9.392e-09  1.912e-08  1.333e-07  1.525e-06 -1.596e-07 -1.255e-07  2.903e-09 
  5.586e-06 -1.020e-03  1.525e-06  1.024e-01 -1.489e-03 -2.986e-04  4.637e-04 
 -5.972e-07 -1.899e-05 -1.596e-07 -1.489e-03  5.069e-04 -1.503e-05  8.946e-06 
 -5.013e-07 -3.936e-06 -1.255e-07 -2.986e-04 -1.503e-05  4.628e-05 -2.582e-06 
  3.107e-08 -5.700e-06  2.903e-09  4.637e-04  8.946e-06 -2.582e-06  3.192e-06 
 PARAMETER  CORRELATION COEFFICIENTS  
       NO.  GLOBAL      6      7     14     18     19     20     22
        6  0.26261   1.000  0.047  0.069  0.047 -0.071 -0.197  0.047
        7  0.99953   0.047  1.000  0.014 -0.850 -0.225 -0.154 -0.850
       14  0.08790   0.069  0.014  1.000  0.013 -0.019 -0.051  0.004
       18  0.99945   0.047 -0.850  0.013  1.000 -0.207 -0.137  0.811
       19  0.99750  -0.071 -0.225 -0.019 -0.207  1.000 -0.098  0.222
       20  0.99598  -0.197 -0.154 -0.051 -0.137 -0.098  1.000 -0.212
       22  0.95874   0.047 -0.850  0.004  0.811  0.222 -0.212  1.000
MINUIT - FIT ONLY 2-CBO
 **********
 **   43 **RES 
 **********
                   PARAMETER    8  phi_CBO RESTORED TO VARIABLE.
                   PARAMETER    4  phi RESTORED TO VARIABLE.
                   PARAMETER    3  A0 RESTORED TO VARIABLE.
                   PARAMETER    1  N0 RESTORED TO VARIABLE.
 **********
 **   44 **FIX            0
 **********
 PARAMETER    0  IS UNDEFINED. IGNORED.
 **********
 **   45 **FIX            1
 **********
 **********
 **   46 **FIX            2
 **********
 PARAMETER    2  IS CONSTANT.   IGNORED.
 **********
 **   47 **FIX            3
 **********
 **********
 **   48 **FIX            4
 **********
 **********
 **   49 **FIX            5
 **********
 PARAMETER    5  IS CONSTANT.   IGNORED.
 **********
 **   50 **FIX            6
 **********
 **********
 **   51 **FIX            7
 **********
 **********
 **   52 **FIX           10
 **********
 PARAMETER   10  IS CONSTANT.   IGNORED.
 **********
 **   53 **FIX           11
 **********
 PARAMETER   11  IS CONSTANT.   IGNORED.
 **********
 **   54 **FIX           12
 **********
 PARAMETER   12  IS CONSTANT.   IGNORED.
 **********
 **   55 **FIX           13
 **********
 PARAMETER   13  IS CONSTANT.   IGNORED.
 **********
 **   56 **FIX           14
 **********
 **********
 **   57 **FIX           15
 **********
 PARAMETER   15  IS CONSTANT.   IGNORED.
 **********
 **   58 **FIX           16
 **********
 PARAMETER   16  IS CONSTANT.   IGNORED.
 **********
 **   59 **MIGRAD
 **********
 START MIGRAD MINIMIZATION.  STRATEGY  1.  CONVERGENCE WHEN EDM .LT. 1.00e-04
 FCN=368.68 FROM MIGRAD    STATUS=INITIATE       12 CALLS         733 TOTAL
                     EDM= unknown      STRATEGY= 1      NO ERROR MATRIX       
  EXT PARAMETER               CURRENT GUESS       STEP         FIRST   
  NO.   NAME      VALUE            ERROR          SIZE      DERIVATIVE 
   1  N0           3.43585e+06     fixed    
   2  tau          6.43981e+01   constant   
   3  A0           3.54134e-01     fixed    
   4  phi          4.11739e+00     fixed    
   5  R           -5.99112e+01   constant   
   6  A_CBO        4.22325e-04     fixed    
   7  w_CBO        2.32787e+00     fixed    
   8  phi_CBO      4.46007e+00   5.08438e-01   5.08438e-01  -3.34647e-01
   9  ANx2         3.16301e-04   constant   
  10  pNx2         1.53957e+00   constant   
  11  ANy1         0.00000e+00   constant   
  12  pNy1         0.00000e+00   constant   
  13  w_y          0.00000e+00   constant   
  14  ANy2         2.37589e-05     fixed    
  15  pNy2         1.44040e+00   constant   
  16  w_vw         1.43192e+01   constant   
  17  LM          -2.49463e-04   constant   
  18  wCBO_expCoeff   2.00032e+02   3.19984e-01   9.96748e-05  -8.50613e-02
  19  wCBO_expOffset   1.99997e+02   2.25136e-02   9.53662e-05  -6.12456e-01
  20  wCBO_expT    3.00008e+01   6.80258e-03   1.43055e-05  -1.49996e+00
  21  wCBO_linCoeff   0.00000e+00   constant   
  22  wCBO_const  -2.09657e-03   1.78671e-03   4.76891e-06  -1.10326e+00
 MIGRAD MINIMIZATION HAS CONVERGED.
 MIGRAD WILL VERIFY CONVERGENCE AND ERROR MATRIX.
 COVARIANCE MATRIX CALCULATED SUCCESSFULLY
 FCN=368.634 FROM MIGRAD    STATUS=CONVERGED     120 CALLS         841 TOTAL
                     EDM=3.47547e-07    STRATEGY= 1      ERROR MATRIX ACCURATE 
  EXT PARAMETER                                   STEP         FIRST   
  NO.   NAME      VALUE            ERROR          SIZE      DERIVATIVE 
   1  N0           3.43585e+06     fixed    
   2  tau          6.43981e+01   constant   
   3  A0           3.54134e-01     fixed    
   4  phi          4.11739e+00     fixed    
   5  R           -5.99112e+01   constant   
   6  A_CBO        4.22325e-04     fixed    
   7  w_CBO        2.32787e+00     fixed    
   8  phi_CBO      4.73591e+00   1.21327e+00   8.23663e-03  -5.48199e-04
   9  ANx2         3.16301e-04   constant   
  10  pNx2         1.53957e+00   constant   
  11  ANy1         0.00000e+00   constant   
  12  pNy1         0.00000e+00   constant   
  13  w_y          0.00000e+00   constant   
  14  ANy2         2.37589e-05     fixed    
  15  pNy2         1.44040e+00   constant   
  16  w_vw         1.43192e+01   constant   
  17  LM          -2.49463e-04   constant   
  18  wCBO_expCoeff   2.00026e+02   1.18200e-01   9.81406e-05   4.50748e-02
  19  wCBO_expOffset   1.99997e+02   1.34806e-02   9.53658e-05   2.99892e-01
  20  wCBO_expT    3.00017e+01   6.00710e-03   1.43059e-05   6.71419e-01
  21  wCBO_linCoeff   0.00000e+00   constant   
  22  wCBO_const  -2.20038e-03   9.47100e-04   4.74786e-06   3.38651e-01
 EXTERNAL ERROR MATRIX.    NDIM=  25    NPAR=  5    ERR DEF=1
  1.472e+00 -3.526e-02 -5.758e-04  3.197e-03 -4.285e-04 
 -3.526e-02  1.397e-02 -9.971e-04 -4.666e-04  4.129e-05 
 -5.758e-04 -9.971e-04  1.817e-04 -1.284e-05  9.090e-07 
  3.197e-03 -4.666e-04 -1.284e-05  3.609e-05 -3.650e-06 
 -4.285e-04  4.129e-05  9.090e-07 -3.650e-06  8.970e-07 
 PARAMETER  CORRELATION COEFFICIENTS  
       NO.  GLOBAL      8     18     19     20     22
        8  0.69077   1.000 -0.246 -0.035  0.439 -0.373
       18  0.99608  -0.246  1.000 -0.626 -0.657  0.369
       19  0.99321  -0.035 -0.626  1.000 -0.159  0.071
       20  0.99507   0.439 -0.657 -0.159  1.000 -0.642
       22  0.84550  -0.373  0.369  0.071 -0.642  1.000
MINUIT - FIT ONLY 1-y
 **********
 **   60 **RES 
 **********
                   PARAMETER   14  ANy2 RESTORED TO VARIABLE.
                   PARAMETER    7  w_CBO RESTORED TO VARIABLE.
                   PARAMETER    6  A_CBO RESTORED TO VARIABLE.
                   PARAMETER    4  phi RESTORED TO VARIABLE.
                   PARAMETER    3  A0 RESTORED TO VARIABLE.
                   PARAMETER    1  N0 RESTORED TO VARIABLE.
 **********
 **   61 **FIX            0
 **********
 PARAMETER    0  IS UNDEFINED. IGNORED.
 **********
 **   62 **FIX            1
 **********
 **********
 **   63 **FIX            2
 **********
 PARAMETER    2  IS CONSTANT.   IGNORED.
 **********
 **   64 **FIX            3
 **********
 **********
 **   65 **FIX            4
 **********
 **********
 **   66 **FIX            5
 **********
 PARAMETER    5  IS CONSTANT.   IGNORED.
 **********
 **   67 **FIX            6
 **********
 **********
 **   68 **FIX            7
 **********
 **********
 **   69 **FIX            8
 **********
 **********
 **   70 **FIX            9
 **********
 PARAMETER    9  IS CONSTANT.   IGNORED.
 **********
 **   71 **FIX           13
 **********
 PARAMETER   13  IS CONSTANT.   IGNORED.
 **********
 **   72 **FIX           14
 **********
 **********
 **   73 **FIX           15
 **********
 PARAMETER   15  IS CONSTANT.   IGNORED.
 **********
 **   74 **FIX           16
 **********
 PARAMETER   16  IS CONSTANT.   IGNORED.
 **********
 **   75 **MIGRAD
 **********
 START MIGRAD MINIMIZATION.  STRATEGY  1.  CONVERGENCE WHEN EDM .LT. 1.00e-04
 FCN=368.634 FROM MIGRAD    STATUS=INITIATE        8 CALLS         849 TOTAL
                     EDM= unknown      STRATEGY= 1      NO ERROR MATRIX       
  EXT PARAMETER               CURRENT GUESS       STEP         FIRST   
  NO.   NAME      VALUE            ERROR          SIZE      DERIVATIVE 
   1  N0           3.43585e+06     fixed    
   2  tau          6.43981e+01   constant   
   3  A0           3.54134e-01     fixed    
   4  phi          4.11739e+00     fixed    
   5  R           -5.99112e+01   constant   
   6  A_CBO        4.22325e-04     fixed    
   7  w_CBO        2.32787e+00     fixed    
   8  phi_CBO      4.73591e+00     fixed    
   9  ANx2         3.16301e-04   constant   
  10  pNx2         1.53957e+00   constant   
  11  ANy1         0.00000e+00   constant   
  12  pNy1         0.00000e+00   constant   
  13  w_y          0.00000e+00   constant   
  14  ANy2         2.37589e-05     fixed    
  15  pNy2         1.44040e+00   constant   
  16  w_vw         1.43192e+01   constant   
  17  LM          -2.49463e-04   constant   
  18  wCBO_expCoeff   2.00026e+02   1.18200e-01   9.81406e-05   4.46820e-02
  19  wCBO_expOffset   1.99997e+02   1.34806e-02   9.53658e-05   1.57643e-01
  20  wCBO_expT    3.00017e+01   6.00710e-03   1.43059e-05   6.50614e-01
  21  wCBO_linCoeff   0.00000e+00   constant   
  22  wCBO_const  -2.20038e-03   9.47100e-04   4.74786e-06   3.40123e-01
 MIGRAD MINIMIZATION HAS CONVERGED.
 MIGRAD WILL VERIFY CONVERGENCE AND ERROR MATRIX.
 COVARIANCE MATRIX CALCULATED SUCCESSFULLY
 FCN=368.634 FROM MIGRAD    STATUS=CONVERGED      47 CALLS         888 TOTAL
                     EDM=1.36236e-07    STRATEGY= 1      ERROR MATRIX ACCURATE 
  EXT PARAMETER                                   STEP         FIRST   
  NO.   NAME      VALUE            ERROR          SIZE      DERIVATIVE 
   1  N0           3.43585e+06     fixed    
   2  tau          6.43981e+01   constant   
   3  A0           3.54134e-01     fixed    
   4  phi          4.11739e+00     fixed    
   5  R           -5.99112e+01   constant   
   6  A_CBO        4.22325e-04     fixed    
   7  w_CBO        2.32787e+00     fixed    
   8  phi_CBO      4.73591e+00     fixed    
   9  ANx2         3.16301e-04   constant   
  10  pNx2         1.53957e+00   constant   
  11  ANy1         0.00000e+00   constant   
  12  pNy1         0.00000e+00   constant   
  13  w_y          0.00000e+00   constant   
  14  ANy2         2.37589e-05     fixed    
  15  pNy2         1.44040e+00   constant   
  16  w_vw         1.43192e+01   constant   
  17  LM          -2.49463e-04   constant   
  18  wCBO_expCoeff   2.00026e+02   1.14612e-01   9.81445e-05   6.51984e-03
  19  wCBO_expOffset   1.99997e+02   1.34783e-02   9.53658e-05   4.20647e-02
  20  wCBO_expT    3.00017e+01   5.39928e-03   1.43059e-05  -4.02849e-03
  21  wCBO_linCoeff   0.00000e+00   constant   
  22  wCBO_const  -2.20040e-03   8.78856e-04   4.74761e-06  -2.99421e-01
 EXTERNAL ERROR MATRIX.    NDIM=  25    NPAR=  4    ERR DEF=1
  1.314e-02 -1.012e-03 -3.902e-04  3.104e-05 
 -1.012e-03  1.817e-04 -1.159e-05  7.419e-07 
 -3.902e-04 -1.159e-05  2.915e-05 -2.721e-06 
  3.104e-05  7.419e-07 -2.721e-06  7.724e-07 
 PARAMETER  CORRELATION COEFFICIENTS  
       NO.  GLOBAL     18     19     20     22
       18  0.99583   1.000 -0.655 -0.631  0.308
       19  0.99321  -0.655  1.000 -0.159  0.063
       20  0.99390  -0.631 -0.159  1.000 -0.573
       22  0.81784   0.308  0.063 -0.573  1.000
MINUIT - FIT ONLY 2-y
 **********
 **   76 **RES 
 **********
                   PARAMETER   14  ANy2 RESTORED TO VARIABLE.
                   PARAMETER    8  phi_CBO RESTORED TO VARIABLE.
                   PARAMETER    7  w_CBO RESTORED TO VARIABLE.
                   PARAMETER    6  A_CBO RESTORED TO VARIABLE.
                   PARAMETER    4  phi RESTORED TO VARIABLE.
                   PARAMETER    3  A0 RESTORED TO VARIABLE.
                   PARAMETER    1  N0 RESTORED TO VARIABLE.
 **********
 **   77 **FIX            0
 **********
 PARAMETER    0  IS UNDEFINED. IGNORED.
 **********
 **   78 **FIX            1
 **********
 **********
 **   79 **FIX            2
 **********
 PARAMETER    2  IS CONSTANT.   IGNORED.
 **********
 **   80 **FIX            3
 **********
 **********
 **   81 **FIX            4
 **********
 **********
 **   82 **FIX            5
 **********
 PARAMETER    5  IS CONSTANT.   IGNORED.
 **********
 **   83 **FIX            6
 **********
 **********
 **   84 **FIX            7
 **********
 **********
 **   85 **FIX            8
 **********
 **********
 **   86 **FIX            9
 **********
 PARAMETER    9  IS CONSTANT.   IGNORED.
 **********
 **   87 **FIX           10
 **********
 PARAMETER   10  IS CONSTANT.   IGNORED.
 **********
 **   88 **FIX           11
 **********
 PARAMETER   11  IS CONSTANT.   IGNORED.
 **********
 **   89 **FIX           12
 **********
 PARAMETER   12  IS CONSTANT.   IGNORED.
 **********
 **   90 **FIX           16
 **********
 PARAMETER   16  IS CONSTANT.   IGNORED.
 **********
 **   91 **MIGRAD
 **********
 START MIGRAD MINIMIZATION.  STRATEGY  1.  CONVERGENCE WHEN EDM .LT. 1.00e-04
 FCN=368.634 FROM MIGRAD    STATUS=INITIATE       10 CALLS         898 TOTAL
                     EDM= unknown      STRATEGY= 1      NO ERROR MATRIX       
  EXT PARAMETER               CURRENT GUESS       STEP         FIRST   
  NO.   NAME      VALUE            ERROR          SIZE      DERIVATIVE 
   1  N0           3.43585e+06     fixed    
   2  tau          6.43981e+01   constant   
   3  A0           3.54134e-01     fixed    
   4  phi          4.11739e+00     fixed    
   5  R           -5.99112e+01   constant   
   6  A_CBO        4.22325e-04     fixed    
   7  w_CBO        2.32787e+00     fixed    
   8  phi_CBO      4.73591e+00     fixed    
   9  ANx2         3.16301e-04   constant   
  10  pNx2         1.53957e+00   constant   
  11  ANy1         0.00000e+00   constant   
  12  pNy1         0.00000e+00   constant   
  13  w_y          0.00000e+00   constant   
  14  ANy2         2.37589e-05   3.65158e-04   3.65158e-04   2.74540e+01
  15  pNy2         1.44040e+00   constant   
  16  w_vw         1.43192e+01   constant   
  17  LM          -2.49463e-04   constant   
  18  wCBO_expCoeff   2.00026e+02   1.14612e-01   9.81445e-05   6.03948e-03
  19  wCBO_expOffset   1.99997e+02   1.34783e-02   9.53658e-05  -1.00042e-01
  20  wCBO_expT    3.00017e+01   5.39928e-03   1.43059e-05  -3.14364e-02
  21  wCBO_linCoeff   0.00000e+00   constant   
  22  wCBO_const  -2.20040e-03   8.78856e-04   4.74761e-06  -2.97945e-01
 MIGRAD MINIMIZATION HAS CONVERGED.
 MIGRAD WILL VERIFY CONVERGENCE AND ERROR MATRIX.
 COVARIANCE MATRIX CALCULATED SUCCESSFULLY
 FCN=368.634 FROM MIGRAD    STATUS=CONVERGED      54 CALLS         942 TOTAL
                     EDM=5.47342e-07    STRATEGY= 1      ERROR MATRIX ACCURATE 
  EXT PARAMETER                                   STEP         FIRST   
  NO.   NAME      VALUE            ERROR          SIZE      DERIVATIVE 
   1  N0           3.43585e+06     fixed    
   2  tau          6.43981e+01   constant   
   3  A0           3.54134e-01     fixed    
   4  phi          4.11739e+00     fixed    
   5  R           -5.99112e+01   constant   
   6  A_CBO        4.22325e-04     fixed    
   7  w_CBO        2.32787e+00     fixed    
   8  phi_CBO      4.73591e+00     fixed    
   9  ANx2         3.16301e-04   constant   
  10  pNx2         1.53957e+00   constant   
  11  ANy1         0.00000e+00   constant   
  12  pNy1         0.00000e+00   constant   
  13  w_y          0.00000e+00   constant   
  14  ANy2         2.19427e-05   3.64220e-04   3.41471e-06  -2.15217e-02
  15  pNy2         1.44040e+00   constant   
  16  w_vw         1.43192e+01   constant   
  17  LM          -2.49463e-04   constant   
  18  wCBO_expCoeff   2.00026e+02   1.14612e-01   9.81429e-05   6.31391e-02
  19  wCBO_expOffset   1.99997e+02   1.34686e-02   9.53658e-05   4.20329e-01
  20  wCBO_expT    3.00017e+01   5.40095e-03   1.43059e-05   9.27159e-01
  21  wCBO_linCoeff   0.00000e+00   constant   
  22  wCBO_const  -2.20036e-03   8.78938e-04   4.74760e-06   6.43132e-01
 EXTERNAL ERROR MATRIX.    NDIM=  25    NPAR=  5    ERR DEF=1
  1.327e-07  1.358e-06 -2.372e-08 -6.552e-08  5.456e-09 
  1.358e-06  1.314e-02 -1.010e-03 -3.907e-04  3.108e-05 
 -2.372e-08 -1.010e-03  1.814e-04 -1.157e-05  7.404e-07 
 -6.552e-08 -3.907e-04 -1.157e-05  2.917e-05 -2.722e-06 
  5.456e-09  3.108e-05  7.404e-07 -2.722e-06  7.725e-07 
 PARAMETER  CORRELATION COEFFICIENTS  
       NO.  GLOBAL     14     18     19     20     22
       14  0.05100   1.000  0.033 -0.005 -0.033  0.017
       18  0.99583   0.033  1.000 -0.655 -0.631  0.309
       19  0.99320  -0.005 -0.655  1.000 -0.159  0.063
       20  0.99390  -0.033 -0.631 -0.159  1.000 -0.573
       22  0.81785   0.017  0.309  0.063 -0.573  1.000
MINUIT - FIT ALTOGETHER
 **********
 **   92 **RES 
 **********
                   PARAMETER    8  phi_CBO RESTORED TO VARIABLE.
                   PARAMETER    7  w_CBO RESTORED TO VARIABLE.
                   PARAMETER    6  A_CBO RESTORED TO VARIABLE.
                   PARAMETER    4  phi RESTORED TO VARIABLE.
                   PARAMETER    3  A0 RESTORED TO VARIABLE.
                   PARAMETER    1  N0 RESTORED TO VARIABLE.
 **********
 **   93 **MIGRAD
 **********
 START MIGRAD MINIMIZATION.  STRATEGY  1.  CONVERGENCE WHEN EDM .LT. 1.00e-04
 FCN=368.634 FROM MIGRAD    STATUS=INITIATE       22 CALLS         964 TOTAL
                     EDM= unknown      STRATEGY= 1      NO ERROR MATRIX       
  EXT PARAMETER               CURRENT GUESS       STEP         FIRST   
  NO.   NAME      VALUE            ERROR          SIZE      DERIVATIVE 
   1  N0           3.43585e+06   8.91496e+02   8.91496e+02  -6.06596e-04
   2  tau          6.43981e+01   constant   
   3  A0           3.54134e-01   3.47345e-04   3.47345e-04   2.02549e+03
   4  phi          4.11739e+00   1.01076e-03   1.01076e-03  -8.45267e+02
   5  R           -5.99112e+01   constant   
   6  A_CBO        4.22325e-04   3.73328e-04   3.73328e-04   8.80642e+01
   7  w_CBO        2.32787e+00   3.75290e-03   3.75290e-03   5.66475e+00
   8  phi_CBO      4.73591e+00   1.21327e+00   1.21327e+00  -7.38059e-04
   9  ANx2         3.16301e-04   constant   
  10  pNx2         1.53957e+00   constant   
  11  ANy1         0.00000e+00   constant   
  12  pNy1         0.00000e+00   constant   
  13  w_y          0.00000e+00   constant   
  14  ANy2         2.19427e-05   3.64220e-04   3.41471e-06  -2.15211e-02
  15  pNy2         1.44040e+00   constant   
  16  w_vw         1.43192e+01   constant   
  17  LM          -2.49463e-04   constant   
  18  wCBO_expCoeff   2.00026e+02   1.14612e-01   9.81429e-05   6.27459e-02
  19  wCBO_expOffset   1.99997e+02   1.34686e-02   9.53658e-05   2.77986e-01
  20  wCBO_expT    3.00017e+01   5.40095e-03   1.43059e-05   9.06337e-01
  21  wCBO_linCoeff   0.00000e+00   constant   
  22  wCBO_const  -2.20036e-03   8.78938e-04   4.74760e-06   6.44604e-01
 MIGRAD MINIMIZATION HAS CONVERGED.
 MIGRAD WILL VERIFY CONVERGENCE AND ERROR MATRIX.
 COVARIANCE MATRIX CALCULATED SUCCESSFULLY
 FCN=368.26 FROM MIGRAD    STATUS=CONVERGED     243 CALLS        1185 TOTAL
                     EDM=9.14107e-05    STRATEGY= 1      ERROR MATRIX ACCURATE 
  EXT PARAMETER                                   STEP         FIRST   
  NO.   NAME      VALUE            ERROR          SIZE      DERIVATIVE 
