 + ++++++++++++++++++++++++++++++++++++++++++++++++++++++++++++++++++++ +
 +                                                                      +
 +           You have chose to blind your fitting according to          +
 +                omega_ref * (1 + (R +/- deltaR) *10^{-6})             +
 +                                                                      +
 + ++++++++++++++++++++++++++++++++++++++++++++++++++++++++++++++++++++ +
In main()...
reading format from /gm2data/zkhechad/run45/envelope/formats/formatB_sBin_constraintOn.txt
pBinTau 	= 0  
pBinPhi 	= 0  
constraintau 	= 1 
includeMopTerm 	= 0    
constrainMop    = 0   
Parameters after format file: pBinTau 0 pBinPhi 0 constraintau 1 includeMopTerm 0 constrainMop 0 c_e_scale 0.000000 
Opening file /gm2data/tbarrett/gm2fr/studies/run23_bunch_corrections/CorrectedFourier_Run3b.root.
reading full fit data from /gm2data/zkhechad/cboTemplates/Run4CBOTemplates/fullFits/noRF/sBin_constraintOn_cE0.0_seed0_noRF_calo7.root
windowBins = 34
fitting sliding window 105 from bin 241 at 35.808000 to bin 275 at 41.030000 (34 bins)

Reading data from /gm2data/cornell/histograms/aMethod/histogram_a_noRF.root
 **********
 **    1 **SET PRINTOUT            1
 **********
 **********
 **    2 **SET NOWARNINGS 
 **********
 PARAMETER DEFINITIONS:
    NO.   NAME         VALUE      STEP SIZE      LIMITS
     1 N0           3.03443e+06  1.00000e+02     no limits
     2 tau          6.44117e+01  constant
     3 A0           3.50188e-01  1.00000e-04     no limits
     4 phi          4.11726e+00  1.00000e-02     no limits
     5 R           -6.15857e+01  constant
     6 alpha_CBO    0.00000e+00  1.00000e-03     no limits
     7 w_CBO        2.32500e+00  constant
     8 beta_CBO     0.00000e+00  1.00000e-03     no limits
     9 alpha_2CBO   0.00000e+00  1.00000e-03     no limits
    10 beta_2CBO    0.00000e+00  1.00000e-03     no limits
    11 alpha_y      0.00000e+00  1.00000e-03     no limits
    12 w_y          1.38860e+01  constant
    13 beta_y       0.00000e+00  1.00000e-03     no limits
    14 alpha_vw     0.00000e+00  1.00000e-03     no limits
    15 w_vw         1.43404e+01  constant
    16 beta_vw      0.00000e+00  1.00000e-03     no limits
    17 LM           1.09700e-04  constant
    18 zeta_y       0.00000e+00  constant
    19 zeta_vw      0.00000e+00  constant
    20 T_CBO        1.00000e+02  1.00000e+00    0.00000e+00  1.00000e+03
    21 alpha_A0     7.65822e-03  1.00000e-01     no limits
    22 beta_A0     -5.74086e-03  1.00000e-01     no limits
    23 alpha_phi    5.09677e-04  1.00000e-01     no limits
    24 beta_phi    -1.80953e-05  1.00000e-01     no limits
MINUIT - FIT ONLY WIGGLE
 **********
 **    3 **FIX            5
 **********
 PARAMETER    5  IS CONSTANT.   IGNORED.
 **********
 **    4 **FIX            6
 **********
 **********
 **    5 **FIX            7
 **********
 PARAMETER    7  IS CONSTANT.   IGNORED.
 **********
 **    6 **FIX            8
 **********
 **********
 **    7 **FIX            9
 **********
 **********
 **    8 **FIX           10
 **********
 **********
 **    9 **FIX           11
 **********
 **********
 **   10 **FIX           12
 **********
 PARAMETER   12  IS CONSTANT.   IGNORED.
 **********
 **   11 **FIX           13
 **********
 **********
 **   12 **FIX           14
 **********
 **********
 **   13 **FIX           15
 **********
 PARAMETER   15  IS CONSTANT.   IGNORED.
 **********
 **   14 **FIX           16
 **********
 **********
 **   15 **MIGRAD
 **********
 FIRST CALL TO USER FUNCTION AT NEW START POINT, WITH IFLAG=4.
 START MIGRAD MINIMIZATION.  STRATEGY  1.  CONVERGENCE WHEN EDM .LT. 1.00e-04
 FCN=9591.94 FROM MIGRAD    STATUS=INITIATE      435 CALLS         436 TOTAL
                     EDM= unknown      STRATEGY= 1      NO ERROR MATRIX       
  EXT PARAMETER               CURRENT GUESS       STEP         FIRST   
  NO.   NAME      VALUE            ERROR          SIZE      DERIVATIVE 
   1  N0           3.03443e+06   1.00000e+02   0.00000e+00  -1.80622e-02
   2  tau          6.44117e+01   constant   
   3  A0           3.50188e-01   1.00000e-04   0.00000e+00  -9.62163e+03
   4  phi          4.11726e+00   1.00000e-02   0.00000e+00   1.79681e+05
   5  R           -6.15857e+01   constant   
   6  alpha_CBO    0.00000e+00     fixed    
   7  w_CBO        2.32500e+00   constant   
   8  beta_CBO     0.00000e+00     fixed    
   9  alpha_2CBO   0.00000e+00     fixed    
  10  beta_2CBO    0.00000e+00     fixed    
  11  alpha_y      0.00000e+00     fixed    
  12  w_y          1.38860e+01   constant   
  13  beta_y       0.00000e+00     fixed    
  14  alpha_vw     0.00000e+00     fixed    
  15  w_vw         1.43404e+01   constant   
  16  beta_vw      0.00000e+00     fixed    
  17  LM           1.09700e-04   constant   
  18  zeta_y       0.00000e+00   constant   
  19  zeta_vw      0.00000e+00   constant   
  20  T_CBO        1.00000e+02   1.00000e+00   0.00000e+00   0.00000e+00
  21  alpha_A0     7.65822e-03   1.00000e-01   0.00000e+00   9.35570e+04
  22  beta_A0     -5.74086e-03   1.00000e-01   0.00000e+00  -8.24987e+04
  23  alpha_phi    5.09677e-04   1.00000e-01   0.00000e+00   5.39582e+04
  24  beta_phi    -1.80953e-05   1.00000e-01   0.00000e+00  -1.72481e+04
 MIGRAD MINIMIZATION HAS CONVERGED.
 FCN=4828.27 FROM MIGRAD    STATUS=CONVERGED     615 CALLS         616 TOTAL
                     EDM=6.01529e-06    STRATEGY= 1  ERROR MATRIX UNCERTAINTY   3.3 per cent
  EXT PARAMETER                                   STEP         FIRST   
  NO.   NAME      VALUE            ERROR          SIZE      DERIVATIVE 
   1  N0           3.00461e+06   8.88905e+02  -5.01467e+00  -8.42311e-06
   2  tau          6.44117e+01   constant   
   3  A0           3.48953e-01   2.33210e-04   9.77558e-08   1.51052e+01
   4  phi          4.06428e+00   9.86578e-04  -3.19488e-06   2.56477e+00
   5  R           -6.15857e+01   constant   
   6  alpha_CBO    0.00000e+00     fixed    
   7  w_CBO        2.32500e+00   constant   
   8  beta_CBO     0.00000e+00     fixed    
   9  alpha_2CBO   0.00000e+00     fixed    
  10  beta_2CBO    0.00000e+00     fixed    
  11  alpha_y      0.00000e+00     fixed    
  12  w_y          1.38860e+01   constant   
  13  beta_y       0.00000e+00     fixed    
  14  alpha_vw     0.00000e+00     fixed    
  15  w_vw         1.43404e+01   constant   
  16  beta_vw      0.00000e+00     fixed    
  17  LM           1.09700e-04   constant   
  18  zeta_y       0.00000e+00   constant   
  19  zeta_vw      0.00000e+00   constant   
  20  T_CBO        1.00000e+02   5.20646e+02  -0.00000e+00   0.00000e+00
  21  alpha_A0     6.79713e-02   1.90224e-03   6.12918e-06  -3.64979e+00
  22  beta_A0      2.60981e-02   5.50579e-04   1.63268e-06   5.24080e+00
  23  alpha_phi   -4.13793e-02   8.66862e-04  -6.01486e-06   5.27039e+00
  24  beta_phi     4.94891e-02   1.84817e-03   2.43707e-06   4.10125e+00
 EXTERNAL ERROR MATRIX.    NDIM=  25    NPAR=  8    ERR DEF=1
  7.902e+05  1.553e-01  7.708e-01  0.000e+00 -1.600e+00 -1.691e-01  6.295e-01 -1.534e+00 
  1.553e-01  5.439e-08  1.245e-07  0.000e+00 -3.234e-07  8.855e-09  9.443e-08 -3.543e-07 
  7.708e-01  1.245e-07  9.733e-07  0.000e+00 -1.702e-06 -2.913e-07  7.445e-07 -1.523e-06 
  0.000e+00  0.000e+00  0.000e+00  1.800e+05  0.000e+00  0.000e+00  0.000e+00  0.000e+00 
 -1.600e+00 -3.234e-07 -1.702e-06  0.000e+00  3.619e-06  4.052e-07 -1.394e-06  3.253e-06 
 -1.691e-01  8.855e-09 -2.913e-07  0.000e+00  4.052e-07  3.031e-07 -2.115e-07  2.415e-07 
  6.295e-01  9.443e-08  7.445e-07  0.000e+00 -1.394e-06 -2.115e-07  7.514e-07 -1.214e-06 
 -1.534e+00 -3.543e-07 -1.523e-06  0.000e+00  3.253e-06  2.415e-07 -1.214e-06  3.416e-06 
 PARAMETER  CORRELATION COEFFICIENTS  
       NO.  GLOBAL      1      3      4     20     21     22     23     24
        1  0.96134   1.000  0.749  0.879  0.000 -0.946 -0.346  0.817 -0.934
        3  0.89409   0.749  1.000  0.541  0.000 -0.729  0.069  0.467 -0.822
        4  0.94717   0.879  0.541  1.000  0.000 -0.907 -0.536  0.870 -0.835
       20  0.00000   0.000  0.000  0.000  1.000  0.000  0.000  0.000  0.000
       21  0.96857  -0.946 -0.729 -0.907  0.000  1.000  0.387 -0.845  0.925
       22  0.70376  -0.346  0.069 -0.536  0.000  0.387  1.000 -0.443  0.237
       23  0.89365   0.817  0.467  0.870  0.000 -0.845 -0.443  1.000 -0.757
       24  0.96091  -0.934 -0.822 -0.835  0.000  0.925  0.237 -0.757  1.000
MINUIT - FIT ONLY 1-CBO + wiggle
 **********
 **   16 **RES 
 **********
                   PARAMETER   16  beta_vw RESTORED TO VARIABLE.
                   PARAMETER   14  alpha_vw RESTORED TO VARIABLE.
                   PARAMETER   13  beta_y RESTORED TO VARIABLE.
                   PARAMETER   11  alpha_y RESTORED TO VARIABLE.
                   PARAMETER   10  beta_2CBO RESTORED TO VARIABLE.
                   PARAMETER    9  alpha_2CBO RESTORED TO VARIABLE.
                   PARAMETER    8  beta_CBO RESTORED TO VARIABLE.
                   PARAMETER    6  alpha_CBO RESTORED TO VARIABLE.
 **********
 **   17 **FIX            8
 **********
 **********
 **   18 **FIX            9
 **********
 **********
 **   19 **FIX           11
 **********
 **********
 **   20 **FIX           12
 **********
 PARAMETER   12  IS CONSTANT.   IGNORED.
 **********
 **   21 **FIX           14
 **********
 **********
 **   22 **FIX           15
 **********
 PARAMETER   15  IS CONSTANT.   IGNORED.
 **********
 **   23 **FIX           16
 **********
 **********
 **   24 **MIGRAD
 **********
 START MIGRAD MINIMIZATION.  STRATEGY  1.  CONVERGENCE WHEN EDM .LT. 1.00e-04
 FCN=4828.27 FROM MIGRAD    STATUS=INITIATE      721 CALLS        1337 TOTAL
                     EDM= unknown      STRATEGY= 1      NO ERROR MATRIX       
  EXT PARAMETER               CURRENT GUESS       STEP         FIRST   
  NO.   NAME      VALUE            ERROR          SIZE      DERIVATIVE 
   1  N0           3.00461e+06   8.88905e+02   0.00000e+00  -8.42311e-06
   2  tau          6.44117e+01   constant   
   3  A0           3.48953e-01   2.33210e-04   0.00000e+00   1.51052e+01
   4  phi          4.06428e+00   9.86578e-04   0.00000e+00   2.56477e+00
   5  R           -6.15857e+01   constant   
   6  alpha_CBO    0.00000e+00   1.00000e-03   0.00000e+00  -3.82674e+05
   7  w_CBO        2.32500e+00   constant   
   8  beta_CBO     0.00000e+00     fixed    
   9  alpha_2CBO   0.00000e+00     fixed    
  10  beta_2CBO    0.00000e+00   1.00000e-03   0.00000e+00   8.70235e+04
  11  alpha_y      0.00000e+00     fixed    
  12  w_y          1.38860e+01   constant   
  13  beta_y       0.00000e+00   1.00000e-03   0.00000e+00  -7.89572e+05
  14  alpha_vw     0.00000e+00     fixed    
  15  w_vw         1.43404e+01   constant   
  16  beta_vw      0.00000e+00     fixed    
  17  LM           1.09700e-04   constant   
  18  zeta_y       0.00000e+00   constant   
  19  zeta_vw      0.00000e+00   constant   
  20  T_CBO        1.00000e+02   5.20646e+02   0.00000e+00   0.00000e+00
  21  alpha_A0     6.79713e-02   1.90224e-03   0.00000e+00  -3.64979e+00
  22  beta_A0      2.60981e-02   5.50579e-04   0.00000e+00   5.24080e+00
  23  alpha_phi   -4.13793e-02   8.66862e-04   0.00000e+00   5.27038e+00
  24  beta_phi     4.94891e-02   1.84817e-03   0.00000e+00   4.10125e+00
 MIGRAD MINIMIZATION HAS CONVERGED.
 FCN=1393.81 FROM MIGRAD    STATUS=CONVERGED    1008 CALLS        1624 TOTAL
                     EDM=3.29685e-06    STRATEGY= 1  ERROR MATRIX UNCERTAINTY   3.6 per cent
  EXT PARAMETER                                   STEP         FIRST   
  NO.   NAME      VALUE            ERROR          SIZE      DERIVATIVE 
   1  N0           2.98417e+06   9.26084e+02   3.51693e+00   5.54713e-06
   2  tau          6.44117e+01   constant   
   3  A0           3.38434e-01   3.27799e-04   1.80061e-06   9.30861e-01
   4  phi          4.05783e+00   9.80035e-04   1.31630e-06   3.69271e+00
   5  R           -6.15857e+01   constant   
   6  alpha_CBO    7.11238e-03   1.88206e-04  -4.39483e-07  -6.98707e+00
   7  w_CBO        2.32500e+00   constant   
   8  beta_CBO     0.00000e+00     fixed    
   9  alpha_2CBO   0.00000e+00     fixed    
  10  beta_2CBO    1.68911e-03   1.49715e-04  -5.73035e-07   1.88171e+01
  11  alpha_y      0.00000e+00     fixed    
  12  w_y          1.38860e+01   constant   
  13  beta_y       5.19421e-03   1.14432e-04  -4.72901e-08   2.67104e+00
  14  alpha_vw     0.00000e+00     fixed    
  15  w_vw         1.43404e+01   constant   
  16  beta_vw      0.00000e+00     fixed    
  17  LM           1.09700e-04   constant   
  18  zeta_y       0.00000e+00   constant   
  19  zeta_vw      0.00000e+00   constant   
  20  T_CBO        1.00000e+02   5.20646e+02  -0.00000e+00   0.00000e+00
  21  alpha_A0     1.11958e-01   2.03813e-03  -6.05195e-06   3.66474e+00
  22  beta_A0      1.26883e-02   7.51099e-04   1.30287e-06   1.93049e+00
  23  alpha_phi   -4.40413e-02   8.93624e-04   1.32129e-06  -2.41602e-01
  24  beta_phi     1.05601e-01   2.23793e-03  -4.16590e-06  -4.26287e-01
 EXTERNAL ERROR MATRIX.    NDIM=  25    NPAR= 11    ERR DEF=1
  8.576e+05 
  2.087e-01  1.075e-07 
  7.177e-01  7.938e-08  9.605e-07 
 -6.223e-02 -4.577e-08  1.152e-08  3.542e-08 
 -5.039e-02 -2.700e-08 -1.864e-08  1.111e-08  2.241e-08 
 -8.452e-03 -4.269e-10 -9.578e-09 -3.741e-10 -3.894e-10  1.309e-08 
  0.000e+00  0.000e+00  0.000e+00  0.000e+00  0.000e+00  0.000e+00  1.800e+05 
 -1.796e+00 -4.541e-07 -1.621e-06  1.364e-07  1.093e-07  1.781e-08  0.000e+00  4.154e-06 
  9.862e-02  1.615e-07 -2.218e-07 -8.727e-08 -5.744e-08  5.035e-09  0.000e+00 -1.849e-07  5.642e-07 
  5.984e-01  6.173e-08  7.333e-07  1.760e-08 -2.517e-08 -7.060e-09  0.000e+00 -1.362e-06 -1.322e-07  7.986e-07 
 -1.921e+00 -6.019e-07 -1.469e-06  2.067e-07  1.578e-07  1.668e-08  0.000e+00  4.204e-06 -5.719e-07 -1.214e-06  5.008e-06 
 PARAMETER  CORRELATION COEFFICIENTS  
       NO.  GLOBAL      1      3      4      6     10     13     20     21     22     23     24
        1  0.96474   1.000  0.687  0.791 -0.357 -0.363 -0.080  0.000 -0.952  0.142  0.723 -0.927
        3  0.94893   0.687  1.000  0.247 -0.742 -0.550 -0.011  0.000 -0.680  0.656  0.211 -0.821
        4  0.93873   0.791  0.247  1.000  0.062 -0.127 -0.085  0.000 -0.812 -0.301  0.837 -0.670
        6  0.80013  -0.357 -0.742  0.062  1.000  0.394 -0.017  0.000  0.356 -0.617  0.105  0.491
       10  0.62076  -0.363 -0.550 -0.127  0.394  1.000 -0.023  0.000  0.358 -0.511 -0.188  0.471
       13  0.11808  -0.080 -0.011 -0.085 -0.017 -0.023  1.000  0.000  0.076  0.059 -0.069  0.065
       20  0.00000   0.000  0.000  0.000  0.000  0.000  0.000  1.000  0.000  0.000  0.000  0.000
       21  0.97153  -0.952 -0.680 -0.812  0.356  0.358  0.076  0.000  1.000 -0.121 -0.748  0.922
       22  0.84330   0.142  0.656 -0.301 -0.617 -0.511  0.059  0.000 -0.121  1.000 -0.197 -0.340
       23  0.88277   0.723  0.211  0.837  0.105 -0.188 -0.069  0.000 -0.748 -0.197  1.000 -0.607
       24  0.96891  -0.927 -0.821 -0.670  0.491  0.471  0.065  0.000  0.922 -0.340 -0.607  1.000
MINUIT - FIT ONLY 2-CBO
 **********
 **   25 **RES 
 **********
                   PARAMETER   16  beta_vw RESTORED TO VARIABLE.
                   PARAMETER   14  alpha_vw RESTORED TO VARIABLE.
                   PARAMETER   11  alpha_y RESTORED TO VARIABLE.
                   PARAMETER    9  alpha_2CBO RESTORED TO VARIABLE.
                   PARAMETER    8  beta_CBO RESTORED TO VARIABLE.
 **********
 **   26 **FIX            0
 **********
 PARAMETER    0  IS UNDEFINED. IGNORED.
 **********
 **   27 **FIX            1
 **********
 **********
 **   28 **FIX            2
 **********
 PARAMETER    2  IS CONSTANT.   IGNORED.
 **********
 **   29 **FIX            3
 **********
 **********
 **   30 **FIX            4
 **********
 **********
 **   31 **FIX            5
 **********
 PARAMETER    5  IS CONSTANT.   IGNORED.
 **********
 **   32 **FIX            6
 **********
 **********
 **   33 **FIX            7
 **********
 PARAMETER    7  IS CONSTANT.   IGNORED.
 **********
 **   34 **FIX           10
 **********
 **********
 **   35 **FIX           11
 **********
 **********
 **   36 **FIX           12
 **********
 PARAMETER   12  IS CONSTANT.   IGNORED.
 **********
 **   37 **FIX           13
 **********
 **********
 **   38 **FIX           14
 **********
 **********
 **   39 **FIX           15
 **********
 PARAMETER   15  IS CONSTANT.   IGNORED.
 **********
 **   40 **FIX           16
 **********
 **********
 **   41 **MIGRAD
 **********
 START MIGRAD MINIMIZATION.  STRATEGY  1.  CONVERGENCE WHEN EDM .LT. 1.00e-04
 FCN=1393.81 FROM MIGRAD    STATUS=INITIATE      343 CALLS        1967 TOTAL
                     EDM= unknown      STRATEGY= 1      NO ERROR MATRIX       
  EXT PARAMETER               CURRENT GUESS       STEP         FIRST   
  NO.   NAME      VALUE            ERROR          SIZE      DERIVATIVE 
   1  N0           2.98417e+06     fixed    
   2  tau          6.44117e+01   constant   
   3  A0           3.38434e-01     fixed    
   4  phi          4.05783e+00     fixed    
   5  R           -6.15857e+01   constant   
   6  alpha_CBO    7.11238e-03     fixed    
   7  w_CBO        2.32500e+00   constant   
   8  beta_CBO     0.00000e+00   1.00000e-03   0.00000e+00   1.52218e+05
   9  alpha_2CBO   0.00000e+00   1.00000e-03   0.00000e+00   1.44898e+05
  10  beta_2CBO    1.68911e-03     fixed    
  11  alpha_y      0.00000e+00     fixed    
  12  w_y          1.38860e+01   constant   
  13  beta_y       5.19421e-03     fixed    
  14  alpha_vw     0.00000e+00     fixed    
  15  w_vw         1.43404e+01   constant   
  16  beta_vw      0.00000e+00     fixed    
  17  LM           1.09700e-04   constant   
  18  zeta_y       0.00000e+00   constant   
  19  zeta_vw      0.00000e+00   constant   
  20  T_CBO        1.00000e+02   5.20646e+02   0.00000e+00   0.00000e+00
  21  alpha_A0     1.11958e-01   2.03813e-03   0.00000e+00   3.66474e+00
  22  beta_A0      1.26883e-02   7.51099e-04   0.00000e+00   1.93049e+00
  23  alpha_phi   -4.40413e-02   8.93624e-04   0.00000e+00  -2.41610e-01
  24  beta_phi     1.05601e-01   2.23793e-03   0.00000e+00  -4.26288e-01
 MIGRAD MINIMIZATION HAS CONVERGED.
 FCN=1236.57 FROM MIGRAD    STATUS=CONVERGED     437 CALLS        2061 TOTAL
                     EDM=2.38746e-07    STRATEGY= 1  ERROR MATRIX UNCERTAINTY   1.6 per cent
  EXT PARAMETER                                   STEP         FIRST   
  NO.   NAME      VALUE            ERROR          SIZE      DERIVATIVE 
   1  N0           2.98417e+06     fixed    
   2  tau          6.44117e+01   constant   
   3  A0           3.38434e-01     fixed    
   4  phi          4.05783e+00     fixed    
   5  R           -6.15857e+01   constant   
   6  alpha_CBO    7.11238e-03     fixed    
   7  w_CBO        2.32500e+00   constant   
   8  beta_CBO    -1.04328e-03   1.19072e-04  -2.25682e-07  -2.83221e+00
   9  alpha_2CBO  -1.07448e-03   1.23586e-04   4.02106e-07   3.16695e+00
  10  beta_2CBO    1.68911e-03     fixed    
  11  alpha_y      0.00000e+00     fixed    
  12  w_y          1.38860e+01   constant   
  13  beta_y       5.19421e-03     fixed    
  14  alpha_vw     0.00000e+00     fixed    
  15  w_vw         1.43404e+01   constant   
  16  beta_vw      0.00000e+00     fixed    
  17  LM           1.09700e-04   constant   
  18  zeta_y       0.00000e+00   constant   
  19  zeta_vw      0.00000e+00   constant   
  20  T_CBO        1.00000e+02   5.20646e+02  -0.00000e+00   0.00000e+00
  21  alpha_A0     1.12999e-01   5.31976e-04  -1.38856e-06  -9.40277e-01
  22  beta_A0      1.22300e-02   4.19433e-04  -3.63314e-06   1.59332e+00
  23  alpha_phi   -4.48313e-02   4.64574e-04  -1.60502e-06  -3.68469e-01
  24  beta_phi     1.03991e-01   6.04360e-04   4.11381e-06   4.80757e-01
 EXTERNAL ERROR MATRIX.    NDIM=  25    NPAR=  7    ERR DEF=1
  1.418e-08 -4.683e-10  0.000e+00 -3.616e-09  5.615e-09  2.512e-10  3.247e-09 
 -4.683e-10  1.527e-08  0.000e+00 -1.041e-08  3.196e-10  1.058e-08  1.876e-08 
  0.000e+00  0.000e+00  1.800e+05  0.000e+00  0.000e+00  0.000e+00  0.000e+00 
 -3.616e-09 -1.041e-08  0.000e+00  2.830e-07  8.594e-09 -7.863e-08  6.246e-08 
  5.615e-09  3.196e-10  0.000e+00  8.594e-09  1.759e-07  2.807e-08 -4.445e-08 
  2.512e-10  1.058e-08  0.000e+00 -7.863e-08  2.807e-08  2.158e-07 -1.591e-08 
  3.247e-09  1.876e-08  0.000e+00  6.246e-08 -4.445e-08 -1.591e-08  3.653e-07 
 PARAMETER  CORRELATION COEFFICIENTS  
       NO.  GLOBAL      8      9     20     21     22     23     24
        8  0.16874   1.000 -0.032  0.000 -0.057  0.112  0.005  0.045
        9  0.36466  -0.032  1.000  0.000 -0.158  0.006  0.184  0.251
       20  0.00000   0.000  0.000  1.000  0.000  0.000  0.000  0.000
       21  0.42216  -0.057 -0.158  0.000  1.000  0.039 -0.318  0.194
       22  0.28815   0.112  0.006  0.000  0.039  1.000  0.144 -0.175
       23  0.37982   0.005  0.184  0.000 -0.318  0.144  1.000 -0.057
       24  0.40282   0.045  0.251  0.000  0.194 -0.175 -0.057  1.000
MINUIT - FIT wiggle + 1-CBO + 2-CBO
 **********
 **   42 **RES 
 **********
                   PARAMETER   16  beta_vw RESTORED TO VARIABLE.
                   PARAMETER   14  alpha_vw RESTORED TO VARIABLE.
                   PARAMETER   13  beta_y RESTORED TO VARIABLE.
                   PARAMETER   11  alpha_y RESTORED TO VARIABLE.
                   PARAMETER   10  beta_2CBO RESTORED TO VARIABLE.
                   PARAMETER    6  alpha_CBO RESTORED TO VARIABLE.
                   PARAMETER    4  phi RESTORED TO VARIABLE.
                   PARAMETER    3  A0 RESTORED TO VARIABLE.
                   PARAMETER    1  N0 RESTORED TO VARIABLE.
 **********
 **   43 **FIX           10
 **********
 **********
 **   44 **FIX           11
 **********
 **********
 **   45 **FIX           12
 **********
 PARAMETER   12  IS CONSTANT.   IGNORED.
 **********
 **   46 **FIX           13
 **********
 **********
 **   47 **FIX           14
 **********
 **********
 **   48 **FIX           15
 **********
 PARAMETER   15  IS CONSTANT.   IGNORED.
 **********
 **   49 **FIX           16
 **********
 **********
 **   50 **MIGRAD
 **********
 START MIGRAD MINIMIZATION.  STRATEGY  1.  CONVERGENCE WHEN EDM .LT. 1.00e-04
 FCN=1236.57 FROM MIGRAD    STATUS=INITIATE      715 CALLS        2776 TOTAL
                     EDM= unknown      STRATEGY= 1      NO ERROR MATRIX       
  EXT PARAMETER               CURRENT GUESS       STEP         FIRST   
  NO.   NAME      VALUE            ERROR          SIZE      DERIVATIVE 
   1  N0           2.98417e+06   9.26084e+02   0.00000e+00  -8.43796e-04
   2  tau          6.44117e+01   constant   
   3  A0           3.38434e-01   3.27799e-04   0.00000e+00  -3.26670e+04
   4  phi          4.05783e+00   9.80035e-04   0.00000e+00  -8.65615e+03
   5  R           -6.15857e+01   constant   
   6  alpha_CBO    7.11238e-03   1.88206e-04   0.00000e+00  -4.96727e+03
   7  w_CBO        2.32500e+00   constant   
   8  beta_CBO    -1.04328e-03   1.19072e-04   0.00000e+00  -2.83221e+00
   9  alpha_2CBO  -1.07448e-03   1.23586e-04   0.00000e+00   3.16696e+00
  10  beta_2CBO    1.68911e-03     fixed    
  11  alpha_y      0.00000e+00     fixed    
  12  w_y          1.38860e+01   constant   
  13  beta_y       5.19421e-03     fixed    
  14  alpha_vw     0.00000e+00     fixed    
  15  w_vw         1.43404e+01   constant   
  16  beta_vw      0.00000e+00     fixed    
  17  LM           1.09700e-04   constant   
  18  zeta_y       0.00000e+00   constant   
  19  zeta_vw      0.00000e+00   constant   
  20  T_CBO        1.00000e+02   5.20646e+02   0.00000e+00   0.00000e+00
  21  alpha_A0     1.12999e-01   5.31976e-04   0.00000e+00  -9.40278e-01
  22  beta_A0      1.22300e-02   4.19433e-04   0.00000e+00   1.59332e+00
  23  alpha_phi   -4.48313e-02   4.64574e-04   0.00000e+00  -3.68465e-01
  24  beta_phi     1.03991e-01   6.04360e-04   0.00000e+00   4.80756e-01
 MIGRAD MINIMIZATION HAS CONVERGED.
 FCN=1006.83 FROM MIGRAD    STATUS=CONVERGED    1054 CALLS        3115 TOTAL
                     EDM=4.0542e-06    STRATEGY= 1  ERROR MATRIX UNCERTAINTY   1.9 per cent
  EXT PARAMETER                                   STEP         FIRST   
  NO.   NAME      VALUE            ERROR          SIZE      DERIVATIVE 
   1  N0           3.01687e+06   2.60914e+03   2.23000e+01   1.70519e-06
   2  tau          6.44117e+01   constant   
   3  A0           3.44193e-01   5.98533e-04   5.03884e-06  -1.95674e+01
   4  phi          4.10069e+00   3.38893e-03   3.11474e-05   2.03864e+00
   5  R           -6.15857e+01   constant   
   6  alpha_CBO    6.64797e-03   1.95406e-04  -6.48342e-07  -4.01893e+00
   7  w_CBO        2.32500e+00   constant   
   8  beta_CBO    -5.95380e-03   4.23723e-04  -3.25378e-06   8.05927e+00
   9  alpha_2CBO   3.03134e-05   1.63170e-04   9.19115e-07   9.84324e+00
  10  beta_2CBO    1.68911e-03     fixed    
  11  alpha_y      0.00000e+00     fixed    
  12  w_y          1.38860e+01   constant   
  13  beta_y       5.19421e-03     fixed    
  14  alpha_vw     0.00000e+00     fixed    
  15  w_vw         1.43404e+01   constant   
  16  beta_vw      0.00000e+00     fixed    
  17  LM           1.09700e-04   constant   
  18  zeta_y       0.00000e+00   constant   
  19  zeta_vw      0.00000e+00   constant   
  20  T_CBO        1.00000e+02   5.20646e+02  -0.00000e+00   0.00000e+00
  21  alpha_A0     4.01951e-02   5.59718e-03  -4.88212e-05  -1.05872e+00
  22  beta_A0     -2.28154e-03   1.53217e-03  -9.66001e-06   5.01378e+00
  23  alpha_phi   -1.20958e-02   2.71269e-03   2.39168e-05  -4.39223e+00
  24  beta_phi     3.74347e-02   5.17132e-03  -4.74472e-05  -2.71139e+00
 EXTERNAL ERROR MATRIX.    NDIM=  25    NPAR= 11    ERR DEF=1
  6.808e+06 
  1.432e+00  3.582e-07 
  8.616e+00  1.691e-06  1.148e-05 
 -2.123e-01 -7.569e-08 -1.829e-07  3.818e-08 
 -1.038e+00 -2.085e-07 -1.375e-06  2.473e-08  1.795e-07 
  2.298e-01  3.470e-08  3.415e-07  1.003e-09 -4.089e-08  2.662e-08 
  0.000e+00  0.000e+00  0.000e+00  0.000e+00  0.000e+00  0.000e+00  1.800e+05 
 -1.451e+01 -3.052e-06 -1.859e-05  4.448e-07  2.239e-06 -5.126e-07  0.000e+00  3.133e-05 
 -3.481e+00 -5.977e-07 -4.862e-06  2.484e-08  5.814e-07 -1.613e-07  0.000e+00  7.565e-06  2.348e-06 
  6.803e+00  1.314e-06  9.058e-06 -1.294e-07 -1.081e-06  2.779e-07  0.000e+00 -1.470e-05 -3.839e-06  7.359e-06 
 -1.334e+01 -2.933e-06 -1.670e-05  4.788e-07  2.027e-06 -4.107e-07  0.000e+00  2.853e-05  6.552e-06 -1.314e-05  2.674e-05 
 PARAMETER  CORRELATION COEFFICIENTS  
       NO.  GLOBAL      1      3      4      6      8      9     20     21     22     23     24
        1  0.99542   1.000  0.917  0.974 -0.416 -0.939  0.540  0.000 -0.993 -0.871  0.961 -0.988
        3  0.98480   0.917  1.000  0.834 -0.647 -0.822  0.355  0.000 -0.911 -0.652  0.810 -0.948
        4  0.99538   0.974  0.834  1.000 -0.276 -0.958  0.618  0.000 -0.980 -0.936  0.985 -0.953
        6  0.81439  -0.416 -0.647 -0.276  1.000  0.299  0.031  0.000  0.407  0.083 -0.244  0.474
        8  0.96038  -0.939 -0.822 -0.958  0.299  1.000 -0.591  0.000  0.944  0.895 -0.941  0.925
        9  0.72226   0.540  0.355  0.618  0.031 -0.591  1.000  0.000 -0.561 -0.645  0.628 -0.487
       20  0.00000   0.000  0.000  0.000  0.000  0.000  0.000  1.000  0.000  0.000  0.000  0.000
       21  0.99658  -0.993 -0.911 -0.980  0.407  0.944 -0.561  0.000  1.000  0.882 -0.968  0.986
       22  0.96760  -0.871 -0.652 -0.936  0.083  0.895 -0.645  0.000  0.882  1.000 -0.924  0.827
       23  0.98819   0.961  0.810  0.985 -0.244 -0.941  0.628  0.000 -0.968 -0.924  1.000 -0.937
       24  0.99485  -0.988 -0.948 -0.953  0.474  0.925 -0.487  0.000  0.986  0.827 -0.937  1.000
MINUIT - FIT ONLY 1-y
 **********
 **   51 **RES 
 **********
                   PARAMETER   16  beta_vw RESTORED TO VARIABLE.
                   PARAMETER   14  alpha_vw RESTORED TO VARIABLE.
                   PARAMETER   13  beta_y RESTORED TO VARIABLE.
                   PARAMETER   11  alpha_y RESTORED TO VARIABLE.
                   PARAMETER   10  beta_2CBO RESTORED TO VARIABLE.
 **********
 **   52 **FIX            0
 **********
 PARAMETER    0  IS UNDEFINED. IGNORED.
 **********
 **   53 **FIX            1
 **********
 **********
 **   54 **FIX            2
 **********
 PARAMETER    2  IS CONSTANT.   IGNORED.
 **********
 **   55 **FIX            3
 **********
 **********
 **   56 **FIX            4
 **********
 **********
 **   57 **FIX            5
 **********
 PARAMETER    5  IS CONSTANT.   IGNORED.
 **********
 **   58 **FIX            6
 **********
 **********
 **   59 **FIX            7
 **********
 PARAMETER    7  IS CONSTANT.   IGNORED.
 **********
 **   60 **FIX            8
 **********
 **********
 **   61 **FIX            9
 **********
 **********
 **   62 **FIX           13
 **********
 **********
 **   63 **FIX           14
 **********
 **********
 **   64 **FIX           15
 **********
 PARAMETER   15  IS CONSTANT.   IGNORED.
 **********
 **   65 **FIX           16
 **********
 **********
 **   66 **MIGRAD
 **********
 START MIGRAD MINIMIZATION.  STRATEGY  1.  CONVERGENCE WHEN EDM .LT. 1.00e-04
 FCN=1006.83 FROM MIGRAD    STATUS=INITIATE      341 CALLS        3456 TOTAL
                     EDM= unknown      STRATEGY= 1      NO ERROR MATRIX       
  EXT PARAMETER               CURRENT GUESS       STEP         FIRST   
  NO.   NAME      VALUE            ERROR          SIZE      DERIVATIVE 
   1  N0           3.01687e+06     fixed    
   2  tau          6.44117e+01   constant   
   3  A0           3.44193e-01     fixed    
   4  phi          4.10069e+00     fixed    
   5  R           -6.15857e+01   constant   
   6  alpha_CBO    6.64797e-03     fixed    
   7  w_CBO        2.32500e+00   constant   
   8  beta_CBO    -5.95380e-03     fixed    
   9  alpha_2CBO   3.03134e-05     fixed    
  10  beta_2CBO    1.68911e-03   1.49715e-04   0.00000e+00   1.23602e+05
  11  alpha_y      0.00000e+00   1.00000e-03   0.00000e+00   4.48971e+05
  12  w_y          1.38860e+01   constant   
  13  beta_y       5.19421e-03     fixed    
  14  alpha_vw     0.00000e+00     fixed    
  15  w_vw         1.43404e+01   constant   
  16  beta_vw      0.00000e+00     fixed    
  17  LM           1.09700e-04   constant   
  18  zeta_y       0.00000e+00   constant   
  19  zeta_vw      0.00000e+00   constant   
  20  T_CBO        1.00000e+02   5.20646e+02   0.00000e+00   0.00000e+00
  21  alpha_A0     4.01951e-02   5.59718e-03   0.00000e+00  -1.05872e+00
  22  beta_A0     -2.28154e-03   1.53217e-03   0.00000e+00   5.01378e+00
  23  alpha_phi   -1.20958e-02   2.71269e-03   0.00000e+00  -4.39222e+00
  24  beta_phi     3.74347e-02   5.17132e-03   0.00000e+00  -2.71138e+00
 MIGRAD MINIMIZATION HAS CONVERGED.
 FCN=274.815 FROM MIGRAD    STATUS=CONVERGED     435 CALLS        3550 TOTAL
                     EDM=1.64478e-08    STRATEGY= 1  ERROR MATRIX UNCERTAINTY   1.6 per cent
  EXT PARAMETER                                   STEP         FIRST   
  NO.   NAME      VALUE            ERROR          SIZE      DERIVATIVE 
   1  N0           3.01687e+06     fixed    
   2  tau          6.44117e+01   constant   
   3  A0           3.44193e-01     fixed    
   4  phi          4.10069e+00     fixed    
   5  R           -6.15857e+01   constant   
   6  alpha_CBO    6.64797e-03     fixed    
   7  w_CBO        2.32500e+00   constant   
   8  beta_CBO    -5.95380e-03     fixed    
   9  alpha_2CBO   3.03134e-05     fixed    
  10  beta_2CBO    8.61761e-04   1.22230e-04   9.69538e-08   2.67489e-01
  11  alpha_y     -3.03301e-03   1.16852e-04   1.27325e-07  -1.31810e+00
  12  w_y          1.38860e+01   constant   
  13  beta_y       5.19421e-03     fixed    
  14  alpha_vw     0.00000e+00     fixed    
  15  w_vw         1.43404e+01   constant   
  16  beta_vw      0.00000e+00     fixed    
  17  LM           1.09700e-04   constant   
  18  zeta_y       0.00000e+00   constant   
  19  zeta_vw      0.00000e+00   constant   
  20  T_CBO        1.00000e+02   5.20646e+02  -0.00000e+00   0.00000e+00
  21  alpha_A0     4.03594e-02   4.94970e-04  -2.98687e-06   5.54377e-02
  22  beta_A0     -1.15054e-03   4.26370e-04  -5.11649e-07   3.42058e-01
  23  alpha_phi   -1.17721e-02   4.39618e-04   1.33781e-08  -1.43571e-01
  24  beta_phi     3.68993e-02   5.37552e-04  -2.51611e-06  -1.92620e-01
 EXTERNAL ERROR MATRIX.    NDIM=  25    NPAR=  7    ERR DEF=1
  1.494e-08 -4.226e-10  0.000e+00 -4.145e-09 -1.538e-08 -9.810e-09  5.822e-09 
 -4.226e-10  1.365e-08  0.000e+00  4.510e-10 -8.146e-10  1.272e-09  8.912e-10 
  0.000e+00  0.000e+00  1.800e+05  0.000e+00  0.000e+00  0.000e+00  0.000e+00 
 -4.145e-09  4.510e-10  0.000e+00  2.450e-07  2.426e-08 -4.742e-08  5.668e-08 
 -1.538e-08 -8.146e-10  0.000e+00  2.426e-08  1.818e-07  3.221e-08 -2.658e-08 
 -9.810e-09  1.272e-09  0.000e+00 -4.742e-08  3.221e-08  1.933e-07 -2.330e-08 
  5.822e-09  8.912e-10  0.000e+00  5.668e-08 -2.658e-08 -2.330e-08  2.890e-07 
 PARAMETER  CORRELATION COEFFICIENTS  
       NO.  GLOBAL     10     11     20     21     22     23     24
       10  0.33826   1.000 -0.030  0.000 -0.069 -0.295 -0.183  0.089
       11  0.04994  -0.030  1.000  0.000  0.008 -0.016  0.025  0.014
       20  0.00000   0.000  0.000  1.000  0.000  0.000  0.000  0.000
       21  0.34897  -0.069  0.008  0.000  1.000  0.115 -0.218  0.213
       22  0.36079  -0.295 -0.016  0.000  0.115  1.000  0.172 -0.116
       23  0.33042  -0.183  0.025  0.000 -0.218  0.172  1.000 -0.099
       24  0.26466   0.089  0.014  0.000  0.213 -0.116 -0.099  1.000
MINUIT - FIT ONLY 2-y
 **********
 **   67 **RES 
 **********
                   PARAMETER   16  beta_vw RESTORED TO VARIABLE.
                   PARAMETER   14  alpha_vw RESTORED TO VARIABLE.
                   PARAMETER   13  beta_y RESTORED TO VARIABLE.
                   PARAMETER    9  alpha_2CBO RESTORED TO VARIABLE.
                   PARAMETER    8  beta_CBO RESTORED TO VARIABLE.
                   PARAMETER    6  alpha_CBO RESTORED TO VARIABLE.
                   PARAMETER    4  phi RESTORED TO VARIABLE.
                   PARAMETER    3  A0 RESTORED TO VARIABLE.
                   PARAMETER    1  N0 RESTORED TO VARIABLE.
 **********
 **   68 **FIX            0
 **********
 PARAMETER    0  IS UNDEFINED. IGNORED.
 **********
 **   69 **FIX            1
 **********
 **********
 **   70 **FIX            2
 **********
 PARAMETER    2  IS CONSTANT.   IGNORED.
 **********
 **   71 **FIX            3
 **********
 **********
 **   72 **FIX            4
 **********
 **********
 **   73 **FIX            5
 **********
 PARAMETER    5  IS CONSTANT.   IGNORED.
 **********
 **   74 **FIX            6
 **********
 **********
 **   75 **FIX            7
 **********
 PARAMETER    7  IS CONSTANT.   IGNORED.
 **********
 **   76 **FIX            8
 **********
 **********
 **   77 **FIX            9
 **********
 **********
 **   78 **FIX           10
 **********
 **********
 **   79 **FIX           11
 **********
 **********
 **   80 **FIX           12
 **********
 PARAMETER   12  IS CONSTANT.   IGNORED.
 **********
 **   81 **FIX           16
 **********
 **********
 **   82 **MIGRAD
 **********
 START MIGRAD MINIMIZATION.  STRATEGY  1.  CONVERGENCE WHEN EDM .LT. 1.00e-04
 FCN=274.815 FROM MIGRAD    STATUS=INITIATE      341 CALLS        3891 TOTAL
                     EDM= unknown      STRATEGY= 1      NO ERROR MATRIX       
  EXT PARAMETER               CURRENT GUESS       STEP         FIRST   
  NO.   NAME      VALUE            ERROR          SIZE      DERIVATIVE 
   1  N0           3.01687e+06     fixed    
   2  tau          6.44117e+01   constant   
   3  A0           3.44193e-01     fixed    
   4  phi          4.10069e+00     fixed    
   5  R           -6.15857e+01   constant   
   6  alpha_CBO    6.64797e-03     fixed    
   7  w_CBO        2.32500e+00   constant   
   8  beta_CBO    -5.95380e-03     fixed    
   9  alpha_2CBO   3.03134e-05     fixed    
  10  beta_2CBO    8.61761e-04     fixed    
  11  alpha_y     -3.03301e-03     fixed    
  12  w_y          1.38860e+01   constant   
  13  beta_y       5.19421e-03   1.14432e-04   0.00000e+00   3.49750e+04
  14  alpha_vw     0.00000e+00   1.00000e-03   0.00000e+00  -3.47648e+04
  15  w_vw         1.43404e+01   constant   
  16  beta_vw      0.00000e+00     fixed    
  17  LM           1.09700e-04   constant   
  18  zeta_y       0.00000e+00   constant   
  19  zeta_vw      0.00000e+00   constant   
  20  T_CBO        1.00000e+02   5.20646e+02   0.00000e+00   0.00000e+00
  21  alpha_A0     4.03594e-02   4.94970e-04   0.00000e+00   5.54378e-02
  22  beta_A0     -1.15054e-03   4.26370e-04   0.00000e+00   3.42057e-01
  23  alpha_phi   -1.17721e-02   4.39618e-04   0.00000e+00  -1.43573e-01
  24  beta_phi     3.68993e-02   5.37552e-04   0.00000e+00  -1.92609e-01
 MIGRAD MINIMIZATION HAS CONVERGED.
 MIGRAD WILL VERIFY CONVERGENCE AND ERROR MATRIX.
  MNHESS FAILS AND WILL RETURN DIAGONAL MATRIX. 
 FCN=228.428 FROM MIGRAD    STATUS=CONVERGED     429 CALLS        3979 TOTAL
                     EDM=2.73676e-08    STRATEGY= 1  ERROR MATRIX UNCERTAINTY 100.0 per cent
  EXT PARAMETER                APPROXIMATE        STEP         FIRST   
  NO.   NAME      VALUE            ERROR          SIZE      DERIVATIVE 
   1  N0           3.01687e+06     fixed    
   2  tau          6.44117e+01   constant   
   3  A0           3.44193e-01     fixed    
   4  phi          4.10069e+00     fixed    
   5  R           -6.15857e+01   constant   
   6  alpha_CBO    6.64797e-03     fixed    
   7  w_CBO        2.32500e+00   constant   
   8  beta_CBO    -5.95380e-03     fixed    
   9  alpha_2CBO   3.03134e-05     fixed    
  10  beta_2CBO    8.61761e-04     fixed    
  11  alpha_y     -3.03301e-03     fixed    
  12  w_y          1.38860e+01   constant   
  13  beta_y       3.87994e-03   1.13684e-04   8.40800e-07  -8.97890e-03
  14  alpha_vw     1.34637e-03   1.16038e-04   8.58214e-07   9.56659e-04
  15  w_vw         1.43404e+01   constant   
  16  beta_vw      0.00000e+00     fixed    
  17  LM           1.09700e-04   constant   
  18  zeta_y       0.00000e+00   constant   
  19  zeta_vw      0.00000e+00   constant   
  20  T_CBO        1.00000e+02   7.59439e+02  -0.00000e+00   0.00000e+00
  21  alpha_A0     4.03808e-02   4.63829e-04  -3.73328e-08  -4.21042e-01
  22  beta_A0     -1.05842e-03   3.97600e-04   9.17145e-07   1.69082e-01
  23  alpha_phi   -1.16974e-02   4.14885e-04  -7.74304e-07   3.60542e-01
  24  beta_phi     3.70043e-02   5.18290e-04  -3.41371e-07  -3.17882e-01
 EXTERNAL ERROR MATRIX.    NDIM=  25    NPAR=  7    ERR DEF=1
  1.292e-08  0.000e+00  0.000e+00  0.000e+00  0.000e+00  0.000e+00  0.000e+00 
  0.000e+00  1.346e-08  0.000e+00  0.000e+00  0.000e+00  0.000e+00  0.000e+00 
  0.000e+00  0.000e+00  5.421e+05  0.000e+00  0.000e+00  0.000e+00  0.000e+00 
  0.000e+00  0.000e+00  0.000e+00  2.151e-07  0.000e+00  0.000e+00  0.000e+00 
  0.000e+00  0.000e+00  0.000e+00  0.000e+00  1.581e-07  0.000e+00  0.000e+00 
  0.000e+00  0.000e+00  0.000e+00  0.000e+00  0.000e+00  1.721e-07  0.000e+00 
  0.000e+00  0.000e+00  0.000e+00  0.000e+00  0.000e+00  0.000e+00  2.686e-07 
ERR MATRIX APPROXIMATE
 PARAMETER  CORRELATION COEFFICIENTS  
       NO.  GLOBAL     13     14     20     21     22     23     24
       13  0.00000   1.000  0.000  0.000  0.000  0.000  0.000  0.000
       14  0.00000   0.000  1.000  0.000  0.000  0.000  0.000  0.000
       20  0.00000   0.000  0.000  1.000  0.000  0.000  0.000  0.000
       21  0.00000   0.000  0.000  0.000  1.000  0.000  0.000  0.000
       22  0.00000   0.000  0.000  0.000  0.000  1.000  0.000  0.000
       23  0.00000   0.000  0.000  0.000  0.000  0.000  1.000  0.000
       24  0.00000   0.000  0.000  0.000  0.000  0.000  0.000  1.000
 ERR MATRIX APPROXIMATE
MINUIT - FIT ALTOGETHER
 **********
 **   83 **RES 
 **********
                   PARAMETER   16  beta_vw RESTORED TO VARIABLE.
                   PARAMETER   11  alpha_y RESTORED TO VARIABLE.
                   PARAMETER   10  beta_2CBO RESTORED TO VARIABLE.
