 + ++++++++++++++++++++++++++++++++++++++++++++++++++++++++++++++++++++ +
 +                                                                      +
 +           You have chose to blind your fitting according to          +
 +                omega_ref * (1 + (R +/- deltaR) *10^{-6})             +
 +                                                                      +
 + ++++++++++++++++++++++++++++++++++++++++++++++++++++++++++++++++++++ +
In main()...
reading format from /gm2data/zkhechad/run45/envelope/formats/formatB_sBin_constraintOn.txt
pBinTau 	= 0  
pBinPhi 	= 0  
constraintau 	= 1 
includeMopTerm 	= 0    
constrainMop    = 0   
Parameters after format file: pBinTau 0 pBinPhi 0 constraintau 1 includeMopTerm 0 constrainMop 0 c_e_scale 0.000000 
Opening file /gm2data/tbarrett/gm2fr/studies/run23_bunch_corrections/CorrectedFourier_Run3b.root.
reading full fit data from /gm2data/zkhechad/cboTemplates/Run4CBOTemplates/fullFits/noRF/sBin_constraintOn_cE0.0_seed0_noRF_calo21.root
windowBins = 69
fitting sliding window 2170 from bin 2306 at 343.906000 to bin 2375 at 354.350000 (69 bins)

Reading data from /gm2data/cornell/histograms/aMethod/histogram_a_noRF.root
 **********
 **    1 **SET PRINTOUT            1
 **********
 **********
 **    2 **SET NOWARNINGS 
 **********
 PARAMETER DEFINITIONS:
    NO.   NAME         VALUE      STEP SIZE      LIMITS
     1 N0           2.83609e+06  1.00000e+02     no limits
     2 tau          6.44055e+01  constant
     3 A0           3.54106e-01  1.00000e-04     no limits
     4 phi          4.11637e+00  1.00000e-02     no limits
     5 R           -5.93657e+01  constant
     6 alpha_CBO    0.00000e+00  1.00000e-03     no limits
     7 w_CBO        2.32500e+00  constant
     8 beta_CBO     0.00000e+00  1.00000e-03     no limits
     9 alpha_2CBO   0.00000e+00  1.00000e-03     no limits
    10 beta_2CBO    0.00000e+00  1.00000e-03     no limits
    11 alpha_y      0.00000e+00  1.00000e-03     no limits
    12 w_y          1.38860e+01  constant
    13 beta_y       0.00000e+00  1.00000e-03     no limits
    14 alpha_vw     0.00000e+00  1.00000e-03     no limits
    15 w_vw         1.43404e+01  constant
    16 beta_vw      0.00000e+00  1.00000e-03     no limits
    17 LM           6.62355e-05  constant
    18 zeta_y       0.00000e+00  constant
    19 zeta_vw      0.00000e+00  constant
    20 T_CBO        1.00000e+02  1.00000e+00    0.00000e+00  1.00000e+03
    21 alpha_A0     0.00000e+00  1.00000e-03     no limits
    22 beta_A0      0.00000e+00  1.00000e-03     no limits
    23 alpha_phi    0.00000e+00  1.00000e-03     no limits
    24 beta_phi     0.00000e+00  1.00000e-03     no limits
MINUIT - FIT ONLY WIGGLE
 **********
 **    3 **FIX            5
 **********
 PARAMETER    5  IS CONSTANT.   IGNORED.
 **********
 **    4 **FIX            6
 **********
 **********
 **    5 **FIX            7
 **********
 PARAMETER    7  IS CONSTANT.   IGNORED.
 **********
 **    6 **FIX            8
 **********
 **********
 **    7 **FIX            9
 **********
 **********
 **    8 **FIX           10
 **********
 **********
 **    9 **FIX           11
 **********
 **********
 **   10 **FIX           12
 **********
 PARAMETER   12  IS CONSTANT.   IGNORED.
 **********
 **   11 **FIX           13
 **********
 **********
 **   12 **FIX           14
 **********
 **********
 **   13 **FIX           15
 **********
 PARAMETER   15  IS CONSTANT.   IGNORED.
 **********
 **   14 **FIX           16
 **********
 **********
 **   15 **MIGRAD
 **********
 FIRST CALL TO USER FUNCTION AT NEW START POINT, WITH IFLAG=4.
 START MIGRAD MINIMIZATION.  STRATEGY  1.  CONVERGENCE WHEN EDM .LT. 1.00e-04
 FCN=76.7084 FROM MIGRAD    STATUS=INITIATE      437 CALLS         438 TOTAL
                     EDM= unknown      STRATEGY= 1      NO ERROR MATRIX       
  EXT PARAMETER               CURRENT GUESS       STEP         FIRST   
  NO.   NAME      VALUE            ERROR          SIZE      DERIVATIVE 
   1  N0           2.83609e+06   1.00000e+02   0.00000e+00  -7.84702e-04
   2  tau          6.44055e+01   constant   
   3  A0           3.54106e-01   1.00000e-04   0.00000e+00  -3.43920e+03
   4  phi          4.11637e+00   1.00000e-02   0.00000e+00  -1.60133e+03
   5  R           -5.93657e+01   constant   
   6  alpha_CBO    0.00000e+00     fixed    
   7  w_CBO        2.32500e+00   constant   
   8  beta_CBO     0.00000e+00     fixed    
   9  alpha_2CBO   0.00000e+00     fixed    
  10  beta_2CBO    0.00000e+00     fixed    
  11  alpha_y      0.00000e+00     fixed    
  12  w_y          1.38860e+01   constant   
  13  beta_y       0.00000e+00     fixed    
  14  alpha_vw     0.00000e+00     fixed    
  15  w_vw         1.43404e+01   constant   
  16  beta_vw      0.00000e+00     fixed    
  17  LM           6.62355e-05   constant   
  18  zeta_y       0.00000e+00   constant   
  19  zeta_vw      0.00000e+00   constant   
  20  T_CBO        1.00000e+02   1.00000e+00   0.00000e+00   0.00000e+00
  21  alpha_A0     0.00000e+00   1.00000e-03   0.00000e+00  -9.30803e+00
  22  beta_A0      0.00000e+00   1.00000e-03   0.00000e+00  -4.28500e+00
  23  alpha_phi    0.00000e+00   1.00000e-03   0.00000e+00   3.60713e+00
  24  beta_phi     0.00000e+00   1.00000e-03   0.00000e+00   6.28035e+00
 MIGRAD MINIMIZATION HAS CONVERGED.
 FCN=69.7632 FROM MIGRAD    STATUS=CONVERGED     553 CALLS         554 TOTAL
                     EDM=9.40703e-06    STRATEGY= 1  ERROR MATRIX UNCERTAINTY   6.3 per cent
  EXT PARAMETER                                   STEP         FIRST   
  NO.   NAME      VALUE            ERROR          SIZE      DERIVATIVE 
   1  N0           2.83743e+06   1.92656e+03  -1.73000e+01   2.95636e-07
   2  tau          6.44055e+01   constant   
   3  A0           3.55463e-01   8.51012e-04  -4.66124e-06  -3.79736e+00
   4  phi          4.12095e+00   2.39740e-03   2.25110e-06  -8.16599e-01
   5  R           -5.93657e+01   constant   
   6  alpha_CBO    0.00000e+00     fixed    
   7  w_CBO        2.32500e+00   constant   
   8  beta_CBO     0.00000e+00     fixed    
   9  alpha_2CBO   0.00000e+00     fixed    
  10  beta_2CBO    0.00000e+00     fixed    
  11  alpha_y      0.00000e+00     fixed    
  12  w_y          1.38860e+01   constant   
  13  beta_y       0.00000e+00     fixed    
  14  alpha_vw     0.00000e+00     fixed    
  15  w_vw         1.43404e+01   constant   
  16  beta_vw      0.00000e+00     fixed    
  17  LM           6.62355e-05   constant   
  18  zeta_y       0.00000e+00   constant   
  19  zeta_vw      0.00000e+00   constant   
  20  T_CBO        9.58214e+01   4.98604e+01  -9.08974e-04  -4.21166e-03
  21  alpha_A0     6.75998e-02   1.14164e-01  -1.43676e-04   1.84115e-02
  22  beta_A0      4.99115e-02   1.20864e-01  -2.26138e-04   2.64891e-03
  23  alpha_phi   -1.54011e-02   1.08615e-01  -2.01633e-04   2.10010e-02
  24  beta_phi    -5.13094e-03   1.37126e-01   4.76044e-04  -1.81453e-02
 EXTERNAL ERROR MATRIX.    NDIM=  25    NPAR=  8    ERR DEF=1
  3.712e+06  9.859e-02 -3.870e-01  8.889e+03  2.078e+01  1.871e+00  1.294e+01 -4.845e+01 
  9.859e-02  7.242e-07 -1.533e-08 -3.103e-03  8.255e-06  1.537e-05  6.336e-06  1.998e-05 
 -3.870e-01 -1.533e-08  5.748e-06 -8.367e-03 -1.508e-06  6.006e-07 -5.853e-06  1.873e-05 
  8.889e+03 -3.103e-03 -8.367e-03  2.510e+03 -2.761e+00 -2.202e+00  7.664e-01  2.129e-01 
  2.078e+01  8.255e-06 -1.508e-06 -2.761e+00  1.303e-02  4.366e-04  4.001e-04 -6.160e-04 
  1.871e+00  1.537e-05  6.006e-07 -2.202e+00  4.366e-04  1.461e-02  1.341e-03  3.034e-03 
  1.294e+01  6.336e-06 -5.853e-06  7.664e-01  4.001e-04  1.341e-03  1.180e-02  1.355e-03 
 -4.845e+01  1.998e-05  1.873e-05  2.129e-01 -6.160e-04  3.034e-03  1.355e-03  1.880e-02 
 PARAMETER  CORRELATION COEFFICIENTS  
       NO.  GLOBAL      1      3      4     20     21     22     23     24
        1  0.29916   1.000  0.060 -0.084  0.092  0.094  0.008  0.062 -0.183
        3  0.24359   0.060  1.000 -0.008 -0.073  0.085  0.149  0.069  0.171
        4  0.12532  -0.084 -0.008  1.000 -0.070 -0.006  0.002 -0.022  0.057
       20  0.64814   0.092 -0.073 -0.070  1.000 -0.483 -0.364  0.141  0.031
       21  0.54582   0.094  0.085 -0.006 -0.483  1.000  0.032  0.032 -0.039
       22  0.48781   0.008  0.149  0.002 -0.364  0.032  1.000  0.102  0.183
       23  0.27025   0.062  0.069 -0.022  0.141  0.032  0.102  1.000  0.091
       24  0.33884  -0.183  0.171  0.057  0.031 -0.039  0.183  0.091  1.000
MINUIT - FIT ONLY 1-CBO + wiggle
 **********
 **   16 **RES 
 **********
                   PARAMETER   16  beta_vw RESTORED TO VARIABLE.
                   PARAMETER   14  alpha_vw RESTORED TO VARIABLE.
                   PARAMETER   13  beta_y RESTORED TO VARIABLE.
                   PARAMETER   11  alpha_y RESTORED TO VARIABLE.
                   PARAMETER   10  beta_2CBO RESTORED TO VARIABLE.
                   PARAMETER    9  alpha_2CBO RESTORED TO VARIABLE.
                   PARAMETER    8  beta_CBO RESTORED TO VARIABLE.
                   PARAMETER    6  alpha_CBO RESTORED TO VARIABLE.
 **********
 **   17 **FIX            8
 **********
 **********
 **   18 **FIX            9
 **********
 **********
 **   19 **FIX           11
 **********
 **********
 **   20 **FIX           12
 **********
 PARAMETER   12  IS CONSTANT.   IGNORED.
 **********
 **   21 **FIX           14
 **********
 **********
 **   22 **FIX           15
 **********
 PARAMETER   15  IS CONSTANT.   IGNORED.
 **********
 **   23 **FIX           16
 **********
 **********
 **   24 **MIGRAD
 **********
 START MIGRAD MINIMIZATION.  STRATEGY  1.  CONVERGENCE WHEN EDM .LT. 1.00e-04
 FCN=69.7632 FROM MIGRAD    STATUS=INITIATE       28 CALLS         582 TOTAL
                     EDM= unknown      STRATEGY= 1      NO ERROR MATRIX       
  EXT PARAMETER               CURRENT GUESS       STEP         FIRST   
  NO.   NAME      VALUE            ERROR          SIZE      DERIVATIVE 
   1  N0           2.83743e+06   1.92656e+03  -1.73000e+01   2.95636e-07
   2  tau          6.44055e+01   constant   
   3  A0           3.55463e-01   8.51012e-04  -4.66124e-06  -3.79736e+00
   4  phi          4.12095e+00   2.39740e-03   2.25110e-06  -8.16599e-01
   5  R           -5.93657e+01   constant   
   6  alpha_CBO    0.00000e+00   1.00000e-03   1.00000e-03   6.46414e+03
   7  w_CBO        2.32500e+00   constant   
   8  beta_CBO     0.00000e+00     fixed    
   9  alpha_2CBO   0.00000e+00     fixed    
  10  beta_2CBO    0.00000e+00   1.00000e-03   1.00000e-03   1.66328e+03
  11  alpha_y      0.00000e+00     fixed    
  12  w_y          1.38860e+01   constant   
  13  beta_y       0.00000e+00   1.00000e-03   1.00000e-03   1.59162e+03
  14  alpha_vw     0.00000e+00     fixed    
  15  w_vw         1.43404e+01   constant   
  16  beta_vw      0.00000e+00     fixed    
  17  LM           6.62355e-05   constant   
  18  zeta_y       0.00000e+00   constant   
  19  zeta_vw      0.00000e+00   constant   
  20  T_CBO        9.58214e+01   4.98604e+01  -9.08974e-04  -4.20915e-03
  21  alpha_A0     6.75998e-02   1.14164e-01  -1.43676e-04   1.84115e-02
  22  beta_A0      4.99115e-02   1.20864e-01  -2.26138e-04   2.64893e-03
  23  alpha_phi   -1.54011e-02   1.08615e-01  -2.01633e-04   2.10010e-02
  24  beta_phi    -5.13094e-03   1.37126e-01   4.76044e-04  -1.81453e-02
 MIGRAD MINIMIZATION HAS CONVERGED.
 FCN=59.1153 FROM MIGRAD    STATUS=CONVERGED     203 CALLS         757 TOTAL
                     EDM=8.02334e-06    STRATEGY= 1  ERROR MATRIX UNCERTAINTY   2.8 per cent
  EXT PARAMETER                                   STEP         FIRST   
  NO.   NAME      VALUE            ERROR          SIZE      DERIVATIVE 
   1  N0           2.83707e+06   1.88450e+03   3.86327e+00   7.21313e-07
   2  tau          6.44055e+01   constant   
   3  A0           3.54941e-01   9.08361e-04   6.98046e-07   9.25703e-01
   4  phi          4.11952e+00   2.53652e-03  -3.26946e-06  -5.42977e-01
   5  R           -5.93657e+01   constant   
   6  alpha_CBO   -2.94552e-03   9.55730e-04  -3.77811e-08   8.97157e-01
   7  w_CBO        2.32500e+00   constant   
   8  beta_CBO     0.00000e+00     fixed    
   9  alpha_2CBO   0.00000e+00     fixed    
  10  beta_2CBO   -7.58861e-04   8.90454e-04  -3.36708e-07  -1.12503e+00
  11  alpha_y      0.00000e+00     fixed    
  12  w_y          1.38860e+01   constant   
  13  beta_y      -6.28537e-04   9.05490e-04  -2.08347e-07   3.86359e-01
  14  alpha_vw     0.00000e+00     fixed    
  15  w_vw         1.43404e+01   constant   
  16  beta_vw      0.00000e+00     fixed    
  17  LM           6.62355e-05   constant   
  18  zeta_y       0.00000e+00   constant   
  19  zeta_vw      0.00000e+00   constant   
  20  T_CBO        1.01063e+02   4.15415e+01   3.76711e-04   1.06952e-02
  21  alpha_A0     1.09204e-01   1.21621e-01  -2.22675e-04   4.00958e-02
  22  beta_A0      8.38777e-03   1.17597e-01  -1.20498e-04  -3.16954e-03
  23  alpha_phi   -5.88194e-02   1.14168e-01   2.97664e-05  -2.62059e-02
  24  beta_phi    -3.58453e-02   1.22096e-01   1.42564e-04  -4.38767e-04
 EXTERNAL ERROR MATRIX.    NDIM=  25    NPAR= 11    ERR DEF=1
  3.551e+06 
  1.881e-01  8.251e-07 
 -4.092e-01  2.328e-07  6.434e-06 
  1.270e-01  1.823e-07  4.706e-07  9.134e-07 
  4.827e-02  6.841e-09  1.187e-07  3.108e-08  7.929e-07 
  1.230e-02 -1.057e-08  6.692e-09 -4.402e-09  8.292e-09  8.199e-07 
  3.054e+04  3.194e-03 -2.722e-02 -1.623e-03 -1.646e-03  3.314e-04  1.737e+03 
 -6.455e+01 -2.180e-05  7.032e-05 -1.244e-05  1.261e-05 -1.275e-06 -3.452e+00  1.479e-02 
  2.024e+01  1.245e-05 -3.078e-07  1.132e-05  5.392e-06 -1.463e-06 -6.058e-01 -9.352e-04  1.383e-02 
  7.807e+01  1.374e-05 -4.268e-05  1.261e-05 -8.524e-06  6.116e-09  2.180e+00 -8.432e-04 -1.599e-03  1.303e-02 
  7.505e+00  2.786e-05 -1.338e-05  6.292e-06  8.421e-06 -3.972e-06  1.354e+00 -2.373e-03 -4.697e-04  3.332e-03  1.491e-02 
 PARAMETER  CORRELATION COEFFICIENTS  
       NO.  GLOBAL      1      3      4      6     10     13     20     21     22     23     24
        1  0.49606   1.000  0.110 -0.086  0.070  0.029  0.007  0.389 -0.282  0.091  0.363  0.033
        3  0.41137   0.110  1.000  0.101  0.210  0.008 -0.013  0.084 -0.197  0.117  0.132  0.251
        4  0.37974  -0.086  0.101  1.000  0.194  0.053  0.003 -0.258  0.228 -0.001 -0.147 -0.043
        6  0.40140   0.070  0.210  0.194  1.000  0.037 -0.005 -0.041 -0.107  0.101  0.116  0.054
       10  0.25306   0.029  0.008  0.053  0.037  1.000  0.010 -0.044  0.116  0.051 -0.084  0.077
       13  0.04831   0.007 -0.013  0.003 -0.005  0.010  1.000  0.009 -0.012 -0.014  0.000 -0.036
       20  0.83422   0.389  0.084 -0.258 -0.041 -0.044  0.009  1.000 -0.681 -0.124  0.458  0.266
       21  0.79592  -0.282 -0.197  0.228 -0.107  0.116 -0.012 -0.681  1.000 -0.065 -0.061 -0.160
       22  0.30561   0.091  0.117 -0.001  0.101  0.051 -0.014 -0.124 -0.065  1.000 -0.119 -0.033
       23  0.67660   0.363  0.132 -0.147  0.116 -0.084  0.000  0.458 -0.061 -0.119  1.000  0.239
       24  0.40288   0.033  0.251 -0.043  0.054  0.077 -0.036  0.266 -0.160 -0.033  0.239  1.000
MINUIT - FIT ONLY 2-CBO
 **********
 **   25 **RES 
 **********
                   PARAMETER   16  beta_vw RESTORED TO VARIABLE.
                   PARAMETER   14  alpha_vw RESTORED TO VARIABLE.
                   PARAMETER   11  alpha_y RESTORED TO VARIABLE.
                   PARAMETER    9  alpha_2CBO RESTORED TO VARIABLE.
                   PARAMETER    8  beta_CBO RESTORED TO VARIABLE.
 **********
 **   26 **FIX            0
 **********
 PARAMETER    0  IS UNDEFINED. IGNORED.
 **********
 **   27 **FIX            1
 **********
 **********
 **   28 **FIX            2
 **********
 PARAMETER    2  IS CONSTANT.   IGNORED.
 **********
 **   29 **FIX            3
 **********
 **********
 **   30 **FIX            4
 **********
 **********
 **   31 **FIX            5
 **********
 PARAMETER    5  IS CONSTANT.   IGNORED.
 **********
 **   32 **FIX            6
 **********
 **********
 **   33 **FIX            7
 **********
 PARAMETER    7  IS CONSTANT.   IGNORED.
 **********
 **   34 **FIX           10
 **********
 **********
 **   35 **FIX           11
 **********
 **********
 **   36 **FIX           12
 **********
 PARAMETER   12  IS CONSTANT.   IGNORED.
 **********
 **   37 **FIX           13
 **********
 **********
 **   38 **FIX           14
 **********
 **********
 **   39 **FIX           15
 **********
 PARAMETER   15  IS CONSTANT.   IGNORED.
 **********
 **   40 **FIX           16
 **********
 **********
 **   41 **MIGRAD
 **********
 START MIGRAD MINIMIZATION.  STRATEGY  1.  CONVERGENCE WHEN EDM .LT. 1.00e-04
 FCN=59.1153 FROM MIGRAD    STATUS=INITIATE       18 CALLS         775 TOTAL
                     EDM= unknown      STRATEGY= 1      NO ERROR MATRIX       
  EXT PARAMETER               CURRENT GUESS       STEP         FIRST   
  NO.   NAME      VALUE            ERROR          SIZE      DERIVATIVE 
   1  N0           2.83707e+06     fixed    
   2  tau          6.44055e+01   constant   
   3  A0           3.54941e-01     fixed    
   4  phi          4.11952e+00     fixed    
   5  R           -5.93657e+01   constant   
   6  alpha_CBO   -2.94552e-03     fixed    
   7  w_CBO        2.32500e+00   constant   
   8  beta_CBO     0.00000e+00   1.00000e-03   1.00000e-03  -4.29082e+03
   9  alpha_2CBO   0.00000e+00   1.00000e-03   1.00000e-03  -2.67348e+03
  10  beta_2CBO   -7.58861e-04     fixed    
  11  alpha_y      0.00000e+00     fixed    
  12  w_y          1.38860e+01   constant   
  13  beta_y      -6.28537e-04     fixed    
  14  alpha_vw     0.00000e+00     fixed    
  15  w_vw         1.43404e+01   constant   
  16  beta_vw      0.00000e+00     fixed    
  17  LM           6.62355e-05   constant   
  18  zeta_y       0.00000e+00   constant   
  19  zeta_vw      0.00000e+00   constant   
  20  T_CBO        1.01063e+02   4.15415e+01   3.76711e-04   1.06951e-02
  21  alpha_A0     1.09204e-01   1.21621e-01  -2.22675e-04   4.00958e-02
  22  beta_A0      8.38777e-03   1.17597e-01  -1.20498e-04  -3.16952e-03
  23  alpha_phi   -5.88194e-02   1.14168e-01   2.97664e-05  -2.62059e-02
  24  beta_phi    -3.58453e-02   1.22096e-01   1.42564e-04  -4.38766e-04
 CALL LIMIT EXCEEDED IN MIGRAD.
 MIGRAD TERMINATED WITHOUT CONVERGENCE.
 FCN=53.5874 FROM MIGRAD    STATUS=CALL LIMIT   1145 CALLS        1902 TOTAL
                     EDM=0.000326336    STRATEGY= 1  ERROR MATRIX UNCERTAINTY  23.7 per cent
  EXT PARAMETER                APPROXIMATE        STEP         FIRST   
  NO.   NAME      VALUE            ERROR          SIZE      DERIVATIVE 
   1  N0           2.83707e+06     fixed    
   2  tau          6.44055e+01   constant   
   3  A0           3.54941e-01     fixed    
   4  phi          4.11952e+00     fixed    
   5  R           -5.93657e+01   constant   
   6  alpha_CBO   -2.94552e-03     fixed    
   7  w_CBO        2.32500e+00   constant   
   8  beta_CBO     1.84711e-03   9.07004e-04  -1.02470e-07   1.38808e+00
   9  alpha_2CBO   1.15483e-03   9.23557e-04   1.11500e-07   1.82018e+00
  10  beta_2CBO   -7.58861e-04     fixed    
  11  alpha_y      0.00000e+00     fixed    
  12  w_y          1.38860e+01   constant   
  13  beta_y      -6.28537e-04     fixed    
  14  alpha_vw     0.00000e+00     fixed    
  15  w_vw         1.43404e+01   constant   
  16  beta_vw      0.00000e+00     fixed    
  17  LM           6.62355e-05   constant   
  18  zeta_y       0.00000e+00   constant   
  19  zeta_vw      0.00000e+00   constant   
  20  T_CBO        7.21293e+02   8.54376e+02   6.18150e-02  -1.23225e-02
  21  alpha_A0     6.77515e-03   2.03986e-02  -1.71392e-04  -4.13652e+00
  22  beta_A0     -1.67496e-03   7.74536e-03   3.54268e-05   1.39138e-01
  23  alpha_phi   -2.01125e-03   8.73346e-03   2.38326e-05   2.19217e+00
  24  beta_phi     4.63806e-05   6.73187e-03  -2.68227e-06  -1.10233e-01
 EXTERNAL ERROR MATRIX.    NDIM=  25    NPAR=  7    ERR DEF=1
  8.227e-07 -1.785e-08  2.087e-02  9.972e-08 -7.790e-07  5.914e-08  4.712e-07 
 -1.785e-08  8.530e-07  7.576e-02  2.437e-07 -2.688e-07  7.371e-07  7.651e-07 
  2.087e-02  7.576e-02  1.315e+07 -7.305e+01  1.536e+01  2.483e+01 -7.545e-01 
  9.972e-08  2.437e-07 -7.305e+01  4.161e-04 -8.659e-05 -1.271e-04  4.013e-06 
 -7.790e-07 -2.688e-07  1.536e+01 -8.659e-05  5.999e-05  2.814e-05  4.499e-06 
  5.914e-08  7.371e-07  2.483e+01 -1.271e-04  2.814e-05  7.627e-05  5.317e-07 
  4.712e-07  7.651e-07 -7.545e-01  4.013e-06  4.499e-06  5.317e-07  4.532e-05 
ERR MATRIX APPROXIMATE
 PARAMETER  CORRELATION COEFFICIENTS  
       NO.  GLOBAL      8      9     20     21     22     23     24
        8  0.19788   1.000 -0.021  0.006  0.005 -0.111  0.007  0.077
        9  0.27376  -0.021  1.000  0.023  0.013 -0.038  0.091  0.123
       20  0.99428   0.006  0.023  1.000 -0.987  0.547  0.784 -0.031
       21  0.99273   0.005  0.013 -0.987  1.000 -0.548 -0.714  0.029
       22  0.57448  -0.111 -0.038  0.547 -0.548  1.000  0.416  0.086
       23  0.87487   0.007  0.091  0.784 -0.714  0.416  1.000  0.009
       24  0.22664   0.077  0.123 -0.031  0.029  0.086  0.009  1.000
 ERR MATRIX APPROXIMATE
MINUIT - FIT wiggle + 1-CBO + 2-CBO
 **********
 **   42 **RES 
 **********
                   PARAMETER   16  beta_vw RESTORED TO VARIABLE.
                   PARAMETER   14  alpha_vw RESTORED TO VARIABLE.
                   PARAMETER   13  beta_y RESTORED TO VARIABLE.
                   PARAMETER   11  alpha_y RESTORED TO VARIABLE.
                   PARAMETER   10  beta_2CBO RESTORED TO VARIABLE.
                   PARAMETER    6  alpha_CBO RESTORED TO VARIABLE.
                   PARAMETER    4  phi RESTORED TO VARIABLE.
                   PARAMETER    3  A0 RESTORED TO VARIABLE.
                   PARAMETER    1  N0 RESTORED TO VARIABLE.
 **********
 **   43 **FIX           10
 **********
 **********
 **   44 **FIX           11
 **********
 **********
 **   45 **FIX           12
 **********
 PARAMETER   12  IS CONSTANT.   IGNORED.
 **********
 **   46 **FIX           13
 **********
 **********
 **   47 **FIX           14
 **********
 **********
 **   48 **FIX           15
 **********
 PARAMETER   15  IS CONSTANT.   IGNORED.
 **********
 **   49 **FIX           16
 **********
 **********
 **   50 **MIGRAD
 **********
 START MIGRAD MINIMIZATION.  STRATEGY  1.  CONVERGENCE WHEN EDM .LT. 1.00e-04
 FCN=53.5874 FROM MIGRAD    STATUS=INITIATE       22 CALLS        1924 TOTAL
                     EDM= unknown      STRATEGY= 1      NO ERROR MATRIX       
  EXT PARAMETER               CURRENT GUESS       STEP         FIRST   
  NO.   NAME      VALUE            ERROR          SIZE      DERIVATIVE 
   1  N0           2.83707e+06   1.88450e+03   1.88450e+03   1.62123e-05
   2  tau          6.44055e+01   constant   
   3  A0           3.54941e-01   9.08361e-04   9.08361e-04   5.68110e+02
   4  phi          4.11952e+00   2.53652e-03   2.53652e-03  -1.44603e+02
   5  R           -5.93657e+01   constant   
   6  alpha_CBO   -2.94552e-03   9.55730e-04   9.55730e-04  -1.93136e+02
   7  w_CBO        2.32500e+00   constant   
   8  beta_CBO     1.84711e-03   9.07004e-04  -1.02470e-07   1.38808e+00
   9  alpha_2CBO   1.15483e-03   9.23557e-04   1.11500e-07   1.82018e+00
  10  beta_2CBO   -7.58861e-04     fixed    
  11  alpha_y      0.00000e+00     fixed    
  12  w_y          1.38860e+01   constant   
  13  beta_y      -6.28537e-04     fixed    
  14  alpha_vw     0.00000e+00     fixed    
  15  w_vw         1.43404e+01   constant   
  16  beta_vw      0.00000e+00     fixed    
  17  LM           6.62355e-05   constant   
  18  zeta_y       0.00000e+00   constant   
  19  zeta_vw      0.00000e+00   constant   
  20  T_CBO        7.21293e+02   8.54376e+02   6.18150e-02  -1.23258e-02
  21  alpha_A0     6.77515e-03   2.03986e-02  -1.71392e-04  -4.13652e+00
  22  beta_A0     -1.67496e-03   7.74536e-03   3.54268e-05   1.39137e-01
  23  alpha_phi   -2.01125e-03   8.73346e-03   2.38326e-05   2.19217e+00
  24  beta_phi     4.63806e-05   6.73187e-03  -2.68227e-06  -1.10233e-01
 MIGRAD MINIMIZATION HAS CONVERGED.
 MIGRAD WILL VERIFY CONVERGENCE AND ERROR MATRIX.
 COVARIANCE MATRIX CALCULATED SUCCESSFULLY
 FCN=53.4893 FROM HESSE     STATUS=OK            100 CALLS        2144 TOTAL
                     EDM=0.000294363    STRATEGY= 1      ERROR MATRIX ACCURATE 
  EXT PARAMETER                                   STEP         FIRST   
  NO.   NAME      VALUE            ERROR          SIZE      DERIVATIVE 
   1  N0           2.83694e+06   1.93575e+03   6.23065e+00  -5.73657e-07
   2  tau          6.44055e+01   constant   
   3  A0           3.54739e-01   8.91746e-04   3.00373e-06  -2.86921e-01
   4  phi          4.11998e+00   2.51510e-03   8.69083e-06  -7.15386e-02
   5  R           -5.93657e+01   constant   
   6  alpha_CBO   -2.87563e-03   9.54496e-04   3.23674e-06  -4.97065e-01
   7  w_CBO        2.32500e+00   constant   
   8  beta_CBO     1.90357e-03   9.41845e-04   3.27308e-06  -4.42615e-01
   9  alpha_2CBO   1.14136e-03   9.23062e-04   3.24497e-06   4.98787e-01
  10  beta_2CBO   -7.58861e-04     fixed    
  11  alpha_y      0.00000e+00     fixed    
  12  w_y          1.38860e+01   constant   
  13  beta_y      -6.28537e-04     fixed    
  14  alpha_vw     0.00000e+00     fixed    
  15  w_vw         1.43404e+01   constant   
  16  beta_vw      0.00000e+00     fixed    
  17  LM           6.62355e-05   constant   
  18  zeta_y       0.00000e+00   constant   
  19  zeta_vw      0.00000e+00   constant   
  20  T_CBO        7.28770e+02   7.69131e+02   9.39319e-03  -7.17509e-04
  21  alpha_A0     6.68578e-03   5.14962e-02   2.01267e-05   2.68605e-01
  22  beta_A0     -1.78356e-03   1.44149e-02   1.95966e-05  -4.46248e-02
  23  alpha_phi   -2.10210e-03   1.69514e-02   1.85763e-05  -6.75824e-02
  24  beta_phi    -1.02313e-04   6.00648e-03   2.02321e-05   6.72964e-02
 MIGRAD MINIMIZATION HAS CONVERGED.
 FCN=53.4888 FROM MIGRAD    STATUS=CONVERGED     492 CALLS        2394 TOTAL
                     EDM=6.84531e-06    STRATEGY= 1  ERROR MATRIX UNCERTAINTY   2.4 per cent
  EXT PARAMETER                                   STEP         FIRST   
  NO.   NAME      VALUE            ERROR          SIZE      DERIVATIVE 
   1  N0           2.83694e+06   1.90041e+03   8.44158e-01   9.20476e-07
   2  tau          6.44055e+01   constant   
   3  A0           3.54740e-01   8.89400e-04   2.35827e-07   1.32446e-01
   4  phi          4.11997e+00   2.51039e-03   1.74384e-07   4.18418e-02
   5  R           -5.93657e+01   constant   
   6  alpha_CBO   -2.87470e-03   9.43110e-04   3.76753e-07  -3.46822e-02
   7  w_CBO        2.32500e+00   constant   
   8  beta_CBO     1.90382e-03   9.40259e-04   1.15976e-07   8.05690e-01
   9  alpha_2CBO   1.14077e-03   9.16821e-04  -1.86603e-07  -4.69122e-01
  10  beta_2CBO   -7.58861e-04     fixed    
  11  alpha_y      0.00000e+00     fixed    
  12  w_y          1.38860e+01   constant   
  13  beta_y      -6.28537e-04     fixed    
  14  alpha_vw     0.00000e+00     fixed    
  15  w_vw         1.43404e+01   constant   
  16  beta_vw      0.00000e+00     fixed    
  17  LM           6.62355e-05   constant   
  18  zeta_y       0.00000e+00   constant   
  19  zeta_vw      0.00000e+00   constant   
  20  T_CBO        9.87323e+02   9.04261e+02   1.18844e-01  -4.29699e-04
  21  alpha_A0     5.88580e-03   1.24213e-02  -4.83276e-05  -8.27168e-01
  22  beta_A0     -1.57228e-03   6.28389e-03   1.34992e-05   1.94287e-01
  23  alpha_phi   -1.84697e-03   6.38100e-03   1.62838e-05   2.91830e-01
  24  beta_phi    -9.21580e-05   5.89315e-03   3.13034e-06  -1.55444e-02
 EXTERNAL ERROR MATRIX.    NDIM=  25    NPAR= 11    ERR DEF=1
  3.612e+06 
  1.576e-01  7.910e-07 
 -8.411e-01  1.511e-07  6.302e-06 
  4.817e-02  1.487e-07  4.109e-07  8.895e-07 
 -8.111e-02 -1.412e-07  2.122e-07  5.924e-09  8.841e-07 
  3.126e-02  6.856e-08  3.112e-08  4.569e-08  5.994e-09  8.406e-07 
  5.278e+05  1.168e-01  3.030e-02  2.025e-01  6.717e-02 -1.291e-01  1.401e+07 
  9.169e-01 -4.097e-07 -1.151e-06 -1.096e-06  3.356e-08  6.593e-07 -4.351e+01  1.543e-04 
  1.171e+00  5.914e-07  2.357e-07  3.858e-07 -7.861e-07 -3.448e-07  1.155e+01 -3.309e-05  3.949e-05 
  1.810e+00  5.265e-07 -1.691e-07  9.778e-07  5.395e-08  5.426e-07  1.395e+01 -3.814e-05  9.903e-06  4.072e-05 
 -1.575e+00  1.121e-06  1.659e-06  4.924e-07  3.607e-07  6.997e-07  5.084e-01 -2.778e-06  3.074e-06  3.363e-06  3.473e-05 
 PARAMETER  CORRELATION COEFFICIENTS  
       NO.  GLOBAL      1      3      4      6      8      9     20     21     22     23     24
        1  0.40163   1.000  0.093 -0.176  0.027 -0.045  0.018  0.074  0.039  0.098  0.149 -0.141
        3  0.35411   0.093  1.000  0.068  0.177 -0.169  0.084  0.035 -0.037  0.106  0.093  0.214
        4  0.28088  -0.176  0.068  1.000  0.174  0.090  0.014  0.003 -0.037  0.015 -0.011  0.112
        6  0.32867   0.027  0.177  0.174  1.000  0.007  0.053  0.057 -0.094  0.065  0.162  0.089
        8  0.28631  -0.045 -0.169  0.090  0.007  1.000  0.007  0.019  0.003 -0.133  0.009  0.065
        9  0.20996   0.018  0.084  0.014  0.053  0.007  1.000 -0.038  0.058 -0.060  0.093  0.129
       20  0.95814   0.074  0.035  0.003  0.057  0.019 -0.038  1.000 -0.936  0.491  0.584  0.023
       21  0.94758   0.039 -0.037 -0.037 -0.094  0.003  0.058 -0.936  1.000 -0.424 -0.481 -0.038
       22  0.54637   0.098  0.106  0.015  0.065 -0.133 -0.060  0.491 -0.424  1.000  0.247  0.083
       23  0.64961   0.149  0.093 -0.011  0.162  0.009  0.093  0.584 -0.481  0.247  1.000  0.089
       24  0.33916  -0.141  0.214  0.112  0.089  0.065  0.129  0.023 -0.038  0.083  0.089  1.000
MINUIT - FIT ONLY 1-y
 **********
 **   51 **RES 
 **********
                   PARAMETER   16  beta_vw RESTORED TO VARIABLE.
                   PARAMETER   14  alpha_vw RESTORED TO VARIABLE.
                   PARAMETER   13  beta_y RESTORED TO VARIABLE.
                   PARAMETER   11  alpha_y RESTORED TO VARIABLE.
                   PARAMETER   10  beta_2CBO RESTORED TO VARIABLE.
 **********
 **   52 **FIX            0
 **********
 PARAMETER    0  IS UNDEFINED. IGNORED.
 **********
 **   53 **FIX            1
 **********
 **********
 **   54 **FIX            2
 **********
 PARAMETER    2  IS CONSTANT.   IGNORED.
 **********
 **   55 **FIX            3
 **********
 **********
 **   56 **FIX            4
 **********
 **********
 **   57 **FIX            5
 **********
 PARAMETER    5  IS CONSTANT.   IGNORED.
 **********
 **   58 **FIX            6
 **********
 **********
 **   59 **FIX            7
 **********
 PARAMETER    7  IS CONSTANT.   IGNORED.
 **********
 **   60 **FIX            8
 **********
 **********
 **   61 **FIX            9
 **********
 **********
 **   62 **FIX           13
 **********
 **********
 **   63 **FIX           14
 **********
 **********
 **   64 **FIX           15
 **********
 PARAMETER   15  IS CONSTANT.   IGNORED.
 **********
 **   65 **FIX           16
 **********
 **********
 **   66 **MIGRAD
 **********
 START MIGRAD MINIMIZATION.  STRATEGY  1.  CONVERGENCE WHEN EDM .LT. 1.00e-04
 FCN=53.4888 FROM MIGRAD    STATUS=INITIATE       16 CALLS        2410 TOTAL
                     EDM= unknown      STRATEGY= 1      NO ERROR MATRIX       
  EXT PARAMETER               CURRENT GUESS       STEP         FIRST   
  NO.   NAME      VALUE            ERROR          SIZE      DERIVATIVE 
   1  N0           2.83694e+06     fixed    
   2  tau          6.44055e+01   constant   
   3  A0           3.54740e-01     fixed    
   4  phi          4.11997e+00     fixed    
   5  R           -5.93657e+01   constant   
   6  alpha_CBO   -2.87470e-03     fixed    
   7  w_CBO        2.32500e+00   constant   
   8  beta_CBO     1.90382e-03     fixed    
   9  alpha_2CBO   1.14077e-03     fixed    
  10  beta_2CBO   -7.58861e-04   8.90454e-04   8.90454e-04  -2.66473e+02
  11  alpha_y      0.00000e+00   1.00000e-03   1.00000e-03   5.58365e+02
  12  w_y          1.38860e+01   constant   
  13  beta_y      -6.28537e-04     fixed    
  14  alpha_vw     0.00000e+00     fixed    
  15  w_vw         1.43404e+01   constant   
  16  beta_vw      0.00000e+00     fixed    
  17  LM           6.62355e-05   constant   
  18  zeta_y       0.00000e+00   constant   
  19  zeta_vw      0.00000e+00   constant   
  20  T_CBO        9.87323e+02   9.04261e+02   1.18844e-01  -4.50579e-04
  21  alpha_A0     5.88580e-03   1.24213e-02  -4.83276e-05  -8.27168e-01
  22  beta_A0     -1.57228e-03   6.28389e-03   1.34992e-05   1.94287e-01
  23  alpha_phi   -1.84697e-03   6.38100e-03   1.62838e-05   2.91830e-01
  24  beta_phi    -9.21580e-05   5.89315e-03   3.13034e-06  -1.55444e-02
 MIGRAD MINIMIZATION HAS CONVERGED.
 MIGRAD WILL VERIFY CONVERGENCE AND ERROR MATRIX.
 COVARIANCE MATRIX CALCULATED SUCCESSFULLY
 FCN=53.4098 FROM MIGRAD    STATUS=CONVERGED     120 CALLS        2514 TOTAL
                     EDM=3.45221e-06    STRATEGY= 1      ERROR MATRIX ACCURATE 
  EXT PARAMETER                                   STEP         FIRST   
  NO.   NAME      VALUE            ERROR          SIZE      DERIVATIVE 
   1  N0           2.83694e+06     fixed    
   2  tau          6.44055e+01   constant   
   3  A0           3.54740e-01     fixed    
   4  phi          4.11997e+00     fixed    
   5  R           -5.93657e+01   constant   
   6  alpha_CBO   -2.87470e-03     fixed    
   7  w_CBO        2.32500e+00   constant   
   8  beta_CBO     1.90382e-03     fixed    
   9  alpha_2CBO   1.14077e-03     fixed    
  10  beta_2CBO   -6.45889e-04   9.28572e-04   3.26224e-06  -3.37593e-01
  11  alpha_y     -2.28767e-04   9.07026e-04   3.26568e-06  -8.10925e-02
  12  w_y          1.38860e+01   constant   
  13  beta_y      -6.28537e-04     fixed    
  14  alpha_vw     0.00000e+00     fixed    
  15  w_vw         1.43404e+01   constant   
  16  beta_vw      0.00000e+00     fixed    
  17  LM           6.62355e-05   constant   
  18  zeta_y       0.00000e+00   constant   
  19  zeta_vw      0.00000e+00   constant   
  20  T_CBO        9.97427e+02   9.61294e+02   9.65194e-02  -7.10807e-05
  21  alpha_A0     5.91159e-03   5.26090e-03   1.76620e-05   7.88285e-02
  22  beta_A0     -1.48803e-03   4.88244e-03   1.71933e-05   1.49655e-01
  23  alpha_phi   -1.88224e-03   4.62248e-03   1.62959e-05  -7.64333e-03
  24  beta_phi    -1.85243e-05   5.01923e-03   1.77559e-05  -9.03424e-04
 EXTERNAL ERROR MATRIX.    NDIM=  25    NPAR=  7    ERR DEF=1
  8.622e-07  6.994e-09 -7.434e-04  2.781e-07  6.642e-07 -5.068e-07  4.874e-07 
  6.994e-09  8.227e-07  7.794e-05  3.905e-09  3.242e-08 -1.026e-07 -3.224e-08 
 -7.434e-04  7.794e-05  2.949e+06 -3.208e+00  7.830e-01  1.022e+00 -9.036e-03 
  2.781e-07  3.905e-09 -3.208e+00  2.768e-05 -1.387e-06 -1.230e-06 -7.517e-07 
  6.642e-07  3.242e-08  7.830e-01 -1.387e-06  2.384e-05 -5.405e-07  3.075e-06 
 -5.068e-07 -1.026e-07  1.022e+00 -1.230e-06 -5.405e-07  2.137e-05  2.029e-06 
  4.874e-07 -3.224e-08 -9.036e-03 -7.517e-07  3.075e-06  2.029e-06  2.519e-05 
 PARAMETER  CORRELATION COEFFICIENTS  
       NO.  GLOBAL     10     11     20     21     22     23     24
       10  0.22035   1.000  0.008 -0.000  0.057  0.147 -0.118  0.105
       11  0.02667   0.008  1.000  0.000  0.001  0.007 -0.024 -0.007
       20  0.38205  -0.000  0.000  1.000 -0.355  0.093  0.129 -0.001
       21  0.36228   0.057  0.001 -0.355  1.000 -0.054 -0.051 -0.028
       22  0.21018   0.147  0.007  0.093 -0.054  1.000 -0.024  0.125
       23  0.20506  -0.118 -0.024  0.129 -0.051 -0.024  1.000  0.087
       24  0.18815   0.105 -0.007 -0.001 -0.028  0.125  0.087  1.000
MINUIT - FIT ONLY 2-y
 **********
 **   67 **RES 
 **********
                   PARAMETER   16  beta_vw RESTORED TO VARIABLE.
                   PARAMETER   14  alpha_vw RESTORED TO VARIABLE.
                   PARAMETER   13  beta_y RESTORED TO VARIABLE.
                   PARAMETER    9  alpha_2CBO RESTORED TO VARIABLE.
                   PARAMETER    8  beta_CBO RESTORED TO VARIABLE.
                   PARAMETER    6  alpha_CBO RESTORED TO VARIABLE.
                   PARAMETER    4  phi RESTORED TO VARIABLE.
                   PARAMETER    3  A0 RESTORED TO VARIABLE.
                   PARAMETER    1  N0 RESTORED TO VARIABLE.
 **********
 **   68 **FIX            0
 **********
 PARAMETER    0  IS UNDEFINED. IGNORED.
 **********
 **   69 **FIX            1
 **********
 **********
 **   70 **FIX            2
 **********
 PARAMETER    2  IS CONSTANT.   IGNORED.
 **********
 **   71 **FIX            3
 **********
 **********
 **   72 **FIX            4
 **********
 **********
 **   73 **FIX            5
 **********
 PARAMETER    5  IS CONSTANT.   IGNORED.
 **********
 **   74 **FIX            6
 **********
 **********
 **   75 **FIX            7
 **********
 PARAMETER    7  IS CONSTANT.   IGNORED.
 **********
 **   76 **FIX            8
 **********
 **********
 **   77 **FIX            9
 **********
 **********
 **   78 **FIX           10
 **********
 **********
 **   79 **FIX           11
 **********
 **********
 **   80 **FIX           12
 **********
 PARAMETER   12  IS CONSTANT.   IGNORED.
 **********
 **   81 **FIX           16
 **********
 **********
 **   82 **MIGRAD
 **********
 START MIGRAD MINIMIZATION.  STRATEGY  1.  CONVERGENCE WHEN EDM .LT. 1.00e-04
 FCN=53.4098 FROM MIGRAD    STATUS=INITIATE       16 CALLS        2530 TOTAL
                     EDM= unknown      STRATEGY= 1      NO ERROR MATRIX       
  EXT PARAMETER               CURRENT GUESS       STEP         FIRST   
  NO.   NAME      VALUE            ERROR          SIZE      DERIVATIVE 
   1  N0           2.83694e+06     fixed    
   2  tau          6.44055e+01   constant   
   3  A0           3.54740e-01     fixed    
   4  phi          4.11997e+00     fixed    
   5  R           -5.93657e+01   constant   
   6  alpha_CBO   -2.87470e-03     fixed    
   7  w_CBO        2.32500e+00   constant   
   8  beta_CBO     1.90382e-03     fixed    
   9  alpha_2CBO   1.14077e-03     fixed    
  10  beta_2CBO   -6.45889e-04     fixed    
  11  alpha_y     -2.28767e-04     fixed    
  12  w_y          1.38860e+01   constant   
  13  beta_y      -6.28537e-04   9.05490e-04   9.05490e-04  -4.36015e+00
  14  alpha_vw     0.00000e+00   1.00000e-03   1.00000e-03   8.39608e+02
  15  w_vw         1.43404e+01   constant   
  16  beta_vw      0.00000e+00     fixed    
  17  LM           6.62355e-05   constant   
  18  zeta_y       0.00000e+00   constant   
  19  zeta_vw      0.00000e+00   constant   
  20  T_CBO        9.97427e+02   9.61294e+02   9.65194e-02  -7.90087e-05
  21  alpha_A0     5.91159e-03   5.26090e-03   1.76620e-05   7.88363e-02
  22  beta_A0     -1.48803e-03   4.88244e-03   1.71933e-05   1.49655e-01
  23  alpha_phi   -1.88224e-03   4.62248e-03   1.62959e-05  -7.64327e-03
  24  beta_phi    -1.85243e-05   5.01923e-03   1.77559e-05  -9.03395e-04
 MIGRAD MINIMIZATION HAS CONVERGED.
 MIGRAD WILL VERIFY CONVERGENCE AND ERROR MATRIX.
 COVARIANCE MATRIX CALCULATED SUCCESSFULLY
 FCN=53.2522 FROM MIGRAD    STATUS=CONVERGED     115 CALLS        2629 TOTAL
                     EDM=4.0329e-07    STRATEGY= 1      ERROR MATRIX ACCURATE 
  EXT PARAMETER                                   STEP         FIRST   
  NO.   NAME      VALUE            ERROR          SIZE      DERIVATIVE 
   1  N0           2.83694e+06     fixed    
   2  tau          6.44055e+01   constant   
   3  A0           3.54740e-01     fixed    
   4  phi          4.11997e+00     fixed    
   5  R           -5.93657e+01   constant   
   6  alpha_CBO   -2.87470e-03     fixed    
   7  w_CBO        2.32500e+00   constant   
   8  beta_CBO     1.90382e-03     fixed    
   9  alpha_2CBO   1.14077e-03     fixed    
  10  beta_2CBO   -6.45889e-04     fixed    
  11  alpha_y     -2.28767e-04     fixed    
  12  w_y          1.38860e+01   constant   
  13  beta_y      -7.43020e-04   9.45990e-04   3.23355e-06   2.67506e-02
  14  alpha_vw    -3.76051e-04   9.47178e-04   3.23888e-06  -7.98058e-02
  15  w_vw         1.43404e+01   constant   
  16  beta_vw      0.00000e+00     fixed    
  17  LM           6.62355e-05   constant   
