 + ++++++++++++++++++++++++++++++++++++++++++++++++++++++++++++++++++++ +
 +                                                                      +
 +           You have chose to blind your fitting according to          +
 +                omega_ref * (1 + (R +/- deltaR) *10^{-6})             +
 +                                                                      +
 + ++++++++++++++++++++++++++++++++++++++++++++++++++++++++++++++++++++ +
In main()...
reading format from /gm2data/zkhechad/run45/envelope/formats/formatB_sBin_constraintOn.txt
pBinTau 	= 0  
pBinPhi 	= 0  
constraintau 	= 1 
includeMopTerm 	= 0    
constrainMop    = 0   
Parameters after format file: pBinTau 0 pBinPhi 0 constraintau 1 includeMopTerm 0 constrainMop 0 c_e_scale 0.000000 
Opening file /gm2data/tbarrett/gm2fr/studies/run23_bunch_corrections/CorrectedFourier_Run3b.root.
reading full fit data from /gm2data/zkhechad/cboTemplates/Run4CBOTemplates/templateFits0_v2.0/noRF/sBin_constraintOn_cE0.0_seed0_noRF_calo6.root
windowBins = 17
fitting sliding window 324 from bin 460 at 68.482800 to bin 477 at 71.168400 (17 bins)

Reading data from /gm2data/cornell/histograms/aMethod/histogram_a_noRF.root
 **********
 **    1 **SET PRINTOUT            1
 **********
 **********
 **    2 **SET NOWARNINGS 
 **********
 PARAMETER DEFINITIONS:
    NO.   NAME         VALUE      STEP SIZE      LIMITS
     1 N0           2.90949e+06  1.00000e+02     no limits
     2 tau          6.43983e+01  constant
     3 A0           3.53683e-01  1.00000e-04     no limits
     4 phi          4.11541e+00  1.00000e-02     no limits
     5 R           -6.16270e+01  constant
     6 alpha_CBO    0.00000e+00  1.00000e-03     no limits
     7 w_CBO        2.32500e+00  constant
     8 beta_CBO     0.00000e+00  1.00000e-03     no limits
     9 alpha_2CBO   0.00000e+00  1.00000e-03     no limits
    10 beta_2CBO    0.00000e+00  1.00000e-03     no limits
    11 alpha_y      0.00000e+00  1.00000e-03     no limits
    12 w_y          1.44500e+01  constant
    13 beta_y       0.00000e+00  1.00000e-03     no limits
    14 alpha_vw     0.00000e+00  1.00000e-03     no limits
    15 w_vw         1.29000e+01  constant
    16 beta_vw      0.00000e+00  1.00000e-03     no limits
    17 LM          -2.35969e-04  constant
    18 zeta_y       0.00000e+00  constant
    19 zeta_vw      0.00000e+00  constant
    20 T_CBO        1.00000e+02  1.00000e+00    0.00000e+00  1.00000e+03
    21 alpha_A0     0.00000e+00  1.00000e-03     no limits
    22 beta_A0      0.00000e+00  1.00000e-03     no limits
    23 alpha_phi    0.00000e+00  1.00000e-03     no limits
    24 beta_phi     0.00000e+00  1.00000e-03     no limits
MINUIT - FIT ONLY WIGGLE
 **********
 **    3 **FIX            5
 **********
 PARAMETER    5  IS CONSTANT.   IGNORED.
 **********
 **    4 **FIX            6
 **********
 **********
 **    5 **FIX            7
 **********
 PARAMETER    7  IS CONSTANT.   IGNORED.
 **********
 **    6 **FIX            8
 **********
 **********
 **    7 **FIX            9
 **********
 **********
 **    8 **FIX           10
 **********
 **********
 **    9 **FIX           11
 **********
 **********
 **   10 **FIX           12
 **********
 PARAMETER   12  IS CONSTANT.   IGNORED.
 **********
 **   11 **FIX           13
 **********
 **********
 **   12 **FIX           14
 **********
 **********
 **   13 **FIX           15
 **********
 PARAMETER   15  IS CONSTANT.   IGNORED.
 **********
 **   14 **FIX           16
 **********
 **********
 **   15 **MIGRAD
 **********
 FIRST CALL TO USER FUNCTION AT NEW START POINT, WITH IFLAG=4.
 START MIGRAD MINIMIZATION.  STRATEGY  1.  CONVERGENCE WHEN EDM .LT. 1.00e-04
 FCN=1129.14 FROM MIGRAD    STATUS=INITIATE      435 CALLS         436 TOTAL
                     EDM= unknown      STRATEGY= 1      NO ERROR MATRIX       
  EXT PARAMETER               CURRENT GUESS       STEP         FIRST   
  NO.   NAME      VALUE            ERROR          SIZE      DERIVATIVE 
   1  N0           2.90949e+06   1.00000e+02   0.00000e+00   7.61088e-03
   2  tau          6.43983e+01   constant   
   3  A0           3.53683e-01   1.00000e-04   0.00000e+00   4.08796e+04
   4  phi          4.11541e+00   1.00000e-02   0.00000e+00  -6.10942e+04
   5  R           -6.16270e+01   constant   
   6  alpha_CBO    0.00000e+00     fixed    
   7  w_CBO        2.32500e+00   constant   
   8  beta_CBO     0.00000e+00     fixed    
   9  alpha_2CBO   0.00000e+00     fixed    
  10  beta_2CBO    0.00000e+00     fixed    
  11  alpha_y      0.00000e+00     fixed    
  12  w_y          1.44500e+01   constant   
  13  beta_y       0.00000e+00     fixed    
  14  alpha_vw     0.00000e+00     fixed    
  15  w_vw         1.29000e+01   constant   
  16  beta_vw      0.00000e+00     fixed    
  17  LM          -2.35969e-04   constant   
  18  zeta_y       0.00000e+00   constant   
  19  zeta_vw      0.00000e+00   constant   
  20  T_CBO        1.00000e+02   1.00000e+00   0.00000e+00   0.00000e+00
  21  alpha_A0     0.00000e+00   1.00000e-03   0.00000e+00  -9.58610e+03
  22  beta_A0      0.00000e+00   1.00000e-03   0.00000e+00   2.03835e+04
  23  alpha_phi    0.00000e+00   1.00000e-03   0.00000e+00  -8.27270e+03
  24  beta_phi     0.00000e+00   1.00000e-03   0.00000e+00  -1.55403e+04
 MIGRAD MINIMIZATION HAS CONVERGED.
 FCN=109.82 FROM MIGRAD    STATUS=CONVERGED     746 CALLS         747 TOTAL
                     EDM=3.60157e-06    STRATEGY= 1  ERROR MATRIX UNCERTAINTY   2.2 per cent
  EXT PARAMETER                                   STEP         FIRST   
  NO.   NAME      VALUE            ERROR          SIZE      DERIVATIVE 
   1  N0           2.89057e+06   1.00299e+03  -2.69855e+00  -1.18112e-06
   2  tau          6.43983e+01   constant   
   3  A0           3.50568e-01   2.24239e-04  -8.11697e-07  -1.16334e+00
   4  phi          4.14314e+00   1.16438e-03   6.34127e-07  -1.11214e+00
   5  R           -6.16270e+01   constant   
   6  alpha_CBO    0.00000e+00     fixed    
   7  w_CBO        2.32500e+00   constant   
   8  beta_CBO     0.00000e+00     fixed    
   9  alpha_2CBO   0.00000e+00     fixed    
  10  beta_2CBO    0.00000e+00     fixed    
  11  alpha_y      0.00000e+00     fixed    
  12  w_y          1.44500e+01   constant   
  13  beta_y       0.00000e+00     fixed    
  14  alpha_vw     0.00000e+00     fixed    
  15  w_vw         1.29000e+01   constant   
  16  beta_vw      0.00000e+00     fixed    
  17  LM          -2.35969e-04   constant   
  18  zeta_y       0.00000e+00   constant   
  19  zeta_vw      0.00000e+00   constant   
  20  T_CBO        3.08144e+01   2.62592e+00  -4.91300e-05   1.75588e-01
  21  alpha_A0    -4.14714e-02   1.51760e-02  -8.49453e-05  -9.84925e-01
  22  beta_A0     -5.09447e-02   4.38767e-03  -2.12186e-05  -3.44125e-01
  23  alpha_phi    2.61446e-02   1.44965e-03  -6.68735e-06   1.22767e+00
  24  beta_phi    -3.17641e-02   8.15468e-03  -4.42907e-05   1.75390e+00
 EXTERNAL ERROR MATRIX.    NDIM=  25    NPAR=  8    ERR DEF=1
  1.006e+06  1.447e-01 -9.828e-01  1.458e+03  1.090e+01  3.393e+00  7.318e-02  6.186e+00 
  1.447e-01  5.028e-08 -1.483e-07  2.536e-04  1.772e-06  5.297e-07 -2.608e-08  1.001e-06 
 -9.828e-01 -1.483e-07  1.356e-06 -1.572e-03 -1.105e-05 -3.274e-06  2.404e-07 -6.407e-06 
  1.458e+03  2.536e-04 -1.572e-03  6.896e+00  3.323e-02  9.676e-03  8.277e-04  1.760e-02 
  1.090e+01  1.772e-06 -1.105e-05  3.323e-02  2.303e-04  6.259e-05  8.540e-06  1.206e-04 
  3.393e+00  5.297e-07 -3.274e-06  9.676e-03  6.259e-05  1.925e-05  1.590e-06  3.381e-05 
  7.318e-02 -2.608e-08  2.404e-07  8.277e-04  8.540e-06  1.590e-06  2.101e-06  4.157e-06 
  6.186e+00  1.001e-06 -6.407e-06  1.760e-02  1.206e-04  3.381e-05  4.157e-06  6.650e-05 
 PARAMETER  CORRELATION COEFFICIENTS  
       NO.  GLOBAL      1      3      4     20     21     22     23     24
        1  0.91935   1.000  0.643 -0.842  0.554  0.716  0.771  0.050  0.756
        3  0.68452   0.643  1.000 -0.568  0.431  0.521  0.538 -0.080  0.548
        4  0.89873  -0.842 -0.568  1.000 -0.514 -0.625 -0.641  0.142 -0.675
       20  0.86827   0.554  0.431 -0.514  1.000  0.834  0.840  0.217  0.822
       21  0.98006   0.716  0.521 -0.625  0.834  1.000  0.940  0.388  0.975
       22  0.96795   0.771  0.538 -0.641  0.840  0.940  1.000  0.250  0.945
       23  0.73848   0.050 -0.080  0.142  0.217  0.388  0.250  1.000  0.352
       24  0.98191   0.756  0.548 -0.675  0.822  0.975  0.945  0.352  1.000
MINUIT - FIT ONLY 1-CBO + wiggle
 **********
 **   16 **RES 
 **********
                   PARAMETER   16  beta_vw RESTORED TO VARIABLE.
                   PARAMETER   14  alpha_vw RESTORED TO VARIABLE.
                   PARAMETER   13  beta_y RESTORED TO VARIABLE.
                   PARAMETER   11  alpha_y RESTORED TO VARIABLE.
                   PARAMETER   10  beta_2CBO RESTORED TO VARIABLE.
                   PARAMETER    9  alpha_2CBO RESTORED TO VARIABLE.
                   PARAMETER    8  beta_CBO RESTORED TO VARIABLE.
                   PARAMETER    6  alpha_CBO RESTORED TO VARIABLE.
 **********
 **   17 **FIX            8
 **********
 **********
 **   18 **FIX            9
 **********
 **********
 **   19 **FIX           11
 **********
 **********
 **   20 **FIX           12
 **********
 PARAMETER   12  IS CONSTANT.   IGNORED.
 **********
 **   21 **FIX           14
 **********
 **********
 **   22 **FIX           15
 **********
 PARAMETER   15  IS CONSTANT.   IGNORED.
 **********
 **   23 **FIX           16
 **********
 **********
 **   24 **MIGRAD
 **********
 START MIGRAD MINIMIZATION.  STRATEGY  1.  CONVERGENCE WHEN EDM .LT. 1.00e-04
 FCN=109.82 FROM MIGRAD    STATUS=INITIATE       28 CALLS         775 TOTAL
                     EDM= unknown      STRATEGY= 1      NO ERROR MATRIX       
  EXT PARAMETER               CURRENT GUESS       STEP         FIRST   
  NO.   NAME      VALUE            ERROR          SIZE      DERIVATIVE 
   1  N0           2.89057e+06   1.00299e+03  -2.69855e+00  -1.18112e-06
   2  tau          6.43983e+01   constant   
   3  A0           3.50568e-01   2.24239e-04  -8.11697e-07  -1.16335e+00
   4  phi          4.14314e+00   1.16438e-03   6.34127e-07  -1.11214e+00
   5  R           -6.16270e+01   constant   
   6  alpha_CBO    0.00000e+00   1.00000e-03   1.00000e-03   4.08016e+02
   7  w_CBO        2.32500e+00   constant   
   8  beta_CBO     0.00000e+00     fixed    
   9  alpha_2CBO   0.00000e+00     fixed    
  10  beta_2CBO    0.00000e+00   1.00000e-03   1.00000e-03   1.17619e+03
  11  alpha_y      0.00000e+00     fixed    
  12  w_y          1.44500e+01   constant   
  13  beta_y       0.00000e+00   1.00000e-03   1.00000e-03   1.99040e+04
  14  alpha_vw     0.00000e+00     fixed    
  15  w_vw         1.29000e+01   constant   
  16  beta_vw      0.00000e+00     fixed    
  17  LM          -2.35969e-04   constant   
  18  zeta_y       0.00000e+00   constant   
  19  zeta_vw      0.00000e+00   constant   
  20  T_CBO        3.08144e+01   2.62592e+00  -4.91300e-05   1.75588e-01
  21  alpha_A0    -4.14714e-02   1.51760e-02  -8.49453e-05  -9.84925e-01
  22  beta_A0     -5.09447e-02   4.38767e-03  -2.12186e-05  -3.44125e-01
  23  alpha_phi    2.61446e-02   1.44965e-03  -6.68735e-06   1.22767e+00
  24  beta_phi    -3.17641e-02   8.15468e-03  -4.42907e-05   1.75390e+00
 MIGRAD MINIMIZATION HAS CONVERGED.
 FCN=103.897 FROM MIGRAD    STATUS=CONVERGED     320 CALLS        1067 TOTAL
                     EDM=6.89354e-06    STRATEGY= 1  ERROR MATRIX UNCERTAINTY   1.0 per cent
  EXT PARAMETER                                   STEP         FIRST   
  NO.   NAME      VALUE            ERROR          SIZE      DERIVATIVE 
   1  N0           2.88771e+06   2.44777e+03  -2.16562e+00  -4.99003e-08
   2  tau          6.43983e+01   constant   
   3  A0           3.49900e-01   9.24801e-04  -1.98041e-06   1.54311e+01
   4  phi          4.14682e+00   3.53587e-03   5.55692e-07   4.11687e-01
   5  R           -6.16270e+01   constant   
   6  alpha_CBO   -1.08312e-03   2.03812e-03  -2.13206e-06   2.89705e+00
   7  w_CBO        2.32500e+00   constant   
   8  beta_CBO     0.00000e+00     fixed    
   9  alpha_2CBO   0.00000e+00     fixed    
  10  beta_2CBO   -6.73471e-04   1.11765e-03   1.03306e-06   1.14091e+00
  11  alpha_y      0.00000e+00     fixed    
  12  w_y          1.44500e+01   constant   
  13  beta_y      -5.28433e-04   2.21634e-04   1.47309e-06   4.07678e+00
  14  alpha_vw     0.00000e+00     fixed    
  15  w_vw         1.29000e+01   constant   
  16  beta_vw      0.00000e+00     fixed    
  17  LM          -2.35969e-04   constant   
  18  zeta_y       0.00000e+00   constant   
  19  zeta_vw      0.00000e+00   constant   
  20  T_CBO        3.10817e+01   3.24091e+00  -3.19933e-05   7.69829e-02
  21  alpha_A0    -2.83936e-02   5.35999e-02   9.95255e-05   3.37147e-01
  22  beta_A0     -4.31477e-02   1.19005e-02  -6.07072e-06  -6.05325e-02
  23  alpha_phi    2.33090e-02   9.32639e-03   1.57358e-05  -3.82593e-02
  24  beta_phi    -6.94703e-02   3.21734e-02   7.35165e-06  -2.39080e-01
 EXTERNAL ERROR MATRIX.    NDIM=  25    NPAR= 11    ERR DEF=1
  5.992e+06 
  8.155e-01  8.553e-07 
 -8.253e+00 -4.333e-07  1.250e-05 
  9.968e-01  1.829e-06  2.614e-07  4.154e-06 
  1.765e+00 -4.238e-07 -3.113e-06 -1.267e-06  1.249e-06 
  1.585e-01  4.049e-08 -1.993e-07  7.333e-08  2.837e-08  4.912e-08 
 -1.799e+03  2.253e-03  4.910e-03  5.534e-03 -2.981e-03  5.678e-06  1.050e+01 
  6.675e+00 -4.382e-05 -5.292e-05 -1.046e-04  4.434e-05 -1.222e-06 -1.561e-01  2.873e-03 
 -1.968e+01  1.378e-06  3.313e-05  6.598e-06 -9.863e-06 -3.422e-07  2.167e-02 -2.900e-04  1.416e-04 
  1.072e+01 -3.857e-06 -1.905e-05 -1.025e-05  7.896e-06  8.177e-08 -2.117e-02  3.360e-04 -7.130e-05  8.698e-05 
  7.527e+01  7.701e-06 -1.085e-04  7.094e-06  2.623e-05  2.071e-06 -3.112e-02  2.421e-04 -2.756e-04  1.522e-04  1.035e-03 
 PARAMETER  CORRELATION COEFFICIENTS  
       NO.  GLOBAL      1      3      4      6     10     13     20     21     22     23     24
        1  0.98762   1.000  0.360 -0.954  0.200  0.645  0.292 -0.227  0.051 -0.676  0.469  0.956
        3  0.98762   0.360  1.000 -0.133  0.970 -0.410  0.198  0.752 -0.884  0.125 -0.447  0.259
        4  0.98766  -0.954 -0.133  1.000  0.036 -0.788 -0.254  0.428 -0.279  0.787 -0.578 -0.954
        6  0.99511   0.200  0.970  0.036  1.000 -0.556  0.162  0.838 -0.958  0.272 -0.539  0.108
       10  0.98260   0.645 -0.410 -0.788 -0.556  1.000  0.115 -0.823  0.740 -0.742  0.758  0.730
       13  0.35525   0.292  0.198 -0.254  0.162  0.115  1.000  0.008 -0.103 -0.130  0.040  0.291
       20  0.95521  -0.227  0.752  0.428  0.838 -0.823  0.008  1.000 -0.899  0.562 -0.700 -0.298
       21  0.99155   0.051 -0.884 -0.279 -0.958  0.740 -0.103 -0.899  1.000 -0.455  0.672  0.140
       22  0.85786  -0.676  0.125  0.787  0.272 -0.742 -0.130  0.562 -0.455  1.000 -0.642 -0.720
       23  0.83684   0.469 -0.447 -0.578 -0.539  0.758  0.040 -0.700  0.672 -0.642  1.000  0.507
       24  0.98367   0.956  0.259 -0.954  0.108  0.730  0.291 -0.298  0.140 -0.720  0.507  1.000
MINUIT - FIT ONLY 2-CBO
 **********
 **   25 **RES 
 **********
                   PARAMETER   16  beta_vw RESTORED TO VARIABLE.
                   PARAMETER   14  alpha_vw RESTORED TO VARIABLE.
                   PARAMETER   11  alpha_y RESTORED TO VARIABLE.
                   PARAMETER    9  alpha_2CBO RESTORED TO VARIABLE.
                   PARAMETER    8  beta_CBO RESTORED TO VARIABLE.
 **********
 **   26 **FIX            0
 **********
 PARAMETER    0  IS UNDEFINED. IGNORED.
 **********
 **   27 **FIX            1
 **********
 **********
 **   28 **FIX            2
 **********
 PARAMETER    2  IS CONSTANT.   IGNORED.
 **********
 **   29 **FIX            3
 **********
 **********
 **   30 **FIX            4
 **********
 **********
 **   31 **FIX            5
 **********
 PARAMETER    5  IS CONSTANT.   IGNORED.
 **********
 **   32 **FIX            6
 **********
 **********
 **   33 **FIX            7
 **********
 PARAMETER    7  IS CONSTANT.   IGNORED.
 **********
 **   34 **FIX           10
 **********
 **********
 **   35 **FIX           11
 **********
 **********
 **   36 **FIX           12
 **********
 PARAMETER   12  IS CONSTANT.   IGNORED.
 **********
 **   37 **FIX           13
 **********
 **********
 **   38 **FIX           14
 **********
 **********
 **   39 **FIX           15
 **********
 PARAMETER   15  IS CONSTANT.   IGNORED.
 **********
 **   40 **FIX           16
 **********
 **********
 **   41 **MIGRAD
 **********
 START MIGRAD MINIMIZATION.  STRATEGY  1.  CONVERGENCE WHEN EDM .LT. 1.00e-04
 FCN=103.897 FROM MIGRAD    STATUS=INITIATE       18 CALLS        1085 TOTAL
                     EDM= unknown      STRATEGY= 1      NO ERROR MATRIX       
  EXT PARAMETER               CURRENT GUESS       STEP         FIRST   
  NO.   NAME      VALUE            ERROR          SIZE      DERIVATIVE 
   1  N0           2.88771e+06     fixed    
   2  tau          6.43983e+01   constant   
   3  A0           3.49900e-01     fixed    
   4  phi          4.14682e+00     fixed    
   5  R           -6.16270e+01   constant   
   6  alpha_CBO   -1.08312e-03     fixed    
   7  w_CBO        2.32500e+00   constant   
   8  beta_CBO     0.00000e+00   1.00000e-03   1.00000e-03  -6.66721e+01
   9  alpha_2CBO   0.00000e+00   1.00000e-03   1.00000e-03  -1.24009e+03
  10  beta_2CBO   -6.73471e-04     fixed    
  11  alpha_y      0.00000e+00     fixed    
  12  w_y          1.44500e+01   constant   
  13  beta_y      -5.28433e-04     fixed    
  14  alpha_vw     0.00000e+00     fixed    
  15  w_vw         1.29000e+01   constant   
  16  beta_vw      0.00000e+00     fixed    
  17  LM          -2.35969e-04   constant   
  18  zeta_y       0.00000e+00   constant   
  19  zeta_vw      0.00000e+00   constant   
  20  T_CBO        3.10817e+01   3.24091e+00  -3.19933e-05   7.69831e-02
  21  alpha_A0    -2.83936e-02   5.35999e-02   9.95255e-05   3.37146e-01
  22  beta_A0     -4.31477e-02   1.19005e-02  -6.07072e-06  -6.05309e-02
  23  alpha_phi    2.33090e-02   9.32639e-03   1.57358e-05  -3.82593e-02
  24  beta_phi    -6.94703e-02   3.21734e-02   7.35165e-06  -2.39080e-01
 MIGRAD MINIMIZATION HAS CONVERGED.
 MIGRAD WILL VERIFY CONVERGENCE AND ERROR MATRIX.
 FCN=103.754 FROM MIGRAD    STATUS=CONVERGED     180 CALLS        1247 TOTAL
                     EDM=2.44849e-06    STRATEGY= 1      ERR MATRIX NOT POS-DEF
  EXT PARAMETER                APPROXIMATE        STEP         FIRST   
  NO.   NAME      VALUE            ERROR          SIZE      DERIVATIVE 
   1  N0           2.88771e+06     fixed    
   2  tau          6.43983e+01   constant   
   3  A0           3.49900e-01     fixed    
   4  phi          4.14682e+00     fixed    
   5  R           -6.16270e+01   constant   
   6  alpha_CBO   -1.08312e-03     fixed    
   7  w_CBO        2.32500e+00   constant   
   8  beta_CBO     1.37513e-04   5.11686e-04   1.10427e-06   1.41664e+00
   9  alpha_2CBO   2.23123e-04   5.75441e-04   1.07108e-06   2.04179e+00
  10  beta_2CBO   -6.73471e-04     fixed    
  11  alpha_y      0.00000e+00     fixed    
  12  w_y          1.44500e+01   constant   
  13  beta_y      -5.28433e-04     fixed    
  14  alpha_vw     0.00000e+00     fixed    
  15  w_vw         1.29000e+01   constant   
  16  beta_vw      0.00000e+00     fixed    
  17  LM          -2.35969e-04   constant   
  18  zeta_y       0.00000e+00   constant   
  19  zeta_vw      0.00000e+00   constant   
  20  T_CBO        3.14645e+01   1.51201e+01   3.03650e-05  -2.60737e-02
  21  alpha_A0    -2.57141e-02   2.95854e-02   4.21824e-05   3.01422e-03
  22  beta_A0     -4.93569e-02   5.68918e-02   3.51083e-05   6.33326e-02
  23  alpha_phi    2.75987e-02   3.20607e-02   2.93772e-05  -3.60319e-02
  24  beta_phi    -6.74245e-02   7.20371e-02   3.53955e-05  -9.06046e-04
 EXTERNAL ERROR MATRIX.    NDIM=  25    NPAR=  7    ERR DEF=1
  2.618e-07  1.927e-07 -5.926e-04  2.889e-07 -1.144e-05  6.093e-06 -2.639e-07 
  1.927e-07  3.311e-07  5.175e-04  3.810e-06 -8.873e-06  6.215e-06  2.504e-06 
 -5.926e-04  5.175e-04  2.292e+02  4.208e-01  7.974e-01 -4.363e-01  1.080e+00 
  2.889e-07  3.810e-06  4.208e-01  8.753e-04  1.378e-03 -7.335e-04  1.961e-03 
 -1.144e-05 -8.873e-06  7.974e-01  1.378e-03  3.237e-03 -1.774e-03  3.700e-03 
  6.093e-06  6.215e-06 -4.363e-01 -7.335e-04 -1.774e-03  1.028e-03 -2.049e-03 
 -2.639e-07  2.504e-06  1.080e+00  1.961e-03  3.700e-03 -2.049e-03  5.189e-03 
ERR MATRIX NOT POS-DEF
 PARAMETER  CORRELATION COEFFICIENTS  
       NO.  GLOBAL      8      9     20     21     22     23     24
        8  0.90221   1.000  0.654 -0.076  0.019 -0.393  0.371 -0.007
        9  0.92824   0.654  1.000  0.059  0.224 -0.271  0.337  0.060
       20  0.99755  -0.076  0.059  1.000  0.939  0.926 -0.899  0.991
       21  0.95853   0.019  0.224  0.939  1.000  0.819 -0.773  0.920
       22  0.99236  -0.393 -0.271  0.926  0.819  1.000 -0.972  0.903
       23  0.98308   0.371  0.337 -0.899 -0.773 -0.972  1.000 -0.887
       24  0.99517  -0.007  0.060  0.991  0.920  0.903 -0.887  1.000
 ERR MATRIX NOT POS-DEF
MINUIT - FIT wiggle + 1-CBO + 2-CBO
 **********
 **   42 **RES 
 **********
                   PARAMETER   16  beta_vw RESTORED TO VARIABLE.
                   PARAMETER   14  alpha_vw RESTORED TO VARIABLE.
                   PARAMETER   13  beta_y RESTORED TO VARIABLE.
                   PARAMETER   11  alpha_y RESTORED TO VARIABLE.
                   PARAMETER   10  beta_2CBO RESTORED TO VARIABLE.
                   PARAMETER    6  alpha_CBO RESTORED TO VARIABLE.
                   PARAMETER    4  phi RESTORED TO VARIABLE.
                   PARAMETER    3  A0 RESTORED TO VARIABLE.
                   PARAMETER    1  N0 RESTORED TO VARIABLE.
 **********
 **   43 **FIX           10
 **********
 **********
 **   44 **FIX           11
 **********
 **********
 **   45 **FIX           12
 **********
 PARAMETER   12  IS CONSTANT.   IGNORED.
 **********
 **   46 **FIX           13
 **********
 **********
 **   47 **FIX           14
 **********
 **********
 **   48 **FIX           15
 **********
 PARAMETER   15  IS CONSTANT.   IGNORED.
 **********
 **   49 **FIX           16
 **********
 **********
 **   50 **MIGRAD
 **********
 START MIGRAD MINIMIZATION.  STRATEGY  1.  CONVERGENCE WHEN EDM .LT. 1.00e-04
 FCN=103.754 FROM MIGRAD    STATUS=INITIATE       22 CALLS        1269 TOTAL
                     EDM= unknown      STRATEGY= 1      NO ERROR MATRIX       
  EXT PARAMETER               CURRENT GUESS       STEP         FIRST   
  NO.   NAME      VALUE            ERROR          SIZE      DERIVATIVE 
   1  N0           2.88771e+06   2.44777e+03   2.44777e+03   7.29534e-05
   2  tau          6.43983e+01   constant   
   3  A0           3.49900e-01   9.24801e-04   9.24801e-04   2.46438e+02
   4  phi          4.14682e+00   3.53587e-03   3.53587e-03  -2.32276e+01
   5  R           -6.16270e+01   constant   
   6  alpha_CBO   -1.08312e-03   2.03812e-03   2.03812e-03  -6.57125e+02
   7  w_CBO        2.32500e+00   constant   
   8  beta_CBO     1.37513e-04   5.11686e-04   1.10427e-06   1.41663e+00
   9  alpha_2CBO   2.23123e-04   5.75441e-04   1.07108e-06   2.04179e+00
  10  beta_2CBO   -6.73471e-04     fixed    
  11  alpha_y      0.00000e+00     fixed    
  12  w_y          1.44500e+01   constant   
  13  beta_y      -5.28433e-04     fixed    
  14  alpha_vw     0.00000e+00     fixed    
  15  w_vw         1.29000e+01   constant   
  16  beta_vw      0.00000e+00     fixed    
  17  LM          -2.35969e-04   constant   
  18  zeta_y       0.00000e+00   constant   
  19  zeta_vw      0.00000e+00   constant   
  20  T_CBO        3.14645e+01   1.51201e+01   3.03650e-05  -2.59747e-02
  21  alpha_A0    -2.57141e-02   2.95854e-02   4.21824e-05   3.01767e-03
  22  beta_A0     -4.93569e-02   5.68918e-02   3.51083e-05   6.33376e-02
  23  alpha_phi    2.75987e-02   3.20607e-02   2.93772e-05  -3.60320e-02
  24  beta_phi    -6.74245e-02   7.20371e-02   3.53955e-05  -9.05923e-04
 MIGRAD MINIMIZATION HAS CONVERGED.
 MIGRAD WILL VERIFY CONVERGENCE AND ERROR MATRIX.
 FCN=101.189 FROM HESSE     STATUS=NOT POSDEF    100 CALLS        2085 TOTAL
                     EDM=0.000100689    STRATEGY= 1      ERR MATRIX NOT POS-DEF
  EXT PARAMETER                APPROXIMATE        STEP         FIRST   
  NO.   NAME      VALUE            ERROR          SIZE      DERIVATIVE 
   1  N0           2.89505e+06   5.24101e+03   2.13595e+00   2.40919e-06
   2  tau          6.43983e+01   constant   
   3  A0           3.51184e-01   2.21842e-03   8.21681e-07   2.98880e+00
   4  phi          4.14506e+00   7.61485e-03   2.94820e-06   1.03462e+00
   5  R           -6.16270e+01   constant   
   6  alpha_CBO    7.66869e-03   2.27568e-03   1.00753e-06  -1.52569e+00
   7  w_CBO        2.32500e+00   constant   
   8  beta_CBO     3.95153e-03   1.98803e-03   1.08782e-06  -4.68167e+00
   9  alpha_2CBO   3.97794e-03   1.06693e-03   1.05690e-06  -5.19385e-01
  10  beta_2CBO   -6.73471e-04     fixed    
  11  alpha_y      0.00000e+00     fixed    
  12  w_y          1.44500e+01   constant   
  13  beta_y      -5.28433e-04     fixed    
  14  alpha_vw     0.00000e+00     fixed    
  15  w_vw         1.29000e+01   constant   
  16  beta_vw      0.00000e+00     fixed    
  17  LM          -2.35969e-04   constant   
  18  zeta_y       0.00000e+00   constant   
  19  zeta_vw      0.00000e+00   constant   
  20  T_CBO        3.45756e+01   4.71960e+00   9.58830e-06   3.32675e-01
  21  alpha_A0    -2.25147e-01   7.01906e-02   3.49611e-05  -1.09292e-01
  22  beta_A0     -1.38629e-01   6.32794e-02   2.85188e-05  -2.99643e-01
  23  alpha_phi    1.45334e-01   5.86667e-02   2.32018e-05  -2.48681e-01
  24  beta_phi     4.51656e-02   5.48170e-02   2.83629e-05  -6.97861e-02
 CALL LIMIT EXCEEDED IN MIGRAD.
 MIGRAD TERMINATED WITHOUT CONVERGENCE.
 FCN=100.593 FROM MIGRAD    STATUS=CALL LIMIT   1922 CALLS        3169 TOTAL
                     EDM=0.0116839    STRATEGY= 1      ERR MATRIX NOT POS-DEF
  EXT PARAMETER                APPROXIMATE        STEP         FIRST   
  NO.   NAME      VALUE            ERROR          SIZE      DERIVATIVE 
   1  N0           2.91046e+06   1.34525e+04  -2.88547e+02   1.62413e-04
   2  tau          6.43983e+01   constant   
   3  A0           3.40948e-01   3.15213e-03  -2.51815e-05  -1.40294e+01
   4  phi          4.24021e+00   3.22534e-02  -1.06161e-04   1.26747e+02
   5  R           -6.16270e+01   constant   
   6  alpha_CBO    4.13052e-03   5.33177e-03  -4.11232e-05  -2.74417e+01
   7  w_CBO        2.32500e+00   constant   
   8  beta_CBO     1.86571e-02   5.97437e-03   1.60376e-05  -1.68455e+02
   9  alpha_2CBO   4.22079e-03   2.14366e-03  -3.83744e-06   2.06996e+01
  10  beta_2CBO   -6.73471e-04     fixed    
  11  alpha_y      0.00000e+00     fixed    
  12  w_y          1.44500e+01   constant   
  13  beta_y      -5.28433e-04     fixed    
  14  alpha_vw     0.00000e+00     fixed    
  15  w_vw         1.29000e+01   constant   
  16  beta_vw      0.00000e+00     fixed    
  17  LM          -2.35969e-04   constant   
  18  zeta_y       0.00000e+00   constant   
  19  zeta_vw      0.00000e+00   constant   
  20  T_CBO        3.56305e+01   6.40515e-01  -1.71047e-05  -1.39907e+02
  21  alpha_A0    -1.48549e-01   1.29144e-01  -1.40092e-03   3.06199e+00
  22  beta_A0      3.65141e-01   1.33283e-01  -2.58969e-03  -8.57566e+00
  23  alpha_phi    7.45687e-01   1.67250e-01  -2.46178e-03  -1.26660e+01
  24  beta_phi    -7.58724e-02   1.09229e-01   1.08101e-03   9.32276e+00
 EXTERNAL ERROR MATRIX.    NDIM=  25    NPAR= 11    ERR DEF=1
  1.810e+08 
  1.352e+01  9.936e-06 
  4.250e+00  5.370e-05  1.040e-03 
  5.243e+01  8.984e-06  1.283e-05  2.843e-05 
 -5.703e-01  1.029e-05  1.783e-04  9.477e-06  3.569e-05 
  1.659e+01  2.228e-06 -2.670e-06  1.063e-05  3.276e-06  4.595e-06 
 -2.038e+03  6.702e-04  1.608e-02 -1.518e-03  2.007e-03 -8.059e-04  4.103e-01 
 -4.719e+02  1.220e-04  2.228e-03 -3.996e-04  1.747e-04 -2.028e-04  7.590e-02  1.668e-02 
  9.589e+02  1.336e-04  2.817e-03  5.548e-05  3.195e-04 -4.225e-05  5.468e-02  9.193e-03  1.776e-02 
  1.599e+03  2.659e-04  3.585e-03  5.958e-04  6.813e-04  1.953e-04  2.327e-02 -5.885e-04  1.597e-02  2.797e-02 
 -3.328e+01 -2.470e-04 -2.988e-03  3.009e-05 -4.322e-04  5.966e-05 -6.107e-02 -1.145e-02 -9.762e-03 -8.291e-03  1.193e-02 
ERR MATRIX NOT POS-DEF
 PARAMETER  CORRELATION COEFFICIENTS  
       NO.  GLOBAL      1      3      4      6      8      9     20     21     22     23     24
        1  0.99995   1.000  0.319  0.010  0.731 -0.007  0.575 -0.237 -0.272  0.535  0.711 -0.023
        3  0.99962   0.319  1.000  0.528  0.535  0.546  0.330  0.332  0.300  0.318  0.504 -0.717
        4  0.99998   0.010  0.528  1.000  0.075  0.925 -0.039  0.778  0.535  0.655  0.664 -0.848
        6  0.99936   0.731  0.535  0.075  1.000  0.298  0.930 -0.444 -0.580  0.078  0.668  0.052
        8  0.99966  -0.007  0.546  0.925  0.298  1.000  0.256  0.525  0.226  0.401  0.682 -0.662
        9  0.99581   0.575  0.330 -0.039  0.930  0.256  1.000 -0.587 -0.733 -0.148  0.545  0.255
       20  0.99508  -0.237  0.332  0.778 -0.444  0.525 -0.587  1.000  0.918  0.640  0.217 -0.873
       21  0.99863  -0.272  0.300  0.535 -0.580  0.226 -0.733  0.918  1.000  0.534 -0.027 -0.812
       22  0.99984   0.535  0.318  0.655  0.078  0.401 -0.148  0.640  0.534  1.000  0.716 -0.671
       23  0.99995   0.711  0.504  0.664  0.668  0.682  0.545  0.217 -0.027  0.716  1.000 -0.454
       24  0.99919  -0.023 -0.717 -0.848  0.052 -0.662  0.255 -0.873 -0.812 -0.671 -0.454  1.000
 ERR MATRIX NOT POS-DEF
MINUIT - FIT ONLY 1-y
 **********
 **   51 **RES 
 **********
                   PARAMETER   16  beta_vw RESTORED TO VARIABLE.
                   PARAMETER   14  alpha_vw RESTORED TO VARIABLE.
                   PARAMETER   13  beta_y RESTORED TO VARIABLE.
                   PARAMETER   11  alpha_y RESTORED TO VARIABLE.
                   PARAMETER   10  beta_2CBO RESTORED TO VARIABLE.
 **********
 **   52 **FIX            0
 **********
 PARAMETER    0  IS UNDEFINED. IGNORED.
 **********
 **   53 **FIX            1
 **********
 **********
 **   54 **FIX            2
 **********
 PARAMETER    2  IS CONSTANT.   IGNORED.
 **********
 **   55 **FIX            3
 **********
 **********
 **   56 **FIX            4
 **********
 **********
 **   57 **FIX            5
 **********
 PARAMETER    5  IS CONSTANT.   IGNORED.
 **********
 **   58 **FIX            6
 **********
 **********
 **   59 **FIX            7
 **********
 PARAMETER    7  IS CONSTANT.   IGNORED.
 **********
 **   60 **FIX            8
 **********
 **********
 **   61 **FIX            9
 **********
 **********
 **   62 **FIX           13
 **********
 **********
 **   63 **FIX           14
 **********
 **********
 **   64 **FIX           15
 **********
 PARAMETER   15  IS CONSTANT.   IGNORED.
 **********
 **   65 **FIX           16
 **********
 **********
 **   66 **MIGRAD
 **********
 START MIGRAD MINIMIZATION.  STRATEGY  1.  CONVERGENCE WHEN EDM .LT. 1.00e-04
 FCN=100.593 FROM MIGRAD    STATUS=INITIATE       16 CALLS        3185 TOTAL
                     EDM= unknown      STRATEGY= 1      NO ERROR MATRIX       
  EXT PARAMETER               CURRENT GUESS       STEP         FIRST   
  NO.   NAME      VALUE            ERROR          SIZE      DERIVATIVE 
   1  N0           2.91046e+06     fixed    
   2  tau          6.43983e+01   constant   
   3  A0           3.40948e-01     fixed    
   4  phi          4.24021e+00     fixed    
   5  R           -6.16270e+01   constant   
   6  alpha_CBO    4.13052e-03     fixed    
   7  w_CBO        2.32500e+00   constant   
   8  beta_CBO     1.86571e-02     fixed    
   9  alpha_2CBO   4.22079e-03     fixed    
  10  beta_2CBO   -6.73471e-04   1.11765e-03   1.11765e-03   1.75075e+01
  11  alpha_y      0.00000e+00   1.00000e-03   1.00000e-03   8.20212e+04
  12  w_y          1.44500e+01   constant   
  13  beta_y      -5.28433e-04     fixed    
  14  alpha_vw     0.00000e+00     fixed    
  15  w_vw         1.29000e+01   constant   
  16  beta_vw      0.00000e+00     fixed    
  17  LM          -2.35969e-04   constant   
  18  zeta_y       0.00000e+00   constant   
  19  zeta_vw      0.00000e+00   constant   
  20  T_CBO        3.56305e+01   6.40515e-01  -1.71047e-05  -1.39907e+02
  21  alpha_A0    -1.48549e-01   1.29144e-01  -1.40092e-03   3.06199e+00
  22  beta_A0      3.65141e-01   1.33283e-01  -2.58969e-03  -8.57566e+00
  23  alpha_phi    7.45687e-01   1.67250e-01  -2.46178e-03  -1.26660e+01
  24  beta_phi    -7.58724e-02   1.09229e-01   1.08101e-03   9.32276e+00
 MIGRAD MINIMIZATION HAS CONVERGED.
 MIGRAD WILL VERIFY CONVERGENCE AND ERROR MATRIX.
 FCN=21.5313 FROM MIGRAD    STATUS=CONVERGED     161 CALLS        3330 TOTAL
                     EDM=8.04024e-05    STRATEGY= 1      ERR MATRIX NOT POS-DEF
  EXT PARAMETER                APPROXIMATE        STEP         FIRST   
  NO.   NAME      VALUE            ERROR          SIZE      DERIVATIVE 
   1  N0           2.91046e+06     fixed    
   2  tau          6.43983e+01   constant   
   3  A0           3.40948e-01     fixed    
   4  phi          4.24021e+00     fixed    
   5  R           -6.16270e+01   constant   
   6  alpha_CBO    4.13052e-03     fixed    
   7  w_CBO        2.32500e+00   constant   
   8  beta_CBO     1.86571e-02     fixed    
   9  alpha_2CBO   4.22079e-03     fixed    
  10  beta_2CBO   -1.02696e-03   3.36996e-04   4.85329e-07   6.38372e-01
  11  alpha_y     -1.92654e-03   2.16388e-04   4.96729e-07  -5.49114e-01
  12  w_y          1.44500e+01   constant   
  13  beta_y      -5.28433e-04     fixed    
  14  alpha_vw     0.00000e+00     fixed    
  15  w_vw         1.29000e+01   constant   
  16  beta_vw      0.00000e+00     fixed    
  17  LM          -2.35969e-04   constant   
  18  zeta_y       0.00000e+00   constant   
  19  zeta_vw      0.00000e+00   constant   
  20  T_CBO        3.56479e+01   1.44614e+00   1.19059e-06  -1.33653e+00
  21  alpha_A0    -1.50723e-01   1.51751e-02   1.54692e-05   6.13955e-03
  22  beta_A0      3.62254e-01   2.92393e-02   1.33013e-05  -2.74383e-02
  23  alpha_phi    7.46550e-01   5.93289e-02   1.05667e-05   4.39275e-02
  24  beta_phi    -8.58929e-02   1.02061e-02   1.23583e-05  -7.92018e-02
 EXTERNAL ERROR MATRIX.    NDIM=  25    NPAR=  7    ERR DEF=1
  1.136e-07  8.240e-09  2.316e-05  1.428e-06 -2.729e-07 -1.009e-06  1.938e-06 
  8.240e-09  4.682e-08 -6.309e-07  4.772e-08  7.548e-08 -9.623e-09  2.323e-07 
  2.316e-05 -6.309e-07  2.091e+00  1.862e-02 -4.143e-02 -8.551e-02  9.457e-03 
  1.428e-06  4.772e-08  1.862e-02  2.303e-04 -3.648e-04 -7.520e-04  9.269e-05 
 -2.729e-07  7.548e-08 -4.143e-02 -3.648e-04  8.549e-04  1.690e-03 -1.844e-04 
 -1.009e-06 -9.623e-09 -8.551e-02 -7.520e-04  1.690e-03  3.520e-03 -3.938e-04 
  1.938e-06  2.323e-07  9.457e-03  9.269e-05 -1.844e-04 -3.938e-04  1.042e-04 
ERR MATRIX NOT POS-DEF
 PARAMETER  CORRELATION COEFFICIENTS  
       NO.  GLOBAL     10     11     20     21     22     23     24
       10  0.78410   1.000  0.113  0.048  0.279 -0.028 -0.050  0.563
       11  0.14615   0.113  1.000 -0.002  0.015  0.012 -0.001  0.105
       20  0.99783   0.048 -0.002  1.000  0.848 -0.980 -0.997  0.641
       21  0.89832   0.279  0.015  0.848  1.000 -0.822 -0.835  0.598
       22  0.98059  -0.028  0.012 -0.980 -0.822  1.000  0.974 -0.618
       23  0.99705  -0.050 -0.001 -0.997 -0.835  0.974  1.000 -0.650
       24  0.85304   0.563  0.105  0.641  0.598 -0.618 -0.650  1.000
 ERR MATRIX NOT POS-DEF
MINUIT - FIT ONLY 2-y
 **********
 **   67 **RES 
 **********
                   PARAMETER   16  beta_vw RESTORED TO VARIABLE.
                   PARAMETER   14  alpha_vw RESTORED TO VARIABLE.
                   PARAMETER   13  beta_y RESTORED TO VARIABLE.
                   PARAMETER    9  alpha_2CBO RESTORED TO VARIABLE.
                   PARAMETER    8  beta_CBO RESTORED TO VARIABLE.
                   PARAMETER    6  alpha_CBO RESTORED TO VARIABLE.
                   PARAMETER    4  phi RESTORED TO VARIABLE.
                   PARAMETER    3  A0 RESTORED TO VARIABLE.
                   PARAMETER    1  N0 RESTORED TO VARIABLE.
 **********
 **   68 **FIX            0
 **********
 PARAMETER    0  IS UNDEFINED. IGNORED.
 **********
 **   69 **FIX            1
 **********
 **********
 **   70 **FIX            2
 **********
 PARAMETER    2  IS CONSTANT.   IGNORED.
 **********
 **   71 **FIX            3
 **********
 **********
 **   72 **FIX            4
 **********
 **********
 **   73 **FIX            5
 **********
 PARAMETER    5  IS CONSTANT.   IGNORED.
 **********
 **   74 **FIX            6
 **********
 **********
 **   75 **FIX            7
 **********
 PARAMETER    7  IS CONSTANT.   IGNORED.
 **********
 **   76 **FIX            8
 **********
 **********
 **   77 **FIX            9
 **********
 **********
 **   78 **FIX           10
 **********
 **********
 **   79 **FIX           11
 **********
 **********
 **   80 **FIX           12
 **********
 PARAMETER   12  IS CONSTANT.   IGNORED.
 **********
 **   81 **FIX           16
 **********
 **********
 **   82 **MIGRAD
 **********
 START MIGRAD MINIMIZATION.  STRATEGY  1.  CONVERGENCE WHEN EDM .LT. 1.00e-04
 FCN=21.5313 FROM MIGRAD    STATUS=INITIATE       16 CALLS        3346 TOTAL
                     EDM= unknown      STRATEGY= 1      NO ERROR MATRIX       
  EXT PARAMETER               CURRENT GUESS       STEP         FIRST   
  NO.   NAME      VALUE            ERROR          SIZE      DERIVATIVE 
   1  N0           2.91046e+06     fixed    
   2  tau          6.43983e+01   constant   
   3  A0           3.40948e-01     fixed    
   4  phi          4.24021e+00     fixed    
   5  R           -6.16270e+01   constant   
   6  alpha_CBO    4.13052e-03     fixed    
   7  w_CBO        2.32500e+00   constant   
   8  beta_CBO     1.86571e-02     fixed    
   9  alpha_2CBO   4.22079e-03     fixed    
  10  beta_2CBO   -1.02696e-03     fixed    
  11  alpha_y     -1.92654e-03     fixed    
  12  w_y          1.44500e+01   constant   
  13  beta_y      -5.28433e-04   2.21634e-04   2.21634e-04  -9.05804e+03
  14  alpha_vw     0.00000e+00   1.00000e-03   1.00000e-03   1.36502e+04
  15  w_vw         1.29000e+01   constant   
  16  beta_vw      0.00000e+00     fixed    
  17  LM          -2.35969e-04   constant   
  18  zeta_y       0.00000e+00   constant   
  19  zeta_vw      0.00000e+00   constant   
  20  T_CBO        3.56479e+01   1.44614e+00   1.19059e-06  -1.33654e+00
  21  alpha_A0    -1.50723e-01   1.51751e-02   1.54692e-05   6.14367e-03
  22  beta_A0      3.62254e-01   2.92393e-02   1.33013e-05  -2.74442e-02
  23  alpha_phi    7.46550e-01   5.93289e-02   1.05667e-05   4.39272e-02
  24  beta_phi    -8.58929e-02   1.02061e-02   1.23583e-05  -7.92016e-02
 MIGRAD MINIMIZATION HAS CONVERGED.
 MIGRAD WILL VERIFY CONVERGENCE AND ERROR MATRIX.
 FCN=15.8231 FROM MIGRAD    STATUS=CONVERGED     160 CALLS        3490 TOTAL
                     EDM=1.34466e-05    STRATEGY= 1      ERR MATRIX NOT POS-DEF
  EXT PARAMETER                APPROXIMATE        STEP         FIRST   
  NO.   NAME      VALUE            ERROR          SIZE      DERIVATIVE 
   1  N0           2.91046e+06     fixed    
   2  tau          6.43983e+01   constant   
   3  A0           3.40948e-01     fixed    
   4  phi          4.24021e+00     fixed    
   5  R           -6.16270e+01   constant   
   6  alpha_CBO    4.13052e-03     fixed    
   7  w_CBO        2.32500e+00   constant   
   8  beta_CBO     1.86571e-02     fixed    
   9  alpha_2CBO   4.22079e-03     fixed    
  10  beta_2CBO   -1.02696e-03     fixed    
  11  alpha_y     -1.92654e-03     fixed    
  12  w_y          1.44500e+01   constant   
  13  beta_y      -8.85986e-05   2.37481e-04   4.20002e-07  -5.43128e-01
  14  alpha_vw    -5.44423e-04   2.48379e-04   4.37513e-07  -3.12294e-01
  15  w_vw         1.29000e+01   constant   
  16  beta_vw      0.00000e+00     fixed    
  17  LM          -2.35969e-04   constant   
