 + ++++++++++++++++++++++++++++++++++++++++++++++++++++++++++++++++++++ +
 +                                                                      +
 +           You have chose to blind your fitting according to          +
 +                omega_ref * (1 + (R +/- deltaR) *10^{-6})             +
 +                                                                      +
 + ++++++++++++++++++++++++++++++++++++++++++++++++++++++++++++++++++++ +
In main()...
reading format from /gm2data/zkhechad/run45/envelope/formats/formatB_sBin_constraintOn.txt
pBinTau 	= 0  
pBinPhi 	= 0  
constraintau 	= 1 
includeMopTerm 	= 0    
constrainMop    = 0   
Parameters after format file: pBinTau 0 pBinPhi 0 constraintau 1 includeMopTerm 0 constrainMop 0 c_e_scale 0.000000 
Opening file /gm2data/tbarrett/gm2fr/studies/run23_bunch_corrections/CorrectedFourier_Run3b.root.
reading full fit data from /gm2data/zkhechad/cboTemplates/Run4CBOTemplates/templateFits0_v2.0/noRF/sBin_constraintOn_cE0.0_seed0_noRF_calo17.root
windowBins = 69
fitting sliding window 858 from bin 994 at 148.155600 to bin 1063 at 158.599600 (69 bins)

Reading data from /gm2data/cornell/histograms/aMethod/histogram_a_noRF.root
 **********
 **    1 **SET PRINTOUT            1
 **********
 **********
 **    2 **SET NOWARNINGS 
 **********
 PARAMETER DEFINITIONS:
    NO.   NAME         VALUE      STEP SIZE      LIMITS
     1 N0           3.18443e+06  1.00000e+02     no limits
     2 tau          6.43838e+01  constant
     3 A0           3.45292e-01  1.00000e-04     no limits
     4 phi          4.12003e+00  1.00000e-02     no limits
     5 R           -6.09625e+01  constant
     6 alpha_CBO    0.00000e+00  1.00000e-03     no limits
     7 w_CBO        2.32500e+00  constant
     8 beta_CBO     0.00000e+00  1.00000e-03     no limits
     9 alpha_2CBO   0.00000e+00  1.00000e-03     no limits
    10 beta_2CBO    0.00000e+00  1.00000e-03     no limits
    11 alpha_y      0.00000e+00  1.00000e-03     no limits
    12 w_y          1.44500e+01  constant
    13 beta_y       0.00000e+00  1.00000e-03     no limits
    14 alpha_vw     0.00000e+00  1.00000e-03     no limits
    15 w_vw         1.29000e+01  constant
    16 beta_vw      0.00000e+00  1.00000e-03     no limits
    17 LM          -7.20700e-04  constant
    18 zeta_y       0.00000e+00  constant
    19 zeta_vw      0.00000e+00  constant
    20 T_CBO        1.00000e+02  1.00000e+00    0.00000e+00  1.00000e+03
    21 alpha_A0     0.00000e+00  1.00000e-03     no limits
    22 beta_A0      0.00000e+00  1.00000e-03     no limits
    23 alpha_phi    0.00000e+00  1.00000e-03     no limits
    24 beta_phi     0.00000e+00  1.00000e-03     no limits
MINUIT - FIT ONLY WIGGLE
 **********
 **    3 **FIX            5
 **********
 PARAMETER    5  IS CONSTANT.   IGNORED.
 **********
 **    4 **FIX            6
 **********
 **********
 **    5 **FIX            7
 **********
 PARAMETER    7  IS CONSTANT.   IGNORED.
 **********
 **    6 **FIX            8
 **********
 **********
 **    7 **FIX            9
 **********
 **********
 **    8 **FIX           10
 **********
 **********
 **    9 **FIX           11
 **********
 **********
 **   10 **FIX           12
 **********
 PARAMETER   12  IS CONSTANT.   IGNORED.
 **********
 **   11 **FIX           13
 **********
 **********
 **   12 **FIX           14
 **********
 **********
 **   13 **FIX           15
 **********
 PARAMETER   15  IS CONSTANT.   IGNORED.
 **********
 **   14 **FIX           16
 **********
 **********
 **   15 **MIGRAD
 **********
 FIRST CALL TO USER FUNCTION AT NEW START POINT, WITH IFLAG=4.
 START MIGRAD MINIMIZATION.  STRATEGY  1.  CONVERGENCE WHEN EDM .LT. 1.00e-04
 FCN=486.661 FROM MIGRAD    STATUS=INITIATE      437 CALLS         438 TOTAL
                     EDM= unknown      STRATEGY= 1      NO ERROR MATRIX       
  EXT PARAMETER               CURRENT GUESS       STEP         FIRST   
  NO.   NAME      VALUE            ERROR          SIZE      DERIVATIVE 
   1  N0           3.18443e+06   1.00000e+02   0.00000e+00   9.46563e-04
   2  tau          6.43838e+01   constant   
   3  A0           3.45292e-01   1.00000e-04   0.00000e+00   3.87639e+04
   4  phi          4.12003e+00   1.00000e-02   0.00000e+00  -7.03170e+03
   5  R           -6.09625e+01   constant   
   6  alpha_CBO    0.00000e+00     fixed    
   7  w_CBO        2.32500e+00   constant   
   8  beta_CBO     0.00000e+00     fixed    
   9  alpha_2CBO   0.00000e+00     fixed    
  10  beta_2CBO    0.00000e+00     fixed    
  11  alpha_y      0.00000e+00     fixed    
  12  w_y          1.44500e+01   constant   
  13  beta_y       0.00000e+00     fixed    
  14  alpha_vw     0.00000e+00     fixed    
  15  w_vw         1.29000e+01   constant   
  16  beta_vw      0.00000e+00     fixed    
  17  LM          -7.20700e-04   constant   
  18  zeta_y       0.00000e+00   constant   
  19  zeta_vw      0.00000e+00   constant   
  20  T_CBO        1.00000e+02   1.00000e+00   0.00000e+00   0.00000e+00
  21  alpha_A0     0.00000e+00   1.00000e-03   0.00000e+00   1.62452e+03
  22  beta_A0      0.00000e+00   1.00000e-03   0.00000e+00   1.02214e+02
  23  alpha_phi    0.00000e+00   1.00000e-03   0.00000e+00   2.90005e+03
  24  beta_phi     0.00000e+00   1.00000e-03   0.00000e+00  -1.03984e+03
 MIGRAD MINIMIZATION HAS CONVERGED.
 FCN=441.146 FROM MIGRAD    STATUS=CONVERGED    1223 CALLS        1224 TOTAL
                     EDM=4.76335e-07    STRATEGY= 1  ERROR MATRIX UNCERTAINTY   0.4 per cent
  EXT PARAMETER                                   STEP         FIRST   
  NO.   NAME      VALUE            ERROR          SIZE      DERIVATIVE 
   1  N0           3.18442e+06   4.38655e+02  -1.23070e-01   5.01326e-07
   2  tau          6.43838e+01   constant   
   3  A0           3.44760e-01   1.71343e-04   1.73576e-08  -3.45619e+00
   4  phi          4.12100e+00   5.34565e-04  -2.21782e-07  -1.63826e-01
   5  R           -6.09625e+01   constant   
   6  alpha_CBO    0.00000e+00     fixed    
   7  w_CBO        2.32500e+00   constant   
   8  beta_CBO     0.00000e+00     fixed    
   9  alpha_2CBO   0.00000e+00     fixed    
  10  beta_2CBO    0.00000e+00     fixed    
  11  alpha_y      0.00000e+00     fixed    
  12  w_y          1.44500e+01   constant   
  13  beta_y       0.00000e+00     fixed    
  14  alpha_vw     0.00000e+00     fixed    
  15  w_vw         1.29000e+01   constant   
  16  beta_vw      0.00000e+00     fixed    
  17  LM          -7.20700e-04   constant   
  18  zeta_y       0.00000e+00   constant   
  19  zeta_vw      0.00000e+00   constant   
  20  T_CBO        9.99998e+02   7.50906e+02   1.98412e-02  -9.48480e-05
  21  alpha_A0    -2.22226e-03   8.91079e-04   4.40531e-07   4.55737e-01
  22  beta_A0     -4.63728e-04   1.03512e-03   2.58333e-08  -5.21847e-01
  23  alpha_phi   -3.80378e-03   7.92077e-04   1.42466e-06   1.07245e+00
  24  beta_phi     1.19043e-03   8.81937e-04  -1.52788e-08  -2.66962e-01
 EXTERNAL ERROR MATRIX.    NDIM=  25    NPAR=  8    ERR DEF=1
  1.924e+05  1.601e-02  1.072e-02 -6.469e+01 -8.301e-02 -1.103e-02 -1.508e-03  5.256e-02 
  1.601e-02  2.936e-08  4.829e-09 -1.767e-06 -6.339e-09 -1.248e-08 -4.280e-09 -4.978e-09 
  1.072e-02  4.829e-09  2.858e-07 -1.045e-04 -3.731e-09 -1.094e-07  4.714e-09 -3.135e-08 
 -6.469e+01 -1.767e-06 -1.045e-04  1.352e+02  3.081e-04  4.399e-06  8.655e-04 -1.481e-04 
 -8.301e-02 -6.339e-09 -3.731e-09  3.081e-04  7.940e-07  2.470e-08 -1.007e-08  8.730e-08 
 -1.103e-02 -1.248e-08 -1.094e-07  4.399e-06  2.470e-08  1.071e-06  6.082e-08  1.482e-07 
 -1.508e-03 -4.280e-09  4.714e-09  8.655e-04 -1.007e-08  6.082e-08  6.274e-07  8.483e-09 
  5.256e-02 -4.978e-09 -3.135e-08 -1.481e-04  8.730e-08  1.482e-07  8.483e-09  7.778e-07 
 PARAMETER  CORRELATION COEFFICIENTS  
       NO.  GLOBAL      1      3      4     20     21     22     23     24
        1  0.34217   1.000  0.213  0.046 -0.013 -0.212 -0.024 -0.004  0.136
        3  0.23254   0.213  1.000  0.053 -0.001 -0.042 -0.070 -0.032 -0.033
        4  0.21111   0.046  0.053  1.000 -0.017 -0.008 -0.198  0.011 -0.066
       20  0.10300  -0.013 -0.001 -0.017  1.000  0.030  0.000  0.094 -0.014
       21  0.25806  -0.212 -0.042 -0.008  0.030  1.000  0.027 -0.014  0.111
       22  0.26561  -0.024 -0.070 -0.198  0.000  0.027  1.000  0.074  0.162
       23  0.12762  -0.004 -0.032  0.011  0.094 -0.014  0.074  1.000  0.012
       24  0.26485   0.136 -0.033 -0.066 -0.014  0.111  0.162  0.012  1.000
MINUIT - FIT ONLY 1-CBO + wiggle
 **********
 **   16 **RES 
 **********
                   PARAMETER   16  beta_vw RESTORED TO VARIABLE.
                   PARAMETER   14  alpha_vw RESTORED TO VARIABLE.
                   PARAMETER   13  beta_y RESTORED TO VARIABLE.
                   PARAMETER   11  alpha_y RESTORED TO VARIABLE.
                   PARAMETER   10  beta_2CBO RESTORED TO VARIABLE.
                   PARAMETER    9  alpha_2CBO RESTORED TO VARIABLE.
                   PARAMETER    8  beta_CBO RESTORED TO VARIABLE.
                   PARAMETER    6  alpha_CBO RESTORED TO VARIABLE.
 **********
 **   17 **FIX            8
 **********
 **********
 **   18 **FIX            9
 **********
 **********
 **   19 **FIX           11
 **********
 **********
 **   20 **FIX           12
 **********
 PARAMETER   12  IS CONSTANT.   IGNORED.
 **********
 **   21 **FIX           14
 **********
 **********
 **   22 **FIX           15
 **********
 PARAMETER   15  IS CONSTANT.   IGNORED.
 **********
 **   23 **FIX           16
 **********
 **********
 **   24 **MIGRAD
 **********
 START MIGRAD MINIMIZATION.  STRATEGY  1.  CONVERGENCE WHEN EDM .LT. 1.00e-04
 FCN=441.146 FROM MIGRAD    STATUS=INITIATE       28 CALLS        1252 TOTAL
                     EDM= unknown      STRATEGY= 1      NO ERROR MATRIX       
  EXT PARAMETER               CURRENT GUESS       STEP         FIRST   
  NO.   NAME      VALUE            ERROR          SIZE      DERIVATIVE 
   1  N0           3.18442e+06   4.38655e+02  -1.23070e-01   5.01326e-07
   2  tau          6.43838e+01   constant   
   3  A0           3.44760e-01   1.71343e-04   1.73576e-08  -3.45619e+00
   4  phi          4.12100e+00   5.34565e-04  -2.21782e-07  -1.63826e-01
   5  R           -6.09625e+01   constant   
   6  alpha_CBO    0.00000e+00   1.00000e-03   1.00000e-03  -1.77469e+04
   7  w_CBO        2.32500e+00   constant   
   8  beta_CBO     0.00000e+00     fixed    
   9  alpha_2CBO   0.00000e+00     fixed    
  10  beta_2CBO    0.00000e+00   1.00000e-03   1.00000e-03   1.98081e+04
  11  alpha_y      0.00000e+00     fixed    
  12  w_y          1.44500e+01   constant   
  13  beta_y       0.00000e+00   1.00000e-03   1.00000e-03   1.90986e+04
  14  alpha_vw     0.00000e+00     fixed    
  15  w_vw         1.29000e+01   constant   
  16  beta_vw      0.00000e+00     fixed    
  17  LM          -7.20700e-04   constant   
  18  zeta_y       0.00000e+00   constant   
  19  zeta_vw      0.00000e+00   constant   
  20  T_CBO        9.99998e+02   7.50906e+02   1.98412e-02  -9.46844e-05
  21  alpha_A0    -2.22226e-03   8.91079e-04   4.40531e-07   4.55734e-01
  22  beta_A0     -4.63728e-04   1.03512e-03   2.58333e-08  -5.21851e-01
  23  alpha_phi   -3.80378e-03   7.92077e-04   1.42466e-06   1.07245e+00
  24  beta_phi     1.19043e-03   8.81937e-04  -1.52788e-08  -2.66963e-01
 MIGRAD MINIMIZATION HAS CONVERGED.
 MIGRAD WILL VERIFY CONVERGENCE AND ERROR MATRIX.
 COVARIANCE MATRIX CALCULATED SUCCESSFULLY
 FCN=430.7 FROM MIGRAD    STATUS=CONVERGED     245 CALLS        1469 TOTAL
                     EDM=8.54303e-07    STRATEGY= 1      ERROR MATRIX ACCURATE 
  EXT PARAMETER                                   STEP         FIRST   
  NO.   NAME      VALUE            ERROR          SIZE      DERIVATIVE 
   1  N0           3.18439e+06   4.67551e+02   4.42805e+00   1.80963e-06
   2  tau          6.43838e+01   constant   
   3  A0           3.44740e-01   1.72700e-04   1.69917e-06  -1.02526e+00
   4  phi          4.12063e+00   5.77422e-04   5.54184e-06   3.85481e-01
   5  R           -6.09625e+01   constant   
   6  alpha_CBO    3.69638e-04   2.04983e-04   1.94065e-06  -3.16124e+00
   7  w_CBO        2.32500e+00   constant   
   8  beta_CBO     0.00000e+00     fixed    
   9  alpha_2CBO   0.00000e+00     fixed    
  10  beta_2CBO   -3.81696e-04   1.97819e-04   1.95872e-06  -1.63068e+00
  11  alpha_y      0.00000e+00     fixed    
  12  w_y          1.44500e+01   constant   
  13  beta_y      -3.54564e-04   1.93615e-04   1.96320e-06  -2.78825e+00
  14  alpha_vw     0.00000e+00     fixed    
  15  w_vw         1.29000e+01   constant   
  16  beta_vw      0.00000e+00     fixed    
  17  LM          -7.20700e-04   constant   
  18  zeta_y       0.00000e+00   constant   
  19  zeta_vw      0.00000e+00   constant   
  20  T_CBO        1.00000e+03   7.99242e+02   8.38376e-02** at limit **
  21  alpha_A0    -2.25377e-03   8.73145e-04   8.59009e-06   3.21577e-01
  22  beta_A0      1.07192e-04   1.00859e-03   9.79426e-06   3.86354e-01
  23  alpha_phi   -3.55156e-03   8.57216e-04   8.27394e-06  -3.23277e-02
  24  beta_phi     1.26068e-03   8.03321e-04   7.98307e-06  -1.80607e-01
 EXTERNAL ERROR MATRIX.    NDIM=  25    NPAR= 11    ERR DEF=1
  2.186e+05 
  1.771e-02  2.983e-08 
 -8.651e-03  4.309e-09  3.334e-07 
 -1.903e-03 -1.574e-09 -3.029e-08  4.202e-08 
  1.244e-03  2.915e-10  7.875e-09  3.015e-10  3.913e-08 
 -3.401e-04  2.967e-10  1.923e-09  1.184e-11 -3.391e-10  3.749e-08 
  7.711e-03  8.544e-09 -1.954e-08  4.792e-09  3.363e-09 -4.873e-11  2.209e-03 
 -9.165e-02 -6.351e-09  9.917e-09 -5.535e-09 -3.276e-10 -1.568e-09 -2.808e-06  7.624e-07 
 -5.195e-03 -1.196e-08 -1.201e-07  1.968e-08 -3.612e-08 -4.006e-09  6.511e-08  4.996e-09  1.017e-06 
 -1.060e-02 -6.499e-09 -3.073e-08  4.587e-08  1.677e-08 -1.233e-09 -4.262e-06  6.382e-09  6.265e-08  7.348e-07 
  5.680e-02 -5.134e-09 -3.225e-08  2.989e-09 -2.566e-09 -1.880e-09  1.523e-06  1.186e-08  5.947e-08  1.414e-08  6.453e-07 
 PARAMETER  CORRELATION COEFFICIENTS  
       NO.  GLOBAL      1      3      4      6     10     13     20     21     22     23     24
        1  0.35153   1.000  0.219 -0.032 -0.020  0.013 -0.004  0.000 -0.225 -0.011 -0.026  0.151
        3  0.24388   0.219  1.000  0.043 -0.044  0.009  0.009  0.001 -0.042 -0.069 -0.044 -0.037
        4  0.32411  -0.032  0.043  1.000 -0.256  0.069  0.017 -0.001  0.020 -0.206 -0.062 -0.070
        6  0.35939  -0.020 -0.044 -0.256  1.000  0.007  0.000  0.000 -0.031  0.095  0.261  0.018
       10  0.21785   0.013  0.009  0.069  0.007  1.000 -0.009  0.000 -0.002 -0.181  0.099 -0.016
       13  0.03301  -0.004  0.009  0.017  0.000 -0.009  1.000 -0.000 -0.009 -0.021 -0.007 -0.012
       20  0.13842   0.000  0.001 -0.001  0.000  0.000 -0.000  1.000 -0.068  0.001 -0.106  0.040
       21  0.24418  -0.225 -0.042  0.020 -0.031 -0.002 -0.009 -0.068  1.000  0.006  0.009  0.017
       22  0.28947  -0.011 -0.069 -0.206  0.095 -0.181 -0.021  0.001  0.006  1.000  0.072  0.073
       23  0.30797  -0.026 -0.044 -0.062  0.261  0.099 -0.007 -0.106  0.009  0.072  1.000  0.021
       24  0.20128   0.151 -0.037 -0.070  0.018 -0.016 -0.012  0.040  0.017  0.073  0.021  1.000
MINUIT - FIT ONLY 2-CBO
 **********
 **   25 **RES 
 **********
                   PARAMETER   16  beta_vw RESTORED TO VARIABLE.
                   PARAMETER   14  alpha_vw RESTORED TO VARIABLE.
                   PARAMETER   11  alpha_y RESTORED TO VARIABLE.
                   PARAMETER    9  alpha_2CBO RESTORED TO VARIABLE.
                   PARAMETER    8  beta_CBO RESTORED TO VARIABLE.
 **********
 **   26 **FIX            0
 **********
 PARAMETER    0  IS UNDEFINED. IGNORED.
 **********
 **   27 **FIX            1
 **********
 **********
 **   28 **FIX            2
 **********
 PARAMETER    2  IS CONSTANT.   IGNORED.
 **********
 **   29 **FIX            3
 **********
 **********
 **   30 **FIX            4
 **********
 **********
 **   31 **FIX            5
 **********
 PARAMETER    5  IS CONSTANT.   IGNORED.
 **********
 **   32 **FIX            6
 **********
 **********
 **   33 **FIX            7
 **********
 PARAMETER    7  IS CONSTANT.   IGNORED.
 **********
 **   34 **FIX           10
 **********
 **********
 **   35 **FIX           11
 **********
 **********
 **   36 **FIX           12
 **********
 PARAMETER   12  IS CONSTANT.   IGNORED.
 **********
 **   37 **FIX           13
 **********
 **********
 **   38 **FIX           14
 **********
 **********
 **   39 **FIX           15
 **********
 PARAMETER   15  IS CONSTANT.   IGNORED.
 **********
 **   40 **FIX           16
 **********
 **********
 **   41 **MIGRAD
 **********
 START MIGRAD MINIMIZATION.  STRATEGY  1.  CONVERGENCE WHEN EDM .LT. 1.00e-04
 FCN=430.7 FROM MIGRAD    STATUS=INITIATE       16 CALLS        1485 TOTAL
                     EDM= unknown      STRATEGY= 1      NO ERROR MATRIX       
  EXT PARAMETER               CURRENT GUESS       STEP         FIRST   
  NO.   NAME      VALUE            ERROR          SIZE      DERIVATIVE 
   1  N0           3.18439e+06     fixed    
   2  tau          6.43838e+01   constant   
   3  A0           3.44740e-01     fixed    
   4  phi          4.12063e+00     fixed    
   5  R           -6.09625e+01   constant   
   6  alpha_CBO    3.69638e-04     fixed    
   7  w_CBO        2.32500e+00   constant   
   8  beta_CBO     0.00000e+00   1.00000e-03   1.00000e-03  -1.88388e+05
   9  alpha_2CBO   0.00000e+00   1.00000e-03   1.00000e-03   1.94623e+03
  10  beta_2CBO   -3.81696e-04     fixed    
  11  alpha_y      0.00000e+00     fixed    
  12  w_y          1.44500e+01   constant   
  13  beta_y      -3.54564e-04     fixed    
  14  alpha_vw     0.00000e+00     fixed    
  15  w_vw         1.29000e+01   constant   
  16  beta_vw      0.00000e+00     fixed    
  17  LM          -7.20700e-04   constant   
  18  zeta_y       0.00000e+00   constant   
  19  zeta_vw      0.00000e+00   constant   
  20  T_CBO        9.99999e+02   7.99242e+02   8.38376e-02  -6.25062e-05
  21  alpha_A0    -2.25377e-03   8.73145e-04   8.59009e-06   3.22514e-01
  22  beta_A0      1.07192e-04   1.00859e-03   9.79426e-06   3.86220e-01
  23  alpha_phi   -3.55156e-03   8.57216e-04   8.27394e-06  -3.07725e-02
  24  beta_phi     1.26068e-03   8.03321e-04   7.98307e-06  -1.81282e-01
 MIGRAD MINIMIZATION HAS CONVERGED.
 MIGRAD WILL VERIFY CONVERGENCE AND ERROR MATRIX.
 COVARIANCE MATRIX CALCULATED SUCCESSFULLY
 FCN=69.3549 FROM MIGRAD    STATUS=CONVERGED     144 CALLS        1613 TOTAL
                     EDM=1.14741e-07    STRATEGY= 1      ERROR MATRIX ACCURATE 
  EXT PARAMETER                                   STEP         FIRST   
  NO.   NAME      VALUE            ERROR          SIZE      DERIVATIVE 
   1  N0           3.18439e+06     fixed    
   2  tau          6.43838e+01   constant   
   3  A0           3.44740e-01     fixed    
   4  phi          4.12063e+00     fixed    
   5  R           -6.09625e+01   constant   
   6  alpha_CBO    3.69638e-04     fixed    
   7  w_CBO        2.32500e+00   constant   
   8  beta_CBO     3.83672e-03   2.01871e-04   8.09622e-07  -1.59990e-02
   9  alpha_2CBO   7.09111e-06   2.00690e-04   8.01752e-07  -2.39486e-01
  10  beta_2CBO   -3.81696e-04     fixed    
  11  alpha_y      0.00000e+00     fixed    
  12  w_y          1.44500e+01   constant   
  13  beta_y      -3.54564e-04     fixed    
  14  alpha_vw     0.00000e+00     fixed    
  15  w_vw         1.29000e+01   constant   
  16  beta_vw      0.00000e+00     fixed    
  17  LM          -7.20700e-04   constant   
  18  zeta_y       0.00000e+00   constant   
  19  zeta_vw      0.00000e+00   constant   
  20  T_CBO        1.00000e+03   5.78609e+02   2.89992e-02  -4.95896e-05
  21  alpha_A0    -1.64483e-03   8.61515e-04   3.46583e-06  -1.12757e-01
  22  beta_A0     -3.83921e-04   9.66294e-04   3.94100e-06  -8.79900e-02
  23  alpha_phi   -3.56268e-03   8.18111e-04   3.33987e-06   3.58558e-01
  24  beta_phi     4.26763e-03   8.13745e-04   3.22197e-06   3.11378e-04
 EXTERNAL ERROR MATRIX.    NDIM=  25    NPAR=  7    ERR DEF=1
  4.075e-08  4.900e-10 -7.462e-10  6.064e-09 -5.207e-09 -1.582e-10  3.179e-08 
  4.900e-10  4.028e-08 -4.497e-09 -3.020e-08  6.620e-10 -3.850e-09 -2.277e-08 
 -7.462e-10 -4.497e-09  1.966e+01 -5.411e-05 -1.224e-05 -1.126e-04  1.364e-04 
  6.064e-09 -3.020e-08 -5.411e-05  7.422e-07  5.340e-09  6.463e-09  5.941e-08 
 -5.207e-09  6.620e-10 -1.224e-05  5.340e-09  9.337e-07  5.298e-08  3.911e-08 
 -1.582e-10 -3.850e-09 -1.126e-04  6.463e-09  5.298e-08  6.693e-07  1.683e-08 
  3.179e-08 -2.277e-08  1.364e-04  5.941e-08  3.911e-08  1.683e-08  6.622e-07 
 PARAMETER  CORRELATION COEFFICIENTS  
       NO.  GLOBAL      8      9     20     21     22     23     24
        8  0.20268   1.000  0.012 -0.000  0.035 -0.027 -0.001  0.194
        9  0.22029   0.012  1.000 -0.000 -0.175  0.003 -0.023 -0.139
       20  0.05306  -0.000 -0.000  1.000 -0.014 -0.003 -0.031  0.038
       21  0.18753   0.035 -0.175 -0.014  1.000  0.006  0.009  0.085
       22  0.09137  -0.027  0.003 -0.003  0.006  1.000  0.067  0.050
       23  0.08015  -0.001 -0.023 -0.031  0.009  0.067  1.000  0.025
       24  0.25571   0.194 -0.139  0.038  0.085  0.050  0.025  1.000
MINUIT - FIT wiggle + 1-CBO + 2-CBO
 **********
 **   42 **RES 
 **********
                   PARAMETER   16  beta_vw RESTORED TO VARIABLE.
                   PARAMETER   14  alpha_vw RESTORED TO VARIABLE.
                   PARAMETER   13  beta_y RESTORED TO VARIABLE.
                   PARAMETER   11  alpha_y RESTORED TO VARIABLE.
                   PARAMETER   10  beta_2CBO RESTORED TO VARIABLE.
                   PARAMETER    6  alpha_CBO RESTORED TO VARIABLE.
                   PARAMETER    4  phi RESTORED TO VARIABLE.
                   PARAMETER    3  A0 RESTORED TO VARIABLE.
                   PARAMETER    1  N0 RESTORED TO VARIABLE.
 **********
 **   43 **FIX           10
 **********
 **********
 **   44 **FIX           11
 **********
 **********
 **   45 **FIX           12
 **********
 PARAMETER   12  IS CONSTANT.   IGNORED.
 **********
 **   46 **FIX           13
 **********
 **********
 **   47 **FIX           14
 **********
 **********
 **   48 **FIX           15
 **********
 PARAMETER   15  IS CONSTANT.   IGNORED.
 **********
 **   49 **FIX           16
 **********
 **********
 **   50 **MIGRAD
 **********
 START MIGRAD MINIMIZATION.  STRATEGY  1.  CONVERGENCE WHEN EDM .LT. 1.00e-04
 FCN=69.3549 FROM MIGRAD    STATUS=INITIATE       22 CALLS        1635 TOTAL
                     EDM= unknown      STRATEGY= 1      NO ERROR MATRIX       
  EXT PARAMETER               CURRENT GUESS       STEP         FIRST   
  NO.   NAME      VALUE            ERROR          SIZE      DERIVATIVE 
   1  N0           3.18439e+06   4.67551e+02   4.67551e+02   1.79484e-04
   2  tau          6.43838e+01   constant   
   3  A0           3.44740e-01   1.72700e-04   1.72700e-04  -3.82153e+04
   4  phi          4.12063e+00   5.77422e-04   5.77422e-04   8.43707e+02
   5  R           -6.09625e+01   constant   
   6  alpha_CBO    3.69638e-04   2.04983e-04   2.04983e-04  -1.93530e+03
   7  w_CBO        2.32500e+00   constant   
   8  beta_CBO     3.83672e-03   2.01871e-04   8.09622e-07  -1.60101e-02
   9  alpha_2CBO   7.09111e-06   2.00690e-04   8.01752e-07  -2.39483e-01
  10  beta_2CBO   -3.81696e-04     fixed    
  11  alpha_y      0.00000e+00     fixed    
  12  w_y          1.44500e+01   constant   
  13  beta_y      -3.54564e-04     fixed    
  14  alpha_vw     0.00000e+00     fixed    
  15  w_vw         1.29000e+01   constant   
  16  beta_vw      0.00000e+00     fixed    
  17  LM          -7.20700e-04   constant   
  18  zeta_y       0.00000e+00   constant   
  19  zeta_vw      0.00000e+00   constant   
  20  T_CBO        1.00000e+03   5.78609e+02   2.89992e-02  -4.99292e-05
  21  alpha_A0    -1.64483e-03   8.61515e-04   3.46583e-06  -1.12743e-01
  22  beta_A0     -3.83921e-04   9.66294e-04   3.94100e-06  -8.80784e-02
  23  alpha_phi   -3.56268e-03   8.18111e-04   3.33987e-06   3.58556e-01
  24  beta_phi     4.26763e-03   8.13745e-04   3.22197e-06   3.10320e-04
 MIGRAD MINIMIZATION HAS CONVERGED.
 MIGRAD WILL VERIFY CONVERGENCE AND ERROR MATRIX.
 COVARIANCE MATRIX CALCULATED SUCCESSFULLY
 FCN=58.1752 FROM MIGRAD    STATUS=CONVERGED     239 CALLS        1852 TOTAL
                     EDM=8.38908e-06    STRATEGY= 1      ERROR MATRIX ACCURATE 
  EXT PARAMETER                                   STEP         FIRST   
  NO.   NAME      VALUE            ERROR          SIZE      DERIVATIVE 
   1  N0           3.18472e+06   4.67942e+02   1.63958e+00   1.10865e-06
   2  tau          6.43838e+01   constant   
   3  A0           3.45324e-01   1.75439e-04   6.28837e-07   2.48711e-01
   4  phi          4.12054e+00   5.75403e-04   2.04650e-06  -4.78848e+00
   5  R           -6.09625e+01   constant   
   6  alpha_CBO    3.93680e-04   2.04959e-04   7.18517e-07  -2.77827e+00
   7  w_CBO        2.32500e+00   constant   
   8  beta_CBO     3.95491e-03   2.04908e-04   7.42512e-07  -2.90353e+00
   9  alpha_2CBO   3.64841e-05   2.01014e-04   7.35303e-07  -4.93713e+00
  10  beta_2CBO   -3.81696e-04     fixed    
  11  alpha_y      0.00000e+00     fixed    
  12  w_y          1.44500e+01   constant   
  13  beta_y      -3.54564e-04     fixed    
  14  alpha_vw     0.00000e+00     fixed    
  15  w_vw         1.29000e+01   constant   
  16  beta_vw      0.00000e+00     fixed    
  17  LM          -7.20700e-04   constant   
  18  zeta_y       0.00000e+00   constant   
  19  zeta_vw      0.00000e+00   constant   
  20  T_CBO        1.00000e+03   8.71265e+02   4.04176e-02** at limit **
  21  alpha_A0    -1.77287e-03   8.82649e-04   3.17546e-06  -1.11334e+00
  22  beta_A0     -5.56441e-04   9.89834e-04   3.61198e-06   1.13729e+00
  23  alpha_phi   -3.63369e-03   8.48606e-04   3.05749e-06   2.11534e+00
  24  beta_phi     4.23400e-03   8.27274e-04   2.94964e-06   7.06384e-01
 EXTERNAL ERROR MATRIX.    NDIM=  25    NPAR= 11    ERR DEF=1
  2.190e+05 
  1.805e-02  3.078e-08 
 -8.966e-03  4.174e-09  3.311e-07 
 -1.874e-03 -1.552e-09 -3.035e-08  4.201e-08 
  3.202e-03  6.168e-09 -9.040e-10  2.536e-10  4.199e-08 
 -2.140e-03  1.574e-09  9.309e-10 -3.528e-10  8.052e-10  4.041e-08 
  2.996e-02  3.016e-08 -1.639e-07  1.529e-08  5.882e-09  6.997e-10  7.559e-02 
 -8.960e-02 -6.619e-09  9.322e-09 -5.225e-09  4.823e-09 -2.923e-08 -8.108e-06  7.791e-07 
 -4.484e-03 -1.269e-08 -1.166e-07  1.999e-08 -7.024e-09 -2.812e-10 -2.571e-06  3.938e-09  9.798e-07 
 -1.093e-02 -6.865e-09 -3.387e-08  4.554e-08 -9.072e-10 -4.400e-09 -1.616e-05  5.799e-09  7.732e-08  7.201e-07 
  6.015e-02 -2.428e-09 -3.301e-08  3.447e-09  3.114e-08 -2.383e-08  1.884e-05  3.226e-08  5.092e-08  1.599e-08  6.844e-07 
 PARAMETER  CORRELATION COEFFICIENTS  
       NO.  GLOBAL      1      3      4      6      8      9     20     21     22     23     24
        1  0.35336   1.000  0.220 -0.033 -0.020  0.033 -0.023  0.000 -0.217 -0.010 -0.028  0.155
        3  0.29894   0.220  1.000  0.041 -0.043  0.172  0.045  0.001 -0.043 -0.073 -0.046 -0.017
        4  0.32156  -0.033  0.041  1.000 -0.257 -0.008  0.008 -0.001  0.018 -0.205 -0.069 -0.069
        6  0.35904  -0.020 -0.043 -0.257  1.000  0.006 -0.009  0.000 -0.029  0.099  0.262  0.020
        8  0.26324   0.033  0.172 -0.008  0.006  1.000  0.020  0.000  0.027 -0.035 -0.005  0.184
        9  0.22711  -0.023  0.045  0.008 -0.009  0.020  1.000  0.000 -0.165 -0.001 -0.026 -0.143
       20  0.12042   0.000  0.001 -0.001  0.000  0.000  0.000  1.000 -0.033 -0.009 -0.069  0.083
       21  0.28740  -0.217 -0.043  0.018 -0.029  0.027 -0.165 -0.033  1.000  0.005  0.008  0.044
       22  0.23702  -0.010 -0.073 -0.205  0.099 -0.035 -0.001 -0.009  0.005  1.000  0.092  0.062
       23  0.28265  -0.028 -0.046 -0.069  0.262 -0.005 -0.026 -0.069  0.008  0.092  1.000  0.023
       24  0.31452   0.155 -0.017 -0.069  0.020  0.184 -0.143  0.083  0.044  0.062  0.023  1.000
MINUIT - FIT ONLY 1-y
 **********
 **   51 **RES 
 **********
                   PARAMETER   16  beta_vw RESTORED TO VARIABLE.
                   PARAMETER   14  alpha_vw RESTORED TO VARIABLE.
                   PARAMETER   13  beta_y RESTORED TO VARIABLE.
                   PARAMETER   11  alpha_y RESTORED TO VARIABLE.
                   PARAMETER   10  beta_2CBO RESTORED TO VARIABLE.
 **********
 **   52 **FIX            0
 **********
 PARAMETER    0  IS UNDEFINED. IGNORED.
 **********
 **   53 **FIX            1
 **********
 **********
 **   54 **FIX            2
 **********
 PARAMETER    2  IS CONSTANT.   IGNORED.
 **********
 **   55 **FIX            3
 **********
 **********
 **   56 **FIX            4
 **********
 **********
 **   57 **FIX            5
 **********
 PARAMETER    5  IS CONSTANT.   IGNORED.
 **********
 **   58 **FIX            6
 **********
 **********
 **   59 **FIX            7
 **********
 PARAMETER    7  IS CONSTANT.   IGNORED.
 **********
 **   60 **FIX            8
 **********
 **********
 **   61 **FIX            9
 **********
 **********
 **   62 **FIX           13
 **********
 **********
 **   63 **FIX           14
 **********
 **********
 **   64 **FIX           15
 **********
 PARAMETER   15  IS CONSTANT.   IGNORED.
 **********
 **   65 **FIX           16
 **********
 **********
 **   66 **MIGRAD
 **********
 START MIGRAD MINIMIZATION.  STRATEGY  1.  CONVERGENCE WHEN EDM .LT. 1.00e-04
 FCN=58.1752 FROM MIGRAD    STATUS=INITIATE       16 CALLS        1868 TOTAL
                     EDM= unknown      STRATEGY= 1      NO ERROR MATRIX       
  EXT PARAMETER               CURRENT GUESS       STEP         FIRST   
  NO.   NAME      VALUE            ERROR          SIZE      DERIVATIVE 
   1  N0           3.18472e+06     fixed    
   2  tau          6.43838e+01   constant   
   3  A0           3.45324e-01     fixed    
   4  phi          4.12054e+00     fixed    
   5  R           -6.09625e+01   constant   
   6  alpha_CBO    3.93680e-04     fixed    
   7  w_CBO        2.32500e+00   constant   
   8  beta_CBO     3.95491e-03     fixed    
   9  alpha_2CBO   3.64841e-05     fixed    
  10  beta_2CBO   -3.81696e-04   1.97819e-04   1.97819e-04   4.86901e+03
  11  alpha_y      0.00000e+00   1.00000e-03   1.00000e-03  -4.84773e+03
  12  w_y          1.44500e+01   constant   
  13  beta_y      -3.54564e-04     fixed    
  14  alpha_vw     0.00000e+00     fixed    
  15  w_vw         1.29000e+01   constant   
  16  beta_vw      0.00000e+00     fixed    
  17  LM          -7.20700e-04   constant   
  18  zeta_y       0.00000e+00   constant   
  19  zeta_vw      0.00000e+00   constant   
  20  T_CBO        9.99999e+02   8.71265e+02   4.04176e-02  -3.64972e-05
  21  alpha_A0    -1.77287e-03   8.82649e-04   3.17546e-06  -1.11251e+00
  22  beta_A0     -5.56441e-04   9.89834e-04   3.61198e-06   1.13750e+00
  23  alpha_phi   -3.63369e-03   8.48606e-04   3.05749e-06   2.11697e+00
  24  beta_phi     4.23400e-03   8.27274e-04   2.94964e-06   7.04294e-01
 MIGRAD MINIMIZATION HAS CONVERGED.
 MIGRAD WILL VERIFY CONVERGENCE AND ERROR MATRIX.
 COVARIANCE MATRIX CALCULATED SUCCESSFULLY
 FCN=57.722 FROM MIGRAD    STATUS=CONVERGED     114 CALLS        1966 TOTAL
                     EDM=9.90098e-07    STRATEGY= 1      ERROR MATRIX ACCURATE 
  EXT PARAMETER                                   STEP         FIRST   
  NO.   NAME      VALUE            ERROR          SIZE      DERIVATIVE 
   1  N0           3.18472e+06     fixed    
   2  tau          6.43838e+01   constant   
   3  A0           3.45324e-01     fixed    
   4  phi          4.12054e+00     fixed    
   5  R           -6.09625e+01   constant   
   6  alpha_CBO    3.93680e-04     fixed    
   7  w_CBO        2.32500e+00   constant   
   8  beta_CBO     3.95491e-03     fixed    
   9  alpha_2CBO   3.64841e-05     fixed    
  10  beta_2CBO   -4.76091e-04   1.97251e-04   7.22455e-07  -2.23357e-01
  11  alpha_y      9.21551e-05   1.95355e-04   7.30671e-07  -1.15509e+00
  12  w_y          1.44500e+01   constant   
  13  beta_y      -3.54564e-04     fixed    
  14  alpha_vw     0.00000e+00     fixed    
  15  w_vw         1.29000e+01   constant   
  16  beta_vw      0.00000e+00     fixed    
  17  LM          -7.20700e-04   constant   
  18  zeta_y       0.00000e+00   constant   
  19  zeta_vw      0.00000e+00   constant   
  20  T_CBO        1.00000e+03   9.06845e+02   3.78246e-02** at limit **
  21  alpha_A0    -1.78106e-03   8.47369e-04   3.16328e-06  -1.34212e+00
  22  beta_A0     -4.69018e-04   9.80097e-04   3.59813e-06  -3.43953e-01
  23  alpha_phi   -3.67602e-03   8.22130e-04   3.04575e-06  -3.00849e-01
  24  beta_phi     4.23461e-03   7.90635e-04   2.93831e-06  -7.52660e-01
 EXTERNAL ERROR MATRIX.    NDIM=  25    NPAR=  7    ERR DEF=1
  3.891e-08  1.342e-10  2.978e-10  1.609e-10 -3.325e-08  1.648e-08 -2.162e-09 
  1.342e-10  3.816e-08 -2.281e-11 -3.167e-09  3.001e-09 -5.513e-10 -1.712e-09 
  2.978e-10 -2.281e-11  8.216e-05 -2.474e-07 -6.804e-08 -4.977e-07  5.727e-07 
  1.609e-10 -3.167e-09 -2.474e-07  7.180e-07  6.537e-09  4.920e-09  3.604e-08 
 -3.325e-08  3.001e-09 -6.804e-08  6.537e-09  9.606e-07  3.925e-08  4.493e-08 
  1.648e-08 -5.513e-10 -4.977e-07  4.920e-09  3.925e-08  6.759e-07  1.118e-08 
 -2.162e-09 -1.712e-09  5.727e-07  3.604e-08  4.493e-08  1.118e-08  6.251e-07 
 PARAMETER  CORRELATION COEFFICIENTS  
       NO.  GLOBAL     10     11     20     21     22     23     24
       10  0.20453   1.000  0.003  0.000  0.001 -0.172  0.102 -0.014
       11  0.02826   0.003  1.000 -0.000 -0.019  0.016 -0.003 -0.011
       20  0.11166   0.000 -0.000  1.000 -0.032 -0.008 -0.067  0.080
       21  0.06794   0.001 -0.019 -0.032  1.000  0.008  0.007  0.054
       22  0.19322  -0.172  0.016 -0.008  0.008  1.000  0.049  0.058
       23  0.14029   0.102 -0.003 -0.067  0.007  0.049  1.000  0.017
       24  0.11614  -0.014 -0.011  0.080  0.054  0.058  0.017  1.000
MINUIT - FIT ONLY 2-y
 **********
 **   67 **RES 
 **********
                   PARAMETER   16  beta_vw RESTORED TO VARIABLE.
                   PARAMETER   14  alpha_vw RESTORED TO VARIABLE.
                   PARAMETER   13  beta_y RESTORED TO VARIABLE.
                   PARAMETER    9  alpha_2CBO RESTORED TO VARIABLE.
                   PARAMETER    8  beta_CBO RESTORED TO VARIABLE.
                   PARAMETER    6  alpha_CBO RESTORED TO VARIABLE.
                   PARAMETER    4  phi RESTORED TO VARIABLE.
                   PARAMETER    3  A0 RESTORED TO VARIABLE.
                   PARAMETER    1  N0 RESTORED TO VARIABLE.
 **********
 **   68 **FIX            0
 **********
 PARAMETER    0  IS UNDEFINED. IGNORED.
 **********
 **   69 **FIX            1
 **********
 **********
 **   70 **FIX            2
 **********
 PARAMETER    2  IS CONSTANT.   IGNORED.
 **********
 **   71 **FIX            3
 **********
 **********
 **   72 **FIX            4
 **********
 **********
 **   73 **FIX            5
 **********
 PARAMETER    5  IS CONSTANT.   IGNORED.
 **********
 **   74 **FIX            6
 **********
 **********
 **   75 **FIX            7
 **********
 PARAMETER    7  IS CONSTANT.   IGNORED.
 **********
 **   76 **FIX            8
 **********
 **********
 **   77 **FIX            9
 **********
 **********
 **   78 **FIX           10
 **********
 **********
 **   79 **FIX           11
 **********
 **********
 **   80 **FIX           12
 **********
 PARAMETER   12  IS CONSTANT.   IGNORED.
 **********
 **   81 **FIX           16
 **********
 **********
 **   82 **MIGRAD
 **********
 START MIGRAD MINIMIZATION.  STRATEGY  1.  CONVERGENCE WHEN EDM .LT. 1.00e-04
 FCN=57.722 FROM MIGRAD    STATUS=INITIATE       16 CALLS        1982 TOTAL
                     EDM= unknown      STRATEGY= 1      NO ERROR MATRIX       
  EXT PARAMETER               CURRENT GUESS       STEP         FIRST   
  NO.   NAME      VALUE            ERROR          SIZE      DERIVATIVE 
   1  N0           3.18472e+06     fixed    
   2  tau          6.43838e+01   constant   
   3  A0           3.45324e-01     fixed    
   4  phi          4.12054e+00     fixed    
   5  R           -6.09625e+01   constant   
   6  alpha_CBO    3.93680e-04     fixed    
   7  w_CBO        2.32500e+00   constant   
   8  beta_CBO     3.95491e-03     fixed    
   9  alpha_2CBO   3.64841e-05     fixed    
  10  beta_2CBO   -4.76091e-04     fixed    
  11  alpha_y      9.21551e-05     fixed    
  12  w_y          1.44500e+01   constant   
  13  beta_y      -3.54564e-04   1.93615e-04   1.93615e-04  -1.13705e+03
  14  alpha_vw     0.00000e+00   1.00000e-03   1.00000e-03   1.19506e+04
  15  w_vw         1.29000e+01   constant   
  16  beta_vw      0.00000e+00     fixed    
  17  LM          -7.20700e-04   constant   
  18  zeta_y       0.00000e+00   constant   
  19  zeta_vw      0.00000e+00   constant   
  20  T_CBO        9.99999e+02   9.06845e+02   3.78246e-02  -3.76617e-05
  21  alpha_A0    -1.78106e-03   8.47369e-04   3.16328e-06  -1.34129e+00
  22  beta_A0     -4.69018e-04   9.80097e-04   3.59813e-06  -3.43831e-01
  23  alpha_phi   -3.67602e-03   8.22130e-04   3.04575e-06  -2.99202e-01
  24  beta_phi     4.23461e-03   7.90635e-04   2.93831e-06  -7.54752e-01
 MIGRAD MINIMIZATION HAS CONVERGED.
 MIGRAD WILL VERIFY CONVERGENCE AND ERROR MATRIX.
 COVARIANCE MATRIX CALCULATED SUCCESSFULLY
 FCN=56.3462 FROM MIGRAD    STATUS=CONVERGED     112 CALLS        2078 TOTAL
                     EDM=6.4439e-08    STRATEGY= 1      ERROR MATRIX ACCURATE 
  EXT PARAMETER                                   STEP         FIRST   
  NO.   NAME      VALUE            ERROR          SIZE      DERIVATIVE 
   1  N0           3.18472e+06     fixed    
   2  tau          6.43838e+01   constant   
   3  A0           3.45324e-01     fixed    
   4  phi          4.12054e+00     fixed    
   5  R           -6.09625e+01   constant   
   6  alpha_CBO    3.93680e-04     fixed    
   7  w_CBO        2.32500e+00   constant   
   8  beta_CBO     3.95491e-03     fixed    
   9  alpha_2CBO   3.64841e-05     fixed    
  10  beta_2CBO   -4.76091e-04     fixed    
  11  alpha_y      9.21551e-05     fixed    
  12  w_y          1.44500e+01   constant   
  13  beta_y      -3.35308e-04   1.93575e-04   7.15540e-07  -3.57630e-01
  14  alpha_vw    -2.28408e-04   1.95595e-04   7.22630e-07  -2.25634e-02
  15  w_vw         1.29000e+01   constant   
  16  beta_vw      0.00000e+00     fixed    
  17  LM          -7.20700e-04   constant   
  18  zeta_y       0.00000e+00   constant   
  19  zeta_vw      0.00000e+00   constant   
  20  T_CBO        1.00000e+03   9.22808e+02   3.71534e-02** at limit **
  21  alpha_A0    -1.78071e-03   8.47242e-04   3.12602e-06  -3.65028e-01
  22  beta_A0     -4.27853e-04   9.66227e-04   3.55573e-06  -6.66501e-02
  23  alpha_phi   -3.66306e-03   8.17858e-04   3.00986e-06   1.87053e-01
  24  beta_phi     4.24060e-03   7.90446e-04   2.90368e-06  -5.12236e-02
 EXTERNAL ERROR MATRIX.    NDIM=  25    NPAR=  7    ERR DEF=1
  3.747e-08  3.412e-10  7.511e-12 -1.707e-09 -3.593e-09 -1.062e-09 -1.529e-09 
  3.412e-10  3.826e-08  1.237e-11 -1.535e-10 -7.204e-09 -2.241e-09 -1.111e-09 
  7.511e-12  1.237e-11  1.150e-05 -9.017e-08 -2.265e-08 -1.808e-07  2.090e-07 
 -1.707e-09 -1.535e-10 -9.017e-08  7.178e-07  7.116e-09  4.772e-09  3.607e-08 
 -3.593e-09 -7.204e-09 -2.265e-08  7.116e-09  9.336e-07  5.385e-08  4.362e-08 
 -1.062e-09 -2.241e-09 -1.808e-07  4.772e-09  5.385e-08  6.689e-07  1.236e-08 
 -1.529e-09 -1.111e-09  2.090e-07  3.607e-08  4.362e-08  1.236e-08  6.248e-07 
 PARAMETER  CORRELATION COEFFICIENTS  
       NO.  GLOBAL     13     14     20     21     22     23     24
       13  0.02526   1.000  0.009  0.000 -0.010 -0.019 -0.007 -0.010
       14  0.04092   0.009  1.000  0.000 -0.001 -0.038 -0.014 -0.007
       20  0.10871   0.000  0.000  1.000 -0.031 -0.007 -0.065  0.078
       21  0.06563  -0.010 -0.001 -0.031  1.000  0.009  0.007  0.054
       22  0.09749  -0.019 -0.038 -0.007  0.009  1.000  0.068  0.057
       23  0.09702  -0.007 -0.014 -0.065  0.007  0.068  1.000  0.019
       24  0.11411  -0.010 -0.007  0.078  0.054  0.057  0.019  1.000
