 + ++++++++++++++++++++++++++++++++++++++++++++++++++++++++++++++++++++ +
 +                                                                      +
 +           You have chose to blind your fitting according to          +
 +                omega_ref * (1 + (R +/- deltaR) *10^{-6})             +
 +                                                                      +
 + ++++++++++++++++++++++++++++++++++++++++++++++++++++++++++++++++++++ +
In main()...
reading format from /gm2data/zkhechad/run45/envelope/formats/formatB_sBin_constraintOn.txt
pBinTau 	= 0  
pBinPhi 	= 0  
constraintau 	= 1 
includeMopTerm 	= 0    
constrainMop    = 0   
Parameters after format file: pBinTau 0 pBinPhi 0 constraintau 1 includeMopTerm 0 constrainMop 0 c_e_scale 0.000000 
Opening file /gm2data/tbarrett/gm2fr/studies/run23_bunch_corrections/CorrectedFourier_Run3b.root.
reading full fit data from /gm2data/zkhechad/cboTemplates/Run4CBOTemplates/templateFits0_v2.0/noRF/sBin_constraintOn_cE0.0_seed0_noRF_calo8.root
windowBins = 17
fitting sliding window 18 from bin 154 at 22.827600 to bin 171 at 25.513200 (17 bins)

Reading data from /gm2data/cornell/histograms/aMethod/histogram_a_noRF.root
 **********
 **    1 **SET PRINTOUT            1
 **********
 **********
 **    2 **SET NOWARNINGS 
 **********
 PARAMETER DEFINITIONS:
    NO.   NAME         VALUE      STEP SIZE      LIMITS
     1 N0           2.93665e+06  1.00000e+02     no limits
     2 tau          6.43896e+01  constant
     3 A0           3.52922e-01  1.00000e-04     no limits
     4 phi          4.11506e+00  1.00000e-02     no limits
     5 R           -6.12649e+01  constant
     6 alpha_CBO    0.00000e+00  1.00000e-03     no limits
     7 w_CBO        2.32500e+00  constant
     8 beta_CBO     0.00000e+00  1.00000e-03     no limits
     9 alpha_2CBO   0.00000e+00  1.00000e-03     no limits
    10 beta_2CBO    0.00000e+00  1.00000e-03     no limits
    11 alpha_y      0.00000e+00  1.00000e-03     no limits
    12 w_y          1.44500e+01  constant
    13 beta_y       0.00000e+00  1.00000e-03     no limits
    14 alpha_vw     0.00000e+00  1.00000e-03     no limits
    15 w_vw         1.29000e+01  constant
    16 beta_vw      0.00000e+00  1.00000e-03     no limits
    17 LM          -3.89610e-04  constant
    18 zeta_y       0.00000e+00  constant
    19 zeta_vw      0.00000e+00  constant
    20 T_CBO        1.00000e+02  1.00000e+00    0.00000e+00  1.00000e+03
    21 alpha_A0     0.00000e+00  1.00000e-03     no limits
    22 beta_A0      0.00000e+00  1.00000e-03     no limits
    23 alpha_phi    0.00000e+00  1.00000e-03     no limits
    24 beta_phi     0.00000e+00  1.00000e-03     no limits
MINUIT - FIT ONLY WIGGLE
 **********
 **    3 **FIX            5
 **********
 PARAMETER    5  IS CONSTANT.   IGNORED.
 **********
 **    4 **FIX            6
 **********
 **********
 **    5 **FIX            7
 **********
 PARAMETER    7  IS CONSTANT.   IGNORED.
 **********
 **    6 **FIX            8
 **********
 **********
 **    7 **FIX            9
 **********
 **********
 **    8 **FIX           10
 **********
 **********
 **    9 **FIX           11
 **********
 **********
 **   10 **FIX           12
 **********
 PARAMETER   12  IS CONSTANT.   IGNORED.
 **********
 **   11 **FIX           13
 **********
 **********
 **   12 **FIX           14
 **********
 **********
 **   13 **FIX           15
 **********
 PARAMETER   15  IS CONSTANT.   IGNORED.
 **********
 **   14 **FIX           16
 **********
 **********
 **   15 **MIGRAD
 **********
 FIRST CALL TO USER FUNCTION AT NEW START POINT, WITH IFLAG=4.
 START MIGRAD MINIMIZATION.  STRATEGY  1.  CONVERGENCE WHEN EDM .LT. 1.00e-04
 FCN=10152.3 FROM MIGRAD    STATUS=INITIATE      433 CALLS         434 TOTAL
                     EDM= unknown      STRATEGY= 1      NO ERROR MATRIX       
  EXT PARAMETER               CURRENT GUESS       STEP         FIRST   
  NO.   NAME      VALUE            ERROR          SIZE      DERIVATIVE 
   1  N0           2.93665e+06   1.00000e+02   0.00000e+00  -8.28996e-02
   2  tau          6.43896e+01   constant   
   3  A0           3.52922e-01   1.00000e-04   0.00000e+00  -2.05402e+05
   4  phi          4.11506e+00   1.00000e-02   0.00000e+00   2.60608e+05
   5  R           -6.12649e+01   constant   
   6  alpha_CBO    0.00000e+00     fixed    
   7  w_CBO        2.32500e+00   constant   
   8  beta_CBO     0.00000e+00     fixed    
   9  alpha_2CBO   0.00000e+00     fixed    
  10  beta_2CBO    0.00000e+00     fixed    
  11  alpha_y      0.00000e+00     fixed    
  12  w_y          1.44500e+01   constant   
  13  beta_y       0.00000e+00     fixed    
  14  alpha_vw     0.00000e+00     fixed    
  15  w_vw         1.29000e+01   constant   
  16  beta_vw      0.00000e+00     fixed    
  17  LM          -3.89610e-04   constant   
  18  zeta_y       0.00000e+00   constant   
  19  zeta_vw      0.00000e+00   constant   
  20  T_CBO        1.00000e+02   1.00000e+00   0.00000e+00   0.00000e+00
  21  alpha_A0     0.00000e+00   1.00000e-03   0.00000e+00   8.26193e+04
  22  beta_A0      0.00000e+00   1.00000e-03   0.00000e+00  -4.42729e+04
  23  alpha_phi    0.00000e+00   1.00000e-03   0.00000e+00  -8.32508e+04
  24  beta_phi     0.00000e+00   1.00000e-03   0.00000e+00   1.13713e+05
 CALL LIMIT EXCEEDED IN MIGRAD.
 MIGRAD TERMINATED WITHOUT CONVERGENCE.
 FCN=1639.62 FROM MIGRAD    STATUS=CALL LIMIT   1327 CALLS        1328 TOTAL
                     EDM=0.021387    STRATEGY= 1  ERROR MATRIX UNCERTAINTY   2.7 per cent
  EXT PARAMETER                APPROXIMATE        STEP         FIRST   
  NO.   NAME      VALUE            ERROR          SIZE      DERIVATIVE 
   1  N0           2.96648e+06   5.55707e+03  -2.12765e+01   5.61626e-04
   2  tau          6.43896e+01   constant   
   3  A0           4.11681e-01   3.51842e-03   1.04559e-04   1.30076e+03
   4  phi          4.10025e+00   6.00764e-03   1.23012e-04   4.89350e+01
   5  R           -6.12649e+01   constant   
   6  alpha_CBO    0.00000e+00     fixed    
   7  w_CBO        2.32500e+00   constant   
   8  beta_CBO     0.00000e+00     fixed    
   9  alpha_2CBO   0.00000e+00     fixed    
  10  beta_2CBO    0.00000e+00     fixed    
  11  alpha_y      0.00000e+00     fixed    
  12  w_y          1.44500e+01   constant   
  13  beta_y       0.00000e+00     fixed    
  14  alpha_vw     0.00000e+00     fixed    
  15  w_vw         1.29000e+01   constant   
  16  beta_vw      0.00000e+00     fixed    
  17  LM          -3.89610e-04   constant   
  18  zeta_y       0.00000e+00   constant   
  19  zeta_vw      0.00000e+00   constant   
  20  T_CBO        4.92532e+01   6.88794e+00  -2.42086e-03  -2.30014e+02
  21  alpha_A0     2.53852e-01   2.15580e-02   1.70705e-03  -1.96907e+02
  22  beta_A0     -6.67522e-02   1.47432e-02  -1.60927e-04   7.12442e+01
  23  alpha_phi   -9.21451e-02   1.78106e-02  -3.57651e-04   9.72081e+01
  24  beta_phi    -3.05265e-01   2.60225e-02  -2.08602e-03   1.46076e+02
 EXTERNAL ERROR MATRIX.    NDIM=  25    NPAR=  8    ERR DEF=1
  3.088e+07  7.063e+00 -1.795e+01  4.633e+03  2.347e+01 -6.547e+01 -8.362e+01 -2.297e+01 
  7.063e+00  1.238e-05  1.120e-05  2.151e-03  4.952e-05  5.148e-06 -3.576e-06 -5.926e-05 
 -1.795e+01  1.120e-05  3.609e-05  5.405e-03  3.514e-05  7.665e-05  8.283e-05 -4.892e-05 
  4.633e+03  2.151e-03  5.405e-03  4.746e+01 -1.031e-01  3.210e-02  4.210e-02  1.246e-01 
  2.347e+01  4.952e-05  3.514e-05 -1.031e-01  4.647e-04 -5.987e-05 -1.237e-04 -5.591e-04 
 -6.547e+01  5.148e-06  7.665e-05  3.210e-02 -5.987e-05  2.174e-04  2.585e-04  5.555e-05 
 -8.362e+01 -3.576e-06  8.283e-05  4.210e-02 -1.237e-04  2.585e-04  3.172e-04  1.292e-04 
 -2.297e+01 -5.926e-05 -4.892e-05  1.246e-01 -5.591e-04  5.555e-05  1.292e-04  6.772e-04 
ERR MATRIX APPROXIMATE
 PARAMETER  CORRELATION COEFFICIENTS  
       NO.  GLOBAL      1      3      4     20     21     22     23     24
        1  0.99949   1.000  0.361 -0.538  0.121  0.196 -0.799 -0.845 -0.159
        3  0.99969   0.361  1.000  0.530  0.089  0.653  0.099 -0.057 -0.647
        4  0.99892  -0.538  0.530  1.000  0.131  0.271  0.865  0.774 -0.313
       20  0.99988   0.121  0.089  0.131  1.000 -0.694  0.316  0.343  0.695
       21  0.99976   0.196  0.653  0.271 -0.694  1.000 -0.188 -0.322 -0.997
       22  0.99923  -0.799  0.099  0.865  0.316 -0.188  1.000  0.984  0.145
       23  0.99922  -0.845 -0.057  0.774  0.343 -0.322  0.984  1.000  0.279
       24  0.99966  -0.159 -0.647 -0.313  0.695 -0.997  0.145  0.279  1.000
 ERR MATRIX APPROXIMATE
MINUIT - FIT ONLY 1-CBO + wiggle
 **********
 **   16 **RES 
 **********
                   PARAMETER   16  beta_vw RESTORED TO VARIABLE.
                   PARAMETER   14  alpha_vw RESTORED TO VARIABLE.
                   PARAMETER   13  beta_y RESTORED TO VARIABLE.
                   PARAMETER   11  alpha_y RESTORED TO VARIABLE.
                   PARAMETER   10  beta_2CBO RESTORED TO VARIABLE.
                   PARAMETER    9  alpha_2CBO RESTORED TO VARIABLE.
                   PARAMETER    8  beta_CBO RESTORED TO VARIABLE.
                   PARAMETER    6  alpha_CBO RESTORED TO VARIABLE.
 **********
 **   17 **FIX            8
 **********
 **********
 **   18 **FIX            9
 **********
 **********
 **   19 **FIX           11
 **********
 **********
 **   20 **FIX           12
 **********
 PARAMETER   12  IS CONSTANT.   IGNORED.
 **********
 **   21 **FIX           14
 **********
 **********
 **   22 **FIX           15
 **********
 PARAMETER   15  IS CONSTANT.   IGNORED.
 **********
 **   23 **FIX           16
 **********
 **********
 **   24 **MIGRAD
 **********
 START MIGRAD MINIMIZATION.  STRATEGY  1.  CONVERGENCE WHEN EDM .LT. 1.00e-04
 FCN=1639.62 FROM MIGRAD    STATUS=INITIATE       28 CALLS        1356 TOTAL
                     EDM= unknown      STRATEGY= 1      NO ERROR MATRIX       
  EXT PARAMETER               CURRENT GUESS       STEP         FIRST   
  NO.   NAME      VALUE            ERROR          SIZE      DERIVATIVE 
   1  N0           2.96648e+06   5.55707e+03  -2.12765e+01   5.61626e-04
   2  tau          6.43896e+01   constant   
   3  A0           4.11681e-01   3.51842e-03   1.04559e-04   1.30076e+03
   4  phi          4.10025e+00   6.00764e-03   1.23012e-04   4.89350e+01
   5  R           -6.12649e+01   constant   
   6  alpha_CBO    0.00000e+00   1.00000e-03   1.00000e-03  -1.57114e+03
   7  w_CBO        2.32500e+00   constant   
   8  beta_CBO     0.00000e+00     fixed    
   9  alpha_2CBO   0.00000e+00     fixed    
  10  beta_2CBO    0.00000e+00   1.00000e-03   1.00000e-03   7.44406e+03
  11  alpha_y      0.00000e+00     fixed    
  12  w_y          1.44500e+01   constant   
  13  beta_y       0.00000e+00   1.00000e-03   1.00000e-03   2.88218e+05
  14  alpha_vw     0.00000e+00     fixed    
  15  w_vw         1.29000e+01   constant   
  16  beta_vw      0.00000e+00     fixed    
  17  LM          -3.89610e-04   constant   
  18  zeta_y       0.00000e+00   constant   
  19  zeta_vw      0.00000e+00   constant   
  20  T_CBO        4.92532e+01   6.88794e+00  -2.42086e-03  -2.30013e+02
  21  alpha_A0     2.53852e-01   2.15580e-02   1.70705e-03  -1.96907e+02
  22  beta_A0     -6.67522e-02   1.47432e-02  -1.60927e-04   7.12442e+01
  23  alpha_phi   -9.21451e-02   1.78106e-02  -3.57651e-04   9.72081e+01
  24  beta_phi    -3.05265e-01   2.60225e-02  -2.08602e-03   1.46076e+02
 MIGRAD MINIMIZATION HAS CONVERGED.
 MIGRAD WILL VERIFY CONVERGENCE AND ERROR MATRIX.
 FCN=1240.65 FROM MIGRAD    STATUS=CONVERGED    1950 CALLS        3278 TOTAL
                     EDM=7.28195e-05    STRATEGY= 1      ERR MATRIX NOT POS-DEF
  EXT PARAMETER                APPROXIMATE        STEP         FIRST   
  NO.   NAME      VALUE            ERROR          SIZE      DERIVATIVE 
   1  N0           2.89230e+06   3.22511e+03   4.84528e+00   3.70191e-06
   2  tau          6.43896e+01   constant   
   3  A0           4.38637e-01   2.42342e-03   3.09872e-06   6.71479e-01
   4  phi          4.09957e+00   3.13952e-03   5.03998e-06  -4.19713e+00
   5  R           -6.12649e+01   constant   
   6  alpha_CBO   -1.67699e-02   1.22016e-03   2.42873e-06  -2.73204e-01
   7  w_CBO        2.32500e+00   constant   
   8  beta_CBO     0.00000e+00     fixed    
   9  alpha_2CBO   0.00000e+00     fixed    
  10  beta_2CBO   -2.54074e-03   4.41442e-04   2.38991e-06   8.13428e-01
  11  alpha_y      0.00000e+00     fixed    
  12  w_y          1.44500e+01   constant   
  13  beta_y      -2.81197e-03   1.38882e-04   2.33701e-06   2.18707e+00
  14  alpha_vw     0.00000e+00     fixed    
  15  w_vw         1.29000e+01   constant   
  16  beta_vw      0.00000e+00     fixed    
  17  LM          -3.89610e-04   constant   
  18  zeta_y       0.00000e+00   constant   
  19  zeta_vw      0.00000e+00   constant   
  20  T_CBO        4.25795e+01   2.45555e+00   1.54584e-05  -1.99385e-01
  21  alpha_A0     2.54363e-01   8.85245e-03   1.29830e-05   8.92401e-01
  22  beta_A0      1.26100e-02   6.19572e-03   1.19205e-05   1.36729e+00
  23  alpha_phi    6.66784e-02   7.83333e-03   1.53287e-05   7.79884e-01
  24  beta_phi    -3.02288e-01   9.83452e-03   1.85575e-05  -2.10043e-01
 EXTERNAL ERROR MATRIX.    NDIM=  25    NPAR= 11    ERR DEF=1
  1.040e+07 
 -1.897e+00  5.873e-06 
  1.660e+00  4.946e-07  9.857e-06 
  2.026e+00 -1.595e-06  1.982e-06  1.489e-06 
  3.005e-01 -3.169e-07 -1.514e-07 -1.627e-07  1.949e-07 
  1.252e-02  1.573e-09  4.800e-08  2.029e-08 -7.455e-09  1.929e-08 
  1.310e+03  2.167e-03  2.830e-03  2.353e-04 -2.542e-04  1.751e-05  6.030e+00 
  4.815e+00  7.170e-06  8.131e-06  2.941e-06 -1.489e-06  1.012e-07 -7.876e-03  7.837e-05 
 -1.048e+01 -9.977e-07  1.350e-05  1.574e-06 -3.554e-07  5.308e-08  4.959e-04  2.854e-06  3.839e-05 
 -2.188e+01  1.970e-06  4.904e-06 -3.329e-06 -6.643e-09  1.799e-09 -5.101e-03 -3.095e-06  3.796e-05  6.136e-05 
 -7.153e+00 -7.148e-06 -6.271e-06  5.576e-07 -7.061e-07 -1.323e-08  1.240e-02 -7.133e-05  2.242e-06 -1.634e-06  9.672e-05 
ERR MATRIX NOT POS-DEF
 PARAMETER  CORRELATION COEFFICIENTS  
       NO.  GLOBAL      1      3      4      6     10     13     20     21     22     23     24
        1  0.99619   1.000 -0.243  0.164  0.515  0.211  0.028  0.165  0.169 -0.525 -0.866 -0.226
        3  0.99724  -0.243  1.000  0.065 -0.539 -0.296  0.005  0.364  0.334 -0.066  0.104 -0.300
        4  0.99565   0.164  0.065  1.000  0.517 -0.109  0.110  0.367  0.293  0.694  0.199 -0.203
        6  0.99331   0.515 -0.539  0.517  1.000 -0.302  0.120  0.079  0.272  0.208 -0.348  0.046
       10  0.94939   0.211 -0.296 -0.109 -0.302  1.000 -0.122 -0.234 -0.381 -0.130 -0.002 -0.163
       13  0.21661   0.028  0.005  0.110  0.120 -0.122  1.000  0.051  0.082  0.062  0.002 -0.010
       20  0.99728   0.165  0.364  0.367  0.079 -0.234  0.051  1.000 -0.362  0.033 -0.265  0.513
       21  0.99637   0.169  0.334  0.293  0.272 -0.381  0.082 -0.362  1.000  0.052 -0.045 -0.819
       22  0.99375  -0.525 -0.066  0.694  0.208 -0.130  0.062  0.033  0.052  1.000  0.782  0.037
       23  0.99354  -0.866  0.104  0.199 -0.348 -0.002  0.002 -0.265 -0.045  0.782  1.000 -0.021
       24  0.99399  -0.226 -0.300 -0.203  0.046 -0.163 -0.010  0.513 -0.819  0.037 -0.021  1.000
 ERR MATRIX NOT POS-DEF
MINUIT - FIT ONLY 2-CBO
 **********
 **   25 **RES 
 **********
                   PARAMETER   16  beta_vw RESTORED TO VARIABLE.
                   PARAMETER   14  alpha_vw RESTORED TO VARIABLE.
                   PARAMETER   11  alpha_y RESTORED TO VARIABLE.
                   PARAMETER    9  alpha_2CBO RESTORED TO VARIABLE.
                   PARAMETER    8  beta_CBO RESTORED TO VARIABLE.
 **********
 **   26 **FIX            0
 **********
 PARAMETER    0  IS UNDEFINED. IGNORED.
 **********
 **   27 **FIX            1
 **********
 **********
 **   28 **FIX            2
 **********
 PARAMETER    2  IS CONSTANT.   IGNORED.
 **********
 **   29 **FIX            3
 **********
 **********
 **   30 **FIX            4
 **********
 **********
 **   31 **FIX            5
 **********
 PARAMETER    5  IS CONSTANT.   IGNORED.
 **********
 **   32 **FIX            6
 **********
 **********
 **   33 **FIX            7
 **********
 PARAMETER    7  IS CONSTANT.   IGNORED.
 **********
 **   34 **FIX           10
 **********
 **********
 **   35 **FIX           11
 **********
 **********
 **   36 **FIX           12
 **********
 PARAMETER   12  IS CONSTANT.   IGNORED.
 **********
 **   37 **FIX           13
 **********
 **********
 **   38 **FIX           14
 **********
 **********
 **   39 **FIX           15
 **********
 PARAMETER   15  IS CONSTANT.   IGNORED.
 **********
 **   40 **FIX           16
 **********
 **********
 **   41 **MIGRAD
 **********
 START MIGRAD MINIMIZATION.  STRATEGY  1.  CONVERGENCE WHEN EDM .LT. 1.00e-04
 FCN=1240.65 FROM MIGRAD    STATUS=INITIATE       18 CALLS        3296 TOTAL
                     EDM= unknown      STRATEGY= 1      NO ERROR MATRIX       
  EXT PARAMETER               CURRENT GUESS       STEP         FIRST   
  NO.   NAME      VALUE            ERROR          SIZE      DERIVATIVE 
   1  N0           2.89230e+06     fixed    
   2  tau          6.43896e+01   constant   
   3  A0           4.38637e-01     fixed    
   4  phi          4.09957e+00     fixed    
   5  R           -6.12649e+01   constant   
   6  alpha_CBO   -1.67699e-02     fixed    
   7  w_CBO        2.32500e+00   constant   
   8  beta_CBO     0.00000e+00   1.00000e-03   1.00000e-03   3.41753e+01
   9  alpha_2CBO   0.00000e+00   1.00000e-03   1.00000e-03   7.08853e+01
  10  beta_2CBO   -2.54074e-03     fixed    
  11  alpha_y      0.00000e+00     fixed    
  12  w_y          1.44500e+01   constant   
  13  beta_y      -2.81197e-03     fixed    
  14  alpha_vw     0.00000e+00     fixed    
  15  w_vw         1.29000e+01   constant   
  16  beta_vw      0.00000e+00     fixed    
  17  LM          -3.89610e-04   constant   
  18  zeta_y       0.00000e+00   constant   
  19  zeta_vw      0.00000e+00   constant   
  20  T_CBO        4.25795e+01   2.45555e+00   1.54584e-05  -2.00611e-01
  21  alpha_A0     2.54363e-01   8.85245e-03   1.29830e-05   8.92496e-01
  22  beta_A0      1.26100e-02   6.19572e-03   1.19205e-05   1.36727e+00
  23  alpha_phi    6.66784e-02   7.83333e-03   1.53287e-05   7.79885e-01
  24  beta_phi    -3.02288e-01   9.83452e-03   1.85575e-05  -2.10042e-01
 MIGRAD MINIMIZATION HAS CONVERGED.
 MIGRAD WILL VERIFY CONVERGENCE AND ERROR MATRIX.
 FCN=1240.65 FROM HESSE     STATUS=NOT POSDEF     50 CALLS        3411 TOTAL
                     EDM=5.12085e-05    STRATEGY= 1      ERR MATRIX NOT POS-DEF
  EXT PARAMETER                APPROXIMATE        STEP         FIRST   
  NO.   NAME      VALUE            ERROR          SIZE      DERIVATIVE 
   1  N0           2.89230e+06     fixed    
   2  tau          6.43896e+01   constant   
   3  A0           4.38637e-01     fixed    
   4  phi          4.09957e+00     fixed    
   5  R           -6.12649e+01   constant   
   6  alpha_CBO   -1.67699e-02     fixed    
   7  w_CBO        2.32500e+00   constant   
   8  beta_CBO    -2.33900e-06   5.09939e-04   2.30737e-06   7.92242e+00
   9  alpha_2CBO  -3.37515e-06   2.72627e-04   2.34224e-06  -5.26805e+00
  10  beta_2CBO   -2.54074e-03     fixed    
  11  alpha_y      0.00000e+00     fixed    
  12  w_y          1.44500e+01   constant   
  13  beta_y      -2.81197e-03     fixed    
  14  alpha_vw     0.00000e+00     fixed    
  15  w_vw         1.29000e+01   constant   
  16  beta_vw      0.00000e+00     fixed    
  17  LM          -3.89610e-04   constant   
  18  zeta_y       0.00000e+00   constant   
  19  zeta_vw      0.00000e+00   constant   
  20  T_CBO        4.25798e+01   2.49116e+00   1.54551e-05   6.86534e-02
  21  alpha_A0     2.54359e-01   8.14154e-03   1.29807e-05  -1.91906e+00
  22  beta_A0      1.25945e-02   1.79943e-03   1.19181e-05   1.77428e+00
  23  alpha_phi    6.66933e-02   2.53663e-03   1.53262e-05   2.19219e+00
  24  beta_phi    -3.02283e-01   9.64629e-03   1.85539e-05  -2.11175e+00
 MIGRAD MINIMIZATION HAS CONVERGED.
 MIGRAD WILL VERIFY CONVERGENCE AND ERROR MATRIX.
 FCN=1240.64 FROM MIGRAD    STATUS=CONVERGED     863 CALLS        4141 TOTAL
                     EDM=8.35747e-06    STRATEGY= 1      ERR MATRIX NOT POS-DEF
  EXT PARAMETER                APPROXIMATE        STEP         FIRST   
  NO.   NAME      VALUE            ERROR          SIZE      DERIVATIVE 
   1  N0           2.89230e+06     fixed    
   2  tau          6.43896e+01   constant   
   3  A0           4.38637e-01     fixed    
   4  phi          4.09957e+00     fixed    
   5  R           -6.12649e+01   constant   
   6  alpha_CBO   -1.67699e-02     fixed    
   7  w_CBO        2.32500e+00   constant   
   8  beta_CBO     3.22372e-04   5.11025e-04   2.30735e-06   2.20205e+01
   9  alpha_2CBO   4.10991e-05   2.72396e-04   2.34225e-06  -9.80651e+00
  10  beta_2CBO   -2.54074e-03     fixed    
  11  alpha_y      0.00000e+00     fixed    
  12  w_y          1.44500e+01   constant   
  13  beta_y      -2.81197e-03     fixed    
  14  alpha_vw     0.00000e+00     fixed    
  15  w_vw         1.29000e+01   constant   
  16  beta_vw      0.00000e+00     fixed    
  17  LM          -3.89610e-04   constant   
  18  zeta_y       0.00000e+00   constant   
  19  zeta_vw      0.00000e+00   constant   
  20  T_CBO        4.85680e+01   3.22857e+00   1.87294e-05  -3.52867e+00
  21  alpha_A0     2.37752e-01   7.58080e-03   1.21434e-05  -3.57269e+00
  22  beta_A0      1.29306e-02   1.67371e-03   1.11435e-05  -1.67517e+00
  23  alpha_phi    6.24491e-02   2.36531e-03   1.43268e-05  -1.01810e+00
  24  beta_phi    -2.83284e-01   9.00755e-03   1.72923e-05   2.36292e+00
 EXTERNAL ERROR MATRIX.    NDIM=  25    NPAR=  7    ERR DEF=1
  2.611e-07  1.472e-08  6.074e-04 -1.212e-06  6.970e-07 -3.508e-07  2.104e-07 
  1.472e-08  7.420e-08  4.755e-05 -1.136e-07  2.128e-07 -3.280e-07  2.636e-07 
  6.074e-04  4.755e-05  1.042e+01 -2.432e-02  6.960e-04 -6.146e-03  2.722e-02 
 -1.212e-06 -1.136e-07 -2.432e-02  5.747e-05 -1.085e-06  1.428e-05 -6.490e-05 
  6.970e-07  2.128e-07  6.960e-04 -1.085e-06  2.801e-06 -1.158e-06 -1.740e-06 
 -3.508e-07 -3.280e-07 -6.146e-03  1.428e-05 -1.158e-06  5.595e-06 -1.706e-05 
  2.104e-07  2.636e-07  2.722e-02 -6.490e-05 -1.740e-06 -1.706e-05  8.114e-05 
ERR MATRIX NOT POS-DEF
 PARAMETER  CORRELATION COEFFICIENTS  
       NO.  GLOBAL      8      9     20     21     22     23     24
        8  0.96505   1.000  0.106  0.368 -0.313  0.815 -0.290  0.046
        9  0.86654   0.106  1.000  0.054 -0.055  0.467 -0.509  0.107
       20  0.99735   0.368  0.054  1.000 -0.994  0.129 -0.805  0.936
       21  0.99568  -0.313 -0.055 -0.994  1.000 -0.086  0.796 -0.950
       22  0.92255   0.815  0.467  0.129 -0.086  1.000 -0.292 -0.115
       23  0.93635  -0.290 -0.509 -0.805  0.796 -0.292  1.000 -0.800
       24  0.99379   0.046  0.107  0.936 -0.950 -0.115 -0.800  1.000
 ERR MATRIX NOT POS-DEF
MINUIT - FIT wiggle + 1-CBO + 2-CBO
 **********
 **   42 **RES 
 **********
                   PARAMETER   16  beta_vw RESTORED TO VARIABLE.
                   PARAMETER   14  alpha_vw RESTORED TO VARIABLE.
                   PARAMETER   13  beta_y RESTORED TO VARIABLE.
                   PARAMETER   11  alpha_y RESTORED TO VARIABLE.
                   PARAMETER   10  beta_2CBO RESTORED TO VARIABLE.
                   PARAMETER    6  alpha_CBO RESTORED TO VARIABLE.
                   PARAMETER    4  phi RESTORED TO VARIABLE.
                   PARAMETER    3  A0 RESTORED TO VARIABLE.
                   PARAMETER    1  N0 RESTORED TO VARIABLE.
 **********
 **   43 **FIX           10
 **********
 **********
 **   44 **FIX           11
 **********
 **********
 **   45 **FIX           12
 **********
 PARAMETER   12  IS CONSTANT.   IGNORED.
 **********
 **   46 **FIX           13
 **********
 **********
 **   47 **FIX           14
 **********
 **********
 **   48 **FIX           15
 **********
 PARAMETER   15  IS CONSTANT.   IGNORED.
 **********
 **   49 **FIX           16
 **********
 **********
 **   50 **MIGRAD
 **********
 START MIGRAD MINIMIZATION.  STRATEGY  1.  CONVERGENCE WHEN EDM .LT. 1.00e-04
 FCN=1240.64 FROM MIGRAD    STATUS=INITIATE       22 CALLS        4163 TOTAL
                     EDM= unknown      STRATEGY= 1      NO ERROR MATRIX       
  EXT PARAMETER               CURRENT GUESS       STEP         FIRST   
  NO.   NAME      VALUE            ERROR          SIZE      DERIVATIVE 
   1  N0           2.89230e+06   3.22511e+03   3.22511e+03  -2.04312e-05
   2  tau          6.43896e+01   constant   
   3  A0           4.38637e-01   2.42342e-03   2.42342e-03   7.87039e+01
   4  phi          4.09957e+00   3.13952e-03   3.13952e-03  -3.49366e-01
   5  R           -6.12649e+01   constant   
   6  alpha_CBO   -1.67699e-02   1.22016e-03   1.22016e-03   1.68770e+02
   7  w_CBO        2.32500e+00   constant   
   8  beta_CBO     3.22372e-04   5.11025e-04   2.30735e-06   2.20205e+01
   9  alpha_2CBO   4.10991e-05   2.72396e-04   2.34225e-06  -9.80653e+00
  10  beta_2CBO   -2.54074e-03     fixed    
  11  alpha_y      0.00000e+00     fixed    
  12  w_y          1.44500e+01   constant   
  13  beta_y      -2.81197e-03     fixed    
  14  alpha_vw     0.00000e+00     fixed    
  15  w_vw         1.29000e+01   constant   
  16  beta_vw      0.00000e+00     fixed    
  17  LM          -3.89610e-04   constant   
  18  zeta_y       0.00000e+00   constant   
  19  zeta_vw      0.00000e+00   constant   
  20  T_CBO        4.85680e+01   3.22857e+00   1.87294e-05  -3.52994e+00
  21  alpha_A0     2.37752e-01   7.58080e-03   1.21434e-05  -3.57261e+00
  22  beta_A0      1.29306e-02   1.67371e-03   1.11435e-05  -1.67522e+00
  23  alpha_phi    6.24491e-02   2.36531e-03   1.43268e-05  -1.01810e+00
  24  beta_phi    -2.83284e-01   9.00755e-03   1.72923e-05   2.36292e+00
 MIGRAD MINIMIZATION HAS CONVERGED.
 MIGRAD WILL VERIFY CONVERGENCE AND ERROR MATRIX.
 FCN=1240.62 FROM HESSE     STATUS=NOT POSDEF    100 CALLS        4458 TOTAL
                     EDM=0.000511165    STRATEGY= 1      ERR MATRIX NOT POS-DEF
  EXT PARAMETER                APPROXIMATE        STEP         FIRST   
  NO.   NAME      VALUE            ERROR          SIZE      DERIVATIVE 
   1  N0           2.89243e+06   3.19984e+03   4.84529e+00  -5.48600e-06
   2  tau          6.43896e+01   constant   
   3  A0           4.38506e-01   2.32142e-03   3.09681e-06  -5.99045e+00
   4  phi          4.09952e+00   3.59841e-03   5.04437e-06  -5.52786e+00
   5  R           -6.12649e+01   constant   
   6  alpha_CBO   -1.69517e-02   1.25183e-03   2.42854e-06  -6.21744e-01
   7  w_CBO        2.32500e+00   constant   
   8  beta_CBO    -2.63184e-05   1.40592e-03   2.30734e-06   3.15766e+00
   9  alpha_2CBO  -2.29532e-05   3.70879e-04   2.34215e-06   1.32701e+00
  10  beta_2CBO   -2.54074e-03     fixed    
  11  alpha_y      0.00000e+00     fixed    
  12  w_y          1.44500e+01   constant   
  13  beta_y      -2.81197e-03     fixed    
  14  alpha_vw     0.00000e+00     fixed    
  15  w_vw         1.29000e+01   constant   
  16  beta_vw      0.00000e+00     fixed    
  17  LM          -3.89610e-04   constant   
  18  zeta_y       0.00000e+00   constant   
  19  zeta_vw      0.00000e+00   constant   
  20  T_CBO        4.82556e+01   3.00821e+00   1.87798e-05  -1.01101e+00
  21  alpha_A0     2.36983e-01   7.34615e-03   1.21782e-05  -7.24221e-01
  22  beta_A0      1.15961e-02   7.06947e-03   1.11717e-05   1.32747e+00
  23  alpha_phi    6.31487e-02   7.67652e-03   1.43447e-05   3.78433e-01
  24  beta_phi    -2.81846e-01   9.30720e-03   1.73313e-05  -1.74349e-02
 CALL LIMIT EXCEEDED IN MIGRAD.
 MIGRAD TERMINATED WITHOUT CONVERGENCE.
 FCN=1234.57 FROM MIGRAD    STATUS=CALL LIMIT   1919 CALLS        6060 TOTAL
                     EDM=0.868095    STRATEGY= 1      ERR MATRIX NOT POS-DEF
  EXT PARAMETER                APPROXIMATE        STEP         FIRST   
  NO.   NAME      VALUE            ERROR          SIZE      DERIVATIVE 
   1  N0           2.91467e+06   4.65584e+03  -4.26236e+02   2.08994e-03
   2  tau          6.43896e+01   constant   
   3  A0           5.90068e-01   2.17673e-02   1.12743e-02  -1.11761e+03
   4  phi          4.08377e+00   4.46793e-03  -2.16710e-03  -2.01756e+03
   5  R           -6.12649e+01   constant   
   6  alpha_CBO   -7.53655e-02   7.68541e-03  -3.72712e-03  -3.50859e+03
   7  w_CBO        2.32500e+00   constant   
   8  beta_CBO    -2.82150e-02   2.02742e-03  -7.90267e-04   8.14112e+02
   9  alpha_2CBO  -1.41908e-02   1.74907e-03  -8.99192e-04  -4.30309e+02
  10  beta_2CBO   -2.54074e-03     fixed    
  11  alpha_y      0.00000e+00     fixed    
  12  w_y          1.44500e+01   constant   
  13  beta_y      -2.81197e-03     fixed    
  14  alpha_vw     0.00000e+00     fixed    
  15  w_vw         1.29000e+01   constant   
  16  beta_vw      0.00000e+00     fixed    
  17  LM          -3.89610e-04   constant   
  18  zeta_y       0.00000e+00   constant   
  19  zeta_vw      0.00000e+00   constant   
  20  T_CBO        3.49065e+01   1.53729e+00  -4.29201e-03  -5.55666e+01
  21  alpha_A0     4.99390e-01   3.69629e-02   2.00570e-02   8.61929e+02
  22  beta_A0     -2.11259e-01   2.22506e-02  -1.11714e-02   9.46755e+02
  23  alpha_phi    1.09122e-01   1.40844e-02   3.63836e-03   3.90105e+02
  24  beta_phi    -6.50450e-01   5.77696e-02  -3.10014e-02   3.89880e+02
 EXTERNAL ERROR MATRIX.    NDIM=  25    NPAR= 11    ERR DEF=1
  2.168e+07 
 -4.485e+01  4.738e-04 
  6.661e+00 -9.138e-05  1.996e-05 
  1.865e+01 -1.650e-04  3.245e-05  5.907e-05 
  3.415e+00 -3.767e-05  7.992e-06  1.410e-05  4.110e-06 
  2.711e+00 -3.732e-05  7.457e-06  1.295e-05  3.031e-06  3.059e-06 
  2.999e+03 -3.338e-02  6.463e-03  1.161e-02  2.671e-03  2.638e-03  2.363e+00 
 -5.427e+01  7.904e-04 -1.498e-04 -2.669e-04 -5.838e-05 -6.281e-05 -5.587e-02  1.366e-03 
  1.918e+01 -4.556e-04  9.651e-05  1.592e-04  4.090e-05  3.763e-05  3.240e-02 -7.660e-04  4.951e-04 
 -6.008e+01  2.242e-04 -3.832e-05 -8.615e-05 -1.891e-05 -1.611e-05 -1.548e-02  3.229e-04 -1.662e-04  1.984e-04 
  9.271e+01 -1.237e-03  2.338e-04  4.186e-04  8.990e-05  9.821e-05  8.734e-02 -2.132e-03  1.185e-03 -5.227e-04  3.337e-03 
ERR MATRIX NOT POS-DEF
 PARAMETER  CORRELATION COEFFICIENTS  
       NO.  GLOBAL      1      3      4      6      8      9     20     21     22     23     24
        1  0.99945   1.000 -0.443  0.320  0.521  0.362  0.333  0.419 -0.315  0.185 -0.916  0.345
        3  0.99999  -0.443  1.000 -0.940 -0.987 -0.854 -0.980 -0.997  0.982 -0.941  0.731 -0.984
        4  0.99971   0.320 -0.940  1.000  0.945  0.882  0.954  0.941 -0.907  0.971 -0.609  0.906
        6  0.99993   0.521 -0.987  0.945  1.000  0.905  0.963  0.983 -0.939  0.931 -0.796  0.943
        8  0.99955   0.362 -0.854  0.882  0.905  1.000  0.855  0.857 -0.779  0.907 -0.662  0.768
        9  0.99879   0.333 -0.980  0.954  0.963  0.855  1.000  0.981 -0.972  0.967 -0.654  0.972
       20  0.99971   0.419 -0.997  0.941  0.983  0.857  0.981  1.000 -0.983  0.947 -0.715  0.983
       21  0.99996  -0.315  0.982 -0.907 -0.939 -0.779 -0.972 -0.983  1.000 -0.931  0.620 -0.998
       22  0.99993   0.185 -0.941  0.971  0.931  0.907  0.967  0.947 -0.931  1.000 -0.530  0.922
       23  0.99930  -0.916  0.731 -0.609 -0.796 -0.662 -0.654 -0.715  0.620 -0.530  1.000 -0.642
       24  0.99995   0.345 -0.984  0.906  0.943  0.768  0.972  0.983 -0.998  0.922 -0.642  1.000
 ERR MATRIX NOT POS-DEF
MINUIT - FIT ONLY 1-y
 **********
 **   51 **RES 
 **********
                   PARAMETER   16  beta_vw RESTORED TO VARIABLE.
                   PARAMETER   14  alpha_vw RESTORED TO VARIABLE.
                   PARAMETER   13  beta_y RESTORED TO VARIABLE.
                   PARAMETER   11  alpha_y RESTORED TO VARIABLE.
                   PARAMETER   10  beta_2CBO RESTORED TO VARIABLE.
 **********
 **   52 **FIX            0
 **********
 PARAMETER    0  IS UNDEFINED. IGNORED.
 **********
 **   53 **FIX            1
 **********
 **********
 **   54 **FIX            2
 **********
 PARAMETER    2  IS CONSTANT.   IGNORED.
 **********
 **   55 **FIX            3
 **********
 **********
 **   56 **FIX            4
 **********
 **********
 **   57 **FIX            5
 **********
 PARAMETER    5  IS CONSTANT.   IGNORED.
 **********
 **   58 **FIX            6
 **********
 **********
 **   59 **FIX            7
 **********
 PARAMETER    7  IS CONSTANT.   IGNORED.
 **********
 **   60 **FIX            8
 **********
 **********
 **   61 **FIX            9
 **********
 **********
 **   62 **FIX           13
 **********
 **********
 **   63 **FIX           14
 **********
 **********
 **   64 **FIX           15
 **********
 PARAMETER   15  IS CONSTANT.   IGNORED.
 **********
 **   65 **FIX           16
 **********
 **********
 **   66 **MIGRAD
 **********
 START MIGRAD MINIMIZATION.  STRATEGY  1.  CONVERGENCE WHEN EDM .LT. 1.00e-04
 FCN=1234.57 FROM MIGRAD    STATUS=INITIATE       16 CALLS        6076 TOTAL
                     EDM= unknown      STRATEGY= 1      NO ERROR MATRIX       
  EXT PARAMETER               CURRENT GUESS       STEP         FIRST   
  NO.   NAME      VALUE            ERROR          SIZE      DERIVATIVE 
   1  N0           2.91467e+06     fixed    
   2  tau          6.43896e+01   constant   
   3  A0           5.90068e-01     fixed    
   4  phi          4.08377e+00     fixed    
   5  R           -6.12649e+01   constant   
   6  alpha_CBO   -7.53655e-02     fixed    
   7  w_CBO        2.32500e+00   constant   
   8  beta_CBO    -2.82150e-02     fixed    
   9  alpha_2CBO  -1.41908e-02     fixed    
  10  beta_2CBO   -2.54074e-03   4.41442e-04   4.41442e-04  -1.09091e+03
  11  alpha_y      0.00000e+00   1.00000e-03   1.00000e-03   4.60440e+05
  12  w_y          1.44500e+01   constant   
  13  beta_y      -2.81197e-03     fixed    
  14  alpha_vw     0.00000e+00     fixed    
  15  w_vw         1.29000e+01   constant   
  16  beta_vw      0.00000e+00     fixed    
  17  LM          -3.89610e-04   constant   
  18  zeta_y       0.00000e+00   constant   
  19  zeta_vw      0.00000e+00   constant   
  20  T_CBO        3.49065e+01   1.53729e+00  -4.29201e-03  -5.55663e+01
  21  alpha_A0     4.99390e-01   3.69629e-02   2.00570e-02   8.61929e+02
  22  beta_A0     -2.11259e-01   2.22506e-02  -1.11714e-02   9.46755e+02
  23  alpha_phi    1.09122e-01   1.40844e-02   3.63836e-03   3.90105e+02
  24  beta_phi    -6.50450e-01   5.77696e-02  -3.10014e-02   3.89880e+02
 MIGRAD MINIMIZATION HAS CONVERGED.
 MIGRAD WILL VERIFY CONVERGENCE AND ERROR MATRIX.
 COVARIANCE MATRIX CALCULATED SUCCESSFULLY
 FCN=182.708 FROM MIGRAD    STATUS=CONVERGED     895 CALLS        6955 TOTAL
                     EDM=1.78888e-06    STRATEGY= 1      ERROR MATRIX ACCURATE 
  EXT PARAMETER                                   STEP         FIRST   
  NO.   NAME      VALUE            ERROR          SIZE      DERIVATIVE 
   1  N0           2.91467e+06     fixed    
   2  tau          6.43896e+01   constant   
   3  A0           5.90068e-01     fixed    
   4  phi          4.08377e+00     fixed    
   5  R           -6.12649e+01   constant   
   6  alpha_CBO   -7.53655e-02     fixed    
   7  w_CBO        2.32500e+00   constant   
   8  beta_CBO    -2.82150e-02     fixed    
   9  alpha_2CBO  -1.41908e-02     fixed    
  10  beta_2CBO   -1.62031e-03   6.53689e-04   9.07285e-07  -5.31267e+00
  11  alpha_y     -4.57130e-03   1.40980e-04   9.26345e-07   8.55009e-01
  12  w_y          1.44500e+01   constant   
  13  beta_y      -2.81197e-03     fixed    
  14  alpha_vw     0.00000e+00     fixed    
  15  w_vw         1.29000e+01   constant   
  16  beta_vw      0.00000e+00     fixed    
  17  LM          -3.89610e-04   constant   
  18  zeta_y       0.00000e+00   constant   
  19  zeta_vw      0.00000e+00   constant   
  20  T_CBO        2.56802e+01   3.28623e+00   1.03017e-06  -1.11368e+01
  21  alpha_A0     6.35362e-01   7.40534e-02   4.67491e-06  -1.77697e+00
  22  beta_A0     -2.68868e-01   3.14809e-02   4.19862e-06   5.89604e-01
  23  alpha_phi    1.33605e-01   1.34774e-02   7.08709e-06  -8.06733e-01
  24  beta_phi    -8.41429e-01   1.06430e-01   8.57557e-06   6.30697e-01
 EXTERNAL ERROR MATRIX.    NDIM=  25    NPAR=  7    ERR DEF=1
  4.273e-07 -4.207e-09 -2.053e-03  4.618e-05 -1.963e-05  8.349e-06 -6.663e-05 
 -4.207e-09  1.988e-08  3.225e-05 -7.285e-07  3.080e-07 -1.285e-07  1.029e-06 
 -2.053e-03  3.225e-05  1.080e+01 -2.434e-01  1.034e-01 -4.413e-02  3.497e-01 
  4.618e-05 -7.285e-07 -2.434e-01  5.484e-03 -2.331e-03  9.941e-04 -7.880e-03 
 -1.963e-05  3.080e-07  1.034e-01 -2.331e-03  9.910e-04 -4.227e-04  3.349e-03 
  8.349e-06 -1.285e-07 -4.413e-02  9.941e-04 -4.227e-04  1.816e-04 -1.429e-03 
 -6.663e-05  1.029e-06  3.497e-01 -7.880e-03  3.349e-03 -1.429e-03  1.133e-02 
 PARAMETER  CORRELATION COEFFICIENTS  
       NO.  GLOBAL     10     11     20     21     22     23     24
       10  0.97776   1.000 -0.046 -0.956  0.954 -0.954  0.948 -0.958
       11  0.11939  -0.046  1.000  0.070 -0.070  0.069 -0.068  0.069
       20  0.99997  -0.956  0.070  1.000 -1.000  1.000 -0.996  1.000
       21  0.99995   0.954 -0.070 -1.000  1.000 -1.000  0.996 -1.000
       22  0.99980  -0.954  0.069  1.000 -1.000  1.000 -0.996  1.000
       23  0.99684   0.948 -0.068 -0.996  0.996 -0.996  1.000 -0.996
       24  0.99993  -0.958  0.069  1.000 -1.000  1.000 -0.996  1.000
MINUIT - FIT ONLY 2-y
 **********
 **   67 **RES 
 **********
                   PARAMETER   16  beta_vw RESTORED TO VARIABLE.
                   PARAMETER   14  alpha_vw RESTORED TO VARIABLE.
                   PARAMETER   13  beta_y RESTORED TO VARIABLE.
                   PARAMETER    9  alpha_2CBO RESTORED TO VARIABLE.
                   PARAMETER    8  beta_CBO RESTORED TO VARIABLE.
                   PARAMETER    6  alpha_CBO RESTORED TO VARIABLE.
                   PARAMETER    4  phi RESTORED TO VARIABLE.
                   PARAMETER    3  A0 RESTORED TO VARIABLE.
                   PARAMETER    1  N0 RESTORED TO VARIABLE.
 **********
 **   68 **FIX            0
 **********
 PARAMETER    0  IS UNDEFINED. IGNORED.
 **********
 **   69 **FIX            1
 **********
 **********
 **   70 **FIX            2
 **********
 PARAMETER    2  IS CONSTANT.   IGNORED.
 **********
 **   71 **FIX            3
 **********
 **********
 **   72 **FIX            4
 **********
 **********
 **   73 **FIX            5
 **********
 PARAMETER    5  IS CONSTANT.   IGNORED.
 **********
 **   74 **FIX            6
 **********
 **********
 **   75 **FIX            7
 **********
 PARAMETER    7  IS CONSTANT.   IGNORED.
 **********
 **   76 **FIX            8
 **********
 **********
 **   77 **FIX            9
 **********
 **********
 **   78 **FIX           10
 **********
 **********
 **   79 **FIX           11
 **********
 **********
 **   80 **FIX           12
 **********
 PARAMETER   12  IS CONSTANT.   IGNORED.
 **********
 **   81 **FIX           16
 **********
 **********
 **   82 **MIGRAD
 **********
 START MIGRAD MINIMIZATION.  STRATEGY  1.  CONVERGENCE WHEN EDM .LT. 1.00e-04
 FCN=182.708 FROM MIGRAD    STATUS=INITIATE       16 CALLS        6971 TOTAL
                     EDM= unknown      STRATEGY= 1      NO ERROR MATRIX       
  EXT PARAMETER               CURRENT GUESS       STEP         FIRST   
  NO.   NAME      VALUE            ERROR          SIZE      DERIVATIVE 
   1  N0           2.91467e+06     fixed    
   2  tau          6.43896e+01   constant   
   3  A0           5.90068e-01     fixed    
   4  phi          4.08377e+00     fixed    
   5  R           -6.12649e+01   constant   
   6  alpha_CBO   -7.53655e-02     fixed    
   7  w_CBO        2.32500e+00   constant   
   8  beta_CBO    -2.82150e-02     fixed    
   9  alpha_2CBO  -1.41908e-02     fixed    
  10  beta_2CBO   -1.62031e-03     fixed    
  11  alpha_y     -4.57130e-03     fixed    
  12  w_y          1.44500e+01   constant   
  13  beta_y      -2.81197e-03   1.38882e-04   1.38882e-04  -2.79767e+04
  14  alpha_vw     0.00000e+00   1.00000e-03   1.00000e-03   1.10759e+05
