 + ++++++++++++++++++++++++++++++++++++++++++++++++++++++++++++++++++++ +
 +                                                                      +
 +           You have chose to blind your fitting according to          +
 +                omega_ref * (1 + (R +/- deltaR) *10^{-6})             +
 +                                                                      +
 + ++++++++++++++++++++++++++++++++++++++++++++++++++++++++++++++++++++ +
In main()...
reading format from /gm2data/zkhechad/run45/envelope/formats/formatB_sBin_constraintOn.txt
pBinTau 	= 0  
pBinPhi 	= 0  
constraintau 	= 1 
includeMopTerm 	= 0    
constrainMop    = 0   
Parameters after format file: pBinTau 0 pBinPhi 0 constraintau 1 includeMopTerm 0 constrainMop 0 c_e_scale 0.000000 
Opening file /gm2data/tbarrett/gm2fr/studies/run23_bunch_corrections/CorrectedFourier_Run3b.root.
reading full fit data from /gm2data/zkhechad/cboTemplates/Run4CBOTemplates/templateFits0_v2.0/noRF/sBin_constraintOn_cE0.0_seed0_noRF_calo13.root
windowBins = 69
fitting sliding window 1628 from bin 1764 at 263.039600 to bin 1833 at 273.483600 (69 bins)

Reading data from /gm2data/cornell/histograms/aMethod/histogram_a_noRF.root
 **********
 **    1 **SET PRINTOUT            1
 **********
 **********
 **    2 **SET NOWARNINGS 
 **********
 PARAMETER DEFINITIONS:
    NO.   NAME         VALUE      STEP SIZE      LIMITS
     1 N0           3.44933e+06  1.00000e+02     no limits
     2 tau          6.43680e+01  constant
     3 A0           3.52702e-01  1.00000e-04     no limits
     4 phi          4.13064e+00  1.00000e-02     no limits
     5 R           -6.08433e+01  constant
     6 alpha_CBO    0.00000e+00  1.00000e-03     no limits
     7 w_CBO        2.32500e+00  constant
     8 beta_CBO     0.00000e+00  1.00000e-03     no limits
     9 alpha_2CBO   0.00000e+00  1.00000e-03     no limits
    10 beta_2CBO    0.00000e+00  1.00000e-03     no limits
    11 alpha_y      0.00000e+00  1.00000e-03     no limits
    12 w_y          1.44500e+01  constant
    13 beta_y       0.00000e+00  1.00000e-03     no limits
    14 alpha_vw     0.00000e+00  1.00000e-03     no limits
    15 w_vw         1.29000e+01  constant
    16 beta_vw      0.00000e+00  1.00000e-03     no limits
    17 LM          -1.22211e-03  constant
    18 zeta_y       0.00000e+00  constant
    19 zeta_vw      0.00000e+00  constant
    20 T_CBO        1.00000e+02  1.00000e+00    0.00000e+00  1.00000e+03
    21 alpha_A0     0.00000e+00  1.00000e-03     no limits
    22 beta_A0      0.00000e+00  1.00000e-03     no limits
    23 alpha_phi    0.00000e+00  1.00000e-03     no limits
    24 beta_phi     0.00000e+00  1.00000e-03     no limits
MINUIT - FIT ONLY WIGGLE
 **********
 **    3 **FIX            5
 **********
 PARAMETER    5  IS CONSTANT.   IGNORED.
 **********
 **    4 **FIX            6
 **********
 **********
 **    5 **FIX            7
 **********
 PARAMETER    7  IS CONSTANT.   IGNORED.
 **********
 **    6 **FIX            8
 **********
 **********
 **    7 **FIX            9
 **********
 **********
 **    8 **FIX           10
 **********
 **********
 **    9 **FIX           11
 **********
 **********
 **   10 **FIX           12
 **********
 PARAMETER   12  IS CONSTANT.   IGNORED.
 **********
 **   11 **FIX           13
 **********
 **********
 **   12 **FIX           14
 **********
 **********
 **   13 **FIX           15
 **********
 PARAMETER   15  IS CONSTANT.   IGNORED.
 **********
 **   14 **FIX           16
 **********
 **********
 **   15 **MIGRAD
 **********
 FIRST CALL TO USER FUNCTION AT NEW START POINT, WITH IFLAG=4.
 START MIGRAD MINIMIZATION.  STRATEGY  1.  CONVERGENCE WHEN EDM .LT. 1.00e-04
 FCN=130.963 FROM MIGRAD    STATUS=INITIATE      437 CALLS         438 TOTAL
                     EDM= unknown      STRATEGY= 1      NO ERROR MATRIX       
  EXT PARAMETER               CURRENT GUESS       STEP         FIRST   
  NO.   NAME      VALUE            ERROR          SIZE      DERIVATIVE 
   1  N0           3.44933e+06   1.00000e+02   0.00000e+00  -1.82590e-03
   2  tau          6.43680e+01   constant   
   3  A0           3.52702e-01   1.00000e-04   0.00000e+00  -4.22435e+03
   4  phi          4.13064e+00   1.00000e-02   0.00000e+00   3.61386e+03
   5  R           -6.08433e+01   constant   
   6  alpha_CBO    0.00000e+00     fixed    
   7  w_CBO        2.32500e+00   constant   
   8  beta_CBO     0.00000e+00     fixed    
   9  alpha_2CBO   0.00000e+00     fixed    
  10  beta_2CBO    0.00000e+00     fixed    
  11  alpha_y      0.00000e+00     fixed    
  12  w_y          1.44500e+01   constant   
  13  beta_y       0.00000e+00     fixed    
  14  alpha_vw     0.00000e+00     fixed    
  15  w_vw         1.29000e+01   constant   
  16  beta_vw      0.00000e+00     fixed    
  17  LM          -1.22211e-03   constant   
  18  zeta_y       0.00000e+00   constant   
  19  zeta_vw      0.00000e+00   constant   
  20  T_CBO        1.00000e+02   1.00000e+00   0.00000e+00   0.00000e+00
  21  alpha_A0     0.00000e+00   1.00000e-03   0.00000e+00   3.51563e+01
  22  beta_A0      0.00000e+00   1.00000e-03   0.00000e+00  -1.08548e+02
  23  alpha_phi    0.00000e+00   1.00000e-03   0.00000e+00   2.76183e+01
  24  beta_phi     0.00000e+00   1.00000e-03   0.00000e+00   2.26771e+01
 CALL LIMIT EXCEEDED IN MIGRAD.
 MIGRAD TERMINATED WITHOUT CONVERGENCE.
 FCN=121.179 FROM MIGRAD    STATUS=CALL LIMIT   1322 CALLS        1323 TOTAL
                     EDM=0.00244707    STRATEGY= 1  ERROR MATRIX UNCERTAINTY   2.4 per cent
  EXT PARAMETER                APPROXIMATE        STEP         FIRST   
  NO.   NAME      VALUE            ERROR          SIZE      DERIVATIVE 
   1  N0           3.44984e+06   1.15214e+03   4.36431e+01   1.45191e-05
   2  tau          6.43680e+01   constant   
   3  A0           3.53148e-01   4.50377e-04  -1.69372e-05  -4.60129e+01
   4  phi          4.12759e+00   1.28588e-03  -2.10767e-05  -1.77758e+01
   5  R           -6.08433e+01   constant   
   6  alpha_CBO    0.00000e+00     fixed    
   7  w_CBO        2.32500e+00   constant   
   8  beta_CBO     0.00000e+00     fixed    
   9  alpha_2CBO   0.00000e+00     fixed    
  10  beta_2CBO    0.00000e+00     fixed    
  11  alpha_y      0.00000e+00     fixed    
  12  w_y          1.44500e+01   constant   
  13  beta_y       0.00000e+00     fixed    
  14  alpha_vw     0.00000e+00     fixed    
  15  w_vw         1.29000e+01   constant   
  16  beta_vw      0.00000e+00     fixed    
  17  LM          -1.22211e-03   constant   
  18  zeta_y       0.00000e+00   constant   
  19  zeta_vw      0.00000e+00   constant   
  20  T_CBO        3.10930e+01   1.18219e+01  -3.89939e-03  -5.17387e+00
  21  alpha_A0    -7.73448e+00   2.14776e+01  -1.13045e+00   1.01930e-02
  22  beta_A0      1.58103e+01   4.37900e+01   2.30472e+00  -5.70041e-03
  23  alpha_phi    1.43544e-02   9.57066e-02   4.62147e-03   2.72016e-02
  24  beta_phi    -2.28508e+00   6.37591e+00  -3.35700e-01  -2.76995e-03
 EXTERNAL ERROR MATRIX.    NDIM=  25    NPAR=  8    ERR DEF=1
  1.327e+06  1.527e-02  2.399e-01 -2.513e+03 -4.550e+03  9.272e+03  1.242e+01 -1.352e+03 
  1.527e-02  2.028e-07 -9.431e-09  9.862e-04  2.023e-03 -4.124e-03 -7.282e-06  6.018e-04 
  2.399e-01 -9.431e-09  1.653e-06  1.146e-03  2.996e-03 -6.105e-03 -1.623e-05  8.876e-04 
 -2.513e+03  9.862e-04  1.146e-03  1.400e+02  2.508e+02 -5.113e+02 -1.073e+00  7.445e+01 
 -4.550e+03  2.023e-03  2.996e-03  2.508e+02  4.613e+02 -9.405e+02 -1.969e+00  1.369e+02 
  9.272e+03 -4.124e-03 -6.105e-03 -5.113e+02 -9.405e+02  1.918e+03  4.014e+00 -2.792e+02 
  1.242e+01 -7.282e-06 -1.623e-05 -1.073e+00 -1.969e+00  4.014e+00  9.160e-03 -5.844e-01 
 -1.352e+03  6.018e-04  8.876e-04  7.445e+01  1.369e+02 -2.792e+02 -5.844e-01  4.065e+01 
ERR MATRIX APPROXIMATE
 PARAMETER  CORRELATION COEFFICIENTS  
       NO.  GLOBAL      1      3      4     20     21     22     23     24
        1  0.36368   1.000  0.029  0.162 -0.184 -0.184  0.184  0.113 -0.184
        3  0.31089   0.029  1.000 -0.016  0.185  0.209 -0.209 -0.169  0.210
        4  0.30959   0.162 -0.016  1.000  0.075  0.108 -0.108 -0.132  0.108
       20  0.98783  -0.184  0.185  0.075  1.000  0.987 -0.987 -0.947  0.987
       21  1.00000  -0.184  0.209  0.108  0.987  1.000 -1.000 -0.958  1.000
       22  1.00000   0.184 -0.209 -0.108 -0.987 -1.000  1.000  0.958 -1.000
       23  0.96104   0.113 -0.169 -0.132 -0.947 -0.958  0.958  1.000 -0.958
       24  0.99999  -0.184  0.210  0.108  0.987  1.000 -1.000 -0.958  1.000
 ERR MATRIX APPROXIMATE
MINUIT - FIT ONLY 1-CBO + wiggle
 **********
 **   16 **RES 
 **********
                   PARAMETER   16  beta_vw RESTORED TO VARIABLE.
                   PARAMETER   14  alpha_vw RESTORED TO VARIABLE.
                   PARAMETER   13  beta_y RESTORED TO VARIABLE.
                   PARAMETER   11  alpha_y RESTORED TO VARIABLE.
                   PARAMETER   10  beta_2CBO RESTORED TO VARIABLE.
                   PARAMETER    9  alpha_2CBO RESTORED TO VARIABLE.
                   PARAMETER    8  beta_CBO RESTORED TO VARIABLE.
                   PARAMETER    6  alpha_CBO RESTORED TO VARIABLE.
 **********
 **   17 **FIX            8
 **********
 **********
 **   18 **FIX            9
 **********
 **********
 **   19 **FIX           11
 **********
 **********
 **   20 **FIX           12
 **********
 PARAMETER   12  IS CONSTANT.   IGNORED.
 **********
 **   21 **FIX           14
 **********
 **********
 **   22 **FIX           15
 **********
 PARAMETER   15  IS CONSTANT.   IGNORED.
 **********
 **   23 **FIX           16
 **********
 **********
 **   24 **MIGRAD
 **********
 START MIGRAD MINIMIZATION.  STRATEGY  1.  CONVERGENCE WHEN EDM .LT. 1.00e-04
 FCN=121.179 FROM MIGRAD    STATUS=INITIATE       28 CALLS        1351 TOTAL
                     EDM= unknown      STRATEGY= 1      NO ERROR MATRIX       
  EXT PARAMETER               CURRENT GUESS       STEP         FIRST   
  NO.   NAME      VALUE            ERROR          SIZE      DERIVATIVE 
   1  N0           3.44984e+06   1.15214e+03   4.36431e+01   1.45191e-05
   2  tau          6.43680e+01   constant   
   3  A0           3.53148e-01   4.50377e-04  -1.69372e-05  -4.60129e+01
   4  phi          4.12759e+00   1.28588e-03  -2.10767e-05  -1.77758e+01
   5  R           -6.08433e+01   constant   
   6  alpha_CBO    0.00000e+00   1.00000e-03   1.00000e-03  -4.00621e+03
   7  w_CBO        2.32500e+00   constant   
   8  beta_CBO     0.00000e+00     fixed    
   9  alpha_2CBO   0.00000e+00     fixed    
  10  beta_2CBO    0.00000e+00   1.00000e-03   1.00000e-03  -7.07991e+02
  11  alpha_y      0.00000e+00     fixed    
  12  w_y          1.44500e+01   constant   
  13  beta_y       0.00000e+00   1.00000e-03   1.00000e-03   1.08991e+04
  14  alpha_vw     0.00000e+00     fixed    
  15  w_vw         1.29000e+01   constant   
  16  beta_vw      0.00000e+00     fixed    
  17  LM          -1.22211e-03   constant   
  18  zeta_y       0.00000e+00   constant   
  19  zeta_vw      0.00000e+00   constant   
  20  T_CBO        3.10930e+01   1.18219e+01  -3.89939e-03  -5.17386e+00
  21  alpha_A0    -7.73448e+00   2.14776e+01  -1.13045e+00   1.01930e-02
  22  beta_A0      1.58103e+01   4.37900e+01   2.30472e+00  -5.70041e-03
  23  alpha_phi    1.43544e-02   9.57066e-02   4.62147e-03   2.72016e-02
  24  beta_phi    -2.28508e+00   6.37591e+00  -3.35700e-01  -2.76995e-03
 CALL LIMIT EXCEEDED IN MIGRAD.
 MIGRAD TERMINATED WITHOUT CONVERGENCE.
 FCN=112.95 FROM MIGRAD    STATUS=CALL LIMIT   1916 CALLS        3239 TOTAL
                     EDM=0.0118181    STRATEGY= 1  ERROR MATRIX UNCERTAINTY  32.0 per cent
  EXT PARAMETER                APPROXIMATE        STEP         FIRST   
  NO.   NAME      VALUE            ERROR          SIZE      DERIVATIVE 
   1  N0           3.44990e+06   1.20906e+03   1.38839e+00   3.92995e-07
   2  tau          6.43680e+01   constant   
   3  A0           3.52971e-01   4.79680e-04  -4.50100e-08   1.06122e+00
   4  phi          4.12745e+00   1.32118e-03   4.96033e-06   5.41408e+00
   5  R           -6.08433e+01   constant   
   6  alpha_CBO    4.65928e-04   4.84765e-04  -4.03244e-08   3.13915e+00
   7  w_CBO        2.32500e+00   constant   
   8  beta_CBO     0.00000e+00     fixed    
   9  alpha_2CBO   0.00000e+00     fixed    
  10  beta_2CBO    1.09799e-04   4.74666e-04  -1.42405e-06  -7.94176e+00
  11  alpha_y      0.00000e+00     fixed    
  12  w_y          1.44500e+01   constant   
  13  beta_y      -1.19630e-03   4.73623e-04   1.26593e-06   5.42643e+00
  14  alpha_vw     0.00000e+00     fixed    
  15  w_vw         1.29000e+01   constant   
  16  beta_vw      0.00000e+00     fixed    
  17  LM          -1.22211e-03   constant   
  18  zeta_y       0.00000e+00   constant   
  19  zeta_vw      0.00000e+00   constant   
  20  T_CBO        1.36147e+01   1.61877e+00   6.33526e-05   1.11434e+01
  21  alpha_A0    -4.83193e+05   1.10196e+06  -2.28302e+04   5.03156e-08
  22  beta_A0      9.93468e+05   2.26566e+06   4.69392e+04   8.18036e-08
  23  alpha_phi   -1.60453e+05   3.65910e+05  -7.58074e+03  -1.21979e-07
  24  beta_phi    -3.09299e+05   7.05391e+05  -1.46141e+04   2.63363e-07
 EXTERNAL ERROR MATRIX.    NDIM=  25    NPAR= 11    ERR DEF=1
  1.462e+06 
  1.074e-02  2.301e-07 
  2.761e-01 -4.673e-09  1.746e-06 
 -1.799e-02 -5.538e-08 -3.568e-08  2.350e-07 
  5.324e-03 -2.015e-08 -1.499e-08  1.202e-08  2.253e-07 
 -1.265e-02  3.074e-09  1.138e-08  1.482e-09 -4.035e-09  2.243e-07 
 -6.313e+01  3.371e-06 -8.983e-05 -1.157e-05  2.249e-05 -1.151e-05  2.621e+00 
 -3.933e+06  9.494e+00 -1.334e+01  3.659e-01  1.006e+01 -1.000e+01  1.732e+06  1.214e+12 
  8.083e+06 -1.952e+01  2.743e+01 -7.512e-01 -2.069e+01  2.057e+01 -3.561e+06 -2.497e+12  5.133e+12 
 -1.309e+06  3.154e+00 -4.431e+00  1.214e-01  3.342e+00 -3.322e+00  5.751e+05  4.032e+11 -8.290e+11  1.339e+11 
 -2.518e+06  6.079e+00 -8.541e+00  2.332e-01  6.442e+00 -6.403e+00  1.109e+06  7.773e+11 -1.598e+12  2.581e+11  4.976e+11 
ERR MATRIX APPROXIMATE
 PARAMETER  CORRELATION COEFFICIENTS  
       NO.  GLOBAL      1      3      4      6     10     13     20     21     22     23     24
        1  0.30842   1.000  0.019  0.173 -0.031  0.009 -0.022 -0.032 -0.003  0.003 -0.003 -0.003
        3  0.34565   0.019  1.000 -0.007 -0.238 -0.089  0.014  0.004  0.018 -0.018  0.018  0.018
        4  0.24010   0.173 -0.007  1.000 -0.056 -0.024  0.018 -0.042 -0.009  0.009 -0.009 -0.009
        6  0.29924  -0.031 -0.238 -0.056  1.000  0.052  0.006 -0.015  0.001 -0.001  0.001  0.001
       10  0.12357   0.009 -0.089 -0.024  0.052  1.000 -0.018  0.029  0.019 -0.019  0.019  0.019
       13  0.04839  -0.022  0.014  0.018  0.006 -0.018  1.000 -0.015 -0.019  0.019 -0.019 -0.019
       20  0.97232  -0.032  0.004 -0.042 -0.015  0.029 -0.015  1.000  0.971 -0.971  0.971  0.971
       21  1.00000  -0.003  0.018 -0.009  0.001  0.019 -0.019  0.971  1.000 -1.000  1.000  1.000
       22  1.00000   0.003 -0.018  0.009 -0.001 -0.019  0.019 -0.971 -1.000  1.000 -1.000 -1.000
       23  1.00000  -0.003  0.018 -0.009  0.001  0.019 -0.019  0.971  1.000 -1.000  1.000  1.000
       24  1.00000  -0.003  0.018 -0.009  0.001  0.019 -0.019  0.971  1.000 -1.000  1.000  1.000
 ERR MATRIX APPROXIMATE
MINUIT - FIT ONLY 2-CBO
 **********
 **   25 **RES 
 **********
                   PARAMETER   16  beta_vw RESTORED TO VARIABLE.
                   PARAMETER   14  alpha_vw RESTORED TO VARIABLE.
                   PARAMETER   11  alpha_y RESTORED TO VARIABLE.
                   PARAMETER    9  alpha_2CBO RESTORED TO VARIABLE.
                   PARAMETER    8  beta_CBO RESTORED TO VARIABLE.
 **********
 **   26 **FIX            0
 **********
 PARAMETER    0  IS UNDEFINED. IGNORED.
 **********
 **   27 **FIX            1
 **********
 **********
 **   28 **FIX            2
 **********
 PARAMETER    2  IS CONSTANT.   IGNORED.
 **********
 **   29 **FIX            3
 **********
 **********
 **   30 **FIX            4
 **********
 **********
 **   31 **FIX            5
 **********
 PARAMETER    5  IS CONSTANT.   IGNORED.
 **********
 **   32 **FIX            6
 **********
 **********
 **   33 **FIX            7
 **********
 PARAMETER    7  IS CONSTANT.   IGNORED.
 **********
 **   34 **FIX           10
 **********
 **********
 **   35 **FIX           11
 **********
 **********
 **   36 **FIX           12
 **********
 PARAMETER   12  IS CONSTANT.   IGNORED.
 **********
 **   37 **FIX           13
 **********
 **********
 **   38 **FIX           14
 **********
 **********
 **   39 **FIX           15
 **********
 PARAMETER   15  IS CONSTANT.   IGNORED.
 **********
 **   40 **FIX           16
 **********
 **********
 **   41 **MIGRAD
 **********
 START MIGRAD MINIMIZATION.  STRATEGY  1.  CONVERGENCE WHEN EDM .LT. 1.00e-04
 FCN=112.95 FROM MIGRAD    STATUS=INITIATE       16 CALLS        3255 TOTAL
                     EDM= unknown      STRATEGY= 1      NO ERROR MATRIX       
  EXT PARAMETER               CURRENT GUESS       STEP         FIRST   
  NO.   NAME      VALUE            ERROR          SIZE      DERIVATIVE 
   1  N0           3.44990e+06     fixed    
   2  tau          6.43680e+01   constant   
   3  A0           3.52971e-01     fixed    
   4  phi          4.12745e+00     fixed    
   5  R           -6.08433e+01   constant   
   6  alpha_CBO    4.65928e-04     fixed    
   7  w_CBO        2.32500e+00   constant   
   8  beta_CBO     0.00000e+00   1.00000e-03   1.00000e-03   3.48183e+04
   9  alpha_2CBO   0.00000e+00   1.00000e-03   1.00000e-03   1.94074e+03
  10  beta_2CBO    1.09799e-04     fixed    
  11  alpha_y      0.00000e+00     fixed    
  12  w_y          1.44500e+01   constant   
  13  beta_y      -1.19630e-03     fixed    
  14  alpha_vw     0.00000e+00     fixed    
  15  w_vw         1.29000e+01   constant   
  16  beta_vw      0.00000e+00     fixed    
  17  LM          -1.22211e-03   constant   
  18  zeta_y       0.00000e+00   constant   
  19  zeta_vw      0.00000e+00   constant   
  20  T_CBO        1.36147e+01   1.61877e+00   6.33526e-05   1.11426e+01
  21  alpha_A0    -4.83193e+05   1.10196e+06  -2.28302e+04   5.03158e-08
  22  beta_A0      9.93468e+05   2.26566e+06   4.69392e+04   8.18042e-08
  23  alpha_phi   -1.60453e+05   3.65910e+05  -7.58074e+03  -1.21979e-07
  24  beta_phi    -3.09299e+05   7.05391e+05  -1.46141e+04   2.63363e-07
 CALL LIMIT EXCEEDED IN MIGRAD.
 MIGRAD TERMINATED WITHOUT CONVERGENCE.
 FCN=43.0775 FROM MIGRAD    STATUS=CALL LIMIT   1152 CALLS        4391 TOTAL
                     EDM=0.00718353    STRATEGY= 1  ERROR MATRIX UNCERTAINTY  13.0 per cent
  EXT PARAMETER                APPROXIMATE        STEP         FIRST   
  NO.   NAME      VALUE            ERROR          SIZE      DERIVATIVE 
   1  N0           3.44990e+06     fixed    
   2  tau          6.43680e+01   constant   
   3  A0           3.52971e-01     fixed    
   4  phi          4.12745e+00     fixed    
   5  R           -6.08433e+01   constant   
   6  alpha_CBO    4.65928e-04     fixed    
   7  w_CBO        2.32500e+00   constant   
   8  beta_CBO    -3.97764e-03   4.58340e-04  -3.46253e-06   6.83213e+01
   9  alpha_2CBO   1.84752e-05   4.61812e-04   7.64977e-06  -5.08730e+01
  10  beta_2CBO    1.09799e-04     fixed    
  11  alpha_y      0.00000e+00     fixed    
  12  w_y          1.44500e+01   constant   
  13  beta_y      -1.19630e-03     fixed    
  14  alpha_vw     0.00000e+00     fixed    
  15  w_vw         1.29000e+01   constant   
  16  beta_vw      0.00000e+00     fixed    
  17  LM          -1.22211e-03   constant   
  18  zeta_y       0.00000e+00   constant   
  19  zeta_vw      0.00000e+00   constant   
  20  T_CBO        8.71058e+00   1.15235e+00  -5.26998e-04  -3.42204e+01
  21  alpha_A0    -2.83835e+10   9.58637e+10  -3.77755e+09   5.28692e-12
  22  beta_A0      1.78418e+10   6.02599e+10   2.37457e+09  -1.55834e-12
  23  alpha_phi   -7.54969e+09   2.55058e+10  -1.00507e+09  -4.20301e-12
  24  beta_phi    -2.03069e+10   6.85784e+10  -2.70236e+09  -7.15759e-13
 EXTERNAL ERROR MATRIX.    NDIM=  25    NPAR=  7    ERR DEF=1
  2.101e-07 -1.176e-08 -3.936e-06 -1.740e+06  1.094e+06 -4.631e+05 -1.245e+06 
 -1.176e-08  2.133e-07  1.708e-05  5.190e+05 -3.262e+05  1.380e+05  3.712e+05 
 -3.936e-06  1.708e-05  1.328e+00  1.090e+11 -6.853e+10  2.901e+10  7.799e+10 
 -1.740e+06  5.190e+05  1.090e+11  9.190e+21 -5.777e+21  2.445e+21  6.574e+21 
  1.094e+06 -3.262e+05 -6.853e+10 -5.777e+21  3.631e+21 -1.537e+21 -4.133e+21 
 -4.631e+05  1.380e+05  2.901e+10  2.445e+21 -1.537e+21  6.505e+20  1.749e+21 
 -1.245e+06  3.712e+05  7.799e+10  6.574e+21 -4.133e+21  1.749e+21  4.703e+21 
ERR MATRIX APPROXIMATE
 PARAMETER  CORRELATION COEFFICIENTS  
       NO.  GLOBAL      8      9     20     21     22     23     24
        8  0.22407   1.000 -0.056 -0.007 -0.040  0.040 -0.040 -0.040
        9  0.18804  -0.056  1.000  0.032  0.012 -0.012  0.012  0.012
       20  0.98789  -0.007  0.032  1.000  0.987 -0.987  0.987  0.987
       21  1.00000  -0.040  0.012  0.987  1.000 -1.000  1.000  1.000
       22  1.00000   0.040 -0.012 -0.987 -1.000  1.000 -1.000 -1.000
       23  1.00000  -0.040  0.012  0.987  1.000 -1.000  1.000  1.000
       24  1.00000  -0.040  0.012  0.987  1.000 -1.000  1.000  1.000
 ERR MATRIX APPROXIMATE
MINUIT - FIT wiggle + 1-CBO + 2-CBO
 **********
 **   42 **RES 
 **********
                   PARAMETER   16  beta_vw RESTORED TO VARIABLE.
                   PARAMETER   14  alpha_vw RESTORED TO VARIABLE.
                   PARAMETER   13  beta_y RESTORED TO VARIABLE.
                   PARAMETER   11  alpha_y RESTORED TO VARIABLE.
                   PARAMETER   10  beta_2CBO RESTORED TO VARIABLE.
                   PARAMETER    6  alpha_CBO RESTORED TO VARIABLE.
                   PARAMETER    4  phi RESTORED TO VARIABLE.
                   PARAMETER    3  A0 RESTORED TO VARIABLE.
                   PARAMETER    1  N0 RESTORED TO VARIABLE.
 **********
 **   43 **FIX           10
 **********
 **********
 **   44 **FIX           11
 **********
 **********
 **   45 **FIX           12
 **********
 PARAMETER   12  IS CONSTANT.   IGNORED.
 **********
 **   46 **FIX           13
 **********
 **********
 **   47 **FIX           14
 **********
 **********
 **   48 **FIX           15
 **********
 PARAMETER   15  IS CONSTANT.   IGNORED.
 **********
 **   49 **FIX           16
 **********
 **********
 **   50 **MIGRAD
 **********
 START MIGRAD MINIMIZATION.  STRATEGY  1.  CONVERGENCE WHEN EDM .LT. 1.00e-04
 FCN=43.0775 FROM MIGRAD    STATUS=INITIATE       22 CALLS        4413 TOTAL
                     EDM= unknown      STRATEGY= 1      NO ERROR MATRIX       
  EXT PARAMETER               CURRENT GUESS       STEP         FIRST   
  NO.   NAME      VALUE            ERROR          SIZE      DERIVATIVE 
   1  N0           3.44990e+06   1.20906e+03   1.20906e+03   7.64158e-04
   2  tau          6.43680e+01   constant   
   3  A0           3.52971e-01   4.79680e-04   4.79680e-04   1.39199e+03
   4  phi          4.12745e+00   1.32118e-03   1.32118e-03  -2.49272e+03
   5  R           -6.08433e+01   constant   
   6  alpha_CBO    4.65928e-04   4.84765e-04   4.84765e-04  -4.52403e+00
   7  w_CBO        2.32500e+00   constant   
   8  beta_CBO    -3.97764e-03   4.58340e-04  -3.46253e-06   6.83213e+01
   9  alpha_2CBO   1.84752e-05   4.61812e-04   7.64977e-06  -5.08730e+01
  10  beta_2CBO    1.09799e-04     fixed    
  11  alpha_y      0.00000e+00     fixed    
  12  w_y          1.44500e+01   constant   
  13  beta_y      -1.19630e-03     fixed    
  14  alpha_vw     0.00000e+00     fixed    
  15  w_vw         1.29000e+01   constant   
  16  beta_vw      0.00000e+00     fixed    
  17  LM          -1.22211e-03   constant   
  18  zeta_y       0.00000e+00   constant   
  19  zeta_vw      0.00000e+00   constant   
  20  T_CBO        8.71058e+00   1.15235e+00  -5.26998e-04  -3.42202e+01
  21  alpha_A0    -2.83835e+10   9.58637e+10  -3.77755e+09   5.28692e-12
  22  beta_A0      1.78418e+10   6.02599e+10   2.37457e+09  -1.55834e-12
  23  alpha_phi   -7.54969e+09   2.55058e+10  -1.00507e+09  -4.20301e-12
  24  beta_phi    -2.03069e+10   6.85784e+10  -2.70236e+09  -7.15759e-13
 MIGRAD MINIMIZATION HAS CONVERGED.
 MIGRAD WILL VERIFY CONVERGENCE AND ERROR MATRIX.
 COVARIANCE MATRIX CALCULATED SUCCESSFULLY
 FCN=40.1625 FROM MIGRAD    STATUS=CONVERGED     341 CALLS        4732 TOTAL
                     EDM=8.09152e-07    STRATEGY= 1      ERROR MATRIX ACCURATE 
  EXT PARAMETER                                   STEP         FIRST   
  NO.   NAME      VALUE            ERROR          SIZE      DERIVATIVE 
   1  N0           3.44970e+06   1.41421e+00   3.48634e+00  -1.11776e-06
   2  tau          6.43680e+01   constant   
   3  A0           3.52775e-01   4.68081e-04   1.40429e-06  -1.75410e-01
   4  phi          4.12965e+00   1.29091e-03   3.95843e-06  -1.29782e-01
   5  R           -6.08433e+01   constant   
   6  alpha_CBO    5.00786e-04   4.69495e-04   1.42836e-06  -2.54824e-01
   7  w_CBO        2.32500e+00   constant   
   8  beta_CBO    -4.15999e-03   4.86382e-04   1.48680e-06   2.42074e+00
   9  alpha_2CBO   7.48114e-05   4.75556e-04   1.46706e-06   9.85650e-01
  10  beta_2CBO    1.09799e-04     fixed    
  11  alpha_y      0.00000e+00     fixed    
  12  w_y          1.44500e+01   constant   
  13  beta_y      -1.19630e-03     fixed    
  14  alpha_vw     0.00000e+00     fixed    
  15  w_vw         1.29000e+01   constant   
  16  beta_vw      0.00000e+00     fixed    
  17  LM          -1.22211e-03   constant   
  18  zeta_y       0.00000e+00   constant   
  19  zeta_vw      0.00000e+00   constant   
  20  T_CBO        8.57818e+00   2.88338e-01   9.45982e-06  -1.07269e-01
  21  alpha_A0    -2.73080e+10   1.41421e+00   1.30215e+04  -5.80235e-13
  22  beta_A0      1.79860e+10   1.41421e+00   8.57641e+03  -1.94635e-12
  23  alpha_phi   -2.18978e+10   1.41421e+00   1.04417e+04  -5.61225e-14
  24  beta_phi    -4.76308e+10   1.41421e+00   2.27121e+04   2.36919e-15
 EXTERNAL ERROR MATRIX.    NDIM=  25    NPAR= 11    ERR DEF=1
  2.000e+00 
  2.449e-08  2.191e-07 
  3.307e-07  1.535e-09  1.666e-06 
 -3.751e-08 -4.770e-08 -3.487e-08  2.204e-07 
  5.016e-08  6.134e-09 -1.183e-07  7.516e-10  2.366e-07 
 -3.863e-08 -6.648e-09  3.860e-08 -7.473e-09 -1.890e-08  2.262e-07 
  2.300e-05 -2.382e-05 -1.344e-05 -4.684e-06  1.025e-05  1.863e-05  8.314e-02 
 -2.564e-15 -3.638e-15  9.067e-15  3.252e-15 -2.079e-16  3.056e-16  5.621e-12  2.000e+00 
 -1.228e-14 -6.799e-16 -3.708e-15  2.838e-16  1.847e-15  1.644e-15 -2.405e-12 -5.645e-19  2.000e+00 
 -1.344e-14 -3.126e-16 -4.168e-15 -5.870e-17  2.251e-16 -1.985e-15  3.229e-12 -1.150e-20 -8.215e-21  2.000e+00 
  3.016e-15  1.937e-15 -4.747e-15 -1.735e-15  7.072e-16  1.395e-15  6.151e-12  4.289e-21  1.337e-21  2.175e-21  2.000e+00 
 PARAMETER  CORRELATION COEFFICIENTS  
       NO.  GLOBAL      1      3      4      6      8      9     20     21     22     23     24
        1  0.00024   1.000  0.000  0.000 -0.000  0.000 -0.000  0.000 -0.000 -0.000 -0.000  0.000
        3  0.28788   0.000  1.000  0.003 -0.217  0.027 -0.030 -0.177 -0.000 -0.000 -0.000  0.000
        4  0.20469   0.000  0.003  1.000 -0.058 -0.188  0.063 -0.036  0.000 -0.000 -0.000 -0.000
        6  0.23846  -0.000 -0.217 -0.058  1.000  0.003 -0.033 -0.035  0.000  0.000 -0.000 -0.000
        8  0.21874   0.000  0.027 -0.188  0.003  1.000 -0.082  0.073 -0.000  0.000  0.000  0.000
        9  0.17399  -0.000 -0.030  0.063 -0.033 -0.082  1.000  0.136  0.000  0.000 -0.000  0.000
       20  0.24903   0.000 -0.177 -0.036 -0.035  0.073  0.136  1.000  0.000 -0.000  0.000  0.000
       21  0.00000  -0.000 -0.000  0.000  0.000 -0.000  0.000  0.000  1.000 -0.000 -0.000  0.000
       22  0.00000  -0.000 -0.000 -0.000  0.000  0.000  0.000 -0.000 -0.000  1.000 -0.000  0.000
       23  0.00000  -0.000 -0.000 -0.000 -0.000  0.000 -0.000  0.000 -0.000 -0.000  1.000  0.000
       24  0.00000   0.000  0.000 -0.000 -0.000  0.000  0.000  0.000  0.000  0.000  0.000  1.000
MINUIT - FIT ONLY 1-y
 **********
 **   51 **RES 
 **********
                   PARAMETER   16  beta_vw RESTORED TO VARIABLE.
                   PARAMETER   14  alpha_vw RESTORED TO VARIABLE.
                   PARAMETER   13  beta_y RESTORED TO VARIABLE.
                   PARAMETER   11  alpha_y RESTORED TO VARIABLE.
                   PARAMETER   10  beta_2CBO RESTORED TO VARIABLE.
 **********
 **   52 **FIX            0
 **********
 PARAMETER    0  IS UNDEFINED. IGNORED.
 **********
 **   53 **FIX            1
 **********
 **********
 **   54 **FIX            2
 **********
 PARAMETER    2  IS CONSTANT.   IGNORED.
 **********
 **   55 **FIX            3
 **********
 **********
 **   56 **FIX            4
 **********
 **********
 **   57 **FIX            5
 **********
 PARAMETER    5  IS CONSTANT.   IGNORED.
 **********
 **   58 **FIX            6
 **********
 **********
 **   59 **FIX            7
 **********
 PARAMETER    7  IS CONSTANT.   IGNORED.
 **********
 **   60 **FIX            8
 **********
 **********
 **   61 **FIX            9
 **********
 **********
 **   62 **FIX           13
 **********
 **********
 **   63 **FIX           14
 **********
 **********
 **   64 **FIX           15
 **********
 PARAMETER   15  IS CONSTANT.   IGNORED.
 **********
 **   65 **FIX           16
 **********
 **********
 **   66 **MIGRAD
 **********
 START MIGRAD MINIMIZATION.  STRATEGY  1.  CONVERGENCE WHEN EDM .LT. 1.00e-04
 FCN=40.1625 FROM MIGRAD    STATUS=INITIATE      121 CALLS        4853 TOTAL
                     EDM= unknown      STRATEGY= 1      NO ERROR MATRIX       
  EXT PARAMETER               CURRENT GUESS       STEP         FIRST   
  NO.   NAME      VALUE            ERROR          SIZE      DERIVATIVE 
   1  N0           3.44970e+06     fixed    
   2  tau          6.43680e+01   constant   
   3  A0           3.52775e-01     fixed    
   4  phi          4.12965e+00     fixed    
   5  R           -6.08433e+01   constant   
   6  alpha_CBO    5.00786e-04     fixed    
   7  w_CBO        2.32500e+00   constant   
   8  beta_CBO    -4.15999e-03     fixed    
   9  alpha_2CBO   7.48114e-05     fixed    
  10  beta_2CBO    1.09799e-04   4.74666e-04   0.00000e+00  -8.53567e+02
  11  alpha_y      0.00000e+00   1.00000e-03   0.00000e+00   6.31929e+03
  12  w_y          1.44500e+01   constant   
  13  beta_y      -1.19630e-03     fixed    
  14  alpha_vw     0.00000e+00     fixed    
  15  w_vw         1.29000e+01   constant   
  16  beta_vw      0.00000e+00     fixed    
  17  LM          -1.22211e-03   constant   
  18  zeta_y       0.00000e+00   constant   
  19  zeta_vw      0.00000e+00   constant   
  20  T_CBO        8.57818e+00   2.88338e-01   0.00000e+00  -4.14561e-01
  21  alpha_A0    -2.72689e+10   1.41421e+00   0.00000e+00  -5.50179e-13
  22  beta_A0      1.79860e+10   1.41421e+00   0.00000e+00  -1.95009e-12
  23  alpha_phi   -2.18769e+10   1.41421e+00   1.04367e+07  -4.22734e-14
  24  beta_phi    -4.76308e+10   1.41421e+00   0.00000e+00  -1.68812e-15
 MIGRAD MINIMIZATION HAS CONVERGED.
 MIGRAD WILL VERIFY CONVERGENCE AND ERROR MATRIX.
 COVARIANCE MATRIX CALCULATED SUCCESSFULLY
 FCN=38.0029 FROM MIGRAD    STATUS=CONVERGED     237 CALLS        4969 TOTAL
                     EDM=3.4159e-06    STRATEGY= 1      ERROR MATRIX ACCURATE 
  EXT PARAMETER                                   STEP         FIRST   
  NO.   NAME      VALUE            ERROR          SIZE      DERIVATIVE 
   1  N0           3.44970e+06     fixed    
   2  tau          6.43680e+01   constant   
   3  A0           3.52775e-01     fixed    
   4  phi          4.12965e+00     fixed    
   5  R           -6.08433e+01   constant   
   6  alpha_CBO    5.00786e-04     fixed    
   7  w_CBO        2.32500e+00   constant   
   8  beta_CBO    -4.15999e-03     fixed    
   9  alpha_2CBO   7.48114e-05     fixed    
  10  beta_2CBO    1.95898e-04   4.67360e-04   1.40809e-06   3.68766e-01
  11  alpha_y     -6.72331e-04   4.61456e-04   1.40693e-06  -4.50922e+00
  12  w_y          1.44500e+01   constant   
  13  beta_y      -1.19630e-03     fixed    
  14  alpha_vw     0.00000e+00     fixed    
  15  w_vw         1.29000e+01   constant   
  16  beta_vw      0.00000e+00     fixed    
  17  LM          -1.22211e-03   constant   
  18  zeta_y       0.00000e+00   constant   
  19  zeta_vw      0.00000e+00   constant   
  20  T_CBO        8.58292e+00   2.69984e-01   8.77653e-06   5.22172e-01
  21  alpha_A0    -2.72525e+10   1.41421e+00   1.29950e+04  -5.93127e-14
  22  beta_A0      1.80038e+10   1.41421e+00   8.58487e+03  -9.81186e-13
  23  alpha_phi   -2.10149e+10   1.41421e+00   1.00207e+04   1.04050e-14
  24  beta_phi    -5.07397e+10   1.41421e+00   2.41946e+04   1.31216e-15
 EXTERNAL ERROR MATRIX.    NDIM=  25    NPAR=  7    ERR DEF=1
  2.184e-07  2.995e-09  1.938e-05 -4.417e-16 -1.901e-15  1.481e-15 -1.039e-15 
  2.995e-09  2.129e-07 -1.287e-06 -1.461e-16  1.651e-16 -7.298e-17  1.758e-16 
  1.938e-05 -1.287e-06  7.289e-02  4.396e-12 -3.328e-12  3.060e-12  6.120e-12 
 -4.417e-16 -1.461e-16  4.396e-12  2.000e+00 -3.701e-20  4.872e-21  9.881e-21 
 -1.901e-15  1.651e-16 -3.328e-12 -3.701e-20  2.000e+00  1.505e-20  9.654e-21 
  1.481e-15 -7.298e-17  3.060e-12  4.872e-21  1.505e-20  2.000e+00  8.982e-21 
 -1.039e-15  1.758e-16  6.120e-12  9.881e-21  9.654e-21  8.982e-21  2.000e+00 
 PARAMETER  CORRELATION COEFFICIENTS  
       NO.  GLOBAL     10     11     20     21     22     23     24
       10  0.15439   1.000  0.014  0.154 -0.000 -0.000  0.000 -0.000
       11  0.01876   0.014  1.000 -0.010 -0.000  0.000 -0.000  0.000
       20  0.15412   0.154 -0.010  1.000  0.000 -0.000  0.000  0.000
       21  0.00000  -0.000 -0.000  0.000  1.000 -0.000  0.000  0.000
       22  0.00000  -0.000  0.000 -0.000 -0.000  1.000  0.000  0.000
       23  0.00000   0.000 -0.000  0.000  0.000  0.000  1.000  0.000
       24  0.00000  -0.000  0.000  0.000  0.000  0.000  0.000  1.000
MINUIT - FIT ONLY 2-y
 **********
 **   67 **RES 
 **********
                   PARAMETER   16  beta_vw RESTORED TO VARIABLE.
                   PARAMETER   14  alpha_vw RESTORED TO VARIABLE.
                   PARAMETER   13  beta_y RESTORED TO VARIABLE.
                   PARAMETER    9  alpha_2CBO RESTORED TO VARIABLE.
                   PARAMETER    8  beta_CBO RESTORED TO VARIABLE.
                   PARAMETER    6  alpha_CBO RESTORED TO VARIABLE.
                   PARAMETER    4  phi RESTORED TO VARIABLE.
                   PARAMETER    3  A0 RESTORED TO VARIABLE.
                   PARAMETER    1  N0 RESTORED TO VARIABLE.
 **********
 **   68 **FIX            0
 **********
 PARAMETER    0  IS UNDEFINED. IGNORED.
 **********
 **   69 **FIX            1
 **********
 **********
 **   70 **FIX            2
 **********
 PARAMETER    2  IS CONSTANT.   IGNORED.
 **********
 **   71 **FIX            3
 **********
 **********
 **   72 **FIX            4
 **********
 **********
 **   73 **FIX            5
 **********
 PARAMETER    5  IS CONSTANT.   IGNORED.
 **********
 **   74 **FIX            6
 **********
 **********
 **   75 **FIX            7
 **********
 PARAMETER    7  IS CONSTANT.   IGNORED.
 **********
 **   76 **FIX            8
 **********
 **********
 **   77 **FIX            9
 **********
 **********
 **   78 **FIX           10
 **********
 **********
 **   79 **FIX           11
 **********
 **********
 **   80 **FIX           12
 **********
 PARAMETER   12  IS CONSTANT.   IGNORED.
 **********
 **   81 **FIX           16
 **********
 **********
 **   82 **MIGRAD
 **********
 START MIGRAD MINIMIZATION.  STRATEGY  1.  CONVERGENCE WHEN EDM .LT. 1.00e-04
 FCN=38.0029 FROM MIGRAD    STATUS=INITIATE      186 CALLS        5155 TOTAL
                     EDM= unknown      STRATEGY= 1      NO ERROR MATRIX       
  EXT PARAMETER               CURRENT GUESS       STEP         FIRST   
  NO.   NAME      VALUE            ERROR          SIZE      DERIVATIVE 
   1  N0           3.44970e+06     fixed    
   2  tau          6.43680e+01   constant   
   3  A0           3.52775e-01     fixed    
   4  phi          4.12965e+00     fixed    
   5  R           -6.08433e+01   constant   
   6  alpha_CBO    5.00786e-04     fixed    
   7  w_CBO        2.32500e+00   constant   
   8  beta_CBO    -4.15999e-03     fixed    
   9  alpha_2CBO   7.48114e-05     fixed    
  10  beta_2CBO    1.95898e-04     fixed    
  11  alpha_y     -6.72331e-04     fixed    
  12  w_y          1.44500e+01   constant   
  13  beta_y      -1.19630e-03   4.73623e-04   0.00000e+00  -8.58783e+02
  14  alpha_vw     0.00000e+00   1.00000e-03   0.00000e+00   1.66234e+03
  15  w_vw         1.29000e+01   constant   
  16  beta_vw      0.00000e+00     fixed    
  17  LM          -1.22211e-03   constant   
  18  zeta_y       0.00000e+00   constant   
  19  zeta_vw      0.00000e+00   constant   
  20  T_CBO        8.58292e+00   2.69984e-01   0.00000e+00   3.36566e-01
  21  alpha_A0    -2.72006e+10   1.41421e+00   0.00000e+00  -2.55722e-14
  22  beta_A0      1.80038e+10   1.41421e+00   0.00000e+00  -9.78241e-13
  23  alpha_phi   -2.10443e+10   1.41421e+00   1.42208e+04  -2.19506e-17
  24  beta_phi    -5.07397e+10   1.41421e+00   0.00000e+00  -9.77949e-17
 MIGRAD MINIMIZATION HAS CONVERGED.
 MIGRAD WILL VERIFY CONVERGENCE AND ERROR MATRIX.
 COVARIANCE MATRIX CALCULATED SUCCESSFULLY
 FCN=37.7748 FROM MIGRAD    STATUS=CONVERGED     285 CALLS        5254 TOTAL
                     EDM=1.40516e-07    STRATEGY= 1      ERROR MATRIX ACCURATE 
  EXT PARAMETER                                   STEP         FIRST   
  NO.   NAME      VALUE            ERROR          SIZE      DERIVATIVE 
   1  N0           3.44970e+06     fixed    
   2  tau          6.43680e+01   constant   
   3  A0           3.52775e-01     fixed    
   4  phi          4.12965e+00     fixed    
   5  R           -6.08433e+01   constant   
   6  alpha_CBO    5.00786e-04     fixed    
   7  w_CBO        2.32500e+00   constant   
   8  beta_CBO    -4.15999e-03     fixed    
   9  alpha_2CBO   7.48114e-05     fixed    
  10  beta_2CBO    1.95898e-04     fixed    
  11  alpha_y     -6.72331e-04     fixed    
  12  w_y          1.44500e+01   constant   
  13  beta_y      -1.06177e-03   4.77487e-04   1.42437e-06   1.04435e-02
  14  alpha_vw    -2.04947e-04   4.73089e-04   1.41125e-06   3.27368e-02
  15  w_vw         1.29000e+01   constant   
  16  beta_vw      0.00000e+00     fixed    
  17  LM          -1.22211e-03   constant   
  18  zeta_y       0.00000e+00   constant   
  19  zeta_vw      0.00000e+00   constant   
  20  T_CBO        8.58641e+00   2.67429e-01   8.82509e-06   1.82795e-01
  21  alpha_A0    -2.72064e+10   1.41421e+00   1.29730e+04  -1.28097e-13
  22  beta_A0      1.80281e+10   1.41421e+00   8.59646e+03  -1.16109e-12
  23  alpha_phi   -2.11782e+10   1.41421e+00   1.00985e+04  -4.74592e-14
  24  beta_phi    -4.94272e+10   1.41421e+00   2.35687e+04   1.96883e-14
 EXTERNAL ERROR MATRIX.    NDIM=  25    NPAR=  7    ERR DEF=1
  2.280e-07 -4.369e-08  3.538e-07 -1.807e-16  4.173e-16 -3.880e-16  4.298e-16 
 -4.369e-08  2.238e-07  4.516e-07  1.864e-16 -2.093e-16  1.088e-16 -2.405e-16 
  3.538e-07  4.516e-07  7.152e-02  4.853e-12 -2.390e-12  3.068e-12  6.205e-12 
 -1.807e-16  1.864e-16  4.853e-12  2.000e+00  4.160e-19 -5.649e-21 -5.554e-22 
  4.173e-16 -2.093e-16 -2.390e-12  4.160e-19  2.000e+00 -2.662e-20 -3.082e-21 
 -3.880e-16  1.088e-16  3.068e-12 -5.649e-21 -2.662e-20  2.000e+00  1.400e-21 
  4.298e-16 -2.405e-16  6.205e-12 -5.554e-22 -3.082e-21  1.400e-21  2.000e+00 
 PARAMETER  CORRELATION COEFFICIENTS  
       NO.  GLOBAL     13     14     20     21     22     23     24
       13  0.19346   1.000 -0.193  0.003 -0.000  0.000 -0.000  0.000
       14  0.19347  -0.193  1.000  0.004  0.000 -0.000  0.000 -0.000
       20  0.00502   0.003  0.004  1.000  0.000 -0.000  0.000  0.000
       21  0.00000  -0.000  0.000  0.000  1.000  0.000 -0.000 -0.000
       22  0.00000   0.000 -0.000 -0.000  0.000  1.000 -0.000 -0.000
       23  0.00000  -0.000  0.000  0.000 -0.000 -0.000  1.000  0.000
