 + ++++++++++++++++++++++++++++++++++++++++++++++++++++++++++++++++++++ +
 +                                                                      +
 +           You have chose to blind your fitting according to          +
 +                omega_ref * (1 + (R +/- deltaR) *10^{-6})             +
 +                                                                      +
 + ++++++++++++++++++++++++++++++++++++++++++++++++++++++++++++++++++++ +
In main()...
reading format from /gm2data/zkhechad/run45/envelope/formats/formatB_sBin_constraintOn.txt
pBinTau 	= 0  
pBinPhi 	= 0  
constraintau 	= 1 
includeMopTerm 	= 0    
constrainMop    = 0   
Parameters after format file: pBinTau 0 pBinPhi 0 constraintau 1 includeMopTerm 0 constrainMop 0 c_e_scale 0.000000 
Opening file /gm2data/tbarrett/gm2fr/studies/run23_bunch_corrections/CorrectedFourier_Run3b.root.
reading full fit data from /gm2data/zkhechad/cboTemplates/Run4CBOTemplates/templateFits0_v2.0/noRF/sBin_constraintOn_cE0.0_seed0_noRF_calo21.root
windowBins = 17
fitting sliding window 198 from bin 334 at 49.683600 to bin 351 at 52.369200 (17 bins)

Reading data from /gm2data/cornell/histograms/aMethod/histogram_a_noRF.root
 **********
 **    1 **SET PRINTOUT            1
 **********
 **********
 **    2 **SET NOWARNINGS 
 **********
 PARAMETER DEFINITIONS:
    NO.   NAME         VALUE      STEP SIZE      LIMITS
     1 N0           2.83546e+06  1.00000e+02     no limits
     2 tau          6.43976e+01  constant
     3 A0           3.54104e-01  1.00000e-04     no limits
     4 phi          4.11635e+00  1.00000e-02     no limits
     5 R           -5.94693e+01  constant
     6 alpha_CBO    0.00000e+00  1.00000e-03     no limits
     7 w_CBO        2.32500e+00  constant
     8 beta_CBO     0.00000e+00  1.00000e-03     no limits
     9 alpha_2CBO   0.00000e+00  1.00000e-03     no limits
    10 beta_2CBO    0.00000e+00  1.00000e-03     no limits
    11 alpha_y      0.00000e+00  1.00000e-03     no limits
    12 w_y          1.44500e+01  constant
    13 beta_y       0.00000e+00  1.00000e-03     no limits
    14 alpha_vw     0.00000e+00  1.00000e-03     no limits
    15 w_vw         1.29000e+01  constant
    16 beta_vw      0.00000e+00  1.00000e-03     no limits
    17 LM          -2.20020e-04  constant
    18 zeta_y       0.00000e+00  constant
    19 zeta_vw      0.00000e+00  constant
    20 T_CBO        1.00000e+02  1.00000e+00    0.00000e+00  1.00000e+03
    21 alpha_A0     0.00000e+00  1.00000e-03     no limits
    22 beta_A0      0.00000e+00  1.00000e-03     no limits
    23 alpha_phi    0.00000e+00  1.00000e-03     no limits
    24 beta_phi     0.00000e+00  1.00000e-03     no limits
MINUIT - FIT ONLY WIGGLE
 **********
 **    3 **FIX            5
 **********
 PARAMETER    5  IS CONSTANT.   IGNORED.
 **********
 **    4 **FIX            6
 **********
 **********
 **    5 **FIX            7
 **********
 PARAMETER    7  IS CONSTANT.   IGNORED.
 **********
 **    6 **FIX            8
 **********
 **********
 **    7 **FIX            9
 **********
 **********
 **    8 **FIX           10
 **********
 **********
 **    9 **FIX           11
 **********
 **********
 **   10 **FIX           12
 **********
 PARAMETER   12  IS CONSTANT.   IGNORED.
 **********
 **   11 **FIX           13
 **********
 **********
 **   12 **FIX           14
 **********
 **********
 **   13 **FIX           15
 **********
 PARAMETER   15  IS CONSTANT.   IGNORED.
 **********
 **   14 **FIX           16
 **********
 **********
 **   15 **MIGRAD
 **********
 FIRST CALL TO USER FUNCTION AT NEW START POINT, WITH IFLAG=4.
 START MIGRAD MINIMIZATION.  STRATEGY  1.  CONVERGENCE WHEN EDM .LT. 1.00e-04
 FCN=3830.53 FROM MIGRAD    STATUS=INITIATE      433 CALLS         434 TOTAL
                     EDM= unknown      STRATEGY= 1      NO ERROR MATRIX       
  EXT PARAMETER               CURRENT GUESS       STEP         FIRST   
  NO.   NAME      VALUE            ERROR          SIZE      DERIVATIVE 
   1  N0           2.83546e+06   1.00000e+02   0.00000e+00   5.99528e-02
   2  tau          6.43976e+01   constant   
   3  A0           3.54104e-01   1.00000e-04   0.00000e+00   2.58120e+05
   4  phi          4.11635e+00   1.00000e-02   0.00000e+00   1.24962e+05
   5  R           -5.94693e+01   constant   
   6  alpha_CBO    0.00000e+00     fixed    
   7  w_CBO        2.32500e+00   constant   
   8  beta_CBO     0.00000e+00     fixed    
   9  alpha_2CBO   0.00000e+00     fixed    
  10  beta_2CBO    0.00000e+00     fixed    
  11  alpha_y      0.00000e+00     fixed    
  12  w_y          1.44500e+01   constant   
  13  beta_y       0.00000e+00     fixed    
  14  alpha_vw     0.00000e+00     fixed    
  15  w_vw         1.29000e+01   constant   
  16  beta_vw      0.00000e+00     fixed    
  17  LM          -2.20020e-04   constant   
  18  zeta_y       0.00000e+00   constant   
  19  zeta_vw      0.00000e+00   constant   
  20  T_CBO        1.00000e+02   1.00000e+00   0.00000e+00   0.00000e+00
  21  alpha_A0     0.00000e+00   1.00000e-03   0.00000e+00  -1.07841e+04
  22  beta_A0      0.00000e+00   1.00000e-03   0.00000e+00  -4.13850e+03
  23  alpha_phi    0.00000e+00   1.00000e-03   0.00000e+00   6.50717e+04
  24  beta_phi     0.00000e+00   1.00000e-03   0.00000e+00  -1.65412e+04
 CALL LIMIT EXCEEDED IN MIGRAD.
 MIGRAD TERMINATED WITHOUT CONVERGENCE.
 FCN=476.3 FROM MIGRAD    STATUS=CALL LIMIT   1336 CALLS        1337 TOTAL
                     EDM=0.771009    STRATEGY= 1  ERROR MATRIX UNCERTAINTY  22.1 per cent
  EXT PARAMETER                APPROXIMATE        STEP         FIRST   
  NO.   NAME      VALUE            ERROR          SIZE      DERIVATIVE 
   1  N0           2.83723e+06   4.70708e+03  -6.26684e+02   1.48747e-03
   2  tau          6.43976e+01   constant   
   3  A0           3.46194e-01   1.22426e-03   1.22632e-04  -3.32265e+03
   4  phi          4.00646e+00   9.00618e-03  -3.11007e-03   5.99165e+02
   5  R           -5.94693e+01   constant   
   6  alpha_CBO    0.00000e+00     fixed    
   7  w_CBO        2.32500e+00   constant   
   8  beta_CBO     0.00000e+00     fixed    
   9  alpha_2CBO   0.00000e+00     fixed    
  10  beta_2CBO    0.00000e+00     fixed    
  11  alpha_y      0.00000e+00     fixed    
  12  w_y          1.44500e+01   constant   
  13  beta_y       0.00000e+00     fixed    
  14  alpha_vw     0.00000e+00     fixed    
  15  w_vw         1.29000e+01   constant   
  16  beta_vw      0.00000e+00     fixed    
  17  LM          -2.20020e-04   constant   
  18  zeta_y       0.00000e+00   constant   
  19  zeta_vw      0.00000e+00   constant   
  20  T_CBO        4.27907e+01   8.82813e-01  -1.24685e-04   6.66780e+02
  21  alpha_A0    -9.42706e-02   2.52500e-02  -1.28651e-03   2.45297e+02
  22  beta_A0      3.97155e-01   3.69390e-02   1.30202e-02   3.02819e+02
  23  alpha_phi    3.56547e-01   4.18186e-02   1.51678e-02  -3.93925e+01
  24  beta_phi     1.10779e-01   2.94315e-02   1.06048e-03   2.56675e+02
 EXTERNAL ERROR MATRIX.    NDIM=  25    NPAR=  8    ERR DEF=1
  2.216e+07  2.740e+00  2.833e+01 -3.894e+03 -1.036e+02 -1.184e+02 -1.304e+02  1.207e+02 
  2.740e+00  1.499e-06 -2.742e-06 -5.350e-04 -2.503e-05  1.044e-05  1.121e-05  3.000e-05 
  2.833e+01 -2.742e-06  8.111e-05 -4.379e-03 -5.130e-05 -3.322e-04 -3.737e-04  6.690e-05 
 -3.894e+03 -5.350e-04 -4.379e-03  7.794e-01  1.942e-02  1.794e-02  1.916e-02 -2.279e-02 
 -1.036e+02 -2.503e-05 -5.130e-05  1.942e-02  6.376e-04  2.255e-04  2.394e-04 -7.322e-04 
 -1.184e+02  1.044e-05 -3.322e-04  1.794e-02  2.255e-04  1.364e-03  1.537e-03 -2.904e-04 
 -1.304e+02  1.121e-05 -3.737e-04  1.916e-02  2.394e-04  1.537e-03  1.749e-03 -3.169e-04 
  1.207e+02  3.000e-05  6.690e-05 -2.279e-02 -7.322e-04 -2.904e-04 -3.169e-04  8.662e-04 
ERR MATRIX APPROXIMATE
 PARAMETER  CORRELATION COEFFICIENTS  
       NO.  GLOBAL      1      3      4     20     21     22     23     24
        1  0.99931   1.000  0.476  0.668 -0.937 -0.871 -0.681 -0.663  0.871
        3  0.99608   0.476  1.000 -0.249 -0.495 -0.810  0.231  0.219  0.833
        4  0.99972   0.668 -0.249  1.000 -0.551 -0.226 -0.999 -0.992  0.252
       20  0.99529  -0.937 -0.495 -0.551  1.000  0.871  0.550  0.519 -0.877
       21  0.99854  -0.871 -0.810 -0.226  0.871  1.000  0.242  0.227 -0.985
       22  0.99977  -0.681  0.231 -0.999  0.550  0.242  1.000  0.995 -0.267
       23  0.99830  -0.663  0.219 -0.992  0.519  0.227  0.995  1.000 -0.257
       24  0.99892   0.871  0.833  0.252 -0.877 -0.985 -0.267 -0.257  1.000
 ERR MATRIX APPROXIMATE
MINUIT - FIT ONLY 1-CBO + wiggle
 **********
 **   16 **RES 
 **********
                   PARAMETER   16  beta_vw RESTORED TO VARIABLE.
                   PARAMETER   14  alpha_vw RESTORED TO VARIABLE.
                   PARAMETER   13  beta_y RESTORED TO VARIABLE.
                   PARAMETER   11  alpha_y RESTORED TO VARIABLE.
                   PARAMETER   10  beta_2CBO RESTORED TO VARIABLE.
                   PARAMETER    9  alpha_2CBO RESTORED TO VARIABLE.
                   PARAMETER    8  beta_CBO RESTORED TO VARIABLE.
                   PARAMETER    6  alpha_CBO RESTORED TO VARIABLE.
 **********
 **   17 **FIX            8
 **********
 **********
 **   18 **FIX            9
 **********
 **********
 **   19 **FIX           11
 **********
 **********
 **   20 **FIX           12
 **********
 PARAMETER   12  IS CONSTANT.   IGNORED.
 **********
 **   21 **FIX           14
 **********
 **********
 **   22 **FIX           15
 **********
 PARAMETER   15  IS CONSTANT.   IGNORED.
 **********
 **   23 **FIX           16
 **********
 **********
 **   24 **MIGRAD
 **********
 START MIGRAD MINIMIZATION.  STRATEGY  1.  CONVERGENCE WHEN EDM .LT. 1.00e-04
 FCN=476.3 FROM MIGRAD    STATUS=INITIATE       28 CALLS        1365 TOTAL
                     EDM= unknown      STRATEGY= 1      NO ERROR MATRIX       
  EXT PARAMETER               CURRENT GUESS       STEP         FIRST   
  NO.   NAME      VALUE            ERROR          SIZE      DERIVATIVE 
   1  N0           2.83723e+06   4.70708e+03  -6.26684e+02   1.48747e-03
   2  tau          6.43976e+01   constant   
   3  A0           3.46194e-01   1.22426e-03   1.22632e-04  -3.32265e+03
   4  phi          4.00646e+00   9.00618e-03  -3.11007e-03   5.99165e+02
   5  R           -5.94693e+01   constant   
   6  alpha_CBO    0.00000e+00   1.00000e-03   1.00000e-03  -2.94822e+03
   7  w_CBO        2.32500e+00   constant   
   8  beta_CBO     0.00000e+00     fixed    
   9  alpha_2CBO   0.00000e+00     fixed    
  10  beta_2CBO    0.00000e+00   1.00000e-03   1.00000e-03  -1.03723e+04
  11  alpha_y      0.00000e+00     fixed    
  12  w_y          1.44500e+01   constant   
  13  beta_y       0.00000e+00   1.00000e-03   1.00000e-03   2.20689e+05
  14  alpha_vw     0.00000e+00     fixed    
  15  w_vw         1.29000e+01   constant   
  16  beta_vw      0.00000e+00     fixed    
  17  LM          -2.20020e-04   constant   
  18  zeta_y       0.00000e+00   constant   
  19  zeta_vw      0.00000e+00   constant   
  20  T_CBO        4.27907e+01   8.82813e-01  -1.24685e-04   6.66780e+02
  21  alpha_A0    -9.42706e-02   2.52500e-02  -1.28651e-03   2.45297e+02
  22  beta_A0      3.97155e-01   3.69390e-02   1.30202e-02   3.02819e+02
  23  alpha_phi    3.56547e-01   4.18186e-02   1.51678e-02  -3.93925e+01
  24  beta_phi     1.10779e-01   2.94315e-02   1.06048e-03   2.56675e+02
 CALL LIMIT EXCEEDED IN MIGRAD.
 MIGRAD TERMINATED WITHOUT CONVERGENCE.
 FCN=102.556 FROM MIGRAD    STATUS=CALL LIMIT   1913 CALLS        3250 TOTAL
                     EDM=0.00148911    STRATEGY= 1  ERROR MATRIX UNCERTAINTY  18.4 per cent
  EXT PARAMETER                APPROXIMATE        STEP         FIRST   
  NO.   NAME      VALUE            ERROR          SIZE      DERIVATIVE 
   1  N0           2.91609e+06   3.82536e+04   9.23855e+02  -8.28683e-05
   2  tau          6.43976e+01   constant   
   3  A0           3.52188e-01   2.47282e-03   1.19822e-05  -6.63274e+01
   4  phi          3.91905e+00   3.24543e-02  -7.94921e-04  -1.81178e+00
   5  R           -5.94693e+01   constant   
   6  alpha_CBO    1.20275e-02   7.73545e-03   1.81654e-04   3.16038e+01
   7  w_CBO        2.32500e+00   constant   
   8  beta_CBO     0.00000e+00     fixed    
   9  alpha_2CBO   0.00000e+00     fixed    
  10  beta_2CBO    6.34401e-03   2.56003e-03   5.93487e-05  -4.36359e+01
  11  alpha_y      0.00000e+00     fixed    
  12  w_y          1.44500e+01   constant   
  13  beta_y      -3.28566e-03   1.74428e-04  -5.25036e-07   6.02730e+00
  14  alpha_vw     0.00000e+00     fixed    
  15  w_vw         1.29000e+01   constant   
  16  beta_vw      0.00000e+00     fixed    
  17  LM          -2.20020e-04   constant   
  18  zeta_y       0.00000e+00   constant   
  19  zeta_vw      0.00000e+00   constant   
  20  T_CBO        5.80945e+01   4.34564e+00   4.51543e-04   3.12414e+01
  21  alpha_A0    -3.68111e-01   9.14565e-02  -2.21326e-03  -2.64548e+01
  22  beta_A0      3.52968e-01   1.49668e-02  -1.34013e-04  -1.01234e+00
  23  alpha_phi    4.21361e-01   3.33660e-02   2.73713e-04  -4.51640e-01
  24  beta_phi     3.64298e-01   9.13087e-02   2.23258e-03   4.22329e-02
 EXTERNAL ERROR MATRIX.    NDIM=  25    NPAR= 11    ERR DEF=1
  1.463e+09 
  1.594e+00  6.115e-06 
 -1.210e+03 -1.166e-05  1.053e-03 
  2.898e+02 -2.263e-06 -2.397e-04  5.984e-05 
  9.352e+01  1.224e-06 -8.006e-05  1.766e-05  6.554e-06 
 -1.002e+00  2.727e-08  8.484e-07 -2.311e-07 -5.673e-08  3.043e-08 
  1.559e+05  3.237e-03 -1.387e-01  2.985e-02  1.082e-02 -9.603e-05  1.889e+01 
 -3.494e+03 -1.010e-05  2.877e-03 -6.862e-04 -2.241e-04  2.326e-06 -3.723e-01  8.364e-03 
 -3.083e+02  1.710e-05  1.661e-04 -5.905e-05 -1.656e-05  1.770e-07 -1.716e-02  7.574e-04  2.240e-04 
  3.065e+02  6.523e-05 -4.223e-04  2.645e-05  4.205e-05  1.637e-07  7.817e-02 -7.643e-04  1.848e-04  1.113e-03 
  3.473e+03  1.989e-05 -2.862e-03  6.787e-04  2.226e-04 -2.267e-06  3.723e-01 -8.333e-03 -7.437e-04  7.950e-04  8.337e-03 
ERR MATRIX APPROXIMATE
 PARAMETER  CORRELATION COEFFICIENTS  
       NO.  GLOBAL      1      3      4      6     10     13     20     21     22     23     24
        1  0.99998   1.000  0.017 -0.975  0.979  0.955 -0.150  0.938 -0.999 -0.538  0.240  0.994
        3  0.99635   0.017  1.000 -0.145 -0.118  0.193  0.063  0.301 -0.045  0.462  0.791  0.088
        4  0.99992  -0.975 -0.145  1.000 -0.955 -0.964  0.150 -0.983  0.969  0.342 -0.390 -0.966
        6  0.99984   0.979 -0.118 -0.955  1.000  0.892 -0.171  0.888 -0.970 -0.510  0.102  0.961
       10  0.99873   0.955  0.193 -0.964  0.892  1.000 -0.127  0.972 -0.957 -0.432  0.492  0.952
       13  0.22733  -0.150  0.063  0.150 -0.171 -0.127  1.000 -0.127  0.146  0.068  0.028 -0.142
       20  0.99954   0.938  0.301 -0.983  0.888  0.972 -0.127  1.000 -0.937 -0.264  0.539  0.938
       21  0.99993  -0.999 -0.045  0.969 -0.970 -0.957  0.146 -0.937  1.000  0.553 -0.250 -0.998
       22  0.99552  -0.538  0.462  0.342 -0.510 -0.432  0.068 -0.264  0.553  1.000  0.370 -0.544
       23  0.99822   0.240  0.791 -0.390  0.102  0.492  0.028  0.539 -0.250  0.370  1.000  0.261
       24  0.99980   0.994  0.088 -0.966  0.961  0.952 -0.142  0.938 -0.998 -0.544  0.261  1.000
 ERR MATRIX APPROXIMATE
MINUIT - FIT ONLY 2-CBO
 **********
 **   25 **RES 
 **********
                   PARAMETER   16  beta_vw RESTORED TO VARIABLE.
                   PARAMETER   14  alpha_vw RESTORED TO VARIABLE.
                   PARAMETER   11  alpha_y RESTORED TO VARIABLE.
                   PARAMETER    9  alpha_2CBO RESTORED TO VARIABLE.
                   PARAMETER    8  beta_CBO RESTORED TO VARIABLE.
 **********
 **   26 **FIX            0
 **********
 PARAMETER    0  IS UNDEFINED. IGNORED.
 **********
 **   27 **FIX            1
 **********
 **********
 **   28 **FIX            2
 **********
 PARAMETER    2  IS CONSTANT.   IGNORED.
 **********
 **   29 **FIX            3
 **********
 **********
 **   30 **FIX            4
 **********
 **********
 **   31 **FIX            5
 **********
 PARAMETER    5  IS CONSTANT.   IGNORED.
 **********
 **   32 **FIX            6
 **********
 **********
 **   33 **FIX            7
 **********
 PARAMETER    7  IS CONSTANT.   IGNORED.
 **********
 **   34 **FIX           10
 **********
 **********
 **   35 **FIX           11
 **********
 **********
 **   36 **FIX           12
 **********
 PARAMETER   12  IS CONSTANT.   IGNORED.
 **********
 **   37 **FIX           13
 **********
 **********
 **   38 **FIX           14
 **********
 **********
 **   39 **FIX           15
 **********
 PARAMETER   15  IS CONSTANT.   IGNORED.
 **********
 **   40 **FIX           16
 **********
 **********
 **   41 **MIGRAD
 **********
 START MIGRAD MINIMIZATION.  STRATEGY  1.  CONVERGENCE WHEN EDM .LT. 1.00e-04
 FCN=102.556 FROM MIGRAD    STATUS=INITIATE       18 CALLS        3268 TOTAL
                     EDM= unknown      STRATEGY= 1      NO ERROR MATRIX       
  EXT PARAMETER               CURRENT GUESS       STEP         FIRST   
  NO.   NAME      VALUE            ERROR          SIZE      DERIVATIVE 
   1  N0           2.91609e+06     fixed    
   2  tau          6.43976e+01   constant   
   3  A0           3.52188e-01     fixed    
   4  phi          3.91905e+00     fixed    
   5  R           -5.94693e+01   constant   
   6  alpha_CBO    1.20275e-02     fixed    
   7  w_CBO        2.32500e+00   constant   
   8  beta_CBO     0.00000e+00   1.00000e-03   1.00000e-03   7.41284e+00
   9  alpha_2CBO   0.00000e+00   1.00000e-03   1.00000e-03  -1.86984e+01
  10  beta_2CBO    6.34401e-03     fixed    
  11  alpha_y      0.00000e+00     fixed    
  12  w_y          1.44500e+01   constant   
  13  beta_y      -3.28566e-03     fixed    
  14  alpha_vw     0.00000e+00     fixed    
  15  w_vw         1.29000e+01   constant   
  16  beta_vw      0.00000e+00     fixed    
  17  LM          -2.20020e-04   constant   
  18  zeta_y       0.00000e+00   constant   
  19  zeta_vw      0.00000e+00   constant   
  20  T_CBO        5.80945e+01   4.34564e+00   4.51543e-04   3.12414e+01
  21  alpha_A0    -3.68111e-01   9.14565e-02  -2.21326e-03  -2.64548e+01
  22  beta_A0      3.52968e-01   1.49668e-02  -1.34013e-04  -1.01234e+00
  23  alpha_phi    4.21361e-01   3.33660e-02   2.73713e-04  -4.51640e-01
  24  beta_phi     3.64298e-01   9.13087e-02   2.23258e-03   4.22332e-02
 MIGRAD MINIMIZATION HAS CONVERGED.
 MIGRAD WILL VERIFY CONVERGENCE AND ERROR MATRIX.
 FCN=102.554 FROM MIGRAD    STATUS=CONVERGED     165 CALLS        3415 TOTAL
                     EDM=8.53703e-05    STRATEGY= 1      ERR MATRIX NOT POS-DEF
  EXT PARAMETER                APPROXIMATE        STEP         FIRST   
  NO.   NAME      VALUE            ERROR          SIZE      DERIVATIVE 
   1  N0           2.91609e+06     fixed    
   2  tau          6.43976e+01   constant   
   3  A0           3.52188e-01     fixed    
   4  phi          3.91905e+00     fixed    
   5  R           -5.94693e+01   constant   
   6  alpha_CBO    1.20275e-02     fixed    
   7  w_CBO        2.32500e+00   constant   
   8  beta_CBO    -9.31803e-06   4.85870e-04   8.43711e-07  -1.19578e-01
   9  alpha_2CBO  -1.42429e-05   4.11918e-04   8.14628e-07   1.06708e-01
  10  beta_2CBO    6.34401e-03     fixed    
  11  alpha_y      0.00000e+00     fixed    
  12  w_y          1.44500e+01   constant   
  13  beta_y      -3.28566e-03     fixed    
  14  alpha_vw     0.00000e+00     fixed    
  15  w_vw         1.29000e+01   constant   
  16  beta_vw      0.00000e+00     fixed    
  17  LM          -2.20020e-04   constant   
  18  zeta_y       0.00000e+00   constant   
  19  zeta_vw      0.00000e+00   constant   
  20  T_CBO        5.80929e+01   2.35245e+00   3.78121e-06  -6.29190e-01
  21  alpha_A0    -3.67990e-01   1.33346e-02   7.36830e-06  -2.05534e-01
  22  beta_A0      3.52954e-01   1.24976e-02   7.65119e-06   2.05813e-01
  23  alpha_phi    4.21339e-01   1.47937e-02   1.25241e-05   3.86297e-03
  24  beta_phi     3.64488e-01   1.34649e-02   1.01512e-05   1.23801e-01
 EXTERNAL ERROR MATRIX.    NDIM=  25    NPAR=  7    ERR DEF=1
  2.361e-07  7.638e-08 -2.121e-04 -1.770e-06  2.740e-07  1.091e-06 -1.414e-06 
  7.638e-08  1.697e-07 -1.249e-05 -1.219e-06  4.545e-07  3.772e-07 -1.721e-06 
 -2.121e-04 -1.249e-05  5.534e+00  3.045e-02 -2.859e-02 -3.415e-02 -2.818e-02 
 -1.770e-06 -1.219e-06  3.045e-02  1.778e-04 -1.599e-04 -1.908e-04 -1.418e-04 
  2.740e-07  4.545e-07 -2.859e-02 -1.599e-04  1.562e-04  1.797e-04  1.501e-04 
  1.091e-06  3.772e-07 -3.415e-02 -1.908e-04  1.797e-04  2.189e-04  1.735e-04 
 -1.414e-06 -1.721e-06 -2.818e-02 -1.418e-04  1.501e-04  1.735e-04  1.813e-04 
ERR MATRIX NOT POS-DEF
 PARAMETER  CORRELATION COEFFICIENTS  
       NO.  GLOBAL      8      9     20     21     22     23     24
        8  0.93711   1.000  0.382 -0.186 -0.273  0.045  0.152 -0.216
        9  0.91761   0.382  1.000 -0.013 -0.222  0.088  0.062 -0.310
       20  0.99714  -0.186 -0.013  1.000  0.971 -0.972 -0.981 -0.890
       21  0.99381  -0.273 -0.222  0.971  1.000 -0.960 -0.967 -0.790
       22  0.99240   0.045  0.088 -0.972 -0.960  1.000  0.972  0.892
       23  0.98542   0.152  0.062 -0.981 -0.967  0.972  1.000  0.871
       24  0.98845  -0.216 -0.310 -0.890 -0.790  0.892  0.871  1.000
 ERR MATRIX NOT POS-DEF
MINUIT - FIT wiggle + 1-CBO + 2-CBO
 **********
 **   42 **RES 
 **********
                   PARAMETER   16  beta_vw RESTORED TO VARIABLE.
                   PARAMETER   14  alpha_vw RESTORED TO VARIABLE.
                   PARAMETER   13  beta_y RESTORED TO VARIABLE.
                   PARAMETER   11  alpha_y RESTORED TO VARIABLE.
                   PARAMETER   10  beta_2CBO RESTORED TO VARIABLE.
                   PARAMETER    6  alpha_CBO RESTORED TO VARIABLE.
                   PARAMETER    4  phi RESTORED TO VARIABLE.
                   PARAMETER    3  A0 RESTORED TO VARIABLE.
                   PARAMETER    1  N0 RESTORED TO VARIABLE.
 **********
 **   43 **FIX           10
 **********
 **********
 **   44 **FIX           11
 **********
 **********
 **   45 **FIX           12
 **********
 PARAMETER   12  IS CONSTANT.   IGNORED.
 **********
 **   46 **FIX           13
 **********
 **********
 **   47 **FIX           14
 **********
 **********
 **   48 **FIX           15
 **********
 PARAMETER   15  IS CONSTANT.   IGNORED.
 **********
 **   49 **FIX           16
 **********
 **********
 **   50 **MIGRAD
 **********
 START MIGRAD MINIMIZATION.  STRATEGY  1.  CONVERGENCE WHEN EDM .LT. 1.00e-04
 FCN=102.554 FROM MIGRAD    STATUS=INITIATE       22 CALLS        3437 TOTAL
                     EDM= unknown      STRATEGY= 1      NO ERROR MATRIX       
  EXT PARAMETER               CURRENT GUESS       STEP         FIRST   
  NO.   NAME      VALUE            ERROR          SIZE      DERIVATIVE 
   1  N0           2.91609e+06   3.82536e+04   3.82536e+04  -2.71513e-05
   2  tau          6.43976e+01   constant   
   3  A0           3.52188e-01   2.47282e-03   2.47282e-03   2.99071e+01
   4  phi          3.91905e+00   3.24543e-02   3.24543e-02   4.64590e+00
   5  R           -5.94693e+01   constant   
   6  alpha_CBO    1.20275e-02   7.73545e-03   7.73545e-03   1.08303e+02
   7  w_CBO        2.32500e+00   constant   
   8  beta_CBO    -9.31803e-06   4.85870e-04   8.43711e-07  -1.19600e-01
   9  alpha_2CBO  -1.42429e-05   4.11918e-04   8.14628e-07   1.06683e-01
  10  beta_2CBO    6.34401e-03     fixed    
  11  alpha_y      0.00000e+00     fixed    
  12  w_y          1.44500e+01   constant   
  13  beta_y      -3.28566e-03     fixed    
  14  alpha_vw     0.00000e+00     fixed    
  15  w_vw         1.29000e+01   constant   
  16  beta_vw      0.00000e+00     fixed    
  17  LM          -2.20020e-04   constant   
  18  zeta_y       0.00000e+00   constant   
  19  zeta_vw      0.00000e+00   constant   
  20  T_CBO        5.80929e+01   2.35245e+00   3.78121e-06  -6.29216e-01
  21  alpha_A0    -3.67990e-01   1.33346e-02   7.36830e-06  -2.05534e-01
  22  beta_A0      3.52954e-01   1.24976e-02   7.65119e-06   2.05795e-01
  23  alpha_phi    4.21339e-01   1.47937e-02   1.25241e-05   3.86252e-03
  24  beta_phi     3.64488e-01   1.34649e-02   1.01512e-05   1.23802e-01
 CALL LIMIT EXCEEDED IN MIGRAD.
 MIGRAD TERMINATED WITHOUT CONVERGENCE.
 FCN=99.2812 FROM MIGRAD    STATUS=CALL LIMIT   1926 CALLS        5341 TOTAL
                     EDM=0.0607949    STRATEGY= 1  ERROR MATRIX UNCERTAINTY   8.1 per cent
  EXT PARAMETER                APPROXIMATE        STEP         FIRST   
  NO.   NAME      VALUE            ERROR          SIZE      DERIVATIVE 
   1  N0           2.97706e+06   1.76663e+04  -2.41190e+03  -4.86100e-04
   2  tau          6.43976e+01   constant   
   3  A0           3.13623e-01   2.33021e-02   4.65102e-03  -3.80498e+02
   4  phi          4.06783e+00   2.42853e-02   5.51043e-03   3.44699e+02
   5  R           -5.94693e+01   constant   
   6  alpha_CBO   -1.21340e-02   8.88635e-03  -1.95370e-03   1.19991e+03
   7  w_CBO        2.32500e+00   constant   
   8  beta_CBO    -3.98700e-02   1.17258e-02   1.97240e-03   3.07002e+02
   9  alpha_2CBO  -1.44215e-02   1.44179e-03  -1.71879e-04  -7.91801e+02
  10  beta_2CBO    6.34401e-03     fixed    
  11  alpha_y      0.00000e+00     fixed    
  12  w_y          1.44500e+01   constant   
  13  beta_y      -3.28566e-03     fixed    
  14  alpha_vw     0.00000e+00     fixed    
  15  w_vw         1.29000e+01   constant   
  16  beta_vw      0.00000e+00     fixed    
  17  LM          -2.20020e-04   constant   
  18  zeta_y       0.00000e+00   constant   
  19  zeta_vw      0.00000e+00   constant   
  20  T_CBO        5.54801e+01   1.74480e+00  -1.18240e-03   2.58007e+02
  21  alpha_A0    -2.80286e-01   4.69491e-02  -8.65400e-03  -1.09824e+02
  22  beta_A0      2.10915e-02   7.12975e-02  -1.79114e-02   7.55807e+00
  23  alpha_phi    3.10326e-01   3.02226e-02  -4.75373e-03   3.64721e+01
  24  beta_phi     8.09396e-01   5.21255e-02  -1.12200e-03   3.32129e+01
 EXTERNAL ERROR MATRIX.    NDIM=  25    NPAR= 11    ERR DEF=1
  3.121e+08 
 -3.714e+02  5.430e-04 
 -2.906e+02  4.103e-04  5.898e-04 
  1.311e+02 -1.820e-04 -2.059e-04  7.897e-05 
 -1.819e+02  2.648e-04  1.570e-04 -7.727e-05  1.375e-04 
 -5.089e+00  1.326e-06 -1.808e-05  4.307e-06  4.426e-06  2.079e-06 
  2.759e+04 -3.223e-02 -3.267e-02  1.263e-02 -1.542e-02 -2.280e-04  3.044e+00 
  5.329e+02 -9.636e-04 -4.797e-04  2.492e-04 -5.102e-04 -1.280e-05  4.218e-02  2.204e-03 
  8.997e+02 -1.458e-03 -1.604e-03  5.980e-04 -6.358e-04  3.827e-05  9.449e-02  2.401e-03  5.083e-03 
  1.212e+02 -3.910e-04 -1.389e-04  6.921e-05 -2.257e-04 -6.453e-06  1.433e-02  1.189e-03  1.124e-03  9.134e-04 
  7.047e+02 -7.878e-04 -1.014e-04  1.480e-04 -4.808e-04 -5.724e-05  5.440e-02  1.526e-03  9.115e-04  5.263e-04  2.717e-03 
ERR MATRIX APPROXIMATE
 PARAMETER  CORRELATION COEFFICIENTS  
       NO.  GLOBAL      1      3      4      6      8      9     20     21     22     23     24
        1  0.99994   1.000 -0.902 -0.677  0.835 -0.878 -0.200  0.895  0.643  0.714  0.227  0.765
        3  0.99998  -0.902  1.000  0.725 -0.879  0.969  0.039 -0.793 -0.881 -0.878 -0.555 -0.649
        4  0.99986  -0.677  0.725  1.000 -0.954  0.551 -0.516 -0.771 -0.421 -0.926 -0.189 -0.080
        6  0.99983   0.835 -0.879 -0.954  1.000 -0.742  0.336  0.814  0.597  0.944  0.258  0.319
        8  0.99994  -0.878  0.969  0.551 -0.742  1.000  0.262 -0.754 -0.927 -0.761 -0.637 -0.787
        9  0.99595  -0.200  0.039 -0.516  0.336  0.262  1.000 -0.091 -0.189  0.372 -0.148 -0.762
       20  0.99839   0.895 -0.793 -0.771  0.814 -0.754 -0.091  1.000  0.515  0.760  0.272  0.598
       21  0.99969   0.643 -0.881 -0.421  0.597 -0.927 -0.189  0.515  1.000  0.717  0.838  0.624
       22  0.99982   0.714 -0.878 -0.926  0.944 -0.761  0.372  0.760  0.717  1.000  0.522  0.245
       23  0.99735   0.227 -0.555 -0.189  0.258 -0.637 -0.148  0.272  0.838  0.522  1.000  0.334
       24  0.99971   0.765 -0.649 -0.080  0.319 -0.787 -0.762  0.598  0.624  0.245  0.334  1.000
 ERR MATRIX APPROXIMATE
MINUIT - FIT ONLY 1-y
 **********
 **   51 **RES 
 **********
                   PARAMETER   16  beta_vw RESTORED TO VARIABLE.
                   PARAMETER   14  alpha_vw RESTORED TO VARIABLE.
                   PARAMETER   13  beta_y RESTORED TO VARIABLE.
                   PARAMETER   11  alpha_y RESTORED TO VARIABLE.
                   PARAMETER   10  beta_2CBO RESTORED TO VARIABLE.
 **********
 **   52 **FIX            0
 **********
 PARAMETER    0  IS UNDEFINED. IGNORED.
 **********
 **   53 **FIX            1
 **********
 **********
 **   54 **FIX            2
 **********
 PARAMETER    2  IS CONSTANT.   IGNORED.
 **********
 **   55 **FIX            3
 **********
 **********
 **   56 **FIX            4
 **********
 **********
 **   57 **FIX            5
 **********
 PARAMETER    5  IS CONSTANT.   IGNORED.
 **********
 **   58 **FIX            6
 **********
 **********
 **   59 **FIX            7
 **********
 PARAMETER    7  IS CONSTANT.   IGNORED.
 **********
 **   60 **FIX            8
 **********
 **********
 **   61 **FIX            9
 **********
 **********
 **   62 **FIX           13
 **********
 **********
 **   63 **FIX           14
 **********
 **********
 **   64 **FIX           15
 **********
 PARAMETER   15  IS CONSTANT.   IGNORED.
 **********
 **   65 **FIX           16
 **********
 **********
 **   66 **MIGRAD
 **********
 START MIGRAD MINIMIZATION.  STRATEGY  1.  CONVERGENCE WHEN EDM .LT. 1.00e-04
 FCN=99.2812 FROM MIGRAD    STATUS=INITIATE       16 CALLS        5357 TOTAL
                     EDM= unknown      STRATEGY= 1      NO ERROR MATRIX       
  EXT PARAMETER               CURRENT GUESS       STEP         FIRST   
  NO.   NAME      VALUE            ERROR          SIZE      DERIVATIVE 
   1  N0           2.97706e+06     fixed    
   2  tau          6.43976e+01   constant   
   3  A0           3.13623e-01     fixed    
   4  phi          4.06783e+00     fixed    
   5  R           -5.94693e+01   constant   
   6  alpha_CBO   -1.21340e-02     fixed    
   7  w_CBO        2.32500e+00   constant   
   8  beta_CBO    -3.98700e-02     fixed    
   9  alpha_2CBO  -1.44215e-02     fixed    
  10  beta_2CBO    6.34401e-03   2.56003e-03   2.56003e-03   1.46953e+03
  11  alpha_y      0.00000e+00   1.00000e-03   1.00000e-03  -8.06759e+04
  12  w_y          1.44500e+01   constant   
  13  beta_y      -3.28566e-03     fixed    
  14  alpha_vw     0.00000e+00     fixed    
  15  w_vw         1.29000e+01   constant   
  16  beta_vw      0.00000e+00     fixed    
  17  LM          -2.20020e-04   constant   
  18  zeta_y       0.00000e+00   constant   
  19  zeta_vw      0.00000e+00   constant   
  20  T_CBO        5.54801e+01   1.74480e+00  -1.18240e-03   2.58007e+02
  21  alpha_A0    -2.80286e-01   4.69491e-02  -8.65400e-03  -1.09824e+02
  22  beta_A0      2.10915e-02   7.12975e-02  -1.79114e-02   7.55807e+00
  23  alpha_phi    3.10326e-01   3.02226e-02  -4.75373e-03   3.64721e+01
  24  beta_phi     8.09396e-01   5.21255e-02  -1.12200e-03   3.32129e+01
 MIGRAD MINIMIZATION HAS CONVERGED.
 MIGRAD WILL VERIFY CONVERGENCE AND ERROR MATRIX.
 FCN=53.4628 FROM MIGRAD    STATUS=CONVERGED     161 CALLS        5502 TOTAL
                     EDM=9.3623e-06    STRATEGY= 1      ERR MATRIX NOT POS-DEF
  EXT PARAMETER                APPROXIMATE        STEP         FIRST   
  NO.   NAME      VALUE            ERROR          SIZE      DERIVATIVE 
   1  N0           2.97706e+06     fixed    
   2  tau          6.43976e+01   constant   
   3  A0           3.13623e-01     fixed    
   4  phi          4.06783e+00     fixed    
   5  R           -5.94693e+01   constant   
   6  alpha_CBO   -1.21340e-02     fixed    
   7  w_CBO        2.32500e+00   constant   
   8  beta_CBO    -3.98700e-02     fixed    
   9  alpha_2CBO  -1.44215e-02     fixed    
  10  beta_2CBO    6.22194e-03   2.59816e-04   6.20481e-07   8.70746e-02
  11  alpha_y      1.12993e-03   1.66919e-04   5.94971e-07  -1.07224e+01
  12  w_y          1.44500e+01   constant   
  13  beta_y      -3.28566e-03     fixed    
  14  alpha_vw     0.00000e+00     fixed    
  15  w_vw         1.29000e+01   constant   
  16  beta_vw      0.00000e+00     fixed    
  17  LM          -2.20020e-04   constant   
  18  zeta_y       0.00000e+00   constant   
  19  zeta_vw      0.00000e+00   constant   
  20  T_CBO        5.54364e+01   2.38075e+00   2.44667e-06   1.56360e-01
  21  alpha_A0    -2.78457e-01   1.09305e-02   6.28550e-06   2.00376e-01
  22  beta_A0      2.02487e-02   2.11856e-03   5.94508e-06  -6.67001e-02
  23  alpha_phi    3.08789e-01   1.23525e-02   9.86489e-06   1.04219e-02
  24  beta_phi     8.10205e-01   3.18079e-02   8.23329e-06  -7.40590e-03
 EXTERNAL ERROR MATRIX.    NDIM=  25    NPAR=  7    ERR DEF=1
  6.750e-08 -1.337e-09  8.431e-06 -1.598e-07 -2.715e-07  5.233e-07 -2.841e-07 
 -1.337e-09  2.786e-08 -7.804e-07  3.632e-08 -2.624e-08 -1.972e-08  1.428e-08 
  8.431e-06 -7.804e-07  5.668e+00  2.559e-02 -1.744e-03 -2.815e-02 -7.551e-02 
 -1.598e-07  3.632e-08  2.559e-02  1.195e-04 -7.638e-06 -1.300e-04 -3.404e-04 
 -2.715e-07 -2.624e-08 -1.744e-03 -7.638e-06  4.488e-06  6.944e-06  2.435e-05 
  5.233e-07 -1.972e-08 -2.815e-02 -1.300e-04  6.944e-06  1.526e-04  3.742e-04 
 -2.841e-07  1.428e-08 -7.551e-02 -3.404e-04  2.435e-05  3.742e-04  1.012e-03 
ERR MATRIX NOT POS-DEF
 PARAMETER  CORRELATION COEFFICIENTS  
       NO.  GLOBAL     10     11     20     21     22     23     24
       10  0.74946   1.000 -0.031  0.014 -0.056 -0.493  0.163 -0.034
       11  0.15354  -0.031  1.000 -0.002  0.020 -0.074 -0.010  0.003
       20  0.99787   0.014 -0.002  1.000  0.983 -0.346 -0.957 -0.997
       21  0.98721  -0.056  0.020  0.983  1.000 -0.330 -0.963 -0.979
       22  0.62831  -0.493 -0.074 -0.346 -0.330  1.000  0.265  0.361
       23  0.97518   0.163 -0.010 -0.957 -0.963  0.265  1.000  0.952
       24  0.99742  -0.034  0.003 -0.997 -0.979  0.361  0.952  1.000
 ERR MATRIX NOT POS-DEF
MINUIT - FIT ONLY 2-y
 **********
 **   67 **RES 
 **********
                   PARAMETER   16  beta_vw RESTORED TO VARIABLE.
                   PARAMETER   14  alpha_vw RESTORED TO VARIABLE.
                   PARAMETER   13  beta_y RESTORED TO VARIABLE.
                   PARAMETER    9  alpha_2CBO RESTORED TO VARIABLE.
                   PARAMETER    8  beta_CBO RESTORED TO VARIABLE.
                   PARAMETER    6  alpha_CBO RESTORED TO VARIABLE.
                   PARAMETER    4  phi RESTORED TO VARIABLE.
                   PARAMETER    3  A0 RESTORED TO VARIABLE.
                   PARAMETER    1  N0 RESTORED TO VARIABLE.
 **********
 **   68 **FIX            0
 **********
 PARAMETER    0  IS UNDEFINED. IGNORED.
 **********
 **   69 **FIX            1
 **********
 **********
 **   70 **FIX            2
 **********
 PARAMETER    2  IS CONSTANT.   IGNORED.
 **********
 **   71 **FIX            3
 **********
 **********
 **   72 **FIX            4
 **********
 **********
 **   73 **FIX            5
 **********
 PARAMETER    5  IS CONSTANT.   IGNORED.
 **********
 **   74 **FIX            6
 **********
 **********
 **   75 **FIX            7
 **********
 PARAMETER    7  IS CONSTANT.   IGNORED.
 **********
 **   76 **FIX            8
 **********
 **********
 **   77 **FIX            9
 **********
 **********
 **   78 **FIX           10
 **********
 **********
 **   79 **FIX           11
 **********
 **********
 **   80 **FIX           12
 **********
 PARAMETER   12  IS CONSTANT.   IGNORED.
 **********
 **   81 **FIX           16
 **********
 **********
 **   82 **MIGRAD
 **********
 START MIGRAD MINIMIZATION.  STRATEGY  1.  CONVERGENCE WHEN EDM .LT. 1.00e-04
 FCN=53.4628 FROM MIGRAD    STATUS=INITIATE       16 CALLS        5518 TOTAL
                     EDM= unknown      STRATEGY= 1      NO ERROR MATRIX       
  EXT PARAMETER               CURRENT GUESS       STEP         FIRST   
  NO.   NAME      VALUE            ERROR          SIZE      DERIVATIVE 
   1  N0           2.97706e+06     fixed    
   2  tau          6.43976e+01   constant   
   3  A0           3.13623e-01     fixed    
   4  phi          4.06783e+00     fixed    
   5  R           -5.94693e+01   constant   
   6  alpha_CBO   -1.21340e-02     fixed    
   7  w_CBO        2.32500e+00   constant   
   8  beta_CBO    -3.98700e-02     fixed    
   9  alpha_2CBO  -1.44215e-02     fixed    
  10  beta_2CBO    6.22194e-03     fixed    
  11  alpha_y      1.12993e-03     fixed    
  12  w_y          1.44500e+01   constant   
  13  beta_y      -3.28566e-03   1.74428e-04   1.74428e-04  -4.07243e+03
  14  alpha_vw     0.00000e+00   1.00000e-03   1.00000e-03   2.11721e+04
  15  w_vw         1.29000e+01   constant   
  16  beta_vw      0.00000e+00     fixed    
  17  LM          -2.20020e-04   constant   
  18  zeta_y       0.00000e+00   constant   
  19  zeta_vw      0.00000e+00   constant   
  20  T_CBO        5.54364e+01   2.38075e+00   2.44667e-06   1.56287e-01
  21  alpha_A0    -2.78457e-01   1.09305e-02   6.28550e-06   2.00414e-01
  22  beta_A0      2.02487e-02   2.11856e-03   5.94508e-06  -6.66482e-02
  23  alpha_phi    3.08789e-01   1.23525e-02   9.86489e-06   1.04220e-02
  24  beta_phi     8.10205e-01   3.18079e-02   8.23329e-06  -7.40592e-03
 MIGRAD MINIMIZATION HAS CONVERGED.
 MIGRAD WILL VERIFY CONVERGENCE AND ERROR MATRIX.
 FCN=50.3045 FROM HESSE     STATUS=NOT POSDEF     50 CALLS        5648 TOTAL
                     EDM=0.000106128    STRATEGY= 1      ERR MATRIX NOT POS-DEF
  EXT PARAMETER                APPROXIMATE        STEP         FIRST   
  NO.   NAME      VALUE            ERROR          SIZE      DERIVATIVE 
   1  N0           2.97706e+06     fixed    
   2  tau          6.43976e+01   constant   
   3  A0           3.13623e-01     fixed    
   4  phi          4.06783e+00     fixed    
   5  R           -5.94693e+01   constant   
   6  alpha_CBO   -1.21340e-02     fixed    
   7  w_CBO        2.32500e+00   constant   
   8  beta_CBO    -3.98700e-02     fixed    
   9  alpha_2CBO  -1.44215e-02     fixed    
  10  beta_2CBO    6.22194e-03     fixed    
  11  alpha_y      1.12993e-03     fixed    
  12  w_y          1.44500e+01   constant   
  13  beta_y      -3.28185e-03   1.73594e-04   5.95346e-07   9.29575e-03
  14  alpha_vw    -2.97607e-04   1.70577e-04   5.83415e-07   3.33389e-03
  15  w_vw         1.29000e+01   constant   
  16  beta_vw      0.00000e+00     fixed    
  17  LM          -2.20020e-04   constant   
  18  zeta_y       0.00000e+00   constant   
  19  zeta_vw      0.00000e+00   constant   
  20  T_CBO        5.54386e+01   2.38681e+00   2.37493e-06  -1.12616e+00
  21  alpha_A0    -2.78693e-01   1.09474e-02   6.10053e-06  -4.02243e-01
  22  beta_A0      2.04888e-02   1.84530e-03   5.77060e-06  -2.01358e-01
  23  alpha_phi    3.08990e-01   1.22240e-02   9.57502e-06  -3.80587e-02
  24  beta_phi     8.10033e-01   3.18645e-02   7.99100e-06   1.60438e-01
 CALL LIMIT EXCEEDED IN MIGRAD.
 MIGRAD TERMINATED WITHOUT CONVERGENCE.
 FCN=50.1959 FROM MIGRAD    STATUS=CALL LIMIT   1159 CALLS        6661 TOTAL
                     EDM=0.0013762    STRATEGY= 1      ERR MATRIX NOT POS-DEF
  EXT PARAMETER                APPROXIMATE        STEP         FIRST   
  NO.   NAME      VALUE            ERROR          SIZE      DERIVATIVE 
   1  N0           2.97706e+06     fixed    
   2  tau          6.43976e+01   constant   
   3  A0           3.13623e-01     fixed    
   4  phi          4.06783e+00     fixed    
   5  R           -5.94693e+01   constant   
   6  alpha_CBO   -1.21340e-02     fixed    
   7  w_CBO        2.32500e+00   constant   
   8  beta_CBO    -3.98700e-02     fixed    
   9  alpha_2CBO  -1.44215e-02     fixed    
  10  beta_2CBO    6.22194e-03     fixed    
  11  alpha_y      1.12993e-03     fixed    
  12  w_y          1.44500e+01   constant   
  13  beta_y      -3.28103e-03   1.73545e-04  -2.47146e-08  -1.35620e+01
  14  alpha_vw    -3.05281e-04   1.70586e-04  -1.77738e-07   1.03144e+01
  15  w_vw         1.29000e+01   constant   
  16  beta_vw      0.00000e+00     fixed    
