 + ++++++++++++++++++++++++++++++++++++++++++++++++++++++++++++++++++++ +
 +                                                                      +
 +           You have chose to blind your fitting according to          +
 +                omega_ref * (1 + (R +/- deltaR) *10^{-6})             +
 +                                                                      +
 + ++++++++++++++++++++++++++++++++++++++++++++++++++++++++++++++++++++ +
In main()...
reading format from /gm2data/zkhechad/run45/envelope/formats/formatB_sBin_constraintOn.txt
pBinTau 	= 0  
pBinPhi 	= 0  
constraintau 	= 1 
includeMopTerm 	= 0    
constrainMop    = 0   
Parameters after format file: pBinTau 0 pBinPhi 0 constraintau 1 includeMopTerm 0 constrainMop 0 c_e_scale 0.000000 
Opening file /gm2data/tbarrett/gm2fr/studies/run23_bunch_corrections/CorrectedFourier_Run3b.root.
reading full fit data from /gm2data/zkhechad/cboTemplates/Run4CBOTemplates/templateFits0_v2.0/noRF/sBin_constraintOn_cE0.0_seed0_noRF_calo12.root
windowBins = 17
fitting sliding window 36 from bin 172 at 25.513200 to bin 189 at 28.198800 (17 bins)

Reading data from /gm2data/cornell/histograms/aMethod/histogram_a_noRF.root
 **********
 **    1 **SET PRINTOUT            1
 **********
 **********
 **    2 **SET NOWARNINGS 
 **********
 PARAMETER DEFINITIONS:
    NO.   NAME         VALUE      STEP SIZE      LIMITS
     1 N0           3.55039e+06  1.00000e+02     no limits
     2 tau          6.43775e+01  constant
     3 A0           3.53586e-01  1.00000e-04     no limits
     4 phi          4.11784e+00  1.00000e-02     no limits
     5 R           -5.99595e+01  constant
     6 alpha_CBO    0.00000e+00  1.00000e-03     no limits
     7 w_CBO        2.32500e+00  constant
     8 beta_CBO     0.00000e+00  1.00000e-03     no limits
     9 alpha_2CBO   0.00000e+00  1.00000e-03     no limits
    10 beta_2CBO    0.00000e+00  1.00000e-03     no limits
    11 alpha_y      0.00000e+00  1.00000e-03     no limits
    12 w_y          1.44500e+01  constant
    13 beta_y       0.00000e+00  1.00000e-03     no limits
    14 alpha_vw     0.00000e+00  1.00000e-03     no limits
    15 w_vw         1.29000e+01  constant
    16 beta_vw      0.00000e+00  1.00000e-03     no limits
    17 LM          -9.22867e-04  constant
    18 zeta_y       0.00000e+00  constant
    19 zeta_vw      0.00000e+00  constant
    20 T_CBO        1.00000e+02  1.00000e+00    0.00000e+00  1.00000e+03
    21 alpha_A0     0.00000e+00  1.00000e-03     no limits
    22 beta_A0      0.00000e+00  1.00000e-03     no limits
    23 alpha_phi    0.00000e+00  1.00000e-03     no limits
    24 beta_phi     0.00000e+00  1.00000e-03     no limits
MINUIT - FIT ONLY WIGGLE
 **********
 **    3 **FIX            5
 **********
 PARAMETER    5  IS CONSTANT.   IGNORED.
 **********
 **    4 **FIX            6
 **********
 **********
 **    5 **FIX            7
 **********
 PARAMETER    7  IS CONSTANT.   IGNORED.
 **********
 **    6 **FIX            8
 **********
 **********
 **    7 **FIX            9
 **********
 **********
 **    8 **FIX           10
 **********
 **********
 **    9 **FIX           11
 **********
 **********
 **   10 **FIX           12
 **********
 PARAMETER   12  IS CONSTANT.   IGNORED.
 **********
 **   11 **FIX           13
 **********
 **********
 **   12 **FIX           14
 **********
 **********
 **   13 **FIX           15
 **********
 PARAMETER   15  IS CONSTANT.   IGNORED.
 **********
 **   14 **FIX           16
 **********
 **********
 **   15 **MIGRAD
 **********
 FIRST CALL TO USER FUNCTION AT NEW START POINT, WITH IFLAG=4.
 START MIGRAD MINIMIZATION.  STRATEGY  1.  CONVERGENCE WHEN EDM .LT. 1.00e-04
 FCN=4450.52 FROM MIGRAD    STATUS=INITIATE      435 CALLS         436 TOTAL
                     EDM= unknown      STRATEGY= 1      NO ERROR MATRIX       
  EXT PARAMETER               CURRENT GUESS       STEP         FIRST   
  NO.   NAME      VALUE            ERROR          SIZE      DERIVATIVE 
   1  N0           3.55039e+06   1.00000e+02   0.00000e+00   2.19782e-02
   2  tau          6.43775e+01   constant   
   3  A0           3.53586e-01   1.00000e-04   0.00000e+00   3.92886e+05
   4  phi          4.11784e+00   1.00000e-02   0.00000e+00  -1.92861e+05
   5  R           -5.99595e+01   constant   
   6  alpha_CBO    0.00000e+00     fixed    
   7  w_CBO        2.32500e+00   constant   
   8  beta_CBO     0.00000e+00     fixed    
   9  alpha_2CBO   0.00000e+00     fixed    
  10  beta_2CBO    0.00000e+00     fixed    
  11  alpha_y      0.00000e+00     fixed    
  12  w_y          1.44500e+01   constant   
  13  beta_y       0.00000e+00     fixed    
  14  alpha_vw     0.00000e+00     fixed    
  15  w_vw         1.29000e+01   constant   
  16  beta_vw      0.00000e+00     fixed    
  17  LM          -9.22867e-04   constant   
  18  zeta_y       0.00000e+00   constant   
  19  zeta_vw      0.00000e+00   constant   
  20  T_CBO        1.00000e+02   1.00000e+00   0.00000e+00   0.00000e+00
  21  alpha_A0     0.00000e+00   1.00000e-03   0.00000e+00  -1.51570e+04
  22  beta_A0      0.00000e+00   1.00000e-03   0.00000e+00  -2.92457e+04
  23  alpha_phi    0.00000e+00   1.00000e-03   0.00000e+00   4.67155e+04
  24  beta_phi     0.00000e+00   1.00000e-03   0.00000e+00  -1.29181e+05
 MIGRAD MINIMIZATION HAS CONVERGED.
 FCN=1048.65 FROM MIGRAD    STATUS=CONVERGED    1115 CALLS        1116 TOTAL
                     EDM=9.71648e-06    STRATEGY= 1  ERROR MATRIX UNCERTAINTY   2.2 per cent
  EXT PARAMETER                                   STEP         FIRST   
  NO.   NAME      VALUE            ERROR          SIZE      DERIVATIVE 
   1  N0           3.56840e+06   7.44170e+03  -4.71903e+01   1.24296e-05
   2  tau          6.43775e+01   constant   
   3  A0           3.32633e-01   2.27478e-03   1.35403e-05  -4.20487e+01
   4  phi          4.04494e+00   9.58672e-03   1.92661e-05  -1.49411e+01
   5  R           -5.99595e+01   constant   
   6  alpha_CBO    0.00000e+00     fixed    
   7  w_CBO        2.32500e+00   constant   
   8  beta_CBO     0.00000e+00     fixed    
   9  alpha_2CBO   0.00000e+00     fixed    
  10  beta_2CBO    0.00000e+00     fixed    
  11  alpha_y      0.00000e+00     fixed    
  12  w_y          1.44500e+01   constant   
  13  beta_y       0.00000e+00     fixed    
  14  alpha_vw     0.00000e+00     fixed    
  15  w_vw         1.29000e+01   constant   
  16  beta_vw      0.00000e+00     fixed    
  17  LM          -9.22867e-04   constant   
  18  zeta_y       0.00000e+00   constant   
  19  zeta_vw      0.00000e+00   constant   
  20  T_CBO        7.74421e+01   2.72143e+00  -3.28200e-05   5.04404e-01
  21  alpha_A0    -9.66436e-02   1.09050e-02  -2.05805e-05  -2.11433e-01
  22  beta_A0      1.41738e-01   2.01338e-02  -1.17862e-04  -6.47532e+00
  23  alpha_phi    1.61917e-01   2.03112e-02  -1.08555e-04  -6.78421e+00
  24  beta_phi     1.14302e-01   1.16745e-02   1.60479e-05  -2.71493e+00
 EXTERNAL ERROR MATRIX.    NDIM=  25    NPAR=  8    ERR DEF=1
  5.538e+07 -1.582e+01 -3.896e+01  2.460e+03 -7.964e+00  1.468e+02  1.454e+02 -2.791e-01 
 -1.582e+01  5.175e-06  5.988e-06 -2.236e-03 -4.764e-06 -4.018e-05 -3.934e-05  7.990e-06 
 -3.896e+01  5.988e-06  9.191e-05  1.783e-02  9.244e-05 -1.334e-04 -1.431e-04 -9.300e-05 
  2.460e+03 -2.236e-03  1.783e-02  7.406e+00  2.571e-02 -2.228e-03 -5.584e-03 -2.771e-02 
 -7.964e+00 -4.764e-06  9.244e-05  2.571e-02  1.189e-04 -6.154e-05 -7.551e-05 -1.258e-04 
  1.468e+02 -4.018e-05 -1.334e-04 -2.228e-03 -6.154e-05  4.054e-04  4.073e-04  4.172e-05 
  1.454e+02 -3.934e-05 -1.431e-04 -5.584e-03 -7.551e-05  4.073e-04  4.125e-04  5.631e-05 
 -2.791e-01  7.990e-06 -9.300e-05 -2.771e-02 -1.258e-04  4.172e-05  5.631e-05  1.363e-04 
 PARAMETER  CORRELATION COEFFICIENTS  
       NO.  GLOBAL      1      3      4     20     21     22     23     24
        1  0.99939   1.000 -0.935 -0.546  0.121 -0.098  0.979  0.962 -0.003
        3  0.99947  -0.935  1.000  0.275 -0.361 -0.192 -0.877 -0.851  0.301
        4  0.99959  -0.546  0.275  1.000  0.683  0.884 -0.691 -0.735 -0.831
       20  0.96889   0.121 -0.361  0.683  1.000  0.866 -0.041 -0.101 -0.872
       21  0.99728  -0.098 -0.192  0.884  0.866  1.000 -0.280 -0.341 -0.989
       22  0.99965   0.979 -0.877 -0.691 -0.041 -0.280  1.000  0.996  0.177
       23  0.99975   0.962 -0.851 -0.735 -0.101 -0.341  0.996  1.000  0.237
       24  0.99822  -0.003  0.301 -0.831 -0.872 -0.989  0.177  0.237  1.000
MINUIT - FIT ONLY 1-CBO + wiggle
 **********
 **   16 **RES 
 **********
                   PARAMETER   16  beta_vw RESTORED TO VARIABLE.
                   PARAMETER   14  alpha_vw RESTORED TO VARIABLE.
                   PARAMETER   13  beta_y RESTORED TO VARIABLE.
                   PARAMETER   11  alpha_y RESTORED TO VARIABLE.
                   PARAMETER   10  beta_2CBO RESTORED TO VARIABLE.
                   PARAMETER    9  alpha_2CBO RESTORED TO VARIABLE.
                   PARAMETER    8  beta_CBO RESTORED TO VARIABLE.
                   PARAMETER    6  alpha_CBO RESTORED TO VARIABLE.
 **********
 **   17 **FIX            8
 **********
 **********
 **   18 **FIX            9
 **********
 **********
 **   19 **FIX           11
 **********
 **********
 **   20 **FIX           12
 **********
 PARAMETER   12  IS CONSTANT.   IGNORED.
 **********
 **   21 **FIX           14
 **********
 **********
 **   22 **FIX           15
 **********
 PARAMETER   15  IS CONSTANT.   IGNORED.
 **********
 **   23 **FIX           16
 **********
 **********
 **   24 **MIGRAD
 **********
 START MIGRAD MINIMIZATION.  STRATEGY  1.  CONVERGENCE WHEN EDM .LT. 1.00e-04
 FCN=1048.65 FROM MIGRAD    STATUS=INITIATE       28 CALLS        1144 TOTAL
                     EDM= unknown      STRATEGY= 1      NO ERROR MATRIX       
  EXT PARAMETER               CURRENT GUESS       STEP         FIRST   
  NO.   NAME      VALUE            ERROR          SIZE      DERIVATIVE 
   1  N0           3.56840e+06   7.44170e+03  -4.71903e+01   1.24296e-05
   2  tau          6.43775e+01   constant   
   3  A0           3.32633e-01   2.27478e-03   1.35403e-05  -4.20487e+01
   4  phi          4.04494e+00   9.58672e-03   1.92661e-05  -1.49411e+01
   5  R           -5.99595e+01   constant   
   6  alpha_CBO    0.00000e+00   1.00000e-03   1.00000e-03  -2.67491e+03
   7  w_CBO        2.32500e+00   constant   
   8  beta_CBO     0.00000e+00     fixed    
   9  alpha_2CBO   0.00000e+00     fixed    
  10  beta_2CBO    0.00000e+00   1.00000e-03   1.00000e-03   1.37994e+04
  11  alpha_y      0.00000e+00     fixed    
  12  w_y          1.44500e+01   constant   
  13  beta_y       0.00000e+00   1.00000e-03   1.00000e-03   3.86430e+05
  14  alpha_vw     0.00000e+00     fixed    
  15  w_vw         1.29000e+01   constant   
  16  beta_vw      0.00000e+00     fixed    
  17  LM          -9.22867e-04   constant   
  18  zeta_y       0.00000e+00   constant   
  19  zeta_vw      0.00000e+00   constant   
  20  T_CBO        7.74421e+01   2.72143e+00  -3.28200e-05  -5.04405e-01
  21  alpha_A0    -9.66436e-02   1.09050e-02  -2.05805e-05  -2.11426e-01
  22  beta_A0      1.41738e-01   2.01338e-02  -1.17862e-04  -6.47532e+00
  23  alpha_phi    1.61917e-01   2.03112e-02  -1.08555e-04  -6.78421e+00
  24  beta_phi     1.14302e-01   1.16745e-02   1.60479e-05  -2.71493e+00
 MIGRAD MINIMIZATION HAS CONVERGED.
 FCN=161.179 FROM MIGRAD    STATUS=CONVERGED    1591 CALLS        2707 TOTAL
                     EDM=4.08337e-06    STRATEGY= 1  ERROR MATRIX UNCERTAINTY   5.6 per cent
  EXT PARAMETER                                   STEP         FIRST   
  NO.   NAME      VALUE            ERROR          SIZE      DERIVATIVE 
   1  N0           3.51970e+06   4.37510e+04  -5.62104e+00   2.88943e-06
   2  tau          6.43775e+01   constant   
   3  A0           3.13739e-01   3.61274e-03   3.00854e-06  -1.45641e+01
   4  phi          4.03207e+00   2.68714e-02   1.01808e-05   1.20730e+00
   5  R           -5.99595e+01   constant   
   6  alpha_CBO   -1.59651e-02   9.54702e-03   3.09098e-07   6.52857e+00
   7  w_CBO        2.32500e+00   constant   
   8  beta_CBO     0.00000e+00     fixed    
   9  alpha_2CBO   0.00000e+00     fixed    
  10  beta_2CBO   -4.14817e-03   1.49592e-03   7.96109e-07   4.49001e+00
  11  alpha_y      0.00000e+00     fixed    
  12  w_y          1.44500e+01   constant   
  13  beta_y      -4.54309e-03   1.65807e-04  -2.41811e-08  -1.21807e+00
  14  alpha_vw     0.00000e+00     fixed    
  15  w_vw         1.29000e+01   constant   
  16  beta_vw      0.00000e+00     fixed    
  17  LM          -9.22867e-04   constant   
  18  zeta_y       0.00000e+00   constant   
  19  zeta_vw      0.00000e+00   constant   
  20  T_CBO        8.81177e+01   2.44655e+01  -7.98374e-05  -1.08785e-01
  21  alpha_A0    -1.12460e-01   4.57756e-02   1.35885e-06  -1.83393e+00
  22  beta_A0      1.37250e-01   2.95159e-02  -1.17133e-05  -2.50254e-01
  23  alpha_phi    1.70328e-01   2.85182e-02  -1.42624e-05  -1.90625e+00
  24  beta_phi     9.64808e-02   4.37268e-02   4.61956e-06   1.26518e+00
 EXTERNAL ERROR MATRIX.    NDIM=  25    NPAR= 11    ERR DEF=1
  1.914e+09 
  7.706e+01  1.305e-05 
  9.659e+02  6.184e-05  7.221e-04 
  4.136e+02  1.965e-05  2.228e-04  9.115e-05 
  2.699e+01  4.545e-06  2.378e-05  6.390e-06  2.238e-06 
  1.829e+00  2.266e-08  4.764e-07  4.038e-07 -3.295e-08  2.749e-08 
  1.150e+05 -4.779e-02 -3.003e-01  1.537e-03 -2.136e-02  9.374e-04  6.001e+02 
  1.926e+03  9.084e-05  1.152e-03  4.230e-04  3.677e-05  1.292e-06 -1.599e-01  2.095e-03 
  1.250e+03  3.004e-05  5.419e-04  2.610e-04  1.144e-05  1.297e-06  2.327e-01  1.203e-03  8.712e-04 
  1.112e+03  8.308e-06  4.168e-04  2.297e-04 -4.378e-07  1.528e-06  3.467e-01  1.006e-03  8.087e-04  8.133e-04 
 -1.830e+03 -6.064e-05 -1.055e-03 -3.987e-04 -2.238e-05 -1.572e-06  2.961e-02 -1.952e-03 -1.183e-03 -1.061e-03  1.912e-03 
 PARAMETER  CORRELATION COEFFICIENTS  
       NO.  GLOBAL      1      3      4      6     10     13     20     21     22     23     24
        1  0.99997   1.000  0.488  0.822  0.990  0.412  0.252  0.107  0.962  0.968  0.892 -0.957
        3  0.99961   0.488  1.000  0.637  0.570  0.841  0.038 -0.540  0.549  0.282  0.081 -0.384
        4  0.99990   0.822  0.637  1.000  0.869  0.591  0.107 -0.456  0.937  0.683  0.544 -0.898
        6  0.99988   0.990  0.570  0.869  1.000  0.447  0.255  0.007  0.968  0.926  0.844 -0.955
       10  0.99475   0.412  0.841  0.591  0.447  1.000 -0.133 -0.583  0.537  0.259 -0.010 -0.342
       13  0.44830   0.252  0.038  0.107  0.255 -0.133  1.000  0.231  0.170  0.265  0.323 -0.217
       20  0.99963   0.107 -0.540 -0.456  0.007 -0.583  0.231  1.000 -0.143  0.322  0.496  0.028
       21  0.99987   0.962  0.549  0.937  0.968  0.537  0.170 -0.143  1.000  0.890  0.771 -0.975
       22  0.99973   0.968  0.282  0.683  0.926  0.259  0.265  0.322  0.890  1.000  0.961 -0.916
       23  0.99974   0.892  0.081  0.544  0.844 -0.010  0.323  0.496  0.771  0.961  1.000 -0.851
       24  0.99988  -0.957 -0.384 -0.898 -0.955 -0.342 -0.217  0.028 -0.975 -0.916 -0.851  1.000
MINUIT - FIT ONLY 2-CBO
 **********
 **   25 **RES 
 **********
                   PARAMETER   16  beta_vw RESTORED TO VARIABLE.
                   PARAMETER   14  alpha_vw RESTORED TO VARIABLE.
                   PARAMETER   11  alpha_y RESTORED TO VARIABLE.
                   PARAMETER    9  alpha_2CBO RESTORED TO VARIABLE.
                   PARAMETER    8  beta_CBO RESTORED TO VARIABLE.
 **********
 **   26 **FIX            0
 **********
 PARAMETER    0  IS UNDEFINED. IGNORED.
 **********
 **   27 **FIX            1
 **********
 **********
 **   28 **FIX            2
 **********
 PARAMETER    2  IS CONSTANT.   IGNORED.
 **********
 **   29 **FIX            3
 **********
 **********
 **   30 **FIX            4
 **********
 **********
 **   31 **FIX            5
 **********
 PARAMETER    5  IS CONSTANT.   IGNORED.
 **********
 **   32 **FIX            6
 **********
 **********
 **   33 **FIX            7
 **********
 PARAMETER    7  IS CONSTANT.   IGNORED.
 **********
 **   34 **FIX           10
 **********
 **********
 **   35 **FIX           11
 **********
 **********
 **   36 **FIX           12
 **********
 PARAMETER   12  IS CONSTANT.   IGNORED.
 **********
 **   37 **FIX           13
 **********
 **********
 **   38 **FIX           14
 **********
 **********
 **   39 **FIX           15
 **********
 PARAMETER   15  IS CONSTANT.   IGNORED.
 **********
 **   40 **FIX           16
 **********
 **********
 **   41 **MIGRAD
 **********
 START MIGRAD MINIMIZATION.  STRATEGY  1.  CONVERGENCE WHEN EDM .LT. 1.00e-04
 FCN=161.179 FROM MIGRAD    STATUS=INITIATE       18 CALLS        2725 TOTAL
                     EDM= unknown      STRATEGY= 1      NO ERROR MATRIX       
  EXT PARAMETER               CURRENT GUESS       STEP         FIRST   
  NO.   NAME      VALUE            ERROR          SIZE      DERIVATIVE 
   1  N0           3.51970e+06     fixed    
   2  tau          6.43775e+01   constant   
   3  A0           3.13739e-01     fixed    
   4  phi          4.03207e+00     fixed    
   5  R           -5.99595e+01   constant   
   6  alpha_CBO   -1.59651e-02     fixed    
   7  w_CBO        2.32500e+00   constant   
   8  beta_CBO     0.00000e+00   1.00000e-03   1.00000e-03  -1.72714e+02
   9  alpha_2CBO   0.00000e+00   1.00000e-03   1.00000e-03  -3.12129e+02
  10  beta_2CBO   -4.14817e-03     fixed    
  11  alpha_y      0.00000e+00     fixed    
  12  w_y          1.44500e+01   constant   
  13  beta_y      -4.54309e-03     fixed    
  14  alpha_vw     0.00000e+00     fixed    
  15  w_vw         1.29000e+01   constant   
  16  beta_vw      0.00000e+00     fixed    
  17  LM          -9.22867e-04   constant   
  18  zeta_y       0.00000e+00   constant   
  19  zeta_vw      0.00000e+00   constant   
  20  T_CBO        8.81177e+01   2.44655e+01  -7.98374e-05  -1.08787e-01
  21  alpha_A0    -1.12460e-01   4.57756e-02   1.35885e-06  -1.83393e+00
  22  beta_A0      1.37250e-01   2.95159e-02  -1.17133e-05  -2.50257e-01
  23  alpha_phi    1.70328e-01   2.85182e-02  -1.42624e-05  -1.90625e+00
  24  beta_phi     9.64808e-02   4.37268e-02   4.61956e-06   1.26518e+00
 MIGRAD MINIMIZATION HAS CONVERGED.
 MIGRAD WILL VERIFY CONVERGENCE AND ERROR MATRIX.
 FCN=161.175 FROM HESSE     STATUS=NOT POSDEF     50 CALLS        2856 TOTAL
                     EDM=0.000170221    STRATEGY= 1      ERR MATRIX NOT POS-DEF
  EXT PARAMETER                APPROXIMATE        STEP         FIRST   
  NO.   NAME      VALUE            ERROR          SIZE      DERIVATIVE 
   1  N0           3.51970e+06     fixed    
   2  tau          6.43775e+01   constant   
   3  A0           3.13739e-01     fixed    
   4  phi          4.03207e+00     fixed    
   5  R           -5.99595e+01   constant   
   6  alpha_CBO   -1.59651e-02     fixed    
   7  w_CBO        2.32500e+00   constant   
   8  beta_CBO     1.11838e-05   5.44202e-04   9.31844e-07  -1.01568e+01
   9  alpha_2CBO   1.78904e-05   3.68234e-04   9.17103e-07   5.34363e+00
  10  beta_2CBO   -4.14817e-03     fixed    
  11  alpha_y      0.00000e+00     fixed    
  12  w_y          1.44500e+01   constant   
  13  beta_y      -4.54309e-03     fixed    
  14  alpha_vw     0.00000e+00     fixed    
  15  w_vw         1.29000e+01   constant   
  16  beta_vw      0.00000e+00     fixed    
  17  LM          -9.22867e-04   constant   
  18  zeta_y       0.00000e+00   constant   
  19  zeta_vw      0.00000e+00   constant   
  20  T_CBO        8.81259e+01   1.26698e+01   2.15344e-05  -2.88294e-01
  21  alpha_A0    -1.12419e-01   5.09959e-03   5.15508e-06  -4.93366e-01
  22  beta_A0      1.37201e-01   6.32309e-03   4.52608e-06  -1.35038e+00
  23  alpha_phi    1.70358e-01   7.37510e-03   4.42985e-06   3.05058e+00
  24  beta_phi     9.65433e-02   4.49203e-03   4.61760e-06  -1.78493e+00
 CALL LIMIT EXCEEDED IN MIGRAD.
 MIGRAD TERMINATED WITHOUT CONVERGENCE.
 FCN=161.097 FROM MIGRAD    STATUS=CALL LIMIT   1152 CALLS        3859 TOTAL
                     EDM=0.00117426    STRATEGY= 1      ERR MATRIX NOT POS-DEF
  EXT PARAMETER                APPROXIMATE        STEP         FIRST   
  NO.   NAME      VALUE            ERROR          SIZE      DERIVATIVE 
   1  N0           3.51970e+06     fixed    
   2  tau          6.43775e+01   constant   
   3  A0           3.13739e-01     fixed    
   4  phi          4.03207e+00     fixed    
   5  R           -5.99595e+01   constant   
   6  alpha_CBO   -1.59651e-02     fixed    
   7  w_CBO        2.32500e+00   constant   
   8  beta_CBO     1.97052e-04   5.37519e-04   2.66957e-07  -4.36489e+01
   9  alpha_2CBO   1.32583e-04   3.62990e-04  -2.09602e-07  -2.57244e+01
  10  beta_2CBO   -4.14817e-03     fixed    
  11  alpha_y      0.00000e+00     fixed    
  12  w_y          1.44500e+01   constant   
  13  beta_y      -4.54309e-03     fixed    
  14  alpha_vw     0.00000e+00     fixed    
  15  w_vw         1.29000e+01   constant   
  16  beta_vw      0.00000e+00     fixed    
  17  LM          -9.22867e-04   constant   
  18  zeta_y       0.00000e+00   constant   
  19  zeta_vw      0.00000e+00   constant   
  20  T_CBO        1.79015e+02   1.03361e+02  -5.59943e-05  -5.24175e-02
  21  alpha_A0    -9.63539e-02   8.73801e-03  -1.26465e-05   2.02639e+01
  22  beta_A0      1.16814e-01   1.08899e-02   1.35081e-05   6.41133e+00
  23  alpha_phi    1.46186e-01   1.27304e-02   1.62006e-05   4.45731e+00
  24  beta_phi     8.33221e-02   7.41520e-03   1.01273e-05   9.96754e+00
 EXTERNAL ERROR MATRIX.    NDIM=  25    NPAR=  7    ERR DEF=1
  2.889e-07 -5.859e-08  7.367e-03 -8.781e-08 -1.804e-07 -6.730e-07  6.506e-07 
 -5.859e-08  1.318e-07  8.807e-03  1.220e-06 -1.384e-06 -1.004e-06 -7.722e-07 
  7.367e-03  8.807e-03  1.095e+04  8.934e-01 -1.127e+00 -1.329e+00 -7.388e-01 
 -8.781e-08  1.220e-06  8.934e-01  7.635e-05 -9.451e-05 -1.088e-04 -6.287e-05 
 -1.804e-07 -1.384e-06 -1.127e+00 -9.451e-05  1.186e-04  1.368e-04  7.809e-05 
 -6.730e-07 -1.004e-06 -1.329e+00 -1.088e-04  1.368e-04  1.621e-04  9.072e-05 
  6.506e-07 -7.722e-07 -7.388e-01 -6.287e-05  7.809e-05  9.072e-05  5.499e-05 
ERR MATRIX NOT POS-DEF
 PARAMETER  CORRELATION COEFFICIENTS  
       NO.  GLOBAL      8      9     20     21     22     23     24
        8  0.96280   1.000 -0.300  0.131 -0.019 -0.031 -0.098  0.163
        9  0.92146  -0.300  1.000  0.232  0.385 -0.350 -0.217 -0.287
       20  0.99925   0.131  0.232  1.000  0.977 -0.989 -0.998 -0.952
       21  0.99622  -0.019  0.385  0.977  1.000 -0.993 -0.978 -0.970
       22  0.99836  -0.031 -0.350 -0.989 -0.993  1.000  0.987  0.967
       23  0.99880  -0.098 -0.217 -0.998 -0.978  0.987  1.000  0.961
       24  0.99607   0.163 -0.287 -0.952 -0.970  0.967  0.961  1.000
 ERR MATRIX NOT POS-DEF
MINUIT - FIT wiggle + 1-CBO + 2-CBO
 **********
 **   42 **RES 
 **********
                   PARAMETER   16  beta_vw RESTORED TO VARIABLE.
                   PARAMETER   14  alpha_vw RESTORED TO VARIABLE.
                   PARAMETER   13  beta_y RESTORED TO VARIABLE.
                   PARAMETER   11  alpha_y RESTORED TO VARIABLE.
                   PARAMETER   10  beta_2CBO RESTORED TO VARIABLE.
                   PARAMETER    6  alpha_CBO RESTORED TO VARIABLE.
                   PARAMETER    4  phi RESTORED TO VARIABLE.
                   PARAMETER    3  A0 RESTORED TO VARIABLE.
                   PARAMETER    1  N0 RESTORED TO VARIABLE.
 **********
 **   43 **FIX           10
 **********
 **********
 **   44 **FIX           11
 **********
 **********
 **   45 **FIX           12
 **********
 PARAMETER   12  IS CONSTANT.   IGNORED.
 **********
 **   46 **FIX           13
 **********
 **********
 **   47 **FIX           14
 **********
 **********
 **   48 **FIX           15
 **********
 PARAMETER   15  IS CONSTANT.   IGNORED.
 **********
 **   49 **FIX           16
 **********
 **********
 **   50 **MIGRAD
 **********
 START MIGRAD MINIMIZATION.  STRATEGY  1.  CONVERGENCE WHEN EDM .LT. 1.00e-04
 FCN=161.097 FROM MIGRAD    STATUS=INITIATE       22 CALLS        3881 TOTAL
                     EDM= unknown      STRATEGY= 1      NO ERROR MATRIX       
  EXT PARAMETER               CURRENT GUESS       STEP         FIRST   
  NO.   NAME      VALUE            ERROR          SIZE      DERIVATIVE 
   1  N0           3.51970e+06   4.37510e+04   4.37510e+04   6.14937e-05
   2  tau          6.43775e+01   constant   
   3  A0           3.13739e-01   3.61274e-03   3.61274e-03   2.24310e+02
   4  phi          4.03207e+00   2.68714e-02   2.68714e-02   2.11591e+01
   5  R           -5.99595e+01   constant   
   6  alpha_CBO   -1.59651e-02   9.54702e-03   9.54702e-03  -4.20497e+02
   7  w_CBO        2.32500e+00   constant   
   8  beta_CBO     1.97052e-04   5.37519e-04   2.66957e-07  -4.36489e+01
   9  alpha_2CBO   1.32583e-04   3.62990e-04  -2.09602e-07  -2.57244e+01
  10  beta_2CBO   -4.14817e-03     fixed    
  11  alpha_y      0.00000e+00     fixed    
  12  w_y          1.44500e+01   constant   
  13  beta_y      -4.54309e-03     fixed    
  14  alpha_vw     0.00000e+00     fixed    
  15  w_vw         1.29000e+01   constant   
  16  beta_vw      0.00000e+00     fixed    
  17  LM          -9.22867e-04   constant   
  18  zeta_y       0.00000e+00   constant   
  19  zeta_vw      0.00000e+00   constant   
  20  T_CBO        1.79015e+02   1.03361e+02  -5.59943e-05  -5.24171e-02
  21  alpha_A0    -9.63539e-02   8.73801e-03  -1.26465e-05   2.02639e+01
  22  beta_A0      1.16814e-01   1.08899e-02   1.35081e-05   6.41132e+00
  23  alpha_phi    1.46186e-01   1.27304e-02   1.62006e-05   4.45731e+00
  24  beta_phi     8.33221e-02   7.41520e-03   1.01273e-05   9.96754e+00
 CALL LIMIT EXCEEDED IN MIGRAD.
 MIGRAD TERMINATED WITHOUT CONVERGENCE.
 FCN=137.378 FROM MIGRAD    STATUS=CALL LIMIT   1911 CALLS        5770 TOTAL
                     EDM=0.103476    STRATEGY= 1  ERROR MATRIX UNCERTAINTY  42.5 per cent
  EXT PARAMETER                APPROXIMATE        STEP         FIRST   
  NO.   NAME      VALUE            ERROR          SIZE      DERIVATIVE 
   1  N0           3.52593e+06   2.11574e+04   1.53794e+02  -1.97310e-04
   2  tau          6.43775e+01   constant   
   3  A0           2.83938e-01   5.86590e-03   1.70110e-04   5.21529e+02
   4  phi          4.06458e+00   6.95158e-03  -5.55612e-04  -2.33916e+02
   5  R           -5.99595e+01   constant   
   6  alpha_CBO    2.06257e-02   6.08961e-03   3.37623e-05   1.30494e+01
   7  w_CBO        2.32500e+00   constant   
   8  beta_CBO     6.61736e-02   5.40872e-03  -1.34353e-04   9.39370e+02
   9  alpha_2CBO   3.58148e-02   2.22418e-03   1.96147e-05   4.22608e+02
  10  beta_2CBO   -4.14817e-03     fixed    
  11  alpha_y      0.00000e+00     fixed    
  12  w_y          1.44500e+01   constant   
  13  beta_y      -4.54309e-03     fixed    
  14  alpha_vw     0.00000e+00     fixed    
  15  w_vw         1.29000e+01   constant   
  16  beta_vw      0.00000e+00     fixed    
  17  LM          -9.22867e-04   constant   
  18  zeta_y       0.00000e+00   constant   
  19  zeta_vw      0.00000e+00   constant   
  20  T_CBO        9.98578e+02   5.36506e+00  -3.55224e-04  -5.03238e-02
  21  alpha_A0    -1.58487e-01   1.16622e-02  -6.18906e-05  -5.27293e+01
  22  beta_A0      1.11254e-01   8.93423e-03  -7.88751e-06   9.47475e-02
  23  alpha_phi    4.61782e-01   2.73246e-02  -3.01298e-04   7.78417e+01
  24  beta_phi     3.18665e-01   2.74584e-02   1.72106e-04  -2.92925e+02
 EXTERNAL ERROR MATRIX.    NDIM=  25    NPAR= 11    ERR DEF=1
  4.476e+08 
  9.509e+01  3.441e-05 
  7.298e+01 -3.446e-06  4.832e-05 
  1.237e+02  2.338e-05  2.283e-05  3.708e-05 
 -4.933e+01 -2.754e-05  1.164e-05 -7.760e-06  2.925e-05 
 -7.521e+00 -6.257e-06  2.825e-06  1.570e-06  9.244e-06  4.947e-06 
  4.148e+04 -7.015e-03  2.268e-02  1.840e-02  1.932e-02  8.953e-03  2.898e+01 
  1.788e+02  5.836e-05  1.601e-05  3.874e-05 -5.439e-05 -1.755e-05 -2.131e-02  1.360e-04 
  1.332e+02  1.114e-05  4.013e-05  3.486e-05  2.327e-06 -2.725e-06  2.565e-02  3.362e-05  7.982e-05 
 -7.512e+01 -1.069e-04  8.520e-05  1.499e-05  1.388e-04  5.212e-05  1.274e-01 -2.272e-04  5.873e-05  7.466e-04 
 -4.233e+02 -1.382e-04 -3.399e-05 -8.892e-05  1.291e-04  4.523e-05  5.182e-02 -3.162e-04 -9.359e-05  5.474e-04  7.540e-04 
ERR MATRIX APPROXIMATE
 PARAMETER  CORRELATION COEFFICIENTS  
       NO.  GLOBAL      1      3      4      6      8      9     20     21     22     23     24
        1  0.99988   1.000  0.766  0.496  0.960 -0.431 -0.160  0.364  0.725  0.705 -0.130 -0.729
        3  0.99990   0.766  1.000 -0.085  0.655 -0.868 -0.480 -0.222  0.853  0.213 -0.667 -0.858
        4  0.99917   0.496 -0.085  1.000  0.539  0.310  0.183  0.606  0.197  0.646  0.449 -0.178
        6  0.99982   0.960  0.655  0.539  1.000 -0.236  0.116  0.561  0.546  0.641  0.090 -0.532
        8  0.99982  -0.431 -0.868  0.310 -0.236  1.000  0.768  0.663 -0.862  0.048  0.939  0.869
        9  0.99838  -0.160 -0.480  0.183  0.116  0.768  1.000  0.748 -0.677 -0.137  0.858  0.741
       20  0.99845   0.364 -0.222  0.606  0.561  0.663  0.748  1.000 -0.339  0.533  0.866  0.351
       21  0.99875   0.725  0.853  0.197  0.546 -0.862 -0.677 -0.339  1.000  0.323 -0.713 -0.988
       22  0.99847   0.705  0.213  0.646  0.641  0.048 -0.137  0.533  0.323  1.000  0.241 -0.381
       23  0.99985  -0.130 -0.667  0.449  0.090  0.939  0.858  0.866 -0.713  0.241  1.000  0.730
       24  0.99986  -0.729 -0.858 -0.178 -0.532  0.869  0.741  0.351 -0.988 -0.381  0.730  1.000
 ERR MATRIX APPROXIMATE
MINUIT - FIT ONLY 1-y
 **********
 **   51 **RES 
 **********
                   PARAMETER   16  beta_vw RESTORED TO VARIABLE.
                   PARAMETER   14  alpha_vw RESTORED TO VARIABLE.
                   PARAMETER   13  beta_y RESTORED TO VARIABLE.
                   PARAMETER   11  alpha_y RESTORED TO VARIABLE.
                   PARAMETER   10  beta_2CBO RESTORED TO VARIABLE.
 **********
 **   52 **FIX            0
 **********
 PARAMETER    0  IS UNDEFINED. IGNORED.
 **********
 **   53 **FIX            1
 **********
 **********
 **   54 **FIX            2
 **********
 PARAMETER    2  IS CONSTANT.   IGNORED.
 **********
 **   55 **FIX            3
 **********
 **********
 **   56 **FIX            4
 **********
 **********
 **   57 **FIX            5
 **********
 PARAMETER    5  IS CONSTANT.   IGNORED.
 **********
 **   58 **FIX            6
 **********
 **********
 **   59 **FIX            7
 **********
 PARAMETER    7  IS CONSTANT.   IGNORED.
 **********
 **   60 **FIX            8
 **********
 **********
 **   61 **FIX            9
 **********
 **********
 **   62 **FIX           13
 **********
 **********
 **   63 **FIX           14
 **********
 **********
 **   64 **FIX           15
 **********
 PARAMETER   15  IS CONSTANT.   IGNORED.
 **********
 **   65 **FIX           16
 **********
 **********
 **   66 **MIGRAD
 **********
 START MIGRAD MINIMIZATION.  STRATEGY  1.  CONVERGENCE WHEN EDM .LT. 1.00e-04
 FCN=137.378 FROM MIGRAD    STATUS=INITIATE       16 CALLS        5786 TOTAL
                     EDM= unknown      STRATEGY= 1      NO ERROR MATRIX       
  EXT PARAMETER               CURRENT GUESS       STEP         FIRST   
  NO.   NAME      VALUE            ERROR          SIZE      DERIVATIVE 
   1  N0           3.52593e+06     fixed    
   2  tau          6.43775e+01   constant   
   3  A0           2.83938e-01     fixed    
   4  phi          4.06458e+00     fixed    
   5  R           -5.99595e+01   constant   
   6  alpha_CBO    2.06257e-02     fixed    
   7  w_CBO        2.32500e+00   constant   
   8  beta_CBO     6.61736e-02     fixed    
   9  alpha_2CBO   3.58148e-02     fixed    
  10  beta_2CBO   -4.14817e-03   1.49592e-03   1.49592e-03  -4.77327e+02
  11  alpha_y      0.00000e+00   1.00000e-03   1.00000e-03  -1.23558e+05
  12  w_y          1.44500e+01   constant   
  13  beta_y      -4.54309e-03     fixed    
  14  alpha_vw     0.00000e+00     fixed    
  15  w_vw         1.29000e+01   constant   
  16  beta_vw      0.00000e+00     fixed    
  17  LM          -9.22867e-04   constant   
  18  zeta_y       0.00000e+00   constant   
  19  zeta_vw      0.00000e+00   constant   
  20  T_CBO        9.98578e+02   5.36506e+00  -3.55224e-04  -5.01714e-02
  21  alpha_A0    -1.58487e-01   1.16622e-02  -6.18906e-05  -5.27293e+01
  22  beta_A0      1.11254e-01   8.93423e-03  -7.88751e-06   9.47423e-02
  23  alpha_phi    4.61782e-01   2.73246e-02  -3.01298e-04   7.78417e+01
  24  beta_phi     3.18665e-01   2.74584e-02   1.72106e-04  -2.92925e+02
 MIGRAD MINIMIZATION HAS CONVERGED.
 MIGRAD WILL VERIFY CONVERGENCE AND ERROR MATRIX.
 COVARIANCE MATRIX CALCULATED SUCCESSFULLY
 FCN=41.1233 FROM HESSE     STATUS=OK             50 CALLS        6013 TOTAL
                     EDM=0.00226818    STRATEGY= 1      ERROR MATRIX ACCURATE 
  EXT PARAMETER                                   STEP         FIRST   
  NO.   NAME      VALUE            ERROR          SIZE      DERIVATIVE 
   1  N0           3.52593e+06     fixed    
   2  tau          6.43775e+01   constant   
   3  A0           2.83938e-01     fixed    
   4  phi          4.06458e+00     fixed    
   5  R           -5.99595e+01   constant   
   6  alpha_CBO    2.06257e-02     fixed    
   7  w_CBO        2.32500e+00   constant   
   8  beta_CBO     6.61736e-02     fixed    
   9  alpha_2CBO   3.58148e-02     fixed    
  10  beta_2CBO   -3.16265e-03   4.18098e-04   4.87487e-07   2.21872e+00
  11  alpha_y      1.54981e-03   1.57998e-04   4.87532e-07   1.31344e-01
  12  w_y          1.44500e+01   constant   
  13  beta_y      -4.54309e-03     fixed    
  14  alpha_vw     0.00000e+00     fixed    
  15  w_vw         1.29000e+01   constant   
  16  beta_vw      0.00000e+00     fixed    
  17  LM          -9.22867e-04   constant   
  18  zeta_y       0.00000e+00   constant   
  19  zeta_vw      0.00000e+00   constant   
  20  T_CBO        9.27173e+02   5.25370e+02   4.79681e-04   5.77967e-03
  21  alpha_A0    -1.52979e-01   6.80311e-03   2.09614e-06   1.63631e+00
  22  beta_A0      1.11548e-01   4.90432e-03   1.71807e-06   3.74078e+00
  23  alpha_phi    4.58779e-01   1.88840e-02   1.83044e-06   3.62267e+00
  24  beta_phi     3.19011e-01   1.29598e-02   2.06093e-06   3.73622e+00
 MIGRAD MINIMIZATION HAS CONVERGED.
 MIGRAD WILL VERIFY CONVERGENCE AND ERROR MATRIX.
 COVARIANCE MATRIX CALCULATED SUCCESSFULLY
 FCN=41.1184 FROM MIGRAD    STATUS=CONVERGED     714 CALLS        6484 TOTAL
                     EDM=1.54532e-05    STRATEGY= 1      ERROR MATRIX ACCURATE 
  EXT PARAMETER                                   STEP         FIRST   
  NO.   NAME      VALUE            ERROR          SIZE      DERIVATIVE 
   1  N0           3.52593e+06     fixed    
   2  tau          6.43775e+01   constant   
   3  A0           2.83938e-01     fixed    
   4  phi          4.06458e+00     fixed    
   5  R           -5.99595e+01   constant   
   6  alpha_CBO    2.06257e-02     fixed    
   7  w_CBO        2.32500e+00   constant   
   8  beta_CBO     6.61736e-02     fixed    
   9  alpha_2CBO   3.58148e-02     fixed    
  10  beta_2CBO   -3.16002e-03   4.15751e-04   4.87459e-07  -1.11571e+00
  11  alpha_y      1.54986e-03   1.57998e-04   4.87504e-07   9.13878e-02
  12  w_y          1.44500e+01   constant   
  13  beta_y      -4.54309e-03     fixed    
  14  alpha_vw     0.00000e+00     fixed    
  15  w_vw         1.29000e+01   constant   
  16  beta_vw      0.00000e+00     fixed    
  17  LM          -9.22867e-04   constant   
  18  zeta_y       0.00000e+00   constant   
  19  zeta_vw      0.00000e+00   constant   
  20  T_CBO        9.99805e+02   9.22988e+02   8.78290e-03  -1.99907e-03
  21  alpha_A0    -1.52648e-01   2.44694e-03   2.09156e-06  -2.81961e+00
  22  beta_A0      1.11296e-01   6.06789e-04   1.71425e-06  -3.67975e+00
  23  alpha_phi    4.57805e-01   1.89360e-03   1.82649e-06  -4.48240e+00
  24  beta_phi     3.18341e-01   8.55183e-04   2.05653e-06  -3.08303e+00
 EXTERNAL ERROR MATRIX.    NDIM=  25    NPAR=  7    ERR DEF=1
  1.728e-07  1.438e-08  7.320e-05  9.243e-07  3.081e-08 -6.620e-07 -3.945e-08 
  1.438e-08  2.496e-08  4.505e-07  8.548e-08  8.084e-10 -5.726e-08 -5.603e-09 
  7.320e-05  4.505e-07  3.002e+03  1.057e-02 -8.110e-03 -3.131e-02 -2.155e-02 
  9.243e-07  8.548e-08  1.057e-02  5.988e-06  6.412e-08 -4.259e-06 -5.876e-07 
  3.081e-08  8.084e-10 -8.110e-03  6.412e-08  3.682e-07 -6.662e-08 -5.351e-08 
 -6.620e-07 -5.726e-08 -3.131e-02 -4.259e-06 -6.662e-08  3.586e-06  6.380e-07 
 -3.945e-08 -5.603e-09 -2.155e-02 -5.876e-07 -5.351e-08  6.380e-07  7.313e-07 
 PARAMETER  CORRELATION COEFFICIENTS  
       NO.  GLOBAL     10     11     20     21     22     23     24
       10  0.92903   1.000  0.219  0.003  0.909  0.122 -0.841 -0.111
       11  0.22787   0.219  1.000  0.000  0.221  0.008 -0.191 -0.041
       20  0.71032   0.003  0.000  1.000  0.079 -0.244 -0.302 -0.460
       21  0.96294   0.909  0.221  0.079  1.000  0.043 -0.919 -0.281
       22  0.45300   0.122  0.008 -0.244  0.043  1.000 -0.058 -0.103
       23  0.95255  -0.841 -0.191 -0.302 -0.919 -0.058  1.000  0.394
       24  0.65124  -0.111 -0.041 -0.460 -0.281 -0.103  0.394  1.000
MINUIT - FIT ONLY 2-y
 **********
 **   67 **RES 
 **********
                   PARAMETER   16  beta_vw RESTORED TO VARIABLE.
                   PARAMETER   14  alpha_vw RESTORED TO VARIABLE.
                   PARAMETER   13  beta_y RESTORED TO VARIABLE.
                   PARAMETER    9  alpha_2CBO RESTORED TO VARIABLE.
                   PARAMETER    8  beta_CBO RESTORED TO VARIABLE.
                   PARAMETER    6  alpha_CBO RESTORED TO VARIABLE.
                   PARAMETER    4  phi RESTORED TO VARIABLE.
                   PARAMETER    3  A0 RESTORED TO VARIABLE.
                   PARAMETER    1  N0 RESTORED TO VARIABLE.
 **********
 **   68 **FIX            0
 **********
 PARAMETER    0  IS UNDEFINED. IGNORED.
 **********
 **   69 **FIX            1
 **********
 **********
 **   70 **FIX            2
 **********
 PARAMETER    2  IS CONSTANT.   IGNORED.
 **********
 **   71 **FIX            3
 **********
 **********
 **   72 **FIX            4
 **********
 **********
 **   73 **FIX            5
 **********
 PARAMETER    5  IS CONSTANT.   IGNORED.
 **********
 **   74 **FIX            6
 **********
 **********
 **   75 **FIX            7
 **********
 PARAMETER    7  IS CONSTANT.   IGNORED.
 **********
 **   76 **FIX            8
 **********
 **********
 **   77 **FIX            9
 **********
 **********
 **   78 **FIX           10
 **********
 **********
 **   79 **FIX           11
 **********
 **********
 **   80 **FIX           12
 **********
 PARAMETER   12  IS CONSTANT.   IGNORED.
 **********
 **   81 **FIX           16
 **********
 **********
 **   82 **MIGRAD
 **********
 START MIGRAD MINIMIZATION.  STRATEGY  1.  CONVERGENCE WHEN EDM .LT. 1.00e-04
 FCN=41.1184 FROM MIGRAD    STATUS=INITIATE       16 CALLS        6500 TOTAL
                     EDM= unknown      STRATEGY= 1      NO ERROR MATRIX       
  EXT PARAMETER               CURRENT GUESS       STEP         FIRST   
  NO.   NAME      VALUE            ERROR          SIZE      DERIVATIVE 
   1  N0           3.52593e+06     fixed    
   2  tau          6.43775e+01   constant   
   3  A0           2.83938e-01     fixed    
   4  phi          4.06458e+00     fixed    
   5  R           -5.99595e+01   constant   
   6  alpha_CBO    2.06257e-02     fixed    
   7  w_CBO        2.32500e+00   constant   
   8  beta_CBO     6.61736e-02     fixed    
   9  alpha_2CBO   3.58148e-02     fixed    
  10  beta_2CBO   -3.16002e-03     fixed    
  11  alpha_y      1.54986e-03     fixed    
  12  w_y          1.44500e+01   constant   
  13  beta_y      -4.54309e-03   1.65807e-04   1.65807e-04  -2.32833e+04
  14  alpha_vw     0.00000e+00   1.00000e-03   1.00000e-03  -1.12879e+04
  15  w_vw         1.29000e+01   constant   
  16  beta_vw      0.00000e+00     fixed    
  17  LM          -9.22867e-04   constant   
  18  zeta_y       0.00000e+00   constant   
  19  zeta_vw      0.00000e+00   constant   
