 + ++++++++++++++++++++++++++++++++++++++++++++++++++++++++++++++++++++ +
 +                                                                      +
 +           You have chose to blind your fitting according to          +
 +                omega_ref * (1 + (R +/- deltaR) *10^{-6})             +
 +                                                                      +
 + ++++++++++++++++++++++++++++++++++++++++++++++++++++++++++++++++++++ +
In main()...
reading format from /gm2data/zkhechad/run45/envelope/formats/formatB_sBin_constraintOn.txt
pBinTau 	= 0  
pBinPhi 	= 0  
constraintau 	= 1 
includeMopTerm 	= 0    
constrainMop    = 0   
Parameters after format file: pBinTau 0 pBinPhi 0 constraintau 1 includeMopTerm 0 constrainMop 0 c_e_scale 0.000000 
Opening file /gm2data/tbarrett/gm2fr/studies/run23_bunch_corrections/CorrectedFourier_Run3b.root.
reading full fit data from /gm2data/zkhechad/cboTemplates/Run4CBOTemplates/templateFits0_v2.0/noRF/sBin_constraintOn_cE0.0_seed0_noRF_calo0.root
windowBins = 69
fitting sliding window 1768 from bin 1904 at 283.927600 to bin 1973 at 294.371600 (69 bins)

Reading data from /gm2data/cornell/histograms/aMethod/histogram_a_noRF.root
 **********
 **    1 **SET PRINTOUT            1
 **********
 **********
 **    2 **SET NOWARNINGS 
 **********
 PARAMETER DEFINITIONS:
    NO.   NAME         VALUE      STEP SIZE      LIMITS
     1 N0           7.53704e+07  1.00000e+02     no limits
     2 tau          6.43893e+01  constant
     3 A0           3.53537e-01  1.00000e-04     no limits
     4 phi          4.11945e+00  1.00000e-02     no limits
     5 R           -6.07681e+01  constant
     6 alpha_CBO    0.00000e+00  1.00000e-03     no limits
     7 w_CBO        2.32500e+00  constant
     8 beta_CBO     0.00000e+00  1.00000e-03     no limits
     9 alpha_2CBO   0.00000e+00  1.00000e-03     no limits
    10 beta_2CBO    0.00000e+00  1.00000e-03     no limits
    11 alpha_y      0.00000e+00  1.00000e-03     no limits
    12 w_y          1.44500e+01  constant
    13 beta_y       0.00000e+00  1.00000e-03     no limits
    14 alpha_vw     0.00000e+00  1.00000e-03     no limits
    15 w_vw         1.29000e+01  constant
    16 beta_vw      0.00000e+00  1.00000e-03     no limits
    17 LM          -5.35738e-04  constant
    18 zeta_y       0.00000e+00  constant
    19 zeta_vw      0.00000e+00  constant
    20 T_CBO        1.00000e+02  1.00000e+00    0.00000e+00  1.00000e+03
    21 alpha_A0     0.00000e+00  1.00000e-03     no limits
    22 beta_A0      0.00000e+00  1.00000e-03     no limits
    23 alpha_phi    0.00000e+00  1.00000e-03     no limits
    24 beta_phi     0.00000e+00  1.00000e-03     no limits
MINUIT - FIT ONLY WIGGLE
 **********
 **    3 **FIX            5
 **********
 PARAMETER    5  IS CONSTANT.   IGNORED.
 **********
 **    4 **FIX            6
 **********
 **********
 **    5 **FIX            7
 **********
 PARAMETER    7  IS CONSTANT.   IGNORED.
 **********
 **    6 **FIX            8
 **********
 **********
 **    7 **FIX            9
 **********
 **********
 **    8 **FIX           10
 **********
 **********
 **    9 **FIX           11
 **********
 **********
 **   10 **FIX           12
 **********
 PARAMETER   12  IS CONSTANT.   IGNORED.
 **********
 **   11 **FIX           13
 **********
 **********
 **   12 **FIX           14
 **********
 **********
 **   13 **FIX           15
 **********
 PARAMETER   15  IS CONSTANT.   IGNORED.
 **********
 **   14 **FIX           16
 **********
 **********
 **   15 **MIGRAD
 **********
 FIRST CALL TO USER FUNCTION AT NEW START POINT, WITH IFLAG=4.
 START MIGRAD MINIMIZATION.  STRATEGY  1.  CONVERGENCE WHEN EDM .LT. 1.00e-04
 FCN=78.1099 FROM MIGRAD    STATUS=INITIATE      435 CALLS         436 TOTAL
                     EDM= unknown      STRATEGY= 1      NO ERROR MATRIX       
  EXT PARAMETER               CURRENT GUESS       STEP         FIRST   
  NO.   NAME      VALUE            ERROR          SIZE      DERIVATIVE 
   1  N0           7.53704e+07   1.00000e+02   0.00000e+00  -1.64962e-04
   2  tau          6.43893e+01   constant   
   3  A0           3.53537e-01   1.00000e-04   0.00000e+00  -2.56285e+04
   4  phi          4.11945e+00   1.00000e-02   0.00000e+00   1.09119e+04
   5  R           -6.07681e+01   constant   
   6  alpha_CBO    0.00000e+00     fixed    
   7  w_CBO        2.32500e+00   constant   
   8  beta_CBO     0.00000e+00     fixed    
   9  alpha_2CBO   0.00000e+00     fixed    
  10  beta_2CBO    0.00000e+00     fixed    
  11  alpha_y      0.00000e+00     fixed    
  12  w_y          1.44500e+01   constant   
  13  beta_y       0.00000e+00     fixed    
  14  alpha_vw     0.00000e+00     fixed    
  15  w_vw         1.29000e+01   constant   
  16  beta_vw      0.00000e+00     fixed    
  17  LM          -5.35738e-04   constant   
  18  zeta_y       0.00000e+00   constant   
  19  zeta_vw      0.00000e+00   constant   
  20  T_CBO        1.00000e+02   1.00000e+00   0.00000e+00   0.00000e+00
  21  alpha_A0     0.00000e+00   1.00000e-03   0.00000e+00   7.05931e+01
  22  beta_A0      0.00000e+00   1.00000e-03   0.00000e+00  -3.13220e+02
  23  alpha_phi    0.00000e+00   1.00000e-03   0.00000e+00   6.05021e+01
  24  beta_phi     0.00000e+00   1.00000e-03   0.00000e+00  -3.61907e+02
 CALL LIMIT EXCEEDED IN MIGRAD.
 MIGRAD TERMINATED WITHOUT CONVERGENCE.
 FCN=69.1353 FROM MIGRAD    STATUS=CALL LIMIT   1328 CALLS        1329 TOTAL
                     EDM=0.000447369    STRATEGY= 1  ERROR MATRIX UNCERTAINTY   0.1 per cent
  EXT PARAMETER                APPROXIMATE        STEP         FIRST   
  NO.   NAME      VALUE            ERROR          SIZE      DERIVATIVE 
   1  N0           7.53744e+07   6.32420e+03   6.04765e-01   9.44549e-08
   2  tau          6.43893e+01   constant   
   3  A0           3.53678e-01   1.00086e-04   1.42009e-07  -5.62961e+01
   4  phi          4.11884e+00   3.20159e-04  -7.76102e-07  -1.72126e+01
   5  R           -6.07681e+01   constant   
   6  alpha_CBO    0.00000e+00     fixed    
   7  w_CBO        2.32500e+00   constant   
   8  beta_CBO     0.00000e+00     fixed    
   9  alpha_2CBO   0.00000e+00     fixed    
  10  beta_2CBO    0.00000e+00     fixed    
  11  alpha_y      0.00000e+00     fixed    
  12  w_y          1.44500e+01   constant   
  13  beta_y       0.00000e+00     fixed    
  14  alpha_vw     0.00000e+00     fixed    
  15  w_vw         1.29000e+01   constant   
  16  beta_vw      0.00000e+00     fixed    
  17  LM          -5.35738e-04   constant   
  18  zeta_y       0.00000e+00   constant   
  19  zeta_vw      0.00000e+00   constant   
  20  T_CBO        2.69552e+02   5.82517e+02   2.42005e-02  -1.40339e-01
  21  alpha_A0    -1.08278e-03   4.09776e-03   5.44241e-05   1.59270e+01
  22  beta_A0      1.69061e-03   6.16909e-03  -9.25170e-05  -2.04956e+01
  23  alpha_phi    9.54542e-06   1.46069e-03   5.83178e-06  -1.76153e+00
  24  beta_phi     1.44385e-03   5.52885e-03  -5.70497e-05  -1.17147e+01
 EXTERNAL ERROR MATRIX.    NDIM=  25    NPAR=  8    ERR DEF=1
  4.000e+07  1.288e-01  1.138e-01 -1.466e+04 -1.540e+00 -1.884e+00 -1.530e+00  1.191e+00 
  1.288e-01  1.002e-08 -1.945e-09  4.769e-03  1.351e-08 -5.116e-08 -6.469e-09 -5.206e-08 
  1.138e-01 -1.945e-09  1.025e-07 -2.419e-03  7.045e-08 -2.529e-08 -2.707e-08  2.967e-08 
 -1.466e+04  4.769e-03 -2.419e-03  6.031e+05  2.944e+00 -4.705e+00 -2.100e-02 -4.128e+00 
 -1.540e+00  1.351e-08  7.045e-08  2.944e+00  1.679e-05 -2.193e-05  2.777e-07 -1.955e-05 
 -1.884e+00 -5.116e-08 -2.529e-08 -4.705e+00 -2.193e-05  3.806e-05  5.817e-07  3.186e-05 
 -1.530e+00 -6.469e-09 -2.707e-08 -2.100e-02  2.777e-07  5.817e-07  2.134e-06 -5.095e-08 
  1.191e+00 -5.206e-08  2.967e-08 -4.128e+00 -1.955e-05  3.186e-05 -5.095e-08  3.057e-05 
ERR MATRIX APPROXIMATE
 PARAMETER  CORRELATION COEFFICIENTS  
       NO.  GLOBAL      1      3      4     20     21     22     23     24
        1  0.35243   1.000  0.204  0.056 -0.003 -0.059 -0.048 -0.166  0.034
        3  0.31510   0.204  1.000 -0.061  0.061  0.033 -0.083 -0.044 -0.094
        4  0.36360   0.056 -0.061  1.000 -0.010  0.054 -0.013 -0.058  0.017
       20  0.99706  -0.003  0.061 -0.010  1.000  0.925 -0.982 -0.019 -0.961
       21  0.96616  -0.059  0.033  0.054  0.925  1.000 -0.867  0.046 -0.863
       22  0.99175  -0.048 -0.083 -0.013 -0.982 -0.867  1.000  0.065  0.934
       23  0.27880  -0.166 -0.044 -0.058 -0.019  0.046  0.065  1.000 -0.006
       24  0.97316   0.034 -0.094  0.017 -0.961 -0.863  0.934 -0.006  1.000
 ERR MATRIX APPROXIMATE
MINUIT - FIT ONLY 1-CBO + wiggle
 **********
 **   16 **RES 
 **********
                   PARAMETER   16  beta_vw RESTORED TO VARIABLE.
                   PARAMETER   14  alpha_vw RESTORED TO VARIABLE.
                   PARAMETER   13  beta_y RESTORED TO VARIABLE.
                   PARAMETER   11  alpha_y RESTORED TO VARIABLE.
                   PARAMETER   10  beta_2CBO RESTORED TO VARIABLE.
                   PARAMETER    9  alpha_2CBO RESTORED TO VARIABLE.
                   PARAMETER    8  beta_CBO RESTORED TO VARIABLE.
                   PARAMETER    6  alpha_CBO RESTORED TO VARIABLE.
 **********
 **   17 **FIX            8
 **********
 **********
 **   18 **FIX            9
 **********
 **********
 **   19 **FIX           11
 **********
 **********
 **   20 **FIX           12
 **********
 PARAMETER   12  IS CONSTANT.   IGNORED.
 **********
 **   21 **FIX           14
 **********
 **********
 **   22 **FIX           15
 **********
 PARAMETER   15  IS CONSTANT.   IGNORED.
 **********
 **   23 **FIX           16
 **********
 **********
 **   24 **MIGRAD
 **********
 START MIGRAD MINIMIZATION.  STRATEGY  1.  CONVERGENCE WHEN EDM .LT. 1.00e-04
 FCN=69.1353 FROM MIGRAD    STATUS=INITIATE       28 CALLS        1357 TOTAL
                     EDM= unknown      STRATEGY= 1      NO ERROR MATRIX       
  EXT PARAMETER               CURRENT GUESS       STEP         FIRST   
  NO.   NAME      VALUE            ERROR          SIZE      DERIVATIVE 
   1  N0           7.53744e+07   6.32420e+03   6.04765e-01   9.44549e-08
   2  tau          6.43893e+01   constant   
   3  A0           3.53678e-01   1.00086e-04   1.42009e-07  -5.62961e+01
   4  phi          4.11884e+00   3.20159e-04  -7.76102e-07  -1.72126e+01
   5  R           -6.07681e+01   constant   
   6  alpha_CBO    0.00000e+00   1.00000e-03   1.00000e-03  -5.87100e+04
   7  w_CBO        2.32500e+00   constant   
   8  beta_CBO     0.00000e+00     fixed    
   9  alpha_2CBO   0.00000e+00     fixed    
  10  beta_2CBO    0.00000e+00   1.00000e-03   1.00000e-03  -2.97589e+04
  11  alpha_y      0.00000e+00     fixed    
  12  w_y          1.44500e+01   constant   
  13  beta_y       0.00000e+00   1.00000e-03   1.00000e-03  -3.85325e+04
  14  alpha_vw     0.00000e+00     fixed    
  15  w_vw         1.29000e+01   constant   
  16  beta_vw      0.00000e+00     fixed    
  17  LM          -5.35738e-04   constant   
  18  zeta_y       0.00000e+00   constant   
  19  zeta_vw      0.00000e+00   constant   
  20  T_CBO        2.69552e+02   5.82517e+02   2.42005e-02  -1.40341e-01
  21  alpha_A0    -1.08278e-03   4.09776e-03   5.44241e-05   1.59270e+01
  22  beta_A0      1.69061e-03   6.16909e-03  -9.25170e-05  -2.04956e+01
  23  alpha_phi    9.54542e-06   1.46069e-03   5.83178e-06  -1.76153e+00
  24  beta_phi     1.44385e-03   5.52885e-03  -5.70497e-05  -1.17147e+01
 MIGRAD MINIMIZATION HAS CONVERGED.
 FCN=48.8634 FROM MIGRAD    STATUS=CONVERGED     169 CALLS        1498 TOTAL
                     EDM=2.56544e-06    STRATEGY= 1  ERROR MATRIX UNCERTAINTY   3.3 per cent
  EXT PARAMETER                                   STEP         FIRST   
  NO.   NAME      VALUE            ERROR          SIZE      DERIVATIVE 
   1  N0           7.53736e+07   6.34207e+03  -2.74357e+01  -5.94082e-09
   2  tau          6.43893e+01   constant   
   3  A0           3.53641e-01   9.74886e-05  -7.37806e-08   3.81624e+00
   4  phi          4.11867e+00   3.23754e-04  -2.48900e-07  -1.11085e+00
   5  R           -6.07681e+01   constant   
   6  alpha_CBO    4.23443e-04   1.19212e-04  -2.32839e-07  -2.14342e+00
   7  w_CBO        2.32500e+00   constant   
   8  beta_CBO     0.00000e+00     fixed    
   9  alpha_2CBO   0.00000e+00     fixed    
  10  beta_2CBO    2.04212e-04   1.14165e-04  -1.38730e-07  -2.63953e+00
  11  alpha_y      0.00000e+00     fixed    
  12  w_y          1.44500e+01   constant   
  13  beta_y       2.49408e-04   1.14754e-04   4.36050e-07   4.46388e+00
  14  alpha_vw     0.00000e+00     fixed    
  15  w_vw         1.29000e+01   constant   
  16  beta_vw      0.00000e+00     fixed    
  17  LM          -5.35738e-04   constant   
  18  zeta_y       0.00000e+00   constant   
  19  zeta_vw      0.00000e+00   constant   
  20  T_CBO        2.70329e+02   1.08056e+02   2.41343e-04  -6.15680e-03
  21  alpha_A0    -1.34019e-03   1.30566e-03  -5.12560e-07  -1.28804e+00
  22  beta_A0      1.49442e-03   1.24935e-03  -2.69362e-06   4.89660e-01
  23  alpha_phi    1.13266e-03   1.15813e-03   1.77233e-06   6.99191e-01
  24  beta_phi     1.42354e-03   1.14470e-03  -1.98581e-06   1.03745e+00
 EXTERNAL ERROR MATRIX.    NDIM=  25    NPAR= 11    ERR DEF=1
  4.022e+07 
  7.345e-02  9.504e-09 
  2.630e-01  1.872e-10  1.048e-07 
  1.408e-02 -9.636e-10 -4.393e-09  1.421e-08 
 -5.878e-02 -2.479e-10 -2.582e-09  3.674e-10  1.303e-08 
 -2.163e-02 -2.084e-10  2.348e-10 -6.852e-11 -6.113e-11  1.317e-08 
 -9.338e+04 -4.564e-04 -3.958e-03 -4.178e-04 -2.233e-04  9.866e-04  1.191e+04 
 -5.365e-01  6.241e-09  3.400e-08 -9.331e-09 -1.069e-08  8.809e-09  1.187e-02  1.705e-06 
 -8.468e-01  3.683e-09 -2.280e-08  4.752e-10 -2.616e-09 -7.871e-09 -2.375e-02 -1.213e-07  1.561e-06 
 -7.673e-01  3.370e-09 -1.685e-08  3.182e-08  1.338e-08 -2.026e-09 -3.876e-03 -7.780e-08 -2.525e-08  1.341e-06 
  1.342e+00  1.697e-09  9.679e-09  4.224e-09 -2.794e-10 -6.486e-09 -3.311e-02  9.233e-08 -6.784e-08 -6.242e-08  1.310e-06 
 PARAMETER  CORRELATION COEFFICIENTS  
       NO.  GLOBAL      1      3      4      6     10     13     20     21     22     23     24
        1  0.32831   1.000  0.119  0.128  0.019 -0.081 -0.030 -0.135 -0.065 -0.107 -0.104  0.185
        3  0.18064   0.119  1.000  0.006 -0.083 -0.022 -0.019 -0.043  0.049  0.030  0.030  0.015
        4  0.23612   0.128  0.006  1.000 -0.114 -0.070  0.006 -0.112  0.080 -0.056 -0.045  0.026
        6  0.28132   0.019 -0.083 -0.114  1.000  0.027 -0.005 -0.032 -0.060  0.003  0.231  0.031
       10  0.15946  -0.081 -0.022 -0.070  0.027  1.000 -0.005 -0.018 -0.072 -0.018  0.101 -0.002
       13  0.11269  -0.030 -0.019  0.006 -0.005 -0.005  1.000  0.079  0.059 -0.055 -0.015 -0.049
       20  0.37672  -0.135 -0.043 -0.112 -0.032 -0.018  0.079  1.000  0.083 -0.174 -0.031 -0.265
       21  0.21613  -0.065  0.049  0.080 -0.060 -0.072  0.059  0.083  1.000 -0.074 -0.051  0.062
       22  0.25979  -0.107  0.030 -0.056  0.003 -0.018 -0.055 -0.174 -0.074  1.000 -0.017 -0.047
       23  0.28815  -0.104  0.030 -0.045  0.231  0.101 -0.015 -0.031 -0.051 -0.017  1.000 -0.047
       24  0.33354   0.185  0.015  0.026  0.031 -0.002 -0.049 -0.265  0.062 -0.047 -0.047  1.000
MINUIT - FIT ONLY 2-CBO
 **********
 **   25 **RES 
 **********
                   PARAMETER   16  beta_vw RESTORED TO VARIABLE.
                   PARAMETER   14  alpha_vw RESTORED TO VARIABLE.
                   PARAMETER   11  alpha_y RESTORED TO VARIABLE.
                   PARAMETER    9  alpha_2CBO RESTORED TO VARIABLE.
                   PARAMETER    8  beta_CBO RESTORED TO VARIABLE.
 **********
 **   26 **FIX            0
 **********
 PARAMETER    0  IS UNDEFINED. IGNORED.
 **********
 **   27 **FIX            1
 **********
 **********
 **   28 **FIX            2
 **********
 PARAMETER    2  IS CONSTANT.   IGNORED.
 **********
 **   29 **FIX            3
 **********
 **********
 **   30 **FIX            4
 **********
 **********
 **   31 **FIX            5
 **********
 PARAMETER    5  IS CONSTANT.   IGNORED.
 **********
 **   32 **FIX            6
 **********
 **********
 **   33 **FIX            7
 **********
 PARAMETER    7  IS CONSTANT.   IGNORED.
 **********
 **   34 **FIX           10
 **********
 **********
 **   35 **FIX           11
 **********
 **********
 **   36 **FIX           12
 **********
 PARAMETER   12  IS CONSTANT.   IGNORED.
 **********
 **   37 **FIX           13
 **********
 **********
 **   38 **FIX           14
 **********
 **********
 **   39 **FIX           15
 **********
 PARAMETER   15  IS CONSTANT.   IGNORED.
 **********
 **   40 **FIX           16
 **********
 **********
 **   41 **MIGRAD
 **********
 START MIGRAD MINIMIZATION.  STRATEGY  1.  CONVERGENCE WHEN EDM .LT. 1.00e-04
 FCN=48.8634 FROM MIGRAD    STATUS=INITIATE       18 CALLS        1516 TOTAL
                     EDM= unknown      STRATEGY= 1      NO ERROR MATRIX       
  EXT PARAMETER               CURRENT GUESS       STEP         FIRST   
  NO.   NAME      VALUE            ERROR          SIZE      DERIVATIVE 
   1  N0           7.53736e+07     fixed    
   2  tau          6.43893e+01   constant   
   3  A0           3.53641e-01     fixed    
   4  phi          4.11867e+00     fixed    
   5  R           -6.07681e+01   constant   
   6  alpha_CBO    4.23443e-04     fixed    
   7  w_CBO        2.32500e+00   constant   
   8  beta_CBO     0.00000e+00   1.00000e-03   1.00000e-03   4.53040e+04
   9  alpha_2CBO   0.00000e+00   1.00000e-03   1.00000e-03   1.43289e+04
  10  beta_2CBO    2.04212e-04     fixed    
  11  alpha_y      0.00000e+00     fixed    
  12  w_y          1.44500e+01   constant   
  13  beta_y       2.49408e-04     fixed    
  14  alpha_vw     0.00000e+00     fixed    
  15  w_vw         1.29000e+01   constant   
  16  beta_vw      0.00000e+00     fixed    
  17  LM          -5.35738e-04   constant   
  18  zeta_y       0.00000e+00   constant   
  19  zeta_vw      0.00000e+00   constant   
  20  T_CBO        2.70329e+02   1.08056e+02   2.41343e-04  -6.15690e-03
  21  alpha_A0    -1.34019e-03   1.30566e-03  -5.12560e-07  -1.28804e+00
  22  beta_A0      1.49442e-03   1.24935e-03  -2.69362e-06   4.89635e-01
  23  alpha_phi    1.13266e-03   1.15813e-03   1.77233e-06   6.99190e-01
  24  beta_phi     1.42354e-03   1.14470e-03  -1.98581e-06   1.03745e+00
 MIGRAD MINIMIZATION HAS CONVERGED.
 MIGRAD WILL VERIFY CONVERGENCE AND ERROR MATRIX.
 FCN=41.3038 FROM HESSE     STATUS=NOT POSDEF     50 CALLS        1645 TOTAL
                     EDM=0.00250791    STRATEGY= 1      ERR MATRIX NOT POS-DEF
  EXT PARAMETER                APPROXIMATE        STEP         FIRST   
  NO.   NAME      VALUE            ERROR          SIZE      DERIVATIVE 
   1  N0           7.53736e+07     fixed    
   2  tau          6.43893e+01   constant   
   3  A0           3.53641e-01     fixed    
   4  phi          4.11867e+00     fixed    
   5  R           -6.07681e+01   constant   
   6  alpha_CBO    4.23443e-04     fixed    
   7  w_CBO        2.32500e+00   constant   
   8  beta_CBO    -3.04733e-04   1.16136e-04   3.58006e-07  -5.77502e+00
   9  alpha_2CBO  -9.18243e-05   1.17634e-04   3.65546e-07   7.33092e+00
  10  beta_2CBO    2.04212e-04     fixed    
  11  alpha_y      0.00000e+00     fixed    
  12  w_y          1.44500e+01   constant   
  13  beta_y       2.49408e-04     fixed    
  14  alpha_vw     0.00000e+00     fixed    
  15  w_vw         1.29000e+01   constant   
  16  beta_vw      0.00000e+00     fixed    
  17  LM          -5.35738e-04   constant   
  18  zeta_y       0.00000e+00   constant   
  19  zeta_vw      0.00000e+00   constant   
  20  T_CBO        2.35065e+02   8.61657e+02   9.37952e-04  -1.42559e-02
  21  alpha_A0    -1.33782e-03   1.34775e-02   4.90708e-06  -1.14524e+00
  22  beta_A0      1.17009e-03   1.19578e-02   4.72401e-06   3.54633e-02
  23  alpha_phi    1.31236e-03   1.33402e-02   4.39239e-06   9.92921e-01
  24  beta_phi     9.40063e-04   9.62892e-03   4.19515e-06   6.45493e-01
 MIGRAD MINIMIZATION HAS CONVERGED.
 MIGRAD WILL VERIFY CONVERGENCE AND ERROR MATRIX.
 COVARIANCE MATRIX CALCULATED SUCCESSFULLY
 FCN=41.2948 FROM MIGRAD    STATUS=CONVERGED     777 CALLS        2275 TOTAL
                     EDM=1.25608e-05    STRATEGY= 1      ERROR MATRIX ACCURATE 
  EXT PARAMETER                                   STEP         FIRST   
  NO.   NAME      VALUE            ERROR          SIZE      DERIVATIVE 
   1  N0           7.53736e+07     fixed    
   2  tau          6.43893e+01   constant   
   3  A0           3.53641e-01     fixed    
   4  phi          4.11867e+00     fixed    
   5  R           -6.07681e+01   constant   
   6  alpha_CBO    4.23443e-04     fixed    
   7  w_CBO        2.32500e+00   constant   
   8  beta_CBO    -3.04849e-04   1.16447e-04   3.57968e-07   3.89207e+00
   9  alpha_2CBO  -9.16358e-05   1.17919e-04   3.65507e-07   1.14570e+00
  10  beta_2CBO    2.04212e-04     fixed    
  11  alpha_y      0.00000e+00     fixed    
  12  w_y          1.44500e+01   constant   
  13  beta_y       2.49408e-04     fixed    
  14  alpha_vw     0.00000e+00     fixed    
  15  w_vw         1.29000e+01   constant   
  16  beta_vw      0.00000e+00     fixed    
  17  LM          -5.35738e-04   constant   
  18  zeta_y       0.00000e+00   constant   
  19  zeta_vw      0.00000e+00   constant   
  20  T_CBO        9.98848e+02   9.99382e+02   7.42776e-02  -1.36606e-04
  21  alpha_A0    -5.24205e-04   6.18392e-04   1.92142e-06   1.47641e+00
  22  beta_A0      4.55875e-04   5.95249e-04   1.84366e-06  -1.96460e+00
  23  alpha_phi    5.12548e-04   5.52497e-04   1.71639e-06  -1.15118e+00
  24  beta_phi     3.66193e-04   5.36836e-04   1.64495e-06  -6.33006e+00
 EXTERNAL ERROR MATRIX.    NDIM=  25    NPAR=  7    ERR DEF=1
  1.356e-08 -3.416e-10 -2.421e-05 -2.117e-09  6.879e-09  2.434e-09  1.443e-08 
 -3.416e-10  1.390e-08  3.396e-05 -6.152e-09  9.964e-09 -6.815e-09 -5.646e-09 
 -2.421e-05  3.396e-05  9.168e+05  6.249e-02 -5.509e-02 -6.175e-02 -4.417e-02 
 -2.117e-09 -6.152e-09  6.249e-02  3.824e-07 -4.363e-08 -4.544e-08  2.238e-09 
  6.879e-09  9.964e-09 -5.509e-02 -4.363e-08  3.543e-07  1.255e-08  1.727e-08 
  2.434e-09 -6.815e-09 -6.175e-02 -4.544e-08  1.255e-08  3.053e-07  2.032e-08 
  1.443e-08 -5.646e-09 -4.417e-02  2.238e-09  1.727e-08  2.032e-08  2.882e-07 
 PARAMETER  CORRELATION COEFFICIENTS  
       NO.  GLOBAL      8      9     20     21     22     23     24
        8  0.25071   1.000 -0.025 -0.000 -0.029  0.099  0.038  0.231
        9  0.21728  -0.025  1.000  0.000 -0.084  0.142 -0.105 -0.089
       20  0.18807  -0.000  0.000  1.000  0.106 -0.097 -0.117 -0.086
       21  0.21186  -0.029 -0.084  0.106  1.000 -0.119 -0.133  0.007
       22  0.22569   0.099  0.142 -0.097 -0.119  1.000  0.038  0.054
       23  0.21266   0.038 -0.105 -0.117 -0.133  0.038  1.000  0.068
       24  0.26670   0.231 -0.089 -0.086  0.007  0.054  0.068  1.000
MINUIT - FIT wiggle + 1-CBO + 2-CBO
 **********
 **   42 **RES 
 **********
                   PARAMETER   16  beta_vw RESTORED TO VARIABLE.
                   PARAMETER   14  alpha_vw RESTORED TO VARIABLE.
                   PARAMETER   13  beta_y RESTORED TO VARIABLE.
                   PARAMETER   11  alpha_y RESTORED TO VARIABLE.
                   PARAMETER   10  beta_2CBO RESTORED TO VARIABLE.
                   PARAMETER    6  alpha_CBO RESTORED TO VARIABLE.
                   PARAMETER    4  phi RESTORED TO VARIABLE.
                   PARAMETER    3  A0 RESTORED TO VARIABLE.
                   PARAMETER    1  N0 RESTORED TO VARIABLE.
 **********
 **   43 **FIX           10
 **********
 **********
 **   44 **FIX           11
 **********
 **********
 **   45 **FIX           12
 **********
 PARAMETER   12  IS CONSTANT.   IGNORED.
 **********
 **   46 **FIX           13
 **********
 **********
 **   47 **FIX           14
 **********
 **********
 **   48 **FIX           15
 **********
 PARAMETER   15  IS CONSTANT.   IGNORED.
 **********
 **   49 **FIX           16
 **********
 **********
 **   50 **MIGRAD
 **********
 START MIGRAD MINIMIZATION.  STRATEGY  1.  CONVERGENCE WHEN EDM .LT. 1.00e-04
 FCN=41.2948 FROM MIGRAD    STATUS=INITIATE       22 CALLS        2297 TOTAL
                     EDM= unknown      STRATEGY= 1      NO ERROR MATRIX       
  EXT PARAMETER               CURRENT GUESS       STEP         FIRST   
  NO.   NAME      VALUE            ERROR          SIZE      DERIVATIVE 
   1  N0           7.53736e+07   6.34207e+03   6.34207e+03   1.88226e-05
   2  tau          6.43893e+01   constant   
   3  A0           3.53641e-01   9.74886e-05   9.74886e-05   5.45888e+03
   4  phi          4.11867e+00   3.23754e-04   3.23754e-04  -3.82134e+03
   5  R           -6.07681e+01   constant   
   6  alpha_CBO    4.23443e-04   1.19212e-04   1.19212e-04  -6.49261e+01
   7  w_CBO        2.32500e+00   constant   
   8  beta_CBO    -3.04849e-04   1.16447e-04   3.57968e-07   3.89209e+00
   9  alpha_2CBO  -9.16358e-05   1.17919e-04   3.65507e-07   1.14568e+00
  10  beta_2CBO    2.04212e-04     fixed    
  11  alpha_y      0.00000e+00     fixed    
  12  w_y          1.44500e+01   constant   
  13  beta_y       2.49408e-04     fixed    
  14  alpha_vw     0.00000e+00     fixed    
  15  w_vw         1.29000e+01   constant   
  16  beta_vw      0.00000e+00     fixed    
  17  LM          -5.35738e-04   constant   
  18  zeta_y       0.00000e+00   constant   
  19  zeta_vw      0.00000e+00   constant   
  20  T_CBO        9.98848e+02   9.99382e+02   7.42776e-02  -1.39517e-04
  21  alpha_A0    -5.24205e-04   6.18392e-04   1.92142e-06   1.47637e+00
  22  beta_A0      4.55875e-04   5.95249e-04   1.84366e-06  -1.96457e+00
  23  alpha_phi    5.12548e-04   5.52497e-04   1.71639e-06  -1.15118e+00
  24  beta_phi     3.66193e-04   5.36836e-04   1.64495e-06  -6.33006e+00
 MIGRAD MINIMIZATION HAS CONVERGED.
 FCN=40.7921 FROM MIGRAD    STATUS=CONVERGED     402 CALLS        2677 TOTAL
                     EDM=3.93999e-07    STRATEGY= 1  ERROR MATRIX UNCERTAINTY  12.3 per cent
  EXT PARAMETER                                   STEP         FIRST   
  NO.   NAME      VALUE            ERROR          SIZE      DERIVATIVE 
   1  N0           7.53731e+07   6.53595e+03  -2.37079e+01  -1.18414e-07
   2  tau          6.43893e+01   constant   
   3  A0           3.53607e-01   1.03451e-04  -8.95549e-08   9.75650e-01
   4  phi          4.11888e+00   3.31472e-04  -1.36060e-07  -2.37569e-01
   5  R           -6.07681e+01   constant   
   6  alpha_CBO    4.19837e-04   1.20867e-04   4.29360e-08  -1.88183e+00
   7  w_CBO        2.32500e+00   constant   
   8  beta_CBO    -3.26500e-04   1.20467e-04  -2.85434e-08   1.66157e+00
   9  alpha_2CBO  -9.34283e-05   1.18313e-04   2.77193e-08  -1.13798e+00
  10  beta_2CBO    2.04212e-04     fixed    
  11  alpha_y      0.00000e+00     fixed    
  12  w_y          1.44500e+01   constant   
  13  beta_y       2.49408e-04     fixed    
  14  alpha_vw     0.00000e+00     fixed    
  15  w_vw         1.29000e+01   constant   
  16  beta_vw      0.00000e+00     fixed    
  17  LM          -5.35738e-04   constant   
  18  zeta_y       0.00000e+00   constant   
  19  zeta_vw      0.00000e+00   constant   
  20  T_CBO        9.75034e+02   6.95245e+02   3.92123e-03  -3.00897e-04
  21  alpha_A0    -4.36677e-04   6.45389e-04  -4.18190e-07   1.34923e+00
  22  beta_A0      4.22612e-04   6.10236e-04   7.51175e-07  -8.42376e-01
  23  alpha_phi    4.84339e-04   5.67250e-04   3.70619e-07  -3.00200e-01
  24  beta_phi     3.52131e-04   5.45420e-04  -4.85245e-07   5.40161e-01
 EXTERNAL ERROR MATRIX.    NDIM=  25    NPAR= 11    ERR DEF=1
  4.272e+07 
  1.383e-01  1.070e-08 
  1.514e-01 -1.651e-09  1.099e-07 
 -1.543e-02 -1.644e-09 -4.592e-09  1.461e-08 
  1.512e-02  1.668e-09 -8.875e-09  1.748e-11  1.451e-08 
  2.114e-02 -3.853e-10 -1.419e-09  4.311e-10 -3.032e-10  1.400e-08 
 -1.102e+06 -3.569e-03 -3.908e-03  3.983e-04 -3.899e-04 -5.455e-04  2.858e+04 
 -5.405e-01 -5.506e-09  3.885e-08  1.907e-09 -5.745e-09 -7.377e-09  1.396e-02  4.165e-07 
 -5.840e-01 -7.913e-10 -2.450e-08 -9.789e-11  8.432e-09  1.034e-08  1.505e-02 -4.754e-08  3.724e-07 
 -3.092e-01  1.214e-09 -1.793e-08  1.270e-08  3.806e-09 -6.489e-09  7.962e-03 -4.445e-08  1.712e-08  3.218e-07 
  4.715e-01  1.590e-10 -7.251e-09  1.803e-09  1.532e-08 -5.403e-09 -1.218e-02 -3.776e-10  8.197e-09  1.576e-08  2.975e-07 
 PARAMETER  CORRELATION COEFFICIENTS  
       NO.  GLOBAL      1      3      4      6      8      9     20     21     22     23     24
        1  0.99766   1.000  0.205  0.070 -0.020  0.019  0.027 -0.998 -0.128 -0.146 -0.083  0.132
        3  0.29177   0.205  1.000 -0.048 -0.131  0.134 -0.031 -0.204 -0.082 -0.013  0.021  0.003
        4  0.32664   0.070 -0.048  1.000 -0.115 -0.222 -0.036 -0.070  0.182 -0.121 -0.095 -0.040
        6  0.26607  -0.020 -0.131 -0.115  1.000  0.001  0.030  0.019  0.024 -0.001  0.185  0.027
        8  0.35147   0.019  0.134 -0.222  0.001  1.000 -0.021 -0.019 -0.074  0.115  0.056  0.233
        9  0.23047   0.027 -0.031 -0.036  0.030 -0.021  1.000 -0.027 -0.097  0.143 -0.097 -0.084
       20  0.99766  -0.998 -0.204 -0.070  0.019 -0.019 -0.027  1.000  0.128  0.146  0.083 -0.132
       21  0.30552  -0.128 -0.082  0.182  0.024 -0.074 -0.097  0.128  1.000 -0.121 -0.121 -0.001
       22  0.27833  -0.146 -0.013 -0.121 -0.001  0.115  0.143  0.146 -0.121  1.000  0.049  0.025
       23  0.28321  -0.083  0.021 -0.095  0.185  0.056 -0.097  0.083 -0.121  0.049  1.000  0.051
       24  0.29131   0.132  0.003 -0.040  0.027  0.233 -0.084 -0.132 -0.001  0.025  0.051  1.000
MINUIT - FIT ONLY 1-y
 **********
 **   51 **RES 
 **********
                   PARAMETER   16  beta_vw RESTORED TO VARIABLE.
                   PARAMETER   14  alpha_vw RESTORED TO VARIABLE.
                   PARAMETER   13  beta_y RESTORED TO VARIABLE.
                   PARAMETER   11  alpha_y RESTORED TO VARIABLE.
                   PARAMETER   10  beta_2CBO RESTORED TO VARIABLE.
 **********
 **   52 **FIX            0
 **********
 PARAMETER    0  IS UNDEFINED. IGNORED.
 **********
 **   53 **FIX            1
 **********
 **********
 **   54 **FIX            2
 **********
 PARAMETER    2  IS CONSTANT.   IGNORED.
 **********
 **   55 **FIX            3
 **********
 **********
 **   56 **FIX            4
 **********
 **********
 **   57 **FIX            5
 **********
 PARAMETER    5  IS CONSTANT.   IGNORED.
 **********
 **   58 **FIX            6
 **********
 **********
 **   59 **FIX            7
 **********
 PARAMETER    7  IS CONSTANT.   IGNORED.
 **********
 **   60 **FIX            8
 **********
 **********
 **   61 **FIX            9
 **********
 **********
 **   62 **FIX           13
 **********
 **********
 **   63 **FIX           14
 **********
 **********
 **   64 **FIX           15
 **********
 PARAMETER   15  IS CONSTANT.   IGNORED.
 **********
 **   65 **FIX           16
 **********
 **********
 **   66 **MIGRAD
 **********
 START MIGRAD MINIMIZATION.  STRATEGY  1.  CONVERGENCE WHEN EDM .LT. 1.00e-04
 FCN=40.7921 FROM MIGRAD    STATUS=INITIATE       16 CALLS        2693 TOTAL
                     EDM= unknown      STRATEGY= 1      NO ERROR MATRIX       
  EXT PARAMETER               CURRENT GUESS       STEP         FIRST   
  NO.   NAME      VALUE            ERROR          SIZE      DERIVATIVE 
   1  N0           7.53731e+07     fixed    
   2  tau          6.43893e+01   constant   
   3  A0           3.53607e-01     fixed    
   4  phi          4.11888e+00     fixed    
   5  R           -6.07681e+01   constant   
   6  alpha_CBO    4.19837e-04     fixed    
   7  w_CBO        2.32500e+00   constant   
   8  beta_CBO    -3.26500e-04     fixed    
   9  alpha_2CBO  -9.34283e-05     fixed    
  10  beta_2CBO    2.04212e-04   1.14165e-04   1.14165e-04  -2.21177e+01
  11  alpha_y      0.00000e+00   1.00000e-03   1.00000e-03   9.60152e+03
  12  w_y          1.44500e+01   constant   
  13  beta_y       2.49408e-04     fixed    
  14  alpha_vw     0.00000e+00     fixed    
  15  w_vw         1.29000e+01   constant   
  16  beta_vw      0.00000e+00     fixed    
  17  LM          -5.35738e-04   constant   
  18  zeta_y       0.00000e+00   constant   
  19  zeta_vw      0.00000e+00   constant   
  20  T_CBO        9.75034e+02   6.95245e+02   3.92123e-03  -3.02514e-04
  21  alpha_A0    -4.36677e-04   6.45389e-04  -4.18190e-07   1.34923e+00
  22  beta_A0      4.22612e-04   6.10236e-04   7.51175e-07  -8.42314e-01
  23  alpha_phi    4.84339e-04   5.67250e-04   3.70619e-07  -3.00199e-01
  24  beta_phi     3.52131e-04   5.45420e-04  -4.85245e-07   5.40162e-01
 MIGRAD MINIMIZATION HAS CONVERGED.
 MIGRAD WILL VERIFY CONVERGENCE AND ERROR MATRIX.
 COVARIANCE MATRIX CALCULATED SUCCESSFULLY
 FCN=40.4926 FROM MIGRAD    STATUS=CONVERGED     119 CALLS        2796 TOTAL
                     EDM=4.00772e-05    STRATEGY= 1      ERROR MATRIX ACCURATE 
  EXT PARAMETER                                   STEP         FIRST   
  NO.   NAME      VALUE            ERROR          SIZE      DERIVATIVE 
   1  N0           7.53731e+07     fixed    
   2  tau          6.43893e+01   constant   
   3  A0           3.53607e-01     fixed    
   4  phi          4.11888e+00     fixed    
   5  R           -6.07681e+01   constant   
   6  alpha_CBO    4.19837e-04     fixed    
   7  w_CBO        2.32500e+00   constant   
   8  beta_CBO    -3.26500e-04     fixed    
   9  alpha_2CBO  -9.34283e-05     fixed    
  10  beta_2CBO    2.05121e-04   1.16508e-04   3.58488e-07   2.10971e+00
  11  alpha_y     -6.23764e-05   1.13988e-04   3.58401e-07  -1.55434e-01
  12  w_y          1.44500e+01   constant   
  13  beta_y       2.49408e-04     fixed    
  14  alpha_vw     0.00000e+00     fixed    
  15  w_vw         1.29000e+01   constant   
  16  beta_vw      0.00000e+00     fixed    
  17  LM          -5.35738e-04   constant   
  18  zeta_y       0.00000e+00   constant   
  19  zeta_vw      0.00000e+00   constant   
  20  T_CBO        9.72685e+02   8.99917e+02   3.96747e-02  -4.83556e-05
  21  alpha_A0    -4.31604e-04   1.00824e-03   1.91875e-06  -1.02265e+00
  22  beta_A0      4.19120e-04   9.80614e-04   1.84105e-06   2.99222e+00
  23  alpha_phi    4.83931e-04   1.05820e-03   1.71399e-06   2.29559e+00
  24  beta_phi     3.52834e-04   8.40639e-04   1.64266e-06   2.12466e+00
 EXTERNAL ERROR MATRIX.    NDIM=  25    NPAR=  7    ERR DEF=1
  1.357e-08 -1.531e-10  1.319e-04 -1.065e-08 -4.762e-09  7.158e-09 -4.997e-09 
 -1.531e-10  1.299e-08  3.200e-04 -1.229e-09  8.917e-10  2.320e-10 -8.851e-11 
  1.319e-04  3.200e-04  4.177e+07  5.118e+00 -5.066e+00 -5.831e+00 -4.247e+00 
 -1.065e-08 -1.229e-09  5.118e+00  1.017e-06 -6.518e-07 -7.646e-07 -5.112e-07 
 -4.762e-09  8.917e-10 -5.066e+00 -6.518e-07  9.616e-07  7.174e-07  5.281e-07 
  7.158e-09  2.320e-10 -5.831e+00 -7.646e-07  7.174e-07  1.120e-06  6.026e-07 
 -4.997e-09 -8.851e-11 -4.247e+00 -5.112e-07  5.281e-07  6.026e-07  7.067e-07 
 PARAMETER  CORRELATION COEFFICIENTS  
       NO.  GLOBAL     10     11     20     21     22     23     24
       10  0.20729   1.000 -0.012  0.000 -0.091 -0.042  0.058 -0.051
       11  0.02572  -0.012  1.000  0.000 -0.011  0.008  0.002 -0.001
       20  0.93192   0.000  0.000  1.000  0.785 -0.799 -0.853 -0.782
       21  0.79687  -0.091 -0.011  0.785  1.000 -0.659 -0.717 -0.603
       22  0.80298  -0.042  0.008 -0.799 -0.659  1.000  0.691  0.641
       23  0.85767   0.058  0.002 -0.853 -0.717  0.691  1.000  0.677
       24  0.78433  -0.051 -0.001 -0.782 -0.603  0.641  0.677  1.000
MINUIT - FIT ONLY 2-y
 **********
 **   67 **RES 
 **********
                   PARAMETER   16  beta_vw RESTORED TO VARIABLE.
                   PARAMETER   14  alpha_vw RESTORED TO VARIABLE.
                   PARAMETER   13  beta_y RESTORED TO VARIABLE.
                   PARAMETER    9  alpha_2CBO RESTORED TO VARIABLE.
                   PARAMETER    8  beta_CBO RESTORED TO VARIABLE.
                   PARAMETER    6  alpha_CBO RESTORED TO VARIABLE.
                   PARAMETER    4  phi RESTORED TO VARIABLE.
                   PARAMETER    3  A0 RESTORED TO VARIABLE.
                   PARAMETER    1  N0 RESTORED TO VARIABLE.
 **********
 **   68 **FIX            0
 **********
 PARAMETER    0  IS UNDEFINED. IGNORED.
 **********
 **   69 **FIX            1
 **********
 **********
 **   70 **FIX            2
 **********
 PARAMETER    2  IS CONSTANT.   IGNORED.
 **********
 **   71 **FIX            3
 **********
 **********
 **   72 **FIX            4
 **********
 **********
 **   73 **FIX            5
 **********
 PARAMETER    5  IS CONSTANT.   IGNORED.
 **********
 **   74 **FIX            6
 **********
 **********
 **   75 **FIX            7
 **********
 PARAMETER    7  IS CONSTANT.   IGNORED.
 **********
 **   76 **FIX            8
 **********
 **********
 **   77 **FIX            9
 **********
 **********
 **   78 **FIX           10
 **********
 **********
 **   79 **FIX           11
 **********
 **********
 **   80 **FIX           12
 **********
 PARAMETER   12  IS CONSTANT.   IGNORED.
 **********
 **   81 **FIX           16
 **********
 **********
 **   82 **MIGRAD
 **********
 START MIGRAD MINIMIZATION.  STRATEGY  1.  CONVERGENCE WHEN EDM .LT. 1.00e-04
 FCN=40.4926 FROM MIGRAD    STATUS=INITIATE       16 CALLS        2812 TOTAL
                     EDM= unknown      STRATEGY= 1      NO ERROR MATRIX       
  EXT PARAMETER               CURRENT GUESS       STEP         FIRST   
  NO.   NAME      VALUE            ERROR          SIZE      DERIVATIVE 
   1  N0           7.53731e+07     fixed    
   2  tau          6.43893e+01   constant   
   3  A0           3.53607e-01     fixed    
   4  phi          4.11888e+00     fixed    
   5  R           -6.07681e+01   constant   
   6  alpha_CBO    4.19837e-04     fixed    
   7  w_CBO        2.32500e+00   constant   
   8  beta_CBO    -3.26500e-04     fixed    
   9  alpha_2CBO  -9.34283e-05     fixed    
  10  beta_2CBO    2.05121e-04     fixed    
  11  alpha_y     -6.23764e-05     fixed    
  12  w_y          1.44500e+01   constant   
  13  beta_y       2.49408e-04   1.14754e-04   1.14754e-04  -2.05800e+01
  14  alpha_vw     0.00000e+00   1.00000e-03   1.00000e-03   2.02334e+02
  15  w_vw         1.29000e+01   constant   
  16  beta_vw      0.00000e+00     fixed    
  17  LM          -5.35738e-04   constant   
  18  zeta_y       0.00000e+00   constant   
  19  zeta_vw      0.00000e+00   constant   
  20  T_CBO        9.72685e+02   8.99917e+02   3.96747e-02  -5.20696e-05
  21  alpha_A0    -4.31604e-04   1.00824e-03   1.91875e-06  -1.02268e+00
  22  beta_A0      4.19120e-04   9.80614e-04   1.84105e-06   2.99187e+00
  23  alpha_phi    4.83931e-04   1.05820e-03   1.71399e-06   2.29559e+00
  24  beta_phi     3.52834e-04   8.40639e-04   1.64266e-06   2.12466e+00
 MIGRAD MINIMIZATION HAS CONVERGED.
 MIGRAD WILL VERIFY CONVERGENCE AND ERROR MATRIX.
 COVARIANCE MATRIX CALCULATED SUCCESSFULLY
 FCN=40.4925 FROM MIGRAD    STATUS=CONVERGED      83 CALLS        2879 TOTAL
                     EDM=2.77077e-05    STRATEGY= 1      ERROR MATRIX ACCURATE 
  EXT PARAMETER                                   STEP         FIRST   
  NO.   NAME      VALUE            ERROR          SIZE      DERIVATIVE 
   1  N0           7.53731e+07     fixed    
   2  tau          6.43893e+01   constant   
   3  A0           3.53607e-01     fixed    
   4  phi          4.11888e+00     fixed    
   5  R           -6.07681e+01   constant   
   6  alpha_CBO    4.19837e-04     fixed    
   7  w_CBO        2.32500e+00   constant   
   8  beta_CBO    -3.26500e-04     fixed    
   9  alpha_2CBO  -9.34283e-05     fixed    
  10  beta_2CBO    2.05121e-04     fixed    
  11  alpha_y     -6.23764e-05     fixed    
  12  w_y          1.44500e+01   constant   
  13  beta_y       2.49544e-04   1.15182e-04   3.62121e-07   4.19769e-01
  14  alpha_vw    -1.31330e-06   1.13943e-04   3.58358e-07  -6.47102e-02
  15  w_vw         1.29000e+01   constant   
  16  beta_vw      0.00000e+00     fixed    
  17  LM          -5.35738e-04   constant   
  18  zeta_y       0.00000e+00   constant   
  19  zeta_vw      0.00000e+00   constant   
