 + ++++++++++++++++++++++++++++++++++++++++++++++++++++++++++++++++++++ +
 +                                                                      +
 +           You have chose to blind your fitting according to          +
 +                omega_ref * (1 + (R +/- deltaR) *10^{-6})             +
 +                                                                      +
 + ++++++++++++++++++++++++++++++++++++++++++++++++++++++++++++++++++++ +
In main()...
reading format from /gm2data/zkhechad/run45/envelope/formats/formatB_sBin_constraintOn.txt
pBinTau 	= 0  
pBinPhi 	= 0  
constraintau 	= 1 
includeMopTerm 	= 0    
constrainMop    = 0   
Parameters after format file: pBinTau 0 pBinPhi 0 constraintau 1 includeMopTerm 0 constrainMop 0 c_e_scale 0.000000 
Opening file /gm2data/tbarrett/gm2fr/studies/run23_bunch_corrections/CorrectedFourier_Run3b.root.
reading full fit data from /gm2data/zkhechad/cboTemplates/Run4CBOTemplates/templateFits0_v2.0/noRF/sBin_constraintOn_cE0.0_seed0_noRF_calo21.root
windowBins = 17
fitting sliding window 522 from bin 658 at 98.024400 to bin 675 at 100.710000 (17 bins)

Reading data from /gm2data/cornell/histograms/aMethod/histogram_a_noRF.root
 **********
 **    1 **SET PRINTOUT            1
 **********
 **********
 **    2 **SET NOWARNINGS 
 **********
 PARAMETER DEFINITIONS:
    NO.   NAME         VALUE      STEP SIZE      LIMITS
     1 N0           2.83546e+06  1.00000e+02     no limits
     2 tau          6.43976e+01  constant
     3 A0           3.54104e-01  1.00000e-04     no limits
     4 phi          4.11635e+00  1.00000e-02     no limits
     5 R           -5.94693e+01  constant
     6 alpha_CBO    0.00000e+00  1.00000e-03     no limits
     7 w_CBO        2.32500e+00  constant
     8 beta_CBO     0.00000e+00  1.00000e-03     no limits
     9 alpha_2CBO   0.00000e+00  1.00000e-03     no limits
    10 beta_2CBO    0.00000e+00  1.00000e-03     no limits
    11 alpha_y      0.00000e+00  1.00000e-03     no limits
    12 w_y          1.44500e+01  constant
    13 beta_y       0.00000e+00  1.00000e-03     no limits
    14 alpha_vw     0.00000e+00  1.00000e-03     no limits
    15 w_vw         1.29000e+01  constant
    16 beta_vw      0.00000e+00  1.00000e-03     no limits
    17 LM          -2.20020e-04  constant
    18 zeta_y       0.00000e+00  constant
    19 zeta_vw      0.00000e+00  constant
    20 T_CBO        1.00000e+02  1.00000e+00    0.00000e+00  1.00000e+03
    21 alpha_A0     0.00000e+00  1.00000e-03     no limits
    22 beta_A0      0.00000e+00  1.00000e-03     no limits
    23 alpha_phi    0.00000e+00  1.00000e-03     no limits
    24 beta_phi     0.00000e+00  1.00000e-03     no limits
MINUIT - FIT ONLY WIGGLE
 **********
 **    3 **FIX            5
 **********
 PARAMETER    5  IS CONSTANT.   IGNORED.
 **********
 **    4 **FIX            6
 **********
 **********
 **    5 **FIX            7
 **********
 PARAMETER    7  IS CONSTANT.   IGNORED.
 **********
 **    6 **FIX            8
 **********
 **********
 **    7 **FIX            9
 **********
 **********
 **    8 **FIX           10
 **********
 **********
 **    9 **FIX           11
 **********
 **********
 **   10 **FIX           12
 **********
 PARAMETER   12  IS CONSTANT.   IGNORED.
 **********
 **   11 **FIX           13
 **********
 **********
 **   12 **FIX           14
 **********
 **********
 **   13 **FIX           15
 **********
 PARAMETER   15  IS CONSTANT.   IGNORED.
 **********
 **   14 **FIX           16
 **********
 **********
 **   15 **MIGRAD
 **********
 FIRST CALL TO USER FUNCTION AT NEW START POINT, WITH IFLAG=4.
 START MIGRAD MINIMIZATION.  STRATEGY  1.  CONVERGENCE WHEN EDM .LT. 1.00e-04
 FCN=901.368 FROM MIGRAD    STATUS=INITIATE      437 CALLS         438 TOTAL
                     EDM= unknown      STRATEGY= 1      NO ERROR MATRIX       
  EXT PARAMETER               CURRENT GUESS       STEP         FIRST   
  NO.   NAME      VALUE            ERROR          SIZE      DERIVATIVE 
   1  N0           2.83546e+06   1.00000e+02   0.00000e+00  -9.87274e-03
   2  tau          6.43976e+01   constant   
   3  A0           3.54104e-01   1.00000e-04   0.00000e+00  -8.10424e+04
   4  phi          4.11635e+00   1.00000e-02   0.00000e+00   6.23027e+04
   5  R           -5.94693e+01   constant   
   6  alpha_CBO    0.00000e+00     fixed    
   7  w_CBO        2.32500e+00   constant   
   8  beta_CBO     0.00000e+00     fixed    
   9  alpha_2CBO   0.00000e+00     fixed    
  10  beta_2CBO    0.00000e+00     fixed    
  11  alpha_y      0.00000e+00     fixed    
  12  w_y          1.44500e+01   constant   
  13  beta_y       0.00000e+00     fixed    
  14  alpha_vw     0.00000e+00     fixed    
  15  w_vw         1.29000e+01   constant   
  16  beta_vw      0.00000e+00     fixed    
  17  LM          -2.20020e-04   constant   
  18  zeta_y       0.00000e+00   constant   
  19  zeta_vw      0.00000e+00   constant   
  20  T_CBO        1.00000e+02   1.00000e+00   0.00000e+00   0.00000e+00
  21  alpha_A0     0.00000e+00   1.00000e-03   0.00000e+00   6.28513e+03
  22  beta_A0      0.00000e+00   1.00000e-03   0.00000e+00   6.99272e+02
  23  alpha_phi    0.00000e+00   1.00000e-03   0.00000e+00   1.30354e+04
  24  beta_phi     0.00000e+00   1.00000e-03   0.00000e+00  -5.50891e+03
 MIGRAD MINIMIZATION HAS CONVERGED.
 FCN=24.0048 FROM MIGRAD    STATUS=CONVERGED    1163 CALLS        1164 TOTAL
                     EDM=5.85959e-07    STRATEGY= 1  ERROR MATRIX UNCERTAINTY   3.7 per cent
  EXT PARAMETER                                   STEP         FIRST   
  NO.   NAME      VALUE            ERROR          SIZE      DERIVATIVE 
   1  N0           2.83810e+06   9.67433e+02  -3.41329e+00   2.98234e-06
   2  tau          6.43976e+01   constant   
   3  A0           3.60804e-01   4.17886e-03  -2.42335e-05   2.06074e+00
   4  phi          4.07499e+00   1.55935e-02   1.08233e-04   9.06832e-01
   5  R           -5.94693e+01   constant   
   6  alpha_CBO    0.00000e+00     fixed    
   7  w_CBO        2.32500e+00   constant   
   8  beta_CBO     0.00000e+00     fixed    
   9  alpha_2CBO   0.00000e+00     fixed    
  10  beta_2CBO    0.00000e+00     fixed    
  11  alpha_y      0.00000e+00     fixed    
  12  w_y          1.44500e+01   constant   
  13  beta_y       0.00000e+00     fixed    
  14  alpha_vw     0.00000e+00     fixed    
  15  w_vw         1.29000e+01   constant   
  16  beta_vw      0.00000e+00     fixed    
  17  LM          -2.20020e-04   constant   
  18  zeta_y       0.00000e+00   constant   
  19  zeta_vw      0.00000e+00   constant   
  20  T_CBO        5.75995e+01   4.93374e+00   1.30776e-04   8.53477e-02
  21  alpha_A0     1.29798e-01   1.10967e-01  -7.31029e-04   2.86011e-01
  22  beta_A0      1.91526e-01   1.22332e-01  -8.01412e-04  -2.01306e-02
  23  alpha_phi    9.03884e-02   1.28553e-01  -8.60413e-04  -2.88994e-01
  24  beta_phi    -1.32982e-01   1.05467e-01   7.25935e-04  -1.42602e-01
 EXTERNAL ERROR MATRIX.    NDIM=  25    NPAR=  8    ERR DEF=1
  9.359e+05 -5.243e-01 -8.486e-01 -2.511e+02 -7.629e-01 -1.306e+00  1.637e+00 -4.581e+00 
 -5.243e-01  1.746e-05 -6.360e-05 -1.911e-02  4.574e-04  5.057e-04  5.286e-04 -4.303e-04 
 -8.486e-01 -6.360e-05  2.432e-04  7.293e-02 -1.722e-03 -1.900e-03 -1.997e-03  1.640e-03 
 -2.511e+02 -1.911e-02  7.293e-02  2.435e+01 -5.259e-01 -5.777e-01 -6.100e-01  4.993e-01 
 -7.629e-01  4.574e-04 -1.722e-03 -5.259e-01  1.231e-02  1.356e-02  1.425e-02 -1.164e-02 
 -1.306e+00  5.057e-04 -1.900e-03 -5.777e-01  1.356e-02  1.497e-02  1.571e-02 -1.285e-02 
  1.637e+00  5.286e-04 -1.997e-03 -6.100e-01  1.425e-02  1.571e-02  1.653e-02 -1.353e-02 
 -4.581e+00 -4.303e-04  1.640e-03  4.993e-01 -1.164e-02 -1.285e-02 -1.353e-02  1.112e-02 
 PARAMETER  CORRELATION COEFFICIENTS  
       NO.  GLOBAL      1      3      4     20     21     22     23     24
        1  0.88845   1.000 -0.130 -0.056 -0.053 -0.007 -0.011  0.013 -0.045
        3  0.99853  -0.130  1.000 -0.976 -0.927  0.986  0.989  0.984 -0.976
        4  0.99961  -0.056 -0.976  1.000  0.948 -0.995 -0.996 -0.996  0.997
       20  0.99035  -0.053 -0.927  0.948  1.000 -0.960 -0.957 -0.962  0.959
       21  0.99967  -0.007  0.986 -0.995 -0.960  1.000  0.999  0.999 -0.995
       22  0.99987  -0.011  0.989 -0.996 -0.957  0.999  1.000  0.999 -0.996
       23  0.99982   0.013  0.984 -0.996 -0.962  0.999  0.999  1.000 -0.998
       24  0.99949  -0.045 -0.976  0.997  0.959 -0.995 -0.996 -0.998  1.000
MINUIT - FIT ONLY 1-CBO + wiggle
 **********
 **   16 **RES 
 **********
                   PARAMETER   16  beta_vw RESTORED TO VARIABLE.
                   PARAMETER   14  alpha_vw RESTORED TO VARIABLE.
                   PARAMETER   13  beta_y RESTORED TO VARIABLE.
                   PARAMETER   11  alpha_y RESTORED TO VARIABLE.
                   PARAMETER   10  beta_2CBO RESTORED TO VARIABLE.
                   PARAMETER    9  alpha_2CBO RESTORED TO VARIABLE.
                   PARAMETER    8  beta_CBO RESTORED TO VARIABLE.
                   PARAMETER    6  alpha_CBO RESTORED TO VARIABLE.
 **********
 **   17 **FIX            8
 **********
 **********
 **   18 **FIX            9
 **********
 **********
 **   19 **FIX           11
 **********
 **********
 **   20 **FIX           12
 **********
 PARAMETER   12  IS CONSTANT.   IGNORED.
 **********
 **   21 **FIX           14
 **********
 **********
 **   22 **FIX           15
 **********
 PARAMETER   15  IS CONSTANT.   IGNORED.
 **********
 **   23 **FIX           16
 **********
 **********
 **   24 **MIGRAD
 **********
 START MIGRAD MINIMIZATION.  STRATEGY  1.  CONVERGENCE WHEN EDM .LT. 1.00e-04
 FCN=24.0048 FROM MIGRAD    STATUS=INITIATE       28 CALLS        1192 TOTAL
                     EDM= unknown      STRATEGY= 1      NO ERROR MATRIX       
  EXT PARAMETER               CURRENT GUESS       STEP         FIRST   
  NO.   NAME      VALUE            ERROR          SIZE      DERIVATIVE 
   1  N0           2.83810e+06   9.67433e+02  -3.41329e+00   2.98234e-06
   2  tau          6.43976e+01   constant   
   3  A0           3.60804e-01   4.17886e-03  -2.42335e-05   2.06074e+00
   4  phi          4.07499e+00   1.55935e-02   1.08233e-04   9.06832e-01
   5  R           -5.94693e+01   constant   
   6  alpha_CBO    0.00000e+00   1.00000e-03   1.00000e-03   2.13057e+02
   7  w_CBO        2.32500e+00   constant   
   8  beta_CBO     0.00000e+00     fixed    
   9  alpha_2CBO   0.00000e+00     fixed    
  10  beta_2CBO    0.00000e+00   1.00000e-03   1.00000e-03   2.44077e+03
  11  alpha_y      0.00000e+00     fixed    
  12  w_y          1.44500e+01   constant   
  13  beta_y       0.00000e+00   1.00000e-03   1.00000e-03  -1.55294e+04
  14  alpha_vw     0.00000e+00     fixed    
  15  w_vw         1.29000e+01   constant   
  16  beta_vw      0.00000e+00     fixed    
  17  LM          -2.20020e-04   constant   
  18  zeta_y       0.00000e+00   constant   
  19  zeta_vw      0.00000e+00   constant   
  20  T_CBO        5.75995e+01   4.93374e+00   1.30776e-04   8.53514e-02
  21  alpha_A0     1.29798e-01   1.10967e-01  -7.31029e-04   2.86011e-01
  22  beta_A0      1.91526e-01   1.22332e-01  -8.01412e-04  -2.01337e-02
  23  alpha_phi    9.03884e-02   1.28553e-01  -8.60413e-04  -2.88994e-01
  24  beta_phi    -1.32982e-01   1.05467e-01   7.25935e-04  -1.42602e-01
 MIGRAD MINIMIZATION HAS CONVERGED.
 FCN=16.8387 FROM MIGRAD    STATUS=CONVERGED     802 CALLS        1966 TOTAL
                     EDM=9.00287e-06    STRATEGY= 1  ERROR MATRIX UNCERTAINTY   3.2 per cent
  EXT PARAMETER                                   STEP         FIRST   
  NO.   NAME      VALUE            ERROR          SIZE      DERIVATIVE 
   1  N0           2.83729e+06   1.22731e+03  -3.90055e+00   4.05352e-06
   2  tau          6.43976e+01   constant   
   3  A0           3.63055e-01   2.27904e-03   5.83493e-06   7.79438e+00
   4  phi          4.07060e+00   5.71707e-03  -1.23386e-05  -2.27587e+00
   5  R           -5.94693e+01   constant   
   6  alpha_CBO    1.37758e-02   7.66848e-03   1.92690e-05  -8.19749e+00
   7  w_CBO        2.32500e+00   constant   
   8  beta_CBO     0.00000e+00     fixed    
   9  alpha_2CBO   0.00000e+00     fixed    
  10  beta_2CBO   -3.76185e-03   2.16707e-03  -7.24179e-06   5.99629e+00
  11  alpha_y      0.00000e+00     fixed    
  12  w_y          1.44500e+01   constant   
  13  beta_y       5.80387e-04   2.58668e-04  -1.52558e-06  -4.55472e+00
  14  alpha_vw     0.00000e+00     fixed    
  15  w_vw         1.29000e+01   constant   
  16  beta_vw      0.00000e+00     fixed    
  17  LM          -2.20020e-04   constant   
  18  zeta_y       0.00000e+00   constant   
  19  zeta_vw      0.00000e+00   constant   
  20  T_CBO        4.53969e+01   2.73512e+00  -2.23291e-05   2.57872e-01
  21  alpha_A0    -1.23502e-01   1.72694e-01  -4.78026e-04  -5.96335e-01
  22  beta_A0      2.72201e-01   4.57872e-02   1.07645e-04   4.96107e-01
  23  alpha_phi   -3.94772e-01   3.15921e-01  -8.18187e-04   2.17307e-01
  24  beta_phi    -1.80963e-01   3.84560e-02  -1.58994e-04   1.16349e-01
 EXTERNAL ERROR MATRIX.    NDIM=  25    NPAR= 11    ERR DEF=1
  1.506e+06 
 -2.165e+00  5.194e-06 
  3.158e+00 -1.142e-05  3.268e-05 
 -5.735e+00  1.669e-05 -4.270e-05  5.881e-05 
  1.689e+00 -4.588e-06  1.157e-05 -1.615e-05  4.696e-06 
 -2.731e-03  1.124e-07 -3.446e-07  4.165e-07 -9.324e-08  6.691e-08 
  1.903e+03 -5.824e-03  1.505e-02 -2.060e-02  5.542e-03 -1.638e-04  7.481e+00 
  1.280e+02 -3.737e-04  9.606e-04 -1.323e-03  3.660e-04 -9.241e-06  4.626e-01  2.982e-02 
 -3.816e+01  1.010e-04 -2.422e-04  3.435e-04 -9.678e-05  2.252e-06 -1.203e-01 -7.727e-03  2.096e-03 
  2.386e+02 -6.869e-04  1.755e-03 -2.421e-03  6.685e-04 -1.679e-05  8.479e-01  5.451e-02 -1.418e-02  9.981e-02 
  2.298e+01 -7.329e-05  2.072e-04 -2.759e-04  7.920e-05 -1.654e-06  9.554e-02  6.286e-03 -1.581e-03  1.140e-02  1.479e-03 
 PARAMETER  CORRELATION COEFFICIENTS  
       NO.  GLOBAL      1      3      4      6     10     13     20     21     22     23     24
        1  0.94023   1.000 -0.774  0.450 -0.609  0.635 -0.009  0.567  0.604 -0.679  0.615  0.487
        3  0.99253  -0.774  1.000 -0.877  0.955 -0.929  0.191 -0.934 -0.949  0.968 -0.954 -0.836
        4  0.99386   0.450 -0.877  1.000 -0.974  0.934 -0.233  0.962  0.973 -0.925  0.972  0.943
        6  0.99978  -0.609  0.955 -0.974  1.000 -0.972  0.210 -0.982 -0.999  0.978 -0.999 -0.936
       10  0.99603   0.635 -0.929  0.934 -0.972  1.000 -0.166  0.935  0.978 -0.975  0.977  0.950
       13  0.33472  -0.009  0.191 -0.233  0.210 -0.166  1.000 -0.232 -0.207  0.190 -0.206 -0.166
       20  0.99120   0.567 -0.934  0.962 -0.982  0.935 -0.232  1.000  0.979 -0.960  0.981  0.908
       21  0.99956   0.604 -0.949  0.973 -0.999  0.978 -0.207  0.979  1.000 -0.977  0.999  0.946
       22  0.99389  -0.679  0.968 -0.925  0.978 -0.975  0.190 -0.960 -0.977  1.000 -0.980 -0.898
       23  0.99980   0.615 -0.954  0.972 -0.999  0.977 -0.206  0.981  0.999 -0.980  1.000  0.938
       24  0.98468   0.487 -0.836  0.943 -0.936  0.950 -0.166  0.908  0.946 -0.898  0.938  1.000
MINUIT - FIT ONLY 2-CBO
 **********
 **   25 **RES 
 **********
                   PARAMETER   16  beta_vw RESTORED TO VARIABLE.
                   PARAMETER   14  alpha_vw RESTORED TO VARIABLE.
                   PARAMETER   11  alpha_y RESTORED TO VARIABLE.
                   PARAMETER    9  alpha_2CBO RESTORED TO VARIABLE.
                   PARAMETER    8  beta_CBO RESTORED TO VARIABLE.
 **********
 **   26 **FIX            0
 **********
 PARAMETER    0  IS UNDEFINED. IGNORED.
 **********
 **   27 **FIX            1
 **********
 **********
 **   28 **FIX            2
 **********
 PARAMETER    2  IS CONSTANT.   IGNORED.
 **********
 **   29 **FIX            3
 **********
 **********
 **   30 **FIX            4
 **********
 **********
 **   31 **FIX            5
 **********
 PARAMETER    5  IS CONSTANT.   IGNORED.
 **********
 **   32 **FIX            6
 **********
 **********
 **   33 **FIX            7
 **********
 PARAMETER    7  IS CONSTANT.   IGNORED.
 **********
 **   34 **FIX           10
 **********
 **********
 **   35 **FIX           11
 **********
 **********
 **   36 **FIX           12
 **********
 PARAMETER   12  IS CONSTANT.   IGNORED.
 **********
 **   37 **FIX           13
 **********
 **********
 **   38 **FIX           14
 **********
 **********
 **   39 **FIX           15
 **********
 PARAMETER   15  IS CONSTANT.   IGNORED.
 **********
 **   40 **FIX           16
 **********
 **********
 **   41 **MIGRAD
 **********
 START MIGRAD MINIMIZATION.  STRATEGY  1.  CONVERGENCE WHEN EDM .LT. 1.00e-04
 FCN=16.8387 FROM MIGRAD    STATUS=INITIATE       18 CALLS        1984 TOTAL
                     EDM= unknown      STRATEGY= 1      NO ERROR MATRIX       
  EXT PARAMETER               CURRENT GUESS       STEP         FIRST   
  NO.   NAME      VALUE            ERROR          SIZE      DERIVATIVE 
   1  N0           2.83729e+06     fixed    
   2  tau          6.43976e+01   constant   
   3  A0           3.63055e-01     fixed    
   4  phi          4.07060e+00     fixed    
   5  R           -5.94693e+01   constant   
   6  alpha_CBO    1.37758e-02     fixed    
   7  w_CBO        2.32500e+00   constant   
   8  beta_CBO     0.00000e+00   1.00000e-03   1.00000e-03  -1.18953e+02
   9  alpha_2CBO   0.00000e+00   1.00000e-03   1.00000e-03   1.01704e+03
  10  beta_2CBO   -3.76185e-03     fixed    
  11  alpha_y      0.00000e+00     fixed    
  12  w_y          1.44500e+01   constant   
  13  beta_y       5.80387e-04     fixed    
  14  alpha_vw     0.00000e+00     fixed    
  15  w_vw         1.29000e+01   constant   
  16  beta_vw      0.00000e+00     fixed    
  17  LM          -2.20020e-04   constant   
  18  zeta_y       0.00000e+00   constant   
  19  zeta_vw      0.00000e+00   constant   
  20  T_CBO        4.53969e+01   2.73512e+00  -2.23291e-05   2.57872e-01
  21  alpha_A0    -1.23502e-01   1.72694e-01  -4.78026e-04  -5.96335e-01
  22  beta_A0      2.72201e-01   4.57872e-02   1.07645e-04   4.96108e-01
  23  alpha_phi   -3.94772e-01   3.15921e-01  -8.18187e-04   2.17307e-01
  24  beta_phi    -1.80963e-01   3.84560e-02  -1.58994e-04   1.16349e-01
 MIGRAD MINIMIZATION HAS CONVERGED.
 MIGRAD WILL VERIFY CONVERGENCE AND ERROR MATRIX.
 FCN=16.6245 FROM MIGRAD    STATUS=CONVERGED     183 CALLS        2149 TOTAL
                     EDM=2.68858e-07    STRATEGY= 1      ERR MATRIX NOT POS-DEF
  EXT PARAMETER                APPROXIMATE        STEP         FIRST   
  NO.   NAME      VALUE            ERROR          SIZE      DERIVATIVE 
   1  N0           2.83729e+06     fixed    
   2  tau          6.43976e+01   constant   
   3  A0           3.63055e-01     fixed    
   4  phi          4.07060e+00     fixed    
   5  R           -5.94693e+01   constant   
   6  alpha_CBO    1.37758e-02     fixed    
   7  w_CBO        2.32500e+00   constant   
   8  beta_CBO    -5.34674e-04   1.14654e-03   5.20674e-07   5.33808e-02
   9  alpha_2CBO  -4.85371e-04   9.52285e-04   5.17706e-07  -2.13165e-02
  10  beta_2CBO   -3.76185e-03     fixed    
  11  alpha_y      0.00000e+00     fixed    
  12  w_y          1.44500e+01   constant   
  13  beta_y       5.80387e-04     fixed    
  14  alpha_vw     0.00000e+00     fixed    
  15  w_vw         1.29000e+01   constant   
  16  beta_vw      0.00000e+00     fixed    
  17  LM          -2.20020e-04   constant   
  18  zeta_y       0.00000e+00   constant   
  19  zeta_vw      0.00000e+00   constant   
  20  T_CBO        4.54877e+01   5.56580e+00   3.74403e-06   4.68315e-02
  21  alpha_A0    -1.12035e-01   3.85219e-02   1.79309e-05  -1.33490e-03
  22  beta_A0      2.86407e-01   8.19810e-02   1.95807e-05   8.99355e-03
  23  alpha_phi   -4.03642e-01   1.09204e-01   2.16357e-05  -9.19003e-03
  24  beta_phi    -1.55301e-01   6.79409e-02   2.16681e-05  -5.98725e-03
 EXTERNAL ERROR MATRIX.    NDIM=  25    NPAR=  7    ERR DEF=1
  1.315e-06  1.005e-06 -4.133e-04 -2.644e-05 -2.959e-05  1.545e-05 -6.051e-05 
  1.005e-06  9.068e-07 -1.230e-04 -2.102e-05 -2.708e-05  1.743e-05 -4.745e-05 
 -4.133e-04 -1.230e-04  3.099e+01  1.694e-01 -4.187e-01  5.931e-01  2.456e-01 
 -2.644e-05 -2.102e-05  1.694e-01  1.484e-03 -1.603e-03  2.821e-03  2.438e-03 
 -2.959e-05 -2.708e-05 -4.187e-01 -1.603e-03  6.721e-03 -8.653e-03 -1.741e-03 
  1.545e-05  1.743e-05  5.931e-01  2.821e-03 -8.653e-03  1.193e-02  3.622e-03 
 -6.051e-05 -4.745e-05  2.456e-01  2.438e-03 -1.741e-03  3.622e-03  4.616e-03 
ERR MATRIX NOT POS-DEF
 PARAMETER  CORRELATION COEFFICIENTS  
       NO.  GLOBAL      8      9     20     21     22     23     24
        8  0.97521   1.000  0.920 -0.065 -0.599 -0.315  0.123 -0.777
        9  0.96428   0.920  1.000 -0.023 -0.573 -0.347  0.168 -0.733
       20  0.99767  -0.065 -0.023  1.000  0.790 -0.918  0.976  0.649
       21  0.97394  -0.599 -0.573  0.790  1.000 -0.508  0.671  0.931
       22  0.99321  -0.315 -0.347 -0.918 -0.508  1.000 -0.967 -0.313
       23  0.99533   0.123  0.168  0.976  0.671 -0.967  1.000  0.488
       24  0.98785  -0.777 -0.733  0.649  0.931 -0.313  0.488  1.000
 ERR MATRIX NOT POS-DEF
MINUIT - FIT wiggle + 1-CBO + 2-CBO
 **********
 **   42 **RES 
 **********
                   PARAMETER   16  beta_vw RESTORED TO VARIABLE.
                   PARAMETER   14  alpha_vw RESTORED TO VARIABLE.
                   PARAMETER   13  beta_y RESTORED TO VARIABLE.
                   PARAMETER   11  alpha_y RESTORED TO VARIABLE.
                   PARAMETER   10  beta_2CBO RESTORED TO VARIABLE.
                   PARAMETER    6  alpha_CBO RESTORED TO VARIABLE.
                   PARAMETER    4  phi RESTORED TO VARIABLE.
                   PARAMETER    3  A0 RESTORED TO VARIABLE.
                   PARAMETER    1  N0 RESTORED TO VARIABLE.
 **********
 **   43 **FIX           10
 **********
 **********
 **   44 **FIX           11
 **********
 **********
 **   45 **FIX           12
 **********
 PARAMETER   12  IS CONSTANT.   IGNORED.
 **********
 **   46 **FIX           13
 **********
 **********
 **   47 **FIX           14
 **********
 **********
 **   48 **FIX           15
 **********
 PARAMETER   15  IS CONSTANT.   IGNORED.
 **********
 **   49 **FIX           16
 **********
 **********
 **   50 **MIGRAD
 **********
 START MIGRAD MINIMIZATION.  STRATEGY  1.  CONVERGENCE WHEN EDM .LT. 1.00e-04
 FCN=16.6245 FROM MIGRAD    STATUS=INITIATE       22 CALLS        2171 TOTAL
                     EDM= unknown      STRATEGY= 1      NO ERROR MATRIX       
  EXT PARAMETER               CURRENT GUESS       STEP         FIRST   
  NO.   NAME      VALUE            ERROR          SIZE      DERIVATIVE 
   1  N0           2.83729e+06   1.22731e+03   1.22731e+03   3.77004e-06
   2  tau          6.43976e+01   constant   
   3  A0           3.63055e-01   2.27904e-03   2.27904e-03  -4.37999e+01
   4  phi          4.07060e+00   5.71707e-03   5.71707e-03   1.20407e+01
   5  R           -5.94693e+01   constant   
   6  alpha_CBO    1.37758e-02   7.66848e-03   7.66848e-03   1.48154e+02
   7  w_CBO        2.32500e+00   constant   
   8  beta_CBO    -5.34674e-04   1.14654e-03   5.20674e-07   5.33738e-02
   9  alpha_2CBO  -4.85371e-04   9.52285e-04   5.17706e-07  -2.13219e-02
  10  beta_2CBO   -3.76185e-03     fixed    
  11  alpha_y      0.00000e+00     fixed    
  12  w_y          1.44500e+01   constant   
  13  beta_y       5.80387e-04     fixed    
  14  alpha_vw     0.00000e+00     fixed    
  15  w_vw         1.29000e+01   constant   
  16  beta_vw      0.00000e+00     fixed    
  17  LM          -2.20020e-04   constant   
  18  zeta_y       0.00000e+00   constant   
  19  zeta_vw      0.00000e+00   constant   
  20  T_CBO        4.54877e+01   5.56580e+00   3.74403e-06   4.68541e-02
  21  alpha_A0    -1.12035e-01   3.85219e-02   1.79309e-05  -1.33302e-03
  22  beta_A0      2.86407e-01   8.19810e-02   1.95807e-05   8.99222e-03
  23  alpha_phi   -4.03642e-01   1.09204e-01   2.16357e-05  -9.19023e-03
  24  beta_phi    -1.55301e-01   6.79409e-02   2.16681e-05  -5.98750e-03
 CALL LIMIT EXCEEDED IN MIGRAD.
 MIGRAD TERMINATED WITHOUT CONVERGENCE.
 FCN=15.6011 FROM MIGRAD    STATUS=CALL LIMIT   1909 CALLS        4058 TOTAL
                     EDM=0.00268466    STRATEGY= 1  ERROR MATRIX UNCERTAINTY   9.6 per cent
  EXT PARAMETER                APPROXIMATE        STEP         FIRST   
  NO.   NAME      VALUE            ERROR          SIZE      DERIVATIVE 
   1  N0           2.79751e+06   1.01285e+04   4.45570e+02  -2.48900e-05
   2  tau          6.43976e+01   constant   
   3  A0           4.78128e-01   7.01101e-02   3.56257e-03  -3.21885e+01
   4  phi          4.15226e+00   1.59307e-02   7.19898e-04  -8.16697e+01
   5  R           -5.94693e+01   constant   
   6  alpha_CBO    2.64189e-02   1.19162e-02   6.18373e-04  -1.30543e+02
   7  w_CBO        2.32500e+00   constant   
   8  beta_CBO     6.19882e-02   3.08236e-02   1.53192e-03   2.15229e+02
   9  alpha_2CBO   3.95818e-03   3.16620e-03   1.25105e-04   8.23385e+00
  10  beta_2CBO   -3.76185e-03     fixed    
  11  alpha_y      0.00000e+00     fixed    
  12  w_y          1.44500e+01   constant   
  13  beta_y       5.80387e-04     fixed    
  14  alpha_vw     0.00000e+00     fixed    
  15  w_vw         1.29000e+01   constant   
  16  beta_vw      0.00000e+00     fixed    
  17  LM          -2.20020e-04   constant   
  18  zeta_y       0.00000e+00   constant   
  19  zeta_vw      0.00000e+00   constant   
  20  T_CBO        3.90666e+01   1.91838e+00  -5.13741e-04  -4.69875e+01
  21  alpha_A0    -9.98328e-01   5.95168e-01  -2.97037e-02  -6.98857e-01
  22  beta_A0      1.37508e+00   1.04383e+00   5.38313e-02  -1.73837e-01
  23  alpha_phi    1.00552e+00   1.26530e+00   6.28621e-02  -7.94187e-01
  24  beta_phi    -8.79150e-01   2.83997e-01  -1.25580e-02   4.02744e+00
 EXTERNAL ERROR MATRIX.    NDIM=  25    NPAR= 11    ERR DEF=1
  1.026e+08 
  5.833e+02  4.915e-03 
  9.720e+01  1.057e-03  2.538e-04 
  9.800e+01  8.249e-04  1.748e-04  1.420e-04 
  2.474e+02  2.157e-03  4.721e-04  3.616e-04  9.501e-04 
  2.413e+01  2.123e-04  4.712e-05  3.561e-05  9.440e-05  1.002e-05 
 -1.459e+04 -1.331e-01 -2.959e-02 -2.250e-02 -5.876e-02 -5.838e-03  3.680e+00 
 -4.778e+03 -4.153e-02 -9.038e-03 -7.039e-03 -1.830e-02 -1.828e-03  1.136e+00  3.542e-01 
  9.131e+03  7.291e-02  1.527e-02  1.221e-02  3.184e-02  3.106e-03 -1.954e+00 -6.123e-01  1.090e+00 
  1.104e+04  8.824e-02  1.861e-02  1.465e-02  3.861e-02  3.808e-03 -2.362e+00 -7.405e-01  1.318e+00  1.601e+00 
 -1.991e+03 -1.916e-02 -4.406e-03 -3.205e-03 -8.547e-03 -8.869e-04  5.337e-01  1.650e-01 -2.784e-01 -3.405e-01  8.065e-02 
ERR MATRIX APPROXIMATE
 PARAMETER  CORRELATION COEFFICIENTS  
       NO.  GLOBAL      1      3      4      6      8      9     20     21     22     23     24
        1  1.00000   1.000  0.821  0.602  0.812  0.792  0.752 -0.751 -0.793  0.864  0.862 -0.692
        3  1.00000   0.821  1.000  0.947  0.987  0.998  0.956 -0.990 -0.995  0.996  0.995 -0.962
        4  0.99983   0.602  0.947  1.000  0.921  0.962  0.934 -0.968 -0.953  0.918  0.923 -0.974
        6  1.00000   0.812  0.987  0.921  1.000  0.985  0.944 -0.984 -0.992  0.982  0.972 -0.947
        8  1.00000   0.792  0.998  0.962  0.985  1.000  0.967 -0.994 -0.997  0.990  0.990 -0.976
        9  1.00000   0.752  0.956  0.934  0.944  0.967  1.000 -0.961 -0.970  0.940  0.950 -0.986
       20  0.99999  -0.751 -0.990 -0.968 -0.984 -0.994 -0.961  1.000  0.995 -0.976 -0.973  0.980
       21  1.00000  -0.793 -0.995 -0.953 -0.992 -0.997 -0.970  0.995  1.000 -0.986 -0.983  0.976
       22  1.00000   0.864  0.996  0.918  0.982  0.990  0.940 -0.976 -0.986  1.000  0.998 -0.939
       23  1.00000   0.862  0.995  0.923  0.972  0.990  0.950 -0.973 -0.983  0.998  1.000 -0.947
       24  1.00000  -0.692 -0.962 -0.974 -0.947 -0.976 -0.986  0.980  0.976 -0.939 -0.947  1.000
 ERR MATRIX APPROXIMATE
MINUIT - FIT ONLY 1-y
 **********
 **   51 **RES 
 **********
                   PARAMETER   16  beta_vw RESTORED TO VARIABLE.
                   PARAMETER   14  alpha_vw RESTORED TO VARIABLE.
                   PARAMETER   13  beta_y RESTORED TO VARIABLE.
                   PARAMETER   11  alpha_y RESTORED TO VARIABLE.
                   PARAMETER   10  beta_2CBO RESTORED TO VARIABLE.
 **********
 **   52 **FIX            0
 **********
 PARAMETER    0  IS UNDEFINED. IGNORED.
 **********
 **   53 **FIX            1
 **********
 **********
 **   54 **FIX            2
 **********
 PARAMETER    2  IS CONSTANT.   IGNORED.
 **********
 **   55 **FIX            3
 **********
 **********
 **   56 **FIX            4
 **********
 **********
 **   57 **FIX            5
 **********
 PARAMETER    5  IS CONSTANT.   IGNORED.
 **********
 **   58 **FIX            6
 **********
 **********
 **   59 **FIX            7
 **********
 PARAMETER    7  IS CONSTANT.   IGNORED.
 **********
 **   60 **FIX            8
 **********
 **********
 **   61 **FIX            9
 **********
 **********
 **   62 **FIX           13
 **********
 **********
 **   63 **FIX           14
 **********
 **********
 **   64 **FIX           15
 **********
 PARAMETER   15  IS CONSTANT.   IGNORED.
 **********
 **   65 **FIX           16
 **********
 **********
 **   66 **MIGRAD
 **********
 START MIGRAD MINIMIZATION.  STRATEGY  1.  CONVERGENCE WHEN EDM .LT. 1.00e-04
 FCN=15.6011 FROM MIGRAD    STATUS=INITIATE       16 CALLS        4074 TOTAL
                     EDM= unknown      STRATEGY= 1      NO ERROR MATRIX       
  EXT PARAMETER               CURRENT GUESS       STEP         FIRST   
  NO.   NAME      VALUE            ERROR          SIZE      DERIVATIVE 
   1  N0           2.79751e+06     fixed    
   2  tau          6.43976e+01   constant   
   3  A0           4.78128e-01     fixed    
   4  phi          4.15226e+00     fixed    
   5  R           -5.94693e+01   constant   
   6  alpha_CBO    2.64189e-02     fixed    
   7  w_CBO        2.32500e+00   constant   
   8  beta_CBO     6.19882e-02     fixed    
   9  alpha_2CBO   3.95818e-03     fixed    
  10  beta_2CBO   -3.76185e-03   2.16707e-03   2.16707e-03  -5.78899e+02
  11  alpha_y      0.00000e+00   1.00000e-03   1.00000e-03  -8.11443e+03
  12  w_y          1.44500e+01   constant   
  13  beta_y       5.80387e-04     fixed    
  14  alpha_vw     0.00000e+00     fixed    
  15  w_vw         1.29000e+01   constant   
  16  beta_vw      0.00000e+00     fixed    
  17  LM          -2.20020e-04   constant   
  18  zeta_y       0.00000e+00   constant   
  19  zeta_vw      0.00000e+00   constant   
  20  T_CBO        3.90666e+01   1.91838e+00  -5.13741e-04  -4.69875e+01
  21  alpha_A0    -9.98328e-01   5.95168e-01  -2.97037e-02  -6.98858e-01
  22  beta_A0      1.37508e+00   1.04383e+00   5.38313e-02  -1.73836e-01
  23  alpha_phi    1.00552e+00   1.26530e+00   6.28621e-02  -7.94187e-01
  24  beta_phi    -8.79150e-01   2.83997e-01  -1.25580e-02   4.02744e+00
 MIGRAD MINIMIZATION HAS CONVERGED.
 MIGRAD WILL VERIFY CONVERGENCE AND ERROR MATRIX.
 COVARIANCE MATRIX CALCULATED SUCCESSFULLY
 FCN=14.5153 FROM MIGRAD    STATUS=CONVERGED     159 CALLS        4217 TOTAL
                     EDM=6.51646e-07    STRATEGY= 1      ERROR MATRIX ACCURATE 
  EXT PARAMETER                                   STEP         FIRST   
  NO.   NAME      VALUE            ERROR          SIZE      DERIVATIVE 
   1  N0           2.79751e+06     fixed    
   2  tau          6.43976e+01   constant   
   3  A0           4.78128e-01     fixed    
   4  phi          4.15226e+00     fixed    
   5  R           -5.94693e+01   constant   
   6  alpha_CBO    2.64189e-02     fixed    
   7  w_CBO        2.32500e+00   constant   
   8  beta_CBO     6.19882e-02     fixed    
   9  alpha_2CBO   3.95818e-03     fixed    
  10  beta_2CBO   -3.60491e-03   6.25782e-04   4.57120e-07   1.55612e-02
  11  alpha_y      2.58378e-04   2.49963e-04   4.68769e-07   1.79939e+00
  12  w_y          1.44500e+01   constant   
  13  beta_y       5.80387e-04     fixed    
  14  alpha_vw     0.00000e+00     fixed    
  15  w_vw         1.29000e+01   constant   
  16  beta_vw      0.00000e+00     fixed    
  17  LM          -2.20020e-04   constant   
  18  zeta_y       0.00000e+00   constant   
  19  zeta_vw      0.00000e+00   constant   
  20  T_CBO        3.90493e+01   1.63409e+01   7.16092e-07   1.03447e-01
  21  alpha_A0    -9.97849e-01   1.06870e+00   1.64444e-05   6.56046e-04
  22  beta_A0      1.37183e+00   1.46429e+00   1.88676e-05   5.69346e-02
  23  alpha_phi    1.00895e+00   1.05261e+00   2.44061e-05  -2.04802e-02
  24  beta_phi    -8.75741e-01   9.34012e-01   2.46882e-05   5.63356e-02
 EXTERNAL ERROR MATRIX.    NDIM=  25    NPAR=  7    ERR DEF=1
  3.916e-07  1.963e-08  5.877e-03  3.868e-04 -5.323e-04 -3.741e-04  3.418e-04 
  1.963e-08  6.248e-08 -1.382e-04 -8.817e-06  1.157e-05  9.180e-06 -7.103e-06 
  5.877e-03 -1.382e-04  2.677e+02  1.748e+01 -2.395e+01 -1.722e+01  1.528e+01 
  3.868e-04 -8.817e-06  1.748e+01  1.142e+00 -1.565e+00 -1.125e+00  9.980e-01 
 -5.323e-04  1.157e-05 -2.395e+01 -1.565e+00  2.144e+00  1.541e+00 -1.367e+00 
 -3.741e-04  9.180e-06 -1.722e+01 -1.125e+00  1.541e+00  1.108e+00 -9.828e-01 
  3.418e-04 -7.103e-06  1.528e+01  9.980e-01 -1.367e+00 -9.828e-01  8.724e-01 
 PARAMETER  CORRELATION COEFFICIENTS  
       NO.  GLOBAL     10     11     20     21     22     23     24
       10  0.92507   1.000  0.125  0.574  0.578 -0.581 -0.568  0.585
       11  0.22192   0.125  1.000 -0.034 -0.033  0.032  0.035 -0.030
       20  0.99999   0.574 -0.034  1.000  1.000 -1.000 -1.000  1.000
       21  0.99997   0.578 -0.033  1.000  1.000 -1.000 -1.000  1.000
       22  0.99998  -0.581  0.032 -1.000 -1.000  1.000  1.000 -1.000
       23  0.99993  -0.568  0.035 -1.000 -1.000  1.000  1.000 -1.000
       24  0.99991   0.585 -0.030  1.000  1.000 -1.000 -1.000  1.000
MINUIT - FIT ONLY 2-y
 **********
 **   67 **RES 
 **********
                   PARAMETER   16  beta_vw RESTORED TO VARIABLE.
                   PARAMETER   14  alpha_vw RESTORED TO VARIABLE.
                   PARAMETER   13  beta_y RESTORED TO VARIABLE.
                   PARAMETER    9  alpha_2CBO RESTORED TO VARIABLE.
                   PARAMETER    8  beta_CBO RESTORED TO VARIABLE.
                   PARAMETER    6  alpha_CBO RESTORED TO VARIABLE.
                   PARAMETER    4  phi RESTORED TO VARIABLE.
                   PARAMETER    3  A0 RESTORED TO VARIABLE.
                   PARAMETER    1  N0 RESTORED TO VARIABLE.
 **********
 **   68 **FIX            0
 **********
 PARAMETER    0  IS UNDEFINED. IGNORED.
 **********
 **   69 **FIX            1
 **********
 **********
 **   70 **FIX            2
 **********
 PARAMETER    2  IS CONSTANT.   IGNORED.
 **********
 **   71 **FIX            3
 **********
 **********
 **   72 **FIX            4
 **********
 **********
 **   73 **FIX            5
 **********
 PARAMETER    5  IS CONSTANT.   IGNORED.
 **********
 **   74 **FIX            6
 **********
 **********
 **   75 **FIX            7
 **********
 PARAMETER    7  IS CONSTANT.   IGNORED.
 **********
 **   76 **FIX            8
 **********
 **********
 **   77 **FIX            9
 **********
 **********
 **   78 **FIX           10
 **********
 **********
 **   79 **FIX           11
 **********
 **********
 **   80 **FIX           12
 **********
 PARAMETER   12  IS CONSTANT.   IGNORED.
 **********
 **   81 **FIX           16
 **********
 **********
 **   82 **MIGRAD
 **********
 START MIGRAD MINIMIZATION.  STRATEGY  1.  CONVERGENCE WHEN EDM .LT. 1.00e-04
 FCN=14.5153 FROM MIGRAD    STATUS=INITIATE       16 CALLS        4233 TOTAL
                     EDM= unknown      STRATEGY= 1      NO ERROR MATRIX       
  EXT PARAMETER               CURRENT GUESS       STEP         FIRST   
  NO.   NAME      VALUE            ERROR          SIZE      DERIVATIVE 
   1  N0           2.79751e+06     fixed    
   2  tau          6.43976e+01   constant   
   3  A0           4.78128e-01     fixed    
   4  phi          4.15226e+00     fixed    
   5  R           -5.94693e+01   constant   
   6  alpha_CBO    2.64189e-02     fixed    
   7  w_CBO        2.32500e+00   constant   
   8  beta_CBO     6.19882e-02     fixed    
   9  alpha_2CBO   3.95818e-03     fixed    
  10  beta_2CBO   -3.60491e-03     fixed    
  11  alpha_y      2.58378e-04     fixed    
  12  w_y          1.44500e+01   constant   
  13  beta_y       5.80387e-04   2.58668e-04   2.58668e-04  -7.71006e+02
  14  alpha_vw     0.00000e+00   1.00000e-03   1.00000e-03  -8.85722e+02
  15  w_vw         1.29000e+01   constant   
  16  beta_vw      0.00000e+00     fixed    
  17  LM          -2.20020e-04   constant   
  18  zeta_y       0.00000e+00   constant   
  19  zeta_vw      0.00000e+00   constant   
  20  T_CBO        3.90493e+01   1.63409e+01   7.16092e-07   1.03360e-01
  21  alpha_A0    -9.97849e-01   1.06870e+00   1.64444e-05   6.42039e-04
  22  beta_A0      1.37183e+00   1.46429e+00   1.88676e-05   5.69478e-02
  23  alpha_phi    1.00895e+00   1.05261e+00   2.44061e-05  -2.04801e-02
  24  beta_phi    -8.75741e-01   9.34012e-01   2.46882e-05   5.63354e-02
 MIGRAD MINIMIZATION HAS CONVERGED.
 MIGRAD WILL VERIFY CONVERGENCE AND ERROR MATRIX.
 FCN=14.4955 FROM MIGRAD    STATUS=CONVERGED     114 CALLS        4331 TOTAL
                     EDM=1.57414e-05    STRATEGY= 1      ERR MATRIX NOT POS-DEF
  EXT PARAMETER                APPROXIMATE        STEP         FIRST   
  NO.   NAME      VALUE            ERROR          SIZE      DERIVATIVE 
   1  N0           2.79751e+06     fixed    
   2  tau          6.43976e+01   constant   
   3  A0           4.78128e-01     fixed    
   4  phi          4.15226e+00     fixed    
   5  R           -5.94693e+01   constant   
   6  alpha_CBO    2.64189e-02     fixed    
   7  w_CBO        2.32500e+00   constant   
   8  beta_CBO     6.19882e-02     fixed    
   9  alpha_2CBO   3.95818e-03     fixed    
  10  beta_2CBO   -3.60491e-03     fixed    
  11  alpha_y      2.58378e-04     fixed    
  12  w_y          1.44500e+01   constant   
  13  beta_y       6.02340e-04   2.50205e-04   4.77546e-07   1.86519e+00
  14  alpha_vw     2.55858e-05   2.49551e-04   4.75054e-07  -1.62114e+00
  15  w_vw         1.29000e+01   constant   
  16  beta_vw      0.00000e+00     fixed    
  17  LM          -2.20020e-04   constant   
  18  zeta_y       0.00000e+00   constant   
  19  zeta_vw      0.00000e+00   constant   
  20  T_CBO        3.90487e+01   1.11886e+00   7.15705e-07   1.11459e+00
  21  alpha_A0    -9.97874e-01   7.32672e-02   1.64350e-05   9.90537e-02
  22  beta_A0      1.37170e+00   9.98659e-02   1.88569e-05   7.06083e-02
  23  alpha_phi    1.00897e+00   7.35147e-02   2.43915e-05   2.80458e-01
  24  beta_phi    -8.75689e-01   6.44900e-02   2.46732e-05   1.67509e-01
 EXTERNAL ERROR MATRIX.    NDIM=  25    NPAR=  7    ERR DEF=1
  6.260e-08 -5.151e-09  4.672e-07  5.513e-08 -2.300e-07 -1.065e-07  1.483e-07 
 -5.151e-09  6.228e-08  2.162e-06  1.234e-07 -4.635e-07 -1.636e-07  1.953e-07 
  4.672e-07  2.162e-06  1.252e+00  8.134e-02 -1.112e-01 -8.075e-02  7.060e-02 
  5.513e-08  1.234e-07  8.134e-02  5.368e-03 -7.211e-03 -5.206e-03  4.595e-03 
 -2.300e-07 -4.635e-07 -1.112e-01 -7.211e-03  9.973e-03  7.195e-03 -6.263e-03 
 -1.065e-07 -1.636e-07 -8.075e-02 -5.206e-03  7.195e-03  5.404e-03 -4.594e-03 
  1.483e-07  1.953e-07  7.060e-02  4.595e-03 -6.263e-03 -4.594e-03  4.159e-03 
ERR MATRIX NOT POS-DEF
 PARAMETER  CORRELATION COEFFICIENTS  
       NO.  GLOBAL     13     14     20     21     22     23     24
       13  0.12669   1.000 -0.082  0.002  0.003 -0.009 -0.006  0.009
       14  0.14555  -0.082  1.000  0.008  0.007 -0.019 -0.009  0.012
       20  0.99792   0.002  0.008  1.000  0.992 -0.995 -0.982  0.978
       21  0.99318   0.003  0.007  0.992  1.000 -0.986 -0.966  0.972
       22  0.99517  -0.009 -0.019 -0.995 -0.986  1.000  0.980 -0.972
       23  0.98502  -0.006 -0.009 -0.982 -0.966  0.980  1.000 -0.969
       24  0.98003   0.009  0.012  0.978  0.972 -0.972 -0.969  1.000
 ERR MATRIX NOT POS-DEF
MINUIT - FIT ALTOGETHER
 **********
 **   83 **RES 
 **********
