 + ++++++++++++++++++++++++++++++++++++++++++++++++++++++++++++++++++++ +
 +                                                                      +
 +           You have chose to blind your fitting according to          +
 +                omega_ref * (1 + (R +/- deltaR) *10^{-6})             +
 +                                                                      +
 + ++++++++++++++++++++++++++++++++++++++++++++++++++++++++++++++++++++ +
In main()...
reading format from /gm2data/zkhechad/run45/envelope/formats/formatB_sBin_constraintOn.txt
pBinTau 	= 0  
pBinPhi 	= 0  
constraintau 	= 1 
includeMopTerm 	= 0    
constrainMop    = 0   
Parameters after format file: pBinTau 0 pBinPhi 0 constraintau 1 includeMopTerm 0 constrainMop 0 c_e_scale 0.000000 
Opening file /gm2data/tbarrett/gm2fr/studies/run23_bunch_corrections/CorrectedFourier_Run3b.root.
reading full fit data from /gm2data/zkhechad/cboTemplates/Run4CBOTemplates/fullFits/noRF/sBin_constraintOn_cE0.0_seed0_noRF_calo6.root
windowBins = 69
fitting sliding window 490 from bin 626 at 93.250000 to bin 695 at 103.694000 (69 bins)

Reading data from /gm2data/cornell/histograms/aMethod/histogram_a_noRF.root
 **********
 **    1 **SET PRINTOUT            1
 **********
 **********
 **    2 **SET NOWARNINGS 
 **********
 PARAMETER DEFINITIONS:
    NO.   NAME         VALUE      STEP SIZE      LIMITS
     1 N0           2.91036e+06  1.00000e+02     no limits
     2 tau          6.44099e+01  constant
     3 A0           3.53688e-01  1.00000e-04     no limits
     4 phi          4.11540e+00  1.00000e-02     no limits
     5 R           -6.16610e+01  constant
     6 alpha_CBO    0.00000e+00  1.00000e-03     no limits
     7 w_CBO        2.32500e+00  constant
     8 beta_CBO     0.00000e+00  1.00000e-03     no limits
     9 alpha_2CBO   0.00000e+00  1.00000e-03     no limits
    10 beta_2CBO    0.00000e+00  1.00000e-03     no limits
    11 alpha_y      0.00000e+00  1.00000e-03     no limits
    12 w_y          1.38860e+01  constant
    13 beta_y       0.00000e+00  1.00000e-03     no limits
    14 alpha_vw     0.00000e+00  1.00000e-03     no limits
    15 w_vw         1.43404e+01  constant
    16 beta_vw      0.00000e+00  1.00000e-03     no limits
    17 LM           1.71412e-04  constant
    18 zeta_y       0.00000e+00  constant
    19 zeta_vw      0.00000e+00  constant
    20 T_CBO        1.00000e+02  1.00000e+00    0.00000e+00  1.00000e+03
    21 alpha_A0     0.00000e+00  1.00000e-03     no limits
    22 beta_A0      0.00000e+00  1.00000e-03     no limits
    23 alpha_phi    0.00000e+00  1.00000e-03     no limits
    24 beta_phi     0.00000e+00  1.00000e-03     no limits
MINUIT - FIT ONLY WIGGLE
 **********
 **    3 **FIX            5
 **********
 PARAMETER    5  IS CONSTANT.   IGNORED.
 **********
 **    4 **FIX            6
 **********
 **********
 **    5 **FIX            7
 **********
 PARAMETER    7  IS CONSTANT.   IGNORED.
 **********
 **    6 **FIX            8
 **********
 **********
 **    7 **FIX            9
 **********
 **********
 **    8 **FIX           10
 **********
 **********
 **    9 **FIX           11
 **********
 **********
 **   10 **FIX           12
 **********
 PARAMETER   12  IS CONSTANT.   IGNORED.
 **********
 **   11 **FIX           13
 **********
 **********
 **   12 **FIX           14
 **********
 **********
 **   13 **FIX           15
 **********
 PARAMETER   15  IS CONSTANT.   IGNORED.
 **********
 **   14 **FIX           16
 **********
 **********
 **   15 **MIGRAD
 **********
 FIRST CALL TO USER FUNCTION AT NEW START POINT, WITH IFLAG=4.
 START MIGRAD MINIMIZATION.  STRATEGY  1.  CONVERGENCE WHEN EDM .LT. 1.00e-04
 FCN=2625.97 FROM MIGRAD    STATUS=INITIATE      427 CALLS         428 TOTAL
                     EDM= unknown      STRATEGY= 1      NO ERROR MATRIX       
  EXT PARAMETER               CURRENT GUESS       STEP         FIRST   
  NO.   NAME      VALUE            ERROR          SIZE      DERIVATIVE 
   1  N0           2.91036e+06   1.00000e+02   0.00000e+00  -7.53848e-03
   2  tau          6.44099e+01   constant   
   3  A0           3.53688e-01   1.00000e-04   0.00000e+00   1.89238e+04
   4  phi          4.11540e+00   1.00000e-02   0.00000e+00   4.72084e+04
   5  R           -6.16610e+01   constant   
   6  alpha_CBO    0.00000e+00     fixed    
   7  w_CBO        2.32500e+00   constant   
   8  beta_CBO     0.00000e+00     fixed    
   9  alpha_2CBO   0.00000e+00     fixed    
  10  beta_2CBO    0.00000e+00     fixed    
  11  alpha_y      0.00000e+00     fixed    
  12  w_y          1.38860e+01   constant   
  13  beta_y       0.00000e+00     fixed    
  14  alpha_vw     0.00000e+00     fixed    
  15  w_vw         1.43404e+01   constant   
  16  beta_vw      0.00000e+00     fixed    
  17  LM           1.71412e-04   constant   
  18  zeta_y       0.00000e+00   constant   
  19  zeta_vw      0.00000e+00   constant   
  20  T_CBO        1.00000e+02   1.00000e+00   0.00000e+00   0.00000e+00
  21  alpha_A0     0.00000e+00   1.00000e-03   0.00000e+00  -3.65183e+03
  22  beta_A0      0.00000e+00   1.00000e-03   0.00000e+00  -4.67673e+03
  23  alpha_phi    0.00000e+00   1.00000e-03   0.00000e+00  -6.14134e+03
  24  beta_phi     0.00000e+00   1.00000e-03   0.00000e+00   1.64437e+04
 CALL LIMIT EXCEEDED IN MIGRAD.
 MIGRAD TERMINATED WITHOUT CONVERGENCE.
 FCN=2376.02 FROM MIGRAD    STATUS=CALL LIMIT   1330 CALLS        1331 TOTAL
                     EDM=0.331072    STRATEGY= 1  ERROR MATRIX UNCERTAINTY   1.1 per cent
  EXT PARAMETER                APPROXIMATE        STEP         FIRST   
  NO.   NAME      VALUE            ERROR          SIZE      DERIVATIVE 
   1  N0           2.91022e+06   2.61745e+02  -1.09337e+01  -8.23402e-04
   2  tau          6.44099e+01   constant   
   3  A0           3.53182e-01   1.23982e-04  -2.72469e-06  -2.96834e+03
   4  phi          4.11189e+00   3.51894e-04   4.06711e-05  -1.28114e+03
   5  R           -6.16610e+01   constant   
   6  alpha_CBO    0.00000e+00     fixed    
   7  w_CBO        2.32500e+00   constant   
   8  beta_CBO     0.00000e+00     fixed    
   9  alpha_2CBO   0.00000e+00     fixed    
  10  beta_2CBO    0.00000e+00     fixed    
  11  alpha_y      0.00000e+00     fixed    
  12  w_y          1.38860e+01   constant   
  13  beta_y       0.00000e+00     fixed    
  14  alpha_vw     0.00000e+00     fixed    
  15  w_vw         1.43404e+01   constant   
  16  beta_vw      0.00000e+00     fixed    
  17  LM           1.71412e-04   constant   
  18  zeta_y       0.00000e+00   constant   
  19  zeta_vw      0.00000e+00   constant   
  20  T_CBO        1.69753e+01   1.06853e+00  -3.67928e-03  -5.16337e+02
  21  alpha_A0     4.59307e-01   1.43059e-01   5.89860e-02   1.12848e+00
  22  beta_A0      2.27822e-01   6.77664e-02   2.79672e-02  -2.69351e+00
  23  alpha_phi    8.55698e-01   2.67022e-01   1.10100e-01  -4.20058e+00
  24  beta_phi    -1.70786e+00   5.15711e-01  -2.12783e-01   6.75299e+00
 EXTERNAL ERROR MATRIX.    NDIM=  25    NPAR=  8    ERR DEF=1
  6.851e+04 -2.608e-03  2.502e-03  1.224e+01 -2.918e+00 -1.437e+00 -5.470e+00  1.046e+01 
 -2.608e-03  1.537e-08  3.485e-12  1.059e-05 -2.405e-06 -1.125e-06 -4.480e-06  8.678e-06 
  2.502e-03  3.485e-12  1.238e-07  3.477e-06 -2.354e-06 -1.093e-06 -4.391e-06  8.441e-06 
  1.224e+01  1.059e-05  3.477e-06  1.142e+00 -1.509e-01 -7.147e-02 -2.816e-01  5.440e-01 
 -2.918e+00 -2.405e-06 -2.354e-06 -1.509e-01  2.047e-02  9.691e-03  3.820e-02 -7.377e-02 
 -1.437e+00 -1.125e-06 -1.093e-06 -7.147e-02  9.691e-03  4.592e-03  1.809e-02 -3.494e-02 
 -5.470e+00 -4.480e-06 -4.391e-06 -2.816e-01  3.820e-02  1.809e-02  7.130e-02 -1.377e-01 
  1.046e+01  8.678e-06  8.441e-06  5.440e-01 -7.377e-02 -3.494e-02 -1.377e-01  2.660e-01 
ERR MATRIX APPROXIMATE
 PARAMETER  CORRELATION COEFFICIENTS  
       NO.  GLOBAL      1      3      4     20     21     22     23     24
        1  0.32445   1.000 -0.080  0.027  0.044 -0.078 -0.081 -0.078  0.077
        3  0.42576  -0.080  1.000  0.000  0.080 -0.136 -0.134 -0.135  0.136
        4  0.25691   0.027  0.000  1.000  0.009 -0.047 -0.046 -0.047  0.047
       20  0.99035   0.044  0.080  0.009  1.000 -0.987 -0.987 -0.987  0.987
       21  0.99994  -0.078 -0.136 -0.047 -0.987  1.000  1.000  1.000 -1.000
       22  0.99978  -0.081 -0.134 -0.046 -0.987  1.000  1.000  1.000 -1.000
       23  0.99998  -0.078 -0.135 -0.047 -0.987  1.000  1.000  1.000 -1.000
       24  0.99998   0.077  0.136  0.047  0.987 -1.000 -1.000 -1.000  1.000
 ERR MATRIX APPROXIMATE
MINUIT - FIT ONLY 1-CBO + wiggle
 **********
 **   16 **RES 
 **********
                   PARAMETER   16  beta_vw RESTORED TO VARIABLE.
                   PARAMETER   14  alpha_vw RESTORED TO VARIABLE.
                   PARAMETER   13  beta_y RESTORED TO VARIABLE.
                   PARAMETER   11  alpha_y RESTORED TO VARIABLE.
                   PARAMETER   10  beta_2CBO RESTORED TO VARIABLE.
                   PARAMETER    9  alpha_2CBO RESTORED TO VARIABLE.
                   PARAMETER    8  beta_CBO RESTORED TO VARIABLE.
                   PARAMETER    6  alpha_CBO RESTORED TO VARIABLE.
 **********
 **   17 **FIX            8
 **********
 **********
 **   18 **FIX            9
 **********
 **********
 **   19 **FIX           11
 **********
 **********
 **   20 **FIX           12
 **********
 PARAMETER   12  IS CONSTANT.   IGNORED.
 **********
 **   21 **FIX           14
 **********
 **********
 **   22 **FIX           15
 **********
 PARAMETER   15  IS CONSTANT.   IGNORED.
 **********
 **   23 **FIX           16
 **********
 **********
 **   24 **MIGRAD
 **********
 START MIGRAD MINIMIZATION.  STRATEGY  1.  CONVERGENCE WHEN EDM .LT. 1.00e-04
 FCN=2376.02 FROM MIGRAD    STATUS=INITIATE       28 CALLS        1359 TOTAL
                     EDM= unknown      STRATEGY= 1      NO ERROR MATRIX       
  EXT PARAMETER               CURRENT GUESS       STEP         FIRST   
  NO.   NAME      VALUE            ERROR          SIZE      DERIVATIVE 
   1  N0           2.91022e+06   2.61745e+02  -1.09337e+01  -8.23402e-04
   2  tau          6.44099e+01   constant   
   3  A0           3.53182e-01   1.23982e-04  -2.72469e-06  -2.96834e+03
   4  phi          4.11189e+00   3.51894e-04   4.06711e-05  -1.28114e+03
   5  R           -6.16610e+01   constant   
   6  alpha_CBO    0.00000e+00   1.00000e-03   1.00000e-03  -1.03689e+05
   7  w_CBO        2.32500e+00   constant   
   8  beta_CBO     0.00000e+00     fixed    
   9  alpha_2CBO   0.00000e+00     fixed    
  10  beta_2CBO    0.00000e+00   1.00000e-03   1.00000e-03   5.22575e+04
  11  alpha_y      0.00000e+00     fixed    
  12  w_y          1.38860e+01   constant   
  13  beta_y       0.00000e+00   1.00000e-03   1.00000e-03  -1.72682e+05
  14  alpha_vw     0.00000e+00     fixed    
  15  w_vw         1.43404e+01   constant   
  16  beta_vw      0.00000e+00     fixed    
  17  LM           1.71412e-04   constant   
  18  zeta_y       0.00000e+00   constant   
  19  zeta_vw      0.00000e+00   constant   
  20  T_CBO        1.69753e+01   1.06853e+00  -3.67928e-03  -5.16337e+02
  21  alpha_A0     4.59307e-01   1.43059e-01   5.89860e-02   1.12848e+00
  22  beta_A0      2.27822e-01   6.77664e-02   2.79672e-02  -2.69351e+00
  23  alpha_phi    8.55698e-01   2.67022e-01   1.10100e-01  -4.20058e+00
  24  beta_phi    -1.70786e+00   5.15711e-01  -2.12783e-01   6.75299e+00
 CALL LIMIT EXCEEDED IN MIGRAD.
 MIGRAD TERMINATED WITHOUT CONVERGENCE.
 FCN=2161.48 FROM MIGRAD    STATUS=CALL LIMIT   1909 CALLS        3240 TOTAL
                     EDM=0.538427    STRATEGY= 1  ERROR MATRIX UNCERTAINTY  24.8 per cent
  EXT PARAMETER                APPROXIMATE        STEP         FIRST   
  NO.   NAME      VALUE            ERROR          SIZE      DERIVATIVE 
   1  N0           2.91010e+06   2.53650e+02  -7.47125e+01  -1.79632e-03
   2  tau          6.44099e+01   constant   
   3  A0           3.52735e-01   1.29267e-04  -1.44190e-05  -1.17870e+03
   4  phi          4.11238e+00   3.41365e-04  -1.76542e-04  -2.23313e+03
   5  R           -6.16610e+01   constant   
   6  alpha_CBO    8.79869e-04   1.26316e-04  -2.39480e-05  -2.68647e+03
   7  w_CBO        2.32500e+00   constant   
   8  beta_CBO     0.00000e+00     fixed    
   9  alpha_2CBO   0.00000e+00     fixed    
  10  beta_2CBO   -4.37128e-04   1.21366e-04  -3.86824e-05  -3.16532e+03
  11  alpha_y      0.00000e+00     fixed    
  12  w_y          1.38860e+01   constant   
  13  beta_y       1.33746e-03   1.24398e-04  -9.29276e-06  -8.91164e+02
  14  alpha_vw     0.00000e+00     fixed    
  15  w_vw         1.43404e+01   constant   
  16  beta_vw      0.00000e+00     fixed    
  17  LM           1.71412e-04   constant   
  18  zeta_y       0.00000e+00   constant   
  19  zeta_vw      0.00000e+00   constant   
  20  T_CBO        6.14334e+00   1.56704e-01  -2.40774e-03  -1.27717e+03
  21  alpha_A0     1.66610e+04   4.43540e+03   6.62665e+03   1.87702e-04
  22  beta_A0      6.96875e+03   1.85676e+03   2.77414e+03   2.50374e-04
  23  alpha_phi    2.13887e+04   5.69523e+03   8.50896e+03  -5.88717e-04
  24  beta_phi    -4.69575e+04   1.25008e+04  -1.86766e+04   6.56070e-05
 EXTERNAL ERROR MATRIX.    NDIM=  25    NPAR= 11    ERR DEF=1
  6.434e+04 
 -2.056e-03  1.671e-08 
  6.114e-03  1.081e-09  1.165e-07 
 -2.242e-03 -3.417e-09 -3.995e-10  1.596e-08 
 -1.392e-03 -2.547e-10  8.516e-10  4.552e-10  1.473e-08 
 -6.399e-05  4.320e-10  1.109e-10  2.035e-10 -2.475e-10  1.547e-08 
  1.863e-01  4.998e-07 -2.732e-06  1.736e-07  2.115e-07 -1.396e-08  2.456e-02 
 -1.999e+04 -4.854e-02  5.510e-02 -5.497e-04 -7.384e-03 -3.362e-03 -6.635e+02  1.967e+07 
 -8.380e+03 -2.031e-02  2.306e-02 -2.315e-04 -3.091e-03 -1.407e-03 -2.778e+02  8.235e+06  3.448e+06 
 -2.568e+04 -6.232e-02  7.075e-02 -7.113e-04 -9.479e-03 -4.316e-03 -8.520e+02  2.526e+07  1.057e+07  3.244e+07 
  5.635e+04  1.368e-01 -1.553e-01  1.558e-03  2.081e-02  9.474e-03  1.870e+03 -5.545e+07 -2.321e+07 -7.119e+07  1.563e+08 
ERR MATRIX APPROXIMATE
 PARAMETER  CORRELATION COEFFICIENTS  
       NO.  GLOBAL      1      3      4      6     10     13     20     21     22     23     24
        1  0.23523   1.000 -0.063  0.071 -0.070 -0.045 -0.002  0.005 -0.018 -0.018 -0.018  0.018
        3  0.37146  -0.063  1.000  0.024 -0.209 -0.016  0.027  0.025 -0.085 -0.085 -0.085  0.085
        4  0.13278   0.071  0.024  1.000 -0.009  0.021  0.003 -0.051  0.036  0.036  0.036 -0.036
        6  0.27109  -0.070 -0.209 -0.009  1.000  0.030  0.013  0.009 -0.001 -0.001 -0.001  0.001
       10  0.11964  -0.045 -0.016  0.021  0.030  1.000 -0.016  0.011 -0.014 -0.014 -0.014  0.014
       13  0.05102  -0.002  0.027  0.003  0.013 -0.016  1.000 -0.001 -0.006 -0.006 -0.006  0.006
       20  0.96110   0.005  0.025 -0.051  0.009  0.011 -0.001  1.000 -0.955 -0.955 -0.955  0.955
       21  1.00000  -0.018 -0.085  0.036 -0.001 -0.014 -0.006 -0.955  1.000  1.000  1.000 -1.000
       22  1.00000  -0.018 -0.085  0.036 -0.001 -0.014 -0.006 -0.955  1.000  1.000  1.000 -1.000
       23  1.00000  -0.018 -0.085  0.036 -0.001 -0.014 -0.006 -0.955  1.000  1.000  1.000 -1.000
       24  1.00000   0.018  0.085 -0.036  0.001  0.014  0.006  0.955 -1.000 -1.000 -1.000  1.000
 ERR MATRIX APPROXIMATE
MINUIT - FIT ONLY 2-CBO
 **********
 **   25 **RES 
 **********
                   PARAMETER   16  beta_vw RESTORED TO VARIABLE.
                   PARAMETER   14  alpha_vw RESTORED TO VARIABLE.
                   PARAMETER   11  alpha_y RESTORED TO VARIABLE.
                   PARAMETER    9  alpha_2CBO RESTORED TO VARIABLE.
                   PARAMETER    8  beta_CBO RESTORED TO VARIABLE.
 **********
 **   26 **FIX            0
 **********
 PARAMETER    0  IS UNDEFINED. IGNORED.
 **********
 **   27 **FIX            1
 **********
 **********
 **   28 **FIX            2
 **********
 PARAMETER    2  IS CONSTANT.   IGNORED.
 **********
 **   29 **FIX            3
 **********
 **********
 **   30 **FIX            4
 **********
 **********
 **   31 **FIX            5
 **********
 PARAMETER    5  IS CONSTANT.   IGNORED.
 **********
 **   32 **FIX            6
 **********
 **********
 **   33 **FIX            7
 **********
 PARAMETER    7  IS CONSTANT.   IGNORED.
 **********
 **   34 **FIX           10
 **********
 **********
 **   35 **FIX           11
 **********
 **********
 **   36 **FIX           12
 **********
 PARAMETER   12  IS CONSTANT.   IGNORED.
 **********
 **   37 **FIX           13
 **********
 **********
 **   38 **FIX           14
 **********
 **********
 **   39 **FIX           15
 **********
 PARAMETER   15  IS CONSTANT.   IGNORED.
 **********
 **   40 **FIX           16
 **********
 **********
 **   41 **MIGRAD
 **********
 START MIGRAD MINIMIZATION.  STRATEGY  1.  CONVERGENCE WHEN EDM .LT. 1.00e-04
 FCN=2161.48 FROM MIGRAD    STATUS=INITIATE       18 CALLS        3258 TOTAL
                     EDM= unknown      STRATEGY= 1      NO ERROR MATRIX       
  EXT PARAMETER               CURRENT GUESS       STEP         FIRST   
  NO.   NAME      VALUE            ERROR          SIZE      DERIVATIVE 
   1  N0           2.91010e+06     fixed    
   2  tau          6.44099e+01   constant   
   3  A0           3.52735e-01     fixed    
   4  phi          4.11238e+00     fixed    
   5  R           -6.16610e+01   constant   
   6  alpha_CBO    8.79869e-04     fixed    
   7  w_CBO        2.32500e+00   constant   
   8  beta_CBO     0.00000e+00   1.00000e-03   1.00000e-03   6.91839e+05
   9  alpha_2CBO   0.00000e+00   1.00000e-03   1.00000e-03  -4.73717e+04
  10  beta_2CBO   -4.37128e-04     fixed    
  11  alpha_y      0.00000e+00     fixed    
  12  w_y          1.38860e+01   constant   
  13  beta_y       1.33746e-03     fixed    
  14  alpha_vw     0.00000e+00     fixed    
  15  w_vw         1.43404e+01   constant   
  16  beta_vw      0.00000e+00     fixed    
  17  LM           1.71412e-04   constant   
  18  zeta_y       0.00000e+00   constant   
  19  zeta_vw      0.00000e+00   constant   
  20  T_CBO        6.14334e+00   1.56704e-01  -2.40774e-03  -1.27719e+03
  21  alpha_A0     1.66610e+04   4.43540e+03   6.62665e+03   1.87702e-04
  22  beta_A0      6.96875e+03   1.85676e+03   2.77414e+03   2.50374e-04
  23  alpha_phi    2.13887e+04   5.69523e+03   8.50896e+03  -5.88717e-04
  24  beta_phi    -4.69575e+04   1.25008e+04  -1.86766e+04   6.56070e-05
 CALL LIMIT EXCEEDED IN MIGRAD.
 MIGRAD TERMINATED WITHOUT CONVERGENCE.
 FCN=243.581 FROM MIGRAD    STATUS=CALL LIMIT   1148 CALLS        4388 TOTAL
                     EDM=0.0381836    STRATEGY= 1  ERROR MATRIX UNCERTAINTY   5.7 per cent
  EXT PARAMETER                APPROXIMATE        STEP         FIRST   
  NO.   NAME      VALUE            ERROR          SIZE      DERIVATIVE 
   1  N0           2.91010e+06     fixed    
   2  tau          6.44099e+01   constant   
   3  A0           3.52735e-01     fixed    
   4  phi          4.11238e+00     fixed    
   5  R           -6.16610e+01   constant   
   6  alpha_CBO    8.79869e-04     fixed    
   7  w_CBO        2.32500e+00   constant   
   8  beta_CBO    -5.52820e-03   1.20390e-04   4.07595e-07   4.40120e+02
   9  alpha_2CBO   2.67265e-04   1.26459e-04   4.63880e-07  -2.42052e+02
  10  beta_2CBO   -4.37128e-04     fixed    
  11  alpha_y      0.00000e+00     fixed    
  12  w_y          1.38860e+01   constant   
  13  beta_y       1.33746e-03     fixed    
  14  alpha_vw     0.00000e+00     fixed    
  15  w_vw         1.43404e+01   constant   
  16  beta_vw      0.00000e+00     fixed    
  17  LM           1.71412e-04   constant   
  18  zeta_y       0.00000e+00   constant   
  19  zeta_vw      0.00000e+00   constant   
  20  T_CBO        8.52680e+00   6.37360e-01   8.38278e-04  -3.24166e+02
  21  alpha_A0     1.28459e+02   1.42477e+02  -9.28367e+00   3.23222e-03
  22  beta_A0     -4.45437e+01   8.72980e+01   4.75840e+00  -3.63465e-04
  23  alpha_phi    2.72906e+02   2.86759e+02  -3.02888e+01  -3.79946e-03
  24  beta_phi    -3.18086e+02   3.10755e+02   3.55017e+01   5.37422e-03
 EXTERNAL ERROR MATRIX.    NDIM=  25    NPAR=  7    ERR DEF=1
  1.449e-08  1.158e-10 -4.288e-07  4.583e-04  5.820e-04  1.560e-04 -1.579e-03 
  1.158e-10  1.599e-08  1.751e-07 -1.305e-04  1.502e-03 -1.413e-03  7.108e-06 
 -4.288e-07  1.751e-07  4.062e-01 -8.138e+01  2.982e+01 -1.754e+02  1.939e+02 
  4.583e-04 -1.305e-04 -8.138e+01  2.030e+04 -7.244e+03  3.613e+04 -4.059e+04 
  5.820e-04  1.502e-03  2.982e+01 -7.244e+03  7.621e+03 -1.426e+04  1.438e+04 
  1.560e-04 -1.413e-03 -1.754e+02  3.613e+04 -1.426e+04  8.223e+04 -8.008e+04 
 -1.579e-03  7.108e-06  1.939e+02 -4.059e+04  1.438e+04 -8.008e+04  9.657e+04 
ERR MATRIX APPROXIMATE
 PARAMETER  CORRELATION COEFFICIENTS  
       NO.  GLOBAL      8      9     20     21     22     23     24
        8  0.41444   1.000  0.008 -0.006  0.027  0.055  0.005 -0.042
        9  0.29957   0.008  1.000  0.002 -0.007  0.136 -0.039  0.000
       20  0.99862  -0.006  0.002  1.000 -0.896  0.536 -0.960  0.979
       21  0.97413   0.027 -0.007 -0.896  1.000 -0.582  0.884 -0.917
       22  0.63476   0.055  0.136  0.536 -0.582  1.000 -0.570  0.530
       23  0.99441   0.005 -0.039 -0.960  0.884 -0.570  1.000 -0.899
       24  0.99747  -0.042  0.000  0.979 -0.917  0.530 -0.899  1.000
 ERR MATRIX APPROXIMATE
MINUIT - FIT wiggle + 1-CBO + 2-CBO
 **********
 **   42 **RES 
 **********
                   PARAMETER   16  beta_vw RESTORED TO VARIABLE.
                   PARAMETER   14  alpha_vw RESTORED TO VARIABLE.
                   PARAMETER   13  beta_y RESTORED TO VARIABLE.
                   PARAMETER   11  alpha_y RESTORED TO VARIABLE.
                   PARAMETER   10  beta_2CBO RESTORED TO VARIABLE.
                   PARAMETER    6  alpha_CBO RESTORED TO VARIABLE.
                   PARAMETER    4  phi RESTORED TO VARIABLE.
                   PARAMETER    3  A0 RESTORED TO VARIABLE.
                   PARAMETER    1  N0 RESTORED TO VARIABLE.
 **********
 **   43 **FIX           10
 **********
 **********
 **   44 **FIX           11
 **********
 **********
 **   45 **FIX           12
 **********
 PARAMETER   12  IS CONSTANT.   IGNORED.
 **********
 **   46 **FIX           13
 **********
 **********
 **   47 **FIX           14
 **********
 **********
 **   48 **FIX           15
 **********
 PARAMETER   15  IS CONSTANT.   IGNORED.
 **********
 **   49 **FIX           16
 **********
 **********
 **   50 **MIGRAD
 **********
 START MIGRAD MINIMIZATION.  STRATEGY  1.  CONVERGENCE WHEN EDM .LT. 1.00e-04
 FCN=243.581 FROM MIGRAD    STATUS=INITIATE       22 CALLS        4410 TOTAL
                     EDM= unknown      STRATEGY= 1      NO ERROR MATRIX       
  EXT PARAMETER               CURRENT GUESS       STEP         FIRST   
  NO.   NAME      VALUE            ERROR          SIZE      DERIVATIVE 
   1  N0           2.91010e+06   2.53650e+02   2.53650e+02   2.65927e-03
   2  tau          6.44099e+01   constant   
   3  A0           3.52735e-01   1.29267e-04   1.29267e-04  -9.03950e+04
   4  phi          4.11238e+00   3.41365e-04   3.41365e-04  -5.14307e+04
   5  R           -6.16610e+01   constant   
   6  alpha_CBO    8.79869e-04   1.26316e-04   1.26316e-04  -2.44955e+04
   7  w_CBO        2.32500e+00   constant   
   8  beta_CBO    -5.52820e-03   1.20390e-04   4.07595e-07   4.40120e+02
   9  alpha_2CBO   2.67265e-04   1.26459e-04   4.63880e-07  -2.42052e+02
  10  beta_2CBO   -4.37128e-04     fixed    
  11  alpha_y      0.00000e+00     fixed    
  12  w_y          1.38860e+01   constant   
  13  beta_y       1.33746e-03     fixed    
  14  alpha_vw     0.00000e+00     fixed    
  15  w_vw         1.43404e+01   constant   
  16  beta_vw      0.00000e+00     fixed    
  17  LM           1.71412e-04   constant   
  18  zeta_y       0.00000e+00   constant   
  19  zeta_vw      0.00000e+00   constant   
  20  T_CBO        8.52680e+00   6.37360e-01   8.38278e-04  -3.24166e+02
  21  alpha_A0     1.28459e+02   1.42477e+02  -9.28367e+00   3.23222e-03
  22  beta_A0     -4.45437e+01   8.72980e+01   4.75840e+00  -3.63465e-04
  23  alpha_phi    2.72906e+02   2.86759e+02  -3.02888e+01  -3.79946e-03
  24  beta_phi    -3.18086e+02   3.10755e+02   3.55017e+01   5.37422e-03
 CALL LIMIT EXCEEDED IN MIGRAD.
 MIGRAD TERMINATED WITHOUT CONVERGENCE.
 FCN=108.984 FROM MIGRAD    STATUS=CALL LIMIT   1919 CALLS        6307 TOTAL
                     EDM=0.0191269    STRATEGY= 1  ERROR MATRIX UNCERTAINTY   0.3 per cent
  EXT PARAMETER                APPROXIMATE        STEP         FIRST   
  NO.   NAME      VALUE            ERROR          SIZE      DERIVATIVE 
   1  N0           2.91028e+06   2.47435e+02   1.33537e+00   4.81631e-05
   2  tau          6.44099e+01   constant   
   3  A0           3.53565e-01   1.30257e-04   1.02519e-06  -4.11599e+02
   4  phi          4.11606e+00   3.65501e-04  -1.37061e-06  -3.24518e+01
   5  R           -6.16610e+01   constant   
   6  alpha_CBO    9.59337e-04   1.25991e-04   6.63652e-08  -1.86167e+02
   7  w_CBO        2.32500e+00   constant   
   8  beta_CBO    -5.91072e-03   1.29327e-04  -5.11342e-07   1.76341e+02
   9  alpha_2CBO   3.56322e-04   1.27583e-04  -3.17602e-09  -2.71383e+02
  10  beta_2CBO   -4.37128e-04     fixed    
  11  alpha_y      0.00000e+00     fixed    
  12  w_y          1.38860e+01   constant   
  13  beta_y       1.33746e-03     fixed    
  14  alpha_vw     0.00000e+00     fixed    
  15  w_vw         1.43404e+01   constant   
  16  beta_vw      0.00000e+00     fixed    
  17  LM           1.71412e-04   constant   
  18  zeta_y       0.00000e+00   constant   
  19  zeta_vw      0.00000e+00   constant   
  20  T_CBO        1.34879e+01   2.22567e+00   1.70206e-03  -7.89739e+01
  21  alpha_A0     1.70866e+00   2.60667e+00  -1.92121e-01   1.31509e-02
  22  beta_A0     -8.57632e-01   1.63419e+00   7.80051e-02   1.35691e-01
  23  alpha_phi    2.36963e+00   3.31718e+00  -3.15449e-01  -1.87548e-01
  24  beta_phi    -3.83483e+00   5.34533e+00   4.73540e-01   1.42443e-01
 EXTERNAL ERROR MATRIX.    NDIM=  25    NPAR= 11    ERR DEF=1
  6.122e+04 
 -1.376e-03  1.697e-08 
  7.171e-03  4.500e-09  1.336e-07 
 -2.775e-03 -1.634e-09 -1.692e-09  1.587e-08 
  8.908e-04 -2.092e-09 -1.135e-08 -2.081e-10  1.673e-08 
 -7.160e-04  2.843e-10  1.192e-10 -8.869e-10  1.065e-10  1.628e-08 
 -2.039e+01  2.278e-05 -7.857e-05 -3.353e-06  3.645e-06 -1.730e-06  4.954e+00 
  4.055e+01 -4.659e-05  1.011e-04  1.642e-05 -2.259e-06  4.653e-07 -5.322e+00  6.795e+00 
 -8.703e+01  3.150e-05 -7.992e-05  4.544e-06  2.344e-06  1.277e-05  3.038e+00 -3.549e+00  2.671e+00 
 -3.188e+01 -3.178e-05  3.893e-05 -2.235e-06  1.850e-07 -9.866e-06 -7.041e+00  7.545e+00 -3.879e+00  1.100e+01 
 -9.410e+01  8.650e-05 -1.996e-04 -1.005e-05 -8.657e-06 -1.448e-07  1.169e+01 -1.249e+01  7.438e+00 -1.589e+01  2.857e+01 
ERR MATRIX APPROXIMATE
 PARAMETER  CORRELATION COEFFICIENTS  
       NO.  GLOBAL      1      3      4      6      8      9     20     21     22     23     24
        1  0.36303   1.000 -0.043  0.079 -0.089  0.028 -0.023 -0.037  0.063 -0.215 -0.039 -0.071
        3  0.47237  -0.043  1.000  0.095 -0.100 -0.124  0.017  0.079 -0.137  0.148 -0.074  0.124
        4  0.34929   0.079  0.095  1.000 -0.037 -0.240  0.003 -0.097  0.106 -0.134  0.032 -0.102
        6  0.26347  -0.089 -0.100 -0.037  1.000 -0.013 -0.055 -0.012  0.050  0.022 -0.005 -0.015
        8  0.32590   0.028 -0.124 -0.240 -0.013  1.000  0.006  0.013 -0.007  0.011  0.000 -0.013
        9  0.31204  -0.023  0.017  0.003 -0.055  0.006  1.000 -0.006  0.001  0.061 -0.023 -0.000
       20  0.99774  -0.037  0.079 -0.097 -0.012  0.013 -0.006  1.000 -0.917  0.835 -0.954  0.983
       21  0.93116   0.063 -0.137  0.106  0.050 -0.007  0.001 -0.917  1.000 -0.833  0.873 -0.897
       22  0.90978  -0.215  0.148 -0.134  0.022  0.011  0.061  0.835 -0.833  1.000 -0.715  0.851
       23  0.98666  -0.039 -0.074  0.032 -0.005  0.000 -0.023 -0.954  0.873 -0.715  1.000 -0.896
       24  0.99393  -0.071  0.124 -0.102 -0.015 -0.013 -0.000  0.983 -0.897  0.851 -0.896  1.000
 ERR MATRIX APPROXIMATE
MINUIT - FIT ONLY 1-y
 **********
 **   51 **RES 
 **********
                   PARAMETER   16  beta_vw RESTORED TO VARIABLE.
                   PARAMETER   14  alpha_vw RESTORED TO VARIABLE.
                   PARAMETER   13  beta_y RESTORED TO VARIABLE.
                   PARAMETER   11  alpha_y RESTORED TO VARIABLE.
                   PARAMETER   10  beta_2CBO RESTORED TO VARIABLE.
 **********
 **   52 **FIX            0
 **********
 PARAMETER    0  IS UNDEFINED. IGNORED.
 **********
 **   53 **FIX            1
 **********
 **********
 **   54 **FIX            2
 **********
 PARAMETER    2  IS CONSTANT.   IGNORED.
 **********
 **   55 **FIX            3
 **********
 **********
 **   56 **FIX            4
 **********
 **********
 **   57 **FIX            5
 **********
 PARAMETER    5  IS CONSTANT.   IGNORED.
 **********
 **   58 **FIX            6
 **********
 **********
 **   59 **FIX            7
 **********
 PARAMETER    7  IS CONSTANT.   IGNORED.
 **********
 **   60 **FIX            8
 **********
 **********
 **   61 **FIX            9
 **********
 **********
 **   62 **FIX           13
 **********
 **********
 **   63 **FIX           14
 **********
 **********
 **   64 **FIX           15
 **********
 PARAMETER   15  IS CONSTANT.   IGNORED.
 **********
 **   65 **FIX           16
 **********
 **********
 **   66 **MIGRAD
 **********
 START MIGRAD MINIMIZATION.  STRATEGY  1.  CONVERGENCE WHEN EDM .LT. 1.00e-04
 FCN=108.984 FROM MIGRAD    STATUS=INITIATE       16 CALLS        6323 TOTAL
                     EDM= unknown      STRATEGY= 1      NO ERROR MATRIX       
  EXT PARAMETER               CURRENT GUESS       STEP         FIRST   
  NO.   NAME      VALUE            ERROR          SIZE      DERIVATIVE 
   1  N0           2.91028e+06     fixed    
   2  tau          6.44099e+01   constant   
   3  A0           3.53565e-01     fixed    
   4  phi          4.11606e+00     fixed    
   5  R           -6.16610e+01   constant   
   6  alpha_CBO    9.59337e-04     fixed    
   7  w_CBO        2.32500e+00   constant   
   8  beta_CBO    -5.91072e-03     fixed    
   9  alpha_2CBO   3.56322e-04     fixed    
  10  beta_2CBO   -4.37128e-04   1.21366e-04   1.21366e-04  -5.13190e+04
  11  alpha_y      0.00000e+00   1.00000e-03   1.00000e-03   2.19301e+04
  12  w_y          1.38860e+01   constant   
  13  beta_y       1.33746e-03     fixed    
  14  alpha_vw     0.00000e+00     fixed    
  15  w_vw         1.43404e+01   constant   
  16  beta_vw      0.00000e+00     fixed    
  17  LM           1.71412e-04   constant   
  18  zeta_y       0.00000e+00   constant   
  19  zeta_vw      0.00000e+00   constant   
  20  T_CBO        1.34879e+01   2.22567e+00   1.70206e-03  -7.89738e+01
  21  alpha_A0     1.70866e+00   2.60667e+00  -1.92121e-01   1.31509e-02
  22  beta_A0     -8.57632e-01   1.63419e+00   7.80051e-02   1.35691e-01
  23  alpha_phi    2.36963e+00   3.31718e+00  -3.15449e-01  -1.87548e-01
  24  beta_phi    -3.83483e+00   5.34533e+00   4.73540e-01   1.42443e-01
 CALL LIMIT EXCEEDED IN MIGRAD.
 MIGRAD TERMINATED WITHOUT CONVERGENCE.
 FCN=94.7155 FROM MIGRAD    STATUS=CALL LIMIT   1161 CALLS        7468 TOTAL
                     EDM=0.00828192    STRATEGY= 1  ERROR MATRIX UNCERTAINTY  14.9 per cent
  EXT PARAMETER                APPROXIMATE        STEP         FIRST   
  NO.   NAME      VALUE            ERROR          SIZE      DERIVATIVE 
   1  N0           2.91028e+06     fixed    
   2  tau          6.44099e+01   constant   
   3  A0           3.53565e-01     fixed    
   4  phi          4.11606e+00     fixed    
   5  R           -6.16610e+01   constant   
   6  alpha_CBO    9.59337e-04     fixed    
   7  w_CBO        2.32500e+00   constant   
   8  beta_CBO    -5.91072e-03     fixed    
   9  alpha_2CBO   3.56322e-04     fixed    
  10  beta_2CBO    1.41748e-05   1.24158e-04   2.73399e-07   1.46974e+02
  11  alpha_y     -1.87865e-04   1.28227e-04  -4.89190e-06  -2.87837e+02
  12  w_y          1.38860e+01   constant   
  13  beta_y       1.33746e-03     fixed    
  14  alpha_vw     0.00000e+00     fixed    
  15  w_vw         1.43404e+01   constant   
  16  beta_vw      0.00000e+00     fixed    
  17  LM           1.71412e-04   constant   
  18  zeta_y       0.00000e+00   constant   
  19  zeta_vw      0.00000e+00   constant   
  20  T_CBO        3.04384e+01   1.36815e+01   4.07524e-03  -1.15692e+01
  21  alpha_A0     2.03961e-02   3.92215e-02  -1.16842e-03   4.84175e+00
  22  beta_A0     -1.39264e-02   2.89909e-02   7.01995e-04  -7.08758e-01
  23  alpha_phi    4.08530e-02   6.92358e-02  -3.73354e-03  -6.09850e+00
  24  beta_phi    -7.47942e-02   1.26021e-01   5.57055e-03   5.27851e+00
 EXTERNAL ERROR MATRIX.    NDIM=  25    NPAR=  7    ERR DEF=1
  1.542e-08 -4.584e-10  9.982e-05 -6.117e-07  2.294e-07 -5.802e-07  6.493e-07 
 -4.584e-10  1.644e-08 -1.939e-04  5.652e-07 -5.246e-07  6.230e-07 -9.774e-07 
  9.982e-05 -1.939e-04  1.876e+02 -4.860e-01  3.152e-01 -9.296e-01  1.700e+00 
 -6.117e-07  5.652e-07 -4.860e-01  1.538e-03 -8.329e-04  2.470e-03 -4.522e-03 
  2.294e-07 -5.246e-07  3.152e-01 -8.329e-04  8.405e-04 -1.559e-03  2.811e-03 
 -5.802e-07  6.230e-07 -9.296e-01  2.470e-03 -1.559e-03  4.794e-03 -8.484e-03 
  6.493e-07 -9.774e-07  1.700e+00 -4.522e-03  2.811e-03 -8.484e-03  1.588e-02 
ERR MATRIX APPROXIMATE
 PARAMETER  CORRELATION COEFFICIENTS  
       NO.  GLOBAL     10     11     20     21     22     23     24
       10  0.24241   1.000 -0.029  0.059 -0.126  0.064 -0.067  0.041
       11  0.37260  -0.029  1.000 -0.110  0.112 -0.141  0.070 -0.060
       20  0.99160   0.059 -0.110  1.000 -0.905  0.794 -0.980  0.985
       21  0.92591  -0.126  0.112 -0.905  1.000 -0.732  0.910 -0.915
       22  0.79991   0.064 -0.141  0.794 -0.732  1.000 -0.777  0.769
       23  0.98266  -0.067  0.070 -0.980  0.910 -0.777  1.000 -0.972
       24  0.98842   0.041 -0.060  0.985 -0.915  0.769 -0.972  1.000
 ERR MATRIX APPROXIMATE
MINUIT - FIT ONLY 2-y
 **********
 **   67 **RES 
 **********
                   PARAMETER   16  beta_vw RESTORED TO VARIABLE.
                   PARAMETER   14  alpha_vw RESTORED TO VARIABLE.
                   PARAMETER   13  beta_y RESTORED TO VARIABLE.
                   PARAMETER    9  alpha_2CBO RESTORED TO VARIABLE.
                   PARAMETER    8  beta_CBO RESTORED TO VARIABLE.
                   PARAMETER    6  alpha_CBO RESTORED TO VARIABLE.
                   PARAMETER    4  phi RESTORED TO VARIABLE.
                   PARAMETER    3  A0 RESTORED TO VARIABLE.
                   PARAMETER    1  N0 RESTORED TO VARIABLE.
 **********
 **   68 **FIX            0
 **********
 PARAMETER    0  IS UNDEFINED. IGNORED.
 **********
 **   69 **FIX            1
 **********
 **********
 **   70 **FIX            2
 **********
 PARAMETER    2  IS CONSTANT.   IGNORED.
 **********
 **   71 **FIX            3
 **********
 **********
 **   72 **FIX            4
 **********
 **********
 **   73 **FIX            5
 **********
 PARAMETER    5  IS CONSTANT.   IGNORED.
 **********
 **   74 **FIX            6
 **********
 **********
 **   75 **FIX            7
 **********
 PARAMETER    7  IS CONSTANT.   IGNORED.
 **********
 **   76 **FIX            8
 **********
 **********
 **   77 **FIX            9
 **********
 **********
 **   78 **FIX           10
 **********
 **********
 **   79 **FIX           11
 **********
 **********
 **   80 **FIX           12
 **********
 PARAMETER   12  IS CONSTANT.   IGNORED.
 **********
 **   81 **FIX           16
 **********
 **********
 **   82 **MIGRAD
 **********
 START MIGRAD MINIMIZATION.  STRATEGY  1.  CONVERGENCE WHEN EDM .LT. 1.00e-04
 FCN=94.7155 FROM MIGRAD    STATUS=INITIATE       16 CALLS        7484 TOTAL
                     EDM= unknown      STRATEGY= 1      NO ERROR MATRIX       
  EXT PARAMETER               CURRENT GUESS       STEP         FIRST   
  NO.   NAME      VALUE            ERROR          SIZE      DERIVATIVE 
   1  N0           2.91028e+06     fixed    
   2  tau          6.44099e+01   constant   
   3  A0           3.53565e-01     fixed    
   4  phi          4.11606e+00     fixed    
   5  R           -6.16610e+01   constant   
   6  alpha_CBO    9.59337e-04     fixed    
   7  w_CBO        2.32500e+00   constant   
   8  beta_CBO    -5.91072e-03     fixed    
   9  alpha_2CBO   3.56322e-04     fixed    
  10  beta_2CBO    1.41748e-05     fixed    
  11  alpha_y     -1.87865e-04     fixed    
  12  w_y          1.38860e+01   constant   
  13  beta_y       1.33746e-03   1.24398e-04   1.24398e-04  -7.23611e+02
  14  alpha_vw     0.00000e+00   1.00000e-03   1.00000e-03   2.42622e+04
  15  w_vw         1.43404e+01   constant   
  16  beta_vw      0.00000e+00     fixed    
  17  LM           1.71412e-04   constant   
  18  zeta_y       0.00000e+00   constant   
  19  zeta_vw      0.00000e+00   constant   
  20  T_CBO        3.04384e+01   1.36815e+01   4.07524e-03  -1.15691e+01
  21  alpha_A0     2.03961e-02   3.92215e-02  -1.16842e-03   4.84175e+00
  22  beta_A0     -1.39264e-02   2.89909e-02   7.01995e-04  -7.08758e-01
  23  alpha_phi    4.08530e-02   6.92358e-02  -3.73354e-03  -6.09850e+00
  24  beta_phi    -7.47942e-02   1.26021e-01   5.57055e-03   5.27851e+00
 MIGRAD MINIMIZATION HAS CONVERGED.
 MIGRAD WILL VERIFY CONVERGENCE AND ERROR MATRIX.
 FCN=92.3117 FROM MIGRAD    STATUS=CONVERGED     746 CALLS        8214 TOTAL
                     EDM=6.20977e-06    STRATEGY= 1      ERR MATRIX NOT POS-DEF
  EXT PARAMETER                APPROXIMATE        STEP         FIRST   
  NO.   NAME      VALUE            ERROR          SIZE      DERIVATIVE 
   1  N0           2.91028e+06     fixed    
   2  tau          6.44099e+01   constant   
   3  A0           3.53565e-01     fixed    
   4  phi          4.11606e+00     fixed    
   5  R           -6.16610e+01   constant   
   6  alpha_CBO    9.59337e-04     fixed    
   7  w_CBO        2.32500e+00   constant   
   8  beta_CBO    -5.91072e-03     fixed    
   9  alpha_2CBO   3.56322e-04     fixed    
  10  beta_2CBO    1.41748e-05     fixed    
  11  alpha_y     -1.87865e-04     fixed    
  12  w_y          1.38860e+01   constant   
  13  beta_y       1.31446e-03   1.26121e-04   5.88653e-07  -1.29146e+01
  14  alpha_vw    -1.94352e-04   1.27182e-04   5.93532e-07   3.92026e-01
  15  w_vw         1.43404e+01   constant   
  16  beta_vw      0.00000e+00     fixed    
  17  LM           1.71412e-04   constant   
  18  zeta_y       0.00000e+00   constant   
  19  zeta_vw      0.00000e+00   constant   
  20  T_CBO        4.42178e+01   4.23349e+01   6.18813e-05  -2.11649e-01
  21  alpha_A0     7.37742e-03   1.67571e-02   2.17040e-05   4.46272e-02
  22  beta_A0     -4.93460e-03   1.17233e-02   2.21954e-05   1.35308e-01
  23  alpha_phi    1.52086e-02   3.28101e-02   2.17886e-05  -2.51353e-01
  24  beta_phi    -2.74469e-02   5.87694e-02   2.09947e-05   5.76317e-01
 EXTERNAL ERROR MATRIX.    NDIM=  25    NPAR=  7    ERR DEF=1
  1.591e-08  2.375e-09  1.828e-05 -2.447e-08  9.086e-09 -2.074e-08  2.728e-08 
  2.375e-09  1.618e-08  1.154e-04 -5.893e-08  2.725e-08 -9.050e-08  1.506e-07 
  1.828e-05  1.154e-04  1.818e+03 -6.872e-01  4.577e-01 -1.385e+00  2.499e+00 
 -2.447e-08 -5.893e-08 -6.872e-01  2.808e-04 -1.753e-04  5.233e-04 -9.444e-04 
  9.086e-09  2.725e-08  4.577e-01 -1.753e-04  1.374e-04 -3.483e-04  6.311e-04 
 -2.074e-08 -9.050e-08 -1.385e+00  5.233e-04 -3.483e-04  1.077e-03 -1.903e-03 
  2.728e-08  1.506e-07  2.499e+00 -9.444e-04  6.311e-04 -1.903e-03  3.454e-03 
ERR MATRIX NOT POS-DEF
 PARAMETER  CORRELATION COEFFICIENTS  
       NO.  GLOBAL     13     14     20     21     22     23     24
       13  0.15105   1.000  0.148  0.003 -0.012  0.006 -0.005  0.004
       14  0.15190   0.148  1.000  0.021 -0.028  0.018 -0.022  0.020
       20  0.99798   0.003  0.021  1.000 -0.962  0.916 -0.990  0.997
       21  0.96225  -0.012 -0.028 -0.962  1.000 -0.892  0.952 -0.959
       22  0.91747   0.006  0.018  0.916 -0.892  1.000 -0.905  0.916
       23  0.99022  -0.005 -0.022 -0.990  0.952 -0.905  1.000 -0.987
