 + ++++++++++++++++++++++++++++++++++++++++++++++++++++++++++++++++++++ +
 +                                                                      +
 +           You have chose to blind your fitting according to          +
 +                omega_ref * (1 + (R +/- deltaR) *10^{-6})             +
 +                                                                      +
 + ++++++++++++++++++++++++++++++++++++++++++++++++++++++++++++++++++++ +
In main()...
reading format from /gm2data/zkhechad/run45/envelope/formats/formatB_sBin_constraintOn.txt
pBinTau 	= 0  
pBinPhi 	= 0  
constraintau 	= 1 
includeMopTerm 	= 0    
constrainMop    = 0   
Parameters after format file: pBinTau 0 pBinPhi 0 constraintau 1 includeMopTerm 0 constrainMop 0 c_e_scale 0.000000 
Opening file /gm2data/tbarrett/gm2fr/studies/run23_bunch_corrections/CorrectedFourier_Run3b.root.
reading full fit data from /gm2data/zkhechad/cboTemplates/Run4CBOTemplates/templateFits0_v2.0/noRF/sBin_constraintOn_cE0.0_seed0_noRF_calo18.root
windowBins = 17
fitting sliding window 504 from bin 640 at 95.338800 to bin 657 at 98.024400 (17 bins)

Reading data from /gm2data/cornell/histograms/aMethod/histogram_a_noRF.root
 **********
 **    1 **SET PRINTOUT            1
 **********
 **********
 **    2 **SET NOWARNINGS 
 **********
 PARAMETER DEFINITIONS:
    NO.   NAME         VALUE      STEP SIZE      LIMITS
     1 N0           3.61661e+06  1.00000e+02     no limits
     2 tau          6.44027e+01  constant
     3 A0           3.53412e-01  1.00000e-04     no limits
     4 phi          4.12202e+00  1.00000e-02     no limits
     5 R           -6.06479e+01  constant
     6 alpha_CBO    0.00000e+00  1.00000e-03     no limits
     7 w_CBO        2.32500e+00  constant
     8 beta_CBO     0.00000e+00  1.00000e-03     no limits
     9 alpha_2CBO   0.00000e+00  1.00000e-03     no limits
    10 beta_2CBO    0.00000e+00  1.00000e-03     no limits
    11 alpha_y      0.00000e+00  1.00000e-03     no limits
    12 w_y          1.44500e+01  constant
    13 beta_y       0.00000e+00  1.00000e-03     no limits
    14 alpha_vw     0.00000e+00  1.00000e-03     no limits
    15 w_vw         1.29000e+01  constant
    16 beta_vw      0.00000e+00  1.00000e-03     no limits
    17 LM          -1.06686e-04  constant
    18 zeta_y       0.00000e+00  constant
    19 zeta_vw      0.00000e+00  constant
    20 T_CBO        1.00000e+02  1.00000e+00    0.00000e+00  1.00000e+03
    21 alpha_A0     0.00000e+00  1.00000e-03     no limits
    22 beta_A0      0.00000e+00  1.00000e-03     no limits
    23 alpha_phi    0.00000e+00  1.00000e-03     no limits
    24 beta_phi     0.00000e+00  1.00000e-03     no limits
MINUIT - FIT ONLY WIGGLE
 **********
 **    3 **FIX            5
 **********
 PARAMETER    5  IS CONSTANT.   IGNORED.
 **********
 **    4 **FIX            6
 **********
 **********
 **    5 **FIX            7
 **********
 PARAMETER    7  IS CONSTANT.   IGNORED.
 **********
 **    6 **FIX            8
 **********
 **********
 **    7 **FIX            9
 **********
 **********
 **    8 **FIX           10
 **********
 **********
 **    9 **FIX           11
 **********
 **********
 **   10 **FIX           12
 **********
 PARAMETER   12  IS CONSTANT.   IGNORED.
 **********
 **   11 **FIX           13
 **********
 **********
 **   12 **FIX           14
 **********
 **********
 **   13 **FIX           15
 **********
 PARAMETER   15  IS CONSTANT.   IGNORED.
 **********
 **   14 **FIX           16
 **********
 **********
 **   15 **MIGRAD
 **********
 FIRST CALL TO USER FUNCTION AT NEW START POINT, WITH IFLAG=4.
 START MIGRAD MINIMIZATION.  STRATEGY  1.  CONVERGENCE WHEN EDM .LT. 1.00e-04
 FCN=735.601 FROM MIGRAD    STATUS=INITIATE      437 CALLS         438 TOTAL
                     EDM= unknown      STRATEGY= 1      NO ERROR MATRIX       
  EXT PARAMETER               CURRENT GUESS       STEP         FIRST   
  NO.   NAME      VALUE            ERROR          SIZE      DERIVATIVE 
   1  N0           3.61661e+06   1.00000e+02   0.00000e+00  -7.86742e-03
   2  tau          6.44027e+01   constant   
   3  A0           3.53412e-01   1.00000e-04   0.00000e+00   1.64245e+04
   4  phi          4.12202e+00   1.00000e-02   0.00000e+00   8.06661e+04
   5  R           -6.06479e+01   constant   
   6  alpha_CBO    0.00000e+00     fixed    
   7  w_CBO        2.32500e+00   constant   
   8  beta_CBO     0.00000e+00     fixed    
   9  alpha_2CBO   0.00000e+00     fixed    
  10  beta_2CBO    0.00000e+00     fixed    
  11  alpha_y      0.00000e+00     fixed    
  12  w_y          1.44500e+01   constant   
  13  beta_y       0.00000e+00     fixed    
  14  alpha_vw     0.00000e+00     fixed    
  15  w_vw         1.29000e+01   constant   
  16  beta_vw      0.00000e+00     fixed    
  17  LM          -1.06686e-04   constant   
  18  zeta_y       0.00000e+00   constant   
  19  zeta_vw      0.00000e+00   constant   
  20  T_CBO        1.00000e+02   1.00000e+00   0.00000e+00   0.00000e+00
  21  alpha_A0     0.00000e+00   1.00000e-03   0.00000e+00   1.16644e+03
  22  beta_A0      0.00000e+00   1.00000e-03   0.00000e+00   2.51350e+03
  23  alpha_phi    0.00000e+00   1.00000e-03   0.00000e+00   1.91283e+04
  24  beta_phi     0.00000e+00   1.00000e-03   0.00000e+00   2.89355e+03
 CALL LIMIT EXCEEDED IN MIGRAD.
 MIGRAD TERMINATED WITHOUT CONVERGENCE.
 FCN=48.156 FROM MIGRAD    STATUS=CALL LIMIT   1331 CALLS        1332 TOTAL
                     EDM=0.00758816    STRATEGY= 1  ERROR MATRIX UNCERTAINTY   4.9 per cent
  EXT PARAMETER                APPROXIMATE        STEP         FIRST   
  NO.   NAME      VALUE            ERROR          SIZE      DERIVATIVE 
   1  N0           3.62454e+06   1.43574e+03  -5.62573e+01  -4.54437e-05
   2  tau          6.44027e+01   constant   
   3  A0           3.54891e-01   4.34072e-04  -1.87741e-05   2.06000e+02
   4  phi          4.10249e+00   1.29293e-03  -8.58972e-05  -1.70757e+02
   5  R           -6.06479e+01   constant   
   6  alpha_CBO    0.00000e+00     fixed    
   7  w_CBO        2.32500e+00   constant   
   8  beta_CBO     0.00000e+00     fixed    
   9  alpha_2CBO   0.00000e+00     fixed    
  10  beta_2CBO    0.00000e+00     fixed    
  11  alpha_y      0.00000e+00     fixed    
  12  w_y          1.44500e+01   constant   
  13  beta_y       0.00000e+00     fixed    
  14  alpha_vw     0.00000e+00     fixed    
  15  w_vw         1.29000e+01   constant   
  16  beta_vw      0.00000e+00     fixed    
  17  LM          -1.06686e-04   constant   
  18  zeta_y       0.00000e+00   constant   
  19  zeta_vw      0.00000e+00   constant   
  20  T_CBO        2.24470e+01   6.47028e+00  -3.39706e-03  -2.66152e+01
  21  alpha_A0     4.67771e-02   1.26852e-02   7.77673e-04  -5.18973e+00
  22  beta_A0      8.47290e-01   1.05796e+00   8.01947e-02   3.09863e+00
  23  alpha_phi    2.30794e-01   3.53519e-01   2.66938e-02  -9.75110e+00
  24  beta_phi     1.56612e-01   1.61158e-01   1.21139e-02  -7.33990e+00
 EXTERNAL ERROR MATRIX.    NDIM=  25    NPAR=  8    ERR DEF=1
  2.061e+06  5.363e-01  4.199e-01  4.920e+03 -4.209e+00 -7.832e+02 -2.609e+02 -1.156e+02 
  5.363e-01  1.884e-07  1.820e-07  1.618e-03 -1.806e-06 -2.631e-04 -8.772e-05 -3.896e-05 
  4.199e-01  1.820e-07  1.672e-06  6.010e-03 -1.289e-05 -1.054e-03 -3.528e-04 -1.619e-04 
  4.920e+03  1.618e-03  6.010e-03  4.189e+01 -7.103e-02 -6.816e+00 -2.276e+00 -1.036e+00 
 -4.209e+00 -1.806e-06 -1.289e-05 -7.103e-02  1.609e-04  1.190e-02  3.990e-03  1.844e-03 
 -7.832e+02 -2.631e-04 -1.054e-03 -6.816e+00  1.190e-02  1.119e+00  3.740e-01  1.704e-01 
 -2.609e+02 -8.772e-05 -3.528e-04 -2.276e+00  3.990e-03  3.740e-01  1.250e-01  5.695e-02 
 -1.156e+02 -3.896e-05 -1.619e-04 -1.036e+00  1.844e-03  1.704e-01  5.695e-02  2.597e-02 
ERR MATRIX APPROXIMATE
 PARAMETER  CORRELATION COEFFICIENTS  
       NO.  GLOBAL      1      3      4     20     21     22     23     24
        1  0.90711   1.000  0.860  0.226  0.529 -0.231 -0.516 -0.514 -0.500
        3  0.90813   0.860  1.000  0.324  0.576 -0.328 -0.573 -0.572 -0.557
        4  0.94146   0.226  0.324  1.000  0.718 -0.786 -0.770 -0.772 -0.777
       20  0.99893   0.529  0.576  0.718  1.000 -0.865 -0.995 -0.995 -0.993
       21  0.98814  -0.231 -0.328 -0.786 -0.865  1.000  0.887  0.890  0.902
       22  0.99999  -0.516 -0.573 -0.770 -0.995  0.887  1.000  1.000  0.999
       23  0.99999  -0.514 -0.572 -0.772 -0.995  0.890  1.000  1.000  1.000
       24  0.99993  -0.500 -0.557 -0.777 -0.993  0.902  0.999  1.000  1.000
 ERR MATRIX APPROXIMATE
MINUIT - FIT ONLY 1-CBO + wiggle
 **********
 **   16 **RES 
 **********
                   PARAMETER   16  beta_vw RESTORED TO VARIABLE.
                   PARAMETER   14  alpha_vw RESTORED TO VARIABLE.
                   PARAMETER   13  beta_y RESTORED TO VARIABLE.
                   PARAMETER   11  alpha_y RESTORED TO VARIABLE.
                   PARAMETER   10  beta_2CBO RESTORED TO VARIABLE.
                   PARAMETER    9  alpha_2CBO RESTORED TO VARIABLE.
                   PARAMETER    8  beta_CBO RESTORED TO VARIABLE.
                   PARAMETER    6  alpha_CBO RESTORED TO VARIABLE.
 **********
 **   17 **FIX            8
 **********
 **********
 **   18 **FIX            9
 **********
 **********
 **   19 **FIX           11
 **********
 **********
 **   20 **FIX           12
 **********
 PARAMETER   12  IS CONSTANT.   IGNORED.
 **********
 **   21 **FIX           14
 **********
 **********
 **   22 **FIX           15
 **********
 PARAMETER   15  IS CONSTANT.   IGNORED.
 **********
 **   23 **FIX           16
 **********
 **********
 **   24 **MIGRAD
 **********
 START MIGRAD MINIMIZATION.  STRATEGY  1.  CONVERGENCE WHEN EDM .LT. 1.00e-04
 FCN=48.156 FROM MIGRAD    STATUS=INITIATE       28 CALLS        1360 TOTAL
                     EDM= unknown      STRATEGY= 1      NO ERROR MATRIX       
  EXT PARAMETER               CURRENT GUESS       STEP         FIRST   
  NO.   NAME      VALUE            ERROR          SIZE      DERIVATIVE 
   1  N0           3.62454e+06   1.43574e+03  -5.62573e+01  -4.54437e-05
   2  tau          6.44027e+01   constant   
   3  A0           3.54891e-01   4.34072e-04  -1.87741e-05   2.06000e+02
   4  phi          4.10249e+00   1.29293e-03  -8.58972e-05  -1.70757e+02
   5  R           -6.06479e+01   constant   
   6  alpha_CBO    0.00000e+00   1.00000e-03   1.00000e-03  -3.61366e+03
   7  w_CBO        2.32500e+00   constant   
   8  beta_CBO     0.00000e+00     fixed    
   9  alpha_2CBO   0.00000e+00     fixed    
  10  beta_2CBO    0.00000e+00   1.00000e-03   1.00000e-03  -1.13204e+04
  11  alpha_y      0.00000e+00     fixed    
  12  w_y          1.44500e+01   constant   
  13  beta_y       0.00000e+00   1.00000e-03   1.00000e-03  -8.98153e+03
  14  alpha_vw     0.00000e+00     fixed    
  15  w_vw         1.29000e+01   constant   
  16  beta_vw      0.00000e+00     fixed    
  17  LM          -1.06686e-04   constant   
  18  zeta_y       0.00000e+00   constant   
  19  zeta_vw      0.00000e+00   constant   
  20  T_CBO        2.24470e+01   6.47028e+00  -3.39706e-03  -2.66152e+01
  21  alpha_A0     4.67771e-02   1.26852e-02   7.77673e-04  -5.18973e+00
  22  beta_A0      8.47290e-01   1.05796e+00   8.01947e-02   3.09863e+00
  23  alpha_phi    2.30794e-01   3.53519e-01   2.66938e-02  -9.75110e+00
  24  beta_phi     1.56612e-01   1.61158e-01   1.21139e-02  -7.33990e+00
 MIGRAD MINIMIZATION HAS CONVERGED.
 FCN=21.0557 FROM MIGRAD    STATUS=CONVERGED    1428 CALLS        2760 TOTAL
                     EDM=5.60725e-07    STRATEGY= 1  ERROR MATRIX UNCERTAINTY   4.3 per cent
  EXT PARAMETER                                   STEP         FIRST   
  NO.   NAME      VALUE            ERROR          SIZE      DERIVATIVE 
   1  N0           3.65802e+06   1.64302e+04   3.27916e+01   4.38070e-07
   2  tau          6.44027e+01   constant   
   3  A0           3.44808e-01   4.89112e-03  -1.15300e-05  -4.57520e+00
   4  phi          4.06671e+00   1.71907e-02   2.03611e-05  -2.82791e-01
   5  R           -6.06479e+01   constant   
   6  alpha_CBO    5.79654e-02   1.23230e-02   1.14437e-05  -9.40386e-02
   7  w_CBO        2.32500e+00   constant   
   8  beta_CBO     0.00000e+00     fixed    
   9  alpha_2CBO   0.00000e+00     fixed    
  10  beta_2CBO   -2.86692e-02   6.50438e-03  -3.04401e-07   9.05854e-02
  11  alpha_y      0.00000e+00     fixed    
  12  w_y          1.44500e+01   constant   
  13  beta_y       8.03579e-05   2.74857e-04  -4.57005e-08   8.16754e-01
  14  alpha_vw     0.00000e+00     fixed    
  15  w_vw         1.29000e+01   constant   
  16  beta_vw      0.00000e+00     fixed    
  17  LM          -1.06686e-04   constant   
  18  zeta_y       0.00000e+00   constant   
  19  zeta_vw      0.00000e+00   constant   
  20  T_CBO        2.47379e+01   5.41369e-02  -1.53472e-07  -4.62827e+00
  21  alpha_A0     2.38797e-01   8.94155e-01   1.91911e-03  -9.45015e-03
  22  beta_A0      4.32330e+00   1.04458e+00   4.36635e-04  -2.02379e-03
  23  alpha_phi    1.46728e+01   3.33594e+00   9.65025e-04  -7.95514e-04
  24  beta_phi    -1.78148e+00   1.12500e+00  -2.54401e-03   1.61730e-02
 EXTERNAL ERROR MATRIX.    NDIM=  25    NPAR= 11    ERR DEF=1
  2.700e+08 
 -7.663e+01  2.392e-05 
  2.035e+01 -2.740e-05  2.955e-04 
  1.338e+02 -3.072e-05 -1.090e-04  1.519e-04 
 -3.698e+01  4.985e-06  8.376e-05 -7.387e-05  4.231e-05 
 -8.195e-01  2.668e-07 -1.652e-07 -5.171e-07  1.420e-07  7.555e-08 
 -1.868e+02  4.336e-05 -5.894e-05  1.806e-04 -1.179e-04 -1.151e-06  2.931e-03 
  1.319e+04 -4.121e-03  6.339e-03  2.971e-03  5.368e-04 -3.792e-05 -1.983e-02  7.995e-01 
  9.346e+03 -1.595e-03 -1.410e-02  1.110e-02 -5.817e-03 -3.056e-05  6.954e-04  1.708e-01  1.091e+00 
  2.653e+04 -4.513e-03 -4.342e-02  3.903e-02 -2.116e-02 -9.383e-05  3.839e-02  1.912e-01  3.294e+00  1.113e+01 
 -1.809e+04  5.465e-03 -4.732e-03 -7.584e-03  1.478e-03  5.932e-05  1.291e-02 -9.522e-01 -4.595e-01 -1.257e+00  1.266e+00 
 PARAMETER  CORRELATION COEFFICIENTS  
       NO.  GLOBAL      1      3      4      6     10     13     20     21     22     23     24
        1  0.99912   1.000 -0.954  0.072  0.661 -0.346 -0.181 -0.210  0.898  0.545  0.484 -0.979
        3  0.99935  -0.954  1.000 -0.326 -0.510  0.157  0.198  0.164 -0.942 -0.312 -0.277  0.993
        4  0.99988   0.072 -0.326  1.000 -0.515  0.749 -0.035 -0.063  0.412 -0.785 -0.757 -0.245
        6  0.99996   0.661 -0.510 -0.515  1.000 -0.922 -0.153  0.271  0.270  0.863  0.949 -0.547
       10  0.99956  -0.346  0.157  0.749 -0.922  1.000  0.079 -0.335  0.092 -0.856 -0.975  0.202
       13  0.27334  -0.181  0.198 -0.035 -0.153  0.079  1.000 -0.077 -0.154 -0.106 -0.102  0.192
       20  0.94048  -0.210  0.164 -0.063  0.271 -0.335 -0.077  1.000 -0.410  0.012  0.213  0.212
       21  0.99912   0.898 -0.942  0.412  0.270  0.092 -0.154 -0.410  1.000  0.183  0.064 -0.947
       22  0.99887   0.545 -0.312 -0.785  0.863 -0.856 -0.106  0.012  0.183  1.000  0.945 -0.391
       23  0.99998   0.484 -0.277 -0.757  0.949 -0.975 -0.102  0.213  0.064  0.945  1.000 -0.335
       24  0.99944  -0.979  0.993 -0.245 -0.547  0.202  0.192  0.212 -0.947 -0.391 -0.335  1.000
MINUIT - FIT ONLY 2-CBO
 **********
 **   25 **RES 
 **********
                   PARAMETER   16  beta_vw RESTORED TO VARIABLE.
                   PARAMETER   14  alpha_vw RESTORED TO VARIABLE.
                   PARAMETER   11  alpha_y RESTORED TO VARIABLE.
                   PARAMETER    9  alpha_2CBO RESTORED TO VARIABLE.
                   PARAMETER    8  beta_CBO RESTORED TO VARIABLE.
 **********
 **   26 **FIX            0
 **********
 PARAMETER    0  IS UNDEFINED. IGNORED.
 **********
 **   27 **FIX            1
 **********
 **********
 **   28 **FIX            2
 **********
 PARAMETER    2  IS CONSTANT.   IGNORED.
 **********
 **   29 **FIX            3
 **********
 **********
 **   30 **FIX            4
 **********
 **********
 **   31 **FIX            5
 **********
 PARAMETER    5  IS CONSTANT.   IGNORED.
 **********
 **   32 **FIX            6
 **********
 **********
 **   33 **FIX            7
 **********
 PARAMETER    7  IS CONSTANT.   IGNORED.
 **********
 **   34 **FIX           10
 **********
 **********
 **   35 **FIX           11
 **********
 **********
 **   36 **FIX           12
 **********
 PARAMETER   12  IS CONSTANT.   IGNORED.
 **********
 **   37 **FIX           13
 **********
 **********
 **   38 **FIX           14
 **********
 **********
 **   39 **FIX           15
 **********
 PARAMETER   15  IS CONSTANT.   IGNORED.
 **********
 **   40 **FIX           16
 **********
 **********
 **   41 **MIGRAD
 **********
 START MIGRAD MINIMIZATION.  STRATEGY  1.  CONVERGENCE WHEN EDM .LT. 1.00e-04
 FCN=21.0557 FROM MIGRAD    STATUS=INITIATE       18 CALLS        2778 TOTAL
                     EDM= unknown      STRATEGY= 1      NO ERROR MATRIX       
  EXT PARAMETER               CURRENT GUESS       STEP         FIRST   
  NO.   NAME      VALUE            ERROR          SIZE      DERIVATIVE 
   1  N0           3.65802e+06     fixed    
   2  tau          6.44027e+01   constant   
   3  A0           3.44808e-01     fixed    
   4  phi          4.06671e+00     fixed    
   5  R           -6.06479e+01   constant   
   6  alpha_CBO    5.79654e-02     fixed    
   7  w_CBO        2.32500e+00   constant   
   8  beta_CBO     0.00000e+00   1.00000e-03   1.00000e-03  -8.12636e+01
   9  alpha_2CBO   0.00000e+00   1.00000e-03   1.00000e-03   6.74818e+02
  10  beta_2CBO   -2.86692e-02     fixed    
  11  alpha_y      0.00000e+00     fixed    
  12  w_y          1.44500e+01   constant   
  13  beta_y       8.03579e-05     fixed    
  14  alpha_vw     0.00000e+00     fixed    
  15  w_vw         1.29000e+01   constant   
  16  beta_vw      0.00000e+00     fixed    
  17  LM          -1.06686e-04   constant   
  18  zeta_y       0.00000e+00   constant   
  19  zeta_vw      0.00000e+00   constant   
  20  T_CBO        2.47379e+01   5.41369e-02  -1.53472e-07  -4.62827e+00
  21  alpha_A0     2.38797e-01   8.94155e-01   1.91911e-03  -9.45027e-03
  22  beta_A0      4.32330e+00   1.04458e+00   4.36635e-04  -2.02427e-03
  23  alpha_phi    1.46728e+01   3.33594e+00   9.65025e-04  -7.95517e-04
  24  beta_phi    -1.78148e+00   1.12500e+00  -2.54401e-03   1.61730e-02
 MIGRAD MINIMIZATION HAS CONVERGED.
 MIGRAD WILL VERIFY CONVERGENCE AND ERROR MATRIX.
 FCN=20.8042 FROM MIGRAD    STATUS=CONVERGED     165 CALLS        2925 TOTAL
                     EDM=1.39463e-05    STRATEGY= 1      ERR MATRIX NOT POS-DEF
  EXT PARAMETER                APPROXIMATE        STEP         FIRST   
  NO.   NAME      VALUE            ERROR          SIZE      DERIVATIVE 
   1  N0           3.65802e+06     fixed    
   2  tau          6.44027e+01   constant   
   3  A0           3.44808e-01     fixed    
   4  phi          4.06671e+00     fixed    
   5  R           -6.06479e+01   constant   
   6  alpha_CBO    5.79654e-02     fixed    
   7  w_CBO        2.32500e+00   constant   
   8  beta_CBO    -7.59439e-04   1.33079e-03   6.08187e-07   2.30574e+00
   9  alpha_2CBO  -8.35158e-04   1.40637e-03   6.10875e-07   1.26762e+01
  10  beta_2CBO   -2.86692e-02     fixed    
  11  alpha_y      0.00000e+00     fixed    
  12  w_y          1.44500e+01   constant   
  13  beta_y       8.03579e-05     fixed    
  14  alpha_vw     0.00000e+00     fixed    
  15  w_vw         1.29000e+01   constant   
  16  beta_vw      0.00000e+00     fixed    
  17  LM          -1.06686e-04   constant   
  18  zeta_y       0.00000e+00   constant   
  19  zeta_vw      0.00000e+00   constant   
  20  T_CBO        2.47531e+01   2.79208e-01   5.98345e-07  -1.94575e+00
  21  alpha_A0     1.21403e-01   2.01367e-01   8.38555e-05  -4.98325e-02
  22  beta_A0      4.36393e+00   2.10072e-01   1.14455e-04  -2.60672e-02
  23  alpha_phi    1.46747e+01   6.43539e-01   1.01480e-04  -9.17855e-03
  24  beta_phi    -1.92507e+00   2.60409e-01   8.51304e-05  -4.89136e-02
 EXTERNAL ERROR MATRIX.    NDIM=  25    NPAR=  7    ERR DEF=1
  1.771e-06  1.785e-06 -3.197e-05  2.558e-04 -8.900e-05 -6.009e-06  3.209e-04 
  1.785e-06  1.978e-06 -3.446e-05  2.758e-04 -9.654e-05 -8.351e-06  3.372e-04 
 -3.197e-05 -3.446e-05  7.796e-02 -7.383e-03 -5.132e-02 -1.783e-01  1.745e-02 
  2.558e-04  2.758e-04 -7.383e-03  4.055e-02 -1.239e-02  3.882e-03  4.732e-02 
 -8.900e-05 -9.654e-05 -5.132e-02 -1.239e-02  4.413e-02  1.237e-01 -3.319e-02 
 -6.009e-06 -8.351e-06 -1.783e-01  3.882e-03  1.237e-01  4.141e-01 -5.541e-02 
  3.209e-04  3.372e-04  1.745e-02  4.732e-02 -3.319e-02 -5.541e-02  6.781e-02 
ERR MATRIX NOT POS-DEF
 PARAMETER  CORRELATION COEFFICIENTS  
       NO.  GLOBAL      8      9     20     21     22     23     24
        8  0.97975   1.000  0.954 -0.086  0.955 -0.318 -0.007  0.926
        9  0.98173   0.954  1.000 -0.088  0.974 -0.327 -0.009  0.921
       20  0.99752  -0.086 -0.088  1.000 -0.131 -0.875 -0.992  0.240
       21  0.98323   0.955  0.974 -0.131  1.000 -0.293  0.030  0.902
       22  0.97111  -0.318 -0.327 -0.875 -0.293  1.000  0.915 -0.607
       23  0.99761  -0.007 -0.009 -0.992  0.030  0.915  1.000 -0.331
       24  0.98970   0.926  0.921  0.240  0.902 -0.607 -0.331  1.000
 ERR MATRIX NOT POS-DEF
MINUIT - FIT wiggle + 1-CBO + 2-CBO
 **********
 **   42 **RES 
 **********
                   PARAMETER   16  beta_vw RESTORED TO VARIABLE.
                   PARAMETER   14  alpha_vw RESTORED TO VARIABLE.
                   PARAMETER   13  beta_y RESTORED TO VARIABLE.
                   PARAMETER   11  alpha_y RESTORED TO VARIABLE.
                   PARAMETER   10  beta_2CBO RESTORED TO VARIABLE.
                   PARAMETER    6  alpha_CBO RESTORED TO VARIABLE.
                   PARAMETER    4  phi RESTORED TO VARIABLE.
                   PARAMETER    3  A0 RESTORED TO VARIABLE.
                   PARAMETER    1  N0 RESTORED TO VARIABLE.
 **********
 **   43 **FIX           10
 **********
 **********
 **   44 **FIX           11
 **********
 **********
 **   45 **FIX           12
 **********
 PARAMETER   12  IS CONSTANT.   IGNORED.
 **********
 **   46 **FIX           13
 **********
 **********
 **   47 **FIX           14
 **********
 **********
 **   48 **FIX           15
 **********
 PARAMETER   15  IS CONSTANT.   IGNORED.
 **********
 **   49 **FIX           16
 **********
 **********
 **   50 **MIGRAD
 **********
 START MIGRAD MINIMIZATION.  STRATEGY  1.  CONVERGENCE WHEN EDM .LT. 1.00e-04
 FCN=20.8042 FROM MIGRAD    STATUS=INITIATE       22 CALLS        2947 TOTAL
                     EDM= unknown      STRATEGY= 1      NO ERROR MATRIX       
  EXT PARAMETER               CURRENT GUESS       STEP         FIRST   
  NO.   NAME      VALUE            ERROR          SIZE      DERIVATIVE 
   1  N0           3.65802e+06   1.64302e+04   1.64302e+04  -7.86424e-05
   2  tau          6.44027e+01   constant   
   3  A0           3.44808e-01   4.89112e-03   4.89112e-03   3.73553e+02
   4  phi          4.06671e+00   1.71907e-02   1.71907e-02   6.24253e+00
   5  R           -6.06479e+01   constant   
   6  alpha_CBO    5.79654e-02   1.23230e-02   1.23230e-02   5.29083e+02
   7  w_CBO        2.32500e+00   constant   
   8  beta_CBO    -7.59439e-04   1.33079e-03   6.08187e-07   2.30573e+00
   9  alpha_2CBO  -8.35158e-04   1.40637e-03   6.10875e-07   1.26762e+01
  10  beta_2CBO   -2.86692e-02     fixed    
  11  alpha_y      0.00000e+00     fixed    
  12  w_y          1.44500e+01   constant   
  13  beta_y       8.03579e-05     fixed    
  14  alpha_vw     0.00000e+00     fixed    
  15  w_vw         1.29000e+01   constant   
  16  beta_vw      0.00000e+00     fixed    
  17  LM          -1.06686e-04   constant   
  18  zeta_y       0.00000e+00   constant   
  19  zeta_vw      0.00000e+00   constant   
  20  T_CBO        2.47531e+01   2.79208e-01   5.98345e-07  -1.94547e+00
  21  alpha_A0     1.21403e-01   2.01367e-01   8.38555e-05  -4.98336e-02
  22  beta_A0      4.36393e+00   2.10072e-01   1.14455e-04  -2.60660e-02
  23  alpha_phi    1.46747e+01   6.43539e-01   1.01480e-04  -9.17851e-03
  24  beta_phi    -1.92507e+00   2.60409e-01   8.51304e-05  -4.89136e-02
 MIGRAD MINIMIZATION HAS CONVERGED.
 FCN=17.3754 FROM MIGRAD    STATUS=CONVERGED     698 CALLS        3623 TOTAL
                     EDM=8.58504e-07    STRATEGY= 1  ERROR MATRIX UNCERTAINTY   1.2 per cent
  EXT PARAMETER                                   STEP         FIRST   
  NO.   NAME      VALUE            ERROR          SIZE      DERIVATIVE 
   1  N0           3.65785e+06   3.40021e+03  -1.07481e+00  -9.12341e-08
   2  tau          6.44027e+01   constant   
   3  A0           3.24382e-01   1.04841e-02   1.56806e-05   2.18593e+00
   4  phi          4.06305e+00   9.84686e-03  -2.43577e-05   1.40948e+00
   5  R           -6.06479e+01   constant   
   6  alpha_CBO    6.26335e-02   5.00466e-03  -7.45112e-06  -3.18783e+00
   7  w_CBO        2.32500e+00   constant   
   8  beta_CBO     2.03814e-03   2.79560e-03  -4.48685e-06   6.32624e-01
   9  alpha_2CBO  -9.94769e-03   4.77128e-03   3.71094e-06   1.49026e+00
  10  beta_2CBO   -2.86692e-02     fixed    
  11  alpha_y      0.00000e+00     fixed    
  12  w_y          1.44500e+01   constant   
  13  beta_y       8.03579e-05     fixed    
  14  alpha_vw     0.00000e+00     fixed    
  15  w_vw         1.29000e+01   constant   
  16  beta_vw      0.00000e+00     fixed    
  17  LM          -1.06686e-04   constant   
  18  zeta_y       0.00000e+00   constant   
  19  zeta_vw      0.00000e+00   constant   
  20  T_CBO        2.55385e+01   4.11109e-01  -1.91700e-06   6.13405e+00
  21  alpha_A0     6.49412e-01   4.69388e-01  -4.92563e-04   5.48582e-03
  22  beta_A0      5.63669e+00   6.67580e-01  -1.13590e-04   1.93443e-02
  23  alpha_phi    1.54743e+01   4.96999e-01  -2.19722e-04   5.64783e-03
  24  beta_phi    -5.19643e+00   1.55692e+00   1.98545e-03  -4.32693e-03
 EXTERNAL ERROR MATRIX.    NDIM=  25    NPAR= 11    ERR DEF=1
  1.156e+07 
 -8.775e+00  1.099e-04 
  3.123e+00 -3.796e-05  9.696e-05 
  1.052e+01 -4.431e-05  2.534e-05  2.505e-05 
  7.267e+00 -2.124e-05  1.485e-05  1.292e-05  7.815e-06 
  3.655e+00  4.148e-05 -7.859e-07 -1.100e-05 -3.025e-06  2.277e-05 
  4.581e+02 -4.057e-03  3.356e-04  1.667e-03  7.471e-04 -1.643e-03  1.690e-01 
  1.357e+03 -2.879e-03  1.953e-03  1.891e-03  1.259e-03 -1.312e-04  1.014e-01  2.203e-01 
  6.234e+02 -5.842e-03 -1.125e-03  2.211e-03  9.090e-04 -2.662e-03  2.645e-01  1.210e-01  4.457e-01 
  8.113e+02 -4.510e-03  2.726e-06  2.060e-03  9.490e-04 -1.704e-03  1.985e-01  1.359e-01  3.172e-01  2.470e-01 
 -3.344e+02  1.592e-02 -3.909e-03 -5.634e-03 -2.429e-03  6.907e-03 -5.977e-01 -2.952e-01 -8.953e-01 -6.452e-01  2.424e+00 
 PARAMETER  CORRELATION COEFFICIENTS  
       NO.  GLOBAL      1      3      4      6      8      9     20     21     22     23     24
        1  0.98704   1.000 -0.246  0.093  0.618  0.764  0.225  0.328  0.850  0.275  0.480 -0.063
        3  0.99987  -0.246  1.000 -0.368 -0.845 -0.725  0.829 -0.941 -0.585 -0.835 -0.866  0.976
        4  0.99775   0.093 -0.368  1.000  0.514  0.539 -0.017  0.083  0.422 -0.171  0.001 -0.255
        6  0.99866   0.618 -0.845  0.514  1.000  0.923 -0.460  0.810  0.805  0.662  0.828 -0.723
        8  0.99630   0.764 -0.725  0.539  0.923  1.000 -0.227  0.650  0.959  0.487  0.683 -0.558
        9  0.99846   0.225  0.829 -0.017 -0.460 -0.227  1.000 -0.838 -0.059 -0.836 -0.719  0.930
       20  0.99926   0.328 -0.941  0.083  0.810  0.650 -0.838  1.000  0.526  0.964  0.971 -0.934
       21  0.99725   0.850 -0.585  0.422  0.805  0.959 -0.059  0.526  1.000  0.386  0.583 -0.404
       22  0.99732   0.275 -0.835 -0.171  0.662  0.487 -0.836  0.964  0.386  1.000  0.956 -0.861
       23  0.99749   0.480 -0.866  0.001  0.828  0.683 -0.719  0.971  0.583  0.956  1.000 -0.834
       24  0.99979  -0.063  0.976 -0.255 -0.723 -0.558  0.930 -0.934 -0.404 -0.861 -0.834  1.000
MINUIT - FIT ONLY 1-y
 **********
 **   51 **RES 
 **********
                   PARAMETER   16  beta_vw RESTORED TO VARIABLE.
                   PARAMETER   14  alpha_vw RESTORED TO VARIABLE.
                   PARAMETER   13  beta_y RESTORED TO VARIABLE.
                   PARAMETER   11  alpha_y RESTORED TO VARIABLE.
                   PARAMETER   10  beta_2CBO RESTORED TO VARIABLE.
 **********
 **   52 **FIX            0
 **********
 PARAMETER    0  IS UNDEFINED. IGNORED.
 **********
 **   53 **FIX            1
 **********
 **********
 **   54 **FIX            2
 **********
 PARAMETER    2  IS CONSTANT.   IGNORED.
 **********
 **   55 **FIX            3
 **********
 **********
 **   56 **FIX            4
 **********
 **********
 **   57 **FIX            5
 **********
 PARAMETER    5  IS CONSTANT.   IGNORED.
 **********
 **   58 **FIX            6
 **********
 **********
 **   59 **FIX            7
 **********
 PARAMETER    7  IS CONSTANT.   IGNORED.
 **********
 **   60 **FIX            8
 **********
 **********
 **   61 **FIX            9
 **********
 **********
 **   62 **FIX           13
 **********
 **********
 **   63 **FIX           14
 **********
 **********
 **   64 **FIX           15
 **********
 PARAMETER   15  IS CONSTANT.   IGNORED.
 **********
 **   65 **FIX           16
 **********
 **********
 **   66 **MIGRAD
 **********
 START MIGRAD MINIMIZATION.  STRATEGY  1.  CONVERGENCE WHEN EDM .LT. 1.00e-04
 FCN=17.3754 FROM MIGRAD    STATUS=INITIATE       16 CALLS        3639 TOTAL
                     EDM= unknown      STRATEGY= 1      NO ERROR MATRIX       
  EXT PARAMETER               CURRENT GUESS       STEP         FIRST   
  NO.   NAME      VALUE            ERROR          SIZE      DERIVATIVE 
   1  N0           3.65785e+06     fixed    
   2  tau          6.44027e+01   constant   
   3  A0           3.24382e-01     fixed    
   4  phi          4.06305e+00     fixed    
   5  R           -6.06479e+01   constant   
   6  alpha_CBO    6.26335e-02     fixed    
   7  w_CBO        2.32500e+00   constant   
   8  beta_CBO     2.03814e-03     fixed    
   9  alpha_2CBO  -9.94769e-03     fixed    
  10  beta_2CBO   -2.86692e-02   6.50438e-03   6.50438e-03   4.34283e+02
  11  alpha_y      0.00000e+00   1.00000e-03   1.00000e-03   2.03316e+04
  12  w_y          1.44500e+01   constant   
  13  beta_y       8.03579e-05     fixed    
  14  alpha_vw     0.00000e+00     fixed    
  15  w_vw         1.29000e+01   constant   
  16  beta_vw      0.00000e+00     fixed    
  17  LM          -1.06686e-04   constant   
  18  zeta_y       0.00000e+00   constant   
  19  zeta_vw      0.00000e+00   constant   
  20  T_CBO        2.55385e+01   4.11109e-01  -1.91700e-06   6.13405e+00
  21  alpha_A0     6.49412e-01   4.69388e-01  -4.92563e-04   5.48615e-03
  22  beta_A0      5.63669e+00   6.67580e-01  -1.13590e-04   1.93445e-02
  23  alpha_phi    1.54743e+01   4.96999e-01  -2.19722e-04   5.64784e-03
  24  beta_phi    -5.19643e+00   1.55692e+00   1.98545e-03  -4.32693e-03
 MIGRAD MINIMIZATION HAS CONVERGED.
 MIGRAD WILL VERIFY CONVERGENCE AND ERROR MATRIX.
 FCN=10.0233 FROM MIGRAD    STATUS=CONVERGED     162 CALLS        3785 TOTAL
                     EDM=6.82923e-06    STRATEGY= 1      ERR MATRIX NOT POS-DEF
  EXT PARAMETER                APPROXIMATE        STEP         FIRST   
  NO.   NAME      VALUE            ERROR          SIZE      DERIVATIVE 
   1  N0           3.65785e+06     fixed    
   2  tau          6.44027e+01   constant   
   3  A0           3.24382e-01     fixed    
   4  phi          4.06305e+00     fixed    
   5  R           -6.06479e+01   constant   
   6  alpha_CBO    6.26335e-02     fixed    
   7  w_CBO        2.32500e+00   constant   
   8  beta_CBO     2.03814e-03     fixed    
   9  alpha_2CBO  -9.94769e-03     fixed    
  10  beta_2CBO   -2.92363e-02   7.22422e-04   4.02310e-07   3.53851e-01
  11  alpha_y     -7.10819e-04   2.61916e-04   4.10511e-07   2.32703e+00
  12  w_y          1.44500e+01   constant   
  13  beta_y       8.03579e-05     fixed    
  14  alpha_vw     0.00000e+00     fixed    
  15  w_vw         1.29000e+01   constant   
  16  beta_vw      0.00000e+00     fixed    
  17  LM          -1.06686e-04   constant   
  18  zeta_y       0.00000e+00   constant   
  19  zeta_vw      0.00000e+00   constant   
  20  T_CBO        2.55327e+01   2.27506e-01   5.95971e-07   1.69365e+01
  21  alpha_A0     6.54916e-01   4.83679e-02   5.64857e-05   7.83367e-03
  22  beta_A0      5.51971e+00   2.31029e-01   7.87843e-05   1.89279e-02
  23  alpha_phi    1.54966e+01   5.23427e-01   6.76631e-05   4.00222e-02
  24  beta_phi    -5.18536e+00   1.78701e-01   5.67602e-05   1.14836e-02
 EXTERNAL ERROR MATRIX.    NDIM=  25    NPAR=  7    ERR DEF=1
  5.219e-07  4.183e-08  2.154e-06 -6.624e-07  9.136e-05 -1.932e-05 -1.100e-05 
  4.183e-08  6.860e-08  4.931e-07 -5.171e-07  9.037e-06 -1.665e-06 -7.761e-07 
  2.154e-06  4.931e-07  5.176e-02 -5.834e-03 -4.169e-02 -1.184e-01  3.954e-02 
 -6.624e-07 -5.171e-07 -5.834e-03  2.339e-03  3.905e-03  1.235e-02 -4.034e-03 
  9.136e-05  9.037e-06 -4.169e-02  3.905e-03  5.337e-02  9.402e-02 -3.479e-02 
 -1.932e-05 -1.665e-06 -1.184e-01  1.235e-02  9.402e-02  2.740e-01 -9.042e-02 
 -1.100e-05 -7.761e-07  3.954e-02 -4.034e-03 -3.479e-02 -9.042e-02  3.193e-02 
ERR MATRIX NOT POS-DEF
 PARAMETER  CORRELATION COEFFICIENTS  
       NO.  GLOBAL     10     11     20     21     22     23     24
       10  0.93932   1.000  0.221  0.013 -0.019  0.547 -0.051 -0.085
       11  0.26049   0.221  1.000  0.008 -0.041  0.149 -0.012 -0.017
       20  0.99711   0.013  0.008  1.000 -0.530 -0.793 -0.995  0.973
       21  0.69478  -0.019 -0.041 -0.530  1.000  0.349  0.488 -0.467
       22  0.97769   0.547  0.149 -0.793  0.349  1.000  0.778 -0.843
       23  0.99682  -0.051 -0.012 -0.995  0.488  0.778  1.000 -0.967
       24  0.98068  -0.085 -0.017  0.973 -0.467 -0.843 -0.967  1.000
 ERR MATRIX NOT POS-DEF
MINUIT - FIT ONLY 2-y
 **********
 **   67 **RES 
 **********
                   PARAMETER   16  beta_vw RESTORED TO VARIABLE.
                   PARAMETER   14  alpha_vw RESTORED TO VARIABLE.
                   PARAMETER   13  beta_y RESTORED TO VARIABLE.
                   PARAMETER    9  alpha_2CBO RESTORED TO VARIABLE.
                   PARAMETER    8  beta_CBO RESTORED TO VARIABLE.
                   PARAMETER    6  alpha_CBO RESTORED TO VARIABLE.
                   PARAMETER    4  phi RESTORED TO VARIABLE.
                   PARAMETER    3  A0 RESTORED TO VARIABLE.
                   PARAMETER    1  N0 RESTORED TO VARIABLE.
 **********
 **   68 **FIX            0
 **********
 PARAMETER    0  IS UNDEFINED. IGNORED.
 **********
 **   69 **FIX            1
 **********
 **********
 **   70 **FIX            2
 **********
 PARAMETER    2  IS CONSTANT.   IGNORED.
 **********
 **   71 **FIX            3
 **********
 **********
 **   72 **FIX            4
 **********
 **********
 **   73 **FIX            5
 **********
 PARAMETER    5  IS CONSTANT.   IGNORED.
 **********
 **   74 **FIX            6
 **********
 **********
 **   75 **FIX            7
 **********
 PARAMETER    7  IS CONSTANT.   IGNORED.
 **********
 **   76 **FIX            8
 **********
 **********
 **   77 **FIX            9
 **********
 **********
 **   78 **FIX           10
 **********
 **********
 **   79 **FIX           11
 **********
 **********
 **   80 **FIX           12
 **********
 PARAMETER   12  IS CONSTANT.   IGNORED.
 **********
 **   81 **FIX           16
 **********
 **********
 **   82 **MIGRAD
 **********
 START MIGRAD MINIMIZATION.  STRATEGY  1.  CONVERGENCE WHEN EDM .LT. 1.00e-04
 FCN=10.0233 FROM MIGRAD    STATUS=INITIATE       16 CALLS        3801 TOTAL
                     EDM= unknown      STRATEGY= 1      NO ERROR MATRIX       
  EXT PARAMETER               CURRENT GUESS       STEP         FIRST   
  NO.   NAME      VALUE            ERROR          SIZE      DERIVATIVE 
   1  N0           3.65785e+06     fixed    
   2  tau          6.44027e+01   constant   
   3  A0           3.24382e-01     fixed    
   4  phi          4.06305e+00     fixed    
   5  R           -6.06479e+01   constant   
   6  alpha_CBO    6.26335e-02     fixed    
   7  w_CBO        2.32500e+00   constant   
   8  beta_CBO     2.03814e-03     fixed    
   9  alpha_2CBO  -9.94769e-03     fixed    
  10  beta_2CBO   -2.92363e-02     fixed    
  11  alpha_y     -7.10819e-04     fixed    
  12  w_y          1.44500e+01   constant   
  13  beta_y       8.03579e-05   2.74857e-04   2.74857e-04   1.12190e+02
  14  alpha_vw     0.00000e+00   1.00000e-03   1.00000e-03  -8.96963e+02
  15  w_vw         1.29000e+01   constant   
  16  beta_vw      0.00000e+00     fixed    
  17  LM          -1.06686e-04   constant   
  18  zeta_y       0.00000e+00   constant   
  19  zeta_vw      0.00000e+00   constant   
  20  T_CBO        2.55327e+01   2.27506e-01   5.95971e-07   1.69368e+01
  21  alpha_A0     6.54916e-01   4.83679e-02   5.64857e-05   7.83367e-03
  22  beta_A0      5.51971e+00   2.31029e-01   7.87843e-05   1.89282e-02
  23  alpha_phi    1.54966e+01   5.23427e-01   6.76631e-05   4.00222e-02
  24  beta_phi    -5.18536e+00   1.78701e-01   5.67602e-05   1.14836e-02
 MIGRAD MINIMIZATION HAS CONVERGED.
 MIGRAD WILL VERIFY CONVERGENCE AND ERROR MATRIX.
 FCN=10.0078 FROM MIGRAD    STATUS=CONVERGED     130 CALLS        3915 TOTAL
                     EDM=3.83108e-06    STRATEGY= 1      ERR MATRIX NOT POS-DEF
  EXT PARAMETER                APPROXIMATE        STEP         FIRST   
  NO.   NAME      VALUE            ERROR          SIZE      DERIVATIVE 
   1  N0           3.65785e+06     fixed    
   2  tau          6.44027e+01   constant   
   3  A0           3.24382e-01     fixed    
   4  phi          4.06305e+00     fixed    
   5  R           -6.06479e+01   constant   
   6  alpha_CBO    6.26335e-02     fixed    
   7  w_CBO        2.32500e+00   constant   
   8  beta_CBO     2.03814e-03     fixed    
   9  alpha_2CBO  -9.94769e-03     fixed    
  10  beta_2CBO   -2.92363e-02     fixed    
  11  alpha_y     -7.10819e-04     fixed    
  12  w_y          1.44500e+01   constant   
  13  beta_y       9.10589e-05   2.90315e-04   4.28412e-07  -5.05056e-01
  14  alpha_vw     3.58061e-05   2.89390e-04   4.24846e-07  -4.55560e-02
  15  w_vw         1.29000e+01   constant   
  16  beta_vw      0.00000e+00     fixed    
  17  LM          -1.06686e-04   constant   
  18  zeta_y       0.00000e+00   constant   
  19  zeta_vw      0.00000e+00   constant   
  20  T_CBO        2.55326e+01   2.39620e-01   5.95971e-07   2.55561e+00
  21  alpha_A0     6.55061e-01   4.90332e-02   5.64337e-05  -3.07326e-02
  22  beta_A0      5.51860e+00   2.03080e-01   7.87260e-05  -1.46176e-02
  23  alpha_phi    1.54966e+01   5.50618e-01   6.76132e-05   1.82494e-02
  24  beta_phi    -5.18543e+00   1.87229e-01   5.67142e-05   2.45351e-02
 EXTERNAL ERROR MATRIX.    NDIM=  25    NPAR=  7    ERR DEF=1
  8.428e-08  3.417e-08 -3.433e-07  2.136e-07 -2.197e-06  7.594e-08 -3.878e-08 
  3.417e-08  8.375e-08 -3.353e-07  3.617e-07 -2.609e-06 -1.667e-08 -2.139e-07 
 -3.433e-07 -3.353e-07  5.742e-02 -6.444e-03 -4.670e-02 -1.314e-01  4.394e-02 
  2.136e-07  3.617e-07 -6.444e-03  2.404e-03  4.523e-03  1.373e-02 -4.520e-03 
 -2.197e-06 -2.609e-06 -4.670e-02  4.523e-03  4.124e-02  1.081e-01 -3.643e-02 
  7.594e-08 -1.667e-08 -1.314e-01  1.373e-02  1.081e-01  3.032e-01 -1.008e-01 
 -3.878e-08 -2.139e-07  4.394e-02 -4.520e-03 -3.643e-02 -1.008e-01  3.505e-02 
ERR MATRIX NOT POS-DEF
 PARAMETER  CORRELATION COEFFICIENTS  
       NO.  GLOBAL     13     14     20     21     22     23     24
       13  0.41508   1.000  0.407 -0.005  0.015 -0.037  0.000 -0.001
       14  0.42522   0.407  1.000 -0.005  0.025 -0.044 -0.000 -0.004
       20  0.99740  -0.005 -0.005  1.000 -0.548 -0.960 -0.996  0.980
       21  0.70464   0.015  0.025 -0.548  1.000  0.454  0.509 -0.492
       22  0.97102  -0.037 -0.044 -0.960  0.454  1.000  0.967 -0.958
       23  0.99713   0.000 -0.000 -0.996  0.509  0.967  1.000 -0.978
       24  0.98241  -0.001 -0.004  0.980 -0.492 -0.958 -0.978  1.000
 ERR MATRIX NOT POS-DEF
MINUIT - FIT ALTOGETHER
 **********
 **   83 **RES 
 **********
