 + ++++++++++++++++++++++++++++++++++++++++++++++++++++++++++++++++++++ +
 +                                                                      +
 +           You have chose to blind your fitting according to          +
 +                omega_ref * (1 + (R +/- deltaR) *10^{-6})             +
 +                                                                      +
 + ++++++++++++++++++++++++++++++++++++++++++++++++++++++++++++++++++++ +
In main()...
reading format from /gm2data/zkhechad/run45/envelope/formats/formatB_sBin_constraintOn.txt
pBinTau 	= 0  
pBinPhi 	= 0  
constraintau 	= 1 
includeMopTerm 	= 0    
constrainMop    = 0   
Parameters after format file: pBinTau 0 pBinPhi 0 constraintau 1 includeMopTerm 0 constrainMop 0 c_e_scale 0.000000 
Opening file /gm2data/tbarrett/gm2fr/studies/run23_bunch_corrections/CorrectedFourier_Run3b.root.
reading full fit data from /gm2data/zkhechad/cboTemplates/Run4CBOTemplates/templateFits0_v2.0/noRF/sBin_constraintOn_cE0.0_seed0_noRF_calo18.root
windowBins = 69
fitting sliding window 998 from bin 1134 at 169.043600 to bin 1203 at 179.487600 (69 bins)

Reading data from /gm2data/cornell/histograms/aMethod/histogram_a_noRF.root
 **********
 **    1 **SET PRINTOUT            1
 **********
 **********
 **    2 **SET NOWARNINGS 
 **********
 PARAMETER DEFINITIONS:
    NO.   NAME         VALUE      STEP SIZE      LIMITS
     1 N0           3.61661e+06  1.00000e+02     no limits
     2 tau          6.44027e+01  constant
     3 A0           3.53412e-01  1.00000e-04     no limits
     4 phi          4.12202e+00  1.00000e-02     no limits
     5 R           -6.06479e+01  constant
     6 alpha_CBO    0.00000e+00  1.00000e-03     no limits
     7 w_CBO        2.32500e+00  constant
     8 beta_CBO     0.00000e+00  1.00000e-03     no limits
     9 alpha_2CBO   0.00000e+00  1.00000e-03     no limits
    10 beta_2CBO    0.00000e+00  1.00000e-03     no limits
    11 alpha_y      0.00000e+00  1.00000e-03     no limits
    12 w_y          1.44500e+01  constant
    13 beta_y       0.00000e+00  1.00000e-03     no limits
    14 alpha_vw     0.00000e+00  1.00000e-03     no limits
    15 w_vw         1.29000e+01  constant
    16 beta_vw      0.00000e+00  1.00000e-03     no limits
    17 LM          -1.06686e-04  constant
    18 zeta_y       0.00000e+00  constant
    19 zeta_vw      0.00000e+00  constant
    20 T_CBO        1.00000e+02  1.00000e+00    0.00000e+00  1.00000e+03
    21 alpha_A0     0.00000e+00  1.00000e-03     no limits
    22 beta_A0      0.00000e+00  1.00000e-03     no limits
    23 alpha_phi    0.00000e+00  1.00000e-03     no limits
    24 beta_phi     0.00000e+00  1.00000e-03     no limits
MINUIT - FIT ONLY WIGGLE
 **********
 **    3 **FIX            5
 **********
 PARAMETER    5  IS CONSTANT.   IGNORED.
 **********
 **    4 **FIX            6
 **********
 **********
 **    5 **FIX            7
 **********
 PARAMETER    7  IS CONSTANT.   IGNORED.
 **********
 **    6 **FIX            8
 **********
 **********
 **    7 **FIX            9
 **********
 **********
 **    8 **FIX           10
 **********
 **********
 **    9 **FIX           11
 **********
 **********
 **   10 **FIX           12
 **********
 PARAMETER   12  IS CONSTANT.   IGNORED.
 **********
 **   11 **FIX           13
 **********
 **********
 **   12 **FIX           14
 **********
 **********
 **   13 **FIX           15
 **********
 PARAMETER   15  IS CONSTANT.   IGNORED.
 **********
 **   14 **FIX           16
 **********
 **********
 **   15 **MIGRAD
 **********
 FIRST CALL TO USER FUNCTION AT NEW START POINT, WITH IFLAG=4.
 START MIGRAD MINIMIZATION.  STRATEGY  1.  CONVERGENCE WHEN EDM .LT. 1.00e-04
 FCN=526.157 FROM MIGRAD    STATUS=INITIATE      437 CALLS         438 TOTAL
                     EDM= unknown      STRATEGY= 1      NO ERROR MATRIX       
  EXT PARAMETER               CURRENT GUESS       STEP         FIRST   
  NO.   NAME      VALUE            ERROR          SIZE      DERIVATIVE 
   1  N0           3.61661e+06   1.00000e+02   0.00000e+00  -8.26680e-03
   2  tau          6.44027e+01   constant   
   3  A0           3.53412e-01   1.00000e-04   0.00000e+00   1.60626e+04
   4  phi          4.12202e+00   1.00000e-02   0.00000e+00  -9.80923e+03
   5  R           -6.06479e+01   constant   
   6  alpha_CBO    0.00000e+00     fixed    
   7  w_CBO        2.32500e+00   constant   
   8  beta_CBO     0.00000e+00     fixed    
   9  alpha_2CBO   0.00000e+00     fixed    
  10  beta_2CBO    0.00000e+00     fixed    
  11  alpha_y      0.00000e+00     fixed    
  12  w_y          1.44500e+01   constant   
  13  beta_y       0.00000e+00     fixed    
  14  alpha_vw     0.00000e+00     fixed    
  15  w_vw         1.29000e+01   constant   
  16  beta_vw      0.00000e+00     fixed    
  17  LM          -1.06686e-04   constant   
  18  zeta_y       0.00000e+00   constant   
  19  zeta_vw      0.00000e+00   constant   
  20  T_CBO        1.00000e+02   1.00000e+00   0.00000e+00   0.00000e+00
  21  alpha_A0     0.00000e+00   1.00000e-03   0.00000e+00  -1.38382e+03
  22  beta_A0      0.00000e+00   1.00000e-03   0.00000e+00  -1.18935e+03
  23  alpha_phi    0.00000e+00   1.00000e-03   0.00000e+00   1.27941e+03
  24  beta_phi     0.00000e+00   1.00000e-03   0.00000e+00  -1.57293e+03
 CALL LIMIT EXCEEDED IN MIGRAD.
 MIGRAD TERMINATED WITHOUT CONVERGENCE.
 FCN=468.738 FROM MIGRAD    STATUS=CALL LIMIT   1334 CALLS        1335 TOTAL
                     EDM=0.0399203    STRATEGY= 1  ERROR MATRIX UNCERTAINTY   5.3 per cent
  EXT PARAMETER                APPROXIMATE        STEP         FIRST   
  NO.   NAME      VALUE            ERROR          SIZE      DERIVATIVE 
   1  N0           3.61795e+06   5.64162e+02   6.23804e+01   2.54276e-04
   2  tau          6.44027e+01   constant   
   3  A0           3.53127e-01   2.01141e-04  -1.54011e-05  -5.00314e+02
   4  phi          4.12328e+00   5.83335e-04  -4.97611e-05  -1.48339e+02
   5  R           -6.06479e+01   constant   
   6  alpha_CBO    0.00000e+00     fixed    
   7  w_CBO        2.32500e+00   constant   
   8  beta_CBO     0.00000e+00     fixed    
   9  alpha_2CBO   0.00000e+00     fixed    
  10  beta_2CBO    0.00000e+00     fixed    
  11  alpha_y      0.00000e+00     fixed    
  12  w_y          1.44500e+01   constant   
  13  beta_y       0.00000e+00     fixed    
  14  alpha_vw     0.00000e+00     fixed    
  15  w_vw         1.29000e+01   constant   
  16  beta_vw      0.00000e+00     fixed    
  17  LM          -1.06686e-04   constant   
  18  zeta_y       0.00000e+00   constant   
  19  zeta_vw      0.00000e+00   constant   
  20  T_CBO        2.67362e+01   2.66062e+00  -2.29527e-04  -1.54260e+01
  21  alpha_A0     1.63411e+00   9.20923e-01   5.80641e-02   2.58439e-02
  22  beta_A0      1.73916e+00   1.01626e+00   6.48443e-02  -2.45590e-01
  23  alpha_phi   -1.41603e+00   8.35678e-01  -5.33496e-02   1.54102e-01
  24  beta_phi     2.28314e+00   1.32095e+00   8.40908e-02  -1.56576e-01
 EXTERNAL ERROR MATRIX.    NDIM=  25    NPAR=  8    ERR DEF=1
  3.183e+05  5.995e-03 -5.254e-02 -6.085e+02  2.358e+02  2.609e+02 -2.142e+02  3.393e+02 
  5.995e-03  4.046e-08  5.047e-09  1.515e-04 -5.527e-05 -6.109e-05  5.015e-05 -7.941e-05 
 -5.254e-02  5.047e-09  3.403e-07  4.691e-04 -1.813e-04 -2.003e-04  1.648e-04 -2.604e-04 
 -6.085e+02  1.515e-04  4.691e-04  7.080e+00 -2.377e+00 -2.621e+00  2.155e+00 -3.407e+00 
  2.358e+02 -5.527e-05 -1.813e-04 -2.377e+00  8.481e-01  9.359e-01 -7.695e-01  1.216e+00 
  2.609e+02 -6.109e-05 -2.003e-04 -2.621e+00  9.359e-01  1.033e+00 -8.492e-01  1.342e+00 
 -2.142e+02  5.015e-05  1.648e-04  2.155e+00 -7.695e-01 -8.492e-01  6.984e-01 -1.104e+00 
  3.393e+02 -7.941e-05 -2.604e-04 -3.407e+00  1.216e+00  1.342e+00 -1.104e+00  1.745e+00 
ERR MATRIX APPROXIMATE
 PARAMETER  CORRELATION COEFFICIENTS  
       NO.  GLOBAL      1      3      4     20     21     22     23     24
        1  0.56761   1.000  0.053 -0.160 -0.405  0.454  0.455 -0.454  0.455
        3  0.40854   0.053  1.000  0.043  0.283 -0.298 -0.299  0.298 -0.299
        4  0.36256  -0.160  0.043  1.000  0.302 -0.338 -0.338  0.338 -0.338
       20  0.97512  -0.405  0.283  0.302  1.000 -0.970 -0.969  0.969 -0.969
       21  0.99998   0.454 -0.298 -0.338 -0.970  1.000  1.000 -1.000  1.000
       22  0.99998   0.455 -0.299 -0.338 -0.969  1.000  1.000 -1.000  1.000
       23  0.99998  -0.454  0.298  0.338  0.969 -1.000 -1.000  1.000 -1.000
       24  0.99999   0.455 -0.299 -0.338 -0.969  1.000  1.000 -1.000  1.000
 ERR MATRIX APPROXIMATE
MINUIT - FIT ONLY 1-CBO + wiggle
 **********
 **   16 **RES 
 **********
                   PARAMETER   16  beta_vw RESTORED TO VARIABLE.
                   PARAMETER   14  alpha_vw RESTORED TO VARIABLE.
                   PARAMETER   13  beta_y RESTORED TO VARIABLE.
                   PARAMETER   11  alpha_y RESTORED TO VARIABLE.
                   PARAMETER   10  beta_2CBO RESTORED TO VARIABLE.
                   PARAMETER    9  alpha_2CBO RESTORED TO VARIABLE.
                   PARAMETER    8  beta_CBO RESTORED TO VARIABLE.
                   PARAMETER    6  alpha_CBO RESTORED TO VARIABLE.
 **********
 **   17 **FIX            8
 **********
 **********
 **   18 **FIX            9
 **********
 **********
 **   19 **FIX           11
 **********
 **********
 **   20 **FIX           12
 **********
 PARAMETER   12  IS CONSTANT.   IGNORED.
 **********
 **   21 **FIX           14
 **********
 **********
 **   22 **FIX           15
 **********
 PARAMETER   15  IS CONSTANT.   IGNORED.
 **********
 **   23 **FIX           16
 **********
 **********
 **   24 **MIGRAD
 **********
 START MIGRAD MINIMIZATION.  STRATEGY  1.  CONVERGENCE WHEN EDM .LT. 1.00e-04
 FCN=468.738 FROM MIGRAD    STATUS=INITIATE       28 CALLS        1363 TOTAL
                     EDM= unknown      STRATEGY= 1      NO ERROR MATRIX       
  EXT PARAMETER               CURRENT GUESS       STEP         FIRST   
  NO.   NAME      VALUE            ERROR          SIZE      DERIVATIVE 
   1  N0           3.61795e+06   5.64162e+02   6.23804e+01   2.54276e-04
   2  tau          6.44027e+01   constant   
   3  A0           3.53127e-01   2.01141e-04  -1.54011e-05  -5.00314e+02
   4  phi          4.12328e+00   5.83335e-04  -4.97611e-05  -1.48339e+02
   5  R           -6.06479e+01   constant   
   6  alpha_CBO    0.00000e+00   1.00000e-03   1.00000e-03  -1.70968e+05
   7  w_CBO        2.32500e+00   constant   
   8  beta_CBO     0.00000e+00     fixed    
   9  alpha_2CBO   0.00000e+00     fixed    
  10  beta_2CBO    0.00000e+00   1.00000e-03   1.00000e-03   1.07403e+04
  11  alpha_y      0.00000e+00     fixed    
  12  w_y          1.44500e+01   constant   
  13  beta_y       0.00000e+00   1.00000e-03   1.00000e-03  -5.55951e+02
  14  alpha_vw     0.00000e+00     fixed    
  15  w_vw         1.29000e+01   constant   
  16  beta_vw      0.00000e+00     fixed    
  17  LM          -1.06686e-04   constant   
  18  zeta_y       0.00000e+00   constant   
  19  zeta_vw      0.00000e+00   constant   
  20  T_CBO        2.67362e+01   2.66062e+00  -2.29527e-04  -1.54262e+01
  21  alpha_A0     1.63411e+00   9.20923e-01   5.80641e-02   2.58439e-02
  22  beta_A0      1.73916e+00   1.01626e+00   6.48443e-02  -2.45590e-01
  23  alpha_phi   -1.41603e+00   8.35678e-01  -5.33496e-02   1.54102e-01
  24  beta_phi     2.28314e+00   1.32095e+00   8.40908e-02  -1.56576e-01
 MIGRAD MINIMIZATION HAS CONVERGED.
 FCN=88.9036 FROM MIGRAD    STATUS=CONVERGED     200 CALLS        1535 TOTAL
                     EDM=1.87834e-06    STRATEGY= 1  ERROR MATRIX UNCERTAINTY   1.9 per cent
  EXT PARAMETER                                   STEP         FIRST   
  NO.   NAME      VALUE            ERROR          SIZE      DERIVATIVE 
   1  N0           3.61793e+06   5.91479e+02   7.85592e-01   1.64617e-07
   2  tau          6.44027e+01   constant   
   3  A0           3.53351e-01   2.14694e-04  -8.02975e-07   8.77882e-01
   4  phi          4.12122e+00   5.96067e-04  -9.99528e-07  -1.23111e+00
   5  R           -6.06479e+01   constant   
   6  alpha_CBO    4.45010e-03   2.28711e-04  -1.30176e-07  -1.01264e+00
   7  w_CBO        2.32500e+00   constant   
   8  beta_CBO     0.00000e+00     fixed    
   9  alpha_2CBO   0.00000e+00     fixed    
  10  beta_2CBO    8.26095e-05   2.16031e-04   4.11059e-07   3.65228e+00
  11  alpha_y      0.00000e+00     fixed    
  12  w_y          1.44500e+01   constant   
  13  beta_y       5.20442e-05   2.17105e-04   2.05955e-07   8.32206e-01
  14  alpha_vw     0.00000e+00     fixed    
  15  w_vw         1.29000e+01   constant   
  16  beta_vw      0.00000e+00     fixed    
  17  LM          -1.06686e-04   constant   
  18  zeta_y       0.00000e+00   constant   
  19  zeta_vw      0.00000e+00   constant   
  20  T_CBO        2.59200e+01   5.85706e-01   8.38904e-06  -2.75677e-02
  21  alpha_A0     1.54656e-01   6.10448e-01  -1.02518e-03  -2.35548e-03
  22  beta_A0      1.82809e+00   5.79133e-01   1.62739e-03  -1.88673e-03
  23  alpha_phi   -1.04042e+00   6.91167e-01   9.93054e-04  -2.48903e-03
  24  beta_phi     2.40010e+00   5.40513e-01   9.44977e-04   9.76083e-04
 EXTERNAL ERROR MATRIX.    NDIM=  25    NPAR= 11    ERR DEF=1
  3.498e+05 
  3.446e-04  4.609e-08 
 -5.141e-02  5.367e-09  3.553e-07 
 -7.170e-04  2.234e-09 -2.331e-08  5.231e-08 
 -1.584e-03 -1.462e-09  3.631e-10  4.465e-09  4.667e-08 
 -1.598e-03  4.331e-10  4.153e-10  2.976e-10 -3.374e-10  4.713e-08 
  3.818e+01 -3.096e-06 -1.155e-05 -9.849e-06 -5.541e-06  9.281e-07  3.431e-01 
 -6.674e+01  1.579e-05  1.175e-05 -2.066e-05 -8.326e-06  2.820e-06 -9.311e-03  3.726e-01 
  1.537e+01 -1.218e-05 -5.091e-06 -6.548e-07  2.666e-06  2.165e-06 -9.976e-03 -5.155e-03  3.354e-01 
  4.068e+01 -3.439e-05 -6.278e-06  7.602e-06  2.125e-05  8.355e-07  2.234e-02 -9.292e-02  4.235e-02  4.777e-01 
  7.361e+01 -8.250e-06 -2.023e-05  2.296e-06 -8.028e-07 -6.788e-07 -1.700e-02 -4.808e-02 -1.160e-02  4.181e-02  2.922e-01 
 PARAMETER  CORRELATION COEFFICIENTS  
       NO.  GLOBAL      1      3      4      6     10     13     20     21     22     23     24
        1  0.33952   1.000  0.003 -0.146 -0.005 -0.012 -0.012  0.110 -0.185  0.045  0.100  0.230
        3  0.27628   0.003  1.000  0.042  0.045 -0.032  0.009 -0.025  0.120 -0.098 -0.232 -0.071
        4  0.23723  -0.146  0.042  1.000 -0.171  0.003  0.003 -0.033  0.032 -0.015 -0.015 -0.063
        6  0.26624  -0.005  0.045 -0.171  1.000  0.090  0.006 -0.074 -0.148 -0.005  0.048  0.019
       10  0.17702  -0.012 -0.032  0.003  0.090  1.000 -0.007 -0.044 -0.063  0.021  0.142 -0.007
       13  0.03594  -0.012  0.009  0.003  0.006 -0.007  1.000  0.007  0.021  0.017  0.006 -0.006
       20  0.18060   0.110 -0.025 -0.033 -0.074 -0.044  0.007  1.000 -0.026 -0.029  0.055 -0.054
       21  0.33238  -0.185  0.120  0.032 -0.148 -0.063  0.021 -0.026  1.000 -0.015 -0.220 -0.146
       22  0.15792   0.045 -0.098 -0.015 -0.005  0.021  0.017 -0.029 -0.015  1.000  0.106 -0.037
       23  0.35342   0.100 -0.232 -0.015  0.048  0.142  0.006  0.055 -0.220  0.106  1.000  0.112
       24  0.28866   0.230 -0.071 -0.063  0.019 -0.007 -0.006 -0.054 -0.146 -0.037  0.112  1.000
MINUIT - FIT ONLY 2-CBO
 **********
 **   25 **RES 
 **********
                   PARAMETER   16  beta_vw RESTORED TO VARIABLE.
                   PARAMETER   14  alpha_vw RESTORED TO VARIABLE.
                   PARAMETER   11  alpha_y RESTORED TO VARIABLE.
                   PARAMETER    9  alpha_2CBO RESTORED TO VARIABLE.
                   PARAMETER    8  beta_CBO RESTORED TO VARIABLE.
 **********
 **   26 **FIX            0
 **********
 PARAMETER    0  IS UNDEFINED. IGNORED.
 **********
 **   27 **FIX            1
 **********
 **********
 **   28 **FIX            2
 **********
 PARAMETER    2  IS CONSTANT.   IGNORED.
 **********
 **   29 **FIX            3
 **********
 **********
 **   30 **FIX            4
 **********
 **********
 **   31 **FIX            5
 **********
 PARAMETER    5  IS CONSTANT.   IGNORED.
 **********
 **   32 **FIX            6
 **********
 **********
 **   33 **FIX            7
 **********
 PARAMETER    7  IS CONSTANT.   IGNORED.
 **********
 **   34 **FIX           10
 **********
 **********
 **   35 **FIX           11
 **********
 **********
 **   36 **FIX           12
 **********
 PARAMETER   12  IS CONSTANT.   IGNORED.
 **********
 **   37 **FIX           13
 **********
 **********
 **   38 **FIX           14
 **********
 **********
 **   39 **FIX           15
 **********
 PARAMETER   15  IS CONSTANT.   IGNORED.
 **********
 **   40 **FIX           16
 **********
 **********
 **   41 **MIGRAD
 **********
 START MIGRAD MINIMIZATION.  STRATEGY  1.  CONVERGENCE WHEN EDM .LT. 1.00e-04
 FCN=88.9036 FROM MIGRAD    STATUS=INITIATE       18 CALLS        1553 TOTAL
                     EDM= unknown      STRATEGY= 1      NO ERROR MATRIX       
  EXT PARAMETER               CURRENT GUESS       STEP         FIRST   
  NO.   NAME      VALUE            ERROR          SIZE      DERIVATIVE 
   1  N0           3.61793e+06     fixed    
   2  tau          6.44027e+01   constant   
   3  A0           3.53351e-01     fixed    
   4  phi          4.12122e+00     fixed    
   5  R           -6.06479e+01   constant   
   6  alpha_CBO    4.45010e-03     fixed    
   7  w_CBO        2.32500e+00   constant   
   8  beta_CBO     0.00000e+00   1.00000e-03   1.00000e-03  -5.12235e+04
   9  alpha_2CBO   0.00000e+00   1.00000e-03   1.00000e-03  -3.89094e+03
  10  beta_2CBO    8.26095e-05     fixed    
  11  alpha_y      0.00000e+00     fixed    
  12  w_y          1.44500e+01   constant   
  13  beta_y       5.20442e-05     fixed    
  14  alpha_vw     0.00000e+00     fixed    
  15  w_vw         1.29000e+01   constant   
  16  beta_vw      0.00000e+00     fixed    
  17  LM          -1.06686e-04   constant   
  18  zeta_y       0.00000e+00   constant   
  19  zeta_vw      0.00000e+00   constant   
  20  T_CBO        2.59200e+01   5.85706e-01   8.38904e-06  -2.75685e-02
  21  alpha_A0     1.54656e-01   6.10448e-01  -1.02518e-03  -2.35547e-03
  22  beta_A0      1.82809e+00   5.79133e-01   1.62739e-03  -1.88672e-03
  23  alpha_phi   -1.04042e+00   6.91167e-01   9.93054e-04  -2.48903e-03
  24  beta_phi     2.40010e+00   5.40513e-01   9.44977e-04   9.76084e-04
 CALL LIMIT EXCEEDED IN MIGRAD.
 MIGRAD TERMINATED WITHOUT CONVERGENCE.
 FCN=57.1024 FROM MIGRAD    STATUS=CALL LIMIT   1151 CALLS        2686 TOTAL
                     EDM=0.0032253    STRATEGY= 1  ERROR MATRIX UNCERTAINTY  29.2 per cent
  EXT PARAMETER                APPROXIMATE        STEP         FIRST   
  NO.   NAME      VALUE            ERROR          SIZE      DERIVATIVE 
   1  N0           3.61793e+06     fixed    
   2  tau          6.44027e+01   constant   
   3  A0           3.53351e-01     fixed    
   4  phi          4.12122e+00     fixed    
   5  R           -6.06479e+01   constant   
   6  alpha_CBO    4.45010e-03     fixed    
   7  w_CBO        2.32500e+00   constant   
   8  beta_CBO     1.23870e-03   2.20407e-04   5.26795e-07  -1.31438e+01
   9  alpha_2CBO   4.91292e-05   2.25901e-04   9.14567e-07   4.96521e+01
  10  beta_2CBO    8.26095e-05     fixed    
  11  alpha_y      0.00000e+00     fixed    
  12  w_y          1.44500e+01   constant   
  13  beta_y       5.20442e-05     fixed    
  14  alpha_vw     0.00000e+00     fixed    
  15  w_vw         1.29000e+01   constant   
  16  beta_vw      0.00000e+00     fixed    
  17  LM          -1.06686e-04   constant   
  18  zeta_y       0.00000e+00   constant   
  19  zeta_vw      0.00000e+00   constant   
  20  T_CBO        1.70594e+01   4.74781e+00  -9.36481e-04  -1.52985e+01
  21  alpha_A0     5.25775e+00   1.41495e+01   3.25480e-01   4.89070e-03
  22  beta_A0      3.08996e+01   7.23147e+01   1.83072e+00  -2.95132e-03
  23  alpha_phi   -3.89582e+01   1.04460e+02  -2.61351e+00  -2.58734e-03
  24  beta_phi     8.57109e+01   2.28328e+02   5.73442e+00  -3.03650e-03
 EXTERNAL ERROR MATRIX.    NDIM=  25    NPAR=  7    ERR DEF=1
  4.858e-08 -1.726e-09 -8.876e-05  3.555e-04  1.268e-03 -2.041e-03  4.325e-03 
 -1.726e-09  5.103e-08 -8.990e-05 -1.254e-04  1.573e-03 -1.770e-03  4.324e-03 
 -8.876e-05 -8.990e-05  2.255e+01 -6.394e+01 -3.430e+02  4.952e+02 -1.083e+03 
  3.555e-04 -1.254e-04 -6.394e+01  2.002e+02  9.659e+02 -1.423e+03  3.091e+03 
  1.268e-03  1.573e-03 -3.430e+02  9.659e+02  5.229e+03 -7.537e+03  1.649e+04 
 -2.041e-03 -1.770e-03  4.952e+02 -1.423e+03 -7.537e+03  1.091e+04 -2.384e+04 
  4.325e-03  4.324e-03 -1.083e+03  3.091e+03  1.649e+04 -2.384e+04  5.213e+04 
ERR MATRIX APPROXIMATE
 PARAMETER  CORRELATION COEFFICIENTS  
       NO.  GLOBAL      8      9     20     21     22     23     24
        8  0.18658   1.000 -0.035 -0.085  0.114  0.080 -0.089  0.086
        9  0.46521  -0.035  1.000 -0.084 -0.039  0.096 -0.075  0.084
       20  0.99927  -0.085 -0.084  1.000 -0.952 -0.999  0.998 -0.999
       21  0.99634   0.114 -0.039 -0.952  1.000  0.944 -0.963  0.957
       22  0.99988   0.080  0.096 -0.999  0.944  1.000 -0.998  0.999
       23  0.99997  -0.089 -0.075  0.998 -0.963 -0.998  1.000 -1.000
       24  0.99998   0.086  0.084 -0.999  0.957  0.999 -1.000  1.000
 ERR MATRIX APPROXIMATE
MINUIT - FIT wiggle + 1-CBO + 2-CBO
 **********
 **   42 **RES 
 **********
                   PARAMETER   16  beta_vw RESTORED TO VARIABLE.
                   PARAMETER   14  alpha_vw RESTORED TO VARIABLE.
                   PARAMETER   13  beta_y RESTORED TO VARIABLE.
                   PARAMETER   11  alpha_y RESTORED TO VARIABLE.
                   PARAMETER   10  beta_2CBO RESTORED TO VARIABLE.
                   PARAMETER    6  alpha_CBO RESTORED TO VARIABLE.
                   PARAMETER    4  phi RESTORED TO VARIABLE.
                   PARAMETER    3  A0 RESTORED TO VARIABLE.
                   PARAMETER    1  N0 RESTORED TO VARIABLE.
 **********
 **   43 **FIX           10
 **********
 **********
 **   44 **FIX           11
 **********
 **********
 **   45 **FIX           12
 **********
 PARAMETER   12  IS CONSTANT.   IGNORED.
 **********
 **   46 **FIX           13
 **********
 **********
 **   47 **FIX           14
 **********
 **********
 **   48 **FIX           15
 **********
 PARAMETER   15  IS CONSTANT.   IGNORED.
 **********
 **   49 **FIX           16
 **********
 **********
 **   50 **MIGRAD
 **********
 START MIGRAD MINIMIZATION.  STRATEGY  1.  CONVERGENCE WHEN EDM .LT. 1.00e-04
 FCN=57.1024 FROM MIGRAD    STATUS=INITIATE       22 CALLS        2708 TOTAL
                     EDM= unknown      STRATEGY= 1      NO ERROR MATRIX       
  EXT PARAMETER               CURRENT GUESS       STEP         FIRST   
  NO.   NAME      VALUE            ERROR          SIZE      DERIVATIVE 
   1  N0           3.61793e+06   5.91479e+02   5.91479e+02  -1.56929e-03
   2  tau          6.44027e+01   constant   
   3  A0           3.53351e-01   2.14694e-04   2.14694e-04  -1.25844e+04
   4  phi          4.12122e+00   5.96067e-04   5.96067e-04  -7.86423e+02
   5  R           -6.06479e+01   constant   
   6  alpha_CBO    4.45010e-03   2.28711e-04   2.28711e-04   1.82775e+03
   7  w_CBO        2.32500e+00   constant   
   8  beta_CBO     1.23870e-03   2.20407e-04   5.26795e-07  -1.31438e+01
   9  alpha_2CBO   4.91292e-05   2.25901e-04   9.14567e-07   4.96521e+01
  10  beta_2CBO    8.26095e-05     fixed    
  11  alpha_y      0.00000e+00     fixed    
  12  w_y          1.44500e+01   constant   
  13  beta_y       5.20442e-05     fixed    
  14  alpha_vw     0.00000e+00     fixed    
  15  w_vw         1.29000e+01   constant   
  16  beta_vw      0.00000e+00     fixed    
  17  LM          -1.06686e-04   constant   
  18  zeta_y       0.00000e+00   constant   
  19  zeta_vw      0.00000e+00   constant   
  20  T_CBO        1.70594e+01   4.74781e+00  -9.36481e-04  -1.52985e+01
  21  alpha_A0     5.25775e+00   1.41495e+01   3.25480e-01   4.89070e-03
  22  beta_A0      3.08996e+01   7.23147e+01   1.83072e+00  -2.95132e-03
  23  alpha_phi   -3.89582e+01   1.04460e+02  -2.61351e+00  -2.58734e-03
  24  beta_phi     8.57109e+01   2.28328e+02   5.73442e+00  -3.03650e-03
 CALL LIMIT EXCEEDED IN MIGRAD.
 MIGRAD TERMINATED WITHOUT CONVERGENCE.
 FCN=54.7905 FROM MIGRAD    STATUS=CALL LIMIT   1906 CALLS        4592 TOTAL
                     EDM=0.00129356    STRATEGY= 1  ERROR MATRIX UNCERTAINTY   0.2 per cent
  EXT PARAMETER                APPROXIMATE        STEP         FIRST   
  NO.   NAME      VALUE            ERROR          SIZE      DERIVATIVE 
   1  N0           3.61820e+06   5.64386e+02  -7.23647e-01   3.67984e-06
   2  tau          6.44027e+01   constant   
   3  A0           3.53676e-01   2.11649e-04   2.03817e-07   1.12126e+01
   4  phi          4.12135e+00   6.00183e-04  -4.06655e-07  -1.06761e+01
   5  R           -6.06479e+01   constant   
   6  alpha_CBO    4.41540e-03   2.21709e-04   2.39936e-07  -2.50373e+01
   7  w_CBO        2.32500e+00   constant   
   8  beta_CBO     1.32807e-03   2.20050e-04  -7.54704e-07  -2.22719e+01
   9  alpha_2CBO   4.47871e-05   2.19635e-04  -5.22118e-07  -7.40303e+01
  10  beta_2CBO    8.26095e-05     fixed    
  11  alpha_y      0.00000e+00     fixed    
  12  w_y          1.44500e+01   constant   
  13  beta_y       5.20442e-05     fixed    
  14  alpha_vw     0.00000e+00     fixed    
  15  w_vw         1.29000e+01   constant   
  16  beta_vw      0.00000e+00     fixed    
  17  LM          -1.06686e-04   constant   
  18  zeta_y       0.00000e+00   constant   
  19  zeta_vw      0.00000e+00   constant   
  20  T_CBO        2.43523e+01   9.74113e+00   1.35867e-03  -9.94208e+00
  21  alpha_A0     2.19740e-01   1.25598e+00  -1.22561e-02  -3.06778e-02
  22  beta_A0      1.41016e+00   4.60612e+00  -8.46287e-02  -1.07298e-02
  23  alpha_phi   -2.20598e+00   6.99225e+00   1.45247e-01   1.56584e-02
  24  beta_phi     4.04004e+00   1.23675e+01  -2.74679e-01  -3.60464e-02
 EXTERNAL ERROR MATRIX.    NDIM=  25    NPAR= 11    ERR DEF=1
  3.185e+05 
  1.164e-02  4.480e-08 
 -5.060e-02  1.437e-09  3.602e-07 
 -4.191e-03  2.698e-09 -1.829e-08  4.915e-08 
  1.086e-02  1.020e-08  6.549e-09 -5.436e-10  4.842e-08 
  4.589e-03 -1.929e-09  6.799e-09 -4.116e-09 -1.904e-10  4.824e-08 
 -9.905e+01  1.278e-04 -1.222e-04  9.843e-05 -9.872e-05 -1.107e-04  9.502e+01 
 -9.600e+01  1.106e-08  1.256e-05 -2.907e-05 -7.966e-06 -4.167e-05 -8.241e+00  1.577e+00 
  6.889e+01 -8.652e-05  5.557e-05 -4.600e-05 -3.092e-05  4.340e-05 -4.249e+01  3.323e+00  2.122e+01 
 -1.227e+01  1.577e-05 -1.074e-05  7.527e-05 -7.437e-05 -6.123e-05  6.623e+01 -5.372e+00 -3.010e+01  4.889e+01 
  2.636e+02 -1.847e-04  7.258e-05 -1.252e-04  1.294e-04  9.188e-05 -1.202e+02  1.029e+01  5.338e+01 -8.298e+01  1.530e+02 
ERR MATRIX APPROXIMATE
 PARAMETER  CORRELATION COEFFICIENTS  
       NO.  GLOBAL      1      3      4      6      8      9     20     21     22     23     24
        1  0.38231   1.000  0.097 -0.149 -0.033  0.087  0.037 -0.018 -0.135  0.026 -0.003  0.038
        3  0.37549   0.097  1.000  0.011  0.058  0.219 -0.041  0.062  0.000 -0.089  0.011 -0.071
        4  0.34913  -0.149  0.011  1.000 -0.137  0.050  0.052 -0.021  0.017  0.020 -0.003  0.010
        6  0.30619  -0.033  0.058 -0.137  1.000 -0.011 -0.085  0.046 -0.104 -0.045  0.049 -0.046
        8  0.37685   0.087  0.219  0.050 -0.011  1.000 -0.004 -0.046 -0.029 -0.031 -0.048  0.048
        9  0.58936   0.037 -0.041  0.052 -0.085 -0.004  1.000 -0.052 -0.151  0.043 -0.040  0.034
       20  0.99939  -0.018  0.062 -0.021  0.046 -0.046 -0.052  1.000 -0.673 -0.946  0.972 -0.997
       21  0.85049  -0.135  0.000  0.017 -0.104 -0.029 -0.151 -0.673  1.000  0.574 -0.612  0.662
       22  0.96311   0.026 -0.089  0.020 -0.045 -0.031  0.043 -0.946  0.574  1.000 -0.935  0.937
       23  0.98742  -0.003  0.011 -0.003  0.049 -0.048 -0.040  0.972 -0.612 -0.935  1.000 -0.960
       24  0.99895   0.038 -0.071  0.010 -0.046  0.048  0.034 -0.997  0.662  0.937 -0.960  1.000
 ERR MATRIX APPROXIMATE
MINUIT - FIT ONLY 1-y
 **********
 **   51 **RES 
 **********
                   PARAMETER   16  beta_vw RESTORED TO VARIABLE.
                   PARAMETER   14  alpha_vw RESTORED TO VARIABLE.
                   PARAMETER   13  beta_y RESTORED TO VARIABLE.
                   PARAMETER   11  alpha_y RESTORED TO VARIABLE.
                   PARAMETER   10  beta_2CBO RESTORED TO VARIABLE.
 **********
 **   52 **FIX            0
 **********
 PARAMETER    0  IS UNDEFINED. IGNORED.
 **********
 **   53 **FIX            1
 **********
 **********
 **   54 **FIX            2
 **********
 PARAMETER    2  IS CONSTANT.   IGNORED.
 **********
 **   55 **FIX            3
 **********
 **********
 **   56 **FIX            4
 **********
 **********
 **   57 **FIX            5
 **********
 PARAMETER    5  IS CONSTANT.   IGNORED.
 **********
 **   58 **FIX            6
 **********
 **********
 **   59 **FIX            7
 **********
 PARAMETER    7  IS CONSTANT.   IGNORED.
 **********
 **   60 **FIX            8
 **********
 **********
 **   61 **FIX            9
 **********
 **********
 **   62 **FIX           13
 **********
 **********
 **   63 **FIX           14
 **********
 **********
 **   64 **FIX           15
 **********
 PARAMETER   15  IS CONSTANT.   IGNORED.
 **********
 **   65 **FIX           16
 **********
 **********
 **   66 **MIGRAD
 **********
 START MIGRAD MINIMIZATION.  STRATEGY  1.  CONVERGENCE WHEN EDM .LT. 1.00e-04
 FCN=54.7905 FROM MIGRAD    STATUS=INITIATE       16 CALLS        4608 TOTAL
                     EDM= unknown      STRATEGY= 1      NO ERROR MATRIX       
  EXT PARAMETER               CURRENT GUESS       STEP         FIRST   
  NO.   NAME      VALUE            ERROR          SIZE      DERIVATIVE 
   1  N0           3.61820e+06     fixed    
   2  tau          6.44027e+01   constant   
   3  A0           3.53676e-01     fixed    
   4  phi          4.12135e+00     fixed    
   5  R           -6.06479e+01   constant   
   6  alpha_CBO    4.41540e-03     fixed    
   7  w_CBO        2.32500e+00   constant   
   8  beta_CBO     1.32807e-03     fixed    
   9  alpha_2CBO   4.47871e-05     fixed    
  10  beta_2CBO    8.26095e-05   2.16031e-04   2.16031e-04   1.00239e+03
  11  alpha_y      0.00000e+00   1.00000e-03   1.00000e-03  -8.37362e+03
  12  w_y          1.44500e+01   constant   
  13  beta_y       5.20442e-05     fixed    
  14  alpha_vw     0.00000e+00     fixed    
  15  w_vw         1.29000e+01   constant   
  16  beta_vw      0.00000e+00     fixed    
  17  LM          -1.06686e-04   constant   
  18  zeta_y       0.00000e+00   constant   
  19  zeta_vw      0.00000e+00   constant   
  20  T_CBO        2.43523e+01   9.74113e+00   1.35867e-03  -9.94207e+00
  21  alpha_A0     2.19740e-01   1.25598e+00  -1.22561e-02  -3.06778e-02
  22  beta_A0      1.41016e+00   4.60612e+00  -8.46287e-02  -1.07298e-02
  23  alpha_phi   -2.20598e+00   6.99225e+00   1.45247e-01   1.56584e-02
  24  beta_phi     4.04004e+00   1.23675e+01  -2.74679e-01  -3.60464e-02
 MIGRAD MINIMIZATION HAS CONVERGED.
 MIGRAD WILL VERIFY CONVERGENCE AND ERROR MATRIX.
 FCN=53.9435 FROM HESSE     STATUS=NOT POSDEF     50 CALLS        4705 TOTAL
                     EDM=0.001027    STRATEGY= 1      ERR MATRIX NOT POS-DEF
  EXT PARAMETER                APPROXIMATE        STEP         FIRST   
  NO.   NAME      VALUE            ERROR          SIZE      DERIVATIVE 
   1  N0           3.61820e+06     fixed    
   2  tau          6.44027e+01   constant   
   3  A0           3.53676e-01     fixed    
   4  phi          4.12135e+00     fixed    
   5  R           -6.06479e+01   constant   
   6  alpha_CBO    4.41540e-03     fixed    
   7  w_CBO        2.32500e+00   constant   
   8  beta_CBO     1.32807e-03     fixed    
   9  alpha_2CBO   4.47871e-05     fixed    
  10  beta_2CBO    5.69470e-05   2.21360e-04   7.83068e-07  -3.71662e-01
  11  alpha_y      1.99012e-04   2.17518e-04   7.88357e-07   2.31867e-01
  12  w_y          1.44500e+01   constant   
  13  beta_y       5.20442e-05     fixed    
  14  alpha_vw     0.00000e+00     fixed    
  15  w_vw         1.29000e+01   constant   
  16  beta_vw      0.00000e+00     fixed    
  17  LM          -1.06686e-04   constant   
  18  zeta_y       0.00000e+00   constant   
  19  zeta_vw      0.00000e+00   constant   
  20  T_CBO        2.43655e+01   1.12283e+01   1.67475e-05  -3.69205e-01
  21  alpha_A0     2.42092e-01   1.34551e+00   3.67812e-03   1.34336e-03
  22  beta_A0      1.42473e+00   4.72698e+00   3.79928e-03   2.96663e-04
  23  alpha_phi   -2.20592e+00   7.23898e+00   3.92660e-03   8.13807e-06
  24  beta_phi     4.04968e+00   1.33331e+01   3.53064e-03   2.60382e-03
 CALL LIMIT EXCEEDED IN MIGRAD.
 MIGRAD TERMINATED WITHOUT CONVERGENCE.
 FCN=53.9156 FROM MIGRAD    STATUS=CALL LIMIT   1149 CALLS        5741 TOTAL
                     EDM=0.000230816    STRATEGY= 1      ERR MATRIX NOT POS-DEF
  EXT PARAMETER                APPROXIMATE        STEP         FIRST   
  NO.   NAME      VALUE            ERROR          SIZE      DERIVATIVE 
   1  N0           3.61820e+06     fixed    
   2  tau          6.44027e+01   constant   
   3  A0           3.53676e-01     fixed    
   4  phi          4.12135e+00     fixed    
   5  R           -6.06479e+01   constant   
   6  alpha_CBO    4.41540e-03     fixed    
   7  w_CBO        2.32500e+00   constant   
   8  beta_CBO     1.32807e-03     fixed    
   9  alpha_2CBO   4.47871e-05     fixed    
  10  beta_2CBO    5.47274e-05   2.17586e-04  -3.28839e-07  -1.89320e+01
  11  alpha_y      1.99065e-04   2.17459e-04  -3.39446e-08  -4.62907e+00
  12  w_y          1.44500e+01   constant   
  13  beta_y       5.20442e-05     fixed    
  14  alpha_vw     0.00000e+00     fixed    
  15  w_vw         1.29000e+01   constant   
  16  beta_vw      0.00000e+00     fixed    
  17  LM          -1.06686e-04   constant   
  18  zeta_y       0.00000e+00   constant   
  19  zeta_vw      0.00000e+00   constant   
  20  T_CBO        3.47620e+01   3.32663e+01   1.39247e-03  -1.17866e+00
  21  alpha_A0     2.37984e-02   1.53507e-01   8.33523e-04   1.39529e-01
  22  beta_A0      1.74427e-01   8.92512e-01  -5.94323e-03  -3.45405e-02
  23  alpha_phi   -2.65944e-01   1.35427e+00   9.35949e-03   6.27847e-02
  24  beta_phi     4.79105e-01   2.46062e+00  -1.78458e-02  -4.03939e-02
 EXTERNAL ERROR MATRIX.    NDIM=  25    NPAR=  7    ERR DEF=1
  4.734e-08 -3.983e-10 -5.004e-04  4.064e-06  8.826e-06 -1.462e-05  3.792e-05 
 -3.983e-10  4.729e-08 -6.424e-05  7.253e-07  1.598e-06 -1.895e-06  5.176e-06 
 -5.004e-04 -6.424e-05  1.119e+03 -3.360e+00 -2.933e+01  4.504e+01 -8.215e+01 
  4.064e-06  7.253e-07 -3.360e+00  2.356e-02  8.574e-02 -1.376e-01  2.503e-01 
  8.826e-06  1.598e-06 -2.933e+01  8.574e-02  7.966e-01 -1.181e+00  2.161e+00 
 -1.462e-05 -1.895e-06  4.504e+01 -1.376e-01 -1.181e+00  1.834e+00 -3.309e+00 
  3.792e-05  5.176e-06 -8.215e+01  2.503e-01  2.161e+00 -3.309e+00  6.055e+00 
ERR MATRIX NOT POS-DEF
 PARAMETER  CORRELATION COEFFICIENTS  
       NO.  GLOBAL     10     11     20     21     22     23     24
       10  0.25674   1.000 -0.008 -0.069  0.122  0.045 -0.050  0.071
       11  0.03979  -0.008  1.000 -0.009  0.022  0.008 -0.006  0.010
       20  0.99846  -0.069 -0.009  1.000 -0.654 -0.982  0.994 -0.998
       21  0.69601   0.122  0.022 -0.654  1.000  0.626 -0.662  0.663
       22  0.98472   0.045  0.008 -0.982  0.626  1.000 -0.977  0.984
       23  0.99454  -0.050 -0.006  0.994 -0.662 -0.977  1.000 -0.993
       24  0.99834   0.071  0.010 -0.998  0.663  0.984 -0.993  1.000
 ERR MATRIX NOT POS-DEF
MINUIT - FIT ONLY 2-y
 **********
 **   67 **RES 
 **********
                   PARAMETER   16  beta_vw RESTORED TO VARIABLE.
                   PARAMETER   14  alpha_vw RESTORED TO VARIABLE.
                   PARAMETER   13  beta_y RESTORED TO VARIABLE.
                   PARAMETER    9  alpha_2CBO RESTORED TO VARIABLE.
                   PARAMETER    8  beta_CBO RESTORED TO VARIABLE.
                   PARAMETER    6  alpha_CBO RESTORED TO VARIABLE.
                   PARAMETER    4  phi RESTORED TO VARIABLE.
                   PARAMETER    3  A0 RESTORED TO VARIABLE.
                   PARAMETER    1  N0 RESTORED TO VARIABLE.
 **********
 **   68 **FIX            0
 **********
 PARAMETER    0  IS UNDEFINED. IGNORED.
 **********
 **   69 **FIX            1
 **********
 **********
 **   70 **FIX            2
 **********
 PARAMETER    2  IS CONSTANT.   IGNORED.
 **********
 **   71 **FIX            3
 **********
 **********
 **   72 **FIX            4
 **********
 **********
 **   73 **FIX            5
 **********
 PARAMETER    5  IS CONSTANT.   IGNORED.
 **********
 **   74 **FIX            6
 **********
 **********
 **   75 **FIX            7
 **********
 PARAMETER    7  IS CONSTANT.   IGNORED.
 **********
 **   76 **FIX            8
 **********
 **********
 **   77 **FIX            9
 **********
 **********
 **   78 **FIX           10
 **********
 **********
 **   79 **FIX           11
 **********
 **********
 **   80 **FIX           12
 **********
 PARAMETER   12  IS CONSTANT.   IGNORED.
 **********
 **   81 **FIX           16
 **********
 **********
 **   82 **MIGRAD
 **********
 START MIGRAD MINIMIZATION.  STRATEGY  1.  CONVERGENCE WHEN EDM .LT. 1.00e-04
 FCN=53.9156 FROM MIGRAD    STATUS=INITIATE       16 CALLS        5757 TOTAL
                     EDM= unknown      STRATEGY= 1      NO ERROR MATRIX       
  EXT PARAMETER               CURRENT GUESS       STEP         FIRST   
  NO.   NAME      VALUE            ERROR          SIZE      DERIVATIVE 
   1  N0           3.61820e+06     fixed    
   2  tau          6.44027e+01   constant   
   3  A0           3.53676e-01     fixed    
   4  phi          4.12135e+00     fixed    
   5  R           -6.06479e+01   constant   
   6  alpha_CBO    4.41540e-03     fixed    
   7  w_CBO        2.32500e+00   constant   
   8  beta_CBO     1.32807e-03     fixed    
   9  alpha_2CBO   4.47871e-05     fixed    
  10  beta_2CBO    5.47274e-05     fixed    
  11  alpha_y      1.99065e-04     fixed    
  12  w_y          1.44500e+01   constant   
  13  beta_y       5.20442e-05   2.17105e-04   2.17105e-04  -1.44224e+02
  14  alpha_vw     0.00000e+00   1.00000e-03   1.00000e-03   1.86267e+03
  15  w_vw         1.29000e+01   constant   
  16  beta_vw      0.00000e+00     fixed    
  17  LM          -1.06686e-04   constant   
  18  zeta_y       0.00000e+00   constant   
  19  zeta_vw      0.00000e+00   constant   
  20  T_CBO        3.47620e+01   3.32663e+01   1.39247e-03  -1.17866e+00
  21  alpha_A0     2.37984e-02   1.53507e-01   8.33523e-04   1.39529e-01
  22  beta_A0      1.74427e-01   8.92512e-01  -5.94323e-03  -3.45405e-02
  23  alpha_phi   -2.65944e-01   1.35427e+00   9.35949e-03   6.27847e-02
  24  beta_phi     4.79105e-01   2.46062e+00  -1.78458e-02  -4.03939e-02
 MIGRAD MINIMIZATION HAS CONVERGED.
 MIGRAD WILL VERIFY CONVERGENCE AND ERROR MATRIX.
 FCN=53.8741 FROM HESSE     STATUS=NOT POSDEF     50 CALLS        5853 TOTAL
                     EDM=7.82181e-05    STRATEGY= 1      ERR MATRIX NOT POS-DEF
  EXT PARAMETER                APPROXIMATE        STEP         FIRST   
  NO.   NAME      VALUE            ERROR          SIZE      DERIVATIVE 
   1  N0           3.61820e+06     fixed    
   2  tau          6.44027e+01   constant   
   3  A0           3.53676e-01     fixed    
   4  phi          4.12135e+00     fixed    
   5  R           -6.06479e+01   constant   
   6  alpha_CBO    4.41540e-03     fixed    
   7  w_CBO        2.32500e+00   constant   
   8  beta_CBO     1.32807e-03     fixed    
   9  alpha_2CBO   4.47871e-05     fixed    
  10  beta_2CBO    5.47274e-05     fixed    
  11  alpha_y      1.99065e-04     fixed    
  12  w_y          1.44500e+01   constant   
  13  beta_y       4.92887e-05   2.19152e-04   7.86500e-07  -3.89281e+00
  14  alpha_vw    -4.46591e-05   2.19859e-04   7.88942e-07   1.60245e+00
  15  w_vw         1.29000e+01   constant   
  16  beta_vw      0.00000e+00     fixed    
  17  LM          -1.06686e-04   constant   
  18  zeta_y       0.00000e+00   constant   
