 + ++++++++++++++++++++++++++++++++++++++++++++++++++++++++++++++++++++ +
 +                                                                      +
 +           You have chose to blind your fitting according to          +
 +                omega_ref * (1 + (R +/- deltaR) *10^{-6})             +
 +                                                                      +
 + ++++++++++++++++++++++++++++++++++++++++++++++++++++++++++++++++++++ +
In main()...
reading format from /gm2data/zkhechad/run45/envelope/formats/formatB_sBin_constraintOn.txt
pBinTau 	= 0  
pBinPhi 	= 0  
constraintau 	= 1 
includeMopTerm 	= 0    
constrainMop    = 0   
Parameters after format file: pBinTau 0 pBinPhi 0 constraintau 1 includeMopTerm 0 constrainMop 0 c_e_scale 0.000000 
Opening file /gm2data/tbarrett/gm2fr/studies/run23_bunch_corrections/CorrectedFourier_Run3b.root.
reading full fit data from /gm2data/zkhechad/cboTemplates/Run4CBOTemplates/templateFits0_v2.0/noRF/sBin_constraintOn_cE0.0_seed0_noRF_calo9.root
windowBins = 17
fitting sliding window 126 from bin 262 at 38.941200 to bin 279 at 41.626800 (17 bins)

Reading data from /gm2data/cornell/histograms/aMethod/histogram_a_noRF.root
 **********
 **    1 **SET PRINTOUT            1
 **********
 **********
 **    2 **SET NOWARNINGS 
 **********
 PARAMETER DEFINITIONS:
    NO.   NAME         VALUE      STEP SIZE      LIMITS
     1 N0           2.88203e+06  1.00000e+02     no limits
     2 tau          6.44101e+01  constant
     3 A0           3.51419e-01  1.00000e-04     no limits
     4 phi          4.11705e+00  1.00000e-02     no limits
     5 R           -5.98037e+01  constant
     6 alpha_CBO    0.00000e+00  1.00000e-03     no limits
     7 w_CBO        2.32500e+00  constant
     8 beta_CBO     0.00000e+00  1.00000e-03     no limits
     9 alpha_2CBO   0.00000e+00  1.00000e-03     no limits
    10 beta_2CBO    0.00000e+00  1.00000e-03     no limits
    11 alpha_y      0.00000e+00  1.00000e-03     no limits
    12 w_y          1.44500e+01  constant
    13 beta_y       0.00000e+00  1.00000e-03     no limits
    14 alpha_vw     0.00000e+00  1.00000e-03     no limits
    15 w_vw         1.29000e+01  constant
    16 beta_vw      0.00000e+00  1.00000e-03     no limits
    17 LM           1.43880e-04  constant
    18 zeta_y       0.00000e+00  constant
    19 zeta_vw      0.00000e+00  constant
    20 T_CBO        1.00000e+02  1.00000e+00    0.00000e+00  1.00000e+03
    21 alpha_A0     0.00000e+00  1.00000e-03     no limits
    22 beta_A0      0.00000e+00  1.00000e-03     no limits
    23 alpha_phi    0.00000e+00  1.00000e-03     no limits
    24 beta_phi     0.00000e+00  1.00000e-03     no limits
MINUIT - FIT ONLY WIGGLE
 **********
 **    3 **FIX            5
 **********
 PARAMETER    5  IS CONSTANT.   IGNORED.
 **********
 **    4 **FIX            6
 **********
 **********
 **    5 **FIX            7
 **********
 PARAMETER    7  IS CONSTANT.   IGNORED.
 **********
 **    6 **FIX            8
 **********
 **********
 **    7 **FIX            9
 **********
 **********
 **    8 **FIX           10
 **********
 **********
 **    9 **FIX           11
 **********
 **********
 **   10 **FIX           12
 **********
 PARAMETER   12  IS CONSTANT.   IGNORED.
 **********
 **   11 **FIX           13
 **********
 **********
 **   12 **FIX           14
 **********
 **********
 **   13 **FIX           15
 **********
 PARAMETER   15  IS CONSTANT.   IGNORED.
 **********
 **   14 **FIX           16
 **********
 **********
 **   15 **MIGRAD
 **********
 FIRST CALL TO USER FUNCTION AT NEW START POINT, WITH IFLAG=4.
 START MIGRAD MINIMIZATION.  STRATEGY  1.  CONVERGENCE WHEN EDM .LT. 1.00e-04
 FCN=2081.56 FROM MIGRAD    STATUS=INITIATE      427 CALLS         428 TOTAL
                     EDM= unknown      STRATEGY= 1      NO ERROR MATRIX       
  EXT PARAMETER               CURRENT GUESS       STEP         FIRST   
  NO.   NAME      VALUE            ERROR          SIZE      DERIVATIVE 
   1  N0           2.88203e+06   1.00000e+02   0.00000e+00   2.62980e-02
   2  tau          6.44101e+01   constant   
   3  A0           3.51419e-01   1.00000e-04   0.00000e+00   2.26062e+05
   4  phi          4.11705e+00   1.00000e-02   0.00000e+00   9.84552e+04
   5  R           -5.98037e+01   constant   
   6  alpha_CBO    0.00000e+00     fixed    
   7  w_CBO        2.32500e+00   constant   
   8  beta_CBO     0.00000e+00     fixed    
   9  alpha_2CBO   0.00000e+00     fixed    
  10  beta_2CBO    0.00000e+00     fixed    
  11  alpha_y      0.00000e+00     fixed    
  12  w_y          1.44500e+01   constant   
  13  beta_y       0.00000e+00     fixed    
  14  alpha_vw     0.00000e+00     fixed    
  15  w_vw         1.29000e+01   constant   
  16  beta_vw      0.00000e+00     fixed    
  17  LM           1.43880e-04   constant   
  18  zeta_y       0.00000e+00   constant   
  19  zeta_vw      0.00000e+00   constant   
  20  T_CBO        1.00000e+02   1.00000e+00   0.00000e+00   0.00000e+00
  21  alpha_A0     0.00000e+00   1.00000e-03   0.00000e+00  -6.38358e+03
  22  beta_A0      0.00000e+00   1.00000e-03   0.00000e+00  -2.17134e+04
  23  alpha_phi    0.00000e+00   1.00000e-03   0.00000e+00   6.48482e+04
  24  beta_phi     0.00000e+00   1.00000e-03   0.00000e+00  -2.08000e+04
 CALL LIMIT EXCEEDED IN MIGRAD.
 MIGRAD TERMINATED WITHOUT CONVERGENCE.
 FCN=165.441 FROM MIGRAD    STATUS=CALL LIMIT   1330 CALLS        1331 TOTAL
                     EDM=0.0622577    STRATEGY= 1  ERROR MATRIX UNCERTAINTY  23.6 per cent
  EXT PARAMETER                APPROXIMATE        STEP         FIRST   
  NO.   NAME      VALUE            ERROR          SIZE      DERIVATIVE 
   1  N0           2.85585e+06   1.17065e+04  -3.22957e+03   7.68815e-04
   2  tau          6.44101e+01   constant   
   3  A0           3.49785e-01   4.73653e-03   1.38344e-03  -1.20547e+03
   4  phi          4.06940e+00   1.13785e-02   1.35135e-03   5.47392e+01
   5  R           -5.98037e+01   constant   
   6  alpha_CBO    0.00000e+00     fixed    
   7  w_CBO        2.32500e+00   constant   
   8  beta_CBO     0.00000e+00     fixed    
   9  alpha_2CBO   0.00000e+00     fixed    
  10  beta_2CBO    0.00000e+00     fixed    
  11  alpha_y      0.00000e+00     fixed    
  12  w_y          1.44500e+01   constant   
  13  beta_y       0.00000e+00     fixed    
  14  alpha_vw     0.00000e+00     fixed    
  15  w_vw         1.29000e+01   constant   
  16  beta_vw      0.00000e+00     fixed    
  17  LM           1.43880e-04   constant   
  18  zeta_y       0.00000e+00   constant   
  19  zeta_vw      0.00000e+00   constant   
  20  T_CBO        6.03509e+01   1.74384e+00  -1.97028e-03  -4.22435e+01
  21  alpha_A0    -5.23797e-02   3.61418e-02  -1.04931e-02  -2.31940e+02
  22  beta_A0      7.21930e-02   3.31239e-02  -5.39823e-03  -1.13941e+02
  23  alpha_phi    8.16763e-02   3.56672e-02  -5.75228e-03   7.67259e+01
  24  beta_phi     5.31832e-02   3.85456e-02   1.11391e-02   1.22012e+02
 EXTERNAL ERROR MATRIX.    NDIM=  25    NPAR=  8    ERR DEF=1
  1.370e+08 -5.276e+01 -7.443e+01  1.623e+04  4.144e+02  2.810e+02  2.961e+02 -4.346e+02 
 -5.276e+01  2.243e-05  1.641e-05 -7.080e-03 -1.700e-04 -7.780e-05 -8.149e-05  1.823e-04 
 -7.443e+01  1.641e-05  1.295e-04 -1.886e-03 -1.612e-04 -3.671e-04 -3.977e-04  1.453e-04 
  1.623e+04 -7.080e-03 -1.886e-03  3.041e+00  5.356e-02  1.729e-02  1.711e-02 -5.789e-02 
  4.144e+02 -1.700e-04 -1.612e-04  5.356e-02  1.306e-03  6.923e-04  7.258e-04 -1.388e-03 
  2.810e+02 -7.780e-05 -3.671e-04  1.729e-02  6.923e-04  1.097e-03  1.179e-03 -6.677e-04 
  2.961e+02 -8.149e-05 -3.977e-04  1.711e-02  7.258e-04  1.179e-03  1.272e-03 -6.982e-04 
 -4.346e+02  1.823e-04  1.453e-04 -5.789e-02 -1.388e-03 -6.677e-04 -6.982e-04  1.486e-03 
ERR MATRIX APPROXIMATE
 PARAMETER  CORRELATION COEFFICIENTS  
       NO.  GLOBAL      1      3      4     20     21     22     23     24
        1  0.99965   1.000 -0.951 -0.559  0.795  0.979  0.725  0.709 -0.963
        3  0.99977  -0.951  1.000  0.304 -0.857 -0.993 -0.496 -0.482  0.998
        4  0.99929  -0.559  0.304  1.000 -0.095 -0.392 -0.974 -0.980  0.331
       20  0.92989   0.795 -0.857 -0.095  1.000  0.850  0.299  0.275 -0.861
       21  0.99972   0.979 -0.993 -0.392  0.850  1.000  0.578  0.563 -0.997
       22  0.99914   0.725 -0.496 -0.974  0.299  0.578  1.000  0.998 -0.523
       23  0.99940   0.709 -0.482 -0.980  0.275  0.563  0.998  1.000 -0.508
       24  0.99976  -0.963  0.998  0.331 -0.861 -0.997 -0.523 -0.508  1.000
 ERR MATRIX APPROXIMATE
MINUIT - FIT ONLY 1-CBO + wiggle
 **********
 **   16 **RES 
 **********
                   PARAMETER   16  beta_vw RESTORED TO VARIABLE.
                   PARAMETER   14  alpha_vw RESTORED TO VARIABLE.
                   PARAMETER   13  beta_y RESTORED TO VARIABLE.
                   PARAMETER   11  alpha_y RESTORED TO VARIABLE.
                   PARAMETER   10  beta_2CBO RESTORED TO VARIABLE.
                   PARAMETER    9  alpha_2CBO RESTORED TO VARIABLE.
                   PARAMETER    8  beta_CBO RESTORED TO VARIABLE.
                   PARAMETER    6  alpha_CBO RESTORED TO VARIABLE.
 **********
 **   17 **FIX            8
 **********
 **********
 **   18 **FIX            9
 **********
 **********
 **   19 **FIX           11
 **********
 **********
 **   20 **FIX           12
 **********
 PARAMETER   12  IS CONSTANT.   IGNORED.
 **********
 **   21 **FIX           14
 **********
 **********
 **   22 **FIX           15
 **********
 PARAMETER   15  IS CONSTANT.   IGNORED.
 **********
 **   23 **FIX           16
 **********
 **********
 **   24 **MIGRAD
 **********
 START MIGRAD MINIMIZATION.  STRATEGY  1.  CONVERGENCE WHEN EDM .LT. 1.00e-04
 FCN=165.441 FROM MIGRAD    STATUS=INITIATE       28 CALLS        1359 TOTAL
                     EDM= unknown      STRATEGY= 1      NO ERROR MATRIX       
  EXT PARAMETER               CURRENT GUESS       STEP         FIRST   
  NO.   NAME      VALUE            ERROR          SIZE      DERIVATIVE 
   1  N0           2.85585e+06   1.17065e+04  -3.22957e+03   7.68815e-04
   2  tau          6.44101e+01   constant   
   3  A0           3.49785e-01   4.73653e-03   1.38344e-03  -1.20547e+03
   4  phi          4.06940e+00   1.13785e-02   1.35135e-03   5.47392e+01
   5  R           -5.98037e+01   constant   
   6  alpha_CBO    0.00000e+00   1.00000e-03   1.00000e-03  -2.55272e+02
   7  w_CBO        2.32500e+00   constant   
   8  beta_CBO     0.00000e+00     fixed    
   9  alpha_2CBO   0.00000e+00     fixed    
  10  beta_2CBO    0.00000e+00   1.00000e-03   1.00000e-03   8.80272e+02
  11  alpha_y      0.00000e+00     fixed    
  12  w_y          1.44500e+01   constant   
  13  beta_y       0.00000e+00   1.00000e-03   1.00000e-03   4.55600e+04
  14  alpha_vw     0.00000e+00     fixed    
  15  w_vw         1.29000e+01   constant   
  16  beta_vw      0.00000e+00     fixed    
  17  LM           1.43880e-04   constant   
  18  zeta_y       0.00000e+00   constant   
  19  zeta_vw      0.00000e+00   constant   
  20  T_CBO        6.03509e+01   1.74384e+00  -1.97028e-03   4.22435e+01
  21  alpha_A0    -5.23797e-02   3.61418e-02  -1.04931e-02  -2.31940e+02
  22  beta_A0      7.21930e-02   3.31239e-02  -5.39823e-03  -1.13941e+02
  23  alpha_phi    8.16763e-02   3.56672e-02  -5.75228e-03   7.67259e+01
  24  beta_phi     5.31832e-02   3.85456e-02   1.11391e-02   1.22012e+02
 CALL LIMIT EXCEEDED IN MIGRAD.
 MIGRAD TERMINATED WITHOUT CONVERGENCE.
 FCN=140.677 FROM MIGRAD    STATUS=CALL LIMIT   1915 CALLS        3246 TOTAL
                     EDM=0.0396415    STRATEGY= 1  ERROR MATRIX UNCERTAINTY  16.4 per cent
  EXT PARAMETER                APPROXIMATE        STEP         FIRST   
  NO.   NAME      VALUE            ERROR          SIZE      DERIVATIVE 
   1  N0           2.79475e+06   1.09719e+04  -1.08890e+03   6.06593e-04
   2  tau          6.44101e+01   constant   
   3  A0           3.63636e-01   3.68883e-03   4.68187e-04  -8.91560e+02
   4  phi          4.02368e+00   1.66022e-02  -1.76221e-03  -5.93247e+02
   5  R           -5.98037e+01   constant   
   6  alpha_CBO   -1.44099e-02   2.74006e-03  -3.12630e-04   1.09055e+03
   7  w_CBO        2.32500e+00   constant   
   8  beta_CBO     0.00000e+00     fixed    
   9  alpha_2CBO   0.00000e+00     fixed    
  10  beta_2CBO   -3.40167e-05   1.28437e-03  -1.76273e-05  -8.04914e+02
  11  alpha_y      0.00000e+00     fixed    
  12  w_y          1.44500e+01   constant   
  13  beta_y      -8.35890e-04   1.83084e-04   3.77672e-06   4.64308e+02
  14  alpha_vw     0.00000e+00     fixed    
  15  w_vw         1.29000e+01   constant   
  16  beta_vw      0.00000e+00     fixed    
  17  LM           1.43880e-04   constant   
  18  zeta_y       0.00000e+00   constant   
  19  zeta_vw      0.00000e+00   constant   
  20  T_CBO        9.94309e+01   1.31294e+01   4.68339e-03   4.23692e+01
  21  alpha_A0    -1.61090e-01   1.56304e-02  -1.63192e-03  -1.10326e+02
  22  beta_A0      7.16008e-02   1.49469e-02   1.90258e-03  -2.28851e+01
  23  alpha_phi    7.45557e-02   2.45406e-02   1.98525e-03  -2.11441e+02
  24  beta_phi     1.58618e-01   1.62234e-02   2.03670e-03   2.17590e+02
 EXTERNAL ERROR MATRIX.    NDIM=  25    NPAR= 11    ERR DEF=1
  1.204e+08 
 -3.572e+01  1.361e-05 
  1.754e+02 -5.047e-05  2.756e-04 
  2.510e+01 -6.204e-06  4.128e-05  7.508e-06 
  1.128e+01 -3.106e-06  1.543e-05  1.582e-06  1.650e-06 
 -3.107e-01  1.619e-07 -2.216e-07  1.732e-08 -4.132e-08  3.352e-08 
 -1.388e+05  4.602e-02 -2.049e-01 -2.648e-02 -1.343e-02  4.560e-04  1.725e+02 
  1.698e+02 -5.341e-05  2.424e-04  3.395e-05  1.553e-05 -5.318e-07 -1.985e-01  2.443e-04 
 -1.420e+02  4.483e-05 -2.371e-04 -3.580e-05 -1.062e-05  1.386e-07  1.754e-01 -1.978e-04  2.234e-04 
 -2.517e+02  7.625e-05 -3.883e-04 -4.996e-05 -2.693e-05  5.688e-07  3.102e-01 -3.489e-04  3.302e-04  6.022e-04 
 -1.685e+02  5.863e-05 -2.381e-04 -3.206e-05 -1.443e-05  6.302e-07  2.052e-01 -2.476e-04  2.026e-04  3.452e-04  2.632e-04 
ERR MATRIX APPROXIMATE
 PARAMETER  CORRELATION COEFFICIENTS  
       NO.  GLOBAL      1      3      4      6     10     13     20     21     22     23     24
        1  0.99973   1.000 -0.882  0.963  0.835  0.801 -0.155 -0.963  0.990 -0.866 -0.935 -0.947
        3  0.99917  -0.882  1.000 -0.824 -0.614 -0.655  0.240  0.950 -0.926  0.813  0.842  0.980
        4  0.99989   0.963 -0.824  1.000  0.907  0.723 -0.073 -0.940  0.934 -0.955 -0.953 -0.884
        6  0.99893   0.835 -0.614  0.907  1.000  0.450  0.035 -0.736  0.793 -0.874 -0.743 -0.721
       10  0.99555   0.801 -0.655  0.723  0.450  1.000 -0.176 -0.796  0.774 -0.553 -0.854 -0.692
       13  0.51484  -0.155  0.240 -0.073  0.035 -0.176  1.000  0.190 -0.186  0.051  0.127  0.212
       20  0.99898  -0.963  0.950 -0.940 -0.736 -0.796  0.190  1.000 -0.967  0.894  0.962  0.963
       21  0.99879   0.990 -0.926  0.934  0.793  0.774 -0.186 -0.967  1.000 -0.847 -0.909 -0.977
       22  0.99902  -0.866  0.813 -0.955 -0.874 -0.553  0.051  0.894 -0.847  1.000  0.900  0.835
       23  0.99966  -0.935  0.842 -0.953 -0.743 -0.854  0.127  0.962 -0.909  0.900  1.000  0.867
       24  0.99917  -0.947  0.980 -0.884 -0.721 -0.692  0.212  0.963 -0.977  0.835  0.867  1.000
 ERR MATRIX APPROXIMATE
MINUIT - FIT ONLY 2-CBO
 **********
 **   25 **RES 
 **********
                   PARAMETER   16  beta_vw RESTORED TO VARIABLE.
                   PARAMETER   14  alpha_vw RESTORED TO VARIABLE.
                   PARAMETER   11  alpha_y RESTORED TO VARIABLE.
                   PARAMETER    9  alpha_2CBO RESTORED TO VARIABLE.
                   PARAMETER    8  beta_CBO RESTORED TO VARIABLE.
 **********
 **   26 **FIX            0
 **********
 PARAMETER    0  IS UNDEFINED. IGNORED.
 **********
 **   27 **FIX            1
 **********
 **********
 **   28 **FIX            2
 **********
 PARAMETER    2  IS CONSTANT.   IGNORED.
 **********
 **   29 **FIX            3
 **********
 **********
 **   30 **FIX            4
 **********
 **********
 **   31 **FIX            5
 **********
 PARAMETER    5  IS CONSTANT.   IGNORED.
 **********
 **   32 **FIX            6
 **********
 **********
 **   33 **FIX            7
 **********
 PARAMETER    7  IS CONSTANT.   IGNORED.
 **********
 **   34 **FIX           10
 **********
 **********
 **   35 **FIX           11
 **********
 **********
 **   36 **FIX           12
 **********
 PARAMETER   12  IS CONSTANT.   IGNORED.
 **********
 **   37 **FIX           13
 **********
 **********
 **   38 **FIX           14
 **********
 **********
 **   39 **FIX           15
 **********
 PARAMETER   15  IS CONSTANT.   IGNORED.
 **********
 **   40 **FIX           16
 **********
 **********
 **   41 **MIGRAD
 **********
 START MIGRAD MINIMIZATION.  STRATEGY  1.  CONVERGENCE WHEN EDM .LT. 1.00e-04
 FCN=140.677 FROM MIGRAD    STATUS=INITIATE       18 CALLS        3264 TOTAL
                     EDM= unknown      STRATEGY= 1      NO ERROR MATRIX       
  EXT PARAMETER               CURRENT GUESS       STEP         FIRST   
  NO.   NAME      VALUE            ERROR          SIZE      DERIVATIVE 
   1  N0           2.79475e+06     fixed    
   2  tau          6.44101e+01   constant   
   3  A0           3.63636e-01     fixed    
   4  phi          4.02368e+00     fixed    
   5  R           -5.98037e+01   constant   
   6  alpha_CBO   -1.44099e-02     fixed    
   7  w_CBO        2.32500e+00   constant   
   8  beta_CBO     0.00000e+00   1.00000e-03   1.00000e-03   2.53565e+01
   9  alpha_2CBO   0.00000e+00   1.00000e-03   1.00000e-03  -7.78063e+02
  10  beta_2CBO   -3.40167e-05     fixed    
  11  alpha_y      0.00000e+00     fixed    
  12  w_y          1.44500e+01   constant   
  13  beta_y      -8.35890e-04     fixed    
  14  alpha_vw     0.00000e+00     fixed    
  15  w_vw         1.29000e+01   constant   
  16  beta_vw      0.00000e+00     fixed    
  17  LM           1.43880e-04   constant   
  18  zeta_y       0.00000e+00   constant   
  19  zeta_vw      0.00000e+00   constant   
  20  T_CBO        9.94309e+01   1.31294e+01   4.68339e-03   4.23692e+01
  21  alpha_A0    -1.61090e-01   1.56304e-02  -1.63192e-03  -1.10326e+02
  22  beta_A0      7.16008e-02   1.49469e-02   1.90258e-03  -2.28851e+01
  23  alpha_phi    7.45557e-02   2.45406e-02   1.98525e-03  -2.11441e+02
  24  beta_phi     1.58618e-01   1.62234e-02   2.03670e-03   2.17590e+02
 MIGRAD MINIMIZATION HAS CONVERGED.
 MIGRAD WILL VERIFY CONVERGENCE AND ERROR MATRIX.
 COVARIANCE MATRIX CALCULATED SUCCESSFULLY
 FCN=140.648 FROM HESSE     STATUS=OK             50 CALLS        3414 TOTAL
                     EDM=0.018325    STRATEGY= 1      ERROR MATRIX ACCURATE 
  EXT PARAMETER                                   STEP         FIRST   
  NO.   NAME      VALUE            ERROR          SIZE      DERIVATIVE 
   1  N0           2.79475e+06     fixed    
   2  tau          6.44101e+01   constant   
   3  A0           3.63636e-01     fixed    
   4  phi          4.02368e+00     fixed    
   5  R           -5.98037e+01   constant   
   6  alpha_CBO   -1.44099e-02     fixed    
   7  w_CBO        2.32500e+00   constant   
   8  beta_CBO    -4.63536e-06   1.80106e-03   1.02829e-06  -5.59896e-01
   9  alpha_2CBO   4.93617e-05   9.71892e-04   1.00124e-06  -8.12812e-01
  10  beta_2CBO   -3.40167e-05     fixed    
  11  alpha_y      0.00000e+00     fixed    
  12  w_y          1.44500e+01   constant   
  13  beta_y      -8.35890e-04     fixed    
  14  alpha_vw     0.00000e+00     fixed    
  15  w_vw         1.29000e+01   constant   
  16  beta_vw      0.00000e+00     fixed    
  17  LM           1.43880e-04   constant   
  18  zeta_y       0.00000e+00   constant   
  19  zeta_vw      0.00000e+00   constant   
  20  T_CBO        9.93767e+01   5.21481e+02   1.53460e-05  -3.88652e-02
  21  alpha_A0    -1.60949e-01   2.19676e-01   4.34760e-06  -4.19314e-01
  22  beta_A0      7.14898e-02   9.19087e-02   5.33711e-06   2.43476e-02
  23  alpha_phi    7.46319e-02   9.49333e-02   5.95179e-06   6.30078e-03
  24  beta_phi     1.58696e-01   2.07665e-01   4.54747e-06   6.29130e-01
 CALL LIMIT EXCEEDED IN MIGRAD.
 MIGRAD TERMINATED WITHOUT CONVERGENCE.
 FCN=140.624 FROM MIGRAD    STATUS=CALL LIMIT   1147 CALLS        4393 TOTAL
                     EDM=0.000858302    STRATEGY= 1  ERROR MATRIX UNCERTAINTY  31.3 per cent
  EXT PARAMETER                APPROXIMATE        STEP         FIRST   
  NO.   NAME      VALUE            ERROR          SIZE      DERIVATIVE 
   1  N0           2.79475e+06     fixed    
   2  tau          6.44101e+01   constant   
   3  A0           3.63636e-01     fixed    
   4  phi          4.02368e+00     fixed    
   5  R           -5.98037e+01   constant   
   6  alpha_CBO   -1.44099e-02     fixed    
   7  w_CBO        2.32500e+00   constant   
   8  beta_CBO     1.73882e-04   5.30665e-04   1.52166e-06   5.71256e+01
   9  alpha_2CBO   1.28770e-04   6.04196e-04   5.61779e-07  -7.15488e+01
  10  beta_2CBO   -3.40167e-05     fixed    
  11  alpha_y      0.00000e+00     fixed    
  12  w_y          1.44500e+01   constant   
  13  beta_y      -8.35890e-04     fixed    
  14  alpha_vw     0.00000e+00     fixed    
  15  w_vw         1.29000e+01   constant   
  16  beta_vw      0.00000e+00     fixed    
  17  LM           1.43880e-04   constant   
  18  zeta_y       0.00000e+00   constant   
  19  zeta_vw      0.00000e+00   constant   
  20  T_CBO        1.51201e+02   9.81968e+01   3.70416e-03  -5.96960e+00
  21  alpha_A0    -1.40100e-01   2.49253e-02   3.31525e-04   4.35824e+01
  22  beta_A0      6.27391e-02   1.06344e-02  -1.43362e-04   2.41695e+00
  23  alpha_phi    6.55844e-02   1.09337e-02  -1.44055e-04  -1.88617e+00
  24  beta_phi     1.38954e-01   2.37205e-02  -3.18797e-04  -2.41111e+01
 EXTERNAL ERROR MATRIX.    NDIM=  25    NPAR=  7    ERR DEF=1
  2.816e-07  1.615e-07  2.096e-02  5.652e-06 -1.770e-06 -2.131e-06 -4.116e-06 
  1.615e-07  3.651e-07  8.828e-03  3.253e-06 -1.359e-06 -1.095e-06 -9.931e-07 
  2.096e-02  8.828e-03  9.894e+03  2.473e+00 -1.042e+00 -1.082e+00 -2.349e+00 
  5.652e-06  3.253e-06  2.473e+00  6.213e-04 -2.618e-04 -2.707e-04 -5.837e-04 
 -1.770e-06 -1.359e-06 -1.042e+00 -2.618e-04  1.131e-04  1.150e-04  2.476e-04 
 -2.131e-06 -1.095e-06 -1.082e+00 -2.707e-04  1.150e-04  1.195e-04  2.569e-04 
 -4.116e-06 -9.931e-07 -2.349e+00 -5.837e-04  2.476e-04  2.569e-04  5.627e-04 
ERR MATRIX APPROXIMATE
 PARAMETER  CORRELATION COEFFICIENTS  
       NO.  GLOBAL      8      9     20     21     22     23     24
        8  0.93872   1.000  0.504  0.397  0.427 -0.314 -0.367 -0.327
        9  0.97194   0.504  1.000  0.147  0.216 -0.211 -0.166 -0.069
       20  0.99993   0.397  0.147  1.000  0.997 -0.985 -0.994 -0.996
       21  0.99987   0.427  0.216  0.997  1.000 -0.988 -0.993 -0.987
       22  0.99699  -0.314 -0.211 -0.985 -0.988  1.000  0.989  0.981
       23  0.99596  -0.367 -0.166 -0.994 -0.993  0.989  1.000  0.991
       24  0.99963  -0.327 -0.069 -0.996 -0.987  0.981  0.991  1.000
 ERR MATRIX APPROXIMATE
MINUIT - FIT wiggle + 1-CBO + 2-CBO
 **********
 **   42 **RES 
 **********
                   PARAMETER   16  beta_vw RESTORED TO VARIABLE.
                   PARAMETER   14  alpha_vw RESTORED TO VARIABLE.
                   PARAMETER   13  beta_y RESTORED TO VARIABLE.
                   PARAMETER   11  alpha_y RESTORED TO VARIABLE.
                   PARAMETER   10  beta_2CBO RESTORED TO VARIABLE.
                   PARAMETER    6  alpha_CBO RESTORED TO VARIABLE.
                   PARAMETER    4  phi RESTORED TO VARIABLE.
                   PARAMETER    3  A0 RESTORED TO VARIABLE.
                   PARAMETER    1  N0 RESTORED TO VARIABLE.
 **********
 **   43 **FIX           10
 **********
 **********
 **   44 **FIX           11
 **********
 **********
 **   45 **FIX           12
 **********
 PARAMETER   12  IS CONSTANT.   IGNORED.
 **********
 **   46 **FIX           13
 **********
 **********
 **   47 **FIX           14
 **********
 **********
 **   48 **FIX           15
 **********
 PARAMETER   15  IS CONSTANT.   IGNORED.
 **********
 **   49 **FIX           16
 **********
 **********
 **   50 **MIGRAD
 **********
 START MIGRAD MINIMIZATION.  STRATEGY  1.  CONVERGENCE WHEN EDM .LT. 1.00e-04
 FCN=140.624 FROM MIGRAD    STATUS=INITIATE       22 CALLS        4415 TOTAL
                     EDM= unknown      STRATEGY= 1      NO ERROR MATRIX       
  EXT PARAMETER               CURRENT GUESS       STEP         FIRST   
  NO.   NAME      VALUE            ERROR          SIZE      DERIVATIVE 
   1  N0           2.79475e+06   1.09719e+04   1.09719e+04   3.06710e-05
   2  tau          6.44101e+01   constant   
   3  A0           3.63636e-01   3.68883e-03   3.68883e-03   1.33212e+02
   4  phi          4.02368e+00   1.66022e-02   1.66022e-02  -9.76327e+01
   5  R           -5.98037e+01   constant   
   6  alpha_CBO   -1.44099e-02   2.74006e-03   2.74006e-03   1.86499e+02
   7  w_CBO        2.32500e+00   constant   
   8  beta_CBO     1.73882e-04   5.30665e-04   1.52166e-06   5.71256e+01
   9  alpha_2CBO   1.28770e-04   6.04196e-04   5.61779e-07  -7.15488e+01
  10  beta_2CBO   -3.40167e-05     fixed    
  11  alpha_y      0.00000e+00     fixed    
  12  w_y          1.44500e+01   constant   
  13  beta_y      -8.35890e-04     fixed    
  14  alpha_vw     0.00000e+00     fixed    
  15  w_vw         1.29000e+01   constant   
  16  beta_vw      0.00000e+00     fixed    
  17  LM           1.43880e-04   constant   
  18  zeta_y       0.00000e+00   constant   
  19  zeta_vw      0.00000e+00   constant   
  20  T_CBO        1.51201e+02   9.81968e+01   3.70416e-03  -5.96961e+00
  21  alpha_A0    -1.40100e-01   2.49253e-02   3.31525e-04   4.35824e+01
  22  beta_A0      6.27391e-02   1.06344e-02  -1.43362e-04   2.41694e+00
  23  alpha_phi    6.55844e-02   1.09337e-02  -1.44055e-04  -1.88617e+00
  24  beta_phi     1.38954e-01   2.37205e-02  -3.18797e-04  -2.41111e+01
 CALL LIMIT EXCEEDED IN MIGRAD.
 MIGRAD TERMINATED WITHOUT CONVERGENCE.
 FCN=134.431 FROM MIGRAD    STATUS=CALL LIMIT   1927 CALLS        6320 TOTAL
                     EDM=0.000154791    STRATEGY= 1  ERROR MATRIX UNCERTAINTY  14.6 per cent
  EXT PARAMETER                APPROXIMATE        STEP         FIRST   
  NO.   NAME      VALUE            ERROR          SIZE      DERIVATIVE 
   1  N0           2.62423e+06   6.93336e+04  -1.12789e+03   1.97717e-06
   2  tau          6.44101e+01   constant   
   3  A0           3.09143e-01   3.05795e-02  -4.98897e-04  -5.20193e+01
   4  phi          3.88737e+00   9.85766e-02  -1.60711e-03   2.82599e+01
   5  R           -5.98037e+01   constant   
   6  alpha_CBO   -6.42282e-02   2.88679e-02  -4.67757e-04  -4.41164e+01
   7  w_CBO        2.32500e+00   constant   
   8  beta_CBO     5.18801e-02   2.33854e-02   3.80405e-04  -1.87908e+01
   9  alpha_2CBO   5.51549e-03   9.41935e-04   5.25104e-07   3.10921e+01
  10  beta_2CBO   -3.40167e-05     fixed    
  11  alpha_y      0.00000e+00     fixed    
  12  w_y          1.44500e+01   constant   
  13  beta_y      -8.35890e-04     fixed    
  14  alpha_vw     0.00000e+00     fixed    
  15  w_vw         1.29000e+01   constant   
  16  beta_vw      0.00000e+00     fixed    
  17  LM           1.43880e-04   constant   
  18  zeta_y       0.00000e+00   constant   
  19  zeta_vw      0.00000e+00   constant   
  20  T_CBO        3.61293e+02   7.06143e+01   2.37372e-03   2.06332e-01
  21  alpha_A0    -2.11763e-01   3.73139e-02  -5.85324e-04   5.60466e-01
  22  beta_A0      1.21792e-01   6.32198e-02   1.01104e-03   5.14859e+00
  23  alpha_phi    6.92942e-02   2.02596e-02   2.47425e-04   8.38259e+00
  24  beta_phi     2.44587e-01   2.84449e-02   4.13023e-04   1.80236e+00
 EXTERNAL ERROR MATRIX.    NDIM=  25    NPAR= 11    ERR DEF=1
  4.807e+09 
  2.110e+03  9.351e-04 
  6.771e+03  3.011e-03  9.717e-03 
  1.995e+03  8.824e-04  2.839e-03  8.334e-04 
 -1.615e+03 -7.134e-04 -2.299e-03 -6.731e-04  5.469e-04 
  4.255e+00  4.325e-06  1.558e-05  3.586e-06 -2.373e-06  8.872e-07 
 -4.857e+06 -2.124e+00 -6.837e+00 -2.006e+00  1.642e+00 -7.771e-05  5.023e+03 
  2.567e+03  1.116e-03  3.562e-03  1.059e-03 -8.530e-04  4.833e-07 -2.577e+00  1.392e-03 
 -4.219e+03 -1.897e-03 -6.163e-03 -1.782e-03  1.452e-03 -1.415e-05  4.305e+00 -2.179e-03  3.997e-03 
 -8.924e+02 -4.306e-04 -1.451e-03 -3.957e-04  3.326e-04 -9.185e-06  9.562e-01 -4.079e-04  1.049e-03  4.105e-04 
 -1.818e+03 -7.659e-04 -2.431e-03 -7.303e-04  5.978e-04  7.949e-06  1.890e+00 -1.001e-03  1.456e-03  2.228e-04  8.091e-04 
ERR MATRIX APPROXIMATE
 PARAMETER  CORRELATION COEFFICIENTS  
       NO.  GLOBAL      1      3      4      6      8      9     20     21     22     23     24
        1  0.99999   1.000  0.995  0.991  0.997 -0.996  0.065 -0.989  0.992 -0.962 -0.635 -0.922
        3  0.99999   0.995  1.000  0.999  1.000 -0.998  0.150 -0.980  0.978 -0.981 -0.695 -0.880
        4  0.99999   0.991  0.999  1.000  0.998 -0.997  0.168 -0.979  0.968 -0.989 -0.726 -0.867
        6  0.99999   0.997  1.000  0.998  1.000 -0.997  0.132 -0.981  0.983 -0.976 -0.677 -0.889
        8  0.99998  -0.996 -0.998 -0.997 -0.997  1.000 -0.108  0.991 -0.977  0.982  0.702  0.899
        9  0.98461   0.065  0.150  0.168  0.132 -0.108  1.000 -0.001  0.014 -0.238 -0.481  0.297
       20  0.99967  -0.989 -0.980 -0.979 -0.981  0.991 -0.001  1.000 -0.975  0.961  0.666  0.938
       21  0.99987   0.992  0.978  0.968  0.983 -0.977  0.014 -0.975  1.000 -0.924 -0.540 -0.943
       22  0.99994  -0.962 -0.981 -0.989 -0.976  0.982 -0.238  0.961 -0.924  1.000  0.819  0.810
       23  0.99932  -0.635 -0.695 -0.726 -0.677  0.702 -0.481  0.666 -0.540  0.819  1.000  0.387
       24  0.99969  -0.922 -0.880 -0.867 -0.889  0.899  0.297  0.938 -0.943  0.810  0.387  1.000
 ERR MATRIX APPROXIMATE
MINUIT - FIT ONLY 1-y
 **********
 **   51 **RES 
 **********
                   PARAMETER   16  beta_vw RESTORED TO VARIABLE.
                   PARAMETER   14  alpha_vw RESTORED TO VARIABLE.
                   PARAMETER   13  beta_y RESTORED TO VARIABLE.
                   PARAMETER   11  alpha_y RESTORED TO VARIABLE.
                   PARAMETER   10  beta_2CBO RESTORED TO VARIABLE.
 **********
 **   52 **FIX            0
 **********
 PARAMETER    0  IS UNDEFINED. IGNORED.
 **********
 **   53 **FIX            1
 **********
 **********
 **   54 **FIX            2
 **********
 PARAMETER    2  IS CONSTANT.   IGNORED.
 **********
 **   55 **FIX            3
 **********
 **********
 **   56 **FIX            4
 **********
 **********
 **   57 **FIX            5
 **********
 PARAMETER    5  IS CONSTANT.   IGNORED.
 **********
 **   58 **FIX            6
 **********
 **********
 **   59 **FIX            7
 **********
 PARAMETER    7  IS CONSTANT.   IGNORED.
 **********
 **   60 **FIX            8
 **********
 **********
 **   61 **FIX            9
 **********
 **********
 **   62 **FIX           13
 **********
 **********
 **   63 **FIX           14
 **********
 **********
 **   64 **FIX           15
 **********
 PARAMETER   15  IS CONSTANT.   IGNORED.
 **********
 **   65 **FIX           16
 **********
 **********
 **   66 **MIGRAD
 **********
 START MIGRAD MINIMIZATION.  STRATEGY  1.  CONVERGENCE WHEN EDM .LT. 1.00e-04
 FCN=134.431 FROM MIGRAD    STATUS=INITIATE       16 CALLS        6336 TOTAL
                     EDM= unknown      STRATEGY= 1      NO ERROR MATRIX       
  EXT PARAMETER               CURRENT GUESS       STEP         FIRST   
  NO.   NAME      VALUE            ERROR          SIZE      DERIVATIVE 
   1  N0           2.62423e+06     fixed    
   2  tau          6.44101e+01   constant   
   3  A0           3.09143e-01     fixed    
   4  phi          3.88737e+00     fixed    
   5  R           -5.98037e+01   constant   
   6  alpha_CBO   -6.42282e-02     fixed    
   7  w_CBO        2.32500e+00   constant   
   8  beta_CBO     5.18801e-02     fixed    
   9  alpha_2CBO   5.51549e-03     fixed    
  10  beta_2CBO   -3.40167e-05   1.28437e-03   1.28437e-03  -7.19836e+02
  11  alpha_y      0.00000e+00   1.00000e-03   1.00000e-03  -1.10312e+05
  12  w_y          1.44500e+01   constant   
  13  beta_y      -8.35890e-04     fixed    
  14  alpha_vw     0.00000e+00     fixed    
  15  w_vw         1.29000e+01   constant   
  16  beta_vw      0.00000e+00     fixed    
  17  LM           1.43880e-04   constant   
  18  zeta_y       0.00000e+00   constant   
  19  zeta_vw      0.00000e+00   constant   
  20  T_CBO        3.61293e+02   7.06143e+01   2.37372e-03   2.06332e-01
  21  alpha_A0    -2.11763e-01   3.73139e-02  -5.85324e-04   5.60466e-01
  22  beta_A0      1.21792e-01   6.32198e-02   1.01104e-03   5.14859e+00
  23  alpha_phi    6.92942e-02   2.02596e-02   2.47425e-04   8.38259e+00
  24  beta_phi     2.44587e-01   2.84449e-02   4.13023e-04   1.80236e+00
 MIGRAD MINIMIZATION HAS CONVERGED.
 MIGRAD WILL VERIFY CONVERGENCE AND ERROR MATRIX.
 COVARIANCE MATRIX CALCULATED SUCCESSFULLY
 FCN=27.874 FROM HESSE     STATUS=OK             50 CALLS        6481 TOTAL
                     EDM=0.00017664    STRATEGY= 1      ERROR MATRIX ACCURATE 
  EXT PARAMETER                                   STEP         FIRST   
  NO.   NAME      VALUE            ERROR          SIZE      DERIVATIVE 
   1  N0           2.62423e+06     fixed    
   2  tau          6.44101e+01   constant   
   3  A0           3.09143e-01     fixed    
   4  phi          3.88737e+00     fixed    
   5  R           -5.98037e+01   constant   
   6  alpha_CBO   -6.42282e-02     fixed    
   7  w_CBO        2.32500e+00   constant   
   8  beta_CBO     5.18801e-02     fixed    
   9  alpha_2CBO   5.51549e-03     fixed    
  10  beta_2CBO    3.51096e-04   4.00343e-04   4.81890e-07  -2.39987e-01
  11  alpha_y      1.92952e-03   1.86939e-04   4.86255e-07   3.05265e+00
  12  w_y          1.44500e+01   constant   
  13  beta_y      -8.35890e-04     fixed    
  14  alpha_vw     0.00000e+00     fixed    
  15  w_vw         1.29000e+01   constant   
  16  beta_vw      0.00000e+00     fixed    
  17  LM           1.43880e-04   constant   
  18  zeta_y       0.00000e+00   constant   
  19  zeta_vw      0.00000e+00   constant   
  20  T_CBO        3.61951e+02   6.68447e+02   3.62858e-05   8.37798e-03
  21  alpha_A0    -2.11590e-01   4.98183e-02   1.74393e-06   2.29593e-01
  22  beta_A0      1.22761e-01   2.93793e-02   2.04099e-06  -4.85131e-02
  23  alpha_phi    6.83134e-02   1.41792e-02   2.76885e-06   1.86834e-02
  24  beta_phi     2.44523e-01   5.75916e-02   2.04704e-06  -7.37411e-03
 MIGRAD MINIMIZATION HAS CONVERGED.
 MIGRAD WILL VERIFY CONVERGENCE AND ERROR MATRIX.
 COVARIANCE MATRIX CALCULATED SUCCESSFULLY
 FCN=27.8727 FROM MIGRAD    STATUS=CONVERGED     802 CALLS        7122 TOTAL
                     EDM=2.10754e-05    STRATEGY= 1      ERROR MATRIX ACCURATE 
  EXT PARAMETER                                   STEP         FIRST   
  NO.   NAME      VALUE            ERROR          SIZE      DERIVATIVE 
   1  N0           2.62423e+06     fixed    
   2  tau          6.44101e+01   constant   
   3  A0           3.09143e-01     fixed    
   4  phi          3.88737e+00     fixed    
   5  R           -5.98037e+01   constant   
   6  alpha_CBO   -6.42282e-02     fixed    
   7  w_CBO        2.32500e+00   constant   
   8  beta_CBO     5.18801e-02     fixed    
   9  alpha_2CBO   5.51549e-03     fixed    
  10  beta_2CBO    3.74259e-04   3.86049e-04   4.81880e-07  -1.50997e+00
  11  alpha_y      1.92957e-03   1.86939e-04   4.86244e-07   1.26944e+01
  12  w_y          1.44500e+01   constant   
  13  beta_y      -8.35890e-04     fixed    
  14  alpha_vw     0.00000e+00     fixed    
  15  w_vw         1.29000e+01   constant   
  16  beta_vw      0.00000e+00     fixed    
  17  LM           1.43880e-04   constant   
  18  zeta_y       0.00000e+00   constant   
  19  zeta_vw      0.00000e+00   constant   
  20  T_CBO        3.07903e+02   6.53604e+02   2.73150e-05  -2.12243e-01
  21  alpha_A0    -2.15723e-01   4.70885e-02   1.77832e-06   2.45330e+00
  22  beta_A0      1.25198e-01   2.77801e-02   2.08216e-06  -5.06496e-01
  23  alpha_phi    6.94823e-02   1.33776e-02   2.82282e-06  -3.78270e-01
  24  beta_phi     2.49301e-01   5.44364e-02   2.08710e-06  -2.00432e+00
 EXTERNAL ERROR MATRIX.    NDIM=  25    NPAR=  7    ERR DEF=1
  1.490e-07  6.098e-09 -1.356e-01 -1.228e-05  7.397e-06  3.220e-06  1.426e-05 
  6.098e-09  3.495e-08  6.892e-04  6.487e-08 -1.933e-08 -3.374e-08 -7.293e-08 
 -1.356e-01  6.892e-04  2.691e+05  2.442e+01 -1.440e+01 -6.899e+00 -2.824e+01 
 -1.228e-05  6.487e-08  2.442e+01  2.217e-03 -1.307e-03 -6.263e-04 -2.563e-03 
  7.397e-06 -1.933e-08 -1.440e+01 -1.307e-03  7.717e-04  3.690e-04  1.511e-03 
  3.220e-06 -3.374e-08 -6.899e+00 -6.263e-04  3.690e-04  1.790e-04  7.237e-04 
  1.426e-05 -7.293e-08 -2.824e+01 -2.563e-03  1.511e-03  7.237e-04  2.963e-03 
 PARAMETER  CORRELATION COEFFICIENTS  
       NO.  GLOBAL     10     11     20     21     22     23     24
       10  0.87958   1.000  0.084 -0.677 -0.675  0.690  0.623  0.679
       11  0.13100   0.084  1.000  0.007  0.007 -0.004 -0.013 -0.007
       20  0.99996  -0.677  0.007  1.000  1.000 -0.999 -0.994 -1.000
       21  0.99990  -0.675  0.007  1.000  1.000 -0.999 -0.994 -1.000
       22  0.99959   0.690 -0.004 -0.999 -0.999  1.000  0.993  0.999
       23  0.99676   0.623 -0.013 -0.994 -0.994  0.993  1.000  0.994
       24  0.99989   0.679 -0.007 -1.000 -1.000  0.999  0.994  1.000
MINUIT - FIT ONLY 2-y
 **********
 **   67 **RES 
 **********
                   PARAMETER   16  beta_vw RESTORED TO VARIABLE.
                   PARAMETER   14  alpha_vw RESTORED TO VARIABLE.
                   PARAMETER   13  beta_y RESTORED TO VARIABLE.
                   PARAMETER    9  alpha_2CBO RESTORED TO VARIABLE.
                   PARAMETER    8  beta_CBO RESTORED TO VARIABLE.
                   PARAMETER    6  alpha_CBO RESTORED TO VARIABLE.
                   PARAMETER    4  phi RESTORED TO VARIABLE.
                   PARAMETER    3  A0 RESTORED TO VARIABLE.
                   PARAMETER    1  N0 RESTORED TO VARIABLE.
 **********
 **   68 **FIX            0
 **********
 PARAMETER    0  IS UNDEFINED. IGNORED.
 **********
 **   69 **FIX            1
 **********
 **********
 **   70 **FIX            2
 **********
 PARAMETER    2  IS CONSTANT.   IGNORED.
 **********
 **   71 **FIX            3
 **********
 **********
 **   72 **FIX            4
 **********
 **********
 **   73 **FIX            5
 **********
 PARAMETER    5  IS CONSTANT.   IGNORED.
 **********
 **   74 **FIX            6
 **********
 **********
 **   75 **FIX            7
 **********
 PARAMETER    7  IS CONSTANT.   IGNORED.
 **********
 **   76 **FIX            8
 **********
 **********
 **   77 **FIX            9
 **********
 **********
 **   78 **FIX           10
 **********
 **********
 **   79 **FIX           11
 **********
 **********
 **   80 **FIX           12
 **********
 PARAMETER   12  IS CONSTANT.   IGNORED.
 **********
 **   81 **FIX           16
 **********
 **********
 **   82 **MIGRAD
 **********
 START MIGRAD MINIMIZATION.  STRATEGY  1.  CONVERGENCE WHEN EDM .LT. 1.00e-04
 FCN=27.8727 FROM MIGRAD    STATUS=INITIATE       16 CALLS        7138 TOTAL
                     EDM= unknown      STRATEGY= 1      NO ERROR MATRIX       
  EXT PARAMETER               CURRENT GUESS       STEP         FIRST   
  NO.   NAME      VALUE            ERROR          SIZE      DERIVATIVE 
   1  N0           2.62423e+06     fixed    
   2  tau          6.44101e+01   constant   
   3  A0           3.09143e-01     fixed    
   4  phi          3.88737e+00     fixed    
   5  R           -5.98037e+01   constant   
   6  alpha_CBO   -6.42282e-02     fixed    
   7  w_CBO        2.32500e+00   constant   
   8  beta_CBO     5.18801e-02     fixed    
   9  alpha_2CBO   5.51549e-03     fixed    
  10  beta_2CBO    3.74259e-04     fixed    
  11  alpha_y      1.92957e-03     fixed    
  12  w_y          1.44500e+01   constant   
  13  beta_y      -8.35890e-04   1.83084e-04   1.83084e-04   4.32302e+03
  14  alpha_vw     0.00000e+00   1.00000e-03   1.00000e-03   1.10885e+04
