 + ++++++++++++++++++++++++++++++++++++++++++++++++++++++++++++++++++++ +
 +                                                                      +
 +           You have chose to blind your fitting according to          +
 +                omega_ref * (1 + (R +/- deltaR) *10^{-6})             +
 +                                                                      +
 + ++++++++++++++++++++++++++++++++++++++++++++++++++++++++++++++++++++ +
In main()...
reading format from /gm2data/zkhechad/run45/envelope/formats/formatB_sBin_constraintOn.txt
pBinTau 	= 0  
pBinPhi 	= 0  
constraintau 	= 1 
includeMopTerm 	= 0    
constrainMop    = 0   
Parameters after format file: pBinTau 0 pBinPhi 0 constraintau 1 includeMopTerm 0 constrainMop 0 c_e_scale 0.000000 
Opening file /gm2data/tbarrett/gm2fr/studies/run23_bunch_corrections/CorrectedFourier_Run3b.root.
reading full fit data from /gm2data/zkhechad/cboTemplates/Run4CBOTemplates/templateFits0_v2.0/noRF/sBin_constraintOn_cE0.0_seed0_noRF_calo19.root
windowBins = 69
fitting sliding window 540 from bin 676 at 100.710000 to bin 745 at 111.154000 (69 bins)

Reading data from /gm2data/cornell/histograms/aMethod/histogram_a_noRF.root
 **********
 **    1 **SET PRINTOUT            1
 **********
 **********
 **    2 **SET NOWARNINGS 
 **********
 PARAMETER DEFINITIONS:
    NO.   NAME         VALUE      STEP SIZE      LIMITS
     1 N0           3.18982e+06  1.00000e+02     no limits
     2 tau          6.43968e+01  constant
     3 A0           3.47817e-01  1.00000e-04     no limits
     4 phi          4.13212e+00  1.00000e-02     no limits
     5 R           -6.01460e+01  constant
     6 alpha_CBO    0.00000e+00  1.00000e-03     no limits
     7 w_CBO        2.32500e+00  constant
     8 beta_CBO     0.00000e+00  1.00000e-03     no limits
     9 alpha_2CBO   0.00000e+00  1.00000e-03     no limits
    10 beta_2CBO    0.00000e+00  1.00000e-03     no limits
    11 alpha_y      0.00000e+00  1.00000e-03     no limits
    12 w_y          1.44500e+01  constant
    13 beta_y       0.00000e+00  1.00000e-03     no limits
    14 alpha_vw     0.00000e+00  1.00000e-03     no limits
    15 w_vw         1.29000e+01  constant
    16 beta_vw      0.00000e+00  1.00000e-03     no limits
    17 LM          -1.51189e-04  constant
    18 zeta_y       0.00000e+00  constant
    19 zeta_vw      0.00000e+00  constant
    20 T_CBO        1.00000e+02  1.00000e+00    0.00000e+00  1.00000e+03
    21 alpha_A0     0.00000e+00  1.00000e-03     no limits
    22 beta_A0      0.00000e+00  1.00000e-03     no limits
    23 alpha_phi    0.00000e+00  1.00000e-03     no limits
    24 beta_phi     0.00000e+00  1.00000e-03     no limits
MINUIT - FIT ONLY WIGGLE
 **********
 **    3 **FIX            5
 **********
 PARAMETER    5  IS CONSTANT.   IGNORED.
 **********
 **    4 **FIX            6
 **********
 **********
 **    5 **FIX            7
 **********
 PARAMETER    7  IS CONSTANT.   IGNORED.
 **********
 **    6 **FIX            8
 **********
 **********
 **    7 **FIX            9
 **********
 **********
 **    8 **FIX           10
 **********
 **********
 **    9 **FIX           11
 **********
 **********
 **   10 **FIX           12
 **********
 PARAMETER   12  IS CONSTANT.   IGNORED.
 **********
 **   11 **FIX           13
 **********
 **********
 **   12 **FIX           14
 **********
 **********
 **   13 **FIX           15
 **********
 PARAMETER   15  IS CONSTANT.   IGNORED.
 **********
 **   14 **FIX           16
 **********
 **********
 **   15 **MIGRAD
 **********
 FIRST CALL TO USER FUNCTION AT NEW START POINT, WITH IFLAG=4.
 START MIGRAD MINIMIZATION.  STRATEGY  1.  CONVERGENCE WHEN EDM .LT. 1.00e-04
 FCN=2865.85 FROM MIGRAD    STATUS=INITIATE      433 CALLS         434 TOTAL
                     EDM= unknown      STRATEGY= 1      NO ERROR MATRIX       
  EXT PARAMETER               CURRENT GUESS       STEP         FIRST   
  NO.   NAME      VALUE            ERROR          SIZE      DERIVATIVE 
   1  N0           3.18982e+06   1.00000e+02   0.00000e+00  -7.89633e-04
   2  tau          6.43968e+01   constant   
   3  A0           3.47817e-01   1.00000e-04   0.00000e+00  -1.57473e+05
   4  phi          4.13212e+00   1.00000e-02   0.00000e+00  -2.48581e+03
   5  R           -6.01460e+01   constant   
   6  alpha_CBO    0.00000e+00     fixed    
   7  w_CBO        2.32500e+00   constant   
   8  beta_CBO     0.00000e+00     fixed    
   9  alpha_2CBO   0.00000e+00     fixed    
  10  beta_2CBO    0.00000e+00     fixed    
  11  alpha_y      0.00000e+00     fixed    
  12  w_y          1.44500e+01   constant   
  13  beta_y       0.00000e+00     fixed    
  14  alpha_vw     0.00000e+00     fixed    
  15  w_vw         1.29000e+01   constant   
  16  beta_vw      0.00000e+00     fixed    
  17  LM          -1.51189e-04   constant   
  18  zeta_y       0.00000e+00   constant   
  19  zeta_vw      0.00000e+00   constant   
  20  T_CBO        1.00000e+02   1.00000e+00   0.00000e+00   0.00000e+00
  21  alpha_A0     0.00000e+00   1.00000e-03   0.00000e+00   8.41222e+03
  22  beta_A0      0.00000e+00   1.00000e-03   0.00000e+00   1.54847e+03
  23  alpha_phi    0.00000e+00   1.00000e-03   0.00000e+00   1.55832e+04
  24  beta_phi     0.00000e+00   1.00000e-03   0.00000e+00  -9.83307e+02
 MIGRAD MINIMIZATION HAS CONVERGED.
 FCN=2628.03 FROM MIGRAD    STATUS=CONVERGED    1104 CALLS        1105 TOTAL
                     EDM=7.35783e-07    STRATEGY= 1  ERROR MATRIX UNCERTAINTY   0.0 per cent
  EXT PARAMETER                                   STEP         FIRST   
  NO.   NAME      VALUE            ERROR          SIZE      DERIVATIVE 
   1  N0           3.19078e+06   3.18413e+02  -3.49629e-02   4.49829e-07
   2  tau          6.43968e+01   constant   
   3  A0           3.48956e-01   1.22647e-04   8.69966e-08  -6.06469e+00
   4  phi          4.13188e+00   3.78812e-04   2.20472e-08  -3.53055e-01
   5  R           -6.01460e+01   constant   
   6  alpha_CBO    0.00000e+00     fixed    
   7  w_CBO        2.32500e+00   constant   
   8  beta_CBO     0.00000e+00     fixed    
   9  alpha_2CBO   0.00000e+00     fixed    
  10  beta_2CBO    0.00000e+00     fixed    
  11  alpha_y      0.00000e+00     fixed    
  12  w_y          1.44500e+01   constant   
  13  beta_y       0.00000e+00     fixed    
  14  alpha_vw     0.00000e+00     fixed    
  15  w_vw         1.29000e+01   constant   
  16  beta_vw      0.00000e+00     fixed    
  17  LM          -1.51189e-04   constant   
  18  zeta_y       0.00000e+00   constant   
  19  zeta_vw      0.00000e+00   constant   
  20  T_CBO        9.99999e+02   8.12678e+02   1.07498e-02  -2.23116e-04
  21  alpha_A0    -3.79701e-03   6.17590e-04  -6.54415e-07   4.57499e-01
  22  beta_A0     -1.03968e-03   6.52358e-04  -1.59636e-06   4.49165e-01
  23  alpha_phi   -5.17033e-03   5.61054e-04  -2.35982e-06   9.34884e-02
  24  beta_phi     7.31467e-04   5.81358e-04  -1.43471e-06  -1.81897e+00
 EXTERNAL ERROR MATRIX.    NDIM=  25    NPAR=  8    ERR DEF=1
  1.014e+05  7.246e-03  7.338e-03 -3.261e+00  2.763e-02 -2.753e-02 -2.774e-02 -1.288e-02 
  7.246e-03  1.504e-08 -1.981e-09  1.322e-05 -1.670e-09 -8.404e-09  5.150e-09  3.756e-09 
  7.338e-03 -1.981e-09  1.435e-07 -1.782e-06  3.423e-08  3.362e-08 -1.221e-08 -1.751e-08 
 -3.261e+00  1.322e-05 -1.782e-06  2.255e+01  1.579e-04 -1.849e-04  2.549e-04 -4.935e-05 
  2.763e-02 -1.670e-09  3.423e-08  1.579e-04  3.814e-07  2.355e-08 -2.064e-08 -2.348e-08 
 -2.753e-02 -8.404e-09  3.362e-08 -1.849e-04  2.355e-08  4.256e-07 -5.668e-08 -5.833e-08 
 -2.774e-02  5.150e-09 -1.221e-08  2.549e-04 -2.064e-08 -5.668e-08  3.148e-07  1.636e-08 
 -1.288e-02  3.756e-09 -1.751e-08 -4.935e-05 -2.348e-08 -5.833e-08  1.636e-08  3.380e-07 
 PARAMETER  CORRELATION COEFFICIENTS  
       NO.  GLOBAL      1      3      4     20     21     22     23     24
        1  0.33668   1.000  0.186  0.061 -0.002  0.141 -0.133 -0.155 -0.070
        3  0.23433   0.186  1.000 -0.043  0.023 -0.022 -0.105  0.075  0.053
        4  0.21194   0.061 -0.043  1.000 -0.001  0.146  0.136 -0.057 -0.079
       20  0.12646  -0.002  0.023 -0.001  1.000  0.054 -0.060  0.096 -0.018
       21  0.22058   0.141 -0.022  0.146  0.054  1.000  0.058 -0.060 -0.065
       22  0.30946  -0.133 -0.105  0.136 -0.060  0.058  1.000 -0.155 -0.154
       23  0.26757  -0.155  0.075 -0.057  0.096 -0.060 -0.155  1.000  0.050
       24  0.19794  -0.070  0.053 -0.079 -0.018 -0.065 -0.154  0.050  1.000
MINUIT - FIT ONLY 1-CBO + wiggle
 **********
 **   16 **RES 
 **********
                   PARAMETER   16  beta_vw RESTORED TO VARIABLE.
                   PARAMETER   14  alpha_vw RESTORED TO VARIABLE.
                   PARAMETER   13  beta_y RESTORED TO VARIABLE.
                   PARAMETER   11  alpha_y RESTORED TO VARIABLE.
                   PARAMETER   10  beta_2CBO RESTORED TO VARIABLE.
                   PARAMETER    9  alpha_2CBO RESTORED TO VARIABLE.
                   PARAMETER    8  beta_CBO RESTORED TO VARIABLE.
                   PARAMETER    6  alpha_CBO RESTORED TO VARIABLE.
 **********
 **   17 **FIX            8
 **********
 **********
 **   18 **FIX            9
 **********
 **********
 **   19 **FIX           11
 **********
 **********
 **   20 **FIX           12
 **********
 PARAMETER   12  IS CONSTANT.   IGNORED.
 **********
 **   21 **FIX           14
 **********
 **********
 **   22 **FIX           15
 **********
 PARAMETER   15  IS CONSTANT.   IGNORED.
 **********
 **   23 **FIX           16
 **********
 **********
 **   24 **MIGRAD
 **********
 START MIGRAD MINIMIZATION.  STRATEGY  1.  CONVERGENCE WHEN EDM .LT. 1.00e-04
 FCN=2628.03 FROM MIGRAD    STATUS=INITIATE       28 CALLS        1133 TOTAL
                     EDM= unknown      STRATEGY= 1      NO ERROR MATRIX       
  EXT PARAMETER               CURRENT GUESS       STEP         FIRST   
  NO.   NAME      VALUE            ERROR          SIZE      DERIVATIVE 
   1  N0           3.19078e+06   3.18413e+02  -3.49629e-02   4.49829e-07
   2  tau          6.43968e+01   constant   
   3  A0           3.48956e-01   1.22647e-04   8.69966e-08  -6.06469e+00
   4  phi          4.13188e+00   3.78812e-04   2.20472e-08  -3.53057e-01
   5  R           -6.01460e+01   constant   
   6  alpha_CBO    0.00000e+00   1.00000e-03   1.00000e-03  -5.65119e+05
   7  w_CBO        2.32500e+00   constant   
   8  beta_CBO     0.00000e+00     fixed    
   9  alpha_2CBO   0.00000e+00     fixed    
  10  beta_2CBO    0.00000e+00   1.00000e-03   1.00000e-03   5.52040e+03
  11  alpha_y      0.00000e+00     fixed    
  12  w_y          1.44500e+01   constant   
  13  beta_y       0.00000e+00   1.00000e-03   1.00000e-03   8.55372e+04
  14  alpha_vw     0.00000e+00     fixed    
  15  w_vw         1.29000e+01   constant   
  16  beta_vw      0.00000e+00     fixed    
  17  LM          -1.51189e-04   constant   
  18  zeta_y       0.00000e+00   constant   
  19  zeta_vw      0.00000e+00   constant   
  20  T_CBO        9.99999e+02   8.12678e+02   1.07498e-02  -2.23784e-04
  21  alpha_A0    -3.79701e-03   6.17590e-04  -6.54415e-07   4.57515e-01
  22  beta_A0     -1.03968e-03   6.52358e-04  -1.59636e-06   4.49181e-01
  23  alpha_phi   -5.17033e-03   5.61054e-04  -2.35982e-06   9.34891e-02
  24  beta_phi     7.31467e-04   5.81358e-04  -1.43471e-06  -1.81897e+00
 MIGRAD MINIMIZATION HAS CONVERGED.
 FCN=958.456 FROM MIGRAD    STATUS=CONVERGED     196 CALLS        1301 TOTAL
                     EDM=6.32781e-07    STRATEGY= 1  ERROR MATRIX UNCERTAINTY   3.6 per cent
  EXT PARAMETER                                   STEP         FIRST   
  NO.   NAME      VALUE            ERROR          SIZE      DERIVATIVE 
   1  N0           3.19038e+06   3.16866e+02   5.09984e-01  -2.43250e-06
   2  tau          6.43968e+01   constant   
   3  A0           3.47993e-01   1.25469e-04   3.26631e-07   1.07569e+00
   4  phi          4.13437e+00   3.90560e-04  -9.60060e-08  -1.97208e+00
   5  R           -6.01460e+01   constant   
   6  alpha_CBO    5.79365e-03   1.43243e-04   1.98132e-08   2.05287e-01
   7  w_CBO        2.32500e+00   constant   
   8  beta_CBO     0.00000e+00     fixed    
   9  alpha_2CBO   0.00000e+00     fixed    
  10  beta_2CBO    9.30145e-05   1.38401e-04   1.21996e-07   5.20519e+00
  11  alpha_y      0.00000e+00     fixed    
  12  w_y          1.44500e+01   constant   
  13  beta_y      -7.73831e-04   1.35656e-04   1.90792e-07   1.48913e+00
  14  alpha_vw     0.00000e+00     fixed    
  15  w_vw         1.29000e+01   constant   
  16  beta_vw      0.00000e+00     fixed    
  17  LM          -1.51189e-04   constant   
  18  zeta_y       0.00000e+00   constant   
  19  zeta_vw      0.00000e+00   constant   
  20  T_CBO        9.99999e+02   8.20540e+02  -9.41824e-04   5.37325e-05
  21  alpha_A0     1.27652e-05   6.26961e-04   1.63414e-06  -3.68579e-01
  22  beta_A0     -6.92528e-05   6.08466e-04  -4.87121e-07  -8.23568e-02
  23  alpha_phi   -1.29206e-03   5.25700e-04   2.94619e-07   1.31673e+00
  24  beta_phi    -6.75146e-04   5.80964e-04  -5.43842e-09   2.42798e-01
 EXTERNAL ERROR MATRIX.    NDIM=  25    NPAR= 11    ERR DEF=1
  1.004e+05 
  7.966e-03  1.574e-08 
  5.310e-03 -3.308e-09  1.525e-07 
 -1.407e-03 -3.466e-09  9.117e-09  2.052e-08 
  3.361e-03 -1.021e-09  3.717e-09  4.596e-10  1.915e-08 
  1.123e-03 -2.714e-10  2.021e-09  5.170e-11 -3.005e-10  1.840e-08 
 -2.433e+01 -8.832e-06 -5.518e-06 -3.832e-07 -3.532e-06 -4.368e-06  1.289e+01 
  1.781e-02 -2.644e-09  2.865e-08  1.361e-08 -6.370e-09  1.734e-09 -4.567e-05  3.931e-07 
 -2.966e-02 -7.951e-09  3.113e-08  3.720e-09  8.213e-09  1.345e-09  1.369e-05  2.533e-08  3.702e-07 
 -1.846e-02  9.101e-10  5.512e-09  1.349e-08 -7.222e-09 -1.738e-09  2.252e-06  2.949e-09 -2.013e-08  2.764e-07 
 -1.203e-02  4.823e-09 -1.523e-08 -5.188e-09 -1.299e-08 -1.212e-09  1.412e-05 -4.061e-08 -3.716e-08  1.147e-08  3.375e-07 
 PARAMETER  CORRELATION COEFFICIENTS  
       NO.  GLOBAL      1      3      4      6     10     13     20     21     22     23     24
        1  0.32006   1.000  0.200  0.043 -0.031  0.077  0.026 -0.021  0.090 -0.154 -0.111 -0.065
        3  0.30242   0.200  1.000 -0.068 -0.193 -0.059 -0.016 -0.020 -0.034 -0.104  0.014  0.066
        4  0.24293   0.043 -0.068  1.000  0.163  0.069  0.038 -0.004  0.117  0.131  0.027 -0.067
        6  0.33095  -0.031 -0.193  0.163  1.000  0.023  0.003 -0.001  0.152  0.043  0.179 -0.062
       10  0.25223   0.077 -0.059  0.069  0.023  1.000 -0.016 -0.007 -0.073  0.098 -0.099 -0.161
       13  0.06324   0.026 -0.016  0.038  0.003 -0.016  1.000 -0.009  0.020  0.016 -0.024 -0.015
       20  0.03544  -0.021 -0.020 -0.004 -0.001 -0.007 -0.009  1.000 -0.020  0.006  0.001  0.007
       21  0.25320   0.090 -0.034  0.117  0.152 -0.073  0.020 -0.020  1.000  0.066  0.009 -0.111
       22  0.27089  -0.154 -0.104  0.131  0.043  0.098  0.016  0.006  0.066  1.000 -0.063 -0.105
       23  0.25144  -0.111  0.014  0.027  0.179 -0.099 -0.024  0.001  0.009 -0.063  1.000  0.038
       24  0.23681  -0.065  0.066 -0.067 -0.062 -0.161 -0.015  0.007 -0.111 -0.105  0.038  1.000
MINUIT - FIT ONLY 2-CBO
 **********
 **   25 **RES 
 **********
                   PARAMETER   16  beta_vw RESTORED TO VARIABLE.
                   PARAMETER   14  alpha_vw RESTORED TO VARIABLE.
                   PARAMETER   11  alpha_y RESTORED TO VARIABLE.
                   PARAMETER    9  alpha_2CBO RESTORED TO VARIABLE.
                   PARAMETER    8  beta_CBO RESTORED TO VARIABLE.
 **********
 **   26 **FIX            0
 **********
 PARAMETER    0  IS UNDEFINED. IGNORED.
 **********
 **   27 **FIX            1
 **********
 **********
 **   28 **FIX            2
 **********
 PARAMETER    2  IS CONSTANT.   IGNORED.
 **********
 **   29 **FIX            3
 **********
 **********
 **   30 **FIX            4
 **********
 **********
 **   31 **FIX            5
 **********
 PARAMETER    5  IS CONSTANT.   IGNORED.
 **********
 **   32 **FIX            6
 **********
 **********
 **   33 **FIX            7
 **********
 PARAMETER    7  IS CONSTANT.   IGNORED.
 **********
 **   34 **FIX           10
 **********
 **********
 **   35 **FIX           11
 **********
 **********
 **   36 **FIX           12
 **********
 PARAMETER   12  IS CONSTANT.   IGNORED.
 **********
 **   37 **FIX           13
 **********
 **********
 **   38 **FIX           14
 **********
 **********
 **   39 **FIX           15
 **********
 PARAMETER   15  IS CONSTANT.   IGNORED.
 **********
 **   40 **FIX           16
 **********
 **********
 **   41 **MIGRAD
 **********
 START MIGRAD MINIMIZATION.  STRATEGY  1.  CONVERGENCE WHEN EDM .LT. 1.00e-04
 FCN=958.456 FROM MIGRAD    STATUS=INITIATE       18 CALLS        1319 TOTAL
                     EDM= unknown      STRATEGY= 1      NO ERROR MATRIX       
  EXT PARAMETER               CURRENT GUESS       STEP         FIRST   
  NO.   NAME      VALUE            ERROR          SIZE      DERIVATIVE 
   1  N0           3.19038e+06     fixed    
   2  tau          6.43968e+01   constant   
   3  A0           3.47993e-01     fixed    
   4  phi          4.13437e+00     fixed    
   5  R           -6.01460e+01   constant   
   6  alpha_CBO    5.79365e-03     fixed    
   7  w_CBO        2.32500e+00   constant   
   8  beta_CBO     0.00000e+00   1.00000e-03   1.00000e-03  -4.20479e+05
   9  alpha_2CBO   0.00000e+00   1.00000e-03   1.00000e-03  -8.10710e+03
  10  beta_2CBO    9.30145e-05     fixed    
  11  alpha_y      0.00000e+00     fixed    
  12  w_y          1.44500e+01   constant   
  13  beta_y      -7.73831e-04     fixed    
  14  alpha_vw     0.00000e+00     fixed    
  15  w_vw         1.29000e+01   constant   
  16  beta_vw      0.00000e+00     fixed    
  17  LM          -1.51189e-04   constant   
  18  zeta_y       0.00000e+00   constant   
  19  zeta_vw      0.00000e+00   constant   
  20  T_CBO        9.99999e+02   8.20540e+02  -9.41824e-04  -5.37299e-05
  21  alpha_A0     1.27652e-05   6.26961e-04   1.63414e-06  -3.68562e-01
  22  beta_A0     -6.92528e-05   6.08466e-04  -4.87121e-07  -8.23374e-02
  23  alpha_phi   -1.29206e-03   5.25700e-04   2.94619e-07   1.31672e+00
  24  beta_phi    -6.75146e-04   5.80964e-04  -5.43842e-09   2.42798e-01
 MIGRAD MINIMIZATION HAS CONVERGED.
 MIGRAD WILL VERIFY CONVERGENCE AND ERROR MATRIX.
 COVARIANCE MATRIX CALCULATED SUCCESSFULLY
 FCN=78.3752 FROM MIGRAD    STATUS=CONVERGED     145 CALLS        1446 TOTAL
                     EDM=3.28247e-08    STRATEGY= 1      ERROR MATRIX ACCURATE 
  EXT PARAMETER                                   STEP         FIRST   
  NO.   NAME      VALUE            ERROR          SIZE      DERIVATIVE 
   1  N0           3.19038e+06     fixed    
   2  tau          6.43968e+01   constant   
   3  A0           3.47993e-01     fixed    
   4  phi          4.13437e+00     fixed    
   5  R           -6.01460e+01   constant   
   6  alpha_CBO    5.79365e-03     fixed    
   7  w_CBO        2.32500e+00   constant   
   8  beta_CBO     4.18508e-03   1.41079e-04   6.00304e-07   3.63226e-01
   9  alpha_2CBO   2.10650e-05   1.39059e-04   5.92114e-07  -8.43497e-01
  10  beta_2CBO    9.30145e-05     fixed    
  11  alpha_y      0.00000e+00     fixed    
  12  w_y          1.44500e+01   constant   
  13  beta_y      -7.73831e-04     fixed    
  14  alpha_vw     0.00000e+00     fixed    
  15  w_vw         1.29000e+01   constant   
  16  beta_vw      0.00000e+00     fixed    
  17  LM          -1.51189e-04   constant   
  18  zeta_y       0.00000e+00   constant   
  19  zeta_vw      0.00000e+00   constant   
  20  T_CBO        1.00000e+03   7.14356e+02   3.42618e-02** at limit **
  21  alpha_A0    -7.14930e-05   6.15545e-04   2.64270e-06  -2.17586e-01
  22  beta_A0      9.99768e-04   5.98831e-04   2.54949e-06   2.32474e-01
  23  alpha_phi   -1.80189e-03   5.26372e-04   2.26156e-06  -1.81734e-01
  24  beta_phi     2.60491e-03   5.78385e-04   2.44505e-06  -1.56427e-01
 EXTERNAL ERROR MATRIX.    NDIM=  25    NPAR=  7    ERR DEF=1
  1.990e-08 -2.768e-10 -7.561e-11 -5.449e-10  4.758e-09 -2.257e-09  1.551e-08 
 -2.768e-10  1.934e-08  6.933e-11  9.068e-09  1.122e-08 -8.953e-09  2.505e-09 
 -7.561e-11  6.933e-11  1.212e-03 -7.432e-09  2.552e-07 -4.225e-07  6.295e-07 
 -5.449e-10  9.068e-09 -7.432e-09  3.789e-07  3.393e-08 -1.525e-08 -3.268e-08 
  4.758e-09  1.122e-08  2.552e-07  3.393e-08  3.586e-07 -3.178e-08 -2.793e-08 
 -2.257e-09 -8.953e-09 -4.225e-07 -1.525e-08 -3.178e-08  2.771e-07  5.385e-09 
  1.551e-08  2.505e-09  6.295e-07 -3.268e-08 -2.793e-08  5.385e-09  3.345e-07 
 PARAMETER  CORRELATION COEFFICIENTS  
       NO.  GLOBAL      8      9     20     21     22     23     24
        8  0.20799   1.000 -0.014 -0.000 -0.006  0.056 -0.030  0.190
        9  0.20482  -0.014  1.000  0.000  0.106  0.135 -0.122  0.031
       20  0.04227  -0.000  0.000  1.000 -0.000  0.012 -0.023  0.031
       21  0.16130  -0.006  0.106 -0.000  1.000  0.092 -0.047 -0.092
       22  0.20544   0.056  0.135  0.012  0.092  1.000 -0.101 -0.081
       23  0.15667  -0.030 -0.122 -0.023 -0.047 -0.101  1.000  0.018
       24  0.23598   0.190  0.031  0.031 -0.092 -0.081  0.018  1.000
MINUIT - FIT wiggle + 1-CBO + 2-CBO
 **********
 **   42 **RES 
 **********
                   PARAMETER   16  beta_vw RESTORED TO VARIABLE.
                   PARAMETER   14  alpha_vw RESTORED TO VARIABLE.
                   PARAMETER   13  beta_y RESTORED TO VARIABLE.
                   PARAMETER   11  alpha_y RESTORED TO VARIABLE.
                   PARAMETER   10  beta_2CBO RESTORED TO VARIABLE.
                   PARAMETER    6  alpha_CBO RESTORED TO VARIABLE.
                   PARAMETER    4  phi RESTORED TO VARIABLE.
                   PARAMETER    3  A0 RESTORED TO VARIABLE.
                   PARAMETER    1  N0 RESTORED TO VARIABLE.
 **********
 **   43 **FIX           10
 **********
 **********
 **   44 **FIX           11
 **********
 **********
 **   45 **FIX           12
 **********
 PARAMETER   12  IS CONSTANT.   IGNORED.
 **********
 **   46 **FIX           13
 **********
 **********
 **   47 **FIX           14
 **********
 **********
 **   48 **FIX           15
 **********
 PARAMETER   15  IS CONSTANT.   IGNORED.
 **********
 **   49 **FIX           16
 **********
 **********
 **   50 **MIGRAD
 **********
 START MIGRAD MINIMIZATION.  STRATEGY  1.  CONVERGENCE WHEN EDM .LT. 1.00e-04
 FCN=78.3752 FROM MIGRAD    STATUS=INITIATE       22 CALLS        1468 TOTAL
                     EDM= unknown      STRATEGY= 1      NO ERROR MATRIX       
  EXT PARAMETER               CURRENT GUESS       STEP         FIRST   
  NO.   NAME      VALUE            ERROR          SIZE      DERIVATIVE 
   1  N0           3.19038e+06   3.16866e+02   3.16866e+02  -5.23816e-03
   2  tau          6.43968e+01   constant   
   3  A0           3.47993e-01   1.25469e-04   1.25469e-04   3.49554e+04
   4  phi          4.13437e+00   3.90560e-04   3.90560e-04   2.97122e+04
   5  R           -6.01460e+01   constant   
   6  alpha_CBO    5.79365e-03   1.43243e-04   1.43243e-04  -6.99974e+03
   7  w_CBO        2.32500e+00   constant   
   8  beta_CBO     4.18508e-03   1.41079e-04   6.00304e-07   3.64876e-01
   9  alpha_2CBO   2.10650e-05   1.39059e-04   5.92114e-07  -8.42241e-01
  10  beta_2CBO    9.30145e-05     fixed    
  11  alpha_y      0.00000e+00     fixed    
  12  w_y          1.44500e+01   constant   
  13  beta_y      -7.73831e-04     fixed    
  14  alpha_vw     0.00000e+00     fixed    
  15  w_vw         1.29000e+01   constant   
  16  beta_vw      0.00000e+00     fixed    
  17  LM          -1.51189e-04   constant   
  18  zeta_y       0.00000e+00   constant   
  19  zeta_vw      0.00000e+00   constant   
  20  T_CBO        9.99999e+02   7.14356e+02   3.42618e-02  -6.59339e-05
  21  alpha_A0    -7.14930e-05   6.15545e-04   2.64270e-06  -2.17750e-01
  22  beta_A0      9.99768e-04   5.98831e-04   2.54949e-06   2.31835e-01
  23  alpha_phi   -1.80189e-03   5.26372e-04   2.26156e-06  -1.80458e-01
  24  beta_phi     2.60491e-03   5.78385e-04   2.44505e-06  -1.58156e-01
 MIGRAD MINIMIZATION HAS CONVERGED.
 FCN=40.9778 FROM MIGRAD    STATUS=CONVERGED     167 CALLS        1613 TOTAL
                     EDM=7.96813e-07    STRATEGY= 1  ERROR MATRIX UNCERTAINTY   5.2 per cent
  EXT PARAMETER                                   STEP         FIRST   
  NO.   NAME      VALUE            ERROR          SIZE      DERIVATIVE 
   1  N0           3.19034e+06   3.24536e+02   7.94221e-01  -3.33652e-06
   2  tau          6.43968e+01   constant   
   3  A0           3.47779e-01   1.24854e-04   2.80423e-07  -6.34013e-02
   4  phi          4.13210e+00   4.01546e-04  -2.21285e-07  -4.12461e-01
   5  R           -6.01460e+01   constant   
   6  alpha_CBO    5.79022e-03   1.37925e-04  -1.54561e-07  -1.13797e+00
   7  w_CBO        2.32500e+00   constant   
   8  beta_CBO     4.36446e-03   1.43063e-04  -3.38813e-08  -4.71737e+00
   9  alpha_2CBO  -3.44836e-05   1.32422e-04  -4.90108e-07  -6.35897e+00
  10  beta_2CBO    9.30145e-05     fixed    
  11  alpha_y      0.00000e+00     fixed    
  12  w_y          1.44500e+01   constant   
  13  beta_y      -7.73831e-04     fixed    
  14  alpha_vw     0.00000e+00     fixed    
  15  w_vw         1.29000e+01   constant   
  16  beta_vw      0.00000e+00     fixed    
  17  LM          -1.51189e-04   constant   
  18  zeta_y       0.00000e+00   constant   
  19  zeta_vw      0.00000e+00   constant   
  20  T_CBO        1.00000e+03   7.09499e+02   8.48229e-07** at limit **
  21  alpha_A0    -5.63056e-04   6.54043e-04  -1.32256e-07   1.38249e-01
  22  beta_A0      6.55493e-04   5.95207e-04  -4.30846e-07   8.40265e-01
  23  alpha_phi   -1.76375e-03   5.10397e-04  -1.34133e-06   5.94879e-01
  24  beta_phi     2.95555e-03   5.83444e-04  -3.97044e-07  -7.61701e-01
 EXTERNAL ERROR MATRIX.    NDIM=  25    NPAR= 11    ERR DEF=1
  1.053e+05 
  6.954e-03  1.559e-08 
  1.319e-02 -3.374e-09  1.612e-07 
 -7.721e-04 -3.186e-09  8.287e-09  1.902e-08 
 -1.234e-03 -1.263e-09 -1.069e-08  5.994e-10  2.047e-08 
 -1.816e-03 -5.595e-10  4.391e-09  1.381e-09 -1.201e-09  1.754e-08 
  1.240e-02  3.653e-09 -2.469e-09 -2.774e-09  1.470e-10 -7.400e-09  1.018e-01 
  1.076e-02 -4.944e-09  4.326e-08  1.071e-08 -7.834e-09  5.104e-09 -1.252e-09  4.278e-07 
 -2.380e-02 -6.653e-09  2.893e-08  9.706e-09  4.641e-09  8.750e-09 -6.069e-09  3.762e-08  3.543e-07 
 -2.668e-02  2.558e-09 -8.844e-09  6.300e-09  6.786e-10 -9.678e-10 -1.870e-08 -1.301e-08  1.757e-09  2.605e-07 
 -2.731e-02 -6.144e-11 -2.973e-08 -5.672e-09  1.320e-08 -2.173e-09 -6.470e-09 -4.015e-08 -2.883e-08  1.413e-08  3.404e-07 
 PARAMETER  CORRELATION COEFFICIENTS  
       NO.  GLOBAL      1      3      4      6      8      9     20     21     22     23     24
        1  0.32465   1.000  0.172  0.101 -0.017 -0.027 -0.042  0.000  0.051 -0.123 -0.161 -0.144
        3  0.28442   0.172  1.000 -0.067 -0.185 -0.071 -0.034  0.000 -0.061 -0.090  0.040 -0.001
        4  0.32681   0.101 -0.067  1.000  0.150 -0.186  0.083 -0.000  0.165  0.121 -0.043 -0.127
        6  0.29227  -0.017 -0.185  0.150  1.000  0.030  0.076 -0.000  0.119  0.118  0.089 -0.070
        8  0.27582  -0.027 -0.071 -0.186  0.030  1.000 -0.063  0.000 -0.084  0.055  0.009  0.158
        9  0.16277  -0.042 -0.034  0.083  0.076 -0.063  1.000 -0.000  0.059  0.111 -0.014 -0.028
       20  0.00025   0.000  0.000 -0.000 -0.000  0.000 -0.000  1.000 -0.000 -0.000 -0.000 -0.000
       21  0.23329   0.051 -0.061  0.165  0.119 -0.084  0.059 -0.000  1.000  0.097 -0.039 -0.105
       22  0.26523  -0.123 -0.090  0.121  0.118  0.055  0.111 -0.000  0.097  1.000  0.006 -0.083
       23  0.21081  -0.161  0.040 -0.043  0.089  0.009 -0.014 -0.000 -0.039  0.006  1.000  0.047
       24  0.26262  -0.144 -0.001 -0.127 -0.070  0.158 -0.028 -0.000 -0.105 -0.083  0.047  1.000
MINUIT - FIT ONLY 1-y
 **********
 **   51 **RES 
 **********
                   PARAMETER   16  beta_vw RESTORED TO VARIABLE.
                   PARAMETER   14  alpha_vw RESTORED TO VARIABLE.
                   PARAMETER   13  beta_y RESTORED TO VARIABLE.
                   PARAMETER   11  alpha_y RESTORED TO VARIABLE.
                   PARAMETER   10  beta_2CBO RESTORED TO VARIABLE.
 **********
 **   52 **FIX            0
 **********
 PARAMETER    0  IS UNDEFINED. IGNORED.
 **********
 **   53 **FIX            1
 **********
 **********
 **   54 **FIX            2
 **********
 PARAMETER    2  IS CONSTANT.   IGNORED.
 **********
 **   55 **FIX            3
 **********
 **********
 **   56 **FIX            4
 **********
 **********
 **   57 **FIX            5
 **********
 PARAMETER    5  IS CONSTANT.   IGNORED.
 **********
 **   58 **FIX            6
 **********
 **********
 **   59 **FIX            7
 **********
 PARAMETER    7  IS CONSTANT.   IGNORED.
 **********
 **   60 **FIX            8
 **********
 **********
 **   61 **FIX            9
 **********
 **********
 **   62 **FIX           13
 **********
 **********
 **   63 **FIX           14
 **********
 **********
 **   64 **FIX           15
 **********
 PARAMETER   15  IS CONSTANT.   IGNORED.
 **********
 **   65 **FIX           16
 **********
 **********
 **   66 **MIGRAD
 **********
 START MIGRAD MINIMIZATION.  STRATEGY  1.  CONVERGENCE WHEN EDM .LT. 1.00e-04
 FCN=40.9778 FROM MIGRAD    STATUS=INITIATE       16 CALLS        1629 TOTAL
                     EDM= unknown      STRATEGY= 1      NO ERROR MATRIX       
  EXT PARAMETER               CURRENT GUESS       STEP         FIRST   
  NO.   NAME      VALUE            ERROR          SIZE      DERIVATIVE 
   1  N0           3.19034e+06     fixed    
   2  tau          6.43968e+01   constant   
   3  A0           3.47779e-01     fixed    
   4  phi          4.13210e+00     fixed    
   5  R           -6.01460e+01   constant   
   6  alpha_CBO    5.79022e-03     fixed    
   7  w_CBO        2.32500e+00   constant   
   8  beta_CBO     4.36446e-03     fixed    
   9  alpha_2CBO  -3.44836e-05     fixed    
  10  beta_2CBO    9.30145e-05   1.38401e-04   1.38401e-04  -4.05973e+03
  11  alpha_y      0.00000e+00   1.00000e-03   1.00000e-03   1.36313e+04
  12  w_y          1.44500e+01   constant   
  13  beta_y      -7.73831e-04     fixed    
  14  alpha_vw     0.00000e+00     fixed    
  15  w_vw         1.29000e+01   constant   
  16  beta_vw      0.00000e+00     fixed    
  17  LM          -1.51189e-04   constant   
  18  zeta_y       0.00000e+00   constant   
  19  zeta_vw      0.00000e+00   constant   
  20  T_CBO        9.99999e+02   7.09499e+02   8.48229e-07  -1.66874e-06
  21  alpha_A0    -5.63056e-04   6.54043e-04  -1.32256e-07   1.38472e-01
  22  beta_A0      6.55493e-04   5.95207e-04  -4.30846e-07   8.39791e-01
  23  alpha_phi   -1.76375e-03   5.10397e-04  -1.34133e-06   5.96178e-01
  24  beta_phi     2.95555e-03   5.83444e-04  -3.97044e-07  -7.63613e-01
 MIGRAD MINIMIZATION HAS CONVERGED.
 MIGRAD WILL VERIFY CONVERGENCE AND ERROR MATRIX.
 FCN=40.012 FROM MIGRAD    STATUS=CONVERGED     153 CALLS        1766 TOTAL
                     EDM=3.03625e-05    STRATEGY= 1      ERR MATRIX NOT POS-DEF
  EXT PARAMETER                APPROXIMATE        STEP         FIRST   
  NO.   NAME      VALUE            ERROR          SIZE      DERIVATIVE 
   1  N0           3.19034e+06     fixed    
   2  tau          6.43968e+01   constant   
   3  A0           3.47779e-01     fixed    
   4  phi          4.13210e+00     fixed    
   5  R           -6.01460e+01   constant   
   6  alpha_CBO    5.79022e-03     fixed    
   7  w_CBO        2.32500e+00   constant   
   8  beta_CBO     4.36446e-03     fixed    
   9  alpha_2CBO  -3.44836e-05     fixed    
  10  beta_2CBO    1.34882e-04   1.39288e-04   4.28410e-07   4.35989e-01
  11  alpha_y     -1.29222e-04   1.36296e-04   4.29482e-07   1.09353e+00
  12  w_y          1.44500e+01   constant   
  13  beta_y      -7.73831e-04     fixed    
  14  alpha_vw     0.00000e+00     fixed    
  15  w_vw         1.29000e+01   constant   
  16  beta_vw      0.00000e+00     fixed    
  17  LM          -1.51189e-04   constant   
  18  zeta_y       0.00000e+00   constant   
  19  zeta_vw      0.00000e+00   constant   
  20  T_CBO        9.99615e+02   9.49199e+02   1.00297e-01   3.35705e-05
  21  alpha_A0    -5.95724e-04   1.57332e-03   1.90010e-06   3.77552e-01
  22  beta_A0      6.71324e-04   1.79253e-03   1.83272e-06  -2.52917e-01
  23  alpha_phi   -1.76892e-03   4.26971e-03   1.62692e-06   4.59757e-01
  24  beta_phi     2.92279e-03   7.18053e-03   1.75914e-06  -9.64413e-01
 EXTERNAL ERROR MATRIX.    NDIM=  25    NPAR=  7    ERR DEF=1
  1.940e-08 -2.655e-10 -5.869e-02 -1.328e-09 -2.044e-09  2.065e-08 -5.265e-08 
 -2.655e-10  1.858e-08  9.289e-03  4.723e-10  1.540e-09 -4.167e-09  7.620e-09 
 -5.869e-02  9.289e-03  1.057e+08 -1.490e+01  1.740e+01 -4.356e+01  7.357e+01 
 -1.328e-09  4.723e-10 -1.490e+01  2.475e-06 -2.430e-06  6.136e-06 -1.040e-05 
 -2.044e-09  1.540e-09  1.740e+01 -2.430e-06  3.213e-06 -7.200e-06  1.208e-05 
  2.065e-08 -4.167e-09 -4.356e+01  6.136e-06 -7.200e-06  1.823e-05 -3.033e-05 
 -5.265e-08  7.620e-09  7.357e+01 -1.040e-05  1.208e-05 -3.033e-05  5.156e-05 
ERR MATRIX NOT POS-DEF
 PARAMETER  CORRELATION COEFFICIENTS  
       NO.  GLOBAL     10     11     20     21     22     23     24
       10  0.21935   1.000 -0.014 -0.041 -0.006 -0.008  0.035 -0.053
       11  0.02968  -0.014  1.000  0.007  0.002  0.006 -0.007  0.008
       20  0.99800  -0.041  0.007  1.000 -0.921  0.944 -0.993  0.997
       21  0.92372  -0.006  0.002 -0.921  1.000 -0.862  0.913 -0.921
       22  0.94595  -0.008  0.006  0.944 -0.862  1.000 -0.941  0.939
       23  0.99267   0.035 -0.007 -0.993  0.913 -0.941  1.000 -0.989
       24  0.99698  -0.053  0.008  0.997 -0.921  0.939 -0.989  1.000
 ERR MATRIX NOT POS-DEF
MINUIT - FIT ONLY 2-y
 **********
 **   67 **RES 
 **********
                   PARAMETER   16  beta_vw RESTORED TO VARIABLE.
                   PARAMETER   14  alpha_vw RESTORED TO VARIABLE.
                   PARAMETER   13  beta_y RESTORED TO VARIABLE.
                   PARAMETER    9  alpha_2CBO RESTORED TO VARIABLE.
                   PARAMETER    8  beta_CBO RESTORED TO VARIABLE.
                   PARAMETER    6  alpha_CBO RESTORED TO VARIABLE.
                   PARAMETER    4  phi RESTORED TO VARIABLE.
                   PARAMETER    3  A0 RESTORED TO VARIABLE.
                   PARAMETER    1  N0 RESTORED TO VARIABLE.
 **********
 **   68 **FIX            0
 **********
 PARAMETER    0  IS UNDEFINED. IGNORED.
 **********
 **   69 **FIX            1
 **********
 **********
 **   70 **FIX            2
 **********
 PARAMETER    2  IS CONSTANT.   IGNORED.
 **********
 **   71 **FIX            3
 **********
 **********
 **   72 **FIX            4
 **********
 **********
 **   73 **FIX            5
 **********
 PARAMETER    5  IS CONSTANT.   IGNORED.
 **********
 **   74 **FIX            6
 **********
 **********
 **   75 **FIX            7
 **********
 PARAMETER    7  IS CONSTANT.   IGNORED.
 **********
 **   76 **FIX            8
 **********
 **********
 **   77 **FIX            9
 **********
 **********
 **   78 **FIX           10
 **********
 **********
 **   79 **FIX           11
 **********
 **********
 **   80 **FIX           12
 **********
 PARAMETER   12  IS CONSTANT.   IGNORED.
 **********
 **   81 **FIX           16
 **********
 **********
 **   82 **MIGRAD
 **********
 START MIGRAD MINIMIZATION.  STRATEGY  1.  CONVERGENCE WHEN EDM .LT. 1.00e-04
 FCN=40.012 FROM MIGRAD    STATUS=INITIATE       18 CALLS        1784 TOTAL
                     EDM= unknown      STRATEGY= 1      NO ERROR MATRIX       
  EXT PARAMETER               CURRENT GUESS       STEP         FIRST   
  NO.   NAME      VALUE            ERROR          SIZE      DERIVATIVE 
   1  N0           3.19034e+06     fixed    
   2  tau          6.43968e+01   constant   
   3  A0           3.47779e-01     fixed    
   4  phi          4.13210e+00     fixed    
   5  R           -6.01460e+01   constant   
   6  alpha_CBO    5.79022e-03     fixed    
   7  w_CBO        2.32500e+00   constant   
   8  beta_CBO     4.36446e-03     fixed    
   9  alpha_2CBO  -3.44836e-05     fixed    
  10  beta_2CBO    1.34882e-04     fixed    
  11  alpha_y     -1.29222e-04     fixed    
  12  w_y          1.44500e+01   constant   
  13  beta_y      -7.73831e-04   1.35656e-04   1.35656e-04  -1.64068e+03
  14  alpha_vw     0.00000e+00   1.00000e-03   1.00000e-03  -4.44011e+03
  15  w_vw         1.29000e+01   constant   
  16  beta_vw      0.00000e+00     fixed    
  17  LM          -1.51189e-04   constant   
  18  zeta_y       0.00000e+00   constant   
  19  zeta_vw      0.00000e+00   constant   
  20  T_CBO        9.99615e+02   9.49199e+02   1.00297e-01  -1.01993e-04
  21  alpha_A0    -5.95724e-04   1.57332e-03   1.90010e-06   3.77561e-01
  22  beta_A0      6.71324e-04   1.79253e-03   1.83272e-06  -2.52945e-01
  23  alpha_phi   -1.76892e-03   4.26971e-03   1.62692e-06   4.59753e-01
  24  beta_phi     2.92279e-03   7.18053e-03   1.75914e-06  -9.64417e-01
 MIGRAD MINIMIZATION HAS CONVERGED.
 MIGRAD WILL VERIFY CONVERGENCE AND ERROR MATRIX.
 COVARIANCE MATRIX CALCULATED SUCCESSFULLY
 FCN=39.9106 FROM MIGRAD    STATUS=CONVERGED     107 CALLS        1873 TOTAL
                     EDM=5.93888e-06    STRATEGY= 1      ERROR MATRIX ACCURATE 
  EXT PARAMETER                                   STEP         FIRST   
  NO.   NAME      VALUE            ERROR          SIZE      DERIVATIVE 
   1  N0           3.19034e+06     fixed    
   2  tau          6.43968e+01   constant   
   3  A0           3.47779e-01     fixed    
   4  phi          4.13210e+00     fixed    
   5  R           -6.01460e+01   constant   
   6  alpha_CBO    5.79022e-03     fixed    
   7  w_CBO        2.32500e+00   constant   
   8  beta_CBO     4.36446e-03     fixed    
   9  alpha_2CBO  -3.44836e-05     fixed    
  10  beta_2CBO    1.34882e-04     fixed    
  11  alpha_y     -1.29222e-04     fixed    
  12  w_y          1.44500e+01   constant   
  13  beta_y      -7.61070e-04   1.36082e-04   4.24142e-07  -4.04171e+00
  14  alpha_vw     4.08501e-05   1.37275e-04   4.27723e-07  -9.99510e+00
  15  w_vw         1.29000e+01   constant   
  16  beta_vw      0.00000e+00     fixed    
  17  LM          -1.51189e-04   constant   
  18  zeta_y       0.00000e+00   constant   
  19  zeta_vw      0.00000e+00   constant   
  20  T_CBO        9.99982e+02   9.99991e+02   1.03672e-01  -5.96358e-06
  21  alpha_A0    -5.97647e-04   6.15625e-04   1.89761e-06   2.26904e+00
  22  beta_A0      6.68748e-04   5.97081e-04   1.83031e-06   2.48606e+00
  23  alpha_phi   -1.76911e-03   5.54922e-04   1.62478e-06  -2.20881e+00
  24  beta_phi     2.92596e-03   6.50105e-04   1.75682e-06  -2.55998e+00
 EXTERNAL ERROR MATRIX.    NDIM=  25    NPAR=  7    ERR DEF=1
  1.852e-08 -1.082e-09 -1.069e-05  5.412e-10  1.566e-09 -2.574e-10 -1.706e-09 
 -1.082e-09  1.884e-08  1.508e-05 -1.278e-09 -1.982e-09  1.556e-10  2.290e-09 
 -1.069e-05  1.508e-05  4.064e+04 -1.304e-02  1.499e-02 -3.775e-02  6.377e-02 
  5.412e-10 -1.278e-09 -1.304e-02  3.790e-07  2.379e-08  1.340e-09 -5.420e-08 
  1.566e-09 -1.982e-09  1.499e-02  2.379e-08  3.565e-07 -3.989e-08 -9.591e-09 
 -2.574e-10  1.556e-10 -3.775e-02  1.340e-09 -3.989e-08  3.079e-07 -5.052e-08 
 -1.706e-09  2.290e-09  6.377e-02 -5.420e-08 -9.591e-09 -5.052e-08  4.226e-07 
 PARAMETER  CORRELATION COEFFICIENTS  
       NO.  GLOBAL     13     14     20     21     22     23     24
       13  0.06350   1.000 -0.058 -0.000  0.006  0.019 -0.003 -0.019
       14  0.06835  -0.058  1.000  0.001 -0.015 -0.024  0.002  0.026
       20  0.56923  -0.000  0.001  1.000 -0.105  0.125 -0.337  0.487
       21  0.16093   0.006 -0.015 -0.105  1.000  0.065  0.004 -0.135
       22  0.19132   0.019 -0.024  0.125  0.065  1.000 -0.120 -0.025
       23  0.34797  -0.003  0.002 -0.337  0.004 -0.120  1.000 -0.140
       24  0.50129  -0.019  0.026  0.487 -0.135 -0.025 -0.140  1.000
MINUIT - FIT ALTOGETHER
 **********
 **   83 **RES 
 **********
                   PARAMETER   16  beta_vw RESTORED TO VARIABLE.
