 + ++++++++++++++++++++++++++++++++++++++++++++++++++++++++++++++++++++ +
 +                                                                      +
 +           You have chose to blind your fitting according to          +
 +                omega_ref * (1 + (R +/- deltaR) *10^{-6})             +
 +                                                                      +
 + ++++++++++++++++++++++++++++++++++++++++++++++++++++++++++++++++++++ +
In main()...
reading format from /gm2data/zkhechad/run45/envelope/formats/formatB_sBin_constraintOn.txt
pBinTau 	= 0  
pBinPhi 	= 0  
constraintau 	= 1 
includeMopTerm 	= 0    
constrainMop    = 0   
Parameters after format file: pBinTau 0 pBinPhi 0 constraintau 1 includeMopTerm 0 constrainMop 0 c_e_scale 0.000000 
Opening file /gm2data/tbarrett/gm2fr/studies/run23_bunch_corrections/CorrectedFourier_Run3b.root.
reading full fit data from /gm2data/zkhechad/cboTemplates/Run4CBOTemplates/fullFits/noRF/sBin_constraintOn_cE0.0_seed0_noRF_calo20.root
windowBins = 69
fitting sliding window 770 from bin 906 at 135.026000 to bin 975 at 145.470000 (69 bins)

Reading data from /gm2data/cornell/histograms/aMethod/histogram_a_noRF.root
 **********
 **    1 **SET PRINTOUT            1
 **********
 **********
 **    2 **SET NOWARNINGS 
 **********
 PARAMETER DEFINITIONS:
    NO.   NAME         VALUE      STEP SIZE      LIMITS
     1 N0           3.28956e+06  1.00000e+02     no limits
     2 tau          6.44008e+01  constant
     3 A0           3.64481e-01  1.00000e-04     no limits
     4 phi          4.11985e+00  1.00000e-02     no limits
     5 R           -6.04681e+01  constant
     6 alpha_CBO    0.00000e+00  1.00000e-03     no limits
     7 w_CBO        2.32500e+00  constant
     8 beta_CBO     0.00000e+00  1.00000e-03     no limits
     9 alpha_2CBO   0.00000e+00  1.00000e-03     no limits
    10 beta_2CBO    0.00000e+00  1.00000e-03     no limits
    11 alpha_y      0.00000e+00  1.00000e-03     no limits
    12 w_y          1.38860e+01  constant
    13 beta_y       0.00000e+00  1.00000e-03     no limits
    14 alpha_vw     0.00000e+00  1.00000e-03     no limits
    15 w_vw         1.43404e+01  constant
    16 beta_vw      0.00000e+00  1.00000e-03     no limits
    17 LM          -2.11005e-04  constant
    18 zeta_y       0.00000e+00  constant
    19 zeta_vw      0.00000e+00  constant
    20 T_CBO        1.00000e+02  1.00000e+00    0.00000e+00  1.00000e+03
    21 alpha_A0     0.00000e+00  1.00000e-03     no limits
    22 beta_A0      0.00000e+00  1.00000e-03     no limits
    23 alpha_phi    0.00000e+00  1.00000e-03     no limits
    24 beta_phi     0.00000e+00  1.00000e-03     no limits
MINUIT - FIT ONLY WIGGLE
 **********
 **    3 **FIX            5
 **********
 PARAMETER    5  IS CONSTANT.   IGNORED.
 **********
 **    4 **FIX            6
 **********
 **********
 **    5 **FIX            7
 **********
 PARAMETER    7  IS CONSTANT.   IGNORED.
 **********
 **    6 **FIX            8
 **********
 **********
 **    7 **FIX            9
 **********
 **********
 **    8 **FIX           10
 **********
 **********
 **    9 **FIX           11
 **********
 **********
 **   10 **FIX           12
 **********
 PARAMETER   12  IS CONSTANT.   IGNORED.
 **********
 **   11 **FIX           13
 **********
 **********
 **   12 **FIX           14
 **********
 **********
 **   13 **FIX           15
 **********
 PARAMETER   15  IS CONSTANT.   IGNORED.
 **********
 **   14 **FIX           16
 **********
 **********
 **   15 **MIGRAD
 **********
 FIRST CALL TO USER FUNCTION AT NEW START POINT, WITH IFLAG=4.
 START MIGRAD MINIMIZATION.  STRATEGY  1.  CONVERGENCE WHEN EDM .LT. 1.00e-04
 FCN=549.936 FROM MIGRAD    STATUS=INITIATE      437 CALLS         438 TOTAL
                     EDM= unknown      STRATEGY= 1      NO ERROR MATRIX       
  EXT PARAMETER               CURRENT GUESS       STEP         FIRST   
  NO.   NAME      VALUE            ERROR          SIZE      DERIVATIVE 
   1  N0           3.28956e+06   1.00000e+02   0.00000e+00  -3.97570e-03
   2  tau          6.44008e+01   constant   
   3  A0           3.64481e-01   1.00000e-04   0.00000e+00  -1.66826e+04
   4  phi          4.11985e+00   1.00000e-02   0.00000e+00  -2.67375e+04
   5  R           -6.04681e+01   constant   
   6  alpha_CBO    0.00000e+00     fixed    
   7  w_CBO        2.32500e+00   constant   
   8  beta_CBO     0.00000e+00     fixed    
   9  alpha_2CBO   0.00000e+00     fixed    
  10  beta_2CBO    0.00000e+00     fixed    
  11  alpha_y      0.00000e+00     fixed    
  12  w_y          1.38860e+01   constant   
  13  beta_y       0.00000e+00     fixed    
  14  alpha_vw     0.00000e+00     fixed    
  15  w_vw         1.43404e+01   constant   
  16  beta_vw      0.00000e+00     fixed    
  17  LM          -2.11005e-04   constant   
  18  zeta_y       0.00000e+00   constant   
  19  zeta_vw      0.00000e+00   constant   
  20  T_CBO        1.00000e+02   1.00000e+00   0.00000e+00   0.00000e+00
  21  alpha_A0     0.00000e+00   1.00000e-03   0.00000e+00  -9.99403e+02
  22  beta_A0      0.00000e+00   1.00000e-03   0.00000e+00   5.24471e+02
  23  alpha_phi    0.00000e+00   1.00000e-03   0.00000e+00   4.89918e+03
  24  beta_phi     0.00000e+00   1.00000e-03   0.00000e+00   2.88761e+03
 CALL LIMIT EXCEEDED IN MIGRAD.
 MIGRAD TERMINATED WITHOUT CONVERGENCE.
 FCN=454.937 FROM MIGRAD    STATUS=CALL LIMIT   1324 CALLS        1325 TOTAL
                     EDM=0.00439418    STRATEGY= 1  ERROR MATRIX UNCERTAINTY   1.8 per cent
  EXT PARAMETER                APPROXIMATE        STEP         FIRST   
  NO.   NAME      VALUE            ERROR          SIZE      DERIVATIVE 
   1  N0           3.29017e+06   4.37401e+02   5.19556e+00   9.85554e-06
   2  tau          6.44008e+01   constant   
   3  A0           3.64830e-01   1.60395e-04   1.78169e-06   9.81484e+00
   4  phi          4.12280e+00   4.76905e-04  -5.26402e-06   6.09130e+01
   5  R           -6.04681e+01   constant   
   6  alpha_CBO    0.00000e+00     fixed    
   7  w_CBO        2.32500e+00   constant   
   8  beta_CBO     0.00000e+00     fixed    
   9  alpha_2CBO   0.00000e+00     fixed    
  10  beta_2CBO    0.00000e+00     fixed    
  11  alpha_y      0.00000e+00     fixed    
  12  w_y          1.38860e+01   constant   
  13  beta_y       0.00000e+00     fixed    
  14  alpha_vw     0.00000e+00     fixed    
  15  w_vw         1.43404e+01   constant   
  16  beta_vw      0.00000e+00     fixed    
  17  LM          -2.11005e-04   constant   
  18  zeta_y       0.00000e+00   constant   
  19  zeta_vw      0.00000e+00   constant   
  20  T_CBO        3.95729e+01   1.76425e+01  -5.70085e-03  -1.21656e+01
  21  alpha_A0     5.96569e-02   9.07649e-02   5.48681e-03   5.82108e+00
  22  beta_A0     -4.53389e-02   6.76500e-02  -4.07737e-03  -4.61050e-02
  23  alpha_phi   -1.08228e-01   1.55990e-01  -9.35620e-03   5.99512e+00
  24  beta_phi    -8.53448e-02   1.23187e-01  -7.41472e-03   6.42633e+00
 EXTERNAL ERROR MATRIX.    NDIM=  25    NPAR=  8    ERR DEF=1
  1.913e+05  1.445e-02 -1.675e-02 -4.675e+02  2.083e+00 -2.191e+00 -5.555e+00 -3.953e+00 
  1.445e-02  2.573e-08  7.667e-10 -4.618e-04  2.544e-06 -1.880e-06 -4.207e-06 -3.406e-06 
 -1.675e-02  7.667e-10  2.274e-07  8.652e-04 -3.589e-06  3.065e-06  8.387e-06  6.140e-06 
 -4.675e+02 -4.618e-04  8.652e-04  3.121e+02 -1.591e+00  1.190e+00  2.746e+00  2.169e+00 
  2.083e+00  2.544e-06 -3.589e-06 -1.591e+00  8.238e-03 -6.122e-03 -1.403e-02 -1.113e-02 
 -2.191e+00 -1.880e-06  3.065e-06  1.190e+00 -6.122e-03  4.577e-03  1.052e-02  8.323e-03 
 -5.555e+00 -4.207e-06  8.387e-06  2.746e+00 -1.403e-02  1.052e-02  2.433e-02  1.919e-02 
 -3.953e+00 -3.406e-06  6.140e-06  2.169e+00 -1.113e-02  8.323e-03  1.919e-02  1.517e-02 
ERR MATRIX APPROXIMATE
 PARAMETER  CORRELATION COEFFICIENTS  
       NO.  GLOBAL      1      3      4     20     21     22     23     24
        1  0.38332   1.000  0.206 -0.080 -0.061  0.052 -0.074 -0.081 -0.073
        3  0.29293   0.206  1.000  0.010 -0.163  0.175 -0.173 -0.168 -0.172
        4  0.25852  -0.080  0.010  1.000  0.103 -0.083  0.095  0.113  0.105
       20  0.99718  -0.061 -0.163  0.103  1.000 -0.992  0.996  0.996  0.997
       21  0.99832   0.052  0.175 -0.083 -0.992  1.000 -0.997 -0.991 -0.995
       22  0.99925  -0.074 -0.173  0.095  0.996 -0.997  1.000  0.997  0.999
       23  0.99941  -0.081 -0.168  0.113  0.996 -0.991  0.997  1.000  0.999
       24  0.99968  -0.073 -0.172  0.105  0.997 -0.995  0.999  0.999  1.000
 ERR MATRIX APPROXIMATE
MINUIT - FIT ONLY 1-CBO + wiggle
 **********
 **   16 **RES 
 **********
                   PARAMETER   16  beta_vw RESTORED TO VARIABLE.
                   PARAMETER   14  alpha_vw RESTORED TO VARIABLE.
                   PARAMETER   13  beta_y RESTORED TO VARIABLE.
                   PARAMETER   11  alpha_y RESTORED TO VARIABLE.
                   PARAMETER   10  beta_2CBO RESTORED TO VARIABLE.
                   PARAMETER    9  alpha_2CBO RESTORED TO VARIABLE.
                   PARAMETER    8  beta_CBO RESTORED TO VARIABLE.
                   PARAMETER    6  alpha_CBO RESTORED TO VARIABLE.
 **********
 **   17 **FIX            8
 **********
 **********
 **   18 **FIX            9
 **********
 **********
 **   19 **FIX           11
 **********
 **********
 **   20 **FIX           12
 **********
 PARAMETER   12  IS CONSTANT.   IGNORED.
 **********
 **   21 **FIX           14
 **********
 **********
 **   22 **FIX           15
 **********
 PARAMETER   15  IS CONSTANT.   IGNORED.
 **********
 **   23 **FIX           16
 **********
 **********
 **   24 **MIGRAD
 **********
 START MIGRAD MINIMIZATION.  STRATEGY  1.  CONVERGENCE WHEN EDM .LT. 1.00e-04
 FCN=454.937 FROM MIGRAD    STATUS=INITIATE       28 CALLS        1353 TOTAL
                     EDM= unknown      STRATEGY= 1      NO ERROR MATRIX       
  EXT PARAMETER               CURRENT GUESS       STEP         FIRST   
  NO.   NAME      VALUE            ERROR          SIZE      DERIVATIVE 
   1  N0           3.29017e+06   4.37401e+02   5.19556e+00   9.85554e-06
   2  tau          6.44008e+01   constant   
   3  A0           3.64830e-01   1.60395e-04   1.78169e-06   9.81484e+00
   4  phi          4.12280e+00   4.76905e-04  -5.26402e-06   6.09130e+01
   5  R           -6.04681e+01   constant   
   6  alpha_CBO    0.00000e+00   1.00000e-03   1.00000e-03  -1.26324e+05
   7  w_CBO        2.32500e+00   constant   
   8  beta_CBO     0.00000e+00     fixed    
   9  alpha_2CBO   0.00000e+00     fixed    
  10  beta_2CBO    0.00000e+00   1.00000e-03   1.00000e-03   9.30486e+03
  11  alpha_y      0.00000e+00     fixed    
  12  w_y          1.38860e+01   constant   
  13  beta_y       0.00000e+00   1.00000e-03   1.00000e-03  -2.34266e+04
  14  alpha_vw     0.00000e+00     fixed    
  15  w_vw         1.43404e+01   constant   
  16  beta_vw      0.00000e+00     fixed    
  17  LM          -2.11005e-04   constant   
  18  zeta_y       0.00000e+00   constant   
  19  zeta_vw      0.00000e+00   constant   
  20  T_CBO        3.95729e+01   1.76425e+01  -5.70085e-03  -1.21657e+01
  21  alpha_A0     5.96569e-02   9.07649e-02   5.48681e-03   5.82108e+00
  22  beta_A0     -4.53389e-02   6.76500e-02  -4.07737e-03  -4.61048e-02
  23  alpha_phi   -1.08228e-01   1.55990e-01  -9.35620e-03   5.99512e+00
  24  beta_phi    -8.53448e-02   1.23187e-01  -7.41472e-03   6.42633e+00
 CALL LIMIT EXCEEDED IN MIGRAD.
 MIGRAD TERMINATED WITHOUT CONVERGENCE.
 FCN=313.338 FROM MIGRAD    STATUS=CALL LIMIT   1920 CALLS        3245 TOTAL
                     EDM=0.00171965    STRATEGY= 1  ERROR MATRIX UNCERTAINTY   1.0 per cent
  EXT PARAMETER                APPROXIMATE        STEP         FIRST   
  NO.   NAME      VALUE            ERROR          SIZE      DERIVATIVE 
   1  N0           3.29000e+06   4.31565e+02  -5.43077e+00   1.37512e-05
   2  tau          6.44008e+01   constant   
   3  A0           3.64562e-01   1.56571e-04   2.02745e-06   7.48362e+01
   4  phi          4.12192e+00   4.78973e-04   1.56017e-06  -3.35272e+00
   5  R           -6.04681e+01   constant   
   6  alpha_CBO    2.14447e-03   1.83586e-04   9.67713e-07  -1.00316e+02
   7  w_CBO        2.32500e+00   constant   
   8  beta_CBO     0.00000e+00     fixed    
   9  alpha_2CBO   0.00000e+00     fixed    
  10  beta_2CBO   -2.12829e-04   1.77118e-04   9.23100e-07  -8.64435e+00
  11  alpha_y      0.00000e+00     fixed    
  12  w_y          1.38860e+01   constant   
  13  beta_y       3.93302e-04   1.78505e-04   4.25193e-06  -4.78055e+01
  14  alpha_vw     0.00000e+00     fixed    
  15  w_vw         1.43404e+01   constant   
  16  beta_vw      0.00000e+00     fixed    
  17  LM          -2.11005e-04   constant   
  18  zeta_y       0.00000e+00   constant   
  19  zeta_vw      0.00000e+00   constant   
  20  T_CBO        1.57483e+01   3.05769e+00  -1.51474e-03  -3.17341e+01
  21  alpha_A0     7.26353e+00   1.20955e+01   7.14883e-01   3.18468e-02
  22  beta_A0     -7.51056e+00   1.11056e+01  -6.59188e-01   4.00671e-03
  23  alpha_phi   -1.22963e+01   1.77074e+01  -1.05043e+00   3.64862e-02
  24  beta_phi    -1.51772e+01   2.49494e+01  -1.47611e+00   2.14180e-02
 EXTERNAL ERROR MATRIX.    NDIM=  25    NPAR= 11    ERR DEF=1
  1.862e+05 
  1.082e-02  2.451e-08 
 -9.260e-03  5.194e-09  2.294e-07 
 -4.479e-03 -4.875e-09 -1.165e-08  3.370e-08 
 -4.986e-03  1.024e-09  3.972e-10 -1.493e-09  3.137e-08 
  5.709e-04  3.064e-10  7.337e-10  5.623e-10 -1.848e-11  3.186e-08 
  1.613e+02 -6.292e-05 -6.337e-06 -3.517e-05 -9.642e-06 -3.309e-05  9.351e+00 
 -6.985e+02  3.063e-04  1.089e-04  1.032e-04  5.720e-05  1.657e-04 -3.661e+01  1.463e+02 
  5.428e+02 -2.745e-04 -4.372e-05 -7.874e-05 -4.483e-05 -1.504e-04  3.379e+01 -1.336e+02  1.233e+02 
  8.273e+02 -4.340e-04 -4.433e-05 -1.184e-04 -6.790e-05 -2.388e-04  5.386e+01 -2.125e+02  1.966e+02  3.136e+02 
  1.413e+03 -6.294e-04 -2.060e-04 -2.086e-04 -1.158e-04 -3.415e-04  7.562e+01 -3.017e+02  2.760e+02  4.390e+02  6.225e+02 
ERR MATRIX APPROXIMATE
 PARAMETER  CORRELATION COEFFICIENTS  
       NO.  GLOBAL      1      3      4      6     10     13     20     21     22     23     24
        1  0.32466   1.000  0.160 -0.045 -0.057 -0.065  0.007  0.122 -0.134  0.113  0.108  0.131
        3  0.38225   0.160  1.000  0.069 -0.170  0.037  0.011 -0.131  0.162 -0.158 -0.157 -0.161
        4  0.22882  -0.045  0.069  1.000 -0.132  0.005  0.009 -0.004  0.019 -0.008 -0.005 -0.017
        6  0.33205  -0.057 -0.170 -0.132  1.000 -0.046  0.017 -0.063  0.046 -0.039 -0.036 -0.046
       10  0.11698  -0.065  0.037  0.005 -0.046  1.000 -0.001 -0.018  0.027 -0.023 -0.022 -0.026
       13  0.17809   0.007  0.011  0.009  0.017 -0.001  1.000 -0.061  0.077 -0.076 -0.076 -0.077
       20  0.99562   0.122 -0.131 -0.004 -0.063 -0.018 -0.061  1.000 -0.990  0.995  0.995  0.991
       21  1.00000  -0.134  0.162  0.019  0.046  0.027  0.077 -0.990  1.000 -0.995 -0.992 -1.000
       22  1.00000   0.113 -0.158 -0.008 -0.039 -0.023 -0.076  0.995 -0.995  1.000  1.000  0.996
       23  0.99999   0.108 -0.157 -0.005 -0.036 -0.022 -0.076  0.995 -0.992  1.000  1.000  0.994
       24  1.00000   0.131 -0.161 -0.017 -0.046 -0.026 -0.077  0.991 -1.000  0.996  0.994  1.000
 ERR MATRIX APPROXIMATE
MINUIT - FIT ONLY 2-CBO
 **********
 **   25 **RES 
 **********
                   PARAMETER   16  beta_vw RESTORED TO VARIABLE.
                   PARAMETER   14  alpha_vw RESTORED TO VARIABLE.
                   PARAMETER   11  alpha_y RESTORED TO VARIABLE.
                   PARAMETER    9  alpha_2CBO RESTORED TO VARIABLE.
                   PARAMETER    8  beta_CBO RESTORED TO VARIABLE.
 **********
 **   26 **FIX            0
 **********
 PARAMETER    0  IS UNDEFINED. IGNORED.
 **********
 **   27 **FIX            1
 **********
 **********
 **   28 **FIX            2
 **********
 PARAMETER    2  IS CONSTANT.   IGNORED.
 **********
 **   29 **FIX            3
 **********
 **********
 **   30 **FIX            4
 **********
 **********
 **   31 **FIX            5
 **********
 PARAMETER    5  IS CONSTANT.   IGNORED.
 **********
 **   32 **FIX            6
 **********
 **********
 **   33 **FIX            7
 **********
 PARAMETER    7  IS CONSTANT.   IGNORED.
 **********
 **   34 **FIX           10
 **********
 **********
 **   35 **FIX           11
 **********
 **********
 **   36 **FIX           12
 **********
 PARAMETER   12  IS CONSTANT.   IGNORED.
 **********
 **   37 **FIX           13
 **********
 **********
 **   38 **FIX           14
 **********
 **********
 **   39 **FIX           15
 **********
 PARAMETER   15  IS CONSTANT.   IGNORED.
 **********
 **   40 **FIX           16
 **********
 **********
 **   41 **MIGRAD
 **********
 START MIGRAD MINIMIZATION.  STRATEGY  1.  CONVERGENCE WHEN EDM .LT. 1.00e-04
 FCN=313.338 FROM MIGRAD    STATUS=INITIATE       18 CALLS        3263 TOTAL
                     EDM= unknown      STRATEGY= 1      NO ERROR MATRIX       
  EXT PARAMETER               CURRENT GUESS       STEP         FIRST   
  NO.   NAME      VALUE            ERROR          SIZE      DERIVATIVE 
   1  N0           3.29000e+06     fixed    
   2  tau          6.44008e+01   constant   
   3  A0           3.64562e-01     fixed    
   4  phi          4.12192e+00     fixed    
   5  R           -6.04681e+01   constant   
   6  alpha_CBO    2.14447e-03     fixed    
   7  w_CBO        2.32500e+00   constant   
   8  beta_CBO     0.00000e+00   1.00000e-03   1.00000e-03  -1.69708e+05
   9  alpha_2CBO   0.00000e+00   1.00000e-03   1.00000e-03   4.19716e+03
  10  beta_2CBO   -2.12829e-04     fixed    
  11  alpha_y      0.00000e+00     fixed    
  12  w_y          1.38860e+01   constant   
  13  beta_y       3.93302e-04     fixed    
  14  alpha_vw     0.00000e+00     fixed    
  15  w_vw         1.43404e+01   constant   
  16  beta_vw      0.00000e+00     fixed    
  17  LM          -2.11005e-04   constant   
  18  zeta_y       0.00000e+00   constant   
  19  zeta_vw      0.00000e+00   constant   
  20  T_CBO        1.57483e+01   3.05769e+00  -1.51474e-03  -3.17341e+01
  21  alpha_A0     7.26353e+00   1.20955e+01   7.14883e-01   3.18468e-02
  22  beta_A0     -7.51056e+00   1.11056e+01  -6.59188e-01   4.00671e-03
  23  alpha_phi   -1.22963e+01   1.77074e+01  -1.05043e+00   3.64862e-02
  24  beta_phi    -1.51772e+01   2.49494e+01  -1.47611e+00   2.14180e-02
 CALL LIMIT EXCEEDED IN MIGRAD.
 MIGRAD TERMINATED WITHOUT CONVERGENCE.
 FCN=75.1279 FROM MIGRAD    STATUS=CALL LIMIT   1156 CALLS        4401 TOTAL
                     EDM=0.120372    STRATEGY= 1  ERROR MATRIX UNCERTAINTY  20.7 per cent
  EXT PARAMETER                APPROXIMATE        STEP         FIRST   
  NO.   NAME      VALUE            ERROR          SIZE      DERIVATIVE 
   1  N0           3.29000e+06     fixed    
   2  tau          6.44008e+01   constant   
   3  A0           3.64562e-01     fixed    
   4  phi          4.12192e+00     fixed    
   5  R           -6.04681e+01   constant   
   6  alpha_CBO    2.14447e-03     fixed    
   7  w_CBO        2.32500e+00   constant   
   8  beta_CBO     2.79165e-03   1.68659e-04  -3.31166e-06   1.00842e+02
   9  alpha_2CBO  -8.28913e-05   1.69700e-04  -2.11953e-06  -2.72011e+02
  10  beta_2CBO   -2.12829e-04     fixed    
  11  alpha_y      0.00000e+00     fixed    
  12  w_y          1.38860e+01   constant   
  13  beta_y       3.93302e-04     fixed    
  14  alpha_vw     0.00000e+00     fixed    
  15  w_vw         1.43404e+01   constant   
  16  beta_vw      0.00000e+00     fixed    
  17  LM          -2.11005e-04   constant   
  18  zeta_y       0.00000e+00   constant   
  19  zeta_vw      0.00000e+00   constant   
  20  T_CBO        5.56211e+01   1.79786e+01   4.21974e-03  -6.15840e+00
  21  alpha_A0     1.00343e-02   1.59968e-02  -6.67919e-04  -2.53976e+01
  22  beta_A0     -1.21342e-02   1.65940e-02  -2.66469e-04   7.47022e+00
  23  alpha_phi   -1.81606e-02   1.58080e-02  -1.60046e-04  -9.31173e+00
  24  beta_phi     1.52014e-03   9.88150e-03  -4.62787e-04  -2.71440e+01
 EXTERNAL ERROR MATRIX.    NDIM=  25    NPAR=  7    ERR DEF=1
  2.845e-08  1.822e-09 -1.951e-04 -5.228e-08 -4.923e-08 -1.379e-07  3.560e-07 
  1.822e-09  2.880e-08 -4.130e-05 -1.727e-07  2.532e-07 -1.883e-07 -2.789e-09 
 -1.951e-04 -4.130e-05  3.239e+02 -2.367e-01  2.286e-01  2.407e-01 -7.653e-02 
 -5.228e-08 -1.727e-07 -2.367e-01  2.559e-04 -1.740e-04 -1.824e-04  3.447e-07 
 -4.923e-08  2.532e-07  2.286e-01 -1.740e-04  2.754e-04  1.430e-04 -2.254e-05 
 -1.379e-07 -1.883e-07  2.407e-01 -1.824e-04  1.430e-04  2.499e-04 -6.951e-05 
  3.560e-07 -2.789e-09 -7.653e-02  3.447e-07 -2.254e-05 -6.951e-05  9.764e-05 
ERR MATRIX APPROXIMATE
 PARAMETER  CORRELATION COEFFICIENTS  
       NO.  GLOBAL      8      9     20     21     22     23     24
        8  0.23737   1.000  0.064 -0.064 -0.019 -0.018 -0.052  0.214
        9  0.32450   0.064  1.000 -0.014 -0.064  0.090 -0.070 -0.002
       20  0.96268  -0.064 -0.014  1.000 -0.822  0.766  0.846 -0.430
       21  0.92514  -0.019 -0.064 -0.822  1.000 -0.655 -0.721  0.002
       22  0.82347  -0.018  0.090  0.766 -0.655  1.000  0.545 -0.137
       23  0.87272  -0.052 -0.070  0.846 -0.721  0.545  1.000 -0.445
       24  0.82446   0.214 -0.002 -0.430  0.002 -0.137 -0.445  1.000
 ERR MATRIX APPROXIMATE
MINUIT - FIT wiggle + 1-CBO + 2-CBO
 **********
 **   42 **RES 
 **********
                   PARAMETER   16  beta_vw RESTORED TO VARIABLE.
                   PARAMETER   14  alpha_vw RESTORED TO VARIABLE.
                   PARAMETER   13  beta_y RESTORED TO VARIABLE.
                   PARAMETER   11  alpha_y RESTORED TO VARIABLE.
                   PARAMETER   10  beta_2CBO RESTORED TO VARIABLE.
                   PARAMETER    6  alpha_CBO RESTORED TO VARIABLE.
                   PARAMETER    4  phi RESTORED TO VARIABLE.
                   PARAMETER    3  A0 RESTORED TO VARIABLE.
                   PARAMETER    1  N0 RESTORED TO VARIABLE.
 **********
 **   43 **FIX           10
 **********
 **********
 **   44 **FIX           11
 **********
 **********
 **   45 **FIX           12
 **********
 PARAMETER   12  IS CONSTANT.   IGNORED.
 **********
 **   46 **FIX           13
 **********
 **********
 **   47 **FIX           14
 **********
 **********
 **   48 **FIX           15
 **********
 PARAMETER   15  IS CONSTANT.   IGNORED.
 **********
 **   49 **FIX           16
 **********
 **********
 **   50 **MIGRAD
 **********
 START MIGRAD MINIMIZATION.  STRATEGY  1.  CONVERGENCE WHEN EDM .LT. 1.00e-04
 FCN=75.1279 FROM MIGRAD    STATUS=INITIATE       22 CALLS        4423 TOTAL
                     EDM= unknown      STRATEGY= 1      NO ERROR MATRIX       
  EXT PARAMETER               CURRENT GUESS       STEP         FIRST   
  NO.   NAME      VALUE            ERROR          SIZE      DERIVATIVE 
   1  N0           3.29000e+06   4.31565e+02   4.31565e+02   9.43510e-04
   2  tau          6.44008e+01   constant   
   3  A0           3.64562e-01   1.56571e-04   1.56571e-04  -7.12420e+03
   4  phi          4.12192e+00   4.78973e-04   4.78973e-04   1.29468e+04
   5  R           -6.04681e+01   constant   
   6  alpha_CBO    2.14447e-03   1.83586e-04   1.83586e-04   3.89918e+03
   7  w_CBO        2.32500e+00   constant   
   8  beta_CBO     2.79165e-03   1.68659e-04  -3.31166e-06   1.00842e+02
   9  alpha_2CBO  -8.28913e-05   1.69700e-04  -2.11953e-06  -2.72011e+02
  10  beta_2CBO   -2.12829e-04     fixed    
  11  alpha_y      0.00000e+00     fixed    
  12  w_y          1.38860e+01   constant   
  13  beta_y       3.93302e-04     fixed    
  14  alpha_vw     0.00000e+00     fixed    
  15  w_vw         1.43404e+01   constant   
  16  beta_vw      0.00000e+00     fixed    
  17  LM          -2.11005e-04   constant   
  18  zeta_y       0.00000e+00   constant   
  19  zeta_vw      0.00000e+00   constant   
  20  T_CBO        5.56211e+01   1.79786e+01   4.21974e-03  -6.15840e+00
  21  alpha_A0     1.00343e-02   1.59968e-02  -6.67919e-04  -2.53976e+01
  22  beta_A0     -1.21342e-02   1.65940e-02  -2.66469e-04   7.47022e+00
  23  alpha_phi   -1.81606e-02   1.58080e-02  -1.60046e-04  -9.31173e+00
  24  beta_phi     1.52014e-03   9.88150e-03  -4.62787e-04  -2.71440e+01
 MIGRAD MINIMIZATION HAS CONVERGED.
 FCN=64.9362 FROM MIGRAD    STATUS=CONVERGED    1438 CALLS        5839 TOTAL
                     EDM=8.70852e-06    STRATEGY= 1  ERROR MATRIX UNCERTAINTY   0.2 per cent
  EXT PARAMETER                                   STEP         FIRST   
  NO.   NAME      VALUE            ERROR          SIZE      DERIVATIVE 
   1  N0           3.29003e+06   4.20290e+02   2.27569e-01   3.19705e-06
   2  tau          6.44008e+01   constant   
   3  A0           3.64622e-01   1.56317e-04   1.27157e-07  -5.60034e+00
   4  phi          4.12047e+00   4.75608e-04   3.51281e-07   2.18443e+00
   5  R           -6.04681e+01   constant   
   6  alpha_CBO    2.14539e-03   1.73830e-04   2.75987e-07  -3.75718e+00
   7  w_CBO        2.32500e+00   constant   
   8  beta_CBO     2.92373e-03   1.76861e-04   2.38756e-07   3.14547e+00
   9  alpha_2CBO  -5.03052e-05   1.70143e-04   2.72354e-07   7.91056e+00
  10  beta_2CBO   -2.12829e-04     fixed    
  11  alpha_y      0.00000e+00     fixed    
  12  w_y          1.38860e+01   constant   
  13  beta_y       3.93302e-04     fixed    
  14  alpha_vw     0.00000e+00     fixed    
  15  w_vw         1.43404e+01   constant   
  16  beta_vw      0.00000e+00     fixed    
  17  LM          -2.11005e-04   constant   
  18  zeta_y       0.00000e+00   constant   
  19  zeta_vw      0.00000e+00   constant   
  20  T_CBO        9.99862e+02   6.04930e+02   1.12019e-01  -2.54525e-04
  21  alpha_A0     6.89774e-04   8.98844e-04  -1.69208e-06  -2.09836e+00
  22  beta_A0     -9.95473e-04   8.51198e-04   2.52011e-07  -9.63794e-01
  23  alpha_phi   -1.75131e-03   7.04830e-04   4.24490e-06   7.10189e+00
  24  beta_phi     4.49775e-04   7.30147e-04   2.36477e-06   1.40211e+00
 EXTERNAL ERROR MATRIX.    NDIM=  25    NPAR= 11    ERR DEF=1
  1.766e+05 
  1.278e-02  2.443e-08 
 -7.103e-03  1.750e-09  2.262e-07 
 -4.955e-03 -2.738e-09 -1.008e-08  3.022e-08 
 -8.669e-04  4.357e-10 -1.752e-08 -4.705e-10  3.128e-08 
  3.464e-03  4.081e-11 -4.838e-09  1.023e-09  2.262e-09  2.895e-08 
  3.385e+02  3.811e-04  8.637e-04  6.763e-04  4.433e-04  5.701e-04  2.505e+04 
 -4.348e-02  8.507e-09  7.667e-08 -1.197e-08 -9.238e-09 -1.988e-08 -1.159e-02  8.079e-07 
 -5.399e-02 -8.143e-09 -5.116e-08  4.643e-09  6.561e-09  2.291e-08  1.437e-02 -1.747e-07  7.245e-07 
 -4.439e-02 -1.437e-09  1.189e-08  2.112e-08 -6.149e-10 -1.663e-08  3.031e-02  7.208e-08 -6.542e-08  4.968e-07 
  1.676e-02 -8.616e-09 -3.716e-08  3.885e-09  3.023e-08 -2.381e-09 -1.101e-03 -8.942e-08  8.791e-08 -3.995e-08  5.331e-07 
 PARAMETER  CORRELATION COEFFICIENTS  
       NO.  GLOBAL      1      3      4      6      8      9     20     21     22     23     24
        1  0.34439   1.000  0.195 -0.036 -0.068 -0.012  0.048  0.005 -0.115 -0.151 -0.150  0.055
        3  0.24303   0.195  1.000  0.024 -0.101  0.016  0.002  0.015  0.061 -0.061 -0.013 -0.075
        4  0.30751  -0.036  0.024  1.000 -0.122 -0.208 -0.060  0.011  0.179 -0.126  0.035 -0.107
        6  0.25975  -0.068 -0.101 -0.122  1.000 -0.015  0.035  0.025 -0.077  0.031  0.172  0.031
        8  0.31682  -0.012  0.016 -0.208 -0.015  1.000  0.075  0.016 -0.058  0.044 -0.005  0.234
        9  0.25071   0.048  0.002 -0.060  0.035  0.075  1.000  0.021 -0.130  0.158 -0.139 -0.019
       20  0.32740   0.005  0.015  0.011  0.025  0.016  0.021  1.000 -0.081  0.107  0.272 -0.010
       21  0.35537  -0.115  0.061  0.179 -0.077 -0.058 -0.130 -0.081  1.000 -0.228  0.114 -0.136
       22  0.38174  -0.151 -0.061 -0.126  0.031  0.044  0.158  0.107 -0.228  1.000 -0.109  0.141
       23  0.41541  -0.150 -0.013  0.035  0.172 -0.005 -0.139  0.272  0.114 -0.109  1.000 -0.078
       24  0.31856   0.055 -0.075 -0.107  0.031  0.234 -0.019 -0.010 -0.136  0.141 -0.078  1.000
MINUIT - FIT ONLY 1-y
 **********
 **   51 **RES 
 **********
                   PARAMETER   16  beta_vw RESTORED TO VARIABLE.
                   PARAMETER   14  alpha_vw RESTORED TO VARIABLE.
                   PARAMETER   13  beta_y RESTORED TO VARIABLE.
                   PARAMETER   11  alpha_y RESTORED TO VARIABLE.
                   PARAMETER   10  beta_2CBO RESTORED TO VARIABLE.
 **********
 **   52 **FIX            0
 **********
 PARAMETER    0  IS UNDEFINED. IGNORED.
 **********
 **   53 **FIX            1
 **********
 **********
 **   54 **FIX            2
 **********
 PARAMETER    2  IS CONSTANT.   IGNORED.
 **********
 **   55 **FIX            3
 **********
 **********
 **   56 **FIX            4
 **********
 **********
 **   57 **FIX            5
 **********
 PARAMETER    5  IS CONSTANT.   IGNORED.
 **********
 **   58 **FIX            6
 **********
 **********
 **   59 **FIX            7
 **********
 PARAMETER    7  IS CONSTANT.   IGNORED.
 **********
 **   60 **FIX            8
 **********
 **********
 **   61 **FIX            9
 **********
 **********
 **   62 **FIX           13
 **********
 **********
 **   63 **FIX           14
 **********
 **********
 **   64 **FIX           15
 **********
 PARAMETER   15  IS CONSTANT.   IGNORED.
 **********
 **   65 **FIX           16
 **********
 **********
 **   66 **MIGRAD
 **********
 START MIGRAD MINIMIZATION.  STRATEGY  1.  CONVERGENCE WHEN EDM .LT. 1.00e-04
 FCN=64.9362 FROM MIGRAD    STATUS=INITIATE       16 CALLS        5855 TOTAL
                     EDM= unknown      STRATEGY= 1      NO ERROR MATRIX       
  EXT PARAMETER               CURRENT GUESS       STEP         FIRST   
  NO.   NAME      VALUE            ERROR          SIZE      DERIVATIVE 
   1  N0           3.29003e+06     fixed    
   2  tau          6.44008e+01   constant   
   3  A0           3.64622e-01     fixed    
   4  phi          4.12047e+00     fixed    
   5  R           -6.04681e+01   constant   
   6  alpha_CBO    2.14539e-03     fixed    
   7  w_CBO        2.32500e+00   constant   
   8  beta_CBO     2.92373e-03     fixed    
   9  alpha_2CBO  -5.03052e-05     fixed    
  10  beta_2CBO   -2.12829e-04   1.77118e-04   1.77118e-04  -1.82220e+03
  11  alpha_y      0.00000e+00   1.00000e-03   1.00000e-03  -2.98787e+04
  12  w_y          1.38860e+01   constant   
  13  beta_y       3.93302e-04     fixed    
  14  alpha_vw     0.00000e+00     fixed    
  15  w_vw         1.43404e+01   constant   
  16  beta_vw      0.00000e+00     fixed    
  17  LM          -2.11005e-04   constant   
  18  zeta_y       0.00000e+00   constant   
  19  zeta_vw      0.00000e+00   constant   
  20  T_CBO        9.99862e+02   6.04930e+02   1.12019e-01  -2.54715e-04
  21  alpha_A0     6.89774e-04   8.98844e-04  -1.69208e-06  -2.09836e+00
  22  beta_A0     -9.95473e-04   8.51198e-04   2.52011e-07  -9.63790e-01
  23  alpha_phi   -1.75131e-03   7.04830e-04   4.24490e-06   7.10189e+00
  24  beta_phi     4.49775e-04   7.30147e-04   2.36477e-06   1.40211e+00
 MIGRAD MINIMIZATION HAS CONVERGED.
 MIGRAD WILL VERIFY CONVERGENCE AND ERROR MATRIX.
 COVARIANCE MATRIX CALCULATED SUCCESSFULLY
 FCN=58.1447 FROM MIGRAD    STATUS=CONVERGED     115 CALLS        5954 TOTAL
                     EDM=2.6912e-06    STRATEGY= 1      ERROR MATRIX ACCURATE 
  EXT PARAMETER                                   STEP         FIRST   
  NO.   NAME      VALUE            ERROR          SIZE      DERIVATIVE 
   1  N0           3.29003e+06     fixed    
   2  tau          6.44008e+01   constant   
   3  A0           3.64622e-01     fixed    
   4  phi          4.12047e+00     fixed    
   5  R           -6.04681e+01   constant   
   6  alpha_CBO    2.14539e-03     fixed    
   7  w_CBO        2.32500e+00   constant   
   8  beta_CBO     2.92373e-03     fixed    
   9  alpha_2CBO  -5.03052e-05     fixed    
  10  beta_2CBO   -1.83772e-04   1.81006e-04   6.62812e-07  -6.74917e+00
  11  alpha_y      4.52825e-04   1.74107e-04   6.53465e-07  -2.16262e-02
  12  w_y          1.38860e+01   constant   
  13  beta_y       3.93302e-04     fixed    
  14  alpha_vw     0.00000e+00     fixed    
  15  w_vw         1.43404e+01   constant   
  16  beta_vw      0.00000e+00     fixed    
  17  LM          -2.11005e-04   constant   
  18  zeta_y       0.00000e+00   constant   
  19  zeta_vw      0.00000e+00   constant   
  20  T_CBO        1.00000e+03   7.48383e+02   4.95201e-02** at limit **
  21  alpha_A0     7.14302e-04   7.80013e-04   2.87335e-06   1.94397e+00
  22  beta_A0     -1.05494e-03   7.54313e-04   2.78263e-06  -9.73715e-02
  23  alpha_phi   -1.73995e-03   6.59993e-04   2.46295e-06   3.26008e-01
  24  beta_phi     4.12217e-04   6.88968e-04   2.55263e-06   1.39602e+00
 EXTERNAL ERROR MATRIX.    NDIM=  25    NPAR=  7    ERR DEF=1
  3.276e-08 -4.098e-11 -4.717e-11 -1.920e-08 -1.283e-08  8.640e-09 -1.532e-08 
 -4.098e-11  3.031e-08 -3.388e-12  2.721e-09 -3.222e-09  3.290e-10 -1.577e-09 
 -4.717e-11 -3.388e-12  2.235e-06  2.598e-08 -3.714e-08 -6.449e-08  1.411e-08 
 -1.920e-08  2.721e-09  2.598e-08  6.084e-07 -6.621e-08 -1.266e-08 -2.320e-08 
 -1.283e-08 -3.222e-09 -3.714e-08 -6.621e-08  5.690e-07 -2.320e-08  5.176e-08 
  8.640e-09  3.290e-10 -6.449e-08 -1.266e-08 -2.320e-08  4.356e-07  6.676e-09 
 -1.532e-08 -1.577e-09  1.411e-08 -2.320e-08  5.176e-08  6.676e-09  4.747e-07 
 PARAMETER  CORRELATION COEFFICIENTS  
       NO.  GLOBAL     10     11     20     21     22     23     24
       10  0.22157   1.000 -0.001 -0.000 -0.136 -0.094  0.072 -0.123
       11  0.03195  -0.001  1.000 -0.000  0.020 -0.025  0.003 -0.013
       20  0.07903  -0.000 -0.000  1.000  0.022 -0.033 -0.065  0.014
       21  0.19414  -0.136  0.020  0.022  1.000 -0.113 -0.025 -0.043
       22  0.18695  -0.094 -0.025 -0.033 -0.113  1.000 -0.047  0.100
       23  0.11139   0.072  0.003 -0.065 -0.025 -0.047  1.000  0.015
       24  0.16289  -0.123 -0.013  0.014 -0.043  0.100  0.015  1.000
MINUIT - FIT ONLY 2-y
 **********
 **   67 **RES 
 **********
                   PARAMETER   16  beta_vw RESTORED TO VARIABLE.
                   PARAMETER   14  alpha_vw RESTORED TO VARIABLE.
                   PARAMETER   13  beta_y RESTORED TO VARIABLE.
                   PARAMETER    9  alpha_2CBO RESTORED TO VARIABLE.
                   PARAMETER    8  beta_CBO RESTORED TO VARIABLE.
                   PARAMETER    6  alpha_CBO RESTORED TO VARIABLE.
                   PARAMETER    4  phi RESTORED TO VARIABLE.
                   PARAMETER    3  A0 RESTORED TO VARIABLE.
                   PARAMETER    1  N0 RESTORED TO VARIABLE.
 **********
 **   68 **FIX            0
 **********
 PARAMETER    0  IS UNDEFINED. IGNORED.
 **********
 **   69 **FIX            1
 **********
 **********
 **   70 **FIX            2
 **********
 PARAMETER    2  IS CONSTANT.   IGNORED.
 **********
 **   71 **FIX            3
 **********
 **********
 **   72 **FIX            4
 **********
 **********
 **   73 **FIX            5
 **********
 PARAMETER    5  IS CONSTANT.   IGNORED.
 **********
 **   74 **FIX            6
 **********
 **********
 **   75 **FIX            7
 **********
 PARAMETER    7  IS CONSTANT.   IGNORED.
 **********
 **   76 **FIX            8
 **********
 **********
 **   77 **FIX            9
 **********
 **********
 **   78 **FIX           10
 **********
 **********
 **   79 **FIX           11
 **********
 **********
 **   80 **FIX           12
 **********
 PARAMETER   12  IS CONSTANT.   IGNORED.
 **********
 **   81 **FIX           16
 **********
 **********
 **   82 **MIGRAD
 **********
 START MIGRAD MINIMIZATION.  STRATEGY  1.  CONVERGENCE WHEN EDM .LT. 1.00e-04
 FCN=58.1447 FROM MIGRAD    STATUS=INITIATE       16 CALLS        5970 TOTAL
                     EDM= unknown      STRATEGY= 1      NO ERROR MATRIX       
  EXT PARAMETER               CURRENT GUESS       STEP         FIRST   
  NO.   NAME      VALUE            ERROR          SIZE      DERIVATIVE 
   1  N0           3.29003e+06     fixed    
   2  tau          6.44008e+01   constant   
   3  A0           3.64622e-01     fixed    
   4  phi          4.12047e+00     fixed    
   5  R           -6.04681e+01   constant   
   6  alpha_CBO    2.14539e-03     fixed    
   7  w_CBO        2.32500e+00   constant   
   8  beta_CBO     2.92373e-03     fixed    
   9  alpha_2CBO  -5.03052e-05     fixed    
  10  beta_2CBO   -1.83772e-04     fixed    
  11  alpha_y      4.52825e-04     fixed    
  12  w_y          1.38860e+01   constant   
  13  beta_y       3.93302e-04   1.78505e-04   1.78505e-04   2.28860e+03
  14  alpha_vw     0.00000e+00   1.00000e-03   1.00000e-03  -1.40134e+03
  15  w_vw         1.43404e+01   constant   
  16  beta_vw      0.00000e+00     fixed    
  17  LM          -2.11005e-04   constant   
  18  zeta_y       0.00000e+00   constant   
  19  zeta_vw      0.00000e+00   constant   
  20  T_CBO        9.99999e+02   7.48383e+02   4.95201e-02  -1.95971e-05
  21  alpha_A0     7.14302e-04   7.80013e-04   2.87335e-06   1.94372e+00
  22  beta_A0     -1.05494e-03   7.54313e-04   2.78263e-06  -9.69383e-02
  23  alpha_phi   -1.73995e-03   6.59993e-04   2.46295e-06   3.27129e-01
  24  beta_phi     4.12217e-04   6.88968e-04   2.55263e-06   1.39570e+00
 MIGRAD MINIMIZATION HAS CONVERGED.
 MIGRAD WILL VERIFY CONVERGENCE AND ERROR MATRIX.
 COVARIANCE MATRIX CALCULATED SUCCESSFULLY
 FCN=58.0986 FROM MIGRAD    STATUS=CONVERGED      98 CALLS        6052 TOTAL
                     EDM=4.54044e-07    STRATEGY= 1      ERROR MATRIX ACCURATE 
  EXT PARAMETER                                   STEP         FIRST   
  NO.   NAME      VALUE            ERROR          SIZE      DERIVATIVE 
   1  N0           3.29003e+06     fixed    
   2  tau          6.44008e+01   constant   
   3  A0           3.64622e-01     fixed    
   4  phi          4.12047e+00     fixed    
   5  R           -6.04681e+01   constant   
   6  alpha_CBO    2.14539e-03     fixed    
   7  w_CBO        2.32500e+00   constant   
   8  beta_CBO     2.92373e-03     fixed    
   9  alpha_2CBO  -5.03052e-05     fixed    
  10  beta_2CBO   -1.83772e-04     fixed    
  11  alpha_y      4.52825e-04     fixed    
  12  w_y          1.38860e+01   constant   
  13  beta_y       3.61132e-04   1.82732e-04   6.62102e-07  -1.69683e-01
  14  alpha_vw     1.32336e-05   1.81630e-04   6.58096e-07  -2.54169e-01
  15  w_vw         1.43404e+01   constant   
  16  beta_vw      0.00000e+00     fixed    
  17  LM          -2.11005e-04   constant   
  18  zeta_y       0.00000e+00   constant   
  19  zeta_vw      0.00000e+00   constant   
  20  T_CBO        1.00000e+03   7.46211e+02   5.35710e-02** at limit **
  21  alpha_A0     7.11810e-04   7.73086e-04   2.87222e-06   7.78005e-01
  22  beta_A0     -1.05459e-03   7.50877e-04   2.78154e-06   6.09832e-01
  23  alpha_phi   -1.73998e-03   6.58549e-04   2.46199e-06  -7.35979e-01
  24  beta_phi     4.11540e-04   6.83820e-04   2.55163e-06   5.63862e-01
 EXTERNAL ERROR MATRIX.    NDIM=  25    NPAR=  7    ERR DEF=1
  3.339e-08  8.629e-09  9.107e-09  4.012e-09  9.150e-10 -8.180e-10  1.663e-09 
  8.629e-09  3.299e-08  1.109e-08  3.506e-09  1.659e-09 -1.031e-09  1.987e-09 
  9.107e-09  1.109e-08  9.276e-01  1.810e-05 -2.600e-05 -4.515e-05  9.846e-06 
  4.012e-09  3.506e-09  1.810e-05  5.977e-07 -7.330e-08 -7.928e-09 -3.168e-08 
  9.150e-10  1.659e-09 -2.600e-05 -7.330e-08  5.638e-07 -1.965e-08  4.566e-08 
 -8.180e-10 -1.031e-09 -4.515e-05 -7.928e-09 -1.965e-08  4.337e-07  1.058e-08 
  1.663e-09  1.987e-09  9.846e-06 -3.168e-08  4.566e-08  1.058e-08  4.676e-07 
 PARAMETER  CORRELATION COEFFICIENTS  
       NO.  GLOBAL     13     14     20     21     22     23     24
       13  0.26123   1.000  0.260  0.000  0.028  0.007 -0.007  0.013
       14  0.26129   0.260  1.000  0.000  0.025  0.012 -0.009  0.016
       20  0.08580   0.000  0.000  1.000  0.024 -0.036 -0.071  0.015
       21  0.14270   0.028  0.025  0.024  1.000 -0.126 -0.016 -0.060
       22  0.16154   0.007  0.012 -0.036 -0.126  1.000 -0.040  0.089
       23  0.08985  -0.007 -0.009 -0.071 -0.016 -0.040  1.000  0.023
       24  0.10872   0.013  0.016  0.015 -0.060  0.089  0.023  1.000
MINUIT - FIT ALTOGETHER
