 + ++++++++++++++++++++++++++++++++++++++++++++++++++++++++++++++++++++ +
 +                                                                      +
 +           You have chose to blind your fitting according to          +
 +                omega_ref * (1 + (R +/- deltaR) *10^{-6})             +
 +                                                                      +
 + ++++++++++++++++++++++++++++++++++++++++++++++++++++++++++++++++++++ +
In main()...
reading format from /gm2data/zkhechad/run45/envelope/formats/formatB_sBin_constraintOn.txt
pBinTau 	= 0  
pBinPhi 	= 0  
constraintau 	= 1 
includeMopTerm 	= 0    
constrainMop    = 0   
Parameters after format file: pBinTau 0 pBinPhi 0 constraintau 1 includeMopTerm 0 constrainMop 0 c_e_scale 0.000000 
Opening file /gm2data/tbarrett/gm2fr/studies/run23_bunch_corrections/CorrectedFourier_Run3b.root.
reading full fit data from /gm2data/zkhechad/cboTemplates/Run4CBOTemplates/templateFits0_v2.0/noRF/sBin_constraintOn_cE0.0_seed0_noRF_calo2.root
windowBins = 17
fitting sliding window 72 from bin 208 at 30.884400 to bin 225 at 33.570000 (17 bins)

Reading data from /gm2data/cornell/histograms/aMethod/histogram_a_noRF.root
 **********
 **    1 **SET PRINTOUT            1
 **********
 **********
 **    2 **SET NOWARNINGS 
 **********
 PARAMETER DEFINITIONS:
    NO.   NAME         VALUE      STEP SIZE      LIMITS
     1 N0           3.21271e+06  1.00000e+02     no limits
     2 tau          6.44362e+01  constant
     3 A0           3.64394e-01  1.00000e-04     no limits
     4 phi          4.11820e+00  1.00000e-02     no limits
     5 R           -5.98416e+01  constant
     6 alpha_CBO    0.00000e+00  1.00000e-03     no limits
     7 w_CBO        2.32500e+00  constant
     8 beta_CBO     0.00000e+00  1.00000e-03     no limits
     9 alpha_2CBO   0.00000e+00  1.00000e-03     no limits
    10 beta_2CBO    0.00000e+00  1.00000e-03     no limits
    11 alpha_y      0.00000e+00  1.00000e-03     no limits
    12 w_y          1.44500e+01  constant
    13 beta_y       0.00000e+00  1.00000e-03     no limits
    14 alpha_vw     0.00000e+00  1.00000e-03     no limits
    15 w_vw         1.29000e+01  constant
    16 beta_vw      0.00000e+00  1.00000e-03     no limits
    17 LM           1.16794e-03  constant
    18 zeta_y       0.00000e+00  constant
    19 zeta_vw      0.00000e+00  constant
    20 T_CBO        1.00000e+02  1.00000e+00    0.00000e+00  1.00000e+03
    21 alpha_A0     0.00000e+00  1.00000e-03     no limits
    22 beta_A0      0.00000e+00  1.00000e-03     no limits
    23 alpha_phi    0.00000e+00  1.00000e-03     no limits
    24 beta_phi     0.00000e+00  1.00000e-03     no limits
MINUIT - FIT ONLY WIGGLE
 **********
 **    3 **FIX            5
 **********
 PARAMETER    5  IS CONSTANT.   IGNORED.
 **********
 **    4 **FIX            6
 **********
 **********
 **    5 **FIX            7
 **********
 PARAMETER    7  IS CONSTANT.   IGNORED.
 **********
 **    6 **FIX            8
 **********
 **********
 **    7 **FIX            9
 **********
 **********
 **    8 **FIX           10
 **********
 **********
 **    9 **FIX           11
 **********
 **********
 **   10 **FIX           12
 **********
 PARAMETER   12  IS CONSTANT.   IGNORED.
 **********
 **   11 **FIX           13
 **********
 **********
 **   12 **FIX           14
 **********
 **********
 **   13 **FIX           15
 **********
 PARAMETER   15  IS CONSTANT.   IGNORED.
 **********
 **   14 **FIX           16
 **********
 **********
 **   15 **MIGRAD
 **********
 FIRST CALL TO USER FUNCTION AT NEW START POINT, WITH IFLAG=4.
 START MIGRAD MINIMIZATION.  STRATEGY  1.  CONVERGENCE WHEN EDM .LT. 1.00e-04
 FCN=2665 FROM MIGRAD    STATUS=INITIATE      431 CALLS         432 TOTAL
                     EDM= unknown      STRATEGY= 1      NO ERROR MATRIX       
  EXT PARAMETER               CURRENT GUESS       STEP         FIRST   
  NO.   NAME      VALUE            ERROR          SIZE      DERIVATIVE 
   1  N0           3.21271e+06   1.00000e+02   0.00000e+00   5.23495e-02
   2  tau          6.44362e+01   constant   
   3  A0           3.64394e-01   1.00000e-04   0.00000e+00   5.47017e+04
   4  phi          4.11820e+00   1.00000e-02   0.00000e+00  -1.52518e+05
   5  R           -5.98416e+01   constant   
   6  alpha_CBO    0.00000e+00     fixed    
   7  w_CBO        2.32500e+00   constant   
   8  beta_CBO     0.00000e+00     fixed    
   9  alpha_2CBO   0.00000e+00     fixed    
  10  beta_2CBO    0.00000e+00     fixed    
  11  alpha_y      0.00000e+00     fixed    
  12  w_y          1.44500e+01   constant   
  13  beta_y       0.00000e+00     fixed    
  14  alpha_vw     0.00000e+00     fixed    
  15  w_vw         1.29000e+01   constant   
  16  beta_vw      0.00000e+00     fixed    
  17  LM           1.16794e-03   constant   
  18  zeta_y       0.00000e+00   constant   
  19  zeta_vw      0.00000e+00   constant   
  20  T_CBO        1.00000e+02   1.00000e+00   0.00000e+00   0.00000e+00
  21  alpha_A0     0.00000e+00   1.00000e-03   0.00000e+00  -6.94481e+04
  22  beta_A0      0.00000e+00   1.00000e-03   0.00000e+00   3.12218e+04
  23  alpha_phi    0.00000e+00   1.00000e-03   0.00000e+00  -3.31352e+04
  24  beta_phi     0.00000e+00   1.00000e-03   0.00000e+00   4.38124e+03
 CALL LIMIT EXCEEDED IN MIGRAD.
 MIGRAD TERMINATED WITHOUT CONVERGENCE.
 FCN=726.243 FROM MIGRAD    STATUS=CALL LIMIT   1325 CALLS        1326 TOTAL
                     EDM=0.318961    STRATEGY= 1  ERROR MATRIX UNCERTAINTY  10.4 per cent
  EXT PARAMETER                APPROXIMATE        STEP         FIRST   
  NO.   NAME      VALUE            ERROR          SIZE      DERIVATIVE 
   1  N0           3.18570e+06   1.21654e+04  -3.91059e+03   3.43651e-04
   2  tau          6.44362e+01   constant   
   3  A0           3.48979e-01   2.37077e-03   9.73610e-04  -3.42755e+03
   4  phi          4.19554e+00   7.47542e-03   1.87554e-03   7.52386e+02
   5  R           -5.98416e+01   constant   
   6  alpha_CBO    0.00000e+00     fixed    
   7  w_CBO        2.32500e+00   constant   
   8  beta_CBO     0.00000e+00     fixed    
   9  alpha_2CBO   0.00000e+00     fixed    
  10  beta_2CBO    0.00000e+00     fixed    
  11  alpha_y      0.00000e+00     fixed    
  12  w_y          1.44500e+01   constant   
  13  beta_y       0.00000e+00     fixed    
  14  alpha_vw     0.00000e+00     fixed    
  15  w_vw         1.29000e+01   constant   
  16  beta_vw      0.00000e+00     fixed    
  17  LM           1.16794e-03   constant   
  18  zeta_y       0.00000e+00   constant   
  19  zeta_vw      0.00000e+00   constant   
  20  T_CBO        1.36740e+02   6.60701e+00   2.40773e-03  -4.45000e+01
  21  alpha_A0    -1.30613e-01   2.49022e-02  -6.47086e-03  -4.03707e+02
  22  beta_A0     -9.57440e-02   1.17579e-02   4.26299e-03  -8.75852e+01
  23  alpha_phi   -9.83427e-02   9.67922e-03   2.89501e-03   1.05155e+03
  24  beta_phi     1.12400e-01   2.17858e-02   6.21608e-03  -3.03852e+02
 EXTERNAL ERROR MATRIX.    NDIM=  25    NPAR=  8    ERR DEF=1
  1.480e+08 -1.820e+01 -8.732e+01  3.039e+04  2.963e+02 -3.678e+01 -5.813e+00 -2.632e+02 
 -1.820e+01  5.621e-06  7.929e-06 -5.993e-03 -2.777e-05  2.522e-05  1.812e-05  2.884e-05 
 -8.732e+01  7.929e-06  5.588e-05 -1.692e-02 -1.848e-04  4.006e-06 -1.292e-05  1.602e-04 
  3.039e+04 -5.993e-03 -1.692e-02  4.366e+01  6.051e-02 -1.453e-02 -4.518e-03 -5.697e-02 
  2.963e+02 -2.777e-05 -1.848e-04  6.051e-02  6.201e-04 -1.887e-05  3.679e-05 -5.391e-04 
 -3.678e+01  2.522e-05  4.006e-06 -1.453e-02 -1.887e-05  1.382e-04  1.100e-04  4.226e-05 
 -5.813e+00  1.812e-05 -1.292e-05 -4.518e-03  3.679e-05  1.100e-04  9.369e-05 -1.076e-05 
 -2.632e+02  2.884e-05  1.602e-04 -5.697e-02 -5.391e-04  4.226e-05 -1.076e-05  4.746e-04 
ERR MATRIX APPROXIMATE
 PARAMETER  CORRELATION COEFFICIENTS  
       NO.  GLOBAL      1      3      4     20     21     22     23     24
        1  0.99999   1.000 -0.631 -0.960  0.378  0.978 -0.257 -0.049 -0.993
        3  0.99987  -0.631  1.000  0.447 -0.383 -0.470  0.905  0.790  0.558
        4  0.99993  -0.960  0.447  1.000 -0.343 -0.993  0.046 -0.179  0.983
       20  0.91060   0.378 -0.383 -0.343  1.000  0.368 -0.187 -0.071 -0.396
       21  0.99999   0.978 -0.470 -0.993  0.368  1.000 -0.064  0.153 -0.994
       22  0.99911  -0.257  0.905  0.046 -0.187 -0.064  1.000  0.967  0.165
       23  0.99989  -0.049  0.790 -0.179 -0.071  0.153  0.967  1.000 -0.051
       24  0.99998  -0.993  0.558  0.983 -0.396 -0.994  0.165 -0.051  1.000
 ERR MATRIX APPROXIMATE
MINUIT - FIT ONLY 1-CBO + wiggle
 **********
 **   16 **RES 
 **********
                   PARAMETER   16  beta_vw RESTORED TO VARIABLE.
                   PARAMETER   14  alpha_vw RESTORED TO VARIABLE.
                   PARAMETER   13  beta_y RESTORED TO VARIABLE.
                   PARAMETER   11  alpha_y RESTORED TO VARIABLE.
                   PARAMETER   10  beta_2CBO RESTORED TO VARIABLE.
                   PARAMETER    9  alpha_2CBO RESTORED TO VARIABLE.
                   PARAMETER    8  beta_CBO RESTORED TO VARIABLE.
                   PARAMETER    6  alpha_CBO RESTORED TO VARIABLE.
 **********
 **   17 **FIX            8
 **********
 **********
 **   18 **FIX            9
 **********
 **********
 **   19 **FIX           11
 **********
 **********
 **   20 **FIX           12
 **********
 PARAMETER   12  IS CONSTANT.   IGNORED.
 **********
 **   21 **FIX           14
 **********
 **********
 **   22 **FIX           15
 **********
 PARAMETER   15  IS CONSTANT.   IGNORED.
 **********
 **   23 **FIX           16
 **********
 **********
 **   24 **MIGRAD
 **********
 START MIGRAD MINIMIZATION.  STRATEGY  1.  CONVERGENCE WHEN EDM .LT. 1.00e-04
 FCN=726.243 FROM MIGRAD    STATUS=INITIATE       28 CALLS        1354 TOTAL
                     EDM= unknown      STRATEGY= 1      NO ERROR MATRIX       
  EXT PARAMETER               CURRENT GUESS       STEP         FIRST   
  NO.   NAME      VALUE            ERROR          SIZE      DERIVATIVE 
   1  N0           3.18570e+06   1.21654e+04  -3.91059e+03   3.43651e-04
   2  tau          6.44362e+01   constant   
   3  A0           3.48979e-01   2.37077e-03   9.73610e-04  -3.42755e+03
   4  phi          4.19554e+00   7.47542e-03   1.87554e-03   7.52386e+02
   5  R           -5.98416e+01   constant   
   6  alpha_CBO    0.00000e+00   1.00000e-03   1.00000e-03  -3.91640e+02
   7  w_CBO        2.32500e+00   constant   
   8  beta_CBO     0.00000e+00     fixed    
   9  alpha_2CBO   0.00000e+00     fixed    
  10  beta_2CBO    0.00000e+00   1.00000e-03   1.00000e-03  -8.30954e+02
  11  alpha_y      0.00000e+00     fixed    
  12  w_y          1.44500e+01   constant   
  13  beta_y       0.00000e+00   1.00000e-03   1.00000e-03   4.63477e+03
  14  alpha_vw     0.00000e+00     fixed    
  15  w_vw         1.29000e+01   constant   
  16  beta_vw      0.00000e+00     fixed    
  17  LM           1.16794e-03   constant   
  18  zeta_y       0.00000e+00   constant   
  19  zeta_vw      0.00000e+00   constant   
  20  T_CBO        1.36740e+02   6.60701e+00   2.40773e-03  -4.45000e+01
  21  alpha_A0    -1.30613e-01   2.49022e-02  -6.47086e-03  -4.03707e+02
  22  beta_A0     -9.57440e-02   1.17579e-02   4.26299e-03  -8.75852e+01
  23  alpha_phi   -9.83427e-02   9.67922e-03   2.89501e-03   1.05155e+03
  24  beta_phi     1.12400e-01   2.17858e-02   6.21608e-03  -3.03852e+02
 CALL LIMIT EXCEEDED IN MIGRAD.
 MIGRAD TERMINATED WITHOUT CONVERGENCE.
 FCN=709.184 FROM MIGRAD    STATUS=CALL LIMIT   1914 CALLS        3240 TOTAL
                     EDM=0.259914    STRATEGY= 1  ERROR MATRIX UNCERTAINTY  10.1 per cent
  EXT PARAMETER                APPROXIMATE        STEP         FIRST   
  NO.   NAME      VALUE            ERROR          SIZE      DERIVATIVE 
   1  N0           3.08182e+06   2.07597e+04  -4.50098e+03  -8.84839e-04
   2  tau          6.44362e+01   constant   
   3  A0           3.73991e-01   2.12340e-03   3.24594e-04  -2.25432e+03
   4  phi          4.17156e+00   6.52779e-03   2.47891e-03   1.07071e+03
   5  R           -5.98416e+01   constant   
   6  alpha_CBO   -1.85162e-02   2.25618e-03   3.52966e-04  -3.34573e+03
   7  w_CBO        2.32500e+00   constant   
   8  beta_CBO     0.00000e+00     fixed    
   9  alpha_2CBO   0.00000e+00     fixed    
  10  beta_2CBO    5.54088e-04   1.03609e-03  -3.56101e-04   1.74994e+03
  11  alpha_y      0.00000e+00     fixed    
  12  w_y          1.44500e+01   constant   
  13  beta_y       7.92359e-05   1.58201e-04  -1.04272e-05   3.88765e+01
  14  alpha_vw     0.00000e+00     fixed    
  15  w_vw         1.29000e+01   constant   
  16  beta_vw      0.00000e+00     fixed    
  17  LM           1.16794e-03   constant   
  18  zeta_y       0.00000e+00   constant   
  19  zeta_vw      0.00000e+00   constant   
  20  T_CBO        2.20878e+02   4.57851e+01   2.78466e-02  -4.84513e+01
  21  alpha_A0    -2.51661e-01   2.33753e-02  -4.54505e-03   7.51571e+02
  22  beta_A0     -6.92616e-03   3.79368e-03  -3.32810e-04   2.55132e+01
  23  alpha_phi   -2.46973e-02   3.30166e-03   2.56761e-04   2.15246e+02
  24  beta_phi     2.02545e-01   2.22631e-02   6.23926e-03   1.01509e+02
 EXTERNAL ERROR MATRIX.    NDIM=  25    NPAR= 11    ERR DEF=1
  4.310e+08 
 -4.195e+01  4.509e-06 
 -6.818e+01  4.914e-06  4.261e-05 
  2.564e+01 -3.257e-06  5.975e-06  5.090e-06 
  1.567e+01 -1.205e-06 -5.202e-06 -2.212e-07  1.073e-06 
 -6.625e-02  1.828e-08 -2.250e-07 -7.788e-08  1.587e-08  2.503e-08 
 -9.410e+05  8.894e-02  1.830e-01 -4.620e-02 -3.646e-02 -8.915e-05  2.105e+03 
  4.829e+02 -4.786e-05 -7.185e-05  3.147e-05  1.614e-05 -1.008e-07 -1.053e+00  5.464e-04 
 -1.790e+01  4.057e-06 -4.511e-06 -4.739e-06  1.164e-06  3.747e-08  2.686e-02 -2.512e-05  1.439e-05 
 -3.477e+01  4.185e-06  1.128e-06 -2.595e-06 -1.578e-06  2.431e-08  6.216e-02 -3.602e-05  5.041e-06  1.090e-05 
 -4.531e+02  4.272e-05  9.597e-05 -1.889e-05 -1.889e-05 -1.016e-07  1.013e+00 -5.028e-04  1.251e-05  3.479e-05  4.956e-04 
ERR MATRIX APPROXIMATE
 PARAMETER  CORRELATION COEFFICIENTS  
       NO.  GLOBAL      1      3      4      6     10     13     20     21     22     23     24
        1  0.99996   1.000 -0.952 -0.503  0.547  0.728 -0.020 -0.988  0.995 -0.227 -0.507 -0.980
        3  0.99951  -0.952  1.000  0.355 -0.680 -0.548  0.054  0.913 -0.964  0.504  0.597  0.904
        4  0.99868  -0.503  0.355  1.000  0.406 -0.769 -0.218  0.611 -0.471 -0.182  0.052  0.660
        6  0.99842   0.547 -0.680  0.406  1.000 -0.095 -0.218 -0.446  0.597 -0.554 -0.348 -0.376
       10  0.99265   0.728 -0.548 -0.769 -0.095  1.000  0.097 -0.767  0.666  0.296 -0.461 -0.819
       13  0.34937  -0.020  0.054 -0.218 -0.218  0.097  1.000 -0.012 -0.027  0.062  0.047 -0.029
       20  0.99980  -0.988  0.913  0.611 -0.446 -0.767 -0.012  1.000 -0.982  0.154  0.410  0.992
       21  0.99987   0.995 -0.964 -0.471  0.597  0.666 -0.027 -0.982  1.000 -0.283 -0.467 -0.966
       22  0.98516  -0.227  0.504 -0.182 -0.554  0.296  0.062  0.154 -0.283  1.000  0.402  0.148
       23  0.99469  -0.507  0.597  0.052 -0.348 -0.461  0.047  0.410 -0.467  0.402  1.000  0.473
       24  0.99988  -0.980  0.904  0.660 -0.376 -0.819 -0.029  0.992 -0.966  0.148  0.473  1.000
 ERR MATRIX APPROXIMATE
MINUIT - FIT ONLY 2-CBO
 **********
 **   25 **RES 
 **********
                   PARAMETER   16  beta_vw RESTORED TO VARIABLE.
                   PARAMETER   14  alpha_vw RESTORED TO VARIABLE.
                   PARAMETER   11  alpha_y RESTORED TO VARIABLE.
                   PARAMETER    9  alpha_2CBO RESTORED TO VARIABLE.
                   PARAMETER    8  beta_CBO RESTORED TO VARIABLE.
 **********
 **   26 **FIX            0
 **********
 PARAMETER    0  IS UNDEFINED. IGNORED.
 **********
 **   27 **FIX            1
 **********
 **********
 **   28 **FIX            2
 **********
 PARAMETER    2  IS CONSTANT.   IGNORED.
 **********
 **   29 **FIX            3
 **********
 **********
 **   30 **FIX            4
 **********
 **********
 **   31 **FIX            5
 **********
 PARAMETER    5  IS CONSTANT.   IGNORED.
 **********
 **   32 **FIX            6
 **********
 **********
 **   33 **FIX            7
 **********
 PARAMETER    7  IS CONSTANT.   IGNORED.
 **********
 **   34 **FIX           10
 **********
 **********
 **   35 **FIX           11
 **********
 **********
 **   36 **FIX           12
 **********
 PARAMETER   12  IS CONSTANT.   IGNORED.
 **********
 **   37 **FIX           13
 **********
 **********
 **   38 **FIX           14
 **********
 **********
 **   39 **FIX           15
 **********
 PARAMETER   15  IS CONSTANT.   IGNORED.
 **********
 **   40 **FIX           16
 **********
 **********
 **   41 **MIGRAD
 **********
 START MIGRAD MINIMIZATION.  STRATEGY  1.  CONVERGENCE WHEN EDM .LT. 1.00e-04
 FCN=709.184 FROM MIGRAD    STATUS=INITIATE       18 CALLS        3258 TOTAL
                     EDM= unknown      STRATEGY= 1      NO ERROR MATRIX       
  EXT PARAMETER               CURRENT GUESS       STEP         FIRST   
  NO.   NAME      VALUE            ERROR          SIZE      DERIVATIVE 
   1  N0           3.08182e+06     fixed    
   2  tau          6.44362e+01   constant   
   3  A0           3.73991e-01     fixed    
   4  phi          4.17156e+00     fixed    
   5  R           -5.98416e+01   constant   
   6  alpha_CBO   -1.85162e-02     fixed    
   7  w_CBO        2.32500e+00   constant   
   8  beta_CBO     0.00000e+00   1.00000e-03   1.00000e-03  -1.33537e+03
   9  alpha_2CBO   0.00000e+00   1.00000e-03   1.00000e-03   2.22851e+03
  10  beta_2CBO    5.54088e-04     fixed    
  11  alpha_y      0.00000e+00     fixed    
  12  w_y          1.44500e+01   constant   
  13  beta_y       7.92359e-05     fixed    
  14  alpha_vw     0.00000e+00     fixed    
  15  w_vw         1.29000e+01   constant   
  16  beta_vw      0.00000e+00     fixed    
  17  LM           1.16794e-03   constant   
  18  zeta_y       0.00000e+00   constant   
  19  zeta_vw      0.00000e+00   constant   
  20  T_CBO        2.20878e+02   4.57851e+01   2.78466e-02  -4.84513e+01
  21  alpha_A0    -2.51661e-01   2.33753e-02  -4.54505e-03   7.51571e+02
  22  beta_A0     -6.92616e-03   3.79368e-03  -3.32810e-04   2.55132e+01
  23  alpha_phi   -2.46973e-02   3.30166e-03   2.56761e-04   2.15246e+02
  24  beta_phi     2.02545e-01   2.22631e-02   6.23926e-03   1.01509e+02
 MIGRAD MINIMIZATION HAS CONVERGED.
 MIGRAD WILL VERIFY CONVERGENCE AND ERROR MATRIX.
 COVARIANCE MATRIX CALCULATED SUCCESSFULLY
 FCN=708.517 FROM HESSE     STATUS=OK             50 CALLS        3421 TOTAL
                     EDM=0.0062692    STRATEGY= 1      ERROR MATRIX ACCURATE 
  EXT PARAMETER                                   STEP         FIRST   
  NO.   NAME      VALUE            ERROR          SIZE      DERIVATIVE 
   1  N0           3.08182e+06     fixed    
   2  tau          6.44362e+01   constant   
   3  A0           3.73991e-01     fixed    
   4  phi          4.17156e+00     fixed    
   5  R           -5.98416e+01   constant   
   6  alpha_CBO   -1.85162e-02     fixed    
   7  w_CBO        2.32500e+00   constant   
   8  beta_CBO    -2.30820e-04   5.07593e-04   1.94834e-06  -1.64594e+00
   9  alpha_2CBO  -3.24211e-04   4.39986e-04   1.95621e-06  -6.04004e+00
  10  beta_2CBO    5.54088e-04     fixed    
  11  alpha_y      0.00000e+00     fixed    
  12  w_y          1.44500e+01   constant   
  13  beta_y       7.92359e-05     fixed    
  14  alpha_vw     0.00000e+00     fixed    
  15  w_vw         1.29000e+01   constant   
  16  beta_vw      0.00000e+00     fixed    
  17  LM           1.16794e-03   constant   
  18  zeta_y       0.00000e+00   constant   
  19  zeta_vw      0.00000e+00   constant   
  20  T_CBO        2.21207e+02   2.00053e+02   9.29542e-05   2.61789e-01
  21  alpha_A0    -2.52716e-01   3.52535e-02   8.77513e-06   9.21680e-01
  22  beta_A0     -8.13212e-03   3.46076e-03   1.06697e-05   4.40344e-01
  23  alpha_phi   -2.45777e-02   4.27504e-03   7.37930e-06  -2.90840e-01
  24  beta_phi     2.01710e-01   2.79647e-02   7.37038e-06   1.94265e-01
 CALL LIMIT EXCEEDED IN MIGRAD.
 MIGRAD TERMINATED WITHOUT CONVERGENCE.
 FCN=708.381 FROM MIGRAD    STATUS=CALL LIMIT   1147 CALLS        4387 TOTAL
                     EDM=0.00181979    STRATEGY= 1  ERROR MATRIX UNCERTAINTY  21.0 per cent
  EXT PARAMETER                APPROXIMATE        STEP         FIRST   
  NO.   NAME      VALUE            ERROR          SIZE      DERIVATIVE 
   1  N0           3.08182e+06     fixed    
   2  tau          6.44362e+01   constant   
   3  A0           3.73991e-01     fixed    
   4  phi          4.17156e+00     fixed    
   5  R           -5.98416e+01   constant   
   6  alpha_CBO   -1.85162e-02     fixed    
   7  w_CBO        2.32500e+00   constant   
   8  beta_CBO    -2.52880e-04   4.78341e-04  -5.82689e-06  -7.61225e+01
   9  alpha_2CBO  -3.30817e-04   4.06602e-04   4.86168e-06   9.46531e+01
  10  beta_2CBO    5.54088e-04     fixed    
  11  alpha_y      0.00000e+00     fixed    
  12  w_y          1.44500e+01   constant   
  13  beta_y       7.92359e-05     fixed    
  14  alpha_vw     0.00000e+00     fixed    
  15  w_vw         1.29000e+01   constant   
  16  beta_vw      0.00000e+00     fixed    
  17  LM           1.16794e-03   constant   
  18  zeta_y       0.00000e+00   constant   
  19  zeta_vw      0.00000e+00   constant   
  20  T_CBO        1.21032e+02   4.46586e+01  -6.07636e-03  -2.37257e+01
  21  alpha_A0    -2.85575e-01   2.78622e-02  -1.22486e-03   5.80749e+01
  22  beta_A0     -1.01920e-02   3.28018e-03  -1.05494e-04   4.61862e-01
  23  alpha_phi   -2.85019e-02   3.59159e-03  -1.61981e-04  -4.47305e+01
  24  beta_phi     2.27748e-01   2.21933e-02   9.83729e-04  -8.25063e+01
 EXTERNAL ERROR MATRIX.    NDIM=  25    NPAR=  7    ERR DEF=1
  2.288e-07  1.092e-07  1.856e-03  1.676e-06  1.283e-06  2.635e-07 -7.055e-07 
  1.092e-07  1.653e-07 -1.495e-03 -5.276e-07  4.852e-07 -2.767e-07  1.191e-06 
  1.856e-03 -1.495e-03  2.007e+03  1.247e+00  8.602e-02  1.545e-01 -9.927e-01 
  1.676e-06 -5.276e-07  1.247e+00  7.763e-04  5.627e-05  9.623e-05 -6.156e-04 
  1.283e-06  4.852e-07  8.602e-02  5.627e-05  1.076e-05  7.462e-06 -4.158e-05 
  2.635e-07 -2.767e-07  1.545e-01  9.623e-05  7.462e-06  1.290e-05 -7.711e-05 
 -7.055e-07  1.191e-06 -9.927e-01 -6.156e-04 -4.158e-05 -7.711e-05  4.925e-04 
ERR MATRIX APPROXIMATE
 PARAMETER  CORRELATION COEFFICIENTS  
       NO.  GLOBAL      8      9     20     21     22     23     24
        8  0.95645   1.000  0.561  0.087  0.126  0.817  0.153 -0.066
        9  0.94048   0.561  1.000 -0.082 -0.047  0.364 -0.189  0.132
       20  0.99990   0.087 -0.082  1.000  0.999  0.585  0.960 -0.998
       21  0.99976   0.126 -0.047  0.999  1.000  0.616  0.962 -0.996
       22  0.96941   0.817  0.364  0.585  0.616  1.000  0.633 -0.571
       23  0.98847   0.153 -0.189  0.960  0.962  0.633  1.000 -0.967
       24  0.99978  -0.066  0.132 -0.998 -0.996 -0.571 -0.967  1.000
 ERR MATRIX APPROXIMATE
MINUIT - FIT wiggle + 1-CBO + 2-CBO
 **********
 **   42 **RES 
 **********
                   PARAMETER   16  beta_vw RESTORED TO VARIABLE.
                   PARAMETER   14  alpha_vw RESTORED TO VARIABLE.
                   PARAMETER   13  beta_y RESTORED TO VARIABLE.
                   PARAMETER   11  alpha_y RESTORED TO VARIABLE.
                   PARAMETER   10  beta_2CBO RESTORED TO VARIABLE.
                   PARAMETER    6  alpha_CBO RESTORED TO VARIABLE.
                   PARAMETER    4  phi RESTORED TO VARIABLE.
                   PARAMETER    3  A0 RESTORED TO VARIABLE.
                   PARAMETER    1  N0 RESTORED TO VARIABLE.
 **********
 **   43 **FIX           10
 **********
 **********
 **   44 **FIX           11
 **********
 **********
 **   45 **FIX           12
 **********
 PARAMETER   12  IS CONSTANT.   IGNORED.
 **********
 **   46 **FIX           13
 **********
 **********
 **   47 **FIX           14
 **********
 **********
 **   48 **FIX           15
 **********
 PARAMETER   15  IS CONSTANT.   IGNORED.
 **********
 **   49 **FIX           16
 **********
 **********
 **   50 **MIGRAD
 **********
 START MIGRAD MINIMIZATION.  STRATEGY  1.  CONVERGENCE WHEN EDM .LT. 1.00e-04
 FCN=708.381 FROM MIGRAD    STATUS=INITIATE       22 CALLS        4409 TOTAL
                     EDM= unknown      STRATEGY= 1      NO ERROR MATRIX       
  EXT PARAMETER               CURRENT GUESS       STEP         FIRST   
  NO.   NAME      VALUE            ERROR          SIZE      DERIVATIVE 
   1  N0           3.08182e+06   2.07597e+04   2.07597e+04  -3.80134e-04
   2  tau          6.44362e+01   constant   
   3  A0           3.73991e-01   2.12340e-03   2.12340e-03   4.22401e+02
   4  phi          4.17156e+00   6.52779e-03   6.52779e-03  -1.31300e+02
   5  R           -5.98416e+01   constant   
   6  alpha_CBO   -1.85162e-02   2.25618e-03   2.25618e-03   1.93542e+03
   7  w_CBO        2.32500e+00   constant   
   8  beta_CBO    -2.52880e-04   4.78341e-04  -5.82689e-06  -7.61225e+01
   9  alpha_2CBO  -3.30817e-04   4.06602e-04   4.86168e-06   9.46531e+01
  10  beta_2CBO    5.54088e-04     fixed    
  11  alpha_y      0.00000e+00     fixed    
  12  w_y          1.44500e+01   constant   
  13  beta_y       7.92359e-05     fixed    
  14  alpha_vw     0.00000e+00     fixed    
  15  w_vw         1.29000e+01   constant   
  16  beta_vw      0.00000e+00     fixed    
  17  LM           1.16794e-03   constant   
  18  zeta_y       0.00000e+00   constant   
  19  zeta_vw      0.00000e+00   constant   
  20  T_CBO        1.21032e+02   4.46586e+01  -6.07636e-03  -2.37256e+01
  21  alpha_A0    -2.85575e-01   2.78622e-02  -1.22486e-03   5.80749e+01
  22  beta_A0     -1.01920e-02   3.28018e-03  -1.05494e-04   4.61862e-01
  23  alpha_phi   -2.85019e-02   3.59159e-03  -1.61981e-04  -4.47305e+01
  24  beta_phi     2.27748e-01   2.21933e-02   9.83729e-04  -8.25063e+01
 CALL LIMIT EXCEEDED IN MIGRAD.
 MIGRAD TERMINATED WITHOUT CONVERGENCE.
 FCN=690.327 FROM MIGRAD    STATUS=CALL LIMIT   1917 CALLS        6304 TOTAL
                     EDM=0.11876    STRATEGY= 1  ERROR MATRIX UNCERTAINTY  20.3 per cent
  EXT PARAMETER                APPROXIMATE        STEP         FIRST   
  NO.   NAME      VALUE            ERROR          SIZE      DERIVATIVE 
   1  N0           2.83187e+06   2.62651e+04  -1.89798e+03  -1.89198e-05
   2  tau          6.44362e+01   constant   
   3  A0           4.12889e-01   5.21835e-03  -4.64849e-04  -2.47824e+02
   4  phi          4.01997e+00   3.04032e-02  -2.64090e-03   4.40245e+02
   5  R           -5.98416e+01   constant   
   6  alpha_CBO   -7.94374e-02   6.79579e-03  -4.14022e-04  -1.11556e+03
   7  w_CBO        2.32500e+00   constant   
   8  beta_CBO     1.00324e-02   5.98305e-03   4.76042e-04   9.00718e+02
   9  alpha_2CBO  -1.78365e-03   1.34096e-03   1.39975e-04  -1.02371e+02
  10  beta_2CBO    5.54088e-04     fixed    
  11  alpha_y      0.00000e+00     fixed    
  12  w_y          1.44500e+01   constant   
  13  beta_y       7.92359e-05     fixed    
  14  alpha_vw     0.00000e+00     fixed    
  15  w_vw         1.29000e+01   constant   
  16  beta_vw      0.00000e+00     fixed    
  17  LM           1.16794e-03   constant   
  18  zeta_y       0.00000e+00   constant   
  19  zeta_vw      0.00000e+00   constant   
  20  T_CBO        3.97058e+02   2.04994e+01   6.86951e-04  -8.19132e-01
  21  alpha_A0    -5.28080e-01   2.89812e-02  -3.35285e-03  -9.64651e+01
  22  beta_A0      1.06076e-01   1.66394e-02   3.90239e-05  -6.68690e+01
  23  alpha_phi    6.81720e-02   1.09218e-02  -1.03824e-03   3.27541e-01
  24  beta_phi     3.49733e-01   1.27941e-02   1.39547e-03  -1.33791e+02
 EXTERNAL ERROR MATRIX.    NDIM=  25    NPAR= 11    ERR DEF=1
  6.899e+08 
 -7.621e+00  2.723e-05 
  7.493e+02  4.403e-05  9.244e-04 
  1.775e+02 -3.805e-06  1.908e-04  4.618e-05 
 -1.232e+02 -1.605e-05 -1.708e-04 -3.077e-05  3.580e-05 
 -2.362e+01 -4.436e-06 -3.468e-05 -5.747e-06  7.415e-06  1.798e-06 
 -3.925e+05  7.296e-02 -2.804e-01 -1.040e-01  1.940e-02  1.560e-03  4.205e+02 
  7.382e+02  8.956e-06  8.208e-04  1.878e-04 -1.330e-04 -2.772e-05 -4.030e-01  8.399e-04 
 -3.836e+02  1.496e-05 -4.115e-04 -1.003e-04  7.403e-05  1.218e-05  2.142e-01 -3.569e-04  2.769e-04 
 -1.607e+02  3.844e-05 -1.182e-04 -4.515e-05  1.377e-05 -8.883e-07  1.584e-01 -1.145e-04  1.441e-04  1.193e-04 
 -3.218e+02  5.469e-06 -3.353e-04 -8.144e-05  5.191e-05  1.108e-05  2.037e-01 -3.612e-04  1.600e-04  5.871e-05  1.637e-04 
ERR MATRIX APPROXIMATE
 PARAMETER  CORRELATION COEFFICIENTS  
       NO.  GLOBAL      1      3      4      6      8      9     20     21     22     23     24
        1  0.99996   1.000 -0.056  0.938  0.994 -0.784 -0.671 -0.729  0.970 -0.878 -0.560 -0.958
        3  0.99981  -0.056  1.000  0.278 -0.107 -0.514 -0.634  0.682  0.059  0.172  0.675  0.082
        4  0.99994   0.938  0.278  1.000  0.924 -0.939 -0.851 -0.450  0.932 -0.813 -0.356 -0.862
        6  0.99984   0.994 -0.107  0.924  1.000 -0.757 -0.631 -0.746  0.953 -0.887 -0.608 -0.937
        8  0.99975  -0.784 -0.514 -0.939 -0.757  1.000  0.924  0.158 -0.767  0.744  0.211  0.678
        9  0.99471  -0.671 -0.634 -0.851 -0.631  0.924  1.000  0.057 -0.713  0.546 -0.061  0.646
       20  0.99894  -0.729  0.682 -0.450 -0.746  0.158  0.057  1.000 -0.678  0.628  0.707  0.777
       21  0.99981   0.970  0.059  0.932  0.953 -0.767 -0.713 -0.678  1.000 -0.740 -0.362 -0.974
       22  0.99912  -0.878  0.172 -0.813 -0.887  0.744  0.546  0.628 -0.740  1.000  0.793  0.751
       23  0.99950  -0.560  0.675 -0.356 -0.608  0.211 -0.061  0.707 -0.362  0.793  1.000  0.420
       24  0.99930  -0.958  0.082 -0.862 -0.937  0.678  0.646  0.777 -0.974  0.751  0.420  1.000
 ERR MATRIX APPROXIMATE
MINUIT - FIT ONLY 1-y
 **********
 **   51 **RES 
 **********
                   PARAMETER   16  beta_vw RESTORED TO VARIABLE.
                   PARAMETER   14  alpha_vw RESTORED TO VARIABLE.
                   PARAMETER   13  beta_y RESTORED TO VARIABLE.
                   PARAMETER   11  alpha_y RESTORED TO VARIABLE.
                   PARAMETER   10  beta_2CBO RESTORED TO VARIABLE.
 **********
 **   52 **FIX            0
 **********
 PARAMETER    0  IS UNDEFINED. IGNORED.
 **********
 **   53 **FIX            1
 **********
 **********
 **   54 **FIX            2
 **********
 PARAMETER    2  IS CONSTANT.   IGNORED.
 **********
 **   55 **FIX            3
 **********
 **********
 **   56 **FIX            4
 **********
 **********
 **   57 **FIX            5
 **********
 PARAMETER    5  IS CONSTANT.   IGNORED.
 **********
 **   58 **FIX            6
 **********
 **********
 **   59 **FIX            7
 **********
 PARAMETER    7  IS CONSTANT.   IGNORED.
 **********
 **   60 **FIX            8
 **********
 **********
 **   61 **FIX            9
 **********
 **********
 **   62 **FIX           13
 **********
 **********
 **   63 **FIX           14
 **********
 **********
 **   64 **FIX           15
 **********
 PARAMETER   15  IS CONSTANT.   IGNORED.
 **********
 **   65 **FIX           16
 **********
 **********
 **   66 **MIGRAD
 **********
 START MIGRAD MINIMIZATION.  STRATEGY  1.  CONVERGENCE WHEN EDM .LT. 1.00e-04
 FCN=690.327 FROM MIGRAD    STATUS=INITIATE       16 CALLS        6320 TOTAL
                     EDM= unknown      STRATEGY= 1      NO ERROR MATRIX       
  EXT PARAMETER               CURRENT GUESS       STEP         FIRST   
  NO.   NAME      VALUE            ERROR          SIZE      DERIVATIVE 
   1  N0           2.83187e+06     fixed    
   2  tau          6.44362e+01   constant   
   3  A0           4.12889e-01     fixed    
   4  phi          4.01997e+00     fixed    
   5  R           -5.98416e+01   constant   
   6  alpha_CBO   -7.94374e-02     fixed    
   7  w_CBO        2.32500e+00   constant   
   8  beta_CBO     1.00324e-02     fixed    
   9  alpha_2CBO  -1.78365e-03     fixed    
  10  beta_2CBO    5.54088e-04   1.03609e-03   1.03609e-03  -7.63067e+03
  11  alpha_y      0.00000e+00   1.00000e-03   1.00000e-03   3.14280e+05
  12  w_y          1.44500e+01   constant   
  13  beta_y       7.92359e-05     fixed    
  14  alpha_vw     0.00000e+00     fixed    
  15  w_vw         1.29000e+01   constant   
  16  beta_vw      0.00000e+00     fixed    
  17  LM           1.16794e-03   constant   
  18  zeta_y       0.00000e+00   constant   
  19  zeta_vw      0.00000e+00   constant   
  20  T_CBO        3.97058e+02   2.04994e+01   6.86951e-04  -8.19134e-01
  21  alpha_A0    -5.28080e-01   2.89812e-02  -3.35285e-03  -9.64651e+01
  22  beta_A0      1.06076e-01   1.66394e-02   3.90239e-05  -6.68690e+01
  23  alpha_phi    6.81720e-02   1.09218e-02  -1.03824e-03   3.27543e-01
  24  beta_phi     3.49733e-01   1.27941e-02   1.39547e-03  -1.33791e+02
 CALL LIMIT EXCEEDED IN MIGRAD.
 MIGRAD TERMINATED WITHOUT CONVERGENCE.
 FCN=50.8007 FROM MIGRAD    STATUS=CALL LIMIT   1157 CALLS        7461 TOTAL
                     EDM=0.00101957    STRATEGY= 1  ERROR MATRIX UNCERTAINTY  28.7 per cent
  EXT PARAMETER                APPROXIMATE        STEP         FIRST   
  NO.   NAME      VALUE            ERROR          SIZE      DERIVATIVE 
   1  N0           2.83187e+06     fixed    
   2  tau          6.44362e+01   constant   
   3  A0           4.12889e-01     fixed    
   4  phi          4.01997e+00     fixed    
   5  R           -5.98416e+01   constant   
   6  alpha_CBO   -7.94374e-02     fixed    
   7  w_CBO        2.32500e+00   constant   
   8  beta_CBO     1.00324e-02     fixed    
   9  alpha_2CBO  -1.78365e-03     fixed    
  10  beta_2CBO    1.33892e-03   2.42910e-04   2.18405e-07  -6.53585e+01
  11  alpha_y     -4.05013e-03   1.67160e-04   1.40094e-06  -2.76613e+00
  12  w_y          1.44500e+01   constant   
  13  beta_y       7.92359e-05     fixed    
  14  alpha_vw     0.00000e+00     fixed    
  15  w_vw         1.29000e+01   constant   
  16  beta_vw      0.00000e+00     fixed    
  17  LM           1.16794e-03   constant   
  18  zeta_y       0.00000e+00   constant   
  19  zeta_vw      0.00000e+00   constant   
  20  T_CBO        9.03744e+02   8.22326e+02   3.65452e-02  -5.70067e-01
  21  alpha_A0    -5.04948e-01   9.19233e-03   2.30380e-04   5.08457e+01
  22  beta_A0      1.03768e-01   1.91507e-03  -3.81077e-05  -4.42250e+00
  23  alpha_phi    6.49461e-02   1.35310e-03  -2.74526e-05  -7.69263e+01
  24  beta_phi     3.32862e-01   5.95398e-03  -1.51556e-04  -4.81729e+01
 EXTERNAL ERROR MATRIX.    NDIM=  25    NPAR=  7    ERR DEF=1
  5.901e-08 -2.938e-09 -1.318e-02 -4.446e-07  1.522e-07 -1.305e-07  1.827e-07 
 -2.938e-09  2.794e-08  2.587e-03  4.082e-08 -1.472e-08 -7.551e-09 -1.953e-08 
 -1.318e-02  2.587e-03  1.810e+05  3.875e+00 -7.166e-01 -3.570e-01 -2.518e+00 
 -4.446e-07  4.082e-08  3.875e+00  8.450e-05 -1.547e-05 -6.477e-06 -5.418e-05 
  1.522e-07 -1.472e-08 -7.166e-01 -1.547e-05  3.667e-06  1.215e-06  1.000e-05 
 -1.305e-07 -7.551e-09 -3.570e-01 -6.477e-06  1.215e-06  1.831e-06  4.638e-06 
  1.827e-07 -1.953e-08 -2.518e+00 -5.418e-05  1.000e-05  4.638e-06  3.545e-05 
ERR MATRIX APPROXIMATE
 PARAMETER  CORRELATION COEFFICIENTS  
       NO.  GLOBAL     10     11     20     21     22     23     24
       10  0.77245   1.000 -0.072 -0.128 -0.199  0.327 -0.397  0.126
       11  0.22027  -0.072  1.000  0.036  0.027 -0.046 -0.033 -0.020
       20  0.99900  -0.128  0.036  1.000  0.991 -0.879 -0.620 -0.994
       21  0.99791  -0.199  0.027  0.991  1.000 -0.879 -0.521 -0.990
       22  0.91106   0.327 -0.046 -0.879 -0.879  1.000  0.469  0.877
       23  0.95040  -0.397 -0.033 -0.620 -0.521  0.469  1.000  0.576
       24  0.99637   0.126 -0.020 -0.994 -0.990  0.877  0.576  1.000
 ERR MATRIX APPROXIMATE
MINUIT - FIT ONLY 2-y
 **********
 **   67 **RES 
 **********
                   PARAMETER   16  beta_vw RESTORED TO VARIABLE.
                   PARAMETER   14  alpha_vw RESTORED TO VARIABLE.
                   PARAMETER   13  beta_y RESTORED TO VARIABLE.
                   PARAMETER    9  alpha_2CBO RESTORED TO VARIABLE.
                   PARAMETER    8  beta_CBO RESTORED TO VARIABLE.
                   PARAMETER    6  alpha_CBO RESTORED TO VARIABLE.
                   PARAMETER    4  phi RESTORED TO VARIABLE.
                   PARAMETER    3  A0 RESTORED TO VARIABLE.
                   PARAMETER    1  N0 RESTORED TO VARIABLE.
 **********
 **   68 **FIX            0
 **********
 PARAMETER    0  IS UNDEFINED. IGNORED.
 **********
 **   69 **FIX            1
 **********
 **********
 **   70 **FIX            2
 **********
 PARAMETER    2  IS CONSTANT.   IGNORED.
 **********
 **   71 **FIX            3
 **********
 **********
 **   72 **FIX            4
 **********
 **********
 **   73 **FIX            5
 **********
 PARAMETER    5  IS CONSTANT.   IGNORED.
 **********
 **   74 **FIX            6
 **********
 **********
 **   75 **FIX            7
 **********
 PARAMETER    7  IS CONSTANT.   IGNORED.
 **********
 **   76 **FIX            8
 **********
 **********
 **   77 **FIX            9
 **********
 **********
 **   78 **FIX           10
 **********
 **********
 **   79 **FIX           11
 **********
 **********
 **   80 **FIX           12
 **********
 PARAMETER   12  IS CONSTANT.   IGNORED.
 **********
 **   81 **FIX           16
 **********
 **********
 **   82 **MIGRAD
 **********
 START MIGRAD MINIMIZATION.  STRATEGY  1.  CONVERGENCE WHEN EDM .LT. 1.00e-04
 FCN=50.8007 FROM MIGRAD    STATUS=INITIATE       16 CALLS        7477 TOTAL
                     EDM= unknown      STRATEGY= 1      NO ERROR MATRIX       
  EXT PARAMETER               CURRENT GUESS       STEP         FIRST   
  NO.   NAME      VALUE            ERROR          SIZE      DERIVATIVE 
   1  N0           2.83187e+06     fixed    
   2  tau          6.44362e+01   constant   
   3  A0           4.12889e-01     fixed    
   4  phi          4.01997e+00     fixed    
   5  R           -5.98416e+01   constant   
   6  alpha_CBO   -7.94374e-02     fixed    
   7  w_CBO        2.32500e+00   constant   
   8  beta_CBO     1.00324e-02     fixed    
   9  alpha_2CBO  -1.78365e-03     fixed    
  10  beta_2CBO    1.33892e-03     fixed    
  11  alpha_y     -4.05013e-03     fixed    
  12  w_y          1.44500e+01   constant   
  13  beta_y       7.92359e-05   1.58201e-04   1.58201e-04  -7.35203e+03
  14  alpha_vw     0.00000e+00   1.00000e-03   1.00000e-03   4.29485e+04
  15  w_vw         1.29000e+01   constant   
  16  beta_vw      0.00000e+00     fixed    
  17  LM           1.16794e-03   constant   
  18  zeta_y       0.00000e+00   constant   
  19  zeta_vw      0.00000e+00   constant   
  20  T_CBO        9.03744e+02   8.22326e+02   3.65452e-02  -5.70071e-01
  21  alpha_A0    -5.04948e-01   9.19233e-03   2.30380e-04   5.08457e+01
  22  beta_A0      1.03768e-01   1.91507e-03  -3.81077e-05  -4.42250e+00
  23  alpha_phi    6.49461e-02   1.35310e-03  -2.74526e-05  -7.69263e+01
  24  beta_phi     3.32862e-01   5.95398e-03  -1.51556e-04  -4.81729e+01
 MIGRAD MINIMIZATION HAS CONVERGED.
 MIGRAD WILL VERIFY CONVERGENCE AND ERROR MATRIX.
 COVARIANCE MATRIX CALCULATED SUCCESSFULLY
 FCN=40.1393 FROM MIGRAD    STATUS=CONVERGED     531 CALLS        7992 TOTAL
                     EDM=5.93771e-06    STRATEGY= 1      ERROR MATRIX ACCURATE 
  EXT PARAMETER                                   STEP         FIRST   
  NO.   NAME      VALUE            ERROR          SIZE      DERIVATIVE 
   1  N0           2.83187e+06     fixed    
   2  tau          6.44362e+01   constant   
   3  A0           4.12889e-01     fixed    
   4  phi          4.01997e+00     fixed    
   5  R           -5.98416e+01   constant   
   6  alpha_CBO   -7.94374e-02     fixed    
   7  w_CBO        2.32500e+00   constant   
   8  beta_CBO     1.00324e-02     fixed    
   9  alpha_2CBO  -1.78365e-03     fixed    
  10  beta_2CBO    1.33892e-03     fixed    
  11  alpha_y     -4.05013e-03     fixed    
  12  w_y          1.44500e+01   constant   
  13  beta_y       1.45871e-04   1.51910e-04   4.70563e-07  -7.91672e-01
  14  alpha_vw    -4.83599e-04   1.50369e-04   4.68335e-07  -2.81584e+00
