 + ++++++++++++++++++++++++++++++++++++++++++++++++++++++++++++++++++++ +
 +                                                                      +
 +           You have chose to blind your fitting according to          +
 +                omega_ref * (1 + (R +/- deltaR) *10^{-6})             +
 +                                                                      +
 + ++++++++++++++++++++++++++++++++++++++++++++++++++++++++++++++++++++ +
In main()...
reading format from /gm2data/zkhechad/run45/envelope/formats/formatB_sBin_constraintOn.txt
pBinTau 	= 0  
pBinPhi 	= 0  
constraintau 	= 1 
includeMopTerm 	= 0    
constrainMop    = 0   
Parameters after format file: pBinTau 0 pBinPhi 0 constraintau 1 includeMopTerm 0 constrainMop 0 c_e_scale 0.000000 
Opening file /gm2data/tbarrett/gm2fr/studies/run23_bunch_corrections/CorrectedFourier_Run3b.root.
reading full fit data from /gm2data/zkhechad/cboTemplates/Run4CBOTemplates/templateFits0_v2.0/noRF/sBin_constraintOn_cE0.0_seed0_noRF_calo11.root
windowBins = 17
fitting sliding window 522 from bin 658 at 98.024400 to bin 675 at 100.710000 (17 bins)

Reading data from /gm2data/cornell/histograms/aMethod/histogram_a_noRF.root
 **********
 **    1 **SET PRINTOUT            1
 **********
 **********
 **    2 **SET NOWARNINGS 
 **********
 PARAMETER DEFINITIONS:
    NO.   NAME         VALUE      STEP SIZE      LIMITS
     1 N0           3.15841e+06  1.00000e+02     no limits
     2 tau          6.43667e+01  constant
     3 A0           3.42728e-01  1.00000e-04     no limits
     4 phi          4.11795e+00  1.00000e-02     no limits
     5 R           -6.17041e+01  constant
     6 alpha_CBO    0.00000e+00  1.00000e-03     no limits
     7 w_CBO        2.32500e+00  constant
     8 beta_CBO     0.00000e+00  1.00000e-03     no limits
     9 alpha_2CBO   0.00000e+00  1.00000e-03     no limits
    10 beta_2CBO    0.00000e+00  1.00000e-03     no limits
    11 alpha_y      0.00000e+00  1.00000e-03     no limits
    12 w_y          1.44500e+01  constant
    13 beta_y       0.00000e+00  1.00000e-03     no limits
    14 alpha_vw     0.00000e+00  1.00000e-03     no limits
    15 w_vw         1.29000e+01  constant
    16 beta_vw      0.00000e+00  1.00000e-03     no limits
    17 LM          -1.31768e-03  constant
    18 zeta_y       0.00000e+00  constant
    19 zeta_vw      0.00000e+00  constant
    20 T_CBO        1.00000e+02  1.00000e+00    0.00000e+00  1.00000e+03
    21 alpha_A0     0.00000e+00  1.00000e-03     no limits
    22 beta_A0      0.00000e+00  1.00000e-03     no limits
    23 alpha_phi    0.00000e+00  1.00000e-03     no limits
    24 beta_phi     0.00000e+00  1.00000e-03     no limits
MINUIT - FIT ONLY WIGGLE
 **********
 **    3 **FIX            5
 **********
 PARAMETER    5  IS CONSTANT.   IGNORED.
 **********
 **    4 **FIX            6
 **********
 **********
 **    5 **FIX            7
 **********
 PARAMETER    7  IS CONSTANT.   IGNORED.
 **********
 **    6 **FIX            8
 **********
 **********
 **    7 **FIX            9
 **********
 **********
 **    8 **FIX           10
 **********
 **********
 **    9 **FIX           11
 **********
 **********
 **   10 **FIX           12
 **********
 PARAMETER   12  IS CONSTANT.   IGNORED.
 **********
 **   11 **FIX           13
 **********
 **********
 **   12 **FIX           14
 **********
 **********
 **   13 **FIX           15
 **********
 PARAMETER   15  IS CONSTANT.   IGNORED.
 **********
 **   14 **FIX           16
 **********
 **********
 **   15 **MIGRAD
 **********
 FIRST CALL TO USER FUNCTION AT NEW START POINT, WITH IFLAG=4.
 START MIGRAD MINIMIZATION.  STRATEGY  1.  CONVERGENCE WHEN EDM .LT. 1.00e-04
 FCN=838.777 FROM MIGRAD    STATUS=INITIATE      437 CALLS         438 TOTAL
                     EDM= unknown      STRATEGY= 1      NO ERROR MATRIX       
  EXT PARAMETER               CURRENT GUESS       STEP         FIRST   
  NO.   NAME      VALUE            ERROR          SIZE      DERIVATIVE 
   1  N0           3.15841e+06   1.00000e+02   0.00000e+00   2.32206e-02
   2  tau          6.43667e+01   constant   
   3  A0           3.42728e-01   1.00000e-04   0.00000e+00   1.16948e+05
   4  phi          4.11795e+00   1.00000e-02   0.00000e+00  -5.15564e+04
   5  R           -6.17041e+01   constant   
   6  alpha_CBO    0.00000e+00     fixed    
   7  w_CBO        2.32500e+00   constant   
   8  beta_CBO     0.00000e+00     fixed    
   9  alpha_2CBO   0.00000e+00     fixed    
  10  beta_2CBO    0.00000e+00     fixed    
  11  alpha_y      0.00000e+00     fixed    
  12  w_y          1.44500e+01   constant   
  13  beta_y       0.00000e+00     fixed    
  14  alpha_vw     0.00000e+00     fixed    
  15  w_vw         1.29000e+01   constant   
  16  beta_vw      0.00000e+00     fixed    
  17  LM          -1.31768e-03   constant   
  18  zeta_y       0.00000e+00   constant   
  19  zeta_vw      0.00000e+00   constant   
  20  T_CBO        1.00000e+02   1.00000e+00   0.00000e+00   0.00000e+00
  21  alpha_A0     0.00000e+00   1.00000e-03   0.00000e+00  -5.99132e+03
  22  beta_A0      0.00000e+00   1.00000e-03   0.00000e+00  -3.54696e+03
  23  alpha_phi    0.00000e+00   1.00000e-03   0.00000e+00  -1.25113e+04
  24  beta_phi     0.00000e+00   1.00000e-03   0.00000e+00   1.34322e+03
 MIGRAD MINIMIZATION HAS CONVERGED.
 MIGRAD WILL VERIFY CONVERGENCE AND ERROR MATRIX.
 FCN=65.4837 FROM HESSE     STATUS=NOT POSDEF     61 CALLS        1151 TOTAL
                     EDM=0.00179873    STRATEGY= 1      ERR MATRIX NOT POS-DEF
  EXT PARAMETER                APPROXIMATE        STEP         FIRST   
  NO.   NAME      VALUE            ERROR          SIZE      DERIVATIVE 
   1  N0           3.15150e+06   6.49231e+03   2.14300e+00  -3.56590e-06
   2  tau          6.43667e+01   constant   
   3  A0           3.34411e-01   1.64943e-03   1.16014e-06  -1.09577e+01
   4  phi          4.16337e+00   7.83991e-03   3.11463e-06   6.64128e-02
   5  R           -6.17041e+01   constant   
   6  alpha_CBO    0.00000e+00     fixed    
   7  w_CBO        2.32500e+00   constant   
   8  beta_CBO     0.00000e+00     fixed    
   9  alpha_2CBO   0.00000e+00     fixed    
  10  beta_2CBO    0.00000e+00     fixed    
  11  alpha_y      0.00000e+00     fixed    
  12  w_y          1.44500e+01   constant   
  13  beta_y       0.00000e+00     fixed    
  14  alpha_vw     0.00000e+00     fixed    
  15  w_vw         1.29000e+01   constant   
  16  beta_vw      0.00000e+00     fixed    
  17  LM          -1.31768e-03   constant   
  18  zeta_y       0.00000e+00   constant   
  19  zeta_vw      0.00000e+00   constant   
  20  T_CBO        6.54547e+01   1.22596e+01   1.42760e-05  -5.60366e-01
  21  alpha_A0    -9.42148e-02   4.86787e-02   1.89671e-05  -1.43928e+00
  22  beta_A0     -2.09979e-01   6.03682e-02   2.16119e-05   1.07990e+00
  23  alpha_phi   -1.52195e-01   5.41210e-02   2.29775e-05   3.97612e-01
  24  beta_phi     1.11954e-01   4.96894e-02   2.19608e-05   4.33286e-01
 MIGRAD MINIMIZATION HAS CONVERGED.
 MIGRAD WILL VERIFY CONVERGENCE AND ERROR MATRIX.
 COVARIANCE MATRIX CALCULATED SUCCESSFULLY
 MIGRAD TERMINATED WITHOUT CONVERGENCE.
 FCN=65.4346 FROM MIGRAD    STATUS=FAILED       1340 CALLS        1341 TOTAL
                     EDM=0.000179248    STRATEGY= 1      ERR MATRIX APPROXIMATE
  EXT PARAMETER                APPROXIMATE        STEP         FIRST   
  NO.   NAME      VALUE            ERROR          SIZE      DERIVATIVE 
   1  N0           3.14406e+06   3.52105e+04   2.13720e+00  -8.59581e-07
   2  tau          6.43667e+01   constant   
   3  A0           3.33541e-01   5.11655e-03   1.15030e-06  -8.63512e-01
   4  phi          4.16156e+00   1.49074e-02   3.16093e-06  -4.05601e-01
   5  R           -6.17041e+01   constant   
   6  alpha_CBO    0.00000e+00     fixed    
   7  w_CBO        2.32500e+00   constant   
   8  beta_CBO     0.00000e+00     fixed    
   9  alpha_2CBO   0.00000e+00     fixed    
  10  beta_2CBO    0.00000e+00     fixed    
  11  alpha_y      0.00000e+00     fixed    
  12  w_y          1.44500e+01   constant   
  13  beta_y       0.00000e+00     fixed    
  14  alpha_vw     0.00000e+00     fixed    
  15  w_vw         1.29000e+01   constant   
  16  beta_vw      0.00000e+00     fixed    
  17  LM          -1.31768e-03   constant   
  18  zeta_y       0.00000e+00   constant   
  19  zeta_vw      0.00000e+00   constant   
  20  T_CBO        6.56169e+01   1.00157e+02   1.35721e-05   8.54474e-03
  21  alpha_A0    -5.08180e-02   2.64290e-01   1.91735e-05  -1.14261e-01
  22  beta_A0     -2.46446e-01   5.53908e-01   2.18653e-05   6.34671e-02
  23  alpha_phi   -1.85373e-01   4.19896e-01   2.28632e-05  -1.03007e-02
  24  beta_phi     6.78380e-02   2.94565e-01   2.18486e-05   2.00968e-02
 EXTERNAL ERROR MATRIX.    NDIM=  25    NPAR=  8    ERR DEF=1
  1.240e+09  1.612e+02  2.441e+02 -9.716e+05 -8.136e+03  1.177e+03  1.987e+03  8.635e+03 
  1.612e+02  2.618e-05  6.520e-06 -2.131e-01 -1.053e-03 -1.883e-04  5.789e-05  1.184e-03 
  2.441e+02  6.520e-06  2.222e-04 -1.314e-01 -2.269e-03 -3.057e-04 -3.848e-04  2.179e-03 
 -9.716e+05 -2.131e-01 -1.314e-01  1.063e+04  1.784e+01  5.359e+01  3.904e+01 -2.237e+01 
 -8.136e+03 -1.053e-03 -2.269e-03  1.784e+01  6.985e-02  5.928e-02  3.845e-02 -7.721e-02 
  1.177e+03 -1.883e-04 -3.057e-04  5.359e+01  5.928e-02  3.068e-01  2.314e-01 -8.078e-02 
  1.987e+03  5.789e-05 -3.848e-04  3.904e+01  3.845e-02  2.314e-01  1.763e-01 -5.366e-02 
  8.635e+03  1.184e-03  2.179e-03 -2.237e+01 -7.721e-02 -8.078e-02 -5.366e-02  8.677e-02 
ERR MATRIX APPROXIMATE
 PARAMETER  CORRELATION COEFFICIENTS  
       NO.  GLOBAL      1      3      4     20     21     22     23     24
        1  0.99988   1.000  0.895  0.465 -0.268 -0.874  0.060  0.134  0.833
        3  0.99840   0.895  1.000  0.085 -0.404 -0.778 -0.066  0.027  0.785
        4  0.99858   0.465  0.085  1.000 -0.085 -0.576 -0.037 -0.061  0.496
       20  0.99997  -0.268 -0.404 -0.085  1.000  0.655  0.938  0.902 -0.737
       21  0.99983  -0.874 -0.778 -0.576  0.655  1.000  0.405  0.346 -0.992
       22  0.99995   0.060 -0.066 -0.037  0.938  0.405  1.000  0.995 -0.495
       23  0.99991   0.134  0.027 -0.061  0.902  0.346  0.995  1.000 -0.434
       24  0.99983   0.833  0.785  0.496 -0.737 -0.992 -0.495 -0.434  1.000
 ERR MATRIX APPROXIMATE
MINUIT - FIT ONLY 1-CBO + wiggle
 **********
 **   16 **RES 
 **********
                   PARAMETER   16  beta_vw RESTORED TO VARIABLE.
                   PARAMETER   14  alpha_vw RESTORED TO VARIABLE.
                   PARAMETER   13  beta_y RESTORED TO VARIABLE.
                   PARAMETER   11  alpha_y RESTORED TO VARIABLE.
                   PARAMETER   10  beta_2CBO RESTORED TO VARIABLE.
                   PARAMETER    9  alpha_2CBO RESTORED TO VARIABLE.
                   PARAMETER    8  beta_CBO RESTORED TO VARIABLE.
                   PARAMETER    6  alpha_CBO RESTORED TO VARIABLE.
 **********
 **   17 **FIX            8
 **********
 **********
 **   18 **FIX            9
 **********
 **********
 **   19 **FIX           11
 **********
 **********
 **   20 **FIX           12
 **********
 PARAMETER   12  IS CONSTANT.   IGNORED.
 **********
 **   21 **FIX           14
 **********
 **********
 **   22 **FIX           15
 **********
 PARAMETER   15  IS CONSTANT.   IGNORED.
 **********
 **   23 **FIX           16
 **********
 **********
 **   24 **MIGRAD
 **********
 START MIGRAD MINIMIZATION.  STRATEGY  1.  CONVERGENCE WHEN EDM .LT. 1.00e-04
 FCN=65.4346 FROM MIGRAD    STATUS=INITIATE       28 CALLS        1369 TOTAL
                     EDM= unknown      STRATEGY= 1      NO ERROR MATRIX       
  EXT PARAMETER               CURRENT GUESS       STEP         FIRST   
  NO.   NAME      VALUE            ERROR          SIZE      DERIVATIVE 
   1  N0           3.14406e+06   3.52105e+04   2.13720e+00  -8.59582e-07
   2  tau          6.43667e+01   constant   
   3  A0           3.33541e-01   5.11655e-03   1.15030e-06  -8.63521e-01
   4  phi          4.16156e+00   1.49074e-02   3.16093e-06  -4.05597e-01
   5  R           -6.17041e+01   constant   
   6  alpha_CBO    0.00000e+00   1.00000e-03   1.00000e-03   8.54894e+01
   7  w_CBO        2.32500e+00   constant   
   8  beta_CBO     0.00000e+00     fixed    
   9  alpha_2CBO   0.00000e+00     fixed    
  10  beta_2CBO    0.00000e+00   1.00000e-03   1.00000e-03  -1.12803e+03
  11  alpha_y      0.00000e+00     fixed    
  12  w_y          1.44500e+01   constant   
  13  beta_y       0.00000e+00   1.00000e-03   1.00000e-03  -5.93206e+04
  14  alpha_vw     0.00000e+00     fixed    
  15  w_vw         1.29000e+01   constant   
  16  beta_vw      0.00000e+00     fixed    
  17  LM          -1.31768e-03   constant   
  18  zeta_y       0.00000e+00   constant   
  19  zeta_vw      0.00000e+00   constant   
  20  T_CBO        6.56169e+01   1.00157e+02   1.35721e-05   8.55656e-03
  21  alpha_A0    -5.08180e-02   2.64290e-01   1.91735e-05  -1.14258e-01
  22  beta_A0     -2.46446e-01   5.53908e-01   2.18653e-05   6.34621e-02
  23  alpha_phi   -1.85373e-01   4.19896e-01   2.28632e-05  -1.03008e-02
  24  beta_phi     6.78380e-02   2.94565e-01   2.18486e-05   2.00969e-02
 MIGRAD MINIMIZATION HAS CONVERGED.
 MIGRAD WILL VERIFY CONVERGENCE AND ERROR MATRIX.
 FCN=9.6255 FROM MIGRAD    STATUS=CONVERGED     319 CALLS        1660 TOTAL
                     EDM=8.80795e-05    STRATEGY= 1      ERR MATRIX NOT POS-DEF
  EXT PARAMETER                APPROXIMATE        STEP         FIRST   
  NO.   NAME      VALUE            ERROR          SIZE      DERIVATIVE 
   1  N0           3.14479e+06   5.89297e+03   1.49955e+00   6.84494e-07
   2  tau          6.43667e+01   constant   
   3  A0           3.33001e-01   1.97305e-03   4.58883e-07  -2.51209e-01
   4  phi          4.16047e+00   9.34621e-03   1.98387e-06   1.99031e-01
   5  R           -6.17041e+01   constant   
   6  alpha_CBO    3.30810e-04   2.57142e-03   3.74723e-07  -3.08906e+00
   7  w_CBO        2.32500e+00   constant   
   8  beta_CBO     0.00000e+00     fixed    
   9  alpha_2CBO   0.00000e+00     fixed    
  10  beta_2CBO    6.17360e-04   8.09808e-04   3.76291e-07   2.23205e+00
  11  alpha_y      0.00000e+00     fixed    
  12  w_y          1.44500e+01   constant   
  13  beta_y       1.87039e-03   2.50379e-04   3.89815e-07   1.33049e-01
  14  alpha_vw     0.00000e+00     fixed    
  15  w_vw         1.29000e+01   constant   
  16  beta_vw      0.00000e+00     fixed    
  17  LM          -1.31768e-03   constant   
  18  zeta_y       0.00000e+00   constant   
  19  zeta_vw      0.00000e+00   constant   
  20  T_CBO        6.68411e+01   1.06185e+01   5.28430e-06  -8.69273e-02
  21  alpha_A0    -4.99058e-02   4.75197e-02   7.47655e-06  -5.82987e-03
  22  beta_A0     -2.57177e-01   5.78825e-02   8.54188e-06   5.97982e-02
  23  alpha_phi   -1.83282e-01   6.07083e-02   8.89266e-06   4.25686e-02
  24  beta_phi     7.00416e-02   4.08304e-02   8.48552e-06   5.42893e-04
 EXTERNAL ERROR MATRIX.    NDIM=  25    NPAR= 11    ERR DEF=1
  3.473e+07 
  4.371e+00  3.893e-06 
  1.165e+00 -1.358e-05  8.735e-05 
 -4.165e-01  2.791e-06 -1.046e-05  6.612e-06 
  2.971e-01 -2.671e-07 -3.240e-07 -1.438e-06  6.558e-07 
  1.694e-02 -8.077e-09 -4.477e-08  4.823e-08  5.516e-09  6.269e-08 
 -1.415e+04 -8.247e-03  3.865e-02  2.118e-03 -1.938e-03  8.068e-05  1.128e+02 
 -1.764e+02 -9.060e-06 -1.911e-04 -4.273e-05  1.910e-05 -3.972e-07 -4.238e-03  2.258e-03 
  1.155e+02  4.596e-05 -1.261e-04  4.546e-05 -1.006e-05 -8.248e-08  3.661e-01 -2.232e-04  3.350e-03 
  1.427e+02  1.843e-05 -1.118e-04 -8.105e-05  2.943e-05 -6.186e-07  8.125e-02  1.058e-03  1.870e-03  3.686e-03 
  1.926e+02  7.666e-06  1.686e-04 -1.521e-05  9.166e-07  3.093e-08 -1.317e-01 -1.532e-03 -2.308e-04  1.776e-05  1.667e-03 
ERR MATRIX NOT POS-DEF
 PARAMETER  CORRELATION COEFFICIENTS  
       NO.  GLOBAL      1      3      4      6     10     13     20     21     22     23     24
        1  0.99582   1.000  0.376  0.021 -0.027  0.062  0.011 -0.226 -0.630  0.339  0.399  0.800
        3  0.98931   0.376  1.000 -0.736  0.550 -0.167 -0.016 -0.394 -0.097  0.402  0.154  0.095
        4  0.99637   0.021 -0.736  1.000 -0.435 -0.043 -0.019  0.389 -0.430 -0.233 -0.197  0.442
        6  0.99582  -0.027  0.550 -0.435  1.000 -0.691  0.075  0.078 -0.350  0.305 -0.519 -0.145
       10  0.95661   0.062 -0.167 -0.043 -0.691  1.000  0.027 -0.225  0.496 -0.215  0.599  0.028
       13  0.21660   0.011 -0.016 -0.019  0.075  0.027  1.000  0.030 -0.033 -0.006 -0.041  0.003
       20  0.99696  -0.226 -0.394  0.389  0.078 -0.225  0.030  1.000 -0.008  0.595  0.126 -0.304
       21  0.99512  -0.630 -0.097 -0.430 -0.350  0.496 -0.033 -0.008  1.000 -0.081  0.367 -0.789
       22  0.99571   0.339  0.402 -0.233  0.305 -0.215 -0.006  0.595 -0.081  1.000  0.532 -0.098
       23  0.99577   0.399  0.154 -0.197 -0.519  0.599 -0.041  0.126  0.367  0.532  1.000  0.007
       24  0.99147   0.800  0.095  0.442 -0.145  0.028  0.003 -0.304 -0.789 -0.098  0.007  1.000
 ERR MATRIX NOT POS-DEF
MINUIT - FIT ONLY 2-CBO
 **********
 **   25 **RES 
 **********
                   PARAMETER   16  beta_vw RESTORED TO VARIABLE.
                   PARAMETER   14  alpha_vw RESTORED TO VARIABLE.
                   PARAMETER   11  alpha_y RESTORED TO VARIABLE.
                   PARAMETER    9  alpha_2CBO RESTORED TO VARIABLE.
                   PARAMETER    8  beta_CBO RESTORED TO VARIABLE.
 **********
 **   26 **FIX            0
 **********
 PARAMETER    0  IS UNDEFINED. IGNORED.
 **********
 **   27 **FIX            1
 **********
 **********
 **   28 **FIX            2
 **********
 PARAMETER    2  IS CONSTANT.   IGNORED.
 **********
 **   29 **FIX            3
 **********
 **********
 **   30 **FIX            4
 **********
 **********
 **   31 **FIX            5
 **********
 PARAMETER    5  IS CONSTANT.   IGNORED.
 **********
 **   32 **FIX            6
 **********
 **********
 **   33 **FIX            7
 **********
 PARAMETER    7  IS CONSTANT.   IGNORED.
 **********
 **   34 **FIX           10
 **********
 **********
 **   35 **FIX           11
 **********
 **********
 **   36 **FIX           12
 **********
 PARAMETER   12  IS CONSTANT.   IGNORED.
 **********
 **   37 **FIX           13
 **********
 **********
 **   38 **FIX           14
 **********
 **********
 **   39 **FIX           15
 **********
 PARAMETER   15  IS CONSTANT.   IGNORED.
 **********
 **   40 **FIX           16
 **********
 **********
 **   41 **MIGRAD
 **********
 START MIGRAD MINIMIZATION.  STRATEGY  1.  CONVERGENCE WHEN EDM .LT. 1.00e-04
 FCN=9.6255 FROM MIGRAD    STATUS=INITIATE       18 CALLS        1678 TOTAL
                     EDM= unknown      STRATEGY= 1      NO ERROR MATRIX       
  EXT PARAMETER               CURRENT GUESS       STEP         FIRST   
  NO.   NAME      VALUE            ERROR          SIZE      DERIVATIVE 
   1  N0           3.14479e+06     fixed    
   2  tau          6.43667e+01   constant   
   3  A0           3.33001e-01     fixed    
   4  phi          4.16047e+00     fixed    
   5  R           -6.17041e+01   constant   
   6  alpha_CBO    3.30810e-04     fixed    
   7  w_CBO        2.32500e+00   constant   
   8  beta_CBO     0.00000e+00   1.00000e-03   1.00000e-03  -5.06785e+01
   9  alpha_2CBO   0.00000e+00   1.00000e-03   1.00000e-03   1.57588e+02
  10  beta_2CBO    6.17360e-04     fixed    
  11  alpha_y      0.00000e+00     fixed    
  12  w_y          1.44500e+01   constant   
  13  beta_y       1.87039e-03     fixed    
  14  alpha_vw     0.00000e+00     fixed    
  15  w_vw         1.29000e+01   constant   
  16  beta_vw      0.00000e+00     fixed    
  17  LM          -1.31768e-03   constant   
  18  zeta_y       0.00000e+00   constant   
  19  zeta_vw      0.00000e+00   constant   
  20  T_CBO        6.68411e+01   1.06185e+01   5.28430e-06  -8.69323e-02
  21  alpha_A0    -4.99058e-02   4.75197e-02   7.47655e-06  -5.84331e-03
  22  beta_A0     -2.57177e-01   5.78825e-02   8.54188e-06   5.98031e-02
  23  alpha_phi   -1.83282e-01   6.07083e-02   8.89266e-06   4.25688e-02
  24  beta_phi     7.00416e-02   4.08304e-02   8.48552e-06   5.43138e-04
 MIGRAD MINIMIZATION HAS CONVERGED.
 MIGRAD WILL VERIFY CONVERGENCE AND ERROR MATRIX.
 COVARIANCE MATRIX CALCULATED SUCCESSFULLY
 FCN=9.62313 FROM MIGRAD    STATUS=CONVERGED     151 CALLS        1811 TOTAL
                     EDM=3.15498e-06    STRATEGY= 1      ERROR MATRIX ACCURATE 
  EXT PARAMETER                                   STEP         FIRST   
  NO.   NAME      VALUE            ERROR          SIZE      DERIVATIVE 
   1  N0           3.14479e+06     fixed    
   2  tau          6.43667e+01   constant   
   3  A0           3.33001e-01     fixed    
   4  phi          4.16047e+00     fixed    
   5  R           -6.17041e+01   constant   
   6  alpha_CBO    3.30810e-04     fixed    
   7  w_CBO        2.32500e+00   constant   
   8  beta_CBO    -4.60980e-05   1.24563e-03   3.98542e-07   4.08088e-01
   9  alpha_2CBO  -4.50394e-05   9.52956e-04   3.96675e-07   5.43380e-03
  10  beta_2CBO    6.17360e-04     fixed    
  11  alpha_y      0.00000e+00     fixed    
  12  w_y          1.44500e+01   constant   
  13  beta_y       1.87039e-03     fixed    
  14  alpha_vw     0.00000e+00     fixed    
  15  w_vw         1.29000e+01   constant   
  16  beta_vw      0.00000e+00     fixed    
  17  LM          -1.31768e-03   constant   
  18  zeta_y       0.00000e+00   constant   
  19  zeta_vw      0.00000e+00   constant   
  20  T_CBO        6.68264e+01   9.88300e+01   5.28300e-06  -6.69806e-01
  21  alpha_A0    -4.93091e-02   1.12438e-01   7.47833e-06  -5.04548e-02
  22  beta_A0     -2.56556e-01   5.75151e-01   8.54296e-06   3.62742e-01
  23  alpha_phi   -1.83728e-01   4.13628e-01   8.89489e-06   1.10902e-01
  24  beta_phi     7.12761e-02   1.70154e-01   8.48787e-06  -1.33927e-01
 EXTERNAL ERROR MATRIX.    NDIM=  25    NPAR=  7    ERR DEF=1
  1.552e-06  1.050e-06  4.359e-02  3.228e-05  2.280e-04  1.873e-04 -1.047e-04 
  1.050e-06  9.081e-07  4.957e-03 -7.392e-06  1.310e-05  2.833e-05 -3.423e-05 
  4.359e-02  4.957e-03  1.032e+04  1.133e+01  5.842e+01  4.202e+01 -1.704e+01 
  3.228e-05 -7.392e-06  1.133e+01  1.264e-02  6.432e-02  4.599e-02 -1.831e-02 
  2.280e-04  1.310e-05  5.842e+01  6.432e-02  3.308e-01  2.376e-01 -9.595e-02 
  1.873e-04  2.833e-05  4.202e+01  4.599e-02  2.376e-01  1.711e-01 -6.959e-02 
 -1.047e-04 -3.423e-05 -1.704e+01 -1.831e-02 -9.595e-02 -6.959e-02  2.895e-02 
 PARAMETER  CORRELATION COEFFICIENTS  
       NO.  GLOBAL      8      9     20     21     22     23     24
        8  0.97958   1.000  0.884  0.344  0.230  0.318  0.364 -0.494
        9  0.96519   0.884  1.000  0.051 -0.069  0.024  0.072 -0.211
       20  0.99997   0.344  0.051  1.000  0.992  1.000  1.000 -0.986
       21  0.99913   0.230 -0.069  0.992  1.000  0.995  0.989 -0.957
       22  0.99996   0.318  0.024  1.000  0.995  1.000  0.999 -0.980
       23  0.99991   0.364  0.072  1.000  0.989  0.999  1.000 -0.989
       24  0.99951  -0.494 -0.211 -0.986 -0.957 -0.980 -0.989  1.000
MINUIT - FIT wiggle + 1-CBO + 2-CBO
 **********
 **   42 **RES 
 **********
                   PARAMETER   16  beta_vw RESTORED TO VARIABLE.
                   PARAMETER   14  alpha_vw RESTORED TO VARIABLE.
                   PARAMETER   13  beta_y RESTORED TO VARIABLE.
                   PARAMETER   11  alpha_y RESTORED TO VARIABLE.
                   PARAMETER   10  beta_2CBO RESTORED TO VARIABLE.
                   PARAMETER    6  alpha_CBO RESTORED TO VARIABLE.
                   PARAMETER    4  phi RESTORED TO VARIABLE.
                   PARAMETER    3  A0 RESTORED TO VARIABLE.
                   PARAMETER    1  N0 RESTORED TO VARIABLE.
 **********
 **   43 **FIX           10
 **********
 **********
 **   44 **FIX           11
 **********
 **********
 **   45 **FIX           12
 **********
 PARAMETER   12  IS CONSTANT.   IGNORED.
 **********
 **   46 **FIX           13
 **********
 **********
 **   47 **FIX           14
 **********
 **********
 **   48 **FIX           15
 **********
 PARAMETER   15  IS CONSTANT.   IGNORED.
 **********
 **   49 **FIX           16
 **********
 **********
 **   50 **MIGRAD
 **********
 START MIGRAD MINIMIZATION.  STRATEGY  1.  CONVERGENCE WHEN EDM .LT. 1.00e-04
 FCN=9.62313 FROM MIGRAD    STATUS=INITIATE       22 CALLS        1833 TOTAL
                     EDM= unknown      STRATEGY= 1      NO ERROR MATRIX       
  EXT PARAMETER               CURRENT GUESS       STEP         FIRST   
  NO.   NAME      VALUE            ERROR          SIZE      DERIVATIVE 
   1  N0           3.14479e+06   5.89297e+03   5.89297e+03   1.00974e-06
   2  tau          6.43667e+01   constant   
   3  A0           3.33001e-01   1.97305e-03   1.97305e-03  -3.07800e+01
   4  phi          4.16047e+00   9.34621e-03   9.34621e-03   1.05020e+00
   5  R           -6.17041e+01   constant   
   6  alpha_CBO    3.30810e-04   2.57142e-03   2.57142e-03   2.83111e+01
   7  w_CBO        2.32500e+00   constant   
   8  beta_CBO    -4.60980e-05   1.24563e-03   3.98542e-07   4.08085e-01
   9  alpha_2CBO  -4.50394e-05   9.52956e-04   3.96675e-07   5.42712e-03
  10  beta_2CBO    6.17360e-04     fixed    
  11  alpha_y      0.00000e+00     fixed    
  12  w_y          1.44500e+01   constant   
  13  beta_y       1.87039e-03     fixed    
  14  alpha_vw     0.00000e+00     fixed    
  15  w_vw         1.29000e+01   constant   
  16  beta_vw      0.00000e+00     fixed    
  17  LM          -1.31768e-03   constant   
  18  zeta_y       0.00000e+00   constant   
  19  zeta_vw      0.00000e+00   constant   
  20  T_CBO        6.68264e+01   9.88300e+01   5.28300e-06  -6.69812e-01
  21  alpha_A0    -4.93091e-02   1.12438e-01   7.47833e-06  -5.04511e-02
  22  beta_A0     -2.56556e-01   5.75151e-01   8.54296e-06   3.62752e-01
  23  alpha_phi   -1.83728e-01   4.13628e-01   8.89489e-06   1.10902e-01
  24  beta_phi     7.12761e-02   1.70154e-01   8.48787e-06  -1.33926e-01
 MIGRAD MINIMIZATION HAS CONVERGED.
 MIGRAD WILL VERIFY CONVERGENCE AND ERROR MATRIX.
 FCN=8.62489 FROM HESSE     STATUS=NOT POSDEF    100 CALLS        3386 TOTAL
                     EDM=0.000481177    STRATEGY= 1      ERR MATRIX NOT POS-DEF
  EXT PARAMETER                APPROXIMATE        STEP         FIRST   
  NO.   NAME      VALUE            ERROR          SIZE      DERIVATIVE 
   1  N0           3.09240e+06   6.66594e+03   1.47457e+00  -3.10069e-06
   2  tau          6.43667e+01   constant   
   3  A0           4.14123e-01   4.03274e-03   4.80083e-07  -4.28025e+00
   4  phi          4.24484e+00   7.99785e-03   2.02410e-06   4.12694e+00
   5  R           -6.17041e+01   constant   
   6  alpha_CBO    6.05845e-03   1.96990e-03   3.56193e-07   6.73222e+00
   7  w_CBO        2.32500e+00   constant   
   8  beta_CBO     4.98210e-02   2.31930e-03   3.73806e-07  -2.67041e+00
   9  alpha_2CBO   3.14607e-03   8.72507e-04   3.73678e-07   1.55148e+00
  10  beta_2CBO    6.17360e-04     fixed    
  11  alpha_y      0.00000e+00     fixed    
  12  w_y          1.44500e+01   constant   
  13  beta_y       1.87039e-03     fixed    
  14  alpha_vw     0.00000e+00     fixed    
  15  w_vw         1.29000e+01   constant   
  16  beta_vw      0.00000e+00     fixed    
  17  LM          -1.31768e-03   constant   
  18  zeta_y       0.00000e+00   constant   
  19  zeta_vw      0.00000e+00   constant   
  20  T_CBO        5.17862e+01   3.20013e+00   1.71599e-06   5.96129e-01
  21  alpha_A0    -5.70077e-01   7.21831e-02   8.30286e-06   5.22853e-02
  22  beta_A0     -1.41655e-01   6.21985e-02   9.75219e-06  -1.83700e-01
  23  alpha_phi    8.28031e-02   6.89482e-02   1.15391e-05   4.29145e-02
  24  beta_phi    -1.87016e-01   6.91346e-02   1.08329e-05  -1.28530e-01
 CALL LIMIT EXCEEDED IN MIGRAD.
 MIGRAD TERMINATED WITHOUT CONVERGENCE.
 FCN=8.51658 FROM MIGRAD    STATUS=CALL LIMIT   1907 CALLS        3718 TOTAL
                     EDM=0.0188172    STRATEGY= 1      ERR MATRIX NOT POS-DEF
  EXT PARAMETER                APPROXIMATE        STEP         FIRST   
  NO.   NAME      VALUE            ERROR          SIZE      DERIVATIVE 
   1  N0           3.10949e+06   1.90301e+04  -9.01673e+02  -5.82731e-05
   2  tau          6.43667e+01   constant   
   3  A0           4.20488e-01   6.95666e-03  -1.35656e-04  -9.20664e+01
   4  phi          4.22418e+00   2.09046e-02   5.28172e-04   1.43497e+01
   5  R           -6.17041e+01   constant   
   6  alpha_CBO    9.88317e-03   4.62976e-03  -1.09172e-04   1.25635e+02
   7  w_CBO        2.32500e+00   constant   
   8  beta_CBO     4.95296e-02   2.44101e-03   5.26241e-05   1.27716e+00
   9  alpha_2CBO   3.21074e-03   9.84753e-04  -2.27332e-06   6.91165e-01
  10  beta_2CBO    6.17360e-04     fixed    
  11  alpha_y      0.00000e+00     fixed    
  12  w_y          1.44500e+01   constant   
  13  beta_y       1.87039e-03     fixed    
  14  alpha_vw     0.00000e+00     fixed    
  15  w_vw         1.29000e+01   constant   
  16  beta_vw      0.00000e+00     fixed    
  17  LM          -1.31768e-03   constant   
  18  zeta_y       0.00000e+00   constant   
  19  zeta_vw      0.00000e+00   constant   
  20  T_CBO        5.05256e+01   1.03206e+00   1.73670e-04   3.23297e+01
  21  alpha_A0    -6.15644e-01   7.77347e-02   4.04635e-03  -3.98803e+00
  22  beta_A0      1.06717e-01   2.35269e-01  -8.24485e-03   3.13345e-01
  23  alpha_phi    3.17651e-01   2.21213e-01  -7.50752e-03   4.96604e+00
  24  beta_phi    -1.49696e-01   1.09276e-01  -4.69101e-03   1.92069e+00
 EXTERNAL ERROR MATRIX.    NDIM=  25    NPAR= 11    ERR DEF=1
  3.621e+08 
  8.890e+01  4.840e-05 
 -3.050e+02 -1.074e-04  4.370e-04 
  6.102e+01  2.668e-05 -9.037e-05  2.143e-05 
 -1.437e+01  6.826e-06  8.663e-06  5.686e-07  5.959e-06 
  3.504e+00  3.236e-06 -1.063e-05  2.539e-06  1.043e-06  9.697e-07 
 -1.032e+04 -3.735e-03  1.468e-02 -3.239e-03  1.441e-04 -4.600e-04  1.065e+00 
 -1.143e+03 -3.119e-04  5.655e-04 -1.597e-04 -8.128e-06 -1.122e-05  3.679e-02  6.043e-03 
  4.171e+03  1.386e-03 -4.477e-03  9.349e-04 -7.043e-05  8.020e-05 -1.476e-01 -1.141e-02  5.535e-02 
  3.848e+03  1.284e-03 -4.135e-03  8.256e-04 -4.630e-05  8.785e-05 -1.402e-01 -1.026e-02  5.126e-02  4.894e-02 
  1.330e+03  9.646e-05 -1.026e-04 -6.967e-08 -1.221e-04 -5.595e-05  2.839e-03 -5.761e-03  9.825e-03  8.144e-03  1.194e-02 
ERR MATRIX NOT POS-DEF
 PARAMETER  CORRELATION COEFFICIENTS  
       NO.  GLOBAL      1      3      4      6      8      9     20     21     22     23     24
        1  0.99987   1.000  0.671 -0.767  0.693 -0.309  0.187 -0.525 -0.773  0.932  0.914  0.640
        3  0.99965   0.671  1.000 -0.738  0.829  0.402  0.472 -0.520 -0.577  0.847  0.834  0.127
        4  0.99978  -0.767 -0.738  1.000 -0.934  0.170 -0.516  0.681  0.348 -0.910 -0.894 -0.045
        6  0.99941   0.693  0.829 -0.934  1.000  0.050  0.557 -0.678 -0.444  0.858  0.806 -0.000
        8  0.99633  -0.309  0.402  0.170  0.050  1.000  0.434  0.057 -0.043 -0.123 -0.086 -0.458
        9  0.96892   0.187  0.472 -0.516  0.557  0.434  1.000 -0.453 -0.147  0.346  0.403 -0.520
       20  0.98900  -0.525 -0.520  0.681 -0.678  0.057 -0.453  1.000  0.459 -0.608 -0.614  0.025
       21  0.99881  -0.773 -0.577  0.348 -0.444 -0.043 -0.147  0.459  1.000 -0.624 -0.597 -0.678
       22  0.99980   0.932  0.847 -0.910  0.858 -0.123  0.346 -0.608 -0.624  1.000  0.985  0.382
       23  0.99973   0.914  0.834 -0.894  0.806 -0.086  0.403 -0.614 -0.597  0.985  1.000  0.337
       24  0.99834   0.640  0.127 -0.045 -0.000 -0.458 -0.520  0.025 -0.678  0.382  0.337  1.000
 ERR MATRIX NOT POS-DEF
MINUIT - FIT ONLY 1-y
 **********
 **   51 **RES 
 **********
                   PARAMETER   16  beta_vw RESTORED TO VARIABLE.
                   PARAMETER   14  alpha_vw RESTORED TO VARIABLE.
                   PARAMETER   13  beta_y RESTORED TO VARIABLE.
                   PARAMETER   11  alpha_y RESTORED TO VARIABLE.
                   PARAMETER   10  beta_2CBO RESTORED TO VARIABLE.
 **********
 **   52 **FIX            0
 **********
 PARAMETER    0  IS UNDEFINED. IGNORED.
 **********
 **   53 **FIX            1
 **********
 **********
 **   54 **FIX            2
 **********
 PARAMETER    2  IS CONSTANT.   IGNORED.
 **********
 **   55 **FIX            3
 **********
 **********
 **   56 **FIX            4
 **********
 **********
 **   57 **FIX            5
 **********
 PARAMETER    5  IS CONSTANT.   IGNORED.
 **********
 **   58 **FIX            6
 **********
 **********
 **   59 **FIX            7
 **********
 PARAMETER    7  IS CONSTANT.   IGNORED.
 **********
 **   60 **FIX            8
 **********
 **********
 **   61 **FIX            9
 **********
 **********
 **   62 **FIX           13
 **********
 **********
 **   63 **FIX           14
 **********
 **********
 **   64 **FIX           15
 **********
 PARAMETER   15  IS CONSTANT.   IGNORED.
 **********
 **   65 **FIX           16
 **********
 **********
 **   66 **MIGRAD
 **********
 START MIGRAD MINIMIZATION.  STRATEGY  1.  CONVERGENCE WHEN EDM .LT. 1.00e-04
 FCN=8.51658 FROM MIGRAD    STATUS=INITIATE       16 CALLS        3734 TOTAL
                     EDM= unknown      STRATEGY= 1      NO ERROR MATRIX       
  EXT PARAMETER               CURRENT GUESS       STEP         FIRST   
  NO.   NAME      VALUE            ERROR          SIZE      DERIVATIVE 
   1  N0           3.10949e+06     fixed    
   2  tau          6.43667e+01   constant   
   3  A0           4.20488e-01     fixed    
   4  phi          4.22418e+00     fixed    
   5  R           -6.17041e+01   constant   
   6  alpha_CBO    9.88317e-03     fixed    
   7  w_CBO        2.32500e+00   constant   
   8  beta_CBO     4.95296e-02     fixed    
   9  alpha_2CBO   3.21074e-03     fixed    
  10  beta_2CBO    6.17360e-04   8.09808e-04   8.09808e-04  -7.42587e+02
  11  alpha_y      0.00000e+00   1.00000e-03   1.00000e-03   1.36509e+03
  12  w_y          1.44500e+01   constant   
  13  beta_y       1.87039e-03     fixed    
  14  alpha_vw     0.00000e+00     fixed    
  15  w_vw         1.29000e+01   constant   
  16  beta_vw      0.00000e+00     fixed    
  17  LM          -1.31768e-03   constant   
  18  zeta_y       0.00000e+00   constant   
  19  zeta_vw      0.00000e+00   constant   
  20  T_CBO        5.05256e+01   1.03206e+00   1.73670e-04   3.23297e+01
  21  alpha_A0    -6.15644e-01   7.77347e-02   4.04635e-03  -3.98803e+00
  22  beta_A0      1.06717e-01   2.35269e-01  -8.24485e-03   3.13342e-01
  23  alpha_phi    3.17651e-01   2.21213e-01  -7.50752e-03   4.96604e+00
  24  beta_phi    -1.49696e-01   1.09276e-01  -4.69101e-03   1.92069e+00
 MIGRAD MINIMIZATION HAS CONVERGED.
 MIGRAD WILL VERIFY CONVERGENCE AND ERROR MATRIX.
 COVARIANCE MATRIX CALCULATED SUCCESSFULLY
 FCN=8.46688 FROM HESSE     STATUS=OK             50 CALLS        3880 TOTAL
                     EDM=0.0171445    STRATEGY= 1      ERROR MATRIX ACCURATE 
  EXT PARAMETER                                   STEP         FIRST   
  NO.   NAME      VALUE            ERROR          SIZE      DERIVATIVE 
   1  N0           3.10949e+06     fixed    
   2  tau          6.43667e+01   constant   
   3  A0           4.20488e-01     fixed    
   4  phi          4.22418e+00     fixed    
   5  R           -6.17041e+01   constant   
   6  alpha_CBO    9.88317e-03     fixed    
   7  w_CBO        2.32500e+00   constant   
   8  beta_CBO     4.95296e-02     fixed    
   9  alpha_2CBO   3.21074e-03     fixed    
  10  beta_2CBO    6.92133e-04   6.77473e-04   3.53264e-07  -1.37668e-01
  11  alpha_y     -3.37649e-05   2.46755e-04   3.61033e-07   4.12845e-01
  12  w_y          1.44500e+01   constant   
  13  beta_y       1.87039e-03     fixed    
  14  alpha_vw     0.00000e+00     fixed    
  15  w_vw         1.29000e+01   constant   
  16  beta_vw      0.00000e+00     fixed    
  17  LM          -1.31768e-03   constant   
  18  zeta_y       0.00000e+00   constant   
  19  zeta_vw      0.00000e+00   constant   
  20  T_CBO        5.05158e+01   6.20059e+01   1.36125e-06  -5.18429e-01
  21  alpha_A0    -6.15341e-01   1.51523e+00   8.29550e-06  -7.12205e-02
  22  beta_A0      1.05578e-01   2.54892e-01   9.69000e-06   3.22142e-02
  23  alpha_phi    3.18446e-01   7.59793e-01   1.18232e-05   1.45422e-02
  24  beta_phi    -1.49020e-01   3.62807e-01   1.12819e-05   3.90856e-02
 CALL LIMIT EXCEEDED IN MIGRAD.
 MIGRAD TERMINATED WITHOUT CONVERGENCE.
 FCN=8.42922 FROM MIGRAD    STATUS=CALL LIMIT   1155 CALLS        4873 TOTAL
                     EDM=0.000362892    STRATEGY= 1  ERROR MATRIX UNCERTAINTY  21.1 per cent
  EXT PARAMETER                APPROXIMATE        STEP         FIRST   
  NO.   NAME      VALUE            ERROR          SIZE      DERIVATIVE 
   1  N0           3.10949e+06     fixed    
   2  tau          6.43667e+01   constant   
   3  A0           4.20488e-01     fixed    
   4  phi          4.22418e+00     fixed    
   5  R           -6.17041e+01   constant   
   6  alpha_CBO    9.88317e-03     fixed    
   7  w_CBO        2.32500e+00   constant   
   8  beta_CBO     4.95296e-02     fixed    
   9  alpha_2CBO   3.21074e-03     fixed    
  10  beta_2CBO    7.66238e-04   4.47913e-04   9.61439e-07  -2.97736e+01
  11  alpha_y     -3.62468e-05   2.41136e-04   7.43705e-08  -7.35433e-01
  12  w_y          1.44500e+01   constant   
  13  beta_y       1.87039e-03     fixed    
  14  alpha_vw     0.00000e+00     fixed    
  15  w_vw         1.29000e+01   constant   
  16  beta_vw      0.00000e+00     fixed    
  17  LM          -1.31768e-03   constant   
  18  zeta_y       0.00000e+00   constant   
  19  zeta_vw      0.00000e+00   constant   
  20  T_CBO        6.34782e+01   1.69589e+01   7.38327e-04  -2.83786e+01
  21  alpha_A0    -4.10737e-01   1.75763e-01   1.85780e-03   9.48370e+00
  22  beta_A0      7.10771e-02   3.11781e-02  -2.89925e-04   2.52170e-01
  23  alpha_phi    2.15275e-01   9.02547e-02  -9.52176e-04  -2.86751e+00
  24  beta_phi    -9.99129e-02   4.27943e-02   5.03690e-04   1.41296e+00
 EXTERNAL ERROR MATRIX.    NDIM=  25    NPAR=  7    ERR DEF=1
  2.006e-07  1.475e-08  1.336e-03  1.475e-05 -4.938e-06 -5.427e-06  5.042e-06 
  1.475e-08  5.815e-08 -2.856e-05 -2.500e-07 -2.841e-07  2.384e-07  1.474e-07 
  1.336e-03 -2.856e-05  2.881e+02  2.982e+00 -5.113e-01 -1.525e+00  7.178e-01 
  1.475e-05 -2.500e-07  2.982e+00  3.089e-02 -5.301e-03 -1.577e-02  7.435e-03 
 -4.938e-06 -2.841e-07 -5.113e-01 -5.301e-03  9.721e-04  2.705e-03 -1.293e-03 
 -5.427e-06  2.384e-07 -1.525e+00 -1.577e-02  2.705e-03  8.146e-03 -3.787e-03 
  5.042e-06  1.474e-07  7.178e-01  7.435e-03 -1.293e-03 -3.787e-03  1.831e-03 
ERR MATRIX APPROXIMATE
 PARAMETER  CORRELATION COEFFICIENTS  
       NO.  GLOBAL     10     11     20     21     22     23     24
       10  0.89479   1.000  0.137  0.176  0.187 -0.354 -0.134  0.263
       11  0.19717   0.137  1.000 -0.007 -0.006 -0.038  0.011  0.014
       20  0.99996   0.176 -0.007  1.000  1.000 -0.966 -0.996  0.988
       21  0.99994   0.187 -0.006  1.000  1.000 -0.967 -0.994  0.988
       22  0.98824  -0.354 -0.038 -0.966 -0.967  1.000  0.961 -0.969
       23  0.99888  -0.134  0.011 -0.996 -0.994  0.961  1.000 -0.981
       24  0.99383   0.263  0.014  0.988  0.988 -0.969 -0.981  1.000
 ERR MATRIX APPROXIMATE
MINUIT - FIT ONLY 2-y
 **********
 **   67 **RES 
 **********
                   PARAMETER   16  beta_vw RESTORED TO VARIABLE.
                   PARAMETER   14  alpha_vw RESTORED TO VARIABLE.
                   PARAMETER   13  beta_y RESTORED TO VARIABLE.
                   PARAMETER    9  alpha_2CBO RESTORED TO VARIABLE.
                   PARAMETER    8  beta_CBO RESTORED TO VARIABLE.
                   PARAMETER    6  alpha_CBO RESTORED TO VARIABLE.
                   PARAMETER    4  phi RESTORED TO VARIABLE.
                   PARAMETER    3  A0 RESTORED TO VARIABLE.
                   PARAMETER    1  N0 RESTORED TO VARIABLE.
 **********
 **   68 **FIX            0
 **********
 PARAMETER    0  IS UNDEFINED. IGNORED.
 **********
 **   69 **FIX            1
 **********
 **********
 **   70 **FIX            2
 **********
