 + ++++++++++++++++++++++++++++++++++++++++++++++++++++++++++++++++++++ +
 +                                                                      +
 +           You have chose to blind your fitting according to          +
 +                omega_ref * (1 + (R +/- deltaR) *10^{-6})             +
 +                                                                      +
 + ++++++++++++++++++++++++++++++++++++++++++++++++++++++++++++++++++++ +
In main()...
reading format from /gm2data/zkhechad/run45/envelope/formats/formatB_sBin_constraintOn.txt
pBinTau 	= 0  
pBinPhi 	= 0  
constraintau 	= 1 
includeMopTerm 	= 0    
constrainMop    = 0   
Parameters after format file: pBinTau 0 pBinPhi 0 constraintau 1 includeMopTerm 0 constrainMop 0 c_e_scale 0.000000 
Opening file /gm2data/tbarrett/gm2fr/studies/run23_bunch_corrections/CorrectedFourier_Run3b.root.
reading full fit data from /gm2data/zkhechad/cboTemplates/Run4CBOTemplates/templateFits0_v2.0/noRF/sBin_constraintOn_cE0.0_seed0_noRF_calo4.root
windowBins = 17
fitting sliding window 216 from bin 352 at 52.369200 to bin 369 at 55.054800 (17 bins)

Reading data from /gm2data/cornell/histograms/aMethod/histogram_a_noRF.root
 **********
 **    1 **SET PRINTOUT            1
 **********
 **********
 **    2 **SET NOWARNINGS 
 **********
 PARAMETER DEFINITIONS:
    NO.   NAME         VALUE      STEP SIZE      LIMITS
     1 N0           2.96987e+06  1.00000e+02     no limits
     2 tau          6.44201e+01  constant
     3 A0           3.53307e-01  1.00000e-04     no limits
     4 phi          4.11740e+00  1.00000e-02     no limits
     5 R           -5.91013e+01  constant
     6 alpha_CBO    0.00000e+00  1.00000e-03     no limits
     7 w_CBO        2.32500e+00  constant
     8 beta_CBO     0.00000e+00  1.00000e-03     no limits
     9 alpha_2CBO   0.00000e+00  1.00000e-03     no limits
    10 beta_2CBO    0.00000e+00  1.00000e-03     no limits
    11 alpha_y      0.00000e+00  1.00000e-03     no limits
    12 w_y          1.44500e+01  constant
    13 beta_y       0.00000e+00  1.00000e-03     no limits
    14 alpha_vw     0.00000e+00  1.00000e-03     no limits
    15 w_vw         1.29000e+01  constant
    16 beta_vw      0.00000e+00  1.00000e-03     no limits
    17 LM           5.89621e-04  constant
    18 zeta_y       0.00000e+00  constant
    19 zeta_vw      0.00000e+00  constant
    20 T_CBO        1.00000e+02  1.00000e+00    0.00000e+00  1.00000e+03
    21 alpha_A0     0.00000e+00  1.00000e-03     no limits
    22 beta_A0      0.00000e+00  1.00000e-03     no limits
    23 alpha_phi    0.00000e+00  1.00000e-03     no limits
    24 beta_phi     0.00000e+00  1.00000e-03     no limits
MINUIT - FIT ONLY WIGGLE
 **********
 **    3 **FIX            5
 **********
 PARAMETER    5  IS CONSTANT.   IGNORED.
 **********
 **    4 **FIX            6
 **********
 **********
 **    5 **FIX            7
 **********
 PARAMETER    7  IS CONSTANT.   IGNORED.
 **********
 **    6 **FIX            8
 **********
 **********
 **    7 **FIX            9
 **********
 **********
 **    8 **FIX           10
 **********
 **********
 **    9 **FIX           11
 **********
 **********
 **   10 **FIX           12
 **********
 PARAMETER   12  IS CONSTANT.   IGNORED.
 **********
 **   11 **FIX           13
 **********
 **********
 **   12 **FIX           14
 **********
 **********
 **   13 **FIX           15
 **********
 PARAMETER   15  IS CONSTANT.   IGNORED.
 **********
 **   14 **FIX           16
 **********
 **********
 **   15 **MIGRAD
 **********
 FIRST CALL TO USER FUNCTION AT NEW START POINT, WITH IFLAG=4.
 START MIGRAD MINIMIZATION.  STRATEGY  1.  CONVERGENCE WHEN EDM .LT. 1.00e-04
 FCN=1714.12 FROM MIGRAD    STATUS=INITIATE      429 CALLS         430 TOTAL
                     EDM= unknown      STRATEGY= 1      NO ERROR MATRIX       
  EXT PARAMETER               CURRENT GUESS       STEP         FIRST   
  NO.   NAME      VALUE            ERROR          SIZE      DERIVATIVE 
   1  N0           2.96987e+06   1.00000e+02   0.00000e+00   5.08650e-02
   2  tau          6.44201e+01   constant   
   3  A0           3.53307e-01   1.00000e-04   0.00000e+00   3.32621e+05
   4  phi          4.11740e+00   1.00000e-02   0.00000e+00  -3.24237e+04
   5  R           -5.91013e+01   constant   
   6  alpha_CBO    0.00000e+00     fixed    
   7  w_CBO        2.32500e+00   constant   
   8  beta_CBO     0.00000e+00     fixed    
   9  alpha_2CBO   0.00000e+00     fixed    
  10  beta_2CBO    0.00000e+00     fixed    
  11  alpha_y      0.00000e+00     fixed    
  12  w_y          1.44500e+01   constant   
  13  beta_y       0.00000e+00     fixed    
  14  alpha_vw     0.00000e+00     fixed    
  15  w_vw         1.29000e+01   constant   
  16  beta_vw      0.00000e+00     fixed    
  17  LM           5.89621e-04   constant   
  18  zeta_y       0.00000e+00   constant   
  19  zeta_vw      0.00000e+00   constant   
  20  T_CBO        1.00000e+02   1.00000e+00   0.00000e+00   0.00000e+00
  21  alpha_A0     0.00000e+00   1.00000e-03   0.00000e+00  -1.36069e+04
  22  beta_A0      0.00000e+00   1.00000e-03   0.00000e+00  -4.59224e+04
  23  alpha_phi    0.00000e+00   1.00000e-03   0.00000e+00  -5.51626e+02
  24  beta_phi     0.00000e+00   1.00000e-03   0.00000e+00  -1.40633e+04
 CALL LIMIT EXCEEDED IN MIGRAD.
 MIGRAD TERMINATED WITHOUT CONVERGENCE.
 FCN=129.964 FROM MIGRAD    STATUS=CALL LIMIT   1322 CALLS        1323 TOTAL
                     EDM=0.038321    STRATEGY= 1  ERROR MATRIX UNCERTAINTY   4.3 per cent
  EXT PARAMETER                APPROXIMATE        STEP         FIRST   
  NO.   NAME      VALUE            ERROR          SIZE      DERIVATIVE 
   1  N0           2.95322e+06   8.14792e+02  -1.42107e+01  -3.90627e-05
   2  tau          6.44201e+01   constant   
   3  A0           3.45217e-01   2.52007e-04  -1.57096e-05  -7.59655e+02
   4  phi          4.11371e+00   1.68254e-03   1.41479e-05   2.20353e+02
   5  R           -5.91013e+01   constant   
   6  alpha_CBO    0.00000e+00     fixed    
   7  w_CBO        2.32500e+00   constant   
   8  beta_CBO     0.00000e+00     fixed    
   9  alpha_2CBO   0.00000e+00     fixed    
  10  beta_2CBO    0.00000e+00     fixed    
  11  alpha_y      0.00000e+00     fixed    
  12  w_y          1.44500e+01   constant   
  13  beta_y       0.00000e+00     fixed    
  14  alpha_vw     0.00000e+00     fixed    
  15  w_vw         1.29000e+01   constant   
  16  beta_vw      0.00000e+00     fixed    
  17  LM           5.89621e-04   constant   
  18  zeta_y       0.00000e+00   constant   
  19  zeta_vw      0.00000e+00   constant   
  20  T_CBO        1.18121e+01   1.95992e+00  -2.35949e-03  -8.66073e+01
  21  alpha_A0    -2.78411e-01   2.21544e-01  -2.90565e-02   7.95781e-01
  22  beta_A0     -2.80935e-01   2.28040e-01  -2.99436e-02   1.89167e+01
  23  alpha_phi   -8.58096e-01   6.14987e-01  -8.07074e-02  -5.08070e+00
  24  beta_phi     2.08957e-01   1.39166e-01   1.82564e-02  -2.01342e+00
 EXTERNAL ERROR MATRIX.    NDIM=  25    NPAR=  8    ERR DEF=1
  6.639e+05  2.247e-02  1.070e+00  3.598e+02  1.178e+01  1.138e+01  2.855e+01 -5.857e+00 
  2.247e-02  6.351e-08 -1.325e-07  1.310e-04  2.349e-05  2.485e-05  6.646e-05 -1.533e-05 
  1.070e+00 -1.325e-07  2.831e-06  3.070e-04 -5.680e-05 -6.216e-05 -1.701e-04  4.107e-05 
  3.598e+02  1.310e-04  3.070e-04  3.842e+00  4.180e-01  4.290e-01  1.157e+00 -2.608e-01 
  1.178e+01  2.349e-05 -5.680e-05  4.180e-01  4.908e-02  5.048e-02  1.362e-01 -3.076e-02 
  1.138e+01  2.485e-05 -6.216e-05  4.290e-01  5.048e-02  5.200e-02  1.402e-01 -3.172e-02 
  2.855e+01  6.646e-05 -1.701e-04  1.157e+00  1.362e-01  1.402e-01  3.782e-01 -8.551e-02 
 -5.857e+00 -1.533e-05  4.107e-05 -2.608e-01 -3.076e-02 -3.172e-02 -8.551e-02  1.937e-02 
ERR MATRIX APPROXIMATE
 PARAMETER  CORRELATION COEFFICIENTS  
       NO.  GLOBAL      1      3      4     20     21     22     23     24
        1  0.89751   1.000  0.109  0.780  0.225  0.065  0.061  0.057 -0.052
        3  0.91200   0.109  1.000 -0.313  0.265  0.421  0.432  0.429 -0.437
        4  0.98247   0.780 -0.313  1.000  0.093 -0.152 -0.162 -0.164  0.175
       20  0.99820   0.225  0.265  0.093  1.000  0.963  0.960  0.960 -0.956
       21  0.99999   0.065  0.421 -0.152  0.963  1.000  0.999  1.000 -0.998
       22  0.99999   0.061  0.432 -0.162  0.960  0.999  1.000  1.000 -1.000
       23  1.00000   0.057  0.429 -0.164  0.960  1.000  1.000  1.000 -0.999
       24  0.99998  -0.052 -0.437  0.175 -0.956 -0.998 -1.000 -0.999  1.000
 ERR MATRIX APPROXIMATE
MINUIT - FIT ONLY 1-CBO + wiggle
 **********
 **   16 **RES 
 **********
                   PARAMETER   16  beta_vw RESTORED TO VARIABLE.
                   PARAMETER   14  alpha_vw RESTORED TO VARIABLE.
                   PARAMETER   13  beta_y RESTORED TO VARIABLE.
                   PARAMETER   11  alpha_y RESTORED TO VARIABLE.
                   PARAMETER   10  beta_2CBO RESTORED TO VARIABLE.
                   PARAMETER    9  alpha_2CBO RESTORED TO VARIABLE.
                   PARAMETER    8  beta_CBO RESTORED TO VARIABLE.
                   PARAMETER    6  alpha_CBO RESTORED TO VARIABLE.
 **********
 **   17 **FIX            8
 **********
 **********
 **   18 **FIX            9
 **********
 **********
 **   19 **FIX           11
 **********
 **********
 **   20 **FIX           12
 **********
 PARAMETER   12  IS CONSTANT.   IGNORED.
 **********
 **   21 **FIX           14
 **********
 **********
 **   22 **FIX           15
 **********
 PARAMETER   15  IS CONSTANT.   IGNORED.
 **********
 **   23 **FIX           16
 **********
 **********
 **   24 **MIGRAD
 **********
 START MIGRAD MINIMIZATION.  STRATEGY  1.  CONVERGENCE WHEN EDM .LT. 1.00e-04
 FCN=129.964 FROM MIGRAD    STATUS=INITIATE       28 CALLS        1351 TOTAL
                     EDM= unknown      STRATEGY= 1      NO ERROR MATRIX       
  EXT PARAMETER               CURRENT GUESS       STEP         FIRST   
  NO.   NAME      VALUE            ERROR          SIZE      DERIVATIVE 
   1  N0           2.95322e+06   8.14792e+02  -1.42107e+01  -3.90627e-05
   2  tau          6.44201e+01   constant   
   3  A0           3.45217e-01   2.52007e-04  -1.57096e-05  -7.59655e+02
   4  phi          4.11371e+00   1.68254e-03   1.41479e-05   2.20353e+02
   5  R           -5.91013e+01   constant   
   6  alpha_CBO    0.00000e+00   1.00000e-03   1.00000e-03   7.65994e+03
   7  w_CBO        2.32500e+00   constant   
   8  beta_CBO     0.00000e+00     fixed    
   9  alpha_2CBO   0.00000e+00     fixed    
  10  beta_2CBO    0.00000e+00   1.00000e-03   1.00000e-03   1.34658e+04
  11  alpha_y      0.00000e+00     fixed    
  12  w_y          1.44500e+01   constant   
  13  beta_y       0.00000e+00   1.00000e-03   1.00000e-03  -4.16354e+04
  14  alpha_vw     0.00000e+00     fixed    
  15  w_vw         1.29000e+01   constant   
  16  beta_vw      0.00000e+00     fixed    
  17  LM           5.89621e-04   constant   
  18  zeta_y       0.00000e+00   constant   
  19  zeta_vw      0.00000e+00   constant   
  20  T_CBO        1.18121e+01   1.95992e+00  -2.35949e-03  -8.66074e+01
  21  alpha_A0    -2.78411e-01   2.21544e-01  -2.90565e-02   7.95781e-01
  22  beta_A0     -2.80935e-01   2.28040e-01  -2.99436e-02   1.89167e+01
  23  alpha_phi   -8.58096e-01   6.14987e-01  -8.07074e-02  -5.08070e+00
  24  beta_phi     2.08957e-01   1.39166e-01   1.82564e-02  -2.01342e+00
 MIGRAD FAILS TO FIND IMPROVEMENT
 FCN=68.1945 FROM HESSE     STATUS=NOT POSDEF    100 CALLS        2370 TOTAL
                     EDM=0.9603    STRATEGY= 1      ERR MATRIX NOT POS-DEF
  EXT PARAMETER                APPROXIMATE        STEP         FIRST   
  NO.   NAME      VALUE            ERROR          SIZE      DERIVATIVE 
   1  N0           2.95990e+06   2.46965e+03   1.61365e+00  -2.72586e-03
   2  tau          6.44201e+01   constant   
   3  A0           3.35153e-01   9.86953e-04   5.75944e-07   1.68506e+03
   4  phi          4.08998e+00   4.76625e-03   2.16965e-06   3.02277e+03
   5  R           -5.91013e+01   constant   
   6  alpha_CBO   -1.50591e-02   1.52718e-03   7.76614e-07  -5.86456e+03
   7  w_CBO        2.32500e+00   constant   
   8  beta_CBO     0.00000e+00     fixed    
   9  alpha_2CBO   0.00000e+00     fixed    
  10  beta_2CBO    3.50471e-03   8.61887e-04   7.99320e-07   2.40322e+03
  11  alpha_y      0.00000e+00     fixed    
  12  w_y          1.44500e+01   constant   
  13  beta_y       4.65127e-04   1.94605e-04   7.79026e-07  -4.42191e+02
  14  alpha_vw     0.00000e+00     fixed    
  15  w_vw         1.29000e+01   constant   
  16  beta_vw      0.00000e+00     fixed    
  17  LM           5.89621e-04   constant   
  18  zeta_y       0.00000e+00   constant   
  19  zeta_vw      0.00000e+00   constant   
  20  T_CBO        1.37060e+01   3.31774e-01   1.09502e-06  -2.64009e+02
  21  alpha_A0    -3.82870e-01   2.52107e-01   1.32793e-04   1.71084e+01
  22  beta_A0     -1.83579e+00   2.16724e-01   1.74070e-04  -1.43967e+01
  23  alpha_phi   -3.10482e+00   2.50311e-01   1.20853e-04   2.73522e+01
  24  beta_phi    -1.44959e+00   2.63761e-01   1.16227e-04  -3.93741e+01
 CALL LIMIT EXCEEDED IN MIGRAD.
 MIGRAD TERMINATED WITHOUT CONVERGENCE.
 FCN=62.2014 FROM MIGRAD    STATUS=CALL LIMIT   1926 CALLS        3249 TOTAL
                     EDM=0.01443    STRATEGY= 1      ERR MATRIX NOT POS-DEF
  EXT PARAMETER                APPROXIMATE        STEP         FIRST   
  NO.   NAME      VALUE            ERROR          SIZE      DERIVATIVE 
   1  N0           2.99000e+06   8.10628e+03   5.36456e+02   2.56624e-04
   2  tau          6.44201e+01   constant   
   3  A0           3.26862e-01   1.94223e-03  -2.87180e-05  -9.73531e+02
   4  phi          4.03789e+00   3.13563e-02  -2.21019e-03   7.53521e+01
   5  R           -5.91013e+01   constant   
   6  alpha_CBO   -2.45815e-02   4.62931e-03  -2.77086e-04  -5.61796e+02
   7  w_CBO        2.32500e+00   constant   
   8  beta_CBO     0.00000e+00     fixed    
   9  alpha_2CBO   0.00000e+00     fixed    
  10  beta_2CBO    5.03127e-03   1.96529e-03  -1.15608e-05  -1.50766e+02
  11  alpha_y      0.00000e+00     fixed    
  12  w_y          1.44500e+01   constant   
  13  beta_y       4.22872e-04   1.98501e-04  -1.53068e-07  -5.88149e+01
  14  alpha_vw     0.00000e+00     fixed    
  15  w_vw         1.29000e+01   constant   
  16  beta_vw      0.00000e+00     fixed    
  17  LM           5.89621e-04   constant   
  18  zeta_y       0.00000e+00   constant   
  19  zeta_vw      0.00000e+00   constant   
  20  T_CBO        1.42797e+01   2.92640e-01   1.63593e-04  -1.01088e+03
  21  alpha_A0     2.14713e+00   1.10851e+00   6.85904e-02  -1.86425e+00
  22  beta_A0     -1.85794e+00   6.40637e-01   3.43168e-02   2.19866e+00
  23  alpha_phi   -3.20764e+00   1.15485e+00   4.67642e-02   4.62110e+00
  24  beta_phi    -4.33564e+00   8.95610e-01  -6.78664e-02   2.29334e+00
 EXTERNAL ERROR MATRIX.    NDIM=  25    NPAR= 11    ERR DEF=1
  6.571e+07 
 -5.775e+00  3.772e-06 
 -1.859e+02 -1.031e-05  9.832e-04 
 -1.498e+01  1.926e-06  9.635e-05  2.143e-05 
 -4.950e+00 -1.906e-06  2.371e-05 -3.760e-06  3.862e-06 
  1.144e-01  3.018e-08 -1.619e-08  1.400e-07 -6.304e-08  3.940e-08 
  1.732e+03  1.637e-04 -8.798e-03 -6.104e-04 -3.367e-04  3.560e-06  8.564e-02 
  7.888e+03  1.704e-04 -3.034e-02 -1.471e-03 -1.432e-03  2.180e-05  3.024e-01  1.229e+00 
  2.492e+03  7.498e-04 -1.738e-02 -1.013e-03 -7.549e-04  1.062e-05  1.733e-01  5.615e-01  4.104e-01 
  4.593e+03  1.319e-03 -2.831e-02 -4.625e-04 -1.894e-03  2.669e-05  3.041e-01  1.080e+00  6.934e-01  1.334e+00 
 -6.597e+03  3.060e-04  2.613e-02  2.794e-03  4.489e-04 -1.300e-06 -2.272e-01 -8.793e-01 -3.849e-01 -6.230e-01  8.021e-01 
ERR MATRIX NOT POS-DEF
 PARAMETER  CORRELATION COEFFICIENTS  
       NO.  GLOBAL      1      3      4      6     10     13     20     21     22     23     24
        1  0.99969   1.000 -0.367 -0.731 -0.399 -0.311  0.071  0.730  0.878  0.480  0.491 -0.909
        3  0.99940  -0.367  1.000 -0.169  0.214 -0.499  0.078  0.288  0.079  0.603  0.588  0.176
        4  0.99992  -0.731 -0.169  1.000  0.664  0.385 -0.003 -0.959 -0.873 -0.865 -0.782  0.931
        6  0.99952  -0.399  0.214  0.664  1.000 -0.413  0.152 -0.451 -0.287 -0.342 -0.087  0.674
       10  0.99604  -0.311 -0.499  0.385 -0.413  1.000 -0.162 -0.585 -0.657 -0.600 -0.834  0.255
       13  0.29368   0.071  0.078 -0.003  0.152 -0.162  1.000  0.061  0.099  0.083  0.116 -0.007
       20  0.99958   0.730  0.288 -0.959 -0.451 -0.585  0.061  1.000  0.932  0.924  0.900 -0.867
       21  0.99981   0.878  0.079 -0.873 -0.287 -0.657  0.099  0.932  1.000  0.791  0.844 -0.886
       22  0.99914   0.480  0.603 -0.865 -0.342 -0.600  0.083  0.924  0.791  1.000  0.937 -0.671
       23  0.99989   0.491  0.588 -0.782 -0.087 -0.834  0.116  0.900  0.844  0.937  1.000 -0.602
       24  0.99987  -0.909  0.176  0.931  0.674  0.255 -0.007 -0.867 -0.886 -0.671 -0.602  1.000
 ERR MATRIX NOT POS-DEF
MINUIT - FIT ONLY 2-CBO
 **********
 **   25 **RES 
 **********
                   PARAMETER   16  beta_vw RESTORED TO VARIABLE.
                   PARAMETER   14  alpha_vw RESTORED TO VARIABLE.
                   PARAMETER   11  alpha_y RESTORED TO VARIABLE.
                   PARAMETER    9  alpha_2CBO RESTORED TO VARIABLE.
                   PARAMETER    8  beta_CBO RESTORED TO VARIABLE.
 **********
 **   26 **FIX            0
 **********
 PARAMETER    0  IS UNDEFINED. IGNORED.
 **********
 **   27 **FIX            1
 **********
 **********
 **   28 **FIX            2
 **********
 PARAMETER    2  IS CONSTANT.   IGNORED.
 **********
 **   29 **FIX            3
 **********
 **********
 **   30 **FIX            4
 **********
 **********
 **   31 **FIX            5
 **********
 PARAMETER    5  IS CONSTANT.   IGNORED.
 **********
 **   32 **FIX            6
 **********
 **********
 **   33 **FIX            7
 **********
 PARAMETER    7  IS CONSTANT.   IGNORED.
 **********
 **   34 **FIX           10
 **********
 **********
 **   35 **FIX           11
 **********
 **********
 **   36 **FIX           12
 **********
 PARAMETER   12  IS CONSTANT.   IGNORED.
 **********
 **   37 **FIX           13
 **********
 **********
 **   38 **FIX           14
 **********
 **********
 **   39 **FIX           15
 **********
 PARAMETER   15  IS CONSTANT.   IGNORED.
 **********
 **   40 **FIX           16
 **********
 **********
 **   41 **MIGRAD
 **********
 START MIGRAD MINIMIZATION.  STRATEGY  1.  CONVERGENCE WHEN EDM .LT. 1.00e-04
 FCN=62.2014 FROM MIGRAD    STATUS=INITIATE       18 CALLS        3267 TOTAL
                     EDM= unknown      STRATEGY= 1      NO ERROR MATRIX       
  EXT PARAMETER               CURRENT GUESS       STEP         FIRST   
  NO.   NAME      VALUE            ERROR          SIZE      DERIVATIVE 
   1  N0           2.99000e+06     fixed    
   2  tau          6.44201e+01   constant   
   3  A0           3.26862e-01     fixed    
   4  phi          4.03789e+00     fixed    
   5  R           -5.91013e+01   constant   
   6  alpha_CBO   -2.45815e-02     fixed    
   7  w_CBO        2.32500e+00   constant   
   8  beta_CBO     0.00000e+00   1.00000e-03   1.00000e-03  -1.18346e+02
   9  alpha_2CBO   0.00000e+00   1.00000e-03   1.00000e-03   1.92225e+02
  10  beta_2CBO    5.03127e-03     fixed    
  11  alpha_y      0.00000e+00     fixed    
  12  w_y          1.44500e+01   constant   
  13  beta_y       4.22872e-04     fixed    
  14  alpha_vw     0.00000e+00     fixed    
  15  w_vw         1.29000e+01   constant   
  16  beta_vw      0.00000e+00     fixed    
  17  LM           5.89621e-04   constant   
  18  zeta_y       0.00000e+00   constant   
  19  zeta_vw      0.00000e+00   constant   
  20  T_CBO        1.42797e+01   2.92640e-01   1.63593e-04  -1.01088e+03
  21  alpha_A0     2.14713e+00   1.10851e+00   6.85904e-02  -1.86425e+00
  22  beta_A0     -1.85794e+00   6.40637e-01   3.43168e-02   2.19866e+00
  23  alpha_phi   -3.20764e+00   1.15485e+00   4.67642e-02   4.62110e+00
  24  beta_phi    -4.33564e+00   8.95610e-01  -6.78664e-02   2.29334e+00
 MIGRAD MINIMIZATION HAS CONVERGED.
 MIGRAD WILL VERIFY CONVERGENCE AND ERROR MATRIX.
 FCN=62.1819 FROM MIGRAD    STATUS=CONVERGED     165 CALLS        3414 TOTAL
                     EDM=1.00987e-07    STRATEGY= 1      ERR MATRIX NOT POS-DEF
  EXT PARAMETER                APPROXIMATE        STEP         FIRST   
  NO.   NAME      VALUE            ERROR          SIZE      DERIVATIVE 
   1  N0           2.99000e+06     fixed    
   2  tau          6.44201e+01   constant   
   3  A0           3.26862e-01     fixed    
   4  phi          4.03789e+00     fixed    
   5  R           -5.91013e+01   constant   
   6  alpha_CBO   -2.45815e-02     fixed    
   7  w_CBO        2.32500e+00   constant   
   8  beta_CBO    -1.10122e-04   8.47767e-04   7.36082e-07   1.16824e+00
   9  alpha_2CBO  -9.93500e-05   8.23489e-04   7.16541e-07   1.03041e+00
  10  beta_2CBO    5.03127e-03     fixed    
  11  alpha_y      0.00000e+00     fixed    
  12  w_y          1.44500e+01   constant   
  13  beta_y       4.22872e-04     fixed    
  14  alpha_vw     0.00000e+00     fixed    
  15  w_vw         1.29000e+01   constant   
  16  beta_vw      0.00000e+00     fixed    
  17  LM           5.89621e-04   constant   
  18  zeta_y       0.00000e+00   constant   
  19  zeta_vw      0.00000e+00   constant   
  20  T_CBO        1.42814e+01   2.10847e-01   6.34772e-07   1.20157e+00
  21  alpha_A0     2.13322e+00   1.65849e-01   1.22915e-04  -1.19355e-03
  22  beta_A0     -1.87533e+00   1.63057e-01   1.47752e-04  -4.93665e-03
  23  alpha_phi   -3.20449e+00   1.79441e-01   9.81512e-05   2.02261e-03
  24  beta_phi    -4.34433e+00   2.51199e-01   9.89453e-05  -1.00182e-02
 EXTERNAL ERROR MATRIX.    NDIM=  25    NPAR=  7    ERR DEF=1
  7.187e-07  6.381e-07 -1.036e-05  8.987e-05  1.030e-04 -2.887e-05  5.617e-05 
  6.381e-07  6.781e-07 -1.197e-05  9.053e-05  8.844e-05 -3.289e-05  5.649e-05 
 -1.036e-05 -1.197e-05  4.446e-02 -2.653e-02  1.968e-02  3.692e-02  4.950e-02 
  8.987e-05  9.053e-05 -2.653e-02  2.751e-02  1.040e-03 -2.454e-02 -2.088e-02 
  1.030e-04  8.844e-05  1.968e-02  1.040e-03  2.659e-02  1.360e-02  3.158e-02 
 -2.887e-05 -3.289e-05  3.692e-02 -2.454e-02  1.360e-02  3.220e-02  3.858e-02 
  5.617e-05  5.649e-05  4.950e-02 -2.088e-02  3.158e-02  3.858e-02  6.310e-02 
ERR MATRIX NOT POS-DEF
 PARAMETER  CORRELATION COEFFICIENTS  
       NO.  GLOBAL      8      9     20     21     22     23     24
        8  0.97472   1.000  0.914 -0.058  0.639  0.745 -0.190  0.264
        9  0.97461   0.914  1.000 -0.069  0.663  0.659 -0.223  0.273
       20  0.99769  -0.058 -0.069  1.000 -0.759  0.572  0.976  0.934
       21  0.98166   0.639  0.663 -0.759  1.000  0.038 -0.825 -0.501
       22  0.97245   0.745  0.659  0.572  0.038  1.000  0.465  0.771
       23  0.99005  -0.190 -0.223  0.976 -0.825  0.465  1.000  0.856
       24  0.99486   0.264  0.273  0.934 -0.501  0.771  0.856  1.000
 ERR MATRIX NOT POS-DEF
MINUIT - FIT wiggle + 1-CBO + 2-CBO
 **********
 **   42 **RES 
 **********
                   PARAMETER   16  beta_vw RESTORED TO VARIABLE.
                   PARAMETER   14  alpha_vw RESTORED TO VARIABLE.
                   PARAMETER   13  beta_y RESTORED TO VARIABLE.
                   PARAMETER   11  alpha_y RESTORED TO VARIABLE.
                   PARAMETER   10  beta_2CBO RESTORED TO VARIABLE.
                   PARAMETER    6  alpha_CBO RESTORED TO VARIABLE.
                   PARAMETER    4  phi RESTORED TO VARIABLE.
                   PARAMETER    3  A0 RESTORED TO VARIABLE.
                   PARAMETER    1  N0 RESTORED TO VARIABLE.
 **********
 **   43 **FIX           10
 **********
 **********
 **   44 **FIX           11
 **********
 **********
 **   45 **FIX           12
 **********
 PARAMETER   12  IS CONSTANT.   IGNORED.
 **********
 **   46 **FIX           13
 **********
 **********
 **   47 **FIX           14
 **********
 **********
 **   48 **FIX           15
 **********
 PARAMETER   15  IS CONSTANT.   IGNORED.
 **********
 **   49 **FIX           16
 **********
 **********
 **   50 **MIGRAD
 **********
 START MIGRAD MINIMIZATION.  STRATEGY  1.  CONVERGENCE WHEN EDM .LT. 1.00e-04
 FCN=62.1819 FROM MIGRAD    STATUS=INITIATE       22 CALLS        3436 TOTAL
                     EDM= unknown      STRATEGY= 1      NO ERROR MATRIX       
  EXT PARAMETER               CURRENT GUESS       STEP         FIRST   
  NO.   NAME      VALUE            ERROR          SIZE      DERIVATIVE 
   1  N0           2.99000e+06   8.10628e+03   8.10628e+03  -4.13605e-06
   2  tau          6.44201e+01   constant   
   3  A0           3.26862e-01   1.94223e-03   1.94223e-03   1.05881e+01
   4  phi          4.03789e+00   3.13563e-02   3.13563e-02  -1.30142e+01
   5  R           -5.91013e+01   constant   
   6  alpha_CBO   -2.45815e-02   4.62931e-03   4.62931e-03   1.35868e+02
   7  w_CBO        2.32500e+00   constant   
   8  beta_CBO    -1.10122e-04   8.47767e-04   7.36082e-07   1.16824e+00
   9  alpha_2CBO  -9.93500e-05   8.23489e-04   7.16541e-07   1.03040e+00
  10  beta_2CBO    5.03127e-03     fixed    
  11  alpha_y      0.00000e+00     fixed    
  12  w_y          1.44500e+01   constant   
  13  beta_y       4.22872e-04     fixed    
  14  alpha_vw     0.00000e+00     fixed    
  15  w_vw         1.29000e+01   constant   
  16  beta_vw      0.00000e+00     fixed    
  17  LM           5.89621e-04   constant   
  18  zeta_y       0.00000e+00   constant   
  19  zeta_vw      0.00000e+00   constant   
  20  T_CBO        1.42814e+01   2.10847e-01   6.34772e-07   1.20193e+00
  21  alpha_A0     2.13322e+00   1.65849e-01   1.22915e-04  -1.19404e-03
  22  beta_A0     -1.87533e+00   1.63057e-01   1.47752e-04  -4.93662e-03
  23  alpha_phi   -3.20449e+00   1.79441e-01   9.81512e-05   2.02255e-03
  24  beta_phi    -4.34433e+00   2.51199e-01   9.89453e-05  -1.00183e-02
 MIGRAD MINIMIZATION HAS CONVERGED.
 FCN=62.1751 FROM MIGRAD    STATUS=CONVERGED     197 CALLS        3611 TOTAL
                     EDM=4.94126e-06    STRATEGY= 1  ERROR MATRIX UNCERTAINTY  20.9 per cent
  EXT PARAMETER                                   STEP         FIRST   
  NO.   NAME      VALUE            ERROR          SIZE      DERIVATIVE 
   1  N0           2.98996e+06   9.58447e+02  -5.38257e+01  -1.87616e-06
   2  tau          6.44201e+01   constant   
   3  A0           3.26854e-01   2.76519e-04  -1.41123e-05   3.30453e+00
   4  phi          4.03762e+00   3.64402e-03  -2.21739e-04   3.49683e+00
   5  R           -5.91013e+01   constant   
   6  alpha_CBO   -2.47087e-02   1.54910e-03  -8.25480e-05   2.26584e+00
   7  w_CBO        2.32500e+00   constant   
   8  beta_CBO    -1.86915e-04   1.07048e-03  -6.63440e-05  -7.20203e+00
   9  alpha_2CBO  -1.56417e-04   1.07730e-03  -6.73017e-05   4.24359e+00
  10  beta_2CBO    5.03127e-03     fixed    
  11  alpha_y      0.00000e+00     fixed    
  12  w_y          1.44500e+01   constant   
  13  beta_y       4.22872e-04     fixed    
  14  alpha_vw     0.00000e+00     fixed    
  15  w_vw         1.29000e+01   constant   
  16  beta_vw      0.00000e+00     fixed    
  17  LM           5.89621e-04   constant   
  18  zeta_y       0.00000e+00   constant   
  19  zeta_vw      0.00000e+00   constant   
  20  T_CBO        1.42841e+01   3.76602e-02   1.83312e-05  -1.29418e+01
  21  alpha_A0     2.11715e+00   2.21016e-01  -1.38365e-02  -9.74736e-02
  22  beta_A0     -1.89175e+00   2.26921e-01  -1.38522e-02   4.16766e-03
  23  alpha_phi   -3.20811e+00   6.83392e-02  -2.83589e-04   9.88273e-03
  24  beta_phi    -4.35137e+00   1.25697e-01  -7.86786e-03   4.21590e-02
 EXTERNAL ERROR MATRIX.    NDIM=  25    NPAR= 11    ERR DEF=1
  9.186e+05 
  2.225e-01  7.646e-08 
  2.641e+00  6.472e-07  1.328e-05 
  8.204e-01  1.807e-07  5.318e-06  2.400e-06 
  8.027e-01  1.988e-07  3.802e-06  1.506e-06  1.146e-06 
  9.154e-01  2.530e-07  3.397e-06  1.177e-06  1.024e-06  1.161e-06 
 -2.438e+01 -6.575e-06 -1.278e-04 -5.219e-05 -3.718e-05 -3.354e-05  1.418e-03 
  1.669e+02  4.181e-05  7.834e-04  3.136e-04  2.298e-04  2.171e-04 -7.757e-03  4.885e-02 
  1.684e+02  4.246e-05  8.074e-04  3.217e-04  2.384e-04  2.135e-04 -7.807e-03  4.848e-02  5.149e-02 
 -1.640e+01 -6.264e-06  7.655e-05  6.069e-05  1.772e-05 -8.241e-06 -7.411e-04  3.778e-03  4.134e-03  4.670e-03 
  1.043e+02  2.902e-05  4.086e-04  1.443e-04  1.223e-04  1.321e-04 -3.948e-03  2.566e-02  2.545e-02 -4.743e-04  1.580e-02 
 PARAMETER  CORRELATION COEFFICIENTS  
       NO.  GLOBAL      1      3      4      6      8      9     20     21     22     23     24
        1  0.94201   1.000  0.840  0.756  0.553  0.782  0.887 -0.675  0.788  0.774 -0.250  0.866
        3  0.92896   0.840  1.000  0.642  0.422  0.672  0.849 -0.631  0.684  0.677 -0.331  0.835
        4  0.99162   0.756  0.642  1.000  0.942  0.975  0.865 -0.931  0.973  0.976  0.307  0.892
        6  0.99270   0.553  0.422  0.942  1.000  0.908  0.705 -0.895  0.916  0.915  0.573  0.741
        8  0.98781   0.782  0.672  0.975  0.908  1.000  0.888 -0.922  0.971  0.981  0.242  0.909
        9  0.98559   0.887  0.849  0.865  0.705  0.888  1.000 -0.827  0.912  0.874 -0.112  0.975
       20  0.95694  -0.675 -0.631 -0.931 -0.895 -0.922 -0.827  1.000 -0.932 -0.913 -0.288 -0.834
       21  0.99217   0.788  0.684  0.973  0.916  0.971  0.912 -0.932  1.000  0.967  0.250  0.924
       22  0.98783   0.774  0.677  0.976  0.915  0.981  0.874 -0.913  0.967  1.000  0.267  0.892
       23  0.94810  -0.250 -0.331  0.307  0.573  0.242 -0.112 -0.288  0.250  0.267  1.000 -0.055
       24  0.98521   0.866  0.835  0.892  0.741  0.909  0.975 -0.834  0.924  0.892 -0.055  1.000
MINUIT - FIT ONLY 1-y
 **********
 **   51 **RES 
 **********
                   PARAMETER   16  beta_vw RESTORED TO VARIABLE.
                   PARAMETER   14  alpha_vw RESTORED TO VARIABLE.
                   PARAMETER   13  beta_y RESTORED TO VARIABLE.
                   PARAMETER   11  alpha_y RESTORED TO VARIABLE.
                   PARAMETER   10  beta_2CBO RESTORED TO VARIABLE.
 **********
 **   52 **FIX            0
 **********
 PARAMETER    0  IS UNDEFINED. IGNORED.
 **********
 **   53 **FIX            1
 **********
 **********
 **   54 **FIX            2
 **********
 PARAMETER    2  IS CONSTANT.   IGNORED.
 **********
 **   55 **FIX            3
 **********
 **********
 **   56 **FIX            4
 **********
 **********
 **   57 **FIX            5
 **********
 PARAMETER    5  IS CONSTANT.   IGNORED.
 **********
 **   58 **FIX            6
 **********
 **********
 **   59 **FIX            7
 **********
 PARAMETER    7  IS CONSTANT.   IGNORED.
 **********
 **   60 **FIX            8
 **********
 **********
 **   61 **FIX            9
 **********
 **********
 **   62 **FIX           13
 **********
 **********
 **   63 **FIX           14
 **********
 **********
 **   64 **FIX           15
 **********
 PARAMETER   15  IS CONSTANT.   IGNORED.
 **********
 **   65 **FIX           16
 **********
 **********
 **   66 **MIGRAD
 **********
 START MIGRAD MINIMIZATION.  STRATEGY  1.  CONVERGENCE WHEN EDM .LT. 1.00e-04
 FCN=62.1751 FROM MIGRAD    STATUS=INITIATE       16 CALLS        3627 TOTAL
                     EDM= unknown      STRATEGY= 1      NO ERROR MATRIX       
  EXT PARAMETER               CURRENT GUESS       STEP         FIRST   
  NO.   NAME      VALUE            ERROR          SIZE      DERIVATIVE 
   1  N0           2.98996e+06     fixed    
   2  tau          6.44201e+01   constant   
   3  A0           3.26854e-01     fixed    
   4  phi          4.03762e+00     fixed    
   5  R           -5.91013e+01   constant   
   6  alpha_CBO   -2.47087e-02     fixed    
   7  w_CBO        2.32500e+00   constant   
   8  beta_CBO    -1.86915e-04     fixed    
   9  alpha_2CBO  -1.56417e-04     fixed    
  10  beta_2CBO    5.03127e-03   1.96529e-03   1.96529e-03   1.51720e+01
  11  alpha_y      0.00000e+00   1.00000e-03   1.00000e-03  -7.32749e+04
  12  w_y          1.44500e+01   constant   
  13  beta_y       4.22872e-04     fixed    
  14  alpha_vw     0.00000e+00     fixed    
  15  w_vw         1.29000e+01   constant   
  16  beta_vw      0.00000e+00     fixed    
  17  LM           5.89621e-04   constant   
  18  zeta_y       0.00000e+00   constant   
  19  zeta_vw      0.00000e+00   constant   
  20  T_CBO        1.42841e+01   3.76602e-02   1.83312e-05  -1.29418e+01
  21  alpha_A0     2.11715e+00   2.21016e-01  -1.38365e-02  -9.74734e-02
  22  beta_A0     -1.89175e+00   2.26921e-01  -1.38522e-02   4.16781e-03
  23  alpha_phi   -3.20811e+00   6.83392e-02  -2.83589e-04   9.88272e-03
  24  beta_phi    -4.35137e+00   1.25697e-01  -7.86786e-03   4.21590e-02
 MIGRAD MINIMIZATION HAS CONVERGED.
 MIGRAD WILL VERIFY CONVERGENCE AND ERROR MATRIX.
 FCN=11.0725 FROM HESSE     STATUS=NOT POSDEF     50 CALLS        3772 TOTAL
                     EDM=0.00138986    STRATEGY= 1      ERR MATRIX NOT POS-DEF
  EXT PARAMETER                APPROXIMATE        STEP         FIRST   
  NO.   NAME      VALUE            ERROR          SIZE      DERIVATIVE 
   1  N0           2.98996e+06     fixed    
   2  tau          6.44201e+01   constant   
   3  A0           3.26854e-01     fixed    
   4  phi          4.03762e+00     fixed    
   5  R           -5.91013e+01   constant   
   6  alpha_CBO   -2.47087e-02     fixed    
   7  w_CBO        2.32500e+00   constant   
   8  beta_CBO    -1.86915e-04     fixed    
   9  alpha_2CBO  -1.56417e-04     fixed    
  10  beta_2CBO    5.51223e-03   3.41843e-04   3.33454e-07  -3.15971e+00
  11  alpha_y      1.39490e-03   1.94805e-04   3.21832e-07   1.49017e+00
  12  w_y          1.44500e+01   constant   
  13  beta_y       4.22872e-04     fixed    
  14  alpha_vw     0.00000e+00     fixed    
  15  w_vw         1.29000e+01   constant   
  16  beta_vw      0.00000e+00     fixed    
  17  LM           5.89621e-04   constant   
  18  zeta_y       0.00000e+00   constant   
  19  zeta_vw      0.00000e+00   constant   
  20  T_CBO        1.42906e+01   2.19031e-01   6.34736e-07   2.08699e+01
  21  alpha_A0     2.10276e+00   1.26593e-01   5.35650e-05  -3.83081e-02
  22  beta_A0     -1.79778e+00   1.17301e-01   6.42807e-05   1.17597e-02
  23  alpha_phi   -3.20918e+00   1.82305e-01   4.28050e-05   4.83129e-02
  24  beta_phi    -4.39142e+00   2.54382e-01   4.31552e-05   8.50220e-02
 CALL LIMIT EXCEEDED IN MIGRAD.
 MIGRAD TERMINATED WITHOUT CONVERGENCE.
 FCN=10.3289 FROM MIGRAD    STATUS=CALL LIMIT   1158 CALLS        4769 TOTAL
                     EDM=0.00651553    STRATEGY= 1      ERR MATRIX NOT POS-DEF
  EXT PARAMETER                APPROXIMATE        STEP         FIRST   
  NO.   NAME      VALUE            ERROR          SIZE      DERIVATIVE 
   1  N0           2.98996e+06     fixed    
   2  tau          6.44201e+01   constant   
   3  A0           3.26854e-01     fixed    
   4  phi          4.03762e+00     fixed    
   5  R           -5.91013e+01   constant   
   6  alpha_CBO   -2.47087e-02     fixed    
   7  w_CBO        2.32500e+00   constant   
   8  beta_CBO    -1.86915e-04     fixed    
   9  alpha_2CBO  -1.56417e-04     fixed    
  10  beta_2CBO    5.53501e-03   3.12054e-04  -2.82939e-05  -2.89507e+02
  11  alpha_y      1.40531e-03   1.95136e-04  -8.03886e-07   5.80278e+00
  12  w_y          1.44500e+01   constant   
  13  beta_y       4.22872e-04     fixed    
  14  alpha_vw     0.00000e+00     fixed    
  15  w_vw         1.29000e+01   constant   
  16  beta_vw      0.00000e+00     fixed    
  17  LM           5.89621e-04   constant   
  18  zeta_y       0.00000e+00   constant   
  19  zeta_vw      0.00000e+00   constant   
  20  T_CBO        1.20046e+01   6.00149e-01  -2.92600e-04  -1.01438e+03
  21  alpha_A0     4.31784e+00   9.55962e-01   5.33158e-02  -1.15096e+00
  22  beta_A0     -3.57611e+00   7.78249e-01  -4.85892e-02   5.20364e-01
  23  alpha_phi   -6.44908e+00   1.37587e+00  -7.22543e-02   8.01755e-01
  24  beta_phi    -8.98130e+00   1.96295e+00  -1.03464e-01   1.55208e+00
 EXTERNAL ERROR MATRIX.    NDIM=  25    NPAR=  7    ERR DEF=1
  9.738e-08  1.284e-08  2.490e-05 -4.574e-05  5.808e-05  5.289e-05  7.486e-05 
  1.284e-08  3.808e-08 -2.774e-06  4.208e-06  1.107e-06 -6.544e-06 -1.107e-05 
  2.490e-05 -2.774e-06  3.602e-01 -5.726e-01  4.619e-01  8.253e-01  1.178e+00 
 -4.574e-05  4.208e-06 -5.726e-01  9.139e-01 -7.350e-01 -1.311e+00 -1.873e+00 
  5.808e-05  1.107e-06  4.619e-01 -7.350e-01  6.057e-01  1.058e+00  1.507e+00 
  5.289e-05 -6.544e-06  8.253e-01 -1.311e+00  1.058e+00  1.893e+00  2.699e+00 
  7.486e-05 -1.107e-05  1.178e+00 -1.873e+00  1.507e+00  2.699e+00  3.853e+00 
ERR MATRIX NOT POS-DEF
 PARAMETER  CORRELATION COEFFICIENTS  
       NO.  GLOBAL     10     11     20     21     22     23     24
       10  0.80274   1.000  0.211  0.133 -0.153  0.239  0.123  0.122
       11  0.25621   0.211  1.000 -0.024  0.023  0.007 -0.024 -0.029
       20  0.99983   0.133 -0.024  1.000 -0.998  0.989  0.999  1.000
       21  0.99891  -0.153  0.023 -0.998  1.000 -0.988 -0.996 -0.998
       22  0.99606   0.239  0.007  0.989 -0.988  1.000  0.988  0.987
       23  0.99968   0.123 -0.024  0.999 -0.996  0.988  1.000  0.999
       24  0.99982   0.122 -0.029  1.000 -0.998  0.987  0.999  1.000
 ERR MATRIX NOT POS-DEF
MINUIT - FIT ONLY 2-y
 **********
 **   67 **RES 
 **********
                   PARAMETER   16  beta_vw RESTORED TO VARIABLE.
                   PARAMETER   14  alpha_vw RESTORED TO VARIABLE.
                   PARAMETER   13  beta_y RESTORED TO VARIABLE.
                   PARAMETER    9  alpha_2CBO RESTORED TO VARIABLE.
                   PARAMETER    8  beta_CBO RESTORED TO VARIABLE.
                   PARAMETER    6  alpha_CBO RESTORED TO VARIABLE.
                   PARAMETER    4  phi RESTORED TO VARIABLE.
                   PARAMETER    3  A0 RESTORED TO VARIABLE.
                   PARAMETER    1  N0 RESTORED TO VARIABLE.
 **********
 **   68 **FIX            0
 **********
 PARAMETER    0  IS UNDEFINED. IGNORED.
 **********
 **   69 **FIX            1
 **********
 **********
 **   70 **FIX            2
 **********
 PARAMETER    2  IS CONSTANT.   IGNORED.
 **********
 **   71 **FIX            3
 **********
 **********
 **   72 **FIX            4
 **********
 **********
 **   73 **FIX            5
 **********
 PARAMETER    5  IS CONSTANT.   IGNORED.
 **********
 **   74 **FIX            6
 **********
 **********
 **   75 **FIX            7
 **********
 PARAMETER    7  IS CONSTANT.   IGNORED.
 **********
 **   76 **FIX            8
 **********
 **********
 **   77 **FIX            9
 **********
 **********
 **   78 **FIX           10
 **********
 **********
 **   79 **FIX           11
 **********
 **********
 **   80 **FIX           12
 **********
 PARAMETER   12  IS CONSTANT.   IGNORED.
 **********
 **   81 **FIX           16
 **********
 **********
 **   82 **MIGRAD
 **********
 START MIGRAD MINIMIZATION.  STRATEGY  1.  CONVERGENCE WHEN EDM .LT. 1.00e-04
 FCN=10.3289 FROM MIGRAD    STATUS=INITIATE       16 CALLS        4785 TOTAL
                     EDM= unknown      STRATEGY= 1      NO ERROR MATRIX       
  EXT PARAMETER               CURRENT GUESS       STEP         FIRST   
  NO.   NAME      VALUE            ERROR          SIZE      DERIVATIVE 
   1  N0           2.98996e+06     fixed    
   2  tau          6.44201e+01   constant   
   3  A0           3.26854e-01     fixed    
   4  phi          4.03762e+00     fixed    
   5  R           -5.91013e+01   constant   
   6  alpha_CBO   -2.47087e-02     fixed    
   7  w_CBO        2.32500e+00   constant   
   8  beta_CBO    -1.86915e-04     fixed    
   9  alpha_2CBO  -1.56417e-04     fixed    
  10  beta_2CBO    5.53501e-03     fixed    
  11  alpha_y      1.40531e-03     fixed    
  12  w_y          1.44500e+01   constant   
  13  beta_y       4.22872e-04   1.98501e-04   1.98501e-04   3.24036e+03
  14  alpha_vw     0.00000e+00   1.00000e-03   1.00000e-03  -9.39137e+03
  15  w_vw         1.29000e+01   constant   
  16  beta_vw      0.00000e+00     fixed    
  17  LM           5.89621e-04   constant   
