 + ++++++++++++++++++++++++++++++++++++++++++++++++++++++++++++++++++++ +
 +                                                                      +
 +           You have chose to blind your fitting according to          +
 +                omega_ref * (1 + (R +/- deltaR) *10^{-6})             +
 +                                                                      +
 + ++++++++++++++++++++++++++++++++++++++++++++++++++++++++++++++++++++ +
In main()...
reading format from /gm2data/zkhechad/run45/envelope/formats/formatB_sBin_constraintOn.txt
pBinTau 	= 0  
pBinPhi 	= 0  
constraintau 	= 1 
includeMopTerm 	= 0    
constrainMop    = 0   
Parameters after format file: pBinTau 0 pBinPhi 0 constraintau 1 includeMopTerm 0 constrainMop 0 c_e_scale 0.000000 
Opening file /gm2data/tbarrett/gm2fr/studies/run23_bunch_corrections/CorrectedFourier_Run3b.root.
reading full fit data from /gm2data/zkhechad/cboTemplates/Run4CBOTemplates/templateFits0_v2.0/noRF/sBin_constraintOn_cE0.0_seed0_noRF_calo24.root
windowBins = 69
fitting sliding window 540 from bin 676 at 100.710000 to bin 745 at 111.154000 (69 bins)

Reading data from /gm2data/cornell/histograms/aMethod/histogram_a_noRF.root
 **********
 **    1 **SET PRINTOUT            1
 **********
 **********
 **    2 **SET NOWARNINGS 
 **********
 PARAMETER DEFINITIONS:
    NO.   NAME         VALUE      STEP SIZE      LIMITS
     1 N0           3.17742e+06  1.00000e+02     no limits
     2 tau          6.44362e+01  constant
     3 A0           3.64954e-01  1.00000e-04     no limits
     4 phi          4.11955e+00  1.00000e-02     no limits
     5 R           -6.08502e+01  constant
     6 alpha_CBO    0.00000e+00  1.00000e-03     no limits
     7 w_CBO        2.32500e+00  constant
     8 beta_CBO     0.00000e+00  1.00000e-03     no limits
     9 alpha_2CBO   0.00000e+00  1.00000e-03     no limits
    10 beta_2CBO    0.00000e+00  1.00000e-03     no limits
    11 alpha_y      0.00000e+00  1.00000e-03     no limits
    12 w_y          1.44500e+01  constant
    13 beta_y       0.00000e+00  1.00000e-03     no limits
    14 alpha_vw     0.00000e+00  1.00000e-03     no limits
    15 w_vw         1.29000e+01  constant
    16 beta_vw      0.00000e+00  1.00000e-03     no limits
    17 LM           1.15487e-03  constant
    18 zeta_y       0.00000e+00  constant
    19 zeta_vw      0.00000e+00  constant
    20 T_CBO        1.00000e+02  1.00000e+00    0.00000e+00  1.00000e+03
    21 alpha_A0     0.00000e+00  1.00000e-03     no limits
    22 beta_A0      0.00000e+00  1.00000e-03     no limits
    23 alpha_phi    0.00000e+00  1.00000e-03     no limits
    24 beta_phi     0.00000e+00  1.00000e-03     no limits
MINUIT - FIT ONLY WIGGLE
 **********
 **    3 **FIX            5
 **********
 PARAMETER    5  IS CONSTANT.   IGNORED.
 **********
 **    4 **FIX            6
 **********
 **********
 **    5 **FIX            7
 **********
 PARAMETER    7  IS CONSTANT.   IGNORED.
 **********
 **    6 **FIX            8
 **********
 **********
 **    7 **FIX            9
 **********
 **********
 **    8 **FIX           10
 **********
 **********
 **    9 **FIX           11
 **********
 **********
 **   10 **FIX           12
 **********
 PARAMETER   12  IS CONSTANT.   IGNORED.
 **********
 **   11 **FIX           13
 **********
 **********
 **   12 **FIX           14
 **********
 **********
 **   13 **FIX           15
 **********
 PARAMETER   15  IS CONSTANT.   IGNORED.
 **********
 **   14 **FIX           16
 **********
 **********
 **   15 **MIGRAD
 **********
 FIRST CALL TO USER FUNCTION AT NEW START POINT, WITH IFLAG=4.
 START MIGRAD MINIMIZATION.  STRATEGY  1.  CONVERGENCE WHEN EDM .LT. 1.00e-04
 FCN=1843.39 FROM MIGRAD    STATUS=INITIATE      427 CALLS         428 TOTAL
                     EDM= unknown      STRATEGY= 1      NO ERROR MATRIX       
  EXT PARAMETER               CURRENT GUESS       STEP         FIRST   
  NO.   NAME      VALUE            ERROR          SIZE      DERIVATIVE 
   1  N0           3.17742e+06   1.00000e+02   0.00000e+00   2.10122e-02
   2  tau          6.44362e+01   constant   
   3  A0           3.64954e-01   1.00000e-04   0.00000e+00   2.40776e+04
   4  phi          4.11955e+00   1.00000e-02   0.00000e+00  -5.83529e+04
   5  R           -6.08502e+01   constant   
   6  alpha_CBO    0.00000e+00     fixed    
   7  w_CBO        2.32500e+00   constant   
   8  beta_CBO     0.00000e+00     fixed    
   9  alpha_2CBO   0.00000e+00     fixed    
  10  beta_2CBO    0.00000e+00     fixed    
  11  alpha_y      0.00000e+00     fixed    
  12  w_y          1.44500e+01   constant   
  13  beta_y       0.00000e+00     fixed    
  14  alpha_vw     0.00000e+00     fixed    
  15  w_vw         1.29000e+01   constant   
  16  beta_vw      0.00000e+00     fixed    
  17  LM           1.15487e-03   constant   
  18  zeta_y       0.00000e+00   constant   
  19  zeta_vw      0.00000e+00   constant   
  20  T_CBO        1.00000e+02   1.00000e+00   0.00000e+00   0.00000e+00
  21  alpha_A0     0.00000e+00   1.00000e-03   0.00000e+00   7.68873e+02
  22  beta_A0      0.00000e+00   1.00000e-03   0.00000e+00   7.98148e+03
  23  alpha_phi    0.00000e+00   1.00000e-03   0.00000e+00   1.44824e+03
  24  beta_phi     0.00000e+00   1.00000e-03   0.00000e+00   1.77834e+04
 CALL LIMIT EXCEEDED IN MIGRAD.
 MIGRAD TERMINATED WITHOUT CONVERGENCE.
 FCN=1564.94 FROM MIGRAD    STATUS=CALL LIMIT   1328 CALLS        1329 TOTAL
                     EDM=0.000218231    STRATEGY= 1  ERROR MATRIX UNCERTAINTY   1.2 per cent
  EXT PARAMETER                APPROXIMATE        STEP         FIRST   
  NO.   NAME      VALUE            ERROR          SIZE      DERIVATIVE 
   1  N0           3.17721e+06   3.11592e+02  -2.79558e-01  -8.93774e-06
   2  tau          6.44362e+01   constant   
   3  A0           3.64651e-01   1.15316e-04  -1.31744e-07  -1.33689e+02
   4  phi          4.12331e+00   3.58505e-04  -1.46299e-07   1.32128e+01
   5  R           -6.08502e+01   constant   
   6  alpha_CBO    0.00000e+00     fixed    
   7  w_CBO        2.32500e+00   constant   
   8  beta_CBO     0.00000e+00     fixed    
   9  alpha_2CBO   0.00000e+00     fixed    
  10  beta_2CBO    0.00000e+00     fixed    
  11  alpha_y      0.00000e+00     fixed    
  12  w_y          1.44500e+01   constant   
  13  beta_y       0.00000e+00     fixed    
  14  alpha_vw     0.00000e+00     fixed    
  15  w_vw         1.29000e+01   constant   
  16  beta_vw      0.00000e+00     fixed    
  17  LM           1.15487e-03   constant   
  18  zeta_y       0.00000e+00   constant   
  19  zeta_vw      0.00000e+00   constant   
  20  T_CBO        9.96599e+02   5.50130e+02   1.47621e-01  -5.48320e-03
  21  alpha_A0     9.84931e-04   7.05507e-04  -4.23574e-06  -5.10818e+00
  22  beta_A0     -1.42489e-03   6.90251e-04   2.20863e-06   9.58467e+00
  23  alpha_phi   -6.05801e-04   5.48117e-04  -4.23452e-06  -1.21335e+01
  24  beta_phi    -6.41507e-03   7.28210e-04   1.48151e-05   4.26944e+01
 EXTERNAL ERROR MATRIX.    NDIM=  25    NPAR=  8    ERR DEF=1
  9.709e+04  5.911e-03  1.219e-02 -3.890e+03  3.218e-02 -2.699e-02 -3.328e-02 -1.557e-02 
  5.911e-03  1.330e-08 -2.003e-09 -1.712e-03 -1.257e-09 -7.076e-09  8.978e-10  1.894e-10 
  1.219e-02 -2.003e-09  1.285e-07 -8.132e-05  3.791e-08  3.166e-08 -1.216e-08 -1.577e-08 
 -3.890e+03 -1.712e-03 -8.132e-05  1.578e+05 -3.907e-02  4.333e-02  1.790e-02  2.050e-01 
  3.218e-02 -1.257e-09  3.791e-08 -3.907e-02  4.977e-07  4.437e-08 -7.996e-08 -6.829e-08 
 -2.699e-02 -7.076e-09  3.166e-08  4.333e-02  4.437e-08  4.764e-07 -4.847e-08 -1.256e-08 
 -3.328e-02  8.978e-10 -1.216e-08  1.790e-02 -7.996e-08 -4.847e-08  3.004e-07  8.407e-08 
 -1.557e-02  1.894e-10 -1.577e-08  2.050e-01 -6.829e-08 -1.256e-08  8.407e-08  5.303e-07 
ERR MATRIX APPROXIMATE
 PARAMETER  CORRELATION COEFFICIENTS  
       NO.  GLOBAL      1      3      4     20     21     22     23     24
        1  0.33804   1.000  0.165  0.109 -0.031  0.146 -0.126 -0.195 -0.069
        3  0.19646   0.165  1.000 -0.048 -0.037 -0.015 -0.089  0.014  0.002
        4  0.22766   0.109 -0.048  1.000 -0.001  0.150  0.128 -0.062 -0.060
       20  0.73718  -0.031 -0.037 -0.001  1.000 -0.139  0.158  0.082  0.709
       21  0.30703   0.146 -0.015  0.150 -0.139  1.000  0.091 -0.207 -0.133
       22  0.34879  -0.126 -0.089  0.128  0.158  0.091  1.000 -0.128 -0.025
       23  0.35276  -0.195  0.014 -0.062  0.082 -0.207 -0.128  1.000  0.211
       24  0.73660  -0.069  0.002 -0.060  0.709 -0.133 -0.025  0.211  1.000
 ERR MATRIX APPROXIMATE
MINUIT - FIT ONLY 1-CBO + wiggle
 **********
 **   16 **RES 
 **********
                   PARAMETER   16  beta_vw RESTORED TO VARIABLE.
                   PARAMETER   14  alpha_vw RESTORED TO VARIABLE.
                   PARAMETER   13  beta_y RESTORED TO VARIABLE.
                   PARAMETER   11  alpha_y RESTORED TO VARIABLE.
                   PARAMETER   10  beta_2CBO RESTORED TO VARIABLE.
                   PARAMETER    9  alpha_2CBO RESTORED TO VARIABLE.
                   PARAMETER    8  beta_CBO RESTORED TO VARIABLE.
                   PARAMETER    6  alpha_CBO RESTORED TO VARIABLE.
 **********
 **   17 **FIX            8
 **********
 **********
 **   18 **FIX            9
 **********
 **********
 **   19 **FIX           11
 **********
 **********
 **   20 **FIX           12
 **********
 PARAMETER   12  IS CONSTANT.   IGNORED.
 **********
 **   21 **FIX           14
 **********
 **********
 **   22 **FIX           15
 **********
 PARAMETER   15  IS CONSTANT.   IGNORED.
 **********
 **   23 **FIX           16
 **********
 **********
 **   24 **MIGRAD
 **********
 START MIGRAD MINIMIZATION.  STRATEGY  1.  CONVERGENCE WHEN EDM .LT. 1.00e-04
 FCN=1564.94 FROM MIGRAD    STATUS=INITIATE       28 CALLS        1357 TOTAL
                     EDM= unknown      STRATEGY= 1      NO ERROR MATRIX       
  EXT PARAMETER               CURRENT GUESS       STEP         FIRST   
  NO.   NAME      VALUE            ERROR          SIZE      DERIVATIVE 
   1  N0           3.17721e+06   3.11592e+02  -2.79558e-01  -8.93774e-06
   2  tau          6.44362e+01   constant   
   3  A0           3.64651e-01   1.15316e-04  -1.31744e-07  -1.33689e+02
   4  phi          4.12331e+00   3.58505e-04  -1.46299e-07   1.32128e+01
   5  R           -6.08502e+01   constant   
   6  alpha_CBO    0.00000e+00   1.00000e-03   1.00000e-03   2.23559e+05
   7  w_CBO        2.32500e+00   constant   
   8  beta_CBO     0.00000e+00     fixed    
   9  alpha_2CBO   0.00000e+00     fixed    
  10  beta_2CBO    0.00000e+00   1.00000e-03   1.00000e-03  -1.24222e+04
  11  alpha_y      0.00000e+00     fixed    
  12  w_y          1.44500e+01   constant   
  13  beta_y       0.00000e+00   1.00000e-03   1.00000e-03   2.28382e+04
  14  alpha_vw     0.00000e+00     fixed    
  15  w_vw         1.29000e+01   constant   
  16  beta_vw      0.00000e+00     fixed    
  17  LM           1.15487e-03   constant   
  18  zeta_y       0.00000e+00   constant   
  19  zeta_vw      0.00000e+00   constant   
  20  T_CBO        9.96599e+02   5.50130e+02   1.47621e-01  -5.80798e-03
  21  alpha_A0     9.84931e-04   7.05507e-04  -4.23574e-06  -5.10818e+00
  22  beta_A0     -1.42489e-03   6.90251e-04   2.20863e-06   9.58465e+00
  23  alpha_phi   -6.05801e-04   5.48117e-04  -4.23452e-06  -1.21335e+01
  24  beta_phi    -6.41507e-03   7.28210e-04   1.48151e-05   4.26944e+01
 MIGRAD MINIMIZATION HAS CONVERGED.
 FCN=1321.91 FROM MIGRAD    STATUS=CONVERGED     387 CALLS        1716 TOTAL
                     EDM=3.50804e-06    STRATEGY= 1  ERROR MATRIX UNCERTAINTY   1.4 per cent
  EXT PARAMETER                                   STEP         FIRST   
  NO.   NAME      VALUE            ERROR          SIZE      DERIVATIVE 
   1  N0           3.17740e+06   3.05126e+02  -5.12963e-01   3.71705e-07
   2  tau          6.44362e+01   constant   
   3  A0           3.65010e-01   1.19489e-04  -3.52905e-08  -1.49351e+01
   4  phi          4.12243e+00   3.55450e-04   4.21703e-08  -2.51554e+00
   5  R           -6.08502e+01   constant   
   6  alpha_CBO   -2.14950e-03   1.38687e-04   1.04571e-08  -5.55636e-01
   7  w_CBO        2.32500e+00   constant   
   8  beta_CBO     0.00000e+00     fixed    
   9  alpha_2CBO   0.00000e+00     fixed    
  10  beta_2CBO    6.53097e-05   1.34789e-04   9.49362e-08  -1.09784e+01
  11  alpha_y      0.00000e+00     fixed    
  12  w_y          1.44500e+01   constant   
  13  beta_y      -2.03615e-04   1.31494e-04  -8.03478e-08   6.63957e+00
  14  alpha_vw     0.00000e+00     fixed    
  15  w_vw         1.29000e+01   constant   
  16  beta_vw      0.00000e+00     fixed    
  17  LM           1.15487e-03   constant   
  18  zeta_y       0.00000e+00   constant   
  19  zeta_vw      0.00000e+00   constant   
  20  T_CBO        9.99986e+02   9.99525e+02  -6.23672e-02   2.25874e-04
  21  alpha_A0    -4.34299e-04   5.73747e-04  -1.18747e-06  -2.60056e+00
  22  beta_A0     -1.77768e-03   5.52528e-04   5.78922e-07   1.01836e+00
  23  alpha_phi   -1.98296e-03   4.81931e-04   1.55249e-06  -4.68966e-01
  24  beta_phi    -5.93192e-03   5.33858e-04   1.90544e-06   3.12565e+00
 EXTERNAL ERROR MATRIX.    NDIM=  25    NPAR= 11    ERR DEF=1
  9.310e+04 
  5.565e-03  1.428e-08 
  1.139e-02 -4.085e-09  1.263e-07 
 -1.540e-03 -3.194e-09  7.653e-09  1.923e-08 
  1.458e-03 -6.323e-10  4.355e-10  3.697e-10  1.817e-08 
  1.518e-04 -2.604e-10  1.169e-09  6.218e-11  5.430e-11  1.729e-08 
  6.685e+02  5.326e-05  1.910e-04 -1.217e-05 -1.169e-04  6.344e-05  1.238e+03 
  1.092e-02 -2.773e-09  2.563e-08  1.228e-08 -6.499e-09 -3.244e-10  6.644e-04  3.292e-07 
 -2.006e-02 -6.228e-09  2.022e-08  2.985e-09  4.343e-09  1.364e-09 -1.550e-03  1.770e-08  3.053e-07 
 -2.267e-02  1.178e-09 -1.011e-09  1.218e-08 -4.278e-09  2.745e-10 -2.388e-03  5.897e-09 -1.341e-08  2.323e-07 
 -9.849e-03  3.747e-09 -1.684e-08 -4.839e-09 -1.127e-08 -7.969e-10 -5.040e-03 -2.907e-08 -3.082e-08  6.035e-09  2.850e-07 
 PARAMETER  CORRELATION COEFFICIENTS  
       NO.  GLOBAL      1      3      4      6     10     13     20     21     22     23     24
        1  0.29516   1.000  0.153  0.105 -0.036  0.035  0.004  0.062  0.062 -0.119 -0.154 -0.060
        3  0.27883   0.153  1.000 -0.096 -0.193 -0.039 -0.017  0.013 -0.040 -0.094  0.020  0.059
        4  0.25551   0.105 -0.096  1.000  0.155  0.009  0.025  0.015  0.126  0.103 -0.006 -0.089
        6  0.33071  -0.036 -0.193  0.155  1.000  0.020  0.003 -0.002  0.154  0.039  0.182 -0.065
       10  0.21936   0.035 -0.039  0.009  0.020  1.000  0.003 -0.025 -0.084  0.058 -0.066 -0.157
       13  0.03861   0.004 -0.017  0.025  0.003  0.003  1.000  0.014 -0.004  0.019  0.004 -0.011
       20  0.33078   0.062  0.013  0.015 -0.002 -0.025  0.014  1.000  0.033 -0.080 -0.141 -0.268
       21  0.23652   0.062 -0.040  0.126  0.154 -0.084 -0.004  0.033  1.000  0.056  0.021 -0.095
       22  0.24977  -0.119 -0.094  0.103  0.039  0.058  0.019 -0.080  0.056  1.000 -0.050 -0.104
       23  0.29987  -0.154  0.020 -0.006  0.182 -0.066  0.004 -0.141  0.021 -0.050  1.000  0.023
       24  0.36098  -0.060  0.059 -0.089 -0.065 -0.157 -0.011 -0.268 -0.095 -0.104  0.023  1.000
MINUIT - FIT ONLY 2-CBO
 **********
 **   25 **RES 
 **********
                   PARAMETER   16  beta_vw RESTORED TO VARIABLE.
                   PARAMETER   14  alpha_vw RESTORED TO VARIABLE.
                   PARAMETER   11  alpha_y RESTORED TO VARIABLE.
                   PARAMETER    9  alpha_2CBO RESTORED TO VARIABLE.
                   PARAMETER    8  beta_CBO RESTORED TO VARIABLE.
 **********
 **   26 **FIX            0
 **********
 PARAMETER    0  IS UNDEFINED. IGNORED.
 **********
 **   27 **FIX            1
 **********
 **********
 **   28 **FIX            2
 **********
 PARAMETER    2  IS CONSTANT.   IGNORED.
 **********
 **   29 **FIX            3
 **********
 **********
 **   30 **FIX            4
 **********
 **********
 **   31 **FIX            5
 **********
 PARAMETER    5  IS CONSTANT.   IGNORED.
 **********
 **   32 **FIX            6
 **********
 **********
 **   33 **FIX            7
 **********
 PARAMETER    7  IS CONSTANT.   IGNORED.
 **********
 **   34 **FIX           10
 **********
 **********
 **   35 **FIX           11
 **********
 **********
 **   36 **FIX           12
 **********
 PARAMETER   12  IS CONSTANT.   IGNORED.
 **********
 **   37 **FIX           13
 **********
 **********
 **   38 **FIX           14
 **********
 **********
 **   39 **FIX           15
 **********
 PARAMETER   15  IS CONSTANT.   IGNORED.
 **********
 **   40 **FIX           16
 **********
 **********
 **   41 **MIGRAD
 **********
 START MIGRAD MINIMIZATION.  STRATEGY  1.  CONVERGENCE WHEN EDM .LT. 1.00e-04
 FCN=1321.91 FROM MIGRAD    STATUS=INITIATE       18 CALLS        1734 TOTAL
                     EDM= unknown      STRATEGY= 1      NO ERROR MATRIX       
  EXT PARAMETER               CURRENT GUESS       STEP         FIRST   
  NO.   NAME      VALUE            ERROR          SIZE      DERIVATIVE 
   1  N0           3.17740e+06     fixed    
   2  tau          6.44362e+01   constant   
   3  A0           3.65010e-01     fixed    
   4  phi          4.12243e+00     fixed    
   5  R           -6.08502e+01   constant   
   6  alpha_CBO   -2.14950e-03     fixed    
   7  w_CBO        2.32500e+00   constant   
   8  beta_CBO     0.00000e+00   1.00000e-03   1.00000e-03  -5.03361e+05
   9  alpha_2CBO   0.00000e+00   1.00000e-03   1.00000e-03   1.48368e+04
  10  beta_2CBO    6.53097e-05     fixed    
  11  alpha_y      0.00000e+00     fixed    
  12  w_y          1.44500e+01   constant   
  13  beta_y      -2.03615e-04     fixed    
  14  alpha_vw     0.00000e+00     fixed    
  15  w_vw         1.29000e+01   constant   
  16  beta_vw      0.00000e+00     fixed    
  17  LM           1.15487e-03   constant   
  18  zeta_y       0.00000e+00   constant   
  19  zeta_vw      0.00000e+00   constant   
  20  T_CBO        9.99986e+02   9.99525e+02  -6.23672e-02  -2.15684e-04
  21  alpha_A0    -4.34299e-04   5.73747e-04  -1.18747e-06  -2.60059e+00
  22  beta_A0     -1.77768e-03   5.52528e-04   5.78922e-07   1.01837e+00
  23  alpha_phi   -1.98296e-03   4.81931e-04   1.55249e-06  -4.68964e-01
  24  beta_phi    -5.93192e-03   5.33858e-04   1.90544e-06   3.12565e+00
 MIGRAD MINIMIZATION HAS CONVERGED.
 MIGRAD WILL VERIFY CONVERGENCE AND ERROR MATRIX.
 COVARIANCE MATRIX CALCULATED SUCCESSFULLY
 FCN=135.507 FROM MIGRAD    STATUS=CONVERGED     217 CALLS        1933 TOTAL
                     EDM=4.40083e-06    STRATEGY= 1      ERROR MATRIX ACCURATE 
  EXT PARAMETER                                   STEP         FIRST   
  NO.   NAME      VALUE            ERROR          SIZE      DERIVATIVE 
   1  N0           3.17740e+06     fixed    
   2  tau          6.44362e+01   constant   
   3  A0           3.65010e-01     fixed    
   4  phi          4.12243e+00     fixed    
   5  R           -6.08502e+01   constant   
   6  alpha_CBO   -2.14950e-03     fixed    
   7  w_CBO        2.32500e+00   constant   
   8  beta_CBO     4.70762e-03   1.36710e-04   7.62605e-07  -1.23282e+00
   9  alpha_2CBO  -1.90939e-04   1.34634e-04   7.51980e-07  -2.78982e+00
  10  beta_2CBO    6.53097e-05     fixed    
  11  alpha_y      0.00000e+00     fixed    
  12  w_y          1.44500e+01   constant   
  13  beta_y      -2.03615e-04     fixed    
  14  alpha_vw     0.00000e+00     fixed    
  15  w_vw         1.29000e+01   constant   
  16  beta_vw      0.00000e+00     fixed    
  17  LM           1.15487e-03   constant   
  18  zeta_y       0.00000e+00   constant   
  19  zeta_vw      0.00000e+00   constant   
  20  T_CBO        9.99982e+02   6.40651e+02   4.05948e-02   3.13980e-04
  21  alpha_A0    -6.32248e-04   5.66904e-04   3.19110e-06  -5.40753e-02
  22  beta_A0     -7.23689e-04   5.49469e-04   3.06711e-06  -8.38611e-01
  23  alpha_phi   -2.42746e-03   4.81247e-04   2.70668e-06  -3.43304e+00
  24  beta_phi    -2.44771e-03   5.30855e-04   2.93845e-06   9.55841e-01
 EXTERNAL ERROR MATRIX.    NDIM=  25    NPAR=  7    ERR DEF=1
  1.869e-08 -2.287e-10 -4.220e-07 -5.253e-10  4.373e-09 -2.005e-09  1.387e-08 
 -2.287e-10  1.813e-08  7.054e-07  7.976e-09  9.966e-09 -7.964e-09  2.056e-09 
 -4.220e-07  7.054e-07  1.014e+03 -2.077e-04 -2.422e-04 -8.578e-04 -9.037e-04 
 -5.253e-10  7.976e-09 -2.077e-04  3.214e-07  2.808e-08 -1.353e-08 -2.862e-08 
  4.373e-09  9.966e-09 -2.422e-04  2.808e-08  3.019e-07 -2.718e-08 -2.349e-08 
 -2.005e-09 -7.964e-09 -8.578e-04 -1.353e-08 -2.718e-08  2.316e-07  6.264e-09 
  1.387e-08  2.056e-09 -9.037e-04 -2.862e-08 -2.349e-08  6.264e-09  2.818e-07 
 PARAMETER  CORRELATION COEFFICIENTS  
       NO.  GLOBAL      8      9     20     21     22     23     24
        8  0.20954   1.000 -0.012 -0.000 -0.007  0.058 -0.030  0.191
        9  0.20363  -0.012  1.000  0.000  0.105  0.135 -0.123  0.029
       20  0.08261  -0.000  0.000  1.000 -0.012 -0.014 -0.056 -0.053
       21  0.16256  -0.007  0.105 -0.012  1.000  0.090 -0.050 -0.095
       22  0.20648   0.058  0.135 -0.014  0.090  1.000 -0.103 -0.081
       23  0.16751  -0.030 -0.123 -0.056 -0.050 -0.103  1.000  0.025
       24  0.24201   0.191  0.029 -0.053 -0.095 -0.081  0.025  1.000
MINUIT - FIT wiggle + 1-CBO + 2-CBO
 **********
 **   42 **RES 
 **********
                   PARAMETER   16  beta_vw RESTORED TO VARIABLE.
                   PARAMETER   14  alpha_vw RESTORED TO VARIABLE.
                   PARAMETER   13  beta_y RESTORED TO VARIABLE.
                   PARAMETER   11  alpha_y RESTORED TO VARIABLE.
                   PARAMETER   10  beta_2CBO RESTORED TO VARIABLE.
                   PARAMETER    6  alpha_CBO RESTORED TO VARIABLE.
                   PARAMETER    4  phi RESTORED TO VARIABLE.
                   PARAMETER    3  A0 RESTORED TO VARIABLE.
                   PARAMETER    1  N0 RESTORED TO VARIABLE.
 **********
 **   43 **FIX           10
 **********
 **********
 **   44 **FIX           11
 **********
 **********
 **   45 **FIX           12
 **********
 PARAMETER   12  IS CONSTANT.   IGNORED.
 **********
 **   46 **FIX           13
 **********
 **********
 **   47 **FIX           14
 **********
 **********
 **   48 **FIX           15
 **********
 PARAMETER   15  IS CONSTANT.   IGNORED.
 **********
 **   49 **FIX           16
 **********
 **********
 **   50 **MIGRAD
 **********
 START MIGRAD MINIMIZATION.  STRATEGY  1.  CONVERGENCE WHEN EDM .LT. 1.00e-04
 FCN=135.507 FROM MIGRAD    STATUS=INITIATE       22 CALLS        1955 TOTAL
                     EDM= unknown      STRATEGY= 1      NO ERROR MATRIX       
  EXT PARAMETER               CURRENT GUESS       STEP         FIRST   
  NO.   NAME      VALUE            ERROR          SIZE      DERIVATIVE 
   1  N0           3.17740e+06   3.05126e+02   3.05126e+02  -5.95440e-03
   2  tau          6.44362e+01   constant   
   3  A0           3.65010e-01   1.19489e-04   1.19489e-04   4.06112e+04
   4  phi          4.12243e+00   3.55450e-04   3.55450e-04   3.80684e+04
   5  R           -6.08502e+01   constant   
   6  alpha_CBO   -2.14950e-03   1.38687e-04   1.38687e-04  -9.21918e+03
   7  w_CBO        2.32500e+00   constant   
   8  beta_CBO     4.70762e-03   1.36710e-04   7.62605e-07  -1.23281e+00
   9  alpha_2CBO  -1.90939e-04   1.34634e-04   7.51980e-07  -2.78982e+00
  10  beta_2CBO    6.53097e-05     fixed    
  11  alpha_y      0.00000e+00     fixed    
  12  w_y          1.44500e+01   constant   
  13  beta_y      -2.03615e-04     fixed    
  14  alpha_vw     0.00000e+00     fixed    
  15  w_vw         1.29000e+01   constant   
  16  beta_vw      0.00000e+00     fixed    
  17  LM           1.15487e-03   constant   
  18  zeta_y       0.00000e+00   constant   
  19  zeta_vw      0.00000e+00   constant   
  20  T_CBO        9.99982e+02   6.40651e+02   4.05948e-02  -3.16376e-04
  21  alpha_A0    -6.32248e-04   5.66904e-04   3.19110e-06  -5.41430e-02
  22  beta_A0     -7.23689e-04   5.49469e-04   3.06711e-06  -8.38576e-01
  23  alpha_phi   -2.42746e-03   4.81247e-04   2.70668e-06  -3.43303e+00
  24  beta_phi    -2.44771e-03   5.30855e-04   2.93845e-06   9.55839e-01
 MIGRAD MINIMIZATION HAS CONVERGED.
 FCN=84.1439 FROM MIGRAD    STATUS=CONVERGED     177 CALLS        2110 TOTAL
                     EDM=1.11227e-06    STRATEGY= 1  ERROR MATRIX UNCERTAINTY   4.9 per cent
  EXT PARAMETER                                   STEP         FIRST   
  NO.   NAME      VALUE            ERROR          SIZE      DERIVATIVE 
   1  N0           3.17733e+06   3.14073e+02   9.63891e-01  -3.73925e-06
   2  tau          6.44362e+01   constant   
   3  A0           3.64783e-01   1.19937e-04   3.13542e-07  -9.36772e-01
   4  phi          4.11997e+00   3.69381e-04  -2.24941e-07  -3.97139e-01
   5  R           -6.08502e+01   constant   
   6  alpha_CBO   -2.14844e-03   1.33194e-04  -1.96880e-07  -2.30960e+00
   7  w_CBO        2.32500e+00   constant   
   8  beta_CBO     4.91042e-03   1.38300e-04  -4.91542e-08  -4.91819e+00
   9  alpha_2CBO  -2.54410e-04   1.28261e-04  -5.91086e-07  -8.39312e+00
  10  beta_2CBO    6.53097e-05     fixed    
  11  alpha_y      0.00000e+00     fixed    
  12  w_y          1.44500e+01   constant   
  13  beta_y      -2.03615e-04     fixed    
  14  alpha_vw     0.00000e+00     fixed    
  15  w_vw         1.29000e+01   constant   
  16  beta_vw      0.00000e+00     fixed    
  17  LM           1.15487e-03   constant   
  18  zeta_y       0.00000e+00   constant   
  19  zeta_vw      0.00000e+00   constant   
  20  T_CBO        9.99824e+02   6.30932e+02   1.24001e-03  -6.03678e-06
  21  alpha_A0    -1.19541e-03   6.03559e-04  -1.38020e-07   4.51606e-01
  22  beta_A0     -1.10344e-03   5.48781e-04  -5.83913e-07   1.10000e+00
  23  alpha_phi   -2.37631e-03   4.66138e-04  -1.47789e-06   9.43670e-01
  24  beta_phi    -2.06808e-03   5.35123e-04  -4.08716e-07  -9.83392e-01
 EXTERNAL ERROR MATRIX.    NDIM=  25    NPAR= 11    ERR DEF=1
  9.864e+04 
  6.523e-03  1.438e-08 
  1.187e-02 -3.071e-09  1.364e-07 
 -7.783e-04 -2.959e-09  7.240e-09  1.774e-08 
 -1.355e-03 -1.142e-09 -9.538e-09  5.340e-10  1.913e-08 
 -1.670e-03 -5.197e-10  3.903e-09  1.181e-09 -1.137e-09  1.645e-08 
  1.634e+02  5.596e-05 -6.247e-05 -4.514e-05  9.473e-06 -3.009e-05  9.612e+03 
  8.665e-03 -4.357e-09  3.778e-08  9.288e-09 -7.218e-09  4.773e-09 -7.919e-05  3.643e-07 
 -2.218e-02 -6.014e-09  2.484e-08  8.616e-09  4.242e-09  7.591e-09 -2.716e-04  3.128e-08  3.012e-07 
 -2.335e-02  2.910e-09 -8.194e-09  5.252e-09  6.495e-10 -9.940e-10 -1.618e-04 -1.225e-08  2.038e-10  2.173e-07 
 -2.369e-02  3.400e-10 -2.532e-08 -5.214e-09  1.173e-08 -1.774e-09 -7.078e-05 -3.535e-08 -2.551e-08  1.282e-08  2.864e-07 
 PARAMETER  CORRELATION COEFFICIENTS  
       NO.  GLOBAL      1      3      4      6      8      9     20     21     22     23     24
        1  0.32620   1.000  0.173  0.102 -0.019 -0.031 -0.041  0.005  0.046 -0.129 -0.159 -0.141
        3  0.28854   0.173  1.000 -0.069 -0.185 -0.069 -0.034  0.005 -0.060 -0.091  0.052  0.005
        4  0.32948   0.102 -0.069  1.000  0.147 -0.187  0.082 -0.002  0.169  0.123 -0.048 -0.128
        6  0.28846  -0.019 -0.185  0.147  1.000  0.029  0.069 -0.003  0.116  0.118  0.085 -0.073
        8  0.27625  -0.031 -0.069 -0.187  0.029  1.000 -0.064  0.001 -0.086  0.056  0.010  0.158
        9  0.15945  -0.041 -0.034  0.082  0.069 -0.064  1.000 -0.002  0.062  0.108 -0.017 -0.026
       20  0.00904   0.005  0.005 -0.002 -0.003  0.001 -0.002  1.000 -0.001 -0.005 -0.004 -0.001
       21  0.23546   0.046 -0.060  0.169  0.116 -0.086  0.062 -0.001  1.000  0.094 -0.044 -0.109
       22  0.26874  -0.129 -0.091  0.123  0.118  0.056  0.108 -0.005  0.094  1.000  0.001 -0.087
       23  0.21419  -0.159  0.052 -0.048  0.085  0.010 -0.017 -0.004 -0.044  0.001  1.000  0.051
       24  0.26468  -0.141  0.005 -0.128 -0.073  0.158 -0.026 -0.001 -0.109 -0.087  0.051  1.000
MINUIT - FIT ONLY 1-y
 **********
 **   51 **RES 
 **********
                   PARAMETER   16  beta_vw RESTORED TO VARIABLE.
                   PARAMETER   14  alpha_vw RESTORED TO VARIABLE.
                   PARAMETER   13  beta_y RESTORED TO VARIABLE.
                   PARAMETER   11  alpha_y RESTORED TO VARIABLE.
                   PARAMETER   10  beta_2CBO RESTORED TO VARIABLE.
 **********
 **   52 **FIX            0
 **********
 PARAMETER    0  IS UNDEFINED. IGNORED.
 **********
 **   53 **FIX            1
 **********
 **********
 **   54 **FIX            2
 **********
 PARAMETER    2  IS CONSTANT.   IGNORED.
 **********
 **   55 **FIX            3
 **********
 **********
 **   56 **FIX            4
 **********
 **********
 **   57 **FIX            5
 **********
 PARAMETER    5  IS CONSTANT.   IGNORED.
 **********
 **   58 **FIX            6
 **********
 **********
 **   59 **FIX            7
 **********
 PARAMETER    7  IS CONSTANT.   IGNORED.
 **********
 **   60 **FIX            8
 **********
 **********
 **   61 **FIX            9
 **********
 **********
 **   62 **FIX           13
 **********
 **********
 **   63 **FIX           14
 **********
 **********
 **   64 **FIX           15
 **********
 PARAMETER   15  IS CONSTANT.   IGNORED.
 **********
 **   65 **FIX           16
 **********
 **********
 **   66 **MIGRAD
 **********
 START MIGRAD MINIMIZATION.  STRATEGY  1.  CONVERGENCE WHEN EDM .LT. 1.00e-04
 FCN=84.1439 FROM MIGRAD    STATUS=INITIATE       39 CALLS        2149 TOTAL
                     EDM= unknown      STRATEGY= 1      NO ERROR MATRIX       
  EXT PARAMETER               CURRENT GUESS       STEP         FIRST   
  NO.   NAME      VALUE            ERROR          SIZE      DERIVATIVE 
   1  N0           3.17733e+06     fixed    
   2  tau          6.44362e+01   constant   
   3  A0           3.64783e-01     fixed    
   4  phi          4.11997e+00     fixed    
   5  R           -6.08502e+01   constant   
   6  alpha_CBO   -2.14844e-03     fixed    
   7  w_CBO        2.32500e+00   constant   
   8  beta_CBO     4.91042e-03     fixed    
   9  alpha_2CBO  -2.54410e-04     fixed    
  10  beta_2CBO    6.53097e-05   1.34789e-04   0.00000e+00  -1.87651e+03
  11  alpha_y      0.00000e+00   1.00000e-03   0.00000e+00  -6.76487e+04
  12  w_y          1.44500e+01   constant   
  13  beta_y      -2.03615e-04     fixed    
  14  alpha_vw     0.00000e+00     fixed    
  15  w_vw         1.29000e+01   constant   
  16  beta_vw      0.00000e+00     fixed    
  17  LM           1.15487e-03   constant   
  18  zeta_y       0.00000e+00   constant   
  19  zeta_vw      0.00000e+00   constant   
  20  T_CBO        9.93330e+02   6.30932e+02  -1.36965e-01  -1.03583e-04
  21  alpha_A0    -1.19541e-03   6.03559e-04   0.00000e+00   6.66278e+00
  22  beta_A0     -1.10344e-03   5.48781e-04   0.00000e+00   7.91372e+00
  23  alpha_phi   -2.37631e-03   4.66138e-04   0.00000e+00   1.58121e+01
  24  beta_phi    -2.06808e-03   5.35123e-04   0.00000e+00   1.06682e+01
 MIGRAD MINIMIZATION HAS CONVERGED.
 MIGRAD WILL VERIFY CONVERGENCE AND ERROR MATRIX.
 COVARIANCE MATRIX CALCULATED SUCCESSFULLY
 FCN=63.8517 FROM MIGRAD    STATUS=CONVERGED    1076 CALLS        3186 TOTAL
                     EDM=1.61242e-05    STRATEGY= 1      ERROR MATRIX ACCURATE 
  EXT PARAMETER                                   STEP         FIRST   
  NO.   NAME      VALUE            ERROR          SIZE      DERIVATIVE 
   1  N0           3.17733e+06     fixed    
   2  tau          6.44362e+01   constant   
   3  A0           3.64783e-01     fixed    
   4  phi          4.11997e+00     fixed    
   5  R           -6.08502e+01   constant   
   6  alpha_CBO   -2.14844e-03     fixed    
   7  w_CBO        2.32500e+00   constant   
   8  beta_CBO     4.91042e-03     fixed    
   9  alpha_2CBO  -2.54410e-04     fixed    
  10  beta_2CBO    7.56375e-05   1.36096e-04   5.21777e-07   3.26073e+00
  11  alpha_y      5.98602e-04   1.33070e-04   5.23022e-07   9.69856e-04
  12  w_y          1.44500e+01   constant   
  13  beta_y      -2.03615e-04     fixed    
  14  alpha_vw     0.00000e+00     fixed    
  15  w_vw         1.29000e+01   constant   
  16  beta_vw      0.00000e+00     fixed    
  17  LM           1.15487e-03   constant   
  18  zeta_y       0.00000e+00   constant   
  19  zeta_vw      0.00000e+00   constant   
  20  T_CBO        1.04285e+02   2.45304e+02   1.84916e-04  -7.47069e-02
  21  alpha_A0    -2.83426e-03   7.91634e-03   5.41637e-06   2.74394e+00
  22  beta_A0     -2.68352e-03   7.42843e-03   5.17474e-06  -4.72184e-01
  23  alpha_phi   -5.88414e-03   1.61820e-02   4.55380e-06   2.01323e+00
  24  beta_phi    -5.13322e-03   1.44550e-02   4.96488e-06   1.54260e+00
 EXTERNAL ERROR MATRIX.    NDIM=  25    NPAR=  7    ERR DEF=1
  1.852e-08 -2.576e-10 -1.241e-03 -5.572e-08 -1.467e-08 -7.810e-08 -9.006e-08 
 -2.576e-10  1.771e-08  8.226e-05  6.237e-09  1.968e-09  3.894e-09  6.895e-09 
 -1.241e-03  8.226e-05  8.108e+04  2.218e+00  2.080e+00  4.596e+00  4.099e+00 
 -5.572e-08  6.237e-09  2.218e+00  6.267e-05  5.701e-05  1.256e-04  1.120e-04 
 -1.467e-08  1.968e-09  2.080e+00  5.701e-05  5.518e-05  1.177e-04  1.050e-04 
 -7.810e-08  3.894e-09  4.596e+00  1.256e-04  1.177e-04  2.619e-04  2.324e-04 
 -9.006e-08  6.895e-09  4.099e+00  1.120e-04  1.050e-04  2.324e-04  2.089e-04 
 PARAMETER  CORRELATION COEFFICIENTS  
       NO.  GLOBAL     10     11     20     21     22     23     24
       10  0.22215   1.000 -0.014 -0.032 -0.052 -0.015 -0.035 -0.046
       11  0.02958  -0.014  1.000  0.002  0.006  0.002  0.002  0.004
       20  0.99877  -0.032  0.002  1.000  0.984  0.983  0.997  0.996
       21  0.98438  -0.052  0.006  0.984  1.000  0.969  0.981  0.978
       22  0.98381  -0.015  0.002  0.983  0.969  1.000  0.979  0.978
       23  0.99738  -0.035  0.002  0.997  0.981  0.979  1.000  0.994
       24  0.99609  -0.046  0.004  0.996  0.978  0.978  0.994  1.000
MINUIT - FIT ONLY 2-y
 **********
 **   67 **RES 
 **********
                   PARAMETER   16  beta_vw RESTORED TO VARIABLE.
                   PARAMETER   14  alpha_vw RESTORED TO VARIABLE.
                   PARAMETER   13  beta_y RESTORED TO VARIABLE.
                   PARAMETER    9  alpha_2CBO RESTORED TO VARIABLE.
                   PARAMETER    8  beta_CBO RESTORED TO VARIABLE.
                   PARAMETER    6  alpha_CBO RESTORED TO VARIABLE.
                   PARAMETER    4  phi RESTORED TO VARIABLE.
                   PARAMETER    3  A0 RESTORED TO VARIABLE.
                   PARAMETER    1  N0 RESTORED TO VARIABLE.
 **********
 **   68 **FIX            0
 **********
 PARAMETER    0  IS UNDEFINED. IGNORED.
 **********
 **   69 **FIX            1
 **********
 **********
 **   70 **FIX            2
 **********
 PARAMETER    2  IS CONSTANT.   IGNORED.
 **********
 **   71 **FIX            3
 **********
 **********
 **   72 **FIX            4
 **********
 **********
 **   73 **FIX            5
 **********
 PARAMETER    5  IS CONSTANT.   IGNORED.
 **********
 **   74 **FIX            6
 **********
 **********
 **   75 **FIX            7
 **********
 PARAMETER    7  IS CONSTANT.   IGNORED.
 **********
 **   76 **FIX            8
 **********
 **********
 **   77 **FIX            9
 **********
 **********
 **   78 **FIX           10
 **********
 **********
 **   79 **FIX           11
 **********
 **********
 **   80 **FIX           12
 **********
 PARAMETER   12  IS CONSTANT.   IGNORED.
 **********
 **   81 **FIX           16
 **********
 **********
 **   82 **MIGRAD
 **********
 START MIGRAD MINIMIZATION.  STRATEGY  1.  CONVERGENCE WHEN EDM .LT. 1.00e-04
 FCN=63.8517 FROM MIGRAD    STATUS=INITIATE       16 CALLS        3202 TOTAL
                     EDM= unknown      STRATEGY= 1      NO ERROR MATRIX       
  EXT PARAMETER               CURRENT GUESS       STEP         FIRST   
  NO.   NAME      VALUE            ERROR          SIZE      DERIVATIVE 
   1  N0           3.17733e+06     fixed    
   2  tau          6.44362e+01   constant   
   3  A0           3.64783e-01     fixed    
   4  phi          4.11997e+00     fixed    
   5  R           -6.08502e+01   constant   
   6  alpha_CBO   -2.14844e-03     fixed    
   7  w_CBO        2.32500e+00   constant   
   8  beta_CBO     4.91042e-03     fixed    
   9  alpha_2CBO  -2.54410e-04     fixed    
  10  beta_2CBO    7.56375e-05     fixed    
  11  alpha_y      5.98602e-04     fixed    
  12  w_y          1.44500e+01   constant   
  13  beta_y      -2.03615e-04   1.31494e-04   1.31494e-04  -1.35335e+03
  14  alpha_vw     0.00000e+00   1.00000e-03   1.00000e-03  -2.24849e+03
  15  w_vw         1.29000e+01   constant   
  16  beta_vw      0.00000e+00     fixed    
  17  LM           1.15487e-03   constant   
  18  zeta_y       0.00000e+00   constant   
  19  zeta_vw      0.00000e+00   constant   
  20  T_CBO        1.04285e+02   2.45304e+02   1.84916e-04  -7.47300e-02
  21  alpha_A0    -2.83426e-03   7.91634e-03   5.41637e-06   2.74392e+00
  22  beta_A0     -2.68352e-03   7.42843e-03   5.17474e-06  -4.72187e-01
  23  alpha_phi   -5.88414e-03   1.61820e-02   4.55380e-06   2.01323e+00
  24  beta_phi    -5.13322e-03   1.44550e-02   4.96488e-06   1.54260e+00
 MIGRAD MINIMIZATION HAS CONVERGED.
 MIGRAD WILL VERIFY CONVERGENCE AND ERROR MATRIX.
 COVARIANCE MATRIX CALCULATED SUCCESSFULLY
 FCN=63.823 FROM MIGRAD    STATUS=CONVERGED     112 CALLS        3298 TOTAL
                     EDM=8.99886e-07    STRATEGY= 1      ERROR MATRIX ACCURATE 
  EXT PARAMETER                                   STEP         FIRST   
  NO.   NAME      VALUE            ERROR          SIZE      DERIVATIVE 
   1  N0           3.17733e+06     fixed    
   2  tau          6.44362e+01   constant   
   3  A0           3.64783e-01     fixed    
   4  phi          4.11997e+00     fixed    
   5  R           -6.08502e+01   constant   
   6  alpha_CBO   -2.14844e-03     fixed    
   7  w_CBO        2.32500e+00   constant   
   8  beta_CBO     4.91042e-03     fixed    
   9  alpha_2CBO  -2.54410e-04     fixed    
  10  beta_2CBO    7.56375e-05     fixed    
  11  alpha_y      5.98602e-04     fixed    
  12  w_y          1.44500e+01   constant   
  13  beta_y      -1.93016e-04   1.31815e-04   5.17095e-07  -2.24486e+00
  14  alpha_vw     1.91430e-05   1.32987e-04   5.21412e-07  -4.42422e+00
  15  w_vw         1.29000e+01   constant   
  16  beta_vw      0.00000e+00     fixed    
  17  LM           1.15487e-03   constant   
  18  zeta_y       0.00000e+00   constant   
  19  zeta_vw      0.00000e+00   constant   
  20  T_CBO        1.04293e+02   5.31528e+02   1.81583e-04   8.60933e-04
  21  alpha_A0    -2.83853e-03   9.03976e-03   5.47933e-06   2.57964e-01
  22  beta_A0     -2.68508e-03   8.47540e-03   5.23450e-06   2.64029e-01
  23  alpha_phi   -5.88510e-03   1.85180e-02   4.60615e-06  -1.92543e-01
  24  beta_phi    -5.13074e-03   1.65196e-02   5.02223e-06  -1.71843e-01
 EXTERNAL ERROR MATRIX.    NDIM=  25    NPAR=  7    ERR DEF=1
  1.738e-08 -1.022e-09 -6.118e-04 -1.556e-08 -1.220e-08 -3.527e-08 -3.474e-08 
 -1.022e-09  1.769e-08  1.025e-03  2.525e-08  2.189e-08  5.853e-08  5.706e-08 
 -6.118e-04  1.025e-03  1.063e+05  2.911e+00  2.728e+00  6.025e+00  5.369e+00 
 -1.556e-08  2.525e-08  2.911e+00  8.172e-05  7.486e-05  1.650e-04  1.469e-04 
 -1.220e-08  2.189e-08  2.728e+00  7.486e-05  7.183e-05  1.545e-04  1.377e-04 
 -3.527e-08  5.853e-08  6.025e+00  1.650e-04  1.545e-04  3.429e-04  3.044e-04 
 -3.474e-08  5.706e-08  5.369e+00  1.469e-04  1.377e-04  3.044e-04  2.729e-04 
 PARAMETER  CORRELATION COEFFICIENTS  
       NO.  GLOBAL     13     14     20     21     22     23     24
       13  0.06537   1.000 -0.058 -0.014 -0.013 -0.011 -0.014 -0.016
       14  0.07306  -0.058  1.000  0.024  0.021  0.019  0.024  0.026
       20  0.99906  -0.014  0.024  1.000  0.988  0.987  0.998  0.997
       21  0.98805  -0.013  0.021  0.988  1.000  0.977  0.985  0.984
       22  0.98759  -0.011  0.019  0.987  0.977  1.000  0.984  0.983
       23  0.99800  -0.014  0.024  0.998  0.985  0.984  1.000  0.995
       24  0.99701  -0.016  0.026  0.997  0.984  0.983  0.995  1.000
MINUIT - FIT ALTOGETHER
 **********
 **   83 **RES 
 **********
