 + ++++++++++++++++++++++++++++++++++++++++++++++++++++++++++++++++++++ +
 +                                                                      +
 +           You have chose to blind your fitting according to          +
 +                omega_ref * (1 + (R +/- deltaR) *10^{-6})             +
 +                                                                      +
 + ++++++++++++++++++++++++++++++++++++++++++++++++++++++++++++++++++++ +
In main()...
reading format from /gm2data/zkhechad/run45/envelope/formats/formatB_sBin_constraintOn.txt
pBinTau 	= 0  
pBinPhi 	= 0  
constraintau 	= 1 
includeMopTerm 	= 0    
constrainMop    = 0   
Parameters after format file: pBinTau 0 pBinPhi 0 constraintau 1 includeMopTerm 0 constrainMop 0 c_e_scale 0.000000 
Opening file /gm2data/tbarrett/gm2fr/studies/run23_bunch_corrections/CorrectedFourier_Run3b.root.
reading full fit data from /gm2data/zkhechad/cboTemplates/Run4CBOTemplates/fullFits/noRF/sBin_constraintOn_cE0.0_seed0_noRF_calo8.root
windowBins = 69
fitting sliding window 910 from bin 1046 at 155.914000 to bin 1115 at 166.358000 (69 bins)

Reading data from /gm2data/cornell/histograms/aMethod/histogram_a_noRF.root
 **********
 **    1 **SET PRINTOUT            1
 **********
 **********
 **    2 **SET NOWARNINGS 
 **********
 PARAMETER DEFINITIONS:
    NO.   NAME         VALUE      STEP SIZE      LIMITS
     1 N0           2.93777e+06  1.00000e+02     no limits
     2 tau          6.44050e+01  constant
     3 A0           3.52923e-01  1.00000e-04     no limits
     4 phi          4.11508e+00  1.00000e-02     no limits
     5 R           -6.11922e+01  constant
     6 alpha_CBO    0.00000e+00  1.00000e-03     no limits
     7 w_CBO        2.32500e+00  constant
     8 beta_CBO     0.00000e+00  1.00000e-03     no limits
     9 alpha_2CBO   0.00000e+00  1.00000e-03     no limits
    10 beta_2CBO    0.00000e+00  1.00000e-03     no limits
    11 alpha_y      0.00000e+00  1.00000e-03     no limits
    12 w_y          1.38860e+01  constant
    13 beta_y       0.00000e+00  1.00000e-03     no limits
    14 alpha_vw     0.00000e+00  1.00000e-03     no limits
    15 w_vw         1.43404e+01  constant
    16 beta_vw      0.00000e+00  1.00000e-03     no limits
    17 LM           1.41693e-04  constant
    18 zeta_y       0.00000e+00  constant
    19 zeta_vw      0.00000e+00  constant
    20 T_CBO        1.00000e+02  1.00000e+00    0.00000e+00  1.00000e+03
    21 alpha_A0     0.00000e+00  1.00000e-04   -1.00000e-02  1.00000e-02
    22 beta_A0      0.00000e+00  1.00000e-04   -1.00000e-02  1.00000e-02
    23 alpha_phi    0.00000e+00  1.00000e-04   -1.00000e-02  1.00000e-02
    24 beta_phi     0.00000e+00  1.00000e-04   -1.00000e-02  1.00000e-02
MINUIT - FIT ONLY WIGGLE
 **********
 **    3 **FIX            5
 **********
 PARAMETER    5  IS CONSTANT.   IGNORED.
 **********
 **    4 **FIX            6
 **********
 **********
 **    5 **FIX            7
 **********
 PARAMETER    7  IS CONSTANT.   IGNORED.
 **********
 **    6 **FIX            8
 **********
 **********
 **    7 **FIX            9
 **********
 **********
 **    8 **FIX           10
 **********
 **********
 **    9 **FIX           11
 **********
 **********
 **   10 **FIX           12
 **********
 PARAMETER   12  IS CONSTANT.   IGNORED.
 **********
 **   11 **FIX           13
 **********
 **********
 **   12 **FIX           14
 **********
 **********
 **   13 **FIX           15
 **********
 PARAMETER   15  IS CONSTANT.   IGNORED.
 **********
 **   14 **FIX           16
 **********
 **********
 **   15 **MIGRAD
 **********
 FIRST CALL TO USER FUNCTION AT NEW START POINT, WITH IFLAG=4.
 START MIGRAD MINIMIZATION.  STRATEGY  1.  CONVERGENCE WHEN EDM .LT. 1.00e-04
 FCN=878.739 FROM MIGRAD    STATUS=INITIATE      437 CALLS         438 TOTAL
                     EDM= unknown      STRATEGY= 1      NO ERROR MATRIX       
  EXT PARAMETER               CURRENT GUESS       STEP         FIRST   
  NO.   NAME      VALUE            ERROR          SIZE      DERIVATIVE 
   1  N0           2.93777e+06   1.00000e+02   0.00000e+00  -1.78294e-02
   2  tau          6.44050e+01   constant   
   3  A0           3.52923e-01   1.00000e-04   0.00000e+00  -6.46428e+04
   4  phi          4.11508e+00   1.00000e-02   0.00000e+00  -2.31070e+03
   5  R           -6.11922e+01   constant   
   6  alpha_CBO    0.00000e+00     fixed    
   7  w_CBO        2.32500e+00   constant   
   8  beta_CBO     0.00000e+00     fixed    
   9  alpha_2CBO   0.00000e+00     fixed    
  10  beta_2CBO    0.00000e+00     fixed    
  11  alpha_y      0.00000e+00     fixed    
  12  w_y          1.38860e+01   constant   
  13  beta_y       0.00000e+00     fixed    
  14  alpha_vw     0.00000e+00     fixed    
  15  w_vw         1.43404e+01   constant   
  16  beta_vw      0.00000e+00     fixed    
  17  LM           1.41693e-04   constant   
  18  zeta_y       0.00000e+00   constant   
  19  zeta_vw      0.00000e+00   constant   
  20  T_CBO        1.00000e+02   1.00000e+00   0.00000e+00   0.00000e+00
  21  alpha_A0     0.00000e+00   1.00000e-04   0.00000e+00  -3.27953e+01
  22  beta_A0      0.00000e+00   1.00000e-04   0.00000e+00   1.70123e+01
  23  alpha_phi    0.00000e+00   1.00000e-04   0.00000e+00  -1.01591e+01
  24  beta_phi     0.00000e+00   1.00000e-04   0.00000e+00   1.20181e+01
 MIGRAD MINIMIZATION HAS CONVERGED.
 FCN=746.488 FROM MIGRAD    STATUS=CONVERGED     730 CALLS         731 TOTAL
                     EDM=5.37885e-06    STRATEGY= 1  ERROR MATRIX UNCERTAINTY   1.4 per cent
  EXT PARAMETER                                   STEP         FIRST   
  NO.   NAME      VALUE            ERROR          SIZE      DERIVATIVE 
   1  N0           2.93887e+06   4.37455e+02   1.00744e+00  -3.49205e-06
   2  tau          6.44050e+01   constant   
   3  A0           3.54490e-01   2.04818e-04  -1.46367e-07  -4.99663e-01
   4  phi          4.11547e+00   5.43317e-04   4.16468e-07   1.64446e+00
   5  R           -6.11922e+01   constant   
   6  alpha_CBO    0.00000e+00     fixed    
   7  w_CBO        2.32500e+00   constant   
   8  beta_CBO     0.00000e+00     fixed    
   9  alpha_2CBO   0.00000e+00     fixed    
  10  beta_2CBO    0.00000e+00     fixed    
  11  alpha_y      0.00000e+00     fixed    
  12  w_y          1.38860e+01   constant   
  13  beta_y       0.00000e+00     fixed    
  14  alpha_vw     0.00000e+00     fixed    
  15  w_vw         1.43404e+01   constant   
  16  beta_vw      0.00000e+00     fixed    
  17  LM           1.41693e-04   constant   
  18  zeta_y       0.00000e+00   constant   
  19  zeta_vw      0.00000e+00   constant   
  20  T_CBO        2.84920e+02   7.66850e+01   2.14533e-04  -1.59380e-02
  21  alpha_A0     9.99999e-03   1.42355e-02   1.68409e-03  -1.35810e-03
  22  beta_A0     -5.12688e-03   1.58295e-03  -3.68504e-04  -2.45276e-03
  23  alpha_phi    1.35926e-03   1.44549e-03   3.23949e-04   1.04628e-02
  24  beta_phi    -5.98202e-03   1.65714e-03  -6.05994e-04  -6.13216e-03
 EXTERNAL ERROR MATRIX.    NDIM=  25    NPAR=  8    ERR DEF=1
  1.914e+05  1.368e-03 -2.317e-02 -4.086e+03  8.422e-05 -1.074e-01 -7.619e-02  6.674e-02 
  1.368e-03  4.195e-08  2.961e-09  7.551e-04 -3.316e-11  4.040e-09 -2.326e-08 -6.040e-08 
 -2.317e-02  2.961e-09  2.952e-07  4.830e-03  1.285e-10  7.871e-08  3.753e-08  6.023e-08 
 -4.086e+03  7.551e-04  4.830e-03  5.938e+03 -3.832e-04  6.319e-02 -1.584e-02  5.789e-02 
  8.422e-05 -3.316e-11  1.285e-10 -3.832e-04  3.443e-10 -4.386e-09  1.555e-09 -5.354e-09 
 -1.074e-01  4.040e-09  7.871e-08  6.319e-02 -4.386e-09  2.535e-06 -2.034e-07  6.781e-07 
 -7.619e-02 -2.326e-08  3.753e-08 -1.584e-02  1.555e-09 -2.034e-07  2.104e-06  6.786e-08 
  6.674e-02 -6.040e-08  6.023e-08  5.789e-02 -5.354e-09  6.781e-07  6.786e-08  2.786e-06 
 PARAMETER  CORRELATION COEFFICIENTS  
       NO.  GLOBAL      1      3      4     20     21     22     23     24
        1  0.29536   1.000  0.015 -0.098 -0.121  0.010 -0.154 -0.120  0.091
        3  0.24032   0.015  1.000  0.027  0.048 -0.009  0.012 -0.078 -0.177
        4  0.16637  -0.098  0.027  1.000  0.115  0.013  0.091  0.048  0.066
       20  0.65577  -0.121  0.048  0.115  1.000 -0.268  0.515 -0.142  0.450
       21  0.27938   0.010 -0.009  0.013 -0.268  1.000 -0.148  0.058 -0.173
       22  0.52681  -0.154  0.012  0.091  0.515 -0.148  1.000 -0.088  0.255
       23  0.24831  -0.120 -0.078  0.048 -0.142  0.058 -0.088  1.000  0.028
       24  0.52934   0.091 -0.177  0.066  0.450 -0.173  0.255  0.028  1.000
MINUIT - FIT ONLY 1-CBO + wiggle
 **********
 **   16 **RES 
 **********
                   PARAMETER   16  beta_vw RESTORED TO VARIABLE.
                   PARAMETER   14  alpha_vw RESTORED TO VARIABLE.
                   PARAMETER   13  beta_y RESTORED TO VARIABLE.
                   PARAMETER   11  alpha_y RESTORED TO VARIABLE.
                   PARAMETER   10  beta_2CBO RESTORED TO VARIABLE.
                   PARAMETER    9  alpha_2CBO RESTORED TO VARIABLE.
                   PARAMETER    8  beta_CBO RESTORED TO VARIABLE.
                   PARAMETER    6  alpha_CBO RESTORED TO VARIABLE.
 **********
 **   17 **FIX            8
 **********
 **********
 **   18 **FIX            9
 **********
 **********
 **   19 **FIX           11
 **********
 **********
 **   20 **FIX           12
 **********
 PARAMETER   12  IS CONSTANT.   IGNORED.
 **********
 **   21 **FIX           14
 **********
 **********
 **   22 **FIX           15
 **********
 PARAMETER   15  IS CONSTANT.   IGNORED.
 **********
 **   23 **FIX           16
 **********
 **********
 **   24 **MIGRAD
 **********
 START MIGRAD MINIMIZATION.  STRATEGY  1.  CONVERGENCE WHEN EDM .LT. 1.00e-04
 FCN=746.488 FROM MIGRAD    STATUS=INITIATE       28 CALLS         759 TOTAL
                     EDM= unknown      STRATEGY= 1      NO ERROR MATRIX       
  EXT PARAMETER               CURRENT GUESS       STEP         FIRST   
  NO.   NAME      VALUE            ERROR          SIZE      DERIVATIVE 
   1  N0           2.93887e+06   4.37455e+02   1.00744e+00  -3.49205e-06
   2  tau          6.44050e+01   constant   
   3  A0           3.54490e-01   2.04818e-04  -1.46367e-07  -4.99664e-01
   4  phi          4.11547e+00   5.43317e-04   4.16468e-07   1.64446e+00
   5  R           -6.11922e+01   constant   
   6  alpha_CBO    0.00000e+00   1.00000e-03   1.00000e-03  -1.81268e+05
   7  w_CBO        2.32500e+00   constant   
   8  beta_CBO     0.00000e+00     fixed    
   9  alpha_2CBO   0.00000e+00     fixed    
  10  beta_2CBO    0.00000e+00   1.00000e-03   1.00000e-03   1.42936e+03
  11  alpha_y      0.00000e+00     fixed    
  12  w_y          1.38860e+01   constant   
  13  beta_y       0.00000e+00   1.00000e-03   1.00000e-03  -2.60418e+04
  14  alpha_vw     0.00000e+00     fixed    
  15  w_vw         1.43404e+01   constant   
  16  beta_vw      0.00000e+00     fixed    
  17  LM           1.41693e-04   constant   
  18  zeta_y       0.00000e+00   constant   
  19  zeta_vw      0.00000e+00   constant   
  20  T_CBO        2.84920e+02   7.66850e+01   2.14533e-04  -1.59384e-02
  21  alpha_A0     9.99999e-03   1.42355e-02   1.68409e-03  -1.35855e-03
  22  beta_A0     -5.12688e-03   1.58295e-03  -3.68504e-04  -2.45267e-03
  23  alpha_phi    1.35926e-03   1.44549e-03   3.23949e-04   1.04628e-02
  24  beta_phi    -5.98202e-03   1.65714e-03  -6.05994e-04  -6.13201e-03
 MIGRAD MINIMIZATION HAS CONVERGED.
 FCN=347.051 FROM MIGRAD    STATUS=CONVERGED     434 CALLS        1165 TOTAL
                     EDM=7.55934e-06    STRATEGY= 1  ERROR MATRIX UNCERTAINTY   1.0 per cent
  EXT PARAMETER                                   STEP         FIRST   
  NO.   NAME      VALUE            ERROR          SIZE      DERIVATIVE 
   1  N0           2.93840e+06   4.19369e+02  -1.65124e+00  -3.58343e-06
   2  tau          6.44050e+01   constant   
   3  A0           3.53794e-01   2.05324e-04   6.22722e-07   2.02449e+00
   4  phi          4.11380e+00   5.51981e-04  -2.61999e-06  -2.00287e+00
   5  R           -6.11922e+01   constant   
   6  alpha_CBO    4.33509e-03   2.20084e-04  -9.46738e-07  -3.01807e+00
   7  w_CBO        2.32500e+00   constant   
   8  beta_CBO     0.00000e+00     fixed    
   9  alpha_2CBO   0.00000e+00     fixed    
  10  beta_2CBO   -8.31328e-05   2.15981e-04  -9.81208e-07  -1.46587e-01
  11  alpha_y      0.00000e+00     fixed    
  12  w_y          1.38860e+01   constant   
  13  beta_y       5.07341e-04   2.04291e-04  -5.57506e-07  -3.70732e+00
  14  alpha_vw     0.00000e+00     fixed    
  15  w_vw         1.43404e+01   constant   
  16  beta_vw      0.00000e+00     fixed    
  17  LM           1.41693e-04   constant   
  18  zeta_y       0.00000e+00   constant   
  19  zeta_vw      0.00000e+00   constant   
  20  T_CBO        1.28321e+02   2.81029e+01   9.73999e-05  -2.02331e-02
  21  alpha_A0     9.99957e-03   1.51383e-02   1.50749e-03  -5.70470e-03
  22  beta_A0     -8.23646e-03   2.41881e-03   1.08606e-03   1.11781e-02
  23  alpha_phi    8.17345e-03   3.57307e-03  -2.58413e-03   1.22407e-02
  24  beta_phi    -9.59418e-03   2.45119e-03   1.18245e-03   1.24085e-02
 EXTERNAL ERROR MATRIX.    NDIM=  25    NPAR= 11    ERR DEF=1
  1.759e+05 
  2.995e-03  4.216e-08 
 -1.142e-02  7.072e-09  3.047e-07 
 -7.051e-03 -8.398e-09 -2.005e-08  4.844e-08 
  2.488e-03 -1.115e-09  2.624e-09  2.170e-10  4.665e-08 
 -3.835e-04  8.401e-10  2.341e-09 -4.189e-10 -7.906e-11  4.173e-08 
 -1.318e+03  8.491e-04  1.005e-03 -9.590e-04 -3.214e-04  1.068e-04  7.916e+02 
 -5.095e-03 -5.663e-10 -1.033e-09 -4.403e-10 -1.544e-09 -9.239e-10  1.209e-03  2.195e-08 
 -1.925e-02  3.023e-08  4.139e-08 -6.007e-08 -9.203e-08  2.519e-09  5.184e-02  2.022e-07  6.244e-06 
 -3.566e-03 -1.203e-07  1.267e-08  1.498e-07  1.223e-07 -1.588e-08 -7.870e-02 -2.342e-08 -6.819e-06  1.485e-05 
  9.458e-03  8.942e-09  3.761e-08 -3.661e-08 -4.750e-08  2.733e-09  4.468e-02  1.849e-07  4.448e-06 -5.323e-06  4.249e-06 
 PARAMETER  CORRELATION COEFFICIENTS  
       NO.  GLOBAL      1      3      4      6     10     13     20     21     22     23     24
        1  0.31141   1.000  0.035 -0.049 -0.076  0.027 -0.004 -0.112 -0.082 -0.018 -0.002  0.011
        3  0.30737   0.035  1.000  0.062 -0.186 -0.025  0.020  0.147 -0.019  0.059 -0.152  0.021
        4  0.23326  -0.049  0.062  1.000 -0.165  0.022  0.021  0.065 -0.013  0.030  0.006  0.033
        6  0.32221  -0.076 -0.186 -0.165  1.000  0.005 -0.009 -0.155 -0.014 -0.109  0.177 -0.081
       10  0.23263   0.027 -0.025  0.022  0.005  1.000 -0.002 -0.053 -0.048 -0.171  0.147 -0.107
       13  0.05280  -0.004  0.020  0.021 -0.009 -0.002  1.000  0.019 -0.031  0.005 -0.020  0.006
       20  0.84555  -0.112  0.147  0.065 -0.155 -0.053  0.019  1.000  0.290  0.737 -0.726  0.770
       21  0.83125  -0.082 -0.019 -0.013 -0.014 -0.048 -0.031  0.290  1.000  0.546 -0.041  0.605
       22  0.90249  -0.018  0.059  0.030 -0.109 -0.171  0.005  0.737  0.546  1.000 -0.708  0.864
       23  0.87584  -0.002 -0.152  0.006  0.177  0.147 -0.020 -0.726 -0.041 -0.708  1.000 -0.670
       24  0.92653   0.011  0.021  0.033 -0.081 -0.107  0.006  0.770  0.605  0.864 -0.670  1.000
MINUIT - FIT ONLY 2-CBO
 **********
 **   25 **RES 
 **********
                   PARAMETER   16  beta_vw RESTORED TO VARIABLE.
                   PARAMETER   14  alpha_vw RESTORED TO VARIABLE.
                   PARAMETER   11  alpha_y RESTORED TO VARIABLE.
                   PARAMETER    9  alpha_2CBO RESTORED TO VARIABLE.
                   PARAMETER    8  beta_CBO RESTORED TO VARIABLE.
 **********
 **   26 **FIX            0
 **********
 PARAMETER    0  IS UNDEFINED. IGNORED.
 **********
 **   27 **FIX            1
 **********
 **********
 **   28 **FIX            2
 **********
 PARAMETER    2  IS CONSTANT.   IGNORED.
 **********
 **   29 **FIX            3
 **********
 **********
 **   30 **FIX            4
 **********
 **********
 **   31 **FIX            5
 **********
 PARAMETER    5  IS CONSTANT.   IGNORED.
 **********
 **   32 **FIX            6
 **********
 **********
 **   33 **FIX            7
 **********
 PARAMETER    7  IS CONSTANT.   IGNORED.
 **********
 **   34 **FIX           10
 **********
 **********
 **   35 **FIX           11
 **********
 **********
 **   36 **FIX           12
 **********
 PARAMETER   12  IS CONSTANT.   IGNORED.
 **********
 **   37 **FIX           13
 **********
 **********
 **   38 **FIX           14
 **********
 **********
 **   39 **FIX           15
 **********
 PARAMETER   15  IS CONSTANT.   IGNORED.
 **********
 **   40 **FIX           16
 **********
 **********
 **   41 **MIGRAD
 **********
 START MIGRAD MINIMIZATION.  STRATEGY  1.  CONVERGENCE WHEN EDM .LT. 1.00e-04
 FCN=347.051 FROM MIGRAD    STATUS=INITIATE       18 CALLS        1183 TOTAL
                     EDM= unknown      STRATEGY= 1      NO ERROR MATRIX       
  EXT PARAMETER               CURRENT GUESS       STEP         FIRST   
  NO.   NAME      VALUE            ERROR          SIZE      DERIVATIVE 
   1  N0           2.93840e+06     fixed    
   2  tau          6.44050e+01   constant   
   3  A0           3.53794e-01     fixed    
   4  phi          4.11380e+00     fixed    
   5  R           -6.11922e+01   constant   
   6  alpha_CBO    4.33509e-03     fixed    
   7  w_CBO        2.32500e+00   constant   
   8  beta_CBO     0.00000e+00   1.00000e-03   1.00000e-03   1.57883e+05
   9  alpha_2CBO   0.00000e+00   1.00000e-03   1.00000e-03  -6.82783e+03
  10  beta_2CBO   -8.31328e-05     fixed    
  11  alpha_y      0.00000e+00     fixed    
  12  w_y          1.38860e+01   constant   
  13  beta_y       5.07341e-04     fixed    
  14  alpha_vw     0.00000e+00     fixed    
  15  w_vw         1.43404e+01   constant   
  16  beta_vw      0.00000e+00     fixed    
  17  LM           1.41693e-04   constant   
  18  zeta_y       0.00000e+00   constant   
  19  zeta_vw      0.00000e+00   constant   
  20  T_CBO        1.28321e+02   2.81029e+01   9.73999e-05  -2.02334e-02
  21  alpha_A0     9.99957e-03   1.51383e-02   1.50749e-03  -5.70446e-03
  22  beta_A0     -8.23646e-03   2.41881e-03   1.08606e-03   1.11776e-02
  23  alpha_phi    8.17345e-03   3.57307e-03  -2.58413e-03   1.22419e-02
  24  beta_phi    -9.59418e-03   2.45119e-03   1.18245e-03   1.24048e-02
 MIGRAD MINIMIZATION HAS CONVERGED.
 MIGRAD WILL VERIFY CONVERGENCE AND ERROR MATRIX.
 COVARIANCE MATRIX CALCULATED SUCCESSFULLY
 FCN=75.24 FROM MIGRAD    STATUS=CONVERGED     329 CALLS        1494 TOTAL
                     EDM=5.42684e-06    STRATEGY= 1      ERROR MATRIX ACCURATE 
  EXT PARAMETER                                   STEP         FIRST   
  NO.   NAME      VALUE            ERROR          SIZE      DERIVATIVE 
   1  N0           2.93840e+06     fixed    
   2  tau          6.44050e+01   constant   
   3  A0           3.53794e-01     fixed    
   4  phi          4.11380e+00     fixed    
   5  R           -6.11922e+01   constant   
   6  alpha_CBO    4.33509e-03     fixed    
   7  w_CBO        2.32500e+00   constant   
   8  beta_CBO    -3.43093e-03   2.08283e-04   8.73495e-07  -2.83625e+00
   9  alpha_2CBO   3.05776e-04   2.10178e-04   8.75451e-07   8.13016e+00
  10  beta_2CBO   -8.31328e-05     fixed    
  11  alpha_y      0.00000e+00     fixed    
  12  w_y          1.38860e+01   constant   
  13  beta_y       5.07341e-04     fixed    
  14  alpha_vw     0.00000e+00     fixed    
  15  w_vw         1.43404e+01   constant   
  16  beta_vw      0.00000e+00     fixed    
  17  LM           1.41693e-04   constant   
  18  zeta_y       0.00000e+00   constant   
  19  zeta_vw      0.00000e+00   constant   
  20  T_CBO        1.39598e+02   3.19439e+01   2.63314e-04   1.34546e-02
  21  alpha_A0     7.41819e-03   3.05839e-03   1.62662e-03  -2.17070e-03
  22  beta_A0     -3.36990e-04   2.45646e-03   1.03776e-03   9.74159e-03
  23  alpha_phi    6.87006e-03   3.10628e-03   1.42627e-03   2.92210e-03
  24  beta_phi    -1.00000e-02   1.75839e-02   9.15968e-03** at limit **
 EXTERNAL ERROR MATRIX.    NDIM=  25    NPAR=  7    ERR DEF=1
  4.338e-08 -2.003e-09 -1.816e-04 -3.236e-08 -8.900e-08  1.455e-08 -3.976e-15 
 -2.003e-09  4.417e-08  9.792e-04  1.133e-07  3.845e-08 -1.113e-07  1.202e-14 
 -1.816e-04  9.792e-04  1.023e+03  5.923e-02  8.674e-04 -6.637e-02  8.443e-07 
 -3.236e-08  1.133e-07  5.923e-02  1.009e-05  1.802e-07 -3.845e-06  5.253e-11 
 -8.900e-08  3.845e-08  8.674e-04  1.802e-07  6.160e-06 -4.604e-07  2.556e-12 
  1.455e-08 -1.113e-07 -6.637e-02 -3.845e-06 -4.604e-07  1.030e-05 -4.792e-11 
 -3.976e-15  1.202e-14  8.443e-07  5.253e-11  2.556e-12 -4.792e-11  5.046e-13 
 PARAMETER  CORRELATION COEFFICIENTS  
       NO.  GLOBAL      8      9     20     21     22     23     24
        8  0.18005   1.000 -0.046 -0.027 -0.049 -0.172  0.022 -0.000
        9  0.21336  -0.046  1.000  0.146  0.170  0.074 -0.165  0.000
       20  0.74367  -0.027  0.146  1.000  0.583  0.011 -0.646  0.037
       21  0.59009  -0.049  0.170  0.583  1.000  0.023 -0.377  0.023
       22  0.19393  -0.172  0.074  0.011  0.023  1.000 -0.058  0.001
       23  0.65209   0.022 -0.165 -0.646 -0.377 -0.058  1.000 -0.021
       24  0.03784  -0.000  0.000  0.037  0.023  0.001 -0.021  1.000
MINUIT - FIT wiggle + 1-CBO + 2-CBO
 **********
 **   42 **RES 
 **********
                   PARAMETER   16  beta_vw RESTORED TO VARIABLE.
                   PARAMETER   14  alpha_vw RESTORED TO VARIABLE.
                   PARAMETER   13  beta_y RESTORED TO VARIABLE.
                   PARAMETER   11  alpha_y RESTORED TO VARIABLE.
                   PARAMETER   10  beta_2CBO RESTORED TO VARIABLE.
                   PARAMETER    6  alpha_CBO RESTORED TO VARIABLE.
                   PARAMETER    4  phi RESTORED TO VARIABLE.
                   PARAMETER    3  A0 RESTORED TO VARIABLE.
                   PARAMETER    1  N0 RESTORED TO VARIABLE.
 **********
 **   43 **FIX           10
 **********
 **********
 **   44 **FIX           11
 **********
 **********
 **   45 **FIX           12
 **********
 PARAMETER   12  IS CONSTANT.   IGNORED.
 **********
 **   46 **FIX           13
 **********
 **********
 **   47 **FIX           14
 **********
 **********
 **   48 **FIX           15
 **********
 PARAMETER   15  IS CONSTANT.   IGNORED.
 **********
 **   49 **FIX           16
 **********
 **********
 **   50 **MIGRAD
 **********
 START MIGRAD MINIMIZATION.  STRATEGY  1.  CONVERGENCE WHEN EDM .LT. 1.00e-04
 FCN=75.24 FROM MIGRAD    STATUS=INITIATE       22 CALLS        1516 TOTAL
                     EDM= unknown      STRATEGY= 1      NO ERROR MATRIX       
  EXT PARAMETER               CURRENT GUESS       STEP         FIRST   
  NO.   NAME      VALUE            ERROR          SIZE      DERIVATIVE 
   1  N0           2.93840e+06   4.19369e+02   4.19369e+02   1.12824e-03
   2  tau          6.44050e+01   constant   
   3  A0           3.53794e-01   2.05324e-04   2.05324e-04   3.14340e+04
   4  phi          4.11380e+00   5.51981e-04   5.51981e-04  -6.61978e+03
   5  R           -6.11922e+01   constant   
   6  alpha_CBO    4.33509e-03   2.20084e-04   2.20084e-04   4.80952e+03
   7  w_CBO        2.32500e+00   constant   
   8  beta_CBO    -3.43093e-03   2.08283e-04   8.73495e-07  -2.83842e+00
   9  alpha_2CBO   3.05776e-04   2.10178e-04   8.75451e-07   8.14035e+00
  10  beta_2CBO   -8.31328e-05     fixed    
  11  alpha_y      0.00000e+00     fixed    
  12  w_y          1.38860e+01   constant   
  13  beta_y       5.07341e-04     fixed    
  14  alpha_vw     0.00000e+00     fixed    
  15  w_vw         1.43404e+01   constant   
  16  beta_vw      0.00000e+00     fixed    
  17  LM           1.41693e-04   constant   
  18  zeta_y       0.00000e+00   constant   
  19  zeta_vw      0.00000e+00   constant   
  20  T_CBO        1.39598e+02   3.19439e+01   2.63314e-04   1.32698e-02
  21  alpha_A0     7.41819e-03   3.05839e-03   1.62662e-03   2.15402e-03
  22  beta_A0     -3.36990e-04   2.45646e-03   1.03776e-03   9.73930e-03
  23  alpha_phi    6.87006e-03   3.10628e-03   1.42627e-03   2.90148e-03
  24  beta_phi    -9.99998e-03   1.75839e-02   9.15968e-03   8.76683e-04
 MIGRAD MINIMIZATION HAS CONVERGED.
 FCN=60.5367 FROM MIGRAD    STATUS=CONVERGED     449 CALLS        1943 TOTAL
                     EDM=5.3439e-06    STRATEGY= 1  ERROR MATRIX UNCERTAINTY   1.1 per cent
  EXT PARAMETER                                   STEP         FIRST   
  NO.   NAME      VALUE            ERROR          SIZE      DERIVATIVE 
   1  N0           2.93809e+06   4.55820e+02  -1.95850e-01  -1.37897e-06
   2  tau          6.44050e+01   constant   
   3  A0           3.53118e-01   2.08387e-04   1.43537e-07   2.95512e+00
   4  phi          4.11495e+00   5.60026e-04   8.73974e-07   1.99417e+00
   5  R           -6.11922e+01   constant   
   6  alpha_CBO    4.28926e-03   2.12644e-04   8.69821e-08   1.11328e+01
   7  w_CBO        2.32500e+00   constant   
   8  beta_CBO    -3.61914e-03   2.12660e-04   3.99056e-08   2.15865e+00
   9  alpha_2CBO   2.61887e-04   2.08486e-04   5.55446e-08   4.23707e-01
  10  beta_2CBO   -8.31328e-05     fixed    
  11  alpha_y      0.00000e+00     fixed    
  12  w_y          1.38860e+01   constant   
  13  beta_y       5.07341e-04     fixed    
  14  alpha_vw     0.00000e+00     fixed    
  15  w_vw         1.43404e+01   constant   
  16  beta_vw      0.00000e+00     fixed    
  17  LM           1.41693e-04   constant   
  18  zeta_y       0.00000e+00   constant   
  19  zeta_vw      0.00000e+00   constant   
  20  T_CBO        1.21900e+02   3.15756e+01   3.47924e-04   2.24200e-02
  21  alpha_A0     8.39869e-03   3.63226e-03  -1.30843e-03   7.91242e-04
  22  beta_A0      2.77966e-04   2.69064e-03  -3.23246e-04  -4.35077e-03
  23  alpha_phi    9.61580e-03   1.62238e-02  -5.08917e-03   1.81098e-03
  24  beta_phi    -9.99922e-03   1.21317e-02  -3.15154e-03   6.82155e-04
 EXTERNAL ERROR MATRIX.    NDIM=  25    NPAR= 11    ERR DEF=1
  2.078e+05 
  5.085e-03  4.343e-08 
 -3.982e-02 -4.968e-09  3.136e-07 
 -4.611e-03 -5.366e-09 -1.059e-08  4.522e-08 
  6.036e-03  9.414e-09 -1.596e-08 -9.105e-10  4.522e-08 
  2.532e-03  2.806e-09 -1.204e-09 -1.144e-09 -5.490e-10  4.347e-08 
 -2.451e+03  1.272e-03  2.087e-04 -3.530e-04  5.417e-05  9.072e-04  1.000e+03 
 -6.084e-02 -1.153e-08  1.495e-07 -1.372e-07  3.353e-08 -1.240e-07 -8.072e-02  1.583e-05 
 -1.739e-01 -2.505e-08  1.410e-07  3.582e-08 -8.156e-08  3.307e-09 -3.634e-03 -1.198e-08  7.421e-06 
  1.257e-01 -1.872e-07  3.744e-08  7.735e-08 -4.911e-08 -1.325e-07 -1.121e-01  9.096e-06  1.064e-06  1.881e-05 
  1.537e-02 -7.290e-09 -3.773e-08 -6.460e-09 -5.500e-09 -2.912e-10  6.157e-03 -6.974e-07  2.078e-07 -6.030e-07  4.445e-07 
 PARAMETER  CORRELATION COEFFICIENTS  
       NO.  GLOBAL      1      3      4      6      8      9     20     21     22     23     24
        1  0.37906   1.000  0.054 -0.156 -0.048  0.062  0.027 -0.170 -0.034 -0.140  0.064  0.051
        3  0.36114   0.054  1.000 -0.043 -0.121  0.212  0.065  0.193 -0.014 -0.044 -0.207 -0.052
        4  0.26480  -0.156 -0.043  1.000 -0.089 -0.134 -0.010  0.012  0.067  0.092  0.015 -0.101
        6  0.31877  -0.048 -0.121 -0.089  1.000 -0.020 -0.026 -0.052 -0.162  0.062  0.084 -0.046
        8  0.28473   0.062  0.212 -0.134 -0.020  1.000 -0.012  0.008  0.040 -0.141 -0.053 -0.039
        9  0.19024   0.027  0.065 -0.010 -0.026 -0.012  1.000  0.138 -0.149  0.006 -0.147 -0.002
       20  0.87414  -0.170  0.193  0.012 -0.052  0.008  0.138  1.000 -0.641 -0.042 -0.817  0.292
       21  0.70357  -0.034 -0.014  0.067 -0.162  0.040 -0.149 -0.641  1.000 -0.001  0.527 -0.263
       22  0.27612  -0.140 -0.044  0.092  0.062 -0.141  0.006 -0.042 -0.001  1.000  0.090  0.114
       23  0.82509   0.064 -0.207  0.015  0.084 -0.053 -0.147 -0.817  0.527  0.090  1.000 -0.209
       24  0.39116   0.051 -0.052 -0.101 -0.046 -0.039 -0.002  0.292 -0.263  0.114 -0.209  1.000
MINUIT - FIT ONLY 1-y
 **********
 **   51 **RES 
 **********
                   PARAMETER   16  beta_vw RESTORED TO VARIABLE.
                   PARAMETER   14  alpha_vw RESTORED TO VARIABLE.
                   PARAMETER   13  beta_y RESTORED TO VARIABLE.
                   PARAMETER   11  alpha_y RESTORED TO VARIABLE.
                   PARAMETER   10  beta_2CBO RESTORED TO VARIABLE.
 **********
 **   52 **FIX            0
 **********
 PARAMETER    0  IS UNDEFINED. IGNORED.
 **********
 **   53 **FIX            1
 **********
 **********
 **   54 **FIX            2
 **********
 PARAMETER    2  IS CONSTANT.   IGNORED.
 **********
 **   55 **FIX            3
 **********
 **********
 **   56 **FIX            4
 **********
 **********
 **   57 **FIX            5
 **********
 PARAMETER    5  IS CONSTANT.   IGNORED.
 **********
 **   58 **FIX            6
 **********
 **********
 **   59 **FIX            7
 **********
 PARAMETER    7  IS CONSTANT.   IGNORED.
 **********
 **   60 **FIX            8
 **********
 **********
 **   61 **FIX            9
 **********
 **********
 **   62 **FIX           13
 **********
 **********
 **   63 **FIX           14
 **********
 **********
 **   64 **FIX           15
 **********
 PARAMETER   15  IS CONSTANT.   IGNORED.
 **********
 **   65 **FIX           16
 **********
 **********
 **   66 **MIGRAD
 **********
 START MIGRAD MINIMIZATION.  STRATEGY  1.  CONVERGENCE WHEN EDM .LT. 1.00e-04
 FCN=60.5367 FROM MIGRAD    STATUS=INITIATE       16 CALLS        1959 TOTAL
                     EDM= unknown      STRATEGY= 1      NO ERROR MATRIX       
  EXT PARAMETER               CURRENT GUESS       STEP         FIRST   
  NO.   NAME      VALUE            ERROR          SIZE      DERIVATIVE 
   1  N0           2.93809e+06     fixed    
   2  tau          6.44050e+01   constant   
   3  A0           3.53118e-01     fixed    
   4  phi          4.11495e+00     fixed    
   5  R           -6.11922e+01   constant   
   6  alpha_CBO    4.28926e-03     fixed    
   7  w_CBO        2.32500e+00   constant   
   8  beta_CBO    -3.61914e-03     fixed    
   9  alpha_2CBO   2.61887e-04     fixed    
  10  beta_2CBO   -8.31328e-05   2.15981e-04   2.15981e-04  -1.02988e+04
  11  alpha_y      0.00000e+00   1.00000e-03   1.00000e-03  -2.86291e+03
  12  w_y          1.38860e+01   constant   
  13  beta_y       5.07341e-04     fixed    
  14  alpha_vw     0.00000e+00     fixed    
  15  w_vw         1.43404e+01   constant   
  16  beta_vw      0.00000e+00     fixed    
  17  LM           1.41693e-04   constant   
  18  zeta_y       0.00000e+00   constant   
  19  zeta_vw      0.00000e+00   constant   
  20  T_CBO        1.21900e+02   3.15756e+01   3.47924e-04   2.24202e-02
  21  alpha_A0     8.39869e-03   3.63226e-03  -1.30843e-03   7.91387e-04
  22  beta_A0      2.77966e-04   2.69064e-03  -3.23246e-04  -4.35076e-03
  23  alpha_phi    9.61580e-03   1.62238e-02  -5.08917e-03   1.81311e-03
  24  beta_phi    -9.99922e-03   1.21317e-02  -3.15154e-03   7.04749e-04
 MIGRAD MINIMIZATION HAS CONVERGED.
 MIGRAD WILL VERIFY CONVERGENCE AND ERROR MATRIX.
 COVARIANCE MATRIX CALCULATED SUCCESSFULLY
 FCN=59.2394 FROM MIGRAD    STATUS=CONVERGED     212 CALLS        2155 TOTAL
                     EDM=1.78725e-06    STRATEGY= 1      ERROR MATRIX ACCURATE 
  EXT PARAMETER                                   STEP         FIRST   
  NO.   NAME      VALUE            ERROR          SIZE      DERIVATIVE 
   1  N0           2.93809e+06     fixed    
   2  tau          6.44050e+01   constant   
   3  A0           3.53118e-01     fixed    
   4  phi          4.11495e+00     fixed    
   5  R           -6.11922e+01   constant   
   6  alpha_CBO    4.28926e-03     fixed    
   7  w_CBO        2.32500e+00   constant   
   8  beta_CBO    -3.61914e-03     fixed    
   9  alpha_2CBO   2.61887e-04     fixed    
  10  beta_2CBO    1.52085e-04   2.13994e-04   7.90312e-07  -8.48620e-01
  11  alpha_y      6.01847e-05   2.08367e-04   7.89399e-07  -1.11622e+00
  12  w_y          1.38860e+01   constant   
  13  beta_y       5.07341e-04     fixed    
  14  alpha_vw     0.00000e+00     fixed    
  15  w_vw         1.43404e+01   constant   
  16  beta_vw      0.00000e+00     fixed    
  17  LM           1.41693e-04   constant   
  18  zeta_y       0.00000e+00   constant   
  19  zeta_vw      0.00000e+00   constant   
  20  T_CBO        1.24911e+02   3.06265e+01   1.97338e-04  -5.76304e-03
  21  alpha_A0     7.84982e-03   3.53607e-03   1.79700e-03   3.25453e-04
  22  beta_A0     -1.01347e-04   2.78118e-03   1.05791e-03  -1.83992e-03
  23  alpha_phi    9.72399e-03   1.72962e-02   4.47613e-03  -4.39559e-05
  24  beta_phi    -9.99984e-03   1.00015e-02   2.26718e-02   3.02817e-04
 EXTERNAL ERROR MATRIX.    NDIM=  25    NPAR=  7    ERR DEF=1
  4.579e-08 -3.771e-10  6.163e-04 -1.074e-07 -7.289e-08  2.084e-08  2.354e-11 
 -3.771e-10  4.342e-08 -6.612e-05  1.288e-08  4.460e-09 -3.781e-09 -1.091e-11 
  6.163e-04 -6.612e-05  9.407e+02 -7.154e-02 -2.956e-03 -9.944e-02  3.731e-03 
 -1.074e-07  1.288e-08 -7.154e-02  1.416e-05  2.620e-07  7.352e-06 -3.038e-07 
 -7.289e-08  4.460e-09 -2.956e-03  2.620e-07  7.943e-06 -2.859e-07  5.359e-09 
  2.084e-08 -3.781e-09 -9.944e-02  7.352e-06 -2.859e-07  1.851e-05 -3.698e-07 
  2.354e-11 -1.091e-11  3.731e-03 -3.038e-07  5.359e-09 -3.698e-07  1.298e-07 
 PARAMETER  CORRELATION COEFFICIENTS  
       NO.  GLOBAL     10     11     20     21     22     23     24
       10  0.22434   1.000 -0.008  0.094 -0.133 -0.121  0.023  0.000
       11  0.02556  -0.008  1.000 -0.010  0.016  0.008 -0.004 -0.000
       20  0.82769   0.094 -0.010  1.000 -0.620 -0.034 -0.754  0.338
       21  0.62480  -0.133  0.016 -0.620  1.000  0.025  0.454 -0.224
       22  0.13756  -0.121  0.008 -0.034  0.025  1.000 -0.024  0.005
       23  0.76082   0.023 -0.004 -0.754  0.454 -0.024  1.000 -0.239
       24  0.34137   0.000 -0.000  0.338 -0.224  0.005 -0.239  1.000
MINUIT - FIT ONLY 2-y
 **********
 **   67 **RES 
 **********
                   PARAMETER   16  beta_vw RESTORED TO VARIABLE.
                   PARAMETER   14  alpha_vw RESTORED TO VARIABLE.
                   PARAMETER   13  beta_y RESTORED TO VARIABLE.
                   PARAMETER    9  alpha_2CBO RESTORED TO VARIABLE.
                   PARAMETER    8  beta_CBO RESTORED TO VARIABLE.
                   PARAMETER    6  alpha_CBO RESTORED TO VARIABLE.
                   PARAMETER    4  phi RESTORED TO VARIABLE.
                   PARAMETER    3  A0 RESTORED TO VARIABLE.
                   PARAMETER    1  N0 RESTORED TO VARIABLE.
 **********
 **   68 **FIX            0
 **********
 PARAMETER    0  IS UNDEFINED. IGNORED.
 **********
 **   69 **FIX            1
 **********
 **********
 **   70 **FIX            2
 **********
 PARAMETER    2  IS CONSTANT.   IGNORED.
 **********
 **   71 **FIX            3
 **********
 **********
 **   72 **FIX            4
 **********
 **********
 **   73 **FIX            5
 **********
 PARAMETER    5  IS CONSTANT.   IGNORED.
 **********
 **   74 **FIX            6
 **********
 **********
 **   75 **FIX            7
 **********
 PARAMETER    7  IS CONSTANT.   IGNORED.
 **********
 **   76 **FIX            8
 **********
 **********
 **   77 **FIX            9
 **********
 **********
 **   78 **FIX           10
 **********
 **********
 **   79 **FIX           11
 **********
 **********
 **   80 **FIX           12
 **********
 PARAMETER   12  IS CONSTANT.   IGNORED.
 **********
 **   81 **FIX           16
 **********
 **********
 **   82 **MIGRAD
 **********
 START MIGRAD MINIMIZATION.  STRATEGY  1.  CONVERGENCE WHEN EDM .LT. 1.00e-04
 FCN=59.2394 FROM MIGRAD    STATUS=INITIATE       16 CALLS        2171 TOTAL
                     EDM= unknown      STRATEGY= 1      NO ERROR MATRIX       
  EXT PARAMETER               CURRENT GUESS       STEP         FIRST   
  NO.   NAME      VALUE            ERROR          SIZE      DERIVATIVE 
   1  N0           2.93809e+06     fixed    
   2  tau          6.44050e+01   constant   
   3  A0           3.53118e-01     fixed    
   4  phi          4.11495e+00     fixed    
   5  R           -6.11922e+01   constant   
   6  alpha_CBO    4.28926e-03     fixed    
   7  w_CBO        2.32500e+00   constant   
   8  beta_CBO    -3.61914e-03     fixed    
   9  alpha_2CBO   2.61887e-04     fixed    
  10  beta_2CBO    1.52085e-04     fixed    
  11  alpha_y      6.01847e-05     fixed    
  12  w_y          1.38860e+01   constant   
  13  beta_y       5.07341e-04   2.04291e-04   2.04291e-04  -1.91907e+03
  14  alpha_vw     0.00000e+00   1.00000e-03   1.00000e-03  -5.21928e+03
  15  w_vw         1.43404e+01   constant   
  16  beta_vw      0.00000e+00     fixed    
  17  LM           1.41693e-04   constant   
  18  zeta_y       0.00000e+00   constant   
  19  zeta_vw      0.00000e+00   constant   
  20  T_CBO        1.24911e+02   3.06265e+01   1.97338e-04  -5.77517e-03
  21  alpha_A0     7.84982e-03   3.53607e-03   1.79700e-03   3.22345e-04
  22  beta_A0     -1.01347e-04   2.78118e-03   1.05791e-03  -1.83984e-03
  23  alpha_phi    9.72399e-03   1.72962e-02   4.47613e-03  -5.31931e-05
  24  beta_phi    -9.99984e-03   1.00015e-02   2.26718e-02   3.08201e-04
 MIGRAD MINIMIZATION HAS CONVERGED.
 MIGRAD WILL VERIFY CONVERGENCE AND ERROR MATRIX.
 COVARIANCE MATRIX CALCULATED SUCCESSFULLY
 FCN=58.9434 FROM MIGRAD    STATUS=CONVERGED     137 CALLS        2292 TOTAL
                     EDM=1.31889e-05    STRATEGY= 1      ERROR MATRIX ACCURATE 
  EXT PARAMETER                                   STEP         FIRST   
  NO.   NAME      VALUE            ERROR          SIZE      DERIVATIVE 
   1  N0           2.93809e+06     fixed    
   2  tau          6.44050e+01   constant   
   3  A0           3.53118e-01     fixed    
   4  phi          4.11495e+00     fixed    
   5  R           -6.11922e+01   constant   
   6  alpha_CBO    4.28926e-03     fixed    
   7  w_CBO        2.32500e+00   constant   
   8  beta_CBO    -3.61914e-03     fixed    
   9  alpha_2CBO   2.61887e-04     fixed    
  10  beta_2CBO    1.52085e-04     fixed    
  11  alpha_y      6.01847e-05     fixed    
  12  w_y          1.38860e+01   constant   
  13  beta_y       5.23544e-04   2.11085e-04   7.76789e-07  -1.43211e+00
  14  alpha_vw     1.07449e-04   2.11917e-04   7.79955e-07   5.19103e-01
  15  w_vw         1.43404e+01   constant   
  16  beta_vw      0.00000e+00     fixed    
  17  LM           1.41693e-04   constant   
  18  zeta_y       0.00000e+00   constant   
  19  zeta_vw      0.00000e+00   constant   
  20  T_CBO        1.24750e+02   3.08082e+01   1.96754e-04   5.14506e-03
  21  alpha_A0     7.87596e-03   3.52725e-03   1.80329e-03  -8.38150e-03
  22  beta_A0     -8.97049e-05   2.76599e-03   1.05604e-03   3.45384e-03
  23  alpha_phi    9.72575e-03   1.73894e-02   4.41918e-03   4.35809e-04
  24  beta_phi    -1.00000e-02   1.09758e-02   3.39296e-02** at limit **
 EXTERNAL ERROR MATRIX.    NDIM=  25    NPAR=  7    ERR DEF=1
  4.456e-08 -1.016e-08  1.647e-04 -1.404e-08 -3.770e-09 -2.734e-08 -9.142e-14 
 -1.016e-08  4.491e-08 -1.400e-04  1.885e-08  5.118e-09  1.237e-08  9.271e-15 
  1.647e-04 -1.400e-04  9.519e+02 -7.199e-02 -2.094e-03 -1.021e-01  1.285e-05 
 -1.404e-08  1.885e-08 -7.199e-02  1.410e-05  1.007e-07  7.629e-06 -1.050e-09 
 -3.770e-09  5.118e-09 -2.094e-03  1.007e-07  7.854e-06 -2.398e-07  1.690e-11 
 -2.734e-08  1.237e-08 -1.021e-01  7.629e-06 -2.398e-07  1.883e-05 -1.279e-09 
 -9.142e-14  9.271e-15  1.285e-05 -1.050e-09  1.690e-11 -1.279e-09  1.301e-12 
 PARAMETER  CORRELATION COEFFICIENTS  
       NO.  GLOBAL     13     14     20     21     22     23     24
       13  0.22898   1.000 -0.227  0.025 -0.018 -0.006 -0.030 -0.000
       14  0.22843  -0.227  1.000 -0.021  0.024  0.009  0.013  0.000
       20  0.83059   0.025 -0.021  1.000 -0.621 -0.024 -0.763  0.365
       21  0.62176  -0.018  0.024 -0.621  1.000  0.010  0.468 -0.245
       22  0.06714  -0.006  0.009 -0.024  0.010  1.000 -0.020  0.005
       23  0.76430  -0.030  0.013 -0.763  0.468 -0.020  1.000 -0.258
       24  0.36757  -0.000  0.000  0.365 -0.245  0.005 -0.258  1.000
MINUIT - FIT ALTOGETHER
 **********
 **   83 **RES 
 **********
                   PARAMETER   16  beta_vw RESTORED TO VARIABLE.
