 + ++++++++++++++++++++++++++++++++++++++++++++++++++++++++++++++++++++ +
 +                                                                      +
 +           You have chose to blind your fitting according to          +
 +                omega_ref * (1 + (R +/- deltaR) *10^{-6})             +
 +                                                                      +
 + ++++++++++++++++++++++++++++++++++++++++++++++++++++++++++++++++++++ +
In main()...
reading format from /gm2data/zkhechad/run45/envelope/formats/formatB_sBin_constraintOn.txt
pBinTau 	= 0  
pBinPhi 	= 0  
constraintau 	= 1 
includeMopTerm 	= 0    
constrainMop    = 0   
Parameters after format file: pBinTau 0 pBinPhi 0 constraintau 1 includeMopTerm 0 constrainMop 0 c_e_scale 0.000000 
Opening file /gm2data/tbarrett/gm2fr/studies/run23_bunch_corrections/CorrectedFourier_Run3b.root.
reading full fit data from /gm2data/zkhechad/cboTemplates/Run4CBOTemplates/templateFits0_v2.0/noRF/sBin_constraintOn_cE0.0_seed0_noRF_calo11.root
windowBins = 17
fitting sliding window 468 from bin 604 at 89.967600 to bin 621 at 92.653200 (17 bins)

Reading data from /gm2data/cornell/histograms/aMethod/histogram_a_noRF.root
 **********
 **    1 **SET PRINTOUT            1
 **********
 **********
 **    2 **SET NOWARNINGS 
 **********
 PARAMETER DEFINITIONS:
    NO.   NAME         VALUE      STEP SIZE      LIMITS
     1 N0           3.15841e+06  1.00000e+02     no limits
     2 tau          6.43667e+01  constant
     3 A0           3.42728e-01  1.00000e-04     no limits
     4 phi          4.11795e+00  1.00000e-02     no limits
     5 R           -6.17041e+01  constant
     6 alpha_CBO    0.00000e+00  1.00000e-03     no limits
     7 w_CBO        2.32500e+00  constant
     8 beta_CBO     0.00000e+00  1.00000e-03     no limits
     9 alpha_2CBO   0.00000e+00  1.00000e-03     no limits
    10 beta_2CBO    0.00000e+00  1.00000e-03     no limits
    11 alpha_y      0.00000e+00  1.00000e-03     no limits
    12 w_y          1.44500e+01  constant
    13 beta_y       0.00000e+00  1.00000e-03     no limits
    14 alpha_vw     0.00000e+00  1.00000e-03     no limits
    15 w_vw         1.29000e+01  constant
    16 beta_vw      0.00000e+00  1.00000e-03     no limits
    17 LM          -1.31768e-03  constant
    18 zeta_y       0.00000e+00  constant
    19 zeta_vw      0.00000e+00  constant
    20 T_CBO        1.00000e+02  1.00000e+00    0.00000e+00  1.00000e+03
    21 alpha_A0     0.00000e+00  1.00000e-03     no limits
    22 beta_A0      0.00000e+00  1.00000e-03     no limits
    23 alpha_phi    0.00000e+00  1.00000e-03     no limits
    24 beta_phi     0.00000e+00  1.00000e-03     no limits
MINUIT - FIT ONLY WIGGLE
 **********
 **    3 **FIX            5
 **********
 PARAMETER    5  IS CONSTANT.   IGNORED.
 **********
 **    4 **FIX            6
 **********
 **********
 **    5 **FIX            7
 **********
 PARAMETER    7  IS CONSTANT.   IGNORED.
 **********
 **    6 **FIX            8
 **********
 **********
 **    7 **FIX            9
 **********
 **********
 **    8 **FIX           10
 **********
 **********
 **    9 **FIX           11
 **********
 **********
 **   10 **FIX           12
 **********
 PARAMETER   12  IS CONSTANT.   IGNORED.
 **********
 **   11 **FIX           13
 **********
 **********
 **   12 **FIX           14
 **********
 **********
 **   13 **FIX           15
 **********
 PARAMETER   15  IS CONSTANT.   IGNORED.
 **********
 **   14 **FIX           16
 **********
 **********
 **   15 **MIGRAD
 **********
 FIRST CALL TO USER FUNCTION AT NEW START POINT, WITH IFLAG=4.
 START MIGRAD MINIMIZATION.  STRATEGY  1.  CONVERGENCE WHEN EDM .LT. 1.00e-04
 FCN=746.157 FROM MIGRAD    STATUS=INITIATE      437 CALLS         438 TOTAL
                     EDM= unknown      STRATEGY= 1      NO ERROR MATRIX       
  EXT PARAMETER               CURRENT GUESS       STEP         FIRST   
  NO.   NAME      VALUE            ERROR          SIZE      DERIVATIVE 
   1  N0           3.15841e+06   1.00000e+02   0.00000e+00   3.90555e-02
   2  tau          6.43667e+01   constant   
   3  A0           3.42728e-01   1.00000e-04   0.00000e+00   1.94656e+05
   4  phi          4.11795e+00   1.00000e-02   0.00000e+00   1.87658e+03
   5  R           -6.17041e+01   constant   
   6  alpha_CBO    0.00000e+00     fixed    
   7  w_CBO        2.32500e+00   constant   
   8  beta_CBO     0.00000e+00     fixed    
   9  alpha_2CBO   0.00000e+00     fixed    
  10  beta_2CBO    0.00000e+00     fixed    
  11  alpha_y      0.00000e+00     fixed    
  12  w_y          1.44500e+01   constant   
  13  beta_y       0.00000e+00     fixed    
  14  alpha_vw     0.00000e+00     fixed    
  15  w_vw         1.29000e+01   constant   
  16  beta_vw      0.00000e+00     fixed    
  17  LM          -1.31768e-03   constant   
  18  zeta_y       0.00000e+00   constant   
  19  zeta_vw      0.00000e+00   constant   
  20  T_CBO        1.00000e+02   1.00000e+00   0.00000e+00   0.00000e+00
  21  alpha_A0     0.00000e+00   1.00000e-03   0.00000e+00  -1.51729e+04
  22  beta_A0      0.00000e+00   1.00000e-03   0.00000e+00  -6.89346e+02
  23  alpha_phi    0.00000e+00   1.00000e-03   0.00000e+00  -6.35724e+03
  24  beta_phi     0.00000e+00   1.00000e-03   0.00000e+00   3.44572e+03
 CALL LIMIT EXCEEDED IN MIGRAD.
 MIGRAD TERMINATED WITHOUT CONVERGENCE.
 FCN=29.6767 FROM MIGRAD    STATUS=CALL LIMIT   1326 CALLS        1327 TOTAL
                     EDM=0.0476926    STRATEGY= 1  ERROR MATRIX UNCERTAINTY   3.5 per cent
  EXT PARAMETER                APPROXIMATE        STEP         FIRST   
  NO.   NAME      VALUE            ERROR          SIZE      DERIVATIVE 
   1  N0           3.14975e+06   9.70482e+02  -7.13489e+01   1.10751e-05
   2  tau          6.43667e+01   constant   
   3  A0           3.28446e-01   1.90685e-03  -2.98547e-04  -1.63683e+02
   4  phi          4.12173e+00   1.63921e-03   1.12183e-04   1.77055e+02
   5  R           -6.17041e+01   constant   
   6  alpha_CBO    0.00000e+00     fixed    
   7  w_CBO        2.32500e+00   constant   
   8  beta_CBO     0.00000e+00     fixed    
   9  alpha_2CBO   0.00000e+00     fixed    
  10  beta_2CBO    0.00000e+00     fixed    
  11  alpha_y      0.00000e+00     fixed    
  12  w_y          1.44500e+01   constant   
  13  beta_y       0.00000e+00     fixed    
  14  alpha_vw     0.00000e+00     fixed    
  15  w_vw         1.29000e+01   constant   
  16  beta_vw      0.00000e+00     fixed    
  17  LM          -1.31768e-03   constant   
  18  zeta_y       0.00000e+00   constant   
  19  zeta_vw      0.00000e+00   constant   
  20  T_CBO        3.16144e+01   1.42953e+00  -1.16984e-03  -3.72992e+00
  21  alpha_A0    -6.58954e-01   2.20598e-01  -4.25727e-02   9.42211e+00
  22  beta_A0     -2.06184e-01   5.91640e-02  -1.16649e-02  -3.23050e+01
  23  alpha_phi   -1.26521e-02   9.50395e-03  -9.85402e-04   3.04498e+01
  24  beta_phi     7.66474e-01   2.00901e-01   3.66300e-02  -5.93765e-01
 EXTERNAL ERROR MATRIX.    NDIM=  25    NPAR=  8    ERR DEF=1
  9.418e+05 -6.767e-03 -1.290e+00  3.867e+02  2.662e+01  2.870e+00  3.319e+00 -2.380e+01 
 -6.767e-03  3.636e-06  8.440e-07  1.921e-03  3.989e-04  1.083e-04  1.362e-05 -3.666e-04 
 -1.290e+00  8.440e-07  2.687e-06 -3.449e-04  3.683e-05  1.890e-05 -2.776e-06 -3.529e-05 
  3.867e+02  1.921e-03 -3.449e-04  2.044e+00  2.790e-01  7.135e-02  1.158e-02 -2.512e-01 
  2.662e+01  3.989e-04  3.683e-05  2.790e-01  4.866e-02  1.293e-02  1.776e-03 -4.426e-02 
  2.870e+00  1.083e-04  1.890e-05  7.135e-02  1.293e-02  3.500e-03  4.368e-04 -1.174e-02 
  3.319e+00  1.362e-05 -2.776e-06  1.158e-02  1.776e-03  4.368e-04  9.033e-05 -1.639e-03 
 -2.380e+01 -3.666e-04 -3.529e-05 -2.512e-01 -4.426e-02 -1.174e-02 -1.639e-03  4.036e-02 
ERR MATRIX APPROXIMATE
 PARAMETER  CORRELATION COEFFICIENTS  
       NO.  GLOBAL      1      3      4     20     21     22     23     24
        1  0.87958   1.000 -0.004 -0.811  0.279  0.124  0.050  0.360 -0.122
        3  0.99851  -0.004  1.000  0.270  0.705  0.948  0.960  0.752 -0.957
        4  0.92549  -0.811  0.270  1.000 -0.147  0.102  0.195 -0.178 -0.107
       20  0.98985   0.279  0.705 -0.147  1.000  0.885  0.844  0.852 -0.875
       21  0.99989   0.124  0.948  0.102  0.885  1.000  0.991  0.847 -0.999
       22  0.99915   0.050  0.960  0.195  0.844  0.991  1.000  0.777 -0.988
       23  0.98584   0.360  0.752 -0.178  0.852  0.847  0.777  1.000 -0.858
       24  0.99991  -0.122 -0.957 -0.107 -0.875 -0.999 -0.988 -0.858  1.000
 ERR MATRIX APPROXIMATE
MINUIT - FIT ONLY 1-CBO + wiggle
 **********
 **   16 **RES 
 **********
                   PARAMETER   16  beta_vw RESTORED TO VARIABLE.
                   PARAMETER   14  alpha_vw RESTORED TO VARIABLE.
                   PARAMETER   13  beta_y RESTORED TO VARIABLE.
                   PARAMETER   11  alpha_y RESTORED TO VARIABLE.
                   PARAMETER   10  beta_2CBO RESTORED TO VARIABLE.
                   PARAMETER    9  alpha_2CBO RESTORED TO VARIABLE.
                   PARAMETER    8  beta_CBO RESTORED TO VARIABLE.
                   PARAMETER    6  alpha_CBO RESTORED TO VARIABLE.
 **********
 **   17 **FIX            8
 **********
 **********
 **   18 **FIX            9
 **********
 **********
 **   19 **FIX           11
 **********
 **********
 **   20 **FIX           12
 **********
 PARAMETER   12  IS CONSTANT.   IGNORED.
 **********
 **   21 **FIX           14
 **********
 **********
 **   22 **FIX           15
 **********
 PARAMETER   15  IS CONSTANT.   IGNORED.
 **********
 **   23 **FIX           16
 **********
 **********
 **   24 **MIGRAD
 **********
 START MIGRAD MINIMIZATION.  STRATEGY  1.  CONVERGENCE WHEN EDM .LT. 1.00e-04
 FCN=29.6767 FROM MIGRAD    STATUS=INITIATE       28 CALLS        1355 TOTAL
                     EDM= unknown      STRATEGY= 1      NO ERROR MATRIX       
  EXT PARAMETER               CURRENT GUESS       STEP         FIRST   
  NO.   NAME      VALUE            ERROR          SIZE      DERIVATIVE 
   1  N0           3.14975e+06   9.70482e+02  -7.13489e+01   1.10751e-05
   2  tau          6.43667e+01   constant   
   3  A0           3.28446e-01   1.90685e-03  -2.98547e-04  -1.63683e+02
   4  phi          4.12173e+00   1.63921e-03   1.12183e-04   1.77055e+02
   5  R           -6.17041e+01   constant   
   6  alpha_CBO    0.00000e+00   1.00000e-03   1.00000e-03  -9.15885e+02
   7  w_CBO        2.32500e+00   constant   
   8  beta_CBO     0.00000e+00     fixed    
   9  alpha_2CBO   0.00000e+00     fixed    
  10  beta_2CBO    0.00000e+00   1.00000e-03   1.00000e-03  -7.87898e+03
  11  alpha_y      0.00000e+00     fixed    
  12  w_y          1.44500e+01   constant   
  13  beta_y       0.00000e+00   1.00000e-03   1.00000e-03  -2.61036e+04
  14  alpha_vw     0.00000e+00     fixed    
  15  w_vw         1.29000e+01   constant   
  16  beta_vw      0.00000e+00     fixed    
  17  LM          -1.31768e-03   constant   
  18  zeta_y       0.00000e+00   constant   
  19  zeta_vw      0.00000e+00   constant   
  20  T_CBO        3.16144e+01   1.42953e+00  -1.16984e-03  -3.72993e+00
  21  alpha_A0    -6.58954e-01   2.20598e-01  -4.25727e-02   9.42211e+00
  22  beta_A0     -2.06184e-01   5.91640e-02  -1.16649e-02  -3.23050e+01
  23  alpha_phi   -1.26521e-02   9.50395e-03  -9.85402e-04   3.04498e+01
  24  beta_phi     7.66474e-01   2.00901e-01   3.66300e-02  -5.93765e-01
 CALL LIMIT EXCEEDED IN MIGRAD.
 MIGRAD TERMINATED WITHOUT CONVERGENCE.
 FCN=15.1441 FROM MIGRAD    STATUS=CALL LIMIT   1929 CALLS        3256 TOTAL
                     EDM=0.00440486    STRATEGY= 1  ERROR MATRIX UNCERTAINTY  42.2 per cent
  EXT PARAMETER                APPROXIMATE        STEP         FIRST   
  NO.   NAME      VALUE            ERROR          SIZE      DERIVATIVE 
   1  N0           3.17082e+06   1.72841e+04   7.76129e+02   9.56131e-05
   2  tau          6.43667e+01   constant   
   3  A0           3.37837e-01   7.14234e-03   3.28244e-04   8.43075e+01
   4  phi          4.13102e+00   1.07473e-02   4.92342e-04   8.04932e+01
   5  R           -6.17041e+01   constant   
   6  alpha_CBO    1.24665e-03   5.14239e-03   2.12884e-04  -1.57508e+01
   7  w_CBO        2.32500e+00   constant   
   8  beta_CBO     0.00000e+00     fixed    
   9  alpha_2CBO   0.00000e+00     fixed    
  10  beta_2CBO    1.51442e-03   1.26682e-03  -3.96608e-05  -1.34775e+02
  11  alpha_y      0.00000e+00     fixed    
  12  w_y          1.44500e+01   constant   
  13  beta_y       7.66231e-04   2.53608e-04  -1.24327e-06   3.86696e+01
  14  alpha_vw     0.00000e+00     fixed    
  15  w_vw         1.29000e+01   constant   
  16  beta_vw      0.00000e+00     fixed    
  17  LM          -1.31768e-03   constant   
  18  zeta_y       0.00000e+00   constant   
  19  zeta_vw      0.00000e+00   constant   
  20  T_CBO        2.51356e+01   2.51652e+00  -6.83755e-04  -4.60713e+01
  21  alpha_A0     2.20998e-01   7.29017e-01   1.95327e-02   4.47348e-01
  22  beta_A0      8.92582e-01   1.38482e+00   6.22440e-02  -2.07554e+00
  23  alpha_phi    1.21472e+00   1.33010e+00   5.78838e-02  -5.43921e-01
  24  beta_phi     4.62219e-01   6.25569e-01  -2.81548e-02   8.08982e-01
 EXTERNAL ERROR MATRIX.    NDIM=  25    NPAR= 11    ERR DEF=1
  2.987e+08 
  1.229e+02  5.101e-05 
  1.769e+02  7.476e-05  1.155e-04 
  7.315e+01  3.106e-05  4.696e-05  2.644e-05 
 -1.124e+01 -5.080e-06 -8.893e-06 -5.403e-06  1.605e-06 
 -2.781e-01 -9.716e-08 -5.635e-08 -1.127e-07  4.958e-09  6.432e-08 
 -4.096e+04 -1.679e-02 -2.429e-02 -7.854e-03  1.026e-03  9.151e-06  6.333e+00 
  8.735e+03  3.453e-03  4.661e-03  6.167e-04  1.420e-04  1.858e-06 -1.602e+00  5.315e-01 
  2.375e+04  9.838e-03  1.448e-02  5.656e-03 -9.083e-04 -1.425e-05 -3.353e+00  7.302e-01  1.918e+00 
  2.253e+04  9.259e-03  1.343e-02  4.843e-03 -6.915e-04 -1.132e-05 -3.307e+00  7.848e-01  1.824e+00  1.769e+00 
 -1.069e+04 -4.438e-03 -6.580e-03 -2.608e-03  4.472e-04  5.602e-06  1.500e+00 -3.171e-01 -8.639e-01 -8.183e-01  3.913e-01 
ERR MATRIX APPROXIMATE
 PARAMETER  CORRELATION COEFFICIENTS  
       NO.  GLOBAL      1      3      4      6     10     13     20     21     22     23     24
        1  0.99988   1.000  0.996  0.952  0.823 -0.513 -0.063 -0.942  0.693  0.992  0.980 -0.989
        3  0.99965   0.996  1.000  0.974  0.846 -0.561 -0.054 -0.934  0.663  0.995  0.975 -0.993
        4  0.99922   0.952  0.974  1.000  0.850 -0.653 -0.021 -0.898  0.595  0.973  0.939 -0.979
        6  0.99954   0.823  0.846  0.850  1.000 -0.829 -0.086 -0.607  0.164  0.794  0.708 -0.811
       10  0.98577  -0.513 -0.561 -0.653 -0.829  1.000  0.015  0.322  0.154 -0.518 -0.410  0.564
       13  0.21636  -0.063 -0.054 -0.021 -0.086  0.015  1.000  0.014  0.010 -0.041 -0.034  0.035
       20  0.99881  -0.942 -0.934 -0.898 -0.607  0.322  0.014  1.000 -0.873 -0.962 -0.988  0.953
       21  0.99939   0.693  0.663  0.595  0.164  0.154  0.010 -0.873  1.000  0.723  0.809 -0.695
       22  0.99982   0.992  0.995  0.973  0.794 -0.518 -0.041 -0.962  0.723  1.000  0.990 -0.997
       23  0.99992   0.980  0.975  0.939  0.708 -0.410 -0.034 -0.988  0.809  0.990  1.000 -0.983
       24  0.99964  -0.989 -0.993 -0.979 -0.811  0.564  0.035  0.953 -0.695 -0.997 -0.983  1.000
 ERR MATRIX APPROXIMATE
MINUIT - FIT ONLY 2-CBO
 **********
 **   25 **RES 
 **********
                   PARAMETER   16  beta_vw RESTORED TO VARIABLE.
                   PARAMETER   14  alpha_vw RESTORED TO VARIABLE.
                   PARAMETER   11  alpha_y RESTORED TO VARIABLE.
                   PARAMETER    9  alpha_2CBO RESTORED TO VARIABLE.
                   PARAMETER    8  beta_CBO RESTORED TO VARIABLE.
 **********
 **   26 **FIX            0
 **********
 PARAMETER    0  IS UNDEFINED. IGNORED.
 **********
 **   27 **FIX            1
 **********
 **********
 **   28 **FIX            2
 **********
 PARAMETER    2  IS CONSTANT.   IGNORED.
 **********
 **   29 **FIX            3
 **********
 **********
 **   30 **FIX            4
 **********
 **********
 **   31 **FIX            5
 **********
 PARAMETER    5  IS CONSTANT.   IGNORED.
 **********
 **   32 **FIX            6
 **********
 **********
 **   33 **FIX            7
 **********
 PARAMETER    7  IS CONSTANT.   IGNORED.
 **********
 **   34 **FIX           10
 **********
 **********
 **   35 **FIX           11
 **********
 **********
 **   36 **FIX           12
 **********
 PARAMETER   12  IS CONSTANT.   IGNORED.
 **********
 **   37 **FIX           13
 **********
 **********
 **   38 **FIX           14
 **********
 **********
 **   39 **FIX           15
 **********
 PARAMETER   15  IS CONSTANT.   IGNORED.
 **********
 **   40 **FIX           16
 **********
 **********
 **   41 **MIGRAD
 **********
 START MIGRAD MINIMIZATION.  STRATEGY  1.  CONVERGENCE WHEN EDM .LT. 1.00e-04
 FCN=15.1441 FROM MIGRAD    STATUS=INITIATE       18 CALLS        3274 TOTAL
                     EDM= unknown      STRATEGY= 1      NO ERROR MATRIX       
  EXT PARAMETER               CURRENT GUESS       STEP         FIRST   
  NO.   NAME      VALUE            ERROR          SIZE      DERIVATIVE 
   1  N0           3.17082e+06     fixed    
   2  tau          6.43667e+01   constant   
   3  A0           3.37837e-01     fixed    
   4  phi          4.13102e+00     fixed    
   5  R           -6.17041e+01   constant   
   6  alpha_CBO    1.24665e-03     fixed    
   7  w_CBO        2.32500e+00   constant   
   8  beta_CBO     0.00000e+00   1.00000e-03   1.00000e-03  -1.37130e+02
   9  alpha_2CBO   0.00000e+00   1.00000e-03   1.00000e-03   1.39677e+02
  10  beta_2CBO    1.51442e-03     fixed    
  11  alpha_y      0.00000e+00     fixed    
  12  w_y          1.44500e+01   constant   
  13  beta_y       7.66231e-04     fixed    
  14  alpha_vw     0.00000e+00     fixed    
  15  w_vw         1.29000e+01   constant   
  16  beta_vw      0.00000e+00     fixed    
  17  LM          -1.31768e-03   constant   
  18  zeta_y       0.00000e+00   constant   
  19  zeta_vw      0.00000e+00   constant   
  20  T_CBO        2.51356e+01   2.51652e+00  -6.83755e-04  -4.60713e+01
  21  alpha_A0     2.20998e-01   7.29017e-01   1.95327e-02   4.47348e-01
  22  beta_A0      8.92582e-01   1.38482e+00   6.22440e-02  -2.07554e+00
  23  alpha_phi    1.21472e+00   1.33010e+00   5.78838e-02  -5.43921e-01
  24  beta_phi     4.62219e-01   6.25569e-01  -2.81548e-02   8.08982e-01
 MIGRAD MINIMIZATION HAS CONVERGED.
 MIGRAD WILL VERIFY CONVERGENCE AND ERROR MATRIX.
 FCN=15.1244 FROM MIGRAD    STATUS=CONVERGED     166 CALLS        3422 TOTAL
                     EDM=7.77976e-06    STRATEGY= 1      ERR MATRIX NOT POS-DEF
  EXT PARAMETER                APPROXIMATE        STEP         FIRST   
  NO.   NAME      VALUE            ERROR          SIZE      DERIVATIVE 
   1  N0           3.17082e+06     fixed    
   2  tau          6.43667e+01   constant   
   3  A0           3.37837e-01     fixed    
   4  phi          4.13102e+00     fixed    
   5  R           -6.17041e+01   constant   
   6  alpha_CBO    1.24665e-03     fixed    
   7  w_CBO        2.32500e+00   constant   
   8  beta_CBO    -1.16185e-04   8.67482e-04   4.87548e-07   1.56733e-01
   9  alpha_2CBO  -1.07806e-04   7.67873e-04   4.86426e-07  -2.79109e-01
  10  beta_2CBO    1.51442e-03     fixed    
  11  alpha_y      0.00000e+00     fixed    
  12  w_y          1.44500e+01   constant   
  13  beta_y       7.66231e-04     fixed    
  14  alpha_vw     0.00000e+00     fixed    
  15  w_vw         1.29000e+01   constant   
  16  beta_vw      0.00000e+00     fixed    
  17  LM          -1.31768e-03   constant   
  18  zeta_y       0.00000e+00   constant   
  19  zeta_vw      0.00000e+00   constant   
  20  T_CBO        2.51358e+01   2.09423e+00   1.73128e-06   8.87172e-03
  21  alpha_A0     2.19800e-01   7.65032e-02   7.99340e-05  -2.08357e-04
  22  beta_A0      9.16949e-01   3.22952e-01   7.58076e-05   3.75030e-03
  23  alpha_phi    1.20179e+00   3.75482e-01   6.10331e-05   7.75193e-03
  24  beta_phi     4.66797e-01   1.53454e-01   7.20477e-05   1.53964e-03
 EXTERNAL ERROR MATRIX.    NDIM=  25    NPAR=  7    ERR DEF=1
  7.525e-07  5.838e-07  7.832e-06  5.784e-06 -1.398e-04  7.419e-05 -2.908e-05 
  5.838e-07  5.896e-07 -1.077e-05  6.484e-06 -1.172e-04  7.121e-05 -2.649e-05 
  7.832e-06 -1.077e-05  4.386e+00 -1.309e-01 -5.786e-01 -7.593e-01 -3.021e-01 
  5.784e-06  6.484e-06 -1.309e-01  5.853e-03  1.613e-02  2.382e-02  8.383e-03 
 -1.398e-04 -1.172e-04 -5.786e-01  1.613e-02  1.043e-01  8.522e-02  4.562e-02 
  7.419e-05  7.121e-05 -7.593e-01  2.382e-02  8.522e-02  1.410e-01  4.870e-02 
 -2.908e-05 -2.649e-05 -3.021e-01  8.383e-03  4.562e-02  4.870e-02  2.355e-02 
ERR MATRIX NOT POS-DEF
 PARAMETER  CORRELATION COEFFICIENTS  
       NO.  GLOBAL      8      9     20     21     22     23     24
        8  0.95814   1.000  0.876  0.004  0.087 -0.499  0.228 -0.218
        9  0.94650   0.876  1.000 -0.007  0.110 -0.473  0.247 -0.225
       20  0.99782   0.004 -0.007  1.000 -0.817 -0.855 -0.966 -0.940
       21  0.84657   0.087  0.110 -0.817  1.000  0.653  0.829  0.714
       22  0.99282  -0.499 -0.473 -0.855  0.653  1.000  0.703  0.921
       23  0.99657   0.228  0.247 -0.966  0.829  0.703  1.000  0.845
       24  0.97097  -0.218 -0.225 -0.940  0.714  0.921  0.845  1.000
 ERR MATRIX NOT POS-DEF
MINUIT - FIT wiggle + 1-CBO + 2-CBO
 **********
 **   42 **RES 
 **********
                   PARAMETER   16  beta_vw RESTORED TO VARIABLE.
                   PARAMETER   14  alpha_vw RESTORED TO VARIABLE.
                   PARAMETER   13  beta_y RESTORED TO VARIABLE.
                   PARAMETER   11  alpha_y RESTORED TO VARIABLE.
                   PARAMETER   10  beta_2CBO RESTORED TO VARIABLE.
                   PARAMETER    6  alpha_CBO RESTORED TO VARIABLE.
                   PARAMETER    4  phi RESTORED TO VARIABLE.
                   PARAMETER    3  A0 RESTORED TO VARIABLE.
                   PARAMETER    1  N0 RESTORED TO VARIABLE.
 **********
 **   43 **FIX           10
 **********
 **********
 **   44 **FIX           11
 **********
 **********
 **   45 **FIX           12
 **********
 PARAMETER   12  IS CONSTANT.   IGNORED.
 **********
 **   46 **FIX           13
 **********
 **********
 **   47 **FIX           14
 **********
 **********
 **   48 **FIX           15
 **********
 PARAMETER   15  IS CONSTANT.   IGNORED.
 **********
 **   49 **FIX           16
 **********
 **********
 **   50 **MIGRAD
 **********
 START MIGRAD MINIMIZATION.  STRATEGY  1.  CONVERGENCE WHEN EDM .LT. 1.00e-04
 FCN=15.1244 FROM MIGRAD    STATUS=INITIATE       22 CALLS        3444 TOTAL
                     EDM= unknown      STRATEGY= 1      NO ERROR MATRIX       
  EXT PARAMETER               CURRENT GUESS       STEP         FIRST   
  NO.   NAME      VALUE            ERROR          SIZE      DERIVATIVE 
   1  N0           3.17082e+06   1.72841e+04   1.72841e+04  -1.99911e-05
   2  tau          6.43667e+01   constant   
   3  A0           3.37837e-01   7.14234e-03   7.14234e-03  -3.21332e+01
   4  phi          4.13102e+00   1.07473e-02   1.07473e-02   9.68011e+00
   5  R           -6.17041e+01   constant   
   6  alpha_CBO    1.24665e-03   5.14239e-03   5.14239e-03   1.45026e+02
   7  w_CBO        2.32500e+00   constant   
   8  beta_CBO    -1.16185e-04   8.67482e-04   4.87548e-07   1.56724e-01
   9  alpha_2CBO  -1.07806e-04   7.67873e-04   4.86426e-07  -2.79104e-01
  10  beta_2CBO    1.51442e-03     fixed    
  11  alpha_y      0.00000e+00     fixed    
  12  w_y          1.44500e+01   constant   
  13  beta_y       7.66231e-04     fixed    
  14  alpha_vw     0.00000e+00     fixed    
  15  w_vw         1.29000e+01   constant   
  16  beta_vw      0.00000e+00     fixed    
  17  LM          -1.31768e-03   constant   
  18  zeta_y       0.00000e+00   constant   
  19  zeta_vw      0.00000e+00   constant   
  20  T_CBO        2.51358e+01   2.09423e+00   1.73128e-06   8.94027e-03
  21  alpha_A0     2.19800e-01   7.65032e-02   7.99340e-05  -2.09420e-04
  22  beta_A0      9.16949e-01   3.22952e-01   7.58076e-05   3.74926e-03
  23  alpha_phi    1.20179e+00   3.75482e-01   6.10331e-05   7.75182e-03
  24  beta_phi     4.66797e-01   1.53454e-01   7.20477e-05   1.53964e-03
 CALL LIMIT EXCEEDED IN MIGRAD.
 MIGRAD TERMINATED WITHOUT CONVERGENCE.
 FCN=12.1638 FROM MIGRAD    STATUS=CALL LIMIT   1920 CALLS        5342 TOTAL
                     EDM=0.0107038    STRATEGY= 1  ERROR MATRIX UNCERTAINTY  14.7 per cent
  EXT PARAMETER                APPROXIMATE        STEP         FIRST   
  NO.   NAME      VALUE            ERROR          SIZE      DERIVATIVE 
   1  N0           3.43843e+06   4.30824e+04   3.59969e+02   1.02126e-04
   2  tau          6.43667e+01   constant   
   3  A0           3.20135e-01   2.75379e-03  -1.98408e-05   6.70997e+01
   4  phi          3.83632e+00   4.82651e-02  -3.80161e-04   3.80324e+01
   5  R           -6.17041e+01   constant   
   6  alpha_CBO    6.28471e-03   2.96293e-03   3.79533e-05  -2.34358e+02
   7  w_CBO        2.32500e+00   constant   
   8  beta_CBO    -8.63244e-02   1.20986e-02  -1.02071e-04   7.17268e+01
   9  alpha_2CBO  -9.32551e-03   1.81255e-03  -2.49719e-05  -1.04459e+02
  10  beta_2CBO    1.51442e-03     fixed    
  11  alpha_y      0.00000e+00     fixed    
  12  w_y          1.44500e+01   constant   
  13  beta_y       7.66231e-04     fixed    
  14  alpha_vw     0.00000e+00     fixed    
  15  w_vw         1.29000e+01   constant   
  16  beta_vw      0.00000e+00     fixed    
  17  LM          -1.31768e-03   constant   
  18  zeta_y       0.00000e+00   constant   
  19  zeta_vw      0.00000e+00   constant   
  20  T_CBO        3.10617e+01   6.69525e-01   3.95910e-05  -1.95828e+02
  21  alpha_A0    -6.92449e-02   3.89290e-01  -6.79036e-03  -1.65102e+00
  22  beta_A0      5.38498e+00   5.44330e-01   5.57589e-03  -2.01215e+00
  23  alpha_phi    1.71864e+00   1.24246e-01   3.45891e-04  -1.47208e+00
  24  beta_phi     1.38384e+00   1.65614e-01   8.83499e-04   9.83281e-01
 EXTERNAL ERROR MATRIX.    NDIM=  25    NPAR= 11    ERR DEF=1
  1.856e+09 
 -1.162e+02  7.583e-06 
 -2.079e+03  1.302e-04  2.330e-03 
  1.090e+02 -6.021e-06 -1.220e-04  8.779e-06 
 -5.182e+02  3.296e-05  5.798e-04 -2.909e-05  1.464e-04 
 -5.470e+01  3.843e-06  6.050e-05 -2.163e-06  1.684e-05  3.285e-06 
  2.861e+04 -1.789e-03 -3.206e-02  1.690e-03 -7.949e-03 -8.059e-04  4.483e-01 
 -1.610e+04  9.694e-04  1.800e-02 -1.083e-03  4.471e-03  4.738e-04 -2.478e-01  1.515e-01 
  2.209e+04 -1.440e-03 -2.463e-02  1.154e-03 -6.396e-03 -8.800e-04  3.333e-01 -1.917e-01  2.963e-01 
  4.647e+03 -2.806e-04 -5.237e-03  2.929e-04 -1.233e-03 -6.654e-05  7.285e-02 -3.826e-02  4.568e-02  1.544e-02 
  6.987e+03 -4.313e-04 -7.809e-03  4.361e-04 -1.955e-03 -2.176e-04  1.072e-01 -6.350e-02  8.492e-02  1.652e-02  2.743e-02 
ERR MATRIX APPROXIMATE
 PARAMETER  CORRELATION COEFFICIENTS  
       NO.  GLOBAL      1      3      4      6      8      9     20     21     22     23     24
        1  0.99998   1.000 -0.980 -1.000  0.854 -0.994 -0.700  0.992 -0.960  0.942  0.868  0.979
        3  0.99906  -0.980  1.000  0.979 -0.738  0.989  0.770 -0.970  0.904 -0.961 -0.820 -0.946
        4  0.99998  -1.000  0.979  1.000 -0.853  0.993  0.692 -0.992  0.958 -0.938 -0.873 -0.977
        6  0.99829   0.854 -0.738 -0.853  1.000 -0.811 -0.403  0.852 -0.939  0.715  0.796  0.889
        8  0.99988  -0.994  0.989  0.993 -0.811  1.000  0.768 -0.981  0.949 -0.971 -0.820 -0.976
        9  0.99262  -0.700  0.770  0.692 -0.403  0.768  1.000 -0.664  0.672 -0.892 -0.295 -0.725
       20  0.99891   0.992 -0.970 -0.992  0.852 -0.981 -0.664  1.000 -0.951  0.915  0.876  0.967
       21  0.99860  -0.960  0.904  0.958 -0.939  0.949  0.672 -0.951  1.000 -0.904 -0.791 -0.985
       22  0.99972   0.942 -0.961 -0.938  0.715 -0.971 -0.892  0.915 -0.904  1.000  0.675  0.942
       23  0.99326   0.868 -0.820 -0.873  0.796 -0.820 -0.295  0.876 -0.791  0.675  1.000  0.803
       24  0.99446   0.979 -0.946 -0.977  0.889 -0.976 -0.725  0.967 -0.985  0.942  0.803  1.000
 ERR MATRIX APPROXIMATE
MINUIT - FIT ONLY 1-y
 **********
 **   51 **RES 
 **********
                   PARAMETER   16  beta_vw RESTORED TO VARIABLE.
                   PARAMETER   14  alpha_vw RESTORED TO VARIABLE.
                   PARAMETER   13  beta_y RESTORED TO VARIABLE.
                   PARAMETER   11  alpha_y RESTORED TO VARIABLE.
                   PARAMETER   10  beta_2CBO RESTORED TO VARIABLE.
 **********
 **   52 **FIX            0
 **********
 PARAMETER    0  IS UNDEFINED. IGNORED.
 **********
 **   53 **FIX            1
 **********
 **********
 **   54 **FIX            2
 **********
 PARAMETER    2  IS CONSTANT.   IGNORED.
 **********
 **   55 **FIX            3
 **********
 **********
 **   56 **FIX            4
 **********
 **********
 **   57 **FIX            5
 **********
 PARAMETER    5  IS CONSTANT.   IGNORED.
 **********
 **   58 **FIX            6
 **********
 **********
 **   59 **FIX            7
 **********
 PARAMETER    7  IS CONSTANT.   IGNORED.
 **********
 **   60 **FIX            8
 **********
 **********
 **   61 **FIX            9
 **********
 **********
 **   62 **FIX           13
 **********
 **********
 **   63 **FIX           14
 **********
 **********
 **   64 **FIX           15
 **********
 PARAMETER   15  IS CONSTANT.   IGNORED.
 **********
 **   65 **FIX           16
 **********
 **********
 **   66 **MIGRAD
 **********
 START MIGRAD MINIMIZATION.  STRATEGY  1.  CONVERGENCE WHEN EDM .LT. 1.00e-04
 FCN=12.1638 FROM MIGRAD    STATUS=INITIATE       16 CALLS        5358 TOTAL
                     EDM= unknown      STRATEGY= 1      NO ERROR MATRIX       
  EXT PARAMETER               CURRENT GUESS       STEP         FIRST   
  NO.   NAME      VALUE            ERROR          SIZE      DERIVATIVE 
   1  N0           3.43843e+06     fixed    
   2  tau          6.43667e+01   constant   
   3  A0           3.20135e-01     fixed    
   4  phi          3.83632e+00     fixed    
   5  R           -6.17041e+01   constant   
   6  alpha_CBO    6.28471e-03     fixed    
   7  w_CBO        2.32500e+00   constant   
   8  beta_CBO    -8.63244e-02     fixed    
   9  alpha_2CBO  -9.32551e-03     fixed    
  10  beta_2CBO    1.51442e-03   1.26682e-03   1.26682e-03  -2.13307e+02
  11  alpha_y      0.00000e+00   1.00000e-03   1.00000e-03   1.33327e+04
  12  w_y          1.44500e+01   constant   
  13  beta_y       7.66231e-04     fixed    
  14  alpha_vw     0.00000e+00     fixed    
  15  w_vw         1.29000e+01   constant   
  16  beta_vw      0.00000e+00     fixed    
  17  LM          -1.31768e-03   constant   
  18  zeta_y       0.00000e+00   constant   
  19  zeta_vw      0.00000e+00   constant   
  20  T_CBO        3.10617e+01   6.69525e-01   3.95910e-05  -1.95828e+02
  21  alpha_A0    -6.92449e-02   3.89290e-01  -6.79036e-03  -1.65102e+00
  22  beta_A0      5.38498e+00   5.44330e-01   5.57589e-03  -2.01215e+00
  23  alpha_phi    1.71864e+00   1.24246e-01   3.45891e-04  -1.47208e+00
  24  beta_phi     1.38384e+00   1.65614e-01   8.83499e-04   9.83281e-01
 MIGRAD MINIMIZATION HAS CONVERGED.
 MIGRAD WILL VERIFY CONVERGENCE AND ERROR MATRIX.
 FCN=9.51943 FROM MIGRAD    STATUS=CONVERGED     162 CALLS        5504 TOTAL
                     EDM=6.23586e-06    STRATEGY= 1      ERR MATRIX NOT POS-DEF
  EXT PARAMETER                APPROXIMATE        STEP         FIRST   
  NO.   NAME      VALUE            ERROR          SIZE      DERIVATIVE 
   1  N0           3.43843e+06     fixed    
   2  tau          6.43667e+01   constant   
   3  A0           3.20135e-01     fixed    
   4  phi          3.83632e+00     fixed    
   5  R           -6.17041e+01   constant   
   6  alpha_CBO    6.28471e-03     fixed    
   7  w_CBO        2.32500e+00   constant   
   8  beta_CBO    -8.63244e-02     fixed    
   9  alpha_2CBO  -9.32551e-03     fixed    
  10  beta_2CBO    1.71565e-03   5.16021e-04   3.65491e-07   1.19803e+00
  11  alpha_y     -3.92986e-04   2.41411e-04   3.71584e-07  -3.26473e+00
  12  w_y          1.44500e+01   constant   
  13  beta_y       7.66231e-04     fixed    
  14  alpha_vw     0.00000e+00     fixed    
  15  w_vw         1.29000e+01   constant   
  16  beta_vw      0.00000e+00     fixed    
  17  LM          -1.31768e-03   constant   
  18  zeta_y       0.00000e+00   constant   
  19  zeta_vw      0.00000e+00   constant   
  20  T_CBO        3.10748e+01   5.57437e-01   5.80017e-07   6.83166e-01
  21  alpha_A0    -6.58312e-02   2.70327e-02   3.64535e-05  -8.86112e-03
  22  beta_A0      5.38914e+00   2.84895e-01   3.33140e-05   7.82623e-04
  23  alpha_phi    1.71452e+00   9.21537e-02   2.30075e-05   3.38253e-03
  24  beta_phi     1.39956e+00   8.35658e-02   2.65716e-05  -2.41750e-02
 EXTERNAL ERROR MATRIX.    NDIM=  25    NPAR=  7    ERR DEF=1
  2.663e-07 -2.448e-08  3.086e-06  4.848e-06  9.133e-06 -2.944e-06  1.718e-05 
 -2.448e-08  5.828e-08 -1.529e-06 -3.283e-07 -5.676e-07  5.219e-07 -2.045e-06 
  3.086e-06 -1.529e-06  3.107e-01  2.545e-03 -1.578e-01 -5.057e-02 -4.116e-02 
  4.848e-06 -3.283e-07  2.545e-03  7.308e-04 -1.234e-03 -3.378e-04 -1.440e-04 
  9.133e-06 -5.676e-07 -1.578e-01 -1.234e-03  8.117e-02  2.551e-02  2.182e-02 
 -2.944e-06  5.219e-07 -5.057e-02 -3.378e-04  2.551e-02  8.492e-03  6.493e-03 
  1.718e-05 -2.045e-06 -4.116e-02 -1.440e-04  2.182e-02  6.493e-03  6.983e-03 
ERR MATRIX NOT POS-DEF
 PARAMETER  CORRELATION COEFFICIENTS  
       NO.  GLOBAL     10     11     20     21     22     23     24
       10  0.89466   1.000 -0.197  0.011  0.348  0.062 -0.062  0.398
       11  0.23966  -0.197  1.000 -0.011 -0.050 -0.008  0.023 -0.101
       20  0.99769   0.011 -0.011  1.000  0.169 -0.994 -0.984 -0.884
       21  0.52590   0.348 -0.050  0.169  1.000 -0.160 -0.136 -0.064
       22  0.99728   0.062 -0.008 -0.994 -0.160  1.000  0.972  0.916
       23  0.98752  -0.062  0.023 -0.984 -0.136  0.972  1.000  0.843
       24  0.97968   0.398 -0.101 -0.884 -0.064  0.916  0.843  1.000
 ERR MATRIX NOT POS-DEF
MINUIT - FIT ONLY 2-y
 **********
 **   67 **RES 
 **********
                   PARAMETER   16  beta_vw RESTORED TO VARIABLE.
                   PARAMETER   14  alpha_vw RESTORED TO VARIABLE.
                   PARAMETER   13  beta_y RESTORED TO VARIABLE.
                   PARAMETER    9  alpha_2CBO RESTORED TO VARIABLE.
                   PARAMETER    8  beta_CBO RESTORED TO VARIABLE.
                   PARAMETER    6  alpha_CBO RESTORED TO VARIABLE.
                   PARAMETER    4  phi RESTORED TO VARIABLE.
                   PARAMETER    3  A0 RESTORED TO VARIABLE.
                   PARAMETER    1  N0 RESTORED TO VARIABLE.
 **********
 **   68 **FIX            0
 **********
 PARAMETER    0  IS UNDEFINED. IGNORED.
 **********
 **   69 **FIX            1
 **********
 **********
 **   70 **FIX            2
 **********
 PARAMETER    2  IS CONSTANT.   IGNORED.
 **********
 **   71 **FIX            3
 **********
 **********
 **   72 **FIX            4
 **********
 **********
 **   73 **FIX            5
 **********
 PARAMETER    5  IS CONSTANT.   IGNORED.
 **********
 **   74 **FIX            6
 **********
 **********
 **   75 **FIX            7
 **********
 PARAMETER    7  IS CONSTANT.   IGNORED.
 **********
 **   76 **FIX            8
 **********
 **********
 **   77 **FIX            9
 **********
 **********
 **   78 **FIX           10
 **********
 **********
 **   79 **FIX           11
 **********
 **********
 **   80 **FIX           12
 **********
 PARAMETER   12  IS CONSTANT.   IGNORED.
 **********
 **   81 **FIX           16
 **********
 **********
 **   82 **MIGRAD
 **********
 START MIGRAD MINIMIZATION.  STRATEGY  1.  CONVERGENCE WHEN EDM .LT. 1.00e-04
 FCN=9.51943 FROM MIGRAD    STATUS=INITIATE       16 CALLS        5520 TOTAL
                     EDM= unknown      STRATEGY= 1      NO ERROR MATRIX       
  EXT PARAMETER               CURRENT GUESS       STEP         FIRST   
  NO.   NAME      VALUE            ERROR          SIZE      DERIVATIVE 
   1  N0           3.43843e+06     fixed    
   2  tau          6.43667e+01   constant   
   3  A0           3.20135e-01     fixed    
   4  phi          3.83632e+00     fixed    
   5  R           -6.17041e+01   constant   
   6  alpha_CBO    6.28471e-03     fixed    
   7  w_CBO        2.32500e+00   constant   
   8  beta_CBO    -8.63244e-02     fixed    
   9  alpha_2CBO  -9.32551e-03     fixed    
  10  beta_2CBO    1.71565e-03     fixed    
  11  alpha_y     -3.92986e-04     fixed    
  12  w_y          1.44500e+01   constant   
  13  beta_y       7.66231e-04   2.53608e-04   2.53608e-04  -2.80380e+03
  14  alpha_vw     0.00000e+00   1.00000e-03   1.00000e-03   7.32346e+02
  15  w_vw         1.29000e+01   constant   
  16  beta_vw      0.00000e+00     fixed    
  17  LM          -1.31768e-03   constant   
  18  zeta_y       0.00000e+00   constant   
  19  zeta_vw      0.00000e+00   constant   
  20  T_CBO        3.10748e+01   5.57437e-01   5.80017e-07   6.83171e-01
  21  alpha_A0    -6.58312e-02   2.70327e-02   3.64535e-05  -8.86236e-03
  22  beta_A0      5.38914e+00   2.84895e-01   3.33140e-05   7.83757e-04
  23  alpha_phi    1.71452e+00   9.21537e-02   2.30075e-05   3.38267e-03
  24  beta_phi     1.39956e+00   8.35658e-02   2.65716e-05  -2.41750e-02
 MIGRAD MINIMIZATION HAS CONVERGED.
 MIGRAD WILL VERIFY CONVERGENCE AND ERROR MATRIX.
 FCN=9.38384 FROM MIGRAD    STATUS=CONVERGED     129 CALLS        5633 TOTAL
                     EDM=6.64447e-06    STRATEGY= 1      ERR MATRIX NOT POS-DEF
  EXT PARAMETER                APPROXIMATE        STEP         FIRST   
  NO.   NAME      VALUE            ERROR          SIZE      DERIVATIVE 
   1  N0           3.43843e+06     fixed    
   2  tau          6.43667e+01   constant   
   3  A0           3.20135e-01     fixed    
   4  phi          3.83632e+00     fixed    
   5  R           -6.17041e+01   constant   
   6  alpha_CBO    6.28471e-03     fixed    
   7  w_CBO        2.32500e+00   constant   
   8  beta_CBO    -8.63244e-02     fixed    
   9  alpha_2CBO  -9.32551e-03     fixed    
  10  beta_2CBO    1.71565e-03     fixed    
  11  alpha_y     -3.92986e-04     fixed    
  12  w_y          1.44500e+01   constant   
  13  beta_y       8.54513e-04   2.47066e-04   3.85852e-07  -3.08222e-01
  14  alpha_vw    -3.23091e-05   2.47864e-04   3.84570e-07  -1.17911e+00
  15  w_vw         1.29000e+01   constant   
  16  beta_vw      0.00000e+00     fixed    
  17  LM          -1.31768e-03   constant   
  18  zeta_y       0.00000e+00   constant   
  19  zeta_vw      0.00000e+00   constant   
  20  T_CBO        3.10748e+01   5.59697e-01   5.80017e-07   2.45942e+00
  21  alpha_A0    -6.57672e-02   2.53499e-02   3.62169e-05  -1.85993e-02
  22  beta_A0      5.38911e+00   2.85523e-01   3.30983e-05   1.30978e-02
  23  alpha_phi    1.71465e+00   9.23503e-02   2.28591e-05  -4.19689e-02
  24  beta_phi     1.39949e+00   7.69630e-02   2.63999e-05   6.51526e-02
 EXTERNAL ERROR MATRIX.    NDIM=  25    NPAR=  7    ERR DEF=1
  6.104e-08 -6.887e-09 -1.536e-08  6.906e-08 -6.609e-08  1.152e-07 -2.128e-07 
 -6.887e-09  6.144e-08 -4.117e-07  5.582e-08  1.063e-08  1.109e-07 -5.249e-07 
 -1.536e-08 -4.117e-07  3.133e-01  2.513e-03 -1.592e-01 -5.096e-02 -4.171e-02 
  6.906e-08  5.582e-08  2.513e-03  6.426e-04 -1.412e-03 -2.880e-04 -4.594e-04 
 -6.609e-08  1.063e-08 -1.592e-01 -1.412e-03  8.152e-02  2.582e-02  2.141e-02 
  1.152e-07  1.109e-07 -5.096e-02 -2.880e-04  2.582e-02  8.529e-03  6.740e-03 
 -2.128e-07 -5.249e-07 -4.171e-02 -4.594e-04  2.141e-02  6.740e-03  5.923e-03 
ERR MATRIX NOT POS-DEF
 PARAMETER  CORRELATION COEFFICIENTS  
       NO.  GLOBAL     13     14     20     21     22     23     24
       13  0.13027   1.000 -0.112 -0.000  0.011 -0.001  0.005 -0.011
       14  0.17254  -0.112  1.000 -0.003  0.009  0.000  0.005 -0.028
       20  0.99771  -0.000 -0.003  1.000  0.177 -0.996 -0.986 -0.968
       21  0.42111   0.011  0.009  0.177  1.000 -0.195 -0.123 -0.235
       22  0.99729  -0.001  0.000 -0.996 -0.195  1.000  0.979  0.974
       23  0.98758   0.005  0.005 -0.986 -0.123  0.979  1.000  0.948
