 + ++++++++++++++++++++++++++++++++++++++++++++++++++++++++++++++++++++ +
 +                                                                      +
 +           You have chose to blind your fitting according to          +
 +                omega_ref * (1 + (R +/- deltaR) *10^{-6})             +
 +                                                                      +
 + ++++++++++++++++++++++++++++++++++++++++++++++++++++++++++++++++++++ +
In main()...
reading format from /gm2data/zkhechad/run45/envelope/formats/formatB_sBin_constraintOn.txt
pBinTau 	= 0  
pBinPhi 	= 0  
constraintau 	= 1 
includeMopTerm 	= 0    
constrainMop    = 0   
Parameters after format file: pBinTau 0 pBinPhi 0 constraintau 1 includeMopTerm 0 constrainMop 0 c_e_scale 0.000000 
Opening file /gm2data/tbarrett/gm2fr/studies/run23_bunch_corrections/CorrectedFourier_Run3b.root.
reading full fit data from /gm2data/zkhechad/cboTemplates/Run4CBOTemplates/fullFits/noRF/sBin_constraintOn_cE0.0_seed0_noRF_calo18.root
windowBins = 69
fitting sliding window 2520 from bin 2656 at 396.126000 to bin 2725 at 406.570000 (69 bins)

Reading data from /gm2data/cornell/histograms/aMethod/histogram_a_noRF.root
 **********
 **    1 **SET PRINTOUT            1
 **********
 **********
 **    2 **SET NOWARNINGS 
 **********
 PARAMETER DEFINITIONS:
    NO.   NAME         VALUE      STEP SIZE      LIMITS
     1 N0           3.61741e+06  1.00000e+02     no limits
     2 tau          6.44109e+01  constant
     3 A0           3.53417e-01  1.00000e-04     no limits
     4 phi          4.12209e+00  1.00000e-02     no limits
     5 R           -6.03373e+01  constant
     6 alpha_CBO    0.00000e+00  1.00000e-03     no limits
     7 w_CBO        2.32500e+00  constant
     8 beta_CBO     0.00000e+00  1.00000e-03     no limits
     9 alpha_2CBO   0.00000e+00  1.00000e-03     no limits
    10 beta_2CBO    0.00000e+00  1.00000e-03     no limits
    11 alpha_y      0.00000e+00  1.00000e-03     no limits
    12 w_y          1.38860e+01  constant
    13 beta_y       0.00000e+00  1.00000e-03     no limits
    14 alpha_vw     0.00000e+00  1.00000e-03     no limits
    15 w_vw         1.43404e+01  constant
    16 beta_vw      0.00000e+00  1.00000e-03     no limits
    17 LM           1.86654e-04  constant
    18 zeta_y       0.00000e+00  constant
    19 zeta_vw      0.00000e+00  constant
    20 T_CBO        1.00000e+02  1.00000e+00    0.00000e+00  1.00000e+03
    21 alpha_A0     0.00000e+00  1.00000e-03     no limits
    22 beta_A0      0.00000e+00  1.00000e-03     no limits
    23 alpha_phi    0.00000e+00  1.00000e-03     no limits
    24 beta_phi     0.00000e+00  1.00000e-03     no limits
MINUIT - FIT ONLY WIGGLE
 **********
 **    3 **FIX            5
 **********
 PARAMETER    5  IS CONSTANT.   IGNORED.
 **********
 **    4 **FIX            6
 **********
 **********
 **    5 **FIX            7
 **********
 PARAMETER    7  IS CONSTANT.   IGNORED.
 **********
 **    6 **FIX            8
 **********
 **********
 **    7 **FIX            9
 **********
 **********
 **    8 **FIX           10
 **********
 **********
 **    9 **FIX           11
 **********
 **********
 **   10 **FIX           12
 **********
 PARAMETER   12  IS CONSTANT.   IGNORED.
 **********
 **   11 **FIX           13
 **********
 **********
 **   12 **FIX           14
 **********
 **********
 **   13 **FIX           15
 **********
 PARAMETER   15  IS CONSTANT.   IGNORED.
 **********
 **   14 **FIX           16
 **********
 **********
 **   15 **MIGRAD
 **********
 FIRST CALL TO USER FUNCTION AT NEW START POINT, WITH IFLAG=4.
 START MIGRAD MINIMIZATION.  STRATEGY  1.  CONVERGENCE WHEN EDM .LT. 1.00e-04
 FCN=54.9186 FROM MIGRAD    STATUS=INITIATE      437 CALLS         438 TOTAL
                     EDM= unknown      STRATEGY= 1      NO ERROR MATRIX       
  EXT PARAMETER               CURRENT GUESS       STEP         FIRST   
  NO.   NAME      VALUE            ERROR          SIZE      DERIVATIVE 
   1  N0           3.61741e+06   1.00000e+02   0.00000e+00  -3.41603e-05
   2  tau          6.44109e+01   constant   
   3  A0           3.53417e-01   1.00000e-04   0.00000e+00   1.88555e+02
   4  phi          4.12209e+00   1.00000e-02   0.00000e+00  -5.58605e+02
   5  R           -6.03373e+01   constant   
   6  alpha_CBO    0.00000e+00     fixed    
   7  w_CBO        2.32500e+00   constant   
   8  beta_CBO     0.00000e+00     fixed    
   9  alpha_2CBO   0.00000e+00     fixed    
  10  beta_2CBO    0.00000e+00     fixed    
  11  alpha_y      0.00000e+00     fixed    
  12  w_y          1.38860e+01   constant   
  13  beta_y       0.00000e+00     fixed    
  14  alpha_vw     0.00000e+00     fixed    
  15  w_vw         1.43404e+01   constant   
  16  beta_vw      0.00000e+00     fixed    
  17  LM           1.86654e-04   constant   
  18  zeta_y       0.00000e+00   constant   
  19  zeta_vw      0.00000e+00   constant   
  20  T_CBO        1.00000e+02   1.00000e+00   0.00000e+00   0.00000e+00
  21  alpha_A0     0.00000e+00   1.00000e-03   0.00000e+00  -3.22518e+00
  22  beta_A0      0.00000e+00   1.00000e-03   0.00000e+00  -4.61558e+00
  23  alpha_phi    0.00000e+00   1.00000e-03   0.00000e+00   6.77222e+00
  24  beta_phi     0.00000e+00   1.00000e-03   0.00000e+00  -1.11954e+00
 CALL LIMIT EXCEEDED IN MIGRAD.
 MIGRAD TERMINATED WITHOUT CONVERGENCE.
 FCN=52.5395 FROM MIGRAD    STATUS=CALL LIMIT   1331 CALLS        1332 TOTAL
                     EDM=0.00126596    STRATEGY= 1  ERROR MATRIX UNCERTAINTY   1.8 per cent
  EXT PARAMETER                APPROXIMATE        STEP         FIRST   
  NO.   NAME      VALUE            ERROR          SIZE      DERIVATIVE 
   1  N0           3.61684e+06   3.33784e+03   2.79488e+01   1.89450e-06
   2  tau          6.44109e+01   constant   
   3  A0           3.53523e-01   1.21925e-03  -6.38782e-06  -3.97111e+00
   4  phi          4.12535e+00   3.46362e-03  -3.08620e-06  -1.71159e+00
   5  R           -6.03373e+01   constant   
   6  alpha_CBO    0.00000e+00     fixed    
   7  w_CBO        2.32500e+00   constant   
   8  beta_CBO     0.00000e+00     fixed    
   9  alpha_2CBO   0.00000e+00     fixed    
  10  beta_2CBO    0.00000e+00     fixed    
  11  alpha_y      0.00000e+00     fixed    
  12  w_y          1.38860e+01   constant   
  13  beta_y       0.00000e+00     fixed    
  14  alpha_vw     0.00000e+00     fixed    
  15  w_vw         1.43404e+01   constant   
  16  beta_vw      0.00000e+00     fixed    
  17  LM           1.86654e-04   constant   
  18  zeta_y       0.00000e+00   constant   
  19  zeta_vw      0.00000e+00   constant   
  20  T_CBO        4.49400e+01   2.99003e+01  -6.88927e-03  -2.08587e+00
  21  alpha_A0     1.73386e+01   8.95264e+01   4.13044e+00   8.82389e-04
  22  beta_A0      1.80087e+01   9.10363e+01   4.20127e+00  -2.60457e-03
  23  alpha_phi   -3.57226e+01   1.83964e+02  -8.48733e+00   1.09956e-03
  24  beta_phi     3.13757e+00   1.80817e+01   8.33659e-01   2.33485e-03
 EXTERNAL ERROR MATRIX.    NDIM=  25    NPAR=  8    ERR DEF=1
  1.114e+07  2.547e-01 -1.869e+00 -2.123e+03  1.193e+04  1.232e+04 -2.466e+04  2.682e+03 
  2.547e-01  1.487e-06  1.222e-07  2.162e-04 -4.172e-04 -4.519e-04  8.696e-04 -1.248e-04 
 -1.869e+00  1.222e-07  1.200e-05  1.014e-03 -2.152e-03 -2.308e-03  4.463e-03 -5.046e-04 
 -2.123e+03  2.162e-04  1.014e-03  9.003e+02 -2.617e+03 -2.661e+03  5.377e+03 -5.278e+02 
  1.193e+04 -4.172e-04 -2.152e-03 -2.617e+03  8.015e+03  8.150e+03 -1.647e+04  1.619e+03 
  1.232e+04 -4.519e-04 -2.308e-03 -2.661e+03  8.150e+03  8.288e+03 -1.675e+04  1.646e+03 
 -2.466e+04  8.696e-04  4.463e-03  5.377e+03 -1.647e+04 -1.675e+04  3.384e+04 -3.326e+03 
  2.682e+03 -1.248e-04 -5.046e-04 -5.278e+02  1.619e+03  1.646e+03 -3.326e+03  3.269e+02 
ERR MATRIX APPROXIMATE
 PARAMETER  CORRELATION COEFFICIENTS  
       NO.  GLOBAL      1      3      4     20     21     22     23     24
        1  0.33868   1.000  0.063 -0.162 -0.021  0.040  0.041 -0.040  0.044
        3  0.16457   0.063  1.000  0.029  0.006 -0.004 -0.004  0.004 -0.006
        4  0.18267  -0.162  0.029  1.000  0.010 -0.007 -0.007  0.007 -0.008
       20  0.97759  -0.021  0.006  0.010  1.000 -0.974 -0.974  0.974 -0.973
       21  0.99999   0.040 -0.004 -0.007 -0.974  1.000  1.000 -1.000  1.000
       22  0.99999   0.041 -0.004 -0.007 -0.974  1.000  1.000 -1.000  1.000
       23  1.00000  -0.040  0.004  0.007  0.974 -1.000 -1.000  1.000 -1.000
       24  0.99987   0.044 -0.006 -0.008 -0.973  1.000  1.000 -1.000  1.000
 ERR MATRIX APPROXIMATE
MINUIT - FIT ONLY 1-CBO + wiggle
 **********
 **   16 **RES 
 **********
                   PARAMETER   16  beta_vw RESTORED TO VARIABLE.
                   PARAMETER   14  alpha_vw RESTORED TO VARIABLE.
                   PARAMETER   13  beta_y RESTORED TO VARIABLE.
                   PARAMETER   11  alpha_y RESTORED TO VARIABLE.
                   PARAMETER   10  beta_2CBO RESTORED TO VARIABLE.
                   PARAMETER    9  alpha_2CBO RESTORED TO VARIABLE.
                   PARAMETER    8  beta_CBO RESTORED TO VARIABLE.
                   PARAMETER    6  alpha_CBO RESTORED TO VARIABLE.
 **********
 **   17 **FIX            8
 **********
 **********
 **   18 **FIX            9
 **********
 **********
 **   19 **FIX           11
 **********
 **********
 **   20 **FIX           12
 **********
 PARAMETER   12  IS CONSTANT.   IGNORED.
 **********
 **   21 **FIX           14
 **********
 **********
 **   22 **FIX           15
 **********
 PARAMETER   15  IS CONSTANT.   IGNORED.
 **********
 **   23 **FIX           16
 **********
 **********
 **   24 **MIGRAD
 **********
 START MIGRAD MINIMIZATION.  STRATEGY  1.  CONVERGENCE WHEN EDM .LT. 1.00e-04
 FCN=52.5395 FROM MIGRAD    STATUS=INITIATE       28 CALLS        1360 TOTAL
                     EDM= unknown      STRATEGY= 1      NO ERROR MATRIX       
  EXT PARAMETER               CURRENT GUESS       STEP         FIRST   
  NO.   NAME      VALUE            ERROR          SIZE      DERIVATIVE 
   1  N0           3.61684e+06   3.33784e+03   2.79488e+01   1.89450e-06
   2  tau          6.44109e+01   constant   
   3  A0           3.53523e-01   1.21925e-03  -6.38782e-06  -3.97111e+00
   4  phi          4.12535e+00   3.46362e-03  -3.08620e-06  -1.71159e+00
   5  R           -6.03373e+01   constant   
   6  alpha_CBO    0.00000e+00   1.00000e-03   1.00000e-03  -3.13047e+03
   7  w_CBO        2.32500e+00   constant   
   8  beta_CBO     0.00000e+00     fixed    
   9  alpha_2CBO   0.00000e+00     fixed    
  10  beta_2CBO    0.00000e+00   1.00000e-03   1.00000e-03   1.84279e+01
  11  alpha_y      0.00000e+00     fixed    
  12  w_y          1.38860e+01   constant   
  13  beta_y       0.00000e+00   1.00000e-03   1.00000e-03   7.31014e+02
  14  alpha_vw     0.00000e+00     fixed    
  15  w_vw         1.43404e+01   constant   
  16  beta_vw      0.00000e+00     fixed    
  17  LM           1.86654e-04   constant   
  18  zeta_y       0.00000e+00   constant   
  19  zeta_vw      0.00000e+00   constant   
  20  T_CBO        4.49400e+01   2.99003e+01  -6.88927e-03  -2.08591e+00
  21  alpha_A0     1.73386e+01   8.95264e+01   4.13044e+00   8.82389e-04
  22  beta_A0      1.80087e+01   9.10363e+01   4.20127e+00  -2.60457e-03
  23  alpha_phi   -3.57226e+01   1.83964e+02  -8.48733e+00   1.09956e-03
  24  beta_phi     3.13757e+00   1.80817e+01   8.33659e-01   2.33485e-03
 CALL LIMIT EXCEEDED IN MIGRAD.
 MIGRAD TERMINATED WITHOUT CONVERGENCE.
 FCN=47.8362 FROM MIGRAD    STATUS=CALL LIMIT   1917 CALLS        3249 TOTAL
                     EDM=0.000548949    STRATEGY= 1  ERROR MATRIX UNCERTAINTY  38.6 per cent
  EXT PARAMETER                APPROXIMATE        STEP         FIRST   
  NO.   NAME      VALUE            ERROR          SIZE      DERIVATIVE 
   1  N0           3.61677e+06   3.41031e+03   3.21258e-01  -2.56734e-07
   2  tau          6.44109e+01   constant   
   3  A0           3.53610e-01   1.22424e-03   6.28395e-07   3.78003e+00
   4  phi          4.12401e+00   3.53450e-03   5.39459e-07   3.06551e-01
   5  R           -6.03373e+01   constant   
   6  alpha_CBO    2.81285e-03   1.33445e-03  -3.40504e-07  -2.37123e+00
   7  w_CBO        2.32500e+00   constant   
   8  beta_CBO     0.00000e+00     fixed    
   9  alpha_2CBO   0.00000e+00     fixed    
  10  beta_2CBO    1.04756e-04   1.28201e-03  -2.99845e-06  -1.35192e+01
  11  alpha_y      0.00000e+00     fixed    
  12  w_y          1.38860e+01   constant   
  13  beta_y      -6.52801e-04   1.27680e-03  -1.92170e-06  -6.20574e+00
  14  alpha_vw     0.00000e+00     fixed    
  15  w_vw         1.43404e+01   constant   
  16  beta_vw      0.00000e+00     fixed    
  17  LM           1.86654e-04   constant   
  18  zeta_y       0.00000e+00   constant   
  19  zeta_vw      0.00000e+00   constant   
  20  T_CBO        2.45674e+01   1.27770e+01  -1.41833e-03  -2.98379e+00
  21  alpha_A0     9.05649e+03   6.97276e+04   1.13534e+03  -1.02816e-06
  22  beta_A0      2.86301e+04   2.20103e+05   3.58402e+03  -1.04050e-06
  23  alpha_phi   -4.92365e+04   3.77945e+05  -6.15450e+03  -9.43987e-08
  24  beta_phi    -7.78955e+02   5.22127e+03  -8.52047e+01   2.05225e-07
 EXTERNAL ERROR MATRIX.    NDIM=  25    NPAR= 11    ERR DEF=1
  1.163e+07 
  2.531e-01  1.499e-06 
 -1.884e+00  2.146e-07  1.249e-05 
 -7.816e-02  2.609e-08 -8.027e-07  1.781e-06 
 -4.872e-02 -9.216e-08 -4.762e-08  1.209e-07  1.644e-06 
  4.422e-02  9.708e-09  4.421e-09 -2.972e-08 -2.457e-08  1.630e-06 
 -4.989e+02  7.026e-05  4.858e-05 -1.111e-05  5.044e-04  5.363e-04  1.636e+02 
  1.916e+06  1.457e+00  6.047e-02 -1.340e+00 -5.791e+00 -3.268e+00 -8.864e+05  4.862e+09 
  6.151e+06  4.593e+00  1.459e-01 -4.211e+00 -1.829e+01 -1.032e+01 -2.798e+06  1.535e+10  4.845e+10 
 -1.052e+07 -7.906e+00 -2.623e-01  7.235e+00  3.141e+01  1.771e+01  4.805e+06 -2.635e+10 -8.319e+10  1.428e+11 
 -1.147e+05 -1.175e-01 -1.346e-02  1.003e-01  4.352e-01  2.424e-01  6.639e+04 -3.641e+08 -1.149e+09  1.973e+09  2.726e+07 
ERR MATRIX APPROXIMATE
 PARAMETER  CORRELATION COEFFICIENTS  
       NO.  GLOBAL      1      3      4      6     10     13     20     21     22     23     24
        1  0.36121   1.000  0.061 -0.156 -0.017 -0.011  0.010 -0.011  0.008  0.008 -0.008 -0.006
        3  0.34638   0.061  1.000  0.050  0.016 -0.059  0.006  0.004  0.017  0.017 -0.017 -0.018
        4  0.24776  -0.156  0.050  1.000 -0.170 -0.011  0.001  0.001  0.000  0.000 -0.000 -0.001
        6  0.25666  -0.017  0.016 -0.170  1.000  0.071 -0.017 -0.001 -0.014 -0.014  0.014  0.014
       10  0.35563  -0.011 -0.059 -0.011  0.071  1.000 -0.015  0.031 -0.065 -0.065  0.065  0.065
       13  0.06738   0.010  0.006  0.001 -0.017 -0.015  1.000  0.033 -0.037 -0.037  0.037  0.036
       20  0.99563  -0.011  0.004  0.001 -0.001  0.031  0.033  1.000 -0.994 -0.994  0.994  0.994
       21  1.00000   0.008  0.017  0.000 -0.014 -0.065 -0.037 -0.994  1.000  1.000 -1.000 -1.000
       22  1.00000   0.008  0.017  0.000 -0.014 -0.065 -0.037 -0.994  1.000  1.000 -1.000 -1.000
       23  1.00000  -0.008 -0.017 -0.000  0.014  0.065  0.037  0.994 -1.000 -1.000  1.000  1.000
       24  0.99997  -0.006 -0.018 -0.001  0.014  0.065  0.036  0.994 -1.000 -1.000  1.000  1.000
 ERR MATRIX APPROXIMATE
MINUIT - FIT ONLY 2-CBO
 **********
 **   25 **RES 
 **********
                   PARAMETER   16  beta_vw RESTORED TO VARIABLE.
                   PARAMETER   14  alpha_vw RESTORED TO VARIABLE.
                   PARAMETER   11  alpha_y RESTORED TO VARIABLE.
                   PARAMETER    9  alpha_2CBO RESTORED TO VARIABLE.
                   PARAMETER    8  beta_CBO RESTORED TO VARIABLE.
 **********
 **   26 **FIX            0
 **********
 PARAMETER    0  IS UNDEFINED. IGNORED.
 **********
 **   27 **FIX            1
 **********
 **********
 **   28 **FIX            2
 **********
 PARAMETER    2  IS CONSTANT.   IGNORED.
 **********
 **   29 **FIX            3
 **********
 **********
 **   30 **FIX            4
 **********
 **********
 **   31 **FIX            5
 **********
 PARAMETER    5  IS CONSTANT.   IGNORED.
 **********
 **   32 **FIX            6
 **********
 **********
 **   33 **FIX            7
 **********
 PARAMETER    7  IS CONSTANT.   IGNORED.
 **********
 **   34 **FIX           10
 **********
 **********
 **   35 **FIX           11
 **********
 **********
 **   36 **FIX           12
 **********
 PARAMETER   12  IS CONSTANT.   IGNORED.
 **********
 **   37 **FIX           13
 **********
 **********
 **   38 **FIX           14
 **********
 **********
 **   39 **FIX           15
 **********
 PARAMETER   15  IS CONSTANT.   IGNORED.
 **********
 **   40 **FIX           16
 **********
 **********
 **   41 **MIGRAD
 **********
 START MIGRAD MINIMIZATION.  STRATEGY  1.  CONVERGENCE WHEN EDM .LT. 1.00e-04
 FCN=47.8362 FROM MIGRAD    STATUS=INITIATE       18 CALLS        3267 TOTAL
                     EDM= unknown      STRATEGY= 1      NO ERROR MATRIX       
  EXT PARAMETER               CURRENT GUESS       STEP         FIRST   
  NO.   NAME      VALUE            ERROR          SIZE      DERIVATIVE 
   1  N0           3.61677e+06     fixed    
   2  tau          6.44109e+01   constant   
   3  A0           3.53610e-01     fixed    
   4  phi          4.12401e+00     fixed    
   5  R           -6.03373e+01   constant   
   6  alpha_CBO    2.81285e-03     fixed    
   7  w_CBO        2.32500e+00   constant   
   8  beta_CBO     0.00000e+00   1.00000e-03   1.00000e-03   2.22747e+03
   9  alpha_2CBO   0.00000e+00   1.00000e-03   1.00000e-03   7.16417e+02
  10  beta_2CBO    1.04756e-04     fixed    
  11  alpha_y      0.00000e+00     fixed    
  12  w_y          1.38860e+01   constant   
  13  beta_y      -6.52801e-04     fixed    
  14  alpha_vw     0.00000e+00     fixed    
  15  w_vw         1.43404e+01   constant   
  16  beta_vw      0.00000e+00     fixed    
  17  LM           1.86654e-04   constant   
  18  zeta_y       0.00000e+00   constant   
  19  zeta_vw      0.00000e+00   constant   
  20  T_CBO        2.45674e+01   1.27770e+01  -1.41833e-03  -2.98379e+00
  21  alpha_A0     9.05649e+03   6.97276e+04   1.13534e+03  -1.02816e-06
  22  beta_A0      2.86301e+04   2.20103e+05   3.58402e+03  -1.04050e-06
  23  alpha_phi   -4.92365e+04   3.77945e+05  -6.15450e+03  -9.43987e-08
  24  beta_phi    -7.78955e+02   5.22127e+03  -8.52047e+01   2.05225e-07
 CALL LIMIT EXCEEDED IN MIGRAD.
 MIGRAD TERMINATED WITHOUT CONVERGENCE.
 FCN=45.5789 FROM MIGRAD    STATUS=CALL LIMIT   1148 CALLS        4397 TOTAL
                     EDM=0.000399581    STRATEGY= 1  ERROR MATRIX UNCERTAINTY  13.7 per cent
  EXT PARAMETER                APPROXIMATE        STEP         FIRST   
  NO.   NAME      VALUE            ERROR          SIZE      DERIVATIVE 
   1  N0           3.61677e+06     fixed    
   2  tau          6.44109e+01   constant   
   3  A0           3.53610e-01     fixed    
   4  phi          4.12401e+00     fixed    
   5  R           -6.03373e+01   constant   
   6  alpha_CBO    2.81285e-03     fixed    
   7  w_CBO        2.32500e+00   constant   
   8  beta_CBO    -1.82833e-03   1.20744e-03  -1.75255e-05  -1.62208e+01
   9  alpha_2CBO  -5.32296e-04   1.24357e-03   1.52782e-05   1.02000e+01
  10  beta_2CBO    1.04756e-04     fixed    
  11  alpha_y      0.00000e+00     fixed    
  12  w_y          1.38860e+01   constant   
  13  beta_y      -6.52801e-04     fixed    
  14  alpha_vw     0.00000e+00     fixed    
  15  w_vw         1.43404e+01   constant   
  16  beta_vw      0.00000e+00     fixed    
  17  LM           1.86654e-04   constant   
  18  zeta_y       0.00000e+00   constant   
  19  zeta_vw      0.00000e+00   constant   
  20  T_CBO        1.85595e+01   6.34622e+00  -5.04895e-04  -4.75310e+00
  21  alpha_A0     2.58142e+06   1.82336e+07   2.35785e+05  -4.16917e-09
  22  beta_A0      9.50801e+06   5.80032e+07   7.27395e+05  -9.39607e-10
  23  alpha_phi   -8.98428e+06   5.63270e+07  -7.10321e+05   1.44883e-09
  24  beta_phi    -9.71912e+05   6.59932e+06  -8.44748e+04   2.36881e-09
 EXTERNAL ERROR MATRIX.    NDIM=  25    NPAR=  7    ERR DEF=1
  1.458e-06  6.292e-08 -5.708e-05 -1.749e+03 -4.554e+03  4.586e+03  5.912e+02 
  6.292e-08  1.546e-06 -7.601e-06  1.229e+03  3.043e+03 -3.115e+03 -4.167e+02 
 -5.708e-05 -7.601e-06  4.030e+01 -1.143e+08 -3.652e+08  3.544e+08  4.145e+07 
 -1.749e+03  1.229e+03 -1.143e+08  3.325e+14  1.057e+15 -1.027e+15 -1.203e+14 
 -4.554e+03  3.043e+03 -3.652e+08  1.057e+15  3.364e+15 -3.267e+15 -3.827e+14 
  4.586e+03 -3.115e+03  3.544e+08 -1.027e+15 -3.267e+15  3.173e+15  3.717e+14 
  5.912e+02 -4.167e+02  4.145e+07 -1.203e+14 -3.827e+14  3.717e+14  4.355e+13 
ERR MATRIX APPROXIMATE
 PARAMETER  CORRELATION COEFFICIENTS  
       NO.  GLOBAL      8      9     20     21     22     23     24
        8  0.62189   1.000  0.042 -0.007 -0.079 -0.065  0.067  0.074
        9  0.46946   0.042  1.000 -0.001  0.054  0.042 -0.044 -0.051
       20  0.99783  -0.007 -0.001  1.000 -0.988 -0.992  0.991  0.989
       21  0.99997  -0.079  0.054 -0.988  1.000  0.999 -1.000 -1.000
       22  1.00000  -0.065  0.042 -0.992  0.999  1.000 -1.000 -1.000
       23  1.00000   0.067 -0.044  0.991 -1.000 -1.000  1.000  1.000
       24  0.99997   0.074 -0.051  0.989 -1.000 -1.000  1.000  1.000
 ERR MATRIX APPROXIMATE
MINUIT - FIT wiggle + 1-CBO + 2-CBO
 **********
 **   42 **RES 
 **********
                   PARAMETER   16  beta_vw RESTORED TO VARIABLE.
                   PARAMETER   14  alpha_vw RESTORED TO VARIABLE.
                   PARAMETER   13  beta_y RESTORED TO VARIABLE.
                   PARAMETER   11  alpha_y RESTORED TO VARIABLE.
                   PARAMETER   10  beta_2CBO RESTORED TO VARIABLE.
                   PARAMETER    6  alpha_CBO RESTORED TO VARIABLE.
                   PARAMETER    4  phi RESTORED TO VARIABLE.
                   PARAMETER    3  A0 RESTORED TO VARIABLE.
                   PARAMETER    1  N0 RESTORED TO VARIABLE.
 **********
 **   43 **FIX           10
 **********
 **********
 **   44 **FIX           11
 **********
 **********
 **   45 **FIX           12
 **********
 PARAMETER   12  IS CONSTANT.   IGNORED.
 **********
 **   46 **FIX           13
 **********
 **********
 **   47 **FIX           14
 **********
 **********
 **   48 **FIX           15
 **********
 PARAMETER   15  IS CONSTANT.   IGNORED.
 **********
 **   49 **FIX           16
 **********
 **********
 **   50 **MIGRAD
 **********
 START MIGRAD MINIMIZATION.  STRATEGY  1.  CONVERGENCE WHEN EDM .LT. 1.00e-04
 FCN=45.5789 FROM MIGRAD    STATUS=INITIATE       22 CALLS        4419 TOTAL
                     EDM= unknown      STRATEGY= 1      NO ERROR MATRIX       
  EXT PARAMETER               CURRENT GUESS       STEP         FIRST   
  NO.   NAME      VALUE            ERROR          SIZE      DERIVATIVE 
   1  N0           3.61677e+06   3.41031e+03   3.41031e+03   6.52376e-05
   2  tau          6.44109e+01   constant   
   3  A0           3.53610e-01   1.22424e-03   1.22424e-03   5.65321e+02
   4  phi          4.12401e+00   3.53450e-03   3.53450e-03   4.30012e+01
   5  R           -6.03373e+01   constant   
   6  alpha_CBO    2.81285e-03   1.33445e-03   1.33445e-03  -6.16305e+01
   7  w_CBO        2.32500e+00   constant   
   8  beta_CBO    -1.82833e-03   1.20744e-03  -1.75255e-05  -1.62208e+01
   9  alpha_2CBO  -5.32296e-04   1.24357e-03   1.52782e-05   1.02000e+01
  10  beta_2CBO    1.04756e-04     fixed    
  11  alpha_y      0.00000e+00     fixed    
  12  w_y          1.38860e+01   constant   
  13  beta_y      -6.52801e-04     fixed    
  14  alpha_vw     0.00000e+00     fixed    
  15  w_vw         1.43404e+01   constant   
  16  beta_vw      0.00000e+00     fixed    
  17  LM           1.86654e-04   constant   
  18  zeta_y       0.00000e+00   constant   
  19  zeta_vw      0.00000e+00   constant   
  20  T_CBO        1.85595e+01   6.34622e+00  -5.04895e-04  -4.75312e+00
  21  alpha_A0     2.58142e+06   1.82336e+07   2.35785e+05  -4.16917e-09
  22  beta_A0      9.50801e+06   5.80032e+07   7.27395e+05  -9.40698e-10
  23  alpha_phi   -8.98428e+06   5.63270e+07  -7.10321e+05   1.44882e-09
  24  beta_phi    -9.71912e+05   6.59932e+06  -8.44748e+04   2.36881e-09
 MIGRAD MINIMIZATION HAS CONVERGED.
 MIGRAD WILL VERIFY CONVERGENCE AND ERROR MATRIX.
 COVARIANCE MATRIX CALCULATED SUCCESSFULLY
 FCN=45.4257 FROM MIGRAD    STATUS=CONVERGED     267 CALLS        4664 TOTAL
                     EDM=1.49956e-05    STRATEGY= 1      ERROR MATRIX ACCURATE 
  EXT PARAMETER                                   STEP         FIRST   
  NO.   NAME      VALUE            ERROR          SIZE      DERIVATIVE 
   1  N0           3.61634e+06   3.46385e+03   9.43415e+00   4.74029e-07
   2  tau          6.44109e+01   constant   
   3  A0           3.53139e-01   1.30684e-03   3.99016e-06  -8.37401e-01
   4  phi          4.12377e+00   3.56051e-03   1.13662e-05   5.31548e-01
   5  R           -6.03373e+01   constant   
   6  alpha_CBO    2.87412e-03   1.33706e-03   4.31500e-06  -4.14185e-01
   7  w_CBO        2.32500e+00   constant   
   8  beta_CBO    -1.95356e-03   1.33530e-03   4.15342e-06   3.96827e-01
   9  alpha_2CBO  -5.47600e-04   1.31565e-03   4.26655e-06  -1.57218e+00
  10  beta_2CBO    1.04756e-04     fixed    
  11  alpha_y      0.00000e+00     fixed    
  12  w_y          1.38860e+01   constant   
  13  beta_y      -6.52801e-04     fixed    
  14  alpha_vw     0.00000e+00     fixed    
  15  w_vw         1.43404e+01   constant   
  16  beta_vw      0.00000e+00     fixed    
  17  LM           1.86654e-04   constant   
  18  zeta_y       0.00000e+00   constant   
  19  zeta_vw      0.00000e+00   constant   
  20  T_CBO        1.85761e+01   1.72570e+00   1.83040e-05   1.31686e-02
  21  alpha_A0     2.65907e+06   1.09405e+07   1.92719e+01   8.46254e-11
  22  beta_A0      9.79522e+06   1.16924e+07   1.92719e+01  -3.00817e-10
  23  alpha_phi   -7.92840e+06   2.33755e+07   1.92719e+01   7.85189e-11
  24  beta_phi    -9.14397e+05   1.18393e+07   1.92719e+01  -2.84530e-11
 EXTERNAL ERROR MATRIX.    NDIM=  25    NPAR= 11    ERR DEF=1
  1.200e+07 
  1.688e-01  1.708e-06 
 -2.090e+00  1.050e-07  1.268e-05 
 -8.612e-02  2.821e-08 -8.173e-07  1.788e-06 
  3.116e-01  4.623e-07  1.336e-07 -3.391e-08  1.783e-06 
  7.381e-02 -2.388e-08  2.880e-07 -1.157e-07 -6.099e-08  1.731e-06 
  7.628e+02 -4.298e-04  2.611e-05  8.736e-05 -4.537e-04 -1.725e-05  2.978e+00 
 -6.017e+09  1.981e+03  1.542e+03 -1.254e+03  1.261e+03 -9.318e+02 -1.436e+07  1.197e+14 
 -5.645e+09  1.982e+03  1.355e+03 -1.156e+03  1.253e+03 -7.737e+02 -1.608e+07  1.167e+14  1.367e+14 
  1.017e+10 -8.758e+03  2.497e+03  2.542e+03 -6.434e+03  1.795e+02  3.379e+07 -1.643e+14 -1.823e+14  5.464e+14 
  1.069e+10 -2.413e+03 -4.032e+03 -1.801e+01  3.352e+02 -2.347e+03  6.423e+06 -3.099e+13 -3.415e+13  8.410e+13  1.402e+14 
 PARAMETER  CORRELATION COEFFICIENTS  
       NO.  GLOBAL      1      3      4      6      8      9     20     21     22     23     24
        1  0.34440   1.000  0.037 -0.169 -0.019  0.067  0.016  0.128 -0.159 -0.139  0.126  0.261
        3  0.39719   0.037  1.000  0.023  0.016  0.265 -0.014 -0.191  0.139  0.130 -0.287 -0.156
        4  0.28163  -0.169  0.023  1.000 -0.172  0.028  0.061  0.004  0.040  0.033  0.030 -0.096
        6  0.24303  -0.019  0.016 -0.172  1.000 -0.019 -0.066  0.038 -0.086 -0.074  0.081 -0.001
        8  0.35484   0.067  0.265  0.028 -0.019  1.000 -0.035 -0.197  0.086  0.080 -0.206  0.021
        9  0.22336   0.016 -0.014  0.061 -0.066 -0.035  1.000 -0.008 -0.065 -0.050  0.006 -0.151
       20  0.90240   0.128 -0.191  0.004  0.038 -0.197 -0.008  1.000 -0.760 -0.797  0.838  0.314
       21  0.91510  -0.159  0.139  0.040 -0.086  0.086 -0.065 -0.760  1.000  0.912 -0.642 -0.239
       22  0.92672  -0.139  0.130  0.033 -0.074  0.080 -0.050 -0.797  0.912  1.000 -0.667 -0.247
       23  0.85153   0.126 -0.287  0.030  0.081 -0.206  0.006  0.838 -0.642 -0.667  1.000  0.304
       24  0.44502   0.261 -0.156 -0.096 -0.001  0.021 -0.151  0.314 -0.239 -0.247  0.304  1.000
MINUIT - FIT ONLY 1-y
 **********
 **   51 **RES 
 **********
                   PARAMETER   16  beta_vw RESTORED TO VARIABLE.
                   PARAMETER   14  alpha_vw RESTORED TO VARIABLE.
                   PARAMETER   13  beta_y RESTORED TO VARIABLE.
                   PARAMETER   11  alpha_y RESTORED TO VARIABLE.
                   PARAMETER   10  beta_2CBO RESTORED TO VARIABLE.
 **********
 **   52 **FIX            0
 **********
 PARAMETER    0  IS UNDEFINED. IGNORED.
 **********
 **   53 **FIX            1
 **********
 **********
 **   54 **FIX            2
 **********
 PARAMETER    2  IS CONSTANT.   IGNORED.
 **********
 **   55 **FIX            3
 **********
 **********
 **   56 **FIX            4
 **********
 **********
 **   57 **FIX            5
 **********
 PARAMETER    5  IS CONSTANT.   IGNORED.
 **********
 **   58 **FIX            6
 **********
 **********
 **   59 **FIX            7
 **********
 PARAMETER    7  IS CONSTANT.   IGNORED.
 **********
 **   60 **FIX            8
 **********
 **********
 **   61 **FIX            9
 **********
 **********
 **   62 **FIX           13
 **********
 **********
 **   63 **FIX           14
 **********
 **********
 **   64 **FIX           15
 **********
 PARAMETER   15  IS CONSTANT.   IGNORED.
 **********
 **   65 **FIX           16
 **********
 **********
 **   66 **MIGRAD
 **********
 START MIGRAD MINIMIZATION.  STRATEGY  1.  CONVERGENCE WHEN EDM .LT. 1.00e-04
 FCN=45.4257 FROM MIGRAD    STATUS=INITIATE       16 CALLS        4680 TOTAL
                     EDM= unknown      STRATEGY= 1      NO ERROR MATRIX       
  EXT PARAMETER               CURRENT GUESS       STEP         FIRST   
  NO.   NAME      VALUE            ERROR          SIZE      DERIVATIVE 
   1  N0           3.61634e+06     fixed    
   2  tau          6.44109e+01   constant   
   3  A0           3.53139e-01     fixed    
   4  phi          4.12377e+00     fixed    
   5  R           -6.03373e+01   constant   
   6  alpha_CBO    2.87412e-03     fixed    
   7  w_CBO        2.32500e+00   constant   
   8  beta_CBO    -1.95356e-03     fixed    
   9  alpha_2CBO  -5.47600e-04     fixed    
  10  beta_2CBO    1.04756e-04   1.28201e-03   1.28201e-03  -4.34054e+01
  11  alpha_y      0.00000e+00   1.00000e-03   1.00000e-03   2.50127e+03
  12  w_y          1.38860e+01   constant   
  13  beta_y      -6.52801e-04     fixed    
  14  alpha_vw     0.00000e+00     fixed    
  15  w_vw         1.43404e+01   constant   
  16  beta_vw      0.00000e+00     fixed    
  17  LM           1.86654e-04   constant   
  18  zeta_y       0.00000e+00   constant   
  19  zeta_vw      0.00000e+00   constant   
  20  T_CBO        1.85761e+01   1.72570e+00   1.83040e-05   1.34268e-02
  21  alpha_A0     2.65907e+06   1.09405e+07   1.92719e+01   8.68446e-11
  22  beta_A0      9.79522e+06   1.16924e+07   1.92719e+01  -3.01262e-10
  23  alpha_phi   -7.92840e+06   2.33755e+07   1.92719e+01   7.85300e-11
  24  beta_phi    -9.14397e+05   1.18393e+07   1.92719e+01  -2.84204e-11
 MIGRAD MINIMIZATION HAS CONVERGED.
 MIGRAD WILL VERIFY CONVERGENCE AND ERROR MATRIX.
 COVARIANCE MATRIX CALCULATED SUCCESSFULLY
 FCN=42.9171 FROM MIGRAD    STATUS=CONVERGED     147 CALLS        4811 TOTAL
                     EDM=4.24993e-07    STRATEGY= 1      ERROR MATRIX ACCURATE 
  EXT PARAMETER                                   STEP         FIRST   
  NO.   NAME      VALUE            ERROR          SIZE      DERIVATIVE 
   1  N0           3.61634e+06     fixed    
   2  tau          6.44109e+01   constant   
   3  A0           3.53139e-01     fixed    
   4  phi          4.12377e+00     fixed    
   5  R           -6.03373e+01   constant   
   6  alpha_CBO    2.87412e-03     fixed    
   7  w_CBO        2.32500e+00   constant   
   8  beta_CBO    -1.95356e-03     fixed    
   9  alpha_2CBO  -5.47600e-04     fixed    
  10  beta_2CBO    1.14443e-04   1.28158e-03   4.08320e-06  -2.76684e-01
  11  alpha_y     -2.00567e-03   1.26618e-03   4.09651e-06  -2.31156e-02
  12  w_y          1.38860e+01   constant   
  13  beta_y      -6.52801e-04     fixed    
  14  alpha_vw     0.00000e+00     fixed    
  15  w_vw         1.43404e+01   constant   
  16  beta_vw      0.00000e+00     fixed    
  17  LM           1.86654e-04   constant   
  18  zeta_y       0.00000e+00   constant   
  19  zeta_vw      0.00000e+00   constant   
  20  T_CBO        1.85766e+01   7.67125e-01   1.81110e-05   1.39242e-01
  21  alpha_A0     2.60246e+06   1.41421e+00   1.87440e+01  -3.84101e-12
  22  beta_A0      9.86372e+06   1.41421e+00   1.87440e+01  -2.37582e-10
  23  alpha_phi   -7.46157e+06   1.41421e+00   1.87440e+01   2.66520e-11
  24  beta_phi    -1.07020e+06   1.41421e+00   1.87440e+01   4.62551e-11
 EXTERNAL ERROR MATRIX.    NDIM=  25    NPAR=  7    ERR DEF=1
  1.642e-06  2.275e-08 -1.711e-04  2.233e-11  6.354e-12  1.516e-11  5.246e-12 
  2.275e-08  1.603e-06  7.711e-06  4.648e-13 -2.543e-12 -3.536e-12  2.655e-12 
 -1.711e-04  7.711e-06  5.885e-01 -3.515e-08 -1.076e-07  7.534e-08  1.664e-08 
  2.233e-11  4.648e-13 -3.515e-08  2.000e+00  1.034e-13 -5.071e-15 -3.141e-15 
  6.354e-12 -2.543e-12 -1.076e-07  1.034e-13  2.000e+00 -1.460e-14 -4.335e-15 
  1.516e-11 -3.536e-12  7.534e-08 -5.071e-15 -1.460e-14  2.000e+00 -6.875e-17 
  5.246e-12  2.655e-12  1.664e-08 -3.141e-15 -4.335e-15 -6.875e-17  2.000e+00 
 PARAMETER  CORRELATION COEFFICIENTS  
       NO.  GLOBAL     10     11     20     21     22     23     24
       10  0.17472   1.000  0.014 -0.174  0.000  0.000  0.000  0.000
       11  0.01754   0.014  1.000  0.008  0.000 -0.000 -0.000  0.000
       20  0.17435  -0.174  0.008  1.000 -0.000 -0.000  0.000  0.000
       21  0.00000   0.000  0.000 -0.000  1.000  0.000 -0.000 -0.000
       22  0.00000   0.000 -0.000 -0.000  0.000  1.000 -0.000 -0.000
       23  0.00000   0.000 -0.000  0.000 -0.000 -0.000  1.000 -0.000
       24  0.00000   0.000  0.000  0.000 -0.000 -0.000 -0.000  1.000
MINUIT - FIT ONLY 2-y
 **********
 **   67 **RES 
 **********
                   PARAMETER   16  beta_vw RESTORED TO VARIABLE.
                   PARAMETER   14  alpha_vw RESTORED TO VARIABLE.
                   PARAMETER   13  beta_y RESTORED TO VARIABLE.
                   PARAMETER    9  alpha_2CBO RESTORED TO VARIABLE.
                   PARAMETER    8  beta_CBO RESTORED TO VARIABLE.
                   PARAMETER    6  alpha_CBO RESTORED TO VARIABLE.
                   PARAMETER    4  phi RESTORED TO VARIABLE.
                   PARAMETER    3  A0 RESTORED TO VARIABLE.
                   PARAMETER    1  N0 RESTORED TO VARIABLE.
 **********
 **   68 **FIX            0
 **********
 PARAMETER    0  IS UNDEFINED. IGNORED.
 **********
 **   69 **FIX            1
 **********
 **********
 **   70 **FIX            2
 **********
 PARAMETER    2  IS CONSTANT.   IGNORED.
 **********
 **   71 **FIX            3
 **********
 **********
 **   72 **FIX            4
 **********
 **********
 **   73 **FIX            5
 **********
 PARAMETER    5  IS CONSTANT.   IGNORED.
 **********
 **   74 **FIX            6
 **********
 **********
 **   75 **FIX            7
 **********
 PARAMETER    7  IS CONSTANT.   IGNORED.
 **********
 **   76 **FIX            8
 **********
 **********
 **   77 **FIX            9
 **********
 **********
 **   78 **FIX           10
 **********
 **********
 **   79 **FIX           11
 **********
 **********
 **   80 **FIX           12
 **********
 PARAMETER   12  IS CONSTANT.   IGNORED.
 **********
 **   81 **FIX           16
 **********
 **********
 **   82 **MIGRAD
 **********
 START MIGRAD MINIMIZATION.  STRATEGY  1.  CONVERGENCE WHEN EDM .LT. 1.00e-04
 FCN=42.9171 FROM MIGRAD    STATUS=INITIATE       38 CALLS        4849 TOTAL
                     EDM= unknown      STRATEGY= 1      NO ERROR MATRIX       
  EXT PARAMETER               CURRENT GUESS       STEP         FIRST   
  NO.   NAME      VALUE            ERROR          SIZE      DERIVATIVE 
   1  N0           3.61634e+06     fixed    
   2  tau          6.44109e+01   constant   
   3  A0           3.53139e-01     fixed    
   4  phi          4.12377e+00     fixed    
   5  R           -6.03373e+01   constant   
   6  alpha_CBO    2.87412e-03     fixed    
   7  w_CBO        2.32500e+00   constant   
   8  beta_CBO    -1.95356e-03     fixed    
   9  alpha_2CBO  -5.47600e-04     fixed    
  10  beta_2CBO    1.14443e-04     fixed    
  11  alpha_y     -2.00567e-03     fixed    
  12  w_y          1.38860e+01   constant   
  13  beta_y      -6.52801e-04   1.27680e-03   0.00000e+00  -3.19567e+01
  14  alpha_vw     0.00000e+00   1.00000e-03   0.00000e+00   8.31329e+02
  15  w_vw         1.43404e+01   constant   
  16  beta_vw      0.00000e+00     fixed    
  17  LM           1.86654e-04   constant   
  18  zeta_y       0.00000e+00   constant   
  19  zeta_vw      0.00000e+00   constant   
  20  T_CBO        1.85766e+01   7.67125e-01   0.00000e+00   1.40938e-01
  21  alpha_A0     2.60249e+06   1.41421e+00   3.06570e+01   8.50840e-13
  22  beta_A0      9.86372e+06   1.41421e+00   0.00000e+00  -2.39607e-10
  23  alpha_phi   -7.46157e+06   1.41421e+00   0.00000e+00   2.66884e-11
  24  beta_phi    -1.07020e+06   1.41421e+00   0.00000e+00   4.62043e-11
 MIGRAD MINIMIZATION HAS CONVERGED.
 MIGRAD WILL VERIFY CONVERGENCE AND ERROR MATRIX.
 COVARIANCE MATRIX CALCULATED SUCCESSFULLY
 FCN=42.6359 FROM MIGRAD    STATUS=CONVERGED     136 CALLS        4947 TOTAL
                     EDM=2.1221e-06    STRATEGY= 1      ERROR MATRIX ACCURATE 
  EXT PARAMETER                                   STEP         FIRST   
  NO.   NAME      VALUE            ERROR          SIZE      DERIVATIVE 
   1  N0           3.61634e+06     fixed    
   2  tau          6.44109e+01   constant   
   3  A0           3.53139e-01     fixed    
   4  phi          4.12377e+00     fixed    
   5  R           -6.03373e+01   constant   
   6  alpha_CBO    2.87412e-03     fixed    
   7  w_CBO        2.32500e+00   constant   
   8  beta_CBO    -1.95356e-03     fixed    
   9  alpha_2CBO  -5.47600e-04     fixed    
  10  beta_2CBO    1.14443e-04     fixed    
  11  alpha_y     -2.00567e-03     fixed    
  12  w_y          1.38860e+01   constant   
  13  beta_y      -6.54864e-04   1.27858e-03   4.12068e-06  -1.26542e+00
  14  alpha_vw    -6.76698e-04   1.27673e-03   4.11477e-06   1.92487e-02
  15  w_vw         1.43404e+01   constant   
  16  beta_vw      0.00000e+00     fixed    
  17  LM           1.86654e-04   constant   
  18  zeta_y       0.00000e+00   constant   
  19  zeta_vw      0.00000e+00   constant   
  20  T_CBO        1.85800e+01   7.54173e-01   1.80596e-05   2.30324e-01
  21  alpha_A0     2.61186e+06   1.41421e+00   1.86839e+01  -5.89472e-10
  22  beta_A0      9.88231e+06   1.41421e+00   1.86839e+01  -7.42208e-11
  23  alpha_phi   -7.40140e+06   1.41421e+00   1.86839e+01  -3.58212e-11
  24  beta_phi    -1.00860e+06   1.41421e+00   1.86839e+01  -7.27604e-11
 EXTERNAL ERROR MATRIX.    NDIM=  25    NPAR=  7    ERR DEF=1
  1.635e-06  6.469e-08  5.901e-06 -3.682e-12 -1.966e-12 -3.364e-12 -4.195e-12 
  6.469e-08  1.630e-06 -3.316e-06 -1.997e-12 -1.011e-12 -1.706e-12 -2.981e-12 
  5.901e-06 -3.316e-06  5.688e-01 -3.181e-08 -1.079e-07  7.671e-08  1.659e-08 
 -3.682e-12 -1.997e-12 -3.181e-08  2.000e+00 -4.338e-14 -6.682e-15  1.975e-15 
 -1.966e-12 -1.011e-12 -1.079e-07 -4.338e-14  2.000e+00 -1.321e-14 -4.963e-16 
 -3.364e-12 -1.706e-12  7.671e-08 -6.682e-15 -1.321e-14  2.000e+00 -1.919e-16 
 -4.195e-12 -2.981e-12  1.659e-08  1.975e-15 -4.963e-16 -1.919e-16  2.000e+00 
 PARAMETER  CORRELATION COEFFICIENTS  
       NO.  GLOBAL     13     14     20     21     22     23     24
       13  0.04012   1.000  0.040  0.006 -0.000 -0.000 -0.000 -0.000
       14  0.03980   0.040  1.000 -0.003 -0.000 -0.000 -0.000 -0.000
       20  0.00715   0.006 -0.003  1.000 -0.000 -0.000  0.000  0.000
       21  0.00000  -0.000 -0.000 -0.000  1.000 -0.000 -0.000  0.000
       22  0.00000  -0.000 -0.000 -0.000 -0.000  1.000 -0.000 -0.000
       23  0.00000  -0.000 -0.000  0.000 -0.000 -0.000  1.000 -0.000
