 + ++++++++++++++++++++++++++++++++++++++++++++++++++++++++++++++++++++ +
 +                                                                      +
 +           You have chose to blind your fitting according to          +
 +                omega_ref * (1 + (R +/- deltaR) *10^{-6})             +
 +                                                                      +
 + ++++++++++++++++++++++++++++++++++++++++++++++++++++++++++++++++++++ +
In main()...
reading format from /gm2data/zkhechad/run45/envelope/formats/formatB_sBin_constraintOn.txt
pBinTau 	= 0  
pBinPhi 	= 0  
constraintau 	= 1 
includeMopTerm 	= 0    
constrainMop    = 0   
Parameters after format file: pBinTau 0 pBinPhi 0 constraintau 1 includeMopTerm 0 constrainMop 0 c_e_scale 0.000000 
Opening file /gm2data/tbarrett/gm2fr/studies/run23_bunch_corrections/CorrectedFourier_Run3b.root.
reading full fit data from /gm2data/zkhechad/cboTemplates/Run4CBOTemplates/templateFits0_v2.0/noRF/sBin_constraintOn_cE0.0_seed0_noRF_calo8.root
windowBins = 69
fitting sliding window 718 from bin 854 at 127.267600 to bin 923 at 137.711600 (69 bins)

Reading data from /gm2data/cornell/histograms/aMethod/histogram_a_noRF.root
 **********
 **    1 **SET PRINTOUT            1
 **********
 **********
 **    2 **SET NOWARNINGS 
 **********
 PARAMETER DEFINITIONS:
    NO.   NAME         VALUE      STEP SIZE      LIMITS
     1 N0           2.93665e+06  1.00000e+02     no limits
     2 tau          6.43896e+01  constant
     3 A0           3.52922e-01  1.00000e-04     no limits
     4 phi          4.11506e+00  1.00000e-02     no limits
     5 R           -6.12649e+01  constant
     6 alpha_CBO    0.00000e+00  1.00000e-03     no limits
     7 w_CBO        2.32500e+00  constant
     8 beta_CBO     0.00000e+00  1.00000e-03     no limits
     9 alpha_2CBO   0.00000e+00  1.00000e-03     no limits
    10 beta_2CBO    0.00000e+00  1.00000e-03     no limits
    11 alpha_y      0.00000e+00  1.00000e-03     no limits
    12 w_y          1.44500e+01  constant
    13 beta_y       0.00000e+00  1.00000e-03     no limits
    14 alpha_vw     0.00000e+00  1.00000e-03     no limits
    15 w_vw         1.29000e+01  constant
    16 beta_vw      0.00000e+00  1.00000e-03     no limits
    17 LM          -3.89610e-04  constant
    18 zeta_y       0.00000e+00  constant
    19 zeta_vw      0.00000e+00  constant
    20 T_CBO        1.00000e+02  1.00000e+00    0.00000e+00  1.00000e+03
    21 alpha_A0     0.00000e+00  1.00000e-03     no limits
    22 beta_A0      0.00000e+00  1.00000e-03     no limits
    23 alpha_phi    0.00000e+00  1.00000e-03     no limits
    24 beta_phi     0.00000e+00  1.00000e-03     no limits
MINUIT - FIT ONLY WIGGLE
 **********
 **    3 **FIX            5
 **********
 PARAMETER    5  IS CONSTANT.   IGNORED.
 **********
 **    4 **FIX            6
 **********
 **********
 **    5 **FIX            7
 **********
 PARAMETER    7  IS CONSTANT.   IGNORED.
 **********
 **    6 **FIX            8
 **********
 **********
 **    7 **FIX            9
 **********
 **********
 **    8 **FIX           10
 **********
 **********
 **    9 **FIX           11
 **********
 **********
 **   10 **FIX           12
 **********
 PARAMETER   12  IS CONSTANT.   IGNORED.
 **********
 **   11 **FIX           13
 **********
 **********
 **   12 **FIX           14
 **********
 **********
 **   13 **FIX           15
 **********
 PARAMETER   15  IS CONSTANT.   IGNORED.
 **********
 **   14 **FIX           16
 **********
 **********
 **   15 **MIGRAD
 **********
 FIRST CALL TO USER FUNCTION AT NEW START POINT, WITH IFLAG=4.
 START MIGRAD MINIMIZATION.  STRATEGY  1.  CONVERGENCE WHEN EDM .LT. 1.00e-04
 FCN=1484.04 FROM MIGRAD    STATUS=INITIATE      437 CALLS         438 TOTAL
                     EDM= unknown      STRATEGY= 1      NO ERROR MATRIX       
  EXT PARAMETER               CURRENT GUESS       STEP         FIRST   
  NO.   NAME      VALUE            ERROR          SIZE      DERIVATIVE 
   1  N0           2.93665e+06   1.00000e+02   0.00000e+00  -5.59617e-03
   2  tau          6.43896e+01   constant   
   3  A0           3.52922e-01   1.00000e-04   0.00000e+00  -9.12106e+04
   4  phi          4.11506e+00   1.00000e-02   0.00000e+00  -1.50062e+04
   5  R           -6.12649e+01   constant   
   6  alpha_CBO    0.00000e+00     fixed    
   7  w_CBO        2.32500e+00   constant   
   8  beta_CBO     0.00000e+00     fixed    
   9  alpha_2CBO   0.00000e+00     fixed    
  10  beta_2CBO    0.00000e+00     fixed    
  11  alpha_y      0.00000e+00     fixed    
  12  w_y          1.44500e+01   constant   
  13  beta_y       0.00000e+00     fixed    
  14  alpha_vw     0.00000e+00     fixed    
  15  w_vw         1.29000e+01   constant   
  16  beta_vw      0.00000e+00     fixed    
  17  LM          -3.89610e-04   constant   
  18  zeta_y       0.00000e+00   constant   
  19  zeta_vw      0.00000e+00   constant   
  20  T_CBO        1.00000e+02   1.00000e+00   0.00000e+00   0.00000e+00
  21  alpha_A0     0.00000e+00   1.00000e-03   0.00000e+00   7.11979e+02
  22  beta_A0      0.00000e+00   1.00000e-03   0.00000e+00  -3.78221e+03
  23  alpha_phi    0.00000e+00   1.00000e-03   0.00000e+00  -9.97059e+02
  24  beta_phi     0.00000e+00   1.00000e-03   0.00000e+00   1.36087e+03
 CALL LIMIT EXCEEDED IN MIGRAD.
 MIGRAD TERMINATED WITHOUT CONVERGENCE.
 FCN=1392.09 FROM MIGRAD    STATUS=CALL LIMIT   1322 CALLS        1323 TOTAL
                     EDM=0.000124469    STRATEGY= 1  ERROR MATRIX UNCERTAINTY   1.1 per cent
  EXT PARAMETER                APPROXIMATE        STEP         FIRST   
  NO.   NAME      VALUE            ERROR          SIZE      DERIVATIVE 
   1  N0           2.93716e+06   3.41149e+02  -1.07426e+00  -1.74594e-05
   2  tau          6.43896e+01   constant   
   3  A0           3.54103e-01   1.49448e-04  -1.73835e-06  -5.13369e+01
   4  phi          4.11611e+00   4.37942e-04   2.64895e-06   2.16540e+01
   5  R           -6.12649e+01   constant   
   6  alpha_CBO    0.00000e+00     fixed    
   7  w_CBO        2.32500e+00   constant   
   8  beta_CBO     0.00000e+00     fixed    
   9  alpha_2CBO   0.00000e+00     fixed    
  10  beta_2CBO    0.00000e+00     fixed    
  11  alpha_y      0.00000e+00     fixed    
  12  w_y          1.44500e+01   constant   
  13  beta_y       0.00000e+00     fixed    
  14  alpha_vw     0.00000e+00     fixed    
  15  w_vw         1.29000e+01   constant   
  16  beta_vw      0.00000e+00     fixed    
  17  LM          -3.89610e-04   constant   
  18  zeta_y       0.00000e+00   constant   
  19  zeta_vw      0.00000e+00   constant   
  20  T_CBO        9.96058e+02   5.76569e+02   2.09923e-01  -2.50691e-03
  21  alpha_A0    -1.13205e-03   8.36353e-04   7.50841e-06   1.53000e+01
  22  beta_A0      3.44471e-03   1.37604e-03  -6.94827e-06  -1.29341e+01
  23  alpha_phi    1.93155e-03   1.08468e-03  -5.40107e-06  -2.08536e+00
  24  beta_phi    -1.38967e-03   8.72402e-04   1.67076e-06   5.67762e+00
 EXTERNAL ERROR MATRIX.    NDIM=  25    NPAR=  8    ERR DEF=1
  1.164e+05  2.159e-03  1.595e-02 -1.269e+03 -3.160e-02 -4.292e-02 -3.552e-02  5.790e-02 
  2.159e-03  2.233e-08 -1.289e-09 -3.971e-03  3.081e-10 -9.656e-09  1.579e-08 -3.844e-09 
  1.595e-02 -1.289e-09  1.918e-07  1.157e-02 -4.496e-09 -2.302e-08 -3.164e-08  8.204e-09 
 -1.269e+03 -3.971e-03  1.157e-02  5.307e+05  2.388e-01 -6.813e-01 -4.000e-01  2.889e-01 
 -3.160e-02  3.081e-10 -4.496e-09  2.388e-01  6.995e-07 -3.710e-07 -2.899e-07  1.809e-07 
 -4.292e-02 -9.656e-09 -2.302e-08 -6.813e-01 -3.710e-07  1.893e-06  7.079e-07 -4.974e-07 
 -3.552e-02  1.579e-08 -3.164e-08 -4.000e-01 -2.899e-07  7.079e-07  1.177e-06 -4.013e-07 
  5.790e-02 -3.844e-09  8.204e-09  2.889e-01  1.809e-07 -4.974e-07 -4.013e-07  7.611e-07 
ERR MATRIX APPROXIMATE
 PARAMETER  CORRELATION COEFFICIENTS  
       NO.  GLOBAL      1      3      4     20     21     22     23     24
        1  0.30701   1.000  0.042  0.107 -0.005 -0.111 -0.091 -0.096  0.195
        3  0.16474   0.042  1.000 -0.020 -0.036  0.002 -0.047  0.097 -0.029
        4  0.12793   0.107 -0.020  1.000  0.036 -0.012 -0.038 -0.067  0.021
       20  0.74160  -0.005 -0.036  0.036  1.000  0.392 -0.680 -0.506  0.455
       21  0.44556  -0.111  0.002 -0.012  0.392  1.000 -0.322 -0.320  0.248
       22  0.70991  -0.091 -0.047 -0.038 -0.680 -0.322  1.000  0.474 -0.414
       23  0.59051  -0.096  0.097 -0.067 -0.506 -0.320  0.474  1.000 -0.424
       24  0.54588   0.195 -0.029  0.021  0.455  0.248 -0.414 -0.424  1.000
 ERR MATRIX APPROXIMATE
MINUIT - FIT ONLY 1-CBO + wiggle
 **********
 **   16 **RES 
 **********
                   PARAMETER   16  beta_vw RESTORED TO VARIABLE.
                   PARAMETER   14  alpha_vw RESTORED TO VARIABLE.
                   PARAMETER   13  beta_y RESTORED TO VARIABLE.
                   PARAMETER   11  alpha_y RESTORED TO VARIABLE.
                   PARAMETER   10  beta_2CBO RESTORED TO VARIABLE.
                   PARAMETER    9  alpha_2CBO RESTORED TO VARIABLE.
                   PARAMETER    8  beta_CBO RESTORED TO VARIABLE.
                   PARAMETER    6  alpha_CBO RESTORED TO VARIABLE.
 **********
 **   17 **FIX            8
 **********
 **********
 **   18 **FIX            9
 **********
 **********
 **   19 **FIX           11
 **********
 **********
 **   20 **FIX           12
 **********
 PARAMETER   12  IS CONSTANT.   IGNORED.
 **********
 **   21 **FIX           14
 **********
 **********
 **   22 **FIX           15
 **********
 PARAMETER   15  IS CONSTANT.   IGNORED.
 **********
 **   23 **FIX           16
 **********
 **********
 **   24 **MIGRAD
 **********
 START MIGRAD MINIMIZATION.  STRATEGY  1.  CONVERGENCE WHEN EDM .LT. 1.00e-04
 FCN=1392.09 FROM MIGRAD    STATUS=INITIATE       28 CALLS        1351 TOTAL
                     EDM= unknown      STRATEGY= 1      NO ERROR MATRIX       
  EXT PARAMETER               CURRENT GUESS       STEP         FIRST   
  NO.   NAME      VALUE            ERROR          SIZE      DERIVATIVE 
   1  N0           2.93716e+06   3.41149e+02  -1.07426e+00  -1.74594e-05
   2  tau          6.43896e+01   constant   
   3  A0           3.54103e-01   1.49448e-04  -1.73835e-06  -5.13369e+01
   4  phi          4.11611e+00   4.37942e-04   2.64895e-06   2.16540e+01
   5  R           -6.12649e+01   constant   
   6  alpha_CBO    0.00000e+00   1.00000e-03   1.00000e-03  -3.47451e+05
   7  w_CBO        2.32500e+00   constant   
   8  beta_CBO     0.00000e+00     fixed    
   9  alpha_2CBO   0.00000e+00     fixed    
  10  beta_2CBO    0.00000e+00   1.00000e-03   1.00000e-03  -1.80673e+04
  11  alpha_y      0.00000e+00     fixed    
  12  w_y          1.44500e+01   constant   
  13  beta_y       0.00000e+00   1.00000e-03   1.00000e-03   1.06418e+04
  14  alpha_vw     0.00000e+00     fixed    
  15  w_vw         1.29000e+01   constant   
  16  beta_vw      0.00000e+00     fixed    
  17  LM          -3.89610e-04   constant   
  18  zeta_y       0.00000e+00   constant   
  19  zeta_vw      0.00000e+00   constant   
  20  T_CBO        9.96058e+02   5.76569e+02   2.09923e-01  -2.46504e-03
  21  alpha_A0    -1.13205e-03   8.36353e-04   7.50841e-06   1.53000e+01
  22  beta_A0      3.44471e-03   1.37604e-03  -6.94827e-06  -1.29341e+01
  23  alpha_phi    1.93155e-03   1.08468e-03  -5.40107e-06  -2.08536e+00
  24  beta_phi    -1.38967e-03   8.72402e-04   1.67076e-06   5.67762e+00
 MIGRAD MINIMIZATION HAS CONVERGED.
 FCN=456.115 FROM MIGRAD    STATUS=CONVERGED     202 CALLS        1525 TOTAL
                     EDM=1.86556e-06    STRATEGY= 1  ERROR MATRIX UNCERTAINTY   1.9 per cent
  EXT PARAMETER                                   STEP         FIRST   
  NO.   NAME      VALUE            ERROR          SIZE      DERIVATIVE 
   1  N0           2.93720e+06   3.69508e+02   7.38042e-01   1.76653e-06
   2  tau          6.43896e+01   constant   
   3  A0           3.53807e-01   1.59867e-04   6.68004e-07   7.09560e-01
   4  phi          4.11377e+00   4.74169e-04  -3.08691e-07  -2.40151e+00
   5  R           -6.12649e+01   constant   
   6  alpha_CBO    5.36023e-03   1.75549e-04  -6.11162e-08   4.25729e-02
   7  w_CBO        2.32500e+00   constant   
   8  beta_CBO     0.00000e+00     fixed    
   9  alpha_2CBO   0.00000e+00     fixed    
  10  beta_2CBO    4.14088e-04   1.68753e-04   5.14923e-07   2.86657e+00
  11  alpha_y      0.00000e+00     fixed    
  12  w_y          1.44500e+01   constant   
  13  beta_y      -1.79469e-04   1.65758e-04  -5.39727e-08  -2.49900e+00
  14  alpha_vw     0.00000e+00     fixed    
  15  w_vw         1.29000e+01   constant   
  16  beta_vw      0.00000e+00     fixed    
  17  LM          -3.89610e-04   constant   
  18  zeta_y       0.00000e+00   constant   
  19  zeta_vw      0.00000e+00   constant   
  20  T_CBO        9.99956e+02   9.76621e+02  -3.91996e-03   6.86902e-04
  21  alpha_A0     1.43012e-03   7.40480e-04  -1.06423e-06   1.11540e+00
  22  beta_A0      3.39878e-03   7.71603e-04   5.17726e-08   7.37679e-01
  23  alpha_phi    4.82818e-03   7.98268e-04   3.46024e-07  -1.40702e+00
  24  beta_phi    -8.40646e-04   6.72089e-04  -1.95584e-07  -2.03536e-01
 EXTERNAL ERROR MATRIX.    NDIM=  25    NPAR= 11    ERR DEF=1
  1.365e+05 
  5.305e-03  2.556e-08 
  3.041e-02 -3.696e-09  2.248e-07 
 -1.791e-05 -1.830e-09 -1.352e-08  3.082e-08 
  1.242e-03  1.389e-09 -3.780e-09  8.964e-10  2.848e-08 
 -1.014e-04 -1.746e-10  8.695e-10 -2.136e-10 -1.608e-10  2.748e-08 
 -1.961e+02 -4.942e-04  5.992e-04  1.978e-05 -3.225e-04  5.005e-05  3.222e+02 
 -3.912e-02 -1.310e-08  3.259e-09  1.573e-08 -8.782e-09  1.122e-09  2.154e-03  5.483e-07 
 -3.754e-02 -3.735e-09 -3.468e-08  2.414e-10 -1.684e-09 -2.105e-10  1.481e-03  1.735e-08  5.954e-07 
 -2.737e-02  2.312e-08 -4.358e-08  1.532e-08  1.861e-08 -2.911e-09  1.412e-03 -3.662e-08  5.586e-08  6.372e-07 
  5.033e-02 -6.903e-09  2.195e-08  3.459e-09 -3.509e-09  6.752e-10  9.433e-04  1.672e-08 -5.342e-08 -4.142e-08  4.517e-07 
 PARAMETER  CORRELATION COEFFICIENTS  
       NO.  GLOBAL      1      3      4      6     10     13     20     21     22     23     24
        1  0.34085   1.000  0.090  0.174 -0.000  0.020 -0.002 -0.030 -0.143 -0.132 -0.093  0.203
        3  0.30696   0.090  1.000 -0.049 -0.065  0.051 -0.007 -0.172 -0.111 -0.030  0.181 -0.064
        4  0.28277   0.174 -0.049  1.000 -0.162 -0.047  0.011  0.070  0.009 -0.095 -0.115  0.069
        6  0.25224  -0.000 -0.065 -0.162  1.000  0.030 -0.007  0.006  0.121  0.002  0.109  0.029
       10  0.19327   0.020  0.051 -0.047  0.030  1.000 -0.006 -0.106 -0.070 -0.013  0.138 -0.031
       13  0.03112  -0.002 -0.007  0.011 -0.007 -0.006  1.000  0.017  0.009 -0.002 -0.022  0.006
       20  0.31782  -0.030 -0.172  0.070  0.006 -0.106  0.017  1.000  0.162  0.107  0.099  0.078
       21  0.27646  -0.143 -0.111  0.009  0.121 -0.070  0.009  0.162  1.000  0.030 -0.062  0.034
       22  0.21414  -0.132 -0.030 -0.095  0.002 -0.013 -0.002  0.107  0.030  1.000  0.091 -0.103
       23  0.33863  -0.093  0.181 -0.115  0.109  0.138 -0.022  0.099 -0.062  0.091  1.000 -0.077
       24  0.25609   0.203 -0.064  0.069  0.029 -0.031  0.006  0.078  0.034 -0.103 -0.077  1.000
MINUIT - FIT ONLY 2-CBO
 **********
 **   25 **RES 
 **********
                   PARAMETER   16  beta_vw RESTORED TO VARIABLE.
                   PARAMETER   14  alpha_vw RESTORED TO VARIABLE.
                   PARAMETER   11  alpha_y RESTORED TO VARIABLE.
                   PARAMETER    9  alpha_2CBO RESTORED TO VARIABLE.
                   PARAMETER    8  beta_CBO RESTORED TO VARIABLE.
 **********
 **   26 **FIX            0
 **********
 PARAMETER    0  IS UNDEFINED. IGNORED.
 **********
 **   27 **FIX            1
 **********
 **********
 **   28 **FIX            2
 **********
 PARAMETER    2  IS CONSTANT.   IGNORED.
 **********
 **   29 **FIX            3
 **********
 **********
 **   30 **FIX            4
 **********
 **********
 **   31 **FIX            5
 **********
 PARAMETER    5  IS CONSTANT.   IGNORED.
 **********
 **   32 **FIX            6
 **********
 **********
 **   33 **FIX            7
 **********
 PARAMETER    7  IS CONSTANT.   IGNORED.
 **********
 **   34 **FIX           10
 **********
 **********
 **   35 **FIX           11
 **********
 **********
 **   36 **FIX           12
 **********
 PARAMETER   12  IS CONSTANT.   IGNORED.
 **********
 **   37 **FIX           13
 **********
 **********
 **   38 **FIX           14
 **********
 **********
 **   39 **FIX           15
 **********
 PARAMETER   15  IS CONSTANT.   IGNORED.
 **********
 **   40 **FIX           16
 **********
 **********
 **   41 **MIGRAD
 **********
 START MIGRAD MINIMIZATION.  STRATEGY  1.  CONVERGENCE WHEN EDM .LT. 1.00e-04
 FCN=456.115 FROM MIGRAD    STATUS=INITIATE       18 CALLS        1543 TOTAL
                     EDM= unknown      STRATEGY= 1      NO ERROR MATRIX       
  EXT PARAMETER               CURRENT GUESS       STEP         FIRST   
  NO.   NAME      VALUE            ERROR          SIZE      DERIVATIVE 
   1  N0           2.93720e+06     fixed    
   2  tau          6.43896e+01   constant   
   3  A0           3.53807e-01     fixed    
   4  phi          4.11377e+00     fixed    
   5  R           -6.12649e+01   constant   
   6  alpha_CBO    5.36023e-03     fixed    
   7  w_CBO        2.32500e+00   constant   
   8  beta_CBO     0.00000e+00   1.00000e-03   1.00000e-03   2.24334e+05
   9  alpha_2CBO   0.00000e+00   1.00000e-03   1.00000e-03  -2.57859e+04
  10  beta_2CBO    4.14088e-04     fixed    
  11  alpha_y      0.00000e+00     fixed    
  12  w_y          1.44500e+01   constant   
  13  beta_y      -1.79469e-04     fixed    
  14  alpha_vw     0.00000e+00     fixed    
  15  w_vw         1.29000e+01   constant   
  16  beta_vw      0.00000e+00     fixed    
  17  LM          -3.89610e-04   constant   
  18  zeta_y       0.00000e+00   constant   
  19  zeta_vw      0.00000e+00   constant   
  20  T_CBO        9.99956e+02   9.76621e+02  -3.91996e-03  -6.86754e-04
  21  alpha_A0     1.43012e-03   7.40480e-04  -1.06423e-06   1.11541e+00
  22  beta_A0      3.39878e-03   7.71603e-04   5.17726e-08   7.37668e-01
  23  alpha_phi    4.82818e-03   7.98268e-04   3.46024e-07  -1.40702e+00
  24  beta_phi    -8.40646e-04   6.72089e-04  -1.95584e-07  -2.03534e-01
 MIGRAD MINIMIZATION HAS CONVERGED.
 MIGRAD WILL VERIFY CONVERGENCE AND ERROR MATRIX.
 COVARIANCE MATRIX CALCULATED SUCCESSFULLY
 FCN=92.3956 FROM MIGRAD    STATUS=CONVERGED     150 CALLS        1675 TOTAL
                     EDM=1.24687e-06    STRATEGY= 1      ERROR MATRIX ACCURATE 
  EXT PARAMETER                                   STEP         FIRST   
  NO.   NAME      VALUE            ERROR          SIZE      DERIVATIVE 
   1  N0           2.93720e+06     fixed    
   2  tau          6.43896e+01   constant   
   3  A0           3.53807e-01     fixed    
   4  phi          4.11377e+00     fixed    
   5  R           -6.12649e+01   constant   
   6  alpha_CBO    5.36023e-03     fixed    
   7  w_CBO        2.32500e+00   constant   
   8  beta_CBO    -3.18676e-03   1.68251e-04   7.72370e-07   3.98775e-01
   9  alpha_2CBO   4.87192e-04   1.72284e-04   7.92397e-07   1.41627e+00
  10  beta_2CBO    4.14088e-04     fixed    
  11  alpha_y      0.00000e+00     fixed    
  12  w_y          1.44500e+01   constant   
  13  beta_y      -1.79469e-04     fixed    
  14  alpha_vw     0.00000e+00     fixed    
  15  w_vw         1.29000e+01   constant   
  16  beta_vw      0.00000e+00     fixed    
  17  LM          -3.89610e-04   constant   
  18  zeta_y       0.00000e+00   constant   
  19  zeta_vw      0.00000e+00   constant   
  20  T_CBO        9.99999e+02   5.32727e+02   2.64037e-02   1.04908e-04
  21  alpha_A0     1.28118e-03   7.20787e-04   3.35681e-06  -5.51890e-02
  22  beta_A0      9.87042e-04   7.58456e-04   3.49201e-06   2.41576e-01
  23  alpha_phi    4.14838e-03   7.60026e-04   3.55377e-06  -1.89286e+00
  24  beta_phi    -2.76107e-03   6.72739e-04   3.08924e-06   1.88584e-01
 EXTERNAL ERROR MATRIX.    NDIM=  25    NPAR=  7    ERR DEF=1
  2.831e-08 -9.243e-10  2.367e-08 -5.309e-10  2.270e-08  5.175e-09  1.492e-08 
 -9.243e-10  2.968e-08 -1.691e-08 -1.633e-08  9.073e-09 -8.013e-09 -1.863e-08 
  2.367e-08 -1.691e-08  2.530e+01  3.578e-05  2.838e-05  1.190e-04 -7.900e-05 
 -5.309e-10 -1.633e-08  3.578e-05  5.195e-07 -5.249e-09 -3.322e-08  3.982e-08 
  2.270e-08  9.073e-09  2.838e-05 -5.249e-09  5.753e-07  4.490e-08 -3.081e-08 
  5.175e-09 -8.013e-09  1.190e-04 -3.322e-08  4.490e-08  5.776e-07 -1.581e-08 
  1.492e-08 -1.863e-08 -7.900e-05  3.982e-08 -3.081e-08 -1.581e-08  4.526e-07 
 PARAMETER  CORRELATION COEFFICIENTS  
       NO.  GLOBAL      8      9     20     21     22     23     24
        8  0.23154   1.000 -0.032  0.000 -0.004  0.178  0.040  0.132
        9  0.22359  -0.032  1.000 -0.000 -0.131  0.069 -0.061 -0.161
       20  0.04089   0.000 -0.000  1.000  0.010  0.007  0.031 -0.023
       21  0.16118  -0.004 -0.131  0.010  1.000 -0.010 -0.061  0.082
       22  0.21917   0.178  0.069  0.007 -0.010  1.000  0.078 -0.060
       23  0.13467   0.040 -0.061  0.031 -0.061  0.078  1.000 -0.031
       24  0.23027   0.132 -0.161 -0.023  0.082 -0.060 -0.031  1.000
MINUIT - FIT wiggle + 1-CBO + 2-CBO
 **********
 **   42 **RES 
 **********
                   PARAMETER   16  beta_vw RESTORED TO VARIABLE.
                   PARAMETER   14  alpha_vw RESTORED TO VARIABLE.
                   PARAMETER   13  beta_y RESTORED TO VARIABLE.
                   PARAMETER   11  alpha_y RESTORED TO VARIABLE.
                   PARAMETER   10  beta_2CBO RESTORED TO VARIABLE.
                   PARAMETER    6  alpha_CBO RESTORED TO VARIABLE.
                   PARAMETER    4  phi RESTORED TO VARIABLE.
                   PARAMETER    3  A0 RESTORED TO VARIABLE.
                   PARAMETER    1  N0 RESTORED TO VARIABLE.
 **********
 **   43 **FIX           10
 **********
 **********
 **   44 **FIX           11
 **********
 **********
 **   45 **FIX           12
 **********
 PARAMETER   12  IS CONSTANT.   IGNORED.
 **********
 **   46 **FIX           13
 **********
 **********
 **   47 **FIX           14
 **********
 **********
 **   48 **FIX           15
 **********
 PARAMETER   15  IS CONSTANT.   IGNORED.
 **********
 **   49 **FIX           16
 **********
 **********
 **   50 **MIGRAD
 **********
 START MIGRAD MINIMIZATION.  STRATEGY  1.  CONVERGENCE WHEN EDM .LT. 1.00e-04
 FCN=92.3956 FROM MIGRAD    STATUS=INITIATE       22 CALLS        1697 TOTAL
                     EDM= unknown      STRATEGY= 1      NO ERROR MATRIX       
  EXT PARAMETER               CURRENT GUESS       STEP         FIRST   
  NO.   NAME      VALUE            ERROR          SIZE      DERIVATIVE 
   1  N0           2.93720e+06   3.69508e+02   3.69508e+02   3.32401e-03
   2  tau          6.43896e+01   constant   
   3  A0           3.53807e-01   1.59867e-04   1.59867e-04   5.40943e+04
   4  phi          4.11377e+00   4.74169e-04   4.74169e-04  -9.01255e+03
   5  R           -6.12649e+01   constant   
   6  alpha_CBO    5.36023e-03   1.75549e-04   1.75549e-04   6.00815e+01
   7  w_CBO        2.32500e+00   constant   
   8  beta_CBO    -3.18676e-03   1.68251e-04   7.72370e-07   3.98785e-01
   9  alpha_2CBO   4.87192e-04   1.72284e-04   7.92397e-07   1.41626e+00
  10  beta_2CBO    4.14088e-04     fixed    
  11  alpha_y      0.00000e+00     fixed    
  12  w_y          1.44500e+01   constant   
  13  beta_y      -1.79469e-04     fixed    
  14  alpha_vw     0.00000e+00     fixed    
  15  w_vw         1.29000e+01   constant   
  16  beta_vw      0.00000e+00     fixed    
  17  LM          -3.89610e-04   constant   
  18  zeta_y       0.00000e+00   constant   
  19  zeta_vw      0.00000e+00   constant   
  20  T_CBO        9.99999e+02   5.32727e+02   2.64037e-02  -1.05217e-04
  21  alpha_A0     1.28118e-03   7.20787e-04   3.35681e-06  -5.51428e-02
  22  beta_A0      9.87042e-04   7.58456e-04   3.49201e-06   2.41591e-01
  23  alpha_phi    4.14838e-03   7.60026e-04   3.55377e-06  -1.89286e+00
  24  beta_phi    -2.76107e-03   6.72739e-04   3.08924e-06   1.88582e-01
 MIGRAD MINIMIZATION HAS CONVERGED.
 MIGRAD WILL VERIFY CONVERGENCE AND ERROR MATRIX.
 COVARIANCE MATRIX CALCULATED SUCCESSFULLY
 FCN=66.4441 FROM MIGRAD    STATUS=CONVERGED     268 CALLS        1943 TOTAL
                     EDM=2.92074e-07    STRATEGY= 1      ERROR MATRIX ACCURATE 
  EXT PARAMETER                                   STEP         FIRST   
  NO.   NAME      VALUE            ERROR          SIZE      DERIVATIVE 
   1  N0           2.93692e+06   3.70166e+02   1.40043e+00   4.77932e-07
   2  tau          6.43896e+01   constant   
   3  A0           3.53054e-01   1.62323e-04   6.14413e-07   6.00387e-03
   4  phi          4.11490e+00   4.73183e-04   1.96214e-06   9.03464e-02
   5  R           -6.12649e+01   constant   
   6  alpha_CBO    5.34832e-03   1.75694e-04   6.81310e-07   4.25928e-01
   7  w_CBO        2.32500e+00   constant   
   8  beta_CBO    -3.41823e-03   1.74302e-04   6.56395e-07  -8.32112e-01
   9  alpha_2CBO   4.89029e-04   1.72903e-04   6.73418e-07  -3.58290e-01
  10  beta_2CBO    4.14088e-04     fixed    
  11  alpha_y      0.00000e+00     fixed    
  12  w_y          1.44500e+01   constant   
  13  beta_y      -1.79469e-04     fixed    
  14  alpha_vw     0.00000e+00     fixed    
  15  w_vw         1.29000e+01   constant   
  16  beta_vw      0.00000e+00     fixed    
  17  LM          -3.89610e-04   constant   
  18  zeta_y       0.00000e+00   constant   
  19  zeta_vw      0.00000e+00   constant   
  20  T_CBO        1.00000e+03   6.55613e+02   4.91881e-02** at limit **
  21  alpha_A0     1.73294e-03   7.39857e-04   2.85689e-06  -4.65457e-01
  22  beta_A0      5.80739e-04   7.73522e-04   2.97096e-06   3.67006e-01
  23  alpha_phi    3.40188e-03   7.88175e-04   3.02630e-06  -2.71022e-01
  24  beta_phi    -2.73488e-03   6.90911e-04   2.63085e-06  -8.15852e-01
 EXTERNAL ERROR MATRIX.    NDIM=  25    NPAR= 11    ERR DEF=1
  1.370e+05 
  6.659e-03  2.635e-08 
  2.819e-02 -6.577e-09  2.239e-07 
  8.680e-05 -1.870e-09 -1.364e-08  3.087e-08 
  2.874e-03  6.631e-09 -1.053e-08  2.960e-10  3.038e-08 
  2.011e-03 -8.263e-10 -3.770e-09  1.646e-09 -9.157e-10  2.990e-08 
 -1.431e-01 -2.720e-07  1.435e-07 -4.237e-08 -5.623e-08 -1.212e-08  1.823e+00 
 -4.128e-02 -1.330e-08  5.935e-09  1.489e-08 -4.618e-09 -1.612e-08  4.299e-05  5.474e-07 
 -3.586e-02  8.339e-09 -5.315e-08  1.301e-09  2.619e-08  9.077e-09  1.460e-05 -1.335e-09  5.983e-07 
 -2.791e-02  2.095e-08 -5.053e-08  1.448e-08  1.185e-08 -7.876e-09  8.439e-05 -2.854e-08  6.862e-08  6.212e-07 
  5.164e-02 -1.363e-09  1.629e-08  2.820e-09  1.503e-08 -1.774e-08 -6.782e-05  2.618e-08 -4.751e-08 -3.193e-08  4.774e-07 
 PARAMETER  CORRELATION COEFFICIENTS  
       NO.  GLOBAL      1      3      4      6      8      9     20     21     22     23     24
        1  0.35350   1.000  0.111  0.161  0.001  0.045  0.031 -0.000 -0.151 -0.125 -0.096  0.202
        3  0.33015   0.111  1.000 -0.086 -0.066  0.234 -0.029 -0.001 -0.111  0.066  0.164 -0.012
        4  0.31033   0.161 -0.086  1.000 -0.164 -0.128 -0.046  0.000  0.017 -0.145 -0.136  0.050
        6  0.25462   0.001 -0.066 -0.164  1.000  0.010  0.054 -0.000  0.115  0.010  0.105  0.023
        8  0.34360   0.045  0.234 -0.128  0.010  1.000 -0.030 -0.000 -0.036  0.194  0.086  0.125
        9  0.23798   0.031 -0.029 -0.046  0.054 -0.030  1.000 -0.000 -0.126  0.068 -0.058 -0.149
       20  0.12187  -0.000 -0.001  0.000 -0.000 -0.000 -0.000  1.000  0.043  0.014  0.079 -0.073
       21  0.26968  -0.151 -0.111  0.017  0.115 -0.036 -0.126  0.043  1.000 -0.002 -0.049  0.051
       22  0.28737  -0.125  0.066 -0.145  0.010  0.194  0.068  0.014 -0.002  1.000  0.113 -0.089
       23  0.28838  -0.096  0.164 -0.136  0.105  0.086 -0.058  0.079 -0.049  0.113  1.000 -0.059
       24  0.31353   0.202 -0.012  0.050  0.023  0.125 -0.149 -0.073  0.051 -0.089 -0.059  1.000
MINUIT - FIT ONLY 1-y
 **********
 **   51 **RES 
 **********
                   PARAMETER   16  beta_vw RESTORED TO VARIABLE.
                   PARAMETER   14  alpha_vw RESTORED TO VARIABLE.
                   PARAMETER   13  beta_y RESTORED TO VARIABLE.
                   PARAMETER   11  alpha_y RESTORED TO VARIABLE.
                   PARAMETER   10  beta_2CBO RESTORED TO VARIABLE.
 **********
 **   52 **FIX            0
 **********
 PARAMETER    0  IS UNDEFINED. IGNORED.
 **********
 **   53 **FIX            1
 **********
 **********
 **   54 **FIX            2
 **********
 PARAMETER    2  IS CONSTANT.   IGNORED.
 **********
 **   55 **FIX            3
 **********
 **********
 **   56 **FIX            4
 **********
 **********
 **   57 **FIX            5
 **********
 PARAMETER    5  IS CONSTANT.   IGNORED.
 **********
 **   58 **FIX            6
 **********
 **********
 **   59 **FIX            7
 **********
 PARAMETER    7  IS CONSTANT.   IGNORED.
 **********
 **   60 **FIX            8
 **********
 **********
 **   61 **FIX            9
 **********
 **********
 **   62 **FIX           13
 **********
 **********
 **   63 **FIX           14
 **********
 **********
 **   64 **FIX           15
 **********
 PARAMETER   15  IS CONSTANT.   IGNORED.
 **********
 **   65 **FIX           16
 **********
 **********
 **   66 **MIGRAD
 **********
 START MIGRAD MINIMIZATION.  STRATEGY  1.  CONVERGENCE WHEN EDM .LT. 1.00e-04
 FCN=66.4441 FROM MIGRAD    STATUS=INITIATE       16 CALLS        1959 TOTAL
                     EDM= unknown      STRATEGY= 1      NO ERROR MATRIX       
  EXT PARAMETER               CURRENT GUESS       STEP         FIRST   
  NO.   NAME      VALUE            ERROR          SIZE      DERIVATIVE 
   1  N0           2.93692e+06     fixed    
   2  tau          6.43896e+01   constant   
   3  A0           3.53054e-01     fixed    
   4  phi          4.11490e+00     fixed    
   5  R           -6.12649e+01   constant   
   6  alpha_CBO    5.34832e-03     fixed    
   7  w_CBO        2.32500e+00   constant   
   8  beta_CBO    -3.41823e-03     fixed    
   9  alpha_2CBO   4.89029e-04     fixed    
  10  beta_2CBO    4.14088e-04   1.68753e-04   1.68753e-04   4.55217e+03
  11  alpha_y      0.00000e+00   1.00000e-03   1.00000e-03  -2.47200e+04
  12  w_y          1.44500e+01   constant   
  13  beta_y      -1.79469e-04     fixed    
  14  alpha_vw     0.00000e+00     fixed    
  15  w_vw         1.29000e+01   constant   
  16  beta_vw      0.00000e+00     fixed    
  17  LM          -3.89610e-04   constant   
  18  zeta_y       0.00000e+00   constant   
  19  zeta_vw      0.00000e+00   constant   
  20  T_CBO        9.99999e+02   6.55613e+02   4.91881e-02  -3.09378e-05
  21  alpha_A0     1.73294e-03   7.39857e-04   2.85689e-06  -4.66566e-01
  22  beta_A0      5.80739e-04   7.73522e-04   2.97096e-06   3.66973e-01
  23  alpha_phi    3.40188e-03   7.88175e-04   3.02630e-06  -2.72497e-01
  24  beta_phi    -2.73488e-03   6.90911e-04   2.63085e-06  -8.14298e-01
 MIGRAD MINIMIZATION HAS CONVERGED.
 MIGRAD WILL VERIFY CONVERGENCE AND ERROR MATRIX.
 COVARIANCE MATRIX CALCULATED SUCCESSFULLY
 FCN=61.9877 FROM MIGRAD    STATUS=CONVERGED     112 CALLS        2055 TOTAL
                     EDM=8.66313e-06    STRATEGY= 1      ERROR MATRIX ACCURATE 
  EXT PARAMETER                                   STEP         FIRST   
  NO.   NAME      VALUE            ERROR          SIZE      DERIVATIVE 
   1  N0           2.93692e+06     fixed    
   2  tau          6.43896e+01   constant   
   3  A0           3.53054e-01     fixed    
   4  phi          4.11490e+00     fixed    
   5  R           -6.12649e+01   constant   
   6  alpha_CBO    5.34832e-03     fixed    
   7  w_CBO        2.32500e+00   constant   
   8  beta_CBO    -3.41823e-03     fixed    
   9  alpha_2CBO   4.89029e-04     fixed    
  10  beta_2CBO    3.50220e-04   1.68954e-04   6.41388e-07   3.16049e+00
  11  alpha_y      3.48794e-04   1.68027e-04   6.50871e-07   8.41492e-01
  12  w_y          1.44500e+01   constant   
  13  beta_y      -1.79469e-04     fixed    
  14  alpha_vw     0.00000e+00     fixed    
  15  w_vw         1.29000e+01   constant   
  16  beta_vw      0.00000e+00     fixed    
  17  LM          -3.89610e-04   constant   
  18  zeta_y       0.00000e+00   constant   
  19  zeta_vw      0.00000e+00   constant   
  20  T_CBO        1.00000e+03   5.39055e+02   4.56399e-02** at limit **
  21  alpha_A0     1.77113e-03   7.18658e-04   2.76087e-06   1.43094e+00
  22  beta_A0      5.92975e-04   7.48225e-04   2.87112e-06  -6.67575e-01
  23  alpha_phi    3.37960e-03   7.71144e-04   2.92456e-06   5.05931e+00
  24  beta_phi    -2.69360e-03   6.62458e-04   2.54243e-06   1.54193e+00
 EXTERNAL ERROR MATRIX.    NDIM=  25    NPAR=  7    ERR DEF=1
  2.855e-08  8.213e-11  3.848e-10 -9.702e-09 -1.144e-08  2.016e-08 -5.394e-09 
  8.213e-11  2.823e-08  2.354e-10  1.267e-09 -1.099e-09  1.784e-09  2.312e-09 
  3.848e-10  2.354e-10  5.627e-04  7.597e-07  2.598e-07  1.461e-06 -1.159e-06 
 -9.702e-09  1.267e-09  7.597e-07  5.165e-07  4.534e-09 -4.313e-08  3.067e-08 
 -1.144e-08 -1.099e-09  2.598e-07  4.534e-09  5.598e-07  3.580e-08 -3.547e-08 
  2.016e-08  1.784e-09  1.461e-06 -4.313e-08  3.580e-08  5.947e-07 -2.968e-08 
 -5.394e-09  2.312e-09 -1.159e-06  3.067e-08 -3.547e-08 -2.968e-08  4.389e-07 
 PARAMETER  CORRELATION COEFFICIENTS  
       NO.  GLOBAL     10     11     20     21     22     23     24
       10  0.20090   1.000  0.003  0.000 -0.080 -0.090  0.155 -0.048
       11  0.02889   0.003  1.000  0.000  0.010 -0.009  0.014  0.021
       20  0.11984   0.000  0.000  1.000  0.045  0.015  0.080 -0.074
       21  0.13122  -0.080  0.010  0.045  1.000  0.008 -0.078  0.064
       22  0.13964  -0.090 -0.009  0.015  0.008  1.000  0.062 -0.072
       23  0.20554   0.155  0.014  0.080 -0.078  0.062  1.000 -0.058
       24  0.13852  -0.048  0.021 -0.074  0.064 -0.072 -0.058  1.000
MINUIT - FIT ONLY 2-y
 **********
 **   67 **RES 
 **********
                   PARAMETER   16  beta_vw RESTORED TO VARIABLE.
                   PARAMETER   14  alpha_vw RESTORED TO VARIABLE.
                   PARAMETER   13  beta_y RESTORED TO VARIABLE.
                   PARAMETER    9  alpha_2CBO RESTORED TO VARIABLE.
                   PARAMETER    8  beta_CBO RESTORED TO VARIABLE.
                   PARAMETER    6  alpha_CBO RESTORED TO VARIABLE.
                   PARAMETER    4  phi RESTORED TO VARIABLE.
                   PARAMETER    3  A0 RESTORED TO VARIABLE.
                   PARAMETER    1  N0 RESTORED TO VARIABLE.
 **********
 **   68 **FIX            0
 **********
 PARAMETER    0  IS UNDEFINED. IGNORED.
 **********
 **   69 **FIX            1
 **********
 **********
 **   70 **FIX            2
 **********
 PARAMETER    2  IS CONSTANT.   IGNORED.
 **********
 **   71 **FIX            3
 **********
 **********
 **   72 **FIX            4
 **********
 **********
 **   73 **FIX            5
 **********
 PARAMETER    5  IS CONSTANT.   IGNORED.
 **********
 **   74 **FIX            6
 **********
 **********
 **   75 **FIX            7
 **********
 PARAMETER    7  IS CONSTANT.   IGNORED.
 **********
 **   76 **FIX            8
 **********
 **********
 **   77 **FIX            9
 **********
 **********
 **   78 **FIX           10
 **********
 **********
 **   79 **FIX           11
 **********
 **********
 **   80 **FIX           12
 **********
 PARAMETER   12  IS CONSTANT.   IGNORED.
 **********
 **   81 **FIX           16
 **********
 **********
 **   82 **MIGRAD
 **********
 START MIGRAD MINIMIZATION.  STRATEGY  1.  CONVERGENCE WHEN EDM .LT. 1.00e-04
 FCN=61.9877 FROM MIGRAD    STATUS=INITIATE       16 CALLS        2071 TOTAL
                     EDM= unknown      STRATEGY= 1      NO ERROR MATRIX       
  EXT PARAMETER               CURRENT GUESS       STEP         FIRST   
  NO.   NAME      VALUE            ERROR          SIZE      DERIVATIVE 
   1  N0           2.93692e+06     fixed    
   2  tau          6.43896e+01   constant   
   3  A0           3.53054e-01     fixed    
   4  phi          4.11490e+00     fixed    
   5  R           -6.12649e+01   constant   
   6  alpha_CBO    5.34832e-03     fixed    
   7  w_CBO        2.32500e+00   constant   
   8  beta_CBO    -3.41823e-03     fixed    
   9  alpha_2CBO   4.89029e-04     fixed    
  10  beta_2CBO    3.50220e-04     fixed    
  11  alpha_y      3.48794e-04     fixed    
  12  w_y          1.44500e+01   constant   
  13  beta_y      -1.79469e-04   1.65758e-04   1.65758e-04   2.54893e+02
  14  alpha_vw     0.00000e+00   1.00000e-03   1.00000e-03  -1.91762e+04
  15  w_vw         1.29000e+01   constant   
  16  beta_vw      0.00000e+00     fixed    
  17  LM          -3.89610e-04   constant   
  18  zeta_y       0.00000e+00   constant   
  19  zeta_vw      0.00000e+00   constant   
  20  T_CBO        9.99999e+02   5.39055e+02   4.56399e-02  -2.79489e-05
  21  alpha_A0     1.77113e-03   7.18658e-04   2.76087e-06   1.42989e+00
  22  beta_A0      5.92975e-04   7.48225e-04   2.87112e-06  -6.67646e-01
  23  alpha_phi    3.37960e-03   7.71144e-04   2.92456e-06   5.05782e+00
  24  beta_phi    -2.69360e-03   6.62458e-04   2.54243e-06   1.54349e+00
 MIGRAD MINIMIZATION HAS CONVERGED.
 MIGRAD WILL VERIFY CONVERGENCE AND ERROR MATRIX.
 COVARIANCE MATRIX CALCULATED SUCCESSFULLY
 FCN=59.3936 FROM MIGRAD    STATUS=CONVERGED     112 CALLS        2167 TOTAL
                     EDM=1.52521e-06    STRATEGY= 1      ERROR MATRIX ACCURATE 
  EXT PARAMETER                                   STEP         FIRST   
  NO.   NAME      VALUE            ERROR          SIZE      DERIVATIVE 
   1  N0           2.93692e+06     fixed    
   2  tau          6.43896e+01   constant   
   3  A0           3.53054e-01     fixed    
   4  phi          4.11490e+00     fixed    
   5  R           -6.12649e+01   constant   
   6  alpha_CBO    5.34832e-03     fixed    
   7  w_CBO        2.32500e+00   constant   
   8  beta_CBO    -3.41823e-03     fixed    
   9  alpha_2CBO   4.89029e-04     fixed    
  10  beta_2CBO    3.50220e-04     fixed    
  11  alpha_y      3.48794e-04     fixed    
  12  w_y          1.44500e+01   constant   
  13  beta_y      -1.52121e-04   1.66683e-04   6.28173e-07   6.83774e+00
  14  alpha_vw     2.70914e-04   1.68214e-04   6.33758e-07   2.76948e-02
  15  w_vw         1.29000e+01   constant   
  16  beta_vw      0.00000e+00     fixed    
  17  LM          -3.89610e-04   constant   
  18  zeta_y       0.00000e+00   constant   
  19  zeta_vw      0.00000e+00   constant   
  20  T_CBO        1.00000e+03   6.17804e+02   4.20131e-02** at limit **
  21  alpha_A0     1.78091e-03   7.16246e-04   2.70346e-06  -5.27420e-01
  22  beta_A0      5.84659e-04   7.45141e-04   2.81140e-06   8.31384e-01
  23  alpha_phi    3.33858e-03   7.61762e-04   2.86374e-06   5.22341e-01
  24  beta_phi    -2.70338e-03   6.61189e-04   2.48953e-06  -1.42119e+00
 EXTERNAL ERROR MATRIX.    NDIM=  25    NPAR=  7    ERR DEF=1
  2.778e-08  3.211e-09 -2.514e-10  1.408e-09 -7.413e-10 -2.993e-09  2.069e-10 
  3.211e-09  2.830e-08 -1.124e-09  1.083e-09 -9.183e-10 -4.193e-09 -9.451e-10 
 -2.514e-10 -1.124e-09  3.737e-02  5.505e-06  1.851e-06  1.039e-05 -8.391e-06 
  1.408e-09  1.083e-09  5.505e-06  5.130e-07  5.653e-10 -3.707e-08  2.903e-08 
 -7.413e-10 -9.183e-10  1.851e-06  5.653e-10  5.552e-07  4.397e-08 -3.740e-08 
 -2.993e-09 -4.193e-09  1.039e-05 -3.707e-08  4.397e-08  5.803e-07 -2.521e-08 
  2.069e-10 -9.451e-10 -8.391e-06  2.903e-08 -3.740e-08 -2.521e-08  4.372e-07 
 PARAMETER  CORRELATION COEFFICIENTS  
       NO.  GLOBAL     13     14     20     21     22     23     24
       13  0.11668   1.000  0.115 -0.000  0.012 -0.006 -0.024  0.002
       14  0.11912   0.115  1.000 -0.000  0.009 -0.007 -0.033 -0.008
       20  0.10582  -0.000 -0.000  1.000  0.040  0.013  0.071 -0.066
       21  0.10280   0.012  0.009  0.040  1.000  0.001 -0.068  0.061
       22  0.10660  -0.006 -0.007  0.013  0.001  1.000  0.077 -0.076
       23  0.13596  -0.024 -0.033  0.071 -0.068  0.077  1.000 -0.050
       24  0.12415   0.002 -0.008 -0.066  0.061 -0.076 -0.050  1.000
