 + ++++++++++++++++++++++++++++++++++++++++++++++++++++++++++++++++++++ +
 +                                                                      +
 +           You have chose to blind your fitting according to          +
 +                omega_ref * (1 + (R +/- deltaR) *10^{-6})             +
 +                                                                      +
 + ++++++++++++++++++++++++++++++++++++++++++++++++++++++++++++++++++++ +
In main()...
reading format from /gm2data/zkhechad/run45/envelope/formats/formatB_sBin_constraintOn.txt
pBinTau 	= 0  
pBinPhi 	= 0  
constraintau 	= 1 
includeMopTerm 	= 0    
constrainMop    = 0   
Parameters after format file: pBinTau 0 pBinPhi 0 constraintau 1 includeMopTerm 0 constrainMop 0 c_e_scale 0.000000 
Opening file /gm2data/tbarrett/gm2fr/studies/run23_bunch_corrections/CorrectedFourier_Run3b.root.
reading full fit data from /gm2data/zkhechad/cboTemplates/Run4CBOTemplates/fullFits/noRF/sBin_constraintOn_cE0.0_seed0_noRF_calo17.root
windowBins = 69
fitting sliding window 1890 from bin 2026 at 302.130000 to bin 2095 at 312.574000 (69 bins)

Reading data from /gm2data/cornell/histograms/aMethod/histogram_a_noRF.root
 **********
 **    1 **SET PRINTOUT            1
 **********
 **********
 **    2 **SET NOWARNINGS 
 **********
 PARAMETER DEFINITIONS:
    NO.   NAME         VALUE      STEP SIZE      LIMITS
     1 N0           3.18624e+06  1.00000e+02     no limits
     2 tau          6.44064e+01  constant
     3 A0           3.45293e-01  1.00000e-04     no limits
     4 phi          4.12011e+00  1.00000e-02     no limits
     5 R           -6.06001e+01  constant
     6 alpha_CBO    0.00000e+00  1.00000e-03     no limits
     7 w_CBO        2.32500e+00  constant
     8 beta_CBO     0.00000e+00  1.00000e-03     no limits
     9 alpha_2CBO   0.00000e+00  1.00000e-03     no limits
    10 beta_2CBO    0.00000e+00  1.00000e-03     no limits
    11 alpha_y      0.00000e+00  1.00000e-03     no limits
    12 w_y          1.38860e+01  constant
    13 beta_y       0.00000e+00  1.00000e-03     no limits
    14 alpha_vw     0.00000e+00  1.00000e-03     no limits
    15 w_vw         1.43404e+01  constant
    16 beta_vw      0.00000e+00  1.00000e-03     no limits
    17 LM           6.43054e-05  constant
    18 zeta_y       0.00000e+00  constant
    19 zeta_vw      0.00000e+00  constant
    20 T_CBO        1.00000e+02  1.00000e+00    0.00000e+00  1.00000e+03
    21 alpha_A0     0.00000e+00  1.00000e-04   -1.00000e-02  1.00000e-02
    22 beta_A0      0.00000e+00  1.00000e-04   -1.00000e-02  1.00000e-02
    23 alpha_phi    0.00000e+00  1.00000e-04   -1.00000e-02  1.00000e-02
    24 beta_phi     0.00000e+00  1.00000e-04   -1.00000e-02  1.00000e-02
MINUIT - FIT ONLY WIGGLE
 **********
 **    3 **FIX            5
 **********
 PARAMETER    5  IS CONSTANT.   IGNORED.
 **********
 **    4 **FIX            6
 **********
 **********
 **    5 **FIX            7
 **********
 PARAMETER    7  IS CONSTANT.   IGNORED.
 **********
 **    6 **FIX            8
 **********
 **********
 **    7 **FIX            9
 **********
 **********
 **    8 **FIX           10
 **********
 **********
 **    9 **FIX           11
 **********
 **********
 **   10 **FIX           12
 **********
 PARAMETER   12  IS CONSTANT.   IGNORED.
 **********
 **   11 **FIX           13
 **********
 **********
 **   12 **FIX           14
 **********
 **********
 **   13 **FIX           15
 **********
 PARAMETER   15  IS CONSTANT.   IGNORED.
 **********
 **   14 **FIX           16
 **********
 **********
 **   15 **MIGRAD
 **********
 FIRST CALL TO USER FUNCTION AT NEW START POINT, WITH IFLAG=4.
 START MIGRAD MINIMIZATION.  STRATEGY  1.  CONVERGENCE WHEN EDM .LT. 1.00e-04
 FCN=101.068 FROM MIGRAD    STATUS=INITIATE      437 CALLS         438 TOTAL
                     EDM= unknown      STRATEGY= 1      NO ERROR MATRIX       
  EXT PARAMETER               CURRENT GUESS       STEP         FIRST   
  NO.   NAME      VALUE            ERROR          SIZE      DERIVATIVE 
   1  N0           3.18624e+06   1.00000e+02   0.00000e+00  -2.09087e-03
   2  tau          6.44064e+01   constant   
   3  A0           3.45293e-01   1.00000e-04   0.00000e+00   3.41690e+03
   4  phi          4.12011e+00   1.00000e-02   0.00000e+00   8.50424e+02
   5  R           -6.06001e+01   constant   
   6  alpha_CBO    0.00000e+00     fixed    
   7  w_CBO        2.32500e+00   constant   
   8  beta_CBO     0.00000e+00     fixed    
   9  alpha_2CBO   0.00000e+00     fixed    
  10  beta_2CBO    0.00000e+00     fixed    
  11  alpha_y      0.00000e+00     fixed    
  12  w_y          1.38860e+01   constant   
  13  beta_y       0.00000e+00     fixed    
  14  alpha_vw     0.00000e+00     fixed    
  15  w_vw         1.43404e+01   constant   
  16  beta_vw      0.00000e+00     fixed    
  17  LM           6.43054e-05   constant   
  18  zeta_y       0.00000e+00   constant   
  19  zeta_vw      0.00000e+00   constant   
  20  T_CBO        1.00000e+02   1.00000e+00   0.00000e+00   0.00000e+00
  21  alpha_A0     0.00000e+00   1.00000e-04   0.00000e+00   6.69766e-01
  22  beta_A0      0.00000e+00   1.00000e-04   0.00000e+00  -1.41764e-01
  23  alpha_phi    0.00000e+00   1.00000e-04   0.00000e+00   1.88210e-01
  24  beta_phi     0.00000e+00   1.00000e-04   0.00000e+00  -4.02243e-01
 MIGRAD MINIMIZATION HAS CONVERGED.
 FCN=92.9436 FROM MIGRAD    STATUS=CONVERGED     702 CALLS         703 TOTAL
                     EDM=2.31776e-06    STRATEGY= 1  ERROR MATRIX UNCERTAINTY   4.8 per cent
  EXT PARAMETER                                   STEP         FIRST   
  NO.   NAME      VALUE            ERROR          SIZE      DERIVATIVE 
   1  N0           3.18833e+06   1.49042e+03  -1.15210e+01  -6.76673e-07
   2  tau          6.44064e+01   constant   
   3  A0           3.44561e-01   6.03319e-04   2.27667e-09   3.83612e+00
   4  phi          4.11967e+00   1.74874e-03   8.27707e-07   7.86235e-01
   5  R           -6.06001e+01   constant   
   6  alpha_CBO    0.00000e+00     fixed    
   7  w_CBO        2.32500e+00   constant   
   8  beta_CBO     0.00000e+00     fixed    
   9  alpha_2CBO   0.00000e+00     fixed    
  10  beta_2CBO    0.00000e+00     fixed    
  11  alpha_y      0.00000e+00     fixed    
  12  w_y          1.38860e+01   constant   
  13  beta_y       0.00000e+00     fixed    
  14  alpha_vw     0.00000e+00     fixed    
  15  w_vw         1.43404e+01   constant   
  16  beta_vw      0.00000e+00     fixed    
  17  LM           6.43054e-05   constant   
  18  zeta_y       0.00000e+00   constant   
  19  zeta_vw      0.00000e+00   constant   
  20  T_CBO        4.53341e+02   2.62883e+02  -3.54335e-03  -2.97878e-03
  21  alpha_A0    -8.48016e-03   1.42309e-02   5.65288e-03  -3.84194e-04
  22  beta_A0      3.57513e-03   4.30205e-03  -2.99955e-04  -1.90831e-04
  23  alpha_phi    1.80687e-03   4.21620e-03   3.50985e-03  -4.98741e-03
  24  beta_phi     6.04235e-03   4.41079e-03   4.94337e-04  -3.89951e-04
 EXTERNAL ERROR MATRIX.    NDIM=  25    NPAR=  8    ERR DEF=1
  2.221e+06  3.301e-02  4.313e-01  6.971e+04 -7.663e-01 -8.061e-01 -1.925e+00 -7.435e-01 
  3.301e-02  3.640e-07 -5.194e-08 -2.059e-03 -7.227e-08  7.302e-09  4.052e-07 -4.884e-07 
  4.313e-01 -5.194e-08  3.058e-06  8.831e-03  6.047e-07 -3.980e-07 -1.035e-06  7.954e-08 
  6.971e+04 -2.059e-03  8.831e-03  7.670e+04 -7.905e-01  2.063e-01 -8.930e-01 -2.455e-01 
 -7.663e-01 -7.227e-08  6.047e-07 -7.905e-01  2.867e-05 -3.435e-06  9.992e-06  2.482e-06 
 -8.061e-01  7.302e-09 -3.980e-07  2.063e-01 -3.435e-06  1.999e-05 -2.571e-06 -1.427e-06 
 -1.925e+00  4.052e-07 -1.035e-06 -8.930e-01  9.992e-06 -2.571e-06  1.899e-05  4.655e-06 
 -7.435e-01 -4.884e-07  7.954e-08 -2.455e-01  2.482e-06 -1.427e-06  4.655e-06  2.185e-05 
 PARAMETER  CORRELATION COEFFICIENTS  
       NO.  GLOBAL      1      3      4     20     21     22     23     24
        1  0.37418   1.000  0.037  0.165  0.169 -0.096 -0.121 -0.296 -0.107
        3  0.31808   0.037  1.000 -0.049 -0.012 -0.022  0.003  0.154 -0.173
        4  0.24647   0.165 -0.049  1.000  0.018  0.065 -0.051 -0.136  0.010
       20  0.78552   0.169 -0.012  0.018  1.000 -0.533  0.167 -0.740 -0.190
       21  0.54636  -0.096 -0.022  0.065 -0.533  1.000 -0.143  0.428  0.099
       22  0.24575  -0.121  0.003 -0.051  0.167 -0.143  1.000 -0.132 -0.068
       23  0.78970  -0.296  0.154 -0.136 -0.740  0.428 -0.132  1.000  0.229
       24  0.31742  -0.107 -0.173  0.010 -0.190  0.099 -0.068  0.229  1.000
MINUIT - FIT ONLY 1-CBO + wiggle
 **********
 **   16 **RES 
 **********
                   PARAMETER   16  beta_vw RESTORED TO VARIABLE.
                   PARAMETER   14  alpha_vw RESTORED TO VARIABLE.
                   PARAMETER   13  beta_y RESTORED TO VARIABLE.
                   PARAMETER   11  alpha_y RESTORED TO VARIABLE.
                   PARAMETER   10  beta_2CBO RESTORED TO VARIABLE.
                   PARAMETER    9  alpha_2CBO RESTORED TO VARIABLE.
                   PARAMETER    8  beta_CBO RESTORED TO VARIABLE.
                   PARAMETER    6  alpha_CBO RESTORED TO VARIABLE.
 **********
 **   17 **FIX            8
 **********
 **********
 **   18 **FIX            9
 **********
 **********
 **   19 **FIX           11
 **********
 **********
 **   20 **FIX           12
 **********
 PARAMETER   12  IS CONSTANT.   IGNORED.
 **********
 **   21 **FIX           14
 **********
 **********
 **   22 **FIX           15
 **********
 PARAMETER   15  IS CONSTANT.   IGNORED.
 **********
 **   23 **FIX           16
 **********
 **********
 **   24 **MIGRAD
 **********
 START MIGRAD MINIMIZATION.  STRATEGY  1.  CONVERGENCE WHEN EDM .LT. 1.00e-04
 FCN=92.9436 FROM MIGRAD    STATUS=INITIATE       28 CALLS         731 TOTAL
                     EDM= unknown      STRATEGY= 1      NO ERROR MATRIX       
  EXT PARAMETER               CURRENT GUESS       STEP         FIRST   
  NO.   NAME      VALUE            ERROR          SIZE      DERIVATIVE 
   1  N0           3.18833e+06   1.49042e+03  -1.15210e+01  -6.76673e-07
   2  tau          6.44064e+01   constant   
   3  A0           3.44561e-01   6.03319e-04   2.27667e-09   3.83612e+00
   4  phi          4.11967e+00   1.74874e-03   8.27707e-07   7.86235e-01
   5  R           -6.06001e+01   constant   
   6  alpha_CBO    0.00000e+00   1.00000e-03   1.00000e-03  -8.89560e+02
   7  w_CBO        2.32500e+00   constant   
   8  beta_CBO     0.00000e+00     fixed    
   9  alpha_2CBO   0.00000e+00     fixed    
  10  beta_2CBO    0.00000e+00   1.00000e-03   1.00000e-03   5.08962e+03
  11  alpha_y      0.00000e+00     fixed    
  12  w_y          1.38860e+01   constant   
  13  beta_y       0.00000e+00   1.00000e-03   1.00000e-03   1.38666e+03
  14  alpha_vw     0.00000e+00     fixed    
  15  w_vw         1.43404e+01   constant   
  16  beta_vw      0.00000e+00     fixed    
  17  LM           6.43054e-05   constant   
  18  zeta_y       0.00000e+00   constant   
  19  zeta_vw      0.00000e+00   constant   
  20  T_CBO        4.53341e+02   2.62883e+02  -3.54335e-03  -2.97833e-03
  21  alpha_A0    -8.48016e-03   1.42309e-02   5.65288e-03   3.85122e-04
  22  beta_A0      3.57513e-03   4.30205e-03  -2.99955e-04   1.90780e-04
  23  alpha_phi    1.80687e-03   4.21620e-03   3.50985e-03   4.98740e-03
  24  beta_phi     6.04235e-03   4.41079e-03   4.94337e-04  -3.90040e-04
 MIGRAD MINIMIZATION HAS CONVERGED.
 MIGRAD WILL VERIFY CONVERGENCE AND ERROR MATRIX.
 FCN=89.9324 FROM HESSE     STATUS=NOT POSDEF    100 CALLS         949 TOTAL
                     EDM=0.000806138    STRATEGY= 1      ERR MATRIX NOT POS-DEF
  EXT PARAMETER                APPROXIMATE        STEP         FIRST   
  NO.   NAME      VALUE            ERROR          SIZE      DERIVATIVE 
   1  N0           3.18832e+06   1.51793e+03   6.45259e+00  -5.23254e-07
   2  tau          6.44064e+01   constant   
   3  A0           3.44694e-01   6.38092e-04   2.80633e-06   5.99036e-01
   4  phi          4.11974e+00   1.79871e-03   8.13803e-06   9.76391e-01
   5  R           -6.06001e+01   constant   
   6  alpha_CBO    2.26694e-04   6.54199e-04   2.89940e-06  -2.95704e+00
   7  w_CBO        2.32500e+00   constant   
   8  beta_CBO     0.00000e+00     fixed    
   9  alpha_2CBO   0.00000e+00     fixed    
  10  beta_2CBO   -1.07408e-03   6.45919e-04   2.94253e-06  -7.53352e-01
  11  alpha_y      0.00000e+00     fixed    
  12  w_y          1.38860e+01   constant   
  13  beta_y      -2.56283e-04   6.28226e-04   2.93586e-06   7.09827e-01
  14  alpha_vw     0.00000e+00     fixed    
  15  w_vw         1.43404e+01   constant   
  16  beta_vw      0.00000e+00     fixed    
  17  LM           6.43054e-05   constant   
  18  zeta_y       0.00000e+00   constant   
  19  zeta_vw      0.00000e+00   constant   
  20  T_CBO        4.42628e+02   5.13060e+02   2.79249e-03  -8.18701e-04
  21  alpha_A0    -9.19908e-03   1.86343e-02   5.85274e-03  -2.32729e-03
  22  beta_A0      3.27100e-03   1.56550e-02   2.47218e-03   3.18189e-03
  23  alpha_phi    1.92425e-03   1.57907e-02   2.31733e-03   5.12260e-04
  24  beta_phi     4.39452e-03   1.26589e-02   2.60364e-03   4.02584e-04
 MIGRAD MINIMIZATION HAS CONVERGED.
 MIGRAD WILL VERIFY CONVERGENCE AND ERROR MATRIX.
 COVARIANCE MATRIX CALCULATED SUCCESSFULLY
 MIGRAD TERMINATED WITHOUT CONVERGENCE.
 FCN=89.9322 FROM MIGRAD    STATUS=FAILED        419 CALLS        1122 TOTAL
                     EDM=0.000525387    STRATEGY= 1      ERR MATRIX APPROXIMATE
  EXT PARAMETER                APPROXIMATE        STEP         FIRST   
  NO.   NAME      VALUE            ERROR          SIZE      DERIVATIVE 
   1  N0           3.18832e+06   1.52675e+03   6.45258e+00  -1.96779e-07
   2  tau          6.44064e+01   constant   
   3  A0           3.44694e-01   6.41744e-04   2.80633e-06  -1.75064e+00
   4  phi          4.11974e+00   1.79779e-03   8.13801e-06   1.13654e+00
   5  R           -6.06001e+01   constant   
   6  alpha_CBO    2.27182e-04   6.57490e-04   2.89941e-06  -5.73238e+00
   7  w_CBO        2.32500e+00   constant   
   8  beta_CBO     0.00000e+00     fixed    
   9  alpha_2CBO   0.00000e+00     fixed    
  10  beta_2CBO   -1.07393e-03   6.49126e-04   2.94253e-06  -1.90796e+00
  11  alpha_y      0.00000e+00     fixed    
  12  w_y          1.38860e+01   constant   
  13  beta_y      -2.56361e-04   6.31089e-04   2.93586e-06   4.89941e-01
  14  alpha_vw     0.00000e+00     fixed    
  15  w_vw         1.43404e+01   constant   
  16  beta_vw      0.00000e+00     fixed    
  17  LM           6.43054e-05   constant   
  18  zeta_y       0.00000e+00   constant   
  19  zeta_vw      0.00000e+00   constant   
  20  T_CBO        4.63040e+02   7.52487e+02   2.98392e-03  -2.52368e-02
  21  alpha_A0    -8.88248e-03   1.05261e-02   4.96963e-03   1.28684e-02
  22  beta_A0      3.16370e-03   1.57745e-02   2.41027e-03  -1.44419e-03
  23  alpha_phi    1.86174e-03   7.41215e-03   2.26156e-03   1.43040e-03
  24  beta_phi     4.25555e-03   1.69863e-02   2.52831e-03  -5.08938e-03
 EXTERNAL ERROR MATRIX.    NDIM=  25    NPAR= 11    ERR DEF=1
  2.331e+06 
  4.754e-02  4.118e-07 
  5.320e-01 -4.424e-08  3.232e-06 
  4.497e-02  1.059e-07  2.321e-08  4.323e-07 
  1.492e-02 -3.184e-08 -2.789e-08 -1.494e-08  4.214e-07 
 -7.616e-03 -7.678e-09  1.027e-08  3.844e-09 -7.075e-09  3.983e-07 
 -6.424e+04 -1.678e-02 -2.351e-01 -1.919e-02 -2.050e-02  2.100e-03  6.211e+06 
 -7.978e-01  1.047e-07 -3.693e-06  4.059e-07  7.703e-08  5.090e-09  7.776e+01  9.973e-04 
  1.831e+00  6.029e-08  1.849e-06  3.076e-08  2.290e-07 -2.540e-08 -2.853e+01 -3.583e-04  1.560e-04 
  2.019e+00 -3.992e-07  1.605e-06  9.026e-08  1.038e-08  5.898e-08 -1.677e+01 -2.127e-04  7.911e-05  7.053e-05 
  3.035e-01 -5.366e-07  1.571e-06 -1.434e-07  7.273e-07  5.218e-08 -3.789e+01 -4.743e-04  1.750e-04  1.058e-04  2.571e-04 
ERR MATRIX APPROXIMATE
 PARAMETER  CORRELATION COEFFICIENTS  
       NO.  GLOBAL      1      3      4      6     10     13     20     21     22     23     24
        1  0.35509   1.000  0.049  0.194  0.045  0.015 -0.008 -0.017 -0.017  0.096  0.157  0.012
        3  0.34342   0.049  1.000 -0.038  0.251 -0.076 -0.019 -0.010  0.005  0.008 -0.074 -0.052
        4  0.23420   0.194 -0.038  1.000  0.020 -0.024  0.009 -0.052 -0.065  0.082  0.106  0.055
        6  0.32097   0.045  0.251  0.020  1.000 -0.035  0.009 -0.012  0.020  0.004  0.016 -0.014
       10  0.22843   0.015 -0.076 -0.024 -0.035  1.000 -0.017 -0.013  0.004  0.028  0.002  0.070
       13  0.04204  -0.008 -0.019  0.009  0.009 -0.017  1.000  0.001  0.000 -0.003  0.011  0.005
       20  0.99140  -0.017 -0.010 -0.052 -0.012 -0.013  0.001  1.000  0.988 -0.917 -0.801 -0.948
       21  0.98888  -0.017  0.005 -0.065  0.020  0.004  0.000  0.988  1.000 -0.908 -0.802 -0.937
       22  0.92077   0.096  0.008  0.082  0.004  0.028 -0.003 -0.917 -0.908  1.000  0.754  0.874
       23  0.82567   0.157 -0.074  0.106  0.016  0.002  0.011 -0.801 -0.802  0.754  1.000  0.786
       24  0.95273   0.012 -0.052  0.055 -0.014  0.070  0.005 -0.948 -0.937  0.874  0.786  1.000
 ERR MATRIX APPROXIMATE
MINUIT - FIT ONLY 2-CBO
 **********
 **   25 **RES 
 **********
                   PARAMETER   16  beta_vw RESTORED TO VARIABLE.
                   PARAMETER   14  alpha_vw RESTORED TO VARIABLE.
                   PARAMETER   11  alpha_y RESTORED TO VARIABLE.
                   PARAMETER    9  alpha_2CBO RESTORED TO VARIABLE.
                   PARAMETER    8  beta_CBO RESTORED TO VARIABLE.
 **********
 **   26 **FIX            0
 **********
 PARAMETER    0  IS UNDEFINED. IGNORED.
 **********
 **   27 **FIX            1
 **********
 **********
 **   28 **FIX            2
 **********
 PARAMETER    2  IS CONSTANT.   IGNORED.
 **********
 **   29 **FIX            3
 **********
 **********
 **   30 **FIX            4
 **********
 **********
 **   31 **FIX            5
 **********
 PARAMETER    5  IS CONSTANT.   IGNORED.
 **********
 **   32 **FIX            6
 **********
 **********
 **   33 **FIX            7
 **********
 PARAMETER    7  IS CONSTANT.   IGNORED.
 **********
 **   34 **FIX           10
 **********
 **********
 **   35 **FIX           11
 **********
 **********
 **   36 **FIX           12
 **********
 PARAMETER   12  IS CONSTANT.   IGNORED.
 **********
 **   37 **FIX           13
 **********
 **********
 **   38 **FIX           14
 **********
 **********
 **   39 **FIX           15
 **********
 PARAMETER   15  IS CONSTANT.   IGNORED.
 **********
 **   40 **FIX           16
 **********
 **********
 **   41 **MIGRAD
 **********
 START MIGRAD MINIMIZATION.  STRATEGY  1.  CONVERGENCE WHEN EDM .LT. 1.00e-04
 FCN=89.9322 FROM MIGRAD    STATUS=INITIATE       18 CALLS        1140 TOTAL
                     EDM= unknown      STRATEGY= 1      NO ERROR MATRIX       
  EXT PARAMETER               CURRENT GUESS       STEP         FIRST   
  NO.   NAME      VALUE            ERROR          SIZE      DERIVATIVE 
   1  N0           3.18832e+06     fixed    
   2  tau          6.44064e+01   constant   
   3  A0           3.44694e-01     fixed    
   4  phi          4.11974e+00     fixed    
   5  R           -6.06001e+01   constant   
   6  alpha_CBO    2.27182e-04     fixed    
   7  w_CBO        2.32500e+00   constant   
   8  beta_CBO     0.00000e+00   1.00000e-03   1.00000e-03  -1.81468e+04
   9  alpha_2CBO   0.00000e+00   1.00000e-03   1.00000e-03  -5.78941e+03
  10  beta_2CBO   -1.07393e-03     fixed    
  11  alpha_y      0.00000e+00     fixed    
  12  w_y          1.38860e+01   constant   
  13  beta_y      -2.56361e-04     fixed    
  14  alpha_vw     0.00000e+00     fixed    
  15  w_vw         1.43404e+01   constant   
  16  beta_vw      0.00000e+00     fixed    
  17  LM           6.43054e-05   constant   
  18  zeta_y       0.00000e+00   constant   
  19  zeta_vw      0.00000e+00   constant   
  20  T_CBO        4.63040e+02   7.52487e+02   2.98392e-03  -2.52651e-02
  21  alpha_A0    -8.88248e-03   1.05261e-02   4.96963e-03   1.29080e-02
  22  beta_A0      3.16370e-03   1.57745e-02   2.41027e-03  -1.45112e-03
  23  alpha_phi    1.86174e-03   7.41215e-03   2.26156e-03   1.42646e-03
  24  beta_phi     4.25555e-03   1.69863e-02   2.52831e-03  -5.09915e-03
 MIGRAD MINIMIZATION HAS CONVERGED.
 MIGRAD WILL VERIFY CONVERGENCE AND ERROR MATRIX.
 COVARIANCE MATRIX CALCULATED SUCCESSFULLY
 FCN=50.0998 FROM MIGRAD    STATUS=CONVERGED     423 CALLS        1545 TOTAL
                     EDM=1.18279e-05    STRATEGY= 1      ERROR MATRIX ACCURATE 
  EXT PARAMETER                                   STEP         FIRST   
  NO.   NAME      VALUE            ERROR          SIZE      DERIVATIVE 
   1  N0           3.18832e+06     fixed    
   2  tau          6.44064e+01   constant   
   3  A0           3.44694e-01     fixed    
   4  phi          4.11974e+00     fixed    
   5  R           -6.06001e+01   constant   
   6  alpha_CBO    2.27182e-04     fixed    
   7  w_CBO        2.32500e+00   constant   
   8  beta_CBO     3.94042e-03   6.54231e-04   2.24803e-06  -2.39621e+00
   9  alpha_2CBO   1.40614e-03   6.49902e-04   2.21384e-06   2.19403e+00
  10  beta_2CBO   -1.07393e-03     fixed    
  11  alpha_y      0.00000e+00     fixed    
  12  w_y          1.38860e+01   constant   
  13  beta_y      -2.56361e-04     fixed    
  14  alpha_vw     0.00000e+00     fixed    
  15  w_vw         1.43404e+01   constant   
  16  beta_vw      0.00000e+00     fixed    
  17  LM           6.43054e-05   constant   
  18  zeta_y       0.00000e+00   constant   
  19  zeta_vw      0.00000e+00   constant   
  20  T_CBO        9.99820e+02   9.98759e+02   4.30648e-02  -2.05104e-04
  21  alpha_A0    -6.58267e-03   3.22627e-03   1.53504e-03   4.18059e-03
  22  beta_A0      4.19536e-03   3.40333e-03   1.31398e-03  -3.73663e-03
  23  alpha_phi    2.07433e-03   3.33693e-03   1.18276e-03   4.55163e-04
  24  beta_phi     5.04599e-03   3.36688e-03   1.37925e-03   3.88169e-03
 EXTERNAL ERROR MATRIX.    NDIM=  25    NPAR=  7    ERR DEF=1
  4.280e-07  2.006e-08  4.444e-06 -3.974e-08  3.143e-07 -2.759e-08  1.972e-07 
  2.006e-08  4.224e-07  6.707e-06  7.598e-09 -2.901e-07  3.537e-07  9.208e-08 
  4.444e-06  6.707e-06  4.479e+04  1.780e-02 -1.148e-02 -5.641e-03 -1.361e-02 
 -3.974e-08  7.598e-09  1.780e-02  1.112e-05 -5.545e-07 -1.177e-06  1.081e-07 
  3.143e-07 -2.901e-07 -1.148e-02 -5.545e-07  1.217e-05  1.275e-07  5.019e-07 
 -2.759e-08  3.537e-07 -5.641e-03 -1.177e-06  1.275e-07  1.160e-05  1.499e-06 
  1.972e-07  9.208e-08 -1.361e-02  1.081e-07  5.019e-07  1.499e-06  1.196e-05 
 PARAMETER  CORRELATION COEFFICIENTS  
       NO.  GLOBAL      8      9     20     21     22     23     24
        8  0.17569   1.000  0.047  0.000 -0.018  0.138 -0.012  0.087
        9  0.21808   0.047  1.000  0.000  0.004 -0.128  0.160  0.041
       20  0.03463   0.000  0.000  1.000  0.025 -0.016 -0.008 -0.019
       21  0.12063  -0.018  0.004  0.025  1.000 -0.048 -0.104  0.009
       22  0.20285   0.138 -0.128 -0.016 -0.048  1.000  0.011  0.042
       23  0.23010  -0.012  0.160 -0.008 -0.104  0.011  1.000  0.127
       24  0.16204   0.087  0.041 -0.019  0.009  0.042  0.127  1.000
MINUIT - FIT wiggle + 1-CBO + 2-CBO
 **********
 **   42 **RES 
 **********
                   PARAMETER   16  beta_vw RESTORED TO VARIABLE.
                   PARAMETER   14  alpha_vw RESTORED TO VARIABLE.
                   PARAMETER   13  beta_y RESTORED TO VARIABLE.
                   PARAMETER   11  alpha_y RESTORED TO VARIABLE.
                   PARAMETER   10  beta_2CBO RESTORED TO VARIABLE.
                   PARAMETER    6  alpha_CBO RESTORED TO VARIABLE.
                   PARAMETER    4  phi RESTORED TO VARIABLE.
                   PARAMETER    3  A0 RESTORED TO VARIABLE.
                   PARAMETER    1  N0 RESTORED TO VARIABLE.
 **********
 **   43 **FIX           10
 **********
 **********
 **   44 **FIX           11
 **********
 **********
 **   45 **FIX           12
 **********
 PARAMETER   12  IS CONSTANT.   IGNORED.
 **********
 **   46 **FIX           13
 **********
 **********
 **   47 **FIX           14
 **********
 **********
 **   48 **FIX           15
 **********
 PARAMETER   15  IS CONSTANT.   IGNORED.
 **********
 **   49 **FIX           16
 **********
 **********
 **   50 **MIGRAD
 **********
 START MIGRAD MINIMIZATION.  STRATEGY  1.  CONVERGENCE WHEN EDM .LT. 1.00e-04
 FCN=50.0998 FROM MIGRAD    STATUS=INITIATE       22 CALLS        1567 TOTAL
                     EDM= unknown      STRATEGY= 1      NO ERROR MATRIX       
  EXT PARAMETER               CURRENT GUESS       STEP         FIRST   
  NO.   NAME      VALUE            ERROR          SIZE      DERIVATIVE 
   1  N0           3.18832e+06   1.52675e+03   1.52675e+03   5.57915e-04
   2  tau          6.44064e+01   constant   
   3  A0           3.44694e-01   6.41744e-04   6.41744e-04   1.34668e+03
   4  phi          4.11974e+00   1.79779e-03   1.79779e-03  -1.41576e+03
   5  R           -6.06001e+01   constant   
   6  alpha_CBO    2.27182e-04   6.57490e-04   6.57490e-04  -4.51585e+02
   7  w_CBO        2.32500e+00   constant   
   8  beta_CBO     3.94042e-03   6.54231e-04   2.24803e-06  -2.39621e+00
   9  alpha_2CBO   1.40614e-03   6.49902e-04   2.21384e-06   2.19403e+00
  10  beta_2CBO   -1.07393e-03     fixed    
  11  alpha_y      0.00000e+00     fixed    
  12  w_y          1.38860e+01   constant   
  13  beta_y      -2.56361e-04     fixed    
  14  alpha_vw     0.00000e+00     fixed    
  15  w_vw         1.43404e+01   constant   
  16  beta_vw      0.00000e+00     fixed    
  17  LM           6.43054e-05   constant   
  18  zeta_y       0.00000e+00   constant   
  19  zeta_vw      0.00000e+00   constant   
  20  T_CBO        9.99820e+02   9.98759e+02   4.30648e-02  -2.18939e-04
  21  alpha_A0    -6.58267e-03   3.22627e-03   1.53504e-03   4.19082e-03
  22  beta_A0      4.19536e-03   3.40333e-03   1.31398e-03  -3.74206e-03
  23  alpha_phi    2.07433e-03   3.33693e-03   1.18276e-03   4.52685e-04
  24  beta_phi     5.04599e-03   3.36688e-03   1.37925e-03   3.87485e-03
 MIGRAD MINIMIZATION HAS CONVERGED.
 MIGRAD WILL VERIFY CONVERGENCE AND ERROR MATRIX.
 FCN=48.187 FROM HESSE     STATUS=NOT POSDEF    102 CALLS        1797 TOTAL
                     EDM=0.000214082    STRATEGY= 1      ERR MATRIX NOT POS-DEF
  EXT PARAMETER                APPROXIMATE        STEP         FIRST   
  NO.   NAME      VALUE            ERROR          SIZE      DERIVATIVE 
   1  N0           3.18801e+06   1.46430e+03   4.74524e+00  -3.04496e-07
   2  tau          6.44064e+01   constant   
   3  A0           3.44382e-01   6.40497e-04   2.06236e-06   4.63597e-01
   4  phi          4.12202e+00   1.74780e-03   5.99242e-06  -1.48826e-02
   5  R           -6.06001e+01   constant   
   6  alpha_CBO    2.58462e-04   6.44575e-04   2.13298e-06   4.96131e-01
   7  w_CBO        2.32500e+00   constant   
   8  beta_CBO     4.13067e-03   6.47828e-04   2.20593e-06   9.88138e-01
   9  alpha_2CBO   1.47503e-03   6.23468e-04   2.17244e-06  -1.00235e+00
  10  beta_2CBO   -1.07393e-03     fixed    
  11  alpha_y      0.00000e+00     fixed    
  12  w_y          1.38860e+01   constant   
  13  beta_y      -2.56361e-04     fixed    
  14  alpha_vw     0.00000e+00     fixed    
  15  w_vw         1.43404e+01   constant   
  16  beta_vw      0.00000e+00     fixed    
  17  LM           6.43054e-05   constant   
  18  zeta_y       0.00000e+00   constant   
  19  zeta_vw      0.00000e+00   constant   
  20  T_CBO        9.96165e+02   9.54559e+02   5.39581e-02   1.55204e-04
  21  alpha_A0    -7.04268e-03   1.55008e-02   1.60037e-03   3.07922e-03
  22  beta_A0      4.34918e-03   1.66106e-02   1.30276e-03   4.12048e-04
  23  alpha_phi    2.46340e-03   1.55056e-02   1.17270e-03   2.91853e-03
  24  beta_phi     5.52037e-03   1.44261e-02   1.40518e-03   7.78673e-04
 MIGRAD MINIMIZATION HAS CONVERGED.
 MIGRAD WILL VERIFY CONVERGENCE AND ERROR MATRIX.
 COVARIANCE MATRIX CALCULATED SUCCESSFULLY
 FCN=48.187 FROM MIGRAD    STATUS=CONVERGED     403 CALLS        1948 TOTAL
                     EDM=6.40628e-06    STRATEGY= 1      ERROR MATRIX ACCURATE 
  EXT PARAMETER                                   STEP         FIRST   
  NO.   NAME      VALUE            ERROR          SIZE      DERIVATIVE 
   1  N0           3.18801e+06   1.52720e+03   4.74524e+00  -6.90094e-08
   2  tau          6.44064e+01   constant   
   3  A0           3.44382e-01   6.41856e-04   2.06236e-06  -1.89698e-01
   4  phi          4.12202e+00   1.83069e-03   5.99242e-06   8.03204e-02
   5  R           -6.06001e+01   constant   
   6  alpha_CBO    2.58373e-04   6.57652e-04   2.13298e-06  -1.35303e-01
   7  w_CBO        2.32500e+00   constant   
   8  beta_CBO     4.13061e-03   6.68495e-04   2.20592e-06   9.61102e-01
   9  alpha_2CBO   1.47509e-03   6.52656e-04   2.17243e-06  -6.83840e-01
  10  beta_2CBO   -1.07393e-03     fixed    
  11  alpha_y      0.00000e+00     fixed    
  12  w_y          1.38860e+01   constant   
  13  beta_y      -2.56361e-04     fixed    
  14  alpha_vw     0.00000e+00     fixed    
  15  w_vw         1.43404e+01   constant   
  16  beta_vw      0.00000e+00     fixed    
  17  LM           6.43054e-05   constant   
  18  zeta_y       0.00000e+00   constant   
  19  zeta_vw      0.00000e+00   constant   
  20  T_CBO        9.99026e+02   7.98081e+02   6.43988e-02   1.18974e-04
  21  alpha_A0    -7.03533e-03   1.09651e-02   1.59842e-03   4.48687e-03
  22  beta_A0      4.34393e-03   5.74311e-03   1.30076e-03  -1.44440e-03
  23  alpha_phi    2.46011e-03   4.40985e-03   1.17260e-03   1.44509e-03
  24  beta_phi     5.51368e-03   6.40385e-03   1.40381e-03  -1.68063e-03
 EXTERNAL ERROR MATRIX.    NDIM=  25    NPAR= 11    ERR DEF=1
  2.332e+06 
  5.154e-02  4.120e-07 
  5.112e-01 -6.335e-08  3.351e-06 
  4.431e-02  1.045e-07  2.232e-08  4.325e-07 
 -2.719e-02 -2.928e-08  2.299e-07 -1.474e-09  4.469e-07 
 -3.213e-02 -1.602e-08  6.574e-08  1.510e-08  2.670e-08  4.260e-07 
  2.288e+04  1.342e-02  1.093e-01  2.394e-03  1.305e-03 -5.886e-03  6.225e+06 
 -7.834e-02  2.016e-07 -9.171e-07  4.577e-07 -9.365e-08  2.427e-08 -2.043e+01  7.883e-05 
  1.117e+00  9.939e-09  8.444e-07 -4.606e-08  3.308e-07 -3.109e-07  1.273e+01 -4.250e-05  3.878e-05 
  1.290e+00 -3.117e-07  8.470e-07  4.234e-08  1.190e-08  3.563e-07  7.177e+00 -2.493e-05  1.545e-05  2.096e-05 
 -3.939e-02 -4.148e-07  5.357e-07 -1.619e-07  2.474e-07  9.676e-08  1.594e+01 -5.255e-05  3.311e-05  2.022e-05  5.330e-05 
 PARAMETER  CORRELATION COEFFICIENTS  
       NO.  GLOBAL      1      3      4      6      8      9     20     21     22     23     24
        1  0.35606   1.000  0.053  0.183  0.044 -0.027 -0.032  0.006 -0.006  0.117  0.185 -0.004
        3  0.34588   0.053  1.000 -0.054  0.248 -0.068 -0.038  0.008  0.035  0.002 -0.106 -0.089
        4  0.29384   0.183 -0.054  1.000  0.019  0.188  0.055  0.024 -0.056  0.074  0.101  0.040
        6  0.32094   0.044  0.248  0.019  1.000 -0.003  0.035  0.001  0.078 -0.011  0.014 -0.034
        8  0.26735  -0.027 -0.068  0.188 -0.003  1.000  0.061  0.001 -0.016  0.079  0.004  0.051
        9  0.23498  -0.032 -0.038  0.055  0.035  0.061  1.000 -0.004  0.004 -0.076  0.119  0.020
       20  0.95880   0.006  0.008  0.024  0.001  0.001 -0.004  1.000 -0.922  0.820  0.628  0.875
       21  0.92775  -0.006  0.035 -0.056  0.078 -0.016  0.004 -0.922  1.000 -0.769 -0.613 -0.811
       22  0.83582   0.117  0.002  0.074 -0.011  0.079 -0.076  0.820 -0.769  1.000  0.542  0.728
       23  0.68924   0.185 -0.106  0.101  0.014  0.004  0.119  0.628 -0.613  0.542  1.000  0.605
       24  0.88371  -0.004 -0.089  0.040 -0.034  0.051  0.020  0.875 -0.811  0.728  0.605  1.000
MINUIT - FIT ONLY 1-y
 **********
 **   51 **RES 
 **********
                   PARAMETER   16  beta_vw RESTORED TO VARIABLE.
                   PARAMETER   14  alpha_vw RESTORED TO VARIABLE.
                   PARAMETER   13  beta_y RESTORED TO VARIABLE.
                   PARAMETER   11  alpha_y RESTORED TO VARIABLE.
                   PARAMETER   10  beta_2CBO RESTORED TO VARIABLE.
 **********
 **   52 **FIX            0
 **********
 PARAMETER    0  IS UNDEFINED. IGNORED.
 **********
 **   53 **FIX            1
 **********
 **********
 **   54 **FIX            2
 **********
 PARAMETER    2  IS CONSTANT.   IGNORED.
 **********
 **   55 **FIX            3
 **********
 **********
 **   56 **FIX            4
 **********
 **********
 **   57 **FIX            5
 **********
 PARAMETER    5  IS CONSTANT.   IGNORED.
 **********
 **   58 **FIX            6
 **********
 **********
 **   59 **FIX            7
 **********
 PARAMETER    7  IS CONSTANT.   IGNORED.
 **********
 **   60 **FIX            8
 **********
 **********
 **   61 **FIX            9
 **********
 **********
 **   62 **FIX           13
 **********
 **********
 **   63 **FIX           14
 **********
 **********
 **   64 **FIX           15
 **********
 PARAMETER   15  IS CONSTANT.   IGNORED.
 **********
 **   65 **FIX           16
 **********
 **********
 **   66 **MIGRAD
 **********
 START MIGRAD MINIMIZATION.  STRATEGY  1.  CONVERGENCE WHEN EDM .LT. 1.00e-04
 FCN=48.187 FROM MIGRAD    STATUS=INITIATE       18 CALLS        1966 TOTAL
                     EDM= unknown      STRATEGY= 1      NO ERROR MATRIX       
  EXT PARAMETER               CURRENT GUESS       STEP         FIRST   
  NO.   NAME      VALUE            ERROR          SIZE      DERIVATIVE 
   1  N0           3.18801e+06     fixed    
   2  tau          6.44064e+01   constant   
   3  A0           3.44382e-01     fixed    
   4  phi          4.12202e+00     fixed    
   5  R           -6.06001e+01   constant   
   6  alpha_CBO    2.58373e-04     fixed    
   7  w_CBO        2.32500e+00   constant   
   8  beta_CBO     4.13061e-03     fixed    
   9  alpha_2CBO   1.47509e-03     fixed    
  10  beta_2CBO   -1.07393e-03   6.49126e-04   6.49126e-04   2.98978e+01
  11  alpha_y      0.00000e+00   1.00000e-03   1.00000e-03   3.80317e+03
  12  w_y          1.38860e+01   constant   
  13  beta_y      -2.56361e-04     fixed    
  14  alpha_vw     0.00000e+00     fixed    
  15  w_vw         1.43404e+01   constant   
  16  beta_vw      0.00000e+00     fixed    
  17  LM           6.43054e-05   constant   
  18  zeta_y       0.00000e+00   constant   
  19  zeta_vw      0.00000e+00   constant   
  20  T_CBO        9.99026e+02   7.98081e+02   6.43988e-02  -2.02004e-04
  21  alpha_A0    -7.03533e-03   1.09651e-02   1.59842e-03   4.49801e-03
  22  beta_A0      4.34393e-03   5.74311e-03   1.30076e-03  -1.44977e-03
  23  alpha_phi    2.46011e-03   4.40985e-03   1.17260e-03   1.44223e-03
  24  beta_phi     5.51368e-03   6.40385e-03   1.40381e-03  -1.68807e-03
 MIGRAD MINIMIZATION HAS CONVERGED.
 MIGRAD WILL VERIFY CONVERGENCE AND ERROR MATRIX.
 COVARIANCE MATRIX CALCULATED SUCCESSFULLY
 FCN=46.7245 FROM MIGRAD    STATUS=CONVERGED     124 CALLS        2072 TOTAL
                     EDM=2.57688e-06    STRATEGY= 1      ERROR MATRIX ACCURATE 
  EXT PARAMETER                                   STEP         FIRST   
  NO.   NAME      VALUE            ERROR          SIZE      DERIVATIVE 
   1  N0           3.18801e+06     fixed    
   2  tau          6.44064e+01   constant   
   3  A0           3.44382e-01     fixed    
   4  phi          4.12202e+00     fixed    
   5  R           -6.06001e+01   constant   
   6  alpha_CBO    2.58373e-04     fixed    
   7  w_CBO        2.32500e+00   constant   
   8  beta_CBO     4.13061e-03     fixed    
   9  alpha_2CBO   1.47509e-03     fixed    
  10  beta_2CBO   -1.08142e-03   6.46673e-04   2.13223e-06  -4.97431e-01
  11  alpha_y     -7.69013e-04   6.35922e-04   2.14409e-06   9.22423e-03
  12  w_y          1.38860e+01   constant   
  13  beta_y      -2.56361e-04     fixed    
  14  alpha_vw     0.00000e+00     fixed    
  15  w_vw         1.43404e+01   constant   
  16  beta_vw      0.00000e+00     fixed    
  17  LM           6.43054e-05   constant   
  18  zeta_y       0.00000e+00   constant   
  19  zeta_vw      0.00000e+00   constant   
  20  T_CBO        1.00000e+03   6.14584e+02   1.48168e-01** at limit **
  21  alpha_A0    -7.03200e-03   5.83939e-03   1.57295e-03  -1.46329e-03
  22  beta_A0      4.40316e-03   4.82524e-03   1.28339e-03   2.76119e-03
  23  alpha_phi    2.41997e-03   3.83785e-03   1.15271e-03  -1.20955e-03
  24  beta_phi     5.60473e-03   5.40694e-03   1.39051e-03  -6.07636e-04
 EXTERNAL ERROR MATRIX.    NDIM=  25    NPAR=  7    ERR DEF=1
  4.182e-07  5.669e-10  3.834e-06  2.505e-07  8.888e-08 -5.815e-08  3.903e-07 
  5.669e-10  4.044e-07 -2.390e-06 -2.415e-09 -3.292e-08  1.956e-08 -5.368e-08 
  3.834e-06 -2.390e-06  2.770e+01 -3.143e-02  1.983e-02  1.084e-02  2.495e-02 
  2.505e-07 -2.415e-09 -3.143e-02  4.695e-05 -2.297e-05 -1.355e-05 -2.795e-05 
  8.888e-08 -3.292e-08  1.983e-02 -2.297e-05  2.595e-05  8.146e-06  1.834e-05 
 -5.815e-08  1.956e-08  1.084e-02 -1.355e-05  8.146e-06  1.557e-05  1.115e-05 
  3.903e-07 -5.368e-08  2.495e-02 -2.795e-05  1.834e-05  1.115e-05  3.471e-05 
 PARAMETER  CORRELATION COEFFICIENTS  
       NO.  GLOBAL     10     11     20     21     22     23     24
       10  0.21101   1.000  0.001  0.001  0.057  0.027 -0.023  0.102
       11  0.03041   0.001  1.000 -0.001 -0.001 -0.010  0.008 -0.014
       20  0.92740   0.001 -0.001  1.000 -0.871  0.740  0.522  0.805
       21  0.87529   0.057 -0.001 -0.871  1.000 -0.658 -0.501 -0.692
       22  0.74143   0.027 -0.010  0.740 -0.658  1.000  0.405  0.611
       23  0.54194  -0.023  0.008  0.522 -0.501  0.405  1.000  0.480
       24  0.81473   0.102 -0.014  0.805 -0.692  0.611  0.480  1.000
MINUIT - FIT ONLY 2-y
 **********
 **   67 **RES 
 **********
                   PARAMETER   16  beta_vw RESTORED TO VARIABLE.
                   PARAMETER   14  alpha_vw RESTORED TO VARIABLE.
                   PARAMETER   13  beta_y RESTORED TO VARIABLE.
                   PARAMETER    9  alpha_2CBO RESTORED TO VARIABLE.
                   PARAMETER    8  beta_CBO RESTORED TO VARIABLE.
                   PARAMETER    6  alpha_CBO RESTORED TO VARIABLE.
                   PARAMETER    4  phi RESTORED TO VARIABLE.
                   PARAMETER    3  A0 RESTORED TO VARIABLE.
                   PARAMETER    1  N0 RESTORED TO VARIABLE.
 **********
 **   68 **FIX            0
 **********
 PARAMETER    0  IS UNDEFINED. IGNORED.
 **********
 **   69 **FIX            1
 **********
 **********
 **   70 **FIX            2
 **********
 PARAMETER    2  IS CONSTANT.   IGNORED.
 **********
 **   71 **FIX            3
 **********
 **********
 **   72 **FIX            4
 **********
 **********
 **   73 **FIX            5
 **********
 PARAMETER    5  IS CONSTANT.   IGNORED.
 **********
 **   74 **FIX            6
 **********
 **********
 **   75 **FIX            7
 **********
 PARAMETER    7  IS CONSTANT.   IGNORED.
 **********
 **   76 **FIX            8
 **********
 **********
 **   77 **FIX            9
 **********
 **********
 **   78 **FIX           10
 **********
 **********
 **   79 **FIX           11
 **********
 **********
 **   80 **FIX           12
 **********
 PARAMETER   12  IS CONSTANT.   IGNORED.
 **********
 **   81 **FIX           16
 **********
 **********
 **   82 **MIGRAD
 **********
 START MIGRAD MINIMIZATION.  STRATEGY  1.  CONVERGENCE WHEN EDM .LT. 1.00e-04
 FCN=46.7245 FROM MIGRAD    STATUS=INITIATE       16 CALLS        2088 TOTAL
                     EDM= unknown      STRATEGY= 1      NO ERROR MATRIX       
  EXT PARAMETER               CURRENT GUESS       STEP         FIRST   
  NO.   NAME      VALUE            ERROR          SIZE      DERIVATIVE 
   1  N0           3.18801e+06     fixed    
   2  tau          6.44064e+01   constant   
   3  A0           3.44382e-01     fixed    
   4  phi          4.12202e+00     fixed    
   5  R           -6.06001e+01   constant   
   6  alpha_CBO    2.58373e-04     fixed    
   7  w_CBO        2.32500e+00   constant   
   8  beta_CBO     4.13061e-03     fixed    
   9  alpha_2CBO   1.47509e-03     fixed    
  10  beta_2CBO   -1.08142e-03     fixed    
  11  alpha_y     -7.69013e-04     fixed    
