 + ++++++++++++++++++++++++++++++++++++++++++++++++++++++++++++++++++++ +
 +                                                                      +
 +           You have chose to blind your fitting according to          +
 +                omega_ref * (1 + (R +/- deltaR) *10^{-6})             +
 +                                                                      +
 + ++++++++++++++++++++++++++++++++++++++++++++++++++++++++++++++++++++ +
In main()...
reading format from /gm2data/zkhechad/run45/envelope/formats/formatB_sBin_constraintOn.txt
pBinTau 	= 0  
pBinPhi 	= 0  
constraintau 	= 1 
includeMopTerm 	= 0    
constrainMop    = 0   
Parameters after format file: pBinTau 0 pBinPhi 0 constraintau 1 includeMopTerm 0 constrainMop 0 c_e_scale 0.000000 
Opening file /gm2data/tbarrett/gm2fr/studies/run23_bunch_corrections/CorrectedFourier_Run3b.root.
reading full fit data from /gm2data/zkhechad/cboTemplates/Run4CBOTemplates/fullFits/noRF/sBin_constraintOn_cE0.0_seed0_noRF_calo8.root
windowBins = 69
fitting sliding window 1890 from bin 2026 at 302.130000 to bin 2095 at 312.574000 (69 bins)

Reading data from /gm2data/cornell/histograms/aMethod/histogram_a_noRF.root
 **********
 **    1 **SET PRINTOUT            1
 **********
 **********
 **    2 **SET NOWARNINGS 
 **********
 PARAMETER DEFINITIONS:
    NO.   NAME         VALUE      STEP SIZE      LIMITS
     1 N0           2.93777e+06  1.00000e+02     no limits
     2 tau          6.44050e+01  constant
     3 A0           3.52923e-01  1.00000e-04     no limits
     4 phi          4.11508e+00  1.00000e-02     no limits
     5 R           -6.11922e+01  constant
     6 alpha_CBO    0.00000e+00  1.00000e-03     no limits
     7 w_CBO        2.32500e+00  constant
     8 beta_CBO     0.00000e+00  1.00000e-03     no limits
     9 alpha_2CBO   0.00000e+00  1.00000e-03     no limits
    10 beta_2CBO    0.00000e+00  1.00000e-03     no limits
    11 alpha_y      0.00000e+00  1.00000e-03     no limits
    12 w_y          1.38860e+01  constant
    13 beta_y       0.00000e+00  1.00000e-03     no limits
    14 alpha_vw     0.00000e+00  1.00000e-03     no limits
    15 w_vw         1.43404e+01  constant
    16 beta_vw      0.00000e+00  1.00000e-03     no limits
    17 LM           1.41693e-04  constant
    18 zeta_y       0.00000e+00  constant
    19 zeta_vw      0.00000e+00  constant
    20 T_CBO        1.00000e+02  1.00000e+00    0.00000e+00  1.00000e+03
    21 alpha_A0     0.00000e+00  1.00000e-03     no limits
    22 beta_A0      0.00000e+00  1.00000e-03     no limits
    23 alpha_phi    0.00000e+00  1.00000e-03     no limits
    24 beta_phi     0.00000e+00  1.00000e-03     no limits
MINUIT - FIT ONLY WIGGLE
 **********
 **    3 **FIX            5
 **********
 PARAMETER    5  IS CONSTANT.   IGNORED.
 **********
 **    4 **FIX            6
 **********
 **********
 **    5 **FIX            7
 **********
 PARAMETER    7  IS CONSTANT.   IGNORED.
 **********
 **    6 **FIX            8
 **********
 **********
 **    7 **FIX            9
 **********
 **********
 **    8 **FIX           10
 **********
 **********
 **    9 **FIX           11
 **********
 **********
 **   10 **FIX           12
 **********
 PARAMETER   12  IS CONSTANT.   IGNORED.
 **********
 **   11 **FIX           13
 **********
 **********
 **   12 **FIX           14
 **********
 **********
 **   13 **FIX           15
 **********
 PARAMETER   15  IS CONSTANT.   IGNORED.
 **********
 **   14 **FIX           16
 **********
 **********
 **   15 **MIGRAD
 **********
 FIRST CALL TO USER FUNCTION AT NEW START POINT, WITH IFLAG=4.
 START MIGRAD MINIMIZATION.  STRATEGY  1.  CONVERGENCE WHEN EDM .LT. 1.00e-04
 FCN=98.8796 FROM MIGRAD    STATUS=INITIATE      437 CALLS         438 TOTAL
                     EDM= unknown      STRATEGY= 1      NO ERROR MATRIX       
  EXT PARAMETER               CURRENT GUESS       STEP         FIRST   
  NO.   NAME      VALUE            ERROR          SIZE      DERIVATIVE 
   1  N0           2.93777e+06   1.00000e+02   0.00000e+00  -1.40514e-04
   2  tau          6.44050e+01   constant   
   3  A0           3.52923e-01   1.00000e-04   0.00000e+00   5.18654e+03
   4  phi          4.11508e+00   1.00000e-02   0.00000e+00  -2.27682e+03
   5  R           -6.11922e+01   constant   
   6  alpha_CBO    0.00000e+00     fixed    
   7  w_CBO        2.32500e+00   constant   
   8  beta_CBO     0.00000e+00     fixed    
   9  alpha_2CBO   0.00000e+00     fixed    
  10  beta_2CBO    0.00000e+00     fixed    
  11  alpha_y      0.00000e+00     fixed    
  12  w_y          1.38860e+01   constant   
  13  beta_y       0.00000e+00     fixed    
  14  alpha_vw     0.00000e+00     fixed    
  15  w_vw         1.43404e+01   constant   
  16  beta_vw      0.00000e+00     fixed    
  17  LM           1.41693e-04   constant   
  18  zeta_y       0.00000e+00   constant   
  19  zeta_vw      0.00000e+00   constant   
  20  T_CBO        1.00000e+02   1.00000e+00   0.00000e+00   0.00000e+00
  21  alpha_A0     0.00000e+00   1.00000e-03   0.00000e+00   1.28981e+01
  22  beta_A0      0.00000e+00   1.00000e-03   0.00000e+00  -2.56369e+01
  23  alpha_phi    0.00000e+00   1.00000e-03   0.00000e+00   7.05885e+01
  24  beta_phi     0.00000e+00   1.00000e-03   0.00000e+00  -1.28559e+01
 CALL LIMIT EXCEEDED IN MIGRAD.
 MIGRAD TERMINATED WITHOUT CONVERGENCE.
 FCN=88.7062 FROM MIGRAD    STATUS=CALL LIMIT   1336 CALLS        1337 TOTAL
                     EDM=0.00125817    STRATEGY= 1  ERROR MATRIX UNCERTAINTY   7.6 per cent
  EXT PARAMETER                APPROXIMATE        STEP         FIRST   
  NO.   NAME      VALUE            ERROR          SIZE      DERIVATIVE 
   1  N0           2.93789e+06   1.35751e+03   2.74725e+01   1.20613e-05
   2  tau          6.44050e+01   constant   
   3  A0           3.51971e-01   6.15191e-04   1.03536e-05   3.10799e+01
   4  phi          4.11872e+00   1.78027e-03   1.74200e-05   4.49618e+00
   5  R           -6.11922e+01   constant   
   6  alpha_CBO    0.00000e+00     fixed    
   7  w_CBO        2.32500e+00   constant   
   8  beta_CBO     0.00000e+00     fixed    
   9  alpha_2CBO   0.00000e+00     fixed    
  10  beta_2CBO    0.00000e+00     fixed    
  11  alpha_y      0.00000e+00     fixed    
  12  w_y          1.38860e+01   constant   
  13  beta_y       0.00000e+00     fixed    
  14  alpha_vw     0.00000e+00     fixed    
  15  w_vw         1.43404e+01   constant   
  16  beta_vw      0.00000e+00     fixed    
  17  LM           1.41693e-04   constant   
  18  zeta_y       0.00000e+00   constant   
  19  zeta_vw      0.00000e+00   constant   
  20  T_CBO        3.99493e+01   1.71299e+01  -2.95279e-03  -2.20110e+00
  21  alpha_A0    -2.32792e+00   6.67463e+00  -2.04079e-01   3.65287e-03
  22  beta_A0      3.78721e+00   1.05523e+01   3.22843e-01  -2.89010e-02
  23  alpha_phi   -7.73225e+00   2.18248e+01  -6.67713e-01  -4.96858e-03
  24  beta_phi     2.18706e+00   6.24522e+00   1.90928e-01  -3.24463e-03
 EXTERNAL ERROR MATRIX.    NDIM=  25    NPAR=  8    ERR DEF=1
  1.843e+06  2.202e-02  4.181e-01 -6.859e+03 -2.750e+03  4.351e+03 -8.935e+03  2.577e+03 
  2.202e-02  3.785e-07 -6.011e-08 -2.314e-03 -1.033e-03  1.635e-03 -3.390e-03  9.662e-04 
  4.181e-01 -6.011e-08  3.169e-06 -4.349e-03 -1.842e-03  2.905e-03 -5.966e-03  1.725e-03 
 -6.859e+03 -2.314e-03 -4.349e-03  2.942e+02  1.133e+02 -1.792e+02  3.707e+02 -1.060e+02 
 -2.750e+03 -1.033e-03 -1.842e-03  1.133e+02  4.455e+01 -7.043e+01  1.457e+02 -4.168e+01 
  4.351e+03  1.635e-03  2.905e-03 -1.792e+02 -7.043e+01  1.114e+02 -2.303e+02  6.590e+01 
 -8.935e+03 -3.390e-03 -5.966e-03  3.707e+02  1.457e+02 -2.303e+02  4.763e+02 -1.363e+02 
  2.577e+03  9.662e-04  1.725e-03 -1.060e+02 -4.168e+01  6.590e+01 -1.363e+02  3.900e+01 
ERR MATRIX APPROXIMATE
 PARAMETER  CORRELATION COEFFICIENTS  
       NO.  GLOBAL      1      3      4     20     21     22     23     24
        1  0.43390   1.000  0.026  0.173 -0.295 -0.304  0.304 -0.302  0.304
        3  0.37694   0.026  1.000 -0.055 -0.219 -0.252  0.252 -0.252  0.251
        4  0.27722   0.173 -0.055  1.000 -0.142 -0.155  0.155 -0.154  0.155
       20  0.99114  -0.295 -0.219 -0.142  1.000  0.990 -0.990  0.990 -0.990
       21  0.99996  -0.304 -0.252 -0.155  0.990  1.000 -1.000  1.000 -1.000
       22  0.99997   0.304  0.252  0.155 -0.990 -1.000  1.000 -1.000  1.000
       23  0.99998  -0.302 -0.252 -0.154  0.990  1.000 -1.000  1.000 -1.000
       24  0.99996   0.304  0.251  0.155 -0.990 -1.000  1.000 -1.000  1.000
 ERR MATRIX APPROXIMATE
MINUIT - FIT ONLY 1-CBO + wiggle
 **********
 **   16 **RES 
 **********
                   PARAMETER   16  beta_vw RESTORED TO VARIABLE.
                   PARAMETER   14  alpha_vw RESTORED TO VARIABLE.
                   PARAMETER   13  beta_y RESTORED TO VARIABLE.
                   PARAMETER   11  alpha_y RESTORED TO VARIABLE.
                   PARAMETER   10  beta_2CBO RESTORED TO VARIABLE.
                   PARAMETER    9  alpha_2CBO RESTORED TO VARIABLE.
                   PARAMETER    8  beta_CBO RESTORED TO VARIABLE.
                   PARAMETER    6  alpha_CBO RESTORED TO VARIABLE.
 **********
 **   17 **FIX            8
 **********
 **********
 **   18 **FIX            9
 **********
 **********
 **   19 **FIX           11
 **********
 **********
 **   20 **FIX           12
 **********
 PARAMETER   12  IS CONSTANT.   IGNORED.
 **********
 **   21 **FIX           14
 **********
 **********
 **   22 **FIX           15
 **********
 PARAMETER   15  IS CONSTANT.   IGNORED.
 **********
 **   23 **FIX           16
 **********
 **********
 **   24 **MIGRAD
 **********
 START MIGRAD MINIMIZATION.  STRATEGY  1.  CONVERGENCE WHEN EDM .LT. 1.00e-04
 FCN=88.7062 FROM MIGRAD    STATUS=INITIATE       28 CALLS        1365 TOTAL
                     EDM= unknown      STRATEGY= 1      NO ERROR MATRIX       
  EXT PARAMETER               CURRENT GUESS       STEP         FIRST   
  NO.   NAME      VALUE            ERROR          SIZE      DERIVATIVE 
   1  N0           2.93789e+06   1.35751e+03   2.74725e+01   1.20613e-05
   2  tau          6.44050e+01   constant   
   3  A0           3.51971e-01   6.15191e-04   1.03536e-05   3.10799e+01
   4  phi          4.11872e+00   1.78027e-03   1.74200e-05   4.49618e+00
   5  R           -6.11922e+01   constant   
   6  alpha_CBO    0.00000e+00   1.00000e-03   1.00000e-03  -9.80339e+03
   7  w_CBO        2.32500e+00   constant   
   8  beta_CBO     0.00000e+00     fixed    
   9  alpha_2CBO   0.00000e+00     fixed    
  10  beta_2CBO    0.00000e+00   1.00000e-03   1.00000e-03  -2.69015e+03
  11  alpha_y      0.00000e+00     fixed    
  12  w_y          1.38860e+01   constant   
  13  beta_y       0.00000e+00   1.00000e-03   1.00000e-03  -9.71387e+02
  14  alpha_vw     0.00000e+00     fixed    
  15  w_vw         1.43404e+01   constant   
  16  beta_vw      0.00000e+00     fixed    
  17  LM           1.41693e-04   constant   
  18  zeta_y       0.00000e+00   constant   
  19  zeta_vw      0.00000e+00   constant   
  20  T_CBO        3.99493e+01   1.71299e+01  -2.95279e-03  -2.20109e+00
  21  alpha_A0    -2.32792e+00   6.67463e+00  -2.04079e-01   3.65287e-03
  22  beta_A0      3.78721e+00   1.05523e+01   3.22843e-01  -2.89010e-02
  23  alpha_phi   -7.73225e+00   2.18248e+01  -6.67713e-01  -4.96858e-03
  24  beta_phi     2.18706e+00   6.24522e+00   1.90928e-01  -3.24463e-03
 CALL LIMIT EXCEEDED IN MIGRAD.
 MIGRAD TERMINATED WITHOUT CONVERGENCE.
 FCN=77.1379 FROM MIGRAD    STATUS=CALL LIMIT   1908 CALLS        3245 TOTAL
                     EDM=0.00855851    STRATEGY= 1  ERROR MATRIX UNCERTAINTY  35.3 per cent
  EXT PARAMETER                APPROXIMATE        STEP         FIRST   
  NO.   NAME      VALUE            ERROR          SIZE      DERIVATIVE 
   1  N0           2.93817e+06   1.38281e+03   2.97854e+00   1.79054e-06
   2  tau          6.44050e+01   constant   
   3  A0           3.52466e-01   6.40670e-04   1.24371e-06  -7.82107e+00
   4  phi          4.11878e+00   1.78483e-03   9.82565e-06  -3.78753e+00
   5  R           -6.11922e+01   constant   
   6  alpha_CBO    2.16397e-03   6.58456e-04   4.04192e-06  -8.33839e+00
   7  w_CBO        2.32500e+00   constant   
   8  beta_CBO     0.00000e+00     fixed    
   9  alpha_2CBO   0.00000e+00     fixed    
  10  beta_2CBO    4.90505e-04   6.65305e-04   8.37880e-06  -3.04109e+01
  11  alpha_y      0.00000e+00     fixed    
  12  w_y          1.38860e+01   constant   
  13  beta_y       2.00771e-04   6.72949e-04   1.19551e-05  -3.70056e+01
  14  alpha_vw     0.00000e+00     fixed    
  15  w_vw         1.43404e+01   constant   
  16  beta_vw      0.00000e+00     fixed    
  17  LM           1.41693e-04   constant   
  18  zeta_y       0.00000e+00   constant   
  19  zeta_vw      0.00000e+00   constant   
  20  T_CBO        1.97017e+01   3.18062e+00   6.92885e-05   5.84068e+00
  21  alpha_A0     3.64885e+03   8.87103e+03   4.43957e+01  -9.73650e-07
  22  beta_A0      1.27425e+04   3.10147e+04   1.55161e+02   4.63674e-06
  23  alpha_phi   -2.04751e+04   4.98361e+04  -2.49344e+02   9.51542e-07
  24  beta_phi     3.81330e+03   9.26288e+03   4.63503e+01  -1.33575e-06
 EXTERNAL ERROR MATRIX.    NDIM=  25    NPAR= 11    ERR DEF=1
  1.912e+06 
  2.367e-02  4.105e-07 
  4.384e-01 -5.020e-08  3.186e-06 
  3.425e-02  1.068e-07  4.817e-08  4.336e-07 
  4.238e-02 -2.465e-08  7.582e-09 -6.053e-09  4.426e-07 
 -1.553e-02  1.824e-09  2.202e-08  1.903e-08  1.337e-08  4.529e-07 
 -1.857e+02 -5.185e-06 -3.058e-04 -1.421e-04 -2.071e-04 -3.242e-04  1.012e+01 
  1.858e+05  1.127e-01  6.115e-01  3.362e-01  6.361e-01  8.053e-01 -2.740e+04  7.870e+07 
  6.522e+05  3.935e-01  2.144e+00  1.173e+00  2.222e+00  2.815e+00 -9.579e+04  2.751e+08  9.619e+08 
 -1.043e+06 -6.328e-01 -3.442e+00 -1.885e+00 -3.571e+00 -4.524e+00  1.539e+05 -4.421e+08 -1.546e+09  2.484e+09 
  1.946e+05  1.168e-01  6.408e-01  3.501e-01  6.644e-01  8.410e-01 -2.861e+04  8.217e+07  2.873e+08 -4.616e+08  8.580e+07 
ERR MATRIX APPROXIMATE
 PARAMETER  CORRELATION COEFFICIENTS  
       NO.  GLOBAL      1      3      4      6     10     13     20     21     22     23     24
        1  0.33287   1.000  0.027  0.178  0.038  0.046 -0.017 -0.042  0.015  0.015 -0.015  0.015
        3  0.32343   0.027  1.000 -0.044  0.253 -0.058  0.004 -0.003  0.020  0.020 -0.020  0.020
        4  0.25869   0.178 -0.044  1.000  0.041  0.006  0.018 -0.054  0.039  0.039 -0.039  0.039
        6  0.33048   0.038  0.253  0.041  1.000 -0.014  0.043 -0.068  0.058  0.057 -0.057  0.057
       10  0.23389   0.046 -0.058  0.006 -0.014  1.000  0.030 -0.098  0.108  0.108 -0.108  0.108
       13  0.16887  -0.017  0.004  0.018  0.043  0.030  1.000 -0.151  0.135  0.135 -0.135  0.135
       20  0.97216  -0.042 -0.003 -0.054 -0.068 -0.098 -0.151  1.000 -0.971 -0.971  0.971 -0.971
       21  1.00000   0.015  0.020  0.039  0.058  0.108  0.135 -0.971  1.000  1.000 -1.000  1.000
       22  1.00000   0.015  0.020  0.039  0.057  0.108  0.135 -0.971  1.000  1.000 -1.000  1.000
       23  1.00000  -0.015 -0.020 -0.039 -0.057 -0.108 -0.135  0.971 -1.000 -1.000  1.000 -1.000
       24  1.00000   0.015  0.020  0.039  0.057  0.108  0.135 -0.971  1.000  1.000 -1.000  1.000
 ERR MATRIX APPROXIMATE
MINUIT - FIT ONLY 2-CBO
 **********
 **   25 **RES 
 **********
                   PARAMETER   16  beta_vw RESTORED TO VARIABLE.
                   PARAMETER   14  alpha_vw RESTORED TO VARIABLE.
                   PARAMETER   11  alpha_y RESTORED TO VARIABLE.
                   PARAMETER    9  alpha_2CBO RESTORED TO VARIABLE.
                   PARAMETER    8  beta_CBO RESTORED TO VARIABLE.
 **********
 **   26 **FIX            0
 **********
 PARAMETER    0  IS UNDEFINED. IGNORED.
 **********
 **   27 **FIX            1
 **********
 **********
 **   28 **FIX            2
 **********
 PARAMETER    2  IS CONSTANT.   IGNORED.
 **********
 **   29 **FIX            3
 **********
 **********
 **   30 **FIX            4
 **********
 **********
 **   31 **FIX            5
 **********
 PARAMETER    5  IS CONSTANT.   IGNORED.
 **********
 **   32 **FIX            6
 **********
 **********
 **   33 **FIX            7
 **********
 PARAMETER    7  IS CONSTANT.   IGNORED.
 **********
 **   34 **FIX           10
 **********
 **********
 **   35 **FIX           11
 **********
 **********
 **   36 **FIX           12
 **********
 PARAMETER   12  IS CONSTANT.   IGNORED.
 **********
 **   37 **FIX           13
 **********
 **********
 **   38 **FIX           14
 **********
 **********
 **   39 **FIX           15
 **********
 PARAMETER   15  IS CONSTANT.   IGNORED.
 **********
 **   40 **FIX           16
 **********
 **********
 **   41 **MIGRAD
 **********
 START MIGRAD MINIMIZATION.  STRATEGY  1.  CONVERGENCE WHEN EDM .LT. 1.00e-04
 FCN=77.1379 FROM MIGRAD    STATUS=INITIATE       18 CALLS        3263 TOTAL
                     EDM= unknown      STRATEGY= 1      NO ERROR MATRIX       
  EXT PARAMETER               CURRENT GUESS       STEP         FIRST   
  NO.   NAME      VALUE            ERROR          SIZE      DERIVATIVE 
   1  N0           2.93817e+06     fixed    
   2  tau          6.44050e+01   constant   
   3  A0           3.52466e-01     fixed    
   4  phi          4.11878e+00     fixed    
   5  R           -6.11922e+01   constant   
   6  alpha_CBO    2.16397e-03     fixed    
   7  w_CBO        2.32500e+00   constant   
   8  beta_CBO     0.00000e+00   1.00000e-03   1.00000e-03   1.33483e+04
   9  alpha_2CBO   0.00000e+00   1.00000e-03   1.00000e-03   5.67638e+02
  10  beta_2CBO    4.90505e-04     fixed    
  11  alpha_y      0.00000e+00     fixed    
  12  w_y          1.38860e+01   constant   
  13  beta_y       2.00771e-04     fixed    
  14  alpha_vw     0.00000e+00     fixed    
  15  w_vw         1.43404e+01   constant   
  16  beta_vw      0.00000e+00     fixed    
  17  LM           1.41693e-04   constant   
  18  zeta_y       0.00000e+00   constant   
  19  zeta_vw      0.00000e+00   constant   
  20  T_CBO        1.97017e+01   3.18062e+00   6.92885e-05   5.84058e+00
  21  alpha_A0     3.64885e+03   8.87103e+03   4.43957e+01  -9.73651e-07
  22  beta_A0      1.27425e+04   3.10147e+04   1.55161e+02   4.63674e-06
  23  alpha_phi   -2.04751e+04   4.98361e+04  -2.49344e+02   9.51542e-07
  24  beta_phi     3.81330e+03   9.26288e+03   4.63503e+01  -1.33575e-06
 MIGRAD MINIMIZATION HAS CONVERGED.
 MIGRAD WILL VERIFY CONVERGENCE AND ERROR MATRIX.
 FCN=57.2509 FROM HESSE     STATUS=NOT POSDEF     50 CALLS        3379 TOTAL
                     EDM=0.000770975    STRATEGY= 1      ERR MATRIX NOT POS-DEF
  EXT PARAMETER                APPROXIMATE        STEP         FIRST   
  NO.   NAME      VALUE            ERROR          SIZE      DERIVATIVE 
   1  N0           2.93817e+06     fixed    
   2  tau          6.44050e+01   constant   
   3  A0           3.52466e-01     fixed    
   4  phi          4.11878e+00     fixed    
   5  R           -6.11922e+01   constant   
   6  alpha_CBO    2.16397e-03     fixed    
   7  w_CBO        2.32500e+00   constant   
   8  beta_CBO    -2.96473e-03   6.63734e-04   2.44439e-06   1.25243e-01
   9  alpha_2CBO  -2.67308e-04   6.58879e-04   2.40496e-06   4.56637e+00
  10  beta_2CBO    4.90505e-04     fixed    
  11  alpha_y      0.00000e+00     fixed    
  12  w_y          1.38860e+01   constant   
  13  beta_y       2.00771e-04     fixed    
  14  alpha_vw     0.00000e+00     fixed    
  15  w_vw         1.43404e+01   constant   
  16  beta_vw      0.00000e+00     fixed    
  17  LM           1.41693e-04   constant   
  18  zeta_y       0.00000e+00   constant   
  19  zeta_vw      0.00000e+00   constant   
  20  T_CBO        1.95633e+01   1.32436e+01   2.35089e-05   4.22368e-01
  21  alpha_A0     5.28381e+03   5.70393e+04   2.02071e+01  -4.30917e-08
  22  beta_A0      3.72931e+03   4.40038e+04   2.03415e+01  -5.99218e-08
  23  alpha_phi   -2.23534e+04   2.37689e+05   2.02940e+01   4.34552e-08
  24  beta_phi     1.35672e+02   1.63980e+04   2.03024e+01   6.83636e-08
 CALL LIMIT EXCEEDED IN MIGRAD.
 MIGRAD TERMINATED WITHOUT CONVERGENCE.
 FCN=57.2282 FROM MIGRAD    STATUS=CALL LIMIT   1151 CALLS        4396 TOTAL
                     EDM=0.000183067    STRATEGY= 1      ERR MATRIX NOT POS-DEF
  EXT PARAMETER                APPROXIMATE        STEP         FIRST   
  NO.   NAME      VALUE            ERROR          SIZE      DERIVATIVE 
   1  N0           2.93817e+06     fixed    
   2  tau          6.44050e+01   constant   
   3  A0           3.52466e-01     fixed    
   4  phi          4.11878e+00     fixed    
   5  R           -6.11922e+01   constant   
   6  alpha_CBO    2.16397e-03     fixed    
   7  w_CBO        2.32500e+00   constant   
   8  beta_CBO    -2.95945e-03   6.64323e-04   6.62266e-08  -1.04109e+00
   9  alpha_2CBO  -2.72197e-04   6.53430e-04   2.50001e-07  -5.55576e+00
  10  beta_2CBO    4.90505e-04     fixed    
  11  alpha_y      0.00000e+00     fixed    
  12  w_y          1.38860e+01   constant   
  13  beta_y       2.00771e-04     fixed    
  14  alpha_vw     0.00000e+00     fixed    
  15  w_vw         1.43404e+01   constant   
  16  beta_vw      0.00000e+00     fixed    
  17  LM           1.41693e-04   constant   
  18  zeta_y       0.00000e+00   constant   
  19  zeta_vw      0.00000e+00   constant   
  20  T_CBO        1.48699e+01   3.61058e+00   3.49954e-05  -2.70089e-01
  21  alpha_A0     6.95926e+05   3.48705e+06  -1.30790e+03   1.19654e-08
  22  beta_A0      5.77778e+05   2.96011e+06  -1.08675e+03  -1.16451e-09
  23  alpha_phi   -3.15797e+06   1.55769e+07   5.95262e+03   4.12594e-09
  24  beta_phi     8.48281e+03   2.52698e+05  -2.95974e+01  -1.00035e-08
 EXTERNAL ERROR MATRIX.    NDIM=  25    NPAR=  7    ERR DEF=1
  4.413e-07  2.309e-08  3.515e-06  1.602e+01  1.524e+01 -7.251e+01 -4.720e-01 
  2.309e-08  4.270e-07 -3.547e-05 -2.103e+01 -1.920e+01  9.623e+01  1.714e+00 
  3.515e-06 -3.547e-05  1.304e+01 -1.246e+07 -1.058e+07  5.568e+07  8.851e+05 
  1.602e+01 -2.103e+01 -1.246e+07  1.216e+13  1.032e+13 -5.432e+13 -8.742e+11 
  1.524e+01 -1.920e+01 -1.058e+07  1.032e+13  8.762e+12 -4.611e+13 -7.422e+11 
 -7.251e+01  9.623e+01  5.568e+07 -5.432e+13 -4.611e+13  2.426e+14  3.905e+12 
 -4.720e-01  1.714e+00  8.851e+05 -8.742e+11 -7.422e+11  3.905e+12  6.386e+10 
ERR MATRIX NOT POS-DEF
 PARAMETER  CORRELATION COEFFICIENTS  
       NO.  GLOBAL      8      9     20     21     22     23     24
        8  0.18536   1.000  0.053  0.001  0.007  0.008 -0.007 -0.003
        9  0.25206   0.053  1.000 -0.015 -0.009 -0.010  0.009  0.010
       20  0.99504   0.001 -0.015  1.000 -0.990 -0.989  0.990  0.970
       21  0.99999   0.007 -0.009 -0.990  1.000  1.000 -1.000 -0.992
       22  0.99998   0.008 -0.010 -0.989  1.000  1.000 -1.000 -0.992
       23  0.99999  -0.007  0.009  0.990 -1.000 -1.000  1.000  0.992
       24  0.99595  -0.003  0.010  0.970 -0.992 -0.992  0.992  1.000
 ERR MATRIX NOT POS-DEF
MINUIT - FIT wiggle + 1-CBO + 2-CBO
 **********
 **   42 **RES 
 **********
                   PARAMETER   16  beta_vw RESTORED TO VARIABLE.
                   PARAMETER   14  alpha_vw RESTORED TO VARIABLE.
                   PARAMETER   13  beta_y RESTORED TO VARIABLE.
                   PARAMETER   11  alpha_y RESTORED TO VARIABLE.
                   PARAMETER   10  beta_2CBO RESTORED TO VARIABLE.
                   PARAMETER    6  alpha_CBO RESTORED TO VARIABLE.
                   PARAMETER    4  phi RESTORED TO VARIABLE.
                   PARAMETER    3  A0 RESTORED TO VARIABLE.
                   PARAMETER    1  N0 RESTORED TO VARIABLE.
 **********
 **   43 **FIX           10
 **********
 **********
 **   44 **FIX           11
 **********
 **********
 **   45 **FIX           12
 **********
 PARAMETER   12  IS CONSTANT.   IGNORED.
 **********
 **   46 **FIX           13
 **********
 **********
 **   47 **FIX           14
 **********
 **********
 **   48 **FIX           15
 **********
 PARAMETER   15  IS CONSTANT.   IGNORED.
 **********
 **   49 **FIX           16
 **********
 **********
 **   50 **MIGRAD
 **********
 START MIGRAD MINIMIZATION.  STRATEGY  1.  CONVERGENCE WHEN EDM .LT. 1.00e-04
 FCN=57.2282 FROM MIGRAD    STATUS=INITIATE       22 CALLS        4418 TOTAL
                     EDM= unknown      STRATEGY= 1      NO ERROR MATRIX       
  EXT PARAMETER               CURRENT GUESS       STEP         FIRST   
  NO.   NAME      VALUE            ERROR          SIZE      DERIVATIVE 
   1  N0           2.93817e+06   1.38281e+03   1.38281e+03  -4.03639e-04
   2  tau          6.44050e+01   constant   
   3  A0           3.52466e-01   6.40670e-04   6.40670e-04  -5.98132e+02
   4  phi          4.11878e+00   1.78483e-03   1.78483e-03   1.02471e+03
   5  R           -6.11922e+01   constant   
   6  alpha_CBO    2.16397e-03   6.58456e-04   6.58456e-04   1.83133e+02
   7  w_CBO        2.32500e+00   constant   
   8  beta_CBO    -2.95945e-03   6.64323e-04   6.62266e-08  -1.04109e+00
   9  alpha_2CBO  -2.72197e-04   6.53430e-04   2.50001e-07  -5.55576e+00
  10  beta_2CBO    4.90505e-04     fixed    
  11  alpha_y      0.00000e+00     fixed    
  12  w_y          1.38860e+01   constant   
  13  beta_y       2.00771e-04     fixed    
  14  alpha_vw     0.00000e+00     fixed    
  15  w_vw         1.43404e+01   constant   
  16  beta_vw      0.00000e+00     fixed    
  17  LM           1.41693e-04   constant   
  18  zeta_y       0.00000e+00   constant   
  19  zeta_vw      0.00000e+00   constant   
  20  T_CBO        1.48699e+01   3.61058e+00   3.49954e-05  -2.70112e-01
  21  alpha_A0     6.95926e+05   3.48705e+06  -1.30790e+03   1.19654e-08
  22  beta_A0      5.77778e+05   2.96011e+06  -1.08675e+03  -1.16418e-09
  23  alpha_phi   -3.15797e+06   1.55769e+07   5.95262e+03   4.12595e-09
  24  beta_phi     8.48281e+03   2.52698e+05  -2.95974e+01  -1.00035e-08
 MIGRAD MINIMIZATION HAS CONVERGED.
 MIGRAD WILL VERIFY CONVERGENCE AND ERROR MATRIX.
 COVARIANCE MATRIX CALCULATED SUCCESSFULLY
 FCN=56.2757 FROM HESSE     STATUS=OK            100 CALLS        4662 TOTAL
                     EDM=0.000190679    STRATEGY= 1      ERROR MATRIX ACCURATE 
  EXT PARAMETER                                   STEP         FIRST   
  NO.   NAME      VALUE            ERROR          SIZE      DERIVATIVE 
   1  N0           2.93834e+06   1.47570e+03   4.82128e+00  -1.69059e-07
   2  tau          6.44050e+01   constant   
   3  A0           3.52636e-01   6.52769e-04   2.26453e-06   1.65643e-02
   4  phi          4.11708e+00   1.89288e-03   6.42791e-06  -1.31726e-01
   5  R           -6.11922e+01   constant   
   6  alpha_CBO    2.16824e-03   6.71221e-04   2.34090e-06   1.84633e+00
   7  w_CBO        2.32500e+00   constant   
   8  beta_CBO    -3.09988e-03   6.87662e-04   2.42356e-06   2.06300e-01
   9  alpha_2CBO  -3.19271e-04   6.66787e-04   2.38442e-06   1.44780e+00
  10  beta_2CBO    4.90505e-04     fixed    
  11  alpha_y      0.00000e+00     fixed    
  12  w_y          1.38860e+01   constant   
  13  beta_y       2.00771e-04     fixed    
  14  alpha_vw     0.00000e+00     fixed    
  15  w_vw         1.43404e+01   constant   
  16  beta_vw      0.00000e+00     fixed    
  17  LM           1.41693e-04   constant   
  18  zeta_y       0.00000e+00   constant   
  19  zeta_vw      0.00000e+00   constant   
  20  T_CBO        1.48970e+01   6.04651e+00   1.44636e-05   2.05994e-01
  21  alpha_A0     1.05350e+06   8.84854e+06   2.14056e+01  -2.90351e-10
  22  beta_A0      4.61064e+05   5.21279e+06   2.14057e+01   2.62045e-10
  23  alpha_phi   -3.25148e+06   2.69730e+07   2.14057e+01   5.99325e-10
  24  beta_phi    -3.03492e+05   3.56649e+06   2.14057e+01  -1.01505e-10
 CALL LIMIT EXCEEDED IN MIGRAD.
 MIGRAD TERMINATED WITHOUT CONVERGENCE.
 FCN=56.2669 FROM MIGRAD    STATUS=CALL LIMIT   1922 CALLS        6318 TOTAL
                     EDM=7.24511e-05    STRATEGY= 1  ERROR MATRIX UNCERTAINTY  15.5 per cent
  EXT PARAMETER                APPROXIMATE        STEP         FIRST   
  NO.   NAME      VALUE            ERROR          SIZE      DERIVATIVE 
   1  N0           2.93834e+06   1.46414e+03   9.35333e-01  -1.55029e-06
   2  tau          6.44050e+01   constant   
   3  A0           3.52633e-01   6.49685e-04   1.51914e-06   3.28858e+00
   4  phi          4.11707e+00   1.90727e-03   2.12060e-06   1.05272e+00
   5  R           -6.11922e+01   constant   
   6  alpha_CBO    2.16896e-03   6.56694e-04   8.02243e-07   3.46934e+00
   7  w_CBO        2.32500e+00   constant   
   8  beta_CBO    -3.09577e-03   6.91422e-04   4.23165e-07   2.66500e+00
   9  alpha_2CBO  -3.19421e-04   6.55181e-04   1.14998e-06   4.83794e+00
  10  beta_2CBO    4.90505e-04     fixed    
  11  alpha_y      0.00000e+00     fixed    
  12  w_y          1.38860e+01   constant   
  13  beta_y       2.00771e-04     fixed    
  14  alpha_vw     0.00000e+00     fixed    
  15  w_vw         1.43404e+01   constant   
  16  beta_vw      0.00000e+00     fixed    
  17  LM           1.41693e-04   constant   
  18  zeta_y       0.00000e+00   constant   
  19  zeta_vw      0.00000e+00   constant   
  20  T_CBO        1.28291e+01   5.47358e+00  -3.04853e-04  -3.33335e+00
  21  alpha_A0     2.84928e+07   2.70697e+08   1.60301e+06  -1.33812e-11
  22  beta_A0      1.34184e+07   1.33834e+08   1.02378e+06  -9.36375e-11
  23  alpha_phi   -8.95770e+07   8.37807e+08  -5.55965e+06   2.00432e-10
  24  beta_phi    -9.03843e+06   1.04757e+08  -1.07537e+06  -1.83479e-10
 EXTERNAL ERROR MATRIX.    NDIM=  25    NPAR= 11    ERR DEF=1
  2.144e+06 
  4.970e-02  4.221e-07 
  6.995e-01 -6.909e-08  3.638e-06 
 -3.096e-03  9.319e-08 -2.427e-08  4.312e-07 
  1.559e-02 -2.419e-08  3.035e-07 -7.940e-09  4.781e-07 
 -4.612e-02 -2.601e-08  2.231e-08  1.299e-08  1.897e-08  4.293e-07 
  3.530e+01  1.153e-05  1.167e-04 -1.146e-04 -3.029e-05 -1.641e-04  2.998e+01 
 -1.332e+10  1.753e+02 -1.682e+04  7.451e+03  4.400e+01  8.389e+03 -1.475e+09  7.328e+16 
  1.504e+10  3.174e+03  1.872e+04  1.269e+03  7.158e+03  6.473e+02 -6.654e+08  3.184e+16  1.791e+16 
  2.525e+10 -6.238e+03  3.668e+04 -2.094e+04 -4.480e+03 -2.135e+04  4.573e+09 -2.260e+17 -1.019e+17  7.019e+17 
  3.479e+09 -5.982e+03  1.591e+04 -2.940e+03  2.269e+03  5.615e+02  4.744e+08 -2.328e+16 -1.086e+16  7.464e+16  1.097e+16 
ERR MATRIX APPROXIMATE
 PARAMETER  CORRELATION COEFFICIENTS  
       NO.  GLOBAL      1      3      4      6      8      9     20     21     22     23     24
        1  0.41324   1.000  0.052  0.250 -0.003  0.015 -0.048  0.004 -0.034  0.077  0.021  0.023
        3  0.31686   0.052  1.000 -0.056  0.218 -0.054 -0.061  0.003  0.001  0.037 -0.011 -0.088
        4  0.40125   0.250 -0.056  1.000 -0.019  0.230  0.018  0.011 -0.033  0.073  0.023  0.080
        6  0.29772  -0.003  0.218 -0.019  1.000 -0.017  0.030 -0.032  0.042  0.014 -0.038 -0.043
        8  0.28496   0.015 -0.054  0.230 -0.017  1.000  0.042 -0.008  0.000  0.077 -0.008  0.031
        9  0.16008  -0.048 -0.061  0.018  0.030  0.042  1.000 -0.046  0.047  0.007 -0.039  0.008
       20  0.99772   0.004  0.003  0.011 -0.032 -0.008 -0.046  1.000 -0.995 -0.908  0.997  0.827
       21  0.99996  -0.034  0.001 -0.033  0.042  0.000  0.047 -0.995  1.000  0.879 -0.997 -0.821
       22  0.99854   0.077  0.037  0.073  0.014  0.077  0.007 -0.908  0.879  1.000 -0.909 -0.774
       23  0.99998   0.021 -0.011  0.023 -0.038 -0.008 -0.039  0.997 -0.997 -0.909  1.000  0.850
       24  0.99635   0.023 -0.088  0.080 -0.043  0.031  0.008  0.827 -0.821 -0.774  0.850  1.000
 ERR MATRIX APPROXIMATE
MINUIT - FIT ONLY 1-y
 **********
 **   51 **RES 
 **********
                   PARAMETER   16  beta_vw RESTORED TO VARIABLE.
                   PARAMETER   14  alpha_vw RESTORED TO VARIABLE.
                   PARAMETER   13  beta_y RESTORED TO VARIABLE.
                   PARAMETER   11  alpha_y RESTORED TO VARIABLE.
                   PARAMETER   10  beta_2CBO RESTORED TO VARIABLE.
 **********
 **   52 **FIX            0
 **********
 PARAMETER    0  IS UNDEFINED. IGNORED.
 **********
 **   53 **FIX            1
 **********
 **********
 **   54 **FIX            2
 **********
 PARAMETER    2  IS CONSTANT.   IGNORED.
 **********
 **   55 **FIX            3
 **********
 **********
 **   56 **FIX            4
 **********
 **********
 **   57 **FIX            5
 **********
 PARAMETER    5  IS CONSTANT.   IGNORED.
 **********
 **   58 **FIX            6
 **********
 **********
 **   59 **FIX            7
 **********
 PARAMETER    7  IS CONSTANT.   IGNORED.
 **********
 **   60 **FIX            8
 **********
 **********
 **   61 **FIX            9
 **********
 **********
 **   62 **FIX           13
 **********
 **********
 **   63 **FIX           14
 **********
 **********
 **   64 **FIX           15
 **********
 PARAMETER   15  IS CONSTANT.   IGNORED.
 **********
 **   65 **FIX           16
 **********
 **********
 **   66 **MIGRAD
 **********
 START MIGRAD MINIMIZATION.  STRATEGY  1.  CONVERGENCE WHEN EDM .LT. 1.00e-04
 FCN=56.2669 FROM MIGRAD    STATUS=INITIATE       16 CALLS        6334 TOTAL
                     EDM= unknown      STRATEGY= 1      NO ERROR MATRIX       
  EXT PARAMETER               CURRENT GUESS       STEP         FIRST   
  NO.   NAME      VALUE            ERROR          SIZE      DERIVATIVE 
   1  N0           2.93834e+06     fixed    
   2  tau          6.44050e+01   constant   
   3  A0           3.52633e-01     fixed    
   4  phi          4.11707e+00     fixed    
   5  R           -6.11922e+01   constant   
   6  alpha_CBO    2.16896e-03     fixed    
   7  w_CBO        2.32500e+00   constant   
   8  beta_CBO    -3.09577e-03     fixed    
   9  alpha_2CBO  -3.19421e-04     fixed    
  10  beta_2CBO    4.90505e-04   6.65305e-04   6.65305e-04   2.74770e+01
  11  alpha_y      0.00000e+00   1.00000e-03   1.00000e-03   3.02915e+02
  12  w_y          1.38860e+01   constant   
  13  beta_y       2.00771e-04     fixed    
  14  alpha_vw     0.00000e+00     fixed    
  15  w_vw         1.43404e+01   constant   
  16  beta_vw      0.00000e+00     fixed    
  17  LM           1.41693e-04   constant   
  18  zeta_y       0.00000e+00   constant   
  19  zeta_vw      0.00000e+00   constant   
  20  T_CBO        1.28291e+01   5.47358e+00  -3.04853e-04  -3.33337e+00
  21  alpha_A0     2.84928e+07   2.70697e+08   1.60301e+06  -1.33812e-11
  22  beta_A0      1.34184e+07   1.33834e+08   1.02378e+06  -9.36375e-11
  23  alpha_phi   -8.95770e+07   8.37807e+08  -5.55965e+06   2.00432e-10
  24  beta_phi    -9.03843e+06   1.04757e+08  -1.07537e+06  -1.83479e-10
 MIGRAD MINIMIZATION HAS CONVERGED.
 MIGRAD WILL VERIFY CONVERGENCE AND ERROR MATRIX.
 FCN=56.2572 FROM MIGRAD    STATUS=CONVERGED     115 CALLS        6433 TOTAL
                     EDM=9.59665e-06    STRATEGY= 1      ERR MATRIX NOT POS-DEF
  EXT PARAMETER                APPROXIMATE        STEP         FIRST   
  NO.   NAME      VALUE            ERROR          SIZE      DERIVATIVE 
   1  N0           2.93834e+06     fixed    
   2  tau          6.44050e+01   constant   
   3  A0           3.52633e-01     fixed    
   4  phi          4.11707e+00     fixed    
   5  R           -6.11922e+01   constant   
   6  alpha_CBO    2.16896e-03     fixed    
   7  w_CBO        2.32500e+00   constant   
   8  beta_CBO    -3.09577e-03     fixed    
   9  alpha_2CBO  -3.19421e-04     fixed    
  10  beta_2CBO    4.85089e-04   7.29329e-04   2.37751e-06  -1.48748e+00
  11  alpha_y     -6.35455e-05   5.44877e-04   2.39006e-06   2.63840e-01
  12  w_y          1.38860e+01   constant   
  13  beta_y       2.00771e-04     fixed    
  14  alpha_vw     0.00000e+00     fixed    
  15  w_vw         1.43404e+01   constant   
  16  beta_vw      0.00000e+00     fixed    
  17  LM           1.41693e-04   constant   
  18  zeta_y       0.00000e+00   constant   
  19  zeta_vw      0.00000e+00   constant   
  20  T_CBO        1.28297e+01   4.73963e+00   1.15334e-05   1.20447e-02
  21  alpha_A0     2.84916e+07   6.73826e+06   2.14023e+01  -8.09658e-12
  22  beta_A0      1.34211e+07   3.98111e+06   2.14023e+01  -1.09174e-10
  23  alpha_phi   -8.98173e+07   1.28686e+09   4.28282e+01   3.01052e-12
  24  beta_phi    -8.66273e+06   3.52067e+08   2.14023e+01   2.57212e-12
 EXTERNAL ERROR MATRIX.    NDIM=  25    NPAR=  7    ERR DEF=1
  5.319e-07 -7.091e-08 -2.362e-03 -2.422e+03  2.437e+02 -6.437e+05  1.787e+05 
 -7.091e-08  2.969e-07  6.676e-04  6.915e+02 -6.947e+01  1.818e+05 -4.986e+04 
 -2.362e-03  6.676e-04  2.248e+01  2.327e+07 -2.375e+06  6.090e+09 -1.640e+09 
 -2.422e+03  6.915e+02  2.327e+07  4.540e+13  2.393e+12  6.333e+15 -1.688e+15 
  2.437e+02 -6.947e+01 -2.375e+06  2.393e+12  1.585e+13 -6.418e+14  1.624e+14 
 -6.437e+05  1.818e+05  6.090e+09  6.333e+15 -6.418e+14  1.656e+18 -4.457e+17 
  1.787e+05 -4.986e+04 -1.640e+09 -1.688e+15  1.624e+14 -4.457e+17  1.240e+17 
ERR MATRIX NOT POS-DEF
 PARAMETER  CORRELATION COEFFICIENTS  
       NO.  GLOBAL     10     11     20     21     22     23     24
       10  0.69662   1.000 -0.178 -0.683 -0.493  0.084 -0.686  0.696
       11  0.26083  -0.178  1.000  0.258  0.188 -0.032  0.259 -0.260
       20  0.99819  -0.683  0.258  1.000  0.728 -0.126  0.998 -0.982
       21  0.75416  -0.493  0.188  0.728  1.000  0.089  0.730 -0.711
       22  0.29821   0.084 -0.032 -0.126  0.089  1.000 -0.125  0.116
       23  0.99834  -0.686  0.259  0.998  0.730 -0.125  1.000 -0.984
       24  0.98424   0.696 -0.260 -0.982 -0.711  0.116 -0.984  1.000
 ERR MATRIX NOT POS-DEF
MINUIT - FIT ONLY 2-y
 **********
 **   67 **RES 
 **********
                   PARAMETER   16  beta_vw RESTORED TO VARIABLE.
                   PARAMETER   14  alpha_vw RESTORED TO VARIABLE.
                   PARAMETER   13  beta_y RESTORED TO VARIABLE.
                   PARAMETER    9  alpha_2CBO RESTORED TO VARIABLE.
                   PARAMETER    8  beta_CBO RESTORED TO VARIABLE.
                   PARAMETER    6  alpha_CBO RESTORED TO VARIABLE.
                   PARAMETER    4  phi RESTORED TO VARIABLE.
                   PARAMETER    3  A0 RESTORED TO VARIABLE.
                   PARAMETER    1  N0 RESTORED TO VARIABLE.
 **********
 **   68 **FIX            0
 **********
 PARAMETER    0  IS UNDEFINED. IGNORED.
 **********
 **   69 **FIX            1
 **********
 **********
 **   70 **FIX            2
 **********
 PARAMETER    2  IS CONSTANT.   IGNORED.
 **********
 **   71 **FIX            3
 **********
 **********
 **   72 **FIX            4
 **********
 **********
 **   73 **FIX            5
 **********
 PARAMETER    5  IS CONSTANT.   IGNORED.
 **********
 **   74 **FIX            6
 **********
 **********
 **   75 **FIX            7
 **********
 PARAMETER    7  IS CONSTANT.   IGNORED.
 **********
 **   76 **FIX            8
 **********
 **********
 **   77 **FIX            9
 **********
 **********
 **   78 **FIX           10
 **********
 **********
 **   79 **FIX           11
 **********
 **********
 **   80 **FIX           12
 **********
 PARAMETER   12  IS CONSTANT.   IGNORED.
 **********
 **   81 **FIX           16
 **********
 **********
 **   82 **MIGRAD
 **********
 START MIGRAD MINIMIZATION.  STRATEGY  1.  CONVERGENCE WHEN EDM .LT. 1.00e-04
 FCN=56.2572 FROM MIGRAD    STATUS=INITIATE       16 CALLS        6449 TOTAL
                     EDM= unknown      STRATEGY= 1      NO ERROR MATRIX       
  EXT PARAMETER               CURRENT GUESS       STEP         FIRST   
  NO.   NAME      VALUE            ERROR          SIZE      DERIVATIVE 
   1  N0           2.93834e+06     fixed    
   2  tau          6.44050e+01   constant   
   3  A0           3.52633e-01     fixed    
   4  phi          4.11707e+00     fixed    
   5  R           -6.11922e+01   constant   
   6  alpha_CBO    2.16896e-03     fixed    
   7  w_CBO        2.32500e+00   constant   
   8  beta_CBO    -3.09577e-03     fixed    
   9  alpha_2CBO  -3.19421e-04     fixed    
  10  beta_2CBO    4.85089e-04     fixed    
  11  alpha_y     -6.35455e-05     fixed    
  12  w_y          1.38860e+01   constant   
  13  beta_y       2.00771e-04   6.72949e-04   6.72949e-04   1.15504e+02
