 + ++++++++++++++++++++++++++++++++++++++++++++++++++++++++++++++++++++ +
 +                                                                      +
 +           You have chose to blind your fitting according to          +
 +                omega_ref * (1 + (R +/- deltaR) *10^{-6})             +
 +                                                                      +
 + ++++++++++++++++++++++++++++++++++++++++++++++++++++++++++++++++++++ +
In main()...
reading format from /gm2data/zkhechad/run45/envelope/formats/formatB_sBin_constraintOn.txt
pBinTau 	= 0  
pBinPhi 	= 0  
constraintau 	= 1 
includeMopTerm 	= 0    
constrainMop    = 0   
Parameters after format file: pBinTau 0 pBinPhi 0 constraintau 1 includeMopTerm 0 constrainMop 0 c_e_scale 0.000000 
Opening file /gm2data/tbarrett/gm2fr/studies/run23_bunch_corrections/CorrectedFourier_Run3b.root.
reading full fit data from /gm2data/zkhechad/cboTemplates/Run4CBOTemplates/fullFits/noRF/sBin_constraintOn_cE0.0_seed0_noRF_calo7.root
windowBins = 69
fitting sliding window 700 from bin 836 at 124.582000 to bin 905 at 135.026000 (69 bins)

Reading data from /gm2data/cornell/histograms/aMethod/histogram_a_noRF.root
 **********
 **    1 **SET PRINTOUT            1
 **********
 **********
 **    2 **SET NOWARNINGS 
 **********
 PARAMETER DEFINITIONS:
    NO.   NAME         VALUE      STEP SIZE      LIMITS
     1 N0           3.03443e+06  1.00000e+02     no limits
     2 tau          6.44117e+01  constant
     3 A0           3.50188e-01  1.00000e-04     no limits
     4 phi          4.11726e+00  1.00000e-02     no limits
     5 R           -6.15857e+01  constant
     6 alpha_CBO    0.00000e+00  1.00000e-03     no limits
     7 w_CBO        2.32500e+00  constant
     8 beta_CBO     0.00000e+00  1.00000e-03     no limits
     9 alpha_2CBO   0.00000e+00  1.00000e-03     no limits
    10 beta_2CBO    0.00000e+00  1.00000e-03     no limits
    11 alpha_y      0.00000e+00  1.00000e-03     no limits
    12 w_y          1.38860e+01  constant
    13 beta_y       0.00000e+00  1.00000e-03     no limits
    14 alpha_vw     0.00000e+00  1.00000e-03     no limits
    15 w_vw         1.43404e+01  constant
    16 beta_vw      0.00000e+00  1.00000e-03     no limits
    17 LM           1.09700e-04  constant
    18 zeta_y       0.00000e+00  constant
    19 zeta_vw      0.00000e+00  constant
    20 T_CBO        1.00000e+02  1.00000e+00    0.00000e+00  1.00000e+03
    21 alpha_A0     0.00000e+00  1.00000e-03     no limits
    22 beta_A0      0.00000e+00  1.00000e-03     no limits
    23 alpha_phi    0.00000e+00  1.00000e-03     no limits
    24 beta_phi     0.00000e+00  1.00000e-03     no limits
MINUIT - FIT ONLY WIGGLE
 **********
 **    3 **FIX            5
 **********
 PARAMETER    5  IS CONSTANT.   IGNORED.
 **********
 **    4 **FIX            6
 **********
 **********
 **    5 **FIX            7
 **********
 PARAMETER    7  IS CONSTANT.   IGNORED.
 **********
 **    6 **FIX            8
 **********
 **********
 **    7 **FIX            9
 **********
 **********
 **    8 **FIX           10
 **********
 **********
 **    9 **FIX           11
 **********
 **********
 **   10 **FIX           12
 **********
 PARAMETER   12  IS CONSTANT.   IGNORED.
 **********
 **   11 **FIX           13
 **********
 **********
 **   12 **FIX           14
 **********
 **********
 **   13 **FIX           15
 **********
 PARAMETER   15  IS CONSTANT.   IGNORED.
 **********
 **   14 **FIX           16
 **********
 **********
 **   15 **MIGRAD
 **********
 FIRST CALL TO USER FUNCTION AT NEW START POINT, WITH IFLAG=4.
 START MIGRAD MINIMIZATION.  STRATEGY  1.  CONVERGENCE WHEN EDM .LT. 1.00e-04
 FCN=1320.15 FROM MIGRAD    STATUS=INITIATE      435 CALLS         436 TOTAL
                     EDM= unknown      STRATEGY= 1      NO ERROR MATRIX       
  EXT PARAMETER               CURRENT GUESS       STEP         FIRST   
  NO.   NAME      VALUE            ERROR          SIZE      DERIVATIVE 
   1  N0           3.03443e+06   1.00000e+02   0.00000e+00   2.10362e-02
   2  tau          6.44117e+01   constant   
   3  A0           3.50188e-01   1.00000e-04   0.00000e+00   7.60478e+04
   4  phi          4.11726e+00   1.00000e-02   0.00000e+00  -2.95720e+04
   5  R           -6.15857e+01   constant   
   6  alpha_CBO    0.00000e+00     fixed    
   7  w_CBO        2.32500e+00   constant   
   8  beta_CBO     0.00000e+00     fixed    
   9  alpha_2CBO   0.00000e+00     fixed    
  10  beta_2CBO    0.00000e+00     fixed    
  11  alpha_y      0.00000e+00     fixed    
  12  w_y          1.38860e+01   constant   
  13  beta_y       0.00000e+00     fixed    
  14  alpha_vw     0.00000e+00     fixed    
  15  w_vw         1.43404e+01   constant   
  16  beta_vw      0.00000e+00     fixed    
  17  LM           1.09700e-04   constant   
  18  zeta_y       0.00000e+00   constant   
  19  zeta_vw      0.00000e+00   constant   
  20  T_CBO        1.00000e+02   1.00000e+00   0.00000e+00   0.00000e+00
  21  alpha_A0     0.00000e+00   1.00000e-03   0.00000e+00  -1.01212e+03
  22  beta_A0      0.00000e+00   1.00000e-03   0.00000e+00   3.08061e+03
  23  alpha_phi    0.00000e+00   1.00000e-03   0.00000e+00  -3.38120e+03
  24  beta_phi     0.00000e+00   1.00000e-03   0.00000e+00   8.57182e+03
 CALL LIMIT EXCEEDED IN MIGRAD.
 MIGRAD TERMINATED WITHOUT CONVERGENCE.
 FCN=1081.03 FROM MIGRAD    STATUS=CALL LIMIT   1337 CALLS        1338 TOTAL
                     EDM=0.0369965    STRATEGY= 1  ERROR MATRIX UNCERTAINTY   2.1 per cent
  EXT PARAMETER                APPROXIMATE        STEP         FIRST   
  NO.   NAME      VALUE            ERROR          SIZE      DERIVATIVE 
   1  N0           3.03364e+06   3.56146e+02   2.79302e+01   5.88884e-05
   2  tau          6.44117e+01   constant   
   3  A0           3.49220e-01   1.57776e-04  -9.18957e-06  -2.15124e+02
   4  phi          4.12138e+00   4.88448e-04  -4.33322e-05   1.49216e+02
   5  R           -6.15857e+01   constant   
   6  alpha_CBO    0.00000e+00     fixed    
   7  w_CBO        2.32500e+00   constant   
   8  beta_CBO     0.00000e+00     fixed    
   9  alpha_2CBO   0.00000e+00     fixed    
  10  beta_2CBO    0.00000e+00     fixed    
  11  alpha_y      0.00000e+00     fixed    
  12  w_y          1.38860e+01   constant   
  13  beta_y       0.00000e+00     fixed    
  14  alpha_vw     0.00000e+00     fixed    
  15  w_vw         1.43404e+01   constant   
  16  beta_vw      0.00000e+00     fixed    
  17  LM           1.09700e-04   constant   
  18  zeta_y       0.00000e+00   constant   
  19  zeta_vw      0.00000e+00   constant   
  20  T_CBO        2.68375e+01   3.46698e+00  -5.17928e-03  -1.10816e+02
  21  alpha_A0     2.26707e-01   1.33388e-01   2.99494e-02  -2.42433e+00
  22  beta_A0     -2.29096e-01   1.28933e-01  -2.90812e-02   2.42263e+00
  23  alpha_phi    3.47286e-01   1.73982e-01   3.99151e-02  -1.85872e+00
  24  beta_phi    -7.76514e-01   4.21649e-01  -9.56311e-02   4.30707e+00
 EXTERNAL ERROR MATRIX.    NDIM=  25    NPAR=  8    ERR DEF=1
  1.268e+05 -7.208e-03 -7.509e-03 -1.274e+01  1.984e+00 -1.656e+00  2.898e+00 -6.345e+00 
 -7.208e-03  2.489e-08 -2.923e-09 -2.940e-05  5.972e-07 -6.511e-07  7.151e-07 -1.897e-06 
 -7.509e-03 -2.923e-09  2.386e-07  1.077e-05 -4.317e-07  6.155e-07 -9.265e-07  1.859e-06 
 -1.274e+01 -2.940e-05  1.077e-05  1.202e+01 -4.576e-01  4.432e-01 -5.989e-01  1.450e+00 
  1.984e+00  5.972e-07 -4.317e-07 -4.576e-01  1.779e-02 -1.719e-02  2.312e-02 -5.619e-02 
 -1.656e+00 -6.511e-07  6.155e-07  4.432e-01 -1.719e-02  1.662e-02 -2.239e-02  5.435e-02 
  2.898e+00  7.151e-07 -9.265e-07 -5.989e-01  2.312e-02 -2.239e-02  3.027e-02 -7.328e-02 
 -6.345e+00 -1.897e-06  1.859e-06  1.450e+00 -5.619e-02  5.435e-02 -7.328e-02  1.778e-01 
ERR MATRIX APPROXIMATE
 PARAMETER  CORRELATION COEFFICIENTS  
       NO.  GLOBAL      1      3      4     20     21     22     23     24
        1  0.41620   1.000 -0.128 -0.043 -0.010  0.042 -0.036  0.047 -0.042
        3  0.28588  -0.128  1.000 -0.038 -0.054  0.028 -0.032  0.026 -0.029
        4  0.11373  -0.043 -0.038  1.000  0.006 -0.007  0.010 -0.011  0.009
       20  0.99379  -0.010 -0.054  0.006  1.000 -0.989  0.991 -0.993  0.992
       21  0.99973   0.042  0.028 -0.007 -0.989  1.000 -0.999  0.996 -0.999
       22  0.99980  -0.036 -0.032  0.010  0.991 -0.999  1.000 -0.998  1.000
       23  0.99968   0.047  0.026 -0.011 -0.993  0.996 -0.998  1.000 -0.999
       24  0.99994  -0.042 -0.029  0.009  0.992 -0.999  1.000 -0.999  1.000
 ERR MATRIX APPROXIMATE
MINUIT - FIT ONLY 1-CBO + wiggle
 **********
 **   16 **RES 
 **********
                   PARAMETER   16  beta_vw RESTORED TO VARIABLE.
                   PARAMETER   14  alpha_vw RESTORED TO VARIABLE.
                   PARAMETER   13  beta_y RESTORED TO VARIABLE.
                   PARAMETER   11  alpha_y RESTORED TO VARIABLE.
                   PARAMETER   10  beta_2CBO RESTORED TO VARIABLE.
                   PARAMETER    9  alpha_2CBO RESTORED TO VARIABLE.
                   PARAMETER    8  beta_CBO RESTORED TO VARIABLE.
                   PARAMETER    6  alpha_CBO RESTORED TO VARIABLE.
 **********
 **   17 **FIX            8
 **********
 **********
 **   18 **FIX            9
 **********
 **********
 **   19 **FIX           11
 **********
 **********
 **   20 **FIX           12
 **********
 PARAMETER   12  IS CONSTANT.   IGNORED.
 **********
 **   21 **FIX           14
 **********
 **********
 **   22 **FIX           15
 **********
 PARAMETER   15  IS CONSTANT.   IGNORED.
 **********
 **   23 **FIX           16
 **********
 **********
 **   24 **MIGRAD
 **********
 START MIGRAD MINIMIZATION.  STRATEGY  1.  CONVERGENCE WHEN EDM .LT. 1.00e-04
 FCN=1081.03 FROM MIGRAD    STATUS=INITIATE       28 CALLS        1366 TOTAL
                     EDM= unknown      STRATEGY= 1      NO ERROR MATRIX       
  EXT PARAMETER               CURRENT GUESS       STEP         FIRST   
  NO.   NAME      VALUE            ERROR          SIZE      DERIVATIVE 
   1  N0           3.03364e+06   3.56146e+02   2.79302e+01   5.88884e-05
   2  tau          6.44117e+01   constant   
   3  A0           3.49220e-01   1.57776e-04  -9.18957e-06  -2.15124e+02
   4  phi          4.12138e+00   4.88448e-04  -4.33322e-05   1.49216e+02
   5  R           -6.15857e+01   constant   
   6  alpha_CBO    0.00000e+00   1.00000e-03   1.00000e-03  -1.50621e+05
   7  w_CBO        2.32500e+00   constant   
   8  beta_CBO     0.00000e+00     fixed    
   9  alpha_2CBO   0.00000e+00     fixed    
  10  beta_2CBO    0.00000e+00   1.00000e-03   1.00000e-03  -4.00874e+04
  11  alpha_y      0.00000e+00     fixed    
  12  w_y          1.38860e+01   constant   
  13  beta_y       0.00000e+00   1.00000e-03   1.00000e-03  -6.79588e+04
  14  alpha_vw     0.00000e+00     fixed    
  15  w_vw         1.43404e+01   constant   
  16  beta_vw      0.00000e+00     fixed    
  17  LM           1.09700e-04   constant   
  18  zeta_y       0.00000e+00   constant   
  19  zeta_vw      0.00000e+00   constant   
  20  T_CBO        2.68375e+01   3.46698e+00  -5.17928e-03  -1.10817e+02
  21  alpha_A0     2.26707e-01   1.33388e-01   2.99494e-02  -2.42433e+00
  22  beta_A0     -2.29096e-01   1.28933e-01  -2.90812e-02   2.42263e+00
  23  alpha_phi    3.47286e-01   1.73982e-01   3.99151e-02  -1.85872e+00
  24  beta_phi    -7.76514e-01   4.21649e-01  -9.56311e-02   4.30707e+00
 CALL LIMIT EXCEEDED IN MIGRAD.
 MIGRAD TERMINATED WITHOUT CONVERGENCE.
 FCN=865.851 FROM MIGRAD    STATUS=CALL LIMIT   1917 CALLS        3255 TOTAL
                     EDM=0.128599    STRATEGY= 1  ERROR MATRIX UNCERTAINTY  22.3 per cent
  EXT PARAMETER                APPROXIMATE        STEP         FIRST   
  NO.   NAME      VALUE            ERROR          SIZE      DERIVATIVE 
   1  N0           3.03409e+06   3.58548e+02   7.37167e+00   3.19371e-04
   2  tau          6.44117e+01   constant   
   3  A0           3.49745e-01   1.59720e-04   9.15771e-06   8.65107e+01
   4  phi          4.12221e+00   4.81277e-04  -2.14688e-05   5.53757e+02
   5  R           -6.15857e+01   constant   
   6  alpha_CBO    2.16923e-03   1.68184e-04  -8.58085e-07   4.08589e+01
   7  w_CBO        2.32500e+00   constant   
   8  beta_CBO     0.00000e+00     fixed    
   9  alpha_2CBO   0.00000e+00     fixed    
  10  beta_2CBO    4.70618e-04   1.58431e-04  -3.14609e-06   5.73069e+02
  11  alpha_y      0.00000e+00     fixed    
  12  w_y          1.38860e+01   constant   
  13  beta_y       9.08764e-04   1.62280e-04   3.24674e-06  -1.25429e+03
  14  alpha_vw     0.00000e+00     fixed    
  15  w_vw         1.43404e+01   constant   
  16  beta_vw      0.00000e+00     fixed    
  17  LM           1.09700e-04   constant   
  18  zeta_y       0.00000e+00   constant   
  19  zeta_vw      0.00000e+00   constant   
  20  T_CBO        9.67825e+00   4.20288e-01  -1.44792e-03  -7.86307e+02
  21  alpha_A0     1.02219e+03   4.99361e+02   1.53984e+02  -1.66143e-03
  22  beta_A0     -8.75887e+02   4.28067e+02  -1.31996e+02   3.68853e-03
  23  alpha_phi    1.38971e+03   6.79371e+02   2.09490e+02  -1.93880e-03
  24  beta_phi    -3.93569e+03   1.92310e+03  -5.93011e+02  -4.36563e-05
 EXTERNAL ERROR MATRIX.    NDIM=  25    NPAR= 11    ERR DEF=1
  1.286e+05 
 -5.507e-03  2.551e-08 
 -8.589e-03 -8.918e-10  2.316e-07 
  4.221e-03  4.714e-09  4.995e-09  2.829e-08 
 -4.882e-04 -5.289e-10  2.899e-09 -3.281e-10  2.510e-08 
  1.818e-03  3.211e-10  9.397e-11  3.737e-10  2.990e-10  2.633e-08 
 -1.082e+00 -6.414e-06  7.346e-06 -9.495e-08  1.170e-06 -1.765e-06  1.766e-01 
  4.764e+03  8.346e-03 -4.681e-03 -2.001e-04 -2.735e-03  2.481e-03 -2.084e+02  2.494e+05 
 -4.074e+03 -7.157e-03  4.017e-03  1.707e-04  2.346e-03 -2.126e-03  1.786e+02 -2.138e+05  1.832e+05 
  6.478e+03  1.135e-02 -6.373e-03 -2.720e-04 -3.723e-03  3.375e-03 -2.835e+02  3.393e+05 -2.908e+05  4.615e+05 
 -1.833e+04 -3.215e-02  1.804e-02  7.672e-04  1.054e-02 -9.554e-03  8.025e+02 -9.603e+05  8.232e+05 -1.306e+06  3.698e+06 
ERR MATRIX APPROXIMATE
 PARAMETER  CORRELATION COEFFICIENTS  
       NO.  GLOBAL      1      3      4      6     10     13     20     21     22     23     24
        1  0.32305   1.000 -0.096 -0.050  0.070 -0.009  0.031 -0.007  0.027 -0.027  0.027 -0.027
        3  0.28792  -0.096  1.000 -0.012  0.176 -0.021  0.012 -0.096  0.105 -0.105  0.105 -0.105
        4  0.22142  -0.050 -0.012  1.000  0.062  0.038  0.001  0.036 -0.019  0.019 -0.019  0.019
        6  0.23302   0.070  0.176  0.062  1.000 -0.012  0.014 -0.001 -0.002  0.002 -0.002  0.002
       10  0.18828  -0.009 -0.021  0.038 -0.012  1.000  0.012  0.018 -0.035  0.035 -0.035  0.035
       13  0.07845   0.031  0.012  0.001  0.014  0.012  1.000 -0.026  0.031 -0.031  0.031 -0.031
       20  0.99369  -0.007 -0.096  0.036 -0.001  0.018 -0.026  1.000 -0.993  0.993 -0.993  0.993
       21  1.00000   0.027  0.105 -0.019 -0.002 -0.035  0.031 -0.993  1.000 -1.000  1.000 -1.000
       22  1.00000  -0.027 -0.105  0.019  0.002  0.035 -0.031  0.993 -1.000  1.000 -1.000  1.000
       23  1.00000   0.027  0.105 -0.019 -0.002 -0.035  0.031 -0.993  1.000 -1.000  1.000 -1.000
       24  1.00000  -0.027 -0.105  0.019  0.002  0.035 -0.031  0.993 -1.000  1.000 -1.000  1.000
 ERR MATRIX APPROXIMATE
MINUIT - FIT ONLY 2-CBO
 **********
 **   25 **RES 
 **********
                   PARAMETER   16  beta_vw RESTORED TO VARIABLE.
                   PARAMETER   14  alpha_vw RESTORED TO VARIABLE.
                   PARAMETER   11  alpha_y RESTORED TO VARIABLE.
                   PARAMETER    9  alpha_2CBO RESTORED TO VARIABLE.
                   PARAMETER    8  beta_CBO RESTORED TO VARIABLE.
 **********
 **   26 **FIX            0
 **********
 PARAMETER    0  IS UNDEFINED. IGNORED.
 **********
 **   27 **FIX            1
 **********
 **********
 **   28 **FIX            2
 **********
 PARAMETER    2  IS CONSTANT.   IGNORED.
 **********
 **   29 **FIX            3
 **********
 **********
 **   30 **FIX            4
 **********
 **********
 **   31 **FIX            5
 **********
 PARAMETER    5  IS CONSTANT.   IGNORED.
 **********
 **   32 **FIX            6
 **********
 **********
 **   33 **FIX            7
 **********
 PARAMETER    7  IS CONSTANT.   IGNORED.
 **********
 **   34 **FIX           10
 **********
 **********
 **   35 **FIX           11
 **********
 **********
 **   36 **FIX           12
 **********
 PARAMETER   12  IS CONSTANT.   IGNORED.
 **********
 **   37 **FIX           13
 **********
 **********
 **   38 **FIX           14
 **********
 **********
 **   39 **FIX           15
 **********
 PARAMETER   15  IS CONSTANT.   IGNORED.
 **********
 **   40 **FIX           16
 **********
 **********
 **   41 **MIGRAD
 **********
 START MIGRAD MINIMIZATION.  STRATEGY  1.  CONVERGENCE WHEN EDM .LT. 1.00e-04
 FCN=865.851 FROM MIGRAD    STATUS=INITIATE       18 CALLS        3273 TOTAL
                     EDM= unknown      STRATEGY= 1      NO ERROR MATRIX       
  EXT PARAMETER               CURRENT GUESS       STEP         FIRST   
  NO.   NAME      VALUE            ERROR          SIZE      DERIVATIVE 
   1  N0           3.03409e+06     fixed    
   2  tau          6.44117e+01   constant   
   3  A0           3.49745e-01     fixed    
   4  phi          4.12221e+00     fixed    
   5  R           -6.15857e+01   constant   
   6  alpha_CBO    2.16923e-03     fixed    
   7  w_CBO        2.32500e+00   constant   
   8  beta_CBO     0.00000e+00   1.00000e-03   1.00000e-03   3.39348e+05
   9  alpha_2CBO   0.00000e+00   1.00000e-03   1.00000e-03  -3.46995e+04
  10  beta_2CBO    4.70618e-04     fixed    
  11  alpha_y      0.00000e+00     fixed    
  12  w_y          1.38860e+01   constant   
  13  beta_y       9.08764e-04     fixed    
  14  alpha_vw     0.00000e+00     fixed    
  15  w_vw         1.43404e+01   constant   
  16  beta_vw      0.00000e+00     fixed    
  17  LM           1.09700e-04   constant   
  18  zeta_y       0.00000e+00   constant   
  19  zeta_vw      0.00000e+00   constant   
  20  T_CBO        9.67825e+00   4.20288e-01  -1.44792e-03  -7.86306e+02
  21  alpha_A0     1.02219e+03   4.99361e+02   1.53984e+02  -1.66143e-03
  22  beta_A0     -8.75887e+02   4.28067e+02  -1.31996e+02   3.68853e-03
  23  alpha_phi    1.38971e+03   6.79371e+02   2.09490e+02  -1.93880e-03
  24  beta_phi    -3.93569e+03   1.92310e+03  -5.93011e+02  -4.36563e-05
 CALL LIMIT EXCEEDED IN MIGRAD.
 MIGRAD TERMINATED WITHOUT CONVERGENCE.
 FCN=140.824 FROM MIGRAD    STATUS=CALL LIMIT   1146 CALLS        4401 TOTAL
                     EDM=0.00929629    STRATEGY= 1  ERROR MATRIX UNCERTAINTY  20.5 per cent
  EXT PARAMETER                APPROXIMATE        STEP         FIRST   
  NO.   NAME      VALUE            ERROR          SIZE      DERIVATIVE 
   1  N0           3.03409e+06     fixed    
   2  tau          6.44117e+01   constant   
   3  A0           3.49745e-01     fixed    
   4  phi          4.12221e+00     fixed    
   5  R           -6.15857e+01   constant   
   6  alpha_CBO    2.16923e-03     fixed    
   7  w_CBO        2.32500e+00   constant   
   8  beta_CBO    -4.22497e-03   1.58815e-04   5.00490e-07   3.12503e+01
   9  alpha_2CBO   3.87742e-04   1.62632e-04   3.62631e-07   4.44901e+01
  10  beta_2CBO    4.70618e-04     fixed    
  11  alpha_y      0.00000e+00     fixed    
  12  w_y          1.38860e+01   constant   
  13  beta_y       9.08764e-04     fixed    
  14  alpha_vw     0.00000e+00     fixed    
  15  w_vw         1.43404e+01   constant   
  16  beta_vw      0.00000e+00     fixed    
  17  LM           1.09700e-04   constant   
  18  zeta_y       0.00000e+00   constant   
  19  zeta_vw      0.00000e+00   constant   
  20  T_CBO        7.42375e+00   6.51203e-01  -4.85510e-04  -1.14481e+02
  21  alpha_A0     4.96805e+04   7.68915e+04   4.90585e+03  -3.46842e-06
  22  beta_A0     -2.23508e+04   3.78800e+04  -2.38066e+03   2.74517e-06
  23  alpha_phi    9.48761e+04   1.32374e+05   8.45854e+03  -1.56075e-08
  24  beta_phi    -1.45318e+05   2.06291e+05  -1.31759e+04   2.37239e-06
 EXTERNAL ERROR MATRIX.    NDIM=  25    NPAR=  7    ERR DEF=1
  2.522e-08  8.700e-10 -5.395e-06  6.595e-01 -3.858e-01  1.245e+00 -1.951e+00 
  8.700e-10  2.645e-08 -2.302e-06  2.987e-01 -2.483e-01  6.330e-01 -9.949e-01 
 -5.395e-06 -2.302e-06  4.241e-01 -4.969e+04  2.434e+04 -8.607e+04  1.341e+05 
  6.595e-01  2.987e-01 -4.969e+04  5.912e+09 -2.826e+09  1.012e+10 -1.576e+10 
 -3.858e-01 -2.483e-01  2.434e+04 -2.826e+09  1.435e+09 -4.962e+09  7.744e+09 
  1.245e+00  6.330e-01 -8.607e+04  1.012e+10 -4.962e+09  1.752e+10 -2.731e+10 
 -1.951e+00 -9.949e-01  1.341e+05 -1.576e+10  7.744e+09 -2.731e+10  4.256e+10 
ERR MATRIX APPROXIMATE
 PARAMETER  CORRELATION COEFFICIENTS  
       NO.  GLOBAL      8      9     20     21     22     23     24
        8  0.19983   1.000  0.034 -0.052  0.054 -0.064  0.059 -0.060
        9  0.21388   0.034  1.000 -0.022  0.024 -0.040  0.029 -0.030
       20  0.99915  -0.052 -0.022  1.000 -0.992  0.987 -0.998  0.998
       21  0.99975   0.054  0.024 -0.992  1.000 -0.970  0.994 -0.994
       22  0.99976  -0.064 -0.040  0.987 -0.970  1.000 -0.990  0.991
       23  0.99998   0.059  0.029 -0.998  0.994 -0.990  1.000 -1.000
       24  0.99999  -0.060 -0.030  0.998 -0.994  0.991 -1.000  1.000
 ERR MATRIX APPROXIMATE
MINUIT - FIT wiggle + 1-CBO + 2-CBO
 **********
 **   42 **RES 
 **********
                   PARAMETER   16  beta_vw RESTORED TO VARIABLE.
                   PARAMETER   14  alpha_vw RESTORED TO VARIABLE.
                   PARAMETER   13  beta_y RESTORED TO VARIABLE.
                   PARAMETER   11  alpha_y RESTORED TO VARIABLE.
                   PARAMETER   10  beta_2CBO RESTORED TO VARIABLE.
                   PARAMETER    6  alpha_CBO RESTORED TO VARIABLE.
                   PARAMETER    4  phi RESTORED TO VARIABLE.
                   PARAMETER    3  A0 RESTORED TO VARIABLE.
                   PARAMETER    1  N0 RESTORED TO VARIABLE.
 **********
 **   43 **FIX           10
 **********
 **********
 **   44 **FIX           11
 **********
 **********
 **   45 **FIX           12
 **********
 PARAMETER   12  IS CONSTANT.   IGNORED.
 **********
 **   46 **FIX           13
 **********
 **********
 **   47 **FIX           14
 **********
 **********
 **   48 **FIX           15
 **********
 PARAMETER   15  IS CONSTANT.   IGNORED.
 **********
 **   49 **FIX           16
 **********
 **********
 **   50 **MIGRAD
 **********
 START MIGRAD MINIMIZATION.  STRATEGY  1.  CONVERGENCE WHEN EDM .LT. 1.00e-04
 FCN=140.824 FROM MIGRAD    STATUS=INITIATE       22 CALLS        4423 TOTAL
                     EDM= unknown      STRATEGY= 1      NO ERROR MATRIX       
  EXT PARAMETER               CURRENT GUESS       STEP         FIRST   
  NO.   NAME      VALUE            ERROR          SIZE      DERIVATIVE 
   1  N0           3.03409e+06   3.58548e+02   3.58548e+02  -5.52975e-03
   2  tau          6.44117e+01   constant   
   3  A0           3.49745e-01   1.59720e-04   1.59720e-04  -2.80641e+04
   4  phi          4.12221e+00   4.81277e-04   4.81277e-04   2.74614e+04
   5  R           -6.15857e+01   constant   
   6  alpha_CBO    2.16923e-03   1.68184e-04   1.68184e-04  -2.97417e+03
   7  w_CBO        2.32500e+00   constant   
   8  beta_CBO    -4.22497e-03   1.58815e-04   5.00490e-07   3.12503e+01
   9  alpha_2CBO   3.87742e-04   1.62632e-04   3.62631e-07   4.44901e+01
  10  beta_2CBO    4.70618e-04     fixed    
  11  alpha_y      0.00000e+00     fixed    
  12  w_y          1.38860e+01   constant   
  13  beta_y       9.08764e-04     fixed    
  14  alpha_vw     0.00000e+00     fixed    
  15  w_vw         1.43404e+01   constant   
  16  beta_vw      0.00000e+00     fixed    
  17  LM           1.09700e-04   constant   
  18  zeta_y       0.00000e+00   constant   
  19  zeta_vw      0.00000e+00   constant   
  20  T_CBO        7.42375e+00   6.51203e-01  -4.85510e-04  -1.14481e+02
  21  alpha_A0     4.96805e+04   7.68915e+04   4.90585e+03  -3.46842e-06
  22  beta_A0     -2.23508e+04   3.78800e+04  -2.38066e+03   2.74517e-06
  23  alpha_phi    9.48761e+04   1.32374e+05   8.45854e+03  -1.56076e-08
  24  beta_phi    -1.45318e+05   2.06291e+05  -1.31759e+04   2.37239e-06
 CALL LIMIT EXCEEDED IN MIGRAD.
 MIGRAD TERMINATED WITHOUT CONVERGENCE.
 FCN=84.1382 FROM MIGRAD    STATUS=CALL LIMIT   1919 CALLS        6320 TOTAL
                     EDM=0.0223105    STRATEGY= 1  ERROR MATRIX UNCERTAINTY  20.9 per cent
  EXT PARAMETER                APPROXIMATE        STEP         FIRST   
  NO.   NAME      VALUE            ERROR          SIZE      DERIVATIVE 
   1  N0           3.03437e+06   3.30652e+02  -5.31582e+00   7.78317e-05
   2  tau          6.44117e+01   constant   
   3  A0           3.50097e-01   1.48714e-04  -1.46019e-06  -2.11419e+01
   4  phi          4.11855e+00   4.83185e-04  -1.23349e-06   5.29651e+01
   5  R           -6.15857e+01   constant   
   6  alpha_CBO    2.24551e-03   1.55489e-04   5.12557e-07  -2.64168e+01
   7  w_CBO        2.32500e+00   constant   
   8  beta_CBO    -4.56733e-03   1.60714e-04   5.16153e-07   1.40181e+02
   9  alpha_2CBO   4.04256e-04   1.50860e-04   8.05664e-07   8.48417e+01
  10  beta_2CBO    4.70618e-04     fixed    
  11  alpha_y      0.00000e+00     fixed    
  12  w_y          1.38860e+01   constant   
  13  beta_y       9.08764e-04     fixed    
  14  alpha_vw     0.00000e+00     fixed    
  15  w_vw         1.43404e+01   constant   
  16  beta_vw      0.00000e+00     fixed    
  17  LM           1.09700e-04   constant   
  18  zeta_y       0.00000e+00   constant   
  19  zeta_vw      0.00000e+00   constant   
  20  T_CBO        1.01985e+01   1.01019e+00   9.61160e-04  -1.83727e+02
  21  alpha_A0     1.24767e+02   3.57563e+02  -6.13936e+00   2.40168e-04
  22  beta_A0     -2.95407e+02   5.07906e+02   2.62968e+01   1.90668e-04
  23  alpha_phi    6.93752e+02   9.85729e+02  -9.99663e+01  -5.96231e-04
  24  beta_phi    -1.13455e+03   1.63897e+03   1.56795e+02   7.32841e-04
 EXTERNAL ERROR MATRIX.    NDIM=  25    NPAR= 11    ERR DEF=1
  1.093e+05 
 -7.184e-05  2.212e-08 
 -1.034e-02 -1.286e-09  2.335e-07 
  3.333e-06  2.359e-09  2.306e-09  2.418e-08 
 -3.035e-04 -3.023e-09  1.794e-08 -4.960e-10  2.583e-08 
  1.268e-03 -1.009e-10 -1.659e-09  2.233e-09  2.594e-10  2.276e-08 
 -4.105e+00 -1.878e-05 -2.605e-05  6.570e-07 -8.076e-07  3.424e-06  1.021e+00 
  5.465e+03  5.320e-03  3.338e-02 -5.541e-03  3.490e-03 -3.772e-04 -1.972e+02  1.279e+05 
  2.501e+04 -1.512e-02 -6.397e-03 -5.429e-04 -3.317e-03 -4.510e-03  4.112e+02 -8.191e+04  2.580e+05 
  2.008e+04  3.015e-03  2.507e-02 -1.451e-03  1.722e-03  6.349e-03 -9.259e+02  1.766e+05 -3.556e+05  9.717e+05 
 -4.710e+03 -3.851e-02 -6.327e-02  1.094e-03 -7.536e-03  1.102e-02  1.620e+03 -3.353e+05  6.844e+05 -1.388e+06  2.686e+06 
ERR MATRIX APPROXIMATE
 PARAMETER  CORRELATION COEFFICIENTS  
       NO.  GLOBAL      1      3      4      6      8      9     20     21     22     23     24
        1  0.35998   1.000 -0.001 -0.065  0.000 -0.006  0.025 -0.012  0.046  0.149  0.062 -0.009
        3  0.36595  -0.001  1.000 -0.018  0.102 -0.126 -0.004 -0.125  0.100 -0.200  0.021 -0.158
        4  0.34825  -0.065 -0.018  1.000  0.031  0.231 -0.023 -0.053  0.193 -0.026  0.053 -0.080
        6  0.19646   0.000  0.102  0.031  1.000 -0.020  0.095  0.004 -0.100 -0.007 -0.009  0.004
        8  0.29710  -0.006 -0.126  0.231 -0.020  1.000  0.011 -0.005  0.061 -0.041  0.011 -0.029
        9  0.26314   0.025 -0.004 -0.023  0.095  0.011  1.000  0.022 -0.007 -0.059  0.043  0.045
       20  0.99440  -0.012 -0.125 -0.053  0.004 -0.005  0.022  1.000 -0.546  0.801 -0.930  0.978
       21  0.61670   0.046  0.100  0.193 -0.100  0.061 -0.007 -0.546  1.000 -0.451  0.501 -0.572
       22  0.85091   0.149 -0.200 -0.026 -0.007 -0.041 -0.059  0.801 -0.451  1.000 -0.710  0.822
       23  0.96671   0.062  0.021  0.053 -0.009  0.011  0.043 -0.930  0.501 -0.710  1.000 -0.859
       24  0.99033  -0.009 -0.158 -0.080  0.004 -0.029  0.045  0.978 -0.572  0.822 -0.859  1.000
 ERR MATRIX APPROXIMATE
MINUIT - FIT ONLY 1-y
 **********
 **   51 **RES 
 **********
                   PARAMETER   16  beta_vw RESTORED TO VARIABLE.
                   PARAMETER   14  alpha_vw RESTORED TO VARIABLE.
                   PARAMETER   13  beta_y RESTORED TO VARIABLE.
                   PARAMETER   11  alpha_y RESTORED TO VARIABLE.
                   PARAMETER   10  beta_2CBO RESTORED TO VARIABLE.
 **********
 **   52 **FIX            0
 **********
 PARAMETER    0  IS UNDEFINED. IGNORED.
 **********
 **   53 **FIX            1
 **********
 **********
 **   54 **FIX            2
 **********
 PARAMETER    2  IS CONSTANT.   IGNORED.
 **********
 **   55 **FIX            3
 **********
 **********
 **   56 **FIX            4
 **********
 **********
 **   57 **FIX            5
 **********
 PARAMETER    5  IS CONSTANT.   IGNORED.
 **********
 **   58 **FIX            6
 **********
 **********
 **   59 **FIX            7
 **********
 PARAMETER    7  IS CONSTANT.   IGNORED.
 **********
 **   60 **FIX            8
 **********
 **********
 **   61 **FIX            9
 **********
 **********
 **   62 **FIX           13
 **********
 **********
 **   63 **FIX           14
 **********
 **********
 **   64 **FIX           15
 **********
 PARAMETER   15  IS CONSTANT.   IGNORED.
 **********
 **   65 **FIX           16
 **********
 **********
 **   66 **MIGRAD
 **********
 START MIGRAD MINIMIZATION.  STRATEGY  1.  CONVERGENCE WHEN EDM .LT. 1.00e-04
 FCN=84.1382 FROM MIGRAD    STATUS=INITIATE       16 CALLS        6336 TOTAL
                     EDM= unknown      STRATEGY= 1      NO ERROR MATRIX       
  EXT PARAMETER               CURRENT GUESS       STEP         FIRST   
  NO.   NAME      VALUE            ERROR          SIZE      DERIVATIVE 
   1  N0           3.03437e+06     fixed    
   2  tau          6.44117e+01   constant   
   3  A0           3.50097e-01     fixed    
   4  phi          4.11855e+00     fixed    
   5  R           -6.15857e+01   constant   
   6  alpha_CBO    2.24551e-03     fixed    
   7  w_CBO        2.32500e+00   constant   
   8  beta_CBO    -4.56733e-03     fixed    
   9  alpha_2CBO   4.04256e-04     fixed    
  10  beta_2CBO    4.70618e-04   1.58431e-04   1.58431e-04   1.59081e+04
  11  alpha_y      0.00000e+00   1.00000e-03   1.00000e-03   1.05901e+04
  12  w_y          1.38860e+01   constant   
  13  beta_y       9.08764e-04     fixed    
  14  alpha_vw     0.00000e+00     fixed    
  15  w_vw         1.43404e+01   constant   
  16  beta_vw      0.00000e+00     fixed    
  17  LM           1.09700e-04   constant   
  18  zeta_y       0.00000e+00   constant   
  19  zeta_vw      0.00000e+00   constant   
  20  T_CBO        1.01985e+01   1.01019e+00   9.61160e-04  -1.83726e+02
  21  alpha_A0     1.24767e+02   3.57563e+02  -6.13936e+00   2.40168e-04
  22  beta_A0     -2.95407e+02   5.07906e+02   2.62968e+01   1.90668e-04
  23  alpha_phi    6.93752e+02   9.85729e+02  -9.99663e+01  -5.96231e-04
  24  beta_phi    -1.13455e+03   1.63897e+03   1.56795e+02   7.32841e-04
 CALL LIMIT EXCEEDED IN MIGRAD.
 MIGRAD TERMINATED WITHOUT CONVERGENCE.
 FCN=81.221 FROM MIGRAD    STATUS=CALL LIMIT   1150 CALLS        7470 TOTAL
                     EDM=0.00431182    STRATEGY= 1  ERROR MATRIX UNCERTAINTY  19.8 per cent
  EXT PARAMETER                APPROXIMATE        STEP         FIRST   
  NO.   NAME      VALUE            ERROR          SIZE      DERIVATIVE 
   1  N0           3.03437e+06     fixed    
   2  tau          6.44117e+01   constant   
   3  A0           3.50097e-01     fixed    
   4  phi          4.11855e+00     fixed    
   5  R           -6.15857e+01   constant   
   6  alpha_CBO    2.24551e-03     fixed    
   7  w_CBO        2.32500e+00   constant   
   8  beta_CBO    -4.56733e-03     fixed    
   9  alpha_2CBO   4.04256e-04     fixed    
  10  beta_2CBO    2.57862e-04   1.58959e-04   6.50118e-07  -5.82407e+01
  11  alpha_y     -1.38273e-04   1.57798e-04   2.80876e-07  -1.48537e+01
  12  w_y          1.38860e+01   constant   
  13  beta_y       9.08764e-04     fixed    
  14  alpha_vw     0.00000e+00     fixed    
  15  w_vw         1.43404e+01   constant   
  16  beta_vw      0.00000e+00     fixed    
  17  LM           1.09700e-04   constant   
  18  zeta_y       0.00000e+00   constant   
  19  zeta_vw      0.00000e+00   constant   
  20  T_CBO        1.40331e+01   2.47757e+00   6.18131e-04  -4.99445e+01
  21  alpha_A0     2.22212e+00   1.06290e+01  -1.24252e-01  -4.84562e-03
  22  beta_A0     -9.28603e+00   1.98931e+01   3.81322e-01   2.31629e-03
  23  alpha_phi    2.31690e+01   3.95435e+01  -1.23874e+00  -3.42936e-03
  24  beta_phi    -3.80536e+01   6.67125e+01   1.94532e+00   1.28616e-02
 EXTERNAL ERROR MATRIX.    NDIM=  25    NPAR=  7    ERR DEF=1
  2.527e-08  4.088e-10  1.356e-05  2.849e-04  1.768e-04 -2.378e-04  5.180e-04 
  4.088e-10  2.490e-08  8.554e-07 -1.928e-05 -1.362e-05  1.455e-05  3.492e-05 
  1.356e-05  8.554e-07  6.139e+00 -5.740e+00  4.368e+01 -9.628e+01  1.648e+02 
  2.849e-04 -1.928e-05 -5.740e+00  1.130e+02 -5.995e+00  1.074e+02 -1.202e+02 
  1.768e-04 -1.362e-05  4.368e+01 -5.995e+00  3.957e+02 -6.853e+02  1.180e+03 
 -2.378e-04  1.455e-05 -9.628e+01  1.074e+02 -6.853e+02  1.564e+03 -2.567e+03 
  5.180e-04  3.492e-05  1.648e+02 -1.202e+02  1.180e+03 -2.567e+03  4.451e+03 
ERR MATRIX APPROXIMATE
 PARAMETER  CORRELATION COEFFICIENTS  
       NO.  GLOBAL     10     11     20     21     22     23     24
       10  0.24521   1.000  0.016  0.034  0.169  0.056 -0.038  0.049
       11  0.04027   0.016  1.000  0.002 -0.011 -0.004  0.002  0.003
       20  0.99916   0.034  0.002  1.000 -0.218  0.886 -0.983  0.997
       21  0.73280   0.169 -0.011 -0.218  1.000 -0.028  0.256 -0.170
       22  0.90399   0.056 -0.004  0.886 -0.028  1.000 -0.871  0.889
       23  0.98738  -0.038  0.002 -0.983  0.256 -0.871  1.000 -0.973
       24  0.99881   0.049  0.003  0.997 -0.170  0.889 -0.973  1.000
 ERR MATRIX APPROXIMATE
MINUIT - FIT ONLY 2-y
 **********
 **   67 **RES 
 **********
                   PARAMETER   16  beta_vw RESTORED TO VARIABLE.
                   PARAMETER   14  alpha_vw RESTORED TO VARIABLE.
                   PARAMETER   13  beta_y RESTORED TO VARIABLE.
                   PARAMETER    9  alpha_2CBO RESTORED TO VARIABLE.
                   PARAMETER    8  beta_CBO RESTORED TO VARIABLE.
                   PARAMETER    6  alpha_CBO RESTORED TO VARIABLE.
                   PARAMETER    4  phi RESTORED TO VARIABLE.
                   PARAMETER    3  A0 RESTORED TO VARIABLE.
                   PARAMETER    1  N0 RESTORED TO VARIABLE.
 **********
 **   68 **FIX            0
 **********
 PARAMETER    0  IS UNDEFINED. IGNORED.
 **********
 **   69 **FIX            1
 **********
 **********
 **   70 **FIX            2
 **********
 PARAMETER    2  IS CONSTANT.   IGNORED.
 **********
 **   71 **FIX            3
 **********
 **********
 **   72 **FIX            4
 **********
 **********
 **   73 **FIX            5
 **********
 PARAMETER    5  IS CONSTANT.   IGNORED.
 **********
 **   74 **FIX            6
 **********
 **********
 **   75 **FIX            7
 **********
 PARAMETER    7  IS CONSTANT.   IGNORED.
 **********
 **   76 **FIX            8
 **********
 **********
 **   77 **FIX            9
 **********
 **********
 **   78 **FIX           10
 **********
 **********
 **   79 **FIX           11
 **********
 **********
 **   80 **FIX           12
 **********
 PARAMETER   12  IS CONSTANT.   IGNORED.
 **********
 **   81 **FIX           16
 **********
 **********
 **   82 **MIGRAD
 **********
 START MIGRAD MINIMIZATION.  STRATEGY  1.  CONVERGENCE WHEN EDM .LT. 1.00e-04
 FCN=81.221 FROM MIGRAD    STATUS=INITIATE       16 CALLS        7486 TOTAL
                     EDM= unknown      STRATEGY= 1      NO ERROR MATRIX       
  EXT PARAMETER               CURRENT GUESS       STEP         FIRST   
  NO.   NAME      VALUE            ERROR          SIZE      DERIVATIVE 
   1  N0           3.03437e+06     fixed    
   2  tau          6.44117e+01   constant   
   3  A0           3.50097e-01     fixed    
   4  phi          4.11855e+00     fixed    
   5  R           -6.15857e+01   constant   
   6  alpha_CBO    2.24551e-03     fixed    
   7  w_CBO        2.32500e+00   constant   
   8  beta_CBO    -4.56733e-03     fixed    
   9  alpha_2CBO   4.04256e-04     fixed    
  10  beta_2CBO    2.57862e-04     fixed    
  11  alpha_y     -1.38273e-04     fixed    
  12  w_y          1.38860e+01   constant   
  13  beta_y       9.08764e-04   1.62280e-04   1.62280e-04  -1.35366e+03
  14  alpha_vw     0.00000e+00   1.00000e-03   1.00000e-03   5.19237e+04
  15  w_vw         1.43404e+01   constant   
  16  beta_vw      0.00000e+00     fixed    
  17  LM           1.09700e-04   constant   
  18  zeta_y       0.00000e+00   constant   
  19  zeta_vw      0.00000e+00   constant   
  20  T_CBO        1.40331e+01   2.47757e+00   6.18131e-04  -4.99445e+01
  21  alpha_A0     2.22212e+00   1.06290e+01  -1.24252e-01  -4.84562e-03
  22  beta_A0     -9.28603e+00   1.98931e+01   3.81322e-01   2.31628e-03
  23  alpha_phi    2.31690e+01   3.95435e+01  -1.23874e+00  -3.42936e-03
  24  beta_phi    -3.80536e+01   6.67125e+01   1.94532e+00   1.28616e-02
 MIGRAD MINIMIZATION HAS CONVERGED.
 MIGRAD WILL VERIFY CONVERGENCE AND ERROR MATRIX.
 FCN=63.3234 FROM HESSE     STATUS=NOT POSDEF     50 CALLS        7599 TOTAL
                     EDM=0.00262005    STRATEGY= 1      ERR MATRIX NOT POS-DEF
  EXT PARAMETER                APPROXIMATE        STEP         FIRST   
  NO.   NAME      VALUE            ERROR          SIZE      DERIVATIVE 
   1  N0           3.03437e+06     fixed    
   2  tau          6.44117e+01   constant   
   3  A0           3.50097e-01     fixed    
   4  phi          4.11855e+00     fixed    
   5  R           -6.15857e+01   constant   
   6  alpha_CBO    2.24551e-03     fixed    
   7  w_CBO        2.32500e+00   constant   
   8  beta_CBO    -4.56733e-03     fixed    
   9  alpha_2CBO   4.04256e-04     fixed    
  10  beta_2CBO    2.57862e-04     fixed    
  11  alpha_y     -1.38273e-04     fixed    
  12  w_y          1.38860e+01   constant   
  13  beta_y       7.73833e-04   1.65037e-04   6.31390e-07   1.10052e+00
  14  alpha_vw    -6.92830e-04   1.63616e-04   6.25851e-07  -2.02713e+00
  15  w_vw         1.43404e+01   constant   
  16  beta_vw      0.00000e+00     fixed    
  17  LM           1.09700e-04   constant   
  18  zeta_y       0.00000e+00   constant   
  19  zeta_vw      0.00000e+00   constant   
  20  T_CBO        1.40366e+01   3.23365e+00   6.81383e-06  -1.84212e+00
  21  alpha_A0     2.47270e+00   8.62012e+00   2.62013e-02  -7.00192e-05
  22  beta_A0     -8.69660e+00   1.97980e+01   2.53019e-02   4.78724e-05
  23  alpha_phi    2.27008e+01   4.81909e+01   2.38941e-02   1.91036e-04
  24  beta_phi    -3.84673e+01   8.09880e+01   2.31313e-02  -5.42455e-04
 MIGRAD MINIMIZATION HAS CONVERGED.
 MIGRAD WILL VERIFY CONVERGENCE AND ERROR MATRIX.
 FCN=63.2983 FROM MIGRAD    STATUS=CONVERGED     708 CALLS        8178 TOTAL
                     EDM=3.10324e-06    STRATEGY= 1      ERR MATRIX NOT POS-DEF
  EXT PARAMETER                APPROXIMATE        STEP         FIRST   
  NO.   NAME      VALUE            ERROR          SIZE      DERIVATIVE 
   1  N0           3.03437e+06     fixed    
   2  tau          6.44117e+01   constant   
   3  A0           3.50097e-01     fixed    
   4  phi          4.11855e+00     fixed    
   5  R           -6.15857e+01   constant   
   6  alpha_CBO    2.24551e-03     fixed    
   7  w_CBO        2.32500e+00   constant   
   8  beta_CBO    -4.56733e-03     fixed    
   9  alpha_2CBO   4.04256e-04     fixed    
  10  beta_2CBO    2.57862e-04     fixed    
  11  alpha_y     -1.38273e-04     fixed    
  12  w_y          1.38860e+01   constant   
  13  beta_y       7.73992e-04   1.65050e-04   6.31267e-07   1.01938e-01
  14  alpha_vw    -6.92762e-04   1.63627e-04   6.25728e-07  -1.25778e-01
  15  w_vw         1.43404e+01   constant   
  16  beta_vw      0.00000e+00     fixed    
