 + ++++++++++++++++++++++++++++++++++++++++++++++++++++++++++++++++++++ +
 +                                                                      +
 +           You have chose to blind your fitting according to          +
 +                omega_ref * (1 + (R +/- deltaR) *10^{-6})             +
 +                                                                      +
 + ++++++++++++++++++++++++++++++++++++++++++++++++++++++++++++++++++++ +
In main()...
reading format from /gm2data/zkhechad/run45/envelope/formats/formatB_sBin_constraintOn.txt
pBinTau 	= 0  
pBinPhi 	= 0  
constraintau 	= 1 
includeMopTerm 	= 0    
constrainMop    = 0   
Parameters after format file: pBinTau 0 pBinPhi 0 constraintau 1 includeMopTerm 0 constrainMop 0 c_e_scale 0.000000 
Opening file /gm2data/tbarrett/gm2fr/studies/run23_bunch_corrections/CorrectedFourier_Run3b.root.
reading full fit data from /gm2data/zkhechad/cboTemplates/Run4CBOTemplates/fullFits/noRF/sBin_constraintOn_cE0.0_seed0_noRF_calo6.root
windowBins = 69
fitting sliding window 2590 from bin 2726 at 406.570000 to bin 2795 at 417.014000 (69 bins)

Reading data from /gm2data/cornell/histograms/aMethod/histogram_a_noRF.root
 **********
 **    1 **SET PRINTOUT            1
 **********
 **********
 **    2 **SET NOWARNINGS 
 **********
 PARAMETER DEFINITIONS:
    NO.   NAME         VALUE      STEP SIZE      LIMITS
     1 N0           2.91036e+06  1.00000e+02     no limits
     2 tau          6.44099e+01  constant
     3 A0           3.53688e-01  1.00000e-04     no limits
     4 phi          4.11540e+00  1.00000e-02     no limits
     5 R           -6.16610e+01  constant
     6 alpha_CBO    0.00000e+00  1.00000e-03     no limits
     7 w_CBO        2.32500e+00  constant
     8 beta_CBO     0.00000e+00  1.00000e-03     no limits
     9 alpha_2CBO   0.00000e+00  1.00000e-03     no limits
    10 beta_2CBO    0.00000e+00  1.00000e-03     no limits
    11 alpha_y      0.00000e+00  1.00000e-03     no limits
    12 w_y          1.38860e+01  constant
    13 beta_y       0.00000e+00  1.00000e-03     no limits
    14 alpha_vw     0.00000e+00  1.00000e-03     no limits
    15 w_vw         1.43404e+01  constant
    16 beta_vw      0.00000e+00  1.00000e-03     no limits
    17 LM           1.71412e-04  constant
    18 zeta_y       0.00000e+00  constant
    19 zeta_vw      0.00000e+00  constant
    20 T_CBO        1.00000e+02  1.00000e+00    0.00000e+00  1.00000e+03
    21 alpha_A0     0.00000e+00  1.00000e-03     no limits
    22 beta_A0      0.00000e+00  1.00000e-03     no limits
    23 alpha_phi    0.00000e+00  1.00000e-03     no limits
    24 beta_phi     0.00000e+00  1.00000e-03     no limits
MINUIT - FIT ONLY WIGGLE
 **********
 **    3 **FIX            5
 **********
 PARAMETER    5  IS CONSTANT.   IGNORED.
 **********
 **    4 **FIX            6
 **********
 **********
 **    5 **FIX            7
 **********
 PARAMETER    7  IS CONSTANT.   IGNORED.
 **********
 **    6 **FIX            8
 **********
 **********
 **    7 **FIX            9
 **********
 **********
 **    8 **FIX           10
 **********
 **********
 **    9 **FIX           11
 **********
 **********
 **   10 **FIX           12
 **********
 PARAMETER   12  IS CONSTANT.   IGNORED.
 **********
 **   11 **FIX           13
 **********
 **********
 **   12 **FIX           14
 **********
 **********
 **   13 **FIX           15
 **********
 PARAMETER   15  IS CONSTANT.   IGNORED.
 **********
 **   14 **FIX           16
 **********
 **********
 **   15 **MIGRAD
 **********
 FIRST CALL TO USER FUNCTION AT NEW START POINT, WITH IFLAG=4.
 START MIGRAD MINIMIZATION.  STRATEGY  1.  CONVERGENCE WHEN EDM .LT. 1.00e-04
 FCN=66.1741 FROM MIGRAD    STATUS=INITIATE      437 CALLS         438 TOTAL
                     EDM= unknown      STRATEGY= 1      NO ERROR MATRIX       
  EXT PARAMETER               CURRENT GUESS       STEP         FIRST   
  NO.   NAME      VALUE            ERROR          SIZE      DERIVATIVE 
   1  N0           2.91036e+06   1.00000e+02   0.00000e+00  -4.63815e-05
   2  tau          6.44099e+01   constant   
   3  A0           3.53688e-01   1.00000e-04   0.00000e+00  -5.54405e+02
   4  phi          4.11540e+00   1.00000e-02   0.00000e+00  -2.78859e+02
   5  R           -6.16610e+01   constant   
   6  alpha_CBO    0.00000e+00     fixed    
   7  w_CBO        2.32500e+00   constant   
   8  beta_CBO     0.00000e+00     fixed    
   9  alpha_2CBO   0.00000e+00     fixed    
  10  beta_2CBO    0.00000e+00     fixed    
  11  alpha_y      0.00000e+00     fixed    
  12  w_y          1.38860e+01   constant   
  13  beta_y       0.00000e+00     fixed    
  14  alpha_vw     0.00000e+00     fixed    
  15  w_vw         1.43404e+01   constant   
  16  beta_vw      0.00000e+00     fixed    
  17  LM           1.71412e-04   constant   
  18  zeta_y       0.00000e+00   constant   
  19  zeta_vw      0.00000e+00   constant   
  20  T_CBO        1.00000e+02   1.00000e+00   0.00000e+00   0.00000e+00
  21  alpha_A0     0.00000e+00   1.00000e-03   0.00000e+00   1.42330e+00
  22  beta_A0      0.00000e+00   1.00000e-03   0.00000e+00  -1.01151e+01
  23  alpha_phi    0.00000e+00   1.00000e-03   0.00000e+00   3.39932e+00
  24  beta_phi     0.00000e+00   1.00000e-03   0.00000e+00   1.29801e+00
 MIGRAD MINIMIZATION HAS CONVERGED.
 MIGRAD WILL VERIFY CONVERGENCE AND ERROR MATRIX.
 FCN=62.0453 FROM HESSE     STATUS=NOT POSDEF     61 CALLS         610 TOTAL
                     EDM=0.000251573    STRATEGY= 1      ERR MATRIX NOT POS-DEF
  EXT PARAMETER                APPROXIMATE        STEP         FIRST   
  NO.   NAME      VALUE            ERROR          SIZE      DERIVATIVE 
   1  N0           2.91113e+06   3.20306e+03   1.03524e+01  -1.88155e-07
   2  tau          6.44099e+01   constant   
   3  A0           3.53927e-01   1.35859e-03   5.14777e-06   1.10793e-01
   4  phi          4.11857e+00   4.05513e-03   1.52729e-05  -3.50850e-02
   5  R           -6.16610e+01   constant   
   6  alpha_CBO    0.00000e+00     fixed    
   7  w_CBO        2.32500e+00   constant   
   8  beta_CBO     0.00000e+00     fixed    
   9  alpha_2CBO   0.00000e+00     fixed    
  10  beta_2CBO    0.00000e+00     fixed    
  11  alpha_y      0.00000e+00     fixed    
  12  w_y          1.38860e+01   constant   
  13  beta_y       0.00000e+00     fixed    
  14  alpha_vw     0.00000e+00     fixed    
  15  w_vw         1.43404e+01   constant   
  16  beta_vw      0.00000e+00     fixed    
  17  LM           1.71412e-04   constant   
  18  zeta_y       0.00000e+00   constant   
  19  zeta_vw      0.00000e+00   constant   
  20  T_CBO        1.00722e+02   1.83618e+02   1.63417e-04  -2.29860e-02
  21  alpha_A0    -2.73807e-02   4.16162e-01   1.29454e-03   1.00423e-03
  22  beta_A0      6.17985e-01   4.95752e+00   1.27937e-03   2.88720e-03
  23  alpha_phi   -1.44712e-01   1.18473e+00   1.18414e-03  -8.30065e-04
  24  beta_phi    -1.70724e-01   1.38349e+00   1.26312e-03  -1.20254e-03
 CALL LIMIT EXCEEDED IN MIGRAD.
 MIGRAD TERMINATED WITHOUT CONVERGENCE.
 FCN=62.039 FROM MIGRAD    STATUS=CALL LIMIT   1335 CALLS        1336 TOTAL
                     EDM=0.000139535    STRATEGY= 1      ERR MATRIX NOT POS-DEF
  EXT PARAMETER                APPROXIMATE        STEP         FIRST   
  NO.   NAME      VALUE            ERROR          SIZE      DERIVATIVE 
   1  N0           2.91114e+06   3.09780e+03   2.05027e+00   3.10403e-07
   2  tau          6.44099e+01   constant   
   3  A0           3.53927e-01   1.35034e-03   5.62985e-08  -1.37626e+00
   4  phi          4.11854e+00   4.02512e-03   3.83851e-07   6.29788e-01
   5  R           -6.16610e+01   constant   
   6  alpha_CBO    0.00000e+00     fixed    
   7  w_CBO        2.32500e+00   constant   
   8  beta_CBO     0.00000e+00     fixed    
   9  alpha_2CBO   0.00000e+00     fixed    
  10  beta_2CBO    0.00000e+00     fixed    
  11  alpha_y      0.00000e+00     fixed    
  12  w_y          1.38860e+01   constant   
  13  beta_y       0.00000e+00     fixed    
  14  alpha_vw     0.00000e+00     fixed    
  15  w_vw         1.43404e+01   constant   
  16  beta_vw      0.00000e+00     fixed    
  17  LM           1.71412e-04   constant   
  18  zeta_y       0.00000e+00   constant   
  19  zeta_vw      0.00000e+00   constant   
  20  T_CBO        1.65643e+02   2.88794e+02   5.77221e-03  -2.31812e-01
  21  alpha_A0    -4.63794e-03   6.94000e-02   2.77847e-04  -1.11980e-01
  22  beta_A0      1.23896e-01   6.64014e-01  -4.38732e-03  -2.53994e-01
  23  alpha_phi   -2.92454e-02   1.80088e-01   1.01186e-03   8.51050e-02
  24  beta_phi    -3.45385e-02   2.09394e-01   1.30106e-03   1.23473e-01
 EXTERNAL ERROR MATRIX.    NDIM=  25    NPAR=  8    ERR DEF=1
  9.596e+06  5.414e-01  1.829e+00 -1.067e+04  3.695e+01  3.451e+00 -2.801e+01 -4.374e+01 
  5.414e-01  1.823e-06 -3.615e-07 -2.047e-03  6.344e-06 -4.029e-06 -8.598e-06  1.294e-05 
  1.829e+00 -3.615e-07  1.620e-05 -3.408e-02  1.386e-05  1.015e-04  5.346e-06 -5.508e-05 
 -1.067e+04 -2.047e-03 -3.408e-02  1.094e+05  5.816e+00 -2.188e+02  5.092e+01  6.423e+01 
  3.695e+01  6.344e-06  1.386e-05  5.816e+00  4.816e-03 -1.231e-02  2.931e-03  4.109e-03 
  3.451e+00 -4.029e-06  1.015e-04 -2.188e+02 -1.231e-02  4.409e-01 -1.000e-01 -1.264e-01 
 -2.801e+01 -8.598e-06  5.346e-06  5.092e+01  2.931e-03 -1.000e-01  3.243e-02  2.849e-02 
 -4.374e+01  1.294e-05 -5.508e-05  6.423e+01  4.109e-03 -1.264e-01  2.849e-02  4.385e-02 
ERR MATRIX NOT POS-DEF
 PARAMETER  CORRELATION COEFFICIENTS  
       NO.  GLOBAL      1      3      4     20     21     22     23     24
        1  0.35647   1.000  0.129  0.147 -0.010  0.172  0.002 -0.050 -0.067
        3  0.29722   0.129  1.000 -0.067 -0.005  0.068 -0.004 -0.035  0.046
        4  0.33348   0.147 -0.067  1.000 -0.026  0.050  0.038  0.007 -0.065
       20  0.99895  -0.010 -0.005 -0.026  1.000  0.253 -0.996  0.855  0.927
       21  0.51911   0.172  0.068  0.050  0.253  1.000 -0.267  0.235  0.283
       22  0.99846   0.002 -0.004  0.038 -0.996 -0.267  1.000 -0.836 -0.909
       23  0.91219  -0.050 -0.035  0.007  0.855  0.235 -0.836  1.000  0.756
       24  0.96680  -0.067  0.046 -0.065  0.927  0.283 -0.909  0.756  1.000
 ERR MATRIX NOT POS-DEF
MINUIT - FIT ONLY 1-CBO + wiggle
 **********
 **   16 **RES 
 **********
                   PARAMETER   16  beta_vw RESTORED TO VARIABLE.
                   PARAMETER   14  alpha_vw RESTORED TO VARIABLE.
                   PARAMETER   13  beta_y RESTORED TO VARIABLE.
                   PARAMETER   11  alpha_y RESTORED TO VARIABLE.
                   PARAMETER   10  beta_2CBO RESTORED TO VARIABLE.
                   PARAMETER    9  alpha_2CBO RESTORED TO VARIABLE.
                   PARAMETER    8  beta_CBO RESTORED TO VARIABLE.
                   PARAMETER    6  alpha_CBO RESTORED TO VARIABLE.
 **********
 **   17 **FIX            8
 **********
 **********
 **   18 **FIX            9
 **********
 **********
 **   19 **FIX           11
 **********
 **********
 **   20 **FIX           12
 **********
 PARAMETER   12  IS CONSTANT.   IGNORED.
 **********
 **   21 **FIX           14
 **********
 **********
 **   22 **FIX           15
 **********
 PARAMETER   15  IS CONSTANT.   IGNORED.
 **********
 **   23 **FIX           16
 **********
 **********
 **   24 **MIGRAD
 **********
 START MIGRAD MINIMIZATION.  STRATEGY  1.  CONVERGENCE WHEN EDM .LT. 1.00e-04
 FCN=62.039 FROM MIGRAD    STATUS=INITIATE       28 CALLS        1364 TOTAL
                     EDM= unknown      STRATEGY= 1      NO ERROR MATRIX       
  EXT PARAMETER               CURRENT GUESS       STEP         FIRST   
  NO.   NAME      VALUE            ERROR          SIZE      DERIVATIVE 
   1  N0           2.91114e+06   3.09780e+03   2.05027e+00   3.10403e-07
   2  tau          6.44099e+01   constant   
   3  A0           3.53927e-01   1.35034e-03   5.62985e-08  -1.37626e+00
   4  phi          4.11854e+00   4.02512e-03   3.83851e-07   6.29788e-01
   5  R           -6.16610e+01   constant   
   6  alpha_CBO    0.00000e+00   1.00000e-03   1.00000e-03   1.10594e+03
   7  w_CBO        2.32500e+00   constant   
   8  beta_CBO     0.00000e+00     fixed    
   9  alpha_2CBO   0.00000e+00     fixed    
  10  beta_2CBO    0.00000e+00   1.00000e-03   1.00000e-03  -1.12532e+03
  11  alpha_y      0.00000e+00     fixed    
  12  w_y          1.38860e+01   constant   
  13  beta_y       0.00000e+00   1.00000e-03   1.00000e-03   2.49873e+03
  14  alpha_vw     0.00000e+00     fixed    
  15  w_vw         1.43404e+01   constant   
  16  beta_vw      0.00000e+00     fixed    
  17  LM           1.71412e-04   constant   
  18  zeta_y       0.00000e+00   constant   
  19  zeta_vw      0.00000e+00   constant   
  20  T_CBO        1.65643e+02   2.88794e+02   5.77221e-03  -2.31810e-01
  21  alpha_A0    -4.63794e-03   6.94000e-02   2.77847e-04  -1.11980e-01
  22  beta_A0      1.23896e-01   6.64014e-01  -4.38732e-03  -2.53994e-01
  23  alpha_phi   -2.92454e-02   1.80088e-01   1.01186e-03   8.51050e-02
  24  beta_phi    -3.45385e-02   2.09394e-01   1.30106e-03   1.23473e-01
 MIGRAD MINIMIZATION HAS CONVERGED.
 FCN=57.2662 FROM MIGRAD    STATUS=CONVERGED     168 CALLS        1504 TOTAL
                     EDM=9.74618e-07    STRATEGY= 1  ERROR MATRIX UNCERTAINTY   3.4 per cent
  EXT PARAMETER                                   STEP         FIRST   
  NO.   NAME      VALUE            ERROR          SIZE      DERIVATIVE 
   1  N0           2.91114e+06   2.87243e+03   1.14544e+00   3.49373e-07
   2  tau          6.44099e+01   constant   
   3  A0           3.54150e-01   1.36616e-03  -1.06270e-06   2.33080e-01
   4  phi          4.11794e+00   4.26462e-03  -7.06870e-06  -1.27902e-01
   5  R           -6.16610e+01   constant   
   6  alpha_CBO   -1.28899e-03   1.52984e-03   1.27889e-06   3.74347e-02
   7  w_CBO        2.32500e+00   constant   
   8  beta_CBO     0.00000e+00     fixed    
   9  alpha_2CBO   0.00000e+00     fixed    
  10  beta_2CBO    1.30382e-03   1.49984e-03  -1.33686e-06  -2.03222e-01
  11  alpha_y      0.00000e+00     fixed    
  12  w_y          1.38860e+01   constant   
  13  beta_y      -2.66150e-03   1.45240e-03  -1.20992e-06  -1.91965e-01
  14  alpha_vw     0.00000e+00     fixed    
  15  w_vw         1.43404e+01   constant   
  16  beta_vw      0.00000e+00     fixed    
  17  LM           1.71412e-04   constant   
  18  zeta_y       0.00000e+00   constant   
  19  zeta_vw      0.00000e+00   constant   
  20  T_CBO        1.68243e+02   3.00787e+01   1.71926e-05  -1.00321e-02
  21  alpha_A0    -1.37190e-02   6.67956e-02  -1.26017e-04  -2.72661e-03
  22  beta_A0      1.23288e-01   5.83330e-02  -2.19622e-05   1.24054e-02
  23  alpha_phi   -4.86883e-02   6.38989e-02   4.92771e-05   1.84060e-03
  24  beta_phi    -3.25945e-02   6.42382e-02   7.09968e-05  -7.32164e-03
 EXTERNAL ERROR MATRIX.    NDIM=  25    NPAR= 11    ERR DEF=1
  8.251e+06 
  1.930e-01  1.866e-06 
  1.854e+00 -5.307e-07  1.819e-05 
 -3.734e-02 -2.959e-07  1.292e-06  2.340e-06 
  2.131e-01  1.108e-07  2.054e-07  3.343e-08  2.250e-06 
  1.361e-01 -2.198e-09  1.752e-08  1.370e-08 -3.927e-08  2.109e-06 
  2.046e+03 -2.870e-03 -1.745e-04  1.271e-03  2.491e-03 -1.653e-03  9.067e+02 
  2.730e+01 -3.804e-06  1.536e-05  1.549e-05  1.452e-06  1.471e-06 -4.782e-02  4.462e-03 
 -3.479e+00 -1.833e-06  4.050e-05  4.587e-06  1.049e-05  3.551e-06 -5.544e-01  4.428e-04  3.403e-03 
 -1.054e+01 -5.793e-06  2.128e-05  1.962e-05 -9.690e-06  2.789e-06  2.464e-01  5.916e-05  1.880e-04  4.083e-03 
 -2.610e+01  1.018e-05 -3.236e-05 -5.781e-06 -7.449e-06 -2.533e-06  7.429e-02 -3.023e-04 -3.657e-04 -5.221e-04  4.127e-03 
 PARAMETER  CORRELATION COEFFICIENTS  
       NO.  GLOBAL      1      3      4      6     10     13     20     21     22     23     24
        1  0.27600   1.000  0.049  0.151 -0.008  0.049  0.033  0.024  0.142 -0.021 -0.057 -0.141
        3  0.22535   0.049  1.000 -0.091 -0.142  0.054 -0.001 -0.070 -0.042 -0.023 -0.066  0.116
        4  0.31347   0.151 -0.091  1.000  0.198  0.032  0.003 -0.001  0.054  0.163  0.078 -0.118
        6  0.32786  -0.008 -0.142  0.198  1.000  0.015  0.006  0.028  0.152  0.051  0.201 -0.059
       10  0.23049   0.049  0.054  0.032  0.015  1.000 -0.018  0.055  0.014  0.120 -0.101 -0.077
       13  0.07412   0.033 -0.001  0.003  0.006 -0.018  1.000 -0.038  0.015  0.042  0.030 -0.027
       20  0.37732   0.024 -0.070 -0.001  0.028  0.055 -0.038  1.000 -0.024 -0.316  0.128  0.038
       21  0.24034   0.142 -0.042  0.054  0.152  0.014  0.015 -0.024  1.000  0.114  0.014 -0.070
       22  0.40917  -0.021 -0.023  0.163  0.051  0.120  0.042 -0.316  0.114  1.000  0.050 -0.098
       23  0.31521  -0.057 -0.066  0.078  0.201 -0.101  0.030  0.128  0.014  0.050  1.000 -0.127
       24  0.27132  -0.141  0.116 -0.118 -0.059 -0.077 -0.027  0.038 -0.070 -0.098 -0.127  1.000
MINUIT - FIT ONLY 2-CBO
 **********
 **   25 **RES 
 **********
                   PARAMETER   16  beta_vw RESTORED TO VARIABLE.
                   PARAMETER   14  alpha_vw RESTORED TO VARIABLE.
                   PARAMETER   11  alpha_y RESTORED TO VARIABLE.
                   PARAMETER    9  alpha_2CBO RESTORED TO VARIABLE.
                   PARAMETER    8  beta_CBO RESTORED TO VARIABLE.
 **********
 **   26 **FIX            0
 **********
 PARAMETER    0  IS UNDEFINED. IGNORED.
 **********
 **   27 **FIX            1
 **********
 **********
 **   28 **FIX            2
 **********
 PARAMETER    2  IS CONSTANT.   IGNORED.
 **********
 **   29 **FIX            3
 **********
 **********
 **   30 **FIX            4
 **********
 **********
 **   31 **FIX            5
 **********
 PARAMETER    5  IS CONSTANT.   IGNORED.
 **********
 **   32 **FIX            6
 **********
 **********
 **   33 **FIX            7
 **********
 PARAMETER    7  IS CONSTANT.   IGNORED.
 **********
 **   34 **FIX           10
 **********
 **********
 **   35 **FIX           11
 **********
 **********
 **   36 **FIX           12
 **********
 PARAMETER   12  IS CONSTANT.   IGNORED.
 **********
 **   37 **FIX           13
 **********
 **********
 **   38 **FIX           14
 **********
 **********
 **   39 **FIX           15
 **********
 PARAMETER   15  IS CONSTANT.   IGNORED.
 **********
 **   40 **FIX           16
 **********
 **********
 **   41 **MIGRAD
 **********
 START MIGRAD MINIMIZATION.  STRATEGY  1.  CONVERGENCE WHEN EDM .LT. 1.00e-04
 FCN=57.2662 FROM MIGRAD    STATUS=INITIATE       18 CALLS        1522 TOTAL
                     EDM= unknown      STRATEGY= 1      NO ERROR MATRIX       
  EXT PARAMETER               CURRENT GUESS       STEP         FIRST   
  NO.   NAME      VALUE            ERROR          SIZE      DERIVATIVE 
   1  N0           2.91114e+06     fixed    
   2  tau          6.44099e+01   constant   
   3  A0           3.54150e-01     fixed    
   4  phi          4.11794e+00     fixed    
   5  R           -6.16610e+01   constant   
   6  alpha_CBO   -1.28899e-03     fixed    
   7  w_CBO        2.32500e+00   constant   
   8  beta_CBO     0.00000e+00   1.00000e-03   1.00000e-03   2.41211e+03
   9  alpha_2CBO   0.00000e+00   1.00000e-03   1.00000e-03  -3.68374e+02
  10  beta_2CBO    1.30382e-03     fixed    
  11  alpha_y      0.00000e+00     fixed    
  12  w_y          1.38860e+01   constant   
  13  beta_y      -2.66150e-03     fixed    
  14  alpha_vw     0.00000e+00     fixed    
  15  w_vw         1.43404e+01   constant   
  16  beta_vw      0.00000e+00     fixed    
  17  LM           1.71412e-04   constant   
  18  zeta_y       0.00000e+00   constant   
  19  zeta_vw      0.00000e+00   constant   
  20  T_CBO        1.68243e+02   3.00787e+01   1.71926e-05  -1.00321e-02
  21  alpha_A0    -1.37190e-02   6.67956e-02  -1.26017e-04  -2.72653e-03
  22  beta_A0      1.23288e-01   5.83330e-02  -2.19622e-05   1.24054e-02
  23  alpha_phi   -4.86883e-02   6.38989e-02   4.92771e-05   1.84060e-03
  24  beta_phi    -3.25945e-02   6.42382e-02   7.09968e-05  -7.32164e-03
 MIGRAD MINIMIZATION HAS CONVERGED.
 MIGRAD WILL VERIFY CONVERGENCE AND ERROR MATRIX.
 FCN=53.9539 FROM HESSE     STATUS=NOT POSDEF     50 CALLS        1651 TOTAL
                     EDM=0.00132173    STRATEGY= 1      ERR MATRIX NOT POS-DEF
  EXT PARAMETER                APPROXIMATE        STEP         FIRST   
  NO.   NAME      VALUE            ERROR          SIZE      DERIVATIVE 
   1  N0           2.91114e+06     fixed    
   2  tau          6.44099e+01   constant   
   3  A0           3.54150e-01     fixed    
   4  phi          4.11794e+00     fixed    
   5  R           -6.16610e+01   constant   
   6  alpha_CBO   -1.28899e-03     fixed    
   7  w_CBO        2.32500e+00   constant   
   8  beta_CBO    -2.69097e-03   1.49261e-03   5.31430e-06   1.25409e-01
   9  alpha_2CBO   3.63610e-04   1.48229e-03   5.26313e-06   5.12986e-01
  10  beta_2CBO    1.30382e-03     fixed    
  11  alpha_y      0.00000e+00     fixed    
  12  w_y          1.38860e+01   constant   
  13  beta_y      -2.66150e-03     fixed    
  14  alpha_vw     0.00000e+00     fixed    
  15  w_vw         1.43404e+01   constant   
  16  beta_vw      0.00000e+00     fixed    
  17  LM           1.71412e-04   constant   
  18  zeta_y       0.00000e+00   constant   
  19  zeta_vw      0.00000e+00   constant   
  20  T_CBO        1.65279e+02   5.38702e+02   3.32113e-04  -2.48468e-02
  21  alpha_A0    -1.67382e-02   1.54573e-01   2.44507e-04  -3.28481e-02
  22  beta_A0      1.10620e-01   8.93189e-01   2.42169e-04   2.76220e-02
  23  alpha_phi   -5.34068e-02   4.31880e-01   2.24781e-04  -2.04067e-03
  24  beta_phi    -4.25107e-02   3.43625e-01   2.38811e-04  -2.02944e-02
 CALL LIMIT EXCEEDED IN MIGRAD.
 MIGRAD TERMINATED WITHOUT CONVERGENCE.
 FCN=53.9359 FROM MIGRAD    STATUS=CALL LIMIT   1147 CALLS        2651 TOTAL
                     EDM=9.8472e-05    STRATEGY= 1      ERR MATRIX NOT POS-DEF
  EXT PARAMETER                APPROXIMATE        STEP         FIRST   
  NO.   NAME      VALUE            ERROR          SIZE      DERIVATIVE 
   1  N0           2.91114e+06     fixed    
   2  tau          6.44099e+01   constant   
   3  A0           3.54150e-01     fixed    
   4  phi          4.11794e+00     fixed    
   5  R           -6.16610e+01   constant   
   6  alpha_CBO   -1.28899e-03     fixed    
   7  w_CBO        2.32500e+00   constant   
   8  beta_CBO    -2.69621e-03   1.47540e-03  -1.19281e-06   3.59505e-01
   9  alpha_2CBO   3.63457e-04   1.51044e-03   5.38127e-06   1.03648e+00
  10  beta_2CBO    1.30382e-03     fixed    
  11  alpha_y      0.00000e+00     fixed    
  12  w_y          1.38860e+01   constant   
  13  beta_y      -2.66150e-03     fixed    
  14  alpha_vw     0.00000e+00     fixed    
  15  w_vw         1.43404e+01   constant   
  16  beta_vw      0.00000e+00     fixed    
  17  LM           1.71412e-04   constant   
  18  zeta_y       0.00000e+00   constant   
  19  zeta_vw      0.00000e+00   constant   
  20  T_CBO        8.75724e+02   7.03358e+02   1.16551e-01  -5.70751e-03
  21  alpha_A0    -2.00137e-03   1.21168e-02   1.04006e-04   5.51072e-01
  22  beta_A0      1.46411e-02   4.29328e-02  -3.98337e-04  -1.08378e+00
  23  alpha_phi   -7.06865e-03   2.19406e-02   1.87801e-04   9.35657e-01
  24  beta_phi    -5.74456e-03   2.08687e-02   1.48245e-04  -4.87569e-02
 EXTERNAL ERROR MATRIX.    NDIM=  25    NPAR=  7    ERR DEF=1
  2.177e-06  1.551e-08 -1.654e-01  5.515e-07  3.624e-06 -4.713e-07  1.048e-06 
  1.551e-08  2.281e-06  8.399e-01  3.137e-06 -5.835e-06  7.420e-07  6.784e-06 
 -1.654e-01  8.399e-01  1.977e+07  3.281e+01 -1.862e+02  8.769e+01  7.524e+01 
  5.515e-07  3.137e-06  3.281e+01  1.468e-04 -2.801e-04  1.346e-04  1.423e-04 
  3.624e-06 -5.835e-06 -1.862e+02 -2.801e-04  1.843e-03 -8.221e-04 -6.882e-04 
 -4.713e-07  7.420e-07  8.769e+01  1.346e-04 -8.221e-04  4.814e-04  2.952e-04 
  1.048e-06  6.784e-06  7.524e+01  1.423e-04 -6.882e-04  2.952e-04  4.355e-04 
ERR MATRIX NOT POS-DEF
 PARAMETER  CORRELATION COEFFICIENTS  
       NO.  GLOBAL      8      9     20     21     22     23     24
        8  0.17063   1.000  0.007 -0.025  0.031  0.057 -0.015  0.034
        9  0.30819   0.007  1.000  0.125  0.171 -0.090  0.022  0.215
       20  0.98824  -0.025  0.125  1.000  0.609 -0.976  0.899  0.811
       21  0.66999   0.031  0.171  0.609  1.000 -0.538  0.506  0.563
       22  0.97956   0.057 -0.090 -0.976 -0.538  1.000 -0.873 -0.768
       23  0.91500  -0.015  0.022  0.899  0.506 -0.873  1.000  0.645
       24  0.84427   0.034  0.215  0.811  0.563 -0.768  0.645  1.000
 ERR MATRIX NOT POS-DEF
MINUIT - FIT wiggle + 1-CBO + 2-CBO
 **********
 **   42 **RES 
 **********
                   PARAMETER   16  beta_vw RESTORED TO VARIABLE.
                   PARAMETER   14  alpha_vw RESTORED TO VARIABLE.
                   PARAMETER   13  beta_y RESTORED TO VARIABLE.
                   PARAMETER   11  alpha_y RESTORED TO VARIABLE.
                   PARAMETER   10  beta_2CBO RESTORED TO VARIABLE.
                   PARAMETER    6  alpha_CBO RESTORED TO VARIABLE.
                   PARAMETER    4  phi RESTORED TO VARIABLE.
                   PARAMETER    3  A0 RESTORED TO VARIABLE.
                   PARAMETER    1  N0 RESTORED TO VARIABLE.
 **********
 **   43 **FIX           10
 **********
 **********
 **   44 **FIX           11
 **********
 **********
 **   45 **FIX           12
 **********
 PARAMETER   12  IS CONSTANT.   IGNORED.
 **********
 **   46 **FIX           13
 **********
 **********
 **   47 **FIX           14
 **********
 **********
 **   48 **FIX           15
 **********
 PARAMETER   15  IS CONSTANT.   IGNORED.
 **********
 **   49 **FIX           16
 **********
 **********
 **   50 **MIGRAD
 **********
 START MIGRAD MINIMIZATION.  STRATEGY  1.  CONVERGENCE WHEN EDM .LT. 1.00e-04
 FCN=53.9359 FROM MIGRAD    STATUS=INITIATE       22 CALLS        2673 TOTAL
                     EDM= unknown      STRATEGY= 1      NO ERROR MATRIX       
  EXT PARAMETER               CURRENT GUESS       STEP         FIRST   
  NO.   NAME      VALUE            ERROR          SIZE      DERIVATIVE 
   1  N0           2.91114e+06   2.87243e+03   2.87243e+03  -5.62965e-06
   2  tau          6.44099e+01   constant   
   3  A0           3.54150e-01   1.36616e-03   1.36616e-03  -5.59626e+02
   4  phi          4.11794e+00   4.26462e-03   4.26462e-03  -3.43568e+01
   5  R           -6.16610e+01   constant   
   6  alpha_CBO   -1.28899e-03   1.52984e-03   1.52984e-03  -5.84602e+01
   7  w_CBO        2.32500e+00   constant   
   8  beta_CBO    -2.69621e-03   1.47540e-03  -1.19281e-06   3.59505e-01
   9  alpha_2CBO   3.63457e-04   1.51044e-03   5.38127e-06   1.03648e+00
  10  beta_2CBO    1.30382e-03     fixed    
  11  alpha_y      0.00000e+00     fixed    
  12  w_y          1.38860e+01   constant   
  13  beta_y      -2.66150e-03     fixed    
  14  alpha_vw     0.00000e+00     fixed    
  15  w_vw         1.43404e+01   constant   
  16  beta_vw      0.00000e+00     fixed    
  17  LM           1.71412e-04   constant   
  18  zeta_y       0.00000e+00   constant   
  19  zeta_vw      0.00000e+00   constant   
  20  T_CBO        8.75724e+02   7.03358e+02   1.16551e-01  -5.71464e-03
  21  alpha_A0    -2.00137e-03   1.21168e-02   1.04006e-04   5.51073e-01
  22  beta_A0      1.46411e-02   4.29328e-02  -3.98337e-04  -1.08378e+00
  23  alpha_phi   -7.06865e-03   2.19406e-02   1.87801e-04   9.35657e-01
  24  beta_phi    -5.74456e-03   2.08687e-02   1.48245e-04  -4.87569e-02
 MIGRAD MINIMIZATION HAS CONVERGED.
 MIGRAD WILL VERIFY CONVERGENCE AND ERROR MATRIX.
 COVARIANCE MATRIX CALCULATED SUCCESSFULLY
 FCN=53.7815 FROM HESSE     STATUS=OK            100 CALLS        2893 TOTAL
                     EDM=0.000303212    STRATEGY= 1      ERROR MATRIX ACCURATE 
  EXT PARAMETER                                   STEP         FIRST   
  NO.   NAME      VALUE            ERROR          SIZE      DERIVATIVE 
   1  N0           2.91136e+06   3.21427e+03   9.65070e+00   6.19959e-07
   2  tau          6.44099e+01   constant   
   3  A0           3.54688e-01   1.40693e-03   4.79595e-06   6.06277e-01
   4  phi          4.11813e+00   4.14714e-03   1.42005e-05   1.10637e-01
   5  R           -6.16610e+01   constant   
   6  alpha_CBO   -1.27782e-03   1.54018e-03   5.26026e-06  -2.35836e-01
   7  w_CBO        2.32500e+00   constant   
   8  beta_CBO    -2.81644e-03   1.52745e-03   5.30586e-06   8.76350e-01
   9  alpha_2CBO   4.00538e-04   1.49033e-03   5.25490e-06  -8.91426e-02
  10  beta_2CBO    1.30382e-03     fixed    
  11  alpha_y      0.00000e+00     fixed    
  12  w_y          1.38860e+01   constant   
  13  beta_y      -2.66150e-03     fixed    
  14  alpha_vw     0.00000e+00     fixed    
  15  w_vw         1.43404e+01   constant   
  16  beta_vw      0.00000e+00     fixed    
  17  LM           1.71412e-04   constant   
  18  zeta_y       0.00000e+00   constant   
  19  zeta_vw      0.00000e+00   constant   
  20  T_CBO        8.66516e+02   9.29702e+02   9.97167e-03  -6.95669e-04
  21  alpha_A0    -1.75610e-03   1.17028e-02   3.24386e-05  -8.40328e-02
  22  beta_A0      1.44042e-02   5.71461e-02   3.22337e-05   2.32948e-01
  23  alpha_phi   -7.32691e-03   2.97163e-02   2.99761e-05  -1.50184e-01
  24  beta_phi    -5.40459e-03   2.28455e-02   3.16648e-05  -9.35846e-02
 MIGRAD MINIMIZATION HAS CONVERGED.
 FCN=53.7809 FROM MIGRAD    STATUS=CONVERGED     447 CALLS        3098 TOTAL
                     EDM=2.9838e-06    STRATEGY= 1  ERROR MATRIX UNCERTAINTY   1.0 per cent
  EXT PARAMETER                                   STEP         FIRST   
  NO.   NAME      VALUE            ERROR          SIZE      DERIVATIVE 
   1  N0           2.91136e+06   3.15541e+03  -2.58905e-01  -3.06203e-07
   2  tau          6.44099e+01   constant   
   3  A0           3.54688e-01   1.40519e-03  -4.04279e-08  -4.07494e-01
   4  phi          4.11813e+00   4.13853e-03  -1.44140e-07  -3.52022e-02
   5  R           -6.16610e+01   constant   
   6  alpha_CBO   -1.27699e-03   1.53778e-03   2.23187e-08   6.60282e-02
   7  w_CBO        2.32500e+00   constant   
   8  beta_CBO    -2.81812e-03   1.51826e-03  -9.15711e-08  -4.28832e-01
   9  alpha_2CBO   4.00716e-04   1.49009e-03  -1.61892e-08   4.47068e-02
  10  beta_2CBO    1.30382e-03     fixed    
  11  alpha_y      0.00000e+00     fixed    
  12  w_y          1.38860e+01   constant   
  13  beta_y      -2.66150e-03     fixed    
  14  alpha_vw     0.00000e+00     fixed    
  15  w_vw         1.43404e+01   constant   
  16  beta_vw      0.00000e+00     fixed    
  17  LM           1.71412e-04   constant   
  18  zeta_y       0.00000e+00   constant   
  19  zeta_vw      0.00000e+00   constant   
  20  T_CBO        9.98716e+02   5.04376e+02   6.52433e-02  -2.32179e-04
  21  alpha_A0    -1.64125e-03   9.38728e-03   3.30401e-06   8.05801e-02
  22  beta_A0      1.35090e-02   1.20661e-02  -3.31908e-05  -1.86228e-01
  23  alpha_phi   -6.87157e-03   9.46669e-03   1.65455e-05   1.46935e-01
  24  beta_phi    -5.06787e-03   9.81868e-03   1.11943e-05   1.06563e-01
 EXTERNAL ERROR MATRIX.    NDIM=  25    NPAR= 11    ERR DEF=1
  9.957e+06 
  5.302e-01  1.975e-06 
  1.899e+00 -5.595e-07  1.713e-05 
 -9.483e-02 -2.778e-07  1.379e-06  2.365e-06 
 -2.670e-01 -4.312e-07 -2.504e-07 -2.768e-09  2.305e-06 
 -1.284e-02  1.575e-07 -2.055e-07 -6.401e-08  1.194e-08  2.220e-06 
 -7.801e+04 -9.812e-03 -3.979e-02  1.121e-02 -2.402e-02  1.902e-03  8.183e+05 
  5.928e+00  5.085e-07  3.783e-06  1.990e-06  3.194e-07  1.554e-06  1.033e+00  8.812e-05 
 -6.059e-01 -1.654e-06  5.082e-06  1.057e-06  2.245e-06  1.009e-07 -8.285e+00 -3.927e-06  1.456e-04 
 -2.067e+00 -1.101e-06  2.997e-06  2.541e-06  2.752e-07 -1.369e-06  4.214e+00  4.246e-06 -2.689e-05  8.962e-05 
 -5.218e+00  1.815e-06 -5.221e-06 -6.937e-07  1.091e-06  2.127e-06  3.092e+00  4.638e-07 -3.607e-05  2.722e-07  9.641e-05 
 PARAMETER  CORRELATION COEFFICIENTS  
       NO.  GLOBAL      1      3      4      6      8      9     20     21     22     23     24
        1  0.34055   1.000  0.120  0.145 -0.020 -0.056 -0.003 -0.027  0.200 -0.016 -0.069 -0.168
        3  0.34235   0.120  1.000 -0.096 -0.129 -0.202  0.075 -0.008  0.039 -0.098 -0.083  0.132
        4  0.32073   0.145 -0.096  1.000  0.217 -0.040 -0.033 -0.011  0.097  0.102  0.077 -0.128
        6  0.32645  -0.020 -0.129  0.217  1.000 -0.001 -0.028  0.008  0.138  0.057  0.175 -0.046
        8  0.28412  -0.056 -0.202 -0.040 -0.001  1.000  0.005 -0.017  0.022  0.123  0.019  0.073
        9  0.21924  -0.003  0.075 -0.033 -0.028  0.005  1.000  0.001  0.111  0.006 -0.097  0.145
       20  0.84634  -0.027 -0.008 -0.011  0.008 -0.017  0.001  1.000  0.122 -0.759  0.492  0.348
       21  0.31964   0.200  0.039  0.097  0.138  0.022  0.111  0.122  1.000 -0.035  0.048  0.005
       22  0.79234  -0.016 -0.098  0.102  0.057  0.123  0.006 -0.759 -0.035  1.000 -0.235 -0.304
       23  0.58869  -0.069 -0.083  0.077  0.175  0.019 -0.097  0.492  0.048 -0.235  1.000  0.003
       24  0.48482  -0.168  0.132 -0.128 -0.046  0.073  0.145  0.348  0.005 -0.304  0.003  1.000
MINUIT - FIT ONLY 1-y
 **********
 **   51 **RES 
 **********
                   PARAMETER   16  beta_vw RESTORED TO VARIABLE.
                   PARAMETER   14  alpha_vw RESTORED TO VARIABLE.
                   PARAMETER   13  beta_y RESTORED TO VARIABLE.
                   PARAMETER   11  alpha_y RESTORED TO VARIABLE.
                   PARAMETER   10  beta_2CBO RESTORED TO VARIABLE.
 **********
 **   52 **FIX            0
 **********
 PARAMETER    0  IS UNDEFINED. IGNORED.
 **********
 **   53 **FIX            1
 **********
 **********
 **   54 **FIX            2
 **********
 PARAMETER    2  IS CONSTANT.   IGNORED.
 **********
 **   55 **FIX            3
 **********
 **********
 **   56 **FIX            4
 **********
 **********
 **   57 **FIX            5
 **********
 PARAMETER    5  IS CONSTANT.   IGNORED.
 **********
 **   58 **FIX            6
 **********
 **********
 **   59 **FIX            7
 **********
 PARAMETER    7  IS CONSTANT.   IGNORED.
 **********
 **   60 **FIX            8
 **********
 **********
 **   61 **FIX            9
 **********
 **********
 **   62 **FIX           13
 **********
 **********
 **   63 **FIX           14
 **********
 **********
 **   64 **FIX           15
 **********
 PARAMETER   15  IS CONSTANT.   IGNORED.
 **********
 **   65 **FIX           16
 **********
 **********
 **   66 **MIGRAD
 **********
 START MIGRAD MINIMIZATION.  STRATEGY  1.  CONVERGENCE WHEN EDM .LT. 1.00e-04
 FCN=53.7809 FROM MIGRAD    STATUS=INITIATE       16 CALLS        3114 TOTAL
                     EDM= unknown      STRATEGY= 1      NO ERROR MATRIX       
  EXT PARAMETER               CURRENT GUESS       STEP         FIRST   
  NO.   NAME      VALUE            ERROR          SIZE      DERIVATIVE 
   1  N0           2.91136e+06     fixed    
   2  tau          6.44099e+01   constant   
   3  A0           3.54688e-01     fixed    
   4  phi          4.11813e+00     fixed    
   5  R           -6.16610e+01   constant   
   6  alpha_CBO   -1.27699e-03     fixed    
   7  w_CBO        2.32500e+00   constant   
   8  beta_CBO    -2.81812e-03     fixed    
   9  alpha_2CBO   4.00716e-04     fixed    
  10  beta_2CBO    1.30382e-03   1.49984e-03   1.49984e-03  -1.48256e+02
  11  alpha_y      0.00000e+00   1.00000e-03   1.00000e-03  -1.22005e+03
  12  w_y          1.38860e+01   constant   
  13  beta_y      -2.66150e-03     fixed    
  14  alpha_vw     0.00000e+00     fixed    
  15  w_vw         1.43404e+01   constant   
  16  beta_vw      0.00000e+00     fixed    
  17  LM           1.71412e-04   constant   
  18  zeta_y       0.00000e+00   constant   
  19  zeta_vw      0.00000e+00   constant   
  20  T_CBO        9.98716e+02   5.04376e+02   6.52433e-02  -2.56709e-04
  21  alpha_A0    -1.64125e-03   9.38728e-03   3.30401e-06   8.05796e-02
  22  beta_A0      1.35090e-02   1.20661e-02  -3.31908e-05  -1.86228e-01
  23  alpha_phi   -6.87157e-03   9.46669e-03   1.65455e-05   1.46935e-01
  24  beta_phi    -5.06787e-03   9.81868e-03   1.11943e-05   1.06563e-01
 MIGRAD MINIMIZATION HAS CONVERGED.
 MIGRAD WILL VERIFY CONVERGENCE AND ERROR MATRIX.
 COVARIANCE MATRIX CALCULATED SUCCESSFULLY
 FCN=52.9652 FROM MIGRAD    STATUS=CONVERGED     140 CALLS        3238 TOTAL
                     EDM=9.29034e-07    STRATEGY= 1      ERROR MATRIX ACCURATE 
  EXT PARAMETER                                   STEP         FIRST   
  NO.   NAME      VALUE            ERROR          SIZE      DERIVATIVE 
   1  N0           2.91136e+06     fixed    
   2  tau          6.44099e+01   constant   
   3  A0           3.54688e-01     fixed    
   4  phi          4.11813e+00     fixed    
   5  R           -6.16610e+01   constant   
   6  alpha_CBO   -1.27699e-03     fixed    
   7  w_CBO        2.32500e+00   constant   
   8  beta_CBO    -2.81812e-03     fixed    
   9  alpha_2CBO   4.00716e-04     fixed    
  10  beta_2CBO    1.47938e-03   1.50555e-03   5.27176e-06   5.47547e-01
  11  alpha_y      1.31579e-03   1.46823e-03   5.26517e-06  -7.53466e-02
  12  w_y          1.38860e+01   constant   
  13  beta_y      -2.66150e-03     fixed    
  14  alpha_vw     0.00000e+00     fixed    
  15  w_vw         1.43404e+01   constant   
  16  beta_vw      0.00000e+00     fixed    
  17  LM           1.71412e-04   constant   
  18  zeta_y       0.00000e+00   constant   
  19  zeta_vw      0.00000e+00   constant   
  20  T_CBO        1.00000e+03   9.95803e+02   4.77503e-02  -2.01745e-06
  21  alpha_A0    -1.68820e-03   8.43015e-03   3.01819e-05   1.32561e-03
  22  beta_A0      1.38137e-02   8.84676e-03   2.99961e-05   9.04103e-02
  23  alpha_phi   -7.01478e-03   7.99515e-03   2.78953e-05  -3.44120e-02
  24  beta_phi    -5.22024e-03   8.43693e-03   2.94618e-05  -3.87581e-02
 EXTERNAL ERROR MATRIX.    NDIM=  25    NPAR=  7    ERR DEF=1
  2.267e-06  1.043e-08 -8.149e-06 -4.816e-07  1.949e-06 -1.634e-06 -8.622e-07 
  1.043e-08  2.156e-06 -1.899e-06 -1.349e-08  2.547e-07 -3.346e-08 -1.411e-07 
 -8.149e-06 -1.899e-06  4.332e+02 -5.784e-03  4.617e-02 -2.328e-02 -1.720e-02 
 -4.816e-07 -1.349e-08 -5.784e-03  7.107e-05  1.463e-06  7.140e-07 -8.429e-09 
  1.949e-06  2.547e-07  4.617e-02  1.463e-06  7.827e-05 -2.648e-06 -1.327e-05 
 -1.634e-06 -3.346e-08 -2.328e-02  7.140e-07 -2.648e-06  6.392e-05 -6.886e-06 
 -8.622e-07 -1.411e-07 -1.720e-02 -8.429e-09 -1.327e-05 -6.886e-06  7.118e-05 
 PARAMETER  CORRELATION COEFFICIENTS  
       NO.  GLOBAL     10     11     20     21     22     23     24
       10  0.21692   1.000  0.005 -0.000 -0.038  0.146 -0.136 -0.068
       11  0.02233   0.005  1.000 -0.000 -0.001  0.020 -0.003 -0.011
       20  0.29951  -0.000 -0.000  1.000 -0.033  0.251 -0.140 -0.098
       21  0.06125  -0.038 -0.001 -0.033  1.000  0.020  0.011 -0.000
       22  0.32631   0.146  0.020  0.251  0.020  1.000 -0.037 -0.178
       23  0.23207  -0.136 -0.003 -0.140  0.011 -0.037  1.000 -0.102
       24  0.22857  -0.068 -0.011 -0.098 -0.000 -0.178 -0.102  1.000
MINUIT - FIT ONLY 2-y
 **********
 **   67 **RES 
 **********
                   PARAMETER   16  beta_vw RESTORED TO VARIABLE.
                   PARAMETER   14  alpha_vw RESTORED TO VARIABLE.
                   PARAMETER   13  beta_y RESTORED TO VARIABLE.
                   PARAMETER    9  alpha_2CBO RESTORED TO VARIABLE.
                   PARAMETER    8  beta_CBO RESTORED TO VARIABLE.
                   PARAMETER    6  alpha_CBO RESTORED TO VARIABLE.
                   PARAMETER    4  phi RESTORED TO VARIABLE.
                   PARAMETER    3  A0 RESTORED TO VARIABLE.
                   PARAMETER    1  N0 RESTORED TO VARIABLE.
 **********
 **   68 **FIX            0
 **********
 PARAMETER    0  IS UNDEFINED. IGNORED.
 **********
 **   69 **FIX            1
 **********
 **********
 **   70 **FIX            2
 **********
 PARAMETER    2  IS CONSTANT.   IGNORED.
 **********
 **   71 **FIX            3
 **********
 **********
 **   72 **FIX            4
 **********
 **********
 **   73 **FIX            5
 **********
 PARAMETER    5  IS CONSTANT.   IGNORED.
 **********
 **   74 **FIX            6
 **********
