 + ++++++++++++++++++++++++++++++++++++++++++++++++++++++++++++++++++++ +
 +                                                                      +
 +           You have chose to blind your fitting according to          +
 +                omega_ref * (1 + (R +/- deltaR) *10^{-6})             +
 +                                                                      +
 + ++++++++++++++++++++++++++++++++++++++++++++++++++++++++++++++++++++ +
In main()...
reading format from /gm2data/zkhechad/run45/envelope/formats/formatB_sBin_constraintOn.txt
pBinTau 	= 0  
pBinPhi 	= 0  
constraintau 	= 1 
includeMopTerm 	= 0    
constrainMop    = 0   
Parameters after format file: pBinTau 0 pBinPhi 0 constraintau 1 includeMopTerm 0 constrainMop 0 c_e_scale 0.000000 
Opening file /gm2data/tbarrett/gm2fr/studies/run23_bunch_corrections/CorrectedFourier_Run3b.root.
reading full fit data from /gm2data/zkhechad/cboTemplates/Run4CBOTemplates/fullFits/noRF/sBin_constraintOn_cE0.0_seed0_noRF_calo5.root
windowBins = 69
fitting sliding window 1470 from bin 1606 at 239.466000 to bin 1675 at 249.910000 (69 bins)

Reading data from /gm2data/cornell/histograms/aMethod/histogram_a_noRF.root
 **********
 **    1 **SET PRINTOUT            1
 **********
 **********
 **    2 **SET NOWARNINGS 
 **********
 PARAMETER DEFINITIONS:
    NO.   NAME         VALUE      STEP SIZE      LIMITS
     1 N0           2.79633e+06  1.00000e+02     no limits
     2 tau          6.44140e+01  constant
     3 A0           3.58434e-01  1.00000e-04     no limits
     4 phi          4.11632e+00  1.00000e-02     no limits
     5 R           -6.26390e+01  constant
     6 alpha_CBO    0.00000e+00  1.00000e-03     no limits
     7 w_CBO        2.32500e+00  constant
     8 beta_CBO     0.00000e+00  1.00000e-03     no limits
     9 alpha_2CBO   0.00000e+00  1.00000e-03     no limits
    10 beta_2CBO    0.00000e+00  1.00000e-03     no limits
    11 alpha_y      0.00000e+00  1.00000e-03     no limits
    12 w_y          1.38860e+01  constant
    13 beta_y       0.00000e+00  1.00000e-03     no limits
    14 alpha_vw     0.00000e+00  1.00000e-03     no limits
    15 w_vw         1.43404e+01  constant
    16 beta_vw      0.00000e+00  1.00000e-03     no limits
    17 LM           3.79801e-04  constant
    18 zeta_y       0.00000e+00  constant
    19 zeta_vw      0.00000e+00  constant
    20 T_CBO        1.00000e+02  1.00000e+00    0.00000e+00  1.00000e+03
    21 alpha_A0     0.00000e+00  1.00000e-03     no limits
    22 beta_A0      0.00000e+00  1.00000e-03     no limits
    23 alpha_phi    0.00000e+00  1.00000e-03     no limits
    24 beta_phi     0.00000e+00  1.00000e-03     no limits
MINUIT - FIT ONLY WIGGLE
 **********
 **    3 **FIX            5
 **********
 PARAMETER    5  IS CONSTANT.   IGNORED.
 **********
 **    4 **FIX            6
 **********
 **********
 **    5 **FIX            7
 **********
 PARAMETER    7  IS CONSTANT.   IGNORED.
 **********
 **    6 **FIX            8
 **********
 **********
 **    7 **FIX            9
 **********
 **********
 **    8 **FIX           10
 **********
 **********
 **    9 **FIX           11
 **********
 **********
 **   10 **FIX           12
 **********
 PARAMETER   12  IS CONSTANT.   IGNORED.
 **********
 **   11 **FIX           13
 **********
 **********
 **   12 **FIX           14
 **********
 **********
 **   13 **FIX           15
 **********
 PARAMETER   15  IS CONSTANT.   IGNORED.
 **********
 **   14 **FIX           16
 **********
 **********
 **   15 **MIGRAD
 **********
 FIRST CALL TO USER FUNCTION AT NEW START POINT, WITH IFLAG=4.
 START MIGRAD MINIMIZATION.  STRATEGY  1.  CONVERGENCE WHEN EDM .LT. 1.00e-04
 FCN=126.595 FROM MIGRAD    STATUS=INITIATE      437 CALLS         438 TOTAL
                     EDM= unknown      STRATEGY= 1      NO ERROR MATRIX       
  EXT PARAMETER               CURRENT GUESS       STEP         FIRST   
  NO.   NAME      VALUE            ERROR          SIZE      DERIVATIVE 
   1  N0           2.79633e+06   1.00000e+02   0.00000e+00  -2.97746e-04
   2  tau          6.44140e+01   constant   
   3  A0           3.58434e-01   1.00000e-04   0.00000e+00  -9.42079e+03
   4  phi          4.11632e+00   1.00000e-02   0.00000e+00   3.08717e+02
   5  R           -6.26390e+01   constant   
   6  alpha_CBO    0.00000e+00     fixed    
   7  w_CBO        2.32500e+00   constant   
   8  beta_CBO     0.00000e+00     fixed    
   9  alpha_2CBO   0.00000e+00     fixed    
  10  beta_2CBO    0.00000e+00     fixed    
  11  alpha_y      0.00000e+00     fixed    
  12  w_y          1.38860e+01   constant   
  13  beta_y       0.00000e+00     fixed    
  14  alpha_vw     0.00000e+00     fixed    
  15  w_vw         1.43404e+01   constant   
  16  beta_vw      0.00000e+00     fixed    
  17  LM           3.79801e-04   constant   
  18  zeta_y       0.00000e+00   constant   
  19  zeta_vw      0.00000e+00   constant   
  20  T_CBO        1.00000e+02   1.00000e+00   0.00000e+00   0.00000e+00
  21  alpha_A0     0.00000e+00   1.00000e-03   0.00000e+00  -6.28402e+01
  22  beta_A0      0.00000e+00   1.00000e-03   0.00000e+00   1.26737e+02
  23  alpha_phi    0.00000e+00   1.00000e-03   0.00000e+00  -8.31576e+01
  24  beta_phi     0.00000e+00   1.00000e-03   0.00000e+00  -1.17873e+02
 CALL LIMIT EXCEEDED IN MIGRAD.
 MIGRAD TERMINATED WITHOUT CONVERGENCE.
 FCN=120.933 FROM MIGRAD    STATUS=CALL LIMIT   1330 CALLS        1331 TOTAL
                     EDM=0.000348744    STRATEGY= 1  ERROR MATRIX UNCERTAINTY   0.9 per cent
  EXT PARAMETER                APPROXIMATE        STEP         FIRST   
  NO.   NAME      VALUE            ERROR          SIZE      DERIVATIVE 
   1  N0           2.79667e+06   8.13469e+02   2.60071e+00   9.29796e-06
   2  tau          6.44140e+01   constant   
   3  A0           3.59040e-01   3.67067e-04   7.29556e-07   2.29266e+01
   4  phi          4.11616e+00   1.08184e-03   1.00949e-06   5.28438e+00
   5  R           -6.26390e+01   constant   
   6  alpha_CBO    0.00000e+00     fixed    
   7  w_CBO        2.32500e+00   constant   
   8  beta_CBO     0.00000e+00     fixed    
   9  alpha_2CBO   0.00000e+00     fixed    
  10  beta_2CBO    0.00000e+00     fixed    
  11  alpha_y      0.00000e+00     fixed    
  12  w_y          1.38860e+01   constant   
  13  beta_y       0.00000e+00     fixed    
  14  alpha_vw     0.00000e+00     fixed    
  15  w_vw         1.43404e+01   constant   
  16  beta_vw      0.00000e+00     fixed    
  17  LM           3.79801e-04   constant   
  18  zeta_y       0.00000e+00   constant   
  19  zeta_vw      0.00000e+00   constant   
  20  T_CBO        4.50753e+02   6.53682e+02   2.01623e-02  -1.13104e-02
  21  alpha_A0     1.18037e-03   4.91220e-03  -1.54129e-05  -1.11203e+00
  22  beta_A0     -2.86467e-03   7.25198e-03   1.55924e-05  -9.49647e-01
  23  alpha_phi    1.29945e-03   3.25129e-03   2.41117e-05   3.82464e+00
  24  beta_phi     2.23175e-03   6.34916e-03  -1.44100e-05  -5.04239e+00
 EXTERNAL ERROR MATRIX.    NDIM=  25    NPAR=  8    ERR DEF=1
  6.617e+05  6.110e-02 -4.183e-02  3.647e+05 -9.645e-01  1.889e+00 -3.508e-01 -6.459e-01 
  6.110e-02  1.347e-07  2.585e-09  1.609e-01 -4.110e-07  6.429e-07 -3.731e-07 -4.251e-07 
 -4.183e-02  2.585e-09  1.170e-06  3.055e-01 -8.397e-07  9.884e-07 -7.276e-07 -9.609e-07 
  3.647e+05  1.609e-01  3.055e-01  3.183e+06 -6.005e+00  1.181e+01 -3.614e+00 -1.043e+01 
 -9.645e-01 -4.110e-07 -8.397e-07 -6.005e+00  2.413e-05 -2.150e-05  9.667e-06  1.884e-05 
  1.889e+00  6.429e-07  9.884e-07  1.181e+01 -2.150e-05  5.259e-05 -1.273e-05 -3.812e-05 
 -3.508e-01 -3.731e-07 -7.276e-07 -3.614e+00  9.667e-06 -1.273e-05  1.057e-05  1.236e-05 
 -6.459e-01 -4.251e-07 -9.609e-07 -1.043e+01  1.884e-05 -3.812e-05  1.236e-05  4.031e-05 
ERR MATRIX APPROXIMATE
 PARAMETER  CORRELATION COEFFICIENTS  
       NO.  GLOBAL      1      3      4     20     21     22     23     24
        1  0.45189   1.000  0.205 -0.048  0.251 -0.241  0.320 -0.133 -0.125
        3  0.37058   0.205  1.000  0.007  0.246 -0.228  0.242 -0.313 -0.182
        4  0.24186  -0.048  0.007  1.000  0.158 -0.158  0.126 -0.207 -0.140
       20  0.96543   0.251  0.246  0.158  1.000 -0.685  0.913 -0.623 -0.920
       21  0.73200  -0.241 -0.228 -0.158 -0.685  1.000 -0.604  0.605  0.604
       22  0.91924   0.320  0.242  0.126  0.913 -0.604  1.000 -0.540 -0.828
       23  0.70207  -0.133 -0.313 -0.207 -0.623  0.605 -0.540  1.000  0.599
       24  0.92911  -0.125 -0.182 -0.140 -0.920  0.604 -0.828  0.599  1.000
 ERR MATRIX APPROXIMATE
MINUIT - FIT ONLY 1-CBO + wiggle
 **********
 **   16 **RES 
 **********
                   PARAMETER   16  beta_vw RESTORED TO VARIABLE.
                   PARAMETER   14  alpha_vw RESTORED TO VARIABLE.
                   PARAMETER   13  beta_y RESTORED TO VARIABLE.
                   PARAMETER   11  alpha_y RESTORED TO VARIABLE.
                   PARAMETER   10  beta_2CBO RESTORED TO VARIABLE.
                   PARAMETER    9  alpha_2CBO RESTORED TO VARIABLE.
                   PARAMETER    8  beta_CBO RESTORED TO VARIABLE.
                   PARAMETER    6  alpha_CBO RESTORED TO VARIABLE.
 **********
 **   17 **FIX            8
 **********
 **********
 **   18 **FIX            9
 **********
 **********
 **   19 **FIX           11
 **********
 **********
 **   20 **FIX           12
 **********
 PARAMETER   12  IS CONSTANT.   IGNORED.
 **********
 **   21 **FIX           14
 **********
 **********
 **   22 **FIX           15
 **********
 PARAMETER   15  IS CONSTANT.   IGNORED.
 **********
 **   23 **FIX           16
 **********
 **********
 **   24 **MIGRAD
 **********
 START MIGRAD MINIMIZATION.  STRATEGY  1.  CONVERGENCE WHEN EDM .LT. 1.00e-04
 FCN=120.933 FROM MIGRAD    STATUS=INITIATE       28 CALLS        1359 TOTAL
                     EDM= unknown      STRATEGY= 1      NO ERROR MATRIX       
  EXT PARAMETER               CURRENT GUESS       STEP         FIRST   
  NO.   NAME      VALUE            ERROR          SIZE      DERIVATIVE 
   1  N0           2.79667e+06   8.13469e+02   2.60071e+00   9.29796e-06
   2  tau          6.44140e+01   constant   
   3  A0           3.59040e-01   3.67067e-04   7.29556e-07   2.29266e+01
   4  phi          4.11616e+00   1.08184e-03   1.00949e-06   5.28438e+00
   5  R           -6.26390e+01   constant   
   6  alpha_CBO    0.00000e+00   1.00000e-03   1.00000e-03   2.30941e+04
   7  w_CBO        2.32500e+00   constant   
   8  beta_CBO     0.00000e+00     fixed    
   9  alpha_2CBO   0.00000e+00     fixed    
  10  beta_2CBO    0.00000e+00   1.00000e-03   1.00000e-03  -2.12490e+03
  11  alpha_y      0.00000e+00     fixed    
  12  w_y          1.38860e+01   constant   
  13  beta_y       0.00000e+00   1.00000e-03   1.00000e-03  -2.30373e+03
  14  alpha_vw     0.00000e+00     fixed    
  15  w_vw         1.43404e+01   constant   
  16  beta_vw      0.00000e+00     fixed    
  17  LM           3.79801e-04   constant   
  18  zeta_y       0.00000e+00   constant   
  19  zeta_vw      0.00000e+00   constant   
  20  T_CBO        4.50753e+02   6.53682e+02   2.01623e-02  -1.13141e-02
  21  alpha_A0     1.18037e-03   4.91220e-03  -1.54129e-05  -1.11203e+00
  22  beta_A0     -2.86467e-03   7.25198e-03   1.55924e-05  -9.49645e-01
  23  alpha_phi    1.29945e-03   3.25129e-03   2.41117e-05   3.82464e+00
  24  beta_phi     2.23175e-03   6.34916e-03  -1.44100e-05  -5.04239e+00
 MIGRAD MINIMIZATION HAS CONVERGED.
 FCN=95.7825 FROM MIGRAD    STATUS=CONVERGED     520 CALLS        1851 TOTAL
                     EDM=3.63837e-06    STRATEGY= 1  ERROR MATRIX UNCERTAINTY   0.5 per cent
  EXT PARAMETER                                   STEP         FIRST   
  NO.   NAME      VALUE            ERROR          SIZE      DERIVATIVE 
   1  N0           2.79662e+06   8.43691e+02  -2.82158e-01  -3.99243e-07
   2  tau          6.44140e+01   constant   
   3  A0           3.58843e-01   3.67170e-04   5.29102e-08  -2.17979e+00
   4  phi          4.11692e+00   1.12948e-03   8.90684e-07   7.34844e-01
   5  R           -6.26390e+01   constant   
   6  alpha_CBO   -2.14530e-03   4.30903e-04   9.69613e-08   1.06785e+00
   7  w_CBO        2.32500e+00   constant   
   8  beta_CBO     0.00000e+00     fixed    
   9  alpha_2CBO   0.00000e+00     fixed    
  10  beta_2CBO    1.26029e-04   4.08661e-04   3.21315e-07   2.74418e+00
  11  alpha_y      0.00000e+00     fixed    
  12  w_y          1.38860e+01   constant   
  13  beta_y       1.99871e-04   4.03460e-04   3.06233e-07   3.68262e+00
  14  alpha_vw     0.00000e+00     fixed    
  15  w_vw         1.43404e+01   constant   
  16  beta_vw      0.00000e+00     fixed    
  17  LM           3.79801e-04   constant   
  18  zeta_y       0.00000e+00   constant   
  19  zeta_vw      0.00000e+00   constant   
  20  T_CBO        9.99717e+02   7.85093e+02   3.49954e-02  -1.70571e-04
  21  alpha_A0     1.65845e-03   2.26808e-03   6.74461e-06  -1.17132e-01
  22  beta_A0     -2.07729e-03   2.56177e-03  -3.07970e-06  -9.60573e-02
  23  alpha_phi   -5.49493e-04   2.51133e-03   3.28515e-06   1.08765e-01
  24  beta_phi     1.92306e-03   1.95997e-03   3.57530e-06  -5.85604e-02
 EXTERNAL ERROR MATRIX.    NDIM=  25    NPAR= 11    ERR DEF=1
  7.118e+05 
  3.752e-02  1.348e-07 
 -1.233e-01  1.727e-08  1.276e-06 
  6.827e-03  1.624e-08 -6.925e-08  1.857e-07 
  1.039e-02 -1.823e-09 -2.253e-08  4.304e-09  1.670e-07 
  5.332e-03  3.564e-10 -9.936e-09 -1.293e-09 -1.839e-09  1.628e-07 
  8.451e+02  1.870e-03  1.550e-02  1.959e-03  4.461e-03  4.674e-03  1.194e+05 
 -2.004e-01 -6.856e-08 -2.355e-07 -7.802e-08  1.112e-07  5.035e-09 -5.080e-02  5.144e-06 
  3.230e-01  1.881e-08 -1.338e-07 -1.527e-08 -2.791e-08  2.398e-08  2.917e-01  8.394e-07  6.563e-06 
  3.094e-01 -6.961e-08 -1.978e-07  1.725e-07  8.300e-08  2.934e-08  2.274e-01 -6.379e-07  7.699e-07  6.307e-06 
  1.823e-01 -4.214e-08 -1.639e-07 -2.049e-08  6.057e-08 -6.611e-09 -1.915e-01  1.600e-07 -8.569e-07 -7.322e-07  3.841e-06 
 PARAMETER  CORRELATION COEFFICIENTS  
       NO.  GLOBAL      1      3      4      6     10     13     20     21     22     23     24
        1  0.33533   1.000  0.121 -0.129  0.019  0.030  0.016  0.003 -0.105  0.149  0.146  0.110
        3  0.23136   0.121  1.000  0.042  0.103 -0.012  0.002  0.015 -0.082  0.020 -0.075 -0.059
        4  0.24838  -0.129  0.042  1.000 -0.142 -0.049 -0.022  0.040 -0.092 -0.046 -0.070 -0.074
        6  0.25482   0.019  0.103 -0.142  1.000  0.024 -0.007  0.013 -0.080 -0.014  0.159 -0.024
       10  0.19465   0.030 -0.012 -0.049  0.024  1.000 -0.011  0.032  0.120 -0.027  0.081  0.076
       13  0.05210   0.016  0.002 -0.022 -0.007 -0.011  1.000  0.034  0.006  0.023  0.029 -0.008
       20  0.46228   0.003  0.015  0.040  0.013  0.032  0.034  1.000 -0.065  0.330  0.262 -0.283
       21  0.31490  -0.105 -0.082 -0.092 -0.080  0.120  0.006 -0.065  1.000  0.144 -0.112  0.036
       22  0.42395   0.149  0.020 -0.046 -0.014 -0.027  0.023  0.330  0.144  1.000  0.120 -0.171
       23  0.38868   0.146 -0.075 -0.070  0.159  0.081  0.029  0.262 -0.112  0.120  1.000 -0.149
       24  0.35701   0.110 -0.059 -0.074 -0.024  0.076 -0.008 -0.283  0.036 -0.171 -0.149  1.000
MINUIT - FIT ONLY 2-CBO
 **********
 **   25 **RES 
 **********
                   PARAMETER   16  beta_vw RESTORED TO VARIABLE.
                   PARAMETER   14  alpha_vw RESTORED TO VARIABLE.
                   PARAMETER   11  alpha_y RESTORED TO VARIABLE.
                   PARAMETER    9  alpha_2CBO RESTORED TO VARIABLE.
                   PARAMETER    8  beta_CBO RESTORED TO VARIABLE.
 **********
 **   26 **FIX            0
 **********
 PARAMETER    0  IS UNDEFINED. IGNORED.
 **********
 **   27 **FIX            1
 **********
 **********
 **   28 **FIX            2
 **********
 PARAMETER    2  IS CONSTANT.   IGNORED.
 **********
 **   29 **FIX            3
 **********
 **********
 **   30 **FIX            4
 **********
 **********
 **   31 **FIX            5
 **********
 PARAMETER    5  IS CONSTANT.   IGNORED.
 **********
 **   32 **FIX            6
 **********
 **********
 **   33 **FIX            7
 **********
 PARAMETER    7  IS CONSTANT.   IGNORED.
 **********
 **   34 **FIX           10
 **********
 **********
 **   35 **FIX           11
 **********
 **********
 **   36 **FIX           12
 **********
 PARAMETER   12  IS CONSTANT.   IGNORED.
 **********
 **   37 **FIX           13
 **********
 **********
 **   38 **FIX           14
 **********
 **********
 **   39 **FIX           15
 **********
 PARAMETER   15  IS CONSTANT.   IGNORED.
 **********
 **   40 **FIX           16
 **********
 **********
 **   41 **MIGRAD
 **********
 START MIGRAD MINIMIZATION.  STRATEGY  1.  CONVERGENCE WHEN EDM .LT. 1.00e-04
 FCN=95.7825 FROM MIGRAD    STATUS=INITIATE       18 CALLS        1869 TOTAL
                     EDM= unknown      STRATEGY= 1      NO ERROR MATRIX       
  EXT PARAMETER               CURRENT GUESS       STEP         FIRST   
  NO.   NAME      VALUE            ERROR          SIZE      DERIVATIVE 
   1  N0           2.79662e+06     fixed    
   2  tau          6.44140e+01   constant   
   3  A0           3.58843e-01     fixed    
   4  phi          4.11692e+00     fixed    
   5  R           -6.26390e+01   constant   
   6  alpha_CBO   -2.14530e-03     fixed    
   7  w_CBO        2.32500e+00   constant   
   8  beta_CBO     0.00000e+00   1.00000e-03   1.00000e-03   3.41278e+04
   9  alpha_2CBO   0.00000e+00   1.00000e-03   1.00000e-03  -4.90104e+02
  10  beta_2CBO    1.26029e-04     fixed    
  11  alpha_y      0.00000e+00     fixed    
  12  w_y          1.38860e+01   constant   
  13  beta_y       1.99871e-04     fixed    
  14  alpha_vw     0.00000e+00     fixed    
  15  w_vw         1.43404e+01   constant   
  16  beta_vw      0.00000e+00     fixed    
  17  LM           3.79801e-04   constant   
  18  zeta_y       0.00000e+00   constant   
  19  zeta_vw      0.00000e+00   constant   
  20  T_CBO        9.99717e+02   7.85093e+02   3.49954e-02  -1.74833e-04
  21  alpha_A0     1.65845e-03   2.26808e-03   6.74461e-06  -1.17135e-01
  22  beta_A0     -2.07729e-03   2.56177e-03  -3.07970e-06  -9.60578e-02
  23  alpha_phi   -5.49493e-04   2.51133e-03   3.28515e-06   1.08765e-01
  24  beta_phi     1.92306e-03   1.95997e-03   3.57530e-06  -5.85604e-02
 MIGRAD MINIMIZATION HAS CONVERGED.
 MIGRAD WILL VERIFY CONVERGENCE AND ERROR MATRIX.
 COVARIANCE MATRIX CALCULATED SUCCESSFULLY
 FCN=45.7904 FROM MIGRAD    STATUS=CONVERGED     138 CALLS        1989 TOTAL
                     EDM=1.02113e-05    STRATEGY= 1      ERROR MATRIX ACCURATE 
  EXT PARAMETER                                   STEP         FIRST   
  NO.   NAME      VALUE            ERROR          SIZE      DERIVATIVE 
   1  N0           2.79662e+06     fixed    
   2  tau          6.44140e+01   constant   
   3  A0           3.58843e-01     fixed    
   4  phi          4.11692e+00     fixed    
   5  R           -6.26390e+01   constant   
   6  alpha_CBO   -2.14530e-03     fixed    
   7  w_CBO        2.32500e+00   constant   
   8  beta_CBO    -2.92758e-03   4.14116e-04   1.34034e-06   8.60605e-01
   9  alpha_2CBO   1.56512e-04   4.22248e-04   1.37367e-06  -8.56486e+00
  10  beta_2CBO    1.26029e-04     fixed    
  11  alpha_y      0.00000e+00     fixed    
  12  w_y          1.38860e+01   constant   
  13  beta_y       1.99871e-04     fixed    
  14  alpha_vw     0.00000e+00     fixed    
  15  w_vw         1.43404e+01   constant   
  16  beta_vw      0.00000e+00     fixed    
  17  LM           3.79801e-04   constant   
  18  zeta_y       0.00000e+00   constant   
  19  zeta_vw      0.00000e+00   constant   
  20  T_CBO        9.95596e+02   6.76731e+02   1.62214e-01  -1.98330e-04
  21  alpha_A0     1.92847e-03   2.01359e-03   6.60963e-06   3.44889e-01
  22  beta_A0     -1.74328e-04   2.00415e-03   6.57113e-06   9.65347e-01
  23  alpha_phi    2.17884e-05   1.92895e-03   6.35362e-06   3.13992e-01
  24  beta_phi    -6.88967e-04   1.79919e-03   5.85060e-06  -6.86430e-01
 EXTERNAL ERROR MATRIX.    NDIM=  25    NPAR=  7    ERR DEF=1
  1.715e-07 -6.609e-09 -6.075e-06 -1.696e-08 -1.140e-07 -3.261e-08  1.516e-07 
 -6.609e-09  1.783e-07 -7.503e-07 -9.327e-08 -1.050e-07  7.077e-08 -9.411e-08 
 -6.075e-06 -7.503e-07  8.784e+03  6.795e-03 -5.398e-04  8.964e-05 -2.523e-03 
 -1.696e-08 -9.327e-08  6.795e-03  4.055e-06  3.310e-07  5.247e-07  1.635e-07 
 -1.140e-07 -1.050e-07 -5.398e-04  3.310e-07  4.017e-06  1.925e-07 -7.180e-08 
 -3.261e-08  7.077e-08  8.964e-05  5.247e-07  1.925e-07  3.721e-06 -1.660e-07 
  1.516e-07 -9.411e-08 -2.523e-03  1.635e-07 -7.180e-08 -1.660e-07  3.237e-06 
 PARAMETER  CORRELATION COEFFICIENTS  
       NO.  GLOBAL      8      9     20     21     22     23     24
        8  0.24687   1.000 -0.038 -0.000 -0.020 -0.137 -0.041  0.204
        9  0.22647  -0.038  1.000 -0.000 -0.110 -0.124  0.087 -0.124
       20  0.04062  -0.000 -0.000  1.000  0.036 -0.003  0.000 -0.015
       21  0.19994  -0.020 -0.110  0.036  1.000  0.082  0.135  0.045
       22  0.20529  -0.137 -0.124 -0.003  0.082  1.000  0.050 -0.020
       23  0.18260  -0.041  0.087  0.000  0.135  0.050  1.000 -0.048
       24  0.24056   0.204 -0.124 -0.015  0.045 -0.020 -0.048  1.000
MINUIT - FIT wiggle + 1-CBO + 2-CBO
 **********
 **   42 **RES 
 **********
                   PARAMETER   16  beta_vw RESTORED TO VARIABLE.
                   PARAMETER   14  alpha_vw RESTORED TO VARIABLE.
                   PARAMETER   13  beta_y RESTORED TO VARIABLE.
                   PARAMETER   11  alpha_y RESTORED TO VARIABLE.
                   PARAMETER   10  beta_2CBO RESTORED TO VARIABLE.
                   PARAMETER    6  alpha_CBO RESTORED TO VARIABLE.
                   PARAMETER    4  phi RESTORED TO VARIABLE.
                   PARAMETER    3  A0 RESTORED TO VARIABLE.
                   PARAMETER    1  N0 RESTORED TO VARIABLE.
 **********
 **   43 **FIX           10
 **********
 **********
 **   44 **FIX           11
 **********
 **********
 **   45 **FIX           12
 **********
 PARAMETER   12  IS CONSTANT.   IGNORED.
 **********
 **   46 **FIX           13
 **********
 **********
 **   47 **FIX           14
 **********
 **********
 **   48 **FIX           15
 **********
 PARAMETER   15  IS CONSTANT.   IGNORED.
 **********
 **   49 **FIX           16
 **********
 **********
 **   50 **MIGRAD
 **********
 START MIGRAD MINIMIZATION.  STRATEGY  1.  CONVERGENCE WHEN EDM .LT. 1.00e-04
 FCN=45.7904 FROM MIGRAD    STATUS=INITIATE       54 CALLS        2043 TOTAL
                     EDM= unknown      STRATEGY= 1      NO ERROR MATRIX       
  EXT PARAMETER               CURRENT GUESS       STEP         FIRST   
  NO.   NAME      VALUE            ERROR          SIZE      DERIVATIVE 
   1  N0           2.79662e+06   8.43691e+02   0.00000e+00   6.19494e-04
   2  tau          6.44140e+01   constant   
   3  A0           3.58843e-01   3.67170e-04   0.00000e+00   6.53439e+03
   4  phi          4.11692e+00   1.12948e-03   0.00000e+00   2.25086e+03
   5  R           -6.26390e+01   constant   
   6  alpha_CBO   -2.14530e-03   4.30903e-04   0.00000e+00  -7.65597e+01
   7  w_CBO        2.32500e+00   constant   
   8  beta_CBO    -2.92758e-03   4.14116e-04   0.00000e+00  -1.20223e+00
   9  alpha_2CBO   1.56512e-04   4.22248e-04   0.00000e+00  -9.74508e+00
  10  beta_2CBO    1.26029e-04     fixed    
  11  alpha_y      0.00000e+00     fixed    
  12  w_y          1.38860e+01   constant   
  13  beta_y       1.99871e-04     fixed    
  14  alpha_vw     0.00000e+00     fixed    
  15  w_vw         1.43404e+01   constant   
  16  beta_vw      0.00000e+00     fixed    
  17  LM           3.79801e-04   constant   
  18  zeta_y       0.00000e+00   constant   
  19  zeta_vw      0.00000e+00   constant   
  20  T_CBO        9.76199e+02   6.76731e+02  -1.76966e-01  -5.10810e-06
  21  alpha_A0     1.92847e-03   2.01359e-03   0.00000e+00  -4.56074e+00
  22  beta_A0     -1.74328e-04   2.00415e-03   0.00000e+00   1.68097e+00
  23  alpha_phi    2.17884e-05   1.92895e-03   0.00000e+00   1.03918e+00
  24  beta_phi    -6.88967e-04   1.79919e-03   0.00000e+00   1.85089e+00
 MIGRAD MINIMIZATION HAS CONVERGED.
 MIGRAD WILL VERIFY CONVERGENCE AND ERROR MATRIX.
 COVARIANCE MATRIX CALCULATED SUCCESSFULLY
 FCN=42.1987 FROM MIGRAD    STATUS=CONVERGED     309 CALLS        2298 TOTAL
                     EDM=1.74356e-06    STRATEGY= 1      ERROR MATRIX ACCURATE 
  EXT PARAMETER                                   STEP         FIRST   
  NO.   NAME      VALUE            ERROR          SIZE      DERIVATIVE 
   1  N0           2.79632e+06   8.63355e+02   2.56834e+00  -5.47275e-07
   2  tau          6.44140e+01   constant   
   3  A0           3.58310e-01   3.81359e-04   1.15710e-06  -1.63918e+00
   4  phi          4.11536e+00   1.14518e-03   3.49680e-06   5.17847e-01
   5  R           -6.26390e+01   constant   
   6  alpha_CBO   -2.11213e-03   4.31662e-04   1.33634e-06  -4.22702e-01
   7  w_CBO        2.32500e+00   constant   
   8  beta_CBO    -3.13855e-03   4.28862e-04   1.28798e-06   2.22895e-01
   9  alpha_2CBO   1.43688e-04   4.23416e-04   1.32001e-06  -6.95285e-01
  10  beta_2CBO    1.26029e-04     fixed    
  11  alpha_y      0.00000e+00     fixed    
  12  w_y          1.38860e+01   constant   
  13  beta_y       1.99871e-04     fixed    
  14  alpha_vw     0.00000e+00     fixed    
  15  w_vw         1.43404e+01   constant   
  16  beta_vw      0.00000e+00     fixed    
  17  LM           3.79801e-04   constant   
  18  zeta_y       0.00000e+00   constant   
  19  zeta_vw      0.00000e+00   constant   
  20  T_CBO        9.99911e+02   6.01049e+02   1.24784e-01   1.47038e-05
  21  alpha_A0     2.55389e-03   2.49171e-03   6.33303e-06  -2.01793e-01
  22  beta_A0      1.94548e-04   2.04908e-03   6.29314e-06   1.71206e-01
  23  alpha_phi    6.23292e-04   2.02980e-03   6.08811e-06  -5.13564e-01
  24  beta_phi    -7.54367e-04   1.87214e-03   5.60748e-06  -3.88479e-01
 EXTERNAL ERROR MATRIX.    NDIM=  25    NPAR= 11    ERR DEF=1
  7.454e+05 
  5.680e-02  1.454e-07 
 -1.079e-01  3.665e-08  1.311e-06 
  4.416e-03  1.588e-08 -7.073e-08  1.863e-07 
  1.822e-02  3.129e-08  9.166e-08 -2.057e-09  1.839e-07 
  1.085e-02 -4.199e-09  2.088e-08 -7.511e-09 -5.802e-09  1.793e-07 
 -2.852e+02 -3.304e-04  2.626e-03  3.282e-04 -3.711e-04 -1.587e-05  2.760e+05 
 -2.143e-01 -9.974e-08 -2.103e-07 -5.305e-08 -5.532e-08 -9.565e-08  7.414e-01  6.209e-06 
  2.786e-01 -4.407e-08 -2.772e-07 -2.624e-09 -1.344e-07 -1.026e-07  6.258e-02  4.991e-07  4.199e-06 
  1.732e-01 -9.550e-08 -3.019e-07  1.387e-07 -6.812e-08  6.853e-08  1.854e-01  1.041e-06  3.820e-07  4.120e-06 
  2.363e-01  1.556e-08 -5.219e-08 -1.698e-08  1.569e-07 -9.026e-08 -2.273e-01 -5.038e-07 -2.664e-08 -2.735e-07  3.505e-06 
 PARAMETER  CORRELATION COEFFICIENTS  
       NO.  GLOBAL      1      3      4      6      8      9     20     21     22     23     24
        1  0.35218   1.000  0.173 -0.109  0.012  0.049  0.030 -0.001 -0.100  0.157  0.099  0.146
        3  0.32581   0.173  1.000  0.084  0.096  0.191 -0.026 -0.002 -0.105 -0.056 -0.123  0.022
        4  0.30776  -0.109  0.084  1.000 -0.143  0.187  0.043  0.004 -0.074 -0.118 -0.130 -0.024
        6  0.26356   0.012  0.096 -0.143  1.000 -0.011 -0.041  0.001 -0.049 -0.003  0.158 -0.021
        8  0.35251   0.049  0.191  0.187 -0.011  1.000 -0.032 -0.002 -0.052 -0.153 -0.078  0.195
        9  0.23739   0.030 -0.026  0.043 -0.041 -0.032  1.000 -0.000 -0.091 -0.118  0.080 -0.114
       20  0.60525  -0.001 -0.002  0.004  0.001 -0.002 -0.000  1.000  0.566  0.058  0.174 -0.231
       21  0.61056  -0.100 -0.105 -0.074 -0.049 -0.052 -0.091  0.566  1.000  0.098  0.206 -0.108
       22  0.29015   0.157 -0.056 -0.118 -0.003 -0.153 -0.118  0.058  0.098  1.000  0.092 -0.007
       23  0.35571   0.099 -0.123 -0.130  0.158 -0.078  0.080  0.174  0.206  0.092  1.000 -0.072
       24  0.35908   0.146  0.022 -0.024 -0.021  0.195 -0.114 -0.231 -0.108 -0.007 -0.072  1.000
MINUIT - FIT ONLY 1-y
 **********
 **   51 **RES 
 **********
                   PARAMETER   16  beta_vw RESTORED TO VARIABLE.
                   PARAMETER   14  alpha_vw RESTORED TO VARIABLE.
                   PARAMETER   13  beta_y RESTORED TO VARIABLE.
                   PARAMETER   11  alpha_y RESTORED TO VARIABLE.
                   PARAMETER   10  beta_2CBO RESTORED TO VARIABLE.
 **********
 **   52 **FIX            0
 **********
 PARAMETER    0  IS UNDEFINED. IGNORED.
 **********
 **   53 **FIX            1
 **********
 **********
 **   54 **FIX            2
 **********
 PARAMETER    2  IS CONSTANT.   IGNORED.
 **********
 **   55 **FIX            3
 **********
 **********
 **   56 **FIX            4
 **********
 **********
 **   57 **FIX            5
 **********
 PARAMETER    5  IS CONSTANT.   IGNORED.
 **********
 **   58 **FIX            6
 **********
 **********
 **   59 **FIX            7
 **********
 PARAMETER    7  IS CONSTANT.   IGNORED.
 **********
 **   60 **FIX            8
 **********
 **********
 **   61 **FIX            9
 **********
 **********
 **   62 **FIX           13
 **********
 **********
 **   63 **FIX           14
 **********
 **********
 **   64 **FIX           15
 **********
 PARAMETER   15  IS CONSTANT.   IGNORED.
 **********
 **   65 **FIX           16
 **********
 **********
 **   66 **MIGRAD
 **********
 START MIGRAD MINIMIZATION.  STRATEGY  1.  CONVERGENCE WHEN EDM .LT. 1.00e-04
 FCN=42.1987 FROM MIGRAD    STATUS=INITIATE       18 CALLS        2316 TOTAL
                     EDM= unknown      STRATEGY= 1      NO ERROR MATRIX       
  EXT PARAMETER               CURRENT GUESS       STEP         FIRST   
  NO.   NAME      VALUE            ERROR          SIZE      DERIVATIVE 
   1  N0           2.79632e+06     fixed    
   2  tau          6.44140e+01   constant   
   3  A0           3.58310e-01     fixed    
   4  phi          4.11536e+00     fixed    
   5  R           -6.26390e+01   constant   
   6  alpha_CBO   -2.11213e-03     fixed    
   7  w_CBO        2.32500e+00   constant   
   8  beta_CBO    -3.13855e-03     fixed    
   9  alpha_2CBO   1.43688e-04     fixed    
  10  beta_2CBO    1.26029e-04   4.08661e-04   4.08661e-04  -2.37722e+02
  11  alpha_y      0.00000e+00   1.00000e-03   1.00000e-03  -5.75904e+03
  12  w_y          1.38860e+01   constant   
  13  beta_y       1.99871e-04     fixed    
  14  alpha_vw     0.00000e+00     fixed    
  15  w_vw         1.43404e+01   constant   
  16  beta_vw      0.00000e+00     fixed    
  17  LM           3.79801e-04   constant   
  18  zeta_y       0.00000e+00   constant   
  19  zeta_vw      0.00000e+00   constant   
  20  T_CBO        9.99911e+02   6.01049e+02   1.24784e-01  -2.80495e-05
  21  alpha_A0     2.55389e-03   2.49171e-03   6.33303e-06  -2.01775e-01
  22  beta_A0      1.94548e-04   2.04908e-03   6.29314e-06   1.71210e-01
  23  alpha_phi    6.23292e-04   2.02980e-03   6.08811e-06  -5.13564e-01
  24  beta_phi    -7.54367e-04   1.87214e-03   5.60748e-06  -3.88479e-01
 MIGRAD MINIMIZATION HAS CONVERGED.
 MIGRAD WILL VERIFY CONVERGENCE AND ERROR MATRIX.
 COVARIANCE MATRIX CALCULATED SUCCESSFULLY
 FCN=40.802 FROM MIGRAD    STATUS=CONVERGED     118 CALLS        2416 TOTAL
                     EDM=1.8074e-07    STRATEGY= 1      ERROR MATRIX ACCURATE 
  EXT PARAMETER                                   STEP         FIRST   
  NO.   NAME      VALUE            ERROR          SIZE      DERIVATIVE 
   1  N0           2.79632e+06     fixed    
   2  tau          6.44140e+01   constant   
   3  A0           3.58310e-01     fixed    
   4  phi          4.11536e+00     fixed    
   5  R           -6.26390e+01   constant   
   6  alpha_CBO   -2.11213e-03     fixed    
   7  w_CBO        2.32500e+00   constant   
   8  beta_CBO    -3.13855e-03     fixed    
   9  alpha_2CBO   1.43688e-04     fixed    
  10  beta_2CBO    1.54533e-04   4.14671e-04   1.28191e-06  -8.27594e-01
  11  alpha_y      4.83852e-04   4.09773e-04   1.29295e-06   9.65815e-02
  12  w_y          1.38860e+01   constant   
  13  beta_y       1.99871e-04     fixed    
  14  alpha_vw     0.00000e+00     fixed    
  15  w_vw         1.43404e+01   constant   
  16  beta_vw      0.00000e+00     fixed    
  17  LM           3.79801e-04   constant   
  18  zeta_y       0.00000e+00   constant   
  19  zeta_vw      0.00000e+00   constant   
  20  T_CBO        9.99993e+02   7.96085e+02   1.23364e-01  -4.33540e-06
  21  alpha_A0     2.52233e-03   2.18611e-03   6.22990e-06   5.79554e-02
  22  beta_A0      1.42719e-04   1.97436e-03   6.19066e-06   2.21473e-02
  23  alpha_phi    6.28675e-04   1.94891e-03   5.98897e-06   7.37892e-02
  24  beta_phi    -7.63795e-04   1.77405e-03   5.51616e-06  -2.51480e-01
 EXTERNAL ERROR MATRIX.    NDIM=  25    NPAR=  7    ERR DEF=1
  1.720e-07  2.808e-09 -2.071e-05  1.078e-07 -6.255e-08  1.028e-07  5.221e-08 
  2.808e-09  1.679e-07 -9.713e-06 -1.572e-08 -1.531e-08 -2.747e-09 -5.446e-09 
 -2.071e-05 -9.713e-06  1.673e+04  1.089e-01  7.049e-03  2.780e-02 -3.412e-02 
  1.078e-07 -1.572e-08  1.089e-01  4.779e-06  2.711e-07  8.083e-07 -5.568e-08 
 -6.255e-08 -1.531e-08  7.049e-03  2.711e-07  3.898e-06  1.873e-07 -5.487e-08 
  1.028e-07 -2.747e-09  2.780e-02  8.083e-07  1.873e-07  3.798e-06 -1.285e-07 
  5.221e-08 -5.446e-09 -3.412e-02 -5.568e-08 -5.487e-08 -1.285e-07  3.147e-06 
 PARAMETER  CORRELATION COEFFICIENTS  
       NO.  GLOBAL     10     11     20     21     22     23     24
       10  0.20273   1.000  0.017 -0.000  0.119 -0.076  0.127  0.071
       11  0.03258   0.017  1.000 -0.000 -0.018 -0.019 -0.003 -0.007
       20  0.41419  -0.000 -0.000  1.000  0.385  0.028  0.110 -0.149
       21  0.43035   0.119 -0.018  0.385  1.000  0.063  0.190 -0.014
       22  0.11656  -0.076 -0.019  0.028  0.063  1.000  0.049 -0.016
       23  0.22924   0.127 -0.003  0.110  0.190  0.049  1.000 -0.037
       24  0.17318   0.071 -0.007 -0.149 -0.014 -0.016 -0.037  1.000
MINUIT - FIT ONLY 2-y
 **********
 **   67 **RES 
 **********
                   PARAMETER   16  beta_vw RESTORED TO VARIABLE.
                   PARAMETER   14  alpha_vw RESTORED TO VARIABLE.
                   PARAMETER   13  beta_y RESTORED TO VARIABLE.
                   PARAMETER    9  alpha_2CBO RESTORED TO VARIABLE.
                   PARAMETER    8  beta_CBO RESTORED TO VARIABLE.
                   PARAMETER    6  alpha_CBO RESTORED TO VARIABLE.
                   PARAMETER    4  phi RESTORED TO VARIABLE.
                   PARAMETER    3  A0 RESTORED TO VARIABLE.
                   PARAMETER    1  N0 RESTORED TO VARIABLE.
 **********
 **   68 **FIX            0
 **********
 PARAMETER    0  IS UNDEFINED. IGNORED.
 **********
 **   69 **FIX            1
 **********
 **********
 **   70 **FIX            2
 **********
 PARAMETER    2  IS CONSTANT.   IGNORED.
 **********
 **   71 **FIX            3
 **********
 **********
 **   72 **FIX            4
 **********
 **********
 **   73 **FIX            5
 **********
 PARAMETER    5  IS CONSTANT.   IGNORED.
 **********
 **   74 **FIX            6
 **********
 **********
 **   75 **FIX            7
 **********
 PARAMETER    7  IS CONSTANT.   IGNORED.
 **********
 **   76 **FIX            8
 **********
 **********
 **   77 **FIX            9
 **********
 **********
 **   78 **FIX           10
 **********
 **********
 **   79 **FIX           11
 **********
 **********
 **   80 **FIX           12
 **********
 PARAMETER   12  IS CONSTANT.   IGNORED.
 **********
 **   81 **FIX           16
 **********
 **********
 **   82 **MIGRAD
 **********
 START MIGRAD MINIMIZATION.  STRATEGY  1.  CONVERGENCE WHEN EDM .LT. 1.00e-04
 FCN=40.802 FROM MIGRAD    STATUS=INITIATE       16 CALLS        2432 TOTAL
                     EDM= unknown      STRATEGY= 1      NO ERROR MATRIX       
  EXT PARAMETER               CURRENT GUESS       STEP         FIRST   
  NO.   NAME      VALUE            ERROR          SIZE      DERIVATIVE 
   1  N0           2.79632e+06     fixed    
   2  tau          6.44140e+01   constant   
   3  A0           3.58310e-01     fixed    
   4  phi          4.11536e+00     fixed    
   5  R           -6.26390e+01   constant   
   6  alpha_CBO   -2.11213e-03     fixed    
   7  w_CBO        2.32500e+00   constant   
   8  beta_CBO    -3.13855e-03     fixed    
   9  alpha_2CBO   1.43688e-04     fixed    
  10  beta_2CBO    1.54533e-04     fixed    
  11  alpha_y      4.83852e-04     fixed    
  12  w_y          1.38860e+01   constant   
  13  beta_y       1.99871e-04   4.03460e-04   4.03460e-04  -1.40800e+02
  14  alpha_vw     0.00000e+00   1.00000e-03   1.00000e-03  -6.70279e+02
  15  w_vw         1.43404e+01   constant   
  16  beta_vw      0.00000e+00     fixed    
  17  LM           3.79801e-04   constant   
  18  zeta_y       0.00000e+00   constant   
  19  zeta_vw      0.00000e+00   constant   
  20  T_CBO        9.99993e+02   7.96085e+02   1.23364e-01  -4.69248e-06
  21  alpha_A0     2.52233e-03   2.18611e-03   6.22990e-06   5.79421e-02
  22  beta_A0      1.42719e-04   1.97436e-03   6.19066e-06   2.21343e-02
  23  alpha_phi    6.28675e-04   1.94891e-03   5.98897e-06   7.37889e-02
  24  beta_phi    -7.63795e-04   1.77405e-03   5.51616e-06  -2.51481e-01
 MIGRAD MINIMIZATION HAS CONVERGED.
 MIGRAD WILL VERIFY CONVERGENCE AND ERROR MATRIX.
 COVARIANCE MATRIX CALCULATED SUCCESSFULLY
 FCN=40.783 FROM MIGRAD    STATUS=CONVERGED     100 CALLS        2516 TOTAL
                     EDM=3.02902e-06    STRATEGY= 1      ERROR MATRIX ACCURATE 
  EXT PARAMETER                                   STEP         FIRST   
  NO.   NAME      VALUE            ERROR          SIZE      DERIVATIVE 
   1  N0           2.79632e+06     fixed    
   2  tau          6.44140e+01   constant   
   3  A0           3.58310e-01     fixed    
   4  phi          4.11536e+00     fixed    
   5  R           -6.26390e+01   constant   
   6  alpha_CBO   -2.11213e-03     fixed    
   7  w_CBO        2.32500e+00   constant   
   8  beta_CBO    -3.13855e-03     fixed    
   9  alpha_2CBO   1.43688e-04     fixed    
  10  beta_2CBO    1.54533e-04     fixed    
  11  alpha_y      4.83852e-04     fixed    
  12  w_y          1.38860e+01   constant   
  13  beta_y       1.94135e-04   4.28003e-04   1.28701e-06  -1.44205e-02
  14  alpha_vw     5.78734e-05   4.29401e-04   1.29167e-06   8.43892e-03
  15  w_vw         1.43404e+01   constant   
  16  beta_vw      0.00000e+00     fixed    
  17  LM           3.79801e-04   constant   
  18  zeta_y       0.00000e+00   constant   
  19  zeta_vw      0.00000e+00   constant   
  20  T_CBO        1.00000e+03   9.24533e+02   1.24130e-01** at limit **
  21  alpha_A0     2.52314e-03   2.30467e-03   6.22826e-06   5.50282e-01
  22  beta_A0      1.44378e-04   1.96900e-03   6.18903e-06  -2.03389e-01
  23  alpha_phi    6.28091e-04   1.94390e-03   5.98741e-06   8.64240e-01
  24  beta_phi    -7.63311e-04   1.78609e-03   5.51473e-06  -3.79908e-01
 EXTERNAL ERROR MATRIX.    NDIM=  25    NPAR=  7    ERR DEF=1
  1.832e-07 -5.563e-08 -1.245e-06  1.344e-08 -4.705e-09  2.194e-08 -6.609e-09 
 -5.563e-08  1.844e-07  1.664e-06 -3.839e-09  6.805e-09 -1.105e-08  3.422e-09 
 -1.245e-06  1.664e-06  7.932e+02  3.223e-02  2.101e-03  8.240e-03 -1.009e-02 
  1.344e-08 -3.839e-09  3.223e-02  5.312e-06  3.480e-07  8.988e-07 -2.773e-07 
 -4.705e-09  6.805e-09  2.101e-03  3.480e-07  3.877e-06  2.337e-07 -4.855e-08 
  2.194e-08 -1.105e-08  8.240e-03  8.988e-07  2.337e-07  3.779e-06 -2.088e-07 
 -6.609e-09  3.422e-09 -1.009e-02 -2.773e-07 -4.855e-08 -2.088e-07  3.190e-06 
 PARAMETER  CORRELATION COEFFICIENTS  
       NO.  GLOBAL     13     14     20     21     22     23     24
       13  0.30386   1.000 -0.303 -0.000  0.014 -0.006  0.026 -0.009
       14  0.30280  -0.303  1.000  0.000 -0.004  0.008 -0.013  0.004
       20  0.52599  -0.000  0.000  1.000  0.497  0.038  0.151 -0.201
       21  0.51660   0.014 -0.004  0.497  1.000  0.077  0.201 -0.067
       22  0.09068  -0.006  0.008  0.038  0.077  1.000  0.061 -0.014
       23  0.21833   0.026 -0.013  0.151  0.201  0.061  1.000 -0.060
       24  0.20741  -0.009  0.004 -0.201 -0.067 -0.014 -0.060  1.000
MINUIT - FIT ALTOGETHER
