 + ++++++++++++++++++++++++++++++++++++++++++++++++++++++++++++++++++++ +
 +                                                                      +
 +           You have chose to blind your fitting according to          +
 +                omega_ref * (1 + (R +/- deltaR) *10^{-6})             +
 +                                                                      +
 + ++++++++++++++++++++++++++++++++++++++++++++++++++++++++++++++++++++ +
In main()...
reading format from /gm2data/zkhechad/run45/envelope/formats/formatB_sBin_constraintOn.txt
pBinTau 	= 0  
pBinPhi 	= 0  
constraintau 	= 1 
includeMopTerm 	= 0    
constrainMop    = 0   
Parameters after format file: pBinTau 0 pBinPhi 0 constraintau 1 includeMopTerm 0 constrainMop 0 c_e_scale 0.000000 
Opening file /gm2data/tbarrett/gm2fr/studies/run23_bunch_corrections/CorrectedFourier_Run3b.root.
reading full fit data from /gm2data/zkhechad/cboTemplates/Run4CBOTemplates/templateFits0_v2.0/noRF/sBin_constraintOn_cE0.0_seed0_noRF_calo4.root
windowBins = 17
fitting sliding window 450 from bin 586 at 87.282000 to bin 603 at 89.967600 (17 bins)

Reading data from /gm2data/cornell/histograms/aMethod/histogram_a_noRF.root
 **********
 **    1 **SET PRINTOUT            1
 **********
 **********
 **    2 **SET NOWARNINGS 
 **********
 PARAMETER DEFINITIONS:
    NO.   NAME         VALUE      STEP SIZE      LIMITS
     1 N0           2.96987e+06  1.00000e+02     no limits
     2 tau          6.44201e+01  constant
     3 A0           3.53307e-01  1.00000e-04     no limits
     4 phi          4.11740e+00  1.00000e-02     no limits
     5 R           -5.91013e+01  constant
     6 alpha_CBO    0.00000e+00  1.00000e-03     no limits
     7 w_CBO        2.32500e+00  constant
     8 beta_CBO     0.00000e+00  1.00000e-03     no limits
     9 alpha_2CBO   0.00000e+00  1.00000e-03     no limits
    10 beta_2CBO    0.00000e+00  1.00000e-03     no limits
    11 alpha_y      0.00000e+00  1.00000e-03     no limits
    12 w_y          1.44500e+01  constant
    13 beta_y       0.00000e+00  1.00000e-03     no limits
    14 alpha_vw     0.00000e+00  1.00000e-03     no limits
    15 w_vw         1.29000e+01  constant
    16 beta_vw      0.00000e+00  1.00000e-03     no limits
    17 LM           5.89621e-04  constant
    18 zeta_y       0.00000e+00  constant
    19 zeta_vw      0.00000e+00  constant
    20 T_CBO        1.00000e+02  1.00000e+00    0.00000e+00  1.00000e+03
    21 alpha_A0     0.00000e+00  1.00000e-03     no limits
    22 beta_A0      0.00000e+00  1.00000e-03     no limits
    23 alpha_phi    0.00000e+00  1.00000e-03     no limits
    24 beta_phi     0.00000e+00  1.00000e-03     no limits
MINUIT - FIT ONLY WIGGLE
 **********
 **    3 **FIX            5
 **********
 PARAMETER    5  IS CONSTANT.   IGNORED.
 **********
 **    4 **FIX            6
 **********
 **********
 **    5 **FIX            7
 **********
 PARAMETER    7  IS CONSTANT.   IGNORED.
 **********
 **    6 **FIX            8
 **********
 **********
 **    7 **FIX            9
 **********
 **********
 **    8 **FIX           10
 **********
 **********
 **    9 **FIX           11
 **********
 **********
 **   10 **FIX           12
 **********
 PARAMETER   12  IS CONSTANT.   IGNORED.
 **********
 **   11 **FIX           13
 **********
 **********
 **   12 **FIX           14
 **********
 **********
 **   13 **FIX           15
 **********
 PARAMETER   15  IS CONSTANT.   IGNORED.
 **********
 **   14 **FIX           16
 **********
 **********
 **   15 **MIGRAD
 **********
 FIRST CALL TO USER FUNCTION AT NEW START POINT, WITH IFLAG=4.
 START MIGRAD MINIMIZATION.  STRATEGY  1.  CONVERGENCE WHEN EDM .LT. 1.00e-04
 FCN=489.133 FROM MIGRAD    STATUS=INITIATE      437 CALLS         438 TOTAL
                     EDM= unknown      STRATEGY= 1      NO ERROR MATRIX       
  EXT PARAMETER               CURRENT GUESS       STEP         FIRST   
  NO.   NAME      VALUE            ERROR          SIZE      DERIVATIVE 
   1  N0           2.96987e+06   1.00000e+02   0.00000e+00   1.64986e-02
   2  tau          6.44201e+01   constant   
   3  A0           3.53307e-01   1.00000e-04   0.00000e+00   8.92941e+04
   4  phi          4.11740e+00   1.00000e-02   0.00000e+00   1.41564e+04
   5  R           -5.91013e+01   constant   
   6  alpha_CBO    0.00000e+00     fixed    
   7  w_CBO        2.32500e+00   constant   
   8  beta_CBO     0.00000e+00     fixed    
   9  alpha_2CBO   0.00000e+00     fixed    
  10  beta_2CBO    0.00000e+00     fixed    
  11  alpha_y      0.00000e+00     fixed    
  12  w_y          1.44500e+01   constant   
  13  beta_y       0.00000e+00     fixed    
  14  alpha_vw     0.00000e+00     fixed    
  15  w_vw         1.29000e+01   constant   
  16  beta_vw      0.00000e+00     fixed    
  17  LM           5.89621e-04   constant   
  18  zeta_y       0.00000e+00   constant   
  19  zeta_vw      0.00000e+00   constant   
  20  T_CBO        1.00000e+02   1.00000e+00   0.00000e+00   0.00000e+00
  21  alpha_A0     0.00000e+00   1.00000e-03   0.00000e+00  -5.52743e+03
  22  beta_A0      0.00000e+00   1.00000e-03   0.00000e+00  -1.06537e+04
  23  alpha_phi    0.00000e+00   1.00000e-03   0.00000e+00   4.70190e+03
  24  beta_phi     0.00000e+00   1.00000e-03   0.00000e+00  -6.06920e+03
 CALL LIMIT EXCEEDED IN MIGRAD.
 MIGRAD TERMINATED WITHOUT CONVERGENCE.
 FCN=11.5071 FROM MIGRAD    STATUS=CALL LIMIT   1331 CALLS        1332 TOTAL
                     EDM=0.000467825    STRATEGY= 1  ERROR MATRIX UNCERTAINTY  18.5 per cent
  EXT PARAMETER                APPROXIMATE        STEP         FIRST   
  NO.   NAME      VALUE            ERROR          SIZE      DERIVATIVE 
   1  N0           2.95491e+06   2.28987e+03  -4.78410e+01  -7.06226e-05
   2  tau          6.44201e+01   constant   
   3  A0           3.59903e-01   6.26210e-03   7.48558e-05   6.65954e+01
   4  phi          4.07028e+00   1.50001e-02  -1.70076e-04   3.07583e+01
   5  R           -5.91013e+01   constant   
   6  alpha_CBO    0.00000e+00     fixed    
   7  w_CBO        2.32500e+00   constant   
   8  beta_CBO     0.00000e+00     fixed    
   9  alpha_2CBO   0.00000e+00     fixed    
  10  beta_2CBO    0.00000e+00     fixed    
  11  alpha_y      0.00000e+00     fixed    
  12  w_y          1.44500e+01   constant   
  13  beta_y       0.00000e+00     fixed    
  14  alpha_vw     0.00000e+00     fixed    
  15  w_vw         1.29000e+01   constant   
  16  beta_vw      0.00000e+00     fixed    
  17  LM           5.89621e-04   constant   
  18  zeta_y       0.00000e+00   constant   
  19  zeta_vw      0.00000e+00   constant   
  20  T_CBO        5.27743e+01   3.63019e+00   1.87896e-04   1.16231e+00
  21  alpha_A0     2.35315e-01   9.10560e-02   7.86293e-04   5.85145e+00
  22  beta_A0      2.12442e-01   7.70359e-02   9.13531e-04  -5.03880e+00
  23  alpha_phi    2.22411e-01   9.46568e-02   1.14719e-03  -6.73662e+00
  24  beta_phi    -2.33312e-01   8.46158e-02  -7.61863e-04  -5.73914e+00
 EXTERNAL ERROR MATRIX.    NDIM=  25    NPAR=  8    ERR DEF=1
  5.244e+06 -5.232e+00  1.149e+01 -2.830e+03 -4.188e+01 -6.613e+01 -8.672e+01  4.419e+01 
 -5.232e+00  3.921e-05 -9.299e-05  1.813e-02  5.450e-04  4.760e-04  5.798e-04 -5.013e-04 
  1.149e+01 -9.299e-05  2.250e-04 -4.003e-02 -1.339e-03 -1.149e-03 -1.402e-03  1.238e-03 
 -2.830e+03  1.813e-02 -4.003e-02  1.318e+01  2.042e-01  1.943e-01  2.283e-01 -1.792e-01 
 -4.188e+01  5.450e-04 -1.339e-03  2.042e-01  8.291e-03  6.866e-03  8.407e-03 -7.673e-03 
 -6.613e+01  4.760e-04 -1.149e-03  1.943e-01  6.866e-03  5.935e-03  7.274e-03 -6.380e-03 
 -8.672e+01  5.798e-04 -1.402e-03  2.283e-01  8.407e-03  7.274e-03  8.960e-03 -7.826e-03 
  4.419e+01 -5.013e-04  1.238e-03 -1.792e-01 -7.673e-03 -6.380e-03 -7.826e-03  7.160e-03 
ERR MATRIX APPROXIMATE
 PARAMETER  CORRELATION COEFFICIENTS  
       NO.  GLOBAL      1      3      4     20     21     22     23     24
        1  0.98469   1.000 -0.365  0.334 -0.340 -0.201 -0.375 -0.400  0.228
        3  0.99963  -0.365  1.000 -0.990  0.797  0.956  0.987  0.978 -0.946
        4  0.99942   0.334 -0.990  1.000 -0.735 -0.980 -0.994 -0.987  0.976
       20  0.99505  -0.340  0.797 -0.735  1.000  0.618  0.695  0.664 -0.583
       21  0.99920  -0.201  0.956 -0.980  0.618  1.000  0.979  0.975 -0.996
       22  0.99972  -0.375  0.987 -0.994  0.695  0.979  1.000  0.998 -0.979
       23  0.99941  -0.400  0.978 -0.987  0.664  0.975  0.998  1.000 -0.977
       24  0.99917   0.228 -0.946  0.976 -0.583 -0.996 -0.979 -0.977  1.000
 ERR MATRIX APPROXIMATE
MINUIT - FIT ONLY 1-CBO + wiggle
 **********
 **   16 **RES 
 **********
                   PARAMETER   16  beta_vw RESTORED TO VARIABLE.
                   PARAMETER   14  alpha_vw RESTORED TO VARIABLE.
                   PARAMETER   13  beta_y RESTORED TO VARIABLE.
                   PARAMETER   11  alpha_y RESTORED TO VARIABLE.
                   PARAMETER   10  beta_2CBO RESTORED TO VARIABLE.
                   PARAMETER    9  alpha_2CBO RESTORED TO VARIABLE.
                   PARAMETER    8  beta_CBO RESTORED TO VARIABLE.
                   PARAMETER    6  alpha_CBO RESTORED TO VARIABLE.
 **********
 **   17 **FIX            8
 **********
 **********
 **   18 **FIX            9
 **********
 **********
 **   19 **FIX           11
 **********
 **********
 **   20 **FIX           12
 **********
 PARAMETER   12  IS CONSTANT.   IGNORED.
 **********
 **   21 **FIX           14
 **********
 **********
 **   22 **FIX           15
 **********
 PARAMETER   15  IS CONSTANT.   IGNORED.
 **********
 **   23 **FIX           16
 **********
 **********
 **   24 **MIGRAD
 **********
 START MIGRAD MINIMIZATION.  STRATEGY  1.  CONVERGENCE WHEN EDM .LT. 1.00e-04
 FCN=11.5071 FROM MIGRAD    STATUS=INITIATE       28 CALLS        1360 TOTAL
                     EDM= unknown      STRATEGY= 1      NO ERROR MATRIX       
  EXT PARAMETER               CURRENT GUESS       STEP         FIRST   
  NO.   NAME      VALUE            ERROR          SIZE      DERIVATIVE 
   1  N0           2.95491e+06   2.28987e+03  -4.78410e+01  -7.06226e-05
   2  tau          6.44201e+01   constant   
   3  A0           3.59903e-01   6.26210e-03   7.48558e-05   6.65954e+01
   4  phi          4.07028e+00   1.50001e-02  -1.70076e-04   3.07583e+01
   5  R           -5.91013e+01   constant   
   6  alpha_CBO    0.00000e+00   1.00000e-03   1.00000e-03  -7.32330e+01
   7  w_CBO        2.32500e+00   constant   
   8  beta_CBO     0.00000e+00     fixed    
   9  alpha_2CBO   0.00000e+00     fixed    
  10  beta_2CBO    0.00000e+00   1.00000e-03   1.00000e-03   5.81503e+02
  11  alpha_y      0.00000e+00     fixed    
  12  w_y          1.44500e+01   constant   
  13  beta_y       0.00000e+00   1.00000e-03   1.00000e-03   1.15844e+04
  14  alpha_vw     0.00000e+00     fixed    
  15  w_vw         1.29000e+01   constant   
  16  beta_vw      0.00000e+00     fixed    
  17  LM           5.89621e-04   constant   
  18  zeta_y       0.00000e+00   constant   
  19  zeta_vw      0.00000e+00   constant   
  20  T_CBO        5.27743e+01   3.63019e+00   1.87896e-04   1.16231e+00
  21  alpha_A0     2.35315e-01   9.10560e-02   7.86293e-04   5.85145e+00
  22  beta_A0      2.12442e-01   7.70359e-02   9.13531e-04  -5.03880e+00
  23  alpha_phi    2.22411e-01   9.46568e-02   1.14719e-03  -6.73662e+00
  24  beta_phi    -2.33312e-01   8.46158e-02  -7.61863e-04  -5.73914e+00
 MIGRAD MINIMIZATION HAS CONVERGED.
 FCN=8.59902 FROM MIGRAD    STATUS=CONVERGED     371 CALLS        1703 TOTAL
                     EDM=6.88268e-06    STRATEGY= 1  ERROR MATRIX UNCERTAINTY   1.3 per cent
  EXT PARAMETER                                   STEP         FIRST   
  NO.   NAME      VALUE            ERROR          SIZE      DERIVATIVE 
   1  N0           2.95522e+06   1.20258e+03  -2.41033e+00   3.94721e-07
   2  tau          6.44201e+01   constant   
   3  A0           3.59919e-01   3.64986e-04  -8.62255e-07  -1.62421e+01
   4  phi          4.07446e+00   6.43461e-03   3.13952e-05   1.85009e+00
   5  R           -5.91013e+01   constant   
   6  alpha_CBO    4.22305e-03   7.01416e-03   3.70853e-05   2.76831e+00
   7  w_CBO        2.32500e+00   constant   
   8  beta_CBO     0.00000e+00     fixed    
   9  alpha_2CBO   0.00000e+00     fixed    
  10  beta_2CBO   -1.77072e-03   2.43147e-03  -1.07218e-05   2.59004e+00
  11  alpha_y      0.00000e+00     fixed    
  12  w_y          1.44500e+01   constant   
  13  beta_y      -3.88377e-04   2.64728e-04   2.23787e-07  -1.14647e+00
  14  alpha_vw     0.00000e+00     fixed    
  15  w_vw         1.29000e+01   constant   
  16  beta_vw      0.00000e+00     fixed    
  17  LM           5.89621e-04   constant   
  18  zeta_y       0.00000e+00   constant   
  19  zeta_vw      0.00000e+00   constant   
  20  T_CBO        5.47460e+01   3.47945e+00   8.30573e-05  -1.48343e+00
  21  alpha_A0     2.69741e-01   5.02929e-02   2.53815e-04   7.14586e-02
  22  beta_A0      2.04553e-01   1.02561e-02   4.09729e-06  -8.17957e-03
  23  alpha_phi    2.51842e-01   4.46454e-02   2.08479e-04  -5.32838e-01
  24  beta_phi    -2.04522e-01   3.79529e-02   1.72993e-04   4.04998e-01
 EXTERNAL ERROR MATRIX.    NDIM=  25    NPAR= 11    ERR DEF=1
  1.446e+06 
  3.423e-01  1.332e-07 
  3.622e-01 -4.870e-07  4.140e-05 
 -9.159e-01 -8.641e-07  4.437e-05  4.920e-05 
  1.060e-01  2.159e-07 -1.496e-05 -1.641e-05  5.912e-06 
 -5.337e-02 -1.932e-08  1.963e-07  2.605e-07 -5.081e-08  7.008e-08 
 -5.254e+02 -4.348e-04  2.177e-02  2.425e-02 -7.952e-03  1.426e-04  1.211e+01 
 -2.364e+00 -5.046e-06  3.188e-04  3.500e-04 -1.195e-04  1.554e-06  1.714e-01  2.529e-03 
  1.695e+00  1.173e-06 -4.204e-05 -4.794e-05  1.973e-05  4.626e-08 -2.247e-02 -3.571e-04  1.052e-04 
 -6.545e+00 -5.392e-06  2.800e-04  3.110e-04 -1.061e-04  1.454e-06  1.523e-01  2.224e-03 -3.290e-04  1.993e-03 
 -2.534e-01 -3.077e-06  2.383e-04  2.588e-04 -9.124e-05  8.504e-07  1.261e-01  1.878e-03 -2.905e-04  1.660e-03  1.440e-03 
 PARAMETER  CORRELATION COEFFICIENTS  
       NO.  GLOBAL      1      3      4      6     10     13     20     21     22     23     24
        1  0.91861   1.000  0.780  0.047 -0.109  0.036 -0.168 -0.126 -0.039  0.137 -0.122 -0.006
        3  0.88650   0.780  1.000 -0.207 -0.338  0.243 -0.200 -0.342 -0.275  0.313 -0.331 -0.222
        4  0.99654   0.047 -0.207  1.000  0.983 -0.956  0.115  0.972  0.985 -0.637  0.975  0.976
        6  0.99936  -0.109 -0.338  0.983  1.000 -0.962  0.140  0.993  0.992 -0.666  0.993  0.972
       10  0.99498   0.036  0.243 -0.956 -0.962  1.000 -0.079 -0.940 -0.977  0.791 -0.978 -0.989
       13  0.28836  -0.168 -0.200  0.115  0.140 -0.079  1.000  0.155  0.117  0.017  0.123  0.085
       20  0.99624  -0.126 -0.342  0.972  0.993 -0.940  0.155  1.000  0.980 -0.630  0.980  0.955
       21  0.99696  -0.039 -0.275  0.985  0.992 -0.977  0.117  0.980  1.000 -0.692  0.991  0.984
       22  0.92172   0.137  0.313 -0.637 -0.666  0.791  0.017 -0.630 -0.692  1.000 -0.718 -0.746
       23  0.99749  -0.122 -0.331  0.975  0.993 -0.978  0.123  0.980  0.991 -0.718  1.000  0.980
       24  0.99459  -0.006 -0.222  0.976  0.972 -0.989  0.085  0.955  0.984 -0.746  0.980  1.000
MINUIT - FIT ONLY 2-CBO
 **********
 **   25 **RES 
 **********
                   PARAMETER   16  beta_vw RESTORED TO VARIABLE.
                   PARAMETER   14  alpha_vw RESTORED TO VARIABLE.
                   PARAMETER   11  alpha_y RESTORED TO VARIABLE.
                   PARAMETER    9  alpha_2CBO RESTORED TO VARIABLE.
                   PARAMETER    8  beta_CBO RESTORED TO VARIABLE.
 **********
 **   26 **FIX            0
 **********
 PARAMETER    0  IS UNDEFINED. IGNORED.
 **********
 **   27 **FIX            1
 **********
 **********
 **   28 **FIX            2
 **********
 PARAMETER    2  IS CONSTANT.   IGNORED.
 **********
 **   29 **FIX            3
 **********
 **********
 **   30 **FIX            4
 **********
 **********
 **   31 **FIX            5
 **********
 PARAMETER    5  IS CONSTANT.   IGNORED.
 **********
 **   32 **FIX            6
 **********
 **********
 **   33 **FIX            7
 **********
 PARAMETER    7  IS CONSTANT.   IGNORED.
 **********
 **   34 **FIX           10
 **********
 **********
 **   35 **FIX           11
 **********
 **********
 **   36 **FIX           12
 **********
 PARAMETER   12  IS CONSTANT.   IGNORED.
 **********
 **   37 **FIX           13
 **********
 **********
 **   38 **FIX           14
 **********
 **********
 **   39 **FIX           15
 **********
 PARAMETER   15  IS CONSTANT.   IGNORED.
 **********
 **   40 **FIX           16
 **********
 **********
 **   41 **MIGRAD
 **********
 START MIGRAD MINIMIZATION.  STRATEGY  1.  CONVERGENCE WHEN EDM .LT. 1.00e-04
 FCN=8.59902 FROM MIGRAD    STATUS=INITIATE       18 CALLS        1721 TOTAL
                     EDM= unknown      STRATEGY= 1      NO ERROR MATRIX       
  EXT PARAMETER               CURRENT GUESS       STEP         FIRST   
  NO.   NAME      VALUE            ERROR          SIZE      DERIVATIVE 
   1  N0           2.95522e+06     fixed    
   2  tau          6.44201e+01   constant   
   3  A0           3.59919e-01     fixed    
   4  phi          4.07446e+00     fixed    
   5  R           -5.91013e+01   constant   
   6  alpha_CBO    4.22305e-03     fixed    
   7  w_CBO        2.32500e+00   constant   
   8  beta_CBO     0.00000e+00   1.00000e-03   1.00000e-03  -9.84104e+01
   9  alpha_2CBO   0.00000e+00   1.00000e-03   1.00000e-03   6.39415e+02
  10  beta_2CBO   -1.77072e-03     fixed    
  11  alpha_y      0.00000e+00     fixed    
  12  w_y          1.44500e+01   constant   
  13  beta_y      -3.88377e-04     fixed    
  14  alpha_vw     0.00000e+00     fixed    
  15  w_vw         1.29000e+01   constant   
  16  beta_vw      0.00000e+00     fixed    
  17  LM           5.89621e-04   constant   
  18  zeta_y       0.00000e+00   constant   
  19  zeta_vw      0.00000e+00   constant   
  20  T_CBO        5.47460e+01   3.47945e+00   8.30573e-05  -1.48343e+00
  21  alpha_A0     2.69741e-01   5.02929e-02   2.53815e-04   7.14603e-02
  22  beta_A0      2.04553e-01   1.02561e-02   4.09729e-06  -8.17906e-03
  23  alpha_phi    2.51842e-01   4.46454e-02   2.08479e-04  -5.32838e-01
  24  beta_phi    -2.04522e-01   3.79529e-02   1.72993e-04   4.04998e-01
 MIGRAD MINIMIZATION HAS CONVERGED.
 MIGRAD WILL VERIFY CONVERGENCE AND ERROR MATRIX.
 FCN=8.4619 FROM MIGRAD    STATUS=CONVERGED     167 CALLS        1870 TOTAL
                     EDM=4.91866e-06    STRATEGY= 1      ERR MATRIX NOT POS-DEF
  EXT PARAMETER                APPROXIMATE        STEP         FIRST   
  NO.   NAME      VALUE            ERROR          SIZE      DERIVATIVE 
   1  N0           2.95522e+06     fixed    
   2  tau          6.44201e+01   constant   
   3  A0           3.59919e-01     fixed    
   4  phi          4.07446e+00     fixed    
   5  R           -5.91013e+01   constant   
   6  alpha_CBO    4.22305e-03     fixed    
   7  w_CBO        2.32500e+00   constant   
   8  beta_CBO    -5.55760e-04   1.40576e-03   3.87395e-07   4.07188e-01
   9  alpha_2CBO  -5.09638e-04   1.22509e-03   3.88032e-07  -1.95672e-01
  10  beta_2CBO   -1.77072e-03     fixed    
  11  alpha_y      0.00000e+00     fixed    
  12  w_y          1.44500e+01   constant   
  13  beta_y      -3.88377e-04     fixed    
  14  alpha_vw     0.00000e+00     fixed    
  15  w_vw         1.29000e+01   constant   
  16  beta_vw      0.00000e+00     fixed    
  17  LM           5.89621e-04   constant   
  18  zeta_y       0.00000e+00   constant   
  19  zeta_vw      0.00000e+00   constant   
  20  T_CBO        5.47158e+01   4.97984e+00   2.39858e-06  -1.92396e-01
  21  alpha_A0     2.64545e-01   4.13137e-02   6.55372e-06   1.26917e-03
  22  beta_A0      1.95979e-01   3.58197e-02   6.44895e-06  -2.62540e-02
  23  alpha_phi    2.56548e-01   3.92515e-02   5.42328e-06  -1.42332e-02
  24  beta_phi    -2.10429e-01   3.44227e-02   6.40774e-06  -5.09197e-03
 EXTERNAL ERROR MATRIX.    NDIM=  25    NPAR=  7    ERR DEF=1
  1.976e-06  1.642e-06  1.961e-04  1.666e-05  2.891e-05 -1.639e-05  2.073e-05 
  1.642e-06  1.501e-06  5.962e-05  1.555e-05  2.544e-05 -1.361e-05  1.720e-05 
  1.961e-04  5.962e-05  2.480e+01 -1.937e-01 -1.409e-01 -1.870e-01  1.551e-01 
  1.666e-05  1.555e-05 -1.937e-01  1.707e-03  1.388e-03  1.320e-03 -1.031e-03 
  2.891e-05  2.544e-05 -1.409e-01  1.388e-03  1.283e-03  8.306e-04 -5.858e-04 
 -1.639e-05 -1.361e-05 -1.870e-01  1.320e-03  8.306e-04  1.541e-03 -1.322e-03 
  2.073e-05  1.720e-05  1.551e-01 -1.031e-03 -5.858e-04 -1.322e-03  1.185e-03 
ERR MATRIX NOT POS-DEF
 PARAMETER  CORRELATION COEFFICIENTS  
       NO.  GLOBAL      8      9     20     21     22     23     24
        8  0.98306   1.000  0.953  0.028  0.287  0.574 -0.297  0.428
        9  0.97756   0.953  1.000  0.010  0.307  0.580 -0.283  0.408
       20  0.99734   0.028  0.010  1.000 -0.941 -0.790 -0.957  0.904
       21  0.99442   0.287  0.307 -0.941  1.000  0.938  0.814 -0.725
       22  0.99281   0.574  0.580 -0.790  0.938  1.000  0.591 -0.475
       23  0.99577  -0.297 -0.283 -0.957  0.814  0.591  1.000 -0.979
       24  0.99231   0.428  0.408  0.904 -0.725 -0.475 -0.979  1.000
 ERR MATRIX NOT POS-DEF
MINUIT - FIT wiggle + 1-CBO + 2-CBO
 **********
 **   42 **RES 
 **********
                   PARAMETER   16  beta_vw RESTORED TO VARIABLE.
                   PARAMETER   14  alpha_vw RESTORED TO VARIABLE.
                   PARAMETER   13  beta_y RESTORED TO VARIABLE.
                   PARAMETER   11  alpha_y RESTORED TO VARIABLE.
                   PARAMETER   10  beta_2CBO RESTORED TO VARIABLE.
                   PARAMETER    6  alpha_CBO RESTORED TO VARIABLE.
                   PARAMETER    4  phi RESTORED TO VARIABLE.
                   PARAMETER    3  A0 RESTORED TO VARIABLE.
                   PARAMETER    1  N0 RESTORED TO VARIABLE.
 **********
 **   43 **FIX           10
 **********
 **********
 **   44 **FIX           11
 **********
 **********
 **   45 **FIX           12
 **********
 PARAMETER   12  IS CONSTANT.   IGNORED.
 **********
 **   46 **FIX           13
 **********
 **********
 **   47 **FIX           14
 **********
 **********
 **   48 **FIX           15
 **********
 PARAMETER   15  IS CONSTANT.   IGNORED.
 **********
 **   49 **FIX           16
 **********
 **********
 **   50 **MIGRAD
 **********
 START MIGRAD MINIMIZATION.  STRATEGY  1.  CONVERGENCE WHEN EDM .LT. 1.00e-04
 FCN=8.4619 FROM MIGRAD    STATUS=INITIATE       22 CALLS        1892 TOTAL
                     EDM= unknown      STRATEGY= 1      NO ERROR MATRIX       
  EXT PARAMETER               CURRENT GUESS       STEP         FIRST   
  NO.   NAME      VALUE            ERROR          SIZE      DERIVATIVE 
   1  N0           2.95522e+06   1.20258e+03   1.20258e+03   6.39305e-06
   2  tau          6.44201e+01   constant   
   3  A0           3.59919e-01   3.64986e-04   3.64986e-04  -1.35620e+01
   4  phi          4.07446e+00   6.43461e-03   6.43461e-03   1.58629e+01
   5  R           -5.91013e+01   constant   
   6  alpha_CBO    4.22305e-03   7.01416e-03   7.01416e-03  -2.66863e+02
   7  w_CBO        2.32500e+00   constant   
   8  beta_CBO    -5.55760e-04   1.40576e-03   3.87395e-07   4.07194e-01
   9  alpha_2CBO  -5.09638e-04   1.22509e-03   3.88032e-07  -1.95671e-01
  10  beta_2CBO   -1.77072e-03     fixed    
  11  alpha_y      0.00000e+00     fixed    
  12  w_y          1.44500e+01   constant   
  13  beta_y      -3.88377e-04     fixed    
  14  alpha_vw     0.00000e+00     fixed    
  15  w_vw         1.29000e+01   constant   
  16  beta_vw      0.00000e+00     fixed    
  17  LM           5.89621e-04   constant   
  18  zeta_y       0.00000e+00   constant   
  19  zeta_vw      0.00000e+00   constant   
  20  T_CBO        5.47158e+01   4.97984e+00   2.39858e-06  -1.92422e-01
  21  alpha_A0     2.64545e-01   4.13137e-02   6.55372e-06   1.28067e-03
  22  beta_A0      1.95979e-01   3.58197e-02   6.44895e-06  -2.62548e-02
  23  alpha_phi    2.56548e-01   3.92515e-02   5.42328e-06  -1.42334e-02
  24  beta_phi    -2.10429e-01   3.44227e-02   6.40774e-06  -5.09191e-03
 CALL LIMIT EXCEEDED IN MIGRAD.
 MIGRAD TERMINATED WITHOUT CONVERGENCE.
 FCN=7.98026 FROM MIGRAD    STATUS=CALL LIMIT   1919 CALLS        3789 TOTAL
                     EDM=0.00068604    STRATEGY= 1  ERROR MATRIX UNCERTAINTY  19.3 per cent
  EXT PARAMETER                APPROXIMATE        STEP         FIRST   
  NO.   NAME      VALUE            ERROR          SIZE      DERIVATIVE 
   1  N0           2.93331e+06   1.43338e+04  -2.93495e+02  -3.95468e-05
   2  tau          6.44201e+01   constant   
   3  A0           3.53644e-01   2.69886e-03  -5.56061e-05   5.15119e+01
   4  phi          4.11606e+00   3.06290e-02   5.81616e-04   1.95233e+01
   5  R           -5.91013e+01   constant   
   6  alpha_CBO    9.01083e-03   3.30018e-03   7.83487e-05   6.77476e+00
   7  w_CBO        2.32500e+00   constant   
   8  beta_CBO    -1.04952e-03   1.42845e-03  -2.49267e-05   2.45798e+01
   9  alpha_2CBO  -2.12646e-03   1.82201e-03  -2.89111e-05  -1.05530e+01
  10  beta_2CBO   -1.77072e-03     fixed    
  11  alpha_y      0.00000e+00     fixed    
  12  w_y          1.44500e+01   constant   
  13  beta_y      -3.88377e-04     fixed    
  14  alpha_vw     0.00000e+00     fixed    
  15  w_vw         1.29000e+01   constant   
  16  beta_vw      0.00000e+00     fixed    
  17  LM           5.89621e-04   constant   
  18  zeta_y       0.00000e+00   constant   
  19  zeta_vw      0.00000e+00   constant   
  20  T_CBO        4.10871e+01   8.87299e+00  -7.41333e-04  -1.67841e+01
  21  alpha_A0    -5.10895e-02   3.84964e-01  -7.08918e-03   1.60293e+00
  22  beta_A0      2.28384e-01   4.30945e-02   3.44342e-04  -1.32767e+00
  23  alpha_phi    3.76113e-01   1.18762e-01   2.41735e-03  -2.61666e+00
  24  beta_phi     1.22940e-01   3.92184e-01   7.10876e-03  -2.05466e+00
 EXTERNAL ERROR MATRIX.    NDIM=  25    NPAR= 11    ERR DEF=1
  2.055e+08 
  3.819e+01  7.284e-06 
 -4.256e+02 -7.820e-05  9.381e-04 
 -4.155e+01 -8.105e-06  8.202e-05  1.089e-05 
  1.862e+01  3.429e-06 -3.537e-05 -3.570e-06  2.040e-06 
  1.806e+01  3.508e-06 -2.797e-05 -4.198e-06  2.234e-06  3.320e-06 
  1.198e+05  2.177e-02 -2.681e-01 -2.085e-02  1.010e-02  7.342e-03  7.878e+01 
  5.410e+03  9.882e-04 -1.169e-02 -1.001e-03  4.758e-04  4.010e-04  3.376e+00  1.482e-01 
 -2.960e+02 -5.021e-05  8.911e-04  4.400e-05 -9.404e-06  2.230e-05 -2.662e-01 -1.002e-02  1.857e-03 
 -1.700e+03 -3.154e-04  3.507e-03  3.420e-04 -1.561e-04 -1.532e-04 -9.892e-01 -4.475e-02  2.351e-03  1.410e-02 
 -5.384e+03 -9.813e-04  1.198e-02  9.996e-04 -4.457e-04 -3.343e-04 -3.458e+00 -1.496e-01  1.183e-02  4.437e-02  1.538e-01 
ERR MATRIX APPROXIMATE
 PARAMETER  CORRELATION COEFFICIENTS  
       NO.  GLOBAL      1      3      4      6      8      9     20     21     22     23     24
        1  0.99981   1.000  0.987 -0.970 -0.878  0.909  0.691  0.942  0.980 -0.479 -0.999 -0.958
        3  0.99883   0.987  1.000 -0.946 -0.910  0.889  0.713  0.909  0.951 -0.432 -0.984 -0.927
        4  0.99993  -0.970 -0.946  1.000  0.811 -0.808 -0.501 -0.986 -0.991  0.675  0.964  0.998
        6  0.99826  -0.878 -0.910  0.811  1.000 -0.757 -0.698 -0.712 -0.788  0.309  0.873  0.772
        8  0.98737   0.909  0.889 -0.808 -0.757  1.000  0.858  0.796  0.865 -0.153 -0.920 -0.796
        9  0.99043   0.691  0.713 -0.501 -0.698  0.858  1.000  0.454  0.572  0.284 -0.708 -0.468
       20  0.99966   0.942  0.909 -0.986 -0.712  0.796  0.454  1.000  0.988 -0.696 -0.938 -0.993
       21  0.99986   0.980  0.951 -0.991 -0.788  0.865  0.572  0.988  1.000 -0.604 -0.979 -0.991
       22  0.99481  -0.479 -0.432  0.675  0.309 -0.153  0.284 -0.696 -0.604  1.000  0.459  0.700
       23  0.99968  -0.999 -0.984  0.964  0.873 -0.920 -0.708 -0.938 -0.979  0.459  1.000  0.953
       24  0.99991  -0.958 -0.927  0.998  0.772 -0.796 -0.468 -0.993 -0.991  0.700  0.953  1.000
 ERR MATRIX APPROXIMATE
MINUIT - FIT ONLY 1-y
 **********
 **   51 **RES 
 **********
                   PARAMETER   16  beta_vw RESTORED TO VARIABLE.
                   PARAMETER   14  alpha_vw RESTORED TO VARIABLE.
                   PARAMETER   13  beta_y RESTORED TO VARIABLE.
                   PARAMETER   11  alpha_y RESTORED TO VARIABLE.
                   PARAMETER   10  beta_2CBO RESTORED TO VARIABLE.
 **********
 **   52 **FIX            0
 **********
 PARAMETER    0  IS UNDEFINED. IGNORED.
 **********
 **   53 **FIX            1
 **********
 **********
 **   54 **FIX            2
 **********
 PARAMETER    2  IS CONSTANT.   IGNORED.
 **********
 **   55 **FIX            3
 **********
 **********
 **   56 **FIX            4
 **********
 **********
 **   57 **FIX            5
 **********
 PARAMETER    5  IS CONSTANT.   IGNORED.
 **********
 **   58 **FIX            6
 **********
 **********
 **   59 **FIX            7
 **********
 PARAMETER    7  IS CONSTANT.   IGNORED.
 **********
 **   60 **FIX            8
 **********
 **********
 **   61 **FIX            9
 **********
 **********
 **   62 **FIX           13
 **********
 **********
 **   63 **FIX           14
 **********
 **********
 **   64 **FIX           15
 **********
 PARAMETER   15  IS CONSTANT.   IGNORED.
 **********
 **   65 **FIX           16
 **********
 **********
 **   66 **MIGRAD
 **********
 START MIGRAD MINIMIZATION.  STRATEGY  1.  CONVERGENCE WHEN EDM .LT. 1.00e-04
 FCN=7.98026 FROM MIGRAD    STATUS=INITIATE       16 CALLS        3805 TOTAL
                     EDM= unknown      STRATEGY= 1      NO ERROR MATRIX       
  EXT PARAMETER               CURRENT GUESS       STEP         FIRST   
  NO.   NAME      VALUE            ERROR          SIZE      DERIVATIVE 
   1  N0           2.93331e+06     fixed    
   2  tau          6.44201e+01   constant   
   3  A0           3.53644e-01     fixed    
   4  phi          4.11606e+00     fixed    
   5  R           -5.91013e+01   constant   
   6  alpha_CBO    9.01083e-03     fixed    
   7  w_CBO        2.32500e+00   constant   
   8  beta_CBO    -1.04952e-03     fixed    
   9  alpha_2CBO  -2.12646e-03     fixed    
  10  beta_2CBO   -1.77072e-03   2.43147e-03   2.43147e-03   2.43292e+02
  11  alpha_y      0.00000e+00   1.00000e-03   1.00000e-03   3.59200e+03
  12  w_y          1.44500e+01   constant   
  13  beta_y      -3.88377e-04     fixed    
  14  alpha_vw     0.00000e+00     fixed    
  15  w_vw         1.29000e+01   constant   
  16  beta_vw      0.00000e+00     fixed    
  17  LM           5.89621e-04   constant   
  18  zeta_y       0.00000e+00   constant   
  19  zeta_vw      0.00000e+00   constant   
  20  T_CBO        4.10871e+01   8.87299e+00  -7.41333e-04  -1.67841e+01
  21  alpha_A0    -5.10895e-02   3.84964e-01  -7.08918e-03   1.60293e+00
  22  beta_A0      2.28384e-01   4.30945e-02   3.44342e-04  -1.32767e+00
  23  alpha_phi    3.76113e-01   1.18762e-01   2.41735e-03  -2.61666e+00
  24  beta_phi     1.22940e-01   3.92184e-01   7.10876e-03  -2.05466e+00
 MIGRAD MINIMIZATION HAS CONVERGED.
 MIGRAD WILL VERIFY CONVERGENCE AND ERROR MATRIX.
 FCN=7.779 FROM MIGRAD    STATUS=CONVERGED     161 CALLS        3950 TOTAL
                     EDM=1.21365e-07    STRATEGY= 1      ERR MATRIX NOT POS-DEF
  EXT PARAMETER                APPROXIMATE        STEP         FIRST   
  NO.   NAME      VALUE            ERROR          SIZE      DERIVATIVE 
   1  N0           2.93331e+06     fixed    
   2  tau          6.44201e+01   constant   
   3  A0           3.53644e-01     fixed    
   4  phi          4.11606e+00     fixed    
   5  R           -5.91013e+01   constant   
   6  alpha_CBO    9.01083e-03     fixed    
   7  w_CBO        2.32500e+00   constant   
   8  beta_CBO    -1.04952e-03     fixed    
   9  alpha_2CBO  -2.12646e-03     fixed    
  10  beta_2CBO   -1.75685e-03   6.58389e-04   3.51636e-07   2.62071e-02
  11  alpha_y     -1.13035e-04   2.56067e-04   3.57434e-07  -6.86151e-01
  12  w_y          1.44500e+01   constant   
  13  beta_y      -3.88377e-04     fixed    
  14  alpha_vw     0.00000e+00     fixed    
  15  w_vw         1.29000e+01   constant   
  16  beta_vw      0.00000e+00     fixed    
  17  LM           5.89621e-04   constant   
  18  zeta_y       0.00000e+00   constant   
  19  zeta_vw      0.00000e+00   constant   
  20  T_CBO        4.10904e+01   3.86388e+00   1.84457e-06   4.06055e-02
  21  alpha_A0    -5.11163e-02   1.37519e-02   1.10035e-05  -7.52477e-03
  22  beta_A0      2.29074e-01   4.89858e-02   1.12309e-05   5.33851e-03
  23  alpha_phi    3.76076e-01   7.57146e-02   9.25605e-06   9.81431e-03
  24  beta_phi     1.22358e-01   2.90917e-02   1.06681e-05   7.07970e-03
 EXTERNAL ERROR MATRIX.    NDIM=  25    NPAR=  7    ERR DEF=1
  4.335e-07 -3.889e-08 -2.265e-05 -1.788e-06  9.793e-06 -2.088e-06 -8.194e-06 
 -3.889e-08  6.557e-08 -9.143e-07  1.221e-07 -1.068e-06  2.049e-07  9.438e-07 
 -2.265e-05 -9.143e-07  1.493e+01  4.118e-02 -1.780e-01 -2.910e-01 -9.667e-02 
 -1.788e-06  1.221e-07  4.118e-02  1.891e-04 -5.103e-04 -7.772e-04 -2.463e-04 
  9.793e-06 -1.068e-06 -1.780e-01 -5.103e-04  2.400e-03  3.415e-03  9.571e-04 
 -2.088e-06  2.049e-07 -2.910e-01 -7.772e-04  3.415e-03  5.733e-03  1.922e-03 
 -8.194e-06  9.438e-07 -9.667e-02 -2.463e-04  9.571e-04  1.922e-03  8.463e-04 
ERR MATRIX NOT POS-DEF
 PARAMETER  CORRELATION COEFFICIENTS  
       NO.  GLOBAL     10     11     20     21     22     23     24
       10  0.92954   1.000 -0.231 -0.009 -0.197  0.304 -0.042 -0.428
       11  0.26713  -0.231  1.000 -0.001  0.035 -0.085  0.011  0.127
       20  0.99786  -0.009 -0.001  1.000  0.775 -0.941 -0.995 -0.860
       21  0.83358  -0.197  0.035  0.775  1.000 -0.758 -0.746 -0.616
       22  0.98739   0.304 -0.085 -0.941 -0.758  1.000  0.921  0.672
       23  0.99643  -0.042  0.011 -0.995 -0.746  0.921  1.000  0.873
       24  0.96742  -0.428  0.127 -0.860 -0.616  0.672  0.873  1.000
 ERR MATRIX NOT POS-DEF
MINUIT - FIT ONLY 2-y
 **********
 **   67 **RES 
 **********
                   PARAMETER   16  beta_vw RESTORED TO VARIABLE.
                   PARAMETER   14  alpha_vw RESTORED TO VARIABLE.
                   PARAMETER   13  beta_y RESTORED TO VARIABLE.
                   PARAMETER    9  alpha_2CBO RESTORED TO VARIABLE.
                   PARAMETER    8  beta_CBO RESTORED TO VARIABLE.
                   PARAMETER    6  alpha_CBO RESTORED TO VARIABLE.
                   PARAMETER    4  phi RESTORED TO VARIABLE.
                   PARAMETER    3  A0 RESTORED TO VARIABLE.
                   PARAMETER    1  N0 RESTORED TO VARIABLE.
 **********
 **   68 **FIX            0
 **********
 PARAMETER    0  IS UNDEFINED. IGNORED.
 **********
 **   69 **FIX            1
 **********
 **********
 **   70 **FIX            2
 **********
 PARAMETER    2  IS CONSTANT.   IGNORED.
 **********
 **   71 **FIX            3
 **********
 **********
 **   72 **FIX            4
 **********
 **********
 **   73 **FIX            5
 **********
 PARAMETER    5  IS CONSTANT.   IGNORED.
 **********
 **   74 **FIX            6
 **********
 **********
 **   75 **FIX            7
 **********
 PARAMETER    7  IS CONSTANT.   IGNORED.
 **********
 **   76 **FIX            8
 **********
 **********
 **   77 **FIX            9
 **********
 **********
 **   78 **FIX           10
 **********
 **********
 **   79 **FIX           11
 **********
 **********
 **   80 **FIX           12
 **********
 PARAMETER   12  IS CONSTANT.   IGNORED.
 **********
 **   81 **FIX           16
 **********
 **********
 **   82 **MIGRAD
 **********
 START MIGRAD MINIMIZATION.  STRATEGY  1.  CONVERGENCE WHEN EDM .LT. 1.00e-04
 FCN=7.779 FROM MIGRAD    STATUS=INITIATE       16 CALLS        3966 TOTAL
                     EDM= unknown      STRATEGY= 1      NO ERROR MATRIX       
  EXT PARAMETER               CURRENT GUESS       STEP         FIRST   
  NO.   NAME      VALUE            ERROR          SIZE      DERIVATIVE 
   1  N0           2.93331e+06     fixed    
   2  tau          6.44201e+01   constant   
   3  A0           3.53644e-01     fixed    
   4  phi          4.11606e+00     fixed    
   5  R           -5.91013e+01   constant   
   6  alpha_CBO    9.01083e-03     fixed    
   7  w_CBO        2.32500e+00   constant   
   8  beta_CBO    -1.04952e-03     fixed    
   9  alpha_2CBO  -2.12646e-03     fixed    
  10  beta_2CBO   -1.75685e-03     fixed    
  11  alpha_y     -1.13035e-04     fixed    
  12  w_y          1.44500e+01   constant   
  13  beta_y      -3.88377e-04   2.64728e-04   2.64728e-04  -5.09139e+00
  14  alpha_vw     0.00000e+00   1.00000e-03   1.00000e-03   6.60590e+03
  15  w_vw         1.29000e+01   constant   
  16  beta_vw      0.00000e+00     fixed    
  17  LM           5.89621e-04   constant   
  18  zeta_y       0.00000e+00   constant   
  19  zeta_vw      0.00000e+00   constant   
  20  T_CBO        4.10904e+01   3.86388e+00   1.84457e-06   4.06158e-02
  21  alpha_A0    -5.11163e-02   1.37519e-02   1.10035e-05  -7.52280e-03
  22  beta_A0      2.29074e-01   4.89858e-02   1.12309e-05   5.33839e-03
  23  alpha_phi    3.76076e-01   7.57146e-02   9.25605e-06   9.81474e-03
  24  beta_phi     1.22358e-01   2.90917e-02   1.06681e-05   7.07980e-03
 MIGRAD MINIMIZATION HAS CONVERGED.
 MIGRAD WILL VERIFY CONVERGENCE AND ERROR MATRIX.
 FCN=6.92659 FROM MIGRAD    STATUS=CONVERGED     145 CALLS        4095 TOTAL
                     EDM=4.04361e-06    STRATEGY= 1      ERR MATRIX NOT POS-DEF
  EXT PARAMETER                APPROXIMATE        STEP         FIRST   
  NO.   NAME      VALUE            ERROR          SIZE      DERIVATIVE 
   1  N0           2.93331e+06     fixed    
   2  tau          6.44201e+01   constant   
   3  A0           3.53644e-01     fixed    
   4  phi          4.11606e+00     fixed    
   5  R           -5.91013e+01   constant   
   6  alpha_CBO    9.01083e-03     fixed    
   7  w_CBO        2.32500e+00   constant   
   8  beta_CBO    -1.04952e-03     fixed    
   9  alpha_2CBO  -2.12646e-03     fixed    
  10  beta_2CBO   -1.75685e-03     fixed    
  11  alpha_y     -1.13035e-04     fixed    
  12  w_y          1.44500e+01   constant   
  13  beta_y      -4.77358e-04   2.72139e-04   3.48534e-07  -8.26701e-01
  14  alpha_vw    -2.58141e-04   2.79127e-04   3.54183e-07   1.62009e-02
  15  w_vw         1.29000e+01   constant   
  16  beta_vw      0.00000e+00     fixed    
  17  LM           5.89621e-04   constant   
  18  zeta_y       0.00000e+00   constant   
  19  zeta_vw      0.00000e+00   constant   
  20  T_CBO        4.10841e+01   3.86505e+00   1.75296e-06   5.07544e-02
  21  alpha_A0    -5.14557e-02   1.35530e-02   1.04597e-05  -5.93309e-02
  22  beta_A0      2.27782e-01   4.64594e-02   1.06762e-05  -8.10495e-03
  23  alpha_phi    3.76079e-01   7.56986e-02   8.79762e-06   2.30814e-03
  24  beta_phi     1.23535e-01   2.65655e-02   1.01389e-05  -8.62563e-02
 EXTERNAL ERROR MATRIX.    NDIM=  25    NPAR=  7    ERR DEF=1
  7.406e-08  2.683e-08  4.623e-06  1.210e-07  2.496e-07 -7.057e-08 -3.074e-07 
  2.683e-08  7.791e-08  3.717e-06  1.059e-07  3.671e-07 -3.665e-08 -3.665e-07 
  4.623e-06  3.717e-06  1.494e+01  4.141e-02 -1.767e-01 -2.914e-01 -9.813e-02 
  1.210e-07  1.059e-07  4.141e-02  1.837e-04 -4.704e-04 -7.922e-04 -2.854e-04 
  2.496e-07  3.671e-07 -1.767e-01 -4.704e-04  2.158e-03  3.447e-03  1.146e-03 
 -7.057e-08 -3.665e-08 -2.914e-01 -7.922e-04  3.447e-03  5.730e-03  1.903e-03 
 -3.074e-07 -3.665e-07 -9.813e-02 -2.854e-04  1.146e-03  1.903e-03  7.057e-04 
ERR MATRIX NOT POS-DEF
 PARAMETER  CORRELATION COEFFICIENTS  
       NO.  GLOBAL     13     14     20     21     22     23     24
       13  0.36630   1.000  0.353  0.004  0.033  0.020 -0.003 -0.043
       14  0.38741   0.353  1.000  0.003  0.028  0.028 -0.002 -0.049
       20  0.99786   0.004  0.003  1.000  0.791 -0.984 -0.996 -0.956
       21  0.82800   0.033  0.028  0.791  1.000 -0.747 -0.772 -0.793
       22  0.98596   0.020  0.028 -0.984 -0.747  1.000  0.980  0.929
       23  0.99643  -0.003 -0.002 -0.996 -0.772  0.980  1.000  0.946
       24  0.96079  -0.043 -0.049 -0.956 -0.793  0.929  0.946  1.000
 ERR MATRIX NOT POS-DEF
