 + ++++++++++++++++++++++++++++++++++++++++++++++++++++++++++++++++++++ +
 +                                                                      +
 +           You have chose to blind your fitting according to          +
 +                omega_ref * (1 + (R +/- deltaR) *10^{-6})             +
 +                                                                      +
 + ++++++++++++++++++++++++++++++++++++++++++++++++++++++++++++++++++++ +
In main()...
reading format from /gm2data/zkhechad/run45/envelope/formats/formatB_sBin_constraintOn.txt
pBinTau 	= 0  
pBinPhi 	= 0  
constraintau 	= 1 
includeMopTerm 	= 0    
constrainMop    = 0   
Parameters after format file: pBinTau 0 pBinPhi 0 constraintau 1 includeMopTerm 0 constrainMop 0 c_e_scale 0.000000 
Opening file /gm2data/tbarrett/gm2fr/studies/run23_bunch_corrections/CorrectedFourier_Run3b.root.
reading full fit data from /gm2data/zkhechad/cboTemplates/Run4CBOTemplates/templateFits0_v2.0/noRF/sBin_constraintOn_cE0.0_seed0_noRF_calo3.root
windowBins = 17
fitting sliding window 144 from bin 280 at 41.626800 to bin 297 at 44.312400 (17 bins)

Reading data from /gm2data/cornell/histograms/aMethod/histogram_a_noRF.root
 **********
 **    1 **SET PRINTOUT            1
 **********
 **********
 **    2 **SET NOWARNINGS 
 **********
 PARAMETER DEFINITIONS:
    NO.   NAME         VALUE      STEP SIZE      LIMITS
     1 N0           2.88814e+06  1.00000e+02     no limits
     2 tau          6.44131e+01  constant
     3 A0           3.56394e-01  1.00000e-04     no limits
     4 phi          4.11722e+00  1.00000e-02     no limits
     5 R           -6.09726e+01  constant
     6 alpha_CBO    0.00000e+00  1.00000e-03     no limits
     7 w_CBO        2.32500e+00  constant
     8 beta_CBO     0.00000e+00  1.00000e-03     no limits
     9 alpha_2CBO   0.00000e+00  1.00000e-03     no limits
    10 beta_2CBO    0.00000e+00  1.00000e-03     no limits
    11 alpha_y      0.00000e+00  1.00000e-03     no limits
    12 w_y          1.44500e+01  constant
    13 beta_y       0.00000e+00  1.00000e-03     no limits
    14 alpha_vw     0.00000e+00  1.00000e-03     no limits
    15 w_vw         1.29000e+01  constant
    16 beta_vw      0.00000e+00  1.00000e-03     no limits
    17 LM           2.63157e-04  constant
    18 zeta_y       0.00000e+00  constant
    19 zeta_vw      0.00000e+00  constant
    20 T_CBO        1.00000e+02  1.00000e+00    0.00000e+00  1.00000e+03
    21 alpha_A0     0.00000e+00  1.00000e-03     no limits
    22 beta_A0      0.00000e+00  1.00000e-03     no limits
    23 alpha_phi    0.00000e+00  1.00000e-03     no limits
    24 beta_phi     0.00000e+00  1.00000e-03     no limits
MINUIT - FIT ONLY WIGGLE
 **********
 **    3 **FIX            5
 **********
 PARAMETER    5  IS CONSTANT.   IGNORED.
 **********
 **    4 **FIX            6
 **********
 **********
 **    5 **FIX            7
 **********
 PARAMETER    7  IS CONSTANT.   IGNORED.
 **********
 **    6 **FIX            8
 **********
 **********
 **    7 **FIX            9
 **********
 **********
 **    8 **FIX           10
 **********
 **********
 **    9 **FIX           11
 **********
 **********
 **   10 **FIX           12
 **********
 PARAMETER   12  IS CONSTANT.   IGNORED.
 **********
 **   11 **FIX           13
 **********
 **********
 **   12 **FIX           14
 **********
 **********
 **   13 **FIX           15
 **********
 PARAMETER   15  IS CONSTANT.   IGNORED.
 **********
 **   14 **FIX           16
 **********
 **********
 **   15 **MIGRAD
 **********
 FIRST CALL TO USER FUNCTION AT NEW START POINT, WITH IFLAG=4.
 START MIGRAD MINIMIZATION.  STRATEGY  1.  CONVERGENCE WHEN EDM .LT. 1.00e-04
 FCN=2822.32 FROM MIGRAD    STATUS=INITIATE      429 CALLS         430 TOTAL
                     EDM= unknown      STRATEGY= 1      NO ERROR MATRIX       
  EXT PARAMETER               CURRENT GUESS       STEP         FIRST   
  NO.   NAME      VALUE            ERROR          SIZE      DERIVATIVE 
   1  N0           2.88814e+06   1.00000e+02   0.00000e+00  -9.47827e-02
   2  tau          6.44131e+01   constant   
   3  A0           3.56394e-01   1.00000e-04   0.00000e+00  -5.22532e+05
   4  phi          4.11722e+00   1.00000e-02   0.00000e+00   5.06704e+04
   5  R           -6.09726e+01   constant   
   6  alpha_CBO    0.00000e+00     fixed    
   7  w_CBO        2.32500e+00   constant   
   8  beta_CBO     0.00000e+00     fixed    
   9  alpha_2CBO   0.00000e+00     fixed    
  10  beta_2CBO    0.00000e+00     fixed    
  11  alpha_y      0.00000e+00     fixed    
  12  w_y          1.44500e+01   constant   
  13  beta_y       0.00000e+00     fixed    
  14  alpha_vw     0.00000e+00     fixed    
  15  w_vw         1.29000e+01   constant   
  16  beta_vw      0.00000e+00     fixed    
  17  LM           2.63157e-04   constant   
  18  zeta_y       0.00000e+00   constant   
  19  zeta_vw      0.00000e+00   constant   
  20  T_CBO        1.00000e+02   1.00000e+00   0.00000e+00   0.00000e+00
  21  alpha_A0     0.00000e+00   1.00000e-03   0.00000e+00   2.61208e+04
  22  beta_A0      0.00000e+00   1.00000e-03   0.00000e+00   6.41684e+04
  23  alpha_phi    0.00000e+00   1.00000e-03   0.00000e+00   2.67130e+04
  24  beta_phi     0.00000e+00   1.00000e-03   0.00000e+00   2.32479e+04
 MIGRAD MINIMIZATION HAS CONVERGED.
 MIGRAD WILL VERIFY CONVERGENCE AND ERROR MATRIX.
 COVARIANCE MATRIX CALCULATED SUCCESSFULLY
 FCN=217.645 FROM HESSE     STATUS=OK             61 CALLS        1195 TOTAL
                     EDM=0.00327974    STRATEGY= 1      ERROR MATRIX ACCURATE 
  EXT PARAMETER                                   STEP         FIRST   
  NO.   NAME      VALUE            ERROR          SIZE      DERIVATIVE 
   1  N0           2.88111e+06   2.34027e+04   2.36797e+00   1.15646e-05
   2  tau          6.44131e+01   constant   
   3  A0           3.67340e-01   3.24631e-03   1.20451e-06   2.49640e+01
   4  phi          4.10615e+00   1.84354e-02   3.36953e-06   2.06229e+00
   5  R           -6.09726e+01   constant   
   6  alpha_CBO    0.00000e+00     fixed    
   7  w_CBO        2.32500e+00   constant   
   8  beta_CBO     0.00000e+00     fixed    
   9  alpha_2CBO   0.00000e+00     fixed    
  10  beta_2CBO    0.00000e+00     fixed    
  11  alpha_y      0.00000e+00     fixed    
  12  w_y          1.44500e+01   constant   
  13  beta_y       0.00000e+00     fixed    
  14  alpha_vw     0.00000e+00     fixed    
  15  w_vw         1.29000e+01   constant   
  16  beta_vw      0.00000e+00     fixed    
  17  LM           2.63157e-04   constant   
  18  zeta_y       0.00000e+00   constant   
  19  zeta_vw      0.00000e+00   constant   
  20  T_CBO        1.81911e+02   5.33894e+02   2.58326e-04   6.58178e-02
  21  alpha_A0     8.30855e-03   5.44230e-02   5.70272e-06   3.35587e+00
  22  beta_A0      7.72101e-03   2.05867e-02   6.45494e-06  -3.06423e+00
  23  alpha_phi    1.48613e-02   2.30205e-02   6.84158e-06  -3.25239e+00
  24  beta_phi    -3.57366e-02   7.01896e-02   5.16497e-06  -1.42618e+00
 CALL LIMIT EXCEEDED IN MIGRAD.
 MIGRAD TERMINATED WITHOUT CONVERGENCE.
 FCN=217.642 FROM MIGRAD    STATUS=CALL LIMIT   1323 CALLS        1324 TOTAL
                     EDM=0.000851643    STRATEGY= 1  ERROR MATRIX UNCERTAINTY  25.8 per cent
  EXT PARAMETER                APPROXIMATE        STEP         FIRST   
  NO.   NAME      VALUE            ERROR          SIZE      DERIVATIVE 
   1  N0           2.88217e+06   1.82679e+04   1.63959e+02  -3.59238e-05
   2  tau          6.44131e+01   constant   
   3  A0           3.67284e-01   2.87857e-03  -2.81679e-05   1.44510e+02
   4  phi          4.10691e+00   1.39044e-02   1.42320e-04  -5.00663e+01
   5  R           -6.09726e+01   constant   
   6  alpha_CBO    0.00000e+00     fixed    
   7  w_CBO        2.32500e+00   constant   
   8  beta_CBO     0.00000e+00     fixed    
   9  alpha_2CBO   0.00000e+00     fixed    
  10  beta_2CBO    0.00000e+00     fixed    
  11  alpha_y      0.00000e+00     fixed    
  12  w_y          1.44500e+01   constant   
  13  beta_y       0.00000e+00     fixed    
  14  alpha_vw     0.00000e+00     fixed    
  15  w_vw         1.29000e+01   constant   
  16  beta_vw      0.00000e+00     fixed    
  17  LM           2.63157e-04   constant   
  18  zeta_y       0.00000e+00   constant   
  19  zeta_vw      0.00000e+00   constant   
  20  T_CBO        1.58176e+02   2.51252e+02  -1.31840e-02  -1.09142e+00
  21  alpha_A0     6.31126e-03   3.83554e-02  -3.31545e-04  -3.07447e+00
  22  beta_A0      8.46571e-03   1.69838e-02   4.28730e-05  -1.92646e+01
  23  alpha_phi    1.58556e-02   1.72262e-02   1.05777e-04  -1.28555e+01
  24  beta_phi    -3.47652e-02   3.56898e-02   9.15459e-05   4.19178e+01
 EXTERNAL ERROR MATRIX.    NDIM=  25    NPAR=  8    ERR DEF=1
  3.337e+08 -1.173e+01  2.437e+02 -1.780e+06 -6.930e+02  1.938e+02  2.111e+02  5.952e+02 
 -1.173e+01  8.286e-06 -1.823e-05  2.816e-01  3.612e-05  2.888e-05  2.283e-05 -1.711e-05 
  2.437e+02 -1.823e-05  1.933e-04 -1.449e+00 -5.261e-04  9.543e-05  1.116e-04  4.397e-04 
 -1.780e+06  2.816e-01 -1.449e+00  7.680e+04  3.301e+00 -9.416e-01 -1.944e+00  4.958e-01 
 -6.930e+02  3.612e-05 -5.261e-04  3.301e+00  1.471e-03 -3.379e-04 -3.706e-04 -1.276e-03 
  1.938e+02  2.888e-05  9.543e-05 -9.416e-01 -3.379e-04  2.884e-04  2.844e-04  3.104e-04 
  2.111e+02  2.283e-05  1.116e-04 -1.944e+00 -3.706e-04  2.844e-04  2.967e-04  2.929e-04 
  5.952e+02 -1.711e-05  4.397e-04  4.958e-01 -1.276e-03  3.104e-04  2.929e-04  1.274e-03 
ERR MATRIX APPROXIMATE
 PARAMETER  CORRELATION COEFFICIENTS  
       NO.  GLOBAL      1      3      4     20     21     22     23     24
        1  0.99985   1.000 -0.223  0.959 -0.352 -0.989  0.625  0.671  0.913
        3  0.99907  -0.223  1.000 -0.456  0.353  0.327  0.591  0.460 -0.166
        4  0.99960   0.959 -0.456  1.000 -0.376 -0.986  0.404  0.466  0.886
       20  0.99958  -0.352  0.353 -0.376  1.000  0.311 -0.200 -0.407  0.050
       21  0.99982  -0.989  0.327 -0.986  0.311  1.000 -0.519 -0.561 -0.932
       22  0.99898   0.625  0.591  0.404 -0.200 -0.519  1.000  0.972  0.512
       23  0.99883   0.671  0.460  0.466 -0.407 -0.561  0.972  1.000  0.476
       24  0.99988   0.913 -0.166  0.886  0.050 -0.932  0.512  0.476  1.000
 ERR MATRIX APPROXIMATE
MINUIT - FIT ONLY 1-CBO + wiggle
 **********
 **   16 **RES 
 **********
                   PARAMETER   16  beta_vw RESTORED TO VARIABLE.
                   PARAMETER   14  alpha_vw RESTORED TO VARIABLE.
                   PARAMETER   13  beta_y RESTORED TO VARIABLE.
                   PARAMETER   11  alpha_y RESTORED TO VARIABLE.
                   PARAMETER   10  beta_2CBO RESTORED TO VARIABLE.
                   PARAMETER    9  alpha_2CBO RESTORED TO VARIABLE.
                   PARAMETER    8  beta_CBO RESTORED TO VARIABLE.
                   PARAMETER    6  alpha_CBO RESTORED TO VARIABLE.
 **********
 **   17 **FIX            8
 **********
 **********
 **   18 **FIX            9
 **********
 **********
 **   19 **FIX           11
 **********
 **********
 **   20 **FIX           12
 **********
 PARAMETER   12  IS CONSTANT.   IGNORED.
 **********
 **   21 **FIX           14
 **********
 **********
 **   22 **FIX           15
 **********
 PARAMETER   15  IS CONSTANT.   IGNORED.
 **********
 **   23 **FIX           16
 **********
 **********
 **   24 **MIGRAD
 **********
 START MIGRAD MINIMIZATION.  STRATEGY  1.  CONVERGENCE WHEN EDM .LT. 1.00e-04
 FCN=217.642 FROM MIGRAD    STATUS=INITIATE       28 CALLS        1352 TOTAL
                     EDM= unknown      STRATEGY= 1      NO ERROR MATRIX       
  EXT PARAMETER               CURRENT GUESS       STEP         FIRST   
  NO.   NAME      VALUE            ERROR          SIZE      DERIVATIVE 
   1  N0           2.88217e+06   1.82679e+04   1.63959e+02  -3.59238e-05
   2  tau          6.44131e+01   constant   
   3  A0           3.67284e-01   2.87857e-03  -2.81679e-05   1.44510e+02
   4  phi          4.10691e+00   1.39044e-02   1.42320e-04  -5.00663e+01
   5  R           -6.09726e+01   constant   
   6  alpha_CBO    0.00000e+00   1.00000e-03   1.00000e-03  -4.23597e+02
   7  w_CBO        2.32500e+00   constant   
   8  beta_CBO     0.00000e+00     fixed    
   9  alpha_2CBO   0.00000e+00     fixed    
  10  beta_2CBO    0.00000e+00   1.00000e-03   1.00000e-03  -5.74731e+03
  11  alpha_y      0.00000e+00     fixed    
  12  w_y          1.44500e+01   constant   
  13  beta_y       0.00000e+00   1.00000e-03   1.00000e-03   1.60534e+05
  14  alpha_vw     0.00000e+00     fixed    
  15  w_vw         1.29000e+01   constant   
  16  beta_vw      0.00000e+00     fixed    
  17  LM           2.63157e-04   constant   
  18  zeta_y       0.00000e+00   constant   
  19  zeta_vw      0.00000e+00   constant   
  20  T_CBO        1.58176e+02   2.51252e+02  -1.31840e-02  -1.09141e+00
  21  alpha_A0     6.31126e-03   3.83554e-02  -3.31545e-04  -3.07446e+00
  22  beta_A0      8.46571e-03   1.69838e-02   4.28730e-05  -1.92646e+01
  23  alpha_phi    1.58556e-02   1.72262e-02   1.05777e-04  -1.28555e+01
  24  beta_phi    -3.47652e-02   3.56898e-02   9.15459e-05   4.19178e+01
 MIGRAD MINIMIZATION HAS CONVERGED.
 MIGRAD WILL VERIFY CONVERGENCE AND ERROR MATRIX.
 FCN=38.3592 FROM HESSE     STATUS=NOT POSDEF    100 CALLS        2419 TOTAL
                     EDM=0.000161447    STRATEGY= 1      ERR MATRIX NOT POS-DEF
  EXT PARAMETER                APPROXIMATE        STEP         FIRST   
  NO.   NAME      VALUE            ERROR          SIZE      DERIVATIVE 
   1  N0           2.83797e+06   3.95743e+03   1.35325e+00   2.24563e-06
   2  tau          6.44131e+01   constant   
   3  A0           3.55244e-01   1.59346e-03   4.94869e-07   5.09998e+00
   4  phi          4.10574e+00   6.56641e-03   1.95777e-06  -3.42630e-01
   5  R           -6.09726e+01   constant   
   6  alpha_CBO   -6.10469e-03   1.26410e-03   4.84520e-07   5.02837e+00
   7  w_CBO        2.32500e+00   constant   
   8  beta_CBO     0.00000e+00     fixed    
   9  alpha_2CBO   0.00000e+00     fixed    
  10  beta_2CBO    2.36208e-03   4.93363e-04   5.09243e-07  -7.84157e-01
  11  alpha_y      0.00000e+00     fixed    
  12  w_y          1.44500e+01   constant   
  13  beta_y      -2.18003e-03   1.64191e-04   4.95993e-07  -3.22441e+00
  14  alpha_vw     0.00000e+00     fixed    
  15  w_vw         1.29000e+01   constant   
  16  beta_vw      0.00000e+00     fixed    
  17  LM           2.63157e-04   constant   
  18  zeta_y       0.00000e+00   constant   
  19  zeta_vw      0.00000e+00   constant   
  20  T_CBO        6.91059e+02   8.31616e+02   3.86325e-04   7.37402e-03
  21  alpha_A0     7.43012e-02   6.46440e-03   2.28144e-06   1.29722e+00
  22  beta_A0     -7.49341e-02   8.60557e-03   2.67102e-06   2.93946e-01
  23  alpha_phi   -3.74457e-02   5.85118e-03   2.47574e-06   7.39114e-02
  24  beta_phi    -8.11744e-02   5.94315e-03   1.85092e-06  -2.47648e+00
 CALL LIMIT EXCEEDED IN MIGRAD.
 MIGRAD TERMINATED WITHOUT CONVERGENCE.
 FCN=37.6328 FROM MIGRAD    STATUS=CALL LIMIT   1907 CALLS        3231 TOTAL
                     EDM=0.0612775    STRATEGY= 1      ERR MATRIX NOT POS-DEF
  EXT PARAMETER                APPROXIMATE        STEP         FIRST   
  NO.   NAME      VALUE            ERROR          SIZE      DERIVATIVE 
   1  N0           2.83974e+06   4.33092e+03  -4.07084e+02  -8.27831e-04
   2  tau          6.44131e+01   constant   
   3  A0           3.42182e-01   4.04399e-03  -5.77406e-04  -1.40938e+03
   4  phi          4.20147e+00   3.23979e-02   4.99638e-03  -1.28337e+02
   5  R           -6.09726e+01   constant   
   6  alpha_CBO   -1.98320e-02   4.94874e-03  -7.42204e-04   5.96142e+02
   7  w_CBO        2.32500e+00   constant   
   8  beta_CBO     0.00000e+00     fixed    
   9  alpha_2CBO   0.00000e+00     fixed    
  10  beta_2CBO    2.58666e-03   5.31134e-04   1.99345e-05  -4.14346e+02
  11  alpha_y      0.00000e+00     fixed    
  12  w_y          1.44500e+01   constant   
  13  beta_y      -2.18128e-03   1.75027e-04   1.55191e-05   6.31531e+02
  14  alpha_vw     0.00000e+00     fixed    
  15  w_vw         1.29000e+01   constant   
  16  beta_vw      0.00000e+00     fixed    
  17  LM           2.63157e-04   constant   
  18  zeta_y       0.00000e+00   constant   
  19  zeta_vw      0.00000e+00   constant   
  20  T_CBO        6.20804e+02   1.41515e+02  -6.13493e-03  -2.01143e+00
  21  alpha_A0     2.34811e-02   1.21688e-02  -1.70332e-03  -1.82475e+02
  22  beta_A0     -1.52542e-01   3.34066e-02  -4.91625e-03   5.77806e+01
  23  alpha_phi   -7.90427e-02   1.86558e-02  -2.75788e-03   2.11029e+02
  24  beta_phi    -2.80351e-02   1.18424e-02   1.68936e-03   2.82191e+02
 EXTERNAL ERROR MATRIX.    NDIM=  25    NPAR= 11    ERR DEF=1
  1.876e+07 
  8.469e+00  1.635e-05 
 -8.280e+01 -1.203e-04  1.050e-03 
  1.369e+01  1.784e-05 -1.590e-04  2.449e-05 
  8.450e-02 -1.222e-06  5.440e-06 -8.276e-07  2.821e-07 
 -6.657e-02  1.896e-09  1.295e-07 -8.262e-09 -8.227e-09  3.063e-08 
  2.693e+05  2.439e-01 -1.772e+00  2.756e-01 -1.673e-02 -1.744e-03  2.062e+04 
  9.685e+00  4.077e-05 -3.508e-04  5.068e-05 -1.927e-06  1.905e-08  2.946e-01  1.481e-04 
  8.363e+01  1.338e-04 -1.027e-03  1.538e-04 -8.937e-06 -1.649e-07  2.261e+00  3.327e-04  1.116e-03 
  4.955e+01  7.337e-05 -5.600e-04  8.273e-05 -4.057e-06 -1.823e-07  1.273e+00  1.803e-04  6.142e-04  3.480e-04 
 -1.229e+01 -4.021e-05  3.528e-04 -5.235e-05  2.232e-06 -6.266e-08 -3.108e-01 -1.411e-04 -3.307e-04 -1.739e-04  1.402e-04 
ERR MATRIX NOT POS-DEF
 PARAMETER  CORRELATION COEFFICIENTS  
       NO.  GLOBAL      1      3      4      6     10     13     20     21     22     23     24
        1  0.99872   1.000  0.484 -0.590  0.639  0.037 -0.088  0.433  0.184  0.578  0.613 -0.240
        3  0.99968   0.484  1.000 -0.918  0.892 -0.569  0.003  0.420  0.829  0.991  0.973 -0.840
        4  0.99994  -0.590 -0.918  1.000 -0.992  0.316  0.023 -0.381 -0.890 -0.949 -0.927  0.920
        6  0.99975   0.639  0.892 -0.992  1.000 -0.315 -0.010  0.388  0.842  0.930  0.896 -0.893
       10  0.96354   0.037 -0.569  0.316 -0.315  1.000 -0.088 -0.219 -0.298 -0.504 -0.409  0.355
       13  0.58028  -0.088  0.003  0.023 -0.010 -0.088  1.000 -0.069  0.009 -0.028 -0.056 -0.030
       20  0.94047   0.433  0.420 -0.381  0.388 -0.219 -0.069  1.000  0.169  0.471  0.475 -0.183
       21  0.99875   0.184  0.829 -0.890  0.842 -0.298  0.009  0.169  1.000  0.818  0.794 -0.979
       22  0.99982   0.578  0.991 -0.949  0.930 -0.504 -0.028  0.471  0.818  1.000  0.985 -0.836
       23  0.99952   0.613  0.973 -0.927  0.896 -0.409 -0.056  0.475  0.794  0.985  1.000 -0.787
       24  0.99947  -0.240 -0.840  0.920 -0.893  0.355 -0.030 -0.183 -0.979 -0.836 -0.787  1.000
 ERR MATRIX NOT POS-DEF
MINUIT - FIT ONLY 2-CBO
 **********
 **   25 **RES 
 **********
                   PARAMETER   16  beta_vw RESTORED TO VARIABLE.
                   PARAMETER   14  alpha_vw RESTORED TO VARIABLE.
                   PARAMETER   11  alpha_y RESTORED TO VARIABLE.
                   PARAMETER    9  alpha_2CBO RESTORED TO VARIABLE.
                   PARAMETER    8  beta_CBO RESTORED TO VARIABLE.
 **********
 **   26 **FIX            0
 **********
 PARAMETER    0  IS UNDEFINED. IGNORED.
 **********
 **   27 **FIX            1
 **********
 **********
 **   28 **FIX            2
 **********
 PARAMETER    2  IS CONSTANT.   IGNORED.
 **********
 **   29 **FIX            3
 **********
 **********
 **   30 **FIX            4
 **********
 **********
 **   31 **FIX            5
 **********
 PARAMETER    5  IS CONSTANT.   IGNORED.
 **********
 **   32 **FIX            6
 **********
 **********
 **   33 **FIX            7
 **********
 PARAMETER    7  IS CONSTANT.   IGNORED.
 **********
 **   34 **FIX           10
 **********
 **********
 **   35 **FIX           11
 **********
 **********
 **   36 **FIX           12
 **********
 PARAMETER   12  IS CONSTANT.   IGNORED.
 **********
 **   37 **FIX           13
 **********
 **********
 **   38 **FIX           14
 **********
 **********
 **   39 **FIX           15
 **********
 PARAMETER   15  IS CONSTANT.   IGNORED.
 **********
 **   40 **FIX           16
 **********
 **********
 **   41 **MIGRAD
 **********
 START MIGRAD MINIMIZATION.  STRATEGY  1.  CONVERGENCE WHEN EDM .LT. 1.00e-04
 FCN=37.6328 FROM MIGRAD    STATUS=INITIATE       18 CALLS        3249 TOTAL
                     EDM= unknown      STRATEGY= 1      NO ERROR MATRIX       
  EXT PARAMETER               CURRENT GUESS       STEP         FIRST   
  NO.   NAME      VALUE            ERROR          SIZE      DERIVATIVE 
   1  N0           2.83974e+06     fixed    
   2  tau          6.44131e+01   constant   
   3  A0           3.42182e-01     fixed    
   4  phi          4.20147e+00     fixed    
   5  R           -6.09726e+01   constant   
   6  alpha_CBO   -1.98320e-02     fixed    
   7  w_CBO        2.32500e+00   constant   
   8  beta_CBO     0.00000e+00   1.00000e-03   1.00000e-03   8.96829e+02
   9  alpha_2CBO   0.00000e+00   1.00000e-03   1.00000e-03  -1.63419e+03
  10  beta_2CBO    2.58666e-03     fixed    
  11  alpha_y      0.00000e+00     fixed    
  12  w_y          1.44500e+01   constant   
  13  beta_y      -2.18128e-03     fixed    
  14  alpha_vw     0.00000e+00     fixed    
  15  w_vw         1.29000e+01   constant   
  16  beta_vw      0.00000e+00     fixed    
  17  LM           2.63157e-04   constant   
  18  zeta_y       0.00000e+00   constant   
  19  zeta_vw      0.00000e+00   constant   
  20  T_CBO        6.20804e+02   1.41515e+02  -6.13493e-03  -2.01143e+00
  21  alpha_A0     2.34811e-02   1.21688e-02  -1.70332e-03  -1.82475e+02
  22  beta_A0     -1.52542e-01   3.34066e-02  -4.91625e-03   5.77806e+01
  23  alpha_phi   -7.90427e-02   1.86558e-02  -2.75788e-03   2.11029e+02
  24  beta_phi    -2.80351e-02   1.18424e-02   1.68936e-03   2.82191e+02
 MIGRAD MINIMIZATION HAS CONVERGED.
 MIGRAD WILL VERIFY CONVERGENCE AND ERROR MATRIX.
 COVARIANCE MATRIX CALCULATED SUCCESSFULLY
 FCN=37.5408 FROM HESSE     STATUS=OK             50 CALLS        3380 TOTAL
                     EDM=0.00143954    STRATEGY= 1      ERROR MATRIX ACCURATE 
  EXT PARAMETER                                   STEP         FIRST   
  NO.   NAME      VALUE            ERROR          SIZE      DERIVATIVE 
   1  N0           2.83974e+06     fixed    
   2  tau          6.44131e+01   constant   
   3  A0           3.42182e-01     fixed    
   4  phi          4.20147e+00     fixed    
   5  R           -6.09726e+01   constant   
   6  alpha_CBO   -1.98320e-02     fixed    
   7  w_CBO        2.32500e+00   constant   
   8  beta_CBO    -1.42996e-05   3.95805e-04   4.98735e-07   9.64231e+00
   9  alpha_2CBO   8.80956e-05   3.38541e-04   4.75447e-07  -8.15720e-01
  10  beta_2CBO    2.58666e-03     fixed    
  11  alpha_y      0.00000e+00     fixed    
  12  w_y          1.44500e+01   constant   
  13  beta_y      -2.18128e-03     fixed    
  14  alpha_vw     0.00000e+00     fixed    
  15  w_vw         1.29000e+01   constant   
  16  beta_vw      0.00000e+00     fixed    
  17  LM           2.63157e-04   constant   
  18  zeta_y       0.00000e+00   constant   
  19  zeta_vw      0.00000e+00   constant   
  20  T_CBO        6.21823e+02   6.88306e+02   3.53007e-04   8.88128e-03
  21  alpha_A0     2.32566e-02   6.43401e-03   2.40484e-06  -1.02636e+00
  22  beta_A0     -1.52521e-01   4.05031e-02   2.90248e-06  -1.93439e+00
  23  alpha_phi   -7.89873e-02   2.08584e-02   2.57347e-06  -2.12066e+00
  24  beta_phi    -2.83078e-02   7.21434e-03   1.87883e-06  -7.87920e-01
 MIGRAD MINIMIZATION HAS CONVERGED.
 MIGRAD WILL VERIFY CONVERGENCE AND ERROR MATRIX.
 COVARIANCE MATRIX CALCULATED SUCCESSFULLY
 FCN=37.5336 FROM MIGRAD    STATUS=CONVERGED     980 CALLS        4211 TOTAL
                     EDM=1.03707e-05    STRATEGY= 1      ERROR MATRIX ACCURATE 
  EXT PARAMETER                                   STEP         FIRST   
  NO.   NAME      VALUE            ERROR          SIZE      DERIVATIVE 
   1  N0           2.83974e+06     fixed    
   2  tau          6.44131e+01   constant   
   3  A0           3.42182e-01     fixed    
   4  phi          4.20147e+00     fixed    
   5  R           -6.09726e+01   constant   
   6  alpha_CBO   -1.98320e-02     fixed    
   7  w_CBO        2.32500e+00   constant   
   8  beta_CBO    -6.85269e-07   3.63306e-04   4.98687e-07   1.17607e+01
   9  alpha_2CBO   8.90125e-05   3.38411e-04   4.75402e-07  -7.97750e+00
  10  beta_2CBO    2.58666e-03     fixed    
  11  alpha_y      0.00000e+00     fixed    
  12  w_y          1.44500e+01   constant   
  13  beta_y      -2.18128e-03     fixed    
  14  alpha_vw     0.00000e+00     fixed    
  15  w_vw         1.29000e+01   constant   
  16  beta_vw      0.00000e+00     fixed    
  17  LM           2.63157e-04   constant   
  18  zeta_y       0.00000e+00   constant   
  19  zeta_vw      0.00000e+00   constant   
  20  T_CBO        9.98944e+02   7.91803e+02   1.08902e-02  -9.64518e-04
  21  alpha_A0     2.26581e-02   1.26474e-03   2.34274e-06  -2.35703e+00
  22  beta_A0     -1.48673e-01   2.68279e-03   2.82721e-06   1.57283e+00
  23  alpha_phi   -7.70065e-02   1.35143e-03   2.50782e-06   1.70176e+00
  24  beta_phi    -2.76291e-02   1.15567e-03   1.82982e-06  -6.03550e-02
 EXTERNAL ERROR MATRIX.    NDIM=  25    NPAR=  7    ERR DEF=1
  1.320e-07 -2.588e-08  1.533e-03  2.693e-08 -7.140e-07 -1.877e-07 -1.323e-07 
 -2.588e-08  1.145e-07  6.705e-05 -3.170e-07  1.581e-07  1.775e-07 -2.535e-07 
  1.533e-03  6.705e-05  6.684e+04 -5.968e-02  3.829e-01  1.972e-01  6.752e-02 
  2.693e-08 -3.170e-07 -5.968e-02  1.600e-06 -5.278e-07 -4.374e-07  7.874e-07 
 -7.140e-07  1.581e-07  3.829e-01 -5.278e-07  7.197e-06  2.442e-06  1.289e-06 
 -1.877e-07  1.775e-07  1.972e-01 -4.374e-07  2.442e-06  1.826e-06  8.946e-08 
 -1.323e-07 -2.535e-07  6.752e-02  7.874e-07  1.289e-06  8.946e-08  1.336e-06 
 PARAMETER  CORRELATION COEFFICIENTS  
       NO.  GLOBAL      8      9     20     21     22     23     24
        8  0.89158   1.000 -0.211  0.016  0.059 -0.733 -0.382 -0.315
        9  0.88611  -0.211  1.000  0.001 -0.741  0.174  0.388 -0.648
       20  0.85167   0.016  0.001  1.000 -0.183  0.552  0.565  0.226
       21  0.79154   0.059 -0.741 -0.183  1.000 -0.156 -0.256  0.539
       22  0.93761  -0.733  0.174  0.552 -0.156  1.000  0.674  0.416
       23  0.79069  -0.382  0.388  0.565 -0.256  0.674  1.000  0.057
       24  0.85272  -0.315 -0.648  0.226  0.539  0.416  0.057  1.000
MINUIT - FIT wiggle + 1-CBO + 2-CBO
 **********
 **   42 **RES 
 **********
                   PARAMETER   16  beta_vw RESTORED TO VARIABLE.
                   PARAMETER   14  alpha_vw RESTORED TO VARIABLE.
                   PARAMETER   13  beta_y RESTORED TO VARIABLE.
                   PARAMETER   11  alpha_y RESTORED TO VARIABLE.
                   PARAMETER   10  beta_2CBO RESTORED TO VARIABLE.
                   PARAMETER    6  alpha_CBO RESTORED TO VARIABLE.
                   PARAMETER    4  phi RESTORED TO VARIABLE.
                   PARAMETER    3  A0 RESTORED TO VARIABLE.
                   PARAMETER    1  N0 RESTORED TO VARIABLE.
 **********
 **   43 **FIX           10
 **********
 **********
 **   44 **FIX           11
 **********
 **********
 **   45 **FIX           12
 **********
 PARAMETER   12  IS CONSTANT.   IGNORED.
 **********
 **   46 **FIX           13
 **********
 **********
 **   47 **FIX           14
 **********
 **********
 **   48 **FIX           15
 **********
 PARAMETER   15  IS CONSTANT.   IGNORED.
 **********
 **   49 **FIX           16
 **********
 **********
 **   50 **MIGRAD
 **********
 START MIGRAD MINIMIZATION.  STRATEGY  1.  CONVERGENCE WHEN EDM .LT. 1.00e-04
 FCN=37.5336 FROM MIGRAD    STATUS=INITIATE       22 CALLS        4233 TOTAL
                     EDM= unknown      STRATEGY= 1      NO ERROR MATRIX       
  EXT PARAMETER               CURRENT GUESS       STEP         FIRST   
  NO.   NAME      VALUE            ERROR          SIZE      DERIVATIVE 
   1  N0           2.83974e+06   4.33092e+03   4.33092e+03   7.46531e-05
   2  tau          6.44131e+01   constant   
   3  A0           3.42182e-01   4.04399e-03   4.04399e-03  -8.46297e+01
   4  phi          4.20147e+00   3.23979e-02   3.23979e-02  -1.34630e+02
   5  R           -6.09726e+01   constant   
   6  alpha_CBO   -1.98320e-02   4.94874e-03   4.94874e-03  -8.24467e+02
   7  w_CBO        2.32500e+00   constant   
   8  beta_CBO    -6.85269e-07   3.63306e-04   4.98687e-07   1.17608e+01
   9  alpha_2CBO   8.90125e-05   3.38411e-04   4.75402e-07  -7.97750e+00
  10  beta_2CBO    2.58666e-03     fixed    
  11  alpha_y      0.00000e+00     fixed    
  12  w_y          1.44500e+01   constant   
  13  beta_y      -2.18128e-03     fixed    
  14  alpha_vw     0.00000e+00     fixed    
  15  w_vw         1.29000e+01   constant   
  16  beta_vw      0.00000e+00     fixed    
  17  LM           2.63157e-04   constant   
  18  zeta_y       0.00000e+00   constant   
  19  zeta_vw      0.00000e+00   constant   
  20  T_CBO        9.98944e+02   7.91803e+02   1.08902e-02  -9.78934e-04
  21  alpha_A0     2.26581e-02   1.26474e-03   2.34274e-06  -2.35702e+00
  22  beta_A0     -1.48673e-01   2.68279e-03   2.82721e-06   1.57285e+00
  23  alpha_phi   -7.70065e-02   1.35143e-03   2.50782e-06   1.70177e+00
  24  beta_phi    -2.76291e-02   1.15567e-03   1.82982e-06  -6.03554e-02
 CALL LIMIT EXCEEDED IN MIGRAD.
 MIGRAD TERMINATED WITHOUT CONVERGENCE.
 FCN=33.2122 FROM MIGRAD    STATUS=CALL LIMIT   1905 CALLS        6116 TOTAL
                     EDM=0.00829053    STRATEGY= 1  ERROR MATRIX UNCERTAINTY  10.5 per cent
  EXT PARAMETER                APPROXIMATE        STEP         FIRST   
  NO.   NAME      VALUE            ERROR          SIZE      DERIVATIVE 
   1  N0           2.87981e+06   1.45717e+04   7.84962e+02   2.92639e-04
   2  tau          6.44131e+01   constant   
   3  A0           3.17892e-01   6.53496e-03   3.82475e-04  -1.76102e+02
   4  phi          4.18076e+00   2.86522e-03  -4.80663e-05   8.42009e+01
   5  R           -6.09726e+01   constant   
   6  alpha_CBO   -3.84844e-03   3.12244e-03   1.90796e-04  -9.67444e+01
   7  w_CBO        2.32500e+00   constant   
   8  beta_CBO    -6.40620e-03   4.65679e-03   2.78990e-04   2.36761e+02
   9  alpha_2CBO   7.59267e-03   1.32900e-03   8.55917e-05  -1.06355e+01
  10  beta_2CBO    2.58666e-03     fixed    
  11  alpha_y      0.00000e+00     fixed    
  12  w_y          1.44500e+01   constant   
  13  beta_y      -2.18128e-03     fixed    
  14  alpha_vw     0.00000e+00     fixed    
  15  w_vw         1.29000e+01   constant   
  16  beta_vw      0.00000e+00     fixed    
  17  LM           2.63157e-04   constant   
  18  zeta_y       0.00000e+00   constant   
  19  zeta_vw      0.00000e+00   constant   
  20  T_CBO        9.85976e+02   1.69402e+02  -1.26420e-02  -7.31083e-02
  21  alpha_A0    -8.55384e-02   3.44219e-02  -2.02933e-03   9.02562e+01
  22  beta_A0     -2.56304e-01   2.43564e-02   1.23208e-03   6.74614e+01
  23  alpha_phi   -1.86228e-01   1.80670e-02   9.41599e-04  -4.69731e+01
  24  beta_phi    -1.83710e-02   1.20338e-02   4.27811e-04  -1.46676e+02
 EXTERNAL ERROR MATRIX.    NDIM=  25    NPAR= 11    ERR DEF=1
  2.123e+08 
  8.152e+01  4.271e-05 
 -2.784e+01 -3.749e-06  8.210e-06 
  4.352e+01  1.911e-05 -4.110e-06  9.750e-06 
  5.716e+01  3.030e-05 -2.341e-06  1.366e-05  2.169e-05 
  1.517e+01  7.620e-06 -6.940e-07  3.773e-06  5.565e-06  1.766e-06 
 -1.328e+06 -5.210e-01  1.625e-01 -2.800e-01 -3.715e-01 -1.044e-01  1.026e+04 
 -4.858e+02 -2.108e-04  4.740e-05 -1.071e-04 -1.500e-04 -4.125e-05  3.140e+00  1.185e-03 
  3.404e+02  1.487e-04 -3.469e-05  7.137e-05  1.031e-04  2.510e-05 -2.107e+00 -7.998e-04  5.932e-04 
  2.445e+02  1.130e-04 -2.138e-05  5.219e-05  7.861e-05  1.878e-05 -1.513e+00 -5.849e-04  4.363e-04  3.264e-04 
  1.656e+02  5.366e-05 -2.844e-05  3.052e-05  3.640e-05  8.714e-06 -9.966e-01 -3.461e-04  2.603e-04  1.823e-04  1.448e-04 
ERR MATRIX APPROXIMATE
 PARAMETER  CORRELATION COEFFICIENTS  
       NO.  GLOBAL      1      3      4      6      8      9     20     21     22     23     24
        1  0.99990   1.000  0.856 -0.667  0.957  0.842  0.783 -0.900 -0.969  0.959  0.929  0.944
        3  0.99994   0.856  1.000 -0.200  0.936  0.996  0.877 -0.787 -0.937  0.934  0.957  0.682
        4  0.99064  -0.667 -0.200  1.000 -0.459 -0.175 -0.182  0.560  0.481 -0.497 -0.413 -0.825
        6  0.99905   0.957  0.936 -0.459  1.000  0.939  0.909 -0.885 -0.997  0.938  0.925  0.812
        8  0.99980   0.842  0.996 -0.175  0.939  1.000  0.899 -0.788 -0.936  0.909  0.934  0.650
        9  0.99561   0.783  0.877 -0.182  0.909  0.899  1.000 -0.776 -0.902  0.776  0.782  0.545
       20  0.97361  -0.900 -0.787  0.560 -0.885 -0.788 -0.776  1.000  0.901 -0.854 -0.827 -0.818
       21  0.99990  -0.969 -0.937  0.481 -0.997 -0.936 -0.902  0.901  1.000 -0.954 -0.941 -0.836
       22  0.99964   0.959  0.934 -0.497  0.938  0.909  0.776 -0.854 -0.954  1.000  0.991  0.888
       23  0.99933   0.929  0.957 -0.413  0.925  0.934  0.782 -0.827 -0.941  0.991  1.000  0.839
       24  0.99920   0.944  0.682 -0.825  0.812  0.650  0.545 -0.818 -0.836  0.888  0.839  1.000
 ERR MATRIX APPROXIMATE
MINUIT - FIT ONLY 1-y
 **********
 **   51 **RES 
 **********
                   PARAMETER   16  beta_vw RESTORED TO VARIABLE.
                   PARAMETER   14  alpha_vw RESTORED TO VARIABLE.
                   PARAMETER   13  beta_y RESTORED TO VARIABLE.
                   PARAMETER   11  alpha_y RESTORED TO VARIABLE.
                   PARAMETER   10  beta_2CBO RESTORED TO VARIABLE.
 **********
 **   52 **FIX            0
 **********
 PARAMETER    0  IS UNDEFINED. IGNORED.
 **********
 **   53 **FIX            1
 **********
 **********
 **   54 **FIX            2
 **********
 PARAMETER    2  IS CONSTANT.   IGNORED.
 **********
 **   55 **FIX            3
 **********
 **********
 **   56 **FIX            4
 **********
 **********
 **   57 **FIX            5
 **********
 PARAMETER    5  IS CONSTANT.   IGNORED.
 **********
 **   58 **FIX            6
 **********
 **********
 **   59 **FIX            7
 **********
 PARAMETER    7  IS CONSTANT.   IGNORED.
 **********
 **   60 **FIX            8
 **********
 **********
 **   61 **FIX            9
 **********
 **********
 **   62 **FIX           13
 **********
 **********
 **   63 **FIX           14
 **********
 **********
 **   64 **FIX           15
 **********
 PARAMETER   15  IS CONSTANT.   IGNORED.
 **********
 **   65 **FIX           16
 **********
 **********
 **   66 **MIGRAD
 **********
 START MIGRAD MINIMIZATION.  STRATEGY  1.  CONVERGENCE WHEN EDM .LT. 1.00e-04
 FCN=33.2122 FROM MIGRAD    STATUS=INITIATE       16 CALLS        6132 TOTAL
                     EDM= unknown      STRATEGY= 1      NO ERROR MATRIX       
  EXT PARAMETER               CURRENT GUESS       STEP         FIRST   
  NO.   NAME      VALUE            ERROR          SIZE      DERIVATIVE 
   1  N0           2.87981e+06     fixed    
   2  tau          6.44131e+01   constant   
   3  A0           3.17892e-01     fixed    
   4  phi          4.18076e+00     fixed    
   5  R           -6.09726e+01   constant   
   6  alpha_CBO   -3.84844e-03     fixed    
   7  w_CBO        2.32500e+00   constant   
   8  beta_CBO    -6.40620e-03     fixed    
   9  alpha_2CBO   7.59267e-03     fixed    
  10  beta_2CBO    2.58666e-03   5.31134e-04   5.31134e-04  -9.27801e+01
  11  alpha_y      0.00000e+00   1.00000e-03   1.00000e-03  -5.21960e+04
  12  w_y          1.44500e+01   constant   
  13  beta_y      -2.18128e-03     fixed    
  14  alpha_vw     0.00000e+00     fixed    
  15  w_vw         1.29000e+01   constant   
  16  beta_vw      0.00000e+00     fixed    
  17  LM           2.63157e-04   constant   
  18  zeta_y       0.00000e+00   constant   
  19  zeta_vw      0.00000e+00   constant   
  20  T_CBO        9.85976e+02   1.69402e+02  -1.26420e-02  -7.31092e-02
  21  alpha_A0    -8.55384e-02   3.44219e-02  -2.02933e-03   9.02562e+01
  22  beta_A0     -2.56304e-01   2.43564e-02   1.23208e-03   6.74614e+01
  23  alpha_phi   -1.86228e-01   1.80670e-02   9.41599e-04  -4.69731e+01
  24  beta_phi    -1.83710e-02   1.20338e-02   4.27811e-04  -1.46676e+02
 MIGRAD MINIMIZATION HAS CONVERGED.
 MIGRAD WILL VERIFY CONVERGENCE AND ERROR MATRIX.
 COVARIANCE MATRIX CALCULATED SUCCESSFULLY
 FCN=14.9676 FROM HESSE     STATUS=OK             50 CALLS        6295 TOTAL
                     EDM=0.000122349    STRATEGY= 1      ERROR MATRIX ACCURATE 
  EXT PARAMETER                                   STEP         FIRST   
  NO.   NAME      VALUE            ERROR          SIZE      DERIVATIVE 
   1  N0           2.87981e+06     fixed    
   2  tau          6.44131e+01   constant   
   3  A0           3.17892e-01     fixed    
   4  phi          4.18076e+00     fixed    
   5  R           -6.09726e+01   constant   
   6  alpha_CBO   -3.84844e-03     fixed    
   7  w_CBO        2.32500e+00   constant   
   8  beta_CBO    -6.40620e-03     fixed    
   9  alpha_2CBO   7.59267e-03     fixed    
  10  beta_2CBO    2.75347e-03   3.01152e-04   3.24859e-07   2.08660e+00
  11  alpha_y      6.98095e-04   1.63482e-04   3.13306e-07  -4.84129e+00
  12  w_y          1.44500e+01   constant   
  13  beta_y      -2.18128e-03     fixed    
  14  alpha_vw     0.00000e+00     fixed    
  15  w_vw         1.29000e+01   constant   
  16  beta_vw      0.00000e+00     fixed    
  17  LM           2.63157e-04   constant   
  18  zeta_y       0.00000e+00   constant   
  19  zeta_vw      0.00000e+00   constant   
  20  T_CBO        9.57966e+02   5.03169e+02   9.71935e-04   3.06752e-03
  21  alpha_A0    -8.55475e-02   9.49924e-03   1.68531e-06   5.61772e-01
  22  beta_A0     -2.56741e-01   2.86229e-02   2.27085e-06  -9.40165e-02
  23  alpha_phi   -1.85500e-01   2.01346e-02   1.71371e-06  -9.29948e-01
  24  beta_phi    -1.84683e-02   1.98565e-03   1.20497e-06   1.16429e+00
 CALL LIMIT EXCEEDED IN MIGRAD.
 MIGRAD TERMINATED WITHOUT CONVERGENCE.
 FCN=14.9637 FROM MIGRAD    STATUS=CALL LIMIT   1160 CALLS        7276 TOTAL
                     EDM=9.69728e-05    STRATEGY= 1  ERROR MATRIX UNCERTAINTY  47.7 per cent
  EXT PARAMETER                APPROXIMATE        STEP         FIRST   
  NO.   NAME      VALUE            ERROR          SIZE      DERIVATIVE 
   1  N0           2.87981e+06     fixed    
   2  tau          6.44131e+01   constant   
   3  A0           3.17892e-01     fixed    
   4  phi          4.18076e+00     fixed    
   5  R           -6.09726e+01   constant   
   6  alpha_CBO   -3.84844e-03     fixed    
   7  w_CBO        2.32500e+00   constant   
   8  beta_CBO    -6.40620e-03     fixed    
   9  alpha_2CBO   7.59267e-03     fixed    
  10  beta_2CBO    2.77172e-03   3.04237e-04   1.66995e-07   9.41582e-01
  11  alpha_y      6.98247e-04   1.63011e-04  -7.66094e-08  -6.90400e+00
  12  w_y          1.44500e+01   constant   
  13  beta_y      -2.18128e-03     fixed    
  14  alpha_vw     0.00000e+00     fixed    
  15  w_vw         1.29000e+01   constant   
  16  beta_vw      0.00000e+00     fixed    
  17  LM           2.63157e-04   constant   
  18  zeta_y       0.00000e+00   constant   
  19  zeta_vw      0.00000e+00   constant   
  20  T_CBO        5.91123e+02   7.76736e+02  -9.76493e-03  -1.75239e-01
  21  alpha_A0    -8.79558e-02   1.11722e-02  -5.30730e-05   1.91959e+00
  22  beta_A0     -2.64034e-01   3.35391e-02  -1.51954e-04   6.55802e+00
  23  alpha_phi   -1.90623e-01   2.36078e-02  -1.08796e-04   6.03662e+00
  24  beta_phi    -1.89430e-02   2.32783e-03  -1.17216e-05  -3.47914e+00
 EXTERNAL ERROR MATRIX.    NDIM=  25    NPAR=  7    ERR DEF=1
  9.256e-08  5.857e-09 -8.400e-02 -7.529e-07 -2.921e-06 -1.592e-06 -1.657e-07 
  5.857e-09  2.657e-08  1.945e-03  2.863e-08  6.739e-08  8.534e-08  1.835e-09 
 -8.400e-02  1.945e-03  1.112e+06  1.171e+01  3.533e+01  2.485e+01  2.328e+00 
 -7.529e-07  2.863e-08  1.171e+01  1.248e-04  3.722e-04  2.629e-04  2.485e-05 
