 + ++++++++++++++++++++++++++++++++++++++++++++++++++++++++++++++++++++ +
 +                                                                      +
 +           You have chose to blind your fitting according to          +
 +                omega_ref * (1 + (R +/- deltaR) *10^{-6})             +
 +                                                                      +
 + ++++++++++++++++++++++++++++++++++++++++++++++++++++++++++++++++++++ +
In main()...
reading format from /gm2data/zkhechad/run45/envelope/formats/formatB_sBin_constraintOn.txt
pBinTau 	= 0  
pBinPhi 	= 0  
constraintau 	= 1 
includeMopTerm 	= 0    
constrainMop    = 0   
Parameters after format file: pBinTau 0 pBinPhi 0 constraintau 1 includeMopTerm 0 constrainMop 0 c_e_scale 0.000000 
Opening file /gm2data/tbarrett/gm2fr/studies/run23_bunch_corrections/CorrectedFourier_Run3b.root.
reading full fit data from /gm2data/zkhechad/cboTemplates/Run4CBOTemplates/templateFits0_v2.0/noRF/sBin_constraintOn_cE0.0_seed0_noRF_calo1.root
windowBins = 69
fitting sliding window 1278 from bin 1414 at 210.819600 to bin 1483 at 221.263600 (69 bins)

Reading data from /gm2data/cornell/histograms/aMethod/histogram_a_noRF.root
 **********
 **    1 **SET PRINTOUT            1
 **********
 **********
 **    2 **SET NOWARNINGS 
 **********
 PARAMETER DEFINITIONS:
    NO.   NAME         VALUE      STEP SIZE      LIMITS
     1 N0           3.52746e+06  1.00000e+02     no limits
     2 tau          6.44358e+01  constant
     3 A0           3.54698e-01  1.00000e-04     no limits
     4 phi          4.12308e+00  1.00000e-02     no limits
     5 R           -6.05970e+01  constant
     6 alpha_CBO    0.00000e+00  1.00000e-03     no limits
     7 w_CBO        2.32500e+00  constant
     8 beta_CBO     0.00000e+00  1.00000e-03     no limits
     9 alpha_2CBO   0.00000e+00  1.00000e-03     no limits
    10 beta_2CBO    0.00000e+00  1.00000e-03     no limits
    11 alpha_y      0.00000e+00  1.00000e-03     no limits
    12 w_y          1.44500e+01  constant
    13 beta_y       0.00000e+00  1.00000e-03     no limits
    14 alpha_vw     0.00000e+00  1.00000e-03     no limits
    15 w_vw         1.29000e+01  constant
    16 beta_vw      0.00000e+00  1.00000e-03     no limits
    17 LM           1.14256e-03  constant
    18 zeta_y       0.00000e+00  constant
    19 zeta_vw      0.00000e+00  constant
    20 T_CBO        1.00000e+02  1.00000e+00    0.00000e+00  1.00000e+03
    21 alpha_A0     0.00000e+00  1.00000e-03     no limits
    22 beta_A0      0.00000e+00  1.00000e-03     no limits
    23 alpha_phi    0.00000e+00  1.00000e-03     no limits
    24 beta_phi     0.00000e+00  1.00000e-03     no limits
MINUIT - FIT ONLY WIGGLE
 **********
 **    3 **FIX            5
 **********
 PARAMETER    5  IS CONSTANT.   IGNORED.
 **********
 **    4 **FIX            6
 **********
 **********
 **    5 **FIX            7
 **********
 PARAMETER    7  IS CONSTANT.   IGNORED.
 **********
 **    6 **FIX            8
 **********
 **********
 **    7 **FIX            9
 **********
 **********
 **    8 **FIX           10
 **********
 **********
 **    9 **FIX           11
 **********
 **********
 **   10 **FIX           12
 **********
 PARAMETER   12  IS CONSTANT.   IGNORED.
 **********
 **   11 **FIX           13
 **********
 **********
 **   12 **FIX           14
 **********
 **********
 **   13 **FIX           15
 **********
 PARAMETER   15  IS CONSTANT.   IGNORED.
 **********
 **   14 **FIX           16
 **********
 **********
 **   15 **MIGRAD
 **********
 FIRST CALL TO USER FUNCTION AT NEW START POINT, WITH IFLAG=4.
 START MIGRAD MINIMIZATION.  STRATEGY  1.  CONVERGENCE WHEN EDM .LT. 1.00e-04
 FCN=217.326 FROM MIGRAD    STATUS=INITIATE      437 CALLS         438 TOTAL
                     EDM= unknown      STRATEGY= 1      NO ERROR MATRIX       
  EXT PARAMETER               CURRENT GUESS       STEP         FIRST   
  NO.   NAME      VALUE            ERROR          SIZE      DERIVATIVE 
   1  N0           3.52746e+06   1.00000e+02   0.00000e+00  -1.68115e-03
   2  tau          6.44358e+01   constant   
   3  A0           3.54698e-01   1.00000e-04   0.00000e+00  -9.18213e+03
   4  phi          4.12308e+00   1.00000e-02   0.00000e+00   6.92838e+03
   5  R           -6.05970e+01   constant   
   6  alpha_CBO    0.00000e+00     fixed    
   7  w_CBO        2.32500e+00   constant   
   8  beta_CBO     0.00000e+00     fixed    
   9  alpha_2CBO   0.00000e+00     fixed    
  10  beta_2CBO    0.00000e+00     fixed    
  11  alpha_y      0.00000e+00     fixed    
  12  w_y          1.44500e+01   constant   
  13  beta_y       0.00000e+00     fixed    
  14  alpha_vw     0.00000e+00     fixed    
  15  w_vw         1.29000e+01   constant   
  16  beta_vw      0.00000e+00     fixed    
  17  LM           1.14256e-03   constant   
  18  zeta_y       0.00000e+00   constant   
  19  zeta_vw      0.00000e+00   constant   
  20  T_CBO        1.00000e+02   1.00000e+00   0.00000e+00   0.00000e+00
  21  alpha_A0     0.00000e+00   1.00000e-03   0.00000e+00  -2.62180e+01
  22  beta_A0      0.00000e+00   1.00000e-03   0.00000e+00   2.11899e+02
  23  alpha_phi    0.00000e+00   1.00000e-03   0.00000e+00   3.94131e+01
  24  beta_phi     0.00000e+00   1.00000e-03   0.00000e+00  -1.44473e+01
 MIGRAD MINIMIZATION HAS CONVERGED.
 FCN=206.005 FROM MIGRAD    STATUS=CONVERGED    1258 CALLS        1259 TOTAL
                     EDM=4.82329e-06    STRATEGY= 1  ERROR MATRIX UNCERTAINTY   2.2 per cent
  EXT PARAMETER                                   STEP         FIRST   
  NO.   NAME      VALUE            ERROR          SIZE      DERIVATIVE 
   1  N0           3.52734e+06   7.99539e+02  -1.35793e+00  -1.29250e-06
   2  tau          6.44358e+01   constant   
   3  A0           3.55113e-01   2.94370e-04  -1.90501e-07  -2.45721e+00
   4  phi          4.12070e+00   8.38158e-04  -5.80176e-07  -2.67883e-01
   5  R           -6.05970e+01   constant   
   6  alpha_CBO    0.00000e+00     fixed    
   7  w_CBO        2.32500e+00   constant   
   8  beta_CBO     0.00000e+00     fixed    
   9  alpha_2CBO   0.00000e+00     fixed    
  10  beta_2CBO    0.00000e+00     fixed    
  11  alpha_y      0.00000e+00     fixed    
  12  w_y          1.44500e+01   constant   
  13  beta_y       0.00000e+00     fixed    
  14  alpha_vw     0.00000e+00     fixed    
  15  w_vw         1.29000e+01   constant   
  16  beta_vw      0.00000e+00     fixed    
  17  LM           1.14256e-03   constant   
  18  zeta_y       0.00000e+00   constant   
  19  zeta_vw      0.00000e+00   constant   
  20  T_CBO        9.99889e+02   8.11896e+02   9.76835e-02  -8.24040e-05
  21  alpha_A0     8.35982e-04   1.68616e-03  -3.06817e-06   3.49137e-03
  22  beta_A0     -1.51908e-03   1.75434e-03   1.19373e-06   1.32230e+00
  23  alpha_phi   -4.93225e-04   1.61324e-03   1.91510e-06   1.94910e+00
  24  beta_phi    -5.56464e-04   1.74915e-03   8.64966e-07   3.30118e-01
 EXTERNAL ERROR MATRIX.    NDIM=  25    NPAR=  8    ERR DEF=1
  6.393e+05 -8.795e-03  1.182e-01 -6.918e+03 -1.341e-01  3.133e-01  3.149e-01  3.165e-01 
 -8.795e-03  8.665e-08  2.100e-09 -1.039e-03  6.450e-08  8.821e-10  3.829e-08 -8.660e-08 
  1.182e-01  2.100e-09  7.025e-07 -3.257e-03 -7.139e-08  6.413e-08  2.052e-07  5.817e-08 
 -6.918e+03 -1.039e-03 -3.257e-03  6.015e+04 -4.027e-02  8.795e-02  3.715e-02  4.328e-02 
 -1.341e-01  6.450e-08 -7.139e-08 -4.027e-02  2.843e-06  5.030e-07  3.645e-07  2.169e-07 
  3.133e-01  8.821e-10  6.413e-08  8.795e-02  5.030e-07  3.078e-06  5.350e-07  8.779e-07 
  3.149e-01  3.829e-08  2.052e-07  3.715e-02  3.645e-07  5.350e-07  2.603e-06  3.714e-07 
  3.165e-01 -8.660e-08  5.817e-08  4.328e-02  2.169e-07  8.779e-07  3.714e-07  3.060e-06 
 PARAMETER  CORRELATION COEFFICIENTS  
       NO.  GLOBAL      1      3      4     20     21     22     23     24
        1  0.41544   1.000 -0.037  0.176 -0.035 -0.099  0.223  0.244  0.226
        3  0.23792  -0.037  1.000  0.009 -0.014  0.130  0.002  0.081 -0.168
        4  0.21749   0.176  0.009  1.000 -0.016 -0.051  0.044  0.152  0.040
       20  0.29102  -0.035 -0.014 -0.016  1.000 -0.097  0.204  0.094  0.101
       21  0.33565  -0.099  0.130 -0.051 -0.097  1.000  0.170  0.134  0.074
       22  0.43062   0.223  0.002  0.044  0.204  0.170  1.000  0.189  0.286
       23  0.35526   0.244  0.081  0.152  0.094  0.134  0.189  1.000  0.132
       24  0.38389   0.226 -0.168  0.040  0.101  0.074  0.286  0.132  1.000
MINUIT - FIT ONLY 1-CBO + wiggle
 **********
 **   16 **RES 
 **********
                   PARAMETER   16  beta_vw RESTORED TO VARIABLE.
                   PARAMETER   14  alpha_vw RESTORED TO VARIABLE.
                   PARAMETER   13  beta_y RESTORED TO VARIABLE.
                   PARAMETER   11  alpha_y RESTORED TO VARIABLE.
                   PARAMETER   10  beta_2CBO RESTORED TO VARIABLE.
                   PARAMETER    9  alpha_2CBO RESTORED TO VARIABLE.
                   PARAMETER    8  beta_CBO RESTORED TO VARIABLE.
                   PARAMETER    6  alpha_CBO RESTORED TO VARIABLE.
 **********
 **   17 **FIX            8
 **********
 **********
 **   18 **FIX            9
 **********
 **********
 **   19 **FIX           11
 **********
 **********
 **   20 **FIX           12
 **********
 PARAMETER   12  IS CONSTANT.   IGNORED.
 **********
 **   21 **FIX           14
 **********
 **********
 **   22 **FIX           15
 **********
 PARAMETER   15  IS CONSTANT.   IGNORED.
 **********
 **   23 **FIX           16
 **********
 **********
 **   24 **MIGRAD
 **********
 START MIGRAD MINIMIZATION.  STRATEGY  1.  CONVERGENCE WHEN EDM .LT. 1.00e-04
 FCN=206.005 FROM MIGRAD    STATUS=INITIATE       28 CALLS        1287 TOTAL
                     EDM= unknown      STRATEGY= 1      NO ERROR MATRIX       
  EXT PARAMETER               CURRENT GUESS       STEP         FIRST   
  NO.   NAME      VALUE            ERROR          SIZE      DERIVATIVE 
   1  N0           3.52734e+06   7.99539e+02  -1.35793e+00  -1.29250e-06
   2  tau          6.44358e+01   constant   
   3  A0           3.55113e-01   2.94370e-04  -1.90501e-07  -2.45721e+00
   4  phi          4.12070e+00   8.38158e-04  -5.80176e-07  -2.67882e-01
   5  R           -6.05970e+01   constant   
   6  alpha_CBO    0.00000e+00   1.00000e-03   1.00000e-03   3.30817e+04
   7  w_CBO        2.32500e+00   constant   
   8  beta_CBO     0.00000e+00     fixed    
   9  alpha_2CBO   0.00000e+00     fixed    
  10  beta_2CBO    0.00000e+00   1.00000e-03   1.00000e-03   7.76976e+03
  11  alpha_y      0.00000e+00     fixed    
  12  w_y          1.44500e+01   constant   
  13  beta_y       0.00000e+00   1.00000e-03   1.00000e-03   1.11462e+04
  14  alpha_vw     0.00000e+00     fixed    
  15  w_vw         1.29000e+01   constant   
  16  beta_vw      0.00000e+00     fixed    
  17  LM           1.14256e-03   constant   
  18  zeta_y       0.00000e+00   constant   
  19  zeta_vw      0.00000e+00   constant   
  20  T_CBO        9.99889e+02   8.11896e+02   9.76835e-02  -8.25686e-05
  21  alpha_A0     8.35982e-04   1.68616e-03  -3.06817e-06   3.48786e-03
  22  beta_A0     -1.51908e-03   1.75434e-03   1.19373e-06   1.32229e+00
  23  alpha_phi   -4.93225e-04   1.61324e-03   1.91510e-06   1.94910e+00
  24  beta_phi    -5.56464e-04   1.74915e-03   8.64966e-07   3.30118e-01
 MIGRAD MINIMIZATION HAS CONVERGED.
 FCN=175.006 FROM MIGRAD    STATUS=CONVERGED     205 CALLS        1464 TOTAL
                     EDM=2.08849e-06    STRATEGY= 1  ERROR MATRIX UNCERTAINTY   2.8 per cent
  EXT PARAMETER                                   STEP         FIRST   
  NO.   NAME      VALUE            ERROR          SIZE      DERIVATIVE 
   1  N0           3.52717e+06   8.00764e+02   1.67068e-01   1.59882e-07
   2  tau          6.44358e+01   constant   
   3  A0           3.54814e-01   3.15859e-04   2.89436e-07  -9.85197e-01
   4  phi          4.12105e+00   8.27073e-04  -5.31442e-07   1.19308e+00
   5  R           -6.05970e+01   constant   
   6  alpha_CBO   -1.63075e-03   3.14780e-04  -1.45092e-07   1.57819e+00
   7  w_CBO        2.32500e+00   constant   
   8  beta_CBO     0.00000e+00     fixed    
   9  alpha_2CBO   0.00000e+00     fixed    
  10  beta_2CBO   -3.42123e-04   2.92479e-04  -2.45895e-07  -6.60549e-01
  11  alpha_y      0.00000e+00     fixed    
  12  w_y          1.44500e+01   constant   
  13  beta_y      -4.84028e-04   3.08848e-04   7.19620e-07  -3.19991e+00
  14  alpha_vw     0.00000e+00     fixed    
  15  w_vw         1.29000e+01   constant   
  16  beta_vw      0.00000e+00     fixed    
  17  LM           1.14256e-03   constant   
  18  zeta_y       0.00000e+00   constant   
  19  zeta_vw      0.00000e+00   constant   
  20  T_CBO        9.99899e+02   5.04148e+02  -5.55879e-02   7.05422e-05
  21  alpha_A0    -7.73685e-04   1.55541e-03   3.62987e-06  -1.28458e-02
  22  beta_A0     -1.61673e-03   1.45081e-03   2.20028e-06   1.15354e+00
  23  alpha_phi   -8.31875e-04   1.39896e-03   2.69827e-06   1.10511e+00
  24  beta_phi    -4.92919e-04   1.56568e-03  -6.49612e-07   2.02052e-01
 EXTERNAL ERROR MATRIX.    NDIM=  25    NPAR= 11    ERR DEF=1
  6.412e+05 
 -2.052e-02  9.977e-08 
  8.152e-02 -1.188e-08  6.841e-07 
  1.324e-02  1.664e-08 -1.958e-08  9.909e-08 
 -6.365e-04  5.248e-09  5.359e-09  7.387e-10  8.554e-08 
 -9.083e-03  7.906e-10 -1.152e-08 -2.504e-09 -1.751e-10  9.539e-08 
 -1.985e+03 -9.906e-04 -8.015e-03 -2.585e-04  1.539e-04  7.772e-04  3.654e+04 
 -1.150e-01  7.278e-08 -3.987e-08  8.994e-08  2.537e-08  6.625e-09 -4.977e-02  2.419e-06 
  2.457e-01 -2.074e-08  1.240e-07  9.277e-09  1.356e-08 -2.474e-08 -1.308e-01 -3.154e-07  2.105e-06 
  1.450e-01  2.788e-09  4.720e-08  2.007e-08  2.801e-08 -2.496e-08 -7.937e-02 -1.329e-07  4.959e-08  1.957e-06 
  2.566e-01 -8.523e-08  7.143e-08 -1.049e-08  3.385e-08 -6.057e-09 -3.944e-02 -3.995e-07  3.329e-07  6.378e-08  2.451e-06 
 PARAMETER  CORRELATION COEFFICIENTS  
       NO.  GLOBAL      1      3      4      6     10     13     20     21     22     23     24
        1  0.35881   1.000 -0.081  0.123  0.053 -0.003 -0.037 -0.013 -0.092  0.211  0.129  0.205
        3  0.26958  -0.081  1.000 -0.045  0.167  0.057  0.008 -0.016  0.148 -0.045  0.006 -0.172
        4  0.17759   0.123 -0.045  1.000 -0.075  0.022 -0.045 -0.051 -0.031  0.103  0.041  0.055
        6  0.27687   0.053  0.167 -0.075  1.000  0.008 -0.026 -0.004  0.184  0.020  0.046 -0.021
       10  0.16819  -0.003  0.057  0.022  0.008  1.000 -0.002  0.003  0.056  0.032  0.068  0.074
       13  0.09793  -0.037  0.008 -0.045 -0.026 -0.002  1.000  0.013  0.014 -0.055 -0.058 -0.013
       20  0.63443  -0.013 -0.016 -0.051 -0.004  0.003  0.013  1.000 -0.167 -0.472 -0.297 -0.132
       21  0.43461  -0.092  0.148 -0.031  0.184  0.056  0.014 -0.167  1.000 -0.140 -0.061 -0.164
       22  0.58961   0.211 -0.045  0.103  0.020  0.032 -0.055 -0.472 -0.140  1.000  0.024  0.147
       23  0.41394   0.129  0.006  0.041  0.046  0.068 -0.058 -0.297 -0.061  0.024  1.000  0.029
       24  0.34483   0.205 -0.172  0.055 -0.021  0.074 -0.013 -0.132 -0.164  0.147  0.029  1.000
MINUIT - FIT ONLY 2-CBO
 **********
 **   25 **RES 
 **********
                   PARAMETER   16  beta_vw RESTORED TO VARIABLE.
                   PARAMETER   14  alpha_vw RESTORED TO VARIABLE.
                   PARAMETER   11  alpha_y RESTORED TO VARIABLE.
                   PARAMETER    9  alpha_2CBO RESTORED TO VARIABLE.
                   PARAMETER    8  beta_CBO RESTORED TO VARIABLE.
 **********
 **   26 **FIX            0
 **********
 PARAMETER    0  IS UNDEFINED. IGNORED.
 **********
 **   27 **FIX            1
 **********
 **********
 **   28 **FIX            2
 **********
 PARAMETER    2  IS CONSTANT.   IGNORED.
 **********
 **   29 **FIX            3
 **********
 **********
 **   30 **FIX            4
 **********
 **********
 **   31 **FIX            5
 **********
 PARAMETER    5  IS CONSTANT.   IGNORED.
 **********
 **   32 **FIX            6
 **********
 **********
 **   33 **FIX            7
 **********
 PARAMETER    7  IS CONSTANT.   IGNORED.
 **********
 **   34 **FIX           10
 **********
 **********
 **   35 **FIX           11
 **********
 **********
 **   36 **FIX           12
 **********
 PARAMETER   12  IS CONSTANT.   IGNORED.
 **********
 **   37 **FIX           13
 **********
 **********
 **   38 **FIX           14
 **********
 **********
 **   39 **FIX           15
 **********
 PARAMETER   15  IS CONSTANT.   IGNORED.
 **********
 **   40 **FIX           16
 **********
 **********
 **   41 **MIGRAD
 **********
 START MIGRAD MINIMIZATION.  STRATEGY  1.  CONVERGENCE WHEN EDM .LT. 1.00e-04
 FCN=175.006 FROM MIGRAD    STATUS=INITIATE       18 CALLS        1482 TOTAL
                     EDM= unknown      STRATEGY= 1      NO ERROR MATRIX       
  EXT PARAMETER               CURRENT GUESS       STEP         FIRST   
  NO.   NAME      VALUE            ERROR          SIZE      DERIVATIVE 
   1  N0           3.52717e+06     fixed    
   2  tau          6.44358e+01   constant   
   3  A0           3.54814e-01     fixed    
   4  phi          4.12105e+00     fixed    
   5  R           -6.05970e+01   constant   
   6  alpha_CBO   -1.63075e-03     fixed    
   7  w_CBO        2.32500e+00   constant   
   8  beta_CBO     0.00000e+00   1.00000e-03   1.00000e-03  -7.23203e+04
   9  alpha_2CBO   0.00000e+00   1.00000e-03   1.00000e-03  -6.38331e+02
  10  beta_2CBO   -3.42123e-04     fixed    
  11  alpha_y      0.00000e+00     fixed    
  12  w_y          1.44500e+01   constant   
  13  beta_y      -4.84028e-04     fixed    
  14  alpha_vw     0.00000e+00     fixed    
  15  w_vw         1.29000e+01   constant   
  16  beta_vw      0.00000e+00     fixed    
  17  LM           1.14256e-03   constant   
  18  zeta_y       0.00000e+00   constant   
  19  zeta_vw      0.00000e+00   constant   
  20  T_CBO        9.99899e+02   5.04148e+02  -5.55879e-02  -6.73568e-05
  21  alpha_A0    -7.73685e-04   1.55541e-03   3.62987e-06  -1.28396e-02
  22  beta_A0     -1.61673e-03   1.45081e-03   2.20028e-06   1.15355e+00
  23  alpha_phi   -8.31875e-04   1.39896e-03   2.69827e-06   1.10511e+00
  24  beta_phi    -4.92919e-04   1.56568e-03  -6.49612e-07   2.02052e-01
 MIGRAD MINIMIZATION HAS CONVERGED.
 MIGRAD WILL VERIFY CONVERGENCE AND ERROR MATRIX.
 COVARIANCE MATRIX CALCULATED SUCCESSFULLY
 FCN=56.8132 FROM MIGRAD    STATUS=CONVERGED     175 CALLS        1639 TOTAL
                     EDM=2.78714e-06    STRATEGY= 1      ERROR MATRIX ACCURATE 
  EXT PARAMETER                                   STEP         FIRST   
  NO.   NAME      VALUE            ERROR          SIZE      DERIVATIVE 
   1  N0           3.52717e+06     fixed    
   2  tau          6.44358e+01   constant   
   3  A0           3.54814e-01     fixed    
   4  phi          4.12105e+00     fixed    
   5  R           -6.05970e+01   constant   
   6  alpha_CBO   -1.63075e-03     fixed    
   7  w_CBO        2.32500e+00   constant   
   8  beta_CBO     3.26941e-03   3.00748e-04   1.10309e-06  -1.17693e-01
   9  alpha_2CBO  -8.45795e-05   3.05670e-04   1.11004e-06   2.27884e-01
  10  beta_2CBO   -3.42123e-04     fixed    
  11  alpha_y      0.00000e+00     fixed    
  12  w_y          1.44500e+01   constant   
  13  beta_y      -4.84028e-04     fixed    
  14  alpha_vw     0.00000e+00     fixed    
  15  w_vw         1.29000e+01   constant   
  16  beta_vw      0.00000e+00     fixed    
  17  LM           1.14256e-03   constant   
  18  zeta_y       0.00000e+00   constant   
  19  zeta_vw      0.00000e+00   constant   
  20  T_CBO        9.99772e+02   9.78811e+02   1.10620e-01  -7.50195e-05
  21  alpha_A0    -2.34001e-04   1.49671e-03   5.51035e-06   3.83873e-01
  22  beta_A0      5.95126e-04   1.43862e-03   5.21457e-06  -2.26157e-01
  23  alpha_phi   -9.87645e-04   1.42460e-03   5.22807e-06   4.45322e-01
  24  beta_phi    -1.03423e-03   1.49618e-03   5.48145e-06   2.02097e-01
 EXTERNAL ERROR MATRIX.    NDIM=  25    NPAR=  7    ERR DEF=1
  9.045e-08 -3.176e-09  5.152e-06  1.499e-08  6.177e-08 -4.698e-09 -1.408e-08 
 -3.176e-09  9.343e-08 -1.574e-05 -2.786e-08 -5.156e-08  5.345e-08 -5.163e-08 
  5.152e-06 -1.574e-05  1.766e+05 -6.848e-03  1.900e-02 -3.098e-02 -3.234e-02 
  1.499e-08 -2.786e-08 -6.848e-03  2.240e-06 -1.305e-07 -4.569e-08 -1.699e-07 
  6.177e-08 -5.156e-08  1.900e-02 -1.305e-07  2.070e-06 -1.746e-07  1.404e-07 
 -4.698e-09  5.345e-08 -3.098e-02 -4.569e-08 -1.746e-07  2.029e-06 -2.461e-08 
 -1.408e-08 -5.163e-08 -3.234e-02 -1.699e-07  1.404e-07 -2.461e-08  2.239e-06 
 PARAMETER  CORRELATION COEFFICIENTS  
       NO.  GLOBAL      8      9     20     21     22     23     24
        8  0.15493   1.000 -0.035  0.000  0.033  0.143 -0.011 -0.031
        9  0.20793  -0.035  1.000 -0.000 -0.061 -0.117  0.123 -0.113
       20  0.08102   0.000 -0.000  1.000 -0.011  0.031 -0.052 -0.051
       21  0.12919   0.033 -0.061 -0.011  1.000 -0.061 -0.021 -0.076
       22  0.21649   0.143 -0.117  0.031 -0.061  1.000 -0.085  0.065
       23  0.15162  -0.011  0.123 -0.052 -0.021 -0.085  1.000 -0.012
       24  0.16218  -0.031 -0.113 -0.051 -0.076  0.065 -0.012  1.000
MINUIT - FIT wiggle + 1-CBO + 2-CBO
 **********
 **   42 **RES 
 **********
                   PARAMETER   16  beta_vw RESTORED TO VARIABLE.
                   PARAMETER   14  alpha_vw RESTORED TO VARIABLE.
                   PARAMETER   13  beta_y RESTORED TO VARIABLE.
                   PARAMETER   11  alpha_y RESTORED TO VARIABLE.
                   PARAMETER   10  beta_2CBO RESTORED TO VARIABLE.
                   PARAMETER    6  alpha_CBO RESTORED TO VARIABLE.
                   PARAMETER    4  phi RESTORED TO VARIABLE.
                   PARAMETER    3  A0 RESTORED TO VARIABLE.
                   PARAMETER    1  N0 RESTORED TO VARIABLE.
 **********
 **   43 **FIX           10
 **********
 **********
 **   44 **FIX           11
 **********
 **********
 **   45 **FIX           12
 **********
 PARAMETER   12  IS CONSTANT.   IGNORED.
 **********
 **   46 **FIX           13
 **********
 **********
 **   47 **FIX           14
 **********
 **********
 **   48 **FIX           15
 **********
 PARAMETER   15  IS CONSTANT.   IGNORED.
 **********
 **   49 **FIX           16
 **********
 **********
 **   50 **MIGRAD
 **********
 START MIGRAD MINIMIZATION.  STRATEGY  1.  CONVERGENCE WHEN EDM .LT. 1.00e-04
 FCN=56.8132 FROM MIGRAD    STATUS=INITIATE       22 CALLS        1661 TOTAL
                     EDM= unknown      STRATEGY= 1      NO ERROR MATRIX       
  EXT PARAMETER               CURRENT GUESS       STEP         FIRST   
  NO.   NAME      VALUE            ERROR          SIZE      DERIVATIVE 
   1  N0           3.52717e+06   8.00764e+02   8.00764e+02  -3.05961e-05
   2  tau          6.44358e+01   constant   
   3  A0           3.54814e-01   3.15859e-04   3.15859e-04  -1.19976e+04
   4  phi          4.12105e+00   8.27073e-04   8.27073e-04  -4.50224e+03
   5  R           -6.05970e+01   constant   
   6  alpha_CBO   -1.63075e-03   3.14780e-04   3.14780e-04   1.88291e+03
   7  w_CBO        2.32500e+00   constant   
   8  beta_CBO     3.26941e-03   3.00748e-04   1.10309e-06  -1.17691e-01
   9  alpha_2CBO  -8.45795e-05   3.05670e-04   1.11004e-06   2.27885e-01
  10  beta_2CBO   -3.42123e-04     fixed    
  11  alpha_y      0.00000e+00     fixed    
  12  w_y          1.44500e+01   constant   
  13  beta_y      -4.84028e-04     fixed    
  14  alpha_vw     0.00000e+00     fixed    
  15  w_vw         1.29000e+01   constant   
  16  beta_vw      0.00000e+00     fixed    
  17  LM           1.14256e-03   constant   
  18  zeta_y       0.00000e+00   constant   
  19  zeta_vw      0.00000e+00   constant   
  20  T_CBO        9.99772e+02   9.78811e+02   1.10620e-01  -7.58759e-05
  21  alpha_A0    -2.34001e-04   1.49671e-03   5.51035e-06   3.83901e-01
  22  beta_A0      5.95126e-04   1.43862e-03   5.21457e-06  -2.26192e-01
  23  alpha_phi   -9.87645e-04   1.42460e-03   5.22807e-06   4.45322e-01
  24  beta_phi    -1.03423e-03   1.49618e-03   5.48145e-06   2.02097e-01
 MIGRAD MINIMIZATION HAS CONVERGED.
 MIGRAD WILL VERIFY CONVERGENCE AND ERROR MATRIX.
 COVARIANCE MATRIX CALCULATED SUCCESSFULLY
 FCN=49.4586 FROM MIGRAD    STATUS=CONVERGED     245 CALLS        1884 TOTAL
                     EDM=5.67228e-06    STRATEGY= 1      ERROR MATRIX ACCURATE 
  EXT PARAMETER                                   STEP         FIRST   
  NO.   NAME      VALUE            ERROR          SIZE      DERIVATIVE 
   1  N0           3.52737e+06   8.03233e+02   2.57807e+00   8.89022e-07
   2  tau          6.44358e+01   constant   
   3  A0           3.55391e-01   3.11145e-04   1.01026e-06  -3.67290e+00
   4  phi          4.12276e+00   8.56212e-04   2.84884e-06   1.69835e+00
   5  R           -6.05970e+01   constant   
   6  alpha_CBO   -1.66846e-03   3.16507e-04   1.05461e-06   5.15738e+00
   7  w_CBO        2.32500e+00   constant   
   8  beta_CBO     3.47207e-03   3.09873e-04   1.03052e-06  -2.17687e+00
   9  alpha_2CBO  -4.29822e-05   3.07022e-04   1.03702e-06  -3.02316e+00
  10  beta_2CBO   -3.42123e-04     fixed    
  11  alpha_y      0.00000e+00     fixed    
  12  w_y          1.44500e+01   constant   
  13  beta_y      -4.84028e-04     fixed    
  14  alpha_vw     0.00000e+00     fixed    
  15  w_vw         1.29000e+01   constant   
  16  beta_vw      0.00000e+00     fixed    
  17  LM           1.14256e-03   constant   
  18  zeta_y       0.00000e+00   constant   
  19  zeta_vw      0.00000e+00   constant   
  20  T_CBO        9.99999e+02   6.67369e+02   7.01513e-02  -7.30205e-06
  21  alpha_A0    -6.43717e-05   1.54602e-03   5.14334e-06  -2.11157e-01
  22  beta_A0      6.38038e-04   1.46122e-03   4.86553e-06   4.66140e-01
  23  alpha_phi   -5.03953e-04   1.45364e-03   4.87534e-06   8.01347e-01
  24  beta_phi    -1.65504e-03   1.56406e-03   5.11232e-06   4.95365e-01
 EXTERNAL ERROR MATRIX.    NDIM=  25    NPAR= 11    ERR DEF=1
  6.452e+05 
 -9.421e-03  9.681e-08 
  1.153e-01  5.648e-09  7.331e-07 
  1.439e-02  1.871e-08 -2.501e-08  1.002e-07 
  4.891e-03  1.591e-08  4.710e-08 -1.122e-09  9.602e-08 
  6.191e-03  7.085e-09  2.179e-09  6.254e-09 -2.039e-09  9.426e-08 
  7.269e+00 -9.504e-07 -3.897e-06  1.485e-08 -8.402e-08 -4.272e-07  2.190e+02 
 -1.707e-01  7.560e-08 -9.182e-08  8.016e-08  1.980e-08 -2.095e-08 -8.272e-05  2.390e-06 
  2.131e-01 -9.080e-09  4.589e-08  1.003e-08  6.235e-08 -4.942e-08  7.024e-04 -1.855e-07  2.135e-06 
  2.082e-01  2.292e-08  1.575e-07  1.436e-08  8.392e-09  5.784e-08 -5.153e-04 -8.933e-08 -1.038e-07  2.113e-06 
  2.288e-01 -1.134e-07  1.627e-08 -2.081e-08 -3.171e-08 -5.777e-08 -1.749e-03 -3.166e-07  2.160e-07  1.500e-08  2.446e-06 
 PARAMETER  CORRELATION COEFFICIENTS  
       NO.  GLOBAL      1      3      4      6      8      9     20     21     22     23     24
        1  0.35966   1.000 -0.038  0.168  0.057  0.020  0.025  0.001 -0.137  0.182  0.178  0.182
        3  0.35167  -0.038  1.000  0.021  0.190  0.165  0.074 -0.000  0.157 -0.020  0.051 -0.233
        4  0.28243   0.168  0.021  1.000 -0.092  0.178  0.008 -0.000 -0.069  0.037  0.127  0.012
        6  0.27771   0.057  0.190 -0.092  1.000 -0.011  0.064  0.000  0.164  0.022  0.031 -0.042
        8  0.28404   0.020  0.165  0.178 -0.011  1.000 -0.021 -0.000  0.041  0.138  0.019 -0.065
        9  0.22729   0.025  0.074  0.008  0.064 -0.021  1.000 -0.000 -0.044 -0.110  0.130 -0.120
       20  0.09137   0.001 -0.000 -0.000  0.000 -0.000 -0.000  1.000 -0.004  0.032 -0.024 -0.076
       21  0.28286  -0.137  0.157 -0.069  0.164  0.041 -0.044 -0.004  1.000 -0.082 -0.040 -0.131
       22  0.27996   0.182 -0.020  0.037  0.022  0.138 -0.110  0.032 -0.082  1.000 -0.049  0.095
       23  0.25491   0.178  0.051  0.127  0.031  0.019  0.130 -0.024 -0.040 -0.049  1.000  0.007
       24  0.33453   0.182 -0.233  0.012 -0.042 -0.065 -0.120 -0.076 -0.131  0.095  0.007  1.000
MINUIT - FIT ONLY 1-y
 **********
 **   51 **RES 
 **********
                   PARAMETER   16  beta_vw RESTORED TO VARIABLE.
                   PARAMETER   14  alpha_vw RESTORED TO VARIABLE.
                   PARAMETER   13  beta_y RESTORED TO VARIABLE.
                   PARAMETER   11  alpha_y RESTORED TO VARIABLE.
                   PARAMETER   10  beta_2CBO RESTORED TO VARIABLE.
 **********
 **   52 **FIX            0
 **********
 PARAMETER    0  IS UNDEFINED. IGNORED.
 **********
 **   53 **FIX            1
 **********
 **********
 **   54 **FIX            2
 **********
 PARAMETER    2  IS CONSTANT.   IGNORED.
 **********
 **   55 **FIX            3
 **********
 **********
 **   56 **FIX            4
 **********
 **********
 **   57 **FIX            5
 **********
 PARAMETER    5  IS CONSTANT.   IGNORED.
 **********
 **   58 **FIX            6
 **********
 **********
 **   59 **FIX            7
 **********
 PARAMETER    7  IS CONSTANT.   IGNORED.
 **********
 **   60 **FIX            8
 **********
 **********
 **   61 **FIX            9
 **********
 **********
 **   62 **FIX           13
 **********
 **********
 **   63 **FIX           14
 **********
 **********
 **   64 **FIX           15
 **********
 PARAMETER   15  IS CONSTANT.   IGNORED.
 **********
 **   65 **FIX           16
 **********
 **********
 **   66 **MIGRAD
 **********
 START MIGRAD MINIMIZATION.  STRATEGY  1.  CONVERGENCE WHEN EDM .LT. 1.00e-04
 FCN=49.4586 FROM MIGRAD    STATUS=INITIATE       16 CALLS        1900 TOTAL
                     EDM= unknown      STRATEGY= 1      NO ERROR MATRIX       
  EXT PARAMETER               CURRENT GUESS       STEP         FIRST   
  NO.   NAME      VALUE            ERROR          SIZE      DERIVATIVE 
   1  N0           3.52737e+06     fixed    
   2  tau          6.44358e+01   constant   
   3  A0           3.55391e-01     fixed    
   4  phi          4.12276e+00     fixed    
   5  R           -6.05970e+01   constant   
   6  alpha_CBO   -1.66846e-03     fixed    
   7  w_CBO        2.32500e+00   constant   
   8  beta_CBO     3.47207e-03     fixed    
   9  alpha_2CBO  -4.29822e-05     fixed    
  10  beta_2CBO   -3.42123e-04   2.92479e-04   2.92479e-04  -4.68440e+03
  11  alpha_y      0.00000e+00   1.00000e-03   1.00000e-03  -2.73517e+03
  12  w_y          1.44500e+01   constant   
  13  beta_y      -4.84028e-04     fixed    
  14  alpha_vw     0.00000e+00     fixed    
  15  w_vw         1.29000e+01   constant   
  16  beta_vw      0.00000e+00     fixed    
  17  LM           1.14256e-03   constant   
  18  zeta_y       0.00000e+00   constant   
  19  zeta_vw      0.00000e+00   constant   
  20  T_CBO        9.99999e+02   6.67369e+02   7.01513e-02  -7.43949e-06
  21  alpha_A0    -6.43717e-05   1.54602e-03   5.14334e-06  -2.11150e-01
  22  beta_A0      6.38038e-04   1.46122e-03   4.86553e-06   4.66151e-01
  23  alpha_phi   -5.03953e-04   1.45364e-03   4.87534e-06   8.01347e-01
  24  beta_phi    -1.65504e-03   1.56406e-03   5.11232e-06   4.95365e-01
 MIGRAD MINIMIZATION HAS CONVERGED.
 MIGRAD WILL VERIFY CONVERGENCE AND ERROR MATRIX.
 COVARIANCE MATRIX CALCULATED SUCCESSFULLY
 FCN=48.7639 FROM MIGRAD    STATUS=CONVERGED     112 CALLS        1996 TOTAL
                     EDM=3.22221e-06    STRATEGY= 1      ERROR MATRIX ACCURATE 
  EXT PARAMETER                                   STEP         FIRST   
  NO.   NAME      VALUE            ERROR          SIZE      DERIVATIVE 
   1  N0           3.52737e+06     fixed    
   2  tau          6.44358e+01   constant   
   3  A0           3.55391e-01     fixed    
   4  phi          4.12276e+00     fixed    
   5  R           -6.05970e+01   constant   
   6  alpha_CBO   -1.66846e-03     fixed    
   7  w_CBO        2.32500e+00   constant   
   8  beta_CBO     3.47207e-03     fixed    
   9  alpha_2CBO  -4.29822e-05     fixed    
  10  beta_2CBO   -1.17105e-04   3.09966e-04   1.04054e-06  -9.76147e-01
  11  alpha_y      1.22609e-04   2.99265e-04   1.03051e-06   1.04466e+00
  12  w_y          1.44500e+01   constant   
  13  beta_y      -4.84028e-04     fixed    
  14  alpha_vw     0.00000e+00     fixed    
  15  w_vw         1.29000e+01   constant   
  16  beta_vw      0.00000e+00     fixed    
  17  LM           1.14256e-03   constant   
  18  zeta_y       0.00000e+00   constant   
  19  zeta_vw      0.00000e+00   constant   
  20  T_CBO        1.00000e+03   8.55230e+02   6.91159e-02** at limit **
  21  alpha_A0     9.95583e-05   1.50695e-03   5.10751e-06  -5.46938e-01
  22  beta_A0      5.56662e-04   1.41701e-03   4.83186e-06   7.54140e-01
  23  alpha_phi   -3.82078e-04   1.41855e-03   4.84172e-06  -2.33774e-01
  24  beta_phi    -1.53420e-03   1.49508e-03   5.07704e-06   1.29351e+00
 EXTERNAL ERROR MATRIX.    NDIM=  25    NPAR=  7    ERR DEF=1
  9.608e-08  3.691e-11  3.296e-09  6.553e-08 -3.385e-08  4.849e-08  5.160e-08 
  3.691e-11  8.956e-08  4.090e-11  7.990e-09 -1.844e-09  6.856e-09 -6.641e-10 
  3.296e-09  4.090e-11  1.216e-03  2.457e-07  1.540e-06 -9.669e-07 -4.082e-06 
  6.553e-08  7.990e-09  2.457e-07  2.271e-06 -1.764e-07  3.992e-10 -1.499e-07 
 -3.385e-08 -1.844e-09  1.540e-06 -1.764e-07  2.008e-06 -1.584e-07  9.874e-08 
  4.849e-08  6.856e-09 -9.669e-07  3.992e-10 -1.584e-07  2.012e-06  2.744e-08 
  5.160e-08 -6.641e-10 -4.082e-06 -1.499e-07  9.874e-08  2.744e-08  2.235e-06 
 PARAMETER  CORRELATION COEFFICIENTS  
       NO.  GLOBAL     10     11     20     21     22     23     24
       10  0.22405   1.000  0.000  0.000  0.140 -0.077  0.110  0.111
       11  0.02436   0.000  1.000  0.000  0.018 -0.004  0.016 -0.001
       20  0.08822   0.000  0.000  1.000  0.005  0.031 -0.020 -0.078
       21  0.17830   0.140  0.018  0.005  1.000 -0.083  0.000 -0.067
       22  0.14140  -0.077 -0.004  0.031 -0.083  1.000 -0.079  0.047
       23  0.13461   0.110  0.016 -0.020  0.000 -0.079  1.000  0.013
       24  0.16751   0.111 -0.001 -0.078 -0.067  0.047  0.013  1.000
MINUIT - FIT ONLY 2-y
 **********
 **   67 **RES 
 **********
                   PARAMETER   16  beta_vw RESTORED TO VARIABLE.
                   PARAMETER   14  alpha_vw RESTORED TO VARIABLE.
                   PARAMETER   13  beta_y RESTORED TO VARIABLE.
                   PARAMETER    9  alpha_2CBO RESTORED TO VARIABLE.
                   PARAMETER    8  beta_CBO RESTORED TO VARIABLE.
                   PARAMETER    6  alpha_CBO RESTORED TO VARIABLE.
                   PARAMETER    4  phi RESTORED TO VARIABLE.
                   PARAMETER    3  A0 RESTORED TO VARIABLE.
                   PARAMETER    1  N0 RESTORED TO VARIABLE.
 **********
 **   68 **FIX            0
 **********
 PARAMETER    0  IS UNDEFINED. IGNORED.
 **********
 **   69 **FIX            1
 **********
 **********
 **   70 **FIX            2
 **********
 PARAMETER    2  IS CONSTANT.   IGNORED.
 **********
 **   71 **FIX            3
 **********
 **********
 **   72 **FIX            4
 **********
 **********
 **   73 **FIX            5
 **********
 PARAMETER    5  IS CONSTANT.   IGNORED.
 **********
 **   74 **FIX            6
 **********
 **********
 **   75 **FIX            7
 **********
 PARAMETER    7  IS CONSTANT.   IGNORED.
 **********
 **   76 **FIX            8
 **********
 **********
 **   77 **FIX            9
 **********
 **********
 **   78 **FIX           10
 **********
 **********
 **   79 **FIX           11
 **********
 **********
 **   80 **FIX           12
 **********
 PARAMETER   12  IS CONSTANT.   IGNORED.
 **********
 **   81 **FIX           16
 **********
 **********
 **   82 **MIGRAD
 **********
 START MIGRAD MINIMIZATION.  STRATEGY  1.  CONVERGENCE WHEN EDM .LT. 1.00e-04
 FCN=48.7639 FROM MIGRAD    STATUS=INITIATE       16 CALLS        2012 TOTAL
                     EDM= unknown      STRATEGY= 1      NO ERROR MATRIX       
  EXT PARAMETER               CURRENT GUESS       STEP         FIRST   
  NO.   NAME      VALUE            ERROR          SIZE      DERIVATIVE 
   1  N0           3.52737e+06     fixed    
   2  tau          6.44358e+01   constant   
   3  A0           3.55391e-01     fixed    
   4  phi          4.12276e+00     fixed    
   5  R           -6.05970e+01   constant   
   6  alpha_CBO   -1.66846e-03     fixed    
   7  w_CBO        2.32500e+00   constant   
   8  beta_CBO     3.47207e-03     fixed    
   9  alpha_2CBO  -4.29822e-05     fixed    
  10  beta_2CBO   -1.17105e-04     fixed    
  11  alpha_y      1.22609e-04     fixed    
  12  w_y          1.44500e+01   constant   
  13  beta_y      -4.84028e-04   3.08848e-04   3.08848e-04  -1.25665e+03
  14  alpha_vw     0.00000e+00   1.00000e-03   1.00000e-03  -5.33928e+03
  15  w_vw         1.29000e+01   constant   
  16  beta_vw      0.00000e+00     fixed    
  17  LM           1.14256e-03   constant   
  18  zeta_y       0.00000e+00   constant   
  19  zeta_vw      0.00000e+00   constant   
  20  T_CBO        9.99999e+02   8.55230e+02   6.91159e-02  -9.14137e-06
  21  alpha_A0     9.95583e-05   1.50695e-03   5.10751e-06  -5.46899e-01
  22  beta_A0      5.56662e-04   1.41701e-03   4.83186e-06   7.54012e-01
  23  alpha_phi   -3.82078e-04   1.41855e-03   4.84172e-06  -2.33708e-01
  24  beta_phi    -1.53420e-03   1.49508e-03   5.07704e-06   1.29380e+00
 MIGRAD MINIMIZATION HAS CONVERGED.
 MIGRAD WILL VERIFY CONVERGENCE AND ERROR MATRIX.
 COVARIANCE MATRIX CALCULATED SUCCESSFULLY
 FCN=48.1182 FROM MIGRAD    STATUS=CONVERGED     116 CALLS        2112 TOTAL
                     EDM=3.13656e-07    STRATEGY= 1      ERROR MATRIX ACCURATE 
  EXT PARAMETER                                   STEP         FIRST   
  NO.   NAME      VALUE            ERROR          SIZE      DERIVATIVE 
   1  N0           3.52737e+06     fixed    
   2  tau          6.44358e+01   constant   
   3  A0           3.55391e-01     fixed    
   4  phi          4.12276e+00     fixed    
   5  R           -6.05970e+01   constant   
   6  alpha_CBO   -1.66846e-03     fixed    
   7  w_CBO        2.32500e+00   constant   
   8  beta_CBO     3.47207e-03     fixed    
   9  alpha_2CBO  -4.29822e-05     fixed    
  10  beta_2CBO   -1.17105e-04     fixed    
  11  alpha_y      1.22609e-04     fixed    
  12  w_y          1.44500e+01   constant   
  13  beta_y      -4.65914e-04   3.06023e-04   1.03281e-06  -3.37678e-01
  14  alpha_vw     2.37582e-04   3.04268e-04   1.02688e-06   8.42575e-02
  15  w_vw         1.29000e+01   constant   
  16  beta_vw      0.00000e+00     fixed    
  17  LM           1.14256e-03   constant   
  18  zeta_y       0.00000e+00   constant   
  19  zeta_vw      0.00000e+00   constant   
  20  T_CBO        1.00000e+03   9.06435e+02   6.72433e-02** at limit **
  21  alpha_A0     1.22846e-04   1.49209e-03   5.07417e-06  -3.83639e-01
  22  beta_A0      5.54376e-04   1.41276e-03   4.80039e-06   1.50775e-01
  23  alpha_phi   -3.66131e-04   1.40982e-03   4.81019e-06  -1.96865e-01
  24  beta_phi    -1.53995e-03   1.48602e-03   5.04400e-06   2.19739e-01
 EXTERNAL ERROR MATRIX.    NDIM=  25    NPAR=  7    ERR DEF=1
  9.365e-08 -1.525e-08  3.767e-10  3.651e-09  1.359e-09 -1.155e-09  9.469e-09 
 -1.525e-08  9.258e-08 -1.332e-10  7.732e-09 -9.075e-10  6.228e-09 -3.907e-09 
  3.767e-10 -1.332e-10  4.918e-04  1.933e-07  9.589e-07 -5.782e-07 -2.567e-06 
  3.651e-09  7.732e-09  1.933e-07  2.226e-06 -1.531e-07 -3.279e-08 -1.851e-07 
  1.359e-09 -9.075e-10  9.589e-07 -1.531e-07  1.996e-06 -1.411e-07  1.172e-07 
 -1.155e-09  6.228e-09 -5.782e-07 -3.279e-08 -1.411e-07  1.988e-06  9.356e-10 
  9.469e-09 -3.907e-09 -2.567e-06 -1.851e-07  1.172e-07  9.356e-10  2.208e-06 
 PARAMETER  CORRELATION COEFFICIENTS  
       NO.  GLOBAL     13     14     20     21     22     23     24
       13  0.16540   1.000 -0.164  0.000  0.008  0.003 -0.003  0.021
       14  0.16545  -0.164  1.000 -0.000  0.017 -0.002  0.015 -0.009
       20  0.08692   0.000 -0.000  1.000  0.006  0.031 -0.018 -0.078
       21  0.11160   0.008  0.017  0.006  1.000 -0.073 -0.016 -0.083
       22  0.11870   0.003 -0.002  0.031 -0.073  1.000 -0.071  0.056
       23  0.07704  -0.003  0.015 -0.018 -0.016 -0.071  1.000  0.000
       24  0.12716   0.021 -0.009 -0.078 -0.083  0.056  0.000  1.000
MINUIT - FIT ALTOGETHER
 **********
 **   83 **RES 
 **********
