 + ++++++++++++++++++++++++++++++++++++++++++++++++++++++++++++++++++++ +
 +                                                                      +
 +           You have chose to blind your fitting according to          +
 +                omega_ref * (1 + (R +/- deltaR) *10^{-6})             +
 +                                                                      +
 + ++++++++++++++++++++++++++++++++++++++++++++++++++++++++++++++++++++ +
In main()...
reading format from /gm2data/zkhechad/run45/envelope/formats/formatB_sBin_constraintOn.txt
pBinTau 	= 0  
pBinPhi 	= 0  
constraintau 	= 1 
includeMopTerm 	= 0    
constrainMop    = 0   
Parameters after format file: pBinTau 0 pBinPhi 0 constraintau 1 includeMopTerm 0 constrainMop 0 c_e_scale 0.000000 
Opening file /gm2data/tbarrett/gm2fr/studies/run23_bunch_corrections/CorrectedFourier_Run3b.root.
reading full fit data from /gm2data/zkhechad/cboTemplates/Run4CBOTemplates/templateFits0_v2.0/noRF/sBin_constraintOn_cE0.0_seed0_noRF_calo18.root
windowBins = 69
fitting sliding window 540 from bin 676 at 100.710000 to bin 745 at 111.154000 (69 bins)

Reading data from /gm2data/cornell/histograms/aMethod/histogram_a_noRF.root
 **********
 **    1 **SET PRINTOUT            1
 **********
 **********
 **    2 **SET NOWARNINGS 
 **********
 PARAMETER DEFINITIONS:
    NO.   NAME         VALUE      STEP SIZE      LIMITS
     1 N0           3.61661e+06  1.00000e+02     no limits
     2 tau          6.44027e+01  constant
     3 A0           3.53412e-01  1.00000e-04     no limits
     4 phi          4.12202e+00  1.00000e-02     no limits
     5 R           -6.06479e+01  constant
     6 alpha_CBO    0.00000e+00  1.00000e-03     no limits
     7 w_CBO        2.32500e+00  constant
     8 beta_CBO     0.00000e+00  1.00000e-03     no limits
     9 alpha_2CBO   0.00000e+00  1.00000e-03     no limits
    10 beta_2CBO    0.00000e+00  1.00000e-03     no limits
    11 alpha_y      0.00000e+00  1.00000e-03     no limits
    12 w_y          1.44500e+01  constant
    13 beta_y       0.00000e+00  1.00000e-03     no limits
    14 alpha_vw     0.00000e+00  1.00000e-03     no limits
    15 w_vw         1.29000e+01  constant
    16 beta_vw      0.00000e+00  1.00000e-03     no limits
    17 LM          -1.06686e-04  constant
    18 zeta_y       0.00000e+00  constant
    19 zeta_vw      0.00000e+00  constant
    20 T_CBO        1.00000e+02  1.00000e+00    0.00000e+00  1.00000e+03
    21 alpha_A0     0.00000e+00  1.00000e-03     no limits
    22 beta_A0      0.00000e+00  1.00000e-03     no limits
    23 alpha_phi    0.00000e+00  1.00000e-03     no limits
    24 beta_phi     0.00000e+00  1.00000e-03     no limits
MINUIT - FIT ONLY WIGGLE
 **********
 **    3 **FIX            5
 **********
 PARAMETER    5  IS CONSTANT.   IGNORED.
 **********
 **    4 **FIX            6
 **********
 **********
 **    5 **FIX            7
 **********
 PARAMETER    7  IS CONSTANT.   IGNORED.
 **********
 **    6 **FIX            8
 **********
 **********
 **    7 **FIX            9
 **********
 **********
 **    8 **FIX           10
 **********
 **********
 **    9 **FIX           11
 **********
 **********
 **   10 **FIX           12
 **********
 PARAMETER   12  IS CONSTANT.   IGNORED.
 **********
 **   11 **FIX           13
 **********
 **********
 **   12 **FIX           14
 **********
 **********
 **   13 **FIX           15
 **********
 PARAMETER   15  IS CONSTANT.   IGNORED.
 **********
 **   14 **FIX           16
 **********
 **********
 **   15 **MIGRAD
 **********
 FIRST CALL TO USER FUNCTION AT NEW START POINT, WITH IFLAG=4.
 START MIGRAD MINIMIZATION.  STRATEGY  1.  CONVERGENCE WHEN EDM .LT. 1.00e-04
 FCN=2149.13 FROM MIGRAD    STATUS=INITIATE      429 CALLS         430 TOTAL
                     EDM= unknown      STRATEGY= 1      NO ERROR MATRIX       
  EXT PARAMETER               CURRENT GUESS       STEP         FIRST   
  NO.   NAME      VALUE            ERROR          SIZE      DERIVATIVE 
   1  N0           3.61661e+06   1.00000e+02   0.00000e+00   1.45513e-02
   2  tau          6.44027e+01   constant   
   3  A0           3.53412e-01   1.00000e-04   0.00000e+00  -1.56952e+05
   4  phi          4.12202e+00   1.00000e-02   0.00000e+00   8.50174e+03
   5  R           -6.06479e+01   constant   
   6  alpha_CBO    0.00000e+00     fixed    
   7  w_CBO        2.32500e+00   constant   
   8  beta_CBO     0.00000e+00     fixed    
   9  alpha_2CBO   0.00000e+00     fixed    
  10  beta_2CBO    0.00000e+00     fixed    
  11  alpha_y      0.00000e+00     fixed    
  12  w_y          1.44500e+01   constant   
  13  beta_y       0.00000e+00     fixed    
  14  alpha_vw     0.00000e+00     fixed    
  15  w_vw         1.29000e+01   constant   
  16  beta_vw      0.00000e+00     fixed    
  17  LM          -1.06686e-04   constant   
  18  zeta_y       0.00000e+00   constant   
  19  zeta_vw      0.00000e+00   constant   
  20  T_CBO        1.00000e+02   1.00000e+00   0.00000e+00   0.00000e+00
  21  alpha_A0     0.00000e+00   1.00000e-03   0.00000e+00   1.00830e+04
  22  beta_A0      0.00000e+00   1.00000e-03   0.00000e+00   7.15115e+02
  23  alpha_phi    0.00000e+00   1.00000e-03   0.00000e+00   1.95902e+04
  24  beta_phi     0.00000e+00   1.00000e-03   0.00000e+00  -6.62548e+03
 MIGRAD MINIMIZATION HAS CONVERGED.
 FCN=1848.05 FROM MIGRAD    STATUS=CONVERGED    1170 CALLS        1171 TOTAL
                     EDM=2.1194e-06    STRATEGY= 1  ERROR MATRIX UNCERTAINTY   0.0 per cent
  EXT PARAMETER                                   STEP         FIRST   
  NO.   NAME      VALUE            ERROR          SIZE      DERIVATIVE 
   1  N0           3.61650e+06   3.33303e+02   3.47669e-03   3.47939e-07
   2  tau          6.44027e+01   constant   
   3  A0           3.54382e-01   1.13496e-04  -2.06816e-08  -5.99843e+00
   4  phi          4.12087e+00   3.56528e-04  -2.91917e-08   8.30152e-01
   5  R           -6.06479e+01   constant   
   6  alpha_CBO    0.00000e+00     fixed    
   7  w_CBO        2.32500e+00   constant   
   8  beta_CBO     0.00000e+00     fixed    
   9  alpha_2CBO   0.00000e+00     fixed    
  10  beta_2CBO    0.00000e+00     fixed    
  11  alpha_y      0.00000e+00     fixed    
  12  w_y          1.44500e+01   constant   
  13  beta_y       0.00000e+00     fixed    
  14  alpha_vw     0.00000e+00     fixed    
  15  w_vw         1.29000e+01   constant   
  16  beta_vw      0.00000e+00     fixed    
  17  LM          -1.06686e-04   constant   
  18  zeta_y       0.00000e+00   constant   
  19  zeta_vw      0.00000e+00   constant   
  20  T_CBO        9.99999e+02   8.04383e+02   1.15462e-02  -1.90649e-04
  21  alpha_A0    -4.60623e-03   6.41528e-04   4.87786e-08   2.00934e+00
  22  beta_A0     -6.42235e-04   5.93113e-04  -2.46912e-07   5.67907e-01
  23  alpha_phi   -5.31842e-03   4.90060e-04   8.43911e-07   2.92996e+00
  24  beta_phi     2.90904e-03   6.08377e-04   3.35109e-07  -2.42093e+00
 EXTERNAL ERROR MATRIX.    NDIM=  25    NPAR=  8    ERR DEF=1
  1.111e+05  6.141e-03  6.392e-03  1.289e+01  2.586e-02 -2.821e-02 -2.671e-02 -1.737e-02 
  6.141e-03  1.288e-08 -2.107e-09 -4.103e-06 -9.307e-10 -3.607e-09  5.471e-09 -9.993e-10 
  6.392e-03 -2.107e-09  1.271e-07  1.030e-05  3.174e-08  2.292e-08 -9.361e-09 -1.699e-08 
  1.289e+01 -4.103e-06  1.030e-05  1.837e+01  1.620e-04  5.706e-05  1.033e-04 -1.578e-04 
  2.586e-02 -9.307e-10  3.174e-08  1.620e-04  4.116e-07  3.219e-08 -2.578e-08 -9.656e-08 
 -2.821e-02 -3.607e-09  2.292e-08  5.706e-05  3.219e-08  3.518e-07 -7.629e-09 -6.831e-08 
 -2.671e-02  5.471e-09 -9.361e-09  1.033e-04 -2.578e-08 -7.629e-09  2.402e-07  5.069e-09 
 -1.737e-02 -9.993e-10 -1.699e-08 -1.578e-04 -9.656e-08 -6.831e-08  5.069e-09  3.701e-07 
 PARAMETER  CORRELATION COEFFICIENTS  
       NO.  GLOBAL      1      3      4     20     21     22     23     24
        1  0.31927   1.000  0.162  0.054  0.009  0.121 -0.143 -0.164 -0.086
        3  0.21541   0.162  1.000 -0.052 -0.008 -0.013 -0.054  0.098 -0.014
        4  0.18908   0.054 -0.052  1.000  0.007  0.139  0.108 -0.054 -0.078
       20  0.09535   0.009 -0.008  0.007  1.000  0.059  0.022  0.049 -0.061
       21  0.30305   0.121 -0.013  0.139  0.059  1.000  0.085 -0.082 -0.247
       22  0.27530  -0.143 -0.054  0.108  0.022  0.085  1.000 -0.026 -0.189
       23  0.22784  -0.164  0.098 -0.054  0.049 -0.082 -0.026  1.000  0.017
       24  0.31560  -0.086 -0.014 -0.078 -0.061 -0.247 -0.189  0.017  1.000
MINUIT - FIT ONLY 1-CBO + wiggle
 **********
 **   16 **RES 
 **********
                   PARAMETER   16  beta_vw RESTORED TO VARIABLE.
                   PARAMETER   14  alpha_vw RESTORED TO VARIABLE.
                   PARAMETER   13  beta_y RESTORED TO VARIABLE.
                   PARAMETER   11  alpha_y RESTORED TO VARIABLE.
                   PARAMETER   10  beta_2CBO RESTORED TO VARIABLE.
                   PARAMETER    9  alpha_2CBO RESTORED TO VARIABLE.
                   PARAMETER    8  beta_CBO RESTORED TO VARIABLE.
                   PARAMETER    6  alpha_CBO RESTORED TO VARIABLE.
 **********
 **   17 **FIX            8
 **********
 **********
 **   18 **FIX            9
 **********
 **********
 **   19 **FIX           11
 **********
 **********
 **   20 **FIX           12
 **********
 PARAMETER   12  IS CONSTANT.   IGNORED.
 **********
 **   21 **FIX           14
 **********
 **********
 **   22 **FIX           15
 **********
 PARAMETER   15  IS CONSTANT.   IGNORED.
 **********
 **   23 **FIX           16
 **********
 **********
 **   24 **MIGRAD
 **********
 START MIGRAD MINIMIZATION.  STRATEGY  1.  CONVERGENCE WHEN EDM .LT. 1.00e-04
 FCN=1848.05 FROM MIGRAD    STATUS=INITIATE       28 CALLS        1199 TOTAL
                     EDM= unknown      STRATEGY= 1      NO ERROR MATRIX       
  EXT PARAMETER               CURRENT GUESS       STEP         FIRST   
  NO.   NAME      VALUE            ERROR          SIZE      DERIVATIVE 
   1  N0           3.61650e+06   3.33303e+02   3.47669e-03   3.47937e-07
   2  tau          6.44027e+01   constant   
   3  A0           3.54382e-01   1.13496e-04  -2.06816e-08  -5.99843e+00
   4  phi          4.12087e+00   3.56528e-04  -2.91917e-08   8.30152e-01
   5  R           -6.06479e+01   constant   
   6  alpha_CBO    0.00000e+00   1.00000e-03   1.00000e-03  -5.82018e+05
   7  w_CBO        2.32500e+00   constant   
   8  beta_CBO     0.00000e+00     fixed    
   9  alpha_2CBO   0.00000e+00     fixed    
  10  beta_2CBO    0.00000e+00   1.00000e-03   1.00000e-03   7.51661e+03
  11  alpha_y      0.00000e+00     fixed    
  12  w_y          1.44500e+01   constant   
  13  beta_y       0.00000e+00   1.00000e-03   1.00000e-03   8.79755e+04
  14  alpha_vw     0.00000e+00     fixed    
  15  w_vw         1.29000e+01   constant   
  16  beta_vw      0.00000e+00     fixed    
  17  LM          -1.06686e-04   constant   
  18  zeta_y       0.00000e+00   constant   
  19  zeta_vw      0.00000e+00   constant   
  20  T_CBO        9.99999e+02   8.04383e+02   1.15462e-02  -1.90436e-04
  21  alpha_A0    -4.60623e-03   6.41528e-04   4.87786e-08   2.00935e+00
  22  beta_A0     -6.42235e-04   5.93113e-04  -2.46912e-07   5.67872e-01
  23  alpha_phi   -5.31842e-03   4.90060e-04   8.43911e-07   2.92996e+00
  24  beta_phi     2.90904e-03   6.08377e-04   3.35109e-07  -2.42093e+00
 MIGRAD MINIMIZATION HAS CONVERGED.
 FCN=250.806 FROM MIGRAD    STATUS=CONVERGED     197 CALLS        1368 TOTAL
                     EDM=6.6138e-07    STRATEGY= 1  ERROR MATRIX UNCERTAINTY   4.3 per cent
  EXT PARAMETER                                   STEP         FIRST   
  NO.   NAME      VALUE            ERROR          SIZE      DERIVATIVE 
   1  N0           3.61607e+06   3.45782e+02   7.22613e-01  -1.73502e-06
   2  tau          6.44027e+01   constant   
   3  A0           3.53484e-01   1.18787e-04   3.12831e-07   1.87150e+00
   4  phi          4.12312e+00   3.67318e-04   5.29563e-08  -1.69193e+00
   5  R           -6.06479e+01   constant   
   6  alpha_CBO    5.38208e-03   1.36046e-04   1.37754e-08   2.14093e-01
   7  w_CBO        2.32500e+00   constant   
   8  beta_CBO     0.00000e+00     fixed    
   9  alpha_2CBO   0.00000e+00     fixed    
  10  beta_2CBO    6.72051e-05   1.30857e-04   1.33807e-07   7.19665e+00
  11  alpha_y      0.00000e+00     fixed    
  12  w_y          1.44500e+01   constant   
  13  beta_y      -7.17284e-04   1.28846e-04   1.56749e-07   1.41314e+00
  14  alpha_vw     0.00000e+00     fixed    
  15  w_vw         1.29000e+01   constant   
  16  beta_vw      0.00000e+00     fixed    
  17  LM          -1.06686e-04   constant   
  18  zeta_y       0.00000e+00   constant   
  19  zeta_vw      0.00000e+00   constant   
  20  T_CBO        9.99995e+02   7.82998e+02  -2.22044e-03   1.22825e-04
  21  alpha_A0    -1.06754e-03   5.85225e-04   1.28890e-06  -4.72682e-01
  22  beta_A0      2.21223e-04   5.67234e-04  -5.91422e-07  -2.15561e-01
  23  alpha_phi   -1.81546e-03   4.90576e-04   2.14816e-07   1.27757e+00
  24  beta_phi     1.63805e-03   5.44166e-04  -3.31976e-07  -1.20007e-01
 EXTERNAL ERROR MATRIX.    NDIM=  25    NPAR= 11    ERR DEF=1
  1.196e+05 
  8.245e-03  1.411e-08 
  8.249e-03 -2.793e-09  1.349e-07 
 -1.507e-03 -3.145e-09  7.953e-09  1.851e-08 
  3.218e-03 -1.015e-09  3.332e-09  4.113e-10  1.712e-08 
  9.547e-04 -2.796e-10  1.577e-09  4.777e-11 -2.813e-10  1.660e-08 
 -2.080e+02 -6.164e-05 -6.424e-05 -1.978e-06 -2.486e-05 -2.674e-05  1.115e+02 
  1.892e-02 -2.188e-09  2.541e-08  1.222e-08 -5.297e-09  1.524e-09 -2.776e-04  3.425e-07 
 -3.058e-02 -6.969e-09  2.514e-08  3.235e-09  7.520e-09  1.262e-09  1.204e-04  2.007e-08  3.218e-07 
 -2.123e-02  6.317e-10  2.880e-09  1.184e-08 -6.641e-09 -1.481e-09  2.682e-05  2.641e-09 -1.635e-08  2.407e-07 
 -1.479e-02  4.296e-09 -1.599e-08 -4.605e-09 -1.090e-08 -9.918e-10  1.465e-04 -3.914e-08 -3.269e-08  1.447e-08  2.961e-07 
 PARAMETER  CORRELATION COEFFICIENTS  
       NO.  GLOBAL      1      3      4      6     10     13     20     21     22     23     24
        1  0.33296   1.000  0.201  0.065 -0.032  0.071  0.021 -0.057  0.093 -0.156 -0.125 -0.079
        3  0.30707   0.201  1.000 -0.064 -0.195 -0.065 -0.018 -0.049 -0.031 -0.103  0.011  0.066
        4  0.24270   0.065 -0.064  1.000  0.159  0.069  0.033 -0.017  0.118  0.121  0.016 -0.080
        6  0.33092  -0.032 -0.195  0.159  1.000  0.023  0.003 -0.001  0.153  0.042  0.177 -0.062
       10  0.24672   0.071 -0.065  0.069  0.023  1.000 -0.017 -0.018 -0.069  0.101 -0.103 -0.153
       13  0.06123   0.021 -0.018  0.033  0.003 -0.017  1.000 -0.020  0.020  0.017 -0.023 -0.014
       20  0.08894  -0.057 -0.049 -0.017 -0.001 -0.018 -0.020  1.000 -0.045  0.020  0.005  0.025
       21  0.25788   0.093 -0.031  0.118  0.153 -0.069  0.020 -0.045  1.000  0.060  0.009 -0.123
       22  0.26881  -0.156 -0.103  0.121  0.042  0.101  0.017  0.020  0.060  1.000 -0.059 -0.106
       23  0.25764  -0.125  0.011  0.016  0.177 -0.103 -0.023  0.005  0.009 -0.059  1.000  0.054
       24  0.24441  -0.079  0.066 -0.080 -0.062 -0.153 -0.014  0.025 -0.123 -0.106  0.054  1.000
MINUIT - FIT ONLY 2-CBO
 **********
 **   25 **RES 
 **********
                   PARAMETER   16  beta_vw RESTORED TO VARIABLE.
                   PARAMETER   14  alpha_vw RESTORED TO VARIABLE.
                   PARAMETER   11  alpha_y RESTORED TO VARIABLE.
                   PARAMETER    9  alpha_2CBO RESTORED TO VARIABLE.
                   PARAMETER    8  beta_CBO RESTORED TO VARIABLE.
 **********
 **   26 **FIX            0
 **********
 PARAMETER    0  IS UNDEFINED. IGNORED.
 **********
 **   27 **FIX            1
 **********
 **********
 **   28 **FIX            2
 **********
 PARAMETER    2  IS CONSTANT.   IGNORED.
 **********
 **   29 **FIX            3
 **********
 **********
 **   30 **FIX            4
 **********
 **********
 **   31 **FIX            5
 **********
 PARAMETER    5  IS CONSTANT.   IGNORED.
 **********
 **   32 **FIX            6
 **********
 **********
 **   33 **FIX            7
 **********
 PARAMETER    7  IS CONSTANT.   IGNORED.
 **********
 **   34 **FIX           10
 **********
 **********
 **   35 **FIX           11
 **********
 **********
 **   36 **FIX           12
 **********
 PARAMETER   12  IS CONSTANT.   IGNORED.
 **********
 **   37 **FIX           13
 **********
 **********
 **   38 **FIX           14
 **********
 **********
 **   39 **FIX           15
 **********
 PARAMETER   15  IS CONSTANT.   IGNORED.
 **********
 **   40 **FIX           16
 **********
 **********
 **   41 **MIGRAD
 **********
 START MIGRAD MINIMIZATION.  STRATEGY  1.  CONVERGENCE WHEN EDM .LT. 1.00e-04
 FCN=250.806 FROM MIGRAD    STATUS=INITIATE       18 CALLS        1386 TOTAL
                     EDM= unknown      STRATEGY= 1      NO ERROR MATRIX       
  EXT PARAMETER               CURRENT GUESS       STEP         FIRST   
  NO.   NAME      VALUE            ERROR          SIZE      DERIVATIVE 
   1  N0           3.61607e+06     fixed    
   2  tau          6.44027e+01   constant   
   3  A0           3.53484e-01     fixed    
   4  phi          4.12312e+00     fixed    
   5  R           -6.06479e+01   constant   
   6  alpha_CBO    5.38208e-03     fixed    
   7  w_CBO        2.32500e+00   constant   
   8  beta_CBO     0.00000e+00   1.00000e-03   1.00000e-03  -2.10314e+05
   9  alpha_2CBO   0.00000e+00   1.00000e-03   1.00000e-03  -4.72270e+03
  10  beta_2CBO    6.72051e-05     fixed    
  11  alpha_y      0.00000e+00     fixed    
  12  w_y          1.44500e+01   constant   
  13  beta_y      -7.17284e-04     fixed    
  14  alpha_vw     0.00000e+00     fixed    
  15  w_vw         1.29000e+01   constant   
  16  beta_vw      0.00000e+00     fixed    
  17  LM          -1.06686e-04   constant   
  18  zeta_y       0.00000e+00   constant   
  19  zeta_vw      0.00000e+00   constant   
  20  T_CBO        9.99995e+02   7.82998e+02  -2.22044e-03  -1.22769e-04
  21  alpha_A0    -1.06754e-03   5.85225e-04   1.28890e-06  -4.72702e-01
  22  beta_A0      2.21223e-04   5.67234e-04  -5.91422e-07  -2.15543e-01
  23  alpha_phi   -1.81546e-03   4.90576e-04   2.14816e-07   1.27757e+00
  24  beta_phi     1.63805e-03   5.44166e-04  -3.31976e-07  -1.20006e-01
 MIGRAD MINIMIZATION HAS CONVERGED.
 MIGRAD WILL VERIFY CONVERGENCE AND ERROR MATRIX.
 COVARIANCE MATRIX CALCULATED SUCCESSFULLY
 FCN=52.1541 FROM MIGRAD    STATUS=CONVERGED     149 CALLS        1517 TOTAL
                     EDM=1.39748e-07    STRATEGY= 1      ERROR MATRIX ACCURATE 
  EXT PARAMETER                                   STEP         FIRST   
  NO.   NAME      VALUE            ERROR          SIZE      DERIVATIVE 
   1  N0           3.61607e+06     fixed    
   2  tau          6.44027e+01   constant   
   3  A0           3.53484e-01     fixed    
   4  phi          4.12312e+00     fixed    
   5  R           -6.06479e+01   constant   
   6  alpha_CBO    5.38208e-03     fixed    
   7  w_CBO        2.32500e+00   constant   
   8  beta_CBO     1.88861e-03   1.34022e-04   4.66591e-07   1.88506e-01
   9  alpha_2CBO   1.63212e-05   1.32068e-04   4.60242e-07  -6.17663e-01
  10  beta_2CBO    6.72051e-05     fixed    
  11  alpha_y      0.00000e+00     fixed    
  12  w_y          1.44500e+01   constant   
  13  beta_y      -7.17284e-04     fixed    
  14  alpha_vw     0.00000e+00     fixed    
  15  w_vw         1.29000e+01   constant   
  16  beta_vw      0.00000e+00     fixed    
  17  LM          -1.06686e-04   constant   
  18  zeta_y       0.00000e+00   constant   
  19  zeta_vw      0.00000e+00   constant   
  20  T_CBO        9.99999e+02   5.75977e+02   2.53656e-02   6.99694e-05
  21  alpha_A0    -1.10320e-03   5.75131e-04   2.02081e-06   4.00768e-02
  22  beta_A0      7.14014e-04   5.58225e-04   1.94509e-06   1.06161e-01
  23  alpha_phi   -2.04276e-03   4.90749e-04   1.72494e-06  -2.72218e-01
  24  beta_phi     3.09214e-03   5.40015e-04   1.86814e-06  -1.20853e-01
 EXTERNAL ERROR MATRIX.    NDIM=  25    NPAR=  7    ERR DEF=1
  1.796e-08 -2.382e-10 -4.417e-08 -5.058e-10  4.419e-09 -1.983e-09  1.376e-08 
 -2.382e-10  1.744e-08  1.358e-08  7.936e-09  9.937e-09 -7.987e-09  2.118e-09 
 -4.417e-08  1.358e-08  3.870e+01 -3.682e-05  2.527e-05 -6.708e-05  1.035e-04 
 -5.058e-10  7.936e-09 -3.682e-05  3.308e-07  2.866e-08 -1.374e-08 -2.908e-08 
  4.419e-09  9.937e-09  2.527e-05  2.866e-08  3.116e-07 -2.798e-08 -2.381e-08 
 -1.983e-09 -7.987e-09 -6.708e-05 -1.374e-08 -2.798e-08  2.408e-07  5.361e-09 
  1.376e-08  2.118e-09  1.035e-04 -2.908e-08 -2.381e-08  5.361e-09  2.916e-07 
 PARAMETER  CORRELATION COEFFICIENTS  
       NO.  GLOBAL      8      9     20     21     22     23     24
        8  0.20877   1.000 -0.013 -0.000 -0.007  0.059 -0.030  0.190
        9  0.20423  -0.013  1.000  0.000  0.104  0.135 -0.123  0.030
       20  0.04086  -0.000  0.000  1.000 -0.010  0.007 -0.022  0.031
       21  0.16069  -0.007  0.104 -0.010  1.000  0.089 -0.049 -0.094
       22  0.20486   0.059  0.135  0.007  0.089  1.000 -0.102 -0.079
       23  0.15848  -0.030 -0.123 -0.022 -0.049 -0.102  1.000  0.020
       24  0.23591   0.190  0.030  0.031 -0.094 -0.079  0.020  1.000
MINUIT - FIT wiggle + 1-CBO + 2-CBO
 **********
 **   42 **RES 
 **********
                   PARAMETER   16  beta_vw RESTORED TO VARIABLE.
                   PARAMETER   14  alpha_vw RESTORED TO VARIABLE.
                   PARAMETER   13  beta_y RESTORED TO VARIABLE.
                   PARAMETER   11  alpha_y RESTORED TO VARIABLE.
                   PARAMETER   10  beta_2CBO RESTORED TO VARIABLE.
                   PARAMETER    6  alpha_CBO RESTORED TO VARIABLE.
                   PARAMETER    4  phi RESTORED TO VARIABLE.
                   PARAMETER    3  A0 RESTORED TO VARIABLE.
                   PARAMETER    1  N0 RESTORED TO VARIABLE.
 **********
 **   43 **FIX           10
 **********
 **********
 **   44 **FIX           11
 **********
 **********
 **   45 **FIX           12
 **********
 PARAMETER   12  IS CONSTANT.   IGNORED.
 **********
 **   46 **FIX           13
 **********
 **********
 **   47 **FIX           14
 **********
 **********
 **   48 **FIX           15
 **********
 PARAMETER   15  IS CONSTANT.   IGNORED.
 **********
 **   49 **FIX           16
 **********
 **********
 **   50 **MIGRAD
 **********
 START MIGRAD MINIMIZATION.  STRATEGY  1.  CONVERGENCE WHEN EDM .LT. 1.00e-04
 FCN=52.1541 FROM MIGRAD    STATUS=INITIATE       22 CALLS        1539 TOTAL
                     EDM= unknown      STRATEGY= 1      NO ERROR MATRIX       
  EXT PARAMETER               CURRENT GUESS       STEP         FIRST   
  NO.   NAME      VALUE            ERROR          SIZE      DERIVATIVE 
   1  N0           3.61607e+06   3.45782e+02   3.45782e+02  -2.23611e-03
   2  tau          6.44027e+01   constant   
   3  A0           3.53484e-01   1.18787e-04   1.18787e-04   1.70135e+04
   4  phi          4.12312e+00   3.67318e-04   3.67318e-04   1.51536e+04
   5  R           -6.06479e+01   constant   
   6  alpha_CBO    5.38208e-03   1.36046e-04   1.36046e-04  -3.45694e+03
   7  w_CBO        2.32500e+00   constant   
   8  beta_CBO     1.88861e-03   1.34022e-04   4.66591e-07   1.88536e-01
   9  alpha_2CBO   1.63212e-05   1.32068e-04   4.60242e-07  -6.17637e-01
  10  beta_2CBO    6.72051e-05     fixed    
  11  alpha_y      0.00000e+00     fixed    
  12  w_y          1.44500e+01   constant   
  13  beta_y      -7.17284e-04     fixed    
  14  alpha_vw     0.00000e+00     fixed    
  15  w_vw         1.29000e+01   constant   
  16  beta_vw      0.00000e+00     fixed    
  17  LM          -1.06686e-04   constant   
  18  zeta_y       0.00000e+00   constant   
  19  zeta_vw      0.00000e+00   constant   
  20  T_CBO        9.99999e+02   5.75977e+02   2.53656e-02  -7.01568e-05
  21  alpha_A0    -1.10320e-03   5.75131e-04   2.02081e-06   4.01002e-02
  22  beta_A0      7.14014e-04   5.58225e-04   1.94509e-06   1.06215e-01
  23  alpha_phi   -2.04276e-03   4.90749e-04   1.72494e-06  -2.72223e-01
  24  beta_phi     3.09214e-03   5.40015e-04   1.86814e-06  -1.20849e-01
 MIGRAD MINIMIZATION HAS CONVERGED.
 MIGRAD WILL VERIFY CONVERGENCE AND ERROR MATRIX.
 COVARIANCE MATRIX CALCULATED SUCCESSFULLY
 FCN=43.7333 FROM MIGRAD    STATUS=CONVERGED     243 CALLS        1760 TOTAL
                     EDM=1.36615e-05    STRATEGY= 1      ERROR MATRIX ACCURATE 
  EXT PARAMETER                                   STEP         FIRST   
  NO.   NAME      VALUE            ERROR          SIZE      DERIVATIVE 
   1  N0           3.61604e+06   3.54254e+02   1.72426e+00  -5.85900e-06
   2  tau          6.44027e+01   constant   
   3  A0           3.53391e-01   1.18659e-04   3.69836e-07  -1.47157e+01
   4  phi          4.12211e+00   3.74913e-04   1.96557e-06   9.42448e-01
   5  R           -6.06479e+01   constant   
   6  alpha_CBO    5.38019e-03   1.36074e-04   4.19257e-07   9.22405e-01
   7  w_CBO        2.32500e+00   constant   
   8  beta_CBO     1.96935e-03   1.36887e-04   4.28028e-07  -3.84477e-01
   9  alpha_2CBO  -8.44256e-06   1.32452e-04   4.22197e-07   2.44139e+01
  10  beta_2CBO    6.72051e-05     fixed    
  11  alpha_y      0.00000e+00     fixed    
  12  w_y          1.44500e+01   constant   
  13  beta_y      -7.17284e-04     fixed    
  14  alpha_vw     0.00000e+00     fixed    
  15  w_vw         1.29000e+01   constant   
  16  beta_vw      0.00000e+00     fixed    
  17  LM          -1.06686e-04   constant   
  18  zeta_y       0.00000e+00   constant   
  19  zeta_vw      0.00000e+00   constant   
  20  T_CBO        1.00000e+03   5.06448e+02   5.00838e-02** at limit **
  21  alpha_A0    -1.32477e-03   5.94420e-04   1.85397e-06   1.65145e-01
  22  beta_A0      5.63034e-04   5.71096e-04   1.78435e-06   3.12529e-01
  23  alpha_phi   -2.02256e-03   5.08591e-04   1.58291e-06   5.35446e+00
  24  beta_phi     3.24889e-03   5.48844e-04   1.71441e-06   3.45900e-01
 EXTERNAL ERROR MATRIX.    NDIM=  25    NPAR= 11    ERR DEF=1
  1.255e+05 
  7.990e-03  1.408e-08 
  1.273e-02 -3.049e-09  1.406e-07 
 -1.652e-03 -3.123e-09  7.736e-09  1.852e-08 
 -3.013e-04 -8.881e-10 -9.707e-09 -8.712e-12  1.874e-08 
 -7.480e-04 -1.160e-10  3.217e-09 -4.129e-10 -4.775e-10  1.754e-08 
 -3.685e-01 -5.505e-07 -5.996e-07  8.868e-08  4.528e-08 -3.561e-09  4.004e+00 
  2.805e-02 -2.692e-09  3.919e-08  1.219e-08 -2.643e-09  8.267e-09 -4.316e-05  3.533e-07 
 -3.137e-02 -7.108e-09  2.385e-08  2.866e-09  3.043e-09  1.075e-08  1.909e-05  2.951e-08  3.262e-07 
 -2.965e-02  8.976e-10 -5.126e-09  1.237e-08 -1.777e-09 -8.300e-09 -6.410e-05 -1.376e-08 -2.213e-08  2.587e-07 
 -1.430e-02  2.238e-09 -2.636e-08 -4.496e-09  1.529e-08  1.715e-09  1.047e-04 -4.200e-08 -2.515e-08  6.140e-09  3.012e-07 
 PARAMETER  CORRELATION COEFFICIENTS  
       NO.  GLOBAL      1      3      4      6      8      9     20     21     22     23     24
        1  0.35140   1.000  0.190  0.096 -0.034 -0.006 -0.016 -0.001  0.133 -0.155 -0.165 -0.074
        3  0.29858   0.190  1.000 -0.069 -0.193 -0.055 -0.007 -0.002 -0.038 -0.105  0.015  0.034
        4  0.32875   0.096 -0.069  1.000  0.152 -0.189  0.065 -0.001  0.176  0.111 -0.027 -0.128
        6  0.33150  -0.034 -0.193  0.152  1.000 -0.000 -0.023  0.000  0.151  0.037  0.179 -0.060
        8  0.28853  -0.006 -0.055 -0.189 -0.000  1.000 -0.026  0.000 -0.032  0.039 -0.026  0.204
        9  0.21756  -0.016 -0.007  0.065 -0.023 -0.026  1.000 -0.000  0.105  0.142 -0.123  0.024
       20  0.12539  -0.001 -0.002 -0.001  0.000  0.000 -0.000  1.000 -0.036  0.017 -0.063  0.095
       21  0.29647   0.133 -0.038  0.176  0.151 -0.032  0.105 -0.036  1.000  0.087 -0.046 -0.129
       22  0.29102  -0.155 -0.105  0.111  0.037  0.039  0.142  0.017  0.087  1.000 -0.076 -0.080
       23  0.30291  -0.165  0.015 -0.027  0.179 -0.026 -0.123 -0.063 -0.046 -0.076  1.000  0.022
       24  0.29177  -0.074  0.034 -0.128 -0.060  0.204  0.024  0.095 -0.129 -0.080  0.022  1.000
MINUIT - FIT ONLY 1-y
 **********
 **   51 **RES 
 **********
                   PARAMETER   16  beta_vw RESTORED TO VARIABLE.
                   PARAMETER   14  alpha_vw RESTORED TO VARIABLE.
                   PARAMETER   13  beta_y RESTORED TO VARIABLE.
                   PARAMETER   11  alpha_y RESTORED TO VARIABLE.
                   PARAMETER   10  beta_2CBO RESTORED TO VARIABLE.
 **********
 **   52 **FIX            0
 **********
 PARAMETER    0  IS UNDEFINED. IGNORED.
 **********
 **   53 **FIX            1
 **********
 **********
 **   54 **FIX            2
 **********
 PARAMETER    2  IS CONSTANT.   IGNORED.
 **********
 **   55 **FIX            3
 **********
 **********
 **   56 **FIX            4
 **********
 **********
 **   57 **FIX            5
 **********
 PARAMETER    5  IS CONSTANT.   IGNORED.
 **********
 **   58 **FIX            6
 **********
 **********
 **   59 **FIX            7
 **********
 PARAMETER    7  IS CONSTANT.   IGNORED.
 **********
 **   60 **FIX            8
 **********
 **********
 **   61 **FIX            9
 **********
 **********
 **   62 **FIX           13
 **********
 **********
 **   63 **FIX           14
 **********
 **********
 **   64 **FIX           15
 **********
 PARAMETER   15  IS CONSTANT.   IGNORED.
 **********
 **   65 **FIX           16
 **********
 **********
 **   66 **MIGRAD
 **********
 START MIGRAD MINIMIZATION.  STRATEGY  1.  CONVERGENCE WHEN EDM .LT. 1.00e-04
 FCN=43.7333 FROM MIGRAD    STATUS=INITIATE       16 CALLS        1776 TOTAL
                     EDM= unknown      STRATEGY= 1      NO ERROR MATRIX       
  EXT PARAMETER               CURRENT GUESS       STEP         FIRST   
  NO.   NAME      VALUE            ERROR          SIZE      DERIVATIVE 
   1  N0           3.61604e+06     fixed    
   2  tau          6.44027e+01   constant   
   3  A0           3.53391e-01     fixed    
   4  phi          4.12211e+00     fixed    
   5  R           -6.06479e+01   constant   
   6  alpha_CBO    5.38019e-03     fixed    
   7  w_CBO        2.32500e+00   constant   
   8  beta_CBO     1.96935e-03     fixed    
   9  alpha_2CBO  -8.44256e-06     fixed    
  10  beta_2CBO    6.72051e-05   1.30857e-04   1.30857e-04  -1.79291e+03
  11  alpha_y      0.00000e+00   1.00000e-03   1.00000e-03  -1.14638e+04
  12  w_y          1.44500e+01   constant   
  13  beta_y      -7.17284e-04     fixed    
  14  alpha_vw     0.00000e+00     fixed    
  15  w_vw         1.29000e+01   constant   
  16  beta_vw      0.00000e+00     fixed    
  17  LM          -1.06686e-04   constant   
  18  zeta_y       0.00000e+00   constant   
  19  zeta_vw      0.00000e+00   constant   
  20  T_CBO        1.00000e+03   5.06448e+02   5.00838e-02** at limit **
  21  alpha_A0    -1.32477e-03   5.94420e-04   1.85397e-06   1.65235e-01
  22  beta_A0      5.63034e-04   5.71096e-04   1.78435e-06   3.12479e-01
  23  alpha_phi   -2.02256e-03   5.08591e-04   1.58291e-06   5.35446e+00
  24  beta_phi     3.24889e-03   5.48844e-04   1.71441e-06   3.45895e-01
 MIGRAD MINIMIZATION HAS CONVERGED.
 MIGRAD WILL VERIFY CONVERGENCE AND ERROR MATRIX.
 COVARIANCE MATRIX CALCULATED SUCCESSFULLY
 FCN=43.162 FROM MIGRAD    STATUS=CONVERGED     113 CALLS        1873 TOTAL
                     EDM=4.40074e-07    STRATEGY= 1      ERROR MATRIX ACCURATE 
  EXT PARAMETER                                   STEP         FIRST   
  NO.   NAME      VALUE            ERROR          SIZE      DERIVATIVE 
   1  N0           3.61604e+06     fixed    
   2  tau          6.44027e+01   constant   
   3  A0           3.53391e-01     fixed    
   4  phi          4.12211e+00     fixed    
   5  R           -6.06479e+01   constant   
   6  alpha_CBO    5.38019e-03     fixed    
   7  w_CBO        2.32500e+00   constant   
   8  beta_CBO     1.96935e-03     fixed    
   9  alpha_2CBO  -8.44256e-06     fixed    
  10  beta_2CBO    8.17121e-05   1.33370e-04   4.22243e-07  -3.36637e+00
  11  alpha_y      9.73871e-05   1.30498e-04   4.23260e-07  -7.99633e-01
  12  w_y          1.44500e+01   constant   
  13  beta_y      -7.17284e-04     fixed    
  14  alpha_vw     0.00000e+00     fixed    
  15  w_vw         1.29000e+01   constant   
  16  beta_vw      0.00000e+00     fixed    
  17  LM          -1.06686e-04   constant   
  18  zeta_y       0.00000e+00   constant   
  19  zeta_vw      0.00000e+00   constant   
  20  T_CBO        1.00000e+03   5.05785e+02   4.13010e-02** at limit **
  21  alpha_A0    -1.32320e-03   5.76210e-04   1.84209e-06   1.53356e-01
  22  beta_A0      5.69427e-04   5.54481e-04   1.77291e-06  -4.81835e-02
  23  alpha_phi   -2.02795e-03   4.88169e-04   1.57277e-06  -3.80720e-01
  24  beta_phi     3.24537e-03   5.37926e-04   1.70342e-06   1.36784e+00
 EXTERNAL ERROR MATRIX.    NDIM=  25    NPAR=  7    ERR DEF=1
  1.779e-08 -2.462e-10 -3.489e-11 -8.839e-09  6.889e-09 -3.183e-09 -1.085e-08 
 -2.462e-10  1.703e-08  7.597e-12  1.655e-09  3.992e-11 -3.271e-10  1.059e-09 
 -3.489e-11  7.597e-12  6.141e-07 -1.457e-08  6.471e-09 -2.178e-08  3.545e-08 
 -8.839e-09  1.655e-09 -1.457e-08  3.320e-07  2.056e-08 -8.012e-09 -2.502e-08 
  6.889e-09  3.992e-11  6.471e-09  2.056e-08  3.074e-07 -2.432e-08 -3.216e-08 
 -3.183e-09 -3.271e-10 -2.178e-08 -8.012e-09 -2.432e-08  2.383e-07  8.801e-09 
 -1.085e-08  1.059e-09  3.545e-08 -2.502e-08 -3.216e-08  8.801e-09  2.894e-07 
 PARAMETER  CORRELATION COEFFICIENTS  
       NO.  GLOBAL     10     11     20     21     22     23     24
       10  0.21919   1.000 -0.014 -0.000 -0.115  0.093 -0.049 -0.151
       11  0.02975  -0.014  1.000  0.000  0.022  0.001 -0.005  0.015
       20  0.10875  -0.000  0.000  1.000 -0.032  0.015 -0.057  0.084
       21  0.17127  -0.115  0.022 -0.032  1.000  0.064 -0.028 -0.081
       22  0.17034   0.093  0.001  0.015  0.064  1.000 -0.090 -0.108
       23  0.11905  -0.049 -0.005 -0.057 -0.028 -0.090  1.000  0.034
       24  0.21823  -0.151  0.015  0.084 -0.081 -0.108  0.034  1.000
MINUIT - FIT ONLY 2-y
 **********
 **   67 **RES 
 **********
                   PARAMETER   16  beta_vw RESTORED TO VARIABLE.
                   PARAMETER   14  alpha_vw RESTORED TO VARIABLE.
                   PARAMETER   13  beta_y RESTORED TO VARIABLE.
                   PARAMETER    9  alpha_2CBO RESTORED TO VARIABLE.
                   PARAMETER    8  beta_CBO RESTORED TO VARIABLE.
                   PARAMETER    6  alpha_CBO RESTORED TO VARIABLE.
                   PARAMETER    4  phi RESTORED TO VARIABLE.
                   PARAMETER    3  A0 RESTORED TO VARIABLE.
                   PARAMETER    1  N0 RESTORED TO VARIABLE.
 **********
 **   68 **FIX            0
 **********
 PARAMETER    0  IS UNDEFINED. IGNORED.
 **********
 **   69 **FIX            1
 **********
 **********
 **   70 **FIX            2
 **********
 PARAMETER    2  IS CONSTANT.   IGNORED.
 **********
 **   71 **FIX            3
 **********
 **********
 **   72 **FIX            4
 **********
 **********
 **   73 **FIX            5
 **********
 PARAMETER    5  IS CONSTANT.   IGNORED.
 **********
 **   74 **FIX            6
 **********
 **********
 **   75 **FIX            7
 **********
 PARAMETER    7  IS CONSTANT.   IGNORED.
 **********
 **   76 **FIX            8
 **********
 **********
 **   77 **FIX            9
 **********
 **********
 **   78 **FIX           10
 **********
 **********
 **   79 **FIX           11
 **********
 **********
 **   80 **FIX           12
 **********
 PARAMETER   12  IS CONSTANT.   IGNORED.
 **********
 **   81 **FIX           16
 **********
 **********
 **   82 **MIGRAD
 **********
 START MIGRAD MINIMIZATION.  STRATEGY  1.  CONVERGENCE WHEN EDM .LT. 1.00e-04
 FCN=43.162 FROM MIGRAD    STATUS=INITIATE       16 CALLS        1889 TOTAL
                     EDM= unknown      STRATEGY= 1      NO ERROR MATRIX       
  EXT PARAMETER               CURRENT GUESS       STEP         FIRST   
  NO.   NAME      VALUE            ERROR          SIZE      DERIVATIVE 
   1  N0           3.61604e+06     fixed    
   2  tau          6.44027e+01   constant   
   3  A0           3.53391e-01     fixed    
   4  phi          4.12211e+00     fixed    
   5  R           -6.06479e+01   constant   
   6  alpha_CBO    5.38019e-03     fixed    
   7  w_CBO        2.32500e+00   constant   
   8  beta_CBO     1.96935e-03     fixed    
   9  alpha_2CBO  -8.44256e-06     fixed    
  10  beta_2CBO    8.17121e-05     fixed    
  11  alpha_y      9.73871e-05     fixed    
  12  w_y          1.44500e+01   constant   
  13  beta_y      -7.17284e-04   1.28846e-04   1.28846e-04  -7.03433e+02
  14  alpha_vw     0.00000e+00   1.00000e-03   1.00000e-03  -1.29804e+03
  15  w_vw         1.29000e+01   constant   
  16  beta_vw      0.00000e+00     fixed    
  17  LM          -1.06686e-04   constant   
  18  zeta_y       0.00000e+00   constant   
  19  zeta_vw      0.00000e+00   constant   
  20  T_CBO        9.99999e+02   5.05785e+02   4.13010e-02  -2.39978e-05
  21  alpha_A0    -1.32320e-03   5.76210e-04   1.84209e-06   1.53970e-01
  22  beta_A0      5.69427e-04   5.54481e-04   1.77291e-06  -4.86521e-02
  23  alpha_phi   -2.02795e-03   4.88169e-04   1.57277e-06  -3.78962e-01
  24  beta_phi     3.24537e-03   5.37926e-04   1.70342e-06   1.36549e+00
 MIGRAD MINIMIZATION HAS CONVERGED.
 MIGRAD WILL VERIFY CONVERGENCE AND ERROR MATRIX.
 COVARIANCE MATRIX CALCULATED SUCCESSFULLY
 FCN=43.1532 FROM MIGRAD    STATUS=CONVERGED      98 CALLS        1971 TOTAL
                     EDM=4.72092e-07    STRATEGY= 1      ERROR MATRIX ACCURATE 
  EXT PARAMETER                                   STEP         FIRST   
  NO.   NAME      VALUE            ERROR          SIZE      DERIVATIVE 
   1  N0           3.61604e+06     fixed    
   2  tau          6.44027e+01   constant   
   3  A0           3.53391e-01     fixed    
   4  phi          4.12211e+00     fixed    
   5  R           -6.06479e+01   constant   
   6  alpha_CBO    5.38019e-03     fixed    
   7  w_CBO        2.32500e+00   constant   
   8  beta_CBO     1.96935e-03     fixed    
   9  alpha_2CBO  -8.44256e-06     fixed    
  10  beta_2CBO    8.17121e-05     fixed    
  11  alpha_y      9.73871e-05     fixed    
  12  w_y          1.44500e+01   constant   
  13  beta_y      -7.12029e-04   1.29267e-04   4.18525e-07   2.86298e+00
  14  alpha_vw     1.06669e-05   1.30403e-04   4.22072e-07  -1.53498e+00
  15  w_vw         1.29000e+01   constant   
  16  beta_vw      0.00000e+00     fixed    
  17  LM          -1.06686e-04   constant   
  18  zeta_y       0.00000e+00   constant   
  19  zeta_vw      0.00000e+00   constant   
  20  T_CBO        1.00000e+03   5.00146e+02   3.93956e-02** at limit **
  21  alpha_A0    -1.32365e-03   5.72307e-04   1.84191e-06   6.47492e-01
  22  beta_A0      5.68939e-04   5.52320e-04   1.77274e-06   7.76347e-01
  23  alpha_phi   -2.02797e-03   4.87492e-04   1.57261e-06  -5.03552e-01
  24  beta_phi     3.24579e-03   5.31798e-04   1.70325e-06  -8.81710e-01
 EXTERNAL ERROR MATRIX.    NDIM=  25    NPAR=  7    ERR DEF=1
  1.671e-08 -1.001e-09 -1.341e-10  4.695e-10  1.392e-09 -2.657e-10 -1.515e-09 
 -1.001e-09  1.701e-08  1.770e-10 -1.150e-09 -1.768e-09  1.769e-10  1.995e-09 
 -1.341e-10  1.770e-10  4.447e-04 -3.693e-07  1.639e-07 -5.513e-07  8.968e-07 
  4.695e-10 -1.150e-09 -3.693e-07  3.275e-07  2.414e-08 -9.638e-09 -3.056e-08 
  1.392e-09 -1.768e-09  1.639e-07  2.414e-08  3.051e-07 -2.310e-08 -2.833e-08 
 -2.657e-10  1.769e-10 -5.513e-07 -9.638e-09 -2.310e-08  2.376e-07  7.066e-09 
 -1.515e-09  1.995e-09  8.968e-07 -3.056e-08 -2.833e-08  7.066e-09  2.828e-07 
 PARAMETER  CORRELATION COEFFICIENTS  
       NO.  GLOBAL     13     14     20     21     22     23     24
       13  0.06489   1.000 -0.059 -0.000  0.006  0.020 -0.004 -0.022
       14  0.06955  -0.059  1.000  0.000 -0.015 -0.025  0.003  0.029
       20  0.10235  -0.000  0.000  1.000 -0.031  0.014 -0.054  0.080
       21  0.12668   0.006 -0.015 -0.031  1.000  0.076 -0.035 -0.100
       22  0.14628   0.020 -0.025  0.014  0.076  1.000 -0.086 -0.096
       23  0.10692  -0.004  0.003 -0.054 -0.035 -0.086  1.000  0.027
       24  0.15984  -0.022  0.029  0.080 -0.100 -0.096  0.027  1.000
MINUIT - FIT ALTOGETHER
 **********
 **   83 **RES 
 **********
