 + ++++++++++++++++++++++++++++++++++++++++++++++++++++++++++++++++++++ +
 +                                                                      +
 +           You have chose to blind your fitting according to          +
 +                omega_ref * (1 + (R +/- deltaR) *10^{-6})             +
 +                                                                      +
 + ++++++++++++++++++++++++++++++++++++++++++++++++++++++++++++++++++++ +
In main()...
reading format from /gm2data/zkhechad/run45/envelope/formats/formatB_sBin_constraintOn.txt
pBinTau 	= 0  
pBinPhi 	= 0  
constraintau 	= 1 
includeMopTerm 	= 0    
constrainMop    = 0   
Parameters after format file: pBinTau 0 pBinPhi 0 constraintau 1 includeMopTerm 0 constrainMop 0 c_e_scale 0.000000 
Opening file /gm2data/tbarrett/gm2fr/studies/run23_bunch_corrections/CorrectedFourier_Run3b.root.
reading full fit data from /gm2data/zkhechad/cboTemplates/Run4CBOTemplates/templateFits0_v2.0/noRF/sBin_constraintOn_cE0.0_seed0_noRF_calo21.root
windowBins = 17
fitting sliding window 180 from bin 316 at 46.998000 to bin 333 at 49.683600 (17 bins)

Reading data from /gm2data/cornell/histograms/aMethod/histogram_a_noRF.root
 **********
 **    1 **SET PRINTOUT            1
 **********
 **********
 **    2 **SET NOWARNINGS 
 **********
 PARAMETER DEFINITIONS:
    NO.   NAME         VALUE      STEP SIZE      LIMITS
     1 N0           2.83546e+06  1.00000e+02     no limits
     2 tau          6.43976e+01  constant
     3 A0           3.54104e-01  1.00000e-04     no limits
     4 phi          4.11635e+00  1.00000e-02     no limits
     5 R           -5.94693e+01  constant
     6 alpha_CBO    0.00000e+00  1.00000e-03     no limits
     7 w_CBO        2.32500e+00  constant
     8 beta_CBO     0.00000e+00  1.00000e-03     no limits
     9 alpha_2CBO   0.00000e+00  1.00000e-03     no limits
    10 beta_2CBO    0.00000e+00  1.00000e-03     no limits
    11 alpha_y      0.00000e+00  1.00000e-03     no limits
    12 w_y          1.44500e+01  constant
    13 beta_y       0.00000e+00  1.00000e-03     no limits
    14 alpha_vw     0.00000e+00  1.00000e-03     no limits
    15 w_vw         1.29000e+01  constant
    16 beta_vw      0.00000e+00  1.00000e-03     no limits
    17 LM          -2.20020e-04  constant
    18 zeta_y       0.00000e+00  constant
    19 zeta_vw      0.00000e+00  constant
    20 T_CBO        1.00000e+02  1.00000e+00    0.00000e+00  1.00000e+03
    21 alpha_A0     0.00000e+00  1.00000e-03     no limits
    22 beta_A0      0.00000e+00  1.00000e-03     no limits
    23 alpha_phi    0.00000e+00  1.00000e-03     no limits
    24 beta_phi     0.00000e+00  1.00000e-03     no limits
MINUIT - FIT ONLY WIGGLE
 **********
 **    3 **FIX            5
 **********
 PARAMETER    5  IS CONSTANT.   IGNORED.
 **********
 **    4 **FIX            6
 **********
 **********
 **    5 **FIX            7
 **********
 PARAMETER    7  IS CONSTANT.   IGNORED.
 **********
 **    6 **FIX            8
 **********
 **********
 **    7 **FIX            9
 **********
 **********
 **    8 **FIX           10
 **********
 **********
 **    9 **FIX           11
 **********
 **********
 **   10 **FIX           12
 **********
 PARAMETER   12  IS CONSTANT.   IGNORED.
 **********
 **   11 **FIX           13
 **********
 **********
 **   12 **FIX           14
 **********
 **********
 **   13 **FIX           15
 **********
 PARAMETER   15  IS CONSTANT.   IGNORED.
 **********
 **   14 **FIX           16
 **********
 **********
 **   15 **MIGRAD
 **********
 FIRST CALL TO USER FUNCTION AT NEW START POINT, WITH IFLAG=4.
 START MIGRAD MINIMIZATION.  STRATEGY  1.  CONVERGENCE WHEN EDM .LT. 1.00e-04
 FCN=2797.78 FROM MIGRAD    STATUS=INITIATE      429 CALLS         430 TOTAL
                     EDM= unknown      STRATEGY= 1      NO ERROR MATRIX       
  EXT PARAMETER               CURRENT GUESS       STEP         FIRST   
  NO.   NAME      VALUE            ERROR          SIZE      DERIVATIVE 
   1  N0           2.83546e+06   1.00000e+02   0.00000e+00  -6.51992e-02
   2  tau          6.43976e+01   constant   
   3  A0           3.54104e-01   1.00000e-04   0.00000e+00  -3.55653e+05
   4  phi          4.11635e+00   1.00000e-02   0.00000e+00  -3.78522e+04
   5  R           -5.94693e+01   constant   
   6  alpha_CBO    0.00000e+00     fixed    
   7  w_CBO        2.32500e+00   constant   
   8  beta_CBO     0.00000e+00     fixed    
   9  alpha_2CBO   0.00000e+00     fixed    
  10  beta_2CBO    0.00000e+00     fixed    
  11  alpha_y      0.00000e+00     fixed    
  12  w_y          1.44500e+01   constant   
  13  beta_y       0.00000e+00     fixed    
  14  alpha_vw     0.00000e+00     fixed    
  15  w_vw         1.29000e+01   constant   
  16  beta_vw      0.00000e+00     fixed    
  17  LM          -2.20020e-04   constant   
  18  zeta_y       0.00000e+00   constant   
  19  zeta_vw      0.00000e+00   constant   
  20  T_CBO        1.00000e+02   1.00000e+00   0.00000e+00   0.00000e+00
  21  alpha_A0     0.00000e+00   1.00000e-03   0.00000e+00   6.00815e+04
  22  beta_A0      0.00000e+00   1.00000e-03   0.00000e+00   2.08385e+03
  23  alpha_phi    0.00000e+00   1.00000e-03   0.00000e+00  -2.76023e+04
  24  beta_phi     0.00000e+00   1.00000e-03   0.00000e+00   1.91496e+04
 CALL LIMIT EXCEEDED IN MIGRAD.
 MIGRAD TERMINATED WITHOUT CONVERGENCE.
 FCN=541.474 FROM MIGRAD    STATUS=CALL LIMIT   1334 CALLS        1335 TOTAL
                     EDM=0.0425138    STRATEGY= 1  ERROR MATRIX UNCERTAINTY   1.0 per cent
  EXT PARAMETER                APPROXIMATE        STEP         FIRST   
  NO.   NAME      VALUE            ERROR          SIZE      DERIVATIVE 
   1  N0           2.85688e+06   6.94678e+02   1.17697e+01  -2.98183e-05
   2  tau          6.43976e+01   constant   
   3  A0           3.63803e-01   2.07573e-04   5.26318e-06  -2.36121e+02
   4  phi          4.11450e+00   1.47745e-03  -1.96812e-05  -2.72622e+02
   5  R           -5.94693e+01   constant   
   6  alpha_CBO    0.00000e+00     fixed    
   7  w_CBO        2.32500e+00   constant   
   8  beta_CBO     0.00000e+00     fixed    
   9  alpha_2CBO   0.00000e+00     fixed    
  10  beta_2CBO    0.00000e+00     fixed    
  11  alpha_y      0.00000e+00     fixed    
  12  w_y          1.44500e+01   constant   
  13  beta_y       0.00000e+00     fixed    
  14  alpha_vw     0.00000e+00     fixed    
  15  w_vw         1.29000e+01   constant   
  16  beta_vw      0.00000e+00     fixed    
  17  LM          -2.20020e-04   constant   
  18  zeta_y       0.00000e+00   constant   
  19  zeta_vw      0.00000e+00   constant   
  20  T_CBO        9.98451e+00   8.56764e-01  -2.71979e-04   1.06799e+02
  21  alpha_A0     6.49974e-01   2.38418e-01   1.55612e-02  -1.43554e+01
  22  beta_A0     -7.08533e-04   2.64269e-02   1.91742e-04   6.64014e+00
  23  alpha_phi   -2.33220e-01   1.03640e-01  -5.48711e-03  -4.15064e+00
  24  beta_phi    -1.46900e+00   5.19361e-01  -3.27282e-02  -6.73552e+00
 EXTERNAL ERROR MATRIX.    NDIM=  25    NPAR=  8    ERR DEF=1
  4.826e+05  6.874e-02 -6.883e-01 -2.811e+02  4.848e+01  5.563e+00 -2.140e+01 -1.050e+02 
  6.874e-02  4.309e-08  1.330e-08 -9.417e-06  9.120e-06  5.965e-07 -3.706e-06 -1.958e-05 
 -6.883e-01  1.330e-08  2.183e-06  7.323e-04 -6.945e-05 -1.044e-05  3.250e-05  1.508e-04 
 -2.811e+02 -9.417e-06  7.323e-04  7.341e-01 -1.833e-01 -1.991e-02  8.079e-02  4.000e-01 
  4.848e+01  9.120e-06 -6.945e-05 -1.833e-01  5.684e-02  5.570e-03 -2.456e-02 -1.238e-01 
  5.563e+00  5.965e-07 -1.044e-05 -1.991e-02  5.570e-03  6.984e-04 -2.545e-03 -1.225e-02 
 -2.140e+01 -3.706e-06  3.250e-05  8.079e-02 -2.456e-02 -2.545e-03  1.074e-02  5.361e-02 
 -1.050e+02 -1.958e-05  1.508e-04  4.000e-01 -1.238e-01 -1.225e-02  5.361e-02  2.697e-01 
ERR MATRIX APPROXIMATE
 PARAMETER  CORRELATION COEFFICIENTS  
       NO.  GLOBAL      1      3      4     20     21     22     23     24
        1  0.85296   1.000  0.477 -0.671 -0.472  0.293  0.303 -0.297 -0.291
        3  0.75516   0.477  1.000  0.043 -0.053  0.184  0.109 -0.172 -0.182
        4  0.97968  -0.671  0.043  1.000  0.578 -0.197 -0.267  0.212  0.197
       20  0.99508  -0.472 -0.053  0.578  1.000 -0.897 -0.879  0.910  0.899
       21  0.99999   0.293  0.184 -0.197 -0.897  1.000  0.884 -0.994 -1.000
       22  0.99879   0.303  0.109 -0.267 -0.879  0.884  1.000 -0.929 -0.892
       23  0.99995  -0.297 -0.172  0.212  0.910 -0.994 -0.929  1.000  0.996
       24  1.00000  -0.291 -0.182  0.197  0.899 -1.000 -0.892  0.996  1.000
 ERR MATRIX APPROXIMATE
MINUIT - FIT ONLY 1-CBO + wiggle
 **********
 **   16 **RES 
 **********
                   PARAMETER   16  beta_vw RESTORED TO VARIABLE.
                   PARAMETER   14  alpha_vw RESTORED TO VARIABLE.
                   PARAMETER   13  beta_y RESTORED TO VARIABLE.
                   PARAMETER   11  alpha_y RESTORED TO VARIABLE.
                   PARAMETER   10  beta_2CBO RESTORED TO VARIABLE.
                   PARAMETER    9  alpha_2CBO RESTORED TO VARIABLE.
                   PARAMETER    8  beta_CBO RESTORED TO VARIABLE.
                   PARAMETER    6  alpha_CBO RESTORED TO VARIABLE.
 **********
 **   17 **FIX            8
 **********
 **********
 **   18 **FIX            9
 **********
 **********
 **   19 **FIX           11
 **********
 **********
 **   20 **FIX           12
 **********
 PARAMETER   12  IS CONSTANT.   IGNORED.
 **********
 **   21 **FIX           14
 **********
 **********
 **   22 **FIX           15
 **********
 PARAMETER   15  IS CONSTANT.   IGNORED.
 **********
 **   23 **FIX           16
 **********
 **********
 **   24 **MIGRAD
 **********
 START MIGRAD MINIMIZATION.  STRATEGY  1.  CONVERGENCE WHEN EDM .LT. 1.00e-04
 FCN=541.474 FROM MIGRAD    STATUS=INITIATE       28 CALLS        1363 TOTAL
                     EDM= unknown      STRATEGY= 1      NO ERROR MATRIX       
  EXT PARAMETER               CURRENT GUESS       STEP         FIRST   
  NO.   NAME      VALUE            ERROR          SIZE      DERIVATIVE 
   1  N0           2.85688e+06   6.94678e+02   1.17697e+01  -2.98183e-05
   2  tau          6.43976e+01   constant   
   3  A0           3.63803e-01   2.07573e-04   5.26318e-06  -2.36121e+02
   4  phi          4.11450e+00   1.47745e-03  -1.96812e-05  -2.72622e+02
   5  R           -5.94693e+01   constant   
   6  alpha_CBO    0.00000e+00   1.00000e-03   1.00000e-03   6.96974e+03
   7  w_CBO        2.32500e+00   constant   
   8  beta_CBO     0.00000e+00     fixed    
   9  alpha_2CBO   0.00000e+00     fixed    
  10  beta_2CBO    0.00000e+00   1.00000e-03   1.00000e-03   4.31326e+03
  11  alpha_y      0.00000e+00     fixed    
  12  w_y          1.44500e+01   constant   
  13  beta_y       0.00000e+00   1.00000e-03   1.00000e-03   2.19314e+05
  14  alpha_vw     0.00000e+00     fixed    
  15  w_vw         1.29000e+01   constant   
  16  beta_vw      0.00000e+00     fixed    
  17  LM          -2.20020e-04   constant   
  18  zeta_y       0.00000e+00   constant   
  19  zeta_vw      0.00000e+00   constant   
  20  T_CBO        9.98451e+00   8.56764e-01  -2.71979e-04   1.06799e+02
  21  alpha_A0     6.49974e-01   2.38418e-01   1.55612e-02  -1.43554e+01
  22  beta_A0     -7.08533e-04   2.64269e-02   1.91742e-04   6.64014e+00
  23  alpha_phi   -2.33220e-01   1.03640e-01  -5.48711e-03  -4.15064e+00
  24  beta_phi    -1.46900e+00   5.19361e-01  -3.27282e-02  -6.73552e+00
 CALL LIMIT EXCEEDED IN MIGRAD.
 MIGRAD TERMINATED WITHOUT CONVERGENCE.
 FCN=137.651 FROM MIGRAD    STATUS=CALL LIMIT   1905 CALLS        3240 TOTAL
                     EDM=0.00056067    STRATEGY= 1  ERROR MATRIX UNCERTAINTY   5.4 per cent
  EXT PARAMETER                APPROXIMATE        STEP         FIRST   
  NO.   NAME      VALUE            ERROR          SIZE      DERIVATIVE 
   1  N0           2.92154e+06   2.41154e+04   4.34100e+02   9.23141e-05
   2  tau          6.43976e+01   constant   
   3  A0           3.88046e-01   9.99386e-03   1.80681e-04  -1.68413e+02
   4  phi          4.17352e+00   1.90951e-02   3.21522e-04   3.69705e+01
   5  R           -5.94693e+01   constant   
   6  alpha_CBO    1.06403e-02   4.26172e-03   8.09711e-05  -4.95095e+01
   7  w_CBO        2.32500e+00   constant   
   8  beta_CBO     0.00000e+00     fixed    
   9  alpha_2CBO   0.00000e+00     fixed    
  10  beta_2CBO    5.23770e-03   2.46072e-03   4.22335e-05   1.02185e+02
  11  alpha_y      0.00000e+00     fixed    
  12  w_y          1.44500e+01   constant   
  13  beta_y      -3.61012e-03   1.85399e-04  -1.24121e-07   5.03538e+01
  14  alpha_vw     0.00000e+00     fixed    
  15  w_vw         1.29000e+01   constant   
  16  beta_vw      0.00000e+00     fixed    
  17  LM          -2.20020e-04   constant   
  18  zeta_y       0.00000e+00   constant   
  19  zeta_vw      0.00000e+00   constant   
  20  T_CBO        9.80550e+00   6.38423e-02  -1.35440e-05  -1.72861e+02
  21  alpha_A0     1.53953e+01   5.35859e+00   9.30950e-02  -2.77529e-01
  22  beta_A0      3.61040e+00   1.20752e+00   2.17070e-02  -7.97234e-02
  23  alpha_phi    2.00410e+00   1.05798e+00   1.86079e-02  -1.59280e-01
  24  beta_phi    -1.36698e+01   4.25988e+00  -7.37010e-02  -8.66606e-02
 EXTERNAL ERROR MATRIX.    NDIM=  25    NPAR= 11    ERR DEF=1
  5.816e+08 
  2.409e+02  9.988e-05 
  4.531e+02  1.884e-04  3.646e-04 
  1.004e+02  4.167e-05  7.813e-05  1.816e-05 
  5.750e+01  2.373e-05  4.379e-05  9.528e-06  6.055e-06 
 -6.021e-01 -2.431e-07 -4.156e-07 -1.264e-07 -5.216e-08  3.437e-08 
 -1.426e+03 -5.898e-04 -1.058e-03 -2.589e-04 -1.399e-04  2.142e-06  4.076e-03 
  1.288e+05  5.338e-02  1.013e-01  2.193e-02  1.282e-02 -1.187e-04 -3.080e-01  2.871e+01 
  2.906e+04  1.204e-02  2.276e-02  4.993e-03  2.877e-03 -3.125e-05 -7.038e-02  6.453e+00  1.458e+00 
  2.524e+04  1.048e-02  1.995e-02  4.456e-03  2.416e-03 -2.738e-05 -6.209e-02  5.575e+00  1.260e+00  1.119e+00 
 -1.017e+05 -4.225e-02 -8.124e-02 -1.761e-02 -9.826e-03  9.646e-05  2.418e-01 -2.265e+01 -5.097e+00 -4.471e+00  1.815e+01 
ERR MATRIX APPROXIMATE
 PARAMETER  CORRELATION COEFFICIENTS  
       NO.  GLOBAL      1      3      4      6     10     13     20     21     22     23     24
        1  0.99997   1.000  1.000  0.984  0.977  0.969 -0.135 -0.926  0.997  0.998  0.989 -0.990
        3  0.99995   1.000  1.000  0.987  0.978  0.965 -0.131 -0.924  0.997  0.998  0.991 -0.992
        4  0.99993   0.984  0.987  1.000  0.960  0.932 -0.117 -0.868  0.990  0.987  0.987 -0.999
        6  0.99967   0.977  0.978  0.960  1.000  0.909 -0.160 -0.952  0.960  0.970  0.988 -0.970
       10  0.99837   0.969  0.965  0.932  0.909  1.000 -0.114 -0.891  0.972  0.968  0.928 -0.937
       13  0.40275  -0.135 -0.131 -0.117 -0.160 -0.114  1.000  0.181 -0.120 -0.140 -0.140  0.122
       20  0.99529  -0.926 -0.924 -0.868 -0.952 -0.891  0.181  1.000 -0.900 -0.913 -0.919  0.889
       21  0.99997   0.997  0.997  0.990  0.960  0.972 -0.120 -0.900  1.000  0.997  0.983 -0.992
       22  0.99937   0.998  0.998  0.987  0.970  0.968 -0.140 -0.913  0.997  1.000  0.986 -0.991
       23  0.99926   0.989  0.991  0.987  0.988  0.928 -0.140 -0.919  0.983  0.986  1.000 -0.992
       24  0.99990  -0.990 -0.992 -0.999 -0.970 -0.937  0.122  0.889 -0.992 -0.991 -0.992  1.000
 ERR MATRIX APPROXIMATE
MINUIT - FIT ONLY 2-CBO
 **********
 **   25 **RES 
 **********
                   PARAMETER   16  beta_vw RESTORED TO VARIABLE.
                   PARAMETER   14  alpha_vw RESTORED TO VARIABLE.
                   PARAMETER   11  alpha_y RESTORED TO VARIABLE.
                   PARAMETER    9  alpha_2CBO RESTORED TO VARIABLE.
                   PARAMETER    8  beta_CBO RESTORED TO VARIABLE.
 **********
 **   26 **FIX            0
 **********
 PARAMETER    0  IS UNDEFINED. IGNORED.
 **********
 **   27 **FIX            1
 **********
 **********
 **   28 **FIX            2
 **********
 PARAMETER    2  IS CONSTANT.   IGNORED.
 **********
 **   29 **FIX            3
 **********
 **********
 **   30 **FIX            4
 **********
 **********
 **   31 **FIX            5
 **********
 PARAMETER    5  IS CONSTANT.   IGNORED.
 **********
 **   32 **FIX            6
 **********
 **********
 **   33 **FIX            7
 **********
 PARAMETER    7  IS CONSTANT.   IGNORED.
 **********
 **   34 **FIX           10
 **********
 **********
 **   35 **FIX           11
 **********
 **********
 **   36 **FIX           12
 **********
 PARAMETER   12  IS CONSTANT.   IGNORED.
 **********
 **   37 **FIX           13
 **********
 **********
 **   38 **FIX           14
 **********
 **********
 **   39 **FIX           15
 **********
 PARAMETER   15  IS CONSTANT.   IGNORED.
 **********
 **   40 **FIX           16
 **********
 **********
 **   41 **MIGRAD
 **********
 START MIGRAD MINIMIZATION.  STRATEGY  1.  CONVERGENCE WHEN EDM .LT. 1.00e-04
 FCN=137.651 FROM MIGRAD    STATUS=INITIATE       18 CALLS        3258 TOTAL
                     EDM= unknown      STRATEGY= 1      NO ERROR MATRIX       
  EXT PARAMETER               CURRENT GUESS       STEP         FIRST   
  NO.   NAME      VALUE            ERROR          SIZE      DERIVATIVE 
   1  N0           2.92154e+06     fixed    
   2  tau          6.43976e+01   constant   
   3  A0           3.88046e-01     fixed    
   4  phi          4.17352e+00     fixed    
   5  R           -5.94693e+01   constant   
   6  alpha_CBO    1.06403e-02     fixed    
   7  w_CBO        2.32500e+00   constant   
   8  beta_CBO     0.00000e+00   1.00000e-03   1.00000e-03   1.23534e+02
   9  alpha_2CBO   0.00000e+00   1.00000e-03   1.00000e-03   5.71010e+02
  10  beta_2CBO    5.23770e-03     fixed    
  11  alpha_y      0.00000e+00     fixed    
  12  w_y          1.44500e+01   constant   
  13  beta_y      -3.61012e-03     fixed    
  14  alpha_vw     0.00000e+00     fixed    
  15  w_vw         1.29000e+01   constant   
  16  beta_vw      0.00000e+00     fixed    
  17  LM          -2.20020e-04   constant   
  18  zeta_y       0.00000e+00   constant   
  19  zeta_vw      0.00000e+00   constant   
  20  T_CBO        9.80550e+00   6.38423e-02  -1.35440e-05  -1.72861e+02
  21  alpha_A0     1.53953e+01   5.35859e+00   9.30950e-02  -2.77529e-01
  22  beta_A0      3.61040e+00   1.20752e+00   2.17070e-02  -7.97234e-02
  23  alpha_phi    2.00410e+00   1.05798e+00   1.86079e-02  -1.59280e-01
  24  beta_phi    -1.36698e+01   4.25988e+00  -7.37010e-02  -8.66606e-02
 MIGRAD MINIMIZATION HAS CONVERGED.
 MIGRAD WILL VERIFY CONVERGENCE AND ERROR MATRIX.
 FCN=137.629 FROM MIGRAD    STATUS=CONVERGED     166 CALLS        3406 TOTAL
                     EDM=1.43019e-05    STRATEGY= 1      ERR MATRIX NOT POS-DEF
  EXT PARAMETER                APPROXIMATE        STEP         FIRST   
  NO.   NAME      VALUE            ERROR          SIZE      DERIVATIVE 
   1  N0           2.92154e+06     fixed    
   2  tau          6.43976e+01   constant   
   3  A0           3.88046e-01     fixed    
   4  phi          4.17352e+00     fixed    
   5  R           -5.94693e+01   constant   
   6  alpha_CBO    1.06403e-02     fixed    
   7  w_CBO        2.32500e+00   constant   
   8  beta_CBO    -2.76278e-05   4.19831e-04   1.09374e-06  -4.40512e-02
   9  alpha_2CBO  -7.74746e-05   5.24167e-04   1.03336e-06   1.11040e-01
  10  beta_2CBO    5.23770e-03     fixed    
  11  alpha_y      0.00000e+00     fixed    
  12  w_y          1.44500e+01   constant   
  13  beta_y      -3.61012e-03     fixed    
  14  alpha_vw     0.00000e+00     fixed    
  15  w_vw         1.29000e+01   constant   
  16  beta_vw      0.00000e+00     fixed    
  17  LM          -2.20020e-04   constant   
  18  zeta_y       0.00000e+00   constant   
  19  zeta_vw      0.00000e+00   constant   
  20  T_CBO        9.80506e+00   1.11528e-01   6.54426e-07  -2.17347e+00
  21  alpha_A0     1.53844e+01   8.51275e-01   4.61723e-04   1.73157e-03
  22  beta_A0      3.63555e+00   2.63148e-01   3.90879e-04   7.38469e-04
  23  alpha_phi    1.98574e+00   1.79400e-01   3.83544e-04   2.50164e-04
  24  beta_phi    -1.36710e+01   7.60058e-01   4.68653e-04  -1.68186e-03
 EXTERNAL ERROR MATRIX.    NDIM=  25    NPAR=  7    ERR DEF=1
  1.763e-07  6.425e-08 -6.394e-06  5.217e-05 -2.449e-05  2.570e-05  7.181e-06 
  6.425e-08  2.748e-07  7.678e-07  4.946e-05 -8.380e-05  6.625e-05 -1.232e-05 
 -6.394e-06  7.678e-07  1.244e-02 -9.372e-02 -2.171e-02 -1.177e-02  8.279e-02 
  5.217e-05  4.946e-05 -9.372e-02  7.247e-01  1.471e-01  1.026e-01 -6.320e-01 
 -2.449e-05 -8.380e-05 -2.171e-02  1.471e-01  6.925e-02 -7.844e-04 -1.437e-01 
  2.570e-05  6.625e-05 -1.177e-02  1.026e-01 -7.844e-04  3.218e-02 -8.178e-02 
  7.181e-06 -1.232e-05  8.279e-02 -6.320e-01 -1.437e-01 -8.178e-02  5.777e-01 
ERR MATRIX NOT POS-DEF
 PARAMETER  CORRELATION COEFFICIENTS  
       NO.  GLOBAL      8      9     20     21     22     23     24
        8  0.89174   1.000  0.292 -0.137  0.146 -0.222  0.341  0.023
        9  0.93953   0.292  1.000  0.013  0.111 -0.608  0.705 -0.031
       20  0.99720  -0.137  0.013  1.000 -0.987 -0.740 -0.588  0.977
       21  0.99555   0.146  0.111 -0.987  1.000  0.657  0.672 -0.977
       22  0.96614  -0.222 -0.608 -0.740  0.657  1.000 -0.017 -0.718
       23  0.92848   0.341  0.705 -0.588  0.672 -0.017  1.000 -0.600
       24  0.99425   0.023 -0.031  0.977 -0.977 -0.718 -0.600  1.000
 ERR MATRIX NOT POS-DEF
MINUIT - FIT wiggle + 1-CBO + 2-CBO
 **********
 **   42 **RES 
 **********
                   PARAMETER   16  beta_vw RESTORED TO VARIABLE.
                   PARAMETER   14  alpha_vw RESTORED TO VARIABLE.
                   PARAMETER   13  beta_y RESTORED TO VARIABLE.
                   PARAMETER   11  alpha_y RESTORED TO VARIABLE.
                   PARAMETER   10  beta_2CBO RESTORED TO VARIABLE.
                   PARAMETER    6  alpha_CBO RESTORED TO VARIABLE.
                   PARAMETER    4  phi RESTORED TO VARIABLE.
                   PARAMETER    3  A0 RESTORED TO VARIABLE.
                   PARAMETER    1  N0 RESTORED TO VARIABLE.
 **********
 **   43 **FIX           10
 **********
 **********
 **   44 **FIX           11
 **********
 **********
 **   45 **FIX           12
 **********
 PARAMETER   12  IS CONSTANT.   IGNORED.
 **********
 **   46 **FIX           13
 **********
 **********
 **   47 **FIX           14
 **********
 **********
 **   48 **FIX           15
 **********
 PARAMETER   15  IS CONSTANT.   IGNORED.
 **********
 **   49 **FIX           16
 **********
 **********
 **   50 **MIGRAD
 **********
 START MIGRAD MINIMIZATION.  STRATEGY  1.  CONVERGENCE WHEN EDM .LT. 1.00e-04
 FCN=137.629 FROM MIGRAD    STATUS=INITIATE       22 CALLS        3428 TOTAL
                     EDM= unknown      STRATEGY= 1      NO ERROR MATRIX       
  EXT PARAMETER               CURRENT GUESS       STEP         FIRST   
  NO.   NAME      VALUE            ERROR          SIZE      DERIVATIVE 
   1  N0           2.92154e+06   2.41154e+04   2.41154e+04  -2.60054e-05
   2  tau          6.43976e+01   constant   
   3  A0           3.88046e-01   9.99386e-03   9.99386e-03  -2.28477e+02
   4  phi          4.17352e+00   1.90951e-02   1.90951e-02   3.58910e+01
   5  R           -5.94693e+01   constant   
   6  alpha_CBO    1.06403e-02   4.26172e-03   4.26172e-03   3.50415e+02
   7  w_CBO        2.32500e+00   constant   
   8  beta_CBO    -2.76278e-05   4.19831e-04   1.09374e-06  -4.40504e-02
   9  alpha_2CBO  -7.74746e-05   5.24167e-04   1.03336e-06   1.11019e-01
  10  beta_2CBO    5.23770e-03     fixed    
  11  alpha_y      0.00000e+00     fixed    
  12  w_y          1.44500e+01   constant   
  13  beta_y      -3.61012e-03     fixed    
  14  alpha_vw     0.00000e+00     fixed    
  15  w_vw         1.29000e+01   constant   
  16  beta_vw      0.00000e+00     fixed    
  17  LM          -2.20020e-04   constant   
  18  zeta_y       0.00000e+00   constant   
  19  zeta_vw      0.00000e+00   constant   
  20  T_CBO        9.80506e+00   1.11528e-01   6.54426e-07  -2.17182e+00
  21  alpha_A0     1.53844e+01   8.51275e-01   4.61723e-04   1.73126e-03
  22  beta_A0      3.63555e+00   2.63148e-01   3.90879e-04   7.38247e-04
  23  alpha_phi    1.98574e+00   1.79400e-01   3.83544e-04   2.50088e-04
  24  beta_phi    -1.36710e+01   7.60058e-01   4.68653e-04  -1.68190e-03
 MIGRAD MINIMIZATION HAS CONVERGED.
 MIGRAD WILL VERIFY CONVERGENCE AND ERROR MATRIX.
 FCN=136.555 FROM HESSE     STATUS=NOT POSDEF    100 CALLS        4233 TOTAL
                     EDM=0.000145439    STRATEGY= 1      ERR MATRIX NOT POS-DEF
  EXT PARAMETER                APPROXIMATE        STEP         FIRST   
  NO.   NAME      VALUE            ERROR          SIZE      DERIVATIVE 
   1  N0           2.92109e+06   4.38688e+03   2.19225e+00  -3.91740e-06
   2  tau          6.43976e+01   constant   
   3  A0           3.90025e-01   1.78986e-03   8.19906e-07  -1.75822e+01
   4  phi          4.17934e+00   4.64307e-03   2.17136e-06   1.02554e+00
   5  R           -5.94693e+01   constant   
   6  alpha_CBO    5.29359e-03   1.88233e-03   1.03816e-06   2.22150e+01
   7  w_CBO        2.32500e+00   constant   
   8  beta_CBO    -4.23268e-03   1.77128e-03   1.09119e-06  -2.88017e+00
   9  alpha_2CBO  -2.46338e-03   8.34022e-04   1.02989e-06   1.19833e+01
  10  beta_2CBO    5.23770e-03     fixed    
  11  alpha_y      0.00000e+00     fixed    
  12  w_y          1.44500e+01   constant   
  13  beta_y      -3.61012e-03     fixed    
  14  alpha_vw     0.00000e+00     fixed    
  15  w_vw         1.29000e+01   constant   
  16  beta_vw      0.00000e+00     fixed    
  17  LM          -2.20020e-04   constant   
  18  zeta_y       0.00000e+00   constant   
  19  zeta_vw      0.00000e+00   constant   
  20  T_CBO        9.98738e+00   9.22216e-02   6.53547e-07   2.30831e+01
  21  alpha_A0     1.65424e+01   6.78478e-01   4.09303e-04   4.59231e-02
  22  beta_A0      3.96942e+00   6.18981e-01   3.49305e-04   5.64392e-03
  23  alpha_phi    3.03784e-01   6.29136e-01   3.51531e-04  -5.87021e-02
  24  beta_phi    -1.52092e+01   6.92075e-01   4.24712e-04   1.36286e-02
 CALL LIMIT EXCEEDED IN MIGRAD.
 MIGRAD TERMINATED WITHOUT CONVERGENCE.
 FCN=134.22 FROM MIGRAD    STATUS=CALL LIMIT   1923 CALLS        5329 TOTAL
                     EDM=0.0359427    STRATEGY= 1      ERR MATRIX NOT POS-DEF
  EXT PARAMETER                APPROXIMATE        STEP         FIRST   
  NO.   NAME      VALUE            ERROR          SIZE      DERIVATIVE 
   1  N0           3.05371e+06   5.16913e+04   3.06797e+03  -1.44639e-04
   2  tau          6.43976e+01   constant   
   3  A0           3.72278e-01   7.06641e-03   2.68899e-05   4.44955e+02
   4  phi          4.13119e+00   2.40612e-02  -8.48320e-04  -5.53667e+01
   5  R           -5.94693e+01   constant   
   6  alpha_CBO   -3.45554e-03   5.21676e-03   1.32320e-04  -3.70542e+01
   7  w_CBO        2.32500e+00   constant   
   8  beta_CBO    -5.13300e-02   1.54805e-02  -9.08182e-04  -1.76026e+01
   9  alpha_2CBO  -1.93522e-02   5.13006e-03  -2.96948e-04  -2.66855e+02
  10  beta_2CBO    5.23770e-03     fixed    
  11  alpha_y      0.00000e+00     fixed    
  12  w_y          1.44500e+01   constant   
  13  beta_y      -3.61012e-03     fixed    
  14  alpha_vw     0.00000e+00     fixed    
  15  w_vw         1.29000e+01   constant   
  16  beta_vw      0.00000e+00     fixed    
  17  LM          -2.20020e-04   constant   
  18  zeta_y       0.00000e+00   constant   
  19  zeta_vw      0.00000e+00   constant   
  20  T_CBO        1.01600e+01   1.03015e-01  -1.11887e-05   8.03622e+02
  21  alpha_A0     1.78172e+01   2.19037e+00   7.99875e-02   1.18275e-02
  22  beta_A0      2.56305e+01   6.81513e+00   3.94281e-01   3.66258e-01
  23  alpha_phi    8.99295e+00   2.97906e+00   1.61192e-01   1.03242e+00
  24  beta_phi    -1.68101e+01   2.18001e+00  -8.78152e-02   9.65918e-02
 EXTERNAL ERROR MATRIX.    NDIM=  25    NPAR= 11    ERR DEF=1
  2.672e+09 
 -9.291e+01  4.993e-05 
 -1.071e+03  1.115e-04  5.789e-04 
  1.177e+02  2.277e-05 -1.214e-05  2.721e-05 
 -7.807e+02  4.339e-05  3.351e-04 -1.920e-05  2.396e-04 
 -2.452e+02  1.832e-05  1.101e-04 -2.027e-06  7.794e-05  2.632e-05 
  9.663e+02 -7.079e-04 -1.558e-03 -2.933e-04 -4.750e-04 -2.050e-04  1.061e-02 
  4.769e+03  1.260e-02  2.362e-02  4.881e-03  9.820e-04  1.009e-03 -2.077e-01  4.798e+00 
  3.448e+05 -2.019e-02 -1.482e-01  8.763e-03 -1.050e-01 -3.425e-02  2.274e-01 -8.458e-01  4.645e+01 
  1.513e+05 -7.134e-03 -6.320e-02  6.473e-03 -4.385e-02 -1.380e-02  8.626e-02 -4.514e-01  1.968e+01  8.875e+00 
 -9.542e+03 -1.219e-02 -2.122e-02 -4.830e-03  6.992e-04 -4.163e-04  2.031e-01 -4.756e+00  1.498e-01  2.163e-01  4.752e+00 
ERR MATRIX NOT POS-DEF
 PARAMETER  CORRELATION COEFFICIENTS  
       NO.  GLOBAL      1      3      4      6      8      9     20     21     22     23     24
        1  0.99999   1.000 -0.254 -0.861  0.436 -0.976 -0.925  0.181  0.042  0.979  0.983 -0.085
        3  0.99994  -0.254  1.000  0.656  0.618  0.397  0.505 -0.972  0.814 -0.419 -0.339 -0.791
        4  0.99995  -0.861  0.656  1.000 -0.097  0.900  0.892 -0.629  0.448 -0.904 -0.882 -0.404
        6  0.99950   0.436  0.618 -0.097  1.000 -0.238 -0.076 -0.546  0.427  0.246  0.417 -0.425
        8  0.99995  -0.976  0.397  0.900 -0.238  1.000  0.981 -0.298  0.029 -0.995 -0.951  0.021
        9  0.99952  -0.925  0.505  0.892 -0.076  0.981  1.000 -0.388  0.090 -0.980 -0.903 -0.037
       20  0.99967   0.181 -0.972 -0.629 -0.546 -0.298 -0.388  1.000 -0.920  0.324  0.281  0.904
       21  0.99965   0.042  0.814  0.448  0.427  0.029  0.090 -0.920  1.000 -0.057 -0.069 -0.996
       22  0.99999   0.979 -0.419 -0.904  0.246 -0.995 -0.980  0.324 -0.057  1.000  0.969  0.010
       23  0.99990   0.983 -0.339 -0.882  0.417 -0.951 -0.903  0.281 -0.069  0.969  1.000  0.033
       24  0.99963  -0.085 -0.791 -0.404 -0.425  0.021 -0.037  0.904 -0.996  0.010  0.033  1.000
 ERR MATRIX NOT POS-DEF
MINUIT - FIT ONLY 1-y
 **********
 **   51 **RES 
 **********
                   PARAMETER   16  beta_vw RESTORED TO VARIABLE.
                   PARAMETER   14  alpha_vw RESTORED TO VARIABLE.
                   PARAMETER   13  beta_y RESTORED TO VARIABLE.
                   PARAMETER   11  alpha_y RESTORED TO VARIABLE.
                   PARAMETER   10  beta_2CBO RESTORED TO VARIABLE.
 **********
 **   52 **FIX            0
 **********
 PARAMETER    0  IS UNDEFINED. IGNORED.
 **********
 **   53 **FIX            1
 **********
 **********
 **   54 **FIX            2
 **********
 PARAMETER    2  IS CONSTANT.   IGNORED.
 **********
 **   55 **FIX            3
 **********
 **********
 **   56 **FIX            4
 **********
 **********
 **   57 **FIX            5
 **********
 PARAMETER    5  IS CONSTANT.   IGNORED.
 **********
 **   58 **FIX            6
 **********
 **********
 **   59 **FIX            7
 **********
 PARAMETER    7  IS CONSTANT.   IGNORED.
 **********
 **   60 **FIX            8
 **********
 **********
 **   61 **FIX            9
 **********
 **********
 **   62 **FIX           13
 **********
 **********
 **   63 **FIX           14
 **********
 **********
 **   64 **FIX           15
 **********
 PARAMETER   15  IS CONSTANT.   IGNORED.
 **********
 **   65 **FIX           16
 **********
 **********
 **   66 **MIGRAD
 **********
 START MIGRAD MINIMIZATION.  STRATEGY  1.  CONVERGENCE WHEN EDM .LT. 1.00e-04
 FCN=134.22 FROM MIGRAD    STATUS=INITIATE       16 CALLS        5345 TOTAL
                     EDM= unknown      STRATEGY= 1      NO ERROR MATRIX       
  EXT PARAMETER               CURRENT GUESS       STEP         FIRST   
  NO.   NAME      VALUE            ERROR          SIZE      DERIVATIVE 
   1  N0           3.05371e+06     fixed    
   2  tau          6.43976e+01   constant   
   3  A0           3.72278e-01     fixed    
   4  phi          4.13119e+00     fixed    
   5  R           -5.94693e+01   constant   
   6  alpha_CBO   -3.45554e-03     fixed    
   7  w_CBO        2.32500e+00   constant   
   8  beta_CBO    -5.13300e-02     fixed    
   9  alpha_2CBO  -1.93522e-02     fixed    
  10  beta_2CBO    5.23770e-03   2.46072e-03   2.46072e-03   2.29337e+02
  11  alpha_y      0.00000e+00   1.00000e-03   1.00000e-03   1.02398e+05
  12  w_y          1.44500e+01   constant   
  13  beta_y      -3.61012e-03     fixed    
  14  alpha_vw     0.00000e+00     fixed    
  15  w_vw         1.29000e+01   constant   
  16  beta_vw      0.00000e+00     fixed    
  17  LM          -2.20020e-04   constant   
  18  zeta_y       0.00000e+00   constant   
  19  zeta_vw      0.00000e+00   constant   
  20  T_CBO        1.01600e+01   1.03015e-01  -1.11887e-05   8.03622e+02
  21  alpha_A0     1.78172e+01   2.19037e+00   7.99875e-02   1.18276e-02
  22  beta_A0      2.56305e+01   6.81513e+00   3.94281e-01   3.66258e-01
  23  alpha_phi    8.99295e+00   2.97906e+00   1.61192e-01   1.03242e+00
  24  beta_phi    -1.68101e+01   2.18001e+00  -8.78152e-02   9.65917e-02
 MIGRAD MINIMIZATION HAS CONVERGED.
 MIGRAD WILL VERIFY CONVERGENCE AND ERROR MATRIX.
 FCN=35.1172 FROM MIGRAD    STATUS=CONVERGED     145 CALLS        5474 TOTAL
                     EDM=8.11094e-05    STRATEGY= 1      ERR MATRIX NOT POS-DEF
  EXT PARAMETER                APPROXIMATE        STEP         FIRST   
  NO.   NAME      VALUE            ERROR          SIZE      DERIVATIVE 
   1  N0           3.05371e+06     fixed    
   2  tau          6.43976e+01   constant   
   3  A0           3.72278e-01     fixed    
   4  phi          4.13119e+00     fixed    
   5  R           -5.94693e+01   constant   
   6  alpha_CBO   -3.45554e-03     fixed    
   7  w_CBO        2.32500e+00   constant   
   8  beta_CBO    -5.13300e-02     fixed    
   9  alpha_2CBO  -1.93522e-02     fixed    
  10  beta_2CBO    5.56026e-03   2.67878e-04   5.65612e-07  -4.19840e+00
  11  alpha_y     -1.93711e-03   1.94307e-04   5.66209e-07  -2.41186e+01
  12  w_y          1.44500e+01   constant   
  13  beta_y      -3.61012e-03     fixed    
  14  alpha_vw     0.00000e+00     fixed    
  15  w_vw         1.29000e+01   constant   
  16  beta_vw      0.00000e+00     fixed    
  17  LM          -2.20020e-04   constant   
  18  zeta_y       0.00000e+00   constant   
  19  zeta_vw      0.00000e+00   constant   
  20  T_CBO        1.01606e+01   5.15521e-02   6.52720e-07   1.24808e+01
  21  alpha_A0     1.78745e+01   4.27590e-01   2.10548e-04  -6.24446e-03
  22  beta_A0      2.56590e+01   6.18243e-01   1.83354e-04  -3.49786e-03
  23  alpha_phi    8.99615e+00   2.22369e-01   1.63671e-04   1.98623e-02
  24  beta_phi    -1.67513e+01   4.07661e-01   1.73907e-04   1.21184e-02
 EXTERNAL ERROR MATRIX.    NDIM=  25    NPAR=  7    ERR DEF=1
  7.176e-08 -6.423e-09  9.607e-08  9.580e-06  5.890e-06 -1.722e-06  1.204e-05 
 -6.423e-09  3.776e-08 -6.100e-09 -1.187e-06 -6.460e-07 -1.196e-07 -1.136e-06 
  9.607e-08 -6.100e-09  2.658e-03 -2.160e-02 -3.165e-02 -1.107e-02  2.064e-02 
  9.580e-06 -1.187e-06 -2.160e-02  1.828e-01  2.572e-01  9.086e-02 -1.670e-01 
  5.890e-06 -6.460e-07 -3.165e-02  2.572e-01  3.822e-01  1.311e-01 -2.430e-01 
 -1.722e-06 -1.196e-07 -1.107e-02  9.086e-02  1.311e-01  4.945e-02 -8.642e-02 
  1.204e-05 -1.136e-06  2.064e-02 -1.670e-01 -2.430e-01 -8.642e-02  1.662e-01 
ERR MATRIX NOT POS-DEF
 PARAMETER  CORRELATION COEFFICIENTS  
       NO.  GLOBAL     10     11     20     21     22     23     24
       10  0.69533   1.000 -0.123  0.007  0.084  0.036 -0.029  0.110
       11  0.12741  -0.123  1.000 -0.001 -0.014 -0.005 -0.003 -0.014
       20  0.99793   0.007 -0.001  1.000 -0.980 -0.993 -0.965  0.982
       21  0.98585   0.084 -0.014 -0.980  1.000  0.973  0.956 -0.958
       22  0.99489   0.036 -0.005 -0.993  0.973  1.000  0.954 -0.964
       23  0.96811  -0.029 -0.003 -0.965  0.956  0.954  1.000 -0.953
       24  0.98940   0.110 -0.014  0.982 -0.958 -0.964 -0.953  1.000
 ERR MATRIX NOT POS-DEF
MINUIT - FIT ONLY 2-y
 **********
 **   67 **RES 
 **********
                   PARAMETER   16  beta_vw RESTORED TO VARIABLE.
                   PARAMETER   14  alpha_vw RESTORED TO VARIABLE.
                   PARAMETER   13  beta_y RESTORED TO VARIABLE.
                   PARAMETER    9  alpha_2CBO RESTORED TO VARIABLE.
                   PARAMETER    8  beta_CBO RESTORED TO VARIABLE.
                   PARAMETER    6  alpha_CBO RESTORED TO VARIABLE.
                   PARAMETER    4  phi RESTORED TO VARIABLE.
                   PARAMETER    3  A0 RESTORED TO VARIABLE.
                   PARAMETER    1  N0 RESTORED TO VARIABLE.
 **********
 **   68 **FIX            0
 **********
 PARAMETER    0  IS UNDEFINED. IGNORED.
 **********
 **   69 **FIX            1
 **********
 **********
 **   70 **FIX            2
 **********
 PARAMETER    2  IS CONSTANT.   IGNORED.
 **********
 **   71 **FIX            3
 **********
 **********
 **   72 **FIX            4
 **********
 **********
 **   73 **FIX            5
 **********
 PARAMETER    5  IS CONSTANT.   IGNORED.
 **********
 **   74 **FIX            6
 **********
 **********
 **   75 **FIX            7
 **********
 PARAMETER    7  IS CONSTANT.   IGNORED.
 **********
 **   76 **FIX            8
 **********
 **********
 **   77 **FIX            9
 **********
 **********
 **   78 **FIX           10
 **********
 **********
 **   79 **FIX           11
 **********
 **********
 **   80 **FIX           12
 **********
 PARAMETER   12  IS CONSTANT.   IGNORED.
 **********
 **   81 **FIX           16
 **********
 **********
 **   82 **MIGRAD
 **********
 START MIGRAD MINIMIZATION.  STRATEGY  1.  CONVERGENCE WHEN EDM .LT. 1.00e-04
 FCN=35.1172 FROM MIGRAD    STATUS=INITIATE       16 CALLS        5490 TOTAL
                     EDM= unknown      STRATEGY= 1      NO ERROR MATRIX       
  EXT PARAMETER               CURRENT GUESS       STEP         FIRST   
  NO.   NAME      VALUE            ERROR          SIZE      DERIVATIVE 
   1  N0           3.05371e+06     fixed    
   2  tau          6.43976e+01   constant   
   3  A0           3.72278e-01     fixed    
   4  phi          4.13119e+00     fixed    
   5  R           -5.94693e+01   constant   
   6  alpha_CBO   -3.45554e-03     fixed    
   7  w_CBO        2.32500e+00   constant   
   8  beta_CBO    -5.13300e-02     fixed    
   9  alpha_2CBO  -1.93522e-02     fixed    
  10  beta_2CBO    5.56026e-03     fixed    
  11  alpha_y     -1.93711e-03     fixed    
  12  w_y          1.44500e+01   constant   
  13  beta_y      -3.61012e-03   1.85399e-04   1.85399e-04  -4.84657e+03
  14  alpha_vw     0.00000e+00   1.00000e-03   1.00000e-03  -5.75910e+03
  15  w_vw         1.29000e+01   constant   
  16  beta_vw      0.00000e+00     fixed    
  17  LM          -2.20020e-04   constant   
  18  zeta_y       0.00000e+00   constant   
  19  zeta_vw      0.00000e+00   constant   
  20  T_CBO        1.01606e+01   5.15521e-02   6.52720e-07   1.24901e+01
  21  alpha_A0     1.78745e+01   4.27590e-01   2.10548e-04  -6.24426e-03
  22  beta_A0      2.56590e+01   6.18243e-01   1.83354e-04  -3.49781e-03
  23  alpha_phi    8.99615e+00   2.22369e-01   1.63671e-04   1.98624e-02
  24  beta_phi    -1.67513e+01   4.07661e-01   1.73907e-04   1.21184e-02
 MIGRAD MINIMIZATION HAS CONVERGED.
 MIGRAD WILL VERIFY CONVERGENCE AND ERROR MATRIX.
 FCN=34.3901 FROM MIGRAD    STATUS=CONVERGED     145 CALLS        5619 TOTAL
                     EDM=2.45327e-05    STRATEGY= 1      ERR MATRIX NOT POS-DEF
  EXT PARAMETER                APPROXIMATE        STEP         FIRST   
  NO.   NAME      VALUE            ERROR          SIZE      DERIVATIVE 
   1  N0           3.05371e+06     fixed    
   2  tau          6.43976e+01   constant   
   3  A0           3.72278e-01     fixed    
   4  phi          4.13119e+00     fixed    
   5  R           -5.94693e+01   constant   
   6  alpha_CBO   -3.45554e-03     fixed    
   7  w_CBO        2.32500e+00   constant   
   8  beta_CBO    -5.13300e-02     fixed    
   9  alpha_2CBO  -1.93522e-02     fixed    
  10  beta_2CBO    5.56026e-03     fixed    
  11  alpha_y     -1.93711e-03     fixed    
  12  w_y          1.44500e+01   constant   
  13  beta_y      -3.48063e-03   1.93754e-04   5.20787e-07  -4.81897e-01
  14  alpha_vw     1.43530e-04   1.96343e-04   5.33381e-07   3.93532e-01
