 + ++++++++++++++++++++++++++++++++++++++++++++++++++++++++++++++++++++ +
 +                                                                      +
 +           You have chose to blind your fitting according to          +
 +                omega_ref * (1 + (R +/- deltaR) *10^{-6})             +
 +                                                                      +
 + ++++++++++++++++++++++++++++++++++++++++++++++++++++++++++++++++++++ +
In main()...
reading format from /gm2data/zkhechad/run45/envelope/formats/formatB_sBin_constraintOn.txt
pBinTau 	= 0  
pBinPhi 	= 0  
constraintau 	= 1 
includeMopTerm 	= 0    
constrainMop    = 0   
Parameters after format file: pBinTau 0 pBinPhi 0 constraintau 1 includeMopTerm 0 constrainMop 0 c_e_scale 0.000000 
Opening file /gm2data/tbarrett/gm2fr/studies/run23_bunch_corrections/CorrectedFourier_Run3b.root.
reading full fit data from /gm2data/zkhechad/cboTemplates/Run4CBOTemplates/templateFits0_v2.0/noRF/sBin_constraintOn_cE0.0_seed0_noRF_calo2.root
windowBins = 69
fitting sliding window 1488 from bin 1624 at 242.151600 to bin 1693 at 252.595600 (69 bins)

Reading data from /gm2data/cornell/histograms/aMethod/histogram_a_noRF.root
 **********
 **    1 **SET PRINTOUT            1
 **********
 **********
 **    2 **SET NOWARNINGS 
 **********
 PARAMETER DEFINITIONS:
    NO.   NAME         VALUE      STEP SIZE      LIMITS
     1 N0           3.21271e+06  1.00000e+02     no limits
     2 tau          6.44362e+01  constant
     3 A0           3.64394e-01  1.00000e-04     no limits
     4 phi          4.11820e+00  1.00000e-02     no limits
     5 R           -5.98416e+01  constant
     6 alpha_CBO    0.00000e+00  1.00000e-03     no limits
     7 w_CBO        2.32500e+00  constant
     8 beta_CBO     0.00000e+00  1.00000e-03     no limits
     9 alpha_2CBO   0.00000e+00  1.00000e-03     no limits
    10 beta_2CBO    0.00000e+00  1.00000e-03     no limits
    11 alpha_y      0.00000e+00  1.00000e-03     no limits
    12 w_y          1.44500e+01  constant
    13 beta_y       0.00000e+00  1.00000e-03     no limits
    14 alpha_vw     0.00000e+00  1.00000e-03     no limits
    15 w_vw         1.29000e+01  constant
    16 beta_vw      0.00000e+00  1.00000e-03     no limits
    17 LM           1.16794e-03  constant
    18 zeta_y       0.00000e+00  constant
    19 zeta_vw      0.00000e+00  constant
    20 T_CBO        1.00000e+02  1.00000e+00    0.00000e+00  1.00000e+03
    21 alpha_A0     0.00000e+00  1.00000e-03     no limits
    22 beta_A0      0.00000e+00  1.00000e-03     no limits
    23 alpha_phi    0.00000e+00  1.00000e-03     no limits
    24 beta_phi     0.00000e+00  1.00000e-03     no limits
MINUIT - FIT ONLY WIGGLE
 **********
 **    3 **FIX            5
 **********
 PARAMETER    5  IS CONSTANT.   IGNORED.
 **********
 **    4 **FIX            6
 **********
 **********
 **    5 **FIX            7
 **********
 PARAMETER    7  IS CONSTANT.   IGNORED.
 **********
 **    6 **FIX            8
 **********
 **********
 **    7 **FIX            9
 **********
 **********
 **    8 **FIX           10
 **********
 **********
 **    9 **FIX           11
 **********
 **********
 **   10 **FIX           12
 **********
 PARAMETER   12  IS CONSTANT.   IGNORED.
 **********
 **   11 **FIX           13
 **********
 **********
 **   12 **FIX           14
 **********
 **********
 **   13 **FIX           15
 **********
 PARAMETER   15  IS CONSTANT.   IGNORED.
 **********
 **   14 **FIX           16
 **********
 **********
 **   15 **MIGRAD
 **********
 FIRST CALL TO USER FUNCTION AT NEW START POINT, WITH IFLAG=4.
 START MIGRAD MINIMIZATION.  STRATEGY  1.  CONVERGENCE WHEN EDM .LT. 1.00e-04
 FCN=89.3589 FROM MIGRAD    STATUS=INITIATE      437 CALLS         438 TOTAL
                     EDM= unknown      STRATEGY= 1      NO ERROR MATRIX       
  EXT PARAMETER               CURRENT GUESS       STEP         FIRST   
  NO.   NAME      VALUE            ERROR          SIZE      DERIVATIVE 
   1  N0           3.21271e+06   1.00000e+02   0.00000e+00  -8.76060e-04
   2  tau          6.44362e+01   constant   
   3  A0           3.64394e-01   1.00000e-04   0.00000e+00   3.64405e+03
   4  phi          4.11820e+00   1.00000e-02   0.00000e+00  -1.81035e+03
   5  R           -5.98416e+01   constant   
   6  alpha_CBO    0.00000e+00     fixed    
   7  w_CBO        2.32500e+00   constant   
   8  beta_CBO     0.00000e+00     fixed    
   9  alpha_2CBO   0.00000e+00     fixed    
  10  beta_2CBO    0.00000e+00     fixed    
  11  alpha_y      0.00000e+00     fixed    
  12  w_y          1.44500e+01   constant   
  13  beta_y       0.00000e+00     fixed    
  14  alpha_vw     0.00000e+00     fixed    
  15  w_vw         1.29000e+01   constant   
  16  beta_vw      0.00000e+00     fixed    
  17  LM           1.16794e-03   constant   
  18  zeta_y       0.00000e+00   constant   
  19  zeta_vw      0.00000e+00   constant   
  20  T_CBO        1.00000e+02   1.00000e+00   0.00000e+00   0.00000e+00
  21  alpha_A0     0.00000e+00   1.00000e-03   0.00000e+00  -7.06021e+01
  22  beta_A0      0.00000e+00   1.00000e-03   0.00000e+00   7.57953e+00
  23  alpha_phi    0.00000e+00   1.00000e-03   0.00000e+00   4.51780e+01
  24  beta_phi     0.00000e+00   1.00000e-03   0.00000e+00  -7.95236e+01
 CALL LIMIT EXCEEDED IN MIGRAD.
 MIGRAD TERMINATED WITHOUT CONVERGENCE.
 FCN=86.0534 FROM MIGRAD    STATUS=CALL LIMIT   1327 CALLS        1328 TOTAL
                     EDM=0.00313906    STRATEGY= 1  ERROR MATRIX UNCERTAINTY   2.5 per cent
  EXT PARAMETER                APPROXIMATE        STEP         FIRST   
  NO.   NAME      VALUE            ERROR          SIZE      DERIVATIVE 
   1  N0           3.21338e+06   9.72024e+02  -1.13864e+01   3.46762e-05
   2  tau          6.44362e+01   constant   
   3  A0           3.64067e-01   3.70355e-04   2.77125e-06  -1.03788e+02
   4  phi          4.11941e+00   1.10549e-03  -6.39955e-07   2.95742e+01
   5  R           -5.98416e+01   constant   
   6  alpha_CBO    0.00000e+00     fixed    
   7  w_CBO        2.32500e+00   constant   
   8  beta_CBO     0.00000e+00     fixed    
   9  alpha_2CBO   0.00000e+00     fixed    
  10  beta_2CBO    0.00000e+00     fixed    
  11  alpha_y      0.00000e+00     fixed    
  12  w_y          1.44500e+01   constant   
  13  beta_y       0.00000e+00     fixed    
  14  alpha_vw     0.00000e+00     fixed    
  15  w_vw         1.29000e+01   constant   
  16  beta_vw      0.00000e+00     fixed    
  17  LM           1.16794e-03   constant   
  18  zeta_y       0.00000e+00   constant   
  19  zeta_vw      0.00000e+00   constant   
  20  T_CBO        2.95712e+01   1.35977e+01  -4.46371e-03  -5.61983e+00
  21  alpha_A0     3.82840e+00   1.20326e+01   6.15910e-01  -8.49792e-03
  22  beta_A0     -2.93695e+00   9.30070e+00  -4.75953e-01   2.59085e-03
  23  alpha_phi   -4.95131e+00   1.56575e+01  -8.01338e-01   9.61321e-03
  24  beta_phi     4.31483e+00   1.36393e+01   6.98106e-01  -1.52648e-02
 EXTERNAL ERROR MATRIX.    NDIM=  25    NPAR=  8    ERR DEF=1
  9.448e+05 -3.329e-02 -4.316e-02  3.672e+02  1.826e+02 -1.456e+02 -2.411e+02  2.058e+02 
 -3.329e-02  1.372e-07  2.968e-08  1.523e-05 -1.857e-04  1.445e-04  2.423e-04 -2.100e-04 
 -4.316e-02  2.968e-08  1.222e-06 -7.875e-04  1.055e-03 -8.170e-04 -1.376e-03  1.199e-03 
  3.672e+02  1.523e-05 -7.875e-04  1.853e+02 -1.618e+02  1.251e+02  2.106e+02 -1.835e+02 
  1.826e+02 -1.857e-04  1.055e-03 -1.618e+02  1.448e+02 -1.119e+02 -1.884e+02  1.641e+02 
 -1.456e+02  1.445e-04 -8.170e-04  1.251e+02 -1.119e+02  8.650e+01  1.456e+02 -1.269e+02 
 -2.411e+02  2.423e-04 -1.376e-03  2.106e+02 -1.884e+02  1.456e+02  2.452e+02 -2.136e+02 
  2.058e+02 -2.100e-04  1.199e-03 -1.835e+02  1.641e+02 -1.269e+02 -2.136e+02  1.860e+02 
ERR MATRIX APPROXIMATE
 PARAMETER  CORRELATION COEFFICIENTS  
       NO.  GLOBAL      1      3      4     20     21     22     23     24
        1  0.37046   1.000 -0.092 -0.040  0.028  0.016 -0.016 -0.016  0.016
        3  0.31064  -0.092  1.000  0.072  0.003 -0.042  0.042  0.042 -0.042
        4  0.25937  -0.040  0.072  1.000 -0.052  0.079 -0.079 -0.079  0.080
       20  0.99019   0.028  0.003 -0.052  1.000 -0.988  0.988  0.988 -0.988
       21  1.00000   0.016 -0.042  0.079 -0.988  1.000 -1.000 -1.000  1.000
       22  1.00000  -0.016  0.042 -0.079  0.988 -1.000  1.000  1.000 -1.000
       23  1.00000  -0.016  0.042 -0.079  0.988 -1.000  1.000  1.000 -1.000
       24  1.00000   0.016 -0.042  0.080 -0.988  1.000 -1.000 -1.000  1.000
 ERR MATRIX APPROXIMATE
MINUIT - FIT ONLY 1-CBO + wiggle
 **********
 **   16 **RES 
 **********
                   PARAMETER   16  beta_vw RESTORED TO VARIABLE.
                   PARAMETER   14  alpha_vw RESTORED TO VARIABLE.
                   PARAMETER   13  beta_y RESTORED TO VARIABLE.
                   PARAMETER   11  alpha_y RESTORED TO VARIABLE.
                   PARAMETER   10  beta_2CBO RESTORED TO VARIABLE.
                   PARAMETER    9  alpha_2CBO RESTORED TO VARIABLE.
                   PARAMETER    8  beta_CBO RESTORED TO VARIABLE.
                   PARAMETER    6  alpha_CBO RESTORED TO VARIABLE.
 **********
 **   17 **FIX            8
 **********
 **********
 **   18 **FIX            9
 **********
 **********
 **   19 **FIX           11
 **********
 **********
 **   20 **FIX           12
 **********
 PARAMETER   12  IS CONSTANT.   IGNORED.
 **********
 **   21 **FIX           14
 **********
 **********
 **   22 **FIX           15
 **********
 PARAMETER   15  IS CONSTANT.   IGNORED.
 **********
 **   23 **FIX           16
 **********
 **********
 **   24 **MIGRAD
 **********
 START MIGRAD MINIMIZATION.  STRATEGY  1.  CONVERGENCE WHEN EDM .LT. 1.00e-04
 FCN=86.0534 FROM MIGRAD    STATUS=INITIATE       28 CALLS        1356 TOTAL
                     EDM= unknown      STRATEGY= 1      NO ERROR MATRIX       
  EXT PARAMETER               CURRENT GUESS       STEP         FIRST   
  NO.   NAME      VALUE            ERROR          SIZE      DERIVATIVE 
   1  N0           3.21338e+06   9.72024e+02  -1.13864e+01   3.46762e-05
   2  tau          6.44362e+01   constant   
   3  A0           3.64067e-01   3.70355e-04   2.77125e-06  -1.03788e+02
   4  phi          4.11941e+00   1.10549e-03  -6.39955e-07   2.95742e+01
   5  R           -5.98416e+01   constant   
   6  alpha_CBO    0.00000e+00   1.00000e-03   1.00000e-03   1.59921e+04
   7  w_CBO        2.32500e+00   constant   
   8  beta_CBO     0.00000e+00     fixed    
   9  alpha_2CBO   0.00000e+00     fixed    
  10  beta_2CBO    0.00000e+00   1.00000e-03   1.00000e-03   4.00836e+03
  11  alpha_y      0.00000e+00     fixed    
  12  w_y          1.44500e+01   constant   
  13  beta_y       0.00000e+00   1.00000e-03   1.00000e-03   8.09454e+02
  14  alpha_vw     0.00000e+00     fixed    
  15  w_vw         1.29000e+01   constant   
  16  beta_vw      0.00000e+00     fixed    
  17  LM           1.16794e-03   constant   
  18  zeta_y       0.00000e+00   constant   
  19  zeta_vw      0.00000e+00   constant   
  20  T_CBO        2.95712e+01   1.35977e+01  -4.46371e-03  -5.61982e+00
  21  alpha_A0     3.82840e+00   1.20326e+01   6.15910e-01  -8.49792e-03
  22  beta_A0     -2.93695e+00   9.30070e+00  -4.75953e-01   2.59085e-03
  23  alpha_phi   -4.95131e+00   1.56575e+01  -8.01338e-01   9.61321e-03
  24  beta_phi     4.31483e+00   1.36393e+01   6.98106e-01  -1.52648e-02
 CALL LIMIT EXCEEDED IN MIGRAD.
 MIGRAD TERMINATED WITHOUT CONVERGENCE.
 FCN=73.8381 FROM MIGRAD    STATUS=CALL LIMIT   1929 CALLS        3257 TOTAL
                     EDM=0.0126275    STRATEGY= 1  ERROR MATRIX UNCERTAINTY   8.2 per cent
  EXT PARAMETER                APPROXIMATE        STEP         FIRST   
  NO.   NAME      VALUE            ERROR          SIZE      DERIVATIVE 
   1  N0           3.21364e+06   9.16727e+02   2.54220e+01   8.79994e-06
   2  tau          6.44362e+01   constant   
   3  A0           3.64328e-01   3.74507e-04   1.83481e-06  -3.15721e+01
   4  phi          4.11931e+00   1.09692e-03  -6.96357e-06   1.18153e+01
   5  R           -5.98416e+01   constant   
   6  alpha_CBO   -1.37506e-03   4.07970e-04   1.57854e-06  -2.92140e+01
   7  w_CBO        2.32500e+00   constant   
   8  beta_CBO     0.00000e+00     fixed    
   9  alpha_2CBO   0.00000e+00     fixed    
  10  beta_2CBO   -3.40098e-04   3.85582e-04  -3.96377e-06  -5.89519e+01
  11  alpha_y      0.00000e+00     fixed    
  12  w_y          1.44500e+01   constant   
  13  beta_y      -1.05308e-04   3.91638e-04   3.25964e-06  -3.37985e+01
  14  alpha_vw     0.00000e+00     fixed    
  15  w_vw         1.29000e+01   constant   
  16  beta_vw      0.00000e+00     fixed    
  17  LM           1.16794e-03   constant   
  18  zeta_y       0.00000e+00   constant   
  19  zeta_vw      0.00000e+00   constant   
  20  T_CBO        1.24647e+01   1.86087e+00  -1.21227e-03  -3.80890e+01
  21  alpha_A0     5.35819e+05   1.31253e+06   9.32177e+04  -7.69377e-08
  22  beta_A0     -3.01082e+05   7.37528e+05  -5.23803e+04   2.60609e-07
  23  alpha_phi   -3.47889e+05   8.52196e+05  -6.05242e+04   2.91590e-08
  24  beta_phi     5.59620e+05   1.37086e+06   9.73603e+04  -2.47112e-07
 EXTERNAL ERROR MATRIX.    NDIM=  25    NPAR= 11    ERR DEF=1
  8.404e+05 
 -3.379e-02  1.403e-07 
 -9.808e-03 -8.646e-09  1.203e-06 
 -3.360e-02 -2.475e-08  1.676e-08  1.664e-07 
 -1.860e-02 -2.952e-09  2.580e-09  2.218e-09  1.487e-07 
 -1.067e-02 -1.091e-09 -8.670e-10  1.286e-09  1.447e-10  1.534e-07 
  2.598e+01 -1.577e-05  4.634e-06  3.519e-06 -1.589e-05  7.382e-07  3.463e+00 
  4.784e+07  6.023e+00  1.041e+01 -6.752e+00 -1.301e+01 -3.624e+00 -2.412e+06  1.723e+12 
 -2.688e+07 -3.384e+00 -5.848e+00  3.794e+00  7.309e+00  2.036e+00  1.355e+06 -9.680e+11  5.439e+11 
 -3.106e+07 -3.910e+00 -6.756e+00  4.384e+00  8.445e+00  2.353e+00  1.566e+06 -1.119e+12  6.285e+11  7.262e+11 
  4.997e+07  6.291e+00  1.087e+01 -7.052e+00 -1.358e+01 -3.785e+00 -2.519e+06  1.799e+12 -1.011e+12 -1.168e+12  1.879e+12 
ERR MATRIX APPROXIMATE
 PARAMETER  CORRELATION COEFFICIENTS  
       NO.  GLOBAL      1      3      4      6     10     13     20     21     22     23     24
        1  0.41662   1.000 -0.098 -0.010 -0.090 -0.053 -0.030  0.015  0.040 -0.040 -0.040  0.040
        3  0.24011  -0.098  1.000 -0.021 -0.162 -0.020 -0.007 -0.023  0.012 -0.012 -0.012  0.012
        4  0.12929  -0.010 -0.021  1.000  0.037  0.006 -0.002  0.002  0.007 -0.007 -0.007  0.007
        6  0.22075  -0.090 -0.162  0.037  1.000  0.014  0.008  0.005 -0.013  0.013  0.013 -0.013
       10  0.31715  -0.053 -0.020  0.006  0.014  1.000  0.001 -0.022 -0.026  0.026  0.026 -0.026
       13  0.04606  -0.030 -0.007 -0.002  0.008  0.001  1.000  0.001 -0.007  0.007  0.007 -0.007
       20  0.99005   0.015 -0.023  0.002  0.005 -0.022  0.001  1.000 -0.987  0.987  0.987 -0.987
       21  1.00000   0.040  0.012  0.007 -0.013 -0.026 -0.007 -0.987  1.000 -1.000 -1.000  1.000
       22  1.00000  -0.040 -0.012 -0.007  0.013  0.026  0.007  0.987 -1.000  1.000  1.000 -1.000
       23  1.00000  -0.040 -0.012 -0.007  0.013  0.026  0.007  0.987 -1.000  1.000  1.000 -1.000
       24  1.00000   0.040  0.012  0.007 -0.013 -0.026 -0.007 -0.987  1.000 -1.000 -1.000  1.000
 ERR MATRIX APPROXIMATE
MINUIT - FIT ONLY 2-CBO
 **********
 **   25 **RES 
 **********
                   PARAMETER   16  beta_vw RESTORED TO VARIABLE.
                   PARAMETER   14  alpha_vw RESTORED TO VARIABLE.
                   PARAMETER   11  alpha_y RESTORED TO VARIABLE.
                   PARAMETER    9  alpha_2CBO RESTORED TO VARIABLE.
                   PARAMETER    8  beta_CBO RESTORED TO VARIABLE.
 **********
 **   26 **FIX            0
 **********
 PARAMETER    0  IS UNDEFINED. IGNORED.
 **********
 **   27 **FIX            1
 **********
 **********
 **   28 **FIX            2
 **********
 PARAMETER    2  IS CONSTANT.   IGNORED.
 **********
 **   29 **FIX            3
 **********
 **********
 **   30 **FIX            4
 **********
 **********
 **   31 **FIX            5
 **********
 PARAMETER    5  IS CONSTANT.   IGNORED.
 **********
 **   32 **FIX            6
 **********
 **********
 **   33 **FIX            7
 **********
 PARAMETER    7  IS CONSTANT.   IGNORED.
 **********
 **   34 **FIX           10
 **********
 **********
 **   35 **FIX           11
 **********
 **********
 **   36 **FIX           12
 **********
 PARAMETER   12  IS CONSTANT.   IGNORED.
 **********
 **   37 **FIX           13
 **********
 **********
 **   38 **FIX           14
 **********
 **********
 **   39 **FIX           15
 **********
 PARAMETER   15  IS CONSTANT.   IGNORED.
 **********
 **   40 **FIX           16
 **********
 **********
 **   41 **MIGRAD
 **********
 START MIGRAD MINIMIZATION.  STRATEGY  1.  CONVERGENCE WHEN EDM .LT. 1.00e-04
 FCN=73.8381 FROM MIGRAD    STATUS=INITIATE       18 CALLS        3275 TOTAL
                     EDM= unknown      STRATEGY= 1      NO ERROR MATRIX       
  EXT PARAMETER               CURRENT GUESS       STEP         FIRST   
  NO.   NAME      VALUE            ERROR          SIZE      DERIVATIVE 
   1  N0           3.21364e+06     fixed    
   2  tau          6.44362e+01   constant   
   3  A0           3.64328e-01     fixed    
   4  phi          4.11931e+00     fixed    
   5  R           -5.98416e+01   constant   
   6  alpha_CBO   -1.37506e-03     fixed    
   7  w_CBO        2.32500e+00   constant   
   8  beta_CBO     0.00000e+00   1.00000e-03   1.00000e-03  -2.02921e+04
   9  alpha_2CBO   0.00000e+00   1.00000e-03   1.00000e-03  -4.26908e+03
  10  beta_2CBO   -3.40098e-04     fixed    
  11  alpha_y      0.00000e+00     fixed    
  12  w_y          1.44500e+01   constant   
  13  beta_y      -1.05308e-04     fixed    
  14  alpha_vw     0.00000e+00     fixed    
  15  w_vw         1.29000e+01   constant   
  16  beta_vw      0.00000e+00     fixed    
  17  LM           1.16794e-03   constant   
  18  zeta_y       0.00000e+00   constant   
  19  zeta_vw      0.00000e+00   constant   
  20  T_CBO        1.24647e+01   1.86087e+00  -1.21227e-03  -3.80889e+01
  21  alpha_A0     5.35819e+05   1.31253e+06   9.32177e+04  -7.69385e-08
  22  beta_A0     -3.01082e+05   7.37528e+05  -5.23803e+04   2.60610e-07
  23  alpha_phi   -3.47889e+05   8.52196e+05  -6.05242e+04   2.91590e-08
  24  beta_phi     5.59620e+05   1.37086e+06   9.73603e+04  -2.47112e-07
 CALL LIMIT EXCEEDED IN MIGRAD.
 MIGRAD TERMINATED WITHOUT CONVERGENCE.
 FCN=57.4861 FROM MIGRAD    STATUS=CALL LIMIT   1146 CALLS        4403 TOTAL
                     EDM=0.0175312    STRATEGY= 1  ERROR MATRIX UNCERTAINTY  11.9 per cent
  EXT PARAMETER                APPROXIMATE        STEP         FIRST   
  NO.   NAME      VALUE            ERROR          SIZE      DERIVATIVE 
   1  N0           3.21364e+06     fixed    
   2  tau          6.44362e+01   constant   
   3  A0           3.64328e-01     fixed    
   4  phi          4.11931e+00     fixed    
   5  R           -5.98416e+01   constant   
   6  alpha_CBO   -1.37506e-03     fixed    
   7  w_CBO        2.32500e+00   constant   
   8  beta_CBO     1.51129e-03   3.85648e-04   4.80163e-06  -1.76511e+01
   9  alpha_2CBO   3.44321e-04   4.09357e-04   2.94437e-06   2.79249e+01
  10  beta_2CBO   -3.40098e-04     fixed    
  11  alpha_y      0.00000e+00     fixed    
  12  w_y          1.44500e+01   constant   
  13  beta_y      -1.05308e-04     fixed    
  14  alpha_vw     0.00000e+00     fixed    
  15  w_vw         1.29000e+01   constant   
  16  beta_vw      0.00000e+00     fixed    
  17  LM           1.16794e-03   constant   
  18  zeta_y       0.00000e+00   constant   
  19  zeta_vw      0.00000e+00   constant   
  20  T_CBO        8.67809e+00   6.42312e-01  -3.25996e-04   3.49200e+01
  21  alpha_A0     3.87725e+09   9.08497e+09   5.34295e+08   6.03744e-11
  22  beta_A0     -1.49994e+09   3.51939e+09  -2.06988e+08   1.72036e-11
  23  alpha_phi   -2.31141e+09   5.42353e+09  -3.18977e+08   1.81779e-11
  24  beta_phi     1.88605e+09   4.42287e+09   2.60120e+08  -4.49177e-11
 EXTERNAL ERROR MATRIX.    NDIM=  25    NPAR=  7    ERR DEF=1
  1.487e-07  2.244e-09  1.042e-05 -1.595e+05  6.181e+04  9.524e+04 -7.769e+04 
  2.244e-09  1.676e-07 -4.554e-05  5.682e+05 -2.201e+05 -3.392e+05  2.766e+05 
  1.042e-05 -4.554e-05  4.126e-01 -5.703e+09  2.209e+09  3.405e+09 -2.776e+09 
 -1.595e+05  5.682e+05 -5.703e+09  8.254e+19 -3.197e+19 -4.927e+19  4.018e+19 
  6.181e+04 -2.201e+05  2.209e+09 -3.197e+19  1.239e+19  1.909e+19 -1.557e+19 
  9.524e+04 -3.392e+05  3.405e+09 -4.927e+19  1.909e+19  2.941e+19 -2.399e+19 
 -7.769e+04  2.766e+05 -2.776e+09  4.018e+19 -1.557e+19 -2.399e+19  1.956e+19 
ERR MATRIX APPROXIMATE
 PARAMETER  CORRELATION COEFFICIENTS  
       NO.  GLOBAL      8      9     20     21     22     23     24
        8  0.10182   1.000  0.014  0.042 -0.046  0.046  0.046 -0.046
        9  0.24029   0.014  1.000 -0.173  0.153 -0.153 -0.153  0.153
       20  0.97933   0.042 -0.173  1.000 -0.977  0.977  0.977 -0.977
       21  1.00000  -0.046  0.153 -0.977  1.000 -1.000 -1.000  1.000
       22  1.00000   0.046 -0.153  0.977 -1.000  1.000  1.000 -1.000
       23  1.00000   0.046 -0.153  0.977 -1.000  1.000  1.000 -1.000
       24  1.00000  -0.046  0.153 -0.977  1.000 -1.000 -1.000  1.000
 ERR MATRIX APPROXIMATE
MINUIT - FIT wiggle + 1-CBO + 2-CBO
 **********
 **   42 **RES 
 **********
                   PARAMETER   16  beta_vw RESTORED TO VARIABLE.
                   PARAMETER   14  alpha_vw RESTORED TO VARIABLE.
                   PARAMETER   13  beta_y RESTORED TO VARIABLE.
                   PARAMETER   11  alpha_y RESTORED TO VARIABLE.
                   PARAMETER   10  beta_2CBO RESTORED TO VARIABLE.
                   PARAMETER    6  alpha_CBO RESTORED TO VARIABLE.
                   PARAMETER    4  phi RESTORED TO VARIABLE.
                   PARAMETER    3  A0 RESTORED TO VARIABLE.
                   PARAMETER    1  N0 RESTORED TO VARIABLE.
 **********
 **   43 **FIX           10
 **********
 **********
 **   44 **FIX           11
 **********
 **********
 **   45 **FIX           12
 **********
 PARAMETER   12  IS CONSTANT.   IGNORED.
 **********
 **   46 **FIX           13
 **********
 **********
 **   47 **FIX           14
 **********
 **********
 **   48 **FIX           15
 **********
 PARAMETER   15  IS CONSTANT.   IGNORED.
 **********
 **   49 **FIX           16
 **********
 **********
 **   50 **MIGRAD
 **********
 START MIGRAD MINIMIZATION.  STRATEGY  1.  CONVERGENCE WHEN EDM .LT. 1.00e-04
 FCN=57.4859 FROM MIGRAD    STATUS=INITIATE       80 CALLS        4483 TOTAL
                     EDM= unknown      STRATEGY= 1      NO ERROR MATRIX       
  EXT PARAMETER               CURRENT GUESS       STEP         FIRST   
  NO.   NAME      VALUE            ERROR          SIZE      DERIVATIVE 
   1  N0           3.21364e+06   9.16727e+02   0.00000e+00  -2.44229e-04
   2  tau          6.44362e+01   constant   
   3  A0           3.64328e-01   3.74507e-04   0.00000e+00   6.43712e+02
   4  phi          4.11931e+00   1.09692e-03   0.00000e+00   1.75204e+03
   5  R           -5.98416e+01   constant   
   6  alpha_CBO   -1.37506e-03   4.07970e-04   0.00000e+00   4.47812e+02
   7  w_CBO        2.32500e+00   constant   
   8  beta_CBO     1.51129e-03   3.85648e-04   0.00000e+00  -1.73686e+01
   9  alpha_2CBO   3.44321e-04   4.09357e-04   0.00000e+00   2.81006e+01
  10  beta_2CBO   -3.40098e-04     fixed    
  11  alpha_y      0.00000e+00     fixed    
  12  w_y          1.44500e+01   constant   
  13  beta_y      -1.05308e-04     fixed    
  14  alpha_vw     0.00000e+00     fixed    
  15  w_vw         1.29000e+01   constant   
  16  beta_vw      0.00000e+00     fixed    
  17  LM           1.16794e-03   constant   
  18  zeta_y       0.00000e+00   constant   
  19  zeta_vw      0.00000e+00   constant   
  20  T_CBO        8.67809e+00   6.42312e-01   0.00000e+00   3.46174e+01
  21  alpha_A0     3.87540e+09   9.08497e+09   0.00000e+00   6.00501e-11
  22  beta_A0     -1.49994e+09   3.51939e+09   0.00000e+00   1.71866e-11
  23  alpha_phi   -2.31141e+09   5.42353e+09   0.00000e+00   1.81934e-11
  24  beta_phi     1.88695e+09   4.42287e+09   8.99340e+05  -4.46918e-11
 MIGRAD MINIMIZATION HAS CONVERGED.
 MIGRAD WILL VERIFY CONVERGENCE AND ERROR MATRIX.
 COVARIANCE MATRIX CALCULATED SUCCESSFULLY
 FCN=56.4022 FROM MIGRAD    STATUS=CONVERGED     474 CALLS        4877 TOTAL
                     EDM=3.30149e-07    STRATEGY= 1      ERROR MATRIX ACCURATE 
  EXT PARAMETER                                   STEP         FIRST   
  NO.   NAME      VALUE            ERROR          SIZE      DERIVATIVE 
   1  N0           3.21372e+06   1.41421e+00   3.26226e+00   8.82933e-08
   2  tau          6.44362e+01   constant   
   3  A0           3.64286e-01   3.81755e-04   1.37716e-06   2.91508e-01
   4  phi          4.11810e+00   1.14894e-03   4.11887e-06  -5.22090e-02
   5  R           -5.98416e+01   constant   
   6  alpha_CBO   -1.42234e-03   4.11754e-04   1.48596e-06  -4.68107e-01
   7  w_CBO        2.32500e+00   constant   
   8  beta_CBO     1.61814e-03   3.96371e-04   1.42089e-06   8.13909e-01
   9  alpha_2CBO   3.48101e-04   3.98889e-04   1.46341e-06  -1.29995e+00
  10  beta_2CBO   -3.40098e-04     fixed    
  11  alpha_y      0.00000e+00     fixed    
  12  w_y          1.44500e+01   constant   
  13  beta_y      -1.05308e-04     fixed    
  14  alpha_vw     0.00000e+00     fixed    
  15  w_vw         1.29000e+01   constant   
  16  beta_vw      0.00000e+00     fixed    
  17  LM           1.16794e-03   constant   
  18  zeta_y       0.00000e+00   constant   
  19  zeta_vw      0.00000e+00   constant   
  20  T_CBO        8.65452e+00   2.06953e-01   8.20835e-06   2.44108e-01
  21  alpha_A0     4.38319e+09   1.41421e+00   2.09007e+03  -2.38985e-12
  22  beta_A0     -1.35915e+09   1.41421e+00   6.48095e+02   8.53195e-12
  23  alpha_phi   -1.96405e+09   1.41421e+00   9.36530e+02  -1.03562e-14
  24  beta_phi     1.88852e+09   1.41421e+00   9.00519e+02  -4.25212e-14
 EXTERNAL ERROR MATRIX.    NDIM=  25    NPAR= 11    ERR DEF=1
  2.000e+00 
 -7.572e-08  1.457e-07 
 -1.455e-10 -5.892e-12  1.320e-06 
 -8.970e-08 -2.999e-08  9.790e-09  1.695e-07 
 -4.278e-09 -1.337e-09 -1.113e-07  3.506e-10  1.571e-07 
  7.176e-08  7.946e-09 -3.840e-09 -1.869e-08 -1.361e-09  1.591e-07 
  9.343e-05 -8.193e-06  8.538e-06 -1.052e-06 -3.434e-06  3.941e-06  4.283e-02 
 -1.075e-13 -1.677e-14 -9.364e-14 -8.942e-15  1.907e-14  3.939e-15 -8.860e-11  2.000e+00 
 -2.662e-13  8.746e-15 -6.451e-14 -2.587e-15  3.270e-15  4.744e-14  2.571e-11 -9.354e-17  2.000e+00 
 -1.794e-13  1.685e-14 -1.163e-13 -2.448e-14  8.265e-15 -2.918e-14  4.568e-11  7.842e-19  3.070e-18  2.000e+00 
 -1.259e-13  6.277e-14  5.540e-14 -7.300e-15 -3.395e-14 -5.131e-15 -5.166e-11 -4.847e-19  2.965e-18  1.246e-18  2.000e+00 
 PARAMETER  CORRELATION COEFFICIENTS  
       NO.  GLOBAL      1      3      4      6      8      9     20     21     22     23     24
        1  0.00039   1.000 -0.000 -0.000 -0.000 -0.000  0.000  0.000 -0.000 -0.000 -0.000 -0.000
        3  0.22160  -0.000  1.000 -0.000 -0.191 -0.009  0.052 -0.104 -0.000  0.000  0.000  0.000
        4  0.24687  -0.000 -0.000  1.000  0.021 -0.244 -0.008  0.036 -0.000 -0.000 -0.000  0.000
        6  0.21993  -0.000 -0.191  0.021  1.000  0.002 -0.114 -0.012 -0.000 -0.000 -0.000 -0.000
        8  0.24706  -0.000 -0.009 -0.244  0.002  1.000 -0.009 -0.042  0.000  0.000  0.000 -0.000
        9  0.12859   0.000  0.052 -0.008 -0.114 -0.009  1.000  0.048  0.000  0.000 -0.000 -0.000
       20  0.12990   0.000 -0.104  0.036 -0.012 -0.042  0.048  1.000 -0.000  0.000  0.000 -0.000
       21  0.00000  -0.000 -0.000 -0.000 -0.000  0.000  0.000 -0.000  1.000 -0.000  0.000 -0.000
       22  0.00000  -0.000  0.000 -0.000 -0.000  0.000  0.000  0.000 -0.000  1.000  0.000  0.000
       23  0.00000  -0.000  0.000 -0.000 -0.000  0.000 -0.000  0.000  0.000  0.000  1.000  0.000
       24  0.00000  -0.000  0.000  0.000 -0.000 -0.000 -0.000 -0.000 -0.000  0.000  0.000  1.000
MINUIT - FIT ONLY 1-y
 **********
 **   51 **RES 
 **********
                   PARAMETER   16  beta_vw RESTORED TO VARIABLE.
                   PARAMETER   14  alpha_vw RESTORED TO VARIABLE.
                   PARAMETER   13  beta_y RESTORED TO VARIABLE.
                   PARAMETER   11  alpha_y RESTORED TO VARIABLE.
                   PARAMETER   10  beta_2CBO RESTORED TO VARIABLE.
 **********
 **   52 **FIX            0
 **********
 PARAMETER    0  IS UNDEFINED. IGNORED.
 **********
 **   53 **FIX            1
 **********
 **********
 **   54 **FIX            2
 **********
 PARAMETER    2  IS CONSTANT.   IGNORED.
 **********
 **   55 **FIX            3
 **********
 **********
 **   56 **FIX            4
 **********
 **********
 **   57 **FIX            5
 **********
 PARAMETER    5  IS CONSTANT.   IGNORED.
 **********
 **   58 **FIX            6
 **********
 **********
 **   59 **FIX            7
 **********
 PARAMETER    7  IS CONSTANT.   IGNORED.
 **********
 **   60 **FIX            8
 **********
 **********
 **   61 **FIX            9
 **********
 **********
 **   62 **FIX           13
 **********
 **********
 **   63 **FIX           14
 **********
 **********
 **   64 **FIX           15
 **********
 PARAMETER   15  IS CONSTANT.   IGNORED.
 **********
 **   65 **FIX           16
 **********
 **********
 **   66 **MIGRAD
 **********
 START MIGRAD MINIMIZATION.  STRATEGY  1.  CONVERGENCE WHEN EDM .LT. 1.00e-04
 FCN=56.4022 FROM MIGRAD    STATUS=INITIATE       58 CALLS        4935 TOTAL
                     EDM= unknown      STRATEGY= 1      NO ERROR MATRIX       
  EXT PARAMETER               CURRENT GUESS       STEP         FIRST   
  NO.   NAME      VALUE            ERROR          SIZE      DERIVATIVE 
   1  N0           3.21372e+06     fixed    
   2  tau          6.44362e+01   constant   
   3  A0           3.64286e-01     fixed    
   4  phi          4.11810e+00     fixed    
   5  R           -5.98416e+01   constant   
   6  alpha_CBO   -1.42234e-03     fixed    
   7  w_CBO        2.32500e+00   constant   
   8  beta_CBO     1.61814e-03     fixed    
   9  alpha_2CBO   3.48101e-04     fixed    
  10  beta_2CBO   -3.40098e-04   3.85582e-04   0.00000e+00   1.08051e+03
  11  alpha_y      0.00000e+00   1.00000e-03   0.00000e+00   1.47855e+03
  12  w_y          1.44500e+01   constant   
  13  beta_y      -1.05308e-04     fixed    
  14  alpha_vw     0.00000e+00     fixed    
  15  w_vw         1.29000e+01   constant   
  16  beta_vw      0.00000e+00     fixed    
  17  LM           1.16794e-03   constant   
  18  zeta_y       0.00000e+00   constant   
  19  zeta_vw      0.00000e+00   constant   
  20  T_CBO        8.65452e+00   2.06953e-01   0.00000e+00   1.05757e+00
  21  alpha_A0     4.38737e+09   1.41421e+00   2.09107e+06  -1.71549e-12
  22  beta_A0     -1.35915e+09   1.41421e+00   0.00000e+00   8.48724e-12
  23  alpha_phi   -1.96405e+09   1.41421e+00   0.00000e+00  -3.90008e-14
  24  beta_phi     1.88852e+09   1.41421e+00   0.00000e+00  -8.21269e-14
 MIGRAD MINIMIZATION HAS CONVERGED.
 MIGRAD WILL VERIFY CONVERGENCE AND ERROR MATRIX.
 COVARIANCE MATRIX CALCULATED SUCCESSFULLY
 FCN=56.2746 FROM MIGRAD    STATUS=CONVERGED     175 CALLS        5052 TOTAL
                     EDM=6.38255e-07    STRATEGY= 1      ERROR MATRIX ACCURATE 
  EXT PARAMETER                                   STEP         FIRST   
  NO.   NAME      VALUE            ERROR          SIZE      DERIVATIVE 
   1  N0           3.21372e+06     fixed    
   2  tau          6.44362e+01   constant   
   3  A0           3.64286e-01     fixed    
   4  phi          4.11810e+00     fixed    
   5  R           -5.98416e+01   constant   
   6  alpha_CBO   -1.42234e-03     fixed    
   7  w_CBO        2.32500e+00   constant   
   8  beta_CBO     1.61814e-03     fixed    
   9  alpha_2CBO   3.48101e-04     fixed    
  10  beta_2CBO   -4.24573e-04   3.97454e-04   1.43990e-06  -2.53775e-01
  11  alpha_y     -1.11184e-04   3.89496e-04   1.43894e-06  -2.88274e+00
  12  w_y          1.44500e+01   constant   
  13  beta_y      -1.05308e-04     fixed    
  14  alpha_vw     0.00000e+00     fixed    
  15  w_vw         1.29000e+01   constant   
  16  beta_vw      0.00000e+00     fixed    
  17  LM           1.16794e-03   constant   
  18  zeta_y       0.00000e+00   constant   
  19  zeta_vw      0.00000e+00   constant   
  20  T_CBO        8.66419e+00   2.03318e-01   7.94768e-06   2.91167e-02
  21  alpha_A0     4.39941e+09   1.41421e+00   2.09780e+03  -5.68620e-12
  22  beta_A0     -1.36030e+09   1.41421e+00   6.48641e+02   1.68894e-13
  23  alpha_phi   -1.89921e+09   1.41421e+00   9.05615e+02   7.62738e-13
  24  beta_phi     1.91685e+09   1.41421e+00   9.14027e+02   1.35725e-12
 EXTERNAL ERROR MATRIX.    NDIM=  25    NPAR=  7    ERR DEF=1
  1.580e-07 -2.138e-09 -1.587e-05 -6.687e-15 -8.865e-15 -1.912e-14 -1.146e-14 
 -2.138e-09  1.517e-07 -1.180e-06 -2.334e-15 -3.340e-15 -1.765e-16  2.705e-15 
 -1.587e-05 -1.180e-06  4.134e-02 -8.659e-11  2.850e-11  4.830e-11 -4.874e-11 
 -6.687e-15 -2.334e-15 -8.659e-11  2.000e+00  4.577e-18  7.666e-19  2.879e-19 
 -8.865e-15 -3.340e-15  2.850e-11  4.577e-18  2.000e+00 -4.031e-18  3.495e-19 
 -1.912e-14 -1.765e-16  4.830e-11  7.666e-19 -4.031e-18  2.000e+00 -1.087e-18 
 -1.146e-14  2.705e-15 -4.874e-11  2.879e-19  3.495e-19 -1.087e-18  2.000e+00 
 PARAMETER  CORRELATION COEFFICIENTS  
       NO.  GLOBAL     10     11     20     21     22     23     24
       10  0.19713   1.000 -0.014 -0.196 -0.000 -0.000 -0.000 -0.000
       11  0.02266  -0.014  1.000 -0.015 -0.000 -0.000 -0.000  0.000
       20  0.19721  -0.196 -0.015  1.000 -0.000  0.000  0.000 -0.000
       21  0.00000  -0.000 -0.000 -0.000  1.000  0.000  0.000  0.000
       22  0.00000  -0.000 -0.000  0.000  0.000  1.000 -0.000  0.000
       23  0.00000  -0.000 -0.000  0.000  0.000 -0.000  1.000 -0.000
       24  0.00000  -0.000  0.000 -0.000  0.000  0.000 -0.000  1.000
MINUIT - FIT ONLY 2-y
 **********
 **   67 **RES 
 **********
                   PARAMETER   16  beta_vw RESTORED TO VARIABLE.
                   PARAMETER   14  alpha_vw RESTORED TO VARIABLE.
                   PARAMETER   13  beta_y RESTORED TO VARIABLE.
                   PARAMETER    9  alpha_2CBO RESTORED TO VARIABLE.
                   PARAMETER    8  beta_CBO RESTORED TO VARIABLE.
                   PARAMETER    6  alpha_CBO RESTORED TO VARIABLE.
                   PARAMETER    4  phi RESTORED TO VARIABLE.
                   PARAMETER    3  A0 RESTORED TO VARIABLE.
                   PARAMETER    1  N0 RESTORED TO VARIABLE.
 **********
 **   68 **FIX            0
 **********
 PARAMETER    0  IS UNDEFINED. IGNORED.
 **********
 **   69 **FIX            1
 **********
 **********
 **   70 **FIX            2
 **********
 PARAMETER    2  IS CONSTANT.   IGNORED.
 **********
 **   71 **FIX            3
 **********
 **********
 **   72 **FIX            4
 **********
 **********
 **   73 **FIX            5
 **********
 PARAMETER    5  IS CONSTANT.   IGNORED.
 **********
 **   74 **FIX            6
 **********
 **********
 **   75 **FIX            7
 **********
 PARAMETER    7  IS CONSTANT.   IGNORED.
 **********
 **   76 **FIX            8
 **********
 **********
 **   77 **FIX            9
 **********
 **********
 **   78 **FIX           10
 **********
 **********
 **   79 **FIX           11
 **********
 **********
 **   80 **FIX           12
 **********
 PARAMETER   12  IS CONSTANT.   IGNORED.
 **********
 **   81 **FIX           16
 **********
 **********
 **   82 **MIGRAD
 **********
 START MIGRAD MINIMIZATION.  STRATEGY  1.  CONVERGENCE WHEN EDM .LT. 1.00e-04
 FCN=56.2746 FROM MIGRAD    STATUS=INITIATE       58 CALLS        5110 TOTAL
                     EDM= unknown      STRATEGY= 1      NO ERROR MATRIX       
  EXT PARAMETER               CURRENT GUESS       STEP         FIRST   
  NO.   NAME      VALUE            ERROR          SIZE      DERIVATIVE 
   1  N0           3.21372e+06     fixed    
   2  tau          6.44362e+01   constant   
   3  A0           3.64286e-01     fixed    
   4  phi          4.11810e+00     fixed    
   5  R           -5.98416e+01   constant   
   6  alpha_CBO   -1.42234e-03     fixed    
   7  w_CBO        2.32500e+00   constant   
   8  beta_CBO     1.61814e-03     fixed    
   9  alpha_2CBO   3.48101e-04     fixed    
  10  beta_2CBO   -4.24573e-04     fixed    
  11  alpha_y     -1.11184e-04     fixed    
  12  w_y          1.44500e+01   constant   
  13  beta_y      -1.05308e-04   3.91638e-04   0.00000e+00   7.02194e+01
  14  alpha_vw     0.00000e+00   1.00000e-03   0.00000e+00   2.29180e+03
  15  w_vw         1.29000e+01   constant   
  16  beta_vw      0.00000e+00     fixed    
  17  LM           1.16794e-03   constant   
  18  zeta_y       0.00000e+00   constant   
  19  zeta_vw      0.00000e+00   constant   
  20  T_CBO        8.66419e+00   2.03318e-01   0.00000e+00   5.05930e-01
  21  alpha_A0     4.40151e+09   1.41421e+00   2.09780e+06  -5.35591e-12
  22  beta_A0     -1.36095e+09   1.41421e+00   0.00000e+00   1.12902e-13
  23  alpha_phi   -1.89921e+09   1.41421e+00   0.00000e+00   7.54072e-13
  24  beta_phi     1.91685e+09   1.41421e+00   0.00000e+00   1.34491e-12
 MIGRAD MINIMIZATION HAS CONVERGED.
 MIGRAD WILL VERIFY CONVERGENCE AND ERROR MATRIX.
 COVARIANCE MATRIX CALCULATED SUCCESSFULLY
 FCN=56.0694 FROM MIGRAD    STATUS=CONVERGED     155 CALLS        5207 TOTAL
                     EDM=1.3022e-06    STRATEGY= 1      ERROR MATRIX ACCURATE 
  EXT PARAMETER                                   STEP         FIRST   
  NO.   NAME      VALUE            ERROR          SIZE      DERIVATIVE 
   1  N0           3.21372e+06     fixed    
   2  tau          6.44362e+01   constant   
   3  A0           3.64286e-01     fixed    
   4  phi          4.11810e+00     fixed    
   5  R           -5.98416e+01   constant   
   6  alpha_CBO   -1.42234e-03     fixed    
   7  w_CBO        2.32500e+00   constant   
   8  beta_CBO     1.61814e-03     fixed    
   9  alpha_2CBO   3.48101e-04     fixed    
  10  beta_2CBO   -4.24573e-04     fixed    
  11  alpha_y     -1.11184e-04     fixed    
  12  w_y          1.44500e+01   constant   
  13  beta_y      -1.08916e-04   3.95972e-04   1.46051e-06   1.20426e+00
  14  alpha_vw    -1.78966e-04   3.95174e-04   1.45727e-06   1.24660e-02
  15  w_vw         1.29000e+01   constant   
  16  beta_vw      0.00000e+00     fixed    
  17  LM           1.16794e-03   constant   
  18  zeta_y       0.00000e+00   constant   
  19  zeta_vw      0.00000e+00   constant   
  20  T_CBO        8.66160e+00   2.00363e-01   7.98433e-06   7.14494e-01
  21  alpha_A0     4.40171e+09   1.41421e+00   2.09890e+03  -2.89814e-12
  22  beta_A0     -1.36107e+09   1.41421e+00   6.49008e+02   5.31808e-12
  23  alpha_phi   -1.89944e+09   1.41421e+00   9.05724e+02   1.35295e-12
  24  beta_phi     1.94530e+09   1.41421e+00   9.27590e+02   4.55561e-13
 EXTERNAL ERROR MATRIX.    NDIM=  25    NPAR=  7    ERR DEF=1
  1.568e-07 -1.542e-09 -5.423e-07 -1.710e-15 -5.743e-15  2.896e-15  2.597e-15 
 -1.542e-09  1.562e-07  1.680e-06  3.682e-15  4.697e-15 -3.025e-16 -5.299e-15 
 -5.423e-07  1.680e-06  4.015e-02 -9.003e-11  2.342e-11  4.594e-11 -5.030e-11 
 -1.710e-15  3.682e-15 -9.003e-11  2.000e+00 -7.728e-17 -1.032e-19  1.660e-18 
 -5.743e-15  4.697e-15  2.342e-11 -7.728e-17  2.000e+00 -3.285e-18  1.788e-18 
  2.896e-15 -3.025e-16  4.594e-11 -1.032e-19 -3.285e-18  2.000e+00 -2.364e-20 
  2.597e-15 -5.299e-15 -5.030e-11  1.660e-18  1.788e-18 -2.364e-20  2.000e+00 
 PARAMETER  CORRELATION COEFFICIENTS  
       NO.  GLOBAL     13     14     20     21     22     23     24
       13  0.01187   1.000 -0.010 -0.007 -0.000 -0.000  0.000  0.000
       14  0.02334  -0.010  1.000  0.021  0.000  0.000 -0.000 -0.000
       20  0.02223  -0.007  0.021  1.000 -0.000  0.000  0.000 -0.000
       21  0.00000  -0.000  0.000 -0.000  1.000 -0.000 -0.000  0.000
       22  0.00000  -0.000  0.000  0.000 -0.000  1.000 -0.000  0.000
       23  0.00000   0.000 -0.000  0.000 -0.000 -0.000  1.000 -0.000
