 + ++++++++++++++++++++++++++++++++++++++++++++++++++++++++++++++++++++ +
 +                                                                      +
 +           You have chose to blind your fitting according to          +
 +                omega_ref * (1 + (R +/- deltaR) *10^{-6})             +
 +                                                                      +
 + ++++++++++++++++++++++++++++++++++++++++++++++++++++++++++++++++++++ +
In main()...
reading format from /gm2data/zkhechad/run45/envelope/formats/formatB_sBin_constraintOn.txt
pBinTau 	= 0  
pBinPhi 	= 0  
constraintau 	= 1 
includeMopTerm 	= 0    
constrainMop    = 0   
Parameters after format file: pBinTau 0 pBinPhi 0 constraintau 1 includeMopTerm 0 constrainMop 0 c_e_scale 0.000000 
Opening file /gm2data/tbarrett/gm2fr/studies/run23_bunch_corrections/CorrectedFourier_Run3b.root.
reading full fit data from /gm2data/zkhechad/cboTemplates/Run4CBOTemplates/templateFits0_v2.0/noRF/sBin_constraintOn_cE0.0_seed0_noRF_calo9.root
windowBins = 17
fitting sliding window 90 from bin 226 at 33.570000 to bin 243 at 36.255600 (17 bins)

Reading data from /gm2data/cornell/histograms/aMethod/histogram_a_noRF.root
 **********
 **    1 **SET PRINTOUT            1
 **********
 **********
 **    2 **SET NOWARNINGS 
 **********
 PARAMETER DEFINITIONS:
    NO.   NAME         VALUE      STEP SIZE      LIMITS
     1 N0           2.88203e+06  1.00000e+02     no limits
     2 tau          6.44101e+01  constant
     3 A0           3.51419e-01  1.00000e-04     no limits
     4 phi          4.11705e+00  1.00000e-02     no limits
     5 R           -5.98037e+01  constant
     6 alpha_CBO    0.00000e+00  1.00000e-03     no limits
     7 w_CBO        2.32500e+00  constant
     8 beta_CBO     0.00000e+00  1.00000e-03     no limits
     9 alpha_2CBO   0.00000e+00  1.00000e-03     no limits
    10 beta_2CBO    0.00000e+00  1.00000e-03     no limits
    11 alpha_y      0.00000e+00  1.00000e-03     no limits
    12 w_y          1.44500e+01  constant
    13 beta_y       0.00000e+00  1.00000e-03     no limits
    14 alpha_vw     0.00000e+00  1.00000e-03     no limits
    15 w_vw         1.29000e+01  constant
    16 beta_vw      0.00000e+00  1.00000e-03     no limits
    17 LM           1.43880e-04  constant
    18 zeta_y       0.00000e+00  constant
    19 zeta_vw      0.00000e+00  constant
    20 T_CBO        1.00000e+02  1.00000e+00    0.00000e+00  1.00000e+03
    21 alpha_A0     0.00000e+00  1.00000e-03     no limits
    22 beta_A0      0.00000e+00  1.00000e-03     no limits
    23 alpha_phi    0.00000e+00  1.00000e-03     no limits
    24 beta_phi     0.00000e+00  1.00000e-03     no limits
MINUIT - FIT ONLY WIGGLE
 **********
 **    3 **FIX            5
 **********
 PARAMETER    5  IS CONSTANT.   IGNORED.
 **********
 **    4 **FIX            6
 **********
 **********
 **    5 **FIX            7
 **********
 PARAMETER    7  IS CONSTANT.   IGNORED.
 **********
 **    6 **FIX            8
 **********
 **********
 **    7 **FIX            9
 **********
 **********
 **    8 **FIX           10
 **********
 **********
 **    9 **FIX           11
 **********
 **********
 **   10 **FIX           12
 **********
 PARAMETER   12  IS CONSTANT.   IGNORED.
 **********
 **   11 **FIX           13
 **********
 **********
 **   12 **FIX           14
 **********
 **********
 **   13 **FIX           15
 **********
 PARAMETER   15  IS CONSTANT.   IGNORED.
 **********
 **   14 **FIX           16
 **********
 **********
 **   15 **MIGRAD
 **********
 FIRST CALL TO USER FUNCTION AT NEW START POINT, WITH IFLAG=4.
 START MIGRAD MINIMIZATION.  STRATEGY  1.  CONVERGENCE WHEN EDM .LT. 1.00e-04
 FCN=4139.04 FROM MIGRAD    STATUS=INITIATE      431 CALLS         432 TOTAL
                     EDM= unknown      STRATEGY= 1      NO ERROR MATRIX       
  EXT PARAMETER               CURRENT GUESS       STEP         FIRST   
  NO.   NAME      VALUE            ERROR          SIZE      DERIVATIVE 
   1  N0           2.88203e+06   1.00000e+02   0.00000e+00   3.88545e-02
   2  tau          6.44101e+01   constant   
   3  A0           3.51419e-01   1.00000e-04   0.00000e+00   3.87126e+05
   4  phi          4.11705e+00   1.00000e-02   0.00000e+00  -8.47696e+04
   5  R           -5.98037e+01   constant   
   6  alpha_CBO    0.00000e+00     fixed    
   7  w_CBO        2.32500e+00   constant   
   8  beta_CBO     0.00000e+00     fixed    
   9  alpha_2CBO   0.00000e+00     fixed    
  10  beta_2CBO    0.00000e+00     fixed    
  11  alpha_y      0.00000e+00     fixed    
  12  w_y          1.44500e+01   constant   
  13  beta_y       0.00000e+00     fixed    
  14  alpha_vw     0.00000e+00     fixed    
  15  w_vw         1.29000e+01   constant   
  16  beta_vw      0.00000e+00     fixed    
  17  LM           1.43880e-04   constant   
  18  zeta_y       0.00000e+00   constant   
  19  zeta_vw      0.00000e+00   constant   
  20  T_CBO        1.00000e+02   1.00000e+00   0.00000e+00   0.00000e+00
  21  alpha_A0     0.00000e+00   1.00000e-03   0.00000e+00  -9.21736e+04
  22  beta_A0      0.00000e+00   1.00000e-03   0.00000e+00   2.77881e+04
  23  alpha_phi    0.00000e+00   1.00000e-03   0.00000e+00  -4.60956e+03
  24  beta_phi     0.00000e+00   1.00000e-03   0.00000e+00  -3.20468e+04
 CALL LIMIT EXCEEDED IN MIGRAD.
 MIGRAD TERMINATED WITHOUT CONVERGENCE.
 FCN=558.076 FROM MIGRAD    STATUS=CALL LIMIT   1334 CALLS        1335 TOTAL
                     EDM=12.9977    STRATEGY= 1  ERROR MATRIX UNCERTAINTY  17.4 per cent
  EXT PARAMETER                APPROXIMATE        STEP         FIRST   
  NO.   NAME      VALUE            ERROR          SIZE      DERIVATIVE 
   1  N0           2.81515e+06   6.57405e+03  -1.02922e+04  -4.01236e-03
   2  tau          6.44101e+01   constant   
   3  A0           3.90379e-01   3.60200e-03   5.97057e-03  -1.73128e+04
   4  phi          4.15169e+00   4.24492e-03  -5.12147e-03  -5.31290e+03
   5  R           -5.98037e+01   constant   
   6  alpha_CBO    0.00000e+00     fixed    
   7  w_CBO        2.32500e+00   constant   
   8  beta_CBO     0.00000e+00     fixed    
   9  alpha_2CBO   0.00000e+00     fixed    
  10  beta_2CBO    0.00000e+00     fixed    
  11  alpha_y      0.00000e+00     fixed    
  12  w_y          1.44500e+01   constant   
  13  beta_y       0.00000e+00     fixed    
  14  alpha_vw     0.00000e+00     fixed    
  15  w_vw         1.29000e+01   constant   
  16  beta_vw      0.00000e+00     fixed    
  17  LM           1.43880e-04   constant   
  18  zeta_y       0.00000e+00   constant   
  19  zeta_vw      0.00000e+00   constant   
  20  T_CBO        1.27752e+02   4.79188e+00  -1.05394e-02   5.45055e+02
  21  alpha_A0     1.86829e-01   1.32976e-02   2.15873e-02   2.32227e+03
  22  beta_A0     -1.68432e-02   1.01077e-02  -1.40455e-02   1.33435e+03
  23  alpha_phi   -2.81465e-02   1.29089e-02  -1.85208e-02   2.06571e+03
  24  beta_phi    -1.87750e-01   1.41164e-02  -2.32195e-02  -2.14452e+03
 EXTERNAL ERROR MATRIX.    NDIM=  25    NPAR=  8    ERR DEF=1
  4.322e+07 -2.315e+01  2.522e+01  2.731e+04 -8.603e+01  6.450e+01  8.336e+01  9.127e+01 
 -2.315e+01  1.297e-05 -1.329e-05 -1.367e-02  4.777e-05 -3.390e-05 -4.433e-05 -5.066e-05 
  2.522e+01 -1.329e-05  1.802e-05  1.770e-02 -5.029e-05  4.180e-05  5.285e-05  5.134e-05 
  2.731e+04 -1.367e-02  1.770e-02  2.296e+01 -5.236e-02  4.334e-02  5.493e-02  5.499e-02 
 -8.603e+01  4.777e-05 -5.029e-05 -5.236e-02  1.768e-04 -1.272e-04 -1.659e-04 -1.866e-04 
  6.450e+01 -3.390e-05  4.180e-05  4.334e-02 -1.272e-04  1.022e-04  1.297e-04  1.325e-04 
  8.336e+01 -4.433e-05  5.285e-05  5.493e-02 -1.659e-04  1.297e-04  1.666e-04  1.734e-04 
  9.127e+01 -5.066e-05  5.134e-05  5.499e-02 -1.866e-04  1.325e-04  1.734e-04  1.993e-04 
ERR MATRIX APPROXIMATE
 PARAMETER  CORRELATION COEFFICIENTS  
       NO.  GLOBAL      1      3      4     20     21     22     23     24
        1  0.99934   1.000 -0.978  0.904  0.867 -0.984  0.971  0.982  0.983
        3  0.99975  -0.978  1.000 -0.869 -0.792  0.997 -0.931 -0.953 -0.996
        4  0.99719   0.904 -0.869  1.000  0.870 -0.891  0.974  0.964  0.857
       20  0.97259   0.867 -0.792  0.870  1.000 -0.822  0.895  0.888  0.813
       21  0.99944  -0.984  0.997 -0.891 -0.822  1.000 -0.947 -0.966 -0.994
       22  0.99857   0.971 -0.931  0.974  0.895 -0.947  1.000  0.994  0.929
       23  0.99875   0.982 -0.953  0.964  0.888 -0.966  0.994  1.000  0.951
       24  0.99948   0.983 -0.996  0.857  0.813 -0.994  0.929  0.951  1.000
 ERR MATRIX APPROXIMATE
MINUIT - FIT ONLY 1-CBO + wiggle
 **********
 **   16 **RES 
 **********
                   PARAMETER   16  beta_vw RESTORED TO VARIABLE.
                   PARAMETER   14  alpha_vw RESTORED TO VARIABLE.
                   PARAMETER   13  beta_y RESTORED TO VARIABLE.
                   PARAMETER   11  alpha_y RESTORED TO VARIABLE.
                   PARAMETER   10  beta_2CBO RESTORED TO VARIABLE.
                   PARAMETER    9  alpha_2CBO RESTORED TO VARIABLE.
                   PARAMETER    8  beta_CBO RESTORED TO VARIABLE.
                   PARAMETER    6  alpha_CBO RESTORED TO VARIABLE.
 **********
 **   17 **FIX            8
 **********
 **********
 **   18 **FIX            9
 **********
 **********
 **   19 **FIX           11
 **********
 **********
 **   20 **FIX           12
 **********
 PARAMETER   12  IS CONSTANT.   IGNORED.
 **********
 **   21 **FIX           14
 **********
 **********
 **   22 **FIX           15
 **********
 PARAMETER   15  IS CONSTANT.   IGNORED.
 **********
 **   23 **FIX           16
 **********
 **********
 **   24 **MIGRAD
 **********
 START MIGRAD MINIMIZATION.  STRATEGY  1.  CONVERGENCE WHEN EDM .LT. 1.00e-04
 FCN=558.076 FROM MIGRAD    STATUS=INITIATE       28 CALLS        1363 TOTAL
                     EDM= unknown      STRATEGY= 1      NO ERROR MATRIX       
  EXT PARAMETER               CURRENT GUESS       STEP         FIRST   
  NO.   NAME      VALUE            ERROR          SIZE      DERIVATIVE 
   1  N0           2.81515e+06   6.57405e+03  -1.02922e+04  -4.01236e-03
   2  tau          6.44101e+01   constant   
   3  A0           3.90379e-01   3.60200e-03   5.97057e-03  -1.73128e+04
   4  phi          4.15169e+00   4.24492e-03  -5.12147e-03  -5.31290e+03
   5  R           -5.98037e+01   constant   
   6  alpha_CBO    0.00000e+00   1.00000e-03   1.00000e-03   1.69495e+04
   7  w_CBO        2.32500e+00   constant   
   8  beta_CBO     0.00000e+00     fixed    
   9  alpha_2CBO   0.00000e+00     fixed    
  10  beta_2CBO    0.00000e+00   1.00000e-03   1.00000e-03  -1.48433e+04
  11  alpha_y      0.00000e+00     fixed    
  12  w_y          1.44500e+01   constant   
  13  beta_y       0.00000e+00   1.00000e-03   1.00000e-03   2.24107e+05
  14  alpha_vw     0.00000e+00     fixed    
  15  w_vw         1.29000e+01   constant   
  16  beta_vw      0.00000e+00     fixed    
  17  LM           1.43880e-04   constant   
  18  zeta_y       0.00000e+00   constant   
  19  zeta_vw      0.00000e+00   constant   
  20  T_CBO        1.27752e+02   4.79188e+00  -1.05394e-02   5.45055e+02
  21  alpha_A0     1.86829e-01   1.32976e-02   2.15873e-02   2.32227e+03
  22  beta_A0     -1.68432e-02   1.01077e-02  -1.40455e-02   1.33435e+03
  23  alpha_phi   -2.81465e-02   1.29089e-02  -1.85208e-02   2.06571e+03
  24  beta_phi    -1.87750e-01   1.41164e-02  -2.32195e-02  -2.14452e+03
 MIGRAD MINIMIZATION HAS CONVERGED.
 MIGRAD WILL VERIFY CONVERGENCE AND ERROR MATRIX.
 COVARIANCE MATRIX CALCULATED SUCCESSFULLY
 FCN=198.972 FROM MIGRAD    STATUS=CONVERGED    1190 CALLS        2525 TOTAL
                     EDM=7.98446e-05    STRATEGY= 1      ERROR MATRIX ACCURATE 
  EXT PARAMETER                                   STEP         FIRST   
  NO.   NAME      VALUE            ERROR          SIZE      DERIVATIVE 
   1  N0           2.81458e+06   2.49693e+04   2.26027e+00   4.04549e-06
   2  tau          6.44101e+01   constant   
   3  A0           4.18521e-01   2.19664e-02   1.12955e-06  -7.26569e-01
   4  phi          4.12635e+00   1.37573e-02   2.28741e-06   2.34489e+00
   5  R           -5.98037e+01   constant   
   6  alpha_CBO    7.18138e-03   9.51653e-03   1.12017e-06  -3.39263e+00
   7  w_CBO        2.32500e+00   constant   
   8  beta_CBO     0.00000e+00     fixed    
   9  alpha_2CBO   0.00000e+00     fixed    
  10  beta_2CBO    3.15667e-03   2.74121e-03   1.18002e-06  -1.24704e+00
  11  alpha_y      0.00000e+00     fixed    
  12  w_y          1.44500e+01   constant   
  13  beta_y      -3.04620e-03   1.77797e-04   1.13108e-06  -5.66479e+00
  14  alpha_vw     0.00000e+00     fixed    
  15  w_vw         1.29000e+01   constant   
  16  beta_vw      0.00000e+00     fixed    
  17  LM           1.43880e-04   constant   
  18  zeta_y       0.00000e+00   constant   
  19  zeta_vw      0.00000e+00   constant   
  20  T_CBO        2.09955e+02   2.41588e+02   3.47192e-05   1.25191e-01
  21  alpha_A0     2.25402e-01   6.60881e-02   3.97838e-06  -3.04380e-02
  22  beta_A0     -3.13544e-02   1.76483e-02   3.67057e-06  -1.30240e+00
  23  alpha_phi   -5.00024e-02   2.15376e-02   4.23982e-06  -1.38614e+00
  24  beta_phi    -2.22647e-01   6.67240e-02   3.81193e-06  -9.56119e-01
 EXTERNAL ERROR MATRIX.    NDIM=  25    NPAR= 11    ERR DEF=1
  6.235e+08 
  4.050e+02  4.825e-04 
 -2.775e+02 -2.676e-04  1.893e-04 
  2.299e+02  1.813e-04 -1.195e-04  9.056e-05 
  5.496e+01  5.899e-05 -3.467e-05  2.361e-05  7.514e-06 
 -1.102e+00 -1.607e-07  3.061e-07 -3.514e-07 -2.889e-08  3.161e-08 
 -1.523e+06 -1.455e+00  8.863e-01 -5.388e-01 -1.793e-01 -3.016e-05  6.689e+04 
  7.023e+02  1.026e-03 -5.311e-04  3.222e-04  1.222e-04  5.833e-07 -1.431e+01  4.368e-03 
  3.718e+02  2.413e-04 -1.245e-04  1.332e-04  3.168e-05 -6.433e-07  6.035e-01  1.587e-04  3.115e-04 
  4.215e+02  2.094e-04 -1.200e-04  1.434e-04  2.952e-05 -8.957e-07  1.661e+00 -1.417e-04  3.670e-04  4.639e-04 
 -7.835e+02 -1.066e-03  5.525e-04 -3.507e-04 -1.267e-04 -3.341e-07  1.435e+01 -4.398e-03 -2.224e-04  6.663e-05  4.452e-03 
 PARAMETER  CORRELATION COEFFICIENTS  
       NO.  GLOBAL      1      3      4      6     10     13     20     21     22     23     24
        1  0.99991   1.000  0.738 -0.808  0.967  0.803 -0.248 -0.236  0.426  0.844  0.784 -0.470
        3  0.99997   0.738  1.000 -0.886  0.867  0.980 -0.041 -0.256  0.707  0.623  0.443 -0.728
        4  0.99971  -0.808 -0.886  1.000 -0.913 -0.919  0.125  0.249 -0.584 -0.513 -0.405  0.602
        6  0.99985   0.967  0.867 -0.913  1.000  0.905 -0.208 -0.219  0.512  0.793  0.700 -0.552
       10  0.99805   0.803  0.980 -0.919  0.905  1.000 -0.059 -0.253  0.674  0.655  0.500 -0.692
       13  0.38879  -0.248 -0.041  0.125 -0.208 -0.059  1.000 -0.001  0.050 -0.205 -0.234 -0.028
       20  0.99997  -0.236 -0.256  0.249 -0.219 -0.253 -0.001  1.000 -0.837  0.132  0.298  0.831
       21  0.99996   0.426  0.707 -0.584  0.512  0.674  0.050 -0.837  1.000  0.136 -0.100 -0.997
       22  0.99955   0.844  0.623 -0.513  0.793  0.655 -0.205  0.132  0.136  1.000  0.966 -0.189
       23  0.99959   0.784  0.443 -0.405  0.700  0.500 -0.234  0.298 -0.100  0.966  1.000  0.046
       24  0.99997  -0.470 -0.728  0.602 -0.552 -0.692 -0.028  0.831 -0.997 -0.189  0.046  1.000
MINUIT - FIT ONLY 2-CBO
 **********
 **   25 **RES 
 **********
                   PARAMETER   16  beta_vw RESTORED TO VARIABLE.
                   PARAMETER   14  alpha_vw RESTORED TO VARIABLE.
                   PARAMETER   11  alpha_y RESTORED TO VARIABLE.
                   PARAMETER    9  alpha_2CBO RESTORED TO VARIABLE.
                   PARAMETER    8  beta_CBO RESTORED TO VARIABLE.
 **********
 **   26 **FIX            0
 **********
 PARAMETER    0  IS UNDEFINED. IGNORED.
 **********
 **   27 **FIX            1
 **********
 **********
 **   28 **FIX            2
 **********
 PARAMETER    2  IS CONSTANT.   IGNORED.
 **********
 **   29 **FIX            3
 **********
 **********
 **   30 **FIX            4
 **********
 **********
 **   31 **FIX            5
 **********
 PARAMETER    5  IS CONSTANT.   IGNORED.
 **********
 **   32 **FIX            6
 **********
 **********
 **   33 **FIX            7
 **********
 PARAMETER    7  IS CONSTANT.   IGNORED.
 **********
 **   34 **FIX           10
 **********
 **********
 **   35 **FIX           11
 **********
 **********
 **   36 **FIX           12
 **********
 PARAMETER   12  IS CONSTANT.   IGNORED.
 **********
 **   37 **FIX           13
 **********
 **********
 **   38 **FIX           14
 **********
 **********
 **   39 **FIX           15
 **********
 PARAMETER   15  IS CONSTANT.   IGNORED.
 **********
 **   40 **FIX           16
 **********
 **********
 **   41 **MIGRAD
 **********
 START MIGRAD MINIMIZATION.  STRATEGY  1.  CONVERGENCE WHEN EDM .LT. 1.00e-04
 FCN=198.972 FROM MIGRAD    STATUS=INITIATE       18 CALLS        2543 TOTAL
                     EDM= unknown      STRATEGY= 1      NO ERROR MATRIX       
  EXT PARAMETER               CURRENT GUESS       STEP         FIRST   
  NO.   NAME      VALUE            ERROR          SIZE      DERIVATIVE 
   1  N0           2.81458e+06     fixed    
   2  tau          6.44101e+01   constant   
   3  A0           4.18521e-01     fixed    
   4  phi          4.12635e+00     fixed    
   5  R           -5.98037e+01   constant   
   6  alpha_CBO    7.18138e-03     fixed    
   7  w_CBO        2.32500e+00   constant   
   8  beta_CBO     0.00000e+00   1.00000e-03   1.00000e-03  -2.78770e+01
   9  alpha_2CBO   0.00000e+00   1.00000e-03   1.00000e-03   1.45861e+03
  10  beta_2CBO    3.15667e-03     fixed    
  11  alpha_y      0.00000e+00     fixed    
  12  w_y          1.44500e+01   constant   
  13  beta_y      -3.04620e-03     fixed    
  14  alpha_vw     0.00000e+00     fixed    
  15  w_vw         1.29000e+01   constant   
  16  beta_vw      0.00000e+00     fixed    
  17  LM           1.43880e-04   constant   
  18  zeta_y       0.00000e+00   constant   
  19  zeta_vw      0.00000e+00   constant   
  20  T_CBO        2.09955e+02   2.41588e+02   3.47192e-05   1.25060e-01
  21  alpha_A0     2.25402e-01   6.60881e-02   3.97838e-06  -3.04806e-02
  22  beta_A0     -3.13544e-02   1.76483e-02   3.67057e-06  -1.30238e+00
  23  alpha_phi   -5.00024e-02   2.15376e-02   4.23982e-06  -1.38614e+00
  24  beta_phi    -2.22647e-01   6.67240e-02   3.81193e-06  -9.56113e-01
 MIGRAD MINIMIZATION HAS CONVERGED.
 MIGRAD WILL VERIFY CONVERGENCE AND ERROR MATRIX.
 COVARIANCE MATRIX CALCULATED SUCCESSFULLY
 FCN=198.893 FROM HESSE     STATUS=OK             50 CALLS        2690 TOTAL
                     EDM=0.00471016    STRATEGY= 1      ERROR MATRIX ACCURATE 
  EXT PARAMETER                                   STEP         FIRST   
  NO.   NAME      VALUE            ERROR          SIZE      DERIVATIVE 
   1  N0           2.81458e+06     fixed    
   2  tau          6.44101e+01   constant   
   3  A0           4.18521e-01     fixed    
   4  phi          4.12635e+00     fixed    
   5  R           -5.98037e+01   constant   
   6  alpha_CBO    7.18138e-03     fixed    
   7  w_CBO        2.32500e+00   constant   
   8  beta_CBO     8.53738e-05   6.58483e-04   1.15498e-06   3.77578e-01
   9  alpha_2CBO  -1.07002e-04   3.96359e-04   1.09861e-06  -8.64879e+00
  10  beta_2CBO    3.15667e-03     fixed    
  11  alpha_y      0.00000e+00     fixed    
  12  w_y          1.44500e+01   constant   
  13  beta_y      -3.04620e-03     fixed    
  14  alpha_vw     0.00000e+00     fixed    
  15  w_vw         1.29000e+01   constant   
  16  beta_vw      0.00000e+00     fixed    
  17  LM           1.43880e-04   constant   
  18  zeta_y       0.00000e+00   constant   
  19  zeta_vw      0.00000e+00   constant   
  20  T_CBO        2.09474e+02   2.13820e+02   3.46183e-05  -1.09920e-01
  21  alpha_A0     2.25407e-01   4.01643e-02   3.98022e-06   2.17851e-01
  22  beta_A0     -3.14499e-02   6.76755e-03   3.67183e-06  -1.00116e+00
  23  alpha_phi   -5.03700e-02   9.33888e-03   4.24044e-06   1.24879e+00
  24  beta_phi    -2.22335e-01   4.02030e-02   3.81233e-06  -1.82711e+00
 CALL LIMIT EXCEEDED IN MIGRAD.
 MIGRAD TERMINATED WITHOUT CONVERGENCE.
 FCN=198.838 FROM MIGRAD    STATUS=CALL LIMIT   1162 CALLS        3687 TOTAL
                     EDM=0.00203129    STRATEGY= 1  ERROR MATRIX UNCERTAINTY  19.6 per cent
  EXT PARAMETER                APPROXIMATE        STEP         FIRST   
  NO.   NAME      VALUE            ERROR          SIZE      DERIVATIVE 
   1  N0           2.81458e+06     fixed    
   2  tau          6.44101e+01   constant   
   3  A0           4.18521e-01     fixed    
   4  phi          4.12635e+00     fixed    
   5  R           -5.98037e+01   constant   
   6  alpha_CBO    7.18138e-03     fixed    
   7  w_CBO        2.32500e+00   constant   
   8  beta_CBO    -6.49580e-05   5.44784e-04  -8.03041e-07  -9.94994e+01
   9  alpha_2CBO  -1.53489e-04   3.71540e-04  -2.71506e-06   1.46696e+02
  10  beta_2CBO    3.15667e-03     fixed    
  11  alpha_y      0.00000e+00     fixed    
  12  w_y          1.44500e+01   constant   
  13  beta_y      -3.04620e-03     fixed    
  14  alpha_vw     0.00000e+00     fixed    
  15  w_vw         1.29000e+01   constant   
  16  beta_vw      0.00000e+00     fixed    
  17  LM           1.43880e-04   constant   
  18  zeta_y       0.00000e+00   constant   
  19  zeta_vw      0.00000e+00   constant   
  20  T_CBO        3.84171e+02   2.34884e+02   1.27200e-02  -3.31004e+00
  21  alpha_A0     2.09033e-01   1.23632e-02  -3.11003e-04  -4.75452e+01
  22  beta_A0     -2.87587e-02   2.37543e-03   4.73500e-05   3.99676e+01
  23  alpha_phi   -4.66163e-02   3.14076e-03   5.99712e-05   1.26452e+01
  24  beta_phi    -2.05963e-01   1.24454e-02   3.22284e-04   7.75579e+01
 EXTERNAL ERROR MATRIX.    NDIM=  25    NPAR=  7    ERR DEF=1
  2.968e-07 -9.440e-08 -2.928e-02  1.292e-06 -8.115e-07 -7.951e-07 -6.750e-07 
 -9.440e-08  1.380e-07 -8.036e-03  4.778e-07  1.023e-08  3.366e-07 -8.497e-07 
 -2.928e-02 -8.036e-03  6.009e+04 -3.027e+00  4.956e-01  6.930e-01  3.024e+00 
  1.292e-06  4.778e-07 -3.027e+00  1.528e-04 -2.453e-05 -3.456e-05 -1.528e-04 
 -8.115e-07  1.023e-08  4.956e-01 -2.453e-05  5.643e-06  6.350e-06  2.345e-05 
 -7.951e-07  3.366e-07  6.930e-01 -3.456e-05  6.350e-06  9.864e-06  3.309e-05 
 -6.750e-07 -8.497e-07  3.024e+00 -1.528e-04  2.345e-05  3.309e-05  1.549e-04 
ERR MATRIX APPROXIMATE
 PARAMETER  CORRELATION COEFFICIENTS  
       NO.  GLOBAL      8      9     20     21     22     23     24
        8  0.97137   1.000 -0.466 -0.219  0.192 -0.627 -0.465 -0.100
        9  0.95891  -0.466  1.000 -0.088  0.104  0.012  0.288 -0.184
       20  0.99992  -0.219 -0.088  1.000 -0.999  0.851  0.900  0.991
       21  0.99952   0.192  0.104 -0.999  1.000 -0.835 -0.890 -0.993
       22  0.98761  -0.627  0.012  0.851 -0.835  1.000  0.851  0.793
       23  0.98060  -0.465  0.288  0.900 -0.890  0.851  1.000  0.847
       24  0.99980  -0.100 -0.184  0.991 -0.993  0.793  0.847  1.000
 ERR MATRIX APPROXIMATE
MINUIT - FIT wiggle + 1-CBO + 2-CBO
 **********
 **   42 **RES 
 **********
                   PARAMETER   16  beta_vw RESTORED TO VARIABLE.
                   PARAMETER   14  alpha_vw RESTORED TO VARIABLE.
                   PARAMETER   13  beta_y RESTORED TO VARIABLE.
                   PARAMETER   11  alpha_y RESTORED TO VARIABLE.
                   PARAMETER   10  beta_2CBO RESTORED TO VARIABLE.
                   PARAMETER    6  alpha_CBO RESTORED TO VARIABLE.
                   PARAMETER    4  phi RESTORED TO VARIABLE.
                   PARAMETER    3  A0 RESTORED TO VARIABLE.
                   PARAMETER    1  N0 RESTORED TO VARIABLE.
 **********
 **   43 **FIX           10
 **********
 **********
 **   44 **FIX           11
 **********
 **********
 **   45 **FIX           12
 **********
 PARAMETER   12  IS CONSTANT.   IGNORED.
 **********
 **   46 **FIX           13
 **********
 **********
 **   47 **FIX           14
 **********
 **********
 **   48 **FIX           15
 **********
 PARAMETER   15  IS CONSTANT.   IGNORED.
 **********
 **   49 **FIX           16
 **********
 **********
 **   50 **MIGRAD
 **********
 START MIGRAD MINIMIZATION.  STRATEGY  1.  CONVERGENCE WHEN EDM .LT. 1.00e-04
 FCN=198.838 FROM MIGRAD    STATUS=INITIATE       22 CALLS        3709 TOTAL
                     EDM= unknown      STRATEGY= 1      NO ERROR MATRIX       
  EXT PARAMETER               CURRENT GUESS       STEP         FIRST   
  NO.   NAME      VALUE            ERROR          SIZE      DERIVATIVE 
   1  N0           2.81458e+06   2.49693e+04   2.49693e+04  -2.04848e-04
   2  tau          6.44101e+01   constant   
   3  A0           4.18521e-01   2.19664e-02   2.19664e-02   1.97508e+02
   4  phi          4.12635e+00   1.37573e-02   1.37573e-02  -2.37620e+01
   5  R           -5.98037e+01   constant   
   6  alpha_CBO    7.18138e-03   9.51653e-03   9.51653e-03   3.72044e+02
   7  w_CBO        2.32500e+00   constant   
   8  beta_CBO    -6.49580e-05   5.44784e-04  -8.03041e-07  -9.94994e+01
   9  alpha_2CBO  -1.53489e-04   3.71540e-04  -2.71506e-06   1.46696e+02
  10  beta_2CBO    3.15667e-03     fixed    
  11  alpha_y      0.00000e+00     fixed    
  12  w_y          1.44500e+01   constant   
  13  beta_y      -3.04620e-03     fixed    
  14  alpha_vw     0.00000e+00     fixed    
  15  w_vw         1.29000e+01   constant   
  16  beta_vw      0.00000e+00     fixed    
  17  LM           1.43880e-04   constant   
  18  zeta_y       0.00000e+00   constant   
  19  zeta_vw      0.00000e+00   constant   
  20  T_CBO        3.84171e+02   2.34884e+02   1.27200e-02  -3.31005e+00
  21  alpha_A0     2.09033e-01   1.23632e-02  -3.11003e-04  -4.75452e+01
  22  beta_A0     -2.87587e-02   2.37543e-03   4.73500e-05   3.99676e+01
  23  alpha_phi   -4.66163e-02   3.14076e-03   5.99712e-05   1.26452e+01
  24  beta_phi    -2.05963e-01   1.24454e-02   3.22284e-04   7.75579e+01
 MIGRAD MINIMIZATION HAS CONVERGED.
 FCN=189.728 FROM MIGRAD    STATUS=CONVERGED    1035 CALLS        4722 TOTAL
                     EDM=7.86784e-06    STRATEGY= 1  ERROR MATRIX UNCERTAINTY   0.9 per cent
  EXT PARAMETER                                   STEP         FIRST   
  NO.   NAME      VALUE            ERROR          SIZE      DERIVATIVE 
   1  N0           2.81887e+06   3.53606e+03   7.41333e+00  -8.19407e-06
   2  tau          6.44101e+01   constant   
   3  A0           4.24222e-01   5.07627e-03  -2.30539e-05  -1.59693e+01
   4  phi          4.20094e+00   2.39640e-02  -9.96844e-05   1.11201e-01
   5  R           -5.98037e+01   constant   
   6  alpha_CBO   -2.11341e-02   8.33968e-03   3.68707e-05   6.82629e+00
   7  w_CBO        2.32500e+00   constant   
   8  beta_CBO    -1.00095e-02   3.73639e-03   1.13213e-05   1.99113e+01
   9  alpha_2CBO  -1.25603e-02   3.96333e-03   1.75863e-05   1.35333e+01
  10  beta_2CBO    3.15667e-03     fixed    
  11  alpha_y      0.00000e+00     fixed    
  12  w_y          1.44500e+01   constant   
  13  beta_y      -3.04620e-03     fixed    
  14  alpha_vw     0.00000e+00     fixed    
  15  w_vw         1.29000e+01   constant   
  16  beta_vw      0.00000e+00     fixed    
  17  LM           1.43880e-04   constant   
  18  zeta_y       0.00000e+00   constant   
  19  zeta_vw      0.00000e+00   constant   
  20  T_CBO        8.46622e+02   1.26252e+02  -1.64351e-03   1.16086e-02
  21  alpha_A0     2.82701e-01   2.42765e-02  -1.11158e-04   3.63678e+00
  22  beta_A0      1.04559e-01   3.69321e-02  -1.59797e-04   6.30531e+00
  23  alpha_phi    3.84379e-02   2.77615e-02  -1.09386e-04  -4.01877e+00
  24  beta_phi    -2.37105e-01   1.24807e-02   5.47566e-05  -3.64064e-01
 EXTERNAL ERROR MATRIX.    NDIM=  25    NPAR= 11    ERR DEF=1
  1.250e+07 
 -7.724e+00  2.577e-05 
  1.335e+00  1.050e-04  5.743e-04 
  7.605e+00 -3.474e-05 -1.791e-04  6.955e-05 
  7.260e+00 -8.184e-06 -3.596e-05  2.377e-05  1.396e-05 
  2.030e+00 -1.698e-05 -9.027e-05  3.251e-05  9.567e-06  1.571e-05 
 -1.036e+05  5.904e-01  2.958e+00 -1.052e+00 -3.039e-01 -5.045e-01  1.664e+04 
 -3.500e+01  1.085e-04  5.029e-04 -1.993e-04 -7.013e-05 -9.226e-05  3.042e+00  5.893e-04 
 -1.050e+01  1.582e-04  8.642e-04 -2.983e-04 -8.074e-05 -1.452e-04  4.704e+00  8.395e-04  1.364e-03 
  1.071e+01  1.152e-04  6.619e-04 -1.997e-04 -3.550e-05 -1.018e-04  3.324e+00  5.507e-04  9.849e-04  7.707e-04 
  3.041e+01 -5.775e-05 -2.118e-04  8.808e-05  3.349e-05  3.948e-05 -1.380e+00 -2.801e-04 -3.550e-04 -2.214e-04  1.558e-04 
 PARAMETER  CORRELATION COEFFICIENTS  
       NO.  GLOBAL      1      3      4      6      8      9     20     21     22     23     24
        1  0.99731   1.000 -0.430  0.016  0.258  0.549  0.145 -0.227 -0.408 -0.080  0.109  0.689
        3  0.99960  -0.430  1.000  0.863 -0.821 -0.431 -0.844  0.902  0.880  0.844  0.818 -0.912
        4  0.99993   0.016  0.863  1.000 -0.896 -0.402 -0.950  0.957  0.864  0.976  0.995 -0.708
        6  0.99986   0.258 -0.821 -0.896  1.000  0.763  0.983 -0.978 -0.984 -0.968 -0.862  0.846
        8  0.99913   0.549 -0.431 -0.402  0.763  1.000  0.646 -0.631 -0.773 -0.585 -0.342  0.718
        9  0.99927   0.145 -0.844 -0.950  0.983  0.646  1.000 -0.987 -0.959 -0.992 -0.925  0.798
       20  0.99957  -0.227  0.902  0.957 -0.978 -0.631 -0.987  1.000  0.971  0.988  0.928 -0.857
       21  0.99983  -0.408  0.880  0.864 -0.984 -0.773 -0.959  0.971  1.000  0.936  0.817 -0.924
       22  0.99994  -0.080  0.844  0.976 -0.968 -0.585 -0.992  0.988  0.936  1.000  0.961 -0.770
       23  0.99982   0.109  0.818  0.995 -0.862 -0.342 -0.925  0.928  0.817  0.961  1.000 -0.639
       24  0.99935   0.689 -0.912 -0.708  0.846  0.718  0.798 -0.857 -0.924 -0.770 -0.639  1.000
MINUIT - FIT ONLY 1-y
 **********
 **   51 **RES 
 **********
                   PARAMETER   16  beta_vw RESTORED TO VARIABLE.
                   PARAMETER   14  alpha_vw RESTORED TO VARIABLE.
                   PARAMETER   13  beta_y RESTORED TO VARIABLE.
                   PARAMETER   11  alpha_y RESTORED TO VARIABLE.
                   PARAMETER   10  beta_2CBO RESTORED TO VARIABLE.
 **********
 **   52 **FIX            0
 **********
 PARAMETER    0  IS UNDEFINED. IGNORED.
 **********
 **   53 **FIX            1
 **********
 **********
 **   54 **FIX            2
 **********
 PARAMETER    2  IS CONSTANT.   IGNORED.
 **********
 **   55 **FIX            3
 **********
 **********
 **   56 **FIX            4
 **********
 **********
 **   57 **FIX            5
 **********
 PARAMETER    5  IS CONSTANT.   IGNORED.
 **********
 **   58 **FIX            6
 **********
 **********
 **   59 **FIX            7
 **********
 PARAMETER    7  IS CONSTANT.   IGNORED.
 **********
 **   60 **FIX            8
 **********
 **********
 **   61 **FIX            9
 **********
 **********
 **   62 **FIX           13
 **********
 **********
 **   63 **FIX           14
 **********
 **********
 **   64 **FIX           15
 **********
 PARAMETER   15  IS CONSTANT.   IGNORED.
 **********
 **   65 **FIX           16
 **********
 **********
 **   66 **MIGRAD
 **********
 START MIGRAD MINIMIZATION.  STRATEGY  1.  CONVERGENCE WHEN EDM .LT. 1.00e-04
 FCN=189.728 FROM MIGRAD    STATUS=INITIATE       16 CALLS        4738 TOTAL
                     EDM= unknown      STRATEGY= 1      NO ERROR MATRIX       
  EXT PARAMETER               CURRENT GUESS       STEP         FIRST   
  NO.   NAME      VALUE            ERROR          SIZE      DERIVATIVE 
   1  N0           2.81887e+06     fixed    
   2  tau          6.44101e+01   constant   
   3  A0           4.24222e-01     fixed    
   4  phi          4.20094e+00     fixed    
   5  R           -5.98037e+01   constant   
   6  alpha_CBO   -2.11341e-02     fixed    
   7  w_CBO        2.32500e+00   constant   
   8  beta_CBO    -1.00095e-02     fixed    
   9  alpha_2CBO  -1.25603e-02     fixed    
  10  beta_2CBO    3.15667e-03   2.74121e-03   2.74121e-03  -8.74862e+02
  11  alpha_y      0.00000e+00   1.00000e-03   1.00000e-03  -1.50256e+05
  12  w_y          1.44500e+01   constant   
  13  beta_y      -3.04620e-03     fixed    
  14  alpha_vw     0.00000e+00     fixed    
  15  w_vw         1.29000e+01   constant   
  16  beta_vw      0.00000e+00     fixed    
  17  LM           1.43880e-04   constant   
  18  zeta_y       0.00000e+00   constant   
  19  zeta_vw      0.00000e+00   constant   
  20  T_CBO        8.46622e+02   1.26252e+02  -1.64351e-03   1.16090e-02
  21  alpha_A0     2.82701e-01   2.42765e-02  -1.11158e-04   3.63680e+00
  22  beta_A0      1.04559e-01   3.69321e-02  -1.59797e-04   6.30532e+00
  23  alpha_phi    3.84379e-02   2.77615e-02  -1.09386e-04  -4.01877e+00
  24  beta_phi    -2.37105e-01   1.24807e-02   5.47566e-05  -3.64065e-01
 MIGRAD MINIMIZATION HAS CONVERGED.
 MIGRAD WILL VERIFY CONVERGENCE AND ERROR MATRIX.
 COVARIANCE MATRIX CALCULATED SUCCESSFULLY
 FCN=28.4154 FROM HESSE     STATUS=OK             50 CALLS        4866 TOTAL
                     EDM=0.0117644    STRATEGY= 1      ERROR MATRIX ACCURATE 
  EXT PARAMETER                                   STEP         FIRST   
  NO.   NAME      VALUE            ERROR          SIZE      DERIVATIVE 
   1  N0           2.81887e+06     fixed    
   2  tau          6.44101e+01   constant   
   3  A0           4.24222e-01     fixed    
   4  phi          4.20094e+00     fixed    
   5  R           -5.98037e+01   constant   
   6  alpha_CBO   -2.11341e-02     fixed    
   7  w_CBO        2.32500e+00   constant   
   8  beta_CBO    -1.00095e-02     fixed    
   9  alpha_2CBO  -1.25603e-02     fixed    
  10  beta_2CBO    2.68179e-03   2.55061e-04   4.53160e-07  -1.25893e+01
  11  alpha_y      2.14990e-03   1.69288e-04   4.38807e-07  -3.99808e-01
  12  w_y          1.44500e+01   constant   
  13  beta_y      -3.04620e-03     fixed    
  14  alpha_vw     0.00000e+00     fixed    
  15  w_vw         1.29000e+01   constant   
  16  beta_vw      0.00000e+00     fixed    
  17  LM           1.43880e-04   constant   
  18  zeta_y       0.00000e+00   constant   
  19  zeta_vw      0.00000e+00   constant   
  20  T_CBO        8.26763e+02   6.03244e+02   1.69294e-04   2.43069e-02
  21  alpha_A0     2.81977e-01   2.20711e-02   1.22019e-06  -5.67956e-01
  22  beta_A0      1.04880e-01   8.19758e-03   1.17569e-06  -2.18993e+00
  23  alpha_phi    3.68227e-02   2.56259e-03   1.57609e-06   1.69007e+00
  24  beta_phi    -2.37341e-01   1.93201e-02   1.27114e-06   4.76438e+00
 CALL LIMIT EXCEEDED IN MIGRAD.
 MIGRAD TERMINATED WITHOUT CONVERGENCE.
 FCN=28.3427 FROM MIGRAD    STATUS=CALL LIMIT   1160 CALLS        5882 TOTAL
                     EDM=0.000644538    STRATEGY= 1  ERROR MATRIX UNCERTAINTY  23.4 per cent
  EXT PARAMETER                APPROXIMATE        STEP         FIRST   
  NO.   NAME      VALUE            ERROR          SIZE      DERIVATIVE 
   1  N0           2.81887e+06     fixed    
   2  tau          6.44101e+01   constant   
   3  A0           4.24222e-01     fixed    
   4  phi          4.20094e+00     fixed    
   5  R           -5.98037e+01   constant   
   6  alpha_CBO   -2.11341e-02     fixed    
   7  w_CBO        2.32500e+00   constant   
   8  beta_CBO    -1.00095e-02     fixed    
   9  alpha_2CBO  -1.25603e-02     fixed    
  10  beta_2CBO    2.63931e-03   2.41652e-04  -9.68726e-07   8.52611e+01
  11  alpha_y      2.15110e-03   1.69139e-04   5.25956e-08  -1.23328e+01
  12  w_y          1.44500e+01   constant   
  13  beta_y      -3.04620e-03     fixed    
  14  alpha_vw     0.00000e+00     fixed    
  15  w_vw         1.29000e+01   constant   
  16  beta_vw      0.00000e+00     fixed    
  17  LM           1.43880e-04   constant   
  18  zeta_y       0.00000e+00   constant   
  19  zeta_vw      0.00000e+00   constant   
  20  T_CBO        4.06358e+02   2.51064e+02  -6.80092e-03  -2.74891e+00
  21  alpha_A0     2.94411e-01   1.59394e-02   2.00222e-04  -6.28135e+01
  22  beta_A0      1.09492e-01   5.94607e-03   7.48663e-05  -8.39014e+00
  23  alpha_phi    3.82022e-02   1.90556e-03   2.16698e-05   7.88835e+00
  24  beta_phi    -2.48236e-01   1.40247e-02  -1.76907e-04   3.16133e+01
 EXTERNAL ERROR MATRIX.    NDIM=  25    NPAR=  7    ERR DEF=1
  5.840e-08 -6.334e-09  1.105e-02 -5.746e-07 -2.683e-07  1.643e-08  6.222e-07 
 -6.334e-09  2.861e-08  1.605e-06 -1.517e-08  2.702e-09 -2.236e-08  8.303e-10 
  1.105e-02  1.605e-06  6.945e+04 -4.198e+00 -1.562e+00 -4.639e-01  3.694e+00 
 -5.746e-07 -1.517e-08 -4.198e+00  2.541e-04  9.441e-05  2.823e-05 -2.232e-04 
 -2.683e-07  2.702e-09 -1.562e+00  9.441e-05  3.536e-05  1.042e-05 -8.312e-05 
  1.643e-08 -2.236e-08 -4.639e-01  2.823e-05  1.042e-05  3.631e-06 -2.466e-05 
  6.222e-07  8.303e-10  3.694e+00 -2.232e-04 -8.312e-05 -2.466e-05  1.967e-04 
ERR MATRIX APPROXIMATE
 PARAMETER  CORRELATION COEFFICIENTS  
       NO.  GLOBAL     10     11     20     21     22     23     24
       10  0.78360   1.000 -0.155  0.174 -0.149 -0.187  0.036  0.184
       11  0.21516  -0.155  1.000  0.000 -0.006  0.003 -0.069  0.000
       20  0.99990   0.174  0.000  1.000 -0.999 -0.997 -0.924  0.999
       21  0.99982  -0.149 -0.006 -0.999  1.000  0.996  0.930 -0.998
       22  0.99722  -0.187  0.003 -0.997  0.996  1.000  0.920 -0.997
       23  0.95106   0.036 -0.069 -0.924  0.930  0.920  1.000 -0.923
       24  0.99952   0.184  0.000  0.999 -0.998 -0.997 -0.923  1.000
 ERR MATRIX APPROXIMATE
MINUIT - FIT ONLY 2-y
 **********
 **   67 **RES 
 **********
                   PARAMETER   16  beta_vw RESTORED TO VARIABLE.
                   PARAMETER   14  alpha_vw RESTORED TO VARIABLE.
                   PARAMETER   13  beta_y RESTORED TO VARIABLE.
                   PARAMETER    9  alpha_2CBO RESTORED TO VARIABLE.
                   PARAMETER    8  beta_CBO RESTORED TO VARIABLE.
                   PARAMETER    6  alpha_CBO RESTORED TO VARIABLE.
                   PARAMETER    4  phi RESTORED TO VARIABLE.
                   PARAMETER    3  A0 RESTORED TO VARIABLE.
                   PARAMETER    1  N0 RESTORED TO VARIABLE.
 **********
 **   68 **FIX            0
 **********
 PARAMETER    0  IS UNDEFINED. IGNORED.
 **********
 **   69 **FIX            1
 **********
 **********
 **   70 **FIX            2
 **********
 PARAMETER    2  IS CONSTANT.   IGNORED.
 **********
 **   71 **FIX            3
 **********
 **********
 **   72 **FIX            4
 **********
 **********
 **   73 **FIX            5
 **********
 PARAMETER    5  IS CONSTANT.   IGNORED.
 **********
 **   74 **FIX            6
 **********
 **********
 **   75 **FIX            7
 **********
 PARAMETER    7  IS CONSTANT.   IGNORED.
 **********
 **   76 **FIX            8
 **********
 **********
 **   77 **FIX            9
 **********
 **********
 **   78 **FIX           10
 **********
 **********
 **   79 **FIX           11
 **********
 **********
 **   80 **FIX           12
 **********
 PARAMETER   12  IS CONSTANT.   IGNORED.
 **********
 **   81 **FIX           16
 **********
 **********
 **   82 **MIGRAD
 **********
 START MIGRAD MINIMIZATION.  STRATEGY  1.  CONVERGENCE WHEN EDM .LT. 1.00e-04
 FCN=28.3427 FROM MIGRAD    STATUS=INITIATE       16 CALLS        5898 TOTAL
                     EDM= unknown      STRATEGY= 1      NO ERROR MATRIX       
  EXT PARAMETER               CURRENT GUESS       STEP         FIRST   
  NO.   NAME      VALUE            ERROR          SIZE      DERIVATIVE 
   1  N0           2.81887e+06     fixed    
   2  tau          6.44101e+01   constant   
   3  A0           4.24222e-01     fixed    
   4  phi          4.20094e+00     fixed    
   5  R           -5.98037e+01   constant   
   6  alpha_CBO   -2.11341e-02     fixed    
   7  w_CBO        2.32500e+00   constant   
   8  beta_CBO    -1.00095e-02     fixed    
   9  alpha_2CBO  -1.25603e-02     fixed    
  10  beta_2CBO    2.63931e-03     fixed    
  11  alpha_y      2.15110e-03     fixed    
  12  w_y          1.44500e+01   constant   
  13  beta_y      -3.04620e-03   1.77797e-04   1.77797e-04  -9.63452e+03
  14  alpha_vw     0.00000e+00   1.00000e-03   1.00000e-03   1.54338e+04
  15  w_vw         1.29000e+01   constant   
  16  beta_vw      0.00000e+00     fixed    
