 + ++++++++++++++++++++++++++++++++++++++++++++++++++++++++++++++++++++ +
 +                                                                      +
 +           You have chose to blind your fitting according to          +
 +                omega_ref * (1 + (R +/- deltaR) *10^{-6})             +
 +                                                                      +
 + ++++++++++++++++++++++++++++++++++++++++++++++++++++++++++++++++++++ +
In main()...
reading format from /gm2data/zkhechad/run45/envelope/formats/formatB_sBin_constraintOn.txt
pBinTau 	= 0  
pBinPhi 	= 0  
constraintau 	= 1 
includeMopTerm 	= 0    
constrainMop    = 0   
Parameters after format file: pBinTau 0 pBinPhi 0 constraintau 1 includeMopTerm 0 constrainMop 0 c_e_scale 0.000000 
Opening file /gm2data/tbarrett/gm2fr/studies/run23_bunch_corrections/CorrectedFourier_Run3b.root.
reading full fit data from /gm2data/zkhechad/cboTemplates/Run4CBOTemplates/templateFits0_v2.0/noRF/sBin_constraintOn_cE0.0_seed0_noRF_calo16.root
windowBins = 17
fitting sliding window 450 from bin 586 at 87.282000 to bin 603 at 89.967600 (17 bins)

Reading data from /gm2data/cornell/histograms/aMethod/histogram_a_noRF.root
 **********
 **    1 **SET PRINTOUT            1
 **********
 **********
 **    2 **SET NOWARNINGS 
 **********
 PARAMETER DEFINITIONS:
    NO.   NAME         VALUE      STEP SIZE      LIMITS
     1 N0           3.09796e+06  1.00000e+02     no limits
     2 tau          6.43838e+01  constant
     3 A0           3.49539e-01  1.00000e-04     no limits
     4 phi          4.11719e+00  1.00000e-02     no limits
     5 R           -6.25346e+01  constant
     6 alpha_CBO    0.00000e+00  1.00000e-03     no limits
     7 w_CBO        2.32500e+00  constant
     8 beta_CBO     0.00000e+00  1.00000e-03     no limits
     9 alpha_2CBO   0.00000e+00  1.00000e-03     no limits
    10 beta_2CBO    0.00000e+00  1.00000e-03     no limits
    11 alpha_y      0.00000e+00  1.00000e-03     no limits
    12 w_y          1.44500e+01  constant
    13 beta_y       0.00000e+00  1.00000e-03     no limits
    14 alpha_vw     0.00000e+00  1.00000e-03     no limits
    15 w_vw         1.29000e+01  constant
    16 beta_vw      0.00000e+00  1.00000e-03     no limits
    17 LM          -7.79046e-04  constant
    18 zeta_y       0.00000e+00  constant
    19 zeta_vw      0.00000e+00  constant
    20 T_CBO        1.00000e+02  1.00000e+00    0.00000e+00  1.00000e+03
    21 alpha_A0     0.00000e+00  1.00000e-03     no limits
    22 beta_A0      0.00000e+00  1.00000e-03     no limits
    23 alpha_phi    0.00000e+00  1.00000e-03     no limits
    24 beta_phi     0.00000e+00  1.00000e-03     no limits
MINUIT - FIT ONLY WIGGLE
 **********
 **    3 **FIX            5
 **********
 PARAMETER    5  IS CONSTANT.   IGNORED.
 **********
 **    4 **FIX            6
 **********
 **********
 **    5 **FIX            7
 **********
 PARAMETER    7  IS CONSTANT.   IGNORED.
 **********
 **    6 **FIX            8
 **********
 **********
 **    7 **FIX            9
 **********
 **********
 **    8 **FIX           10
 **********
 **********
 **    9 **FIX           11
 **********
 **********
 **   10 **FIX           12
 **********
 PARAMETER   12  IS CONSTANT.   IGNORED.
 **********
 **   11 **FIX           13
 **********
 **********
 **   12 **FIX           14
 **********
 **********
 **   13 **FIX           15
 **********
 PARAMETER   15  IS CONSTANT.   IGNORED.
 **********
 **   14 **FIX           16
 **********
 **********
 **   15 **MIGRAD
 **********
 FIRST CALL TO USER FUNCTION AT NEW START POINT, WITH IFLAG=4.
 START MIGRAD MINIMIZATION.  STRATEGY  1.  CONVERGENCE WHEN EDM .LT. 1.00e-04
 FCN=444.512 FROM MIGRAD    STATUS=INITIATE      437 CALLS         438 TOTAL
                     EDM= unknown      STRATEGY= 1      NO ERROR MATRIX       
  EXT PARAMETER               CURRENT GUESS       STEP         FIRST   
  NO.   NAME      VALUE            ERROR          SIZE      DERIVATIVE 
   1  N0           3.09796e+06   1.00000e+02   0.00000e+00  -9.82118e-03
   2  tau          6.43838e+01   constant   
   3  A0           3.49539e-01   1.00000e-04   0.00000e+00  -9.89004e+04
   4  phi          4.11719e+00   1.00000e-02   0.00000e+00  -1.46955e+04
   5  R           -6.25346e+01   constant   
   6  alpha_CBO    0.00000e+00     fixed    
   7  w_CBO        2.32500e+00   constant   
   8  beta_CBO     0.00000e+00     fixed    
   9  alpha_2CBO   0.00000e+00     fixed    
  10  beta_2CBO    0.00000e+00     fixed    
  11  alpha_y      0.00000e+00     fixed    
  12  w_y          1.44500e+01   constant   
  13  beta_y       0.00000e+00     fixed    
  14  alpha_vw     0.00000e+00     fixed    
  15  w_vw         1.29000e+01   constant   
  16  beta_vw      0.00000e+00     fixed    
  17  LM          -7.79046e-04   constant   
  18  zeta_y       0.00000e+00   constant   
  19  zeta_vw      0.00000e+00   constant   
  20  T_CBO        1.00000e+02   1.00000e+00   0.00000e+00   0.00000e+00
  21  alpha_A0     0.00000e+00   1.00000e-03   0.00000e+00   5.94671e+03
  22  beta_A0      0.00000e+00   1.00000e-03   0.00000e+00   1.06931e+04
  23  alpha_phi    0.00000e+00   1.00000e-03   0.00000e+00  -3.04047e+03
  24  beta_phi     0.00000e+00   1.00000e-03   0.00000e+00   7.95182e+03
 MIGRAD MINIMIZATION HAS CONVERGED.
 FCN=21.1101 FROM MIGRAD    STATUS=CONVERGED    1026 CALLS        1027 TOTAL
                     EDM=4.88263e-07    STRATEGY= 1  ERROR MATRIX UNCERTAINTY   2.3 per cent
  EXT PARAMETER                                   STEP         FIRST   
  NO.   NAME      VALUE            ERROR          SIZE      DERIVATIVE 
   1  N0           3.11024e+06   1.63003e+03  -2.80127e+00  -1.29170e-06
   2  tau          6.43838e+01   constant   
   3  A0           3.50817e-01   2.47200e-03  -1.95833e-07   3.03798e+00
   4  phi          4.14048e+00   9.81023e-03  -3.70814e-06   2.52951e-01
   5  R           -6.25346e+01   constant   
   6  alpha_CBO    0.00000e+00     fixed    
   7  w_CBO        2.32500e+00   constant   
   8  beta_CBO     0.00000e+00     fixed    
   9  alpha_2CBO   0.00000e+00     fixed    
  10  beta_2CBO    0.00000e+00     fixed    
  11  alpha_y      0.00000e+00     fixed    
  12  w_y          1.44500e+01   constant   
  13  beta_y       0.00000e+00     fixed    
  14  alpha_vw     0.00000e+00     fixed    
  15  w_vw         1.29000e+01   constant   
  16  beta_vw      0.00000e+00     fixed    
  17  LM          -7.79046e-04   constant   
  18  zeta_y       0.00000e+00   constant   
  19  zeta_vw      0.00000e+00   constant   
  20  T_CBO        4.27648e+01   3.04451e+00   4.90017e-05   1.44429e-02
  21  alpha_A0    -1.28855e-01   9.83627e-02   4.66171e-05  -1.07566e-01
  22  beta_A0     -1.26832e-01   7.25848e-02   4.80246e-05   2.22666e-01
  23  alpha_phi   -1.02745e-01   9.07288e-02   7.20152e-05   2.35412e-01
  24  beta_phi     1.08431e-01   8.36509e-02  -7.12930e-05   3.68744e-01
 EXTERNAL ERROR MATRIX.    NDIM=  25    NPAR=  8    ERR DEF=1
  2.657e+06  2.859e+00 -9.061e+00 -3.657e+03  9.547e+01  6.582e+01  7.933e+01 -7.108e+01 
  2.859e+00  6.111e-06 -2.365e-05 -4.054e-03  2.384e-04  1.746e-04  2.161e-04 -1.984e-04 
 -9.061e+00 -2.365e-05  9.624e-05  1.293e-02 -9.582e-04 -7.074e-04 -8.798e-04  8.117e-04 
 -3.657e+03 -4.054e-03  1.293e-02  9.270e+00 -1.193e-01 -8.122e-02 -9.016e-02  8.161e-02 
  9.547e+01  2.384e-04 -9.582e-04 -1.193e-01  9.675e-03  7.101e-03  8.884e-03 -8.158e-03 
  6.582e+01  1.746e-04 -7.074e-04 -8.122e-02  7.101e-03  5.269e-03  6.562e-03 -6.060e-03 
  7.933e+01  2.161e-04 -8.798e-04 -9.016e-02  8.884e-03  6.562e-03  8.232e-03 -7.575e-03 
 -7.108e+01 -1.984e-04  8.117e-04  8.161e-02 -8.158e-03 -6.060e-03 -7.575e-03  6.997e-03 
 PARAMETER  CORRELATION COEFFICIENTS  
       NO.  GLOBAL      1      3      4     20     21     22     23     24
        1  0.94897   1.000  0.710 -0.567 -0.737  0.595  0.556  0.536 -0.521
        3  0.99850   0.710  1.000 -0.975 -0.539  0.980  0.973  0.964 -0.960
        4  0.99894  -0.567 -0.975  1.000  0.433 -0.993 -0.993 -0.988  0.989
       20  0.96848  -0.737 -0.539  0.433  1.000 -0.398 -0.368 -0.326  0.320
       21  0.99960   0.595  0.980 -0.993 -0.398  1.000  0.995  0.996 -0.991
       22  0.99975   0.556  0.973 -0.993 -0.368  0.995  1.000  0.996 -0.998
       23  0.99976   0.536  0.964 -0.988 -0.326  0.996  0.996  1.000 -0.998
       24  0.99981  -0.521 -0.960  0.989  0.320 -0.991 -0.998 -0.998  1.000
MINUIT - FIT ONLY 1-CBO + wiggle
 **********
 **   16 **RES 
 **********
                   PARAMETER   16  beta_vw RESTORED TO VARIABLE.
                   PARAMETER   14  alpha_vw RESTORED TO VARIABLE.
                   PARAMETER   13  beta_y RESTORED TO VARIABLE.
                   PARAMETER   11  alpha_y RESTORED TO VARIABLE.
                   PARAMETER   10  beta_2CBO RESTORED TO VARIABLE.
                   PARAMETER    9  alpha_2CBO RESTORED TO VARIABLE.
                   PARAMETER    8  beta_CBO RESTORED TO VARIABLE.
                   PARAMETER    6  alpha_CBO RESTORED TO VARIABLE.
 **********
 **   17 **FIX            8
 **********
 **********
 **   18 **FIX            9
 **********
 **********
 **   19 **FIX           11
 **********
 **********
 **   20 **FIX           12
 **********
 PARAMETER   12  IS CONSTANT.   IGNORED.
 **********
 **   21 **FIX           14
 **********
 **********
 **   22 **FIX           15
 **********
 PARAMETER   15  IS CONSTANT.   IGNORED.
 **********
 **   23 **FIX           16
 **********
 **********
 **   24 **MIGRAD
 **********
 START MIGRAD MINIMIZATION.  STRATEGY  1.  CONVERGENCE WHEN EDM .LT. 1.00e-04
 FCN=21.1101 FROM MIGRAD    STATUS=INITIATE       28 CALLS        1055 TOTAL
                     EDM= unknown      STRATEGY= 1      NO ERROR MATRIX       
  EXT PARAMETER               CURRENT GUESS       STEP         FIRST   
  NO.   NAME      VALUE            ERROR          SIZE      DERIVATIVE 
   1  N0           3.11024e+06   1.63003e+03  -2.80127e+00  -1.29170e-06
   2  tau          6.43838e+01   constant   
   3  A0           3.50817e-01   2.47200e-03  -1.95833e-07   3.03798e+00
   4  phi          4.14048e+00   9.81023e-03  -3.70814e-06   2.52951e-01
   5  R           -6.25346e+01   constant   
   6  alpha_CBO    0.00000e+00   1.00000e-03   1.00000e-03  -2.39896e+00
   7  w_CBO        2.32500e+00   constant   
   8  beta_CBO     0.00000e+00     fixed    
   9  alpha_2CBO   0.00000e+00     fixed    
  10  beta_2CBO    0.00000e+00   1.00000e-03   1.00000e-03   1.29495e+02
  11  alpha_y      0.00000e+00     fixed    
  12  w_y          1.44500e+01   constant   
  13  beta_y       0.00000e+00   1.00000e-03   1.00000e-03  -2.41498e+04
  14  alpha_vw     0.00000e+00     fixed    
  15  w_vw         1.29000e+01   constant   
  16  beta_vw      0.00000e+00     fixed    
  17  LM          -7.79046e-04   constant   
  18  zeta_y       0.00000e+00   constant   
  19  zeta_vw      0.00000e+00   constant   
  20  T_CBO        4.27648e+01   3.04451e+00   4.90017e-05   1.44447e-02
  21  alpha_A0    -1.28855e-01   9.83627e-02   4.66171e-05  -1.07565e-01
  22  beta_A0     -1.26832e-01   7.25848e-02   4.80246e-05   2.22665e-01
  23  alpha_phi   -1.02745e-01   9.07288e-02   7.20152e-05   2.35412e-01
  24  beta_phi     1.08431e-01   8.36509e-02  -7.12930e-05   3.68744e-01
 MIGRAD MINIMIZATION HAS CONVERGED.
 MIGRAD WILL VERIFY CONVERGENCE AND ERROR MATRIX.
 FCN=11.1692 FROM HESSE     STATUS=NOT POSDEF    100 CALLS        1597 TOTAL
                     EDM=0.000258942    STRATEGY= 1      ERR MATRIX NOT POS-DEF
  EXT PARAMETER                APPROXIMATE        STEP         FIRST   
  NO.   NAME      VALUE            ERROR          SIZE      DERIVATIVE 
   1  N0           3.11088e+06   4.57306e+03   1.48338e+00   5.55250e-07
   2  tau          6.43838e+01   constant   
   3  A0           3.50469e-01   2.11843e-03   3.26318e-07   3.18839e+00
   4  phi          4.14085e+00   7.08229e-03   1.97451e-06  -2.03393e+00
   5  R           -6.25346e+01   constant   
   6  alpha_CBO    2.05971e-03   2.60473e-03   4.10886e-07   4.97809e+00
   7  w_CBO        2.32500e+00   constant   
   8  beta_CBO     0.00000e+00     fixed    
   9  alpha_2CBO   0.00000e+00     fixed    
  10  beta_2CBO   -4.51061e-04   1.17334e-03   4.10223e-07   2.08554e-01
  11  alpha_y      0.00000e+00     fixed    
  12  w_y          1.44500e+01   constant   
  13  beta_y       8.21003e-04   2.59533e-04   4.28088e-07   2.62075e-01
  14  alpha_vw     0.00000e+00     fixed    
  15  w_vw         1.29000e+01   constant   
  16  beta_vw      0.00000e+00     fixed    
  17  LM          -7.79046e-04   constant   
  18  zeta_y       0.00000e+00   constant   
  19  zeta_vw      0.00000e+00   constant   
  20  T_CBO        3.92362e+01   1.05650e+01   7.37613e-06  -5.09147e-02
  21  alpha_A0    -9.04434e-02   9.11618e-02   1.45604e-05  -1.36704e-01
  22  beta_A0     -1.44347e-01   8.50456e-02   1.50207e-05   2.19355e-01
  23  alpha_phi   -8.43706e-02   7.72513e-02   1.17994e-05   1.05597e-01
  24  beta_phi     1.09465e-01   8.12784e-02   1.32376e-05   2.04683e-01
 MIGRAD MINIMIZATION HAS CONVERGED.
 MIGRAD WILL VERIFY CONVERGENCE AND ERROR MATRIX.
 FCN=9.32942 FROM MIGRAD    STATUS=CONVERGED    1553 CALLS        2580 TOTAL
                     EDM=3.70681e-05    STRATEGY= 1      ERR MATRIX NOT POS-DEF
  EXT PARAMETER                APPROXIMATE        STEP         FIRST   
  NO.   NAME      VALUE            ERROR          SIZE      DERIVATIVE 
   1  N0           3.15986e+06   4.64853e+03   1.50674e+00   2.69490e-06
   2  tau          6.43838e+01   constant   
   3  A0           3.20404e-01   1.55432e-03   2.61062e-07   4.20478e+00
   4  phi          4.18262e+00   7.69450e-03   1.99443e-06  -1.48791e+00
   5  R           -6.25346e+01   constant   
   6  alpha_CBO   -3.74123e-03   2.39364e-03   3.78352e-07   2.50955e+00
   7  w_CBO        2.32500e+00   constant   
   8  beta_CBO     0.00000e+00     fixed    
   9  alpha_2CBO   0.00000e+00     fixed    
  10  beta_2CBO    8.76819e-03   1.39274e-03   3.77858e-07   1.50627e+01
  11  alpha_y      0.00000e+00     fixed    
  12  w_y          1.44500e+01   constant   
  13  beta_y       8.82612e-04   2.59343e-04   3.94402e-07   1.87802e+00
  14  alpha_vw     0.00000e+00     fixed    
  15  w_vw         1.29000e+01   constant   
  16  beta_vw      0.00000e+00     fixed    
  17  LM          -7.79046e-04   constant   
  18  zeta_y       0.00000e+00   constant   
  19  zeta_vw      0.00000e+00   constant   
  20  T_CBO        4.24102e+01   1.11698e+00   6.68355e-07  -5.19271e-01
  21  alpha_A0    -4.57814e-01   7.58706e-02   1.31834e-05  -8.18326e-02
  22  beta_A0     -1.12098e+00   6.35612e-02   1.43263e-05  -2.83563e-01
  23  alpha_phi   -1.42523e+00   7.49618e-02   9.81946e-06   2.84753e-01
  24  beta_phi     1.18898e-02   5.53223e-02   1.03281e-05   1.40718e-01
 EXTERNAL ERROR MATRIX.    NDIM=  25    NPAR= 11    ERR DEF=1
  2.161e+07 
 -4.226e+00  2.416e-06 
 -8.953e+00 -5.288e-06  5.921e-05 
 -2.575e+00 -5.073e-07  1.186e-05  5.730e-06 
  4.484e-01 -5.651e-07 -8.727e-07 -2.303e-06  1.940e-06 
 -6.565e-02 -2.608e-08  4.416e-08  1.939e-08  3.583e-08  6.726e-08 
  1.314e+03 -8.378e-04  1.841e-03 -5.415e-04  6.312e-04  3.661e-06  1.248e+00 
  1.907e+02 -6.002e-06 -1.922e-04  5.972e-05 -6.645e-05 -7.425e-07 -4.004e-03  5.756e-03 
 -1.193e+02  4.376e-05 -9.960e-05 -4.275e-05  2.511e-05  6.844e-07  3.541e-02 -6.540e-04  4.040e-03 
 -9.582e+01  4.807e-05 -7.062e-05  4.632e-05 -4.469e-05 -4.057e-07  2.745e-02  2.503e-03  3.332e-03  5.619e-03 
 -1.864e+02  1.058e-05  3.384e-04  6.731e-05 -1.290e-05 -2.599e-07 -1.056e-03 -2.276e-03  2.723e-04  3.411e-04  3.061e-03 
ERR MATRIX NOT POS-DEF
 PARAMETER  CORRELATION COEFFICIENTS  
       NO.  GLOBAL      1      3      4      6     10     13     20     21     22     23     24
        1  0.99290   1.000 -0.585 -0.250 -0.231  0.069 -0.054  0.253  0.541 -0.404 -0.275 -0.725
        3  0.99428  -0.585  1.000 -0.442 -0.136 -0.261 -0.065 -0.483 -0.051  0.443  0.413  0.123
        4  0.99503  -0.250 -0.442  1.000  0.644 -0.081  0.022  0.214 -0.329 -0.204 -0.122  0.795
        6  0.99494  -0.231 -0.136  0.644  1.000 -0.691  0.031 -0.203  0.329 -0.281  0.258  0.508
       10  0.98501   0.069 -0.261 -0.081 -0.691  1.000  0.099  0.406 -0.629  0.284 -0.428 -0.167
       13  0.25455  -0.054 -0.065  0.022  0.031  0.099  1.000  0.013 -0.038  0.042 -0.021 -0.018
       20  0.99705   0.253 -0.483  0.214 -0.203  0.406  0.013  1.000 -0.047  0.499  0.328 -0.017
       21  0.99388   0.541 -0.051 -0.329  0.329 -0.629 -0.038 -0.047  1.000 -0.136  0.440 -0.542
       22  0.98968  -0.404  0.443 -0.204 -0.281  0.284  0.042  0.499 -0.136  1.000  0.699  0.077
       23  0.99652  -0.275  0.413 -0.122  0.258 -0.428 -0.021  0.328  0.440  0.699  1.000  0.082
       24  0.99293  -0.725  0.123  0.795  0.508 -0.167 -0.018 -0.017 -0.542  0.077  0.082  1.000
 ERR MATRIX NOT POS-DEF
MINUIT - FIT ONLY 2-CBO
 **********
 **   25 **RES 
 **********
                   PARAMETER   16  beta_vw RESTORED TO VARIABLE.
                   PARAMETER   14  alpha_vw RESTORED TO VARIABLE.
                   PARAMETER   11  alpha_y RESTORED TO VARIABLE.
                   PARAMETER    9  alpha_2CBO RESTORED TO VARIABLE.
                   PARAMETER    8  beta_CBO RESTORED TO VARIABLE.
 **********
 **   26 **FIX            0
 **********
 PARAMETER    0  IS UNDEFINED. IGNORED.
 **********
 **   27 **FIX            1
 **********
 **********
 **   28 **FIX            2
 **********
 PARAMETER    2  IS CONSTANT.   IGNORED.
 **********
 **   29 **FIX            3
 **********
 **********
 **   30 **FIX            4
 **********
 **********
 **   31 **FIX            5
 **********
 PARAMETER    5  IS CONSTANT.   IGNORED.
 **********
 **   32 **FIX            6
 **********
 **********
 **   33 **FIX            7
 **********
 PARAMETER    7  IS CONSTANT.   IGNORED.
 **********
 **   34 **FIX           10
 **********
 **********
 **   35 **FIX           11
 **********
 **********
 **   36 **FIX           12
 **********
 PARAMETER   12  IS CONSTANT.   IGNORED.
 **********
 **   37 **FIX           13
 **********
 **********
 **   38 **FIX           14
 **********
 **********
 **   39 **FIX           15
 **********
 PARAMETER   15  IS CONSTANT.   IGNORED.
 **********
 **   40 **FIX           16
 **********
 **********
 **   41 **MIGRAD
 **********
 START MIGRAD MINIMIZATION.  STRATEGY  1.  CONVERGENCE WHEN EDM .LT. 1.00e-04
 FCN=9.32942 FROM MIGRAD    STATUS=INITIATE       18 CALLS        2598 TOTAL
                     EDM= unknown      STRATEGY= 1      NO ERROR MATRIX       
  EXT PARAMETER               CURRENT GUESS       STEP         FIRST   
  NO.   NAME      VALUE            ERROR          SIZE      DERIVATIVE 
   1  N0           3.15986e+06     fixed    
   2  tau          6.43838e+01   constant   
   3  A0           3.20404e-01     fixed    
   4  phi          4.18262e+00     fixed    
   5  R           -6.25346e+01   constant   
   6  alpha_CBO   -3.74123e-03     fixed    
   7  w_CBO        2.32500e+00   constant   
   8  beta_CBO     0.00000e+00   1.00000e-03   1.00000e-03   4.01389e+01
   9  alpha_2CBO   0.00000e+00   1.00000e-03   1.00000e-03  -2.19295e+02
  10  beta_2CBO    8.76819e-03     fixed    
  11  alpha_y      0.00000e+00     fixed    
  12  w_y          1.44500e+01   constant   
  13  beta_y       8.82612e-04     fixed    
  14  alpha_vw     0.00000e+00     fixed    
  15  w_vw         1.29000e+01   constant   
  16  beta_vw      0.00000e+00     fixed    
  17  LM          -7.79046e-04   constant   
  18  zeta_y       0.00000e+00   constant   
  19  zeta_vw      0.00000e+00   constant   
  20  T_CBO        4.24102e+01   1.11698e+00   6.68355e-07  -5.19268e-01
  21  alpha_A0    -4.57814e-01   7.58706e-02   1.31834e-05  -8.18352e-02
  22  beta_A0     -1.12098e+00   6.35612e-02   1.43263e-05  -2.83561e-01
  23  alpha_phi   -1.42523e+00   7.49618e-02   9.81946e-06   2.84753e-01
  24  beta_phi     1.18898e-02   5.53223e-02   1.03281e-05   1.40718e-01
 MIGRAD MINIMIZATION HAS CONVERGED.
 MIGRAD WILL VERIFY CONVERGENCE AND ERROR MATRIX.
 FCN=9.30512 FROM MIGRAD    STATUS=CONVERGED     167 CALLS        2747 TOTAL
                     EDM=5.8625e-07    STRATEGY= 1      ERR MATRIX NOT POS-DEF
  EXT PARAMETER                APPROXIMATE        STEP         FIRST   
  NO.   NAME      VALUE            ERROR          SIZE      DERIVATIVE 
   1  N0           3.15986e+06     fixed    
   2  tau          6.43838e+01   constant   
   3  A0           3.20404e-01     fixed    
   4  phi          4.18262e+00     fixed    
   5  R           -6.25346e+01   constant   
   6  alpha_CBO   -3.74123e-03     fixed    
   7  w_CBO        2.32500e+00   constant   
   8  beta_CBO     2.27993e-04   1.29149e-03   4.00612e-07   1.85219e-01
   9  alpha_2CBO   2.50777e-04   1.35952e-03   4.01252e-07   1.55213e-01
  10  beta_2CBO    8.76819e-03     fixed    
  11  alpha_y      0.00000e+00     fixed    
  12  w_y          1.44500e+01   constant   
  13  beta_y       8.82612e-04     fixed    
  14  alpha_vw     0.00000e+00     fixed    
  15  w_vw         1.29000e+01   constant   
  16  beta_vw      0.00000e+00     fixed    
  17  LM          -7.79046e-04   constant   
  18  zeta_y       0.00000e+00   constant   
  19  zeta_vw      0.00000e+00   constant   
  20  T_CBO        4.23984e+01   1.14830e+00   6.67269e-07  -5.80606e-02
  21  alpha_A0    -4.51650e-01   4.31031e-02   1.31768e-05   1.21735e-02
  22  beta_A0     -1.11365e+00   7.45410e-02   1.43075e-05  -3.82710e-02
  23  alpha_phi   -1.42806e+00   8.15600e-02   9.81358e-06   1.80583e-02
  24  beta_phi     1.71633e-02   2.97835e-02   1.03301e-05   3.49469e-02
 EXTERNAL ERROR MATRIX.    NDIM=  25    NPAR=  7    ERR DEF=1
  1.668e-06  1.680e-06 -9.116e-05  4.202e-05  5.070e-05 -2.030e-05  3.714e-05 
  1.680e-06  1.848e-06 -8.407e-05  4.527e-05  5.393e-05 -2.069e-05  3.882e-05 
 -9.116e-05 -8.407e-05  1.319e+00  2.672e-02  6.860e-02  9.242e-02 -2.713e-03 
  4.202e-05  4.527e-05  2.672e-02  1.858e-03  2.939e-03  1.529e-03  9.320e-04 
  5.070e-05  5.393e-05  6.860e-02  2.939e-03  5.556e-03  4.343e-03  1.106e-03 
 -2.030e-05 -2.069e-05  9.242e-02  1.529e-03  4.343e-03  6.652e-03 -5.188e-04 
  3.714e-05  3.882e-05 -2.713e-03  9.320e-04  1.106e-03 -5.188e-04  8.871e-04 
ERR MATRIX NOT POS-DEF
 PARAMETER  CORRELATION COEFFICIENTS  
       NO.  GLOBAL      8      9     20     21     22     23     24
        8  0.98027   1.000  0.957 -0.061  0.755  0.527 -0.193  0.966
        9  0.98216   0.957  1.000 -0.054  0.773  0.532 -0.187  0.959
       20  0.99721  -0.061 -0.054  1.000  0.540  0.801  0.987 -0.079
       21  0.98085   0.755  0.773  0.540  1.000  0.915  0.435  0.726
       22  0.99249   0.527  0.532  0.801  0.915  1.000  0.714  0.498
       23  0.99706  -0.193 -0.187  0.987  0.435  0.714  1.000 -0.214
       24  0.97527   0.966  0.959 -0.079  0.726  0.498 -0.214  1.000
 ERR MATRIX NOT POS-DEF
MINUIT - FIT wiggle + 1-CBO + 2-CBO
 **********
 **   42 **RES 
 **********
                   PARAMETER   16  beta_vw RESTORED TO VARIABLE.
                   PARAMETER   14  alpha_vw RESTORED TO VARIABLE.
                   PARAMETER   13  beta_y RESTORED TO VARIABLE.
                   PARAMETER   11  alpha_y RESTORED TO VARIABLE.
                   PARAMETER   10  beta_2CBO RESTORED TO VARIABLE.
                   PARAMETER    6  alpha_CBO RESTORED TO VARIABLE.
                   PARAMETER    4  phi RESTORED TO VARIABLE.
                   PARAMETER    3  A0 RESTORED TO VARIABLE.
                   PARAMETER    1  N0 RESTORED TO VARIABLE.
 **********
 **   43 **FIX           10
 **********
 **********
 **   44 **FIX           11
 **********
 **********
 **   45 **FIX           12
 **********
 PARAMETER   12  IS CONSTANT.   IGNORED.
 **********
 **   46 **FIX           13
 **********
 **********
 **   47 **FIX           14
 **********
 **********
 **   48 **FIX           15
 **********
 PARAMETER   15  IS CONSTANT.   IGNORED.
 **********
 **   49 **FIX           16
 **********
 **********
 **   50 **MIGRAD
 **********
 START MIGRAD MINIMIZATION.  STRATEGY  1.  CONVERGENCE WHEN EDM .LT. 1.00e-04
 FCN=9.30512 FROM MIGRAD    STATUS=INITIATE       22 CALLS        2769 TOTAL
                     EDM= unknown      STRATEGY= 1      NO ERROR MATRIX       
  EXT PARAMETER               CURRENT GUESS       STEP         FIRST   
  NO.   NAME      VALUE            ERROR          SIZE      DERIVATIVE 
   1  N0           3.15986e+06   4.64853e+03   4.64853e+03   2.31592e-05
   2  tau          6.43838e+01   constant   
   3  A0           3.20404e-01   1.55432e-03   1.55432e-03   4.82743e+01
   4  phi          4.18262e+00   7.69450e-03   7.69450e-03  -4.08747e+01
   5  R           -6.25346e+01   constant   
   6  alpha_CBO   -3.74123e-03   2.39364e-03   2.39364e-03   2.55487e+02
   7  w_CBO        2.32500e+00   constant   
   8  beta_CBO     2.27993e-04   1.29149e-03   4.00612e-07   1.85210e-01
   9  alpha_2CBO   2.50777e-04   1.35952e-03   4.01252e-07   1.55206e-01
  10  beta_2CBO    8.76819e-03     fixed    
  11  alpha_y      0.00000e+00     fixed    
  12  w_y          1.44500e+01   constant   
  13  beta_y       8.82612e-04     fixed    
  14  alpha_vw     0.00000e+00     fixed    
  15  w_vw         1.29000e+01   constant   
  16  beta_vw      0.00000e+00     fixed    
  17  LM          -7.79046e-04   constant   
  18  zeta_y       0.00000e+00   constant   
  19  zeta_vw      0.00000e+00   constant   
  20  T_CBO        4.23984e+01   1.14830e+00   6.67269e-07  -5.80465e-02
  21  alpha_A0    -4.51650e-01   4.31031e-02   1.31768e-05   1.21717e-02
  22  beta_A0     -1.11365e+00   7.45410e-02   1.43075e-05  -3.82724e-02
  23  alpha_phi   -1.42806e+00   8.15600e-02   9.81358e-06   1.80579e-02
  24  beta_phi     1.71633e-02   2.97835e-02   1.03301e-05   3.49471e-02
 MIGRAD MINIMIZATION HAS CONVERGED.
 MIGRAD WILL VERIFY CONVERGENCE AND ERROR MATRIX.
 FCN=8.68487 FROM HESSE     STATUS=NOT POSDEF    100 CALLS        4089 TOTAL
                     EDM=0.000263533    STRATEGY= 1      ERR MATRIX NOT POS-DEF
  EXT PARAMETER                APPROXIMATE        STEP         FIRST   
  NO.   NAME      VALUE            ERROR          SIZE      DERIVATIVE 
   1  N0           3.13917e+06   5.67338e+03   1.49687e+00   3.60002e-06
   2  tau          6.43838e+01   constant   
   3  A0           3.24673e-01   2.20852e-03   2.64458e-07  -3.33710e-01
   4  phi          4.24972e+00   8.84075e-03   2.02642e-06  -1.39492e+00
   5  R           -6.25346e+01   constant   
   6  alpha_CBO    3.78698e-03   1.96935e-03   3.67819e-07   7.75940e-01
   7  w_CBO        2.32500e+00   constant   
   8  beta_CBO     1.70919e-03   2.12060e-03   3.87550e-07  -1.42089e+01
   9  alpha_2CBO   6.15405e-03   1.62536e-03   3.89490e-07  -3.49576e+00
  10  beta_2CBO    8.76819e-03     fixed    
  11  alpha_y      0.00000e+00     fixed    
  12  w_y          1.44500e+01   constant   
  13  beta_y       8.82612e-04     fixed    
  14  alpha_vw     0.00000e+00     fixed    
  15  w_vw         1.29000e+01   constant   
  16  beta_vw      0.00000e+00     fixed    
  17  LM          -7.79046e-04   constant   
  18  zeta_y       0.00000e+00   constant   
  19  zeta_vw      0.00000e+00   constant   
  20  T_CBO        4.34030e+01   1.03814e+00   7.19055e-07  -1.00400e-01
  21  alpha_A0    -7.56684e-01   5.66046e-02   1.10917e-05  -7.82410e-02
  22  beta_A0     -9.53230e-01   6.63747e-02   1.27975e-05   1.97494e-01
  23  alpha_phi   -1.51687e+00   6.93392e-02   9.37394e-06   4.19287e-02
  24  beta_phi     6.25951e-01   6.70556e-02   9.60999e-06   2.97545e-01
 CALL LIMIT EXCEEDED IN MIGRAD.
 MIGRAD TERMINATED WITHOUT CONVERGENCE.
 FCN=7.40629 FROM MIGRAD    STATUS=CALL LIMIT   1924 CALLS        4671 TOTAL
                     EDM=0.19374    STRATEGY= 1      ERR MATRIX NOT POS-DEF
  EXT PARAMETER                APPROXIMATE        STEP         FIRST   
  NO.   NAME      VALUE            ERROR          SIZE      DERIVATIVE 
   1  N0           3.03247e+06   2.85620e+04  -4.88680e+03   2.71104e-04
   2  tau          6.43838e+01   constant   
   3  A0           2.75128e-01   1.08875e-02  -1.61235e-03  -1.47411e+03
   4  phi          4.24315e+00   9.36177e-03   1.22012e-03   4.69536e+02
   5  R           -6.25346e+01   constant   
   6  alpha_CBO    2.03597e-02   5.86617e-03   6.70874e-04  -1.24787e+03
   7  w_CBO        2.32500e+00   constant   
   8  beta_CBO     5.63876e-02   1.32020e-02   2.24821e-03   9.62906e+02
   9  alpha_2CBO   2.34287e-02   6.32232e-03   1.14471e-03  -1.14680e+01
  10  beta_2CBO    8.76819e-03     fixed    
  11  alpha_y      0.00000e+00     fixed    
  12  w_y          1.44500e+01   constant   
  13  beta_y       8.82612e-04     fixed    
  14  alpha_vw     0.00000e+00     fixed    
  15  w_vw         1.29000e+01   constant   
  16  beta_vw      0.00000e+00     fixed    
  17  LM          -7.79046e-04   constant   
  18  zeta_y       0.00000e+00   constant   
  19  zeta_vw      0.00000e+00   constant   
  20  T_CBO        5.19576e+01   2.17961e+00   1.63179e-03  -9.24912e+02
  21  alpha_A0    -8.73580e-01   6.77174e-02  -1.12628e-02  -3.56530e+01
  22  beta_A0     -6.60608e-01   1.16269e-01   2.09727e-02   2.94718e+01
  23  alpha_phi   -1.97550e+00   1.44971e-01  -2.36686e-02   5.60455e+01
  24  beta_phi     1.46059e+00   3.13847e-01   5.59455e-02  -2.00291e+01
 EXTERNAL ERROR MATRIX.    NDIM=  25    NPAR= 11    ERR DEF=1
  8.158e+08 
  2.963e+02  1.185e-04 
 -2.258e+02 -8.238e-05  8.764e-05 
 -1.492e+02 -6.000e-05  4.736e-05  3.441e-05 
 -3.718e+02 -1.390e-04  1.010e-04  6.699e-05  1.743e-04 
 -1.682e+02 -5.825e-05  4.510e-05  2.579e-05  7.947e-05  3.997e-05 
 -5.922e+04 -2.294e-02  1.534e-02  1.110e-02  2.781e-02  1.216e-02  4.751e+00 
  1.602e+03  4.925e-04 -5.007e-04 -2.549e-04 -6.838e-04 -3.403e-04 -9.672e-02  4.586e-03 
 -2.797e+03 -8.679e-04  6.599e-04  3.644e-04  1.288e-03  6.912e-04  1.984e-01 -5.908e-03  1.352e-02 
  3.749e+03  1.396e-03 -1.115e-03 -6.386e-04 -1.802e-03 -8.624e-04 -2.678e-01  7.718e-03 -1.310e-02  2.102e-02 
 -8.692e+03 -3.013e-03  2.483e-03  1.442e-03  4.007e-03  1.949e-03  6.094e-01 -1.843e-02  3.309e-02 -4.308e-02  9.850e-02 
ERR MATRIX NOT POS-DEF
 PARAMETER  CORRELATION COEFFICIENTS  
       NO.  GLOBAL      1      3      4      6      8      9     20     21     22     23     24
        1  0.99991   1.000  0.953 -0.844 -0.890 -0.986 -0.932 -0.951  0.828 -0.842  0.905 -0.970
        3  0.99994   0.953  1.000 -0.808 -0.939 -0.967 -0.846 -0.966  0.668 -0.686  0.884 -0.882
        4  0.99884  -0.844 -0.808  1.000  0.862  0.817  0.762  0.752 -0.790  0.606 -0.821  0.845
        6  0.99965  -0.890 -0.939  0.862  1.000  0.865  0.695  0.868 -0.642  0.534 -0.751  0.783
        8  0.99990  -0.986 -0.967  0.817  0.865  1.000  0.952  0.966 -0.765  0.839 -0.941  0.967
        9  0.99953  -0.932 -0.846  0.762  0.695  0.952  1.000  0.882 -0.795  0.940 -0.941  0.982
       20  0.99960  -0.951 -0.966  0.752  0.868  0.966  0.882  1.000 -0.655  0.783 -0.848  0.891
       21  0.99694   0.828  0.668 -0.790 -0.642 -0.765 -0.795 -0.655  1.000 -0.750  0.786 -0.867
       22  0.99886  -0.842 -0.686  0.606  0.534  0.839  0.940  0.783 -0.750  1.000 -0.777  0.907
       23  0.99953   0.905  0.884 -0.821 -0.751 -0.941 -0.941 -0.848  0.786 -0.777  1.000 -0.947
       24  0.99993  -0.970 -0.882  0.845  0.783  0.967  0.982  0.891 -0.867  0.907 -0.947  1.000
 ERR MATRIX NOT POS-DEF
MINUIT - FIT ONLY 1-y
 **********
 **   51 **RES 
 **********
                   PARAMETER   16  beta_vw RESTORED TO VARIABLE.
                   PARAMETER   14  alpha_vw RESTORED TO VARIABLE.
                   PARAMETER   13  beta_y RESTORED TO VARIABLE.
                   PARAMETER   11  alpha_y RESTORED TO VARIABLE.
                   PARAMETER   10  beta_2CBO RESTORED TO VARIABLE.
 **********
 **   52 **FIX            0
 **********
 PARAMETER    0  IS UNDEFINED. IGNORED.
 **********
 **   53 **FIX            1
 **********
 **********
 **   54 **FIX            2
 **********
 PARAMETER    2  IS CONSTANT.   IGNORED.
 **********
 **   55 **FIX            3
 **********
 **********
 **   56 **FIX            4
 **********
 **********
 **   57 **FIX            5
 **********
 PARAMETER    5  IS CONSTANT.   IGNORED.
 **********
 **   58 **FIX            6
 **********
 **********
 **   59 **FIX            7
 **********
 PARAMETER    7  IS CONSTANT.   IGNORED.
 **********
 **   60 **FIX            8
 **********
 **********
 **   61 **FIX            9
 **********
 **********
 **   62 **FIX           13
 **********
 **********
 **   63 **FIX           14
 **********
 **********
 **   64 **FIX           15
 **********
 PARAMETER   15  IS CONSTANT.   IGNORED.
 **********
 **   65 **FIX           16
 **********
 **********
 **   66 **MIGRAD
 **********
 START MIGRAD MINIMIZATION.  STRATEGY  1.  CONVERGENCE WHEN EDM .LT. 1.00e-04
 FCN=7.40629 FROM MIGRAD    STATUS=INITIATE       16 CALLS        4687 TOTAL
                     EDM= unknown      STRATEGY= 1      NO ERROR MATRIX       
  EXT PARAMETER               CURRENT GUESS       STEP         FIRST   
  NO.   NAME      VALUE            ERROR          SIZE      DERIVATIVE 
   1  N0           3.03247e+06     fixed    
   2  tau          6.43838e+01   constant   
   3  A0           2.75128e-01     fixed    
   4  phi          4.24315e+00     fixed    
   5  R           -6.25346e+01   constant   
   6  alpha_CBO    2.03597e-02     fixed    
   7  w_CBO        2.32500e+00   constant   
   8  beta_CBO     5.63876e-02     fixed    
   9  alpha_2CBO   2.34287e-02     fixed    
  10  beta_2CBO    8.76819e-03   1.39274e-03   1.39274e-03  -9.16413e+01
  11  alpha_y      0.00000e+00   1.00000e-03   1.00000e-03   5.17086e+03
  12  w_y          1.44500e+01   constant   
  13  beta_y       8.82612e-04     fixed    
  14  alpha_vw     0.00000e+00     fixed    
  15  w_vw         1.29000e+01   constant   
  16  beta_vw      0.00000e+00     fixed    
  17  LM          -7.79046e-04   constant   
  18  zeta_y       0.00000e+00   constant   
  19  zeta_vw      0.00000e+00   constant   
  20  T_CBO        5.19576e+01   2.17961e+00   1.63179e-03  -9.24912e+02
  21  alpha_A0    -8.73580e-01   6.77174e-02  -1.12628e-02  -3.56530e+01
  22  beta_A0     -6.60608e-01   1.16269e-01   2.09727e-02   2.94718e+01
  23  alpha_phi   -1.97550e+00   1.44971e-01  -2.36686e-02   5.60455e+01
  24  beta_phi     1.46059e+00   3.13847e-01   5.59455e-02  -2.00291e+01
 MIGRAD MINIMIZATION HAS CONVERGED.
 MIGRAD WILL VERIFY CONVERGENCE AND ERROR MATRIX.
 COVARIANCE MATRIX CALCULATED SUCCESSFULLY
 FCN=6.97033 FROM HESSE     STATUS=OK             50 CALLS        4834 TOTAL
                     EDM=0.0230518    STRATEGY= 1      ERROR MATRIX ACCURATE 
  EXT PARAMETER                                   STEP         FIRST   
  NO.   NAME      VALUE            ERROR          SIZE      DERIVATIVE 
   1  N0           3.03247e+06     fixed    
   2  tau          6.43838e+01   constant   
   3  A0           2.75128e-01     fixed    
   4  phi          4.24315e+00     fixed    
   5  R           -6.25346e+01   constant   
   6  alpha_CBO    2.03597e-02     fixed    
   7  w_CBO        2.32500e+00   constant   
   8  beta_CBO     5.63876e-02     fixed    
   9  alpha_2CBO   2.34287e-02     fixed    
  10  beta_2CBO    8.82484e-03   5.71780e-04   3.32629e-07   1.18722e-01
  11  alpha_y     -1.58099e-04   2.52123e-04   3.37597e-07  -4.87262e-02
  12  w_y          1.44500e+01   constant   
  13  beta_y       8.82612e-04     fixed    
  14  alpha_vw     0.00000e+00     fixed    
  15  w_vw         1.29000e+01   constant   
  16  beta_vw      0.00000e+00     fixed    
  17  LM          -7.79046e-04   constant   
  18  zeta_y       0.00000e+00   constant   
  19  zeta_vw      0.00000e+00   constant   
  20  T_CBO        5.19703e+01   1.75511e+01   5.73014e-07   1.34910e+00
  21  alpha_A0    -8.74222e-01   5.09935e-01   8.15303e-06   3.98636e-02
  22  beta_A0     -6.59464e-01   3.76253e-01   9.42929e-06   1.38965e-02
  23  alpha_phi   -1.97664e+00   1.13672e+00   7.63386e-06   9.67863e-02
  24  beta_phi     1.46004e+00   8.40273e-01   7.95559e-06  -7.29667e-02
 MIGRAD MINIMIZATION HAS CONVERGED.
 MIGRAD WILL VERIFY CONVERGENCE AND ERROR MATRIX.
 COVARIANCE MATRIX CALCULATED SUCCESSFULLY
 FCN=6.94124 FROM MIGRAD    STATUS=CONVERGED     622 CALLS        5293 TOTAL
                     EDM=1.12323e-05    STRATEGY= 1      ERROR MATRIX ACCURATE 
  EXT PARAMETER                                   STEP         FIRST   
  NO.   NAME      VALUE            ERROR          SIZE      DERIVATIVE 
   1  N0           3.03247e+06     fixed    
   2  tau          6.43838e+01   constant   
   3  A0           2.75128e-01     fixed    
   4  phi          4.24315e+00     fixed    
   5  R           -6.25346e+01   constant   
   6  alpha_CBO    2.03597e-02     fixed    
   7  w_CBO        2.32500e+00   constant   
   8  beta_CBO     5.63876e-02     fixed    
   9  alpha_2CBO   2.34287e-02     fixed    
  10  beta_2CBO    8.83345e-03   5.71686e-04   3.32023e-07   9.81987e+00
  11  alpha_y     -1.59536e-04   2.52149e-04   3.36983e-07   4.82544e-01
  12  w_y          1.44500e+01   constant   
  13  beta_y       8.82612e-04     fixed    
  14  alpha_vw     0.00000e+00     fixed    
  15  w_vw         1.29000e+01   constant   
  16  beta_vw      0.00000e+00     fixed    
  17  LM          -7.79046e-04   constant   
  18  zeta_y       0.00000e+00   constant   
  19  zeta_vw      0.00000e+00   constant   
  20  T_CBO        4.88365e+01   1.76930e+01   5.36507e-07  -1.72594e+00
  21  alpha_A0    -9.76567e-01   6.50335e-01   9.05095e-06   1.05127e-01
  22  beta_A0     -7.34836e-01   4.78599e-01   1.04678e-05  -1.28071e-01
  23  alpha_phi   -2.20463e+00   1.44752e+00   8.48054e-06   1.42738e-01
  24  beta_phi     1.62856e+00   1.07005e+00   8.84172e-06   6.32683e-02
 EXTERNAL ERROR MATRIX.    NDIM=  25    NPAR=  7    ERR DEF=1
  3.268e-07 -2.539e-08 -8.104e-04 -3.348e-05 -1.613e-05 -7.139e-05  4.710e-05 
 -2.539e-08  6.358e-08  1.486e-04  5.601e-06  3.256e-06  1.243e-05 -8.747e-06 
 -8.104e-04  1.486e-04  3.137e+02  1.152e+01  8.474e+00  2.564e+01 -1.895e+01 
 -3.348e-05  5.601e-06  1.152e+01  4.229e-01  3.110e-01  9.413e-01 -6.957e-01 
 -1.613e-05  3.256e-06  8.474e+00  3.110e-01  2.291e-01  6.924e-01 -5.119e-01 
 -7.139e-05  1.243e-05  2.564e+01  9.413e-01  6.924e-01  2.095e+00 -1.549e+00 
  4.710e-05 -8.747e-06 -1.895e+01 -6.957e-01 -5.119e-01 -1.549e+00  1.145e+00 
 PARAMETER  CORRELATION COEFFICIENTS  
       NO.  GLOBAL     10     11     20     21     22     23     24
       10  0.90656   1.000 -0.176 -0.080 -0.090 -0.059 -0.086  0.077
       11  0.23802  -0.176  1.000  0.033  0.034  0.027  0.034 -0.032
       20  0.99999  -0.080  0.033  1.000  1.000  1.000  1.000 -1.000
       21  0.99995  -0.090  0.034  1.000  1.000  0.999  1.000 -1.000
       22  0.99987  -0.059  0.027  1.000  0.999  1.000  0.999 -1.000
       23  0.99999  -0.086  0.034  1.000  1.000  0.999  1.000 -1.000
       24  0.99998   0.077 -0.032 -1.000 -1.000 -1.000 -1.000  1.000
MINUIT - FIT ONLY 2-y
 **********
 **   67 **RES 
 **********
                   PARAMETER   16  beta_vw RESTORED TO VARIABLE.
                   PARAMETER   14  alpha_vw RESTORED TO VARIABLE.
                   PARAMETER   13  beta_y RESTORED TO VARIABLE.
                   PARAMETER    9  alpha_2CBO RESTORED TO VARIABLE.
                   PARAMETER    8  beta_CBO RESTORED TO VARIABLE.
                   PARAMETER    6  alpha_CBO RESTORED TO VARIABLE.
                   PARAMETER    4  phi RESTORED TO VARIABLE.
                   PARAMETER    3  A0 RESTORED TO VARIABLE.
                   PARAMETER    1  N0 RESTORED TO VARIABLE.
 **********
 **   68 **FIX            0
 **********
 PARAMETER    0  IS UNDEFINED. IGNORED.
 **********
 **   69 **FIX            1
 **********
 **********
 **   70 **FIX            2
 **********
 PARAMETER    2  IS CONSTANT.   IGNORED.
 **********
 **   71 **FIX            3
 **********
 **********
