 + ++++++++++++++++++++++++++++++++++++++++++++++++++++++++++++++++++++ +
 +                                                                      +
 +           You have chose to blind your fitting according to          +
 +                omega_ref * (1 + (R +/- deltaR) *10^{-6})             +
 +                                                                      +
 + ++++++++++++++++++++++++++++++++++++++++++++++++++++++++++++++++++++ +
In main()...
reading format from /gm2data/zkhechad/run45/envelope/formats/formatB_sBin_constraintOn.txt
pBinTau 	= 0  
pBinPhi 	= 0  
constraintau 	= 1 
includeMopTerm 	= 0    
constrainMop    = 0   
Parameters after format file: pBinTau 0 pBinPhi 0 constraintau 1 includeMopTerm 0 constrainMop 0 c_e_scale 0.000000 
Opening file /gm2data/tbarrett/gm2fr/studies/run23_bunch_corrections/CorrectedFourier_Run3b.root.
reading full fit data from /gm2data/zkhechad/cboTemplates/Run4CBOTemplates/templateFits0_v2.0/noRF/sBin_constraintOn_cE0.0_seed0_noRF_calo2.root
windowBins = 69
fitting sliding window 1068 from bin 1204 at 179.487600 to bin 1273 at 189.931600 (69 bins)

Reading data from /gm2data/cornell/histograms/aMethod/histogram_a_noRF.root
 **********
 **    1 **SET PRINTOUT            1
 **********
 **********
 **    2 **SET NOWARNINGS 
 **********
 PARAMETER DEFINITIONS:
    NO.   NAME         VALUE      STEP SIZE      LIMITS
     1 N0           3.21271e+06  1.00000e+02     no limits
     2 tau          6.44362e+01  constant
     3 A0           3.64394e-01  1.00000e-04     no limits
     4 phi          4.11820e+00  1.00000e-02     no limits
     5 R           -5.98416e+01  constant
     6 alpha_CBO    0.00000e+00  1.00000e-03     no limits
     7 w_CBO        2.32500e+00  constant
     8 beta_CBO     0.00000e+00  1.00000e-03     no limits
     9 alpha_2CBO   0.00000e+00  1.00000e-03     no limits
    10 beta_2CBO    0.00000e+00  1.00000e-03     no limits
    11 alpha_y      0.00000e+00  1.00000e-03     no limits
    12 w_y          1.44500e+01  constant
    13 beta_y       0.00000e+00  1.00000e-03     no limits
    14 alpha_vw     0.00000e+00  1.00000e-03     no limits
    15 w_vw         1.29000e+01  constant
    16 beta_vw      0.00000e+00  1.00000e-03     no limits
    17 LM           1.16794e-03  constant
    18 zeta_y       0.00000e+00  constant
    19 zeta_vw      0.00000e+00  constant
    20 T_CBO        1.00000e+02  1.00000e+00    0.00000e+00  1.00000e+03
    21 alpha_A0     0.00000e+00  1.00000e-03     no limits
    22 beta_A0      0.00000e+00  1.00000e-03     no limits
    23 alpha_phi    0.00000e+00  1.00000e-03     no limits
    24 beta_phi     0.00000e+00  1.00000e-03     no limits
MINUIT - FIT ONLY WIGGLE
 **********
 **    3 **FIX            5
 **********
 PARAMETER    5  IS CONSTANT.   IGNORED.
 **********
 **    4 **FIX            6
 **********
 **********
 **    5 **FIX            7
 **********
 PARAMETER    7  IS CONSTANT.   IGNORED.
 **********
 **    6 **FIX            8
 **********
 **********
 **    7 **FIX            9
 **********
 **********
 **    8 **FIX           10
 **********
 **********
 **    9 **FIX           11
 **********
 **********
 **   10 **FIX           12
 **********
 PARAMETER   12  IS CONSTANT.   IGNORED.
 **********
 **   11 **FIX           13
 **********
 **********
 **   12 **FIX           14
 **********
 **********
 **   13 **FIX           15
 **********
 PARAMETER   15  IS CONSTANT.   IGNORED.
 **********
 **   14 **FIX           16
 **********
 **********
 **   15 **MIGRAD
 **********
 FIRST CALL TO USER FUNCTION AT NEW START POINT, WITH IFLAG=4.
 START MIGRAD MINIMIZATION.  STRATEGY  1.  CONVERGENCE WHEN EDM .LT. 1.00e-04
 FCN=204.695 FROM MIGRAD    STATUS=INITIATE      437 CALLS         438 TOTAL
                     EDM= unknown      STRATEGY= 1      NO ERROR MATRIX       
  EXT PARAMETER               CURRENT GUESS       STEP         FIRST   
  NO.   NAME      VALUE            ERROR          SIZE      DERIVATIVE 
   1  N0           3.21271e+06   1.00000e+02   0.00000e+00   1.37539e-02
   2  tau          6.44362e+01   constant   
   3  A0           3.64394e-01   1.00000e-04   0.00000e+00  -2.50743e+04
   4  phi          4.11820e+00   1.00000e-02   0.00000e+00  -7.74280e+03
   5  R           -5.98416e+01   constant   
   6  alpha_CBO    0.00000e+00     fixed    
   7  w_CBO        2.32500e+00   constant   
   8  beta_CBO     0.00000e+00     fixed    
   9  alpha_2CBO   0.00000e+00     fixed    
  10  beta_2CBO    0.00000e+00     fixed    
  11  alpha_y      0.00000e+00     fixed    
  12  w_y          1.44500e+01   constant   
  13  beta_y       0.00000e+00     fixed    
  14  alpha_vw     0.00000e+00     fixed    
  15  w_vw         1.29000e+01   constant   
  16  beta_vw      0.00000e+00     fixed    
  17  LM           1.16794e-03   constant   
  18  zeta_y       0.00000e+00   constant   
  19  zeta_vw      0.00000e+00   constant   
  20  T_CBO        1.00000e+02   1.00000e+00   0.00000e+00   0.00000e+00
  21  alpha_A0     0.00000e+00   1.00000e-03   0.00000e+00  -9.77271e+02
  22  beta_A0      0.00000e+00   1.00000e-03   0.00000e+00   8.31059e+02
  23  alpha_phi    0.00000e+00   1.00000e-03   0.00000e+00   2.50468e+02
  24  beta_phi     0.00000e+00   1.00000e-03   0.00000e+00   7.22089e+02
 MIGRAD MINIMIZATION HAS CONVERGED.
 MIGRAD WILL VERIFY CONVERGENCE AND ERROR MATRIX.
 FCN=170.35 FROM HESSE     STATUS=NOT POSDEF     61 CALLS         592 TOTAL
                     EDM=0.000419353    STRATEGY= 1      ERR MATRIX NOT POS-DEF
  EXT PARAMETER                APPROXIMATE        STEP         FIRST   
  NO.   NAME      VALUE            ERROR          SIZE      DERIVATIVE 
   1  N0           3.21135e+06   5.99838e+02   3.58108e+00  -2.01038e-06
   2  tau          6.44362e+01   constant   
   3  A0           3.64905e-01   2.27107e-04   1.40841e-06   7.97110e-01
   4  phi          4.11943e+00   6.68949e-04   4.14529e-06  -2.88374e+00
   5  R           -5.98416e+01   constant   
   6  alpha_CBO    0.00000e+00     fixed    
   7  w_CBO        2.32500e+00   constant   
   8  beta_CBO     0.00000e+00     fixed    
   9  alpha_2CBO   0.00000e+00     fixed    
  10  beta_2CBO    0.00000e+00     fixed    
  11  alpha_y      0.00000e+00     fixed    
  12  w_y          1.44500e+01   constant   
  13  beta_y       0.00000e+00     fixed    
  14  alpha_vw     0.00000e+00     fixed    
  15  w_vw         1.29000e+01   constant   
  16  beta_vw      0.00000e+00     fixed    
  17  LM           1.16794e-03   constant   
  18  zeta_y       0.00000e+00   constant   
  19  zeta_vw      0.00000e+00   constant   
  20  T_CBO        1.01808e+02   2.22204e+02   3.44509e-04  -4.55957e-02
  21  alpha_A0     1.39325e-02   6.27119e-02   3.61513e-05   3.25917e-01
  22  beta_A0     -1.04447e-02   4.64265e-02   3.62031e-05   1.26818e-01
  23  alpha_phi   -5.85891e-04   5.44528e-03   3.23480e-05   5.34025e-01
  24  beta_phi    -6.05227e-03   2.69510e-02   3.48855e-05   4.01327e-01
 CALL LIMIT EXCEEDED IN MIGRAD.
 MIGRAD TERMINATED WITHOUT CONVERGENCE.
 FCN=170.341 FROM MIGRAD    STATUS=CALL LIMIT   1321 CALLS        1322 TOTAL
                     EDM=8.84656e-05    STRATEGY= 1      ERR MATRIX NOT POS-DEF
  EXT PARAMETER                APPROXIMATE        STEP         FIRST   
  NO.   NAME      VALUE            ERROR          SIZE      DERIVATIVE 
   1  N0           3.21135e+06   5.91490e+02   2.27149e+00   1.64112e-05
   2  tau          6.44362e+01   constant   
   3  A0           3.64899e-01   2.26225e-04  -3.32730e-07  -4.85806e+00
   4  phi          4.11944e+00   6.58763e-04   2.88093e-06   8.79911e+00
   5  R           -5.98416e+01   constant   
   6  alpha_CBO    0.00000e+00     fixed    
   7  w_CBO        2.32500e+00   constant   
   8  beta_CBO     0.00000e+00     fixed    
   9  alpha_2CBO   0.00000e+00     fixed    
  10  beta_2CBO    0.00000e+00     fixed    
  11  alpha_y      0.00000e+00     fixed    
  12  w_y          1.44500e+01   constant   
  13  beta_y       0.00000e+00     fixed    
  14  alpha_vw     0.00000e+00     fixed    
  15  w_vw         1.29000e+01   constant   
  16  beta_vw      0.00000e+00     fixed    
  17  LM           1.16794e-03   constant   
  18  zeta_y       0.00000e+00   constant   
  19  zeta_vw      0.00000e+00   constant   
  20  T_CBO        2.54499e+02   6.22293e+02   2.49386e-02  -6.73661e-02
  21  alpha_A0     4.64432e-03   1.67492e-02  -1.71011e-04  -6.75321e+00
  22  beta_A0     -3.52664e-03   1.25510e-02   1.10553e-04   2.33622e+00
  23  alpha_phi   -2.37559e-04   2.35846e-03   5.37197e-06   1.86200e+00
  24  beta_phi    -2.07156e-03   7.38927e-03   6.20884e-05   2.58681e+00
 EXTERNAL ERROR MATRIX.    NDIM=  25    NPAR=  8    ERR DEF=1
  3.499e+05  1.915e-02  4.837e-02  9.159e+04 -9.900e-01  9.571e-01 -1.554e-01  3.085e-01 
  1.915e-02  5.118e-08 -1.208e-08 -2.593e-02  3.965e-07 -3.283e-07 -1.658e-08 -9.552e-08 
  4.837e-02 -1.208e-08  4.340e-07  1.409e-01 -1.863e-06  1.698e-06  1.596e-08  6.459e-07 
  9.159e+04 -2.593e-02  1.409e-01  1.309e+06 -1.905e+01  1.410e+01  7.483e-01  8.003e+00 
 -9.900e-01  3.965e-07 -1.863e-06 -1.905e+01  2.805e-04 -2.048e-04 -1.130e-05 -1.169e-04 
  9.571e-01 -3.283e-07  1.698e-06  1.410e+01 -2.048e-04  1.575e-04  7.314e-06  8.454e-05 
 -1.554e-01 -1.658e-08  1.596e-08  7.483e-01 -1.130e-05  7.314e-06  5.562e-06  4.954e-06 
  3.085e-01 -9.552e-08  6.459e-07  8.003e+00 -1.169e-04  8.454e-05  4.954e-06  5.460e-05 
ERR MATRIX NOT POS-DEF
 PARAMETER  CORRELATION COEFFICIENTS  
       NO.  GLOBAL      1      3      4     20     21     22     23     24
        1  0.44488   1.000  0.143  0.124  0.135 -0.100  0.129 -0.111  0.071
        3  0.25033   0.143  1.000 -0.081 -0.100  0.105 -0.116 -0.031 -0.057
        4  0.29141   0.124 -0.081  1.000  0.187 -0.169  0.205  0.010  0.133
       20  0.99698   0.135 -0.100  0.187  1.000 -0.994  0.982  0.277  0.947
       21  0.99512  -0.100  0.105 -0.169 -0.994  1.000 -0.974 -0.286 -0.945
       22  0.98424   0.129 -0.116  0.205  0.982 -0.974  1.000  0.247  0.912
       23  0.34569  -0.111 -0.031  0.010  0.277 -0.286  0.247  1.000  0.284
       24  0.95449   0.071 -0.057  0.133  0.947 -0.945  0.912  0.284  1.000
 ERR MATRIX NOT POS-DEF
MINUIT - FIT ONLY 1-CBO + wiggle
 **********
 **   16 **RES 
 **********
                   PARAMETER   16  beta_vw RESTORED TO VARIABLE.
                   PARAMETER   14  alpha_vw RESTORED TO VARIABLE.
                   PARAMETER   13  beta_y RESTORED TO VARIABLE.
                   PARAMETER   11  alpha_y RESTORED TO VARIABLE.
                   PARAMETER   10  beta_2CBO RESTORED TO VARIABLE.
                   PARAMETER    9  alpha_2CBO RESTORED TO VARIABLE.
                   PARAMETER    8  beta_CBO RESTORED TO VARIABLE.
                   PARAMETER    6  alpha_CBO RESTORED TO VARIABLE.
 **********
 **   17 **FIX            8
 **********
 **********
 **   18 **FIX            9
 **********
 **********
 **   19 **FIX           11
 **********
 **********
 **   20 **FIX           12
 **********
 PARAMETER   12  IS CONSTANT.   IGNORED.
 **********
 **   21 **FIX           14
 **********
 **********
 **   22 **FIX           15
 **********
 PARAMETER   15  IS CONSTANT.   IGNORED.
 **********
 **   23 **FIX           16
 **********
 **********
 **   24 **MIGRAD
 **********
 START MIGRAD MINIMIZATION.  STRATEGY  1.  CONVERGENCE WHEN EDM .LT. 1.00e-04
 FCN=170.341 FROM MIGRAD    STATUS=INITIATE       28 CALLS        1350 TOTAL
                     EDM= unknown      STRATEGY= 1      NO ERROR MATRIX       
  EXT PARAMETER               CURRENT GUESS       STEP         FIRST   
  NO.   NAME      VALUE            ERROR          SIZE      DERIVATIVE 
   1  N0           3.21135e+06   5.91490e+02   2.27149e+00   1.64112e-05
   2  tau          6.44362e+01   constant   
   3  A0           3.64899e-01   2.26225e-04  -3.32730e-07  -4.85806e+00
   4  phi          4.11944e+00   6.58763e-04   2.88093e-06   8.79910e+00
   5  R           -5.98416e+01   constant   
   6  alpha_CBO    0.00000e+00   1.00000e-03   1.00000e-03   6.62173e+04
   7  w_CBO        2.32500e+00   constant   
   8  beta_CBO     0.00000e+00     fixed    
   9  alpha_2CBO   0.00000e+00     fixed    
  10  beta_2CBO    0.00000e+00   1.00000e-03   1.00000e-03   9.27217e+03
  11  alpha_y      0.00000e+00     fixed    
  12  w_y          1.44500e+01   constant   
  13  beta_y       0.00000e+00   1.00000e-03   1.00000e-03   4.19161e+03
  14  alpha_vw     0.00000e+00     fixed    
  15  w_vw         1.29000e+01   constant   
  16  beta_vw      0.00000e+00     fixed    
  17  LM           1.16794e-03   constant   
  18  zeta_y       0.00000e+00   constant   
  19  zeta_vw      0.00000e+00   constant   
  20  T_CBO        2.54499e+02   6.22293e+02   2.49386e-02  -6.73750e-02
  21  alpha_A0     4.64432e-03   1.67492e-02  -1.71011e-04  -6.75321e+00
  22  beta_A0     -3.52664e-03   1.25510e-02   1.10553e-04   2.33621e+00
  23  alpha_phi   -2.37559e-04   2.35846e-03   5.37197e-06   1.86200e+00
  24  beta_phi    -2.07156e-03   7.38927e-03   6.20884e-05   2.58681e+00
 MIGRAD MINIMIZATION HAS CONVERGED.
 FCN=93.781 FROM MIGRAD    STATUS=CONVERGED     951 CALLS        2273 TOTAL
                     EDM=3.09671e-06    STRATEGY= 1  ERROR MATRIX UNCERTAINTY   1.2 per cent
  EXT PARAMETER                                   STEP         FIRST   
  NO.   NAME      VALUE            ERROR          SIZE      DERIVATIVE 
   1  N0           3.21155e+06   5.87042e+02   3.13701e-01   2.31802e-06
   2  tau          6.44362e+01   constant   
   3  A0           3.65177e-01   2.24874e-04   9.88654e-08   2.20386e+00
   4  phi          4.11810e+00   6.85605e-04   1.62108e-08   1.80328e-01
   5  R           -5.98416e+01   constant   
   6  alpha_CBO   -2.25953e-03   2.61131e-04   7.29984e-08  -4.45718e+00
   7  w_CBO        2.32500e+00   constant   
   8  beta_CBO     0.00000e+00     fixed    
   9  alpha_2CBO   0.00000e+00     fixed    
  10  beta_2CBO   -3.10054e-04   2.52404e-04   2.97054e-09   1.93971e+00
  11  alpha_y      0.00000e+00     fixed    
  12  w_y          1.44500e+01   constant   
  13  beta_y      -1.38960e-04   2.47733e-04  -1.93226e-08   1.57902e-01
  14  alpha_vw     0.00000e+00     fixed    
  15  w_vw         1.29000e+01   constant   
  16  beta_vw      0.00000e+00     fixed    
  17  LM           1.16794e-03   constant   
  18  zeta_y       0.00000e+00   constant   
  19  zeta_vw      0.00000e+00   constant   
  20  T_CBO        9.99925e+02   5.24586e+02   7.76915e-02  -1.13272e-04
  21  alpha_A0     1.41406e-03   1.20434e-03   1.88579e-07  -1.10345e+00
  22  beta_A0     -3.11217e-03   1.16118e-03   3.88015e-06   2.17076e+00
  23  alpha_phi   -1.91748e-03   1.08841e-03   9.27177e-07   1.08044e+00
  24  beta_phi    -6.28274e-04   1.23835e-03  -1.04078e-06  -4.74910e-02
 EXTERNAL ERROR MATRIX.    NDIM=  25    NPAR= 11    ERR DEF=1
  3.446e+05 
  1.615e-02  5.057e-08 
  5.037e-02 -1.574e-08  4.701e-07 
 -6.192e-03 -7.287e-09  3.617e-08  6.819e-08 
 -6.886e-04 -7.987e-11  1.100e-08 -2.810e-10  6.371e-08 
 -1.022e-03 -3.234e-10  2.936e-09  9.423e-11  1.603e-10  6.137e-08 
  1.314e+03  6.583e-04  1.930e-05  2.783e-04 -3.084e-04 -1.236e-04  2.519e+04 
  1.433e-01  1.307e-08  6.917e-08  3.940e-08 -9.171e-09  2.329e-10 -2.248e-02  1.450e-06 
 -1.927e-02 -3.103e-08  1.357e-07  1.924e-08  4.737e-08  7.412e-09  5.771e-02  7.818e-09  1.348e-06 
 -5.810e-02 -1.370e-08  4.941e-08  5.542e-08 -2.849e-08 -7.480e-10  3.282e-02 -4.470e-08  4.516e-08  1.185e-06 
 -1.098e-01  3.869e-08 -1.142e-07 -1.336e-08 -2.565e-08 -3.834e-09  1.373e-02 -1.958e-09 -2.066e-07 -1.338e-07  1.533e-06 
 PARAMETER  CORRELATION COEFFICIENTS  
       NO.  GLOBAL      1      3      4      6     10     13     20     21     22     23     24
        1  0.34107   1.000  0.122  0.125 -0.040 -0.005 -0.007  0.014  0.203 -0.028 -0.091 -0.151
        3  0.26218   0.122  1.000 -0.102 -0.124 -0.001 -0.006  0.018  0.048 -0.119 -0.056  0.139
        4  0.31933   0.125 -0.102  1.000  0.202  0.064  0.017  0.000  0.084  0.170  0.066 -0.134
        6  0.31903  -0.040 -0.124  0.202  1.000 -0.004  0.001  0.007  0.125  0.063  0.195 -0.041
       10  0.21955  -0.005 -0.001  0.064 -0.004  1.000  0.003 -0.008 -0.030  0.162 -0.104 -0.082
       13  0.03337  -0.007 -0.006  0.017  0.001  0.003  1.000 -0.003  0.001  0.026 -0.003 -0.012
       20  0.41682   0.014  0.018  0.000  0.007 -0.008 -0.003  1.000 -0.118  0.313  0.190  0.070
       21  0.28750   0.203  0.048  0.084  0.125 -0.030  0.001 -0.118  1.000  0.006 -0.034 -0.001
       22  0.43145  -0.028 -0.119  0.170  0.063  0.162  0.026  0.313  0.006  1.000  0.036 -0.144
       23  0.33447  -0.091 -0.056  0.066  0.195 -0.104 -0.003  0.190 -0.034  0.036  1.000 -0.099
       24  0.32453  -0.151  0.139 -0.134 -0.041 -0.082 -0.012  0.070 -0.001 -0.144 -0.099  1.000
MINUIT - FIT ONLY 2-CBO
 **********
 **   25 **RES 
 **********
                   PARAMETER   16  beta_vw RESTORED TO VARIABLE.
                   PARAMETER   14  alpha_vw RESTORED TO VARIABLE.
                   PARAMETER   11  alpha_y RESTORED TO VARIABLE.
                   PARAMETER    9  alpha_2CBO RESTORED TO VARIABLE.
                   PARAMETER    8  beta_CBO RESTORED TO VARIABLE.
 **********
 **   26 **FIX            0
 **********
 PARAMETER    0  IS UNDEFINED. IGNORED.
 **********
 **   27 **FIX            1
 **********
 **********
 **   28 **FIX            2
 **********
 PARAMETER    2  IS CONSTANT.   IGNORED.
 **********
 **   29 **FIX            3
 **********
 **********
 **   30 **FIX            4
 **********
 **********
 **   31 **FIX            5
 **********
 PARAMETER    5  IS CONSTANT.   IGNORED.
 **********
 **   32 **FIX            6
 **********
 **********
 **   33 **FIX            7
 **********
 PARAMETER    7  IS CONSTANT.   IGNORED.
 **********
 **   34 **FIX           10
 **********
 **********
 **   35 **FIX           11
 **********
 **********
 **   36 **FIX           12
 **********
 PARAMETER   12  IS CONSTANT.   IGNORED.
 **********
 **   37 **FIX           13
 **********
 **********
 **   38 **FIX           14
 **********
 **********
 **   39 **FIX           15
 **********
 PARAMETER   15  IS CONSTANT.   IGNORED.
 **********
 **   40 **FIX           16
 **********
 **********
 **   41 **MIGRAD
 **********
 START MIGRAD MINIMIZATION.  STRATEGY  1.  CONVERGENCE WHEN EDM .LT. 1.00e-04
 FCN=93.781 FROM MIGRAD    STATUS=INITIATE       18 CALLS        2291 TOTAL
                     EDM= unknown      STRATEGY= 1      NO ERROR MATRIX       
  EXT PARAMETER               CURRENT GUESS       STEP         FIRST   
  NO.   NAME      VALUE            ERROR          SIZE      DERIVATIVE 
   1  N0           3.21155e+06     fixed    
   2  tau          6.44362e+01   constant   
   3  A0           3.65177e-01     fixed    
   4  phi          4.11810e+00     fixed    
   5  R           -5.98416e+01   constant   
   6  alpha_CBO   -2.25953e-03     fixed    
   7  w_CBO        2.32500e+00   constant   
   8  beta_CBO     0.00000e+00   1.00000e-03   1.00000e-03  -4.84246e+04
   9  alpha_2CBO   0.00000e+00   1.00000e-03   1.00000e-03  -3.89894e+03
  10  beta_2CBO   -3.10054e-04     fixed    
  11  alpha_y      0.00000e+00     fixed    
  12  w_y          1.44500e+01   constant   
  13  beta_y      -1.38960e-04     fixed    
  14  alpha_vw     0.00000e+00     fixed    
  15  w_vw         1.29000e+01   constant   
  16  beta_vw      0.00000e+00     fixed    
  17  LM           1.16794e-03   constant   
  18  zeta_y       0.00000e+00   constant   
  19  zeta_vw      0.00000e+00   constant   
  20  T_CBO        9.99925e+02   5.24586e+02   7.76915e-02  -1.15692e-04
  21  alpha_A0     1.41406e-03   1.20434e-03   1.88579e-07  -1.10345e+00
  22  beta_A0     -3.11217e-03   1.16118e-03   3.88015e-06   2.17078e+00
  23  alpha_phi   -1.91748e-03   1.08841e-03   9.27177e-07   1.08044e+00
  24  beta_phi    -6.28274e-04   1.23835e-03  -1.04078e-06  -4.74910e-02
 MIGRAD MINIMIZATION HAS CONVERGED.
 MIGRAD WILL VERIFY CONVERGENCE AND ERROR MATRIX.
 COVARIANCE MATRIX CALCULATED SUCCESSFULLY
 FCN=55.4036 FROM MIGRAD    STATUS=CONVERGED     154 CALLS        2427 TOTAL
                     EDM=1.10858e-05    STRATEGY= 1      ERROR MATRIX ACCURATE 
  EXT PARAMETER                                   STEP         FIRST   
  NO.   NAME      VALUE            ERROR          SIZE      DERIVATIVE 
   1  N0           3.21155e+06     fixed    
   2  tau          6.44362e+01   constant   
   3  A0           3.65177e-01     fixed    
   4  phi          4.11810e+00     fixed    
   5  R           -5.98416e+01   constant   
   6  alpha_CBO   -2.25953e-03     fixed    
   7  w_CBO        2.32500e+00   constant   
   8  beta_CBO     1.57496e-03   2.55032e-04   9.18156e-07   1.14060e+00
   9  alpha_2CBO   1.24974e-04   2.53390e-04   9.08181e-07  -3.71551e+00
  10  beta_2CBO   -3.10054e-04     fixed    
  11  alpha_y      0.00000e+00     fixed    
  12  w_y          1.44500e+01   constant   
  13  beta_y      -1.38960e-04     fixed    
  14  alpha_vw     0.00000e+00     fixed    
  15  w_vw         1.29000e+01   constant   
  16  beta_vw      0.00000e+00     fixed    
  17  LM           1.16794e-03   constant   
  18  zeta_y       0.00000e+00   constant   
  19  zeta_vw      0.00000e+00   constant   
  20  T_CBO        9.99809e+02   8.04713e+02   5.27938e-02   2.74062e-04
  21  alpha_A0     1.72473e-03   1.11571e-03   4.02727e-06   1.59814e+00
  22  beta_A0     -2.19359e-03   1.14446e-03   4.06269e-06  -3.37862e-01
  23  alpha_phi   -1.97632e-03   1.01606e-03   3.64757e-06   7.47359e-01
  24  beta_phi     2.26630e-04   1.10006e-03   3.89214e-06  -8.31500e-01
 EXTERNAL ERROR MATRIX.    NDIM=  25    NPAR=  7    ERR DEF=1
  6.504e-08 -7.496e-12 -1.356e-05  9.973e-09  3.734e-08 -2.295e-10  3.214e-08 
 -7.496e-12  6.421e-08  4.213e-06  3.537e-08  8.674e-09 -2.701e-08  3.820e-08 
 -1.356e-05  4.213e-06  3.948e+04  2.483e-02 -3.096e-02 -2.762e-02  3.117e-03 
  9.973e-09  3.537e-08  2.483e-02  1.245e-06  4.262e-08 -2.130e-08  1.635e-08 
  3.734e-08  8.674e-09 -3.096e-02  4.262e-08  1.310e-06  3.657e-08 -1.772e-07 
 -2.295e-10 -2.701e-08 -2.762e-02 -2.130e-08  3.657e-08  1.032e-06 -1.385e-07 
  3.214e-08  3.820e-08  3.117e-03  1.635e-08 -1.772e-07 -1.385e-07  1.210e-06 
 PARAMETER  CORRELATION COEFFICIENTS  
       NO.  GLOBAL      8      9     20     21     22     23     24
        8  0.19020   1.000 -0.000 -0.000  0.035  0.128 -0.001  0.115
        9  0.21153  -0.000  1.000  0.000  0.125  0.030 -0.105  0.137
       20  0.22437  -0.000  0.000  1.000  0.112 -0.136 -0.137  0.014
       21  0.17665   0.035  0.125  0.112  1.000  0.033 -0.019  0.013
       22  0.25100   0.128  0.030 -0.136  0.033  1.000  0.031 -0.141
       23  0.20430  -0.001 -0.105 -0.137 -0.019  0.031  1.000 -0.124
       24  0.26306   0.115  0.137  0.014  0.013 -0.141 -0.124  1.000
MINUIT - FIT wiggle + 1-CBO + 2-CBO
 **********
 **   42 **RES 
 **********
                   PARAMETER   16  beta_vw RESTORED TO VARIABLE.
                   PARAMETER   14  alpha_vw RESTORED TO VARIABLE.
                   PARAMETER   13  beta_y RESTORED TO VARIABLE.
                   PARAMETER   11  alpha_y RESTORED TO VARIABLE.
                   PARAMETER   10  beta_2CBO RESTORED TO VARIABLE.
                   PARAMETER    6  alpha_CBO RESTORED TO VARIABLE.
                   PARAMETER    4  phi RESTORED TO VARIABLE.
                   PARAMETER    3  A0 RESTORED TO VARIABLE.
                   PARAMETER    1  N0 RESTORED TO VARIABLE.
 **********
 **   43 **FIX           10
 **********
 **********
 **   44 **FIX           11
 **********
 **********
 **   45 **FIX           12
 **********
 PARAMETER   12  IS CONSTANT.   IGNORED.
 **********
 **   46 **FIX           13
 **********
 **********
 **   47 **FIX           14
 **********
 **********
 **   48 **FIX           15
 **********
 PARAMETER   15  IS CONSTANT.   IGNORED.
 **********
 **   49 **FIX           16
 **********
 **********
 **   50 **MIGRAD
 **********
 START MIGRAD MINIMIZATION.  STRATEGY  1.  CONVERGENCE WHEN EDM .LT. 1.00e-04
 FCN=55.4036 FROM MIGRAD    STATUS=INITIATE       22 CALLS        2449 TOTAL
                     EDM= unknown      STRATEGY= 1      NO ERROR MATRIX       
  EXT PARAMETER               CURRENT GUESS       STEP         FIRST   
  NO.   NAME      VALUE            ERROR          SIZE      DERIVATIVE 
   1  N0           3.21155e+06   5.87042e+02   5.87042e+02  -6.29073e-05
   2  tau          6.44362e+01   constant   
   3  A0           3.65177e-01   2.24874e-04   2.24874e-04   9.82935e+03
   4  phi          4.11810e+00   6.85605e-04   6.85605e-04   1.04471e+03
   5  R           -5.98416e+01   constant   
   6  alpha_CBO   -2.25953e-03   2.61131e-04   2.61131e-04   1.11118e+03
   7  w_CBO        2.32500e+00   constant   
   8  beta_CBO     1.57496e-03   2.55032e-04   9.18156e-07   1.14060e+00
   9  alpha_2CBO   1.24974e-04   2.53390e-04   9.08181e-07  -3.71551e+00
  10  beta_2CBO   -3.10054e-04     fixed    
  11  alpha_y      0.00000e+00     fixed    
  12  w_y          1.44500e+01   constant   
  13  beta_y      -1.38960e-04     fixed    
  14  alpha_vw     0.00000e+00     fixed    
  15  w_vw         1.29000e+01   constant   
  16  beta_vw      0.00000e+00     fixed    
  17  LM           1.16794e-03   constant   
  18  zeta_y       0.00000e+00   constant   
  19  zeta_vw      0.00000e+00   constant   
  20  T_CBO        9.99809e+02   8.04713e+02   5.27938e-02  -2.80445e-04
  21  alpha_A0     1.72473e-03   1.11571e-03   4.02727e-06   1.59819e+00
  22  beta_A0     -2.19359e-03   1.14446e-03   4.06269e-06  -3.37898e-01
  23  alpha_phi   -1.97632e-03   1.01606e-03   3.64757e-06   7.47359e-01
  24  beta_phi     2.26630e-04   1.10006e-03   3.89214e-06  -8.31502e-01
 MIGRAD MINIMIZATION HAS CONVERGED.
 MIGRAD WILL VERIFY CONVERGENCE AND ERROR MATRIX.
 COVARIANCE MATRIX CALCULATED SUCCESSFULLY
 FCN=54.0469 FROM MIGRAD    STATUS=CONVERGED     245 CALLS        2672 TOTAL
                     EDM=2.93555e-06    STRATEGY= 1      ERROR MATRIX ACCURATE 
  EXT PARAMETER                                   STEP         FIRST   
  NO.   NAME      VALUE            ERROR          SIZE      DERIVATIVE 
   1  N0           3.21143e+06   6.01454e+02   2.02977e+00  -1.48892e-06
   2  tau          6.44362e+01   constant   
   3  A0           3.64923e-01   2.33120e-04   7.98508e-07   1.28513e+00
   4  phi          4.11791e+00   6.84463e-04   2.34950e-06  -1.83721e+00
   5  R           -5.98416e+01   constant   
   6  alpha_CBO   -2.27740e-03   2.61140e-04   8.89133e-07   2.50664e+00
   7  w_CBO        2.32500e+00   constant   
   8  beta_CBO     1.63243e-03   2.59793e-04   9.07050e-07  -1.65188e+00
   9  alpha_2CBO   1.07499e-04   2.54169e-04   8.97185e-07   1.74661e+00
  10  beta_2CBO   -3.10054e-04     fixed    
  11  alpha_y      0.00000e+00     fixed    
  12  w_y          1.44500e+01   constant   
  13  beta_y      -1.38960e-04     fixed    
  14  alpha_vw     0.00000e+00     fixed    
  15  w_vw         1.29000e+01   constant   
  16  beta_vw      0.00000e+00     fixed    
  17  LM           1.16794e-03   constant   
  18  zeta_y       0.00000e+00   constant   
  19  zeta_vw      0.00000e+00   constant   
  20  T_CBO        1.00000e+03   9.99434e+02   5.59395e-02** at limit **
  21  alpha_A0     1.61826e-03   1.14522e-03   3.97963e-06  -5.90466e-01
  22  beta_A0     -2.09675e-03   1.15857e-03   4.01458e-06  -5.00686e-01
  23  alpha_phi   -1.96944e-03   1.03920e-03   3.60583e-06  -1.95734e-01
  24  beta_phi     1.45920e-04   1.13526e-03   3.84765e-06   6.80426e-01
 EXTERNAL ERROR MATRIX.    NDIM=  25    NPAR= 11    ERR DEF=1
  3.617e+05 
  2.137e-02  5.434e-08 
  5.643e-02 -1.444e-08  4.685e-07 
 -4.821e-03 -8.283e-09  3.924e-08  6.819e-08 
 -4.957e-03 -1.086e-08 -7.689e-09 -6.189e-10  6.749e-08 
 -2.212e-03  4.238e-09 -4.611e-09 -1.487e-09 -7.687e-10  6.460e-08 
 -1.450e-02 -1.531e-09 -5.238e-08  3.414e-09 -1.437e-09  1.500e-09  5.790e-03 
  1.337e-01  1.040e-08  6.896e-08  3.966e-08  5.678e-09  3.408e-08  5.024e-06  1.312e-06 
 -1.797e-02 -3.483e-08  1.151e-07  2.390e-08  4.168e-08  5.265e-09 -6.455e-06  6.544e-08  1.342e-06 
 -5.487e-02 -1.434e-08  5.543e-08  5.825e-08  2.088e-10 -2.849e-08 -6.004e-06  6.764e-09  5.331e-08  1.080e-06 
 -1.180e-01  2.926e-08 -1.088e-07 -1.564e-08  2.860e-08  4.246e-08  4.668e-07 -3.872e-08 -2.113e-07 -1.413e-07  1.289e-06 
 PARAMETER  CORRELATION COEFFICIENTS  
       NO.  GLOBAL      1      3      4      6      8      9     20     21     22     23     24
        1  0.35215   1.000  0.152  0.137 -0.031 -0.032 -0.014 -0.000  0.194 -0.026 -0.088 -0.173
        3  0.32561   0.152  1.000 -0.091 -0.136 -0.179  0.072 -0.000  0.039 -0.129 -0.059  0.111
        4  0.31969   0.137 -0.091  1.000  0.220 -0.043 -0.027 -0.001  0.088  0.145  0.078 -0.140
        6  0.34160  -0.031 -0.136  0.220  1.000 -0.009 -0.022  0.000  0.133  0.079  0.215 -0.053
        8  0.26678  -0.032 -0.179 -0.043 -0.009  1.000 -0.012 -0.000  0.019  0.138  0.001  0.097
        9  0.22496  -0.014  0.072 -0.027 -0.022 -0.012  1.000  0.000  0.117  0.018 -0.108  0.147
       20  0.12560  -0.000 -0.000 -0.001  0.000 -0.000  0.000  1.000  0.058 -0.073 -0.076  0.005
       21  0.28268   0.194  0.039  0.088  0.133  0.019  0.117  0.058  1.000  0.049  0.006 -0.030
       22  0.29176  -0.026 -0.129  0.145  0.079  0.138  0.018 -0.073  0.049  1.000  0.044 -0.161
       23  0.28748  -0.088 -0.059  0.078  0.215  0.001 -0.108 -0.076  0.006  0.044  1.000 -0.120
       24  0.35322  -0.173  0.111 -0.140 -0.053  0.097  0.147  0.005 -0.030 -0.161 -0.120  1.000
MINUIT - FIT ONLY 1-y
 **********
 **   51 **RES 
 **********
                   PARAMETER   16  beta_vw RESTORED TO VARIABLE.
                   PARAMETER   14  alpha_vw RESTORED TO VARIABLE.
                   PARAMETER   13  beta_y RESTORED TO VARIABLE.
                   PARAMETER   11  alpha_y RESTORED TO VARIABLE.
                   PARAMETER   10  beta_2CBO RESTORED TO VARIABLE.
 **********
 **   52 **FIX            0
 **********
 PARAMETER    0  IS UNDEFINED. IGNORED.
 **********
 **   53 **FIX            1
 **********
 **********
 **   54 **FIX            2
 **********
 PARAMETER    2  IS CONSTANT.   IGNORED.
 **********
 **   55 **FIX            3
 **********
 **********
 **   56 **FIX            4
 **********
 **********
 **   57 **FIX            5
 **********
 PARAMETER    5  IS CONSTANT.   IGNORED.
 **********
 **   58 **FIX            6
 **********
 **********
 **   59 **FIX            7
 **********
 PARAMETER    7  IS CONSTANT.   IGNORED.
 **********
 **   60 **FIX            8
 **********
 **********
 **   61 **FIX            9
 **********
 **********
 **   62 **FIX           13
 **********
 **********
 **   63 **FIX           14
 **********
 **********
 **   64 **FIX           15
 **********
 PARAMETER   15  IS CONSTANT.   IGNORED.
 **********
 **   65 **FIX           16
 **********
 **********
 **   66 **MIGRAD
 **********
 START MIGRAD MINIMIZATION.  STRATEGY  1.  CONVERGENCE WHEN EDM .LT. 1.00e-04
 FCN=54.0469 FROM MIGRAD    STATUS=INITIATE       16 CALLS        2688 TOTAL
                     EDM= unknown      STRATEGY= 1      NO ERROR MATRIX       
  EXT PARAMETER               CURRENT GUESS       STEP         FIRST   
  NO.   NAME      VALUE            ERROR          SIZE      DERIVATIVE 
   1  N0           3.21143e+06     fixed    
   2  tau          6.44362e+01   constant   
   3  A0           3.64923e-01     fixed    
   4  phi          4.11791e+00     fixed    
   5  R           -5.98416e+01   constant   
   6  alpha_CBO   -2.27740e-03     fixed    
   7  w_CBO        2.32500e+00   constant   
   8  beta_CBO     1.63243e-03     fixed    
   9  alpha_2CBO   1.07499e-04     fixed    
  10  beta_2CBO   -3.10054e-04   2.52404e-04   2.52404e-04   2.64510e+03
  11  alpha_y      0.00000e+00   1.00000e-03   1.00000e-03   4.37732e+02
  12  w_y          1.44500e+01   constant   
  13  beta_y      -1.38960e-04     fixed    
  14  alpha_vw     0.00000e+00     fixed    
  15  w_vw         1.29000e+01   constant   
  16  beta_vw      0.00000e+00     fixed    
  17  LM           1.16794e-03   constant   
  18  zeta_y       0.00000e+00   constant   
  19  zeta_vw      0.00000e+00   constant   
  20  T_CBO        9.99999e+02   9.99434e+02   5.59395e-02  -1.62237e-05
  21  alpha_A0     1.61826e-03   1.14522e-03   3.97963e-06  -5.90976e-01
  22  beta_A0     -2.09675e-03   1.15857e-03   4.01458e-06  -5.00036e-01
  23  alpha_phi   -1.96944e-03   1.03920e-03   3.60583e-06  -1.95043e-01
  24  beta_phi     1.45920e-04   1.13526e-03   3.84765e-06   6.80552e-01
 MIGRAD MINIMIZATION HAS CONVERGED.
 MIGRAD WILL VERIFY CONVERGENCE AND ERROR MATRIX.
 COVARIANCE MATRIX CALCULATED SUCCESSFULLY
 FCN=53.9311 FROM MIGRAD    STATUS=CONVERGED     113 CALLS        2785 TOTAL
                     EDM=2.75426e-07    STRATEGY= 1      ERROR MATRIX ACCURATE 
  EXT PARAMETER                                   STEP         FIRST   
  NO.   NAME      VALUE            ERROR          SIZE      DERIVATIVE 
   1  N0           3.21143e+06     fixed    
   2  tau          6.44362e+01   constant   
   3  A0           3.64923e-01     fixed    
   4  phi          4.11791e+00     fixed    
   5  R           -5.98416e+01   constant   
   6  alpha_CBO   -2.27740e-03     fixed    
   7  w_CBO        2.32500e+00   constant   
   8  beta_CBO     1.63243e-03     fixed    
   9  alpha_2CBO   1.07499e-04     fixed    
  10  beta_2CBO   -3.95306e-04   2.53689e-04   8.97785e-07  -1.46609e-01
  11  alpha_y     -1.42986e-05   2.48208e-04   8.97807e-07   1.73704e+00
  12  w_y          1.44500e+01   constant   
  13  beta_y      -1.38960e-04     fixed    
  14  alpha_vw     0.00000e+00     fixed    
  15  w_vw         1.29000e+01   constant   
  16  beta_vw      0.00000e+00     fixed    
  17  LM           1.16794e-03   constant   
  18  zeta_y       0.00000e+00   constant   
  19  zeta_vw      0.00000e+00   constant   
  20  T_CBO        1.00000e+03   9.96820e+02   5.21682e-02** at limit **
  21  alpha_A0     1.63084e-03   1.10193e-03   3.97542e-06  -3.19208e-01
  22  beta_A0     -2.15531e-03   1.14046e-03   4.01033e-06  -1.22500e-01
  23  alpha_phi   -1.92692e-03   1.01172e-03   3.60207e-06   1.97782e-01
  24  beta_phi     1.72005e-04   1.08629e-03   3.84365e-06  -4.08838e-01
 EXTERNAL ERROR MATRIX.    NDIM=  25    NPAR=  7    ERR DEF=1
  6.436e-08  6.543e-10  3.191e-09 -9.723e-09  4.446e-08 -3.090e-08 -2.094e-08 
  6.543e-10  6.161e-08  2.262e-09  2.163e-09  5.110e-10 -6.420e-09  4.133e-09 
  3.191e-09  2.262e-09  4.741e-02  1.332e-05 -1.740e-05 -1.544e-05  1.402e-06 
 -9.723e-09  2.163e-09  1.332e-05  1.214e-06  3.999e-08  1.119e-08 -7.928e-09 
  4.446e-08  5.110e-10 -1.740e-05  3.999e-08  1.301e-06  2.946e-09 -2.132e-07 
 -3.090e-08 -6.420e-09 -1.544e-05  1.119e-08  2.946e-09  1.024e-06 -1.111e-07 
 -2.094e-08  4.133e-09  1.402e-06 -7.928e-09 -2.132e-07 -1.111e-07  1.180e-06 
 PARAMETER  CORRELATION COEFFICIENTS  
       NO.  GLOBAL     10     11     20     21     22     23     24
       10  0.20911   1.000  0.010  0.000 -0.035  0.154 -0.120 -0.076
       11  0.03122   0.010  1.000  0.000  0.008  0.002 -0.026  0.015
       20  0.11583   0.000  0.000  1.000  0.056 -0.070 -0.070  0.006
       21  0.07867  -0.035  0.008  0.056  1.000  0.032  0.010 -0.007
       22  0.23632   0.154  0.002 -0.070  0.032  1.000  0.003 -0.172
       23  0.17921  -0.120 -0.026 -0.070  0.010  0.003  1.000 -0.101
       24  0.20987  -0.076  0.015  0.006 -0.007 -0.172 -0.101  1.000
MINUIT - FIT ONLY 2-y
 **********
 **   67 **RES 
 **********
                   PARAMETER   16  beta_vw RESTORED TO VARIABLE.
                   PARAMETER   14  alpha_vw RESTORED TO VARIABLE.
                   PARAMETER   13  beta_y RESTORED TO VARIABLE.
                   PARAMETER    9  alpha_2CBO RESTORED TO VARIABLE.
                   PARAMETER    8  beta_CBO RESTORED TO VARIABLE.
                   PARAMETER    6  alpha_CBO RESTORED TO VARIABLE.
                   PARAMETER    4  phi RESTORED TO VARIABLE.
                   PARAMETER    3  A0 RESTORED TO VARIABLE.
                   PARAMETER    1  N0 RESTORED TO VARIABLE.
 **********
 **   68 **FIX            0
 **********
 PARAMETER    0  IS UNDEFINED. IGNORED.
 **********
 **   69 **FIX            1
 **********
 **********
 **   70 **FIX            2
 **********
 PARAMETER    2  IS CONSTANT.   IGNORED.
 **********
 **   71 **FIX            3
 **********
 **********
 **   72 **FIX            4
 **********
 **********
 **   73 **FIX            5
 **********
 PARAMETER    5  IS CONSTANT.   IGNORED.
 **********
 **   74 **FIX            6
 **********
 **********
 **   75 **FIX            7
 **********
 PARAMETER    7  IS CONSTANT.   IGNORED.
 **********
 **   76 **FIX            8
 **********
 **********
 **   77 **FIX            9
 **********
 **********
 **   78 **FIX           10
 **********
 **********
 **   79 **FIX           11
 **********
 **********
 **   80 **FIX           12
 **********
 PARAMETER   12  IS CONSTANT.   IGNORED.
 **********
 **   81 **FIX           16
 **********
 **********
 **   82 **MIGRAD
 **********
 START MIGRAD MINIMIZATION.  STRATEGY  1.  CONVERGENCE WHEN EDM .LT. 1.00e-04
 FCN=53.9311 FROM MIGRAD    STATUS=INITIATE       16 CALLS        2801 TOTAL
                     EDM= unknown      STRATEGY= 1      NO ERROR MATRIX       
  EXT PARAMETER               CURRENT GUESS       STEP         FIRST   
  NO.   NAME      VALUE            ERROR          SIZE      DERIVATIVE 
   1  N0           3.21143e+06     fixed    
   2  tau          6.44362e+01   constant   
   3  A0           3.64923e-01     fixed    
   4  phi          4.11791e+00     fixed    
   5  R           -5.98416e+01   constant   
   6  alpha_CBO   -2.27740e-03     fixed    
   7  w_CBO        2.32500e+00   constant   
   8  beta_CBO     1.63243e-03     fixed    
   9  alpha_2CBO   1.07499e-04     fixed    
  10  beta_2CBO   -3.95306e-04     fixed    
  11  alpha_y     -1.42986e-05     fixed    
  12  w_y          1.44500e+01   constant   
  13  beta_y      -1.38960e-04   2.47733e-04   2.47733e-04   7.77871e+02
  14  alpha_vw     0.00000e+00   1.00000e-03   1.00000e-03  -1.86718e+03
  15  w_vw         1.29000e+01   constant   
  16  beta_vw      0.00000e+00     fixed    
  17  LM           1.16794e-03   constant   
  18  zeta_y       0.00000e+00   constant   
  19  zeta_vw      0.00000e+00   constant   
  20  T_CBO        9.99999e+02   9.96820e+02   5.21682e-02  -1.66742e-05
  21  alpha_A0     1.63084e-03   1.10193e-03   3.97542e-06  -3.19696e-01
  22  beta_A0     -2.15531e-03   1.14046e-03   4.01033e-06  -1.21854e-01
  23  alpha_phi   -1.92692e-03   1.01172e-03   3.60207e-06   1.98457e-01
  24  beta_phi     1.72005e-04   1.08629e-03   3.84365e-06  -4.08719e-01
 MIGRAD MINIMIZATION HAS CONVERGED.
 MIGRAD WILL VERIFY CONVERGENCE AND ERROR MATRIX.
 COVARIANCE MATRIX CALCULATED SUCCESSFULLY
 FCN=53.8729 FROM MIGRAD    STATUS=CONVERGED      98 CALLS        2883 TOTAL
                     EDM=1.04767e-06    STRATEGY= 1      ERROR MATRIX ACCURATE 
  EXT PARAMETER                                   STEP         FIRST   
  NO.   NAME      VALUE            ERROR          SIZE      DERIVATIVE 
   1  N0           3.21143e+06     fixed    
   2  tau          6.44362e+01   constant   
   3  A0           3.64923e-01     fixed    
   4  phi          4.11791e+00     fixed    
   5  R           -5.98416e+01   constant   
   6  alpha_CBO   -2.27740e-03     fixed    
   7  w_CBO        2.32500e+00   constant   
   8  beta_CBO     1.63243e-03     fixed    
   9  alpha_2CBO   1.07499e-04     fixed    
  10  beta_2CBO   -3.95306e-04     fixed    
  11  alpha_y     -1.42986e-05     fixed    
  12  w_y          1.44500e+01   constant   
  13  beta_y      -1.56497e-04   2.49426e-04   8.95951e-07  -1.48623e-01
  14  alpha_vw     5.49417e-05   2.48651e-04   8.93278e-07  -5.70475e-02
  15  w_vw         1.29000e+01   constant   
  16  beta_vw      0.00000e+00     fixed    
