 + ++++++++++++++++++++++++++++++++++++++++++++++++++++++++++++++++++++ +
 +                                                                      +
 +           You have chose to blind your fitting according to          +
 +                omega_ref * (1 + (R +/- deltaR) *10^{-6})             +
 +                                                                      +
 + ++++++++++++++++++++++++++++++++++++++++++++++++++++++++++++++++++++ +
In main()...
reading format from /gm2data/zkhechad/run45/envelope/formats/formatB_sBin_constraintOn.txt
pBinTau 	= 0  
pBinPhi 	= 0  
constraintau 	= 1 
includeMopTerm 	= 0    
constrainMop    = 0   
Parameters after format file: pBinTau 0 pBinPhi 0 constraintau 1 includeMopTerm 0 constrainMop 0 c_e_scale 0.000000 
Opening file /gm2data/tbarrett/gm2fr/studies/run23_bunch_corrections/CorrectedFourier_Run3b.root.
reading full fit data from /gm2data/zkhechad/cboTemplates/Run4CBOTemplates/fullFits/noRF/sBin_constraintOn_cE0.0_seed0_noRF_calo24.root
windowBins = 69
fitting sliding window 280 from bin 416 at 61.918000 to bin 485 at 72.362000 (69 bins)

Reading data from /gm2data/cornell/histograms/aMethod/histogram_a_noRF.root
 **********
 **    1 **SET PRINTOUT            1
 **********
 **********
 **    2 **SET NOWARNINGS 
 **********
 PARAMETER DEFINITIONS:
    NO.   NAME         VALUE      STEP SIZE      LIMITS
     1 N0           3.17469e+06  1.00000e+02     no limits
     2 tau          6.44005e+01  constant
     3 A0           3.64944e-01  1.00000e-04     no limits
     4 phi          4.11953e+00  1.00000e-02     no limits
     5 R           -6.09192e+01  constant
     6 alpha_CBO    0.00000e+00  1.00000e-03     no limits
     7 w_CBO        2.32500e+00  constant
     8 beta_CBO     0.00000e+00  1.00000e-03     no limits
     9 alpha_2CBO   0.00000e+00  1.00000e-03     no limits
    10 beta_2CBO    0.00000e+00  1.00000e-03     no limits
    11 alpha_y      0.00000e+00  1.00000e-03     no limits
    12 w_y          1.38860e+01  constant
    13 beta_y       0.00000e+00  1.00000e-03     no limits
    14 alpha_vw     0.00000e+00  1.00000e-03     no limits
    15 w_vw         1.43404e+01  constant
    16 beta_vw      0.00000e+00  1.00000e-03     no limits
    17 LM          -6.12107e-05  constant
    18 zeta_y       0.00000e+00  constant
    19 zeta_vw      0.00000e+00  constant
    20 T_CBO        1.00000e+02  1.00000e+00    0.00000e+00  1.00000e+03
    21 alpha_A0     0.00000e+00  1.00000e-03     no limits
    22 beta_A0      0.00000e+00  1.00000e-03     no limits
    23 alpha_phi    0.00000e+00  1.00000e-03     no limits
    24 beta_phi     0.00000e+00  1.00000e-03     no limits
MINUIT - FIT ONLY WIGGLE
 **********
 **    3 **FIX            5
 **********
 PARAMETER    5  IS CONSTANT.   IGNORED.
 **********
 **    4 **FIX            6
 **********
 **********
 **    5 **FIX            7
 **********
 PARAMETER    7  IS CONSTANT.   IGNORED.
 **********
 **    6 **FIX            8
 **********
 **********
 **    7 **FIX            9
 **********
 **********
 **    8 **FIX           10
 **********
 **********
 **    9 **FIX           11
 **********
 **********
 **   10 **FIX           12
 **********
 PARAMETER   12  IS CONSTANT.   IGNORED.
 **********
 **   11 **FIX           13
 **********
 **********
 **   12 **FIX           14
 **********
 **********
 **   13 **FIX           15
 **********
 PARAMETER   15  IS CONSTANT.   IGNORED.
 **********
 **   14 **FIX           16
 **********
 **********
 **   15 **MIGRAD
 **********
 FIRST CALL TO USER FUNCTION AT NEW START POINT, WITH IFLAG=4.
 START MIGRAD MINIMIZATION.  STRATEGY  1.  CONVERGENCE WHEN EDM .LT. 1.00e-04
 FCN=5429.7 FROM MIGRAD    STATUS=INITIATE      435 CALLS         436 TOTAL
                     EDM= unknown      STRATEGY= 1      NO ERROR MATRIX       
  EXT PARAMETER               CURRENT GUESS       STEP         FIRST   
  NO.   NAME      VALUE            ERROR          SIZE      DERIVATIVE 
   1  N0           3.17469e+06   1.00000e+02   0.00000e+00  -6.55797e-02
   2  tau          6.44005e+01   constant   
   3  A0           3.64944e-01   1.00000e-04   0.00000e+00   7.63094e+04
   4  phi          4.11953e+00   1.00000e-02   0.00000e+00   9.60905e+04
   5  R           -6.09192e+01   constant   
   6  alpha_CBO    0.00000e+00     fixed    
   7  w_CBO        2.32500e+00   constant   
   8  beta_CBO     0.00000e+00     fixed    
   9  alpha_2CBO   0.00000e+00     fixed    
  10  beta_2CBO    0.00000e+00     fixed    
  11  alpha_y      0.00000e+00     fixed    
  12  w_y          1.38860e+01   constant   
  13  beta_y       0.00000e+00     fixed    
  14  alpha_vw     0.00000e+00     fixed    
  15  w_vw         1.43404e+01   constant   
  16  beta_vw      0.00000e+00     fixed    
  17  LM          -6.12107e-05   constant   
  18  zeta_y       0.00000e+00   constant   
  19  zeta_vw      0.00000e+00   constant   
  20  T_CBO        1.00000e+02   1.00000e+00   0.00000e+00   0.00000e+00
  21  alpha_A0     0.00000e+00   1.00000e-03   0.00000e+00  -6.42846e+03
  22  beta_A0      0.00000e+00   1.00000e-03   0.00000e+00   3.41324e+04
  23  alpha_phi    0.00000e+00   1.00000e-03   0.00000e+00   2.19463e+04
  24  beta_phi     0.00000e+00   1.00000e-03   0.00000e+00   3.90952e+04
 MIGRAD MINIMIZATION HAS CONVERGED.
 FCN=4892.14 FROM MIGRAD    STATUS=CONVERGED     998 CALLS         999 TOTAL
                     EDM=9.59094e-07    STRATEGY= 1  ERROR MATRIX UNCERTAINTY   0.5 per cent
  EXT PARAMETER                                   STEP         FIRST   
  NO.   NAME      VALUE            ERROR          SIZE      DERIVATIVE 
   1  N0           3.17465e+06   2.32125e+02   2.20400e-01   1.60795e-06
   2  tau          6.44005e+01   constant   
   3  A0           3.64924e-01   9.21632e-05  -2.97258e-07  -1.88578e+00
   4  phi          4.11624e+00   2.62843e-04  -1.79021e-09  -1.77757e+00
   5  R           -6.09192e+01   constant   
   6  alpha_CBO    0.00000e+00     fixed    
   7  w_CBO        2.32500e+00   constant   
   8  beta_CBO     0.00000e+00     fixed    
   9  alpha_2CBO   0.00000e+00     fixed    
  10  beta_2CBO    0.00000e+00     fixed    
  11  alpha_y      0.00000e+00     fixed    
  12  w_y          1.38860e+01   constant   
  13  beta_y       0.00000e+00     fixed    
  14  alpha_vw     0.00000e+00     fixed    
  15  w_vw         1.43404e+01   constant   
  16  beta_vw      0.00000e+00     fixed    
  17  LM          -6.12107e-05   constant   
  18  zeta_y       0.00000e+00   constant   
  19  zeta_vw      0.00000e+00   constant   
  20  T_CBO        9.99999e+02   9.74751e+02   1.08905e-02  -2.52376e-04
  21  alpha_A0     1.91164e-03   4.07395e-04   6.79937e-07  -2.25309e+00
  22  beta_A0     -3.57031e-03   3.97008e-04  -1.42804e-06  -9.52366e-01
  23  alpha_phi   -2.06250e-03   3.62523e-04  -2.03505e-07  -1.38845e-01
  24  beta_phi    -5.96944e-03   4.20902e-04   1.17485e-07   3.00560e+00
 EXTERNAL ERROR MATRIX.    NDIM=  25    NPAR=  8    ERR DEF=1
  5.388e+04  1.830e-03  1.123e-02  7.532e+00 -1.345e-02  1.096e-02  1.473e-02  1.327e-02 
  1.830e-03  8.494e-09 -1.702e-09 -4.295e-06 -3.849e-10  2.113e-09  1.002e-09 -5.686e-09 
  1.123e-02 -1.702e-09  6.909e-08 -1.111e-06 -1.415e-08 -3.246e-09  3.901e-09  1.240e-08 
  7.532e+00 -4.295e-06 -1.111e-06  7.805e+00 -2.019e-05  6.117e-05  2.323e-05  7.840e-05 
 -1.345e-02 -3.849e-10 -1.415e-08 -2.019e-05  1.660e-07  7.321e-09 -1.536e-08 -2.189e-08 
  1.096e-02  2.113e-09 -3.246e-09  6.117e-05  7.321e-09  1.576e-07 -6.989e-09 -1.275e-08 
  1.473e-02  1.002e-09  3.901e-09  2.323e-05 -1.536e-08 -6.989e-09  1.314e-07 -2.574e-09 
  1.327e-02 -5.686e-09  1.240e-08  7.840e-05 -2.189e-08 -1.275e-08 -2.574e-09  1.772e-07 
 PARAMETER  CORRELATION COEFFICIENTS  
       NO.  GLOBAL      1      3      4     20     21     22     23     24
        1  0.33990   1.000  0.086  0.184  0.012 -0.142  0.119  0.175  0.136
        3  0.19978   0.086  1.000 -0.070 -0.017 -0.010  0.058  0.030 -0.147
        4  0.24145   0.184 -0.070  1.000 -0.002 -0.132 -0.031  0.041  0.112
       20  0.09602   0.012 -0.017 -0.002  1.000 -0.018  0.055  0.023  0.067
       21  0.22657  -0.142 -0.010 -0.132 -0.018  1.000  0.045 -0.104 -0.128
       22  0.19250   0.119  0.058 -0.031  0.055  0.045  1.000 -0.049 -0.076
       23  0.21267   0.175  0.030  0.041  0.023 -0.104 -0.049  1.000 -0.017
       24  0.26957   0.136 -0.147  0.112  0.067 -0.128 -0.076 -0.017  1.000
MINUIT - FIT ONLY 1-CBO + wiggle
 **********
 **   16 **RES 
 **********
                   PARAMETER   16  beta_vw RESTORED TO VARIABLE.
                   PARAMETER   14  alpha_vw RESTORED TO VARIABLE.
                   PARAMETER   13  beta_y RESTORED TO VARIABLE.
                   PARAMETER   11  alpha_y RESTORED TO VARIABLE.
                   PARAMETER   10  beta_2CBO RESTORED TO VARIABLE.
                   PARAMETER    9  alpha_2CBO RESTORED TO VARIABLE.
                   PARAMETER    8  beta_CBO RESTORED TO VARIABLE.
                   PARAMETER    6  alpha_CBO RESTORED TO VARIABLE.
 **********
 **   17 **FIX            8
 **********
 **********
 **   18 **FIX            9
 **********
 **********
 **   19 **FIX           11
 **********
 **********
 **   20 **FIX           12
 **********
 PARAMETER   12  IS CONSTANT.   IGNORED.
 **********
 **   21 **FIX           14
 **********
 **********
 **   22 **FIX           15
 **********
 PARAMETER   15  IS CONSTANT.   IGNORED.
 **********
 **   23 **FIX           16
 **********
 **********
 **   24 **MIGRAD
 **********
 START MIGRAD MINIMIZATION.  STRATEGY  1.  CONVERGENCE WHEN EDM .LT. 1.00e-04
 FCN=4892.14 FROM MIGRAD    STATUS=INITIATE       28 CALLS        1027 TOTAL
                     EDM= unknown      STRATEGY= 1      NO ERROR MATRIX       
  EXT PARAMETER               CURRENT GUESS       STEP         FIRST   
  NO.   NAME      VALUE            ERROR          SIZE      DERIVATIVE 
   1  N0           3.17465e+06   2.32125e+02   2.20400e-01   1.60795e-06
   2  tau          6.44005e+01   constant   
   3  A0           3.64924e-01   9.21632e-05  -2.97258e-07  -1.88579e+00
   4  phi          4.11624e+00   2.62843e-04  -1.79021e-09  -1.77757e+00
   5  R           -6.09192e+01   constant   
   6  alpha_CBO    0.00000e+00   1.00000e-03   1.00000e-03   6.73567e+05
   7  w_CBO        2.32500e+00   constant   
   8  beta_CBO     0.00000e+00     fixed    
   9  alpha_2CBO   0.00000e+00     fixed    
  10  beta_2CBO    0.00000e+00   1.00000e-03   1.00000e-03   6.98489e+04
  11  alpha_y      0.00000e+00     fixed    
  12  w_y          1.38860e+01   constant   
  13  beta_y       0.00000e+00   1.00000e-03   1.00000e-03  -1.57155e+05
  14  alpha_vw     0.00000e+00     fixed    
  15  w_vw         1.43404e+01   constant   
  16  beta_vw      0.00000e+00     fixed    
  17  LM          -6.12107e-05   constant   
  18  zeta_y       0.00000e+00   constant   
  19  zeta_vw      0.00000e+00   constant   
  20  T_CBO        9.99999e+02   9.74751e+02   1.08905e-02  -2.52704e-04
  21  alpha_A0     1.91164e-03   4.07395e-04   6.79937e-07  -2.25310e+00
  22  beta_A0     -3.57031e-03   3.97008e-04  -1.42804e-06  -9.52366e-01
  23  alpha_phi   -2.06250e-03   3.62523e-04  -2.03505e-07  -1.38846e-01
  24  beta_phi    -5.96944e-03   4.20902e-04   1.17485e-07   3.00560e+00
 MIGRAD MINIMIZATION HAS CONVERGED.
 FCN=3649.5 FROM MIGRAD    STATUS=CONVERGED     194 CALLS        1193 TOTAL
                     EDM=1.10745e-07    STRATEGY= 1  ERROR MATRIX UNCERTAINTY   3.8 per cent
  EXT PARAMETER                                   STEP         FIRST   
  NO.   NAME      VALUE            ERROR          SIZE      DERIVATIVE 
   1  N0           3.17429e+06   2.32637e+02   6.82772e-01  -8.89754e-07
   2  tau          6.44005e+01   constant   
   3  A0           3.64240e-01   9.66699e-05   7.58778e-08   6.98956e-01
   4  phi          4.11757e+00   2.64808e-04  -8.55960e-08  -9.68773e-01
   5  R           -6.09192e+01   constant   
   6  alpha_CBO   -3.48146e-03   1.01708e-04  -3.13411e-08  -3.33327e-01
   7  w_CBO        2.32500e+00   constant   
   8  beta_CBO     0.00000e+00     fixed    
   9  alpha_2CBO   0.00000e+00     fixed    
  10  beta_2CBO   -3.01643e-04   9.97442e-05  -1.37373e-07   1.75628e+00
  11  alpha_y      0.00000e+00     fixed    
  12  w_y          1.38860e+01   constant   
  13  beta_y       7.61142e-04   9.77859e-05  -1.77356e-07  -8.38045e-01
  14  alpha_vw     0.00000e+00     fixed    
  15  w_vw         1.43404e+01   constant   
  16  beta_vw      0.00000e+00     fixed    
  17  LM          -6.12107e-05   constant   
  18  zeta_y       0.00000e+00   constant   
  19  zeta_vw      0.00000e+00   constant   
  20  T_CBO        1.00000e+03   9.79586e+02   6.69129e-05** at limit **
  21  alpha_A0    -8.29121e-04   4.11124e-04  -9.85442e-07  -9.58928e-01
  22  beta_A0     -4.17689e-03   3.83798e-04   1.56652e-06  -2.52527e-01
  23  alpha_phi   -3.79410e-03   3.66105e-04  -3.88510e-08   9.24846e-01
  24  beta_phi    -5.04548e-03   4.26750e-04   2.54386e-07   1.59719e-01
 EXTERNAL ERROR MATRIX.    NDIM=  25    NPAR= 11    ERR DEF=1
  5.412e+04 
  1.822e-03  9.345e-09 
  1.087e-02 -2.571e-09  7.012e-08 
  1.114e-03  2.064e-09 -4.055e-09  1.034e-08 
 -6.830e-04 -2.917e-10  1.309e-09 -1.287e-10  9.949e-09 
 -3.221e-04 -4.030e-12  9.264e-11 -3.189e-11  2.708e-11  9.562e-09 
  1.463e-02  1.307e-09 -1.256e-09 -2.693e-10 -4.818e-09 -3.018e-09  4.270e-03 
 -1.452e-02  1.275e-09 -1.288e-08  7.770e-09  2.697e-09 -2.027e-10 -1.290e-08  1.690e-07 
  1.056e-02  2.953e-09 -3.260e-09  2.121e-09 -4.910e-09 -7.981e-10  2.198e-08  6.127e-10  1.473e-07 
  1.456e-02  7.523e-10  2.247e-09  5.016e-09  2.751e-09  5.014e-10 -7.053e-09 -4.868e-09 -4.241e-09  1.340e-07 
  1.413e-02 -7.655e-09  1.300e-08 -3.227e-09  5.709e-09  4.194e-10 -1.627e-09 -2.040e-08 -1.554e-08 -3.384e-09  1.821e-07 
 PARAMETER  CORRELATION COEFFICIENTS  
       NO.  GLOBAL      1      3      4      6     10     13     20     21     22     23     24
        1  0.35346   1.000  0.081  0.176  0.047 -0.029 -0.014  0.001 -0.152  0.118  0.171  0.142
        3  0.29961   0.081  1.000 -0.100  0.210 -0.030 -0.000  0.000  0.032  0.080  0.021 -0.186
        4  0.27187   0.176 -0.100  1.000 -0.151  0.050  0.004 -0.000 -0.118 -0.032  0.023  0.115
        6  0.33483   0.047  0.210 -0.151  1.000 -0.013 -0.003 -0.000  0.186  0.054  0.135 -0.074
       10  0.21870  -0.029 -0.030  0.050 -0.013  1.000  0.003 -0.001  0.066 -0.128  0.075  0.134
       13  0.03217  -0.014 -0.000  0.004 -0.003  0.003  1.000 -0.000 -0.005 -0.021  0.014  0.010
       20  0.00155   0.001  0.000 -0.000 -0.000 -0.001 -0.000  1.000 -0.000  0.001 -0.000 -0.000
       21  0.27936  -0.152  0.032 -0.118  0.186  0.066 -0.005 -0.000  1.000  0.004 -0.032 -0.116
       22  0.21460   0.118  0.080 -0.032  0.054 -0.128 -0.021  0.001  0.004  1.000 -0.030 -0.095
       23  0.24422   0.171  0.021  0.023  0.135  0.075  0.014 -0.000 -0.032 -0.030  1.000 -0.022
       24  0.31448   0.142 -0.186  0.115 -0.074  0.134  0.010 -0.000 -0.116 -0.095 -0.022  1.000
MINUIT - FIT ONLY 2-CBO
 **********
 **   25 **RES 
 **********
                   PARAMETER   16  beta_vw RESTORED TO VARIABLE.
                   PARAMETER   14  alpha_vw RESTORED TO VARIABLE.
                   PARAMETER   11  alpha_y RESTORED TO VARIABLE.
                   PARAMETER    9  alpha_2CBO RESTORED TO VARIABLE.
                   PARAMETER    8  beta_CBO RESTORED TO VARIABLE.
 **********
 **   26 **FIX            0
 **********
 PARAMETER    0  IS UNDEFINED. IGNORED.
 **********
 **   27 **FIX            1
 **********
 **********
 **   28 **FIX            2
 **********
 PARAMETER    2  IS CONSTANT.   IGNORED.
 **********
 **   29 **FIX            3
 **********
 **********
 **   30 **FIX            4
 **********
 **********
 **   31 **FIX            5
 **********
 PARAMETER    5  IS CONSTANT.   IGNORED.
 **********
 **   32 **FIX            6
 **********
 **********
 **   33 **FIX            7
 **********
 PARAMETER    7  IS CONSTANT.   IGNORED.
 **********
 **   34 **FIX           10
 **********
 **********
 **   35 **FIX           11
 **********
 **********
 **   36 **FIX           12
 **********
 PARAMETER   12  IS CONSTANT.   IGNORED.
 **********
 **   37 **FIX           13
 **********
 **********
 **   38 **FIX           14
 **********
 **********
 **   39 **FIX           15
 **********
 PARAMETER   15  IS CONSTANT.   IGNORED.
 **********
 **   40 **FIX           16
 **********
 **********
 **   41 **MIGRAD
 **********
 START MIGRAD MINIMIZATION.  STRATEGY  1.  CONVERGENCE WHEN EDM .LT. 1.00e-04
 FCN=3649.5 FROM MIGRAD    STATUS=INITIATE       18 CALLS        1211 TOTAL
                     EDM= unknown      STRATEGY= 1      NO ERROR MATRIX       
  EXT PARAMETER               CURRENT GUESS       STEP         FIRST   
  NO.   NAME      VALUE            ERROR          SIZE      DERIVATIVE 
   1  N0           3.17429e+06     fixed    
   2  tau          6.44005e+01   constant   
   3  A0           3.64240e-01     fixed    
   4  phi          4.11757e+00     fixed    
   5  R           -6.09192e+01   constant   
   6  alpha_CBO   -3.48146e-03     fixed    
   7  w_CBO        2.32500e+00   constant   
   8  beta_CBO     0.00000e+00   1.00000e-03   1.00000e-03  -1.14430e+06
   9  alpha_2CBO   0.00000e+00   1.00000e-03   1.00000e-03   2.50380e+03
  10  beta_2CBO   -3.01643e-04     fixed    
  11  alpha_y      0.00000e+00     fixed    
  12  w_y          1.38860e+01   constant   
  13  beta_y       7.61142e-04     fixed    
  14  alpha_vw     0.00000e+00     fixed    
  15  w_vw         1.43404e+01   constant   
  16  beta_vw      0.00000e+00     fixed    
  17  LM          -6.12107e-05   constant   
  18  zeta_y       0.00000e+00   constant   
  19  zeta_vw      0.00000e+00   constant   
  20  T_CBO        9.99999e+02   9.79586e+02   6.69129e-05  -1.99935e-04
  21  alpha_A0    -8.29121e-04   4.11124e-04  -9.85442e-07  -9.57900e-01
  22  beta_A0     -4.17689e-03   3.83798e-04   1.56652e-06  -2.48139e-01
  23  alpha_phi   -3.79410e-03   3.66105e-04  -3.88510e-08   9.29291e-01
  24  beta_phi    -5.04548e-03   4.26750e-04   2.54386e-07   1.64164e-01
 CALL LIMIT EXCEEDED IN MIGRAD.
 MIGRAD TERMINATED WITHOUT CONVERGENCE.
 FCN=412.875 FROM MIGRAD    STATUS=CALL LIMIT   1155 CALLS        2348 TOTAL
                     EDM=0.0755845    STRATEGY= 1  ERROR MATRIX UNCERTAINTY  52.5 per cent
  EXT PARAMETER                APPROXIMATE        STEP         FIRST   
  NO.   NAME      VALUE            ERROR          SIZE      DERIVATIVE 
   1  N0           3.17429e+06     fixed    
   2  tau          6.44005e+01   constant   
   3  A0           3.64240e-01     fixed    
   4  phi          4.11757e+00     fixed    
   5  R           -6.09192e+01   constant   
   6  alpha_CBO   -3.48146e-03     fixed    
   7  w_CBO        2.32500e+00   constant   
   8  beta_CBO     5.66481e-03   9.86122e-05   2.25778e-07  -1.52565e+02
   9  alpha_2CBO   4.50947e-05   9.32087e-05  -5.08565e-07   5.27915e+02
  10  beta_2CBO   -3.01643e-04     fixed    
  11  alpha_y      0.00000e+00     fixed    
  12  w_y          1.38860e+01   constant   
  13  beta_y       7.61142e-04     fixed    
  14  alpha_vw     0.00000e+00     fixed    
  15  w_vw         1.43404e+01   constant   
  16  beta_vw      0.00000e+00     fixed    
  17  LM          -6.12107e-05   constant   
  18  zeta_y       0.00000e+00   constant   
  19  zeta_vw      0.00000e+00   constant   
  20  T_CBO        2.61205e+01   7.55470e+00  -8.51793e-04   1.08112e-01
  21  alpha_A0     3.31174e-03   5.62942e-03   9.24486e-05  -2.32770e+01
  22  beta_A0     -1.08499e-02   8.09202e-03  -1.37564e-04   3.40805e+01
  23  alpha_phi   -4.83804e-02   3.22982e-02  -5.64846e-04  -2.32414e+00
  24  beta_phi    -4.84925e-02   3.52825e-02  -6.15180e-04  -2.33934e+00
 EXTERNAL ERROR MATRIX.    NDIM=  25    NPAR=  7    ERR DEF=1
  9.724e-09  6.455e-10 -7.561e-05  5.920e-08 -7.758e-08 -3.273e-07 -3.572e-07 
  6.455e-10  8.688e-09  1.358e-04 -1.285e-07  1.723e-07  6.436e-07  7.039e-07 
 -7.561e-05  1.358e-04  5.712e+01 -4.067e-02  5.989e-02  2.437e-01  2.660e-01 
  5.920e-08 -1.285e-07 -4.067e-02  3.169e-05 -4.520e-05 -1.749e-04 -1.922e-04 
 -7.758e-08  1.723e-07  5.989e-02 -4.520e-05  6.548e-05  2.570e-04  2.817e-04 
 -3.273e-07  6.436e-07  2.437e-01 -1.749e-04  2.570e-04  1.043e-03  1.139e-03 
 -3.572e-07  7.039e-07  2.660e-01 -1.922e-04  2.817e-04  1.139e-03  1.245e-03 
ERR MATRIX APPROXIMATE
 PARAMETER  CORRELATION COEFFICIENTS  
       NO.  GLOBAL      8      9     20     21     22     23     24
        8  0.20366   1.000  0.070 -0.101  0.107 -0.097 -0.103 -0.103
        9  0.45090   0.070  1.000  0.193 -0.245  0.228  0.214  0.214
       20  0.99868  -0.101  0.193  1.000 -0.956  0.979  0.998  0.998
       21  0.99558   0.107 -0.245 -0.956  1.000 -0.992 -0.962 -0.968
       22  0.99784  -0.097  0.228  0.979 -0.992  1.000  0.983  0.987
       23  0.99986  -0.103  0.214  0.998 -0.962  0.983  1.000  1.000
       24  0.99987  -0.103  0.214  0.998 -0.968  0.987  1.000  1.000
 ERR MATRIX APPROXIMATE
MINUIT - FIT wiggle + 1-CBO + 2-CBO
 **********
 **   42 **RES 
 **********
                   PARAMETER   16  beta_vw RESTORED TO VARIABLE.
                   PARAMETER   14  alpha_vw RESTORED TO VARIABLE.
                   PARAMETER   13  beta_y RESTORED TO VARIABLE.
                   PARAMETER   11  alpha_y RESTORED TO VARIABLE.
                   PARAMETER   10  beta_2CBO RESTORED TO VARIABLE.
                   PARAMETER    6  alpha_CBO RESTORED TO VARIABLE.
                   PARAMETER    4  phi RESTORED TO VARIABLE.
                   PARAMETER    3  A0 RESTORED TO VARIABLE.
                   PARAMETER    1  N0 RESTORED TO VARIABLE.
 **********
 **   43 **FIX           10
 **********
 **********
 **   44 **FIX           11
 **********
 **********
 **   45 **FIX           12
 **********
 PARAMETER   12  IS CONSTANT.   IGNORED.
 **********
 **   46 **FIX           13
 **********
 **********
 **   47 **FIX           14
 **********
 **********
 **   48 **FIX           15
 **********
 PARAMETER   15  IS CONSTANT.   IGNORED.
 **********
 **   49 **FIX           16
 **********
 **********
 **   50 **MIGRAD
 **********
 START MIGRAD MINIMIZATION.  STRATEGY  1.  CONVERGENCE WHEN EDM .LT. 1.00e-04
 FCN=412.875 FROM MIGRAD    STATUS=INITIATE       22 CALLS        2370 TOTAL
                     EDM= unknown      STRATEGY= 1      NO ERROR MATRIX       
  EXT PARAMETER               CURRENT GUESS       STEP         FIRST   
  NO.   NAME      VALUE            ERROR          SIZE      DERIVATIVE 
   1  N0           3.17429e+06   2.32637e+02   2.32637e+02   1.05118e-02
   2  tau          6.44005e+01   constant   
   3  A0           3.64240e-01   9.66699e-05   9.66699e-05  -1.77964e+05
   4  phi          4.11757e+00   2.64808e-04   2.64808e-04  -6.05413e+04
   5  R           -6.09192e+01   constant   
   6  alpha_CBO   -3.48146e-03   1.01708e-04   1.01708e-04   2.39224e+04
   7  w_CBO        2.32500e+00   constant   
   8  beta_CBO     5.66481e-03   9.86122e-05   2.25778e-07  -1.52565e+02
   9  alpha_2CBO   4.50947e-05   9.32087e-05  -5.08565e-07   5.27915e+02
  10  beta_2CBO   -3.01643e-04     fixed    
  11  alpha_y      0.00000e+00     fixed    
  12  w_y          1.38860e+01   constant   
  13  beta_y       7.61142e-04     fixed    
  14  alpha_vw     0.00000e+00     fixed    
  15  w_vw         1.43404e+01   constant   
  16  beta_vw      0.00000e+00     fixed    
  17  LM          -6.12107e-05   constant   
  18  zeta_y       0.00000e+00   constant   
  19  zeta_vw      0.00000e+00   constant   
  20  T_CBO        2.61205e+01   7.55470e+00  -8.51793e-04   1.08104e-01
  21  alpha_A0     3.31174e-03   5.62942e-03   9.24486e-05  -2.32770e+01
  22  beta_A0     -1.08499e-02   8.09202e-03  -1.37564e-04   3.40805e+01
  23  alpha_phi   -4.83804e-02   3.22982e-02  -5.64846e-04  -2.32414e+00
  24  beta_phi    -4.84925e-02   3.52825e-02  -6.15180e-04  -2.33934e+00
 MIGRAD MINIMIZATION HAS CONVERGED.
 FCN=287.899 FROM MIGRAD    STATUS=CONVERGED    1401 CALLS        3749 TOTAL
                     EDM=4.3401e-06    STRATEGY= 1  ERROR MATRIX UNCERTAINTY   3.3 per cent
  EXT PARAMETER                                   STEP         FIRST   
  NO.   NAME      VALUE            ERROR          SIZE      DERIVATIVE 
   1  N0           3.17454e+06   2.28975e+02   3.13083e-01   5.02641e-06
   2  tau          6.44005e+01   constant   
   3  A0           3.64982e-01   9.72016e-05   9.72311e-08   3.40424e+00
   4  phi          4.11951e+00   2.63241e-04  -1.66301e-07  -3.92506e+00
   5  R           -6.09192e+01   constant   
   6  alpha_CBO   -3.56736e-03   9.90593e-05   6.90272e-08  -1.23563e+01
   7  w_CBO        2.32500e+00   constant   
   8  beta_CBO     5.87803e-03   9.91833e-05  -2.19518e-08  -3.94060e+00
   9  alpha_2CBO   1.15596e-04   9.48220e-05   5.27320e-08   7.03764e-01
  10  beta_2CBO   -3.01643e-04     fixed    
  11  alpha_y      0.00000e+00     fixed    
  12  w_y          1.38860e+01   constant   
  13  beta_y       7.61142e-04     fixed    
  14  alpha_vw     0.00000e+00     fixed    
  15  w_vw         1.43404e+01   constant   
  16  beta_vw      0.00000e+00     fixed    
  17  LM          -6.12107e-05   constant   
  18  zeta_y       0.00000e+00   constant   
  19  zeta_vw      0.00000e+00   constant   
  20  T_CBO        6.89966e+01   1.02628e+02   7.84210e-04  -1.11924e-01
  21  alpha_A0    -1.06044e-03   1.75850e-03   2.95886e-06   2.04726e+00
  22  beta_A0     -2.03334e-03   3.14712e-03   4.39711e-06  -8.07497e-02
  23  alpha_phi   -9.92001e-03   1.49740e-02   2.87170e-05   2.44496e+00
  24  beta_phi    -9.99969e-03   1.52987e-02   2.54073e-05   3.62977e-01
 EXTERNAL ERROR MATRIX.    NDIM=  25    NPAR= 11    ERR DEF=1
  5.243e+04 
  2.829e-03  9.448e-09 
  9.156e-03 -2.291e-09  6.930e-08 
  1.206e-03  1.857e-09 -3.699e-09  9.813e-09 
  9.406e-05  1.106e-09  3.649e-09  1.665e-11  9.837e-09 
 -8.831e-05  8.048e-10  1.606e-10  1.603e-10  7.571e-10  8.991e-09 
  4.676e+03  2.590e-03 -5.019e-03  3.857e-04 -7.446e-04  4.141e-04  1.116e+04 
  6.941e-03  3.502e-08 -1.045e-07  2.585e-08 -7.122e-09 -3.118e-09  1.420e-01  3.092e-06 
  1.567e-01  8.493e-08 -1.568e-07  1.775e-08 -6.475e-09  3.875e-09  3.140e-01  4.101e-06  9.904e-06 
  6.806e-01  3.698e-07 -7.012e-07  6.605e-08 -1.046e-07  6.944e-08  1.579e+00  1.999e-05  4.444e-05  2.242e-04 
  7.092e-01  3.533e-07 -6.846e-07  4.637e-08 -1.040e-07  4.818e-08  1.612e+00  2.034e-05  4.524e-05  2.281e-04  2.340e-04 
 PARAMETER  CORRELATION COEFFICIENTS  
       NO.  GLOBAL      1      3      4      6      8      9     20     21     22     23     24
        1  0.39129   1.000  0.127  0.152  0.053  0.004 -0.004  0.193  0.017  0.217  0.199  0.202
        3  0.40506   0.127  1.000 -0.090  0.193  0.115  0.087  0.252  0.205  0.278  0.254  0.238
        4  0.35405   0.152 -0.090  1.000 -0.142  0.140  0.006 -0.180 -0.226 -0.189 -0.178 -0.170
        6  0.33174   0.053  0.193 -0.142  1.000  0.002  0.017  0.037  0.148  0.057  0.045  0.031
        8  0.27086   0.004  0.115  0.140  0.002  1.000  0.081 -0.071 -0.041 -0.021 -0.070 -0.069
        9  0.24304  -0.004  0.087  0.006  0.017  0.081  1.000  0.041 -0.019  0.013  0.049  0.033
       20  0.99900   0.193  0.252 -0.180  0.037 -0.071  0.041  1.000  0.764  0.944  0.998  0.997
       21  0.79548   0.017  0.205 -0.226  0.148 -0.041 -0.019  0.764  1.000  0.741  0.759  0.756
       22  0.94871   0.217  0.278 -0.189  0.057 -0.021  0.013  0.944  0.741  1.000  0.943  0.940
       23  0.99833   0.199  0.254 -0.178  0.045 -0.070  0.049  0.998  0.759  0.943  1.000  0.996
       24  0.99761   0.202  0.238 -0.170  0.031 -0.069  0.033  0.997  0.756  0.940  0.996  1.000
MINUIT - FIT ONLY 1-y
 **********
 **   51 **RES 
 **********
                   PARAMETER   16  beta_vw RESTORED TO VARIABLE.
                   PARAMETER   14  alpha_vw RESTORED TO VARIABLE.
                   PARAMETER   13  beta_y RESTORED TO VARIABLE.
                   PARAMETER   11  alpha_y RESTORED TO VARIABLE.
                   PARAMETER   10  beta_2CBO RESTORED TO VARIABLE.
 **********
 **   52 **FIX            0
 **********
 PARAMETER    0  IS UNDEFINED. IGNORED.
 **********
 **   53 **FIX            1
 **********
 **********
 **   54 **FIX            2
 **********
 PARAMETER    2  IS CONSTANT.   IGNORED.
 **********
 **   55 **FIX            3
 **********
 **********
 **   56 **FIX            4
 **********
 **********
 **   57 **FIX            5
 **********
 PARAMETER    5  IS CONSTANT.   IGNORED.
 **********
 **   58 **FIX            6
 **********
 **********
 **   59 **FIX            7
 **********
 PARAMETER    7  IS CONSTANT.   IGNORED.
 **********
 **   60 **FIX            8
 **********
 **********
 **   61 **FIX            9
 **********
 **********
 **   62 **FIX           13
 **********
 **********
 **   63 **FIX           14
 **********
 **********
 **   64 **FIX           15
 **********
 PARAMETER   15  IS CONSTANT.   IGNORED.
 **********
 **   65 **FIX           16
 **********
 **********
 **   66 **MIGRAD
 **********
 START MIGRAD MINIMIZATION.  STRATEGY  1.  CONVERGENCE WHEN EDM .LT. 1.00e-04
 FCN=287.899 FROM MIGRAD    STATUS=INITIATE       16 CALLS        3765 TOTAL
                     EDM= unknown      STRATEGY= 1      NO ERROR MATRIX       
  EXT PARAMETER               CURRENT GUESS       STEP         FIRST   
  NO.   NAME      VALUE            ERROR          SIZE      DERIVATIVE 
   1  N0           3.17454e+06     fixed    
   2  tau          6.44005e+01   constant   
   3  A0           3.64982e-01     fixed    
   4  phi          4.11951e+00     fixed    
   5  R           -6.09192e+01   constant   
   6  alpha_CBO   -3.56736e-03     fixed    
   7  w_CBO        2.32500e+00   constant   
   8  beta_CBO     5.87803e-03     fixed    
   9  alpha_2CBO   1.15596e-04     fixed    
  10  beta_2CBO   -3.01643e-04   9.97442e-05   9.97442e-05  -7.39011e+04
  11  alpha_y      0.00000e+00   1.00000e-03   1.00000e-03   2.05822e+04
  12  w_y          1.38860e+01   constant   
  13  beta_y       7.61142e-04     fixed    
  14  alpha_vw     0.00000e+00     fixed    
  15  w_vw         1.43404e+01   constant   
  16  beta_vw      0.00000e+00     fixed    
  17  LM          -6.12107e-05   constant   
  18  zeta_y       0.00000e+00   constant   
  19  zeta_vw      0.00000e+00   constant   
  20  T_CBO        6.89966e+01   1.02628e+02   7.84210e-04  -1.11925e-01
  21  alpha_A0    -1.06044e-03   1.75850e-03   2.95886e-06   2.04726e+00
  22  beta_A0     -2.03334e-03   3.14712e-03   4.39711e-06  -8.07315e-02
  23  alpha_phi   -9.92001e-03   1.49740e-02   2.87170e-05   2.44496e+00
  24  beta_phi    -9.99969e-03   1.52987e-02   2.54073e-05   3.62977e-01
 MIGRAD MINIMIZATION HAS CONVERGED.
 MIGRAD WILL VERIFY CONVERGENCE AND ERROR MATRIX.
 COVARIANCE MATRIX CALCULATED SUCCESSFULLY
 FCN=273.621 FROM HESSE     STATUS=OK             50 CALLS        3876 TOTAL
                     EDM=0.000504306    STRATEGY= 1      ERROR MATRIX ACCURATE 
  EXT PARAMETER                                   STEP         FIRST   
  NO.   NAME      VALUE            ERROR          SIZE      DERIVATIVE 
   1  N0           3.17454e+06     fixed    
   2  tau          6.44005e+01   constant   
   3  A0           3.64982e-01     fixed    
   4  phi          4.11951e+00     fixed    
   5  R           -6.09192e+01   constant   
   6  alpha_CBO   -3.56736e-03     fixed    
   7  w_CBO        2.32500e+00   constant   
   8  beta_CBO     5.87803e-03     fixed    
   9  alpha_2CBO   1.15596e-04     fixed    
  10  beta_2CBO    5.93801e-05   9.90078e-05   7.83903e-07   7.22847e-02
  11  alpha_y     -9.12158e-05   9.62219e-05   7.78114e-07   5.54890e-01
  12  w_y          1.38860e+01   constant   
  13  beta_y       7.61142e-04     fixed    
  14  alpha_vw     0.00000e+00     fixed    
  15  w_vw         1.43404e+01   constant   
  16  beta_vw      0.00000e+00     fixed    
  17  LM          -6.12107e-05   constant   
  18  zeta_y       0.00000e+00   constant   
  19  zeta_vw      0.00000e+00   constant   
  20  T_CBO        6.78642e+01   8.37103e+01   1.41577e-04  -6.81508e-02
  21  alpha_A0    -7.89861e-04   1.23170e-03   7.92836e-06   8.10141e-01
  22  beta_A0     -2.45183e-03   3.08091e-03   7.53231e-06   6.10436e-01
  23  alpha_phi   -9.78764e-03   1.20578e-02   7.04201e-06  -1.38226e+00
  24  beta_phi    -9.68291e-03   1.22613e-02   8.20101e-06  -6.15340e-01
 MIGRAD MINIMIZATION HAS CONVERGED.
 MIGRAD WILL VERIFY CONVERGENCE AND ERROR MATRIX.
 COVARIANCE MATRIX CALCULATED SUCCESSFULLY
 FCN=273.621 FROM MIGRAD    STATUS=CONVERGED     230 CALLS        3979 TOTAL
                     EDM=3.62208e-07    STRATEGY= 1      ERROR MATRIX ACCURATE 
  EXT PARAMETER                                   STEP         FIRST   
  NO.   NAME      VALUE            ERROR          SIZE      DERIVATIVE 
   1  N0           3.17454e+06     fixed    
   2  tau          6.44005e+01   constant   
   3  A0           3.64982e-01     fixed    
   4  phi          4.11951e+00     fixed    
   5  R           -6.09192e+01   constant   
   6  alpha_CBO   -3.56736e-03     fixed    
   7  w_CBO        2.32500e+00   constant   
   8  beta_CBO     5.87803e-03     fixed    
   9  alpha_2CBO   1.15596e-04     fixed    
  10  beta_2CBO    5.94135e-05   9.90092e-05   7.83902e-07  -4.08468e-03
  11  alpha_y     -9.12008e-05   9.62218e-05   7.78113e-07  -4.88928e-01
  12  w_y          1.38860e+01   constant   
  13  beta_y       7.61142e-04     fixed    
  14  alpha_vw     0.00000e+00     fixed    
  15  w_vw         1.43404e+01   constant   
  16  beta_vw      0.00000e+00     fixed    
  17  LM          -6.12107e-05   constant   
  18  zeta_y       0.00000e+00   constant   
  19  zeta_vw      0.00000e+00   constant   
  20  T_CBO        7.07821e+01   9.03887e+01   1.50714e-04  -6.38028e-03
  21  alpha_A0    -7.66428e-04   1.18721e-03   7.62423e-06  -3.92456e-01
  22  beta_A0     -2.35778e-03   2.95021e-03   7.24441e-06  -4.40598e-01
  23  alpha_phi   -9.40043e-03   1.15250e-02   6.77413e-06   3.67341e-01
  24  beta_phi    -9.29006e-03   1.17077e-02   7.88457e-06  -8.20094e-02
 EXTERNAL ERROR MATRIX.    NDIM=  25    NPAR=  7    ERR DEF=1
  9.803e-09  1.104e-10  5.821e-05  7.958e-09 -8.234e-09  1.537e-08  1.927e-08 
  1.104e-10  9.259e-09  5.384e-05  7.515e-10  1.854e-09  8.416e-09  4.484e-09 
  5.821e-05  5.384e-05  8.533e+03  6.585e-02  2.594e-01  1.062e+00  1.078e+00 
  7.958e-09  7.515e-10  6.585e-02  1.409e-06  1.994e-06  8.150e-06  8.251e-06 
 -8.234e-09  1.854e-09  2.594e-01  1.994e-06  8.704e-06  3.222e-05  3.269e-05 
  1.537e-08  8.416e-09  1.062e+00  8.150e-06  3.222e-05  1.328e-04  1.341e-04 
  1.927e-08  4.484e-09  1.078e+00  8.251e-06  3.269e-05  1.341e-04  1.371e-04 
 PARAMETER  CORRELATION COEFFICIENTS  
       NO.  GLOBAL     10     11     20     21     22     23     24
       10  0.20637   1.000  0.012  0.006  0.068 -0.028  0.013  0.017
       11  0.03508   0.012  1.000  0.006  0.007  0.007  0.008  0.004
       20  0.99866   0.006  0.006  1.000  0.600  0.952  0.997  0.996
       21  0.60964   0.068  0.007  0.600  1.000  0.569  0.596  0.594
       22  0.95296  -0.028  0.007  0.952  0.569  1.000  0.948  0.946
       23  0.99736   0.013  0.008  0.997  0.596  0.948  1.000  0.994
       24  0.99654   0.017  0.004  0.996  0.594  0.946  0.994  1.000
MINUIT - FIT ONLY 2-y
 **********
 **   67 **RES 
 **********
                   PARAMETER   16  beta_vw RESTORED TO VARIABLE.
                   PARAMETER   14  alpha_vw RESTORED TO VARIABLE.
                   PARAMETER   13  beta_y RESTORED TO VARIABLE.
                   PARAMETER    9  alpha_2CBO RESTORED TO VARIABLE.
                   PARAMETER    8  beta_CBO RESTORED TO VARIABLE.
                   PARAMETER    6  alpha_CBO RESTORED TO VARIABLE.
                   PARAMETER    4  phi RESTORED TO VARIABLE.
                   PARAMETER    3  A0 RESTORED TO VARIABLE.
                   PARAMETER    1  N0 RESTORED TO VARIABLE.
 **********
 **   68 **FIX            0
 **********
 PARAMETER    0  IS UNDEFINED. IGNORED.
 **********
 **   69 **FIX            1
 **********
 **********
 **   70 **FIX            2
 **********
 PARAMETER    2  IS CONSTANT.   IGNORED.
 **********
 **   71 **FIX            3
 **********
 **********
 **   72 **FIX            4
 **********
 **********
 **   73 **FIX            5
 **********
 PARAMETER    5  IS CONSTANT.   IGNORED.
 **********
 **   74 **FIX            6
 **********
 **********
 **   75 **FIX            7
 **********
 PARAMETER    7  IS CONSTANT.   IGNORED.
 **********
 **   76 **FIX            8
 **********
 **********
 **   77 **FIX            9
 **********
 **********
 **   78 **FIX           10
 **********
 **********
 **   79 **FIX           11
 **********
 **********
 **   80 **FIX           12
 **********
 PARAMETER   12  IS CONSTANT.   IGNORED.
 **********
 **   81 **FIX           16
 **********
 **********
 **   82 **MIGRAD
 **********
 START MIGRAD MINIMIZATION.  STRATEGY  1.  CONVERGENCE WHEN EDM .LT. 1.00e-04
 FCN=273.621 FROM MIGRAD    STATUS=INITIATE       16 CALLS        3995 TOTAL
                     EDM= unknown      STRATEGY= 1      NO ERROR MATRIX       
  EXT PARAMETER               CURRENT GUESS       STEP         FIRST   
  NO.   NAME      VALUE            ERROR          SIZE      DERIVATIVE 
   1  N0           3.17454e+06     fixed    
   2  tau          6.44005e+01   constant   
   3  A0           3.64982e-01     fixed    
   4  phi          4.11951e+00     fixed    
   5  R           -6.09192e+01   constant   
   6  alpha_CBO   -3.56736e-03     fixed    
   7  w_CBO        2.32500e+00   constant   
   8  beta_CBO     5.87803e-03     fixed    
   9  alpha_2CBO   1.15596e-04     fixed    
  10  beta_2CBO    5.94135e-05     fixed    
  11  alpha_y     -9.12008e-05     fixed    
  12  w_y          1.38860e+01   constant   
  13  beta_y       7.61142e-04   9.77859e-05   9.77859e-05  -2.32147e+04
  14  alpha_vw     0.00000e+00   1.00000e-03   1.00000e-03  -3.01784e+05
  15  w_vw         1.43404e+01   constant   
  16  beta_vw      0.00000e+00     fixed    
  17  LM          -6.12107e-05   constant   
  18  zeta_y       0.00000e+00   constant   
  19  zeta_vw      0.00000e+00   constant   
  20  T_CBO        7.07821e+01   9.03887e+01   1.50714e-04  -6.51490e-03
  21  alpha_A0    -7.66428e-04   1.18721e-03   7.62423e-06  -3.92477e-01
  22  beta_A0     -2.35778e-03   2.95021e-03   7.24441e-06  -4.40576e-01
  23  alpha_phi   -9.40043e-03   1.15250e-02   6.77413e-06   3.67342e-01
  24  beta_phi    -9.29006e-03   1.17077e-02   7.88457e-06  -8.20075e-02
 MIGRAD MINIMIZATION HAS CONVERGED.
 MIGRAD WILL VERIFY CONVERGENCE AND ERROR MATRIX.
 COVARIANCE MATRIX CALCULATED SUCCESSFULLY
 FCN=47.3827 FROM MIGRAD    STATUS=CONVERGED     352 CALLS        4331 TOTAL
                     EDM=9.2403e-06    STRATEGY= 1      ERROR MATRIX ACCURATE 
  EXT PARAMETER                                   STEP         FIRST   
  NO.   NAME      VALUE            ERROR          SIZE      DERIVATIVE 
   1  N0           3.17454e+06     fixed    
   2  tau          6.44005e+01   constant   
   3  A0           3.64982e-01     fixed    
   4  phi          4.11951e+00     fixed    
   5  R           -6.09192e+01   constant   
   6  alpha_CBO   -3.56736e-03     fixed    
   7  w_CBO        2.32500e+00   constant   
   8  beta_CBO     5.87803e-03     fixed    
   9  alpha_2CBO   1.15596e-04     fixed    
  10  beta_2CBO    5.94135e-05     fixed    
  11  alpha_y     -9.12008e-05     fixed    
  12  w_y          1.38860e+01   constant   
  13  beta_y       4.07408e-04   1.02462e-04   3.31641e-07  -3.07788e-01
  14  alpha_vw     1.52655e-03   1.01777e-04   3.29368e-07   4.29614e+00
  15  w_vw         1.43404e+01   constant   
  16  beta_vw      0.00000e+00     fixed    
  17  LM          -6.12107e-05   constant   
  18  zeta_y       0.00000e+00   constant   
  19  zeta_vw      0.00000e+00   constant   
