 + ++++++++++++++++++++++++++++++++++++++++++++++++++++++++++++++++++++ +
 +                                                                      +
 +           You have chose to blind your fitting according to          +
 +                omega_ref * (1 + (R +/- deltaR) *10^{-6})             +
 +                                                                      +
 + ++++++++++++++++++++++++++++++++++++++++++++++++++++++++++++++++++++ +
In main()...
reading format from /gm2data/zkhechad/run45/envelope/formats/formatB_sBin_constraintOn.txt
pBinTau 	= 0  
pBinPhi 	= 0  
constraintau 	= 1 
includeMopTerm 	= 0    
constrainMop    = 0   
Parameters after format file: pBinTau 0 pBinPhi 0 constraintau 1 includeMopTerm 0 constrainMop 0 c_e_scale 0.000000 
Opening file /gm2data/tbarrett/gm2fr/studies/run23_bunch_corrections/CorrectedFourier_Run3b.root.
reading full fit data from /gm2data/zkhechad/cboTemplates/Run4CBOTemplates/fullFits/noRF/sBin_constraintOn_cE0.0_seed0_noRF_calo6.root
windowBins = 69
fitting sliding window 1470 from bin 1606 at 239.466000 to bin 1675 at 249.910000 (69 bins)

Reading data from /gm2data/cornell/histograms/aMethod/histogram_a_noRF.root
 **********
 **    1 **SET PRINTOUT            1
 **********
 **********
 **    2 **SET NOWARNINGS 
 **********
 PARAMETER DEFINITIONS:
    NO.   NAME         VALUE      STEP SIZE      LIMITS
     1 N0           2.91036e+06  1.00000e+02     no limits
     2 tau          6.44099e+01  constant
     3 A0           3.53688e-01  1.00000e-04     no limits
     4 phi          4.11540e+00  1.00000e-02     no limits
     5 R           -6.16610e+01  constant
     6 alpha_CBO    0.00000e+00  1.00000e-03     no limits
     7 w_CBO        2.32500e+00  constant
     8 beta_CBO     0.00000e+00  1.00000e-03     no limits
     9 alpha_2CBO   0.00000e+00  1.00000e-03     no limits
    10 beta_2CBO    0.00000e+00  1.00000e-03     no limits
    11 alpha_y      0.00000e+00  1.00000e-03     no limits
    12 w_y          1.38860e+01  constant
    13 beta_y       0.00000e+00  1.00000e-03     no limits
    14 alpha_vw     0.00000e+00  1.00000e-03     no limits
    15 w_vw         1.43404e+01  constant
    16 beta_vw      0.00000e+00  1.00000e-03     no limits
    17 LM           1.71412e-04  constant
    18 zeta_y       0.00000e+00  constant
    19 zeta_vw      0.00000e+00  constant
    20 T_CBO        1.00000e+02  1.00000e+00    0.00000e+00  1.00000e+03
    21 alpha_A0     0.00000e+00  1.00000e-03     no limits
    22 beta_A0      0.00000e+00  1.00000e-03     no limits
    23 alpha_phi    0.00000e+00  1.00000e-03     no limits
    24 beta_phi     0.00000e+00  1.00000e-03     no limits
MINUIT - FIT ONLY WIGGLE
 **********
 **    3 **FIX            5
 **********
 PARAMETER    5  IS CONSTANT.   IGNORED.
 **********
 **    4 **FIX            6
 **********
 **********
 **    5 **FIX            7
 **********
 PARAMETER    7  IS CONSTANT.   IGNORED.
 **********
 **    6 **FIX            8
 **********
 **********
 **    7 **FIX            9
 **********
 **********
 **    8 **FIX           10
 **********
 **********
 **    9 **FIX           11
 **********
 **********
 **   10 **FIX           12
 **********
 PARAMETER   12  IS CONSTANT.   IGNORED.
 **********
 **   11 **FIX           13
 **********
 **********
 **   12 **FIX           14
 **********
 **********
 **   13 **FIX           15
 **********
 PARAMETER   15  IS CONSTANT.   IGNORED.
 **********
 **   14 **FIX           16
 **********
 **********
 **   15 **MIGRAD
 **********
 FIRST CALL TO USER FUNCTION AT NEW START POINT, WITH IFLAG=4.
 START MIGRAD MINIMIZATION.  STRATEGY  1.  CONVERGENCE WHEN EDM .LT. 1.00e-04
 FCN=114.186 FROM MIGRAD    STATUS=INITIATE      437 CALLS         438 TOTAL
                     EDM= unknown      STRATEGY= 1      NO ERROR MATRIX       
  EXT PARAMETER               CURRENT GUESS       STEP         FIRST   
  NO.   NAME      VALUE            ERROR          SIZE      DERIVATIVE 
   1  N0           2.91036e+06   1.00000e+02   0.00000e+00  -5.46798e-03
   2  tau          6.44099e+01   constant   
   3  A0           3.53688e-01   1.00000e-04   0.00000e+00  -1.15924e+04
   4  phi          4.11540e+00   1.00000e-02   0.00000e+00  -1.08576e+03
   5  R           -6.16610e+01   constant   
   6  alpha_CBO    0.00000e+00     fixed    
   7  w_CBO        2.32500e+00   constant   
   8  beta_CBO     0.00000e+00     fixed    
   9  alpha_2CBO   0.00000e+00     fixed    
  10  beta_2CBO    0.00000e+00     fixed    
  11  alpha_y      0.00000e+00     fixed    
  12  w_y          1.38860e+01   constant   
  13  beta_y       0.00000e+00     fixed    
  14  alpha_vw     0.00000e+00     fixed    
  15  w_vw         1.43404e+01   constant   
  16  beta_vw      0.00000e+00     fixed    
  17  LM           1.71412e-04   constant   
  18  zeta_y       0.00000e+00   constant   
  19  zeta_vw      0.00000e+00   constant   
  20  T_CBO        1.00000e+02   1.00000e+00   0.00000e+00   0.00000e+00
  21  alpha_A0     0.00000e+00   1.00000e-03   0.00000e+00  -4.86530e+01
  22  beta_A0      0.00000e+00   1.00000e-03   0.00000e+00   2.85670e+02
  23  alpha_phi    0.00000e+00   1.00000e-03   0.00000e+00   7.55542e+00
  24  beta_phi     0.00000e+00   1.00000e-03   0.00000e+00   5.09599e+01
 MIGRAD MINIMIZATION HAS CONVERGED.
 FCN=97.2617 FROM MIGRAD    STATUS=CONVERGED     566 CALLS         567 TOTAL
                     EDM=1.14924e-06    STRATEGY= 1  ERROR MATRIX UNCERTAINTY   5.2 per cent
  EXT PARAMETER                                   STEP         FIRST   
  NO.   NAME      VALUE            ERROR          SIZE      DERIVATIVE 
   1  N0           2.91224e+06   8.44346e+02   2.19593e+00  -5.05664e-07
   2  tau          6.44099e+01   constant   
   3  A0           3.54659e-01   3.64974e-04  -6.04166e-07  -1.73709e+00
   4  phi          4.11615e+00   1.04904e-03   1.55758e-06   1.44419e+00
   5  R           -6.16610e+01   constant   
   6  alpha_CBO    0.00000e+00     fixed    
   7  w_CBO        2.32500e+00   constant   
   8  beta_CBO     0.00000e+00     fixed    
   9  alpha_2CBO   0.00000e+00     fixed    
  10  beta_2CBO    0.00000e+00     fixed    
  11  alpha_y      0.00000e+00     fixed    
  12  w_y          1.38860e+01   constant   
  13  beta_y       0.00000e+00     fixed    
  14  alpha_vw     0.00000e+00     fixed    
  15  w_vw         1.43404e+01   constant   
  16  beta_vw      0.00000e+00     fixed    
  17  LM           1.71412e-04   constant   
  18  zeta_y       0.00000e+00   constant   
  19  zeta_vw      0.00000e+00   constant   
  20  T_CBO        9.32759e+01   2.11437e+01  -1.00191e-04   2.05797e-03
  21  alpha_A0    -6.35600e-03   2.13770e-02  -5.01212e-05  -7.24564e-03
  22  beta_A0     -4.83293e-02   1.80465e-02  -1.60809e-06  -3.79764e-02
  23  alpha_phi   -6.91402e-03   1.98559e-02   4.31974e-05  -3.59401e-02
  24  beta_phi    -3.25707e-03   1.63142e-02   2.93352e-05  -3.09244e-02
 EXTERNAL ERROR MATRIX.    NDIM=  25    NPAR=  8    ERR DEF=1
  7.129e+05  3.954e-02 -4.837e-02 -2.230e+03 -2.519e+00 -5.279e-02  1.685e+00  1.586e+00 
  3.954e-02  1.332e-07  4.925e-08 -3.360e-04 -8.947e-07 -8.484e-07 -1.208e-06 -1.464e-07 
 -4.837e-02  4.925e-08  1.100e-06  1.248e-03 -1.081e-06 -2.884e-07 -1.359e-06  1.393e-07 
 -2.230e+03 -3.360e-04  1.248e-03  4.478e+02  5.407e-02  2.588e-01  4.280e-02  8.485e-03 
 -2.519e+00 -8.947e-07 -1.081e-06  5.407e-02  4.570e-04  4.666e-05  6.831e-05 -3.156e-05 
 -5.279e-02 -8.484e-07 -2.884e-07  2.588e-01  4.666e-05  3.257e-04  3.587e-05 -5.329e-06 
  1.685e+00 -1.208e-06 -1.359e-06  4.280e-02  6.831e-05  3.587e-05  3.943e-04  1.138e-05 
  1.586e+00 -1.464e-07  1.393e-07  8.485e-03 -3.156e-05 -5.329e-06  1.138e-05  2.662e-04 
 PARAMETER  CORRELATION COEFFICIENTS  
       NO.  GLOBAL      1      3      4     20     21     22     23     24
        1  0.31459   1.000  0.128 -0.055 -0.125 -0.140 -0.003  0.101  0.115
        3  0.29776   0.128  1.000  0.129 -0.043 -0.115 -0.129 -0.167 -0.025
        4  0.17413  -0.055  0.129  1.000  0.056 -0.048 -0.015 -0.065  0.008
       20  0.69805  -0.125 -0.043  0.056  1.000  0.120  0.678  0.102  0.025
       21  0.26966  -0.140 -0.115 -0.048  0.120  1.000  0.121  0.161 -0.091
       22  0.69479  -0.003 -0.129 -0.015  0.678  0.121  1.000  0.100 -0.018
       23  0.28137   0.101 -0.167 -0.065  0.102  0.161  0.100  1.000  0.035
       24  0.16745   0.115 -0.025  0.008  0.025 -0.091 -0.018  0.035  1.000
MINUIT - FIT ONLY 1-CBO + wiggle
 **********
 **   16 **RES 
 **********
                   PARAMETER   16  beta_vw RESTORED TO VARIABLE.
                   PARAMETER   14  alpha_vw RESTORED TO VARIABLE.
                   PARAMETER   13  beta_y RESTORED TO VARIABLE.
                   PARAMETER   11  alpha_y RESTORED TO VARIABLE.
                   PARAMETER   10  beta_2CBO RESTORED TO VARIABLE.
                   PARAMETER    9  alpha_2CBO RESTORED TO VARIABLE.
                   PARAMETER    8  beta_CBO RESTORED TO VARIABLE.
                   PARAMETER    6  alpha_CBO RESTORED TO VARIABLE.
 **********
 **   17 **FIX            8
 **********
 **********
 **   18 **FIX            9
 **********
 **********
 **   19 **FIX           11
 **********
 **********
 **   20 **FIX           12
 **********
 PARAMETER   12  IS CONSTANT.   IGNORED.
 **********
 **   21 **FIX           14
 **********
 **********
 **   22 **FIX           15
 **********
 PARAMETER   15  IS CONSTANT.   IGNORED.
 **********
 **   23 **FIX           16
 **********
 **********
 **   24 **MIGRAD
 **********
 START MIGRAD MINIMIZATION.  STRATEGY  1.  CONVERGENCE WHEN EDM .LT. 1.00e-04
 FCN=97.2617 FROM MIGRAD    STATUS=INITIATE       28 CALLS         595 TOTAL
                     EDM= unknown      STRATEGY= 1      NO ERROR MATRIX       
  EXT PARAMETER               CURRENT GUESS       STEP         FIRST   
  NO.   NAME      VALUE            ERROR          SIZE      DERIVATIVE 
   1  N0           2.91224e+06   8.44346e+02   2.19593e+00  -5.05664e-07
   2  tau          6.44099e+01   constant   
   3  A0           3.54659e-01   3.64974e-04  -6.04166e-07  -1.73709e+00
   4  phi          4.11615e+00   1.04904e-03   1.55758e-06   1.44420e+00
   5  R           -6.16610e+01   constant   
   6  alpha_CBO    0.00000e+00   1.00000e-03   1.00000e-03   2.65974e+03
   7  w_CBO        2.32500e+00   constant   
   8  beta_CBO     0.00000e+00     fixed    
   9  alpha_2CBO   0.00000e+00     fixed    
  10  beta_2CBO    0.00000e+00   1.00000e-03   1.00000e-03   1.10683e+02
  11  alpha_y      0.00000e+00     fixed    
  12  w_y          1.38860e+01   constant   
  13  beta_y       0.00000e+00   1.00000e-03   1.00000e-03   2.34074e+03
  14  alpha_vw     0.00000e+00     fixed    
  15  w_vw         1.43404e+01   constant   
  16  beta_vw      0.00000e+00     fixed    
  17  LM           1.71412e-04   constant   
  18  zeta_y       0.00000e+00   constant   
  19  zeta_vw      0.00000e+00   constant   
  20  T_CBO        9.32759e+01   2.11437e+01  -1.00191e-04   2.05797e-03
  21  alpha_A0    -6.35600e-03   2.13770e-02  -5.01212e-05  -7.24509e-03
  22  beta_A0     -4.83293e-02   1.80465e-02  -1.60809e-06  -3.79767e-02
  23  alpha_phi   -6.91402e-03   1.98559e-02   4.31974e-05  -3.59401e-02
  24  beta_phi    -3.25707e-03   1.63142e-02   2.93352e-05  -3.09244e-02
 MIGRAD MINIMIZATION HAS CONVERGED.
 MIGRAD WILL VERIFY CONVERGENCE AND ERROR MATRIX.
 COVARIANCE MATRIX CALCULATED SUCCESSFULLY
 FCN=96.7268 FROM HESSE     STATUS=OK            100 CALLS         813 TOTAL
                     EDM=0.00094244    STRATEGY= 1      ERROR MATRIX ACCURATE 
  EXT PARAMETER                                   STEP         FIRST   
  NO.   NAME      VALUE            ERROR          SIZE      DERIVATIVE 
   1  N0           2.91223e+06   8.86527e+02   3.94720e+00  -3.79267e-09
   2  tau          6.44099e+01   constant   
   3  A0           3.54643e-01   3.77181e-04   1.71333e-06  -4.15699e-01
   4  phi          4.11624e+00   1.13353e-03   5.21755e-06  -1.97770e-01
   5  R           -6.16610e+01   constant   
   6  alpha_CBO   -2.37789e-04   4.23868e-04   1.97345e-06  -1.11067e+00
   7  w_CBO        2.32500e+00   constant   
   8  beta_CBO     0.00000e+00     fixed    
   9  alpha_2CBO   0.00000e+00     fixed    
  10  beta_2CBO   -1.39686e-05   4.09198e-04   1.92419e-06   8.23064e-01
  11  alpha_y      0.00000e+00     fixed    
  12  w_y          1.38860e+01   constant   
  13  beta_y      -1.86284e-04   4.00550e-04   1.93205e-06   9.05989e-01
  14  alpha_vw     0.00000e+00     fixed    
  15  w_vw         1.43404e+01   constant   
  16  beta_vw      0.00000e+00     fixed    
  17  LM           1.71412e-04   constant   
  18  zeta_y       0.00000e+00   constant   
  19  zeta_vw      0.00000e+00   constant   
  20  T_CBO        9.33208e+01   7.00134e+02   2.53063e-04  -1.61592e-02
  21  alpha_A0    -5.82750e-03   1.03873e-01   1.01632e-04   8.30570e-03
  22  beta_A0     -4.80738e-02   8.52398e-01   1.00108e-04  -2.96733e-02
  23  alpha_phi   -9.23913e-03   1.61219e-01   9.74415e-05  -3.15933e-03
  24  beta_phi    -3.02053e-03   4.83837e-02   9.06515e-05  -2.74566e-02
 CALL LIMIT EXCEEDED IN MIGRAD.
 MIGRAD TERMINATED WITHOUT CONVERGENCE.
 FCN=96.7193 FROM MIGRAD    STATUS=CALL LIMIT   1930 CALLS        2497 TOTAL
                     EDM=0.000110174    STRATEGY= 1  ERROR MATRIX UNCERTAINTY   0.3 per cent
  EXT PARAMETER                APPROXIMATE        STEP         FIRST   
  NO.   NAME      VALUE            ERROR          SIZE      DERIVATIVE 
   1  N0           2.91222e+06   8.60797e+02   6.82315e-01  -2.46506e-06
   2  tau          6.44099e+01   constant   
   3  A0           3.54634e-01   3.66547e-04  -6.10619e-09   2.16930e+00
   4  phi          4.11626e+00   1.10941e-03   2.14849e-07   5.41109e-01
   5  R           -6.16610e+01   constant   
   6  alpha_CBO   -2.38608e-04   4.18503e-04  -7.82695e-08  -8.04126e-01
   7  w_CBO        2.32500e+00   constant   
   8  beta_CBO     0.00000e+00     fixed    
   9  alpha_2CBO   0.00000e+00     fixed    
  10  beta_2CBO   -1.53985e-05   4.02111e-04  -1.01699e-07  -1.72372e+00
  11  alpha_y      0.00000e+00     fixed    
  12  w_y          1.38860e+01   constant   
  13  beta_y      -1.86212e-04   4.00971e-04   9.57759e-08  -4.51613e-01
  14  alpha_vw     0.00000e+00     fixed    
  15  w_vw         1.43404e+01   constant   
  16  beta_vw      0.00000e+00     fixed    
  17  LM           1.71412e-04   constant   
  18  zeta_y       0.00000e+00   constant   
  19  zeta_vw      0.00000e+00   constant   
  20  T_CBO        3.38799e+02   8.18200e+02   2.56320e-02  -9.56741e-03
  21  alpha_A0    -8.87624e-04   5.67669e-03   5.75332e-06  -3.07401e+00
  22  beta_A0     -7.25181e-03   3.70131e-02   1.69928e-04   4.33034e-01
  23  alpha_phi   -1.42162e-03   8.01282e-03   3.05393e-05   1.82966e+00
  24  beta_phi    -5.60175e-04   4.44841e-03   3.19093e-05   4.10929e+00
 EXTERNAL ERROR MATRIX.    NDIM=  25    NPAR= 11    ERR DEF=1
  7.410e+05 
  5.138e-02  1.344e-07 
 -1.135e-01  1.611e-08  1.231e-06 
 -1.387e-03  1.730e-08 -6.126e-08  1.751e-07 
 -2.076e-03 -4.748e-09 -1.539e-08  1.884e-09  1.617e-07 
  1.162e-03 -3.130e-09 -4.849e-09 -2.230e-09 -1.394e-09  1.608e-07 
 -5.958e+03 -4.486e-02  1.046e-01 -1.948e-02 -1.062e-02  1.326e-02  4.949e+06 
 -3.234e-01 -2.590e-07 -1.460e-07 -1.288e-07  1.967e-07  5.417e-08  9.354e+00  3.222e-05 
  3.779e-01 -7.753e-07  1.438e-06 -3.446e-07 -2.781e-07  2.152e-07  8.194e+01  1.551e-04  1.370e-03 
  2.784e-01 -3.143e-07 -2.086e-07  1.892e-07  1.898e-07  7.907e-08  1.566e+01  3.314e-05  2.599e-04  6.421e-05 
  3.104e-01 -1.121e-07 -7.608e-08 -4.678e-08  9.464e-08  8.835e-10  7.527e+00  1.733e-05  1.249e-04  2.507e-05  1.979e-05 
ERR MATRIX APPROXIMATE
 PARAMETER  CORRELATION COEFFICIENTS  
       NO.  GLOBAL      1      3      4      6     10     13     20     21     22     23     24
        1  0.33152   1.000  0.163 -0.119 -0.004 -0.006  0.003 -0.003 -0.066  0.012  0.040  0.081
        3  0.27691   0.163  1.000  0.040  0.113 -0.032 -0.021 -0.055 -0.124 -0.057 -0.107 -0.069
        4  0.23568  -0.119  0.040  1.000 -0.132 -0.034 -0.011  0.042 -0.023  0.035 -0.023 -0.015
        6  0.26304  -0.004  0.113 -0.132  1.000  0.011 -0.013 -0.021 -0.054 -0.022  0.056 -0.025
       10  0.20586  -0.006 -0.032 -0.034  0.011  1.000 -0.009 -0.012  0.086 -0.019  0.059  0.053
       13  0.04901   0.003 -0.021 -0.011 -0.013 -0.009  1.000  0.015  0.024  0.015  0.025  0.000
       20  0.99538  -0.003 -0.055  0.042 -0.021 -0.012  0.015  1.000  0.741  0.995  0.879  0.761
       21  0.79027  -0.066 -0.124 -0.023 -0.054  0.086  0.024  0.741  1.000  0.738  0.729  0.686
       22  0.99523   0.012 -0.057  0.035 -0.022 -0.019  0.015  0.995  0.738  1.000  0.876  0.759
       23  0.89590   0.040 -0.107 -0.023  0.056  0.059  0.025  0.879  0.729  0.876  1.000  0.703
       24  0.79034   0.081 -0.069 -0.015 -0.025  0.053  0.000  0.761  0.686  0.759  0.703  1.000
 ERR MATRIX APPROXIMATE
MINUIT - FIT ONLY 2-CBO
 **********
 **   25 **RES 
 **********
                   PARAMETER   16  beta_vw RESTORED TO VARIABLE.
                   PARAMETER   14  alpha_vw RESTORED TO VARIABLE.
                   PARAMETER   11  alpha_y RESTORED TO VARIABLE.
                   PARAMETER    9  alpha_2CBO RESTORED TO VARIABLE.
                   PARAMETER    8  beta_CBO RESTORED TO VARIABLE.
 **********
 **   26 **FIX            0
 **********
 PARAMETER    0  IS UNDEFINED. IGNORED.
 **********
 **   27 **FIX            1
 **********
 **********
 **   28 **FIX            2
 **********
 PARAMETER    2  IS CONSTANT.   IGNORED.
 **********
 **   29 **FIX            3
 **********
 **********
 **   30 **FIX            4
 **********
 **********
 **   31 **FIX            5
 **********
 PARAMETER    5  IS CONSTANT.   IGNORED.
 **********
 **   32 **FIX            6
 **********
 **********
 **   33 **FIX            7
 **********
 PARAMETER    7  IS CONSTANT.   IGNORED.
 **********
 **   34 **FIX           10
 **********
 **********
 **   35 **FIX           11
 **********
 **********
 **   36 **FIX           12
 **********
 PARAMETER   12  IS CONSTANT.   IGNORED.
 **********
 **   37 **FIX           13
 **********
 **********
 **   38 **FIX           14
 **********
 **********
 **   39 **FIX           15
 **********
 PARAMETER   15  IS CONSTANT.   IGNORED.
 **********
 **   40 **FIX           16
 **********
 **********
 **   41 **MIGRAD
 **********
 START MIGRAD MINIMIZATION.  STRATEGY  1.  CONVERGENCE WHEN EDM .LT. 1.00e-04
 FCN=96.7193 FROM MIGRAD    STATUS=INITIATE       18 CALLS        2515 TOTAL
                     EDM= unknown      STRATEGY= 1      NO ERROR MATRIX       
  EXT PARAMETER               CURRENT GUESS       STEP         FIRST   
  NO.   NAME      VALUE            ERROR          SIZE      DERIVATIVE 
   1  N0           2.91222e+06     fixed    
   2  tau          6.44099e+01   constant   
   3  A0           3.54634e-01     fixed    
   4  phi          4.11626e+00     fixed    
   5  R           -6.16610e+01   constant   
   6  alpha_CBO   -2.38608e-04     fixed    
   7  w_CBO        2.32500e+00   constant   
   8  beta_CBO     0.00000e+00   1.00000e-03   1.00000e-03   3.22961e+04
   9  alpha_2CBO   0.00000e+00   1.00000e-03   1.00000e-03  -4.75794e+03
  10  beta_2CBO   -1.53985e-05     fixed    
  11  alpha_y      0.00000e+00     fixed    
  12  w_y          1.38860e+01   constant   
  13  beta_y      -1.86212e-04     fixed    
  14  alpha_vw     0.00000e+00     fixed    
  15  w_vw         1.43404e+01   constant   
  16  beta_vw      0.00000e+00     fixed    
  17  LM           1.71412e-04   constant   
  18  zeta_y       0.00000e+00   constant   
  19  zeta_vw      0.00000e+00   constant   
  20  T_CBO        3.38799e+02   8.18200e+02   2.56320e-02  -9.57134e-03
  21  alpha_A0    -8.87624e-04   5.67669e-03   5.75332e-06  -3.07401e+00
  22  beta_A0     -7.25181e-03   3.70131e-02   1.69928e-04   4.33029e-01
  23  alpha_phi   -1.42162e-03   8.01282e-03   3.05393e-05   1.82966e+00
  24  beta_phi    -5.60175e-04   4.44841e-03   3.19093e-05   4.10929e+00
 MIGRAD MINIMIZATION HAS CONVERGED.
 MIGRAD WILL VERIFY CONVERGENCE AND ERROR MATRIX.
 COVARIANCE MATRIX CALCULATED SUCCESSFULLY
 FCN=52.222 FROM MIGRAD    STATUS=CONVERGED     579 CALLS        3076 TOTAL
                     EDM=6.28188e-06    STRATEGY= 1      ERROR MATRIX ACCURATE 
  EXT PARAMETER                                   STEP         FIRST   
  NO.   NAME      VALUE            ERROR          SIZE      DERIVATIVE 
   1  N0           2.91222e+06     fixed    
   2  tau          6.44099e+01   constant   
   3  A0           3.54634e-01     fixed    
   4  phi          4.11626e+00     fixed    
   5  R           -6.16610e+01   constant   
   6  alpha_CBO   -2.38608e-04     fixed    
   7  w_CBO        2.32500e+00   constant   
   8  beta_CBO    -2.67913e-03   4.06118e-04   1.40280e-06   4.93161e-01
   9  alpha_2CBO   5.10384e-04   4.14262e-04   1.43785e-06   8.64441e-01
  10  beta_2CBO   -1.53985e-05     fixed    
  11  alpha_y      0.00000e+00     fixed    
  12  w_y          1.38860e+01   constant   
  13  beta_y      -1.86212e-04     fixed    
  14  alpha_vw     0.00000e+00     fixed    
  15  w_vw         1.43404e+01   constant   
  16  beta_vw      0.00000e+00     fixed    
  17  LM           1.71412e-04   constant   
  18  zeta_y       0.00000e+00   constant   
  19  zeta_vw      0.00000e+00   constant   
  20  T_CBO        9.99884e+02   5.51142e+02   6.44470e-02  -1.08789e-04
  21  alpha_A0    -5.01219e-04   1.99650e-03   6.97638e-06  -1.01274e-01
  22  beta_A0     -2.99408e-03   1.99145e-03   6.94174e-06   4.19465e-01
  23  alpha_phi   -2.26690e-04   1.91763e-03   6.71985e-06   8.66857e-01
  24  beta_phi    -2.96063e-03   1.79144e-03   6.19383e-06   1.16189e+00
 EXTERNAL ERROR MATRIX.    NDIM=  25    NPAR=  7    ERR DEF=1
  1.649e-07 -6.285e-09  4.327e-06 -1.586e-08 -1.096e-07 -3.122e-08  1.465e-07 
 -6.285e-09  1.716e-07 -2.451e-06 -9.051e-08 -1.021e-07  6.810e-08 -9.106e-08 
  4.327e-06 -2.451e-06  4.403e+04 -2.591e-03 -1.592e-02 -1.092e-03 -1.563e-02 
 -1.586e-08 -9.051e-08 -2.591e-03  3.986e-06  3.219e-07  5.117e-07  1.654e-07 
 -1.096e-07 -1.021e-07 -1.592e-02  3.219e-07  3.966e-06  1.894e-07 -5.918e-08 
 -3.122e-08  6.810e-08 -1.092e-03  5.117e-07  1.894e-07  3.677e-06 -1.600e-07 
  1.465e-07 -9.106e-08 -1.563e-02  1.654e-07 -5.918e-08 -1.600e-07  3.209e-06 
 PARAMETER  CORRELATION COEFFICIENTS  
       NO.  GLOBAL      8      9     20     21     22     23     24
        8  0.24440   1.000 -0.037  0.000 -0.020 -0.135 -0.040  0.201
        9  0.22496  -0.037  1.000 -0.000 -0.109 -0.124  0.086 -0.123
       20  0.05791   0.000 -0.000  1.000 -0.006 -0.038 -0.003 -0.042
       21  0.19508  -0.020 -0.109 -0.006  1.000  0.081  0.134  0.046
       22  0.20676  -0.135 -0.124 -0.038  0.081  1.000  0.050 -0.017
       23  0.18049  -0.040  0.086 -0.003  0.134  0.050  1.000 -0.047
       24  0.24133   0.201 -0.123 -0.042  0.046 -0.017 -0.047  1.000
MINUIT - FIT wiggle + 1-CBO + 2-CBO
 **********
 **   42 **RES 
 **********
                   PARAMETER   16  beta_vw RESTORED TO VARIABLE.
                   PARAMETER   14  alpha_vw RESTORED TO VARIABLE.
                   PARAMETER   13  beta_y RESTORED TO VARIABLE.
                   PARAMETER   11  alpha_y RESTORED TO VARIABLE.
                   PARAMETER   10  beta_2CBO RESTORED TO VARIABLE.
                   PARAMETER    6  alpha_CBO RESTORED TO VARIABLE.
                   PARAMETER    4  phi RESTORED TO VARIABLE.
                   PARAMETER    3  A0 RESTORED TO VARIABLE.
                   PARAMETER    1  N0 RESTORED TO VARIABLE.
 **********
 **   43 **FIX           10
 **********
 **********
 **   44 **FIX           11
 **********
 **********
 **   45 **FIX           12
 **********
 PARAMETER   12  IS CONSTANT.   IGNORED.
 **********
 **   46 **FIX           13
 **********
 **********
 **   47 **FIX           14
 **********
 **********
 **   48 **FIX           15
 **********
 PARAMETER   15  IS CONSTANT.   IGNORED.
 **********
 **   49 **FIX           16
 **********
 **********
 **   50 **MIGRAD
 **********
 START MIGRAD MINIMIZATION.  STRATEGY  1.  CONVERGENCE WHEN EDM .LT. 1.00e-04
 FCN=52.222 FROM MIGRAD    STATUS=INITIATE       22 CALLS        3098 TOTAL
                     EDM= unknown      STRATEGY= 1      NO ERROR MATRIX       
  EXT PARAMETER               CURRENT GUESS       STEP         FIRST   
  NO.   NAME      VALUE            ERROR          SIZE      DERIVATIVE 
   1  N0           2.91222e+06   8.60797e+02   8.60797e+02   4.80938e-04
   2  tau          6.44099e+01   constant   
   3  A0           3.54634e-01   3.66547e-04   3.66547e-04   6.36421e+03
   4  phi          4.11626e+00   1.10941e-03   1.10941e-03   2.02173e+03
   5  R           -6.16610e+01   constant   
   6  alpha_CBO   -2.38608e-04   4.18503e-04   4.18503e-04   5.85331e+01
   7  w_CBO        2.32500e+00   constant   
   8  beta_CBO    -2.67913e-03   4.06118e-04   1.40280e-06   4.93162e-01
   9  alpha_2CBO   5.10384e-04   4.14262e-04   1.43785e-06   8.64440e-01
  10  beta_2CBO   -1.53985e-05     fixed    
  11  alpha_y      0.00000e+00     fixed    
  12  w_y          1.38860e+01   constant   
  13  beta_y      -1.86212e-04     fixed    
  14  alpha_vw     0.00000e+00     fixed    
  15  w_vw         1.43404e+01   constant   
  16  beta_vw      0.00000e+00     fixed    
  17  LM           1.71412e-04   constant   
  18  zeta_y       0.00000e+00   constant   
  19  zeta_vw      0.00000e+00   constant   
  20  T_CBO        9.99884e+02   5.51142e+02   6.44470e-02  -1.09912e-04
  21  alpha_A0    -5.01219e-04   1.99650e-03   6.97638e-06  -1.01263e-01
  22  beta_A0     -2.99408e-03   1.99145e-03   6.94174e-06   4.19457e-01
  23  alpha_phi   -2.26690e-04   1.91763e-03   6.71985e-06   8.66858e-01
  24  beta_phi    -2.96063e-03   1.79144e-03   6.19383e-06   1.16189e+00
 MIGRAD MINIMIZATION HAS CONVERGED.
 MIGRAD WILL VERIFY CONVERGENCE AND ERROR MATRIX.
 COVARIANCE MATRIX CALCULATED SUCCESSFULLY
 FCN=49.1679 FROM MIGRAD    STATUS=CONVERGED     245 CALLS        3321 TOTAL
                     EDM=2.53613e-06    STRATEGY= 1      ERROR MATRIX ACCURATE 
  EXT PARAMETER                                   STEP         FIRST   
  NO.   NAME      VALUE            ERROR          SIZE      DERIVATIVE 
   1  N0           2.91196e+06   8.82475e+02   2.82785e+00  -1.72667e-06
   2  tau          6.44099e+01   constant   
   3  A0           3.54136e-01   3.75448e-04   1.22760e-06  -4.46484e-01
   4  phi          4.11487e+00   1.13772e-03   3.74537e-06   3.89336e-01
   5  R           -6.16610e+01   constant   
   6  alpha_CBO   -2.24267e-04   4.23810e-04   1.41403e-06   3.35524e-02
   7  w_CBO        2.32500e+00   constant   
   8  beta_CBO    -2.86980e-03   4.20560e-04   1.36204e-06  -4.91711e-01
   9  alpha_2CBO   5.00294e-04   4.15342e-04   1.39608e-06   1.17256e+00
  10  beta_2CBO   -1.53985e-05     fixed    
  11  alpha_y      0.00000e+00     fixed    
  12  w_y          1.38860e+01   constant   
  13  beta_y      -1.86212e-04     fixed    
  14  alpha_vw     0.00000e+00     fixed    
  15  w_vw         1.43404e+01   constant   
  16  beta_vw      0.00000e+00     fixed    
  17  LM           1.71412e-04   constant   
  18  zeta_y       0.00000e+00   constant   
  19  zeta_vw      0.00000e+00   constant   
  20  T_CBO        9.99977e+02   7.71823e+02   6.35507e-02   6.51351e-05
  21  alpha_A0     7.14283e-05   2.03935e-03   6.77996e-06  -1.61679e-01
  22  beta_A0     -2.65498e-03   2.04563e-03   6.74328e-06   1.89754e-01
  23  alpha_phi    3.27309e-04   1.98992e-03   6.53124e-06  -4.44661e-01
  24  beta_phi    -3.02276e-03   1.83262e-03   6.02133e-06   3.11712e-02
 EXTERNAL ERROR MATRIX.    NDIM=  25    NPAR= 11    ERR DEF=1
  7.788e+05 
  5.699e-02  1.410e-07 
 -1.092e-01  3.589e-08  1.294e-06 
  4.699e-03  1.536e-08 -6.896e-08  1.796e-07 
  1.814e-02  3.024e-08  8.917e-08 -1.931e-09  1.769e-07 
  1.124e-02 -3.848e-09  1.956e-08 -6.896e-09 -5.522e-09  1.725e-07 
  3.412e+01  3.809e-06  2.394e-05  4.681e-06  8.781e-06 -2.276e-06  6.680e+03 
 -2.176e-01 -9.711e-08 -2.101e-07 -5.329e-08 -5.204e-08 -9.295e-08  5.240e-04  4.159e-06 
  2.836e-01 -4.280e-08 -2.681e-07 -2.641e-09 -1.291e-07 -9.948e-08 -1.873e-02  3.173e-07  4.185e-06 
  1.777e-01 -9.406e-08 -3.017e-07  1.355e-07 -6.587e-08  6.628e-08  2.549e-03  5.293e-07  3.280e-07  3.960e-06 
  2.415e-01  1.687e-08 -4.952e-08 -1.599e-08  1.518e-07 -8.736e-08 -2.122e-02  1.034e-07  8.977e-08 -1.245e-07  3.359e-06 
 PARAMETER  CORRELATION COEFFICIENTS  
       NO.  GLOBAL      1      3      4      6      8      9     20     21     22     23     24
        1  0.35220   1.000  0.172 -0.109  0.013  0.049  0.031  0.000 -0.121  0.157  0.101  0.149
        3  0.32587   0.172  1.000  0.084  0.097  0.192 -0.025  0.000 -0.127 -0.056 -0.126  0.025
        4  0.30652  -0.109  0.084  1.000 -0.143  0.186  0.041  0.000 -0.091 -0.115 -0.133 -0.024
        6  0.26325   0.013  0.097 -0.143  1.000 -0.011 -0.039  0.000 -0.062 -0.003  0.161 -0.021
        8  0.35083   0.049  0.192  0.186 -0.011  1.000 -0.032  0.000 -0.061 -0.150 -0.079  0.197
        9  0.23540   0.031 -0.025  0.041 -0.039 -0.032  1.000 -0.000 -0.110 -0.117  0.080 -0.115
       20  0.18806   0.000  0.000  0.000  0.000  0.000 -0.000  1.000  0.003 -0.112  0.016 -0.142
       21  0.27555  -0.121 -0.127 -0.091 -0.062 -0.061 -0.110  0.003  1.000  0.076  0.130  0.028
       22  0.30249   0.157 -0.056 -0.115 -0.003 -0.150 -0.117 -0.112  0.076  1.000  0.081  0.024
       23  0.31519   0.101 -0.126 -0.133  0.161 -0.079  0.080  0.016  0.130  0.081  1.000 -0.034
       24  0.31215   0.149  0.025 -0.024 -0.021  0.197 -0.115 -0.142  0.028  0.024 -0.034  1.000
MINUIT - FIT ONLY 1-y
 **********
 **   51 **RES 
 **********
                   PARAMETER   16  beta_vw RESTORED TO VARIABLE.
                   PARAMETER   14  alpha_vw RESTORED TO VARIABLE.
                   PARAMETER   13  beta_y RESTORED TO VARIABLE.
                   PARAMETER   11  alpha_y RESTORED TO VARIABLE.
                   PARAMETER   10  beta_2CBO RESTORED TO VARIABLE.
 **********
 **   52 **FIX            0
 **********
 PARAMETER    0  IS UNDEFINED. IGNORED.
 **********
 **   53 **FIX            1
 **********
 **********
 **   54 **FIX            2
 **********
 PARAMETER    2  IS CONSTANT.   IGNORED.
 **********
 **   55 **FIX            3
 **********
 **********
 **   56 **FIX            4
 **********
 **********
 **   57 **FIX            5
 **********
 PARAMETER    5  IS CONSTANT.   IGNORED.
 **********
 **   58 **FIX            6
 **********
 **********
 **   59 **FIX            7
 **********
 PARAMETER    7  IS CONSTANT.   IGNORED.
 **********
 **   60 **FIX            8
 **********
 **********
 **   61 **FIX            9
 **********
 **********
 **   62 **FIX           13
 **********
 **********
 **   63 **FIX           14
 **********
 **********
 **   64 **FIX           15
 **********
 PARAMETER   15  IS CONSTANT.   IGNORED.
 **********
 **   65 **FIX           16
 **********
 **********
 **   66 **MIGRAD
 **********
 START MIGRAD MINIMIZATION.  STRATEGY  1.  CONVERGENCE WHEN EDM .LT. 1.00e-04
 FCN=49.1679 FROM MIGRAD    STATUS=INITIATE       16 CALLS        3337 TOTAL
                     EDM= unknown      STRATEGY= 1      NO ERROR MATRIX       
  EXT PARAMETER               CURRENT GUESS       STEP         FIRST   
  NO.   NAME      VALUE            ERROR          SIZE      DERIVATIVE 
   1  N0           2.91196e+06     fixed    
   2  tau          6.44099e+01   constant   
   3  A0           3.54136e-01     fixed    
   4  phi          4.11487e+00     fixed    
   5  R           -6.16610e+01   constant   
   6  alpha_CBO   -2.24267e-04     fixed    
   7  w_CBO        2.32500e+00   constant   
   8  beta_CBO    -2.86980e-03     fixed    
   9  alpha_2CBO   5.00294e-04     fixed    
  10  beta_2CBO   -1.53985e-05   4.02111e-04   4.02111e-04  -2.24176e+02
  11  alpha_y      0.00000e+00   1.00000e-03   1.00000e-03   1.70080e+03
  12  w_y          1.38860e+01   constant   
  13  beta_y      -1.86212e-04     fixed    
  14  alpha_vw     0.00000e+00     fixed    
  15  w_vw         1.43404e+01   constant   
  16  beta_vw      0.00000e+00     fixed    
  17  LM           1.71412e-04   constant   
  18  zeta_y       0.00000e+00   constant   
  19  zeta_vw      0.00000e+00   constant   
  20  T_CBO        9.99977e+02   7.71823e+02   6.35507e-02  -6.74626e-05
  21  alpha_A0     7.14283e-05   2.03935e-03   6.77996e-06  -1.61677e-01
  22  beta_A0     -2.65498e-03   2.04563e-03   6.74328e-06   1.89759e-01
  23  alpha_phi    3.27309e-04   1.98992e-03   6.53124e-06  -4.44661e-01
  24  beta_phi    -3.02276e-03   1.83262e-03   6.02133e-06   3.11714e-02
 MIGRAD MINIMIZATION HAS CONVERGED.
 MIGRAD WILL VERIFY CONVERGENCE AND ERROR MATRIX.
 COVARIANCE MATRIX CALCULATED SUCCESSFULLY
 FCN=49.0494 FROM MIGRAD    STATUS=CONVERGED     112 CALLS        3433 TOTAL
                     EDM=2.84803e-07    STRATEGY= 1      ERROR MATRIX ACCURATE 
  EXT PARAMETER                                   STEP         FIRST   
  NO.   NAME      VALUE            ERROR          SIZE      DERIVATIVE 
   1  N0           2.91196e+06     fixed    
   2  tau          6.44099e+01   constant   
   3  A0           3.54136e-01     fixed    
   4  phi          4.11487e+00     fixed    
   5  R           -6.16610e+01   constant   
   6  alpha_CBO   -2.24267e-04     fixed    
   7  w_CBO        2.32500e+00   constant   
   8  beta_CBO    -2.86980e-03     fixed    
   9  alpha_2CBO   5.00294e-04     fixed    
  10  beta_2CBO    7.62082e-07   4.07246e-04   1.37706e-06  -5.95778e-01
  11  alpha_y     -1.37238e-04   4.02206e-04   1.38861e-06   2.22919e-01
  12  w_y          1.38860e+01   constant   
  13  beta_y      -1.86212e-04     fixed    
  14  alpha_vw     0.00000e+00     fixed    
  15  w_vw         1.43404e+01   constant   
  16  beta_vw      0.00000e+00     fixed    
  17  LM           1.71412e-04   constant   
  18  zeta_y       0.00000e+00   constant   
  19  zeta_vw      0.00000e+00   constant   
  20  T_CBO        1.00000e+03   8.09655e+02   6.03379e-02** at limit **
  21  alpha_A0     9.73499e-05   2.00391e-03   6.77193e-06  -3.22759e-02
  22  beta_A0     -2.64953e-03   1.96918e-03   6.73530e-06   2.91393e-01
  23  alpha_phi    3.41981e-04   1.92818e-03   6.52349e-06  -1.89063e-01
  24  beta_phi    -3.01277e-03   1.75822e-03   6.01419e-06   5.03991e-02
 EXTERNAL ERROR MATRIX.    NDIM=  25    NPAR=  7    ERR DEF=1
  1.658e-07  2.819e-09  2.660e-09  1.060e-07 -6.106e-08  1.015e-07  5.204e-08 
  2.819e-09  1.618e-07  1.462e-10 -1.613e-08 -1.415e-08 -3.312e-09 -4.862e-09 
  2.660e-09  1.462e-10  4.493e-03  4.339e-07 -1.110e-05  1.577e-06 -1.256e-05 
  1.060e-07 -1.613e-08  4.339e-07  4.016e-06  2.163e-07  6.144e-07  1.652e-07 
 -6.106e-08 -1.415e-08 -1.110e-05  2.163e-07  3.878e-06  1.682e-07 -5.339e-09 
  1.015e-07 -3.312e-09  1.577e-06  6.144e-07  1.682e-07  3.718e-06 -7.231e-08 
  5.204e-08 -4.862e-09 -1.256e-05  1.652e-07 -5.339e-09 -7.231e-08  3.091e-06 
 PARAMETER  CORRELATION COEFFICIENTS  
       NO.  GLOBAL     10     11     20     21     22     23     24
       10  0.20445   1.000  0.017  0.000  0.130 -0.076  0.129  0.073
       11  0.03310   0.017  1.000  0.000 -0.020 -0.018 -0.004 -0.007
       20  0.13697   0.000  0.000  1.000  0.003 -0.084  0.012 -0.107
       21  0.20726   0.130 -0.020  0.003  1.000  0.055  0.159  0.047
       22  0.13997  -0.076 -0.018 -0.084  0.055  1.000  0.044 -0.002
       23  0.20190   0.129 -0.004  0.012  0.159  0.044  1.000 -0.021
       24  0.13945   0.073 -0.007 -0.107  0.047 -0.002 -0.021  1.000
MINUIT - FIT ONLY 2-y
 **********
 **   67 **RES 
 **********
                   PARAMETER   16  beta_vw RESTORED TO VARIABLE.
                   PARAMETER   14  alpha_vw RESTORED TO VARIABLE.
                   PARAMETER   13  beta_y RESTORED TO VARIABLE.
                   PARAMETER    9  alpha_2CBO RESTORED TO VARIABLE.
                   PARAMETER    8  beta_CBO RESTORED TO VARIABLE.
                   PARAMETER    6  alpha_CBO RESTORED TO VARIABLE.
                   PARAMETER    4  phi RESTORED TO VARIABLE.
                   PARAMETER    3  A0 RESTORED TO VARIABLE.
                   PARAMETER    1  N0 RESTORED TO VARIABLE.
 **********
 **   68 **FIX            0
 **********
 PARAMETER    0  IS UNDEFINED. IGNORED.
 **********
 **   69 **FIX            1
 **********
 **********
 **   70 **FIX            2
 **********
 PARAMETER    2  IS CONSTANT.   IGNORED.
 **********
 **   71 **FIX            3
 **********
 **********
 **   72 **FIX            4
 **********
 **********
 **   73 **FIX            5
 **********
 PARAMETER    5  IS CONSTANT.   IGNORED.
 **********
 **   74 **FIX            6
 **********
 **********
 **   75 **FIX            7
 **********
 PARAMETER    7  IS CONSTANT.   IGNORED.
 **********
 **   76 **FIX            8
 **********
 **********
 **   77 **FIX            9
 **********
 **********
 **   78 **FIX           10
 **********
 **********
 **   79 **FIX           11
 **********
 **********
 **   80 **FIX           12
 **********
 PARAMETER   12  IS CONSTANT.   IGNORED.
 **********
 **   81 **FIX           16
 **********
 **********
 **   82 **MIGRAD
 **********
 START MIGRAD MINIMIZATION.  STRATEGY  1.  CONVERGENCE WHEN EDM .LT. 1.00e-04
 FCN=49.0494 FROM MIGRAD    STATUS=INITIATE       16 CALLS        3449 TOTAL
                     EDM= unknown      STRATEGY= 1      NO ERROR MATRIX       
  EXT PARAMETER               CURRENT GUESS       STEP         FIRST   
  NO.   NAME      VALUE            ERROR          SIZE      DERIVATIVE 
   1  N0           2.91196e+06     fixed    
   2  tau          6.44099e+01   constant   
   3  A0           3.54136e-01     fixed    
   4  phi          4.11487e+00     fixed    
   5  R           -6.16610e+01   constant   
   6  alpha_CBO   -2.24267e-04     fixed    
   7  w_CBO        2.32500e+00   constant   
   8  beta_CBO    -2.86980e-03     fixed    
   9  alpha_2CBO   5.00294e-04     fixed    
  10  beta_2CBO    7.62082e-07     fixed    
  11  alpha_y     -1.37238e-04     fixed    
  12  w_y          1.38860e+01   constant   
  13  beta_y      -1.86212e-04   4.00971e-04   4.00971e-04  -7.42789e+01
  14  alpha_vw     0.00000e+00   1.00000e-03   1.00000e-03  -9.95306e+01
  15  w_vw         1.43404e+01   constant   
  16  beta_vw      0.00000e+00     fixed    
  17  LM           1.71412e-04   constant   
  18  zeta_y       0.00000e+00   constant   
  19  zeta_vw      0.00000e+00   constant   
  20  T_CBO        9.99999e+02   8.09655e+02   6.03379e-02  -1.39456e-05
  21  alpha_A0     9.73499e-05   2.00391e-03   6.77193e-06  -3.23134e-02
  22  beta_A0     -2.64953e-03   1.96918e-03   6.73530e-06   2.91696e-01
  23  alpha_phi    3.41981e-04   1.92818e-03   6.52349e-06  -1.89110e-01
  24  beta_phi    -3.01277e-03   1.75822e-03   6.01419e-06   5.08591e-02
 MIGRAD MINIMIZATION HAS CONVERGED.
 MIGRAD WILL VERIFY CONVERGENCE AND ERROR MATRIX.
 COVARIANCE MATRIX CALCULATED SUCCESSFULLY
 FCN=49.0489 FROM MIGRAD    STATUS=CONVERGED      98 CALLS        3531 TOTAL
                     EDM=3.38558e-08    STRATEGY= 1      ERROR MATRIX ACCURATE 
  EXT PARAMETER                                   STEP         FIRST   
  NO.   NAME      VALUE            ERROR          SIZE      DERIVATIVE 
   1  N0           2.91196e+06     fixed    
   2  tau          6.44099e+01   constant   
   3  A0           3.54136e-01     fixed    
   4  phi          4.11487e+00     fixed    
   5  R           -6.16610e+01   constant   
   6  alpha_CBO   -2.24267e-04     fixed    
   7  w_CBO        2.32500e+00   constant   
   8  beta_CBO    -2.86980e-03     fixed    
   9  alpha_2CBO   5.00294e-04     fixed    
  10  beta_2CBO    7.62082e-07     fixed    
  11  alpha_y     -1.37238e-04     fixed    
  12  w_y          1.38860e+01   constant   
  13  beta_y      -1.82313e-04   4.20130e-04   1.38263e-06   6.45667e-02
  14  alpha_vw     6.83916e-06   4.21461e-04   1.38750e-06  -5.55301e-02
