 + ++++++++++++++++++++++++++++++++++++++++++++++++++++++++++++++++++++ +
 +                                                                      +
 +           You have chose to blind your fitting according to          +
 +                omega_ref * (1 + (R +/- deltaR) *10^{-6})             +
 +                                                                      +
 + ++++++++++++++++++++++++++++++++++++++++++++++++++++++++++++++++++++ +
In main()...
reading format from /gm2data/zkhechad/run45/envelope/formats/formatB_sBin_constraintOn.txt
pBinTau 	= 0  
pBinPhi 	= 0  
constraintau 	= 1 
includeMopTerm 	= 0    
constrainMop    = 0   
Parameters after format file: pBinTau 0 pBinPhi 0 constraintau 1 includeMopTerm 0 constrainMop 0 c_e_scale 0.000000 
Opening file /gm2data/tbarrett/gm2fr/studies/run23_bunch_corrections/CorrectedFourier_Run3b.root.
reading full fit data from /gm2data/zkhechad/cboTemplates/Run4CBOTemplates/fullFits/noRF/sBin_constraintOn_cE0.0_seed0_noRF_calo9.root
windowBins = 69
fitting sliding window 910 from bin 1046 at 155.914000 to bin 1115 at 166.358000 (69 bins)

Reading data from /gm2data/cornell/histograms/aMethod/histogram_a_noRF.root
 **********
 **    1 **SET PRINTOUT            1
 **********
 **********
 **    2 **SET NOWARNINGS 
 **********
 PARAMETER DEFINITIONS:
    NO.   NAME         VALUE      STEP SIZE      LIMITS
     1 N0           2.88206e+06  1.00000e+02     no limits
     2 tau          6.44106e+01  constant
     3 A0           3.51420e-01  1.00000e-04     no limits
     4 phi          4.11705e+00  1.00000e-02     no limits
     5 R           -5.98157e+01  constant
     6 alpha_CBO    0.00000e+00  1.00000e-03     no limits
     7 w_CBO        2.32500e+00  constant
     8 beta_CBO     0.00000e+00  1.00000e-03     no limits
     9 alpha_2CBO   0.00000e+00  1.00000e-03     no limits
    10 beta_2CBO    0.00000e+00  1.00000e-03     no limits
    11 alpha_y      0.00000e+00  1.00000e-03     no limits
    12 w_y          1.38860e+01  constant
    13 beta_y       0.00000e+00  1.00000e-03     no limits
    14 alpha_vw     0.00000e+00  1.00000e-03     no limits
    15 w_vw         1.43404e+01  constant
    16 beta_vw      0.00000e+00  1.00000e-03     no limits
    17 LM           1.60296e-04  constant
    18 zeta_y       0.00000e+00  constant
    19 zeta_vw      0.00000e+00  constant
    20 T_CBO        1.00000e+02  1.00000e+00    0.00000e+00  1.00000e+03
    21 alpha_A0     0.00000e+00  1.00000e-03     no limits
    22 beta_A0      0.00000e+00  1.00000e-03     no limits
    23 alpha_phi    0.00000e+00  1.00000e-03     no limits
    24 beta_phi     0.00000e+00  1.00000e-03     no limits
MINUIT - FIT ONLY WIGGLE
 **********
 **    3 **FIX            5
 **********
 PARAMETER    5  IS CONSTANT.   IGNORED.
 **********
 **    4 **FIX            6
 **********
 **********
 **    5 **FIX            7
 **********
 PARAMETER    7  IS CONSTANT.   IGNORED.
 **********
 **    6 **FIX            8
 **********
 **********
 **    7 **FIX            9
 **********
 **********
 **    8 **FIX           10
 **********
 **********
 **    9 **FIX           11
 **********
 **********
 **   10 **FIX           12
 **********
 PARAMETER   12  IS CONSTANT.   IGNORED.
 **********
 **   11 **FIX           13
 **********
 **********
 **   12 **FIX           14
 **********
 **********
 **   13 **FIX           15
 **********
 PARAMETER   15  IS CONSTANT.   IGNORED.
 **********
 **   14 **FIX           16
 **********
 **********
 **   15 **MIGRAD
 **********
 FIRST CALL TO USER FUNCTION AT NEW START POINT, WITH IFLAG=4.
 START MIGRAD MINIMIZATION.  STRATEGY  1.  CONVERGENCE WHEN EDM .LT. 1.00e-04
 FCN=569.486 FROM MIGRAD    STATUS=INITIATE      437 CALLS         438 TOTAL
                     EDM= unknown      STRATEGY= 1      NO ERROR MATRIX       
  EXT PARAMETER               CURRENT GUESS       STEP         FIRST   
  NO.   NAME      VALUE            ERROR          SIZE      DERIVATIVE 
   1  N0           2.88206e+06   1.00000e+02   0.00000e+00  -1.94890e-02
   2  tau          6.44106e+01   constant   
   3  A0           3.51420e-01   1.00000e-04   0.00000e+00  -5.83599e+04
   4  phi          4.11705e+00   1.00000e-02   0.00000e+00  -4.40054e+03
   5  R           -5.98157e+01   constant   
   6  alpha_CBO    0.00000e+00     fixed    
   7  w_CBO        2.32500e+00   constant   
   8  beta_CBO     0.00000e+00     fixed    
   9  alpha_2CBO   0.00000e+00     fixed    
  10  beta_2CBO    0.00000e+00     fixed    
  11  alpha_y      0.00000e+00     fixed    
  12  w_y          1.38860e+01   constant   
  13  beta_y       0.00000e+00     fixed    
  14  alpha_vw     0.00000e+00     fixed    
  15  w_vw         1.43404e+01   constant   
  16  beta_vw      0.00000e+00     fixed    
  17  LM           1.60296e-04   constant   
  18  zeta_y       0.00000e+00   constant   
  19  zeta_vw      0.00000e+00   constant   
  20  T_CBO        1.00000e+02   1.00000e+00   0.00000e+00   0.00000e+00
  21  alpha_A0     0.00000e+00   1.00000e-03   0.00000e+00  -2.91577e+03
  22  beta_A0      0.00000e+00   1.00000e-03   0.00000e+00   5.84485e+02
  23  alpha_phi    0.00000e+00   1.00000e-03   0.00000e+00  -7.23428e+02
  24  beta_phi     0.00000e+00   1.00000e-03   0.00000e+00   1.29647e+03
 CALL LIMIT EXCEEDED IN MIGRAD.
 MIGRAD TERMINATED WITHOUT CONVERGENCE.
 FCN=458.211 FROM MIGRAD    STATUS=CALL LIMIT   1323 CALLS        1324 TOTAL
                     EDM=0.009829    STRATEGY= 1  ERROR MATRIX UNCERTAINTY   0.1 per cent
  EXT PARAMETER                APPROXIMATE        STEP         FIRST   
  NO.   NAME      VALUE            ERROR          SIZE      DERIVATIVE 
   1  N0           2.88326e+06   4.32554e+02  -3.79827e+00  -9.08219e-05
   2  tau          6.44106e+01   constant   
   3  A0           3.52948e-01   2.08275e-04  -9.37833e-06  -8.28676e+01
   4  phi          4.11753e+00   5.82989e-04   1.37751e-05   5.52704e+01
   5  R           -5.98157e+01   constant   
   6  alpha_CBO    0.00000e+00     fixed    
   7  w_CBO        2.32500e+00   constant   
   8  beta_CBO     0.00000e+00     fixed    
   9  alpha_2CBO   0.00000e+00     fixed    
  10  beta_2CBO    0.00000e+00     fixed    
  11  alpha_y      0.00000e+00     fixed    
  12  w_y          1.38860e+01   constant   
  13  beta_y       0.00000e+00     fixed    
  14  alpha_vw     0.00000e+00     fixed    
  15  w_vw         1.43404e+01   constant   
  16  beta_vw      0.00000e+00     fixed    
  17  LM           1.60296e-04   constant   
  18  zeta_y       0.00000e+00   constant   
  19  zeta_vw      0.00000e+00   constant   
  20  T_CBO        3.27602e+01   8.23951e+00  -6.17728e-03  -3.38135e+01
  21  alpha_A0     7.04874e-01   7.64877e-01   9.81033e-02  -4.40420e+00
  22  beta_A0     -2.01742e-01   2.29632e-01  -2.95175e-02  -4.78407e+00
  23  alpha_phi    5.04225e-02   7.74429e-02   9.91231e-03   3.17744e+00
  24  beta_phi    -4.66298e-01   5.10057e-01  -6.54381e-02  -6.98344e-01
 EXTERNAL ERROR MATRIX.    NDIM=  25    NPAR=  8    ERR DEF=1
  1.871e+05  4.462e-03 -3.558e-02  1.007e+01 -9.703e+00  2.756e+00 -1.062e+00  6.669e+00 
  4.462e-03  4.338e-08  2.014e-09  8.723e-05 -8.169e-06  2.387e-06 -8.501e-07  5.237e-06 
 -3.558e-02  2.014e-09  3.399e-07  1.732e-04 -8.205e-06  2.646e-06 -8.557e-07  5.585e-06 
  1.007e+01  8.723e-05  1.732e-04  6.794e+01 -6.266e+00  1.882e+00 -6.330e-01  4.180e+00 
 -9.703e+00 -8.169e-06 -8.205e-06 -6.266e+00  5.850e-01 -1.756e-01  5.909e-02 -3.901e-01 
  2.756e+00  2.387e-06  2.646e-06  1.882e+00 -1.756e-01  5.273e-02 -1.775e-02  1.171e-01 
 -1.062e+00 -8.501e-07 -8.557e-07 -6.330e-01  5.909e-02 -1.775e-02  5.997e-03 -3.941e-02 
  6.669e+00  5.237e-06  5.585e-06  4.180e+00 -3.901e-01  1.171e-01 -3.941e-02  2.602e-01 
ERR MATRIX APPROXIMATE
 PARAMETER  CORRELATION COEFFICIENTS  
       NO.  GLOBAL      1      3      4     20     21     22     23     24
        1  0.31071   1.000  0.050 -0.141  0.003 -0.029  0.028 -0.032  0.030
        3  0.22801   0.050  1.000  0.017  0.051 -0.051  0.050 -0.053  0.049
        4  0.19659  -0.141  0.017  1.000  0.036 -0.018  0.020 -0.019  0.019
       20  0.99522   0.003  0.051  0.036  1.000 -0.994  0.995 -0.992  0.994
       21  0.99995  -0.029 -0.051 -0.018 -0.994  1.000 -1.000  0.998 -1.000
       22  0.99983   0.028  0.050  0.020  0.995 -1.000  1.000 -0.998  1.000
       23  0.99803  -0.032 -0.053 -0.019 -0.992  0.998 -0.998  1.000 -0.998
       24  0.99996   0.030  0.049  0.019  0.994 -1.000  1.000 -0.998  1.000
 ERR MATRIX APPROXIMATE
MINUIT - FIT ONLY 1-CBO + wiggle
 **********
 **   16 **RES 
 **********
                   PARAMETER   16  beta_vw RESTORED TO VARIABLE.
                   PARAMETER   14  alpha_vw RESTORED TO VARIABLE.
                   PARAMETER   13  beta_y RESTORED TO VARIABLE.
                   PARAMETER   11  alpha_y RESTORED TO VARIABLE.
                   PARAMETER   10  beta_2CBO RESTORED TO VARIABLE.
                   PARAMETER    9  alpha_2CBO RESTORED TO VARIABLE.
                   PARAMETER    8  beta_CBO RESTORED TO VARIABLE.
                   PARAMETER    6  alpha_CBO RESTORED TO VARIABLE.
 **********
 **   17 **FIX            8
 **********
 **********
 **   18 **FIX            9
 **********
 **********
 **   19 **FIX           11
 **********
 **********
 **   20 **FIX           12
 **********
 PARAMETER   12  IS CONSTANT.   IGNORED.
 **********
 **   21 **FIX           14
 **********
 **********
 **   22 **FIX           15
 **********
 PARAMETER   15  IS CONSTANT.   IGNORED.
 **********
 **   23 **FIX           16
 **********
 **********
 **   24 **MIGRAD
 **********
 START MIGRAD MINIMIZATION.  STRATEGY  1.  CONVERGENCE WHEN EDM .LT. 1.00e-04
 FCN=458.211 FROM MIGRAD    STATUS=INITIATE       28 CALLS        1352 TOTAL
                     EDM= unknown      STRATEGY= 1      NO ERROR MATRIX       
  EXT PARAMETER               CURRENT GUESS       STEP         FIRST   
  NO.   NAME      VALUE            ERROR          SIZE      DERIVATIVE 
   1  N0           2.88326e+06   4.32554e+02  -3.79827e+00  -9.08219e-05
   2  tau          6.44106e+01   constant   
   3  A0           3.52948e-01   2.08275e-04  -9.37833e-06  -8.28676e+01
   4  phi          4.11753e+00   5.82989e-04   1.37751e-05   5.52704e+01
   5  R           -5.98157e+01   constant   
   6  alpha_CBO    0.00000e+00   1.00000e-03   1.00000e-03  -1.50202e+05
   7  w_CBO        2.32500e+00   constant   
   8  beta_CBO     0.00000e+00     fixed    
   9  alpha_2CBO   0.00000e+00     fixed    
  10  beta_2CBO    0.00000e+00   1.00000e-03   1.00000e-03   4.04836e+03
  11  alpha_y      0.00000e+00     fixed    
  12  w_y          1.38860e+01   constant   
  13  beta_y       0.00000e+00   1.00000e-03   1.00000e-03   2.62213e+04
  14  alpha_vw     0.00000e+00     fixed    
  15  w_vw         1.43404e+01   constant   
  16  beta_vw      0.00000e+00     fixed    
  17  LM           1.60296e-04   constant   
  18  zeta_y       0.00000e+00   constant   
  19  zeta_vw      0.00000e+00   constant   
  20  T_CBO        3.27602e+01   8.23951e+00  -6.17728e-03  -3.38136e+01
  21  alpha_A0     7.04874e-01   7.64877e-01   9.81033e-02  -4.40420e+00
  22  beta_A0     -2.01742e-01   2.29632e-01  -2.95175e-02  -4.78407e+00
  23  alpha_phi    5.04225e-02   7.74429e-02   9.91231e-03   3.17744e+00
  24  beta_phi    -4.66298e-01   5.10057e-01  -6.54381e-02  -6.98344e-01
 CALL LIMIT EXCEEDED IN MIGRAD.
 MIGRAD TERMINATED WITHOUT CONVERGENCE.
 FCN=167.658 FROM MIGRAD    STATUS=CALL LIMIT   1918 CALLS        3242 TOTAL
                     EDM=0.0180475    STRATEGY= 1  ERROR MATRIX UNCERTAINTY  13.6 per cent
  EXT PARAMETER                APPROXIMATE        STEP         FIRST   
  NO.   NAME      VALUE            ERROR          SIZE      DERIVATIVE 
   1  N0           2.88283e+06   4.30867e+02  -2.43894e+00   2.65020e-05
   2  tau          6.44106e+01   constant   
   3  A0           3.52357e-01   2.08917e-04   1.14235e-06   6.69426e+01
   4  phi          4.11597e+00   5.75742e-04  -1.96764e-06  -6.10947e+01
   5  R           -5.98157e+01   constant   
   6  alpha_CBO    3.73411e-03   2.22725e-04  -1.02930e-07  -6.42045e+01
   7  w_CBO        2.32500e+00   constant   
   8  beta_CBO     0.00000e+00     fixed    
   9  alpha_2CBO   0.00000e+00     fixed    
  10  beta_2CBO   -1.66700e-04   2.10387e-04   6.66630e-07  -3.45658e+01
  11  alpha_y      0.00000e+00     fixed    
  12  w_y          1.38860e+01   constant   
  13  beta_y      -6.13400e-04   2.09156e-04  -3.42259e-08   1.89651e+01
  14  alpha_vw     0.00000e+00     fixed    
  15  w_vw         1.43404e+01   constant   
  16  beta_vw      0.00000e+00     fixed    
  17  LM           1.60296e-04   constant   
  18  zeta_y       0.00000e+00   constant   
  19  zeta_vw      0.00000e+00   constant   
  20  T_CBO        1.23867e+01   1.24925e+00  -1.04800e-03  -1.21725e+02
  21  alpha_A0     1.25129e+03   1.43244e+03   1.28921e+02   1.62154e-04
  22  beta_A0     -3.79117e+02   4.34083e+02  -3.90679e+01   1.21519e-05
  23  alpha_phi    6.80513e+02   7.78966e+02   7.01071e+01  -1.52368e-03
  24  beta_phi    -1.05901e+03   1.20996e+03  -1.08898e+02   3.90120e-04
 EXTERNAL ERROR MATRIX.    NDIM=  25    NPAR= 11    ERR DEF=1
  1.856e+05 
  3.678e-03  4.365e-08 
 -2.884e-02  1.357e-09  3.315e-07 
 -5.959e-03 -8.689e-09 -1.601e-08  4.961e-08 
  3.150e-03 -1.717e-09  5.725e-09 -1.160e-09  4.426e-08 
  1.333e-04  1.210e-09 -1.045e-09 -6.267e-10  3.846e-10  4.375e-08 
 -5.348e+01  6.904e-06  6.870e-05 -5.366e-06  6.646e-06 -2.556e-07  1.561e+00 
  5.275e+04 -1.001e-03 -8.863e-02  2.299e-03 -6.724e-03  1.112e-03 -1.782e+03  2.052e+06 
 -1.598e+04  3.051e-04  2.686e-02 -6.974e-04  2.036e-03 -3.368e-04  5.399e+02 -6.218e+05  1.884e+05 
  2.869e+04 -5.509e-04 -4.820e-02  1.257e-03 -3.652e-03  6.039e-04 -9.689e+02  1.116e+06 -3.381e+05  6.068e+05 
 -4.455e+04  8.417e-04  7.487e-02 -1.944e-03  5.678e-03 -9.399e-04  1.505e+03 -1.733e+06  5.252e+05 -9.425e+05  1.464e+06 
ERR MATRIX APPROXIMATE
 PARAMETER  CORRELATION COEFFICIENTS  
       NO.  GLOBAL      1      3      4      6     10     13     20     21     22     23     24
        1  0.28786   1.000  0.041 -0.116 -0.062  0.035  0.001 -0.099  0.085 -0.085  0.085 -0.085
        3  0.38671   0.041  1.000  0.011 -0.187 -0.039  0.028  0.026 -0.003  0.003 -0.003  0.003
        4  0.27792  -0.116  0.011  1.000 -0.125  0.047 -0.009  0.096 -0.107  0.107 -0.107  0.107
        6  0.30065  -0.062 -0.187 -0.125  1.000 -0.025 -0.013 -0.019  0.007 -0.007  0.007 -0.007
       10  0.15074   0.035 -0.039  0.047 -0.025  1.000  0.009  0.025 -0.022  0.022 -0.022  0.022
       13  0.04788   0.001  0.028 -0.009 -0.013  0.009  1.000 -0.001  0.004 -0.004  0.004 -0.004
       20  0.99633  -0.099  0.026  0.096 -0.019  0.025 -0.001  1.000 -0.996  0.996 -0.996  0.996
       21  1.00000   0.085 -0.003 -0.107  0.007 -0.022  0.004 -0.996  1.000 -1.000  1.000 -1.000
       22  1.00000  -0.085  0.003  0.107 -0.007  0.022 -0.004  0.996 -1.000  1.000 -1.000  1.000
       23  1.00000   0.085 -0.003 -0.107  0.007 -0.022  0.004 -0.996  1.000 -1.000  1.000 -1.000
       24  1.00000  -0.085  0.003  0.107 -0.007  0.022 -0.004  0.996 -1.000  1.000 -1.000  1.000
 ERR MATRIX APPROXIMATE
MINUIT - FIT ONLY 2-CBO
 **********
 **   25 **RES 
 **********
                   PARAMETER   16  beta_vw RESTORED TO VARIABLE.
                   PARAMETER   14  alpha_vw RESTORED TO VARIABLE.
                   PARAMETER   11  alpha_y RESTORED TO VARIABLE.
                   PARAMETER    9  alpha_2CBO RESTORED TO VARIABLE.
                   PARAMETER    8  beta_CBO RESTORED TO VARIABLE.
 **********
 **   26 **FIX            0
 **********
 PARAMETER    0  IS UNDEFINED. IGNORED.
 **********
 **   27 **FIX            1
 **********
 **********
 **   28 **FIX            2
 **********
 PARAMETER    2  IS CONSTANT.   IGNORED.
 **********
 **   29 **FIX            3
 **********
 **********
 **   30 **FIX            4
 **********
 **********
 **   31 **FIX            5
 **********
 PARAMETER    5  IS CONSTANT.   IGNORED.
 **********
 **   32 **FIX            6
 **********
 **********
 **   33 **FIX            7
 **********
 PARAMETER    7  IS CONSTANT.   IGNORED.
 **********
 **   34 **FIX           10
 **********
 **********
 **   35 **FIX           11
 **********
 **********
 **   36 **FIX           12
 **********
 PARAMETER   12  IS CONSTANT.   IGNORED.
 **********
 **   37 **FIX           13
 **********
 **********
 **   38 **FIX           14
 **********
 **********
 **   39 **FIX           15
 **********
 PARAMETER   15  IS CONSTANT.   IGNORED.
 **********
 **   40 **FIX           16
 **********
 **********
 **   41 **MIGRAD
 **********
 START MIGRAD MINIMIZATION.  STRATEGY  1.  CONVERGENCE WHEN EDM .LT. 1.00e-04
 FCN=167.658 FROM MIGRAD    STATUS=INITIATE       18 CALLS        3260 TOTAL
                     EDM= unknown      STRATEGY= 1      NO ERROR MATRIX       
  EXT PARAMETER               CURRENT GUESS       STEP         FIRST   
  NO.   NAME      VALUE            ERROR          SIZE      DERIVATIVE 
   1  N0           2.88283e+06     fixed    
   2  tau          6.44106e+01   constant   
   3  A0           3.52357e-01     fixed    
   4  phi          4.11597e+00     fixed    
   5  R           -5.98157e+01   constant   
   6  alpha_CBO    3.73411e-03     fixed    
   7  w_CBO        2.32500e+00   constant   
   8  beta_CBO     0.00000e+00   1.00000e-03   1.00000e-03   9.37136e+04
   9  alpha_2CBO   0.00000e+00   1.00000e-03   1.00000e-03  -1.29444e+04
  10  beta_2CBO   -1.66700e-04     fixed    
  11  alpha_y      0.00000e+00     fixed    
  12  w_y          1.38860e+01   constant   
  13  beta_y      -6.13400e-04     fixed    
  14  alpha_vw     0.00000e+00     fixed    
  15  w_vw         1.43404e+01   constant   
  16  beta_vw      0.00000e+00     fixed    
  17  LM           1.60296e-04   constant   
  18  zeta_y       0.00000e+00   constant   
  19  zeta_vw      0.00000e+00   constant   
  20  T_CBO        1.23867e+01   1.24925e+00  -1.04800e-03  -1.21725e+02
  21  alpha_A0     1.25129e+03   1.43244e+03   1.28921e+02   1.62154e-04
  22  beta_A0     -3.79117e+02   4.34083e+02  -3.90679e+01   1.21519e-05
  23  alpha_phi    6.80513e+02   7.78966e+02   7.01071e+01  -1.52368e-03
  24  beta_phi    -1.05901e+03   1.20996e+03  -1.08898e+02   3.90120e-04
 CALL LIMIT EXCEEDED IN MIGRAD.
 MIGRAD TERMINATED WITHOUT CONVERGENCE.
 FCN=64.4002 FROM MIGRAD    STATUS=CALL LIMIT   1159 CALLS        4401 TOTAL
                     EDM=0.00315079    STRATEGY= 1  ERROR MATRIX UNCERTAINTY  26.9 per cent
  EXT PARAMETER                APPROXIMATE        STEP         FIRST   
  NO.   NAME      VALUE            ERROR          SIZE      DERIVATIVE 
   1  N0           2.88283e+06     fixed    
   2  tau          6.44106e+01   constant   
   3  A0           3.52357e-01     fixed    
   4  phi          4.11597e+00     fixed    
   5  R           -5.98157e+01   constant   
   6  alpha_CBO    3.73411e-03     fixed    
   7  w_CBO        2.32500e+00   constant   
   8  beta_CBO    -2.14216e-03   2.03540e-04   8.86918e-07  -5.90590e+01
   9  alpha_2CBO   4.00581e-04   2.10880e-04   3.98509e-07  -7.53979e+00
  10  beta_2CBO   -1.66700e-04     fixed    
  11  alpha_y      0.00000e+00     fixed    
  12  w_y          1.38860e+01   constant   
  13  beta_y      -6.13400e-04     fixed    
  14  alpha_vw     0.00000e+00     fixed    
  15  w_vw         1.43404e+01   constant   
  16  beta_vw      0.00000e+00     fixed    
  17  LM           1.60296e-04   constant   
  18  zeta_y       0.00000e+00   constant   
  19  zeta_vw      0.00000e+00   constant   
  20  T_CBO        9.29590e+00   1.18983e+00  -3.62542e-04  -6.61646e+01
  21  alpha_A0     7.36072e+04   1.48113e+05   4.27841e+03   1.19736e-07
  22  beta_A0      2.02431e+04   4.68117e+04   1.35030e+03   5.50865e-06
  23  alpha_phi    4.97881e+04   1.07224e+05   3.09524e+03   2.93092e-06
  24  beta_phi    -8.90999e+04   1.83533e+05  -5.29941e+03   7.73223e-06
 EXTERNAL ERROR MATRIX.    NDIM=  25    NPAR=  7    ERR DEF=1
  4.143e-08 -2.125e-09  9.168e-06 -1.291e+00 -4.210e-01 -9.374e-01  1.608e+00 
 -2.125e-09  4.447e-08 -2.778e-06  3.668e-01  1.254e-01  2.656e-01 -4.775e-01 
  9.168e-06 -2.778e-06  1.416e+00 -1.760e+05 -5.562e+04 -1.274e+05  2.181e+05 
 -1.291e+00  3.668e-01 -1.760e+05  2.194e+10  6.933e+09  1.588e+10 -2.718e+10 
 -4.210e-01  1.254e-01 -5.562e+04  6.933e+09  2.191e+09  5.019e+09 -8.591e+09 
 -9.374e-01  2.656e-01 -1.274e+05  1.588e+10  5.019e+09  1.150e+10 -1.968e+10 
  1.608e+00 -4.775e-01  2.181e+05 -2.718e+10 -8.591e+09 -1.968e+10  3.368e+10 
ERR MATRIX APPROXIMATE
 PARAMETER  CORRELATION COEFFICIENTS  
       NO.  GLOBAL      8      9     20     21     22     23     24
        8  0.16826   1.000 -0.050  0.038 -0.043 -0.044 -0.043  0.043
        9  0.21307  -0.050  1.000 -0.011  0.012  0.013  0.012 -0.012
       20  0.99904   0.038 -0.011  1.000 -0.999 -0.998 -0.999  0.999
       21  0.99999  -0.043  0.012 -0.999  1.000  1.000  1.000 -1.000
       22  0.99997  -0.044  0.013 -0.998  1.000  1.000  1.000 -1.000
       23  0.99999  -0.043  0.012 -0.999  1.000  1.000  1.000 -1.000
       24  1.00000   0.043 -0.012  0.999 -1.000 -1.000 -1.000  1.000
 ERR MATRIX APPROXIMATE
MINUIT - FIT wiggle + 1-CBO + 2-CBO
 **********
 **   42 **RES 
 **********
                   PARAMETER   16  beta_vw RESTORED TO VARIABLE.
                   PARAMETER   14  alpha_vw RESTORED TO VARIABLE.
                   PARAMETER   13  beta_y RESTORED TO VARIABLE.
                   PARAMETER   11  alpha_y RESTORED TO VARIABLE.
                   PARAMETER   10  beta_2CBO RESTORED TO VARIABLE.
                   PARAMETER    6  alpha_CBO RESTORED TO VARIABLE.
                   PARAMETER    4  phi RESTORED TO VARIABLE.
                   PARAMETER    3  A0 RESTORED TO VARIABLE.
                   PARAMETER    1  N0 RESTORED TO VARIABLE.
 **********
 **   43 **FIX           10
 **********
 **********
 **   44 **FIX           11
 **********
 **********
 **   45 **FIX           12
 **********
 PARAMETER   12  IS CONSTANT.   IGNORED.
 **********
 **   46 **FIX           13
 **********
 **********
 **   47 **FIX           14
 **********
 **********
 **   48 **FIX           15
 **********
 PARAMETER   15  IS CONSTANT.   IGNORED.
 **********
 **   49 **FIX           16
 **********
 **********
 **   50 **MIGRAD
 **********
 START MIGRAD MINIMIZATION.  STRATEGY  1.  CONVERGENCE WHEN EDM .LT. 1.00e-04
 FCN=64.4002 FROM MIGRAD    STATUS=INITIATE       22 CALLS        4423 TOTAL
                     EDM= unknown      STRATEGY= 1      NO ERROR MATRIX       
  EXT PARAMETER               CURRENT GUESS       STEP         FIRST   
  NO.   NAME      VALUE            ERROR          SIZE      DERIVATIVE 
   1  N0           2.88283e+06   4.30867e+02   4.30867e+02   9.79013e-04
   2  tau          6.44106e+01   constant   
   3  A0           3.52357e-01   2.08917e-04   2.08917e-04   1.56539e+04
   4  phi          4.11597e+00   5.75742e-04   5.75742e-04  -4.20413e+03
   5  R           -5.98157e+01   constant   
   6  alpha_CBO    3.73411e-03   2.22725e-04   2.22725e-04   2.82524e+03
   7  w_CBO        2.32500e+00   constant   
   8  beta_CBO    -2.14216e-03   2.03540e-04   8.86918e-07  -5.90590e+01
   9  alpha_2CBO   4.00581e-04   2.10880e-04   3.98509e-07  -7.53979e+00
  10  beta_2CBO   -1.66700e-04     fixed    
  11  alpha_y      0.00000e+00     fixed    
  12  w_y          1.38860e+01   constant   
  13  beta_y      -6.13400e-04     fixed    
  14  alpha_vw     0.00000e+00     fixed    
  15  w_vw         1.43404e+01   constant   
  16  beta_vw      0.00000e+00     fixed    
  17  LM           1.60296e-04   constant   
  18  zeta_y       0.00000e+00   constant   
  19  zeta_vw      0.00000e+00   constant   
  20  T_CBO        9.29590e+00   1.18983e+00  -3.62542e-04  -6.61646e+01
  21  alpha_A0     7.36072e+04   1.48113e+05   4.27841e+03   1.19734e-07
  22  beta_A0      2.02431e+04   4.68117e+04   1.35030e+03   5.50865e-06
  23  alpha_phi    4.97881e+04   1.07224e+05   3.09524e+03   2.93092e-06
  24  beta_phi    -8.90999e+04   1.83533e+05  -5.29941e+03   7.73223e-06
 CALL LIMIT EXCEEDED IN MIGRAD.
 MIGRAD TERMINATED WITHOUT CONVERGENCE.
 FCN=59.3427 FROM MIGRAD    STATUS=CALL LIMIT   1925 CALLS        6326 TOTAL
                     EDM=0.00592546    STRATEGY= 1  ERROR MATRIX UNCERTAINTY  21.2 per cent
  EXT PARAMETER                APPROXIMATE        STEP         FIRST   
  NO.   NAME      VALUE            ERROR          SIZE      DERIVATIVE 
   1  N0           2.88264e+06   4.37915e+02   1.12854e+00  -5.10799e-05
   2  tau          6.44106e+01   constant   
   3  A0           3.51971e-01   2.04093e-04   6.07117e-07   2.51998e+01
   4  phi          4.11685e+00   5.60698e-04  -2.43459e-06   5.96410e+00
   5  R           -5.98157e+01   constant   
   6  alpha_CBO    3.70391e-03   2.06298e-04  -4.33318e-07   1.11169e+01
   7  w_CBO        2.32500e+00   constant   
   8  beta_CBO    -2.25625e-03   2.09655e-04   9.28227e-07  -1.42305e+01
   9  alpha_2CBO   3.80909e-04   2.02294e-04   4.10451e-07  -4.80788e+01
  10  beta_2CBO   -1.66700e-04     fixed    
  11  alpha_y      0.00000e+00     fixed    
  12  w_y          1.38860e+01   constant   
  13  beta_y      -6.13400e-04     fixed    
  14  alpha_vw     0.00000e+00     fixed    
  15  w_vw         1.43404e+01   constant   
  16  beta_vw      0.00000e+00     fixed    
  17  LM           1.60296e-04   constant   
  18  zeta_y       0.00000e+00   constant   
  19  zeta_vw      0.00000e+00   constant   
  20  T_CBO        1.26367e+01   1.31470e+00   6.34202e-05  -2.65099e+01
  21  alpha_A0     7.21637e+02   9.89166e+02   4.44803e+00  -1.48026e-04
  22  beta_A0      2.39420e+02   6.15095e+02  -8.15684e+00  -1.13650e-04
  23  alpha_phi    5.85542e+02   1.09259e+03  -4.40758e+00  -1.96559e-04
  24  beta_phi    -8.80107e+02   1.18792e+03  -7.12710e+00  -1.04928e-04
 EXTERNAL ERROR MATRIX.    NDIM=  25    NPAR= 11    ERR DEF=1
  1.918e+05 
  5.162e-03  4.165e-08 
 -1.752e-02 -5.588e-09  3.144e-07 
 -8.340e-03 -1.648e-09 -8.020e-09  4.256e-08 
 -9.341e-04  7.848e-09 -1.321e-08  1.264e-09  4.396e-08 
  3.830e-03 -6.181e-10  1.008e-09 -2.976e-09  1.710e-09  4.092e-08 
 -3.513e+01  1.160e-05 -3.984e-05 -1.020e-05  9.746e-06  6.036e-06  1.729e+00 
  9.289e+03  1.703e-03  1.129e-02 -3.938e-03 -1.169e-03 -1.032e-02 -1.229e+03  9.784e+05 
 -1.709e+03 -8.105e-04  3.379e-02  5.827e-03 -1.696e-02  4.645e-03 -6.386e+02  4.203e+05  3.783e+05 
 -1.632e+03 -1.228e-02  5.345e-02  2.073e-02 -7.491e-03 -1.179e-02 -1.359e+03  9.121e+05  4.895e+05  1.194e+06 
 -1.389e+04 -1.860e-03 -2.872e-02 -9.094e-03  1.015e-02 -4.927e-03  1.498e+03 -1.047e+06 -6.134e+05 -1.198e+06  1.411e+06 
ERR MATRIX APPROXIMATE
 PARAMETER  CORRELATION COEFFICIENTS  
       NO.  GLOBAL      1      3      4      6      8      9     20     21     22     23     24
        1  0.39536   1.000  0.058 -0.071 -0.092 -0.010  0.043 -0.061  0.021 -0.006 -0.003 -0.027
        3  0.33430   0.058  1.000 -0.049 -0.039  0.183 -0.015  0.043  0.008 -0.006 -0.055 -0.008
        4  0.24697  -0.071 -0.049  1.000 -0.069 -0.112  0.009 -0.054  0.020  0.098  0.087 -0.043
        6  0.26060  -0.092 -0.039 -0.069  1.000  0.029 -0.071 -0.038 -0.019  0.046  0.092 -0.037
        8  0.28333  -0.010  0.183 -0.112  0.029  1.000  0.040  0.035 -0.006 -0.132 -0.033  0.041
        9  0.26571   0.043 -0.015  0.009 -0.071  0.040  1.000  0.023 -0.052  0.037 -0.053 -0.021
       20  0.99167  -0.061  0.043 -0.054 -0.038  0.035  0.023  1.000 -0.945 -0.790 -0.946  0.959
       21  0.96923   0.021  0.008  0.020 -0.019 -0.006 -0.052 -0.945  1.000  0.691  0.844 -0.891
       22  0.88038  -0.006 -0.006  0.098  0.046 -0.132  0.037 -0.790  0.691  1.000  0.728 -0.840
       23  0.96912  -0.003 -0.055  0.087  0.092 -0.033 -0.053 -0.946  0.844  0.728  1.000 -0.923
       24  0.97290  -0.027 -0.008 -0.043 -0.037  0.041 -0.021  0.959 -0.891 -0.840 -0.923  1.000
 ERR MATRIX APPROXIMATE
MINUIT - FIT ONLY 1-y
 **********
 **   51 **RES 
 **********
                   PARAMETER   16  beta_vw RESTORED TO VARIABLE.
                   PARAMETER   14  alpha_vw RESTORED TO VARIABLE.
                   PARAMETER   13  beta_y RESTORED TO VARIABLE.
                   PARAMETER   11  alpha_y RESTORED TO VARIABLE.
                   PARAMETER   10  beta_2CBO RESTORED TO VARIABLE.
 **********
 **   52 **FIX            0
 **********
 PARAMETER    0  IS UNDEFINED. IGNORED.
 **********
 **   53 **FIX            1
 **********
 **********
 **   54 **FIX            2
 **********
 PARAMETER    2  IS CONSTANT.   IGNORED.
 **********
 **   55 **FIX            3
 **********
 **********
 **   56 **FIX            4
 **********
 **********
 **   57 **FIX            5
 **********
 PARAMETER    5  IS CONSTANT.   IGNORED.
 **********
 **   58 **FIX            6
 **********
 **********
 **   59 **FIX            7
 **********
 PARAMETER    7  IS CONSTANT.   IGNORED.
 **********
 **   60 **FIX            8
 **********
 **********
 **   61 **FIX            9
 **********
 **********
 **   62 **FIX           13
 **********
 **********
 **   63 **FIX           14
 **********
 **********
 **   64 **FIX           15
 **********
 PARAMETER   15  IS CONSTANT.   IGNORED.
 **********
 **   65 **FIX           16
 **********
 **********
 **   66 **MIGRAD
 **********
 START MIGRAD MINIMIZATION.  STRATEGY  1.  CONVERGENCE WHEN EDM .LT. 1.00e-04
 FCN=59.3427 FROM MIGRAD    STATUS=INITIATE       16 CALLS        6342 TOTAL
                     EDM= unknown      STRATEGY= 1      NO ERROR MATRIX       
  EXT PARAMETER               CURRENT GUESS       STEP         FIRST   
  NO.   NAME      VALUE            ERROR          SIZE      DERIVATIVE 
   1  N0           2.88264e+06     fixed    
   2  tau          6.44106e+01   constant   
   3  A0           3.51971e-01     fixed    
   4  phi          4.11685e+00     fixed    
   5  R           -5.98157e+01   constant   
   6  alpha_CBO    3.70391e-03     fixed    
   7  w_CBO        2.32500e+00   constant   
   8  beta_CBO    -2.25625e-03     fixed    
   9  alpha_2CBO   3.80909e-04     fixed    
  10  beta_2CBO   -1.66700e-04   2.10387e-04   2.10387e-04  -6.59043e+03
  11  alpha_y      0.00000e+00   1.00000e-03   1.00000e-03  -3.51330e+03
  12  w_y          1.38860e+01   constant   
  13  beta_y      -6.13400e-04     fixed    
  14  alpha_vw     0.00000e+00     fixed    
  15  w_vw         1.43404e+01   constant   
  16  beta_vw      0.00000e+00     fixed    
  17  LM           1.60296e-04   constant   
  18  zeta_y       0.00000e+00   constant   
  19  zeta_vw      0.00000e+00   constant   
  20  T_CBO        1.26367e+01   1.31470e+00   6.34202e-05  -2.65099e+01
  21  alpha_A0     7.21637e+02   9.89166e+02   4.44803e+00  -1.48026e-04
  22  beta_A0      2.39420e+02   6.15095e+02  -8.15684e+00  -1.13650e-04
  23  alpha_phi    5.85542e+02   1.09259e+03  -4.40758e+00  -1.96559e-04
  24  beta_phi    -8.80107e+02   1.18792e+03  -7.12710e+00  -1.04928e-04
 CALL LIMIT EXCEEDED IN MIGRAD.
 MIGRAD TERMINATED WITHOUT CONVERGENCE.
 FCN=58.5025 FROM MIGRAD    STATUS=CALL LIMIT   1154 CALLS        7480 TOTAL
                     EDM=0.00255285    STRATEGY= 1  ERROR MATRIX UNCERTAINTY  25.7 per cent
  EXT PARAMETER                APPROXIMATE        STEP         FIRST   
  NO.   NAME      VALUE            ERROR          SIZE      DERIVATIVE 
   1  N0           2.88264e+06     fixed    
   2  tau          6.44106e+01   constant   
   3  A0           3.51971e-01     fixed    
   4  phi          4.11685e+00     fixed    
   5  R           -5.98157e+01   constant   
   6  alpha_CBO    3.70391e-03     fixed    
   7  w_CBO        2.32500e+00   constant   
   8  beta_CBO    -2.25625e-03     fixed    
   9  alpha_2CBO   3.80909e-04     fixed    
  10  beta_2CBO   -1.65559e-05   2.09800e-04  -7.88432e-07  -4.98941e+01
  11  alpha_y      7.84873e-05   2.12472e-04  -2.10277e-08  -5.97483e+00
  12  w_y          1.38860e+01   constant   
  13  beta_y      -6.13400e-04     fixed    
  14  alpha_vw     0.00000e+00     fixed    
  15  w_vw         1.43404e+01   constant   
  16  beta_vw      0.00000e+00     fixed    
  17  LM           1.60296e-04   constant   
  18  zeta_y       0.00000e+00   constant   
  19  zeta_vw      0.00000e+00   constant   
  20  T_CBO        1.76563e+01   5.05323e+00   1.26408e-03  -2.23118e+01
  21  alpha_A0     2.00641e+01   5.71228e+01  -1.95663e+00  -3.01506e-03
  22  beta_A0      6.17245e+00   1.93412e+01  -6.34862e-01  -2.83460e-03
  23  alpha_phi    1.63929e+01   4.65073e+01  -1.44642e+00  -5.29388e-03
  24  beta_phi    -2.51312e+01   6.98505e+01   2.37358e+00   5.40634e-03
 EXTERNAL ERROR MATRIX.    NDIM=  25    NPAR=  7    ERR DEF=1
  4.402e-08 -5.776e-11 -5.684e-05  4.665e-04 -1.025e-04  6.550e-04 -9.358e-04 
 -5.776e-11  4.514e-08  1.685e-06  3.446e-06  9.532e-06 -3.829e-05  5.101e-05 
 -5.684e-05  1.685e-06  2.555e+01 -2.842e+02 -8.303e+01 -2.289e+02  3.495e+02 
  4.665e-04  3.446e-06 -2.842e+02  3.263e+03  8.892e+02  2.564e+03 -3.838e+03 
 -1.025e-04  9.532e-06 -8.303e+01  8.892e+02  3.741e+02  7.215e+02 -1.141e+03 
  6.550e-04 -3.829e-05 -2.289e+02  2.564e+03  7.215e+02  2.163e+03 -3.108e+03 
 -9.358e-04  5.101e-05  3.495e+02 -3.838e+03 -1.141e+03 -3.108e+03  4.879e+03 
ERR MATRIX APPROXIMATE
 PARAMETER  CORRELATION COEFFICIENTS  
       NO.  GLOBAL     10     11     20     21     22     23     24
       10  0.20453   1.000 -0.001 -0.054  0.039 -0.025  0.067 -0.064
       11  0.02119  -0.001  1.000  0.002  0.000  0.002 -0.004  0.003
       20  0.99784  -0.054  0.002  1.000 -0.984 -0.849 -0.974  0.990
       21  0.99006   0.039  0.000 -0.984  1.000  0.805  0.965 -0.962
       22  0.87900  -0.025  0.002 -0.849  0.805  1.000  0.802 -0.845
       23  0.97607   0.067 -0.004 -0.974  0.965  0.802  1.000 -0.957
       24  0.99286  -0.064  0.003  0.990 -0.962 -0.845 -0.957  1.000
 ERR MATRIX APPROXIMATE
MINUIT - FIT ONLY 2-y
 **********
 **   67 **RES 
 **********
                   PARAMETER   16  beta_vw RESTORED TO VARIABLE.
                   PARAMETER   14  alpha_vw RESTORED TO VARIABLE.
                   PARAMETER   13  beta_y RESTORED TO VARIABLE.
                   PARAMETER    9  alpha_2CBO RESTORED TO VARIABLE.
                   PARAMETER    8  beta_CBO RESTORED TO VARIABLE.
                   PARAMETER    6  alpha_CBO RESTORED TO VARIABLE.
                   PARAMETER    4  phi RESTORED TO VARIABLE.
                   PARAMETER    3  A0 RESTORED TO VARIABLE.
                   PARAMETER    1  N0 RESTORED TO VARIABLE.
 **********
 **   68 **FIX            0
 **********
 PARAMETER    0  IS UNDEFINED. IGNORED.
 **********
 **   69 **FIX            1
 **********
 **********
 **   70 **FIX            2
 **********
 PARAMETER    2  IS CONSTANT.   IGNORED.
 **********
 **   71 **FIX            3
 **********
 **********
 **   72 **FIX            4
 **********
 **********
 **   73 **FIX            5
 **********
 PARAMETER    5  IS CONSTANT.   IGNORED.
 **********
 **   74 **FIX            6
 **********
 **********
 **   75 **FIX            7
 **********
 PARAMETER    7  IS CONSTANT.   IGNORED.
 **********
 **   76 **FIX            8
 **********
 **********
 **   77 **FIX            9
 **********
 **********
 **   78 **FIX           10
 **********
 **********
 **   79 **FIX           11
 **********
 **********
 **   80 **FIX           12
 **********
 PARAMETER   12  IS CONSTANT.   IGNORED.
 **********
 **   81 **FIX           16
 **********
 **********
 **   82 **MIGRAD
 **********
 START MIGRAD MINIMIZATION.  STRATEGY  1.  CONVERGENCE WHEN EDM .LT. 1.00e-04
 FCN=58.5025 FROM MIGRAD    STATUS=INITIATE       14 CALLS        7494 TOTAL
                     EDM= unknown      STRATEGY= 1      NO ERROR MATRIX       
  EXT PARAMETER               CURRENT GUESS       STEP         FIRST   
  NO.   NAME      VALUE            ERROR          SIZE      DERIVATIVE 
   1  N0           2.88264e+06     fixed    
   2  tau          6.44106e+01   constant   
   3  A0           3.51971e-01     fixed    
   4  phi          4.11685e+00     fixed    
   5  R           -5.98157e+01   constant   
   6  alpha_CBO    3.70391e-03     fixed    
   7  w_CBO        2.32500e+00   constant   
   8  beta_CBO    -2.25625e-03     fixed    
   9  alpha_2CBO   3.80909e-04     fixed    
  10  beta_2CBO   -1.65559e-05     fixed    
  11  alpha_y      7.84873e-05     fixed    
  12  w_y          1.38860e+01   constant   
  13  beta_y      -6.13400e-04   2.09156e-04   2.09156e-04  -9.70994e+02
  14  alpha_vw     0.00000e+00   1.00000e-03   1.00000e-03   1.93666e+03
  15  w_vw         1.43404e+01   constant   
  16  beta_vw      0.00000e+00     fixed    
  17  LM           1.60296e-04   constant   
  18  zeta_y       0.00000e+00   constant   
  19  zeta_vw      0.00000e+00   constant   
  20  T_CBO        1.76563e+01   5.05323e+00   1.26408e-03  -2.23118e+01
  21  alpha_A0     2.00641e+01   5.71228e+01  -1.95663e+00  -3.01506e-03
  22  beta_A0      6.17245e+00   1.93412e+01  -6.34862e-01  -2.83459e-03
  23  alpha_phi    1.63929e+01   4.65073e+01  -1.44642e+00  -5.29388e-03
  24  beta_phi    -2.51312e+01   6.98505e+01   2.37358e+00   5.40634e-03
 CALL LIMIT EXCEEDED IN MIGRAD.
 MIGRAD TERMINATED WITHOUT CONVERGENCE.
 FCN=58.4024 FROM MIGRAD    STATUS=CALL LIMIT   1154 CALLS        8634 TOTAL
                     EDM=5.98631e-05    STRATEGY= 1  ERROR MATRIX UNCERTAINTY  28.7 per cent
  EXT PARAMETER                APPROXIMATE        STEP         FIRST   
  NO.   NAME      VALUE            ERROR          SIZE      DERIVATIVE 
   1  N0           2.88264e+06     fixed    
   2  tau          6.44106e+01   constant   
   3  A0           3.51971e-01     fixed    
   4  phi          4.11685e+00     fixed    
   5  R           -5.98157e+01   constant   
   6  alpha_CBO    3.70391e-03     fixed    
   7  w_CBO        2.32500e+00   constant   
   8  beta_CBO    -2.25625e-03     fixed    
   9  alpha_2CBO   3.80909e-04     fixed    
  10  beta_2CBO   -1.65559e-05     fixed    
  11  alpha_y      7.84873e-05     fixed    
  12  w_y          1.38860e+01   constant   
  13  beta_y      -5.80826e-04   2.15472e-04   6.48925e-08   1.67937e-01
  14  alpha_vw    -5.02264e-05   2.16149e-04  -3.33000e-08  -9.68838e-02
  15  w_vw         1.43404e+01   constant   
  16  beta_vw      0.00000e+00     fixed    
  17  LM           1.60296e-04   constant   
  18  zeta_y       0.00000e+00   constant   
  19  zeta_vw      0.00000e+00   constant   
  20  T_CBO        2.31627e+01   1.75448e+01   1.86067e-04   6.25831e-01
  21  alpha_A0     2.37378e+00   1.25211e+01  -1.96281e-02   3.09734e-03
  22  beta_A0      7.34018e-01   3.98780e+00  -5.84503e-03   6.28704e-04
  23  alpha_phi    1.88592e+00   9.89305e+00  -1.35547e-02   9.37906e-04
  24  beta_phi    -2.97956e+00   1.55020e+01   2.22817e-02  -1.85301e-03
 EXTERNAL ERROR MATRIX.    NDIM=  25    NPAR=  7    ERR DEF=1
  4.643e-08 -1.064e-08  1.837e-04 -1.368e-04 -4.458e-05 -1.072e-04  1.585e-04 
 -1.064e-08  4.672e-08 -9.140e-05  7.033e-05  2.337e-05  5.225e-05 -7.656e-05 
  1.837e-04 -9.140e-05  3.092e+02 -2.195e+02 -6.791e+01 -1.732e+02  2.721e+02 
 -1.368e-04  7.033e-05 -2.195e+02  1.568e+02  4.823e+01  1.230e+02 -1.931e+02 
 -4.458e-05  2.337e-05 -6.791e+01  4.823e+01  1.590e+01  3.797e+01 -5.971e+01 
 -1.072e-04  5.225e-05 -1.732e+02  1.230e+02  3.797e+01  9.787e+01 -1.520e+02 
  1.585e-04 -7.656e-05  2.721e+02 -1.931e+02 -5.971e+01 -1.520e+02  2.403e+02 
ERR MATRIX APPROXIMATE
 PARAMETER  CORRELATION COEFFICIENTS  
       NO.  GLOBAL     13     14     20     21     22     23     24
       13  0.23508   1.000 -0.228  0.048 -0.051 -0.052 -0.050  0.047
       14  0.23028  -0.228  1.000 -0.024  0.026  0.027  0.024 -0.023
       20  0.99935   0.048 -0.024  1.000 -0.997 -0.968 -0.995  0.998
       21  0.99709  -0.051  0.026 -0.997  1.000  0.966  0.993 -0.995
       22  0.96870  -0.052  0.027 -0.968  0.966  1.000  0.963 -0.966
       23  0.99613  -0.050  0.024 -0.995  0.993  0.963  1.000 -0.991
