 + ++++++++++++++++++++++++++++++++++++++++++++++++++++++++++++++++++++ +
 +                                                                      +
 +           You have chose to blind your fitting according to          +
 +                omega_ref * (1 + (R +/- deltaR) *10^{-6})             +
 +                                                                      +
 + ++++++++++++++++++++++++++++++++++++++++++++++++++++++++++++++++++++ +
In main()...
reading format from /gm2data/zkhechad/run45/envelope/formats/formatB_sBin_constraintOn.txt
pBinTau 	= 0  
pBinPhi 	= 0  
constraintau 	= 1 
includeMopTerm 	= 0    
constrainMop    = 0   
Parameters after format file: pBinTau 0 pBinPhi 0 constraintau 1 includeMopTerm 0 constrainMop 0 c_e_scale 0.000000 
Opening file /gm2data/tbarrett/gm2fr/studies/run23_bunch_corrections/CorrectedFourier_Run3b.root.
reading full fit data from /gm2data/zkhechad/cboTemplates/Run4CBOTemplates/fullFits/noRF/sBin_constraintOn_cE0.0_seed0_noRF_calo22.root
windowBins = 69
fitting sliding window 910 from bin 1046 at 155.914000 to bin 1115 at 166.358000 (69 bins)

Reading data from /gm2data/cornell/histograms/aMethod/histogram_a_noRF.root
 **********
 **    1 **SET PRINTOUT            1
 **********
 **********
 **    2 **SET NOWARNINGS 
 **********
 PARAMETER DEFINITIONS:
    NO.   NAME         VALUE      STEP SIZE      LIMITS
     1 N0           3.01041e+06  1.00000e+02     no limits
     2 tau          6.44059e+01  constant
     3 A0           3.51736e-01  1.00000e-04     no limits
     4 phi          4.11589e+00  1.00000e-02     no limits
     5 R           -6.13499e+01  constant
     6 alpha_CBO    0.00000e+00  1.00000e-03     no limits
     7 w_CBO        2.32500e+00  constant
     8 beta_CBO     0.00000e+00  1.00000e-03     no limits
     9 alpha_2CBO   0.00000e+00  1.00000e-03     no limits
    10 beta_2CBO    0.00000e+00  1.00000e-03     no limits
    11 alpha_y      0.00000e+00  1.00000e-03     no limits
    12 w_y          1.38860e+01  constant
    13 beta_y       0.00000e+00  1.00000e-03     no limits
    14 alpha_vw     0.00000e+00  1.00000e-03     no limits
    15 w_vw         1.43404e+01  constant
    16 beta_vw      0.00000e+00  1.00000e-03     no limits
    17 LM           1.16863e-04  constant
    18 zeta_y       0.00000e+00  constant
    19 zeta_vw      0.00000e+00  constant
    20 T_CBO        1.00000e+02  1.00000e+00    0.00000e+00  1.00000e+03
    21 alpha_A0     0.00000e+00  1.00000e-03     no limits
    22 beta_A0      0.00000e+00  1.00000e-03     no limits
    23 alpha_phi    0.00000e+00  1.00000e-03     no limits
    24 beta_phi     0.00000e+00  1.00000e-03     no limits
MINUIT - FIT ONLY WIGGLE
 **********
 **    3 **FIX            5
 **********
 PARAMETER    5  IS CONSTANT.   IGNORED.
 **********
 **    4 **FIX            6
 **********
 **********
 **    5 **FIX            7
 **********
 PARAMETER    7  IS CONSTANT.   IGNORED.
 **********
 **    6 **FIX            8
 **********
 **********
 **    7 **FIX            9
 **********
 **********
 **    8 **FIX           10
 **********
 **********
 **    9 **FIX           11
 **********
 **********
 **   10 **FIX           12
 **********
 PARAMETER   12  IS CONSTANT.   IGNORED.
 **********
 **   11 **FIX           13
 **********
 **********
 **   12 **FIX           14
 **********
 **********
 **   13 **FIX           15
 **********
 PARAMETER   15  IS CONSTANT.   IGNORED.
 **********
 **   14 **FIX           16
 **********
 **********
 **   15 **MIGRAD
 **********
 FIRST CALL TO USER FUNCTION AT NEW START POINT, WITH IFLAG=4.
 START MIGRAD MINIMIZATION.  STRATEGY  1.  CONVERGENCE WHEN EDM .LT. 1.00e-04
 FCN=625.395 FROM MIGRAD    STATUS=INITIATE      437 CALLS         438 TOTAL
                     EDM= unknown      STRATEGY= 1      NO ERROR MATRIX       
  EXT PARAMETER               CURRENT GUESS       STEP         FIRST   
  NO.   NAME      VALUE            ERROR          SIZE      DERIVATIVE 
   1  N0           3.01041e+06   1.00000e+02   0.00000e+00   1.12772e-02
   2  tau          6.44059e+01   constant   
   3  A0           3.51736e-01   1.00000e-04   0.00000e+00   5.11942e+04
   4  phi          4.11589e+00   1.00000e-02   0.00000e+00   1.22155e+04
   5  R           -6.13499e+01   constant   
   6  alpha_CBO    0.00000e+00     fixed    
   7  w_CBO        2.32500e+00   constant   
   8  beta_CBO     0.00000e+00     fixed    
   9  alpha_2CBO   0.00000e+00     fixed    
  10  beta_2CBO    0.00000e+00     fixed    
  11  alpha_y      0.00000e+00     fixed    
  12  w_y          1.38860e+01   constant   
  13  beta_y       0.00000e+00     fixed    
  14  alpha_vw     0.00000e+00     fixed    
  15  w_vw         1.43404e+01   constant   
  16  beta_vw      0.00000e+00     fixed    
  17  LM           1.16863e-04   constant   
  18  zeta_y       0.00000e+00   constant   
  19  zeta_vw      0.00000e+00   constant   
  20  T_CBO        1.00000e+02   1.00000e+00   0.00000e+00   0.00000e+00
  21  alpha_A0     0.00000e+00   1.00000e-03   0.00000e+00   2.45763e+03
  22  beta_A0      0.00000e+00   1.00000e-03   0.00000e+00  -3.30225e+02
  23  alpha_phi    0.00000e+00   1.00000e-03   0.00000e+00   1.74210e+03
  24  beta_phi     0.00000e+00   1.00000e-03   0.00000e+00  -3.09665e+01
 CALL LIMIT EXCEEDED IN MIGRAD.
 MIGRAD TERMINATED WITHOUT CONVERGENCE.
 FCN=544.803 FROM MIGRAD    STATUS=CALL LIMIT   1324 CALLS        1325 TOTAL
                     EDM=0.00249031    STRATEGY= 1  ERROR MATRIX UNCERTAINTY   0.5 per cent
  EXT PARAMETER                APPROXIMATE        STEP         FIRST   
  NO.   NAME      VALUE            ERROR          SIZE      DERIVATIVE 
   1  N0           3.01006e+06   4.58813e+02   2.09090e+00   3.63908e-05
   2  tau          6.44059e+01   constant   
   3  A0           3.50649e-01   2.02917e-04   2.16487e-06  -2.78938e+01
   4  phi          4.11379e+00   5.76237e-04  -6.39503e-06  -8.94214e+00
   5  R           -6.13499e+01   constant   
   6  alpha_CBO    0.00000e+00     fixed    
   7  w_CBO        2.32500e+00   constant   
   8  beta_CBO     0.00000e+00     fixed    
   9  alpha_2CBO   0.00000e+00     fixed    
  10  beta_2CBO    0.00000e+00     fixed    
  11  alpha_y      0.00000e+00     fixed    
  12  w_y          1.38860e+01   constant   
  13  beta_y       0.00000e+00     fixed    
  14  alpha_vw     0.00000e+00     fixed    
  15  w_vw         1.43404e+01   constant   
  16  beta_vw      0.00000e+00     fixed    
  17  LM           1.16863e-04   constant   
  18  zeta_y       0.00000e+00   constant   
  19  zeta_vw      0.00000e+00   constant   
  20  T_CBO        8.81997e+02   6.08792e+02   1.75022e-01  -4.87036e-02
  21  alpha_A0    -5.22487e-03   2.28565e-03   7.97341e-05   6.24152e+01
  22  beta_A0      9.12344e-04   1.04648e-03  -2.74930e-05  -7.81813e+00
  23  alpha_phi   -2.84982e-03   1.44324e-03   5.11173e-05   5.56682e+01
  24  beta_phi     1.15049e-03   1.25477e-03  -2.28263e-05  -2.10968e+01
 EXTERNAL ERROR MATRIX.    NDIM=  25    NPAR=  8    ERR DEF=1
  2.105e+05  3.339e-03 -4.539e-02  3.332e+03 -7.466e-02 -4.779e-02 -5.630e-02  1.017e-01 
  3.339e-03  4.118e-08 -9.923e-10  1.260e-02  2.247e-08 -5.672e-09 -2.083e-08 -5.049e-08 
 -4.539e-02 -9.923e-10  3.320e-07 -3.170e-02  2.095e-08  1.593e-08  5.239e-08 -2.589e-08 
  3.332e+03  1.260e-02 -3.170e-02  1.966e+06  2.884e+00 -4.213e-01  1.562e+00 -6.501e-01 
 -7.466e-02  2.247e-08  2.095e-08  2.884e+00  5.224e-06 -4.416e-07  1.954e-06 -8.968e-07 
 -4.779e-02 -5.672e-09  1.593e-08 -4.213e-01 -4.416e-07  1.095e-06 -3.406e-07  1.647e-07 
 -5.630e-02 -2.083e-08  5.239e-08  1.562e+00  1.954e-06 -3.406e-07  2.083e-06 -2.825e-07 
  1.017e-01 -5.049e-08 -2.589e-08 -6.501e-01 -8.968e-07  1.647e-07 -2.825e-07  1.574e-06 
ERR MATRIX APPROXIMATE
 PARAMETER  CORRELATION COEFFICIENTS  
       NO.  GLOBAL      1      3      4     20     21     22     23     24
        1  0.40107   1.000  0.036 -0.172  0.005 -0.071 -0.100 -0.085  0.177
        3  0.24292   0.036  1.000 -0.008  0.044  0.048 -0.027 -0.071 -0.198
        4  0.27920  -0.172 -0.008  1.000 -0.039  0.016  0.026  0.063 -0.036
       20  0.96253   0.005  0.044 -0.039  1.000  0.900 -0.287  0.772 -0.370
       21  0.92770  -0.071  0.048  0.016  0.900  1.000 -0.185  0.592 -0.313
       22  0.34460  -0.100 -0.027  0.026 -0.287 -0.185  1.000 -0.226  0.125
       23  0.84664  -0.085 -0.071  0.063  0.772  0.592 -0.226  1.000 -0.156
       24  0.53223   0.177 -0.198 -0.036 -0.370 -0.313  0.125 -0.156  1.000
 ERR MATRIX APPROXIMATE
MINUIT - FIT ONLY 1-CBO + wiggle
 **********
 **   16 **RES 
 **********
                   PARAMETER   16  beta_vw RESTORED TO VARIABLE.
                   PARAMETER   14  alpha_vw RESTORED TO VARIABLE.
                   PARAMETER   13  beta_y RESTORED TO VARIABLE.
                   PARAMETER   11  alpha_y RESTORED TO VARIABLE.
                   PARAMETER   10  beta_2CBO RESTORED TO VARIABLE.
                   PARAMETER    9  alpha_2CBO RESTORED TO VARIABLE.
                   PARAMETER    8  beta_CBO RESTORED TO VARIABLE.
                   PARAMETER    6  alpha_CBO RESTORED TO VARIABLE.
 **********
 **   17 **FIX            8
 **********
 **********
 **   18 **FIX            9
 **********
 **********
 **   19 **FIX           11
 **********
 **********
 **   20 **FIX           12
 **********
 PARAMETER   12  IS CONSTANT.   IGNORED.
 **********
 **   21 **FIX           14
 **********
 **********
 **   22 **FIX           15
 **********
 PARAMETER   15  IS CONSTANT.   IGNORED.
 **********
 **   23 **FIX           16
 **********
 **********
 **   24 **MIGRAD
 **********
 START MIGRAD MINIMIZATION.  STRATEGY  1.  CONVERGENCE WHEN EDM .LT. 1.00e-04
 FCN=544.803 FROM MIGRAD    STATUS=INITIATE       28 CALLS        1353 TOTAL
                     EDM= unknown      STRATEGY= 1      NO ERROR MATRIX       
  EXT PARAMETER               CURRENT GUESS       STEP         FIRST   
  NO.   NAME      VALUE            ERROR          SIZE      DERIVATIVE 
   1  N0           3.01006e+06   4.58813e+02   2.09090e+00   3.63908e-05
   2  tau          6.44059e+01   constant   
   3  A0           3.50649e-01   2.02917e-04   2.16487e-06  -2.78938e+01
   4  phi          4.11379e+00   5.76237e-04  -6.39503e-06  -8.94214e+00
   5  R           -6.13499e+01   constant   
   6  alpha_CBO    0.00000e+00   1.00000e-03   1.00000e-03   1.96285e+05
   7  w_CBO        2.32500e+00   constant   
   8  beta_CBO     0.00000e+00     fixed    
   9  alpha_2CBO   0.00000e+00     fixed    
  10  beta_2CBO    0.00000e+00   1.00000e-03   1.00000e-03  -1.76150e+04
  11  alpha_y      0.00000e+00     fixed    
  12  w_y          1.38860e+01   constant   
  13  beta_y       0.00000e+00   1.00000e-03   1.00000e-03   4.91381e+03
  14  alpha_vw     0.00000e+00     fixed    
  15  w_vw         1.43404e+01   constant   
  16  beta_vw      0.00000e+00     fixed    
  17  LM           1.16863e-04   constant   
  18  zeta_y       0.00000e+00   constant   
  19  zeta_vw      0.00000e+00   constant   
  20  T_CBO        8.81997e+02   6.08792e+02   1.75022e-01  -4.87866e-02
  21  alpha_A0    -5.22487e-03   2.28565e-03   7.97341e-05   6.24152e+01
  22  beta_A0      9.12344e-04   1.04648e-03  -2.74930e-05  -7.81813e+00
  23  alpha_phi   -2.84982e-03   1.44324e-03   5.11173e-05   5.56682e+01
  24  beta_phi     1.15049e-03   1.25477e-03  -2.28263e-05  -2.10968e+01
 MIGRAD MINIMIZATION HAS CONVERGED.
 MIGRAD WILL VERIFY CONVERGENCE AND ERROR MATRIX.
 COVARIANCE MATRIX CALCULATED SUCCESSFULLY
 FCN=83.8716 FROM HESSE     STATUS=OK            100 CALLS        1642 TOTAL
                     EDM=0.000857553    STRATEGY= 1      ERROR MATRIX ACCURATE 
  EXT PARAMETER                                   STEP         FIRST   
  NO.   NAME      VALUE            ERROR          SIZE      DERIVATIVE 
   1  N0           3.01074e+06   4.68407e+02   1.96373e+00  -2.46804e-06
   2  tau          6.44059e+01   constant   
   3  A0           3.51408e-01   2.05609e-04   8.82996e-07   6.90484e+00
   4  phi          4.11562e+00   5.76347e-04   2.50841e-06   4.48249e-01
   5  R           -6.13499e+01   constant   
   6  alpha_CBO   -4.65392e-03   2.17593e-04   9.33878e-07  -7.33258e-01
   7  w_CBO        2.32500e+00   constant   
   8  beta_CBO     0.00000e+00     fixed    
   9  alpha_2CBO   0.00000e+00     fixed    
  10  beta_2CBO    4.52381e-04   2.13049e-04   9.31979e-07  -9.75884e-01
  11  alpha_y      0.00000e+00     fixed    
  12  w_y          1.38860e+01   constant   
  13  beta_y      -5.17577e-05   2.04443e-04   9.18695e-07  -1.23268e+00
  14  alpha_vw     0.00000e+00     fixed    
  15  w_vw         1.43404e+01   constant   
  16  beta_vw      0.00000e+00     fixed    
  17  LM           1.16863e-04   constant   
  18  zeta_y       0.00000e+00   constant   
  19  zeta_vw      0.00000e+00   constant   
  20  T_CBO        9.67024e+02   9.25044e+02   2.36237e-02  -5.71572e-03
  21  alpha_A0    -1.65413e-03   1.10690e-03   4.30670e-06  -2.30963e-02
  22  beta_A0     -9.99880e-05   9.22575e-04   4.08197e-06   7.12671e-01
  23  alpha_phi   -4.68204e-03   1.64483e-03   4.08428e-06  -1.99726e+00
  24  beta_phi     1.51019e-04   1.01785e-03   4.31587e-06   1.35142e+00
 MIGRAD MINIMIZATION HAS CONVERGED.
 FCN=83.8705 FROM MIGRAD    STATUS=CONVERGED     397 CALLS        1722 TOTAL
                     EDM=7.13025e-07    STRATEGY= 1  ERROR MATRIX UNCERTAINTY   0.0 per cent
  EXT PARAMETER                                   STEP         FIRST   
  NO.   NAME      VALUE            ERROR          SIZE      DERIVATIVE 
   1  N0           3.01074e+06   4.68485e+02  -4.65416e-02   1.13345e-06
   2  tau          6.44059e+01   constant   
   3  A0           3.51408e-01   2.05686e-04   3.54594e-08  -2.67023e+00
   4  phi          4.11562e+00   5.76357e-04   2.98930e-08  -2.24494e-01
   5  R           -6.13499e+01   constant   
   6  alpha_CBO   -4.65384e-03   2.17605e-04  -1.12895e-08   2.34902e-01
   7  w_CBO        2.32500e+00   constant   
   8  beta_CBO     0.00000e+00     fixed    
   9  alpha_2CBO   0.00000e+00     fixed    
  10  beta_2CBO    4.52473e-04   2.13070e-04  -1.64219e-08   2.16036e-01
  11  alpha_y      0.00000e+00     fixed    
  12  w_y          1.38860e+01   constant   
  13  beta_y      -5.17240e-05   2.04446e-04  -5.40485e-09   5.20185e-01
  14  alpha_vw     0.00000e+00     fixed    
  15  w_vw         1.43404e+01   constant   
  16  beta_vw      0.00000e+00     fixed    
  17  LM           1.16863e-04   constant   
  18  zeta_y       0.00000e+00   constant   
  19  zeta_vw      0.00000e+00   constant   
  20  T_CBO        9.99981e+02   9.35348e+02   2.55751e-02  -1.44996e-04
  21  alpha_A0    -1.64529e-03   9.94159e-04   9.40586e-07   1.14259e-01
  22  beta_A0     -9.99780e-05   9.22226e-04   1.51231e-07  -2.20336e-01
  23  alpha_phi   -4.65525e-03   8.94656e-04   2.38133e-06   1.02505e+00
  24  beta_phi     1.49700e-04   1.01691e-03  -7.43003e-09  -5.09777e-01
 EXTERNAL ERROR MATRIX.    NDIM=  25    NPAR= 11    ERR DEF=1
  2.195e+05 
  2.175e-03  4.231e-08 
 -4.739e-02  4.842e-09  3.322e-07 
 -6.251e-03 -7.786e-09 -1.817e-08  4.735e-08 
  3.519e-03 -2.562e-10  6.131e-09 -5.401e-10  4.540e-08 
  1.005e-03  1.235e-09  2.985e-10 -4.602e-10  6.287e-10  4.180e-08 
 -3.501e+01  3.812e-05  3.845e-05 -5.989e-06 -1.358e-05 -2.951e-06  1.951e+03 
 -7.770e-02  2.325e-08  5.169e-08 -3.765e-08 -1.953e-08  7.103e-10  3.896e-03  9.884e-07 
 -4.358e-02 -3.106e-09  8.564e-10  7.929e-09 -2.448e-08 -1.495e-09  3.089e-04  1.182e-08  8.505e-07 
 -5.560e-02 -2.000e-08  4.016e-08  2.114e-08  2.675e-08 -4.141e-09  1.086e-02 -5.503e-08 -5.334e-08  8.004e-07 
  9.098e-02 -4.594e-08 -3.032e-08  8.631e-09 -1.800e-08 -5.870e-09 -3.058e-04 -1.200e-07  3.203e-08  6.771e-08  1.034e-06 
 PARAMETER  CORRELATION COEFFICIENTS  
       NO.  GLOBAL      1      3      4      6     10     13     20     21     22     23     24
        1  0.36409   1.000  0.023 -0.176 -0.061  0.035  0.010 -0.002 -0.167 -0.101 -0.133  0.191
        3  0.29806   0.023  1.000  0.041 -0.174 -0.006  0.029  0.004  0.114 -0.016 -0.109 -0.220
        4  0.25488  -0.176  0.041  1.000 -0.145  0.050  0.003  0.002  0.090  0.002  0.078 -0.052
        6  0.30006  -0.061 -0.174 -0.145  1.000 -0.012 -0.010 -0.001 -0.174  0.040  0.109  0.039
       10  0.23819   0.035 -0.006  0.050 -0.012  1.000  0.014 -0.001 -0.092 -0.125  0.140 -0.083
       13  0.04615   0.010  0.029  0.003 -0.010  0.014  1.000 -0.000  0.003 -0.008 -0.023 -0.028
       20  0.30578  -0.002  0.004  0.002 -0.001 -0.001 -0.000  1.000  0.089  0.008  0.275 -0.007
       21  0.30981  -0.167  0.114  0.090 -0.174 -0.092  0.003  0.089  1.000  0.013 -0.062 -0.119
       22  0.18336  -0.101 -0.016  0.002  0.040 -0.125 -0.008  0.008  0.013  1.000 -0.065  0.034
       23  0.39495  -0.133 -0.109  0.078  0.109  0.140 -0.023  0.275 -0.062 -0.065  1.000  0.074
       24  0.33283   0.191 -0.220 -0.052  0.039 -0.083 -0.028 -0.007 -0.119  0.034  0.074  1.000
MINUIT - FIT ONLY 2-CBO
 **********
 **   25 **RES 
 **********
                   PARAMETER   16  beta_vw RESTORED TO VARIABLE.
                   PARAMETER   14  alpha_vw RESTORED TO VARIABLE.
                   PARAMETER   11  alpha_y RESTORED TO VARIABLE.
                   PARAMETER    9  alpha_2CBO RESTORED TO VARIABLE.
                   PARAMETER    8  beta_CBO RESTORED TO VARIABLE.
 **********
 **   26 **FIX            0
 **********
 PARAMETER    0  IS UNDEFINED. IGNORED.
 **********
 **   27 **FIX            1
 **********
 **********
 **   28 **FIX            2
 **********
 PARAMETER    2  IS CONSTANT.   IGNORED.
 **********
 **   29 **FIX            3
 **********
 **********
 **   30 **FIX            4
 **********
 **********
 **   31 **FIX            5
 **********
 PARAMETER    5  IS CONSTANT.   IGNORED.
 **********
 **   32 **FIX            6
 **********
 **********
 **   33 **FIX            7
 **********
 PARAMETER    7  IS CONSTANT.   IGNORED.
 **********
 **   34 **FIX           10
 **********
 **********
 **   35 **FIX           11
 **********
 **********
 **   36 **FIX           12
 **********
 PARAMETER   12  IS CONSTANT.   IGNORED.
 **********
 **   37 **FIX           13
 **********
 **********
 **   38 **FIX           14
 **********
 **********
 **   39 **FIX           15
 **********
 PARAMETER   15  IS CONSTANT.   IGNORED.
 **********
 **   40 **FIX           16
 **********
 **********
 **   41 **MIGRAD
 **********
 START MIGRAD MINIMIZATION.  STRATEGY  1.  CONVERGENCE WHEN EDM .LT. 1.00e-04
 FCN=83.8705 FROM MIGRAD    STATUS=INITIATE       18 CALLS        1740 TOTAL
                     EDM= unknown      STRATEGY= 1      NO ERROR MATRIX       
  EXT PARAMETER               CURRENT GUESS       STEP         FIRST   
  NO.   NAME      VALUE            ERROR          SIZE      DERIVATIVE 
   1  N0           3.01074e+06     fixed    
   2  tau          6.44059e+01   constant   
   3  A0           3.51408e-01     fixed    
   4  phi          4.11562e+00     fixed    
   5  R           -6.13499e+01   constant   
   6  alpha_CBO   -4.65384e-03     fixed    
   7  w_CBO        2.32500e+00   constant   
   8  beta_CBO     0.00000e+00   1.00000e-03   1.00000e-03  -3.77512e+04
   9  alpha_2CBO   0.00000e+00   1.00000e-03   1.00000e-03   4.35865e+03
  10  beta_2CBO    4.52473e-04     fixed    
  11  alpha_y      0.00000e+00     fixed    
  12  w_y          1.38860e+01   constant   
  13  beta_y      -5.17240e-05     fixed    
  14  alpha_vw     0.00000e+00     fixed    
  15  w_vw         1.43404e+01   constant   
  16  beta_vw      0.00000e+00     fixed    
  17  LM           1.16863e-04   constant   
  18  zeta_y       0.00000e+00   constant   
  19  zeta_vw      0.00000e+00   constant   
  20  T_CBO        9.99981e+02   9.35348e+02   2.55751e-02  -1.44465e-04
  21  alpha_A0    -1.64529e-03   9.94159e-04   9.40586e-07   1.14256e-01
  22  beta_A0     -9.99780e-05   9.22226e-04   1.51231e-07  -2.20332e-01
  23  alpha_phi   -4.65525e-03   8.94656e-04   2.38133e-06   1.02505e+00
  24  beta_phi     1.49700e-04   1.01691e-03  -7.43003e-09  -5.09777e-01
 MIGRAD MINIMIZATION HAS CONVERGED.
 MIGRAD WILL VERIFY CONVERGENCE AND ERROR MATRIX.
 COVARIANCE MATRIX CALCULATED SUCCESSFULLY
 FCN=68.2261 FROM MIGRAD    STATUS=CONVERGED     130 CALLS        1852 TOTAL
                     EDM=6.07281e-06    STRATEGY= 1      ERROR MATRIX ACCURATE 
  EXT PARAMETER                                   STEP         FIRST   
  NO.   NAME      VALUE            ERROR          SIZE      DERIVATIVE 
   1  N0           3.01074e+06     fixed    
   2  tau          6.44059e+01   constant   
   3  A0           3.51408e-01     fixed    
   4  phi          4.11562e+00     fixed    
   5  R           -6.13499e+01   constant   
   6  alpha_CBO   -4.65384e-03     fixed    
   7  w_CBO        2.32500e+00   constant   
   8  beta_CBO     8.13384e-04   2.07013e-04   8.27178e-07   5.34135e-01
   9  alpha_2CBO  -1.33718e-04   2.08718e-04   8.28797e-07   9.61437e+00
  10  beta_2CBO    4.52473e-04     fixed    
  11  alpha_y      0.00000e+00     fixed    
  12  w_y          1.38860e+01   constant   
  13  beta_y      -5.17240e-05     fixed    
  14  alpha_vw     0.00000e+00     fixed    
  15  w_vw         1.43404e+01   constant   
  16  beta_vw      0.00000e+00     fixed    
  17  LM           1.16863e-04   constant   
  18  zeta_y       0.00000e+00   constant   
  19  zeta_vw      0.00000e+00   constant   
  20  T_CBO        1.00000e+03   9.58442e+02   4.84625e-02** at limit **
  21  alpha_A0    -1.45661e-03   9.60052e-04   3.86807e-06   2.29806e+00
  22  beta_A0     -7.45437e-04   9.20230e-04   3.66499e-06  -9.80074e-02
  23  alpha_phi   -4.58116e-03   9.18195e-04   3.66845e-06   1.66067e+00
  24  beta_phi     3.09927e-04   9.71405e-04   3.87567e-06  -1.35825e+00
 EXTERNAL ERROR MATRIX.    NDIM=  25    NPAR=  7    ERR DEF=1
  4.285e-08 -2.067e-09 -2.149e-08  7.721e-09 -3.267e-08  1.556e-09  5.235e-09 
 -2.067e-09  4.356e-08 -2.298e-09 -1.909e-08  1.325e-08 -2.047e-08 -2.886e-08 
 -2.149e-08 -2.298e-09  1.179e+00 -3.072e-05 -1.602e-05 -9.744e-05  6.624e-06 
  7.721e-09 -1.909e-08 -3.072e-05  9.217e-07 -1.607e-08 -3.800e-10 -5.394e-08 
 -3.267e-08  1.325e-08 -1.602e-05 -1.607e-08  8.468e-07 -5.506e-08  2.327e-08 
  1.556e-09 -2.047e-08 -9.744e-05 -3.800e-10 -5.506e-08  8.431e-07  9.109e-08 
  5.235e-09 -2.886e-08  6.624e-06 -5.394e-08  2.327e-08  9.109e-08  9.436e-07 
 PARAMETER  CORRELATION COEFFICIENTS  
       NO.  GLOBAL      8      9     20     21     22     23     24
        8  0.18064   1.000 -0.048 -0.000  0.039 -0.171  0.008  0.026
        9  0.21128  -0.048  1.000 -0.000 -0.095  0.069 -0.107 -0.142
       20  0.10629  -0.000 -0.000  1.000 -0.029 -0.016 -0.098  0.006
       21  0.12831   0.039 -0.095 -0.029  1.000 -0.018 -0.000 -0.058
       22  0.19736  -0.171  0.069 -0.016 -0.018  1.000 -0.065  0.026
       23  0.18130   0.008 -0.107 -0.098 -0.000 -0.065  1.000  0.102
       24  0.18852   0.026 -0.142  0.006 -0.058  0.026  0.102  1.000
MINUIT - FIT wiggle + 1-CBO + 2-CBO
 **********
 **   42 **RES 
 **********
                   PARAMETER   16  beta_vw RESTORED TO VARIABLE.
                   PARAMETER   14  alpha_vw RESTORED TO VARIABLE.
                   PARAMETER   13  beta_y RESTORED TO VARIABLE.
                   PARAMETER   11  alpha_y RESTORED TO VARIABLE.
                   PARAMETER   10  beta_2CBO RESTORED TO VARIABLE.
                   PARAMETER    6  alpha_CBO RESTORED TO VARIABLE.
                   PARAMETER    4  phi RESTORED TO VARIABLE.
                   PARAMETER    3  A0 RESTORED TO VARIABLE.
                   PARAMETER    1  N0 RESTORED TO VARIABLE.
 **********
 **   43 **FIX           10
 **********
 **********
 **   44 **FIX           11
 **********
 **********
 **   45 **FIX           12
 **********
 PARAMETER   12  IS CONSTANT.   IGNORED.
 **********
 **   46 **FIX           13
 **********
 **********
 **   47 **FIX           14
 **********
 **********
 **   48 **FIX           15
 **********
 PARAMETER   15  IS CONSTANT.   IGNORED.
 **********
 **   49 **FIX           16
 **********
 **********
 **   50 **MIGRAD
 **********
 START MIGRAD MINIMIZATION.  STRATEGY  1.  CONVERGENCE WHEN EDM .LT. 1.00e-04
 FCN=68.2261 FROM MIGRAD    STATUS=INITIATE       22 CALLS        1874 TOTAL
                     EDM= unknown      STRATEGY= 1      NO ERROR MATRIX       
  EXT PARAMETER               CURRENT GUESS       STEP         FIRST   
  NO.   NAME      VALUE            ERROR          SIZE      DERIVATIVE 
   1  N0           3.01074e+06   4.68485e+02   4.68485e+02  -2.88631e-04
   2  tau          6.44059e+01   constant   
   3  A0           3.51408e-01   2.05686e-04   2.05686e-04  -7.33104e+03
   4  phi          4.11562e+00   5.76357e-04   5.76357e-04   1.54791e+03
   5  R           -6.13499e+01   constant   
   6  alpha_CBO   -4.65384e-03   2.17605e-04   2.17605e-04  -1.27960e+03
   7  w_CBO        2.32500e+00   constant   
   8  beta_CBO     8.13384e-04   2.07013e-04   8.27178e-07   5.34358e-01
   9  alpha_2CBO  -1.33718e-04   2.08718e-04   8.28797e-07   9.61515e+00
  10  beta_2CBO    4.52473e-04     fixed    
  11  alpha_y      0.00000e+00     fixed    
  12  w_y          1.38860e+01   constant   
  13  beta_y      -5.17240e-05     fixed    
  14  alpha_vw     0.00000e+00     fixed    
  15  w_vw         1.43404e+01   constant   
  16  beta_vw      0.00000e+00     fixed    
  17  LM           1.16863e-04   constant   
  18  zeta_y       0.00000e+00   constant   
  19  zeta_vw      0.00000e+00   constant   
  20  T_CBO        9.99999e+02   9.58442e+02   4.84625e-02  -3.96102e-05
  21  alpha_A0    -1.45661e-03   9.60052e-04   3.86807e-06   2.29857e+00
  22  beta_A0     -7.45437e-04   9.20230e-04   3.66499e-06  -9.75987e-02
  23  alpha_phi   -4.58116e-03   9.18195e-04   3.66845e-06   1.66240e+00
  24  beta_phi     3.09927e-04   9.71405e-04   3.87567e-06  -1.35848e+00
 MIGRAD MINIMIZATION HAS CONVERGED.
 MIGRAD WILL VERIFY CONVERGENCE AND ERROR MATRIX.
 COVARIANCE MATRIX CALCULATED SUCCESSFULLY
 FCN=67.4253 FROM MIGRAD    STATUS=CONVERGED     240 CALLS        2092 TOTAL
                     EDM=1.42196e-06    STRATEGY= 1      ERROR MATRIX ACCURATE 
  EXT PARAMETER                                   STEP         FIRST   
  NO.   NAME      VALUE            ERROR          SIZE      DERIVATIVE 
   1  N0           3.01082e+06   4.68739e+02   1.76328e+00   6.82734e-07
   2  tau          6.44059e+01   constant   
   3  A0           3.51564e-01   2.10344e-04   7.92729e-07  -3.58641e-01
   4  phi          4.11535e+00   5.79165e-04   2.25122e-06  -6.53877e-01
   5  R           -6.13499e+01   constant   
   6  alpha_CBO   -4.63935e-03   2.18068e-04   8.38526e-07  -4.08049e+00
   7  w_CBO        2.32500e+00   constant   
   8  beta_CBO     8.56956e-04   2.12661e-04   8.22367e-07   1.08040e+00
   9  alpha_2CBO  -1.23769e-04   2.09782e-04   8.23981e-07  -2.12681e+00
  10  beta_2CBO    4.52473e-04     fixed    
  11  alpha_y      0.00000e+00     fixed    
  12  w_y          1.38860e+01   constant   
  13  beta_y      -5.17240e-05     fixed    
  14  alpha_vw     0.00000e+00     fixed    
  15  w_vw         1.43404e+01   constant   
  16  beta_vw      0.00000e+00     fixed    
  17  LM           1.16863e-04   constant   
  18  zeta_y       0.00000e+00   constant   
  19  zeta_vw      0.00000e+00   constant   
  20  T_CBO        1.00000e+03   9.99988e+02   3.73501e-02** at limit **
  21  alpha_A0    -1.44656e-03   9.93641e-04   3.84468e-06  -9.19928e-01
  22  beta_A0     -7.92183e-04   9.25799e-04   3.64272e-06   2.39435e-01
  23  alpha_phi   -4.68605e-03   9.35475e-04   3.64543e-06   4.98974e-02
  24  beta_phi     1.72171e-04   1.01877e-03   3.85132e-06   7.72175e-01
 EXTERNAL ERROR MATRIX.    NDIM=  25    NPAR= 11    ERR DEF=1
  2.197e+05 
  3.283e-03  4.424e-08 
 -4.904e-02  2.256e-09  3.354e-07 
 -6.368e-03 -7.954e-09 -1.831e-08  4.755e-08 
  4.362e-03  8.665e-09 -1.409e-08  4.165e-10  4.522e-08 
  2.550e-03  3.601e-09  1.800e-09 -3.107e-09 -1.477e-09  4.401e-08 
  3.247e-03 -1.589e-08 -2.287e-08 -1.004e-09 -4.169e-09 -1.257e-09  1.567e-02 
 -7.614e-02  2.329e-08  5.098e-08 -3.641e-08  8.689e-09 -1.616e-08 -2.527e-06  9.873e-07 
 -4.396e-02 -9.087e-09  1.472e-08  6.533e-09 -3.526e-08  1.187e-08 -1.409e-06 -8.200e-09  8.571e-07 
 -5.999e-02 -2.212e-08  3.765e-08  2.283e-08 -4.319e-09 -2.365e-08 -8.267e-06 -3.399e-09 -3.739e-08  8.751e-07 
  8.993e-02 -4.927e-08 -2.800e-08  1.061e-08 -2.569e-09 -3.211e-08  3.180e-07 -1.162e-07  1.557e-08  9.243e-08  1.038e-06 
 PARAMETER  CORRELATION COEFFICIENTS  
       NO.  GLOBAL      1      3      4      6      8      9     20     21     22     23     24
        1  0.35727   1.000  0.033 -0.181 -0.062  0.044  0.026  0.000 -0.163 -0.101 -0.137  0.188
        3  0.35969   0.033  1.000  0.019 -0.173  0.194  0.082 -0.001  0.111 -0.047 -0.112 -0.230
        4  0.27178  -0.181  0.019  1.000 -0.145 -0.114  0.015 -0.000  0.089  0.027  0.069 -0.047
        6  0.30603  -0.062 -0.173 -0.145  1.000  0.009 -0.068 -0.000 -0.168  0.032  0.112  0.048
        8  0.28872   0.044  0.194 -0.114  0.009  1.000 -0.033 -0.000  0.041 -0.179 -0.022 -0.012
        9  0.23308   0.026  0.082  0.015 -0.068 -0.033  1.000 -0.000 -0.078  0.061 -0.121 -0.150
       20  0.07811   0.000 -0.001 -0.000 -0.000 -0.000 -0.000  1.000 -0.020 -0.012 -0.071  0.002
       21  0.28687  -0.163  0.111  0.089 -0.168  0.041 -0.078 -0.020  1.000 -0.009 -0.004 -0.115
       22  0.22585  -0.101 -0.047  0.027  0.032 -0.179  0.061 -0.012 -0.009  1.000 -0.043  0.017
       23  0.26298  -0.137 -0.112  0.069  0.112 -0.022 -0.121 -0.071 -0.004 -0.043  1.000  0.097
       24  0.35211   0.188 -0.230 -0.047  0.048 -0.012 -0.150  0.002 -0.115  0.017  0.097  1.000
MINUIT - FIT ONLY 1-y
 **********
 **   51 **RES 
 **********
                   PARAMETER   16  beta_vw RESTORED TO VARIABLE.
                   PARAMETER   14  alpha_vw RESTORED TO VARIABLE.
                   PARAMETER   13  beta_y RESTORED TO VARIABLE.
                   PARAMETER   11  alpha_y RESTORED TO VARIABLE.
                   PARAMETER   10  beta_2CBO RESTORED TO VARIABLE.
 **********
 **   52 **FIX            0
 **********
 PARAMETER    0  IS UNDEFINED. IGNORED.
 **********
 **   53 **FIX            1
 **********
 **********
 **   54 **FIX            2
 **********
 PARAMETER    2  IS CONSTANT.   IGNORED.
 **********
 **   55 **FIX            3
 **********
 **********
 **   56 **FIX            4
 **********
 **********
 **   57 **FIX            5
 **********
 PARAMETER    5  IS CONSTANT.   IGNORED.
 **********
 **   58 **FIX            6
 **********
 **********
 **   59 **FIX            7
 **********
 PARAMETER    7  IS CONSTANT.   IGNORED.
 **********
 **   60 **FIX            8
 **********
 **********
 **   61 **FIX            9
 **********
 **********
 **   62 **FIX           13
 **********
 **********
 **   63 **FIX           14
 **********
 **********
 **   64 **FIX           15
 **********
 PARAMETER   15  IS CONSTANT.   IGNORED.
 **********
 **   65 **FIX           16
 **********
 **********
 **   66 **MIGRAD
 **********
 START MIGRAD MINIMIZATION.  STRATEGY  1.  CONVERGENCE WHEN EDM .LT. 1.00e-04
 FCN=67.4253 FROM MIGRAD    STATUS=INITIATE       16 CALLS        2108 TOTAL
                     EDM= unknown      STRATEGY= 1      NO ERROR MATRIX       
  EXT PARAMETER               CURRENT GUESS       STEP         FIRST   
  NO.   NAME      VALUE            ERROR          SIZE      DERIVATIVE 
   1  N0           3.01082e+06     fixed    
   2  tau          6.44059e+01   constant   
   3  A0           3.51564e-01     fixed    
   4  phi          4.11535e+00     fixed    
   5  R           -6.13499e+01   constant   
   6  alpha_CBO   -4.63935e-03     fixed    
   7  w_CBO        2.32500e+00   constant   
   8  beta_CBO     8.56956e-04     fixed    
   9  alpha_2CBO  -1.23769e-04     fixed    
  10  beta_2CBO    4.52473e-04   2.13070e-04   2.13070e-04   2.84851e+03
  11  alpha_y      0.00000e+00   1.00000e-03   1.00000e-03  -1.77986e+04
  12  w_y          1.38860e+01   constant   
  13  beta_y      -5.17240e-05     fixed    
  14  alpha_vw     0.00000e+00     fixed    
  15  w_vw         1.43404e+01   constant   
  16  beta_vw      0.00000e+00     fixed    
  17  LM           1.16863e-04   constant   
  18  zeta_y       0.00000e+00   constant   
  19  zeta_vw      0.00000e+00   constant   
  20  T_CBO        9.99999e+02   9.99988e+02   3.73501e-02  -4.46389e-05
  21  alpha_A0    -1.44656e-03   9.93641e-04   3.84468e-06  -9.19444e-01
  22  beta_A0     -7.92183e-04   9.25799e-04   3.64272e-06   2.39847e-01
  23  alpha_phi   -4.68605e-03   9.35475e-04   3.64543e-06   5.16843e-02
  24  beta_phi     1.72171e-04   1.01877e-03   3.85132e-06   7.71989e-01
 MIGRAD MINIMIZATION HAS CONVERGED.
 MIGRAD WILL VERIFY CONVERGENCE AND ERROR MATRIX.
 COVARIANCE MATRIX CALCULATED SUCCESSFULLY
 FCN=63.9263 FROM MIGRAD    STATUS=CONVERGED     116 CALLS        2208 TOTAL
                     EDM=4.46587e-07    STRATEGY= 1      ERROR MATRIX ACCURATE 
  EXT PARAMETER                                   STEP         FIRST   
  NO.   NAME      VALUE            ERROR          SIZE      DERIVATIVE 
   1  N0           3.01082e+06     fixed    
   2  tau          6.44059e+01   constant   
   3  A0           3.51564e-01     fixed    
   4  phi          4.11535e+00     fixed    
   5  R           -6.13499e+01   constant   
   6  alpha_CBO   -4.63935e-03     fixed    
   7  w_CBO        2.32500e+00   constant   
   8  beta_CBO     8.56956e-04     fixed    
   9  alpha_2CBO  -1.23769e-04     fixed    
  10  beta_2CBO    3.84975e-04   2.12550e-04   8.15153e-07  -8.73784e-01
  11  alpha_y      3.82427e-04   2.07146e-04   8.14738e-07   2.69189e+00
  12  w_y          1.38860e+01   constant   
  13  beta_y      -5.17240e-05     fixed    
  14  alpha_vw     0.00000e+00     fixed    
  15  w_vw         1.43404e+01   constant   
  16  beta_vw      0.00000e+00     fixed    
  17  LM           1.16863e-04   constant   
  18  zeta_y       0.00000e+00   constant   
  19  zeta_vw      0.00000e+00   constant   
  20  T_CBO        1.00000e+03   9.85234e+02   3.67449e-02** at limit **
  21  alpha_A0    -1.39626e-03   9.58759e-04   3.74498e-06   4.57657e-01
  22  beta_A0     -7.46606e-04   9.11272e-04   3.54840e-06  -9.20528e-02
  23  alpha_phi   -4.75412e-03   9.19066e-04   3.55095e-06   6.70844e-01
  24  beta_phi     2.15977e-04   9.65228e-04   3.75153e-06  -6.12837e-02
 EXTERNAL ERROR MATRIX.    NDIM=  25    NPAR=  7    ERR DEF=1
  4.518e-08 -3.522e-10  5.790e-11 -1.878e-08 -2.341e-08  2.673e-08 -1.941e-08 
 -3.522e-10  4.291e-08 -2.401e-11  2.563e-09  1.387e-09 -3.398e-09  1.870e-09 
  5.790e-11 -2.401e-11  7.608e-06 -5.073e-08 -2.783e-08 -1.750e-07  7.842e-09 
 -1.878e-08  2.563e-09 -5.073e-08  9.192e-07  4.355e-09 -2.195e-08 -5.885e-08 
 -2.341e-08  1.387e-09 -2.783e-08  4.355e-09  8.304e-07 -6.296e-08  4.534e-08 
  2.673e-08 -3.398e-09 -1.750e-07 -2.195e-08 -6.296e-08  8.447e-07  6.621e-08 
 -1.941e-08  1.870e-09  7.842e-09 -5.885e-08  4.534e-08  6.621e-08  9.317e-07 
 PARAMETER  CORRELATION COEFFICIENTS  
       NO.  GLOBAL     10     11     20     21     22     23     24
       10  0.22326   1.000 -0.008  0.000 -0.092 -0.121  0.137 -0.095
       11  0.02536  -0.008  1.000 -0.000  0.013  0.007 -0.018  0.009
       20  0.07469   0.000 -0.000  1.000 -0.019 -0.011 -0.069  0.003
       21  0.11983  -0.092  0.013 -0.019  1.000  0.005 -0.025 -0.064
       22  0.14315  -0.121  0.007 -0.011  0.005  1.000 -0.075  0.052
       23  0.18881   0.137 -0.018 -0.069 -0.025 -0.075  1.000  0.075
       24  0.15531  -0.095  0.009  0.003 -0.064  0.052  0.075  1.000
MINUIT - FIT ONLY 2-y
 **********
 **   67 **RES 
 **********
                   PARAMETER   16  beta_vw RESTORED TO VARIABLE.
                   PARAMETER   14  alpha_vw RESTORED TO VARIABLE.
                   PARAMETER   13  beta_y RESTORED TO VARIABLE.
                   PARAMETER    9  alpha_2CBO RESTORED TO VARIABLE.
                   PARAMETER    8  beta_CBO RESTORED TO VARIABLE.
                   PARAMETER    6  alpha_CBO RESTORED TO VARIABLE.
                   PARAMETER    4  phi RESTORED TO VARIABLE.
                   PARAMETER    3  A0 RESTORED TO VARIABLE.
                   PARAMETER    1  N0 RESTORED TO VARIABLE.
 **********
 **   68 **FIX            0
 **********
 PARAMETER    0  IS UNDEFINED. IGNORED.
 **********
 **   69 **FIX            1
 **********
 **********
 **   70 **FIX            2
 **********
 PARAMETER    2  IS CONSTANT.   IGNORED.
 **********
 **   71 **FIX            3
 **********
 **********
 **   72 **FIX            4
 **********
 **********
 **   73 **FIX            5
 **********
 PARAMETER    5  IS CONSTANT.   IGNORED.
 **********
 **   74 **FIX            6
 **********
 **********
 **   75 **FIX            7
 **********
 PARAMETER    7  IS CONSTANT.   IGNORED.
 **********
 **   76 **FIX            8
 **********
 **********
 **   77 **FIX            9
 **********
 **********
 **   78 **FIX           10
 **********
 **********
 **   79 **FIX           11
 **********
 **********
 **   80 **FIX           12
 **********
 PARAMETER   12  IS CONSTANT.   IGNORED.
 **********
 **   81 **FIX           16
 **********
 **********
 **   82 **MIGRAD
 **********
 START MIGRAD MINIMIZATION.  STRATEGY  1.  CONVERGENCE WHEN EDM .LT. 1.00e-04
 FCN=63.9263 FROM MIGRAD    STATUS=INITIATE       16 CALLS        2224 TOTAL
                     EDM= unknown      STRATEGY= 1      NO ERROR MATRIX       
  EXT PARAMETER               CURRENT GUESS       STEP         FIRST   
  NO.   NAME      VALUE            ERROR          SIZE      DERIVATIVE 
   1  N0           3.01082e+06     fixed    
   2  tau          6.44059e+01   constant   
   3  A0           3.51564e-01     fixed    
   4  phi          4.11535e+00     fixed    
   5  R           -6.13499e+01   constant   
   6  alpha_CBO   -4.63935e-03     fixed    
   7  w_CBO        2.32500e+00   constant   
   8  beta_CBO     8.56956e-04     fixed    
   9  alpha_2CBO  -1.23769e-04     fixed    
  10  beta_2CBO    3.84975e-04     fixed    
  11  alpha_y      3.82427e-04     fixed    
  12  w_y          1.38860e+01   constant   
  13  beta_y      -5.17240e-05   2.04446e-04   2.04446e-04   6.11406e+02
  14  alpha_vw     0.00000e+00   1.00000e-03   1.00000e-03  -3.44018e+03
  15  w_vw         1.43404e+01   constant   
  16  beta_vw      0.00000e+00     fixed    
  17  LM           1.16863e-04   constant   
  18  zeta_y       0.00000e+00   constant   
  19  zeta_vw      0.00000e+00   constant   
  20  T_CBO        9.99999e+02   9.85234e+02   3.67449e-02  -4.74627e-05
  21  alpha_A0    -1.39626e-03   9.58759e-04   3.74498e-06   4.58107e-01
  22  beta_A0     -7.46606e-04   9.11272e-04   3.54840e-06  -9.15853e-02
  23  alpha_phi   -4.75412e-03   9.19066e-04   3.55095e-06   6.72654e-01
  24  beta_phi     2.15977e-04   9.65228e-04   3.75153e-06  -6.14885e-02
 MIGRAD MINIMIZATION HAS CONVERGED.
 MIGRAD WILL VERIFY CONVERGENCE AND ERROR MATRIX.
 COVARIANCE MATRIX CALCULATED SUCCESSFULLY
 FCN=63.7803 FROM MIGRAD    STATUS=CONVERGED     115 CALLS        2323 TOTAL
                     EDM=1.40387e-07    STRATEGY= 1      ERROR MATRIX ACCURATE 
  EXT PARAMETER                                   STEP         FIRST   
  NO.   NAME      VALUE            ERROR          SIZE      DERIVATIVE 
   1  N0           3.01082e+06     fixed    
   2  tau          6.44059e+01   constant   
   3  A0           3.51564e-01     fixed    
   4  phi          4.11535e+00     fixed    
   5  R           -6.13499e+01   constant   
   6  alpha_CBO   -4.63935e-03     fixed    
   7  w_CBO        2.32500e+00   constant   
   8  beta_CBO     8.56956e-04     fixed    
   9  alpha_2CBO  -1.23769e-04     fixed    
  10  beta_2CBO    3.84975e-04     fixed    
  11  alpha_y      3.82427e-04     fixed    
  12  w_y          1.38860e+01   constant   
  13  beta_y      -8.24946e-05   2.09844e-04   8.02628e-07   9.68449e-01
  14  alpha_vw     7.94384e-05   2.10696e-04   8.06008e-07   1.71577e-01
