 + ++++++++++++++++++++++++++++++++++++++++++++++++++++++++++++++++++++ +
 +                                                                      +
 +           You have chose to blind your fitting according to          +
 +                omega_ref * (1 + (R +/- deltaR) *10^{-6})             +
 +                                                                      +
 + ++++++++++++++++++++++++++++++++++++++++++++++++++++++++++++++++++++ +
In main()...
reading format from /gm2data/zkhechad/run45/envelope/formats/formatB_sBin_constraintOn.txt
pBinTau 	= 0  
pBinPhi 	= 0  
constraintau 	= 1 
includeMopTerm 	= 0    
constrainMop    = 0   
Parameters after format file: pBinTau 0 pBinPhi 0 constraintau 1 includeMopTerm 0 constrainMop 0 c_e_scale 0.000000 
Opening file /gm2data/tbarrett/gm2fr/studies/run23_bunch_corrections/CorrectedFourier_Run3b.root.
reading full fit data from /gm2data/zkhechad/cboTemplates/Run4CBOTemplates/templateFits0_v2.0/noRF/sBin_constraintOn_cE0.0_seed0_noRF_calo8.root
windowBins = 69
fitting sliding window 858 from bin 994 at 148.155600 to bin 1063 at 158.599600 (69 bins)

Reading data from /gm2data/cornell/histograms/aMethod/histogram_a_noRF.root
 **********
 **    1 **SET PRINTOUT            1
 **********
 **********
 **    2 **SET NOWARNINGS 
 **********
 PARAMETER DEFINITIONS:
    NO.   NAME         VALUE      STEP SIZE      LIMITS
     1 N0           2.93665e+06  1.00000e+02     no limits
     2 tau          6.43896e+01  constant
     3 A0           3.52922e-01  1.00000e-04     no limits
     4 phi          4.11506e+00  1.00000e-02     no limits
     5 R           -6.12649e+01  constant
     6 alpha_CBO    0.00000e+00  1.00000e-03     no limits
     7 w_CBO        2.32500e+00  constant
     8 beta_CBO     0.00000e+00  1.00000e-03     no limits
     9 alpha_2CBO   0.00000e+00  1.00000e-03     no limits
    10 beta_2CBO    0.00000e+00  1.00000e-03     no limits
    11 alpha_y      0.00000e+00  1.00000e-03     no limits
    12 w_y          1.44500e+01  constant
    13 beta_y       0.00000e+00  1.00000e-03     no limits
    14 alpha_vw     0.00000e+00  1.00000e-03     no limits
    15 w_vw         1.29000e+01  constant
    16 beta_vw      0.00000e+00  1.00000e-03     no limits
    17 LM          -3.89610e-04  constant
    18 zeta_y       0.00000e+00  constant
    19 zeta_vw      0.00000e+00  constant
    20 T_CBO        1.00000e+02  1.00000e+00    0.00000e+00  1.00000e+03
    21 alpha_A0     0.00000e+00  1.00000e-03     no limits
    22 beta_A0      0.00000e+00  1.00000e-03     no limits
    23 alpha_phi    0.00000e+00  1.00000e-03     no limits
    24 beta_phi     0.00000e+00  1.00000e-03     no limits
MINUIT - FIT ONLY WIGGLE
 **********
 **    3 **FIX            5
 **********
 PARAMETER    5  IS CONSTANT.   IGNORED.
 **********
 **    4 **FIX            6
 **********
 **********
 **    5 **FIX            7
 **********
 PARAMETER    7  IS CONSTANT.   IGNORED.
 **********
 **    6 **FIX            8
 **********
 **********
 **    7 **FIX            9
 **********
 **********
 **    8 **FIX           10
 **********
 **********
 **    9 **FIX           11
 **********
 **********
 **   10 **FIX           12
 **********
 PARAMETER   12  IS CONSTANT.   IGNORED.
 **********
 **   11 **FIX           13
 **********
 **********
 **   12 **FIX           14
 **********
 **********
 **   13 **FIX           15
 **********
 PARAMETER   15  IS CONSTANT.   IGNORED.
 **********
 **   14 **FIX           16
 **********
 **********
 **   15 **MIGRAD
 **********
 FIRST CALL TO USER FUNCTION AT NEW START POINT, WITH IFLAG=4.
 START MIGRAD MINIMIZATION.  STRATEGY  1.  CONVERGENCE WHEN EDM .LT. 1.00e-04
 FCN=949.159 FROM MIGRAD    STATUS=INITIATE      437 CALLS         438 TOTAL
                     EDM= unknown      STRATEGY= 1      NO ERROR MATRIX       
  EXT PARAMETER               CURRENT GUESS       STEP         FIRST   
  NO.   NAME      VALUE            ERROR          SIZE      DERIVATIVE 
   1  N0           2.93665e+06   1.00000e+02   0.00000e+00  -1.05333e-02
   2  tau          6.43896e+01   constant   
   3  A0           3.52922e-01   1.00000e-04   0.00000e+00  -3.94789e+04
   4  phi          4.11506e+00   1.00000e-02   0.00000e+00  -1.89420e+04
   5  R           -6.12649e+01   constant   
   6  alpha_CBO    0.00000e+00     fixed    
   7  w_CBO        2.32500e+00   constant   
   8  beta_CBO     0.00000e+00     fixed    
   9  alpha_2CBO   0.00000e+00     fixed    
  10  beta_2CBO    0.00000e+00     fixed    
  11  alpha_y      0.00000e+00     fixed    
  12  w_y          1.44500e+01   constant   
  13  beta_y       0.00000e+00     fixed    
  14  alpha_vw     0.00000e+00     fixed    
  15  w_vw         1.29000e+01   constant   
  16  beta_vw      0.00000e+00     fixed    
  17  LM          -3.89610e-04   constant   
  18  zeta_y       0.00000e+00   constant   
  19  zeta_vw      0.00000e+00   constant   
  20  T_CBO        1.00000e+02   1.00000e+00   0.00000e+00   0.00000e+00
  21  alpha_A0     0.00000e+00   1.00000e-03   0.00000e+00  -3.32761e+03
  22  beta_A0      0.00000e+00   1.00000e-03   0.00000e+00   1.15845e+03
  23  alpha_phi    0.00000e+00   1.00000e-03   0.00000e+00   1.33769e+03
  24  beta_phi     0.00000e+00   1.00000e-03   0.00000e+00  -7.32862e+02
 CALL LIMIT EXCEEDED IN MIGRAD.
 MIGRAD TERMINATED WITHOUT CONVERGENCE.
 FCN=857.757 FROM MIGRAD    STATUS=CALL LIMIT   1321 CALLS        1322 TOTAL
                     EDM=0.000808862    STRATEGY= 1  ERROR MATRIX UNCERTAINTY   0.0 per cent
  EXT PARAMETER                APPROXIMATE        STEP         FIRST   
  NO.   NAME      VALUE            ERROR          SIZE      DERIVATIVE 
   1  N0           2.93744e+06   4.12943e+02  -1.90026e-01  -2.71835e-05
   2  tau          6.43896e+01   constant   
   3  A0           3.53633e-01   1.70595e-04   1.82534e-07   5.81431e+01
   4  phi          4.11821e+00   5.46337e-04  -7.92238e-06  -2.83881e+01
   5  R           -6.12649e+01   constant   
   6  alpha_CBO    0.00000e+00     fixed    
   7  w_CBO        2.32500e+00   constant   
   8  beta_CBO     0.00000e+00     fixed    
   9  alpha_2CBO   0.00000e+00     fixed    
  10  beta_2CBO    0.00000e+00     fixed    
  11  alpha_y      0.00000e+00     fixed    
  12  w_y          1.44500e+01   constant   
  13  beta_y       0.00000e+00     fixed    
  14  alpha_vw     0.00000e+00     fixed    
  15  w_vw         1.29000e+01   constant   
  16  beta_vw      0.00000e+00     fixed    
  17  LM          -3.89610e-04   constant   
  18  zeta_y       0.00000e+00   constant   
  19  zeta_vw      0.00000e+00   constant   
  20  T_CBO        9.56921e+02   5.20687e+02   1.22328e-01  -2.04927e-02
  21  alpha_A0     4.42356e-03   1.69337e-03  -2.68388e-05  -5.59394e+01
  22  beta_A0     -3.46275e-03   1.55817e-03   2.05126e-05   2.42558e+01
  23  alpha_phi   -1.88304e-03   1.16387e-03  -1.08776e-05  -1.08208e+01
  24  beta_phi     7.39630e-04   9.35895e-04  -1.55885e-05  -6.06951e+00
 EXTERNAL ERROR MATRIX.    NDIM=  25    NPAR=  8    ERR DEF=1
  1.705e+05  1.241e-02 -6.084e-03 -2.822e+03 -7.966e-02 -9.468e-03 -1.958e-02  6.172e-02 
  1.241e-02  2.910e-08  3.254e-09 -2.407e-04  2.513e-09 -1.790e-08 -4.450e-09 -7.318e-09 
 -6.084e-03  3.254e-09  2.985e-07 -5.524e-02 -5.423e-08 -9.730e-08 -7.186e-09 -4.111e-08 
 -2.822e+03 -2.407e-04 -5.524e-02  1.378e+06 -1.720e+00  1.313e+00  7.683e-01 -2.938e-01 
 -7.966e-02  2.513e-09 -5.423e-08 -1.720e+00  2.867e-06 -1.470e-06 -1.097e-06  3.333e-07 
 -9.468e-03 -1.790e-08 -9.730e-08  1.313e+00 -1.470e-06  2.428e-06  8.865e-07 -1.035e-07 
 -1.958e-02 -4.450e-09 -7.186e-09  7.683e-01 -1.097e-06  8.865e-07  1.355e-06 -2.732e-07 
  6.172e-02 -7.318e-09 -4.111e-08 -2.938e-01  3.333e-07 -1.035e-07 -2.732e-07  8.759e-07 
ERR MATRIX APPROXIMATE
 PARAMETER  CORRELATION COEFFICIENTS  
       NO.  GLOBAL      1      3      4     20     21     22     23     24
        1  0.35595   1.000  0.176 -0.027 -0.006 -0.114 -0.015 -0.041  0.160
        3  0.22714   0.176  1.000  0.035 -0.001  0.009 -0.067 -0.022 -0.046
        4  0.31728  -0.027  0.035  1.000 -0.086 -0.059 -0.114 -0.011 -0.080
       20  0.92433  -0.006 -0.001 -0.086  1.000 -0.865  0.718  0.562 -0.267
       21  0.89509  -0.114  0.009 -0.059 -0.865  1.000 -0.557 -0.556  0.210
       22  0.75737  -0.015 -0.067 -0.114  0.718 -0.557  1.000  0.489 -0.071
       23  0.61790  -0.041 -0.022 -0.011  0.562 -0.556  0.489  1.000 -0.251
       24  0.40649   0.160 -0.046 -0.080 -0.267  0.210 -0.071 -0.251  1.000
 ERR MATRIX APPROXIMATE
MINUIT - FIT ONLY 1-CBO + wiggle
 **********
 **   16 **RES 
 **********
                   PARAMETER   16  beta_vw RESTORED TO VARIABLE.
                   PARAMETER   14  alpha_vw RESTORED TO VARIABLE.
                   PARAMETER   13  beta_y RESTORED TO VARIABLE.
                   PARAMETER   11  alpha_y RESTORED TO VARIABLE.
                   PARAMETER   10  beta_2CBO RESTORED TO VARIABLE.
                   PARAMETER    9  alpha_2CBO RESTORED TO VARIABLE.
                   PARAMETER    8  beta_CBO RESTORED TO VARIABLE.
                   PARAMETER    6  alpha_CBO RESTORED TO VARIABLE.
 **********
 **   17 **FIX            8
 **********
 **********
 **   18 **FIX            9
 **********
 **********
 **   19 **FIX           11
 **********
 **********
 **   20 **FIX           12
 **********
 PARAMETER   12  IS CONSTANT.   IGNORED.
 **********
 **   21 **FIX           14
 **********
 **********
 **   22 **FIX           15
 **********
 PARAMETER   15  IS CONSTANT.   IGNORED.
 **********
 **   23 **FIX           16
 **********
 **********
 **   24 **MIGRAD
 **********
 START MIGRAD MINIMIZATION.  STRATEGY  1.  CONVERGENCE WHEN EDM .LT. 1.00e-04
 FCN=857.757 FROM MIGRAD    STATUS=INITIATE       28 CALLS        1350 TOTAL
                     EDM= unknown      STRATEGY= 1      NO ERROR MATRIX       
  EXT PARAMETER               CURRENT GUESS       STEP         FIRST   
  NO.   NAME      VALUE            ERROR          SIZE      DERIVATIVE 
   1  N0           2.93744e+06   4.12943e+02  -1.90026e-01  -2.71835e-05
   2  tau          6.43896e+01   constant   
   3  A0           3.53633e-01   1.70595e-04   1.82534e-07   5.81431e+01
   4  phi          4.11821e+00   5.46337e-04  -7.92238e-06  -2.83881e+01
   5  R           -6.12649e+01   constant   
   6  alpha_CBO    0.00000e+00   1.00000e-03   1.00000e-03  -2.25747e+05
   7  w_CBO        2.32500e+00   constant   
   8  beta_CBO     0.00000e+00     fixed    
   9  alpha_2CBO   0.00000e+00     fixed    
  10  beta_2CBO    0.00000e+00   1.00000e-03   1.00000e-03  -1.47657e+03
  11  alpha_y      0.00000e+00     fixed    
  12  w_y          1.44500e+01   constant   
  13  beta_y       0.00000e+00   1.00000e-03   1.00000e-03   2.93495e+01
  14  alpha_vw     0.00000e+00     fixed    
  15  w_vw         1.29000e+01   constant   
  16  beta_vw      0.00000e+00     fixed    
  17  LM          -3.89610e-04   constant   
  18  zeta_y       0.00000e+00   constant   
  19  zeta_vw      0.00000e+00   constant   
  20  T_CBO        9.56921e+02   5.20687e+02   1.22328e-01  -2.06284e-02
  21  alpha_A0     4.42356e-03   1.69337e-03  -2.68388e-05  -5.59394e+01
  22  beta_A0     -3.46275e-03   1.55817e-03   2.05126e-05   2.42558e+01
  23  alpha_phi   -1.88304e-03   1.16387e-03  -1.08776e-05  -1.08208e+01
  24  beta_phi     7.39630e-04   9.35895e-04  -1.55885e-05  -6.06951e+00
 MIGRAD MINIMIZATION HAS CONVERGED.
 FCN=303.955 FROM MIGRAD    STATUS=CONVERGED     302 CALLS        1624 TOTAL
                     EDM=6.7303e-06    STRATEGY= 1  ERROR MATRIX UNCERTAINTY   3.5 per cent
  EXT PARAMETER                                   STEP         FIRST   
  NO.   NAME      VALUE            ERROR          SIZE      DERIVATIVE 
   1  N0           2.93732e+06   4.07083e+02  -1.14397e+00   4.87742e-06
   2  tau          6.43896e+01   constant   
   3  A0           3.53460e-01   1.67386e-04   3.92372e-07   8.65760e+00
   4  phi          4.11476e+00   5.70063e-04  -1.14809e-06  -1.96074e+00
   5  R           -6.12649e+01   constant   
   6  alpha_CBO    4.90697e-03   2.05901e-04   3.83088e-07   5.08719e+00
   7  w_CBO        2.32500e+00   constant   
   8  beta_CBO     0.00000e+00     fixed    
   9  alpha_2CBO   0.00000e+00     fixed    
  10  beta_2CBO    4.65383e-05   1.99161e-04  -4.19244e-07  -4.21240e+00
  11  alpha_y      0.00000e+00     fixed    
  12  w_y          1.44500e+01   constant   
  13  beta_y      -1.06029e-06   1.97075e-04   2.31115e-07   1.72762e+00
  14  alpha_vw     0.00000e+00     fixed    
  15  w_vw         1.29000e+01   constant   
  16  beta_vw      0.00000e+00     fixed    
  17  LM          -3.89610e-04   constant   
  18  zeta_y       0.00000e+00   constant   
  19  zeta_vw      0.00000e+00   constant   
  20  T_CBO        9.99958e+02   5.07292e+02  -1.04976e-02   5.69241e-04
  21  alpha_A0     3.80470e-03   8.72684e-04   4.95051e-06   3.87456e-02
  22  beta_A0     -1.26661e-03   9.80950e-04  -3.47428e-07  -1.91451e+00
  23  alpha_phi    3.25369e-03   8.45946e-04   3.68240e-06   2.93562e-02
  24  beta_phi     1.08011e-03   7.83008e-04   1.21068e-07   3.89636e-01
 EXTERNAL ERROR MATRIX.    NDIM=  25    NPAR= 11    ERR DEF=1
  1.657e+05 
  3.770e-03  2.802e-08 
  6.909e-03  7.294e-09  3.250e-07 
 -3.279e-03 -2.070e-09 -2.884e-08  4.240e-08 
  4.608e-03  1.230e-09  1.898e-09 -3.783e-10  3.967e-08 
 -1.536e-03  3.030e-11  1.897e-09 -1.972e-10 -7.330e-12  3.884e-08 
  5.521e+02 -6.992e-04  1.109e-03 -3.565e-04  3.083e-04 -2.173e-04  1.813e+03 
 -4.720e-02 -3.429e-09 -1.499e-09 -4.013e-09  1.435e-09 -1.127e-09  3.990e-03  7.616e-07 
 -1.203e-02 -5.704e-09 -1.084e-07  2.447e-08 -2.713e-08 -1.638e-09 -2.083e-03 -2.056e-08  9.623e-07 
 -1.017e-02 -1.165e-08 -2.443e-08  4.307e-08  1.348e-08 -2.337e-09  2.513e-03  2.293e-08  6.863e-08  7.156e-07 
  2.464e-02 -9.567e-09 -2.246e-08  3.411e-09  1.084e-09 -1.429e-09  8.642e-04  1.839e-08  3.415e-08  1.074e-08  6.131e-07 
 PARAMETER  CORRELATION COEFFICIENTS  
       NO.  GLOBAL      1      3      4      6     10     13     20     21     22     23     24
        1  0.18918   1.000  0.055  0.030 -0.039  0.057 -0.019  0.032 -0.133 -0.030 -0.030  0.077
        3  0.17785   0.055  1.000  0.076 -0.060  0.037  0.001 -0.098 -0.023 -0.035 -0.082 -0.073
        4  0.30755   0.030  0.076  1.000 -0.246  0.017  0.017  0.046 -0.003 -0.194 -0.051 -0.050
        6  0.35076  -0.039 -0.060 -0.246  1.000 -0.009 -0.005 -0.041 -0.022  0.121  0.247  0.021
       10  0.18212   0.057  0.037  0.017 -0.009  1.000 -0.000  0.036  0.008 -0.139  0.080  0.007
       13  0.04019  -0.019  0.001  0.017 -0.005 -0.000  1.000 -0.026 -0.007 -0.008 -0.014 -0.009
       20  0.18778   0.032 -0.098  0.046 -0.041  0.036 -0.026  1.000  0.107 -0.050  0.070  0.026
       21  0.18255  -0.133 -0.023 -0.003 -0.022  0.008 -0.007  0.107  1.000 -0.024  0.031  0.027
       22  0.26431  -0.030 -0.035 -0.194  0.121 -0.139 -0.008 -0.050 -0.024  1.000  0.083  0.044
       23  0.28992  -0.030 -0.082 -0.051  0.247  0.080 -0.014  0.070  0.031  0.083  1.000  0.016
       24  0.13155   0.077 -0.073 -0.050  0.021  0.007 -0.009  0.026  0.027  0.044  0.016  1.000
MINUIT - FIT ONLY 2-CBO
 **********
 **   25 **RES 
 **********
                   PARAMETER   16  beta_vw RESTORED TO VARIABLE.
                   PARAMETER   14  alpha_vw RESTORED TO VARIABLE.
                   PARAMETER   11  alpha_y RESTORED TO VARIABLE.
                   PARAMETER    9  alpha_2CBO RESTORED TO VARIABLE.
                   PARAMETER    8  beta_CBO RESTORED TO VARIABLE.
 **********
 **   26 **FIX            0
 **********
 PARAMETER    0  IS UNDEFINED. IGNORED.
 **********
 **   27 **FIX            1
 **********
 **********
 **   28 **FIX            2
 **********
 PARAMETER    2  IS CONSTANT.   IGNORED.
 **********
 **   29 **FIX            3
 **********
 **********
 **   30 **FIX            4
 **********
 **********
 **   31 **FIX            5
 **********
 PARAMETER    5  IS CONSTANT.   IGNORED.
 **********
 **   32 **FIX            6
 **********
 **********
 **   33 **FIX            7
 **********
 PARAMETER    7  IS CONSTANT.   IGNORED.
 **********
 **   34 **FIX           10
 **********
 **********
 **   35 **FIX           11
 **********
 **********
 **   36 **FIX           12
 **********
 PARAMETER   12  IS CONSTANT.   IGNORED.
 **********
 **   37 **FIX           13
 **********
 **********
 **   38 **FIX           14
 **********
 **********
 **   39 **FIX           15
 **********
 PARAMETER   15  IS CONSTANT.   IGNORED.
 **********
 **   40 **FIX           16
 **********
 **********
 **   41 **MIGRAD
 **********
 START MIGRAD MINIMIZATION.  STRATEGY  1.  CONVERGENCE WHEN EDM .LT. 1.00e-04
 FCN=303.955 FROM MIGRAD    STATUS=INITIATE       18 CALLS        1642 TOTAL
                     EDM= unknown      STRATEGY= 1      NO ERROR MATRIX       
  EXT PARAMETER               CURRENT GUESS       STEP         FIRST   
  NO.   NAME      VALUE            ERROR          SIZE      DERIVATIVE 
   1  N0           2.93732e+06     fixed    
   2  tau          6.43896e+01   constant   
   3  A0           3.53460e-01     fixed    
   4  phi          4.11476e+00     fixed    
   5  R           -6.12649e+01   constant   
   6  alpha_CBO    4.90697e-03     fixed    
   7  w_CBO        2.32500e+00   constant   
   8  beta_CBO     0.00000e+00   1.00000e-03   1.00000e-03   1.50809e+05
   9  alpha_2CBO   0.00000e+00   1.00000e-03   1.00000e-03  -2.04605e+04
  10  beta_2CBO    4.65383e-05     fixed    
  11  alpha_y      0.00000e+00     fixed    
  12  w_y          1.44500e+01   constant   
  13  beta_y      -1.06029e-06     fixed    
  14  alpha_vw     0.00000e+00     fixed    
  15  w_vw         1.29000e+01   constant   
  16  beta_vw      0.00000e+00     fixed    
  17  LM          -3.89610e-04   constant   
  18  zeta_y       0.00000e+00   constant   
  19  zeta_vw      0.00000e+00   constant   
  20  T_CBO        9.99958e+02   5.07292e+02  -1.04976e-02  -5.70735e-04
  21  alpha_A0     3.80470e-03   8.72684e-04   4.95051e-06   3.87636e-02
  22  beta_A0     -1.26661e-03   9.80950e-04  -3.47428e-07  -1.91451e+00
  23  alpha_phi    3.25369e-03   8.45946e-04   3.68240e-06   2.93558e-02
  24  beta_phi     1.08011e-03   7.83008e-04   1.21068e-07   3.89637e-01
 MIGRAD MINIMIZATION HAS CONVERGED.
 MIGRAD WILL VERIFY CONVERGENCE AND ERROR MATRIX.
 COVARIANCE MATRIX CALCULATED SUCCESSFULLY
 FCN=60.8652 FROM MIGRAD    STATUS=CONVERGED     146 CALLS        1770 TOTAL
                     EDM=7.7455e-08    STRATEGY= 1      ERROR MATRIX ACCURATE 
  EXT PARAMETER                                   STEP         FIRST   
  NO.   NAME      VALUE            ERROR          SIZE      DERIVATIVE 
   1  N0           2.93732e+06     fixed    
   2  tau          6.43896e+01   constant   
   3  A0           3.53460e-01     fixed    
   4  phi          4.11476e+00     fixed    
   5  R           -6.12649e+01   constant   
   6  alpha_CBO    4.90697e-03     fixed    
   7  w_CBO        2.32500e+00   constant   
   8  beta_CBO    -3.17300e-03   2.05345e-04   7.72786e-07   1.03441e-02
   9  alpha_2CBO   3.72097e-04   2.04375e-04   7.65495e-07   6.11387e-01
  10  beta_2CBO    4.65383e-05     fixed    
  11  alpha_y      0.00000e+00     fixed    
  12  w_y          1.44500e+01   constant   
  13  beta_y      -1.06029e-06     fixed    
  14  alpha_vw     0.00000e+00     fixed    
  15  w_vw         1.29000e+01   constant   
  16  beta_vw      0.00000e+00     fixed    
  17  LM          -3.89610e-04   constant   
  18  zeta_y       0.00000e+00   constant   
  19  zeta_vw      0.00000e+00   constant   
  20  T_CBO        1.00000e+03   9.91901e+02   3.47532e-02   2.81718e-05
  21  alpha_A0     3.05979e-03   8.56404e-04   3.22733e-06   1.77907e-01
  22  beta_A0     -8.79659e-04   9.62301e-04   3.68022e-06   4.88955e-02
  23  alpha_phi    3.23839e-03   8.11322e-04   3.10317e-06  -2.87227e-01
  24  beta_phi    -1.52071e-03   8.04460e-04   2.99056e-06   8.85534e-02
 EXTERNAL ERROR MATRIX.    NDIM=  25    NPAR=  7    ERR DEF=1
  4.217e-08  7.338e-10 -1.156e-07  5.804e-09 -5.043e-09 -3.270e-10  3.131e-08 
  7.338e-10  4.177e-08  1.338e-07 -3.060e-08  5.459e-10 -3.895e-09 -2.282e-08 
 -1.156e-07  1.338e-07  2.946e+01  2.167e-04 -6.124e-05  2.282e-04 -1.093e-04 
  5.804e-09 -3.060e-08  2.167e-04  7.334e-07  5.998e-09  8.307e-09  5.787e-08 
 -5.043e-09  5.459e-10 -6.124e-05  5.998e-09  9.260e-07  5.209e-08  3.850e-08 
 -3.270e-10 -3.895e-09  2.282e-04  8.307e-09  5.209e-08  6.582e-07  1.570e-08 
  3.131e-08 -2.282e-08 -1.093e-04  5.787e-08  3.850e-08  1.570e-08  6.472e-07 
 PARAMETER  CORRELATION COEFFICIENTS  
       NO.  GLOBAL      8      9     20     21     22     23     24
        8  0.19948   1.000  0.017 -0.000  0.033 -0.026 -0.002  0.190
        9  0.22106   0.017  1.000  0.000 -0.175  0.003 -0.023 -0.139
       20  0.07721  -0.000  0.000  1.000  0.047 -0.012  0.052 -0.025
       21  0.19282   0.033 -0.175  0.047  1.000  0.007  0.012  0.084
       22  0.09160  -0.026  0.003 -0.012  0.007  1.000  0.067  0.050
       23  0.09038  -0.002 -0.023  0.052  0.012  0.067  1.000  0.024
       24  0.25113   0.190 -0.139 -0.025  0.084  0.050  0.024  1.000
MINUIT - FIT wiggle + 1-CBO + 2-CBO
 **********
 **   42 **RES 
 **********
                   PARAMETER   16  beta_vw RESTORED TO VARIABLE.
                   PARAMETER   14  alpha_vw RESTORED TO VARIABLE.
                   PARAMETER   13  beta_y RESTORED TO VARIABLE.
                   PARAMETER   11  alpha_y RESTORED TO VARIABLE.
                   PARAMETER   10  beta_2CBO RESTORED TO VARIABLE.
                   PARAMETER    6  alpha_CBO RESTORED TO VARIABLE.
                   PARAMETER    4  phi RESTORED TO VARIABLE.
                   PARAMETER    3  A0 RESTORED TO VARIABLE.
                   PARAMETER    1  N0 RESTORED TO VARIABLE.
 **********
 **   43 **FIX           10
 **********
 **********
 **   44 **FIX           11
 **********
 **********
 **   45 **FIX           12
 **********
 PARAMETER   12  IS CONSTANT.   IGNORED.
 **********
 **   46 **FIX           13
 **********
 **********
 **   47 **FIX           14
 **********
 **********
 **   48 **FIX           15
 **********
 PARAMETER   15  IS CONSTANT.   IGNORED.
 **********
 **   49 **FIX           16
 **********
 **********
 **   50 **MIGRAD
 **********
 START MIGRAD MINIMIZATION.  STRATEGY  1.  CONVERGENCE WHEN EDM .LT. 1.00e-04
 FCN=60.8652 FROM MIGRAD    STATUS=INITIATE       22 CALLS        1792 TOTAL
                     EDM= unknown      STRATEGY= 1      NO ERROR MATRIX       
  EXT PARAMETER               CURRENT GUESS       STEP         FIRST   
  NO.   NAME      VALUE            ERROR          SIZE      DERIVATIVE 
   1  N0           2.93732e+06   4.07083e+02   4.07083e+02  -3.75979e-04
   2  tau          6.43896e+01   constant   
   3  A0           3.53460e-01   1.67386e-04   1.67386e-04   2.95586e+04
   4  phi          4.11476e+00   5.70063e-04   5.70063e-04  -6.80294e+02
   5  R           -6.12649e+01   constant   
   6  alpha_CBO    4.90697e-03   2.05901e-04   2.05901e-04   1.55582e+03
   7  w_CBO        2.32500e+00   constant   
   8  beta_CBO    -3.17300e-03   2.05345e-04   7.72786e-07   1.03396e-02
   9  alpha_2CBO   3.72097e-04   2.04375e-04   7.65495e-07   6.11395e-01
  10  beta_2CBO    4.65383e-05     fixed    
  11  alpha_y      0.00000e+00     fixed    
  12  w_y          1.44500e+01   constant   
  13  beta_y      -1.06029e-06     fixed    
  14  alpha_vw     0.00000e+00     fixed    
  15  w_vw         1.29000e+01   constant   
  16  beta_vw      0.00000e+00     fixed    
  17  LM          -3.89610e-04   constant   
  18  zeta_y       0.00000e+00   constant   
  19  zeta_vw      0.00000e+00   constant   
  20  T_CBO        1.00000e+03   9.91901e+02   3.47532e-02  -2.84751e-05
  21  alpha_A0     3.05979e-03   8.56404e-04   3.22733e-06   1.77938e-01
  22  beta_A0     -8.79659e-04   9.62301e-04   3.68022e-06   4.88830e-02
  23  alpha_phi    3.23839e-03   8.11322e-04   3.10317e-06  -2.87227e-01
  24  beta_phi    -1.52071e-03   8.04460e-04   2.99056e-06   8.85527e-02
 MIGRAD MINIMIZATION HAS CONVERGED.
 MIGRAD WILL VERIFY CONVERGENCE AND ERROR MATRIX.
 COVARIANCE MATRIX CALCULATED SUCCESSFULLY
 FCN=54.0316 FROM MIGRAD    STATUS=CONVERGED     239 CALLS        2009 TOTAL
                     EDM=4.49011e-06    STRATEGY= 1      ERROR MATRIX ACCURATE 
  EXT PARAMETER                                   STEP         FIRST   
  NO.   NAME      VALUE            ERROR          SIZE      DERIVATIVE 
   1  N0           2.93711e+06   4.39105e+02   1.48548e+00  -8.36208e-07
   2  tau          6.43896e+01   constant   
   3  A0           3.52997e-01   1.77990e-04   6.15930e-07  -8.16527e-01
   4  phi          4.11484e+00   5.72133e-04   1.96507e-06   3.49750e+00
   5  R           -6.12649e+01   constant   
   6  alpha_CBO    4.88499e-03   2.08558e-04   7.05810e-07   1.70177e+00
   7  w_CBO        2.32500e+00   constant   
   8  beta_CBO    -3.26724e-03   2.08517e-04   7.28853e-07   1.91033e+00
   9  alpha_2CBO   3.48378e-04   2.04681e-04   7.21969e-07   3.37219e+00
  10  beta_2CBO    4.65383e-05     fixed    
  11  alpha_y      0.00000e+00     fixed    
  12  w_y          1.44500e+01   constant   
  13  beta_y      -1.06029e-06     fixed    
  14  alpha_vw     0.00000e+00     fixed    
  15  w_vw         1.29000e+01   constant   
  16  beta_vw      0.00000e+00     fixed    
  17  LM          -3.89610e-04   constant   
  18  zeta_y       0.00000e+00   constant   
  19  zeta_vw      0.00000e+00   constant   
  20  T_CBO        1.00000e+03   5.00201e+02   4.57995e-02** at limit **
  21  alpha_A0     3.14955e-03   8.80355e-04   3.04613e-06   7.96127e-01
  22  beta_A0     -7.48682e-04   9.85293e-04   3.47270e-06  -8.02697e-01
  23  alpha_phi    3.29875e-03   8.44027e-04   2.93086e-06  -1.67065e+00
  24  beta_phi    -1.50050e-03   8.18510e-04   2.82444e-06  -5.17182e-01
 EXTERNAL ERROR MATRIX.    NDIM=  25    NPAR= 11    ERR DEF=1
  1.928e+05 
  1.693e-02  3.168e-08 
 -8.071e-03  4.139e-09  3.273e-07 
 -1.348e-03 -1.530e-09 -3.070e-08  4.350e-08 
  2.782e-03  6.382e-09 -8.491e-10  2.705e-10  4.348e-08 
 -2.002e-03  1.610e-09  9.614e-10 -1.194e-10  1.066e-09  4.189e-08 
 -2.415e-03 -4.428e-09  1.690e-08 -4.281e-10 -2.335e-09  1.527e-09  1.691e-03 
 -8.404e-02 -6.788e-09  4.407e-09 -4.918e-09  4.650e-09 -2.969e-08  2.844e-06  7.750e-07 
 -3.766e-03 -1.255e-08 -1.115e-07  1.965e-08 -6.935e-09 -3.310e-10 -6.455e-07  5.338e-09  9.708e-07 
 -9.791e-03 -7.417e-09 -3.331e-08  4.548e-08 -1.202e-09 -4.240e-09  2.992e-06  1.010e-08  7.437e-08  7.124e-07 
  5.603e-02 -1.544e-09 -3.183e-08  3.201e-09  3.113e-08 -2.386e-08 -1.374e-06  3.173e-08  4.994e-08  1.622e-08  6.700e-07 
 PARAMETER  CORRELATION COEFFICIENTS  
       NO.  GLOBAL      1      3      4      6      8      9     20     21     22     23     24
        1  0.35121   1.000  0.217 -0.032 -0.015  0.030 -0.022 -0.000 -0.217 -0.009 -0.026  0.156
        3  0.29549   0.217  1.000  0.041 -0.041  0.172  0.044 -0.001 -0.043 -0.072 -0.049 -0.011
        4  0.31764  -0.032  0.041  1.000 -0.257 -0.007  0.008  0.001  0.009 -0.198 -0.069 -0.068
        6  0.35649  -0.015 -0.041 -0.257  1.000  0.006 -0.003 -0.000 -0.027  0.096  0.258  0.019
        8  0.26230   0.030  0.172 -0.007  0.006  1.000  0.025 -0.000  0.025 -0.034 -0.007  0.182
        9  0.22744  -0.022  0.044  0.008 -0.003  0.025  1.000  0.000 -0.165 -0.002 -0.025 -0.142
       20  0.13139  -0.000 -0.001  0.001 -0.000 -0.000  0.000  1.000  0.079 -0.016  0.086 -0.041
       21  0.29582  -0.217 -0.043  0.009 -0.027  0.025 -0.165  0.079  1.000  0.006  0.014  0.044
       22  0.23068  -0.009 -0.072 -0.198  0.096 -0.034 -0.002 -0.016  0.006  1.000  0.089  0.062
       23  0.28457  -0.026 -0.049 -0.069  0.258 -0.007 -0.025  0.086  0.014  0.089  1.000  0.023
       24  0.30408   0.156 -0.011 -0.068  0.019  0.182 -0.142 -0.041  0.044  0.062  0.023  1.000
MINUIT - FIT ONLY 1-y
 **********
 **   51 **RES 
 **********
                   PARAMETER   16  beta_vw RESTORED TO VARIABLE.
                   PARAMETER   14  alpha_vw RESTORED TO VARIABLE.
                   PARAMETER   13  beta_y RESTORED TO VARIABLE.
                   PARAMETER   11  alpha_y RESTORED TO VARIABLE.
                   PARAMETER   10  beta_2CBO RESTORED TO VARIABLE.
 **********
 **   52 **FIX            0
 **********
 PARAMETER    0  IS UNDEFINED. IGNORED.
 **********
 **   53 **FIX            1
 **********
 **********
 **   54 **FIX            2
 **********
 PARAMETER    2  IS CONSTANT.   IGNORED.
 **********
 **   55 **FIX            3
 **********
 **********
 **   56 **FIX            4
 **********
 **********
 **   57 **FIX            5
 **********
 PARAMETER    5  IS CONSTANT.   IGNORED.
 **********
 **   58 **FIX            6
 **********
 **********
 **   59 **FIX            7
 **********
 PARAMETER    7  IS CONSTANT.   IGNORED.
 **********
 **   60 **FIX            8
 **********
 **********
 **   61 **FIX            9
 **********
 **********
 **   62 **FIX           13
 **********
 **********
 **   63 **FIX           14
 **********
 **********
 **   64 **FIX           15
 **********
 PARAMETER   15  IS CONSTANT.   IGNORED.
 **********
 **   65 **FIX           16
 **********
 **********
 **   66 **MIGRAD
 **********
 START MIGRAD MINIMIZATION.  STRATEGY  1.  CONVERGENCE WHEN EDM .LT. 1.00e-04
 FCN=54.0316 FROM MIGRAD    STATUS=INITIATE       16 CALLS        2025 TOTAL
                     EDM= unknown      STRATEGY= 1      NO ERROR MATRIX       
  EXT PARAMETER               CURRENT GUESS       STEP         FIRST   
  NO.   NAME      VALUE            ERROR          SIZE      DERIVATIVE 
   1  N0           2.93711e+06     fixed    
   2  tau          6.43896e+01   constant   
   3  A0           3.52997e-01     fixed    
   4  phi          4.11484e+00     fixed    
   5  R           -6.12649e+01   constant   
   6  alpha_CBO    4.88499e-03     fixed    
   7  w_CBO        2.32500e+00   constant   
   8  beta_CBO    -3.26724e-03     fixed    
   9  alpha_2CBO   3.48378e-04     fixed    
  10  beta_2CBO    4.65383e-05   1.99161e-04   1.99161e-04  -2.79020e+03
  11  alpha_y      0.00000e+00   1.00000e-03   1.00000e-03   8.24360e+03
  12  w_y          1.44500e+01   constant   
  13  beta_y      -1.06029e-06     fixed    
  14  alpha_vw     0.00000e+00     fixed    
  15  w_vw         1.29000e+01   constant   
  16  beta_vw      0.00000e+00     fixed    
  17  LM          -3.89610e-04   constant   
  18  zeta_y       0.00000e+00   constant   
  19  zeta_vw      0.00000e+00   constant   
  20  T_CBO        9.99999e+02   5.00201e+02   4.57995e-02  -2.57492e-05
  21  alpha_A0     3.14955e-03   8.80355e-04   3.04613e-06   7.94755e-01
  22  beta_A0     -7.48682e-04   9.85293e-04   3.47270e-06  -8.02385e-01
  23  alpha_phi    3.29875e-03   8.44027e-04   2.93086e-06  -1.67215e+00
  24  beta_phi    -1.50050e-03   8.18510e-04   2.82444e-06  -5.16357e-01
 MIGRAD MINIMIZATION HAS CONVERGED.
 MIGRAD WILL VERIFY CONVERGENCE AND ERROR MATRIX.
 COVARIANCE MATRIX CALCULATED SUCCESSFULLY
 FCN=53.2821 FROM MIGRAD    STATUS=CONVERGED     113 CALLS        2122 TOTAL
                     EDM=1.50895e-06    STRATEGY= 1      ERROR MATRIX ACCURATE 
  EXT PARAMETER                                   STEP         FIRST   
  NO.   NAME      VALUE            ERROR          SIZE      DERIVATIVE 
   1  N0           2.93711e+06     fixed    
   2  tau          6.43896e+01   constant   
   3  A0           3.52997e-01     fixed    
   4  phi          4.11484e+00     fixed    
   5  R           -6.12649e+01   constant   
   6  alpha_CBO    4.88499e-03     fixed    
   7  w_CBO        2.32500e+00   constant   
   8  beta_CBO    -3.26724e-03     fixed    
   9  alpha_2CBO   3.48378e-04     fixed    
  10  beta_2CBO    1.02285e-04   2.00918e-04   7.07373e-07  -7.22888e-01
  11  alpha_y     -1.62943e-04   1.98947e-04   7.15418e-07   6.82430e-01
  12  w_y          1.44500e+01   constant   
  13  beta_y      -1.06029e-06     fixed    
  14  alpha_vw     0.00000e+00     fixed    
  15  w_vw         1.29000e+01   constant   
  16  beta_vw      0.00000e+00     fixed    
  17  LM          -3.89610e-04   constant   
  18  zeta_y       0.00000e+00   constant   
  19  zeta_vw      0.00000e+00   constant   
  20  T_CBO        1.00000e+03   5.00066e+02   4.43037e-02** at limit **
  21  alpha_A0     3.16393e-03   8.45195e-04   3.02532e-06   1.69327e+00
  22  beta_A0     -8.07825e-04   9.77369e-04   3.44900e-06   3.24218e-01
  23  alpha_phi    3.32439e-03   8.18507e-04   2.91084e-06  -3.47689e-01
  24  beta_phi    -1.49569e-03   7.83153e-04   2.80515e-06   9.92409e-01
 EXTERNAL ERROR MATRIX.    NDIM=  25    NPAR=  7    ERR DEF=1
  4.037e-08  1.325e-10 -8.971e-11  2.950e-10 -3.396e-08  1.672e-08 -2.166e-09 
  1.325e-10  3.958e-08  2.864e-11 -3.301e-09  3.002e-09 -4.478e-10 -1.779e-09 
 -8.971e-11  2.864e-11  9.015e-05  6.418e-07 -1.562e-07  6.772e-07 -3.067e-07 
  2.950e-10 -3.301e-09  6.418e-07  7.144e-07  5.932e-09  8.783e-09  3.514e-08 
 -3.396e-08  3.002e-09 -1.562e-07  5.932e-09  9.553e-07  3.730e-08  4.457e-08 
  1.672e-08 -4.478e-10  6.772e-07  8.783e-09  3.730e-08  6.700e-07  1.144e-08 
 -2.166e-09 -1.779e-09 -3.067e-07  3.514e-08  4.457e-08  1.144e-08  6.133e-07 
 PARAMETER  CORRELATION COEFFICIENTS  
       NO.  GLOBAL     10     11     20     21     22     23     24
       10  0.20549   1.000  0.003 -0.000  0.002 -0.173  0.102 -0.014
       11  0.02847   0.003  1.000  0.000 -0.020  0.015 -0.003 -0.011
       20  0.12868  -0.000  0.000  1.000  0.080 -0.017  0.087 -0.041
       21  0.10001   0.002 -0.020  0.080  1.000  0.007  0.013  0.053
       22  0.19439  -0.173  0.015 -0.017  0.007  1.000  0.047  0.058
       23  0.15091   0.102 -0.003  0.087  0.013  0.047  1.000  0.018
       24  0.09306  -0.014 -0.011 -0.041  0.053  0.058  0.018  1.000
MINUIT - FIT ONLY 2-y
 **********
 **   67 **RES 
 **********
                   PARAMETER   16  beta_vw RESTORED TO VARIABLE.
                   PARAMETER   14  alpha_vw RESTORED TO VARIABLE.
                   PARAMETER   13  beta_y RESTORED TO VARIABLE.
                   PARAMETER    9  alpha_2CBO RESTORED TO VARIABLE.
                   PARAMETER    8  beta_CBO RESTORED TO VARIABLE.
                   PARAMETER    6  alpha_CBO RESTORED TO VARIABLE.
                   PARAMETER    4  phi RESTORED TO VARIABLE.
                   PARAMETER    3  A0 RESTORED TO VARIABLE.
                   PARAMETER    1  N0 RESTORED TO VARIABLE.
 **********
 **   68 **FIX            0
 **********
 PARAMETER    0  IS UNDEFINED. IGNORED.
 **********
 **   69 **FIX            1
 **********
 **********
 **   70 **FIX            2
 **********
 PARAMETER    2  IS CONSTANT.   IGNORED.
 **********
 **   71 **FIX            3
 **********
 **********
 **   72 **FIX            4
 **********
 **********
 **   73 **FIX            5
 **********
 PARAMETER    5  IS CONSTANT.   IGNORED.
 **********
 **   74 **FIX            6
 **********
 **********
 **   75 **FIX            7
 **********
 PARAMETER    7  IS CONSTANT.   IGNORED.
 **********
 **   76 **FIX            8
 **********
 **********
 **   77 **FIX            9
 **********
 **********
 **   78 **FIX           10
 **********
 **********
 **   79 **FIX           11
 **********
 **********
 **   80 **FIX           12
 **********
 PARAMETER   12  IS CONSTANT.   IGNORED.
 **********
 **   81 **FIX           16
 **********
 **********
 **   82 **MIGRAD
 **********
 START MIGRAD MINIMIZATION.  STRATEGY  1.  CONVERGENCE WHEN EDM .LT. 1.00e-04
 FCN=53.2821 FROM MIGRAD    STATUS=INITIATE       16 CALLS        2138 TOTAL
                     EDM= unknown      STRATEGY= 1      NO ERROR MATRIX       
  EXT PARAMETER               CURRENT GUESS       STEP         FIRST   
  NO.   NAME      VALUE            ERROR          SIZE      DERIVATIVE 
   1  N0           2.93711e+06     fixed    
   2  tau          6.43896e+01   constant   
   3  A0           3.52997e-01     fixed    
   4  phi          4.11484e+00     fixed    
   5  R           -6.12649e+01   constant   
   6  alpha_CBO    4.88499e-03     fixed    
   7  w_CBO        2.32500e+00   constant   
   8  beta_CBO    -3.26724e-03     fixed    
   9  alpha_2CBO   3.48378e-04     fixed    
  10  beta_2CBO    1.02285e-04     fixed    
  11  alpha_y     -1.62943e-04     fixed    
  12  w_y          1.44500e+01   constant   
  13  beta_y      -1.06029e-06   1.97075e-04   1.97075e-04   9.13510e+02
  14  alpha_vw     0.00000e+00   1.00000e-03   1.00000e-03   1.69153e+04
  15  w_vw         1.29000e+01   constant   
  16  beta_vw      0.00000e+00     fixed    
  17  LM          -3.89610e-04   constant   
  18  zeta_y       0.00000e+00   constant   
  19  zeta_vw      0.00000e+00   constant   
  20  T_CBO        9.99999e+02   5.00066e+02   4.43037e-02  -2.55099e-05
  21  alpha_A0     3.16393e-03   8.45195e-04   3.02532e-06   1.69193e+00
  22  beta_A0     -8.07825e-04   9.77369e-04   3.44900e-06   3.24509e-01
  23  alpha_phi    3.32439e-03   8.18507e-04   2.91084e-06  -3.49204e-01
  24  beta_phi    -1.49569e-03   7.83153e-04   2.80515e-06   9.93228e-01
 MIGRAD MINIMIZATION HAS CONVERGED.
 MIGRAD WILL VERIFY CONVERGENCE AND ERROR MATRIX.
 COVARIANCE MATRIX CALCULATED SUCCESSFULLY
 FCN=50.4345 FROM MIGRAD    STATUS=CONVERGED     114 CALLS        2236 TOTAL
                     EDM=1.36164e-07    STRATEGY= 1      ERROR MATRIX ACCURATE 
  EXT PARAMETER                                   STEP         FIRST   
  NO.   NAME      VALUE            ERROR          SIZE      DERIVATIVE 
   1  N0           2.93711e+06     fixed    
   2  tau          6.43896e+01   constant   
   3  A0           3.52997e-01     fixed    
   4  phi          4.11484e+00     fixed    
   5  R           -6.12649e+01   constant   
   6  alpha_CBO    4.88499e-03     fixed    
   7  w_CBO        2.32500e+00   constant   
   8  beta_CBO    -3.26724e-03     fixed    
   9  alpha_2CBO   3.48378e-04     fixed    
  10  beta_2CBO    1.02285e-04     fixed    
  11  alpha_y     -1.62943e-04     fixed    
  12  w_y          1.44500e+01   constant   
  13  beta_y      -2.00794e-05   1.97124e-04   6.90096e-07   1.75259e-02
  14  alpha_vw    -3.35673e-04   1.99199e-04   6.97003e-07  -1.42549e-01
  15  w_vw         1.29000e+01   constant   
  16  beta_vw      0.00000e+00     fixed    
  17  LM          -3.89610e-04   constant   
  18  zeta_y       0.00000e+00   constant   
  19  zeta_vw      0.00000e+00   constant   
  20  T_CBO        1.00000e+03   5.15165e+02   3.99340e-02** at limit **
  21  alpha_A0     3.16495e-03   8.44450e-04   2.94492e-06  -5.25959e-01
  22  beta_A0     -7.44782e-04   9.63326e-04   3.35731e-06  -7.98046e-02
  23  alpha_phi    3.34487e-03   8.13659e-04   2.83346e-06   3.26805e-01
  24  beta_phi    -1.48628e-03   7.82922e-04   2.73058e-06  -3.87710e-02
 EXTERNAL ERROR MATRIX.    NDIM=  25    NPAR=  7    ERR DEF=1
  3.886e-08  1.506e-10  2.962e-11 -1.815e-09 -3.612e-09 -1.031e-09 -1.534e-09 
  1.506e-10  3.968e-08  6.505e-11 -1.090e-10 -7.282e-09 -2.341e-09 -1.079e-09 
  2.962e-11  6.505e-11  8.447e-05  5.433e-07 -1.214e-07  5.768e-07 -2.583e-07 
 -1.815e-09 -1.090e-10  5.433e-07  7.131e-07  6.988e-09  7.556e-09  3.561e-08 
 -3.612e-09 -7.282e-09 -1.214e-07  6.988e-09  9.280e-07  5.228e-08  4.304e-08 
 -1.031e-09 -2.341e-09  5.768e-07  7.556e-09  5.228e-08  6.620e-07  1.296e-08 
 -1.534e-09 -1.079e-09 -2.583e-07  3.561e-08  4.304e-08  1.296e-08  6.130e-07 
 PARAMETER  CORRELATION COEFFICIENTS  
       NO.  GLOBAL     13     14     20     21     22     23     24
       13  0.02408   1.000  0.004  0.000 -0.011 -0.019 -0.006 -0.010
       14  0.04016   0.004  1.000  0.000 -0.001 -0.038 -0.014 -0.007
       20  0.11283   0.000  0.000  1.000  0.070 -0.014  0.077 -0.036
       21  0.09079  -0.011 -0.001  0.070  1.000  0.009  0.011  0.054
       22  0.09763  -0.019 -0.038 -0.014  0.009  1.000  0.067  0.057
       23  0.10532  -0.006 -0.014  0.077  0.011  0.067  1.000  0.020
       24  0.08986  -0.010 -0.007 -0.036  0.054  0.057  0.020  1.000
