 + ++++++++++++++++++++++++++++++++++++++++++++++++++++++++++++++++++++ +
 +                                                                      +
 +           You have chose to blind your fitting according to          +
 +                omega_ref * (1 + (R +/- deltaR) *10^{-6})             +
 +                                                                      +
 + ++++++++++++++++++++++++++++++++++++++++++++++++++++++++++++++++++++ +
In main()...
reading format from /gm2data/zkhechad/run45/envelope/formats/formatB_sBin_constraintOn.txt
pBinTau 	= 0  
pBinPhi 	= 0  
constraintau 	= 1 
includeMopTerm 	= 0    
constrainMop    = 0   
Parameters after format file: pBinTau 0 pBinPhi 0 constraintau 1 includeMopTerm 0 constrainMop 0 c_e_scale 0.000000 
Opening file /gm2data/tbarrett/gm2fr/studies/run23_bunch_corrections/CorrectedFourier_Run3b.root.
reading full fit data from /gm2data/zkhechad/cboTemplates/Run4CBOTemplates/templateFits0_v2.0/noRF/sBin_constraintOn_cE0.0_seed0_noRF_calo5.root
windowBins = 17
fitting sliding window 198 from bin 334 at 49.683600 to bin 351 at 52.369200 (17 bins)

Reading data from /gm2data/cornell/histograms/aMethod/histogram_a_noRF.root
 **********
 **    1 **SET PRINTOUT            1
 **********
 **********
 **    2 **SET NOWARNINGS 
 **********
 PARAMETER DEFINITIONS:
    NO.   NAME         VALUE      STEP SIZE      LIMITS
     1 N0           2.79488e+06  1.00000e+02     no limits
     2 tau          6.43938e+01  constant
     3 A0           3.58429e-01  1.00000e-04     no limits
     4 phi          4.11634e+00  1.00000e-02     no limits
     5 R           -6.25265e+01  constant
     6 alpha_CBO    0.00000e+00  1.00000e-03     no limits
     7 w_CBO        2.32500e+00  constant
     8 beta_CBO     0.00000e+00  1.00000e-03     no limits
     9 alpha_2CBO   0.00000e+00  1.00000e-03     no limits
    10 beta_2CBO    0.00000e+00  1.00000e-03     no limits
    11 alpha_y      0.00000e+00  1.00000e-03     no limits
    12 w_y          1.44500e+01  constant
    13 beta_y       0.00000e+00  1.00000e-03     no limits
    14 alpha_vw     0.00000e+00  1.00000e-03     no limits
    15 w_vw         1.29000e+01  constant
    16 beta_vw      0.00000e+00  1.00000e-03     no limits
    17 LM          -3.26799e-04  constant
    18 zeta_y       0.00000e+00  constant
    19 zeta_vw      0.00000e+00  constant
    20 T_CBO        1.00000e+02  1.00000e+00    0.00000e+00  1.00000e+03
    21 alpha_A0     0.00000e+00  1.00000e-03     no limits
    22 beta_A0      0.00000e+00  1.00000e-03     no limits
    23 alpha_phi    0.00000e+00  1.00000e-03     no limits
    24 beta_phi     0.00000e+00  1.00000e-03     no limits
MINUIT - FIT ONLY WIGGLE
 **********
 **    3 **FIX            5
 **********
 PARAMETER    5  IS CONSTANT.   IGNORED.
 **********
 **    4 **FIX            6
 **********
 **********
 **    5 **FIX            7
 **********
 PARAMETER    7  IS CONSTANT.   IGNORED.
 **********
 **    6 **FIX            8
 **********
 **********
 **    7 **FIX            9
 **********
 **********
 **    8 **FIX           10
 **********
 **********
 **    9 **FIX           11
 **********
 **********
 **   10 **FIX           12
 **********
 PARAMETER   12  IS CONSTANT.   IGNORED.
 **********
 **   11 **FIX           13
 **********
 **********
 **   12 **FIX           14
 **********
 **********
 **   13 **FIX           15
 **********
 PARAMETER   15  IS CONSTANT.   IGNORED.
 **********
 **   14 **FIX           16
 **********
 **********
 **   15 **MIGRAD
 **********
 FIRST CALL TO USER FUNCTION AT NEW START POINT, WITH IFLAG=4.
 START MIGRAD MINIMIZATION.  STRATEGY  1.  CONVERGENCE WHEN EDM .LT. 1.00e-04
 FCN=3024.24 FROM MIGRAD    STATUS=INITIATE      433 CALLS         434 TOTAL
                     EDM= unknown      STRATEGY= 1      NO ERROR MATRIX       
  EXT PARAMETER               CURRENT GUESS       STEP         FIRST   
  NO.   NAME      VALUE            ERROR          SIZE      DERIVATIVE 
   1  N0           2.79488e+06   1.00000e+02   0.00000e+00  -4.23414e-02
   2  tau          6.43938e+01   constant   
   3  A0           3.58429e-01   1.00000e-04   0.00000e+00  -2.08941e+05
   4  phi          4.11634e+00   1.00000e-02   0.00000e+00   1.16755e+05
   5  R           -6.25265e+01   constant   
   6  alpha_CBO    0.00000e+00     fixed    
   7  w_CBO        2.32500e+00   constant   
   8  beta_CBO     0.00000e+00     fixed    
   9  alpha_2CBO   0.00000e+00     fixed    
  10  beta_2CBO    0.00000e+00     fixed    
  11  alpha_y      0.00000e+00     fixed    
  12  w_y          1.44500e+01   constant   
  13  beta_y       0.00000e+00     fixed    
  14  alpha_vw     0.00000e+00     fixed    
  15  w_vw         1.29000e+01   constant   
  16  beta_vw      0.00000e+00     fixed    
  17  LM          -3.26799e-04   constant   
  18  zeta_y       0.00000e+00   constant   
  19  zeta_vw      0.00000e+00   constant   
  20  T_CBO        1.00000e+02   1.00000e+00   0.00000e+00   0.00000e+00
  21  alpha_A0     0.00000e+00   1.00000e-03   0.00000e+00   2.85099e+03
  22  beta_A0      0.00000e+00   1.00000e-03   0.00000e+00   1.98593e+04
  23  alpha_phi    0.00000e+00   1.00000e-03   0.00000e+00   1.37503e+04
  24  beta_phi     0.00000e+00   1.00000e-03   0.00000e+00   4.88878e+04
 MIGRAD MINIMIZATION HAS CONVERGED.
 MIGRAD WILL VERIFY CONVERGENCE AND ERROR MATRIX.
 FCN=831.939 FROM MIGRAD    STATUS=CONVERGED    1233 CALLS        1234 TOTAL
                     EDM=9.18703e-05    STRATEGY= 1      ERR MATRIX NOT POS-DEF
  EXT PARAMETER                APPROXIMATE        STEP         FIRST   
  NO.   NAME      VALUE            ERROR          SIZE      DERIVATIVE 
   1  N0           2.80177e+06   3.34217e+03   4.71811e+00  -6.93100e-06
   2  tau          6.43938e+01   constant   
   3  A0           3.83329e-01   1.34472e-03   3.41178e-06  -4.12453e+00
   4  phi          4.00034e+00   4.89204e-03   6.27211e-06  -2.71505e+00
   5  R           -6.25265e+01   constant   
   6  alpha_CBO    0.00000e+00     fixed    
   7  w_CBO        2.32500e+00   constant   
   8  beta_CBO     0.00000e+00     fixed    
   9  alpha_2CBO   0.00000e+00     fixed    
  10  beta_2CBO    0.00000e+00     fixed    
  11  alpha_y      0.00000e+00     fixed    
  12  w_y          1.44500e+01   constant   
  13  beta_y       0.00000e+00     fixed    
  14  alpha_vw     0.00000e+00     fixed    
  15  w_vw         1.29000e+01   constant   
  16  beta_vw      0.00000e+00     fixed    
  17  LM          -3.26799e-04   constant   
  18  zeta_y       0.00000e+00   constant   
  19  zeta_vw      0.00000e+00   constant   
  20  T_CBO        7.87772e+01   6.51610e+00   2.61418e-05   2.93204e-01
  21  alpha_A0    -1.71669e-01   1.12481e-02   1.66948e-05  -1.09440e-01
  22  beta_A0      2.03530e-01   1.32413e-02   1.73201e-05  -2.12956e+00
  23  alpha_phi    2.38294e-01   1.50996e-02   2.51941e-05   4.31170e-01
  24  beta_phi     1.63189e-01   1.25732e-02   2.17246e-05   1.37929e+00
 EXTERNAL ERROR MATRIX.    NDIM=  25    NPAR=  8    ERR DEF=1
  1.117e+07  1.154e+00  4.350e+00  2.982e+02 -2.597e+01 -2.295e+01 -2.135e+01  3.126e+01 
  1.154e+00  1.808e-06 -4.619e-06  3.824e-03 -4.004e-06  2.183e-06  3.228e-06  7.214e-06 
  4.350e+00 -4.619e-06  2.393e-05 -1.320e-02 -5.355e-06 -3.441e-05 -4.184e-05  9.023e-07 
  2.982e+02  3.824e-03 -1.320e-02  4.247e+01  4.218e-02 -4.333e-02 -4.803e-02 -3.470e-02 
 -2.597e+01 -4.004e-06 -5.355e-06  4.218e-02  1.265e-04 -2.925e-05 -4.585e-05 -1.366e-04 
 -2.295e+01  2.183e-06 -3.441e-05 -4.333e-02 -2.925e-05  1.753e-04  1.961e-04  1.991e-05 
 -2.135e+01  3.228e-06 -4.184e-05 -4.803e-02 -4.585e-05  1.961e-04  2.280e-04  3.675e-05 
  3.126e+01  7.214e-06  9.023e-07 -3.470e-02 -1.366e-04  1.991e-05  3.675e-05  1.581e-04 
ERR MATRIX NOT POS-DEF
 PARAMETER  CORRELATION COEFFICIENTS  
       NO.  GLOBAL      1      3      4     20     21     22     23     24
        1  0.99497   1.000  0.257  0.266  0.014 -0.691 -0.519 -0.423  0.744
        3  0.98371   0.257  1.000 -0.702  0.436 -0.265  0.123  0.159  0.427
        4  0.99587   0.266 -0.702  1.000 -0.414 -0.097 -0.531 -0.566  0.015
       20  0.99706   0.014  0.436 -0.414  1.000  0.575 -0.502 -0.488 -0.424
       21  0.99446  -0.691 -0.265 -0.097  0.575  1.000 -0.196 -0.270 -0.966
       22  0.99570  -0.519  0.123 -0.531 -0.502 -0.196  1.000  0.981  0.120
       23  0.99299  -0.423  0.159 -0.566 -0.488 -0.270  0.981  1.000  0.194
       24  0.99248   0.744  0.427  0.015 -0.424 -0.966  0.120  0.194  1.000
 ERR MATRIX NOT POS-DEF
MINUIT - FIT ONLY 1-CBO + wiggle
 **********
 **   16 **RES 
 **********
                   PARAMETER   16  beta_vw RESTORED TO VARIABLE.
                   PARAMETER   14  alpha_vw RESTORED TO VARIABLE.
                   PARAMETER   13  beta_y RESTORED TO VARIABLE.
                   PARAMETER   11  alpha_y RESTORED TO VARIABLE.
                   PARAMETER   10  beta_2CBO RESTORED TO VARIABLE.
                   PARAMETER    9  alpha_2CBO RESTORED TO VARIABLE.
                   PARAMETER    8  beta_CBO RESTORED TO VARIABLE.
                   PARAMETER    6  alpha_CBO RESTORED TO VARIABLE.
 **********
 **   17 **FIX            8
 **********
 **********
 **   18 **FIX            9
 **********
 **********
 **   19 **FIX           11
 **********
 **********
 **   20 **FIX           12
 **********
 PARAMETER   12  IS CONSTANT.   IGNORED.
 **********
 **   21 **FIX           14
 **********
 **********
 **   22 **FIX           15
 **********
 PARAMETER   15  IS CONSTANT.   IGNORED.
 **********
 **   23 **FIX           16
 **********
 **********
 **   24 **MIGRAD
 **********
 START MIGRAD MINIMIZATION.  STRATEGY  1.  CONVERGENCE WHEN EDM .LT. 1.00e-04
 FCN=831.939 FROM MIGRAD    STATUS=INITIATE       28 CALLS        1262 TOTAL
                     EDM= unknown      STRATEGY= 1      NO ERROR MATRIX       
  EXT PARAMETER               CURRENT GUESS       STEP         FIRST   
  NO.   NAME      VALUE            ERROR          SIZE      DERIVATIVE 
   1  N0           2.80177e+06   3.34217e+03   4.71811e+00  -6.93100e-06
   2  tau          6.43938e+01   constant   
   3  A0           3.83329e-01   1.34472e-03   3.41178e-06  -4.12456e+00
   4  phi          4.00034e+00   4.89204e-03   6.27211e-06  -2.71507e+00
   5  R           -6.25265e+01   constant   
   6  alpha_CBO    0.00000e+00   1.00000e-03   1.00000e-03   2.34037e+03
   7  w_CBO        2.32500e+00   constant   
   8  beta_CBO     0.00000e+00     fixed    
   9  alpha_2CBO   0.00000e+00     fixed    
  10  beta_2CBO    0.00000e+00   1.00000e-03   1.00000e-03  -1.02167e+04
  11  alpha_y      0.00000e+00     fixed    
  12  w_y          1.44500e+01   constant   
  13  beta_y       0.00000e+00   1.00000e-03   1.00000e-03   1.60538e+05
  14  alpha_vw     0.00000e+00     fixed    
  15  w_vw         1.29000e+01   constant   
  16  beta_vw      0.00000e+00     fixed    
  17  LM          -3.26799e-04   constant   
  18  zeta_y       0.00000e+00   constant   
  19  zeta_vw      0.00000e+00   constant   
  20  T_CBO        7.87772e+01   6.51610e+00   2.61418e-05   2.92609e-01
  21  alpha_A0    -1.71669e-01   1.12481e-02   1.66948e-05  -1.09491e-01
  22  beta_A0      2.03530e-01   1.32413e-02   1.73201e-05  -2.12956e+00
  23  alpha_phi    2.38294e-01   1.50996e-02   2.51941e-05   4.31168e-01
  24  beta_phi     1.63189e-01   1.25732e-02   2.17246e-05   1.37929e+00
 CALL LIMIT EXCEEDED IN MIGRAD.
 MIGRAD TERMINATED WITHOUT CONVERGENCE.
 FCN=562.819 FROM MIGRAD    STATUS=CALL LIMIT   1908 CALLS        3142 TOTAL
                     EDM=0.617965    STRATEGY= 1  ERROR MATRIX UNCERTAINTY  25.4 per cent
  EXT PARAMETER                APPROXIMATE        STEP         FIRST   
  NO.   NAME      VALUE            ERROR          SIZE      DERIVATIVE 
   1  N0           2.50436e+06   8.12987e+03   2.95662e+03   4.24603e-04
   2  tau          6.43938e+01   constant   
   3  A0           4.22603e-01   2.59204e-03  -9.10273e-04   1.08514e+04
   4  phi          4.09283e+00   4.24773e-03  -2.29725e-03   4.15431e+03
   5  R           -6.25265e+01   constant   
   6  alpha_CBO   -7.96470e-02   3.08250e-03   1.52625e-03   2.96472e+04
   7  w_CBO        2.32500e+00   constant   
   8  beta_CBO     0.00000e+00     fixed    
   9  alpha_2CBO   0.00000e+00     fixed    
  10  beta_2CBO   -9.01298e-03   5.69373e-04  -2.70352e-05   3.71914e+03
  11  alpha_y      0.00000e+00     fixed    
  12  w_y          1.44500e+01   constant   
  13  beta_y      -2.03249e-03   1.76915e-04   4.88863e-06   3.56870e+03
  14  alpha_vw     0.00000e+00     fixed    
  15  w_vw         1.29000e+01   constant   
  16  beta_vw      0.00000e+00     fixed    
  17  LM          -3.26799e-04   constant   
  18  zeta_y       0.00000e+00   constant   
  19  zeta_vw      0.00000e+00   constant   
  20  T_CBO        1.17028e+02   1.70929e+00  -1.86320e-03   2.98068e+03
  21  alpha_A0     4.74488e-01   1.57946e-02  -5.06864e-03  -8.00415e+01
  22  beta_A0      5.05008e-01   1.08193e-02  -7.49741e-04  -3.73160e+02
  23  alpha_phi    6.33223e-01   1.02784e-02  -5.24678e-03   4.01372e+03
  24  beta_phi    -3.21452e-01   7.82363e-03   2.12152e-03  -5.28364e+02
 EXTERNAL ERROR MATRIX.    NDIM=  25    NPAR= 11    ERR DEF=1
  6.609e+07 
 -1.889e+01  6.719e-06 
 -2.300e+01  8.786e-06  1.804e-05 
  2.290e+01 -7.414e-06 -1.163e-05  9.502e-06 
  3.563e+00 -9.075e-07 -3.145e-07  8.540e-07  3.242e-07 
 -1.518e-01  4.438e-08  7.096e-08 -5.647e-08 -1.332e-08  3.130e-08 
 -1.351e+04  3.778e-03  4.614e-03 -4.736e-03 -7.240e-04  3.262e-05  2.922e+00 
 -1.229e+02  3.001e-05  3.365e-05 -3.897e-05 -7.118e-06  2.823e-07  2.535e-02  2.495e-04 
 -6.928e+01  1.420e-05  3.660e-06 -1.646e-05 -5.551e-06  1.551e-07  1.434e-02  1.513e-04  1.171e-04 
 -7.522e+01  2.223e-05  3.518e-05 -3.072e-05 -2.741e-06  1.532e-07  1.571e-02  1.361e-04  6.237e-05  1.056e-04 
  5.100e+01 -9.319e-06 -9.656e-06  1.433e-05  3.171e-06 -1.120e-07 -1.075e-02 -1.152e-04 -7.456e-05 -5.505e-05  6.121e-05 
ERR MATRIX APPROXIMATE
 PARAMETER  CORRELATION COEFFICIENTS  
       NO.  GLOBAL      1      3      4      6     10     13     20     21     22     23     24
        1  0.99979   1.000 -0.897 -0.666  0.914  0.770 -0.106 -0.972 -0.957 -0.788 -0.900  0.802
        3  0.99981  -0.897  1.000  0.798 -0.928 -0.615  0.097  0.853  0.733  0.507  0.834 -0.460
        4  0.99949  -0.666  0.798  1.000 -0.888 -0.130  0.094  0.635  0.502  0.080  0.806 -0.291
        6  0.99998   0.914 -0.928 -0.888  1.000  0.487 -0.104 -0.899 -0.800 -0.494 -0.970  0.594
       10  0.97960   0.770 -0.615 -0.130  0.487  1.000 -0.132 -0.744 -0.791 -0.901 -0.468  0.712
       13  0.71965  -0.106  0.097  0.094 -0.104 -0.132  1.000  0.108  0.101  0.081  0.084 -0.081
       20  0.99930  -0.972  0.853  0.635 -0.899 -0.744  0.108  1.000  0.939  0.775  0.894 -0.804
       21  0.99882  -0.957  0.733  0.502 -0.800 -0.791  0.101  0.939  1.000  0.886  0.839 -0.932
       22  0.99665  -0.788  0.507  0.080 -0.494 -0.901  0.081  0.775  0.886  1.000  0.561 -0.881
       23  0.99989  -0.900  0.834  0.806 -0.970 -0.468  0.084  0.894  0.839  0.561  1.000 -0.685
       24  0.99599   0.802 -0.460 -0.291  0.594  0.712 -0.081 -0.804 -0.932 -0.881 -0.685  1.000
 ERR MATRIX APPROXIMATE
MINUIT - FIT ONLY 2-CBO
 **********
 **   25 **RES 
 **********
                   PARAMETER   16  beta_vw RESTORED TO VARIABLE.
                   PARAMETER   14  alpha_vw RESTORED TO VARIABLE.
                   PARAMETER   11  alpha_y RESTORED TO VARIABLE.
                   PARAMETER    9  alpha_2CBO RESTORED TO VARIABLE.
                   PARAMETER    8  beta_CBO RESTORED TO VARIABLE.
 **********
 **   26 **FIX            0
 **********
 PARAMETER    0  IS UNDEFINED. IGNORED.
 **********
 **   27 **FIX            1
 **********
 **********
 **   28 **FIX            2
 **********
 PARAMETER    2  IS CONSTANT.   IGNORED.
 **********
 **   29 **FIX            3
 **********
 **********
 **   30 **FIX            4
 **********
 **********
 **   31 **FIX            5
 **********
 PARAMETER    5  IS CONSTANT.   IGNORED.
 **********
 **   32 **FIX            6
 **********
 **********
 **   33 **FIX            7
 **********
 PARAMETER    7  IS CONSTANT.   IGNORED.
 **********
 **   34 **FIX           10
 **********
 **********
 **   35 **FIX           11
 **********
 **********
 **   36 **FIX           12
 **********
 PARAMETER   12  IS CONSTANT.   IGNORED.
 **********
 **   37 **FIX           13
 **********
 **********
 **   38 **FIX           14
 **********
 **********
 **   39 **FIX           15
 **********
 PARAMETER   15  IS CONSTANT.   IGNORED.
 **********
 **   40 **FIX           16
 **********
 **********
 **   41 **MIGRAD
 **********
 START MIGRAD MINIMIZATION.  STRATEGY  1.  CONVERGENCE WHEN EDM .LT. 1.00e-04
 FCN=562.819 FROM MIGRAD    STATUS=INITIATE       18 CALLS        3160 TOTAL
                     EDM= unknown      STRATEGY= 1      NO ERROR MATRIX       
  EXT PARAMETER               CURRENT GUESS       STEP         FIRST   
  NO.   NAME      VALUE            ERROR          SIZE      DERIVATIVE 
   1  N0           2.50436e+06     fixed    
   2  tau          6.43938e+01   constant   
   3  A0           4.22603e-01     fixed    
   4  phi          4.09283e+00     fixed    
   5  R           -6.25265e+01   constant   
   6  alpha_CBO   -7.96470e-02     fixed    
   7  w_CBO        2.32500e+00   constant   
   8  beta_CBO     0.00000e+00   1.00000e-03   1.00000e-03  -5.96008e+03
   9  alpha_2CBO   0.00000e+00   1.00000e-03   1.00000e-03   9.13031e+03
  10  beta_2CBO   -9.01298e-03     fixed    
  11  alpha_y      0.00000e+00     fixed    
  12  w_y          1.44500e+01   constant   
  13  beta_y      -2.03249e-03     fixed    
  14  alpha_vw     0.00000e+00     fixed    
  15  w_vw         1.29000e+01   constant   
  16  beta_vw      0.00000e+00     fixed    
  17  LM          -3.26799e-04   constant   
  18  zeta_y       0.00000e+00   constant   
  19  zeta_vw      0.00000e+00   constant   
  20  T_CBO        1.17028e+02   1.70929e+00  -1.86320e-03   2.98068e+03
  21  alpha_A0     4.74488e-01   1.57946e-02  -5.06864e-03  -8.00415e+01
  22  beta_A0      5.05008e-01   1.08193e-02  -7.49741e-04  -3.73160e+02
  23  alpha_phi    6.33223e-01   1.02784e-02  -5.24678e-03   4.01372e+03
  24  beta_phi    -3.21452e-01   7.82363e-03   2.12152e-03  -5.28364e+02
 MIGRAD MINIMIZATION HAS CONVERGED.
 MIGRAD WILL VERIFY CONVERGENCE AND ERROR MATRIX.
 FCN=554.813 FROM MIGRAD    STATUS=CONVERGED     182 CALLS        3324 TOTAL
                     EDM=4.68256e-05    STRATEGY= 1      ERR MATRIX NOT POS-DEF
  EXT PARAMETER                APPROXIMATE        STEP         FIRST   
  NO.   NAME      VALUE            ERROR          SIZE      DERIVATIVE 
   1  N0           2.50436e+06     fixed    
   2  tau          6.43938e+01   constant   
   3  A0           4.22603e-01     fixed    
   4  phi          4.09283e+00     fixed    
   5  R           -6.25265e+01   constant   
   6  alpha_CBO   -7.96470e-02     fixed    
   7  w_CBO        2.32500e+00   constant   
   8  beta_CBO     1.23550e-04   6.21926e-04   1.95758e-06  -3.17015e-01
   9  alpha_2CBO  -4.43030e-04   2.84285e-04   1.89227e-06  -8.27369e-02
  10  beta_2CBO   -9.01298e-03     fixed    
  11  alpha_y      0.00000e+00     fixed    
  12  w_y          1.44500e+01   constant   
  13  beta_y      -2.03249e-03     fixed    
  14  alpha_vw     0.00000e+00     fixed    
  15  w_vw         1.29000e+01   constant   
  16  beta_vw      0.00000e+00     fixed    
  17  LM          -3.26799e-04   constant   
  18  zeta_y       0.00000e+00   constant   
  19  zeta_vw      0.00000e+00   constant   
  20  T_CBO        1.16637e+02   4.77081e+00   1.21908e-05  -2.63931e-01
  21  alpha_A0     4.78532e-01   8.98919e-03   1.82447e-05   1.38253e-01
  22  beta_A0      5.03228e-01   9.51443e-03   1.69295e-05   8.80261e-02
  23  alpha_phi    6.31381e-01   1.13492e-02   1.24386e-05   2.53558e-01
  24  beta_phi    -3.20476e-01   6.77093e-03   1.29086e-05  -1.55003e-01
 EXTERNAL ERROR MATRIX.    NDIM=  25    NPAR=  7    ERR DEF=1
  3.868e-07  3.081e-08  5.128e-05 -4.089e-07 -1.037e-06 -5.772e-08 -2.097e-06 
  3.081e-08  8.082e-08  1.890e-06 -4.960e-07  3.215e-07  3.908e-08 -4.055e-07 
  5.128e-05  1.890e-06  2.276e+01 -4.135e-02 -4.367e-02 -5.388e-02  2.685e-02 
 -4.089e-07 -4.960e-07 -4.135e-02  8.081e-05  7.739e-05  9.728e-05 -4.553e-05 
 -1.037e-06  3.215e-07 -4.367e-02  7.739e-05  9.052e-05  1.035e-04 -4.805e-05 
 -5.772e-08  3.908e-08 -5.388e-02  9.728e-05  1.035e-04  1.288e-04 -6.427e-05 
 -2.097e-06 -4.055e-07  2.685e-02 -4.553e-05 -4.805e-05 -6.427e-05  4.585e-05 
ERR MATRIX NOT POS-DEF
 PARAMETER  CORRELATION COEFFICIENTS  
       NO.  GLOBAL      8      9     20     21     22     23     24
        8  0.96199   1.000  0.174  0.017 -0.073 -0.175 -0.008 -0.498
        9  0.81639   0.174  1.000  0.001 -0.194  0.119  0.012 -0.211
       20  0.99747   0.017  0.001  1.000 -0.964 -0.962 -0.995  0.831
       21  0.98437  -0.073 -0.194 -0.964  1.000  0.905  0.954 -0.748
       22  0.98801  -0.175  0.119 -0.962  0.905  1.000  0.959 -0.746
       23  0.99547  -0.008  0.012 -0.995  0.954  0.959  1.000 -0.836
       24  0.98623  -0.498 -0.211  0.831 -0.748 -0.746 -0.836  1.000
 ERR MATRIX NOT POS-DEF
MINUIT - FIT wiggle + 1-CBO + 2-CBO
 **********
 **   42 **RES 
 **********
                   PARAMETER   16  beta_vw RESTORED TO VARIABLE.
                   PARAMETER   14  alpha_vw RESTORED TO VARIABLE.
                   PARAMETER   13  beta_y RESTORED TO VARIABLE.
                   PARAMETER   11  alpha_y RESTORED TO VARIABLE.
                   PARAMETER   10  beta_2CBO RESTORED TO VARIABLE.
                   PARAMETER    6  alpha_CBO RESTORED TO VARIABLE.
                   PARAMETER    4  phi RESTORED TO VARIABLE.
                   PARAMETER    3  A0 RESTORED TO VARIABLE.
                   PARAMETER    1  N0 RESTORED TO VARIABLE.
 **********
 **   43 **FIX           10
 **********
 **********
 **   44 **FIX           11
 **********
 **********
 **   45 **FIX           12
 **********
 PARAMETER   12  IS CONSTANT.   IGNORED.
 **********
 **   46 **FIX           13
 **********
 **********
 **   47 **FIX           14
 **********
 **********
 **   48 **FIX           15
 **********
 PARAMETER   15  IS CONSTANT.   IGNORED.
 **********
 **   49 **FIX           16
 **********
 **********
 **   50 **MIGRAD
 **********
 START MIGRAD MINIMIZATION.  STRATEGY  1.  CONVERGENCE WHEN EDM .LT. 1.00e-04
 FCN=554.813 FROM MIGRAD    STATUS=INITIATE       22 CALLS        3346 TOTAL
                     EDM= unknown      STRATEGY= 1      NO ERROR MATRIX       
  EXT PARAMETER               CURRENT GUESS       STEP         FIRST   
  NO.   NAME      VALUE            ERROR          SIZE      DERIVATIVE 
   1  N0           2.50436e+06   8.12987e+03   8.12987e+03  -6.53070e-04
   2  tau          6.43938e+01   constant   
   3  A0           4.22603e-01   2.59204e-03   2.59204e-03   3.85937e+02
   4  phi          4.09283e+00   4.24773e-03   4.24773e-03   1.22968e+02
   5  R           -6.25265e+01   constant   
   6  alpha_CBO   -7.96470e-02   3.08250e-03   3.08250e-03   1.55747e+03
   7  w_CBO        2.32500e+00   constant   
   8  beta_CBO     1.23550e-04   6.21926e-04   1.95758e-06  -3.17017e-01
   9  alpha_2CBO  -4.43030e-04   2.84285e-04   1.89227e-06  -8.27278e-02
  10  beta_2CBO   -9.01298e-03     fixed    
  11  alpha_y      0.00000e+00     fixed    
  12  w_y          1.44500e+01   constant   
  13  beta_y      -2.03249e-03     fixed    
  14  alpha_vw     0.00000e+00     fixed    
  15  w_vw         1.29000e+01   constant   
  16  beta_vw      0.00000e+00     fixed    
  17  LM          -3.26799e-04   constant   
  18  zeta_y       0.00000e+00   constant   
  19  zeta_vw      0.00000e+00   constant   
  20  T_CBO        1.16637e+02   4.77081e+00   1.21908e-05  -2.64323e-01
  21  alpha_A0     4.78532e-01   8.98919e-03   1.82447e-05   1.38159e-01
  22  beta_A0      5.03228e-01   9.51443e-03   1.69295e-05   8.80231e-02
  23  alpha_phi    6.31381e-01   1.13492e-02   1.24386e-05   2.53561e-01
  24  beta_phi    -3.20476e-01   6.77093e-03   1.29086e-05  -1.55002e-01
 MIGRAD MINIMIZATION HAS CONVERGED.
 MIGRAD WILL VERIFY CONVERGENCE AND ERROR MATRIX.
 COVARIANCE MATRIX CALCULATED SUCCESSFULLY
 FCN=500.223 FROM HESSE     STATUS=OK            100 CALLS        5055 TOTAL
                     EDM=0.0788732    STRATEGY= 1      ERROR MATRIX ACCURATE 
  EXT PARAMETER                                   STEP         FIRST   
  NO.   NAME      VALUE            ERROR          SIZE      DERIVATIVE 
   1  N0           2.45205e+06   2.66888e+04   3.20421e+00   1.38949e-06
   2  tau          6.43938e+01   constant   
   3  A0           4.31857e-01   1.27344e-02   1.92986e-06   3.28904e+00
   4  phi          4.10714e+00   4.02611e-02   8.95945e-06  -1.72511e-01
   5  R           -6.25265e+01   constant   
   6  alpha_CBO   -1.36405e-01   1.51135e-02   1.78418e-06  -1.02177e+00
   7  w_CBO        2.32500e+00   constant   
   8  beta_CBO    -3.61385e-02   3.56600e-03   1.84554e-06  -3.80438e+00
   9  alpha_2CBO   6.12309e-03   3.08947e-03   1.78114e-06   1.39819e+00
  10  beta_2CBO   -9.01298e-03     fixed    
  11  alpha_y      0.00000e+00     fixed    
  12  w_y          1.44500e+01   constant   
  13  beta_y      -2.03249e-03     fixed    
  14  alpha_vw     0.00000e+00     fixed    
  15  w_vw         1.29000e+01   constant   
  16  beta_vw      0.00000e+00     fixed    
  17  LM          -3.26799e-04   constant   
  18  zeta_y       0.00000e+00   constant   
  19  zeta_vw      0.00000e+00   constant   
  20  T_CBO        1.85174e+02   1.63937e+02   1.69297e-05  -8.76890e-01
  21  alpha_A0     5.39901e-01   1.46338e-01   1.94487e-05   1.19422e-01
  22  beta_A0      6.66760e-01   1.67427e-01   1.49012e-05   1.56480e-01
  23  alpha_phi    8.17558e-01   2.14607e-01   9.45319e-06   2.28791e-01
  24  beta_phi    -2.33168e-01   6.22362e-02   9.83541e-06  -1.37540e+00
 CALL LIMIT EXCEEDED IN MIGRAD.
 MIGRAD TERMINATED WITHOUT CONVERGENCE.
 FCN=500.191 FROM MIGRAD    STATUS=CALL LIMIT   1906 CALLS        5230 TOTAL
                     EDM=0.00294817    STRATEGY= 1  ERROR MATRIX UNCERTAINTY   1.2 per cent
  EXT PARAMETER                APPROXIMATE        STEP         FIRST   
  NO.   NAME      VALUE            ERROR          SIZE      DERIVATIVE 
   1  N0           2.45240e+06   2.31601e+04   9.87848e+01  -1.75380e-04
   2  tau          6.43938e+01   constant   
   3  A0           4.31666e-01   1.11730e-02  -8.10057e-05  -3.95660e+02
   4  phi          4.10641e+00   3.40806e-02  -1.04505e-06  -8.68659e+01
   5  R           -6.25265e+01   constant   
   6  alpha_CBO   -1.36228e-01   1.33761e-02   8.94356e-05  -5.24743e+02
   7  w_CBO        2.32500e+00   constant   
   8  beta_CBO    -3.62078e-02   3.32427e-03   2.92371e-05  -8.60583e+01
   9  alpha_2CBO   6.07420e-03   2.65574e-03  -1.38325e-05  -1.09807e+02
  10  beta_2CBO   -9.01298e-03     fixed    
  11  alpha_y      0.00000e+00     fixed    
  12  w_y          1.44500e+01   constant   
  13  beta_y      -2.03249e-03     fixed    
  14  alpha_vw     0.00000e+00     fixed    
  15  w_vw         1.29000e+01   constant   
  16  beta_vw      0.00000e+00     fixed    
  17  LM          -3.26799e-04   constant   
  18  zeta_y       0.00000e+00   constant   
  19  zeta_vw      0.00000e+00   constant   
  20  T_CBO        1.96463e+02   4.46318e+01   5.82891e-03  -5.53671e+01
  21  alpha_A0     5.30976e-01   4.28598e-02  -1.64363e-03  -3.59297e+01
  22  beta_A0      6.56667e-01   4.53572e-02  -2.31324e-03  -1.37401e+01
  23  alpha_phi    8.04615e-01   5.65880e-02  -2.82601e-03  -9.69878e+01
  24  beta_phi    -2.29345e-01   2.07853e-02   6.02601e-04  -1.50935e+01
 EXTERNAL ERROR MATRIX.    NDIM=  25    NPAR= 11    ERR DEF=1
  5.364e+08 
 -2.504e+02  1.248e-04 
 -7.508e+02  3.342e-04  1.161e-03 
  3.036e+02 -1.464e-04 -4.086e-04  1.789e-04 
 -3.258e+01  1.232e-05  6.588e-05 -1.129e-05  1.105e-05 
 -6.067e+01  2.861e-05  8.585e-05 -3.495e-05  3.254e-06  7.053e-06 
 -5.213e+04  9.417e-03  8.835e-02 -2.383e-02  5.450e-03  4.453e-03  2.000e+03 
 -5.806e+02  2.370e-04  8.703e-04 -3.098e-04  4.337e-05  6.440e-05 -1.315e+00  1.837e-03 
  1.310e+02 -3.752e-05 -3.767e-04  3.159e-05 -6.444e-05 -1.337e-05 -1.797e+00  1.081e-03  2.057e-03 
 -5.833e+02  3.080e-04  6.758e-04 -3.734e-04 -9.990e-06  6.944e-05 -2.104e+00  2.036e-03  2.072e-03  3.202e-03 
  2.357e+02 -8.460e-05 -3.952e-04  1.044e-04 -4.256e-05 -2.461e-05  5.444e-01 -8.024e-04 -3.322e-04 -7.289e-04  4.320e-04 
ERR MATRIX APPROXIMATE
 PARAMETER  CORRELATION COEFFICIENTS  
       NO.  GLOBAL      1      3      4      6      8      9     20     21     22     23     24
        1  0.99992   1.000 -0.968 -0.951  0.980 -0.423 -0.986 -0.050 -0.585  0.125 -0.445  0.490
        3  0.99988  -0.968  1.000  0.878 -0.980  0.332  0.964  0.019  0.495 -0.074  0.487 -0.364
        4  0.99977  -0.951  0.878  1.000 -0.896  0.581  0.949  0.058  0.596 -0.244  0.350 -0.558
        6  0.99994   0.980 -0.980 -0.896  1.000 -0.254 -0.984 -0.040 -0.540  0.052 -0.493  0.376
        8  0.99888  -0.423  0.332  0.581 -0.254  1.000  0.369  0.037  0.304 -0.427 -0.053 -0.616
        9  0.99815  -0.986  0.964  0.949 -0.984  0.369  1.000  0.037  0.566 -0.111  0.462 -0.446
       20  0.99992  -0.050  0.019  0.058 -0.040  0.037  0.037  1.000 -0.686 -0.886 -0.831  0.586
       21  0.99921  -0.585  0.495  0.596 -0.540  0.304  0.566 -0.686  1.000  0.556  0.840 -0.901
       22  0.99961   0.125 -0.074 -0.244  0.052 -0.427 -0.111 -0.886  0.556  1.000  0.807 -0.352
       23  0.99991  -0.445  0.487  0.350 -0.493 -0.053  0.462 -0.831  0.840  0.807  1.000 -0.620
       24  0.99918   0.490 -0.364 -0.558  0.376 -0.616 -0.446  0.586 -0.901 -0.352 -0.620  1.000
 ERR MATRIX APPROXIMATE
MINUIT - FIT ONLY 1-y
 **********
 **   51 **RES 
 **********
                   PARAMETER   16  beta_vw RESTORED TO VARIABLE.
                   PARAMETER   14  alpha_vw RESTORED TO VARIABLE.
                   PARAMETER   13  beta_y RESTORED TO VARIABLE.
                   PARAMETER   11  alpha_y RESTORED TO VARIABLE.
                   PARAMETER   10  beta_2CBO RESTORED TO VARIABLE.
 **********
 **   52 **FIX            0
 **********
 PARAMETER    0  IS UNDEFINED. IGNORED.
 **********
 **   53 **FIX            1
 **********
 **********
 **   54 **FIX            2
 **********
 PARAMETER    2  IS CONSTANT.   IGNORED.
 **********
 **   55 **FIX            3
 **********
 **********
 **   56 **FIX            4
 **********
 **********
 **   57 **FIX            5
 **********
 PARAMETER    5  IS CONSTANT.   IGNORED.
 **********
 **   58 **FIX            6
 **********
 **********
 **   59 **FIX            7
 **********
 PARAMETER    7  IS CONSTANT.   IGNORED.
 **********
 **   60 **FIX            8
 **********
 **********
 **   61 **FIX            9
 **********
 **********
 **   62 **FIX           13
 **********
 **********
 **   63 **FIX           14
 **********
 **********
 **   64 **FIX           15
 **********
 PARAMETER   15  IS CONSTANT.   IGNORED.
 **********
 **   65 **FIX           16
 **********
 **********
 **   66 **MIGRAD
 **********
 START MIGRAD MINIMIZATION.  STRATEGY  1.  CONVERGENCE WHEN EDM .LT. 1.00e-04
 FCN=500.191 FROM MIGRAD    STATUS=INITIATE       16 CALLS        5246 TOTAL
                     EDM= unknown      STRATEGY= 1      NO ERROR MATRIX       
  EXT PARAMETER               CURRENT GUESS       STEP         FIRST   
  NO.   NAME      VALUE            ERROR          SIZE      DERIVATIVE 
   1  N0           2.45240e+06     fixed    
   2  tau          6.43938e+01   constant   
   3  A0           4.31666e-01     fixed    
   4  phi          4.10641e+00     fixed    
   5  R           -6.25265e+01   constant   
   6  alpha_CBO   -1.36228e-01     fixed    
   7  w_CBO        2.32500e+00   constant   
   8  beta_CBO    -3.62078e-02     fixed    
   9  alpha_2CBO   6.07420e-03     fixed    
  10  beta_2CBO   -9.01298e-03   5.69373e-04   5.69373e-04  -1.69522e+02
  11  alpha_y      0.00000e+00   1.00000e-03   1.00000e-03  -2.19272e+05
  12  w_y          1.44500e+01   constant   
  13  beta_y      -2.03249e-03     fixed    
  14  alpha_vw     0.00000e+00     fixed    
  15  w_vw         1.29000e+01   constant   
  16  beta_vw      0.00000e+00     fixed    
  17  LM          -3.26799e-04   constant   
  18  zeta_y       0.00000e+00   constant   
  19  zeta_vw      0.00000e+00   constant   
  20  T_CBO        1.96463e+02   4.46318e+01   5.82891e-03  -5.53671e+01
  21  alpha_A0     5.30976e-01   4.28598e-02  -1.64363e-03  -3.59297e+01
  22  beta_A0      6.56667e-01   4.53572e-02  -2.31324e-03  -1.37401e+01
  23  alpha_phi    8.04615e-01   5.65880e-02  -2.82601e-03  -9.69878e+01
  24  beta_phi    -2.29345e-01   2.07853e-02   6.02601e-04  -1.50935e+01
 CALL LIMIT EXCEEDED IN MIGRAD.
 MIGRAD TERMINATED WITHOUT CONVERGENCE.
 FCN=150.082 FROM MIGRAD    STATUS=CALL LIMIT   1154 CALLS        6384 TOTAL
                     EDM=1.03292    STRATEGY= 1  ERROR MATRIX UNCERTAINTY  20.8 per cent
  EXT PARAMETER                APPROXIMATE        STEP         FIRST   
  NO.   NAME      VALUE            ERROR          SIZE      DERIVATIVE 
   1  N0           2.45240e+06     fixed    
   2  tau          6.43938e+01   constant   
   3  A0           4.31666e-01     fixed    
   4  phi          4.10641e+00     fixed    
   5  R           -6.25265e+01   constant   
   6  alpha_CBO   -1.36228e-01     fixed    
   7  w_CBO        2.32500e+00   constant   
   8  beta_CBO    -3.62078e-02     fixed    
   9  alpha_2CBO   6.07420e-03     fixed    
  10  beta_2CBO   -9.03411e-03   1.96169e-04  -4.79850e-05  -2.51063e+03
  11  alpha_y      3.11171e-03   1.64510e-04  -5.22084e-05  -3.20093e+03
  12  w_y          1.44500e+01   constant   
  13  beta_y      -2.03249e-03     fixed    
  14  alpha_vw     0.00000e+00     fixed    
  15  w_vw         1.29000e+01   constant   
  16  beta_vw      0.00000e+00     fixed    
  17  LM          -3.26799e-04   constant   
  18  zeta_y       0.00000e+00   constant   
  19  zeta_vw      0.00000e+00   constant   
  20  T_CBO        8.86926e+01   6.76852e+00  -7.62297e-03   5.40582e+02
  21  alpha_A0     7.40236e-01   3.20941e-02   1.06032e-02  -3.02983e+01
  22  beta_A0      9.02307e-01   3.95855e-02   1.34496e-02   1.07405e+02
  23  alpha_phi    1.10162e+00   4.65518e-02   1.55264e-02   2.02522e+02
  24  beta_phi    -3.13793e-01   1.35531e-02  -4.53585e-03   9.78585e+01
 EXTERNAL ERROR MATRIX.    NDIM=  25    NPAR=  7    ERR DEF=1
  3.848e-08 -2.026e-09  3.191e-04 -1.575e-06 -1.977e-06 -2.123e-06  6.278e-07 
 -2.026e-09  2.706e-08  3.615e-04 -1.674e-06 -2.115e-06 -2.485e-06  7.297e-07 
  3.191e-04  3.615e-04  4.582e+01 -2.168e-01 -2.676e-01 -3.150e-01  9.141e-02 
 -1.575e-06 -1.674e-06 -2.168e-01  1.030e-03  1.267e-03  1.490e-03 -4.325e-04 
 -1.977e-06 -2.115e-06 -2.676e-01  1.267e-03  1.567e-03  1.840e-03 -5.352e-04 
 -2.123e-06 -2.485e-06 -3.150e-01  1.490e-03  1.840e-03  2.167e-03 -6.289e-04 
  6.278e-07  7.297e-07  9.141e-02 -4.325e-04 -5.352e-04 -6.289e-04  1.837e-04 
ERR MATRIX APPROXIMATE
 PARAMETER  CORRELATION COEFFICIENTS  
       NO.  GLOBAL     10     11     20     21     22     23     24
       10  0.58103   1.000 -0.063  0.240 -0.250 -0.255 -0.232  0.236
       11  0.37918  -0.063  1.000  0.325 -0.317 -0.325 -0.325  0.327
       20  0.99972   0.240  0.325  1.000 -0.998 -0.999 -1.000  0.996
       21  0.99815  -0.250 -0.317 -0.998  1.000  0.997  0.998 -0.994
       22  0.99935  -0.255 -0.325 -0.999  0.997  1.000  0.999 -0.998
       23  0.99970  -0.232 -0.325 -1.000  0.998  0.999  1.000 -0.997
       24  0.99777   0.236  0.327  0.996 -0.994 -0.998 -0.997  1.000
 ERR MATRIX APPROXIMATE
MINUIT - FIT ONLY 2-y
 **********
 **   67 **RES 
 **********
                   PARAMETER   16  beta_vw RESTORED TO VARIABLE.
                   PARAMETER   14  alpha_vw RESTORED TO VARIABLE.
                   PARAMETER   13  beta_y RESTORED TO VARIABLE.
                   PARAMETER    9  alpha_2CBO RESTORED TO VARIABLE.
                   PARAMETER    8  beta_CBO RESTORED TO VARIABLE.
                   PARAMETER    6  alpha_CBO RESTORED TO VARIABLE.
                   PARAMETER    4  phi RESTORED TO VARIABLE.
                   PARAMETER    3  A0 RESTORED TO VARIABLE.
                   PARAMETER    1  N0 RESTORED TO VARIABLE.
 **********
 **   68 **FIX            0
 **********
 PARAMETER    0  IS UNDEFINED. IGNORED.
 **********
 **   69 **FIX            1
 **********
 **********
 **   70 **FIX            2
 **********
 PARAMETER    2  IS CONSTANT.   IGNORED.
 **********
 **   71 **FIX            3
 **********
 **********
 **   72 **FIX            4
 **********
 **********
 **   73 **FIX            5
 **********
 PARAMETER    5  IS CONSTANT.   IGNORED.
 **********
 **   74 **FIX            6
 **********
 **********
 **   75 **FIX            7
 **********
 PARAMETER    7  IS CONSTANT.   IGNORED.
 **********
 **   76 **FIX            8
 **********
 **********
 **   77 **FIX            9
 **********
 **********
 **   78 **FIX           10
 **********
 **********
 **   79 **FIX           11
 **********
 **********
 **   80 **FIX           12
 **********
 PARAMETER   12  IS CONSTANT.   IGNORED.
 **********
 **   81 **FIX           16
 **********
 **********
 **   82 **MIGRAD
 **********
 START MIGRAD MINIMIZATION.  STRATEGY  1.  CONVERGENCE WHEN EDM .LT. 1.00e-04
 FCN=150.082 FROM MIGRAD    STATUS=INITIATE       16 CALLS        6400 TOTAL
                     EDM= unknown      STRATEGY= 1      NO ERROR MATRIX       
  EXT PARAMETER               CURRENT GUESS       STEP         FIRST   
  NO.   NAME      VALUE            ERROR          SIZE      DERIVATIVE 
   1  N0           2.45240e+06     fixed    
   2  tau          6.43938e+01   constant   
   3  A0           4.31666e-01     fixed    
   4  phi          4.10641e+00     fixed    
   5  R           -6.25265e+01   constant   
   6  alpha_CBO   -1.36228e-01     fixed    
   7  w_CBO        2.32500e+00   constant   
   8  beta_CBO    -3.62078e-02     fixed    
   9  alpha_2CBO   6.07420e-03     fixed    
  10  beta_2CBO   -9.03411e-03     fixed    
  11  alpha_y      3.11171e-03     fixed    
  12  w_y          1.44500e+01   constant   
  13  beta_y      -2.03249e-03   1.76915e-04   1.76915e-04  -1.57267e+04
  14  alpha_vw     0.00000e+00   1.00000e-03   1.00000e-03   3.85587e+04
  15  w_vw         1.29000e+01   constant   
  16  beta_vw      0.00000e+00     fixed    
  17  LM          -3.26799e-04   constant   
  18  zeta_y       0.00000e+00   constant   
  19  zeta_vw      0.00000e+00   constant   
  20  T_CBO        8.86926e+01   6.76852e+00  -7.62297e-03   5.40582e+02
  21  alpha_A0     7.40236e-01   3.20941e-02   1.06032e-02  -3.02983e+01
  22  beta_A0      9.02307e-01   3.95855e-02   1.34496e-02   1.07405e+02
  23  alpha_phi    1.10162e+00   4.65518e-02   1.55264e-02   2.02522e+02
  24  beta_phi    -3.13793e-01   1.35531e-02  -4.53585e-03   9.78585e+01
 CALL LIMIT EXCEEDED IN MIGRAD.
 MIGRAD TERMINATED WITHOUT CONVERGENCE.
 FCN=126.544 FROM MIGRAD    STATUS=CALL LIMIT   1162 CALLS        7546 TOTAL
                     EDM=0.935442    STRATEGY= 1  ERROR MATRIX UNCERTAINTY  32.4 per cent
  EXT PARAMETER                APPROXIMATE        STEP         FIRST   
  NO.   NAME      VALUE            ERROR          SIZE      DERIVATIVE 
   1  N0           2.45240e+06     fixed    
   2  tau          6.43938e+01   constant   
   3  A0           4.31666e-01     fixed    
   4  phi          4.10641e+00     fixed    
   5  R           -6.25265e+01   constant   
   6  alpha_CBO   -1.36228e-01     fixed    
   7  w_CBO        2.32500e+00   constant   
   8  beta_CBO    -3.62078e-02     fixed    
   9  alpha_2CBO   6.07420e-03     fixed    
  10  beta_2CBO   -9.03411e-03     fixed    
  11  alpha_y      3.11171e-03     fixed    
  12  w_y          1.44500e+01   constant   
  13  beta_y      -1.90981e-03   1.78558e-04  -5.08168e-06   6.68531e+02
