 + ++++++++++++++++++++++++++++++++++++++++++++++++++++++++++++++++++++ +
 +                                                                      +
 +           You have chose to blind your fitting according to          +
 +                omega_ref * (1 + (R +/- deltaR) *10^{-6})             +
 +                                                                      +
 + ++++++++++++++++++++++++++++++++++++++++++++++++++++++++++++++++++++ +
In main()...
reading format from /gm2data/zkhechad/run45/envelope/formats/formatB_sBin_constraintOn.txt
pBinTau 	= 0  
pBinPhi 	= 0  
constraintau 	= 1 
includeMopTerm 	= 0    
constrainMop    = 0   
Parameters after format file: pBinTau 0 pBinPhi 0 constraintau 1 includeMopTerm 0 constrainMop 0 c_e_scale 0.000000 
Opening file /gm2data/tbarrett/gm2fr/studies/run23_bunch_corrections/CorrectedFourier_Run3b.root.
reading full fit data from /gm2data/zkhechad/cboTemplates/Run4CBOTemplates/fullFits/noRF/sBin_constraintOn_cE0.0_seed0_noRF_calo7.root
windowBins = 69
fitting sliding window 1400 from bin 1536 at 229.022000 to bin 1605 at 239.466000 (69 bins)

Reading data from /gm2data/cornell/histograms/aMethod/histogram_a_noRF.root
 **********
 **    1 **SET PRINTOUT            1
 **********
 **********
 **    2 **SET NOWARNINGS 
 **********
 PARAMETER DEFINITIONS:
    NO.   NAME         VALUE      STEP SIZE      LIMITS
     1 N0           3.03443e+06  1.00000e+02     no limits
     2 tau          6.44117e+01  constant
     3 A0           3.50188e-01  1.00000e-04     no limits
     4 phi          4.11726e+00  1.00000e-02     no limits
     5 R           -6.15857e+01  constant
     6 alpha_CBO    0.00000e+00  1.00000e-03     no limits
     7 w_CBO        2.32500e+00  constant
     8 beta_CBO     0.00000e+00  1.00000e-03     no limits
     9 alpha_2CBO   0.00000e+00  1.00000e-03     no limits
    10 beta_2CBO    0.00000e+00  1.00000e-03     no limits
    11 alpha_y      0.00000e+00  1.00000e-03     no limits
    12 w_y          1.38860e+01  constant
    13 beta_y       0.00000e+00  1.00000e-03     no limits
    14 alpha_vw     0.00000e+00  1.00000e-03     no limits
    15 w_vw         1.43404e+01  constant
    16 beta_vw      0.00000e+00  1.00000e-03     no limits
    17 LM           1.09700e-04  constant
    18 zeta_y       0.00000e+00  constant
    19 zeta_vw      0.00000e+00  constant
    20 T_CBO        1.00000e+02  1.00000e+00    0.00000e+00  1.00000e+03
    21 alpha_A0     0.00000e+00  1.00000e-04   -1.00000e-02  1.00000e-02
    22 beta_A0      0.00000e+00  1.00000e-04   -1.00000e-02  1.00000e-02
    23 alpha_phi    0.00000e+00  1.00000e-04   -1.00000e-02  1.00000e-02
    24 beta_phi     0.00000e+00  1.00000e-04   -1.00000e-02  1.00000e-02
MINUIT - FIT ONLY WIGGLE
 **********
 **    3 **FIX            5
 **********
 PARAMETER    5  IS CONSTANT.   IGNORED.
 **********
 **    4 **FIX            6
 **********
 **********
 **    5 **FIX            7
 **********
 PARAMETER    7  IS CONSTANT.   IGNORED.
 **********
 **    6 **FIX            8
 **********
 **********
 **    7 **FIX            9
 **********
 **********
 **    8 **FIX           10
 **********
 **********
 **    9 **FIX           11
 **********
 **********
 **   10 **FIX           12
 **********
 PARAMETER   12  IS CONSTANT.   IGNORED.
 **********
 **   11 **FIX           13
 **********
 **********
 **   12 **FIX           14
 **********
 **********
 **   13 **FIX           15
 **********
 PARAMETER   15  IS CONSTANT.   IGNORED.
 **********
 **   14 **FIX           16
 **********
 **********
 **   15 **MIGRAD
 **********
 FIRST CALL TO USER FUNCTION AT NEW START POINT, WITH IFLAG=4.
 START MIGRAD MINIMIZATION.  STRATEGY  1.  CONVERGENCE WHEN EDM .LT. 1.00e-04
 FCN=198.448 FROM MIGRAD    STATUS=INITIATE      437 CALLS         438 TOTAL
                     EDM= unknown      STRATEGY= 1      NO ERROR MATRIX       
  EXT PARAMETER               CURRENT GUESS       STEP         FIRST   
  NO.   NAME      VALUE            ERROR          SIZE      DERIVATIVE 
   1  N0           3.03443e+06   1.00000e+02   0.00000e+00   6.36740e-04
   2  tau          6.44117e+01   constant   
   3  A0           3.50188e-01   1.00000e-04   0.00000e+00   7.37340e+03
   4  phi          4.11726e+00   1.00000e-02   0.00000e+00   4.39133e+03
   5  R           -6.15857e+01   constant   
   6  alpha_CBO    0.00000e+00     fixed    
   7  w_CBO        2.32500e+00   constant   
   8  beta_CBO     0.00000e+00     fixed    
   9  alpha_2CBO   0.00000e+00     fixed    
  10  beta_2CBO    0.00000e+00     fixed    
  11  alpha_y      0.00000e+00     fixed    
  12  w_y          1.38860e+01   constant   
  13  beta_y       0.00000e+00     fixed    
  14  alpha_vw     0.00000e+00     fixed    
  15  w_vw         1.43404e+01   constant   
  16  beta_vw      0.00000e+00     fixed    
  17  LM           1.09700e-04   constant   
  18  zeta_y       0.00000e+00   constant   
  19  zeta_vw      0.00000e+00   constant   
  20  T_CBO        1.00000e+02   1.00000e+00   0.00000e+00   0.00000e+00
  21  alpha_A0     0.00000e+00   1.00000e-04   0.00000e+00  -2.90471e-01
  22  beta_A0      0.00000e+00   1.00000e-04   0.00000e+00   8.12878e-01
  23  alpha_phi    0.00000e+00   1.00000e-04   0.00000e+00  -2.49432e+00
  24  beta_phi     0.00000e+00   1.00000e-04   0.00000e+00   4.59936e+00
 MIGRAD MINIMIZATION HAS CONVERGED.
 FCN=174.243 FROM MIGRAD    STATUS=CONVERGED     674 CALLS         675 TOTAL
                     EDM=4.6768e-07    STRATEGY= 1  ERROR MATRIX UNCERTAINTY   0.8 per cent
  EXT PARAMETER                                   STEP         FIRST   
  NO.   NAME      VALUE            ERROR          SIZE      DERIVATIVE 
   1  N0           3.03490e+06   8.38352e+02   7.42950e-01  -2.42389e-07
   2  tau          6.44117e+01   constant   
   3  A0           3.49547e-01   3.54969e-04  -6.78462e-07   1.18529e+00
   4  phi          4.11454e+00   1.10158e-03  -4.05633e-08   1.22722e-01
   5  R           -6.15857e+01   constant   
   6  alpha_CBO    0.00000e+00     fixed    
   7  w_CBO        2.32500e+00   constant   
   8  beta_CBO     0.00000e+00     fixed    
   9  alpha_2CBO   0.00000e+00     fixed    
  10  beta_2CBO    0.00000e+00     fixed    
  11  alpha_y      0.00000e+00     fixed    
  12  w_y          1.38860e+01   constant   
  13  beta_y       0.00000e+00     fixed    
  14  alpha_vw     0.00000e+00     fixed    
  15  w_vw         1.43404e+01   constant   
  16  beta_vw      0.00000e+00     fixed    
  17  LM           1.09700e-04   constant   
  18  zeta_y       0.00000e+00   constant   
  19  zeta_vw      0.00000e+00   constant   
  20  T_CBO        3.68310e+02   1.72091e+02   1.06212e-03  -2.10826e-03
  21  alpha_A0     2.16205e-03   3.16343e-03  -3.93768e-04   5.17205e-04
  22  beta_A0     -1.91872e-03   2.94469e-03   3.56736e-04   2.86413e-03
  23  alpha_phi    4.23415e-03   3.09379e-03   9.37134e-04   2.07431e-03
  24  beta_phi    -9.93132e-03   1.35301e-03   6.65034e-04  -2.98809e-04
 EXTERNAL ERROR MATRIX.    NDIM=  25    NPAR=  8    ERR DEF=1
  7.028e+05 -4.356e-02  3.616e-04  3.357e+04  5.219e-01 -2.721e-01  5.476e-01  7.703e-02 
 -4.356e-02  1.260e-07  1.590e-09 -1.273e-02 -1.027e-07  4.887e-08 -1.432e-07 -3.660e-08 
  3.616e-04  1.590e-09  1.213e-06 -4.825e-03 -2.535e-07 -4.291e-07  1.888e-07 -4.077e-08 
  3.357e+04 -1.273e-02 -4.825e-03  3.096e+04 -7.282e-02  5.056e-02  2.679e-01  5.214e-02 
  5.219e-01 -1.027e-07 -2.535e-07 -7.282e-02  1.038e-05 -1.869e-08  8.551e-07 -1.766e-07 
 -2.721e-01  4.887e-08 -4.291e-07  5.056e-02 -1.869e-08  8.945e-06  9.324e-07  1.894e-07 
  5.476e-01 -1.432e-07  1.888e-07  2.679e-01  8.551e-07  9.324e-07  9.969e-06  5.389e-07 
  7.703e-02 -3.660e-08 -4.077e-08  5.214e-02 -1.766e-07  1.894e-07  5.389e-07  3.818e-07 
 PARAMETER  CORRELATION COEFFICIENTS  
       NO.  GLOBAL      1      3      4     20     21     22     23     24
        1  0.36533   1.000 -0.146  0.000  0.228  0.193 -0.109  0.207  0.149
        3  0.26723  -0.146  1.000  0.004 -0.204 -0.090  0.046 -0.128 -0.167
        4  0.18729   0.000  0.004  1.000 -0.025 -0.071 -0.130  0.054 -0.060
       20  0.63737   0.228 -0.204 -0.025  1.000 -0.128  0.096  0.482  0.480
       21  0.33063   0.193 -0.090 -0.071 -0.128  1.000 -0.002  0.084 -0.089
       22  0.24182  -0.109  0.046 -0.130  0.096 -0.002  1.000  0.099  0.102
       23  0.52195   0.207 -0.128  0.054  0.482  0.084  0.099  1.000  0.276
       24  0.49739   0.149 -0.167 -0.060  0.480 -0.089  0.102  0.276  1.000
MINUIT - FIT ONLY 1-CBO + wiggle
 **********
 **   16 **RES 
 **********
                   PARAMETER   16  beta_vw RESTORED TO VARIABLE.
                   PARAMETER   14  alpha_vw RESTORED TO VARIABLE.
                   PARAMETER   13  beta_y RESTORED TO VARIABLE.
                   PARAMETER   11  alpha_y RESTORED TO VARIABLE.
                   PARAMETER   10  beta_2CBO RESTORED TO VARIABLE.
                   PARAMETER    9  alpha_2CBO RESTORED TO VARIABLE.
                   PARAMETER    8  beta_CBO RESTORED TO VARIABLE.
                   PARAMETER    6  alpha_CBO RESTORED TO VARIABLE.
 **********
 **   17 **FIX            8
 **********
 **********
 **   18 **FIX            9
 **********
 **********
 **   19 **FIX           11
 **********
 **********
 **   20 **FIX           12
 **********
 PARAMETER   12  IS CONSTANT.   IGNORED.
 **********
 **   21 **FIX           14
 **********
 **********
 **   22 **FIX           15
 **********
 PARAMETER   15  IS CONSTANT.   IGNORED.
 **********
 **   23 **FIX           16
 **********
 **********
 **   24 **MIGRAD
 **********
 START MIGRAD MINIMIZATION.  STRATEGY  1.  CONVERGENCE WHEN EDM .LT. 1.00e-04
 FCN=174.243 FROM MIGRAD    STATUS=INITIATE       28 CALLS         703 TOTAL
                     EDM= unknown      STRATEGY= 1      NO ERROR MATRIX       
  EXT PARAMETER               CURRENT GUESS       STEP         FIRST   
  NO.   NAME      VALUE            ERROR          SIZE      DERIVATIVE 
   1  N0           3.03490e+06   8.38352e+02   7.42950e-01  -2.42389e-07
   2  tau          6.44117e+01   constant   
   3  A0           3.49547e-01   3.54969e-04  -6.78462e-07   1.18529e+00
   4  phi          4.11454e+00   1.10158e-03  -4.05633e-08   1.22722e-01
   5  R           -6.15857e+01   constant   
   6  alpha_CBO    0.00000e+00   1.00000e-03   1.00000e-03  -1.49510e+04
   7  w_CBO        2.32500e+00   constant   
   8  beta_CBO     0.00000e+00     fixed    
   9  alpha_2CBO   0.00000e+00     fixed    
  10  beta_2CBO    0.00000e+00   1.00000e-03   1.00000e-03  -1.98831e+03
  11  alpha_y      0.00000e+00     fixed    
  12  w_y          1.38860e+01   constant   
  13  beta_y       0.00000e+00   1.00000e-03   1.00000e-03   4.13540e+03
  14  alpha_vw     0.00000e+00     fixed    
  15  w_vw         1.43404e+01   constant   
  16  beta_vw      0.00000e+00     fixed    
  17  LM           1.09700e-04   constant   
  18  zeta_y       0.00000e+00   constant   
  19  zeta_vw      0.00000e+00   constant   
  20  T_CBO        3.68310e+02   1.72091e+02   1.06212e-03  -2.10852e-03
  21  alpha_A0     2.16205e-03   3.16343e-03  -3.93768e-04   5.17223e-04
  22  beta_A0     -1.91872e-03   2.94469e-03   3.56736e-04   2.86412e-03
  23  alpha_phi    4.23415e-03   3.09379e-03   9.37134e-04  -2.07426e-03
  24  beta_phi    -9.93132e-03   1.35301e-03   6.65034e-04  -2.86515e-04
 MIGRAD MINIMIZATION HAS CONVERGED.
 MIGRAD WILL VERIFY CONVERGENCE AND ERROR MATRIX.
 COVARIANCE MATRIX CALCULATED SUCCESSFULLY
 FCN=165.957 FROM MIGRAD    STATUS=CONVERGED     287 CALLS         962 TOTAL
                     EDM=2.11447e-05    STRATEGY= 1      ERROR MATRIX ACCURATE 
  EXT PARAMETER                                   STEP         FIRST   
  NO.   NAME      VALUE            ERROR          SIZE      DERIVATIVE 
   1  N0           3.03481e+06   8.28424e+02   4.82473e+00  -7.11248e-07
   2  tau          6.44117e+01   constant   
   3  A0           3.49458e-01   3.54597e-04   2.16244e-06   1.07999e+00
   4  phi          4.11521e+00   1.10950e-03   6.70965e-06   1.36949e+00
   5  R           -6.15857e+01   constant   
   6  alpha_CBO    1.02592e-03   3.71957e-04   2.25380e-06  -3.49625e-01
   7  w_CBO        2.32500e+00   constant   
   8  beta_CBO     0.00000e+00     fixed    
   9  alpha_2CBO   0.00000e+00     fixed    
  10  beta_2CBO    6.48459e-05   3.73192e-04   2.28123e-06   3.02644e+00
  11  alpha_y      0.00000e+00     fixed    
  12  w_y          1.38860e+01   constant   
  13  beta_y      -2.67348e-04   3.56734e-04   2.24909e-06  -1.02056e+00
  14  alpha_vw     0.00000e+00     fixed    
  15  w_vw         1.43404e+01   constant   
  16  beta_vw      0.00000e+00     fixed    
  17  LM           1.09700e-04   constant   
  18  zeta_y       0.00000e+00   constant   
  19  zeta_vw      0.00000e+00   constant   
  20  T_CBO        3.60640e+02   1.97247e+02   1.79808e-03  -1.10081e-03
  21  alpha_A0     1.93756e-03   3.01528e-03   1.86296e-03   1.71854e-03
  22  beta_A0     -2.09447e-03   2.96669e-03   1.84536e-03  -3.66913e-03
  23  alpha_phi    3.34633e-03   3.00184e-03   1.75177e-03   3.79505e-03
  24  beta_phi    -9.98576e-03   1.05501e-02   2.62284e-02  -1.18545e-03
 EXTERNAL ERROR MATRIX.    NDIM=  25    NPAR= 11    ERR DEF=1
  6.863e+05 
 -4.518e-02  1.257e-07 
  6.937e-04 -5.073e-09  1.231e-06 
 -1.401e-02 -1.231e-08  9.453e-08  1.384e-07 
  1.452e-02  4.154e-09 -1.545e-08 -9.665e-09  1.393e-07 
  4.564e-04  4.541e-10  9.062e-09 -6.509e-10  7.058e-10  1.273e-07 
  2.772e+04 -8.920e-03 -4.242e-03 -1.292e-03  5.101e-03 -1.973e-06  4.132e+04 
  5.115e-01 -1.211e-07 -2.040e-07 -2.286e-08 -1.070e-07 -1.824e-08 -1.032e-01  9.394e-06 
 -2.424e-01  2.784e-08 -4.434e-07 -5.384e-08  1.884e-07 -2.489e-08  1.216e-01 -6.594e-07  9.085e-06 
 -4.538e-01  1.262e-07 -3.092e-07 -1.054e-07 -1.445e-07 -5.710e-09 -2.946e-01  2.873e-07 -9.396e-07  9.334e-06 
  5.659e-04 -5.097e-09  1.486e-08  1.076e-09 -1.463e-09  4.619e-11 -3.969e-01  1.406e-06 -1.521e-06  2.425e-06  9.422e-06 
 PARAMETER  CORRELATION COEFFICIENTS  
       NO.  GLOBAL      1      3      4      6     10     13     20     21     22     23     24
        1  0.36439   1.000 -0.154  0.001 -0.045  0.047  0.002  0.165  0.201 -0.097 -0.179  0.000
        3  0.25638  -0.154  1.000 -0.013 -0.093  0.031  0.004 -0.124 -0.111  0.026  0.117 -0.005
        4  0.28502   0.001 -0.013  1.000  0.229 -0.037  0.023 -0.019 -0.060 -0.133 -0.091  0.004
        6  0.27865  -0.045 -0.093  0.229  1.000 -0.070 -0.005 -0.017 -0.020 -0.048 -0.093  0.001
       10  0.24759   0.047  0.031 -0.037 -0.070  1.000  0.005  0.067 -0.094  0.167 -0.127 -0.001
       13  0.03790   0.002  0.004  0.023 -0.005  0.005  1.000 -0.000 -0.017 -0.023 -0.005  0.000
       20  0.73893   0.165 -0.124 -0.019 -0.017  0.067 -0.000  1.000 -0.166  0.198 -0.474 -0.636
       21  0.32618   0.201 -0.111 -0.060 -0.020 -0.094 -0.017 -0.166  1.000 -0.071  0.031  0.149
       22  0.31698  -0.097  0.026 -0.133 -0.048  0.167 -0.023  0.198 -0.071  1.000 -0.102 -0.164
       23  0.51719  -0.179  0.117 -0.091 -0.093 -0.127 -0.005 -0.474  0.031 -0.102  1.000  0.259
       24  0.65180   0.000 -0.005  0.004  0.001 -0.001  0.000 -0.636  0.149 -0.164  0.259  1.000
MINUIT - FIT ONLY 2-CBO
 **********
 **   25 **RES 
 **********
                   PARAMETER   16  beta_vw RESTORED TO VARIABLE.
                   PARAMETER   14  alpha_vw RESTORED TO VARIABLE.
                   PARAMETER   11  alpha_y RESTORED TO VARIABLE.
                   PARAMETER    9  alpha_2CBO RESTORED TO VARIABLE.
                   PARAMETER    8  beta_CBO RESTORED TO VARIABLE.
 **********
 **   26 **FIX            0
 **********
 PARAMETER    0  IS UNDEFINED. IGNORED.
 **********
 **   27 **FIX            1
 **********
 **********
 **   28 **FIX            2
 **********
 PARAMETER    2  IS CONSTANT.   IGNORED.
 **********
 **   29 **FIX            3
 **********
 **********
 **   30 **FIX            4
 **********
 **********
 **   31 **FIX            5
 **********
 PARAMETER    5  IS CONSTANT.   IGNORED.
 **********
 **   32 **FIX            6
 **********
 **********
 **   33 **FIX            7
 **********
 PARAMETER    7  IS CONSTANT.   IGNORED.
 **********
 **   34 **FIX           10
 **********
 **********
 **   35 **FIX           11
 **********
 **********
 **   36 **FIX           12
 **********
 PARAMETER   12  IS CONSTANT.   IGNORED.
 **********
 **   37 **FIX           13
 **********
 **********
 **   38 **FIX           14
 **********
 **********
 **   39 **FIX           15
 **********
 PARAMETER   15  IS CONSTANT.   IGNORED.
 **********
 **   40 **FIX           16
 **********
 **********
 **   41 **MIGRAD
 **********
 START MIGRAD MINIMIZATION.  STRATEGY  1.  CONVERGENCE WHEN EDM .LT. 1.00e-04
 FCN=165.957 FROM MIGRAD    STATUS=INITIATE       20 CALLS         982 TOTAL
                     EDM= unknown      STRATEGY= 1      NO ERROR MATRIX       
  EXT PARAMETER               CURRENT GUESS       STEP         FIRST   
  NO.   NAME      VALUE            ERROR          SIZE      DERIVATIVE 
   1  N0           3.03481e+06     fixed    
   2  tau          6.44117e+01   constant   
   3  A0           3.49458e-01     fixed    
   4  phi          4.11521e+00     fixed    
   5  R           -6.15857e+01   constant   
   6  alpha_CBO    1.02592e-03     fixed    
   7  w_CBO        2.32500e+00   constant   
   8  beta_CBO     0.00000e+00   1.00000e-03   1.00000e-03   5.46709e+04
   9  alpha_2CBO   0.00000e+00   1.00000e-03   1.00000e-03  -1.29489e+04
  10  beta_2CBO    6.48459e-05     fixed    
  11  alpha_y      0.00000e+00     fixed    
  12  w_y          1.38860e+01   constant   
  13  beta_y      -2.67348e-04     fixed    
  14  alpha_vw     0.00000e+00     fixed    
  15  w_vw         1.43404e+01   constant   
  16  beta_vw      0.00000e+00     fixed    
  17  LM           1.09700e-04   constant   
  18  zeta_y       0.00000e+00   constant   
  19  zeta_vw      0.00000e+00   constant   
  20  T_CBO        3.60640e+02   1.97247e+02   1.79808e-03  -1.10957e-03
  21  alpha_A0     1.93756e-03   3.01528e-03   1.86296e-03   1.71096e-03
  22  beta_A0     -2.09447e-03   2.96669e-03   1.84536e-03  -3.66097e-03
  23  alpha_phi    3.34633e-03   3.00184e-03   1.75177e-03   3.78147e-03
  24  beta_phi    -9.98576e-03   1.05501e-02   2.62284e-02   1.76050e-03
 MIGRAD MINIMIZATION HAS CONVERGED.
 MIGRAD WILL VERIFY CONVERGENCE AND ERROR MATRIX.
 FCN=63.3408 FROM HESSE     STATUS=NOT POSDEF     50 CALLS        1139 TOTAL
                     EDM=0.0003331    STRATEGY= 1      ERR MATRIX NOT POS-DEF
  EXT PARAMETER                APPROXIMATE        STEP         FIRST   
  NO.   NAME      VALUE            ERROR          SIZE      DERIVATIVE 
   1  N0           3.03481e+06     fixed    
   2  tau          6.44117e+01   constant   
   3  A0           3.49458e-01     fixed    
   4  phi          4.11521e+00     fixed    
   5  R           -6.15857e+01   constant   
   6  alpha_CBO    1.02592e-03     fixed    
   7  w_CBO        2.32500e+00   constant   
   8  beta_CBO    -3.58264e-03   3.63211e-04   1.41718e-06  -1.49359e+00
   9  alpha_2CBO   7.23267e-04   3.65370e-04   1.40016e-06   2.31515e-01
  10  beta_2CBO    6.48459e-05     fixed    
  11  alpha_y      0.00000e+00     fixed    
  12  w_y          1.38860e+01   constant   
  13  beta_y      -2.67348e-04     fixed    
  14  alpha_vw     0.00000e+00     fixed    
  15  w_vw         1.43404e+01   constant   
  16  beta_vw      0.00000e+00     fixed    
  17  LM           1.09700e-04   constant   
  18  zeta_y       0.00000e+00   constant   
  19  zeta_vw      0.00000e+00   constant   
  20  T_CBO        3.24768e+02   8.06729e+02   1.21568e-03   4.88176e-03
  21  alpha_A0     3.37360e-03   1.66795e-02   1.29328e-03  -2.37180e-03
  22  beta_A0     -2.30089e-03   1.38131e-02   1.23527e-03   2.02227e-03
  23  alpha_phi    2.77171e-03   1.60931e-02   1.14385e-03  -2.29406e-03
  24  beta_phi    -7.64691e-03   1.11780e-02   1.76049e-03   4.46219e-04
 MIGRAD MINIMIZATION HAS CONVERGED.
 MIGRAD WILL VERIFY CONVERGENCE AND ERROR MATRIX.
 MIGRAD TERMINATED WITHOUT CONVERGENCE.
 FCN=63.339 FROM MIGRAD    STATUS=FAILED        564 CALLS        1526 TOTAL
                     EDM=0.000386303    STRATEGY= 1      ERR MATRIX NOT POS-DEF
  EXT PARAMETER                APPROXIMATE        STEP         FIRST   
  NO.   NAME      VALUE            ERROR          SIZE      DERIVATIVE 
   1  N0           3.03481e+06     fixed    
   2  tau          6.44117e+01   constant   
   3  A0           3.49458e-01     fixed    
   4  phi          4.11521e+00     fixed    
   5  R           -6.15857e+01   constant   
   6  alpha_CBO    1.02592e-03     fixed    
   7  w_CBO        2.32500e+00   constant   
   8  beta_CBO    -3.58325e-03   3.58371e-04   1.41716e-06  -1.03704e+01
   9  alpha_2CBO   7.23472e-04   3.60260e-04   1.40014e-06  -2.88187e-01
  10  beta_2CBO    6.48459e-05     fixed    
  11  alpha_y      0.00000e+00     fixed    
  12  w_y          1.38860e+01   constant   
  13  beta_y      -2.67348e-04     fixed    
  14  alpha_vw     0.00000e+00     fixed    
  15  w_vw         1.43404e+01   constant   
  16  beta_vw      0.00000e+00     fixed    
  17  LM           1.09700e-04   constant   
  18  zeta_y       0.00000e+00   constant   
  19  zeta_vw      0.00000e+00   constant   
  20  T_CBO        2.36803e+02   6.89615e+02   7.20594e-04  -1.21723e-02
  21  alpha_A0     4.42322e-03   1.67258e-02   1.75977e-03  -1.16822e-03
  22  beta_A0     -3.00270e-03   1.32486e-02   1.63334e-03   3.56207e-04
  23  alpha_phi    3.63691e-03   1.68183e-02   1.52989e-03  -1.88242e-03
  24  beta_phi    -9.97744e-03   1.18476e-02   2.02200e-02   7.97689e-04
 EXTERNAL ERROR MATRIX.    NDIM=  25    NPAR=  7    ERR DEF=1
  1.284e-07  4.285e-09 -2.687e-02  4.784e-07 -2.926e-07  4.187e-07 -1.124e-06 
  4.285e-09  1.298e-07  2.934e-02 -3.308e-07  4.941e-07 -5.063e-07  1.248e-06 
 -2.687e-02  2.934e-02  1.439e+06 -2.616e+01  1.748e+01 -2.136e+01  5.484e+01 
  4.784e-07 -3.308e-07 -2.616e+01  4.921e-04 -3.176e-04  3.876e-04 -9.975e-04 
 -2.926e-07  4.941e-07  1.748e+01 -3.176e-04  2.281e-04 -2.599e-04  6.672e-04 
  4.187e-07 -5.063e-07 -2.136e+01  3.876e-04 -2.599e-04  3.302e-04 -8.133e-04 
 -1.124e-06  1.248e-06  5.484e+01 -9.975e-04  6.672e-04 -8.133e-04  2.102e-03 
ERR MATRIX NOT POS-DEF
 PARAMETER  CORRELATION COEFFICIENTS  
       NO.  GLOBAL      8      9     20     21     22     23     24
        8  0.11865   1.000  0.033 -0.063  0.060 -0.054  0.064 -0.068
        9  0.21836   0.033  1.000  0.068 -0.041  0.091 -0.077  0.076
       20  0.99799  -0.063  0.068  1.000 -0.983  0.965 -0.980  0.997
       21  0.98362   0.060 -0.041 -0.983  1.000 -0.948  0.962 -0.981
       22  0.96532  -0.054  0.091  0.965 -0.948  1.000 -0.947  0.964
       23  0.98008   0.064 -0.077 -0.980  0.962 -0.947  1.000 -0.976
       24  0.99727  -0.068  0.076  0.997 -0.981  0.964 -0.976  1.000
 ERR MATRIX NOT POS-DEF
MINUIT - FIT wiggle + 1-CBO + 2-CBO
 **********
 **   42 **RES 
 **********
                   PARAMETER   16  beta_vw RESTORED TO VARIABLE.
                   PARAMETER   14  alpha_vw RESTORED TO VARIABLE.
                   PARAMETER   13  beta_y RESTORED TO VARIABLE.
                   PARAMETER   11  alpha_y RESTORED TO VARIABLE.
                   PARAMETER   10  beta_2CBO RESTORED TO VARIABLE.
                   PARAMETER    6  alpha_CBO RESTORED TO VARIABLE.
                   PARAMETER    4  phi RESTORED TO VARIABLE.
                   PARAMETER    3  A0 RESTORED TO VARIABLE.
                   PARAMETER    1  N0 RESTORED TO VARIABLE.
 **********
 **   43 **FIX           10
 **********
 **********
 **   44 **FIX           11
 **********
 **********
 **   45 **FIX           12
 **********
 PARAMETER   12  IS CONSTANT.   IGNORED.
 **********
 **   46 **FIX           13
 **********
 **********
 **   47 **FIX           14
 **********
 **********
 **   48 **FIX           15
 **********
 PARAMETER   15  IS CONSTANT.   IGNORED.
 **********
 **   49 **FIX           16
 **********
 **********
 **   50 **MIGRAD
 **********
 START MIGRAD MINIMIZATION.  STRATEGY  1.  CONVERGENCE WHEN EDM .LT. 1.00e-04
 FCN=63.339 FROM MIGRAD    STATUS=INITIATE       22 CALLS        1548 TOTAL
                     EDM= unknown      STRATEGY= 1      NO ERROR MATRIX       
  EXT PARAMETER               CURRENT GUESS       STEP         FIRST   
  NO.   NAME      VALUE            ERROR          SIZE      DERIVATIVE 
   1  N0           3.03481e+06   8.28424e+02   8.28424e+02  -1.84972e-03
   2  tau          6.44117e+01   constant   
   3  A0           3.49458e-01   3.54597e-04   3.54597e-04  -9.46968e+03
   4  phi          4.11521e+00   1.10950e-03   1.10950e-03  -2.41557e+03
   5  R           -6.15857e+01   constant   
   6  alpha_CBO    1.02592e-03   3.71957e-04   3.71957e-04   2.24165e+03
   7  w_CBO        2.32500e+00   constant   
   8  beta_CBO    -3.58325e-03   3.58371e-04   1.41716e-06  -1.03704e+01
   9  alpha_2CBO   7.23472e-04   3.60260e-04   1.40014e-06  -2.88184e-01
  10  beta_2CBO    6.48459e-05     fixed    
  11  alpha_y      0.00000e+00     fixed    
  12  w_y          1.38860e+01   constant   
  13  beta_y      -2.67348e-04     fixed    
  14  alpha_vw     0.00000e+00     fixed    
  15  w_vw         1.43404e+01   constant   
  16  beta_vw      0.00000e+00     fixed    
  17  LM           1.09700e-04   constant   
  18  zeta_y       0.00000e+00   constant   
  19  zeta_vw      0.00000e+00   constant   
  20  T_CBO        2.36803e+02   6.89615e+02   7.20594e-04  -1.21897e-02
  21  alpha_A0     4.42322e-03   1.67258e-02   1.75977e-03  -1.17540e-03
  22  beta_A0     -3.00270e-03   1.32486e-02   1.63334e-03   3.60732e-04
  23  alpha_phi    3.63691e-03   1.68183e-02   1.52989e-03  -1.88817e-03
  24  beta_phi    -9.97744e-03   1.18476e-02   2.02200e-02   8.27927e-04
 MIGRAD MINIMIZATION HAS CONVERGED.
 FCN=58.2354 FROM MIGRAD    STATUS=CONVERGED     201 CALLS        1727 TOTAL
                     EDM=3.86723e-06    STRATEGY= 1  ERROR MATRIX UNCERTAINTY   1.5 per cent
  EXT PARAMETER                                   STEP         FIRST   
  NO.   NAME      VALUE            ERROR          SIZE      DERIVATIVE 
   1  N0           3.03527e+06   7.85620e+02  -9.48901e-01   9.23422e-07
   2  tau          6.44117e+01   constant   
   3  A0           3.50050e-01   3.58057e-04   4.10990e-07  -2.11860e+00
   4  phi          4.11666e+00   1.14248e-03  -3.98258e-06   4.66689e-01
   5  R           -6.15857e+01   constant   
   6  alpha_CBO    9.11631e-04   3.72987e-04  -1.41636e-06   1.15285e+00
   7  w_CBO        2.32500e+00   constant   
   8  beta_CBO    -3.77824e-03   3.68116e-04   7.88243e-08   3.18558e+00
   9  alpha_2CBO   6.82800e-04   3.55027e-04   1.30981e-06   5.30694e+00
  10  beta_2CBO    6.48459e-05     fixed    
  11  alpha_y      0.00000e+00     fixed    
  12  w_y          1.38860e+01   constant   
  13  beta_y      -2.67348e-04     fixed    
  14  alpha_vw     0.00000e+00     fixed    
  15  w_vw         1.43404e+01   constant   
  16  beta_vw      0.00000e+00     fixed    
  17  LM           1.09700e-04   constant   
  18  zeta_y       0.00000e+00   constant   
  19  zeta_vw      0.00000e+00   constant   
  20  T_CBO        2.21750e+02   6.04677e+01   2.13875e-04   1.47447e-03
  21  alpha_A0     4.10462e-03   3.98509e-03   1.03430e-04  -2.40534e-03
  22  beta_A0     -4.13346e-03   4.02862e-03   1.31466e-03  -3.63101e-03
  23  alpha_phi    3.56413e-03   3.94439e-03   2.12361e-04  -3.43019e-03
  24  beta_phi    -9.90275e-03   1.65210e-02   3.50539e-03   7.45926e-04
 EXTERNAL ERROR MATRIX.    NDIM=  25    NPAR= 11    ERR DEF=1
  6.172e+05 
 -1.841e-02  1.282e-07 
  1.342e-02 -1.151e-08  1.305e-06 
  1.894e-02 -7.808e-09  5.810e-08  1.391e-07 
 -1.512e-02 -1.881e-08 -6.478e-08  1.555e-09  1.355e-07 
 -1.067e-02  1.986e-09 -3.070e-08 -8.349e-09  5.717e-09  1.260e-07 
  1.302e+04 -4.811e-03 -3.331e-03 -1.125e-04  2.715e-03 -3.000e-03  3.682e+03 
 -1.185e-01  3.423e-10 -3.537e-07 -9.156e-08  4.360e-09  8.758e-08 -4.298e-02  1.701e-05 
  1.533e-02 -6.433e-08 -9.315e-07 -1.211e-07  7.796e-08  1.216e-07  3.906e-02  2.145e-07  1.742e-05 
 -4.071e-01  9.813e-08 -3.309e-07 -1.045e-07 -4.808e-08  1.350e-07 -7.606e-02  6.983e-07 -1.227e-06  1.658e-05 
  1.313e-01 -1.861e-08  8.074e-08  5.289e-08  5.883e-09 -4.141e-08  4.753e-02 -1.245e-06  1.130e-06 -1.194e-06  5.931e-06 
 PARAMETER  CORRELATION COEFFICIENTS  
       NO.  GLOBAL      1      3      4      6      8      9     20     21     22     23     24
        1  0.30059   1.000 -0.065  0.015  0.065 -0.052 -0.038  0.273 -0.037  0.005 -0.127  0.069
        3  0.27160  -0.065  1.000 -0.028 -0.058 -0.143  0.016 -0.221  0.000 -0.043  0.067 -0.021
        4  0.30462   0.015 -0.028  1.000  0.136 -0.154 -0.076 -0.048 -0.075 -0.195 -0.071  0.029
        6  0.20528   0.065 -0.058  0.136  1.000  0.011 -0.063 -0.005 -0.060 -0.078 -0.069  0.058
        8  0.25243  -0.052 -0.143 -0.154  0.011  1.000  0.044  0.122  0.003  0.051 -0.032  0.007
        9  0.20626  -0.038  0.016 -0.076 -0.063  0.044  1.000 -0.139  0.060  0.082  0.093 -0.048
       20  0.55787   0.273 -0.221 -0.048 -0.005  0.122 -0.139  1.000 -0.172  0.154 -0.308  0.322
       21  0.21674  -0.037  0.000 -0.075 -0.060  0.003  0.060 -0.172  1.000  0.012  0.042 -0.124
       22  0.28219   0.005 -0.043 -0.195 -0.078  0.051  0.082  0.154  0.012  1.000 -0.072  0.111
       23  0.33503  -0.127  0.067 -0.071 -0.069 -0.032  0.093 -0.308  0.042 -0.072  1.000 -0.120
       24  0.34989   0.069 -0.021  0.029  0.058  0.007 -0.048  0.322 -0.124  0.111 -0.120  1.000
MINUIT - FIT ONLY 1-y
 **********
 **   51 **RES 
 **********
                   PARAMETER   16  beta_vw RESTORED TO VARIABLE.
                   PARAMETER   14  alpha_vw RESTORED TO VARIABLE.
                   PARAMETER   13  beta_y RESTORED TO VARIABLE.
                   PARAMETER   11  alpha_y RESTORED TO VARIABLE.
                   PARAMETER   10  beta_2CBO RESTORED TO VARIABLE.
 **********
 **   52 **FIX            0
 **********
 PARAMETER    0  IS UNDEFINED. IGNORED.
 **********
 **   53 **FIX            1
 **********
 **********
 **   54 **FIX            2
 **********
 PARAMETER    2  IS CONSTANT.   IGNORED.
 **********
 **   55 **FIX            3
 **********
 **********
 **   56 **FIX            4
 **********
 **********
 **   57 **FIX            5
 **********
 PARAMETER    5  IS CONSTANT.   IGNORED.
 **********
 **   58 **FIX            6
 **********
 **********
 **   59 **FIX            7
 **********
 PARAMETER    7  IS CONSTANT.   IGNORED.
 **********
 **   60 **FIX            8
 **********
 **********
 **   61 **FIX            9
 **********
 **********
 **   62 **FIX           13
 **********
 **********
 **   63 **FIX           14
 **********
 **********
 **   64 **FIX           15
 **********
 PARAMETER   15  IS CONSTANT.   IGNORED.
 **********
 **   65 **FIX           16
 **********
 **********
 **   66 **MIGRAD
 **********
 START MIGRAD MINIMIZATION.  STRATEGY  1.  CONVERGENCE WHEN EDM .LT. 1.00e-04
 FCN=58.2354 FROM MIGRAD    STATUS=INITIATE       16 CALLS        1743 TOTAL
                     EDM= unknown      STRATEGY= 1      NO ERROR MATRIX       
  EXT PARAMETER               CURRENT GUESS       STEP         FIRST   
  NO.   NAME      VALUE            ERROR          SIZE      DERIVATIVE 
   1  N0           3.03527e+06     fixed    
   2  tau          6.44117e+01   constant   
   3  A0           3.50050e-01     fixed    
   4  phi          4.11666e+00     fixed    
   5  R           -6.15857e+01   constant   
   6  alpha_CBO    9.11631e-04     fixed    
   7  w_CBO        2.32500e+00   constant   
   8  beta_CBO    -3.77824e-03     fixed    
   9  alpha_2CBO   6.82800e-04     fixed    
  10  beta_2CBO    6.48459e-05   3.73192e-04   3.73192e-04  -3.87108e+03
  11  alpha_y      0.00000e+00   1.00000e-03   1.00000e-03   2.35890e+03
  12  w_y          1.38860e+01   constant   
  13  beta_y      -2.67348e-04     fixed    
  14  alpha_vw     0.00000e+00     fixed    
  15  w_vw         1.43404e+01   constant   
  16  beta_vw      0.00000e+00     fixed    
  17  LM           1.09700e-04   constant   
  18  zeta_y       0.00000e+00   constant   
  19  zeta_vw      0.00000e+00   constant   
  20  T_CBO        2.21750e+02   6.04677e+01   2.13875e-04   1.47445e-03
  21  alpha_A0     4.10462e-03   3.98509e-03   1.03430e-04  -2.40534e-03
  22  beta_A0     -4.13346e-03   4.02862e-03   1.31466e-03  -3.63102e-03
  23  alpha_phi    3.56413e-03   3.94439e-03   2.12361e-04  -3.43019e-03
  24  beta_phi    -9.90275e-03   1.65210e-02   3.50539e-03  -7.35319e-04
 MIGRAD MINIMIZATION HAS CONVERGED.
 MIGRAD WILL VERIFY CONVERGENCE AND ERROR MATRIX.
 COVARIANCE MATRIX CALCULATED SUCCESSFULLY
 FCN=57.5413 FROM MIGRAD    STATUS=CONVERGED     141 CALLS        1868 TOTAL
                     EDM=7.50186e-06    STRATEGY= 1      ERROR MATRIX ACCURATE 
  EXT PARAMETER                                   STEP         FIRST   
  NO.   NAME      VALUE            ERROR          SIZE      DERIVATIVE 
   1  N0           3.03527e+06     fixed    
   2  tau          6.44117e+01   constant   
   3  A0           3.50050e-01     fixed    
   4  phi          4.11666e+00     fixed    
   5  R           -6.15857e+01   constant   
   6  alpha_CBO    9.11631e-04     fixed    
   7  w_CBO        2.32500e+00   constant   
   8  beta_CBO    -3.77824e-03     fixed    
   9  alpha_2CBO   6.82800e-04     fixed    
  10  beta_2CBO    3.30647e-04   3.71577e-04   1.35054e-06   1.80709e+00
  11  alpha_y     -1.52113e-04   3.62742e-04   1.35475e-06   7.39151e+00
  12  w_y          1.38860e+01   constant   
  13  beta_y      -2.67348e-04     fixed    
  14  alpha_vw     0.00000e+00     fixed    
  15  w_vw         1.43404e+01   constant   
  16  beta_vw      0.00000e+00     fixed    
  17  LM           1.09700e-04   constant   
  18  zeta_y       0.00000e+00   constant   
  19  zeta_vw      0.00000e+00   constant   
  20  T_CBO        2.24330e+02   8.69849e+01   6.64292e-04  -9.69498e-03
  21  alpha_A0     3.79130e-03   4.37648e-03   1.74355e-03  -6.77504e-04
  22  beta_A0     -3.62537e-03   4.30295e-03   1.70051e-03   4.05356e-04
  23  alpha_phi    3.19425e-03   4.07351e-03   1.53343e-03  -4.28254e-03
  24  beta_phi    -9.99843e-03   1.34405e-02   3.07767e-02   5.88599e-05
 EXTERNAL ERROR MATRIX.    NDIM=  25    NPAR=  7    ERR DEF=1
  1.381e-07  1.338e-09  2.632e-03 -1.958e-07  2.949e-07 -2.153e-07 -1.791e-10 
  1.338e-09  1.316e-07  3.140e-04 -2.507e-08  3.195e-08 -1.715e-08 -1.040e-11 
  2.632e-03  3.140e-04  7.679e+03 -1.285e-01  1.108e-01 -1.389e-01 -5.116e-02 
 -1.958e-07 -2.507e-08 -1.285e-01  2.078e-05 -2.131e-06  1.793e-06  9.205e-07 
  2.949e-07  3.195e-08  1.108e-01 -2.131e-06  2.000e-05 -2.802e-06 -8.629e-07 
 -2.153e-07 -1.715e-08 -1.389e-01  1.793e-06 -2.802e-06  1.773e-05  7.626e-07 
 -1.791e-10 -1.040e-11 -5.116e-02  9.205e-07 -8.629e-07  7.626e-07  1.791e-05 
 PARAMETER  CORRELATION COEFFICIENTS  
       NO.  GLOBAL     10     11     20     21     22     23     24
       10  0.23133   1.000  0.010  0.081 -0.116  0.177 -0.138 -0.000
       11  0.02534   0.010  1.000  0.010 -0.015  0.020 -0.011 -0.000
       20  0.52662   0.081  0.010  1.000 -0.322  0.283 -0.376 -0.138
       21  0.33666  -0.116 -0.015 -0.322  1.000 -0.105  0.093  0.048
       22  0.32418   0.177  0.020  0.283 -0.105  1.000 -0.149 -0.046
       23  0.39449  -0.138 -0.011 -0.376  0.093 -0.149  1.000  0.043
       24  0.13904  -0.000 -0.000 -0.138  0.048 -0.046  0.043  1.000
MINUIT - FIT ONLY 2-y
 **********
 **   67 **RES 
 **********
                   PARAMETER   16  beta_vw RESTORED TO VARIABLE.
                   PARAMETER   14  alpha_vw RESTORED TO VARIABLE.
                   PARAMETER   13  beta_y RESTORED TO VARIABLE.
                   PARAMETER    9  alpha_2CBO RESTORED TO VARIABLE.
                   PARAMETER    8  beta_CBO RESTORED TO VARIABLE.
                   PARAMETER    6  alpha_CBO RESTORED TO VARIABLE.
                   PARAMETER    4  phi RESTORED TO VARIABLE.
                   PARAMETER    3  A0 RESTORED TO VARIABLE.
                   PARAMETER    1  N0 RESTORED TO VARIABLE.
 **********
 **   68 **FIX            0
 **********
 PARAMETER    0  IS UNDEFINED. IGNORED.
 **********
 **   69 **FIX            1
 **********
 **********
 **   70 **FIX            2
 **********
 PARAMETER    2  IS CONSTANT.   IGNORED.
 **********
 **   71 **FIX            3
 **********
 **********
 **   72 **FIX            4
 **********
 **********
 **   73 **FIX            5
 **********
 PARAMETER    5  IS CONSTANT.   IGNORED.
 **********
 **   74 **FIX            6
 **********
 **********
 **   75 **FIX            7
 **********
 PARAMETER    7  IS CONSTANT.   IGNORED.
 **********
 **   76 **FIX            8
 **********
 **********
 **   77 **FIX            9
 **********
 **********
 **   78 **FIX           10
 **********
 **********
 **   79 **FIX           11
 **********
 **********
 **   80 **FIX           12
 **********
 PARAMETER   12  IS CONSTANT.   IGNORED.
 **********
 **   81 **FIX           16
 **********
 **********
 **   82 **MIGRAD
 **********
 START MIGRAD MINIMIZATION.  STRATEGY  1.  CONVERGENCE WHEN EDM .LT. 1.00e-04
 FCN=57.5413 FROM MIGRAD    STATUS=INITIATE       16 CALLS        1884 TOTAL
                     EDM= unknown      STRATEGY= 1      NO ERROR MATRIX       
  EXT PARAMETER               CURRENT GUESS       STEP         FIRST   
  NO.   NAME      VALUE            ERROR          SIZE      DERIVATIVE 
   1  N0           3.03527e+06     fixed    
   2  tau          6.44117e+01   constant   
   3  A0           3.50050e-01     fixed    
   4  phi          4.11666e+00     fixed    
   5  R           -6.15857e+01   constant   
   6  alpha_CBO    9.11631e-04     fixed    
   7  w_CBO        2.32500e+00   constant   
   8  beta_CBO    -3.77824e-03     fixed    
   9  alpha_2CBO   6.82800e-04     fixed    
  10  beta_2CBO    3.30647e-04     fixed    
  11  alpha_y     -1.52113e-04     fixed    
  12  w_y          1.38860e+01   constant   
  13  beta_y      -2.67348e-04   3.56734e-04   3.56734e-04  -1.16739e+02
  14  alpha_vw     0.00000e+00   1.00000e-03   1.00000e-03  -8.53631e+02
  15  w_vw         1.43404e+01   constant   
  16  beta_vw      0.00000e+00     fixed    
  17  LM           1.09700e-04   constant   
  18  zeta_y       0.00000e+00   constant   
  19  zeta_vw      0.00000e+00   constant   
  20  T_CBO        2.24330e+02   8.69849e+01   6.64292e-04  -9.70992e-03
  21  alpha_A0     3.79130e-03   4.37648e-03   1.74355e-03  -6.83066e-04
  22  beta_A0     -3.62537e-03   4.30295e-03   1.70051e-03   4.10522e-04
  23  alpha_phi    3.19425e-03   4.07351e-03   1.53343e-03  -4.28706e-03
  24  beta_phi    -9.99843e-03   1.34405e-02   3.07767e-02  -4.21811e-05
 MIGRAD MINIMIZATION HAS CONVERGED.
 MIGRAD WILL VERIFY CONVERGENCE AND ERROR MATRIX.
 COVARIANCE MATRIX CALCULATED SUCCESSFULLY
 FCN=57.5177 FROM MIGRAD    STATUS=CONVERGED     159 CALLS        2027 TOTAL
                     EDM=7.41048e-07    STRATEGY= 1      ERROR MATRIX ACCURATE 
  EXT PARAMETER                                   STEP         FIRST   
  NO.   NAME      VALUE            ERROR          SIZE      DERIVATIVE 
   1  N0           3.03527e+06     fixed    
   2  tau          6.44117e+01   constant   
   3  A0           3.50050e-01     fixed    
   4  phi          4.11666e+00     fixed    
   5  R           -6.15857e+01   constant   
   6  alpha_CBO    9.11631e-04     fixed    
   7  w_CBO        2.32500e+00   constant   
   8  beta_CBO    -3.77824e-03     fixed    
   9  alpha_2CBO   6.82800e-04     fixed    
  10  beta_2CBO    3.30647e-04     fixed    
  11  alpha_y     -1.52113e-04     fixed    
  12  w_y          1.38860e+01   constant   
  13  beta_y      -2.67535e-04   3.60010e-04   1.33146e-06  -1.14527e+00
  14  alpha_vw     5.52655e-05   3.63250e-04   1.34344e-06  -3.41100e-01
  15  w_vw         1.43404e+01   constant   
  16  beta_vw      0.00000e+00     fixed    
  17  LM           1.09700e-04   constant   
