 + ++++++++++++++++++++++++++++++++++++++++++++++++++++++++++++++++++++ +
 +                                                                      +
 +           You have chose to blind your fitting according to          +
 +                omega_ref * (1 + (R +/- deltaR) *10^{-6})             +
 +                                                                      +
 + ++++++++++++++++++++++++++++++++++++++++++++++++++++++++++++++++++++ +
In main()...
reading format from /gm2data/zkhechad/run45/envelope/formats/formatB_sBin_constraintOn.txt
pBinTau 	= 0  
pBinPhi 	= 0  
constraintau 	= 1 
includeMopTerm 	= 0    
constrainMop    = 0   
Parameters after format file: pBinTau 0 pBinPhi 0 constraintau 1 includeMopTerm 0 constrainMop 0 c_e_scale 0.000000 
Opening file /gm2data/tbarrett/gm2fr/studies/run23_bunch_corrections/CorrectedFourier_Run3b.root.
reading full fit data from /gm2data/zkhechad/cboTemplates/Run4CBOTemplates/templateFits0_v2.0/noRF/sBin_constraintOn_cE0.0_seed0_noRF_calo23.root
windowBins = 17
fitting sliding window 126 from bin 262 at 38.941200 to bin 279 at 41.626800 (17 bins)

Reading data from /gm2data/cornell/histograms/aMethod/histogram_a_noRF.root
 **********
 **    1 **SET PRINTOUT            1
 **********
 **********
 **    2 **SET NOWARNINGS 
 **********
 PARAMETER DEFINITIONS:
    NO.   NAME         VALUE      STEP SIZE      LIMITS
     1 N0           3.09806e+06  1.00000e+02     no limits
     2 tau          6.44406e+01  constant
     3 A0           3.43401e-01  1.00000e-04     no limits
     4 phi          4.11985e+00  1.00000e-02     no limits
     5 R           -6.14862e+01  constant
     6 alpha_CBO    0.00000e+00  1.00000e-03     no limits
     7 w_CBO        2.32500e+00  constant
     8 beta_CBO     0.00000e+00  1.00000e-03     no limits
     9 alpha_2CBO   0.00000e+00  1.00000e-03     no limits
    10 beta_2CBO    0.00000e+00  1.00000e-03     no limits
    11 alpha_y      0.00000e+00  1.00000e-03     no limits
    12 w_y          1.44500e+01  constant
    13 beta_y       0.00000e+00  1.00000e-03     no limits
    14 alpha_vw     0.00000e+00  1.00000e-03     no limits
    15 w_vw         1.29000e+01  constant
    16 beta_vw      0.00000e+00  1.00000e-03     no limits
    17 LM           1.22331e-03  constant
    18 zeta_y       0.00000e+00  constant
    19 zeta_vw      0.00000e+00  constant
    20 T_CBO        1.00000e+02  1.00000e+00    0.00000e+00  1.00000e+03
    21 alpha_A0     0.00000e+00  1.00000e-03     no limits
    22 beta_A0      0.00000e+00  1.00000e-03     no limits
    23 alpha_phi    0.00000e+00  1.00000e-03     no limits
    24 beta_phi     0.00000e+00  1.00000e-03     no limits
MINUIT - FIT ONLY WIGGLE
 **********
 **    3 **FIX            5
 **********
 PARAMETER    5  IS CONSTANT.   IGNORED.
 **********
 **    4 **FIX            6
 **********
 **********
 **    5 **FIX            7
 **********
 PARAMETER    7  IS CONSTANT.   IGNORED.
 **********
 **    6 **FIX            8
 **********
 **********
 **    7 **FIX            9
 **********
 **********
 **    8 **FIX           10
 **********
 **********
 **    9 **FIX           11
 **********
 **********
 **   10 **FIX           12
 **********
 PARAMETER   12  IS CONSTANT.   IGNORED.
 **********
 **   11 **FIX           13
 **********
 **********
 **   12 **FIX           14
 **********
 **********
 **   13 **FIX           15
 **********
 PARAMETER   15  IS CONSTANT.   IGNORED.
 **********
 **   14 **FIX           16
 **********
 **********
 **   15 **MIGRAD
 **********
 FIRST CALL TO USER FUNCTION AT NEW START POINT, WITH IFLAG=4.
 START MIGRAD MINIMIZATION.  STRATEGY  1.  CONVERGENCE WHEN EDM .LT. 1.00e-04
 FCN=2261.8 FROM MIGRAD    STATUS=INITIATE      427 CALLS         428 TOTAL
                     EDM= unknown      STRATEGY= 1      NO ERROR MATRIX       
  EXT PARAMETER               CURRENT GUESS       STEP         FIRST   
  NO.   NAME      VALUE            ERROR          SIZE      DERIVATIVE 
   1  N0           3.09806e+06   1.00000e+02   0.00000e+00   2.89834e-02
   2  tau          6.44406e+01   constant   
   3  A0           3.43401e-01   1.00000e-04   0.00000e+00  -1.45150e+05
   4  phi          4.11985e+00   1.00000e-02   0.00000e+00  -1.70774e+05
   5  R           -6.14862e+01   constant   
   6  alpha_CBO    0.00000e+00     fixed    
   7  w_CBO        2.32500e+00   constant   
   8  beta_CBO     0.00000e+00     fixed    
   9  alpha_2CBO   0.00000e+00     fixed    
  10  beta_2CBO    0.00000e+00     fixed    
  11  alpha_y      0.00000e+00     fixed    
  12  w_y          1.44500e+01   constant   
  13  beta_y       0.00000e+00     fixed    
  14  alpha_vw     0.00000e+00     fixed    
  15  w_vw         1.29000e+01   constant   
  16  beta_vw      0.00000e+00     fixed    
  17  LM           1.22331e-03   constant   
  18  zeta_y       0.00000e+00   constant   
  19  zeta_vw      0.00000e+00   constant   
  20  T_CBO        1.00000e+02   1.00000e+00   0.00000e+00   0.00000e+00
  21  alpha_A0     0.00000e+00   1.00000e-03   0.00000e+00  -1.66418e+03
  22  beta_A0      0.00000e+00   1.00000e-03   0.00000e+00  -4.26048e+03
  23  alpha_phi    0.00000e+00   1.00000e-03   0.00000e+00  -8.03244e+04
  24  beta_phi     0.00000e+00   1.00000e-03   0.00000e+00   1.04123e+04
 CALL LIMIT EXCEEDED IN MIGRAD.
 MIGRAD TERMINATED WITHOUT CONVERGENCE.
 FCN=526.195 FROM MIGRAD    STATUS=CALL LIMIT   1322 CALLS        1323 TOTAL
                     EDM=0.010485    STRATEGY= 1  ERROR MATRIX UNCERTAINTY   5.4 per cent
  EXT PARAMETER                APPROXIMATE        STEP         FIRST   
  NO.   NAME      VALUE            ERROR          SIZE      DERIVATIVE 
   1  N0           3.10772e+06   7.63910e+02   2.28128e+01  -3.86161e-06
   2  tau          6.44406e+01   constant   
   3  A0           3.47455e-01   2.60903e-04   6.07889e-06  -1.76337e+02
   4  phi          4.13873e+00   6.08133e-04   4.34604e-05   3.21082e+02
   5  R           -6.14862e+01   constant   
   6  alpha_CBO    0.00000e+00     fixed    
   7  w_CBO        2.32500e+00   constant   
   8  beta_CBO     0.00000e+00     fixed    
   9  alpha_2CBO   0.00000e+00     fixed    
  10  beta_2CBO    0.00000e+00     fixed    
  11  alpha_y      0.00000e+00     fixed    
  12  w_y          1.44500e+01   constant   
  13  beta_y       0.00000e+00     fixed    
  14  alpha_vw     0.00000e+00     fixed    
  15  w_vw         1.29000e+01   constant   
  16  beta_vw      0.00000e+00     fixed    
  17  LM           1.22331e-03   constant   
  18  zeta_y       0.00000e+00   constant   
  19  zeta_vw      0.00000e+00   constant   
  20  T_CBO        1.02255e+01   2.49459e+00  -3.09340e-03  -4.20176e+01
  21  alpha_A0     1.09438e-01   1.06757e-01   1.25497e-02  -1.62502e+00
  22  beta_A0     -2.24163e-01   1.92913e-01  -2.30641e-02   3.85298e+00
  23  alpha_phi   -2.18930e-02   4.09588e-02  -4.76506e-03   8.51647e+00
  24  beta_phi     6.97247e-03   1.17812e-02   1.20988e-03   3.79843e+00
 EXTERNAL ERROR MATRIX.    NDIM=  25    NPAR=  8    ERR DEF=1
  5.836e+05  1.655e-01  2.106e-01 -9.139e+02  3.592e+01 -6.201e+01 -1.410e+01  4.658e+00 
  1.655e-01  6.807e-08  6.101e-08 -2.784e-04  1.060e-05 -1.823e-05 -4.197e-06  1.443e-06 
  2.106e-01  6.101e-08  3.698e-07 -8.295e-04  3.972e-05 -7.190e-05 -1.538e-05  4.204e-06 
 -9.139e+02 -2.784e-04 -8.295e-04  6.224e+00 -2.616e-01  4.735e-01  1.001e-01 -2.744e-02 
  3.592e+01  1.060e-05  3.972e-05 -2.616e-01  1.140e-02 -2.057e-02 -4.371e-03  1.214e-03 
 -6.201e+01 -1.823e-05 -7.190e-05  4.735e-01 -2.057e-02  3.722e-02  7.881e-03 -2.163e-03 
 -1.410e+01 -4.197e-06 -1.538e-05  1.001e-01 -4.371e-03  7.881e-03  1.678e-03 -4.682e-04 
  4.658e+00  1.443e-06  4.204e-06 -2.744e-02  1.214e-03 -2.163e-03 -4.682e-04  1.388e-04 
ERR MATRIX APPROXIMATE
 PARAMETER  CORRELATION COEFFICIENTS  
       NO.  GLOBAL      1      3      4     20     21     22     23     24
        1  0.89943   1.000  0.831  0.453 -0.480  0.440 -0.421 -0.451  0.518
        3  0.88647   0.831  1.000  0.385 -0.428  0.381 -0.362 -0.393  0.470
        4  0.84275   0.453  0.385  1.000 -0.547  0.612 -0.613 -0.617  0.587
       20  0.99417  -0.480 -0.428 -0.547  1.000 -0.982  0.984  0.980 -0.934
       21  0.99997   0.440  0.381  0.612 -0.982  1.000 -0.999 -1.000  0.965
       22  0.99994  -0.421 -0.362 -0.613  0.984 -0.999  1.000  0.997 -0.952
       23  0.99987  -0.451 -0.393 -0.617  0.980 -1.000  0.997  1.000 -0.970
       24  0.99820   0.518  0.470  0.587 -0.934  0.965 -0.952 -0.970  1.000
 ERR MATRIX APPROXIMATE
MINUIT - FIT ONLY 1-CBO + wiggle
 **********
 **   16 **RES 
 **********
                   PARAMETER   16  beta_vw RESTORED TO VARIABLE.
                   PARAMETER   14  alpha_vw RESTORED TO VARIABLE.
                   PARAMETER   13  beta_y RESTORED TO VARIABLE.
                   PARAMETER   11  alpha_y RESTORED TO VARIABLE.
                   PARAMETER   10  beta_2CBO RESTORED TO VARIABLE.
                   PARAMETER    9  alpha_2CBO RESTORED TO VARIABLE.
                   PARAMETER    8  beta_CBO RESTORED TO VARIABLE.
                   PARAMETER    6  alpha_CBO RESTORED TO VARIABLE.
 **********
 **   17 **FIX            8
 **********
 **********
 **   18 **FIX            9
 **********
 **********
 **   19 **FIX           11
 **********
 **********
 **   20 **FIX           12
 **********
 PARAMETER   12  IS CONSTANT.   IGNORED.
 **********
 **   21 **FIX           14
 **********
 **********
 **   22 **FIX           15
 **********
 PARAMETER   15  IS CONSTANT.   IGNORED.
 **********
 **   23 **FIX           16
 **********
 **********
 **   24 **MIGRAD
 **********
 START MIGRAD MINIMIZATION.  STRATEGY  1.  CONVERGENCE WHEN EDM .LT. 1.00e-04
 FCN=526.195 FROM MIGRAD    STATUS=INITIATE       28 CALLS        1351 TOTAL
                     EDM= unknown      STRATEGY= 1      NO ERROR MATRIX       
  EXT PARAMETER               CURRENT GUESS       STEP         FIRST   
  NO.   NAME      VALUE            ERROR          SIZE      DERIVATIVE 
   1  N0           3.10772e+06   7.63910e+02   2.28128e+01  -3.86161e-06
   2  tau          6.44406e+01   constant   
   3  A0           3.47455e-01   2.60903e-04   6.07889e-06  -1.76337e+02
   4  phi          4.13873e+00   6.08133e-04   4.34604e-05   3.21082e+02
   5  R           -6.14862e+01   constant   
   6  alpha_CBO    0.00000e+00   1.00000e-03   1.00000e-03   3.29511e+03
   7  w_CBO        2.32500e+00   constant   
   8  beta_CBO     0.00000e+00     fixed    
   9  alpha_2CBO   0.00000e+00     fixed    
  10  beta_2CBO    0.00000e+00   1.00000e-03   1.00000e-03   7.86215e+03
  11  alpha_y      0.00000e+00     fixed    
  12  w_y          1.44500e+01   constant   
  13  beta_y       0.00000e+00   1.00000e-03   1.00000e-03   3.66856e+04
  14  alpha_vw     0.00000e+00     fixed    
  15  w_vw         1.29000e+01   constant   
  16  beta_vw      0.00000e+00     fixed    
  17  LM           1.22331e-03   constant   
  18  zeta_y       0.00000e+00   constant   
  19  zeta_vw      0.00000e+00   constant   
  20  T_CBO        1.02255e+01   2.49459e+00  -3.09340e-03  -4.20178e+01
  21  alpha_A0     1.09438e-01   1.06757e-01   1.25497e-02  -1.62502e+00
  22  beta_A0     -2.24163e-01   1.92913e-01  -2.30641e-02   3.85298e+00
  23  alpha_phi   -2.18930e-02   4.09588e-02  -4.76506e-03   8.51647e+00
  24  beta_phi     6.97247e-03   1.17812e-02   1.20988e-03   3.79843e+00
 MIGRAD MINIMIZATION HAS CONVERGED.
 FCN=489.039 FROM MIGRAD    STATUS=CONVERGED     501 CALLS        1824 TOTAL
                     EDM=3.03787e-06    STRATEGY= 1  ERROR MATRIX UNCERTAINTY   2.1 per cent
  EXT PARAMETER                                   STEP         FIRST   
  NO.   NAME      VALUE            ERROR          SIZE      DERIVATIVE 
   1  N0           3.08989e+06   3.97214e+03  -1.53640e+01  -8.55526e-07
   2  tau          6.44406e+01   constant   
   3  A0           3.41715e-01   1.16036e-03  -4.84745e-06  -1.90896e+00
   4  phi          4.13724e+00   1.08414e-03  -2.14603e-06   6.69217e+00
   5  R           -6.14862e+01   constant   
   6  alpha_CBO   -8.33401e-04   2.39847e-03   1.11223e-06   1.76652e+00
   7  w_CBO        2.32500e+00   constant   
   8  beta_CBO     0.00000e+00     fixed    
   9  alpha_2CBO   0.00000e+00     fixed    
  10  beta_2CBO   -5.49093e-03   2.39365e-03  -6.70984e-06  -9.29313e+00
  11  alpha_y      0.00000e+00     fixed    
  12  w_y          1.44500e+01   constant   
  13  beta_y      -7.06247e-04   1.77839e-04  -5.54076e-07  -9.59386e+00
  14  alpha_vw     0.00000e+00     fixed    
  15  w_vw         1.29000e+01   constant   
  16  beta_vw      0.00000e+00     fixed    
  17  LM           1.22331e-03   constant   
  18  zeta_y       0.00000e+00   constant   
  19  zeta_vw      0.00000e+00   constant   
  20  T_CBO        1.12315e+01   1.48188e-01  -1.18143e-06  -1.49892e+00
  21  alpha_A0    -1.67909e-01   1.29108e-01  -3.64704e-04  -1.57703e-02
  22  beta_A0     -1.13212e+00   2.10797e-01  -8.56276e-04   6.93650e-02
  23  alpha_phi    9.06249e-02   4.09988e-01   5.31763e-04  -3.94267e-02
  24  beta_phi    -4.06237e-01   7.99128e-02  -3.07200e-04   1.57701e-02
 EXTERNAL ERROR MATRIX.    NDIM=  25    NPAR= 11    ERR DEF=1
  1.578e+07 
  4.453e+00  1.346e-06 
  2.952e+00  6.502e-07  1.175e-06 
 -4.002e+00 -5.572e-07 -2.260e-06  5.753e-06 
  7.680e+00  1.811e-06  2.432e-06 -4.958e-06  5.730e-06 
  4.268e-02  2.874e-08 -3.095e-08  1.278e-07 -6.632e-08  3.163e-08 
  4.749e+01 -1.202e-05  8.280e-05 -2.154e-04  1.524e-04 -5.988e-06  2.196e-02 
  3.914e+02  8.862e-05  1.310e-04 -2.743e-04  3.035e-04 -4.431e-06  9.331e-03  1.667e-02 
  8.257e+02  2.301e-04  1.636e-04 -2.394e-04  4.253e-04  1.747e-06  5.909e-03  2.163e-02  4.444e-02 
 -8.499e+02 -1.490e-04 -4.080e-04  9.734e-04 -9.004e-04  1.979e-05 -3.604e-02 -4.927e-02 -4.950e-02  1.681e-01 
  2.786e+02  8.844e-05  3.062e-05 -3.974e-06  9.532e-05  2.613e-06 -1.394e-03  4.486e-03  1.445e-02 -4.444e-03  6.386e-03 
 PARAMETER  CORRELATION COEFFICIENTS  
       NO.  GLOBAL      1      3      4      6     10     13     20     21     22     23     24
        1  0.99722   1.000  0.966  0.685 -0.420  0.808  0.060  0.081  0.763  0.986 -0.522  0.878
        3  0.99537   0.966  1.000  0.517 -0.200  0.652  0.139 -0.070  0.592  0.941 -0.313  0.954
        4  0.96869   0.685  0.517  1.000 -0.869  0.937 -0.161  0.515  0.936  0.716 -0.918  0.353
        6  0.99752  -0.420 -0.200 -0.869  1.000 -0.864  0.300 -0.606 -0.886 -0.474  0.990 -0.021
       10  0.99823   0.808  0.652  0.937 -0.864  1.000 -0.156  0.430  0.982  0.843 -0.918  0.498
       13  0.41218   0.060  0.139 -0.161  0.300 -0.156  1.000 -0.227 -0.193  0.047  0.271  0.184
       20  0.91048   0.081 -0.070  0.515 -0.606  0.430 -0.227  1.000  0.488  0.189 -0.593 -0.118
       21  0.99005   0.763  0.592  0.936 -0.886  0.982 -0.193  0.488  1.000  0.795 -0.931  0.435
       22  0.99704   0.986  0.941  0.716 -0.474  0.843  0.047  0.189  0.795  1.000 -0.573  0.858
       23  0.99857  -0.522 -0.313 -0.918  0.990 -0.918  0.271 -0.593 -0.931 -0.573  1.000 -0.136
       24  0.97703   0.878  0.954  0.353 -0.021  0.498  0.184 -0.118  0.435  0.858 -0.136  1.000
MINUIT - FIT ONLY 2-CBO
 **********
 **   25 **RES 
 **********
                   PARAMETER   16  beta_vw RESTORED TO VARIABLE.
                   PARAMETER   14  alpha_vw RESTORED TO VARIABLE.
                   PARAMETER   11  alpha_y RESTORED TO VARIABLE.
                   PARAMETER    9  alpha_2CBO RESTORED TO VARIABLE.
                   PARAMETER    8  beta_CBO RESTORED TO VARIABLE.
 **********
 **   26 **FIX            0
 **********
 PARAMETER    0  IS UNDEFINED. IGNORED.
 **********
 **   27 **FIX            1
 **********
 **********
 **   28 **FIX            2
 **********
 PARAMETER    2  IS CONSTANT.   IGNORED.
 **********
 **   29 **FIX            3
 **********
 **********
 **   30 **FIX            4
 **********
 **********
 **   31 **FIX            5
 **********
 PARAMETER    5  IS CONSTANT.   IGNORED.
 **********
 **   32 **FIX            6
 **********
 **********
 **   33 **FIX            7
 **********
 PARAMETER    7  IS CONSTANT.   IGNORED.
 **********
 **   34 **FIX           10
 **********
 **********
 **   35 **FIX           11
 **********
 **********
 **   36 **FIX           12
 **********
 PARAMETER   12  IS CONSTANT.   IGNORED.
 **********
 **   37 **FIX           13
 **********
 **********
 **   38 **FIX           14
 **********
 **********
 **   39 **FIX           15
 **********
 PARAMETER   15  IS CONSTANT.   IGNORED.
 **********
 **   40 **FIX           16
 **********
 **********
 **   41 **MIGRAD
 **********
 START MIGRAD MINIMIZATION.  STRATEGY  1.  CONVERGENCE WHEN EDM .LT. 1.00e-04
 FCN=489.039 FROM MIGRAD    STATUS=INITIATE       18 CALLS        1842 TOTAL
                     EDM= unknown      STRATEGY= 1      NO ERROR MATRIX       
  EXT PARAMETER               CURRENT GUESS       STEP         FIRST   
  NO.   NAME      VALUE            ERROR          SIZE      DERIVATIVE 
   1  N0           3.08989e+06     fixed    
   2  tau          6.44406e+01   constant   
   3  A0           3.41715e-01     fixed    
   4  phi          4.13724e+00     fixed    
   5  R           -6.14862e+01   constant   
   6  alpha_CBO   -8.33401e-04     fixed    
   7  w_CBO        2.32500e+00   constant   
   8  beta_CBO     0.00000e+00   1.00000e-03   1.00000e-03   2.53175e+01
   9  alpha_2CBO   0.00000e+00   1.00000e-03   1.00000e-03  -2.84842e+02
  10  beta_2CBO   -5.49093e-03     fixed    
  11  alpha_y      0.00000e+00     fixed    
  12  w_y          1.44500e+01   constant   
  13  beta_y      -7.06247e-04     fixed    
  14  alpha_vw     0.00000e+00     fixed    
  15  w_vw         1.29000e+01   constant   
  16  beta_vw      0.00000e+00     fixed    
  17  LM           1.22331e-03   constant   
  18  zeta_y       0.00000e+00   constant   
  19  zeta_vw      0.00000e+00   constant   
  20  T_CBO        1.12315e+01   1.48188e-01  -1.18143e-06  -1.49892e+00
  21  alpha_A0    -1.67909e-01   1.29108e-01  -3.64704e-04  -1.57699e-02
  22  beta_A0     -1.13212e+00   2.10797e-01  -8.56276e-04   6.93649e-02
  23  alpha_phi    9.06249e-02   4.09988e-01   5.31763e-04  -3.94267e-02
  24  beta_phi    -4.06237e-01   7.99128e-02  -3.07200e-04   1.57701e-02
 MIGRAD MINIMIZATION HAS CONVERGED.
 MIGRAD WILL VERIFY CONVERGENCE AND ERROR MATRIX.
 COVARIANCE MATRIX CALCULATED SUCCESSFULLY
 FCN=489.031 FROM HESSE     STATUS=OK             50 CALLS        1989 TOTAL
                     EDM=8.60273e-05    STRATEGY= 1      ERROR MATRIX ACCURATE 
  EXT PARAMETER                                   STEP         FIRST   
  NO.   NAME      VALUE            ERROR          SIZE      DERIVATIVE 
   1  N0           3.08989e+06     fixed    
   2  tau          6.44406e+01   constant   
   3  A0           3.41715e-01     fixed    
   4  phi          4.13724e+00     fixed    
   5  R           -6.14862e+01   constant   
   6  alpha_CBO   -8.33401e-04     fixed    
   7  w_CBO        2.32500e+00   constant   
   8  beta_CBO     2.44264e-05   5.21051e-04   1.84156e-06  -1.35082e+00
   9  alpha_2CBO   5.59049e-05   6.85890e-04   1.79186e-06  -4.36810e+00
  10  beta_2CBO   -5.49093e-03     fixed    
  11  alpha_y      0.00000e+00     fixed    
  12  w_y          1.44500e+01   constant   
  13  beta_y      -7.06247e-04     fixed    
  14  alpha_vw     0.00000e+00     fixed    
  15  w_vw         1.29000e+01   constant   
  16  beta_vw      0.00000e+00     fixed    
  17  LM           1.22331e-03   constant   
  18  zeta_y       0.00000e+00   constant   
  19  zeta_vw      0.00000e+00   constant   
  20  T_CBO        1.12292e+01   6.21540e+00   6.48078e-06  -2.13850e-01
  21  alpha_A0    -1.63242e-01   3.48523e-01   2.03010e-04  -5.91148e-02
  22  beta_A0     -1.13512e+00   2.24209e+00   2.62740e-04  -4.49937e-02
  23  alpha_phi    9.13463e-02   1.73128e-01   2.37416e-04  -7.50348e-02
  24  beta_phi    -4.01967e-01   7.98105e-01   1.98404e-04   1.30140e-01
 MIGRAD MINIMIZATION HAS CONVERGED.
 MIGRAD WILL VERIFY CONVERGENCE AND ERROR MATRIX.
 COVARIANCE MATRIX CALCULATED SUCCESSFULLY
 FCN=489.029 FROM MIGRAD    STATUS=CONVERGED    1179 CALLS        3003 TOTAL
                     EDM=1.89873e-05    STRATEGY= 1      ERROR MATRIX ACCURATE 
  EXT PARAMETER                                   STEP         FIRST   
  NO.   NAME      VALUE            ERROR          SIZE      DERIVATIVE 
   1  N0           3.08989e+06     fixed    
   2  tau          6.44406e+01   constant   
   3  A0           3.41715e-01     fixed    
   4  phi          4.13724e+00     fixed    
   5  R           -6.14862e+01   constant   
   6  alpha_CBO   -8.33401e-04     fixed    
   7  w_CBO        2.32500e+00   constant   
   8  beta_CBO    -1.01004e-05   5.02246e-04   1.84149e-06  -1.11634e+01
   9  alpha_2CBO   1.11098e-04   6.67899e-04   1.79185e-06  -3.32254e+00
  10  beta_2CBO   -5.49093e-03     fixed    
  11  alpha_y      0.00000e+00     fixed    
  12  w_y          1.44500e+01   constant   
  13  beta_y      -7.06247e-04     fixed    
  14  alpha_vw     0.00000e+00     fixed    
  15  w_vw         1.29000e+01   constant   
  16  beta_vw      0.00000e+00     fixed    
  17  LM           1.22331e-03   constant   
  18  zeta_y       0.00000e+00   constant   
  19  zeta_vw      0.00000e+00   constant   
  20  T_CBO        1.24081e+01   6.43756e+00   7.50906e-06  -3.57187e+00
  21  alpha_A0    -1.13031e-01   2.06339e-01   1.45033e-04   1.27484e-02
  22  beta_A0     -8.08989e-01   1.35535e+00   1.86478e-04   7.22933e-02
  23  alpha_phi    6.64930e-02   1.07675e-01   1.69260e-04  -1.83968e-01
  24  beta_phi    -2.85388e-01   4.80854e-01   1.41595e-04   1.69837e-01
 EXTERNAL ERROR MATRIX.    NDIM=  25    NPAR=  7    ERR DEF=1
  2.523e-07  1.341e-07 -1.373e-03 -3.251e-05 -2.849e-04  2.737e-05 -8.351e-05 
  1.341e-07  4.461e-07  1.408e-03  6.849e-05  2.857e-04 -1.957e-05  1.281e-04 
 -1.373e-03  1.408e-03  4.149e+01  1.303e+00  8.727e+00 -6.820e-01  3.083e+00 
 -3.251e-05  6.849e-05  1.303e+00  4.258e-02  2.733e-01 -2.122e-02  9.824e-02 
 -2.849e-04  2.857e-04  8.727e+00  2.733e-01  1.837e+00 -1.432e-01  6.486e-01 
  2.737e-05 -1.957e-05 -6.820e-01 -2.122e-02 -1.432e-01  1.159e-02 -5.024e-02 
 -8.351e-05  1.281e-04  3.083e+00  9.824e-02  6.486e-01 -5.024e-02  2.312e-01 
 PARAMETER  CORRELATION COEFFICIENTS  
       NO.  GLOBAL      8      9     20     21     22     23     24
        8  0.94071   1.000  0.400 -0.424 -0.314 -0.418  0.506 -0.346
        9  0.96871   0.400  1.000  0.327  0.497  0.316 -0.272  0.399
       20  0.99993  -0.424  0.327  1.000  0.980  1.000 -0.983  0.995
       21  0.99788  -0.314  0.497  0.980  1.000  0.977 -0.955  0.990
       22  0.99992  -0.418  0.316  1.000  0.977  1.000 -0.982  0.995
       23  0.98937   0.506 -0.272 -0.983 -0.955 -0.982  1.000 -0.970
       24  0.99963  -0.346  0.399  0.995  0.990  0.995 -0.970  1.000
MINUIT - FIT wiggle + 1-CBO + 2-CBO
 **********
 **   42 **RES 
 **********
                   PARAMETER   16  beta_vw RESTORED TO VARIABLE.
                   PARAMETER   14  alpha_vw RESTORED TO VARIABLE.
                   PARAMETER   13  beta_y RESTORED TO VARIABLE.
                   PARAMETER   11  alpha_y RESTORED TO VARIABLE.
                   PARAMETER   10  beta_2CBO RESTORED TO VARIABLE.
                   PARAMETER    6  alpha_CBO RESTORED TO VARIABLE.
                   PARAMETER    4  phi RESTORED TO VARIABLE.
                   PARAMETER    3  A0 RESTORED TO VARIABLE.
                   PARAMETER    1  N0 RESTORED TO VARIABLE.
 **********
 **   43 **FIX           10
 **********
 **********
 **   44 **FIX           11
 **********
 **********
 **   45 **FIX           12
 **********
 PARAMETER   12  IS CONSTANT.   IGNORED.
 **********
 **   46 **FIX           13
 **********
 **********
 **   47 **FIX           14
 **********
 **********
 **   48 **FIX           15
 **********
 PARAMETER   15  IS CONSTANT.   IGNORED.
 **********
 **   49 **FIX           16
 **********
 **********
 **   50 **MIGRAD
 **********
 START MIGRAD MINIMIZATION.  STRATEGY  1.  CONVERGENCE WHEN EDM .LT. 1.00e-04
 FCN=489.029 FROM MIGRAD    STATUS=INITIATE       22 CALLS        3025 TOTAL
                     EDM= unknown      STRATEGY= 1      NO ERROR MATRIX       
  EXT PARAMETER               CURRENT GUESS       STEP         FIRST   
  NO.   NAME      VALUE            ERROR          SIZE      DERIVATIVE 
   1  N0           3.08989e+06   3.97214e+03   3.97214e+03   2.15072e-05
   2  tau          6.44406e+01   constant   
   3  A0           3.41715e-01   1.16036e-03   1.16036e-03   3.70909e+01
   4  phi          4.13724e+00   1.08414e-03   1.08414e-03   2.21012e+01
   5  R           -6.14862e+01   constant   
   6  alpha_CBO   -8.33401e-04   2.39847e-03   2.39847e-03  -1.80124e+02
   7  w_CBO        2.32500e+00   constant   
   8  beta_CBO    -1.01004e-05   5.02246e-04   1.84149e-06  -1.11634e+01
   9  alpha_2CBO   1.11098e-04   6.67899e-04   1.79185e-06  -3.32256e+00
  10  beta_2CBO   -5.49093e-03     fixed    
  11  alpha_y      0.00000e+00     fixed    
  12  w_y          1.44500e+01   constant   
  13  beta_y      -7.06247e-04     fixed    
  14  alpha_vw     0.00000e+00     fixed    
  15  w_vw         1.29000e+01   constant   
  16  beta_vw      0.00000e+00     fixed    
  17  LM           1.22331e-03   constant   
  18  zeta_y       0.00000e+00   constant   
  19  zeta_vw      0.00000e+00   constant   
  20  T_CBO        1.24081e+01   6.43756e+00   7.50906e-06  -3.57013e+00
  21  alpha_A0    -1.13031e-01   2.06339e-01   1.45033e-04   1.27454e-02
  22  beta_A0     -8.08989e-01   1.35535e+00   1.86478e-04   7.22920e-02
  23  alpha_phi    6.64930e-02   1.07675e-01   1.69260e-04  -1.83968e-01
  24  beta_phi    -2.85388e-01   4.80854e-01   1.41595e-04   1.69837e-01
 CALL LIMIT EXCEEDED IN MIGRAD.
 MIGRAD TERMINATED WITHOUT CONVERGENCE.
 FCN=486.627 FROM MIGRAD    STATUS=CALL LIMIT   1919 CALLS        4922 TOTAL
                     EDM=0.00150133    STRATEGY= 1  ERROR MATRIX UNCERTAINTY  18.5 per cent
  EXT PARAMETER                APPROXIMATE        STEP         FIRST   
  NO.   NAME      VALUE            ERROR          SIZE      DERIVATIVE 
   1  N0           3.08224e+06   1.54349e+04  -5.82858e+02  -6.26792e-05
   2  tau          6.44406e+01   constant   
   3  A0           3.30273e-01   5.28179e-03  -1.71457e-04   1.23842e+02
   4  phi          4.12190e+00   3.54261e-02  -7.29433e-04  -1.04371e+02
   5  R           -6.14862e+01   constant   
   6  alpha_CBO    1.34215e-02   1.22511e-02  -4.48282e-04   3.21340e+02
   7  w_CBO        2.32500e+00   constant   
   8  beta_CBO     2.59961e-02   6.83018e-03  -1.54358e-04   9.92846e+01
   9  alpha_2CBO   1.35894e-02   5.28312e-03  -1.74604e-04  -4.64679e+01
  10  beta_2CBO   -5.49093e-03     fixed    
  11  alpha_y      0.00000e+00     fixed    
  12  w_y          1.44500e+01   constant   
  13  beta_y      -7.06247e-04     fixed    
  14  alpha_vw     0.00000e+00     fixed    
  15  w_vw         1.29000e+01   constant   
  16  beta_vw      0.00000e+00     fixed    
  17  LM           1.22331e-03   constant   
  18  zeta_y       0.00000e+00   constant   
  19  zeta_vw      0.00000e+00   constant   
  20  T_CBO        1.05378e+01   7.24164e-02  -5.78908e-06  -3.00703e+02
  21  alpha_A0     1.66554e+00   7.42755e-01  -2.45671e-02   5.11818e-01
  22  beta_A0      1.14924e+00   1.52206e+00  -2.07705e-03   3.30514e-01
  23  alpha_phi    4.31675e+00   1.58656e+00  -2.79904e-02  -1.84781e+00
  24  beta_phi     2.37567e+00   1.02384e+00  -3.20342e-02  -6.04549e-01
 EXTERNAL ERROR MATRIX.    NDIM=  25    NPAR= 11    ERR DEF=1
  2.382e+08 
  7.022e+01  2.790e-05 
  1.999e+02  1.214e-04  1.255e-03 
  1.542e+02  4.799e-05  3.149e-04  1.501e-04 
  3.873e+01  6.520e-06  1.316e-04  6.602e-05  4.665e-05 
  5.725e+01  1.657e-05  1.316e-04  6.306e-05  3.220e-05  2.791e-05 
  2.337e+02  2.117e-04  4.970e-04 -7.388e-05 -3.013e-04 -9.536e-05  5.244e-03 
  8.299e+03  1.966e-03  1.385e-02  8.542e-03  4.580e-03  3.817e-03 -2.040e-02  5.517e-01 
  3.634e+03 -2.565e-03 -4.367e-02 -3.469e-03 -8.692e-04 -1.383e-03 -4.269e-02  6.094e-02  2.317e+00 
  1.177e+04 -2.533e-04 -2.341e-02  6.063e-03  4.229e-03  2.871e-03 -6.016e-02  6.428e-01  2.090e+00  2.517e+00 
  1.016e+04  2.528e-03  2.221e-02  1.176e-02  6.615e-03  5.325e-03 -2.975e-02  7.515e-01 -1.030e-01  7.170e-01  1.048e+00 
ERR MATRIX APPROXIMATE
 PARAMETER  CORRELATION COEFFICIENTS  
       NO.  GLOBAL      1      3      4      6      8      9     20     21     22     23     24
        1  0.99973   1.000  0.861  0.366  0.815  0.367  0.702  0.209  0.724  0.155  0.481  0.643
        3  0.99970   0.861  1.000  0.649  0.742  0.181  0.594  0.553  0.501 -0.319 -0.030  0.468
        4  0.99997   0.366  0.649  1.000  0.726  0.544  0.703  0.194  0.526 -0.810 -0.416  0.612
        6  0.99996   0.815  0.742  0.726  1.000  0.789  0.974 -0.083  0.939 -0.186  0.312  0.938
        8  0.99987   0.367  0.181  0.544  0.789  1.000  0.892 -0.609  0.903 -0.084  0.390  0.946
        9  0.99969   0.702  0.594  0.703  0.974  0.892  1.000 -0.249  0.973 -0.172  0.342  0.985
       20  0.98538   0.209  0.553  0.194 -0.083 -0.609 -0.249  1.000 -0.379 -0.387 -0.524 -0.401
       21  0.99980   0.724  0.501  0.526  0.939  0.903  0.973 -0.379  1.000  0.054  0.546  0.988
       22  0.99992   0.155 -0.319 -0.810 -0.186 -0.084 -0.172 -0.387  0.054  1.000  0.865 -0.066
       23  0.99997   0.481 -0.030 -0.416  0.312  0.390  0.342 -0.524  0.546  0.865  1.000  0.441
       24  0.99992   0.643  0.468  0.612  0.938  0.946  0.985 -0.401  0.988 -0.066  0.441  1.000
 ERR MATRIX APPROXIMATE
MINUIT - FIT ONLY 1-y
 **********
 **   51 **RES 
 **********
                   PARAMETER   16  beta_vw RESTORED TO VARIABLE.
                   PARAMETER   14  alpha_vw RESTORED TO VARIABLE.
                   PARAMETER   13  beta_y RESTORED TO VARIABLE.
                   PARAMETER   11  alpha_y RESTORED TO VARIABLE.
                   PARAMETER   10  beta_2CBO RESTORED TO VARIABLE.
 **********
 **   52 **FIX            0
 **********
 PARAMETER    0  IS UNDEFINED. IGNORED.
 **********
 **   53 **FIX            1
 **********
 **********
 **   54 **FIX            2
 **********
 PARAMETER    2  IS CONSTANT.   IGNORED.
 **********
 **   55 **FIX            3
 **********
 **********
 **   56 **FIX            4
 **********
 **********
 **   57 **FIX            5
 **********
 PARAMETER    5  IS CONSTANT.   IGNORED.
 **********
 **   58 **FIX            6
 **********
 **********
 **   59 **FIX            7
 **********
 PARAMETER    7  IS CONSTANT.   IGNORED.
 **********
 **   60 **FIX            8
 **********
 **********
 **   61 **FIX            9
 **********
 **********
 **   62 **FIX           13
 **********
 **********
 **   63 **FIX           14
 **********
 **********
 **   64 **FIX           15
 **********
 PARAMETER   15  IS CONSTANT.   IGNORED.
 **********
 **   65 **FIX           16
 **********
 **********
 **   66 **MIGRAD
 **********
 START MIGRAD MINIMIZATION.  STRATEGY  1.  CONVERGENCE WHEN EDM .LT. 1.00e-04
 FCN=486.627 FROM MIGRAD    STATUS=INITIATE       16 CALLS        4938 TOTAL
                     EDM= unknown      STRATEGY= 1      NO ERROR MATRIX       
  EXT PARAMETER               CURRENT GUESS       STEP         FIRST   
  NO.   NAME      VALUE            ERROR          SIZE      DERIVATIVE 
   1  N0           3.08224e+06     fixed    
   2  tau          6.44406e+01   constant   
   3  A0           3.30273e-01     fixed    
   4  phi          4.12190e+00     fixed    
   5  R           -6.14862e+01   constant   
   6  alpha_CBO    1.34215e-02     fixed    
   7  w_CBO        2.32500e+00   constant   
   8  beta_CBO     2.59961e-02     fixed    
   9  alpha_2CBO   1.35894e-02     fixed    
  10  beta_2CBO   -5.49093e-03   2.39365e-03   2.39365e-03   4.11964e+02
  11  alpha_y      0.00000e+00   1.00000e-03   1.00000e-03   2.36653e+05
  12  w_y          1.44500e+01   constant   
  13  beta_y      -7.06247e-04     fixed    
  14  alpha_vw     0.00000e+00     fixed    
  15  w_vw         1.29000e+01   constant   
  16  beta_vw      0.00000e+00     fixed    
  17  LM           1.22331e-03   constant   
  18  zeta_y       0.00000e+00   constant   
  19  zeta_vw      0.00000e+00   constant   
  20  T_CBO        1.05378e+01   7.24164e-02  -5.78908e-06  -3.00703e+02
  21  alpha_A0     1.66554e+00   7.42755e-01  -2.45671e-02   5.11817e-01
  22  beta_A0      1.14924e+00   1.52206e+00  -2.07705e-03   3.30514e-01
  23  alpha_phi    4.31675e+00   1.58656e+00  -2.79904e-02  -1.84781e+00
  24  beta_phi     2.37567e+00   1.02384e+00  -3.20342e-02  -6.04549e-01
 MIGRAD MINIMIZATION HAS CONVERGED.
 MIGRAD WILL VERIFY CONVERGENCE AND ERROR MATRIX.
 FCN=31.656 FROM HESSE     STATUS=NOT POSDEF     50 CALLS        5082 TOTAL
                     EDM=0.0021297    STRATEGY= 1      ERR MATRIX NOT POS-DEF
  EXT PARAMETER                APPROXIMATE        STEP         FIRST   
  NO.   NAME      VALUE            ERROR          SIZE      DERIVATIVE 
   1  N0           3.08224e+06     fixed    
   2  tau          6.44406e+01   constant   
   3  A0           3.30273e-01     fixed    
   4  phi          4.12190e+00     fixed    
   5  R           -6.14862e+01   constant   
   6  alpha_CBO    1.34215e-02     fixed    
   7  w_CBO        2.32500e+00   constant   
   8  beta_CBO     2.59961e-02     fixed    
   9  alpha_2CBO   1.35894e-02     fixed    
  10  beta_2CBO   -6.26353e-03   2.67439e-04   4.97898e-07  -9.41065e-01
  11  alpha_y     -3.84285e-03   1.79932e-04   4.97957e-07  -1.10879e+00
  12  w_y          1.44500e+01   constant   
  13  beta_y      -7.06247e-04     fixed    
  14  alpha_vw     0.00000e+00     fixed    
  15  w_vw         1.29000e+01   constant   
  16  beta_vw      0.00000e+00     fixed    
  17  LM           1.22331e-03   constant   
  18  zeta_y       0.00000e+00   constant   
  19  zeta_vw      0.00000e+00   constant   
  20  T_CBO        1.05390e+01   2.17156e-01   6.50938e-07   1.79030e+01
  21  alpha_A0     1.63818e+00   1.33856e-01   7.08089e-05  -4.98468e-02
  22  beta_A0      1.06053e+00   9.36269e-02   8.82975e-05  -3.51177e-02
  23  alpha_phi    4.36065e+00   3.44211e-01   7.74900e-05  -9.88522e-02
  24  beta_phi     2.36158e+00   1.85362e-01   6.79479e-05  -5.88339e-02
 CALL LIMIT EXCEEDED IN MIGRAD.
 MIGRAD TERMINATED WITHOUT CONVERGENCE.
 FCN=30.7452 FROM MIGRAD    STATUS=CALL LIMIT   1159 CALLS        6081 TOTAL
                     EDM=0.0131077    STRATEGY= 1      ERR MATRIX NOT POS-DEF
  EXT PARAMETER                APPROXIMATE        STEP         FIRST   
  NO.   NAME      VALUE            ERROR          SIZE      DERIVATIVE 
   1  N0           3.08224e+06     fixed    
   2  tau          6.44406e+01   constant   
   3  A0           3.30273e-01     fixed    
   4  phi          4.12190e+00     fixed    
   5  R           -6.14862e+01   constant   
   6  alpha_CBO    1.34215e-02     fixed    
   7  w_CBO        2.32500e+00   constant   
   8  beta_CBO     2.59961e-02     fixed    
   9  alpha_2CBO   1.35894e-02     fixed    
  10  beta_2CBO   -6.46515e-03   2.94736e-04  -6.17266e-06   2.44596e+02
  11  alpha_y     -3.84355e-03   1.77315e-04   1.13037e-06   2.54614e+02
  12  w_y          1.44500e+01   constant   
  13  beta_y      -7.06247e-04     fixed    
  14  alpha_vw     0.00000e+00     fixed    
  15  w_vw         1.29000e+01   constant   
  16  beta_vw      0.00000e+00     fixed    
  17  LM           1.22331e-03   constant   
  18  zeta_y       0.00000e+00   constant   
  19  zeta_vw      0.00000e+00   constant   
  20  T_CBO        8.52545e+00   4.04495e-01  -1.39208e-04  -1.60396e+02
  21  alpha_A0     4.09902e+00   9.07041e-01   2.95250e-02  -5.90418e-01
  22  beta_A0      2.64746e+00   5.66573e-01   1.59379e-02  -1.03825e+00
  23  alpha_phi    1.07576e+01   2.41151e+00   8.35632e-02   4.28336e-01
  24  beta_phi     5.76810e+00   1.24400e+00   4.14871e-02  -5.78191e-01
 EXTERNAL ERROR MATRIX.    NDIM=  25    NPAR=  7    ERR DEF=1
  8.687e-08  4.514e-09  4.638e-05 -1.011e-04 -5.180e-05 -2.859e-04 -1.433e-04 
  4.514e-09  3.144e-08  1.386e-06 -2.980e-06 -1.179e-06 -9.003e-06 -4.265e-06 
  4.638e-05  1.386e-06  1.636e-01 -3.666e-01 -2.270e-01 -9.750e-01 -5.030e-01 
 -1.011e-04 -2.980e-06 -3.666e-01  8.227e-01  5.097e-01  2.185e+00  1.127e+00 
 -5.180e-05 -1.179e-06 -2.270e-01  5.097e-01  3.210e-01  1.352e+00  6.972e-01 
 -2.859e-04 -9.003e-06 -9.750e-01  2.185e+00  1.352e+00  5.815e+00  2.998e+00 
 -1.433e-04 -4.265e-06 -5.030e-01  1.127e+00  6.972e-01  2.998e+00  1.548e+00 
ERR MATRIX NOT POS-DEF
 PARAMETER  CORRELATION COEFFICIENTS  
       NO.  GLOBAL     10     11     20     21     22     23     24
       10  0.78798   1.000  0.086  0.389 -0.378 -0.310 -0.402 -0.391
       11  0.09099   0.086  1.000  0.019 -0.019 -0.012 -0.021 -0.019
       20  0.99977   0.389  0.019  1.000 -0.999 -0.991 -1.000 -1.000
       21  0.99947  -0.378 -0.019 -0.999  1.000  0.992  0.999  0.999
       22  0.99509  -0.310 -0.012 -0.991  0.992  1.000  0.990  0.989
       23  0.99969  -0.402 -0.021 -1.000  0.999  0.990  1.000  0.999
       24  0.99964  -0.391 -0.019 -1.000  0.999  0.989  0.999  1.000
 ERR MATRIX NOT POS-DEF
MINUIT - FIT ONLY 2-y
 **********
 **   67 **RES 
 **********
                   PARAMETER   16  beta_vw RESTORED TO VARIABLE.
                   PARAMETER   14  alpha_vw RESTORED TO VARIABLE.
                   PARAMETER   13  beta_y RESTORED TO VARIABLE.
                   PARAMETER    9  alpha_2CBO RESTORED TO VARIABLE.
                   PARAMETER    8  beta_CBO RESTORED TO VARIABLE.
                   PARAMETER    6  alpha_CBO RESTORED TO VARIABLE.
                   PARAMETER    4  phi RESTORED TO VARIABLE.
                   PARAMETER    3  A0 RESTORED TO VARIABLE.
                   PARAMETER    1  N0 RESTORED TO VARIABLE.
 **********
 **   68 **FIX            0
 **********
 PARAMETER    0  IS UNDEFINED. IGNORED.
 **********
 **   69 **FIX            1
 **********
 **********
 **   70 **FIX            2
 **********
 PARAMETER    2  IS CONSTANT.   IGNORED.
 **********
 **   71 **FIX            3
 **********
 **********
 **   72 **FIX            4
 **********
 **********
 **   73 **FIX            5
 **********
 PARAMETER    5  IS CONSTANT.   IGNORED.
 **********
 **   74 **FIX            6
 **********
 **********
 **   75 **FIX            7
 **********
 PARAMETER    7  IS CONSTANT.   IGNORED.
 **********
 **   76 **FIX            8
 **********
 **********
 **   77 **FIX            9
 **********
 **********
 **   78 **FIX           10
 **********
 **********
 **   79 **FIX           11
 **********
 **********
 **   80 **FIX           12
 **********
 PARAMETER   12  IS CONSTANT.   IGNORED.
 **********
 **   81 **FIX           16
 **********
 **********
 **   82 **MIGRAD
 **********
 START MIGRAD MINIMIZATION.  STRATEGY  1.  CONVERGENCE WHEN EDM .LT. 1.00e-04
 FCN=30.7452 FROM MIGRAD    STATUS=INITIATE       16 CALLS        6097 TOTAL
                     EDM= unknown      STRATEGY= 1      NO ERROR MATRIX       
  EXT PARAMETER               CURRENT GUESS       STEP         FIRST   
  NO.   NAME      VALUE            ERROR          SIZE      DERIVATIVE 
   1  N0           3.08224e+06     fixed    
   2  tau          6.44406e+01   constant   
   3  A0           3.30273e-01     fixed    
   4  phi          4.12190e+00     fixed    
   5  R           -6.14862e+01   constant   
   6  alpha_CBO    1.34215e-02     fixed    
   7  w_CBO        2.32500e+00   constant   
   8  beta_CBO     2.59961e-02     fixed    
   9  alpha_2CBO   1.35894e-02     fixed    
  10  beta_2CBO   -6.46515e-03     fixed    
  11  alpha_y     -3.84355e-03     fixed    
  12  w_y          1.44500e+01   constant   
  13  beta_y      -7.06247e-04   1.77839e-04   1.77839e-04  -9.16718e+03
  14  alpha_vw     0.00000e+00   1.00000e-03   1.00000e-03   2.29286e+04
  15  w_vw         1.29000e+01   constant   
  16  beta_vw      0.00000e+00     fixed    
  17  LM           1.22331e-03   constant   
