 + ++++++++++++++++++++++++++++++++++++++++++++++++++++++++++++++++++++ +
 +                                                                      +
 +           You have chose to blind your fitting according to          +
 +                omega_ref * (1 + (R +/- deltaR) *10^{-6})             +
 +                                                                      +
 + ++++++++++++++++++++++++++++++++++++++++++++++++++++++++++++++++++++ +
In main()...
reading format from /gm2data/zkhechad/run45/envelope/formats/formatB_sBin_constraintOn.txt
pBinTau 	= 0  
pBinPhi 	= 0  
constraintau 	= 1 
includeMopTerm 	= 0    
constrainMop    = 0   
Parameters after format file: pBinTau 0 pBinPhi 0 constraintau 1 includeMopTerm 0 constrainMop 0 c_e_scale 0.000000 
Opening file /gm2data/tbarrett/gm2fr/studies/run23_bunch_corrections/CorrectedFourier_Run3b.root.
reading reference data from /gm2data/zkhechad/cboTemplates/Run4CBOTemplates/templateFits0/noRF/sBin_constraintOn_cE0.0_seed0_noRF_calo24.root (fixing 5-param to these terms)
windowBins = 34
fitting sliding window 0 from bin 136 at 20.142000 to bin 170 at 25.364000 (34 bins)

Reading data from /gm2data/cornell/histograms/aMethod/histogram_a_noRF.root
 **********
 **    1 **SET PRINTOUT            1
 **********
 **********
 **    2 **SET NOWARNINGS 
 **********
 PARAMETER DEFINITIONS:
    NO.   NAME         VALUE      STEP SIZE      LIMITS
     1 N0           3.17565e+06  1.00000e+02     no limits
     2 tau          6.44123e+01  constant
     3 A0           3.64956e-01  1.00000e-04     no limits
     4 phi          4.11954e+00  1.00000e-02     no limits
     5 R           -6.08488e+01  constant
     6 alpha_CBO    0.00000e+00  1.00000e-03     no limits
     7 w_CBO        2.32643e+00  constant
     8 beta_CBO     0.00000e+00  1.00000e-03     no limits
     9 alpha_2CBO   0.00000e+00  1.00000e-03     no limits
    10 beta_2CBO    0.00000e+00  1.00000e-03     no limits
    11 alpha_y      0.00000e+00  1.00000e-03     no limits
    12 w_y          1.38965e+01  constant
    13 beta_y       0.00000e+00  1.00000e-03     no limits
    14 alpha_vw     0.00000e+00  1.00000e-03     no limits
    15 w_vw         1.43195e+01  constant
    16 beta_vw      0.00000e+00  1.00000e-03     no limits
    17 LM           3.50291e-04  constant
    18 zeta_y       0.00000e+00  constant
    19 zeta_vw      0.00000e+00  constant
    20 T_CBO        1.00000e+02  1.00000e+00    0.00000e+00  1.00000e+03
    21 alpha_A0     0.00000e+00  1.00000e-03     no limits
    22 beta_A0      0.00000e+00  1.00000e-03     no limits
    23 alpha_phi    0.00000e+00  1.00000e-03     no limits
    24 beta_phi     0.00000e+00  1.00000e-03     no limits
    25 alpha_xy     0.00000e+00  1.00000e-03     no limits
    26 w_xy         1.20754e+01  constant
    27 beta_xy      0.00000e+00  1.00000e-03     no limits
MINUIT - FIT ONLY WIGGLE
 **********
 **    3 **FIX            5
 **********
 PARAMETER    5  IS CONSTANT.   IGNORED.
 **********
 **    4 **FIX            6
 **********
 **********
 **    5 **FIX            7
 **********
 PARAMETER    7  IS CONSTANT.   IGNORED.
 **********
 **    6 **FIX            8
 **********
 **********
 **    7 **FIX            9
 **********
 **********
 **    8 **FIX           10
 **********
 **********
 **    9 **FIX           11
 **********
 **********
 **   10 **FIX           12
 **********
 PARAMETER   12  IS CONSTANT.   IGNORED.
 **********
 **   11 **FIX           13
 **********
 **********
 **   12 **FIX           14
 **********
 **********
 **   13 **FIX           15
 **********
 PARAMETER   15  IS CONSTANT.   IGNORED.
 **********
 **   14 **FIX           16
 **********
 **********
 **   15 **MIGRAD
 **********
 FIRST CALL TO USER FUNCTION AT NEW START POINT, WITH IFLAG=4.
 START MIGRAD MINIMIZATION.  STRATEGY  1.  CONVERGENCE WHEN EDM .LT. 1.00e-04
 FCN=15302.7 FROM MIGRAD    STATUS=INITIATE      627 CALLS         628 TOTAL
                     EDM= unknown      STRATEGY= 1      NO ERROR MATRIX       
  EXT PARAMETER               CURRENT GUESS       STEP         FIRST   
  NO.   NAME      VALUE            ERROR          SIZE      DERIVATIVE 
   1  N0           3.17565e+06   1.00000e+02   0.00000e+00   2.21412e-01
   2  tau          6.44123e+01   constant   
   3  A0           3.64956e-01   1.00000e-04   0.00000e+00   7.75215e+05
   4  phi          4.11954e+00   1.00000e-02   0.00000e+00  -6.58263e+04
   5  R           -6.08488e+01   constant   
   6  alpha_CBO    0.00000e+00     fixed    
   7  w_CBO        2.32643e+00   constant   
   8  beta_CBO     0.00000e+00     fixed    
   9  alpha_2CBO   0.00000e+00     fixed    
  10  beta_2CBO    0.00000e+00     fixed    
  11  alpha_y      0.00000e+00     fixed    
  12  w_y          1.38965e+01   constant   
  13  beta_y       0.00000e+00     fixed    
  14  alpha_vw     0.00000e+00     fixed    
  15  w_vw         1.43195e+01   constant   
  16  beta_vw      0.00000e+00     fixed    
  17  LM           3.50291e-04   constant   
  18  zeta_y       0.00000e+00   constant   
  19  zeta_vw      0.00000e+00   constant   
  20  T_CBO        1.00000e+02   1.00000e+00   0.00000e+00   0.00000e+00
  21  alpha_A0     0.00000e+00   1.00000e-03   0.00000e+00   5.80712e+04
  22  beta_A0      0.00000e+00   1.00000e-03   0.00000e+00   9.87121e+03
  23  alpha_phi    0.00000e+00   1.00000e-03   0.00000e+00   6.25744e+02
  24  beta_phi     0.00000e+00   1.00000e-03   0.00000e+00  -3.44041e+04
  25  alpha_xy     0.00000e+00   1.00000e-03   0.00000e+00   1.30241e+04
  26  w_xy         1.20754e+01   constant   
  27  beta_xy      0.00000e+00   1.00000e-03   0.00000e+00  -1.49198e+05
 MIGRAD MINIMIZATION HAS CONVERGED.
 FCN=7971.13 FROM MIGRAD    STATUS=CONVERGED     895 CALLS         896 TOTAL
                     EDM=5.94417e-07    STRATEGY= 1  ERROR MATRIX UNCERTAINTY   2.2 per cent
  EXT PARAMETER                                   STEP         FIRST   
  NO.   NAME      VALUE            ERROR          SIZE      DERIVATIVE 
   1  N0           3.22473e+06   8.71683e+02  -1.79841e+00  -3.57749e-06
   2  tau          6.44123e+01   constant   
   3  A0           3.32930e-01   4.24705e-04   1.14438e-06   7.76041e+00
   4  phi          4.11247e+00   5.50478e-04  -2.40353e-07   1.21363e+00
   5  R           -6.08488e+01   constant   
   6  alpha_CBO    0.00000e+00     fixed    
   7  w_CBO        2.32643e+00   constant   
   8  beta_CBO     0.00000e+00     fixed    
   9  alpha_2CBO   0.00000e+00     fixed    
  10  beta_2CBO    0.00000e+00     fixed    
  11  alpha_y      0.00000e+00     fixed    
  12  w_y          1.38965e+01   constant   
  13  beta_y       0.00000e+00     fixed    
  14  alpha_vw     0.00000e+00     fixed    
  15  w_vw         1.43195e+01   constant   
  16  beta_vw      0.00000e+00     fixed    
  17  LM           3.50291e-04   constant   
  18  zeta_y       0.00000e+00   constant   
  19  zeta_vw      0.00000e+00   constant   
  20  T_CBO        1.00000e+02   5.20646e+02  -0.00000e+00   0.00000e+00
  21  alpha_A0    -6.22554e-02   1.07495e-03   2.86370e-06  -1.27693e+00
  22  beta_A0      9.04251e-02   1.44134e-03  -1.80186e-06   3.94122e-01
  23  alpha_phi   -9.90135e-02   1.67452e-03   3.79792e-06  -1.73180e+00
  24  beta_phi    -6.61473e-02   1.36321e-03   3.85478e-06  -9.37644e-01
  25  alpha_xy    -3.45551e-04   9.73362e-05  -3.53611e-07  -4.55009e-01
  26  w_xy         1.20754e+01   constant   
  27  beta_xy      1.35328e-04   9.61698e-05  -1.73983e-07   3.50795e+00
 EXTERNAL ERROR MATRIX.    NDIM=  28    NPAR= 10    ERR DEF=1
  7.598e+05 -3.515e-01 -2.238e-01  0.000e+00 -8.385e-01  1.184e+00 -1.357e+00 -1.078e+00 -8.340e-03 -6.129e-03 
 -3.515e-01  1.804e-07  9.792e-08  0.000e+00  4.067e-07 -5.903e-07  6.752e-07  5.184e-07  3.135e-09  2.909e-09 
 -2.238e-01  9.792e-08  3.030e-07  0.000e+00  3.828e-07 -3.009e-07  2.911e-07  4.575e-07  5.758e-09 -1.261e-09 
  0.000e+00  0.000e+00  0.000e+00  1.800e+05  0.000e+00  0.000e+00  0.000e+00  0.000e+00  0.000e+00  0.000e+00 
 -8.385e-01  4.067e-07  3.828e-07  0.000e+00  1.156e-06 -1.335e-06  1.489e-06  1.305e-06  1.076e-08  4.462e-09 
  1.184e+00 -5.903e-07 -3.009e-07  0.000e+00 -1.335e-06  2.077e-06 -2.239e-06 -1.718e-06 -1.131e-08 -1.043e-08 
 -1.357e+00  6.752e-07  2.911e-07  0.000e+00  1.489e-06 -2.239e-06  2.804e-06  1.912e-06  1.021e-08  1.364e-08 
 -1.078e+00  5.184e-07  4.575e-07  0.000e+00  1.305e-06 -1.718e-06  1.912e-06  1.858e-06  1.253e-08  5.218e-09 
 -8.340e-03  3.135e-09  5.758e-09  0.000e+00  1.076e-08 -1.131e-08  1.021e-08  1.253e-08  9.474e-09  1.170e-10 
 -6.129e-03  2.909e-09 -1.261e-09  0.000e+00  4.462e-09 -1.043e-08  1.364e-08  5.218e-09  1.170e-10  9.249e-09 
 PARAMETER  CORRELATION COEFFICIENTS  
       NO.  GLOBAL      1      3      4     20     21     22     23     24     25     27
        1  0.96866   1.000 -0.950 -0.466  0.000 -0.895  0.942 -0.929 -0.907 -0.098 -0.073
        3  0.98126  -0.950  1.000  0.419  0.000  0.891 -0.964  0.949  0.895  0.076  0.071
        4  0.81286  -0.466  0.419  1.000  0.000  0.647 -0.379  0.316  0.610  0.107 -0.024
       20  0.00000   0.000  0.000  0.000  1.000  0.000  0.000  0.000  0.000  0.000  0.000
       21  0.94452  -0.895  0.891  0.647  0.000  1.000 -0.862  0.827  0.891  0.103  0.043
       22  0.96957   0.942 -0.964 -0.379  0.000 -0.862  1.000 -0.928 -0.875 -0.081 -0.075
       23  0.96067  -0.929  0.949  0.316  0.000  0.827 -0.928  1.000  0.838  0.063  0.085
       24  0.94053  -0.907  0.895  0.610  0.000  0.891 -0.875  0.838  1.000  0.094  0.040
       25  0.13685  -0.098  0.076  0.107  0.000  0.103 -0.081  0.063  0.094  1.000  0.012
       27  0.11058  -0.073  0.071 -0.024  0.000  0.043 -0.075  0.085  0.040  0.012  1.000
MINUIT - FIT ONLY 1-CBO + wiggle
 **********
 **   16 **RES 
 **********
                   PARAMETER   16  beta_vw RESTORED TO VARIABLE.
                   PARAMETER   14  alpha_vw RESTORED TO VARIABLE.
                   PARAMETER   13  beta_y RESTORED TO VARIABLE.
                   PARAMETER   11  alpha_y RESTORED TO VARIABLE.
                   PARAMETER   10  beta_2CBO RESTORED TO VARIABLE.
                   PARAMETER    9  alpha_2CBO RESTORED TO VARIABLE.
                   PARAMETER    8  beta_CBO RESTORED TO VARIABLE.
                   PARAMETER    6  alpha_CBO RESTORED TO VARIABLE.
 **********
 **   17 **FIX            8
 **********
 **********
 **   18 **FIX            9
 **********
 **********
 **   19 **FIX           11
 **********
 **********
 **   20 **FIX           12
 **********
 PARAMETER   12  IS CONSTANT.   IGNORED.
 **********
 **   21 **FIX           14
 **********
 **********
 **   22 **FIX           15
 **********
 PARAMETER   15  IS CONSTANT.   IGNORED.
 **********
 **   23 **FIX           16
 **********
 **********
 **   24 **MIGRAD
 **********
 START MIGRAD MINIMIZATION.  STRATEGY  1.  CONVERGENCE WHEN EDM .LT. 1.00e-04
 FCN=7971.13 FROM MIGRAD    STATUS=INITIATE      957 CALLS        1853 TOTAL
                     EDM= unknown      STRATEGY= 1      NO ERROR MATRIX       
  EXT PARAMETER               CURRENT GUESS       STEP         FIRST   
  NO.   NAME      VALUE            ERROR          SIZE      DERIVATIVE 
   1  N0           3.22473e+06   8.71683e+02   0.00000e+00  -3.57749e-06
   2  tau          6.44123e+01   constant   
   3  A0           3.32930e-01   4.24705e-04   0.00000e+00   7.76042e+00
   4  phi          4.11247e+00   5.50478e-04   0.00000e+00   1.21363e+00
   5  R           -6.08488e+01   constant   
   6  alpha_CBO    0.00000e+00   1.00000e-03   0.00000e+00  -2.99791e+03
   7  w_CBO        2.32643e+00   constant   
   8  beta_CBO     0.00000e+00     fixed    
   9  alpha_2CBO   0.00000e+00     fixed    
  10  beta_2CBO    0.00000e+00   1.00000e-03   0.00000e+00  -4.45240e+05
  11  alpha_y      0.00000e+00     fixed    
  12  w_y          1.38965e+01   constant   
  13  beta_y       0.00000e+00   1.00000e-03   0.00000e+00  -8.23483e+05
  14  alpha_vw     0.00000e+00     fixed    
  15  w_vw         1.43195e+01   constant   
  16  beta_vw      0.00000e+00     fixed    
  17  LM           3.50291e-04   constant   
  18  zeta_y       0.00000e+00   constant   
  19  zeta_vw      0.00000e+00   constant   
  20  T_CBO        1.00000e+02   5.20646e+02   0.00000e+00   0.00000e+00
  21  alpha_A0    -6.22554e-02   1.07495e-03   0.00000e+00  -1.27692e+00
  22  beta_A0      9.04251e-02   1.44134e-03   0.00000e+00   3.94123e-01
  23  alpha_phi   -9.90135e-02   1.67452e-03   0.00000e+00  -1.73180e+00
  24  beta_phi    -6.61473e-02   1.36321e-03   0.00000e+00  -9.37650e-01
  25  alpha_xy    -3.45551e-04   9.73362e-05   0.00000e+00  -4.55006e-01
  26  w_xy         1.20754e+01   constant   
  27  beta_xy      1.35328e-04   9.61698e-05   0.00000e+00   3.50795e+00
 MIGRAD MINIMIZATION HAS CONVERGED.
 FCN=5451.39 FROM MIGRAD    STATUS=CONVERGED    1406 CALLS        2302 TOTAL
                     EDM=2.00588e-06    STRATEGY= 1  ERROR MATRIX UNCERTAINTY   1.4 per cent
  EXT PARAMETER                                   STEP         FIRST   
  NO.   NAME      VALUE            ERROR          SIZE      DERIVATIVE 
   1  N0           3.26010e+06   1.89788e+03  -6.84436e+00  -3.27925e-06
   2  tau          6.44123e+01   constant   
   3  A0           3.16224e-01   8.28691e-04   1.85152e-06   3.88381e+00
   4  phi          4.09148e+00   1.16559e-03  -1.94735e-06  -3.27339e+00
   5  R           -6.08488e+01   constant   
   6  alpha_CBO    3.68495e-03   1.98435e-04  -1.24234e-07   3.76939e+00
   7  w_CBO        2.32643e+00   constant   
   8  beta_CBO     0.00000e+00     fixed    
   9  alpha_2CBO   0.00000e+00     fixed    
  10  beta_2CBO    3.66194e-03   1.42413e-04   6.04999e-07   1.34200e+00
  11  alpha_y      0.00000e+00     fixed    
  12  w_y          1.38965e+01   constant   
  13  beta_y       4.28101e-03   1.01356e-04  -3.02068e-08   9.64700e+00
  14  alpha_vw     0.00000e+00     fixed    
  15  w_vw         1.43195e+01   constant   
  16  beta_vw      0.00000e+00     fixed    
  17  LM           3.50291e-04   constant   
  18  zeta_y       0.00000e+00   constant   
  19  zeta_vw      0.00000e+00   constant   
  20  T_CBO        1.00000e+02   5.20646e+02  -0.00000e+00   0.00000e+00
  21  alpha_A0    -1.05422e-01   2.23710e-03   5.84526e-06   1.80886e+00
  22  beta_A0      1.47901e-01   3.24358e-03  -6.94068e-06  -7.72902e-01
  23  alpha_phi   -1.69978e-01   4.05321e-03   1.14866e-05  -3.54711e+00
  24  beta_phi    -1.31817e-01   3.51522e-03   5.74191e-06   7.66462e-01
  25  alpha_xy    -9.10284e-04   9.96332e-05   3.14969e-07   4.41853e+00
  26  w_xy         1.20754e+01   constant   
  27  beta_xy     -1.07837e-03   1.00788e-04   1.13144e-07  -6.76503e+00
 EXTERNAL ERROR MATRIX.    NDIM=  28    NPAR= 13    ERR DEF=1
 ELEMENTS ABOVE DIAGONAL ARE NOT PRINTED.
  3.602e+06 
 -1.554e+00  6.867e-07 
 -1.867e+00  8.086e-07  1.359e-06 
  2.936e-01 -1.299e-07 -1.985e-07  3.938e-08 
  1.673e-01 -7.503e-08 -8.902e-08  1.595e-08  2.028e-08 
  2.173e-02 -8.631e-09 -9.589e-09  7.882e-10  2.637e-11  1.027e-08 
  0.000e+00  0.000e+00  0.000e+00  0.000e+00  0.000e+00  0.000e+00  1.800e+05 
 -4.125e+00  1.801e-06  2.345e-06 -3.635e-07 -1.845e-07 -2.567e-08  0.000e+00  5.005e-06 
  6.081e+00 -2.667e-06 -3.123e-06  4.976e-07  2.846e-07  3.582e-08  0.000e+00 -7.016e-06  1.052e-05 
 -7.580e+00  3.321e-06  3.809e-06 -6.123e-07 -3.724e-07 -4.189e-08  0.000e+00  8.660e-06 -1.294e-05  1.643e-05 
 -6.544e+00  2.854e-06  3.618e-06 -5.684e-07 -3.263e-07 -3.491e-08  0.000e+00  7.639e-06 -1.113e-05  1.380e-05  1.236e-05 
 -8.301e-03  2.794e-09  4.387e-09 -2.788e-12  4.422e-10 -1.505e-09  0.000e+00  1.119e-08 -1.292e-08  1.313e-08  1.194e-08 
 -8.301e-03  2.794e-09  4.387e-09 -2.788e-12  4.422e-10 -1.505e-09  0.000e+00  1.119e-08 -1.292e-08  1.313e-08  1.194e-08  9.927e-09 
 -7.759e-03  2.940e-09 -4.118e-09  8.345e-10  3.838e-10 -3.117e-09  0.000e+00  5.674e-09 -1.349e-08  1.792e-08  5.065e-09 
 -7.759e-03  2.940e-09 -4.118e-09  8.345e-10  3.838e-10 -3.117e-09  0.000e+00  5.674e-09 -1.349e-08  1.792e-08  5.065e-09  6.963e-10  1.016e-08 
 PARAMETER  CORRELATION COEFFICIENTS  
       NO.  GLOBAL      1      3      4      6     10     13     20     21     22     23     24     25     27
        1  0.99338   1.000 -0.988 -0.844  0.780  0.619  0.113  0.000 -0.972  0.988 -0.985 -0.981 -0.044 -0.041
        3  0.99601  -0.988  1.000  0.837 -0.790 -0.636 -0.103  0.000  0.972 -0.992  0.989  0.980  0.034  0.035
        4  0.94995  -0.844  0.837  1.000 -0.858 -0.536 -0.081  0.000  0.899 -0.826  0.806  0.883  0.038 -0.035
        6  0.87594   0.780 -0.790 -0.858  1.000  0.564  0.039  0.000 -0.819  0.773 -0.761 -0.815 -0.000  0.042
       10  0.72871   0.619 -0.636 -0.536  0.564  1.000  0.002  0.000 -0.579  0.616 -0.645 -0.652  0.031  0.027
       13  0.35581   0.113 -0.103 -0.081  0.039  0.002  1.000  0.000 -0.113  0.109 -0.102 -0.098 -0.149 -0.305
       20  0.00000   0.000  0.000  0.000  0.000  0.000  0.000  1.000  0.000  0.000  0.000  0.000  0.000  0.000
       21  0.98652  -0.972  0.972  0.899 -0.819 -0.579 -0.113  0.000  1.000 -0.967  0.955  0.971  0.050  0.025
       22  0.99393   0.988 -0.992 -0.826  0.773  0.616  0.109  0.000 -0.967  1.000 -0.984 -0.976 -0.040 -0.041
       23  0.99204  -0.985  0.989  0.806 -0.761 -0.645 -0.102  0.000  0.955 -0.984  1.000  0.969  0.033  0.044
       24  0.98950  -0.981  0.980  0.883 -0.815 -0.652 -0.098  0.000  0.971 -0.976  0.969  1.000  0.034  0.014
       25  0.18358  -0.044  0.034  0.038 -0.000  0.031 -0.149  0.000  0.050 -0.040  0.033  0.034  1.000  0.069
       27  0.33626  -0.041  0.035 -0.035  0.042  0.027 -0.305  0.000  0.025 -0.041  0.044  0.014  0.069  1.000
MINUIT - FIT ONLY 2-CBO
 **********
 **   25 **RES 
 **********
                   PARAMETER   16  beta_vw RESTORED TO VARIABLE.
                   PARAMETER   14  alpha_vw RESTORED TO VARIABLE.
                   PARAMETER   11  alpha_y RESTORED TO VARIABLE.
                   PARAMETER    9  alpha_2CBO RESTORED TO VARIABLE.
                   PARAMETER    8  beta_CBO RESTORED TO VARIABLE.
 **********
 **   26 **FIX            0
 **********
 PARAMETER    0  IS UNDEFINED. IGNORED.
 **********
 **   27 **FIX            1
 **********
 **********
 **   28 **FIX            2
 **********
 PARAMETER    2  IS CONSTANT.   IGNORED.
 **********
 **   29 **FIX            3
 **********
 **********
 **   30 **FIX            4
 **********
 **********
 **   31 **FIX            5
 **********
 PARAMETER    5  IS CONSTANT.   IGNORED.
 **********
 **   32 **FIX            6
 **********
 **********
 **   33 **FIX            7
 **********
 PARAMETER    7  IS CONSTANT.   IGNORED.
 **********
 **   34 **FIX           10
 **********
 **********
 **   35 **FIX           11
 **********
 **********
 **   36 **FIX           12
 **********
 PARAMETER   12  IS CONSTANT.   IGNORED.
 **********
 **   37 **FIX           13
 **********
 **********
 **   38 **FIX           14
 **********
 **********
 **   39 **FIX           15
 **********
 PARAMETER   15  IS CONSTANT.   IGNORED.
 **********
 **   40 **FIX           16
 **********
 **********
 **   41 **MIGRAD
 **********
 START MIGRAD MINIMIZATION.  STRATEGY  1.  CONVERGENCE WHEN EDM .LT. 1.00e-04
 FCN=5451.39 FROM MIGRAD    STATUS=INITIATE      515 CALLS        2817 TOTAL
                     EDM= unknown      STRATEGY= 1      NO ERROR MATRIX       
  EXT PARAMETER               CURRENT GUESS       STEP         FIRST   
  NO.   NAME      VALUE            ERROR          SIZE      DERIVATIVE 
   1  N0           3.26010e+06     fixed    
   2  tau          6.44123e+01   constant   
   3  A0           3.16224e-01     fixed    
   4  phi          4.09148e+00     fixed    
   5  R           -6.08488e+01   constant   
   6  alpha_CBO    3.68495e-03     fixed    
   7  w_CBO        2.32643e+00   constant   
   8  beta_CBO     0.00000e+00   1.00000e-03   0.00000e+00  -2.13448e+05
   9  alpha_2CBO   0.00000e+00   1.00000e-03   0.00000e+00  -1.81106e+04
  10  beta_2CBO    3.66194e-03     fixed    
  11  alpha_y      0.00000e+00     fixed    
  12  w_y          1.38965e+01   constant   
  13  beta_y       4.28101e-03     fixed    
  14  alpha_vw     0.00000e+00     fixed    
  15  w_vw         1.43195e+01   constant   
  16  beta_vw      0.00000e+00     fixed    
  17  LM           3.50291e-04   constant   
  18  zeta_y       0.00000e+00   constant   
  19  zeta_vw      0.00000e+00   constant   
  20  T_CBO        1.00000e+02   5.20646e+02   0.00000e+00   0.00000e+00
  21  alpha_A0    -1.05422e-01   2.23710e-03   0.00000e+00   1.80885e+00
  22  beta_A0      1.47901e-01   3.24358e-03   0.00000e+00  -7.72896e-01
  23  alpha_phi   -1.69978e-01   4.05321e-03   0.00000e+00  -3.54710e+00
  24  beta_phi    -1.31817e-01   3.51522e-03   0.00000e+00   7.66453e-01
  25  alpha_xy    -9.10284e-04   9.96332e-05   0.00000e+00   4.41852e+00
  26  w_xy         1.20754e+01   constant   
  27  beta_xy     -1.07837e-03   1.00788e-04   0.00000e+00  -6.76503e+00
 MIGRAD MINIMIZATION HAS CONVERGED.
 MIGRAD WILL VERIFY CONVERGENCE AND ERROR MATRIX.
  MNHESS FAILS AND WILL RETURN DIAGONAL MATRIX. 
 FCN=5344.9 FROM MIGRAD    STATUS=CONVERGED     621 CALLS        2923 TOTAL
                     EDM=1.78929e-06    STRATEGY= 1  ERROR MATRIX UNCERTAINTY 100.0 per cent
  EXT PARAMETER                APPROXIMATE        STEP         FIRST   
  NO.   NAME      VALUE            ERROR          SIZE      DERIVATIVE 
   1  N0           3.26010e+06     fixed    
   2  tau          6.44123e+01   constant   
   3  A0           3.16224e-01     fixed    
   4  phi          4.09148e+00     fixed    
   5  R           -6.08488e+01   constant   
   6  alpha_CBO    3.68495e-03     fixed    
   7  w_CBO        2.32643e+00   constant   
   8  beta_CBO     9.93767e-04   9.52107e-05   3.39912e-06   2.57087e+00
   9  alpha_2CBO   4.89495e-05   9.36818e-05   3.34453e-06  -4.74109e+00
  10  beta_2CBO    3.66194e-03     fixed    
  11  alpha_y      0.00000e+00     fixed    
  12  w_y          1.38965e+01   constant   
  13  beta_y       4.28101e-03     fixed    
  14  alpha_vw     0.00000e+00     fixed    
  15  w_vw         1.43195e+01   constant   
  16  beta_vw      0.00000e+00     fixed    
  17  LM           3.50291e-04   constant   
  18  zeta_y       0.00000e+00   constant   
  19  zeta_vw      0.00000e+00   constant   
  20  T_CBO        1.00000e+02   7.59439e+02  -0.00000e+00   0.00000e+00
  21  alpha_A0    -1.05664e-01   3.67134e-04   4.03961e-07  -4.95801e+00
  22  beta_A0      1.47820e-01   3.66601e-04  -1.05581e-06  -7.18854e-01
  23  alpha_phi   -1.70057e-01   5.23233e-04  -1.88159e-06   1.24727e+00
  24  beta_phi    -1.32565e-01   5.15392e-04   9.29272e-07   1.96690e+00
  25  alpha_xy    -9.34656e-04   9.67678e-05  -2.64364e-08   6.08903e-01
  26  w_xy         1.20754e+01   constant   
  27  beta_xy     -1.09798e-03   9.50595e-05   2.50791e-07  -1.01195e+01
 EXTERNAL ERROR MATRIX.    NDIM=  28    NPAR=  9    ERR DEF=1
  9.065e-09  0.000e+00  0.000e+00  0.000e+00  0.000e+00  0.000e+00  0.000e+00  0.000e+00  0.000e+00 
  0.000e+00  8.776e-09  0.000e+00  0.000e+00  0.000e+00  0.000e+00  0.000e+00  0.000e+00  0.000e+00 
  0.000e+00  0.000e+00  5.421e+05  0.000e+00  0.000e+00  0.000e+00  0.000e+00  0.000e+00  0.000e+00 
  0.000e+00  0.000e+00  0.000e+00  1.348e-07  0.000e+00  0.000e+00  0.000e+00  0.000e+00  0.000e+00 
  0.000e+00  0.000e+00  0.000e+00  0.000e+00  1.344e-07  0.000e+00  0.000e+00  0.000e+00  0.000e+00 
  0.000e+00  0.000e+00  0.000e+00  0.000e+00  0.000e+00  2.738e-07  0.000e+00  0.000e+00  0.000e+00 
  0.000e+00  0.000e+00  0.000e+00  0.000e+00  0.000e+00  0.000e+00  2.656e-07  0.000e+00  0.000e+00 
  0.000e+00  0.000e+00  0.000e+00  0.000e+00  0.000e+00  0.000e+00  0.000e+00  9.364e-09  0.000e+00 
  0.000e+00  0.000e+00  0.000e+00  0.000e+00  0.000e+00  0.000e+00  0.000e+00  0.000e+00  9.036e-09 
ERR MATRIX APPROXIMATE
 PARAMETER  CORRELATION COEFFICIENTS  
       NO.  GLOBAL      8      9     20     21     22     23     24     25     27
        8  0.00000   1.000  0.000  0.000  0.000  0.000  0.000  0.000  0.000  0.000
        9  0.00000   0.000  1.000  0.000  0.000  0.000  0.000  0.000  0.000  0.000
       20  0.00000   0.000  0.000  1.000  0.000  0.000  0.000  0.000  0.000  0.000
       21  0.00000   0.000  0.000  0.000  1.000  0.000  0.000  0.000  0.000  0.000
       22  0.00000   0.000  0.000  0.000  0.000  1.000  0.000  0.000  0.000  0.000
       23  0.00000   0.000  0.000  0.000  0.000  0.000  1.000  0.000  0.000  0.000
       24  0.00000   0.000  0.000  0.000  0.000  0.000  0.000  1.000  0.000  0.000
       25  0.00000   0.000  0.000  0.000  0.000  0.000  0.000  0.000  1.000  0.000
       27  0.00000   0.000  0.000  0.000  0.000  0.000  0.000  0.000  0.000  1.000
 ERR MATRIX APPROXIMATE
MINUIT - FIT wiggle + 1-CBO + 2-CBO
 **********
 **   42 **RES 
 **********
                   PARAMETER   16  beta_vw RESTORED TO VARIABLE.
                   PARAMETER   14  alpha_vw RESTORED TO VARIABLE.
                   PARAMETER   13  beta_y RESTORED TO VARIABLE.
                   PARAMETER   11  alpha_y RESTORED TO VARIABLE.
                   PARAMETER   10  beta_2CBO RESTORED TO VARIABLE.
                   PARAMETER    6  alpha_CBO RESTORED TO VARIABLE.
                   PARAMETER    4  phi RESTORED TO VARIABLE.
                   PARAMETER    3  A0 RESTORED TO VARIABLE.
                   PARAMETER    1  N0 RESTORED TO VARIABLE.
 **********
 **   43 **FIX           10
 **********
 **********
 **   44 **FIX           11
 **********
 **********
 **   45 **FIX           12
 **********
 PARAMETER   12  IS CONSTANT.   IGNORED.
 **********
 **   46 **FIX           13
 **********
 **********
 **   47 **FIX           14
 **********
 **********
 **   48 **FIX           15
 **********
 PARAMETER   15  IS CONSTANT.   IGNORED.
 **********
 **   49 **FIX           16
 **********
 **********
 **   50 **MIGRAD
 **********
 START MIGRAD MINIMIZATION.  STRATEGY  1.  CONVERGENCE WHEN EDM .LT. 1.00e-04
 FCN=5344.9 FROM MIGRAD    STATUS=INITIATE      951 CALLS        3874 TOTAL
                     EDM= unknown      STRATEGY= 1      NO ERROR MATRIX       
  EXT PARAMETER               CURRENT GUESS       STEP         FIRST   
  NO.   NAME      VALUE            ERROR          SIZE      DERIVATIVE 
   1  N0           3.26010e+06   1.89788e+03   0.00000e+00  -1.48963e-02
   2  tau          6.44123e+01   constant   
   3  A0           3.16224e-01   8.28691e-04   0.00000e+00  -6.39546e+04
   4  phi          4.09148e+00   1.16559e-03   0.00000e+00   2.15769e+04
   5  R           -6.08488e+01   constant   
   6  alpha_CBO    3.68495e-03   1.98435e-04   0.00000e+00   1.55976e+04
   7  w_CBO        2.32643e+00   constant   
   8  beta_CBO     9.93767e-04   9.52107e-05   0.00000e+00   2.57087e+00
   9  alpha_2CBO   4.89495e-05   9.36818e-05   0.00000e+00  -4.74110e+00
  10  beta_2CBO    3.66194e-03     fixed    
  11  alpha_y      0.00000e+00     fixed    
  12  w_y          1.38965e+01   constant   
  13  beta_y       4.28101e-03     fixed    
  14  alpha_vw     0.00000e+00     fixed    
  15  w_vw         1.43195e+01   constant   
  16  beta_vw      0.00000e+00     fixed    
  17  LM           3.50291e-04   constant   
  18  zeta_y       0.00000e+00   constant   
  19  zeta_vw      0.00000e+00   constant   
  20  T_CBO        1.00000e+02   7.59439e+02   0.00000e+00   0.00000e+00
  21  alpha_A0    -1.05664e-01   3.67134e-04   0.00000e+00  -4.95801e+00
  22  beta_A0      1.47820e-01   3.66601e-04   0.00000e+00  -7.18858e-01
  23  alpha_phi   -1.70057e-01   5.23233e-04   0.00000e+00   1.24726e+00
  24  beta_phi    -1.32565e-01   5.15392e-04   0.00000e+00   1.96689e+00
  25  alpha_xy    -9.34656e-04   9.67678e-05   0.00000e+00   6.08896e-01
  26  w_xy         1.20754e+01   constant   
  27  beta_xy     -1.09798e-03   9.50595e-05   0.00000e+00  -1.01195e+01
 MIGRAD MINIMIZATION HAS CONVERGED.
 MIGRAD WILL VERIFY CONVERGENCE AND ERROR MATRIX.
  MNHESS FAILS AND WILL RETURN DIAGONAL MATRIX. 
 FCN=5015.07 FROM MIGRAD    STATUS=CONVERGED    1305 CALLS        4228 TOTAL
                     EDM=3.66845e-06    STRATEGY= 1  ERROR MATRIX UNCERTAINTY 100.0 per cent
  EXT PARAMETER                APPROXIMATE        STEP         FIRST   
  NO.   NAME      VALUE            ERROR          SIZE      DERIVATIVE 
   1  N0           3.25677e+06   2.20763e+02   7.62891e+00   6.48432e-06
   2  tau          6.44123e+01   constant   
   3  A0           3.20337e-01   7.75993e-05   2.68356e-06   3.15111e+00
   4  phi          4.06903e+00   3.56044e-04   1.23127e-05   1.82190e-01
   5  R           -6.08488e+01   constant   
   6  alpha_CBO    5.62724e-03   9.65036e-05   3.33730e-06   3.70951e+00
   7  w_CBO        2.32643e+00   constant   
   8  beta_CBO     4.28310e-03   9.52913e-05   3.29538e-06  -1.04057e+01
   9  alpha_2CBO  -2.09255e-03   9.36609e-05   3.23899e-06  -4.25761e+00
  10  beta_2CBO    3.66194e-03     fixed    
  11  alpha_y      0.00000e+00     fixed    
  12  w_y          1.38965e+01   constant   
  13  beta_y       4.28101e-03     fixed    
  14  alpha_vw     0.00000e+00     fixed    
  15  w_vw         1.43195e+01   constant   
  16  beta_vw      0.00000e+00     fixed    
  17  LM           3.50291e-04   constant   
  18  zeta_y       0.00000e+00   constant   
  19  zeta_vw      0.00000e+00   constant   
  20  T_CBO        1.00000e+02   9.44762e+02  -0.00000e+00   0.00000e+00
  21  alpha_A0    -1.11923e-01   3.66734e-04  -4.92117e-06   1.20327e+00
  22  beta_A0      1.35427e-01   3.63271e-04   7.14711e-06  -9.69202e-01
  23  alpha_phi   -1.43706e-01   5.06730e-04  -2.94882e-06   1.75973e+00
  24  beta_phi    -1.42662e-01   5.00375e-04  -9.24059e-06   1.20118e-01
  25  alpha_xy    -1.13357e-03   9.67448e-05  -5.25861e-08   1.01477e+01
  26  w_xy         1.20754e+01   constant   
  27  beta_xy     -7.02563e-04   9.50413e-05  -6.80040e-07  -1.15927e+01
 EXTERNAL ERROR MATRIX.    NDIM=  28    NPAR= 13    ERR DEF=1
 ELEMENTS ABOVE DIAGONAL ARE NOT PRINTED.
  4.874e+04 
  0.000e+00  6.022e-09 
  0.000e+00  0.000e+00  1.268e-07 
  0.000e+00  0.000e+00  0.000e+00  9.313e-09 
  0.000e+00  0.000e+00  0.000e+00  0.000e+00  9.080e-09 
  0.000e+00  0.000e+00  0.000e+00  0.000e+00  0.000e+00  8.772e-09 
  0.000e+00  0.000e+00  0.000e+00  0.000e+00  0.000e+00  0.000e+00  1.153e+06 
  0.000e+00  0.000e+00  0.000e+00  0.000e+00  0.000e+00  0.000e+00  0.000e+00  1.345e-07 
  0.000e+00  0.000e+00  0.000e+00  0.000e+00  0.000e+00  0.000e+00  0.000e+00  0.000e+00  1.320e-07 
  0.000e+00  0.000e+00  0.000e+00  0.000e+00  0.000e+00  0.000e+00  0.000e+00  0.000e+00  0.000e+00  2.568e-07 
  0.000e+00  0.000e+00  0.000e+00  0.000e+00  0.000e+00  0.000e+00  0.000e+00  0.000e+00  0.000e+00  0.000e+00  2.504e-07 
  0.000e+00  0.000e+00  0.000e+00  0.000e+00  0.000e+00  0.000e+00  0.000e+00  0.000e+00  0.000e+00  0.000e+00  0.000e+00 
  0.000e+00  0.000e+00  0.000e+00  0.000e+00  0.000e+00  0.000e+00  0.000e+00  0.000e+00  0.000e+00  0.000e+00  0.000e+00  9.360e-09 
  0.000e+00  0.000e+00  0.000e+00  0.000e+00  0.000e+00  0.000e+00  0.000e+00  0.000e+00  0.000e+00  0.000e+00  0.000e+00 
  0.000e+00  0.000e+00  0.000e+00  0.000e+00  0.000e+00  0.000e+00  0.000e+00  0.000e+00  0.000e+00  0.000e+00  0.000e+00  0.000e+00  9.033e-09 
ERR MATRIX APPROXIMATE
 PARAMETER  CORRELATION COEFFICIENTS  
       NO.  GLOBAL      1      3      4      6      8      9     20     21     22     23     24     25     27
        1  0.00000   1.000  0.000  0.000  0.000  0.000  0.000  0.000  0.000  0.000  0.000  0.000  0.000  0.000
        3  0.00000   0.000  1.000  0.000  0.000  0.000  0.000  0.000  0.000  0.000  0.000  0.000  0.000  0.000
        4  0.00000   0.000  0.000  1.000  0.000  0.000  0.000  0.000  0.000  0.000  0.000  0.000  0.000  0.000
        6  0.00000   0.000  0.000  0.000  1.000  0.000  0.000  0.000  0.000  0.000  0.000  0.000  0.000  0.000
        8  0.00000   0.000  0.000  0.000  0.000  1.000  0.000  0.000  0.000  0.000  0.000  0.000  0.000  0.000
        9  0.00000   0.000  0.000  0.000  0.000  0.000  1.000  0.000  0.000  0.000  0.000  0.000  0.000  0.000
       20  0.00000   0.000  0.000  0.000  0.000  0.000  0.000  1.000  0.000  0.000  0.000  0.000  0.000  0.000
       21  0.00000   0.000  0.000  0.000  0.000  0.000  0.000  0.000  1.000  0.000  0.000  0.000  0.000  0.000
       22  0.00000   0.000  0.000  0.000  0.000  0.000  0.000  0.000  0.000  1.000  0.000  0.000  0.000  0.000
       23  0.00000   0.000  0.000  0.000  0.000  0.000  0.000  0.000  0.000  0.000  1.000  0.000  0.000  0.000
       24  0.00000   0.000  0.000  0.000  0.000  0.000  0.000  0.000  0.000  0.000  0.000  1.000  0.000  0.000
       25  0.00000   0.000  0.000  0.000  0.000  0.000  0.000  0.000  0.000  0.000  0.000  0.000  1.000  0.000
       27  0.00000   0.000  0.000  0.000  0.000  0.000  0.000  0.000  0.000  0.000  0.000  0.000  0.000  1.000
 ERR MATRIX APPROXIMATE
MINUIT - FIT ONLY 1-y
 **********
 **   51 **RES 
 **********
                   PARAMETER   16  beta_vw RESTORED TO VARIABLE.
                   PARAMETER   14  alpha_vw RESTORED TO VARIABLE.
                   PARAMETER   13  beta_y RESTORED TO VARIABLE.
                   PARAMETER   11  alpha_y RESTORED TO VARIABLE.
                   PARAMETER   10  beta_2CBO RESTORED TO VARIABLE.
 **********
 **   52 **FIX            0
 **********
 PARAMETER    0  IS UNDEFINED. IGNORED.
 **********
 **   53 **FIX            1
 **********
 **********
 **   54 **FIX            2
 **********
 PARAMETER    2  IS CONSTANT.   IGNORED.
 **********
 **   55 **FIX            3
 **********
 **********
 **   56 **FIX            4
 **********
 **********
 **   57 **FIX            5
 **********
 PARAMETER    5  IS CONSTANT.   IGNORED.
 **********
 **   58 **FIX            6
 **********
 **********
 **   59 **FIX            7
 **********
 PARAMETER    7  IS CONSTANT.   IGNORED.
 **********
 **   60 **FIX            8
 **********
 **********
 **   61 **FIX            9
 **********
 **********
 **   62 **FIX           13
 **********
 **********
 **   63 **FIX           14
 **********
 **********
 **   64 **FIX           15
 **********
 PARAMETER   15  IS CONSTANT.   IGNORED.
 **********
 **   65 **FIX           16
 **********
 **********
 **   66 **MIGRAD
 **********
 START MIGRAD MINIMIZATION.  STRATEGY  1.  CONVERGENCE WHEN EDM .LT. 1.00e-04
 FCN=5015.07 FROM MIGRAD    STATUS=INITIATE      513 CALLS        4741 TOTAL
                     EDM= unknown      STRATEGY= 1      NO ERROR MATRIX       
  EXT PARAMETER               CURRENT GUESS       STEP         FIRST   
  NO.   NAME      VALUE            ERROR          SIZE      DERIVATIVE 
   1  N0           3.25677e+06     fixed    
   2  tau          6.44123e+01   constant   
   3  A0           3.20337e-01     fixed    
   4  phi          4.06903e+00     fixed    
   5  R           -6.08488e+01   constant   
   6  alpha_CBO    5.62724e-03     fixed    
   7  w_CBO        2.32643e+00   constant   
   8  beta_CBO     4.28310e-03     fixed    
   9  alpha_2CBO  -2.09255e-03     fixed    
  10  beta_2CBO    3.66194e-03   1.42413e-04   0.00000e+00   1.50214e+05
  11  alpha_y      0.00000e+00   1.00000e-03   0.00000e+00   6.73913e+05
  12  w_y          1.38965e+01   constant   
  13  beta_y       4.28101e-03     fixed    
  14  alpha_vw     0.00000e+00     fixed    
  15  w_vw         1.43195e+01   constant   
  16  beta_vw      0.00000e+00     fixed    
  17  LM           3.50291e-04   constant   
  18  zeta_y       0.00000e+00   constant   
  19  zeta_vw      0.00000e+00   constant   
  20  T_CBO        1.00000e+02   9.44762e+02   0.00000e+00   0.00000e+00
  21  alpha_A0    -1.11923e-01   3.66734e-04   0.00000e+00   1.20327e+00
  22  beta_A0      1.35427e-01   3.63271e-04   0.00000e+00  -9.69203e-01
  23  alpha_phi   -1.43706e-01   5.06730e-04   0.00000e+00   1.75973e+00
  24  beta_phi    -1.42662e-01   5.00375e-04   0.00000e+00   1.20120e-01
  25  alpha_xy    -1.13357e-03   9.67448e-05   0.00000e+00   1.01477e+01
  26  w_xy         1.20754e+01   constant   
  27  beta_xy     -7.02563e-04   9.50413e-05   0.00000e+00  -1.15927e+01
 MIGRAD MINIMIZATION HAS CONVERGED.
 FCN=3792 FROM MIGRAD    STATUS=CONVERGED     630 CALLS        4858 TOTAL
                     EDM=1.22371e-07    STRATEGY= 1  ERROR MATRIX UNCERTAINTY   1.6 per cent
  EXT PARAMETER                                   STEP         FIRST   
  NO.   NAME      VALUE            ERROR          SIZE      DERIVATIVE 
   1  N0           3.25677e+06     fixed    
   2  tau          6.44123e+01   constant   
   3  A0           3.20337e-01     fixed    
   4  phi          4.06903e+00     fixed    
   5  R           -6.08488e+01   constant   
   6  alpha_CBO    5.62724e-03     fixed    
   7  w_CBO        2.32643e+00   constant   
   8  beta_CBO     4.28310e-03     fixed    
   9  alpha_2CBO  -2.09255e-03     fixed    
  10  beta_2CBO    3.03017e-03   1.09057e-04  -1.16086e-07  -3.96156e-01
  11  alpha_y     -3.48889e-03   1.02626e-04   1.05000e-07   1.95288e+00
  12  w_y          1.38965e+01   constant   
  13  beta_y       4.28101e-03     fixed    
  14  alpha_vw     0.00000e+00     fixed    
  15  w_vw         1.43195e+01   constant   
  16  beta_vw      0.00000e+00     fixed    
  17  LM           3.50291e-04   constant   
  18  zeta_y       0.00000e+00   constant   
  19  zeta_vw      0.00000e+00   constant   
  20  T_CBO        1.00000e+02   5.20646e+02  -0.00000e+00   0.00000e+00
  21  alpha_A0    -1.12448e-01   3.91177e-04   5.09871e-07   1.27662e+00
  22  beta_A0      1.35416e-01   3.59568e-04   1.56172e-06  -1.22510e-01
  23  alpha_phi   -1.42752e-01   5.26577e-04  -9.44577e-07   4.83935e-01
  24  beta_phi    -1.42550e-01   4.85381e-04   8.42362e-07   6.82419e-01
  25  alpha_xy    -9.59264e-05   1.02231e-04   2.64167e-08   3.20829e-01
  26  w_xy         1.20754e+01   constant   
  27  beta_xy     -1.10636e-03   9.53962e-05  -7.78174e-08  -1.26142e+00
 EXTERNAL ERROR MATRIX.    NDIM=  28    NPAR=  9    ERR DEF=1
  1.189e-08 -7.391e-10  0.000e+00  1.300e-08 -6.571e-09 -1.192e-08 -1.256e-08  8.563e-10  2.093e-10 
 -7.391e-10  1.053e-08  0.000e+00 -1.471e-09  1.554e-09 -4.004e-10  2.099e-09 -3.291e-09  1.095e-09 
  0.000e+00  0.000e+00  1.800e+05  0.000e+00  0.000e+00  0.000e+00  0.000e+00  0.000e+00  0.000e+00 
  1.300e-08 -1.471e-09  0.000e+00  1.530e-07 -1.334e-08 -1.832e-08 -1.624e-08  2.535e-09  3.425e-10 
 -6.571e-09  1.554e-09  0.000e+00 -1.334e-08  1.293e-07  8.368e-09 -9.044e-09 -1.498e-09 -1.096e-09 
 -1.192e-08 -4.004e-10  0.000e+00 -1.832e-08  8.368e-09  2.773e-07  1.529e-08 -2.258e-09  2.414e-10 
 -1.256e-08  2.099e-09  0.000e+00 -1.624e-08 -9.044e-09  1.529e-08  2.356e-07 -1.789e-09 -8.004e-10 
  8.563e-10 -3.291e-09  0.000e+00  2.535e-09 -1.498e-09 -2.258e-09 -1.789e-09  1.045e-08 -4.424e-11 
  2.093e-10  1.095e-09  0.000e+00  3.425e-10 -1.096e-09  2.414e-10 -8.004e-10 -4.424e-11  9.100e-09 
 PARAMETER  CORRELATION COEFFICIENTS  
       NO.  GLOBAL     10     11     20     21     22     23     24     25     27
       10  0.43685   1.000 -0.066  0.000  0.305 -0.168 -0.208 -0.237  0.077  0.020
       11  0.33895  -0.066  1.000  0.000 -0.037  0.042 -0.007  0.042 -0.314  0.112
       20  0.00000   0.000  0.000  1.000  0.000  0.000  0.000  0.000  0.000  0.000
       21  0.31176   0.305 -0.037  0.000  1.000 -0.095 -0.089 -0.086  0.063  0.009
       22  0.20451  -0.168  0.042  0.000 -0.095  1.000  0.044 -0.052 -0.041 -0.032
       23  0.21390  -0.208 -0.007  0.000 -0.089  0.044  1.000  0.060 -0.042  0.005
       24  0.25837  -0.237  0.042  0.000 -0.086 -0.052  0.060  1.000 -0.036 -0.017
       25  0.32426   0.077 -0.314  0.000  0.063 -0.041 -0.042 -0.036  1.000 -0.005
       27  0.12555   0.020  0.112  0.000  0.009 -0.032  0.005 -0.017 -0.005  1.000
MINUIT - FIT ONLY 2-y
 **********
 **   67 **RES 
 **********
                   PARAMETER   16  beta_vw RESTORED TO VARIABLE.
                   PARAMETER   14  alpha_vw RESTORED TO VARIABLE.
