 + ++++++++++++++++++++++++++++++++++++++++++++++++++++++++++++++++++++ +
 +                                                                      +
 +           You have chose to blind your fitting according to          +
 +                omega_ref * (1 + (R +/- deltaR) *10^{-6})             +
 +                                                                      +
 + ++++++++++++++++++++++++++++++++++++++++++++++++++++++++++++++++++++ +
In main()...
reading format from /gm2data/zkhechad/run45/envelope/formats/formatB_sBin_constraintOn.txt
pBinTau 	= 0  
pBinPhi 	= 0  
constraintau 	= 1 
includeMopTerm 	= 0    
constrainMop    = 0   
Parameters after format file: pBinTau 0 pBinPhi 0 constraintau 1 includeMopTerm 0 constrainMop 0 c_e_scale 0.000000 
Opening file /gm2data/tbarrett/gm2fr/studies/run23_bunch_corrections/CorrectedFourier_Run3b.root.
reading full fit data from /gm2data/zkhechad/cboTemplates/Run4CBOTemplates/templateFits0_v2.0/noRF/sBin_constraintOn_cE0.0_seed0_noRF_calo1.root
windowBins = 17
fitting sliding window 162 from bin 298 at 44.312400 to bin 315 at 46.998000 (17 bins)

Reading data from /gm2data/cornell/histograms/aMethod/histogram_a_noRF.root
 **********
 **    1 **SET PRINTOUT            1
 **********
 **********
 **    2 **SET NOWARNINGS 
 **********
 PARAMETER DEFINITIONS:
    NO.   NAME         VALUE      STEP SIZE      LIMITS
     1 N0           3.52746e+06  1.00000e+02     no limits
     2 tau          6.44358e+01  constant
     3 A0           3.54698e-01  1.00000e-04     no limits
     4 phi          4.12308e+00  1.00000e-02     no limits
     5 R           -6.05970e+01  constant
     6 alpha_CBO    0.00000e+00  1.00000e-03     no limits
     7 w_CBO        2.32500e+00  constant
     8 beta_CBO     0.00000e+00  1.00000e-03     no limits
     9 alpha_2CBO   0.00000e+00  1.00000e-03     no limits
    10 beta_2CBO    0.00000e+00  1.00000e-03     no limits
    11 alpha_y      0.00000e+00  1.00000e-03     no limits
    12 w_y          1.44500e+01  constant
    13 beta_y       0.00000e+00  1.00000e-03     no limits
    14 alpha_vw     0.00000e+00  1.00000e-03     no limits
    15 w_vw         1.29000e+01  constant
    16 beta_vw      0.00000e+00  1.00000e-03     no limits
    17 LM           1.14256e-03  constant
    18 zeta_y       0.00000e+00  constant
    19 zeta_vw      0.00000e+00  constant
    20 T_CBO        1.00000e+02  1.00000e+00    0.00000e+00  1.00000e+03
    21 alpha_A0     0.00000e+00  1.00000e-03     no limits
    22 beta_A0      0.00000e+00  1.00000e-03     no limits
    23 alpha_phi    0.00000e+00  1.00000e-03     no limits
    24 beta_phi     0.00000e+00  1.00000e-03     no limits
MINUIT - FIT ONLY WIGGLE
 **********
 **    3 **FIX            5
 **********
 PARAMETER    5  IS CONSTANT.   IGNORED.
 **********
 **    4 **FIX            6
 **********
 **********
 **    5 **FIX            7
 **********
 PARAMETER    7  IS CONSTANT.   IGNORED.
 **********
 **    6 **FIX            8
 **********
 **********
 **    7 **FIX            9
 **********
 **********
 **    8 **FIX           10
 **********
 **********
 **    9 **FIX           11
 **********
 **********
 **   10 **FIX           12
 **********
 PARAMETER   12  IS CONSTANT.   IGNORED.
 **********
 **   11 **FIX           13
 **********
 **********
 **   12 **FIX           14
 **********
 **********
 **   13 **FIX           15
 **********
 PARAMETER   15  IS CONSTANT.   IGNORED.
 **********
 **   14 **FIX           16
 **********
 **********
 **   15 **MIGRAD
 **********
 FIRST CALL TO USER FUNCTION AT NEW START POINT, WITH IFLAG=4.
 START MIGRAD MINIMIZATION.  STRATEGY  1.  CONVERGENCE WHEN EDM .LT. 1.00e-04
 FCN=2668.43 FROM MIGRAD    STATUS=INITIATE      429 CALLS         430 TOTAL
                     EDM= unknown      STRATEGY= 1      NO ERROR MATRIX       
  EXT PARAMETER               CURRENT GUESS       STEP         FIRST   
  NO.   NAME      VALUE            ERROR          SIZE      DERIVATIVE 
   1  N0           3.52746e+06   1.00000e+02   0.00000e+00   6.24944e-02
   2  tau          6.44358e+01   constant   
   3  A0           3.54698e-01   1.00000e-04   0.00000e+00   1.36232e+05
   4  phi          4.12308e+00   1.00000e-02   0.00000e+00  -1.30940e+05
   5  R           -6.05970e+01   constant   
   6  alpha_CBO    0.00000e+00     fixed    
   7  w_CBO        2.32500e+00   constant   
   8  beta_CBO     0.00000e+00     fixed    
   9  alpha_2CBO   0.00000e+00     fixed    
  10  beta_2CBO    0.00000e+00     fixed    
  11  alpha_y      0.00000e+00     fixed    
  12  w_y          1.44500e+01   constant   
  13  beta_y       0.00000e+00     fixed    
  14  alpha_vw     0.00000e+00     fixed    
  15  w_vw         1.29000e+01   constant   
  16  beta_vw      0.00000e+00     fixed    
  17  LM           1.14256e-03   constant   
  18  zeta_y       0.00000e+00   constant   
  19  zeta_vw      0.00000e+00   constant   
  20  T_CBO        1.00000e+02   1.00000e+00   0.00000e+00   0.00000e+00
  21  alpha_A0     0.00000e+00   1.00000e-03   0.00000e+00  -4.98177e+04
  22  beta_A0      0.00000e+00   1.00000e-03   0.00000e+00   5.02510e+04
  23  alpha_phi    0.00000e+00   1.00000e-03   0.00000e+00  -2.03305e+03
  24  beta_phi     0.00000e+00   1.00000e-03   0.00000e+00  -1.24714e+04
 CALL LIMIT EXCEEDED IN MIGRAD.
 MIGRAD TERMINATED WITHOUT CONVERGENCE.
 FCN=497.589 FROM MIGRAD    STATUS=CALL LIMIT   1326 CALLS        1327 TOTAL
                     EDM=0.00774623    STRATEGY= 1  ERROR MATRIX UNCERTAINTY  13.8 per cent
  EXT PARAMETER                APPROXIMATE        STEP         FIRST   
  NO.   NAME      VALUE            ERROR          SIZE      DERIVATIVE 
   1  N0           3.53875e+06   1.89543e+03   1.17024e+02   2.40791e-04
   2  tau          6.44358e+01   constant   
   3  A0           3.38861e-01   3.59272e-03  -2.37584e-07  -1.97654e+01
   4  phi          4.15379e+00   1.85562e-03  -1.33260e-04  -3.03380e+02
   5  R           -6.05970e+01   constant   
   6  alpha_CBO    0.00000e+00     fixed    
   7  w_CBO        2.32500e+00   constant   
   8  beta_CBO     0.00000e+00     fixed    
   9  alpha_2CBO   0.00000e+00     fixed    
  10  beta_2CBO    0.00000e+00     fixed    
  11  alpha_y      0.00000e+00     fixed    
  12  w_y          1.44500e+01   constant   
  13  beta_y       0.00000e+00     fixed    
  14  alpha_vw     0.00000e+00     fixed    
  15  w_vw         1.29000e+01   constant   
  16  beta_vw      0.00000e+00     fixed    
  17  LM           1.14256e-03   constant   
  18  zeta_y       0.00000e+00   constant   
  19  zeta_vw      0.00000e+00   constant   
  20  T_CBO        2.65076e+01   1.07004e+00  -1.30232e-04  -3.74857e+00
  21  alpha_A0    -2.51353e-01   1.06441e-01   3.20222e-04  -1.69745e+01
  22  beta_A0     -1.20611e-01   4.51251e-02  -9.84472e-04   3.91453e+01
  23  alpha_phi   -8.58710e-02   3.18233e-02  -9.12162e-04   2.50798e+01
  24  beta_phi     2.85759e-01   9.20011e-02  -2.56301e-04   8.48773e+00
 EXTERNAL ERROR MATRIX.    NDIM=  25    NPAR=  8    ERR DEF=1
  3.593e+06  3.739e+00 -1.305e+00  4.572e+02  1.139e+02  3.116e+01  1.547e+01 -1.001e+02 
  3.739e+00  1.291e-05  2.668e-07  3.173e-03  3.803e-04  1.552e-04  1.071e-04 -3.295e-04 
 -1.305e+00  2.668e-07  3.443e-06  2.572e-04 -5.741e-07  2.446e-05  1.682e-05 -2.345e-06 
  4.572e+02  3.173e-03  2.572e-04  1.145e+00  9.793e-02  4.257e-02  3.037e-02 -8.346e-02 
  1.139e+02  3.803e-04 -5.741e-07  9.793e-02  1.133e-02  4.566e-03  3.142e-03 -9.785e-03 
  3.116e+01  1.552e-04  2.446e-05  4.257e-02  4.566e-03  2.036e-03  1.410e-03 -3.957e-03 
  1.547e+01  1.071e-04  1.682e-05  3.037e-02  3.142e-03  1.410e-03  1.013e-03 -2.716e-03 
 -1.001e+02 -3.295e-04 -2.345e-06 -8.346e-02 -9.785e-03 -3.957e-03 -2.716e-03  8.464e-03 
ERR MATRIX APPROXIMATE
 PARAMETER  CORRELATION COEFFICIENTS  
       NO.  GLOBAL      1      3      4     20     21     22     23     24
        1  0.99986   1.000  0.549 -0.371  0.225  0.565  0.364  0.256 -0.574
        3  0.99977   0.549  1.000  0.040  0.825  0.994  0.957  0.937 -0.997
        4  0.99991  -0.371  0.040  1.000  0.130 -0.003  0.292  0.285 -0.014
       20  0.99037   0.225  0.825  0.130  1.000  0.860  0.882  0.892 -0.848
       21  0.99999   0.565  0.994 -0.003  0.860  1.000  0.951  0.928 -0.999
       22  0.99999   0.364  0.957  0.292  0.882  0.951  1.000  0.982 -0.953
       23  0.99996   0.256  0.937  0.285  0.892  0.928  0.982  1.000 -0.928
       24  0.99998  -0.574 -0.997 -0.014 -0.848 -0.999 -0.953 -0.928  1.000
 ERR MATRIX APPROXIMATE
MINUIT - FIT ONLY 1-CBO + wiggle
 **********
 **   16 **RES 
 **********
                   PARAMETER   16  beta_vw RESTORED TO VARIABLE.
                   PARAMETER   14  alpha_vw RESTORED TO VARIABLE.
                   PARAMETER   13  beta_y RESTORED TO VARIABLE.
                   PARAMETER   11  alpha_y RESTORED TO VARIABLE.
                   PARAMETER   10  beta_2CBO RESTORED TO VARIABLE.
                   PARAMETER    9  alpha_2CBO RESTORED TO VARIABLE.
                   PARAMETER    8  beta_CBO RESTORED TO VARIABLE.
                   PARAMETER    6  alpha_CBO RESTORED TO VARIABLE.
 **********
 **   17 **FIX            8
 **********
 **********
 **   18 **FIX            9
 **********
 **********
 **   19 **FIX           11
 **********
 **********
 **   20 **FIX           12
 **********
 PARAMETER   12  IS CONSTANT.   IGNORED.
 **********
 **   21 **FIX           14
 **********
 **********
 **   22 **FIX           15
 **********
 PARAMETER   15  IS CONSTANT.   IGNORED.
 **********
 **   23 **FIX           16
 **********
 **********
 **   24 **MIGRAD
 **********
 START MIGRAD MINIMIZATION.  STRATEGY  1.  CONVERGENCE WHEN EDM .LT. 1.00e-04
 FCN=497.589 FROM MIGRAD    STATUS=INITIATE       28 CALLS        1355 TOTAL
                     EDM= unknown      STRATEGY= 1      NO ERROR MATRIX       
  EXT PARAMETER               CURRENT GUESS       STEP         FIRST   
  NO.   NAME      VALUE            ERROR          SIZE      DERIVATIVE 
   1  N0           3.53875e+06   1.89543e+03   1.17024e+02   2.40791e-04
   2  tau          6.44358e+01   constant   
   3  A0           3.38861e-01   3.59272e-03  -2.37584e-07  -1.97654e+01
   4  phi          4.15379e+00   1.85562e-03  -1.33260e-04  -3.03380e+02
   5  R           -6.05970e+01   constant   
   6  alpha_CBO    0.00000e+00   1.00000e-03   1.00000e-03   1.50042e+02
   7  w_CBO        2.32500e+00   constant   
   8  beta_CBO     0.00000e+00     fixed    
   9  alpha_2CBO   0.00000e+00     fixed    
  10  beta_2CBO    0.00000e+00   1.00000e-03   1.00000e-03  -3.73661e+03
  11  alpha_y      0.00000e+00     fixed    
  12  w_y          1.44500e+01   constant   
  13  beta_y       0.00000e+00   1.00000e-03   1.00000e-03   2.65090e+05
  14  alpha_vw     0.00000e+00     fixed    
  15  w_vw         1.29000e+01   constant   
  16  beta_vw      0.00000e+00     fixed    
  17  LM           1.14256e-03   constant   
  18  zeta_y       0.00000e+00   constant   
  19  zeta_vw      0.00000e+00   constant   
  20  T_CBO        2.65076e+01   1.07004e+00  -1.30232e-04  -3.74856e+00
  21  alpha_A0    -2.51353e-01   1.06441e-01   3.20222e-04  -1.69745e+01
  22  beta_A0     -1.20611e-01   4.51251e-02  -9.84472e-04   3.91453e+01
  23  alpha_phi   -8.58710e-02   3.18233e-02  -9.12162e-04   2.50798e+01
  24  beta_phi     2.85759e-01   9.20011e-02  -2.56301e-04   8.48773e+00
 MIGRAD MINIMIZATION HAS CONVERGED.
 MIGRAD WILL VERIFY CONVERGENCE AND ERROR MATRIX.
 FCN=16.922 FROM HESSE     STATUS=NOT POSDEF    100 CALLS        1918 TOTAL
                     EDM=0.0005354    STRATEGY= 1      ERR MATRIX NOT POS-DEF
  EXT PARAMETER                APPROXIMATE        STEP         FIRST   
  NO.   NAME      VALUE            ERROR          SIZE      DERIVATIVE 
   1  N0           3.54586e+06   4.10130e+03   1.69080e+00  -2.27921e-06
   2  tau          6.44358e+01   constant   
   3  A0           3.39804e-01   2.02741e-03   2.95728e-07  -7.81580e+00
   4  phi          4.16657e+00   4.48805e-03   1.98678e-06   1.59103e+00
   5  R           -6.05970e+01   constant   
   6  alpha_CBO    4.05336e-03   1.68465e-03   3.36608e-07  -8.99892e+00
   7  w_CBO        2.32500e+00   constant   
   8  beta_CBO     0.00000e+00     fixed    
   9  alpha_2CBO   0.00000e+00     fixed    
  10  beta_2CBO   -2.88670e-04   6.51409e-04   3.42590e-07  -5.53458e+00
  11  alpha_y      0.00000e+00     fixed    
  12  w_y          1.44500e+01   constant   
  13  beta_y      -3.62562e-03   1.64263e-04   3.35782e-07  -4.89003e+00
  14  alpha_vw     0.00000e+00     fixed    
  15  w_vw         1.29000e+01   constant   
  16  beta_vw      0.00000e+00     fixed    
  17  LM           1.14256e-03   constant   
  18  zeta_y       0.00000e+00   constant   
  19  zeta_vw      0.00000e+00   constant   
  20  T_CBO        2.27610e+01   2.69130e+00   2.83133e-06  -2.41634e-01
  21  alpha_A0    -1.55209e-01   6.43439e-02   1.19723e-05   3.81527e-02
  22  beta_A0     -6.89374e-02   4.38935e-02   1.04888e-05   4.43890e-01
  23  alpha_phi   -9.03901e-02   3.99409e-02   7.92547e-06   1.68466e-01
  24  beta_phi     2.78629e-01   6.34583e-02   1.10198e-05   4.08432e-01
 MIGRAD MINIMIZATION HAS CONVERGED.
 MIGRAD WILL VERIFY CONVERGENCE AND ERROR MATRIX.
 MIGRAD TERMINATED WITHOUT CONVERGENCE.
 FCN=16.8626 FROM MIGRAD    STATUS=FAILED        962 CALLS        2289 TOTAL
                     EDM=0.000108168    STRATEGY= 1      ERR MATRIX NOT POS-DEF
  EXT PARAMETER                APPROXIMATE        STEP         FIRST   
  NO.   NAME      VALUE            ERROR          SIZE      DERIVATIVE 
   1  N0           3.55547e+06   4.03855e+03   1.69538e+00  -5.59144e-06
   2  tau          6.44358e+01   constant   
   3  A0           3.41079e-01   1.89923e-03   2.94916e-07   2.33007e+00
   4  phi          4.15734e+00   4.38556e-03   1.98238e-06   4.20506e+00
   5  R           -6.05970e+01   constant   
   6  alpha_CBO    2.96638e-03   1.61502e-03   3.35985e-07  -6.79960e+00
   7  w_CBO        2.32500e+00   constant   
   8  beta_CBO     0.00000e+00     fixed    
   9  alpha_2CBO   0.00000e+00     fixed    
  10  beta_2CBO   -1.50274e-04   6.36976e-04   3.41960e-07   1.34891e+01
  11  alpha_y      0.00000e+00     fixed    
  12  w_y          1.44500e+01   constant   
  13  beta_y      -3.62242e-03   1.64185e-04   3.35226e-07   1.53489e+00
  14  alpha_vw     0.00000e+00     fixed    
  15  w_vw         1.29000e+01   constant   
  16  beta_vw      0.00000e+00     fixed    
  17  LM           1.14256e-03   constant   
  18  zeta_y       0.00000e+00   constant   
  19  zeta_vw      0.00000e+00   constant   
  20  T_CBO        2.29224e+01   2.52810e+00   2.69951e-06   6.59178e-01
  21  alpha_A0    -6.99733e-02   5.99873e-02   1.15606e-05   3.69850e-01
  22  beta_A0     -1.54656e-01   4.25363e-02   1.01289e-05  -3.75675e-01
  23  alpha_phi   -1.66318e-01   4.01945e-02   7.78387e-06  -3.64143e-01
  24  beta_phi     1.82051e-01   5.22868e-02   1.08061e-05   1.12881e-01
 EXTERNAL ERROR MATRIX.    NDIM=  25    NPAR= 11    ERR DEF=1
  1.631e+07 
 -1.974e+00  3.607e-06 
 -6.303e+00 -1.956e-06  1.923e-05 
  8.930e-01 -1.290e-06  4.537e-06  2.608e-06 
  1.143e-01  1.175e-07 -5.178e-07 -7.338e-07  4.057e-07 
 -2.188e-02 -1.972e-09 -6.125e-08 -1.480e-08  3.390e-10  2.696e-08 
  2.508e+03 -1.957e-03 -2.622e-03 -1.009e-04  8.400e-05  1.137e-05  6.392e+00 
  9.815e+01  4.258e-05 -8.029e-06  4.731e-05 -2.195e-05 -4.363e-07 -6.807e-04  3.598e-03 
 -9.521e+01  1.357e-05  1.102e-04  1.187e-05  1.898e-07 -2.887e-07  3.056e-02  1.022e-04  1.809e-03 
 -1.051e+02  1.369e-05  5.297e-05 -6.997e-08 -1.952e-06 -5.952e-10  4.502e-02 -8.350e-05  1.535e-03  1.616e-03 
 -1.081e+02 -3.706e-05  1.089e-04  2.098e-05 -6.567e-06  1.559e-07 -7.045e-02 -1.664e-03 -2.713e-04 -3.103e-04  2.734e-03 
ERR MATRIX NOT POS-DEF
 PARAMETER  CORRELATION COEFFICIENTS  
       NO.  GLOBAL      1      3      4      6     10     13     20     21     22     23     24
        1  0.99503   1.000 -0.257 -0.356  0.137  0.044 -0.033  0.246  0.405 -0.554 -0.648 -0.512
        3  0.99718  -0.257  1.000 -0.235 -0.421  0.097 -0.006 -0.408  0.374  0.168  0.179 -0.373
        4  0.99324  -0.356 -0.235  1.000  0.641 -0.185 -0.085 -0.236 -0.031  0.591  0.300  0.475
        6  0.99492   0.137 -0.421  0.641  1.000 -0.713 -0.056 -0.025  0.488  0.173 -0.001  0.248
       10  0.96570   0.044  0.097 -0.185 -0.713  1.000  0.003  0.052 -0.574  0.007 -0.076 -0.197
       13  0.15743  -0.033 -0.006 -0.085 -0.056  0.003  1.000  0.027 -0.044 -0.041 -0.000  0.018
       20  0.99704   0.246 -0.408 -0.236 -0.025  0.052  0.027  1.000 -0.004  0.284  0.443 -0.533
       21  0.99565   0.405  0.374 -0.031  0.488 -0.574 -0.044 -0.004  1.000  0.040 -0.035 -0.530
       22  0.99335  -0.554  0.168  0.591  0.173  0.007 -0.041  0.284  0.040  1.000  0.898 -0.122
       23  0.99560  -0.648  0.179  0.300 -0.001 -0.076 -0.000  0.443 -0.035  0.898  1.000 -0.148
       24  0.99499  -0.512 -0.373  0.475  0.248 -0.197  0.018 -0.533 -0.530 -0.122 -0.148  1.000
 ERR MATRIX NOT POS-DEF
MINUIT - FIT ONLY 2-CBO
 **********
 **   25 **RES 
 **********
                   PARAMETER   16  beta_vw RESTORED TO VARIABLE.
                   PARAMETER   14  alpha_vw RESTORED TO VARIABLE.
                   PARAMETER   11  alpha_y RESTORED TO VARIABLE.
                   PARAMETER    9  alpha_2CBO RESTORED TO VARIABLE.
                   PARAMETER    8  beta_CBO RESTORED TO VARIABLE.
 **********
 **   26 **FIX            0
 **********
 PARAMETER    0  IS UNDEFINED. IGNORED.
 **********
 **   27 **FIX            1
 **********
 **********
 **   28 **FIX            2
 **********
 PARAMETER    2  IS CONSTANT.   IGNORED.
 **********
 **   29 **FIX            3
 **********
 **********
 **   30 **FIX            4
 **********
 **********
 **   31 **FIX            5
 **********
 PARAMETER    5  IS CONSTANT.   IGNORED.
 **********
 **   32 **FIX            6
 **********
 **********
 **   33 **FIX            7
 **********
 PARAMETER    7  IS CONSTANT.   IGNORED.
 **********
 **   34 **FIX           10
 **********
 **********
 **   35 **FIX           11
 **********
 **********
 **   36 **FIX           12
 **********
 PARAMETER   12  IS CONSTANT.   IGNORED.
 **********
 **   37 **FIX           13
 **********
 **********
 **   38 **FIX           14
 **********
 **********
 **   39 **FIX           15
 **********
 PARAMETER   15  IS CONSTANT.   IGNORED.
 **********
 **   40 **FIX           16
 **********
 **********
 **   41 **MIGRAD
 **********
 START MIGRAD MINIMIZATION.  STRATEGY  1.  CONVERGENCE WHEN EDM .LT. 1.00e-04
 FCN=16.8626 FROM MIGRAD    STATUS=INITIATE       18 CALLS        2307 TOTAL
                     EDM= unknown      STRATEGY= 1      NO ERROR MATRIX       
  EXT PARAMETER               CURRENT GUESS       STEP         FIRST   
  NO.   NAME      VALUE            ERROR          SIZE      DERIVATIVE 
   1  N0           3.55547e+06     fixed    
   2  tau          6.44358e+01   constant   
   3  A0           3.41079e-01     fixed    
   4  phi          4.15734e+00     fixed    
   5  R           -6.05970e+01   constant   
   6  alpha_CBO    2.96638e-03     fixed    
   7  w_CBO        2.32500e+00   constant   
   8  beta_CBO     0.00000e+00   1.00000e-03   1.00000e-03  -2.49778e+02
   9  alpha_2CBO   0.00000e+00   1.00000e-03   1.00000e-03   1.80401e+03
  10  beta_2CBO   -1.50274e-04     fixed    
  11  alpha_y      0.00000e+00     fixed    
  12  w_y          1.44500e+01   constant   
  13  beta_y      -3.62242e-03     fixed    
  14  alpha_vw     0.00000e+00     fixed    
  15  w_vw         1.29000e+01   constant   
  16  beta_vw      0.00000e+00     fixed    
  17  LM           1.14256e-03   constant   
  18  zeta_y       0.00000e+00   constant   
  19  zeta_vw      0.00000e+00   constant   
  20  T_CBO        2.29224e+01   2.52810e+00   2.69951e-06   6.59201e-01
  21  alpha_A0    -6.99733e-02   5.99873e-02   1.15606e-05   3.69847e-01
  22  beta_A0     -1.54656e-01   4.25363e-02   1.01289e-05  -3.75674e-01
  23  alpha_phi   -1.66318e-01   4.01945e-02   7.78387e-06  -3.64143e-01
  24  beta_phi     1.82051e-01   5.22868e-02   1.08061e-05   1.12882e-01
 MIGRAD MINIMIZATION HAS CONVERGED.
 MIGRAD WILL VERIFY CONVERGENCE AND ERROR MATRIX.
 FCN=16.7138 FROM MIGRAD    STATUS=CONVERGED     180 CALLS        2469 TOTAL
                     EDM=3.59092e-05    STRATEGY= 1      ERR MATRIX NOT POS-DEF
  EXT PARAMETER                APPROXIMATE        STEP         FIRST   
  NO.   NAME      VALUE            ERROR          SIZE      DERIVATIVE 
   1  N0           3.55547e+06     fixed    
   2  tau          6.44358e+01   constant   
   3  A0           3.41079e-01     fixed    
   4  phi          4.15734e+00     fixed    
   5  R           -6.05970e+01   constant   
   6  alpha_CBO    2.96638e-03     fixed    
   7  w_CBO        2.32500e+00   constant   
   8  beta_CBO    -1.56242e-04   5.35440e-04   3.24482e-07  -1.40512e-01
   9  alpha_2CBO  -1.87010e-04   4.67463e-04   3.19297e-07   9.40673e-01
  10  beta_2CBO   -1.50274e-04     fixed    
  11  alpha_y      0.00000e+00     fixed    
  12  w_y          1.44500e+01   constant   
  13  beta_y      -3.62242e-03     fixed    
  14  alpha_vw     0.00000e+00     fixed    
  15  w_vw         1.29000e+01   constant   
  16  beta_vw      0.00000e+00     fixed    
  17  LM           1.14256e-03   constant   
  18  zeta_y       0.00000e+00   constant   
  19  zeta_vw      0.00000e+00   constant   
  20  T_CBO        2.29320e+01   2.66571e+00   2.67980e-06  -2.96088e-01
  21  alpha_A0    -7.19583e-02   1.75845e-02   1.15028e-05  -1.99159e-02
  22  beta_A0     -1.60852e-01   3.95494e-02   1.00761e-05  -3.13341e-02
  23  alpha_phi   -1.62835e-01   3.83043e-02   7.74476e-06  -2.79423e-02
  24  beta_phi     1.82360e-01   4.14453e-02   1.07481e-05   1.86882e-02
 EXTERNAL ERROR MATRIX.    NDIM=  25    NPAR=  7    ERR DEF=1
  2.867e-07  1.947e-07 -2.291e-04  1.613e-06  6.815e-06 -6.940e-06  6.208e-07 
  1.947e-07  2.185e-07 -3.415e-05  2.252e-06  7.236e-06 -4.397e-06 -2.414e-07 
 -2.291e-04 -3.415e-05  7.107e+00  4.149e-02  9.176e-02  9.908e-02 -1.079e-01 
  1.613e-06  2.252e-06  4.149e-02  3.092e-04  6.461e-04  5.287e-04 -6.615e-04 
  6.815e-06  7.236e-06  9.176e-02  6.461e-04  1.564e-03  1.132e-03 -1.490e-03 
 -6.940e-06 -4.397e-06  9.908e-02  5.287e-04  1.132e-03  1.467e-03 -1.486e-03 
  6.208e-07 -2.414e-07 -1.079e-01 -6.615e-04 -1.490e-03 -1.486e-03  1.718e-03 
ERR MATRIX NOT POS-DEF
 PARAMETER  CORRELATION COEFFICIENTS  
       NO.  GLOBAL      8      9     20     21     22     23     24
        8  0.95565   1.000  0.778 -0.161  0.171  0.322 -0.338  0.028
        9  0.94329   0.778  1.000 -0.027  0.274  0.391 -0.246 -0.012
       20  0.99732  -0.161 -0.027  1.000  0.885  0.870  0.970 -0.977
       21  0.94812   0.171  0.274  0.885  1.000  0.929  0.785 -0.908
       22  0.99230   0.322  0.391  0.870  0.929  1.000  0.747 -0.909
       23  0.99516  -0.338 -0.246  0.970  0.785  0.747  1.000 -0.936
       24  0.99203   0.028 -0.012 -0.977 -0.908 -0.909 -0.936  1.000
 ERR MATRIX NOT POS-DEF
MINUIT - FIT wiggle + 1-CBO + 2-CBO
 **********
 **   42 **RES 
 **********
                   PARAMETER   16  beta_vw RESTORED TO VARIABLE.
                   PARAMETER   14  alpha_vw RESTORED TO VARIABLE.
                   PARAMETER   13  beta_y RESTORED TO VARIABLE.
                   PARAMETER   11  alpha_y RESTORED TO VARIABLE.
                   PARAMETER   10  beta_2CBO RESTORED TO VARIABLE.
                   PARAMETER    6  alpha_CBO RESTORED TO VARIABLE.
                   PARAMETER    4  phi RESTORED TO VARIABLE.
                   PARAMETER    3  A0 RESTORED TO VARIABLE.
                   PARAMETER    1  N0 RESTORED TO VARIABLE.
 **********
 **   43 **FIX           10
 **********
 **********
 **   44 **FIX           11
 **********
 **********
 **   45 **FIX           12
 **********
 PARAMETER   12  IS CONSTANT.   IGNORED.
 **********
 **   46 **FIX           13
 **********
 **********
 **   47 **FIX           14
 **********
 **********
 **   48 **FIX           15
 **********
 PARAMETER   15  IS CONSTANT.   IGNORED.
 **********
 **   49 **FIX           16
 **********
 **********
 **   50 **MIGRAD
 **********
 START MIGRAD MINIMIZATION.  STRATEGY  1.  CONVERGENCE WHEN EDM .LT. 1.00e-04
 FCN=16.7138 FROM MIGRAD    STATUS=INITIATE       22 CALLS        2491 TOTAL
                     EDM= unknown      STRATEGY= 1      NO ERROR MATRIX       
  EXT PARAMETER               CURRENT GUESS       STEP         FIRST   
  NO.   NAME      VALUE            ERROR          SIZE      DERIVATIVE 
   1  N0           3.55547e+06   4.03855e+03   4.03855e+03   4.57052e-07
   2  tau          6.44358e+01   constant   
   3  A0           3.41079e-01   1.89923e-03   1.89923e-03   1.65245e+02
   4  phi          4.15734e+00   4.38556e-03   4.38556e-03  -3.06215e+01
   5  R           -6.05970e+01   constant   
   6  alpha_CBO    2.96638e-03   1.61502e-03   1.61502e-03   5.78878e+02
   7  w_CBO        2.32500e+00   constant   
   8  beta_CBO    -1.56242e-04   5.35440e-04   3.24482e-07  -1.40479e-01
   9  alpha_2CBO  -1.87010e-04   4.67463e-04   3.19297e-07   9.40672e-01
  10  beta_2CBO   -1.50274e-04     fixed    
  11  alpha_y      0.00000e+00     fixed    
  12  w_y          1.44500e+01   constant   
  13  beta_y      -3.62242e-03     fixed    
  14  alpha_vw     0.00000e+00     fixed    
  15  w_vw         1.29000e+01   constant   
  16  beta_vw      0.00000e+00     fixed    
  17  LM           1.14256e-03   constant   
  18  zeta_y       0.00000e+00   constant   
  19  zeta_vw      0.00000e+00   constant   
  20  T_CBO        2.29320e+01   2.66571e+00   2.67980e-06  -2.96086e-01
  21  alpha_A0    -7.19583e-02   1.75845e-02   1.15028e-05  -1.99194e-02
  22  beta_A0     -1.60852e-01   3.95494e-02   1.00761e-05  -3.13347e-02
  23  alpha_phi   -1.62835e-01   3.83043e-02   7.74476e-06  -2.79427e-02
  24  beta_phi     1.82360e-01   4.14453e-02   1.07481e-05   1.86886e-02
 MIGRAD MINIMIZATION HAS CONVERGED.
 MIGRAD WILL VERIFY CONVERGENCE AND ERROR MATRIX.
 FCN=12.8677 FROM HESSE     STATUS=NOT POSDEF    100 CALLS        4473 TOTAL
                     EDM=0.000201399    STRATEGY= 1      ERR MATRIX NOT POS-DEF
  EXT PARAMETER                APPROXIMATE        STEP         FIRST   
  NO.   NAME      VALUE            ERROR          SIZE      DERIVATIVE 
   1  N0           3.43298e+06   4.98963e+03   1.63697e+00   1.20351e-06
   2  tau          6.44358e+01   constant   
   3  A0           3.11273e-01   1.63437e-03   2.46253e-07   3.93244e+00
   4  phi          4.09702e+00   8.71143e-03   1.95361e-06  -1.37321e+00
   5  R           -6.05970e+01   constant   
   6  alpha_CBO    1.42661e-03   1.03542e-03   2.95572e-07  -5.04563e+00
   7  w_CBO        2.32500e+00   constant   
   8  beta_CBO     1.86298e-02   1.67377e-03   2.87527e-07   1.15513e+01
   9  alpha_2CBO  -1.69752e-03   6.72559e-04   2.82775e-07  -3.49485e+00
  10  beta_2CBO   -1.50274e-04     fixed    
  11  alpha_y      0.00000e+00     fixed    
  12  w_y          1.44500e+01   constant   
  13  beta_y      -3.62242e-03     fixed    
  14  alpha_vw     0.00000e+00     fixed    
  15  w_vw         1.29000e+01   constant   
  16  beta_vw      0.00000e+00     fixed    
  17  LM           1.14256e-03   constant   
  18  zeta_y       0.00000e+00   constant   
  19  zeta_vw      0.00000e+00   constant   
  20  T_CBO        3.18806e+01   1.03838e+00   8.33147e-07   8.84315e-01
  21  alpha_A0    -1.07021e+00   4.83545e-02   9.07376e-06   1.86232e-01
  22  beta_A0      9.50033e-02   3.74724e-02   7.16421e-06  -7.95784e-02
  23  alpha_phi    2.66877e-02   2.14355e-02   4.14813e-06  -1.36916e-01
  24  beta_phi     8.26678e-01   3.46229e-02   5.90551e-06   3.12107e-01
 CALL LIMIT EXCEEDED IN MIGRAD.
 MIGRAD TERMINATED WITHOUT CONVERGENCE.
 FCN=12.8677 FROM MIGRAD    STATUS=CALL LIMIT   2004 CALLS        4473 TOTAL
                     EDM=0.000201399    STRATEGY= 1      ERR MATRIX NOT POS-DEF
  EXT PARAMETER                APPROXIMATE        STEP         FIRST   
  NO.   NAME      VALUE            ERROR          SIZE      DERIVATIVE 
   1  N0           3.43298e+06   4.98963e+03   1.63697e+00   1.20351e-06
   2  tau          6.44358e+01   constant   
   3  A0           3.11273e-01   1.63437e-03   2.46253e-07   3.93244e+00
   4  phi          4.09702e+00   8.71143e-03   1.95361e-06  -1.37321e+00
   5  R           -6.05970e+01   constant   
   6  alpha_CBO    1.42661e-03   1.03542e-03   2.95572e-07  -5.04563e+00
   7  w_CBO        2.32500e+00   constant   
   8  beta_CBO     1.86298e-02   1.67377e-03   2.87527e-07   1.15513e+01
   9  alpha_2CBO  -1.69752e-03   6.72559e-04   2.82775e-07  -3.49485e+00
  10  beta_2CBO   -1.50274e-04     fixed    
  11  alpha_y      0.00000e+00     fixed    
  12  w_y          1.44500e+01   constant   
  13  beta_y      -3.62242e-03     fixed    
  14  alpha_vw     0.00000e+00     fixed    
  15  w_vw         1.29000e+01   constant   
  16  beta_vw      0.00000e+00     fixed    
  17  LM           1.14256e-03   constant   
  18  zeta_y       0.00000e+00   constant   
  19  zeta_vw      0.00000e+00   constant   
  20  T_CBO        3.18806e+01   1.03838e+00   8.33147e-07   8.84315e-01
  21  alpha_A0    -1.07021e+00   4.83545e-02   9.07376e-06   1.86232e-01
  22  beta_A0      9.50033e-02   3.74724e-02   7.16421e-06  -7.95784e-02
  23  alpha_phi    2.66877e-02   2.14355e-02   4.14813e-06  -1.36916e-01
  24  beta_phi     8.26678e-01   3.46229e-02   5.90551e-06   3.12107e-01
 EXTERNAL ERROR MATRIX.    NDIM=  25    NPAR= 11    ERR DEF=1
  2.490e+07 
  5.948e-01  2.671e-06 
  7.378e+00  1.070e-06  7.589e-05 
  9.131e-01 -9.191e-07  4.322e-06  1.072e-06 
 -1.982e+00 -1.235e-07 -1.178e-05 -1.642e-07  2.802e-06 
  3.541e-01  1.258e-07 -8.690e-07  1.551e-07  6.483e-07  4.523e-07 
 -1.770e+03 -7.158e-04  6.826e-04  1.020e-04 -3.099e-04 -1.840e-04  1.078e+00 
  6.514e+01  2.718e-05  4.137e-05  5.476e-06  6.204e-06  9.639e-06  1.817e-02  2.338e-03 
 -8.139e+01  2.036e-05  5.452e-05  9.409e-06  2.314e-05  1.583e-05 -8.478e-03  3.155e-04  1.404e-03 
 -6.641e+01  1.691e-05  7.549e-05 -5.302e-06 -1.317e-05 -5.363e-06  1.682e-03 -7.893e-05  3.154e-04  4.595e-04 
 -2.928e+01 -1.893e-05  4.768e-05  6.062e-06 -1.005e-05 -3.572e-06 -1.652e-02 -1.554e-03  3.526e-06  6.919e-05  1.199e-03 
ERR MATRIX NOT POS-DEF
 PARAMETER  CORRELATION COEFFICIENTS  
       NO.  GLOBAL      1      3      4      6      8      9     20     21     22     23     24
        1  0.99697   1.000  0.073  0.170  0.177 -0.237  0.106 -0.342  0.270 -0.435 -0.621 -0.169
        3  0.99657   0.073  1.000  0.075 -0.543 -0.045  0.114 -0.422  0.344  0.332  0.483 -0.334
        4  0.99635   0.170  0.075  1.000  0.479 -0.808 -0.148  0.075  0.098  0.167  0.404  0.158
        6  0.98765   0.177 -0.543  0.479  1.000 -0.095  0.223  0.095  0.109  0.243 -0.239  0.169
        8  0.99554  -0.237 -0.045 -0.808 -0.095  1.000  0.576 -0.178  0.077  0.369 -0.367 -0.173
        9  0.97300   0.106  0.114 -0.148  0.223  0.576  1.000 -0.263  0.296  0.628 -0.372 -0.153
       20  0.99700  -0.342 -0.422  0.075  0.095 -0.178 -0.263  1.000  0.362 -0.218  0.076 -0.459
       21  0.99468   0.270  0.344  0.098  0.109  0.077  0.296  0.362  1.000  0.174 -0.076 -0.928
       22  0.99448  -0.435  0.332  0.167  0.243  0.369  0.628 -0.218  0.174  1.000  0.393  0.003
       23  0.99434  -0.621  0.483  0.404 -0.239 -0.367 -0.372  0.076 -0.076  0.393  1.000  0.093
       24  0.99561  -0.169 -0.334  0.158  0.169 -0.173 -0.153 -0.459 -0.928  0.003  0.093  1.000
 ERR MATRIX NOT POS-DEF
MINUIT - FIT ONLY 1-y
 **********
 **   51 **RES 
 **********
                   PARAMETER   16  beta_vw RESTORED TO VARIABLE.
                   PARAMETER   14  alpha_vw RESTORED TO VARIABLE.
                   PARAMETER   13  beta_y RESTORED TO VARIABLE.
                   PARAMETER   11  alpha_y RESTORED TO VARIABLE.
                   PARAMETER   10  beta_2CBO RESTORED TO VARIABLE.
 **********
 **   52 **FIX            0
 **********
 PARAMETER    0  IS UNDEFINED. IGNORED.
 **********
 **   53 **FIX            1
 **********
 **********
 **   54 **FIX            2
 **********
 PARAMETER    2  IS CONSTANT.   IGNORED.
 **********
 **   55 **FIX            3
 **********
 **********
 **   56 **FIX            4
 **********
 **********
 **   57 **FIX            5
 **********
 PARAMETER    5  IS CONSTANT.   IGNORED.
 **********
 **   58 **FIX            6
 **********
 **********
 **   59 **FIX            7
 **********
 PARAMETER    7  IS CONSTANT.   IGNORED.
 **********
 **   60 **FIX            8
 **********
 **********
 **   61 **FIX            9
 **********
 **********
 **   62 **FIX           13
 **********
 **********
 **   63 **FIX           14
 **********
 **********
 **   64 **FIX           15
 **********
 PARAMETER   15  IS CONSTANT.   IGNORED.
 **********
 **   65 **FIX           16
 **********
 **********
 **   66 **MIGRAD
 **********
 START MIGRAD MINIMIZATION.  STRATEGY  1.  CONVERGENCE WHEN EDM .LT. 1.00e-04
 FCN=12.8677 FROM MIGRAD    STATUS=INITIATE       16 CALLS        4489 TOTAL
                     EDM= unknown      STRATEGY= 1      NO ERROR MATRIX       
  EXT PARAMETER               CURRENT GUESS       STEP         FIRST   
  NO.   NAME      VALUE            ERROR          SIZE      DERIVATIVE 
   1  N0           3.43298e+06     fixed    
   2  tau          6.44358e+01   constant   
   3  A0           3.11273e-01     fixed    
   4  phi          4.09702e+00     fixed    
   5  R           -6.05970e+01   constant   
   6  alpha_CBO    1.42661e-03     fixed    
   7  w_CBO        2.32500e+00   constant   
   8  beta_CBO     1.86298e-02     fixed    
   9  alpha_2CBO  -1.69752e-03     fixed    
  10  beta_2CBO   -1.50274e-04   6.36976e-04   6.36976e-04  -3.82752e+02
  11  alpha_y      0.00000e+00   1.00000e-03   1.00000e-03   3.04596e+04
  12  w_y          1.44500e+01   constant   
  13  beta_y      -3.62242e-03     fixed    
  14  alpha_vw     0.00000e+00     fixed    
  15  w_vw         1.29000e+01   constant   
  16  beta_vw      0.00000e+00     fixed    
  17  LM           1.14256e-03   constant   
  18  zeta_y       0.00000e+00   constant   
  19  zeta_vw      0.00000e+00   constant   
  20  T_CBO        3.18806e+01   1.03838e+00   8.33147e-07   8.84309e-01
  21  alpha_A0    -1.07021e+00   4.83545e-02   9.07376e-06   1.86234e-01
  22  beta_A0      9.50033e-02   3.74724e-02   7.16421e-06  -7.95743e-02
  23  alpha_phi    2.66877e-02   2.14355e-02   4.14813e-06  -1.36915e-01
  24  beta_phi     8.26678e-01   3.46229e-02   5.90551e-06   3.12108e-01
 MIGRAD MINIMIZATION HAS CONVERGED.
 MIGRAD WILL VERIFY CONVERGENCE AND ERROR MATRIX.
 COVARIANCE MATRIX CALCULATED SUCCESSFULLY
 FCN=6.75085 FROM HESSE     STATUS=OK             50 CALLS        4634 TOTAL
                     EDM=0.130799    STRATEGY= 1      ERROR MATRIX ACCURATE 
  EXT PARAMETER                                   STEP         FIRST   
  NO.   NAME      VALUE            ERROR          SIZE      DERIVATIVE 
   1  N0           3.43298e+06     fixed    
   2  tau          6.44358e+01   constant   
   3  A0           3.11273e-01     fixed    
   4  phi          4.09702e+00     fixed    
   5  R           -6.05970e+01   constant   
   6  alpha_CBO    1.42661e-03     fixed    
   7  w_CBO        2.32500e+00   constant   
   8  beta_CBO     1.86298e-02     fixed    
   9  alpha_2CBO  -1.69752e-03     fixed    
  10  beta_2CBO   -2.56519e-05   5.11777e-04   2.25039e-07  -5.99338e-01
  11  alpha_y     -4.00050e-04   1.62974e-04   2.14882e-07  -1.12050e+00
  12  w_y          1.44500e+01   constant   
  13  beta_y      -3.62242e-03     fixed    
  14  alpha_vw     0.00000e+00     fixed    
  15  w_vw         1.29000e+01   constant   
  16  beta_vw      0.00000e+00     fixed    
  17  LM           1.14256e-03   constant   
  18  zeta_y       0.00000e+00   constant   
  19  zeta_vw      0.00000e+00   constant   
  20  T_CBO        3.18609e+01   1.61590e+01   6.23406e-07  -3.18681e+00
  21  alpha_A0    -1.07182e+00   7.83641e-01   6.78819e-06  -1.96984e-01
  22  beta_A0      9.60138e-02   6.34896e-02   5.35692e-06   1.31971e-01
  23  alpha_phi    2.68134e-02   2.28768e-02   3.10417e-06  -2.33435e-03
  24  beta_phi     8.24870e-01   6.13710e-01   4.41928e-06   4.34753e-01
 MIGRAD MINIMIZATION HAS CONVERGED.
 MIGRAD WILL VERIFY CONVERGENCE AND ERROR MATRIX.
 COVARIANCE MATRIX CALCULATED SUCCESSFULLY
 FCN=6.66963 FROM MIGRAD    STATUS=CONVERGED     662 CALLS        5135 TOTAL
                     EDM=4.16782e-06    STRATEGY= 1      ERROR MATRIX ACCURATE 
  EXT PARAMETER                                   STEP         FIRST   
  NO.   NAME      VALUE            ERROR          SIZE      DERIVATIVE 
   1  N0           3.43298e+06     fixed    
   2  tau          6.44358e+01   constant   
   3  A0           3.11273e-01     fixed    
   4  phi          4.09702e+00     fixed    
   5  R           -6.05970e+01   constant   
   6  alpha_CBO    1.42661e-03     fixed    
   7  w_CBO        2.32500e+00   constant   
   8  beta_CBO     1.86298e-02     fixed    
   9  alpha_2CBO  -1.69752e-03     fixed    
  10  beta_2CBO    7.02309e-05   4.75589e-04   2.23859e-07  -2.58670e+00
  11  alpha_y     -4.04515e-04   1.62701e-04   2.13752e-07  -4.33708e+00
  12  w_y          1.44500e+01   constant   
  13  beta_y      -3.62242e-03     fixed    
  14  alpha_vw     0.00000e+00     fixed    
  15  w_vw         1.29000e+01   constant   
  16  beta_vw      0.00000e+00     fixed    
  17  LM           1.14256e-03   constant   
  18  zeta_y       0.00000e+00   constant   
  19  zeta_vw      0.00000e+00   constant   
  20  T_CBO        3.59711e+01   1.83593e+01   7.44140e-07  -3.12954e+00
  21  alpha_A0    -9.09272e-01   5.92598e-01   5.74080e-06   1.30996e-01
  22  beta_A0      8.27651e-02   4.89042e-02   4.53134e-06  -6.30555e-02
  23  alpha_phi    2.21471e-02   1.69637e-02   2.63194e-06   2.23978e-01
  24  beta_phi     6.97731e-01   4.62861e-01   3.73560e-06  -4.99389e-01
 EXTERNAL ERROR MATRIX.    NDIM=  25    NPAR=  7    ERR DEF=1
  2.262e-07 -1.373e-08  7.008e-03  2.251e-04 -1.807e-05 -6.612e-06 -1.772e-04 
 -1.373e-08  2.647e-08 -3.182e-04 -1.023e-05  7.985e-07  2.831e-07  8.140e-06 
  7.008e-03 -3.182e-04  3.382e+02  1.090e+01 -8.963e-01 -3.095e-01 -8.511e+00 
  2.251e-04 -1.023e-05  1.090e+01  3.512e-01 -2.889e-02 -9.970e-03 -2.743e-01 
 -1.807e-05  7.985e-07 -8.963e-01 -2.889e-02  2.392e-03  8.179e-04  2.255e-02 
 -6.612e-06  2.831e-07 -3.095e-01 -9.970e-03  8.179e-04  2.878e-04  7.791e-03 
 -1.772e-04  8.140e-06 -8.511e+00 -2.743e-01  2.255e-02  7.791e-03  2.142e-01 
 PARAMETER  CORRELATION COEFFICIENTS  
       NO.  GLOBAL     10     11     20     21     22     23     24
       10  0.93746   1.000 -0.177  0.801  0.799 -0.777 -0.820 -0.805
       11  0.23686  -0.177  1.000 -0.106 -0.106  0.100  0.103  0.108
       20  0.99998   0.801 -0.106  1.000  1.000 -0.997 -0.992 -1.000
       21  0.99997   0.799 -0.106  1.000  1.000 -0.997 -0.992 -1.000
       22  0.99766  -0.777  0.100 -0.997 -0.997  1.000  0.986  0.996
       23  0.99342  -0.820  0.103 -0.992 -0.992  0.986  1.000  0.992
       24  0.99998  -0.805  0.108 -1.000 -1.000  0.996  0.992  1.000
MINUIT - FIT ONLY 2-y
 **********
 **   67 **RES 
 **********
                   PARAMETER   16  beta_vw RESTORED TO VARIABLE.
                   PARAMETER   14  alpha_vw RESTORED TO VARIABLE.
                   PARAMETER   13  beta_y RESTORED TO VARIABLE.
                   PARAMETER    9  alpha_2CBO RESTORED TO VARIABLE.
                   PARAMETER    8  beta_CBO RESTORED TO VARIABLE.
                   PARAMETER    6  alpha_CBO RESTORED TO VARIABLE.
                   PARAMETER    4  phi RESTORED TO VARIABLE.
                   PARAMETER    3  A0 RESTORED TO VARIABLE.
                   PARAMETER    1  N0 RESTORED TO VARIABLE.
 **********
 **   68 **FIX            0
 **********
 PARAMETER    0  IS UNDEFINED. IGNORED.
 **********
 **   69 **FIX            1
 **********
 **********
 **   70 **FIX            2
