 + ++++++++++++++++++++++++++++++++++++++++++++++++++++++++++++++++++++ +
 +                                                                      +
 +           You have chose to blind your fitting according to          +
 +                omega_ref * (1 + (R +/- deltaR) *10^{-6})             +
 +                                                                      +
 + ++++++++++++++++++++++++++++++++++++++++++++++++++++++++++++++++++++ +
In main()...
reading format from /gm2data/zkhechad/run45/envelope/formats/formatB_sBin_constraintOn.txt
pBinTau 	= 0  
pBinPhi 	= 0  
constraintau 	= 1 
includeMopTerm 	= 0    
constrainMop    = 0   
Parameters after format file: pBinTau 0 pBinPhi 0 constraintau 1 includeMopTerm 0 constrainMop 0 c_e_scale 0.000000 
Opening file /gm2data/tbarrett/gm2fr/studies/run23_bunch_corrections/CorrectedFourier_Run3b.root.
reading full fit data from /gm2data/zkhechad/cboTemplates/Run4CBOTemplates/fullFits/noRF/sBin_constraintOn_cE0.0_seed0_noRF_calo17.root
windowBins = 69
fitting sliding window 770 from bin 906 at 135.026000 to bin 975 at 145.470000 (69 bins)

Reading data from /gm2data/cornell/histograms/aMethod/histogram_a_noRF.root
 **********
 **    1 **SET PRINTOUT            1
 **********
 **********
 **    2 **SET NOWARNINGS 
 **********
 PARAMETER DEFINITIONS:
    NO.   NAME         VALUE      STEP SIZE      LIMITS
     1 N0           3.18624e+06  1.00000e+02     no limits
     2 tau          6.44064e+01  constant
     3 A0           3.45293e-01  1.00000e-04     no limits
     4 phi          4.12011e+00  1.00000e-02     no limits
     5 R           -6.06001e+01  constant
     6 alpha_CBO    0.00000e+00  1.00000e-03     no limits
     7 w_CBO        2.32500e+00  constant
     8 beta_CBO     0.00000e+00  1.00000e-03     no limits
     9 alpha_2CBO   0.00000e+00  1.00000e-03     no limits
    10 beta_2CBO    0.00000e+00  1.00000e-03     no limits
    11 alpha_y      0.00000e+00  1.00000e-03     no limits
    12 w_y          1.38860e+01  constant
    13 beta_y       0.00000e+00  1.00000e-03     no limits
    14 alpha_vw     0.00000e+00  1.00000e-03     no limits
    15 w_vw         1.43404e+01  constant
    16 beta_vw      0.00000e+00  1.00000e-03     no limits
    17 LM           6.43054e-05  constant
    18 zeta_y       0.00000e+00  constant
    19 zeta_vw      0.00000e+00  constant
    20 T_CBO        1.00000e+02  1.00000e+00    0.00000e+00  1.00000e+03
    21 alpha_A0     0.00000e+00  1.00000e-03     no limits
    22 beta_A0      0.00000e+00  1.00000e-03     no limits
    23 alpha_phi    0.00000e+00  1.00000e-03     no limits
    24 beta_phi     0.00000e+00  1.00000e-03     no limits
MINUIT - FIT ONLY WIGGLE
 **********
 **    3 **FIX            5
 **********
 PARAMETER    5  IS CONSTANT.   IGNORED.
 **********
 **    4 **FIX            6
 **********
 **********
 **    5 **FIX            7
 **********
 PARAMETER    7  IS CONSTANT.   IGNORED.
 **********
 **    6 **FIX            8
 **********
 **********
 **    7 **FIX            9
 **********
 **********
 **    8 **FIX           10
 **********
 **********
 **    9 **FIX           11
 **********
 **********
 **   10 **FIX           12
 **********
 PARAMETER   12  IS CONSTANT.   IGNORED.
 **********
 **   11 **FIX           13
 **********
 **********
 **   12 **FIX           14
 **********
 **********
 **   13 **FIX           15
 **********
 PARAMETER   15  IS CONSTANT.   IGNORED.
 **********
 **   14 **FIX           16
 **********
 **********
 **   15 **MIGRAD
 **********
 FIRST CALL TO USER FUNCTION AT NEW START POINT, WITH IFLAG=4.
 START MIGRAD MINIMIZATION.  STRATEGY  1.  CONVERGENCE WHEN EDM .LT. 1.00e-04
 FCN=657.728 FROM MIGRAD    STATUS=INITIATE      437 CALLS         438 TOTAL
                     EDM= unknown      STRATEGY= 1      NO ERROR MATRIX       
  EXT PARAMETER               CURRENT GUESS       STEP         FIRST   
  NO.   NAME      VALUE            ERROR          SIZE      DERIVATIVE 
   1  N0           3.18624e+06   1.00000e+02   0.00000e+00   8.53898e-04
   2  tau          6.44064e+01   constant   
   3  A0           3.45293e-01   1.00000e-04   0.00000e+00   9.97549e+03
   4  phi          4.12011e+00   1.00000e-02   0.00000e+00  -2.45219e+04
   5  R           -6.06001e+01   constant   
   6  alpha_CBO    0.00000e+00     fixed    
   7  w_CBO        2.32500e+00   constant   
   8  beta_CBO     0.00000e+00     fixed    
   9  alpha_2CBO   0.00000e+00     fixed    
  10  beta_2CBO    0.00000e+00     fixed    
  11  alpha_y      0.00000e+00     fixed    
  12  w_y          1.38860e+01   constant   
  13  beta_y       0.00000e+00     fixed    
  14  alpha_vw     0.00000e+00     fixed    
  15  w_vw         1.43404e+01   constant   
  16  beta_vw      0.00000e+00     fixed    
  17  LM           6.43054e-05   constant   
  18  zeta_y       0.00000e+00   constant   
  19  zeta_vw      0.00000e+00   constant   
  20  T_CBO        1.00000e+02   1.00000e+00   0.00000e+00   0.00000e+00
  21  alpha_A0     0.00000e+00   1.00000e-03   0.00000e+00  -2.95064e+02
  22  beta_A0      0.00000e+00   1.00000e-03   0.00000e+00  -1.07542e+03
  23  alpha_phi    0.00000e+00   1.00000e-03   0.00000e+00   4.61556e+03
  24  beta_phi     0.00000e+00   1.00000e-03   0.00000e+00   4.36359e+02
 MIGRAD MINIMIZATION HAS CONVERGED.
 FCN=587.343 FROM MIGRAD    STATUS=CONVERGED    1036 CALLS        1037 TOTAL
                     EDM=1.71687e-06    STRATEGY= 1  ERROR MATRIX UNCERTAINTY   0.4 per cent
  EXT PARAMETER                                   STEP         FIRST   
  NO.   NAME      VALUE            ERROR          SIZE      DERIVATIVE 
   1  N0           3.18616e+06   3.79248e+02  -2.69231e-01  -6.53931e-07
   2  tau          6.44064e+01   constant   
   3  A0           3.45177e-01   1.52178e-04   3.16996e-07  -5.14106e-01
   4  phi          4.12298e+00   4.89913e-04   5.02389e-07   2.23156e+00
   5  R           -6.06001e+01   constant   
   6  alpha_CBO    0.00000e+00     fixed    
   7  w_CBO        2.32500e+00   constant   
   8  beta_CBO     0.00000e+00     fixed    
   9  alpha_2CBO   0.00000e+00     fixed    
  10  beta_2CBO    0.00000e+00     fixed    
  11  alpha_y      0.00000e+00     fixed    
  12  w_y          1.38860e+01   constant   
  13  beta_y       0.00000e+00     fixed    
  14  alpha_vw     0.00000e+00     fixed    
  15  w_vw         1.43404e+01   constant   
  16  beta_vw      0.00000e+00     fixed    
  17  LM           6.43054e-05   constant   
  18  zeta_y       0.00000e+00   constant   
  19  zeta_vw      0.00000e+00   constant   
  20  T_CBO        9.99997e+02   5.19608e+02   1.87821e-02  -2.06637e-04
  21  alpha_A0     9.00604e-04   1.05513e-03  -6.74697e-07  -2.05500e+00
  22  beta_A0      9.09881e-04   8.31270e-04   2.75018e-06   1.85487e-01
  23  alpha_phi   -3.90963e-03   7.49911e-04  -8.94352e-07  -4.40954e-02
  24  beta_phi    -5.65121e-04   7.63506e-04   1.19292e-07   4.27199e-01
 EXTERNAL ERROR MATRIX.    NDIM=  25    NPAR=  8    ERR DEF=1
  1.438e+05  5.784e-03 -4.457e-03 -3.988e+01 -5.405e-02 -4.590e-02 -3.928e-02  2.267e-02 
  5.784e-03  2.316e-08  3.708e-09  4.853e-05  1.855e-08 -9.948e-09  4.201e-09 -7.496e-09 
 -4.457e-03  3.708e-09  2.400e-07  1.524e-04  8.949e-08 -4.278e-08  2.030e-08 -2.431e-08 
 -3.988e+01  4.853e-05  1.524e-04  9.239e+01  5.732e-04 -5.409e-04  1.062e-03 -3.606e-06 
 -5.405e-02  1.855e-08  8.949e-08  5.732e-04  1.113e-06 -9.548e-08  5.986e-08  9.007e-09 
 -4.590e-02 -9.948e-09 -4.278e-08 -5.409e-04 -9.548e-08  6.910e-07 -6.028e-08  6.802e-08 
 -3.928e-02  4.201e-09  2.030e-08  1.062e-03  5.986e-08 -6.028e-08  5.624e-07 -1.041e-08 
  2.267e-02 -7.496e-09 -2.431e-08 -3.606e-06  9.007e-09  6.802e-08 -1.041e-08  5.829e-07 
 PARAMETER  CORRELATION COEFFICIENTS  
       NO.  GLOBAL      1      3      4     20     21     22     23     24
        1  0.29569   1.000  0.100 -0.024 -0.011 -0.135 -0.146 -0.138  0.078
        3  0.19114   0.100  1.000  0.050  0.033  0.116 -0.079  0.037 -0.065
        4  0.20642  -0.024  0.050  1.000  0.032  0.173 -0.105  0.055 -0.065
       20  0.16385  -0.011  0.033  0.032  1.000  0.057 -0.068  0.147 -0.000
       21  0.27876  -0.135  0.116  0.173  0.057  1.000 -0.109  0.076  0.011
       22  0.27113  -0.146 -0.079 -0.105 -0.068 -0.109  1.000 -0.097  0.107
       23  0.23561  -0.138  0.037  0.055  0.147  0.076 -0.097  1.000 -0.018
       24  0.17348   0.078 -0.065 -0.065 -0.000  0.011  0.107 -0.018  1.000
MINUIT - FIT ONLY 1-CBO + wiggle
 **********
 **   16 **RES 
 **********
                   PARAMETER   16  beta_vw RESTORED TO VARIABLE.
                   PARAMETER   14  alpha_vw RESTORED TO VARIABLE.
                   PARAMETER   13  beta_y RESTORED TO VARIABLE.
                   PARAMETER   11  alpha_y RESTORED TO VARIABLE.
                   PARAMETER   10  beta_2CBO RESTORED TO VARIABLE.
                   PARAMETER    9  alpha_2CBO RESTORED TO VARIABLE.
                   PARAMETER    8  beta_CBO RESTORED TO VARIABLE.
                   PARAMETER    6  alpha_CBO RESTORED TO VARIABLE.
 **********
 **   17 **FIX            8
 **********
 **********
 **   18 **FIX            9
 **********
 **********
 **   19 **FIX           11
 **********
 **********
 **   20 **FIX           12
 **********
 PARAMETER   12  IS CONSTANT.   IGNORED.
 **********
 **   21 **FIX           14
 **********
 **********
 **   22 **FIX           15
 **********
 PARAMETER   15  IS CONSTANT.   IGNORED.
 **********
 **   23 **FIX           16
 **********
 **********
 **   24 **MIGRAD
 **********
 START MIGRAD MINIMIZATION.  STRATEGY  1.  CONVERGENCE WHEN EDM .LT. 1.00e-04
 FCN=587.343 FROM MIGRAD    STATUS=INITIATE       28 CALLS        1065 TOTAL
                     EDM= unknown      STRATEGY= 1      NO ERROR MATRIX       
  EXT PARAMETER               CURRENT GUESS       STEP         FIRST   
  NO.   NAME      VALUE            ERROR          SIZE      DERIVATIVE 
   1  N0           3.18616e+06   3.79248e+02  -2.69231e-01  -6.53932e-07
   2  tau          6.44064e+01   constant   
   3  A0           3.45177e-01   1.52178e-04   3.16996e-07  -5.14106e-01
   4  phi          4.12298e+00   4.89913e-04   5.02389e-07   2.23156e+00
   5  R           -6.06001e+01   constant   
   6  alpha_CBO    0.00000e+00   1.00000e-03   1.00000e-03  -4.91027e+04
   7  w_CBO        2.32500e+00   constant   
   8  beta_CBO     0.00000e+00     fixed    
   9  alpha_2CBO   0.00000e+00     fixed    
  10  beta_2CBO    0.00000e+00   1.00000e-03   1.00000e-03   1.22591e+04
  11  alpha_y      0.00000e+00     fixed    
  12  w_y          1.38860e+01   constant   
  13  beta_y       0.00000e+00   1.00000e-03   1.00000e-03  -1.49093e+04
  14  alpha_vw     0.00000e+00     fixed    
  15  w_vw         1.43404e+01   constant   
  16  beta_vw      0.00000e+00     fixed    
  17  LM           6.43054e-05   constant   
  18  zeta_y       0.00000e+00   constant   
  19  zeta_vw      0.00000e+00   constant   
  20  T_CBO        9.99997e+02   5.19608e+02   1.87821e-02  -2.06707e-04
  21  alpha_A0     9.00604e-04   1.05513e-03  -6.74697e-07  -2.05501e+00
  22  beta_A0      9.09881e-04   8.31270e-04   2.75018e-06   1.85498e-01
  23  alpha_phi   -3.90963e-03   7.49911e-04  -8.94352e-07  -4.40959e-02
  24  beta_phi    -5.65121e-04   7.63506e-04   1.19292e-07   4.27199e-01
 MIGRAD MINIMIZATION HAS CONVERGED.
 MIGRAD WILL VERIFY CONVERGENCE AND ERROR MATRIX.
 COVARIANCE MATRIX CALCULATED SUCCESSFULLY
 FCN=563.419 FROM MIGRAD    STATUS=CONVERGED     247 CALLS        1284 TOTAL
                     EDM=8.911e-06    STRATEGY= 1      ERROR MATRIX ACCURATE 
  EXT PARAMETER                                   STEP         FIRST   
  NO.   NAME      VALUE            ERROR          SIZE      DERIVATIVE 
   1  N0           3.18611e+06   4.22728e+02   4.57650e+00   3.60496e-06
   2  tau          6.44064e+01   constant   
   3  A0           3.45047e-01   1.58445e-04   1.75708e-06   6.01977e+00
   4  phi          4.12264e+00   5.07848e-04   5.71118e-06   8.35189e-01
   5  R           -6.06001e+01   constant   
   6  alpha_CBO    8.43373e-04   1.84419e-04   2.03031e-06  -9.00352e-01
   7  w_CBO        2.32500e+00   constant   
   8  beta_CBO     0.00000e+00     fixed    
   9  alpha_2CBO   0.00000e+00     fixed    
  10  beta_2CBO   -2.26079e-04   1.81715e-04   2.05126e-06  -3.26807e+00
  11  alpha_y      0.00000e+00     fixed    
  12  w_y          1.38860e+01   constant   
  13  beta_y       2.45766e-04   1.76839e-04   2.05007e-06  -6.68436e+00
  14  alpha_vw     0.00000e+00     fixed    
  15  w_vw         1.43404e+01   constant   
  16  beta_vw      0.00000e+00     fixed    
  17  LM           6.43054e-05   constant   
  18  zeta_y       0.00000e+00   constant   
  19  zeta_vw      0.00000e+00   constant   
  20  T_CBO        1.00000e+03   5.19148e+02   6.78345e-02** at limit **
  21  alpha_A0     6.57188e-04   8.49661e-04   9.43423e-06  -3.94573e+00
  22  beta_A0      1.09491e-03   8.20701e-04   9.15065e-06  -4.30423e-01
  23  alpha_phi   -3.28452e-03   7.31172e-04   8.14613e-06   1.25479e+00
  24  beta_phi    -2.63772e-04   7.42159e-04   8.43216e-06  -1.14148e+00
 EXTERNAL ERROR MATRIX.    NDIM=  25    NPAR= 11    ERR DEF=1
  1.787e+05 
  1.455e-02  2.510e-08 
 -8.964e-03  4.956e-09  2.579e-07 
 -2.987e-03 -4.945e-09 -1.422e-08  3.401e-08 
 -1.936e-03  1.201e-09 -6.290e-10 -8.527e-10  3.302e-08 
  8.465e-04 -2.202e-10  8.389e-10  4.291e-10 -3.623e-10  3.127e-08 
 -6.738e-04  6.877e-10 -1.248e-09  2.588e-10 -1.474e-10  2.713e-11  9.843e-05 
 -4.015e-02  6.172e-09  7.278e-08 -1.575e-08 -1.967e-08  3.207e-09  9.735e-08  7.219e-07 
 -5.994e-02 -1.110e-08 -4.348e-08  4.163e-09 -1.327e-08  2.945e-10  1.465e-07 -7.432e-08  6.735e-07 
 -4.504e-02 -2.112e-09  8.888e-09  2.793e-08  9.215e-09 -4.658e-10 -4.471e-07 -1.043e-08 -1.466e-08  5.346e-07 
  2.137e-02 -7.531e-09 -1.974e-08  7.468e-09 -1.743e-08  1.560e-09 -3.514e-08 -3.996e-08  5.751e-08  5.050e-09  5.508e-07 
 PARAMETER  CORRELATION COEFFICIENTS  
       NO.  GLOBAL      1      3      4      6     10     13     20     21     22     23     24
        1  0.35351   1.000  0.217 -0.042 -0.038 -0.025  0.011 -0.000 -0.112 -0.173 -0.146  0.068
        3  0.29348   0.217  1.000  0.062 -0.169  0.042 -0.008  0.000  0.046 -0.085 -0.018 -0.064
        4  0.24532  -0.042  0.062  1.000 -0.152 -0.007  0.009 -0.000  0.169 -0.104  0.024 -0.052
        6  0.31513  -0.038 -0.169 -0.152  1.000 -0.025  0.013  0.000 -0.101  0.028  0.207  0.055
       10  0.23036  -0.025  0.042 -0.007 -0.025  1.000 -0.011 -0.000 -0.127 -0.089  0.069 -0.129
       13  0.03587   0.011 -0.008  0.009  0.013 -0.011  1.000  0.000  0.021  0.002 -0.004  0.012
       20  0.06736  -0.000  0.000 -0.000  0.000 -0.000  0.000  1.000  0.012  0.018 -0.062 -0.005
       21  0.28951  -0.112  0.046  0.169 -0.101 -0.127  0.021  0.012  1.000 -0.107 -0.017 -0.063
       22  0.27598  -0.173 -0.085 -0.104  0.028 -0.089  0.002  0.018 -0.107  1.000 -0.024  0.094
       23  0.27855  -0.146 -0.018  0.024  0.207  0.069 -0.004 -0.062 -0.017 -0.024  1.000  0.009
       24  0.20181   0.068 -0.064 -0.052  0.055 -0.129  0.012 -0.005 -0.063  0.094  0.009  1.000
MINUIT - FIT ONLY 2-CBO
 **********
 **   25 **RES 
 **********
                   PARAMETER   16  beta_vw RESTORED TO VARIABLE.
                   PARAMETER   14  alpha_vw RESTORED TO VARIABLE.
                   PARAMETER   11  alpha_y RESTORED TO VARIABLE.
                   PARAMETER    9  alpha_2CBO RESTORED TO VARIABLE.
                   PARAMETER    8  beta_CBO RESTORED TO VARIABLE.
 **********
 **   26 **FIX            0
 **********
 PARAMETER    0  IS UNDEFINED. IGNORED.
 **********
 **   27 **FIX            1
 **********
 **********
 **   28 **FIX            2
 **********
 PARAMETER    2  IS CONSTANT.   IGNORED.
 **********
 **   29 **FIX            3
 **********
 **********
 **   30 **FIX            4
 **********
 **********
 **   31 **FIX            5
 **********
 PARAMETER    5  IS CONSTANT.   IGNORED.
 **********
 **   32 **FIX            6
 **********
 **********
 **   33 **FIX            7
 **********
 PARAMETER    7  IS CONSTANT.   IGNORED.
 **********
 **   34 **FIX           10
 **********
 **********
 **   35 **FIX           11
 **********
 **********
 **   36 **FIX           12
 **********
 PARAMETER   12  IS CONSTANT.   IGNORED.
 **********
 **   37 **FIX           13
 **********
 **********
 **   38 **FIX           14
 **********
 **********
 **   39 **FIX           15
 **********
 PARAMETER   15  IS CONSTANT.   IGNORED.
 **********
 **   40 **FIX           16
 **********
 **********
 **   41 **MIGRAD
 **********
 START MIGRAD MINIMIZATION.  STRATEGY  1.  CONVERGENCE WHEN EDM .LT. 1.00e-04
 FCN=563.419 FROM MIGRAD    STATUS=INITIATE       18 CALLS        1302 TOTAL
                     EDM= unknown      STRATEGY= 1      NO ERROR MATRIX       
  EXT PARAMETER               CURRENT GUESS       STEP         FIRST   
  NO.   NAME      VALUE            ERROR          SIZE      DERIVATIVE 
   1  N0           3.18611e+06     fixed    
   2  tau          6.44064e+01   constant   
   3  A0           3.45047e-01     fixed    
   4  phi          4.12264e+00     fixed    
   5  R           -6.06001e+01   constant   
   6  alpha_CBO    8.43373e-04     fixed    
   7  w_CBO        2.32500e+00   constant   
   8  beta_CBO     0.00000e+00   1.00000e-03   1.00000e-03  -2.39757e+05
   9  alpha_2CBO   0.00000e+00   1.00000e-03   1.00000e-03  -1.01605e+04
  10  beta_2CBO   -2.26079e-04     fixed    
  11  alpha_y      0.00000e+00     fixed    
  12  w_y          1.38860e+01   constant   
  13  beta_y       2.45766e-04     fixed    
  14  alpha_vw     0.00000e+00     fixed    
  15  w_vw         1.43404e+01   constant   
  16  beta_vw      0.00000e+00     fixed    
  17  LM           6.43054e-05   constant   
  18  zeta_y       0.00000e+00   constant   
  19  zeta_vw      0.00000e+00   constant   
  20  T_CBO        9.99999e+02   5.19148e+02   6.78345e-02  -1.13756e-04
  21  alpha_A0     6.57188e-04   8.49661e-04   9.43423e-06  -3.94601e+00
  22  beta_A0      1.09491e-03   8.20701e-04   9.15065e-06  -4.30886e-01
  23  alpha_phi   -3.28452e-03   7.31172e-04   8.14613e-06   1.25651e+00
  24  beta_phi    -2.63772e-04   7.42159e-04   8.43216e-06  -1.14137e+00
 MIGRAD MINIMIZATION HAS CONVERGED.
 MIGRAD WILL VERIFY CONVERGENCE AND ERROR MATRIX.
 COVARIANCE MATRIX CALCULATED SUCCESSFULLY
 FCN=92.314 FROM MIGRAD    STATUS=CONVERGED     149 CALLS        1433 TOTAL
                     EDM=1.51191e-07    STRATEGY= 1      ERROR MATRIX ACCURATE 
  EXT PARAMETER                                   STEP         FIRST   
  NO.   NAME      VALUE            ERROR          SIZE      DERIVATIVE 
   1  N0           3.18611e+06     fixed    
   2  tau          6.44064e+01   constant   
   3  A0           3.45047e-01     fixed    
   4  phi          4.12264e+00     fixed    
   5  R           -6.06001e+01   constant   
   6  alpha_CBO    8.43373e-04     fixed    
   7  w_CBO        2.32500e+00   constant   
   8  beta_CBO     3.92430e-03   1.80972e-04   8.30291e-07  -6.41795e-02
   9  alpha_2CBO   1.35991e-04   1.77926e-04   8.21867e-07  -9.72223e-01
  10  beta_2CBO   -2.26079e-04     fixed    
  11  alpha_y      0.00000e+00     fixed    
  12  w_y          1.38860e+01   constant   
  13  beta_y       2.45766e-04     fixed    
  14  alpha_vw     0.00000e+00     fixed    
  15  w_vw         1.43404e+01   constant   
  16  beta_vw      0.00000e+00     fixed    
  17  LM           6.43054e-05   constant   
  18  zeta_y       0.00000e+00   constant   
  19  zeta_vw      0.00000e+00   constant   
  20  T_CBO        1.00000e+03   9.94701e+02   3.94676e-02** at limit **
  21  alpha_A0     2.32709e-04   8.25481e-04   3.83325e-06  -5.23120e-01
  22  beta_A0      1.20408e-03   8.05840e-04   3.71715e-06  -4.12815e-01
  23  alpha_phi   -2.83763e-03   7.08031e-04   3.31176e-06  -2.31716e-01
  24  beta_phi     3.45107e-03   7.52572e-04   3.42775e-06  -2.40184e-02
 EXTERNAL ERROR MATRIX.    NDIM=  25    NPAR=  7    ERR DEF=1
  3.275e-08 -2.169e-10  1.185e-08 -2.856e-09 -1.868e-10  4.264e-09  3.124e-08 
 -2.169e-10  3.166e-08 -1.286e-08 -1.657e-08  2.039e-08 -1.280e-08 -5.439e-09 
  1.185e-08 -1.286e-08  8.191e-02  9.447e-07  4.471e-06 -1.013e-05  1.270e-05 
 -2.856e-09 -1.657e-08  9.447e-07  6.814e-07 -9.116e-08 -1.627e-09 -3.537e-08 
 -1.868e-10  2.039e-08  4.471e-06 -9.116e-08  6.494e-07 -3.221e-08  4.752e-08 
  4.264e-09 -1.280e-08 -1.013e-05 -1.627e-09 -3.221e-08  5.013e-07  1.634e-08 
  3.124e-08 -5.439e-09  1.270e-05 -3.537e-08  4.752e-08  1.634e-08  5.664e-07 
 PARAMETER  CORRELATION COEFFICIENTS  
       NO.  GLOBAL      8      9     20     21     22     23     24
        8  0.23209   1.000 -0.007  0.000 -0.019 -0.001  0.033  0.229
        9  0.20239  -0.007  1.000 -0.000 -0.113  0.142 -0.102 -0.041
       20  0.08087   0.000 -0.000  1.000  0.004  0.019 -0.050  0.059
       21  0.17539  -0.019 -0.113  0.004  1.000 -0.137 -0.003 -0.057
       22  0.20883  -0.001  0.142  0.019 -0.137  1.000 -0.056  0.078
       23  0.12889   0.033 -0.102 -0.050 -0.003 -0.056  1.000  0.031
       24  0.25986   0.229 -0.041  0.059 -0.057  0.078  0.031  1.000
MINUIT - FIT wiggle + 1-CBO + 2-CBO
 **********
 **   42 **RES 
 **********
                   PARAMETER   16  beta_vw RESTORED TO VARIABLE.
                   PARAMETER   14  alpha_vw RESTORED TO VARIABLE.
                   PARAMETER   13  beta_y RESTORED TO VARIABLE.
                   PARAMETER   11  alpha_y RESTORED TO VARIABLE.
                   PARAMETER   10  beta_2CBO RESTORED TO VARIABLE.
                   PARAMETER    6  alpha_CBO RESTORED TO VARIABLE.
                   PARAMETER    4  phi RESTORED TO VARIABLE.
                   PARAMETER    3  A0 RESTORED TO VARIABLE.
                   PARAMETER    1  N0 RESTORED TO VARIABLE.
 **********
 **   43 **FIX           10
 **********
 **********
 **   44 **FIX           11
 **********
 **********
 **   45 **FIX           12
 **********
 PARAMETER   12  IS CONSTANT.   IGNORED.
 **********
 **   46 **FIX           13
 **********
 **********
 **   47 **FIX           14
 **********
 **********
 **   48 **FIX           15
 **********
 PARAMETER   15  IS CONSTANT.   IGNORED.
 **********
 **   49 **FIX           16
 **********
 **********
 **   50 **MIGRAD
 **********
 START MIGRAD MINIMIZATION.  STRATEGY  1.  CONVERGENCE WHEN EDM .LT. 1.00e-04
 FCN=92.314 FROM MIGRAD    STATUS=INITIATE       22 CALLS        1455 TOTAL
                     EDM= unknown      STRATEGY= 1      NO ERROR MATRIX       
  EXT PARAMETER               CURRENT GUESS       STEP         FIRST   
  NO.   NAME      VALUE            ERROR          SIZE      DERIVATIVE 
   1  N0           3.18611e+06   4.22728e+02   4.22728e+02   1.91707e-03
   2  tau          6.44064e+01   constant   
   3  A0           3.45047e-01   1.58445e-04   1.58445e-04  -2.08885e+04
   4  phi          4.12264e+00   5.07848e-04   5.07848e-04   1.87560e+04
   5  R           -6.06001e+01   constant   
   6  alpha_CBO    8.43373e-04   1.84419e-04   1.84419e-04   5.47551e+03
   7  w_CBO        2.32500e+00   constant   
   8  beta_CBO     3.92430e-03   1.80972e-04   8.30291e-07  -6.27580e-02
   9  alpha_2CBO   1.35991e-04   1.77926e-04   8.21867e-07  -9.71766e-01
  10  beta_2CBO   -2.26079e-04     fixed    
  11  alpha_y      0.00000e+00     fixed    
  12  w_y          1.38860e+01   constant   
  13  beta_y       2.45766e-04     fixed    
  14  alpha_vw     0.00000e+00     fixed    
  15  w_vw         1.43404e+01   constant   
  16  beta_vw      0.00000e+00     fixed    
  17  LM           6.43054e-05   constant   
  18  zeta_y       0.00000e+00   constant   
  19  zeta_vw      0.00000e+00   constant   
  20  T_CBO        9.99999e+02   9.94701e+02   3.94676e-02  -4.67119e-05
  21  alpha_A0     2.32709e-04   8.25481e-04   3.83325e-06  -5.23347e-01
  22  beta_A0      1.20408e-03   8.05840e-04   3.71715e-06  -4.13177e-01
  23  alpha_phi   -2.83763e-03   7.08031e-04   3.31176e-06  -2.30197e-01
  24  beta_phi     3.45107e-03   7.52572e-04   3.42775e-06  -2.57671e-02
 MIGRAD MINIMIZATION HAS CONVERGED.
 MIGRAD WILL VERIFY CONVERGENCE AND ERROR MATRIX.
 COVARIANCE MATRIX CALCULATED SUCCESSFULLY
 FCN=67.0056 FROM MIGRAD    STATUS=CONVERGED     269 CALLS        1702 TOTAL
                     EDM=3.36975e-07    STRATEGY= 1      ERROR MATRIX ACCURATE 
  EXT PARAMETER                                   STEP         FIRST   
  NO.   NAME      VALUE            ERROR          SIZE      DERIVATIVE 
   1  N0           3.18619e+06   4.22592e+02   1.58860e+00  -1.17719e-07
   2  tau          6.44064e+01   constant   
   3  A0           3.45273e-01   1.58626e-04   6.09622e-07  -1.46848e+00
   4  phi          4.12018e+00   5.20426e-04   1.98041e-06  -9.63980e-01
   5  R           -6.06001e+01   constant   
   6  alpha_CBO    8.34227e-04   1.84384e-04   7.04824e-07  -8.51217e-01
   7  w_CBO        2.32500e+00   constant   
   8  beta_CBO     4.13268e-03   1.85636e-04   7.08826e-07   5.57260e-01
   9  alpha_2CBO   1.93134e-04   1.78470e-04   7.01657e-07   1.35322e+00
  10  beta_2CBO   -2.26079e-04     fixed    
  11  alpha_y      0.00000e+00     fixed    
  12  w_y          1.38860e+01   constant   
  13  beta_y       2.45766e-04     fixed    
  14  alpha_vw     0.00000e+00     fixed    
  15  w_vw         1.43404e+01   constant   
  16  beta_vw      0.00000e+00     fixed    
  17  LM           6.43054e-05   constant   
  18  zeta_y       0.00000e+00   constant   
  19  zeta_vw      0.00000e+00   constant   
  20  T_CBO        1.00000e+03   6.90399e+02   6.28578e-02** at limit **
  21  alpha_A0    -3.64644e-04   8.48428e-04   3.27115e-06  -6.10295e-02
  22  beta_A0      1.65052e-03   8.28311e-04   3.17341e-06  -6.49018e-01
  23  alpha_phi   -2.98715e-03   7.37114e-04   2.82522e-06  -2.34628e-01
  24  beta_phi     3.71285e-03   7.65846e-04   2.92366e-06  -3.20900e-01
 EXTERNAL ERROR MATRIX.    NDIM=  25    NPAR= 11    ERR DEF=1
  1.786e+05 
  1.465e-02  2.516e-08 
 -8.847e-03  3.956e-09  2.708e-07 
 -3.032e-03 -4.894e-09 -1.413e-08  3.400e-08 
  4.412e-04  1.877e-09 -2.016e-08 -4.831e-11  3.446e-08 
 -6.251e-04 -4.575e-10 -6.381e-09 -5.954e-10  2.539e-10  3.185e-08 
 -2.183e-01 -1.869e-07 -3.736e-07  3.831e-08  8.222e-08 -7.196e-08  5.774e-01 
 -4.127e-02  6.606e-09  8.005e-08 -1.580e-08 -7.706e-09 -1.810e-08 -7.420e-06  7.198e-07 
 -6.094e-02 -1.071e-08 -5.481e-08  3.565e-09  3.867e-09  2.207e-08  3.833e-05 -9.596e-08  6.861e-07 
 -4.398e-02 -2.088e-09  9.727e-09  2.843e-08  3.098e-09 -1.368e-08 -6.840e-05  3.430e-09 -2.392e-08  5.433e-07 
  2.064e-02 -5.901e-09 -3.868e-08  7.162e-09  3.329e-08 -4.683e-09  8.631e-05 -5.582e-08  5.594e-08  4.914e-09  5.865e-07 
 PARAMETER  CORRELATION COEFFICIENTS  
       NO.  GLOBAL      1      3      4      6      8      9     20     21     22     23     24
        1  0.35267   1.000  0.219 -0.040 -0.039  0.006 -0.008 -0.001 -0.115 -0.174 -0.141  0.064
        3  0.29844   0.219  1.000  0.048 -0.167  0.064 -0.016 -0.002  0.049 -0.082 -0.018 -0.049
        4  0.32693  -0.040  0.048  1.000 -0.147 -0.209 -0.069 -0.001  0.181 -0.127  0.025 -0.097
        6  0.31430  -0.039 -0.167 -0.147  1.000 -0.001 -0.018  0.000 -0.101  0.023  0.209  0.051
        8  0.31744   0.006  0.064 -0.209 -0.001  1.000  0.008  0.001 -0.049  0.025  0.023  0.234
        9  0.21608  -0.008 -0.016 -0.069 -0.018  0.008  1.000 -0.001 -0.120  0.149 -0.104 -0.034
       20  0.20401  -0.001 -0.002 -0.001  0.000  0.001 -0.001  1.000 -0.012  0.061 -0.122  0.148
       21  0.28840  -0.115  0.049  0.181 -0.101 -0.049 -0.120 -0.012  1.000 -0.137  0.005 -0.086
       22  0.30777  -0.174 -0.082 -0.127  0.023  0.025  0.149  0.061 -0.137  1.000 -0.039  0.088
       23  0.30651  -0.141 -0.018  0.025  0.209  0.023 -0.104 -0.122  0.005 -0.039  1.000  0.009
       24  0.31804   0.064 -0.049 -0.097  0.051  0.234 -0.034  0.148 -0.086  0.088  0.009  1.000
MINUIT - FIT ONLY 1-y
 **********
 **   51 **RES 
 **********
                   PARAMETER   16  beta_vw RESTORED TO VARIABLE.
                   PARAMETER   14  alpha_vw RESTORED TO VARIABLE.
                   PARAMETER   13  beta_y RESTORED TO VARIABLE.
                   PARAMETER   11  alpha_y RESTORED TO VARIABLE.
                   PARAMETER   10  beta_2CBO RESTORED TO VARIABLE.
 **********
 **   52 **FIX            0
 **********
 PARAMETER    0  IS UNDEFINED. IGNORED.
 **********
 **   53 **FIX            1
 **********
 **********
 **   54 **FIX            2
 **********
 PARAMETER    2  IS CONSTANT.   IGNORED.
 **********
 **   55 **FIX            3
 **********
 **********
 **   56 **FIX            4
 **********
 **********
 **   57 **FIX            5
 **********
 PARAMETER    5  IS CONSTANT.   IGNORED.
 **********
 **   58 **FIX            6
 **********
 **********
 **   59 **FIX            7
 **********
 PARAMETER    7  IS CONSTANT.   IGNORED.
 **********
 **   60 **FIX            8
 **********
 **********
 **   61 **FIX            9
 **********
 **********
 **   62 **FIX           13
 **********
 **********
 **   63 **FIX           14
 **********
 **********
 **   64 **FIX           15
 **********
 PARAMETER   15  IS CONSTANT.   IGNORED.
 **********
 **   65 **FIX           16
 **********
 **********
 **   66 **MIGRAD
 **********
 START MIGRAD MINIMIZATION.  STRATEGY  1.  CONVERGENCE WHEN EDM .LT. 1.00e-04
 FCN=67.0056 FROM MIGRAD    STATUS=INITIATE       16 CALLS        1718 TOTAL
                     EDM= unknown      STRATEGY= 1      NO ERROR MATRIX       
  EXT PARAMETER               CURRENT GUESS       STEP         FIRST   
  NO.   NAME      VALUE            ERROR          SIZE      DERIVATIVE 
   1  N0           3.18619e+06     fixed    
   2  tau          6.44064e+01   constant   
   3  A0           3.45273e-01     fixed    
   4  phi          4.12018e+00     fixed    
   5  R           -6.06001e+01   constant   
   6  alpha_CBO    8.34227e-04     fixed    
   7  w_CBO        2.32500e+00   constant   
   8  beta_CBO     4.13268e-03     fixed    
   9  alpha_2CBO   1.93134e-04     fixed    
  10  beta_2CBO   -2.26079e-04   1.81715e-04   1.81715e-04  -2.32509e+03
  11  alpha_y      0.00000e+00   1.00000e-03   1.00000e-03   1.38088e+04
  12  w_y          1.38860e+01   constant   
  13  beta_y       2.45766e-04     fixed    
  14  alpha_vw     0.00000e+00     fixed    
  15  w_vw         1.43404e+01   constant   
  16  beta_vw      0.00000e+00     fixed    
  17  LM           6.43054e-05   constant   
  18  zeta_y       0.00000e+00   constant   
  19  zeta_vw      0.00000e+00   constant   
  20  T_CBO        9.99999e+02   6.90399e+02   6.28578e-02  -2.04966e-05
  21  alpha_A0    -3.64644e-04   8.48428e-04   3.27115e-06  -6.10232e-02
  22  beta_A0      1.65052e-03   8.28311e-04   3.17341e-06  -6.49518e-01
  23  alpha_phi   -2.98715e-03   7.37114e-04   2.82522e-06  -2.33013e-01
  24  beta_phi     3.71285e-03   7.65846e-04   2.92366e-06  -3.22746e-01
 MIGRAD MINIMIZATION HAS CONVERGED.
 MIGRAD WILL VERIFY CONVERGENCE AND ERROR MATRIX.
 COVARIANCE MATRIX CALCULATED SUCCESSFULLY
 FCN=65.5101 FROM MIGRAD    STATUS=CONVERGED     111 CALLS        1813 TOTAL
                     EDM=7.31766e-07    STRATEGY= 1      ERROR MATRIX ACCURATE 
  EXT PARAMETER                                   STEP         FIRST   
  NO.   NAME      VALUE            ERROR          SIZE      DERIVATIVE 
   1  N0           3.18619e+06     fixed    
   2  tau          6.44064e+01   constant   
   3  A0           3.45273e-01     fixed    
   4  phi          4.12018e+00     fixed    
   5  R           -6.06001e+01   constant   
   6  alpha_CBO    8.34227e-04     fixed    
   7  w_CBO        2.32500e+00   constant   
   8  beta_CBO     4.13268e-03     fixed    
   9  alpha_2CBO   1.93134e-04     fixed    
  10  beta_2CBO   -1.87536e-04   1.81400e-04   7.04218e-07   2.28331e+00
  11  alpha_y     -2.10121e-04   1.74428e-04   6.94250e-07  -4.07191e-01
  12  w_y          1.38860e+01   constant   
  13  beta_y       2.45766e-04     fixed    
  14  alpha_vw     0.00000e+00     fixed    
  15  w_vw         1.43404e+01   constant   
  16  beta_vw      0.00000e+00     fixed    
  17  LM           6.43054e-05   constant   
  18  zeta_y       0.00000e+00   constant   
  19  zeta_vw      0.00000e+00   constant   
  20  T_CBO        1.00000e+03   6.25188e+02   3.97291e-02** at limit **
  21  alpha_A0    -4.07878e-04   8.27721e-04   3.23496e-06   9.04157e-02
  22  beta_A0      1.65841e-03   8.02135e-04   3.13834e-06   1.41648e+00
  23  alpha_phi   -2.97921e-03   7.06638e-04   2.79399e-06  -3.45746e-01
  24  beta_phi     3.70536e-03   7.39099e-04   2.89134e-06   1.61116e-01
 EXTERNAL ERROR MATRIX.    NDIM=  25    NPAR=  7    ERR DEF=1
  3.291e-08 -3.910e-11 -4.400e-10 -2.055e-08 -1.376e-08  9.256e-09 -1.653e-08 
 -3.910e-11  3.042e-08  7.693e-10  2.796e-09 -3.361e-09  4.036e-10 -1.675e-09 
 -4.400e-10  7.693e-10  2.622e-03 -3.493e-07  1.606e-06 -2.857e-06  3.598e-06 
 -2.055e-08  2.796e-09 -3.493e-07  6.851e-07 -7.287e-08 -1.254e-08 -2.555e-08 
 -1.376e-08 -3.361e-09  1.606e-06 -7.287e-08  6.434e-07 -2.877e-08  6.062e-08 
  9.256e-09  4.036e-10 -2.857e-06 -1.254e-08 -2.877e-08  4.993e-07  3.178e-09 
 -1.653e-08 -1.675e-09  3.598e-06 -2.555e-08  6.062e-08  3.178e-09  5.463e-07 
 PARAMETER  CORRELATION COEFFICIENTS  
       NO.  GLOBAL     10     11     20     21     22     23     24
       10  0.22269   1.000 -0.001 -0.000 -0.137 -0.095  0.072 -0.123
       11  0.03130  -0.001  1.000  0.000  0.019 -0.024  0.003 -0.013
       20  0.12809  -0.000  0.000  1.000 -0.008  0.039 -0.079  0.095
       21  0.19168  -0.137  0.019 -0.008  1.000 -0.110 -0.021 -0.042
       22  0.18618  -0.095 -0.024  0.039 -0.110  1.000 -0.051  0.102
       23  0.11878   0.072  0.003 -0.079 -0.021 -0.051  1.000  0.006
       24  0.18685  -0.123 -0.013  0.095 -0.042  0.102  0.006  1.000
MINUIT - FIT ONLY 2-y
 **********
 **   67 **RES 
 **********
                   PARAMETER   16  beta_vw RESTORED TO VARIABLE.
                   PARAMETER   14  alpha_vw RESTORED TO VARIABLE.
                   PARAMETER   13  beta_y RESTORED TO VARIABLE.
                   PARAMETER    9  alpha_2CBO RESTORED TO VARIABLE.
                   PARAMETER    8  beta_CBO RESTORED TO VARIABLE.
                   PARAMETER    6  alpha_CBO RESTORED TO VARIABLE.
                   PARAMETER    4  phi RESTORED TO VARIABLE.
                   PARAMETER    3  A0 RESTORED TO VARIABLE.
                   PARAMETER    1  N0 RESTORED TO VARIABLE.
 **********
 **   68 **FIX            0
 **********
 PARAMETER    0  IS UNDEFINED. IGNORED.
 **********
 **   69 **FIX            1
 **********
 **********
 **   70 **FIX            2
 **********
 PARAMETER    2  IS CONSTANT.   IGNORED.
 **********
 **   71 **FIX            3
 **********
 **********
 **   72 **FIX            4
 **********
 **********
 **   73 **FIX            5
 **********
 PARAMETER    5  IS CONSTANT.   IGNORED.
 **********
 **   74 **FIX            6
 **********
 **********
 **   75 **FIX            7
 **********
 PARAMETER    7  IS CONSTANT.   IGNORED.
 **********
 **   76 **FIX            8
 **********
 **********
 **   77 **FIX            9
 **********
 **********
 **   78 **FIX           10
 **********
 **********
 **   79 **FIX           11
 **********
 **********
 **   80 **FIX           12
 **********
 PARAMETER   12  IS CONSTANT.   IGNORED.
 **********
 **   81 **FIX           16
 **********
 **********
 **   82 **MIGRAD
 **********
 START MIGRAD MINIMIZATION.  STRATEGY  1.  CONVERGENCE WHEN EDM .LT. 1.00e-04
 FCN=65.5101 FROM MIGRAD    STATUS=INITIATE       16 CALLS        1829 TOTAL
                     EDM= unknown      STRATEGY= 1      NO ERROR MATRIX       
  EXT PARAMETER               CURRENT GUESS       STEP         FIRST   
  NO.   NAME      VALUE            ERROR          SIZE      DERIVATIVE 
   1  N0           3.18619e+06     fixed    
   2  tau          6.44064e+01   constant   
   3  A0           3.45273e-01     fixed    
   4  phi          4.12018e+00     fixed    
   5  R           -6.06001e+01   constant   
   6  alpha_CBO    8.34227e-04     fixed    
   7  w_CBO        2.32500e+00   constant   
   8  beta_CBO     4.13268e-03     fixed    
   9  alpha_2CBO   1.93134e-04     fixed    
  10  beta_2CBO   -1.87536e-04     fixed    
  11  alpha_y     -2.10121e-04     fixed    
  12  w_y          1.38860e+01   constant   
  13  beta_y       2.45766e-04   1.76839e-04   1.76839e-04   2.64370e+03
  14  alpha_vw     0.00000e+00   1.00000e-03   1.00000e-03  -8.03373e+02
  15  w_vw         1.43404e+01   constant   
  16  beta_vw      0.00000e+00     fixed    
  17  LM           6.43054e-05   constant   
  18  zeta_y       0.00000e+00   constant   
  19  zeta_vw      0.00000e+00   constant   
  20  T_CBO        9.99999e+02   6.25188e+02   3.97291e-02  -2.23814e-05
  21  alpha_A0    -4.07878e-04   8.27721e-04   3.23496e-06   9.04299e-02
  22  beta_A0      1.65841e-03   8.02135e-04   3.13834e-06   1.41599e+00
  23  alpha_phi   -2.97921e-03   7.06638e-04   2.79399e-06  -3.44127e-01
  24  beta_phi     3.70536e-03   7.39099e-04   2.89134e-06   1.59268e-01
 MIGRAD MINIMIZATION HAS CONVERGED.
 MIGRAD WILL VERIFY CONVERGENCE AND ERROR MATRIX.
 COVARIANCE MATRIX CALCULATED SUCCESSFULLY
 FCN=65.4554 FROM MIGRAD    STATUS=CONVERGED     100 CALLS        1913 TOTAL
                     EDM=1.90272e-06    STRATEGY= 1      ERROR MATRIX ACCURATE 
  EXT PARAMETER                                   STEP         FIRST   
  NO.   NAME      VALUE            ERROR          SIZE      DERIVATIVE 
   1  N0           3.18619e+06     fixed    
   2  tau          6.44064e+01   constant   
   3  A0           3.45273e-01     fixed    
   4  phi          4.12018e+00     fixed    
   5  R           -6.06001e+01   constant   
   6  alpha_CBO    8.34227e-04     fixed    
   7  w_CBO        2.32500e+00   constant   
   8  beta_CBO     4.13268e-03     fixed    
   9  alpha_2CBO   1.93134e-04     fixed    
  10  beta_2CBO   -1.87536e-04     fixed    
  11  alpha_y     -2.10121e-04     fixed    
  12  w_y          1.38860e+01   constant   
  13  beta_y       2.04964e-04   1.82942e-04   7.03426e-07  -2.50902e-01
  14  alpha_vw     1.95208e-06   1.81851e-04   6.99203e-07  -7.96045e-01
  15  w_vw         1.43404e+01   constant   
  16  beta_vw      0.00000e+00     fixed    
  17  LM           6.43054e-05   constant   
  18  zeta_y       0.00000e+00   constant   
  19  zeta_vw      0.00000e+00   constant   
  20  T_CBO        1.00000e+03   6.77382e+02   5.54908e-02** at limit **
  21  alpha_A0    -4.11278e-04   8.20260e-04   3.23363e-06   1.79621e+00
  22  beta_A0      1.65753e-03   7.99001e-04   3.13705e-06   6.25482e-01
  23  alpha_phi   -2.97875e-03   7.07108e-04   2.79284e-06  -1.18361e+00
  24  beta_phi     3.70419e-03   7.36988e-04   2.89015e-06   1.26884e+00
 EXTERNAL ERROR MATRIX.    NDIM=  25    NPAR=  7    ERR DEF=1
  3.347e-08  8.565e-09 -6.891e-09  4.152e-09  9.763e-10 -8.369e-10  1.690e-09 
  8.565e-09  3.307e-08 -1.345e-08  3.735e-09  1.720e-09 -1.136e-09  2.049e-09 
 -6.891e-09 -1.345e-08  6.942e-01 -8.186e-06  3.728e-05 -6.633e-05  8.352e-05 
  4.152e-09  3.735e-09 -8.186e-06  6.728e-07 -8.113e-08 -6.585e-09 -3.587e-08 
  9.763e-10  1.720e-09  3.728e-05 -8.113e-08  6.384e-07 -2.673e-08  5.592e-08 
 -8.369e-10 -1.136e-09 -6.633e-05 -6.585e-09 -2.673e-08  5.000e-07  3.699e-09 
  1.690e-09  2.049e-09  8.352e-05 -3.587e-08  5.592e-08  3.699e-09  5.432e-07 
 PARAMETER  CORRELATION COEFFICIENTS  
       NO.  GLOBAL     13     14     20     21     22     23     24
       13  0.25860   1.000  0.257 -0.000  0.028  0.007 -0.006  0.013
       14  0.25876   0.257  1.000 -0.000  0.025  0.012 -0.009  0.015
       20  0.18123  -0.000 -0.000  1.000 -0.012  0.056 -0.113  0.136
       21  0.13834   0.028  0.025 -0.012  1.000 -0.124 -0.011 -0.059
       22  0.16455   0.007  0.012  0.056 -0.124  1.000 -0.047  0.095
       23  0.12418  -0.006 -0.009 -0.113 -0.011 -0.047  1.000  0.007
       24  0.17139   0.013  0.015  0.136 -0.059  0.095  0.007  1.000
MINUIT - FIT ALTOGETHER
