 + ++++++++++++++++++++++++++++++++++++++++++++++++++++++++++++++++++++ +
 +                                                                      +
 +           You have chose to blind your fitting according to          +
 +                omega_ref * (1 + (R +/- deltaR) *10^{-6})             +
 +                                                                      +
 + ++++++++++++++++++++++++++++++++++++++++++++++++++++++++++++++++++++ +
In main()...
reading format from /gm2data/zkhechad/run45/envelope/formats/formatB_sBin_constraintOn.txt
pBinTau 	= 0  
pBinPhi 	= 0  
constraintau 	= 1 
includeMopTerm 	= 0    
constrainMop    = 0   
Parameters after format file: pBinTau 0 pBinPhi 0 constraintau 1 includeMopTerm 0 constrainMop 0 c_e_scale 0.000000 
Opening file /gm2data/tbarrett/gm2fr/studies/run23_bunch_corrections/CorrectedFourier_Run3b.root.
reading full fit data from /gm2data/zkhechad/cboTemplates/Run4CBOTemplates/fullFits/noRF/sBin_constraintOn_cE0.0_seed0_noRF_calo8.root
windowBins = 69
fitting sliding window 490 from bin 626 at 93.250000 to bin 695 at 103.694000 (69 bins)

Reading data from /gm2data/cornell/histograms/aMethod/histogram_a_noRF.root
 **********
 **    1 **SET PRINTOUT            1
 **********
 **********
 **    2 **SET NOWARNINGS 
 **********
 PARAMETER DEFINITIONS:
    NO.   NAME         VALUE      STEP SIZE      LIMITS
     1 N0           2.93777e+06  1.00000e+02     no limits
     2 tau          6.44050e+01  constant
     3 A0           3.52923e-01  1.00000e-04     no limits
     4 phi          4.11508e+00  1.00000e-02     no limits
     5 R           -6.11922e+01  constant
     6 alpha_CBO    0.00000e+00  1.00000e-03     no limits
     7 w_CBO        2.32500e+00  constant
     8 beta_CBO     0.00000e+00  1.00000e-03     no limits
     9 alpha_2CBO   0.00000e+00  1.00000e-03     no limits
    10 beta_2CBO    0.00000e+00  1.00000e-03     no limits
    11 alpha_y      0.00000e+00  1.00000e-03     no limits
    12 w_y          1.38860e+01  constant
    13 beta_y       0.00000e+00  1.00000e-03     no limits
    14 alpha_vw     0.00000e+00  1.00000e-03     no limits
    15 w_vw         1.43404e+01  constant
    16 beta_vw      0.00000e+00  1.00000e-03     no limits
    17 LM           1.41693e-04  constant
    18 zeta_y       0.00000e+00  constant
    19 zeta_vw      0.00000e+00  constant
    20 T_CBO        1.00000e+02  1.00000e+00    0.00000e+00  1.00000e+03
    21 alpha_A0     0.00000e+00  1.00000e-04   -1.00000e-02  1.00000e-02
    22 beta_A0      0.00000e+00  1.00000e-04   -1.00000e-02  1.00000e-02
    23 alpha_phi    0.00000e+00  1.00000e-04   -1.00000e-02  1.00000e-02
    24 beta_phi     0.00000e+00  1.00000e-04   -1.00000e-02  1.00000e-02
MINUIT - FIT ONLY WIGGLE
 **********
 **    3 **FIX            5
 **********
 PARAMETER    5  IS CONSTANT.   IGNORED.
 **********
 **    4 **FIX            6
 **********
 **********
 **    5 **FIX            7
 **********
 PARAMETER    7  IS CONSTANT.   IGNORED.
 **********
 **    6 **FIX            8
 **********
 **********
 **    7 **FIX            9
 **********
 **********
 **    8 **FIX           10
 **********
 **********
 **    9 **FIX           11
 **********
 **********
 **   10 **FIX           12
 **********
 PARAMETER   12  IS CONSTANT.   IGNORED.
 **********
 **   11 **FIX           13
 **********
 **********
 **   12 **FIX           14
 **********
 **********
 **   13 **FIX           15
 **********
 PARAMETER   15  IS CONSTANT.   IGNORED.
 **********
 **   14 **FIX           16
 **********
 **********
 **   15 **MIGRAD
 **********
 FIRST CALL TO USER FUNCTION AT NEW START POINT, WITH IFLAG=4.
 START MIGRAD MINIMIZATION.  STRATEGY  1.  CONVERGENCE WHEN EDM .LT. 1.00e-04
 FCN=3700.08 FROM MIGRAD    STATUS=INITIATE      435 CALLS         436 TOTAL
                     EDM= unknown      STRATEGY= 1      NO ERROR MATRIX       
  EXT PARAMETER               CURRENT GUESS       STEP         FIRST   
  NO.   NAME      VALUE            ERROR          SIZE      DERIVATIVE 
   1  N0           2.93777e+06   1.00000e+02   0.00000e+00  -5.01297e-02
   2  tau          6.44050e+01   constant   
   3  A0           3.52923e-01   1.00000e-04   0.00000e+00  -1.41082e+05
   4  phi          4.11508e+00   1.00000e-02   0.00000e+00   4.04945e+04
   5  R           -6.11922e+01   constant   
   6  alpha_CBO    0.00000e+00     fixed    
   7  w_CBO        2.32500e+00   constant   
   8  beta_CBO     0.00000e+00     fixed    
   9  alpha_2CBO   0.00000e+00     fixed    
  10  beta_2CBO    0.00000e+00     fixed    
  11  alpha_y      0.00000e+00     fixed    
  12  w_y          1.38860e+01   constant   
  13  beta_y       0.00000e+00     fixed    
  14  alpha_vw     0.00000e+00     fixed    
  15  w_vw         1.43404e+01   constant   
  16  beta_vw      0.00000e+00     fixed    
  17  LM           1.41693e-04   constant   
  18  zeta_y       0.00000e+00   constant   
  19  zeta_vw      0.00000e+00   constant   
  20  T_CBO        1.00000e+02   1.00000e+00   0.00000e+00   0.00000e+00
  21  alpha_A0     0.00000e+00   1.00000e-04   0.00000e+00  -1.44257e+01
  22  beta_A0      0.00000e+00   1.00000e-04   0.00000e+00  -3.32964e+01
  23  alpha_phi    0.00000e+00   1.00000e-04   0.00000e+00  -1.66818e+02
  24  beta_phi     0.00000e+00   1.00000e-04   0.00000e+00   1.10147e+02
 MIGRAD MINIMIZATION HAS CONVERGED.
 FCN=3374.29 FROM MIGRAD    STATUS=CONVERGED     661 CALLS         662 TOTAL
                     EDM=8.72463e-08    STRATEGY= 1  ERROR MATRIX UNCERTAINTY   2.1 per cent
  EXT PARAMETER                                   STEP         FIRST   
  NO.   NAME      VALUE            ERROR          SIZE      DERIVATIVE 
   1  N0           2.93849e+06   2.79475e+02   5.71330e-01   1.04566e-06
   2  tau          6.44050e+01   constant   
   3  A0           3.53932e-01   1.24810e-04  -3.11882e-07  -1.45712e+00
   4  phi          4.11210e+00   3.59453e-04   3.32020e-07   5.80975e-01
   5  R           -6.11922e+01   constant   
   6  alpha_CBO    0.00000e+00     fixed    
   7  w_CBO        2.32500e+00   constant   
   8  beta_CBO     0.00000e+00     fixed    
   9  alpha_2CBO   0.00000e+00     fixed    
  10  beta_2CBO    0.00000e+00     fixed    
  11  alpha_y      0.00000e+00     fixed    
  12  w_y          1.38860e+01   constant   
  13  beta_y       0.00000e+00     fixed    
  14  alpha_vw     0.00000e+00     fixed    
  15  w_vw         1.43404e+01   constant   
  16  beta_vw      0.00000e+00     fixed    
  17  LM           1.41693e-04   constant   
  18  zeta_y       0.00000e+00   constant   
  19  zeta_vw      0.00000e+00   constant   
  20  T_CBO        1.78254e+02   2.79076e+01  -4.58672e-05   2.93642e-03
  21  alpha_A0    -1.33634e-04   8.92002e-04  -1.67164e-05  -1.79211e-03
  22  beta_A0      1.69914e-03   9.27123e-04  -1.95413e-04  -2.11287e-03
  23  alpha_phi    1.00000e-02   2.51636e-03  -6.88513e-04** at limit **
  24  beta_phi    -4.97794e-03   9.82996e-04   3.89166e-06   1.78895e-03
 EXTERNAL ERROR MATRIX.    NDIM=  25    NPAR=  8    ERR DEF=1
  7.811e+04 -4.581e-03  1.188e-02 -1.988e+03  1.472e-02 -5.804e-02 -1.257e-07 -5.592e-02 
 -4.581e-03  1.558e-08  8.143e-10  4.654e-04 -1.396e-08  1.302e-08  5.888e-14  2.383e-08 
  1.188e-02  8.143e-10  1.292e-07 -1.480e-03 -9.948e-09 -6.895e-10  5.064e-14 -6.640e-09 
 -1.988e+03  4.654e-04 -1.480e-03  7.802e+02  1.093e-04 -1.679e-04 -4.078e-07  1.396e-02 
  1.472e-02 -1.396e-08 -9.948e-09  1.093e-04  7.978e-07 -9.687e-08 -1.599e-12 -1.871e-08 
 -5.804e-02  1.302e-08 -6.895e-10 -1.679e-04 -9.687e-08  8.621e-07 -6.197e-15  1.018e-07 
 -1.257e-07  5.888e-14  5.064e-14 -4.078e-07 -1.599e-12 -6.197e-15  1.069e-14 -7.160e-12 
 -5.592e-02  2.383e-08 -6.640e-09  1.396e-02 -1.871e-08  1.018e-07 -7.160e-12  9.704e-07 
 PARAMETER  CORRELATION COEFFICIENTS  
       NO.  GLOBAL      1      3      4     20     21     22     23     24
        1  0.36455   1.000 -0.131  0.118 -0.255  0.059 -0.224 -0.004 -0.203
        3  0.25748  -0.131  1.000  0.018  0.133 -0.125  0.112  0.005  0.194
        4  0.19114   0.118  0.018  1.000 -0.147 -0.031 -0.002  0.001 -0.019
       20  0.56368  -0.255  0.133 -0.147  1.000  0.004 -0.006 -0.141  0.507
       21  0.16897   0.059 -0.125 -0.031  0.004  1.000 -0.117 -0.017 -0.021
       22  0.28529  -0.224  0.112 -0.002 -0.006 -0.117  1.000 -0.000  0.111
       23  0.15067  -0.004  0.005  0.001 -0.141 -0.017 -0.000  1.000 -0.070
       24  0.53727  -0.203  0.194 -0.019  0.507 -0.021  0.111 -0.070  1.000
MINUIT - FIT ONLY 1-CBO + wiggle
 **********
 **   16 **RES 
 **********
                   PARAMETER   16  beta_vw RESTORED TO VARIABLE.
                   PARAMETER   14  alpha_vw RESTORED TO VARIABLE.
                   PARAMETER   13  beta_y RESTORED TO VARIABLE.
                   PARAMETER   11  alpha_y RESTORED TO VARIABLE.
                   PARAMETER   10  beta_2CBO RESTORED TO VARIABLE.
                   PARAMETER    9  alpha_2CBO RESTORED TO VARIABLE.
                   PARAMETER    8  beta_CBO RESTORED TO VARIABLE.
                   PARAMETER    6  alpha_CBO RESTORED TO VARIABLE.
 **********
 **   17 **FIX            8
 **********
 **********
 **   18 **FIX            9
 **********
 **********
 **   19 **FIX           11
 **********
 **********
 **   20 **FIX           12
 **********
 PARAMETER   12  IS CONSTANT.   IGNORED.
 **********
 **   21 **FIX           14
 **********
 **********
 **   22 **FIX           15
 **********
 PARAMETER   15  IS CONSTANT.   IGNORED.
 **********
 **   23 **FIX           16
 **********
 **********
 **   24 **MIGRAD
 **********
 START MIGRAD MINIMIZATION.  STRATEGY  1.  CONVERGENCE WHEN EDM .LT. 1.00e-04
 FCN=3374.29 FROM MIGRAD    STATUS=INITIATE       28 CALLS         690 TOTAL
                     EDM= unknown      STRATEGY= 1      NO ERROR MATRIX       
  EXT PARAMETER               CURRENT GUESS       STEP         FIRST   
  NO.   NAME      VALUE            ERROR          SIZE      DERIVATIVE 
   1  N0           2.93849e+06   2.79475e+02   5.71330e-01   1.01182e-06
   2  tau          6.44050e+01   constant   
   3  A0           3.53932e-01   1.24810e-04  -3.11882e-07  -1.43003e+00
   4  phi          4.11210e+00   3.59453e-04   3.32020e-07   5.66611e-01
   5  R           -6.11922e+01   constant   
   6  alpha_CBO    0.00000e+00   1.00000e-03   1.00000e-03  -7.25888e+05
   7  w_CBO        2.32500e+00   constant   
   8  beta_CBO     0.00000e+00     fixed    
   9  alpha_2CBO   0.00000e+00     fixed    
  10  beta_2CBO    0.00000e+00   1.00000e-03   1.00000e-03   4.58733e+04
  11  alpha_y      0.00000e+00     fixed    
  12  w_y          1.38860e+01   constant   
  13  beta_y       0.00000e+00   1.00000e-03   1.00000e-03  -1.27534e+05
  14  alpha_vw     0.00000e+00     fixed    
  15  w_vw         1.43404e+01   constant   
  16  beta_vw      0.00000e+00     fixed    
  17  LM           1.41693e-04   constant   
  18  zeta_y       0.00000e+00   constant   
  19  zeta_vw      0.00000e+00   constant   
  20  T_CBO        1.78254e+02   2.79076e+01  -4.58672e-05   2.30731e-03
  21  alpha_A0    -1.33634e-04   8.92002e-04  -1.67164e-05  -1.79786e-03
  22  beta_A0      1.69914e-03   9.27123e-04  -1.95413e-04  -2.10651e-03
  23  alpha_phi    9.99998e-03   2.51636e-03  -6.88513e-04  -7.39838e-03
  24  beta_phi    -4.97794e-03   9.82996e-04   3.89166e-06   1.80705e-03
 MIGRAD MINIMIZATION HAS CONVERGED.
 FCN=1031.74 FROM MIGRAD    STATUS=CONVERGED     306 CALLS         968 TOTAL
                     EDM=7.44368e-07    STRATEGY= 1  ERROR MATRIX UNCERTAINTY   1.5 per cent
  EXT PARAMETER                                   STEP         FIRST   
  NO.   NAME      VALUE            ERROR          SIZE      DERIVATIVE 
   1  N0           2.93777e+06   2.69673e+02  -2.96785e-01  -2.83032e-06
   2  tau          6.44050e+01   constant   
   3  A0           3.52639e-01   1.25915e-04   6.14857e-08   5.90763e+00
   4  phi          4.11208e+00   3.60333e-04   6.84897e-08  -7.30798e-02
   5  R           -6.11922e+01   constant   
   6  alpha_CBO    6.27002e-03   1.31387e-04  -2.88751e-08   1.36899e-01
   7  w_CBO        2.32500e+00   constant   
   8  beta_CBO     0.00000e+00     fixed    
   9  alpha_2CBO   0.00000e+00     fixed    
  10  beta_2CBO   -1.21684e-04   1.28074e-04   6.25031e-08  -6.22135e-01
  11  alpha_y      0.00000e+00     fixed    
  12  w_y          1.38860e+01   constant   
  13  beta_y       1.01583e-03   1.23876e-04   1.14887e-07   1.53954e+00
  14  alpha_vw     0.00000e+00     fixed    
  15  w_vw         1.43404e+01   constant   
  16  beta_vw      0.00000e+00     fixed    
  17  LM           1.41693e-04   constant   
  18  zeta_y       0.00000e+00   constant   
  19  zeta_vw      0.00000e+00   constant   
  20  T_CBO        1.26525e+02   1.80542e+01  -1.12425e-04  -8.34407e-03
  21  alpha_A0     7.17884e-03   1.30210e-03  -9.38210e-05  -8.23120e-04
  22  beta_A0      2.83901e-03   1.04753e-03   3.58387e-05  -5.46101e-03
  23  alpha_phi    1.00000e-02   3.36919e-03   6.40274e-04** at limit **
  24  beta_phi    -8.02566e-03   1.35243e-03  -6.36340e-04   2.70775e-03
 EXTERNAL ERROR MATRIX.    NDIM=  25    NPAR= 11    ERR DEF=1
  7.272e+04 
 -2.298e-03  1.585e-08 
  6.513e-03  1.335e-09  1.298e-07 
 -2.297e-03 -3.296e-09  1.387e-11  1.726e-08 
  1.135e-04 -2.200e-11 -1.003e-10  6.131e-10  1.640e-08 
  5.595e-04 -2.100e-10  3.231e-10  1.689e-10 -2.698e-11  1.535e-08 
 -1.018e+03  2.057e-04 -6.661e-04 -9.920e-05 -1.530e-04 -6.124e-05  3.263e+02 
  3.680e-02 -2.326e-08  1.445e-08  2.131e-08 -1.683e-08  9.774e-10 -1.369e-02  1.716e-06 
 -3.540e-02  7.109e-09 -7.907e-09  5.825e-09  3.436e-09  3.207e-09 -5.531e-03  2.664e-07  1.102e-06 
 -3.764e-05  2.290e-12 -1.246e-11 -2.146e-12 -2.048e-11  1.456e-11  1.198e-06  1.661e-10 -5.616e-10  2.000e-11 
 -5.369e-02  2.658e-08 -1.197e-08 -8.839e-09 -2.818e-08 -4.289e-09  1.634e-02 -5.713e-07 -2.645e-07 -4.203e-11  1.861e-06 
 PARAMETER  CORRELATION COEFFICIENTS  
       NO.  GLOBAL      1      3      4      6     10     13     20     21     22     23     24
        1  0.30445   1.000 -0.068  0.067 -0.065  0.003  0.017 -0.209  0.104 -0.125 -0.031 -0.146
        3  0.28861  -0.068  1.000  0.029 -0.199 -0.001 -0.013  0.090 -0.141  0.054  0.004  0.155
        4  0.14513   0.067  0.029  1.000  0.000 -0.002  0.007 -0.102  0.031 -0.021 -0.008 -0.024
        6  0.24726  -0.065 -0.199  0.000  1.000  0.036  0.010 -0.042  0.124  0.042 -0.004 -0.049
       10  0.23787   0.003 -0.001 -0.002  0.036  1.000 -0.002 -0.066 -0.100  0.026 -0.036 -0.161
       13  0.05241   0.017 -0.013  0.007  0.010 -0.002  1.000 -0.027  0.006  0.025  0.026 -0.025
       20  0.78958  -0.209  0.090 -0.102 -0.042 -0.066 -0.027  1.000 -0.579 -0.292  0.015  0.663
       21  0.61576   0.104 -0.141  0.031  0.124 -0.100  0.006 -0.579  1.000  0.194  0.028 -0.320
       22  0.38188  -0.125  0.054 -0.021  0.042  0.026  0.025 -0.292  0.194  1.000 -0.120 -0.185
       23  0.15187  -0.031  0.004 -0.008 -0.004 -0.036  0.026  0.015  0.028 -0.120  1.000 -0.007
       24  0.68536  -0.146  0.155 -0.024 -0.049 -0.161 -0.025  0.663 -0.320 -0.185 -0.007  1.000
MINUIT - FIT ONLY 2-CBO
 **********
 **   25 **RES 
 **********
                   PARAMETER   16  beta_vw RESTORED TO VARIABLE.
                   PARAMETER   14  alpha_vw RESTORED TO VARIABLE.
                   PARAMETER   11  alpha_y RESTORED TO VARIABLE.
                   PARAMETER    9  alpha_2CBO RESTORED TO VARIABLE.
                   PARAMETER    8  beta_CBO RESTORED TO VARIABLE.
 **********
 **   26 **FIX            0
 **********
 PARAMETER    0  IS UNDEFINED. IGNORED.
 **********
 **   27 **FIX            1
 **********
 **********
 **   28 **FIX            2
 **********
 PARAMETER    2  IS CONSTANT.   IGNORED.
 **********
 **   29 **FIX            3
 **********
 **********
 **   30 **FIX            4
 **********
 **********
 **   31 **FIX            5
 **********
 PARAMETER    5  IS CONSTANT.   IGNORED.
 **********
 **   32 **FIX            6
 **********
 **********
 **   33 **FIX            7
 **********
 PARAMETER    7  IS CONSTANT.   IGNORED.
 **********
 **   34 **FIX           10
 **********
 **********
 **   35 **FIX           11
 **********
 **********
 **   36 **FIX           12
 **********
 PARAMETER   12  IS CONSTANT.   IGNORED.
 **********
 **   37 **FIX           13
 **********
 **********
 **   38 **FIX           14
 **********
 **********
 **   39 **FIX           15
 **********
 PARAMETER   15  IS CONSTANT.   IGNORED.
 **********
 **   40 **FIX           16
 **********
 **********
 **   41 **MIGRAD
 **********
 START MIGRAD MINIMIZATION.  STRATEGY  1.  CONVERGENCE WHEN EDM .LT. 1.00e-04
 FCN=1031.74 FROM MIGRAD    STATUS=INITIATE       18 CALLS         986 TOTAL
                     EDM= unknown      STRATEGY= 1      NO ERROR MATRIX       
  EXT PARAMETER               CURRENT GUESS       STEP         FIRST   
  NO.   NAME      VALUE            ERROR          SIZE      DERIVATIVE 
   1  N0           2.93777e+06     fixed    
   2  tau          6.44050e+01   constant   
   3  A0           3.52639e-01     fixed    
   4  phi          4.11208e+00     fixed    
   5  R           -6.11922e+01   constant   
   6  alpha_CBO    6.27002e-03     fixed    
   7  w_CBO        2.32500e+00   constant   
   8  beta_CBO     0.00000e+00   1.00000e-03   1.00000e-03   4.76782e+05
   9  alpha_2CBO   0.00000e+00   1.00000e-03   1.00000e-03  -4.43563e+04
  10  beta_2CBO   -1.21684e-04     fixed    
  11  alpha_y      0.00000e+00     fixed    
  12  w_y          1.38860e+01   constant   
  13  beta_y       1.01583e-03     fixed    
  14  alpha_vw     0.00000e+00     fixed    
  15  w_vw         1.43404e+01   constant   
  16  beta_vw      0.00000e+00     fixed    
  17  LM           1.41693e-04   constant   
  18  zeta_y       0.00000e+00   constant   
  19  zeta_vw      0.00000e+00   constant   
  20  T_CBO        1.26525e+02   1.80542e+01  -1.12425e-04  -8.34313e-03
  21  alpha_A0     7.17884e-03   1.30210e-03  -9.38210e-05  -8.23105e-04
  22  beta_A0      2.83901e-03   1.04753e-03   3.58387e-05  -5.46085e-03
  23  alpha_phi    1.00000e-02   3.36919e-03   6.40274e-04** at limit **
  24  beta_phi    -8.02566e-03   1.35243e-03  -6.36340e-04   2.70861e-03
 MIGRAD MINIMIZATION HAS CONVERGED.
 FCN=134.134 FROM MIGRAD    STATUS=CONVERGED     137 CALLS        1105 TOTAL
                     EDM=5.01436e-06    STRATEGY= 1  ERROR MATRIX UNCERTAINTY   1.2 per cent
  EXT PARAMETER                                   STEP         FIRST   
  NO.   NAME      VALUE            ERROR          SIZE      DERIVATIVE 
   1  N0           2.93777e+06     fixed    
   2  tau          6.44050e+01   constant   
   3  A0           3.52639e-01     fixed    
   4  phi          4.11208e+00     fixed    
   5  R           -6.11922e+01   constant   
   6  alpha_CBO    6.27002e-03     fixed    
   7  w_CBO        2.32500e+00   constant   
   8  beta_CBO    -3.73888e-03   1.25375e-04  -1.31601e-07   4.26487e+00
   9  alpha_2CBO   2.83517e-04   1.30933e-04  -6.93695e-07   1.87895e+01
  10  beta_2CBO   -1.21684e-04     fixed    
  11  alpha_y      0.00000e+00     fixed    
  12  w_y          1.38860e+01   constant   
  13  beta_y       1.01583e-03     fixed    
  14  alpha_vw     0.00000e+00     fixed    
  15  w_vw         1.43404e+01   constant   
  16  beta_vw      0.00000e+00     fixed    
  17  LM           1.41693e-04   constant   
  18  zeta_y       0.00000e+00   constant   
  19  zeta_vw      0.00000e+00   constant   
  20  T_CBO        1.31214e+02   1.84550e+01   7.47235e-04  -6.04290e-02
  21  alpha_A0     6.25382e-03   1.28522e-03  -1.70116e-03  -2.27638e-02
  22  beta_A0      5.02420e-04   1.20008e-03  -3.49632e-04  -9.72506e-03
  23  alpha_phi    1.00000e-02   3.59062e-03   3.10428e-05** at limit **
  24  beta_phi    -5.25530e-03   1.24816e-03   5.33477e-04   4.82166e-03
 EXTERNAL ERROR MATRIX.    NDIM=  25    NPAR=  7    ERR DEF=1
  1.572e-08  4.001e-10 -5.486e-05  3.667e-09  1.198e-08 -7.438e-15 -1.235e-08 
  4.001e-10  1.714e-08 -3.444e-04  4.083e-09  1.616e-08 -3.715e-14 -2.413e-09 
 -5.486e-05 -3.444e-04  3.409e+02 -1.160e-02 -1.189e-03  1.132e-08  1.155e-02 
  3.667e-09  4.083e-09 -1.160e-02  1.667e-06 -1.109e-07 -3.066e-13 -3.321e-07 
  1.198e-08  1.616e-08 -1.189e-03 -1.109e-07  1.447e-06 -5.089e-14  1.573e-08 
 -7.438e-15 -3.715e-14  1.132e-08 -3.066e-13 -5.089e-14  2.597e-13  7.391e-13 
 -1.235e-08 -2.413e-09  1.155e-02 -3.321e-07  1.573e-08  7.391e-13  1.569e-06 
 PARAMETER  CORRELATION COEFFICIENTS  
       NO.  GLOBAL      8      9     20     21     22     23     24
        8  0.11938   1.000  0.024 -0.024  0.023  0.079 -0.000 -0.079
        9  0.18831   0.024  1.000 -0.142  0.024  0.103 -0.001 -0.015
       20  0.65228  -0.024 -0.142  1.000 -0.487 -0.054  0.001  0.499
       21  0.50073   0.023  0.024 -0.487  1.000 -0.071 -0.000 -0.205
       22  0.17851   0.079  0.103 -0.054 -0.071  1.000 -0.000  0.010
       23  0.00143  -0.000 -0.001  0.001 -0.000 -0.000  1.000  0.001
       24  0.51093  -0.079 -0.015  0.499 -0.205  0.010  0.001  1.000
MINUIT - FIT wiggle + 1-CBO + 2-CBO
 **********
 **   42 **RES 
 **********
                   PARAMETER   16  beta_vw RESTORED TO VARIABLE.
                   PARAMETER   14  alpha_vw RESTORED TO VARIABLE.
                   PARAMETER   13  beta_y RESTORED TO VARIABLE.
                   PARAMETER   11  alpha_y RESTORED TO VARIABLE.
                   PARAMETER   10  beta_2CBO RESTORED TO VARIABLE.
                   PARAMETER    6  alpha_CBO RESTORED TO VARIABLE.
                   PARAMETER    4  phi RESTORED TO VARIABLE.
                   PARAMETER    3  A0 RESTORED TO VARIABLE.
                   PARAMETER    1  N0 RESTORED TO VARIABLE.
 **********
 **   43 **FIX           10
 **********
 **********
 **   44 **FIX           11
 **********
 **********
 **   45 **FIX           12
 **********
 PARAMETER   12  IS CONSTANT.   IGNORED.
 **********
 **   46 **FIX           13
 **********
 **********
 **   47 **FIX           14
 **********
 **********
 **   48 **FIX           15
 **********
 PARAMETER   15  IS CONSTANT.   IGNORED.
 **********
 **   49 **FIX           16
 **********
 **********
 **   50 **MIGRAD
 **********
 START MIGRAD MINIMIZATION.  STRATEGY  1.  CONVERGENCE WHEN EDM .LT. 1.00e-04
 FCN=134.134 FROM MIGRAD    STATUS=INITIATE       22 CALLS        1127 TOTAL
                     EDM= unknown      STRATEGY= 1      NO ERROR MATRIX       
  EXT PARAMETER               CURRENT GUESS       STEP         FIRST   
  NO.   NAME      VALUE            ERROR          SIZE      DERIVATIVE 
   1  N0           2.93777e+06   2.69673e+02   2.69673e+02   3.95376e-03
   2  tau          6.44050e+01   constant   
   3  A0           3.52639e-01   1.25915e-04   1.25915e-04  -3.55056e+04
   4  phi          4.11208e+00   3.60333e-04   3.60333e-04  -3.87470e+04
   5  R           -6.11922e+01   constant   
   6  alpha_CBO    6.27002e-03   1.31387e-04   1.31387e-04  -1.30249e+04
   7  w_CBO        2.32500e+00   constant   
   8  beta_CBO    -3.73888e-03   1.25375e-04  -1.31601e-07   4.26114e+00
   9  alpha_2CBO   2.83517e-04   1.30933e-04  -6.93695e-07   1.87497e+01
  10  beta_2CBO   -1.21684e-04     fixed    
  11  alpha_y      0.00000e+00     fixed    
  12  w_y          1.38860e+01   constant   
  13  beta_y       1.01583e-03     fixed    
  14  alpha_vw     0.00000e+00     fixed    
  15  w_vw         1.43404e+01   constant   
  16  beta_vw      0.00000e+00     fixed    
  17  LM           1.41693e-04   constant   
  18  zeta_y       0.00000e+00   constant   
  19  zeta_vw      0.00000e+00   constant   
  20  T_CBO        1.31214e+02   1.84550e+01   7.47235e-04  -6.11211e-02
  21  alpha_A0     6.25382e-03   1.28522e-03  -1.70116e-03  -2.27667e-02
  22  beta_A0      5.02420e-04   1.20008e-03  -3.49632e-04  -9.72099e-03
  23  alpha_phi    9.99998e-03   3.59062e-03   3.10428e-05  -1.53811e-03
  24  beta_phi    -5.25530e-03   1.24816e-03   5.33477e-04   4.83376e-03
 MIGRAD MINIMIZATION HAS CONVERGED.
 FCN=75.09 FROM MIGRAD    STATUS=CONVERGED     198 CALLS        1303 TOTAL
                     EDM=7.63295e-07    STRATEGY= 1  ERROR MATRIX UNCERTAINTY   2.1 per cent
  EXT PARAMETER                                   STEP         FIRST   
  NO.   NAME      VALUE            ERROR          SIZE      DERIVATIVE 
   1  N0           2.93778e+06   2.63709e+02   3.55199e-01   3.48167e-07
   2  tau          6.44050e+01   constant   
   3  A0           3.52966e-01   1.30510e-04  -1.18171e-07   6.02542e+00
   4  phi          4.11482e+00   3.68793e-04  -5.02156e-07  -1.66451e+00
   5  R           -6.11922e+01   constant   
   6  alpha_CBO    6.32037e-03   1.32628e-04   3.54535e-07   7.33935e+00
   7  w_CBO        2.32500e+00   constant   
   8  beta_CBO    -3.98222e-03   1.28592e-04  -1.81322e-08  -7.56187e-01
   9  alpha_2CBO   3.29222e-04   1.24437e-04  -4.04827e-08   3.06082e+00
  10  beta_2CBO   -1.21684e-04     fixed    
  11  alpha_y      0.00000e+00     fixed    
  12  w_y          1.38860e+01   constant   
  13  beta_y       1.01583e-03     fixed    
  14  alpha_vw     0.00000e+00     fixed    
  15  w_vw         1.43404e+01   constant   
  16  beta_vw      0.00000e+00     fixed    
  17  LM           1.41693e-04   constant   
  18  zeta_y       0.00000e+00   constant   
  19  zeta_vw      0.00000e+00   constant   
  20  T_CBO        1.19486e+02   1.71240e+01  -1.09792e-04  -2.99037e-03
  21  alpha_A0     6.02393e-03   1.38160e-03   5.88655e-04  -4.20421e-03
  22  beta_A0      8.27826e-04   1.04753e-03  -1.30653e-04   6.52553e-03
  23  alpha_phi    9.99994e-03   1.49520e-02   2.77307e-04  -4.60272e-05
  24  beta_phi    -4.46018e-03   1.25447e-03  -9.13751e-05  -3.89362e-03
 EXTERNAL ERROR MATRIX.    NDIM=  25    NPAR= 11    ERR DEF=1
  6.954e+04 
 -1.609e-03  1.703e-08 
  8.983e-03  3.306e-09  1.360e-07 
 -1.112e-03 -3.245e-09  5.969e-10  1.759e-08 
  1.104e-03 -1.551e-09 -1.079e-08 -5.123e-10  1.654e-08 
  3.149e-03  9.199e-10  2.957e-09 -1.107e-09 -2.232e-10  1.548e-08 
 -1.234e+03  2.747e-04 -9.257e-04 -6.872e-05  9.524e-06 -2.589e-04  2.935e+02 
  6.920e-02 -4.149e-08  1.484e-08  2.087e-08  5.538e-09  5.553e-09 -1.278e-02  1.928e-06 
 -2.441e-02  6.939e-09  1.758e-08 -6.714e-09  4.247e-09  5.008e-09  4.186e-04 -2.037e-07  1.101e-06 
  3.134e-04 -1.241e-10  6.619e-11  8.293e-11  2.472e-11  3.900e-11 -4.406e-05  3.366e-09 -4.460e-10  2.857e-09 
 -5.380e-02  3.006e-08  9.172e-09 -1.259e-08 -1.692e-08 -6.728e-09  1.035e-02 -4.965e-07  6.061e-08 -2.419e-09  1.584e-06 
 PARAMETER  CORRELATION COEFFICIENTS  
       NO.  GLOBAL      1      3      4      6      8      9     20     21     22     23     24
        1  0.31053   1.000 -0.047  0.092 -0.032  0.033  0.096 -0.273  0.189 -0.088  0.022 -0.162
        3  0.32456  -0.047  1.000  0.069 -0.187 -0.092  0.057  0.123 -0.229  0.051 -0.018  0.183
        4  0.30345   0.092  0.069  1.000  0.012 -0.227  0.064 -0.147  0.029  0.045  0.003  0.020
        6  0.23024  -0.032 -0.187  0.012  1.000 -0.030 -0.067 -0.030  0.113 -0.048  0.012 -0.075
        8  0.26988   0.033 -0.092 -0.227 -0.030  1.000 -0.014  0.004  0.031  0.031  0.004 -0.105
        9  0.17550   0.096  0.057  0.064 -0.067 -0.014  1.000 -0.121  0.032  0.038  0.006 -0.043
       20  0.67192  -0.273  0.123 -0.147 -0.030  0.004 -0.121  1.000 -0.537  0.023 -0.048  0.480
       21  0.58068   0.189 -0.229  0.029  0.113  0.031  0.032 -0.537  1.000 -0.140  0.045 -0.284
       22  0.19351  -0.088  0.051  0.045 -0.048  0.031  0.038  0.023 -0.140  1.000 -0.008  0.046
       23  0.05642   0.022 -0.018  0.003  0.012  0.004  0.006 -0.048  0.045 -0.008  1.000 -0.036
       24  0.51240  -0.162  0.183  0.020 -0.075 -0.105 -0.043  0.480 -0.284  0.046 -0.036  1.000
MINUIT - FIT ONLY 1-y
 **********
 **   51 **RES 
 **********
                   PARAMETER   16  beta_vw RESTORED TO VARIABLE.
                   PARAMETER   14  alpha_vw RESTORED TO VARIABLE.
                   PARAMETER   13  beta_y RESTORED TO VARIABLE.
                   PARAMETER   11  alpha_y RESTORED TO VARIABLE.
                   PARAMETER   10  beta_2CBO RESTORED TO VARIABLE.
 **********
 **   52 **FIX            0
 **********
 PARAMETER    0  IS UNDEFINED. IGNORED.
 **********
 **   53 **FIX            1
 **********
 **********
 **   54 **FIX            2
 **********
 PARAMETER    2  IS CONSTANT.   IGNORED.
 **********
 **   55 **FIX            3
 **********
 **********
 **   56 **FIX            4
 **********
 **********
 **   57 **FIX            5
 **********
 PARAMETER    5  IS CONSTANT.   IGNORED.
 **********
 **   58 **FIX            6
 **********
 **********
 **   59 **FIX            7
 **********
 PARAMETER    7  IS CONSTANT.   IGNORED.
 **********
 **   60 **FIX            8
 **********
 **********
 **   61 **FIX            9
 **********
 **********
 **   62 **FIX           13
 **********
 **********
 **   63 **FIX           14
 **********
 **********
 **   64 **FIX           15
 **********
 PARAMETER   15  IS CONSTANT.   IGNORED.
 **********
 **   65 **FIX           16
 **********
 **********
 **   66 **MIGRAD
 **********
 START MIGRAD MINIMIZATION.  STRATEGY  1.  CONVERGENCE WHEN EDM .LT. 1.00e-04
 FCN=75.09 FROM MIGRAD    STATUS=INITIATE       20 CALLS        1323 TOTAL
                     EDM= unknown      STRATEGY= 1      NO ERROR MATRIX       
  EXT PARAMETER               CURRENT GUESS       STEP         FIRST   
  NO.   NAME      VALUE            ERROR          SIZE      DERIVATIVE 
   1  N0           2.93778e+06     fixed    
   2  tau          6.44050e+01   constant   
   3  A0           3.52966e-01     fixed    
   4  phi          4.11482e+00     fixed    
   5  R           -6.11922e+01   constant   
   6  alpha_CBO    6.32037e-03     fixed    
   7  w_CBO        2.32500e+00   constant   
   8  beta_CBO    -3.98222e-03     fixed    
   9  alpha_2CBO   3.29222e-04     fixed    
  10  beta_2CBO   -1.21684e-04   1.28074e-04   1.28074e-04  -3.00850e+04
  11  alpha_y      0.00000e+00   1.00000e-03   1.00000e-03   5.23713e+04
  12  w_y          1.38860e+01   constant   
  13  beta_y       1.01583e-03     fixed    
  14  alpha_vw     0.00000e+00     fixed    
  15  w_vw         1.43404e+01   constant   
  16  beta_vw      0.00000e+00     fixed    
  17  LM           1.41693e-04   constant   
  18  zeta_y       0.00000e+00   constant   
  19  zeta_vw      0.00000e+00   constant   
  20  T_CBO        1.19486e+02   1.71240e+01  -1.09792e-04  -2.99027e-03
  21  alpha_A0     6.02393e-03   1.38160e-03   5.88655e-04  -4.20423e-03
  22  beta_A0      8.27826e-04   1.04753e-03  -1.30653e-04   6.52533e-03
  23  alpha_phi    9.99994e-03   1.49520e-02   2.77307e-04  -1.31599e-03
  24  beta_phi    -4.46018e-03   1.25447e-03  -9.13751e-05  -3.89361e-03
 CALL LIMIT EXCEEDED IN MIGRAD.
 MIGRAD TERMINATED WITHOUT CONVERGENCE.
 FCN=60.0027 FROM MIGRAD    STATUS=CALL LIMIT   1157 CALLS        2460 TOTAL
                     EDM=4.43456e-05    STRATEGY= 1  ERROR MATRIX UNCERTAINTY  21.0 per cent
  EXT PARAMETER                APPROXIMATE        STEP         FIRST   
  NO.   NAME      VALUE            ERROR          SIZE      DERIVATIVE 
   1  N0           2.93778e+06     fixed    
   2  tau          6.44050e+01   constant   
   3  A0           3.52966e-01     fixed    
   4  phi          4.11482e+00     fixed    
   5  R           -6.11922e+01   constant   
   6  alpha_CBO    6.32037e-03     fixed    
   7  w_CBO        2.32500e+00   constant   
   8  beta_CBO    -3.98222e-03     fixed    
   9  alpha_2CBO   3.29222e-04     fixed    
  10  beta_2CBO    1.40055e-04   1.31030e-04  -6.63895e-08   8.45395e+00
  11  alpha_y     -4.24177e-04   1.25473e-04  -1.02167e-07  -1.97074e+01
  12  w_y          1.38860e+01   constant   
  13  beta_y       1.01583e-03     fixed    
  14  alpha_vw     0.00000e+00     fixed    
  15  w_vw         1.43404e+01   constant   
  16  beta_vw      0.00000e+00     fixed    
  17  LM           1.41693e-04   constant   
  18  zeta_y       0.00000e+00   constant   
  19  zeta_vw      0.00000e+00   constant   
  20  T_CBO        9.92701e+02   9.43364e+02  -4.57709e-03  -1.05031e-03
  21  alpha_A0     2.70975e-03   6.51364e-04   1.82817e-04  -1.84887e-02
  22  beta_A0      4.10921e-04   5.69402e-04  -3.24957e-05  -9.23747e-02
  23  alpha_phi    4.79912e-03   7.34831e-04   2.91090e-04  -2.24726e-02
  24  beta_phi    -2.35057e-03   6.29970e-04  -1.27415e-04  -7.35508e-03
 EXTERNAL ERROR MATRIX.    NDIM=  25    NPAR=  7    ERR DEF=1
  1.717e-08 -2.239e-10  1.059e-03 -1.360e-08  2.117e-10 -4.121e-09 -1.193e-08 
 -2.239e-10  1.574e-08 -2.046e-02  3.581e-09 -1.070e-09  1.014e-08 -3.189e-09 
  1.059e-03 -2.046e-02  7.125e+05 -1.812e-01 -1.780e-01 -3.826e-01  1.514e-01 
 -1.360e-08  3.581e-09 -1.812e-01  4.249e-07  3.043e-08  6.062e-08 -1.861e-08 
  2.117e-10 -1.070e-09 -1.780e-01  3.043e-08  3.246e-07  6.706e-08 -2.106e-08 
 -4.121e-09  1.014e-08 -3.826e-01  6.062e-08  6.706e-08  5.412e-07 -3.438e-08 
 -1.193e-08 -3.189e-09  1.514e-01 -1.861e-08 -2.106e-08 -3.438e-08  3.974e-07 
ERR MATRIX APPROXIMATE
 PARAMETER  CORRELATION COEFFICIENTS  
       NO.  GLOBAL     10     11     20     21     22     23     24
       10  0.22482   1.000 -0.014  0.010 -0.159  0.003 -0.043 -0.144
       11  0.21905  -0.014  1.000 -0.193  0.044 -0.015  0.110 -0.040
       20  0.75769   0.010 -0.193  1.000 -0.329 -0.370 -0.616  0.285
       21  0.38633  -0.159  0.044 -0.329  1.000  0.082  0.126 -0.045
       22  0.39967   0.003 -0.015 -0.370  0.082  1.000  0.160 -0.059
       23  0.63781  -0.043  0.110 -0.616  0.126  0.160  1.000 -0.074
       24  0.35192  -0.144 -0.040  0.285 -0.045 -0.059 -0.074  1.000
 ERR MATRIX APPROXIMATE
MINUIT - FIT ONLY 2-y
 **********
 **   67 **RES 
 **********
                   PARAMETER   16  beta_vw RESTORED TO VARIABLE.
                   PARAMETER   14  alpha_vw RESTORED TO VARIABLE.
                   PARAMETER   13  beta_y RESTORED TO VARIABLE.
                   PARAMETER    9  alpha_2CBO RESTORED TO VARIABLE.
                   PARAMETER    8  beta_CBO RESTORED TO VARIABLE.
                   PARAMETER    6  alpha_CBO RESTORED TO VARIABLE.
                   PARAMETER    4  phi RESTORED TO VARIABLE.
                   PARAMETER    3  A0 RESTORED TO VARIABLE.
                   PARAMETER    1  N0 RESTORED TO VARIABLE.
 **********
 **   68 **FIX            0
 **********
 PARAMETER    0  IS UNDEFINED. IGNORED.
 **********
 **   69 **FIX            1
 **********
 **********
 **   70 **FIX            2
 **********
 PARAMETER    2  IS CONSTANT.   IGNORED.
 **********
 **   71 **FIX            3
 **********
 **********
 **   72 **FIX            4
 **********
 **********
 **   73 **FIX            5
 **********
 PARAMETER    5  IS CONSTANT.   IGNORED.
 **********
 **   74 **FIX            6
 **********
 **********
 **   75 **FIX            7
 **********
 PARAMETER    7  IS CONSTANT.   IGNORED.
 **********
 **   76 **FIX            8
 **********
 **********
 **   77 **FIX            9
 **********
 **********
 **   78 **FIX           10
 **********
 **********
 **   79 **FIX           11
 **********
 **********
 **   80 **FIX           12
 **********
 PARAMETER   12  IS CONSTANT.   IGNORED.
 **********
 **   81 **FIX           16
 **********
 **********
 **   82 **MIGRAD
 **********
 START MIGRAD MINIMIZATION.  STRATEGY  1.  CONVERGENCE WHEN EDM .LT. 1.00e-04
 FCN=60.0027 FROM MIGRAD    STATUS=INITIATE       16 CALLS        2476 TOTAL
                     EDM= unknown      STRATEGY= 1      NO ERROR MATRIX       
  EXT PARAMETER               CURRENT GUESS       STEP         FIRST   
  NO.   NAME      VALUE            ERROR          SIZE      DERIVATIVE 
   1  N0           2.93778e+06     fixed    
   2  tau          6.44050e+01   constant   
   3  A0           3.52966e-01     fixed    
   4  phi          4.11482e+00     fixed    
   5  R           -6.11922e+01   constant   
   6  alpha_CBO    6.32037e-03     fixed    
   7  w_CBO        2.32500e+00   constant   
   8  beta_CBO    -3.98222e-03     fixed    
   9  alpha_2CBO   3.29222e-04     fixed    
  10  beta_2CBO    1.40055e-04     fixed    
  11  alpha_y     -4.24177e-04     fixed    
  12  w_y          1.38860e+01   constant   
  13  beta_y       1.01583e-03   1.23876e-04   1.23876e-04   9.95222e+02
  14  alpha_vw     0.00000e+00   1.00000e-03   1.00000e-03   3.22891e+04
  15  w_vw         1.43404e+01   constant   
  16  beta_vw      0.00000e+00     fixed    
  17  LM           1.41693e-04   constant   
  18  zeta_y       0.00000e+00   constant   
  19  zeta_vw      0.00000e+00   constant   
  20  T_CBO        9.92701e+02   9.43364e+02  -4.57709e-03  -1.06205e-03
  21  alpha_A0     2.70975e-03   6.51364e-04   1.82817e-04  -1.84886e-02
  22  beta_A0      4.10921e-04   5.69402e-04  -3.24957e-05  -9.23745e-02
  23  alpha_phi    4.79912e-03   7.34831e-04   2.91090e-04  -2.24726e-02
  24  beta_phi    -2.35057e-03   6.29970e-04  -1.27415e-04  -7.35507e-03
 MIGRAD MINIMIZATION HAS CONVERGED.
 MIGRAD WILL VERIFY CONVERGENCE AND ERROR MATRIX.
 COVARIANCE MATRIX CALCULATED SUCCESSFULLY
 FCN=55.7473 FROM MIGRAD    STATUS=CONVERGED     115 CALLS        2575 TOTAL
                     EDM=3.80999e-06    STRATEGY= 1      ERROR MATRIX ACCURATE 
  EXT PARAMETER                                   STEP         FIRST   
  NO.   NAME      VALUE            ERROR          SIZE      DERIVATIVE 
   1  N0           2.93778e+06     fixed    
   2  tau          6.44050e+01   constant   
   3  A0           3.52966e-01     fixed    
   4  phi          4.11482e+00     fixed    
   5  R           -6.11922e+01   constant   
   6  alpha_CBO    6.32037e-03     fixed    
   7  w_CBO        2.32500e+00   constant   
   8  beta_CBO    -3.98222e-03     fixed    
   9  alpha_2CBO   3.29222e-04     fixed    
  10  beta_2CBO    1.40055e-04     fixed    
  11  alpha_y     -4.24177e-04     fixed    
  12  w_y          1.38860e+01   constant   
  13  beta_y       9.69515e-04   1.26114e-04   4.58558e-07   5.33629e-01
  14  alpha_vw    -2.62146e-04   1.27137e-04   4.62312e-07  -1.06920e-01
  15  w_vw         1.43404e+01   constant   
  16  beta_vw      0.00000e+00     fixed    
  17  LM           1.41693e-04   constant   
  18  zeta_y       0.00000e+00   constant   
  19  zeta_vw      0.00000e+00   constant   
  20  T_CBO        9.98994e+02   9.96900e+02   8.85293e-02  -3.79252e-05
  21  alpha_A0     2.73576e-03   5.57599e-04   2.11064e-04   9.23352e-03
  22  beta_A0      4.17127e-04   5.66071e-04   2.06624e-04   2.32002e-02
  23  alpha_phi    4.80057e-03   5.55426e-04   2.28961e-04   3.10854e-02
  24  beta_phi    -2.33237e-03   5.32011e-04   1.99513e-04  -1.22357e-02
 EXTERNAL ERROR MATRIX.    NDIM=  25    NPAR=  7    ERR DEF=1
  1.590e-08  2.379e-09  1.076e-05 -1.943e-09  5.447e-10 -7.876e-10  3.231e-10 
  2.379e-09  1.616e-08  2.815e-05 -1.643e-09 -2.999e-10 -1.949e-10 -1.035e-09 
  1.076e-05  2.815e-05  4.895e+05 -3.968e-02 -5.817e-03 -7.028e-02  3.387e-02 
 -1.943e-09 -1.643e-09 -3.968e-02  3.113e-07 -3.028e-08  1.139e-09 -2.631e-09 
  5.447e-10 -2.999e-10 -5.817e-03 -3.028e-08  3.208e-07  5.537e-09  2.690e-08 
 -7.876e-10 -1.949e-10 -7.028e-02  1.139e-09  5.537e-09  3.089e-07  6.704e-09 
  3.231e-10 -1.035e-09  3.387e-02 -2.631e-09  2.690e-08  6.704e-09  2.833e-07 
 PARAMETER  CORRELATION COEFFICIENTS  
       NO.  GLOBAL     13     14     20     21     22     23     24
       13  0.15106   1.000  0.148  0.000 -0.028  0.008 -0.011  0.005
       14  0.15057   0.148  1.000  0.000 -0.023 -0.004 -0.003 -0.015
       20  0.22943   0.000  0.000  1.000 -0.102 -0.015 -0.181  0.091
       21  0.14561  -0.028 -0.023 -0.102  1.000 -0.096  0.004 -0.009
       22  0.13498   0.008 -0.004 -0.015 -0.096  1.000  0.018  0.089
       23  0.18618  -0.011 -0.003 -0.181  0.004  0.018  1.000  0.023
       24  0.13531   0.005 -0.015  0.091 -0.009  0.089  0.023  1.000
MINUIT - FIT ALTOGETHER
 **********
 **   83 **RES 
 **********
                   PARAMETER   16  beta_vw RESTORED TO VARIABLE.
                   PARAMETER   11  alpha_y RESTORED TO VARIABLE.
