 + ++++++++++++++++++++++++++++++++++++++++++++++++++++++++++++++++++++ +
 +                                                                      +
 +           You have chose to blind your fitting according to          +
 +                omega_ref * (1 + (R +/- deltaR) *10^{-6})             +
 +                                                                      +
 + ++++++++++++++++++++++++++++++++++++++++++++++++++++++++++++++++++++ +
In main()...
reading format from /gm2data/zkhechad/run45/envelope/formats/formatB_sBin_constraintOn.txt
pBinTau 	= 0  
pBinPhi 	= 0  
constraintau 	= 1 
includeMopTerm 	= 0    
constrainMop    = 0   
Parameters after format file: pBinTau 0 pBinPhi 0 constraintau 1 includeMopTerm 0 constrainMop 0 c_e_scale 0.000000 
Opening file /gm2data/tbarrett/gm2fr/studies/run23_bunch_corrections/CorrectedFourier_Run3b.root.
reading full fit data from /gm2data/zkhechad/cboTemplates/Run4CBOTemplates/templateFits0_v2.0/noRF/sBin_constraintOn_cE0.0_seed0_noRF_calo4.root
windowBins = 69
fitting sliding window 1348 from bin 1484 at 221.263600 to bin 1553 at 231.707600 (69 bins)

Reading data from /gm2data/cornell/histograms/aMethod/histogram_a_noRF.root
 **********
 **    1 **SET PRINTOUT            1
 **********
 **********
 **    2 **SET NOWARNINGS 
 **********
 PARAMETER DEFINITIONS:
    NO.   NAME         VALUE      STEP SIZE      LIMITS
     1 N0           2.96987e+06  1.00000e+02     no limits
     2 tau          6.44201e+01  constant
     3 A0           3.53307e-01  1.00000e-04     no limits
     4 phi          4.11740e+00  1.00000e-02     no limits
     5 R           -5.91013e+01  constant
     6 alpha_CBO    0.00000e+00  1.00000e-03     no limits
     7 w_CBO        2.32500e+00  constant
     8 beta_CBO     0.00000e+00  1.00000e-03     no limits
     9 alpha_2CBO   0.00000e+00  1.00000e-03     no limits
    10 beta_2CBO    0.00000e+00  1.00000e-03     no limits
    11 alpha_y      0.00000e+00  1.00000e-03     no limits
    12 w_y          1.44500e+01  constant
    13 beta_y       0.00000e+00  1.00000e-03     no limits
    14 alpha_vw     0.00000e+00  1.00000e-03     no limits
    15 w_vw         1.29000e+01  constant
    16 beta_vw      0.00000e+00  1.00000e-03     no limits
    17 LM           5.89621e-04  constant
    18 zeta_y       0.00000e+00  constant
    19 zeta_vw      0.00000e+00  constant
    20 T_CBO        1.00000e+02  1.00000e+00    0.00000e+00  1.00000e+03
    21 alpha_A0     0.00000e+00  1.00000e-03     no limits
    22 beta_A0      0.00000e+00  1.00000e-03     no limits
    23 alpha_phi    0.00000e+00  1.00000e-03     no limits
    24 beta_phi     0.00000e+00  1.00000e-03     no limits
MINUIT - FIT ONLY WIGGLE
 **********
 **    3 **FIX            5
 **********
 PARAMETER    5  IS CONSTANT.   IGNORED.
 **********
 **    4 **FIX            6
 **********
 **********
 **    5 **FIX            7
 **********
 PARAMETER    7  IS CONSTANT.   IGNORED.
 **********
 **    6 **FIX            8
 **********
 **********
 **    7 **FIX            9
 **********
 **********
 **    8 **FIX           10
 **********
 **********
 **    9 **FIX           11
 **********
 **********
 **   10 **FIX           12
 **********
 PARAMETER   12  IS CONSTANT.   IGNORED.
 **********
 **   11 **FIX           13
 **********
 **********
 **   12 **FIX           14
 **********
 **********
 **   13 **FIX           15
 **********
 PARAMETER   15  IS CONSTANT.   IGNORED.
 **********
 **   14 **FIX           16
 **********
 **********
 **   15 **MIGRAD
 **********
 FIRST CALL TO USER FUNCTION AT NEW START POINT, WITH IFLAG=4.
 START MIGRAD MINIMIZATION.  STRATEGY  1.  CONVERGENCE WHEN EDM .LT. 1.00e-04
 FCN=149.305 FROM MIGRAD    STATUS=INITIATE      437 CALLS         438 TOTAL
                     EDM= unknown      STRATEGY= 1      NO ERROR MATRIX       
  EXT PARAMETER               CURRENT GUESS       STEP         FIRST   
  NO.   NAME      VALUE            ERROR          SIZE      DERIVATIVE 
   1  N0           2.96987e+06   1.00000e+02   0.00000e+00   2.35671e-03
   2  tau          6.44201e+01   constant   
   3  A0           3.53307e-01   1.00000e-04   0.00000e+00   8.47325e+03
   4  phi          4.11740e+00   1.00000e-02   0.00000e+00   1.16330e+03
   5  R           -5.91013e+01   constant   
   6  alpha_CBO    0.00000e+00     fixed    
   7  w_CBO        2.32500e+00   constant   
   8  beta_CBO     0.00000e+00     fixed    
   9  alpha_2CBO   0.00000e+00     fixed    
  10  beta_2CBO    0.00000e+00     fixed    
  11  alpha_y      0.00000e+00     fixed    
  12  w_y          1.44500e+01   constant   
  13  beta_y       0.00000e+00     fixed    
  14  alpha_vw     0.00000e+00     fixed    
  15  w_vw         1.29000e+01   constant   
  16  beta_vw      0.00000e+00     fixed    
  17  LM           5.89621e-04   constant   
  18  zeta_y       0.00000e+00   constant   
  19  zeta_vw      0.00000e+00   constant   
  20  T_CBO        1.00000e+02   1.00000e+00   0.00000e+00   0.00000e+00
  21  alpha_A0     0.00000e+00   1.00000e-03   0.00000e+00  -1.06861e+01
  22  beta_A0      0.00000e+00   1.00000e-03   0.00000e+00   5.33956e+02
  23  alpha_phi    0.00000e+00   1.00000e-03   0.00000e+00  -8.12952e+01
  24  beta_phi     0.00000e+00   1.00000e-03   0.00000e+00   3.61521e+02
 CALL LIMIT EXCEEDED IN MIGRAD.
 MIGRAD TERMINATED WITHOUT CONVERGENCE.
 FCN=129.832 FROM MIGRAD    STATUS=CALL LIMIT   1328 CALLS        1329 TOTAL
                     EDM=0.000827191    STRATEGY= 1  ERROR MATRIX UNCERTAINTY   0.6 per cent
  EXT PARAMETER                APPROXIMATE        STEP         FIRST   
  NO.   NAME      VALUE            ERROR          SIZE      DERIVATIVE 
   1  N0           2.96983e+06   7.63336e+02   1.25879e+00   9.10873e-06
   2  tau          6.44201e+01   constant   
   3  A0           3.52823e-01   3.32089e-04   6.29481e-07  -2.90016e+01
   4  phi          4.11666e+00   8.35989e-04  -2.89069e-07  -2.80137e+01
   5  R           -5.91013e+01   constant   
   6  alpha_CBO    0.00000e+00     fixed    
   7  w_CBO        2.32500e+00   constant   
   8  beta_CBO     0.00000e+00     fixed    
   9  alpha_2CBO   0.00000e+00     fixed    
  10  beta_2CBO    0.00000e+00     fixed    
  11  alpha_y      0.00000e+00     fixed    
  12  w_y          1.44500e+01   constant   
  13  beta_y       0.00000e+00     fixed    
  14  alpha_vw     0.00000e+00     fixed    
  15  w_vw         1.29000e+01   constant   
  16  beta_vw      0.00000e+00     fixed    
  17  LM           5.89621e-04   constant   
  18  zeta_y       0.00000e+00   constant   
  19  zeta_vw      0.00000e+00   constant   
  20  T_CBO        2.45828e+02   6.16250e+02   1.83911e-02  -2.41071e-01
  21  alpha_A0    -4.49597e-04   3.66387e-03   1.54106e-05   1.78897e+00
  22  beta_A0     -1.19180e-02   2.70871e-02   4.10530e-04   9.44587e+00
  23  alpha_phi    7.98490e-04   4.55205e-03  -3.97888e-05   3.55010e-01
  24  beta_phi    -6.65863e-03   1.52484e-02   2.18365e-04   2.38912e+00
 EXTERNAL ERROR MATRIX.    NDIM=  25    NPAR=  8    ERR DEF=1
  5.827e+05  5.533e-03 -1.086e-01  2.560e+04  1.218e-01  4.684e-01 -8.367e-01  5.577e-01 
  5.533e-03  1.103e-07 -1.654e-08  1.759e-03  2.280e-08  3.450e-07  3.118e-07 -1.731e-07 
 -1.086e-01 -1.654e-08  6.989e-07 -1.328e-01 -6.349e-08 -5.293e-06  9.368e-07 -3.513e-06 
  2.560e+04  1.759e-03 -1.328e-01  2.985e+05  6.945e-01  1.470e+01 -8.820e-01  8.061e+00 
  1.218e-01  2.280e-08 -6.349e-08  6.945e-01  1.342e-05  3.257e-05 -9.136e-07  2.052e-05 
  4.684e-01  3.450e-07 -5.293e-06  1.470e+01  3.257e-05  7.337e-04 -3.941e-05  3.922e-04 
 -8.367e-01  3.118e-07  9.368e-07 -8.820e-01 -9.136e-07 -3.941e-05  2.072e-05 -2.536e-05 
  5.577e-01 -1.731e-07 -3.513e-06  8.061e+00  2.052e-05  3.922e-04 -2.536e-05  2.325e-04 
ERR MATRIX APPROXIMATE
 PARAMETER  CORRELATION COEFFICIENTS  
       NO.  GLOBAL      1      3      4     20     21     22     23     24
        1  0.43416   1.000  0.022 -0.170  0.061  0.044  0.023 -0.241  0.048
        3  0.39477   0.022  1.000 -0.060  0.010  0.019  0.038  0.206 -0.034
        4  0.64479  -0.170 -0.060  1.000 -0.291 -0.021 -0.234  0.246 -0.276
       20  0.99799   0.061  0.010 -0.291  1.000  0.347  0.993 -0.355  0.968
       21  0.43878   0.044  0.019 -0.021  0.347  1.000  0.328 -0.055  0.367
       22  0.99702   0.023  0.038 -0.234  0.993  0.328  1.000 -0.320  0.950
       23  0.51008  -0.241  0.206  0.246 -0.355 -0.055 -0.320  1.000 -0.365
       24  0.97582   0.048 -0.034 -0.276  0.968  0.367  0.950 -0.365  1.000
 ERR MATRIX APPROXIMATE
MINUIT - FIT ONLY 1-CBO + wiggle
 **********
 **   16 **RES 
 **********
                   PARAMETER   16  beta_vw RESTORED TO VARIABLE.
                   PARAMETER   14  alpha_vw RESTORED TO VARIABLE.
                   PARAMETER   13  beta_y RESTORED TO VARIABLE.
                   PARAMETER   11  alpha_y RESTORED TO VARIABLE.
                   PARAMETER   10  beta_2CBO RESTORED TO VARIABLE.
                   PARAMETER    9  alpha_2CBO RESTORED TO VARIABLE.
                   PARAMETER    8  beta_CBO RESTORED TO VARIABLE.
                   PARAMETER    6  alpha_CBO RESTORED TO VARIABLE.
 **********
 **   17 **FIX            8
 **********
 **********
 **   18 **FIX            9
 **********
 **********
 **   19 **FIX           11
 **********
 **********
 **   20 **FIX           12
 **********
 PARAMETER   12  IS CONSTANT.   IGNORED.
 **********
 **   21 **FIX           14
 **********
 **********
 **   22 **FIX           15
 **********
 PARAMETER   15  IS CONSTANT.   IGNORED.
 **********
 **   23 **FIX           16
 **********
 **********
 **   24 **MIGRAD
 **********
 START MIGRAD MINIMIZATION.  STRATEGY  1.  CONVERGENCE WHEN EDM .LT. 1.00e-04
 FCN=129.832 FROM MIGRAD    STATUS=INITIATE       28 CALLS        1357 TOTAL
                     EDM= unknown      STRATEGY= 1      NO ERROR MATRIX       
  EXT PARAMETER               CURRENT GUESS       STEP         FIRST   
  NO.   NAME      VALUE            ERROR          SIZE      DERIVATIVE 
   1  N0           2.96983e+06   7.63336e+02   1.25879e+00   9.10873e-06
   2  tau          6.44201e+01   constant   
   3  A0           3.52823e-01   3.32089e-04   6.29481e-07  -2.90016e+01
   4  phi          4.11666e+00   8.35989e-04  -2.89069e-07  -2.80137e+01
   5  R           -5.91013e+01   constant   
   6  alpha_CBO    0.00000e+00   1.00000e-03   1.00000e-03   1.98172e+04
   7  w_CBO        2.32500e+00   constant   
   8  beta_CBO     0.00000e+00     fixed    
   9  alpha_2CBO   0.00000e+00     fixed    
  10  beta_2CBO    0.00000e+00   1.00000e-03   1.00000e-03   1.02725e+04
  11  alpha_y      0.00000e+00     fixed    
  12  w_y          1.44500e+01   constant   
  13  beta_y       0.00000e+00   1.00000e-03   1.00000e-03   3.00250e+03
  14  alpha_vw     0.00000e+00     fixed    
  15  w_vw         1.29000e+01   constant   
  16  beta_vw      0.00000e+00     fixed    
  17  LM           5.89621e-04   constant   
  18  zeta_y       0.00000e+00   constant   
  19  zeta_vw      0.00000e+00   constant   
  20  T_CBO        2.45828e+02   6.16250e+02   1.83911e-02  -2.41075e-01
  21  alpha_A0    -4.49597e-04   3.66387e-03   1.54106e-05   1.78897e+00
  22  beta_A0     -1.19180e-02   2.70871e-02   4.10530e-04   9.44587e+00
  23  alpha_phi    7.98490e-04   4.55205e-03  -3.97888e-05   3.55010e-01
  24  beta_phi    -6.65863e-03   1.52484e-02   2.18365e-04   2.38912e+00
 MIGRAD MINIMIZATION HAS CONVERGED.
 FCN=114.494 FROM MIGRAD    STATUS=CONVERGED    1094 CALLS        2423 TOTAL
                     EDM=7.91598e-06    STRATEGY= 1  ERROR MATRIX UNCERTAINTY   0.2 per cent
  EXT PARAMETER                                   STEP         FIRST   
  NO.   NAME      VALUE            ERROR          SIZE      DERIVATIVE 
   1  N0           2.97001e+06   7.65956e+02   4.43729e-01   2.12478e-06
   2  tau          6.44201e+01   constant   
   3  A0           3.53087e-01   3.46867e-04   8.29274e-07   2.05349e+00
   4  phi          4.11642e+00   9.56774e-04  -3.88571e-07   1.26978e-01
   5  R           -5.91013e+01   constant   
   6  alpha_CBO   -1.21829e-03   3.51112e-04  -6.82133e-07   3.66118e-01
   7  w_CBO        2.32500e+00   constant   
   8  beta_CBO     0.00000e+00     fixed    
   9  alpha_2CBO   0.00000e+00     fixed    
  10  beta_2CBO   -5.81277e-04   3.48283e-04  -2.17536e-07  -2.49812e+00
  11  alpha_y      0.00000e+00     fixed    
  12  w_y          1.44500e+01   constant   
  13  beta_y      -1.73730e-04   3.44387e-04   4.03337e-07   9.64233e-01
  14  alpha_vw     0.00000e+00     fixed    
  15  w_vw         1.29000e+01   constant   
  16  beta_vw      0.00000e+00     fixed    
  17  LM           5.89621e-04   constant   
  18  zeta_y       0.00000e+00   constant   
  19  zeta_vw      0.00000e+00   constant   
  20  T_CBO        9.99093e+02   9.78904e+02   5.51669e-02  -4.99042e-04
  21  alpha_A0     1.15546e-03   1.73390e-03   4.35469e-06   1.06996e-01
  22  beta_A0     -5.95262e-03   2.25271e-03   6.17305e-06   3.59373e+00
  23  alpha_phi    7.16244e-04   1.92728e-03  -5.87761e-07  -6.64828e-01
  24  beta_phi    -3.22381e-03   1.95734e-03  -5.55642e-06   4.35315e-01
 EXTERNAL ERROR MATRIX.    NDIM=  25    NPAR= 11    ERR DEF=1
  5.867e+05 
  5.281e-03  1.203e-07 
 -1.213e-01 -7.513e-09  9.154e-07 
 -1.458e-02 -2.735e-08  2.926e-08  1.233e-07 
 -2.966e-03  5.927e-09 -1.406e-08 -6.032e-09  1.213e-07 
 -3.548e-03  2.426e-10 -3.079e-09  1.298e-10  7.624e-10  1.186e-07 
  1.178e+03  7.427e-03 -5.249e-03 -6.816e-03 -1.163e-03  3.363e-03  2.105e+05 
  7.698e-02  2.584e-08 -2.929e-08 -1.110e-07 -6.023e-08 -1.284e-09 -1.005e-01  3.006e-06 
 -3.055e-01  4.131e-08  6.622e-08 -6.980e-09  6.295e-08 -6.353e-09  7.251e-01 -6.261e-07  5.075e-06 
 -3.421e-01  1.365e-07  6.937e-08 -3.410e-08 -2.392e-08 -1.539e-09 -8.351e-02  2.312e-07  2.883e-07  3.714e-06 
 -8.124e-02 -9.047e-08  1.723e-07  3.430e-08 -1.028e-07 -3.082e-09  3.247e-01 -3.939e-08  1.218e-06 -4.616e-07  3.831e-06 
 PARAMETER  CORRELATION COEFFICIENTS  
       NO.  GLOBAL      1      3      4      6     10     13     20     21     22     23     24
        1  0.36069   1.000  0.020 -0.166 -0.054 -0.011 -0.013  0.003  0.058 -0.177 -0.232 -0.054
        3  0.33226   0.020  1.000 -0.023 -0.225  0.049  0.002  0.047  0.043  0.053  0.204 -0.133
        4  0.20652  -0.166 -0.023  1.000  0.087 -0.042 -0.009 -0.012 -0.018  0.031  0.038  0.092
        6  0.30673  -0.054 -0.225  0.087  1.000 -0.049  0.001 -0.042 -0.182 -0.009 -0.050  0.050
       10  0.24139  -0.011  0.049 -0.042 -0.049  1.000  0.006 -0.007 -0.100  0.080 -0.036 -0.151
       13  0.04868  -0.013  0.002 -0.009  0.001  0.006  1.000  0.021 -0.002 -0.008 -0.002 -0.005
       20  0.74542   0.003  0.047 -0.012 -0.042 -0.007  0.021  1.000 -0.126  0.702 -0.094  0.362
       21  0.27863   0.058  0.043 -0.018 -0.182 -0.100 -0.002 -0.126  1.000 -0.160  0.069 -0.012
       22  0.73967  -0.177  0.053  0.031 -0.009  0.080 -0.008  0.702 -0.160  1.000  0.066  0.276
       23  0.37562  -0.232  0.204  0.038 -0.050 -0.036 -0.002 -0.094  0.069  0.066  1.000 -0.122
       24  0.44029  -0.054 -0.133  0.092  0.050 -0.151 -0.005  0.362 -0.012  0.276 -0.122  1.000
MINUIT - FIT ONLY 2-CBO
 **********
 **   25 **RES 
 **********
                   PARAMETER   16  beta_vw RESTORED TO VARIABLE.
                   PARAMETER   14  alpha_vw RESTORED TO VARIABLE.
                   PARAMETER   11  alpha_y RESTORED TO VARIABLE.
                   PARAMETER    9  alpha_2CBO RESTORED TO VARIABLE.
                   PARAMETER    8  beta_CBO RESTORED TO VARIABLE.
 **********
 **   26 **FIX            0
 **********
 PARAMETER    0  IS UNDEFINED. IGNORED.
 **********
 **   27 **FIX            1
 **********
 **********
 **   28 **FIX            2
 **********
 PARAMETER    2  IS CONSTANT.   IGNORED.
 **********
 **   29 **FIX            3
 **********
 **********
 **   30 **FIX            4
 **********
 **********
 **   31 **FIX            5
 **********
 PARAMETER    5  IS CONSTANT.   IGNORED.
 **********
 **   32 **FIX            6
 **********
 **********
 **   33 **FIX            7
 **********
 PARAMETER    7  IS CONSTANT.   IGNORED.
 **********
 **   34 **FIX           10
 **********
 **********
 **   35 **FIX           11
 **********
 **********
 **   36 **FIX           12
 **********
 PARAMETER   12  IS CONSTANT.   IGNORED.
 **********
 **   37 **FIX           13
 **********
 **********
 **   38 **FIX           14
 **********
 **********
 **   39 **FIX           15
 **********
 PARAMETER   15  IS CONSTANT.   IGNORED.
 **********
 **   40 **FIX           16
 **********
 **********
 **   41 **MIGRAD
 **********
 START MIGRAD MINIMIZATION.  STRATEGY  1.  CONVERGENCE WHEN EDM .LT. 1.00e-04
 FCN=114.494 FROM MIGRAD    STATUS=INITIATE       18 CALLS        2441 TOTAL
                     EDM= unknown      STRATEGY= 1      NO ERROR MATRIX       
  EXT PARAMETER               CURRENT GUESS       STEP         FIRST   
  NO.   NAME      VALUE            ERROR          SIZE      DERIVATIVE 
   1  N0           2.97001e+06     fixed    
   2  tau          6.44201e+01   constant   
   3  A0           3.53087e-01     fixed    
   4  phi          4.11642e+00     fixed    
   5  R           -5.91013e+01   constant   
   6  alpha_CBO   -1.21829e-03     fixed    
   7  w_CBO        2.32500e+00   constant   
   8  beta_CBO     0.00000e+00   1.00000e-03   1.00000e-03   4.46393e+04
   9  alpha_2CBO   0.00000e+00   1.00000e-03   1.00000e-03   6.74807e+02
  10  beta_2CBO   -5.81277e-04     fixed    
  11  alpha_y      0.00000e+00     fixed    
  12  w_y          1.44500e+01   constant   
  13  beta_y      -1.73730e-04     fixed    
  14  alpha_vw     0.00000e+00     fixed    
  15  w_vw         1.29000e+01   constant   
  16  beta_vw      0.00000e+00     fixed    
  17  LM           5.89621e-04   constant   
  18  zeta_y       0.00000e+00   constant   
  19  zeta_vw      0.00000e+00   constant   
  20  T_CBO        9.99093e+02   9.78904e+02   5.51669e-02  -5.28962e-04
  21  alpha_A0     1.15546e-03   1.73390e-03   4.35469e-06   1.07001e-01
  22  beta_A0     -5.95262e-03   2.25271e-03   6.17305e-06   3.59374e+00
  23  alpha_phi    7.16244e-04   1.92728e-03  -5.87761e-07  -6.64827e-01
  24  beta_phi    -3.22381e-03   1.95734e-03  -5.55642e-06   4.35315e-01
 CALL LIMIT EXCEEDED IN MIGRAD.
 MIGRAD TERMINATED WITHOUT CONVERGENCE.
 FCN=51.2813 FROM MIGRAD    STATUS=CALL LIMIT   1155 CALLS        3578 TOTAL
                     EDM=0.00337369    STRATEGY= 1  ERROR MATRIX UNCERTAINTY  86.7 per cent
  EXT PARAMETER                APPROXIMATE        STEP         FIRST   
  NO.   NAME      VALUE            ERROR          SIZE      DERIVATIVE 
   1  N0           2.97001e+06     fixed    
   2  tau          6.44201e+01   constant   
   3  A0           3.53087e-01     fixed    
   4  phi          4.11642e+00     fixed    
   5  R           -5.91013e+01   constant   
   6  alpha_CBO   -1.21829e-03     fixed    
   7  w_CBO        2.32500e+00   constant   
   8  beta_CBO    -2.83751e-03   3.46363e-04   6.36978e-08  -1.15351e+02
   9  alpha_2CBO  -2.31716e-04   3.19744e-04  -2.60321e-07   2.31102e+02
  10  beta_2CBO   -5.81277e-04     fixed    
  11  alpha_y      0.00000e+00     fixed    
  12  w_y          1.44500e+01   constant   
  13  beta_y      -1.73730e-04     fixed    
  14  alpha_vw     0.00000e+00     fixed    
  15  w_vw         1.29000e+01   constant   
  16  beta_vw      0.00000e+00     fixed    
  17  LM           5.89621e-04   constant   
  18  zeta_y       0.00000e+00   constant   
  19  zeta_vw      0.00000e+00   constant   
  20  T_CBO        7.38476e+01   4.72107e+01  -1.29298e-03  -1.29789e-01
  21  alpha_A0     2.52287e-02   4.69061e-02   2.84424e-04   6.96239e-01
  22  beta_A0     -6.90418e-02   1.22576e-01  -7.45904e-04   7.80187e-02
  23  alpha_phi    1.24385e-02   2.51459e-02   1.49532e-04   1.51871e+00
  24  beta_phi    -7.05380e-02   1.26384e-01  -7.68154e-04   1.01664e+00
 EXTERNAL ERROR MATRIX.    NDIM=  25    NPAR=  7    ERR DEF=1
  1.200e-07  1.819e-08  4.270e-04 -4.012e-07  9.605e-07 -2.183e-07  1.109e-06 
  1.819e-08  1.022e-07 -2.861e-04  1.473e-07 -2.354e-07 -4.226e-09 -2.509e-07 
  4.270e-04 -2.861e-04  2.253e+03 -2.210e+00  5.780e+00 -1.181e+00  5.959e+00 
 -4.012e-07  1.473e-07 -2.210e+00  2.200e-03 -5.745e-03  1.176e-03 -5.923e-03 
  9.605e-07 -2.354e-07  5.780e+00 -5.745e-03  1.502e-02 -3.074e-03  1.549e-02 
 -2.183e-07 -4.226e-09 -1.181e+00  1.176e-03 -3.074e-03  6.323e-04 -3.170e-03 
  1.109e-06 -2.509e-07  5.959e+00 -5.923e-03  1.549e-02 -3.170e-03  1.597e-02 
ERR MATRIX APPROXIMATE
 PARAMETER  CORRELATION COEFFICIENTS  
       NO.  GLOBAL      8      9     20     21     22     23     24
        8  0.22136   1.000  0.164  0.026 -0.025  0.023 -0.025  0.025
        9  0.23719   0.164  1.000 -0.019  0.010 -0.006 -0.001 -0.006
       20  0.99366   0.026 -0.019  1.000 -0.993  0.993 -0.989  0.993
       21  0.99916  -0.025  0.010 -0.993  1.000 -0.999  0.997 -0.999
       22  0.99982   0.023 -0.006  0.993 -0.999  1.000 -0.997  1.000
       23  0.99767  -0.025 -0.001 -0.989  0.997 -0.997  1.000 -0.998
       24  0.99982   0.025 -0.006  0.993 -0.999  1.000 -0.998  1.000
 ERR MATRIX APPROXIMATE
MINUIT - FIT wiggle + 1-CBO + 2-CBO
 **********
 **   42 **RES 
 **********
                   PARAMETER   16  beta_vw RESTORED TO VARIABLE.
                   PARAMETER   14  alpha_vw RESTORED TO VARIABLE.
                   PARAMETER   13  beta_y RESTORED TO VARIABLE.
                   PARAMETER   11  alpha_y RESTORED TO VARIABLE.
                   PARAMETER   10  beta_2CBO RESTORED TO VARIABLE.
                   PARAMETER    6  alpha_CBO RESTORED TO VARIABLE.
                   PARAMETER    4  phi RESTORED TO VARIABLE.
                   PARAMETER    3  A0 RESTORED TO VARIABLE.
                   PARAMETER    1  N0 RESTORED TO VARIABLE.
 **********
 **   43 **FIX           10
 **********
 **********
 **   44 **FIX           11
 **********
 **********
 **   45 **FIX           12
 **********
 PARAMETER   12  IS CONSTANT.   IGNORED.
 **********
 **   46 **FIX           13
 **********
 **********
 **   47 **FIX           14
 **********
 **********
 **   48 **FIX           15
 **********
 PARAMETER   15  IS CONSTANT.   IGNORED.
 **********
 **   49 **FIX           16
 **********
 **********
 **   50 **MIGRAD
 **********
 START MIGRAD MINIMIZATION.  STRATEGY  1.  CONVERGENCE WHEN EDM .LT. 1.00e-04
 FCN=51.2813 FROM MIGRAD    STATUS=INITIATE       22 CALLS        3600 TOTAL
                     EDM= unknown      STRATEGY= 1      NO ERROR MATRIX       
  EXT PARAMETER               CURRENT GUESS       STEP         FIRST   
  NO.   NAME      VALUE            ERROR          SIZE      DERIVATIVE 
   1  N0           2.97001e+06   7.65956e+02   7.65956e+02  -1.75904e-03
   2  tau          6.44201e+01   constant   
   3  A0           3.53087e-01   3.46867e-04   3.46867e-04  -4.64440e+03
   4  phi          4.11642e+00   9.56774e-04   9.56774e-04  -2.95991e+03
   5  R           -5.91013e+01   constant   
   6  alpha_CBO   -1.21829e-03   3.51112e-04   3.51112e-04  -2.13293e+02
   7  w_CBO        2.32500e+00   constant   
   8  beta_CBO    -2.83751e-03   3.46363e-04   6.36978e-08  -1.15351e+02
   9  alpha_2CBO  -2.31716e-04   3.19744e-04  -2.60321e-07   2.31102e+02
  10  beta_2CBO   -5.81277e-04     fixed    
  11  alpha_y      0.00000e+00     fixed    
  12  w_y          1.44500e+01   constant   
  13  beta_y      -1.73730e-04     fixed    
  14  alpha_vw     0.00000e+00     fixed    
  15  w_vw         1.29000e+01   constant   
  16  beta_vw      0.00000e+00     fixed    
  17  LM           5.89621e-04   constant   
  18  zeta_y       0.00000e+00   constant   
  19  zeta_vw      0.00000e+00   constant   
  20  T_CBO        7.38476e+01   4.72107e+01  -1.29298e-03  -1.29790e-01
  21  alpha_A0     2.52287e-02   4.69061e-02   2.84424e-04   6.96239e-01
  22  beta_A0     -6.90418e-02   1.22576e-01  -7.45904e-04   7.80187e-02
  23  alpha_phi    1.24385e-02   2.51459e-02   1.49532e-04   1.51871e+00
  24  beta_phi    -7.05380e-02   1.26384e-01  -7.68154e-04   1.01664e+00
 CALL LIMIT EXCEEDED IN MIGRAD.
 MIGRAD TERMINATED WITHOUT CONVERGENCE.
 FCN=48.3928 FROM MIGRAD    STATUS=CALL LIMIT   1928 CALLS        5506 TOTAL
                     EDM=0.000522354    STRATEGY= 1  ERROR MATRIX UNCERTAINTY   0.3 per cent
  EXT PARAMETER                APPROXIMATE        STEP         FIRST   
  NO.   NAME      VALUE            ERROR          SIZE      DERIVATIVE 
   1  N0           2.97033e+06   7.08040e+02   1.72635e+00   7.40505e-06
   2  tau          6.44201e+01   constant   
   3  A0           3.53387e-01   3.34134e-04  -8.85960e-07  -1.94944e+01
   4  phi          4.11772e+00   9.37398e-04   5.33148e-07  -1.46647e+00
   5  R           -5.91013e+01   constant   
   6  alpha_CBO   -1.23965e-03   3.43684e-04   8.77549e-07  -1.65452e+01
   7  w_CBO        2.32500e+00   constant   
   8  beta_CBO    -2.95798e-03   3.67403e-04  -8.39825e-07   3.97873e+00
   9  alpha_2CBO  -2.95260e-04   3.42780e-04  -1.61202e-06  -5.09832e+01
  10  beta_2CBO   -5.81277e-04     fixed    
  11  alpha_y      0.00000e+00     fixed    
  12  w_y          1.44500e+01   constant   
  13  beta_y      -1.73730e-04     fixed    
  14  alpha_vw     0.00000e+00     fixed    
  15  w_vw         1.29000e+01   constant   
  16  beta_vw      0.00000e+00     fixed    
  17  LM           5.89621e-04   constant   
  18  zeta_y       0.00000e+00   constant   
  19  zeta_vw      0.00000e+00   constant   
  20  T_CBO        4.12658e+02   5.12376e+02   5.77956e-02  -1.00051e-01
  21  alpha_A0     2.02557e-03   5.38800e-03  -8.95041e-05  -1.76784e+00
  22  beta_A0     -5.46474e-03   1.15127e-02   2.27541e-04   1.33355e+01
  23  alpha_phi    1.22950e-03   3.90121e-03  -5.70965e-05  -4.66102e+00
  24  beta_phi    -5.75939e-03   1.23112e-02   2.73692e-04   8.37190e+00
 EXTERNAL ERROR MATRIX.    NDIM=  25    NPAR= 11    ERR DEF=1
  5.013e+05 
 -2.222e-03  1.116e-07 
 -5.954e-02  1.132e-08  8.787e-07 
  1.066e-02 -2.299e-08  1.032e-08  1.181e-07 
 -1.965e-02 -8.273e-09 -6.012e-08 -6.583e-09  1.350e-07 
 -1.609e-02 -2.247e-09 -1.842e-08 -6.319e-09  1.067e-08  1.175e-07 
  2.429e+04  4.211e-03  2.120e-02  2.062e-02 -8.472e-03 -3.515e-02  1.956e+06 
  4.379e-02  1.919e-08 -8.110e-08 -2.517e-07  4.348e-09  1.643e-07 -6.197e+00  2.903e-05 
 -2.555e-01  2.459e-07  2.779e-07  5.607e-08 -1.481e-07 -7.299e-08  1.554e+01 -4.936e-05  1.325e-04 
 -4.835e-01  1.712e-07  8.939e-08 -2.960e-08 -3.069e-08 -1.067e-07 -3.331e+00  1.061e-05 -2.534e-05  1.522e-05 
  7.253e-02 -5.968e-08  3.644e-07  1.659e-07  8.906e-09 -2.218e-07  1.693e+01 -5.183e-05  1.335e-04 -2.925e-05  1.516e-04 
ERR MATRIX APPROXIMATE
 PARAMETER  CORRELATION COEFFICIENTS  
       NO.  GLOBAL      1      3      4      6      8      9     20     21     22     23     24
        1  0.34575   1.000 -0.009 -0.090  0.044 -0.076 -0.066  0.025  0.011 -0.031 -0.175  0.008
        3  0.34135  -0.009  1.000  0.036 -0.200 -0.067 -0.020  0.009  0.011  0.064  0.131 -0.015
        4  0.24064  -0.090  0.036  1.000  0.032 -0.175 -0.057  0.016 -0.016  0.026  0.024  0.032
        6  0.29271   0.044 -0.200  0.032  1.000 -0.052 -0.054  0.043 -0.136  0.014 -0.022  0.039
        8  0.26010  -0.076 -0.067 -0.175 -0.052  1.000  0.085 -0.016  0.002 -0.035 -0.021  0.002
        9  0.33082  -0.066 -0.020 -0.057 -0.054  0.085  1.000 -0.073  0.089 -0.018 -0.080 -0.053
       20  0.99280   0.025  0.009  0.016  0.043 -0.016 -0.073  1.000 -0.822  0.965 -0.611  0.983
       21  0.84470   0.011  0.011 -0.016 -0.136  0.002  0.089 -0.822  1.000 -0.796  0.505 -0.781
       22  0.97138  -0.031  0.064  0.026  0.014 -0.035 -0.018  0.965 -0.796  1.000 -0.564  0.942
       23  0.66430  -0.175  0.131  0.024 -0.022 -0.021 -0.080 -0.611  0.505 -0.564  1.000 -0.609
       24  0.98601   0.008 -0.015  0.032  0.039  0.002 -0.053  0.983 -0.781  0.942 -0.609  1.000
 ERR MATRIX APPROXIMATE
MINUIT - FIT ONLY 1-y
 **********
 **   51 **RES 
 **********
                   PARAMETER   16  beta_vw RESTORED TO VARIABLE.
                   PARAMETER   14  alpha_vw RESTORED TO VARIABLE.
                   PARAMETER   13  beta_y RESTORED TO VARIABLE.
                   PARAMETER   11  alpha_y RESTORED TO VARIABLE.
                   PARAMETER   10  beta_2CBO RESTORED TO VARIABLE.
 **********
 **   52 **FIX            0
 **********
 PARAMETER    0  IS UNDEFINED. IGNORED.
 **********
 **   53 **FIX            1
 **********
 **********
 **   54 **FIX            2
 **********
 PARAMETER    2  IS CONSTANT.   IGNORED.
 **********
 **   55 **FIX            3
 **********
 **********
 **   56 **FIX            4
 **********
 **********
 **   57 **FIX            5
 **********
 PARAMETER    5  IS CONSTANT.   IGNORED.
 **********
 **   58 **FIX            6
 **********
 **********
 **   59 **FIX            7
 **********
 PARAMETER    7  IS CONSTANT.   IGNORED.
 **********
 **   60 **FIX            8
 **********
 **********
 **   61 **FIX            9
 **********
 **********
 **   62 **FIX           13
 **********
 **********
 **   63 **FIX           14
 **********
 **********
 **   64 **FIX           15
 **********
 PARAMETER   15  IS CONSTANT.   IGNORED.
 **********
 **   65 **FIX           16
 **********
 **********
 **   66 **MIGRAD
 **********
 START MIGRAD MINIMIZATION.  STRATEGY  1.  CONVERGENCE WHEN EDM .LT. 1.00e-04
 FCN=48.3928 FROM MIGRAD    STATUS=INITIATE       16 CALLS        5522 TOTAL
                     EDM= unknown      STRATEGY= 1      NO ERROR MATRIX       
  EXT PARAMETER               CURRENT GUESS       STEP         FIRST   
  NO.   NAME      VALUE            ERROR          SIZE      DERIVATIVE 
   1  N0           2.97033e+06     fixed    
   2  tau          6.44201e+01   constant   
   3  A0           3.53387e-01     fixed    
   4  phi          4.11772e+00     fixed    
   5  R           -5.91013e+01   constant   
   6  alpha_CBO   -1.23965e-03     fixed    
   7  w_CBO        2.32500e+00   constant   
   8  beta_CBO    -2.95798e-03     fixed    
   9  alpha_2CBO  -2.95260e-04     fixed    
  10  beta_2CBO   -5.81277e-04   3.48283e-04   3.48283e-04  -1.14071e+03
  11  alpha_y      0.00000e+00   1.00000e-03   1.00000e-03  -3.51547e+03
  12  w_y          1.44500e+01   constant   
  13  beta_y      -1.73730e-04     fixed    
  14  alpha_vw     0.00000e+00     fixed    
  15  w_vw         1.29000e+01   constant   
  16  beta_vw      0.00000e+00     fixed    
  17  LM           5.89621e-04   constant   
  18  zeta_y       0.00000e+00   constant   
  19  zeta_vw      0.00000e+00   constant   
  20  T_CBO        4.12658e+02   5.12376e+02   5.77956e-02  -1.00055e-01
  21  alpha_A0     2.02557e-03   5.38800e-03  -8.95041e-05  -1.76784e+00
  22  beta_A0     -5.46474e-03   1.15127e-02   2.27541e-04   1.33355e+01
  23  alpha_phi    1.22950e-03   3.90121e-03  -5.70965e-05  -4.66102e+00
  24  beta_phi    -5.75939e-03   1.23112e-02   2.73692e-04   8.37190e+00
 MIGRAD MINIMIZATION HAS CONVERGED.
 MIGRAD WILL VERIFY CONVERGENCE AND ERROR MATRIX.
 COVARIANCE MATRIX CALCULATED SUCCESSFULLY
 FCN=47.9828 FROM MIGRAD    STATUS=CONVERGED     592 CALLS        6098 TOTAL
                     EDM=5.90557e-06    STRATEGY= 1      ERROR MATRIX ACCURATE 
  EXT PARAMETER                                   STEP         FIRST   
  NO.   NAME      VALUE            ERROR          SIZE      DERIVATIVE 
   1  N0           2.97033e+06     fixed    
   2  tau          6.44201e+01   constant   
   3  A0           3.53387e-01     fixed    
   4  phi          4.11772e+00     fixed    
   5  R           -5.91013e+01   constant   
   6  alpha_CBO   -1.23965e-03     fixed    
   7  w_CBO        2.32500e+00   constant   
   8  beta_CBO    -2.95798e-03     fixed    
   9  alpha_2CBO  -2.95260e-04     fixed    
  10  beta_2CBO   -5.08228e-04   3.49304e-04   1.16757e-06   6.58428e-01
  11  alpha_y      2.05292e-04   3.40772e-04   1.16407e-06  -2.80361e-01
  12  w_y          1.44500e+01   constant   
  13  beta_y      -1.73730e-04     fixed    
  14  alpha_vw     0.00000e+00     fixed    
  15  w_vw         1.29000e+01   constant   
  16  beta_vw      0.00000e+00     fixed    
  17  LM           5.89621e-04   constant   
  18  zeta_y       0.00000e+00   constant   
  19  zeta_vw      0.00000e+00   constant   
  20  T_CBO        9.99804e+02   9.96186e+02   5.64882e-02  -9.82968e-05
  21  alpha_A0     1.42632e-03   1.62165e-03   5.49237e-06  -2.63904e-01
  22  beta_A0     -3.96796e-03   1.71753e-03   5.83473e-06   7.79542e-01
  23  alpha_phi    8.78415e-04   1.66977e-03   5.66727e-06   5.26198e-01
  24  beta_phi    -4.22273e-03   1.67870e-03   5.63036e-06   1.34884e+00
 EXTERNAL ERROR MATRIX.    NDIM=  25    NPAR=  7    ERR DEF=1
  1.220e-07  2.060e-09 -2.392e-09 -6.432e-08  4.217e-08 -2.689e-08 -9.376e-08 
  2.060e-09  1.161e-07 -3.888e-08 -1.474e-09 -8.714e-10 -7.793e-09  9.528e-09 
 -2.392e-09 -3.888e-08  9.584e+04  3.022e-04 -8.267e-04  1.803e-04 -8.819e-04 
 -6.432e-08 -1.474e-09  3.022e-04  2.630e-06  4.852e-08  1.517e-07  1.819e-07 
  4.217e-08 -8.714e-10 -8.267e-04  4.852e-08  2.950e-06  1.766e-07 -2.077e-07 
 -2.689e-08 -7.793e-09  1.803e-04  1.517e-07  1.766e-07  2.788e-06 -1.953e-07 
 -9.376e-08  9.528e-09 -8.819e-04  1.819e-07 -2.077e-07 -1.953e-07  2.818e-06 
 PARAMETER  CORRELATION COEFFICIENTS  
       NO.  GLOBAL     10     11     20     21     22     23     24
       10  0.20807   1.000  0.017 -0.000 -0.114  0.070 -0.046 -0.160
       11  0.02861   0.017  1.000 -0.000 -0.003 -0.001 -0.014  0.017
       20  0.00252  -0.000 -0.000  1.000  0.001 -0.002  0.000 -0.002
       21  0.13774  -0.114 -0.003  0.001  1.000  0.017  0.056  0.067
       22  0.11408   0.070 -0.001 -0.002  0.017  1.000  0.062 -0.072
       23  0.12175  -0.046 -0.014  0.000  0.056  0.062  1.000 -0.070
       24  0.19477  -0.160  0.017 -0.002  0.067 -0.072 -0.070  1.000
MINUIT - FIT ONLY 2-y
 **********
 **   67 **RES 
 **********
                   PARAMETER   16  beta_vw RESTORED TO VARIABLE.
                   PARAMETER   14  alpha_vw RESTORED TO VARIABLE.
                   PARAMETER   13  beta_y RESTORED TO VARIABLE.
                   PARAMETER    9  alpha_2CBO RESTORED TO VARIABLE.
                   PARAMETER    8  beta_CBO RESTORED TO VARIABLE.
                   PARAMETER    6  alpha_CBO RESTORED TO VARIABLE.
                   PARAMETER    4  phi RESTORED TO VARIABLE.
                   PARAMETER    3  A0 RESTORED TO VARIABLE.
                   PARAMETER    1  N0 RESTORED TO VARIABLE.
 **********
 **   68 **FIX            0
 **********
 PARAMETER    0  IS UNDEFINED. IGNORED.
 **********
 **   69 **FIX            1
 **********
 **********
 **   70 **FIX            2
 **********
 PARAMETER    2  IS CONSTANT.   IGNORED.
 **********
 **   71 **FIX            3
 **********
 **********
 **   72 **FIX            4
 **********
 **********
 **   73 **FIX            5
 **********
 PARAMETER    5  IS CONSTANT.   IGNORED.
 **********
 **   74 **FIX            6
 **********
 **********
 **   75 **FIX            7
 **********
 PARAMETER    7  IS CONSTANT.   IGNORED.
 **********
 **   76 **FIX            8
 **********
 **********
 **   77 **FIX            9
 **********
 **********
 **   78 **FIX           10
 **********
 **********
 **   79 **FIX           11
 **********
 **********
 **   80 **FIX           12
 **********
 PARAMETER   12  IS CONSTANT.   IGNORED.
 **********
 **   81 **FIX           16
 **********
 **********
 **   82 **MIGRAD
 **********
 START MIGRAD MINIMIZATION.  STRATEGY  1.  CONVERGENCE WHEN EDM .LT. 1.00e-04
 FCN=47.9828 FROM MIGRAD    STATUS=INITIATE       16 CALLS        6114 TOTAL
                     EDM= unknown      STRATEGY= 1      NO ERROR MATRIX       
  EXT PARAMETER               CURRENT GUESS       STEP         FIRST   
  NO.   NAME      VALUE            ERROR          SIZE      DERIVATIVE 
   1  N0           2.97033e+06     fixed    
   2  tau          6.44201e+01   constant   
   3  A0           3.53387e-01     fixed    
   4  phi          4.11772e+00     fixed    
   5  R           -5.91013e+01   constant   
   6  alpha_CBO   -1.23965e-03     fixed    
   7  w_CBO        2.32500e+00   constant   
   8  beta_CBO    -2.95798e-03     fixed    
   9  alpha_2CBO  -2.95260e-04     fixed    
  10  beta_2CBO   -5.08228e-04     fixed    
  11  alpha_y      2.05292e-04     fixed    
  12  w_y          1.44500e+01   constant   
  13  beta_y      -1.73730e-04   3.44387e-04   3.44387e-04   1.02277e+03
  14  alpha_vw     0.00000e+00   1.00000e-03   1.00000e-03   7.99756e+03
  15  w_vw         1.29000e+01   constant   
  16  beta_vw      0.00000e+00     fixed    
  17  LM           5.89621e-04   constant   
  18  zeta_y       0.00000e+00   constant   
  19  zeta_vw      0.00000e+00   constant   
  20  T_CBO        9.99804e+02   9.96186e+02   5.64882e-02  -1.00828e-04
  21  alpha_A0     1.42632e-03   1.62165e-03   5.49237e-06  -2.63876e-01
  22  beta_A0     -3.96796e-03   1.71753e-03   5.83473e-06   7.79551e-01
  23  alpha_phi    8.78415e-04   1.66977e-03   5.66727e-06   5.26197e-01
  24  beta_phi    -4.22273e-03   1.67870e-03   5.63036e-06   1.34884e+00
 MIGRAD MINIMIZATION HAS CONVERGED.
 MIGRAD WILL VERIFY CONVERGENCE AND ERROR MATRIX.
 COVARIANCE MATRIX CALCULATED SUCCESSFULLY
 FCN=45.8925 FROM MIGRAD    STATUS=CONVERGED     116 CALLS        6214 TOTAL
                     EDM=1.5465e-06    STRATEGY= 1      ERROR MATRIX ACCURATE 
  EXT PARAMETER                                   STEP         FIRST   
  NO.   NAME      VALUE            ERROR          SIZE      DERIVATIVE 
   1  N0           2.97033e+06     fixed    
   2  tau          6.44201e+01   constant   
   3  A0           3.53387e-01     fixed    
   4  phi          4.11772e+00     fixed    
   5  R           -5.91013e+01   constant   
   6  alpha_CBO   -1.23965e-03     fixed    
   7  w_CBO        2.32500e+00   constant   
   8  beta_CBO    -2.95798e-03     fixed    
   9  alpha_2CBO  -2.95260e-04     fixed    
  10  beta_2CBO   -5.08228e-04     fixed    
  11  alpha_y      2.05292e-04     fixed    
  12  w_y          1.44500e+01   constant   
  13  beta_y      -3.32742e-04   3.52387e-04   1.15559e-06  -4.92279e-01
  14  alpha_vw    -5.02415e-04   3.50131e-04   1.14806e-06   6.76340e-02
  15  w_vw         1.29000e+01   constant   
  16  beta_vw      0.00000e+00     fixed    
  17  LM           5.89621e-04   constant   
  18  zeta_y       0.00000e+00   constant   
  19  zeta_vw      0.00000e+00   constant   
  20  T_CBO        1.00000e+03   8.28491e+02   6.23770e-02** at limit **
  21  alpha_A0     1.40668e-03   1.61711e-03   5.37042e-06  -6.14748e-02
  22  beta_A0     -3.99692e-03   1.75638e-03   5.70530e-06   1.51062e-01
  23  alpha_phi    8.57719e-04   1.67015e-03   5.54135e-06   8.91854e-01
  24  beta_phi    -4.15773e-03   1.70570e-03   5.50525e-06  -4.24275e-01
 EXTERNAL ERROR MATRIX.    NDIM=  25    NPAR=  7    ERR DEF=1
  1.242e-07  2.388e-08 -5.285e-08  2.387e-09  1.095e-08 -9.163e-09 -6.246e-09 
  2.388e-08  1.226e-07  3.423e-07  4.615e-09  5.726e-09  6.558e-09 -1.603e-08 
 -5.285e-08  3.423e-07  5.327e+01  1.010e-03 -2.813e-03  5.962e-04 -2.943e-03 
  2.387e-09  4.615e-09  1.010e-03  2.615e-06  1.775e-08  1.489e-07  7.604e-08 
  1.095e-08  5.726e-09 -2.813e-03  1.775e-08  3.085e-06  1.538e-07 -2.072e-08 
 -9.163e-09  6.558e-09  5.962e-04  1.489e-07  1.538e-07  2.789e-06 -2.487e-07 
 -6.246e-09 -1.603e-08 -2.943e-03  7.604e-08 -2.072e-08 -2.487e-07  2.909e-06 
 PARAMETER  CORRELATION COEFFICIENTS  
       NO.  GLOBAL     13     14     20     21     22     23     24
       13  0.19524   1.000  0.194 -0.000  0.004  0.018 -0.016 -0.010
       14  0.19578   0.194  1.000  0.000  0.008  0.009  0.011 -0.027
       20  0.33873  -0.000  0.000  1.000  0.086 -0.219  0.049 -0.236
       21  0.11624   0.004  0.008  0.086  1.000  0.006  0.055  0.028
       22  0.23708   0.018  0.009 -0.219  0.006  1.000  0.052 -0.007
       23  0.12396  -0.016  0.011  0.049  0.055  0.052  1.000 -0.087
       24  0.26123  -0.010 -0.027 -0.236  0.028 -0.007 -0.087  1.000
