 + ++++++++++++++++++++++++++++++++++++++++++++++++++++++++++++++++++++ +
 +                                                                      +
 +           You have chose to blind your fitting according to          +
 +                omega_ref * (1 + (R +/- deltaR) *10^{-6})             +
 +                                                                      +
 + ++++++++++++++++++++++++++++++++++++++++++++++++++++++++++++++++++++ +
In main()...
reading format from /gm2data/zkhechad/run45/envelope/formats/formatB_sBin_constraintOn.txt
pBinTau 	= 0  
pBinPhi 	= 0  
constraintau 	= 1 
includeMopTerm 	= 0    
constrainMop    = 0   
Parameters after format file: pBinTau 0 pBinPhi 0 constraintau 1 includeMopTerm 0 constrainMop 0 c_e_scale 0.000000 
Opening file /gm2data/tbarrett/gm2fr/studies/run23_bunch_corrections/CorrectedFourier_Run3b.root.
reading full fit data from /gm2data/zkhechad/cboTemplates/Run4CBOTemplates/templateFits0_v2.0/noRF/sBin_constraintOn_cE0.0_seed0_noRF_calo24.root
windowBins = 69
fitting sliding window 2468 from bin 2604 at 388.367600 to bin 2673 at 398.811600 (69 bins)

Reading data from /gm2data/cornell/histograms/aMethod/histogram_a_noRF.root
 **********
 **    1 **SET PRINTOUT            1
 **********
 **********
 **    2 **SET NOWARNINGS 
 **********
 PARAMETER DEFINITIONS:
    NO.   NAME         VALUE      STEP SIZE      LIMITS
     1 N0           3.17742e+06  1.00000e+02     no limits
     2 tau          6.44362e+01  constant
     3 A0           3.64954e-01  1.00000e-04     no limits
     4 phi          4.11955e+00  1.00000e-02     no limits
     5 R           -6.08502e+01  constant
     6 alpha_CBO    0.00000e+00  1.00000e-03     no limits
     7 w_CBO        2.32500e+00  constant
     8 beta_CBO     0.00000e+00  1.00000e-03     no limits
     9 alpha_2CBO   0.00000e+00  1.00000e-03     no limits
    10 beta_2CBO    0.00000e+00  1.00000e-03     no limits
    11 alpha_y      0.00000e+00  1.00000e-03     no limits
    12 w_y          1.44500e+01  constant
    13 beta_y       0.00000e+00  1.00000e-03     no limits
    14 alpha_vw     0.00000e+00  1.00000e-03     no limits
    15 w_vw         1.29000e+01  constant
    16 beta_vw      0.00000e+00  1.00000e-03     no limits
    17 LM           1.15487e-03  constant
    18 zeta_y       0.00000e+00  constant
    19 zeta_vw      0.00000e+00  constant
    20 T_CBO        1.00000e+02  1.00000e+00    0.00000e+00  1.00000e+03
    21 alpha_A0     0.00000e+00  1.00000e-03     no limits
    22 beta_A0      0.00000e+00  1.00000e-03     no limits
    23 alpha_phi    0.00000e+00  1.00000e-03     no limits
    24 beta_phi     0.00000e+00  1.00000e-03     no limits
MINUIT - FIT ONLY WIGGLE
 **********
 **    3 **FIX            5
 **********
 PARAMETER    5  IS CONSTANT.   IGNORED.
 **********
 **    4 **FIX            6
 **********
 **********
 **    5 **FIX            7
 **********
 PARAMETER    7  IS CONSTANT.   IGNORED.
 **********
 **    6 **FIX            8
 **********
 **********
 **    7 **FIX            9
 **********
 **********
 **    8 **FIX           10
 **********
 **********
 **    9 **FIX           11
 **********
 **********
 **   10 **FIX           12
 **********
 PARAMETER   12  IS CONSTANT.   IGNORED.
 **********
 **   11 **FIX           13
 **********
 **********
 **   12 **FIX           14
 **********
 **********
 **   13 **FIX           15
 **********
 PARAMETER   15  IS CONSTANT.   IGNORED.
 **********
 **   14 **FIX           16
 **********
 **********
 **   15 **MIGRAD
 **********
 FIRST CALL TO USER FUNCTION AT NEW START POINT, WITH IFLAG=4.
 START MIGRAD MINIMIZATION.  STRATEGY  1.  CONVERGENCE WHEN EDM .LT. 1.00e-04
 FCN=88.6694 FROM MIGRAD    STATUS=INITIATE      437 CALLS         438 TOTAL
                     EDM= unknown      STRATEGY= 1      NO ERROR MATRIX       
  EXT PARAMETER               CURRENT GUESS       STEP         FIRST   
  NO.   NAME      VALUE            ERROR          SIZE      DERIVATIVE 
   1  N0           3.17742e+06   1.00000e+02   0.00000e+00  -3.90200e-04
   2  tau          6.44362e+01   constant   
   3  A0           3.64954e-01   1.00000e-04   0.00000e+00   2.50584e+03
   4  phi          4.11955e+00   1.00000e-02   0.00000e+00   3.25890e+02
   5  R           -6.08502e+01   constant   
   6  alpha_CBO    0.00000e+00     fixed    
   7  w_CBO        2.32500e+00   constant   
   8  beta_CBO     0.00000e+00     fixed    
   9  alpha_2CBO   0.00000e+00     fixed    
  10  beta_2CBO    0.00000e+00     fixed    
  11  alpha_y      0.00000e+00     fixed    
  12  w_y          1.44500e+01   constant   
  13  beta_y       0.00000e+00     fixed    
  14  alpha_vw     0.00000e+00     fixed    
  15  w_vw         1.29000e+01   constant   
  16  beta_vw      0.00000e+00     fixed    
  17  LM           1.15487e-03   constant   
  18  zeta_y       0.00000e+00   constant   
  19  zeta_vw      0.00000e+00   constant   
  20  T_CBO        1.00000e+02   1.00000e+00   0.00000e+00   0.00000e+00
  21  alpha_A0     0.00000e+00   1.00000e-03   0.00000e+00  -4.96035e+00
  22  beta_A0      0.00000e+00   1.00000e-03   0.00000e+00   7.99761e+00
  23  alpha_phi    0.00000e+00   1.00000e-03   0.00000e+00   1.33293e+01
  24  beta_phi     0.00000e+00   1.00000e-03   0.00000e+00   1.65250e+01
 MIGRAD MINIMIZATION HAS CONVERGED.
 MIGRAD WILL VERIFY CONVERGENCE AND ERROR MATRIX.
 COVARIANCE MATRIX CALCULATED SUCCESSFULLY
 FCN=81.3945 FROM HESSE     STATUS=OK             61 CALLS         612 TOTAL
                     EDM=0.00514736    STRATEGY= 1      ERROR MATRIX ACCURATE 
  EXT PARAMETER                                   STEP         FIRST   
  NO.   NAME      VALUE            ERROR          SIZE      DERIVATIVE 
   1  N0           3.17657e+06   2.96986e+03   1.11095e+01  -4.15214e-07
   2  tau          6.44362e+01   constant   
   3  A0           3.63621e-01   1.08379e-03   4.66418e-06  -5.91247e-01
   4  phi          4.11808e+00   3.36837e-03   1.46044e-05  -5.44538e-01
   5  R           -6.08502e+01   constant   
   6  alpha_CBO    0.00000e+00     fixed    
   7  w_CBO        2.32500e+00   constant   
   8  beta_CBO     0.00000e+00     fixed    
   9  alpha_2CBO   0.00000e+00     fixed    
  10  beta_2CBO    0.00000e+00     fixed    
  11  alpha_y      0.00000e+00     fixed    
  12  w_y          1.44500e+01   constant   
  13  beta_y       0.00000e+00     fixed    
  14  alpha_vw     0.00000e+00     fixed    
  15  w_vw         1.29000e+01   constant   
  16  beta_vw      0.00000e+00     fixed    
  17  LM           1.15487e-03   constant   
  18  zeta_y       0.00000e+00   constant   
  19  zeta_vw      0.00000e+00   constant   
  20  T_CBO        1.00848e+02   5.15807e+02   1.62327e-04  -8.58678e-03
  21  alpha_A0     1.35159e-01   1.90222e+00   1.03460e-03  -9.86955e-03
  22  beta_A0     -1.61256e-01   2.20676e+00   1.00357e-03   3.54018e-03
  23  alpha_phi   -2.37068e-01   3.26598e+00   8.87423e-04   1.42513e-02
  24  beta_phi    -3.39865e-01   4.66721e+00   9.01363e-04   1.72711e-02
 CALL LIMIT EXCEEDED IN MIGRAD.
 MIGRAD TERMINATED WITHOUT CONVERGENCE.
 FCN=81.3717 FROM MIGRAD    STATUS=CALL LIMIT   1335 CALLS        1336 TOTAL
                     EDM=0.000264248    STRATEGY= 1  ERROR MATRIX UNCERTAINTY   2.1 per cent
  EXT PARAMETER                APPROXIMATE        STEP         FIRST   
  NO.   NAME      VALUE            ERROR          SIZE      DERIVATIVE 
   1  N0           3.17655e+06   2.88770e+03  -1.07739e+01  -5.32155e-06
   2  tau          6.44362e+01   constant   
   3  A0           3.63616e-01   1.06798e-03  -3.13171e-06  -5.18300e+00
   4  phi          4.11812e+00   3.23105e-03  -1.34473e-05  -4.33998e+00
   5  R           -6.08502e+01   constant   
   6  alpha_CBO    0.00000e+00     fixed    
   7  w_CBO        2.32500e+00   constant   
   8  beta_CBO     0.00000e+00     fixed    
   9  alpha_2CBO   0.00000e+00     fixed    
  10  beta_2CBO    0.00000e+00     fixed    
  11  alpha_y      0.00000e+00     fixed    
  12  w_y          1.44500e+01   constant   
  13  beta_y       0.00000e+00     fixed    
  14  alpha_vw     0.00000e+00     fixed    
  15  w_vw         1.29000e+01   constant   
  16  beta_vw      0.00000e+00     fixed    
  17  LM           1.15487e-03   constant   
  18  zeta_y       0.00000e+00   constant   
  19  zeta_vw      0.00000e+00   constant   
  20  T_CBO        6.30045e+01   6.25665e+01  -4.16546e-03  -1.23875e+00
  21  alpha_A0     1.40802e+00   8.31904e+00   1.28850e-01  -8.88093e-03
  22  beta_A0     -1.67277e+00   9.59679e+00  -1.42993e-01  -1.51091e-03
  23  alpha_phi   -2.47778e+00   1.42758e+01  -2.20232e-01   8.04703e-03
  24  beta_phi    -3.52321e+00   2.02256e+01  -3.11577e-01   8.68624e-03
 EXTERNAL ERROR MATRIX.    NDIM=  25    NPAR=  8    ERR DEF=1
  8.339e+06  5.852e-01 -7.907e-01  1.368e+04 -2.521e+03  2.417e+03  3.976e+03  5.565e+03 
  5.852e-01  1.141e-06 -1.172e-07  4.431e-03 -7.208e-04  5.600e-04  1.061e-03  1.500e-03 
 -7.907e-01 -1.172e-07  1.044e-05  1.277e-02 -2.695e-03  6.487e-04  3.138e-03  4.231e-03 
  1.368e+04  4.431e-03  1.277e-02  4.004e+03 -5.194e+02  5.987e+02  9.015e+02  1.278e+03 
 -2.521e+03 -7.208e-04 -2.695e-03 -5.194e+02  6.921e+01 -7.607e+01 -1.178e+02 -1.666e+02 
  2.417e+03  5.600e-04  6.487e-04  5.987e+02 -7.607e+01  9.210e+01  1.347e+02  1.913e+02 
  3.976e+03  1.061e-03  3.138e-03  9.015e+02 -1.178e+02  1.347e+02  2.038e+02  2.887e+02 
  5.565e+03  1.500e-03  4.231e-03  1.278e+03 -1.666e+02  1.913e+02  2.887e+02  4.091e+02 
ERR MATRIX APPROXIMATE
 PARAMETER  CORRELATION COEFFICIENTS  
       NO.  GLOBAL      1      3      4     20     21     22     23     24
        1  0.42661   1.000  0.190 -0.085  0.075 -0.105  0.087  0.096  0.095
        3  0.22524   0.190  1.000 -0.034  0.066 -0.081  0.055  0.070  0.069
        4  0.29310  -0.085 -0.034  1.000  0.062 -0.100  0.021  0.068  0.065
       20  0.99853   0.075  0.066  0.062  1.000 -0.987  0.986  0.998  0.998
       21  0.99939  -0.105 -0.081 -0.100 -0.987  1.000 -0.953 -0.992 -0.990
       22  0.99902   0.087  0.055  0.021  0.986 -0.953  1.000  0.983  0.985
       23  0.99985   0.096  0.070  0.068  0.998 -0.992  0.983  1.000  1.000
       24  0.99989   0.095  0.069  0.065  0.998 -0.990  0.985  1.000  1.000
 ERR MATRIX APPROXIMATE
MINUIT - FIT ONLY 1-CBO + wiggle
 **********
 **   16 **RES 
 **********
                   PARAMETER   16  beta_vw RESTORED TO VARIABLE.
                   PARAMETER   14  alpha_vw RESTORED TO VARIABLE.
                   PARAMETER   13  beta_y RESTORED TO VARIABLE.
                   PARAMETER   11  alpha_y RESTORED TO VARIABLE.
                   PARAMETER   10  beta_2CBO RESTORED TO VARIABLE.
                   PARAMETER    9  alpha_2CBO RESTORED TO VARIABLE.
                   PARAMETER    8  beta_CBO RESTORED TO VARIABLE.
                   PARAMETER    6  alpha_CBO RESTORED TO VARIABLE.
 **********
 **   17 **FIX            8
 **********
 **********
 **   18 **FIX            9
 **********
 **********
 **   19 **FIX           11
 **********
 **********
 **   20 **FIX           12
 **********
 PARAMETER   12  IS CONSTANT.   IGNORED.
 **********
 **   21 **FIX           14
 **********
 **********
 **   22 **FIX           15
 **********
 PARAMETER   15  IS CONSTANT.   IGNORED.
 **********
 **   23 **FIX           16
 **********
 **********
 **   24 **MIGRAD
 **********
 START MIGRAD MINIMIZATION.  STRATEGY  1.  CONVERGENCE WHEN EDM .LT. 1.00e-04
 FCN=81.3717 FROM MIGRAD    STATUS=INITIATE       28 CALLS        1364 TOTAL
                     EDM= unknown      STRATEGY= 1      NO ERROR MATRIX       
  EXT PARAMETER               CURRENT GUESS       STEP         FIRST   
  NO.   NAME      VALUE            ERROR          SIZE      DERIVATIVE 
   1  N0           3.17655e+06   2.88770e+03  -1.07739e+01  -5.32155e-06
   2  tau          6.44362e+01   constant   
   3  A0           3.63616e-01   1.06798e-03  -3.13171e-06  -5.18300e+00
   4  phi          4.11812e+00   3.23105e-03  -1.34473e-05  -4.33998e+00
   5  R           -6.08502e+01   constant   
   6  alpha_CBO    0.00000e+00   1.00000e-03   1.00000e-03   6.85077e+02
   7  w_CBO        2.32500e+00   constant   
   8  beta_CBO     0.00000e+00     fixed    
   9  alpha_2CBO   0.00000e+00     fixed    
  10  beta_2CBO    0.00000e+00   1.00000e-03   1.00000e-03  -1.06283e+03
  11  alpha_y      0.00000e+00     fixed    
  12  w_y          1.44500e+01   constant   
  13  beta_y       0.00000e+00   1.00000e-03   1.00000e-03  -6.69478e+02
  14  alpha_vw     0.00000e+00     fixed    
  15  w_vw         1.29000e+01   constant   
  16  beta_vw      0.00000e+00     fixed    
  17  LM           1.15487e-03   constant   
  18  zeta_y       0.00000e+00   constant   
  19  zeta_vw      0.00000e+00   constant   
  20  T_CBO        6.30045e+01   6.25665e+01  -4.16546e-03  -1.23876e+00
  21  alpha_A0     1.40802e+00   8.31904e+00   1.28850e-01  -8.88093e-03
  22  beta_A0     -1.67277e+00   9.59679e+00  -1.42993e-01  -1.51091e-03
  23  alpha_phi   -2.47778e+00   1.42758e+01  -2.20232e-01   8.04703e-03
  24  beta_phi    -3.52321e+00   2.02256e+01  -3.11577e-01   8.68624e-03
 MIGRAD MINIMIZATION HAS CONVERGED.
 MIGRAD WILL VERIFY CONVERGENCE AND ERROR MATRIX.
 FCN=80.5308 FROM HESSE     STATUS=NOT POSDEF    100 CALLS        1583 TOTAL
                     EDM=0.00123349    STRATEGY= 1      ERR MATRIX NOT POS-DEF
  EXT PARAMETER                APPROXIMATE        STEP         FIRST   
  NO.   NAME      VALUE            ERROR          SIZE      DERIVATIVE 
   1  N0           3.17659e+06   2.96734e+03   1.10512e+01  -2.12207e-07
   2  tau          6.44362e+01   constant   
   3  A0           3.63536e-01   1.09083e-03   4.63965e-06  -7.33168e-01
   4  phi          4.11840e+00   3.41549e-03   1.45330e-05   6.62927e-02
   5  R           -6.08502e+01   constant   
   6  alpha_CBO   -5.99234e-04   1.30403e-03   5.47009e-06   5.91399e-02
   7  w_CBO        2.32500e+00   constant   
   8  beta_CBO     0.00000e+00     fixed    
   9  alpha_2CBO   0.00000e+00     fixed    
  10  beta_2CBO    8.76541e-04   1.27857e-03   5.49546e-06  -8.25437e-01
  11  alpha_y      0.00000e+00     fixed    
  12  w_y          1.44500e+01   constant   
  13  beta_y       5.04401e-04   1.22861e-03   5.42004e-06   5.98583e-01
  14  alpha_vw     0.00000e+00     fixed    
  15  w_vw         1.29000e+01   constant   
  16  beta_vw      0.00000e+00     fixed    
  17  LM           1.15487e-03   constant   
  18  zeta_y       0.00000e+00   constant   
  19  zeta_vw      0.00000e+00   constant   
  20  T_CBO        6.29949e+01   6.42362e+01   7.74937e-05   1.35008e-01
  21  alpha_A0     1.57749e+00   1.06052e+01   1.07606e-02  -5.17800e-04
  22  beta_A0     -1.85904e+00   1.21175e+01   1.03613e-02   1.02548e-04
  23  alpha_phi   -2.56658e+00   1.66750e+01   9.16788e-03   8.14456e-04
  24  beta_phi    -3.36200e+00   2.17124e+01   9.36015e-03   6.50487e-04
 CALL LIMIT EXCEEDED IN MIGRAD.
 MIGRAD TERMINATED WITHOUT CONVERGENCE.
 FCN=80.4907 FROM MIGRAD    STATUS=CALL LIMIT   1907 CALLS        3243 TOTAL
                     EDM=0.000201174    STRATEGY= 1      ERR MATRIX NOT POS-DEF
  EXT PARAMETER                APPROXIMATE        STEP         FIRST   
  NO.   NAME      VALUE            ERROR          SIZE      DERIVATIVE 
   1  N0           3.17661e+06   2.77415e+03   3.56344e+01   3.54311e-06
   2  tau          6.44362e+01   constant   
   3  A0           3.63545e-01   1.06335e-03   8.52943e-06   7.74475e+00
   4  phi          4.11853e+00   3.39980e-03   9.56916e-06   1.22943e+00
   5  R           -6.08502e+01   constant   
   6  alpha_CBO   -6.24940e-04   1.28413e-03  -3.77769e-06  -4.08228e+00
   7  w_CBO        2.32500e+00   constant   
   8  beta_CBO     0.00000e+00     fixed    
   9  alpha_2CBO   0.00000e+00     fixed    
  10  beta_2CBO    8.66871e-04   1.24777e-03   6.31311e-07   2.21085e-01
  11  alpha_y      0.00000e+00     fixed    
  12  w_y          1.44500e+01   constant   
  13  beta_y       4.99906e-04   1.21608e-03  -5.81133e-06  -5.25670e+00
  14  alpha_vw     0.00000e+00     fixed    
  15  w_vw         1.29000e+01   constant   
  16  beta_vw      0.00000e+00     fixed    
  17  LM           1.15487e-03   constant   
  18  zeta_y       0.00000e+00   constant   
  19  zeta_vw      0.00000e+00   constant   
  20  T_CBO        3.74621e+01   2.10427e+01  -7.68579e-04  -1.95224e+00
  21  alpha_A0     1.09805e+02   5.81870e+02   4.41480e+00  -1.93264e-04
  22  beta_A0     -1.25135e+02   6.67336e+02  -5.07209e+00   3.03155e-04
  23  alpha_phi   -1.87487e+02   1.04481e+03  -7.95364e+00  -2.83302e-04
  24  beta_phi    -2.34598e+02   1.27381e+03  -9.68661e+00   1.69132e-04
 EXTERNAL ERROR MATRIX.    NDIM=  25    NPAR= 11    ERR DEF=1
  7.696e+06 
  4.585e-01  1.131e-06 
 -3.457e-01 -6.786e-08  1.156e-05 
  1.590e-01  1.826e-07 -7.542e-07  1.649e-06 
  9.007e-02 -5.159e-08  6.290e-08 -8.127e-08  1.557e-06 
  1.746e-01  3.754e-08 -5.955e-08 -6.277e-09  9.232e-09  1.479e-06 
 -1.506e+04 -3.574e-03 -6.838e-03  2.497e-03  6.031e-04  2.165e-03  4.446e+02 
  4.162e+05  1.056e-01  2.077e-01 -7.784e-02 -1.781e-02 -6.543e-02 -1.223e+04  3.386e+05 
 -4.777e+05 -1.213e-01 -2.408e-01  8.960e-02  2.049e-02  7.519e-02  1.403e+04 -3.883e+05  4.453e+05 
 -7.492e+05 -1.900e-01 -3.756e-01  1.407e-01  3.289e-02  1.176e-01  2.196e+04 -6.079e+05  6.972e+05  1.092e+06 
 -9.132e+05 -2.315e-01 -4.574e-01  1.707e-01  4.006e-02  1.434e-01  2.678e+04 -7.412e+05  8.501e+05  1.331e+06  1.623e+06 
ERR MATRIX NOT POS-DEF
 PARAMETER  CORRELATION COEFFICIENTS  
       NO.  GLOBAL      1      3      4      6     10     13     20     21     22     23     24
        1  0.34782   1.000  0.155 -0.037  0.045  0.026  0.052 -0.257  0.258 -0.258 -0.258 -0.258
        3  0.31264   0.155  1.000 -0.019  0.134 -0.039  0.029 -0.159  0.171 -0.171 -0.171 -0.171
        4  0.28485  -0.037 -0.019  1.000 -0.173  0.015 -0.014 -0.095  0.105 -0.106 -0.106 -0.106
        6  0.33595   0.045  0.134 -0.173  1.000 -0.051 -0.004  0.092 -0.104  0.105  0.105  0.104
       10  0.21800   0.026 -0.039  0.015 -0.051  1.000  0.006  0.023 -0.025  0.025  0.025  0.025
       13  0.17388   0.052  0.029 -0.014 -0.004  0.006  1.000  0.084 -0.092  0.093  0.093  0.093
       20  0.99742  -0.257 -0.159 -0.095  0.092  0.023  0.084  1.000 -0.997  0.997  0.997  0.997
       21  0.99999   0.258  0.171  0.105 -0.104 -0.025 -0.092 -0.997  1.000 -1.000 -1.000 -1.000
       22  0.99999  -0.258 -0.171 -0.106  0.105  0.025  0.093  0.997 -1.000  1.000  1.000  1.000
       23  1.00000  -0.258 -0.171 -0.106  0.105  0.025  0.093  0.997 -1.000  1.000  1.000  1.000
       24  1.00000  -0.258 -0.171 -0.106  0.104  0.025  0.093  0.997 -1.000  1.000  1.000  1.000
 ERR MATRIX NOT POS-DEF
MINUIT - FIT ONLY 2-CBO
 **********
 **   25 **RES 
 **********
                   PARAMETER   16  beta_vw RESTORED TO VARIABLE.
                   PARAMETER   14  alpha_vw RESTORED TO VARIABLE.
                   PARAMETER   11  alpha_y RESTORED TO VARIABLE.
                   PARAMETER    9  alpha_2CBO RESTORED TO VARIABLE.
                   PARAMETER    8  beta_CBO RESTORED TO VARIABLE.
 **********
 **   26 **FIX            0
 **********
 PARAMETER    0  IS UNDEFINED. IGNORED.
 **********
 **   27 **FIX            1
 **********
 **********
 **   28 **FIX            2
 **********
 PARAMETER    2  IS CONSTANT.   IGNORED.
 **********
 **   29 **FIX            3
 **********
 **********
 **   30 **FIX            4
 **********
 **********
 **   31 **FIX            5
 **********
 PARAMETER    5  IS CONSTANT.   IGNORED.
 **********
 **   32 **FIX            6
 **********
 **********
 **   33 **FIX            7
 **********
 PARAMETER    7  IS CONSTANT.   IGNORED.
 **********
 **   34 **FIX           10
 **********
 **********
 **   35 **FIX           11
 **********
 **********
 **   36 **FIX           12
 **********
 PARAMETER   12  IS CONSTANT.   IGNORED.
 **********
 **   37 **FIX           13
 **********
 **********
 **   38 **FIX           14
 **********
 **********
 **   39 **FIX           15
 **********
 PARAMETER   15  IS CONSTANT.   IGNORED.
 **********
 **   40 **FIX           16
 **********
 **********
 **   41 **MIGRAD
 **********
 START MIGRAD MINIMIZATION.  STRATEGY  1.  CONVERGENCE WHEN EDM .LT. 1.00e-04
 FCN=80.4907 FROM MIGRAD    STATUS=INITIATE       18 CALLS        3261 TOTAL
                     EDM= unknown      STRATEGY= 1      NO ERROR MATRIX       
  EXT PARAMETER               CURRENT GUESS       STEP         FIRST   
  NO.   NAME      VALUE            ERROR          SIZE      DERIVATIVE 
   1  N0           3.17661e+06     fixed    
   2  tau          6.44362e+01   constant   
   3  A0           3.63545e-01     fixed    
   4  phi          4.11853e+00     fixed    
   5  R           -6.08502e+01   constant   
   6  alpha_CBO   -6.24940e-04     fixed    
   7  w_CBO        2.32500e+00   constant   
   8  beta_CBO     0.00000e+00   1.00000e-03   1.00000e-03  -1.36253e+03
   9  alpha_2CBO   0.00000e+00   1.00000e-03   1.00000e-03   3.60145e+03
  10  beta_2CBO    8.66871e-04     fixed    
  11  alpha_y      0.00000e+00     fixed    
  12  w_y          1.44500e+01   constant   
  13  beta_y       4.99906e-04     fixed    
  14  alpha_vw     0.00000e+00     fixed    
  15  w_vw         1.29000e+01   constant   
  16  beta_vw      0.00000e+00     fixed    
  17  LM           1.15487e-03   constant   
  18  zeta_y       0.00000e+00   constant   
  19  zeta_vw      0.00000e+00   constant   
  20  T_CBO        3.74621e+01   2.10427e+01  -7.68579e-04  -1.95226e+00
  21  alpha_A0     1.09805e+02   5.81870e+02   4.41480e+00  -1.93264e-04
  22  beta_A0     -1.25135e+02   6.67336e+02  -5.07209e+00   3.03155e-04
  23  alpha_phi   -1.87487e+02   1.04481e+03  -7.95364e+00  -2.83302e-04
  24  beta_phi    -2.34598e+02   1.27381e+03  -9.68661e+00   1.69132e-04
 CALL LIMIT EXCEEDED IN MIGRAD.
 MIGRAD TERMINATED WITHOUT CONVERGENCE.
 FCN=74.4449 FROM MIGRAD    STATUS=CALL LIMIT   1155 CALLS        4398 TOTAL
                     EDM=0.00159651    STRATEGY= 1  ERROR MATRIX UNCERTAINTY  18.0 per cent
  EXT PARAMETER                APPROXIMATE        STEP         FIRST   
  NO.   NAME      VALUE            ERROR          SIZE      DERIVATIVE 
   1  N0           3.17661e+06     fixed    
   2  tau          6.44362e+01   constant   
   3  A0           3.63545e-01     fixed    
   4  phi          4.11853e+00     fixed    
   5  R           -6.08502e+01   constant   
   6  alpha_CBO   -6.24940e-04     fixed    
   7  w_CBO        2.32500e+00   constant   
   8  beta_CBO     1.17497e-03   1.24155e-03  -4.30734e-07   1.18189e+01
   9  alpha_2CBO  -2.87291e-03   1.22052e-03   5.82060e-06   9.51667e+00
  10  beta_2CBO    8.66871e-04     fixed    
  11  alpha_y      0.00000e+00     fixed    
  12  w_y          1.44500e+01   constant   
  13  beta_y       4.99906e-04     fixed    
  14  alpha_vw     0.00000e+00     fixed    
  15  w_vw         1.29000e+01   constant   
  16  beta_vw      0.00000e+00     fixed    
  17  LM           1.15487e-03   constant   
  18  zeta_y       0.00000e+00   constant   
  19  zeta_vw      0.00000e+00   constant   
  20  T_CBO        2.48499e+01   7.86050e+00  -4.75038e-04   4.03791e+00
  21  alpha_A0     3.41492e+04   1.69949e+05   2.12365e+03  -1.83454e-08
  22  beta_A0     -1.53473e+04   7.29896e+04  -9.06403e+02  -4.82412e-07
  23  alpha_phi   -4.46796e+04   2.09751e+05  -2.59992e+03   1.08297e-06
  24  beta_phi    -3.83748e+04   1.93071e+05  -2.41556e+03  -1.74177e-06
 EXTERNAL ERROR MATRIX.    NDIM=  25    NPAR=  7    ERR DEF=1
  1.541e-06 -5.303e-08  6.256e-04 -1.532e+01  6.557e+00  1.885e+01  1.744e+01 
 -5.303e-08  1.490e-06 -1.076e-03  2.205e+01 -9.514e+00 -2.724e+01 -2.510e+01 
  6.256e-04 -1.076e-03  6.184e+01 -1.331e+06  5.719e+05  1.643e+06  1.512e+06 
 -1.532e+01  2.205e+01 -1.331e+06  2.888e+10 -1.240e+10 -3.565e+10 -3.281e+10 
  6.557e+00 -9.514e+00  5.719e+05 -1.240e+10  5.327e+09  1.531e+10  1.409e+10 
  1.885e+01 -2.724e+01  1.643e+06 -3.565e+10  1.531e+10  4.400e+10  4.050e+10 
  1.744e+01 -2.510e+01  1.512e+06 -3.281e+10  1.409e+10  4.050e+10  3.728e+10 
ERR MATRIX APPROXIMATE
 PARAMETER  CORRELATION COEFFICIENTS  
       NO.  GLOBAL      8      9     20     21     22     23     24
        8  0.14798   1.000 -0.035  0.064 -0.073  0.072  0.072  0.073
        9  0.25790  -0.035  1.000 -0.112  0.106 -0.107 -0.106 -0.107
       20  0.99827   0.064 -0.112  1.000 -0.996  0.996  0.996  0.996
       21  1.00000  -0.073  0.106 -0.996  1.000 -1.000 -1.000 -1.000
       22  1.00000   0.072 -0.107  0.996 -1.000  1.000  1.000  1.000
       23  1.00000   0.072 -0.106  0.996 -1.000  1.000  1.000  1.000
       24  1.00000   0.073 -0.107  0.996 -1.000  1.000  1.000  1.000
 ERR MATRIX APPROXIMATE
MINUIT - FIT wiggle + 1-CBO + 2-CBO
 **********
 **   42 **RES 
 **********
                   PARAMETER   16  beta_vw RESTORED TO VARIABLE.
                   PARAMETER   14  alpha_vw RESTORED TO VARIABLE.
                   PARAMETER   13  beta_y RESTORED TO VARIABLE.
                   PARAMETER   11  alpha_y RESTORED TO VARIABLE.
                   PARAMETER   10  beta_2CBO RESTORED TO VARIABLE.
                   PARAMETER    6  alpha_CBO RESTORED TO VARIABLE.
                   PARAMETER    4  phi RESTORED TO VARIABLE.
                   PARAMETER    3  A0 RESTORED TO VARIABLE.
                   PARAMETER    1  N0 RESTORED TO VARIABLE.
 **********
 **   43 **FIX           10
 **********
 **********
 **   44 **FIX           11
 **********
 **********
 **   45 **FIX           12
 **********
 PARAMETER   12  IS CONSTANT.   IGNORED.
 **********
 **   46 **FIX           13
 **********
 **********
 **   47 **FIX           14
 **********
 **********
 **   48 **FIX           15
 **********
 PARAMETER   15  IS CONSTANT.   IGNORED.
 **********
 **   49 **FIX           16
 **********
 **********
 **   50 **MIGRAD
 **********
 START MIGRAD MINIMIZATION.  STRATEGY  1.  CONVERGENCE WHEN EDM .LT. 1.00e-04
 FCN=74.4449 FROM MIGRAD    STATUS=INITIATE       22 CALLS        4420 TOTAL
                     EDM= unknown      STRATEGY= 1      NO ERROR MATRIX       
  EXT PARAMETER               CURRENT GUESS       STEP         FIRST   
  NO.   NAME      VALUE            ERROR          SIZE      DERIVATIVE 
   1  N0           3.17661e+06   2.77415e+03   2.77415e+03   2.67613e-05
   2  tau          6.44362e+01   constant   
   3  A0           3.63545e-01   1.06335e-03   1.06335e-03  -2.19556e+02
   4  phi          4.11853e+00   3.39980e-03   3.39980e-03  -3.01081e+01
   5  R           -6.08502e+01   constant   
   6  alpha_CBO   -6.24940e-04   1.28413e-03   1.28413e-03  -2.06486e+01
   7  w_CBO        2.32500e+00   constant   
   8  beta_CBO     1.17497e-03   1.24155e-03  -4.30734e-07   1.18189e+01
   9  alpha_2CBO  -2.87291e-03   1.22052e-03   5.82060e-06   9.51667e+00
  10  beta_2CBO    8.66871e-04     fixed    
  11  alpha_y      0.00000e+00     fixed    
  12  w_y          1.44500e+01   constant   
  13  beta_y       4.99906e-04     fixed    
  14  alpha_vw     0.00000e+00     fixed    
  15  w_vw         1.29000e+01   constant   
  16  beta_vw      0.00000e+00     fixed    
  17  LM           1.15487e-03   constant   
  18  zeta_y       0.00000e+00   constant   
  19  zeta_vw      0.00000e+00   constant   
  20  T_CBO        2.48499e+01   7.86050e+00  -4.75038e-04   4.03782e+00
  21  alpha_A0     3.41492e+04   1.69949e+05   2.12365e+03  -1.83449e-08
  22  beta_A0     -1.53473e+04   7.29896e+04  -9.06403e+02  -4.82412e-07
  23  alpha_phi   -4.46796e+04   2.09751e+05  -2.59992e+03   1.08297e-06
  24  beta_phi    -3.83748e+04   1.93071e+05  -2.41556e+03  -1.74177e-06
 CALL LIMIT EXCEEDED IN MIGRAD.
 MIGRAD TERMINATED WITHOUT CONVERGENCE.
 FCN=74.3457 FROM MIGRAD    STATUS=CALL LIMIT   1913 CALLS        6311 TOTAL
                     EDM=0.00142862    STRATEGY= 1  ERROR MATRIX UNCERTAINTY  33.2 per cent
  EXT PARAMETER                APPROXIMATE        STEP         FIRST   
  NO.   NAME      VALUE            ERROR          SIZE      DERIVATIVE 
   1  N0           3.17657e+06   2.89313e+03  -2.40258e+00   3.59882e-06
   2  tau          6.44362e+01   constant   
   3  A0           3.63684e-01   1.08162e-03  -1.81482e-06   7.03634e+00
   4  phi          4.11885e+00   3.42153e-03  -1.33316e-07   7.07952e-01
   5  R           -6.08502e+01   constant   
   6  alpha_CBO   -6.17820e-04   1.28550e-03   8.45748e-08  -3.10672e+00
   7  w_CBO        2.32500e+00   constant   
   8  beta_CBO     1.21650e-03   1.27540e-03  -4.21860e-07   4.05573e+00
   9  alpha_2CBO  -2.89048e-03   1.22291e-03  -1.94350e-06   1.16348e-01
  10  beta_2CBO    8.66871e-04     fixed    
  11  alpha_y      0.00000e+00     fixed    
  12  w_y          1.44500e+01   constant   
  13  beta_y       4.99906e-04     fixed    
  14  alpha_vw     0.00000e+00     fixed    
  15  w_vw         1.29000e+01   constant   
  16  beta_vw      0.00000e+00     fixed    
  17  LM           1.15487e-03   constant   
  18  zeta_y       0.00000e+00   constant   
  19  zeta_vw      0.00000e+00   constant   
  20  T_CBO        1.86536e+01   3.59590e+00  -1.16551e-04   4.26008e+00
  21  alpha_A0     6.62268e+06   2.56355e+07   1.92250e+05   3.26110e-09
  22  beta_A0     -2.91643e+06   1.36410e+07  -1.35253e+05  -3.26931e-09
  23  alpha_phi   -8.69723e+06   3.47468e+07  -2.80325e+05   8.68538e-09
  24  beta_phi    -7.24615e+06   2.81412e+07  -2.12780e+05  -8.04360e-09
 EXTERNAL ERROR MATRIX.    NDIM=  25    NPAR= 11    ERR DEF=1
  8.370e+06 
  5.787e-01  1.170e-06 
 -9.332e-02  7.158e-08  1.171e-05 
  1.111e-01  1.759e-07 -7.116e-07  1.653e-06 
  9.572e-02  1.761e-07  7.610e-07  7.271e-08  1.627e-06 
  3.266e-02 -6.914e-09  1.689e-07 -3.680e-08  1.036e-08  1.496e-06 
 -5.493e+02 -2.510e-04 -1.023e-03  1.298e-04 -3.085e-04 -2.374e-05  1.293e+01 
  1.777e+09  1.686e+03  7.765e+03 -1.369e+03  1.820e+03 -5.617e+00 -9.173e+07  6.572e+14 
 -7.110e+08 -1.081e+03 -5.045e+03  8.841e+02 -1.248e+03 -2.376e+02  4.811e+07 -3.457e+14  1.861e+14 
 -2.278e+09 -2.400e+03 -1.111e+04  1.962e+03 -2.642e+03 -1.373e+02  1.242e+08 -8.902e+14  4.708e+14  1.207e+15 
 -1.934e+09 -1.858e+03 -8.602e+03  1.516e+03 -2.009e+03 -1.180e+01  1.007e+08 -7.214e+14  3.797e+14  9.773e+14  7.919e+14 
ERR MATRIX APPROXIMATE
 PARAMETER  CORRELATION COEFFICIENTS  
       NO.  GLOBAL      1      3      4      6      8      9     20     21     22     23     24
        1  0.34070   1.000  0.185 -0.009  0.030  0.026  0.009 -0.053  0.024 -0.018 -0.023 -0.024
        3  0.28527   0.185  1.000  0.019  0.126  0.128 -0.005 -0.065  0.061 -0.073 -0.064 -0.061
        4  0.32029  -0.009  0.019  1.000 -0.162  0.174  0.040 -0.083  0.089 -0.108 -0.093 -0.089
        6  0.28702   0.030  0.126 -0.162  1.000  0.044 -0.023  0.028 -0.042  0.050  0.044  0.042
        8  0.30946   0.026  0.128  0.174  0.044  1.000  0.007 -0.067  0.056 -0.072 -0.060 -0.056
        9  0.15297   0.009 -0.005  0.040 -0.023  0.007  1.000 -0.005 -0.000 -0.014 -0.003 -0.000
       20  0.99574  -0.053 -0.065 -0.083  0.028 -0.067 -0.005  1.000 -0.995  0.981  0.994  0.995
       21  1.00000   0.024  0.061  0.089 -0.042  0.056 -0.000 -0.995  1.000 -0.989 -0.999 -1.000
       22  0.99998  -0.018 -0.073 -0.108  0.050 -0.072 -0.014  0.981 -0.989  1.000  0.993  0.989
       23  1.00000  -0.023 -0.064 -0.093  0.044 -0.060 -0.003  0.994 -0.999  0.993  1.000  1.000
       24  1.00000  -0.024 -0.061 -0.089  0.042 -0.056 -0.000  0.995 -1.000  0.989  1.000  1.000
 ERR MATRIX APPROXIMATE
MINUIT - FIT ONLY 1-y
 **********
 **   51 **RES 
 **********
                   PARAMETER   16  beta_vw RESTORED TO VARIABLE.
                   PARAMETER   14  alpha_vw RESTORED TO VARIABLE.
                   PARAMETER   13  beta_y RESTORED TO VARIABLE.
                   PARAMETER   11  alpha_y RESTORED TO VARIABLE.
                   PARAMETER   10  beta_2CBO RESTORED TO VARIABLE.
 **********
 **   52 **FIX            0
 **********
 PARAMETER    0  IS UNDEFINED. IGNORED.
 **********
 **   53 **FIX            1
 **********
 **********
 **   54 **FIX            2
 **********
 PARAMETER    2  IS CONSTANT.   IGNORED.
 **********
 **   55 **FIX            3
 **********
 **********
 **   56 **FIX            4
 **********
 **********
 **   57 **FIX            5
 **********
 PARAMETER    5  IS CONSTANT.   IGNORED.
 **********
 **   58 **FIX            6
 **********
 **********
 **   59 **FIX            7
 **********
 PARAMETER    7  IS CONSTANT.   IGNORED.
 **********
 **   60 **FIX            8
 **********
 **********
 **   61 **FIX            9
 **********
 **********
 **   62 **FIX           13
 **********
 **********
 **   63 **FIX           14
 **********
 **********
 **   64 **FIX           15
 **********
 PARAMETER   15  IS CONSTANT.   IGNORED.
 **********
 **   65 **FIX           16
 **********
 **********
 **   66 **MIGRAD
 **********
 START MIGRAD MINIMIZATION.  STRATEGY  1.  CONVERGENCE WHEN EDM .LT. 1.00e-04
 FCN=74.3457 FROM MIGRAD    STATUS=INITIATE       16 CALLS        6327 TOTAL
                     EDM= unknown      STRATEGY= 1      NO ERROR MATRIX       
  EXT PARAMETER               CURRENT GUESS       STEP         FIRST   
  NO.   NAME      VALUE            ERROR          SIZE      DERIVATIVE 
   1  N0           3.17657e+06     fixed    
   2  tau          6.44362e+01   constant   
   3  A0           3.63684e-01     fixed    
   4  phi          4.11885e+00     fixed    
   5  R           -6.08502e+01   constant   
   6  alpha_CBO   -6.17820e-04     fixed    
   7  w_CBO        2.32500e+00   constant   
   8  beta_CBO     1.21650e-03     fixed    
   9  alpha_2CBO  -2.89048e-03     fixed    
  10  beta_2CBO    8.66871e-04   1.24777e-03   1.24777e-03   5.10596e+01
  11  alpha_y      0.00000e+00   1.00000e-03   1.00000e-03   1.57351e+03
  12  w_y          1.44500e+01   constant   
  13  beta_y       4.99906e-04     fixed    
  14  alpha_vw     0.00000e+00     fixed    
  15  w_vw         1.29000e+01   constant   
  16  beta_vw      0.00000e+00     fixed    
  17  LM           1.15487e-03   constant   
  18  zeta_y       0.00000e+00   constant   
  19  zeta_vw      0.00000e+00   constant   
  20  T_CBO        1.86536e+01   3.59590e+00  -1.16551e-04   4.25996e+00
  21  alpha_A0     6.62268e+06   2.56355e+07   1.92250e+05   3.26121e-09
  22  beta_A0     -2.91643e+06   1.36410e+07  -1.35253e+05  -3.26958e-09
  23  alpha_phi   -8.69723e+06   3.47468e+07  -2.80325e+05   8.68538e-09
  24  beta_phi    -7.24615e+06   2.81412e+07  -2.12780e+05  -8.04360e-09
 MIGRAD MINIMIZATION HAS CONVERGED.
 MIGRAD WILL VERIFY CONVERGENCE AND ERROR MATRIX.
 COVARIANCE MATRIX CALCULATED SUCCESSFULLY
 FCN=73.3794 FROM MIGRAD    STATUS=CONVERGED     128 CALLS        6439 TOTAL
                     EDM=7.88446e-06    STRATEGY= 1      ERROR MATRIX ACCURATE 
  EXT PARAMETER                                   STEP         FIRST   
  NO.   NAME      VALUE            ERROR          SIZE      DERIVATIVE 
   1  N0           3.17657e+06     fixed    
   2  tau          6.44362e+01   constant   
   3  A0           3.63684e-01     fixed    
   4  phi          4.11885e+00     fixed    
   5  R           -6.08502e+01   constant   
   6  alpha_CBO   -6.17820e-04     fixed    
   7  w_CBO        2.32500e+00   constant   
   8  beta_CBO     1.21650e-03     fixed    
   9  alpha_2CBO  -2.89048e-03     fixed    
  10  beta_2CBO    8.08308e-04   1.24743e-03   5.24907e-06  -1.57801e+00
  11  alpha_y     -1.22378e-03   1.24644e-03   5.24883e-06   2.17251e-01
  12  w_y          1.44500e+01   constant   
  13  beta_y       4.99906e-04     fixed    
  14  alpha_vw     0.00000e+00     fixed    
  15  w_vw         1.29000e+01   constant   
  16  beta_vw      0.00000e+00     fixed    
  17  LM           1.15487e-03   constant   
  18  zeta_y       0.00000e+00   constant   
  19  zeta_vw      0.00000e+00   constant   
  20  T_CBO        1.86480e+01   3.75145e-01   1.16796e-05   1.21321e+00
  21  alpha_A0     6.50889e+06   1.41421e+00   2.43933e+01  -3.54614e-10
  22  beta_A0     -2.69185e+06   1.41421e+00   2.43933e+01   1.77785e-10
  23  alpha_phi   -8.97134e+06   1.41421e+00   2.43933e+01   7.71732e-11
  24  beta_phi    -7.21845e+06   1.41421e+00   2.43933e+01   4.61884e-10
 EXTERNAL ERROR MATRIX.    NDIM=  25    NPAR=  7    ERR DEF=1
  1.556e-06  7.265e-09 -1.810e-05  5.386e-11 -5.592e-11  2.287e-11  4.099e-11 
  7.265e-09  1.554e-06 -1.483e-06  2.636e-12 -9.633e-12  1.930e-12  3.599e-12 
 -1.810e-05 -1.483e-06  1.407e-01 -4.957e-08  3.455e-08  9.926e-08  6.493e-08 
  5.386e-11  2.636e-12 -4.957e-08  2.000e+00  3.707e-14 -2.499e-14 -2.871e-14 
 -5.592e-11 -9.633e-12  3.455e-08  3.707e-14  2.000e+00  1.572e-14  1.237e-14 
  2.287e-11  1.930e-12  9.926e-08 -2.499e-14  1.572e-14  2.000e+00  4.359e-14 
  4.099e-11  3.599e-12  6.493e-08 -2.871e-14  1.237e-14  4.359e-14  2.000e+00 
 PARAMETER  CORRELATION COEFFICIENTS  
       NO.  GLOBAL     10     11     20     21     22     23     24
       10  0.03895   1.000  0.005 -0.039  0.000 -0.000  0.000  0.000
       11  0.00555   0.005  1.000 -0.003  0.000 -0.000  0.000  0.000
       20  0.03880  -0.039 -0.003  1.000 -0.000  0.000  0.000  0.000
       21  0.00000   0.000  0.000 -0.000  1.000  0.000 -0.000 -0.000
       22  0.00000  -0.000 -0.000  0.000  0.000  1.000  0.000  0.000
       23  0.00000   0.000  0.000  0.000 -0.000  0.000  1.000  0.000
       24  0.00000   0.000  0.000  0.000 -0.000  0.000  0.000  1.000
MINUIT - FIT ONLY 2-y
 **********
 **   67 **RES 
 **********
                   PARAMETER   16  beta_vw RESTORED TO VARIABLE.
                   PARAMETER   14  alpha_vw RESTORED TO VARIABLE.
                   PARAMETER   13  beta_y RESTORED TO VARIABLE.
                   PARAMETER    9  alpha_2CBO RESTORED TO VARIABLE.
                   PARAMETER    8  beta_CBO RESTORED TO VARIABLE.
                   PARAMETER    6  alpha_CBO RESTORED TO VARIABLE.
                   PARAMETER    4  phi RESTORED TO VARIABLE.
                   PARAMETER    3  A0 RESTORED TO VARIABLE.
                   PARAMETER    1  N0 RESTORED TO VARIABLE.
 **********
 **   68 **FIX            0
 **********
 PARAMETER    0  IS UNDEFINED. IGNORED.
 **********
 **   69 **FIX            1
 **********
 **********
 **   70 **FIX            2
 **********
 PARAMETER    2  IS CONSTANT.   IGNORED.
 **********
 **   71 **FIX            3
 **********
 **********
 **   72 **FIX            4
 **********
 **********
 **   73 **FIX            5
 **********
 PARAMETER    5  IS CONSTANT.   IGNORED.
 **********
 **   74 **FIX            6
 **********
 **********
 **   75 **FIX            7
 **********
 PARAMETER    7  IS CONSTANT.   IGNORED.
 **********
 **   76 **FIX            8
 **********
 **********
 **   77 **FIX            9
 **********
 **********
 **   78 **FIX           10
 **********
 **********
 **   79 **FIX           11
 **********
 **********
 **   80 **FIX           12
 **********
 PARAMETER   12  IS CONSTANT.   IGNORED.
 **********
 **   81 **FIX           16
 **********
 **********
 **   82 **MIGRAD
 **********
 START MIGRAD MINIMIZATION.  STRATEGY  1.  CONVERGENCE WHEN EDM .LT. 1.00e-04
 FCN=73.3794 FROM MIGRAD    STATUS=INITIATE       52 CALLS        6491 TOTAL
                     EDM= unknown      STRATEGY= 1      NO ERROR MATRIX       
  EXT PARAMETER               CURRENT GUESS       STEP         FIRST   
  NO.   NAME      VALUE            ERROR          SIZE      DERIVATIVE 
   1  N0           3.17657e+06     fixed    
   2  tau          6.44362e+01   constant   
   3  A0           3.63684e-01     fixed    
   4  phi          4.11885e+00     fixed    
   5  R           -6.08502e+01   constant   
   6  alpha_CBO   -6.17820e-04     fixed    
   7  w_CBO        2.32500e+00   constant   
   8  beta_CBO     1.21650e-03     fixed    
   9  alpha_2CBO  -2.89048e-03     fixed    
  10  beta_2CBO    8.08308e-04     fixed    
  11  alpha_y     -1.22378e-03     fixed    
  12  w_y          1.44500e+01   constant   
  13  beta_y       4.99906e-04   1.21608e-03   0.00000e+00   3.40599e+01
