 + ++++++++++++++++++++++++++++++++++++++++++++++++++++++++++++++++++++ +
 +                                                                      +
 +           You have chose to blind your fitting according to          +
 +                omega_ref * (1 + (R +/- deltaR) *10^{-6})             +
 +                                                                      +
 + ++++++++++++++++++++++++++++++++++++++++++++++++++++++++++++++++++++ +
In main()...
reading format from /gm2data/zkhechad/run45/envelope/formats/formatB_sBin_constraintOn.txt
pBinTau 	= 0  
pBinPhi 	= 0  
constraintau 	= 1 
includeMopTerm 	= 0    
constrainMop    = 0   
Parameters after format file: pBinTau 0 pBinPhi 0 constraintau 1 includeMopTerm 0 constrainMop 0 c_e_scale 0.000000 
Opening file /gm2data/tbarrett/gm2fr/studies/run23_bunch_corrections/CorrectedFourier_Run3b.root.
reading full fit data from /gm2data/zkhechad/cboTemplates/Run4CBOTemplates/templateFits0_v2.0/noRF/sBin_constraintOn_cE0.0_seed0_noRF_calo23.root
windowBins = 17
fitting sliding window 360 from bin 496 at 73.854000 to bin 513 at 76.539600 (17 bins)

Reading data from /gm2data/cornell/histograms/aMethod/histogram_a_noRF.root
 **********
 **    1 **SET PRINTOUT            1
 **********
 **********
 **    2 **SET NOWARNINGS 
 **********
 PARAMETER DEFINITIONS:
    NO.   NAME         VALUE      STEP SIZE      LIMITS
     1 N0           3.09806e+06  1.00000e+02     no limits
     2 tau          6.44406e+01  constant
     3 A0           3.43401e-01  1.00000e-04     no limits
     4 phi          4.11985e+00  1.00000e-02     no limits
     5 R           -6.14862e+01  constant
     6 alpha_CBO    0.00000e+00  1.00000e-03     no limits
     7 w_CBO        2.32500e+00  constant
     8 beta_CBO     0.00000e+00  1.00000e-03     no limits
     9 alpha_2CBO   0.00000e+00  1.00000e-03     no limits
    10 beta_2CBO    0.00000e+00  1.00000e-03     no limits
    11 alpha_y      0.00000e+00  1.00000e-03     no limits
    12 w_y          1.44500e+01  constant
    13 beta_y       0.00000e+00  1.00000e-03     no limits
    14 alpha_vw     0.00000e+00  1.00000e-03     no limits
    15 w_vw         1.29000e+01  constant
    16 beta_vw      0.00000e+00  1.00000e-03     no limits
    17 LM           1.22331e-03  constant
    18 zeta_y       0.00000e+00  constant
    19 zeta_vw      0.00000e+00  constant
    20 T_CBO        1.00000e+02  1.00000e+00    0.00000e+00  1.00000e+03
    21 alpha_A0     0.00000e+00  1.00000e-03     no limits
    22 beta_A0      0.00000e+00  1.00000e-03     no limits
    23 alpha_phi    0.00000e+00  1.00000e-03     no limits
    24 beta_phi     0.00000e+00  1.00000e-03     no limits
MINUIT - FIT ONLY WIGGLE
 **********
 **    3 **FIX            5
 **********
 PARAMETER    5  IS CONSTANT.   IGNORED.
 **********
 **    4 **FIX            6
 **********
 **********
 **    5 **FIX            7
 **********
 PARAMETER    7  IS CONSTANT.   IGNORED.
 **********
 **    6 **FIX            8
 **********
 **********
 **    7 **FIX            9
 **********
 **********
 **    8 **FIX           10
 **********
 **********
 **    9 **FIX           11
 **********
 **********
 **   10 **FIX           12
 **********
 PARAMETER   12  IS CONSTANT.   IGNORED.
 **********
 **   11 **FIX           13
 **********
 **********
 **   12 **FIX           14
 **********
 **********
 **   13 **FIX           15
 **********
 PARAMETER   15  IS CONSTANT.   IGNORED.
 **********
 **   14 **FIX           16
 **********
 **********
 **   15 **MIGRAD
 **********
 FIRST CALL TO USER FUNCTION AT NEW START POINT, WITH IFLAG=4.
 START MIGRAD MINIMIZATION.  STRATEGY  1.  CONVERGENCE WHEN EDM .LT. 1.00e-04
 FCN=684.998 FROM MIGRAD    STATUS=INITIATE      437 CALLS         438 TOTAL
                     EDM= unknown      STRATEGY= 1      NO ERROR MATRIX       
  EXT PARAMETER               CURRENT GUESS       STEP         FIRST   
  NO.   NAME      VALUE            ERROR          SIZE      DERIVATIVE 
   1  N0           3.09806e+06   1.00000e+02   0.00000e+00   2.14425e-02
   2  tau          6.44406e+01   constant   
   3  A0           3.43401e-01   1.00000e-04   0.00000e+00  -2.21139e+03
   4  phi          4.11985e+00   1.00000e-02   0.00000e+00  -8.70151e+04
   5  R           -6.14862e+01   constant   
   6  alpha_CBO    0.00000e+00     fixed    
   7  w_CBO        2.32500e+00   constant   
   8  beta_CBO     0.00000e+00     fixed    
   9  alpha_2CBO   0.00000e+00     fixed    
  10  beta_2CBO    0.00000e+00     fixed    
  11  alpha_y      0.00000e+00     fixed    
  12  w_y          1.44500e+01   constant   
  13  beta_y       0.00000e+00     fixed    
  14  alpha_vw     0.00000e+00     fixed    
  15  w_vw         1.29000e+01   constant   
  16  beta_vw      0.00000e+00     fixed    
  17  LM           1.22331e-03   constant   
  18  zeta_y       0.00000e+00   constant   
  19  zeta_vw      0.00000e+00   constant   
  20  T_CBO        1.00000e+02   1.00000e+00   0.00000e+00   0.00000e+00
  21  alpha_A0     0.00000e+00   1.00000e-03   0.00000e+00  -7.07879e+03
  22  beta_A0      0.00000e+00   1.00000e-03   0.00000e+00  -3.86033e+03
  23  alpha_phi    0.00000e+00   1.00000e-03   0.00000e+00  -2.31811e+04
  24  beta_phi     0.00000e+00   1.00000e-03   0.00000e+00   6.00277e+03
 CALL LIMIT EXCEEDED IN MIGRAD.
 MIGRAD TERMINATED WITHOUT CONVERGENCE.
 FCN=80.5338 FROM MIGRAD    STATUS=CALL LIMIT   1330 CALLS        1331 TOTAL
                     EDM=0.0210598    STRATEGY= 1  ERROR MATRIX UNCERTAINTY   0.3 per cent
  EXT PARAMETER                APPROXIMATE        STEP         FIRST   
  NO.   NAME      VALUE            ERROR          SIZE      DERIVATIVE 
   1  N0           3.10033e+06   8.25067e+02   1.03322e+01   3.74752e-04
   2  tau          6.44406e+01   constant   
   3  A0           3.43697e-01   2.91420e-04   3.60435e-06  -1.40624e+03
   4  phi          4.13745e+00   9.27076e-04   3.29322e-05   7.26418e+01
   5  R           -6.14862e+01   constant   
   6  alpha_CBO    0.00000e+00     fixed    
   7  w_CBO        2.32500e+00   constant   
   8  beta_CBO     0.00000e+00     fixed    
   9  alpha_2CBO   0.00000e+00     fixed    
  10  beta_2CBO    0.00000e+00     fixed    
  11  alpha_y      0.00000e+00     fixed    
  12  w_y          1.44500e+01   constant   
  13  beta_y       0.00000e+00     fixed    
  14  alpha_vw     0.00000e+00     fixed    
  15  w_vw         1.29000e+01   constant   
  16  beta_vw      0.00000e+00     fixed    
  17  LM           1.22331e-03   constant   
  18  zeta_y       0.00000e+00   constant   
  19  zeta_vw      0.00000e+00   constant   
  20  T_CBO        1.54652e+01   2.20514e+00  -1.38409e-03  -6.83488e+01
  21  alpha_A0     2.29362e-01   1.35798e-01   9.84085e-03   3.00761e-01
  22  beta_A0     -1.20858e+00   7.99768e-01  -5.78212e-02  -9.67035e-01
  23  alpha_phi   -5.21197e-01   3.70423e-01  -2.67676e-02   7.08742e+00
  24  beta_phi     1.64222e-01   9.55074e-02   6.94609e-03   3.96017e+00
 EXTERNAL ERROR MATRIX.    NDIM=  25    NPAR=  8    ERR DEF=1
  6.807e+05  1.775e-01  2.873e-01 -9.929e+01  1.120e+01 -5.967e+01 -2.805e+01  8.008e+00 
  1.775e-01  8.493e-08  1.727e-08  4.567e-05 -4.111e-06  2.554e-05  1.166e-05 -2.787e-06 
  2.873e-01  1.727e-08  8.595e-07 -4.251e-04  4.681e-05 -2.711e-04 -1.256e-04  3.340e-05 
 -9.929e+01  4.567e-05 -4.251e-04  4.863e+00 -2.932e-01  1.728e+00  8.004e-01 -2.061e-01 
  1.120e+01 -4.111e-06  4.681e-05 -2.932e-01  1.844e-02 -1.086e-01 -5.030e-02  1.297e-02 
 -5.967e+01  2.554e-05 -2.711e-04  1.728e+00 -1.086e-01  6.396e-01  2.962e-01 -7.637e-02 
 -2.805e+01  1.166e-05 -1.256e-04  8.004e-01 -5.030e-02  2.962e-01  1.372e-01 -3.537e-02 
  8.008e+00 -2.787e-06  3.340e-05 -2.061e-01  1.297e-02 -7.637e-02 -3.537e-02  9.122e-03 
ERR MATRIX APPROXIMATE
 PARAMETER  CORRELATION COEFFICIENTS  
       NO.  GLOBAL      1      3      4     20     21     22     23     24
        1  0.87624   1.000  0.738  0.376 -0.055  0.100 -0.090 -0.092  0.102
        3  0.86729   0.738  1.000  0.064  0.071 -0.104  0.110  0.108 -0.100
        4  0.91255   0.376  0.064  1.000 -0.208  0.372 -0.366 -0.366  0.377
       20  0.99556  -0.055  0.071 -0.208  1.000 -0.979  0.980  0.980 -0.978
       21  0.99996   0.100 -0.104  0.372 -0.979  1.000 -1.000 -1.000  1.000
       22  0.99999  -0.090  0.110 -0.366  0.980 -1.000  1.000  1.000 -1.000
       23  0.99999  -0.092  0.108 -0.366  0.980 -1.000  1.000  1.000 -1.000
       24  0.99991   0.102 -0.100  0.377 -0.978  1.000 -1.000 -1.000  1.000
 ERR MATRIX APPROXIMATE
MINUIT - FIT ONLY 1-CBO + wiggle
 **********
 **   16 **RES 
 **********
                   PARAMETER   16  beta_vw RESTORED TO VARIABLE.
                   PARAMETER   14  alpha_vw RESTORED TO VARIABLE.
                   PARAMETER   13  beta_y RESTORED TO VARIABLE.
                   PARAMETER   11  alpha_y RESTORED TO VARIABLE.
                   PARAMETER   10  beta_2CBO RESTORED TO VARIABLE.
                   PARAMETER    9  alpha_2CBO RESTORED TO VARIABLE.
                   PARAMETER    8  beta_CBO RESTORED TO VARIABLE.
                   PARAMETER    6  alpha_CBO RESTORED TO VARIABLE.
 **********
 **   17 **FIX            8
 **********
 **********
 **   18 **FIX            9
 **********
 **********
 **   19 **FIX           11
 **********
 **********
 **   20 **FIX           12
 **********
 PARAMETER   12  IS CONSTANT.   IGNORED.
 **********
 **   21 **FIX           14
 **********
 **********
 **   22 **FIX           15
 **********
 PARAMETER   15  IS CONSTANT.   IGNORED.
 **********
 **   23 **FIX           16
 **********
 **********
 **   24 **MIGRAD
 **********
 START MIGRAD MINIMIZATION.  STRATEGY  1.  CONVERGENCE WHEN EDM .LT. 1.00e-04
 FCN=80.5338 FROM MIGRAD    STATUS=INITIATE       28 CALLS        1359 TOTAL
                     EDM= unknown      STRATEGY= 1      NO ERROR MATRIX       
  EXT PARAMETER               CURRENT GUESS       STEP         FIRST   
  NO.   NAME      VALUE            ERROR          SIZE      DERIVATIVE 
   1  N0           3.10033e+06   8.25067e+02   1.03322e+01   3.74752e-04
   2  tau          6.44406e+01   constant   
   3  A0           3.43697e-01   2.91420e-04   3.60435e-06  -1.40624e+03
   4  phi          4.13745e+00   9.27076e-04   3.29322e-05   7.26418e+01
   5  R           -6.14862e+01   constant   
   6  alpha_CBO    0.00000e+00   1.00000e-03   1.00000e-03   5.85950e+03
   7  w_CBO        2.32500e+00   constant   
   8  beta_CBO     0.00000e+00     fixed    
   9  alpha_2CBO   0.00000e+00     fixed    
  10  beta_2CBO    0.00000e+00   1.00000e-03   1.00000e-03   1.85050e+04
  11  alpha_y      0.00000e+00     fixed    
  12  w_y          1.44500e+01   constant   
  13  beta_y       0.00000e+00   1.00000e-03   1.00000e-03  -2.76961e+04
  14  alpha_vw     0.00000e+00     fixed    
  15  w_vw         1.29000e+01   constant   
  16  beta_vw      0.00000e+00     fixed    
  17  LM           1.22331e-03   constant   
  18  zeta_y       0.00000e+00   constant   
  19  zeta_vw      0.00000e+00   constant   
  20  T_CBO        1.54652e+01   2.20514e+00  -1.38409e-03  -6.83489e+01
  21  alpha_A0     2.29362e-01   1.35798e-01   9.84085e-03   3.00761e-01
  22  beta_A0     -1.20858e+00   7.99768e-01  -5.78212e-02  -9.67035e-01
  23  alpha_phi   -5.21197e-01   3.70423e-01  -2.67676e-02   7.08742e+00
  24  beta_phi     1.64222e-01   9.55074e-02   6.94609e-03   3.96017e+00
 MIGRAD MINIMIZATION HAS CONVERGED.
 MIGRAD WILL VERIFY CONVERGENCE AND ERROR MATRIX.
 COVARIANCE MATRIX CALCULATED SUCCESSFULLY
 FCN=32.6344 FROM HESSE     STATUS=OK            100 CALLS        2807 TOTAL
                     EDM=0.0225067    STRATEGY= 1      ERROR MATRIX ACCURATE 
  EXT PARAMETER                                   STEP         FIRST   
  NO.   NAME      VALUE            ERROR          SIZE      DERIVATIVE 
   1  N0           3.10463e+06   3.56232e+04   1.48040e+00   5.64210e-06
   2  tau          6.44406e+01   constant   
   3  A0           3.37559e-01   1.48779e-02   4.88722e-07  -1.92763e+01
   4  phi          4.14089e+00   6.26048e-02   1.97453e-06   4.55490e+00
   5  R           -6.14862e+01   constant   
   6  alpha_CBO   -1.43832e-02   1.60063e-02   6.23960e-07  -4.80601e+00
   7  w_CBO        2.32500e+00   constant   
   8  beta_CBO     0.00000e+00     fixed    
   9  alpha_2CBO   0.00000e+00     fixed    
  10  beta_2CBO    3.60977e-03   8.44493e-03   6.31081e-07   2.45062e+00
  11  alpha_y      0.00000e+00     fixed    
  12  w_y          1.44500e+01   constant   
  13  beta_y       8.19283e-04   2.37976e-04   6.63099e-07   1.15173e-01
  14  alpha_vw     0.00000e+00     fixed    
  15  w_vw         1.29000e+01   constant   
  16  beta_vw      0.00000e+00     fixed    
  17  LM           1.22331e-03   constant   
  18  zeta_y       0.00000e+00   constant   
  19  zeta_vw      0.00000e+00   constant   
  20  T_CBO        1.80925e+01   8.86496e+00   1.00817e-06  -6.25708e+00
  21  alpha_A0     2.10913e-01   4.33056e+00   1.22978e-04  -4.14264e-02
  22  beta_A0     -2.44043e+00   5.06254e+00   1.69573e-04  -1.27275e-02
  23  alpha_phi   -4.46499e+00   8.76272e+00   1.43911e-04   3.38237e-02
  24  beta_phi    -1.06994e+00   5.10190e+00   1.22014e-04   8.89530e-02
 MIGRAD MINIMIZATION HAS CONVERGED.
 FCN=32.6099 FROM MIGRAD    STATUS=CONVERGED    1915 CALLS        3246 TOTAL
                     EDM=1.16165e-06    STRATEGY= 1  ERROR MATRIX UNCERTAINTY   1.6 per cent
  EXT PARAMETER                                   STEP         FIRST   
  NO.   NAME      VALUE            ERROR          SIZE      DERIVATIVE 
   1  N0           3.10955e+06   3.78225e+04   2.11902e+01   2.24102e-06
   2  tau          6.44406e+01   constant   
   3  A0           3.35466e-01   1.52468e-02  -6.72925e-06  -2.37049e+00
   4  phi          4.12995e+00   7.47415e-02  -6.15449e-05  -1.57546e+00
   5  R           -6.14862e+01   constant   
   6  alpha_CBO   -1.50314e-02   1.41128e-02   1.49881e-05   2.91341e+00
   7  w_CBO        2.32500e+00   constant   
   8  beta_CBO     0.00000e+00     fixed    
   9  alpha_2CBO   0.00000e+00     fixed    
  10  beta_2CBO    3.10528e-03   8.67233e-03  -1.18995e-05   2.65500e+00
  11  alpha_y      0.00000e+00     fixed    
  12  w_y          1.44500e+01   constant   
  13  beta_y       8.19167e-04   2.37843e-04  -3.29496e-08   3.59524e-01
  14  alpha_vw     0.00000e+00     fixed    
  15  w_vw         1.29000e+01   constant   
  16  beta_vw      0.00000e+00     fixed    
  17  LM           1.22331e-03   constant   
  18  zeta_y       0.00000e+00   constant   
  19  zeta_vw      0.00000e+00   constant   
  20  T_CBO        1.81555e+01   5.41361e-01   1.59492e-06   6.34150e-02
  21  alpha_A0     9.04772e-01   5.04716e+00   3.97401e-03  -1.13421e-02
  22  beta_A0     -1.92250e+00   3.83550e+00   3.50327e-03  -1.22770e-02
  23  alpha_phi   -3.67792e+00   7.42336e+00   9.05311e-03  -2.84335e-03
  24  beta_phi    -1.76328e+00   4.97428e+00  -2.91327e-03   2.02081e-02
 EXTERNAL ERROR MATRIX.    NDIM=  25    NPAR= 11    ERR DEF=1
  1.431e+09 
 -5.735e+02  2.325e-04 
 -2.205e+03  9.016e-04  5.586e-03 
 -1.358e+02  7.025e-05  4.952e-05  1.992e-04 
 -1.015e+02  3.398e-05  3.734e-04 -9.586e-05  7.521e-05 
 -1.630e-01  8.002e-09  3.570e-07 -3.543e-07  2.062e-07  5.657e-08 
  1.159e+04 -4.719e-03 -3.552e-02  8.309e-04 -2.897e-03 -3.566e-06  2.931e-01 
  1.856e+05 -7.408e-02 -3.330e-01 -6.139e-03 -2.199e-02 -3.765e-05  1.906e+00  2.547e+01 
  9.220e+04 -3.748e-02 -2.791e-01  5.953e-03 -2.241e-02 -2.977e-05  1.900e+00  1.510e+01  1.471e+01 
  1.444e+05 -5.528e-02 -4.699e-01  5.110e-02 -5.877e-02 -1.268e-04  3.389e+00  2.619e+01  2.608e+01  5.511e+01 
 -1.867e+05  7.545e-02  3.138e-01  1.846e-02  1.453e-02  1.275e-05 -1.697e+00 -2.468e+01 -1.356e+01 -2.106e+01  2.474e+01 
 PARAMETER  CORRELATION COEFFICIENTS  
       NO.  GLOBAL      1      3      4      6     10     13     20     21     22     23     24
        1  0.99998   1.000 -0.994 -0.780 -0.254 -0.310 -0.018  0.566  0.972  0.636  0.514 -0.992
        3  0.99998  -0.994  1.000  0.791  0.326  0.257  0.002 -0.572 -0.963 -0.641 -0.488  0.995
        4  0.99999  -0.780  0.791  1.000  0.047  0.576  0.020 -0.878 -0.883 -0.974 -0.847  0.844
        6  0.99993  -0.254  0.326  0.047  1.000 -0.783 -0.106  0.109 -0.086  0.110  0.488  0.263
       10  0.99966  -0.310  0.257  0.576 -0.783  1.000  0.100 -0.617 -0.502 -0.674 -0.913  0.337
       13  0.17900  -0.018  0.002  0.020 -0.106  0.100  1.000 -0.028 -0.031 -0.033 -0.072  0.011
       20  0.99586   0.566 -0.572 -0.878  0.109 -0.617 -0.028  1.000  0.698  0.915  0.843 -0.630
       21  0.99999   0.972 -0.963 -0.883 -0.086 -0.502 -0.031  0.698  1.000  0.780  0.699 -0.983
       22  0.99988   0.636 -0.641 -0.974  0.110 -0.674 -0.033  0.915  0.780  1.000  0.916 -0.711
       23  0.99998   0.514 -0.488 -0.847  0.488 -0.913 -0.072  0.843  0.699  0.916  1.000 -0.570
       24  0.99999  -0.992  0.995  0.844  0.263  0.337  0.011 -0.630 -0.983 -0.711 -0.570  1.000
MINUIT - FIT ONLY 2-CBO
 **********
 **   25 **RES 
 **********
                   PARAMETER   16  beta_vw RESTORED TO VARIABLE.
                   PARAMETER   14  alpha_vw RESTORED TO VARIABLE.
                   PARAMETER   11  alpha_y RESTORED TO VARIABLE.
                   PARAMETER    9  alpha_2CBO RESTORED TO VARIABLE.
                   PARAMETER    8  beta_CBO RESTORED TO VARIABLE.
 **********
 **   26 **FIX            0
 **********
 PARAMETER    0  IS UNDEFINED. IGNORED.
 **********
 **   27 **FIX            1
 **********
 **********
 **   28 **FIX            2
 **********
 PARAMETER    2  IS CONSTANT.   IGNORED.
 **********
 **   29 **FIX            3
 **********
 **********
 **   30 **FIX            4
 **********
 **********
 **   31 **FIX            5
 **********
 PARAMETER    5  IS CONSTANT.   IGNORED.
 **********
 **   32 **FIX            6
 **********
 **********
 **   33 **FIX            7
 **********
 PARAMETER    7  IS CONSTANT.   IGNORED.
 **********
 **   34 **FIX           10
 **********
 **********
 **   35 **FIX           11
 **********
 **********
 **   36 **FIX           12
 **********
 PARAMETER   12  IS CONSTANT.   IGNORED.
 **********
 **   37 **FIX           13
 **********
 **********
 **   38 **FIX           14
 **********
 **********
 **   39 **FIX           15
 **********
 PARAMETER   15  IS CONSTANT.   IGNORED.
 **********
 **   40 **FIX           16
 **********
 **********
 **   41 **MIGRAD
 **********
 START MIGRAD MINIMIZATION.  STRATEGY  1.  CONVERGENCE WHEN EDM .LT. 1.00e-04
 FCN=32.6099 FROM MIGRAD    STATUS=INITIATE       18 CALLS        3264 TOTAL
                     EDM= unknown      STRATEGY= 1      NO ERROR MATRIX       
  EXT PARAMETER               CURRENT GUESS       STEP         FIRST   
  NO.   NAME      VALUE            ERROR          SIZE      DERIVATIVE 
   1  N0           3.10955e+06     fixed    
   2  tau          6.44406e+01   constant   
   3  A0           3.35466e-01     fixed    
   4  phi          4.12995e+00     fixed    
   5  R           -6.14862e+01   constant   
   6  alpha_CBO   -1.50314e-02     fixed    
   7  w_CBO        2.32500e+00   constant   
   8  beta_CBO     0.00000e+00   1.00000e-03   1.00000e-03  -3.06456e+01
   9  alpha_2CBO   0.00000e+00   1.00000e-03   1.00000e-03   2.33583e+02
  10  beta_2CBO    3.10528e-03     fixed    
  11  alpha_y      0.00000e+00     fixed    
  12  w_y          1.44500e+01   constant   
  13  beta_y       8.19167e-04     fixed    
  14  alpha_vw     0.00000e+00     fixed    
  15  w_vw         1.29000e+01   constant   
  16  beta_vw      0.00000e+00     fixed    
  17  LM           1.22331e-03   constant   
  18  zeta_y       0.00000e+00   constant   
  19  zeta_vw      0.00000e+00   constant   
  20  T_CBO        1.81555e+01   5.41361e-01   1.59492e-06   6.34258e-02
  21  alpha_A0     9.04772e-01   5.04716e+00   3.97401e-03  -1.13420e-02
  22  beta_A0     -1.92250e+00   3.83550e+00   3.50327e-03  -1.22771e-02
  23  alpha_phi   -3.67792e+00   7.42336e+00   9.05311e-03  -2.84335e-03
  24  beta_phi    -1.76328e+00   4.97428e+00  -2.91327e-03   2.02081e-02
 MIGRAD MINIMIZATION HAS CONVERGED.
 MIGRAD WILL VERIFY CONVERGENCE AND ERROR MATRIX.
 COVARIANCE MATRIX CALCULATED SUCCESSFULLY
 FCN=32.5554 FROM HESSE     STATUS=OK             50 CALLS        3415 TOTAL
                     EDM=0.00123978    STRATEGY= 1      ERROR MATRIX ACCURATE 
  EXT PARAMETER                                   STEP         FIRST   
  NO.   NAME      VALUE            ERROR          SIZE      DERIVATIVE 
   1  N0           3.10955e+06     fixed    
   2  tau          6.44406e+01   constant   
   3  A0           3.35466e-01     fixed    
   4  phi          4.12995e+00     fixed    
   5  R           -6.14862e+01   constant   
   6  alpha_CBO   -1.50314e-02     fixed    
   7  w_CBO        2.32500e+00   constant   
   8  beta_CBO    -5.37371e-04   2.97935e-03   6.52667e-07  -1.01900e+01
   9  alpha_2CBO  -5.37709e-04   2.81206e-03   6.44610e-07  -1.25366e+01
  10  beta_2CBO    3.10528e-03     fixed    
  11  alpha_y      0.00000e+00     fixed    
  12  w_y          1.44500e+01   constant   
  13  beta_y       8.19167e-04     fixed    
  14  alpha_vw     0.00000e+00     fixed    
  15  w_vw         1.29000e+01   constant   
  16  beta_vw      0.00000e+00     fixed    
  17  LM           1.22331e-03   constant   
  18  zeta_y       0.00000e+00   constant   
  19  zeta_vw      0.00000e+00   constant   
  20  T_CBO        1.81807e+01   1.92554e+01   9.88818e-07  -1.08265e+00
  21  alpha_A0     8.04575e-01   3.75256e+00   1.22331e-04   5.85090e-02
  22  beta_A0     -1.95520e+00   8.38248e+00   1.68207e-04   4.04992e-03
  23  alpha_phi   -3.66004e+00   1.59492e+01   1.40156e-04  -1.00119e-02
  24  beta_phi    -1.87712e+00   7.85022e+00   1.19766e-04   4.99794e-02
 CALL LIMIT EXCEEDED IN MIGRAD.
 MIGRAD TERMINATED WITHOUT CONVERGENCE.
 FCN=32.5504 FROM MIGRAD    STATUS=CALL LIMIT   1153 CALLS        4399 TOTAL
                     EDM=0.000104585    STRATEGY= 1  ERROR MATRIX UNCERTAINTY  21.1 per cent
  EXT PARAMETER                APPROXIMATE        STEP         FIRST   
  NO.   NAME      VALUE            ERROR          SIZE      DERIVATIVE 
   1  N0           3.10955e+06     fixed    
   2  tau          6.44406e+01   constant   
   3  A0           3.35466e-01     fixed    
   4  phi          4.12995e+00     fixed    
   5  R           -6.14862e+01   constant   
   6  alpha_CBO   -1.50314e-02     fixed    
   7  w_CBO        2.32500e+00   constant   
   8  beta_CBO    -6.01897e-04   1.83140e-03   7.59773e-06  -2.01759e+01
   9  alpha_2CBO  -5.87405e-04   1.77364e-03   7.46085e-06  -3.33069e+01
  10  beta_2CBO    3.10528e-03     fixed    
  11  alpha_y      0.00000e+00     fixed    
  12  w_y          1.44500e+01   constant   
  13  beta_y       8.19167e-04     fixed    
  14  alpha_vw     0.00000e+00     fixed    
  15  w_vw         1.29000e+01   constant   
  16  beta_vw      0.00000e+00     fixed    
  17  LM           1.22331e-03   constant   
  18  zeta_y       0.00000e+00   constant   
  19  zeta_vw      0.00000e+00   constant   
  20  T_CBO        1.96847e+01   5.22218e+00   2.46594e-04  -3.32243e+01
  21  alpha_A0     5.85021e-01   6.17020e-01  -2.75963e-03  -1.59527e-01
  22  beta_A0     -1.43244e+00   1.47569e+00   9.96384e-03   9.36379e-02
  23  alpha_phi   -2.67522e+00   2.72011e+00   1.78825e-02   1.69391e-01
  24  beta_phi    -1.37914e+00   1.46803e+00   1.05790e-02   3.95376e-01
 EXTERNAL ERROR MATRIX.    NDIM=  25    NPAR=  7    ERR DEF=1
  3.354e-06  3.191e-06  8.665e-04  3.503e-04  4.337e-04  4.421e-04  8.066e-04 
  3.191e-06  3.146e-06  8.149e-04  3.443e-04  4.100e-04  4.152e-04  7.770e-04 
  8.665e-04  8.149e-04  2.728e+01 -2.952e+00  7.685e+00  1.421e+01  7.490e+00 
  3.503e-04  3.443e-04 -2.952e+00  3.807e-01 -8.059e-01 -1.538e+00 -7.334e-01 
  4.337e-04  4.100e-04  7.685e+00 -8.059e-01  2.178e+00  4.002e+00  2.142e+00 
  4.421e-04  4.152e-04  1.421e+01 -1.538e+00  4.002e+00  7.399e+00  3.898e+00 
  8.066e-04  7.770e-04  7.490e+00 -7.334e-01  2.142e+00  3.898e+00  2.155e+00 
ERR MATRIX APPROXIMATE
 PARAMETER  CORRELATION COEFFICIENTS  
       NO.  GLOBAL      8      9     20     21     22     23     24
        8  0.99393   1.000  0.982  0.091  0.310  0.160  0.089  0.300
        9  0.99623   0.982  1.000  0.088  0.315  0.157  0.086  0.298
       20  0.99999   0.091  0.088  1.000 -0.916  0.997  1.000  0.977
       21  0.99916   0.310  0.315 -0.916  1.000 -0.885 -0.916 -0.810
       22  0.99959   0.160  0.157  0.997 -0.885  1.000  0.997  0.989
       23  0.99996   0.089  0.086  1.000 -0.916  0.997  1.000  0.976
       24  0.99993   0.300  0.298  0.977 -0.810  0.989  0.976  1.000
 ERR MATRIX APPROXIMATE
MINUIT - FIT wiggle + 1-CBO + 2-CBO
 **********
 **   42 **RES 
 **********
                   PARAMETER   16  beta_vw RESTORED TO VARIABLE.
                   PARAMETER   14  alpha_vw RESTORED TO VARIABLE.
                   PARAMETER   13  beta_y RESTORED TO VARIABLE.
                   PARAMETER   11  alpha_y RESTORED TO VARIABLE.
                   PARAMETER   10  beta_2CBO RESTORED TO VARIABLE.
                   PARAMETER    6  alpha_CBO RESTORED TO VARIABLE.
                   PARAMETER    4  phi RESTORED TO VARIABLE.
                   PARAMETER    3  A0 RESTORED TO VARIABLE.
                   PARAMETER    1  N0 RESTORED TO VARIABLE.
 **********
 **   43 **FIX           10
 **********
 **********
 **   44 **FIX           11
 **********
 **********
 **   45 **FIX           12
 **********
 PARAMETER   12  IS CONSTANT.   IGNORED.
 **********
 **   46 **FIX           13
 **********
 **********
 **   47 **FIX           14
 **********
 **********
 **   48 **FIX           15
 **********
 PARAMETER   15  IS CONSTANT.   IGNORED.
 **********
 **   49 **FIX           16
 **********
 **********
 **   50 **MIGRAD
 **********
 START MIGRAD MINIMIZATION.  STRATEGY  1.  CONVERGENCE WHEN EDM .LT. 1.00e-04
 FCN=32.5504 FROM MIGRAD    STATUS=INITIATE       22 CALLS        4421 TOTAL
                     EDM= unknown      STRATEGY= 1      NO ERROR MATRIX       
  EXT PARAMETER               CURRENT GUESS       STEP         FIRST   
  NO.   NAME      VALUE            ERROR          SIZE      DERIVATIVE 
   1  N0           3.10955e+06   3.78225e+04   3.78225e+04   1.15531e-05
   2  tau          6.44406e+01   constant   
   3  A0           3.35466e-01   1.52468e-02   1.52468e-02  -7.29835e+01
   4  phi          4.12995e+00   7.47415e-02   7.47415e-02  -1.30575e+01
   5  R           -6.14862e+01   constant   
   6  alpha_CBO   -1.50314e-02   1.41128e-02   1.41128e-02   9.44424e+01
   7  w_CBO        2.32500e+00   constant   
   8  beta_CBO    -6.01897e-04   1.83140e-03   7.59773e-06  -2.01759e+01
   9  alpha_2CBO  -5.87405e-04   1.77364e-03   7.46085e-06  -3.33069e+01
  10  beta_2CBO    3.10528e-03     fixed    
  11  alpha_y      0.00000e+00     fixed    
  12  w_y          1.44500e+01   constant   
  13  beta_y       8.19167e-04     fixed    
  14  alpha_vw     0.00000e+00     fixed    
  15  w_vw         1.29000e+01   constant   
  16  beta_vw      0.00000e+00     fixed    
  17  LM           1.22331e-03   constant   
  18  zeta_y       0.00000e+00   constant   
  19  zeta_vw      0.00000e+00   constant   
  20  T_CBO        1.96847e+01   5.22218e+00   2.46594e-04  -3.32243e+01
  21  alpha_A0     5.85021e-01   6.17020e-01  -2.75963e-03  -1.59528e-01
  22  beta_A0     -1.43244e+00   1.47569e+00   9.96384e-03   9.36382e-02
  23  alpha_phi   -2.67522e+00   2.72011e+00   1.78825e-02   1.69391e-01
  24  beta_phi    -1.37914e+00   1.46803e+00   1.05790e-02   3.95376e-01
 CALL LIMIT EXCEEDED IN MIGRAD.
 MIGRAD TERMINATED WITHOUT CONVERGENCE.
 FCN=31.5542 FROM MIGRAD    STATUS=CALL LIMIT   1915 CALLS        6314 TOTAL
                     EDM=0.022114    STRATEGY= 1  ERROR MATRIX UNCERTAINTY   9.7 per cent
  EXT PARAMETER                APPROXIMATE        STEP         FIRST   
  NO.   NAME      VALUE            ERROR          SIZE      DERIVATIVE 
   1  N0           3.14806e+06   1.51524e+04   2.56817e+02  -7.88654e-06
   2  tau          6.44406e+01   constant   
   3  A0           3.20903e-01   9.23154e-03  -1.87927e-04  -1.09673e+02
   4  phi          4.15030e+00   2.19270e-02  -8.49647e-04  -1.86436e+02
   5  R           -6.14862e+01   constant   
   6  alpha_CBO   -1.92280e-02   5.95205e-03  -1.39720e-04   4.68882e+02
   7  w_CBO        2.32500e+00   constant   
   8  beta_CBO    -8.37006e-03   1.99468e-03   1.13385e-04  -2.23634e+02
   9  alpha_2CBO  -8.00567e-03   2.41001e-03   1.05035e-04  -3.41972e+02
  10  beta_2CBO    3.10528e-03     fixed    
  11  alpha_y      0.00000e+00     fixed    
  12  w_y          1.44500e+01   constant   
  13  beta_y       8.19167e-04     fixed    
  14  alpha_vw     0.00000e+00     fixed    
  15  w_vw         1.29000e+01   constant   
  16  beta_vw      0.00000e+00     fixed    
  17  LM           1.22331e-03   constant   
  18  zeta_y       0.00000e+00   constant   
  19  zeta_vw      0.00000e+00   constant   
  20  T_CBO        2.25869e+01   5.00765e-01  -2.17274e-05   9.06062e+01
  21  alpha_A0     1.42675e+00   8.73062e-01   2.94280e-02   2.40935e+00
  22  beta_A0     -2.50887e+00   2.36937e-01   1.43554e-02  -2.06639e+00
  23  alpha_phi   -3.18714e+00   2.40760e-01   1.28092e-02  -3.15037e+00
  24  beta_phi    -3.50674e+00   9.69680e-01  -1.22926e-02   4.07834e+00
 EXTERNAL ERROR MATRIX.    NDIM=  25    NPAR= 11    ERR DEF=1
  2.296e+08 
 -1.363e+02  8.522e-05 
 -2.896e+02  1.899e-04  4.808e-04 
 -8.310e+01  5.312e-05  1.242e-04  3.543e-05 
  2.490e+00 -7.922e-07 -1.168e-05 -3.974e-07  3.979e-06 
 -6.429e+00  5.850e-06  3.705e-06  3.702e-06  4.403e-06  5.808e-06 
  7.042e+03 -4.228e-03 -8.091e-03 -2.626e-03 -2.763e-04 -5.877e-04  2.508e-01 
  1.264e+04 -7.580e-03 -1.770e-02 -4.631e-03  6.190e-04  1.498e-04  3.430e-01  7.622e-01 
  1.335e+03 -9.177e-04 -3.423e-03 -5.915e-04  4.007e-04  3.407e-04  5.081e-03  1.285e-01  5.614e-02 
  2.235e+03 -1.484e-03 -4.309e-03 -8.753e-04  3.116e-04  1.903e-04  4.007e-02  1.676e-01  5.214e-02  5.797e-02 
 -1.396e+04  8.846e-03  1.914e-02  5.509e-03  1.975e-04  9.467e-04 -4.560e-01 -7.449e-01 -7.046e-02 -1.367e-01  9.403e-01 
ERR MATRIX APPROXIMATE
 PARAMETER  CORRELATION COEFFICIENTS  
       NO.  GLOBAL      1      3      4      6      8      9     20     21     22     23     24
        1  0.99968   1.000 -0.975 -0.872 -0.921  0.082 -0.176  0.928  0.956  0.372  0.613 -0.950
        3  0.99994  -0.975  1.000  0.938  0.967 -0.043  0.263 -0.915 -0.940 -0.420 -0.668  0.988
        4  0.99981  -0.872  0.938  1.000  0.952 -0.267  0.070 -0.737 -0.925 -0.659 -0.816  0.900
        6  0.99961  -0.921  0.967  0.952  1.000 -0.033  0.258 -0.881 -0.891 -0.419 -0.611  0.954
        8  0.99629   0.082 -0.043 -0.267 -0.033  1.000  0.916 -0.277  0.355  0.848  0.649  0.102
        9  0.99702  -0.176  0.263  0.070  0.258  0.916  1.000 -0.487  0.071  0.597  0.328  0.405
       20  0.99936   0.928 -0.915 -0.737 -0.881 -0.277 -0.487  1.000  0.785  0.043  0.332 -0.939
       21  0.99980   0.956 -0.940 -0.925 -0.891  0.355  0.071  0.785  1.000  0.621  0.797 -0.880
       22  0.99294   0.372 -0.420 -0.659 -0.419  0.848  0.597  0.043  0.621  1.000  0.914 -0.307
       23  0.99715   0.613 -0.668 -0.816 -0.611  0.649  0.328  0.332  0.797  0.914  1.000 -0.586
       24  0.99992  -0.950  0.988  0.900  0.954  0.102  0.405 -0.939 -0.880 -0.307 -0.586  1.000
 ERR MATRIX APPROXIMATE
MINUIT - FIT ONLY 1-y
 **********
 **   51 **RES 
 **********
                   PARAMETER   16  beta_vw RESTORED TO VARIABLE.
                   PARAMETER   14  alpha_vw RESTORED TO VARIABLE.
                   PARAMETER   13  beta_y RESTORED TO VARIABLE.
                   PARAMETER   11  alpha_y RESTORED TO VARIABLE.
                   PARAMETER   10  beta_2CBO RESTORED TO VARIABLE.
 **********
 **   52 **FIX            0
 **********
 PARAMETER    0  IS UNDEFINED. IGNORED.
 **********
 **   53 **FIX            1
 **********
 **********
 **   54 **FIX            2
 **********
 PARAMETER    2  IS CONSTANT.   IGNORED.
 **********
 **   55 **FIX            3
 **********
 **********
 **   56 **FIX            4
 **********
 **********
 **   57 **FIX            5
 **********
 PARAMETER    5  IS CONSTANT.   IGNORED.
 **********
 **   58 **FIX            6
 **********
 **********
 **   59 **FIX            7
 **********
 PARAMETER    7  IS CONSTANT.   IGNORED.
 **********
 **   60 **FIX            8
 **********
 **********
 **   61 **FIX            9
 **********
 **********
 **   62 **FIX           13
 **********
 **********
 **   63 **FIX           14
 **********
 **********
 **   64 **FIX           15
 **********
 PARAMETER   15  IS CONSTANT.   IGNORED.
 **********
 **   65 **FIX           16
 **********
 **********
 **   66 **MIGRAD
 **********
 START MIGRAD MINIMIZATION.  STRATEGY  1.  CONVERGENCE WHEN EDM .LT. 1.00e-04
 FCN=31.5542 FROM MIGRAD    STATUS=INITIATE       16 CALLS        6330 TOTAL
                     EDM= unknown      STRATEGY= 1      NO ERROR MATRIX       
  EXT PARAMETER               CURRENT GUESS       STEP         FIRST   
  NO.   NAME      VALUE            ERROR          SIZE      DERIVATIVE 
   1  N0           3.14806e+06     fixed    
   2  tau          6.44406e+01   constant   
   3  A0           3.20903e-01     fixed    
   4  phi          4.15030e+00     fixed    
   5  R           -6.14862e+01   constant   
   6  alpha_CBO   -1.92280e-02     fixed    
   7  w_CBO        2.32500e+00   constant   
   8  beta_CBO    -8.37006e-03     fixed    
   9  alpha_2CBO  -8.00567e-03     fixed    
  10  beta_2CBO    3.10528e-03   8.67233e-03   8.67233e-03   1.09940e+02
  11  alpha_y      0.00000e+00   1.00000e-03   1.00000e-03   3.92454e+04
  12  w_y          1.44500e+01   constant   
  13  beta_y       8.19167e-04     fixed    
  14  alpha_vw     0.00000e+00     fixed    
  15  w_vw         1.29000e+01   constant   
  16  beta_vw      0.00000e+00     fixed    
  17  LM           1.22331e-03   constant   
  18  zeta_y       0.00000e+00   constant   
  19  zeta_vw      0.00000e+00   constant   
  20  T_CBO        2.25869e+01   5.00765e-01  -2.17274e-05   9.06062e+01
  21  alpha_A0     1.42675e+00   8.73062e-01   2.94280e-02   2.40935e+00
  22  beta_A0     -2.50887e+00   2.36937e-01   1.43554e-02  -2.06639e+00
  23  alpha_phi   -3.18714e+00   2.40760e-01   1.28092e-02  -3.15037e+00
  24  beta_phi    -3.50674e+00   9.69680e-01  -1.22926e-02   4.07834e+00
 MIGRAD MINIMIZATION HAS CONVERGED.
 MIGRAD WILL VERIFY CONVERGENCE AND ERROR MATRIX.
 FCN=10.8832 FROM MIGRAD    STATUS=CONVERGED     177 CALLS        6491 TOTAL
                     EDM=3.49427e-05    STRATEGY= 1      ERR MATRIX NOT POS-DEF
  EXT PARAMETER                APPROXIMATE        STEP         FIRST   
  NO.   NAME      VALUE            ERROR          SIZE      DERIVATIVE 
   1  N0           3.14806e+06     fixed    
   2  tau          6.44406e+01   constant   
   3  A0           3.20903e-01     fixed    
   4  phi          4.15030e+00     fixed    
   5  R           -6.14862e+01   constant   
   6  alpha_CBO   -1.92280e-02     fixed    
   7  w_CBO        2.32500e+00   constant   
   8  beta_CBO    -8.37006e-03     fixed    
   9  alpha_2CBO  -8.00567e-03     fixed    
  10  beta_2CBO    3.98581e-03   6.35068e-04   3.74759e-07   1.33861e-01
  11  alpha_y     -1.04949e-03   2.30084e-04   3.66443e-07  -1.42786e-01
  12  w_y          1.44500e+01   constant   
  13  beta_y       8.19167e-04     fixed    
  14  alpha_vw     0.00000e+00     fixed    
  15  w_vw         1.29000e+01   constant   
  16  beta_vw      0.00000e+00     fixed    
  17  LM           1.22331e-03   constant   
  18  zeta_y       0.00000e+00   constant   
  19  zeta_vw      0.00000e+00   constant   
  20  T_CBO        2.25712e+01   3.78764e-01   6.05192e-07  -1.70425e+00
  21  alpha_A0     1.42736e+00   8.16246e-02   3.49669e-05   4.95766e-03
  22  beta_A0     -2.38871e+00   1.53311e-01   4.96157e-05  -4.69985e-03
  23  alpha_phi   -3.20286e+00   1.78857e-01   3.75526e-05  -8.88268e-03
  24  beta_phi    -3.51578e+00   1.96538e-01   3.22400e-05  -7.32266e-03
 EXTERNAL ERROR MATRIX.    NDIM=  25    NPAR=  7    ERR DEF=1
  4.033e-07 -4.196e-08 -5.449e-06  6.674e-07  4.545e-05 -9.226e-06 -2.028e-06 
 -4.196e-08  5.294e-08  6.826e-07 -2.698e-08 -5.753e-06  7.547e-07  3.832e-07 
 -5.449e-06  6.826e-07  1.435e-01 -2.974e-02  4.927e-02  6.699e-02  7.406e-02 
  6.674e-07 -2.698e-08 -2.974e-02  6.663e-03 -1.013e-02 -1.371e-02 -1.527e-02 
  4.545e-05 -5.753e-06  4.927e-02 -1.013e-02  2.350e-02  2.248e-02  2.564e-02 
 -9.226e-06  7.547e-07  6.699e-02 -1.371e-02  2.248e-02  3.199e-02  3.459e-02 
 -2.028e-06  3.832e-07  7.406e-02 -1.527e-02  2.564e-02  3.459e-02  3.863e-02 
ERR MATRIX NOT POS-DEF
 PARAMETER  CORRELATION COEFFICIENTS  
       NO.  GLOBAL     10     11     20     21     22     23     24
       10  0.93669   1.000 -0.287 -0.023  0.013  0.467 -0.081 -0.016
       11  0.32693  -0.287  1.000  0.008 -0.001 -0.163  0.018  0.008
       20  0.99761  -0.023  0.008  1.000 -0.962  0.848  0.989  0.995
       21  0.96715   0.013 -0.001 -0.962  1.000 -0.810 -0.939 -0.952
       22  0.98139   0.467 -0.163  0.848 -0.810  1.000  0.820  0.851
       23  0.99221  -0.081  0.018  0.989 -0.939  0.820  1.000  0.984
       24  0.99525  -0.016  0.008  0.995 -0.952  0.851  0.984  1.000
 ERR MATRIX NOT POS-DEF
MINUIT - FIT ONLY 2-y
 **********
 **   67 **RES 
 **********
                   PARAMETER   16  beta_vw RESTORED TO VARIABLE.
                   PARAMETER   14  alpha_vw RESTORED TO VARIABLE.
                   PARAMETER   13  beta_y RESTORED TO VARIABLE.
                   PARAMETER    9  alpha_2CBO RESTORED TO VARIABLE.
                   PARAMETER    8  beta_CBO RESTORED TO VARIABLE.
                   PARAMETER    6  alpha_CBO RESTORED TO VARIABLE.
                   PARAMETER    4  phi RESTORED TO VARIABLE.
                   PARAMETER    3  A0 RESTORED TO VARIABLE.
                   PARAMETER    1  N0 RESTORED TO VARIABLE.
 **********
 **   68 **FIX            0
 **********
 PARAMETER    0  IS UNDEFINED. IGNORED.
 **********
 **   69 **FIX            1
 **********
 **********
 **   70 **FIX            2
 **********
 PARAMETER    2  IS CONSTANT.   IGNORED.
 **********
 **   71 **FIX            3
 **********
 **********
 **   72 **FIX            4
 **********
 **********
 **   73 **FIX            5
 **********
 PARAMETER    5  IS CONSTANT.   IGNORED.
 **********
 **   74 **FIX            6
 **********
 **********
 **   75 **FIX            7
 **********
 PARAMETER    7  IS CONSTANT.   IGNORED.
 **********
 **   76 **FIX            8
 **********
 **********
 **   77 **FIX            9
 **********
 **********
 **   78 **FIX           10
 **********
 **********
 **   79 **FIX           11
 **********
 **********
 **   80 **FIX           12
 **********
 PARAMETER   12  IS CONSTANT.   IGNORED.
 **********
 **   81 **FIX           16
 **********
 **********
 **   82 **MIGRAD
 **********
 START MIGRAD MINIMIZATION.  STRATEGY  1.  CONVERGENCE WHEN EDM .LT. 1.00e-04
 FCN=10.8832 FROM MIGRAD    STATUS=INITIATE       16 CALLS        6507 TOTAL
                     EDM= unknown      STRATEGY= 1      NO ERROR MATRIX       
  EXT PARAMETER               CURRENT GUESS       STEP         FIRST   
  NO.   NAME      VALUE            ERROR          SIZE      DERIVATIVE 
   1  N0           3.14806e+06     fixed    
   2  tau          6.44406e+01   constant   
   3  A0           3.20903e-01     fixed    
   4  phi          4.15030e+00     fixed    
   5  R           -6.14862e+01   constant   
   6  alpha_CBO   -1.92280e-02     fixed    
   7  w_CBO        2.32500e+00   constant   
   8  beta_CBO    -8.37006e-03     fixed    
   9  alpha_2CBO  -8.00567e-03     fixed    
  10  beta_2CBO    3.98581e-03     fixed    
  11  alpha_y     -1.04949e-03     fixed    
  12  w_y          1.44500e+01   constant   
  13  beta_y       8.19167e-04   2.37843e-04   2.37843e-04  -2.94665e+02
