 + ++++++++++++++++++++++++++++++++++++++++++++++++++++++++++++++++++++ +
 +                                                                      +
 +           You have chose to blind your fitting according to          +
 +                omega_ref * (1 + (R +/- deltaR) *10^{-6})             +
 +                                                                      +
 + ++++++++++++++++++++++++++++++++++++++++++++++++++++++++++++++++++++ +
In main()...
reading format from /gm2data/zkhechad/run45/envelope/formats/formatB_sBin_constraintOn.txt
pBinTau 	= 0  
pBinPhi 	= 0  
constraintau 	= 1 
includeMopTerm 	= 0    
constrainMop    = 0   
Parameters after format file: pBinTau 0 pBinPhi 0 constraintau 1 includeMopTerm 0 constrainMop 0 c_e_scale 0.000000 
Opening file /gm2data/tbarrett/gm2fr/studies/run23_bunch_corrections/CorrectedFourier_Run3b.root.
reading full fit data from /gm2data/zkhechad/cboTemplates/Run4CBOTemplates/fullFits/noRF/sBin_constraintOn_cE0.0_seed0_noRF_calo3.root
windowBins = 69
fitting sliding window 2170 from bin 2306 at 343.906000 to bin 2375 at 354.350000 (69 bins)

Reading data from /gm2data/cornell/histograms/aMethod/histogram_a_noRF.root
 **********
 **    1 **SET PRINTOUT            1
 **********
 **********
 **    2 **SET NOWARNINGS 
 **********
 PARAMETER DEFINITIONS:
    NO.   NAME         VALUE      STEP SIZE      LIMITS
     1 N0           2.88710e+06  1.00000e+02     no limits
     2 tau          6.43977e+01  constant
     3 A0           3.56389e-01  1.00000e-04     no limits
     4 phi          4.11721e+00  1.00000e-02     no limits
     5 R           -6.10082e+01  constant
     6 alpha_CBO    0.00000e+00  1.00000e-03     no limits
     7 w_CBO        2.32500e+00  constant
     8 beta_CBO     0.00000e+00  1.00000e-03     no limits
     9 alpha_2CBO   0.00000e+00  1.00000e-03     no limits
    10 beta_2CBO    0.00000e+00  1.00000e-03     no limits
    11 alpha_y      0.00000e+00  1.00000e-03     no limits
    12 w_y          1.38860e+01  constant
    13 beta_y       0.00000e+00  1.00000e-03     no limits
    14 alpha_vw     0.00000e+00  1.00000e-03     no limits
    15 w_vw         1.43404e+01  constant
    16 beta_vw      0.00000e+00  1.00000e-03     no limits
    17 LM          -2.57919e-04  constant
    18 zeta_y       0.00000e+00  constant
    19 zeta_vw      0.00000e+00  constant
    20 T_CBO        1.00000e+02  1.00000e+00    0.00000e+00  1.00000e+03
    21 alpha_A0     0.00000e+00  1.00000e-04   -1.00000e-02  1.00000e-02
    22 beta_A0      0.00000e+00  1.00000e-04   -1.00000e-02  1.00000e-02
    23 alpha_phi    0.00000e+00  1.00000e-04   -1.00000e-02  1.00000e-02
    24 beta_phi     0.00000e+00  1.00000e-04   -1.00000e-02  1.00000e-02
MINUIT - FIT ONLY WIGGLE
 **********
 **    3 **FIX            5
 **********
 PARAMETER    5  IS CONSTANT.   IGNORED.
 **********
 **    4 **FIX            6
 **********
 **********
 **    5 **FIX            7
 **********
 PARAMETER    7  IS CONSTANT.   IGNORED.
 **********
 **    6 **FIX            8
 **********
 **********
 **    7 **FIX            9
 **********
 **********
 **    8 **FIX           10
 **********
 **********
 **    9 **FIX           11
 **********
 **********
 **   10 **FIX           12
 **********
 PARAMETER   12  IS CONSTANT.   IGNORED.
 **********
 **   11 **FIX           13
 **********
 **********
 **   12 **FIX           14
 **********
 **********
 **   13 **FIX           15
 **********
 PARAMETER   15  IS CONSTANT.   IGNORED.
 **********
 **   14 **FIX           16
 **********
 **********
 **   15 **MIGRAD
 **********
 FIRST CALL TO USER FUNCTION AT NEW START POINT, WITH IFLAG=4.
 START MIGRAD MINIMIZATION.  STRATEGY  1.  CONVERGENCE WHEN EDM .LT. 1.00e-04
 FCN=64.6329 FROM MIGRAD    STATUS=INITIATE      437 CALLS         438 TOTAL
                     EDM= unknown      STRATEGY= 1      NO ERROR MATRIX       
  EXT PARAMETER               CURRENT GUESS       STEP         FIRST   
  NO.   NAME      VALUE            ERROR          SIZE      DERIVATIVE 
   1  N0           2.88710e+06   1.00000e+02   0.00000e+00   1.61998e-03
   2  tau          6.43977e+01   constant   
   3  A0           3.56389e-01   1.00000e-04   0.00000e+00  -6.70816e+02
   4  phi          4.11721e+00   1.00000e-02   0.00000e+00  -7.54007e+02
   5  R           -6.10082e+01   constant   
   6  alpha_CBO    0.00000e+00     fixed    
   7  w_CBO        2.32500e+00   constant   
   8  beta_CBO     0.00000e+00     fixed    
   9  alpha_2CBO   0.00000e+00     fixed    
  10  beta_2CBO    0.00000e+00     fixed    
  11  alpha_y      0.00000e+00     fixed    
  12  w_y          1.38860e+01   constant   
  13  beta_y       0.00000e+00     fixed    
  14  alpha_vw     0.00000e+00     fixed    
  15  w_vw         1.43404e+01   constant   
  16  beta_vw      0.00000e+00     fixed    
  17  LM          -2.57919e-04   constant   
  18  zeta_y       0.00000e+00   constant   
  19  zeta_vw      0.00000e+00   constant   
  20  T_CBO        1.00000e+02   1.00000e+00   0.00000e+00   0.00000e+00
  21  alpha_A0     0.00000e+00   1.00000e-04   0.00000e+00   4.23433e-02
  22  beta_A0      0.00000e+00   1.00000e-04   0.00000e+00   4.13984e-02
  23  alpha_phi    0.00000e+00   1.00000e-04   0.00000e+00  -2.54269e-01
  24  beta_phi     0.00000e+00   1.00000e-04   0.00000e+00   8.59017e-02
 MIGRAD MINIMIZATION HAS CONVERGED.
 FCN=59.5384 FROM MIGRAD    STATUS=CONVERGED     694 CALLS         695 TOTAL
                     EDM=7.10872e-06    STRATEGY= 1  ERROR MATRIX UNCERTAINTY   1.3 per cent
  EXT PARAMETER                                   STEP         FIRST   
  NO.   NAME      VALUE            ERROR          SIZE      DERIVATIVE 
   1  N0           2.88414e+06   1.93136e+03   6.18378e+00   8.29762e-07
   2  tau          6.43977e+01   constant   
   3  A0           3.56526e-01   8.61276e-04   2.84985e-06   1.22921e+00
   4  phi          4.11994e+00   2.45858e-03   5.02490e-06   4.52066e-01
   5  R           -6.10082e+01   constant   
   6  alpha_CBO    0.00000e+00     fixed    
   7  w_CBO        2.32500e+00   constant   
   8  beta_CBO     0.00000e+00     fixed    
   9  alpha_2CBO   0.00000e+00     fixed    
  10  beta_2CBO    0.00000e+00     fixed    
  11  alpha_y      0.00000e+00     fixed    
  12  w_y          1.38860e+01   constant   
  13  beta_y       0.00000e+00     fixed    
  14  alpha_vw     0.00000e+00     fixed    
  15  w_vw         1.43404e+01   constant   
  16  beta_vw      0.00000e+00     fixed    
  17  LM          -2.57919e-04   constant   
  18  zeta_y       0.00000e+00   constant   
  19  zeta_vw      0.00000e+00   constant   
  20  T_CBO        3.58233e+02   3.00590e+02   1.61778e-03  -3.49748e-03
  21  alpha_A0    -4.91221e-03   1.58828e-02  -8.73361e-04   3.50212e-04
  22  beta_A0     -3.34396e-03   1.48954e-02  -1.94287e-04  -2.98264e-04
  23  alpha_phi    8.96281e-03   1.11172e-02   1.68495e-03  -3.37406e-03
  24  beta_phi     7.54086e-05   8.35134e-03  -6.51112e-04  -1.16530e-03
 EXTERNAL ERROR MATRIX.    NDIM=  25    NPAR=  8    ERR DEF=1
  3.730e+06  1.501e-01 -7.577e-01  1.830e+05 -5.885e+00 -2.800e+00  1.535e+00 -2.629e+00 
  1.501e-01  7.418e-07  8.822e-08  6.301e-02 -7.444e-07 -1.115e-06  1.149e-06  1.687e-06 
 -7.577e-01  8.822e-08  6.045e-06  3.245e-02  2.578e-06 -1.640e-06  2.408e-06  2.516e-06 
  1.830e+05  6.301e-02  3.245e-02  1.056e+05 -1.659e+00 -1.087e+00  5.633e-01 -1.335e-01 
 -5.885e+00 -7.444e-07  2.578e-06 -1.659e+00  1.221e-04  8.679e-06 -7.729e-06  1.375e-05 
 -2.800e+00 -1.115e-06 -1.640e-06 -1.087e+00  8.679e-06  9.636e-05 -8.234e-06 -1.297e-05 
  1.535e+00  1.149e-06  2.408e-06  5.633e-01 -7.729e-06 -8.234e-06  3.284e-05 -6.912e-06 
 -2.629e+00  1.687e-06  2.516e-06 -1.335e-01  1.375e-05 -1.297e-05 -6.912e-06  9.769e-05 
 PARAMETER  CORRELATION COEFFICIENTS  
       NO.  GLOBAL      1      3      4     20     21     22     23     24
        1  0.39498   1.000  0.090 -0.160  0.292 -0.276 -0.148  0.139 -0.138
        3  0.36806   0.090  1.000  0.042  0.225 -0.078 -0.132  0.233  0.198
        4  0.28998  -0.160  0.042  1.000  0.041  0.095 -0.068  0.171  0.104
       20  0.61334   0.292  0.225  0.041  1.000 -0.462 -0.341  0.303 -0.042
       21  0.50535  -0.276 -0.078  0.095 -0.462  1.000  0.080 -0.122  0.126
       22  0.39271  -0.148 -0.132 -0.068 -0.341  0.080  1.000 -0.146 -0.134
       23  0.42021   0.139  0.233  0.171  0.303 -0.122 -0.146  1.000 -0.122
       24  0.35562  -0.138  0.198  0.104 -0.042  0.126 -0.134 -0.122  1.000
MINUIT - FIT ONLY 1-CBO + wiggle
 **********
 **   16 **RES 
 **********
                   PARAMETER   16  beta_vw RESTORED TO VARIABLE.
                   PARAMETER   14  alpha_vw RESTORED TO VARIABLE.
                   PARAMETER   13  beta_y RESTORED TO VARIABLE.
                   PARAMETER   11  alpha_y RESTORED TO VARIABLE.
                   PARAMETER   10  beta_2CBO RESTORED TO VARIABLE.
                   PARAMETER    9  alpha_2CBO RESTORED TO VARIABLE.
                   PARAMETER    8  beta_CBO RESTORED TO VARIABLE.
                   PARAMETER    6  alpha_CBO RESTORED TO VARIABLE.
 **********
 **   17 **FIX            8
 **********
 **********
 **   18 **FIX            9
 **********
 **********
 **   19 **FIX           11
 **********
 **********
 **   20 **FIX           12
 **********
 PARAMETER   12  IS CONSTANT.   IGNORED.
 **********
 **   21 **FIX           14
 **********
 **********
 **   22 **FIX           15
 **********
 PARAMETER   15  IS CONSTANT.   IGNORED.
 **********
 **   23 **FIX           16
 **********
 **********
 **   24 **MIGRAD
 **********
 START MIGRAD MINIMIZATION.  STRATEGY  1.  CONVERGENCE WHEN EDM .LT. 1.00e-04
 FCN=59.5384 FROM MIGRAD    STATUS=INITIATE       28 CALLS         723 TOTAL
                     EDM= unknown      STRATEGY= 1      NO ERROR MATRIX       
  EXT PARAMETER               CURRENT GUESS       STEP         FIRST   
  NO.   NAME      VALUE            ERROR          SIZE      DERIVATIVE 
   1  N0           2.88414e+06   1.93136e+03   6.18378e+00   8.29762e-07
   2  tau          6.43977e+01   constant   
   3  A0           3.56526e-01   8.61276e-04   2.84985e-06   1.22921e+00
   4  phi          4.11994e+00   2.45858e-03   5.02490e-06   4.52066e-01
   5  R           -6.10082e+01   constant   
   6  alpha_CBO    0.00000e+00   1.00000e-03   1.00000e-03   3.69154e+03
   7  w_CBO        2.32500e+00   constant   
   8  beta_CBO     0.00000e+00     fixed    
   9  alpha_2CBO   0.00000e+00     fixed    
  10  beta_2CBO    0.00000e+00   1.00000e-03   1.00000e-03  -2.78604e+03
  11  alpha_y      0.00000e+00     fixed    
  12  w_y          1.38860e+01   constant   
  13  beta_y       0.00000e+00   1.00000e-03   1.00000e-03  -1.18243e+02
  14  alpha_vw     0.00000e+00     fixed    
  15  w_vw         1.43404e+01   constant   
  16  beta_vw      0.00000e+00     fixed    
  17  LM          -2.57919e-04   constant   
  18  zeta_y       0.00000e+00   constant   
  19  zeta_vw      0.00000e+00   constant   
  20  T_CBO        3.58233e+02   3.00590e+02   1.61778e-03  -3.49758e-03
  21  alpha_A0    -4.91221e-03   1.58828e-02  -8.73361e-04  -3.50247e-04
  22  beta_A0     -3.34396e-03   1.48954e-02  -1.94287e-04   2.98245e-04
  23  alpha_phi    8.96281e-03   1.11172e-02   1.68495e-03   3.37428e-03
  24  beta_phi     7.54086e-05   8.35134e-03  -6.51112e-04  -1.16530e-03
 MIGRAD MINIMIZATION HAS CONVERGED.
 FCN=54.8415 FROM MIGRAD    STATUS=CONVERGED     770 CALLS        1465 TOTAL
                     EDM=3.28882e-06    STRATEGY= 1  ERROR MATRIX UNCERTAINTY   0.3 per cent
  EXT PARAMETER                                   STEP         FIRST   
  NO.   NAME      VALUE            ERROR          SIZE      DERIVATIVE 
   1  N0           2.88404e+06   1.81948e+03   6.01061e-01   3.83783e-07
   2  tau          6.43977e+01   constant   
   3  A0           3.56272e-01   8.58073e-04   1.42058e-07   1.90753e-01
   4  phi          4.11934e+00   2.50037e-03  -1.38004e-06  -4.89752e-02
   5  R           -6.10082e+01   constant   
   6  alpha_CBO   -1.64718e-03   9.49403e-04  -3.81657e-07   1.82082e+00
   7  w_CBO        2.32500e+00   constant   
   8  beta_CBO     0.00000e+00     fixed    
   9  alpha_2CBO   0.00000e+00     fixed    
  10  beta_2CBO    1.18058e-03   9.36847e-04  -5.48781e-07  -3.13326e-01
  11  alpha_y      0.00000e+00     fixed    
  12  w_y          1.38860e+01   constant   
  13  beta_y       5.69369e-05   8.94238e-04   3.19568e-08   2.60921e-01
  14  alpha_vw     0.00000e+00     fixed    
  15  w_vw         1.43404e+01   constant   
  16  beta_vw      0.00000e+00     fixed    
  17  LM          -2.57919e-04   constant   
  18  zeta_y       0.00000e+00   constant   
  19  zeta_vw      0.00000e+00   constant   
  20  T_CBO        9.99829e+02   6.66169e+02   1.20397e-01  -5.22390e-05
  21  alpha_A0    -7.46413e-04   5.12847e-03  -1.28232e-04   1.80716e-03
  22  beta_A0     -1.37873e-03   5.06745e-03  -3.48916e-04  -8.50192e-04
  23  alpha_phi    2.75482e-03   4.62488e-03  -1.07456e-03  -5.48436e-03
  24  beta_phi     1.53268e-04   5.14532e-03   3.02619e-04   3.28044e-03
 EXTERNAL ERROR MATRIX.    NDIM=  25    NPAR= 11    ERR DEF=1
  3.311e+06 
  1.295e-01  7.363e-07 
 -4.661e-01  2.852e-07  6.252e-06 
  7.201e-02  1.394e-07  4.193e-07  9.014e-07 
  1.446e-02  1.842e-08  1.515e-07  2.137e-08  8.777e-07 
 -8.133e-03 -1.224e-08 -2.926e-08 -6.046e-09 -2.200e-09  7.997e-07 
  1.828e+04  2.078e-03 -2.039e-02 -2.674e-03 -6.197e-03  3.923e-05  1.820e+05 
  1.587e+00 -2.028e-07 -8.375e-07 -7.616e-07  4.085e-07  6.879e-09  1.403e-01  2.902e-05 
  6.411e-01  3.845e-07  5.826e-07  3.011e-07  6.401e-07 -9.114e-08  4.183e-01 -1.144e-06  2.830e-05 
  1.280e+00  3.460e-07 -4.452e-07  6.124e-07 -6.536e-07 -1.264e-08 -6.548e-01 -1.972e-06 -2.143e-06  2.328e-05 
 -1.288e+00  1.036e-06  1.678e-06  4.208e-07  7.194e-07 -1.441e-07 -1.020e-01 -1.014e-06  1.855e-06  1.972e-06  2.921e-05 
 PARAMETER  CORRELATION COEFFICIENTS  
       NO.  GLOBAL      1      3      4      6     10     13     20     21     22     23     24
        1  0.32050   1.000  0.083 -0.102  0.042  0.008 -0.005  0.024  0.162  0.066  0.146 -0.131
        3  0.31420   0.083  1.000  0.133  0.171  0.023 -0.016  0.006 -0.044  0.084  0.084  0.223
        4  0.26118  -0.102  0.133  1.000  0.177  0.065 -0.013 -0.019 -0.062  0.044 -0.037  0.124
        6  0.30374   0.042  0.171  0.177  1.000  0.024 -0.007 -0.007 -0.149  0.060  0.134  0.082
       10  0.27065   0.008  0.023  0.065  0.024  1.000 -0.003 -0.016  0.081  0.128 -0.145  0.142
       13  0.03744  -0.005 -0.016 -0.013 -0.007 -0.003  1.000  0.000  0.001 -0.019 -0.003 -0.030
       20  0.37516   0.024  0.006 -0.019 -0.007 -0.016  0.000  1.000  0.061  0.184 -0.318 -0.044
       21  0.26276   0.162 -0.044 -0.062 -0.149  0.081  0.001  0.061  1.000 -0.040 -0.076 -0.035
       22  0.26531   0.066  0.084  0.044  0.060  0.128 -0.019  0.184 -0.040  1.000 -0.083  0.065
       23  0.42498   0.146  0.084 -0.037  0.134 -0.145 -0.003 -0.318 -0.076 -0.083  1.000  0.076
       24  0.33170  -0.131  0.223  0.124  0.082  0.142 -0.030 -0.044 -0.035  0.065  0.076  1.000
MINUIT - FIT ONLY 2-CBO
 **********
 **   25 **RES 
 **********
                   PARAMETER   16  beta_vw RESTORED TO VARIABLE.
                   PARAMETER   14  alpha_vw RESTORED TO VARIABLE.
                   PARAMETER   11  alpha_y RESTORED TO VARIABLE.
                   PARAMETER    9  alpha_2CBO RESTORED TO VARIABLE.
                   PARAMETER    8  beta_CBO RESTORED TO VARIABLE.
 **********
 **   26 **FIX            0
 **********
 PARAMETER    0  IS UNDEFINED. IGNORED.
 **********
 **   27 **FIX            1
 **********
 **********
 **   28 **FIX            2
 **********
 PARAMETER    2  IS CONSTANT.   IGNORED.
 **********
 **   29 **FIX            3
 **********
 **********
 **   30 **FIX            4
 **********
 **********
 **   31 **FIX            5
 **********
 PARAMETER    5  IS CONSTANT.   IGNORED.
 **********
 **   32 **FIX            6
 **********
 **********
 **   33 **FIX            7
 **********
 PARAMETER    7  IS CONSTANT.   IGNORED.
 **********
 **   34 **FIX           10
 **********
 **********
 **   35 **FIX           11
 **********
 **********
 **   36 **FIX           12
 **********
 PARAMETER   12  IS CONSTANT.   IGNORED.
 **********
 **   37 **FIX           13
 **********
 **********
 **   38 **FIX           14
 **********
 **********
 **   39 **FIX           15
 **********
 PARAMETER   15  IS CONSTANT.   IGNORED.
 **********
 **   40 **FIX           16
 **********
 **********
 **   41 **MIGRAD
 **********
 START MIGRAD MINIMIZATION.  STRATEGY  1.  CONVERGENCE WHEN EDM .LT. 1.00e-04
 FCN=54.8415 FROM MIGRAD    STATUS=INITIATE       18 CALLS        1483 TOTAL
                     EDM= unknown      STRATEGY= 1      NO ERROR MATRIX       
  EXT PARAMETER               CURRENT GUESS       STEP         FIRST   
  NO.   NAME      VALUE            ERROR          SIZE      DERIVATIVE 
   1  N0           2.88404e+06     fixed    
   2  tau          6.43977e+01   constant   
   3  A0           3.56272e-01     fixed    
   4  phi          4.11934e+00     fixed    
   5  R           -6.10082e+01   constant   
   6  alpha_CBO   -1.64718e-03     fixed    
   7  w_CBO        2.32500e+00   constant   
   8  beta_CBO     0.00000e+00   1.00000e-03   1.00000e-03   5.32394e+03
   9  alpha_2CBO   0.00000e+00   1.00000e-03   1.00000e-03   1.73920e+02
  10  beta_2CBO    1.18058e-03     fixed    
  11  alpha_y      0.00000e+00     fixed    
  12  w_y          1.38860e+01   constant   
  13  beta_y       5.69369e-05     fixed    
  14  alpha_vw     0.00000e+00     fixed    
  15  w_vw         1.43404e+01   constant   
  16  beta_vw      0.00000e+00     fixed    
  17  LM          -2.57919e-04   constant   
  18  zeta_y       0.00000e+00   constant   
  19  zeta_vw      0.00000e+00   constant   
  20  T_CBO        9.99829e+02   6.66169e+02   1.20397e-01  -5.33534e-05
  21  alpha_A0    -7.46413e-04   5.12847e-03  -1.28232e-04   1.80716e-03
  22  beta_A0     -1.37873e-03   5.06745e-03  -3.48916e-04  -8.50200e-04
  23  alpha_phi    2.75482e-03   4.62488e-03  -1.07456e-03  -5.48434e-03
  24  beta_phi     1.53268e-04   5.14532e-03   3.02619e-04   3.28044e-03
 MIGRAD MINIMIZATION HAS CONVERGED.
 MIGRAD WILL VERIFY CONVERGENCE AND ERROR MATRIX.
 FCN=48.8571 FROM HESSE     STATUS=NOT POSDEF     52 CALLS        1606 TOTAL
                     EDM=0.000227224    STRATEGY= 1      ERR MATRIX NOT POS-DEF
  EXT PARAMETER                APPROXIMATE        STEP         FIRST   
  NO.   NAME      VALUE            ERROR          SIZE      DERIVATIVE 
   1  N0           2.88404e+06     fixed    
   2  tau          6.43977e+01   constant   
   3  A0           3.56272e-01     fixed    
   4  phi          4.11934e+00     fixed    
   5  R           -6.10082e+01   constant   
   6  alpha_CBO   -1.64718e-03     fixed    
   7  w_CBO        2.32500e+00   constant   
   8  beta_CBO    -2.24468e-03   6.08138e-04   3.11332e-06   3.72734e-02
   9  alpha_2CBO  -1.04477e-04   4.97105e-04   3.08517e-06   5.95609e-01
  10  beta_2CBO    1.18058e-03     fixed    
  11  alpha_y      0.00000e+00     fixed    
  12  w_y          1.38860e+01   constant   
  13  beta_y       5.69369e-05     fixed    
  14  alpha_vw     0.00000e+00     fixed    
  15  w_vw         1.43404e+01   constant   
  16  beta_vw      0.00000e+00     fixed    
  17  LM          -2.57919e-04   constant   
  18  zeta_y       0.00000e+00   constant   
  19  zeta_vw      0.00000e+00   constant   
  20  T_CBO        9.98389e+02   8.88223e+02   1.20658e-01  -1.90779e-05
  21  alpha_A0    -1.24300e-03   1.37897e-02   1.68561e-03  -1.30342e-03
  22  beta_A0      3.55004e-04   7.12186e-03   1.62776e-03   1.17857e-03
  23  alpha_phi    2.56009e-03   1.19039e-02   1.59795e-03   2.45881e-03
  24  beta_phi    -9.63457e-04   1.40457e-02   1.68958e-03   2.49277e-03
 MIGRAD MINIMIZATION HAS CONVERGED.
 MIGRAD WILL VERIFY CONVERGENCE AND ERROR MATRIX.
 MIGRAD TERMINATED WITHOUT CONVERGENCE.
 FCN=48.8571 FROM MIGRAD    STATUS=FAILED        326 CALLS        1791 TOTAL
                     EDM=0.000100016    STRATEGY= 1      ERR MATRIX NOT POS-DEF
  EXT PARAMETER                APPROXIMATE        STEP         FIRST   
  NO.   NAME      VALUE            ERROR          SIZE      DERIVATIVE 
   1  N0           2.88404e+06     fixed    
   2  tau          6.43977e+01   constant   
   3  A0           3.56272e-01     fixed    
   4  phi          4.11934e+00     fixed    
   5  R           -6.10082e+01   constant   
   6  alpha_CBO   -1.64718e-03     fixed    
   7  w_CBO        2.32500e+00   constant   
   8  beta_CBO    -2.24471e-03   7.62060e-04   3.11332e-06  -3.06320e-04
   9  alpha_2CBO  -1.04821e-04   7.38081e-04   3.08517e-06  -5.50266e-05
  10  beta_2CBO    1.18058e-03     fixed    
  11  alpha_y      0.00000e+00     fixed    
  12  w_y          1.38860e+01   constant   
  13  beta_y       5.69369e-05     fixed    
  14  alpha_vw     0.00000e+00     fixed    
  15  w_vw         1.43404e+01   constant   
  16  beta_vw      0.00000e+00     fixed    
  17  LM          -2.57919e-04   constant   
  18  zeta_y       0.00000e+00   constant   
  19  zeta_vw      0.00000e+00   constant   
  20  T_CBO        9.94785e+02   5.99320e+02   1.80754e-01  -1.96934e-05
  21  alpha_A0    -1.24310e-03   1.16161e-02   1.68700e-03  -2.17540e-05
  22  beta_A0      3.54008e-04   8.18564e-03   1.62826e-03   4.21317e-05
  23  alpha_phi    2.56030e-03   1.33563e-02   1.59802e-03   3.11476e-05
  24  beta_phi    -9.68579e-04   1.28929e-02   1.69079e-03  -2.65564e-05
 EXTERNAL ERROR MATRIX.    NDIM=  25    NPAR=  7    ERR DEF=1
  5.807e-07 -1.516e-08  1.007e+01 -4.695e-06  1.395e-06  9.847e-06 -4.118e-06 
 -1.516e-08  5.448e-07 -4.751e+00  2.442e-06 -9.061e-07 -4.436e-06  2.267e-06 
  1.007e+01 -4.751e+00  2.797e+09 -1.323e+03  4.644e+02  2.731e+03 -1.194e+03 
 -4.695e-06  2.442e-06 -1.323e+03  6.417e-04 -2.201e-04 -1.292e-03  5.645e-04 
  1.395e-06 -9.061e-07  4.644e+02 -2.201e-04  9.201e-05  4.531e-04 -1.972e-04 
  9.847e-06 -4.436e-06  2.731e+03 -1.292e-03  4.531e-04  2.680e-03 -1.164e-03 
 -4.118e-06  2.267e-06 -1.194e+03  5.645e-04 -1.972e-04 -1.164e-03  5.254e-04 
ERR MATRIX NOT POS-DEF
 PARAMETER  CORRELATION COEFFICIENTS  
       NO.  GLOBAL      8      9     20     21     22     23     24
        8  0.27566   1.000 -0.027  0.250 -0.243  0.191  0.250 -0.236
        9  0.18086  -0.027  1.000 -0.122  0.131 -0.128 -0.116  0.134
       20  0.99832   0.250 -0.122  1.000 -0.988  0.915  0.998 -0.985
       21  0.98784  -0.243  0.131 -0.988  1.000 -0.906 -0.985  0.972
       22  0.91688   0.191 -0.128  0.915 -0.906  1.000  0.913 -0.897
       23  0.99753   0.250 -0.116  0.998 -0.985  0.913  1.000 -0.981
       24  0.98497  -0.236  0.134 -0.985  0.972 -0.897 -0.981  1.000
 ERR MATRIX NOT POS-DEF
MINUIT - FIT wiggle + 1-CBO + 2-CBO
 **********
 **   42 **RES 
 **********
                   PARAMETER   16  beta_vw RESTORED TO VARIABLE.
                   PARAMETER   14  alpha_vw RESTORED TO VARIABLE.
                   PARAMETER   13  beta_y RESTORED TO VARIABLE.
                   PARAMETER   11  alpha_y RESTORED TO VARIABLE.
                   PARAMETER   10  beta_2CBO RESTORED TO VARIABLE.
                   PARAMETER    6  alpha_CBO RESTORED TO VARIABLE.
                   PARAMETER    4  phi RESTORED TO VARIABLE.
                   PARAMETER    3  A0 RESTORED TO VARIABLE.
                   PARAMETER    1  N0 RESTORED TO VARIABLE.
 **********
 **   43 **FIX           10
 **********
 **********
 **   44 **FIX           11
 **********
 **********
 **   45 **FIX           12
 **********
 PARAMETER   12  IS CONSTANT.   IGNORED.
 **********
 **   46 **FIX           13
 **********
 **********
 **   47 **FIX           14
 **********
 **********
 **   48 **FIX           15
 **********
 PARAMETER   15  IS CONSTANT.   IGNORED.
 **********
 **   49 **FIX           16
 **********
 **********
 **   50 **MIGRAD
 **********
 START MIGRAD MINIMIZATION.  STRATEGY  1.  CONVERGENCE WHEN EDM .LT. 1.00e-04
 FCN=48.8571 FROM MIGRAD    STATUS=INITIATE       24 CALLS        1815 TOTAL
                     EDM= unknown      STRATEGY= 1      NO ERROR MATRIX       
  EXT PARAMETER               CURRENT GUESS       STEP         FIRST   
  NO.   NAME      VALUE            ERROR          SIZE      DERIVATIVE 
   1  N0           2.88404e+06   1.81948e+03   1.81948e+03  -1.06314e-05
   2  tau          6.43977e+01   constant   
   3  A0           3.56272e-01   8.58073e-04   8.58073e-04  -9.80826e+02
   4  phi          4.11934e+00   2.50037e-03   2.50037e-03   1.97909e+02
   5  R           -6.10082e+01   constant   
   6  alpha_CBO   -1.64718e-03   9.49403e-04   9.49403e-04   1.73781e+02
   7  w_CBO        2.32500e+00   constant   
   8  beta_CBO    -2.24471e-03   7.62060e-04   3.11332e-06  -3.06632e-04
   9  alpha_2CBO  -1.04821e-04   7.38081e-04   3.08517e-06  -5.48689e-05
  10  beta_2CBO    1.18058e-03     fixed    
  11  alpha_y      0.00000e+00     fixed    
  12  w_y          1.38860e+01   constant   
  13  beta_y       5.69369e-05     fixed    
  14  alpha_vw     0.00000e+00     fixed    
  15  w_vw         1.43404e+01   constant   
  16  beta_vw      0.00000e+00     fixed    
  17  LM          -2.57919e-04   constant   
  18  zeta_y       0.00000e+00   constant   
  19  zeta_vw      0.00000e+00   constant   
  20  T_CBO        9.94785e+02   5.99320e+02   1.80754e-01  -8.06367e-05
  21  alpha_A0    -1.24310e-03   1.16161e-02   1.68700e-03  -2.14930e-05
  22  beta_A0      3.54008e-04   8.18564e-03   1.62826e-03   4.17015e-05
  23  alpha_phi    2.56030e-03   1.33563e-02   1.59802e-03   3.06456e-05
  24  beta_phi    -9.68579e-04   1.28929e-02   1.69079e-03  -2.54462e-05
 MIGRAD MINIMIZATION HAS CONVERGED.
 MIGRAD WILL VERIFY CONVERGENCE AND ERROR MATRIX.
 COVARIANCE MATRIX CALCULATED SUCCESSFULLY
 FCN=48.6206 FROM MIGRAD    STATUS=CONVERGED     253 CALLS        2044 TOTAL
                     EDM=6.96015e-06    STRATEGY= 1      ERROR MATRIX ACCURATE 
  EXT PARAMETER                                   STEP         FIRST   
  NO.   NAME      VALUE            ERROR          SIZE      DERIVATIVE 
   1  N0           2.88422e+06   1.95688e+03   6.00308e+00   9.48870e-07
   2  tau          6.43977e+01   constant   
   3  A0           3.56628e-01   8.86307e-04   2.84775e-06  -3.62755e-01
   4  phi          4.11876e+00   2.48397e-03   8.19373e-06   8.36109e-02
   5  R           -6.10082e+01   constant   
   6  alpha_CBO   -1.69125e-03   9.48294e-04   3.06875e-06  -2.23013e+00
   7  w_CBO        2.32500e+00   constant   
   8  beta_CBO    -2.33405e-03   9.36273e-04   3.10588e-06   4.05544e-01
   9  alpha_2CBO  -7.98840e-05   9.17364e-04   3.07785e-06  -4.12158e-01
  10  beta_2CBO    1.18058e-03     fixed    
  11  alpha_y      0.00000e+00     fixed    
  12  w_y          1.38860e+01   constant   
  13  beta_y       5.69369e-05     fixed    
  14  alpha_vw     0.00000e+00     fixed    
  15  w_vw         1.43404e+01   constant   
  16  beta_vw      0.00000e+00     fixed    
  17  LM          -2.57919e-04   constant   
  18  zeta_y       0.00000e+00   constant   
  19  zeta_vw      0.00000e+00   constant   
  20  T_CBO        9.93642e+02   9.96821e+02   1.96379e-01   4.03452e-05
  21  alpha_A0    -1.15394e-03   4.87364e-03   1.68067e-03  -5.16518e-04
  22  beta_A0      5.42193e-04   4.67952e-03   1.62583e-03   9.57982e-04
  23  alpha_phi    2.70196e-03   4.69666e-03   1.59837e-03   2.38571e-04
  24  beta_phi    -6.79037e-04   4.99337e-03   1.68174e-03  -2.25910e-03
 EXTERNAL ERROR MATRIX.    NDIM=  25    NPAR= 11    ERR DEF=1
  3.829e+06 
  1.788e-01  7.855e-07 
 -7.994e-01  1.606e-07  6.170e-06 
  1.035e-01  1.557e-07  4.234e-07  8.993e-07 
 -6.399e-02 -1.359e-07  2.133e-07  1.511e-08  8.766e-07 
 -6.886e-03  6.051e-08  1.763e-08  3.057e-08  2.464e-09  8.416e-07 
 -1.130e+04  6.493e-04  2.146e-02 -6.161e-04  5.556e-03  4.886e-03  1.791e+07 
  1.693e+00 -2.301e-07 -1.249e-06 -7.873e-07  1.396e-07  4.167e-07  2.824e+00  2.595e-05 
  7.434e-01  4.773e-07  2.814e-07  2.614e-07 -7.125e-07 -2.368e-07 -1.437e+00 -1.242e-06  2.372e-05 
  1.276e+00  3.893e-07 -1.042e-07  7.648e-07  5.122e-09  5.378e-07 -6.572e+00 -8.279e-07  4.368e-07  2.407e-05 
 -1.611e+00  9.648e-07  1.415e-06  3.524e-07  2.874e-07  6.664e-07  1.744e+00 -1.613e-06  2.382e-06  1.996e-06  2.735e-05 
 PARAMETER  CORRELATION COEFFICIENTS  
       NO.  GLOBAL      1      3      4      6      8      9     20     21     22     23     24
        1  0.35372   1.000  0.103 -0.164  0.056 -0.035 -0.004 -0.001  0.170  0.078  0.133 -0.157
        3  0.35688   0.103  1.000  0.073  0.185 -0.164  0.074  0.000 -0.051  0.111  0.090  0.208
        4  0.28331  -0.164  0.073  1.000  0.180  0.092  0.008  0.002 -0.099  0.023 -0.009  0.109
        6  0.33884   0.056  0.185  0.180  1.000  0.017  0.035 -0.000 -0.163  0.057  0.164  0.071
        8  0.26426  -0.035 -0.164  0.092  0.017  1.000  0.003  0.001  0.029 -0.156  0.001  0.059
        9  0.22023  -0.004  0.074  0.008  0.035  0.003  1.000  0.001  0.089 -0.053  0.119  0.139
       20  0.37257  -0.001  0.000  0.002 -0.000  0.001  0.001  1.000  0.131 -0.070 -0.317  0.079
       21  0.30297   0.170 -0.051 -0.099 -0.163  0.029  0.089  0.131  1.000 -0.050 -0.033 -0.061
       22  0.24732   0.078  0.111  0.023  0.057 -0.156 -0.053 -0.070 -0.050  1.000  0.018  0.094
       23  0.40890   0.133  0.090 -0.009  0.164  0.001  0.119 -0.317 -0.033  0.018  1.000  0.078
       24  0.36067  -0.157  0.208  0.109  0.071  0.059  0.139  0.079 -0.061  0.094  0.078  1.000
MINUIT - FIT ONLY 1-y
 **********
 **   51 **RES 
 **********
                   PARAMETER   16  beta_vw RESTORED TO VARIABLE.
                   PARAMETER   14  alpha_vw RESTORED TO VARIABLE.
                   PARAMETER   13  beta_y RESTORED TO VARIABLE.
                   PARAMETER   11  alpha_y RESTORED TO VARIABLE.
                   PARAMETER   10  beta_2CBO RESTORED TO VARIABLE.
 **********
 **   52 **FIX            0
 **********
 PARAMETER    0  IS UNDEFINED. IGNORED.
 **********
 **   53 **FIX            1
 **********
 **********
 **   54 **FIX            2
 **********
 PARAMETER    2  IS CONSTANT.   IGNORED.
 **********
 **   55 **FIX            3
 **********
 **********
 **   56 **FIX            4
 **********
 **********
 **   57 **FIX            5
 **********
 PARAMETER    5  IS CONSTANT.   IGNORED.
 **********
 **   58 **FIX            6
 **********
 **********
 **   59 **FIX            7
 **********
 PARAMETER    7  IS CONSTANT.   IGNORED.
 **********
 **   60 **FIX            8
 **********
 **********
 **   61 **FIX            9
 **********
 **********
 **   62 **FIX           13
 **********
 **********
 **   63 **FIX           14
 **********
 **********
 **   64 **FIX           15
 **********
 PARAMETER   15  IS CONSTANT.   IGNORED.
 **********
 **   65 **FIX           16
 **********
 **********
 **   66 **MIGRAD
 **********
 START MIGRAD MINIMIZATION.  STRATEGY  1.  CONVERGENCE WHEN EDM .LT. 1.00e-04
 FCN=48.6206 FROM MIGRAD    STATUS=INITIATE       16 CALLS        2060 TOTAL
                     EDM= unknown      STRATEGY= 1      NO ERROR MATRIX       
  EXT PARAMETER               CURRENT GUESS       STEP         FIRST   
  NO.   NAME      VALUE            ERROR          SIZE      DERIVATIVE 
   1  N0           2.88422e+06     fixed    
   2  tau          6.43977e+01   constant   
   3  A0           3.56628e-01     fixed    
   4  phi          4.11876e+00     fixed    
   5  R           -6.10082e+01   constant   
   6  alpha_CBO   -1.69125e-03     fixed    
   7  w_CBO        2.32500e+00   constant   
   8  beta_CBO    -2.33405e-03     fixed    
   9  alpha_2CBO  -7.98840e-05     fixed    
  10  beta_2CBO    1.18058e-03   9.36847e-04   9.36847e-04   3.99449e+02
  11  alpha_y      0.00000e+00   1.00000e-03   1.00000e-03  -8.46881e+02
  12  w_y          1.38860e+01   constant   
  13  beta_y       5.69369e-05     fixed    
  14  alpha_vw     0.00000e+00     fixed    
  15  w_vw         1.43404e+01   constant   
  16  beta_vw      0.00000e+00     fixed    
  17  LM          -2.57919e-04   constant   
  18  zeta_y       0.00000e+00   constant   
  19  zeta_vw      0.00000e+00   constant   
  20  T_CBO        9.93642e+02   9.96821e+02   1.96379e-01   2.55807e-05
  21  alpha_A0    -1.15394e-03   4.87364e-03   1.68067e-03  -5.15205e-04
  22  beta_A0      5.42193e-04   4.67952e-03   1.62583e-03   9.57378e-04
  23  alpha_phi    2.70196e-03   4.69666e-03   1.59837e-03   2.35383e-04
  24  beta_phi    -6.79037e-04   4.99337e-03   1.68174e-03  -2.25833e-03
 MIGRAD MINIMIZATION HAS CONVERGED.
 MIGRAD WILL VERIFY CONVERGENCE AND ERROR MATRIX.
 COVARIANCE MATRIX CALCULATED SUCCESSFULLY
 FCN=48.4418 FROM MIGRAD    STATUS=CONVERGED     140 CALLS        2184 TOTAL
                     EDM=1.72742e-06    STRATEGY= 1      ERROR MATRIX ACCURATE 
  EXT PARAMETER                                   STEP         FIRST   
  NO.   NAME      VALUE            ERROR          SIZE      DERIVATIVE 
   1  N0           2.88422e+06     fixed    
   2  tau          6.43977e+01   constant   
   3  A0           3.56628e-01     fixed    
   4  phi          4.11876e+00     fixed    
   5  R           -6.10082e+01   constant   
   6  alpha_CBO   -1.69125e-03     fixed    
   7  w_CBO        2.32500e+00   constant   
   8  beta_CBO    -2.33405e-03     fixed    
   9  alpha_2CBO  -7.98840e-05     fixed    
  10  beta_2CBO    1.01283e-03   9.23105e-04   3.09095e-06   9.69154e-02
  11  alpha_y      3.43126e-04   9.01657e-04   3.09462e-06  -3.60719e-02
  12  w_y          1.38860e+01   constant   
  13  beta_y       5.69369e-05     fixed    
  14  alpha_vw     0.00000e+00     fixed    
  15  w_vw         1.43404e+01   constant   
  16  beta_vw      0.00000e+00     fixed    
  17  LM          -2.57919e-04   constant   
  18  zeta_y       0.00000e+00   constant   
  19  zeta_vw      0.00000e+00   constant   
  20  T_CBO        9.95643e+02   7.08146e+02   2.39036e-01   3.46890e-05
  21  alpha_A0    -1.20222e-03   4.67494e-03   1.67843e-03  -4.67826e-04
  22  beta_A0      4.25416e-04   4.62083e-03   1.62099e-03   9.64189e-04
  23  alpha_phi    2.75905e-03   4.37713e-03   1.59873e-03   1.03495e-04
  24  beta_phi    -7.87110e-04   4.76072e-03   1.67907e-03  -5.95280e-04
 EXTERNAL ERROR MATRIX.    NDIM=  25    NPAR=  7    ERR DEF=1
  8.521e-07  5.568e-09 -2.789e-04  2.720e-07  6.558e-07 -5.043e-07  4.754e-07 
  5.568e-09  8.130e-07 -1.054e-04  1.243e-08  3.387e-08 -9.847e-08 -3.727e-08 
 -2.789e-04 -1.054e-04  1.153e+07  4.678e-01 -1.823e-01 -1.066e+00  3.158e-01 
  2.720e-07  1.243e-08  4.678e-01  2.369e-05 -5.281e-07 -1.393e-07 -7.570e-07 
  6.558e-07  3.387e-08 -1.823e-01 -5.281e-07  2.308e-05 -8.037e-07  3.017e-06 
 -5.043e-07 -9.847e-08 -1.066e+00 -1.393e-07 -8.037e-07  2.065e-05  1.932e-06 
  4.754e-07 -3.727e-08  3.158e-01 -7.570e-07  3.017e-06  1.932e-06  2.463e-05 
 PARAMETER  CORRELATION COEFFICIENTS  
       NO.  GLOBAL     10     11     20     21     22     23     24
       10  0.22102   1.000  0.007 -0.000  0.061  0.148 -0.120  0.104
       11  0.02644   0.007  1.000 -0.000  0.003  0.008 -0.024 -0.008
       20  0.08130  -0.000 -0.000  1.000  0.028 -0.011 -0.069  0.019
       21  0.08203   0.061  0.003  0.028  1.000 -0.023 -0.006 -0.031
       22  0.19054   0.148  0.008 -0.011 -0.023  1.000 -0.037  0.127
       23  0.17534  -0.120 -0.024 -0.069 -0.006 -0.037  1.000  0.086
       24  0.18877   0.104 -0.008  0.019 -0.031  0.127  0.086  1.000
MINUIT - FIT ONLY 2-y
 **********
 **   67 **RES 
 **********
                   PARAMETER   16  beta_vw RESTORED TO VARIABLE.
                   PARAMETER   14  alpha_vw RESTORED TO VARIABLE.
                   PARAMETER   13  beta_y RESTORED TO VARIABLE.
                   PARAMETER    9  alpha_2CBO RESTORED TO VARIABLE.
                   PARAMETER    8  beta_CBO RESTORED TO VARIABLE.
                   PARAMETER    6  alpha_CBO RESTORED TO VARIABLE.
                   PARAMETER    4  phi RESTORED TO VARIABLE.
                   PARAMETER    3  A0 RESTORED TO VARIABLE.
                   PARAMETER    1  N0 RESTORED TO VARIABLE.
 **********
 **   68 **FIX            0
 **********
 PARAMETER    0  IS UNDEFINED. IGNORED.
 **********
 **   69 **FIX            1
 **********
 **********
 **   70 **FIX            2
 **********
 PARAMETER    2  IS CONSTANT.   IGNORED.
 **********
 **   71 **FIX            3
 **********
 **********
 **   72 **FIX            4
 **********
 **********
 **   73 **FIX            5
 **********
 PARAMETER    5  IS CONSTANT.   IGNORED.
 **********
 **   74 **FIX            6
 **********
 **********
 **   75 **FIX            7
 **********
 PARAMETER    7  IS CONSTANT.   IGNORED.
 **********
 **   76 **FIX            8
 **********
 **********
 **   77 **FIX            9
 **********
 **********
 **   78 **FIX           10
 **********
 **********
 **   79 **FIX           11
 **********
 **********
 **   80 **FIX           12
 **********
 PARAMETER   12  IS CONSTANT.   IGNORED.
 **********
 **   81 **FIX           16
 **********
 **********
 **   82 **MIGRAD
 **********
 START MIGRAD MINIMIZATION.  STRATEGY  1.  CONVERGENCE WHEN EDM .LT. 1.00e-04
 FCN=48.4418 FROM MIGRAD    STATUS=INITIATE       20 CALLS        2204 TOTAL
                     EDM= unknown      STRATEGY= 1      NO ERROR MATRIX       
  EXT PARAMETER               CURRENT GUESS       STEP         FIRST   
  NO.   NAME      VALUE            ERROR          SIZE      DERIVATIVE 
   1  N0           2.88422e+06     fixed    
   2  tau          6.43977e+01   constant   
   3  A0           3.56628e-01     fixed    
   4  phi          4.11876e+00     fixed    
   5  R           -6.10082e+01   constant   
   6  alpha_CBO   -1.69125e-03     fixed    
   7  w_CBO        2.32500e+00   constant   
   8  beta_CBO    -2.33405e-03     fixed    
   9  alpha_2CBO  -7.98840e-05     fixed    
  10  beta_2CBO    1.01283e-03     fixed    
  11  alpha_y      3.43126e-04     fixed    
  12  w_y          1.38860e+01   constant   
  13  beta_y       5.69369e-05   8.94238e-04   8.94238e-04  -6.49923e+01
  14  alpha_vw     0.00000e+00   1.00000e-03   1.00000e-03  -1.24661e+03
  15  w_vw         1.43404e+01   constant   
  16  beta_vw      0.00000e+00     fixed    
  17  LM          -2.57919e-04   constant   
  18  zeta_y       0.00000e+00   constant   
  19  zeta_vw      0.00000e+00   constant   
  20  T_CBO        9.95643e+02   7.08146e+02   2.39036e-01  -2.46405e-05
  21  alpha_A0    -1.20222e-03   4.67494e-03   1.67843e-03  -4.66474e-04
  22  beta_A0      4.25416e-04   4.62083e-03   1.62099e-03   9.63729e-04
  23  alpha_phi    2.75905e-03   4.37713e-03   1.59873e-03   1.00246e-04
  24  beta_phi    -7.87110e-04   4.76072e-03   1.67907e-03  -5.94385e-04
 MIGRAD MINIMIZATION HAS CONVERGED.
 MIGRAD WILL VERIFY CONVERGENCE AND ERROR MATRIX.
 COVARIANCE MATRIX CALCULATED SUCCESSFULLY
 FCN=48.085 FROM MIGRAD    STATUS=CONVERGED     143 CALLS        2327 TOTAL
                     EDM=8.00023e-07    STRATEGY= 1      ERROR MATRIX ACCURATE 
  EXT PARAMETER                                   STEP         FIRST   
  NO.   NAME      VALUE            ERROR          SIZE      DERIVATIVE 
   1  N0           2.88422e+06     fixed    
   2  tau          6.43977e+01   constant   
   3  A0           3.56628e-01     fixed    
   4  phi          4.11876e+00     fixed    
   5  R           -6.10082e+01   constant   
   6  alpha_CBO   -1.69125e-03     fixed    
   7  w_CBO        2.32500e+00   constant   
   8  beta_CBO    -2.33405e-03     fixed    
   9  alpha_2CBO  -7.98840e-05     fixed    
  10  beta_2CBO    1.01283e-03     fixed    
  11  alpha_y      3.43126e-04     fixed    
  12  w_y          1.38860e+01   constant   
  13  beta_y       2.56801e-04   9.40278e-04   3.05716e-06   2.79444e-01
  14  alpha_vw     5.61626e-04   9.41906e-04   3.06322e-06  -8.28315e-01
  15  w_vw         1.43404e+01   constant   
  16  beta_vw      0.00000e+00     fixed    
  17  LM          -2.57919e-04   constant   
