 + ++++++++++++++++++++++++++++++++++++++++++++++++++++++++++++++++++++ +
 +                                                                      +
 +           You have chose to blind your fitting according to          +
 +                omega_ref * (1 + (R +/- deltaR) *10^{-6})             +
 +                                                                      +
 + ++++++++++++++++++++++++++++++++++++++++++++++++++++++++++++++++++++ +
In main()...
reading format from /gm2data/zkhechad/run45/envelope/formats/formatB_sBin_constraintOn.txt
pBinTau 	= 0  
pBinPhi 	= 0  
constraintau 	= 1 
includeMopTerm 	= 0    
constrainMop    = 0   
Parameters after format file: pBinTau 0 pBinPhi 0 constraintau 1 includeMopTerm 0 constrainMop 0 c_e_scale 0.000000 
Opening file /gm2data/tbarrett/gm2fr/studies/run23_bunch_corrections/CorrectedFourier_Run3b.root.
reading full fit data from /gm2data/zkhechad/cboTemplates/Run4CBOTemplates/fullFits/noRF/sBin_constraintOn_cE0.0_seed0_noRF_calo1.root
windowBins = 69
fitting sliding window 2520 from bin 2656 at 396.126000 to bin 2725 at 406.570000 (69 bins)

Reading data from /gm2data/cornell/histograms/aMethod/histogram_a_noRF.root
 **********
 **    1 **SET PRINTOUT            1
 **********
 **********
 **    2 **SET NOWARNINGS 
 **********
 PARAMETER DEFINITIONS:
    NO.   NAME         VALUE      STEP SIZE      LIMITS
     1 N0           3.52378e+06  1.00000e+02     no limits
     2 tau          6.43930e+01  constant
     3 A0           3.54691e-01  1.00000e-04     no limits
     4 phi          4.12302e+00  1.00000e-02     no limits
     5 R           -6.08522e+01  constant
     6 alpha_CBO    0.00000e+00  1.00000e-03     no limits
     7 w_CBO        2.32500e+00  constant
     8 beta_CBO     0.00000e+00  1.00000e-03     no limits
     9 alpha_2CBO   0.00000e+00  1.00000e-03     no limits
    10 beta_2CBO    0.00000e+00  1.00000e-03     no limits
    11 alpha_y      0.00000e+00  1.00000e-03     no limits
    12 w_y          1.38860e+01  constant
    13 beta_y       0.00000e+00  1.00000e-03     no limits
    14 alpha_vw     0.00000e+00  1.00000e-03     no limits
    15 w_vw         1.43404e+01  constant
    16 beta_vw      0.00000e+00  1.00000e-03     no limits
    17 LM          -3.26196e-04  constant
    18 zeta_y       0.00000e+00  constant
    19 zeta_vw      0.00000e+00  constant
    20 T_CBO        1.00000e+02  1.00000e+00    0.00000e+00  1.00000e+03
    21 alpha_A0     0.00000e+00  1.00000e-03     no limits
    22 beta_A0      0.00000e+00  1.00000e-03     no limits
    23 alpha_phi    0.00000e+00  1.00000e-03     no limits
    24 beta_phi     0.00000e+00  1.00000e-03     no limits
MINUIT - FIT ONLY WIGGLE
 **********
 **    3 **FIX            5
 **********
 PARAMETER    5  IS CONSTANT.   IGNORED.
 **********
 **    4 **FIX            6
 **********
 **********
 **    5 **FIX            7
 **********
 PARAMETER    7  IS CONSTANT.   IGNORED.
 **********
 **    6 **FIX            8
 **********
 **********
 **    7 **FIX            9
 **********
 **********
 **    8 **FIX           10
 **********
 **********
 **    9 **FIX           11
 **********
 **********
 **   10 **FIX           12
 **********
 PARAMETER   12  IS CONSTANT.   IGNORED.
 **********
 **   11 **FIX           13
 **********
 **********
 **   12 **FIX           14
 **********
 **********
 **   13 **FIX           15
 **********
 PARAMETER   15  IS CONSTANT.   IGNORED.
 **********
 **   14 **FIX           16
 **********
 **********
 **   15 **MIGRAD
 **********
 FIRST CALL TO USER FUNCTION AT NEW START POINT, WITH IFLAG=4.
 START MIGRAD MINIMIZATION.  STRATEGY  1.  CONVERGENCE WHEN EDM .LT. 1.00e-04
 FCN=79.6983 FROM MIGRAD    STATUS=INITIATE      437 CALLS         438 TOTAL
                     EDM= unknown      STRATEGY= 1      NO ERROR MATRIX       
  EXT PARAMETER               CURRENT GUESS       STEP         FIRST   
  NO.   NAME      VALUE            ERROR          SIZE      DERIVATIVE 
   1  N0           3.52378e+06   1.00000e+02   0.00000e+00   6.90828e-05
   2  tau          6.43930e+01   constant   
   3  A0           3.54691e-01   1.00000e-04   0.00000e+00  -1.09020e+03
   4  phi          4.12302e+00   1.00000e-02   0.00000e+00  -8.92420e+02
   5  R           -6.08522e+01   constant   
   6  alpha_CBO    0.00000e+00     fixed    
   7  w_CBO        2.32500e+00   constant   
   8  beta_CBO     0.00000e+00     fixed    
   9  alpha_2CBO   0.00000e+00     fixed    
  10  beta_2CBO    0.00000e+00     fixed    
  11  alpha_y      0.00000e+00     fixed    
  12  w_y          1.38860e+01   constant   
  13  beta_y       0.00000e+00     fixed    
  14  alpha_vw     0.00000e+00     fixed    
  15  w_vw         1.43404e+01   constant   
  16  beta_vw      0.00000e+00     fixed    
  17  LM          -3.26196e-04   constant   
  18  zeta_y       0.00000e+00   constant   
  19  zeta_vw      0.00000e+00   constant   
  20  T_CBO        1.00000e+02   1.00000e+00   0.00000e+00   0.00000e+00
  21  alpha_A0     0.00000e+00   1.00000e-03   0.00000e+00   1.70021e+01
  22  beta_A0      0.00000e+00   1.00000e-03   0.00000e+00   3.98517e+00
  23  alpha_phi    0.00000e+00   1.00000e-03   0.00000e+00  -3.39080e+00
  24  beta_phi     0.00000e+00   1.00000e-03   0.00000e+00   1.91486e+00
 CALL LIMIT EXCEEDED IN MIGRAD.
 MIGRAD TERMINATED WITHOUT CONVERGENCE.
 FCN=71.1164 FROM MIGRAD    STATUS=CALL LIMIT   1322 CALLS        1323 TOTAL
                     EDM=0.00261275    STRATEGY= 1  ERROR MATRIX UNCERTAINTY   3.8 per cent
  EXT PARAMETER                APPROXIMATE        STEP         FIRST   
  NO.   NAME      VALUE            ERROR          SIZE      DERIVATIVE 
   1  N0           3.52371e+06   3.25966e+03   8.99116e+01   5.46219e-06
   2  tau          6.43930e+01   constant   
   3  A0           3.55470e-01   1.22172e-03   4.65210e-05   1.12069e+01
   4  phi          4.12832e+00   3.35359e-03   6.03748e-05   1.01465e+00
   5  R           -6.08522e+01   constant   
   6  alpha_CBO    0.00000e+00     fixed    
   7  w_CBO        2.32500e+00   constant   
   8  beta_CBO     0.00000e+00     fixed    
   9  alpha_2CBO   0.00000e+00     fixed    
  10  beta_2CBO    0.00000e+00     fixed    
  11  alpha_y      0.00000e+00     fixed    
  12  w_y          1.38860e+01   constant   
  13  beta_y       0.00000e+00     fixed    
  14  alpha_vw     0.00000e+00     fixed    
  15  w_vw         1.43404e+01   constant   
  16  beta_vw      0.00000e+00     fixed    
  17  LM          -3.26196e-04   constant   
  18  zeta_y       0.00000e+00   constant   
  19  zeta_vw      0.00000e+00   constant   
  20  T_CBO        4.66337e+01   1.53705e+01  -4.63756e-03  -8.01001e+00
  21  alpha_A0    -5.68492e+01   1.40156e+02  -8.47248e+00   2.64843e-03
  22  beta_A0     -1.22184e+01   2.89794e+01  -1.75183e+00   7.99776e-03
  23  alpha_phi    9.80708e+00   2.33608e+01   1.41277e+00  -1.07671e-03
  24  beta_phi    -1.28516e+01   3.06054e+01  -1.85151e+00   1.04804e-03
 EXTERNAL ERROR MATRIX.    NDIM=  25    NPAR=  8    ERR DEF=1
  1.063e+07  2.914e-01 -1.347e+00 -4.095e+03 -5.425e+04 -1.108e+04  9.146e+03 -1.160e+04 
  2.914e-01  1.493e-06  1.521e-07 -1.801e-03 -2.056e-02 -4.265e-03  3.358e-03 -4.514e-03 
 -1.347e+00  1.521e-07  1.125e-05 -1.939e-03 -2.285e-02 -4.784e-03  3.764e-03 -5.034e-03 
 -4.095e+03 -1.801e-03 -1.939e-03  2.367e+02  2.134e+03  4.412e+02 -3.557e+02  4.661e+02 
 -5.425e+04 -2.056e-02 -2.285e-02  2.134e+03  1.964e+04  4.061e+03 -3.274e+03  4.289e+03 
 -1.108e+04 -4.265e-03 -4.784e-03  4.412e+02  4.061e+03  8.398e+02 -6.769e+02  8.869e+02 
  9.146e+03  3.358e-03  3.764e-03 -3.557e+02 -3.274e+03 -6.769e+02  5.457e+02 -7.149e+02 
 -1.160e+04 -4.514e-03 -5.034e-03  4.661e+02  4.289e+03  8.869e+02 -7.149e+02  9.367e+02 
ERR MATRIX APPROXIMATE
 PARAMETER  CORRELATION COEFFICIENTS  
       NO.  GLOBAL      1      3      4     20     21     22     23     24
        1  0.39938   1.000  0.073 -0.123 -0.082 -0.119 -0.117  0.120 -0.116
        3  0.28496   0.073  1.000  0.037 -0.096 -0.120 -0.120  0.118 -0.121
        4  0.18371  -0.123  0.037  1.000 -0.038 -0.049 -0.049  0.048 -0.049
       20  0.99111  -0.082 -0.096 -0.038  1.000  0.990  0.990 -0.990  0.990
       21  0.99997  -0.119 -0.120 -0.049  0.990  1.000  1.000 -1.000  1.000
       22  0.99995  -0.117 -0.120 -0.049  0.990  1.000  1.000 -1.000  1.000
       23  0.99991   0.120  0.118  0.048 -0.990 -1.000 -1.000  1.000 -1.000
       24  0.99995  -0.116 -0.121 -0.049  0.990  1.000  1.000 -1.000  1.000
 ERR MATRIX APPROXIMATE
MINUIT - FIT ONLY 1-CBO + wiggle
 **********
 **   16 **RES 
 **********
                   PARAMETER   16  beta_vw RESTORED TO VARIABLE.
                   PARAMETER   14  alpha_vw RESTORED TO VARIABLE.
                   PARAMETER   13  beta_y RESTORED TO VARIABLE.
                   PARAMETER   11  alpha_y RESTORED TO VARIABLE.
                   PARAMETER   10  beta_2CBO RESTORED TO VARIABLE.
                   PARAMETER    9  alpha_2CBO RESTORED TO VARIABLE.
                   PARAMETER    8  beta_CBO RESTORED TO VARIABLE.
                   PARAMETER    6  alpha_CBO RESTORED TO VARIABLE.
 **********
 **   17 **FIX            8
 **********
 **********
 **   18 **FIX            9
 **********
 **********
 **   19 **FIX           11
 **********
 **********
 **   20 **FIX           12
 **********
 PARAMETER   12  IS CONSTANT.   IGNORED.
 **********
 **   21 **FIX           14
 **********
 **********
 **   22 **FIX           15
 **********
 PARAMETER   15  IS CONSTANT.   IGNORED.
 **********
 **   23 **FIX           16
 **********
 **********
 **   24 **MIGRAD
 **********
 START MIGRAD MINIMIZATION.  STRATEGY  1.  CONVERGENCE WHEN EDM .LT. 1.00e-04
 FCN=71.1164 FROM MIGRAD    STATUS=INITIATE       28 CALLS        1351 TOTAL
                     EDM= unknown      STRATEGY= 1      NO ERROR MATRIX       
  EXT PARAMETER               CURRENT GUESS       STEP         FIRST   
  NO.   NAME      VALUE            ERROR          SIZE      DERIVATIVE 
   1  N0           3.52371e+06   3.25966e+03   8.99116e+01   5.46219e-06
   2  tau          6.43930e+01   constant   
   3  A0           3.55470e-01   1.22172e-03   4.65210e-05   1.12069e+01
   4  phi          4.12832e+00   3.35359e-03   6.03748e-05   1.01465e+00
   5  R           -6.08522e+01   constant   
   6  alpha_CBO    0.00000e+00   1.00000e-03   1.00000e-03   2.33627e+03
   7  w_CBO        2.32500e+00   constant   
   8  beta_CBO     0.00000e+00     fixed    
   9  alpha_2CBO   0.00000e+00     fixed    
  10  beta_2CBO    0.00000e+00   1.00000e-03   1.00000e-03  -1.38374e+02
  11  alpha_y      0.00000e+00     fixed    
  12  w_y          1.38860e+01   constant   
  13  beta_y       0.00000e+00   1.00000e-03   1.00000e-03  -2.28135e+02
  14  alpha_vw     0.00000e+00     fixed    
  15  w_vw         1.43404e+01   constant   
  16  beta_vw      0.00000e+00     fixed    
  17  LM          -3.26196e-04   constant   
  18  zeta_y       0.00000e+00   constant   
  19  zeta_vw      0.00000e+00   constant   
  20  T_CBO        4.66337e+01   1.53705e+01  -4.63756e-03  -8.01002e+00
  21  alpha_A0    -5.68492e+01   1.40156e+02  -8.47248e+00   2.64843e-03
  22  beta_A0     -1.22184e+01   2.89794e+01  -1.75183e+00   7.99776e-03
  23  alpha_phi    9.80708e+00   2.33608e+01   1.41277e+00  -1.07671e-03
  24  beta_phi    -1.28516e+01   3.06054e+01  -1.85151e+00   1.04804e-03
 CALL LIMIT EXCEEDED IN MIGRAD.
 MIGRAD TERMINATED WITHOUT CONVERGENCE.
 FCN=68.1056 FROM MIGRAD    STATUS=CALL LIMIT   1924 CALLS        3247 TOTAL
                     EDM=0.0049598    STRATEGY= 1  ERROR MATRIX UNCERTAINTY  27.7 per cent
  EXT PARAMETER                APPROXIMATE        STEP         FIRST   
  NO.   NAME      VALUE            ERROR          SIZE      DERIVATIVE 
   1  N0           3.52381e+06   3.14743e+03   1.41376e+01   3.95123e-06
   2  tau          6.43930e+01   constant   
   3  A0           3.55320e-01   1.19035e-03  -2.20019e-05  -8.96711e+00
   4  phi          4.12920e+00   3.44947e-03  -9.14469e-06  -1.38991e+00
   5  R           -6.08522e+01   constant   
   6  alpha_CBO   -2.07608e-03   1.37439e-03  -3.06509e-05   1.21158e+01
   7  w_CBO        2.32500e+00   constant   
   8  beta_CBO     0.00000e+00     fixed    
   9  alpha_2CBO   0.00000e+00     fixed    
  10  beta_2CBO   -1.25612e-05   1.26913e-03  -1.29222e-05  -5.13210e+00
  11  alpha_y      0.00000e+00     fixed    
  12  w_y          1.38860e+01   constant   
  13  beta_y       2.38315e-04   1.31965e-03   3.57229e-05   3.27597e+00
  14  alpha_vw     0.00000e+00     fixed    
  15  w_vw         1.43404e+01   constant   
  16  beta_vw      0.00000e+00     fixed    
  17  LM          -3.26196e-04   constant   
  18  zeta_y       0.00000e+00   constant   
  19  zeta_vw      0.00000e+00   constant   
  20  T_CBO        2.24258e+01   3.70903e+00  -1.81724e-03  -2.80516e+01
  21  alpha_A0    -5.76517e+05   1.45320e+06  -9.78189e+04   2.13510e-07
  22  beta_A0     -1.16365e+05   2.92974e+05  -1.97209e+04   1.15107e-06
  23  alpha_phi    8.44191e+04   2.12947e+05   1.43340e+04   3.10865e-08
  24  beta_phi    -1.33152e+05   3.35595e+05  -2.25897e+04   3.00728e-07
 EXTERNAL ERROR MATRIX.    NDIM=  25    NPAR= 11    ERR DEF=1
  9.906e+06 
  1.648e-01  1.417e-06 
 -1.183e+00  2.913e-07  1.190e-05 
 -1.050e-01  9.695e-08 -7.902e-07  1.889e-06 
 -2.565e-02  1.505e-08 -1.062e-07  8.850e-08  1.611e-06 
  1.139e-01 -4.343e-08  1.291e-07 -8.832e-08  7.751e-09  1.741e-06 
  8.429e+00  2.154e-04  6.880e-05  3.238e-04  1.115e-04 -2.798e-04  1.376e+01 
 -8.718e+07  1.176e+02  7.521e+01  1.128e+02  5.883e+01 -1.525e+02  5.342e+06  2.112e+12 
 -1.757e+07  2.370e+01  1.516e+01  2.273e+01  1.186e+01 -3.073e+01  1.077e+06  4.258e+11  8.583e+10 
  1.279e+07 -1.723e+01 -1.102e+01 -1.652e+01 -8.621e+00  2.234e+01 -7.828e+05 -3.095e+11 -6.239e+10  4.535e+10 
 -2.011e+07  2.714e+01  1.736e+01  2.604e+01  1.359e+01 -3.521e+01  1.234e+06  4.877e+11  9.832e+10 -7.146e+10  1.126e+11 
ERR MATRIX APPROXIMATE
 PARAMETER  CORRELATION COEFFICIENTS  
       NO.  GLOBAL      1      3      4      6     10     13     20     21     22     23     24
        1  0.30650   1.000  0.044 -0.109 -0.024 -0.006  0.027  0.001 -0.019 -0.019  0.019 -0.019
        3  0.27217   0.044  1.000  0.071  0.059  0.010 -0.028  0.049  0.068  0.068 -0.068  0.068
        4  0.23005  -0.109  0.071  1.000 -0.167 -0.024  0.028  0.005  0.015  0.015 -0.015  0.015
        6  0.22232  -0.024  0.059 -0.167  1.000  0.051 -0.049  0.064  0.056  0.056 -0.056  0.056
       10  0.12746  -0.006  0.010 -0.024  0.051  1.000  0.005  0.024  0.032  0.032 -0.032  0.032
       13  0.19283   0.027 -0.028  0.028 -0.049  0.005  1.000 -0.057 -0.079 -0.079  0.079 -0.079
       20  0.99180   0.001  0.049  0.005  0.064  0.024 -0.057  1.000  0.991  0.991 -0.991  0.991
       21  1.00000  -0.019  0.068  0.015  0.056  0.032 -0.079  0.991  1.000  1.000 -1.000  1.000
       22  1.00000  -0.019  0.068  0.015  0.056  0.032 -0.079  0.991  1.000  1.000 -1.000  1.000
       23  1.00000   0.019 -0.068 -0.015 -0.056 -0.032  0.079 -0.991 -1.000 -1.000  1.000 -1.000
       24  1.00000  -0.019  0.068  0.015  0.056  0.032 -0.079  0.991  1.000  1.000 -1.000  1.000
 ERR MATRIX APPROXIMATE
MINUIT - FIT ONLY 2-CBO
 **********
 **   25 **RES 
 **********
                   PARAMETER   16  beta_vw RESTORED TO VARIABLE.
                   PARAMETER   14  alpha_vw RESTORED TO VARIABLE.
                   PARAMETER   11  alpha_y RESTORED TO VARIABLE.
                   PARAMETER    9  alpha_2CBO RESTORED TO VARIABLE.
                   PARAMETER    8  beta_CBO RESTORED TO VARIABLE.
 **********
 **   26 **FIX            0
 **********
 PARAMETER    0  IS UNDEFINED. IGNORED.
 **********
 **   27 **FIX            1
 **********
 **********
 **   28 **FIX            2
 **********
 PARAMETER    2  IS CONSTANT.   IGNORED.
 **********
 **   29 **FIX            3
 **********
 **********
 **   30 **FIX            4
 **********
 **********
 **   31 **FIX            5
 **********
 PARAMETER    5  IS CONSTANT.   IGNORED.
 **********
 **   32 **FIX            6
 **********
 **********
 **   33 **FIX            7
 **********
 PARAMETER    7  IS CONSTANT.   IGNORED.
 **********
 **   34 **FIX           10
 **********
 **********
 **   35 **FIX           11
 **********
 **********
 **   36 **FIX           12
 **********
 PARAMETER   12  IS CONSTANT.   IGNORED.
 **********
 **   37 **FIX           13
 **********
 **********
 **   38 **FIX           14
 **********
 **********
 **   39 **FIX           15
 **********
 PARAMETER   15  IS CONSTANT.   IGNORED.
 **********
 **   40 **FIX           16
 **********
 **********
 **   41 **MIGRAD
 **********
 START MIGRAD MINIMIZATION.  STRATEGY  1.  CONVERGENCE WHEN EDM .LT. 1.00e-04
 FCN=68.1056 FROM MIGRAD    STATUS=INITIATE       18 CALLS        3265 TOTAL
                     EDM= unknown      STRATEGY= 1      NO ERROR MATRIX       
  EXT PARAMETER               CURRENT GUESS       STEP         FIRST   
  NO.   NAME      VALUE            ERROR          SIZE      DERIVATIVE 
   1  N0           3.52381e+06     fixed    
   2  tau          6.43930e+01   constant   
   3  A0           3.55320e-01     fixed    
   4  phi          4.12920e+00     fixed    
   5  R           -6.08522e+01   constant   
   6  alpha_CBO   -2.07608e-03     fixed    
   7  w_CBO        2.32500e+00   constant   
   8  beta_CBO     0.00000e+00   1.00000e-03   1.00000e-03  -1.03811e+03
   9  alpha_2CBO   0.00000e+00   1.00000e-03   1.00000e-03  -1.17506e+03
  10  beta_2CBO   -1.25612e-05     fixed    
  11  alpha_y      0.00000e+00     fixed    
  12  w_y          1.38860e+01   constant   
  13  beta_y       2.38315e-04     fixed    
  14  alpha_vw     0.00000e+00     fixed    
  15  w_vw         1.43404e+01   constant   
  16  beta_vw      0.00000e+00     fixed    
  17  LM          -3.26196e-04   constant   
  18  zeta_y       0.00000e+00   constant   
  19  zeta_vw      0.00000e+00   constant   
  20  T_CBO        2.24258e+01   3.70903e+00  -1.81724e-03  -2.80516e+01
  21  alpha_A0    -5.76517e+05   1.45320e+06  -9.78189e+04   2.13510e-07
  22  beta_A0     -1.16365e+05   2.92974e+05  -1.97209e+04   1.15106e-06
  23  alpha_phi    8.44191e+04   2.12947e+05   1.43340e+04   3.10864e-08
  24  beta_phi    -1.33152e+05   3.35595e+05  -2.25897e+04   3.00728e-07
 CALL LIMIT EXCEEDED IN MIGRAD.
 MIGRAD TERMINATED WITHOUT CONVERGENCE.
 FCN=66.4948 FROM MIGRAD    STATUS=CALL LIMIT   1148 CALLS        4395 TOTAL
                     EDM=0.00920053    STRATEGY= 1  ERROR MATRIX UNCERTAINTY  23.7 per cent
  EXT PARAMETER                APPROXIMATE        STEP         FIRST   
  NO.   NAME      VALUE            ERROR          SIZE      DERIVATIVE 
   1  N0           3.52381e+06     fixed    
   2  tau          6.43930e+01   constant   
   3  A0           3.55320e-01     fixed    
   4  phi          4.12920e+00     fixed    
   5  R           -6.08522e+01   constant   
   6  alpha_CBO   -2.07608e-03     fixed    
   7  w_CBO        2.32500e+00   constant   
   8  beta_CBO     8.03356e-04   1.22029e-03  -8.24643e-06  -5.03376e+01
   9  alpha_2CBO   1.08271e-03   1.33539e-03   1.15558e-06   6.03963e+00
  10  beta_2CBO   -1.25612e-05     fixed    
  11  alpha_y      0.00000e+00     fixed    
  12  w_y          1.38860e+01   constant   
  13  beta_y       2.38315e-04     fixed    
  14  alpha_vw     0.00000e+00     fixed    
  15  w_vw         1.43404e+01   constant   
  16  beta_vw      0.00000e+00     fixed    
  17  LM          -3.26196e-04   constant   
  18  zeta_y       0.00000e+00   constant   
  19  zeta_vw      0.00000e+00   constant   
  20  T_CBO        1.54567e+01   8.95302e-01  -5.54255e-05   1.19264e+01
  21  alpha_A0    -1.97499e+09   2.97820e+09  -8.73955e+07   7.92537e-11
  22  beta_A0     -6.84333e+08   1.03077e+09  -3.02442e+07  -2.71513e-11
  23  alpha_phi    3.31902e+08   5.00028e+08   1.46696e+07   1.56962e-10
  24  beta_phi    -6.10949e+08   9.22651e+08  -2.70775e+07  -1.31184e-10
 EXTERNAL ERROR MATRIX.    NDIM=  25    NPAR=  7    ERR DEF=1
  1.489e-06 -2.336e-08  5.498e-04  1.719e+06  5.949e+05 -2.886e+05  5.326e+05 
 -2.336e-08  1.783e-06 -6.872e-05 -4.305e+05 -1.490e+05  7.229e+04 -1.334e+05 
  5.498e-04 -6.872e-05  8.016e-01  2.574e+09  8.908e+08 -4.321e+08  7.973e+08 
  1.719e+06 -4.305e+05  2.574e+09  8.870e+18  3.070e+18 -1.489e+18  2.748e+18 
  5.949e+05 -1.490e+05  8.908e+08  3.070e+18  1.062e+18 -5.154e+17  9.510e+17 
 -2.886e+05  7.229e+04 -4.321e+08 -1.489e+18 -5.154e+17  2.500e+17 -4.614e+17 
  5.326e+05 -1.334e+05  7.973e+08  2.748e+18  9.510e+17 -4.614e+17  8.513e+17 
ERR MATRIX APPROXIMATE
 PARAMETER  CORRELATION COEFFICIENTS  
       NO.  GLOBAL      8      9     20     21     22     23     24
        8  0.52015   1.000 -0.014  0.503  0.473  0.473 -0.473  0.473
        9  0.22949  -0.014  1.000 -0.057 -0.108 -0.108  0.108 -0.108
       20  0.96966   0.503 -0.057  1.000  0.965  0.965 -0.965  0.965
       21  1.00000   0.473 -0.108  0.965  1.000  1.000 -1.000  1.000
       22  1.00000   0.473 -0.108  0.965  1.000  1.000 -1.000  1.000
       23  1.00000  -0.473  0.108 -0.965 -1.000 -1.000  1.000 -1.000
       24  1.00000   0.473 -0.108  0.965  1.000  1.000 -1.000  1.000
 ERR MATRIX APPROXIMATE
MINUIT - FIT wiggle + 1-CBO + 2-CBO
 **********
 **   42 **RES 
 **********
                   PARAMETER   16  beta_vw RESTORED TO VARIABLE.
                   PARAMETER   14  alpha_vw RESTORED TO VARIABLE.
                   PARAMETER   13  beta_y RESTORED TO VARIABLE.
                   PARAMETER   11  alpha_y RESTORED TO VARIABLE.
                   PARAMETER   10  beta_2CBO RESTORED TO VARIABLE.
                   PARAMETER    6  alpha_CBO RESTORED TO VARIABLE.
                   PARAMETER    4  phi RESTORED TO VARIABLE.
                   PARAMETER    3  A0 RESTORED TO VARIABLE.
                   PARAMETER    1  N0 RESTORED TO VARIABLE.
 **********
 **   43 **FIX           10
 **********
 **********
 **   44 **FIX           11
 **********
 **********
 **   45 **FIX           12
 **********
 PARAMETER   12  IS CONSTANT.   IGNORED.
 **********
 **   46 **FIX           13
 **********
 **********
 **   47 **FIX           14
 **********
 **********
 **   48 **FIX           15
 **********
 PARAMETER   15  IS CONSTANT.   IGNORED.
 **********
 **   49 **FIX           16
 **********
 **********
 **   50 **MIGRAD
 **********
 START MIGRAD MINIMIZATION.  STRATEGY  1.  CONVERGENCE WHEN EDM .LT. 1.00e-04
 FCN=66.4942 FROM MIGRAD    STATUS=INITIATE      370 CALLS        4765 TOTAL
                     EDM= unknown      STRATEGY= 1      NO ERROR MATRIX       
  EXT PARAMETER               CURRENT GUESS       STEP         FIRST   
  NO.   NAME      VALUE            ERROR          SIZE      DERIVATIVE 
   1  N0           3.52381e+06   3.14743e+03   0.00000e+00  -2.58340e-05
   2  tau          6.43930e+01   constant   
   3  A0           3.55320e-01   1.19035e-03   0.00000e+00  -1.91778e+02
   4  phi          4.12920e+00   3.44947e-03   0.00000e+00  -3.07992e+01
   5  R           -6.08522e+01   constant   
   6  alpha_CBO   -2.07608e-03   1.37439e-03   0.00000e+00   3.24831e+01
   7  w_CBO        2.32500e+00   constant   
   8  beta_CBO     8.03356e-04   1.22029e-03   0.00000e+00  -5.01365e+01
   9  alpha_2CBO   1.08271e-03   1.33539e-03   0.00000e+00   3.81779e+00
  10  beta_2CBO   -1.25612e-05     fixed    
  11  alpha_y      0.00000e+00     fixed    
  12  w_y          1.38860e+01   constant   
  13  beta_y       2.38315e-04     fixed    
  14  alpha_vw     0.00000e+00     fixed    
  15  w_vw         1.43404e+01   constant   
  16  beta_vw      0.00000e+00     fixed    
  17  LM          -3.26196e-04   constant   
  18  zeta_y       0.00000e+00   constant   
  19  zeta_vw      0.00000e+00   constant   
  20  T_CBO        1.54567e+01   8.95302e-01   0.00000e+00   2.10459e+01
  21  alpha_A0    -1.98348e+09   2.97820e+09  -9.45346e+05   5.55842e-11
  22  beta_A0     -6.83354e+08   1.03077e+09   0.00000e+00  -2.48256e-11
  23  alpha_phi    3.31902e+08   5.00028e+08   0.00000e+00   1.57072e-10
  24  beta_phi    -6.10949e+08   9.22651e+08   0.00000e+00  -1.30058e-10
 CALL LIMIT EXCEEDED IN MIGRAD.
 MIGRAD TERMINATED WITHOUT CONVERGENCE.
 FCN=66.1253 FROM MIGRAD    STATUS=CALL LIMIT   1926 CALLS        6321 TOTAL
                     EDM=0.00927106    STRATEGY= 1  ERROR MATRIX UNCERTAINTY  22.8 per cent
  EXT PARAMETER                APPROXIMATE        STEP         FIRST   
  NO.   NAME      VALUE            ERROR          SIZE      DERIVATIVE 
   1  N0           3.52401e+06   3.31077e+03   1.89396e+01   4.08310e-06
   2  tau          6.43930e+01   constant   
   3  A0           3.55434e-01   1.24719e-03  -1.03877e-06  -2.59781e+00
   4  phi          4.12932e+00   3.49317e-03  -1.70627e-05  -6.64350e+00
   5  R           -6.08522e+01   constant   
   6  alpha_CBO   -2.10324e-03   1.34206e-03  -3.57969e-06   2.06904e+00
   7  w_CBO        2.32500e+00   constant   
   8  beta_CBO     8.59272e-04   1.30377e-03  -5.17499e-07   4.08384e+00
   9  alpha_2CBO   1.09878e-03   1.31588e-03  -6.77013e-06   8.15034e+00
  10  beta_2CBO   -1.25612e-05     fixed    
  11  alpha_y      0.00000e+00     fixed    
  12  w_y          1.38860e+01   constant   
  13  beta_y       2.38315e-04     fixed    
  14  alpha_vw     0.00000e+00     fixed    
  15  w_vw         1.43404e+01   constant   
  16  beta_vw      0.00000e+00     fixed    
  17  LM          -3.26196e-04   constant   
  18  zeta_y       0.00000e+00   constant   
  19  zeta_vw      0.00000e+00   constant   
  20  T_CBO        1.25795e+01   9.26782e-01  -4.23805e-04  -9.44587e+01
  21  alpha_A0    -7.37908e+11   1.52734e+12  -7.61430e+10   4.59452e-13
  22  beta_A0     -2.26584e+11   4.64011e+11  -2.31328e+10   5.98735e-13
  23  alpha_phi    1.22214e+11   2.61243e+11   1.30212e+10   3.58413e-13
  24  beta_phi    -2.29379e+11   4.79407e+11  -2.38970e+10  -1.63838e-13
 EXTERNAL ERROR MATRIX.    NDIM=  25    NPAR= 11    ERR DEF=1
  1.096e+07 
  2.607e-01  1.555e-06 
 -1.721e+00  1.339e-07  1.220e-05 
 -5.668e-02  5.938e-08 -8.826e-07  1.801e-06 
  2.167e-01  3.706e-07  2.335e-07 -1.315e-08  1.700e-06 
  2.558e-01 -4.111e-08  1.389e-07 -1.099e-07 -5.394e-08  1.732e-06 
 -1.350e+01 -7.588e-06  1.323e-04  6.506e-05  5.094e-06  8.913e-05  8.589e-01 
 -1.660e+14 -3.443e+06  3.864e+08  8.937e+07  8.277e+05  1.226e+08  1.407e+12  2.333e+24 
 -4.995e+13 -1.200e+06  1.174e+08  2.720e+07 -2.393e+04  3.729e+07  4.276e+11  7.087e+23  2.153e+23 
  2.841e+13  3.388e+05 -6.588e+07 -1.522e+07 -2.698e+05 -2.100e+07 -2.407e+11 -3.990e+23 -1.212e+23  6.825e+22 
 -5.134e+13 -1.211e+06  1.210e+08  2.809e+07  3.464e+05  3.839e+07  4.418e+11  7.322e+23  2.224e+23 -1.252e+23  2.298e+23 
ERR MATRIX APPROXIMATE
 PARAMETER  CORRELATION COEFFICIENTS  
       NO.  GLOBAL      1      3      4      6      8      9     20     21     22     23     24
        1  0.40845   1.000  0.063 -0.149 -0.013  0.050  0.059 -0.004 -0.033 -0.033  0.033 -0.032
        3  0.35066   0.063  1.000  0.031  0.035  0.228 -0.025 -0.007 -0.002 -0.002  0.001 -0.002
        4  0.38791  -0.149  0.031  1.000 -0.188  0.051  0.030  0.041  0.072  0.072 -0.072  0.072
        6  0.23198  -0.013  0.035 -0.188  1.000 -0.008 -0.062  0.052  0.044  0.044 -0.043  0.044
        8  0.32209   0.050  0.228  0.051 -0.008  1.000 -0.031  0.004  0.000 -0.000 -0.001  0.001
        9  0.19673   0.059 -0.025  0.030 -0.062 -0.031  1.000  0.073  0.061  0.061 -0.061  0.061
       20  0.99536  -0.004 -0.007  0.041  0.052  0.004  0.073  1.000  0.994  0.994 -0.994  0.994
       21  1.00000  -0.033 -0.002  0.072  0.044  0.000  0.061  0.994  1.000  1.000 -1.000  1.000
       22  1.00000  -0.033 -0.002  0.072  0.044 -0.000  0.061  0.994  1.000  1.000 -1.000  1.000
       23  0.99999   0.033  0.001 -0.072 -0.043 -0.001 -0.061 -0.994 -1.000 -1.000  1.000 -1.000
       24  1.00000  -0.032 -0.002  0.072  0.044  0.001  0.061  0.994  1.000  1.000 -1.000  1.000
 ERR MATRIX APPROXIMATE
MINUIT - FIT ONLY 1-y
 **********
 **   51 **RES 
 **********
                   PARAMETER   16  beta_vw RESTORED TO VARIABLE.
                   PARAMETER   14  alpha_vw RESTORED TO VARIABLE.
                   PARAMETER   13  beta_y RESTORED TO VARIABLE.
                   PARAMETER   11  alpha_y RESTORED TO VARIABLE.
                   PARAMETER   10  beta_2CBO RESTORED TO VARIABLE.
 **********
 **   52 **FIX            0
 **********
 PARAMETER    0  IS UNDEFINED. IGNORED.
 **********
 **   53 **FIX            1
 **********
 **********
 **   54 **FIX            2
 **********
 PARAMETER    2  IS CONSTANT.   IGNORED.
 **********
 **   55 **FIX            3
 **********
 **********
 **   56 **FIX            4
 **********
 **********
 **   57 **FIX            5
 **********
 PARAMETER    5  IS CONSTANT.   IGNORED.
 **********
 **   58 **FIX            6
 **********
 **********
 **   59 **FIX            7
 **********
 PARAMETER    7  IS CONSTANT.   IGNORED.
 **********
 **   60 **FIX            8
 **********
 **********
 **   61 **FIX            9
 **********
 **********
 **   62 **FIX           13
 **********
 **********
 **   63 **FIX           14
 **********
 **********
 **   64 **FIX           15
 **********
 PARAMETER   15  IS CONSTANT.   IGNORED.
 **********
 **   65 **FIX           16
 **********
 **********
 **   66 **MIGRAD
 **********
 START MIGRAD MINIMIZATION.  STRATEGY  1.  CONVERGENCE WHEN EDM .LT. 1.00e-04
 FCN=66.1252 FROM MIGRAD    STATUS=INITIATE       77 CALLS        6398 TOTAL
                     EDM= unknown      STRATEGY= 1      NO ERROR MATRIX       
  EXT PARAMETER               CURRENT GUESS       STEP         FIRST   
  NO.   NAME      VALUE            ERROR          SIZE      DERIVATIVE 
   1  N0           3.52401e+06     fixed    
   2  tau          6.43930e+01   constant   
   3  A0           3.55434e-01     fixed    
   4  phi          4.12932e+00     fixed    
   5  R           -6.08522e+01   constant   
   6  alpha_CBO   -2.10324e-03     fixed    
   7  w_CBO        2.32500e+00   constant   
   8  beta_CBO     8.59272e-04     fixed    
   9  alpha_2CBO   1.09878e-03     fixed    
  10  beta_2CBO   -1.25612e-05   1.26913e-03   0.00000e+00   1.32710e+01
  11  alpha_y      0.00000e+00   1.00000e-03   0.00000e+00   2.08416e+03
  12  w_y          1.38860e+01   constant   
  13  beta_y       2.38315e-04     fixed    
  14  alpha_vw     0.00000e+00     fixed    
  15  w_vw         1.43404e+01   constant   
  16  beta_vw      0.00000e+00     fixed    
  17  LM          -3.26196e-04   constant   
  18  zeta_y       0.00000e+00   constant   
  19  zeta_vw      0.00000e+00   constant   
  20  T_CBO        1.25795e+01   9.26782e-01   0.00000e+00  -9.46020e+01
  21  alpha_A0    -7.37908e+11   1.52734e+12   0.00000e+00   4.59515e-13
  22  beta_A0     -2.26584e+11   4.64011e+11   0.00000e+00   5.98910e-13
  23  alpha_phi    1.22039e+11   2.61243e+11  -5.82204e+07   3.55354e-13
  24  beta_phi    -2.29379e+11   4.79407e+11   0.00000e+00  -1.63907e-13
 MIGRAD MINIMIZATION HAS CONVERGED.
 MIGRAD WILL VERIFY CONVERGENCE AND ERROR MATRIX.
 COVARIANCE MATRIX CALCULATED SUCCESSFULLY
 FCN=64.3516 FROM MIGRAD    STATUS=CONVERGED     240 CALLS        6561 TOTAL
                     EDM=2.30267e-07    STRATEGY= 1      ERROR MATRIX ACCURATE 
  EXT PARAMETER                                   STEP         FIRST   
  NO.   NAME      VALUE            ERROR          SIZE      DERIVATIVE 
   1  N0           3.52401e+06     fixed    
   2  tau          6.43930e+01   constant   
   3  A0           3.55434e-01     fixed    
   4  phi          4.12932e+00     fixed    
   5  R           -6.08522e+01   constant   
   6  alpha_CBO   -2.10324e-03     fixed    
   7  w_CBO        2.32500e+00   constant   
   8  beta_CBO     8.59272e-04     fixed    
   9  alpha_2CBO   1.09878e-03     fixed    
  10  beta_2CBO   -5.96829e-05   1.26893e-03   5.00760e-06   4.42006e-02
  11  alpha_y     -1.68917e-03   1.27374e-03   5.02676e-06  -1.18607e-01
  12  w_y          1.38860e+01   constant   
  13  beta_y       2.38315e-04     fixed    
  14  alpha_vw     0.00000e+00     fixed    
  15  w_vw         1.43404e+01   constant   
  16  beta_vw      0.00000e+00     fixed    
  17  LM          -3.26196e-04   constant   
  18  zeta_y       0.00000e+00   constant   
  19  zeta_vw      0.00000e+00   constant   
  20  T_CBO        1.26018e+01   1.50285e-01   5.31806e-06   4.89710e-01
  21  alpha_A0    -7.16294e+11   1.41421e+00   3.41555e+05   4.49251e-14
  22  beta_A0     -2.37594e+11   1.41421e+00   1.13294e+05   1.00617e-13
  23  alpha_phi    1.02051e+11   1.41421e+00   4.86619e+04  -6.71674e-18
  24  beta_phi    -2.12954e+11   1.41421e+00   1.01544e+05   4.00249e-16
 EXTERNAL ERROR MATRIX.    NDIM=  25    NPAR=  7    ERR DEF=1
  1.610e-06  3.324e-08 -1.531e-06  4.077e-16 -9.616e-16  1.423e-15  3.954e-16 
  3.324e-08  1.622e-06 -1.993e-07 -2.389e-17 -4.690e-17 -1.546e-16  5.531e-17 
 -1.531e-06 -1.993e-07  2.259e-02  9.216e-13  2.865e-13 -1.423e-13  2.535e-13 
  4.077e-16 -2.389e-17  9.216e-13  2.000e+00  2.722e-22 -8.576e-23 -1.890e-25 
 -9.616e-16 -4.690e-17  2.865e-13  2.722e-22  2.000e+00  7.986e-23  7.709e-23 
  1.423e-15 -1.546e-16 -1.423e-13 -8.576e-23  7.986e-23  2.000e+00 -2.313e-22 
  3.954e-16  5.531e-17  2.535e-13 -1.890e-25  7.709e-23 -2.313e-22  2.000e+00 
 PARAMETER  CORRELATION COEFFICIENTS  
       NO.  GLOBAL     10     11     20     21     22     23     24
       10  0.02207   1.000  0.021 -0.008  0.000 -0.000  0.000  0.000
       11  0.02059   0.021  1.000 -0.001 -0.000 -0.000 -0.000  0.000
       20  0.00808  -0.008 -0.001  1.000  0.000  0.000 -0.000  0.000
       21  0.00000   0.000 -0.000  0.000  1.000  0.000 -0.000 -0.000
       22  0.00000  -0.000 -0.000  0.000  0.000  1.000  0.000  0.000
       23  0.00000   0.000 -0.000 -0.000 -0.000  0.000  1.000 -0.000
       24  0.00000   0.000  0.000  0.000 -0.000  0.000 -0.000  1.000
MINUIT - FIT ONLY 2-y
 **********
 **   67 **RES 
 **********
                   PARAMETER   16  beta_vw RESTORED TO VARIABLE.
                   PARAMETER   14  alpha_vw RESTORED TO VARIABLE.
                   PARAMETER   13  beta_y RESTORED TO VARIABLE.
                   PARAMETER    9  alpha_2CBO RESTORED TO VARIABLE.
                   PARAMETER    8  beta_CBO RESTORED TO VARIABLE.
                   PARAMETER    6  alpha_CBO RESTORED TO VARIABLE.
                   PARAMETER    4  phi RESTORED TO VARIABLE.
                   PARAMETER    3  A0 RESTORED TO VARIABLE.
                   PARAMETER    1  N0 RESTORED TO VARIABLE.
 **********
 **   68 **FIX            0
 **********
 PARAMETER    0  IS UNDEFINED. IGNORED.
 **********
 **   69 **FIX            1
 **********
 **********
 **   70 **FIX            2
 **********
 PARAMETER    2  IS CONSTANT.   IGNORED.
 **********
 **   71 **FIX            3
 **********
 **********
 **   72 **FIX            4
 **********
 **********
 **   73 **FIX            5
 **********
 PARAMETER    5  IS CONSTANT.   IGNORED.
 **********
 **   74 **FIX            6
 **********
 **********
 **   75 **FIX            7
 **********
 PARAMETER    7  IS CONSTANT.   IGNORED.
 **********
 **   76 **FIX            8
 **********
 **********
 **   77 **FIX            9
 **********
 **********
 **   78 **FIX           10
 **********
 **********
 **   79 **FIX           11
 **********
 **********
 **   80 **FIX           12
 **********
 PARAMETER   12  IS CONSTANT.   IGNORED.
 **********
 **   81 **FIX           16
 **********
 **********
 **   82 **MIGRAD
 **********
 START MIGRAD MINIMIZATION.  STRATEGY  1.  CONVERGENCE WHEN EDM .LT. 1.00e-04
 FCN=64.3516 FROM MIGRAD    STATUS=INITIATE       74 CALLS        6635 TOTAL
                     EDM= unknown      STRATEGY= 1      NO ERROR MATRIX       
  EXT PARAMETER               CURRENT GUESS       STEP         FIRST   
  NO.   NAME      VALUE            ERROR          SIZE      DERIVATIVE 
   1  N0           3.52401e+06     fixed    
   2  tau          6.43930e+01   constant   
   3  A0           3.55434e-01     fixed    
   4  phi          4.12932e+00     fixed    
   5  R           -6.08522e+01   constant   
   6  alpha_CBO   -2.10324e-03     fixed    
   7  w_CBO        2.32500e+00   constant   
   8  beta_CBO     8.59272e-04     fixed    
   9  alpha_2CBO   1.09878e-03     fixed    
  10  beta_2CBO   -5.96829e-05     fixed    
  11  alpha_y     -1.68917e-03     fixed    
  12  w_y          1.38860e+01   constant   
  13  beta_y       2.38315e-04   1.31965e-03   0.00000e+00  -5.16734e+01
  14  alpha_vw     0.00000e+00   1.00000e-03   0.00000e+00   5.24374e+02
  15  w_vw         1.43404e+01   constant   
  16  beta_vw      0.00000e+00     fixed    
  17  LM          -3.26196e-04   constant   
  18  zeta_y       0.00000e+00   constant   
  19  zeta_vw      0.00000e+00   constant   
  20  T_CBO        1.26018e+01   1.50285e-01   0.00000e+00   6.51046e-01
  21  alpha_A0    -7.16294e+11   1.41421e+00   0.00000e+00   4.49063e-14
  22  beta_A0     -2.37708e+11   1.41421e+00   0.00000e+00   9.83537e-14
  23  alpha_phi    1.02045e+11   1.41421e+00  -4.86588e+04  -2.92051e-19
  24  beta_phi    -2.12954e+11   1.41421e+00   0.00000e+00   3.88563e-16
 CALL LIMIT EXCEEDED IN MIGRAD.
 MIGRAD TERMINATED WITHOUT CONVERGENCE.
 FCN=63.8584 FROM MIGRAD    STATUS=CALL LIMIT   1147 CALLS        7708 TOTAL
                     EDM=0.0047416    STRATEGY= 1  ERROR MATRIX UNCERTAINTY  14.9 per cent
  EXT PARAMETER                APPROXIMATE        STEP         FIRST   
  NO.   NAME      VALUE            ERROR          SIZE      DERIVATIVE 
   1  N0           3.52401e+06     fixed    
   2  tau          6.43930e+01   constant   
   3  A0           3.55434e-01     fixed    
   4  phi          4.12932e+00     fixed    
   5  R           -6.08522e+01   constant   
   6  alpha_CBO   -2.10324e-03     fixed    
   7  w_CBO        2.32500e+00   constant   
   8  beta_CBO     8.59272e-04     fixed    
   9  alpha_2CBO   1.09878e-03     fixed    
  10  beta_2CBO   -5.96829e-05     fixed    
  11  alpha_y     -1.68917e-03     fixed    
  12  w_y          1.38860e+01   constant   
  13  beta_y       2.66998e-04   1.28571e-03  -3.07268e-06  -4.03823e+00
  14  alpha_vw    -3.88305e-04   1.25495e-03   4.98061e-05   4.83202e+01
  15  w_vw         1.43404e+01   constant   
  16  beta_vw      0.00000e+00     fixed    
  17  LM          -3.26196e-04   constant   
  18  zeta_y       0.00000e+00   constant   
  19  zeta_vw      0.00000e+00   constant   
  20  T_CBO        1.03027e+01   7.23201e-01  -6.70484e-05  -1.22875e+01
  21  alpha_A0    -8.75842e+14   2.25174e+15  -4.02920e+13  -1.20212e-16
  22  beta_A0     -2.91368e+14   7.50856e+14  -1.34378e+13   5.17151e-17
  23  alpha_phi    9.95103e+13   2.55868e+14   4.57897e+12  -3.94971e-16
  24  beta_phi    -2.31706e+14   5.90869e+14  -1.05660e+13   5.87166e-16
 EXTERNAL ERROR MATRIX.    NDIM=  25    NPAR=  7    ERR DEF=1
  1.653e-06  7.472e-08  2.310e-05  6.335e+10  2.112e+10 -7.198e+09  1.662e+10 
  7.472e-08  1.575e-06 -3.296e-04 -1.047e+12 -3.490e+11  1.189e+11 -2.746e+11 
  2.310e-05 -3.296e-04  5.230e-01  1.612e+15  5.375e+14 -1.832e+14  4.230e+14 
  6.335e+10 -1.047e+12  1.612e+15  5.070e+30  1.691e+30 -5.761e+29  1.330e+30 
  2.112e+10 -3.490e+11  5.375e+14  1.691e+30  5.638e+29 -1.921e+29  4.437e+29 
 -7.198e+09  1.189e+11 -1.832e+14 -5.761e+29 -1.921e+29  6.547e+28 -1.512e+29 
  1.662e+10 -2.746e+11  4.230e+14  1.330e+30  4.437e+29 -1.512e+29  3.491e+29 
ERR MATRIX APPROXIMATE
 PARAMETER  CORRELATION COEFFICIENTS  
       NO.  GLOBAL     13     14     20     21     22     23     24
       13  0.07449   1.000  0.046  0.025  0.022  0.022 -0.022  0.022
       14  0.37632   0.046  1.000 -0.363 -0.370 -0.370  0.370 -0.370
       20  0.99489   0.025 -0.363  1.000  0.990  0.990 -0.990  0.990
       21  1.00000   0.022 -0.370  0.990  1.000  1.000 -1.000  1.000
       22  1.00000   0.022 -0.370  0.990  1.000  1.000 -1.000  1.000
       23  1.00000  -0.022  0.370 -0.990 -1.000 -1.000  1.000 -1.000
