 + ++++++++++++++++++++++++++++++++++++++++++++++++++++++++++++++++++++ +
 +                                                                      +
 +           You have chose to blind your fitting according to          +
 +                omega_ref * (1 + (R +/- deltaR) *10^{-6})             +
 +                                                                      +
 + ++++++++++++++++++++++++++++++++++++++++++++++++++++++++++++++++++++ +
In main()...
reading format from /gm2data/zkhechad/run45/envelope/formats/formatB_sBin_constraintOn.txt
pBinTau 	= 0  
pBinPhi 	= 0  
constraintau 	= 1 
includeMopTerm 	= 0    
constrainMop    = 0   
Parameters after format file: pBinTau 0 pBinPhi 0 constraintau 1 includeMopTerm 0 constrainMop 0 c_e_scale 0.000000 
Opening file /gm2data/tbarrett/gm2fr/studies/run23_bunch_corrections/CorrectedFourier_Run3b.root.
reading full fit data from /gm2data/zkhechad/cboTemplates/Run4CBOTemplates/fullFits/noRF/sBin_constraintOn_cE0.0_seed0_noRF_calo1.root
windowBins = 69
fitting sliding window 140 from bin 276 at 41.030000 to bin 345 at 51.474000 (69 bins)

Reading data from /gm2data/cornell/histograms/aMethod/histogram_a_noRF.root
 **********
 **    1 **SET PRINTOUT            1
 **********
 **********
 **    2 **SET NOWARNINGS 
 **********
 PARAMETER DEFINITIONS:
    NO.   NAME         VALUE      STEP SIZE      LIMITS
     1 N0           3.52378e+06  1.00000e+02     no limits
     2 tau          6.43930e+01  constant
     3 A0           3.54691e-01  1.00000e-04     no limits
     4 phi          4.12302e+00  1.00000e-02     no limits
     5 R           -6.08522e+01  constant
     6 alpha_CBO    0.00000e+00  1.00000e-03     no limits
     7 w_CBO        2.32500e+00  constant
     8 beta_CBO     0.00000e+00  1.00000e-03     no limits
     9 alpha_2CBO   0.00000e+00  1.00000e-03     no limits
    10 beta_2CBO    0.00000e+00  1.00000e-03     no limits
    11 alpha_y      0.00000e+00  1.00000e-03     no limits
    12 w_y          1.38860e+01  constant
    13 beta_y       0.00000e+00  1.00000e-03     no limits
    14 alpha_vw     0.00000e+00  1.00000e-03     no limits
    15 w_vw         1.43404e+01  constant
    16 beta_vw      0.00000e+00  1.00000e-03     no limits
    17 LM          -3.26196e-04  constant
    18 zeta_y       0.00000e+00  constant
    19 zeta_vw      0.00000e+00  constant
    20 T_CBO        1.00000e+02  1.00000e+00    0.00000e+00  1.00000e+03
    21 alpha_A0     0.00000e+00  1.00000e-04   -1.00000e-02  1.00000e-02
    22 beta_A0      0.00000e+00  1.00000e-04   -1.00000e-02  1.00000e-02
    23 alpha_phi    0.00000e+00  1.00000e-04   -1.00000e-02  1.00000e-02
    24 beta_phi     0.00000e+00  1.00000e-04   -1.00000e-02  1.00000e-02
MINUIT - FIT ONLY WIGGLE
 **********
 **    3 **FIX            5
 **********
 PARAMETER    5  IS CONSTANT.   IGNORED.
 **********
 **    4 **FIX            6
 **********
 **********
 **    5 **FIX            7
 **********
 PARAMETER    7  IS CONSTANT.   IGNORED.
 **********
 **    6 **FIX            8
 **********
 **********
 **    7 **FIX            9
 **********
 **********
 **    8 **FIX           10
 **********
 **********
 **    9 **FIX           11
 **********
 **********
 **   10 **FIX           12
 **********
 PARAMETER   12  IS CONSTANT.   IGNORED.
 **********
 **   11 **FIX           13
 **********
 **********
 **   12 **FIX           14
 **********
 **********
 **   13 **FIX           15
 **********
 PARAMETER   15  IS CONSTANT.   IGNORED.
 **********
 **   14 **FIX           16
 **********
 **********
 **   15 **MIGRAD
 **********
 FIRST CALL TO USER FUNCTION AT NEW START POINT, WITH IFLAG=4.
 START MIGRAD MINIMIZATION.  STRATEGY  1.  CONVERGENCE WHEN EDM .LT. 1.00e-04
 FCN=12656.2 FROM MIGRAD    STATUS=INITIATE      437 CALLS         438 TOTAL
                     EDM= unknown      STRATEGY= 1      NO ERROR MATRIX       
  EXT PARAMETER               CURRENT GUESS       STEP         FIRST   
  NO.   NAME      VALUE            ERROR          SIZE      DERIVATIVE 
   1  N0           3.52378e+06   1.00000e+02   0.00000e+00  -5.09487e-02
   2  tau          6.43930e+01   constant   
   3  A0           3.54691e-01   1.00000e-04   0.00000e+00   2.17244e+05
   4  phi          4.12302e+00   1.00000e-02   0.00000e+00   2.11824e+05
   5  R           -6.08522e+01   constant   
   6  alpha_CBO    0.00000e+00     fixed    
   7  w_CBO        2.32500e+00   constant   
   8  beta_CBO     0.00000e+00     fixed    
   9  alpha_2CBO   0.00000e+00     fixed    
  10  beta_2CBO    0.00000e+00     fixed    
  11  alpha_y      0.00000e+00     fixed    
  12  w_y          1.38860e+01   constant   
  13  beta_y       0.00000e+00     fixed    
  14  alpha_vw     0.00000e+00     fixed    
  15  w_vw         1.43404e+01   constant   
  16  beta_vw      0.00000e+00     fixed    
  17  LM          -3.26196e-04   constant   
  18  zeta_y       0.00000e+00   constant   
  19  zeta_vw      0.00000e+00   constant   
  20  T_CBO        1.00000e+02   1.00000e+00   0.00000e+00   0.00000e+00
  21  alpha_A0     0.00000e+00   1.00000e-04   0.00000e+00  -4.37170e+01
  22  beta_A0      0.00000e+00   1.00000e-04   0.00000e+00   5.06842e+02
  23  alpha_phi    0.00000e+00   1.00000e-04   0.00000e+00   5.79391e+02
  24  beta_phi     0.00000e+00   1.00000e-04   0.00000e+00   4.94661e+01
 MIGRAD MINIMIZATION HAS CONVERGED.
 FCN=11476 FROM MIGRAD    STATUS=CONVERGED     753 CALLS         754 TOTAL
                     EDM=1.21934e-07    STRATEGY= 1  ERROR MATRIX UNCERTAINTY   2.8 per cent
  EXT PARAMETER                                   STEP         FIRST   
  NO.   NAME      VALUE            ERROR          SIZE      DERIVATIVE 
   1  N0           3.52394e+06   2.11732e+02   4.25424e-01   1.40226e-06
   2  tau          6.43930e+01   constant   
   3  A0           3.53894e-01   7.93115e-05   1.94624e-09  -3.88827e-01
   4  phi          4.11667e+00   2.36391e-04   1.75035e-07  -8.09898e-01
   5  R           -6.08522e+01   constant   
   6  alpha_CBO    0.00000e+00     fixed    
   7  w_CBO        2.32500e+00   constant   
   8  beta_CBO     0.00000e+00     fixed    
   9  alpha_2CBO   0.00000e+00     fixed    
  10  beta_2CBO    0.00000e+00     fixed    
  11  alpha_y      0.00000e+00     fixed    
  12  w_y          1.38860e+01   constant   
  13  beta_y       0.00000e+00     fixed    
  14  alpha_vw     0.00000e+00     fixed    
  15  w_vw         1.43404e+01   constant   
  16  beta_vw      0.00000e+00     fixed    
  17  LM          -3.26196e-04   constant   
  18  zeta_y       0.00000e+00   constant   
  19  zeta_vw      0.00000e+00   constant   
  20  T_CBO        6.34417e+01   5.35058e+00   7.10155e-05   7.02549e-03
  21  alpha_A0    -1.28786e-03   7.10617e-04  -6.12931e-05  -2.08222e-03
  22  beta_A0     -9.03826e-03   8.70130e-04   4.79645e-04   1.39143e-03
  23  alpha_phi   -1.00000e-02   2.90511e-04  -1.15666e-05** at limit **
  24  beta_phi    -1.46424e-03   6.78170e-04   1.17609e-04   7.09727e-04
 EXTERNAL ERROR MATRIX.    NDIM=  25    NPAR=  8    ERR DEF=1
  4.483e+04 -2.168e-03  4.920e-03 -8.187e+01 -3.286e-02  1.114e-02 -5.175e-07  3.158e-02 
 -2.168e-03  6.290e-09  6.208e-10  3.921e-06  8.998e-09  1.471e-09  6.365e-14 -9.834e-09 
  4.920e-03  6.208e-10  5.588e-08 -1.810e-04  1.150e-09 -8.137e-09 -9.148e-14  6.218e-09 
 -8.187e+01  3.921e-06 -1.810e-04  2.863e+01  2.995e-04  3.057e-03  1.038e-08  4.318e-04 
 -3.286e-02  8.998e-09  1.150e-09  2.995e-04  5.058e-07  3.698e-08  2.414e-12 -5.517e-08 
  1.114e-02  1.471e-09 -8.137e-09  3.057e-03  3.698e-08  7.678e-07 -1.190e-12  9.100e-08 
 -5.175e-07  6.365e-14 -9.148e-14  1.038e-08  2.414e-12 -1.190e-12  5.467e-15 -1.397e-13 
  3.158e-02 -9.834e-09  6.218e-09  4.318e-04 -5.517e-08  9.100e-08 -1.397e-13  4.606e-07 
 PARAMETER  CORRELATION COEFFICIENTS  
       NO.  GLOBAL      1      3      4     20     21     22     23     24
        1  0.34386   1.000 -0.129  0.098 -0.072 -0.218  0.060 -0.033  0.220
        3  0.24736  -0.129  1.000  0.033  0.009  0.160  0.021  0.011 -0.183
        4  0.19075   0.098  0.033  1.000 -0.143  0.007 -0.039 -0.005  0.039
       20  0.67286  -0.072  0.009 -0.143  1.000  0.079  0.652  0.026  0.119
       21  0.27656  -0.218  0.160  0.007  0.079  1.000  0.059  0.046 -0.114
       22  0.66669   0.060  0.021 -0.039  0.652  0.059  1.000 -0.018  0.153
       23  0.07195  -0.033  0.011 -0.005  0.026  0.046 -0.018  1.000 -0.003
       24  0.31850   0.220 -0.183  0.039  0.119 -0.114  0.153 -0.003  1.000
MINUIT - FIT ONLY 1-CBO + wiggle
 **********
 **   16 **RES 
 **********
                   PARAMETER   16  beta_vw RESTORED TO VARIABLE.
                   PARAMETER   14  alpha_vw RESTORED TO VARIABLE.
                   PARAMETER   13  beta_y RESTORED TO VARIABLE.
                   PARAMETER   11  alpha_y RESTORED TO VARIABLE.
                   PARAMETER   10  beta_2CBO RESTORED TO VARIABLE.
                   PARAMETER    9  alpha_2CBO RESTORED TO VARIABLE.
                   PARAMETER    8  beta_CBO RESTORED TO VARIABLE.
                   PARAMETER    6  alpha_CBO RESTORED TO VARIABLE.
 **********
 **   17 **FIX            8
 **********
 **********
 **   18 **FIX            9
 **********
 **********
 **   19 **FIX           11
 **********
 **********
 **   20 **FIX           12
 **********
 PARAMETER   12  IS CONSTANT.   IGNORED.
 **********
 **   21 **FIX           14
 **********
 **********
 **   22 **FIX           15
 **********
 PARAMETER   15  IS CONSTANT.   IGNORED.
 **********
 **   23 **FIX           16
 **********
 **********
 **   24 **MIGRAD
 **********
 START MIGRAD MINIMIZATION.  STRATEGY  1.  CONVERGENCE WHEN EDM .LT. 1.00e-04
 FCN=11476 FROM MIGRAD    STATUS=INITIATE       28 CALLS         782 TOTAL
                     EDM= unknown      STRATEGY= 1      NO ERROR MATRIX       
  EXT PARAMETER               CURRENT GUESS       STEP         FIRST   
  NO.   NAME      VALUE            ERROR          SIZE      DERIVATIVE 
   1  N0           3.52394e+06   2.11732e+02   4.25424e-01   1.37821e-06
   2  tau          6.43930e+01   constant   
   3  A0           3.53894e-01   7.93115e-05   1.94624e-09  -4.21181e-01
   4  phi          4.11667e+00   2.36391e-04   1.75035e-07  -8.43546e-01
   5  R           -6.08522e+01   constant   
   6  alpha_CBO    0.00000e+00   1.00000e-03   1.00000e-03   1.72091e+06
   7  w_CBO        2.32500e+00   constant   
   8  beta_CBO     0.00000e+00     fixed    
   9  alpha_2CBO   0.00000e+00     fixed    
  10  beta_2CBO    0.00000e+00   1.00000e-03   1.00000e-03  -1.40217e+05
  11  alpha_y      0.00000e+00     fixed    
  12  w_y          1.38860e+01   constant   
  13  beta_y       0.00000e+00   1.00000e-03   1.00000e-03   3.42240e+05
  14  alpha_vw     0.00000e+00     fixed    
  15  w_vw         1.43404e+01   constant   
  16  beta_vw      0.00000e+00     fixed    
  17  LM          -3.26196e-04   constant   
  18  zeta_y       0.00000e+00   constant   
  19  zeta_vw      0.00000e+00   constant   
  20  T_CBO        6.34417e+01   5.35058e+00   7.10155e-05   4.19639e-03
  21  alpha_A0    -1.28786e-03   7.10617e-04  -6.12931e-05  -2.09543e-03
  22  beta_A0     -9.03826e-03   8.70130e-04   4.79645e-04   1.39476e-03
  23  alpha_phi   -9.99998e-03   2.90511e-04  -1.15666e-05   6.55698e-02
  24  beta_phi    -1.46424e-03   6.78170e-04   1.17609e-04   6.67237e-04
 MIGRAD MINIMIZATION HAS CONVERGED.
 FCN=6216.35 FROM MIGRAD    STATUS=CONVERGED     537 CALLS        1291 TOTAL
                     EDM=1.69684e-06    STRATEGY= 1  ERROR MATRIX UNCERTAINTY   0.5 per cent
  EXT PARAMETER                                   STEP         FIRST   
  NO.   NAME      VALUE            ERROR          SIZE      DERIVATIVE 
   1  N0           3.52341e+06   2.12063e+02  -5.82177e-02   1.67401e-06
   2  tau          6.43930e+01   constant   
   3  A0           3.53513e-01   7.98891e-05   1.76381e-07  -3.06772e+00
   4  phi          4.12014e+00   2.36021e-04   4.25269e-07   4.86504e+00
   5  R           -6.08522e+01   constant   
   6  alpha_CBO   -5.91260e-03   8.31855e-05  -2.17594e-08   4.59520e+00
   7  w_CBO        2.32500e+00   constant   
   8  beta_CBO     0.00000e+00     fixed    
   9  alpha_2CBO   0.00000e+00     fixed    
  10  beta_2CBO    1.84829e-05   8.19851e-05   7.59857e-08   1.46352e+01
  11  alpha_y      0.00000e+00     fixed    
  12  w_y          1.38860e+01   constant   
  13  beta_y      -1.02422e-03   7.84439e-05  -5.14111e-08  -8.05813e+00
  14  alpha_vw     0.00000e+00     fixed    
  15  w_vw         1.43404e+01   constant   
  16  beta_vw      0.00000e+00     fixed    
  17  LM          -3.26196e-04   constant   
  18  zeta_y       0.00000e+00   constant   
  19  zeta_vw      0.00000e+00   constant   
  20  T_CBO        5.15818e+01   4.71628e+00   2.27054e-05  -9.49022e-02
  21  alpha_A0    -3.10633e-03   9.01279e-04  -3.74655e-05  -1.46594e-04
  22  beta_A0     -1.00000e-02   9.74451e-04  -2.03130e-03** at limit **
  23  alpha_phi   -7.24202e-03   1.16232e-03   5.01586e-05   1.15079e-03
  24  beta_phi    -2.13992e-03   8.06115e-04  -4.70482e-04   2.98872e-03
 EXTERNAL ERROR MATRIX.    NDIM=  25    NPAR= 11    ERR DEF=1
  4.497e+04 
 -2.414e-03  6.382e-09 
  3.512e-03  2.476e-11  5.571e-08 
  7.340e-04  4.638e-10 -4.097e-09  6.920e-09 
  5.174e-04  3.350e-10 -4.394e-10  4.672e-10  6.722e-09 
  1.667e-04 -4.130e-11 -9.803e-11 -1.097e-11  1.289e-10  6.153e-09 
 -1.246e+02  2.127e-05 -4.461e-05 -5.851e-07  6.808e-05 -1.834e-06  2.225e+01 
 -4.925e-02  1.330e-08  1.360e-09  2.456e-09  9.199e-09 -1.397e-09  1.199e-03  8.147e-07 
 -1.149e-08 -8.530e-15 -4.151e-14 -2.854e-15 -1.756e-14  1.128e-14  1.177e-08  5.417e-13  9.334e-15 
 -5.913e-03  6.344e-09  2.139e-08 -6.503e-09  2.001e-08 -8.154e-10  3.726e-03  2.094e-07  1.005e-12  1.364e-06 
  3.394e-02 -1.069e-08  8.978e-09  5.421e-10  5.263e-09  4.198e-10  5.382e-04 -4.947e-08  3.629e-13  1.379e-07  6.513e-07 
 PARAMETER  CORRELATION COEFFICIENTS  
       NO.  GLOBAL      1      3      4      6     10     13     20     21     22     23     24
        1  0.35552   1.000 -0.143  0.070  0.042  0.030  0.010 -0.125 -0.257 -0.001 -0.024  0.198
        3  0.27084  -0.143  1.000  0.001  0.070  0.051 -0.007  0.056  0.184 -0.001  0.068 -0.166
        4  0.26221   0.070  0.001  1.000 -0.209 -0.023 -0.005 -0.040  0.006 -0.002  0.078  0.047
        6  0.25370   0.042  0.070 -0.209  1.000  0.069 -0.002 -0.001  0.033 -0.000 -0.067  0.008
       10  0.25534   0.030  0.051 -0.023  0.069  1.000  0.020  0.176  0.124 -0.002  0.209  0.080
       13  0.03300   0.010 -0.007 -0.005 -0.002  0.020  1.000 -0.005 -0.020  0.001 -0.009  0.007
       20  0.70692  -0.125  0.056 -0.040 -0.001  0.176 -0.005  1.000  0.282  0.026  0.676  0.141
       21  0.40046  -0.257  0.184  0.006  0.033  0.124 -0.020  0.282  1.000  0.006  0.199 -0.068
       22  0.02924  -0.001 -0.001 -0.002 -0.000 -0.002  0.001  0.026  0.006  1.000  0.009  0.005
       23  0.69676  -0.024  0.068  0.078 -0.067  0.209 -0.009  0.676  0.199  0.009  1.000  0.146
       24  0.31314   0.198 -0.166  0.047  0.008  0.080  0.007  0.141 -0.068  0.005  0.146  1.000
MINUIT - FIT ONLY 2-CBO
 **********
 **   25 **RES 
 **********
                   PARAMETER   16  beta_vw RESTORED TO VARIABLE.
                   PARAMETER   14  alpha_vw RESTORED TO VARIABLE.
                   PARAMETER   11  alpha_y RESTORED TO VARIABLE.
                   PARAMETER    9  alpha_2CBO RESTORED TO VARIABLE.
                   PARAMETER    8  beta_CBO RESTORED TO VARIABLE.
 **********
 **   26 **FIX            0
 **********
 PARAMETER    0  IS UNDEFINED. IGNORED.
 **********
 **   27 **FIX            1
 **********
 **********
 **   28 **FIX            2
 **********
 PARAMETER    2  IS CONSTANT.   IGNORED.
 **********
 **   29 **FIX            3
 **********
 **********
 **   30 **FIX            4
 **********
 **********
 **   31 **FIX            5
 **********
 PARAMETER    5  IS CONSTANT.   IGNORED.
 **********
 **   32 **FIX            6
 **********
 **********
 **   33 **FIX            7
 **********
 PARAMETER    7  IS CONSTANT.   IGNORED.
 **********
 **   34 **FIX           10
 **********
 **********
 **   35 **FIX           11
 **********
 **********
 **   36 **FIX           12
 **********
 PARAMETER   12  IS CONSTANT.   IGNORED.
 **********
 **   37 **FIX           13
 **********
 **********
 **   38 **FIX           14
 **********
 **********
 **   39 **FIX           15
 **********
 PARAMETER   15  IS CONSTANT.   IGNORED.
 **********
 **   40 **FIX           16
 **********
 **********
 **   41 **MIGRAD
 **********
 START MIGRAD MINIMIZATION.  STRATEGY  1.  CONVERGENCE WHEN EDM .LT. 1.00e-04
 FCN=6216.35 FROM MIGRAD    STATUS=INITIATE       18 CALLS        1309 TOTAL
                     EDM= unknown      STRATEGY= 1      NO ERROR MATRIX       
  EXT PARAMETER               CURRENT GUESS       STEP         FIRST   
  NO.   NAME      VALUE            ERROR          SIZE      DERIVATIVE 
   1  N0           3.52341e+06     fixed    
   2  tau          6.43930e+01   constant   
   3  A0           3.53513e-01     fixed    
   4  phi          4.12014e+00     fixed    
   5  R           -6.08522e+01   constant   
   6  alpha_CBO   -5.91260e-03     fixed    
   7  w_CBO        2.32500e+00   constant   
   8  beta_CBO     0.00000e+00   1.00000e-03   1.00000e-03  -1.63929e+06
   9  alpha_2CBO   0.00000e+00   1.00000e-03   1.00000e-03  -4.14658e+04
  10  beta_2CBO    1.84829e-05     fixed    
  11  alpha_y      0.00000e+00     fixed    
  12  w_y          1.38860e+01   constant   
  13  beta_y      -1.02422e-03     fixed    
  14  alpha_vw     0.00000e+00     fixed    
  15  w_vw         1.43404e+01   constant   
  16  beta_vw      0.00000e+00     fixed    
  17  LM          -3.26196e-04   constant   
  18  zeta_y       0.00000e+00   constant   
  19  zeta_vw      0.00000e+00   constant   
  20  T_CBO        5.15818e+01   4.71628e+00   2.27054e-05  -9.74015e-02
  21  alpha_A0    -3.10633e-03   9.01279e-04  -3.74655e-05  -1.52593e-04
  22  beta_A0     -9.99998e-03   9.74451e-04  -2.03130e-03   1.97718e-02
  23  alpha_phi   -7.24202e-03   1.16232e-03   5.01586e-05   1.17089e-03
  24  beta_phi    -2.13992e-03   8.06115e-04  -4.70482e-04   2.94648e-03
 MIGRAD MINIMIZATION HAS CONVERGED.
 MIGRAD WILL VERIFY CONVERGENCE AND ERROR MATRIX.
 COVARIANCE MATRIX CALCULATED SUCCESSFULLY
 FCN=1935.58 FROM MIGRAD    STATUS=CONVERGED     356 CALLS        1647 TOTAL
                     EDM=2.72203e-06    STRATEGY= 1      ERROR MATRIX ACCURATE 
  EXT PARAMETER                                   STEP         FIRST   
  NO.   NAME      VALUE            ERROR          SIZE      DERIVATIVE 
   1  N0           3.52341e+06     fixed    
   2  tau          6.43930e+01   constant   
   3  A0           3.53513e-01     fixed    
   4  phi          4.12014e+00     fixed    
   5  R           -6.08522e+01   constant   
   6  alpha_CBO   -5.91260e-03     fixed    
   7  w_CBO        2.32500e+00   constant   
   8  beta_CBO     5.21295e-03   7.96020e-05   1.70019e-06   8.05085e+00
   9  alpha_2CBO   7.61708e-05   8.09076e-05   1.70845e-06   4.77788e+00
  10  beta_2CBO    1.84829e-05     fixed    
  11  alpha_y      0.00000e+00     fixed    
  12  w_y          1.38860e+01   constant   
  13  beta_y      -1.02422e-03     fixed    
  14  alpha_vw     0.00000e+00     fixed    
  15  w_vw         1.43404e+01   constant   
  16  beta_vw      0.00000e+00     fixed    
  17  LM          -3.26196e-04   constant   
  18  zeta_y       0.00000e+00   constant   
  19  zeta_vw      0.00000e+00   constant   
  20  T_CBO        3.31534e+01   2.10589e+00   1.97564e-04  -2.95378e-02
  21  alpha_A0    -5.21708e-03   1.43658e-03   3.41135e-03   3.44309e-03
  22  beta_A0     -9.78639e-03   2.59346e-03   1.30126e-02  -2.77019e-03
  23  alpha_phi   -1.00000e-02   8.23166e-04   8.77599e-03** at limit **
  24  beta_phi    -1.00000e-02   1.44034e-03   1.16730e-02** at limit **
 EXTERNAL ERROR MATRIX.    NDIM=  25    NPAR=  7    ERR DEF=1
  6.336e-09 -1.414e-10  6.904e-06  1.085e-09  1.287e-08  1.705e-14 -2.739e-14 
 -1.414e-10  6.546e-09  4.978e-06 -1.507e-08 -9.306e-09  2.887e-14 -5.324e-14 
  6.904e-06  4.978e-06  4.435e+00  9.667e-04  1.874e-03  6.808e-09  9.349e-09 
  1.085e-09 -1.507e-08  9.667e-04  2.084e-06  4.523e-07  1.569e-12  1.727e-12 
  1.287e-08 -9.306e-09  1.874e-03  4.523e-07  2.347e-06  2.583e-12  4.644e-12 
  1.705e-14  2.887e-14  6.808e-09  1.569e-12  2.583e-12  1.009e-13  1.543e-17 
 -2.739e-14 -5.324e-14  9.349e-09  1.727e-12  4.644e-12  1.543e-17  7.394e-14 
 PARAMETER  CORRELATION COEFFICIENTS  
       NO.  GLOBAL      8      9     20     21     22     23     24
        8  0.10938   1.000 -0.022  0.041  0.009  0.106  0.001 -0.001
        9  0.18515  -0.022  1.000  0.029 -0.129 -0.075  0.001 -0.002
       20  0.62356   0.041  0.029  1.000  0.318  0.581  0.010  0.016
       21  0.34701   0.009 -0.129  0.318  1.000  0.205  0.003  0.004
       22  0.59366   0.106 -0.075  0.581  0.205  1.000  0.005  0.011
       23  0.01024   0.001  0.001  0.010  0.003  0.005  1.000  0.000
       24  0.01687  -0.001 -0.002  0.016  0.004  0.011  0.000  1.000
MINUIT - FIT wiggle + 1-CBO + 2-CBO
 **********
 **   42 **RES 
 **********
                   PARAMETER   16  beta_vw RESTORED TO VARIABLE.
                   PARAMETER   14  alpha_vw RESTORED TO VARIABLE.
                   PARAMETER   13  beta_y RESTORED TO VARIABLE.
                   PARAMETER   11  alpha_y RESTORED TO VARIABLE.
                   PARAMETER   10  beta_2CBO RESTORED TO VARIABLE.
                   PARAMETER    6  alpha_CBO RESTORED TO VARIABLE.
                   PARAMETER    4  phi RESTORED TO VARIABLE.
                   PARAMETER    3  A0 RESTORED TO VARIABLE.
                   PARAMETER    1  N0 RESTORED TO VARIABLE.
 **********
 **   43 **FIX           10
 **********
 **********
 **   44 **FIX           11
 **********
 **********
 **   45 **FIX           12
 **********
 PARAMETER   12  IS CONSTANT.   IGNORED.
 **********
 **   46 **FIX           13
 **********
 **********
 **   47 **FIX           14
 **********
 **********
 **   48 **FIX           15
 **********
 PARAMETER   15  IS CONSTANT.   IGNORED.
 **********
 **   49 **FIX           16
 **********
 **********
 **   50 **MIGRAD
 **********
 START MIGRAD MINIMIZATION.  STRATEGY  1.  CONVERGENCE WHEN EDM .LT. 1.00e-04
 FCN=1935.58 FROM MIGRAD    STATUS=INITIATE       22 CALLS        1669 TOTAL
                     EDM= unknown      STRATEGY= 1      NO ERROR MATRIX       
  EXT PARAMETER               CURRENT GUESS       STEP         FIRST   
  NO.   NAME      VALUE            ERROR          SIZE      DERIVATIVE 
   1  N0           3.52341e+06   2.12063e+02   2.12063e+02  -3.94591e-02
   2  tau          6.43930e+01   constant   
   3  A0           3.53513e-01   7.98891e-05   7.98891e-05  -3.24557e+05
   4  phi          4.12014e+00   2.36021e-04   2.36021e-04  -7.80023e+04
   5  R           -6.08522e+01   constant   
   6  alpha_CBO   -5.91260e-03   8.31855e-05   8.31855e-05  -6.07381e+04
   7  w_CBO        2.32500e+00   constant   
   8  beta_CBO     5.21295e-03   7.96020e-05   1.70019e-06   8.07512e+00
   9  alpha_2CBO   7.61708e-05   8.09076e-05   1.70845e-06   4.80017e+00
  10  beta_2CBO    1.84829e-05     fixed    
  11  alpha_y      0.00000e+00     fixed    
  12  w_y          1.38860e+01   constant   
  13  beta_y      -1.02422e-03     fixed    
  14  alpha_vw     0.00000e+00     fixed    
  15  w_vw         1.43404e+01   constant   
  16  beta_vw      0.00000e+00     fixed    
  17  LM          -3.26196e-04   constant   
  18  zeta_y       0.00000e+00   constant   
  19  zeta_vw      0.00000e+00   constant   
  20  T_CBO        3.31534e+01   2.10589e+00   1.97564e-04  -3.34185e-02
  21  alpha_A0    -5.21708e-03   1.43658e-03   3.41135e-03   3.49463e-03
  22  beta_A0     -9.78639e-03   2.59346e-03   1.30126e-02  -2.41595e-03
  23  alpha_phi   -9.99998e-03   8.23166e-04   8.77599e-03   2.34067e-02
  24  beta_phi    -9.99998e-03   1.44034e-03   1.16730e-02   1.32422e-02
 MIGRAD MINIMIZATION HAS CONVERGED.
 FCN=1649.99 FROM MIGRAD    STATUS=CONVERGED     433 CALLS        2080 TOTAL
                     EDM=1.68302e-06    STRATEGY= 1  ERROR MATRIX UNCERTAINTY   1.1 per cent
  EXT PARAMETER                                   STEP         FIRST   
  NO.   NAME      VALUE            ERROR          SIZE      DERIVATIVE 
   1  N0           3.52418e+06   2.09752e+02  -3.97177e-01   1.00492e-06
   2  tau          6.43930e+01   constant   
   3  A0           3.54595e-01   8.24687e-05  -1.76664e-07   5.29612e+00
   4  phi          4.12251e+00   2.33409e-04   5.54856e-07   8.78714e+00
   5  R           -6.08522e+01   constant   
   6  alpha_CBO   -5.76571e-03   7.98130e-05   3.34671e-08   1.45603e+01
   7  w_CBO        2.32500e+00   constant   
   8  beta_CBO     5.56724e-03   8.52097e-05   2.71626e-07  -5.15315e+00
   9  alpha_2CBO   3.70704e-05   8.00496e-05   1.83679e-07   1.59079e+00
  10  beta_2CBO    1.84829e-05     fixed    
  11  alpha_y      0.00000e+00     fixed    
  12  w_y          1.38860e+01   constant   
  13  beta_y      -1.02422e-03     fixed    
  14  alpha_vw     0.00000e+00     fixed    
  15  w_vw         1.43404e+01   constant   
  16  beta_vw      0.00000e+00     fixed    
  17  LM          -3.26196e-04   constant   
  18  zeta_y       0.00000e+00   constant   
  19  zeta_vw      0.00000e+00   constant   
  20  T_CBO        3.67675e+01   3.40921e+00  -5.68003e-05   2.49090e-02
  21  alpha_A0    -2.64527e-03   1.52814e-03  -7.42818e-05  -5.91803e-03
  22  beta_A0     -6.15457e-03   1.27550e-03   5.30773e-05   3.27513e-04
  23  alpha_phi   -6.93973e-03   1.33138e-03   5.17069e-04   3.60914e-03
  24  beta_phi    -1.00000e-02   1.88982e-03  -6.19822e-03** at limit **
 EXTERNAL ERROR MATRIX.    NDIM=  25    NPAR= 11    ERR DEF=1
  4.400e+04 
 -1.945e-03  6.801e-09 
  7.158e-03  9.050e-10  5.448e-08 
 -1.003e-03  2.890e-10 -2.002e-09  6.370e-09 
  8.674e-04  1.612e-09  2.878e-09 -1.290e-10  7.261e-09 
 -3.247e-04 -3.052e-11 -2.616e-10 -1.343e-10 -2.016e-10  6.408e-09 
 -1.727e+02  6.557e-05 -4.850e-05  4.767e-06  3.208e-05  2.955e-05  1.162e+01 
 -7.822e-02  2.783e-08 -1.659e-08  1.087e-08  1.203e-08 -1.115e-09  1.775e-03  2.355e-06 
 -9.528e-04  1.734e-08  1.731e-08 -1.515e-09  1.611e-08 -6.850e-09  2.065e-03  1.499e-07  1.641e-06 
  2.377e-02 -2.148e-08 -2.668e-08  7.532e-09 -1.461e-08 -1.073e-08 -2.738e-03 -4.889e-07 -4.453e-07  1.793e-06 
  5.717e-07  6.147e-14 -7.625e-13  6.190e-13 -1.410e-13  9.547e-14  7.093e-08  9.982e-12  1.292e-11 -1.563e-11  4.272e-13 
 PARAMETER  CORRELATION COEFFICIENTS  
       NO.  GLOBAL      1      3      4      6      8      9     20     21     22     23     24
        1  0.35400   1.000 -0.112  0.146 -0.060  0.049 -0.019 -0.241 -0.243 -0.004  0.085  0.004
        3  0.35624  -0.112  1.000  0.047  0.044  0.229 -0.005  0.233  0.220  0.164 -0.195  0.001
        4  0.27107   0.146  0.047  1.000 -0.107  0.145 -0.014 -0.061 -0.046  0.058 -0.085 -0.005
        6  0.17259  -0.060  0.044 -0.107  1.000 -0.019 -0.021  0.018  0.089 -0.015  0.070  0.012
        8  0.30141   0.049  0.229  0.145 -0.019  1.000 -0.030  0.110  0.092  0.148 -0.128 -0.003
        9  0.19123  -0.019 -0.005 -0.014 -0.021 -0.030  1.000  0.108 -0.009 -0.067 -0.100  0.002
       20  0.74043  -0.241  0.233 -0.061  0.018  0.110  0.108  1.000  0.339  0.473 -0.600  0.032
       21  0.42396  -0.243  0.220 -0.046  0.089  0.092 -0.009  0.339  1.000  0.076 -0.238  0.010
       22  0.52219  -0.004  0.164  0.058 -0.015  0.148 -0.067  0.473  0.076  1.000 -0.260  0.015
       23  0.62490   0.085 -0.195 -0.085  0.070 -0.128 -0.100 -0.600 -0.238 -0.260  1.000 -0.018
       24  0.03726   0.004  0.001 -0.005  0.012 -0.003  0.002  0.032  0.010  0.015 -0.018  1.000
MINUIT - FIT ONLY 1-y
 **********
 **   51 **RES 
 **********
                   PARAMETER   16  beta_vw RESTORED TO VARIABLE.
                   PARAMETER   14  alpha_vw RESTORED TO VARIABLE.
                   PARAMETER   13  beta_y RESTORED TO VARIABLE.
                   PARAMETER   11  alpha_y RESTORED TO VARIABLE.
                   PARAMETER   10  beta_2CBO RESTORED TO VARIABLE.
 **********
 **   52 **FIX            0
 **********
 PARAMETER    0  IS UNDEFINED. IGNORED.
 **********
 **   53 **FIX            1
 **********
 **********
 **   54 **FIX            2
 **********
 PARAMETER    2  IS CONSTANT.   IGNORED.
 **********
 **   55 **FIX            3
 **********
 **********
 **   56 **FIX            4
 **********
 **********
 **   57 **FIX            5
 **********
 PARAMETER    5  IS CONSTANT.   IGNORED.
 **********
 **   58 **FIX            6
 **********
 **********
 **   59 **FIX            7
 **********
 PARAMETER    7  IS CONSTANT.   IGNORED.
 **********
 **   60 **FIX            8
 **********
 **********
 **   61 **FIX            9
 **********
 **********
 **   62 **FIX           13
 **********
 **********
 **   63 **FIX           14
 **********
 **********
 **   64 **FIX           15
 **********
 PARAMETER   15  IS CONSTANT.   IGNORED.
 **********
 **   65 **FIX           16
 **********
 **********
 **   66 **MIGRAD
 **********
 START MIGRAD MINIMIZATION.  STRATEGY  1.  CONVERGENCE WHEN EDM .LT. 1.00e-04
 FCN=1649.99 FROM MIGRAD    STATUS=INITIATE       16 CALLS        2096 TOTAL
                     EDM= unknown      STRATEGY= 1      NO ERROR MATRIX       
  EXT PARAMETER               CURRENT GUESS       STEP         FIRST   
  NO.   NAME      VALUE            ERROR          SIZE      DERIVATIVE 
   1  N0           3.52418e+06     fixed    
   2  tau          6.43930e+01   constant   
   3  A0           3.54595e-01     fixed    
   4  phi          4.12251e+00     fixed    
   5  R           -6.08522e+01   constant   
   6  alpha_CBO   -5.76571e-03     fixed    
   7  w_CBO        2.32500e+00   constant   
   8  beta_CBO     5.56724e-03     fixed    
   9  alpha_2CBO   3.70704e-05     fixed    
  10  beta_2CBO    1.84829e-05   8.19851e-05   8.19851e-05  -9.04619e+04
  11  alpha_y      0.00000e+00   1.00000e-03   1.00000e-03   2.30262e+05
  12  w_y          1.38860e+01   constant   
  13  beta_y      -1.02422e-03     fixed    
  14  alpha_vw     0.00000e+00     fixed    
  15  w_vw         1.43404e+01   constant   
  16  beta_vw      0.00000e+00     fixed    
  17  LM          -3.26196e-04   constant   
  18  zeta_y       0.00000e+00   constant   
  19  zeta_vw      0.00000e+00   constant   
  20  T_CBO        3.67675e+01   3.40921e+00  -5.68003e-05   2.30495e-02
  21  alpha_A0    -2.64527e-03   1.52814e-03  -7.42818e-05  -5.90309e-03
  22  beta_A0     -6.15457e-03   1.27550e-03   5.30773e-05   3.09181e-04
  23  alpha_phi   -6.93973e-03   1.33138e-03   5.17069e-04  -3.61958e-03
  24  beta_phi    -9.99998e-03   1.88982e-03  -6.19822e-03   9.98568e-03
 MIGRAD MINIMIZATION HAS CONVERGED.
 MIGRAD WILL VERIFY CONVERGENCE AND ERROR MATRIX.
 COVARIANCE MATRIX CALCULATED SUCCESSFULLY
 FCN=1549.7 FROM MIGRAD    STATUS=CONVERGED     168 CALLS        2248 TOTAL
                     EDM=4.41015e-07    STRATEGY= 1      ERROR MATRIX ACCURATE 
  EXT PARAMETER                                   STEP         FIRST   
  NO.   NAME      VALUE            ERROR          SIZE      DERIVATIVE 
   1  N0           3.52418e+06     fixed    
   2  tau          6.43930e+01   constant   
   3  A0           3.54595e-01     fixed    
   4  phi          4.12251e+00     fixed    
   5  R           -6.08522e+01   constant   
   6  alpha_CBO   -5.76571e-03     fixed    
   7  w_CBO        2.32500e+00   constant   
   8  beta_CBO     5.56724e-03     fixed    
   9  alpha_2CBO   3.70704e-05     fixed    
  10  beta_2CBO    3.33927e-04   8.22826e-05   1.54223e-06  -2.83327e+00
  11  alpha_y     -7.47241e-04   8.03673e-05   1.54460e-06   1.55589e+00
  12  w_y          1.38860e+01   constant   
  13  beta_y      -1.02422e-03     fixed    
  14  alpha_vw     0.00000e+00     fixed    
  15  w_vw         1.43404e+01   constant   
  16  beta_vw      0.00000e+00     fixed    
  17  LM          -3.26196e-04   constant   
  18  zeta_y       0.00000e+00   constant   
  19  zeta_vw      0.00000e+00   constant   
  20  T_CBO        3.61159e+01   3.19638e+00   2.33571e-04  -1.39753e-04
  21  alpha_A0    -2.39870e-03   1.25559e-03   2.38899e-03   6.08185e-03
  22  beta_A0     -7.18459e-03   1.33163e-03   3.03583e-03  -2.80900e-03
  23  alpha_phi   -6.42301e-03   1.27479e-03   2.67772e-03   1.93423e-03
  24  beta_phi    -1.00000e-02   1.74612e-03   1.15585e-02** at limit **
 EXTERNAL ERROR MATRIX.    NDIM=  25    NPAR=  7    ERR DEF=1
  6.770e-09 -8.083e-11 -1.395e-05  7.217e-09 -1.713e-08  9.502e-09 -8.433e-19 
 -8.083e-11  6.459e-09  2.508e-07  6.776e-10  2.462e-09 -8.399e-10  1.223e-18 
 -1.395e-05  2.508e-07  1.022e+01  1.093e-03  2.384e-03  2.200e-03  1.978e-11 
  7.217e-09  6.776e-10  1.093e-03  1.585e-06  2.489e-07  2.771e-07  1.762e-15 
 -1.713e-08  2.462e-09  2.384e-03  2.489e-07  1.795e-06  4.343e-07  5.051e-15 
  9.502e-09 -8.399e-10  2.200e-03  2.771e-07  4.343e-07  1.640e-06  4.595e-15 
 -8.433e-19  1.223e-18  1.978e-11  1.762e-15  5.051e-15  4.595e-15  4.220e-20 
 PARAMETER  CORRELATION COEFFICIENTS  
       NO.  GLOBAL     10     11     20     21     22     23     24
       10  0.22316   1.000 -0.012 -0.053  0.070 -0.155  0.090 -0.000
       11  0.03010  -0.012  1.000  0.001  0.007  0.023 -0.008  0.000
       20  0.70536  -0.053  0.001  1.000  0.272  0.557  0.537  0.030
       21  0.28525   0.070  0.007  0.272  1.000  0.148  0.172  0.007
       22  0.57238  -0.155  0.023  0.557  0.148  1.000  0.253  0.018
       23  0.55207   0.090 -0.008  0.537  0.172  0.253  1.000  0.017
       24  0.03032  -0.000  0.000  0.030  0.007  0.018  0.017  1.000
MINUIT - FIT ONLY 2-y
 **********
 **   67 **RES 
 **********
                   PARAMETER   16  beta_vw RESTORED TO VARIABLE.
                   PARAMETER   14  alpha_vw RESTORED TO VARIABLE.
                   PARAMETER   13  beta_y RESTORED TO VARIABLE.
                   PARAMETER    9  alpha_2CBO RESTORED TO VARIABLE.
                   PARAMETER    8  beta_CBO RESTORED TO VARIABLE.
                   PARAMETER    6  alpha_CBO RESTORED TO VARIABLE.
                   PARAMETER    4  phi RESTORED TO VARIABLE.
                   PARAMETER    3  A0 RESTORED TO VARIABLE.
                   PARAMETER    1  N0 RESTORED TO VARIABLE.
 **********
 **   68 **FIX            0
 **********
 PARAMETER    0  IS UNDEFINED. IGNORED.
 **********
 **   69 **FIX            1
 **********
 **********
 **   70 **FIX            2
 **********
 PARAMETER    2  IS CONSTANT.   IGNORED.
 **********
 **   71 **FIX            3
 **********
 **********
 **   72 **FIX            4
 **********
 **********
 **   73 **FIX            5
 **********
 PARAMETER    5  IS CONSTANT.   IGNORED.
 **********
 **   74 **FIX            6
 **********
 **********
 **   75 **FIX            7
 **********
 PARAMETER    7  IS CONSTANT.   IGNORED.
 **********
 **   76 **FIX            8
 **********
 **********
 **   77 **FIX            9
 **********
 **********
 **   78 **FIX           10
 **********
 **********
 **   79 **FIX           11
 **********
 **********
 **   80 **FIX           12
 **********
 PARAMETER   12  IS CONSTANT.   IGNORED.
 **********
 **   81 **FIX           16
 **********
 **********
 **   82 **MIGRAD
 **********
 START MIGRAD MINIMIZATION.  STRATEGY  1.  CONVERGENCE WHEN EDM .LT. 1.00e-04
 FCN=1549.7 FROM MIGRAD    STATUS=INITIATE       16 CALLS        2264 TOTAL
                     EDM= unknown      STRATEGY= 1      NO ERROR MATRIX       
  EXT PARAMETER               CURRENT GUESS       STEP         FIRST   
  NO.   NAME      VALUE            ERROR          SIZE      DERIVATIVE 
   1  N0           3.52418e+06     fixed    
   2  tau          6.43930e+01   constant   
   3  A0           3.54595e-01     fixed    
   4  phi          4.12251e+00     fixed    
   5  R           -6.08522e+01   constant   
   6  alpha_CBO   -5.76571e-03     fixed    
   7  w_CBO        2.32500e+00   constant   
   8  beta_CBO     5.56724e-03     fixed    
   9  alpha_2CBO   3.70704e-05     fixed    
  10  beta_2CBO    3.33927e-04     fixed    
  11  alpha_y     -7.47241e-04     fixed    
  12  w_y          1.38860e+01   constant   
  13  beta_y      -1.02422e-03   7.84439e-05   7.84439e-05   4.30063e+03
  14  alpha_vw     0.00000e+00   1.00000e-03   1.00000e-03  -8.50565e+05
  15  w_vw         1.43404e+01   constant   
  16  beta_vw      0.00000e+00     fixed    
  17  LM          -3.26196e-04   constant   
  18  zeta_y       0.00000e+00   constant   
  19  zeta_vw      0.00000e+00   constant   
  20  T_CBO        3.61159e+01   3.19638e+00   2.33571e-04  -2.04098e-03
  21  alpha_A0    -2.39870e-03   1.25559e-03   2.38899e-03   6.18423e-03
  22  beta_A0     -7.18459e-03   1.33163e-03   3.03583e-03  -2.76336e-03
  23  alpha_phi   -6.42301e-03   1.27479e-03   2.67772e-03   1.97188e-03
  24  beta_phi    -9.99998e-03   1.74612e-03   1.15585e-02   1.08748e-02
 MIGRAD MINIMIZATION HAS CONVERGED.
 MIGRAD WILL VERIFY CONVERGENCE AND ERROR MATRIX.
 COVARIANCE MATRIX CALCULATED SUCCESSFULLY
 FCN=323.79 FROM MIGRAD    STATUS=CONVERGED     160 CALLS        2408 TOTAL
                     EDM=1.74583e-06    STRATEGY= 1      ERROR MATRIX ACCURATE 
  EXT PARAMETER                                   STEP         FIRST   
  NO.   NAME      VALUE            ERROR          SIZE      DERIVATIVE 
   1  N0           3.52418e+06     fixed    
   2  tau          6.43930e+01   constant   
   3  A0           3.54595e-01     fixed    
   4  phi          4.12251e+00     fixed    
   5  R           -6.08522e+01   constant   
   6  alpha_CBO   -5.76571e-03     fixed    
   7  w_CBO        2.32500e+00   constant   
   8  beta_CBO     5.56724e-03     fixed    
   9  alpha_2CBO   3.70704e-05     fixed    
  10  beta_2CBO    3.33927e-04     fixed    
  11  alpha_y     -7.47241e-04     fixed    
  12  w_y          1.38860e+01   constant   
  13  beta_y      -3.25023e-04   8.19574e-05   6.98375e-07   8.14686e-01
  14  alpha_vw     2.88614e-03   8.24315e-05   7.02440e-07   5.47253e+00
  15  w_vw         1.43404e+01   constant   
  16  beta_vw      0.00000e+00     fixed    
  17  LM          -3.26196e-04   constant   
  18  zeta_y       0.00000e+00   constant   
  19  zeta_vw      0.00000e+00   constant   
  20  T_CBO        3.64674e+01   3.20238e+00   1.08117e-04   4.49171e-02
  21  alpha_A0    -2.57105e-03   1.24012e-03   1.08637e-03   7.77956e-03
  22  beta_A0     -6.36604e-03   1.24949e-03   1.23858e-03  -1.06591e-02
  23  alpha_phi   -6.91921e-03   1.27958e-03   1.29039e-03  -3.08307e-03
  24  beta_phi    -1.00000e-02   2.42271e-03   6.15817e-03** at limit **
 EXTERNAL ERROR MATRIX.    NDIM=  25    NPAR=  7    ERR DEF=1
  6.717e-09  1.678e-09  7.705e-07 -1.956e-09 -2.154e-10 -1.209e-09  9.840e-18 
  1.678e-09  6.795e-09  6.795e-07 -4.864e-10  1.908e-09 -1.172e-09  5.591e-17 
  7.705e-07  6.795e-07  1.026e+01  1.126e-03  2.010e-03  2.351e-03  8.388e-10 
 -1.956e-09 -4.864e-10  1.126e-03  1.546e-06  2.319e-07  2.833e-07  7.601e-14 
 -2.154e-10  1.908e-09  2.010e-03  2.319e-07  1.575e-06  4.088e-07  1.847e-13 
 -1.209e-09 -1.172e-09  2.351e-03  2.833e-07  4.088e-07  1.655e-06  2.041e-13 
  9.840e-18  5.591e-17  8.388e-10  7.601e-14  1.847e-13  2.041e-13  1.827e-16 
 PARAMETER  CORRELATION COEFFICIENTS  
       NO.  GLOBAL     13     14     20     21     22     23     24
       13  0.24962   1.000  0.248  0.003 -0.019 -0.002 -0.011  0.000
       14  0.24949   0.248  1.000  0.003 -0.005  0.018 -0.011  0.000
       20  0.69435   0.003  0.003  1.000  0.283  0.500  0.571  0.019
       21  0.28428  -0.019 -0.005  0.283  1.000  0.149  0.177  0.005
       22  0.50205  -0.002  0.018  0.500  0.149  1.000  0.253  0.011
       23  0.57229  -0.011 -0.011  0.571  0.177  0.253  1.000  0.012
       24  0.01947   0.000  0.000  0.019  0.005  0.011  0.012  1.000
MINUIT - FIT ALTOGETHER
 **********
 **   83 **RES 
 **********
                   PARAMETER   16  beta_vw RESTORED TO VARIABLE.
