 + ++++++++++++++++++++++++++++++++++++++++++++++++++++++++++++++++++++ +
 +                                                                      +
 +           You have chose to blind your fitting according to          +
 +                omega_ref * (1 + (R +/- deltaR) *10^{-6})             +
 +                                                                      +
 + ++++++++++++++++++++++++++++++++++++++++++++++++++++++++++++++++++++ +
In main()...
reading format from /gm2data/zkhechad/run45/envelope/formats/formatB_sBin_constraintOn.txt
pBinTau 	= 0  
pBinPhi 	= 0  
constraintau 	= 1 
includeMopTerm 	= 0    
constrainMop    = 0   
Parameters after format file: pBinTau 0 pBinPhi 0 constraintau 1 includeMopTerm 0 constrainMop 0 c_e_scale 0.000000 
Opening file /gm2data/tbarrett/gm2fr/studies/run23_bunch_corrections/CorrectedFourier_Run3b.root.
reading full fit data from /gm2data/zkhechad/cboTemplates/Run4CBOTemplates/fullFits/noRF/sBin_constraintOn_cE0.0_seed0_noRF_calo19.root
windowBins = 69
fitting sliding window 2520 from bin 2656 at 396.126000 to bin 2725 at 406.570000 (69 bins)

Reading data from /gm2data/cornell/histograms/aMethod/histogram_a_noRF.root
 **********
 **    1 **SET PRINTOUT            1
 **********
 **********
 **    2 **SET NOWARNINGS 
 **********
 PARAMETER DEFINITIONS:
    NO.   NAME         VALUE      STEP SIZE      LIMITS
     1 N0           3.18973e+06  1.00000e+02     no limits
     2 tau          6.43945e+01  constant
     3 A0           3.47817e-01  1.00000e-04     no limits
     4 phi          4.13218e+00  1.00000e-02     no limits
     5 R           -5.98741e+01  constant
     6 alpha_CBO    0.00000e+00  1.00000e-03     no limits
     7 w_CBO        2.32500e+00  constant
     8 beta_CBO     0.00000e+00  1.00000e-03     no limits
     9 alpha_2CBO   0.00000e+00  1.00000e-03     no limits
    10 beta_2CBO    0.00000e+00  1.00000e-03     no limits
    11 alpha_y      0.00000e+00  1.00000e-03     no limits
    12 w_y          1.38860e+01  constant
    13 beta_y       0.00000e+00  1.00000e-03     no limits
    14 alpha_vw     0.00000e+00  1.00000e-03     no limits
    15 w_vw         1.43404e+01  constant
    16 beta_vw      0.00000e+00  1.00000e-03     no limits
    17 LM          -2.15884e-04  constant
    18 zeta_y       0.00000e+00  constant
    19 zeta_vw      0.00000e+00  constant
    20 T_CBO        1.00000e+02  1.00000e+00    0.00000e+00  1.00000e+03
    21 alpha_A0     0.00000e+00  1.00000e-03     no limits
    22 beta_A0      0.00000e+00  1.00000e-03     no limits
    23 alpha_phi    0.00000e+00  1.00000e-03     no limits
    24 beta_phi     0.00000e+00  1.00000e-03     no limits
MINUIT - FIT ONLY WIGGLE
 **********
 **    3 **FIX            5
 **********
 PARAMETER    5  IS CONSTANT.   IGNORED.
 **********
 **    4 **FIX            6
 **********
 **********
 **    5 **FIX            7
 **********
 PARAMETER    7  IS CONSTANT.   IGNORED.
 **********
 **    6 **FIX            8
 **********
 **********
 **    7 **FIX            9
 **********
 **********
 **    8 **FIX           10
 **********
 **********
 **    9 **FIX           11
 **********
 **********
 **   10 **FIX           12
 **********
 PARAMETER   12  IS CONSTANT.   IGNORED.
 **********
 **   11 **FIX           13
 **********
 **********
 **   12 **FIX           14
 **********
 **********
 **   13 **FIX           15
 **********
 PARAMETER   15  IS CONSTANT.   IGNORED.
 **********
 **   14 **FIX           16
 **********
 **********
 **   15 **MIGRAD
 **********
 FIRST CALL TO USER FUNCTION AT NEW START POINT, WITH IFLAG=4.
 START MIGRAD MINIMIZATION.  STRATEGY  1.  CONVERGENCE WHEN EDM .LT. 1.00e-04
 FCN=66.5166 FROM MIGRAD    STATUS=INITIATE      437 CALLS         438 TOTAL
                     EDM= unknown      STRATEGY= 1      NO ERROR MATRIX       
  EXT PARAMETER               CURRENT GUESS       STEP         FIRST   
  NO.   NAME      VALUE            ERROR          SIZE      DERIVATIVE 
   1  N0           3.18973e+06   1.00000e+02   0.00000e+00  -8.24856e-04
   2  tau          6.43945e+01   constant   
   3  A0           3.47817e-01   1.00000e-04   0.00000e+00   1.12240e+03
   4  phi          4.13218e+00   1.00000e-02   0.00000e+00  -7.02009e+02
   5  R           -5.98741e+01   constant   
   6  alpha_CBO    0.00000e+00     fixed    
   7  w_CBO        2.32500e+00   constant   
   8  beta_CBO     0.00000e+00     fixed    
   9  alpha_2CBO   0.00000e+00     fixed    
  10  beta_2CBO    0.00000e+00     fixed    
  11  alpha_y      0.00000e+00     fixed    
  12  w_y          1.38860e+01   constant   
  13  beta_y       0.00000e+00     fixed    
  14  alpha_vw     0.00000e+00     fixed    
  15  w_vw         1.43404e+01   constant   
  16  beta_vw      0.00000e+00     fixed    
  17  LM          -2.15884e-04   constant   
  18  zeta_y       0.00000e+00   constant   
  19  zeta_vw      0.00000e+00   constant   
  20  T_CBO        1.00000e+02   1.00000e+00   0.00000e+00   0.00000e+00
  21  alpha_A0     0.00000e+00   1.00000e-03   0.00000e+00  -6.58793e+00
  22  beta_A0      0.00000e+00   1.00000e-03   0.00000e+00   3.74367e+00
  23  alpha_phi    0.00000e+00   1.00000e-03   0.00000e+00   3.84688e+00
  24  beta_phi     0.00000e+00   1.00000e-03   0.00000e+00   1.10718e+01
 CALL LIMIT EXCEEDED IN MIGRAD.
 MIGRAD TERMINATED WITHOUT CONVERGENCE.
 FCN=60.3369 FROM MIGRAD    STATUS=CALL LIMIT   1332 CALLS        1333 TOTAL
                     EDM=0.000904513    STRATEGY= 1  ERROR MATRIX UNCERTAINTY   1.8 per cent
  EXT PARAMETER                APPROXIMATE        STEP         FIRST   
  NO.   NAME      VALUE            ERROR          SIZE      DERIVATIVE 
   1  N0           3.19118e+06   3.15434e+03   1.83497e+00   5.18809e-06
   2  tau          6.43945e+01   constant   
   3  A0           3.47426e-01   1.25357e-03  -9.20611e-08  -1.32470e+01
   4  phi          4.13686e+00   3.78093e-03   2.19028e-07   1.60437e+00
   5  R           -5.98741e+01   constant   
   6  alpha_CBO    0.00000e+00     fixed    
   7  w_CBO        2.32500e+00   constant   
   8  beta_CBO     0.00000e+00     fixed    
   9  alpha_2CBO   0.00000e+00     fixed    
  10  beta_2CBO    0.00000e+00     fixed    
  11  alpha_y      0.00000e+00     fixed    
  12  w_y          1.38860e+01   constant   
  13  beta_y       0.00000e+00     fixed    
  14  alpha_vw     0.00000e+00     fixed    
  15  w_vw         1.43404e+01   constant   
  16  beta_vw      0.00000e+00     fixed    
  17  LM          -2.15884e-04   constant   
  18  zeta_y       0.00000e+00   constant   
  19  zeta_vw      0.00000e+00   constant   
  20  T_CBO        5.19274e+01   2.12410e+01   3.50177e-04   1.75365e-01
  21  alpha_A0     9.89864e+00   3.04509e+01   4.35365e-02  -4.03736e-04
  22  beta_A0     -8.22246e+00   2.58585e+01  -3.51434e-02  -1.14834e-02
  23  alpha_phi   -6.28819e+00   1.84451e+01  -2.77290e-02   8.69485e-03
  24  beta_phi    -1.60091e+01   5.00529e+01  -7.58533e-02   3.07842e-03
 EXTERNAL ERROR MATRIX.    NDIM=  25    NPAR=  8    ERR DEF=1
  9.950e+06  8.073e-02 -2.249e+00 -9.014e+03  7.888e+03 -6.733e+03 -4.769e+03 -1.302e+04 
  8.073e-02  1.571e-06  2.607e-07  2.969e-03 -3.261e-03  2.790e-03  1.913e-03  5.385e-03 
 -2.249e+00  2.607e-07  1.430e-05  5.453e-04  1.466e-03 -1.248e-03 -8.484e-04 -2.413e-03 
 -9.014e+03  2.969e-03  5.453e-04  4.526e+02 -6.371e+02  5.412e+02  3.857e+02  1.047e+03 
  7.888e+03 -3.261e-03  1.466e-03 -6.371e+02  9.273e+02 -7.873e+02 -5.615e+02 -1.524e+03 
 -6.733e+03  2.790e-03 -1.248e-03  5.412e+02 -7.873e+02  6.687e+02  4.768e+02  1.294e+03 
 -4.769e+03  1.913e-03 -8.484e-04  3.857e+02 -5.615e+02  4.768e+02  3.402e+02  9.231e+02 
 -1.302e+04  5.385e-03 -2.413e-03  1.047e+03 -1.524e+03  1.294e+03  9.231e+02  2.505e+03 
ERR MATRIX APPROXIMATE
 PARAMETER  CORRELATION COEFFICIENTS  
       NO.  GLOBAL      1      3      4     20     21     22     23     24
        1  0.37559   1.000  0.020 -0.189 -0.134  0.082 -0.083 -0.082 -0.082
        3  0.26259   0.020  1.000  0.055  0.111 -0.085  0.086  0.083  0.086
        4  0.20997  -0.189  0.055  1.000  0.007  0.013 -0.013 -0.012 -0.013
       20  0.98741  -0.134  0.111  0.007  1.000 -0.983  0.984  0.983  0.983
       21  0.99995   0.082 -0.085  0.013 -0.983  1.000 -1.000 -1.000 -1.000
       22  0.99992  -0.083  0.086 -0.013  0.984 -1.000  1.000  1.000  1.000
       23  0.99982  -0.082  0.083 -0.012  0.983 -1.000  1.000  1.000  1.000
       24  0.99996  -0.082  0.086 -0.013  0.983 -1.000  1.000  1.000  1.000
 ERR MATRIX APPROXIMATE
MINUIT - FIT ONLY 1-CBO + wiggle
 **********
 **   16 **RES 
 **********
                   PARAMETER   16  beta_vw RESTORED TO VARIABLE.
                   PARAMETER   14  alpha_vw RESTORED TO VARIABLE.
                   PARAMETER   13  beta_y RESTORED TO VARIABLE.
                   PARAMETER   11  alpha_y RESTORED TO VARIABLE.
                   PARAMETER   10  beta_2CBO RESTORED TO VARIABLE.
                   PARAMETER    9  alpha_2CBO RESTORED TO VARIABLE.
                   PARAMETER    8  beta_CBO RESTORED TO VARIABLE.
                   PARAMETER    6  alpha_CBO RESTORED TO VARIABLE.
 **********
 **   17 **FIX            8
 **********
 **********
 **   18 **FIX            9
 **********
 **********
 **   19 **FIX           11
 **********
 **********
 **   20 **FIX           12
 **********
 PARAMETER   12  IS CONSTANT.   IGNORED.
 **********
 **   21 **FIX           14
 **********
 **********
 **   22 **FIX           15
 **********
 PARAMETER   15  IS CONSTANT.   IGNORED.
 **********
 **   23 **FIX           16
 **********
 **********
 **   24 **MIGRAD
 **********
 START MIGRAD MINIMIZATION.  STRATEGY  1.  CONVERGENCE WHEN EDM .LT. 1.00e-04
 FCN=60.3369 FROM MIGRAD    STATUS=INITIATE       28 CALLS        1361 TOTAL
                     EDM= unknown      STRATEGY= 1      NO ERROR MATRIX       
  EXT PARAMETER               CURRENT GUESS       STEP         FIRST   
  NO.   NAME      VALUE            ERROR          SIZE      DERIVATIVE 
   1  N0           3.19118e+06   3.15434e+03   1.83497e+00   5.18809e-06
   2  tau          6.43945e+01   constant   
   3  A0           3.47426e-01   1.25357e-03  -9.20611e-08  -1.32470e+01
   4  phi          4.13686e+00   3.78093e-03   2.19028e-07   1.60437e+00
   5  R           -5.98741e+01   constant   
   6  alpha_CBO    0.00000e+00   1.00000e-03   1.00000e-03  -2.73765e+03
   7  w_CBO        2.32500e+00   constant   
   8  beta_CBO     0.00000e+00     fixed    
   9  alpha_2CBO   0.00000e+00     fixed    
  10  beta_2CBO    0.00000e+00   1.00000e-03   1.00000e-03   1.25832e+03
  11  alpha_y      0.00000e+00     fixed    
  12  w_y          1.38860e+01   constant   
  13  beta_y       0.00000e+00   1.00000e-03   1.00000e-03  -3.19580e+03
  14  alpha_vw     0.00000e+00     fixed    
  15  w_vw         1.43404e+01   constant   
  16  beta_vw      0.00000e+00     fixed    
  17  LM          -2.15884e-04   constant   
  18  zeta_y       0.00000e+00   constant   
  19  zeta_vw      0.00000e+00   constant   
  20  T_CBO        5.19274e+01   2.12410e+01   3.50177e-04   1.75349e-01
  21  alpha_A0     9.89864e+00   3.04509e+01   4.35365e-02  -4.03737e-04
  22  beta_A0     -8.22246e+00   2.58585e+01  -3.51434e-02  -1.14834e-02
  23  alpha_phi   -6.28819e+00   1.84451e+01  -2.77290e-02   8.69485e-03
  24  beta_phi    -1.60091e+01   5.00529e+01  -7.58533e-02   3.07842e-03
 CALL LIMIT EXCEEDED IN MIGRAD.
 MIGRAD TERMINATED WITHOUT CONVERGENCE.
 FCN=51.5107 FROM MIGRAD    STATUS=CALL LIMIT   1918 CALLS        3251 TOTAL
                     EDM=0.00217356    STRATEGY= 1  ERROR MATRIX UNCERTAINTY  20.2 per cent
  EXT PARAMETER                APPROXIMATE        STEP         FIRST   
  NO.   NAME      VALUE            ERROR          SIZE      DERIVATIVE 
   1  N0           3.19123e+06   3.17124e+03  -3.00195e+01  -9.33045e-06
   2  tau          6.43945e+01   constant   
   3  A0           3.47695e-01   1.29881e-03   1.57694e-06  -1.14592e+00
   4  phi          4.13567e+00   3.80044e-03   7.54494e-06  -1.87474e+00
   5  R           -5.98741e+01   constant   
   6  alpha_CBO    2.53923e-03   1.35268e-03  -3.88604e-05  -3.39044e+01
   7  w_CBO        2.32500e+00   constant   
   8  beta_CBO     0.00000e+00     fixed    
   9  alpha_2CBO   0.00000e+00     fixed    
  10  beta_2CBO   -1.00034e-03   1.30957e-03  -3.05926e-06   3.40501e-02
  11  alpha_y      0.00000e+00     fixed    
  12  w_y          1.38860e+01   constant   
  13  beta_y       2.81444e-03   1.35219e-03  -9.65384e-06  -1.09984e+01
  14  alpha_vw     0.00000e+00     fixed    
  15  w_vw         1.43404e+01   constant   
  16  beta_vw      0.00000e+00     fixed    
  17  LM          -2.15884e-04   constant   
  18  zeta_y       0.00000e+00   constant   
  19  zeta_vw      0.00000e+00   constant   
  20  T_CBO        2.54462e+01   7.29346e+00  -2.53942e-03  -7.48682e+00
  21  alpha_A0     1.95977e+04   7.09288e+04   4.40267e+03  -1.64591e-06
  22  beta_A0     -2.18005e+04   7.87849e+04  -4.89010e+03  -3.44483e-06
  23  alpha_phi   -2.15237e+04   7.78816e+04  -4.83419e+03   2.71767e-06
  24  beta_phi    -5.37786e+04   1.94460e+05  -1.20701e+04   1.47503e-06
 EXTERNAL ERROR MATRIX.    NDIM=  25    NPAR= 11    ERR DEF=1
  1.006e+07 
  1.570e-01  1.687e-06 
 -2.177e+00  1.430e-07  1.444e-05 
 -1.081e-01  5.327e-08 -9.207e-07  1.830e-06 
 -2.198e-02 -1.153e-07 -5.210e-08  8.290e-08  1.715e-06 
  3.207e-02  6.564e-11  4.832e-09 -1.005e-07  4.846e-08  1.828e-06 
 -1.099e+03 -1.021e-04  8.337e-04 -4.843e-04 -5.104e-05 -8.287e-05  5.323e+01 
  4.351e+05  2.787e+00 -4.352e+00  1.589e+00 -1.595e-01  1.861e-01 -5.058e+05  5.031e+09 
 -4.855e+05 -3.096e+00  4.837e+00 -1.769e+00  1.771e-01 -2.069e-01  5.618e+05 -5.588e+09  6.207e+09 
 -4.833e+05 -3.061e+00  4.786e+00 -1.747e+00  1.767e-01 -2.047e-01  5.553e+05 -5.524e+09  6.136e+09  6.066e+09 
 -1.199e+06 -7.641e+00  1.194e+01 -4.365e+00  4.392e-01 -5.108e-01  1.387e+06 -1.379e+10  1.532e+10  1.514e+10  3.781e+10 
ERR MATRIX APPROXIMATE
 PARAMETER  CORRELATION COEFFICIENTS  
       NO.  GLOBAL      1      3      4      6     10     13     20     21     22     23     24
        1  0.31610   1.000  0.038 -0.181 -0.025 -0.005  0.007 -0.047  0.002 -0.002 -0.002 -0.002
        3  0.15384   0.038  1.000  0.029  0.030 -0.068  0.000 -0.011  0.030 -0.030 -0.030 -0.030
        4  0.28151  -0.181  0.029  1.000 -0.179 -0.010  0.001  0.030 -0.016  0.016  0.016  0.016
        6  0.29521  -0.025  0.030 -0.179  1.000  0.047 -0.055 -0.049  0.017 -0.017 -0.017 -0.017
       10  0.12405  -0.005 -0.068 -0.010  0.047  1.000  0.027 -0.005 -0.002  0.002  0.002  0.002
       13  0.07780   0.007  0.000  0.001 -0.055  0.027  1.000 -0.008  0.002 -0.002 -0.002 -0.002
       20  0.98188  -0.047 -0.011  0.030 -0.049 -0.005 -0.008  1.000 -0.977  0.977  0.977  0.977
       21  1.00000   0.002  0.030 -0.016  0.017 -0.002  0.002 -0.977  1.000 -1.000 -1.000 -1.000
       22  1.00000  -0.002 -0.030  0.016 -0.017  0.002 -0.002  0.977 -1.000  1.000  1.000  1.000
       23  1.00000  -0.002 -0.030  0.016 -0.017  0.002 -0.002  0.977 -1.000  1.000  1.000  1.000
       24  1.00000  -0.002 -0.030  0.016 -0.017  0.002 -0.002  0.977 -1.000  1.000  1.000  1.000
 ERR MATRIX APPROXIMATE
MINUIT - FIT ONLY 2-CBO
 **********
 **   25 **RES 
 **********
                   PARAMETER   16  beta_vw RESTORED TO VARIABLE.
                   PARAMETER   14  alpha_vw RESTORED TO VARIABLE.
                   PARAMETER   11  alpha_y RESTORED TO VARIABLE.
                   PARAMETER    9  alpha_2CBO RESTORED TO VARIABLE.
                   PARAMETER    8  beta_CBO RESTORED TO VARIABLE.
 **********
 **   26 **FIX            0
 **********
 PARAMETER    0  IS UNDEFINED. IGNORED.
 **********
 **   27 **FIX            1
 **********
 **********
 **   28 **FIX            2
 **********
 PARAMETER    2  IS CONSTANT.   IGNORED.
 **********
 **   29 **FIX            3
 **********
 **********
 **   30 **FIX            4
 **********
 **********
 **   31 **FIX            5
 **********
 PARAMETER    5  IS CONSTANT.   IGNORED.
 **********
 **   32 **FIX            6
 **********
 **********
 **   33 **FIX            7
 **********
 PARAMETER    7  IS CONSTANT.   IGNORED.
 **********
 **   34 **FIX           10
 **********
 **********
 **   35 **FIX           11
 **********
 **********
 **   36 **FIX           12
 **********
 PARAMETER   12  IS CONSTANT.   IGNORED.
 **********
 **   37 **FIX           13
 **********
 **********
 **   38 **FIX           14
 **********
 **********
 **   39 **FIX           15
 **********
 PARAMETER   15  IS CONSTANT.   IGNORED.
 **********
 **   40 **FIX           16
 **********
 **********
 **   41 **MIGRAD
 **********
 START MIGRAD MINIMIZATION.  STRATEGY  1.  CONVERGENCE WHEN EDM .LT. 1.00e-04
 FCN=51.5107 FROM MIGRAD    STATUS=INITIATE       18 CALLS        3269 TOTAL
                     EDM= unknown      STRATEGY= 1      NO ERROR MATRIX       
  EXT PARAMETER               CURRENT GUESS       STEP         FIRST   
  NO.   NAME      VALUE            ERROR          SIZE      DERIVATIVE 
   1  N0           3.19123e+06     fixed    
   2  tau          6.43945e+01   constant   
   3  A0           3.47695e-01     fixed    
   4  phi          4.13567e+00     fixed    
   5  R           -5.98741e+01   constant   
   6  alpha_CBO    2.53923e-03     fixed    
   7  w_CBO        2.32500e+00   constant   
   8  beta_CBO     0.00000e+00   1.00000e-03   1.00000e-03  -2.92235e+03
   9  alpha_2CBO   0.00000e+00   1.00000e-03   1.00000e-03   5.44394e+02
  10  beta_2CBO   -1.00034e-03     fixed    
  11  alpha_y      0.00000e+00     fixed    
  12  w_y          1.38860e+01   constant   
  13  beta_y       2.81444e-03     fixed    
  14  alpha_vw     0.00000e+00     fixed    
  15  w_vw         1.43404e+01   constant   
  16  beta_vw      0.00000e+00     fixed    
  17  LM          -2.15884e-04   constant   
  18  zeta_y       0.00000e+00   constant   
  19  zeta_vw      0.00000e+00   constant   
  20  T_CBO        2.54462e+01   7.29346e+00  -2.53942e-03  -7.48691e+00
  21  alpha_A0     1.95977e+04   7.09288e+04   4.40267e+03  -1.64591e-06
  22  beta_A0     -2.18005e+04   7.87849e+04  -4.89010e+03  -3.44483e-06
  23  alpha_phi   -2.15237e+04   7.78816e+04  -4.83419e+03   2.71767e-06
  24  beta_phi    -5.37786e+04   1.94460e+05  -1.20701e+04   1.47503e-06
 CALL LIMIT EXCEEDED IN MIGRAD.
 MIGRAD TERMINATED WITHOUT CONVERGENCE.
 FCN=47.3664 FROM MIGRAD    STATUS=CALL LIMIT   1154 CALLS        4405 TOTAL
                     EDM=0.0011372    STRATEGY= 1  ERROR MATRIX UNCERTAINTY  26.3 per cent
  EXT PARAMETER                APPROXIMATE        STEP         FIRST   
  NO.   NAME      VALUE            ERROR          SIZE      DERIVATIVE 
   1  N0           3.19123e+06     fixed    
   2  tau          6.43945e+01   constant   
   3  A0           3.47695e-01     fixed    
   4  phi          4.13567e+00     fixed    
   5  R           -5.98741e+01   constant   
   6  alpha_CBO    2.53923e-03     fixed    
   7  w_CBO        2.32500e+00   constant   
   8  beta_CBO     2.66019e-03   1.29462e-03   3.63038e-07   3.72568e+00
   9  alpha_2CBO  -6.64557e-04   1.28104e-03  -1.62647e-06  -1.77611e+01
  10  beta_2CBO   -1.00034e-03     fixed    
  11  alpha_y      0.00000e+00     fixed    
  12  w_y          1.38860e+01   constant   
  13  beta_y       2.81444e-03     fixed    
  14  alpha_vw     0.00000e+00     fixed    
  15  w_vw         1.43404e+01   constant   
  16  beta_vw      0.00000e+00     fixed    
  17  LM          -2.15884e-04   constant   
  18  zeta_y       0.00000e+00   constant   
  19  zeta_vw      0.00000e+00   constant   
  20  T_CBO        1.79921e+01   2.42082e+00   3.74390e-05   7.23784e-01
  21  alpha_A0     1.60469e+07   4.76453e+07   1.02053e+05  -4.60070e-10
  22  beta_A0     -2.18560e+07   6.45877e+07  -1.38038e+05  -9.74994e-10
  23  alpha_phi   -1.80813e+07   5.28573e+07  -1.12325e+05   2.23495e-09
  24  beta_phi    -3.11036e+07   9.15672e+07  -1.95255e+05  -5.75831e-10
 EXTERNAL ERROR MATRIX.    NDIM=  25    NPAR=  7    ERR DEF=1
  1.676e-06 -2.622e-08 -2.785e-04  5.915e+03 -8.027e+03 -6.561e+03 -1.136e+04 
 -2.622e-08  1.641e-06  1.285e-03 -2.474e+04  3.353e+04  2.744e+04  4.753e+04 
 -2.785e-04  1.285e-03  5.861e+00 -1.135e+08  1.538e+08  1.259e+08  2.181e+08 
  5.915e+03 -2.474e+04 -1.135e+08  2.270e+15 -3.077e+15 -2.518e+15 -4.363e+15 
 -8.027e+03  3.353e+04  1.538e+08 -3.077e+15  4.172e+15  3.414e+15  5.914e+15 
 -6.561e+03  2.744e+04  1.259e+08 -2.518e+15  3.414e+15  2.794e+15  4.840e+15 
 -1.136e+04  4.753e+04  2.181e+08 -4.363e+15  5.914e+15  4.840e+15  8.385e+15 
ERR MATRIX APPROXIMATE
 PARAMETER  CORRELATION COEFFICIENTS  
       NO.  GLOBAL      8      9     20     21     22     23     24
        8  0.23072   1.000 -0.016 -0.089  0.096 -0.096 -0.096 -0.096
        9  0.45053  -0.016  1.000  0.414 -0.405  0.405  0.405  0.405
       20  0.98585  -0.089  0.414  1.000 -0.984  0.984  0.984  0.984
       21  1.00000   0.096 -0.405 -0.984  1.000 -1.000 -1.000 -1.000
       22  1.00000  -0.096  0.405  0.984 -1.000  1.000  1.000  1.000
       23  1.00000  -0.096  0.405  0.984 -1.000  1.000  1.000  1.000
       24  1.00000  -0.096  0.405  0.984 -1.000  1.000  1.000  1.000
 ERR MATRIX APPROXIMATE
MINUIT - FIT wiggle + 1-CBO + 2-CBO
 **********
 **   42 **RES 
 **********
                   PARAMETER   16  beta_vw RESTORED TO VARIABLE.
                   PARAMETER   14  alpha_vw RESTORED TO VARIABLE.
                   PARAMETER   13  beta_y RESTORED TO VARIABLE.
                   PARAMETER   11  alpha_y RESTORED TO VARIABLE.
                   PARAMETER   10  beta_2CBO RESTORED TO VARIABLE.
                   PARAMETER    6  alpha_CBO RESTORED TO VARIABLE.
                   PARAMETER    4  phi RESTORED TO VARIABLE.
                   PARAMETER    3  A0 RESTORED TO VARIABLE.
                   PARAMETER    1  N0 RESTORED TO VARIABLE.
 **********
 **   43 **FIX           10
 **********
 **********
 **   44 **FIX           11
 **********
 **********
 **   45 **FIX           12
 **********
 PARAMETER   12  IS CONSTANT.   IGNORED.
 **********
 **   46 **FIX           13
 **********
 **********
 **   47 **FIX           14
 **********
 **********
 **   48 **FIX           15
 **********
 PARAMETER   15  IS CONSTANT.   IGNORED.
 **********
 **   49 **FIX           16
 **********
 **********
 **   50 **MIGRAD
 **********
 START MIGRAD MINIMIZATION.  STRATEGY  1.  CONVERGENCE WHEN EDM .LT. 1.00e-04
 FCN=47.3664 FROM MIGRAD    STATUS=INITIATE       51 CALLS        4456 TOTAL
                     EDM= unknown      STRATEGY= 1      NO ERROR MATRIX       
  EXT PARAMETER               CURRENT GUESS       STEP         FIRST   
  NO.   NAME      VALUE            ERROR          SIZE      DERIVATIVE 
   1  N0           3.19123e+06   3.17124e+03   0.00000e+00  -6.84135e-05
   2  tau          6.43945e+01   constant   
   3  A0           3.47695e-01   1.29881e-03   0.00000e+00  -8.44879e+02
   4  phi          4.13567e+00   3.80044e-03   0.00000e+00  -1.08327e+01
   5  R           -5.98741e+01   constant   
   6  alpha_CBO    2.53923e-03   1.35268e-03   0.00000e+00   1.57143e+01
   7  w_CBO        2.32500e+00   constant   
   8  beta_CBO     2.66019e-03   1.29462e-03   0.00000e+00   3.97151e+00
   9  alpha_2CBO  -6.64557e-04   1.28104e-03   0.00000e+00  -1.77009e+01
  10  beta_2CBO   -1.00034e-03     fixed    
  11  alpha_y      0.00000e+00     fixed    
  12  w_y          1.38860e+01   constant   
  13  beta_y       2.81444e-03     fixed    
  14  alpha_vw     0.00000e+00     fixed    
  15  w_vw         1.43404e+01   constant   
  16  beta_vw      0.00000e+00     fixed    
  17  LM          -2.15884e-04   constant   
  18  zeta_y       0.00000e+00   constant   
  19  zeta_vw      0.00000e+00   constant   
  20  T_CBO        1.79921e+01   2.42082e+00   0.00000e+00   5.02713e-01
  21  alpha_A0     1.60469e+07   4.76453e+07   0.00000e+00  -4.58792e-10
  22  beta_A0     -2.18364e+07   6.45877e+07   1.96706e+04  -9.09326e-10
  23  alpha_phi   -1.80813e+07   5.28573e+07   0.00000e+00   2.23174e-09
  24  beta_phi    -3.11036e+07   9.15672e+07   0.00000e+00  -5.76952e-10
 CALL LIMIT EXCEEDED IN MIGRAD.
 MIGRAD TERMINATED WITHOUT CONVERGENCE.
 FCN=46.8982 FROM MIGRAD    STATUS=CALL LIMIT   1910 CALLS        6315 TOTAL
                     EDM=0.00205471    STRATEGY= 1  ERROR MATRIX UNCERTAINTY  64.9 per cent
  EXT PARAMETER                APPROXIMATE        STEP         FIRST   
  NO.   NAME      VALUE            ERROR          SIZE      DERIVATIVE 
   1  N0           3.19163e+06   3.16739e+03  -1.04974e+02  -8.55352e-06
   2  tau          6.43945e+01   constant   
   3  A0           3.48541e-01   1.34662e-03  -5.84833e-06   6.87320e+00
   4  phi          4.13557e+00   3.74010e-03  -1.22452e-04  -4.97946e+00
   5  R           -5.98741e+01   constant   
   6  alpha_CBO    2.53033e-03   1.38405e-03   1.08403e-05  -2.15035e+00
   7  w_CBO        2.32500e+00   constant   
   8  beta_CBO     2.87918e-03   1.35041e-03  -1.45065e-05  -7.68699e-01
   9  alpha_2CBO  -6.49925e-04   1.38257e-03  -9.44793e-06   2.90230e-01
  10  beta_2CBO   -1.00034e-03     fixed    
  11  alpha_y      0.00000e+00     fixed    
  12  w_y          1.38860e+01   constant   
  13  beta_y       2.81444e-03     fixed    
  14  alpha_vw     0.00000e+00     fixed    
  15  w_vw         1.43404e+01   constant   
  16  beta_vw      0.00000e+00     fixed    
  17  LM          -2.15884e-04   constant   
  18  zeta_y       0.00000e+00   constant   
  19  zeta_vw      0.00000e+00   constant   
  20  T_CBO        1.42197e+01   1.46801e+00  -2.92161e-04  -1.66682e+01
  21  alpha_A0     5.84797e+09   1.53552e+10   4.06644e+08  -1.53483e-11
  22  beta_A0     -8.28750e+09   2.09178e+10  -5.53162e+08  -7.80702e-13
  23  alpha_phi   -8.28765e+09   2.08738e+10  -5.51957e+08   2.42693e-12
  24  beta_phi    -1.16595e+10   2.92551e+10  -7.73519e+08  -1.17704e-12
 EXTERNAL ERROR MATRIX.    NDIM=  25    NPAR= 11    ERR DEF=1
  1.003e+07 
  9.045e-02  1.813e-06 
 -1.912e+00  1.711e-07  1.399e-05 
 -1.023e-01  4.615e-08 -8.733e-07  1.916e-06 
  1.516e-01  4.181e-07  2.973e-07 -2.895e-08  1.824e-06 
  1.307e-01 -3.971e-08  2.719e-07 -1.161e-07 -7.761e-08  1.912e-06 
  6.103e+02  9.558e-05  9.721e-04 -8.050e-05  1.255e-04  1.141e-04  2.155e+00 
 -1.022e+13 -1.623e+05 -1.153e+07  8.072e+05 -1.224e+06 -1.101e+06 -2.215e+10  2.358e+20 
  1.386e+13  2.143e+05  1.566e+07 -1.102e+06  1.655e+06  1.481e+06  3.019e+10 -3.212e+20  4.376e+20 
  1.382e+13  2.093e+05  1.563e+07 -1.096e+06  1.654e+06  1.478e+06  3.013e+10 -3.205e+20  4.366e+20  4.357e+20 
  1.938e+13  3.009e+05  2.188e+07 -1.542e+06  2.325e+06  2.065e+06  4.223e+10 -4.492e+20  6.120e+20  6.107e+20  8.559e+20 
ERR MATRIX APPROXIMATE
 PARAMETER  CORRELATION COEFFICIENTS  
       NO.  GLOBAL      1      3      4      6      8      9     20     21     22     23     24
        1  0.59691   1.000  0.021 -0.161 -0.023  0.035  0.030  0.131 -0.210  0.209  0.209  0.209
        3  0.48147   0.021  1.000  0.034  0.025  0.230 -0.021  0.048 -0.008  0.008  0.007  0.008
        4  0.43033  -0.161  0.034  1.000 -0.169  0.059  0.053  0.177 -0.201  0.200  0.200  0.200
        6  0.22686  -0.023  0.025 -0.169  1.000 -0.015 -0.061 -0.040  0.038 -0.038 -0.038 -0.038
        8  0.32829   0.035  0.230  0.059 -0.015  1.000 -0.042  0.063 -0.059  0.059  0.059  0.059
        9  0.29043   0.030 -0.021  0.053 -0.061 -0.042  1.000  0.056 -0.052  0.051  0.051  0.051
       20  0.99488   0.131  0.048  0.177 -0.040  0.063  0.056  1.000 -0.982  0.983  0.983  0.983
       21  0.99999  -0.210 -0.008 -0.201  0.038 -0.059 -0.052 -0.982  1.000 -1.000 -1.000 -1.000
       22  1.00000   0.209  0.008  0.200 -0.038  0.059  0.051  0.983 -1.000  1.000  1.000  1.000
       23  1.00000   0.209  0.007  0.200 -0.038  0.059  0.051  0.983 -1.000  1.000  1.000  1.000
       24  1.00000   0.209  0.008  0.200 -0.038  0.059  0.051  0.983 -1.000  1.000  1.000  1.000
 ERR MATRIX APPROXIMATE
MINUIT - FIT ONLY 1-y
 **********
 **   51 **RES 
 **********
                   PARAMETER   16  beta_vw RESTORED TO VARIABLE.
                   PARAMETER   14  alpha_vw RESTORED TO VARIABLE.
                   PARAMETER   13  beta_y RESTORED TO VARIABLE.
                   PARAMETER   11  alpha_y RESTORED TO VARIABLE.
                   PARAMETER   10  beta_2CBO RESTORED TO VARIABLE.
 **********
 **   52 **FIX            0
 **********
 PARAMETER    0  IS UNDEFINED. IGNORED.
 **********
 **   53 **FIX            1
 **********
 **********
 **   54 **FIX            2
 **********
 PARAMETER    2  IS CONSTANT.   IGNORED.
 **********
 **   55 **FIX            3
 **********
 **********
 **   56 **FIX            4
 **********
 **********
 **   57 **FIX            5
 **********
 PARAMETER    5  IS CONSTANT.   IGNORED.
 **********
 **   58 **FIX            6
 **********
 **********
 **   59 **FIX            7
 **********
 PARAMETER    7  IS CONSTANT.   IGNORED.
 **********
 **   60 **FIX            8
 **********
 **********
 **   61 **FIX            9
 **********
 **********
 **   62 **FIX           13
 **********
 **********
 **   63 **FIX           14
 **********
 **********
 **   64 **FIX           15
 **********
 PARAMETER   15  IS CONSTANT.   IGNORED.
 **********
 **   65 **FIX           16
 **********
 **********
 **   66 **MIGRAD
 **********
 START MIGRAD MINIMIZATION.  STRATEGY  1.  CONVERGENCE WHEN EDM .LT. 1.00e-04
 FCN=46.8981 FROM MIGRAD    STATUS=INITIATE       37 CALLS        6352 TOTAL
                     EDM= unknown      STRATEGY= 1      NO ERROR MATRIX       
  EXT PARAMETER               CURRENT GUESS       STEP         FIRST   
  NO.   NAME      VALUE            ERROR          SIZE      DERIVATIVE 
   1  N0           3.19163e+06     fixed    
   2  tau          6.43945e+01   constant   
   3  A0           3.48541e-01     fixed    
   4  phi          4.13557e+00     fixed    
   5  R           -5.98741e+01   constant   
   6  alpha_CBO    2.53033e-03     fixed    
   7  w_CBO        2.32500e+00   constant   
   8  beta_CBO     2.87918e-03     fixed    
   9  alpha_2CBO  -6.49925e-04     fixed    
  10  beta_2CBO   -1.00034e-03   1.30957e-03   0.00000e+00   1.05187e+02
  11  alpha_y      0.00000e+00   1.00000e-03   0.00000e+00  -8.57001e+02
  12  w_y          1.38860e+01   constant   
  13  beta_y       2.81444e-03     fixed    
  14  alpha_vw     0.00000e+00     fixed    
  15  w_vw         1.43404e+01   constant   
  16  beta_vw      0.00000e+00     fixed    
  17  LM          -2.15884e-04   constant   
  18  zeta_y       0.00000e+00   constant   
  19  zeta_vw      0.00000e+00   constant   
  20  T_CBO        1.42197e+01   1.46801e+00   0.00000e+00  -1.65628e+01
  21  alpha_A0     5.85076e+09   1.53552e+10   2.78853e+06  -1.52715e-11
  22  beta_A0     -8.28750e+09   2.09178e+10   0.00000e+00  -7.76637e-13
  23  alpha_phi   -8.28765e+09   2.08738e+10   0.00000e+00   2.42556e-12
  24  beta_phi    -1.16595e+10   2.92551e+10   0.00000e+00  -1.18051e-12
 MIGRAD MINIMIZATION HAS CONVERGED.
 MIGRAD WILL VERIFY CONVERGENCE AND ERROR MATRIX.
 COVARIANCE MATRIX CALCULATED SUCCESSFULLY
 FCN=46.563 FROM MIGRAD    STATUS=CONVERGED     199 CALLS        6514 TOTAL
                     EDM=1.87315e-08    STRATEGY= 1      ERROR MATRIX ACCURATE 
  EXT PARAMETER                                   STEP         FIRST   
  NO.   NAME      VALUE            ERROR          SIZE      DERIVATIVE 
   1  N0           3.19163e+06     fixed    
   2  tau          6.43945e+01   constant   
   3  A0           3.48541e-01     fixed    
   4  phi          4.13557e+00     fixed    
   5  R           -5.98741e+01   constant   
   6  alpha_CBO    2.53033e-03     fixed    
   7  w_CBO        2.32500e+00   constant   
   8  beta_CBO     2.87918e-03     fixed    
   9  alpha_2CBO  -6.49925e-04     fixed    
  10  beta_2CBO   -1.08784e-03   1.32875e-03   4.47098e-06  -9.86316e-02
  11  alpha_y      7.60420e-04   1.33262e-03   4.48684e-06  -9.93625e-03
  12  w_y          1.38860e+01   constant   
  13  beta_y       2.81444e-03     fixed    
  14  alpha_vw     0.00000e+00     fixed    
  15  w_vw         1.43404e+01   constant   
  16  beta_vw      0.00000e+00     fixed    
  17  LM          -2.15884e-04   constant   
  18  zeta_y       0.00000e+00   constant   
  19  zeta_vw      0.00000e+00   constant   
  20  T_CBO        1.42121e+01   2.45021e-01   6.96480e-06   6.61783e-02
  21  alpha_A0     6.47674e+09   1.41421e+00   3.08835e+03  -1.42106e-13
  22  beta_A0     -8.25843e+09   1.41421e+00   3.93793e+03   2.23776e-12
  23  alpha_phi   -8.73757e+09   1.41421e+00   4.16640e+03  -9.93062e-15
  24  beta_phi    -1.17825e+10   1.41421e+00   5.61835e+03   5.93262e-15
 EXTERNAL ERROR MATRIX.    NDIM=  25    NPAR=  7    ERR DEF=1
  1.766e-06  2.565e-08 -1.207e-05  2.060e-14 -3.824e-14  4.498e-14  4.763e-15 
  2.565e-08  1.776e-06  3.261e-06 -9.640e-16 -2.309e-16 -4.591e-15  3.093e-15 
 -1.207e-05  3.261e-06  6.004e-02 -2.255e-11  2.293e-11  2.251e-11  4.090e-11 
  2.060e-14 -9.640e-16 -2.255e-11  2.000e+00  2.396e-18 -1.684e-20 -3.408e-20 
 -3.824e-14 -2.309e-16  2.293e-11  2.396e-18  2.000e+00 -4.471e-21  8.307e-21 
  4.498e-14 -4.591e-15  2.251e-11 -1.684e-20 -4.471e-21  2.000e+00  1.731e-21 
  4.763e-15  3.093e-15  4.090e-11 -3.408e-20  8.307e-21  1.731e-21  2.000e+00 
 PARAMETER  CORRELATION COEFFICIENTS  
       NO.  GLOBAL     10     11     20     21     22     23     24
       10  0.03993   1.000  0.014 -0.037  0.000 -0.000  0.000  0.000
       11  0.01791   0.014  1.000  0.010 -0.000 -0.000 -0.000  0.000
       20  0.03853  -0.037  0.010  1.000 -0.000  0.000  0.000  0.000
       21  0.00000   0.000 -0.000 -0.000  1.000  0.000 -0.000 -0.000
       22  0.00000  -0.000 -0.000  0.000  0.000  1.000 -0.000  0.000
       23  0.00000   0.000 -0.000  0.000 -0.000 -0.000  1.000  0.000
       24  0.00000   0.000  0.000  0.000 -0.000  0.000  0.000  1.000
MINUIT - FIT ONLY 2-y
 **********
 **   67 **RES 
 **********
                   PARAMETER   16  beta_vw RESTORED TO VARIABLE.
                   PARAMETER   14  alpha_vw RESTORED TO VARIABLE.
                   PARAMETER   13  beta_y RESTORED TO VARIABLE.
                   PARAMETER    9  alpha_2CBO RESTORED TO VARIABLE.
                   PARAMETER    8  beta_CBO RESTORED TO VARIABLE.
                   PARAMETER    6  alpha_CBO RESTORED TO VARIABLE.
                   PARAMETER    4  phi RESTORED TO VARIABLE.
                   PARAMETER    3  A0 RESTORED TO VARIABLE.
                   PARAMETER    1  N0 RESTORED TO VARIABLE.
 **********
 **   68 **FIX            0
 **********
 PARAMETER    0  IS UNDEFINED. IGNORED.
 **********
 **   69 **FIX            1
 **********
 **********
 **   70 **FIX            2
 **********
 PARAMETER    2  IS CONSTANT.   IGNORED.
 **********
 **   71 **FIX            3
 **********
 **********
 **   72 **FIX            4
 **********
 **********
 **   73 **FIX            5
 **********
 PARAMETER    5  IS CONSTANT.   IGNORED.
 **********
 **   74 **FIX            6
 **********
 **********
 **   75 **FIX            7
 **********
 PARAMETER    7  IS CONSTANT.   IGNORED.
 **********
 **   76 **FIX            8
 **********
 **********
 **   77 **FIX            9
 **********
 **********
 **   78 **FIX           10
 **********
 **********
 **   79 **FIX           11
 **********
 **********
 **   80 **FIX           12
 **********
 PARAMETER   12  IS CONSTANT.   IGNORED.
 **********
 **   81 **FIX           16
 **********
 **********
 **   82 **MIGRAD
 **********
 START MIGRAD MINIMIZATION.  STRATEGY  1.  CONVERGENCE WHEN EDM .LT. 1.00e-04
 FCN=46.563 FROM MIGRAD    STATUS=INITIATE      104 CALLS        6618 TOTAL
                     EDM= unknown      STRATEGY= 1      NO ERROR MATRIX       
  EXT PARAMETER               CURRENT GUESS       STEP         FIRST   
  NO.   NAME      VALUE            ERROR          SIZE      DERIVATIVE 
   1  N0           3.19163e+06     fixed    
   2  tau          6.43945e+01   constant   
   3  A0           3.48541e-01     fixed    
   4  phi          4.13557e+00     fixed    
   5  R           -5.98741e+01   constant   
   6  alpha_CBO    2.53033e-03     fixed    
   7  w_CBO        2.32500e+00   constant   
   8  beta_CBO     2.87918e-03     fixed    
   9  alpha_2CBO  -6.49925e-04     fixed    
  10  beta_2CBO   -1.08784e-03     fixed    
  11  alpha_y      7.60420e-04     fixed    
  12  w_y          1.38860e+01   constant   
  13  beta_y       2.81444e-03   1.35219e-03   0.00000e+00   1.78102e+01
  14  alpha_vw     0.00000e+00   1.00000e-03   0.00000e+00  -4.14510e+02
  15  w_vw         1.43404e+01   constant   
  16  beta_vw      0.00000e+00     fixed    
  17  LM          -2.15884e-04   constant   
  18  zeta_y       0.00000e+00   constant   
  19  zeta_vw      0.00000e+00   constant   
  20  T_CBO        1.42121e+01   2.45021e-01   0.00000e+00   4.89650e-01
  21  alpha_A0     6.48233e+09   1.41421e+00   7.51796e+03   4.45150e-15
  22  beta_A0     -8.26237e+09   1.41421e+00   0.00000e+00   2.14133e-12
  23  alpha_phi   -8.73757e+09   1.41421e+00   0.00000e+00  -7.87219e-15
  24  beta_phi    -1.17825e+10   1.41421e+00   0.00000e+00  -1.00542e-15
 MIGRAD MINIMIZATION HAS CONVERGED.
 MIGRAD WILL VERIFY CONVERGENCE AND ERROR MATRIX.
 COVARIANCE MATRIX CALCULATED SUCCESSFULLY
 FCN=46.4855 FROM MIGRAD    STATUS=CONVERGED     201 CALLS        6715 TOTAL
                     EDM=6.5007e-07    STRATEGY= 1      ERROR MATRIX ACCURATE 
  EXT PARAMETER                                   STEP         FIRST   
  NO.   NAME      VALUE            ERROR          SIZE      DERIVATIVE 
   1  N0           3.19163e+06     fixed    
   2  tau          6.43945e+01   constant   
   3  A0           3.48541e-01     fixed    
   4  phi          4.13557e+00     fixed    
   5  R           -5.98741e+01   constant   
   6  alpha_CBO    2.53033e-03     fixed    
   7  w_CBO        2.32500e+00   constant   
   8  beta_CBO     2.87918e-03     fixed    
   9  alpha_2CBO  -6.49925e-04     fixed    
  10  beta_2CBO   -1.08784e-03     fixed    
  11  alpha_y      7.60420e-04     fixed    
  12  w_y          1.38860e+01   constant   
  13  beta_y       2.81514e-03   1.34626e-03   4.52500e-06   5.77357e-01
  14  alpha_vw     3.73937e-04   1.34438e-03   4.51896e-06  -2.29541e-02
  15  w_vw         1.43404e+01   constant   
  16  beta_vw      0.00000e+00     fixed    
  17  LM          -2.15884e-04   constant   
  18  zeta_y       0.00000e+00   constant   
  19  zeta_vw      0.00000e+00   constant   
  20  T_CBO        1.42121e+01   2.44471e-01   6.93361e-06   3.98578e-01
  21  alpha_A0     6.48175e+09   1.41421e+00   3.09074e+03   8.23472e-13
  22  beta_A0     -8.26484e+09   1.41421e+00   3.94098e+03   2.48293e-12
  23  alpha_phi   -8.74059e+09   1.41421e+00   4.16784e+03   1.27567e-13
  24  beta_phi    -1.18163e+10   1.41421e+00   5.63446e+03   1.53539e-13
 EXTERNAL ERROR MATRIX.    NDIM=  25    NPAR=  7    ERR DEF=1
  1.812e-06  7.858e-08  5.139e-06 -7.550e-15 -2.337e-16 -2.827e-15 -1.971e-15 
  7.858e-08  1.807e-06  3.665e-06 -5.554e-15 -5.598e-16  2.487e-16 -2.915e-15 
  5.139e-06  3.665e-06  5.977e-02 -2.216e-11  2.259e-11  2.273e-11  4.087e-11 
 -7.550e-15 -5.554e-15 -2.216e-11  2.000e+00 -2.911e-18  2.799e-20  1.180e-20 
 -2.337e-16 -5.598e-16  2.259e-11 -2.911e-18  2.000e+00  2.676e-20  5.066e-20 
 -2.827e-15  2.487e-16  2.273e-11  2.799e-20  2.676e-20  2.000e+00  1.556e-20 
 -1.971e-15 -2.915e-15  4.087e-11  1.180e-20  5.066e-20  1.556e-20  2.000e+00 
 PARAMETER  CORRELATION COEFFICIENTS  
       NO.  GLOBAL     13     14     20     21     22     23     24
       13  0.04598   1.000  0.043  0.016 -0.000 -0.000 -0.000 -0.000
       14  0.04466   0.043  1.000  0.011 -0.000 -0.000  0.000 -0.000
       20  0.01881   0.016  0.011  1.000 -0.000  0.000  0.000  0.000
       21  0.00000  -0.000 -0.000 -0.000  1.000 -0.000  0.000  0.000
       22  0.00000  -0.000 -0.000  0.000 -0.000  1.000  0.000  0.000
       23  0.00000  -0.000  0.000  0.000  0.000  0.000  1.000  0.000
