 + ++++++++++++++++++++++++++++++++++++++++++++++++++++++++++++++++++++ +
 +                                                                      +
 +           You have chose to blind your fitting according to          +
 +                omega_ref * (1 + (R +/- deltaR) *10^{-6})             +
 +                                                                      +
 + ++++++++++++++++++++++++++++++++++++++++++++++++++++++++++++++++++++ +
In main()...
reading format from /gm2data/zkhechad/run45/envelope/formats/formatB_sBin_constraintOn.txt
pBinTau 	= 0  
pBinPhi 	= 0  
constraintau 	= 1 
includeMopTerm 	= 0    
constrainMop    = 0   
Parameters after format file: pBinTau 0 pBinPhi 0 constraintau 1 includeMopTerm 0 constrainMop 0 c_e_scale 0.000000 
Opening file /gm2data/tbarrett/gm2fr/studies/run23_bunch_corrections/CorrectedFourier_Run3b.root.
reading full fit data from /gm2data/zkhechad/cboTemplates/Run4CBOTemplates/fullFits/noRF/sBin_constraintOn_cE0.0_seed0_noRF_calo13.root
windowBins = 69
fitting sliding window 770 from bin 906 at 135.026000 to bin 975 at 145.470000 (69 bins)

Reading data from /gm2data/cornell/histograms/aMethod/histogram_a_noRF.root
 **********
 **    1 **SET PRINTOUT            1
 **********
 **********
 **    2 **SET NOWARNINGS 
 **********
 PARAMETER DEFINITIONS:
    NO.   NAME         VALUE      STEP SIZE      LIMITS
     1 N0           3.45227e+06  1.00000e+02     no limits
     2 tau          6.44025e+01  constant
     3 A0           3.52708e-01  1.00000e-04     no limits
     4 phi          4.13064e+00  1.00000e-02     no limits
     5 R           -6.08848e+01  constant
     6 alpha_CBO    0.00000e+00  1.00000e-03     no limits
     7 w_CBO        2.32500e+00  constant
     8 beta_CBO     0.00000e+00  1.00000e-03     no limits
     9 alpha_2CBO   0.00000e+00  1.00000e-03     no limits
    10 beta_2CBO    0.00000e+00  1.00000e-03     no limits
    11 alpha_y      0.00000e+00  1.00000e-03     no limits
    12 w_y          1.38860e+01  constant
    13 beta_y       0.00000e+00  1.00000e-03     no limits
    14 alpha_vw     0.00000e+00  1.00000e-03     no limits
    15 w_vw         1.43404e+01  constant
    16 beta_vw      0.00000e+00  1.00000e-03     no limits
    17 LM          -3.36503e-05  constant
    18 zeta_y       0.00000e+00  constant
    19 zeta_vw      0.00000e+00  constant
    20 T_CBO        1.00000e+02  1.00000e+00    0.00000e+00  1.00000e+03
    21 alpha_A0     0.00000e+00  1.00000e-04   -1.00000e-02  1.00000e-02
    22 beta_A0      0.00000e+00  1.00000e-04   -1.00000e-02  1.00000e-02
    23 alpha_phi    0.00000e+00  1.00000e-04   -1.00000e-02  1.00000e-02
    24 beta_phi     0.00000e+00  1.00000e-04   -1.00000e-02  1.00000e-02
MINUIT - FIT ONLY WIGGLE
 **********
 **    3 **FIX            5
 **********
 PARAMETER    5  IS CONSTANT.   IGNORED.
 **********
 **    4 **FIX            6
 **********
 **********
 **    5 **FIX            7
 **********
 PARAMETER    7  IS CONSTANT.   IGNORED.
 **********
 **    6 **FIX            8
 **********
 **********
 **    7 **FIX            9
 **********
 **********
 **    8 **FIX           10
 **********
 **********
 **    9 **FIX           11
 **********
 **********
 **   10 **FIX           12
 **********
 PARAMETER   12  IS CONSTANT.   IGNORED.
 **********
 **   11 **FIX           13
 **********
 **********
 **   12 **FIX           14
 **********
 **********
 **   13 **FIX           15
 **********
 PARAMETER   15  IS CONSTANT.   IGNORED.
 **********
 **   14 **FIX           16
 **********
 **********
 **   15 **MIGRAD
 **********
 FIRST CALL TO USER FUNCTION AT NEW START POINT, WITH IFLAG=4.
 START MIGRAD MINIMIZATION.  STRATEGY  1.  CONVERGENCE WHEN EDM .LT. 1.00e-04
 FCN=1542.57 FROM MIGRAD    STATUS=INITIATE      437 CALLS         438 TOTAL
                     EDM= unknown      STRATEGY= 1      NO ERROR MATRIX       
  EXT PARAMETER               CURRENT GUESS       STEP         FIRST   
  NO.   NAME      VALUE            ERROR          SIZE      DERIVATIVE 
   1  N0           3.45227e+06   1.00000e+02   0.00000e+00  -1.56318e-04
   2  tau          6.44025e+01   constant   
   3  A0           3.52708e-01   1.00000e-04   0.00000e+00  -4.54402e+04
   4  phi          4.13064e+00   1.00000e-02   0.00000e+00   9.64816e+03
   5  R           -6.08848e+01   constant   
   6  alpha_CBO    0.00000e+00     fixed    
   7  w_CBO        2.32500e+00   constant   
   8  beta_CBO     0.00000e+00     fixed    
   9  alpha_2CBO   0.00000e+00     fixed    
  10  beta_2CBO    0.00000e+00     fixed    
  11  alpha_y      0.00000e+00     fixed    
  12  w_y          1.38860e+01   constant   
  13  beta_y       0.00000e+00     fixed    
  14  alpha_vw     0.00000e+00     fixed    
  15  w_vw         1.43404e+01   constant   
  16  beta_vw      0.00000e+00     fixed    
  17  LM          -3.36503e-05   constant   
  18  zeta_y       0.00000e+00   constant   
  19  zeta_vw      0.00000e+00   constant   
  20  T_CBO        1.00000e+02   1.00000e+00   0.00000e+00   0.00000e+00
  21  alpha_A0     0.00000e+00   1.00000e-04   0.00000e+00   1.67191e+00
  22  beta_A0      0.00000e+00   1.00000e-04   0.00000e+00  -3.24989e+00
  23  alpha_phi    0.00000e+00   1.00000e-04   0.00000e+00  -4.14067e+00
  24  beta_phi     0.00000e+00   1.00000e-04   0.00000e+00  -6.92410e+01
 MIGRAD MINIMIZATION HAS CONVERGED.
 FCN=1450 FROM MIGRAD    STATUS=CONVERGED     609 CALLS         610 TOTAL
                     EDM=4.4834e-07    STRATEGY= 1  ERROR MATRIX UNCERTAINTY   2.1 per cent
  EXT PARAMETER                                   STEP         FIRST   
  NO.   NAME      VALUE            ERROR          SIZE      DERIVATIVE 
   1  N0           3.45288e+06   4.63991e+02  -1.94318e+00   5.36159e-07
   2  tau          6.44025e+01   constant   
   3  A0           3.53150e-01   1.56700e-04  -3.44526e-07   3.80788e+00
   4  phi          4.12933e+00   4.85167e-04  -9.25992e-07  -3.10338e-02
   5  R           -6.08848e+01   constant   
   6  alpha_CBO    0.00000e+00     fixed    
   7  w_CBO        2.32500e+00   constant   
   8  beta_CBO     0.00000e+00     fixed    
   9  alpha_2CBO   0.00000e+00     fixed    
  10  beta_2CBO    0.00000e+00     fixed    
  11  alpha_y      0.00000e+00     fixed    
  12  w_y          1.38860e+01   constant   
  13  beta_y       0.00000e+00     fixed    
  14  alpha_vw     0.00000e+00     fixed    
  15  w_vw         1.43404e+01   constant   
  16  beta_vw      0.00000e+00     fixed    
  17  LM          -3.36503e-05   constant   
  18  zeta_y       0.00000e+00   constant   
  19  zeta_vw      0.00000e+00   constant   
  20  T_CBO        2.29932e+02   3.62524e+01   1.15896e-04   1.06800e-02
  21  alpha_A0    -1.44479e-03   1.31321e-03  -1.45319e-04   2.04574e-03
  22  beta_A0      1.37875e-03   1.27657e-03   5.37760e-04   3.28194e-04
  23  alpha_phi    6.04468e-04   1.12220e-03  -9.66264e-05  -4.33257e-03
  24  beta_phi     9.87444e-03   3.97995e-04  -2.91411e-04   2.64814e-03
 EXTERNAL ERROR MATRIX.    NDIM=  25    NPAR=  8    ERR DEF=1
  2.153e+05  1.020e-02 -6.008e-03  1.243e+03 -8.588e-02 -9.595e-02 -8.473e-02  1.556e-02 
  1.020e-02  2.455e-08  2.648e-09 -6.936e-04  1.298e-08 -1.926e-08  1.215e-08  1.347e-09 
 -6.008e-03  2.648e-09  2.354e-07 -4.847e-04  9.028e-08 -6.570e-08  2.775e-08  7.555e-09 
  1.243e+03 -6.936e-04 -4.847e-04  1.318e+03  7.679e-04 -2.336e-03 -1.308e-03 -2.848e-03 
 -8.588e-02  1.298e-08  9.028e-08  7.679e-04  1.735e-06 -2.146e-07  4.841e-08 -7.366e-09 
 -9.595e-02 -1.926e-08 -6.570e-08 -2.336e-03 -2.146e-07  1.639e-06 -5.228e-08 -1.050e-08 
 -8.473e-02  1.215e-08  2.775e-08 -1.308e-03  4.841e-08 -5.228e-08  1.265e-06 -2.614e-08 
  1.556e-02  1.347e-09  7.555e-09 -2.848e-03 -7.366e-09 -1.050e-08 -2.614e-08  1.619e-07 
 PARAMETER  CORRELATION COEFFICIENTS  
       NO.  GLOBAL      1      3      4     20     21     22     23     24
        1  0.33742   1.000  0.140 -0.027  0.074 -0.141 -0.162 -0.162  0.083
        3  0.23881   0.140  1.000  0.035 -0.122  0.063 -0.096  0.069  0.021
        4  0.18034  -0.027  0.035  1.000 -0.028  0.141 -0.106  0.051  0.039
       20  0.26044   0.074 -0.122 -0.028  1.000  0.016 -0.050 -0.032 -0.195
       21  0.25205  -0.141  0.063  0.141  0.016  1.000 -0.127  0.033 -0.014
       22  0.25635  -0.162 -0.096 -0.106 -0.050 -0.127  1.000 -0.036 -0.020
       23  0.20554  -0.162  0.069  0.051 -0.032  0.033 -0.036  1.000 -0.058
       24  0.22789   0.083  0.021  0.039 -0.195 -0.014 -0.020 -0.058  1.000
MINUIT - FIT ONLY 1-CBO + wiggle
 **********
 **   16 **RES 
 **********
                   PARAMETER   16  beta_vw RESTORED TO VARIABLE.
                   PARAMETER   14  alpha_vw RESTORED TO VARIABLE.
                   PARAMETER   13  beta_y RESTORED TO VARIABLE.
                   PARAMETER   11  alpha_y RESTORED TO VARIABLE.
                   PARAMETER   10  beta_2CBO RESTORED TO VARIABLE.
                   PARAMETER    9  alpha_2CBO RESTORED TO VARIABLE.
                   PARAMETER    8  beta_CBO RESTORED TO VARIABLE.
                   PARAMETER    6  alpha_CBO RESTORED TO VARIABLE.
 **********
 **   17 **FIX            8
 **********
 **********
 **   18 **FIX            9
 **********
 **********
 **   19 **FIX           11
 **********
 **********
 **   20 **FIX           12
 **********
 PARAMETER   12  IS CONSTANT.   IGNORED.
 **********
 **   21 **FIX           14
 **********
 **********
 **   22 **FIX           15
 **********
 PARAMETER   15  IS CONSTANT.   IGNORED.
 **********
 **   23 **FIX           16
 **********
 **********
 **   24 **MIGRAD
 **********
 START MIGRAD MINIMIZATION.  STRATEGY  1.  CONVERGENCE WHEN EDM .LT. 1.00e-04
 FCN=1450 FROM MIGRAD    STATUS=INITIATE       28 CALLS         638 TOTAL
                     EDM= unknown      STRATEGY= 1      NO ERROR MATRIX       
  EXT PARAMETER               CURRENT GUESS       STEP         FIRST   
  NO.   NAME      VALUE            ERROR          SIZE      DERIVATIVE 
   1  N0           3.45288e+06   4.63991e+02  -1.94318e+00   5.36159e-07
   2  tau          6.44025e+01   constant   
   3  A0           3.53150e-01   1.56700e-04  -3.44526e-07   3.80788e+00
   4  phi          4.12933e+00   4.85167e-04  -9.25992e-07  -3.10341e-02
   5  R           -6.08848e+01   constant   
   6  alpha_CBO    0.00000e+00   1.00000e-03   1.00000e-03  -1.62233e+05
   7  w_CBO        2.32500e+00   constant   
   8  beta_CBO     0.00000e+00     fixed    
   9  alpha_2CBO   0.00000e+00     fixed    
  10  beta_2CBO    0.00000e+00   1.00000e-03   1.00000e-03  -1.96562e+04
  11  alpha_y      0.00000e+00     fixed    
  12  w_y          1.38860e+01   constant   
  13  beta_y       0.00000e+00   1.00000e-03   1.00000e-03   4.03665e+04
  14  alpha_vw     0.00000e+00     fixed    
  15  w_vw         1.43404e+01   constant   
  16  beta_vw      0.00000e+00     fixed    
  17  LM          -3.36503e-05   constant   
  18  zeta_y       0.00000e+00   constant   
  19  zeta_vw      0.00000e+00   constant   
  20  T_CBO        2.29932e+02   3.62524e+01   1.15896e-04   1.06795e-02
  21  alpha_A0    -1.44479e-03   1.31321e-03  -1.45319e-04   2.04570e-03
  22  beta_A0      1.37875e-03   1.27657e-03   5.37760e-04   3.28212e-04
  23  alpha_phi    6.04468e-04   1.12220e-03  -9.66264e-05  -4.33257e-03
  24  beta_phi     9.87444e-03   3.97995e-04  -2.91411e-04  -2.66762e-03
 MIGRAD MINIMIZATION HAS CONVERGED.
 FCN=1213.68 FROM MIGRAD    STATUS=CONVERGED     177 CALLS         787 TOTAL
                     EDM=1.61618e-06    STRATEGY= 1  ERROR MATRIX UNCERTAINTY   2.6 per cent
  EXT PARAMETER                                   STEP         FIRST   
  NO.   NAME      VALUE            ERROR          SIZE      DERIVATIVE 
   1  N0           3.45260e+06   4.37518e+02  -5.25797e-01  -1.51092e-06
   2  tau          6.44025e+01   constant   
   3  A0           3.52767e-01   1.58524e-04   6.74333e-08   1.98149e+00
   4  phi          4.12820e+00   4.95848e-04   5.29227e-07  -1.36234e+00
   5  R           -6.08848e+01   constant   
   6  alpha_CBO    2.73423e-03   1.84220e-04   1.02727e-07  -2.90852e+00
   7  w_CBO        2.32500e+00   constant   
   8  beta_CBO     0.00000e+00     fixed    
   9  alpha_2CBO   0.00000e+00     fixed    
  10  beta_2CBO    2.47558e-04   1.80985e-04  -5.21699e-07  -6.70996e-01
  11  alpha_y      0.00000e+00     fixed    
  12  w_y          1.38860e+01   constant   
  13  beta_y      -6.00110e-04   1.76475e-04   4.46579e-07  -2.97490e+00
  14  alpha_vw     0.00000e+00     fixed    
  15  w_vw         1.43404e+01   constant   
  16  beta_vw      0.00000e+00     fixed    
  17  LM          -3.36503e-05   constant   
  18  zeta_y       0.00000e+00   constant   
  19  zeta_vw      0.00000e+00   constant   
  20  T_CBO        2.52624e+02   4.65485e+01   2.32483e-04  -1.64591e-02
  21  alpha_A0    -3.60240e-03   1.26420e-03   7.87514e-04  -2.52973e-03
  22  beta_A0      1.60125e-03   1.23082e-03  -6.30454e-05  -4.14498e-04
  23  alpha_phi    4.03738e-03   1.02119e-03  -1.69804e-04   7.69393e-03
  24  beta_phi     9.98122e-03   2.52226e-03   1.04010e-03  -1.09605e-03
 EXTERNAL ERROR MATRIX.    NDIM=  25    NPAR= 11    ERR DEF=1
  1.914e+05 
  1.533e-02  2.513e-08 
  1.089e-02  4.682e-09  2.459e-07 
 -3.339e-03 -4.945e-09 -1.289e-08  3.394e-08 
 -1.860e-06  1.182e-09 -6.022e-09 -1.077e-09  3.276e-08 
  1.851e-03 -3.794e-10  1.972e-09  3.893e-10 -1.558e-10  3.114e-08 
 -1.072e+02 -4.686e-04  9.152e-04  4.105e-04 -5.881e-04  3.584e-04  2.175e+03 
 -3.983e-02  6.367e-09  6.173e-08 -1.898e-08 -3.837e-08  4.829e-09  1.212e-02  1.608e-06 
 -9.558e-02 -1.352e-08 -4.008e-08  3.919e-09 -1.070e-08  6.779e-11  2.700e-03 -1.631e-07  1.523e-06 
 -6.146e-03  8.646e-10 -2.537e-08  3.718e-08  1.953e-08 -4.476e-09 -3.028e-03 -1.538e-07  4.529e-08  1.047e-06 
 -3.378e-03 -2.330e-09  4.918e-09  1.490e-09 -3.817e-09  1.699e-09  1.130e-03  5.673e-08  9.409e-09 -1.692e-08  1.982e-07 
 PARAMETER  CORRELATION COEFFICIENTS  
       NO.  GLOBAL      1      3      4      6     10     13     20     21     22     23     24
        1  0.29809   1.000  0.221  0.050 -0.041 -0.000  0.024 -0.005 -0.072 -0.177 -0.014 -0.017
        3  0.29105   0.221  1.000  0.060 -0.169  0.041 -0.014 -0.063  0.032 -0.069  0.005 -0.033
        4  0.19526   0.050  0.060  1.000 -0.141 -0.067  0.023  0.040  0.098 -0.066 -0.050  0.022
        6  0.30567  -0.041 -0.169 -0.141  1.000 -0.032  0.012  0.048 -0.081  0.017  0.197  0.018
       10  0.22471  -0.000  0.041 -0.067 -0.032  1.000 -0.005 -0.070 -0.167 -0.048  0.105 -0.047
       13  0.06601   0.024 -0.014  0.023  0.012 -0.005  1.000  0.044  0.022  0.000 -0.025  0.022
       20  0.24728  -0.005 -0.063  0.040  0.048 -0.070  0.044  1.000  0.205  0.047 -0.063  0.054
       21  0.34077  -0.072  0.032  0.098 -0.081 -0.167  0.022  0.205  1.000 -0.104 -0.119  0.100
       22  0.24290  -0.177 -0.069 -0.066  0.017 -0.048  0.000  0.047 -0.104  1.000  0.036  0.017
       23  0.25446  -0.014  0.005 -0.050  0.197  0.105 -0.025 -0.063 -0.119  0.036  1.000 -0.037
       24  0.12349  -0.017 -0.033  0.022  0.018 -0.047  0.022  0.054  0.100  0.017 -0.037  1.000
MINUIT - FIT ONLY 2-CBO
 **********
 **   25 **RES 
 **********
                   PARAMETER   16  beta_vw RESTORED TO VARIABLE.
                   PARAMETER   14  alpha_vw RESTORED TO VARIABLE.
                   PARAMETER   11  alpha_y RESTORED TO VARIABLE.
                   PARAMETER    9  alpha_2CBO RESTORED TO VARIABLE.
                   PARAMETER    8  beta_CBO RESTORED TO VARIABLE.
 **********
 **   26 **FIX            0
 **********
 PARAMETER    0  IS UNDEFINED. IGNORED.
 **********
 **   27 **FIX            1
 **********
 **********
 **   28 **FIX            2
 **********
 PARAMETER    2  IS CONSTANT.   IGNORED.
 **********
 **   29 **FIX            3
 **********
 **********
 **   30 **FIX            4
 **********
 **********
 **   31 **FIX            5
 **********
 PARAMETER    5  IS CONSTANT.   IGNORED.
 **********
 **   32 **FIX            6
 **********
 **********
 **   33 **FIX            7
 **********
 PARAMETER    7  IS CONSTANT.   IGNORED.
 **********
 **   34 **FIX           10
 **********
 **********
 **   35 **FIX           11
 **********
 **********
 **   36 **FIX           12
 **********
 PARAMETER   12  IS CONSTANT.   IGNORED.
 **********
 **   37 **FIX           13
 **********
 **********
 **   38 **FIX           14
 **********
 **********
 **   39 **FIX           15
 **********
 PARAMETER   15  IS CONSTANT.   IGNORED.
 **********
 **   40 **FIX           16
 **********
 **********
 **   41 **MIGRAD
 **********
 START MIGRAD MINIMIZATION.  STRATEGY  1.  CONVERGENCE WHEN EDM .LT. 1.00e-04
 FCN=1213.68 FROM MIGRAD    STATUS=INITIATE       18 CALLS         805 TOTAL
                     EDM= unknown      STRATEGY= 1      NO ERROR MATRIX       
  EXT PARAMETER               CURRENT GUESS       STEP         FIRST   
  NO.   NAME      VALUE            ERROR          SIZE      DERIVATIVE 
   1  N0           3.45260e+06     fixed    
   2  tau          6.44025e+01   constant   
   3  A0           3.52767e-01     fixed    
   4  phi          4.12820e+00     fixed    
   5  R           -6.08848e+01   constant   
   6  alpha_CBO    2.73423e-03     fixed    
   7  w_CBO        2.32500e+00   constant   
   8  beta_CBO     0.00000e+00   1.00000e-03   1.00000e-03   3.67801e+05
   9  alpha_2CBO   0.00000e+00   1.00000e-03   1.00000e-03  -6.55055e+03
  10  beta_2CBO    2.47558e-04     fixed    
  11  alpha_y      0.00000e+00     fixed    
  12  w_y          1.38860e+01   constant   
  13  beta_y      -6.00110e-04     fixed    
  14  alpha_vw     0.00000e+00     fixed    
  15  w_vw         1.43404e+01   constant   
  16  beta_vw      0.00000e+00     fixed    
  17  LM          -3.36503e-05   constant   
  18  zeta_y       0.00000e+00   constant   
  19  zeta_vw      0.00000e+00   constant   
  20  T_CBO        2.52624e+02   4.65485e+01   2.32483e-04  -1.64599e-02
  21  alpha_A0    -3.60240e-03   1.26420e-03   7.87514e-04  -2.52989e-03
  22  beta_A0      1.60125e-03   1.23082e-03  -6.30454e-05  -4.14649e-04
  23  alpha_phi    4.03738e-03   1.02119e-03  -1.69804e-04   7.69401e-03
  24  beta_phi     9.98122e-03   2.52226e-03   1.04010e-03  -1.53177e-03
 MIGRAD MINIMIZATION HAS CONVERGED.
 MIGRAD WILL VERIFY CONVERGENCE AND ERROR MATRIX.
 COVARIANCE MATRIX CALCULATED SUCCESSFULLY
 FCN=107.107 FROM MIGRAD    STATUS=CONVERGED     534 CALLS        1321 TOTAL
                     EDM=6.53346e-06    STRATEGY= 1      ERROR MATRIX ACCURATE 
  EXT PARAMETER                                   STEP         FIRST   
  NO.   NAME      VALUE            ERROR          SIZE      DERIVATIVE 
   1  N0           3.45260e+06     fixed    
   2  tau          6.44025e+01   constant   
   3  A0           3.52767e-01     fixed    
   4  phi          4.12820e+00     fixed    
   5  R           -6.08848e+01   constant   
   6  alpha_CBO    2.73423e-03     fixed    
   7  w_CBO        2.32500e+00   constant   
   8  beta_CBO    -6.01323e-03   1.80776e-04   8.93056e-07  -2.33563e+00
   9  alpha_2CBO   1.04520e-04   1.77817e-04   8.83969e-07   2.36486e+00
  10  beta_2CBO    2.47558e-04     fixed    
  11  alpha_y      0.00000e+00     fixed    
  12  w_y          1.38860e+01   constant   
  13  beta_y      -6.00110e-04     fixed    
  14  alpha_vw     0.00000e+00     fixed    
  15  w_vw         1.43404e+01   constant   
  16  beta_vw      0.00000e+00     fixed    
  17  LM          -3.36503e-05   constant   
  18  zeta_y       0.00000e+00   constant   
  19  zeta_vw      0.00000e+00   constant   
  20  T_CBO        9.99989e+02   5.04892e+02   3.09416e-02  -3.57874e-04
  21  alpha_A0    -1.91205e-03   8.06890e-04   4.11200e-04  -1.43348e-02
  22  beta_A0      1.06610e-03   7.87199e-04   3.93187e-04  -5.59847e-03
  23  alpha_phi    1.91297e-03   6.87942e-04   3.53572e-04  -2.68517e-02
  24  beta_phi     1.00617e-03   7.32110e-04   3.61690e-04  -2.06642e-02
 EXTERNAL ERROR MATRIX.    NDIM=  25    NPAR=  7    ERR DEF=1
  3.268e-08  5.654e-12  6.657e-08 -2.896e-09  4.008e-10  3.967e-09  3.023e-08 
  5.654e-12  3.162e-08  6.642e-08 -1.627e-08  2.009e-08 -1.257e-08 -4.848e-09 
  6.657e-08  6.642e-08  4.042e+02 -1.405e-04  8.192e-05  1.416e-04  7.620e-05 
 -2.896e-09 -1.627e-08 -1.405e-04  6.525e-07 -8.893e-08  1.253e-09 -3.540e-08 
  4.008e-10  2.009e-08  8.192e-05 -8.893e-08  6.210e-07 -3.114e-08  4.831e-08 
  3.967e-09 -1.257e-08  1.416e-04  1.253e-09 -3.114e-08  4.740e-07  1.613e-08 
  3.023e-08 -4.848e-09  7.620e-05 -3.540e-08  4.831e-08  1.613e-08  5.370e-07 
 PARAMETER  CORRELATION COEFFICIENTS  
       NO.  GLOBAL      8      9     20     21     22     23     24
        8  0.23053   1.000  0.000  0.000 -0.020  0.003  0.032  0.228
        9  0.20293   0.000  1.000  0.000 -0.113  0.143 -0.103 -0.037
       20  0.01480   0.000  0.000  1.000 -0.009  0.005  0.010  0.005
       21  0.17744  -0.020 -0.113 -0.009  1.000 -0.140  0.002 -0.060
       22  0.21227   0.003  0.143  0.005 -0.140  1.000 -0.057  0.084
       23  0.11978   0.032 -0.103  0.010  0.002 -0.057  1.000  0.032
       24  0.25388   0.228 -0.037  0.005 -0.060  0.084  0.032  1.000
MINUIT - FIT wiggle + 1-CBO + 2-CBO
 **********
 **   42 **RES 
 **********
                   PARAMETER   16  beta_vw RESTORED TO VARIABLE.
                   PARAMETER   14  alpha_vw RESTORED TO VARIABLE.
                   PARAMETER   13  beta_y RESTORED TO VARIABLE.
                   PARAMETER   11  alpha_y RESTORED TO VARIABLE.
                   PARAMETER   10  beta_2CBO RESTORED TO VARIABLE.
                   PARAMETER    6  alpha_CBO RESTORED TO VARIABLE.
                   PARAMETER    4  phi RESTORED TO VARIABLE.
                   PARAMETER    3  A0 RESTORED TO VARIABLE.
                   PARAMETER    1  N0 RESTORED TO VARIABLE.
 **********
 **   43 **FIX           10
 **********
 **********
 **   44 **FIX           11
 **********
 **********
 **   45 **FIX           12
 **********
 PARAMETER   12  IS CONSTANT.   IGNORED.
 **********
 **   46 **FIX           13
 **********
 **********
 **   47 **FIX           14
 **********
 **********
 **   48 **FIX           15
 **********
 PARAMETER   15  IS CONSTANT.   IGNORED.
 **********
 **   49 **FIX           16
 **********
 **********
 **   50 **MIGRAD
 **********
 START MIGRAD MINIMIZATION.  STRATEGY  1.  CONVERGENCE WHEN EDM .LT. 1.00e-04
 FCN=107.107 FROM MIGRAD    STATUS=INITIATE       22 CALLS        1343 TOTAL
                     EDM= unknown      STRATEGY= 1      NO ERROR MATRIX       
  EXT PARAMETER               CURRENT GUESS       STEP         FIRST   
  NO.   NAME      VALUE            ERROR          SIZE      DERIVATIVE 
   1  N0           3.45260e+06   4.37518e+02   4.37518e+02  -3.88630e-03
   2  tau          6.44025e+01   constant   
   3  A0           3.52767e-01   1.58524e-04   1.58524e-04   3.10098e+04
   4  phi          4.12820e+00   4.95848e-04   4.95848e-04  -2.89313e+04
   5  R           -6.08848e+01   constant   
   6  alpha_CBO    2.73423e-03   1.84220e-04   1.84220e-04  -7.87003e+03
   7  w_CBO        2.32500e+00   constant   
   8  beta_CBO    -6.01323e-03   1.80776e-04   8.93056e-07  -2.33563e+00
   9  alpha_2CBO   1.04520e-04   1.77817e-04   8.83969e-07   2.36485e+00
  10  beta_2CBO    2.47558e-04     fixed    
  11  alpha_y      0.00000e+00     fixed    
  12  w_y          1.38860e+01   constant   
  13  beta_y      -6.00110e-04     fixed    
  14  alpha_vw     0.00000e+00     fixed    
  15  w_vw         1.43404e+01   constant   
  16  beta_vw      0.00000e+00     fixed    
  17  LM          -3.36503e-05   constant   
  18  zeta_y       0.00000e+00   constant   
  19  zeta_vw      0.00000e+00   constant   
  20  T_CBO        9.99989e+02   5.04892e+02   3.09416e-02  -3.58436e-04
  21  alpha_A0    -1.91205e-03   8.06890e-04   4.11200e-04  -1.43295e-02
  22  beta_A0      1.06610e-03   7.87199e-04   3.93187e-04  -5.60120e-03
  23  alpha_phi    1.91297e-03   6.87942e-04   3.53572e-04  -2.68565e-02
  24  beta_phi     1.00617e-03   7.32110e-04   3.61690e-04  -2.06667e-02
 MIGRAD MINIMIZATION HAS CONVERGED.
 MIGRAD WILL VERIFY CONVERGENCE AND ERROR MATRIX.
 COVARIANCE MATRIX CALCULATED SUCCESSFULLY
 FCN=50.0591 FROM MIGRAD    STATUS=CONVERGED     273 CALLS        1594 TOTAL
                     EDM=9.21211e-07    STRATEGY= 1      ERROR MATRIX ACCURATE 
  EXT PARAMETER                                   STEP         FIRST   
  NO.   NAME      VALUE            ERROR          SIZE      DERIVATIVE 
   1  N0           3.45262e+06   4.57426e+02   1.64634e+00   6.82979e-08
   2  tau          6.44025e+01   constant   
   3  A0           3.52449e-01   1.58010e-04   5.26504e-07   3.32920e+00
   4  phi          4.13180e+00   5.07955e-04   1.97020e-06   3.30564e-01
   5  R           -6.08848e+01   constant   
   6  alpha_CBO    2.74054e-03   1.84135e-04   6.10094e-07   8.19445e-01
   7  w_CBO        2.32500e+00   constant   
   8  beta_CBO    -6.32647e-03   1.85492e-04   6.13701e-07   1.46803e-01
   9  alpha_2CBO   1.79252e-05   1.78310e-04   6.07428e-07  -2.71888e+00
  10  beta_2CBO    2.47558e-04     fixed    
  11  alpha_y      0.00000e+00     fixed    
  12  w_y          1.38860e+01   constant   
  13  beta_y      -6.00110e-04     fixed    
  14  alpha_vw     0.00000e+00     fixed    
  15  w_vw         1.43404e+01   constant   
  16  beta_vw      0.00000e+00     fixed    
  17  LM          -3.36503e-05   constant   
  18  zeta_y       0.00000e+00   constant   
  19  zeta_vw      0.00000e+00   constant   
  20  T_CBO        9.99988e+02   5.42782e+02   7.52099e-02  -3.68217e-05
  21  alpha_A0    -1.08541e-03   8.30195e-04   2.79142e-04   5.86120e-03
  22  beta_A0      4.21529e-04   8.06352e-04   2.68877e-04   9.53357e-03
  23  alpha_phi    2.10962e-03   7.18275e-04   2.44240e-04   5.08802e-03
  24  beta_phi     6.21690e-04   7.39576e-04   2.48061e-04  -2.22532e-03
 EXTERNAL ERROR MATRIX.    NDIM=  25    NPAR= 11    ERR DEF=1
  2.092e+05 
  1.569e-02  2.497e-08 
 -9.791e-03  3.880e-09  2.580e-07 
 -3.166e-03 -4.889e-09 -1.356e-08  3.391e-08 
  3.061e-04  1.824e-09 -1.973e-08 -4.715e-11  3.441e-08 
 -7.110e-04 -4.784e-10 -6.222e-09 -5.348e-10  4.745e-10  3.179e-08 
 -2.396e+01 -1.826e-05  4.186e-05 -8.390e-07 -1.386e-06  2.464e-06  4.689e+03 
 -4.298e-02  6.774e-09  7.417e-08 -1.570e-08 -7.509e-09 -1.759e-08 -3.019e-03  6.908e-07 
 -6.472e-02 -1.043e-08 -4.728e-08  3.162e-09  3.333e-09  2.162e-08  1.334e-03 -9.117e-08  6.516e-07 
 -4.686e-02 -2.157e-09  1.024e-08  2.753e-08  2.811e-09 -1.345e-08  6.022e-03 -4.464e-10 -1.842e-08  5.169e-07 
  2.112e-02 -5.035e-09 -3.672e-08  6.766e-09  3.248e-08 -4.076e-09  1.808e-03 -5.493e-08  4.854e-08  1.568e-08  5.480e-07 
 PARAMETER  CORRELATION COEFFICIENTS  
       NO.  GLOBAL      1      3      4      6      8      9     20     21     22     23     24
        1  0.35150   1.000  0.217 -0.042 -0.038  0.004 -0.009 -0.001 -0.113 -0.175 -0.142  0.062
        3  0.29655   0.217  1.000  0.048 -0.168  0.062 -0.017 -0.002  0.052 -0.082 -0.019 -0.043
        4  0.32145  -0.042  0.048  1.000 -0.145 -0.209 -0.069  0.001  0.176 -0.115  0.028 -0.098
        6  0.31338  -0.038 -0.168 -0.145  1.000 -0.001 -0.016 -0.000 -0.103  0.021  0.208  0.050
        8  0.31751   0.004  0.062 -0.209 -0.001  1.000  0.014 -0.000 -0.049  0.022  0.021  0.237
        9  0.21611  -0.009 -0.017 -0.069 -0.016  0.014  1.000  0.000 -0.119  0.150 -0.105 -0.031
       20  0.14268  -0.001 -0.002  0.001 -0.000 -0.000  0.000  1.000 -0.053  0.024  0.122  0.036
       21  0.29039  -0.113  0.052  0.176 -0.103 -0.049 -0.119 -0.053  1.000 -0.136 -0.001 -0.089
       22  0.30039  -0.175 -0.082 -0.115  0.021  0.022  0.150  0.024 -0.136  1.000 -0.032  0.081
       23  0.30706  -0.142 -0.019  0.028  0.208  0.021 -0.105  0.122 -0.001 -0.032  1.000  0.029
       24  0.28475   0.062 -0.043 -0.098  0.050  0.237 -0.031  0.036 -0.089  0.081  0.029  1.000
MINUIT - FIT ONLY 1-y
 **********
 **   51 **RES 
 **********
                   PARAMETER   16  beta_vw RESTORED TO VARIABLE.
                   PARAMETER   14  alpha_vw RESTORED TO VARIABLE.
                   PARAMETER   13  beta_y RESTORED TO VARIABLE.
                   PARAMETER   11  alpha_y RESTORED TO VARIABLE.
                   PARAMETER   10  beta_2CBO RESTORED TO VARIABLE.
 **********
 **   52 **FIX            0
 **********
 PARAMETER    0  IS UNDEFINED. IGNORED.
 **********
 **   53 **FIX            1
 **********
 **********
 **   54 **FIX            2
 **********
 PARAMETER    2  IS CONSTANT.   IGNORED.
 **********
 **   55 **FIX            3
 **********
 **********
 **   56 **FIX            4
 **********
 **********
 **   57 **FIX            5
 **********
 PARAMETER    5  IS CONSTANT.   IGNORED.
 **********
 **   58 **FIX            6
 **********
 **********
 **   59 **FIX            7
 **********
 PARAMETER    7  IS CONSTANT.   IGNORED.
 **********
 **   60 **FIX            8
 **********
 **********
 **   61 **FIX            9
 **********
 **********
 **   62 **FIX           13
 **********
 **********
 **   63 **FIX           14
 **********
 **********
 **   64 **FIX           15
 **********
 PARAMETER   15  IS CONSTANT.   IGNORED.
 **********
 **   65 **FIX           16
 **********
 **********
 **   66 **MIGRAD
 **********
 START MIGRAD MINIMIZATION.  STRATEGY  1.  CONVERGENCE WHEN EDM .LT. 1.00e-04
 FCN=50.0591 FROM MIGRAD    STATUS=INITIATE       16 CALLS        1610 TOTAL
                     EDM= unknown      STRATEGY= 1      NO ERROR MATRIX       
  EXT PARAMETER               CURRENT GUESS       STEP         FIRST   
  NO.   NAME      VALUE            ERROR          SIZE      DERIVATIVE 
   1  N0           3.45262e+06     fixed    
   2  tau          6.44025e+01   constant   
   3  A0           3.52449e-01     fixed    
   4  phi          4.13180e+00     fixed    
   5  R           -6.08848e+01   constant   
   6  alpha_CBO    2.74054e-03     fixed    
   7  w_CBO        2.32500e+00   constant   
   8  beta_CBO    -6.32647e-03     fixed    
   9  alpha_2CBO   1.79252e-05     fixed    
  10  beta_2CBO    2.47558e-04   1.80985e-04   1.80985e-04   4.14420e+03
  11  alpha_y      0.00000e+00   1.00000e-03   1.00000e-03   2.77017e+04
  12  w_y          1.38860e+01   constant   
  13  beta_y      -6.00110e-04     fixed    
  14  alpha_vw     0.00000e+00     fixed    
  15  w_vw         1.43404e+01   constant   
  16  beta_vw      0.00000e+00     fixed    
  17  LM          -3.36503e-05   constant   
  18  zeta_y       0.00000e+00   constant   
  19  zeta_vw      0.00000e+00   constant   
  20  T_CBO        9.99988e+02   5.42782e+02   7.52099e-02  -3.72140e-05
  21  alpha_A0    -1.08541e-03   8.30195e-04   2.79142e-04   5.86273e-03
  22  beta_A0      4.21529e-04   8.06352e-04   2.68877e-04   9.53292e-03
  23  alpha_phi    2.10962e-03   7.18275e-04   2.44240e-04   5.08548e-03
  24  beta_phi     6.21690e-04   7.39576e-04   2.48061e-04  -2.22605e-03
 MIGRAD MINIMIZATION HAS CONVERGED.
 MIGRAD WILL VERIFY CONVERGENCE AND ERROR MATRIX.
 COVARIANCE MATRIX CALCULATED SUCCESSFULLY
 FCN=44.0919 FROM MIGRAD    STATUS=CONVERGED     111 CALLS        1705 TOTAL
                     EDM=2.26399e-06    STRATEGY= 1      ERROR MATRIX ACCURATE 
  EXT PARAMETER                                   STEP         FIRST   
  NO.   NAME      VALUE            ERROR          SIZE      DERIVATIVE 
   1  N0           3.45262e+06     fixed    
   2  tau          6.44025e+01   constant   
   3  A0           3.52449e-01     fixed    
   4  phi          4.13180e+00     fixed    
   5  R           -6.08848e+01   constant   
   6  alpha_CBO    2.74054e-03     fixed    
   7  w_CBO        2.32500e+00   constant   
   8  beta_CBO    -6.32647e-03     fixed    
   9  alpha_2CBO   1.79252e-05     fixed    
  10  beta_2CBO    1.80359e-04   1.81212e-04   5.79308e-07   9.02108e+00
  11  alpha_y     -4.20743e-04   1.74310e-04   5.71237e-07  -1.34420e-01
  12  w_y          1.38860e+01   constant   
  13  beta_y      -6.00110e-04     fixed    
  14  alpha_vw     0.00000e+00     fixed    
  15  w_vw         1.43404e+01   constant   
  16  beta_vw      0.00000e+00     fixed    
  17  LM          -3.36503e-05   constant   
  18  zeta_y       0.00000e+00   constant   
  19  zeta_vw      0.00000e+00   constant   
  20  T_CBO        1.00000e+03   7.31618e+02   5.22947e-02** at limit **
  21  alpha_A0    -1.08365e-03   8.10595e-04   2.62279e-04  -1.26810e-02
  22  beta_A0      4.94975e-04   7.82637e-04   2.52758e-04   1.89628e-03
  23  alpha_phi    2.08548e-03   6.90711e-04   2.29395e-04  -7.03861e-03
  24  beta_phi     6.78894e-04   7.19123e-04   2.33195e-04  -4.39516e-03
 EXTERNAL ERROR MATRIX.    NDIM=  25    NPAR=  7    ERR DEF=1
  3.284e-08 -4.856e-11 -1.580e-09 -2.010e-08 -1.322e-08  8.849e-09 -1.623e-08 
 -4.856e-11  3.038e-08 -7.182e-10  2.838e-09 -3.335e-09  4.056e-10 -1.715e-09 
 -1.580e-09 -7.182e-10  9.391e-03 -3.831e-06  1.946e-06  7.537e-06  2.495e-06 
 -2.010e-08  2.838e-09 -3.831e-06  6.585e-07 -7.093e-08 -1.419e-08 -2.682e-08 
 -1.322e-08 -3.335e-09  1.946e-06 -7.093e-08  6.138e-07 -2.568e-08  5.690e-08 
  8.849e-09  4.056e-10  7.537e-06 -1.419e-08 -2.568e-08  4.779e-07  8.064e-09 
 -1.623e-08 -1.715e-09  2.495e-06 -2.682e-08  5.690e-08  8.064e-09  5.180e-07 
 PARAMETER  CORRELATION COEFFICIENTS  
       NO.  GLOBAL     10     11     20     21     22     23     24
       10  0.22221   1.000 -0.002 -0.000 -0.137 -0.093  0.071 -0.124
       11  0.03213  -0.002  1.000 -0.000  0.020 -0.024  0.003 -0.014
       20  0.12798  -0.000 -0.000  1.000 -0.049  0.026  0.113  0.036
       21  0.19850  -0.137  0.020 -0.049  1.000 -0.112 -0.025 -0.046
       22  0.18466  -0.093 -0.024  0.026 -0.112  1.000 -0.047  0.101
       23  0.14295   0.071  0.003  0.113 -0.025 -0.047  1.000  0.016
       24  0.16725  -0.124 -0.014  0.036 -0.046  0.101  0.016  1.000
MINUIT - FIT ONLY 2-y
 **********
 **   67 **RES 
 **********
                   PARAMETER   16  beta_vw RESTORED TO VARIABLE.
                   PARAMETER   14  alpha_vw RESTORED TO VARIABLE.
                   PARAMETER   13  beta_y RESTORED TO VARIABLE.
                   PARAMETER    9  alpha_2CBO RESTORED TO VARIABLE.
                   PARAMETER    8  beta_CBO RESTORED TO VARIABLE.
                   PARAMETER    6  alpha_CBO RESTORED TO VARIABLE.
                   PARAMETER    4  phi RESTORED TO VARIABLE.
                   PARAMETER    3  A0 RESTORED TO VARIABLE.
                   PARAMETER    1  N0 RESTORED TO VARIABLE.
 **********
 **   68 **FIX            0
 **********
 PARAMETER    0  IS UNDEFINED. IGNORED.
 **********
 **   69 **FIX            1
 **********
 **********
 **   70 **FIX            2
 **********
 PARAMETER    2  IS CONSTANT.   IGNORED.
 **********
 **   71 **FIX            3
 **********
 **********
 **   72 **FIX            4
 **********
 **********
 **   73 **FIX            5
 **********
 PARAMETER    5  IS CONSTANT.   IGNORED.
 **********
 **   74 **FIX            6
 **********
 **********
 **   75 **FIX            7
 **********
 PARAMETER    7  IS CONSTANT.   IGNORED.
 **********
 **   76 **FIX            8
 **********
 **********
 **   77 **FIX            9
 **********
 **********
 **   78 **FIX           10
 **********
 **********
 **   79 **FIX           11
 **********
 **********
 **   80 **FIX           12
 **********
 PARAMETER   12  IS CONSTANT.   IGNORED.
 **********
 **   81 **FIX           16
 **********
 **********
 **   82 **MIGRAD
 **********
 START MIGRAD MINIMIZATION.  STRATEGY  1.  CONVERGENCE WHEN EDM .LT. 1.00e-04
 FCN=44.0919 FROM MIGRAD    STATUS=INITIATE       16 CALLS        1721 TOTAL
                     EDM= unknown      STRATEGY= 1      NO ERROR MATRIX       
  EXT PARAMETER               CURRENT GUESS       STEP         FIRST   
  NO.   NAME      VALUE            ERROR          SIZE      DERIVATIVE 
   1  N0           3.45262e+06     fixed    
   2  tau          6.44025e+01   constant   
   3  A0           3.52449e-01     fixed    
   4  phi          4.13180e+00     fixed    
   5  R           -6.08848e+01   constant   
   6  alpha_CBO    2.74054e-03     fixed    
   7  w_CBO        2.32500e+00   constant   
   8  beta_CBO    -6.32647e-03     fixed    
   9  alpha_2CBO   1.79252e-05     fixed    
  10  beta_2CBO    1.80359e-04     fixed    
  11  alpha_y     -4.20743e-04     fixed    
  12  w_y          1.38860e+01   constant   
  13  beta_y      -6.00110e-04   1.76475e-04   1.76475e-04  -4.56804e+03
  14  alpha_vw     0.00000e+00   1.00000e-03   1.00000e-03  -4.47721e+02
  15  w_vw         1.43404e+01   constant   
  16  beta_vw      0.00000e+00     fixed    
  17  LM          -3.36503e-05   constant   
  18  zeta_y       0.00000e+00   constant   
  19  zeta_vw      0.00000e+00   constant   
  20  T_CBO        9.99999e+02   7.31618e+02   5.22947e-02  -9.94873e-06
  21  alpha_A0    -1.08365e-03   8.10595e-04   2.62279e-04  -1.26762e-02
  22  beta_A0      4.94975e-04   7.82637e-04   2.52758e-04   1.89440e-03
  23  alpha_phi    2.08548e-03   6.90711e-04   2.29395e-04  -7.05243e-03
  24  beta_phi     6.78894e-04   7.19123e-04   2.33195e-04  -4.39875e-03
 MIGRAD MINIMIZATION HAS CONVERGED.
 MIGRAD WILL VERIFY CONVERGENCE AND ERROR MATRIX.
 COVARIANCE MATRIX CALCULATED SUCCESSFULLY
 FCN=43.9069 FROM MIGRAD    STATUS=CONVERGED     116 CALLS        1821 TOTAL
                     EDM=1.84323e-08    STRATEGY= 1      ERROR MATRIX ACCURATE 
  EXT PARAMETER                                   STEP         FIRST   
  NO.   NAME      VALUE            ERROR          SIZE      DERIVATIVE 
   1  N0           3.45262e+06     fixed    
   2  tau          6.44025e+01   constant   
   3  A0           3.52449e-01     fixed    
   4  phi          4.13180e+00     fixed    
   5  R           -6.08848e+01   constant   
   6  alpha_CBO    2.74054e-03     fixed    
   7  w_CBO        2.32500e+00   constant   
   8  beta_CBO    -6.32647e-03     fixed    
   9  alpha_2CBO   1.79252e-05     fixed    
  10  beta_2CBO    1.80359e-04     fixed    
  11  alpha_y     -4.20743e-04     fixed    
  12  w_y          1.38860e+01   constant   
  13  beta_y      -5.21776e-04   1.82901e-04   5.77933e-07   1.57300e-03
  14  alpha_vw     2.70336e-05   1.81797e-04   5.74431e-07  -2.20723e-02
  15  w_vw         1.43404e+01   constant   
  16  beta_vw      0.00000e+00     fixed    
  17  LM          -3.36503e-05   constant   
  18  zeta_y       0.00000e+00   constant   
  19  zeta_vw      0.00000e+00   constant   
  20  T_CBO        1.00000e+03   7.20739e+02   6.87134e-02** at limit **
  21  alpha_A0    -1.07284e-03   8.03967e-04   2.61762e-04   2.56611e-04
  22  beta_A0      4.97457e-04   7.79263e-04   2.52253e-04   1.51547e-03
  23  alpha_phi    2.08358e-03   6.92164e-04   2.28902e-04   2.08960e-03
  24  beta_phi     6.83251e-04   7.13938e-04   2.32734e-04   5.35905e-04
 EXTERNAL ERROR MATRIX.    NDIM=  25    NPAR=  7    ERR DEF=1
  3.345e-08  8.596e-09 -1.925e-09  4.193e-09  9.426e-10 -8.245e-10  1.662e-09 
  8.596e-09  3.305e-08 -1.787e-09  3.676e-09  1.713e-09 -1.078e-09  2.030e-09 
 -1.925e-09 -1.787e-09  3.683e-02 -9.852e-06  5.078e-06  1.958e-05  6.526e-06 
  4.193e-09  3.676e-09 -9.852e-06  6.478e-07 -7.904e-08 -1.114e-08 -3.697e-08 
  9.426e-10  1.713e-09  5.078e-06 -7.904e-08  6.085e-07 -2.100e-08  5.069e-08 
 -8.245e-10 -1.078e-09  1.958e-05 -1.114e-08 -2.100e-08  4.799e-07  1.384e-08 
  1.662e-09  2.030e-09  6.526e-06 -3.697e-08  5.069e-08  1.384e-08  5.106e-07 
 PARAMETER  CORRELATION COEFFICIENTS  
       NO.  GLOBAL     13     14     20     21     22     23     24
       13  0.25973   1.000  0.259 -0.000  0.028  0.007 -0.007  0.013
       14  0.25981   0.259  1.000 -0.000  0.025  0.012 -0.009  0.016
       20  0.16676  -0.000 -0.000  1.000 -0.064  0.034  0.147  0.048
       21  0.15317   0.028  0.025 -0.064  1.000 -0.126 -0.020 -0.064
       22  0.16029   0.007  0.012  0.034 -0.126  1.000 -0.039  0.091
       23  0.15666  -0.007 -0.009  0.147 -0.020 -0.039  1.000  0.028
       24  0.11736   0.013  0.016  0.048 -0.064  0.091  0.028  1.000
MINUIT - FIT ALTOGETHER
 **********
 **   83 **RES 
