 + ++++++++++++++++++++++++++++++++++++++++++++++++++++++++++++++++++++ +
 +                                                                      +
 +           You have chose to blind your fitting according to          +
 +                omega_ref * (1 + (R +/- deltaR) *10^{-6})             +
 +                                                                      +
 + ++++++++++++++++++++++++++++++++++++++++++++++++++++++++++++++++++++ +
In main()...
reading format from /gm2data/zkhechad/run45/envelope/formats/formatB_sBin_constraintOn.txt
pBinTau 	= 0  
pBinPhi 	= 0  
constraintau 	= 1 
includeMopTerm 	= 0    
constrainMop    = 0   
Parameters after format file: pBinTau 0 pBinPhi 0 constraintau 1 includeMopTerm 0 constrainMop 0 c_e_scale 0.000000 
Opening file /gm2data/tbarrett/gm2fr/studies/run23_bunch_corrections/CorrectedFourier_Run3b.root.
reading full fit data from /gm2data/zkhechad/cboTemplates/Run4CBOTemplates/fullFits/noRF/sBin_constraintOn_cE0.0_seed0_noRF_calo2.root
windowBins = 69
fitting sliding window 1680 from bin 1816 at 270.798000 to bin 1885 at 281.242000 (69 bins)

Reading data from /gm2data/cornell/histograms/aMethod/histogram_a_noRF.root
 **********
 **    1 **SET PRINTOUT            1
 **********
 **********
 **    2 **SET NOWARNINGS 
 **********
 PARAMETER DEFINITIONS:
    NO.   NAME         VALUE      STEP SIZE      LIMITS
     1 N0           3.21058e+06  1.00000e+02     no limits
     2 tau          6.44090e+01  constant
     3 A0           3.64384e-01  1.00000e-04     no limits
     4 phi          4.11815e+00  1.00000e-02     no limits
     5 R           -6.00655e+01  constant
     6 alpha_CBO    0.00000e+00  1.00000e-03     no limits
     7 w_CBO        2.32500e+00  constant
     8 beta_CBO     0.00000e+00  1.00000e-03     no limits
     9 alpha_2CBO   0.00000e+00  1.00000e-03     no limits
    10 beta_2CBO    0.00000e+00  1.00000e-03     no limits
    11 alpha_y      0.00000e+00  1.00000e-03     no limits
    12 w_y          1.38860e+01  constant
    13 beta_y       0.00000e+00  1.00000e-03     no limits
    14 alpha_vw     0.00000e+00  1.00000e-03     no limits
    15 w_vw         1.43404e+01  constant
    16 beta_vw      0.00000e+00  1.00000e-03     no limits
    17 LM           2.36781e-04  constant
    18 zeta_y       0.00000e+00  constant
    19 zeta_vw      0.00000e+00  constant
    20 T_CBO        1.00000e+02  1.00000e+00    0.00000e+00  1.00000e+03
    21 alpha_A0     0.00000e+00  1.00000e-03     no limits
    22 beta_A0      0.00000e+00  1.00000e-03     no limits
    23 alpha_phi    0.00000e+00  1.00000e-03     no limits
    24 beta_phi     0.00000e+00  1.00000e-03     no limits
MINUIT - FIT ONLY WIGGLE
 **********
 **    3 **FIX            5
 **********
 PARAMETER    5  IS CONSTANT.   IGNORED.
 **********
 **    4 **FIX            6
 **********
 **********
 **    5 **FIX            7
 **********
 PARAMETER    7  IS CONSTANT.   IGNORED.
 **********
 **    6 **FIX            8
 **********
 **********
 **    7 **FIX            9
 **********
 **********
 **    8 **FIX           10
 **********
 **********
 **    9 **FIX           11
 **********
 **********
 **   10 **FIX           12
 **********
 PARAMETER   12  IS CONSTANT.   IGNORED.
 **********
 **   11 **FIX           13
 **********
 **********
 **   12 **FIX           14
 **********
 **********
 **   13 **FIX           15
 **********
 PARAMETER   15  IS CONSTANT.   IGNORED.
 **********
 **   14 **FIX           16
 **********
 **********
 **   15 **MIGRAD
 **********
 FIRST CALL TO USER FUNCTION AT NEW START POINT, WITH IFLAG=4.
 START MIGRAD MINIMIZATION.  STRATEGY  1.  CONVERGENCE WHEN EDM .LT. 1.00e-04
 FCN=112.749 FROM MIGRAD    STATUS=INITIATE      437 CALLS         438 TOTAL
                     EDM= unknown      STRATEGY= 1      NO ERROR MATRIX       
  EXT PARAMETER               CURRENT GUESS       STEP         FIRST   
  NO.   NAME      VALUE            ERROR          SIZE      DERIVATIVE 
   1  N0           3.21058e+06   1.00000e+02   0.00000e+00   3.21876e-03
   2  tau          6.44090e+01   constant   
   3  A0           3.64384e-01   1.00000e-04   0.00000e+00   1.42278e+03
   4  phi          4.11815e+00   1.00000e-02   0.00000e+00  -1.94222e+02
   5  R           -6.00655e+01   constant   
   6  alpha_CBO    0.00000e+00     fixed    
   7  w_CBO        2.32500e+00   constant   
   8  beta_CBO     0.00000e+00     fixed    
   9  alpha_2CBO   0.00000e+00     fixed    
  10  beta_2CBO    0.00000e+00     fixed    
  11  alpha_y      0.00000e+00     fixed    
  12  w_y          1.38860e+01   constant   
  13  beta_y       0.00000e+00     fixed    
  14  alpha_vw     0.00000e+00     fixed    
  15  w_vw         1.43404e+01   constant   
  16  beta_vw      0.00000e+00     fixed    
  17  LM           2.36781e-04   constant   
  18  zeta_y       0.00000e+00   constant   
  19  zeta_vw      0.00000e+00   constant   
  20  T_CBO        1.00000e+02   1.00000e+00   0.00000e+00   0.00000e+00
  21  alpha_A0     0.00000e+00   1.00000e-03   0.00000e+00   8.05984e+00
  22  beta_A0      0.00000e+00   1.00000e-03   0.00000e+00   5.69127e+01
  23  alpha_phi    0.00000e+00   1.00000e-03   0.00000e+00  -2.53796e+01
  24  beta_phi     0.00000e+00   1.00000e-03   0.00000e+00   3.74824e+01
 MIGRAD MINIMIZATION HAS CONVERGED.
 FCN=107.865 FROM MIGRAD    STATUS=CONVERGED    1265 CALLS        1266 TOTAL
                     EDM=8.24316e-06    STRATEGY= 1  ERROR MATRIX UNCERTAINTY   0.6 per cent
  EXT PARAMETER                                   STEP         FIRST   
  NO.   NAME      VALUE            ERROR          SIZE      DERIVATIVE 
   1  N0           3.20824e+06   1.17814e+03   1.67631e-01   9.51700e-07
   2  tau          6.44090e+01   constant   
   3  A0           3.64092e-01   4.50486e-04  -1.20090e-06   2.02663e+00
   4  phi          4.11803e+00   1.30830e-03   3.02580e-06   1.56671e+00
   5  R           -6.00655e+01   constant   
   6  alpha_CBO    0.00000e+00     fixed    
   7  w_CBO        2.32500e+00   constant   
   8  beta_CBO     0.00000e+00     fixed    
   9  alpha_2CBO   0.00000e+00     fixed    
  10  beta_2CBO    0.00000e+00     fixed    
  11  alpha_y      0.00000e+00     fixed    
  12  w_y          1.38860e+01   constant   
  13  beta_y       0.00000e+00     fixed    
  14  alpha_vw     0.00000e+00     fixed    
  15  w_vw         1.43404e+01   constant   
  16  beta_vw      0.00000e+00     fixed    
  17  LM           2.36781e-04   constant   
  18  zeta_y       0.00000e+00   constant   
  19  zeta_vw      0.00000e+00   constant   
  20  T_CBO        9.99665e+02   7.14374e+02   1.72355e-01  -1.88951e-04
  21  alpha_A0    -9.24831e-04   2.96047e-03   1.33691e-05   1.43207e+00
  22  beta_A0     -1.13519e-03   2.94417e-03   7.59373e-06   6.69941e-01
  23  alpha_phi    1.51179e-03   2.95226e-03   6.55501e-06  -2.11836e-01
  24  beta_phi    -9.23495e-04   2.86499e-03  -2.10166e-06   7.39391e-01
 EXTERNAL ERROR MATRIX.    NDIM=  25    NPAR=  8    ERR DEF=1
  1.388e+06  1.139e-01  1.268e-01  3.316e+01  4.448e-01 -6.378e-01 -4.529e-01 -2.306e-01 
  1.139e-01  2.029e-07 -1.184e-08 -3.207e-03  4.713e-08 -4.368e-08  4.721e-08 -6.724e-09 
  1.268e-01 -1.184e-08  1.712e-06  6.538e-03  5.582e-07  2.124e-07 -8.224e-08 -2.299e-07 
  3.316e+01 -3.207e-03  6.538e-03  1.373e+05  1.843e-01  3.216e-01 -4.094e-01  2.416e-01 
  4.448e-01  4.713e-08  5.582e-07  1.843e-01  8.764e-06 -5.427e-07 -1.983e-06 -1.548e-06 
 -6.378e-01 -4.368e-08  2.124e-07  3.216e-01 -5.427e-07  8.668e-06 -2.001e-06  1.472e-06 
 -4.529e-01  4.721e-08 -8.224e-08 -4.094e-01 -1.983e-06 -2.001e-06  8.716e-06 -5.490e-07 
 -2.306e-01 -6.724e-09 -2.299e-07  2.416e-01 -1.548e-06  1.472e-06 -5.490e-07  8.208e-06 
 PARAMETER  CORRELATION COEFFICIENTS  
       NO.  GLOBAL      1      3      4     20     21     22     23     24
        1  0.35126   1.000  0.215  0.082  0.000  0.128 -0.184 -0.130 -0.068
        3  0.23126   0.215  1.000 -0.020 -0.019  0.035 -0.033  0.035 -0.005
        4  0.19087   0.082 -0.020  1.000  0.013  0.144  0.055 -0.021 -0.061
       20  0.48677   0.000 -0.019  0.013  1.000  0.168  0.295 -0.374  0.228
       21  0.37936   0.128  0.035  0.144  0.168  1.000 -0.062 -0.227 -0.182
       22  0.41552  -0.184 -0.033  0.055  0.295 -0.062  1.000 -0.230  0.174
       23  0.46166  -0.130  0.035 -0.021 -0.374 -0.227 -0.230  1.000 -0.065
       24  0.33411  -0.068 -0.005 -0.061  0.228 -0.182  0.174 -0.065  1.000
MINUIT - FIT ONLY 1-CBO + wiggle
 **********
 **   16 **RES 
 **********
                   PARAMETER   16  beta_vw RESTORED TO VARIABLE.
                   PARAMETER   14  alpha_vw RESTORED TO VARIABLE.
                   PARAMETER   13  beta_y RESTORED TO VARIABLE.
                   PARAMETER   11  alpha_y RESTORED TO VARIABLE.
                   PARAMETER   10  beta_2CBO RESTORED TO VARIABLE.
                   PARAMETER    9  alpha_2CBO RESTORED TO VARIABLE.
                   PARAMETER    8  beta_CBO RESTORED TO VARIABLE.
                   PARAMETER    6  alpha_CBO RESTORED TO VARIABLE.
 **********
 **   17 **FIX            8
 **********
 **********
 **   18 **FIX            9
 **********
 **********
 **   19 **FIX           11
 **********
 **********
 **   20 **FIX           12
 **********
 PARAMETER   12  IS CONSTANT.   IGNORED.
 **********
 **   21 **FIX           14
 **********
 **********
 **   22 **FIX           15
 **********
 PARAMETER   15  IS CONSTANT.   IGNORED.
 **********
 **   23 **FIX           16
 **********
 **********
 **   24 **MIGRAD
 **********
 START MIGRAD MINIMIZATION.  STRATEGY  1.  CONVERGENCE WHEN EDM .LT. 1.00e-04
 FCN=107.865 FROM MIGRAD    STATUS=INITIATE       28 CALLS        1294 TOTAL
                     EDM= unknown      STRATEGY= 1      NO ERROR MATRIX       
  EXT PARAMETER               CURRENT GUESS       STEP         FIRST   
  NO.   NAME      VALUE            ERROR          SIZE      DERIVATIVE 
   1  N0           3.20824e+06   1.17814e+03   1.67631e-01   9.51700e-07
   2  tau          6.44090e+01   constant   
   3  A0           3.64092e-01   4.50486e-04  -1.20090e-06   2.02663e+00
   4  phi          4.11803e+00   1.30830e-03   3.02580e-06   1.56671e+00
   5  R           -6.00655e+01   constant   
   6  alpha_CBO    0.00000e+00   1.00000e-03   1.00000e-03   1.26754e+04
   7  w_CBO        2.32500e+00   constant   
   8  beta_CBO     0.00000e+00     fixed    
   9  alpha_2CBO   0.00000e+00     fixed    
  10  beta_2CBO    0.00000e+00   1.00000e-03   1.00000e-03  -1.54911e+03
  11  alpha_y      0.00000e+00     fixed    
  12  w_y          1.38860e+01   constant   
  13  beta_y       0.00000e+00   1.00000e-03   1.00000e-03   4.13488e+03
  14  alpha_vw     0.00000e+00     fixed    
  15  w_vw         1.43404e+01   constant   
  16  beta_vw      0.00000e+00     fixed    
  17  LM           2.36781e-04   constant   
  18  zeta_y       0.00000e+00   constant   
  19  zeta_vw      0.00000e+00   constant   
  20  T_CBO        9.99665e+02   7.14374e+02   1.72355e-01  -1.91270e-04
  21  alpha_A0    -9.24831e-04   2.96047e-03   1.33691e-05   1.43206e+00
  22  beta_A0     -1.13519e-03   2.94417e-03   7.59373e-06   6.69938e-01
  23  alpha_phi    1.51179e-03   2.95226e-03   6.55501e-06  -2.11836e-01
  24  beta_phi    -9.23495e-04   2.86499e-03  -2.10166e-06   7.39391e-01
 MIGRAD MINIMIZATION HAS CONVERGED.
 MIGRAD WILL VERIFY CONVERGENCE AND ERROR MATRIX.
 COVARIANCE MATRIX CALCULATED SUCCESSFULLY
 FCN=95.2194 FROM MIGRAD    STATUS=CONVERGED     248 CALLS        1514 TOTAL
                     EDM=7.40886e-06    STRATEGY= 1      ERROR MATRIX ACCURATE 
  EXT PARAMETER                                   STEP         FIRST   
  NO.   NAME      VALUE            ERROR          SIZE      DERIVATIVE 
   1  N0           3.20837e+06   1.22696e+03   5.39566e+00  -8.24102e-07
   2  tau          6.44090e+01   constant   
   3  A0           3.64370e-01   4.52852e-04   2.07429e-06  -3.00920e+00
   4  phi          4.11747e+00   1.38165e-03   6.42235e-06   4.49205e-01
   5  R           -6.00655e+01   constant   
   6  alpha_CBO   -1.79800e-03   5.32803e-04   2.43205e-06  -8.11074e-01
   7  w_CBO        2.32500e+00   constant   
   8  beta_CBO     0.00000e+00     fixed    
   9  alpha_2CBO   0.00000e+00     fixed    
  10  beta_2CBO    1.51559e-04   5.23567e-04   2.44177e-06  -2.52807e-01
  11  alpha_y      0.00000e+00     fixed    
  12  w_y          1.38860e+01   constant   
  13  beta_y      -5.47269e-04   5.07913e-04   2.43079e-06   1.84473e+00
  14  alpha_vw     0.00000e+00     fixed    
  15  w_vw         1.43404e+01   constant   
  16  beta_vw      0.00000e+00     fixed    
  17  LM           2.36781e-04   constant   
  18  zeta_y       0.00000e+00   constant   
  19  zeta_vw      0.00000e+00   constant   
  20  T_CBO        1.00000e+03   9.54519e+02   1.38259e-01** at limit **
  21  alpha_A0    -2.14611e-03   2.89532e-03   1.25173e-05  -1.02548e+00
  22  beta_A0     -1.22839e-03   2.53769e-03   1.14882e-05  -1.75715e-01
  23  alpha_phi    1.19896e-04   2.24320e-03   1.03312e-05   7.89239e-02
  24  beta_phi    -6.72012e-04   2.33394e-03   1.09033e-05  -5.39394e-01
 EXTERNAL ERROR MATRIX.    NDIM=  25    NPAR= 11    ERR DEF=1
  1.505e+06 
  1.172e-01  2.051e-07 
  1.075e-01 -3.173e-08  1.909e-06 
 -2.064e-02 -4.378e-08  8.363e-08  2.839e-07 
  1.582e-02 -9.352e-09 -1.285e-08  8.824e-09  2.741e-07 
  5.508e-03 -3.570e-09  1.191e-08  2.543e-09  2.537e-09  2.580e-07 
 -1.194e+00 -3.464e-07 -1.243e-06 -4.552e-07 -5.465e-07 -7.306e-08  6.080e-01 
  3.107e-01 -2.941e-08  7.202e-07  1.648e-07 -1.965e-07  8.679e-09 -7.432e-04  8.383e-06 
 -5.669e-01 -8.221e-08  3.208e-07  1.471e-08  7.689e-08  2.772e-08 -4.196e-04  9.577e-07  6.440e-06 
 -4.455e-01  1.257e-08 -7.378e-08  2.180e-07 -4.597e-08 -1.395e-08  3.939e-05 -2.812e-07 -3.363e-07  5.032e-06 
 -1.300e-01  1.155e-08 -1.477e-07 -5.177e-08 -1.652e-07 -2.507e-08 -2.175e-04 -2.886e-07 -1.449e-07  1.647e-07  5.447e-06 
 PARAMETER  CORRELATION COEFFICIENTS  
       NO.  GLOBAL      1      3      4      6     10     13     20     21     22     23     24
        1  0.35195   1.000  0.211  0.063 -0.032  0.025  0.009 -0.001  0.087 -0.182 -0.162 -0.045
        3  0.29226   0.211  1.000 -0.051 -0.181 -0.039 -0.016 -0.001 -0.022 -0.072  0.012  0.011
        4  0.24111   0.063 -0.051  1.000  0.114 -0.018  0.017 -0.001  0.180  0.092 -0.024 -0.046
        6  0.30290  -0.032 -0.181  0.114  1.000  0.032  0.009 -0.001  0.107  0.011  0.182 -0.042
       10  0.22778   0.025 -0.039 -0.018  0.032  1.000  0.010 -0.001 -0.130  0.058 -0.039 -0.135
       13  0.03976   0.009 -0.016  0.017  0.009  0.010  1.000 -0.000  0.006  0.022 -0.012 -0.021
       20  0.40511  -0.001 -0.001 -0.001 -0.001 -0.001 -0.000  1.000 -0.329 -0.212  0.023 -0.120
       21  0.43041   0.087 -0.022  0.180  0.107 -0.130  0.006 -0.329  1.000  0.130 -0.043 -0.043
       22  0.32658  -0.182 -0.072  0.092  0.011  0.058  0.022 -0.212  0.130  1.000 -0.059 -0.024
       23  0.27459  -0.162  0.012 -0.024  0.182 -0.039 -0.012  0.023 -0.043 -0.059  1.000  0.031
       24  0.22062  -0.045  0.011 -0.046 -0.042 -0.135 -0.021 -0.120 -0.043 -0.024  0.031  1.000
MINUIT - FIT ONLY 2-CBO
 **********
 **   25 **RES 
 **********
                   PARAMETER   16  beta_vw RESTORED TO VARIABLE.
                   PARAMETER   14  alpha_vw RESTORED TO VARIABLE.
                   PARAMETER   11  alpha_y RESTORED TO VARIABLE.
                   PARAMETER    9  alpha_2CBO RESTORED TO VARIABLE.
                   PARAMETER    8  beta_CBO RESTORED TO VARIABLE.
 **********
 **   26 **FIX            0
 **********
 PARAMETER    0  IS UNDEFINED. IGNORED.
 **********
 **   27 **FIX            1
 **********
 **********
 **   28 **FIX            2
 **********
 PARAMETER    2  IS CONSTANT.   IGNORED.
 **********
 **   29 **FIX            3
 **********
 **********
 **   30 **FIX            4
 **********
 **********
 **   31 **FIX            5
 **********
 PARAMETER    5  IS CONSTANT.   IGNORED.
 **********
 **   32 **FIX            6
 **********
 **********
 **   33 **FIX            7
 **********
 PARAMETER    7  IS CONSTANT.   IGNORED.
 **********
 **   34 **FIX           10
 **********
 **********
 **   35 **FIX           11
 **********
 **********
 **   36 **FIX           12
 **********
 PARAMETER   12  IS CONSTANT.   IGNORED.
 **********
 **   37 **FIX           13
 **********
 **********
 **   38 **FIX           14
 **********
 **********
 **   39 **FIX           15
 **********
 PARAMETER   15  IS CONSTANT.   IGNORED.
 **********
 **   40 **FIX           16
 **********
 **********
 **   41 **MIGRAD
 **********
 START MIGRAD MINIMIZATION.  STRATEGY  1.  CONVERGENCE WHEN EDM .LT. 1.00e-04
 FCN=95.2194 FROM MIGRAD    STATUS=INITIATE       18 CALLS        1532 TOTAL
                     EDM= unknown      STRATEGY= 1      NO ERROR MATRIX       
  EXT PARAMETER               CURRENT GUESS       STEP         FIRST   
  NO.   NAME      VALUE            ERROR          SIZE      DERIVATIVE 
   1  N0           3.20837e+06     fixed    
   2  tau          6.44090e+01   constant   
   3  A0           3.64370e-01     fixed    
   4  phi          4.11747e+00     fixed    
   5  R           -6.00655e+01   constant   
   6  alpha_CBO   -1.79800e-03     fixed    
   7  w_CBO        2.32500e+00   constant   
   8  beta_CBO     0.00000e+00   1.00000e-03   1.00000e-03  -1.36528e+04
   9  alpha_2CBO   0.00000e+00   1.00000e-03   1.00000e-03  -6.49241e+03
  10  beta_2CBO    1.51559e-04     fixed    
  11  alpha_y      0.00000e+00     fixed    
  12  w_y          1.38860e+01   constant   
  13  beta_y      -5.47269e-04     fixed    
  14  alpha_vw     0.00000e+00     fixed    
  15  w_vw         1.43404e+01   constant   
  16  beta_vw      0.00000e+00     fixed    
  17  LM           2.36781e-04   constant   
  18  zeta_y       0.00000e+00   constant   
  19  zeta_vw      0.00000e+00   constant   
  20  T_CBO        9.99999e+02   9.54519e+02   1.38259e-01  -1.91090e-06
  21  alpha_A0    -2.14611e-03   2.89532e-03   1.25173e-05  -1.02531e+00
  22  beta_A0     -1.22839e-03   2.53769e-03   1.14882e-05  -1.75627e-01
  23  alpha_phi    1.19896e-04   2.24320e-03   1.03312e-05   7.89279e-02
  24  beta_phi    -6.72012e-04   2.33394e-03   1.09033e-05  -5.39307e-01
 MIGRAD MINIMIZATION HAS CONVERGED.
 MIGRAD WILL VERIFY CONVERGENCE AND ERROR MATRIX.
 COVARIANCE MATRIX CALCULATED SUCCESSFULLY
 FCN=79.7375 FROM MIGRAD    STATUS=CONVERGED     119 CALLS        1633 TOTAL
                     EDM=5.90362e-06    STRATEGY= 1      ERROR MATRIX ACCURATE 
  EXT PARAMETER                                   STEP         FIRST   
  NO.   NAME      VALUE            ERROR          SIZE      DERIVATIVE 
   1  N0           3.20837e+06     fixed    
   2  tau          6.44090e+01   constant   
   3  A0           3.64370e-01     fixed    
   4  phi          4.11747e+00     fixed    
   5  R           -6.00655e+01   constant   
   6  alpha_CBO   -1.79800e-03     fixed    
   7  w_CBO        2.32500e+00   constant   
   8  beta_CBO     1.85152e-03   5.19389e-04   2.21428e-06   1.88240e+00
   9  alpha_2CBO   8.75135e-04   5.13405e-04   2.20570e-06  -3.23640e+00
  10  beta_2CBO    1.51559e-04     fixed    
  11  alpha_y      0.00000e+00     fixed    
  12  w_y          1.38860e+01   constant   
  13  beta_y      -5.47269e-04     fixed    
  14  alpha_vw     0.00000e+00     fixed    
  15  w_vw         1.43404e+01   constant   
  16  beta_vw      0.00000e+00     fixed    
  17  LM           2.36781e-04   constant   
  18  zeta_y       0.00000e+00   constant   
  19  zeta_vw      0.00000e+00   constant   
  20  T_CBO        9.99574e+02   7.21033e+02   1.42484e-01   8.31171e-05
  21  alpha_A0    -2.03404e-03   2.64239e-03   1.14621e-05   4.12749e-01
  22  beta_A0     -2.78099e-04   2.45019e-03   1.05343e-05   9.45846e-01
  23  alpha_phi   -5.44549e-04   2.18462e-03   9.45910e-06  -2.19784e-01
  24  beta_phi     1.24900e-03   2.35394e-03   9.99171e-06  -6.31688e-01
 EXTERNAL ERROR MATRIX.    NDIM=  25    NPAR=  7    ERR DEF=1
  2.698e-07  2.847e-09  3.075e-07 -3.375e-08  4.389e-08 -2.848e-08  2.819e-07 
  2.847e-09  2.636e-07  2.593e-07  1.045e-07  1.978e-07 -1.445e-07 -1.587e-09 
  3.075e-07  2.593e-07  8.520e+02 -3.455e-04 -4.100e-05 -9.453e-05  2.193e-04 
 -3.375e-08  1.045e-07 -3.455e-04  6.982e-06  5.725e-07 -3.122e-07 -6.093e-07 
  4.389e-08  1.978e-07 -4.100e-05  5.725e-07  6.003e-06 -5.468e-07 -2.314e-07 
 -2.848e-08 -1.445e-07 -9.453e-05 -3.122e-07 -5.468e-07  4.773e-06  1.148e-07 
  2.819e-07 -1.587e-09  2.193e-04 -6.093e-07 -2.314e-07  1.148e-07  5.541e-06 
 PARAMETER  CORRELATION COEFFICIENTS  
       NO.  GLOBAL      8      9     20     21     22     23     24
        8  0.23621   1.000  0.011  0.000 -0.025  0.034 -0.025  0.231
        9  0.20282   0.011  1.000  0.000  0.077  0.157 -0.129 -0.001
       20  0.00562   0.000  0.000  1.000 -0.004 -0.001 -0.001  0.003
       21  0.14930  -0.025  0.077 -0.004  1.000  0.088 -0.054 -0.098
       22  0.19879   0.034  0.157 -0.001  0.088  1.000 -0.102 -0.040
       23  0.16075  -0.025 -0.129 -0.001 -0.054 -0.102  1.000  0.022
       24  0.25258   0.231 -0.001  0.003 -0.098 -0.040  0.022  1.000
MINUIT - FIT wiggle + 1-CBO + 2-CBO
 **********
 **   42 **RES 
 **********
                   PARAMETER   16  beta_vw RESTORED TO VARIABLE.
                   PARAMETER   14  alpha_vw RESTORED TO VARIABLE.
                   PARAMETER   13  beta_y RESTORED TO VARIABLE.
                   PARAMETER   11  alpha_y RESTORED TO VARIABLE.
                   PARAMETER   10  beta_2CBO RESTORED TO VARIABLE.
                   PARAMETER    6  alpha_CBO RESTORED TO VARIABLE.
                   PARAMETER    4  phi RESTORED TO VARIABLE.
                   PARAMETER    3  A0 RESTORED TO VARIABLE.
                   PARAMETER    1  N0 RESTORED TO VARIABLE.
 **********
 **   43 **FIX           10
 **********
 **********
 **   44 **FIX           11
 **********
 **********
 **   45 **FIX           12
 **********
 PARAMETER   12  IS CONSTANT.   IGNORED.
 **********
 **   46 **FIX           13
 **********
 **********
 **   47 **FIX           14
 **********
 **********
 **   48 **FIX           15
 **********
 PARAMETER   15  IS CONSTANT.   IGNORED.
 **********
 **   49 **FIX           16
 **********
 **********
 **   50 **MIGRAD
 **********
 START MIGRAD MINIMIZATION.  STRATEGY  1.  CONVERGENCE WHEN EDM .LT. 1.00e-04
 FCN=79.7374 FROM MIGRAD    STATUS=INITIATE       53 CALLS        1686 TOTAL
                     EDM= unknown      STRATEGY= 1      NO ERROR MATRIX       
  EXT PARAMETER               CURRENT GUESS       STEP         FIRST   
  NO.   NAME      VALUE            ERROR          SIZE      DERIVATIVE 
   1  N0           3.20837e+06   1.22696e+03   0.00000e+00  -1.27010e-04
   2  tau          6.44090e+01   constant   
   3  A0           3.64370e-01   4.52852e-04   0.00000e+00   8.67573e+02
   4  phi          4.11747e+00   1.38165e-03   0.00000e+00   1.02304e+03
   5  R           -6.00655e+01   constant   
   6  alpha_CBO   -1.79800e-03   5.32803e-04   0.00000e+00  -1.69825e+02
   7  w_CBO        2.32500e+00   constant   
   8  beta_CBO     1.85152e-03   5.19389e-04   0.00000e+00   5.80179e+00
   9  alpha_2CBO   8.75135e-04   5.13405e-04   0.00000e+00  -4.05851e+00
  10  beta_2CBO    1.51559e-04     fixed    
  11  alpha_y      0.00000e+00     fixed    
  12  w_y          1.38860e+01   constant   
  13  beta_y      -5.47269e-04     fixed    
  14  alpha_vw     0.00000e+00     fixed    
  15  w_vw         1.43404e+01   constant   
  16  beta_vw      0.00000e+00     fixed    
  17  LM           2.36781e-04   constant   
  18  zeta_y       0.00000e+00   constant   
  19  zeta_vw      0.00000e+00   constant   
  20  T_CBO        9.73624e+02   7.21033e+02  -2.84968e-01  -1.12417e-05
  21  alpha_A0    -2.03404e-03   2.64239e-03   0.00000e+00   4.48002e+00
  22  beta_A0     -2.78099e-04   2.45019e-03   0.00000e+00   1.23307e+00
  23  alpha_phi   -5.44549e-04   2.18462e-03   0.00000e+00   1.86713e+00
  24  beta_phi     1.24900e-03   2.35394e-03   0.00000e+00  -3.76319e+00
 MIGRAD MINIMIZATION HAS CONVERGED.
 MIGRAD WILL VERIFY CONVERGENCE AND ERROR MATRIX.
 COVARIANCE MATRIX CALCULATED SUCCESSFULLY
 FCN=79.1915 FROM MIGRAD    STATUS=CONVERGED     283 CALLS        1916 TOTAL
                     EDM=3.46335e-06    STRATEGY= 1      ERROR MATRIX ACCURATE 
  EXT PARAMETER                                   STEP         FIRST   
  NO.   NAME      VALUE            ERROR          SIZE      DERIVATIVE 
   1  N0           3.20836e+06   1.41182e+00   4.92578e+00  -1.31391e-06
   2  tau          6.44090e+01   constant   
   3  A0           3.64299e-01   4.42549e-04   1.89359e-06  -1.02585e+00
   4  phi          4.11646e+00   1.41836e-03   5.86548e-06   7.86396e-01
   5  R           -6.00655e+01   constant   
   6  alpha_CBO   -1.79964e-03   5.32246e-04   2.22019e-06   8.81196e-01
   7  w_CBO        2.32500e+00   constant   
   8  beta_CBO     1.94197e-03   5.33788e-04   2.20675e-06   2.81515e-01
   9  alpha_2CBO   8.53466e-04   5.14847e-04   2.19817e-06  -2.44285e-02
  10  beta_2CBO    1.51559e-04     fixed    
  11  alpha_y      0.00000e+00     fixed    
  12  w_y          1.38860e+01   constant   
  13  beta_y      -5.47269e-04     fixed    
  14  alpha_vw     0.00000e+00     fixed    
  15  w_vw         1.43404e+01   constant   
  16  beta_vw      0.00000e+00     fixed    
  17  LM           2.36781e-04   constant   
  18  zeta_y       0.00000e+00   constant   
  19  zeta_vw      0.00000e+00   constant   
  20  T_CBO        9.99983e+02   7.09026e+02   1.09748e-01  -2.87359e-05
  21  alpha_A0    -2.38992e-03   2.71115e-03   1.14234e-05   6.60634e-02
  22  beta_A0     -4.49364e-04   2.46572e-03   1.04988e-05   3.26822e-01
  23  alpha_phi   -5.15209e-04   2.23104e-03   9.42936e-06  -7.04170e-01
  24  beta_phi     1.41829e-03   2.36685e-03   9.96016e-06   5.79307e-01
 EXTERNAL ERROR MATRIX.    NDIM=  25    NPAR= 11    ERR DEF=1
  1.993e+00 
  1.560e-07  1.958e-07 
  1.491e-07 -3.797e-08  2.012e-06 
 -2.816e-08 -4.177e-08  8.486e-08  2.833e-07 
 -6.073e-09 -6.612e-09 -1.709e-07  4.983e-10  2.849e-07 
  3.560e-09 -7.430e-09  4.894e-08 -1.695e-09 -1.089e-09  2.651e-07 
 -3.844e-07 -2.917e-07 -3.083e-07 -8.596e-08  1.814e-07  1.069e-07  3.324e+01 
  4.266e-07 -6.312e-08  7.674e-07  1.747e-07 -9.384e-08  1.221e-07 -1.695e-04  7.350e-06 
 -7.586e-07 -4.068e-08  3.763e-07  1.949e-09  1.429e-08  2.083e-07 -2.958e-05  7.114e-07  6.080e-06 
 -5.880e-07  5.060e-08 -5.853e-08  2.141e-07 -2.123e-08 -1.519e-07 -3.785e-05 -2.341e-07 -5.840e-07  4.978e-06 
 -1.670e-07  4.205e-09 -3.333e-07 -4.691e-08  3.098e-07 -9.006e-09  1.037e-04 -7.529e-07 -2.855e-07  9.651e-08  5.602e-06 
 PARAMETER  CORRELATION COEFFICIENTS  
       NO.  GLOBAL      1      3      4      6      8      9     20     21     22     23     24
        1  0.00043   1.000  0.000  0.000 -0.000 -0.000  0.000 -0.000  0.000 -0.000 -0.000 -0.000
        3  0.20594   0.000  1.000 -0.060 -0.177 -0.028 -0.033 -0.000 -0.053 -0.037  0.051  0.004
        4  0.32485   0.000 -0.060  1.000  0.112 -0.226  0.067 -0.000  0.200  0.108 -0.018 -0.099
        6  0.29984  -0.000 -0.177  0.112  1.000  0.002 -0.006 -0.000  0.121  0.001  0.180 -0.037
        8  0.32570  -0.000 -0.028 -0.226  0.002  1.000 -0.004  0.000 -0.065  0.011 -0.018  0.245
        9  0.21574   0.000 -0.033  0.067 -0.006 -0.004  1.000  0.000  0.087  0.164 -0.132 -0.007
       20  0.01364  -0.000 -0.000 -0.000 -0.000  0.000  0.000  1.000 -0.011 -0.002 -0.003  0.008
       21  0.26726   0.000 -0.053  0.200  0.121 -0.065  0.087 -0.011  1.000  0.106 -0.039 -0.117
       22  0.22747  -0.000 -0.037  0.108  0.001  0.011  0.164 -0.002  0.106  1.000 -0.106 -0.049
       23  0.25634  -0.000  0.051 -0.018  0.180 -0.018 -0.132 -0.003 -0.039 -0.106  1.000  0.018
       24  0.27160  -0.000  0.004 -0.099 -0.037  0.245 -0.007  0.008 -0.117 -0.049  0.018  1.000
MINUIT - FIT ONLY 1-y
 **********
 **   51 **RES 
 **********
                   PARAMETER   16  beta_vw RESTORED TO VARIABLE.
                   PARAMETER   14  alpha_vw RESTORED TO VARIABLE.
                   PARAMETER   13  beta_y RESTORED TO VARIABLE.
                   PARAMETER   11  alpha_y RESTORED TO VARIABLE.
                   PARAMETER   10  beta_2CBO RESTORED TO VARIABLE.
 **********
 **   52 **FIX            0
 **********
 PARAMETER    0  IS UNDEFINED. IGNORED.
 **********
 **   53 **FIX            1
 **********
 **********
 **   54 **FIX            2
 **********
 PARAMETER    2  IS CONSTANT.   IGNORED.
 **********
 **   55 **FIX            3
 **********
 **********
 **   56 **FIX            4
 **********
 **********
 **   57 **FIX            5
 **********
 PARAMETER    5  IS CONSTANT.   IGNORED.
 **********
 **   58 **FIX            6
 **********
 **********
 **   59 **FIX            7
 **********
 PARAMETER    7  IS CONSTANT.   IGNORED.
 **********
 **   60 **FIX            8
 **********
 **********
 **   61 **FIX            9
 **********
 **********
 **   62 **FIX           13
 **********
 **********
 **   63 **FIX           14
 **********
 **********
 **   64 **FIX           15
 **********
 PARAMETER   15  IS CONSTANT.   IGNORED.
 **********
 **   65 **FIX           16
 **********
 **********
 **   66 **MIGRAD
 **********
 START MIGRAD MINIMIZATION.  STRATEGY  1.  CONVERGENCE WHEN EDM .LT. 1.00e-04
 FCN=79.1914 FROM MIGRAD    STATUS=INITIATE       35 CALLS        1951 TOTAL
                     EDM= unknown      STRATEGY= 1      NO ERROR MATRIX       
  EXT PARAMETER               CURRENT GUESS       STEP         FIRST   
  NO.   NAME      VALUE            ERROR          SIZE      DERIVATIVE 
   1  N0           3.20836e+06     fixed    
   2  tau          6.44090e+01   constant   
   3  A0           3.64299e-01     fixed    
   4  phi          4.11646e+00     fixed    
   5  R           -6.00655e+01   constant   
   6  alpha_CBO   -1.79964e-03     fixed    
   7  w_CBO        2.32500e+00   constant   
   8  beta_CBO     1.94197e-03     fixed    
   9  alpha_2CBO   8.53466e-04     fixed    
  10  beta_2CBO    1.51559e-04   5.23567e-04   0.00000e+00  -1.38632e+02
  11  alpha_y      0.00000e+00   1.00000e-03   0.00000e+00   1.50279e+00
  12  w_y          1.38860e+01   constant   
  13  beta_y      -5.47269e-04     fixed    
  14  alpha_vw     0.00000e+00     fixed    
  15  w_vw         1.43404e+01   constant   
  16  beta_vw      0.00000e+00     fixed    
  17  LM           2.36781e-04   constant   
  18  zeta_y       0.00000e+00   constant   
  19  zeta_vw      0.00000e+00   constant   
  20  T_CBO        9.75663e+02   7.09026e+02  -3.05133e-01   3.00754e-04
  21  alpha_A0    -2.38992e-03   2.71115e-03   0.00000e+00   4.53232e+00
  22  beta_A0     -4.49364e-04   2.46572e-03   0.00000e+00   9.38743e-01
  23  alpha_phi   -5.15209e-04   2.23104e-03   0.00000e+00   1.25973e+00
  24  beta_phi     1.41829e-03   2.36685e-03   0.00000e+00  -2.71608e+00
 CALL LIMIT EXCEEDED IN MIGRAD.
 MIGRAD TERMINATED WITHOUT CONVERGENCE.
 FCN=79.0152 FROM MIGRAD    STATUS=CALL LIMIT   1155 CALLS        3071 TOTAL
                     EDM=0.0036461    STRATEGY= 1  ERROR MATRIX UNCERTAINTY  34.1 per cent
  EXT PARAMETER                APPROXIMATE        STEP         FIRST   
  NO.   NAME      VALUE            ERROR          SIZE      DERIVATIVE 
   1  N0           3.20836e+06     fixed    
   2  tau          6.44090e+01   constant   
   3  A0           3.64299e-01     fixed    
   4  phi          4.11646e+00     fixed    
   5  R           -6.00655e+01   constant   
   6  alpha_CBO   -1.79964e-03     fixed    
   7  w_CBO        2.32500e+00   constant   
   8  beta_CBO     1.94197e-03     fixed    
   9  alpha_2CBO   8.53466e-04     fixed    
  10  beta_2CBO    1.63230e-04   4.90919e-04   8.08022e-07   7.69399e+01
  11  alpha_y     -3.40452e-06   5.03694e-04  -6.48197e-07  -3.48302e+01
  12  w_y          1.38860e+01   constant   
  13  beta_y      -5.47269e-04     fixed    
  14  alpha_vw     0.00000e+00     fixed    
  15  w_vw         1.43404e+01   constant   
  16  beta_vw      0.00000e+00     fixed    
  17  LM           2.36781e-04   constant   
  18  zeta_y       0.00000e+00   constant   
  19  zeta_vw      0.00000e+00   constant   
  20  T_CBO        3.66641e+01   1.23047e+01   9.94889e-04  -1.77850e-02
  21  alpha_A0    -3.27891e+00   7.85200e+00   2.36811e-03   2.81603e-02
  22  beta_A0     -6.48253e-01   1.55220e+00   4.75848e-04  -4.11952e-02
  23  alpha_phi   -8.12421e-01   1.94728e+00   5.86015e-04   2.07048e-02
  24  beta_phi     2.37290e+00   5.68840e+00  -1.72525e-03   2.39686e-02
 EXTERNAL ERROR MATRIX.    NDIM=  25    NPAR=  7    ERR DEF=1
  2.410e-07  1.421e-08 -2.043e-03 -1.430e-03 -2.826e-04 -3.547e-04  1.036e-03 
  1.421e-08  2.537e-07  9.283e-04  6.639e-04  1.313e-04  1.647e-04 -4.811e-04 
 -2.043e-03  9.283e-04  1.516e+02  9.070e+01  1.793e+01  2.249e+01 -6.571e+01 
 -1.430e-03  6.639e-04  9.070e+01  6.165e+01  1.219e+01  1.529e+01 -4.467e+01 
 -2.826e-04  1.313e-04  1.793e+01  1.219e+01  2.409e+00  3.023e+00 -8.830e+00 
 -3.547e-04  1.647e-04  2.249e+01  1.529e+01  3.023e+00  3.792e+00 -1.108e+01 
  1.036e-03 -4.811e-04 -6.571e+01 -4.467e+01 -8.830e+00 -1.108e+01  3.236e+01 
ERR MATRIX APPROXIMATE
 PARAMETER  CORRELATION COEFFICIENTS  
       NO.  GLOBAL     10     11     20     21     22     23     24
       10  0.44007   1.000  0.057 -0.338 -0.371 -0.371 -0.371  0.371
       11  0.21384   0.057  1.000  0.150  0.168  0.168  0.168 -0.168
       20  0.93863  -0.338  0.150  1.000  0.938  0.938  0.938 -0.938
       21  1.00000  -0.371  0.168  0.938  1.000  1.000  1.000 -1.000
       22  1.00000  -0.371  0.168  0.938  1.000  1.000  1.000 -1.000
       23  1.00000  -0.371  0.168  0.938  1.000  1.000  1.000 -1.000
       24  1.00000   0.371 -0.168 -0.938 -1.000 -1.000 -1.000  1.000
 ERR MATRIX APPROXIMATE
MINUIT - FIT ONLY 2-y
 **********
 **   67 **RES 
 **********
                   PARAMETER   16  beta_vw RESTORED TO VARIABLE.
                   PARAMETER   14  alpha_vw RESTORED TO VARIABLE.
                   PARAMETER   13  beta_y RESTORED TO VARIABLE.
                   PARAMETER    9  alpha_2CBO RESTORED TO VARIABLE.
                   PARAMETER    8  beta_CBO RESTORED TO VARIABLE.
                   PARAMETER    6  alpha_CBO RESTORED TO VARIABLE.
                   PARAMETER    4  phi RESTORED TO VARIABLE.
                   PARAMETER    3  A0 RESTORED TO VARIABLE.
                   PARAMETER    1  N0 RESTORED TO VARIABLE.
 **********
 **   68 **FIX            0
 **********
 PARAMETER    0  IS UNDEFINED. IGNORED.
 **********
 **   69 **FIX            1
 **********
 **********
 **   70 **FIX            2
 **********
 PARAMETER    2  IS CONSTANT.   IGNORED.
 **********
 **   71 **FIX            3
 **********
 **********
 **   72 **FIX            4
 **********
 **********
 **   73 **FIX            5
 **********
 PARAMETER    5  IS CONSTANT.   IGNORED.
 **********
 **   74 **FIX            6
 **********
 **********
 **   75 **FIX            7
 **********
 PARAMETER    7  IS CONSTANT.   IGNORED.
 **********
 **   76 **FIX            8
 **********
 **********
 **   77 **FIX            9
 **********
 **********
 **   78 **FIX           10
 **********
 **********
 **   79 **FIX           11
 **********
 **********
 **   80 **FIX           12
 **********
 PARAMETER   12  IS CONSTANT.   IGNORED.
 **********
 **   81 **FIX           16
 **********
 **********
 **   82 **MIGRAD
 **********
 START MIGRAD MINIMIZATION.  STRATEGY  1.  CONVERGENCE WHEN EDM .LT. 1.00e-04
 FCN=79.0152 FROM MIGRAD    STATUS=INITIATE       16 CALLS        3087 TOTAL
                     EDM= unknown      STRATEGY= 1      NO ERROR MATRIX       
  EXT PARAMETER               CURRENT GUESS       STEP         FIRST   
  NO.   NAME      VALUE            ERROR          SIZE      DERIVATIVE 
   1  N0           3.20836e+06     fixed    
   2  tau          6.44090e+01   constant   
   3  A0           3.64299e-01     fixed    
   4  phi          4.11646e+00     fixed    
   5  R           -6.00655e+01   constant   
   6  alpha_CBO   -1.79964e-03     fixed    
   7  w_CBO        2.32500e+00   constant   
   8  beta_CBO     1.94197e-03     fixed    
   9  alpha_2CBO   8.53466e-04     fixed    
  10  beta_2CBO    1.63230e-04     fixed    
  11  alpha_y     -3.40452e-06     fixed    
  12  w_y          1.38860e+01   constant   
  13  beta_y      -5.47269e-04   5.07913e-04   5.07913e-04  -2.25073e+01
  14  alpha_vw     0.00000e+00   1.00000e-03   1.00000e-03  -7.49422e+02
  15  w_vw         1.43404e+01   constant   
  16  beta_vw      0.00000e+00     fixed    
  17  LM           2.36781e-04   constant   
  18  zeta_y       0.00000e+00   constant   
  19  zeta_vw      0.00000e+00   constant   
  20  T_CBO        3.66641e+01   1.23047e+01   9.94889e-04  -1.78401e-02
  21  alpha_A0    -3.27891e+00   7.85200e+00   2.36811e-03   2.81603e-02
  22  beta_A0     -6.48253e-01   1.55220e+00   4.75848e-04  -4.11952e-02
  23  alpha_phi   -8.12421e-01   1.94728e+00   5.86015e-04   2.07048e-02
  24  beta_phi     2.37290e+00   5.68840e+00  -1.72525e-03   2.39686e-02
 CALL LIMIT EXCEEDED IN MIGRAD.
 MIGRAD TERMINATED WITHOUT CONVERGENCE.
 FCN=78.7264 FROM MIGRAD    STATUS=CALL LIMIT   1147 CALLS        4218 TOTAL
                     EDM=0.0023749    STRATEGY= 1  ERROR MATRIX UNCERTAINTY  26.9 per cent
  EXT PARAMETER                APPROXIMATE        STEP         FIRST   
  NO.   NAME      VALUE            ERROR          SIZE      DERIVATIVE 
   1  N0           3.20836e+06     fixed    
   2  tau          6.44090e+01   constant   
   3  A0           3.64299e-01     fixed    
   4  phi          4.11646e+00     fixed    
   5  R           -6.00655e+01   constant   
   6  alpha_CBO   -1.79964e-03     fixed    
   7  w_CBO        2.32500e+00   constant   
   8  beta_CBO     1.94197e-03     fixed    
   9  alpha_2CBO   8.53466e-04     fixed    
  10  beta_2CBO    1.63230e-04     fixed    
  11  alpha_y     -3.40452e-06     fixed    
  12  w_y          1.38860e+01   constant   
  13  beta_y      -5.58337e-04   5.17370e-04   3.21825e-06  -7.57157e+00
  14  alpha_vw     9.92485e-05   5.37377e-04  -8.54831e-06   1.85611e+01
  15  w_vw         1.43404e+01   constant   
  16  beta_vw      0.00000e+00     fixed    
  17  LM           2.36781e-04   constant   
  18  zeta_y       0.00000e+00   constant   
  19  zeta_vw      0.00000e+00   constant   
  20  T_CBO        1.61197e+01   4.62581e+00  -1.71179e-03  -1.15898e+01
  21  alpha_A0    -5.03354e+04   2.11892e+05  -9.20150e+03  -2.46576e-07
  22  beta_A0     -4.49888e+03   1.89125e+04  -8.21294e+02  -2.30684e-06
  23  alpha_phi   -1.41124e+04   5.93940e+04  -2.57921e+03   2.18971e-06
  24  beta_phi     3.40379e+04   1.43264e+05   6.22128e+03  -3.00201e-06
 EXTERNAL ERROR MATRIX.    NDIM=  25    NPAR=  7    ERR DEF=1
  2.677e-07 -4.298e-08 -5.361e-05 -3.483e+00 -3.109e-01 -9.762e-01  2.355e+00 
 -4.298e-08  2.888e-07  1.441e-04  9.933e+00  8.865e-01  2.784e+00 -6.716e+00 
 -5.361e-05  1.441e-04  2.141e+01  9.697e+05  8.655e+04  2.718e+05 -6.556e+05 
 -3.483e+00  9.933e+00  9.697e+05  4.490e+10  4.007e+09  1.259e+10 -3.036e+10 
 -3.109e-01  8.865e-01  8.655e+04  4.007e+09  3.577e+08  1.123e+09 -2.709e+09 
 -9.762e-01  2.784e+00  2.718e+05  1.259e+10  1.123e+09  3.528e+09 -8.509e+09 
  2.355e+00 -6.716e+00 -6.556e+05 -3.036e+10 -2.709e+09 -8.509e+09  2.052e+10 
ERR MATRIX APPROXIMATE
 PARAMETER  CORRELATION COEFFICIENTS  
       NO.  GLOBAL     13     14     20     21     22     23     24
       13  0.16192   1.000 -0.155 -0.022 -0.032 -0.032 -0.032  0.032
       14  0.25745  -0.155  1.000  0.058  0.087  0.087  0.087 -0.087
       20  0.98971  -0.022  0.058  1.000  0.989  0.989  0.989 -0.989
       21  1.00000  -0.032  0.087  0.989  1.000  1.000  1.000 -1.000
       22  1.00000  -0.032  0.087  0.989  1.000  1.000  1.000 -1.000
       23  1.00000  -0.032  0.087  0.989  1.000  1.000  1.000 -1.000
       24  1.00000   0.032 -0.087 -0.989 -1.000 -1.000 -1.000  1.000
 ERR MATRIX APPROXIMATE
