 + ++++++++++++++++++++++++++++++++++++++++++++++++++++++++++++++++++++ +
 +                                                                      +
 +           You have chose to blind your fitting according to          +
 +                omega_ref * (1 + (R +/- deltaR) *10^{-6})             +
 +                                                                      +
 + ++++++++++++++++++++++++++++++++++++++++++++++++++++++++++++++++++++ +
In main()...
reading format from /gm2data/zkhechad/run45/envelope/formats/formatB_sBin_constraintOn.txt
pBinTau 	= 0  
pBinPhi 	= 0  
constraintau 	= 1 
includeMopTerm 	= 0    
constrainMop    = 0   
Parameters after format file: pBinTau 0 pBinPhi 0 constraintau 1 includeMopTerm 0 constrainMop 0 c_e_scale 0.000000 
Opening file /gm2data/tbarrett/gm2fr/studies/run23_bunch_corrections/CorrectedFourier_Run3b.root.
reading full fit data from /gm2data/zkhechad/cboTemplates/Run4CBOTemplates/fullFits/noRF/sBin_constraintOn_cE0.0_seed0_noRF_calo17.root
windowBins = 69
fitting sliding window 1050 from bin 1186 at 176.802000 to bin 1255 at 187.246000 (69 bins)

Reading data from /gm2data/cornell/histograms/aMethod/histogram_a_noRF.root
 **********
 **    1 **SET PRINTOUT            1
 **********
 **********
 **    2 **SET NOWARNINGS 
 **********
 PARAMETER DEFINITIONS:
    NO.   NAME         VALUE      STEP SIZE      LIMITS
     1 N0           3.18624e+06  1.00000e+02     no limits
     2 tau          6.44064e+01  constant
     3 A0           3.45293e-01  1.00000e-04     no limits
     4 phi          4.12011e+00  1.00000e-02     no limits
     5 R           -6.06001e+01  constant
     6 alpha_CBO    0.00000e+00  1.00000e-03     no limits
     7 w_CBO        2.32500e+00  constant
     8 beta_CBO     0.00000e+00  1.00000e-03     no limits
     9 alpha_2CBO   0.00000e+00  1.00000e-03     no limits
    10 beta_2CBO    0.00000e+00  1.00000e-03     no limits
    11 alpha_y      0.00000e+00  1.00000e-03     no limits
    12 w_y          1.38860e+01  constant
    13 beta_y       0.00000e+00  1.00000e-03     no limits
    14 alpha_vw     0.00000e+00  1.00000e-03     no limits
    15 w_vw         1.43404e+01  constant
    16 beta_vw      0.00000e+00  1.00000e-03     no limits
    17 LM           6.43054e-05  constant
    18 zeta_y       0.00000e+00  constant
    19 zeta_vw      0.00000e+00  constant
    20 T_CBO        1.00000e+02  1.00000e+00    0.00000e+00  1.00000e+03
    21 alpha_A0     0.00000e+00  1.00000e-03     no limits
    22 beta_A0      0.00000e+00  1.00000e-03     no limits
    23 alpha_phi    0.00000e+00  1.00000e-03     no limits
    24 beta_phi     0.00000e+00  1.00000e-03     no limits
MINUIT - FIT ONLY WIGGLE
 **********
 **    3 **FIX            5
 **********
 PARAMETER    5  IS CONSTANT.   IGNORED.
 **********
 **    4 **FIX            6
 **********
 **********
 **    5 **FIX            7
 **********
 PARAMETER    7  IS CONSTANT.   IGNORED.
 **********
 **    6 **FIX            8
 **********
 **********
 **    7 **FIX            9
 **********
 **********
 **    8 **FIX           10
 **********
 **********
 **    9 **FIX           11
 **********
 **********
 **   10 **FIX           12
 **********
 PARAMETER   12  IS CONSTANT.   IGNORED.
 **********
 **   11 **FIX           13
 **********
 **********
 **   12 **FIX           14
 **********
 **********
 **   13 **FIX           15
 **********
 PARAMETER   15  IS CONSTANT.   IGNORED.
 **********
 **   14 **FIX           16
 **********
 **********
 **   15 **MIGRAD
 **********
 FIRST CALL TO USER FUNCTION AT NEW START POINT, WITH IFLAG=4.
 START MIGRAD MINIMIZATION.  STRATEGY  1.  CONVERGENCE WHEN EDM .LT. 1.00e-04
 FCN=264.917 FROM MIGRAD    STATUS=INITIATE      437 CALLS         438 TOTAL
                     EDM= unknown      STRATEGY= 1      NO ERROR MATRIX       
  EXT PARAMETER               CURRENT GUESS       STEP         FIRST   
  NO.   NAME      VALUE            ERROR          SIZE      DERIVATIVE 
   1  N0           3.18624e+06   1.00000e+02   0.00000e+00   1.00383e-02
   2  tau          6.44064e+01   constant   
   3  A0           3.45293e-01   1.00000e-04   0.00000e+00   1.43319e+04
   4  phi          4.12011e+00   1.00000e-02   0.00000e+00  -1.62780e+03
   5  R           -6.06001e+01   constant   
   6  alpha_CBO    0.00000e+00     fixed    
   7  w_CBO        2.32500e+00   constant   
   8  beta_CBO     0.00000e+00     fixed    
   9  alpha_2CBO   0.00000e+00     fixed    
  10  beta_2CBO    0.00000e+00     fixed    
  11  alpha_y      0.00000e+00     fixed    
  12  w_y          1.38860e+01   constant   
  13  beta_y       0.00000e+00     fixed    
  14  alpha_vw     0.00000e+00     fixed    
  15  w_vw         1.43404e+01   constant   
  16  beta_vw      0.00000e+00     fixed    
  17  LM           6.43054e-05   constant   
  18  zeta_y       0.00000e+00   constant   
  19  zeta_vw      0.00000e+00   constant   
  20  T_CBO        1.00000e+02   1.00000e+00   0.00000e+00   0.00000e+00
  21  alpha_A0     0.00000e+00   1.00000e-03   0.00000e+00   3.19290e+01
  22  beta_A0      0.00000e+00   1.00000e-03   0.00000e+00  -1.33171e+03
  23  alpha_phi    0.00000e+00   1.00000e-03   0.00000e+00   3.54587e+02
  24  beta_phi     0.00000e+00   1.00000e-03   0.00000e+00  -1.72908e+03
 CALL LIMIT EXCEEDED IN MIGRAD.
 MIGRAD TERMINATED WITHOUT CONVERGENCE.
 FCN=212.214 FROM MIGRAD    STATUS=CALL LIMIT   1333 CALLS        1334 TOTAL
                     EDM=0.0126483    STRATEGY= 1  ERROR MATRIX UNCERTAINTY   2.6 per cent
  EXT PARAMETER                APPROXIMATE        STEP         FIRST   
  NO.   NAME      VALUE            ERROR          SIZE      DERIVATIVE 
   1  N0           3.18530e+06   5.41087e+02  -1.15368e+01   1.92299e-04
   2  tau          6.44064e+01   constant   
   3  A0           3.44872e-01   2.31632e-04  -6.64160e-07   2.94058e+01
   4  phi          4.12112e+00   6.99644e-04   7.23408e-06  -1.26138e+02
   5  R           -6.06001e+01   constant   
   6  alpha_CBO    0.00000e+00     fixed    
   7  w_CBO        2.32500e+00   constant   
   8  beta_CBO     0.00000e+00     fixed    
   9  alpha_2CBO   0.00000e+00     fixed    
  10  beta_2CBO    0.00000e+00     fixed    
  11  alpha_y      0.00000e+00     fixed    
  12  w_y          1.38860e+01   constant   
  13  beta_y       0.00000e+00     fixed    
  14  alpha_vw     0.00000e+00     fixed    
  15  w_vw         1.43404e+01   constant   
  16  beta_vw      0.00000e+00     fixed    
  17  LM           6.43054e-05   constant   
  18  zeta_y       0.00000e+00   constant   
  19  zeta_vw      0.00000e+00   constant   
  20  T_CBO        3.32591e+01   6.72346e+00  -4.02471e-03  -2.62914e+01
  21  alpha_A0    -9.41774e-02   5.72302e-02  -5.99834e-03  -1.46242e-01
  22  beta_A0      9.72832e-01   8.74561e-01   8.73304e-02  -6.49429e-02
  23  alpha_phi   -2.41984e-01   2.32015e-01  -2.29103e-02   5.73291e-01
  24  beta_phi     1.10617e+00   1.09620e+00   1.07908e-01  -8.54313e-01
 EXTERNAL ERROR MATRIX.    NDIM=  25    NPAR=  8    ERR DEF=1
  2.928e+05 -1.318e-02  6.466e-03 -4.223e+01 -1.547e+00  1.279e+01 -3.709e+00  1.773e+01 
 -1.318e-02  5.365e-08 -7.506e-09 -1.599e-05  1.399e-07 -5.669e-07  2.766e-07 -1.345e-06 
  6.466e-03 -7.506e-09  4.895e-07  1.475e-04 -3.460e-07 -1.128e-05  3.568e-06 -1.689e-05 
 -4.223e+01 -1.599e-05  1.475e-04  4.523e+01  3.768e-01 -5.854e+00  1.551e+00 -7.326e+00 
 -1.547e+00  1.399e-07 -3.460e-07  3.768e-01  3.275e-03 -4.892e-02  1.293e-02 -6.096e-02 
  1.279e+01 -5.669e-07 -1.128e-05 -5.854e+00 -4.892e-02  7.649e-01 -2.028e-01  9.582e-01 
 -3.709e+00  2.766e-07  3.568e-06  1.551e+00  1.293e-02 -2.028e-01  5.383e-02 -2.542e-01 
  1.773e+01 -1.345e-06 -1.689e-05 -7.326e+00 -6.096e-02  9.582e-01 -2.542e-01  1.202e+00 
ERR MATRIX APPROXIMATE
 PARAMETER  CORRELATION COEFFICIENTS  
       NO.  GLOBAL      1      3      4     20     21     22     23     24
        1  0.33703   1.000 -0.105  0.017 -0.012 -0.050  0.027 -0.030  0.030
        3  0.21583  -0.105  1.000 -0.046 -0.010  0.011 -0.003  0.005 -0.005
        4  0.24166   0.017 -0.046  1.000  0.031 -0.009 -0.018  0.022 -0.022
       20  0.99633  -0.012 -0.010  0.031  1.000  0.979 -0.995  0.994 -0.994
       21  0.99206  -0.050  0.011 -0.009  0.979  1.000 -0.977  0.973 -0.972
       22  0.99988   0.027 -0.003 -0.018 -0.995 -0.977  1.000 -0.999  0.999
       23  0.99970  -0.030  0.005  0.022  0.994  0.973 -0.999  1.000 -1.000
       24  0.99986   0.030 -0.005 -0.022 -0.994 -0.972  0.999 -1.000  1.000
 ERR MATRIX APPROXIMATE
MINUIT - FIT ONLY 1-CBO + wiggle
 **********
 **   16 **RES 
 **********
                   PARAMETER   16  beta_vw RESTORED TO VARIABLE.
                   PARAMETER   14  alpha_vw RESTORED TO VARIABLE.
                   PARAMETER   13  beta_y RESTORED TO VARIABLE.
                   PARAMETER   11  alpha_y RESTORED TO VARIABLE.
                   PARAMETER   10  beta_2CBO RESTORED TO VARIABLE.
                   PARAMETER    9  alpha_2CBO RESTORED TO VARIABLE.
                   PARAMETER    8  beta_CBO RESTORED TO VARIABLE.
                   PARAMETER    6  alpha_CBO RESTORED TO VARIABLE.
 **********
 **   17 **FIX            8
 **********
 **********
 **   18 **FIX            9
 **********
 **********
 **   19 **FIX           11
 **********
 **********
 **   20 **FIX           12
 **********
 PARAMETER   12  IS CONSTANT.   IGNORED.
 **********
 **   21 **FIX           14
 **********
 **********
 **   22 **FIX           15
 **********
 PARAMETER   15  IS CONSTANT.   IGNORED.
 **********
 **   23 **FIX           16
 **********
 **********
 **   24 **MIGRAD
 **********
 START MIGRAD MINIMIZATION.  STRATEGY  1.  CONVERGENCE WHEN EDM .LT. 1.00e-04
 FCN=212.214 FROM MIGRAD    STATUS=INITIATE       28 CALLS        1362 TOTAL
                     EDM= unknown      STRATEGY= 1      NO ERROR MATRIX       
  EXT PARAMETER               CURRENT GUESS       STEP         FIRST   
  NO.   NAME      VALUE            ERROR          SIZE      DERIVATIVE 
   1  N0           3.18530e+06   5.41087e+02  -1.15368e+01   1.92299e-04
   2  tau          6.44064e+01   constant   
   3  A0           3.44872e-01   2.31632e-04  -6.64160e-07   2.94058e+01
   4  phi          4.12112e+00   6.99644e-04   7.23408e-06  -1.26138e+02
   5  R           -6.06001e+01   constant   
   6  alpha_CBO    0.00000e+00   1.00000e-03   1.00000e-03  -3.35153e+04
   7  w_CBO        2.32500e+00   constant   
   8  beta_CBO     0.00000e+00     fixed    
   9  alpha_2CBO   0.00000e+00     fixed    
  10  beta_2CBO    0.00000e+00   1.00000e-03   1.00000e-03   1.82000e+04
  11  alpha_y      0.00000e+00     fixed    
  12  w_y          1.38860e+01   constant   
  13  beta_y       0.00000e+00   1.00000e-03   1.00000e-03  -9.07365e+03
  14  alpha_vw     0.00000e+00     fixed    
  15  w_vw         1.43404e+01   constant   
  16  beta_vw      0.00000e+00     fixed    
  17  LM           6.43054e-05   constant   
  18  zeta_y       0.00000e+00   constant   
  19  zeta_vw      0.00000e+00   constant   
  20  T_CBO        3.32591e+01   6.72346e+00  -4.02471e-03  -2.62915e+01
  21  alpha_A0    -9.41774e-02   5.72302e-02  -5.99834e-03  -1.46242e-01
  22  beta_A0      9.72832e-01   8.74561e-01   8.73304e-02  -6.49429e-02
  23  alpha_phi   -2.41984e-01   2.32015e-01  -2.29103e-02   5.73291e-01
  24  beta_phi     1.10617e+00   1.09620e+00   1.07908e-01  -8.54313e-01
 CALL LIMIT EXCEEDED IN MIGRAD.
 MIGRAD TERMINATED WITHOUT CONVERGENCE.
 FCN=189.996 FROM MIGRAD    STATUS=CALL LIMIT   1912 CALLS        3246 TOTAL
                     EDM=0.0309853    STRATEGY= 1  ERROR MATRIX UNCERTAINTY  10.8 per cent
  EXT PARAMETER                APPROXIMATE        STEP         FIRST   
  NO.   NAME      VALUE            ERROR          SIZE      DERIVATIVE 
   1  N0           3.18528e+06   5.40588e+02   5.92064e-02   2.81533e-05
   2  tau          6.44064e+01   constant   
   3  A0           3.44862e-01   2.28897e-04  -7.81048e-08  -1.26282e+01
   4  phi          4.12063e+00   7.38114e-04   1.30809e-05   1.76400e+01
   5  R           -6.06001e+01   constant   
   6  alpha_CBO    9.35912e-04   2.42702e-04  -1.42302e-06  -5.48910e+00
   7  w_CBO        2.32500e+00   constant   
   8  beta_CBO     0.00000e+00     fixed    
   9  alpha_2CBO   0.00000e+00     fixed    
  10  beta_2CBO   -4.77946e-04   2.42101e-04   1.38728e-06  -1.20194e+02
  11  alpha_y      0.00000e+00     fixed    
  12  w_y          1.38860e+01   constant   
  13  beta_y       2.59951e-04   2.35685e-04  -2.44164e-07   3.85253e+01
  14  alpha_vw     0.00000e+00     fixed    
  15  w_vw         1.43404e+01   constant   
  16  beta_vw      0.00000e+00     fixed    
  17  LM           6.43054e-05   constant   
  18  zeta_y       0.00000e+00   constant   
  19  zeta_vw      0.00000e+00   constant   
  20  T_CBO        1.63239e+01   1.79875e+00  -1.51690e-03  -1.08528e+02
  21  alpha_A0    -1.41792e+01   1.33427e+01  -1.41519e+00   3.95674e-03
  22  beta_A0      2.81621e+02   3.15107e+02   3.33936e+01  -4.63278e-03
  23  alpha_phi   -1.18366e+02   1.31968e+02  -1.39856e+01  -2.77959e-03
  24  beta_phi     3.25381e+02   3.62954e+02   3.84657e+01  -1.15836e-03
 EXTERNAL ERROR MATRIX.    NDIM=  25    NPAR= 11    ERR DEF=1
  2.922e+05 
 -1.128e-02  5.239e-08 
 -7.107e-04 -3.520e-09  5.448e-07 
 -4.705e-03 -2.147e-09 -4.277e-08  5.890e-08 
 -1.007e-02 -5.450e-10 -7.191e-09  3.984e-09  5.861e-08 
 -2.871e-03  1.677e-10 -1.685e-09  3.009e-10  1.216e-10  5.555e-08 
  2.949e+01 -2.191e-05 -2.735e-05  1.522e-06 -6.775e-06 -4.229e-06  3.236e+00 
  9.188e+01 -1.354e-04 -3.846e-04  3.374e-05  7.322e-06 -4.049e-05  2.392e+01  1.780e+02 
 -3.025e+03  3.432e-03  8.699e-03 -7.619e-04 -1.453e-04  9.927e-04 -5.649e+02 -4.203e+03  9.929e+04 
  1.250e+03 -1.429e-03 -3.617e-03  3.116e-04  6.134e-05 -4.175e-04  2.366e+02  1.760e+03 -4.158e+04  1.742e+04 
 -3.443e+03  3.939e-03  1.000e-02 -8.774e-04 -1.579e-04  1.146e-03 -6.507e+02 -4.842e+03  1.144e+05 -4.790e+04  1.317e+05 
ERR MATRIX APPROXIMATE
 PARAMETER  CORRELATION COEFFICIENTS  
       NO.  GLOBAL      1      3      4      6     10     13     20     21     22     23     24
        1  0.35287   1.000 -0.091 -0.002 -0.036 -0.077 -0.023  0.030  0.013 -0.018  0.018 -0.018
        3  0.24793  -0.091  1.000 -0.021 -0.039 -0.010  0.003 -0.053 -0.044  0.048 -0.047  0.047
        4  0.34067  -0.002 -0.021  1.000 -0.239 -0.040 -0.010 -0.021 -0.039  0.037 -0.037  0.037
        6  0.27552  -0.036 -0.039 -0.239  1.000  0.068  0.005  0.003  0.010 -0.010  0.010 -0.010
       10  0.25196  -0.077 -0.010 -0.040  0.068  1.000  0.002 -0.016  0.002 -0.002  0.002 -0.002
       13  0.07641  -0.023  0.003 -0.010  0.005  0.002  1.000 -0.010 -0.013  0.013 -0.013  0.013
       20  0.99717   0.030 -0.053 -0.021  0.003 -0.016 -0.010  1.000  0.997 -0.997  0.997 -0.997
       21  0.99980   0.013 -0.044 -0.039  0.010  0.002 -0.013  0.997  1.000 -1.000  1.000 -1.000
       22  1.00000  -0.018  0.048  0.037 -0.010 -0.002  0.013 -0.997 -1.000  1.000 -1.000  1.000
       23  1.00000   0.018 -0.047 -0.037  0.010  0.002 -0.013  0.997  1.000 -1.000  1.000 -1.000
       24  1.00000  -0.018  0.047  0.037 -0.010 -0.002  0.013 -0.997 -1.000  1.000 -1.000  1.000
 ERR MATRIX APPROXIMATE
MINUIT - FIT ONLY 2-CBO
 **********
 **   25 **RES 
 **********
                   PARAMETER   16  beta_vw RESTORED TO VARIABLE.
                   PARAMETER   14  alpha_vw RESTORED TO VARIABLE.
                   PARAMETER   11  alpha_y RESTORED TO VARIABLE.
                   PARAMETER    9  alpha_2CBO RESTORED TO VARIABLE.
                   PARAMETER    8  beta_CBO RESTORED TO VARIABLE.
 **********
 **   26 **FIX            0
 **********
 PARAMETER    0  IS UNDEFINED. IGNORED.
 **********
 **   27 **FIX            1
 **********
 **********
 **   28 **FIX            2
 **********
 PARAMETER    2  IS CONSTANT.   IGNORED.
 **********
 **   29 **FIX            3
 **********
 **********
 **   30 **FIX            4
 **********
 **********
 **   31 **FIX            5
 **********
 PARAMETER    5  IS CONSTANT.   IGNORED.
 **********
 **   32 **FIX            6
 **********
 **********
 **   33 **FIX            7
 **********
 PARAMETER    7  IS CONSTANT.   IGNORED.
 **********
 **   34 **FIX           10
 **********
 **********
 **   35 **FIX           11
 **********
 **********
 **   36 **FIX           12
 **********
 PARAMETER   12  IS CONSTANT.   IGNORED.
 **********
 **   37 **FIX           13
 **********
 **********
 **   38 **FIX           14
 **********
 **********
 **   39 **FIX           15
 **********
 PARAMETER   15  IS CONSTANT.   IGNORED.
 **********
 **   40 **FIX           16
 **********
 **********
 **   41 **MIGRAD
 **********
 START MIGRAD MINIMIZATION.  STRATEGY  1.  CONVERGENCE WHEN EDM .LT. 1.00e-04
 FCN=189.996 FROM MIGRAD    STATUS=INITIATE       18 CALLS        3264 TOTAL
                     EDM= unknown      STRATEGY= 1      NO ERROR MATRIX       
  EXT PARAMETER               CURRENT GUESS       STEP         FIRST   
  NO.   NAME      VALUE            ERROR          SIZE      DERIVATIVE 
   1  N0           3.18528e+06     fixed    
   2  tau          6.44064e+01   constant   
   3  A0           3.44862e-01     fixed    
   4  phi          4.12063e+00     fixed    
   5  R           -6.06001e+01   constant   
   6  alpha_CBO    9.35912e-04     fixed    
   7  w_CBO        2.32500e+00   constant   
   8  beta_CBO     0.00000e+00   1.00000e-03   1.00000e-03  -9.02081e+04
   9  alpha_2CBO   0.00000e+00   1.00000e-03   1.00000e-03  -2.46476e+04
  10  beta_2CBO   -4.77946e-04     fixed    
  11  alpha_y      0.00000e+00     fixed    
  12  w_y          1.38860e+01   constant   
  13  beta_y       2.59951e-04     fixed    
  14  alpha_vw     0.00000e+00     fixed    
  15  w_vw         1.43404e+01   constant   
  16  beta_vw      0.00000e+00     fixed    
  17  LM           6.43054e-05   constant   
  18  zeta_y       0.00000e+00   constant   
  19  zeta_vw      0.00000e+00   constant   
  20  T_CBO        1.63239e+01   1.79875e+00  -1.51690e-03  -1.08528e+02
  21  alpha_A0    -1.41792e+01   1.33427e+01  -1.41519e+00   3.95674e-03
  22  beta_A0      2.81621e+02   3.15107e+02   3.33936e+01  -4.63278e-03
  23  alpha_phi   -1.18366e+02   1.31968e+02  -1.39856e+01  -2.77959e-03
  24  beta_phi     3.25381e+02   3.62954e+02   3.84657e+01  -1.15836e-03
 CALL LIMIT EXCEEDED IN MIGRAD.
 MIGRAD TERMINATED WITHOUT CONVERGENCE.
 FCN=66.9825 FROM MIGRAD    STATUS=CALL LIMIT   1149 CALLS        4395 TOTAL
                     EDM=0.0100607    STRATEGY= 1  ERROR MATRIX UNCERTAINTY  33.3 per cent
  EXT PARAMETER                APPROXIMATE        STEP         FIRST   
  NO.   NAME      VALUE            ERROR          SIZE      DERIVATIVE 
   1  N0           3.18528e+06     fixed    
   2  tau          6.44064e+01   constant   
   3  A0           3.44862e-01     fixed    
   4  phi          4.12063e+00     fixed    
   5  R           -6.06001e+01   constant   
   6  alpha_CBO    9.35912e-04     fixed    
   7  w_CBO        2.32500e+00   constant   
   8  beta_CBO     2.57680e-03   2.40244e-04   1.55826e-07  -3.79568e+01
   9  alpha_2CBO   5.48665e-04   2.34416e-04  -6.46296e-07   4.96698e+01
  10  beta_2CBO   -4.77946e-04     fixed    
  11  alpha_y      0.00000e+00     fixed    
  12  w_y          1.38860e+01   constant   
  13  beta_y       2.59951e-04     fixed    
  14  alpha_vw     0.00000e+00     fixed    
  15  w_vw         1.43404e+01   constant   
  16  beta_vw      0.00000e+00     fixed    
  17  LM           6.43054e-05   constant   
  18  zeta_y       0.00000e+00   constant   
  19  zeta_vw      0.00000e+00   constant   
  20  T_CBO        2.57147e+01   3.25585e+00   2.90377e-06  -2.10421e+01
  21  alpha_A0    -7.97889e-01   1.91985e+00   4.38821e-02   6.23323e-02
  22  beta_A0      4.30677e+00   4.46814e+00   3.14001e-02  -5.40745e-02
  23  alpha_phi   -2.26419e+00   2.47820e+00  -3.58232e-02  -2.61490e-03
  24  beta_phi     4.32627e+00   4.36711e+00   5.58475e-02  -1.84158e-02
 EXTERNAL ERROR MATRIX.    NDIM=  25    NPAR=  7    ERR DEF=1
  5.772e-08 -3.904e-09 -6.549e-06 -2.484e-06 -2.126e-05 -1.538e-05 -9.296e-06 
 -3.904e-09  5.495e-08 -1.451e-05 -4.616e-05  4.626e-05 -1.565e-05 -2.428e-05 
 -6.549e-06 -1.451e-05  1.060e+01  4.768e+00 -1.371e+01  6.509e+00 -1.341e+01 
 -2.484e-06 -4.616e-05  4.768e+00  3.686e+00 -5.053e+00  3.484e+00 -6.413e+00 
 -2.126e-05  4.626e-05 -1.371e+01 -5.053e+00  1.996e+01 -7.993e+00  1.633e+01 
 -1.538e-05 -1.565e-05  6.509e+00  3.484e+00 -7.993e+00  6.141e+00 -8.144e+00 
 -9.296e-06 -2.428e-05 -1.341e+01 -6.413e+00  1.633e+01 -8.144e+00  1.907e+01 
ERR MATRIX APPROXIMATE
 PARAMETER  CORRELATION COEFFICIENTS  
       NO.  GLOBAL      8      9     20     21     22     23     24
        8  0.16246   1.000 -0.069 -0.008 -0.005 -0.020 -0.026 -0.009
        9  0.26347  -0.069  1.000 -0.019 -0.103  0.044 -0.027 -0.024
       20  0.99039  -0.008 -0.019  1.000  0.763 -0.943  0.807 -0.943
       21  0.87349  -0.005 -0.103  0.763  1.000 -0.589  0.732 -0.765
       22  0.97199  -0.020  0.044 -0.943 -0.589  1.000 -0.722  0.837
       23  0.83035  -0.026 -0.027  0.807  0.732 -0.722  1.000 -0.752
       24  0.95786  -0.009 -0.024 -0.943 -0.765  0.837 -0.752  1.000
 ERR MATRIX APPROXIMATE
MINUIT - FIT wiggle + 1-CBO + 2-CBO
 **********
 **   42 **RES 
 **********
                   PARAMETER   16  beta_vw RESTORED TO VARIABLE.
                   PARAMETER   14  alpha_vw RESTORED TO VARIABLE.
                   PARAMETER   13  beta_y RESTORED TO VARIABLE.
                   PARAMETER   11  alpha_y RESTORED TO VARIABLE.
                   PARAMETER   10  beta_2CBO RESTORED TO VARIABLE.
                   PARAMETER    6  alpha_CBO RESTORED TO VARIABLE.
                   PARAMETER    4  phi RESTORED TO VARIABLE.
                   PARAMETER    3  A0 RESTORED TO VARIABLE.
                   PARAMETER    1  N0 RESTORED TO VARIABLE.
 **********
 **   43 **FIX           10
 **********
 **********
 **   44 **FIX           11
 **********
 **********
 **   45 **FIX           12
 **********
 PARAMETER   12  IS CONSTANT.   IGNORED.
 **********
 **   46 **FIX           13
 **********
 **********
 **   47 **FIX           14
 **********
 **********
 **   48 **FIX           15
 **********
 PARAMETER   15  IS CONSTANT.   IGNORED.
 **********
 **   49 **FIX           16
 **********
 **********
 **   50 **MIGRAD
 **********
 START MIGRAD MINIMIZATION.  STRATEGY  1.  CONVERGENCE WHEN EDM .LT. 1.00e-04
 FCN=66.9825 FROM MIGRAD    STATUS=INITIATE       22 CALLS        4417 TOTAL
                     EDM= unknown      STRATEGY= 1      NO ERROR MATRIX       
  EXT PARAMETER               CURRENT GUESS       STEP         FIRST   
  NO.   NAME      VALUE            ERROR          SIZE      DERIVATIVE 
   1  N0           3.18528e+06   5.40588e+02   5.40588e+02  -3.38085e-03
   2  tau          6.44064e+01   constant   
   3  A0           3.44862e-01   2.28897e-04   2.28897e-04  -1.63866e+04
   4  phi          4.12063e+00   7.38114e-04   7.38114e-04   3.32769e+03
   5  R           -6.06001e+01   constant   
   6  alpha_CBO    9.35912e-04   2.42702e-04   2.42702e-04   2.78746e+03
   7  w_CBO        2.32500e+00   constant   
   8  beta_CBO     2.57680e-03   2.40244e-04   1.55826e-07  -3.79568e+01
   9  alpha_2CBO   5.48665e-04   2.34416e-04  -6.46296e-07   4.96698e+01
  10  beta_2CBO   -4.77946e-04     fixed    
  11  alpha_y      0.00000e+00     fixed    
  12  w_y          1.38860e+01   constant   
  13  beta_y       2.59951e-04     fixed    
  14  alpha_vw     0.00000e+00     fixed    
  15  w_vw         1.43404e+01   constant   
  16  beta_vw      0.00000e+00     fixed    
  17  LM           6.43054e-05   constant   
  18  zeta_y       0.00000e+00   constant   
  19  zeta_vw      0.00000e+00   constant   
  20  T_CBO        2.57147e+01   3.25585e+00   2.90377e-06  -2.10421e+01
  21  alpha_A0    -7.97889e-01   1.91985e+00   4.38821e-02   6.23323e-02
  22  beta_A0      4.30677e+00   4.46814e+00   3.14001e-02  -5.40745e-02
  23  alpha_phi   -2.26419e+00   2.47820e+00  -3.58232e-02  -2.61490e-03
  24  beta_phi     4.32627e+00   4.36711e+00   5.58475e-02  -1.84158e-02
 CALL LIMIT EXCEEDED IN MIGRAD.
 MIGRAD TERMINATED WITHOUT CONVERGENCE.
 FCN=60.6098 FROM MIGRAD    STATUS=CALL LIMIT   1907 CALLS        6302 TOTAL
                     EDM=0.00447768    STRATEGY= 1  ERROR MATRIX UNCERTAINTY   0.1 per cent
  EXT PARAMETER                APPROXIMATE        STEP         FIRST   
  NO.   NAME      VALUE            ERROR          SIZE      DERIVATIVE 
   1  N0           3.18570e+06   5.40557e+02  -7.52019e-01  -1.09139e-05
   2  tau          6.44064e+01   constant   
   3  A0           3.45281e-01   2.26406e-04  -1.92239e-07  -4.05318e+01
   4  phi          4.11963e+00   6.93876e-04  -2.99380e-06   4.14037e-01
   5  R           -6.06001e+01   constant   
   6  alpha_CBO    8.99876e-04   2.24850e-04  -2.13730e-07  -5.81231e+01
   7  w_CBO        2.32500e+00   constant   
   8  beta_CBO     2.72864e-03   2.46019e-04   3.04191e-07  -3.71934e+01
   9  alpha_2CBO   5.09622e-04   2.28774e-04  -4.21644e-07  -2.43009e+01
  10  beta_2CBO   -4.77946e-04     fixed    
  11  alpha_y      0.00000e+00     fixed    
  12  w_y          1.38860e+01   constant   
  13  beta_y       2.59951e-04     fixed    
  14  alpha_vw     0.00000e+00     fixed    
  15  w_vw         1.43404e+01   constant   
  16  beta_vw      0.00000e+00     fixed    
  17  LM           6.43054e-05   constant   
  18  zeta_y       0.00000e+00   constant   
  19  zeta_vw      0.00000e+00   constant   
  20  T_CBO        6.34965e+01   3.20941e+01   8.25485e-03  -7.33384e+00
  21  alpha_A0    -9.80598e-03   2.72936e-02   1.33929e-03  -2.31825e+00
  22  beta_A0      6.29831e-02   1.07041e-01  -7.22567e-03  -4.74280e+00
  23  alpha_phi   -3.39601e-02   5.92969e-02   3.75880e-03   3.19635e+00
  24  beta_phi     6.02805e-02   1.04350e-01  -6.52930e-03  -2.62936e+00
 EXTERNAL ERROR MATRIX.    NDIM=  25    NPAR= 11    ERR DEF=1
  2.922e+05 
 -7.486e-03  5.126e-08 
  2.527e-03 -1.317e-08  4.815e-07 
 -5.049e-03  2.642e-10 -1.852e-08  5.056e-08 
  1.146e-02  1.054e-08 -1.733e-08 -1.870e-09  6.053e-08 
 -8.263e-03 -3.586e-10  8.684e-09 -3.131e-10 -4.180e-09  5.234e-08 
 -2.903e+02 -2.080e-04 -1.202e-03 -2.649e-04  8.720e-05 -2.088e-05  1.036e+03 
 -2.943e+00  4.647e-07 -1.971e-06 -2.998e-07  7.128e-08 -8.555e-07  4.967e-01  7.449e-04 
 -6.002e-01  8.134e-07  5.385e-06  5.347e-07 -6.432e-07  5.407e-07 -3.398e+00 -1.667e-03  1.146e-02 
 -1.053e+00 -7.199e-08 -9.567e-07 -9.959e-07  6.071e-08 -2.225e-07  1.793e+00  9.570e-04 -5.856e-03  3.516e-03 
  3.627e+00 -8.909e-08  4.912e-06  6.470e-07 -6.937e-07 -8.063e-07 -3.261e+00 -1.470e-03  1.050e-02 -5.459e-03  1.089e-02 
ERR MATRIX APPROXIMATE
 PARAMETER  CORRELATION COEFFICIENTS  
       NO.  GLOBAL      1      3      4      6      8      9     20     21     22     23     24
        1  0.37536   1.000 -0.061  0.007 -0.042  0.086 -0.067 -0.017 -0.199 -0.010 -0.033  0.064
        3  0.28486  -0.061  1.000 -0.084  0.005  0.189 -0.007 -0.029  0.075  0.034 -0.005 -0.004
        4  0.25554   0.007 -0.084  1.000 -0.119 -0.102  0.055 -0.054 -0.104  0.072 -0.023  0.068
        6  0.19919  -0.042  0.005 -0.119  1.000 -0.034 -0.006 -0.037 -0.049  0.022 -0.075  0.028
        8  0.27232   0.086  0.189 -0.102 -0.034  1.000 -0.074  0.011  0.011 -0.024  0.004 -0.027
        9  0.24087  -0.067 -0.007  0.055 -0.006 -0.074  1.000 -0.003 -0.137  0.022 -0.016 -0.034
       20  0.99665  -0.017 -0.029 -0.054 -0.037  0.011 -0.003  1.000  0.565 -0.986  0.939 -0.971
       21  0.65683  -0.199  0.075 -0.104 -0.049  0.011 -0.137  0.565  1.000 -0.571  0.591 -0.516
       22  0.99018  -0.010  0.034  0.072  0.022 -0.024  0.022 -0.986 -0.571  1.000 -0.923  0.940
       23  0.95432  -0.033 -0.005 -0.023 -0.075  0.004 -0.016  0.939  0.591 -0.923  1.000 -0.882
       24  0.98292   0.064 -0.004  0.068  0.028 -0.027 -0.034 -0.971 -0.516  0.940 -0.882  1.000
 ERR MATRIX APPROXIMATE
MINUIT - FIT ONLY 1-y
 **********
 **   51 **RES 
 **********
                   PARAMETER   16  beta_vw RESTORED TO VARIABLE.
                   PARAMETER   14  alpha_vw RESTORED TO VARIABLE.
                   PARAMETER   13  beta_y RESTORED TO VARIABLE.
                   PARAMETER   11  alpha_y RESTORED TO VARIABLE.
                   PARAMETER   10  beta_2CBO RESTORED TO VARIABLE.
 **********
 **   52 **FIX            0
 **********
 PARAMETER    0  IS UNDEFINED. IGNORED.
 **********
 **   53 **FIX            1
 **********
 **********
 **   54 **FIX            2
 **********
 PARAMETER    2  IS CONSTANT.   IGNORED.
 **********
 **   55 **FIX            3
 **********
 **********
 **   56 **FIX            4
 **********
 **********
 **   57 **FIX            5
 **********
 PARAMETER    5  IS CONSTANT.   IGNORED.
 **********
 **   58 **FIX            6
 **********
 **********
 **   59 **FIX            7
 **********
 PARAMETER    7  IS CONSTANT.   IGNORED.
 **********
 **   60 **FIX            8
 **********
 **********
 **   61 **FIX            9
 **********
 **********
 **   62 **FIX           13
 **********
 **********
 **   63 **FIX           14
 **********
 **********
 **   64 **FIX           15
 **********
 PARAMETER   15  IS CONSTANT.   IGNORED.
 **********
 **   65 **FIX           16
 **********
 **********
 **   66 **MIGRAD
 **********
 START MIGRAD MINIMIZATION.  STRATEGY  1.  CONVERGENCE WHEN EDM .LT. 1.00e-04
 FCN=60.6098 FROM MIGRAD    STATUS=INITIATE       16 CALLS        6318 TOTAL
                     EDM= unknown      STRATEGY= 1      NO ERROR MATRIX       
  EXT PARAMETER               CURRENT GUESS       STEP         FIRST   
  NO.   NAME      VALUE            ERROR          SIZE      DERIVATIVE 
   1  N0           3.18570e+06     fixed    
   2  tau          6.44064e+01   constant   
   3  A0           3.45281e-01     fixed    
   4  phi          4.11963e+00     fixed    
   5  R           -6.06001e+01   constant   
   6  alpha_CBO    8.99876e-04     fixed    
   7  w_CBO        2.32500e+00   constant   
   8  beta_CBO     2.72864e-03     fixed    
   9  alpha_2CBO   5.09622e-04     fixed    
  10  beta_2CBO   -4.77946e-04   2.42101e-04   2.42101e-04   4.16629e+03
  11  alpha_y      0.00000e+00   1.00000e-03   1.00000e-03  -1.82306e+03
  12  w_y          1.38860e+01   constant   
  13  beta_y       2.59951e-04     fixed    
  14  alpha_vw     0.00000e+00     fixed    
  15  w_vw         1.43404e+01   constant   
  16  beta_vw      0.00000e+00     fixed    
  17  LM           6.43054e-05   constant   
  18  zeta_y       0.00000e+00   constant   
  19  zeta_vw      0.00000e+00   constant   
  20  T_CBO        6.34965e+01   3.20941e+01   8.25485e-03  -7.33383e+00
  21  alpha_A0    -9.80598e-03   2.72936e-02   1.33929e-03  -2.31825e+00
  22  beta_A0      6.29831e-02   1.07041e-01  -7.22567e-03  -4.74280e+00
  23  alpha_phi   -3.39601e-02   5.92969e-02   3.75880e-03   3.19635e+00
  24  beta_phi     6.02805e-02   1.04350e-01  -6.52930e-03  -2.62936e+00
 CALL LIMIT EXCEEDED IN MIGRAD.
 MIGRAD TERMINATED WITHOUT CONVERGENCE.
 FCN=59.9753 FROM MIGRAD    STATUS=CALL LIMIT   1152 CALLS        7454 TOTAL
                     EDM=0.00221817    STRATEGY= 1  ERROR MATRIX UNCERTAINTY  10.9 per cent
  EXT PARAMETER                APPROXIMATE        STEP         FIRST   
  NO.   NAME      VALUE            ERROR          SIZE      DERIVATIVE 
   1  N0           3.18570e+06     fixed    
   2  tau          6.44064e+01   constant   
   3  A0           3.45281e-01     fixed    
   4  phi          4.11963e+00     fixed    
   5  R           -6.06001e+01   constant   
   6  alpha_CBO    8.99876e-04     fixed    
   7  w_CBO        2.32500e+00   constant   
   8  beta_CBO     2.72864e-03     fixed    
   9  alpha_2CBO   5.09622e-04     fixed    
  10  beta_2CBO   -6.07197e-04   2.40158e-04   4.48626e-07   3.44025e+01
  11  alpha_y      5.03323e-05   2.33502e-04   2.40547e-07   6.23865e+01
  12  w_y          1.38860e+01   constant   
  13  beta_y       2.59951e-04     fixed    
  14  alpha_vw     0.00000e+00     fixed    
  15  w_vw         1.43404e+01   constant   
  16  beta_vw      0.00000e+00     fixed    
  17  LM           6.43054e-05   constant   
  18  zeta_y       0.00000e+00   constant   
  19  zeta_vw      0.00000e+00   constant   
  20  T_CBO        6.99741e+02   5.11756e+02   5.83504e-02  -1.97957e-02
  21  alpha_A0    -6.36771e-04   1.57537e-03   2.31211e-05   1.34520e+01
  22  beta_A0      4.90733e-03   3.77639e-03  -6.11517e-06   1.99863e+01
  23  alpha_phi   -2.68531e-03   2.54721e-03   2.57276e-05   2.43146e+01
  24  beta_phi     4.44992e-03   3.64500e-03  -2.26936e-05  -6.50269e+00
 EXTERNAL ERROR MATRIX.    NDIM=  25    NPAR=  7    ERR DEF=1
  5.768e-08  3.630e-10  7.786e-03 -1.859e-08 -7.240e-08  4.907e-08 -2.105e-08 
  3.630e-10  5.452e-08  9.872e-04 -4.883e-09  1.196e-09  2.873e-09 -6.463e-09 
  7.786e-03  9.872e-04  3.388e+06  1.393e+00 -6.443e+00  4.062e+00 -6.146e+00 
 -1.859e-08 -4.883e-09  1.393e+00  2.482e-06 -2.919e-06  1.565e-06 -2.528e-06 
 -7.240e-08  1.196e-09 -6.443e+00 -2.919e-06  1.426e-05 -8.116e-06  1.130e-05 
  4.907e-08  2.873e-09  4.062e+00  1.565e-06 -8.116e-06  6.488e-06 -7.136e-06 
 -2.105e-08 -6.463e-09 -6.146e+00 -2.528e-06  1.130e-05 -7.136e-06  1.329e-05 
ERR MATRIX APPROXIMATE
 PARAMETER  CORRELATION COEFFICIENTS  
       NO.  GLOBAL     10     11     20     21     22     23     24
       10  0.22054   1.000  0.006  0.018 -0.049 -0.080  0.080 -0.024
       11  0.02388   0.006  1.000  0.002 -0.013  0.001  0.005 -0.008
       20  0.97126   0.018  0.002  1.000  0.480 -0.927  0.866 -0.916
       21  0.50755  -0.049 -0.013  0.480  1.000 -0.491  0.390 -0.440
       22  0.93595  -0.080  0.001 -0.927 -0.491  1.000 -0.844  0.821
       23  0.87664   0.080  0.005  0.866  0.390 -0.844  1.000 -0.769
       24  0.92021  -0.024 -0.008 -0.916 -0.440  0.821 -0.769  1.000
 ERR MATRIX APPROXIMATE
MINUIT - FIT ONLY 2-y
 **********
 **   67 **RES 
 **********
                   PARAMETER   16  beta_vw RESTORED TO VARIABLE.
                   PARAMETER   14  alpha_vw RESTORED TO VARIABLE.
                   PARAMETER   13  beta_y RESTORED TO VARIABLE.
                   PARAMETER    9  alpha_2CBO RESTORED TO VARIABLE.
                   PARAMETER    8  beta_CBO RESTORED TO VARIABLE.
                   PARAMETER    6  alpha_CBO RESTORED TO VARIABLE.
                   PARAMETER    4  phi RESTORED TO VARIABLE.
                   PARAMETER    3  A0 RESTORED TO VARIABLE.
                   PARAMETER    1  N0 RESTORED TO VARIABLE.
 **********
 **   68 **FIX            0
 **********
 PARAMETER    0  IS UNDEFINED. IGNORED.
 **********
 **   69 **FIX            1
 **********
 **********
 **   70 **FIX            2
 **********
 PARAMETER    2  IS CONSTANT.   IGNORED.
 **********
 **   71 **FIX            3
 **********
 **********
 **   72 **FIX            4
 **********
 **********
 **   73 **FIX            5
 **********
 PARAMETER    5  IS CONSTANT.   IGNORED.
 **********
 **   74 **FIX            6
 **********
 **********
 **   75 **FIX            7
 **********
 PARAMETER    7  IS CONSTANT.   IGNORED.
 **********
 **   76 **FIX            8
 **********
 **********
 **   77 **FIX            9
 **********
 **********
 **   78 **FIX           10
 **********
 **********
 **   79 **FIX           11
 **********
 **********
 **   80 **FIX           12
 **********
 PARAMETER   12  IS CONSTANT.   IGNORED.
 **********
 **   81 **FIX           16
 **********
 **********
 **   82 **MIGRAD
 **********
 START MIGRAD MINIMIZATION.  STRATEGY  1.  CONVERGENCE WHEN EDM .LT. 1.00e-04
 FCN=59.9753 FROM MIGRAD    STATUS=INITIATE       16 CALLS        7470 TOTAL
                     EDM= unknown      STRATEGY= 1      NO ERROR MATRIX       
  EXT PARAMETER               CURRENT GUESS       STEP         FIRST   
  NO.   NAME      VALUE            ERROR          SIZE      DERIVATIVE 
   1  N0           3.18570e+06     fixed    
   2  tau          6.44064e+01   constant   
   3  A0           3.45281e-01     fixed    
   4  phi          4.11963e+00     fixed    
   5  R           -6.06001e+01   constant   
   6  alpha_CBO    8.99876e-04     fixed    
   7  w_CBO        2.32500e+00   constant   
   8  beta_CBO     2.72864e-03     fixed    
   9  alpha_2CBO   5.09622e-04     fixed    
  10  beta_2CBO   -6.07197e-04     fixed    
  11  alpha_y      5.03323e-05     fixed    
  12  w_y          1.38860e+01   constant   
  13  beta_y       2.59951e-04   2.35685e-04   2.35685e-04   1.10201e+03
  14  alpha_vw     0.00000e+00   1.00000e-03   1.00000e-03  -4.16202e+03
  15  w_vw         1.43404e+01   constant   
  16  beta_vw      0.00000e+00     fixed    
  17  LM           6.43054e-05   constant   
  18  zeta_y       0.00000e+00   constant   
  19  zeta_vw      0.00000e+00   constant   
  20  T_CBO        6.99741e+02   5.11756e+02   5.83504e-02  -1.98005e-02
  21  alpha_A0    -6.36771e-04   1.57537e-03   2.31211e-05   1.34520e+01
  22  beta_A0      4.90733e-03   3.77639e-03  -6.11517e-06   1.99863e+01
  23  alpha_phi   -2.68531e-03   2.54721e-03   2.57276e-05   2.43146e+01
  24  beta_phi     4.44992e-03   3.64500e-03  -2.26936e-05  -6.50269e+00
 MIGRAD MINIMIZATION HAS CONVERGED.
 MIGRAD WILL VERIFY CONVERGENCE AND ERROR MATRIX.
 COVARIANCE MATRIX CALCULATED SUCCESSFULLY
 FCN=59.7248 FROM MIGRAD    STATUS=CONVERGED     313 CALLS        7767 TOTAL
                     EDM=1.92667e-05    STRATEGY= 1      ERROR MATRIX ACCURATE 
  EXT PARAMETER                                   STEP         FIRST   
  NO.   NAME      VALUE            ERROR          SIZE      DERIVATIVE 
   1  N0           3.18570e+06     fixed    
   2  tau          6.44064e+01   constant   
   3  A0           3.45281e-01     fixed    
   4  phi          4.11963e+00     fixed    
   5  R           -6.06001e+01   constant   
   6  alpha_CBO    8.99876e-04     fixed    
   7  w_CBO        2.32500e+00   constant   
   8  beta_CBO     2.72864e-03     fixed    
   9  alpha_2CBO   5.09622e-04     fixed    
  10  beta_2CBO   -6.07197e-04     fixed    
  11  alpha_y      5.03323e-05     fixed    
  12  w_y          1.38860e+01   constant   
  13  beta_y       2.52511e-04   2.40375e-04   8.95188e-07  -4.63449e+00
  14  alpha_vw     1.14032e-04   2.40700e-04   8.96654e-07  -6.16189e-01
  15  w_vw         1.43404e+01   constant   
  16  beta_vw      0.00000e+00     fixed    
  17  LM           6.43054e-05   constant   
  18  zeta_y       0.00000e+00   constant   
  19  zeta_vw      0.00000e+00   constant   
  20  T_CBO        9.99655e+02   5.08217e+02   4.22245e-02  -4.22720e-04
  21  alpha_A0    -5.99640e-04   1.21211e-03   4.60432e-06   9.96050e-01
  22  beta_A0      4.52364e-03   1.18621e-03   4.49214e-06  -1.69329e+00
  23  alpha_phi   -2.49724e-03   1.07376e-03   4.07466e-06   2.02586e+00
  24  beta_phi     4.12054e-03   1.14478e-03   4.33508e-06  -2.55564e-01
 EXTERNAL ERROR MATRIX.    NDIM=  25    NPAR=  7    ERR DEF=1
  5.778e-08  1.178e-08 -3.113e-06 -1.589e-10 -7.247e-09  6.986e-10 -1.221e-09 
  1.178e-08  5.794e-08 -9.130e-07 -4.905e-10 -2.685e-09  1.233e-09 -1.604e-10 
 -3.113e-06 -9.130e-07  5.636e+04  2.660e-03 -1.994e-02  1.092e-02 -1.836e-02 
 -1.589e-10 -4.905e-10  2.660e-03  1.469e-06 -2.704e-08  2.768e-08 -7.273e-08 
 -7.247e-09 -2.685e-09 -1.994e-02 -2.704e-08  1.407e-06 -6.338e-08 -4.160e-08 
  6.986e-10  1.233e-09  1.092e-02  2.768e-08 -6.338e-08  1.153e-06 -4.309e-08 
 -1.221e-09 -1.604e-10 -1.836e-02 -7.273e-08 -4.160e-08 -4.309e-08  1.311e-06 
 PARAMETER  CORRELATION COEFFICIENTS  
       NO.  GLOBAL     13     14     20     21     22     23     24
       13  0.20506   1.000  0.204 -0.000 -0.001 -0.025  0.003 -0.004
       14  0.20373   0.204  1.000 -0.000 -0.002 -0.009  0.005 -0.001
       20  0.10608  -0.000 -0.000  1.000  0.009 -0.071  0.043 -0.068
       21  0.05934  -0.001 -0.002  0.009  1.000 -0.019  0.021 -0.052
       22  0.09800  -0.025 -0.009 -0.071 -0.019  1.000 -0.050 -0.031
       23  0.07438   0.003  0.005  0.043  0.021 -0.050  1.000 -0.035
