 + ++++++++++++++++++++++++++++++++++++++++++++++++++++++++++++++++++++ +
 +                                                                      +
 +           You have chose to blind your fitting according to          +
 +                omega_ref * (1 + (R +/- deltaR) *10^{-6})             +
 +                                                                      +
 + ++++++++++++++++++++++++++++++++++++++++++++++++++++++++++++++++++++ +
In main()...
reading format from /gm2data/zkhechad/run45/envelope/formats/formatB_sBin_constraintOn.txt
pBinTau 	= 0  
pBinPhi 	= 0  
constraintau 	= 1 
includeMopTerm 	= 0    
constrainMop    = 0   
Parameters after format file: pBinTau 0 pBinPhi 0 constraintau 1 includeMopTerm 0 constrainMop 0 c_e_scale 0.000000 
Opening file /gm2data/tbarrett/gm2fr/studies/run23_bunch_corrections/CorrectedFourier_Run3b.root.
reading full fit data from /gm2data/zkhechad/cboTemplates/Run4CBOTemplates/fullFits/noRF/sBin_constraintOn_cE0.0_seed0_noRF_calo24.root
windowBins = 69
fitting sliding window 630 from bin 766 at 114.138000 to bin 835 at 124.582000 (69 bins)

Reading data from /gm2data/cornell/histograms/aMethod/histogram_a_noRF.root
 **********
 **    1 **SET PRINTOUT            1
 **********
 **********
 **    2 **SET NOWARNINGS 
 **********
 PARAMETER DEFINITIONS:
    NO.   NAME         VALUE      STEP SIZE      LIMITS
     1 N0           3.17469e+06  1.00000e+02     no limits
     2 tau          6.44005e+01  constant
     3 A0           3.64944e-01  1.00000e-04     no limits
     4 phi          4.11953e+00  1.00000e-02     no limits
     5 R           -6.09192e+01  constant
     6 alpha_CBO    0.00000e+00  1.00000e-03     no limits
     7 w_CBO        2.32500e+00  constant
     8 beta_CBO     0.00000e+00  1.00000e-03     no limits
     9 alpha_2CBO   0.00000e+00  1.00000e-03     no limits
    10 beta_2CBO    0.00000e+00  1.00000e-03     no limits
    11 alpha_y      0.00000e+00  1.00000e-03     no limits
    12 w_y          1.38860e+01  constant
    13 beta_y       0.00000e+00  1.00000e-03     no limits
    14 alpha_vw     0.00000e+00  1.00000e-03     no limits
    15 w_vw         1.43404e+01  constant
    16 beta_vw      0.00000e+00  1.00000e-03     no limits
    17 LM          -6.12107e-05  constant
    18 zeta_y       0.00000e+00  constant
    19 zeta_vw      0.00000e+00  constant
    20 T_CBO        1.00000e+02  1.00000e+00    0.00000e+00  1.00000e+03
    21 alpha_A0     0.00000e+00  1.00000e-04   -1.00000e-02  1.00000e-02
    22 beta_A0      0.00000e+00  1.00000e-04   -1.00000e-02  1.00000e-02
    23 alpha_phi    0.00000e+00  1.00000e-04   -1.00000e-02  1.00000e-02
    24 beta_phi     0.00000e+00  1.00000e-04   -1.00000e-02  1.00000e-02
MINUIT - FIT ONLY WIGGLE
 **********
 **    3 **FIX            5
 **********
 PARAMETER    5  IS CONSTANT.   IGNORED.
 **********
 **    4 **FIX            6
 **********
 **********
 **    5 **FIX            7
 **********
 PARAMETER    7  IS CONSTANT.   IGNORED.
 **********
 **    6 **FIX            8
 **********
 **********
 **    7 **FIX            9
 **********
 **********
 **    8 **FIX           10
 **********
 **********
 **    9 **FIX           11
 **********
 **********
 **   10 **FIX           12
 **********
 PARAMETER   12  IS CONSTANT.   IGNORED.
 **********
 **   11 **FIX           13
 **********
 **********
 **   12 **FIX           14
 **********
 **********
 **   13 **FIX           15
 **********
 PARAMETER   15  IS CONSTANT.   IGNORED.
 **********
 **   14 **FIX           16
 **********
 **********
 **   15 **MIGRAD
 **********
 FIRST CALL TO USER FUNCTION AT NEW START POINT, WITH IFLAG=4.
 START MIGRAD MINIMIZATION.  STRATEGY  1.  CONVERGENCE WHEN EDM .LT. 1.00e-04
 FCN=1246.38 FROM MIGRAD    STATUS=INITIATE      435 CALLS         436 TOTAL
                     EDM= unknown      STRATEGY= 1      NO ERROR MATRIX       
  EXT PARAMETER               CURRENT GUESS       STEP         FIRST   
  NO.   NAME      VALUE            ERROR          SIZE      DERIVATIVE 
   1  N0           3.17469e+06   1.00000e+02   0.00000e+00   2.80487e-02
   2  tau          6.44005e+01   constant   
   3  A0           3.64944e-01   1.00000e-04   0.00000e+00   3.55100e+04
   4  phi          4.11953e+00   1.00000e-02   0.00000e+00  -2.49067e+04
   5  R           -6.09192e+01   constant   
   6  alpha_CBO    0.00000e+00     fixed    
   7  w_CBO        2.32500e+00   constant   
   8  beta_CBO     0.00000e+00     fixed    
   9  alpha_2CBO   0.00000e+00     fixed    
  10  beta_2CBO    0.00000e+00     fixed    
  11  alpha_y      0.00000e+00     fixed    
  12  w_y          1.38860e+01   constant   
  13  beta_y       0.00000e+00     fixed    
  14  alpha_vw     0.00000e+00     fixed    
  15  w_vw         1.43404e+01   constant   
  16  beta_vw      0.00000e+00     fixed    
  17  LM          -6.12107e-05   constant   
  18  zeta_y       0.00000e+00   constant   
  19  zeta_vw      0.00000e+00   constant   
  20  T_CBO        1.00000e+02   1.00000e+00   0.00000e+00   0.00000e+00
  21  alpha_A0     0.00000e+00   1.00000e-04   0.00000e+00   1.58618e+01
  22  beta_A0      0.00000e+00   1.00000e-04   0.00000e+00   6.00501e+01
  23  alpha_phi    0.00000e+00   1.00000e-04   0.00000e+00   3.49661e+01
  24  beta_phi     0.00000e+00   1.00000e-04   0.00000e+00   9.88206e+01
 MIGRAD MINIMIZATION HAS CONVERGED.
 FCN=1079.04 FROM MIGRAD    STATUS=CONVERGED     629 CALLS         630 TOTAL
                     EDM=1.7223e-06    STRATEGY= 1  ERROR MATRIX UNCERTAINTY   2.5 per cent
  EXT PARAMETER                                   STEP         FIRST   
  NO.   NAME      VALUE            ERROR          SIZE      DERIVATIVE 
   1  N0           3.17368e+06   3.43373e+02   1.79822e+00  -4.23999e-06
   2  tau          6.44005e+01   constant   
   3  A0           3.64396e-01   1.34748e-04   4.74976e-07   3.25786e-01
   4  phi          4.12159e+00   3.88419e-04   2.69760e-06   2.59194e+00
   5  R           -6.09192e+01   constant   
   6  alpha_CBO    0.00000e+00     fixed    
   7  w_CBO        2.32500e+00   constant   
   8  beta_CBO     0.00000e+00     fixed    
   9  alpha_2CBO   0.00000e+00     fixed    
  10  beta_2CBO    0.00000e+00     fixed    
  11  alpha_y      0.00000e+00     fixed    
  12  w_y          1.38860e+01   constant   
  13  beta_y       0.00000e+00     fixed    
  14  alpha_vw     0.00000e+00     fixed    
  15  w_vw         1.43404e+01   constant   
  16  beta_vw      0.00000e+00     fixed    
  17  LM          -6.12107e-05   constant   
  18  zeta_y       0.00000e+00   constant   
  19  zeta_vw      0.00000e+00   constant   
  20  T_CBO        1.73486e+02   2.59723e+01   3.09276e-04   4.20706e-03
  21  alpha_A0     5.34277e-04   1.11024e-03   2.42029e-04  -1.84487e-03
  22  beta_A0     -4.74214e-03   1.23226e-03  -2.35049e-04   2.08354e-03
  23  alpha_phi   -4.62697e-03   1.10643e-03   7.55233e-04   4.94426e-04
  24  beta_phi    -9.99895e-03   1.54189e-04  -1.20374e-04   9.63422e-03
 EXTERNAL ERROR MATRIX.    NDIM=  25    NPAR=  8    ERR DEF=1
  1.179e+05  4.608e-03  2.365e-02  4.352e+01  1.604e-02 -7.559e-02 -7.808e-02 -1.081e-03 
  4.608e-03  1.816e-08 -2.897e-09 -3.706e-04 -1.008e-08 -1.734e-08  1.199e-08  1.565e-10 
  2.365e-02 -2.897e-09  1.509e-07  6.968e-04  5.899e-08 -8.410e-10 -3.730e-08 -8.972e-10 
  4.352e+01 -3.706e-04  6.968e-04  6.756e+02 -2.060e-05  1.359e-02  7.743e-03  1.983e-05 
  1.604e-02 -1.008e-08  5.899e-08 -2.060e-05  1.238e-06 -2.784e-08 -2.027e-07 -2.704e-09 
 -7.559e-02 -1.734e-08 -8.410e-10  1.359e-02 -2.784e-08  1.528e-06  1.817e-07 -1.505e-10 
 -7.808e-02  1.199e-08 -3.730e-08  7.743e-03 -2.027e-07  1.817e-07  1.231e-06  1.048e-09 
 -1.081e-03  1.565e-10 -8.972e-10  1.983e-05 -2.704e-09 -1.505e-10  1.048e-09  6.473e-10 
 PARAMETER  CORRELATION COEFFICIENTS  
       NO.  GLOBAL      1      3      4     20     21     22     23     24
        1  0.36471   1.000  0.100  0.177  0.005  0.042 -0.178 -0.205 -0.124
        3  0.22321   0.100  1.000 -0.055 -0.106 -0.067 -0.104  0.080  0.046
        4  0.24789   0.177 -0.055  1.000  0.069  0.136 -0.002 -0.087 -0.091
       20  0.50681   0.005 -0.106  0.069  1.000 -0.001  0.423  0.269  0.030
       21  0.22810   0.042 -0.067  0.136 -0.001  1.000 -0.020 -0.164 -0.096
       22  0.46390  -0.178 -0.104 -0.002  0.423 -0.020  1.000  0.132 -0.005
       23  0.39463  -0.205  0.080 -0.087  0.269 -0.164  0.132  1.000  0.037
       24  0.18225  -0.124  0.046 -0.091  0.030 -0.096 -0.005  0.037  1.000
MINUIT - FIT ONLY 1-CBO + wiggle
 **********
 **   16 **RES 
 **********
                   PARAMETER   16  beta_vw RESTORED TO VARIABLE.
                   PARAMETER   14  alpha_vw RESTORED TO VARIABLE.
                   PARAMETER   13  beta_y RESTORED TO VARIABLE.
                   PARAMETER   11  alpha_y RESTORED TO VARIABLE.
                   PARAMETER   10  beta_2CBO RESTORED TO VARIABLE.
                   PARAMETER    9  alpha_2CBO RESTORED TO VARIABLE.
                   PARAMETER    8  beta_CBO RESTORED TO VARIABLE.
                   PARAMETER    6  alpha_CBO RESTORED TO VARIABLE.
 **********
 **   17 **FIX            8
 **********
 **********
 **   18 **FIX            9
 **********
 **********
 **   19 **FIX           11
 **********
 **********
 **   20 **FIX           12
 **********
 PARAMETER   12  IS CONSTANT.   IGNORED.
 **********
 **   21 **FIX           14
 **********
 **********
 **   22 **FIX           15
 **********
 PARAMETER   15  IS CONSTANT.   IGNORED.
 **********
 **   23 **FIX           16
 **********
 **********
 **   24 **MIGRAD
 **********
 START MIGRAD MINIMIZATION.  STRATEGY  1.  CONVERGENCE WHEN EDM .LT. 1.00e-04
 FCN=1079.04 FROM MIGRAD    STATUS=INITIATE       58 CALLS         688 TOTAL
                     EDM= unknown      STRATEGY= 1      NO ERROR MATRIX       
  EXT PARAMETER               CURRENT GUESS       STEP         FIRST   
  NO.   NAME      VALUE            ERROR          SIZE      DERIVATIVE 
   1  N0           3.17368e+06   3.43373e+02   0.00000e+00  -1.51516e-05
   2  tau          6.44005e+01   constant   
   3  A0           3.64396e-01   1.34748e-04   0.00000e+00  -3.18828e+01
   4  phi          4.12159e+00   3.88419e-04   0.00000e+00   1.17766e+01
   5  R           -6.09192e+01   constant   
   6  alpha_CBO    0.00000e+00   1.00000e-03   0.00000e+00   1.52286e+05
   7  w_CBO        2.32500e+00   constant   
   8  beta_CBO     0.00000e+00     fixed    
   9  alpha_2CBO   0.00000e+00     fixed    
  10  beta_2CBO    0.00000e+00   1.00000e-03   0.00000e+00  -2.15073e+04
  11  alpha_y      0.00000e+00     fixed    
  12  w_y          1.38860e+01   constant   
  13  beta_y       0.00000e+00   1.00000e-03   0.00000e+00   1.60168e+03
  14  alpha_vw     0.00000e+00     fixed    
  15  w_vw         1.43404e+01   constant   
  16  beta_vw      0.00000e+00     fixed    
  17  LM          -6.12107e-05   constant   
  18  zeta_y       0.00000e+00   constant   
  19  zeta_vw      0.00000e+00   constant   
  20  T_CBO        1.73486e+02   2.59723e+01   0.00000e+00  -8.52882e-01
  21  alpha_A0     5.34277e-04   1.11024e-03   0.00000e+00   8.95112e-03
  22  beta_A0     -4.74214e-03   1.23226e-03   0.00000e+00   3.28936e-03
  23  alpha_phi   -4.62697e-03   1.10643e-03   0.00000e+00  -8.06803e-02
  24  beta_phi    -9.96683e-03   1.54189e-04   6.70010e-02  -7.79201e-03
 MIGRAD MINIMIZATION HAS CONVERGED.
 FCN=943.194 FROM MIGRAD    STATUS=CONVERGED     987 CALLS        1617 TOTAL
                     EDM=4.43654e-06    STRATEGY= 1  ERROR MATRIX UNCERTAINTY   0.3 per cent
  EXT PARAMETER                                   STEP         FIRST   
  NO.   NAME      VALUE            ERROR          SIZE      DERIVATIVE 
   1  N0           3.17387e+06   3.22613e+02   1.14827e-01   2.75931e-06
   2  tau          6.44005e+01   constant   
   3  A0           3.64740e-01   1.42474e-04   1.56796e-07  -2.27950e+00
   4  phi          4.12150e+00   3.80013e-04  -1.41630e-07  -3.86176e+00
   5  R           -6.09192e+01   constant   
   6  alpha_CBO   -1.75617e-03   1.51502e-04  -9.20396e-08   2.07526e+00
   7  w_CBO        2.32500e+00   constant   
   8  beta_CBO     0.00000e+00     fixed    
   9  alpha_2CBO   0.00000e+00     fixed    
  10  beta_2CBO    1.51792e-04   1.48210e-04  -7.02431e-08   5.41699e+00
  11  alpha_y      0.00000e+00     fixed    
  12  w_y          1.38860e+01   constant   
  13  beta_y      -3.66346e-05   1.45532e-04  -6.50109e-08  -4.10170e+00
  14  alpha_vw     0.00000e+00     fixed    
  15  w_vw         1.43404e+01   constant   
  16  beta_vw      0.00000e+00     fixed    
  17  LM          -6.12107e-05   constant   
  18  zeta_y       0.00000e+00   constant   
  19  zeta_vw      0.00000e+00   constant   
  20  T_CBO        9.99994e+02   5.00421e+02   2.51051e-02  -2.52619e-04
  21  alpha_A0    -1.14752e-03   6.61575e-04  -1.94159e-04  -3.36102e-03
  22  beta_A0     -2.60175e-03   6.30690e-04   1.23605e-04   4.22712e-02
  23  alpha_phi   -3.07359e-03   6.86572e-04  -1.00704e-07  -1.59520e-02
  24  beta_phi    -5.44290e-03   6.59529e-04  -9.82068e-06   2.62027e-02
 EXTERNAL ERROR MATRIX.    NDIM=  25    NPAR= 11    ERR DEF=1
  1.041e+05 
  6.391e-03  2.030e-08 
  1.317e-02 -3.714e-09  1.444e-07 
 -2.017e-03 -4.735e-09 -1.308e-11  2.295e-08 
  5.492e-04 -8.126e-10 -4.368e-09  1.148e-09  2.197e-08 
  9.218e-04  1.471e-10 -1.719e-09  2.743e-10  2.486e-11  2.118e-08 
  3.389e+01  2.463e-05 -8.087e-05  4.048e-06 -1.269e-05 -2.565e-05  2.215e+02 
  5.703e-04 -9.136e-09  3.567e-08  1.727e-08 -1.252e-08 -1.896e-09  7.124e-04  4.383e-07 
 -4.274e-02 -9.148e-09  1.335e-09 -5.927e-10 -1.396e-09  1.021e-09  1.951e-04 -9.036e-09  3.983e-07 
 -4.109e-02  1.265e-08 -2.809e-08  7.964e-09  4.715e-09  7.159e-10  1.159e-03 -1.953e-08 -8.076e-09  4.722e-07 
  1.041e-02  6.903e-09 -1.176e-08 -4.598e-09 -1.333e-08  1.561e-09  9.172e-04 -1.149e-08 -1.628e-08 -1.435e-09  4.359e-07 
 PARAMETER  CORRELATION COEFFICIENTS  
       NO.  GLOBAL      1      3      4      6     10     13     20     21     22     23     24
        1  0.33770   1.000  0.139  0.107 -0.041  0.011  0.020  0.007  0.003 -0.210 -0.185  0.049
        3  0.33203   0.139  1.000 -0.069 -0.219 -0.038  0.007  0.012 -0.097 -0.102  0.129  0.073
        4  0.22468   0.107 -0.069  1.000 -0.000 -0.078 -0.031 -0.014  0.142  0.006 -0.108 -0.047
        6  0.29773  -0.041 -0.219 -0.000  1.000  0.051  0.012  0.002  0.172 -0.006  0.076 -0.046
       10  0.22092   0.011 -0.038 -0.078  0.051  1.000  0.001 -0.006 -0.128 -0.015  0.046 -0.136
       13  0.05229   0.020  0.007 -0.031  0.012  0.001  1.000 -0.012 -0.020  0.011  0.007  0.016
       20  0.17489   0.007  0.012 -0.014  0.002 -0.006 -0.012  1.000  0.072  0.021  0.113  0.093
       21  0.27924   0.003 -0.097  0.142  0.172 -0.128 -0.020  0.072  1.000 -0.022 -0.043 -0.026
       22  0.23639  -0.210 -0.102  0.006 -0.006 -0.015  0.011  0.021 -0.022  1.000 -0.019 -0.039
       23  0.30571  -0.185  0.129 -0.108  0.076  0.046  0.007  0.113 -0.043 -0.019  1.000 -0.003
       24  0.19892   0.049  0.073 -0.047 -0.046 -0.136  0.016  0.093 -0.026 -0.039 -0.003  1.000
MINUIT - FIT ONLY 2-CBO
 **********
 **   25 **RES 
 **********
                   PARAMETER   16  beta_vw RESTORED TO VARIABLE.
                   PARAMETER   14  alpha_vw RESTORED TO VARIABLE.
                   PARAMETER   11  alpha_y RESTORED TO VARIABLE.
                   PARAMETER    9  alpha_2CBO RESTORED TO VARIABLE.
                   PARAMETER    8  beta_CBO RESTORED TO VARIABLE.
 **********
 **   26 **FIX            0
 **********
 PARAMETER    0  IS UNDEFINED. IGNORED.
 **********
 **   27 **FIX            1
 **********
 **********
 **   28 **FIX            2
 **********
 PARAMETER    2  IS CONSTANT.   IGNORED.
 **********
 **   29 **FIX            3
 **********
 **********
 **   30 **FIX            4
 **********
 **********
 **   31 **FIX            5
 **********
 PARAMETER    5  IS CONSTANT.   IGNORED.
 **********
 **   32 **FIX            6
 **********
 **********
 **   33 **FIX            7
 **********
 PARAMETER    7  IS CONSTANT.   IGNORED.
 **********
 **   34 **FIX           10
 **********
 **********
 **   35 **FIX           11
 **********
 **********
 **   36 **FIX           12
 **********
 PARAMETER   12  IS CONSTANT.   IGNORED.
 **********
 **   37 **FIX           13
 **********
 **********
 **   38 **FIX           14
 **********
 **********
 **   39 **FIX           15
 **********
 PARAMETER   15  IS CONSTANT.   IGNORED.
 **********
 **   40 **FIX           16
 **********
 **********
 **   41 **MIGRAD
 **********
 START MIGRAD MINIMIZATION.  STRATEGY  1.  CONVERGENCE WHEN EDM .LT. 1.00e-04
 FCN=943.194 FROM MIGRAD    STATUS=INITIATE       18 CALLS        1635 TOTAL
                     EDM= unknown      STRATEGY= 1      NO ERROR MATRIX       
  EXT PARAMETER               CURRENT GUESS       STEP         FIRST   
  NO.   NAME      VALUE            ERROR          SIZE      DERIVATIVE 
   1  N0           3.17387e+06     fixed    
   2  tau          6.44005e+01   constant   
   3  A0           3.64740e-01     fixed    
   4  phi          4.12150e+00     fixed    
   5  R           -6.09192e+01   constant   
   6  alpha_CBO   -1.75617e-03     fixed    
   7  w_CBO        2.32500e+00   constant   
   8  beta_CBO     0.00000e+00   1.00000e-03   1.00000e-03  -3.86725e+05
   9  alpha_2CBO   0.00000e+00   1.00000e-03   1.00000e-03  -1.32438e+04
  10  beta_2CBO    1.51792e-04     fixed    
  11  alpha_y      0.00000e+00     fixed    
  12  w_y          1.38860e+01   constant   
  13  beta_y      -3.66346e-05     fixed    
  14  alpha_vw     0.00000e+00     fixed    
  15  w_vw         1.43404e+01   constant   
  16  beta_vw      0.00000e+00     fixed    
  17  LM          -6.12107e-05   constant   
  18  zeta_y       0.00000e+00   constant   
  19  zeta_vw      0.00000e+00   constant   
  20  T_CBO        9.99994e+02   5.00421e+02   2.51051e-02  -2.53058e-04
  21  alpha_A0    -1.14752e-03   6.61575e-04  -1.94159e-04  -3.36075e-03
  22  beta_A0     -2.60175e-03   6.30690e-04   1.23605e-04   4.22711e-02
  23  alpha_phi   -3.07359e-03   6.86572e-04  -1.00704e-07  -1.59520e-02
  24  beta_phi    -5.44290e-03   6.59529e-04  -9.82068e-06   2.62027e-02
 MIGRAD MINIMIZATION HAS CONVERGED.
 MIGRAD WILL VERIFY CONVERGENCE AND ERROR MATRIX.
 COVARIANCE MATRIX CALCULATED SUCCESSFULLY
 FCN=101.145 FROM MIGRAD    STATUS=CONVERGED     188 CALLS        1805 TOTAL
                     EDM=1.1637e-06    STRATEGY= 1      ERROR MATRIX ACCURATE 
  EXT PARAMETER                                   STEP         FIRST   
  NO.   NAME      VALUE            ERROR          SIZE      DERIVATIVE 
   1  N0           3.17387e+06     fixed    
   2  tau          6.44005e+01   constant   
   3  A0           3.64740e-01     fixed    
   4  phi          4.12150e+00     fixed    
   5  R           -6.09192e+01   constant   
   6  alpha_CBO   -1.75617e-03     fixed    
   7  w_CBO        2.32500e+00   constant   
   8  beta_CBO     4.35213e-03   1.50043e-04   7.23943e-07  -1.52666e-01
   9  alpha_2CBO   5.82741e-05   1.47860e-04   7.14945e-07  -3.45121e-01
  10  beta_2CBO    1.51792e-04     fixed    
  11  alpha_y      0.00000e+00     fixed    
  12  w_y          1.38860e+01   constant   
  13  beta_y      -3.66346e-05     fixed    
  14  alpha_vw     0.00000e+00     fixed    
  15  w_vw         1.43404e+01   constant   
  16  beta_vw      0.00000e+00     fixed    
  17  LM          -6.12107e-05   constant   
  18  zeta_y       0.00000e+00   constant   
  19  zeta_vw      0.00000e+00   constant   
  20  T_CBO        1.00000e+03   8.35399e+02   5.35452e-02** at limit **
  21  alpha_A0    -1.67333e-03   6.15794e-04   3.04278e-04   1.31038e-02
  22  beta_A0     -2.24072e-04   6.14374e-04   2.98165e-04  -9.47583e-03
  23  alpha_phi   -3.23819e-03   5.97643e-04   3.00479e-04   6.22108e-03
  24  beta_phi    -2.68887e-03   5.96693e-04   2.96913e-04   1.72260e-02
 EXTERNAL ERROR MATRIX.    NDIM=  25    NPAR=  7    ERR DEF=1
  2.251e-08 -4.531e-10  6.661e-09 -2.748e-09  1.175e-08 -4.263e-10  1.443e-08 
 -4.531e-10  2.186e-08  1.966e-08  1.560e-09  1.146e-08 -1.316e-08 -5.969e-09 
  6.661e-09  1.966e-08  3.602e-01 -1.640e-05 -2.213e-06 -3.325e-05 -2.799e-05 
 -2.748e-09  1.560e-09 -1.640e-05  3.797e-07 -1.384e-08 -5.280e-08 -1.639e-08 
  1.175e-08  1.146e-08 -2.213e-06 -1.384e-08  3.779e-07 -1.311e-08  1.960e-09 
 -4.263e-10 -1.316e-08 -3.325e-05 -5.280e-08 -1.311e-08  3.577e-07  5.724e-08 
  1.443e-08 -5.969e-09 -2.799e-05 -1.639e-08  1.960e-09  5.724e-08  3.565e-07 
 PARAMETER  CORRELATION COEFFICIENTS  
       NO.  GLOBAL      8      9     20     21     22     23     24
        8  0.20995   1.000 -0.020  0.000 -0.030  0.127 -0.005  0.161
        9  0.19991  -0.020  1.000  0.000  0.017  0.126 -0.149 -0.068
       20  0.12927   0.000  0.000  1.000 -0.044 -0.006 -0.093 -0.078
       21  0.16358  -0.030  0.017 -0.044  1.000 -0.037 -0.143 -0.045
       22  0.18599   0.127  0.126 -0.006 -0.037  1.000 -0.036  0.005
       23  0.26862  -0.005 -0.149 -0.093 -0.143 -0.036  1.000  0.160
       24  0.24106   0.161 -0.068 -0.078 -0.045  0.005  0.160  1.000
MINUIT - FIT wiggle + 1-CBO + 2-CBO
 **********
 **   42 **RES 
 **********
                   PARAMETER   16  beta_vw RESTORED TO VARIABLE.
                   PARAMETER   14  alpha_vw RESTORED TO VARIABLE.
                   PARAMETER   13  beta_y RESTORED TO VARIABLE.
                   PARAMETER   11  alpha_y RESTORED TO VARIABLE.
                   PARAMETER   10  beta_2CBO RESTORED TO VARIABLE.
                   PARAMETER    6  alpha_CBO RESTORED TO VARIABLE.
                   PARAMETER    4  phi RESTORED TO VARIABLE.
                   PARAMETER    3  A0 RESTORED TO VARIABLE.
                   PARAMETER    1  N0 RESTORED TO VARIABLE.
 **********
 **   43 **FIX           10
 **********
 **********
 **   44 **FIX           11
 **********
 **********
 **   45 **FIX           12
 **********
 PARAMETER   12  IS CONSTANT.   IGNORED.
 **********
 **   46 **FIX           13
 **********
 **********
 **   47 **FIX           14
 **********
 **********
 **   48 **FIX           15
 **********
 PARAMETER   15  IS CONSTANT.   IGNORED.
 **********
 **   49 **FIX           16
 **********
 **********
 **   50 **MIGRAD
 **********
 START MIGRAD MINIMIZATION.  STRATEGY  1.  CONVERGENCE WHEN EDM .LT. 1.00e-04
 FCN=101.145 FROM MIGRAD    STATUS=INITIATE       22 CALLS        1827 TOTAL
                     EDM= unknown      STRATEGY= 1      NO ERROR MATRIX       
  EXT PARAMETER               CURRENT GUESS       STEP         FIRST   
  NO.   NAME      VALUE            ERROR          SIZE      DERIVATIVE 
   1  N0           3.17387e+06   3.22613e+02   3.22613e+02  -8.81429e-03
   2  tau          6.44005e+01   constant   
   3  A0           3.64740e-01   1.42474e-04   1.42474e-04  -2.71814e+04
   4  phi          4.12150e+00   3.80013e-04   3.80013e-04   3.13675e+04
   5  R           -6.09192e+01   constant   
   6  alpha_CBO   -1.75617e-03   1.51502e-04   1.51502e-04  -8.80080e+03
   7  w_CBO        2.32500e+00   constant   
   8  beta_CBO     4.35213e-03   1.50043e-04   7.23943e-07  -1.53557e-01
   9  alpha_2CBO   5.82741e-05   1.47860e-04   7.14945e-07  -3.43696e-01
  10  beta_2CBO    1.51792e-04     fixed    
  11  alpha_y      0.00000e+00     fixed    
  12  w_y          1.38860e+01   constant   
  13  beta_y      -3.66346e-05     fixed    
  14  alpha_vw     0.00000e+00     fixed    
  15  w_vw         1.43404e+01   constant   
  16  beta_vw      0.00000e+00     fixed    
  17  LM          -6.12107e-05   constant   
  18  zeta_y       0.00000e+00   constant   
  19  zeta_vw      0.00000e+00   constant   
  20  T_CBO        9.99999e+02   8.35399e+02   5.35452e-02  -3.55818e-05
  21  alpha_A0    -1.67333e-03   6.15794e-04   3.04278e-04   1.31204e-02
  22  beta_A0     -2.24072e-04   6.14374e-04   2.98165e-04  -9.47408e-03
  23  alpha_phi   -3.23819e-03   5.97643e-04   3.00479e-04   6.24898e-03
  24  beta_phi    -2.68887e-03   5.96693e-04   2.96913e-04   1.72475e-02
 MIGRAD MINIMIZATION HAS CONVERGED.
 FCN=55.8672 FROM MIGRAD    STATUS=CONVERGED     172 CALLS        1977 TOTAL
                     EDM=4.127e-07    STRATEGY= 1  ERROR MATRIX UNCERTAINTY   4.1 per cent
  EXT PARAMETER                                   STEP         FIRST   
  NO.   NAME      VALUE            ERROR          SIZE      DERIVATIVE 
   1  N0           3.17414e+06   3.36868e+02  -7.40877e-01   1.63078e-06
   2  tau          6.44005e+01   constant   
   3  A0           3.65098e-01   1.38500e-04  -2.33142e-07   3.32257e+00
   4  phi          4.11901e+00   3.97686e-04  -6.92875e-08   2.66602e-01
   5  R           -6.09192e+01   constant   
   6  alpha_CBO   -1.73837e-03   1.41625e-04  -1.75556e-08  -4.92609e+00
   7  w_CBO        2.32500e+00   constant   
   8  beta_CBO     4.58883e-03   1.52740e-04  -1.19906e-07  -1.74994e+00
   9  alpha_2CBO  -1.54196e-05   1.42214e-04  -3.12418e-07  -2.01501e+00
  10  beta_2CBO    1.51792e-04     fixed    
  11  alpha_y      0.00000e+00     fixed    
  12  w_y          1.38860e+01   constant   
  13  beta_y      -3.66346e-05     fixed    
  14  alpha_vw     0.00000e+00     fixed    
  15  w_vw         1.43404e+01   constant   
  16  beta_vw      0.00000e+00     fixed    
  17  LM          -6.12107e-05   constant   
  18  zeta_y       0.00000e+00   constant   
  19  zeta_vw      0.00000e+00   constant   
  20  T_CBO        9.99949e+02   8.60468e+02   9.25019e-05   1.48407e-05
  21  alpha_A0    -2.30043e-03   6.30486e-04  -4.80272e-05  -3.54721e-03
  22  beta_A0     -2.44905e-04   5.82572e-04  -6.05667e-06  -5.26013e-03
  23  alpha_phi   -2.75621e-03   6.06249e-04  -1.58994e-05  -5.25926e-03
  24  beta_phi    -2.13297e-03   6.11352e-04  -1.12853e-04  -2.26229e-03
 EXTERNAL ERROR MATRIX.    NDIM=  25    NPAR= 11    ERR DEF=1
  1.135e+05 
  2.976e-03  1.918e-08 
  1.595e-02 -6.702e-09  1.582e-07 
  2.341e-03 -2.930e-09  3.592e-09  2.006e-08 
  3.879e-03  2.780e-09 -1.139e-08 -4.705e-10  2.333e-08 
  2.571e-03 -9.702e-10  5.057e-09 -9.520e-12 -1.675e-09  2.022e-08 
  1.927e+02  8.381e-05  1.225e-05  3.662e-05  3.962e-05  1.124e-04  5.673e+03 
  7.048e-03 -6.859e-09  3.914e-08  7.807e-09 -7.247e-09  3.462e-09  1.351e-04  3.981e-07 
 -1.582e-02  3.028e-09  7.103e-10 -2.304e-09  7.757e-09 -5.774e-10  7.331e-05 -1.888e-08  3.398e-07 
 -3.898e-02  1.417e-08 -2.731e-08 -7.044e-10  1.814e-09 -1.156e-08  6.179e-05 -8.114e-08  9.859e-09  3.680e-07 
  5.432e-03  9.336e-09 -2.861e-08 -1.141e-08  1.563e-08 -4.060e-09  4.464e-04 -3.446e-08 -7.645e-09  4.439e-08  3.742e-07 
 PARAMETER  CORRELATION COEFFICIENTS  
       NO.  GLOBAL      1      3      4      6      8      9     20     21     22     23     24
        1  0.28146   1.000  0.064  0.119  0.049  0.075  0.054  0.008  0.033 -0.081 -0.191  0.026
        3  0.29155   0.064  1.000 -0.122 -0.149  0.131 -0.049  0.008 -0.078  0.038  0.169  0.110
        4  0.30344   0.119 -0.122  1.000  0.064 -0.188  0.089  0.000  0.156  0.003 -0.113 -0.118
        6  0.21933   0.049 -0.149  0.064  1.000 -0.022 -0.000  0.003  0.087 -0.028 -0.008 -0.132
        8  0.29500   0.075  0.131 -0.188 -0.022  1.000 -0.077  0.003 -0.075  0.087  0.020  0.167
        9  0.16981   0.054 -0.049  0.089 -0.000 -0.077  1.000  0.010  0.039 -0.007 -0.134 -0.047
       20  0.01907   0.008  0.008  0.000  0.003  0.003  0.010  1.000  0.003  0.002  0.001  0.010
       21  0.27242   0.033 -0.078  0.156  0.087 -0.075  0.039  0.003  1.000 -0.051 -0.212 -0.089
       22  0.14603  -0.081  0.038  0.003 -0.028  0.087 -0.007  0.002 -0.051  1.000  0.028 -0.021
       23  0.35954  -0.191  0.169 -0.113 -0.008  0.020 -0.134  0.001 -0.212  0.028  1.000  0.120
       24  0.26394   0.026  0.110 -0.118 -0.132  0.167 -0.047  0.010 -0.089 -0.021  0.120  1.000
MINUIT - FIT ONLY 1-y
 **********
 **   51 **RES 
 **********
                   PARAMETER   16  beta_vw RESTORED TO VARIABLE.
                   PARAMETER   14  alpha_vw RESTORED TO VARIABLE.
                   PARAMETER   13  beta_y RESTORED TO VARIABLE.
                   PARAMETER   11  alpha_y RESTORED TO VARIABLE.
                   PARAMETER   10  beta_2CBO RESTORED TO VARIABLE.
 **********
 **   52 **FIX            0
 **********
 PARAMETER    0  IS UNDEFINED. IGNORED.
 **********
 **   53 **FIX            1
 **********
 **********
 **   54 **FIX            2
 **********
 PARAMETER    2  IS CONSTANT.   IGNORED.
 **********
 **   55 **FIX            3
 **********
 **********
 **   56 **FIX            4
 **********
 **********
 **   57 **FIX            5
 **********
 PARAMETER    5  IS CONSTANT.   IGNORED.
 **********
 **   58 **FIX            6
 **********
 **********
 **   59 **FIX            7
 **********
 PARAMETER    7  IS CONSTANT.   IGNORED.
 **********
 **   60 **FIX            8
 **********
 **********
 **   61 **FIX            9
 **********
 **********
 **   62 **FIX           13
 **********
 **********
 **   63 **FIX           14
 **********
 **********
 **   64 **FIX           15
 **********
 PARAMETER   15  IS CONSTANT.   IGNORED.
 **********
 **   65 **FIX           16
 **********
 **********
 **   66 **MIGRAD
 **********
 START MIGRAD MINIMIZATION.  STRATEGY  1.  CONVERGENCE WHEN EDM .LT. 1.00e-04
 FCN=55.8672 FROM MIGRAD    STATUS=INITIATE       44 CALLS        2021 TOTAL
                     EDM= unknown      STRATEGY= 1      NO ERROR MATRIX       
  EXT PARAMETER               CURRENT GUESS       STEP         FIRST   
  NO.   NAME      VALUE            ERROR          SIZE      DERIVATIVE 
   1  N0           3.17414e+06     fixed    
   2  tau          6.44005e+01   constant   
   3  A0           3.65098e-01     fixed    
   4  phi          4.11901e+00     fixed    
   5  R           -6.09192e+01   constant   
   6  alpha_CBO   -1.73837e-03     fixed    
   7  w_CBO        2.32500e+00   constant   
   8  beta_CBO     4.58883e-03     fixed    
   9  alpha_2CBO  -1.54196e-05     fixed    
  10  beta_2CBO    1.51792e-04   1.48210e-04   0.00000e+00  -2.33941e+03
  11  alpha_y      0.00000e+00   1.00000e-03   0.00000e+00   1.12871e+04
  12  w_y          1.38860e+01   constant   
  13  beta_y      -3.66346e-05     fixed    
  14  alpha_vw     0.00000e+00     fixed    
  15  w_vw         1.43404e+01   constant   
  16  beta_vw      0.00000e+00     fixed    
  17  LM          -6.12107e-05   constant   
  18  zeta_y       0.00000e+00   constant   
  19  zeta_vw      0.00000e+00   constant   
  20  T_CBO        9.97715e+02   8.60468e+02   1.09912e-01   1.17396e-04
  21  alpha_A0    -2.30043e-03   6.30486e-04   0.00000e+00   3.51773e-02
  22  beta_A0     -2.44905e-04   5.82572e-04   0.00000e+00   7.62718e-04
  23  alpha_phi   -2.75621e-03   6.06249e-04   0.00000e+00   3.76519e-02
  24  beta_phi    -2.13297e-03   6.11352e-04   0.00000e+00   2.57097e-02
 MIGRAD MINIMIZATION HAS CONVERGED.
 MIGRAD WILL VERIFY CONVERGENCE AND ERROR MATRIX.
 COVARIANCE MATRIX CALCULATED SUCCESSFULLY
 FCN=55.158 FROM MIGRAD    STATUS=CONVERGED     149 CALLS        2126 TOTAL
                     EDM=2.5962e-06    STRATEGY= 1      ERROR MATRIX ACCURATE 
  EXT PARAMETER                                   STEP         FIRST   
  NO.   NAME      VALUE            ERROR          SIZE      DERIVATIVE 
   1  N0           3.17414e+06     fixed    
   2  tau          6.44005e+01   constant   
   3  A0           3.65098e-01     fixed    
   4  phi          4.11901e+00     fixed    
   5  R           -6.09192e+01   constant   
   6  alpha_CBO   -1.73837e-03     fixed    
   7  w_CBO        2.32500e+00   constant   
   8  beta_CBO     4.58883e-03     fixed    
   9  alpha_2CBO  -1.54196e-05     fixed    
  10  beta_2CBO    1.77983e-04   1.50749e-04   5.37845e-07   4.88655e+00
  11  alpha_y     -1.20233e-04   1.46025e-04   5.34057e-07   4.84845e-01
  12  w_y          1.38860e+01   constant   
  13  beta_y      -3.66346e-05     fixed    
  14  alpha_vw     0.00000e+00     fixed    
  15  w_vw         1.43404e+01   constant   
  16  beta_vw      0.00000e+00     fixed    
  17  LM          -6.12107e-05   constant   
  18  zeta_y       0.00000e+00   constant   
  19  zeta_vw      0.00000e+00   constant   
  20  T_CBO        9.99427e+02   9.99475e+02   1.00983e-01   4.29494e-05
  21  alpha_A0    -2.31554e-03   6.20616e-04   2.28399e-04   6.79050e-03
  22  beta_A0     -2.48351e-04   6.03917e-04   2.20941e-04  -4.96529e-03
  23  alpha_phi   -2.74881e-03   5.88646e-04   2.19116e-04   9.29062e-03
  24  beta_phi    -2.13465e-03   5.93516e-04   2.16819e-04   8.91613e-03
 EXTERNAL ERROR MATRIX.    NDIM=  25    NPAR=  7    ERR DEF=1
  2.273e-08  8.382e-11  1.400e-06 -1.337e-08 -1.494e-09  3.178e-09 -1.447e-08 
  8.382e-11  2.132e-08  6.683e-06 -9.924e-11  2.972e-10 -6.329e-10 -2.695e-09 
  1.400e-06  6.683e-06  1.271e+06 -1.908e-02 -2.117e-03 -2.301e-02 -1.794e-02 
 -1.337e-08 -9.924e-11 -1.908e-02  3.857e-07 -1.257e-08 -5.422e-08 -6.451e-09 
 -1.494e-09  2.972e-10 -2.117e-03 -1.257e-08  3.652e-07 -5.940e-09 -1.023e-09 
  3.178e-09 -6.329e-10 -2.301e-02 -5.422e-08 -5.940e-09  3.469e-07  4.980e-08 
 -1.447e-08 -2.695e-09 -1.794e-02 -6.451e-09 -1.023e-09  4.980e-08  3.527e-07 
 PARAMETER  CORRELATION COEFFICIENTS  
       NO.  GLOBAL     10     11     20     21     22     23     24
       10  0.22198   1.000  0.004  0.000 -0.143 -0.016  0.036 -0.162
       11  0.03148   0.004  1.000  0.000 -0.001  0.003 -0.007 -0.031
       20  0.05325   0.000  0.000  1.000 -0.027 -0.003 -0.035 -0.027
       21  0.20934  -0.143 -0.001 -0.027  1.000 -0.033 -0.148 -0.017
       22  0.04579  -0.016  0.003 -0.003 -0.033  1.000 -0.017 -0.003
       23  0.21123   0.036 -0.007 -0.035 -0.148 -0.017  1.000  0.142
       24  0.22327  -0.162 -0.031 -0.027 -0.017 -0.003  0.142  1.000
MINUIT - FIT ONLY 2-y
 **********
 **   67 **RES 
 **********
                   PARAMETER   16  beta_vw RESTORED TO VARIABLE.
                   PARAMETER   14  alpha_vw RESTORED TO VARIABLE.
                   PARAMETER   13  beta_y RESTORED TO VARIABLE.
                   PARAMETER    9  alpha_2CBO RESTORED TO VARIABLE.
                   PARAMETER    8  beta_CBO RESTORED TO VARIABLE.
                   PARAMETER    6  alpha_CBO RESTORED TO VARIABLE.
                   PARAMETER    4  phi RESTORED TO VARIABLE.
                   PARAMETER    3  A0 RESTORED TO VARIABLE.
                   PARAMETER    1  N0 RESTORED TO VARIABLE.
 **********
 **   68 **FIX            0
 **********
 PARAMETER    0  IS UNDEFINED. IGNORED.
 **********
 **   69 **FIX            1
 **********
 **********
 **   70 **FIX            2
 **********
 PARAMETER    2  IS CONSTANT.   IGNORED.
 **********
 **   71 **FIX            3
 **********
 **********
 **   72 **FIX            4
 **********
 **********
 **   73 **FIX            5
 **********
 PARAMETER    5  IS CONSTANT.   IGNORED.
 **********
 **   74 **FIX            6
 **********
 **********
 **   75 **FIX            7
 **********
 PARAMETER    7  IS CONSTANT.   IGNORED.
 **********
 **   76 **FIX            8
 **********
 **********
 **   77 **FIX            9
 **********
 **********
 **   78 **FIX           10
 **********
 **********
 **   79 **FIX           11
 **********
 **********
 **   80 **FIX           12
 **********
 PARAMETER   12  IS CONSTANT.   IGNORED.
 **********
 **   81 **FIX           16
 **********
 **********
 **   82 **MIGRAD
 **********
 START MIGRAD MINIMIZATION.  STRATEGY  1.  CONVERGENCE WHEN EDM .LT. 1.00e-04
 FCN=55.158 FROM MIGRAD    STATUS=INITIATE       14 CALLS        2140 TOTAL
                     EDM= unknown      STRATEGY= 1      NO ERROR MATRIX       
  EXT PARAMETER               CURRENT GUESS       STEP         FIRST   
  NO.   NAME      VALUE            ERROR          SIZE      DERIVATIVE 
   1  N0           3.17414e+06     fixed    
   2  tau          6.44005e+01   constant   
   3  A0           3.65098e-01     fixed    
   4  phi          4.11901e+00     fixed    
   5  R           -6.09192e+01   constant   
   6  alpha_CBO   -1.73837e-03     fixed    
   7  w_CBO        2.32500e+00   constant   
   8  beta_CBO     4.58883e-03     fixed    
   9  alpha_2CBO  -1.54196e-05     fixed    
  10  beta_2CBO    1.77983e-04     fixed    
  11  alpha_y     -1.20233e-04     fixed    
  12  w_y          1.38860e+01   constant   
  13  beta_y      -3.66346e-05   1.45532e-04   1.45532e-04  -3.81607e+03
  14  alpha_vw     0.00000e+00   1.00000e-03   1.00000e-03   2.06364e+03
  15  w_vw         1.43404e+01   constant   
  16  beta_vw      0.00000e+00     fixed    
  17  LM          -6.12107e-05   constant   
  18  zeta_y       0.00000e+00   constant   
  19  zeta_vw      0.00000e+00   constant   
  20  T_CBO        9.99427e+02   9.99475e+02   1.00983e-01   2.86007e-05
  21  alpha_A0    -2.31554e-03   6.20616e-04   2.28399e-04   6.79392e-03
  22  beta_A0     -2.48351e-04   6.03917e-04   2.20941e-04  -4.96456e-03
  23  alpha_phi   -2.74881e-03   5.88646e-04   2.19116e-04   9.29429e-03
  24  beta_phi    -2.13465e-03   5.93516e-04   2.16819e-04   8.91896e-03
 MIGRAD MINIMIZATION HAS CONVERGED.
 MIGRAD WILL VERIFY CONVERGENCE AND ERROR MATRIX.
 FCN=55.0377 FROM MIGRAD    STATUS=CONVERGED     143 CALLS        2269 TOTAL
                     EDM=1.42317e-06    STRATEGY= 1      ERR MATRIX NOT POS-DEF
  EXT PARAMETER                APPROXIMATE        STEP         FIRST   
  NO.   NAME      VALUE            ERROR          SIZE      DERIVATIVE 
   1  N0           3.17414e+06     fixed    
   2  tau          6.44005e+01   constant   
   3  A0           3.65098e-01     fixed    
   4  phi          4.11901e+00     fixed    
   5  R           -6.09192e+01   constant   
   6  alpha_CBO   -1.73837e-03     fixed    
   7  w_CBO        2.32500e+00   constant   
   8  beta_CBO     4.58883e-03     fixed    
   9  alpha_2CBO  -1.54196e-05     fixed    
  10  beta_2CBO    1.77983e-04     fixed    
  11  alpha_y     -1.20233e-04     fixed    
  12  w_y          1.38860e+01   constant   
  13  beta_y       9.79059e-06   1.37464e-04   5.33370e-07  -1.18429e+00
  14  alpha_vw    -3.07212e-05   1.37483e-04   5.33564e-07   6.64839e-01
  15  w_vw         1.43404e+01   constant   
  16  beta_vw      0.00000e+00     fixed    
  17  LM          -6.12107e-05   constant   
  18  zeta_y       0.00000e+00   constant   
  19  zeta_vw      0.00000e+00   constant   
  20  T_CBO        9.99992e+02   5.82069e+02   2.62073e-01  -6.78289e-06
  21  alpha_A0    -2.31914e-03   4.75260e-03   2.28171e-04   5.99154e-04
  22  beta_A0     -2.49955e-04   8.03596e-04   2.20700e-04  -2.77298e-03
  23  alpha_phi   -2.74505e-03   5.42161e-03   2.18840e-04   4.98552e-04
  24  beta_phi    -2.13361e-03   4.27420e-03   2.16573e-04  -1.72581e-03
 EXTERNAL ERROR MATRIX.    NDIM=  25    NPAR=  7    ERR DEF=1
  1.890e-08 -3.073e-09  7.736e-04 -5.865e-09 -1.019e-09 -4.167e-09 -3.751e-09 
 -3.073e-09  1.890e-08 -7.817e-04  4.811e-09  8.317e-10  5.002e-09  4.047e-09 
  7.736e-04 -7.817e-04  6.908e+05 -4.100e+00 -4.790e-01 -4.766e+00 -3.649e+00 
 -5.865e-09  4.811e-09 -4.100e+00  2.466e-05  2.832e-06  2.825e-05  2.165e-05 
 -1.019e-09  8.317e-10 -4.790e-01  2.832e-06  6.472e-07  3.300e-06  2.529e-06 
 -4.167e-09  5.002e-09 -4.766e+00  2.825e-05  3.300e-06  3.318e-05  2.521e-05 
 -3.751e-09  4.047e-09 -3.649e+00  2.165e-05  2.529e-06  2.521e-05  1.957e-05 
ERR MATRIX NOT POS-DEF
 PARAMETER  CORRELATION COEFFICIENTS  
       NO.  GLOBAL     13     14     20     21     22     23     24
       13  0.16411   1.000 -0.163  0.007 -0.009 -0.009 -0.005 -0.006
       14  0.16275  -0.163  1.000 -0.007  0.007  0.008  0.006  0.007
       20  0.99811   0.007 -0.007  1.000 -0.993 -0.716 -0.996 -0.992
       21  0.99352  -0.009  0.007 -0.993  1.000  0.709  0.988  0.985
       22  0.71682  -0.009  0.008 -0.716  0.709  1.000  0.712  0.711
       23  0.99568  -0.005  0.006 -0.996  0.988  0.712  1.000  0.990
       24  0.99258  -0.006  0.007 -0.992  0.985  0.711  0.990  1.000
 ERR MATRIX NOT POS-DEF
MINUIT - FIT ALTOGETHER
 **********
 **   83 **RES 
 **********
                   PARAMETER   16  beta_vw RESTORED TO VARIABLE.
