 + ++++++++++++++++++++++++++++++++++++++++++++++++++++++++++++++++++++ +
 +                                                                      +
 +           You have chose to blind your fitting according to          +
 +                omega_ref * (1 + (R +/- deltaR) *10^{-6})             +
 +                                                                      +
 + ++++++++++++++++++++++++++++++++++++++++++++++++++++++++++++++++++++ +
In main()...
reading format from /gm2data/zkhechad/run45/envelope/formats/formatB_sBin_constraintOn.txt
pBinTau 	= 0  
pBinPhi 	= 0  
constraintau 	= 1 
includeMopTerm 	= 0    
constrainMop    = 0   
Parameters after format file: pBinTau 0 pBinPhi 0 constraintau 1 includeMopTerm 0 constrainMop 0 c_e_scale 0.000000 
Opening file /gm2data/tbarrett/gm2fr/studies/run23_bunch_corrections/CorrectedFourier_Run3b.root.
reading full fit data from /gm2data/zkhechad/cboTemplates/Run4CBOTemplates/fullFits/noRF/sBin_constraintOn_cE0.0_seed0_noRF_calo23.root
windowBins = 69
fitting sliding window 2590 from bin 2726 at 406.570000 to bin 2795 at 417.014000 (69 bins)

Reading data from /gm2data/cornell/histograms/aMethod/histogram_a_noRF.root
 **********
 **    1 **SET PRINTOUT            1
 **********
 **********
 **    2 **SET NOWARNINGS 
 **********
 PARAMETER DEFINITIONS:
    NO.   NAME         VALUE      STEP SIZE      LIMITS
     1 N0           3.09539e+06  1.00000e+02     no limits
     2 tau          6.44044e+01  constant
     3 A0           3.43396e-01  1.00000e-04     no limits
     4 phi          4.11986e+00  1.00000e-02     no limits
     5 R           -6.14483e+01  constant
     6 alpha_CBO    0.00000e+00  1.00000e-03     no limits
     7 w_CBO        2.32500e+00  constant
     8 beta_CBO     0.00000e+00  1.00000e-03     no limits
     9 alpha_2CBO   0.00000e+00  1.00000e-03     no limits
    10 beta_2CBO    0.00000e+00  1.00000e-03     no limits
    11 alpha_y      0.00000e+00  1.00000e-03     no limits
    12 w_y          1.38860e+01  constant
    13 beta_y       0.00000e+00  1.00000e-03     no limits
    14 alpha_vw     0.00000e+00  1.00000e-03     no limits
    15 w_vw         1.43404e+01  constant
    16 beta_vw      0.00000e+00  1.00000e-03     no limits
    17 LM          -5.33935e-06  constant
    18 zeta_y       0.00000e+00  constant
    19 zeta_vw      0.00000e+00  constant
    20 T_CBO        1.00000e+02  1.00000e+00    0.00000e+00  1.00000e+03
    21 alpha_A0     0.00000e+00  1.00000e-04   -1.00000e-02  1.00000e-02
    22 beta_A0      0.00000e+00  1.00000e-04   -1.00000e-02  1.00000e-02
    23 alpha_phi    0.00000e+00  1.00000e-04   -1.00000e-02  1.00000e-02
    24 beta_phi     0.00000e+00  1.00000e-04   -1.00000e-02  1.00000e-02
MINUIT - FIT ONLY WIGGLE
 **********
 **    3 **FIX            5
 **********
 PARAMETER    5  IS CONSTANT.   IGNORED.
 **********
 **    4 **FIX            6
 **********
 **********
 **    5 **FIX            7
 **********
 PARAMETER    7  IS CONSTANT.   IGNORED.
 **********
 **    6 **FIX            8
 **********
 **********
 **    7 **FIX            9
 **********
 **********
 **    8 **FIX           10
 **********
 **********
 **    9 **FIX           11
 **********
 **********
 **   10 **FIX           12
 **********
 PARAMETER   12  IS CONSTANT.   IGNORED.
 **********
 **   11 **FIX           13
 **********
 **********
 **   12 **FIX           14
 **********
 **********
 **   13 **FIX           15
 **********
 PARAMETER   15  IS CONSTANT.   IGNORED.
 **********
 **   14 **FIX           16
 **********
 **********
 **   15 **MIGRAD
 **********
 FIRST CALL TO USER FUNCTION AT NEW START POINT, WITH IFLAG=4.
 START MIGRAD MINIMIZATION.  STRATEGY  1.  CONVERGENCE WHEN EDM .LT. 1.00e-04
 FCN=50.534 FROM MIGRAD    STATUS=INITIATE      437 CALLS         438 TOTAL
                     EDM= unknown      STRATEGY= 1      NO ERROR MATRIX       
  EXT PARAMETER               CURRENT GUESS       STEP         FIRST   
  NO.   NAME      VALUE            ERROR          SIZE      DERIVATIVE 
   1  N0           3.09539e+06   1.00000e+02   0.00000e+00   7.98006e-04
   2  tau          6.44044e+01   constant   
   3  A0           3.43396e-01   1.00000e-04   0.00000e+00   2.10892e+02
   4  phi          4.11986e+00   1.00000e-02   0.00000e+00   8.41398e+01
   5  R           -6.14483e+01   constant   
   6  alpha_CBO    0.00000e+00     fixed    
   7  w_CBO        2.32500e+00   constant   
   8  beta_CBO     0.00000e+00     fixed    
   9  alpha_2CBO   0.00000e+00     fixed    
  10  beta_2CBO    0.00000e+00     fixed    
  11  alpha_y      0.00000e+00     fixed    
  12  w_y          1.38860e+01   constant   
  13  beta_y       0.00000e+00     fixed    
  14  alpha_vw     0.00000e+00     fixed    
  15  w_vw         1.43404e+01   constant   
  16  beta_vw      0.00000e+00     fixed    
  17  LM          -5.33935e-06   constant   
  18  zeta_y       0.00000e+00   constant   
  19  zeta_vw      0.00000e+00   constant   
  20  T_CBO        1.00000e+02   1.00000e+00   0.00000e+00   0.00000e+00
  21  alpha_A0     0.00000e+00   1.00000e-04   0.00000e+00   2.94692e-02
  22  beta_A0      0.00000e+00   1.00000e-04   0.00000e+00  -3.08237e-02
  23  alpha_phi    0.00000e+00   1.00000e-04   0.00000e+00   1.83281e-02
  24  beta_phi     0.00000e+00   1.00000e-04   0.00000e+00   6.11794e-02
 MIGRAD MINIMIZATION HAS CONVERGED.
 FCN=46.9694 FROM MIGRAD    STATUS=CONVERGED     741 CALLS         742 TOTAL
                     EDM=1.10596e-06    STRATEGY= 1  ERROR MATRIX UNCERTAINTY   0.5 per cent
  EXT PARAMETER                                   STEP         FIRST   
  NO.   NAME      VALUE            ERROR          SIZE      DERIVATIVE 
   1  N0           3.09116e+06   3.28429e+03  -5.81004e+00  -1.32258e-08
   2  tau          6.44044e+01   constant   
   3  A0           3.42721e-01   1.30432e-03  -2.11413e-07  -5.41646e-02
   4  phi          4.11898e+00   4.10162e-03  -5.55792e-06  -4.17708e-02
   5  R           -6.14483e+01   constant   
   6  alpha_CBO    0.00000e+00     fixed    
   7  w_CBO        2.32500e+00   constant   
   8  beta_CBO     0.00000e+00     fixed    
   9  alpha_2CBO   0.00000e+00     fixed    
  10  beta_2CBO    0.00000e+00     fixed    
  11  alpha_y      0.00000e+00     fixed    
  12  w_y          1.38860e+01   constant   
  13  beta_y       0.00000e+00     fixed    
  14  alpha_vw     0.00000e+00     fixed    
  15  w_vw         1.43404e+01   constant   
  16  beta_vw      0.00000e+00     fixed    
  17  LM          -5.33935e-06   constant   
  18  zeta_y       0.00000e+00   constant   
  19  zeta_vw      0.00000e+00   constant   
  20  T_CBO        6.13345e+02   7.96004e+02   5.67784e-03  -3.98512e-04
  21  alpha_A0    -8.60306e-03   1.91330e-02   3.51192e-03   1.46624e-04
  22  beta_A0      7.98531e-03   1.87731e-02   7.46168e-04   1.81352e-04
  23  alpha_phi   -6.63800e-04   1.46393e-02  -1.15410e-03  -2.52820e-04
  24  beta_phi    -9.98126e-03   1.85654e-02  -9.82512e-04  -4.92240e-04
 EXTERNAL ERROR MATRIX.    NDIM=  25    NPAR=  8    ERR DEF=1
  1.079e+07  4.007e-01  2.341e+00  5.786e+05  1.568e+01 -5.450e+00  1.743e+00 -3.467e-01 
  4.007e-01  1.701e-06 -1.387e-07 -1.948e-01 -1.075e-06  5.127e-07  1.164e-06 -8.988e-08 
  2.341e+00 -1.387e-07  1.682e-05  3.977e-01  7.763e-06  3.079e-06 -1.921e-06 -6.782e-07 
  5.786e+05 -1.948e-01  3.977e-01  1.039e+06  1.163e+01 -6.995e+00 -2.212e+00  1.248e-01 
  1.568e+01 -1.075e-06  7.763e-06  1.163e+01  3.033e-04 -7.515e-05 -2.193e-05  2.791e-06 
 -5.450e+00  5.127e-07  3.079e-06 -6.995e+00 -7.515e-05  1.751e-04  1.660e-05  2.384e-06 
  1.743e+00  1.164e-06 -1.921e-06 -2.212e+00 -2.193e-05  1.660e-05  1.215e-04 -8.511e-07 
 -3.467e-01 -8.988e-08 -6.782e-07  1.248e-01  2.791e-06  2.384e-06 -8.511e-07  5.922e-06 
 PARAMETER  CORRELATION COEFFICIENTS  
       NO.  GLOBAL      1      3      4     20     21     22     23     24
        1  0.34546   1.000  0.094  0.174  0.173  0.274 -0.125  0.048 -0.043
        3  0.20694   0.094  1.000 -0.026 -0.147 -0.047  0.030  0.081 -0.028
        4  0.24761   0.174 -0.026  1.000  0.095  0.109  0.057 -0.042 -0.068
       20  0.74684   0.173 -0.147  0.095  1.000  0.655 -0.519 -0.197  0.050
       21  0.67790   0.274 -0.047  0.109  0.655  1.000 -0.326 -0.114  0.066
       22  0.54494  -0.125  0.030  0.057 -0.519 -0.326  1.000  0.114  0.074
       23  0.22364   0.048  0.081 -0.042 -0.197 -0.114  0.114  1.000 -0.032
       24  0.16998  -0.043 -0.028 -0.068  0.050  0.066  0.074 -0.032  1.000
MINUIT - FIT ONLY 1-CBO + wiggle
 **********
 **   16 **RES 
 **********
                   PARAMETER   16  beta_vw RESTORED TO VARIABLE.
                   PARAMETER   14  alpha_vw RESTORED TO VARIABLE.
                   PARAMETER   13  beta_y RESTORED TO VARIABLE.
                   PARAMETER   11  alpha_y RESTORED TO VARIABLE.
                   PARAMETER   10  beta_2CBO RESTORED TO VARIABLE.
                   PARAMETER    9  alpha_2CBO RESTORED TO VARIABLE.
                   PARAMETER    8  beta_CBO RESTORED TO VARIABLE.
                   PARAMETER    6  alpha_CBO RESTORED TO VARIABLE.
 **********
 **   17 **FIX            8
 **********
 **********
 **   18 **FIX            9
 **********
 **********
 **   19 **FIX           11
 **********
 **********
 **   20 **FIX           12
 **********
 PARAMETER   12  IS CONSTANT.   IGNORED.
 **********
 **   21 **FIX           14
 **********
 **********
 **   22 **FIX           15
 **********
 PARAMETER   15  IS CONSTANT.   IGNORED.
 **********
 **   23 **FIX           16
 **********
 **********
 **   24 **MIGRAD
 **********
 START MIGRAD MINIMIZATION.  STRATEGY  1.  CONVERGENCE WHEN EDM .LT. 1.00e-04
 FCN=46.9694 FROM MIGRAD    STATUS=INITIATE       60 CALLS         802 TOTAL
                     EDM= unknown      STRATEGY= 1      NO ERROR MATRIX       
  EXT PARAMETER               CURRENT GUESS       STEP         FIRST   
  NO.   NAME      VALUE            ERROR          SIZE      DERIVATIVE 
   1  N0           3.09116e+06   3.28429e+03   0.00000e+00   6.58337e-07
   2  tau          6.44044e+01   constant   
   3  A0           3.42721e-01   1.30432e-03   0.00000e+00  -1.15812e+00
   4  phi          4.11898e+00   4.10162e-03   0.00000e+00   1.26812e-01
   5  R           -6.14483e+01   constant   
   6  alpha_CBO    0.00000e+00   1.00000e-03   0.00000e+00   1.76314e+03
   7  w_CBO        2.32500e+00   constant   
   8  beta_CBO     0.00000e+00     fixed    
   9  alpha_2CBO   0.00000e+00     fixed    
  10  beta_2CBO    0.00000e+00   1.00000e-03   0.00000e+00  -9.14022e+02
  11  alpha_y      0.00000e+00     fixed    
  12  w_y          1.38860e+01   constant   
  13  beta_y       0.00000e+00   1.00000e-03   0.00000e+00   1.04262e+03
  14  alpha_vw     0.00000e+00     fixed    
  15  w_vw         1.43404e+01   constant   
  16  beta_vw      0.00000e+00     fixed    
  17  LM          -5.33935e-06   constant   
  18  zeta_y       0.00000e+00   constant   
  19  zeta_vw      0.00000e+00   constant   
  20  T_CBO        6.13345e+02   7.96004e+02   0.00000e+00  -4.96251e-03
  21  alpha_A0    -8.60306e-03   1.91330e-02   0.00000e+00   1.67138e-04
  22  beta_A0      7.98531e-03   1.87731e-02   0.00000e+00   1.00270e-03
  23  alpha_phi   -6.63800e-04   1.46393e-02   0.00000e+00   1.50747e-03
  24  beta_phi    -9.92493e-03   1.85654e-02   6.13834e-02   9.31916e-05
 MIGRAD MINIMIZATION HAS CONVERGED.
 FCN=44.19 FROM MIGRAD    STATUS=CONVERGED     268 CALLS        1010 TOTAL
                     EDM=7.18224e-06    STRATEGY= 1  ERROR MATRIX UNCERTAINTY   1.8 per cent
  EXT PARAMETER                                   STEP         FIRST   
  NO.   NAME      VALUE            ERROR          SIZE      DERIVATIVE 
   1  N0           3.09122e+06   3.20911e+03  -8.87140e+00   1.03723e-07
   2  tau          6.44044e+01   constant   
   3  A0           3.42992e-01   1.35493e-03  -1.80599e-06  -4.71251e-01
   4  phi          4.11791e+00   4.30507e-03   3.45475e-06   1.51694e-01
   5  R           -6.14483e+01   constant   
   6  alpha_CBO   -2.00327e-03   1.50777e-03   1.56531e-06   9.48041e-01
   7  w_CBO        2.32500e+00   constant   
   8  beta_CBO     0.00000e+00     fixed    
   9  alpha_2CBO   0.00000e+00     fixed    
  10  beta_2CBO    9.92559e-04   1.48844e-03   2.54537e-06  -6.95287e-01
  11  alpha_y      0.00000e+00     fixed    
  12  w_y          1.38860e+01   constant   
  13  beta_y      -1.07183e-03   1.43016e-03  -2.69082e-07  -2.11185e+00
  14  alpha_vw     0.00000e+00     fixed    
  15  w_vw         1.43404e+01   constant   
  16  beta_vw      0.00000e+00     fixed    
  17  LM          -5.33935e-06   constant   
  18  zeta_y       0.00000e+00   constant   
  19  zeta_vw      0.00000e+00   constant   
  20  T_CBO        7.30241e+02   8.00411e+02   2.05152e-02  -7.61527e-04
  21  alpha_A0    -9.94756e-03   1.76141e-02  -3.50507e-03  -1.02244e-03
  22  beta_A0      7.19260e-03   1.78010e-02  -7.89281e-04   1.76059e-03
  23  alpha_phi   -4.09808e-03   1.29510e-02   3.97611e-03   4.42742e-04
  24  beta_phi    -8.64988e-03   1.92944e-02  -7.15000e-03  -4.76628e-04
 EXTERNAL ERROR MATRIX.    NDIM=  25    NPAR= 11    ERR DEF=1
  1.030e+07 
  1.259e-01  1.836e-06 
  3.806e-01 -5.343e-07  1.853e-05 
  7.641e-03 -2.592e-07  1.174e-06  2.273e-06 
 -3.126e-02  1.466e-08  8.075e-08  4.067e-08  2.215e-06 
 -5.054e-03 -7.298e-09  3.754e-08  6.036e-09 -1.923e-08  2.045e-06 
 -9.099e+05 -9.558e-02 -4.589e-01 -1.907e-01  7.292e-02 -2.860e-03  1.528e+06 
  4.383e-01 -1.014e-07  7.546e-07  5.108e-07 -2.703e-08  1.042e-08 -4.502e-01  5.200e-06 
  5.137e+00 -9.933e-07  8.153e-06  2.007e-06  1.761e-06  1.630e-07 -8.705e+00  6.539e-06  1.567e-04 
 -3.466e+00 -8.788e-07  4.958e-07  2.178e-06 -1.169e-06  1.771e-07  4.814e+00 -1.991e-06 -2.474e-05  1.095e-04 
  1.220e+01 -1.644e-06  9.138e-06  2.211e-06  1.056e-06  3.283e-07 -1.116e+01  4.719e-06  8.609e-05 -2.620e-05  1.872e-04 
 PARAMETER  CORRELATION COEFFICIENTS  
       NO.  GLOBAL      1      3      4      6     10     13     20     21     22     23     24
        1  0.29386   1.000  0.029  0.028  0.002 -0.007 -0.001 -0.229  0.060  0.128 -0.103  0.278
        3  0.23943   0.029  1.000 -0.092 -0.127  0.007 -0.004 -0.057 -0.033 -0.059 -0.062 -0.089
        4  0.25161   0.028 -0.092  1.000  0.181  0.013  0.006 -0.086  0.077  0.151  0.011  0.155
        6  0.32081   0.002 -0.127  0.181  1.000  0.018  0.003 -0.102  0.149  0.106  0.138  0.107
       10  0.20721  -0.007  0.007  0.013  0.018  1.000 -0.009  0.040 -0.008  0.095 -0.075  0.052
       13  0.02741  -0.001 -0.004  0.006  0.003 -0.009  1.000 -0.002  0.003  0.009  0.012  0.017
       20  0.76636  -0.229 -0.057 -0.086 -0.102  0.040 -0.002  1.000 -0.160 -0.563  0.372 -0.660
       21  0.27357   0.060 -0.033  0.077  0.149 -0.008  0.003 -0.160  1.000  0.229 -0.083  0.151
       22  0.61945   0.128 -0.059  0.151  0.106  0.095  0.009 -0.563  0.229  1.000 -0.189  0.503
       23  0.43576  -0.103 -0.062  0.011  0.138 -0.075  0.012  0.372 -0.083 -0.189  1.000 -0.183
       24  0.70929   0.278 -0.089  0.155  0.107  0.052  0.017 -0.660  0.151  0.503 -0.183  1.000
MINUIT - FIT ONLY 2-CBO
 **********
 **   25 **RES 
 **********
                   PARAMETER   16  beta_vw RESTORED TO VARIABLE.
                   PARAMETER   14  alpha_vw RESTORED TO VARIABLE.
                   PARAMETER   11  alpha_y RESTORED TO VARIABLE.
                   PARAMETER    9  alpha_2CBO RESTORED TO VARIABLE.
                   PARAMETER    8  beta_CBO RESTORED TO VARIABLE.
 **********
 **   26 **FIX            0
 **********
 PARAMETER    0  IS UNDEFINED. IGNORED.
 **********
 **   27 **FIX            1
 **********
 **********
 **   28 **FIX            2
 **********
 PARAMETER    2  IS CONSTANT.   IGNORED.
 **********
 **   29 **FIX            3
 **********
 **********
 **   30 **FIX            4
 **********
 **********
 **   31 **FIX            5
 **********
 PARAMETER    5  IS CONSTANT.   IGNORED.
 **********
 **   32 **FIX            6
 **********
 **********
 **   33 **FIX            7
 **********
 PARAMETER    7  IS CONSTANT.   IGNORED.
 **********
 **   34 **FIX           10
 **********
 **********
 **   35 **FIX           11
 **********
 **********
 **   36 **FIX           12
 **********
 PARAMETER   12  IS CONSTANT.   IGNORED.
 **********
 **   37 **FIX           13
 **********
 **********
 **   38 **FIX           14
 **********
 **********
 **   39 **FIX           15
 **********
 PARAMETER   15  IS CONSTANT.   IGNORED.
 **********
 **   40 **FIX           16
 **********
 **********
 **   41 **MIGRAD
 **********
 START MIGRAD MINIMIZATION.  STRATEGY  1.  CONVERGENCE WHEN EDM .LT. 1.00e-04
 FCN=44.19 FROM MIGRAD    STATUS=INITIATE       18 CALLS        1028 TOTAL
                     EDM= unknown      STRATEGY= 1      NO ERROR MATRIX       
  EXT PARAMETER               CURRENT GUESS       STEP         FIRST   
  NO.   NAME      VALUE            ERROR          SIZE      DERIVATIVE 
   1  N0           3.09122e+06     fixed    
   2  tau          6.44044e+01   constant   
   3  A0           3.42992e-01     fixed    
   4  phi          4.11791e+00     fixed    
   5  R           -6.14483e+01   constant   
   6  alpha_CBO   -2.00327e-03     fixed    
   7  w_CBO        2.32500e+00   constant   
   8  beta_CBO     0.00000e+00   1.00000e-03   1.00000e-03  -9.27155e+02
   9  alpha_2CBO   0.00000e+00   1.00000e-03   1.00000e-03  -2.35377e+03
  10  beta_2CBO    9.92559e-04     fixed    
  11  alpha_y      0.00000e+00     fixed    
  12  w_y          1.38860e+01   constant   
  13  beta_y      -1.07183e-03     fixed    
  14  alpha_vw     0.00000e+00     fixed    
  15  w_vw         1.43404e+01   constant   
  16  beta_vw      0.00000e+00     fixed    
  17  LM          -5.33935e-06   constant   
  18  zeta_y       0.00000e+00   constant   
  19  zeta_vw      0.00000e+00   constant   
  20  T_CBO        7.30241e+02   8.00411e+02   2.05152e-02  -7.62676e-04
  21  alpha_A0    -9.94756e-03   1.76141e-02  -3.50507e-03  -1.04048e-03
  22  beta_A0      7.19260e-03   1.78010e-02  -7.89281e-04   1.76071e-03
  23  alpha_phi   -4.09808e-03   1.29510e-02   3.97611e-03   4.42655e-04
  24  beta_phi    -8.64988e-03   1.92944e-02  -7.15000e-03   4.76035e-04
 MIGRAD MINIMIZATION HAS CONVERGED.
 MIGRAD WILL VERIFY CONVERGENCE AND ERROR MATRIX.
 COVARIANCE MATRIX CALCULATED SUCCESSFULLY
 FCN=40.7364 FROM MIGRAD    STATUS=CONVERGED     716 CALLS        1726 TOTAL
                     EDM=9.50776e-06    STRATEGY= 1      ERROR MATRIX ACCURATE 
  EXT PARAMETER                                   STEP         FIRST   
  NO.   NAME      VALUE            ERROR          SIZE      DERIVATIVE 
   1  N0           3.09122e+06     fixed    
   2  tau          6.44044e+01   constant   
   3  A0           3.42992e-01     fixed    
   4  phi          4.11791e+00     fixed    
   5  R           -6.14483e+01   constant   
   6  alpha_CBO   -2.00327e-03     fixed    
   7  w_CBO        2.32500e+00   constant   
   8  beta_CBO     1.03529e-03   1.46882e-03   4.54724e-06   1.27454e-01
   9  alpha_2CBO   2.52301e-03   1.46013e-03   4.50659e-06  -9.69637e-01
  10  beta_2CBO    9.92559e-04     fixed    
  11  alpha_y      0.00000e+00     fixed    
  12  w_y          1.38860e+01   constant   
  13  beta_y      -1.07183e-03     fixed    
  14  alpha_vw     0.00000e+00     fixed    
  15  w_vw         1.43404e+01   constant   
  16  beta_vw      0.00000e+00     fixed    
  17  LM          -5.33935e-06   constant   
  18  zeta_y       0.00000e+00   constant   
  19  zeta_vw      0.00000e+00   constant   
  20  T_CBO        9.99212e+02   5.26514e+02   6.11244e-02  -1.52238e-04
  21  alpha_A0    -6.45481e-03   1.15932e-02   3.53704e-03   4.36113e-04
  22  beta_A0      7.41245e-03   1.59799e-02   3.98972e-03   1.89742e-05
  23  alpha_phi   -4.88238e-03   6.97370e-03   2.86922e-03  -1.70907e-03
  24  beta_phi    -4.74404e-03   7.34542e-03   3.00166e-03   7.65982e-04
 EXTERNAL ERROR MATRIX.    NDIM=  25    NPAR=  7    ERR DEF=1
  2.157e-06  2.958e-08 -1.327e-04  4.621e-07  1.920e-06  7.099e-08  1.207e-06 
  2.958e-08  2.132e-06 -8.972e-05  1.553e-06  2.923e-07 -1.171e-06  1.808e-06 
 -1.327e-04 -8.972e-05  4.768e+05  5.742e-01 -6.636e-01  4.322e-01  4.229e-01 
  4.621e-07  1.553e-06  5.742e-01  7.552e-05  2.414e-06 -4.332e-07  1.487e-06 
  1.920e-06  2.923e-07 -6.636e-01  2.414e-06  7.697e-05  3.991e-07 -1.008e-05 
  7.099e-08 -1.171e-06  4.322e-01 -4.332e-07  3.991e-07  6.528e-05 -9.263e-06 
  1.207e-06  1.808e-06  4.229e-01  1.487e-06 -1.008e-05 -9.263e-06  7.550e-05 
 PARAMETER  CORRELATION COEFFICIENTS  
       NO.  GLOBAL      8      9     20     21     22     23     24
        8  0.19190   1.000  0.014 -0.000  0.036  0.149  0.006  0.095
        9  0.20659   0.014  1.000 -0.000  0.122  0.023 -0.099  0.143
       20  0.18005  -0.000 -0.000  1.000  0.096 -0.110  0.077  0.070
       21  0.16295   0.036  0.122  0.096  1.000  0.032 -0.006  0.020
       22  0.23766   0.149  0.023 -0.110  0.032  1.000  0.006 -0.132
       23  0.17838   0.006 -0.099  0.077 -0.006  0.006  1.000 -0.132
       24  0.26395   0.095  0.143  0.070  0.020 -0.132 -0.132  1.000
MINUIT - FIT wiggle + 1-CBO + 2-CBO
 **********
 **   42 **RES 
 **********
                   PARAMETER   16  beta_vw RESTORED TO VARIABLE.
                   PARAMETER   14  alpha_vw RESTORED TO VARIABLE.
                   PARAMETER   13  beta_y RESTORED TO VARIABLE.
                   PARAMETER   11  alpha_y RESTORED TO VARIABLE.
                   PARAMETER   10  beta_2CBO RESTORED TO VARIABLE.
                   PARAMETER    6  alpha_CBO RESTORED TO VARIABLE.
                   PARAMETER    4  phi RESTORED TO VARIABLE.
                   PARAMETER    3  A0 RESTORED TO VARIABLE.
                   PARAMETER    1  N0 RESTORED TO VARIABLE.
 **********
 **   43 **FIX           10
 **********
 **********
 **   44 **FIX           11
 **********
 **********
 **   45 **FIX           12
 **********
 PARAMETER   12  IS CONSTANT.   IGNORED.
 **********
 **   46 **FIX           13
 **********
 **********
 **   47 **FIX           14
 **********
 **********
 **   48 **FIX           15
 **********
 PARAMETER   15  IS CONSTANT.   IGNORED.
 **********
 **   49 **FIX           16
 **********
 **********
 **   50 **MIGRAD
 **********
 START MIGRAD MINIMIZATION.  STRATEGY  1.  CONVERGENCE WHEN EDM .LT. 1.00e-04
 FCN=40.7364 FROM MIGRAD    STATUS=INITIATE       22 CALLS        1748 TOTAL
                     EDM= unknown      STRATEGY= 1      NO ERROR MATRIX       
  EXT PARAMETER               CURRENT GUESS       STEP         FIRST   
  NO.   NAME      VALUE            ERROR          SIZE      DERIVATIVE 
   1  N0           3.09122e+06   3.20911e+03   3.20911e+03   8.37456e-06
   2  tau          6.44044e+01   constant   
   3  A0           3.42992e-01   1.35493e-03   1.35493e-03   2.85959e+01
   4  phi          4.11791e+00   4.30507e-03   4.30507e-03   3.71972e+01
   5  R           -6.14483e+01   constant   
   6  alpha_CBO   -2.00327e-03   1.50777e-03   1.50777e-03   5.06429e+01
   7  w_CBO        2.32500e+00   constant   
   8  beta_CBO     1.03529e-03   1.46882e-03   4.54724e-06   1.27454e-01
   9  alpha_2CBO   2.52301e-03   1.46013e-03   4.50659e-06  -9.69637e-01
  10  beta_2CBO    9.92559e-04     fixed    
  11  alpha_y      0.00000e+00     fixed    
  12  w_y          1.38860e+01   constant   
  13  beta_y      -1.07183e-03     fixed    
  14  alpha_vw     0.00000e+00     fixed    
  15  w_vw         1.43404e+01   constant   
  16  beta_vw      0.00000e+00     fixed    
  17  LM          -5.33935e-06   constant   
  18  zeta_y       0.00000e+00   constant   
  19  zeta_vw      0.00000e+00   constant   
  20  T_CBO        9.99212e+02   5.26514e+02   6.11244e-02  -1.55095e-04
  21  alpha_A0    -6.45481e-03   1.15932e-02   3.53704e-03   4.44194e-04
  22  beta_A0      7.41245e-03   1.59799e-02   3.98972e-03   1.72814e-05
  23  alpha_phi   -4.88238e-03   6.97370e-03   2.86922e-03  -1.70373e-03
  24  beta_phi    -4.74404e-03   7.34542e-03   3.00166e-03   7.71128e-04
 MIGRAD MINIMIZATION HAS CONVERGED.
 MIGRAD WILL VERIFY CONVERGENCE AND ERROR MATRIX.
 COVARIANCE MATRIX CALCULATED SUCCESSFULLY
 FCN=40.727 FROM MIGRAD    STATUS=CONVERGED     195 CALLS        1921 TOTAL
                     EDM=9.49076e-06    STRATEGY= 1      ERROR MATRIX ACCURATE 
  EXT PARAMETER                                   STEP         FIRST   
  NO.   NAME      VALUE            ERROR          SIZE      DERIVATIVE 
   1  N0           3.09113e+06   3.35553e+03   8.70626e+00   2.22906e-07
   2  tau          6.44044e+01   constant   
   3  A0           3.42977e-01   1.38910e-03   4.13275e-06  -9.28406e-01
   4  phi          4.11755e+00   4.22234e-03   1.26259e-05   1.60895e-01
   5  R           -6.14483e+01   constant   
   6  alpha_CBO   -2.08218e-03   1.51407e-03   4.51425e-06  -6.58179e-01
   7  w_CBO        2.32500e+00   constant   
   8  beta_CBO     1.04774e-03   1.50063e-03   4.54678e-06   1.23463e+00
   9  alpha_2CBO   2.52621e-03   1.46495e-03   4.50614e-06  -9.02682e-01
  10  beta_2CBO    9.92559e-04     fixed    
  11  alpha_y      0.00000e+00     fixed    
  12  w_y          1.38860e+01   constant   
  13  beta_y      -1.07183e-03     fixed    
  14  alpha_vw     0.00000e+00     fixed    
  15  w_vw         1.43404e+01   constant   
  16  beta_vw      0.00000e+00     fixed    
  17  LM          -5.33935e-06   constant   
  18  zeta_y       0.00000e+00   constant   
  19  zeta_vw      0.00000e+00   constant   
  20  T_CBO        9.99998e+02   8.91517e+02   8.84795e-02   5.89612e-06
  21  alpha_A0    -6.60333e-03   1.13699e-02   3.58235e-03  -1.32712e-03
  22  beta_A0      7.33016e-03   1.61327e-02   3.94873e-03   1.18102e-03
  23  alpha_phi   -4.95834e-03   7.13296e-03   2.88303e-03   1.15736e-03
  24  beta_phi    -4.63723e-03   1.26711e-02   3.00086e-03  -5.19206e-04
 EXTERNAL ERROR MATRIX.    NDIM=  25    NPAR= 11    ERR DEF=1
  1.126e+07 
  6.005e-01  1.930e-06 
  2.174e+00 -5.389e-07  1.783e-05 
 -1.582e-01 -2.750e-07  1.357e-06  2.292e-06 
 -1.640e-01 -4.095e-07 -2.124e-07 -1.786e-08  2.252e-06 
 -2.649e-02  1.490e-07 -2.282e-07 -5.919e-08  2.026e-09  2.146e-06 
 -3.219e+00 -3.310e-05  5.623e-05  2.639e-05  2.116e-05  1.607e-06  1.323e+03 
  5.833e+00  5.016e-07  3.454e-06  1.843e-06  2.493e-07  1.510e-06 -6.727e-02  8.312e-05 
 -5.889e-01 -1.637e-06  4.892e-06  9.594e-07  2.180e-06  1.189e-07  7.512e-02 -1.278e-07  8.294e-05 
 -2.255e+00 -1.070e-06  2.843e-06  2.424e-06  1.995e-07 -1.294e-06 -4.996e-02  2.425e-06  2.105e-07  7.006e-05 
 -5.658e+00  1.630e-06 -5.346e-06 -5.898e-07  9.505e-07  2.012e-06 -4.735e-02  3.776e-08 -1.445e-05 -8.420e-06  8.238e-05 
 PARAMETER  CORRELATION COEFFICIENTS  
       NO.  GLOBAL      1      3      4      6      8      9     20     21     22     23     24
        1  0.35289   1.000  0.129  0.153 -0.031 -0.033 -0.005 -0.000  0.191 -0.019 -0.080 -0.186
        3  0.33207   0.129  1.000 -0.092 -0.131 -0.196  0.073 -0.001  0.040 -0.129 -0.092  0.129
        4  0.31812   0.153 -0.092  1.000  0.212 -0.034 -0.037  0.000  0.090  0.127  0.080 -0.139
        6  0.32626  -0.031 -0.131  0.212  1.000 -0.008 -0.027  0.000  0.133  0.070  0.191 -0.043
        8  0.27786  -0.033 -0.196 -0.034 -0.008  1.000  0.001  0.000  0.018  0.160  0.016  0.070
        9  0.22123  -0.005  0.073 -0.037 -0.027  0.001  1.000  0.000  0.113  0.009 -0.106  0.151
       20  0.37023  -0.000 -0.001  0.000  0.000  0.000  0.000  1.000 -0.203  0.227 -0.164 -0.143
       21  0.33927   0.191  0.040  0.090  0.133  0.018  0.113 -0.203  1.000 -0.002  0.032  0.000
       22  0.35242  -0.019 -0.129  0.127  0.070  0.160  0.009  0.227 -0.002  1.000  0.003 -0.175
       23  0.31457  -0.080 -0.092  0.080  0.191  0.016 -0.106 -0.164  0.032  0.003  1.000 -0.111
       24  0.38385  -0.186  0.129 -0.139 -0.043  0.070  0.151 -0.143  0.000 -0.175 -0.111  1.000
MINUIT - FIT ONLY 1-y
 **********
 **   51 **RES 
 **********
                   PARAMETER   16  beta_vw RESTORED TO VARIABLE.
                   PARAMETER   14  alpha_vw RESTORED TO VARIABLE.
                   PARAMETER   13  beta_y RESTORED TO VARIABLE.
                   PARAMETER   11  alpha_y RESTORED TO VARIABLE.
                   PARAMETER   10  beta_2CBO RESTORED TO VARIABLE.
 **********
 **   52 **FIX            0
 **********
 PARAMETER    0  IS UNDEFINED. IGNORED.
 **********
 **   53 **FIX            1
 **********
 **********
 **   54 **FIX            2
 **********
 PARAMETER    2  IS CONSTANT.   IGNORED.
 **********
 **   55 **FIX            3
 **********
 **********
 **   56 **FIX            4
 **********
 **********
 **   57 **FIX            5
 **********
 PARAMETER    5  IS CONSTANT.   IGNORED.
 **********
 **   58 **FIX            6
 **********
 **********
 **   59 **FIX            7
 **********
 PARAMETER    7  IS CONSTANT.   IGNORED.
 **********
 **   60 **FIX            8
 **********
 **********
 **   61 **FIX            9
 **********
 **********
 **   62 **FIX           13
 **********
 **********
 **   63 **FIX           14
 **********
 **********
 **   64 **FIX           15
 **********
 PARAMETER   15  IS CONSTANT.   IGNORED.
 **********
 **   65 **FIX           16
 **********
 **********
 **   66 **MIGRAD
 **********
 START MIGRAD MINIMIZATION.  STRATEGY  1.  CONVERGENCE WHEN EDM .LT. 1.00e-04
 FCN=40.727 FROM MIGRAD    STATUS=INITIATE       16 CALLS        1937 TOTAL
                     EDM= unknown      STRATEGY= 1      NO ERROR MATRIX       
  EXT PARAMETER               CURRENT GUESS       STEP         FIRST   
  NO.   NAME      VALUE            ERROR          SIZE      DERIVATIVE 
   1  N0           3.09113e+06     fixed    
   2  tau          6.44044e+01   constant   
   3  A0           3.42977e-01     fixed    
   4  phi          4.11755e+00     fixed    
   5  R           -6.14483e+01   constant   
   6  alpha_CBO   -2.08218e-03     fixed    
   7  w_CBO        2.32500e+00   constant   
   8  beta_CBO     1.04774e-03     fixed    
   9  alpha_2CBO   2.52621e-03     fixed    
  10  beta_2CBO    9.92559e-04   1.48844e-03   1.48844e-03   2.71535e+01
  11  alpha_y      0.00000e+00   1.00000e-03   1.00000e-03   1.47888e+03
  12  w_y          1.38860e+01   constant   
  13  beta_y      -1.07183e-03     fixed    
  14  alpha_vw     0.00000e+00     fixed    
  15  w_vw         1.43404e+01   constant   
  16  beta_vw      0.00000e+00     fixed    
  17  LM          -5.33935e-06   constant   
  18  zeta_y       0.00000e+00   constant   
  19  zeta_vw      0.00000e+00   constant   
  20  T_CBO        9.99998e+02   8.91517e+02   8.84795e-02  -6.16544e-06
  21  alpha_A0    -6.60333e-03   1.13699e-02   3.58235e-03  -1.31871e-03
  22  beta_A0      7.33016e-03   1.61327e-02   3.94873e-03   1.17071e-03
  23  alpha_phi   -4.95834e-03   7.13296e-03   2.88303e-03   1.16281e-03
  24  beta_phi    -4.63723e-03   1.26711e-02   3.00086e-03  -5.14208e-04
 MIGRAD MINIMIZATION HAS CONVERGED.
 MIGRAD WILL VERIFY CONVERGENCE AND ERROR MATRIX.
 COVARIANCE MATRIX CALCULATED SUCCESSFULLY
 FCN=39.5901 FROM MIGRAD    STATUS=CONVERGED     118 CALLS        2039 TOTAL
                     EDM=7.56597e-08    STRATEGY= 1      ERROR MATRIX ACCURATE 
  EXT PARAMETER                                   STEP         FIRST   
  NO.   NAME      VALUE            ERROR          SIZE      DERIVATIVE 
   1  N0           3.09113e+06     fixed    
   2  tau          6.44044e+01   constant   
   3  A0           3.42977e-01     fixed    
   4  phi          4.11755e+00     fixed    
   5  R           -6.14483e+01   constant   
   6  alpha_CBO   -2.08218e-03     fixed    
   7  w_CBO        2.32500e+00   constant   
   8  beta_CBO     1.04774e-03     fixed    
   9  alpha_2CBO   2.52621e-03     fixed    
  10  beta_2CBO    9.55246e-04   1.47892e-03   4.49253e-06   8.22694e-02
  11  alpha_y     -1.53679e-03   1.44155e-03   4.48287e-06  -1.01431e-03
  12  w_y          1.38860e+01   constant   
  13  beta_y      -1.07183e-03     fixed    
  14  alpha_vw     0.00000e+00     fixed    
  15  w_vw         1.43404e+01   constant   
  16  beta_vw      0.00000e+00     fixed    
  17  LM          -5.33935e-06   constant   
  18  zeta_y       0.00000e+00   constant   
  19  zeta_vw      0.00000e+00   constant   
  20  T_CBO        1.00000e+03   9.09053e+02   7.47647e-02** at limit **
  21  alpha_A0    -6.58326e-03   1.14809e-02   3.53774e-03  -1.10871e-04
  22  beta_A0      7.10244e-03   1.57981e-02   3.77580e-03  -2.34167e-04
  23  alpha_phi   -4.88608e-03   7.01695e-03   2.82729e-03  -2.18229e-04
  24  beta_phi    -4.46092e-03   7.34280e-03   2.91554e-03  -5.68731e-05
 EXTERNAL ERROR MATRIX.    NDIM=  25    NPAR=  7    ERR DEF=1
  2.187e-06  1.033e-08 -1.186e-06 -4.690e-07  1.917e-06 -1.654e-06 -8.469e-07 
  1.033e-08  2.078e-06 -1.962e-07 -1.318e-08  2.618e-07 -7.384e-08 -2.153e-07 
 -1.186e-06 -1.962e-07  3.479e+00 -2.564e-03  2.779e-03 -1.888e-03 -1.741e-03 
 -4.690e-07 -1.318e-08 -2.564e-03  7.559e-05  1.497e-07  1.643e-06  8.783e-07 
  1.917e-06  2.618e-07  2.779e-03  1.497e-07  7.816e-05 -1.890e-06 -1.294e-05 
 -1.654e-06 -7.384e-08 -1.888e-03  1.643e-06 -1.890e-06  6.646e-05 -7.101e-06 
 -8.469e-07 -2.153e-07 -1.741e-03  8.783e-07 -1.294e-05 -7.101e-06  7.415e-05 
 PARAMETER  CORRELATION COEFFICIENTS  
       NO.  GLOBAL     10     11     20     21     22     23     24
       10  0.21556   1.000  0.005 -0.000 -0.036  0.147 -0.137 -0.067
       11  0.02663   0.005  1.000 -0.000 -0.001  0.021 -0.006 -0.017
       20  0.27978  -0.000 -0.000  1.000 -0.158  0.169 -0.124 -0.108
       21  0.16607  -0.036 -0.001 -0.158  1.000  0.002  0.023  0.012
       22  0.26795   0.147  0.021  0.169  0.002  1.000 -0.026 -0.170
       23  0.22334  -0.137 -0.006 -0.124  0.023 -0.026  1.000 -0.101
       24  0.22998  -0.067 -0.017 -0.108  0.012 -0.170 -0.101  1.000
MINUIT - FIT ONLY 2-y
 **********
 **   67 **RES 
 **********
                   PARAMETER   16  beta_vw RESTORED TO VARIABLE.
                   PARAMETER   14  alpha_vw RESTORED TO VARIABLE.
                   PARAMETER   13  beta_y RESTORED TO VARIABLE.
                   PARAMETER    9  alpha_2CBO RESTORED TO VARIABLE.
                   PARAMETER    8  beta_CBO RESTORED TO VARIABLE.
                   PARAMETER    6  alpha_CBO RESTORED TO VARIABLE.
                   PARAMETER    4  phi RESTORED TO VARIABLE.
                   PARAMETER    3  A0 RESTORED TO VARIABLE.
                   PARAMETER    1  N0 RESTORED TO VARIABLE.
 **********
 **   68 **FIX            0
 **********
 PARAMETER    0  IS UNDEFINED. IGNORED.
 **********
 **   69 **FIX            1
 **********
 **********
 **   70 **FIX            2
 **********
 PARAMETER    2  IS CONSTANT.   IGNORED.
 **********
 **   71 **FIX            3
 **********
 **********
 **   72 **FIX            4
 **********
 **********
 **   73 **FIX            5
 **********
 PARAMETER    5  IS CONSTANT.   IGNORED.
 **********
 **   74 **FIX            6
 **********
 **********
 **   75 **FIX            7
 **********
 PARAMETER    7  IS CONSTANT.   IGNORED.
 **********
 **   76 **FIX            8
 **********
 **********
 **   77 **FIX            9
 **********
 **********
 **   78 **FIX           10
 **********
 **********
 **   79 **FIX           11
 **********
 **********
 **   80 **FIX           12
 **********
 PARAMETER   12  IS CONSTANT.   IGNORED.
 **********
 **   81 **FIX           16
 **********
 **********
 **   82 **MIGRAD
 **********
 START MIGRAD MINIMIZATION.  STRATEGY  1.  CONVERGENCE WHEN EDM .LT. 1.00e-04
 FCN=39.5901 FROM MIGRAD    STATUS=INITIATE       16 CALLS        2055 TOTAL
                     EDM= unknown      STRATEGY= 1      NO ERROR MATRIX       
  EXT PARAMETER               CURRENT GUESS       STEP         FIRST   
  NO.   NAME      VALUE            ERROR          SIZE      DERIVATIVE 
   1  N0           3.09113e+06     fixed    
   2  tau          6.44044e+01   constant   
   3  A0           3.42977e-01     fixed    
   4  phi          4.11755e+00     fixed    
   5  R           -6.14483e+01   constant   
   6  alpha_CBO   -2.08218e-03     fixed    
   7  w_CBO        2.32500e+00   constant   
   8  beta_CBO     1.04774e-03     fixed    
   9  alpha_2CBO   2.52621e-03     fixed    
  10  beta_2CBO    9.55246e-04     fixed    
  11  alpha_y     -1.53679e-03     fixed    
  12  w_y          1.38860e+01   constant   
  13  beta_y      -1.07183e-03   1.43016e-03   1.43016e-03  -4.94964e+01
  14  alpha_vw     0.00000e+00   1.00000e-03   1.00000e-03  -2.01618e+02
  15  w_vw         1.43404e+01   constant   
  16  beta_vw      0.00000e+00     fixed    
  17  LM          -5.33935e-06   constant   
  18  zeta_y       0.00000e+00   constant   
  19  zeta_vw      0.00000e+00   constant   
  20  T_CBO        9.99999e+02   9.09053e+02   7.47647e-02  -5.34093e-06
  21  alpha_A0    -6.58326e-03   1.14809e-02   3.53774e-03  -1.08925e-04
  22  beta_A0      7.10244e-03   1.57981e-02   3.77580e-03  -2.44022e-04
  23  alpha_phi   -4.88608e-03   7.01695e-03   2.82729e-03  -2.12445e-04
  24  beta_phi    -4.46092e-03   7.34280e-03   2.91554e-03  -5.56977e-05
 MIGRAD MINIMIZATION HAS CONVERGED.
 MIGRAD WILL VERIFY CONVERGENCE AND ERROR MATRIX.
 COVARIANCE MATRIX CALCULATED SUCCESSFULLY
 FCN=39.5689 FROM MIGRAD    STATUS=CONVERGED     100 CALLS        2139 TOTAL
                     EDM=4.3015e-06    STRATEGY= 1      ERROR MATRIX ACCURATE 
  EXT PARAMETER                                   STEP         FIRST   
  NO.   NAME      VALUE            ERROR          SIZE      DERIVATIVE 
   1  N0           3.09113e+06     fixed    
   2  tau          6.44044e+01   constant   
   3  A0           3.42977e-01     fixed    
   4  phi          4.11755e+00     fixed    
   5  R           -6.14483e+01   constant   
   6  alpha_CBO   -2.08218e-03     fixed    
   7  w_CBO        2.32500e+00   constant   
   8  beta_CBO     1.04774e-03     fixed    
   9  alpha_2CBO   2.52621e-03     fixed    
  10  beta_2CBO    9.55246e-04     fixed    
  11  alpha_y     -1.53679e-03     fixed    
  12  w_y          1.38860e+01   constant   
  13  beta_y      -1.09080e-03   1.51560e-03   4.45307e-06  -3.75757e-02
  14  alpha_vw     2.14445e-04   1.52063e-03   4.46940e-06   8.00621e-03
  15  w_vw         1.43404e+01   constant   
  16  beta_vw      0.00000e+00     fixed    
  17  LM          -5.33935e-06   constant   
  18  zeta_y       0.00000e+00   constant   
  19  zeta_vw      0.00000e+00   constant   
  20  T_CBO        1.00000e+03   7.79203e+02   7.59710e-02** at limit **
  21  alpha_A0    -6.57766e-03   1.14866e-02   3.54273e-03  -3.73776e-04
  22  beta_A0      7.11450e-03   1.57468e-02   3.76177e-03   2.04087e-04
  23  alpha_phi   -4.89369e-03   6.97186e-03   2.83179e-03   2.80651e-03
  24  beta_phi    -4.46014e-03   7.33302e-03   2.91218e-03  -1.03611e-03
 EXTERNAL ERROR MATRIX.    NDIM=  25    NPAR=  7    ERR DEF=1
  2.297e-06 -7.525e-07  2.248e-07 -8.116e-08 -1.957e-09  4.249e-07 -2.174e-07 
 -7.525e-07  2.312e-06 -4.376e-07  8.792e-08  8.951e-08 -2.955e-07  1.188e-07 
  2.248e-07 -4.376e-07  2.040e+01 -6.253e-03  6.797e-03 -4.600e-03 -4.254e-03 
 -8.116e-08  8.792e-08 -6.253e-03  7.553e-05  5.320e-07  1.286e-06  7.247e-07 
 -1.957e-09  8.951e-08  6.797e-03  5.320e-07  7.653e-05 -4.636e-07 -1.220e-05 
  4.249e-07 -2.955e-07 -4.600e-03  1.286e-06 -4.636e-07  6.527e-05 -7.773e-06 
 -2.174e-07  1.188e-07 -4.254e-03  7.247e-07 -1.220e-05 -7.773e-06  7.386e-05 
 PARAMETER  CORRELATION COEFFICIENTS  
       NO.  GLOBAL     13     14     20     21     22     23     24
       13  0.32784   1.000 -0.327  0.000 -0.006 -0.000  0.035 -0.017
       14  0.32690  -0.327  1.000 -0.000  0.007  0.007 -0.024  0.009
       20  0.28182   0.000 -0.000  1.000 -0.159  0.172 -0.126 -0.110
       21  0.16332  -0.006  0.007 -0.159  1.000  0.007  0.018  0.010
       22  0.22719  -0.000  0.007  0.172  0.007  1.000 -0.007 -0.162
       23  0.18208   0.035 -0.024 -0.126  0.018 -0.007  1.000 -0.112
       24  0.22109  -0.017  0.009 -0.110  0.010 -0.162 -0.112  1.000
MINUIT - FIT ALTOGETHER
 **********
 **   83 **RES 
