 + ++++++++++++++++++++++++++++++++++++++++++++++++++++++++++++++++++++ +
 +                                                                      +
 +           You have chose to blind your fitting according to          +
 +                omega_ref * (1 + (R +/- deltaR) *10^{-6})             +
 +                                                                      +
 + ++++++++++++++++++++++++++++++++++++++++++++++++++++++++++++++++++++ +
In main()...
reading format from /gm2data/zkhechad/run45/envelope/formats/formatB_sBin_constraintOn.txt
pBinTau 	= 0  
pBinPhi 	= 0  
constraintau 	= 1 
includeMopTerm 	= 0    
constrainMop    = 0   
Parameters after format file: pBinTau 0 pBinPhi 0 constraintau 1 includeMopTerm 0 constrainMop 0 c_e_scale 0.000000 
Opening file /gm2data/tbarrett/gm2fr/studies/run23_bunch_corrections/CorrectedFourier_Run3b.root.
reading full fit data from /gm2data/zkhechad/cboTemplates/Run4CBOTemplates/fullFits/noRF/sBin_constraintOn_cE0.0_seed0_noRF_calo11.root
windowBins = 69
fitting sliding window 2030 from bin 2166 at 323.018000 to bin 2235 at 333.462000 (69 bins)

Reading data from /gm2data/cornell/histograms/aMethod/histogram_a_noRF.root
 **********
 **    1 **SET PRINTOUT            1
 **********
 **********
 **    2 **SET NOWARNINGS 
 **********
 PARAMETER DEFINITIONS:
    NO.   NAME         VALUE      STEP SIZE      LIMITS
     1 N0           3.16093e+06  1.00000e+02     no limits
     2 tau          6.43989e+01  constant
     3 A0           3.42733e-01  1.00000e-04     no limits
     4 phi          4.11801e+00  1.00000e-02     no limits
     5 R           -6.14725e+01  constant
     6 alpha_CBO    0.00000e+00  1.00000e-03     no limits
     7 w_CBO        2.32500e+00  constant
     8 beta_CBO     0.00000e+00  1.00000e-03     no limits
     9 alpha_2CBO   0.00000e+00  1.00000e-03     no limits
    10 beta_2CBO    0.00000e+00  1.00000e-03     no limits
    11 alpha_y      0.00000e+00  1.00000e-03     no limits
    12 w_y          1.38860e+01  constant
    13 beta_y       0.00000e+00  1.00000e-03     no limits
    14 alpha_vw     0.00000e+00  1.00000e-03     no limits
    15 w_vw         1.43404e+01  constant
    16 beta_vw      0.00000e+00  1.00000e-03     no limits
    17 LM          -2.06090e-04  constant
    18 zeta_y       0.00000e+00  constant
    19 zeta_vw      0.00000e+00  constant
    20 T_CBO        1.00000e+02  1.00000e+00    0.00000e+00  1.00000e+03
    21 alpha_A0     0.00000e+00  1.00000e-04   -1.00000e-02  1.00000e-02
    22 beta_A0      0.00000e+00  1.00000e-04   -1.00000e-02  1.00000e-02
    23 alpha_phi    0.00000e+00  1.00000e-04   -1.00000e-02  1.00000e-02
    24 beta_phi     0.00000e+00  1.00000e-04   -1.00000e-02  1.00000e-02
MINUIT - FIT ONLY WIGGLE
 **********
 **    3 **FIX            5
 **********
 PARAMETER    5  IS CONSTANT.   IGNORED.
 **********
 **    4 **FIX            6
 **********
 **********
 **    5 **FIX            7
 **********
 PARAMETER    7  IS CONSTANT.   IGNORED.
 **********
 **    6 **FIX            8
 **********
 **********
 **    7 **FIX            9
 **********
 **********
 **    8 **FIX           10
 **********
 **********
 **    9 **FIX           11
 **********
 **********
 **   10 **FIX           12
 **********
 PARAMETER   12  IS CONSTANT.   IGNORED.
 **********
 **   11 **FIX           13
 **********
 **********
 **   12 **FIX           14
 **********
 **********
 **   13 **FIX           15
 **********
 PARAMETER   15  IS CONSTANT.   IGNORED.
 **********
 **   14 **FIX           16
 **********
 **********
 **   15 **MIGRAD
 **********
 FIRST CALL TO USER FUNCTION AT NEW START POINT, WITH IFLAG=4.
 START MIGRAD MINIMIZATION.  STRATEGY  1.  CONVERGENCE WHEN EDM .LT. 1.00e-04
 FCN=96.7468 FROM MIGRAD    STATUS=INITIATE      437 CALLS         438 TOTAL
                     EDM= unknown      STRATEGY= 1      NO ERROR MATRIX       
  EXT PARAMETER               CURRENT GUESS       STEP         FIRST   
  NO.   NAME      VALUE            ERROR          SIZE      DERIVATIVE 
   1  N0           3.16093e+06   1.00000e+02   0.00000e+00   3.07531e-04
   2  tau          6.43989e+01   constant   
   3  A0           3.42733e-01   1.00000e-04   0.00000e+00   3.66135e+03
   4  phi          4.11801e+00   1.00000e-02   0.00000e+00  -2.08695e+01
   5  R           -6.14725e+01   constant   
   6  alpha_CBO    0.00000e+00     fixed    
   7  w_CBO        2.32500e+00   constant   
   8  beta_CBO     0.00000e+00     fixed    
   9  alpha_2CBO   0.00000e+00     fixed    
  10  beta_2CBO    0.00000e+00     fixed    
  11  alpha_y      0.00000e+00     fixed    
  12  w_y          1.38860e+01   constant   
  13  beta_y       0.00000e+00     fixed    
  14  alpha_vw     0.00000e+00     fixed    
  15  w_vw         1.43404e+01   constant   
  16  beta_vw      0.00000e+00     fixed    
  17  LM          -2.06090e-04   constant   
  18  zeta_y       0.00000e+00   constant   
  19  zeta_vw      0.00000e+00   constant   
  20  T_CBO        1.00000e+02   1.00000e+00   0.00000e+00   0.00000e+00
  21  alpha_A0     0.00000e+00   1.00000e-04   0.00000e+00  -3.55351e-01
  22  beta_A0      0.00000e+00   1.00000e-04   0.00000e+00   7.85844e-02
  23  alpha_phi    0.00000e+00   1.00000e-04   0.00000e+00  -3.10642e-01
  24  beta_phi     0.00000e+00   1.00000e-04   0.00000e+00  -2.02530e-01
 MIGRAD MINIMIZATION HAS CONVERGED.
 FCN=91.1214 FROM MIGRAD    STATUS=CONVERGED     751 CALLS         752 TOTAL
                     EDM=6.18421e-06    STRATEGY= 1  ERROR MATRIX UNCERTAINTY   2.2 per cent
  EXT PARAMETER                                   STEP         FIRST   
  NO.   NAME      VALUE            ERROR          SIZE      DERIVATIVE 
   1  N0           3.16021e+06   1.82465e+03  -4.20504e+00   2.60690e-07
   2  tau          6.43989e+01   constant   
   3  A0           3.41891e-01   6.90273e-04  -1.55805e-06   1.17491e+00
   4  phi          4.11742e+00   2.22849e-03  -3.67385e-06   1.08112e+00
   5  R           -6.14725e+01   constant   
   6  alpha_CBO    0.00000e+00     fixed    
   7  w_CBO        2.32500e+00   constant   
   8  beta_CBO     0.00000e+00     fixed    
   9  alpha_2CBO   0.00000e+00     fixed    
  10  beta_2CBO    0.00000e+00     fixed    
  11  alpha_y      0.00000e+00     fixed    
  12  w_y          1.38860e+01   constant   
  13  beta_y       0.00000e+00     fixed    
  14  alpha_vw     0.00000e+00     fixed    
  15  w_vw         1.43404e+01   constant   
  16  beta_vw      0.00000e+00     fixed    
  17  LM          -2.06090e-04   constant   
  18  zeta_y       0.00000e+00   constant   
  19  zeta_vw      0.00000e+00   constant   
  20  T_CBO        4.60323e+02   2.43758e+02   2.64203e-03   2.39153e-03
  21  alpha_A0     9.44900e-03   1.18876e-02  -6.16843e-03   2.71212e-03
  22  beta_A0     -3.45941e-03   5.89003e-03   4.16363e-03   2.67819e-03
  23  alpha_phi    5.47019e-03   5.29600e-03   9.10318e-04   3.61019e-03
  24  beta_phi     3.95300e-03   5.58494e-03   1.01165e-03   1.67723e-03
 EXTERNAL ERROR MATRIX.    NDIM=  25    NPAR=  8    ERR DEF=1
  3.329e+06  2.468e-01  9.128e-02  4.227e+04 -4.660e-01 -2.491e+00 -1.074e+00 -1.235e+00 
  2.468e-01  4.765e-07 -1.331e-08 -6.273e-03 -6.311e-08 -7.252e-08  4.323e-08  2.989e-07 
  9.128e-02 -1.331e-08  4.966e-06 -9.733e-02  1.374e-06 -7.781e-07 -9.892e-07  7.629e-07 
  4.227e+04 -6.273e-03 -9.733e-02  6.487e+04 -3.827e-01 -2.126e-01  2.811e-01 -3.832e-01 
 -4.660e-01 -6.311e-08  1.374e-06 -3.827e-01  1.814e-05 -8.202e-07 -8.979e-06  3.997e-06 
 -2.491e+00 -7.252e-08 -7.781e-07 -2.126e-01 -8.202e-07  4.055e-05  1.454e-06 -4.095e-07 
 -1.074e+00  4.323e-08 -9.892e-07  2.811e-01 -8.979e-06  1.454e-06  3.288e-05 -1.404e-06 
 -1.235e+00  2.989e-07  7.629e-07 -3.832e-01  3.997e-06 -4.095e-07 -1.404e-06  3.604e-05 
 PARAMETER  CORRELATION COEFFICIENTS  
       NO.  GLOBAL      1      3      4     20     21     22     23     24
        1  0.34579   1.000  0.196  0.022  0.091 -0.060 -0.214 -0.103 -0.113
        3  0.22736   0.196  1.000 -0.009 -0.036 -0.021 -0.016  0.011  0.072
        4  0.20925   0.022 -0.009  1.000 -0.171  0.145 -0.055 -0.077  0.057
       20  0.45478   0.091 -0.036 -0.171  1.000 -0.353 -0.131  0.193 -0.251
       21  0.48590  -0.060 -0.021  0.145 -0.353  1.000 -0.030 -0.368  0.156
       22  0.27216  -0.214 -0.016 -0.055 -0.131 -0.030  1.000  0.040 -0.011
       23  0.39788  -0.103  0.011 -0.077  0.193 -0.368  0.040  1.000 -0.041
       24  0.29508  -0.113  0.072  0.057 -0.251  0.156 -0.011 -0.041  1.000
MINUIT - FIT ONLY 1-CBO + wiggle
 **********
 **   16 **RES 
 **********
                   PARAMETER   16  beta_vw RESTORED TO VARIABLE.
                   PARAMETER   14  alpha_vw RESTORED TO VARIABLE.
                   PARAMETER   13  beta_y RESTORED TO VARIABLE.
                   PARAMETER   11  alpha_y RESTORED TO VARIABLE.
                   PARAMETER   10  beta_2CBO RESTORED TO VARIABLE.
                   PARAMETER    9  alpha_2CBO RESTORED TO VARIABLE.
                   PARAMETER    8  beta_CBO RESTORED TO VARIABLE.
                   PARAMETER    6  alpha_CBO RESTORED TO VARIABLE.
 **********
 **   17 **FIX            8
 **********
 **********
 **   18 **FIX            9
 **********
 **********
 **   19 **FIX           11
 **********
 **********
 **   20 **FIX           12
 **********
 PARAMETER   12  IS CONSTANT.   IGNORED.
 **********
 **   21 **FIX           14
 **********
 **********
 **   22 **FIX           15
 **********
 PARAMETER   15  IS CONSTANT.   IGNORED.
 **********
 **   23 **FIX           16
 **********
 **********
 **   24 **MIGRAD
 **********
 START MIGRAD MINIMIZATION.  STRATEGY  1.  CONVERGENCE WHEN EDM .LT. 1.00e-04
 FCN=91.1214 FROM MIGRAD    STATUS=INITIATE       28 CALLS         780 TOTAL
                     EDM= unknown      STRATEGY= 1      NO ERROR MATRIX       
  EXT PARAMETER               CURRENT GUESS       STEP         FIRST   
  NO.   NAME      VALUE            ERROR          SIZE      DERIVATIVE 
   1  N0           3.16021e+06   1.82465e+03  -4.20504e+00   2.60690e-07
   2  tau          6.43989e+01   constant   
   3  A0           3.41891e-01   6.90273e-04  -1.55805e-06   1.17491e+00
   4  phi          4.11742e+00   2.22849e-03  -3.67385e-06   1.08112e+00
   5  R           -6.14725e+01   constant   
   6  alpha_CBO    0.00000e+00   1.00000e-03   1.00000e-03  -1.34227e+04
   7  w_CBO        2.32500e+00   constant   
   8  beta_CBO     0.00000e+00     fixed    
   9  alpha_2CBO   0.00000e+00     fixed    
  10  beta_2CBO    0.00000e+00   1.00000e-03   1.00000e-03  -2.34807e+02
  11  alpha_y      0.00000e+00     fixed    
  12  w_y          1.38860e+01   constant   
  13  beta_y       0.00000e+00   1.00000e-03   1.00000e-03   5.59542e+03
  14  alpha_vw     0.00000e+00     fixed    
  15  w_vw         1.43404e+01   constant   
  16  beta_vw      0.00000e+00     fixed    
  17  LM          -2.06090e-04   constant   
  18  zeta_y       0.00000e+00   constant   
  19  zeta_vw      0.00000e+00   constant   
  20  T_CBO        4.60323e+02   2.43758e+02   2.64203e-03   2.39126e-03
  21  alpha_A0     9.44900e-03   1.18876e-02  -6.16843e-03  -2.71570e-03
  22  beta_A0     -3.45941e-03   5.89003e-03   4.16363e-03  -2.67819e-03
  23  alpha_phi    5.47019e-03   5.29600e-03   9.10318e-04  -3.61012e-03
  24  beta_phi     3.95300e-03   5.58494e-03   1.01165e-03   1.67726e-03
 MIGRAD MINIMIZATION HAS CONVERGED.
 FCN=57.7561 FROM MIGRAD    STATUS=CONVERGED     377 CALLS        1129 TOTAL
                     EDM=3.88394e-06    STRATEGY= 1  ERROR MATRIX UNCERTAINTY   0.6 per cent
  EXT PARAMETER                                   STEP         FIRST   
  NO.   NAME      VALUE            ERROR          SIZE      DERIVATIVE 
   1  N0           3.16056e+06   1.76779e+03   8.58599e-01   3.63351e-07
   2  tau          6.43989e+01   constant   
   3  A0           3.42406e-01   6.82609e-04  -4.47064e-07   4.96749e-01
   4  phi          4.11893e+00   2.21605e-03   4.19234e-06   2.41134e-01
   5  R           -6.14725e+01   constant   
   6  alpha_CBO    4.30615e-03   8.05568e-04   3.47245e-07   4.98943e-01
   7  w_CBO        2.32500e+00   constant   
   8  beta_CBO     0.00000e+00     fixed    
   9  alpha_2CBO   0.00000e+00     fixed    
  10  beta_2CBO    1.34759e-04   7.76324e-04  -1.41870e-06   6.84968e-01
  11  alpha_y      0.00000e+00     fixed    
  12  w_y          1.38860e+01   constant   
  13  beta_y      -1.58773e-03   7.65148e-04  -1.09768e-06  -1.16975e-01
  14  alpha_vw     0.00000e+00     fixed    
  15  w_vw         1.43404e+01   constant   
  16  beta_vw      0.00000e+00     fixed    
  17  LM          -2.06090e-04   constant   
  18  zeta_y       0.00000e+00   constant   
  19  zeta_vw      0.00000e+00   constant   
  20  T_CBO        6.16579e+02   7.66891e+02   4.96527e-03   4.87042e-04
  21  alpha_A0     7.25771e-03   1.47586e-02  -2.72677e-03  -9.34067e-05
  22  beta_A0     -2.95296e-03   5.16253e-03   6.06645e-04  -8.55186e-05
  23  alpha_phi    9.99914e-03   1.00000e-02   9.17382e-03  -5.88271e-04
  24  beta_phi     4.24792e-03   4.73615e-03  -1.44677e-03   8.84001e-05
 EXTERNAL ERROR MATRIX.    NDIM=  25    NPAR= 11    ERR DEF=1
  3.125e+06 
  2.087e-01  4.660e-07 
  1.552e-01  2.910e-08  4.911e-06 
  2.712e-02  6.662e-08  2.085e-07  6.489e-07 
 -3.383e-02  4.208e-09 -9.707e-08  6.752e-09  6.027e-07 
  1.428e-02  8.428e-09  3.697e-09  1.338e-08  8.969e-09  5.855e-07 
  1.100e+05  4.862e-03  5.024e-04  8.484e-02 -2.548e-02  1.169e-02  3.532e+05 
  5.771e-02  3.640e-08 -2.375e-06 -5.823e-07  8.520e-07 -2.398e-08 -2.509e+00  5.119e-05 
  2.191e+00  9.852e-08  1.132e-06  2.111e-07  2.529e-07  1.246e-07  9.759e-01 -8.820e-06  2.975e-05 
  5.634e-02 -9.115e-09  1.701e-07  1.911e-08 -5.201e-08 -4.645e-08 -1.458e-01  7.961e-07 -3.733e-07  6.711e-07 
 -9.689e-01  1.566e-07 -4.720e-08 -1.533e-07  4.332e-07 -1.501e-08 -1.160e+00  7.249e-06 -2.356e-06  3.499e-07  2.484e-05 
 PARAMETER  CORRELATION COEFFICIENTS  
       NO.  GLOBAL      1      3      4      6     10     13     20     21     22     23     24
        1  0.32481   1.000  0.173  0.040  0.019 -0.025  0.011  0.105  0.005  0.227  0.039 -0.110
        3  0.22406   0.173  1.000  0.019  0.121  0.008  0.016  0.012  0.007  0.026 -0.016  0.046
        4  0.25369   0.040  0.019  1.000  0.117 -0.056  0.002  0.000 -0.150  0.094  0.094 -0.004
        6  0.26189   0.019  0.121  0.117  1.000  0.011  0.022  0.177 -0.101  0.048  0.029 -0.038
       10  0.23448  -0.025  0.008 -0.056  0.011  1.000  0.015 -0.055  0.153  0.060 -0.082  0.112
       13  0.08356   0.011  0.016  0.002  0.022  0.015  1.000  0.026 -0.004  0.030 -0.074 -0.004
       20  0.71643   0.105  0.012  0.000  0.177 -0.055  0.026  1.000 -0.590  0.301 -0.299 -0.392
       21  0.62832   0.005  0.007 -0.150 -0.101  0.153 -0.004 -0.590  1.000 -0.226  0.136  0.203
       22  0.38971   0.227  0.026  0.094  0.048  0.060  0.030  0.301 -0.226  1.000 -0.084 -0.087
       23  0.35226   0.039 -0.016  0.094  0.029 -0.082 -0.074 -0.299  0.136 -0.084  1.000  0.086
       24  0.41763  -0.110  0.046 -0.004 -0.038  0.112 -0.004 -0.392  0.203 -0.087  0.086  1.000
MINUIT - FIT ONLY 2-CBO
 **********
 **   25 **RES 
 **********
                   PARAMETER   16  beta_vw RESTORED TO VARIABLE.
                   PARAMETER   14  alpha_vw RESTORED TO VARIABLE.
                   PARAMETER   11  alpha_y RESTORED TO VARIABLE.
                   PARAMETER    9  alpha_2CBO RESTORED TO VARIABLE.
                   PARAMETER    8  beta_CBO RESTORED TO VARIABLE.
 **********
 **   26 **FIX            0
 **********
 PARAMETER    0  IS UNDEFINED. IGNORED.
 **********
 **   27 **FIX            1
 **********
 **********
 **   28 **FIX            2
 **********
 PARAMETER    2  IS CONSTANT.   IGNORED.
 **********
 **   29 **FIX            3
 **********
 **********
 **   30 **FIX            4
 **********
 **********
 **   31 **FIX            5
 **********
 PARAMETER    5  IS CONSTANT.   IGNORED.
 **********
 **   32 **FIX            6
 **********
 **********
 **   33 **FIX            7
 **********
 PARAMETER    7  IS CONSTANT.   IGNORED.
 **********
 **   34 **FIX           10
 **********
 **********
 **   35 **FIX           11
 **********
 **********
 **   36 **FIX           12
 **********
 PARAMETER   12  IS CONSTANT.   IGNORED.
 **********
 **   37 **FIX           13
 **********
 **********
 **   38 **FIX           14
 **********
 **********
 **   39 **FIX           15
 **********
 PARAMETER   15  IS CONSTANT.   IGNORED.
 **********
 **   40 **FIX           16
 **********
 **********
 **   41 **MIGRAD
 **********
 START MIGRAD MINIMIZATION.  STRATEGY  1.  CONVERGENCE WHEN EDM .LT. 1.00e-04
 FCN=57.7561 FROM MIGRAD    STATUS=INITIATE       18 CALLS        1147 TOTAL
                     EDM= unknown      STRATEGY= 1      NO ERROR MATRIX       
  EXT PARAMETER               CURRENT GUESS       STEP         FIRST   
  NO.   NAME      VALUE            ERROR          SIZE      DERIVATIVE 
   1  N0           3.16056e+06     fixed    
   2  tau          6.43989e+01   constant   
   3  A0           3.42406e-01     fixed    
   4  phi          4.11893e+00     fixed    
   5  R           -6.14725e+01   constant   
   6  alpha_CBO    4.30615e-03     fixed    
   7  w_CBO        2.32500e+00   constant   
   8  beta_CBO     0.00000e+00   1.00000e-03   1.00000e-03   3.77743e+03
   9  alpha_2CBO   0.00000e+00   1.00000e-03   1.00000e-03   9.93348e+02
  10  beta_2CBO    1.34759e-04     fixed    
  11  alpha_y      0.00000e+00     fixed    
  12  w_y          1.38860e+01   constant   
  13  beta_y      -1.58773e-03     fixed    
  14  alpha_vw     0.00000e+00     fixed    
  15  w_vw         1.43404e+01   constant   
  16  beta_vw      0.00000e+00     fixed    
  17  LM          -2.06090e-04   constant   
  18  zeta_y       0.00000e+00   constant   
  19  zeta_vw      0.00000e+00   constant   
  20  T_CBO        6.16579e+02   7.66891e+02   4.96527e-03   4.86661e-04
  21  alpha_A0     7.25771e-03   1.47586e-02  -2.72677e-03  -9.32577e-05
  22  beta_A0     -2.95296e-03   5.16253e-03   6.06645e-04  -8.55272e-05
  23  alpha_phi    9.99914e-03   1.00000e-02   9.17382e-03  -6.00513e-04
  24  beta_phi     4.24792e-03   4.73615e-03  -1.44677e-03   8.84377e-05
 MIGRAD MINIMIZATION HAS CONVERGED.
 MIGRAD WILL VERIFY CONVERGENCE AND ERROR MATRIX.
 COVARIANCE MATRIX CALCULATED SUCCESSFULLY
 FCN=55.4196 FROM MIGRAD    STATUS=CONVERGED     155 CALLS        1284 TOTAL
                     EDM=7.75649e-07    STRATEGY= 1      ERROR MATRIX ACCURATE 
  EXT PARAMETER                                   STEP         FIRST   
  NO.   NAME      VALUE            ERROR          SIZE      DERIVATIVE 
   1  N0           3.16056e+06     fixed    
   2  tau          6.43989e+01   constant   
   3  A0           3.42406e-01     fixed    
   4  phi          4.11893e+00     fixed    
   5  R           -6.14725e+01   constant   
   6  alpha_CBO    4.30615e-03     fixed    
   7  w_CBO        2.32500e+00   constant   
   8  beta_CBO    -1.15094e-03   7.78267e-04   2.76509e-06   1.72322e-01
   9  alpha_2CBO  -3.27333e-04   7.78809e-04   2.79429e-06   8.03735e-01
  10  beta_2CBO    1.34759e-04     fixed    
  11  alpha_y      0.00000e+00     fixed    
  12  w_y          1.38860e+01   constant   
  13  beta_y      -1.58773e-03     fixed    
  14  alpha_vw     0.00000e+00     fixed    
  15  w_vw         1.43404e+01   constant   
  16  beta_vw      0.00000e+00     fixed    
  17  LM          -2.06090e-04   constant   
  18  zeta_y       0.00000e+00   constant   
  19  zeta_vw      0.00000e+00   constant   
  20  T_CBO        5.67848e+02   4.15599e+02   2.78905e-03  -1.36523e-03
  21  alpha_A0     7.63719e-03   1.49556e-02   3.13387e-03  -9.64096e-04
  22  beta_A0     -3.26211e-03   5.32530e-03   2.05006e-03   5.02690e-04
  23  alpha_phi    1.00000e-02   1.00233e-02   3.60598e-02** at limit **
  24  beta_phi     2.55562e-03   4.84708e-03   1.81941e-03  -1.09403e-03
 EXTERNAL ERROR MATRIX.    NDIM=  25    NPAR=  7    ERR DEF=1
  6.057e-07  1.390e-08  1.389e-02 -2.337e-07  3.005e-07  7.261e-16  9.000e-07 
  1.390e-08  6.065e-07  3.798e-02  9.866e-08 -5.038e-07 -1.193e-14  1.428e-07 
  1.389e-02  3.798e-02  2.431e+05 -2.100e+00  7.969e-01  9.893e-06 -4.993e-01 
 -2.337e-07  9.866e-08 -2.100e+00  5.028e-05 -1.096e-05 -7.724e-11  4.110e-06 
  3.005e-07 -5.038e-07  7.969e-01 -1.096e-05  3.200e-05  3.257e-11 -1.311e-07 
  7.261e-16 -1.193e-14  9.893e-06 -7.724e-11  3.257e-11  7.752e-15 -2.577e-11 
  9.000e-07  1.428e-07 -4.993e-01  4.110e-06 -1.311e-07 -2.577e-11  2.578e-05 
 PARAMETER  CORRELATION COEFFICIENTS  
       NO.  GLOBAL      8      9     20     21     22     23     24
        8  0.24818   1.000  0.023  0.036 -0.042  0.068  0.000  0.228
        9  0.20737   0.023  1.000  0.099  0.018 -0.114 -0.000  0.036
       20  0.65854   0.036  0.099  1.000 -0.601  0.286  0.228 -0.199
       21  0.61348  -0.042  0.018 -0.601  1.000 -0.273 -0.124  0.114
       22  0.34740   0.068 -0.114  0.286 -0.273  1.000  0.065 -0.005
       23  0.23008   0.000 -0.000  0.228 -0.124  0.065  1.000 -0.058
       24  0.31654   0.228  0.036 -0.199  0.114 -0.005 -0.058  1.000
MINUIT - FIT wiggle + 1-CBO + 2-CBO
 **********
 **   42 **RES 
 **********
                   PARAMETER   16  beta_vw RESTORED TO VARIABLE.
                   PARAMETER   14  alpha_vw RESTORED TO VARIABLE.
                   PARAMETER   13  beta_y RESTORED TO VARIABLE.
                   PARAMETER   11  alpha_y RESTORED TO VARIABLE.
                   PARAMETER   10  beta_2CBO RESTORED TO VARIABLE.
                   PARAMETER    6  alpha_CBO RESTORED TO VARIABLE.
                   PARAMETER    4  phi RESTORED TO VARIABLE.
                   PARAMETER    3  A0 RESTORED TO VARIABLE.
                   PARAMETER    1  N0 RESTORED TO VARIABLE.
 **********
 **   43 **FIX           10
 **********
 **********
 **   44 **FIX           11
 **********
 **********
 **   45 **FIX           12
 **********
 PARAMETER   12  IS CONSTANT.   IGNORED.
 **********
 **   46 **FIX           13
 **********
 **********
 **   47 **FIX           14
 **********
 **********
 **   48 **FIX           15
 **********
 PARAMETER   15  IS CONSTANT.   IGNORED.
 **********
 **   49 **FIX           16
 **********
 **********
 **   50 **MIGRAD
 **********
 START MIGRAD MINIMIZATION.  STRATEGY  1.  CONVERGENCE WHEN EDM .LT. 1.00e-04
 FCN=55.4196 FROM MIGRAD    STATUS=INITIATE       22 CALLS        1306 TOTAL
                     EDM= unknown      STRATEGY= 1      NO ERROR MATRIX       
  EXT PARAMETER               CURRENT GUESS       STEP         FIRST   
  NO.   NAME      VALUE            ERROR          SIZE      DERIVATIVE 
   1  N0           3.16056e+06   1.76779e+03   1.76779e+03   1.66834e-05
   2  tau          6.43989e+01   constant   
   3  A0           3.42406e-01   6.82609e-04   6.82609e-04  -4.56089e+02
   4  phi          4.11893e+00   2.21605e-03   2.21605e-03   2.84068e+02
   5  R           -6.14725e+01   constant   
   6  alpha_CBO    4.30615e-03   8.05568e-04   8.05568e-04  -6.12596e+01
   7  w_CBO        2.32500e+00   constant   
   8  beta_CBO    -1.15094e-03   7.78267e-04   2.76509e-06   1.72546e-01
   9  alpha_2CBO  -3.27333e-04   7.78809e-04   2.79429e-06   8.04818e-01
  10  beta_2CBO    1.34759e-04     fixed    
  11  alpha_y      0.00000e+00     fixed    
  12  w_y          1.38860e+01   constant   
  13  beta_y      -1.58773e-03     fixed    
  14  alpha_vw     0.00000e+00     fixed    
  15  w_vw         1.43404e+01   constant   
  16  beta_vw      0.00000e+00     fixed    
  17  LM          -2.06090e-04   constant   
  18  zeta_y       0.00000e+00   constant   
  19  zeta_vw      0.00000e+00   constant   
  20  T_CBO        5.67848e+02   4.15599e+02   2.78905e-03  -1.39156e-03
  21  alpha_A0     7.63719e-03   1.49556e-02   3.13387e-03  -9.80143e-04
  22  beta_A0     -3.26211e-03   5.32530e-03   2.05006e-03   5.07186e-04
  23  alpha_phi    9.99998e-03   1.00233e-02   3.60598e-02  -9.76947e-05
  24  beta_phi     2.55562e-03   4.84708e-03   1.81941e-03  -1.09679e-03
 MIGRAD MINIMIZATION HAS CONVERGED.
 FCN=55.289 FROM MIGRAD    STATUS=CONVERGED     164 CALLS        1448 TOTAL
                     EDM=2.72529e-07    STRATEGY= 1  ERROR MATRIX UNCERTAINTY   3.5 per cent
  EXT PARAMETER                                   STEP         FIRST   
  NO.   NAME      VALUE            ERROR          SIZE      DERIVATIVE 
   1  N0           3.16058e+06   1.66267e+03  -2.14516e+00  -1.82505e-07
   2  tau          6.43989e+01   constant   
   3  A0           3.42516e-01   6.46769e-04   4.98802e-07   5.84188e-02
   4  phi          4.11818e+00   2.25830e-03   2.73812e-07   2.87741e-02
   5  R           -6.14725e+01   constant   
   6  alpha_CBO    4.31071e-03   7.78641e-04  -4.03540e-07  -1.28987e-01
   7  w_CBO        2.32500e+00   constant   
   8  beta_CBO    -1.22276e-03   7.89955e-04  -1.14524e-07  -4.85680e-01
   9  alpha_2CBO  -3.17876e-04   7.59768e-04   1.27694e-06  -5.06363e-01
  10  beta_2CBO    1.34759e-04     fixed    
  11  alpha_y      0.00000e+00     fixed    
  12  w_y          1.38860e+01   constant   
  13  beta_y      -1.58773e-03     fixed    
  14  alpha_vw     0.00000e+00     fixed    
  15  w_vw         1.43404e+01   constant   
  16  beta_vw      0.00000e+00     fixed    
  17  LM          -2.06090e-04   constant   
  18  zeta_y       0.00000e+00   constant   
  19  zeta_vw      0.00000e+00   constant   
  20  T_CBO        5.62752e+02   4.16553e+02  -4.19904e-04  -5.01568e-04
  21  alpha_A0     8.08477e-03   1.54014e-02   8.95415e-04  -1.99732e-04
  22  beta_A0     -3.48082e-03   5.29345e-03   2.22240e-04   1.15039e-03
  23  alpha_phi    1.00000e-02   1.00002e-02   1.08992e-04** at limit **
  24  beta_phi     2.49442e-03   4.86560e-03   6.18016e-04  -3.16757e-04
 EXTERNAL ERROR MATRIX.    NDIM=  25    NPAR= 11    ERR DEF=1
  2.764e+06 
  1.527e-01  4.183e-07 
 -6.666e-02 -1.040e-07  5.100e-06 
  1.154e-03  2.240e-08  1.348e-07  6.063e-07 
 -7.696e-02 -6.438e-08  3.940e-07  2.654e-10  6.240e-07 
  4.877e-02  1.078e-08 -6.553e-08 -1.039e-09 -3.068e-09  5.772e-07 
  1.346e+05  1.117e-02  6.430e-02  8.772e-02  2.046e-02  3.344e-02  2.445e+05 
 -8.767e-01 -1.833e-07 -3.461e-06 -7.733e-07 -5.222e-07  1.753e-07 -2.158e+00  5.129e-05 
  1.204e+00 -1.690e-07  1.394e-06  5.219e-07  3.780e-07 -2.879e-07  9.654e-01 -1.305e-05  3.164e-05 
  4.531e-06 -1.236e-13 -6.739e-13  1.406e-12 -9.032e-13  8.902e-13  1.971e-06 -2.835e-11  6.401e-12  2.584e-12 
 -1.309e+00 -5.960e-08  3.448e-07 -1.666e-07  9.115e-07  1.572e-07 -4.558e-01  3.725e-06 -1.430e-06  2.893e-12  2.599e-05 
 PARAMETER  CORRELATION COEFFICIENTS  
       NO.  GLOBAL      1      3      4      6      8      9     20     21     22     23     24
        1  0.27359   1.000  0.142 -0.018  0.001 -0.059  0.039  0.164 -0.074  0.129  0.002 -0.154
        3  0.21666   0.142  1.000 -0.071  0.044 -0.126  0.022  0.035 -0.040 -0.046 -0.000 -0.018
        4  0.32344  -0.018 -0.071  1.000  0.077  0.221 -0.038  0.058 -0.214  0.110 -0.000  0.030
        6  0.25045   0.001  0.044  0.077  1.000  0.000 -0.002  0.228 -0.139  0.119  0.001 -0.042
        8  0.34540  -0.059 -0.126  0.221  0.000  1.000 -0.005  0.052 -0.092  0.085 -0.001  0.226
        9  0.18258   0.039  0.022 -0.038 -0.002 -0.005  1.000  0.089  0.032 -0.067  0.001  0.041
       20  0.67474   0.164  0.035  0.058  0.228  0.052  0.089  1.000 -0.609  0.347  0.002 -0.181
       21  0.64977  -0.074 -0.040 -0.214 -0.139 -0.092  0.032 -0.609  1.000 -0.324 -0.002  0.102
       22  0.40735   0.129 -0.046  0.110  0.119  0.085 -0.067  0.347 -0.324  1.000  0.001 -0.050
       23  0.00362   0.002 -0.000 -0.000  0.001 -0.001  0.001  0.002 -0.002  0.001  1.000  0.000
       24  0.32549  -0.154 -0.018  0.030 -0.042  0.226  0.041 -0.181  0.102 -0.050  0.000  1.000
MINUIT - FIT ONLY 1-y
 **********
 **   51 **RES 
 **********
                   PARAMETER   16  beta_vw RESTORED TO VARIABLE.
                   PARAMETER   14  alpha_vw RESTORED TO VARIABLE.
                   PARAMETER   13  beta_y RESTORED TO VARIABLE.
                   PARAMETER   11  alpha_y RESTORED TO VARIABLE.
                   PARAMETER   10  beta_2CBO RESTORED TO VARIABLE.
 **********
 **   52 **FIX            0
 **********
 PARAMETER    0  IS UNDEFINED. IGNORED.
 **********
 **   53 **FIX            1
 **********
 **********
 **   54 **FIX            2
 **********
 PARAMETER    2  IS CONSTANT.   IGNORED.
 **********
 **   55 **FIX            3
 **********
 **********
 **   56 **FIX            4
 **********
 **********
 **   57 **FIX            5
 **********
 PARAMETER    5  IS CONSTANT.   IGNORED.
 **********
 **   58 **FIX            6
 **********
 **********
 **   59 **FIX            7
 **********
 PARAMETER    7  IS CONSTANT.   IGNORED.
 **********
 **   60 **FIX            8
 **********
 **********
 **   61 **FIX            9
 **********
 **********
 **   62 **FIX           13
 **********
 **********
 **   63 **FIX           14
 **********
 **********
 **   64 **FIX           15
 **********
 PARAMETER   15  IS CONSTANT.   IGNORED.
 **********
 **   65 **FIX           16
 **********
 **********
 **   66 **MIGRAD
 **********
 START MIGRAD MINIMIZATION.  STRATEGY  1.  CONVERGENCE WHEN EDM .LT. 1.00e-04
 FCN=55.289 FROM MIGRAD    STATUS=INITIATE       16 CALLS        1464 TOTAL
                     EDM= unknown      STRATEGY= 1      NO ERROR MATRIX       
  EXT PARAMETER               CURRENT GUESS       STEP         FIRST   
  NO.   NAME      VALUE            ERROR          SIZE      DERIVATIVE 
   1  N0           3.16058e+06     fixed    
   2  tau          6.43989e+01   constant   
   3  A0           3.42516e-01     fixed    
   4  phi          4.11818e+00     fixed    
   5  R           -6.14725e+01   constant   
   6  alpha_CBO    4.31071e-03     fixed    
   7  w_CBO        2.32500e+00   constant   
   8  beta_CBO    -1.22276e-03     fixed    
   9  alpha_2CBO  -3.17876e-04     fixed    
  10  beta_2CBO    1.34759e-04   7.76324e-04   7.76324e-04  -2.97534e+01
  11  alpha_y      0.00000e+00   1.00000e-03   1.00000e-03  -3.10899e+03
  12  w_y          1.38860e+01   constant   
  13  beta_y      -1.58773e-03     fixed    
  14  alpha_vw     0.00000e+00     fixed    
  15  w_vw         1.43404e+01   constant   
  16  beta_vw      0.00000e+00     fixed    
  17  LM          -2.06090e-04   constant   
  18  zeta_y       0.00000e+00   constant   
  19  zeta_vw      0.00000e+00   constant   
  20  T_CBO        5.62752e+02   4.16553e+02  -4.19904e-04  -5.10181e-04
  21  alpha_A0     8.08477e-03   1.54014e-02   8.95415e-04  -2.00472e-04
  22  beta_A0     -3.48082e-03   5.29345e-03   2.22240e-04   1.15040e-03
  23  alpha_phi    9.99998e-03   1.00002e-02   1.08992e-04  -1.12078e-04
  24  beta_phi     2.49442e-03   4.86560e-03   6.18016e-04  -3.16102e-04
 MIGRAD MINIMIZATION HAS CONVERGED.
 MIGRAD WILL VERIFY CONVERGENCE AND ERROR MATRIX.
 COVARIANCE MATRIX CALCULATED SUCCESSFULLY
 FCN=53.9043 FROM MIGRAD    STATUS=CONVERGED     135 CALLS        1583 TOTAL
                     EDM=4.82332e-06    STRATEGY= 1      ERROR MATRIX ACCURATE 
  EXT PARAMETER                                   STEP         FIRST   
  NO.   NAME      VALUE            ERROR          SIZE      DERIVATIVE 
   1  N0           3.16058e+06     fixed    
   2  tau          6.43989e+01   constant   
   3  A0           3.42516e-01     fixed    
   4  phi          4.11818e+00     fixed    
   5  R           -6.14725e+01   constant   
   6  alpha_CBO    4.31071e-03     fixed    
   7  w_CBO        2.32500e+00   constant   
   8  beta_CBO    -1.22276e-03     fixed    
   9  alpha_2CBO  -3.17876e-04     fixed    
  10  beta_2CBO    1.33785e-04   7.81644e-04   2.76004e-06  -8.17261e-01
  11  alpha_y      8.90015e-04   7.57034e-04   2.73717e-06  -2.73718e+00
  12  w_y          1.38860e+01   constant   
  13  beta_y      -1.58773e-03     fixed    
  14  alpha_vw     0.00000e+00     fixed    
  15  w_vw         1.43404e+01   constant   
  16  beta_vw      0.00000e+00     fixed    
  17  LM          -2.06090e-04   constant   
  18  zeta_y       0.00000e+00   constant   
  19  zeta_vw      0.00000e+00   constant   
  20  T_CBO        5.57624e+02   4.05065e+02   2.58427e-03  -2.54387e-04
  21  alpha_A0     8.33611e-03   1.59428e-02   3.63506e-03  -1.39532e-03
  22  beta_A0     -3.61362e-03   5.36862e-03   2.07325e-03  -2.83406e-03
  23  alpha_phi    1.00000e-02   1.01214e-02   2.77047e-02** at limit **
  24  beta_phi     2.49518e-03   4.79502e-03   1.81058e-03   3.59630e-04
 EXTERNAL ERROR MATRIX.    NDIM=  25    NPAR=  7    ERR DEF=1
  6.110e-07 -6.260e-09 -3.582e-02  9.950e-07  2.052e-07  1.023e-14  4.590e-07 
 -6.260e-09  5.731e-07 -2.931e-03  1.548e-07 -8.343e-08  2.156e-15 -4.287e-09 
 -3.582e-02 -2.931e-03  2.244e+05 -2.238e+00  8.598e-01  6.708e-06 -5.166e-01 
  9.950e-07  1.548e-07 -2.238e+00  5.548e-05 -1.188e-05 -5.912e-11  5.380e-06 
  2.052e-07 -8.343e-08  8.598e-01 -1.188e-05  3.273e-05  2.538e-11 -3.981e-07 
  1.023e-14  2.156e-15  6.708e-06 -5.912e-11  2.538e-11  7.206e-15 -1.771e-11 
  4.590e-07 -4.287e-09 -5.166e-01  5.380e-06 -3.981e-07 -1.771e-11  2.516e-05 
 PARAMETER  CORRELATION COEFFICIENTS  
       NO.  GLOBAL     10     11     20     21     22     23     24
       10  0.21794   1.000 -0.011 -0.097  0.171  0.046  0.000  0.117
       11  0.03631  -0.011  1.000 -0.008  0.027 -0.019  0.000 -0.001
       20  0.67180  -0.097 -0.008  1.000 -0.634  0.317  0.167 -0.217
       21  0.65067   0.171  0.027 -0.634  1.000 -0.279 -0.094  0.144
       22  0.34885   0.046 -0.019  0.317 -0.279  1.000  0.052 -0.014
       23  0.16834   0.000  0.000  0.167 -0.094  0.052  1.000 -0.042
       24  0.24325   0.117 -0.001 -0.217  0.144 -0.014 -0.042  1.000
MINUIT - FIT ONLY 2-y
 **********
 **   67 **RES 
 **********
                   PARAMETER   16  beta_vw RESTORED TO VARIABLE.
                   PARAMETER   14  alpha_vw RESTORED TO VARIABLE.
                   PARAMETER   13  beta_y RESTORED TO VARIABLE.
                   PARAMETER    9  alpha_2CBO RESTORED TO VARIABLE.
                   PARAMETER    8  beta_CBO RESTORED TO VARIABLE.
                   PARAMETER    6  alpha_CBO RESTORED TO VARIABLE.
                   PARAMETER    4  phi RESTORED TO VARIABLE.
                   PARAMETER    3  A0 RESTORED TO VARIABLE.
                   PARAMETER    1  N0 RESTORED TO VARIABLE.
 **********
 **   68 **FIX            0
 **********
 PARAMETER    0  IS UNDEFINED. IGNORED.
 **********
 **   69 **FIX            1
 **********
 **********
 **   70 **FIX            2
 **********
 PARAMETER    2  IS CONSTANT.   IGNORED.
 **********
 **   71 **FIX            3
 **********
 **********
 **   72 **FIX            4
 **********
 **********
 **   73 **FIX            5
 **********
 PARAMETER    5  IS CONSTANT.   IGNORED.
 **********
 **   74 **FIX            6
 **********
 **********
 **   75 **FIX            7
 **********
 PARAMETER    7  IS CONSTANT.   IGNORED.
 **********
 **   76 **FIX            8
 **********
 **********
 **   77 **FIX            9
 **********
 **********
 **   78 **FIX           10
 **********
 **********
 **   79 **FIX           11
 **********
 **********
 **   80 **FIX           12
 **********
 PARAMETER   12  IS CONSTANT.   IGNORED.
 **********
 **   81 **FIX           16
 **********
 **********
 **   82 **MIGRAD
 **********
 START MIGRAD MINIMIZATION.  STRATEGY  1.  CONVERGENCE WHEN EDM .LT. 1.00e-04
 FCN=53.9043 FROM MIGRAD    STATUS=INITIATE       16 CALLS        1599 TOTAL
                     EDM= unknown      STRATEGY= 1      NO ERROR MATRIX       
  EXT PARAMETER               CURRENT GUESS       STEP         FIRST   
  NO.   NAME      VALUE            ERROR          SIZE      DERIVATIVE 
   1  N0           3.16058e+06     fixed    
   2  tau          6.43989e+01   constant   
   3  A0           3.42516e-01     fixed    
   4  phi          4.11818e+00     fixed    
   5  R           -6.14725e+01   constant   
   6  alpha_CBO    4.31071e-03     fixed    
   7  w_CBO        2.32500e+00   constant   
   8  beta_CBO    -1.22276e-03     fixed    
   9  alpha_2CBO  -3.17876e-04     fixed    
  10  beta_2CBO    1.33785e-04     fixed    
  11  alpha_y      8.90015e-04     fixed    
  12  w_y          1.38860e+01   constant   
  13  beta_y      -1.58773e-03   7.65148e-04   7.65148e-04  -3.45404e+01
  14  alpha_vw     0.00000e+00   1.00000e-03   1.00000e-03  -4.39852e+03
  15  w_vw         1.43404e+01   constant   
  16  beta_vw      0.00000e+00     fixed    
  17  LM          -2.06090e-04   constant   
  18  zeta_y       0.00000e+00   constant   
  19  zeta_vw      0.00000e+00   constant   
  20  T_CBO        5.57624e+02   4.05065e+02   2.58427e-03  -2.66089e-04
  21  alpha_A0     8.33611e-03   1.59428e-02   3.63506e-03  -1.41493e-03
  22  beta_A0     -3.61362e-03   5.36862e-03   2.07325e-03  -2.82915e-03
  23  alpha_phi    9.99998e-03   1.01214e-02   2.77047e-02  -1.07291e-04
  24  beta_phi     2.49518e-03   4.79502e-03   1.81058e-03   3.57043e-04
 MIGRAD MINIMIZATION HAS CONVERGED.
 MIGRAD WILL VERIFY CONVERGENCE AND ERROR MATRIX.
 COVARIANCE MATRIX CALCULATED SUCCESSFULLY
 FCN=50.7121 FROM MIGRAD    STATUS=CONVERGED     149 CALLS        1732 TOTAL
                     EDM=6.14263e-07    STRATEGY= 1      ERROR MATRIX ACCURATE 
  EXT PARAMETER                                   STEP         FIRST   
  NO.   NAME      VALUE            ERROR          SIZE      DERIVATIVE 
   1  N0           3.16058e+06     fixed    
   2  tau          6.43989e+01   constant   
   3  A0           3.42516e-01     fixed    
   4  phi          4.11818e+00     fixed    
   5  R           -6.14725e+01   constant   
   6  alpha_CBO    4.31071e-03     fixed    
   7  w_CBO        2.32500e+00   constant   
   8  beta_CBO    -1.22276e-03     fixed    
   9  alpha_2CBO  -3.17876e-04     fixed    
  10  beta_2CBO    1.33785e-04     fixed    
  11  alpha_y      8.90015e-04     fixed    
  12  w_y          1.38860e+01   constant   
  13  beta_y      -2.09699e-03   8.21520e-04   2.69711e-06  -3.45539e-02
  14  alpha_vw     1.45548e-03   8.14655e-04   2.67417e-06   3.85051e-03
  15  w_vw         1.43404e+01   constant   
  16  beta_vw      0.00000e+00     fixed    
  17  LM          -2.06090e-04   constant   
  18  zeta_y       0.00000e+00   constant   
  19  zeta_vw      0.00000e+00   constant   
  20  T_CBO        5.77268e+02   4.15666e+02   2.64618e-03  -4.30117e-04
  21  alpha_A0     8.03054e-03   1.52966e-02   3.29410e-03   1.15382e-04
  22  beta_A0     -3.81465e-03   5.28926e-03   1.99807e-03   8.36838e-04
  23  alpha_phi    1.00000e-02   1.00222e-02   2.17667e-02** at limit **
  24  beta_phi     2.40954e-03   4.67152e-03   1.72536e-03  -1.99169e-03
 EXTERNAL ERROR MATRIX.    NDIM=  25    NPAR=  7    ERR DEF=1
  6.749e-07 -2.369e-07 -8.814e-03  1.345e-07  7.617e-08 -1.188e-12  3.964e-08 
 -2.369e-07  6.637e-07  9.364e-03 -1.389e-07 -9.065e-08  1.892e-12 -3.854e-08 
 -8.814e-03  9.364e-03  2.440e+05 -2.164e+00  9.373e-01  3.769e-03 -4.802e-01 
  1.345e-07 -1.389e-07 -2.164e+00  5.042e-05 -1.180e-05 -2.991e-08  4.100e-06 
  7.617e-08 -9.065e-08  9.373e-01 -1.180e-05  3.171e-05  1.403e-08 -5.285e-07 
 -1.188e-12  1.892e-12  3.769e-03 -2.991e-08  1.403e-08  2.650e-09 -8.956e-09 
  3.964e-08 -3.854e-08 -4.802e-01  4.100e-06 -5.285e-07 -8.956e-09  2.375e-05 
 PARAMETER  CORRELATION COEFFICIENTS  
       NO.  GLOBAL     13     14     20     21     22     23     24
       13  0.35463   1.000 -0.354 -0.022  0.023  0.016 -0.000  0.010
       14  0.35500  -0.354  1.000  0.023 -0.024 -0.020  0.000 -0.010
       20  0.65736  -0.022  0.023  1.000 -0.617  0.337  0.148 -0.199
       21  0.62410   0.023 -0.024 -0.617  1.000 -0.295 -0.082  0.118
       22  0.35952   0.016 -0.020  0.337 -0.295  1.000  0.048 -0.019
       23  0.14888  -0.000  0.000  0.148 -0.082  0.048  1.000 -0.036
       24  0.20599   0.010 -0.010 -0.199  0.118 -0.019 -0.036  1.000
MINUIT - FIT ALTOGETHER
 **********
 **   83 **RES 
 **********
                   PARAMETER   16  beta_vw RESTORED TO VARIABLE.
