 + ++++++++++++++++++++++++++++++++++++++++++++++++++++++++++++++++++++ +
 +                                                                      +
 +           You have chose to blind your fitting according to          +
 +                omega_ref * (1 + (R +/- deltaR) *10^{-6})             +
 +                                                                      +
 + ++++++++++++++++++++++++++++++++++++++++++++++++++++++++++++++++++++ +
In main()...
reading format from /gm2data/zkhechad/run45/envelope/formats/formatB_sBin_constraintOn.txt
pBinTau 	= 0  
pBinPhi 	= 0  
constraintau 	= 1 
includeMopTerm 	= 0    
constrainMop    = 0   
Parameters after format file: pBinTau 0 pBinPhi 0 constraintau 1 includeMopTerm 0 constrainMop 0 c_e_scale 0.000000 
Opening file /gm2data/tbarrett/gm2fr/studies/run23_bunch_corrections/CorrectedFourier_Run3b.root.
reading full fit data from /gm2data/zkhechad/cboTemplates/Run4CBOTemplates/templateFits0_v2.0/noRF/sBin_constraintOn_cE0.0_seed0_noRF_calo15.root
windowBins = 17
fitting sliding window 378 from bin 514 at 76.539600 to bin 531 at 79.225200 (17 bins)

Reading data from /gm2data/cornell/histograms/aMethod/histogram_a_noRF.root
 **********
 **    1 **SET PRINTOUT            1
 **********
 **********
 **    2 **SET NOWARNINGS 
 **********
 PARAMETER DEFINITIONS:
    NO.   NAME         VALUE      STEP SIZE      LIMITS
     1 N0           3.09167e+06  1.00000e+02     no limits
     2 tau          6.43743e+01  constant
     3 A0           3.54035e-01  1.00000e-04     no limits
     4 phi          4.11947e+00  1.00000e-02     no limits
     5 R           -6.00908e+01  constant
     6 alpha_CBO    0.00000e+00  1.00000e-03     no limits
     7 w_CBO        2.32500e+00  constant
     8 beta_CBO     0.00000e+00  1.00000e-03     no limits
     9 alpha_2CBO   0.00000e+00  1.00000e-03     no limits
    10 beta_2CBO    0.00000e+00  1.00000e-03     no limits
    11 alpha_y      0.00000e+00  1.00000e-03     no limits
    12 w_y          1.44500e+01  constant
    13 beta_y       0.00000e+00  1.00000e-03     no limits
    14 alpha_vw     0.00000e+00  1.00000e-03     no limits
    15 w_vw         1.29000e+01  constant
    16 beta_vw      0.00000e+00  1.00000e-03     no limits
    17 LM          -9.88464e-04  constant
    18 zeta_y       0.00000e+00  constant
    19 zeta_vw      0.00000e+00  constant
    20 T_CBO        1.00000e+02  1.00000e+00    0.00000e+00  1.00000e+03
    21 alpha_A0     0.00000e+00  1.00000e-03     no limits
    22 beta_A0      0.00000e+00  1.00000e-03     no limits
    23 alpha_phi    0.00000e+00  1.00000e-03     no limits
    24 beta_phi     0.00000e+00  1.00000e-03     no limits
MINUIT - FIT ONLY WIGGLE
 **********
 **    3 **FIX            5
 **********
 PARAMETER    5  IS CONSTANT.   IGNORED.
 **********
 **    4 **FIX            6
 **********
 **********
 **    5 **FIX            7
 **********
 PARAMETER    7  IS CONSTANT.   IGNORED.
 **********
 **    6 **FIX            8
 **********
 **********
 **    7 **FIX            9
 **********
 **********
 **    8 **FIX           10
 **********
 **********
 **    9 **FIX           11
 **********
 **********
 **   10 **FIX           12
 **********
 PARAMETER   12  IS CONSTANT.   IGNORED.
 **********
 **   11 **FIX           13
 **********
 **********
 **   12 **FIX           14
 **********
 **********
 **   13 **FIX           15
 **********
 PARAMETER   15  IS CONSTANT.   IGNORED.
 **********
 **   14 **FIX           16
 **********
 **********
 **   15 **MIGRAD
 **********
 FIRST CALL TO USER FUNCTION AT NEW START POINT, WITH IFLAG=4.
 START MIGRAD MINIMIZATION.  STRATEGY  1.  CONVERGENCE WHEN EDM .LT. 1.00e-04
 FCN=694.287 FROM MIGRAD    STATUS=INITIATE      437 CALLS         438 TOTAL
                     EDM= unknown      STRATEGY= 1      NO ERROR MATRIX       
  EXT PARAMETER               CURRENT GUESS       STEP         FIRST   
  NO.   NAME      VALUE            ERROR          SIZE      DERIVATIVE 
   1  N0           3.09167e+06   1.00000e+02   0.00000e+00   4.20521e-02
   2  tau          6.43743e+01   constant   
   3  A0           3.54035e-01   1.00000e-04   0.00000e+00   1.86438e+05
   4  phi          4.11947e+00   1.00000e-02   0.00000e+00  -2.27690e+01
   5  R           -6.00908e+01   constant   
   6  alpha_CBO    0.00000e+00     fixed    
   7  w_CBO        2.32500e+00   constant   
   8  beta_CBO     0.00000e+00     fixed    
   9  alpha_2CBO   0.00000e+00     fixed    
  10  beta_2CBO    0.00000e+00     fixed    
  11  alpha_y      0.00000e+00     fixed    
  12  w_y          1.44500e+01   constant   
  13  beta_y       0.00000e+00     fixed    
  14  alpha_vw     0.00000e+00     fixed    
  15  w_vw         1.29000e+01   constant   
  16  beta_vw      0.00000e+00     fixed    
  17  LM          -9.88464e-04   constant   
  18  zeta_y       0.00000e+00   constant   
  19  zeta_vw      0.00000e+00   constant   
  20  T_CBO        1.00000e+02   1.00000e+00   0.00000e+00   0.00000e+00
  21  alpha_A0     0.00000e+00   1.00000e-03   0.00000e+00  -1.06674e+04
  22  beta_A0      0.00000e+00   1.00000e-03   0.00000e+00  -1.37575e+04
  23  alpha_phi    0.00000e+00   1.00000e-03   0.00000e+00  -8.09424e+03
  24  beta_phi     0.00000e+00   1.00000e-03   0.00000e+00  -6.11144e+03
 MIGRAD MINIMIZATION HAS CONVERGED.
 FCN=49.198 FROM MIGRAD    STATUS=CONVERGED     878 CALLS         879 TOTAL
                     EDM=6.70632e-06    STRATEGY= 1  ERROR MATRIX UNCERTAINTY   9.9 per cent
  EXT PARAMETER                                   STEP         FIRST   
  NO.   NAME      VALUE            ERROR          SIZE      DERIVATIVE 
   1  N0           3.08918e+06   1.20378e+03  -4.09933e+00   2.06050e-06
   2  tau          6.43743e+01   constant   
   3  A0           3.27821e-01   2.73320e-03  -1.58364e-06  -6.50572e-01
   4  phi          4.14498e+00   5.00094e-03   7.11562e-06  -3.56844e-01
   5  R           -6.00908e+01   constant   
   6  alpha_CBO    0.00000e+00     fixed    
   7  w_CBO        2.32500e+00   constant   
   8  beta_CBO     0.00000e+00     fixed    
   9  alpha_2CBO   0.00000e+00     fixed    
  10  beta_2CBO    0.00000e+00     fixed    
  11  alpha_y      0.00000e+00     fixed    
  12  w_y          1.44500e+01   constant   
  13  beta_y       0.00000e+00     fixed    
  14  alpha_vw     0.00000e+00     fixed    
  15  w_vw         1.29000e+01   constant   
  16  beta_vw      0.00000e+00     fixed    
  17  LM          -9.88464e-04   constant   
  18  zeta_y       0.00000e+00   constant   
  19  zeta_vw      0.00000e+00   constant   
  20  T_CBO        1.16734e+02   3.00339e+00  -2.83224e-06   3.38813e-03
  21  alpha_A0    -1.29970e-01   2.10100e-02  -2.19539e-05  -1.94843e+00
  22  beta_A0     -1.58268e-01   2.23709e-02  -1.65169e-05   1.82422e+00
  23  alpha_phi   -1.46251e-01   2.11853e-02  -2.96581e-05   3.23696e-01
  24  beta_phi     1.19742e-01   1.30315e-02   1.06088e-05   6.52295e-01
 EXTERNAL ERROR MATRIX.    NDIM=  25    NPAR=  8    ERR DEF=1
  1.449e+06  1.425e+00 -4.031e+00 -1.139e+03  1.303e+01  1.306e+01  1.495e+01 -7.702e+00 
  1.425e+00  7.470e-06 -1.260e-05 -5.573e-03  5.662e-05  6.081e-05  5.662e-05 -3.520e-05 
 -4.031e+00 -1.260e-05  2.501e-05  9.734e-03 -1.008e-04 -1.053e-04 -1.016e-04  6.219e-05 
 -1.139e+03 -5.573e-03  9.734e-03  9.021e+00 -4.001e-02 -4.374e-02 -4.028e-02  2.568e-02 
  1.303e+01  5.662e-05 -1.008e-04 -4.001e-02  4.414e-04  4.669e-04  4.408e-04 -2.707e-04 
  1.306e+01  6.081e-05 -1.053e-04 -4.374e-02  4.669e-04  5.005e-04  4.678e-04 -2.876e-04 
  1.495e+01  5.662e-05 -1.016e-04 -4.028e-02  4.408e-04  4.678e-04  4.488e-04 -2.708e-04 
 -7.702e+00 -3.520e-05  6.219e-05  2.568e-02 -2.707e-04 -2.876e-04 -2.708e-04  1.698e-04 
 PARAMETER  CORRELATION COEFFICIENTS  
       NO.  GLOBAL      1      3      4     20     21     22     23     24
        1  0.94074   1.000  0.433 -0.670 -0.315  0.515  0.485  0.586 -0.491
        3  0.99907   0.433  1.000 -0.922 -0.679  0.986  0.995  0.978 -0.988
        4  0.99296  -0.670 -0.922  1.000  0.648 -0.959 -0.941 -0.959  0.954
       20  0.86470  -0.315 -0.679  0.648  1.000 -0.634 -0.651 -0.633  0.656
       21  0.99763   0.515  0.986 -0.959 -0.634  1.000  0.993  0.990 -0.989
       22  0.99851   0.485  0.995 -0.941 -0.651  0.993  1.000  0.987 -0.987
       23  0.99691   0.586  0.978 -0.959 -0.633  0.990  0.987  1.000 -0.981
       24  0.99691  -0.491 -0.988  0.954  0.656 -0.989 -0.987 -0.981  1.000
MINUIT - FIT ONLY 1-CBO + wiggle
 **********
 **   16 **RES 
 **********
                   PARAMETER   16  beta_vw RESTORED TO VARIABLE.
                   PARAMETER   14  alpha_vw RESTORED TO VARIABLE.
                   PARAMETER   13  beta_y RESTORED TO VARIABLE.
                   PARAMETER   11  alpha_y RESTORED TO VARIABLE.
                   PARAMETER   10  beta_2CBO RESTORED TO VARIABLE.
                   PARAMETER    9  alpha_2CBO RESTORED TO VARIABLE.
                   PARAMETER    8  beta_CBO RESTORED TO VARIABLE.
                   PARAMETER    6  alpha_CBO RESTORED TO VARIABLE.
 **********
 **   17 **FIX            8
 **********
 **********
 **   18 **FIX            9
 **********
 **********
 **   19 **FIX           11
 **********
 **********
 **   20 **FIX           12
 **********
 PARAMETER   12  IS CONSTANT.   IGNORED.
 **********
 **   21 **FIX           14
 **********
 **********
 **   22 **FIX           15
 **********
 PARAMETER   15  IS CONSTANT.   IGNORED.
 **********
 **   23 **FIX           16
 **********
 **********
 **   24 **MIGRAD
 **********
 START MIGRAD MINIMIZATION.  STRATEGY  1.  CONVERGENCE WHEN EDM .LT. 1.00e-04
 FCN=49.198 FROM MIGRAD    STATUS=INITIATE       28 CALLS         907 TOTAL
                     EDM= unknown      STRATEGY= 1      NO ERROR MATRIX       
  EXT PARAMETER               CURRENT GUESS       STEP         FIRST   
  NO.   NAME      VALUE            ERROR          SIZE      DERIVATIVE 
   1  N0           3.08918e+06   1.20378e+03  -4.09933e+00   2.06050e-06
   2  tau          6.43743e+01   constant   
   3  A0           3.27821e-01   2.73320e-03  -1.58364e-06  -6.50574e-01
   4  phi          4.14498e+00   5.00094e-03   7.11562e-06  -3.56845e-01
   5  R           -6.00908e+01   constant   
   6  alpha_CBO    0.00000e+00   1.00000e-03   1.00000e-03  -3.06213e+02
   7  w_CBO        2.32500e+00   constant   
   8  beta_CBO     0.00000e+00     fixed    
   9  alpha_2CBO   0.00000e+00     fixed    
  10  beta_2CBO    0.00000e+00   1.00000e-03   1.00000e-03   1.55609e+03
  11  alpha_y      0.00000e+00     fixed    
  12  w_y          1.44500e+01   constant   
  13  beta_y       0.00000e+00   1.00000e-03   1.00000e-03  -2.31390e+04
  14  alpha_vw     0.00000e+00     fixed    
  15  w_vw         1.29000e+01   constant   
  16  beta_vw      0.00000e+00     fixed    
  17  LM          -9.88464e-04   constant   
  18  zeta_y       0.00000e+00   constant   
  19  zeta_vw      0.00000e+00   constant   
  20  T_CBO        1.16734e+02   3.00339e+00  -2.83224e-06   3.38835e-03
  21  alpha_A0    -1.29970e-01   2.10100e-02  -2.19539e-05  -1.94843e+00
  22  beta_A0     -1.58268e-01   2.23709e-02  -1.65169e-05   1.82422e+00
  23  alpha_phi   -1.46251e-01   2.11853e-02  -2.96581e-05   3.23696e-01
  24  beta_phi     1.19742e-01   1.30315e-02   1.06088e-05   6.52295e-01
 CALL LIMIT EXCEEDED IN MIGRAD.
 MIGRAD TERMINATED WITHOUT CONVERGENCE.
 FCN=41.591 FROM MIGRAD    STATUS=CALL LIMIT   1907 CALLS        2786 TOTAL
                     EDM=0.000875135    STRATEGY= 1  ERROR MATRIX UNCERTAINTY  25.1 per cent
  EXT PARAMETER                APPROXIMATE        STEP         FIRST   
  NO.   NAME      VALUE            ERROR          SIZE      DERIVATIVE 
   1  N0           3.10087e+06   3.48327e+03  -1.41052e+01  -5.67197e-05
   2  tau          6.43743e+01   constant   
   3  A0           3.50376e-01   4.11234e-03  -8.54579e-06  -2.41902e+01
   4  phi          4.09672e+00   8.33509e-03   2.89253e-05  -3.05542e+01
   5  R           -6.00908e+01   constant   
   6  alpha_CBO    1.01742e-02   2.30553e-03  -8.08214e-06   2.28893e+01
   7  w_CBO        2.32500e+00   constant   
   8  beta_CBO     0.00000e+00     fixed    
   9  alpha_2CBO   0.00000e+00     fixed    
  10  beta_2CBO   -3.95539e-04   9.19597e-04  -5.32934e-07  -6.51546e+01
  11  alpha_y      0.00000e+00     fixed    
  12  w_y          1.44500e+01   constant   
  13  beta_y       5.36729e-04   2.17058e-04   2.23841e-07  -6.25593e+00
  14  alpha_vw     0.00000e+00     fixed    
  15  w_vw         1.29000e+01   constant   
  16  beta_vw      0.00000e+00     fixed    
  17  LM          -9.88464e-04   constant   
  18  zeta_y       0.00000e+00   constant   
  19  zeta_vw      0.00000e+00   constant   
  20  T_CBO        3.92171e+01   1.69361e+01   7.70411e-05  -1.74175e+00
  21  alpha_A0    -1.12845e-01   2.17064e-02   2.92683e-05  -1.03081e+00
  22  beta_A0     -3.91293e-02   6.32228e-02   2.41481e-05   3.96659e-01
  23  alpha_phi   -1.46661e-01   2.83451e-02  -1.82989e-05   3.35940e+00
  24  beta_phi     5.19089e-02   2.78061e-02   6.29415e-05   3.89268e+00
 EXTERNAL ERROR MATRIX.    NDIM=  25    NPAR= 11    ERR DEF=1
  1.213e+07 
  1.154e+01  1.691e-05 
 -2.781e+01 -3.064e-05  6.947e-05 
  2.701e+00  4.273e-06 -1.043e-05  5.315e-06 
  1.912e+00  9.452e-07 -3.057e-06 -9.225e-07  8.457e-07 
 -6.255e-02  2.423e-08  1.558e-07 -8.651e-08 -1.653e-09  4.711e-08 
 -4.951e+04 -6.430e-02  1.171e-01 -3.814e-03 -8.408e-03 -2.811e-04  2.876e+02 
 -5.152e+00 -3.417e-05  5.666e-05 -4.493e-05  1.423e-05  2.990e-07  4.827e-03  4.712e-04 
  1.607e+02  2.565e-04 -4.375e-04  6.089e-05  9.620e-06  8.646e-07 -9.717e-01 -5.611e-04  3.997e-03 
 -4.815e+01 -9.676e-05  1.639e-04 -5.021e-05  7.742e-06  2.048e-08  2.746e-01  4.990e-04 -1.536e-03  8.034e-04 
 -5.754e+01 -9.773e-05  1.811e-04 -5.150e-05  5.520e-06  1.592e-07  2.844e-01  4.803e-04 -1.503e-03  7.693e-04  7.732e-04 
ERR MATRIX APPROXIMATE
 PARAMETER  CORRELATION COEFFICIENTS  
       NO.  GLOBAL      1      3      4      6     10     13     20     21     22     23     24
        1  0.99504   1.000  0.806 -0.958  0.336  0.597 -0.083 -0.838 -0.068  0.730 -0.488 -0.594
        3  0.99917   0.806  1.000 -0.894  0.451  0.250  0.027 -0.922 -0.383  0.987 -0.830 -0.855
        4  0.99804  -0.958 -0.894  1.000 -0.543 -0.399  0.086  0.828  0.313 -0.830  0.694  0.781
        6  0.99769   0.336  0.451 -0.543  1.000 -0.435 -0.173 -0.098 -0.898  0.418 -0.768 -0.803
       10  0.98268   0.597  0.250 -0.399 -0.435  1.000 -0.008 -0.539  0.713  0.165  0.297  0.216
       13  0.33382  -0.083  0.027  0.086 -0.173 -0.008  1.000 -0.076  0.063  0.063  0.003  0.026
       20  0.99921  -0.838 -0.922  0.828 -0.098 -0.539 -0.076  1.000  0.013 -0.906  0.571  0.603
       21  0.99646  -0.068 -0.383  0.313 -0.898  0.713  0.063  0.013  1.000 -0.409  0.811  0.796
       22  0.99887   0.730  0.987 -0.830  0.418  0.165  0.063 -0.906 -0.409  1.000 -0.857 -0.855
       23  0.99802  -0.488 -0.830  0.694 -0.768  0.297  0.003  0.571  0.811 -0.857  1.000  0.976
       24  0.99804  -0.594 -0.855  0.781 -0.803  0.216  0.026  0.603  0.796 -0.855  0.976  1.000
 ERR MATRIX APPROXIMATE
MINUIT - FIT ONLY 2-CBO
 **********
 **   25 **RES 
 **********
                   PARAMETER   16  beta_vw RESTORED TO VARIABLE.
                   PARAMETER   14  alpha_vw RESTORED TO VARIABLE.
                   PARAMETER   11  alpha_y RESTORED TO VARIABLE.
                   PARAMETER    9  alpha_2CBO RESTORED TO VARIABLE.
                   PARAMETER    8  beta_CBO RESTORED TO VARIABLE.
 **********
 **   26 **FIX            0
 **********
 PARAMETER    0  IS UNDEFINED. IGNORED.
 **********
 **   27 **FIX            1
 **********
 **********
 **   28 **FIX            2
 **********
 PARAMETER    2  IS CONSTANT.   IGNORED.
 **********
 **   29 **FIX            3
 **********
 **********
 **   30 **FIX            4
 **********
 **********
 **   31 **FIX            5
 **********
 PARAMETER    5  IS CONSTANT.   IGNORED.
 **********
 **   32 **FIX            6
 **********
 **********
 **   33 **FIX            7
 **********
 PARAMETER    7  IS CONSTANT.   IGNORED.
 **********
 **   34 **FIX           10
 **********
 **********
 **   35 **FIX           11
 **********
 **********
 **   36 **FIX           12
 **********
 PARAMETER   12  IS CONSTANT.   IGNORED.
 **********
 **   37 **FIX           13
 **********
 **********
 **   38 **FIX           14
 **********
 **********
 **   39 **FIX           15
 **********
 PARAMETER   15  IS CONSTANT.   IGNORED.
 **********
 **   40 **FIX           16
 **********
 **********
 **   41 **MIGRAD
 **********
 START MIGRAD MINIMIZATION.  STRATEGY  1.  CONVERGENCE WHEN EDM .LT. 1.00e-04
 FCN=41.591 FROM MIGRAD    STATUS=INITIATE       18 CALLS        2804 TOTAL
                     EDM= unknown      STRATEGY= 1      NO ERROR MATRIX       
  EXT PARAMETER               CURRENT GUESS       STEP         FIRST   
  NO.   NAME      VALUE            ERROR          SIZE      DERIVATIVE 
   1  N0           3.10087e+06     fixed    
   2  tau          6.43743e+01   constant   
   3  A0           3.50376e-01     fixed    
   4  phi          4.09672e+00     fixed    
   5  R           -6.00908e+01   constant   
   6  alpha_CBO    1.01742e-02     fixed    
   7  w_CBO        2.32500e+00   constant   
   8  beta_CBO     0.00000e+00   1.00000e-03   1.00000e-03   1.02650e+02
   9  alpha_2CBO   0.00000e+00   1.00000e-03   1.00000e-03  -3.34990e+02
  10  beta_2CBO   -3.95539e-04     fixed    
  11  alpha_y      0.00000e+00     fixed    
  12  w_y          1.44500e+01   constant   
  13  beta_y       5.36729e-04     fixed    
  14  alpha_vw     0.00000e+00     fixed    
  15  w_vw         1.29000e+01   constant   
  16  beta_vw      0.00000e+00     fixed    
  17  LM          -9.88464e-04   constant   
  18  zeta_y       0.00000e+00   constant   
  19  zeta_vw      0.00000e+00   constant   
  20  T_CBO        3.92171e+01   1.69361e+01   7.70411e-05  -1.74175e+00
  21  alpha_A0    -1.12845e-01   2.17064e-02   2.92683e-05  -1.03081e+00
  22  beta_A0     -3.91293e-02   6.32228e-02   2.41481e-05   3.96659e-01
  23  alpha_phi   -1.46661e-01   2.83451e-02  -1.82989e-05   3.35940e+00
  24  beta_phi     5.19089e-02   2.78061e-02   6.29415e-05   3.89268e+00
 MIGRAD MINIMIZATION HAS CONVERGED.
 MIGRAD WILL VERIFY CONVERGENCE AND ERROR MATRIX.
 COVARIANCE MATRIX CALCULATED SUCCESSFULLY
 FCN=41.5841 FROM MIGRAD    STATUS=CONVERGED     149 CALLS        2935 TOTAL
                     EDM=1.26944e-05    STRATEGY= 1      ERROR MATRIX ACCURATE 
  EXT PARAMETER                                   STEP         FIRST   
  NO.   NAME      VALUE            ERROR          SIZE      DERIVATIVE 
   1  N0           3.10087e+06     fixed    
   2  tau          6.43743e+01   constant   
   3  A0           3.50376e-01     fixed    
   4  phi          4.09672e+00     fixed    
   5  R           -6.00908e+01   constant   
   6  alpha_CBO    1.01742e-02     fixed    
   7  w_CBO        2.32500e+00   constant   
   8  beta_CBO     3.08691e-05   6.47831e-04   6.93723e-07   1.64601e+00
   9  alpha_2CBO   4.54880e-05   5.87112e-04   6.81515e-07  -4.60442e+00
  10  beta_2CBO   -3.95539e-04     fixed    
  11  alpha_y      0.00000e+00     fixed    
  12  w_y          1.44500e+01   constant   
  13  beta_y       5.36729e-04     fixed    
  14  alpha_vw     0.00000e+00     fixed    
  15  w_vw         1.29000e+01   constant   
  16  beta_vw      0.00000e+00     fixed    
  17  LM          -9.88464e-04   constant   
  18  zeta_y       0.00000e+00   constant   
  19  zeta_vw      0.00000e+00   constant   
  20  T_CBO        3.91869e+01   7.35667e+01   1.43105e-05   1.26355e-01
  21  alpha_A0    -1.13509e-01   4.31968e-01   2.03060e-05  -9.48232e-02
  22  beta_A0     -4.04142e-02   1.47191e-01   2.25595e-05   1.61744e-01
  23  alpha_phi   -1.46095e-01   5.57272e-01   2.06713e-05  -1.96705e-01
  24  beta_phi     5.08471e-02   1.99905e-01   1.93775e-05  -4.12650e-01
 EXTERNAL ERROR MATRIX.    NDIM=  25    NPAR=  7    ERR DEF=1
  4.197e-07  2.964e-07  1.873e-02  1.036e-04  2.468e-05  1.439e-04 -5.721e-05 
  2.964e-07  3.447e-07  1.165e-02  6.310e-05  1.298e-05  9.218e-05 -3.871e-05 
  1.873e-02  1.165e-02  5.693e+03  3.259e+01  1.099e+01  4.204e+01 -1.504e+01 
  1.036e-04  6.310e-05  3.259e+01  1.866e-01  6.306e-02  2.405e-01 -8.597e-02 
  2.468e-05  1.298e-05  1.099e+01  6.306e-02  2.167e-02  8.099e-02 -2.876e-02 
  1.439e-04  9.218e-05  4.204e+01  2.405e-01  8.099e-02  3.106e-01 -1.112e-01 
 -5.721e-05 -3.871e-05 -1.504e+01 -8.597e-02 -2.876e-02 -1.112e-01  3.996e-02 
 PARAMETER  CORRELATION COEFFICIENTS  
       NO.  GLOBAL      8      9     20     21     22     23     24
        8  0.94184   1.000  0.779  0.383  0.370  0.259  0.399 -0.442
        9  0.93128   0.779  1.000  0.263  0.249  0.150  0.282 -0.330
       20  0.99993   0.383  0.263  1.000  1.000  0.990  1.000 -0.997
       21  0.99989   0.370  0.249  1.000  1.000  0.992  0.999 -0.996
       22  0.99884   0.259  0.150  0.990  0.992  1.000  0.987 -0.978
       23  0.99993   0.399  0.282  1.000  0.999  0.987  1.000 -0.998
       24  0.99954  -0.442 -0.330 -0.997 -0.996 -0.978 -0.998  1.000
MINUIT - FIT wiggle + 1-CBO + 2-CBO
 **********
 **   42 **RES 
 **********
                   PARAMETER   16  beta_vw RESTORED TO VARIABLE.
                   PARAMETER   14  alpha_vw RESTORED TO VARIABLE.
                   PARAMETER   13  beta_y RESTORED TO VARIABLE.
                   PARAMETER   11  alpha_y RESTORED TO VARIABLE.
                   PARAMETER   10  beta_2CBO RESTORED TO VARIABLE.
                   PARAMETER    6  alpha_CBO RESTORED TO VARIABLE.
                   PARAMETER    4  phi RESTORED TO VARIABLE.
                   PARAMETER    3  A0 RESTORED TO VARIABLE.
                   PARAMETER    1  N0 RESTORED TO VARIABLE.
 **********
 **   43 **FIX           10
 **********
 **********
 **   44 **FIX           11
 **********
 **********
 **   45 **FIX           12
 **********
 PARAMETER   12  IS CONSTANT.   IGNORED.
 **********
 **   46 **FIX           13
 **********
 **********
 **   47 **FIX           14
 **********
 **********
 **   48 **FIX           15
 **********
 PARAMETER   15  IS CONSTANT.   IGNORED.
 **********
 **   49 **FIX           16
 **********
 **********
 **   50 **MIGRAD
 **********
 START MIGRAD MINIMIZATION.  STRATEGY  1.  CONVERGENCE WHEN EDM .LT. 1.00e-04
 FCN=41.5841 FROM MIGRAD    STATUS=INITIATE       22 CALLS        2957 TOTAL
                     EDM= unknown      STRATEGY= 1      NO ERROR MATRIX       
  EXT PARAMETER               CURRENT GUESS       STEP         FIRST   
  NO.   NAME      VALUE            ERROR          SIZE      DERIVATIVE 
   1  N0           3.10087e+06   3.48327e+03   3.48327e+03   1.56581e-08
   2  tau          6.43743e+01   constant   
   3  A0           3.50376e-01   4.11234e-03   4.11234e-03   2.60620e+01
   4  phi          4.09672e+00   8.33509e-03   8.33509e-03  -6.15275e-01
   5  R           -6.00908e+01   constant   
   6  alpha_CBO    1.01742e-02   2.30553e-03   2.30553e-03  -1.01236e+02
   7  w_CBO        2.32500e+00   constant   
   8  beta_CBO     3.08691e-05   6.47831e-04   6.93723e-07   1.64600e+00
   9  alpha_2CBO   4.54880e-05   5.87112e-04   6.81515e-07  -4.60443e+00
  10  beta_2CBO   -3.95539e-04     fixed    
  11  alpha_y      0.00000e+00     fixed    
  12  w_y          1.44500e+01   constant   
  13  beta_y       5.36729e-04     fixed    
  14  alpha_vw     0.00000e+00     fixed    
  15  w_vw         1.29000e+01   constant   
  16  beta_vw      0.00000e+00     fixed    
  17  LM          -9.88464e-04   constant   
  18  zeta_y       0.00000e+00   constant   
  19  zeta_vw      0.00000e+00   constant   
  20  T_CBO        3.91869e+01   7.35667e+01   1.43105e-05   1.26385e-01
  21  alpha_A0    -1.13509e-01   4.31968e-01   2.03060e-05  -9.48232e-02
  22  beta_A0     -4.04142e-02   1.47191e-01   2.25595e-05   1.61745e-01
  23  alpha_phi   -1.46095e-01   5.57272e-01   2.06713e-05  -1.96704e-01
  24  beta_phi     5.08471e-02   1.99905e-01   1.93775e-05  -4.12650e-01
 MIGRAD MINIMIZATION HAS CONVERGED.
 MIGRAD WILL VERIFY CONVERGENCE AND ERROR MATRIX.
 FCN=41.553 FROM HESSE     STATUS=NOT POSDEF    100 CALLS        3303 TOTAL
                     EDM=0.000564131    STRATEGY= 1      ERR MATRIX NOT POS-DEF
  EXT PARAMETER                APPROXIMATE        STEP         FIRST   
  NO.   NAME      VALUE            ERROR          SIZE      DERIVATIVE 
   1  N0           3.10146e+06   5.59320e+03   1.47889e+00  -1.84044e-06
   2  tau          6.43743e+01   constant   
   3  A0           3.50240e-01   2.81366e-03   6.74193e-07   5.84050e+00
   4  phi          4.09582e+00   8.43125e-03   2.06019e-06   3.65613e+00
   5  R           -6.00908e+01   constant   
   6  alpha_CBO    1.07670e-02   2.05883e-03   6.42562e-07   8.35824e-01
   7  w_CBO        2.32500e+00   constant   
   8  beta_CBO     1.34281e-04   1.91900e-03   6.93375e-07  -2.68362e+00
   9  alpha_2CBO   2.42270e-04   8.25147e-04   6.81236e-07  -1.01014e+01
  10  beta_2CBO   -3.95539e-04     fixed    
  11  alpha_y      0.00000e+00     fixed    
  12  w_y          1.44500e+01   constant   
  13  beta_y       5.36729e-04     fixed    
  14  alpha_vw     0.00000e+00     fixed    
  15  w_vw         1.29000e+01   constant   
  16  beta_vw      0.00000e+00     fixed    
  17  LM          -9.88464e-04   constant   
  18  zeta_y       0.00000e+00   constant   
  19  zeta_vw      0.00000e+00   constant   
  20  T_CBO        4.03503e+01   1.02481e+01   1.37190e-05   1.96535e-01
  21  alpha_A0    -1.23261e-01   7.03351e-02   1.92559e-05  -2.21645e-01
  22  beta_A0     -4.88166e-02   6.64459e-02   2.14020e-05  -4.30439e-01
  23  alpha_phi   -1.46559e-01   6.92297e-02   1.95574e-05   1.97695e-01
  24  beta_phi     4.76203e-02   5.29828e-02   1.83255e-05  -3.39710e-02
 MIGRAD MINIMIZATION HAS CONVERGED.
 MIGRAD WILL VERIFY CONVERGENCE AND ERROR MATRIX.
 FCN=41.4937 FROM MIGRAD    STATUS=CONVERGED     936 CALLS        3871 TOTAL
                     EDM=1.24023e-05    STRATEGY= 1      ERR MATRIX NOT POS-DEF
  EXT PARAMETER                APPROXIMATE        STEP         FIRST   
  NO.   NAME      VALUE            ERROR          SIZE      DERIVATIVE 
   1  N0           3.11025e+06   5.77057e+03   1.48308e+00  -1.73201e-06
   2  tau          6.43743e+01   constant   
   3  A0           3.53661e-01   2.70773e-03   6.80194e-07   9.53664e+00
   4  phi          4.07858e+00   8.34672e-03   1.99827e-06  -2.82946e+00
   5  R           -6.00908e+01   constant   
   6  alpha_CBO    1.29169e-02   2.07226e-03   6.41843e-07  -1.06176e+01
   7  w_CBO        2.32500e+00   constant   
   8  beta_CBO    -2.28488e-03   1.95371e-03   6.93292e-07  -8.49751e-01
   9  alpha_2CBO  -4.44426e-05   7.86533e-04   6.80868e-07   1.13874e+01
  10  beta_2CBO   -3.95539e-04     fixed    
  11  alpha_y      0.00000e+00     fixed    
  12  w_y          1.44500e+01   constant   
  13  beta_y       5.36729e-04     fixed    
  14  alpha_vw     0.00000e+00     fixed    
  15  w_vw         1.29000e+01   constant   
  16  beta_vw      0.00000e+00     fixed    
  17  LM          -9.88464e-04   constant   
  18  zeta_y       0.00000e+00   constant   
  19  zeta_vw      0.00000e+00   constant   
  20  T_CBO        3.88691e+01   1.34985e+01   1.78166e-05   2.00282e-01
  21  alpha_A0    -3.67497e-02   7.37796e-02   2.01374e-05  -2.20546e-01
  22  beta_A0      9.34131e-02   9.39565e-02   2.21856e-05   7.00085e-02
  23  alpha_phi   -6.42024e-02   7.54766e-02   2.07905e-05  -1.23619e-01
  24  beta_phi    -1.15941e-02   5.84094e-02   1.96517e-05   3.33514e-01
 EXTERNAL ERROR MATRIX.    NDIM=  25    NPAR= 11    ERR DEF=1
  3.330e+07 
 -1.494e+00  7.332e-06 
 -9.735e+00  2.281e-06  6.967e-05 
  3.304e+00  2.058e-06 -7.299e-06  4.294e-06 
 -4.070e+00  3.047e-06  1.011e-05  1.084e-06  3.817e-06 
  3.036e-01  2.989e-07 -3.357e-07  1.048e-06  7.878e-07  6.186e-07 
  6.369e+03 -2.379e-04 -1.588e-03  2.117e-03 -5.386e-04  3.465e-04  1.825e+02 
 -1.435e+02  3.423e-05 -2.512e-04 -5.702e-05 -5.990e-05 -3.052e-05  2.656e-01  5.443e-03 
  2.083e+02  7.546e-05  3.788e-06 -3.149e-05 -3.605e-05 -2.751e-05 -8.536e-01  7.733e-05  8.828e-03 
  2.014e+02  8.868e-05  1.218e-04 -9.885e-06  1.161e-05 -4.602e-06  6.001e-01  1.249e-03  7.907e-04  5.697e-03 
  1.656e+02 -9.499e-05  2.133e-04 -4.392e-05 -2.960e-05 -1.245e-05  1.521e-01 -1.885e-03 -1.092e-05  8.012e-04  3.412e-03 
ERR MATRIX NOT POS-DEF
 PARAMETER  CORRELATION COEFFICIENTS  
       NO.  GLOBAL      1      3      4      6      8      9     20     21     22     23     24
        1  0.99682   1.000 -0.096 -0.202  0.276 -0.361  0.067  0.082 -0.337  0.384  0.462  0.491
        3  0.99689  -0.096  1.000  0.101  0.367  0.576  0.140 -0.007  0.171  0.297  0.434 -0.601
        4  0.99718  -0.202  0.101  1.000 -0.422  0.620 -0.051 -0.014 -0.408  0.005  0.193  0.438
        6  0.99527   0.276  0.367 -0.422  1.000  0.268  0.643  0.076 -0.373 -0.162 -0.063 -0.363
        8  0.99379  -0.361  0.576  0.620  0.268  1.000  0.513 -0.020 -0.416 -0.196  0.079 -0.259
        9  0.96244   0.067  0.140 -0.051  0.643  0.513  1.000  0.033 -0.526 -0.372 -0.078 -0.271
       20  0.99681   0.082 -0.007 -0.014  0.076 -0.020  0.033  1.000  0.266 -0.672  0.589  0.193
       21  0.99633  -0.337  0.171 -0.408 -0.373 -0.416 -0.526  0.266  1.000  0.011  0.224 -0.437
       22  0.99725   0.384  0.297  0.005 -0.162 -0.196 -0.372 -0.672  0.011  1.000  0.112 -0.002
       23  0.99626   0.462  0.434  0.193 -0.063  0.079 -0.078  0.589  0.224  0.112  1.000  0.182
       24  0.99441   0.491 -0.601  0.438 -0.363 -0.259 -0.271  0.193 -0.437 -0.002  0.182  1.000
 ERR MATRIX NOT POS-DEF
MINUIT - FIT ONLY 1-y
 **********
 **   51 **RES 
 **********
                   PARAMETER   16  beta_vw RESTORED TO VARIABLE.
                   PARAMETER   14  alpha_vw RESTORED TO VARIABLE.
                   PARAMETER   13  beta_y RESTORED TO VARIABLE.
                   PARAMETER   11  alpha_y RESTORED TO VARIABLE.
                   PARAMETER   10  beta_2CBO RESTORED TO VARIABLE.
 **********
 **   52 **FIX            0
 **********
 PARAMETER    0  IS UNDEFINED. IGNORED.
 **********
 **   53 **FIX            1
 **********
 **********
 **   54 **FIX            2
 **********
 PARAMETER    2  IS CONSTANT.   IGNORED.
 **********
 **   55 **FIX            3
 **********
 **********
 **   56 **FIX            4
 **********
 **********
 **   57 **FIX            5
 **********
 PARAMETER    5  IS CONSTANT.   IGNORED.
 **********
 **   58 **FIX            6
 **********
 **********
 **   59 **FIX            7
 **********
 PARAMETER    7  IS CONSTANT.   IGNORED.
 **********
 **   60 **FIX            8
 **********
 **********
 **   61 **FIX            9
 **********
 **********
 **   62 **FIX           13
 **********
 **********
 **   63 **FIX           14
 **********
 **********
 **   64 **FIX           15
 **********
 PARAMETER   15  IS CONSTANT.   IGNORED.
 **********
 **   65 **FIX           16
 **********
 **********
 **   66 **MIGRAD
 **********
 START MIGRAD MINIMIZATION.  STRATEGY  1.  CONVERGENCE WHEN EDM .LT. 1.00e-04
 FCN=41.4937 FROM MIGRAD    STATUS=INITIATE       16 CALLS        3887 TOTAL
                     EDM= unknown      STRATEGY= 1      NO ERROR MATRIX       
  EXT PARAMETER               CURRENT GUESS       STEP         FIRST   
  NO.   NAME      VALUE            ERROR          SIZE      DERIVATIVE 
   1  N0           3.11025e+06     fixed    
   2  tau          6.43743e+01   constant   
   3  A0           3.53661e-01     fixed    
   4  phi          4.07858e+00     fixed    
   5  R           -6.00908e+01   constant   
   6  alpha_CBO    1.29169e-02     fixed    
   7  w_CBO        2.32500e+00   constant   
   8  beta_CBO    -2.28488e-03     fixed    
   9  alpha_2CBO  -4.44426e-05     fixed    
  10  beta_2CBO   -3.95539e-04   9.19597e-04   9.19597e-04   5.56571e+02
  11  alpha_y      0.00000e+00   1.00000e-03   1.00000e-03  -4.81727e+04
  12  w_y          1.44500e+01   constant   
  13  beta_y       5.36729e-04     fixed    
  14  alpha_vw     0.00000e+00     fixed    
  15  w_vw         1.29000e+01   constant   
  16  beta_vw      0.00000e+00     fixed    
  17  LM          -9.88464e-04   constant   
  18  zeta_y       0.00000e+00   constant   
  19  zeta_vw      0.00000e+00   constant   
  20  T_CBO        3.88691e+01   1.34985e+01   1.78166e-05   2.00315e-01
  21  alpha_A0    -3.67497e-02   7.37796e-02   2.01374e-05  -2.20546e-01
  22  beta_A0      9.34131e-02   9.39565e-02   2.21856e-05   7.00133e-02
  23  alpha_phi   -6.42024e-02   7.54766e-02   2.07905e-05  -1.23619e-01
  24  beta_phi    -1.15941e-02   5.84094e-02   1.96517e-05   3.33514e-01
 MIGRAD MINIMIZATION HAS CONVERGED.
 MIGRAD WILL VERIFY CONVERGENCE AND ERROR MATRIX.
 FCN=14.5416 FROM HESSE     STATUS=NOT POSDEF     50 CALLS        4031 TOTAL
                     EDM=0.000211503    STRATEGY= 1      ERR MATRIX NOT POS-DEF
  EXT PARAMETER                APPROXIMATE        STEP         FIRST   
  NO.   NAME      VALUE            ERROR          SIZE      DERIVATIVE 
   1  N0           3.11025e+06     fixed    
   2  tau          6.43743e+01   constant   
   3  A0           3.53661e-01     fixed    
   4  phi          4.07858e+00     fixed    
   5  R           -6.00908e+01   constant   
   6  alpha_CBO    1.29169e-02     fixed    
   7  w_CBO        2.32500e+00   constant   
   8  beta_CBO    -2.28488e-03     fixed    
   9  alpha_2CBO  -4.44426e-05     fixed    
  10  beta_2CBO   -6.25745e-04   3.46784e-04   3.94444e-07  -2.14200e+00
  11  alpha_y      1.11630e-03   2.14727e-04   4.10588e-07   2.40101e-01
  12  w_y          1.44500e+01   constant   
  13  beta_y       5.36729e-04     fixed    
  14  alpha_vw     0.00000e+00     fixed    
  15  w_vw         1.29000e+01   constant   
  16  beta_vw      0.00000e+00     fixed    
  17  LM          -9.88464e-04   constant   
  18  zeta_y       0.00000e+00   constant   
  19  zeta_vw      0.00000e+00   constant   
  20  T_CBO        3.92436e+01   1.42224e+01   1.03850e-05   1.53732e-01
  21  alpha_A0    -3.84691e-02   2.83966e-02   1.19499e-05   4.54212e-02
  22  beta_A0      9.49368e-02   6.89418e-02   1.31575e-05  -1.44915e-01
  23  alpha_phi   -6.43149e-02   4.65447e-02   1.23400e-05   1.37495e-01
  24  beta_phi    -1.70543e-02   1.51246e-02   1.16674e-05   2.32660e-02
 CALL LIMIT EXCEEDED IN MIGRAD.
 MIGRAD TERMINATED WITHOUT CONVERGENCE.
 FCN=14.5111 FROM MIGRAD    STATUS=CALL LIMIT   1151 CALLS        5022 TOTAL
                     EDM=0.000162671    STRATEGY= 1      ERR MATRIX NOT POS-DEF
  EXT PARAMETER                APPROXIMATE        STEP         FIRST   
  NO.   NAME      VALUE            ERROR          SIZE      DERIVATIVE 
   1  N0           3.11025e+06     fixed    
   2  tau          6.43743e+01   constant   
   3  A0           3.53661e-01     fixed    
   4  phi          4.07858e+00     fixed    
   5  R           -6.00908e+01   constant   
   6  alpha_CBO    1.29169e-02     fixed    
   7  w_CBO        2.32500e+00   constant   
   8  beta_CBO    -2.28488e-03     fixed    
   9  alpha_2CBO  -4.44426e-05     fixed    
  10  beta_2CBO   -6.41585e-04   3.50702e-04   1.35901e-06  -6.41365e+01
  11  alpha_y      1.11700e-03   2.14727e-04  -1.58379e-07   3.47798e+00
  12  w_y          1.44500e+01   constant   
  13  beta_y       5.36729e-04     fixed    
  14  alpha_vw     0.00000e+00     fixed    
  15  w_vw         1.29000e+01   constant   
  16  beta_vw      0.00000e+00     fixed    
  17  LM          -9.88464e-04   constant   
  18  zeta_y       0.00000e+00   constant   
  19  zeta_vw      0.00000e+00   constant   
  20  T_CBO        2.52592e+01   1.51350e+01  -1.18770e-03  -5.86180e+00
  21  alpha_A0    -1.15042e-01   2.03013e-01  -2.45643e-03   1.57376e-01
  22  beta_A0      2.86613e-01   5.15408e-01   6.23918e-03  -1.06233e+00
  23  alpha_phi   -1.92612e-01   3.51015e-01  -4.25786e-03  -1.42707e-01
  24  beta_phi    -5.35389e-02   8.89551e-02  -1.05003e-03   4.48216e-01
 EXTERNAL ERROR MATRIX.    NDIM=  25    NPAR=  7    ERR DEF=1
  1.230e-07 -8.088e-09 -1.203e-03 -1.296e-05  3.700e-05 -2.534e-05 -3.664e-06 
 -8.088e-09  4.611e-08  1.483e-04  1.783e-06 -4.748e-06  3.292e-06  5.094e-07 
 -1.203e-03  1.483e-04  2.298e+02  3.069e+00 -7.808e+00  5.315e+00  1.329e+00 
 -1.296e-05  1.783e-06  3.069e+00  4.121e-02 -1.044e-01  7.116e-02  1.782e-02 
  3.700e-05 -4.748e-06 -7.808e+00 -1.044e-01  2.656e-01 -1.808e-01 -4.523e-02 
 -2.534e-05  3.292e-06  5.315e+00  7.116e-02 -1.808e-01  1.232e-01  3.072e-02 
 -3.664e-06  5.094e-07  1.329e+00  1.782e-02 -4.523e-02  3.072e-02  7.913e-03 
ERR MATRIX NOT POS-DEF
 PARAMETER  CORRELATION COEFFICIENTS  
       NO.  GLOBAL     10     11     20     21     22     23     24
       10  0.87218   1.000 -0.107 -0.226 -0.182  0.205 -0.206 -0.117
       11  0.13049  -0.107  1.000  0.046  0.041 -0.043  0.044  0.027
       20  0.99976  -0.226  0.046  1.000  0.997 -0.999  0.999  0.986
       21  0.99909  -0.182  0.041  0.997  1.000 -0.998  0.999  0.987
       22  0.99976   0.205 -0.043 -0.999 -0.998  1.000 -0.999 -0.987
       23  0.99975  -0.206  0.044  0.999  0.999 -0.999  1.000  0.984
       24  0.99497  -0.117  0.027  0.986  0.987 -0.987  0.984  1.000
 ERR MATRIX NOT POS-DEF
MINUIT - FIT ONLY 2-y
 **********
 **   67 **RES 
 **********
                   PARAMETER   16  beta_vw RESTORED TO VARIABLE.
                   PARAMETER   14  alpha_vw RESTORED TO VARIABLE.
                   PARAMETER   13  beta_y RESTORED TO VARIABLE.
                   PARAMETER    9  alpha_2CBO RESTORED TO VARIABLE.
                   PARAMETER    8  beta_CBO RESTORED TO VARIABLE.
                   PARAMETER    6  alpha_CBO RESTORED TO VARIABLE.
                   PARAMETER    4  phi RESTORED TO VARIABLE.
                   PARAMETER    3  A0 RESTORED TO VARIABLE.
                   PARAMETER    1  N0 RESTORED TO VARIABLE.
 **********
 **   68 **FIX            0
 **********
 PARAMETER    0  IS UNDEFINED. IGNORED.
 **********
 **   69 **FIX            1
 **********
 **********
 **   70 **FIX            2
 **********
 PARAMETER    2  IS CONSTANT.   IGNORED.
 **********
 **   71 **FIX            3
 **********
 **********
 **   72 **FIX            4
 **********
 **********
 **   73 **FIX            5
 **********
 PARAMETER    5  IS CONSTANT.   IGNORED.
 **********
 **   74 **FIX            6
 **********
 **********
 **   75 **FIX            7
 **********
 PARAMETER    7  IS CONSTANT.   IGNORED.
 **********
 **   76 **FIX            8
 **********
 **********
 **   77 **FIX            9
 **********
 **********
 **   78 **FIX           10
 **********
 **********
 **   79 **FIX           11
 **********
 **********
 **   80 **FIX           12
 **********
 PARAMETER   12  IS CONSTANT.   IGNORED.
 **********
 **   81 **FIX           16
 **********
 **********
 **   82 **MIGRAD
 **********
 START MIGRAD MINIMIZATION.  STRATEGY  1.  CONVERGENCE WHEN EDM .LT. 1.00e-04
 FCN=14.5111 FROM MIGRAD    STATUS=INITIATE       16 CALLS        5038 TOTAL
                     EDM= unknown      STRATEGY= 1      NO ERROR MATRIX       
  EXT PARAMETER               CURRENT GUESS       STEP         FIRST   
  NO.   NAME      VALUE            ERROR          SIZE      DERIVATIVE 
   1  N0           3.11025e+06     fixed    
   2  tau          6.43743e+01   constant   
   3  A0           3.53661e-01     fixed    
   4  phi          4.07858e+00     fixed    
   5  R           -6.00908e+01   constant   
   6  alpha_CBO    1.29169e-02     fixed    
   7  w_CBO        2.32500e+00   constant   
   8  beta_CBO    -2.28488e-03     fixed    
   9  alpha_2CBO  -4.44426e-05     fixed    
  10  beta_2CBO   -6.41585e-04     fixed    
  11  alpha_y      1.11700e-03     fixed    
  12  w_y          1.44500e+01   constant   
  13  beta_y       5.36729e-04   2.17058e-04   2.17058e-04   9.25121e+02
  14  alpha_vw     0.00000e+00   1.00000e-03   1.00000e-03  -8.55412e+03
  15  w_vw         1.29000e+01   constant   
  16  beta_vw      0.00000e+00     fixed    
