 + ++++++++++++++++++++++++++++++++++++++++++++++++++++++++++++++++++++ +
 +                                                                      +
 +           You have chose to blind your fitting according to          +
 +                omega_ref * (1 + (R +/- deltaR) *10^{-6})             +
 +                                                                      +
 + ++++++++++++++++++++++++++++++++++++++++++++++++++++++++++++++++++++ +
In main()...
reading format from /gm2data/zkhechad/run45/envelope/formats/formatB_sBin_constraintOn.txt
pBinTau 	= 0  
pBinPhi 	= 0  
constraintau 	= 1 
includeMopTerm 	= 0    
constrainMop    = 0   
Parameters after format file: pBinTau 0 pBinPhi 0 constraintau 1 includeMopTerm 0 constrainMop 0 c_e_scale 0.000000 
Opening file /gm2data/tbarrett/gm2fr/studies/run23_bunch_corrections/CorrectedFourier_Run3b.root.
reading full fit data from /gm2data/zkhechad/cboTemplates/Run4CBOTemplates/fullFits/noRF/sBin_constraintOn_cE0.0_seed0_noRF_calo3.root
windowBins = 69
fitting sliding window 2450 from bin 2586 at 385.682000 to bin 2655 at 396.126000 (69 bins)

Reading data from /gm2data/cornell/histograms/aMethod/histogram_a_noRF.root
 **********
 **    1 **SET PRINTOUT            1
 **********
 **********
 **    2 **SET NOWARNINGS 
 **********
 PARAMETER DEFINITIONS:
    NO.   NAME         VALUE      STEP SIZE      LIMITS
     1 N0           2.88710e+06  1.00000e+02     no limits
     2 tau          6.43977e+01  constant
     3 A0           3.56389e-01  1.00000e-04     no limits
     4 phi          4.11721e+00  1.00000e-02     no limits
     5 R           -6.10082e+01  constant
     6 alpha_CBO    0.00000e+00  1.00000e-03     no limits
     7 w_CBO        2.32500e+00  constant
     8 beta_CBO     0.00000e+00  1.00000e-03     no limits
     9 alpha_2CBO   0.00000e+00  1.00000e-03     no limits
    10 beta_2CBO    0.00000e+00  1.00000e-03     no limits
    11 alpha_y      0.00000e+00  1.00000e-03     no limits
    12 w_y          1.38860e+01  constant
    13 beta_y       0.00000e+00  1.00000e-03     no limits
    14 alpha_vw     0.00000e+00  1.00000e-03     no limits
    15 w_vw         1.43404e+01  constant
    16 beta_vw      0.00000e+00  1.00000e-03     no limits
    17 LM          -2.57919e-04  constant
    18 zeta_y       0.00000e+00  constant
    19 zeta_vw      0.00000e+00  constant
    20 T_CBO        1.00000e+02  1.00000e+00    0.00000e+00  1.00000e+03
    21 alpha_A0     0.00000e+00  1.00000e-03     no limits
    22 beta_A0      0.00000e+00  1.00000e-03     no limits
    23 alpha_phi    0.00000e+00  1.00000e-03     no limits
    24 beta_phi     0.00000e+00  1.00000e-03     no limits
MINUIT - FIT ONLY WIGGLE
 **********
 **    3 **FIX            5
 **********
 PARAMETER    5  IS CONSTANT.   IGNORED.
 **********
 **    4 **FIX            6
 **********
 **********
 **    5 **FIX            7
 **********
 PARAMETER    7  IS CONSTANT.   IGNORED.
 **********
 **    6 **FIX            8
 **********
 **********
 **    7 **FIX            9
 **********
 **********
 **    8 **FIX           10
 **********
 **********
 **    9 **FIX           11
 **********
 **********
 **   10 **FIX           12
 **********
 PARAMETER   12  IS CONSTANT.   IGNORED.
 **********
 **   11 **FIX           13
 **********
 **********
 **   12 **FIX           14
 **********
 **********
 **   13 **FIX           15
 **********
 PARAMETER   15  IS CONSTANT.   IGNORED.
 **********
 **   14 **FIX           16
 **********
 **********
 **   15 **MIGRAD
 **********
 FIRST CALL TO USER FUNCTION AT NEW START POINT, WITH IFLAG=4.
 START MIGRAD MINIMIZATION.  STRATEGY  1.  CONVERGENCE WHEN EDM .LT. 1.00e-04
 FCN=71.0361 FROM MIGRAD    STATUS=INITIATE      437 CALLS         438 TOTAL
                     EDM= unknown      STRATEGY= 1      NO ERROR MATRIX       
  EXT PARAMETER               CURRENT GUESS       STEP         FIRST   
  NO.   NAME      VALUE            ERROR          SIZE      DERIVATIVE 
   1  N0           2.88710e+06   1.00000e+02   0.00000e+00   1.60816e-03
   2  tau          6.43977e+01   constant   
   3  A0           3.56389e-01   1.00000e-04   0.00000e+00   1.30951e+03
   4  phi          4.11721e+00   1.00000e-02   0.00000e+00  -1.40050e+03
   5  R           -6.10082e+01   constant   
   6  alpha_CBO    0.00000e+00     fixed    
   7  w_CBO        2.32500e+00   constant   
   8  beta_CBO     0.00000e+00     fixed    
   9  alpha_2CBO   0.00000e+00     fixed    
  10  beta_2CBO    0.00000e+00     fixed    
  11  alpha_y      0.00000e+00     fixed    
  12  w_y          1.38860e+01   constant   
  13  beta_y       0.00000e+00     fixed    
  14  alpha_vw     0.00000e+00     fixed    
  15  w_vw         1.43404e+01   constant   
  16  beta_vw      0.00000e+00     fixed    
  17  LM          -2.57919e-04   constant   
  18  zeta_y       0.00000e+00   constant   
  19  zeta_vw      0.00000e+00   constant   
  20  T_CBO        1.00000e+02   1.00000e+00   0.00000e+00   0.00000e+00
  21  alpha_A0     0.00000e+00   1.00000e-03   0.00000e+00  -8.88952e+00
  22  beta_A0      0.00000e+00   1.00000e-03   0.00000e+00  -7.43091e+00
  23  alpha_phi    0.00000e+00   1.00000e-03   0.00000e+00  -8.57718e+00
  24  beta_phi     0.00000e+00   1.00000e-03   0.00000e+00  -5.41830e+00
 MIGRAD MINIMIZATION HAS CONVERGED.
 MIGRAD WILL VERIFY CONVERGENCE AND ERROR MATRIX.
 FCN=59.1012 FROM MIGRAD    STATUS=CONVERGED     591 CALLS         592 TOTAL
                     EDM=4.53761e-05    STRATEGY= 1      ERR MATRIX NOT POS-DEF
  EXT PARAMETER                APPROXIMATE        STEP         FIRST   
  NO.   NAME      VALUE            ERROR          SIZE      DERIVATIVE 
   1  N0           2.88298e+06   2.64775e+03   8.64442e+00  -1.08656e-06
   2  tau          6.43977e+01   constant   
   3  A0           3.55402e-01   1.20966e-03   4.45412e-06   1.05178e+00
   4  phi          4.12402e+00   3.47396e-03   1.29572e-05  -4.87368e-01
   5  R           -6.10082e+01   constant   
   6  alpha_CBO    0.00000e+00     fixed    
   7  w_CBO        2.32500e+00   constant   
   8  beta_CBO     0.00000e+00     fixed    
   9  alpha_2CBO   0.00000e+00     fixed    
  10  beta_2CBO    0.00000e+00     fixed    
  11  alpha_y      0.00000e+00     fixed    
  12  w_y          1.38860e+01   constant   
  13  beta_y       0.00000e+00     fixed    
  14  alpha_vw     0.00000e+00     fixed    
  15  w_vw         1.43404e+01   constant   
  16  beta_vw      0.00000e+00     fixed    
  17  LM          -2.57919e-04   constant   
  18  zeta_y       0.00000e+00   constant   
  19  zeta_vw      0.00000e+00   constant   
  20  T_CBO        1.02562e+02   2.17430e+02   1.95768e-04  -2.95200e-02
  21  alpha_A0     2.09342e-01   1.87739e+00   8.52357e-04  -1.39228e-02
  22  beta_A0      2.10959e-01   1.90574e+00   8.04964e-04   5.13506e-03
  23  alpha_phi    1.92872e-01   1.74614e+00   7.86993e-04   2.63020e-03
  24  beta_phi     1.41181e-01   1.30374e+00   8.23423e-04  -3.19995e-03
 EXTERNAL ERROR MATRIX.    NDIM=  25    NPAR=  8    ERR DEF=1
  7.011e+06 -3.370e-01  1.192e+00  1.296e+04  5.758e+01 -1.006e+02 -6.059e+01 -2.146e+02 
 -3.370e-01  1.463e-06  1.279e-07  6.119e-03 -8.679e-05 -7.499e-05 -8.443e-05 -1.393e-06 
  1.192e+00  1.279e-07  1.207e-05 -2.979e-02  2.398e-04  2.137e-04  1.531e-04  6.226e-05 
  1.296e+04  6.119e-03 -2.979e-02  5.876e+04 -4.515e+02 -4.591e+02 -4.202e+02 -3.113e+02 
  5.758e+01 -8.679e-05  2.398e-04 -4.515e+02  3.525e+00  3.532e+00  3.235e+00  2.387e+00 
 -1.006e+02 -7.499e-05  2.137e-04 -4.591e+02  3.532e+00  3.632e+00  3.283e+00  2.431e+00 
 -6.059e+01 -8.443e-05  1.531e-04 -4.202e+02  3.235e+00  3.283e+00  3.049e+00  2.224e+00 
 -2.146e+02 -1.393e-06  6.226e-05 -3.113e+02  2.387e+00  2.431e+00  2.224e+00  1.700e+00 
ERR MATRIX NOT POS-DEF
 PARAMETER  CORRELATION COEFFICIENTS  
       NO.  GLOBAL      1      3      4     20     21     22     23     24
        1  0.35646   1.000 -0.105  0.130  0.020  0.012 -0.020 -0.013 -0.062
        3  0.24948  -0.105  1.000  0.030  0.021 -0.038 -0.033 -0.040 -0.001
        4  0.19434   0.130  0.030  1.000 -0.035  0.037  0.032  0.025  0.014
       20  0.99793   0.020  0.021 -0.035  1.000 -0.992 -0.994 -0.993 -0.985
       21  0.99289   0.012 -0.038  0.037 -0.992  1.000  0.987  0.987  0.975
       22  0.99385  -0.020 -0.033  0.032 -0.994  0.987  1.000  0.986  0.978
       23  0.99300  -0.013 -0.040  0.025 -0.993  0.987  0.986  1.000  0.977
       24  0.98620  -0.062 -0.001  0.014 -0.985  0.975  0.978  0.977  1.000
 ERR MATRIX NOT POS-DEF
MINUIT - FIT ONLY 1-CBO + wiggle
 **********
 **   16 **RES 
 **********
                   PARAMETER   16  beta_vw RESTORED TO VARIABLE.
                   PARAMETER   14  alpha_vw RESTORED TO VARIABLE.
                   PARAMETER   13  beta_y RESTORED TO VARIABLE.
                   PARAMETER   11  alpha_y RESTORED TO VARIABLE.
                   PARAMETER   10  beta_2CBO RESTORED TO VARIABLE.
                   PARAMETER    9  alpha_2CBO RESTORED TO VARIABLE.
                   PARAMETER    8  beta_CBO RESTORED TO VARIABLE.
                   PARAMETER    6  alpha_CBO RESTORED TO VARIABLE.
 **********
 **   17 **FIX            8
 **********
 **********
 **   18 **FIX            9
 **********
 **********
 **   19 **FIX           11
 **********
 **********
 **   20 **FIX           12
 **********
 PARAMETER   12  IS CONSTANT.   IGNORED.
 **********
 **   21 **FIX           14
 **********
 **********
 **   22 **FIX           15
 **********
 PARAMETER   15  IS CONSTANT.   IGNORED.
 **********
 **   23 **FIX           16
 **********
 **********
 **   24 **MIGRAD
 **********
 START MIGRAD MINIMIZATION.  STRATEGY  1.  CONVERGENCE WHEN EDM .LT. 1.00e-04
 FCN=59.1012 FROM MIGRAD    STATUS=INITIATE       26 CALLS         618 TOTAL
                     EDM= unknown      STRATEGY= 1      NO ERROR MATRIX       
  EXT PARAMETER               CURRENT GUESS       STEP         FIRST   
  NO.   NAME      VALUE            ERROR          SIZE      DERIVATIVE 
   1  N0           2.88298e+06   2.64775e+03   8.64442e+00  -1.08656e-06
   2  tau          6.43977e+01   constant   
   3  A0           3.55402e-01   1.20966e-03   4.45412e-06   1.05178e+00
   4  phi          4.12402e+00   3.47396e-03   1.29572e-05  -4.87367e-01
   5  R           -6.10082e+01   constant   
   6  alpha_CBO    0.00000e+00   1.00000e-03   1.00000e-03   9.10251e+02
   7  w_CBO        2.32500e+00   constant   
   8  beta_CBO     0.00000e+00     fixed    
   9  alpha_2CBO   0.00000e+00     fixed    
  10  beta_2CBO    0.00000e+00   1.00000e-03   1.00000e-03   1.91038e+03
  11  alpha_y      0.00000e+00     fixed    
  12  w_y          1.38860e+01   constant   
  13  beta_y       0.00000e+00   1.00000e-03   1.00000e-03  -4.54757e+02
  14  alpha_vw     0.00000e+00     fixed    
  15  w_vw         1.43404e+01   constant   
  16  beta_vw      0.00000e+00     fixed    
  17  LM          -2.57919e-04   constant   
  18  zeta_y       0.00000e+00   constant   
  19  zeta_vw      0.00000e+00   constant   
  20  T_CBO        1.02562e+02   2.17430e+02   1.95768e-04  -2.94284e-02
  21  alpha_A0     2.09342e-01   1.87739e+00   8.52357e-04  -1.39229e-02
  22  beta_A0      2.10959e-01   1.90574e+00   8.04964e-04   5.13500e-03
  23  alpha_phi    1.92872e-01   1.74614e+00   7.86993e-04   2.63020e-03
  24  beta_phi     1.41181e-01   1.30374e+00   8.23423e-04  -3.19995e-03
 MIGRAD MINIMIZATION HAS CONVERGED.
 MIGRAD WILL VERIFY CONVERGENCE AND ERROR MATRIX.
 FCN=57.3423 FROM HESSE     STATUS=NOT POSDEF    100 CALLS         814 TOTAL
                     EDM=7.2507e-05    STRATEGY= 1      ERR MATRIX NOT POS-DEF
  EXT PARAMETER                APPROXIMATE        STEP         FIRST   
  NO.   NAME      VALUE            ERROR          SIZE      DERIVATIVE 
   1  N0           2.88289e+06   2.65105e+03   8.51674e+00  -3.23137e-08
   2  tau          6.43977e+01   constant   
   3  A0           3.55328e-01   1.21138e-03   4.38872e-06  -9.05718e-02
   4  phi          4.12370e+00   3.56600e-03   1.27670e-05   3.84774e-01
   5  R           -6.10082e+01   constant   
   6  alpha_CBO   -6.09111e-04   1.25812e-03   4.54333e-06   5.70734e-01
   7  w_CBO        2.32500e+00   constant   
   8  beta_CBO     0.00000e+00     fixed    
   9  alpha_2CBO   0.00000e+00     fixed    
  10  beta_2CBO   -1.47121e-03   1.26184e-03   4.58095e-06  -1.04263e-01
  11  alpha_y      0.00000e+00     fixed    
  12  w_y          1.38860e+01   constant   
  13  beta_y       3.36932e-04   1.22457e-03   4.58397e-06   2.45849e-01
  14  alpha_vw     0.00000e+00     fixed    
  15  w_vw         1.43404e+01   constant   
  16  beta_vw      0.00000e+00     fixed    
  17  LM          -2.57919e-04   constant   
  18  zeta_y       0.00000e+00   constant   
  19  zeta_vw      0.00000e+00   constant   
  20  T_CBO        1.02581e+02   2.14771e+02   1.89134e-04  -1.98509e-02
  21  alpha_A0     2.03626e-01   1.80026e+00   8.35815e-04   2.71339e-03
  22  beta_A0      1.72314e-01   1.53590e+00   7.89140e-04  -7.49249e-03
  23  alpha_phi    2.40403e-01   2.13421e+00   7.71863e-04  -7.73199e-04
  24  beta_phi     1.37994e-01   1.25835e+00   8.07618e-04   7.53182e-03
 CALL LIMIT EXCEEDED IN MIGRAD.
 MIGRAD TERMINATED WITHOUT CONVERGENCE.
 FCN=57.3375 FROM MIGRAD    STATUS=CALL LIMIT   1913 CALLS        2505 TOTAL
                     EDM=8.19515e-05    STRATEGY= 1      ERR MATRIX NOT POS-DEF
  EXT PARAMETER                APPROXIMATE        STEP         FIRST   
  NO.   NAME      VALUE            ERROR          SIZE      DERIVATIVE 
   1  N0           2.88290e+06   2.50607e+03   2.22556e+00   8.39009e-07
   2  tau          6.43977e+01   constant   
   3  A0           3.55339e-01   1.19275e-03  -1.19902e-07  -1.25865e+00
   4  phi          4.12367e+00   3.57191e-03  -7.04111e-06  -1.48111e+00
   5  R           -6.10082e+01   constant   
   6  alpha_CBO   -6.05612e-04   1.25556e-03  -1.30364e-06  -4.38454e-01
   7  w_CBO        2.32500e+00   constant   
   8  beta_CBO     0.00000e+00     fixed    
   9  alpha_2CBO   0.00000e+00     fixed    
  10  beta_2CBO   -1.47329e-03   1.24724e-03   1.20714e-06   2.10401e+00
  11  alpha_y      0.00000e+00     fixed    
  12  w_y          1.38860e+01   constant   
  13  beta_y       3.34951e-04   1.22378e-03  -4.97862e-07  -7.38258e-01
  14  alpha_vw     0.00000e+00     fixed    
  15  w_vw         1.43404e+01   constant   
  16  beta_vw      0.00000e+00     fixed    
  17  LM          -2.57919e-04   constant   
  18  zeta_y       0.00000e+00   constant   
  19  zeta_vw      0.00000e+00   constant   
  20  T_CBO        2.50391e+02   5.65645e+02   1.62488e-02  -6.60330e-02
  21  alpha_A0     2.18024e-02   1.55575e-01  -1.05895e-03  -1.20847e-01
  22  beta_A0      1.81359e-02   1.29267e-01  -8.69606e-04  -4.85801e-01
  23  alpha_phi    2.52777e-02   1.83621e-01  -1.17729e-03  -3.16644e-01
  24  beta_phi     1.41595e-02   1.00576e-01  -7.45759e-04  -1.84400e-01
 EXTERNAL ERROR MATRIX.    NDIM=  25    NPAR= 11    ERR DEF=1
  6.280e+06 
 -1.908e-01  1.423e-06 
  8.140e-01  2.339e-07  1.276e-05 
 -1.253e-01  5.488e-08  1.036e-06  1.576e-06 
  1.685e-01  4.557e-08 -3.074e-07 -1.596e-07  1.556e-06 
  5.813e-02  3.012e-09 -3.925e-08 -3.014e-08  8.644e-09  1.498e-06 
  1.106e+05  4.801e-02 -5.337e-01 -4.382e-02  1.027e-01 -3.704e-02  1.063e+06 
  5.064e+00 -1.258e-05  8.189e-05  8.672e-06 -1.666e-05  5.350e-06 -1.574e+02  2.420e-02 
 -9.773e+00 -7.458e-06  4.136e-05  1.484e-06 -2.263e-06  3.630e-06 -1.312e+02  1.923e-02  1.671e-02 
 -9.153e+00 -1.433e-05  8.014e-05  4.320e-06 -2.320e-05  5.385e-06 -1.866e+02  2.789e-02  2.261e-02  3.372e-02 
 -2.954e+01  5.266e-07  3.314e-05  3.560e-06 -6.387e-06  3.179e-06 -9.858e+01  1.414e-02  1.229e-02  1.680e-02  1.012e-02 
ERR MATRIX NOT POS-DEF
 PARAMETER  CORRELATION COEFFICIENTS  
       NO.  GLOBAL      1      3      4      6     10     13     20     21     22     23     24
        1  0.42609   1.000 -0.064  0.091 -0.040  0.054  0.019  0.043  0.013 -0.030 -0.020 -0.117
        3  0.30437  -0.064  1.000  0.055  0.037  0.031  0.002  0.039 -0.068 -0.048 -0.065  0.004
        4  0.65091   0.091  0.055  1.000  0.231 -0.069 -0.009 -0.145  0.147  0.090  0.122  0.092
        6  0.29207  -0.040  0.037  0.231  1.000 -0.102 -0.020 -0.034  0.044  0.009  0.019  0.028
       10  0.43968   0.054  0.031 -0.069 -0.102  1.000  0.006  0.080 -0.086 -0.014 -0.101 -0.051
       13  0.13720   0.019  0.002 -0.009 -0.020  0.006  1.000 -0.029  0.028  0.023  0.024  0.026
       20  0.99919   0.043  0.039 -0.145 -0.034  0.080 -0.029  1.000 -0.981 -0.984 -0.985 -0.951
       21  0.98835   0.013 -0.068  0.147  0.044 -0.086  0.028 -0.981  1.000  0.956  0.976  0.904
       22  0.99489  -0.030 -0.048  0.090  0.009 -0.014  0.023 -0.984  0.956  1.000  0.953  0.945
       23  0.99548  -0.020 -0.065  0.122  0.019 -0.101  0.024 -0.985  0.976  0.953  1.000  0.909
       24  0.97728  -0.117  0.004  0.092  0.028 -0.051  0.026 -0.951  0.904  0.945  0.909  1.000
 ERR MATRIX NOT POS-DEF
MINUIT - FIT ONLY 2-CBO
 **********
 **   25 **RES 
 **********
                   PARAMETER   16  beta_vw RESTORED TO VARIABLE.
                   PARAMETER   14  alpha_vw RESTORED TO VARIABLE.
                   PARAMETER   11  alpha_y RESTORED TO VARIABLE.
                   PARAMETER    9  alpha_2CBO RESTORED TO VARIABLE.
                   PARAMETER    8  beta_CBO RESTORED TO VARIABLE.
 **********
 **   26 **FIX            0
 **********
 PARAMETER    0  IS UNDEFINED. IGNORED.
 **********
 **   27 **FIX            1
 **********
 **********
 **   28 **FIX            2
 **********
 PARAMETER    2  IS CONSTANT.   IGNORED.
 **********
 **   29 **FIX            3
 **********
 **********
 **   30 **FIX            4
 **********
 **********
 **   31 **FIX            5
 **********
 PARAMETER    5  IS CONSTANT.   IGNORED.
 **********
 **   32 **FIX            6
 **********
 **********
 **   33 **FIX            7
 **********
 PARAMETER    7  IS CONSTANT.   IGNORED.
 **********
 **   34 **FIX           10
 **********
 **********
 **   35 **FIX           11
 **********
 **********
 **   36 **FIX           12
 **********
 PARAMETER   12  IS CONSTANT.   IGNORED.
 **********
 **   37 **FIX           13
 **********
 **********
 **   38 **FIX           14
 **********
 **********
 **   39 **FIX           15
 **********
 PARAMETER   15  IS CONSTANT.   IGNORED.
 **********
 **   40 **FIX           16
 **********
 **********
 **   41 **MIGRAD
 **********
 START MIGRAD MINIMIZATION.  STRATEGY  1.  CONVERGENCE WHEN EDM .LT. 1.00e-04
 FCN=57.3375 FROM MIGRAD    STATUS=INITIATE       18 CALLS        2523 TOTAL
                     EDM= unknown      STRATEGY= 1      NO ERROR MATRIX       
  EXT PARAMETER               CURRENT GUESS       STEP         FIRST   
  NO.   NAME      VALUE            ERROR          SIZE      DERIVATIVE 
   1  N0           2.88290e+06     fixed    
   2  tau          6.43977e+01   constant   
   3  A0           3.55339e-01     fixed    
   4  phi          4.12367e+00     fixed    
   5  R           -6.10082e+01   constant   
   6  alpha_CBO   -6.05612e-04     fixed    
   7  w_CBO        2.32500e+00   constant   
   8  beta_CBO     0.00000e+00   1.00000e-03   1.00000e-03   1.71356e+03
   9  alpha_2CBO   0.00000e+00   1.00000e-03   1.00000e-03   2.38440e+03
  10  beta_2CBO   -1.47329e-03     fixed    
  11  alpha_y      0.00000e+00     fixed    
  12  w_y          1.38860e+01   constant   
  13  beta_y       3.34951e-04     fixed    
  14  alpha_vw     0.00000e+00     fixed    
  15  w_vw         1.43404e+01   constant   
  16  beta_vw      0.00000e+00     fixed    
  17  LM          -2.57919e-04   constant   
  18  zeta_y       0.00000e+00   constant   
  19  zeta_vw      0.00000e+00   constant   
  20  T_CBO        2.50391e+02   5.65645e+02   1.62488e-02  -6.60333e-02
  21  alpha_A0     2.18024e-02   1.55575e-01  -1.05895e-03  -1.20848e-01
  22  beta_A0      1.81359e-02   1.29267e-01  -8.69606e-04  -4.85801e-01
  23  alpha_phi    2.52777e-02   1.83621e-01  -1.17729e-03  -3.16644e-01
  24  beta_phi     1.41595e-02   1.00576e-01  -7.45759e-04  -1.84400e-01
 MIGRAD MINIMIZATION HAS CONVERGED.
 MIGRAD WILL VERIFY CONVERGENCE AND ERROR MATRIX.
 FCN=53.9468 FROM MIGRAD    STATUS=CONVERGED     130 CALLS        2635 TOTAL
                     EDM=3.07361e-05    STRATEGY= 1      ERR MATRIX NOT POS-DEF
  EXT PARAMETER                APPROXIMATE        STEP         FIRST   
  NO.   NAME      VALUE            ERROR          SIZE      DERIVATIVE 
   1  N0           2.88290e+06     fixed    
   2  tau          6.43977e+01   constant   
   3  A0           3.55339e-01     fixed    
   4  phi          4.12367e+00     fixed    
   5  R           -6.10082e+01   constant   
   6  alpha_CBO   -6.05612e-04     fixed    
   7  w_CBO        2.32500e+00   constant   
   8  beta_CBO    -1.36030e-03   1.22688e-03   4.41494e-06   6.42226e-01
   9  alpha_2CBO  -1.86832e-03   1.23130e-03   4.37902e-06  -7.76241e-01
  10  beta_2CBO   -1.47329e-03     fixed    
  11  alpha_y      0.00000e+00     fixed    
  12  w_y          1.38860e+01   constant   
  13  beta_y       3.34951e-04     fixed    
  14  alpha_vw     0.00000e+00     fixed    
  15  w_vw         1.43404e+01   constant   
  16  beta_vw      0.00000e+00     fixed    
  17  LM          -2.57919e-04   constant   
  18  zeta_y       0.00000e+00   constant   
  19  zeta_vw      0.00000e+00   constant   
  20  T_CBO        2.36532e+02   8.40535e+02   8.31056e-04   4.87517e-03
  21  alpha_A0     1.81737e-02   1.92383e-01   9.38709e-05   9.49922e-03
  22  beta_A0      1.48781e-02   1.59366e-01   8.86917e-05   3.52608e-02
  23  alpha_phi    2.62728e-02   2.78947e-01   8.66747e-05  -6.56806e-03
  24  beta_phi     1.16301e-02   1.28248e-01   9.04328e-05   3.37998e-02
 EXTERNAL ERROR MATRIX.    NDIM=  25    NPAR=  7    ERR DEF=1
  1.505e-06  4.907e-08  3.437e-02 -4.478e-06  3.968e-07 -5.744e-06 -4.085e-06 
  4.907e-08  1.516e-06 -7.870e-04  4.941e-06  1.461e-06  9.886e-07  4.226e-06 
  3.437e-02 -7.870e-04  2.308e+06 -2.895e+02 -2.392e+02 -4.222e+02 -1.911e+02 
 -4.478e-06  4.941e-06 -2.895e+02  3.701e-02  3.006e-02  5.302e-02  2.396e-02 
  3.968e-07  1.461e-06 -2.392e+02  3.006e-02  2.540e-02  4.374e-02  1.979e-02 
 -5.744e-06  9.886e-07 -4.222e+02  5.302e-02  4.374e-02  7.781e-02  3.493e-02 
 -4.085e-06  4.226e-06 -1.911e+02  2.396e-02  1.979e-02  3.493e-02  1.645e-02 
ERR MATRIX NOT POS-DEF
 PARAMETER  CORRELATION COEFFICIENTS  
       NO.  GLOBAL      8      9     20     21     22     23     24
        8  0.14404   1.000  0.032  0.018 -0.019  0.002 -0.017 -0.026
        9  0.20859   0.032  1.000 -0.000  0.021  0.007  0.003  0.027
       20  0.99795   0.018 -0.000  1.000 -0.991 -0.988 -0.996 -0.981
       21  0.99094  -0.019  0.021 -0.991  1.000  0.980  0.988  0.971
       22  0.98820   0.002  0.007 -0.988  0.980  1.000  0.984  0.968
       23  0.99634  -0.017  0.003 -0.996  0.988  0.984  1.000  0.977
       24  0.98098  -0.026  0.027 -0.981  0.971  0.968  0.977  1.000
 ERR MATRIX NOT POS-DEF
MINUIT - FIT wiggle + 1-CBO + 2-CBO
 **********
 **   42 **RES 
 **********
                   PARAMETER   16  beta_vw RESTORED TO VARIABLE.
                   PARAMETER   14  alpha_vw RESTORED TO VARIABLE.
                   PARAMETER   13  beta_y RESTORED TO VARIABLE.
                   PARAMETER   11  alpha_y RESTORED TO VARIABLE.
                   PARAMETER   10  beta_2CBO RESTORED TO VARIABLE.
                   PARAMETER    6  alpha_CBO RESTORED TO VARIABLE.
                   PARAMETER    4  phi RESTORED TO VARIABLE.
                   PARAMETER    3  A0 RESTORED TO VARIABLE.
                   PARAMETER    1  N0 RESTORED TO VARIABLE.
 **********
 **   43 **FIX           10
 **********
 **********
 **   44 **FIX           11
 **********
 **********
 **   45 **FIX           12
 **********
 PARAMETER   12  IS CONSTANT.   IGNORED.
 **********
 **   46 **FIX           13
 **********
 **********
 **   47 **FIX           14
 **********
 **********
 **   48 **FIX           15
 **********
 PARAMETER   15  IS CONSTANT.   IGNORED.
 **********
 **   49 **FIX           16
 **********
 **********
 **   50 **MIGRAD
 **********
 START MIGRAD MINIMIZATION.  STRATEGY  1.  CONVERGENCE WHEN EDM .LT. 1.00e-04
 FCN=53.9468 FROM MIGRAD    STATUS=INITIATE       22 CALLS        2657 TOTAL
                     EDM= unknown      STRATEGY= 1      NO ERROR MATRIX       
  EXT PARAMETER               CURRENT GUESS       STEP         FIRST   
  NO.   NAME      VALUE            ERROR          SIZE      DERIVATIVE 
   1  N0           2.88290e+06   2.50607e+03   2.50607e+03  -6.32246e-05
   2  tau          6.43977e+01   constant   
   3  A0           3.55339e-01   1.19275e-03   1.19275e-03  -5.02318e+02
   4  phi          4.12367e+00   3.57191e-03   3.57191e-03  -6.92440e+01
   5  R           -6.10082e+01   constant   
   6  alpha_CBO   -6.05612e-04   1.25556e-03   1.25556e-03   5.57493e+01
   7  w_CBO        2.32500e+00   constant   
   8  beta_CBO    -1.36030e-03   1.22688e-03   4.41494e-06   6.42226e-01
   9  alpha_2CBO  -1.86832e-03   1.23130e-03   4.37902e-06  -7.76242e-01
  10  beta_2CBO   -1.47329e-03     fixed    
  11  alpha_y      0.00000e+00     fixed    
  12  w_y          1.38860e+01   constant   
  13  beta_y       3.34951e-04     fixed    
  14  alpha_vw     0.00000e+00     fixed    
  15  w_vw         1.43404e+01   constant   
  16  beta_vw      0.00000e+00     fixed    
  17  LM          -2.57919e-04   constant   
  18  zeta_y       0.00000e+00   constant   
  19  zeta_vw      0.00000e+00   constant   
  20  T_CBO        2.36532e+02   8.40535e+02   8.31056e-04   4.87511e-03
  21  alpha_A0     1.81737e-02   1.92383e-01   9.38709e-05   9.49867e-03
  22  beta_A0      1.48781e-02   1.59366e-01   8.86917e-05   3.52612e-02
  23  alpha_phi    2.62728e-02   2.78947e-01   8.66747e-05  -6.56805e-03
  24  beta_phi     1.16301e-02   1.28248e-01   9.04328e-05   3.37998e-02
 MIGRAD MINIMIZATION HAS CONVERGED.
 MIGRAD WILL VERIFY CONVERGENCE AND ERROR MATRIX.
 FCN=53.8252 FROM MIGRAD    STATUS=CONVERGED     216 CALLS        2851 TOTAL
                     EDM=2.99833e-05    STRATEGY= 1      ERR MATRIX NOT POS-DEF
  EXT PARAMETER                APPROXIMATE        STEP         FIRST   
  NO.   NAME      VALUE            ERROR          SIZE      DERIVATIVE 
   1  N0           2.88309e+06   2.65068e+03   8.25652e+00   6.00114e-07
   2  tau          6.43977e+01   constant   
   3  A0           3.55727e-01   1.24238e-03   4.25492e-06  -3.02893e-01
   4  phi          4.12418e+00   3.56535e-03   1.23584e-05   1.12519e-02
   5  R           -6.10082e+01   constant   
   6  alpha_CBO   -6.02654e-04   1.25336e-03   4.40366e-06   4.49326e-01
   7  w_CBO        2.32500e+00   constant   
   8  beta_CBO    -1.46662e-03   1.26459e-03   4.40977e-06   4.33863e-01
   9  alpha_2CBO  -1.89378e-03   1.23415e-03   4.37385e-06  -6.17658e-01
  10  beta_2CBO   -1.47329e-03     fixed    
  11  alpha_y      0.00000e+00     fixed    
  12  w_y          1.38860e+01   constant   
  13  beta_y       3.34951e-04     fixed    
  14  alpha_vw     0.00000e+00     fixed    
  15  w_vw         1.43404e+01   constant   
  16  beta_vw      0.00000e+00     fixed    
  17  LM          -2.57919e-04   constant   
  18  zeta_y       0.00000e+00   constant   
  19  zeta_vw      0.00000e+00   constant   
  20  T_CBO        2.32923e+02   8.48165e+02   8.50374e-04   6.53634e-04
  21  alpha_A0     1.79604e-02   1.97423e-01   9.62304e-05   5.92068e-02
  22  beta_A0      1.40006e-02   1.55463e-01   9.09124e-05  -2.57231e-02
  23  alpha_phi    2.55081e-02   2.80564e-01   8.88159e-05   1.84848e-02
  24  beta_phi     1.20067e-02   1.36591e-01   9.26610e-05  -2.48148e-02
 EXTERNAL ERROR MATRIX.    NDIM=  25    NPAR= 11    ERR DEF=1
  7.026e+06 
 -2.975e-01  1.544e-06 
  1.161e+00  2.233e-07  1.271e-05 
 -5.309e-02  5.275e-08  9.915e-07  1.571e-06 
 -2.075e-01 -3.529e-07 -2.141e-07  3.424e-08  1.599e-06 
 -3.589e-03 -6.567e-08 -2.588e-07 -2.581e-08  6.684e-08  1.523e-06 
  7.191e+04  4.200e-02 -1.662e-01  2.196e-02  2.578e-02  1.457e-03  2.329e+06 
  9.136e+00 -1.037e-05  2.267e-05 -5.799e-07 -2.920e-06  4.959e-06 -2.982e+02  3.898e-02 
 -7.899e+00 -8.496e-06  1.274e-05 -2.896e-06  2.514e-06  1.510e-06 -2.340e+02  3.003e-02  2.417e-02 
 -9.654e+00 -1.277e-05  2.069e-05 -6.844e-06 -3.084e-06  1.002e-06 -4.265e+02  5.469e-02  4.285e-02  7.872e-02 
 -2.333e+01  3.678e-07  3.580e-06 -1.791e-06 -3.731e-06  4.170e-06 -2.044e+02  2.611e-02  2.052e-02  3.740e-02  1.866e-02 
ERR MATRIX NOT POS-DEF
 PARAMETER  CORRELATION COEFFICIENTS  
       NO.  GLOBAL      1      3      4      6      8      9     20     21     22     23     24
        1  0.35997   1.000 -0.090  0.123 -0.016 -0.062 -0.001  0.018  0.017 -0.019 -0.013 -0.064
        3  0.33360  -0.090  1.000  0.050  0.034 -0.225 -0.043  0.022 -0.042 -0.044 -0.037  0.002
        4  0.29942   0.123  0.050  1.000  0.222 -0.047 -0.059 -0.031  0.032  0.023  0.021  0.007
        6  0.25430  -0.016  0.034  0.222  1.000  0.022 -0.017  0.011 -0.002 -0.015 -0.019 -0.010
        8  0.28046  -0.062 -0.225 -0.047  0.022  1.000  0.043  0.013 -0.012  0.013 -0.009 -0.022
        9  0.21987  -0.001 -0.043 -0.059 -0.017  0.043  1.000  0.001  0.020  0.008  0.003  0.025
       20  0.99790   0.018  0.022 -0.031  0.011  0.013  0.001  1.000 -0.990 -0.986 -0.996 -0.981
       21  0.99096   0.017 -0.042  0.032 -0.002 -0.012  0.020 -0.990  1.000  0.979  0.987  0.968
       22  0.98696  -0.019 -0.044  0.023 -0.015  0.013  0.008 -0.986  0.979  1.000  0.983  0.966
       23  0.99620  -0.013 -0.037  0.021 -0.019 -0.009  0.003 -0.996  0.987  0.983  1.000  0.976
       24  0.98241  -0.064  0.002  0.007 -0.010 -0.022  0.025 -0.981  0.968  0.966  0.976  1.000
 ERR MATRIX NOT POS-DEF
MINUIT - FIT ONLY 1-y
 **********
 **   51 **RES 
 **********
                   PARAMETER   16  beta_vw RESTORED TO VARIABLE.
                   PARAMETER   14  alpha_vw RESTORED TO VARIABLE.
                   PARAMETER   13  beta_y RESTORED TO VARIABLE.
                   PARAMETER   11  alpha_y RESTORED TO VARIABLE.
                   PARAMETER   10  beta_2CBO RESTORED TO VARIABLE.
 **********
 **   52 **FIX            0
 **********
 PARAMETER    0  IS UNDEFINED. IGNORED.
 **********
 **   53 **FIX            1
 **********
 **********
 **   54 **FIX            2
 **********
 PARAMETER    2  IS CONSTANT.   IGNORED.
 **********
 **   55 **FIX            3
 **********
 **********
 **   56 **FIX            4
 **********
 **********
 **   57 **FIX            5
 **********
 PARAMETER    5  IS CONSTANT.   IGNORED.
 **********
 **   58 **FIX            6
 **********
 **********
 **   59 **FIX            7
 **********
 PARAMETER    7  IS CONSTANT.   IGNORED.
 **********
 **   60 **FIX            8
 **********
 **********
 **   61 **FIX            9
 **********
 **********
 **   62 **FIX           13
 **********
 **********
 **   63 **FIX           14
 **********
 **********
 **   64 **FIX           15
 **********
 PARAMETER   15  IS CONSTANT.   IGNORED.
 **********
 **   65 **FIX           16
 **********
 **********
 **   66 **MIGRAD
 **********
 START MIGRAD MINIMIZATION.  STRATEGY  1.  CONVERGENCE WHEN EDM .LT. 1.00e-04
 FCN=53.8252 FROM MIGRAD    STATUS=INITIATE       16 CALLS        2867 TOTAL
                     EDM= unknown      STRATEGY= 1      NO ERROR MATRIX       
  EXT PARAMETER               CURRENT GUESS       STEP         FIRST   
  NO.   NAME      VALUE            ERROR          SIZE      DERIVATIVE 
   1  N0           2.88309e+06     fixed    
   2  tau          6.43977e+01   constant   
   3  A0           3.55727e-01     fixed    
   4  phi          4.12418e+00     fixed    
   5  R           -6.10082e+01   constant   
   6  alpha_CBO   -6.02654e-04     fixed    
   7  w_CBO        2.32500e+00   constant   
   8  beta_CBO    -1.46662e-03     fixed    
   9  alpha_2CBO  -1.89378e-03     fixed    
  10  beta_2CBO   -1.47329e-03   1.24724e-03   1.24724e-03  -7.90293e+01
  11  alpha_y      0.00000e+00   1.00000e-03   1.00000e-03  -2.71173e+03
  12  w_y          1.38860e+01   constant   
  13  beta_y       3.34951e-04     fixed    
  14  alpha_vw     0.00000e+00     fixed    
  15  w_vw         1.43404e+01   constant   
  16  beta_vw      0.00000e+00     fixed    
  17  LM          -2.57919e-04   constant   
  18  zeta_y       0.00000e+00   constant   
  19  zeta_vw      0.00000e+00   constant   
  20  T_CBO        2.32923e+02   8.48165e+02   8.50374e-04   6.54230e-04
  21  alpha_A0     1.79604e-02   1.97423e-01   9.62304e-05   5.92073e-02
  22  beta_A0      1.40006e-02   1.55463e-01   9.09124e-05  -2.57236e-02
  23  alpha_phi    2.55081e-02   2.80564e-01   8.88159e-05   1.84848e-02
  24  beta_phi     1.20067e-02   1.36591e-01   9.26610e-05  -2.48148e-02
 MIGRAD MINIMIZATION HAS CONVERGED.
 MIGRAD WILL VERIFY CONVERGENCE AND ERROR MATRIX.
 FCN=51.1336 FROM MIGRAD    STATUS=CONVERGED     128 CALLS        2979 TOTAL
                     EDM=1.88128e-05    STRATEGY= 1      ERR MATRIX NOT POS-DEF
  EXT PARAMETER                APPROXIMATE        STEP         FIRST   
  NO.   NAME      VALUE            ERROR          SIZE      DERIVATIVE 
   1  N0           2.88309e+06     fixed    
   2  tau          6.43977e+01   constant   
   3  A0           3.55727e-01     fixed    
   4  phi          4.12418e+00     fixed    
   5  R           -6.10082e+01   constant   
   6  alpha_CBO   -6.02654e-04     fixed    
   7  w_CBO        2.32500e+00   constant   
   8  beta_CBO    -1.46662e-03     fixed    
   9  alpha_2CBO  -1.89378e-03     fixed    
  10  beta_2CBO   -1.41037e-03   1.25490e-03   4.32998e-06   3.49668e-03
  11  alpha_y      1.98337e-03   1.20400e-03   4.26236e-06  -9.57243e-05
  12  w_y          1.38860e+01   constant   
  13  beta_y       3.34951e-04     fixed    
  14  alpha_vw     0.00000e+00     fixed    
  15  w_vw         1.43404e+01   constant   
  16  beta_vw      0.00000e+00     fixed    
  17  LM          -2.57919e-04   constant   
  18  zeta_y       0.00000e+00   constant   
  19  zeta_vw      0.00000e+00   constant   
  20  T_CBO        2.35092e+02   8.49976e+02   8.17079e-04  -5.99242e-04
  21  alpha_A0     1.81353e-02   1.97562e-01   9.24059e-05   8.23032e-03
  22  beta_A0      1.47089e-02   1.62101e-01   8.73035e-05   2.59291e-03
  23  alpha_phi    2.56240e-02   2.79566e-01   8.52758e-05   8.15865e-03
  24  beta_phi     1.22377e-02   1.37871e-01   8.89692e-05  -2.61163e-03
 EXTERNAL ERROR MATRIX.    NDIM=  25    NPAR=  7    ERR DEF=1
  1.575e-06  3.987e-11 -3.856e-02  4.483e-06  9.273e-06  2.162e-06  3.846e-06 
  3.987e-11  1.450e-06  1.831e-03  1.271e-07  3.182e-07  1.831e-07  1.138e-07 
 -3.856e-02  1.831e-03  2.381e+06 -3.021e+02 -2.471e+02 -4.297e+02 -2.092e+02 
  4.483e-06  1.271e-07 -3.021e+02  3.903e-02  3.141e-02  5.459e-02  2.652e-02 
  9.273e-06  3.182e-07 -2.471e+02  3.141e-02  2.628e-02  4.457e-02  2.170e-02 
  2.162e-06  1.831e-07 -4.297e+02  5.459e-02  4.457e-02  7.816e-02  3.773e-02 
  3.846e-06  1.138e-07 -2.092e+02  2.652e-02  2.170e-02  3.773e-02  1.901e-02 
ERR MATRIX NOT POS-DEF
 PARAMETER  CORRELATION COEFFICIENTS  
       NO.  GLOBAL     10     11     20     21     22     23     24
       10  0.22534   1.000  0.000 -0.020  0.018  0.046  0.006  0.022
       11  0.02802   0.000  1.000  0.001  0.001  0.002  0.001  0.001
       20  0.99799  -0.020  0.001  1.000 -0.991 -0.988 -0.996 -0.983
       21  0.99124   0.018  0.001 -0.991  1.000  0.981  0.988  0.974
       22  0.98837   0.046  0.002 -0.988  0.981  1.000  0.984  0.971
       23  0.99628   0.006  0.001 -0.996  0.988  0.984  1.000  0.979
       24  0.98326   0.022  0.001 -0.983  0.974  0.971  0.979  1.000
 ERR MATRIX NOT POS-DEF
MINUIT - FIT ONLY 2-y
 **********
 **   67 **RES 
 **********
                   PARAMETER   16  beta_vw RESTORED TO VARIABLE.
                   PARAMETER   14  alpha_vw RESTORED TO VARIABLE.
                   PARAMETER   13  beta_y RESTORED TO VARIABLE.
                   PARAMETER    9  alpha_2CBO RESTORED TO VARIABLE.
                   PARAMETER    8  beta_CBO RESTORED TO VARIABLE.
                   PARAMETER    6  alpha_CBO RESTORED TO VARIABLE.
                   PARAMETER    4  phi RESTORED TO VARIABLE.
                   PARAMETER    3  A0 RESTORED TO VARIABLE.
                   PARAMETER    1  N0 RESTORED TO VARIABLE.
 **********
 **   68 **FIX            0
 **********
 PARAMETER    0  IS UNDEFINED. IGNORED.
 **********
 **   69 **FIX            1
 **********
 **********
 **   70 **FIX            2
 **********
 PARAMETER    2  IS CONSTANT.   IGNORED.
 **********
 **   71 **FIX            3
 **********
 **********
 **   72 **FIX            4
 **********
 **********
 **   73 **FIX            5
 **********
 PARAMETER    5  IS CONSTANT.   IGNORED.
 **********
 **   74 **FIX            6
 **********
 **********
 **   75 **FIX            7
 **********
 PARAMETER    7  IS CONSTANT.   IGNORED.
 **********
 **   76 **FIX            8
 **********
 **********
 **   77 **FIX            9
 **********
 **********
 **   78 **FIX           10
 **********
 **********
 **   79 **FIX           11
 **********
 **********
 **   80 **FIX           12
 **********
 PARAMETER   12  IS CONSTANT.   IGNORED.
 **********
 **   81 **FIX           16
 **********
 **********
 **   82 **MIGRAD
 **********
 START MIGRAD MINIMIZATION.  STRATEGY  1.  CONVERGENCE WHEN EDM .LT. 1.00e-04
 FCN=51.1336 FROM MIGRAD    STATUS=INITIATE       16 CALLS        2995 TOTAL
                     EDM= unknown      STRATEGY= 1      NO ERROR MATRIX       
  EXT PARAMETER               CURRENT GUESS       STEP         FIRST   
  NO.   NAME      VALUE            ERROR          SIZE      DERIVATIVE 
   1  N0           2.88309e+06     fixed    
   2  tau          6.43977e+01   constant   
   3  A0           3.55727e-01     fixed    
   4  phi          4.12418e+00     fixed    
   5  R           -6.10082e+01   constant   
   6  alpha_CBO   -6.02654e-04     fixed    
   7  w_CBO        2.32500e+00   constant   
   8  beta_CBO    -1.46662e-03     fixed    
   9  alpha_2CBO  -1.89378e-03     fixed    
  10  beta_2CBO   -1.41037e-03     fixed    
  11  alpha_y      1.98337e-03     fixed    
  12  w_y          1.38860e+01   constant   
  13  beta_y       3.34951e-04   1.22378e-03   1.22378e-03  -2.47477e+01
  14  alpha_vw     0.00000e+00   1.00000e-03   1.00000e-03   1.31786e+03
  15  w_vw         1.43404e+01   constant   
  16  beta_vw      0.00000e+00     fixed    
  17  LM          -2.57919e-04   constant   
  18  zeta_y       0.00000e+00   constant   
  19  zeta_vw      0.00000e+00   constant   
  20  T_CBO        2.35092e+02   8.49976e+02   8.17079e-04  -5.98994e-04
  21  alpha_A0     1.81353e-02   1.97562e-01   9.24059e-05   8.23017e-03
  22  beta_A0      1.47089e-02   1.62101e-01   8.73035e-05   2.59290e-03
  23  alpha_phi    2.56240e-02   2.79566e-01   8.52758e-05   8.15867e-03
  24  beta_phi     1.22377e-02   1.37871e-01   8.89692e-05  -2.61163e-03
 MIGRAD MINIMIZATION HAS CONVERGED.
 MIGRAD WILL VERIFY CONVERGENCE AND ERROR MATRIX.
 FCN=50.433 FROM HESSE     STATUS=NOT POSDEF     50 CALLS        3091 TOTAL
                     EDM=0.00011098    STRATEGY= 1      ERR MATRIX NOT POS-DEF
  EXT PARAMETER                APPROXIMATE        STEP         FIRST   
  NO.   NAME      VALUE            ERROR          SIZE      DERIVATIVE 
   1  N0           2.88309e+06     fixed    
   2  tau          6.43977e+01   constant   
   3  A0           3.55727e-01     fixed    
   4  phi          4.12418e+00     fixed    
   5  R           -6.10082e+01   constant   
   6  alpha_CBO   -6.02654e-04     fixed    
   7  w_CBO        2.32500e+00   constant   
   8  beta_CBO    -1.46662e-03     fixed    
   9  alpha_2CBO  -1.89378e-03     fixed    
  10  beta_2CBO   -1.41037e-03     fixed    
  11  alpha_y      1.98337e-03     fixed    
  12  w_y          1.38860e+01   constant   
  13  beta_y       3.11580e-05   1.28203e-03   4.30404e-06  -4.42043e-02
  14  alpha_vw    -1.06890e-03   1.27098e-03   4.26591e-06   1.39170e-02
