 + ++++++++++++++++++++++++++++++++++++++++++++++++++++++++++++++++++++ +
 +                                                                      +
 +           You have chose to blind your fitting according to          +
 +                omega_ref * (1 + (R +/- deltaR) *10^{-6})             +
 +                                                                      +
 + ++++++++++++++++++++++++++++++++++++++++++++++++++++++++++++++++++++ +
In main()...
reading format from /gm2data/zkhechad/run45/envelope/formats/formatB_sBin_constraintOn.txt
pBinTau 	= 0  
pBinPhi 	= 0  
constraintau 	= 1 
includeMopTerm 	= 0    
constrainMop    = 0   
Parameters after format file: pBinTau 0 pBinPhi 0 constraintau 1 includeMopTerm 0 constrainMop 0 c_e_scale 0.000000 
Opening file /gm2data/tbarrett/gm2fr/studies/run23_bunch_corrections/CorrectedFourier_Run3b.root.
reading full fit data from /gm2data/zkhechad/cboTemplates/Run4CBOTemplates/fullFits/noRF/sBin_constraintOn_cE0.0_seed0_noRF_calo4.root
windowBins = 69
fitting sliding window 2100 from bin 2236 at 333.462000 to bin 2305 at 343.906000 (69 bins)

Reading data from /gm2data/cornell/histograms/aMethod/histogram_a_noRF.root
 **********
 **    1 **SET PRINTOUT            1
 **********
 **********
 **    2 **SET NOWARNINGS 
 **********
 PARAMETER DEFINITIONS:
    NO.   NAME         VALUE      STEP SIZE      LIMITS
     1 N0           2.96874e+06  1.00000e+02     no limits
     2 tau          6.44041e+01  constant
     3 A0           3.53299e-01  1.00000e-04     no limits
     4 phi          4.11736e+00  1.00000e-02     no limits
     5 R           -5.92716e+01  constant
     6 alpha_CBO    0.00000e+00  1.00000e-03     no limits
     7 w_CBO        2.32500e+00  constant
     8 beta_CBO     0.00000e+00  1.00000e-03     no limits
     9 alpha_2CBO   0.00000e+00  1.00000e-03     no limits
    10 beta_2CBO    0.00000e+00  1.00000e-03     no limits
    11 alpha_y      0.00000e+00  1.00000e-03     no limits
    12 w_y          1.38860e+01  constant
    13 beta_y       0.00000e+00  1.00000e-03     no limits
    14 alpha_vw     0.00000e+00  1.00000e-03     no limits
    15 w_vw         1.43404e+01  constant
    16 beta_vw      0.00000e+00  1.00000e-03     no limits
    17 LM           4.68092e-05  constant
    18 zeta_y       0.00000e+00  constant
    19 zeta_vw      0.00000e+00  constant
    20 T_CBO        1.00000e+02  1.00000e+00    0.00000e+00  1.00000e+03
    21 alpha_A0     0.00000e+00  1.00000e-04   -1.00000e-02  1.00000e-02
    22 beta_A0      0.00000e+00  1.00000e-04   -1.00000e-02  1.00000e-02
    23 alpha_phi    0.00000e+00  1.00000e-04   -1.00000e-02  1.00000e-02
    24 beta_phi     0.00000e+00  1.00000e-04   -1.00000e-02  1.00000e-02
MINUIT - FIT ONLY WIGGLE
 **********
 **    3 **FIX            5
 **********
 PARAMETER    5  IS CONSTANT.   IGNORED.
 **********
 **    4 **FIX            6
 **********
 **********
 **    5 **FIX            7
 **********
 PARAMETER    7  IS CONSTANT.   IGNORED.
 **********
 **    6 **FIX            8
 **********
 **********
 **    7 **FIX            9
 **********
 **********
 **    8 **FIX           10
 **********
 **********
 **    9 **FIX           11
 **********
 **********
 **   10 **FIX           12
 **********
 PARAMETER   12  IS CONSTANT.   IGNORED.
 **********
 **   11 **FIX           13
 **********
 **********
 **   12 **FIX           14
 **********
 **********
 **   13 **FIX           15
 **********
 PARAMETER   15  IS CONSTANT.   IGNORED.
 **********
 **   14 **FIX           16
 **********
 **********
 **   15 **MIGRAD
 **********
 FIRST CALL TO USER FUNCTION AT NEW START POINT, WITH IFLAG=4.
 START MIGRAD MINIMIZATION.  STRATEGY  1.  CONVERGENCE WHEN EDM .LT. 1.00e-04
 FCN=57.0614 FROM MIGRAD    STATUS=INITIATE      437 CALLS         438 TOTAL
                     EDM= unknown      STRATEGY= 1      NO ERROR MATRIX       
  EXT PARAMETER               CURRENT GUESS       STEP         FIRST   
  NO.   NAME      VALUE            ERROR          SIZE      DERIVATIVE 
   1  N0           2.96874e+06   1.00000e+02   0.00000e+00  -6.17853e-04
   2  tau          6.44041e+01   constant   
   3  A0           3.53299e-01   1.00000e-04   0.00000e+00  -4.12588e+03
   4  phi          4.11736e+00   1.00000e-02   0.00000e+00   1.13250e+03
   5  R           -5.92716e+01   constant   
   6  alpha_CBO    0.00000e+00     fixed    
   7  w_CBO        2.32500e+00   constant   
   8  beta_CBO     0.00000e+00     fixed    
   9  alpha_2CBO   0.00000e+00     fixed    
  10  beta_2CBO    0.00000e+00     fixed    
  11  alpha_y      0.00000e+00     fixed    
  12  w_y          1.38860e+01   constant   
  13  beta_y       0.00000e+00     fixed    
  14  alpha_vw     0.00000e+00     fixed    
  15  w_vw         1.43404e+01   constant   
  16  beta_vw      0.00000e+00     fixed    
  17  LM           4.68092e-05   constant   
  18  zeta_y       0.00000e+00   constant   
  19  zeta_vw      0.00000e+00   constant   
  20  T_CBO        1.00000e+02   1.00000e+00   0.00000e+00   0.00000e+00
  21  alpha_A0     0.00000e+00   1.00000e-04   0.00000e+00  -9.06736e-02
  22  beta_A0      0.00000e+00   1.00000e-04   0.00000e+00   2.44381e-01
  23  alpha_phi    0.00000e+00   1.00000e-04   0.00000e+00   1.56672e-01
  24  beta_phi     0.00000e+00   1.00000e-04   0.00000e+00   7.02008e-02
 MIGRAD MINIMIZATION HAS CONVERGED.
 FCN=50.7637 FROM MIGRAD    STATUS=CONVERGED     809 CALLS         810 TOTAL
                     EDM=3.22705e-07    STRATEGY= 1  ERROR MATRIX UNCERTAINTY   1.6 per cent
  EXT PARAMETER                                   STEP         FIRST   
  NO.   NAME      VALUE            ERROR          SIZE      DERIVATIVE 
   1  N0           2.96967e+06   1.78639e+03  -1.80296e+00   5.01933e-09
   2  tau          6.44041e+01   constant   
   3  A0           3.54279e-01   8.07592e-04  -7.02661e-07   8.67072e-02
   4  phi          4.11419e+00   2.30291e-03  -1.40192e-06   1.83843e-01
   5  R           -5.92716e+01   constant   
   6  alpha_CBO    0.00000e+00     fixed    
   7  w_CBO        2.32500e+00   constant   
   8  beta_CBO     0.00000e+00     fixed    
   9  alpha_2CBO   0.00000e+00     fixed    
  10  beta_2CBO    0.00000e+00     fixed    
  11  alpha_y      0.00000e+00     fixed    
  12  w_y          1.38860e+01   constant   
  13  beta_y       0.00000e+00     fixed    
  14  alpha_vw     0.00000e+00     fixed    
  15  w_vw         1.43404e+01   constant   
  16  beta_vw      0.00000e+00     fixed    
  17  LM           4.68092e-05   constant   
  18  zeta_y       0.00000e+00   constant   
  19  zeta_vw      0.00000e+00   constant   
  20  T_CBO        5.87603e+02   3.39462e+02   1.66598e-03  -1.02766e-03
  21  alpha_A0     1.72198e-03   5.46032e-03  -2.98957e-05  -5.81977e-04
  22  beta_A0     -7.49093e-03   4.20465e-03   1.29409e-03   1.42720e-03
  23  alpha_phi   -3.55495e-03   5.26680e-03  -3.43678e-04   9.58407e-05
  24  beta_phi    -2.02347e-03   5.36635e-03   7.87375e-04   1.49211e-04
 EXTERNAL ERROR MATRIX.    NDIM=  25    NPAR=  8    ERR DEF=1
  3.191e+06 -1.840e-01  2.177e-02  7.019e+04  2.140e+00  1.532e+00  1.971e+00  1.173e+00 
 -1.840e-01  6.522e-07  1.646e-07 -8.739e-02 -3.525e-07 -1.424e-07 -5.939e-07 -2.376e-07 
  2.177e-02  1.646e-07  5.303e-06 -1.597e-01  1.275e-07  1.862e-07  1.872e-07  5.446e-07 
  7.019e+04 -8.739e-02 -1.597e-01  1.403e+05  1.150e-01  7.628e-01  2.471e-01  6.337e-01 
  2.140e+00 -3.525e-07  1.275e-07  1.150e-01  3.350e-05  4.325e-06  4.880e-06  9.383e-07 
  1.532e+00 -1.424e-07  1.862e-07  7.628e-01  4.325e-06  2.075e-05 -4.780e-06 -9.977e-07 
  1.971e+00 -5.939e-07  1.872e-07  2.471e-01  4.880e-06 -4.780e-06  3.130e-05  1.839e-06 
  1.173e+00 -2.376e-07  5.446e-07  6.337e-01  9.383e-07 -9.977e-07  1.839e-06  3.226e-05 
 PARAMETER  CORRELATION COEFFICIENTS  
       NO.  GLOBAL      1      3      4     20     21     22     23     24
        1  0.36923   1.000 -0.128  0.005  0.105  0.207  0.188  0.197  0.116
        3  0.34221  -0.128  1.000  0.088 -0.289 -0.075 -0.039 -0.131 -0.052
        4  0.26414   0.005  0.088  1.000 -0.185  0.010  0.018  0.015  0.042
       20  0.66024   0.105 -0.289 -0.185  1.000  0.053  0.447  0.118  0.298
       21  0.29731   0.207 -0.075  0.010  0.053  1.000  0.164  0.151  0.029
       22  0.61434   0.188 -0.039  0.018  0.447  0.164  1.000 -0.188 -0.039
       23  0.41577   0.197 -0.131  0.015  0.118  0.151 -0.188  1.000  0.058
       24  0.40506   0.116 -0.052  0.042  0.298  0.029 -0.039  0.058  1.000
MINUIT - FIT ONLY 1-CBO + wiggle
 **********
 **   16 **RES 
 **********
                   PARAMETER   16  beta_vw RESTORED TO VARIABLE.
                   PARAMETER   14  alpha_vw RESTORED TO VARIABLE.
                   PARAMETER   13  beta_y RESTORED TO VARIABLE.
                   PARAMETER   11  alpha_y RESTORED TO VARIABLE.
                   PARAMETER   10  beta_2CBO RESTORED TO VARIABLE.
                   PARAMETER    9  alpha_2CBO RESTORED TO VARIABLE.
                   PARAMETER    8  beta_CBO RESTORED TO VARIABLE.
                   PARAMETER    6  alpha_CBO RESTORED TO VARIABLE.
 **********
 **   17 **FIX            8
 **********
 **********
 **   18 **FIX            9
 **********
 **********
 **   19 **FIX           11
 **********
 **********
 **   20 **FIX           12
 **********
 PARAMETER   12  IS CONSTANT.   IGNORED.
 **********
 **   21 **FIX           14
 **********
 **********
 **   22 **FIX           15
 **********
 PARAMETER   15  IS CONSTANT.   IGNORED.
 **********
 **   23 **FIX           16
 **********
 **********
 **   24 **MIGRAD
 **********
 START MIGRAD MINIMIZATION.  STRATEGY  1.  CONVERGENCE WHEN EDM .LT. 1.00e-04
 FCN=50.7637 FROM MIGRAD    STATUS=INITIATE       28 CALLS         838 TOTAL
                     EDM= unknown      STRATEGY= 1      NO ERROR MATRIX       
  EXT PARAMETER               CURRENT GUESS       STEP         FIRST   
  NO.   NAME      VALUE            ERROR          SIZE      DERIVATIVE 
   1  N0           2.96967e+06   1.78639e+03  -1.80296e+00   5.01934e-09
   2  tau          6.44041e+01   constant   
   3  A0           3.54279e-01   8.07592e-04  -7.02661e-07   8.67070e-02
   4  phi          4.11419e+00   2.30291e-03  -1.40192e-06   1.83843e-01
   5  R           -5.92716e+01   constant   
   6  alpha_CBO    0.00000e+00   1.00000e-03   1.00000e-03  -2.45145e+03
   7  w_CBO        2.32500e+00   constant   
   8  beta_CBO     0.00000e+00     fixed    
   9  alpha_2CBO   0.00000e+00     fixed    
  10  beta_2CBO    0.00000e+00   1.00000e-03   1.00000e-03   8.20849e+02
  11  alpha_y      0.00000e+00     fixed    
  12  w_y          1.38860e+01   constant   
  13  beta_y       0.00000e+00   1.00000e-03   1.00000e-03   2.74487e+03
  14  alpha_vw     0.00000e+00     fixed    
  15  w_vw         1.43404e+01   constant   
  16  beta_vw      0.00000e+00     fixed    
  17  LM           4.68092e-05   constant   
  18  zeta_y       0.00000e+00   constant   
  19  zeta_vw      0.00000e+00   constant   
  20  T_CBO        5.87603e+02   3.39462e+02   1.66598e-03  -1.02778e-03
  21  alpha_A0     1.72198e-03   5.46032e-03  -2.98957e-05   5.81981e-04
  22  beta_A0     -7.49093e-03   4.20465e-03   1.29409e-03  -1.42714e-03
  23  alpha_phi   -3.55495e-03   5.26680e-03  -3.43678e-04  -9.58495e-05
  24  beta_phi    -2.02347e-03   5.36635e-03   7.87375e-04   1.49206e-04
 MIGRAD MINIMIZATION HAS CONVERGED.
 MIGRAD WILL VERIFY CONVERGENCE AND ERROR MATRIX.
 COVARIANCE MATRIX CALCULATED SUCCESSFULLY
 FCN=48.3866 FROM HESSE     STATUS=OK            100 CALLS        1057 TOTAL
                     EDM=0.000871258    STRATEGY= 1      ERROR MATRIX ACCURATE 
  EXT PARAMETER                                   STEP         FIRST   
  NO.   NAME      VALUE            ERROR          SIZE      DERIVATIVE 
   1  N0           2.96964e+06   1.82731e+03   5.60631e+00   4.71783e-07
   2  tau          6.44041e+01   constant   
   3  A0           3.54139e-01   8.17709e-04   2.66947e-06   9.67107e-01
   4  phi          4.11370e+00   2.41403e-03   7.97531e-06   2.64190e-01
   5  R           -5.92716e+01   constant   
   6  alpha_CBO    8.34075e-04   8.33824e-04   2.73525e-06   1.48395e+00
   7  w_CBO        2.32500e+00   constant   
   8  beta_CBO     0.00000e+00     fixed    
   9  alpha_2CBO   0.00000e+00     fixed    
  10  beta_2CBO   -2.56088e-04   8.29504e-04   2.77456e-06   1.27659e+00
  11  alpha_y      0.00000e+00     fixed    
  12  w_y          1.38860e+01   constant   
  13  beta_y      -9.10653e-04   8.15173e-04   2.79512e-06   3.50708e-01
  14  alpha_vw     0.00000e+00     fixed    
  15  w_vw         1.43404e+01   constant   
  16  beta_vw      0.00000e+00     fixed    
  17  LM           4.68092e-05   constant   
  18  zeta_y       0.00000e+00   constant   
  19  zeta_vw      0.00000e+00   constant   
  20  T_CBO        6.30268e+02   6.06518e+02   5.16692e-03  -2.12657e-03
  21  alpha_A0     2.55776e-03   1.62753e-02   1.92103e-03   2.74531e-03
  22  beta_A0     -7.37769e-03   1.12526e-02   2.99582e-03  -8.91009e-04
  23  alpha_phi   -4.09014e-03   1.31498e-02   2.03021e-03  -4.16777e-03
  24  beta_phi    -1.91479e-03   1.40426e-02   1.83601e-03  -1.82457e-03
 MIGRAD MINIMIZATION HAS CONVERGED.
 FCN=48.3848 FROM MIGRAD    STATUS=CONVERGED     665 CALLS        1475 TOTAL
                     EDM=1.56487e-06    STRATEGY= 1  ERROR MATRIX UNCERTAINTY   1.0 per cent
  EXT PARAMETER                                   STEP         FIRST   
  NO.   NAME      VALUE            ERROR          SIZE      DERIVATIVE 
   1  N0           2.96964e+06   1.81736e+03   2.72758e-01   5.42644e-07
   2  tau          6.44041e+01   constant   
   3  A0           3.54140e-01   8.15555e-04   4.52453e-08   6.19833e-01
   4  phi          4.11370e+00   2.40865e-03   1.35920e-07   1.89396e-01
   5  R           -5.92716e+01   constant   
   6  alpha_CBO    8.34339e-04   8.15991e-04   1.93096e-07   1.73022e+00
   7  w_CBO        2.32500e+00   constant   
   8  beta_CBO     0.00000e+00     fixed    
   9  alpha_2CBO   0.00000e+00     fixed    
  10  beta_2CBO   -2.56369e-04   8.18894e-04   1.63665e-07   1.25842e+00
  11  alpha_y      0.00000e+00     fixed    
  12  w_y          1.38860e+01   constant   
  13  beta_y      -9.10606e-04   8.14297e-04   4.55450e-08   3.32903e-01
  14  alpha_vw     0.00000e+00     fixed    
  15  w_vw         1.43404e+01   constant   
  16  beta_vw      0.00000e+00     fixed    
  17  LM           4.68092e-05   constant   
  18  zeta_y       0.00000e+00   constant   
  19  zeta_vw      0.00000e+00   constant   
  20  T_CBO        9.99440e+02   6.86963e+02   5.00081e-02  -1.08058e-04
  21  alpha_A0     2.10520e-03   5.16711e-03  -2.68952e-04   1.07257e-03
  22  beta_A0     -6.04181e-03   5.05947e-03   7.18811e-04   7.82334e-04
  23  alpha_phi   -3.35338e-03   5.00321e-03   4.15599e-04   1.28922e-03
  24  beta_phi    -1.56513e-03   5.14935e-03   1.82655e-04   9.85907e-04
 EXTERNAL ERROR MATRIX.    NDIM=  25    NPAR= 11    ERR DEF=1
  3.303e+06 
 -1.943e-01  6.651e-07 
  4.117e-01  1.271e-07  5.802e-06 
 -8.883e-02 -1.310e-07 -4.160e-07  6.658e-07 
 -6.575e-02 -3.437e-08 -1.141e-07  1.107e-08  6.706e-07 
 -2.688e-02 -1.147e-09  2.406e-08 -2.307e-09  4.811e-09  6.631e-07 
  1.229e+04  1.868e-03  9.210e-04  7.102e-03  6.403e-03  1.781e-03  5.055e+05 
 -2.226e+00  1.433e-07 -9.974e-07  2.895e-07 -5.302e-07 -1.155e-07 -6.487e-01  2.964e-05 
 -1.834e+00  7.789e-07  7.316e-07 -1.111e-07 -4.303e-07  8.477e-08  1.654e+00  2.713e-06  3.005e-05 
 -2.270e+00  7.974e-07 -2.524e-07 -4.154e-07  2.030e-07 -3.468e-08  9.167e-01  6.773e-06  6.578e-06  2.782e-05 
  1.402e+00 -1.194e-07  1.837e-06 -2.080e-07 -6.525e-07 -4.188e-08  4.233e-01  9.057e-07  6.980e-07 -4.356e-06  2.934e-05 
 PARAMETER  CORRELATION COEFFICIENTS  
       NO.  GLOBAL      1      3      4      6     10     13     20     21     22     23     24
        1  0.37608   1.000 -0.131  0.094 -0.060 -0.044 -0.018  0.010 -0.225 -0.184 -0.237  0.142
        3  0.32316  -0.131  1.000  0.065 -0.197 -0.051 -0.002  0.003  0.032  0.174  0.185 -0.027
        4  0.27898   0.094  0.065  1.000 -0.212 -0.058  0.012  0.001 -0.076  0.055 -0.020  0.141
        6  0.31311  -0.060 -0.197 -0.212  1.000  0.017 -0.003  0.012  0.065 -0.025 -0.097 -0.047
       10  0.23509  -0.044 -0.051 -0.058  0.017  1.000  0.007  0.011 -0.119 -0.096  0.047 -0.147
       13  0.04501  -0.018 -0.002  0.012 -0.003  0.007  1.000  0.003 -0.026  0.019 -0.008 -0.009
       20  0.55093   0.010  0.003  0.001  0.012  0.011  0.003  1.000 -0.168  0.424  0.244  0.110
       21  0.43458  -0.225  0.032 -0.076  0.065 -0.119 -0.026 -0.168  1.000  0.091  0.236  0.031
       22  0.51649  -0.184  0.174  0.055 -0.025 -0.096  0.019  0.424  0.091  1.000  0.228  0.024
       23  0.48752  -0.237  0.185 -0.020 -0.097  0.047 -0.008  0.244  0.236  0.228  1.000 -0.152
       24  0.32437   0.142 -0.027  0.141 -0.047 -0.147 -0.009  0.110  0.031  0.024 -0.152  1.000
MINUIT - FIT ONLY 2-CBO
 **********
 **   25 **RES 
 **********
                   PARAMETER   16  beta_vw RESTORED TO VARIABLE.
                   PARAMETER   14  alpha_vw RESTORED TO VARIABLE.
                   PARAMETER   11  alpha_y RESTORED TO VARIABLE.
                   PARAMETER    9  alpha_2CBO RESTORED TO VARIABLE.
                   PARAMETER    8  beta_CBO RESTORED TO VARIABLE.
 **********
 **   26 **FIX            0
 **********
 PARAMETER    0  IS UNDEFINED. IGNORED.
 **********
 **   27 **FIX            1
 **********
 **********
 **   28 **FIX            2
 **********
 PARAMETER    2  IS CONSTANT.   IGNORED.
 **********
 **   29 **FIX            3
 **********
 **********
 **   30 **FIX            4
 **********
 **********
 **   31 **FIX            5
 **********
 PARAMETER    5  IS CONSTANT.   IGNORED.
 **********
 **   32 **FIX            6
 **********
 **********
 **   33 **FIX            7
 **********
 PARAMETER    7  IS CONSTANT.   IGNORED.
 **********
 **   34 **FIX           10
 **********
 **********
 **   35 **FIX           11
 **********
 **********
 **   36 **FIX           12
 **********
 PARAMETER   12  IS CONSTANT.   IGNORED.
 **********
 **   37 **FIX           13
 **********
 **********
 **   38 **FIX           14
 **********
 **********
 **   39 **FIX           15
 **********
 PARAMETER   15  IS CONSTANT.   IGNORED.
 **********
 **   40 **FIX           16
 **********
 **********
 **   41 **MIGRAD
 **********
 START MIGRAD MINIMIZATION.  STRATEGY  1.  CONVERGENCE WHEN EDM .LT. 1.00e-04
 FCN=48.3848 FROM MIGRAD    STATUS=INITIATE       18 CALLS        1493 TOTAL
                     EDM= unknown      STRATEGY= 1      NO ERROR MATRIX       
  EXT PARAMETER               CURRENT GUESS       STEP         FIRST   
  NO.   NAME      VALUE            ERROR          SIZE      DERIVATIVE 
   1  N0           2.96964e+06     fixed    
   2  tau          6.44041e+01   constant   
   3  A0           3.54140e-01     fixed    
   4  phi          4.11370e+00     fixed    
   5  R           -5.92716e+01   constant   
   6  alpha_CBO    8.34339e-04     fixed    
   7  w_CBO        2.32500e+00   constant   
   8  beta_CBO     0.00000e+00   1.00000e-03   1.00000e-03   3.43112e+03
   9  alpha_2CBO   0.00000e+00   1.00000e-03   1.00000e-03   1.03544e+03
  10  beta_2CBO   -2.56369e-04     fixed    
  11  alpha_y      0.00000e+00     fixed    
  12  w_y          1.38860e+01   constant   
  13  beta_y      -9.10606e-04     fixed    
  14  alpha_vw     0.00000e+00     fixed    
  15  w_vw         1.43404e+01   constant   
  16  beta_vw      0.00000e+00     fixed    
  17  LM           4.68092e-05   constant   
  18  zeta_y       0.00000e+00   constant   
  19  zeta_vw      0.00000e+00   constant   
  20  T_CBO        9.99440e+02   6.86963e+02   5.00081e-02  -1.16455e-04
  21  alpha_A0     2.10520e-03   5.16711e-03  -2.68952e-04   1.07258e-03
  22  beta_A0     -6.04181e-03   5.05947e-03   7.18811e-04   7.82308e-04
  23  alpha_phi   -3.35338e-03   5.00321e-03   4.15599e-04   1.28922e-03
  24  beta_phi    -1.56513e-03   5.14935e-03   1.82655e-04   9.85904e-04
 MIGRAD MINIMIZATION HAS CONVERGED.
 MIGRAD WILL VERIFY CONVERGENCE AND ERROR MATRIX.
 COVARIANCE MATRIX CALCULATED SUCCESSFULLY
 FCN=46.249 FROM MIGRAD    STATUS=CONVERGED     141 CALLS        1616 TOTAL
                     EDM=1.48634e-07    STRATEGY= 1      ERROR MATRIX ACCURATE 
  EXT PARAMETER                                   STEP         FIRST   
  NO.   NAME      VALUE            ERROR          SIZE      DERIVATIVE 
   1  N0           2.96964e+06     fixed    
   2  tau          6.44041e+01   constant   
   3  A0           3.54140e-01     fixed    
   4  phi          4.11370e+00     fixed    
   5  R           -5.92716e+01   constant   
   6  alpha_CBO    8.34339e-04     fixed    
   7  w_CBO        2.32500e+00   constant   
   8  beta_CBO    -1.15908e-03   8.30278e-04   2.77118e-06   2.54835e-02
   9  alpha_2CBO  -2.84782e-04   8.37009e-04   2.73024e-06   6.80801e-02
  10  beta_2CBO   -2.56369e-04     fixed    
  11  alpha_y      0.00000e+00     fixed    
  12  w_y          1.38860e+01   constant   
  13  beta_y      -9.10606e-04     fixed    
  14  alpha_vw     0.00000e+00     fixed    
  15  w_vw         1.43404e+01   constant   
  16  beta_vw      0.00000e+00     fixed    
  17  LM           4.68092e-05   constant   
  18  zeta_y       0.00000e+00   constant   
  19  zeta_vw      0.00000e+00   constant   
  20  T_CBO        9.99990e+02   9.85597e+02   8.72834e-02  -1.47776e-05
  21  alpha_A0     2.40522e-03   4.35332e-03   1.53264e-03  -3.24671e-04
  22  beta_A0     -6.57770e-03   4.64185e-03   2.14336e-03  -1.22789e-04
  23  alpha_phi   -3.08072e-03   4.33774e-03   1.56049e-03  -6.28437e-04
  24  beta_phi    -1.06660e-03   4.20178e-03   1.45174e-03   2.63911e-04
 EXTERNAL ERROR MATRIX.    NDIM=  25    NPAR=  7    ERR DEF=1
  6.894e-07 -4.534e-08  2.793e-05 -1.767e-08  1.705e-07 -4.023e-08 -1.974e-07 
 -4.534e-08  7.006e-07 -3.150e-05 -5.243e-07  4.730e-07 -3.954e-07 -3.112e-07 
  2.793e-05 -3.150e-05  8.068e+03  3.868e-02 -1.069e-01 -4.926e-02 -1.730e-02 
 -1.767e-08 -5.243e-07  3.868e-02  2.038e-05 -2.252e-07  1.550e-06  6.872e-07 
  1.705e-07  4.730e-07 -1.069e-01 -2.252e-07  2.501e-05  1.174e-06 -1.124e-07 
 -4.023e-08 -3.954e-07 -4.926e-02  1.550e-06  1.174e-06  2.029e-05 -7.844e-07 
 -1.974e-07 -3.112e-07 -1.730e-02  6.872e-07 -1.124e-07 -7.844e-07  1.882e-05 
 PARAMETER  CORRELATION COEFFICIENTS  
       NO.  GLOBAL      8      9     20     21     22     23     24
        8  0.10537   1.000 -0.065  0.000 -0.005  0.041 -0.011 -0.055
        9  0.23555  -0.065  1.000 -0.000 -0.139  0.113 -0.105 -0.086
       20  0.28730   0.000 -0.000  1.000  0.095 -0.238 -0.122 -0.044
       21  0.18903  -0.005 -0.139  0.095  1.000 -0.010  0.076  0.035
       22  0.27170   0.041  0.113 -0.238 -0.010  1.000  0.052 -0.005
       23  0.19029  -0.011 -0.105 -0.122  0.076  0.052  1.000 -0.040
       24  0.13092  -0.055 -0.086 -0.044  0.035 -0.005 -0.040  1.000
MINUIT - FIT wiggle + 1-CBO + 2-CBO
 **********
 **   42 **RES 
 **********
                   PARAMETER   16  beta_vw RESTORED TO VARIABLE.
                   PARAMETER   14  alpha_vw RESTORED TO VARIABLE.
                   PARAMETER   13  beta_y RESTORED TO VARIABLE.
                   PARAMETER   11  alpha_y RESTORED TO VARIABLE.
                   PARAMETER   10  beta_2CBO RESTORED TO VARIABLE.
                   PARAMETER    6  alpha_CBO RESTORED TO VARIABLE.
                   PARAMETER    4  phi RESTORED TO VARIABLE.
                   PARAMETER    3  A0 RESTORED TO VARIABLE.
                   PARAMETER    1  N0 RESTORED TO VARIABLE.
 **********
 **   43 **FIX           10
 **********
 **********
 **   44 **FIX           11
 **********
 **********
 **   45 **FIX           12
 **********
 PARAMETER   12  IS CONSTANT.   IGNORED.
 **********
 **   46 **FIX           13
 **********
 **********
 **   47 **FIX           14
 **********
 **********
 **   48 **FIX           15
 **********
 PARAMETER   15  IS CONSTANT.   IGNORED.
 **********
 **   49 **FIX           16
 **********
 **********
 **   50 **MIGRAD
 **********
 START MIGRAD MINIMIZATION.  STRATEGY  1.  CONVERGENCE WHEN EDM .LT. 1.00e-04
 FCN=46.249 FROM MIGRAD    STATUS=INITIATE       22 CALLS        1638 TOTAL
                     EDM= unknown      STRATEGY= 1      NO ERROR MATRIX       
  EXT PARAMETER               CURRENT GUESS       STEP         FIRST   
  NO.   NAME      VALUE            ERROR          SIZE      DERIVATIVE 
   1  N0           2.96964e+06   1.81736e+03   1.81736e+03   1.09177e-04
   2  tau          6.44041e+01   constant   
   3  A0           3.54140e-01   8.15555e-04   8.15555e-04   4.19938e+02
   4  phi          4.11370e+00   2.40865e-03   2.40865e-03  -1.89705e+02
   5  R           -5.92716e+01   constant   
   6  alpha_CBO    8.34339e-04   8.15991e-04   8.15991e-04  -9.39088e+01
   7  w_CBO        2.32500e+00   constant   
   8  beta_CBO    -1.15908e-03   8.30278e-04   2.77118e-06   2.54834e-02
   9  alpha_2CBO  -2.84782e-04   8.37009e-04   2.73024e-06   6.80797e-02
  10  beta_2CBO   -2.56369e-04     fixed    
  11  alpha_y      0.00000e+00     fixed    
  12  w_y          1.38860e+01   constant   
  13  beta_y      -9.10606e-04     fixed    
  14  alpha_vw     0.00000e+00     fixed    
  15  w_vw         1.43404e+01   constant   
  16  beta_vw      0.00000e+00     fixed    
  17  LM           4.68092e-05   constant   
  18  zeta_y       0.00000e+00   constant   
  19  zeta_vw      0.00000e+00   constant   
  20  T_CBO        9.99990e+02   9.85597e+02   8.72834e-02  -1.53846e-05
  21  alpha_A0     2.40522e-03   4.35332e-03   1.53264e-03  -3.27307e-04
  22  beta_A0     -6.57770e-03   4.64185e-03   2.14336e-03  -1.21290e-04
  23  alpha_phi   -3.08072e-03   4.33774e-03   1.56049e-03  -6.24936e-04
  24  beta_phi    -1.06660e-03   4.20178e-03   1.45174e-03   2.65071e-04
 MIGRAD MINIMIZATION HAS CONVERGED.
 MIGRAD WILL VERIFY CONVERGENCE AND ERROR MATRIX.
 COVARIANCE MATRIX CALCULATED SUCCESSFULLY
 FCN=46.1664 FROM MIGRAD    STATUS=CONVERGED     220 CALLS        1836 TOTAL
                     EDM=3.26778e-07    STRATEGY= 1      ERROR MATRIX ACCURATE 
  EXT PARAMETER                                   STEP         FIRST   
  NO.   NAME      VALUE            ERROR          SIZE      DERIVATIVE 
   1  N0           2.96953e+06   1.82973e+03   5.47865e+00  -2.74268e-08
   2  tau          6.44041e+01   constant   
   3  A0           3.54011e-01   8.21623e-04   2.60889e-06   2.02961e-01
   4  phi          4.11421e+00   2.44324e-03   7.79707e-06   4.87006e-02
   5  R           -5.92716e+01   constant   
   6  alpha_CBO    8.59296e-04   8.33110e-04   2.67320e-06  -1.20152e-01
   7  w_CBO        2.32500e+00   constant   
   8  beta_CBO    -1.21233e-03   8.50806e-04   2.76891e-06   5.14876e-02
   9  alpha_2CBO  -2.67705e-04   8.39617e-04   2.72802e-06   2.07285e-01
  10  beta_2CBO   -2.56369e-04     fixed    
  11  alpha_y      0.00000e+00     fixed    
  12  w_y          1.38860e+01   constant   
  13  beta_y      -9.10606e-04     fixed    
  14  alpha_vw     0.00000e+00     fixed    
  15  w_vw         1.43404e+01   constant   
  16  beta_vw      0.00000e+00     fixed    
  17  LM           4.68092e-05   constant   
  18  zeta_y       0.00000e+00   constant   
  19  zeta_vw      0.00000e+00   constant   
  20  T_CBO        1.00000e+03   8.22156e+02   1.12030e-01** at limit **
  21  alpha_A0     2.41037e-03   4.49328e-03   1.53233e-03  -7.12476e-04
  22  beta_A0     -6.57267e-03   4.97934e-03   2.14208e-03   7.51615e-04
  23  alpha_phi   -3.16168e-03   4.55953e-03   1.56312e-03   2.11915e-04
  24  beta_phi    -9.63638e-04   4.28561e-03   1.44952e-03   2.01016e-04
 EXTERNAL ERROR MATRIX.    NDIM=  25    NPAR= 11    ERR DEF=1
  3.348e+06 
 -1.782e-01  6.751e-07 
  3.824e-01  9.192e-08  5.969e-06 
 -5.866e-02 -1.231e-07 -3.854e-07  6.941e-07 
  8.470e-02  7.938e-08 -3.310e-07 -1.261e-08  7.239e-07 
 -6.143e-02 -1.451e-08  1.156e-07 -7.659e-09 -5.657e-08  7.050e-07 
  1.215e+00 -1.324e-06  8.591e-06 -1.042e-06  1.277e-07 -6.012e-07  1.926e+00 
 -1.620e+00  7.667e-08 -9.079e-07  4.234e-07 -2.521e-08 -5.120e-07  1.042e-03  2.182e-05 
 -1.837e+00  7.200e-07  6.489e-07 -1.892e-07  1.571e-07  5.077e-07 -2.877e-03 -5.183e-07  2.959e-05 
 -1.735e+00  7.355e-07 -5.154e-08 -3.895e-07  1.924e-09 -3.777e-07 -1.364e-03  1.703e-06  4.142e-06  2.262e-05 
  1.114e+00 -9.231e-08  1.591e-06 -1.393e-07 -2.602e-07 -2.993e-07 -4.186e-04 -1.947e-07 -1.703e-07 -1.176e-06  1.963e-05 
 PARAMETER  CORRELATION COEFFICIENTS  
       NO.  GLOBAL      1      3      4      6      8      9     20     21     22     23     24
        1  0.36584   1.000 -0.119  0.086 -0.038  0.054 -0.040  0.000 -0.189 -0.185 -0.199  0.137
        3  0.32159  -0.119  1.000  0.046 -0.180  0.114 -0.021 -0.001  0.020  0.161  0.188 -0.025
        4  0.30717   0.086  0.046  1.000 -0.189 -0.159  0.056  0.003 -0.080  0.049 -0.004  0.147
        6  0.29059  -0.038 -0.180 -0.189  1.000 -0.018 -0.011 -0.001  0.109 -0.042 -0.098 -0.038
        8  0.24114   0.054  0.114 -0.159 -0.018  1.000 -0.079  0.000 -0.006  0.034  0.000 -0.069
        9  0.24745  -0.040 -0.021  0.056 -0.011 -0.079  1.000 -0.001 -0.131  0.111 -0.095 -0.080
       20  0.46383   0.000 -0.001  0.003 -0.001  0.000 -0.001  1.000  0.161 -0.381 -0.207 -0.068
       21  0.31511  -0.189  0.020 -0.080  0.109 -0.006 -0.131  0.161  1.000 -0.020  0.077 -0.009
       22  0.46564  -0.185  0.161  0.049 -0.042  0.034  0.111 -0.381 -0.020  1.000  0.160 -0.007
       23  0.36739  -0.199  0.188 -0.004 -0.098  0.000 -0.095 -0.207  0.077  0.160  1.000 -0.056
       24  0.23858   0.137 -0.025  0.147 -0.038 -0.069 -0.080 -0.068 -0.009 -0.007 -0.056  1.000
MINUIT - FIT ONLY 1-y
 **********
 **   51 **RES 
 **********
                   PARAMETER   16  beta_vw RESTORED TO VARIABLE.
                   PARAMETER   14  alpha_vw RESTORED TO VARIABLE.
                   PARAMETER   13  beta_y RESTORED TO VARIABLE.
                   PARAMETER   11  alpha_y RESTORED TO VARIABLE.
                   PARAMETER   10  beta_2CBO RESTORED TO VARIABLE.
 **********
 **   52 **FIX            0
 **********
 PARAMETER    0  IS UNDEFINED. IGNORED.
 **********
 **   53 **FIX            1
 **********
 **********
 **   54 **FIX            2
 **********
 PARAMETER    2  IS CONSTANT.   IGNORED.
 **********
 **   55 **FIX            3
 **********
 **********
 **   56 **FIX            4
 **********
 **********
 **   57 **FIX            5
 **********
 PARAMETER    5  IS CONSTANT.   IGNORED.
 **********
 **   58 **FIX            6
 **********
 **********
 **   59 **FIX            7
 **********
 PARAMETER    7  IS CONSTANT.   IGNORED.
 **********
 **   60 **FIX            8
 **********
 **********
 **   61 **FIX            9
 **********
 **********
 **   62 **FIX           13
 **********
 **********
 **   63 **FIX           14
 **********
 **********
 **   64 **FIX           15
 **********
 PARAMETER   15  IS CONSTANT.   IGNORED.
 **********
 **   65 **FIX           16
 **********
 **********
 **   66 **MIGRAD
 **********
 START MIGRAD MINIMIZATION.  STRATEGY  1.  CONVERGENCE WHEN EDM .LT. 1.00e-04
 FCN=46.1664 FROM MIGRAD    STATUS=INITIATE       16 CALLS        1852 TOTAL
                     EDM= unknown      STRATEGY= 1      NO ERROR MATRIX       
  EXT PARAMETER               CURRENT GUESS       STEP         FIRST   
  NO.   NAME      VALUE            ERROR          SIZE      DERIVATIVE 
   1  N0           2.96953e+06     fixed    
   2  tau          6.44041e+01   constant   
   3  A0           3.54011e-01     fixed    
   4  phi          4.11421e+00     fixed    
   5  R           -5.92716e+01   constant   
   6  alpha_CBO    8.59296e-04     fixed    
   7  w_CBO        2.32500e+00   constant   
   8  beta_CBO    -1.21233e-03     fixed    
   9  alpha_2CBO  -2.67705e-04     fixed    
  10  beta_2CBO   -2.56369e-04   8.18894e-04   8.18894e-04  -1.66652e+02
  11  alpha_y      0.00000e+00   1.00000e-03   1.00000e-03   5.31093e+01
  12  w_y          1.38860e+01   constant   
  13  beta_y      -9.10606e-04     fixed    
  14  alpha_vw     0.00000e+00     fixed    
  15  w_vw         1.43404e+01   constant   
  16  beta_vw      0.00000e+00     fixed    
  17  LM           4.68092e-05   constant   
  18  zeta_y       0.00000e+00   constant   
  19  zeta_vw      0.00000e+00   constant   
  20  T_CBO        9.99999e+02   8.22156e+02   1.12030e-01  -3.82566e-06
  21  alpha_A0     2.41037e-03   4.49328e-03   1.53233e-03  -7.16084e-04
  22  beta_A0     -6.57267e-03   4.97934e-03   2.14208e-03   7.62431e-04
  23  alpha_phi   -3.16168e-03   4.55953e-03   1.56312e-03   2.16499e-04
  24  beta_phi    -9.63638e-04   4.28561e-03   1.44952e-03   2.02492e-04
 MIGRAD MINIMIZATION HAS CONVERGED.
 MIGRAD WILL VERIFY CONVERGENCE AND ERROR MATRIX.
 COVARIANCE MATRIX CALCULATED SUCCESSFULLY
 FCN=46.1613 FROM MIGRAD    STATUS=CONVERGED     101 CALLS        1937 TOTAL
                     EDM=1.52573e-06    STRATEGY= 1      ERROR MATRIX ACCURATE 
  EXT PARAMETER                                   STEP         FIRST   
  NO.   NAME      VALUE            ERROR          SIZE      DERIVATIVE 
   1  N0           2.96953e+06     fixed    
   2  tau          6.44041e+01   constant   
   3  A0           3.54011e-01     fixed    
   4  phi          4.11421e+00     fixed    
   5  R           -5.92716e+01   constant   
   6  alpha_CBO    8.59296e-04     fixed    
   7  w_CBO        2.32500e+00   constant   
   8  beta_CBO    -1.21233e-03     fixed    
   9  alpha_2CBO  -2.67705e-04     fixed    
  10  beta_2CBO   -1.99790e-04   8.27186e-04   2.71150e-06  -6.54197e-01
  11  alpha_y     -1.71368e-05   8.07751e-04   2.70755e-06  -1.50954e+00
  12  w_y          1.38860e+01   constant   
  13  beta_y      -9.10606e-04     fixed    
  14  alpha_vw     0.00000e+00     fixed    
  15  w_vw         1.43404e+01   constant   
  16  beta_vw      0.00000e+00     fixed    
  17  LM           4.68092e-05   constant   
  18  zeta_y       0.00000e+00   constant   
  19  zeta_vw      0.00000e+00   constant   
  20  T_CBO        1.00000e+03   9.99914e+02   7.50065e-02** at limit **
  21  alpha_A0     2.37744e-03   4.34641e-03   1.53253e-03  -3.34599e-05
  22  beta_A0     -6.61478e-03   4.68914e-03   2.13743e-03  -4.86988e-04
  23  alpha_phi   -3.13919e-03   4.34077e-03   1.56416e-03   1.90211e-03
  24  beta_phi    -1.00179e-03   4.21556e-03   1.44923e-03   1.59308e-03
 EXTERNAL ERROR MATRIX.    NDIM=  25    NPAR=  7    ERR DEF=1
  6.842e-07  8.220e-09  8.053e-08 -4.033e-07 -4.640e-07  2.536e-07 -4.584e-07 
  8.220e-09  6.525e-07  1.600e-08  8.740e-09  6.692e-08  9.003e-09  4.897e-08 
  8.053e-08  1.600e-08  2.926e-01  2.793e-04 -7.857e-04 -3.670e-04 -1.188e-04 
 -4.033e-07  8.740e-09  2.793e-04  2.031e-05  1.776e-07  9.751e-07  6.806e-07 
 -4.640e-07  6.692e-08 -7.857e-04  1.776e-07  2.566e-05  1.623e-06  5.607e-07 
  2.536e-07  9.003e-09 -3.670e-04  9.751e-07  1.623e-06  2.032e-05 -1.109e-06 
 -4.584e-07  4.897e-08 -1.188e-04  6.806e-07  5.607e-07 -1.109e-06  1.895e-05 
 PARAMETER  CORRELATION COEFFICIENTS  
       NO.  GLOBAL     10     11     20     21     22     23     24
       10  0.21066   1.000  0.012  0.000 -0.108 -0.111  0.068 -0.127
       11  0.02749   0.012  1.000  0.000  0.002  0.016  0.002  0.014
       20  0.34310   0.000  0.000  1.000  0.115 -0.287 -0.150 -0.050
       21  0.17885  -0.108  0.002  0.115  1.000  0.008  0.048  0.035
       22  0.31106  -0.111  0.016 -0.287  0.008  1.000  0.071  0.025
       23  0.19302   0.068  0.002 -0.150  0.048  0.071  1.000 -0.057
       24  0.15209  -0.127  0.014 -0.050  0.035  0.025 -0.057  1.000
MINUIT - FIT ONLY 2-y
 **********
 **   67 **RES 
 **********
                   PARAMETER   16  beta_vw RESTORED TO VARIABLE.
                   PARAMETER   14  alpha_vw RESTORED TO VARIABLE.
                   PARAMETER   13  beta_y RESTORED TO VARIABLE.
                   PARAMETER    9  alpha_2CBO RESTORED TO VARIABLE.
                   PARAMETER    8  beta_CBO RESTORED TO VARIABLE.
                   PARAMETER    6  alpha_CBO RESTORED TO VARIABLE.
                   PARAMETER    4  phi RESTORED TO VARIABLE.
                   PARAMETER    3  A0 RESTORED TO VARIABLE.
                   PARAMETER    1  N0 RESTORED TO VARIABLE.
 **********
 **   68 **FIX            0
 **********
 PARAMETER    0  IS UNDEFINED. IGNORED.
 **********
 **   69 **FIX            1
 **********
 **********
 **   70 **FIX            2
 **********
 PARAMETER    2  IS CONSTANT.   IGNORED.
 **********
 **   71 **FIX            3
 **********
 **********
 **   72 **FIX            4
 **********
 **********
 **   73 **FIX            5
 **********
 PARAMETER    5  IS CONSTANT.   IGNORED.
 **********
 **   74 **FIX            6
 **********
 **********
 **   75 **FIX            7
 **********
 PARAMETER    7  IS CONSTANT.   IGNORED.
 **********
 **   76 **FIX            8
 **********
 **********
 **   77 **FIX            9
 **********
 **********
 **   78 **FIX           10
 **********
 **********
 **   79 **FIX           11
 **********
 **********
 **   80 **FIX           12
 **********
 PARAMETER   12  IS CONSTANT.   IGNORED.
 **********
 **   81 **FIX           16
 **********
 **********
 **   82 **MIGRAD
 **********
 START MIGRAD MINIMIZATION.  STRATEGY  1.  CONVERGENCE WHEN EDM .LT. 1.00e-04
 FCN=46.1613 FROM MIGRAD    STATUS=INITIATE       16 CALLS        1953 TOTAL
                     EDM= unknown      STRATEGY= 1      NO ERROR MATRIX       
  EXT PARAMETER               CURRENT GUESS       STEP         FIRST   
  NO.   NAME      VALUE            ERROR          SIZE      DERIVATIVE 
   1  N0           2.96953e+06     fixed    
   2  tau          6.44041e+01   constant   
   3  A0           3.54011e-01     fixed    
   4  phi          4.11421e+00     fixed    
   5  R           -5.92716e+01   constant   
   6  alpha_CBO    8.59296e-04     fixed    
   7  w_CBO        2.32500e+00   constant   
   8  beta_CBO    -1.21233e-03     fixed    
   9  alpha_2CBO  -2.67705e-04     fixed    
  10  beta_2CBO   -1.99790e-04     fixed    
  11  alpha_y     -1.71368e-05     fixed    
  12  w_y          1.38860e+01   constant   
  13  beta_y      -9.10606e-04   8.14297e-04   8.14297e-04  -6.64425e+01
  14  alpha_vw     0.00000e+00   1.00000e-03   1.00000e-03  -3.50483e+03
  15  w_vw         1.43404e+01   constant   
  16  beta_vw      0.00000e+00     fixed    
  17  LM           4.68092e-05   constant   
  18  zeta_y       0.00000e+00   constant   
  19  zeta_vw      0.00000e+00   constant   
  20  T_CBO        9.99999e+02   9.99914e+02   7.50065e-02  -3.40216e-06
  21  alpha_A0     2.37744e-03   4.34641e-03   1.53253e-03  -3.47908e-05
  22  beta_A0     -6.61478e-03   4.68914e-03   2.13743e-03  -4.76080e-04
  23  alpha_phi   -3.13919e-03   4.34077e-03   1.56416e-03   1.90666e-03
  24  beta_phi    -1.00179e-03   4.21556e-03   1.44923e-03   1.59461e-03
 MIGRAD MINIMIZATION HAS CONVERGED.
 MIGRAD WILL VERIFY CONVERGENCE AND ERROR MATRIX.
 COVARIANCE MATRIX CALCULATED SUCCESSFULLY
 FCN=44.1315 FROM MIGRAD    STATUS=CONVERGED      98 CALLS        2035 TOTAL
                     EDM=1.19089e-05    STRATEGY= 1      ERROR MATRIX ACCURATE 
  EXT PARAMETER                                   STEP         FIRST   
  NO.   NAME      VALUE            ERROR          SIZE      DERIVATIVE 
   1  N0           2.96953e+06     fixed    
   2  tau          6.44041e+01   constant   
   3  A0           3.54011e-01     fixed    
   4  phi          4.11421e+00     fixed    
   5  R           -5.92716e+01   constant   
   6  alpha_CBO    8.59296e-04     fixed    
   7  w_CBO        2.32500e+00   constant   
   8  beta_CBO    -1.21233e-03     fixed    
   9  alpha_2CBO  -2.67705e-04     fixed    
  10  beta_2CBO   -1.99790e-04     fixed    
  11  alpha_y     -1.71368e-05     fixed    
  12  w_y          1.38860e+01   constant   
  13  beta_y      -8.28743e-04   8.15953e-04   2.67197e-06  -1.43480e-01
  14  alpha_vw     1.15674e-03   8.12055e-04   2.66005e-06   6.72653e-03
