 + ++++++++++++++++++++++++++++++++++++++++++++++++++++++++++++++++++++ +
 +                                                                      +
 +           You have chose to blind your fitting according to          +
 +                omega_ref * (1 + (R +/- deltaR) *10^{-6})             +
 +                                                                      +
 + ++++++++++++++++++++++++++++++++++++++++++++++++++++++++++++++++++++ +
In main()...
reading format from /gm2data/zkhechad/run45/envelope/formats/formatB_sBin_constraintOn.txt
pBinTau 	= 0  
pBinPhi 	= 0  
constraintau 	= 1 
includeMopTerm 	= 0    
constrainMop    = 0   
Parameters after format file: pBinTau 0 pBinPhi 0 constraintau 1 includeMopTerm 0 constrainMop 0 c_e_scale 0.000000 
Opening file /gm2data/tbarrett/gm2fr/studies/run23_bunch_corrections/CorrectedFourier_Run3b.root.
reading full fit data from /gm2data/zkhechad/cboTemplates/Run4CBOTemplates/fullFits/noRF/sBin_constraintOn_cE0.0_seed0_noRF_calo8.root
windowBins = 34
fitting sliding window 35 from bin 171 at 25.364000 to bin 205 at 30.586000 (34 bins)

Reading data from /gm2data/cornell/histograms/aMethod/histogram_a_noRF.root
 **********
 **    1 **SET PRINTOUT            1
 **********
 **********
 **    2 **SET NOWARNINGS 
 **********
 PARAMETER DEFINITIONS:
    NO.   NAME         VALUE      STEP SIZE      LIMITS
     1 N0           2.93777e+06  1.00000e+02     no limits
     2 tau          6.44050e+01  constant
     3 A0           3.52923e-01  1.00000e-04     no limits
     4 phi          4.11508e+00  1.00000e-02     no limits
     5 R           -6.11922e+01  constant
     6 alpha_CBO    0.00000e+00  1.00000e-03     no limits
     7 w_CBO        2.32500e+00  constant
     8 beta_CBO     0.00000e+00  1.00000e-03     no limits
     9 alpha_2CBO   0.00000e+00  1.00000e-03     no limits
    10 beta_2CBO    0.00000e+00  1.00000e-03     no limits
    11 alpha_y      0.00000e+00  1.00000e-03     no limits
    12 w_y          1.38860e+01  constant
    13 beta_y       0.00000e+00  1.00000e-03     no limits
    14 alpha_vw     0.00000e+00  1.00000e-03     no limits
    15 w_vw         1.43404e+01  constant
    16 beta_vw      0.00000e+00  1.00000e-03     no limits
    17 LM           1.41693e-04  constant
    18 zeta_y       0.00000e+00  constant
    19 zeta_vw      0.00000e+00  constant
    20 T_CBO        1.00000e+02  1.00000e+00    0.00000e+00  1.00000e+03
    21 alpha_A0     0.00000e+00  1.00000e-03     no limits
    22 beta_A0      0.00000e+00  1.00000e-03     no limits
    23 alpha_phi    0.00000e+00  1.00000e-03     no limits
    24 beta_phi     0.00000e+00  1.00000e-03     no limits
MINUIT - FIT ONLY WIGGLE
 **********
 **    3 **FIX            5
 **********
 PARAMETER    5  IS CONSTANT.   IGNORED.
 **********
 **    4 **FIX            6
 **********
 **********
 **    5 **FIX            7
 **********
 PARAMETER    7  IS CONSTANT.   IGNORED.
 **********
 **    6 **FIX            8
 **********
 **********
 **    7 **FIX            9
 **********
 **********
 **    8 **FIX           10
 **********
 **********
 **    9 **FIX           11
 **********
 **********
 **   10 **FIX           12
 **********
 PARAMETER   12  IS CONSTANT.   IGNORED.
 **********
 **   11 **FIX           13
 **********
 **********
 **   12 **FIX           14
 **********
 **********
 **   13 **FIX           15
 **********
 PARAMETER   15  IS CONSTANT.   IGNORED.
 **********
 **   14 **FIX           16
 **********
 **********
 **   15 **MIGRAD
 **********
 FIRST CALL TO USER FUNCTION AT NEW START POINT, WITH IFLAG=4.
 START MIGRAD MINIMIZATION.  STRATEGY  1.  CONVERGENCE WHEN EDM .LT. 1.00e-04
 FCN=15164.5 FROM MIGRAD    STATUS=INITIATE      435 CALLS         436 TOTAL
                     EDM= unknown      STRATEGY= 1      NO ERROR MATRIX       
  EXT PARAMETER               CURRENT GUESS       STEP         FIRST   
  NO.   NAME      VALUE            ERROR          SIZE      DERIVATIVE 
   1  N0           2.93777e+06   1.00000e+02   0.00000e+00  -1.24447e-02
   2  tau          6.44050e+01   constant   
   3  A0           3.52923e-01   1.00000e-04   0.00000e+00   1.34801e+05
   4  phi          4.11508e+00   1.00000e-02   0.00000e+00  -2.69523e+05
   5  R           -6.11922e+01   constant   
   6  alpha_CBO    0.00000e+00     fixed    
   7  w_CBO        2.32500e+00   constant   
   8  beta_CBO     0.00000e+00     fixed    
   9  alpha_2CBO   0.00000e+00     fixed    
  10  beta_2CBO    0.00000e+00     fixed    
  11  alpha_y      0.00000e+00     fixed    
  12  w_y          1.38860e+01   constant   
  13  beta_y       0.00000e+00     fixed    
  14  alpha_vw     0.00000e+00     fixed    
  15  w_vw         1.43404e+01   constant   
  16  beta_vw      0.00000e+00     fixed    
  17  LM           1.41693e-04   constant   
  18  zeta_y       0.00000e+00   constant   
  19  zeta_vw      0.00000e+00   constant   
  20  T_CBO        1.00000e+02   1.00000e+00   0.00000e+00   0.00000e+00
  21  alpha_A0     0.00000e+00   1.00000e-03   0.00000e+00  -7.92017e+04
  22  beta_A0      0.00000e+00   1.00000e-03   0.00000e+00  -1.80682e+04
  23  alpha_phi    0.00000e+00   1.00000e-03   0.00000e+00  -7.14152e+04
  24  beta_phi     0.00000e+00   1.00000e-03   0.00000e+00   1.47516e+03
 MIGRAD MINIMIZATION HAS CONVERGED.
 FCN=4362.15 FROM MIGRAD    STATUS=CONVERGED     870 CALLS         871 TOTAL
                     EDM=9.48503e-07    STRATEGY= 1  ERROR MATRIX UNCERTAINTY   0.1 per cent
  EXT PARAMETER                                   STEP         FIRST   
  NO.   NAME      VALUE            ERROR          SIZE      DERIVATIVE 
   1  N0           2.88773e+06   6.18304e+02  -3.49320e-01  -5.22661e-06
   2  tau          6.44050e+01   constant   
   3  A0           3.56260e-01   2.36974e-04  -4.21289e-07  -1.77646e+00
   4  phi          4.20208e+00   8.94784e-04  -4.04911e-07  -1.31038e+00
   5  R           -6.11922e+01   constant   
   6  alpha_CBO    0.00000e+00     fixed    
   7  w_CBO        2.32500e+00   constant   
   8  beta_CBO     0.00000e+00     fixed    
   9  alpha_2CBO   0.00000e+00     fixed    
  10  beta_2CBO    0.00000e+00     fixed    
  11  alpha_y      0.00000e+00     fixed    
  12  w_y          1.38860e+01   constant   
  13  beta_y       0.00000e+00     fixed    
  14  alpha_vw     0.00000e+00     fixed    
  15  w_vw         1.43404e+01   constant   
  16  beta_vw      0.00000e+00     fixed    
  17  LM           1.41693e-04   constant   
  18  zeta_y       0.00000e+00   constant   
  19  zeta_vw      0.00000e+00   constant   
  20  T_CBO        1.00000e+03   6.29965e+02   6.45351e-04** at limit **
  21  alpha_A0     7.78264e-02   8.40364e-04   1.38957e-06   7.25721e-02
  22  beta_A0     -7.70411e-02   9.67458e-04  -2.02006e-06   1.08715e+00
  23  alpha_phi   -7.27563e-02   1.11549e-03  -1.99486e-06   4.88336e-01
  24  beta_phi    -9.99544e-02   1.16098e-03  -3.82171e-06   6.65915e-01
 EXTERNAL ERROR MATRIX.    NDIM=  25    NPAR=  8    ERR DEF=1
  3.823e+05 -9.388e-02 -4.984e-01  1.264e+00 -4.153e-01  5.229e-01  5.938e-01  5.802e-01 
 -9.388e-02  5.616e-08  1.234e-07  1.612e-06  7.544e-08 -1.634e-07 -2.123e-07 -8.672e-08 
 -4.984e-01  1.234e-07  8.006e-07  1.368e-06  6.398e-07 -7.316e-07 -8.306e-07 -9.000e-07 
  1.264e+00  1.612e-06  1.368e-06  2.156e-01  4.817e-06 -3.308e-06 -3.104e-06  1.528e-07 
 -4.153e-01  7.544e-08  6.398e-07  4.817e-06  7.062e-07 -5.987e-07 -6.288e-07 -7.911e-07 
  5.229e-01 -1.634e-07 -7.316e-07 -3.308e-06 -5.987e-07  9.360e-07  8.926e-07  8.285e-07 
  5.938e-01 -2.123e-07 -8.306e-07 -3.104e-06 -6.288e-07  8.926e-07  1.244e-06  8.527e-07 
  5.802e-01 -8.672e-08 -9.000e-07  1.528e-07 -7.911e-07  8.285e-07  8.527e-07  1.348e-06 
 PARAMETER  CORRELATION COEFFICIENTS  
       NO.  GLOBAL      1      3      4     20     21     22     23     24
        1  0.93901   1.000 -0.641 -0.901  0.004 -0.799  0.874  0.861  0.808
        3  0.89296  -0.641  1.000  0.582  0.015  0.379 -0.713 -0.803 -0.315
        4  0.95146  -0.901  0.582  1.000  0.003  0.851 -0.845 -0.832 -0.866
       20  0.04231   0.004  0.015  0.003  1.000  0.012 -0.007 -0.006  0.000
       21  0.87664  -0.799  0.379  0.851  0.012  1.000 -0.736 -0.671 -0.811
       22  0.91350   0.874 -0.713 -0.845 -0.007 -0.736  1.000  0.827  0.738
       23  0.93029   0.861 -0.803 -0.832 -0.006 -0.671  0.827  1.000  0.658
       24  0.91541   0.808 -0.315 -0.866  0.000 -0.811  0.738  0.658  1.000
MINUIT - FIT ONLY 1-CBO + wiggle
 **********
 **   16 **RES 
 **********
                   PARAMETER   16  beta_vw RESTORED TO VARIABLE.
                   PARAMETER   14  alpha_vw RESTORED TO VARIABLE.
                   PARAMETER   13  beta_y RESTORED TO VARIABLE.
                   PARAMETER   11  alpha_y RESTORED TO VARIABLE.
                   PARAMETER   10  beta_2CBO RESTORED TO VARIABLE.
                   PARAMETER    9  alpha_2CBO RESTORED TO VARIABLE.
                   PARAMETER    8  beta_CBO RESTORED TO VARIABLE.
                   PARAMETER    6  alpha_CBO RESTORED TO VARIABLE.
 **********
 **   17 **FIX            8
 **********
 **********
 **   18 **FIX            9
 **********
 **********
 **   19 **FIX           11
 **********
 **********
 **   20 **FIX           12
 **********
 PARAMETER   12  IS CONSTANT.   IGNORED.
 **********
 **   21 **FIX           14
 **********
 **********
 **   22 **FIX           15
 **********
 PARAMETER   15  IS CONSTANT.   IGNORED.
 **********
 **   23 **FIX           16
 **********
 **********
 **   24 **MIGRAD
 **********
 START MIGRAD MINIMIZATION.  STRATEGY  1.  CONVERGENCE WHEN EDM .LT. 1.00e-04
 FCN=4362.15 FROM MIGRAD    STATUS=INITIATE       28 CALLS         899 TOTAL
                     EDM= unknown      STRATEGY= 1      NO ERROR MATRIX       
  EXT PARAMETER               CURRENT GUESS       STEP         FIRST   
  NO.   NAME      VALUE            ERROR          SIZE      DERIVATIVE 
   1  N0           2.88773e+06   6.18304e+02  -3.49320e-01  -5.22661e-06
   2  tau          6.44050e+01   constant   
   3  A0           3.56260e-01   2.36974e-04  -4.21289e-07  -1.77645e+00
   4  phi          4.20208e+00   8.94784e-04  -4.04911e-07  -1.31038e+00
   5  R           -6.11922e+01   constant   
   6  alpha_CBO    0.00000e+00   1.00000e-03   1.00000e-03  -3.90195e+05
   7  w_CBO        2.32500e+00   constant   
   8  beta_CBO     0.00000e+00     fixed    
   9  alpha_2CBO   0.00000e+00     fixed    
  10  beta_2CBO    0.00000e+00   1.00000e-03   1.00000e-03   4.82498e+05
  11  alpha_y      0.00000e+00     fixed    
  12  w_y          1.38860e+01   constant   
  13  beta_y       0.00000e+00   1.00000e-03   1.00000e-03  -9.36338e+05
  14  alpha_vw     0.00000e+00     fixed    
  15  w_vw         1.43404e+01   constant   
  16  beta_vw      0.00000e+00     fixed    
  17  LM           1.41693e-04   constant   
  18  zeta_y       0.00000e+00   constant   
  19  zeta_vw      0.00000e+00   constant   
  20  T_CBO        1.00000e+03   6.29965e+02   6.45351e-04** at limit **
  21  alpha_A0     7.78264e-02   8.40364e-04   1.38957e-06   7.25589e-02
  22  beta_A0     -7.70411e-02   9.67458e-04  -2.02006e-06   1.08717e+00
  23  alpha_phi   -7.27563e-02   1.11549e-03  -1.99486e-06   4.88336e-01
  24  beta_phi    -9.99544e-02   1.16098e-03  -3.82171e-06   6.65915e-01
 MIGRAD MINIMIZATION HAS CONVERGED.
 FCN=565.096 FROM MIGRAD    STATUS=CONVERGED     944 CALLS        1815 TOTAL
                     EDM=1.91721e-06    STRATEGY= 1  ERROR MATRIX UNCERTAINTY   0.0 per cent
  EXT PARAMETER                                   STEP         FIRST   
  NO.   NAME      VALUE            ERROR          SIZE      DERIVATIVE 
   1  N0           2.89344e+06   7.86821e+02  -5.83923e-05  -5.29606e-06
   2  tau          6.44050e+01   constant   
   3  A0           3.61816e-01   3.13728e-04  -4.66515e-07   1.51927e+01
   4  phi          4.18869e+00   1.25033e-03   8.48584e-07   4.13719e+00
   5  R           -6.11922e+01   constant   
   6  alpha_CBO    5.98712e-03   2.20388e-04  -2.59983e-07   8.65564e-01
   7  w_CBO        2.32500e+00   constant   
   8  beta_CBO     0.00000e+00     fixed    
   9  alpha_2CBO   0.00000e+00     fixed    
  10  beta_2CBO   -1.32323e-03   1.34393e-04  -5.76444e-08   3.41579e+00
  11  alpha_y      0.00000e+00     fixed    
  12  w_y          1.38860e+01   constant   
  13  beta_y       4.90216e-03   1.04724e-04   1.26176e-08  -1.89803e+00
  14  alpha_vw     0.00000e+00     fixed    
  15  w_vw         1.43404e+01   constant   
  16  beta_vw      0.00000e+00     fixed    
  17  LM           1.41693e-04   constant   
  18  zeta_y       0.00000e+00   constant   
  19  zeta_vw      0.00000e+00   constant   
  20  T_CBO        1.00000e+03   9.95337e+02  -2.12360e-02** at limit **
  21  alpha_A0     5.66259e-02   1.31898e-03   1.10978e-06   5.75574e-02
  22  beta_A0     -7.47383e-02   1.10043e-03   6.86939e-07   3.72656e+00
  23  alpha_phi   -7.59384e-02   1.24143e-03   1.21266e-06   4.44627e+00
  24  beta_phi    -7.44827e-02   1.92254e-03  -1.89753e-06   5.65602e-01
 EXTERNAL ERROR MATRIX.    NDIM=  25    NPAR= 11    ERR DEF=1
  6.191e+05 
 -2.768e-02  9.843e-08 
 -9.164e-01 -1.960e-08  1.563e-06 
  8.847e-02  4.371e-08 -1.758e-07  4.857e-08 
  3.569e-02  1.402e-08 -7.334e-08  1.421e-08  1.806e-08 
 -6.738e-03  1.649e-10  8.930e-09 -7.697e-10  4.687e-10  1.097e-08 
 -5.205e-01  4.104e-07  1.349e-08 -9.039e-08 -1.135e-07  6.462e-08  3.455e-01 
 -8.827e-01 -1.042e-07  1.513e-06 -2.170e-07 -7.170e-08  1.127e-08  1.660e-05  1.740e-06 
  7.646e-01 -1.201e-07 -1.138e-06  7.121e-08  2.703e-08 -9.914e-09 -2.307e-05 -1.037e-06  1.211e-06 
  8.157e-01 -1.969e-07 -1.184e-06  4.392e-08  3.076e-08 -7.044e-09 -2.394e-05 -9.813e-07  1.165e-06  1.541e-06 
  1.281e+00  1.888e-07 -2.224e-06  3.219e-07  1.364e-07 -1.362e-08 -2.175e-05 -2.325e-06  1.468e-06  1.382e-06  3.696e-06 
 PARAMETER  CORRELATION COEFFICIENTS  
       NO.  GLOBAL      1      3      4      6     10     13     20     21     22     23     24
        1  0.96123   1.000 -0.112 -0.932  0.510  0.338 -0.082 -0.001 -0.851  0.883  0.835  0.847
        3  0.94085  -0.112  1.000 -0.050  0.632  0.332  0.005  0.002 -0.252 -0.348 -0.505  0.313
        4  0.97663  -0.932 -0.050  1.000 -0.638 -0.436  0.068  0.000  0.918 -0.827 -0.763 -0.925
        6  0.88507   0.510  0.632 -0.638  1.000  0.480 -0.033 -0.001 -0.746  0.294  0.161  0.760
       10  0.61869   0.338  0.332 -0.436  0.480  1.000  0.033 -0.001 -0.404  0.183  0.184  0.528
       13  0.12443  -0.082  0.005  0.068 -0.033  0.033  1.000  0.001  0.082 -0.086 -0.054 -0.068
       20  0.15213  -0.001  0.002  0.000 -0.001 -0.001  0.001  1.000  0.021 -0.036 -0.033 -0.019
       21  0.95158  -0.851 -0.252  0.918 -0.746 -0.404  0.082  0.021  1.000 -0.714 -0.599 -0.917
       22  0.93587   0.883 -0.348 -0.827  0.294  0.183 -0.086 -0.036 -0.714  1.000  0.853  0.694
       23  0.94620   0.835 -0.505 -0.763  0.161  0.184 -0.054 -0.033 -0.599  0.853  1.000  0.579
       24  0.97085   0.847  0.313 -0.925  0.760  0.528 -0.068 -0.019 -0.917  0.694  0.579  1.000
MINUIT - FIT ONLY 2-CBO
 **********
 **   25 **RES 
 **********
                   PARAMETER   16  beta_vw RESTORED TO VARIABLE.
                   PARAMETER   14  alpha_vw RESTORED TO VARIABLE.
                   PARAMETER   11  alpha_y RESTORED TO VARIABLE.
                   PARAMETER    9  alpha_2CBO RESTORED TO VARIABLE.
                   PARAMETER    8  beta_CBO RESTORED TO VARIABLE.
 **********
 **   26 **FIX            0
 **********
 PARAMETER    0  IS UNDEFINED. IGNORED.
 **********
 **   27 **FIX            1
 **********
 **********
 **   28 **FIX            2
 **********
 PARAMETER    2  IS CONSTANT.   IGNORED.
 **********
 **   29 **FIX            3
 **********
 **********
 **   30 **FIX            4
 **********
 **********
 **   31 **FIX            5
 **********
 PARAMETER    5  IS CONSTANT.   IGNORED.
 **********
 **   32 **FIX            6
 **********
 **********
 **   33 **FIX            7
 **********
 PARAMETER    7  IS CONSTANT.   IGNORED.
 **********
 **   34 **FIX           10
 **********
 **********
 **   35 **FIX           11
 **********
 **********
 **   36 **FIX           12
 **********
 PARAMETER   12  IS CONSTANT.   IGNORED.
 **********
 **   37 **FIX           13
 **********
 **********
 **   38 **FIX           14
 **********
 **********
 **   39 **FIX           15
 **********
 PARAMETER   15  IS CONSTANT.   IGNORED.
 **********
 **   40 **FIX           16
 **********
 **********
 **   41 **MIGRAD
 **********
 START MIGRAD MINIMIZATION.  STRATEGY  1.  CONVERGENCE WHEN EDM .LT. 1.00e-04
 FCN=565.096 FROM MIGRAD    STATUS=INITIATE       18 CALLS        1833 TOTAL
                     EDM= unknown      STRATEGY= 1      NO ERROR MATRIX       
  EXT PARAMETER               CURRENT GUESS       STEP         FIRST   
  NO.   NAME      VALUE            ERROR          SIZE      DERIVATIVE 
   1  N0           2.89344e+06     fixed    
   2  tau          6.44050e+01   constant   
   3  A0           3.61816e-01     fixed    
   4  phi          4.18869e+00     fixed    
   5  R           -6.11922e+01   constant   
   6  alpha_CBO    5.98712e-03     fixed    
   7  w_CBO        2.32500e+00   constant   
   8  beta_CBO     0.00000e+00   1.00000e-03   1.00000e-03   2.00163e+04
   9  alpha_2CBO   0.00000e+00   1.00000e-03   1.00000e-03   6.58709e+04
  10  beta_2CBO   -1.32323e-03     fixed    
  11  alpha_y      0.00000e+00     fixed    
  12  w_y          1.38860e+01   constant   
  13  beta_y       4.90216e-03     fixed    
  14  alpha_vw     0.00000e+00     fixed    
  15  w_vw         1.43404e+01   constant   
  16  beta_vw      0.00000e+00     fixed    
  17  LM           1.41693e-04   constant   
  18  zeta_y       0.00000e+00   constant   
  19  zeta_vw      0.00000e+00   constant   
  20  T_CBO        1.00000e+03   9.95337e+02  -2.12360e-02** at limit **
  21  alpha_A0     5.66259e-02   1.31898e-03   1.10978e-06   5.75681e-02
  22  beta_A0     -7.47383e-02   1.10043e-03   6.86939e-07   3.72657e+00
  23  alpha_phi   -7.59384e-02   1.24143e-03   1.21266e-06   4.44627e+00
  24  beta_phi    -7.44827e-02   1.92254e-03  -1.89753e-06   5.65603e-01
 MIGRAD MINIMIZATION HAS CONVERGED.
 MIGRAD WILL VERIFY CONVERGENCE AND ERROR MATRIX.
 COVARIANCE MATRIX CALCULATED SUCCESSFULLY
 FCN=550.801 FROM MIGRAD    STATUS=CONVERGED     147 CALLS        1962 TOTAL
                     EDM=1.37875e-07    STRATEGY= 1      ERROR MATRIX ACCURATE 
  EXT PARAMETER                                   STEP         FIRST   
  NO.   NAME      VALUE            ERROR          SIZE      DERIVATIVE 
   1  N0           2.89344e+06     fixed    
   2  tau          6.44050e+01   constant   
   3  A0           3.61816e-01     fixed    
   4  phi          4.18869e+00     fixed    
   5  R           -6.11922e+01   constant   
   6  alpha_CBO    5.98712e-03     fixed    
   7  w_CBO        2.32500e+00   constant   
   8  beta_CBO    -8.64092e-05   1.09585e-04   1.23356e-06  -2.36478e+00
   9  alpha_2CBO  -4.07773e-04   1.12660e-04   1.19507e-06   7.56217e-01
  10  beta_2CBO   -1.32323e-03     fixed    
  11  alpha_y      0.00000e+00     fixed    
  12  w_y          1.38860e+01   constant   
  13  beta_y       4.90216e-03     fixed    
  14  alpha_vw     0.00000e+00     fixed    
  15  w_vw         1.43404e+01   constant   
  16  beta_vw      0.00000e+00     fixed    
  17  LM           1.41693e-04   constant   
  18  zeta_y       0.00000e+00   constant   
  19  zeta_vw      0.00000e+00   constant   
  20  T_CBO        1.00000e+03   8.92406e+02   2.45996e-02** at limit **
  21  alpha_A0     5.66169e-02   4.05470e-04   4.56000e-06   7.01332e-01
  22  beta_A0     -7.42905e-02   4.19515e-04   4.42674e-06   5.42004e-02
  23  alpha_phi   -7.63027e-02   4.16851e-04   4.61783e-06   4.00465e-01
  24  beta_phi    -7.41420e-02   4.83495e-04   5.22697e-06   6.97144e-01
 EXTERNAL ERROR MATRIX.    NDIM=  25    NPAR=  7    ERR DEF=1
  1.201e-08 -1.026e-09 -1.043e-08 -2.689e-09 -4.489e-09  1.375e-09  4.125e-09 
 -1.026e-09  1.269e-08  9.866e-09  1.094e-09 -1.224e-08  1.063e-08 -1.159e-08 
 -1.043e-08  9.866e-09  6.131e-03  1.612e-06 -2.155e-06 -2.183e-06 -2.187e-06 
 -2.689e-09  1.094e-09  1.612e-06  1.644e-07 -2.675e-08 -6.496e-09 -2.161e-08 
 -4.489e-09 -1.224e-08 -2.155e-06 -2.675e-08  1.760e-07 -1.554e-08  5.355e-08 
  1.375e-09  1.063e-08 -2.183e-06 -6.496e-09 -1.554e-08  1.738e-07  5.995e-09 
  4.125e-09 -1.159e-08 -2.187e-06 -2.161e-08  5.355e-08  5.995e-09  2.338e-07 
 PARAMETER  CORRELATION COEFFICIENTS  
       NO.  GLOBAL      8      9     20     21     22     23     24
        8  0.19197   1.000 -0.083 -0.001 -0.061 -0.098  0.030  0.078
        9  0.38038  -0.083  1.000  0.001  0.024 -0.259  0.226 -0.213
       20  0.11098  -0.001  0.001  1.000  0.051 -0.066 -0.067 -0.058
       21  0.19654  -0.061  0.024  0.051  1.000 -0.157 -0.038 -0.110
       22  0.39198  -0.098 -0.259 -0.066 -0.157  1.000 -0.089  0.264
       23  0.25922   0.030  0.226 -0.067 -0.038 -0.089  1.000  0.030
       24  0.33411   0.078 -0.213 -0.058 -0.110  0.264  0.030  1.000
MINUIT - FIT wiggle + 1-CBO + 2-CBO
 **********
 **   42 **RES 
 **********
                   PARAMETER   16  beta_vw RESTORED TO VARIABLE.
                   PARAMETER   14  alpha_vw RESTORED TO VARIABLE.
                   PARAMETER   13  beta_y RESTORED TO VARIABLE.
                   PARAMETER   11  alpha_y RESTORED TO VARIABLE.
                   PARAMETER   10  beta_2CBO RESTORED TO VARIABLE.
                   PARAMETER    6  alpha_CBO RESTORED TO VARIABLE.
                   PARAMETER    4  phi RESTORED TO VARIABLE.
                   PARAMETER    3  A0 RESTORED TO VARIABLE.
                   PARAMETER    1  N0 RESTORED TO VARIABLE.
 **********
 **   43 **FIX           10
 **********
 **********
 **   44 **FIX           11
 **********
 **********
 **   45 **FIX           12
 **********
 PARAMETER   12  IS CONSTANT.   IGNORED.
 **********
 **   46 **FIX           13
 **********
 **********
 **   47 **FIX           14
 **********
 **********
 **   48 **FIX           15
 **********
 PARAMETER   15  IS CONSTANT.   IGNORED.
 **********
 **   49 **FIX           16
 **********
 **********
 **   50 **MIGRAD
 **********
 START MIGRAD MINIMIZATION.  STRATEGY  1.  CONVERGENCE WHEN EDM .LT. 1.00e-04
 FCN=550.801 FROM MIGRAD    STATUS=INITIATE       22 CALLS        1984 TOTAL
                     EDM= unknown      STRATEGY= 1      NO ERROR MATRIX       
  EXT PARAMETER               CURRENT GUESS       STEP         FIRST   
  NO.   NAME      VALUE            ERROR          SIZE      DERIVATIVE 
   1  N0           2.89344e+06   7.86821e+02   7.86821e+02  -3.39756e-03
   2  tau          6.44050e+01   constant   
   3  A0           3.61816e-01   3.13728e-04   3.13728e-04  -1.06676e+04
   4  phi          4.18869e+00   1.25033e-03   1.25033e-03   2.03748e+03
   5  R           -6.11922e+01   constant   
   6  alpha_CBO    5.98712e-03   2.20388e-04   2.20388e-04   5.35331e+03
   7  w_CBO        2.32500e+00   constant   
   8  beta_CBO    -8.64092e-05   1.09585e-04   1.23356e-06  -2.36425e+00
   9  alpha_2CBO  -4.07773e-04   1.12660e-04   1.19507e-06   7.65971e-01
  10  beta_2CBO   -1.32323e-03     fixed    
  11  alpha_y      0.00000e+00     fixed    
  12  w_y          1.38860e+01   constant   
  13  beta_y       4.90216e-03     fixed    
  14  alpha_vw     0.00000e+00     fixed    
  15  w_vw         1.43404e+01   constant   
  16  beta_vw      0.00000e+00     fixed    
  17  LM           1.41693e-04   constant   
  18  zeta_y       0.00000e+00   constant   
  19  zeta_vw      0.00000e+00   constant   
  20  T_CBO        9.99999e+02   8.92406e+02   2.45996e-02  -8.45667e-04
  21  alpha_A0     5.66169e-02   4.05470e-04   4.56000e-06   6.88816e-01
  22  beta_A0     -7.42905e-02   4.19515e-04   4.42674e-06   7.41680e-02
  23  alpha_phi   -7.63027e-02   4.16851e-04   4.61783e-06   4.24041e-01
  24  beta_phi    -7.41420e-02   4.83495e-04   5.22697e-06   7.08588e-01
 MIGRAD MINIMIZATION HAS CONVERGED.
 FCN=532.882 FROM MIGRAD    STATUS=CONVERGED     797 CALLS        2759 TOTAL
                     EDM=8.64001e-06    STRATEGY= 1  ERROR MATRIX UNCERTAINTY   2.2 per cent
  EXT PARAMETER                                   STEP         FIRST   
  NO.   NAME      VALUE            ERROR          SIZE      DERIVATIVE 
   1  N0           2.90662e+06   3.63548e+03   3.87946e-01   1.11842e-05
   2  tau          6.44050e+01   constant   
   3  A0           3.57965e-01   1.31064e-03  -8.45133e-07   8.46943e+00
   4  phi          4.16768e+00   5.78851e-03  -1.83280e-06  -4.48388e+00
   5  R           -6.11922e+01   constant   
   6  alpha_CBO    6.46966e-03   2.16293e-04  -4.37625e-07  -1.96628e+01
   7  w_CBO        2.32500e+00   constant   
   8  beta_CBO    -2.44749e-03   7.07163e-04   2.42664e-07   4.06931e+00
   9  alpha_2CBO  -2.54447e-04   1.77405e-04   2.79597e-07  -1.17237e+01
  10  beta_2CBO   -1.32323e-03     fixed    
  11  alpha_y      0.00000e+00     fixed    
  12  w_y          1.38860e+01   constant   
  13  beta_y       4.90216e-03     fixed    
  14  alpha_vw     0.00000e+00     fixed    
  15  w_vw         1.43404e+01   constant   
  16  beta_vw      0.00000e+00     fixed    
  17  LM           1.41693e-04   constant   
  18  zeta_y       0.00000e+00   constant   
  19  zeta_vw      0.00000e+00   constant   
  20  T_CBO        1.76435e+02   5.20162e+01  -1.52084e-04  -2.87799e-02
  21  alpha_A0     4.64574e-02   2.56319e-03   6.77067e-08   1.95830e-01
  22  beta_A0     -5.92029e-02   4.62803e-03   2.15603e-06  -8.65018e+00
  23  alpha_phi   -5.87529e-02   5.81612e-03   3.01329e-06  -1.58003e-01
  24  beta_phi    -6.13237e-02   3.05676e-03  -8.49743e-07  -3.36889e+00
 EXTERNAL ERROR MATRIX.    NDIM=  25    NPAR= 11    ERR DEF=1
  1.322e+07 
 -4.516e+00  1.718e-06 
 -2.098e+01  7.152e-06  3.351e-05 
  1.972e-01  6.650e-09 -3.372e-07  4.678e-08 
 -2.507e+00  8.992e-07  3.997e-06 -2.146e-08  5.001e-07 
  3.782e-01 -1.670e-07 -6.000e-07 -9.345e-09 -8.272e-08  3.147e-08 
  1.876e+05 -6.530e-02 -2.989e-01  2.376e-03 -3.607e-02  5.577e-03  2.723e+03 
 -8.818e+00  2.735e-06  1.412e-05 -2.663e-07  1.610e-06 -1.960e-07 -1.232e-01  6.570e-06 
  1.675e+01 -5.827e-06 -2.662e-05  2.098e-07 -3.207e-06  4.966e-07  2.382e-01 -1.103e-05  2.142e-05 
  2.092e+01 -7.465e-06 -3.322e-05  1.811e-07 -4.050e-06  6.806e-07  2.988e-01 -1.345e-05  2.665e-05  3.383e-05 
  1.019e+01 -3.021e-06 -1.634e-05  3.607e-07 -1.824e-06  1.885e-07  1.416e-01 -7.601e-06  1.266e-05  1.526e-05  9.344e-06 
 PARAMETER  CORRELATION COEFFICIENTS  
       NO.  GLOBAL      1      3      4      6      8      9     20     21     22     23     24
        1  0.99931   1.000 -0.948 -0.997  0.251 -0.975  0.586  0.989 -0.946  0.995  0.989  0.917
        3  0.99681  -0.948  1.000  0.943  0.023  0.970 -0.718 -0.955  0.814 -0.961 -0.979 -0.754
        4  0.99942  -0.997  0.943  1.000 -0.269  0.977 -0.584 -0.990  0.952 -0.994 -0.987 -0.923
        6  0.88152   0.251  0.023 -0.269  1.000 -0.140 -0.244  0.211 -0.480  0.210  0.144  0.546
        8  0.98912  -0.975  0.970  0.977 -0.140  1.000 -0.659 -0.978  0.888 -0.980 -0.985 -0.844
        9  0.80763   0.586 -0.718 -0.584 -0.244 -0.659  1.000  0.602 -0.431  0.605  0.660  0.348
       20  0.99529   0.989 -0.955 -0.990  0.211 -0.978  0.602  1.000 -0.921  0.987  0.985  0.888
       21  0.98821  -0.946  0.814  0.952 -0.480  0.888 -0.431 -0.921  1.000 -0.930 -0.902 -0.970
       22  0.99839   0.995 -0.961 -0.994  0.210 -0.980  0.605  0.987 -0.930  1.000  0.990  0.895
       23  0.99912   0.989 -0.979 -0.987  0.144 -0.985  0.660  0.985 -0.902  0.990  1.000  0.858
       24  0.99247   0.917 -0.754 -0.923  0.546 -0.844  0.348  0.888 -0.970  0.895  0.858  1.000
MINUIT - FIT ONLY 1-y
 **********
 **   51 **RES 
 **********
                   PARAMETER   16  beta_vw RESTORED TO VARIABLE.
                   PARAMETER   14  alpha_vw RESTORED TO VARIABLE.
                   PARAMETER   13  beta_y RESTORED TO VARIABLE.
                   PARAMETER   11  alpha_y RESTORED TO VARIABLE.
                   PARAMETER   10  beta_2CBO RESTORED TO VARIABLE.
 **********
 **   52 **FIX            0
 **********
 PARAMETER    0  IS UNDEFINED. IGNORED.
 **********
 **   53 **FIX            1
 **********
 **********
 **   54 **FIX            2
 **********
 PARAMETER    2  IS CONSTANT.   IGNORED.
 **********
 **   55 **FIX            3
 **********
 **********
 **   56 **FIX            4
 **********
 **********
 **   57 **FIX            5
 **********
 PARAMETER    5  IS CONSTANT.   IGNORED.
 **********
 **   58 **FIX            6
 **********
 **********
 **   59 **FIX            7
 **********
 PARAMETER    7  IS CONSTANT.   IGNORED.
 **********
 **   60 **FIX            8
 **********
 **********
 **   61 **FIX            9
 **********
 **********
 **   62 **FIX           13
 **********
 **********
 **   63 **FIX           14
 **********
 **********
 **   64 **FIX           15
 **********
 PARAMETER   15  IS CONSTANT.   IGNORED.
 **********
 **   65 **FIX           16
 **********
 **********
 **   66 **MIGRAD
 **********
 START MIGRAD MINIMIZATION.  STRATEGY  1.  CONVERGENCE WHEN EDM .LT. 1.00e-04
 FCN=532.882 FROM MIGRAD    STATUS=INITIATE       16 CALLS        2775 TOTAL
                     EDM= unknown      STRATEGY= 1      NO ERROR MATRIX       
  EXT PARAMETER               CURRENT GUESS       STEP         FIRST   
  NO.   NAME      VALUE            ERROR          SIZE      DERIVATIVE 
   1  N0           2.90662e+06     fixed    
   2  tau          6.44050e+01   constant   
   3  A0           3.57965e-01     fixed    
   4  phi          4.16768e+00     fixed    
   5  R           -6.11922e+01   constant   
   6  alpha_CBO    6.46966e-03     fixed    
   7  w_CBO        2.32500e+00   constant   
   8  beta_CBO    -2.44749e-03     fixed    
   9  alpha_2CBO  -2.54447e-04     fixed    
  10  beta_2CBO   -1.32323e-03   1.34393e-04   1.34393e-04  -5.35575e+04
  11  alpha_y      0.00000e+00   1.00000e-03   1.00000e-03  -1.46659e+05
  12  w_y          1.38860e+01   constant   
  13  beta_y       4.90216e-03     fixed    
  14  alpha_vw     0.00000e+00     fixed    
  15  w_vw         1.43404e+01   constant   
  16  beta_vw      0.00000e+00     fixed    
  17  LM           1.41693e-04   constant   
  18  zeta_y       0.00000e+00   constant   
  19  zeta_vw      0.00000e+00   constant   
  20  T_CBO        1.76435e+02   5.20162e+01  -1.52084e-04   2.87788e-02
  21  alpha_A0     4.64574e-02   2.56319e-03   6.77067e-08   1.95818e-01
  22  beta_A0     -5.92029e-02   4.62803e-03   2.15603e-06  -8.65021e+00
  23  alpha_phi   -5.87529e-02   5.81612e-03   3.01329e-06  -1.58002e-01
  24  beta_phi    -6.13237e-02   3.05676e-03  -8.49743e-07  -3.36889e+00
 MIGRAD MINIMIZATION HAS CONVERGED.
 MIGRAD WILL VERIFY CONVERGENCE AND ERROR MATRIX.
 COVARIANCE MATRIX CALCULATED SUCCESSFULLY
 FCN=461.836 FROM MIGRAD    STATUS=CONVERGED     809 CALLS        3568 TOTAL
                     EDM=3.32395e-06    STRATEGY= 1      ERROR MATRIX ACCURATE 
  EXT PARAMETER                                   STEP         FIRST   
  NO.   NAME      VALUE            ERROR          SIZE      DERIVATIVE 
   1  N0           2.90662e+06     fixed    
   2  tau          6.44050e+01   constant   
   3  A0           3.57965e-01     fixed    
   4  phi          4.16768e+00     fixed    
   5  R           -6.11922e+01   constant   
   6  alpha_CBO    6.46966e-03     fixed    
   7  w_CBO        2.32500e+00   constant   
   8  beta_CBO    -2.44749e-03     fixed    
   9  alpha_2CBO  -2.54447e-04     fixed    
  10  beta_2CBO   -9.54361e-04   1.13042e-04   1.10786e-06  -5.51166e-01
  11  alpha_y      8.25597e-04   1.05759e-04   1.11025e-06  -2.36587e+00
  12  w_y          1.38860e+01   constant   
  13  beta_y       4.90216e-03     fixed    
  14  alpha_vw     0.00000e+00     fixed    
  15  w_vw         1.43404e+01   constant   
  16  beta_vw      0.00000e+00     fixed    
  17  LM           1.41693e-04   constant   
  18  zeta_y       0.00000e+00   constant   
  19  zeta_vw      0.00000e+00   constant   
  20  T_CBO        9.99993e+02   9.25369e+02   3.77898e-02  -6.43667e-04
  21  alpha_A0     4.11737e-02   4.21062e-04   4.23064e-06   2.03969e-01
  22  beta_A0     -5.22642e-02   4.12345e-04   4.11836e-06   5.06604e-01
  23  alpha_phi   -5.15539e-02   4.12078e-04   4.26178e-06  -7.00649e-01
  24  beta_phi    -5.33674e-02   4.78117e-04   4.74593e-06   3.95431e-01
 EXTERNAL ERROR MATRIX.    NDIM=  25    NPAR=  7    ERR DEF=1
  1.278e-08 -2.140e-11 -1.652e-06  1.030e-08 -7.027e-09  4.491e-09  1.206e-08 
 -2.140e-11  1.118e-08 -3.543e-07 -2.802e-10 -1.092e-09 -1.156e-10  8.071e-10 
 -1.652e-06 -3.543e-07  1.004e+02  3.044e-04 -3.944e-04 -3.859e-04 -4.094e-04 
  1.030e-08 -2.802e-10  3.044e-04  1.773e-07 -3.416e-08 -8.867e-09 -9.016e-09 
 -7.027e-09 -1.092e-09 -3.944e-04 -3.416e-08  1.700e-07 -4.153e-09  3.357e-08 
  4.491e-09 -1.156e-10 -3.859e-04 -8.867e-09 -4.153e-09  1.698e-07  2.178e-08 
  1.206e-08  8.071e-10 -4.094e-04 -9.016e-09  3.357e-08  2.178e-08  2.286e-07 
 PARAMETER  CORRELATION COEFFICIENTS  
       NO.  GLOBAL     10     11     20     21     22     23     24
       10  0.35999   1.000 -0.002 -0.001  0.216 -0.151  0.096  0.223
       11  0.03594  -0.002  1.000 -0.000 -0.006 -0.025 -0.003  0.016
       20  0.15562  -0.001 -0.000  1.000  0.072 -0.095 -0.093 -0.085
       21  0.29180   0.216 -0.006  0.072  1.000 -0.197 -0.051 -0.045
       22  0.30987  -0.151 -0.025 -0.095 -0.197  1.000 -0.024  0.170
       23  0.17524   0.096 -0.003 -0.093 -0.051 -0.024  1.000  0.111
       24  0.32725   0.223  0.016 -0.085 -0.045  0.170  0.111  1.000
MINUIT - FIT ONLY 2-y
 **********
 **   67 **RES 
 **********
                   PARAMETER   16  beta_vw RESTORED TO VARIABLE.
                   PARAMETER   14  alpha_vw RESTORED TO VARIABLE.
                   PARAMETER   13  beta_y RESTORED TO VARIABLE.
                   PARAMETER    9  alpha_2CBO RESTORED TO VARIABLE.
                   PARAMETER    8  beta_CBO RESTORED TO VARIABLE.
                   PARAMETER    6  alpha_CBO RESTORED TO VARIABLE.
                   PARAMETER    4  phi RESTORED TO VARIABLE.
                   PARAMETER    3  A0 RESTORED TO VARIABLE.
                   PARAMETER    1  N0 RESTORED TO VARIABLE.
 **********
 **   68 **FIX            0
 **********
 PARAMETER    0  IS UNDEFINED. IGNORED.
 **********
 **   69 **FIX            1
 **********
 **********
 **   70 **FIX            2
 **********
 PARAMETER    2  IS CONSTANT.   IGNORED.
 **********
 **   71 **FIX            3
 **********
 **********
 **   72 **FIX            4
 **********
 **********
 **   73 **FIX            5
 **********
 PARAMETER    5  IS CONSTANT.   IGNORED.
 **********
 **   74 **FIX            6
 **********
 **********
 **   75 **FIX            7
 **********
 PARAMETER    7  IS CONSTANT.   IGNORED.
 **********
 **   76 **FIX            8
 **********
 **********
 **   77 **FIX            9
 **********
 **********
 **   78 **FIX           10
 **********
 **********
 **   79 **FIX           11
 **********
 **********
 **   80 **FIX           12
 **********
 PARAMETER   12  IS CONSTANT.   IGNORED.
 **********
 **   81 **FIX           16
 **********
 **********
 **   82 **MIGRAD
 **********
 START MIGRAD MINIMIZATION.  STRATEGY  1.  CONVERGENCE WHEN EDM .LT. 1.00e-04
 FCN=461.836 FROM MIGRAD    STATUS=INITIATE       16 CALLS        3584 TOTAL
                     EDM= unknown      STRATEGY= 1      NO ERROR MATRIX       
  EXT PARAMETER               CURRENT GUESS       STEP         FIRST   
  NO.   NAME      VALUE            ERROR          SIZE      DERIVATIVE 
   1  N0           2.90662e+06     fixed    
   2  tau          6.44050e+01   constant   
   3  A0           3.57965e-01     fixed    
   4  phi          4.16768e+00     fixed    
   5  R           -6.11922e+01   constant   
   6  alpha_CBO    6.46966e-03     fixed    
   7  w_CBO        2.32500e+00   constant   
   8  beta_CBO    -2.44749e-03     fixed    
   9  alpha_2CBO  -2.54447e-04     fixed    
  10  beta_2CBO   -9.54361e-04     fixed    
  11  alpha_y      8.25597e-04     fixed    
  12  w_y          1.38860e+01   constant   
  13  beta_y       4.90216e-03   1.04724e-04   1.04724e-04   1.32569e+04
  14  alpha_vw     0.00000e+00   1.00000e-03   1.00000e-03  -6.68004e+04
  15  w_vw         1.43404e+01   constant   
  16  beta_vw      0.00000e+00     fixed    
  17  LM           1.41693e-04   constant   
  18  zeta_y       0.00000e+00   constant   
  19  zeta_vw      0.00000e+00   constant   
  20  T_CBO        9.99993e+02   9.25369e+02   3.77898e-02  -6.53446e-04
  21  alpha_A0     4.11737e-02   4.21062e-04   4.23064e-06   2.03859e-01
  22  beta_A0     -5.22642e-02   4.12345e-04   4.11836e-06   5.06612e-01
  23  alpha_phi   -5.15539e-02   4.12078e-04   4.26178e-06  -7.00662e-01
  24  beta_phi    -5.33674e-02   4.78117e-04   4.74593e-06   3.95426e-01
 MIGRAD MINIMIZATION HAS CONVERGED.
 MIGRAD WILL VERIFY CONVERGENCE AND ERROR MATRIX.
 COVARIANCE MATRIX CALCULATED SUCCESSFULLY
 FCN=449.658 FROM MIGRAD    STATUS=CONVERGED     131 CALLS        3699 TOTAL
                     EDM=2.28424e-07    STRATEGY= 1      ERROR MATRIX ACCURATE 
  EXT PARAMETER                                   STEP         FIRST   
  NO.   NAME      VALUE            ERROR          SIZE      DERIVATIVE 
   1  N0           2.90662e+06     fixed    
   2  tau          6.44050e+01   constant   
   3  A0           3.57965e-01     fixed    
   4  phi          4.16768e+00     fixed    
   5  R           -6.11922e+01   constant   
   6  alpha_CBO    6.46966e-03     fixed    
   7  w_CBO        2.32500e+00   constant   
   8  beta_CBO    -2.44749e-03     fixed    
   9  alpha_2CBO  -2.54447e-04     fixed    
  10  beta_2CBO   -9.54361e-04     fixed    
  11  alpha_y      8.25597e-04     fixed    
  12  w_y          1.38860e+01   constant   
  13  beta_y       4.87233e-03   1.04860e-04   1.07800e-06  -1.14867e-01
  14  alpha_vw     3.58697e-04   1.04856e-04   1.07859e-06   1.69970e+00
  15  w_vw         1.43404e+01   constant   
  16  beta_vw      0.00000e+00     fixed    
  17  LM           1.41693e-04   constant   
  18  zeta_y       0.00000e+00   constant   
  19  zeta_vw      0.00000e+00   constant   
  20  T_CBO        1.00000e+03   7.96962e+02   4.21146e-02** at limit **
  21  alpha_A0     4.11941e-02   4.13802e-04   4.17468e-06  -1.16929e+00
  22  beta_A0     -5.23033e-02   4.12016e-04   4.06378e-06  -1.22517e+00
  23  alpha_phi   -5.15358e-02   4.13980e-04   4.20532e-06  -1.66204e-02
  24  beta_phi    -5.33954e-02   4.69909e-04   4.68314e-06   4.99404e-01
 EXTERNAL ERROR MATRIX.    NDIM=  25    NPAR=  7    ERR DEF=1
  1.100e-08  1.289e-09  2.639e-11  1.635e-09 -1.770e-09  6.307e-10 -1.131e-09 
  1.289e-09  1.099e-08  2.133e-11  9.376e-10 -1.520e-09  6.648e-10 -1.060e-09 
  2.639e-11  2.133e-11  1.552e-07  2.114e-08 -2.734e-08 -2.661e-08 -2.820e-08 
  1.635e-09  9.376e-10  2.114e-08  1.712e-07 -3.140e-08 -1.480e-08 -2.155e-08 
 -1.770e-09 -1.520e-09 -2.734e-08 -3.140e-08  1.698e-07  1.303e-09  4.394e-08 
  6.307e-10  6.648e-10 -2.661e-08 -1.480e-08  1.303e-09  1.714e-07  2.070e-08 
 -1.131e-09 -1.060e-09 -2.820e-08 -2.155e-08  4.394e-08  2.070e-08  2.208e-07 
 PARAMETER  CORRELATION COEFFICIENTS  
       NO.  GLOBAL     13     14     20     21     22     23     24
       13  0.12799   1.000  0.117  0.001  0.038 -0.041  0.015 -0.023
       14  0.12339   0.117  1.000  0.001  0.022 -0.035  0.015 -0.022
       20  0.26684   0.001  0.001  1.000  0.130 -0.168 -0.163 -0.152
       21  0.22964   0.038  0.022  0.130  1.000 -0.184 -0.086 -0.111
       22  0.30755  -0.041 -0.035 -0.168 -0.184  1.000  0.008  0.227
       23  0.19900   0.015  0.015 -0.163 -0.086  0.008  1.000  0.106
       24  0.27495  -0.023 -0.022 -0.152 -0.111  0.227  0.106  1.000
MINUIT - FIT ALTOGETHER
 **********
 **   83 **RES 
 **********
                   PARAMETER   16  beta_vw RESTORED TO VARIABLE.
