 + ++++++++++++++++++++++++++++++++++++++++++++++++++++++++++++++++++++ +
 +                                                                      +
 +           You have chose to blind your fitting according to          +
 +                omega_ref * (1 + (R +/- deltaR) *10^{-6})             +
 +                                                                      +
 + ++++++++++++++++++++++++++++++++++++++++++++++++++++++++++++++++++++ +
In main()...
reading format from /gm2data/zkhechad/run45/envelope/formats/formatB_sBin_constraintOn.txt
pBinTau 	= 0  
pBinPhi 	= 0  
constraintau 	= 1 
includeMopTerm 	= 0    
constrainMop    = 0   
Parameters after format file: pBinTau 0 pBinPhi 0 constraintau 1 includeMopTerm 0 constrainMop 0 c_e_scale 0.000000 
Opening file /gm2data/tbarrett/gm2fr/studies/run23_bunch_corrections/CorrectedFourier_Run3b.root.
reading full fit data from /gm2data/zkhechad/cboTemplates/Run4CBOTemplates/fullFits/noRF/sBin_constraintOn_cE0.0_seed0_noRF_calo20.root
windowBins = 69
fitting sliding window 1190 from bin 1326 at 197.690000 to bin 1395 at 208.134000 (69 bins)

Reading data from /gm2data/cornell/histograms/aMethod/histogram_a_noRF.root
 **********
 **    1 **SET PRINTOUT            1
 **********
 **********
 **    2 **SET NOWARNINGS 
 **********
 PARAMETER DEFINITIONS:
    NO.   NAME         VALUE      STEP SIZE      LIMITS
     1 N0           3.28956e+06  1.00000e+02     no limits
     2 tau          6.44008e+01  constant
     3 A0           3.64481e-01  1.00000e-04     no limits
     4 phi          4.11985e+00  1.00000e-02     no limits
     5 R           -6.04681e+01  constant
     6 alpha_CBO    0.00000e+00  1.00000e-03     no limits
     7 w_CBO        2.32500e+00  constant
     8 beta_CBO     0.00000e+00  1.00000e-03     no limits
     9 alpha_2CBO   0.00000e+00  1.00000e-03     no limits
    10 beta_2CBO    0.00000e+00  1.00000e-03     no limits
    11 alpha_y      0.00000e+00  1.00000e-03     no limits
    12 w_y          1.38860e+01  constant
    13 beta_y       0.00000e+00  1.00000e-03     no limits
    14 alpha_vw     0.00000e+00  1.00000e-03     no limits
    15 w_vw         1.43404e+01  constant
    16 beta_vw      0.00000e+00  1.00000e-03     no limits
    17 LM          -2.11005e-04  constant
    18 zeta_y       0.00000e+00  constant
    19 zeta_vw      0.00000e+00  constant
    20 T_CBO        1.00000e+02  1.00000e+00    0.00000e+00  1.00000e+03
    21 alpha_A0     0.00000e+00  1.00000e-04   -1.00000e-02  1.00000e-02
    22 beta_A0      0.00000e+00  1.00000e-04   -1.00000e-02  1.00000e-02
    23 alpha_phi    0.00000e+00  1.00000e-04   -1.00000e-02  1.00000e-02
    24 beta_phi     0.00000e+00  1.00000e-04   -1.00000e-02  1.00000e-02
MINUIT - FIT ONLY WIGGLE
 **********
 **    3 **FIX            5
 **********
 PARAMETER    5  IS CONSTANT.   IGNORED.
 **********
 **    4 **FIX            6
 **********
 **********
 **    5 **FIX            7
 **********
 PARAMETER    7  IS CONSTANT.   IGNORED.
 **********
 **    6 **FIX            8
 **********
 **********
 **    7 **FIX            9
 **********
 **********
 **    8 **FIX           10
 **********
 **********
 **    9 **FIX           11
 **********
 **********
 **   10 **FIX           12
 **********
 PARAMETER   12  IS CONSTANT.   IGNORED.
 **********
 **   11 **FIX           13
 **********
 **********
 **   12 **FIX           14
 **********
 **********
 **   13 **FIX           15
 **********
 PARAMETER   15  IS CONSTANT.   IGNORED.
 **********
 **   14 **FIX           16
 **********
 **********
 **   15 **MIGRAD
 **********
 FIRST CALL TO USER FUNCTION AT NEW START POINT, WITH IFLAG=4.
 START MIGRAD MINIMIZATION.  STRATEGY  1.  CONVERGENCE WHEN EDM .LT. 1.00e-04
 FCN=171.1 FROM MIGRAD    STATUS=INITIATE      437 CALLS         438 TOTAL
                     EDM= unknown      STRATEGY= 1      NO ERROR MATRIX       
  EXT PARAMETER               CURRENT GUESS       STEP         FIRST   
  NO.   NAME      VALUE            ERROR          SIZE      DERIVATIVE 
   1  N0           3.28956e+06   1.00000e+02   0.00000e+00   5.22027e-03
   2  tau          6.44008e+01   constant   
   3  A0           3.64481e-01   1.00000e-04   0.00000e+00   1.80754e+04
   4  phi          4.11985e+00   1.00000e-02   0.00000e+00  -2.94329e+03
   5  R           -6.04681e+01   constant   
   6  alpha_CBO    0.00000e+00     fixed    
   7  w_CBO        2.32500e+00   constant   
   8  beta_CBO     0.00000e+00     fixed    
   9  alpha_2CBO   0.00000e+00     fixed    
  10  beta_2CBO    0.00000e+00     fixed    
  11  alpha_y      0.00000e+00     fixed    
  12  w_y          1.38860e+01   constant   
  13  beta_y       0.00000e+00     fixed    
  14  alpha_vw     0.00000e+00     fixed    
  15  w_vw         1.43404e+01   constant   
  16  beta_vw      0.00000e+00     fixed    
  17  LM          -2.11005e-04   constant   
  18  zeta_y       0.00000e+00   constant   
  19  zeta_vw      0.00000e+00   constant   
  20  T_CBO        1.00000e+02   1.00000e+00   0.00000e+00   0.00000e+00
  21  alpha_A0     0.00000e+00   1.00000e-04   0.00000e+00   3.51411e+00
  22  beta_A0      0.00000e+00   1.00000e-04   0.00000e+00   1.38643e+00
  23  alpha_phi    0.00000e+00   1.00000e-04   0.00000e+00   3.45937e+00
  24  beta_phi     0.00000e+00   1.00000e-04   0.00000e+00  -1.65380e+00
 MIGRAD MINIMIZATION HAS CONVERGED.
 FCN=154.15 FROM MIGRAD    STATUS=CONVERGED    1324 CALLS        1325 TOTAL
                     EDM=2.30475e-06    STRATEGY= 1  ERROR MATRIX UNCERTAINTY   0.3 per cent
  EXT PARAMETER                                   STEP         FIRST   
  NO.   NAME      VALUE            ERROR          SIZE      DERIVATIVE 
   1  N0           3.28895e+06   6.81005e+02  -1.79325e-01  -7.77057e-07
   2  tau          6.44008e+01   constant   
   3  A0           3.63653e-01   2.74196e-04   4.83585e-08  -4.40960e+00
   4  phi          4.12053e+00   7.46698e-04   6.31358e-07  -1.28646e-02
   5  R           -6.04681e+01   constant   
   6  alpha_CBO    0.00000e+00     fixed    
   7  w_CBO        2.32500e+00   constant   
   8  beta_CBO     0.00000e+00     fixed    
   9  alpha_2CBO   0.00000e+00     fixed    
  10  beta_2CBO    0.00000e+00     fixed    
  11  alpha_y      0.00000e+00     fixed    
  12  w_y          1.38860e+01   constant   
  13  beta_y       0.00000e+00     fixed    
  14  alpha_vw     0.00000e+00     fixed    
  15  w_vw         1.43404e+01   constant   
  16  beta_vw      0.00000e+00     fixed    
  17  LM          -2.11005e-04   constant   
  18  zeta_y       0.00000e+00   constant   
  19  zeta_vw      0.00000e+00   constant   
  20  T_CBO        9.99953e+02   5.70134e+02   1.13992e-02  -1.97406e-04
  21  alpha_A0    -2.34363e-03   1.40582e-03  -3.51562e-04  -1.86764e-03
  22  beta_A0     -1.23371e-03   1.40938e-03  -8.38691e-06   2.10390e-03
  23  alpha_phi   -2.80091e-03   1.39109e-03  -3.84690e-04  -4.00696e-03
  24  beta_phi     1.19505e-03   1.40330e-03  -7.22145e-05   2.40493e-03
 EXTERNAL ERROR MATRIX.    NDIM=  25    NPAR=  8    ERR DEF=1
  4.638e+05 -1.174e-02  8.352e-02 -1.492e+03 -2.105e-01 -2.466e-02 -6.496e-02  2.341e-01 
 -1.174e-02  7.518e-08  7.020e-09 -3.818e-04  3.533e-08  2.361e-08  7.593e-08 -2.927e-08 
  8.352e-02  7.020e-09  5.576e-07  2.629e-03 -4.102e-08 -5.078e-08  6.370e-08  9.872e-08 
 -1.492e+03 -3.818e-04  2.629e-03  6.558e+03  7.109e-03  1.852e-02  1.197e-02 -1.961e-02 
 -2.105e-01  3.533e-08 -4.102e-08  7.109e-03  1.990e-06  3.514e-07  1.703e-07 -1.905e-07 
 -2.466e-02  2.361e-08 -5.078e-08  1.852e-02  3.514e-07  2.000e-06  1.839e-08 -3.239e-07 
 -6.496e-02  7.593e-08  6.370e-08  1.197e-02  1.703e-07  1.839e-08  1.949e-06 -2.999e-07 
  2.341e-01 -2.927e-08  9.872e-08 -1.961e-02 -1.905e-07 -3.239e-07 -2.999e-07  1.983e-06 
 PARAMETER  CORRELATION COEFFICIENTS  
       NO.  GLOBAL      1      3      4     20     21     22     23     24
        1  0.34808   1.000 -0.063  0.164 -0.027 -0.219 -0.026 -0.068  0.244
        3  0.23117  -0.063  1.000  0.034 -0.017  0.091  0.061  0.198 -0.076
        4  0.20631   0.164  0.034  1.000  0.043 -0.039 -0.048  0.061  0.094
       20  0.24885  -0.027 -0.017  0.043  1.000  0.062  0.162  0.106 -0.172
       21  0.29276  -0.219  0.091 -0.039  0.062  1.000  0.176  0.086 -0.096
       22  0.27655  -0.026  0.061 -0.048  0.162  0.176  1.000  0.009 -0.163
       23  0.27420  -0.068  0.198  0.061  0.106  0.086  0.009  1.000 -0.153
       24  0.35243   0.244 -0.076  0.094 -0.172 -0.096 -0.163 -0.153  1.000
MINUIT - FIT ONLY 1-CBO + wiggle
 **********
 **   16 **RES 
 **********
                   PARAMETER   16  beta_vw RESTORED TO VARIABLE.
                   PARAMETER   14  alpha_vw RESTORED TO VARIABLE.
                   PARAMETER   13  beta_y RESTORED TO VARIABLE.
                   PARAMETER   11  alpha_y RESTORED TO VARIABLE.
                   PARAMETER   10  beta_2CBO RESTORED TO VARIABLE.
                   PARAMETER    9  alpha_2CBO RESTORED TO VARIABLE.
                   PARAMETER    8  beta_CBO RESTORED TO VARIABLE.
                   PARAMETER    6  alpha_CBO RESTORED TO VARIABLE.
 **********
 **   17 **FIX            8
 **********
 **********
 **   18 **FIX            9
 **********
 **********
 **   19 **FIX           11
 **********
 **********
 **   20 **FIX           12
 **********
 PARAMETER   12  IS CONSTANT.   IGNORED.
 **********
 **   21 **FIX           14
 **********
 **********
 **   22 **FIX           15
 **********
 PARAMETER   15  IS CONSTANT.   IGNORED.
 **********
 **   23 **FIX           16
 **********
 **********
 **   24 **MIGRAD
 **********
 START MIGRAD MINIMIZATION.  STRATEGY  1.  CONVERGENCE WHEN EDM .LT. 1.00e-04
 FCN=154.15 FROM MIGRAD    STATUS=INITIATE       28 CALLS        1353 TOTAL
                     EDM= unknown      STRATEGY= 1      NO ERROR MATRIX       
  EXT PARAMETER               CURRENT GUESS       STEP         FIRST   
  NO.   NAME      VALUE            ERROR          SIZE      DERIVATIVE 
   1  N0           3.28895e+06   6.81005e+02  -1.79325e-01  -7.77058e-07
   2  tau          6.44008e+01   constant   
   3  A0           3.63653e-01   2.74196e-04   4.83585e-08  -4.40960e+00
   4  phi          4.12053e+00   7.46698e-04   6.31358e-07  -1.28650e-02
   5  R           -6.04681e+01   constant   
   6  alpha_CBO    0.00000e+00   1.00000e-03   1.00000e-03  -4.20196e+04
   7  w_CBO        2.32500e+00   constant   
   8  beta_CBO     0.00000e+00     fixed    
   9  alpha_2CBO   0.00000e+00     fixed    
  10  beta_2CBO    0.00000e+00   1.00000e-03   1.00000e-03   1.11423e+04
  11  alpha_y      0.00000e+00     fixed    
  12  w_y          1.38860e+01   constant   
  13  beta_y       0.00000e+00   1.00000e-03   1.00000e-03   3.34227e+03
  14  alpha_vw     0.00000e+00     fixed    
  15  w_vw         1.43404e+01   constant   
  16  beta_vw      0.00000e+00     fixed    
  17  LM          -2.11005e-04   constant   
  18  zeta_y       0.00000e+00   constant   
  19  zeta_vw      0.00000e+00   constant   
  20  T_CBO        9.99953e+02   5.70134e+02   1.13992e-02  -1.98184e-04
  21  alpha_A0    -2.34363e-03   1.40582e-03  -3.51562e-04  -1.86759e-03
  22  beta_A0     -1.23371e-03   1.40938e-03  -8.38691e-06   2.10402e-03
  23  alpha_phi   -2.80091e-03   1.39109e-03  -3.84690e-04  -4.00696e-03
  24  beta_phi     1.19505e-03   1.40330e-03  -7.22145e-05   2.40493e-03
 MIGRAD MINIMIZATION HAS CONVERGED.
 MIGRAD WILL VERIFY CONVERGENCE AND ERROR MATRIX.
 COVARIANCE MATRIX CALCULATED SUCCESSFULLY
 FCN=115.179 FROM MIGRAD    STATUS=CONVERGED     250 CALLS        1575 TOTAL
                     EDM=1.05232e-05    STRATEGY= 1      ERROR MATRIX ACCURATE 
  EXT PARAMETER                                   STEP         FIRST   
  NO.   NAME      VALUE            ERROR          SIZE      DERIVATIVE 
   1  N0           3.28900e+06   6.93076e+02   3.38869e+00  -1.14663e-06
   2  tau          6.44008e+01   constant   
   3  A0           3.63590e-01   2.77876e-04   1.41539e-06   5.88301e-01
   4  phi          4.11962e+00   7.72505e-04   3.90261e-06   6.79408e-01
   5  R           -6.04681e+01   constant   
   6  alpha_CBO    1.75502e-03   2.91543e-04   1.48742e-06  -2.56054e+00
   7  w_CBO        2.32500e+00   constant   
   8  beta_CBO     0.00000e+00     fixed    
   9  alpha_2CBO   0.00000e+00     fixed    
  10  beta_2CBO   -3.28045e-04   2.85659e-04   1.46272e-06  -3.91649e+00
  11  alpha_y      0.00000e+00     fixed    
  12  w_y          1.38860e+01   constant   
  13  beta_y      -1.61358e-04   2.81061e-04   1.47817e-06  -4.65053e+00
  14  alpha_vw     0.00000e+00     fixed    
  15  w_vw         1.43404e+01   constant   
  16  beta_vw      0.00000e+00     fixed    
  17  LM          -2.11005e-04   constant   
  18  zeta_y       0.00000e+00   constant   
  19  zeta_vw      0.00000e+00   constant   
  20  T_CBO        9.99999e+02   9.19327e+02   9.49189e-02  -1.30428e-05
  21  alpha_A0    -1.42794e-03   1.37491e-03   7.00353e-04   1.99938e-03
  22  beta_A0     -1.03520e-03   1.27514e-03   6.63537e-04   2.86212e-03
  23  alpha_phi   -3.24747e-03   1.36937e-03   7.20972e-04  -2.75401e-02
  24  beta_phi     1.37277e-03   1.32753e-03   6.74477e-04   3.89989e-04
 EXTERNAL ERROR MATRIX.    NDIM=  25    NPAR= 11    ERR DEF=1
  4.804e+05 
 -8.781e-03  7.722e-08 
  9.050e-02  1.560e-09  5.968e-07 
  3.550e-03 -1.603e-09 -4.400e-08  8.500e-08 
  5.880e-03  5.149e-09 -2.110e-09  5.986e-09  8.160e-08 
 -2.697e-03  1.801e-10  3.115e-09 -1.543e-09 -5.814e-10  7.900e-08 
 -4.933e-01  5.085e-07  1.363e-05  1.219e-06  9.650e-07 -1.656e-07  1.165e+02 
 -2.081e-01  3.703e-08 -7.872e-08  4.557e-08  5.699e-09  4.525e-09 -1.037e-03  1.903e-06 
 -2.265e-02  2.633e-08 -4.937e-08 -2.193e-09 -4.535e-08  5.320e-09 -7.745e-04  1.486e-07  1.635e-06 
 -4.971e-02  7.952e-08  5.031e-08 -3.731e-09  6.640e-08 -1.321e-09 -2.424e-03  2.498e-07  3.599e-09  1.888e-06 
  2.326e-01 -3.994e-08  1.087e-07  7.136e-09 -6.290e-09  4.956e-09  1.033e-03 -1.625e-07 -1.493e-07 -1.696e-07  1.773e-06 
 PARAMETER  CORRELATION COEFFICIENTS  
       NO.  GLOBAL      1      3      4      6     10     13     20     21     22     23     24
        1  0.35519   1.000 -0.046  0.169  0.018  0.030 -0.014 -0.000 -0.218 -0.026 -0.052  0.252
        3  0.25165  -0.046  1.000  0.007 -0.020  0.065  0.002  0.000  0.097  0.074  0.208 -0.108
        4  0.28040   0.169  0.007  1.000 -0.195 -0.010  0.014  0.002 -0.074 -0.050  0.047  0.106
        6  0.24551   0.018 -0.020 -0.195  1.000  0.072 -0.019  0.000  0.113 -0.006 -0.009  0.018
       10  0.23111   0.030  0.065 -0.010  0.072  1.000 -0.007  0.000  0.014 -0.124  0.169 -0.017
       13  0.03763  -0.014  0.002  0.014 -0.019 -0.007  1.000 -0.000  0.012  0.015 -0.003  0.013
       20  0.19461  -0.000  0.000  0.002  0.000  0.000 -0.000  1.000 -0.070 -0.056 -0.163  0.072
       21  0.29772  -0.218  0.097 -0.074  0.113  0.014  0.012 -0.070  1.000  0.084  0.132 -0.088
       22  0.19645  -0.026  0.074 -0.050 -0.006 -0.124  0.015 -0.056  0.084  1.000  0.002 -0.088
       23  0.33393  -0.052  0.208  0.047 -0.009  0.169 -0.003 -0.163  0.132  0.002  1.000 -0.093
       24  0.30207   0.252 -0.108  0.106  0.018 -0.017  0.013  0.072 -0.088 -0.088 -0.093  1.000
MINUIT - FIT ONLY 2-CBO
 **********
 **   25 **RES 
 **********
                   PARAMETER   16  beta_vw RESTORED TO VARIABLE.
                   PARAMETER   14  alpha_vw RESTORED TO VARIABLE.
                   PARAMETER   11  alpha_y RESTORED TO VARIABLE.
                   PARAMETER    9  alpha_2CBO RESTORED TO VARIABLE.
                   PARAMETER    8  beta_CBO RESTORED TO VARIABLE.
 **********
 **   26 **FIX            0
 **********
 PARAMETER    0  IS UNDEFINED. IGNORED.
 **********
 **   27 **FIX            1
 **********
 **********
 **   28 **FIX            2
 **********
 PARAMETER    2  IS CONSTANT.   IGNORED.
 **********
 **   29 **FIX            3
 **********
 **********
 **   30 **FIX            4
 **********
 **********
 **   31 **FIX            5
 **********
 PARAMETER    5  IS CONSTANT.   IGNORED.
 **********
 **   32 **FIX            6
 **********
 **********
 **   33 **FIX            7
 **********
 PARAMETER    7  IS CONSTANT.   IGNORED.
 **********
 **   34 **FIX           10
 **********
 **********
 **   35 **FIX           11
 **********
 **********
 **   36 **FIX           12
 **********
 PARAMETER   12  IS CONSTANT.   IGNORED.
 **********
 **   37 **FIX           13
 **********
 **********
 **   38 **FIX           14
 **********
 **********
 **   39 **FIX           15
 **********
 PARAMETER   15  IS CONSTANT.   IGNORED.
 **********
 **   40 **FIX           16
 **********
 **********
 **   41 **MIGRAD
 **********
 START MIGRAD MINIMIZATION.  STRATEGY  1.  CONVERGENCE WHEN EDM .LT. 1.00e-04
 FCN=115.179 FROM MIGRAD    STATUS=INITIATE       18 CALLS        1593 TOTAL
                     EDM= unknown      STRATEGY= 1      NO ERROR MATRIX       
  EXT PARAMETER               CURRENT GUESS       STEP         FIRST   
  NO.   NAME      VALUE            ERROR          SIZE      DERIVATIVE 
   1  N0           3.28900e+06     fixed    
   2  tau          6.44008e+01   constant   
   3  A0           3.63590e-01     fixed    
   4  phi          4.11962e+00     fixed    
   5  R           -6.04681e+01   constant   
   6  alpha_CBO    1.75502e-03     fixed    
   7  w_CBO        2.32500e+00   constant   
   8  beta_CBO     0.00000e+00   1.00000e-03   1.00000e-03  -4.38363e+04
   9  alpha_2CBO   0.00000e+00   1.00000e-03   1.00000e-03  -1.18167e+04
  10  beta_2CBO   -3.28045e-04     fixed    
  11  alpha_y      0.00000e+00     fixed    
  12  w_y          1.38860e+01   constant   
  13  beta_y      -1.61358e-04     fixed    
  14  alpha_vw     0.00000e+00     fixed    
  15  w_vw         1.43404e+01   constant   
  16  beta_vw      0.00000e+00     fixed    
  17  LM          -2.11005e-04   constant   
  18  zeta_y       0.00000e+00   constant   
  19  zeta_vw      0.00000e+00   constant   
  20  T_CBO        9.99999e+02   9.19327e+02   9.49189e-02  -1.32341e-05
  21  alpha_A0    -1.42794e-03   1.37491e-03   7.00353e-04   2.00322e-03
  22  beta_A0     -1.03520e-03   1.27514e-03   6.63537e-04   2.86460e-03
  23  alpha_phi   -3.24747e-03   1.36937e-03   7.20972e-04  -2.75309e-02
  24  beta_phi     1.37277e-03   1.32753e-03   6.74477e-04   3.86309e-04
 MIGRAD MINIMIZATION HAS CONVERGED.
 MIGRAD WILL VERIFY CONVERGENCE AND ERROR MATRIX.
 COVARIANCE MATRIX CALCULATED SUCCESSFULLY
 FCN=75.3401 FROM MIGRAD    STATUS=CONVERGED     131 CALLS        1706 TOTAL
                     EDM=5.79522e-06    STRATEGY= 1      ERROR MATRIX ACCURATE 
  EXT PARAMETER                                   STEP         FIRST   
  NO.   NAME      VALUE            ERROR          SIZE      DERIVATIVE 
   1  N0           3.28900e+06     fixed    
   2  tau          6.44008e+01   constant   
   3  A0           3.63590e-01     fixed    
   4  phi          4.11962e+00     fixed    
   5  R           -6.04681e+01   constant   
   6  alpha_CBO    1.75502e-03     fixed    
   7  w_CBO        2.32500e+00   constant   
   8  beta_CBO     1.69888e-03   2.79381e-04   1.17181e-06  -2.38674e+00
   9  alpha_2CBO   4.40283e-04   2.86318e-04   1.19114e-06   1.04016e+01
  10  beta_2CBO   -3.28045e-04     fixed    
  11  alpha_y      0.00000e+00     fixed    
  12  w_y          1.38860e+01   constant   
  13  beta_y      -1.61358e-04     fixed    
  14  alpha_vw     0.00000e+00     fixed    
  15  w_vw         1.43404e+01   constant   
  16  beta_vw      0.00000e+00     fixed    
  17  LM          -2.11005e-04   constant   
  18  zeta_y       0.00000e+00   constant   
  19  zeta_vw      0.00000e+00   constant   
  20  T_CBO        1.00000e+03   7.74968e+02   1.11210e-01** at limit **
  21  alpha_A0    -1.70319e-03   1.34442e-03   5.69972e-04  -6.40436e-04
  22  beta_A0      2.94693e-04   1.27765e-03   5.34747e-04   8.31632e-03
  23  alpha_phi   -3.06730e-03   1.32330e-03   5.80918e-04   5.78218e-03
  24  beta_phi     1.02784e-03   1.28976e-03   5.44449e-04  -4.30506e-03
 EXTERNAL ERROR MATRIX.    NDIM=  25    NPAR=  7    ERR DEF=1
  7.805e-08 -2.037e-09  5.013e-08  3.068e-09  6.414e-08  1.025e-08  9.200e-11 
 -2.037e-09  8.198e-08 -5.881e-08 -5.808e-08 -1.336e-08 -8.222e-09 -5.790e-08 
  5.013e-08 -5.881e-08  1.128e+01 -4.530e-04  7.938e-05 -8.337e-04  2.776e-04 
  3.068e-09 -5.808e-08 -4.530e-04  1.819e-06  1.288e-07  2.133e-07 -8.756e-09 
  6.414e-08 -1.336e-08  7.938e-05  1.288e-07  1.641e-06  2.285e-09 -1.072e-07 
  1.025e-08 -8.222e-09 -8.337e-04  2.133e-07  2.285e-09  1.763e-06 -1.035e-07 
  9.200e-11 -5.790e-08  2.776e-04 -8.756e-09 -1.072e-07 -1.035e-07  1.673e-06 
 PARAMETER  CORRELATION COEFFICIENTS  
       NO.  GLOBAL      8      9     20     21     22     23     24
        8  0.18287   1.000 -0.025  0.000  0.008  0.179  0.028  0.000
        9  0.22159  -0.025  1.000 -0.000 -0.150 -0.036 -0.022 -0.156
       20  0.21144   0.000 -0.000  1.000 -0.100  0.018 -0.187  0.064
       21  0.21832   0.008 -0.150 -0.100  1.000  0.075  0.119 -0.005
       22  0.20889   0.179 -0.036  0.018  0.075  1.000  0.001 -0.065
       23  0.22032   0.028 -0.022 -0.187  0.119  0.001  1.000 -0.060
       24  0.19145   0.000 -0.156  0.064 -0.005 -0.065 -0.060  1.000
MINUIT - FIT wiggle + 1-CBO + 2-CBO
 **********
 **   42 **RES 
 **********
                   PARAMETER   16  beta_vw RESTORED TO VARIABLE.
                   PARAMETER   14  alpha_vw RESTORED TO VARIABLE.
                   PARAMETER   13  beta_y RESTORED TO VARIABLE.
                   PARAMETER   11  alpha_y RESTORED TO VARIABLE.
                   PARAMETER   10  beta_2CBO RESTORED TO VARIABLE.
                   PARAMETER    6  alpha_CBO RESTORED TO VARIABLE.
                   PARAMETER    4  phi RESTORED TO VARIABLE.
                   PARAMETER    3  A0 RESTORED TO VARIABLE.
                   PARAMETER    1  N0 RESTORED TO VARIABLE.
 **********
 **   43 **FIX           10
 **********
 **********
 **   44 **FIX           11
 **********
 **********
 **   45 **FIX           12
 **********
 PARAMETER   12  IS CONSTANT.   IGNORED.
 **********
 **   46 **FIX           13
 **********
 **********
 **   47 **FIX           14
 **********
 **********
 **   48 **FIX           15
 **********
 PARAMETER   15  IS CONSTANT.   IGNORED.
 **********
 **   49 **FIX           16
 **********
 **********
 **   50 **MIGRAD
 **********
 START MIGRAD MINIMIZATION.  STRATEGY  1.  CONVERGENCE WHEN EDM .LT. 1.00e-04
 FCN=75.3401 FROM MIGRAD    STATUS=INITIATE       22 CALLS        1728 TOTAL
                     EDM= unknown      STRATEGY= 1      NO ERROR MATRIX       
  EXT PARAMETER               CURRENT GUESS       STEP         FIRST   
  NO.   NAME      VALUE            ERROR          SIZE      DERIVATIVE 
   1  N0           3.28900e+06   6.93076e+02   6.93076e+02  -1.36456e-03
   2  tau          6.44008e+01   constant   
   3  A0           3.63590e-01   2.77876e-04   2.77876e-04  -1.09169e+04
   4  phi          4.11962e+00   7.72505e-04   7.72505e-04  -1.17088e+01
   5  R           -6.04681e+01   constant   
   6  alpha_CBO    1.75502e-03   2.91543e-04   2.91543e-04  -1.62343e+03
   7  w_CBO        2.32500e+00   constant   
   8  beta_CBO     1.69888e-03   2.79381e-04   1.17181e-06  -2.38675e+00
   9  alpha_2CBO   4.40283e-04   2.86318e-04   1.19114e-06   1.04016e+01
  10  beta_2CBO   -3.28045e-04     fixed    
  11  alpha_y      0.00000e+00     fixed    
  12  w_y          1.38860e+01   constant   
  13  beta_y      -1.61358e-04     fixed    
  14  alpha_vw     0.00000e+00     fixed    
  15  w_vw         1.43404e+01   constant   
  16  beta_vw      0.00000e+00     fixed    
  17  LM          -2.11005e-04   constant   
  18  zeta_y       0.00000e+00   constant   
  19  zeta_vw      0.00000e+00   constant   
  20  T_CBO        1.00000e+03   7.74968e+02   1.11210e-01** at limit **
  21  alpha_A0    -1.70319e-03   1.34442e-03   5.69972e-04  -6.37809e-04
  22  beta_A0      2.94693e-04   1.27765e-03   5.34747e-04   8.31615e-03
  23  alpha_phi   -3.06730e-03   1.32330e-03   5.80918e-04   5.78781e-03
  24  beta_phi     1.02784e-03   1.28976e-03   5.44449e-04  -4.30688e-03
 MIGRAD MINIMIZATION HAS CONVERGED.
 MIGRAD WILL VERIFY CONVERGENCE AND ERROR MATRIX.
 COVARIANCE MATRIX CALCULATED SUCCESSFULLY
 FCN=72.6688 FROM MIGRAD    STATUS=CONVERGED     243 CALLS        1949 TOTAL
                     EDM=3.86983e-06    STRATEGY= 1      ERROR MATRIX ACCURATE 
  EXT PARAMETER                                   STEP         FIRST   
  NO.   NAME      VALUE            ERROR          SIZE      DERIVATIVE 
   1  N0           3.28930e+06   6.94311e+02   2.69866e+00  -1.40548e-06
   2  tau          6.44008e+01   constant   
   3  A0           3.64033e-01   2.86670e-04   1.12704e-06   1.38060e+00
   4  phi          4.11967e+00   7.73296e-04   3.10330e-06   9.32715e-01
   5  R           -6.04681e+01   constant   
   6  alpha_CBO    1.81665e-03   2.91187e-04   1.18433e-06  -2.57312e+00
   7  w_CBO        2.32500e+00   constant   
   8  beta_CBO     1.82261e-03   2.89496e-04   1.15102e-06   1.67419e+00
   9  alpha_2CBO   4.32423e-04   2.87485e-04   1.17001e-06  -5.03204e+00
  10  beta_2CBO   -3.28045e-04     fixed    
  11  alpha_y      0.00000e+00     fixed    
  12  w_y          1.38860e+01   constant   
  13  beta_y      -1.61358e-04     fixed    
  14  alpha_vw     0.00000e+00     fixed    
  15  w_vw         1.43404e+01   constant   
  16  beta_vw      0.00000e+00     fixed    
  17  LM          -2.11005e-04   constant   
  18  zeta_y       0.00000e+00   constant   
  19  zeta_vw      0.00000e+00   constant   
  20  T_CBO        1.00000e+03   9.99717e+02   6.74160e-02** at limit **
  21  alpha_A0    -1.59415e-03   1.38763e-03   5.58298e-04  -7.54202e-03
  22  beta_A0      5.52609e-04   1.28915e-03   5.25464e-04  -6.11517e-03
  23  alpha_phi   -2.65581e-03   1.34144e-03   5.62304e-04   2.44517e-04
  24  beta_phi     9.72555e-04   1.33781e-03   5.33871e-04   9.15350e-03
 EXTERNAL ERROR MATRIX.    NDIM=  25    NPAR= 11    ERR DEF=1
  4.821e+05 
 -6.411e-03  8.218e-08 
  9.039e-02  3.544e-09  5.980e-07 
  3.620e-03 -1.698e-09 -4.441e-08  8.479e-08 
  1.183e-02  2.092e-08  6.090e-09  1.603e-09  8.381e-08 
  5.477e-03 -2.653e-09 -1.465e-08  4.475e-09 -2.553e-09  8.265e-08 
  1.086e-04  2.168e-09  1.170e-08  1.825e-09  9.998e-10 -6.037e-10  5.912e-04 
 -2.115e-01  4.032e-08 -6.823e-08  4.208e-08  8.474e-09 -5.916e-08 -2.040e-06  1.938e-06 
 -9.417e-03  4.835e-08 -4.491e-08  2.142e-09  7.601e-08 -1.375e-08  7.161e-07  1.579e-07  1.671e-06 
 -5.115e-02  8.297e-08  5.662e-08 -8.770e-09  3.033e-08 -1.311e-08 -3.440e-06  2.474e-07  4.845e-08  1.811e-06 
  2.289e-01 -3.993e-08  1.175e-07  4.517e-09 -3.405e-09 -5.578e-08  1.266e-06 -1.192e-07 -1.400e-07 -1.435e-07  1.801e-06 
 PARAMETER  CORRELATION COEFFICIENTS  
       NO.  GLOBAL      1      3      4      6      8      9     20     21     22     23     24
        1  0.35931   1.000 -0.032  0.168  0.018  0.059  0.027  0.000 -0.219 -0.010 -0.055  0.246
        3  0.34638  -0.032  1.000  0.016 -0.020  0.252 -0.032  0.000  0.101  0.130  0.215 -0.104
        4  0.28823   0.168  0.016  1.000 -0.197  0.027 -0.066  0.001 -0.063 -0.045  0.054  0.113
        6  0.24117   0.018 -0.020 -0.197  1.000  0.019  0.053  0.000  0.104  0.006 -0.022  0.012
        8  0.31617   0.059  0.252  0.027  0.019  1.000 -0.031  0.000  0.021  0.203  0.078 -0.009
        9  0.23868   0.027 -0.032 -0.066  0.053 -0.031  1.000 -0.000 -0.148 -0.037 -0.034 -0.145
       20  0.12804   0.000  0.000  0.001  0.000  0.000 -0.000  1.000 -0.060  0.023 -0.105  0.039
       21  0.32824  -0.219  0.101 -0.063  0.104  0.021 -0.148 -0.060  1.000  0.088  0.132 -0.064
       22  0.24946  -0.010  0.130 -0.045  0.006  0.203 -0.037  0.023  0.088  1.000  0.028 -0.081
       23  0.27650  -0.055  0.215  0.054 -0.022  0.078 -0.034 -0.105  0.132  0.028  1.000 -0.079
       24  0.32759   0.246 -0.104  0.113  0.012 -0.009 -0.145  0.039 -0.064 -0.081 -0.079  1.000
MINUIT - FIT ONLY 1-y
 **********
 **   51 **RES 
 **********
                   PARAMETER   16  beta_vw RESTORED TO VARIABLE.
                   PARAMETER   14  alpha_vw RESTORED TO VARIABLE.
                   PARAMETER   13  beta_y RESTORED TO VARIABLE.
                   PARAMETER   11  alpha_y RESTORED TO VARIABLE.
                   PARAMETER   10  beta_2CBO RESTORED TO VARIABLE.
 **********
 **   52 **FIX            0
 **********
 PARAMETER    0  IS UNDEFINED. IGNORED.
 **********
 **   53 **FIX            1
 **********
 **********
 **   54 **FIX            2
 **********
 PARAMETER    2  IS CONSTANT.   IGNORED.
 **********
 **   55 **FIX            3
 **********
 **********
 **   56 **FIX            4
 **********
 **********
 **   57 **FIX            5
 **********
 PARAMETER    5  IS CONSTANT.   IGNORED.
 **********
 **   58 **FIX            6
 **********
 **********
 **   59 **FIX            7
 **********
 PARAMETER    7  IS CONSTANT.   IGNORED.
 **********
 **   60 **FIX            8
 **********
 **********
 **   61 **FIX            9
 **********
 **********
 **   62 **FIX           13
 **********
 **********
 **   63 **FIX           14
 **********
 **********
 **   64 **FIX           15
 **********
 PARAMETER   15  IS CONSTANT.   IGNORED.
 **********
 **   65 **FIX           16
 **********
 **********
 **   66 **MIGRAD
 **********
 START MIGRAD MINIMIZATION.  STRATEGY  1.  CONVERGENCE WHEN EDM .LT. 1.00e-04
 FCN=72.6688 FROM MIGRAD    STATUS=INITIATE       16 CALLS        1965 TOTAL
                     EDM= unknown      STRATEGY= 1      NO ERROR MATRIX       
  EXT PARAMETER               CURRENT GUESS       STEP         FIRST   
  NO.   NAME      VALUE            ERROR          SIZE      DERIVATIVE 
   1  N0           3.28930e+06     fixed    
   2  tau          6.44008e+01   constant   
   3  A0           3.64033e-01     fixed    
   4  phi          4.11967e+00     fixed    
   5  R           -6.04681e+01   constant   
   6  alpha_CBO    1.81665e-03     fixed    
   7  w_CBO        2.32500e+00   constant   
   8  beta_CBO     1.82261e-03     fixed    
   9  alpha_2CBO   4.32423e-04     fixed    
  10  beta_2CBO   -3.28045e-04   2.85659e-04   2.85659e-04  -1.74737e+03
  11  alpha_y      0.00000e+00   1.00000e-03   1.00000e-03  -6.53062e+03
  12  w_y          1.38860e+01   constant   
  13  beta_y      -1.61358e-04     fixed    
  14  alpha_vw     0.00000e+00     fixed    
  15  w_vw         1.43404e+01   constant   
  16  beta_vw      0.00000e+00     fixed    
  17  LM          -2.11005e-04   constant   
  18  zeta_y       0.00000e+00   constant   
  19  zeta_vw      0.00000e+00   constant   
  20  T_CBO        9.99999e+02   9.99717e+02   6.74160e-02  -1.60066e-05
  21  alpha_A0    -1.59415e-03   1.38763e-03   5.58298e-04  -7.53624e-03
  22  beta_A0      5.52609e-04   1.28915e-03   5.25464e-04  -6.11725e-03
  23  alpha_phi   -2.65581e-03   1.34144e-03   5.62304e-04   2.54596e-04
  24  beta_phi     9.72555e-04   1.33781e-03   5.33871e-04   9.14981e-03
 MIGRAD MINIMIZATION HAS CONVERGED.
 MIGRAD WILL VERIFY CONVERGENCE AND ERROR MATRIX.
 COVARIANCE MATRIX CALCULATED SUCCESSFULLY
 FCN=71.7982 FROM MIGRAD    STATUS=CONVERGED     114 CALLS        2063 TOTAL
                     EDM=1.08339e-06    STRATEGY= 1      ERROR MATRIX ACCURATE 
  EXT PARAMETER                                   STEP         FIRST   
  NO.   NAME      VALUE            ERROR          SIZE      DERIVATIVE 
   1  N0           3.28930e+06     fixed    
   2  tau          6.44008e+01   constant   
   3  A0           3.64033e-01     fixed    
   4  phi          4.11967e+00     fixed    
   5  R           -6.04681e+01   constant   
   6  alpha_CBO    1.81665e-03     fixed    
   7  w_CBO        2.32500e+00   constant   
   8  beta_CBO     1.82261e-03     fixed    
   9  alpha_2CBO   4.32423e-04     fixed    
  10  beta_2CBO   -2.61021e-04   2.84140e-04   1.15774e-06  -8.66934e-01
  11  alpha_y      2.48632e-04   2.76481e-04   1.15129e-06  -1.47015e+00
  12  w_y          1.38860e+01   constant   
  13  beta_y      -1.61358e-04     fixed    
  14  alpha_vw     0.00000e+00     fixed    
  15  w_vw         1.43404e+01   constant   
  16  beta_vw      0.00000e+00     fixed    
  17  LM          -2.11005e-04   constant   
  18  zeta_y       0.00000e+00   constant   
  19  zeta_vw      0.00000e+00   constant   
  20  T_CBO        1.00000e+03   9.95316e+02   6.99497e-02** at limit **
  21  alpha_A0    -1.57804e-03   1.32441e-03   5.54906e-04   4.93592e-03
  22  beta_A0      5.22649e-04   1.26616e-03   5.22256e-04   5.16676e-03
  23  alpha_phi   -2.57529e-03   1.32386e-03   5.57658e-04  -4.75773e-03
  24  beta_phi     9.71714e-04   1.27110e-03   5.30707e-04   6.01069e-03
 EXTERNAL ERROR MATRIX.    NDIM=  25    NPAR=  7    ERR DEF=1
  8.074e-08 -1.053e-09  3.507e-10  2.550e-09 -4.667e-08  6.164e-08 -6.989e-09 
 -1.053e-09  7.644e-08  8.336e-11  3.889e-09  2.999e-09  8.275e-09  1.726e-09 
  3.507e-10  8.336e-11  4.315e-05 -5.747e-07  1.928e-07 -9.503e-07  3.598e-07 
  2.550e-09  3.889e-09 -5.747e-07  1.765e-06  1.171e-07  1.888e-07 -4.348e-08 
 -4.667e-08  2.999e-09  1.928e-07  1.171e-07  1.612e-06 -4.097e-08 -1.117e-07 
  6.164e-08  8.275e-09 -9.503e-07  1.888e-07 -4.097e-08  1.764e-06 -1.016e-07 
 -6.989e-09  1.726e-09  3.598e-07 -4.348e-08 -1.117e-07 -1.016e-07  1.625e-06 
 PARAMETER  CORRELATION COEFFICIENTS  
       NO.  GLOBAL     10     11     20     21     22     23     24
       10  0.20851   1.000 -0.013  0.000  0.007 -0.129  0.163 -0.019
       11  0.03109  -0.013  1.000  0.000  0.011  0.009  0.023  0.005
       20  0.13154   0.000  0.000  1.000 -0.066  0.023 -0.109  0.043
       21  0.14139   0.007  0.011 -0.066  1.000  0.069  0.107 -0.026
       22  0.16637  -0.129  0.009  0.023  0.069  1.000 -0.024 -0.069
       23  0.22706   0.163  0.023 -0.109  0.107 -0.024  1.000 -0.060
       24  0.10295  -0.019  0.005  0.043 -0.026 -0.069 -0.060  1.000
MINUIT - FIT ONLY 2-y
 **********
 **   67 **RES 
 **********
                   PARAMETER   16  beta_vw RESTORED TO VARIABLE.
                   PARAMETER   14  alpha_vw RESTORED TO VARIABLE.
                   PARAMETER   13  beta_y RESTORED TO VARIABLE.
                   PARAMETER    9  alpha_2CBO RESTORED TO VARIABLE.
                   PARAMETER    8  beta_CBO RESTORED TO VARIABLE.
                   PARAMETER    6  alpha_CBO RESTORED TO VARIABLE.
                   PARAMETER    4  phi RESTORED TO VARIABLE.
                   PARAMETER    3  A0 RESTORED TO VARIABLE.
                   PARAMETER    1  N0 RESTORED TO VARIABLE.
 **********
 **   68 **FIX            0
 **********
 PARAMETER    0  IS UNDEFINED. IGNORED.
 **********
 **   69 **FIX            1
 **********
 **********
 **   70 **FIX            2
 **********
 PARAMETER    2  IS CONSTANT.   IGNORED.
 **********
 **   71 **FIX            3
 **********
 **********
 **   72 **FIX            4
 **********
 **********
 **   73 **FIX            5
 **********
 PARAMETER    5  IS CONSTANT.   IGNORED.
 **********
 **   74 **FIX            6
 **********
 **********
 **   75 **FIX            7
 **********
 PARAMETER    7  IS CONSTANT.   IGNORED.
 **********
 **   76 **FIX            8
 **********
 **********
 **   77 **FIX            9
 **********
 **********
 **   78 **FIX           10
 **********
 **********
 **   79 **FIX           11
 **********
 **********
 **   80 **FIX           12
 **********
 PARAMETER   12  IS CONSTANT.   IGNORED.
 **********
 **   81 **FIX           16
 **********
 **********
 **   82 **MIGRAD
 **********
 START MIGRAD MINIMIZATION.  STRATEGY  1.  CONVERGENCE WHEN EDM .LT. 1.00e-04
 FCN=71.7982 FROM MIGRAD    STATUS=INITIATE       16 CALLS        2079 TOTAL
                     EDM= unknown      STRATEGY= 1      NO ERROR MATRIX       
  EXT PARAMETER               CURRENT GUESS       STEP         FIRST   
  NO.   NAME      VALUE            ERROR          SIZE      DERIVATIVE 
   1  N0           3.28930e+06     fixed    
   2  tau          6.44008e+01   constant   
   3  A0           3.64033e-01     fixed    
   4  phi          4.11967e+00     fixed    
   5  R           -6.04681e+01   constant   
   6  alpha_CBO    1.81665e-03     fixed    
   7  w_CBO        2.32500e+00   constant   
   8  beta_CBO     1.82261e-03     fixed    
   9  alpha_2CBO   4.32423e-04     fixed    
  10  beta_2CBO   -2.61021e-04     fixed    
  11  alpha_y      2.48632e-04     fixed    
  12  w_y          1.38860e+01   constant   
  13  beta_y      -1.61358e-04   2.81061e-04   2.81061e-04   3.61795e+02
  14  alpha_vw     0.00000e+00   1.00000e-03   1.00000e-03  -1.48791e+04
  15  w_vw         1.43404e+01   constant   
  16  beta_vw      0.00000e+00     fixed    
  17  LM          -2.11005e-04   constant   
  18  zeta_y       0.00000e+00   constant   
  19  zeta_vw      0.00000e+00   constant   
  20  T_CBO        9.99999e+02   9.95316e+02   6.99497e-02  -1.59380e-05
  21  alpha_A0    -1.57804e-03   1.32441e-03   5.54906e-04   4.94151e-03
  22  beta_A0      5.22649e-04   1.26616e-03   5.22256e-04   5.16389e-03
  23  alpha_phi   -2.57529e-03   1.32386e-03   5.57658e-04  -4.74802e-03
  24  beta_phi     9.71714e-04   1.27110e-03   5.30707e-04   6.00702e-03
 MIGRAD MINIMIZATION HAS CONVERGED.
 MIGRAD WILL VERIFY CONVERGENCE AND ERROR MATRIX.
 COVARIANCE MATRIX CALCULATED SUCCESSFULLY
 FCN=67.1748 FROM MIGRAD    STATUS=CONVERGED     112 CALLS        2175 TOTAL
                     EDM=6.74274e-07    STRATEGY= 1      ERROR MATRIX ACCURATE 
  EXT PARAMETER                                   STEP         FIRST   
  NO.   NAME      VALUE            ERROR          SIZE      DERIVATIVE 
   1  N0           3.28930e+06     fixed    
   2  tau          6.44008e+01   constant   
   3  A0           3.64033e-01     fixed    
   4  phi          4.11967e+00     fixed    
   5  R           -6.04681e+01   constant   
   6  alpha_CBO    1.81665e-03     fixed    
   7  w_CBO        2.32500e+00   constant   
   8  beta_CBO     1.82261e-03     fixed    
   9  alpha_2CBO   4.32423e-04     fixed    
  10  beta_2CBO   -2.61021e-04     fixed    
  11  alpha_y      2.48632e-04     fixed    
  12  w_y          1.38860e+01   constant   
  13  beta_y      -3.28119e-04   2.89775e-04   1.13235e-06   3.38075e-01
  14  alpha_vw     6.17407e-04   2.87215e-04   1.12229e-06   1.37762e-01
  15  w_vw         1.43404e+01   constant   
  16  beta_vw      0.00000e+00     fixed    
  17  LM          -2.11005e-04   constant   
  18  zeta_y       0.00000e+00   constant   
  19  zeta_vw      0.00000e+00   constant   
  20  T_CBO        1.00000e+03   9.53281e+02   7.08566e-02** at limit **
  21  alpha_A0    -1.62037e-03   1.32493e-03   5.37171e-04   2.51185e-03
  22  beta_A0      4.67115e-04   1.25593e-03   5.05315e-04  -1.71375e-03
  23  alpha_phi   -2.54485e-03   1.30635e-03   5.39259e-04   2.28722e-03
  24  beta_phi     9.10916e-04   1.27126e-03   5.13343e-04  -8.00573e-03
 EXTERNAL ERROR MATRIX.    NDIM=  25    NPAR=  7    ERR DEF=1
  8.397e-08 -2.037e-08 -4.090e-09  5.717e-09  6.905e-09 -2.624e-09  7.878e-09 
 -2.037e-08  8.249e-08  5.618e-09 -5.591e-09 -7.239e-09  3.915e-09 -7.771e-09 
 -4.090e-09  5.618e-09  4.877e-02 -2.068e-05  6.013e-06 -3.290e-05  1.178e-05 
  5.717e-09 -5.591e-09 -2.068e-05  1.766e-06  1.194e-07  1.873e-07 -4.272e-08 
  6.905e-09 -7.239e-09  6.013e-06  1.194e-07  1.586e-06 -5.875e-09 -1.149e-07 
 -2.624e-09  3.915e-09 -3.290e-05  1.873e-07 -5.875e-09  1.717e-06 -9.693e-08 
  7.878e-09 -7.771e-09  1.178e-05 -4.272e-08 -1.149e-07 -9.693e-08  1.625e-06 
 PARAMETER  CORRELATION COEFFICIENTS  
       NO.  GLOBAL     13     14     20     21     22     23     24
       13  0.24607   1.000 -0.245 -0.000  0.015  0.019 -0.007  0.021
       14  0.24626  -0.245  1.000  0.000 -0.015 -0.020  0.010 -0.021
       20  0.13533  -0.000  0.000  1.000 -0.070  0.022 -0.114  0.042
       21  0.14424   0.015 -0.015 -0.070  1.000  0.071  0.108 -0.025
       22  0.10778   0.019 -0.020  0.022  0.071  1.000 -0.004 -0.072
       23  0.16054  -0.007  0.010 -0.114  0.108 -0.004  1.000 -0.058
