 + ++++++++++++++++++++++++++++++++++++++++++++++++++++++++++++++++++++ +
 +                                                                      +
 +           You have chose to blind your fitting according to          +
 +                omega_ref * (1 + (R +/- deltaR) *10^{-6})             +
 +                                                                      +
 + ++++++++++++++++++++++++++++++++++++++++++++++++++++++++++++++++++++ +
In main()...
reading format from /gm2data/zkhechad/run45/envelope/formats/formatB_sBin_constraintOn.txt
pBinTau 	= 0  
pBinPhi 	= 0  
constraintau 	= 1 
includeMopTerm 	= 0    
constrainMop    = 0   
Parameters after format file: pBinTau 0 pBinPhi 0 constraintau 1 includeMopTerm 0 constrainMop 0 c_e_scale 0.000000 
Opening file /gm2data/tbarrett/gm2fr/studies/run23_bunch_corrections/CorrectedFourier_Run3b.root.
reading full fit data from /gm2data/zkhechad/cboTemplates/Run4CBOTemplates/fullFits/noRF/sBin_constraintOn_cE0.0_seed0_noRF_calo7.root
windowBins = 69
fitting sliding window 1190 from bin 1326 at 197.690000 to bin 1395 at 208.134000 (69 bins)

Reading data from /gm2data/cornell/histograms/aMethod/histogram_a_noRF.root
 **********
 **    1 **SET PRINTOUT            1
 **********
 **********
 **    2 **SET NOWARNINGS 
 **********
 PARAMETER DEFINITIONS:
    NO.   NAME         VALUE      STEP SIZE      LIMITS
     1 N0           3.03443e+06  1.00000e+02     no limits
     2 tau          6.44117e+01  constant
     3 A0           3.50188e-01  1.00000e-04     no limits
     4 phi          4.11726e+00  1.00000e-02     no limits
     5 R           -6.15857e+01  constant
     6 alpha_CBO    0.00000e+00  1.00000e-03     no limits
     7 w_CBO        2.32500e+00  constant
     8 beta_CBO     0.00000e+00  1.00000e-03     no limits
     9 alpha_2CBO   0.00000e+00  1.00000e-03     no limits
    10 beta_2CBO    0.00000e+00  1.00000e-03     no limits
    11 alpha_y      0.00000e+00  1.00000e-03     no limits
    12 w_y          1.38860e+01  constant
    13 beta_y       0.00000e+00  1.00000e-03     no limits
    14 alpha_vw     0.00000e+00  1.00000e-03     no limits
    15 w_vw         1.43404e+01  constant
    16 beta_vw      0.00000e+00  1.00000e-03     no limits
    17 LM           1.09700e-04  constant
    18 zeta_y       0.00000e+00  constant
    19 zeta_vw      0.00000e+00  constant
    20 T_CBO        1.00000e+02  1.00000e+00    0.00000e+00  1.00000e+03
    21 alpha_A0     0.00000e+00  1.00000e-04   -1.00000e-02  1.00000e-02
    22 beta_A0      0.00000e+00  1.00000e-04   -1.00000e-02  1.00000e-02
    23 alpha_phi    0.00000e+00  1.00000e-04   -1.00000e-02  1.00000e-02
    24 beta_phi     0.00000e+00  1.00000e-04   -1.00000e-02  1.00000e-02
MINUIT - FIT ONLY WIGGLE
 **********
 **    3 **FIX            5
 **********
 PARAMETER    5  IS CONSTANT.   IGNORED.
 **********
 **    4 **FIX            6
 **********
 **********
 **    5 **FIX            7
 **********
 PARAMETER    7  IS CONSTANT.   IGNORED.
 **********
 **    6 **FIX            8
 **********
 **********
 **    7 **FIX            9
 **********
 **********
 **    8 **FIX           10
 **********
 **********
 **    9 **FIX           11
 **********
 **********
 **   10 **FIX           12
 **********
 PARAMETER   12  IS CONSTANT.   IGNORED.
 **********
 **   11 **FIX           13
 **********
 **********
 **   12 **FIX           14
 **********
 **********
 **   13 **FIX           15
 **********
 PARAMETER   15  IS CONSTANT.   IGNORED.
 **********
 **   14 **FIX           16
 **********
 **********
 **   15 **MIGRAD
 **********
 FIRST CALL TO USER FUNCTION AT NEW START POINT, WITH IFLAG=4.
 START MIGRAD MINIMIZATION.  STRATEGY  1.  CONVERGENCE WHEN EDM .LT. 1.00e-04
 FCN=332.917 FROM MIGRAD    STATUS=INITIATE      437 CALLS         438 TOTAL
                     EDM= unknown      STRATEGY= 1      NO ERROR MATRIX       
  EXT PARAMETER               CURRENT GUESS       STEP         FIRST   
  NO.   NAME      VALUE            ERROR          SIZE      DERIVATIVE 
   1  N0           3.03443e+06   1.00000e+02   0.00000e+00  -3.26932e-03
   2  tau          6.44117e+01   constant   
   3  A0           3.50188e-01   1.00000e-04   0.00000e+00  -2.24734e+04
   4  phi          4.11726e+00   1.00000e-02   0.00000e+00  -5.87572e+03
   5  R           -6.15857e+01   constant   
   6  alpha_CBO    0.00000e+00     fixed    
   7  w_CBO        2.32500e+00   constant   
   8  beta_CBO     0.00000e+00     fixed    
   9  alpha_2CBO   0.00000e+00     fixed    
  10  beta_2CBO    0.00000e+00     fixed    
  11  alpha_y      0.00000e+00     fixed    
  12  w_y          1.38860e+01   constant   
  13  beta_y       0.00000e+00     fixed    
  14  alpha_vw     0.00000e+00     fixed    
  15  w_vw         1.43404e+01   constant   
  16  beta_vw      0.00000e+00     fixed    
  17  LM           1.09700e-04   constant   
  18  zeta_y       0.00000e+00   constant   
  19  zeta_vw      0.00000e+00   constant   
  20  T_CBO        1.00000e+02   1.00000e+00   0.00000e+00   0.00000e+00
  21  alpha_A0     0.00000e+00   1.00000e-04   0.00000e+00   1.70552e+00
  22  beta_A0      0.00000e+00   1.00000e-04   0.00000e+00  -2.14707e+00
  23  alpha_phi    0.00000e+00   1.00000e-04   0.00000e+00  -6.50084e+00
  24  beta_phi     0.00000e+00   1.00000e-04   0.00000e+00   4.45105e+00
 MIGRAD MINIMIZATION HAS CONVERGED.
 FCN=298.261 FROM MIGRAD    STATUS=CONVERGED     674 CALLS         675 TOTAL
                     EDM=2.31825e-06    STRATEGY= 1  ERROR MATRIX UNCERTAINTY   0.5 per cent
  EXT PARAMETER                                   STEP         FIRST   
  NO.   NAME      VALUE            ERROR          SIZE      DERIVATIVE 
   1  N0           3.03497e+06   6.06095e+02   2.98439e-01   1.51194e-06
   2  tau          6.44117e+01   constant   
   3  A0           3.51312e-01   2.82423e-04  -7.15075e-07  -2.60580e+00
   4  phi          4.11923e+00   8.01838e-04  -1.50727e-06  -3.36674e-01
   5  R           -6.15857e+01   constant   
   6  alpha_CBO    0.00000e+00     fixed    
   7  w_CBO        2.32500e+00   constant   
   8  beta_CBO     0.00000e+00     fixed    
   9  alpha_2CBO   0.00000e+00     fixed    
  10  beta_2CBO    0.00000e+00     fixed    
  11  alpha_y      0.00000e+00     fixed    
  12  w_y          1.38860e+01   constant   
  13  beta_y       0.00000e+00     fixed    
  14  alpha_vw     0.00000e+00     fixed    
  15  w_vw         1.43404e+01   constant   
  16  beta_vw      0.00000e+00     fixed    
  17  LM           1.09700e-04   constant   
  18  zeta_y       0.00000e+00   constant   
  19  zeta_vw      0.00000e+00   constant   
  20  T_CBO        2.32546e+02   7.07857e+01   4.47119e-04   4.06730e-03
  21  alpha_A0    -7.21966e-04   2.86271e-03  -5.01034e-04   2.16184e-04
  22  beta_A0      2.87105e-03   2.72973e-03   1.63122e-04   8.63443e-04
  23  alpha_phi    9.99197e-03   1.70258e-03   1.15370e-03  -5.34363e-03
  24  beta_phi    -5.42712e-03   3.06406e-03  -4.00519e-04   5.20215e-04
 EXTERNAL ERROR MATRIX.    NDIM=  25    NPAR=  8    ERR DEF=1
  3.674e+05  1.401e-02  2.707e-02  7.535e+02 -3.131e-01 -6.141e-02  1.697e-02 -3.545e-01 
  1.401e-02  7.976e-08  8.278e-09  3.635e-03  4.277e-08  2.261e-08 -1.182e-08 -2.885e-08 
  2.707e-02  8.278e-09  6.429e-07  6.992e-03 -8.368e-08 -2.474e-07 -1.567e-08 -3.048e-07 
  7.535e+02  3.635e-03  6.992e-03  5.058e+03  3.224e-02 -5.487e-02  3.164e-03 -9.990e-02 
 -3.131e-01  4.277e-08 -8.368e-08  3.224e-02  8.431e-06  5.443e-07  5.194e-09 -2.517e-07 
 -6.141e-02  2.261e-08 -2.474e-07 -5.487e-02  5.443e-07  7.662e-06  1.345e-08  1.778e-06 
  1.697e-02 -1.182e-08 -1.567e-08  3.164e-03  5.194e-09  1.345e-08  5.631e-08 -2.719e-09 
 -3.545e-01 -2.885e-08 -3.048e-07 -9.990e-02 -2.517e-07  1.778e-06 -2.719e-09  9.837e-06 
 PARAMETER  CORRELATION COEFFICIENTS  
       NO.  GLOBAL      1      3      4     20     21     22     23     24
        1  0.32544   1.000  0.082  0.056  0.017 -0.178 -0.037  0.118 -0.186
        3  0.33054   0.082  1.000  0.037  0.181  0.052  0.029 -0.176 -0.033
        4  0.19871   0.056  0.037  1.000  0.123 -0.036 -0.111 -0.082 -0.121
       20  0.59283   0.017  0.181  0.123  1.000  0.156 -0.279  0.187 -0.448
       21  0.26730  -0.178  0.052 -0.036  0.156  1.000  0.068  0.008 -0.028
       22  0.33792  -0.037  0.029 -0.111 -0.279  0.068  1.000  0.020  0.205
       23  0.36433   0.118 -0.176 -0.082  0.187  0.008  0.020  1.000 -0.004
       24  0.50639  -0.186 -0.033 -0.121 -0.448 -0.028  0.205 -0.004  1.000
MINUIT - FIT ONLY 1-CBO + wiggle
 **********
 **   16 **RES 
 **********
                   PARAMETER   16  beta_vw RESTORED TO VARIABLE.
                   PARAMETER   14  alpha_vw RESTORED TO VARIABLE.
                   PARAMETER   13  beta_y RESTORED TO VARIABLE.
                   PARAMETER   11  alpha_y RESTORED TO VARIABLE.
                   PARAMETER   10  beta_2CBO RESTORED TO VARIABLE.
                   PARAMETER    9  alpha_2CBO RESTORED TO VARIABLE.
                   PARAMETER    8  beta_CBO RESTORED TO VARIABLE.
                   PARAMETER    6  alpha_CBO RESTORED TO VARIABLE.
 **********
 **   17 **FIX            8
 **********
 **********
 **   18 **FIX            9
 **********
 **********
 **   19 **FIX           11
 **********
 **********
 **   20 **FIX           12
 **********
 PARAMETER   12  IS CONSTANT.   IGNORED.
 **********
 **   21 **FIX           14
 **********
 **********
 **   22 **FIX           15
 **********
 PARAMETER   15  IS CONSTANT.   IGNORED.
 **********
 **   23 **FIX           16
 **********
 **********
 **   24 **MIGRAD
 **********
 START MIGRAD MINIMIZATION.  STRATEGY  1.  CONVERGENCE WHEN EDM .LT. 1.00e-04
 FCN=298.261 FROM MIGRAD    STATUS=INITIATE       28 CALLS         703 TOTAL
                     EDM= unknown      STRATEGY= 1      NO ERROR MATRIX       
  EXT PARAMETER               CURRENT GUESS       STEP         FIRST   
  NO.   NAME      VALUE            ERROR          SIZE      DERIVATIVE 
   1  N0           3.03497e+06   6.06095e+02   2.98439e-01   1.51194e-06
   2  tau          6.44117e+01   constant   
   3  A0           3.51312e-01   2.82423e-04  -7.15075e-07  -2.60580e+00
   4  phi          4.11923e+00   8.01838e-04  -1.50727e-06  -3.36674e-01
   5  R           -6.15857e+01   constant   
   6  alpha_CBO    0.00000e+00   1.00000e-03   1.00000e-03  -2.65054e+04
   7  w_CBO        2.32500e+00   constant   
   8  beta_CBO     0.00000e+00     fixed    
   9  alpha_2CBO   0.00000e+00     fixed    
  10  beta_2CBO    0.00000e+00   1.00000e-03   1.00000e-03  -6.06017e+03
  11  alpha_y      0.00000e+00     fixed    
  12  w_y          1.38860e+01   constant   
  13  beta_y       0.00000e+00   1.00000e-03   1.00000e-03   3.04747e+03
  14  alpha_vw     0.00000e+00     fixed    
  15  w_vw         1.43404e+01   constant   
  16  beta_vw      0.00000e+00     fixed    
  17  LM           1.09700e-04   constant   
  18  zeta_y       0.00000e+00   constant   
  19  zeta_vw      0.00000e+00   constant   
  20  T_CBO        2.32546e+02   7.07857e+01   4.47119e-04   4.06714e-03
  21  alpha_A0    -7.21966e-04   2.86271e-03  -5.01034e-04   2.16186e-04
  22  beta_A0      2.87105e-03   2.72973e-03   1.63122e-04   8.63411e-04
  23  alpha_phi    9.99197e-03   1.70258e-03   1.15370e-03  -5.40653e-03
  24  beta_phi    -5.42712e-03   3.06406e-03  -4.00519e-04  -5.20302e-04
 MIGRAD MINIMIZATION HAS CONVERGED.
 FCN=281.184 FROM MIGRAD    STATUS=CONVERGED     202 CALLS         877 TOTAL
                     EDM=4.56638e-06    STRATEGY= 1  ERROR MATRIX UNCERTAINTY   2.3 per cent
  EXT PARAMETER                                   STEP         FIRST   
  NO.   NAME      VALUE            ERROR          SIZE      DERIVATIVE 
   1  N0           3.03504e+06   6.28650e+02   9.16425e-01   1.35808e-06
   2  tau          6.44117e+01   constant   
   3  A0           3.51304e-01   2.80158e-04   1.80529e-07   3.30651e+00
   4  phi          4.11859e+00   8.15367e-04   7.02977e-07   7.33356e-01
   5  R           -6.15857e+01   constant   
   6  alpha_CBO    1.19477e-03   2.97832e-04  -9.24300e-08  -7.08027e-01
   7  w_CBO        2.32500e+00   constant   
   8  beta_CBO     0.00000e+00     fixed    
   9  alpha_2CBO   0.00000e+00     fixed    
  10  beta_2CBO    3.35099e-04   2.87800e-04   7.21178e-07   4.74778e+00
  11  alpha_y      0.00000e+00     fixed    
  12  w_y          1.38860e+01   constant   
  13  beta_y      -1.49685e-04   2.87162e-04  -8.39937e-08  -9.29486e-01
  14  alpha_vw     0.00000e+00     fixed    
  15  w_vw         1.43404e+01   constant   
  16  beta_vw      0.00000e+00     fixed    
  17  LM           1.09700e-04   constant   
  18  zeta_y       0.00000e+00   constant   
  19  zeta_vw      0.00000e+00   constant   
  20  T_CBO        2.39808e+02   6.10979e+01  -3.86061e-06   6.42020e-04
  21  alpha_A0     5.59564e-04   2.74201e-03  -5.78345e-04   1.12138e-05
  22  beta_A0      2.44177e-03   2.52372e-03   8.97370e-05   5.70016e-03
  23  alpha_phi    9.99937e-03   1.98618e-02  -1.10222e-02   1.13484e-03
  24  beta_phi    -5.15112e-03   2.54507e-03   1.16313e-03   3.26392e-03
 EXTERNAL ERROR MATRIX.    NDIM=  25    NPAR= 11    ERR DEF=1
  3.952e+05 
 -3.351e-03  7.849e-08 
  6.965e-02  1.184e-09  6.648e-07 
  4.701e-03 -1.520e-09 -4.850e-08  8.870e-08 
  4.500e-03  2.221e-09 -1.155e-09  5.942e-09  8.283e-08 
 -1.509e-03  7.477e-10  3.361e-09 -1.732e-09 -1.653e-10  8.246e-08 
 -5.462e+03  3.315e-03 -2.003e-03  9.877e-05  1.762e-03 -3.891e-05  3.759e+03 
 -3.477e-01  3.219e-08 -1.262e-07  8.473e-08  3.692e-08 -3.642e-09  2.198e-02  7.716e-06 
  1.443e-02 -1.227e-08 -3.157e-08 -1.853e-08 -7.752e-08  4.797e-09 -2.520e-02  3.467e-07  6.518e-06 
 -4.415e-02 -6.139e-09 -3.416e-08  1.794e-09 -1.286e-08  1.406e-09 -2.643e-03  1.376e-07  1.227e-07  1.447e-07 
  2.330e-01 -1.359e-08  1.164e-07  1.725e-08  1.343e-08  5.174e-09  3.421e-02  1.850e-07 -5.265e-07 -2.855e-07  6.677e-06 
 PARAMETER  CORRELATION COEFFICIENTS  
       NO.  GLOBAL      1      3      4      6     10     13     20     21     22     23     24
        1  0.34313   1.000 -0.019  0.136  0.025  0.025 -0.008 -0.142 -0.199  0.009 -0.185  0.143
        3  0.21395  -0.019  1.000  0.005 -0.018  0.028  0.009  0.193  0.041 -0.017 -0.058 -0.019
        4  0.26192   0.136  0.005  1.000 -0.200 -0.005  0.014 -0.040 -0.056 -0.015 -0.110  0.055
        6  0.24355   0.025 -0.018 -0.200  1.000  0.069 -0.020  0.005  0.102 -0.024  0.016  0.022
       10  0.19267   0.025  0.028 -0.005  0.069  1.000 -0.002  0.100  0.046 -0.105 -0.117  0.018
       13  0.03364  -0.008  0.009  0.014 -0.020 -0.002  1.000 -0.002 -0.005  0.007  0.013  0.007
       20  0.38969  -0.142  0.193 -0.040  0.005  0.100 -0.002  1.000  0.129 -0.161 -0.113  0.216
       21  0.28923  -0.199  0.041 -0.056  0.102  0.046 -0.005  0.129  1.000  0.049  0.130  0.026
       22  0.22266   0.009 -0.017 -0.015 -0.024 -0.105  0.007 -0.161  0.049  1.000  0.126 -0.080
       23  0.38905  -0.185 -0.058 -0.110  0.016 -0.117  0.013 -0.113  0.130  0.126  1.000 -0.290
       24  0.38110   0.143 -0.019  0.055  0.022  0.018  0.007  0.216  0.026 -0.080 -0.290  1.000
MINUIT - FIT ONLY 2-CBO
 **********
 **   25 **RES 
 **********
                   PARAMETER   16  beta_vw RESTORED TO VARIABLE.
                   PARAMETER   14  alpha_vw RESTORED TO VARIABLE.
                   PARAMETER   11  alpha_y RESTORED TO VARIABLE.
                   PARAMETER    9  alpha_2CBO RESTORED TO VARIABLE.
                   PARAMETER    8  beta_CBO RESTORED TO VARIABLE.
 **********
 **   26 **FIX            0
 **********
 PARAMETER    0  IS UNDEFINED. IGNORED.
 **********
 **   27 **FIX            1
 **********
 **********
 **   28 **FIX            2
 **********
 PARAMETER    2  IS CONSTANT.   IGNORED.
 **********
 **   29 **FIX            3
 **********
 **********
 **   30 **FIX            4
 **********
 **********
 **   31 **FIX            5
 **********
 PARAMETER    5  IS CONSTANT.   IGNORED.
 **********
 **   32 **FIX            6
 **********
 **********
 **   33 **FIX            7
 **********
 PARAMETER    7  IS CONSTANT.   IGNORED.
 **********
 **   34 **FIX           10
 **********
 **********
 **   35 **FIX           11
 **********
 **********
 **   36 **FIX           12
 **********
 PARAMETER   12  IS CONSTANT.   IGNORED.
 **********
 **   37 **FIX           13
 **********
 **********
 **   38 **FIX           14
 **********
 **********
 **   39 **FIX           15
 **********
 PARAMETER   15  IS CONSTANT.   IGNORED.
 **********
 **   40 **FIX           16
 **********
 **********
 **   41 **MIGRAD
 **********
 START MIGRAD MINIMIZATION.  STRATEGY  1.  CONVERGENCE WHEN EDM .LT. 1.00e-04
 FCN=281.184 FROM MIGRAD    STATUS=INITIATE       18 CALLS         895 TOTAL
                     EDM= unknown      STRATEGY= 1      NO ERROR MATRIX       
  EXT PARAMETER               CURRENT GUESS       STEP         FIRST   
  NO.   NAME      VALUE            ERROR          SIZE      DERIVATIVE 
   1  N0           3.03504e+06     fixed    
   2  tau          6.44117e+01   constant   
   3  A0           3.51304e-01     fixed    
   4  phi          4.11859e+00     fixed    
   5  R           -6.15857e+01   constant   
   6  alpha_CBO    1.19477e-03     fixed    
   7  w_CBO        2.32500e+00   constant   
   8  beta_CBO     0.00000e+00   1.00000e-03   1.00000e-03   1.00404e+05
   9  alpha_2CBO   0.00000e+00   1.00000e-03   1.00000e-03  -1.28304e+04
  10  beta_2CBO    3.35099e-04     fixed    
  11  alpha_y      0.00000e+00     fixed    
  12  w_y          1.38860e+01   constant   
  13  beta_y      -1.49685e-04     fixed    
  14  alpha_vw     0.00000e+00     fixed    
  15  w_vw         1.43404e+01   constant   
  16  beta_vw      0.00000e+00     fixed    
  17  LM           1.09700e-04   constant   
  18  zeta_y       0.00000e+00   constant   
  19  zeta_vw      0.00000e+00   constant   
  20  T_CBO        2.39808e+02   6.10979e+01  -3.86061e-06   6.42099e-04
  21  alpha_A0     5.59564e-04   2.74201e-03  -5.78345e-04   1.12459e-05
  22  beta_A0      2.44177e-03   2.52372e-03   8.97370e-05   5.70008e-03
  23  alpha_phi    9.99937e-03   1.98618e-02  -1.10222e-02  -1.15981e-03
  24  beta_phi    -5.15112e-03   2.54507e-03   1.16313e-03   3.26384e-03
 MIGRAD MINIMIZATION HAS CONVERGED.
 MIGRAD WILL VERIFY CONVERGENCE AND ERROR MATRIX.
 COVARIANCE MATRIX CALCULATED SUCCESSFULLY
 FCN=71.5552 FROM MIGRAD    STATUS=CONVERGED    1009 CALLS        1886 TOTAL
                     EDM=2.61259e-05    STRATEGY= 1      ERROR MATRIX ACCURATE 
  EXT PARAMETER                                   STEP         FIRST   
  NO.   NAME      VALUE            ERROR          SIZE      DERIVATIVE 
   1  N0           3.03504e+06     fixed    
   2  tau          6.44117e+01   constant   
   3  A0           3.51304e-01     fixed    
   4  phi          4.11859e+00     fixed    
   5  R           -6.15857e+01   constant   
   6  alpha_CBO    1.19477e-03     fixed    
   7  w_CBO        2.32500e+00   constant   
   8  beta_CBO    -4.09612e-03   2.85302e-04   1.16676e-06   2.70926e-01
   9  alpha_2CBO   6.27597e-04   2.92341e-04   1.18580e-06   1.47277e+00
  10  beta_2CBO    3.35099e-04     fixed    
  11  alpha_y      0.00000e+00     fixed    
  12  w_y          1.38860e+01   constant   
  13  beta_y      -1.49685e-04     fixed    
  14  alpha_vw     0.00000e+00     fixed    
  15  w_vw         1.43404e+01   constant   
  16  beta_vw      0.00000e+00     fixed    
  17  LM           1.09700e-04   constant   
  18  zeta_y       0.00000e+00   constant   
  19  zeta_vw      0.00000e+00   constant   
  20  T_CBO        9.98777e+02   6.78739e+02   5.45638e-02  -3.48865e-04
  21  alpha_A0    -2.20021e-04   1.41778e-03   5.81007e-04   2.89601e-03
  22  beta_A0     -2.29580e-03   1.36552e-03   5.68753e-04   2.18421e-02
  23  alpha_phi    4.66320e-03   1.42531e-03   6.47908e-04  -1.43210e-02
  24  beta_phi    -3.05370e-03   1.38610e-03   5.89921e-04   3.08405e-02
 EXTERNAL ERROR MATRIX.    NDIM=  25    NPAR=  7    ERR DEF=1
  8.140e-08 -1.552e-09 -7.371e-05  2.711e-09  6.953e-08  1.096e-08 -1.731e-09 
 -1.552e-09  8.546e-08  5.755e-05 -6.256e-08 -1.419e-08 -8.520e-09 -6.326e-08 
 -7.371e-05  5.755e-05  3.740e+05  1.068e-02  1.045e-01 -2.179e-01  1.403e-01 
  2.711e-09 -6.256e-08  1.068e-02  2.024e-06  1.477e-07  1.924e-07  1.115e-08 
  6.953e-08 -1.419e-08  1.045e-01  1.477e-07  1.877e-06 -5.058e-08 -7.986e-08 
  1.096e-08 -8.520e-09 -2.179e-01  1.924e-07 -5.058e-08  2.049e-06 -1.687e-07 
 -1.731e-09 -6.326e-08  1.403e-01  1.115e-08 -7.986e-08 -1.687e-07  1.935e-06 
 PARAMETER  CORRELATION COEFFICIENTS  
       NO.  GLOBAL      8      9     20     21     22     23     24
        8  0.18215   1.000 -0.019 -0.000  0.007  0.178  0.027 -0.004
        9  0.22108  -0.019  1.000  0.000 -0.150 -0.035 -0.020 -0.156
       20  0.31615  -0.000  0.000  1.000  0.012  0.125 -0.249  0.165
       21  0.19317   0.007 -0.150  0.012  1.000  0.076  0.094  0.006
       22  0.24005   0.178 -0.035  0.125  0.076  1.000 -0.026 -0.042
       23  0.27277   0.027 -0.020 -0.249  0.094 -0.026  1.000 -0.085
       24  0.24199  -0.004 -0.156  0.165  0.006 -0.042 -0.085  1.000
MINUIT - FIT wiggle + 1-CBO + 2-CBO
 **********
 **   42 **RES 
 **********
                   PARAMETER   16  beta_vw RESTORED TO VARIABLE.
                   PARAMETER   14  alpha_vw RESTORED TO VARIABLE.
                   PARAMETER   13  beta_y RESTORED TO VARIABLE.
                   PARAMETER   11  alpha_y RESTORED TO VARIABLE.
                   PARAMETER   10  beta_2CBO RESTORED TO VARIABLE.
                   PARAMETER    6  alpha_CBO RESTORED TO VARIABLE.
                   PARAMETER    4  phi RESTORED TO VARIABLE.
                   PARAMETER    3  A0 RESTORED TO VARIABLE.
                   PARAMETER    1  N0 RESTORED TO VARIABLE.
 **********
 **   43 **FIX           10
 **********
 **********
 **   44 **FIX           11
 **********
 **********
 **   45 **FIX           12
 **********
 PARAMETER   12  IS CONSTANT.   IGNORED.
 **********
 **   46 **FIX           13
 **********
 **********
 **   47 **FIX           14
 **********
 **********
 **   48 **FIX           15
 **********
 PARAMETER   15  IS CONSTANT.   IGNORED.
 **********
 **   49 **FIX           16
 **********
 **********
 **   50 **MIGRAD
 **********
 START MIGRAD MINIMIZATION.  STRATEGY  1.  CONVERGENCE WHEN EDM .LT. 1.00e-04
 FCN=71.5552 FROM MIGRAD    STATUS=INITIATE       22 CALLS        1908 TOTAL
                     EDM= unknown      STRATEGY= 1      NO ERROR MATRIX       
  EXT PARAMETER               CURRENT GUESS       STEP         FIRST   
  NO.   NAME      VALUE            ERROR          SIZE      DERIVATIVE 
   1  N0           3.03504e+06   6.28650e+02   6.28650e+02   2.35530e-03
   2  tau          6.44117e+01   constant   
   3  A0           3.51304e-01   2.80158e-04   2.80158e-04   2.61069e+04
   4  phi          4.11859e+00   8.15367e-04   8.15367e-04   8.88903e+02
   5  R           -6.15857e+01   constant   
   6  alpha_CBO    1.19477e-03   2.97832e-04   2.97832e-04   2.11544e+03
   7  w_CBO        2.32500e+00   constant   
   8  beta_CBO    -4.09612e-03   2.85302e-04   1.16676e-06   2.70922e-01
   9  alpha_2CBO   6.27597e-04   2.92341e-04   1.18580e-06   1.47276e+00
  10  beta_2CBO    3.35099e-04     fixed    
  11  alpha_y      0.00000e+00     fixed    
  12  w_y          1.38860e+01   constant   
  13  beta_y      -1.49685e-04     fixed    
  14  alpha_vw     0.00000e+00     fixed    
  15  w_vw         1.43404e+01   constant   
  16  beta_vw      0.00000e+00     fixed    
  17  LM           1.09700e-04   constant   
  18  zeta_y       0.00000e+00   constant   
  19  zeta_vw      0.00000e+00   constant   
  20  T_CBO        9.98777e+02   6.78739e+02   5.45638e-02  -3.55513e-04
  21  alpha_A0    -2.20021e-04   1.41778e-03   5.81007e-04   2.89591e-03
  22  beta_A0     -2.29580e-03   1.36552e-03   5.68753e-04   2.18460e-02
  23  alpha_phi    4.66320e-03   1.42531e-03   6.47908e-04  -1.43298e-02
  24  beta_phi    -3.05370e-03   1.38610e-03   5.89921e-04   3.08459e-02
 MIGRAD MINIMIZATION HAS CONVERGED.
 FCN=56.112 FROM MIGRAD    STATUS=CONVERGED     194 CALLS        2080 TOTAL
                     EDM=4.5588e-06    STRATEGY= 1  ERROR MATRIX UNCERTAINTY   2.3 per cent
  EXT PARAMETER                                   STEP         FIRST   
  NO.   NAME      VALUE            ERROR          SIZE      DERIVATIVE 
   1  N0           3.03458e+06   6.51082e+02   4.63704e-02  -1.06343e-06
   2  tau          6.44117e+01   constant   
   3  A0           3.50181e-01   2.94735e-04  -1.54293e-07   7.29978e-01
   4  phi          4.11818e+00   8.25127e-04   2.15982e-06   1.31956e+00
   5  R           -6.15857e+01   constant   
   6  alpha_CBO    1.14127e-03   2.94172e-04  -5.36621e-07  -1.82403e+00
   7  w_CBO        2.32500e+00   constant   
   8  beta_CBO    -4.40014e-03   3.00429e-04  -1.14639e-07   7.43307e-01
   9  alpha_2CBO   6.59221e-04   2.90978e-04  -3.93288e-07   1.96966e-01
  10  beta_2CBO    3.35099e-04     fixed    
  11  alpha_y      0.00000e+00     fixed    
  12  w_y          1.38860e+01   constant   
  13  beta_y      -1.49685e-04     fixed    
  14  alpha_vw     0.00000e+00     fixed    
  15  w_vw         1.43404e+01   constant   
  16  beta_vw      0.00000e+00     fixed    
  17  LM           1.09700e-04   constant   
  18  zeta_y       0.00000e+00   constant   
  19  zeta_vw      0.00000e+00   constant   
  20  T_CBO        9.92480e+02   8.94556e+02   1.21256e-02  -1.38919e-03
  21  alpha_A0    -5.48801e-04   1.45596e-03  -3.47587e-04  -8.07362e-03
  22  beta_A0     -2.95948e-03   1.40881e-03   2.84568e-04   6.53599e-03
  23  alpha_phi    3.54033e-03   1.51544e-03  -4.46055e-04  -1.32674e-02
  24  beta_phi    -2.87675e-03   1.47408e-03   4.10435e-04   3.47898e-03
 EXTERNAL ERROR MATRIX.    NDIM=  25    NPAR= 11    ERR DEF=1
  4.239e+05 
 -6.800e-03  8.687e-08 
  9.942e-02  1.016e-09  6.808e-07 
 -6.264e-03 -1.842e-09 -2.293e-08  8.654e-08 
  7.628e-04  2.325e-08  1.669e-08 -9.807e-10  9.026e-08 
  5.869e-03 -3.250e-09 -3.173e-09  2.065e-09 -3.558e-09  8.467e-08 
  1.262e+04 -3.330e-03  5.641e-02 -1.919e-02 -1.682e-03 -4.243e-03  1.137e+05 
 -2.334e-01  4.344e-08 -6.883e-08  3.091e-08  1.400e-08 -1.715e-08 -5.539e-02  2.135e-06 
  1.404e-03  4.833e-08  3.116e-08 -3.523e-08  5.204e-08 -3.719e-08  1.575e-01  1.904e-07  1.999e-06 
 -2.140e-02  9.050e-08 -6.350e-08  1.521e-08  3.558e-08 -2.835e-11 -2.640e-01  2.166e-07 -2.797e-08  2.317e-06 
  1.885e-01 -3.366e-08  1.461e-07 -5.945e-08 -7.046e-09 -1.561e-08  2.448e-01 -2.204e-07  5.039e-08 -3.879e-07  2.190e-06 
 PARAMETER  CORRELATION COEFFICIENTS  
       NO.  GLOBAL      1      3      4      6      8      9     20     21     22     23     24
        1  0.35279   1.000 -0.035  0.185 -0.033  0.004  0.031  0.057 -0.245  0.002 -0.022  0.196
        3  0.35183  -0.035  1.000  0.004 -0.021  0.263 -0.038 -0.034  0.101  0.116  0.202 -0.077
        4  0.29421   0.185  0.004  1.000 -0.094  0.067 -0.013  0.203 -0.057  0.027 -0.051  0.120
        6  0.22602  -0.033 -0.021 -0.094  1.000 -0.011  0.024 -0.193  0.072 -0.085  0.034 -0.137
        8  0.29305   0.004  0.263  0.067 -0.011  1.000 -0.041 -0.017  0.032  0.123  0.078 -0.016
        9  0.11505   0.031 -0.038 -0.013  0.024 -0.041  1.000 -0.043 -0.040 -0.090 -0.000 -0.036
       20  0.75073   0.057 -0.034  0.203 -0.193 -0.017 -0.043  1.000 -0.112  0.330 -0.514  0.490
       21  0.31073  -0.245  0.101 -0.057  0.072  0.032 -0.040 -0.112  1.000  0.092  0.097 -0.102
       22  0.45837   0.002  0.116  0.027 -0.085  0.123 -0.090  0.330  0.092  1.000 -0.013  0.024
       23  0.58463  -0.022  0.202 -0.051  0.034  0.078 -0.000 -0.514  0.097 -0.013  1.000 -0.172
       24  0.55791   0.196 -0.077  0.120 -0.137 -0.016 -0.036  0.490 -0.102  0.024 -0.172  1.000
MINUIT - FIT ONLY 1-y
 **********
 **   51 **RES 
 **********
                   PARAMETER   16  beta_vw RESTORED TO VARIABLE.
                   PARAMETER   14  alpha_vw RESTORED TO VARIABLE.
                   PARAMETER   13  beta_y RESTORED TO VARIABLE.
                   PARAMETER   11  alpha_y RESTORED TO VARIABLE.
                   PARAMETER   10  beta_2CBO RESTORED TO VARIABLE.
 **********
 **   52 **FIX            0
 **********
 PARAMETER    0  IS UNDEFINED. IGNORED.
 **********
 **   53 **FIX            1
 **********
 **********
 **   54 **FIX            2
 **********
 PARAMETER    2  IS CONSTANT.   IGNORED.
 **********
 **   55 **FIX            3
 **********
 **********
 **   56 **FIX            4
 **********
 **********
 **   57 **FIX            5
 **********
 PARAMETER    5  IS CONSTANT.   IGNORED.
 **********
 **   58 **FIX            6
 **********
 **********
 **   59 **FIX            7
 **********
 PARAMETER    7  IS CONSTANT.   IGNORED.
 **********
 **   60 **FIX            8
 **********
 **********
 **   61 **FIX            9
 **********
 **********
 **   62 **FIX           13
 **********
 **********
 **   63 **FIX           14
 **********
 **********
 **   64 **FIX           15
 **********
 PARAMETER   15  IS CONSTANT.   IGNORED.
 **********
 **   65 **FIX           16
 **********
 **********
 **   66 **MIGRAD
 **********
 START MIGRAD MINIMIZATION.  STRATEGY  1.  CONVERGENCE WHEN EDM .LT. 1.00e-04
 FCN=56.112 FROM MIGRAD    STATUS=INITIATE       16 CALLS        2096 TOTAL
                     EDM= unknown      STRATEGY= 1      NO ERROR MATRIX       
  EXT PARAMETER               CURRENT GUESS       STEP         FIRST   
  NO.   NAME      VALUE            ERROR          SIZE      DERIVATIVE 
   1  N0           3.03458e+06     fixed    
   2  tau          6.44117e+01   constant   
   3  A0           3.50181e-01     fixed    
   4  phi          4.11818e+00     fixed    
   5  R           -6.15857e+01   constant   
   6  alpha_CBO    1.14127e-03     fixed    
   7  w_CBO        2.32500e+00   constant   
   8  beta_CBO    -4.40014e-03     fixed    
   9  alpha_2CBO   6.59221e-04     fixed    
  10  beta_2CBO    3.35099e-04   2.87800e-04   2.87800e-04   3.16160e+03
  11  alpha_y      0.00000e+00   1.00000e-03   1.00000e-03  -8.00739e+03
  12  w_y          1.38860e+01   constant   
  13  beta_y      -1.49685e-04     fixed    
  14  alpha_vw     0.00000e+00     fixed    
  15  w_vw         1.43404e+01   constant   
  16  beta_vw      0.00000e+00     fixed    
  17  LM           1.09700e-04   constant   
  18  zeta_y       0.00000e+00   constant   
  19  zeta_vw      0.00000e+00   constant   
  20  T_CBO        9.92480e+02   8.94556e+02   1.21256e-02  -1.38593e-03
  21  alpha_A0    -5.48801e-04   1.45596e-03  -3.47587e-04  -8.07369e-03
  22  beta_A0     -2.95948e-03   1.40881e-03   2.84568e-04   6.53589e-03
  23  alpha_phi    3.54033e-03   1.51544e-03  -4.46055e-04  -1.32674e-02
  24  beta_phi    -2.87675e-03   1.47408e-03   4.10435e-04   3.47897e-03
 MIGRAD MINIMIZATION HAS CONVERGED.
 MIGRAD WILL VERIFY CONVERGENCE AND ERROR MATRIX.
 COVARIANCE MATRIX CALCULATED SUCCESSFULLY
 FCN=54.6104 FROM MIGRAD    STATUS=CONVERGED     184 CALLS        2264 TOTAL
                     EDM=2.51636e-06    STRATEGY= 1      ERROR MATRIX ACCURATE 
  EXT PARAMETER                                   STEP         FIRST   
  NO.   NAME      VALUE            ERROR          SIZE      DERIVATIVE 
   1  N0           3.03458e+06     fixed    
   2  tau          6.44117e+01   constant   
   3  A0           3.50181e-01     fixed    
   4  phi          4.11818e+00     fixed    
   5  R           -6.15857e+01   constant   
   6  alpha_CBO    1.14127e-03     fixed    
   7  w_CBO        2.32500e+00   constant   
   8  beta_CBO    -4.40014e-03     fixed    
   9  alpha_2CBO   6.59221e-04     fixed    
  10  beta_2CBO    1.98049e-04   2.90387e-04   1.03403e-06   2.58656e+00
  11  alpha_y      3.21013e-04   2.82436e-04   1.02795e-06   2.30156e+00
  12  w_y          1.38860e+01   constant   
  13  beta_y      -1.49685e-04     fixed    
  14  alpha_vw     0.00000e+00     fixed    
  15  w_vw         1.43404e+01   constant   
  16  beta_vw      0.00000e+00     fixed    
  17  LM           1.09700e-04   constant   
  18  zeta_y       0.00000e+00   constant   
  19  zeta_vw      0.00000e+00   constant   
  20  T_CBO        9.99997e+02   9.62268e+02   5.60858e-02  -2.49764e-05
  21  alpha_A0    -5.33411e-04   1.40427e-03   5.09923e-04   1.04422e-03
  22  beta_A0     -2.85994e-03   1.35083e-03   5.06382e-04   4.69311e-03
  23  alpha_phi    3.46475e-03   1.41120e-03   5.36339e-04  -3.22790e-03
  24  beta_phi    -2.85251e-03   1.35964e-03   5.14493e-04   1.27592e-02
 EXTERNAL ERROR MATRIX.    NDIM=  25    NPAR=  7    ERR DEF=1
  8.432e-08 -9.729e-10 -1.013e-06  2.679e-09 -5.116e-08  6.722e-08 -7.437e-09 
 -9.729e-10  7.977e-08 -2.973e-07  4.430e-09  3.607e-09  8.718e-09  1.830e-09 
 -1.013e-06 -2.973e-07  7.319e+02 -5.650e-04 -3.112e-03  3.844e-03 -3.139e-03 
  2.679e-09  4.430e-09 -5.650e-04  1.985e-06  1.340e-07  1.926e-07 -3.698e-08 
 -5.116e-08  3.607e-09 -3.112e-03  1.340e-07  1.837e-06 -5.722e-08 -1.088e-07 
  6.722e-08  8.718e-09  3.844e-03  1.926e-07 -5.722e-08  2.007e-06 -1.156e-07 
 -7.437e-09  1.830e-09 -3.139e-03 -3.698e-08 -1.088e-07 -1.156e-07  1.861e-06 
 PARAMETER  CORRELATION COEFFICIENTS  
       NO.  GLOBAL     10     11     20     21     22     23     24
       10  0.20894   1.000 -0.012 -0.000  0.007 -0.130  0.163 -0.019
       11  0.02999  -0.012  1.000 -0.000  0.011  0.009  0.022  0.005
       20  0.15840  -0.000 -0.000  1.000 -0.015 -0.085  0.100 -0.085
       21  0.12323   0.007  0.011 -0.015  1.000  0.070  0.096 -0.019
       22  0.18349  -0.130  0.009 -0.085  0.070  1.000 -0.030 -0.059
       23  0.22123   0.163  0.022  0.100  0.096 -0.030  1.000 -0.060
       24  0.12230  -0.019  0.005 -0.085 -0.019 -0.059 -0.060  1.000
MINUIT - FIT ONLY 2-y
 **********
 **   67 **RES 
 **********
                   PARAMETER   16  beta_vw RESTORED TO VARIABLE.
                   PARAMETER   14  alpha_vw RESTORED TO VARIABLE.
                   PARAMETER   13  beta_y RESTORED TO VARIABLE.
                   PARAMETER    9  alpha_2CBO RESTORED TO VARIABLE.
                   PARAMETER    8  beta_CBO RESTORED TO VARIABLE.
                   PARAMETER    6  alpha_CBO RESTORED TO VARIABLE.
                   PARAMETER    4  phi RESTORED TO VARIABLE.
                   PARAMETER    3  A0 RESTORED TO VARIABLE.
                   PARAMETER    1  N0 RESTORED TO VARIABLE.
 **********
 **   68 **FIX            0
 **********
 PARAMETER    0  IS UNDEFINED. IGNORED.
 **********
 **   69 **FIX            1
 **********
 **********
 **   70 **FIX            2
 **********
 PARAMETER    2  IS CONSTANT.   IGNORED.
 **********
 **   71 **FIX            3
 **********
 **********
 **   72 **FIX            4
 **********
 **********
 **   73 **FIX            5
 **********
 PARAMETER    5  IS CONSTANT.   IGNORED.
 **********
 **   74 **FIX            6
 **********
 **********
 **   75 **FIX            7
 **********
 PARAMETER    7  IS CONSTANT.   IGNORED.
 **********
 **   76 **FIX            8
 **********
 **********
 **   77 **FIX            9
 **********
 **********
 **   78 **FIX           10
 **********
 **********
 **   79 **FIX           11
 **********
 **********
 **   80 **FIX           12
 **********
 PARAMETER   12  IS CONSTANT.   IGNORED.
 **********
 **   81 **FIX           16
 **********
 **********
 **   82 **MIGRAD
 **********
 START MIGRAD MINIMIZATION.  STRATEGY  1.  CONVERGENCE WHEN EDM .LT. 1.00e-04
 FCN=54.6104 FROM MIGRAD    STATUS=INITIATE       16 CALLS        2280 TOTAL
                     EDM= unknown      STRATEGY= 1      NO ERROR MATRIX       
  EXT PARAMETER               CURRENT GUESS       STEP         FIRST   
  NO.   NAME      VALUE            ERROR          SIZE      DERIVATIVE 
   1  N0           3.03458e+06     fixed    
   2  tau          6.44117e+01   constant   
   3  A0           3.50181e-01     fixed    
   4  phi          4.11818e+00     fixed    
   5  R           -6.15857e+01   constant   
   6  alpha_CBO    1.14127e-03     fixed    
   7  w_CBO        2.32500e+00   constant   
   8  beta_CBO    -4.40014e-03     fixed    
   9  alpha_2CBO   6.59221e-04     fixed    
  10  beta_2CBO    1.98049e-04     fixed    
  11  alpha_y      3.21013e-04     fixed    
  12  w_y          1.38860e+01   constant   
  13  beta_y      -1.49685e-04   2.87162e-04   2.87162e-04  -2.30308e+02
  14  alpha_vw     0.00000e+00   1.00000e-03   1.00000e-03   2.44797e+03
  15  w_vw         1.43404e+01   constant   
  16  beta_vw      0.00000e+00     fixed    
  17  LM           1.09700e-04   constant   
  18  zeta_y       0.00000e+00   constant   
  19  zeta_vw      0.00000e+00   constant   
  20  T_CBO        9.99997e+02   9.62268e+02   5.60858e-02  -2.52246e-05
  21  alpha_A0    -5.33411e-04   1.40427e-03   5.09923e-04   1.04476e-03
  22  beta_A0     -2.85994e-03   1.35083e-03   5.06382e-04   4.69709e-03
  23  alpha_phi    3.46475e-03   1.41120e-03   5.36339e-04  -3.23259e-03
  24  beta_phi    -2.85251e-03   1.35964e-03   5.14493e-04   1.27630e-02
 MIGRAD MINIMIZATION HAS CONVERGED.
 MIGRAD WILL VERIFY CONVERGENCE AND ERROR MATRIX.
 COVARIANCE MATRIX CALCULATED SUCCESSFULLY
 FCN=54.4743 FROM MIGRAD    STATUS=CONVERGED     116 CALLS        2380 TOTAL
                     EDM=2.21121e-08    STRATEGY= 1      ERROR MATRIX ACCURATE 
  EXT PARAMETER                                   STEP         FIRST   
  NO.   NAME      VALUE            ERROR          SIZE      DERIVATIVE 
   1  N0           3.03458e+06     fixed    
   2  tau          6.44117e+01   constant   
   3  A0           3.50181e-01     fixed    
   4  phi          4.11818e+00     fixed    
   5  R           -6.15857e+01   constant   
   6  alpha_CBO    1.14127e-03     fixed    
   7  w_CBO        2.32500e+00   constant   
   8  beta_CBO    -4.40014e-03     fixed    
   9  alpha_2CBO   6.59221e-04     fixed    
  10  beta_2CBO    1.98049e-04     fixed    
  11  alpha_y      3.21013e-04     fixed    
  12  w_y          1.38860e+01   constant   
  13  beta_y      -1.13579e-04   2.95920e-04   1.04307e-06  -8.87727e-02
  14  alpha_vw    -1.07782e-04   2.93360e-04   1.03394e-06  -1.14190e-01
  15  w_vw         1.43404e+01   constant   
  16  beta_vw      0.00000e+00     fixed    
  17  LM           1.09700e-04   constant   
  18  zeta_y       0.00000e+00   constant   
  19  zeta_vw      0.00000e+00   constant   
  20  T_CBO        1.00000e+03   7.97975e+02   6.54862e-02** at limit **
  21  alpha_A0    -5.24828e-04   1.40454e-03   5.09204e-04  -5.46785e-04
  22  beta_A0     -2.84973e-03   1.34432e-03   5.05546e-04   2.86410e-04
  23  alpha_phi    3.45945e-03   1.39874e-03   5.35496e-04  -3.16865e-04
  24  beta_phi    -2.84202e-03   1.36442e-03   5.13652e-04   1.25174e-03
 EXTERNAL ERROR MATRIX.    NDIM=  25    NPAR=  7    ERR DEF=1
  8.757e-08 -2.127e-08  1.443e-09  5.923e-09  7.464e-09 -2.835e-09  8.397e-09 
 -2.127e-08  8.606e-08 -2.103e-09 -6.553e-09 -7.919e-09  4.346e-09 -8.686e-09 
  1.443e-09 -2.103e-09  1.835e-02 -3.872e-06 -2.163e-05  2.678e-05 -2.182e-05 
  5.923e-09 -6.553e-09 -3.872e-06  1.986e-06  1.385e-07  1.868e-07 -3.366e-08 
  7.464e-09 -7.919e-09 -2.163e-05  1.385e-07  1.819e-06 -3.254e-08 -9.975e-08 
 -2.835e-09  4.346e-09  2.678e-05  1.868e-07 -3.254e-08  1.971e-06 -1.258e-07 
  8.397e-09 -8.686e-09 -2.182e-05 -3.366e-08 -9.975e-08 -1.258e-07  1.874e-06 
 PARAMETER  CORRELATION COEFFICIENTS  
       NO.  GLOBAL     13     14     20     21     22     23     24
       13  0.24618   1.000 -0.245  0.000  0.014  0.019 -0.007  0.021
       14  0.24658  -0.245  1.000 -0.000 -0.016 -0.020  0.011 -0.022
       20  0.21750   0.000 -0.000  1.000 -0.020 -0.118  0.141 -0.118
       21  0.12477   0.014 -0.016 -0.020  1.000  0.073  0.094 -0.017
       22  0.15561   0.019 -0.020 -0.118  0.073  1.000 -0.017 -0.054
       23  0.17828  -0.007  0.011  0.141  0.094 -0.017  1.000 -0.065
       24  0.14786   0.021 -0.022 -0.118 -0.017 -0.054 -0.065  1.000
MINUIT - FIT ALTOGETHER
 **********
 **   83 **RES 
 **********
                   PARAMETER   16  beta_vw RESTORED TO VARIABLE.
