 + ++++++++++++++++++++++++++++++++++++++++++++++++++++++++++++++++++++ +
 +                                                                      +
 +           You have chose to blind your fitting according to          +
 +                omega_ref * (1 + (R +/- deltaR) *10^{-6})             +
 +                                                                      +
 + ++++++++++++++++++++++++++++++++++++++++++++++++++++++++++++++++++++ +
In main()...
reading format from /gm2data/zkhechad/run45/envelope/formats/formatB_sBin_constraintOn.txt
pBinTau 	= 0  
pBinPhi 	= 0  
constraintau 	= 1 
includeMopTerm 	= 0    
constrainMop    = 0   
Parameters after format file: pBinTau 0 pBinPhi 0 constraintau 1 includeMopTerm 0 constrainMop 0 c_e_scale 0.000000 
Opening file /gm2data/tbarrett/gm2fr/studies/run23_bunch_corrections/CorrectedFourier_Run3b.root.
reading full fit data from /gm2data/zkhechad/cboTemplates/Run4CBOTemplates/fullFits/noRF/sBin_constraintOn_cE0.0_seed0_noRF_calo8.root
windowBins = 69
fitting sliding window 140 from bin 276 at 41.030000 to bin 345 at 51.474000 (69 bins)

Reading data from /gm2data/cornell/histograms/aMethod/histogram_a_noRF.root
 **********
 **    1 **SET PRINTOUT            1
 **********
 **********
 **    2 **SET NOWARNINGS 
 **********
 PARAMETER DEFINITIONS:
    NO.   NAME         VALUE      STEP SIZE      LIMITS
     1 N0           2.93777e+06  1.00000e+02     no limits
     2 tau          6.44050e+01  constant
     3 A0           3.52923e-01  1.00000e-04     no limits
     4 phi          4.11508e+00  1.00000e-02     no limits
     5 R           -6.11922e+01  constant
     6 alpha_CBO    0.00000e+00  1.00000e-03     no limits
     7 w_CBO        2.32500e+00  constant
     8 beta_CBO     0.00000e+00  1.00000e-03     no limits
     9 alpha_2CBO   0.00000e+00  1.00000e-03     no limits
    10 beta_2CBO    0.00000e+00  1.00000e-03     no limits
    11 alpha_y      0.00000e+00  1.00000e-03     no limits
    12 w_y          1.38860e+01  constant
    13 beta_y       0.00000e+00  1.00000e-03     no limits
    14 alpha_vw     0.00000e+00  1.00000e-03     no limits
    15 w_vw         1.43404e+01  constant
    16 beta_vw      0.00000e+00  1.00000e-03     no limits
    17 LM           1.41693e-04  constant
    18 zeta_y       0.00000e+00  constant
    19 zeta_vw      0.00000e+00  constant
    20 T_CBO        1.00000e+02  1.00000e+00    0.00000e+00  1.00000e+03
    21 alpha_A0     0.00000e+00  1.00000e-04   -1.00000e-02  1.00000e-02
    22 beta_A0      0.00000e+00  1.00000e-04   -1.00000e-02  1.00000e-02
    23 alpha_phi    0.00000e+00  1.00000e-04   -1.00000e-02  1.00000e-02
    24 beta_phi     0.00000e+00  1.00000e-04   -1.00000e-02  1.00000e-02
MINUIT - FIT ONLY WIGGLE
 **********
 **    3 **FIX            5
 **********
 PARAMETER    5  IS CONSTANT.   IGNORED.
 **********
 **    4 **FIX            6
 **********
 **********
 **    5 **FIX            7
 **********
 PARAMETER    7  IS CONSTANT.   IGNORED.
 **********
 **    6 **FIX            8
 **********
 **********
 **    7 **FIX            9
 **********
 **********
 **    8 **FIX           10
 **********
 **********
 **    9 **FIX           11
 **********
 **********
 **   10 **FIX           12
 **********
 PARAMETER   12  IS CONSTANT.   IGNORED.
 **********
 **   11 **FIX           13
 **********
 **********
 **   12 **FIX           14
 **********
 **********
 **   13 **FIX           15
 **********
 PARAMETER   15  IS CONSTANT.   IGNORED.
 **********
 **   14 **FIX           16
 **********
 **********
 **   15 **MIGRAD
 **********
 FIRST CALL TO USER FUNCTION AT NEW START POINT, WITH IFLAG=4.
 START MIGRAD MINIMIZATION.  STRATEGY  1.  CONVERGENCE WHEN EDM .LT. 1.00e-04
 FCN=17595.3 FROM MIGRAD    STATUS=INITIATE      435 CALLS         436 TOTAL
                     EDM= unknown      STRATEGY= 1      NO ERROR MATRIX       
  EXT PARAMETER               CURRENT GUESS       STEP         FIRST   
  NO.   NAME      VALUE            ERROR          SIZE      DERIVATIVE 
   1  N0           2.93777e+06   1.00000e+02   0.00000e+00   1.00002e-01
   2  tau          6.44050e+01   constant   
   3  A0           3.52923e-01   1.00000e-04   0.00000e+00  -1.39981e+04
   4  phi          4.11508e+00   1.00000e-02   0.00000e+00  -2.34241e+05
   5  R           -6.11922e+01   constant   
   6  alpha_CBO    0.00000e+00     fixed    
   7  w_CBO        2.32500e+00   constant   
   8  beta_CBO     0.00000e+00     fixed    
   9  alpha_2CBO   0.00000e+00     fixed    
  10  beta_2CBO    0.00000e+00     fixed    
  11  alpha_y      0.00000e+00     fixed    
  12  w_y          1.38860e+01   constant   
  13  beta_y       0.00000e+00     fixed    
  14  alpha_vw     0.00000e+00     fixed    
  15  w_vw         1.43404e+01   constant   
  16  beta_vw      0.00000e+00     fixed    
  17  LM           1.41693e-04   constant   
  18  zeta_y       0.00000e+00   constant   
  19  zeta_vw      0.00000e+00   constant   
  20  T_CBO        1.00000e+02   1.00000e+00   0.00000e+00   0.00000e+00
  21  alpha_A0     0.00000e+00   1.00000e-04   0.00000e+00   1.06574e+02
  22  beta_A0      0.00000e+00   1.00000e-04   0.00000e+00  -4.46268e+02
  23  alpha_phi    0.00000e+00   1.00000e-04   0.00000e+00  -1.06790e+03
  24  beta_phi     0.00000e+00   1.00000e-04   0.00000e+00   6.00944e+02
 MIGRAD MINIMIZATION HAS CONVERGED.
 FCN=15524 FROM MIGRAD    STATUS=CONVERGED     718 CALLS         719 TOTAL
                     EDM=1.32016e-06    STRATEGY= 1  ERROR MATRIX UNCERTAINTY   1.5 per cent
  EXT PARAMETER                                   STEP         FIRST   
  NO.   NAME      VALUE            ERROR          SIZE      DERIVATIVE 
   1  N0           2.93669e+06   1.81646e+02   2.07461e-01   7.75833e-07
   2  tau          6.44050e+01   constant   
   3  A0           3.53403e-01   8.30836e-05  -2.32585e-07   1.67835e+01
   4  phi          4.12277e+00   2.46437e-04  -1.02600e-07   5.07593e-01
   5  R           -6.11922e+01   constant   
   6  alpha_CBO    0.00000e+00     fixed    
   7  w_CBO        2.32500e+00   constant   
   8  beta_CBO     0.00000e+00     fixed    
   9  alpha_2CBO   0.00000e+00     fixed    
  10  beta_2CBO    0.00000e+00     fixed    
  11  alpha_y      0.00000e+00     fixed    
  12  w_y          1.38860e+01   constant   
  13  beta_y       0.00000e+00     fixed    
  14  alpha_vw     0.00000e+00     fixed    
  15  w_vw         1.43404e+01   constant   
  16  beta_vw      0.00000e+00     fixed    
  17  LM           1.41693e-04   constant   
  18  zeta_y       0.00000e+00   constant   
  19  zeta_vw      0.00000e+00   constant   
  20  T_CBO        4.21870e+02   1.28313e+02   8.86805e-04  -4.66121e-03
  21  alpha_A0     7.97066e-04   4.14154e-04  -3.50193e-05  -4.40767e-03
  22  beta_A0      3.92006e-03   3.93046e-04  -5.28502e-05  -1.45092e-02
  23  alpha_phi    1.00000e-02   4.18242e-04   3.20028e-04** at limit **
  24  beta_phi    -5.47205e-03   4.34799e-04   1.17775e-04  -6.51726e-03
 EXTERNAL ERROR MATRIX.    NDIM=  25    NPAR=  8    ERR DEF=1
  3.300e+04 -1.824e-03  2.598e-03  3.011e+03 -1.825e-02  5.504e-03 -4.498e-06  1.930e-02 
 -1.824e-03  6.903e-09  5.336e-10 -6.579e-04  5.719e-09  5.182e-10  3.961e-12 -6.589e-09 
  2.598e-03  5.336e-10  6.073e-08  4.840e-03  2.271e-09  3.814e-11  1.949e-12  8.943e-09 
  3.011e+03 -6.579e-04  4.840e-03  1.685e+04 -4.423e-03 -1.844e-02  8.740e-06  2.645e-02 
 -1.825e-02  5.719e-09  2.271e-09 -4.423e-03  1.716e-07  2.534e-09  7.310e-13 -2.451e-08 
  5.504e-03  5.182e-10  3.814e-11 -1.844e-02  2.534e-09  1.546e-07 -7.215e-12 -1.607e-08 
 -4.498e-06  3.961e-12  1.949e-12  8.740e-06  7.310e-13 -7.215e-12  3.840e-13  2.026e-13 
  1.930e-02 -6.589e-09  8.943e-09  2.645e-02 -2.451e-08 -1.607e-08  2.026e-13  1.892e-07 
 PARAMETER  CORRELATION COEFFICIENTS  
       NO.  GLOBAL      1      3      4     20     21     22     23     24
        1  0.34997   1.000 -0.121  0.058  0.128 -0.242  0.077 -0.040  0.244
        3  0.25191  -0.121  1.000  0.026 -0.061  0.166  0.016  0.077 -0.182
        4  0.17497   0.058  0.026  1.000  0.151  0.022  0.000  0.013  0.083
       20  0.58859   0.128 -0.061  0.151  1.000 -0.082 -0.361  0.109  0.468
       21  0.28912  -0.242  0.166  0.022 -0.082  1.000  0.016  0.003 -0.136
       22  0.39124   0.077  0.016  0.000 -0.361  0.016  1.000 -0.030 -0.094
       23  0.15048  -0.040  0.077  0.013  0.109  0.003 -0.030  1.000  0.001
       24  0.52699   0.244 -0.182  0.083  0.468 -0.136 -0.094  0.001  1.000
MINUIT - FIT ONLY 1-CBO + wiggle
 **********
 **   16 **RES 
 **********
                   PARAMETER   16  beta_vw RESTORED TO VARIABLE.
                   PARAMETER   14  alpha_vw RESTORED TO VARIABLE.
                   PARAMETER   13  beta_y RESTORED TO VARIABLE.
                   PARAMETER   11  alpha_y RESTORED TO VARIABLE.
                   PARAMETER   10  beta_2CBO RESTORED TO VARIABLE.
                   PARAMETER    9  alpha_2CBO RESTORED TO VARIABLE.
                   PARAMETER    8  beta_CBO RESTORED TO VARIABLE.
                   PARAMETER    6  alpha_CBO RESTORED TO VARIABLE.
 **********
 **   17 **FIX            8
 **********
 **********
 **   18 **FIX            9
 **********
 **********
 **   19 **FIX           11
 **********
 **********
 **   20 **FIX           12
 **********
 PARAMETER   12  IS CONSTANT.   IGNORED.
 **********
 **   21 **FIX           14
 **********
 **********
 **   22 **FIX           15
 **********
 PARAMETER   15  IS CONSTANT.   IGNORED.
 **********
 **   23 **FIX           16
 **********
 **********
 **   24 **MIGRAD
 **********
 START MIGRAD MINIMIZATION.  STRATEGY  1.  CONVERGENCE WHEN EDM .LT. 1.00e-04
 FCN=15524 FROM MIGRAD    STATUS=INITIATE       28 CALLS         747 TOTAL
                     EDM= unknown      STRATEGY= 1      NO ERROR MATRIX       
  EXT PARAMETER               CURRENT GUESS       STEP         FIRST   
  NO.   NAME      VALUE            ERROR          SIZE      DERIVATIVE 
   1  N0           2.93669e+06   1.81646e+02   2.07461e-01   8.23833e-07
   2  tau          6.44050e+01   constant   
   3  A0           3.53403e-01   8.30836e-05  -2.32585e-07   1.68176e+01
   4  phi          4.12277e+00   2.46437e-04  -1.02600e-07   5.62870e-01
   5  R           -6.11922e+01   constant   
   6  alpha_CBO    0.00000e+00   1.00000e-03   1.00000e-03  -2.34821e+06
   7  w_CBO        2.32500e+00   constant   
   8  beta_CBO     0.00000e+00     fixed    
   9  alpha_2CBO   0.00000e+00     fixed    
  10  beta_2CBO    0.00000e+00   1.00000e-03   1.00000e-03   4.16040e+04
  11  alpha_y      0.00000e+00     fixed    
  12  w_y          1.38860e+01   constant   
  13  beta_y       0.00000e+00   1.00000e-03   1.00000e-03  -4.89667e+05
  14  alpha_vw     0.00000e+00     fixed    
  15  w_vw         1.43404e+01   constant   
  16  beta_vw      0.00000e+00     fixed    
  17  LM           1.41693e-04   constant   
  18  zeta_y       0.00000e+00   constant   
  19  zeta_vw      0.00000e+00   constant   
  20  T_CBO        4.21870e+02   1.28313e+02   8.86805e-04  -5.11343e-03
  21  alpha_A0     7.97066e-04   4.14154e-04  -3.50193e-05  -4.36233e-03
  22  beta_A0      3.92006e-03   3.93046e-04  -5.28502e-05  -1.46282e-02
  23  alpha_phi    9.99998e-03   4.18242e-04   3.20028e-04  -4.19990e-02
  24  beta_phi    -5.47205e-03   4.34799e-04   1.17775e-04  -6.40664e-03
 MIGRAD MINIMIZATION HAS CONVERGED.
 FCN=4687.95 FROM MIGRAD    STATUS=CONVERGED     498 CALLS        1217 TOTAL
                     EDM=2.61088e-06    STRATEGY= 1  ERROR MATRIX UNCERTAINTY   0.5 per cent
  EXT PARAMETER                                   STEP         FIRST   
  NO.   NAME      VALUE            ERROR          SIZE      DERIVATIVE 
   1  N0           2.93774e+06   1.83931e+02   2.86011e-01   2.63029e-06
   2  tau          6.44050e+01   constant   
   3  A0           3.54005e-01   8.28706e-05  -9.93242e-08  -1.18494e+00
   4  phi          4.11752e+00   2.50383e-04  -7.39394e-07   1.25670e+00
   5  R           -6.11922e+01   constant   
   6  alpha_CBO    8.89814e-03   8.71057e-05   6.39188e-08   2.17091e+00
   7  w_CBO        2.32500e+00   constant   
   8  beta_CBO     0.00000e+00     fixed    
   9  alpha_2CBO   0.00000e+00     fixed    
  10  beta_2CBO    4.74441e-04   8.58495e-05  -1.83062e-08  -4.11864e+00
  11  alpha_y      0.00000e+00     fixed    
  12  w_y          1.38860e+01   constant   
  13  beta_y       1.61084e-03   8.25548e-05   2.70577e-08  -2.56649e+00
  14  alpha_vw     0.00000e+00     fixed    
  15  w_vw         1.43404e+01   constant   
  16  beta_vw      0.00000e+00     fixed    
  17  LM           1.41693e-04   constant   
  18  zeta_y       0.00000e+00   constant   
  19  zeta_vw      0.00000e+00   constant   
  20  T_CBO        8.88369e+01   8.98888e+00  -8.51087e-05  -1.37086e-03
  21  alpha_A0     3.01031e-03   6.12484e-04  -1.46522e-04   1.77510e-02
  22  beta_A0      5.14049e-03   6.23034e-04  -1.43495e-04   1.43347e-02
  23  alpha_phi    1.00000e-02   5.82301e-04   6.97093e-04** at limit **
  24  beta_phi    -7.29725e-03   5.76282e-04  -4.03152e-05   3.09641e-02
 EXTERNAL ERROR MATRIX.    NDIM=  25    NPAR= 11    ERR DEF=1
  3.383e+04 
 -1.966e-03  6.868e-09 
  2.953e-03  5.235e-10  6.269e-08 
  7.428e-04  5.120e-10 -4.472e-09  7.587e-09 
  1.164e-04  1.540e-12  5.936e-10  3.855e-10  7.370e-09 
  9.155e-06 -4.041e-11 -5.292e-10 -2.388e-11  9.414e-11  6.815e-09 
  1.244e+02 -1.260e-05  3.406e-04 -6.569e-05  9.713e-05 -1.014e-05  8.083e+01 
 -2.948e-02  9.918e-09 -1.762e-09  2.505e-09  2.566e-09 -9.042e-10 -1.513e-03  3.757e-07 
  5.638e-03  8.662e-10 -1.056e-09  1.110e-09 -9.071e-09 -1.123e-10 -2.925e-03  5.981e-08  3.889e-07 
 -4.863e-05  8.628e-12  9.937e-12 -4.837e-12  8.135e-12 -9.142e-13 -5.100e-06  1.811e-11 -1.217e-12  6.571e-12 
  2.146e-02 -6.924e-09  1.501e-08 -1.721e-09  6.474e-09 -2.907e-10  3.125e-03 -1.113e-07 -1.279e-07 -6.166e-10  3.329e-07 
 PARAMETER  CORRELATION COEFFICIENTS  
       NO.  GLOBAL      1      3      4      6     10     13     20     21     22     23     24
        1  0.34278   1.000 -0.129  0.064  0.046  0.007  0.001  0.075 -0.261  0.049 -0.103  0.202
        3  0.26096  -0.129  1.000  0.025  0.071  0.000 -0.006 -0.017  0.195  0.017  0.041 -0.145
        4  0.28456   0.064  0.025  1.000 -0.205  0.028 -0.026  0.151 -0.011 -0.007  0.015  0.104
        6  0.24960   0.046  0.071 -0.205  1.000  0.052 -0.003 -0.084  0.047  0.020 -0.022 -0.034
       10  0.24129   0.007  0.000  0.028  0.052  1.000  0.013  0.126  0.049 -0.169  0.037  0.131
       13  0.04273   0.001 -0.006 -0.026 -0.003  0.013  1.000 -0.014 -0.018 -0.002 -0.004 -0.006
       20  0.70422   0.075 -0.017  0.151 -0.084  0.126 -0.014  1.000 -0.275 -0.522 -0.221  0.603
       21  0.45258  -0.261  0.195 -0.011  0.047  0.049 -0.018 -0.275  1.000  0.156  0.012 -0.315
       22  0.56594   0.049  0.017 -0.007  0.020 -0.169 -0.002 -0.522  0.156  1.000 -0.001 -0.356
       23  0.47874  -0.103  0.041  0.015 -0.022  0.037 -0.004 -0.221  0.012 -0.001  1.000 -0.417
       24  0.71321   0.202 -0.145  0.104 -0.034  0.131 -0.006  0.603 -0.315 -0.356 -0.417  1.000
MINUIT - FIT ONLY 2-CBO
 **********
 **   25 **RES 
 **********
                   PARAMETER   16  beta_vw RESTORED TO VARIABLE.
                   PARAMETER   14  alpha_vw RESTORED TO VARIABLE.
                   PARAMETER   11  alpha_y RESTORED TO VARIABLE.
                   PARAMETER    9  alpha_2CBO RESTORED TO VARIABLE.
                   PARAMETER    8  beta_CBO RESTORED TO VARIABLE.
 **********
 **   26 **FIX            0
 **********
 PARAMETER    0  IS UNDEFINED. IGNORED.
 **********
 **   27 **FIX            1
 **********
 **********
 **   28 **FIX            2
 **********
 PARAMETER    2  IS CONSTANT.   IGNORED.
 **********
 **   29 **FIX            3
 **********
 **********
 **   30 **FIX            4
 **********
 **********
 **   31 **FIX            5
 **********
 PARAMETER    5  IS CONSTANT.   IGNORED.
 **********
 **   32 **FIX            6
 **********
 **********
 **   33 **FIX            7
 **********
 PARAMETER    7  IS CONSTANT.   IGNORED.
 **********
 **   34 **FIX           10
 **********
 **********
 **   35 **FIX           11
 **********
 **********
 **   36 **FIX           12
 **********
 PARAMETER   12  IS CONSTANT.   IGNORED.
 **********
 **   37 **FIX           13
 **********
 **********
 **   38 **FIX           14
 **********
 **********
 **   39 **FIX           15
 **********
 PARAMETER   15  IS CONSTANT.   IGNORED.
 **********
 **   40 **FIX           16
 **********
 **********
 **   41 **MIGRAD
 **********
 START MIGRAD MINIMIZATION.  STRATEGY  1.  CONVERGENCE WHEN EDM .LT. 1.00e-04
 FCN=4687.95 FROM MIGRAD    STATUS=INITIATE       18 CALLS        1235 TOTAL
                     EDM= unknown      STRATEGY= 1      NO ERROR MATRIX       
  EXT PARAMETER               CURRENT GUESS       STEP         FIRST   
  NO.   NAME      VALUE            ERROR          SIZE      DERIVATIVE 
   1  N0           2.93774e+06     fixed    
   2  tau          6.44050e+01   constant   
   3  A0           3.54005e-01     fixed    
   4  phi          4.11752e+00     fixed    
   5  R           -6.11922e+01   constant   
   6  alpha_CBO    8.89814e-03     fixed    
   7  w_CBO        2.32500e+00   constant   
   8  beta_CBO     0.00000e+00   1.00000e-03   1.00000e-03   1.47298e+06
   9  alpha_2CBO   0.00000e+00   1.00000e-03   1.00000e-03  -2.32310e+04
  10  beta_2CBO    4.74441e-04     fixed    
  11  alpha_y      0.00000e+00     fixed    
  12  w_y          1.38860e+01   constant   
  13  beta_y       1.61084e-03     fixed    
  14  alpha_vw     0.00000e+00     fixed    
  15  w_vw         1.43404e+01   constant   
  16  beta_vw      0.00000e+00     fixed    
  17  LM           1.41693e-04   constant   
  18  zeta_y       0.00000e+00   constant   
  19  zeta_vw      0.00000e+00   constant   
  20  T_CBO        8.88369e+01   8.98888e+00  -8.51087e-05  -1.36765e-03
  21  alpha_A0     3.01031e-03   6.12484e-04  -1.46522e-04   1.77511e-02
  22  beta_A0      5.14049e-03   6.23034e-04  -1.43495e-04   1.43350e-02
  23  alpha_phi    1.00000e-02   5.82301e-04   6.97093e-04** at limit **
  24  beta_phi    -7.29725e-03   5.76282e-04  -4.03152e-05   3.09644e-02
 MIGRAD MINIMIZATION HAS CONVERGED.
 FCN=906.732 FROM MIGRAD    STATUS=CONVERGED     133 CALLS        1350 TOTAL
                     EDM=9.91374e-07    STRATEGY= 1  ERROR MATRIX UNCERTAINTY   1.2 per cent
  EXT PARAMETER                                   STEP         FIRST   
  NO.   NAME      VALUE            ERROR          SIZE      DERIVATIVE 
   1  N0           2.93774e+06     fixed    
   2  tau          6.44050e+01   constant   
   3  A0           3.54005e-01     fixed    
   4  phi          4.11752e+00     fixed    
   5  R           -6.11922e+01   constant   
   6  alpha_CBO    8.89814e-03     fixed    
   7  w_CBO        2.32500e+00   constant   
   8  beta_CBO    -5.13233e-03   8.35011e-05  -6.18757e-10   5.24606e-01
   9  alpha_2CBO   1.26911e-04   8.50207e-05  -1.69679e-07   1.76760e+01
  10  beta_2CBO    4.74441e-04     fixed    
  11  alpha_y      0.00000e+00     fixed    
  12  w_y          1.38860e+01   constant   
  13  beta_y       1.61084e-03     fixed    
  14  alpha_vw     0.00000e+00     fixed    
  15  w_vw         1.43404e+01   constant   
  16  beta_vw      0.00000e+00     fixed    
  17  LM           1.41693e-04   constant   
  18  zeta_y       0.00000e+00   constant   
  19  zeta_vw      0.00000e+00   constant   
  20  T_CBO        8.03656e+01   7.78030e+00   2.97980e-05  -9.75258e-03
  21  alpha_A0     3.04273e-03   6.64013e-04   3.25286e-05  -8.05702e-03
  22  beta_A0      2.15901e-03   6.04059e-04   2.59831e-04   6.55607e-03
  23  alpha_phi    1.00000e-02   7.64435e-04  -2.03138e-05** at limit **
  24  beta_phi    -4.86420e-03   6.86347e-04   3.76251e-05  -1.20069e-02
 EXTERNAL ERROR MATRIX.    NDIM=  25    NPAR=  7    ERR DEF=1
  6.972e-09 -4.040e-11  9.318e-06 -8.974e-11  4.233e-09  7.725e-17 -3.937e-09 
 -4.040e-11  7.229e-09  2.822e-05 -7.220e-09 -6.293e-09 -9.313e-16 -5.889e-09 
  9.318e-06  2.822e-05  6.055e+01 -1.358e-03 -1.201e-03 -6.232e-11  2.409e-03 
 -8.974e-11 -7.220e-09 -1.358e-03  4.416e-07  3.731e-08 -9.236e-15 -7.670e-08 
  4.233e-09 -6.293e-09 -1.201e-03  3.731e-08  3.654e-07  1.703e-14 -2.729e-08 
  7.725e-17 -9.313e-16 -6.232e-11 -9.236e-15  1.703e-14  1.494e-16 -2.065e-14 
 -3.937e-09 -5.889e-09  2.409e-03 -7.670e-08 -2.729e-08 -2.065e-14  4.720e-07 
 PARAMETER  CORRELATION COEFFICIENTS  
       NO.  GLOBAL      8      9     20     21     22     23     24
        8  0.12845   1.000 -0.006  0.014 -0.002  0.084  0.000 -0.069
        9  0.21760  -0.006  1.000  0.043 -0.128 -0.122 -0.001 -0.101
       20  0.53717   0.014  0.043  1.000 -0.263 -0.255 -0.001  0.451
       21  0.29683  -0.002 -0.128 -0.263  1.000  0.093 -0.001 -0.168
       22  0.29634   0.084 -0.122 -0.255  0.093  1.000  0.002 -0.066
       23  0.00398   0.000 -0.001 -0.001 -0.001  0.002  1.000 -0.002
       24  0.47925  -0.069 -0.101  0.451 -0.168 -0.066 -0.002  1.000
MINUIT - FIT wiggle + 1-CBO + 2-CBO
 **********
 **   42 **RES 
 **********
                   PARAMETER   16  beta_vw RESTORED TO VARIABLE.
                   PARAMETER   14  alpha_vw RESTORED TO VARIABLE.
                   PARAMETER   13  beta_y RESTORED TO VARIABLE.
                   PARAMETER   11  alpha_y RESTORED TO VARIABLE.
                   PARAMETER   10  beta_2CBO RESTORED TO VARIABLE.
                   PARAMETER    6  alpha_CBO RESTORED TO VARIABLE.
                   PARAMETER    4  phi RESTORED TO VARIABLE.
                   PARAMETER    3  A0 RESTORED TO VARIABLE.
                   PARAMETER    1  N0 RESTORED TO VARIABLE.
 **********
 **   43 **FIX           10
 **********
 **********
 **   44 **FIX           11
 **********
 **********
 **   45 **FIX           12
 **********
 PARAMETER   12  IS CONSTANT.   IGNORED.
 **********
 **   46 **FIX           13
 **********
 **********
 **   47 **FIX           14
 **********
 **********
 **   48 **FIX           15
 **********
 PARAMETER   15  IS CONSTANT.   IGNORED.
 **********
 **   49 **FIX           16
 **********
 **********
 **   50 **MIGRAD
 **********
 START MIGRAD MINIMIZATION.  STRATEGY  1.  CONVERGENCE WHEN EDM .LT. 1.00e-04
 FCN=906.732 FROM MIGRAD    STATUS=INITIATE       22 CALLS        1372 TOTAL
                     EDM= unknown      STRATEGY= 1      NO ERROR MATRIX       
  EXT PARAMETER               CURRENT GUESS       STEP         FIRST   
  NO.   NAME      VALUE            ERROR          SIZE      DERIVATIVE 
   1  N0           2.93774e+06   1.83931e+02   1.83931e+02   3.73167e-02
   2  tau          6.44050e+01   constant   
   3  A0           3.54005e-01   8.28706e-05   8.28706e-05   2.93199e+05
   4  phi          4.11752e+00   2.50383e-04   2.50383e-04   7.27789e+04
   5  R           -6.11922e+01   constant   
   6  alpha_CBO    8.89814e-03   8.71057e-05   8.71057e-05   5.03996e+04
   7  w_CBO        2.32500e+00   constant   
   8  beta_CBO    -5.13233e-03   8.35011e-05  -6.18757e-10   5.44276e-01
   9  alpha_2CBO   1.26911e-04   8.50207e-05  -1.69679e-07   1.77214e+01
  10  beta_2CBO    4.74441e-04     fixed    
  11  alpha_y      0.00000e+00     fixed    
  12  w_y          1.38860e+01   constant   
  13  beta_y       1.61084e-03     fixed    
  14  alpha_vw     0.00000e+00     fixed    
  15  w_vw         1.43404e+01   constant   
  16  beta_vw      0.00000e+00     fixed    
  17  LM           1.41693e-04   constant   
  18  zeta_y       0.00000e+00   constant   
  19  zeta_vw      0.00000e+00   constant   
  20  T_CBO        8.03656e+01   7.78030e+00   2.97980e-05  -1.22075e-02
  21  alpha_A0     3.04273e-03   6.64013e-04   3.25286e-05  -8.04107e-03
  22  beta_A0      2.15901e-03   6.04059e-04   2.59831e-04   6.50688e-03
  23  alpha_phi    9.99998e-03   7.64435e-04  -2.03138e-05  -3.05739e-02
  24  beta_phi    -4.86420e-03   6.86347e-04   3.76251e-05  -1.19608e-02
 MIGRAD MINIMIZATION HAS CONVERGED.
 FCN=650.255 FROM MIGRAD    STATUS=CONVERGED     194 CALLS        1544 TOTAL
                     EDM=9.5462e-07    STRATEGY= 1  ERROR MATRIX UNCERTAINTY   3.1 per cent
  EXT PARAMETER                                   STEP         FIRST   
  NO.   NAME      VALUE            ERROR          SIZE      DERIVATIVE 
   1  N0           2.93722e+06   1.73735e+02   9.92905e-02  -2.54648e-06
   2  tau          6.44050e+01   constant   
   3  A0           3.52945e-01   8.40794e-05  -2.06646e-07  -6.08255e+00
   4  phi          4.11509e+00   2.47473e-04   7.83923e-07   4.24534e+00
   5  R           -6.11922e+01   constant   
   6  alpha_CBO    8.77089e-03   8.42790e-05   9.69665e-08  -7.46962e+00
   7  w_CBO        2.32500e+00   constant   
   8  beta_CBO    -5.48088e-03   8.57681e-05  -5.51508e-09  -2.74623e+00
   9  alpha_2CBO   1.65587e-04   8.30094e-05   4.97179e-08   1.07981e+01
  10  beta_2CBO    4.74441e-04     fixed    
  11  alpha_y      0.00000e+00     fixed    
  12  w_y          1.38860e+01   constant   
  13  beta_y       1.61084e-03     fixed    
  14  alpha_vw     0.00000e+00     fixed    
  15  w_vw         1.43404e+01   constant   
  16  beta_vw      0.00000e+00     fixed    
  17  LM           1.41693e-04   constant   
  18  zeta_y       0.00000e+00   constant   
  19  zeta_vw      0.00000e+00   constant   
  20  T_CBO        7.07786e+01   6.45749e+00   5.06701e-05  -1.37575e-02
  21  alpha_A0     2.13769e-03   7.13506e-04   3.36366e-06  -5.95892e-03
  22  beta_A0      1.14282e-03   5.92234e-04   8.95180e-05  -5.48650e-03
  23  alpha_phi    1.00000e-02   5.56273e-04  -4.60433e-06** at limit **
  24  beta_phi    -4.53222e-03   7.12694e-04   2.57250e-04  -1.15179e-02
 EXTERNAL ERROR MATRIX.    NDIM=  25    NPAR= 11    ERR DEF=1
  3.018e+04 
 -1.730e-03  7.069e-09 
  6.128e-03  1.158e-09  6.124e-08 
 -4.109e-04  5.107e-10 -3.238e-09  7.103e-09 
  2.216e-04  1.512e-09  3.263e-09  1.232e-10  7.356e-09 
  5.656e-04  1.188e-10 -2.495e-09  8.015e-10 -2.214e-10  6.891e-09 
  2.204e+02 -3.228e-05  2.977e-04 -4.400e-05  3.761e-05  3.721e-05  4.171e+01 
 -2.460e-02  9.354e-09 -3.776e-10  3.438e-09  2.921e-09 -7.444e-09 -1.295e-03  5.100e-07 
 -1.172e-03  2.969e-09  2.070e-08 -4.056e-09  3.604e-09 -6.692e-09 -1.959e-04  4.648e-08  3.512e-07 
 -1.934e-08  9.549e-15 -3.332e-14  1.087e-15 -8.540e-17 -1.574e-15 -1.077e-09  6.892e-14 -2.228e-14  1.052e-14 
  3.395e-02 -1.315e-08  3.078e-08 -5.007e-09 -3.011e-09 -8.574e-10  1.971e-03 -1.188e-07  2.336e-08 -1.724e-13  5.090e-07 
 PARAMETER  CORRELATION COEFFICIENTS  
       NO.  GLOBAL      1      3      4      6      8      9     20     21     22     23     24
        1  0.33513   1.000 -0.118  0.143 -0.028  0.015  0.039  0.196 -0.198 -0.011 -0.001  0.274
        3  0.33629  -0.118  1.000  0.056  0.072  0.210  0.017 -0.059  0.156  0.060  0.001 -0.219
        4  0.35469   0.143  0.056  1.000 -0.155  0.154 -0.121  0.186 -0.002  0.141 -0.001  0.174
        6  0.22282  -0.028  0.072 -0.155  1.000  0.017  0.115 -0.081  0.057 -0.081  0.000 -0.083
        8  0.27433   0.015  0.210  0.154  0.017  1.000 -0.031  0.068  0.048  0.071 -0.000 -0.049
        9  0.24318   0.039  0.017 -0.121  0.115 -0.031  1.000  0.069 -0.126 -0.136 -0.000 -0.014
       20  0.50088   0.196 -0.059  0.186 -0.081  0.068  0.069  1.000 -0.281 -0.051 -0.002  0.428
       21  0.37951  -0.198  0.156 -0.002  0.057  0.048 -0.126 -0.281  1.000  0.110  0.001 -0.233
       22  0.24535  -0.011  0.060  0.141 -0.081  0.071 -0.136 -0.051  0.110  1.000 -0.000  0.055
       23  0.00275  -0.001  0.001 -0.001  0.000 -0.000 -0.000 -0.002  0.001 -0.000  1.000 -0.002
       24  0.52436   0.274 -0.219  0.174 -0.083 -0.049 -0.014  0.428 -0.233  0.055 -0.002  1.000
MINUIT - FIT ONLY 1-y
 **********
 **   51 **RES 
 **********
                   PARAMETER   16  beta_vw RESTORED TO VARIABLE.
                   PARAMETER   14  alpha_vw RESTORED TO VARIABLE.
                   PARAMETER   13  beta_y RESTORED TO VARIABLE.
                   PARAMETER   11  alpha_y RESTORED TO VARIABLE.
                   PARAMETER   10  beta_2CBO RESTORED TO VARIABLE.
 **********
 **   52 **FIX            0
 **********
 PARAMETER    0  IS UNDEFINED. IGNORED.
 **********
 **   53 **FIX            1
 **********
 **********
 **   54 **FIX            2
 **********
 PARAMETER    2  IS CONSTANT.   IGNORED.
 **********
 **   55 **FIX            3
 **********
 **********
 **   56 **FIX            4
 **********
 **********
 **   57 **FIX            5
 **********
 PARAMETER    5  IS CONSTANT.   IGNORED.
 **********
 **   58 **FIX            6
 **********
 **********
 **   59 **FIX            7
 **********
 PARAMETER    7  IS CONSTANT.   IGNORED.
 **********
 **   60 **FIX            8
 **********
 **********
 **   61 **FIX            9
 **********
 **********
 **   62 **FIX           13
 **********
 **********
 **   63 **FIX           14
 **********
 **********
 **   64 **FIX           15
 **********
 PARAMETER   15  IS CONSTANT.   IGNORED.
 **********
 **   65 **FIX           16
 **********
 **********
 **   66 **MIGRAD
 **********
 START MIGRAD MINIMIZATION.  STRATEGY  1.  CONVERGENCE WHEN EDM .LT. 1.00e-04
 FCN=650.255 FROM MIGRAD    STATUS=INITIATE       16 CALLS        1560 TOTAL
                     EDM= unknown      STRATEGY= 1      NO ERROR MATRIX       
  EXT PARAMETER               CURRENT GUESS       STEP         FIRST   
  NO.   NAME      VALUE            ERROR          SIZE      DERIVATIVE 
   1  N0           2.93722e+06     fixed    
   2  tau          6.44050e+01   constant   
   3  A0           3.52945e-01     fixed    
   4  phi          4.11509e+00     fixed    
   5  R           -6.11922e+01   constant   
   6  alpha_CBO    8.77089e-03     fixed    
   7  w_CBO        2.32500e+00   constant   
   8  beta_CBO    -5.48088e-03     fixed    
   9  alpha_2CBO   1.65587e-04     fixed    
  10  beta_2CBO    4.74441e-04   8.58495e-05   8.58495e-05   9.48716e+04
  11  alpha_y      0.00000e+00   1.00000e-03   1.00000e-03   4.40453e+04
  12  w_y          1.38860e+01   constant   
  13  beta_y       1.61084e-03     fixed    
  14  alpha_vw     0.00000e+00     fixed    
  15  w_vw         1.43404e+01   constant   
  16  beta_vw      0.00000e+00     fixed    
  17  LM           1.41693e-04   constant   
  18  zeta_y       0.00000e+00   constant   
  19  zeta_vw      0.00000e+00   constant   
  20  T_CBO        7.07786e+01   6.45749e+00   5.06701e-05  -1.62736e-02
  21  alpha_A0     2.13769e-03   7.13506e-04   3.36366e-06  -5.94346e-03
  22  beta_A0      1.14282e-03   5.92234e-04   8.95180e-05  -5.52934e-03
  23  alpha_phi    9.99998e-03   5.56273e-04  -4.60433e-06  -2.63878e-03
  24  beta_phi    -4.53222e-03   7.12694e-04   2.57250e-04  -1.14776e-02
 MIGRAD MINIMIZATION HAS CONVERGED.
 MIGRAD WILL VERIFY CONVERGENCE AND ERROR MATRIX.
 COVARIANCE MATRIX CALCULATED SUCCESSFULLY
 FCN=630.295 FROM MIGRAD    STATUS=CONVERGED     149 CALLS        1693 TOTAL
                     EDM=1.49768e-06    STRATEGY= 1      ERROR MATRIX ACCURATE 
  EXT PARAMETER                                   STEP         FIRST   
  NO.   NAME      VALUE            ERROR          SIZE      DERIVATIVE 
   1  N0           2.93722e+06     fixed    
   2  tau          6.44050e+01   constant   
   3  A0           3.52945e-01     fixed    
   4  phi          4.11509e+00     fixed    
   5  R           -6.11922e+01   constant   
   6  alpha_CBO    8.77089e-03     fixed    
   7  w_CBO        2.32500e+00   constant   
   8  beta_CBO    -5.48088e-03     fixed    
   9  alpha_2CBO   1.65587e-04     fixed    
  10  beta_2CBO    1.24297e-04   8.61497e-05   1.02987e-06   4.06181e+00
  11  alpha_y     -1.52152e-04   8.42197e-05   1.03278e-06  -5.52501e+00
  12  w_y          1.38860e+01   constant   
  13  beta_y       1.61084e-03     fixed    
  14  alpha_vw     0.00000e+00     fixed    
  15  w_vw         1.43404e+01   constant   
  16  beta_vw      0.00000e+00     fixed    
  17  LM           1.41693e-04   constant   
  18  zeta_y       0.00000e+00   constant   
  19  zeta_vw      0.00000e+00   constant   
  20  T_CBO        6.70519e+01   6.22030e+00   2.60667e-04  -5.04141e-02
  21  alpha_A0     1.95999e-03   7.18280e-04   8.83887e-04   7.07968e-03
  22  beta_A0      1.53999e-03   6.69019e-04   8.03891e-04   7.19821e-03
  23  alpha_phi    1.00000e-02   1.27363e-02   1.35920e-02** at limit **
  24  beta_phi    -4.84521e-03   7.41643e-04   9.20389e-04   1.69298e-02
 EXTERNAL ERROR MATRIX.    NDIM=  25    NPAR=  7    ERR DEF=1
  7.422e-09 -8.598e-11  7.841e-05  3.714e-09 -9.418e-09  2.211e-15  6.906e-09 
 -8.598e-11  7.093e-09 -5.650e-06  3.546e-10  1.580e-09 -9.363e-16 -1.238e-10 
  7.841e-05 -5.650e-06  3.870e+01 -7.034e-04 -8.513e-04  4.662e-08  2.125e-03 
  3.714e-09  3.546e-10 -7.034e-04  5.169e-07  1.291e-08 -9.922e-13 -5.933e-08 
 -9.418e-09  1.580e-09 -8.513e-04  1.291e-08  4.483e-07 -7.319e-13 -2.112e-08 
  2.211e-15 -9.363e-16  4.662e-08 -9.922e-13 -7.319e-13  4.123e-15  2.317e-12 
  6.906e-09 -1.238e-10  2.125e-03 -5.933e-08 -2.112e-08  2.317e-12  5.514e-07 
 PARAMETER  CORRELATION COEFFICIENTS  
       NO.  GLOBAL     10     11     20     21     22     23     24
       10  0.22475   1.000 -0.012  0.146  0.060 -0.163  0.000  0.108
       11  0.02982  -0.012  1.000 -0.011  0.006  0.028 -0.000 -0.002
       20  0.52013   0.146 -0.011  1.000 -0.157 -0.204  0.117  0.460
       21  0.18481   0.060  0.006 -0.157  1.000  0.027 -0.021 -0.111
       22  0.25452  -0.163  0.028 -0.204  0.027  1.000 -0.017 -0.042
       23  0.11816   0.000 -0.000  0.117 -0.021 -0.017  1.000  0.049
       24  0.46768   0.108 -0.002  0.460 -0.111 -0.042  0.049  1.000
MINUIT - FIT ONLY 2-y
 **********
 **   67 **RES 
 **********
                   PARAMETER   16  beta_vw RESTORED TO VARIABLE.
                   PARAMETER   14  alpha_vw RESTORED TO VARIABLE.
                   PARAMETER   13  beta_y RESTORED TO VARIABLE.
                   PARAMETER    9  alpha_2CBO RESTORED TO VARIABLE.
                   PARAMETER    8  beta_CBO RESTORED TO VARIABLE.
                   PARAMETER    6  alpha_CBO RESTORED TO VARIABLE.
                   PARAMETER    4  phi RESTORED TO VARIABLE.
                   PARAMETER    3  A0 RESTORED TO VARIABLE.
                   PARAMETER    1  N0 RESTORED TO VARIABLE.
 **********
 **   68 **FIX            0
 **********
 PARAMETER    0  IS UNDEFINED. IGNORED.
 **********
 **   69 **FIX            1
 **********
 **********
 **   70 **FIX            2
 **********
 PARAMETER    2  IS CONSTANT.   IGNORED.
 **********
 **   71 **FIX            3
 **********
 **********
 **   72 **FIX            4
 **********
 **********
 **   73 **FIX            5
 **********
 PARAMETER    5  IS CONSTANT.   IGNORED.
 **********
 **   74 **FIX            6
 **********
 **********
 **   75 **FIX            7
 **********
 PARAMETER    7  IS CONSTANT.   IGNORED.
 **********
 **   76 **FIX            8
 **********
 **********
 **   77 **FIX            9
 **********
 **********
 **   78 **FIX           10
 **********
 **********
 **   79 **FIX           11
 **********
 **********
 **   80 **FIX           12
 **********
 PARAMETER   12  IS CONSTANT.   IGNORED.
 **********
 **   81 **FIX           16
 **********
 **********
 **   82 **MIGRAD
 **********
 START MIGRAD MINIMIZATION.  STRATEGY  1.  CONVERGENCE WHEN EDM .LT. 1.00e-04
 FCN=630.295 FROM MIGRAD    STATUS=INITIATE       16 CALLS        1709 TOTAL
                     EDM= unknown      STRATEGY= 1      NO ERROR MATRIX       
  EXT PARAMETER               CURRENT GUESS       STEP         FIRST   
  NO.   NAME      VALUE            ERROR          SIZE      DERIVATIVE 
   1  N0           2.93722e+06     fixed    
   2  tau          6.44050e+01   constant   
   3  A0           3.52945e-01     fixed    
   4  phi          4.11509e+00     fixed    
   5  R           -6.11922e+01   constant   
   6  alpha_CBO    8.77089e-03     fixed    
   7  w_CBO        2.32500e+00   constant   
   8  beta_CBO    -5.48088e-03     fixed    
   9  alpha_2CBO   1.65587e-04     fixed    
  10  beta_2CBO    1.24297e-04     fixed    
  11  alpha_y     -1.52152e-04     fixed    
  12  w_y          1.38860e+01   constant   
  13  beta_y       1.61084e-03   8.25548e-05   8.25548e-05   2.31894e+02
  14  alpha_vw     0.00000e+00   1.00000e-03   1.00000e-03  -1.20160e+05
  15  w_vw         1.43404e+01   constant   
  16  beta_vw      0.00000e+00     fixed    
  17  LM           1.41693e-04   constant   
  18  zeta_y       0.00000e+00   constant   
  19  zeta_vw      0.00000e+00   constant   
  20  T_CBO        6.70519e+01   6.22030e+00   2.60667e-04  -5.34203e-02
  21  alpha_A0     1.95999e-03   7.18280e-04   8.83887e-04   7.06588e-03
  22  beta_A0      1.53999e-03   6.69019e-04   8.03891e-04   7.13566e-03
  23  alpha_phi    9.99998e-03   1.27363e-02   1.35920e-02  -3.31387e-03
  24  beta_phi    -4.84521e-03   7.41643e-04   9.20389e-04   1.70470e-02
 MIGRAD MINIMIZATION HAS CONVERGED.
 MIGRAD WILL VERIFY CONVERGENCE AND ERROR MATRIX.
 COVARIANCE MATRIX CALCULATED SUCCESSFULLY
 FCN=603.431 FROM MIGRAD    STATUS=CONVERGED     148 CALLS        1841 TOTAL
                     EDM=8.93924e-08    STRATEGY= 1      ERROR MATRIX ACCURATE 
  EXT PARAMETER                                   STEP         FIRST   
  NO.   NAME      VALUE            ERROR          SIZE      DERIVATIVE 
   1  N0           2.93722e+06     fixed    
   2  tau          6.44050e+01   constant   
   3  A0           3.52945e-01     fixed    
   4  phi          4.11509e+00     fixed    
   5  R           -6.11922e+01   constant   
   6  alpha_CBO    8.77089e-03     fixed    
   7  w_CBO        2.32500e+00   constant   
   8  beta_CBO    -5.48088e-03     fixed    
   9  alpha_2CBO   1.65587e-04     fixed    
  10  beta_2CBO    1.24297e-04     fixed    
  11  alpha_y     -1.52152e-04     fixed    
  12  w_y          1.38860e+01   constant   
  13  beta_y       1.72106e-03   8.57651e-05   9.96596e-07   4.69329e-01
  14  alpha_vw     4.47350e-04   8.63108e-05   1.00298e-06  -3.68567e-01
  15  w_vw         1.43404e+01   constant   
  16  beta_vw      0.00000e+00     fixed    
  17  LM           1.41693e-04   constant   
  18  zeta_y       0.00000e+00   constant   
  19  zeta_vw      0.00000e+00   constant   
  20  T_CBO        6.64846e+01   6.07364e+00   2.52714e-04   4.81512e-03
  21  alpha_A0     1.94450e-03   7.21147e-04   8.69421e-04  -1.48996e-03
  22  beta_A0      1.61103e-03   6.64673e-04   7.91911e-04  -5.11742e-03
  23  alpha_phi    1.00000e-02   1.23379e-02   1.24797e-02** at limit **
  24  beta_phi    -4.87694e-03   7.42331e-04   9.07635e-04  -2.31294e-03
 EXTERNAL ERROR MATRIX.    NDIM=  25    NPAR=  7    ERR DEF=1
  7.356e-09  1.849e-09 -9.693e-06 -1.039e-09 -9.893e-11 -6.499e-16 -6.979e-10 
  1.849e-09  7.450e-09 -9.442e-06 -2.614e-10  1.200e-09 -8.581e-16 -5.208e-10 
 -9.693e-06 -9.442e-06  3.690e+01 -7.308e-04 -7.744e-04  2.987e-08  2.047e-03 
 -1.039e-09 -2.614e-10 -7.308e-04  5.210e-07  1.822e-08 -6.451e-13 -6.334e-08 
 -9.893e-11  1.200e-09 -7.744e-04  1.822e-08  4.425e-07 -4.988e-13 -1.423e-08 
 -6.499e-16 -8.581e-16  2.987e-08 -6.451e-13 -4.988e-13  2.474e-15  1.519e-12 
 -6.979e-10 -5.208e-10  2.047e-03 -6.334e-08 -1.423e-08  1.519e-12  5.524e-07 
 PARAMETER  CORRELATION COEFFICIENTS  
       NO.  GLOBAL     13     14     20     21     22     23     24
       13  0.25104   1.000  0.250 -0.019 -0.017 -0.002 -0.000 -0.011
       14  0.25086   0.250  1.000 -0.018 -0.004  0.021 -0.000 -0.008
       20  0.50521  -0.019 -0.018  1.000 -0.167 -0.192  0.099  0.453
       21  0.17478  -0.017 -0.004 -0.167  1.000  0.038 -0.018 -0.118
       22  0.20369  -0.002  0.021 -0.192  0.038  1.000 -0.015 -0.029
       23  0.09907  -0.000 -0.000  0.099 -0.018 -0.015  1.000  0.041
       24  0.45930  -0.011 -0.008  0.453 -0.118 -0.029  0.041  1.000
MINUIT - FIT ALTOGETHER
 **********
 **   83 **RES 
 **********
                   PARAMETER   16  beta_vw RESTORED TO VARIABLE.
                   PARAMETER   11  alpha_y RESTORED TO VARIABLE.
