 + ++++++++++++++++++++++++++++++++++++++++++++++++++++++++++++++++++++ +
 +                                                                      +
 +           You have chose to blind your fitting according to          +
 +                omega_ref * (1 + (R +/- deltaR) *10^{-6})             +
 +                                                                      +
 + ++++++++++++++++++++++++++++++++++++++++++++++++++++++++++++++++++++ +
In main()...
reading format from /gm2data/zkhechad/run45/envelope/formats/formatB_sBin_constraintOn.txt
pBinTau 	= 0  
pBinPhi 	= 0  
constraintau 	= 1 
includeMopTerm 	= 0    
constrainMop    = 0   
Parameters after format file: pBinTau 0 pBinPhi 0 constraintau 1 includeMopTerm 0 constrainMop 0 c_e_scale 0.000000 
Opening file /gm2data/tbarrett/gm2fr/studies/run23_bunch_corrections/CorrectedFourier_Run3b.root.
reading full fit data from /gm2data/zkhechad/cboTemplates/Run4CBOTemplates/fullFits/noRF/sBin_constraintOn_cE0.0_seed0_noRF_calo11.root
windowBins = 69
fitting sliding window 2450 from bin 2586 at 385.682000 to bin 2655 at 396.126000 (69 bins)

Reading data from /gm2data/cornell/histograms/aMethod/histogram_a_noRF.root
 **********
 **    1 **SET PRINTOUT            1
 **********
 **********
 **    2 **SET NOWARNINGS 
 **********
 PARAMETER DEFINITIONS:
    NO.   NAME         VALUE      STEP SIZE      LIMITS
     1 N0           3.16093e+06  1.00000e+02     no limits
     2 tau          6.43989e+01  constant
     3 A0           3.42733e-01  1.00000e-04     no limits
     4 phi          4.11801e+00  1.00000e-02     no limits
     5 R           -6.14725e+01  constant
     6 alpha_CBO    0.00000e+00  1.00000e-03     no limits
     7 w_CBO        2.32500e+00  constant
     8 beta_CBO     0.00000e+00  1.00000e-03     no limits
     9 alpha_2CBO   0.00000e+00  1.00000e-03     no limits
    10 beta_2CBO    0.00000e+00  1.00000e-03     no limits
    11 alpha_y      0.00000e+00  1.00000e-03     no limits
    12 w_y          1.38860e+01  constant
    13 beta_y       0.00000e+00  1.00000e-03     no limits
    14 alpha_vw     0.00000e+00  1.00000e-03     no limits
    15 w_vw         1.43404e+01  constant
    16 beta_vw      0.00000e+00  1.00000e-03     no limits
    17 LM          -2.06090e-04  constant
    18 zeta_y       0.00000e+00  constant
    19 zeta_vw      0.00000e+00  constant
    20 T_CBO        1.00000e+02  1.00000e+00    0.00000e+00  1.00000e+03
    21 alpha_A0     0.00000e+00  1.00000e-04   -1.00000e-02  1.00000e-02
    22 beta_A0      0.00000e+00  1.00000e-04   -1.00000e-02  1.00000e-02
    23 alpha_phi    0.00000e+00  1.00000e-04   -1.00000e-02  1.00000e-02
    24 beta_phi     0.00000e+00  1.00000e-04   -1.00000e-02  1.00000e-02
MINUIT - FIT ONLY WIGGLE
 **********
 **    3 **FIX            5
 **********
 PARAMETER    5  IS CONSTANT.   IGNORED.
 **********
 **    4 **FIX            6
 **********
 **********
 **    5 **FIX            7
 **********
 PARAMETER    7  IS CONSTANT.   IGNORED.
 **********
 **    6 **FIX            8
 **********
 **********
 **    7 **FIX            9
 **********
 **********
 **    8 **FIX           10
 **********
 **********
 **    9 **FIX           11
 **********
 **********
 **   10 **FIX           12
 **********
 PARAMETER   12  IS CONSTANT.   IGNORED.
 **********
 **   11 **FIX           13
 **********
 **********
 **   12 **FIX           14
 **********
 **********
 **   13 **FIX           15
 **********
 PARAMETER   15  IS CONSTANT.   IGNORED.
 **********
 **   14 **FIX           16
 **********
 **********
 **   15 **MIGRAD
 **********
 FIRST CALL TO USER FUNCTION AT NEW START POINT, WITH IFLAG=4.
 START MIGRAD MINIMIZATION.  STRATEGY  1.  CONVERGENCE WHEN EDM .LT. 1.00e-04
 FCN=61.7537 FROM MIGRAD    STATUS=INITIATE      437 CALLS         438 TOTAL
                     EDM= unknown      STRATEGY= 1      NO ERROR MATRIX       
  EXT PARAMETER               CURRENT GUESS       STEP         FIRST   
  NO.   NAME      VALUE            ERROR          SIZE      DERIVATIVE 
   1  N0           3.16093e+06   1.00000e+02   0.00000e+00   1.54476e-03
   2  tau          6.43989e+01   constant   
   3  A0           3.42733e-01   1.00000e-04   0.00000e+00   1.57343e+03
   4  phi          4.11801e+00   1.00000e-02   0.00000e+00  -1.04860e+02
   5  R           -6.14725e+01   constant   
   6  alpha_CBO    0.00000e+00     fixed    
   7  w_CBO        2.32500e+00   constant   
   8  beta_CBO     0.00000e+00     fixed    
   9  alpha_2CBO   0.00000e+00     fixed    
  10  beta_2CBO    0.00000e+00     fixed    
  11  alpha_y      0.00000e+00     fixed    
  12  w_y          1.38860e+01   constant   
  13  beta_y       0.00000e+00     fixed    
  14  alpha_vw     0.00000e+00     fixed    
  15  w_vw         1.43404e+01   constant   
  16  beta_vw      0.00000e+00     fixed    
  17  LM          -2.06090e-04   constant   
  18  zeta_y       0.00000e+00   constant   
  19  zeta_vw      0.00000e+00   constant   
  20  T_CBO        1.00000e+02   1.00000e+00   0.00000e+00   0.00000e+00
  21  alpha_A0     0.00000e+00   1.00000e-04   0.00000e+00  -1.07886e-01
  22  beta_A0      0.00000e+00   1.00000e-04   0.00000e+00  -1.00685e-01
  23  alpha_phi    0.00000e+00   1.00000e-04   0.00000e+00  -1.11434e-01
  24  beta_phi     0.00000e+00   1.00000e-04   0.00000e+00   1.83790e-02
 MIGRAD MINIMIZATION HAS CONVERGED.
 FCN=51.3536 FROM MIGRAD    STATUS=CONVERGED     841 CALLS         842 TOTAL
                     EDM=4.77623e-06    STRATEGY= 1  ERROR MATRIX UNCERTAINTY   2.6 per cent
  EXT PARAMETER                                   STEP         FIRST   
  NO.   NAME      VALUE            ERROR          SIZE      DERIVATIVE 
   1  N0           3.15624e+06   2.73430e+03   9.55269e+00   1.04459e-06
   2  tau          6.43989e+01   constant   
   3  A0           3.41278e-01   1.15590e-03   2.32284e-06   1.80419e+00
   4  phi          4.11716e+00   3.56321e-03   8.07335e-07   7.60393e-02
   5  R           -6.14725e+01   constant   
   6  alpha_CBO    0.00000e+00     fixed    
   7  w_CBO        2.32500e+00   constant   
   8  beta_CBO     0.00000e+00     fixed    
   9  alpha_2CBO   0.00000e+00     fixed    
  10  beta_2CBO    0.00000e+00     fixed    
  11  alpha_y      0.00000e+00     fixed    
  12  w_y          1.38860e+01   constant   
  13  beta_y       0.00000e+00     fixed    
  14  alpha_vw     0.00000e+00     fixed    
  15  w_vw         1.43404e+01   constant   
  16  beta_vw      0.00000e+00     fixed    
  17  LM          -2.06090e-04   constant   
  18  zeta_y       0.00000e+00   constant   
  19  zeta_vw      0.00000e+00   constant   
  20  T_CBO        9.99999e+02   9.19525e+02   2.81731e-03   1.82978e-04
  21  alpha_A0     9.99998e-03   1.42584e-02   3.04597e-02   1.40749e-04
  22  beta_A0      9.99995e-03   1.83515e-02   1.64651e-02  -5.36192e-04
  23  alpha_phi    9.99996e-03   1.82180e-02   1.47049e-02  -8.97864e-04
  24  beta_phi    -1.93773e-04   6.82469e-03   7.91498e-06  -3.09793e-04
 EXTERNAL ERROR MATRIX.    NDIM=  25    NPAR=  8    ERR DEF=1
  7.476e+06 -3.517e-01  1.285e+00  5.894e+00  1.880e-02  9.053e-03 -5.521e-03 -4.646e+00 
 -3.517e-01  1.336e-06  3.118e-08 -1.205e-04 -5.194e-09  3.298e-09  2.668e-09  1.040e-06 
  1.285e+00  3.118e-08  1.270e-05 -1.352e-04 -2.291e-10  6.906e-09 -2.726e-09 -2.817e-06 
  5.894e+00 -1.205e-04 -1.352e-04  1.063e+01 -2.215e-05  6.876e-05 -1.700e-05 -4.308e-04 
  1.880e-02 -5.194e-09 -2.291e-10 -2.215e-05  9.362e-09  2.062e-09 -3.059e-11 -2.345e-08 
  9.053e-03  3.298e-09  6.906e-09  6.876e-05  2.062e-09  5.024e-09  1.449e-09  4.786e-09 
 -5.521e-03  2.668e-09 -2.726e-09 -1.700e-05 -3.059e-11  1.449e-09  3.847e-09  3.311e-09 
 -4.646e+00  1.040e-06 -2.817e-06 -4.308e-04 -2.345e-08  4.786e-09  3.311e-09  5.643e-05 
 PARAMETER  CORRELATION COEFFICIENTS  
       NO.  GLOBAL      1      3      4     20     21     22     23     24
        1  0.27806   1.000 -0.111  0.132  0.001  0.071  0.047 -0.033 -0.226
        3  0.17388  -0.111  1.000  0.008 -0.032 -0.046  0.040  0.037  0.120
        4  0.16193   0.132  0.008  1.000 -0.012 -0.001  0.027 -0.012 -0.105
       20  0.40801   0.001 -0.032 -0.012  1.000 -0.070  0.298 -0.084 -0.018
       21  0.38320   0.071 -0.046 -0.001 -0.070  1.000  0.301 -0.005 -0.032
       22  0.57275   0.047  0.040  0.027  0.298  0.301  1.000  0.330  0.009
       23  0.41072  -0.033  0.037 -0.012 -0.084 -0.005  0.330  1.000  0.007
       24  0.26075  -0.226  0.120 -0.105 -0.018 -0.032  0.009  0.007  1.000
MINUIT - FIT ONLY 1-CBO + wiggle
 **********
 **   16 **RES 
 **********
                   PARAMETER   16  beta_vw RESTORED TO VARIABLE.
                   PARAMETER   14  alpha_vw RESTORED TO VARIABLE.
                   PARAMETER   13  beta_y RESTORED TO VARIABLE.
                   PARAMETER   11  alpha_y RESTORED TO VARIABLE.
                   PARAMETER   10  beta_2CBO RESTORED TO VARIABLE.
                   PARAMETER    9  alpha_2CBO RESTORED TO VARIABLE.
                   PARAMETER    8  beta_CBO RESTORED TO VARIABLE.
                   PARAMETER    6  alpha_CBO RESTORED TO VARIABLE.
 **********
 **   17 **FIX            8
 **********
 **********
 **   18 **FIX            9
 **********
 **********
 **   19 **FIX           11
 **********
 **********
 **   20 **FIX           12
 **********
 PARAMETER   12  IS CONSTANT.   IGNORED.
 **********
 **   21 **FIX           14
 **********
 **********
 **   22 **FIX           15
 **********
 PARAMETER   15  IS CONSTANT.   IGNORED.
 **********
 **   23 **FIX           16
 **********
 **********
 **   24 **MIGRAD
 **********
 START MIGRAD MINIMIZATION.  STRATEGY  1.  CONVERGENCE WHEN EDM .LT. 1.00e-04
 FCN=51.3536 FROM MIGRAD    STATUS=INITIATE       28 CALLS         870 TOTAL
                     EDM= unknown      STRATEGY= 1      NO ERROR MATRIX       
  EXT PARAMETER               CURRENT GUESS       STEP         FIRST   
  NO.   NAME      VALUE            ERROR          SIZE      DERIVATIVE 
   1  N0           3.15624e+06   2.73430e+03   9.55269e+00   1.04459e-06
   2  tau          6.43989e+01   constant   
   3  A0           3.41278e-01   1.15590e-03   2.32284e-06   1.80419e+00
   4  phi          4.11716e+00   3.56321e-03   8.07335e-07   7.60393e-02
   5  R           -6.14725e+01   constant   
   6  alpha_CBO    0.00000e+00   1.00000e-03   1.00000e-03  -2.80434e+03
   7  w_CBO        2.32500e+00   constant   
   8  beta_CBO     0.00000e+00     fixed    
   9  alpha_2CBO   0.00000e+00     fixed    
  10  beta_2CBO    0.00000e+00   1.00000e-03   1.00000e-03  -1.51245e+03
  11  alpha_y      0.00000e+00     fixed    
  12  w_y          1.38860e+01   constant   
  13  beta_y       0.00000e+00   1.00000e-03   1.00000e-03   4.79146e+02
  14  alpha_vw     0.00000e+00     fixed    
  15  w_vw         1.43404e+01   constant   
  16  beta_vw      0.00000e+00     fixed    
  17  LM          -2.06090e-04   constant   
  18  zeta_y       0.00000e+00   constant   
  19  zeta_vw      0.00000e+00   constant   
  20  T_CBO        9.99999e+02   9.19525e+02   2.81731e-03  -1.82980e-04
  21  alpha_A0     9.99998e-03   1.42584e-02   3.04597e-02  -1.40788e-04
  22  beta_A0      9.99995e-03   1.83515e-02   1.64651e-02  -5.36207e-04
  23  alpha_phi    9.99996e-03   1.82180e-02   1.47049e-02  -8.97867e-04
  24  beta_phi    -1.93773e-04   6.82469e-03   7.91498e-06  -3.09793e-04
 MIGRAD MINIMIZATION HAS CONVERGED.
 MIGRAD WILL VERIFY CONVERGENCE AND ERROR MATRIX.
 COVARIANCE MATRIX CALCULATED SUCCESSFULLY
 FCN=47.6294 FROM MIGRAD    STATUS=CONVERGED     251 CALLS        1093 TOTAL
                     EDM=1.2633e-06    STRATEGY= 1      ERROR MATRIX ACCURATE 
  EXT PARAMETER                                   STEP         FIRST   
  NO.   NAME      VALUE            ERROR          SIZE      DERIVATIVE 
   1  N0           3.15619e+06   1.16803e+00   8.32104e+00  -7.51612e-07
   2  tau          6.43989e+01   constant   
   3  A0           3.41368e-01   1.17390e-03   3.97930e-06  -4.18720e-01
   4  phi          4.11842e+00   3.64313e-03   1.20401e-05  -5.23811e-02
   5  R           -6.14725e+01   constant   
   6  alpha_CBO    2.08105e-03   1.24456e-03   4.11485e-06   2.52705e-01
   7  w_CBO        2.32500e+00   constant   
   8  beta_CBO     0.00000e+00     fixed    
   9  alpha_2CBO   0.00000e+00     fixed    
  10  beta_2CBO    9.42808e-04   1.22266e-03   4.14278e-06  -3.48877e-01
  11  alpha_y      0.00000e+00     fixed    
  12  w_y          1.38860e+01   constant   
  13  beta_y      -3.89709e-04   1.21863e-03   4.14837e-06   4.15713e-01
  14  alpha_vw     0.00000e+00     fixed    
  15  w_vw         1.43404e+01   constant   
  16  beta_vw      0.00000e+00     fixed    
  17  LM          -2.06090e-04   constant   
  18  zeta_y       0.00000e+00   constant   
  19  zeta_vw      0.00000e+00   constant   
  20  T_CBO        1.00000e+03   6.46673e+02   1.96942e-02** at limit **
  21  alpha_A0     1.00000e-02   1.24415e-02   7.56075e-03** at limit **
  22  beta_A0      1.00000e-02   1.24818e-02   7.91576e-03** at limit **
  23  alpha_phi    9.99998e-03   1.42300e-02   7.04742e-03   9.14497e-04
  24  beta_phi     3.48781e-05   5.83711e-03   2.48864e-03   2.02990e-04
 EXTERNAL ERROR MATRIX.    NDIM=  25    NPAR= 11    ERR DEF=1
  1.364e+00 
 -3.923e-08  1.378e-06 
  2.060e-07  1.504e-07  1.327e-05 
 -2.127e-08  3.851e-08  1.017e-06  1.549e-06 
  3.427e-08  4.726e-08 -2.191e-07 -1.309e-07  1.495e-06 
  1.104e-08  3.638e-09 -5.180e-08 -3.101e-08  1.271e-08  1.485e-06 
 -2.053e-09  6.905e-09  1.081e-08  1.173e-09  6.092e-11  8.696e-11  3.688e-05 
 -8.757e-13  8.510e-13 -6.064e-14 -8.056e-13  2.106e-13  4.444e-14 -8.774e-14  2.263e-12 
  2.655e-13  3.247e-12  5.358e-12  1.855e-12 -6.706e-12 -6.813e-13 -5.007e-13  1.686e-17  2.555e-11 
 -6.788e-13  1.429e-11  3.418e-11  9.299e-12  1.541e-11  1.654e-12 -1.661e-12  6.441e-17 -9.018e-17  7.702e-10 
 -6.055e-07  5.528e-07 -1.646e-06  4.389e-08  1.094e-07  1.112e-08  8.119e-09  1.329e-12  2.798e-12  1.419e-11  3.885e-05 
 PARAMETER  CORRELATION COEFFICIENTS  
       NO.  GLOBAL      1      3      4      6     10     13     20     21     22     23     24
        1  0.00010   1.000 -0.000  0.000 -0.000  0.000  0.000 -0.000 -0.000  0.000 -0.000 -0.000
        3  0.09445  -0.000  1.000  0.035  0.026  0.033  0.003  0.001  0.000  0.001  0.000  0.076
        4  0.24073   0.000  0.035  1.000  0.224 -0.049 -0.012  0.000 -0.000  0.000  0.000 -0.072
        6  0.23909  -0.000  0.026  0.224  1.000 -0.086 -0.020  0.000 -0.000  0.000  0.000  0.006
       10  0.09889   0.000  0.033 -0.049 -0.086  1.000  0.009  0.000  0.000 -0.001  0.000  0.014
       13  0.02289   0.000  0.003 -0.012 -0.020  0.009  1.000  0.000  0.000 -0.000  0.000  0.001
       20  0.00109  -0.000  0.001  0.000  0.000  0.000  0.000  1.000 -0.000 -0.000 -0.000  0.000
       21  0.00067  -0.000  0.000 -0.000 -0.000  0.000  0.000 -0.000  1.000  0.000  0.000  0.000
       22  0.00126   0.000  0.001  0.000  0.000 -0.001 -0.000 -0.000  0.000  1.000 -0.000  0.000
       23  0.00075  -0.000  0.000  0.000  0.000  0.000  0.000 -0.000  0.000 -0.000  1.000  0.000
       24  0.10907  -0.000  0.076 -0.072  0.006  0.014  0.001  0.000  0.000  0.000  0.000  1.000
MINUIT - FIT ONLY 2-CBO
 **********
 **   25 **RES 
 **********
                   PARAMETER   16  beta_vw RESTORED TO VARIABLE.
                   PARAMETER   14  alpha_vw RESTORED TO VARIABLE.
                   PARAMETER   11  alpha_y RESTORED TO VARIABLE.
                   PARAMETER    9  alpha_2CBO RESTORED TO VARIABLE.
                   PARAMETER    8  beta_CBO RESTORED TO VARIABLE.
 **********
 **   26 **FIX            0
 **********
 PARAMETER    0  IS UNDEFINED. IGNORED.
 **********
 **   27 **FIX            1
 **********
 **********
 **   28 **FIX            2
 **********
 PARAMETER    2  IS CONSTANT.   IGNORED.
 **********
 **   29 **FIX            3
 **********
 **********
 **   30 **FIX            4
 **********
 **********
 **   31 **FIX            5
 **********
 PARAMETER    5  IS CONSTANT.   IGNORED.
 **********
 **   32 **FIX            6
 **********
 **********
 **   33 **FIX            7
 **********
 PARAMETER    7  IS CONSTANT.   IGNORED.
 **********
 **   34 **FIX           10
 **********
 **********
 **   35 **FIX           11
 **********
 **********
 **   36 **FIX           12
 **********
 PARAMETER   12  IS CONSTANT.   IGNORED.
 **********
 **   37 **FIX           13
 **********
 **********
 **   38 **FIX           14
 **********
 **********
 **   39 **FIX           15
 **********
 PARAMETER   15  IS CONSTANT.   IGNORED.
 **********
 **   40 **FIX           16
 **********
 **********
 **   41 **MIGRAD
 **********
 START MIGRAD MINIMIZATION.  STRATEGY  1.  CONVERGENCE WHEN EDM .LT. 1.00e-04
 FCN=47.6028 FROM MIGRAD    STATUS=INITIATE       45 CALLS        1138 TOTAL
                     EDM= unknown      STRATEGY= 1      NO ERROR MATRIX       
  EXT PARAMETER               CURRENT GUESS       STEP         FIRST   
  NO.   NAME      VALUE            ERROR          SIZE      DERIVATIVE 
   1  N0           3.15619e+06     fixed    
   2  tau          6.43989e+01   constant   
   3  A0           3.41368e-01     fixed    
   4  phi          4.11842e+00     fixed    
   5  R           -6.14725e+01   constant   
   6  alpha_CBO    2.08105e-03     fixed    
   7  w_CBO        2.32500e+00   constant   
   8  beta_CBO     0.00000e+00   1.00000e-03   0.00000e+00   1.05600e+03
   9  alpha_2CBO   0.00000e+00   1.00000e-03   0.00000e+00  -2.63194e+03
  10  beta_2CBO    9.42808e-04     fixed    
  11  alpha_y      0.00000e+00     fixed    
  12  w_y          1.38860e+01   constant   
  13  beta_y      -3.89709e-04     fixed    
  14  alpha_vw     0.00000e+00     fixed    
  15  w_vw         1.43404e+01   constant   
  16  beta_vw      0.00000e+00     fixed    
  17  LM          -2.06090e-04   constant   
  18  zeta_y       0.00000e+00   constant   
  19  zeta_vw      0.00000e+00   constant   
  20  T_CBO        9.99999e+02   6.46673e+02   0.00000e+00  -2.98594e-04
  21  alpha_A0     9.99998e-03   1.24415e-02   0.00000e+00  -7.11597e-04
  22  beta_A0      1.00000e-02   1.24818e-02   0.00000e+00** at limit **
  23  alpha_phi    8.74693e-03   1.42300e-02  -5.04032e-01  -2.03030e-02
  24  beta_phi     3.48781e-05   5.83711e-03   0.00000e+00  -1.16876e-02
 MIGRAD MINIMIZATION HAS CONVERGED.
 MIGRAD WILL VERIFY CONVERGENCE AND ERROR MATRIX.
 COVARIANCE MATRIX CALCULATED SUCCESSFULLY
 FCN=44.7005 FROM MIGRAD    STATUS=CONVERGED     144 CALLS        1237 TOTAL
                     EDM=7.62093e-07    STRATEGY= 1      ERROR MATRIX ACCURATE 
  EXT PARAMETER                                   STEP         FIRST   
  NO.   NAME      VALUE            ERROR          SIZE      DERIVATIVE 
   1  N0           3.15619e+06     fixed    
   2  tau          6.43989e+01   constant   
   3  A0           3.41368e-01     fixed    
   4  phi          4.11842e+00     fixed    
   5  R           -6.14725e+01   constant   
   6  alpha_CBO    2.08105e-03     fixed    
   7  w_CBO        2.32500e+00   constant   
   8  beta_CBO    -7.23131e-04   1.20882e-03   3.98411e-06   4.09804e-02
   9  alpha_2CBO   1.91412e-03   1.21176e-03   3.95773e-06   1.57414e-02
  10  beta_2CBO    9.42808e-04     fixed    
  11  alpha_y      0.00000e+00     fixed    
  12  w_y          1.38860e+01   constant   
  13  beta_y      -3.89709e-04     fixed    
  14  alpha_vw     0.00000e+00     fixed    
  15  w_vw         1.43404e+01   constant   
  16  beta_vw      0.00000e+00     fixed    
  17  LM          -2.06090e-04   constant   
  18  zeta_y       0.00000e+00   constant   
  19  zeta_vw      0.00000e+00   constant   
  20  T_CBO        1.00000e+03   9.87035e+02   9.31146e-03** at limit **
  21  alpha_A0     1.00000e-02   1.42251e-02   4.67033e-03** at limit **
  22  beta_A0      1.00000e-02   1.92947e-02   8.62434e-03** at limit **
  23  alpha_phi    8.90021e-03   1.65979e-02   5.14769e-03   6.11640e-04
  24  beta_phi     1.90284e-03   6.71659e-03   2.45320e-03  -1.01659e-03
 EXTERNAL ERROR MATRIX.    NDIM=  25    NPAR=  7    ERR DEF=1
  1.461e-06  3.664e-08 -1.942e-08  8.108e-14 -1.611e-13  2.207e-07 -3.448e-07 
  3.664e-08  1.468e-06 -2.771e-08 -7.591e-13 -4.071e-14  1.246e-07  1.260e-06 
 -1.942e-08 -2.771e-08  1.443e-03 -3.741e-13 -1.142e-13  8.000e-07  2.063e-07 
  8.108e-14 -7.591e-13 -3.741e-13  1.060e-12  2.502e-19 -2.814e-12  2.519e-13 
 -1.611e-13 -4.071e-14 -1.142e-13  2.502e-19  4.138e-15  1.432e-13  1.051e-13 
  2.207e-07  1.246e-07  8.000e-07 -2.814e-12  1.432e-13  4.939e-05 -1.191e-06 
 -3.448e-07  1.260e-06  2.063e-07  2.519e-13  1.051e-13 -1.191e-06  5.471e-05 
 PARAMETER  CORRELATION COEFFICIENTS  
       NO.  GLOBAL      8      9     20     21     22     23     24
        8  0.05513   1.000  0.025 -0.000  0.000 -0.002  0.026 -0.039
        9  0.14480   0.025  1.000 -0.001 -0.001 -0.001  0.015  0.141
       20  0.00323  -0.000 -0.001  1.000 -0.000 -0.000  0.003  0.001
       21  0.00073   0.000 -0.001 -0.000  1.000  0.000 -0.000  0.000
       22  0.00217  -0.002 -0.001 -0.000  0.000  1.000  0.000  0.000
       23  0.03825   0.026  0.015  0.003 -0.000  0.000  1.000 -0.023
       24  0.14863  -0.039  0.141  0.001  0.000  0.000 -0.023  1.000
MINUIT - FIT wiggle + 1-CBO + 2-CBO
 **********
 **   42 **RES 
 **********
                   PARAMETER   16  beta_vw RESTORED TO VARIABLE.
                   PARAMETER   14  alpha_vw RESTORED TO VARIABLE.
                   PARAMETER   13  beta_y RESTORED TO VARIABLE.
                   PARAMETER   11  alpha_y RESTORED TO VARIABLE.
                   PARAMETER   10  beta_2CBO RESTORED TO VARIABLE.
                   PARAMETER    6  alpha_CBO RESTORED TO VARIABLE.
                   PARAMETER    4  phi RESTORED TO VARIABLE.
                   PARAMETER    3  A0 RESTORED TO VARIABLE.
                   PARAMETER    1  N0 RESTORED TO VARIABLE.
 **********
 **   43 **FIX           10
 **********
 **********
 **   44 **FIX           11
 **********
 **********
 **   45 **FIX           12
 **********
 PARAMETER   12  IS CONSTANT.   IGNORED.
 **********
 **   46 **FIX           13
 **********
 **********
 **   47 **FIX           14
 **********
 **********
 **   48 **FIX           15
 **********
 PARAMETER   15  IS CONSTANT.   IGNORED.
 **********
 **   49 **FIX           16
 **********
 **********
 **   50 **MIGRAD
 **********
 START MIGRAD MINIMIZATION.  STRATEGY  1.  CONVERGENCE WHEN EDM .LT. 1.00e-04
 FCN=44.7005 FROM MIGRAD    STATUS=INITIATE       22 CALLS        1259 TOTAL
                     EDM= unknown      STRATEGY= 1      NO ERROR MATRIX       
  EXT PARAMETER               CURRENT GUESS       STEP         FIRST   
  NO.   NAME      VALUE            ERROR          SIZE      DERIVATIVE 
   1  N0           3.15619e+06   1.16803e+00   1.16803e+00   5.77780e-06
   2  tau          6.43989e+01   constant   
   3  A0           3.41368e-01   1.17390e-03   1.17390e-03  -2.25297e+02
   4  phi          4.11842e+00   3.64313e-03   3.64313e-03   2.47950e+01
   5  R           -6.14725e+01   constant   
   6  alpha_CBO    2.08105e-03   1.24456e-03   1.24456e-03   5.41089e+01
   7  w_CBO        2.32500e+00   constant   
   8  beta_CBO    -7.23131e-04   1.20882e-03   3.98411e-06   4.15739e-02
   9  alpha_2CBO   1.91412e-03   1.21176e-03   3.95773e-06   1.66775e-02
  10  beta_2CBO    9.42808e-04     fixed    
  11  alpha_y      0.00000e+00     fixed    
  12  w_y          1.38860e+01   constant   
  13  beta_y      -3.89709e-04     fixed    
  14  alpha_vw     0.00000e+00     fixed    
  15  w_vw         1.43404e+01   constant   
  16  beta_vw      0.00000e+00     fixed    
  17  LM          -2.06090e-04   constant   
  18  zeta_y       0.00000e+00   constant   
  19  zeta_vw      0.00000e+00   constant   
  20  T_CBO        9.99999e+02   9.87035e+02   9.31146e-03  -4.91900e-04
  21  alpha_A0     9.99998e-03   1.42251e-02   4.67033e-03  -1.95067e-03
  22  beta_A0      9.99998e-03   1.92947e-02   8.62434e-03  -5.76232e-04
  23  alpha_phi    8.90021e-03   1.65979e-02   5.14769e-03   5.90843e-04
  24  beta_phi     1.90284e-03   6.71659e-03   2.45320e-03  -1.01924e-03
 MIGRAD MINIMIZATION HAS CONVERGED.
 MIGRAD WILL VERIFY CONVERGENCE AND ERROR MATRIX.
 COVARIANCE MATRIX CALCULATED SUCCESSFULLY
 FCN=44.6784 FROM MIGRAD    STATUS=CONVERGED     194 CALLS        1431 TOTAL
                     EDM=1.25468e-06    STRATEGY= 1      ERROR MATRIX ACCURATE 
  EXT PARAMETER                                   STEP         FIRST   
  NO.   NAME      VALUE            ERROR          SIZE      DERIVATIVE 
   1  N0           3.15614e+06   2.79952e+03   8.06448e+00   4.53576e-07
   2  tau          6.43989e+01   constant   
   3  A0           3.41531e-01   1.21722e-03   3.85686e-06   1.25219e-01
   4  phi          4.11824e+00   3.70133e-03   1.16650e-05   2.93942e-02
   5  R           -6.14725e+01   constant   
   6  alpha_CBO    2.03326e-03   1.24750e-03   3.98794e-06   1.23412e-01
   7  w_CBO        2.32500e+00   constant   
   8  beta_CBO    -7.57881e-04   1.24198e-03   3.98314e-06  -2.99538e-01
   9  alpha_2CBO   1.91562e-03   1.21471e-03   3.95677e-06  -1.99180e-01
  10  beta_2CBO    9.42808e-04     fixed    
  11  alpha_y      0.00000e+00     fixed    
  12  w_y          1.38860e+01   constant   
  13  beta_y      -3.89709e-04     fixed    
  14  alpha_vw     0.00000e+00     fixed    
  15  w_vw         1.43404e+01   constant   
  16  beta_vw      0.00000e+00     fixed    
  17  LM          -2.06090e-04   constant   
  18  zeta_y       0.00000e+00   constant   
  19  zeta_vw      0.00000e+00   constant   
  20  T_CBO        1.00000e+03   9.94130e+02   9.63535e-03** at limit **
  21  alpha_A0     1.00000e-02   1.44378e-02   4.81193e-03** at limit **
  22  beta_A0      1.00000e-02   1.96774e-02   9.17857e-03** at limit **
  23  alpha_phi    8.81643e-03   1.65294e-02   4.89502e-03   5.37122e-04
  24  beta_phi     2.07287e-03   6.90745e-03   2.46435e-03   6.78762e-04
 EXTERNAL ERROR MATRIX.    NDIM=  25    NPAR= 11    ERR DEF=1
  7.837e+06 
 -2.185e-01  1.482e-06 
  1.279e+00  2.187e-07  1.370e-05 
 -1.171e-01  5.912e-08  1.033e-06  1.556e-06 
 -2.053e-01 -3.218e-07 -1.942e-07  4.139e-08  1.543e-06 
 -1.266e-01 -2.686e-08 -2.657e-07 -3.532e-08  4.786e-08  1.476e-06 
 -5.197e-02  2.774e-08  1.470e-08 -4.114e-09 -1.887e-08 -1.984e-08  6.421e-04 
 -8.623e-07  1.962e-13 -6.137e-14 -1.005e-13  2.755e-15 -2.111e-13 -5.302e-14  7.673e-14 
  4.019e-07  5.766e-13  7.021e-13  1.306e-13 -7.809e-13 -1.906e-13 -3.184e-13  4.043e-19  5.053e-14 
  4.593e-01 -1.265e-06 -3.009e-06 -8.884e-07  4.844e-07  2.012e-07  5.419e-07 -9.800e-13 -5.108e-14  5.128e-05 
 -4.937e+00  1.031e-06 -3.154e-06  1.283e-07 -3.878e-07  1.362e-06  2.043e-07  6.945e-13  4.263e-13 -1.793e-06  5.882e-05 
 PARAMETER  CORRELATION COEFFICIENTS  
       NO.  GLOBAL      1      3      4      6      8      9     20     21     22     23     24
        1  0.27031   1.000 -0.064  0.123 -0.034 -0.059 -0.037 -0.001 -0.001  0.001  0.023 -0.230
        3  0.27947  -0.064  1.000  0.049  0.039 -0.213 -0.018  0.001  0.001  0.002 -0.145  0.110
        4  0.29662   0.123  0.049  1.000  0.224 -0.042 -0.059  0.000 -0.000  0.001 -0.114 -0.111
        6  0.24828  -0.034  0.039  0.224  1.000  0.027 -0.023 -0.000 -0.000  0.000 -0.099  0.013
        8  0.23573  -0.059 -0.213 -0.042  0.027  1.000  0.032 -0.001  0.000 -0.003  0.054 -0.041
        9  0.16035  -0.037 -0.018 -0.059 -0.023  0.032  1.000 -0.001 -0.001 -0.001  0.023  0.146
       20  0.00365  -0.001  0.001  0.000 -0.000 -0.001 -0.001  1.000 -0.000 -0.000  0.003  0.001
       21  0.00151  -0.001  0.001 -0.000 -0.000  0.000 -0.001 -0.000  1.000  0.000 -0.000  0.000
       22  0.00340   0.001  0.002  0.001  0.000 -0.003 -0.001 -0.000  0.000  1.000 -0.000  0.000
       23  0.19886   0.023 -0.145 -0.114 -0.099  0.054  0.023  0.003 -0.000 -0.000  1.000 -0.033
       24  0.30177  -0.230  0.110 -0.111  0.013 -0.041  0.146  0.001  0.000  0.000 -0.033  1.000
MINUIT - FIT ONLY 1-y
 **********
 **   51 **RES 
 **********
                   PARAMETER   16  beta_vw RESTORED TO VARIABLE.
                   PARAMETER   14  alpha_vw RESTORED TO VARIABLE.
                   PARAMETER   13  beta_y RESTORED TO VARIABLE.
                   PARAMETER   11  alpha_y RESTORED TO VARIABLE.
                   PARAMETER   10  beta_2CBO RESTORED TO VARIABLE.
 **********
 **   52 **FIX            0
 **********
 PARAMETER    0  IS UNDEFINED. IGNORED.
 **********
 **   53 **FIX            1
 **********
 **********
 **   54 **FIX            2
 **********
 PARAMETER    2  IS CONSTANT.   IGNORED.
 **********
 **   55 **FIX            3
 **********
 **********
 **   56 **FIX            4
 **********
 **********
 **   57 **FIX            5
 **********
 PARAMETER    5  IS CONSTANT.   IGNORED.
 **********
 **   58 **FIX            6
 **********
 **********
 **   59 **FIX            7
 **********
 PARAMETER    7  IS CONSTANT.   IGNORED.
 **********
 **   60 **FIX            8
 **********
 **********
 **   61 **FIX            9
 **********
 **********
 **   62 **FIX           13
 **********
 **********
 **   63 **FIX           14
 **********
 **********
 **   64 **FIX           15
 **********
 PARAMETER   15  IS CONSTANT.   IGNORED.
 **********
 **   65 **FIX           16
 **********
 **********
 **   66 **MIGRAD
 **********
 START MIGRAD MINIMIZATION.  STRATEGY  1.  CONVERGENCE WHEN EDM .LT. 1.00e-04
 FCN=44.6784 FROM MIGRAD    STATUS=INITIATE       16 CALLS        1447 TOTAL
                     EDM= unknown      STRATEGY= 1      NO ERROR MATRIX       
  EXT PARAMETER               CURRENT GUESS       STEP         FIRST   
  NO.   NAME      VALUE            ERROR          SIZE      DERIVATIVE 
   1  N0           3.15614e+06     fixed    
   2  tau          6.43989e+01   constant   
   3  A0           3.41531e-01     fixed    
   4  phi          4.11824e+00     fixed    
   5  R           -6.14725e+01   constant   
   6  alpha_CBO    2.03326e-03     fixed    
   7  w_CBO        2.32500e+00   constant   
   8  beta_CBO    -7.57881e-04     fixed    
   9  alpha_2CBO   1.91562e-03     fixed    
  10  beta_2CBO    9.42808e-04   1.22266e-03   1.22266e-03  -1.21974e+02
  11  alpha_y      0.00000e+00   1.00000e-03   1.00000e-03  -1.33844e+03
  12  w_y          1.38860e+01   constant   
  13  beta_y      -3.89709e-04     fixed    
  14  alpha_vw     0.00000e+00     fixed    
  15  w_vw         1.43404e+01   constant   
  16  beta_vw      0.00000e+00     fixed    
  17  LM          -2.06090e-04   constant   
  18  zeta_y       0.00000e+00   constant   
  19  zeta_vw      0.00000e+00   constant   
  20  T_CBO        9.99999e+02   9.94130e+02   9.63535e-03  -4.56777e-04
  21  alpha_A0     9.99998e-03   1.44378e-02   4.81193e-03  -1.83738e-03
  22  beta_A0      9.99998e-03   1.96774e-02   9.17857e-03  -5.05470e-04
  23  alpha_phi    8.81643e-03   1.65294e-02   4.89502e-03   5.17188e-04
  24  beta_phi     2.07287e-03   6.90745e-03   2.46435e-03   6.75899e-04
 MIGRAD MINIMIZATION HAS CONVERGED.
 MIGRAD WILL VERIFY CONVERGENCE AND ERROR MATRIX.
 COVARIANCE MATRIX CALCULATED SUCCESSFULLY
 FCN=44.0305 FROM MIGRAD    STATUS=CONVERGED     100 CALLS        1531 TOTAL
                     EDM=5.98079e-07    STRATEGY= 1      ERROR MATRIX ACCURATE 
  EXT PARAMETER                                   STEP         FIRST   
  NO.   NAME      VALUE            ERROR          SIZE      DERIVATIVE 
   1  N0           3.15614e+06     fixed    
   2  tau          6.43989e+01   constant   
   3  A0           3.41531e-01     fixed    
   4  phi          4.11824e+00     fixed    
   5  R           -6.14725e+01   constant   
   6  alpha_CBO    2.03326e-03     fixed    
   7  w_CBO        2.32500e+00   constant   
   8  beta_CBO    -7.57881e-04     fixed    
   9  alpha_2CBO   1.91562e-03     fixed    
  10  beta_2CBO    1.03471e-03   1.23062e-03   3.98637e-06  -6.03392e-01
  11  alpha_y      9.59803e-04   1.19756e-03   3.92341e-06   6.41933e-02
  12  w_y          1.38860e+01   constant   
  13  beta_y      -3.89709e-04     fixed    
  14  alpha_vw     0.00000e+00     fixed    
  15  w_vw         1.43404e+01   constant   
  16  beta_vw      0.00000e+00     fixed    
  17  LM          -2.06090e-04   constant   
  18  zeta_y       0.00000e+00   constant   
  19  zeta_vw      0.00000e+00   constant   
  20  T_CBO        1.00000e+03   9.86281e+02   9.19159e-03** at limit **
  21  alpha_A0     1.00000e-02   1.43533e-02   4.71901e-03** at limit **
  22  beta_A0      1.00000e-02   1.88050e-02   7.98146e-03** at limit **
  23  alpha_phi    8.80116e-03   1.64368e-02   4.87672e-03   4.58633e-04
  24  beta_phi     2.14641e-03   6.65010e-03   2.44681e-03   2.03021e-04
 EXTERNAL ERROR MATRIX.    NDIM=  25    NPAR=  7    ERR DEF=1
  1.514e-06  2.038e-11 -1.123e-09  5.793e-16 -3.413e-13 -1.311e-06  1.393e-07 
  2.038e-11  1.434e-06 -2.374e-10 -2.798e-16 -3.674e-14  9.687e-08  9.787e-08 
 -1.123e-09 -2.374e-10  3.208e-06 -5.843e-17 -7.965e-15  3.804e-08  1.150e-08 
  5.793e-16 -2.798e-16 -5.843e-17  1.556e-17  3.133e-21 -1.178e-14  3.822e-15 
 -3.413e-13 -3.674e-14 -7.965e-15  3.133e-21  1.418e-14  5.662e-13  1.230e-13 
 -1.311e-06  9.687e-08  3.804e-08 -1.178e-14  5.662e-13  5.041e-05 -1.359e-06 
  1.393e-07  9.787e-08  1.150e-08  3.822e-15  1.230e-13 -1.359e-06  5.351e-05 
 PARAMETER  CORRELATION COEFFICIENTS  
       NO.  GLOBAL     10     11     20     21     22     23     24
       10  0.15045   1.000  0.000 -0.001  0.000 -0.002 -0.150  0.015
       11  0.01625   0.000  1.000 -0.000 -0.000 -0.000  0.011  0.011
       20  0.00315  -0.001 -0.000  1.000 -0.000 -0.000  0.003  0.001
       21  0.00044   0.000 -0.000 -0.000  1.000  0.000 -0.000  0.000
       22  0.00237  -0.002 -0.000 -0.000  0.000  1.000  0.001  0.000
       23  0.15234  -0.150  0.011  0.003 -0.000  0.001  1.000 -0.026
       24  0.03087   0.015  0.011  0.001  0.000  0.000 -0.026  1.000
MINUIT - FIT ONLY 2-y
 **********
 **   67 **RES 
 **********
                   PARAMETER   16  beta_vw RESTORED TO VARIABLE.
                   PARAMETER   14  alpha_vw RESTORED TO VARIABLE.
                   PARAMETER   13  beta_y RESTORED TO VARIABLE.
                   PARAMETER    9  alpha_2CBO RESTORED TO VARIABLE.
                   PARAMETER    8  beta_CBO RESTORED TO VARIABLE.
                   PARAMETER    6  alpha_CBO RESTORED TO VARIABLE.
                   PARAMETER    4  phi RESTORED TO VARIABLE.
                   PARAMETER    3  A0 RESTORED TO VARIABLE.
                   PARAMETER    1  N0 RESTORED TO VARIABLE.
 **********
 **   68 **FIX            0
 **********
 PARAMETER    0  IS UNDEFINED. IGNORED.
 **********
 **   69 **FIX            1
 **********
 **********
 **   70 **FIX            2
 **********
 PARAMETER    2  IS CONSTANT.   IGNORED.
 **********
 **   71 **FIX            3
 **********
 **********
 **   72 **FIX            4
 **********
 **********
 **   73 **FIX            5
 **********
 PARAMETER    5  IS CONSTANT.   IGNORED.
 **********
 **   74 **FIX            6
 **********
 **********
 **   75 **FIX            7
 **********
 PARAMETER    7  IS CONSTANT.   IGNORED.
 **********
 **   76 **FIX            8
 **********
 **********
 **   77 **FIX            9
 **********
 **********
 **   78 **FIX           10
 **********
 **********
 **   79 **FIX           11
 **********
 **********
 **   80 **FIX           12
 **********
 PARAMETER   12  IS CONSTANT.   IGNORED.
 **********
 **   81 **FIX           16
 **********
 **********
 **   82 **MIGRAD
 **********
 START MIGRAD MINIMIZATION.  STRATEGY  1.  CONVERGENCE WHEN EDM .LT. 1.00e-04
 FCN=44.0305 FROM MIGRAD    STATUS=INITIATE       18 CALLS        1549 TOTAL
                     EDM= unknown      STRATEGY= 1      NO ERROR MATRIX       
  EXT PARAMETER               CURRENT GUESS       STEP         FIRST   
  NO.   NAME      VALUE            ERROR          SIZE      DERIVATIVE 
   1  N0           3.15614e+06     fixed    
   2  tau          6.43989e+01   constant   
   3  A0           3.41531e-01     fixed    
   4  phi          4.11824e+00     fixed    
   5  R           -6.14725e+01   constant   
   6  alpha_CBO    2.03326e-03     fixed    
   7  w_CBO        2.32500e+00   constant   
   8  beta_CBO    -7.57881e-04     fixed    
   9  alpha_2CBO   1.91562e-03     fixed    
  10  beta_2CBO    1.03471e-03     fixed    
  11  alpha_y      9.59803e-04     fixed    
  12  w_y          1.38860e+01   constant   
  13  beta_y      -3.89709e-04   1.21863e-03   1.21863e-03  -3.22998e+01
  14  alpha_vw     0.00000e+00   1.00000e-03   1.00000e-03   1.06751e+03
  15  w_vw         1.43404e+01   constant   
  16  beta_vw      0.00000e+00     fixed    
  17  LM          -2.06090e-04   constant   
  18  zeta_y       0.00000e+00   constant   
  19  zeta_vw      0.00000e+00   constant   
  20  T_CBO        9.99999e+02   9.86281e+02   9.19159e-03  -4.95169e-04
  21  alpha_A0     9.99998e-03   1.43533e-02   4.71901e-03  -1.88094e-03
  22  beta_A0      9.99998e-03   1.88050e-02   7.98146e-03  -6.58593e-04
  23  alpha_phi    8.80116e-03   1.64368e-02   4.87672e-03   4.39142e-04
  24  beta_phi     2.14641e-03   6.65010e-03   2.44681e-03   2.00099e-04
 MIGRAD MINIMIZATION HAS CONVERGED.
 MIGRAD WILL VERIFY CONVERGENCE AND ERROR MATRIX.
 COVARIANCE MATRIX CALCULATED SUCCESSFULLY
 FCN=43.5822 FROM MIGRAD    STATUS=CONVERGED     118 CALLS        1649 TOTAL
                     EDM=1.26763e-08    STRATEGY= 1      ERROR MATRIX ACCURATE 
  EXT PARAMETER                                   STEP         FIRST   
  NO.   NAME      VALUE            ERROR          SIZE      DERIVATIVE 
   1  N0           3.15614e+06     fixed    
   2  tau          6.43989e+01   constant   
   3  A0           3.41531e-01     fixed    
   4  phi          4.11824e+00     fixed    
   5  R           -6.14725e+01   constant   
   6  alpha_CBO    2.03326e-03     fixed    
   7  w_CBO        2.32500e+00   constant   
   8  beta_CBO    -7.57881e-04     fixed    
   9  alpha_2CBO   1.91562e-03     fixed    
  10  beta_2CBO    1.03471e-03     fixed    
  11  alpha_y      9.59803e-04     fixed    
  12  w_y          1.38860e+01   constant   
  13  beta_y      -6.22009e-04   1.27725e-03   3.97207e-06   2.18165e-03
  14  alpha_vw    -8.47039e-04   1.26555e-03   3.93566e-06  -4.96118e-04
  15  w_vw         1.43404e+01   constant   
  16  beta_vw      0.00000e+00     fixed    
  17  LM          -2.06090e-04   constant   
  18  zeta_y       0.00000e+00   constant   
  19  zeta_vw      0.00000e+00   constant   
  20  T_CBO        1.00000e+03   9.89928e+02   9.28323e-03** at limit **
  21  alpha_A0     1.00000e-02   1.43140e-02   4.67463e-03** at limit **
  22  beta_A0      1.00000e-02   1.94531e-02   8.69980e-03** at limit **
  23  alpha_phi    8.90055e-03   1.65896e-02   4.93645e-03  -5.81744e-05
  24  beta_phi     2.11523e-03   6.65013e-03   2.43920e-03   1.70333e-04
 EXTERNAL ERROR MATRIX.    NDIM=  25    NPAR=  7    ERR DEF=1
  1.631e-06  4.846e-07 -4.842e-10  5.041e-15 -3.175e-13 -2.008e-07  3.215e-08 
  4.846e-07  1.602e-06 -6.629e-10  4.999e-15 -4.029e-13 -1.964e-07  6.120e-08 
 -4.842e-10 -6.629e-10  3.775e-05 -7.344e-15 -1.973e-13  1.320e-07  4.036e-08 
  5.041e-15  4.999e-15 -7.344e-15  1.905e-14  3.921e-19 -3.898e-13  1.313e-13 
 -3.175e-13 -4.029e-13 -1.973e-13  3.921e-19  4.039e-13  1.819e-12  9.840e-13 
 -2.008e-07 -1.964e-07  1.320e-07 -3.898e-13  1.819e-12  4.926e-05 -1.252e-06 
  3.215e-08  6.120e-08  4.036e-08  1.313e-13  9.840e-13 -1.252e-06  5.349e-05 
 PARAMETER  CORRELATION COEFFICIENTS  
       NO.  GLOBAL     13     14     20     21     22     23     24
       13  0.30021   1.000  0.300 -0.000  0.000 -0.000 -0.022  0.003
       14  0.30024   0.300  1.000 -0.000  0.000 -0.001 -0.022  0.007
       20  0.00321  -0.000 -0.000  1.000 -0.000 -0.000  0.003  0.001
       21  0.00042   0.000  0.000 -0.000  1.000  0.000 -0.000  0.000
       22  0.00072  -0.000 -0.001 -0.000  0.000  1.000  0.000  0.000
       23  0.03686  -0.022 -0.022  0.003 -0.000  0.000  1.000 -0.024
