 + ++++++++++++++++++++++++++++++++++++++++++++++++++++++++++++++++++++ +
 +                                                                      +
 +           You have chose to blind your fitting according to          +
 +                omega_ref * (1 + (R +/- deltaR) *10^{-6})             +
 +                                                                      +
 + ++++++++++++++++++++++++++++++++++++++++++++++++++++++++++++++++++++ +
In main()...
reading format from /gm2data/zkhechad/run45/envelope/formats/formatB_sBin_constraintOn.txt
pBinTau 	= 0  
pBinPhi 	= 0  
constraintau 	= 1 
includeMopTerm 	= 0    
constrainMop    = 0   
Parameters after format file: pBinTau 0 pBinPhi 0 constraintau 1 includeMopTerm 0 constrainMop 0 c_e_scale 0.000000 
Opening file /gm2data/tbarrett/gm2fr/studies/run23_bunch_corrections/CorrectedFourier_Run3b.root.
reading full fit data from /gm2data/zkhechad/cboTemplates/Run4CBOTemplates/templateFits0_v2.0/noRF/sBin_constraintOn_cE0.0_seed0_noRF_calo19.root
windowBins = 69
fitting sliding window 1838 from bin 1974 at 294.371600 to bin 2043 at 304.815600 (69 bins)

Reading data from /gm2data/cornell/histograms/aMethod/histogram_a_noRF.root
 **********
 **    1 **SET PRINTOUT            1
 **********
 **********
 **    2 **SET NOWARNINGS 
 **********
 PARAMETER DEFINITIONS:
    NO.   NAME         VALUE      STEP SIZE      LIMITS
     1 N0           3.18982e+06  1.00000e+02     no limits
     2 tau          6.43968e+01  constant
     3 A0           3.47817e-01  1.00000e-04     no limits
     4 phi          4.13212e+00  1.00000e-02     no limits
     5 R           -6.01460e+01  constant
     6 alpha_CBO    0.00000e+00  1.00000e-03     no limits
     7 w_CBO        2.32500e+00  constant
     8 beta_CBO     0.00000e+00  1.00000e-03     no limits
     9 alpha_2CBO   0.00000e+00  1.00000e-03     no limits
    10 beta_2CBO    0.00000e+00  1.00000e-03     no limits
    11 alpha_y      0.00000e+00  1.00000e-03     no limits
    12 w_y          1.44500e+01  constant
    13 beta_y       0.00000e+00  1.00000e-03     no limits
    14 alpha_vw     0.00000e+00  1.00000e-03     no limits
    15 w_vw         1.29000e+01  constant
    16 beta_vw      0.00000e+00  1.00000e-03     no limits
    17 LM          -1.51189e-04  constant
    18 zeta_y       0.00000e+00  constant
    19 zeta_vw      0.00000e+00  constant
    20 T_CBO        1.00000e+02  1.00000e+00    0.00000e+00  1.00000e+03
    21 alpha_A0     0.00000e+00  1.00000e-03     no limits
    22 beta_A0      0.00000e+00  1.00000e-03     no limits
    23 alpha_phi    0.00000e+00  1.00000e-03     no limits
    24 beta_phi     0.00000e+00  1.00000e-03     no limits
MINUIT - FIT ONLY WIGGLE
 **********
 **    3 **FIX            5
 **********
 PARAMETER    5  IS CONSTANT.   IGNORED.
 **********
 **    4 **FIX            6
 **********
 **********
 **    5 **FIX            7
 **********
 PARAMETER    7  IS CONSTANT.   IGNORED.
 **********
 **    6 **FIX            8
 **********
 **********
 **    7 **FIX            9
 **********
 **********
 **    8 **FIX           10
 **********
 **********
 **    9 **FIX           11
 **********
 **********
 **   10 **FIX           12
 **********
 PARAMETER   12  IS CONSTANT.   IGNORED.
 **********
 **   11 **FIX           13
 **********
 **********
 **   12 **FIX           14
 **********
 **********
 **   13 **FIX           15
 **********
 PARAMETER   15  IS CONSTANT.   IGNORED.
 **********
 **   14 **FIX           16
 **********
 **********
 **   15 **MIGRAD
 **********
 FIRST CALL TO USER FUNCTION AT NEW START POINT, WITH IFLAG=4.
 START MIGRAD MINIMIZATION.  STRATEGY  1.  CONVERGENCE WHEN EDM .LT. 1.00e-04
 FCN=141.964 FROM MIGRAD    STATUS=INITIATE      437 CALLS         438 TOTAL
                     EDM= unknown      STRATEGY= 1      NO ERROR MATRIX       
  EXT PARAMETER               CURRENT GUESS       STEP         FIRST   
  NO.   NAME      VALUE            ERROR          SIZE      DERIVATIVE 
   1  N0           3.18982e+06   1.00000e+02   0.00000e+00   2.12697e-03
   2  tau          6.43968e+01   constant   
   3  A0           3.47817e-01   1.00000e-04   0.00000e+00   5.02891e+03
   4  phi          4.13212e+00   1.00000e-02   0.00000e+00   1.82709e+03
   5  R           -6.01460e+01   constant   
   6  alpha_CBO    0.00000e+00     fixed    
   7  w_CBO        2.32500e+00   constant   
   8  beta_CBO     0.00000e+00     fixed    
   9  alpha_2CBO   0.00000e+00     fixed    
  10  beta_2CBO    0.00000e+00     fixed    
  11  alpha_y      0.00000e+00     fixed    
  12  w_y          1.44500e+01   constant   
  13  beta_y       0.00000e+00     fixed    
  14  alpha_vw     0.00000e+00     fixed    
  15  w_vw         1.29000e+01   constant   
  16  beta_vw      0.00000e+00     fixed    
  17  LM          -1.51189e-04   constant   
  18  zeta_y       0.00000e+00   constant   
  19  zeta_vw      0.00000e+00   constant   
  20  T_CBO        1.00000e+02   1.00000e+00   0.00000e+00   0.00000e+00
  21  alpha_A0     0.00000e+00   1.00000e-03   0.00000e+00   5.29098e+01
  22  beta_A0      0.00000e+00   1.00000e-03   0.00000e+00   8.39616e+01
  23  alpha_phi    0.00000e+00   1.00000e-03   0.00000e+00  -3.27141e+00
  24  beta_phi     0.00000e+00   1.00000e-03   0.00000e+00  -1.00256e+02
 CALL LIMIT EXCEEDED IN MIGRAD.
 MIGRAD TERMINATED WITHOUT CONVERGENCE.
 FCN=118.676 FROM MIGRAD    STATUS=CALL LIMIT   1331 CALLS        1332 TOTAL
                     EDM=0.0263195    STRATEGY= 1  ERROR MATRIX UNCERTAINTY   1.3 per cent
  EXT PARAMETER                APPROXIMATE        STEP         FIRST   
  NO.   NAME      VALUE            ERROR          SIZE      DERIVATIVE 
   1  N0           3.18624e+06   1.40217e+03   3.42731e+01  -2.77966e-05
   2  tau          6.43968e+01   constant   
   3  A0           3.47375e-01   5.84433e-04  -2.26065e-06   3.95891e+01
   4  phi          4.12836e+00   1.80857e-03  -8.14355e-05  -3.16614e+01
   5  R           -6.01460e+01   constant   
   6  alpha_CBO    0.00000e+00     fixed    
   7  w_CBO        2.32500e+00   constant   
   8  beta_CBO     0.00000e+00     fixed    
   9  alpha_2CBO   0.00000e+00     fixed    
  10  beta_2CBO    0.00000e+00     fixed    
  11  alpha_y      0.00000e+00     fixed    
  12  w_y          1.44500e+01   constant   
  13  beta_y       0.00000e+00     fixed    
  14  alpha_vw     0.00000e+00     fixed    
  15  w_vw         1.29000e+01   constant   
  16  beta_vw      0.00000e+00     fixed    
  17  LM          -1.51189e-04   constant   
  18  zeta_y       0.00000e+00   constant   
  19  zeta_vw      0.00000e+00   constant   
  20  T_CBO        4.01149e+01   7.61307e+00  -4.81966e-03  -3.18260e+01
  21  alpha_A0    -8.20691e+00   9.84171e+00  -1.22173e+00   3.95971e-02
  22  beta_A0     -1.09187e+01   1.37704e+01  -1.70892e+00   4.15718e-03
  23  alpha_phi   -2.18473e+00   2.55538e+00  -3.16844e-01   8.32987e-03
  24  beta_phi     1.16668e+01   1.41169e+01   1.75259e+00  -5.33935e-02
 EXTERNAL ERROR MATRIX.    NDIM=  25    NPAR=  8    ERR DEF=1
  1.966e+06 -1.135e-01  1.510e-02 -4.237e+02 -1.425e+02 -2.250e+02 -2.371e+01  2.160e+02 
 -1.135e-01  3.416e-07  1.042e-08  1.368e-04  4.755e-05  6.862e-05  8.080e-06 -7.109e-05 
  1.510e-02  1.042e-08  3.271e-06 -1.062e-04  8.751e-04  1.220e-03  2.189e-04 -1.259e-03 
 -4.237e+02  1.368e-04 -1.062e-04  5.799e+01  7.426e+01  1.039e+02  1.928e+01 -1.065e+02 
 -1.425e+02  4.755e-05  8.751e-04  7.426e+01  9.686e+01  1.355e+02  2.514e+01 -1.389e+02 
 -2.250e+02  6.862e-05  1.220e-03  1.039e+02  1.355e+02  1.896e+02  3.518e+01 -1.944e+02 
 -2.371e+01  8.080e-06  2.189e-04  1.928e+01  2.514e+01  3.518e+01  6.530e+00 -3.607e+01 
  2.160e+02 -7.109e-05 -1.259e-03 -1.065e+02 -1.389e+02 -1.944e+02 -3.607e+01  1.993e+02 
ERR MATRIX APPROXIMATE
 PARAMETER  CORRELATION COEFFICIENTS  
       NO.  GLOBAL      1      3      4     20     21     22     23     24
        1  0.37618   1.000 -0.139  0.006 -0.040 -0.010 -0.012 -0.007  0.011
        3  0.25955  -0.139  1.000  0.010  0.031  0.008  0.009  0.005 -0.009
        4  0.46727   0.006  0.010  1.000 -0.008  0.049  0.049  0.047 -0.049
       20  0.99381  -0.040  0.031 -0.008  1.000  0.991  0.991  0.991 -0.991
       21  0.99998  -0.010  0.008  0.049  0.991  1.000  1.000  1.000 -1.000
       22  0.99998  -0.012  0.009  0.049  0.991  1.000  1.000  1.000 -1.000
       23  0.99982  -0.007  0.005  0.047  0.991  1.000  1.000  1.000 -1.000
       24  0.99999   0.011 -0.009 -0.049 -0.991 -1.000 -1.000 -1.000  1.000
 ERR MATRIX APPROXIMATE
MINUIT - FIT ONLY 1-CBO + wiggle
 **********
 **   16 **RES 
 **********
                   PARAMETER   16  beta_vw RESTORED TO VARIABLE.
                   PARAMETER   14  alpha_vw RESTORED TO VARIABLE.
                   PARAMETER   13  beta_y RESTORED TO VARIABLE.
                   PARAMETER   11  alpha_y RESTORED TO VARIABLE.
                   PARAMETER   10  beta_2CBO RESTORED TO VARIABLE.
                   PARAMETER    9  alpha_2CBO RESTORED TO VARIABLE.
                   PARAMETER    8  beta_CBO RESTORED TO VARIABLE.
                   PARAMETER    6  alpha_CBO RESTORED TO VARIABLE.
 **********
 **   17 **FIX            8
 **********
 **********
 **   18 **FIX            9
 **********
 **********
 **   19 **FIX           11
 **********
 **********
 **   20 **FIX           12
 **********
 PARAMETER   12  IS CONSTANT.   IGNORED.
 **********
 **   21 **FIX           14
 **********
 **********
 **   22 **FIX           15
 **********
 PARAMETER   15  IS CONSTANT.   IGNORED.
 **********
 **   23 **FIX           16
 **********
 **********
 **   24 **MIGRAD
 **********
 START MIGRAD MINIMIZATION.  STRATEGY  1.  CONVERGENCE WHEN EDM .LT. 1.00e-04
 FCN=118.676 FROM MIGRAD    STATUS=INITIATE       28 CALLS        1360 TOTAL
                     EDM= unknown      STRATEGY= 1      NO ERROR MATRIX       
  EXT PARAMETER               CURRENT GUESS       STEP         FIRST   
  NO.   NAME      VALUE            ERROR          SIZE      DERIVATIVE 
   1  N0           3.18624e+06   1.40217e+03   3.42731e+01  -2.77966e-05
   2  tau          6.43968e+01   constant   
   3  A0           3.47375e-01   5.84433e-04  -2.26065e-06   3.95891e+01
   4  phi          4.12836e+00   1.80857e-03  -8.14355e-05  -3.16614e+01
   5  R           -6.01460e+01   constant   
   6  alpha_CBO    0.00000e+00   1.00000e-03   1.00000e-03  -2.04904e+04
   7  w_CBO        2.32500e+00   constant   
   8  beta_CBO     0.00000e+00     fixed    
   9  alpha_2CBO   0.00000e+00     fixed    
  10  beta_2CBO    0.00000e+00   1.00000e-03   1.00000e-03   2.45386e+03
  11  alpha_y      0.00000e+00     fixed    
  12  w_y          1.44500e+01   constant   
  13  beta_y       0.00000e+00   1.00000e-03   1.00000e-03   7.47259e+02
  14  alpha_vw     0.00000e+00     fixed    
  15  w_vw         1.29000e+01   constant   
  16  beta_vw      0.00000e+00     fixed    
  17  LM          -1.51189e-04   constant   
  18  zeta_y       0.00000e+00   constant   
  19  zeta_vw      0.00000e+00   constant   
  20  T_CBO        4.01149e+01   7.61307e+00  -4.81966e-03  -3.18261e+01
  21  alpha_A0    -8.20691e+00   9.84171e+00  -1.22173e+00   3.95971e-02
  22  beta_A0     -1.09187e+01   1.37704e+01  -1.70892e+00   4.15718e-03
  23  alpha_phi   -2.18473e+00   2.55538e+00  -3.16844e-01   8.32987e-03
  24  beta_phi     1.16668e+01   1.41169e+01   1.75259e+00  -5.33935e-02
 CALL LIMIT EXCEEDED IN MIGRAD.
 MIGRAD TERMINATED WITHOUT CONVERGENCE.
 FCN=77.4096 FROM MIGRAD    STATUS=CALL LIMIT   1918 CALLS        3250 TOTAL
                     EDM=0.0298663    STRATEGY= 1  ERROR MATRIX UNCERTAINTY  27.0 per cent
  EXT PARAMETER                APPROXIMATE        STEP         FIRST   
  NO.   NAME      VALUE            ERROR          SIZE      DERIVATIVE 
   1  N0           3.18662e+06   1.43777e+03  -6.81826e-01   2.03825e-05
   2  tau          6.43968e+01   constant   
   3  A0           3.47965e-01   5.90742e-04   8.30803e-07  -1.67649e+00
   4  phi          4.13053e+00   1.81968e-03  -8.81371e-06   9.77183e+00
   5  R           -6.01460e+01   constant   
   6  alpha_CBO    3.89439e-03   6.14604e-04   2.03303e-06   8.29001e+00
   7  w_CBO        2.32500e+00   constant   
   8  beta_CBO     0.00000e+00     fixed    
   9  alpha_2CBO   0.00000e+00     fixed    
  10  beta_2CBO   -6.87769e-04   6.22335e-04   7.18185e-06   1.15986e+01
  11  alpha_y      0.00000e+00     fixed    
  12  w_y          1.44500e+01   constant   
  13  beta_y      -1.93679e-04   5.96716e-04   8.21302e-07  -1.38551e+00
  14  alpha_vw     0.00000e+00     fixed    
  15  w_vw         1.29000e+01   constant   
  16  beta_vw      0.00000e+00     fixed    
  17  LM          -1.51189e-04   constant   
  18  zeta_y       0.00000e+00   constant   
  19  zeta_vw      0.00000e+00   constant   
  20  T_CBO        2.38008e+01   3.46059e+00  -1.09613e-03   2.16663e+01
  21  alpha_A0    -1.20881e+03   1.92392e+03  -1.02470e+02   4.20528e-05
  22  beta_A0     -2.04677e+03   3.41735e+03  -1.90316e+02  -6.42746e-05
  23  alpha_phi   -8.32329e+02   1.68144e+03  -1.04171e+02   4.24192e-05
  24  beta_phi     1.76567e+03   3.25911e+03   1.94627e+02   1.02279e-04
 EXTERNAL ERROR MATRIX.    NDIM=  25    NPAR= 11    ERR DEF=1
  2.067e+06 
 -1.093e-01  3.490e-07 
  1.901e-01  4.236e-08  3.311e-06 
  4.079e-02  5.297e-08  2.036e-07  3.777e-07 
 -1.930e-02 -1.541e-08 -2.583e-08 -1.853e-08  3.873e-07 
 -1.869e-02 -6.161e-09  1.148e-08 -5.159e-09  9.759e-09  3.561e-07 
 -3.987e+02 -8.241e-05 -2.158e-04 -1.773e-04 -3.184e-04 -1.320e-05  1.198e+01 
 -8.049e+04 -6.774e-02 -5.475e-02 -8.955e-02 -1.635e-01 -7.494e-03  6.613e+03  3.701e+06 
 -1.436e+05 -1.220e-01 -8.632e-02 -1.621e-01 -3.018e-01 -1.462e-02  1.175e+04  6.569e+06  1.168e+07 
 -6.859e+04 -6.152e-02 -2.404e-02 -8.277e-02 -1.629e-01 -8.780e-03  5.721e+03  3.193e+06  5.705e+06  2.827e+06 
  1.359e+05  1.178e-01  5.954e-02  1.581e-01  3.061e-01  1.586e-02 -1.115e+04 -6.226e+06 -1.111e+07 -5.475e+06  1.062e+07 
ERR MATRIX APPROXIMATE
 PARAMETER  CORRELATION COEFFICIENTS  
       NO.  GLOBAL      1      3      4      6     10     13     20     21     22     23     24
        1  0.45919   1.000 -0.129  0.073  0.046 -0.022 -0.022 -0.080 -0.029 -0.029 -0.028  0.029
        3  0.26192  -0.129  1.000  0.039  0.146 -0.042 -0.017 -0.040 -0.060 -0.060 -0.062  0.061
        4  0.27200   0.073  0.039  1.000  0.182 -0.023  0.011 -0.034 -0.016 -0.014 -0.008  0.010
        6  0.27595   0.046  0.146  0.182  1.000 -0.048 -0.014 -0.083 -0.076 -0.077 -0.080  0.079
       10  0.24175  -0.022 -0.042 -0.023 -0.048  1.000  0.026 -0.148 -0.137 -0.142 -0.156  0.151
       13  0.05174  -0.022 -0.017  0.011 -0.014  0.026  1.000 -0.006 -0.007 -0.007 -0.009  0.008
       20  0.99570  -0.080 -0.040 -0.034 -0.083 -0.148 -0.006  1.000  0.993  0.993  0.983 -0.989
       21  1.00000  -0.029 -0.060 -0.016 -0.076 -0.137 -0.007  0.993  1.000  0.999  0.987 -0.993
       22  1.00000  -0.029 -0.060 -0.014 -0.077 -0.142 -0.007  0.993  0.999  1.000  0.993 -0.997
       23  0.99999  -0.028 -0.062 -0.008 -0.080 -0.156 -0.009  0.983  0.987  0.993  1.000 -0.999
       24  1.00000   0.029  0.061  0.010  0.079  0.151  0.008 -0.989 -0.993 -0.997 -0.999  1.000
 ERR MATRIX APPROXIMATE
MINUIT - FIT ONLY 2-CBO
 **********
 **   25 **RES 
 **********
                   PARAMETER   16  beta_vw RESTORED TO VARIABLE.
                   PARAMETER   14  alpha_vw RESTORED TO VARIABLE.
                   PARAMETER   11  alpha_y RESTORED TO VARIABLE.
                   PARAMETER    9  alpha_2CBO RESTORED TO VARIABLE.
                   PARAMETER    8  beta_CBO RESTORED TO VARIABLE.
 **********
 **   26 **FIX            0
 **********
 PARAMETER    0  IS UNDEFINED. IGNORED.
 **********
 **   27 **FIX            1
 **********
 **********
 **   28 **FIX            2
 **********
 PARAMETER    2  IS CONSTANT.   IGNORED.
 **********
 **   29 **FIX            3
 **********
 **********
 **   30 **FIX            4
 **********
 **********
 **   31 **FIX            5
 **********
 PARAMETER    5  IS CONSTANT.   IGNORED.
 **********
 **   32 **FIX            6
 **********
 **********
 **   33 **FIX            7
 **********
 PARAMETER    7  IS CONSTANT.   IGNORED.
 **********
 **   34 **FIX           10
 **********
 **********
 **   35 **FIX           11
 **********
 **********
 **   36 **FIX           12
 **********
 PARAMETER   12  IS CONSTANT.   IGNORED.
 **********
 **   37 **FIX           13
 **********
 **********
 **   38 **FIX           14
 **********
 **********
 **   39 **FIX           15
 **********
 PARAMETER   15  IS CONSTANT.   IGNORED.
 **********
 **   40 **FIX           16
 **********
 **********
 **   41 **MIGRAD
 **********
 START MIGRAD MINIMIZATION.  STRATEGY  1.  CONVERGENCE WHEN EDM .LT. 1.00e-04
 FCN=77.4096 FROM MIGRAD    STATUS=INITIATE       18 CALLS        3268 TOTAL
                     EDM= unknown      STRATEGY= 1      NO ERROR MATRIX       
  EXT PARAMETER               CURRENT GUESS       STEP         FIRST   
  NO.   NAME      VALUE            ERROR          SIZE      DERIVATIVE 
   1  N0           3.18662e+06     fixed    
   2  tau          6.43968e+01   constant   
   3  A0           3.47965e-01     fixed    
   4  phi          4.13053e+00     fixed    
   5  R           -6.01460e+01   constant   
   6  alpha_CBO    3.89439e-03     fixed    
   7  w_CBO        2.32500e+00   constant   
   8  beta_CBO     0.00000e+00   1.00000e-03   1.00000e-03  -1.03745e+04
   9  alpha_2CBO   0.00000e+00   1.00000e-03   1.00000e-03  -4.90091e+03
  10  beta_2CBO   -6.87769e-04     fixed    
  11  alpha_y      0.00000e+00     fixed    
  12  w_y          1.44500e+01   constant   
  13  beta_y      -1.93679e-04     fixed    
  14  alpha_vw     0.00000e+00     fixed    
  15  w_vw         1.29000e+01   constant   
  16  beta_vw      0.00000e+00     fixed    
  17  LM          -1.51189e-04   constant   
  18  zeta_y       0.00000e+00   constant   
  19  zeta_vw      0.00000e+00   constant   
  20  T_CBO        2.38008e+01   3.46059e+00  -1.09613e-03   2.16662e+01
  21  alpha_A0    -1.20881e+03   1.92392e+03  -1.02470e+02   4.20528e-05
  22  beta_A0     -2.04677e+03   3.41735e+03  -1.90316e+02  -6.42746e-05
  23  alpha_phi   -8.32329e+02   1.68144e+03  -1.04171e+02   4.24192e-05
  24  beta_phi     1.76567e+03   3.25911e+03   1.94627e+02   1.02279e-04
 CALL LIMIT EXCEEDED IN MIGRAD.
 MIGRAD TERMINATED WITHOUT CONVERGENCE.
 FCN=64.6183 FROM MIGRAD    STATUS=CALL LIMIT   1154 CALLS        4404 TOTAL
                     EDM=0.000402058    STRATEGY= 1  ERROR MATRIX UNCERTAINTY  54.5 per cent
  EXT PARAMETER                APPROXIMATE        STEP         FIRST   
  NO.   NAME      VALUE            ERROR          SIZE      DERIVATIVE 
   1  N0           3.18662e+06     fixed    
   2  tau          6.43968e+01   constant   
   3  A0           3.47965e-01     fixed    
   4  phi          4.13053e+00     fixed    
   5  R           -6.01460e+01   constant   
   6  alpha_CBO    3.89439e-03     fixed    
   7  w_CBO        2.32500e+00   constant   
   8  beta_CBO     1.96424e-03   6.00997e-04  -3.31466e-07   1.16680e+01
   9  alpha_2CBO   1.00459e-03   5.94772e-04  -4.70589e-07   1.51560e+01
  10  beta_2CBO   -6.87769e-04     fixed    
  11  alpha_y      0.00000e+00     fixed    
  12  w_y          1.44500e+01   constant   
  13  beta_y      -1.93679e-04     fixed    
  14  alpha_vw     0.00000e+00     fixed    
  15  w_vw         1.29000e+01   constant   
  16  beta_vw      0.00000e+00     fixed    
  17  LM          -1.51189e-04   constant   
  18  zeta_y       0.00000e+00   constant   
  19  zeta_vw      0.00000e+00   constant   
  20  T_CBO        1.78593e+01   3.72296e+00  -1.67439e-04  -5.82004e+00
  21  alpha_A0    -6.98886e+04   2.35818e+05  -1.36976e+03  -6.70915e-07
  22  beta_A0     -1.40665e+05   4.45571e+05  -2.60616e+03   2.20295e-06
  23  alpha_phi   -5.26802e+04   1.88029e+05  -1.08582e+03  -9.84366e-07
  24  beta_phi     1.07265e+05   3.64994e+05   2.11754e+03   1.25885e-06
 EXTERNAL ERROR MATRIX.    NDIM=  25    NPAR=  7    ERR DEF=1
  3.612e-07  1.934e-08  3.455e-06  5.414e-01  5.602e-01  5.644e-01 -9.187e-01 
  1.934e-08  3.538e-07  1.068e-04  6.241e+00  1.102e+01  5.145e+00 -9.615e+00 
  3.455e-06  1.068e-04  1.386e+01  8.770e+05  1.658e+06  6.987e+05 -1.357e+06 
  5.414e-01  6.241e+00  8.770e+05  5.561e+10  1.050e+11  4.433e+10 -8.607e+10 
  5.602e-01  1.102e+01  1.658e+06  1.050e+11  1.985e+11  8.370e+10 -1.626e+11 
  5.644e-01  5.145e+00  6.987e+05  4.433e+10  8.370e+10  3.535e+10 -6.862e+10 
 -9.187e-01 -9.615e+00 -1.357e+06 -8.607e+10 -1.626e+11 -6.862e+10  1.332e+11 
ERR MATRIX APPROXIMATE
 PARAMETER  CORRELATION COEFFICIENTS  
       NO.  GLOBAL      8      9     20     21     22     23     24
        8  0.10572   1.000  0.054  0.002  0.004  0.002  0.005 -0.004
        9  0.29473   0.054  1.000  0.048  0.044  0.042  0.046 -0.044
       20  0.99945   0.002  0.048  1.000  0.999  0.999  0.998 -0.999
       21  0.99999   0.004  0.044  0.999  1.000  1.000  1.000 -1.000
       22  0.99998   0.002  0.042  0.999  1.000  1.000  0.999 -1.000
       23  0.99999   0.005  0.046  0.998  1.000  0.999  1.000 -1.000
       24  1.00000  -0.004 -0.044 -0.999 -1.000 -1.000 -1.000  1.000
 ERR MATRIX APPROXIMATE
MINUIT - FIT wiggle + 1-CBO + 2-CBO
 **********
 **   42 **RES 
 **********
                   PARAMETER   16  beta_vw RESTORED TO VARIABLE.
                   PARAMETER   14  alpha_vw RESTORED TO VARIABLE.
                   PARAMETER   13  beta_y RESTORED TO VARIABLE.
                   PARAMETER   11  alpha_y RESTORED TO VARIABLE.
                   PARAMETER   10  beta_2CBO RESTORED TO VARIABLE.
                   PARAMETER    6  alpha_CBO RESTORED TO VARIABLE.
                   PARAMETER    4  phi RESTORED TO VARIABLE.
                   PARAMETER    3  A0 RESTORED TO VARIABLE.
                   PARAMETER    1  N0 RESTORED TO VARIABLE.
 **********
 **   43 **FIX           10
 **********
 **********
 **   44 **FIX           11
 **********
 **********
 **   45 **FIX           12
 **********
 PARAMETER   12  IS CONSTANT.   IGNORED.
 **********
 **   46 **FIX           13
 **********
 **********
 **   47 **FIX           14
 **********
 **********
 **   48 **FIX           15
 **********
 PARAMETER   15  IS CONSTANT.   IGNORED.
 **********
 **   49 **FIX           16
 **********
 **********
 **   50 **MIGRAD
 **********
 START MIGRAD MINIMIZATION.  STRATEGY  1.  CONVERGENCE WHEN EDM .LT. 1.00e-04
 FCN=64.6183 FROM MIGRAD    STATUS=INITIATE       22 CALLS        4426 TOTAL
                     EDM= unknown      STRATEGY= 1      NO ERROR MATRIX       
  EXT PARAMETER               CURRENT GUESS       STEP         FIRST   
  NO.   NAME      VALUE            ERROR          SIZE      DERIVATIVE 
   1  N0           3.18662e+06   1.43777e+03   1.43777e+03   4.70382e-04
   2  tau          6.43968e+01   constant   
   3  A0           3.47965e-01   5.90742e-04   5.90742e-04   1.55548e+03
   4  phi          4.13053e+00   1.81968e-03   1.81968e-03  -6.57576e+02
   5  R           -6.01460e+01   constant   
   6  alpha_CBO    3.89439e-03   6.14604e-04   6.14604e-04   3.64216e+02
   7  w_CBO        2.32500e+00   constant   
   8  beta_CBO     1.96424e-03   6.00997e-04  -3.31466e-07   1.16680e+01
   9  alpha_2CBO   1.00459e-03   5.94772e-04  -4.70589e-07   1.51560e+01
  10  beta_2CBO   -6.87769e-04     fixed    
  11  alpha_y      0.00000e+00     fixed    
  12  w_y          1.44500e+01   constant   
  13  beta_y      -1.93679e-04     fixed    
  14  alpha_vw     0.00000e+00     fixed    
  15  w_vw         1.29000e+01   constant   
  16  beta_vw      0.00000e+00     fixed    
  17  LM          -1.51189e-04   constant   
  18  zeta_y       0.00000e+00   constant   
  19  zeta_vw      0.00000e+00   constant   
  20  T_CBO        1.78593e+01   3.72296e+00  -1.67439e-04  -5.82004e+00
  21  alpha_A0    -6.98886e+04   2.35818e+05  -1.36976e+03  -6.70915e-07
  22  beta_A0     -1.40665e+05   4.45571e+05  -2.60616e+03   2.20295e-06
  23  alpha_phi   -5.26802e+04   1.88029e+05  -1.08582e+03  -9.84366e-07
  24  beta_phi     1.07265e+05   3.64994e+05   2.11754e+03   1.25885e-06
 MIGRAD MINIMIZATION HAS CONVERGED.
 MIGRAD WILL VERIFY CONVERGENCE AND ERROR MATRIX.
 FCN=63.9696 FROM HESSE     STATUS=NOT POSDEF    100 CALLS        4645 TOTAL
                     EDM=0.00111284    STRATEGY= 1      ERR MATRIX NOT POS-DEF
  EXT PARAMETER                APPROXIMATE        STEP         FIRST   
  NO.   NAME      VALUE            ERROR          SIZE      DERIVATIVE 
   1  N0           3.18627e+06   1.44933e+03   5.15935e+00  -2.41565e-07
   2  tau          6.43968e+01   constant   
   3  A0           3.47707e-01   6.08590e-04   2.25192e-06   1.09297e+00
   4  phi          4.13160e+00   1.87227e-03   6.95449e-06   1.53946e-01
   5  R           -6.01460e+01   constant   
   6  alpha_CBO    3.84031e-03   6.14489e-04   2.32592e-06  -2.98970e-01
   7  w_CBO        2.32500e+00   constant   
   8  beta_CBO     2.07870e-03   6.23561e-04   2.37670e-06  -6.23176e-01
   9  alpha_2CBO   1.03783e-03   6.12347e-04   2.34221e-06   3.09685e-01
  10  beta_2CBO   -6.87769e-04     fixed    
  11  alpha_y      0.00000e+00     fixed    
  12  w_y          1.44500e+01   constant   
  13  beta_y      -1.93679e-04     fixed    
  14  alpha_vw     0.00000e+00     fixed    
  15  w_vw         1.29000e+01   constant   
  16  beta_vw      0.00000e+00     fixed    
  17  LM          -1.51189e-04   constant   
  18  zeta_y       0.00000e+00   constant   
  19  zeta_vw      0.00000e+00   constant   
  20  T_CBO        1.78526e+01   3.87456e+00   7.65695e-06   3.48940e-01
  21  alpha_A0    -6.93534e+04   2.56940e+05   2.26133e+01   3.93465e-08
  22  beta_A0     -1.45004e+05   5.26961e+05   2.26363e+01   4.53573e-08
  23  alpha_phi   -4.79760e+04   1.79530e+05   2.26020e+01   2.95715e-08
  24  beta_phi     1.04190e+05   3.80510e+05   2.26019e+01  -4.62736e-08
 CALL LIMIT EXCEEDED IN MIGRAD.
 MIGRAD TERMINATED WITHOUT CONVERGENCE.
 FCN=63.9198 FROM MIGRAD    STATUS=CALL LIMIT   1923 CALLS        6327 TOTAL
                     EDM=0.000474585    STRATEGY= 1      ERR MATRIX NOT POS-DEF
  EXT PARAMETER                APPROXIMATE        STEP         FIRST   
  NO.   NAME      VALUE            ERROR          SIZE      DERIVATIVE 
   1  N0           3.18625e+06   1.46153e+03   5.28827e+00  -2.39597e-06
   2  tau          6.43968e+01   constant   
   3  A0           3.47682e-01   6.00332e-04  -1.86449e-06   1.69045e-02
   4  phi          4.13147e+00   1.87787e-03  -1.52841e-06  -2.19846e+00
   5  R           -6.01460e+01   constant   
   6  alpha_CBO    3.82666e-03   6.15243e-04   7.57257e-07   4.66938e+00
   7  w_CBO        2.32500e+00   constant   
   8  beta_CBO     2.07657e-03   6.24476e-04   9.38169e-07   2.34060e+00
   9  alpha_2CBO   1.03611e-03   6.27935e-04  -1.39759e-06  -6.98928e+00
  10  beta_2CBO   -6.87769e-04     fixed    
  11  alpha_y      0.00000e+00     fixed    
  12  w_y          1.44500e+01   constant   
  13  beta_y      -1.93679e-04     fixed    
  14  alpha_vw     0.00000e+00     fixed    
  15  w_vw         1.29000e+01   constant   
  16  beta_vw      0.00000e+00     fixed    
  17  LM          -1.51189e-04   constant   
  18  zeta_y       0.00000e+00   constant   
  19  zeta_vw      0.00000e+00   constant   
  20  T_CBO        1.47307e+01   3.77241e+00  -5.19306e-04  -1.57967e+01
  21  alpha_A0    -2.43199e+06   1.17762e+07  -1.88442e+05   1.82265e-08
  22  beta_A0     -4.99504e+06   2.44716e+07  -3.95297e+05   3.08263e-09
  23  alpha_phi   -1.64304e+06   7.85353e+06  -1.24638e+05   1.65051e-08
  24  beta_phi     3.61220e+06   1.76363e+07   2.84422e+05  -5.06656e-09
 EXTERNAL ERROR MATRIX.    NDIM=  25    NPAR= 11    ERR DEF=1
  2.136e+06 
 -1.150e-01  3.604e-07 
  2.178e-01  2.103e-08  3.526e-06 
  5.648e-02  5.336e-08  2.060e-07  3.785e-07 
 -3.386e-02 -4.678e-08  2.041e-07 -7.547e-09  3.900e-07 
 -3.625e-02  1.689e-09  9.313e-08 -2.778e-09  2.266e-08  3.943e-07 
 -4.354e+02  2.506e-04  4.336e-04 -1.791e-06 -7.237e-05  6.142e-05  1.424e+01 
 -1.137e+09  7.417e+02  1.592e+03 -4.201e+01 -2.266e+02  2.922e+02  4.433e+07  1.387e+14 
 -2.326e+09  1.536e+03  3.015e+03  9.403e+00 -4.414e+02  3.112e+02  9.224e+07  2.874e+14  5.989e+14 
 -7.625e+08  4.873e+02  1.107e+03 -5.211e+01 -1.566e+02  2.487e+02  2.946e+07  9.239e+13  1.909e+14  6.168e+13 
  1.687e+09 -1.111e+03 -2.237e+03  8.627e+00  3.199e+02 -2.730e+02 -6.649e+07 -2.074e+14 -4.315e+14 -1.378e+14  3.110e+14 
ERR MATRIX NOT POS-DEF
 PARAMETER  CORRELATION COEFFICIENTS  
       NO.  GLOBAL      1      3      4      6      8      9     20     21     22     23     24
        1  0.36773   1.000 -0.131  0.079  0.063 -0.037 -0.040 -0.079 -0.066 -0.065 -0.066  0.065
        3  0.33861  -0.131  1.000  0.019  0.144 -0.125  0.004  0.111  0.105  0.105  0.103 -0.105
        4  0.34798   0.079  0.019  1.000  0.178  0.174  0.079  0.061  0.072  0.066  0.075 -0.068
        6  0.28513   0.063  0.144  0.178  1.000 -0.020 -0.007 -0.001 -0.006  0.001 -0.011  0.001
        8  0.25917  -0.037 -0.125  0.174 -0.020  1.000  0.058 -0.031 -0.031 -0.029 -0.032  0.029
        9  0.28867  -0.040  0.004  0.079 -0.007  0.058  1.000  0.026  0.040  0.020  0.050 -0.025
       20  0.99930  -0.079  0.111  0.061 -0.001 -0.031  0.026  1.000  0.998  0.999  0.994 -0.999
       21  0.99999  -0.066  0.105  0.072 -0.006 -0.031  0.040  0.998  1.000  0.997  0.999 -0.998
       22  0.99999  -0.065  0.105  0.066  0.001 -0.029  0.020  0.999  0.997  1.000  0.993 -1.000
       23  0.99997  -0.066  0.103  0.075 -0.011 -0.032  0.050  0.994  0.999  0.993  1.000 -0.995
       24  1.00000   0.065 -0.105 -0.068  0.001  0.029 -0.025 -0.999 -0.998 -1.000 -0.995  1.000
 ERR MATRIX NOT POS-DEF
MINUIT - FIT ONLY 1-y
 **********
 **   51 **RES 
 **********
                   PARAMETER   16  beta_vw RESTORED TO VARIABLE.
                   PARAMETER   14  alpha_vw RESTORED TO VARIABLE.
                   PARAMETER   13  beta_y RESTORED TO VARIABLE.
                   PARAMETER   11  alpha_y RESTORED TO VARIABLE.
                   PARAMETER   10  beta_2CBO RESTORED TO VARIABLE.
 **********
 **   52 **FIX            0
 **********
 PARAMETER    0  IS UNDEFINED. IGNORED.
 **********
 **   53 **FIX            1
 **********
 **********
 **   54 **FIX            2
 **********
 PARAMETER    2  IS CONSTANT.   IGNORED.
 **********
 **   55 **FIX            3
 **********
 **********
 **   56 **FIX            4
 **********
 **********
 **   57 **FIX            5
 **********
 PARAMETER    5  IS CONSTANT.   IGNORED.
 **********
 **   58 **FIX            6
 **********
 **********
 **   59 **FIX            7
 **********
 PARAMETER    7  IS CONSTANT.   IGNORED.
 **********
 **   60 **FIX            8
 **********
 **********
 **   61 **FIX            9
 **********
 **********
 **   62 **FIX           13
 **********
 **********
 **   63 **FIX           14
 **********
 **********
 **   64 **FIX           15
 **********
 PARAMETER   15  IS CONSTANT.   IGNORED.
 **********
 **   65 **FIX           16
 **********
 **********
 **   66 **MIGRAD
 **********
 START MIGRAD MINIMIZATION.  STRATEGY  1.  CONVERGENCE WHEN EDM .LT. 1.00e-04
 FCN=63.9198 FROM MIGRAD    STATUS=INITIATE       16 CALLS        6343 TOTAL
                     EDM= unknown      STRATEGY= 1      NO ERROR MATRIX       
  EXT PARAMETER               CURRENT GUESS       STEP         FIRST   
  NO.   NAME      VALUE            ERROR          SIZE      DERIVATIVE 
   1  N0           3.18625e+06     fixed    
   2  tau          6.43968e+01   constant   
   3  A0           3.47682e-01     fixed    
   4  phi          4.13147e+00     fixed    
   5  R           -6.01460e+01   constant   
   6  alpha_CBO    3.82666e-03     fixed    
   7  w_CBO        2.32500e+00   constant   
   8  beta_CBO     2.07657e-03     fixed    
   9  alpha_2CBO   1.03611e-03     fixed    
  10  beta_2CBO   -6.87769e-04   6.22335e-04   6.22335e-04  -8.11142e+02
  11  alpha_y      0.00000e+00   1.00000e-03   1.00000e-03   5.12800e+03
  12  w_y          1.44500e+01   constant   
  13  beta_y      -1.93679e-04     fixed    
  14  alpha_vw     0.00000e+00     fixed    
  15  w_vw         1.29000e+01   constant   
  16  beta_vw      0.00000e+00     fixed    
  17  LM          -1.51189e-04   constant   
  18  zeta_y       0.00000e+00   constant   
  19  zeta_vw      0.00000e+00   constant   
  20  T_CBO        1.47307e+01   3.77241e+00  -5.19306e-04  -1.57967e+01
  21  alpha_A0    -2.43199e+06   1.17762e+07  -1.88442e+05   1.82255e-08
  22  beta_A0     -4.99504e+06   2.44716e+07  -3.95297e+05   3.08194e-09
  23  alpha_phi   -1.64304e+06   7.85353e+06  -1.24638e+05   1.65051e-08
  24  beta_phi     3.61220e+06   1.76363e+07   2.84422e+05  -5.06657e-09
 MIGRAD MINIMIZATION HAS CONVERGED.
 MIGRAD WILL VERIFY CONVERGENCE AND ERROR MATRIX.
 FCN=61.5321 FROM HESSE     STATUS=NOT POSDEF     50 CALLS        6455 TOTAL
                     EDM=0.000346997    STRATEGY= 1      ERR MATRIX NOT POS-DEF
  EXT PARAMETER                APPROXIMATE        STEP         FIRST   
  NO.   NAME      VALUE            ERROR          SIZE      DERIVATIVE 
   1  N0           3.18625e+06     fixed    
   2  tau          6.43968e+01   constant   
   3  A0           3.47682e-01     fixed    
   4  phi          4.13147e+00     fixed    
   5  R           -6.01460e+01   constant   
   6  alpha_CBO    3.82666e-03     fixed    
   7  w_CBO        2.32500e+00   constant   
   8  beta_CBO     2.07657e-03     fixed    
   9  alpha_2CBO   1.03611e-03     fixed    
  10  beta_2CBO   -5.35516e-04   6.16312e-04   2.31503e-06   3.96007e-01
  11  alpha_y     -9.07000e-04   5.94177e-04   2.29636e-06   2.24626e-01
  12  w_y          1.44500e+01   constant   
  13  beta_y      -1.93679e-04     fixed    
  14  alpha_vw     0.00000e+00     fixed    
  15  w_vw         1.29000e+01   constant   
  16  beta_vw      0.00000e+00     fixed    
  17  LM          -1.51189e-04   constant   
  18  zeta_y       0.00000e+00   constant   
  19  zeta_vw      0.00000e+00   constant   
  20  T_CBO        1.47300e+01   2.76115e+00   5.63010e-06   6.57804e-01
  21  alpha_A0    -2.41101e+06   1.05395e+07   2.23663e+01  -2.08718e-10
  22  beta_A0     -4.92066e+06   1.81390e+07   2.23663e+01   8.71640e-10
  23  alpha_phi   -1.70568e+06   6.73304e+06   2.23663e+01   5.40754e-10
  24  beta_phi     3.68689e+06   1.39030e+07   2.23663e+01  -3.61829e-10
 MIGRAD MINIMIZATION HAS CONVERGED.
 MIGRAD WILL VERIFY CONVERGENCE AND ERROR MATRIX.
 MIGRAD TERMINATED WITHOUT CONVERGENCE.
 FCN=61.5179 FROM MIGRAD    STATUS=FAILED       1185 CALLS        7512 TOTAL
                     EDM=0.000394269    STRATEGY= 1      ERR MATRIX NOT POS-DEF
  EXT PARAMETER                APPROXIMATE        STEP         FIRST   
  NO.   NAME      VALUE            ERROR          SIZE      DERIVATIVE 
   1  N0           3.18625e+06     fixed    
   2  tau          6.43968e+01   constant   
   3  A0           3.47682e-01     fixed    
   4  phi          4.13147e+00     fixed    
   5  R           -6.01460e+01   constant   
   6  alpha_CBO    3.82666e-03     fixed    
   7  w_CBO        2.32500e+00   constant   
   8  beta_CBO     2.07657e-03     fixed    
   9  alpha_2CBO   1.03611e-03     fixed    
  10  beta_2CBO   -5.38397e-04   7.03615e-04   2.31475e-06   1.16668e-01
  11  alpha_y     -9.07337e-04   5.33310e-04   2.29609e-06  -7.79806e-01
  12  w_y          1.44500e+01   constant   
  13  beta_y      -1.93679e-04     fixed    
  14  alpha_vw     0.00000e+00     fixed    
  15  w_vw         1.29000e+01   constant   
  16  beta_vw      0.00000e+00     fixed    
  17  LM          -1.51189e-04   constant   
  18  zeta_y       0.00000e+00   constant   
  19  zeta_vw      0.00000e+00   constant   
  20  T_CBO        1.32182e+01   9.25524e-01   4.79364e-06  -2.89804e+00
  21  alpha_A0    -2.46695e+07   1.19738e+08   2.23639e+01   7.95729e-11
  22  beta_A0     -4.99519e+07   9.25783e+07   2.38189e+01  -6.39129e-10
  23  alpha_phi   -1.72917e+07   3.40685e+07   2.23639e+01   5.04417e-10
  24  beta_phi     3.71586e+07   3.75563e+07   2.23639e+01  -1.03674e-09
 EXTERNAL ERROR MATRIX.    NDIM=  25    NPAR=  7    ERR DEF=1
  4.951e-07 -3.494e-09  4.002e-04  5.349e+04  4.128e+04  1.320e+04 -1.393e+04 
 -3.494e-09  2.844e-07 -7.459e-06 -1.049e+03 -8.155e+02 -2.590e+02  2.106e+02 
  4.002e-04 -7.459e-06  8.566e-01  1.093e+08  8.459e+07  2.857e+07 -3.191e+07 
  5.349e+04 -1.049e+03  1.093e+08  1.434e+16  1.106e+16  3.709e+15 -4.018e+15 
  4.128e+04 -8.155e+02  8.459e+07  1.106e+16  8.571e+15  2.867e+15 -3.116e+15 
  1.320e+04 -2.590e+02  2.857e+07  3.709e+15  2.867e+15  1.161e+15 -1.040e+15 
 -1.393e+04  2.106e+02 -3.191e+07 -4.018e+15 -3.116e+15 -1.040e+15  1.410e+15 
ERR MATRIX NOT POS-DEF
 PARAMETER  CORRELATION COEFFICIENTS  
       NO.  GLOBAL     10     11     20     21     22     23     24
       10  0.64525   1.000 -0.009  0.615  0.635  0.634  0.551 -0.527
       11  0.01971  -0.009  1.000 -0.015 -0.016 -0.017 -0.014  0.011
       20  0.99054   0.615 -0.015  1.000  0.987  0.987  0.906 -0.918
       21  0.99802   0.635 -0.016  0.987  1.000  0.998  0.909 -0.894
       22  0.99811   0.634 -0.017  0.987  0.998  1.000  0.909 -0.896
       23  0.91209   0.551 -0.014  0.906  0.909  0.909  1.000 -0.813
       24  0.92213  -0.527  0.011 -0.918 -0.894 -0.896 -0.813  1.000
 ERR MATRIX NOT POS-DEF
MINUIT - FIT ONLY 2-y
 **********
 **   67 **RES 
 **********
                   PARAMETER   16  beta_vw RESTORED TO VARIABLE.
                   PARAMETER   14  alpha_vw RESTORED TO VARIABLE.
                   PARAMETER   13  beta_y RESTORED TO VARIABLE.
                   PARAMETER    9  alpha_2CBO RESTORED TO VARIABLE.
                   PARAMETER    8  beta_CBO RESTORED TO VARIABLE.
                   PARAMETER    6  alpha_CBO RESTORED TO VARIABLE.
                   PARAMETER    4  phi RESTORED TO VARIABLE.
                   PARAMETER    3  A0 RESTORED TO VARIABLE.
                   PARAMETER    1  N0 RESTORED TO VARIABLE.
 **********
 **   68 **FIX            0
 **********
 PARAMETER    0  IS UNDEFINED. IGNORED.
 **********
 **   69 **FIX            1
 **********
 **********
 **   70 **FIX            2
 **********
 PARAMETER    2  IS CONSTANT.   IGNORED.
 **********
 **   71 **FIX            3
 **********
 **********
 **   72 **FIX            4
 **********
 **********
 **   73 **FIX            5
 **********
 PARAMETER    5  IS CONSTANT.   IGNORED.
 **********
 **   74 **FIX            6
 **********
 **********
 **   75 **FIX            7
 **********
 PARAMETER    7  IS CONSTANT.   IGNORED.
 **********
 **   76 **FIX            8
 **********
 **********
 **   77 **FIX            9
 **********
 **********
 **   78 **FIX           10
 **********
 **********
 **   79 **FIX           11
 **********
 **********
 **   80 **FIX           12
 **********
 PARAMETER   12  IS CONSTANT.   IGNORED.
 **********
 **   81 **FIX           16
 **********
 **********
 **   82 **MIGRAD
 **********
 START MIGRAD MINIMIZATION.  STRATEGY  1.  CONVERGENCE WHEN EDM .LT. 1.00e-04
 FCN=61.5179 FROM MIGRAD    STATUS=INITIATE       16 CALLS        7528 TOTAL
                     EDM= unknown      STRATEGY= 1      NO ERROR MATRIX       
  EXT PARAMETER               CURRENT GUESS       STEP         FIRST   
  NO.   NAME      VALUE            ERROR          SIZE      DERIVATIVE 
   1  N0           3.18625e+06     fixed    
   2  tau          6.43968e+01   constant   
   3  A0           3.47682e-01     fixed    
   4  phi          4.13147e+00     fixed    
   5  R           -6.01460e+01   constant   
   6  alpha_CBO    3.82666e-03     fixed    
   7  w_CBO        2.32500e+00   constant   
   8  beta_CBO     2.07657e-03     fixed    
   9  alpha_2CBO   1.03611e-03     fixed    
  10  beta_2CBO   -5.38397e-04     fixed    
  11  alpha_y     -9.07337e-04     fixed    
  12  w_y          1.44500e+01   constant   
  13  beta_y      -1.93679e-04   5.96716e-04   5.96716e-04  -3.29653e+02
