 + ++++++++++++++++++++++++++++++++++++++++++++++++++++++++++++++++++++ +
 +                                                                      +
 +           You have chose to blind your fitting according to          +
 +                omega_ref * (1 + (R +/- deltaR) *10^{-6})             +
 +                                                                      +
 + ++++++++++++++++++++++++++++++++++++++++++++++++++++++++++++++++++++ +
In main()...
reading format from /gm2data/zkhechad/run45/envelope/formats/formatB_sBin_constraintOn.txt
pBinTau 	= 0  
pBinPhi 	= 0  
constraintau 	= 1 
includeMopTerm 	= 0    
constrainMop    = 0   
Parameters after format file: pBinTau 0 pBinPhi 0 constraintau 1 includeMopTerm 0 constrainMop 0 c_e_scale 0.000000 
Opening file /gm2data/tbarrett/gm2fr/studies/run23_bunch_corrections/CorrectedFourier_Run3b.root.
reading full fit data from /gm2data/zkhechad/cboTemplates/Run4CBOTemplates/templateFits0_v2.0/noRF/sBin_constraintOn_cE0.0_seed0_noRF_calo19.root
windowBins = 17
fitting sliding window 162 from bin 298 at 44.312400 to bin 315 at 46.998000 (17 bins)

Reading data from /gm2data/cornell/histograms/aMethod/histogram_a_noRF.root
 **********
 **    1 **SET PRINTOUT            1
 **********
 **********
 **    2 **SET NOWARNINGS 
 **********
 PARAMETER DEFINITIONS:
    NO.   NAME         VALUE      STEP SIZE      LIMITS
     1 N0           3.18982e+06  1.00000e+02     no limits
     2 tau          6.43968e+01  constant
     3 A0           3.47817e-01  1.00000e-04     no limits
     4 phi          4.13212e+00  1.00000e-02     no limits
     5 R           -6.01460e+01  constant
     6 alpha_CBO    0.00000e+00  1.00000e-03     no limits
     7 w_CBO        2.32500e+00  constant
     8 beta_CBO     0.00000e+00  1.00000e-03     no limits
     9 alpha_2CBO   0.00000e+00  1.00000e-03     no limits
    10 beta_2CBO    0.00000e+00  1.00000e-03     no limits
    11 alpha_y      0.00000e+00  1.00000e-03     no limits
    12 w_y          1.44500e+01  constant
    13 beta_y       0.00000e+00  1.00000e-03     no limits
    14 alpha_vw     0.00000e+00  1.00000e-03     no limits
    15 w_vw         1.29000e+01  constant
    16 beta_vw      0.00000e+00  1.00000e-03     no limits
    17 LM          -1.51189e-04  constant
    18 zeta_y       0.00000e+00  constant
    19 zeta_vw      0.00000e+00  constant
    20 T_CBO        1.00000e+02  1.00000e+00    0.00000e+00  1.00000e+03
    21 alpha_A0     0.00000e+00  1.00000e-03     no limits
    22 beta_A0      0.00000e+00  1.00000e-03     no limits
    23 alpha_phi    0.00000e+00  1.00000e-03     no limits
    24 beta_phi     0.00000e+00  1.00000e-03     no limits
MINUIT - FIT ONLY WIGGLE
 **********
 **    3 **FIX            5
 **********
 PARAMETER    5  IS CONSTANT.   IGNORED.
 **********
 **    4 **FIX            6
 **********
 **********
 **    5 **FIX            7
 **********
 PARAMETER    7  IS CONSTANT.   IGNORED.
 **********
 **    6 **FIX            8
 **********
 **********
 **    7 **FIX            9
 **********
 **********
 **    8 **FIX           10
 **********
 **********
 **    9 **FIX           11
 **********
 **********
 **   10 **FIX           12
 **********
 PARAMETER   12  IS CONSTANT.   IGNORED.
 **********
 **   11 **FIX           13
 **********
 **********
 **   12 **FIX           14
 **********
 **********
 **   13 **FIX           15
 **********
 PARAMETER   15  IS CONSTANT.   IGNORED.
 **********
 **   14 **FIX           16
 **********
 **********
 **   15 **MIGRAD
 **********
 FIRST CALL TO USER FUNCTION AT NEW START POINT, WITH IFLAG=4.
 START MIGRAD MINIMIZATION.  STRATEGY  1.  CONVERGENCE WHEN EDM .LT. 1.00e-04
 FCN=4452.49 FROM MIGRAD    STATUS=INITIATE      429 CALLS         430 TOTAL
                     EDM= unknown      STRATEGY= 1      NO ERROR MATRIX       
  EXT PARAMETER               CURRENT GUESS       STEP         FIRST   
  NO.   NAME      VALUE            ERROR          SIZE      DERIVATIVE 
   1  N0           3.18982e+06   1.00000e+02   0.00000e+00  -3.60342e-02
   2  tau          6.43968e+01   constant   
   3  A0           3.47817e-01   1.00000e-04   0.00000e+00  -7.71455e+05
   4  phi          4.13212e+00   1.00000e-02   0.00000e+00  -8.21443e+04
   5  R           -6.01460e+01   constant   
   6  alpha_CBO    0.00000e+00     fixed    
   7  w_CBO        2.32500e+00   constant   
   8  beta_CBO     0.00000e+00     fixed    
   9  alpha_2CBO   0.00000e+00     fixed    
  10  beta_2CBO    0.00000e+00     fixed    
  11  alpha_y      0.00000e+00     fixed    
  12  w_y          1.44500e+01   constant   
  13  beta_y       0.00000e+00     fixed    
  14  alpha_vw     0.00000e+00     fixed    
  15  w_vw         1.29000e+01   constant   
  16  beta_vw      0.00000e+00     fixed    
  17  LM          -1.51189e-04   constant   
  18  zeta_y       0.00000e+00   constant   
  19  zeta_vw      0.00000e+00   constant   
  20  T_CBO        1.00000e+02   1.00000e+00   0.00000e+00   0.00000e+00
  21  alpha_A0     0.00000e+00   1.00000e-03   0.00000e+00   6.93299e+04
  22  beta_A0      0.00000e+00   1.00000e-03   0.00000e+00   5.60295e+04
  23  alpha_phi    0.00000e+00   1.00000e-03   0.00000e+00   3.15853e+04
  24  beta_phi     0.00000e+00   1.00000e-03   0.00000e+00  -3.08270e+04
 CALL LIMIT EXCEEDED IN MIGRAD.
 MIGRAD TERMINATED WITHOUT CONVERGENCE.
 FCN=241.728 FROM MIGRAD    STATUS=CALL LIMIT   1337 CALLS        1338 TOTAL
                     EDM=0.0926497    STRATEGY= 1  ERROR MATRIX UNCERTAINTY  25.5 per cent
  EXT PARAMETER                APPROXIMATE        STEP         FIRST   
  NO.   NAME      VALUE            ERROR          SIZE      DERIVATIVE 
   1  N0           3.19841e+06   7.54382e+02   1.61525e+01   2.06208e-05
   2  tau          6.43968e+01   constant   
   3  A0           3.60990e-01   9.05292e-04   3.08712e-05  -8.35078e+02
   4  phi          4.13815e+00   1.14338e-03  -6.16240e-05  -4.26429e+02
   5  R           -6.01460e+01   constant   
   6  alpha_CBO    0.00000e+00     fixed    
   7  w_CBO        2.32500e+00   constant   
   8  beta_CBO     0.00000e+00     fixed    
   9  alpha_2CBO   0.00000e+00     fixed    
  10  beta_2CBO    0.00000e+00     fixed    
  11  alpha_y      0.00000e+00     fixed    
  12  w_y          1.44500e+01   constant   
  13  beta_y       0.00000e+00     fixed    
  14  alpha_vw     0.00000e+00     fixed    
  15  w_vw         1.29000e+01   constant   
  16  beta_vw      0.00000e+00     fixed    
  17  LM          -1.51189e-04   constant   
  18  zeta_y       0.00000e+00   constant   
  19  zeta_vw      0.00000e+00   constant   
  20  T_CBO        2.50079e+01   2.46093e+00  -9.91225e-04   1.34827e+01
  21  alpha_A0     9.54580e-02   3.47556e-02   2.65724e-03   2.03539e+01
  22  beta_A0     -3.80871e-02   1.77490e-03   2.05709e-04   3.17691e+00
  23  alpha_phi    5.78044e-02   1.23862e-02   9.17592e-04   4.08084e+01
  24  beta_phi    -1.13748e-01   3.77471e-02  -3.72431e-03   2.57106e+01
 EXTERNAL ERROR MATRIX.    NDIM=  25    NPAR=  8    ERR DEF=1
  5.691e+05  2.042e-01  4.222e-01 -9.463e+02  1.239e+01  2.222e-01  4.363e+00 -1.438e+01 
  2.042e-01  8.196e-07 -5.593e-07 -1.682e-03  2.905e-05 -9.773e-07  1.038e-05 -3.091e-05 
  4.222e-01 -5.593e-07  1.307e-06  3.104e-04 -1.242e-05  1.532e-06 -4.441e-06  1.166e-05 
 -9.463e+02 -1.682e-03  3.104e-04  6.057e+00 -8.056e-02  1.351e-03 -2.866e-02  8.799e-02 
  1.239e+01  2.905e-05 -1.242e-05 -8.056e-02  1.208e-03 -2.807e-05  4.296e-04 -1.306e-03 
  2.222e-01 -9.773e-07  1.532e-06  1.351e-03 -2.807e-05  3.150e-06 -9.865e-06  2.570e-05 
  4.363e+00  1.038e-05 -4.441e-06 -2.866e-02  4.296e-04 -9.865e-06  1.534e-04 -4.649e-04 
 -1.438e+01 -3.091e-05  1.166e-05  8.799e-02 -1.306e-03  2.570e-05 -4.649e-04  1.425e-03 
ERR MATRIX APPROXIMATE
 PARAMETER  CORRELATION COEFFICIENTS  
       NO.  GLOBAL      1      3      4     20     21     22     23     24
        1  0.90182   1.000  0.299  0.490 -0.510  0.473  0.166  0.467 -0.505
        3  0.99219   0.299  1.000 -0.540 -0.755  0.923 -0.608  0.926 -0.904
        4  0.94753   0.490 -0.540  1.000  0.110 -0.312  0.755 -0.314  0.270
       20  0.99325  -0.510 -0.755  0.110  1.000 -0.942  0.309 -0.940  0.947
       21  0.99901   0.473  0.923 -0.312 -0.942  1.000 -0.455  0.998 -0.995
       22  0.94449   0.166 -0.608  0.755  0.309 -0.455  1.000 -0.449  0.384
       23  0.99851   0.467  0.926 -0.314 -0.940  0.998 -0.449  1.000 -0.994
       24  0.99883  -0.505 -0.904  0.270  0.947 -0.995  0.384 -0.994  1.000
 ERR MATRIX APPROXIMATE
MINUIT - FIT ONLY 1-CBO + wiggle
 **********
 **   16 **RES 
 **********
                   PARAMETER   16  beta_vw RESTORED TO VARIABLE.
                   PARAMETER   14  alpha_vw RESTORED TO VARIABLE.
                   PARAMETER   13  beta_y RESTORED TO VARIABLE.
                   PARAMETER   11  alpha_y RESTORED TO VARIABLE.
                   PARAMETER   10  beta_2CBO RESTORED TO VARIABLE.
                   PARAMETER    9  alpha_2CBO RESTORED TO VARIABLE.
                   PARAMETER    8  beta_CBO RESTORED TO VARIABLE.
                   PARAMETER    6  alpha_CBO RESTORED TO VARIABLE.
 **********
 **   17 **FIX            8
 **********
 **********
 **   18 **FIX            9
 **********
 **********
 **   19 **FIX           11
 **********
 **********
 **   20 **FIX           12
 **********
 PARAMETER   12  IS CONSTANT.   IGNORED.
 **********
 **   21 **FIX           14
 **********
 **********
 **   22 **FIX           15
 **********
 PARAMETER   15  IS CONSTANT.   IGNORED.
 **********
 **   23 **FIX           16
 **********
 **********
 **   24 **MIGRAD
 **********
 START MIGRAD MINIMIZATION.  STRATEGY  1.  CONVERGENCE WHEN EDM .LT. 1.00e-04
 FCN=241.728 FROM MIGRAD    STATUS=INITIATE       28 CALLS        1366 TOTAL
                     EDM= unknown      STRATEGY= 1      NO ERROR MATRIX       
  EXT PARAMETER               CURRENT GUESS       STEP         FIRST   
  NO.   NAME      VALUE            ERROR          SIZE      DERIVATIVE 
   1  N0           3.19841e+06   7.54382e+02   1.61525e+01   2.06208e-05
   2  tau          6.43968e+01   constant   
   3  A0           3.60990e-01   9.05292e-04   3.08712e-05  -8.35078e+02
   4  phi          4.13815e+00   1.14338e-03  -6.16240e-05  -4.26429e+02
   5  R           -6.01460e+01   constant   
   6  alpha_CBO    0.00000e+00   1.00000e-03   1.00000e-03  -1.06833e+03
   7  w_CBO        2.32500e+00   constant   
   8  beta_CBO     0.00000e+00     fixed    
   9  alpha_2CBO   0.00000e+00     fixed    
  10  beta_2CBO    0.00000e+00   1.00000e-03   1.00000e-03  -9.17366e+03
  11  alpha_y      0.00000e+00     fixed    
  12  w_y          1.44500e+01   constant   
  13  beta_y       0.00000e+00   1.00000e-03   1.00000e-03   4.23449e+03
  14  alpha_vw     0.00000e+00     fixed    
  15  w_vw         1.29000e+01   constant   
  16  beta_vw      0.00000e+00     fixed    
  17  LM          -1.51189e-04   constant   
  18  zeta_y       0.00000e+00   constant   
  19  zeta_vw      0.00000e+00   constant   
  20  T_CBO        2.50079e+01   2.46093e+00  -9.91225e-04   1.34827e+01
  21  alpha_A0     9.54580e-02   3.47556e-02   2.65724e-03   2.03539e+01
  22  beta_A0     -3.80871e-02   1.77490e-03   2.05709e-04   3.17691e+00
  23  alpha_phi    5.78044e-02   1.23862e-02   9.17592e-04   4.08084e+01
  24  beta_phi    -1.13748e-01   3.77471e-02  -3.72431e-03   2.57106e+01
 CALL LIMIT EXCEEDED IN MIGRAD.
 MIGRAD TERMINATED WITHOUT CONVERGENCE.
 FCN=220.881 FROM MIGRAD    STATUS=CALL LIMIT   1913 CALLS        3251 TOTAL
                     EDM=0.378329    STRATEGY= 1  ERROR MATRIX UNCERTAINTY 100.0 per cent
  EXT PARAMETER                APPROXIMATE        STEP         FIRST   
  NO.   NAME      VALUE            ERROR          SIZE      DERIVATIVE 
   1  N0           3.16037e+06   1.95556e+03   1.60653e+02   5.40029e-04
   2  tau          6.43968e+01   constant   
   3  A0           3.78105e-01   9.31802e-04  -8.34935e-05   2.00521e+03
   4  phi          4.12346e+00   2.36840e-03   1.79839e-04  -3.57192e+02
   5  R           -6.01460e+01   constant   
   6  alpha_CBO   -2.21830e-02   7.78536e-04   1.22610e-04   2.73746e+03
   7  w_CBO        2.32500e+00   constant   
   8  beta_CBO     0.00000e+00     fixed    
   9  alpha_2CBO   0.00000e+00     fixed    
  10  beta_2CBO    6.91790e-03   3.84173e-04  -2.90186e-05  -5.98499e+01
  11  alpha_y      0.00000e+00     fixed    
  12  w_y          1.44500e+01   constant   
  13  beta_y       2.34301e-05   1.71323e-04  -1.92313e-06  -3.43033e+02
  14  alpha_vw     0.00000e+00     fixed    
  15  w_vw         1.29000e+01   constant   
  16  beta_vw      0.00000e+00     fixed    
  17  LM          -1.51189e-04   constant   
  18  zeta_y       0.00000e+00   constant   
  19  zeta_vw      0.00000e+00   constant   
  20  T_CBO        1.49062e+01   2.70998e-01  -4.79210e-05   1.03906e+03
  21  alpha_A0    -1.02610e+00   4.19190e-02   4.44667e-03  -3.38515e+01
  22  beta_A0      4.84706e-01   9.73369e-02   2.56371e-03  -9.45659e-01
  23  alpha_phi    1.07578e+00   1.14800e-01   8.76039e-04   2.11032e+00
  24  beta_phi    -5.51619e-01   5.43404e-02  -1.04580e-03  -7.18449e+00
 EXTERNAL ERROR MATRIX.    NDIM=  25    NPAR= 11    ERR DEF=1
  3.824e+06 
 -1.645e+00  8.683e-07 
  9.044e-02  5.281e-07  5.609e-06 
  5.221e-01 -2.788e-07  9.405e-07  6.061e-07 
 -6.902e-02  1.070e-07  2.229e-07 -1.515e-07  1.476e-07 
  2.332e-02 -1.694e-08 -4.897e-08 -1.038e-10 -1.019e-09  2.935e-08 
  3.670e+02 -2.002e-04 -3.846e-04 -4.741e-05 -3.335e-06  6.213e-06  7.344e-02 
  6.605e+01 -3.624e-05 -1.847e-05  1.930e-05 -9.107e-06  7.663e-07  7.045e-03  1.757e-03 
 -1.169e+02  7.021e-05  1.729e-04  1.435e-05  9.006e-06 -2.364e-06 -2.514e-02 -2.717e-03  9.474e-03 
 -1.755e+02  9.313e-05  1.536e-04  8.363e-06  5.166e-06 -2.740e-06 -3.044e-02 -3.472e-03  1.069e-02  1.318e-02 
  6.031e+01 -3.850e-05 -9.962e-05 -5.873e-06 -7.348e-06  1.356e-06  1.347e-02  1.569e-03 -5.233e-03 -5.760e-03  2.953e-03 
ERR MATRIX APPROXIMATE
 PARAMETER  CORRELATION COEFFICIENTS  
       NO.  GLOBAL      1      3      4      6     10     13     20     21     22     23     24
        1  0.99322   1.000 -0.903  0.020  0.343 -0.092  0.070  0.693  0.806 -0.614 -0.782  0.568
        3  0.99297  -0.903  1.000  0.239 -0.384  0.299 -0.106 -0.793 -0.928  0.774  0.871 -0.760
        4  0.99063   0.020  0.239  1.000  0.510  0.245 -0.121 -0.599 -0.186  0.750  0.565 -0.774
        6  0.99581   0.343 -0.384  0.510  1.000 -0.507 -0.001 -0.225  0.591  0.189  0.094 -0.139
       10  0.95168  -0.092  0.299  0.245 -0.507  1.000 -0.015 -0.032 -0.566  0.241  0.117 -0.352
       13  0.23879   0.070 -0.106 -0.121 -0.001 -0.015  1.000  0.134  0.107 -0.142 -0.139  0.146
       20  0.99761   0.693 -0.793 -0.599 -0.225 -0.032  0.134  1.000  0.620 -0.953 -0.979  0.915
       21  0.99692   0.806 -0.928 -0.186  0.591 -0.566  0.107  0.620  1.000 -0.666 -0.722  0.689
       22  0.99848  -0.614  0.774  0.750  0.189  0.241 -0.142 -0.953 -0.666  1.000  0.957 -0.989
       23  0.99768  -0.782  0.871  0.565  0.094  0.117 -0.139 -0.979 -0.722  0.957  1.000 -0.923
       24  0.99766   0.568 -0.760 -0.774 -0.139 -0.352  0.146  0.915  0.689 -0.989 -0.923  1.000
 ERR MATRIX APPROXIMATE
MINUIT - FIT ONLY 2-CBO
 **********
 **   25 **RES 
 **********
                   PARAMETER   16  beta_vw RESTORED TO VARIABLE.
                   PARAMETER   14  alpha_vw RESTORED TO VARIABLE.
                   PARAMETER   11  alpha_y RESTORED TO VARIABLE.
                   PARAMETER    9  alpha_2CBO RESTORED TO VARIABLE.
                   PARAMETER    8  beta_CBO RESTORED TO VARIABLE.
 **********
 **   26 **FIX            0
 **********
 PARAMETER    0  IS UNDEFINED. IGNORED.
 **********
 **   27 **FIX            1
 **********
 **********
 **   28 **FIX            2
 **********
 PARAMETER    2  IS CONSTANT.   IGNORED.
 **********
 **   29 **FIX            3
 **********
 **********
 **   30 **FIX            4
 **********
 **********
 **   31 **FIX            5
 **********
 PARAMETER    5  IS CONSTANT.   IGNORED.
 **********
 **   32 **FIX            6
 **********
 **********
 **   33 **FIX            7
 **********
 PARAMETER    7  IS CONSTANT.   IGNORED.
 **********
 **   34 **FIX           10
 **********
 **********
 **   35 **FIX           11
 **********
 **********
 **   36 **FIX           12
 **********
 PARAMETER   12  IS CONSTANT.   IGNORED.
 **********
 **   37 **FIX           13
 **********
 **********
 **   38 **FIX           14
 **********
 **********
 **   39 **FIX           15
 **********
 PARAMETER   15  IS CONSTANT.   IGNORED.
 **********
 **   40 **FIX           16
 **********
 **********
 **   41 **MIGRAD
 **********
 START MIGRAD MINIMIZATION.  STRATEGY  1.  CONVERGENCE WHEN EDM .LT. 1.00e-04
 FCN=220.881 FROM MIGRAD    STATUS=INITIATE       18 CALLS        3269 TOTAL
                     EDM= unknown      STRATEGY= 1      NO ERROR MATRIX       
  EXT PARAMETER               CURRENT GUESS       STEP         FIRST   
  NO.   NAME      VALUE            ERROR          SIZE      DERIVATIVE 
   1  N0           3.16037e+06     fixed    
   2  tau          6.43968e+01   constant   
   3  A0           3.78105e-01     fixed    
   4  phi          4.12346e+00     fixed    
   5  R           -6.01460e+01   constant   
   6  alpha_CBO   -2.21830e-02     fixed    
   7  w_CBO        2.32500e+00   constant   
   8  beta_CBO     0.00000e+00   1.00000e-03   1.00000e-03  -7.56365e+02
   9  alpha_2CBO   0.00000e+00   1.00000e-03   1.00000e-03   8.37222e+03
  10  beta_2CBO    6.91790e-03     fixed    
  11  alpha_y      0.00000e+00     fixed    
  12  w_y          1.44500e+01   constant   
  13  beta_y       2.34301e-05     fixed    
  14  alpha_vw     0.00000e+00     fixed    
  15  w_vw         1.29000e+01   constant   
  16  beta_vw      0.00000e+00     fixed    
  17  LM          -1.51189e-04   constant   
  18  zeta_y       0.00000e+00   constant   
  19  zeta_vw      0.00000e+00   constant   
  20  T_CBO        1.49062e+01   2.70998e-01  -4.79210e-05   1.03906e+03
  21  alpha_A0    -1.02610e+00   4.19190e-02   4.44667e-03  -3.38515e+01
  22  beta_A0      4.84706e-01   9.73369e-02   2.56371e-03  -9.45659e-01
  23  alpha_phi    1.07578e+00   1.14800e-01   8.76039e-04   2.11032e+00
  24  beta_phi    -5.51619e-01   5.43404e-02  -1.04580e-03  -7.18449e+00
 MIGRAD MINIMIZATION HAS CONVERGED.
 MIGRAD WILL VERIFY CONVERGENCE AND ERROR MATRIX.
 FCN=217.499 FROM HESSE     STATUS=NOT POSDEF     50 CALLS        3431 TOTAL
                     EDM=0.00105161    STRATEGY= 1      ERR MATRIX NOT POS-DEF
  EXT PARAMETER                APPROXIMATE        STEP         FIRST   
  NO.   NAME      VALUE            ERROR          SIZE      DERIVATIVE 
   1  N0           3.16037e+06     fixed    
   2  tau          6.43968e+01   constant   
   3  A0           3.78105e-01     fixed    
   4  phi          4.12346e+00     fixed    
   5  R           -6.01460e+01   constant   
   6  alpha_CBO   -2.21830e-02     fixed    
   7  w_CBO        2.32500e+00   constant   
   8  beta_CBO    -9.68793e-04   6.33987e-04   1.19197e-06   3.59381e+00
   9  alpha_2CBO  -1.01945e-03   5.33237e-04   1.17117e-06  -1.77970e+00
  10  beta_2CBO    6.91790e-03     fixed    
  11  alpha_y      0.00000e+00     fixed    
  12  w_y          1.44500e+01   constant   
  13  beta_y       2.34301e-05     fixed    
  14  alpha_vw     0.00000e+00     fixed    
  15  w_vw         1.29000e+01   constant   
  16  beta_vw      0.00000e+00     fixed    
  17  LM          -1.51189e-04   constant   
  18  zeta_y       0.00000e+00   constant   
  19  zeta_vw      0.00000e+00   constant   
  20  T_CBO        1.49512e+01   5.19860e-01   2.20372e-06   1.02208e+01
  21  alpha_A0    -1.04391e+00   1.14535e-01   1.11240e-04  -1.66023e-03
  22  beta_A0      3.84672e-01   7.00479e-02   9.23933e-05  -1.40192e-02
  23  alpha_phi    1.11352e+00   1.18787e-01   7.26460e-05  -1.39412e-01
  24  beta_phi    -5.29951e-01   5.85034e-02   1.06046e-04   8.31849e-02
 CALL LIMIT EXCEEDED IN MIGRAD.
 MIGRAD TERMINATED WITHOUT CONVERGENCE.
 FCN=217.077 FROM MIGRAD    STATUS=CALL LIMIT   1147 CALLS        4398 TOTAL
                     EDM=0.0047478    STRATEGY= 1      ERR MATRIX NOT POS-DEF
  EXT PARAMETER                APPROXIMATE        STEP         FIRST   
  NO.   NAME      VALUE            ERROR          SIZE      DERIVATIVE 
   1  N0           3.16037e+06     fixed    
   2  tau          6.43968e+01   constant   
   3  A0           3.78105e-01     fixed    
   4  phi          4.12346e+00     fixed    
   5  R           -6.01460e+01   constant   
   6  alpha_CBO   -2.21830e-02     fixed    
   7  w_CBO        2.32500e+00   constant   
   8  beta_CBO    -1.47335e-03   6.39067e-04  -9.21785e-06  -1.19548e+01
   9  alpha_2CBO  -1.08673e-03   4.67587e-04  -6.77408e-06  -1.72290e+02
  10  beta_2CBO    6.91790e-03     fixed    
  11  alpha_y      0.00000e+00     fixed    
  12  w_y          1.44500e+01   constant   
  13  beta_y       2.34301e-05     fixed    
  14  alpha_vw     0.00000e+00     fixed    
  15  w_vw         1.29000e+01   constant   
  16  beta_vw      0.00000e+00     fixed    
  17  LM          -1.51189e-04   constant   
  18  zeta_y       0.00000e+00   constant   
  19  zeta_vw      0.00000e+00   constant   
  20  T_CBO        1.19195e+01   7.13566e-01   4.92256e-06  -9.88893e+01
  21  alpha_A0    -2.31040e+00   5.62039e-01  -8.78104e-04   2.10103e-01
  22  beta_A0      7.53483e-01   9.84744e-02  -1.19041e-03  -3.19883e-01
  23  alpha_phi    2.41276e+00   5.76506e-01   9.38141e-04  -8.47077e-01
  24  beta_phi    -1.07575e+00   2.09855e-01  -1.24862e-04   6.04449e-01
 EXTERNAL ERROR MATRIX.    NDIM=  25    NPAR=  7    ERR DEF=1
  4.084e-07  2.457e-07  3.704e-04  2.998e-04 -1.924e-05 -3.086e-04  9.930e-05 
  2.457e-07  2.186e-07  2.293e-04  1.891e-04 -9.765e-06 -1.966e-04  6.548e-05 
  3.704e-04  2.293e-04  5.092e-01  4.002e-01 -5.508e-02 -4.104e-01  1.475e-01 
  2.998e-04  1.891e-04  4.002e-01  3.159e-01 -4.174e-02 -3.238e-01  1.157e-01 
 -1.924e-05 -9.765e-06 -5.508e-02 -4.174e-02  9.697e-03  4.249e-02 -1.728e-02 
 -3.086e-04 -1.966e-04 -4.104e-01 -3.238e-01  4.249e-02  3.324e-01 -1.187e-01 
  9.930e-05  6.548e-05  1.475e-01  1.157e-01 -1.728e-02 -1.187e-01  4.404e-02 
ERR MATRIX NOT POS-DEF
 PARAMETER  CORRELATION COEFFICIENTS  
       NO.  GLOBAL      8      9     20     21     22     23     24
        8  0.97273   1.000  0.822  0.812  0.835 -0.306 -0.838  0.740
        9  0.94454   0.822  1.000  0.687  0.719 -0.212 -0.729  0.667
       20  0.99957   0.812  0.687  1.000  0.998 -0.784 -0.998  0.985
       21  0.99947   0.835  0.719  0.998  1.000 -0.754 -0.999  0.981
       22  0.98479  -0.306 -0.212 -0.784 -0.754  1.000  0.748 -0.836
       23  0.99972  -0.838 -0.729 -0.998 -0.999  0.748  1.000 -0.981
       24  0.99509   0.740  0.667  0.985  0.981 -0.836 -0.981  1.000
 ERR MATRIX NOT POS-DEF
MINUIT - FIT wiggle + 1-CBO + 2-CBO
 **********
 **   42 **RES 
 **********
                   PARAMETER   16  beta_vw RESTORED TO VARIABLE.
                   PARAMETER   14  alpha_vw RESTORED TO VARIABLE.
                   PARAMETER   13  beta_y RESTORED TO VARIABLE.
                   PARAMETER   11  alpha_y RESTORED TO VARIABLE.
                   PARAMETER   10  beta_2CBO RESTORED TO VARIABLE.
                   PARAMETER    6  alpha_CBO RESTORED TO VARIABLE.
                   PARAMETER    4  phi RESTORED TO VARIABLE.
                   PARAMETER    3  A0 RESTORED TO VARIABLE.
                   PARAMETER    1  N0 RESTORED TO VARIABLE.
 **********
 **   43 **FIX           10
 **********
 **********
 **   44 **FIX           11
 **********
 **********
 **   45 **FIX           12
 **********
 PARAMETER   12  IS CONSTANT.   IGNORED.
 **********
 **   46 **FIX           13
 **********
 **********
 **   47 **FIX           14
 **********
 **********
 **   48 **FIX           15
 **********
 PARAMETER   15  IS CONSTANT.   IGNORED.
 **********
 **   49 **FIX           16
 **********
 **********
 **   50 **MIGRAD
 **********
 START MIGRAD MINIMIZATION.  STRATEGY  1.  CONVERGENCE WHEN EDM .LT. 1.00e-04
 FCN=217.077 FROM MIGRAD    STATUS=INITIATE       22 CALLS        4420 TOTAL
                     EDM= unknown      STRATEGY= 1      NO ERROR MATRIX       
  EXT PARAMETER               CURRENT GUESS       STEP         FIRST   
  NO.   NAME      VALUE            ERROR          SIZE      DERIVATIVE 
   1  N0           3.16037e+06   1.95556e+03   1.95556e+03  -8.29334e-05
   2  tau          6.43968e+01   constant   
   3  A0           3.78105e-01   9.31802e-04   9.31802e-04   6.80499e+02
   4  phi          4.12346e+00   2.36840e-03   2.36840e-03  -1.95862e+02
   5  R           -6.01460e+01   constant   
   6  alpha_CBO   -2.21830e-02   7.78536e-04   7.78536e-04   1.96484e+03
   7  w_CBO        2.32500e+00   constant   
   8  beta_CBO    -1.47335e-03   6.39067e-04  -9.21785e-06  -1.19548e+01
   9  alpha_2CBO  -1.08673e-03   4.67587e-04  -6.77408e-06  -1.72290e+02
  10  beta_2CBO    6.91790e-03     fixed    
  11  alpha_y      0.00000e+00     fixed    
  12  w_y          1.44500e+01   constant   
  13  beta_y       2.34301e-05     fixed    
  14  alpha_vw     0.00000e+00     fixed    
  15  w_vw         1.29000e+01   constant   
  16  beta_vw      0.00000e+00     fixed    
  17  LM          -1.51189e-04   constant   
  18  zeta_y       0.00000e+00   constant   
  19  zeta_vw      0.00000e+00   constant   
  20  T_CBO        1.19195e+01   7.13566e-01   4.92256e-06  -9.88893e+01
  21  alpha_A0    -2.31040e+00   5.62039e-01  -8.78104e-04   2.10103e-01
  22  beta_A0      7.53483e-01   9.84744e-02  -1.19041e-03  -3.19883e-01
  23  alpha_phi    2.41276e+00   5.76506e-01   9.38141e-04  -8.47077e-01
  24  beta_phi    -1.07575e+00   2.09855e-01  -1.24862e-04   6.04449e-01
 CALL LIMIT EXCEEDED IN MIGRAD.
 MIGRAD TERMINATED WITHOUT CONVERGENCE.
 FCN=212.259 FROM MIGRAD    STATUS=CALL LIMIT   1915 CALLS        6313 TOTAL
                     EDM=0.000337567    STRATEGY= 1  ERROR MATRIX UNCERTAINTY   6.2 per cent
  EXT PARAMETER                APPROXIMATE        STEP         FIRST   
  NO.   NAME      VALUE            ERROR          SIZE      DERIVATIVE 
   1  N0           3.31852e+06   4.69195e+04   5.03426e+02   1.77020e-05
   2  tau          6.43968e+01   constant   
   3  A0           3.44865e-01   9.47752e-03  -1.07829e-04   5.25001e+01
   4  phi          4.31839e+00   6.67015e-02   7.26422e-04  -2.05118e+01
   5  R           -6.01460e+01   constant   
   6  alpha_CBO    3.27247e-03   7.69890e-03   7.60004e-05   3.27393e+01
   7  w_CBO        2.32500e+00   constant   
   8  beta_CBO    -5.25270e-02   1.53938e-02  -1.71222e-04  -6.79440e+01
   9  alpha_2CBO  -1.17996e-02   4.28019e-03  -4.58730e-05  -1.56876e+01
  10  beta_2CBO    6.91790e-03     fixed    
  11  alpha_y      0.00000e+00     fixed    
  12  w_y          1.44500e+01   constant   
  13  beta_y       2.34301e-05     fixed    
  14  alpha_vw     0.00000e+00     fixed    
  15  w_vw         1.29000e+01   constant   
  16  beta_vw      0.00000e+00     fixed    
  17  LM          -1.51189e-04   constant   
  18  zeta_y       0.00000e+00   constant   
  19  zeta_vw      0.00000e+00   constant   
  20  T_CBO        1.13089e+01   2.55830e-01   3.09592e-05  -3.93392e+01
  21  alpha_A0    -5.13347e+00   1.11466e+00  -1.44590e-02  -1.37839e-01
  22  beta_A0     -7.52461e+00   2.59920e+00  -2.85999e-02   2.69408e-01
  23  alpha_phi   -5.34186e-01   1.24592e+00  -1.41194e-02  -1.87222e-01
  24  beta_phi     2.13885e+00   8.90096e-01   1.13686e-02   9.96044e-02
 EXTERNAL ERROR MATRIX.    NDIM=  25    NPAR= 11    ERR DEF=1
  2.201e+09 
 -4.431e+02  8.982e-05 
  3.129e+03 -6.307e-04  4.449e-03 
  3.585e+02 -7.208e-05  5.094e-04  5.927e-05 
 -7.193e+02  1.450e-04 -1.023e-03 -1.160e-04  2.370e-04 
 -1.936e+02  3.916e-05 -2.754e-04 -3.070e-05  6.476e-05  1.832e-05 
  1.096e+04 -2.258e-03  1.565e-02  1.707e-03 -3.709e-03 -1.062e-03  6.545e-02 
 -4.976e+04  1.017e-02 -7.096e-02 -7.827e-03  1.668e-02  4.690e-03 -2.826e-01  1.242e+00 
 -1.213e+05  2.446e-02 -1.725e-01 -1.955e-02  4.000e-02  1.096e-02 -6.269e-01  2.817e+00  6.756e+00 
 -5.818e+04  1.177e-02 -8.279e-02 -9.525e-03  1.892e-02  5.031e-03 -2.880e-01  1.309e+00  3.188e+00  1.552e+00 
  4.105e+04 -8.363e-03  5.851e-02  6.596e-03 -1.355e-02 -3.692e-03  2.185e-01 -9.752e-01 -2.285e+00 -1.091e+00  7.923e-01 
ERR MATRIX APPROXIMATE
 PARAMETER  CORRELATION COEFFICIENTS  
       NO.  GLOBAL      1      3      4      6      8      9     20     21     22     23     24
        1  0.99998   1.000 -0.996  1.000  0.992 -0.996 -0.964  0.913 -0.951 -0.995 -0.995  0.983
        3  0.99993  -0.996  1.000 -0.998 -0.988  0.994  0.965 -0.931  0.963  0.993  0.996 -0.991
        4  0.99998   1.000 -0.998  1.000  0.992 -0.996 -0.965  0.917 -0.954 -0.995 -0.996  0.985
        6  0.99983   0.992 -0.988  0.992  1.000 -0.979 -0.932  0.867 -0.912 -0.977 -0.993  0.962
        8  0.99997  -0.996  0.994 -0.996 -0.979  1.000  0.983 -0.942  0.972  1.000  0.986 -0.989
        9  0.99930  -0.964  0.965 -0.965 -0.932  0.983  1.000 -0.970  0.983  0.985  0.943 -0.969
       20  0.99825   0.913 -0.931  0.917  0.867 -0.942 -0.970  1.000 -0.991 -0.943 -0.903  0.960
       21  0.99955  -0.951  0.963 -0.954 -0.912  0.972  0.983 -0.991  1.000  0.972  0.943 -0.983
       22  0.99996  -0.995  0.993 -0.995 -0.977  1.000  0.985 -0.943  0.972  1.000  0.984 -0.988
       23  0.99985  -0.995  0.996 -0.996 -0.993  0.986  0.943 -0.903  0.943  0.984  1.000 -0.984
       24  0.99926   0.983 -0.991  0.985  0.962 -0.989 -0.969  0.960 -0.983 -0.988 -0.984  1.000
 ERR MATRIX APPROXIMATE
MINUIT - FIT ONLY 1-y
 **********
 **   51 **RES 
 **********
                   PARAMETER   16  beta_vw RESTORED TO VARIABLE.
                   PARAMETER   14  alpha_vw RESTORED TO VARIABLE.
                   PARAMETER   13  beta_y RESTORED TO VARIABLE.
                   PARAMETER   11  alpha_y RESTORED TO VARIABLE.
                   PARAMETER   10  beta_2CBO RESTORED TO VARIABLE.
 **********
 **   52 **FIX            0
 **********
 PARAMETER    0  IS UNDEFINED. IGNORED.
 **********
 **   53 **FIX            1
 **********
 **********
 **   54 **FIX            2
 **********
 PARAMETER    2  IS CONSTANT.   IGNORED.
 **********
 **   55 **FIX            3
 **********
 **********
 **   56 **FIX            4
 **********
 **********
 **   57 **FIX            5
 **********
 PARAMETER    5  IS CONSTANT.   IGNORED.
 **********
 **   58 **FIX            6
 **********
 **********
 **   59 **FIX            7
 **********
 PARAMETER    7  IS CONSTANT.   IGNORED.
 **********
 **   60 **FIX            8
 **********
 **********
 **   61 **FIX            9
 **********
 **********
 **   62 **FIX           13
 **********
 **********
 **   63 **FIX           14
 **********
 **********
 **   64 **FIX           15
 **********
 PARAMETER   15  IS CONSTANT.   IGNORED.
 **********
 **   65 **FIX           16
 **********
 **********
 **   66 **MIGRAD
 **********
 START MIGRAD MINIMIZATION.  STRATEGY  1.  CONVERGENCE WHEN EDM .LT. 1.00e-04
 FCN=212.259 FROM MIGRAD    STATUS=INITIATE       16 CALLS        6329 TOTAL
                     EDM= unknown      STRATEGY= 1      NO ERROR MATRIX       
  EXT PARAMETER               CURRENT GUESS       STEP         FIRST   
  NO.   NAME      VALUE            ERROR          SIZE      DERIVATIVE 
   1  N0           3.31852e+06     fixed    
   2  tau          6.43968e+01   constant   
   3  A0           3.44865e-01     fixed    
   4  phi          4.31839e+00     fixed    
   5  R           -6.01460e+01   constant   
   6  alpha_CBO    3.27247e-03     fixed    
   7  w_CBO        2.32500e+00   constant   
   8  beta_CBO    -5.25270e-02     fixed    
   9  alpha_2CBO  -1.17996e-02     fixed    
  10  beta_2CBO    6.91790e-03   3.84173e-04   3.84173e-04   3.05512e+02
  11  alpha_y      0.00000e+00   1.00000e-03   1.00000e-03   1.57194e+05
  12  w_y          1.44500e+01   constant   
  13  beta_y       2.34301e-05     fixed    
  14  alpha_vw     0.00000e+00     fixed    
  15  w_vw         1.29000e+01   constant   
  16  beta_vw      0.00000e+00     fixed    
  17  LM          -1.51189e-04   constant   
  18  zeta_y       0.00000e+00   constant   
  19  zeta_vw      0.00000e+00   constant   
  20  T_CBO        1.13089e+01   2.55830e-01   3.09592e-05  -3.93392e+01
  21  alpha_A0    -5.13347e+00   1.11466e+00  -1.44590e-02  -1.37839e-01
  22  beta_A0     -7.52461e+00   2.59920e+00  -2.85999e-02   2.69409e-01
  23  alpha_phi   -5.34186e-01   1.24592e+00  -1.41194e-02  -1.87222e-01
  24  beta_phi     2.13885e+00   8.90096e-01   1.13686e-02   9.96044e-02
 CALL LIMIT EXCEEDED IN MIGRAD.
 MIGRAD TERMINATED WITHOUT CONVERGENCE.
 FCN=33.0877 FROM MIGRAD    STATUS=CALL LIMIT   1154 CALLS        7467 TOTAL
                     EDM=0.0201392    STRATEGY= 1  ERROR MATRIX UNCERTAINTY  35.6 per cent
  EXT PARAMETER                APPROXIMATE        STEP         FIRST   
  NO.   NAME      VALUE            ERROR          SIZE      DERIVATIVE 
   1  N0           3.31852e+06     fixed    
   2  tau          6.43968e+01   constant   
   3  A0           3.44865e-01     fixed    
   4  phi          4.31839e+00     fixed    
   5  R           -6.01460e+01   constant   
   6  alpha_CBO    3.27247e-03     fixed    
   7  w_CBO        2.32500e+00   constant   
   8  beta_CBO    -5.25270e-02     fixed    
   9  alpha_2CBO  -1.17996e-02     fixed    
  10  beta_2CBO    7.51594e-03   2.51651e-04   2.97735e-07  -1.55034e+02
  11  alpha_y     -2.27323e-03   1.70666e-04   2.31424e-06   2.77768e+01
  12  w_y          1.44500e+01   constant   
  13  beta_y       2.34301e-05     fixed    
  14  alpha_vw     0.00000e+00     fixed    
  15  w_vw         1.29000e+01   constant   
  16  beta_vw      0.00000e+00     fixed    
  17  LM          -1.51189e-04   constant   
  18  zeta_y       0.00000e+00   constant   
  19  zeta_vw      0.00000e+00   constant   
  20  T_CBO        1.48203e+01   1.17244e+00   9.89306e-04  -6.84770e+02
  21  alpha_A0    -1.97532e+00   4.94852e-01   4.99268e-02   1.68502e+00
  22  beta_A0     -2.85393e+00   7.10339e-01   7.33036e-02   8.06537e+00
  23  alpha_phi   -2.13486e-01   5.19344e-02   5.70694e-03   1.04736e+01
  24  beta_phi     7.46711e-01   1.90423e-01  -2.01922e-02   2.85844e+00
 EXTERNAL ERROR MATRIX.    NDIM=  25    NPAR=  7    ERR DEF=1
  6.333e-08 -5.146e-09 -4.398e-05 -2.052e-05 -2.308e-05 -2.807e-06  2.825e-06 
 -5.146e-09  2.913e-08  8.140e-06  3.194e-06  4.330e-06  1.589e-07 -4.785e-07 
 -4.398e-05  8.140e-06  1.375e+00  5.795e-01  8.324e-01  5.915e-02 -2.214e-01 
 -2.052e-05  3.194e-06  5.795e-01  2.449e-01  3.509e-01  2.494e-02 -9.333e-02 
 -2.308e-05  4.330e-06  8.324e-01  3.509e-01  5.046e-01  3.572e-02 -1.344e-01 
 -2.807e-06  1.589e-07  5.915e-02  2.494e-02  3.572e-02  2.697e-03 -9.490e-03 
  2.825e-06 -4.785e-07 -2.214e-01 -9.333e-02 -1.344e-01 -9.490e-03  3.626e-02 
ERR MATRIX APPROXIMATE
 PARAMETER  CORRELATION COEFFICIENTS  
       NO.  GLOBAL     10     11     20     21     22     23     24
       10  0.82588   1.000 -0.120 -0.149 -0.165 -0.129 -0.215  0.059
       11  0.25112  -0.120  1.000  0.041  0.038  0.036  0.018 -0.015
       20  0.99974  -0.149  0.041  1.000  0.999  0.999  0.971 -0.992
       21  0.99910  -0.165  0.038  0.999  1.000  0.998  0.970 -0.990
       22  0.99977  -0.129  0.036  0.999  0.998  1.000  0.968 -0.994
       23  0.97698  -0.215  0.018  0.971  0.970  0.968  1.000 -0.960
       24  0.99670   0.059 -0.015 -0.992 -0.990 -0.994 -0.960  1.000
 ERR MATRIX APPROXIMATE
MINUIT - FIT ONLY 2-y
 **********
 **   67 **RES 
 **********
                   PARAMETER   16  beta_vw RESTORED TO VARIABLE.
                   PARAMETER   14  alpha_vw RESTORED TO VARIABLE.
                   PARAMETER   13  beta_y RESTORED TO VARIABLE.
                   PARAMETER    9  alpha_2CBO RESTORED TO VARIABLE.
                   PARAMETER    8  beta_CBO RESTORED TO VARIABLE.
                   PARAMETER    6  alpha_CBO RESTORED TO VARIABLE.
                   PARAMETER    4  phi RESTORED TO VARIABLE.
                   PARAMETER    3  A0 RESTORED TO VARIABLE.
                   PARAMETER    1  N0 RESTORED TO VARIABLE.
 **********
 **   68 **FIX            0
 **********
 PARAMETER    0  IS UNDEFINED. IGNORED.
 **********
 **   69 **FIX            1
 **********
 **********
 **   70 **FIX            2
 **********
 PARAMETER    2  IS CONSTANT.   IGNORED.
 **********
 **   71 **FIX            3
 **********
 **********
 **   72 **FIX            4
 **********
 **********
 **   73 **FIX            5
 **********
 PARAMETER    5  IS CONSTANT.   IGNORED.
 **********
 **   74 **FIX            6
 **********
 **********
 **   75 **FIX            7
 **********
 PARAMETER    7  IS CONSTANT.   IGNORED.
 **********
 **   76 **FIX            8
 **********
 **********
 **   77 **FIX            9
 **********
 **********
 **   78 **FIX           10
 **********
 **********
 **   79 **FIX           11
 **********
 **********
 **   80 **FIX           12
 **********
 PARAMETER   12  IS CONSTANT.   IGNORED.
 **********
 **   81 **FIX           16
 **********
 **********
 **   82 **MIGRAD
 **********
 START MIGRAD MINIMIZATION.  STRATEGY  1.  CONVERGENCE WHEN EDM .LT. 1.00e-04
 FCN=33.0877 FROM MIGRAD    STATUS=INITIATE       16 CALLS        7483 TOTAL
                     EDM= unknown      STRATEGY= 1      NO ERROR MATRIX       
  EXT PARAMETER               CURRENT GUESS       STEP         FIRST   
  NO.   NAME      VALUE            ERROR          SIZE      DERIVATIVE 
   1  N0           3.31852e+06     fixed    
   2  tau          6.43968e+01   constant   
   3  A0           3.44865e-01     fixed    
   4  phi          4.31839e+00     fixed    
   5  R           -6.01460e+01   constant   
   6  alpha_CBO    3.27247e-03     fixed    
   7  w_CBO        2.32500e+00   constant   
   8  beta_CBO    -5.25270e-02     fixed    
   9  alpha_2CBO  -1.17996e-02     fixed    
  10  beta_2CBO    7.51594e-03     fixed    
  11  alpha_y     -2.27323e-03     fixed    
  12  w_y          1.44500e+01   constant   
  13  beta_y       2.34301e-05   1.71323e-04   1.71323e-04  -1.14193e+04
  14  alpha_vw     0.00000e+00   1.00000e-03   1.00000e-03   5.62163e+03
  15  w_vw         1.29000e+01   constant   
  16  beta_vw      0.00000e+00     fixed    
  17  LM          -1.51189e-04   constant   
  18  zeta_y       0.00000e+00   constant   
  19  zeta_vw      0.00000e+00   constant   
  20  T_CBO        1.48203e+01   1.17244e+00   9.89306e-04  -6.84770e+02
  21  alpha_A0    -1.97532e+00   4.94852e-01   4.99268e-02   1.68501e+00
  22  beta_A0     -2.85393e+00   7.10339e-01   7.33036e-02   8.06537e+00
  23  alpha_phi   -2.13486e-01   5.19344e-02   5.70694e-03   1.04736e+01
  24  beta_phi     7.46711e-01   1.90423e-01  -2.01922e-02   2.85844e+00
 MIGRAD MINIMIZATION HAS CONVERGED.
 MIGRAD WILL VERIFY CONVERGENCE AND ERROR MATRIX.
 COVARIANCE MATRIX CALCULATED SUCCESSFULLY
 FCN=31.0038 FROM HESSE     STATUS=OK             50 CALLS        7613 TOTAL
                     EDM=0.440718    STRATEGY= 1      ERROR MATRIX ACCURATE 
  EXT PARAMETER                                   STEP         FIRST   
  NO.   NAME      VALUE            ERROR          SIZE      DERIVATIVE 
   1  N0           3.31852e+06     fixed    
   2  tau          6.43968e+01   constant   
   3  A0           3.44865e-01     fixed    
   4  phi          4.31839e+00     fixed    
   5  R           -6.01460e+01   constant   
   6  alpha_CBO    3.27247e-03     fixed    
   7  w_CBO        2.32500e+00   constant   
   8  beta_CBO    -5.25270e-02     fixed    
   9  alpha_2CBO  -1.17996e-02     fixed    
  10  beta_2CBO    7.51594e-03     fixed    
  11  alpha_y     -2.27323e-03     fixed    
  12  w_y          1.44500e+01   constant   
  13  beta_y       2.87771e-04   1.94027e-04   4.69733e-07   2.07839e-01
  14  alpha_vw    -1.98312e-04   1.88010e-04   4.55916e-07   8.17342e-01
  15  w_vw         1.29000e+01   constant   
