 + ++++++++++++++++++++++++++++++++++++++++++++++++++++++++++++++++++++ +
 +                                                                      +
 +           You have chose to blind your fitting according to          +
 +                omega_ref * (1 + (R +/- deltaR) *10^{-6})             +
 +                                                                      +
 + ++++++++++++++++++++++++++++++++++++++++++++++++++++++++++++++++++++ +
In main()...
reading format from /gm2data/zkhechad/run45/envelope/formats/formatB_sBin_constraintOn.txt
pBinTau 	= 0  
pBinPhi 	= 0  
constraintau 	= 1 
includeMopTerm 	= 0    
constrainMop    = 0   
Parameters after format file: pBinTau 0 pBinPhi 0 constraintau 1 includeMopTerm 0 constrainMop 0 c_e_scale 0.000000 
Opening file /gm2data/tbarrett/gm2fr/studies/run23_bunch_corrections/CorrectedFourier_Run3b.root.
reading full fit data from /gm2data/zkhechad/cboTemplates/Run4CBOTemplates/templateFits0_v2.0/noRF/sBin_constraintOn_cE0.0_seed0_noRF_calo19.root
windowBins = 17
fitting sliding window 396 from bin 532 at 79.225200 to bin 549 at 81.910800 (17 bins)

Reading data from /gm2data/cornell/histograms/aMethod/histogram_a_noRF.root
 **********
 **    1 **SET PRINTOUT            1
 **********
 **********
 **    2 **SET NOWARNINGS 
 **********
 PARAMETER DEFINITIONS:
    NO.   NAME         VALUE      STEP SIZE      LIMITS
     1 N0           3.18982e+06  1.00000e+02     no limits
     2 tau          6.43968e+01  constant
     3 A0           3.47817e-01  1.00000e-04     no limits
     4 phi          4.13212e+00  1.00000e-02     no limits
     5 R           -6.01460e+01  constant
     6 alpha_CBO    0.00000e+00  1.00000e-03     no limits
     7 w_CBO        2.32500e+00  constant
     8 beta_CBO     0.00000e+00  1.00000e-03     no limits
     9 alpha_2CBO   0.00000e+00  1.00000e-03     no limits
    10 beta_2CBO    0.00000e+00  1.00000e-03     no limits
    11 alpha_y      0.00000e+00  1.00000e-03     no limits
    12 w_y          1.44500e+01  constant
    13 beta_y       0.00000e+00  1.00000e-03     no limits
    14 alpha_vw     0.00000e+00  1.00000e-03     no limits
    15 w_vw         1.29000e+01  constant
    16 beta_vw      0.00000e+00  1.00000e-03     no limits
    17 LM          -1.51189e-04  constant
    18 zeta_y       0.00000e+00  constant
    19 zeta_vw      0.00000e+00  constant
    20 T_CBO        1.00000e+02  1.00000e+00    0.00000e+00  1.00000e+03
    21 alpha_A0     0.00000e+00  1.00000e-03     no limits
    22 beta_A0      0.00000e+00  1.00000e-03     no limits
    23 alpha_phi    0.00000e+00  1.00000e-03     no limits
    24 beta_phi     0.00000e+00  1.00000e-03     no limits
MINUIT - FIT ONLY WIGGLE
 **********
 **    3 **FIX            5
 **********
 PARAMETER    5  IS CONSTANT.   IGNORED.
 **********
 **    4 **FIX            6
 **********
 **********
 **    5 **FIX            7
 **********
 PARAMETER    7  IS CONSTANT.   IGNORED.
 **********
 **    6 **FIX            8
 **********
 **********
 **    7 **FIX            9
 **********
 **********
 **    8 **FIX           10
 **********
 **********
 **    9 **FIX           11
 **********
 **********
 **   10 **FIX           12
 **********
 PARAMETER   12  IS CONSTANT.   IGNORED.
 **********
 **   11 **FIX           13
 **********
 **********
 **   12 **FIX           14
 **********
 **********
 **   13 **FIX           15
 **********
 PARAMETER   15  IS CONSTANT.   IGNORED.
 **********
 **   14 **FIX           16
 **********
 **********
 **   15 **MIGRAD
 **********
 FIRST CALL TO USER FUNCTION AT NEW START POINT, WITH IFLAG=4.
 START MIGRAD MINIMIZATION.  STRATEGY  1.  CONVERGENCE WHEN EDM .LT. 1.00e-04
 FCN=1610.81 FROM MIGRAD    STATUS=INITIATE      437 CALLS         438 TOTAL
                     EDM= unknown      STRATEGY= 1      NO ERROR MATRIX       
  EXT PARAMETER               CURRENT GUESS       STEP         FIRST   
  NO.   NAME      VALUE            ERROR          SIZE      DERIVATIVE 
   1  N0           3.18982e+06   1.00000e+02   0.00000e+00   5.82619e-03
   2  tau          6.43968e+01   constant   
   3  A0           3.47817e-01   1.00000e-04   0.00000e+00  -2.81622e+05
   4  phi          4.13212e+00   1.00000e-02   0.00000e+00  -6.59156e+04
   5  R           -6.01460e+01   constant   
   6  alpha_CBO    0.00000e+00     fixed    
   7  w_CBO        2.32500e+00   constant   
   8  beta_CBO     0.00000e+00     fixed    
   9  alpha_2CBO   0.00000e+00     fixed    
  10  beta_2CBO    0.00000e+00     fixed    
  11  alpha_y      0.00000e+00     fixed    
  12  w_y          1.44500e+01   constant   
  13  beta_y       0.00000e+00     fixed    
  14  alpha_vw     0.00000e+00     fixed    
  15  w_vw         1.29000e+01   constant   
  16  beta_vw      0.00000e+00     fixed    
  17  LM          -1.51189e-04   constant   
  18  zeta_y       0.00000e+00   constant   
  19  zeta_vw      0.00000e+00   constant   
  20  T_CBO        1.00000e+02   1.00000e+00   0.00000e+00   0.00000e+00
  21  alpha_A0     0.00000e+00   1.00000e-03   0.00000e+00   2.45963e+04
  22  beta_A0      0.00000e+00   1.00000e-03   0.00000e+00   1.77921e+04
  23  alpha_phi    0.00000e+00   1.00000e-03   0.00000e+00   2.24651e+03
  24  beta_phi     0.00000e+00   1.00000e-03   0.00000e+00  -1.01437e+04
 MIGRAD MINIMIZATION HAS CONVERGED.
 FCN=95.1175 FROM MIGRAD    STATUS=CONVERGED     969 CALLS         970 TOTAL
                     EDM=3.72959e-06    STRATEGY= 1  ERROR MATRIX UNCERTAINTY   1.0 per cent
  EXT PARAMETER                                   STEP         FIRST   
  NO.   NAME      VALUE            ERROR          SIZE      DERIVATIVE 
   1  N0           3.20193e+06   1.18903e+03  -5.70470e-01  -1.62816e-06
   2  tau          6.43968e+01   constant   
   3  A0           3.67412e-01   4.30706e-03  -5.70416e-06  -8.41553e-01
   4  phi          4.15134e+00   1.66872e-03   1.35272e-07  -2.05216e+00
   5  R           -6.01460e+01   constant   
   6  alpha_CBO    0.00000e+00     fixed    
   7  w_CBO        2.32500e+00   constant   
   8  beta_CBO     0.00000e+00     fixed    
   9  alpha_2CBO   0.00000e+00     fixed    
  10  beta_2CBO    0.00000e+00     fixed    
  11  alpha_y      0.00000e+00     fixed    
  12  w_y          1.44500e+01   constant   
  13  beta_y       0.00000e+00     fixed    
  14  alpha_vw     0.00000e+00     fixed    
  15  w_vw         1.29000e+01   constant   
  16  beta_vw      0.00000e+00     fixed    
  17  LM          -1.51189e-04   constant   
  18  zeta_y       0.00000e+00   constant   
  19  zeta_vw      0.00000e+00   constant   
  20  T_CBO        6.81653e+01   2.25444e+00   1.76116e-05  -5.63029e-02
  21  alpha_A0     1.67328e-01   5.45665e-02  -1.14675e-04   5.04333e-01
  22  beta_A0     -4.24326e-02   5.10825e-03   2.40061e-05   1.85513e+00
  23  alpha_phi   -3.60907e-03   5.66461e-03   3.15497e-06   6.56303e-01
  24  beta_phi    -1.73147e-01   5.01044e-02   2.92930e-05   2.34114e-01
 EXTERNAL ERROR MATRIX.    NDIM=  25    NPAR=  8    ERR DEF=1
  1.414e+06  2.767e+00  1.703e+00 -1.705e+03  3.827e+01 -5.505e-01 -4.591e+00 -3.553e+01 
  2.767e+00  1.855e-05  2.366e-06 -7.679e-03  2.338e-04 -1.737e-05 -2.261e-05 -2.147e-04 
  1.703e+00  2.366e-06  2.785e-06 -1.907e-03  3.545e-05  1.643e-06 -4.562e-06 -3.326e-05 
 -1.705e+03 -7.679e-03 -1.907e-03  5.083e+00 -1.026e-01  5.219e-03  1.127e-02  9.389e-02 
  3.827e+01  2.338e-04  3.545e-05 -1.026e-01  2.978e-03 -2.082e-04 -2.941e-04 -2.727e-03 
 -5.505e-01 -1.737e-05  1.643e-06  5.219e-03 -2.082e-04  2.609e-05  1.680e-05  1.875e-04 
 -4.591e+00 -2.261e-05 -4.562e-06  1.127e-02 -2.941e-04  1.680e-05  3.209e-05  2.708e-04 
 -3.553e+01 -2.147e-04 -3.326e-05  9.389e-02 -2.727e-03  1.875e-04  2.708e-04  2.510e-03 
 PARAMETER  CORRELATION COEFFICIENTS  
       NO.  GLOBAL      1      3      4     20     21     22     23     24
        1  0.92029   1.000  0.540  0.858 -0.636  0.590 -0.091 -0.682 -0.596
        3  0.99969   0.540  1.000  0.329 -0.791  0.995 -0.790 -0.927 -0.995
        4  0.94165   0.858  0.329  1.000 -0.507  0.389  0.193 -0.483 -0.398
       20  0.94897  -0.636 -0.791 -0.507  1.000 -0.834  0.453  0.883  0.831
       21  0.99908   0.590  0.995  0.389 -0.834  1.000 -0.747 -0.952 -0.997
       22  0.96350  -0.091 -0.790  0.193  0.453 -0.747  1.000  0.581  0.732
       23  0.98815  -0.682 -0.927 -0.483  0.883 -0.952  0.581  1.000  0.954
       24  0.99950  -0.596 -0.995 -0.398  0.831 -0.997  0.732  0.954  1.000
MINUIT - FIT ONLY 1-CBO + wiggle
 **********
 **   16 **RES 
 **********
                   PARAMETER   16  beta_vw RESTORED TO VARIABLE.
                   PARAMETER   14  alpha_vw RESTORED TO VARIABLE.
                   PARAMETER   13  beta_y RESTORED TO VARIABLE.
                   PARAMETER   11  alpha_y RESTORED TO VARIABLE.
                   PARAMETER   10  beta_2CBO RESTORED TO VARIABLE.
                   PARAMETER    9  alpha_2CBO RESTORED TO VARIABLE.
                   PARAMETER    8  beta_CBO RESTORED TO VARIABLE.
                   PARAMETER    6  alpha_CBO RESTORED TO VARIABLE.
 **********
 **   17 **FIX            8
 **********
 **********
 **   18 **FIX            9
 **********
 **********
 **   19 **FIX           11
 **********
 **********
 **   20 **FIX           12
 **********
 PARAMETER   12  IS CONSTANT.   IGNORED.
 **********
 **   21 **FIX           14
 **********
 **********
 **   22 **FIX           15
 **********
 PARAMETER   15  IS CONSTANT.   IGNORED.
 **********
 **   23 **FIX           16
 **********
 **********
 **   24 **MIGRAD
 **********
 START MIGRAD MINIMIZATION.  STRATEGY  1.  CONVERGENCE WHEN EDM .LT. 1.00e-04
 FCN=95.1175 FROM MIGRAD    STATUS=INITIATE       28 CALLS         998 TOTAL
                     EDM= unknown      STRATEGY= 1      NO ERROR MATRIX       
  EXT PARAMETER               CURRENT GUESS       STEP         FIRST   
  NO.   NAME      VALUE            ERROR          SIZE      DERIVATIVE 
   1  N0           3.20193e+06   1.18903e+03  -5.70470e-01  -1.62816e-06
   2  tau          6.43968e+01   constant   
   3  A0           3.67412e-01   4.30706e-03  -5.70416e-06  -8.41551e-01
   4  phi          4.15134e+00   1.66872e-03   1.35272e-07  -2.05216e+00
   5  R           -6.01460e+01   constant   
   6  alpha_CBO    0.00000e+00   1.00000e-03   1.00000e-03  -1.59383e+02
   7  w_CBO        2.32500e+00   constant   
   8  beta_CBO     0.00000e+00     fixed    
   9  alpha_2CBO   0.00000e+00     fixed    
  10  beta_2CBO    0.00000e+00   1.00000e-03   1.00000e-03   1.19643e+03
  11  alpha_y      0.00000e+00     fixed    
  12  w_y          1.44500e+01   constant   
  13  beta_y       0.00000e+00   1.00000e-03   1.00000e-03  -7.87124e+04
  14  alpha_vw     0.00000e+00     fixed    
  15  w_vw         1.29000e+01   constant   
  16  beta_vw      0.00000e+00     fixed    
  17  LM          -1.51189e-04   constant   
  18  zeta_y       0.00000e+00   constant   
  19  zeta_vw      0.00000e+00   constant   
  20  T_CBO        6.81653e+01   2.25444e+00   1.76116e-05  -5.63033e-02
  21  alpha_A0     1.67328e-01   5.45665e-02  -1.14675e-04   5.04334e-01
  22  beta_A0     -4.24326e-02   5.10825e-03   2.40061e-05   1.85513e+00
  23  alpha_phi   -3.60907e-03   5.66461e-03   3.15497e-06   6.56303e-01
  24  beta_phi    -1.73147e-01   5.01044e-02   2.92930e-05   2.34113e-01
 CALL LIMIT EXCEEDED IN MIGRAD.
 MIGRAD TERMINATED WITHOUT CONVERGENCE.
 FCN=12.4089 FROM MIGRAD    STATUS=CALL LIMIT   1920 CALLS        2890 TOTAL
                     EDM=0.0440346    STRATEGY= 1  ERROR MATRIX UNCERTAINTY  23.9 per cent
  EXT PARAMETER                APPROXIMATE        STEP         FIRST   
  NO.   NAME      VALUE            ERROR          SIZE      DERIVATIVE 
   1  N0           3.19385e+06   9.39947e+03   2.04915e+02  -2.06505e-04
   2  tau          6.43968e+01   constant   
   3  A0           3.96283e-01   8.87421e-03   5.48424e-05   2.97144e+02
   4  phi          4.15762e+00   8.07550e-03  -3.26864e-04   4.64234e+02
   5  R           -6.01460e+01   constant   
   6  alpha_CBO   -1.03791e-02   5.93983e-03  -1.99089e-04   2.07130e+02
   7  w_CBO        2.32500e+00   constant   
   8  beta_CBO     0.00000e+00     fixed    
   9  alpha_2CBO   0.00000e+00     fixed    
  10  beta_2CBO   -9.41513e-04   1.17411e-03   5.75376e-05   8.80133e+02
  11  alpha_y      0.00000e+00     fixed    
  12  w_y          1.44500e+01   constant   
  13  beta_y       2.11423e-03   2.32115e-04   9.01297e-07  -3.64636e+01
  14  alpha_vw     0.00000e+00     fixed    
  15  w_vw         1.29000e+01   constant   
  16  beta_vw      0.00000e+00     fixed    
  17  LM          -1.51189e-04   constant   
  18  zeta_y       0.00000e+00   constant   
  19  zeta_vw      0.00000e+00   constant   
  20  T_CBO        8.50000e+01   4.84700e+00  -2.24191e-04  -4.23370e+01
  21  alpha_A0     2.57748e-01   2.94311e-02  -1.52344e-03   1.63011e+01
  22  beta_A0     -1.37235e-02   3.97448e-02  -1.23463e-03  -1.72954e+02
  23  alpha_phi    4.55464e-02   3.91494e-02  -6.11799e-04   1.83296e+01
  24  beta_phi    -2.89863e-01   3.67237e-02  -2.60048e-04   7.24628e+01
 EXTERNAL ERROR MATRIX.    NDIM=  25    NPAR= 11    ERR DEF=1
  8.835e+07 
  3.373e+01  7.875e-05 
 -6.561e+01 -4.108e-05  6.521e-05 
 -2.082e+01 -4.406e-05  3.350e-05  3.528e-05 
  2.053e+00  4.642e-06 -5.267e-06 -5.697e-06  1.379e-06 
  1.554e-01  3.030e-07 -2.110e-07 -2.718e-07  2.802e-08  5.388e-08 
  3.329e+04  2.924e-02 -2.191e-02 -8.640e-03 -6.193e-04  2.750e-05  2.350e+01 
  8.537e+00  8.953e-05  5.304e-05  3.937e-05 -2.154e-05 -4.122e-07  9.312e-02  8.662e-04 
 -3.542e+02 -2.075e-04  3.122e-04  1.454e-04 -1.902e-05 -9.749e-07 -1.351e-01  6.455e-05  1.580e-03 
 -3.608e+02 -1.020e-04  2.527e-04  4.930e-05 -1.892e-06 -2.357e-07 -1.401e-01 -1.198e-04  1.393e-03  1.533e-03 
 -1.175e+02 -3.230e-04  1.552e-04  1.829e-04 -2.125e-05 -1.102e-06 -1.112e-01 -3.509e-04  7.754e-04  3.230e-04  1.349e-03 
ERR MATRIX APPROXIMATE
 PARAMETER  CORRELATION COEFFICIENTS  
       NO.  GLOBAL      1      3      4      6     10     13     20     21     22     23     24
        1  0.99978   1.000  0.404 -0.864 -0.373  0.186  0.071  0.731  0.031 -0.948 -0.980 -0.340
        3  0.99991   0.404  1.000 -0.573 -0.836  0.446  0.147  0.680  0.343 -0.588 -0.294 -0.991
        4  0.99991  -0.864 -0.573  1.000  0.698 -0.555 -0.113 -0.560  0.223  0.973  0.799  0.523
        6  0.99973  -0.373 -0.836  0.698  1.000 -0.817 -0.197 -0.300  0.225  0.616  0.212  0.838
       10  0.99872   0.186  0.446 -0.555 -0.817  1.000  0.103 -0.109 -0.623 -0.407 -0.041 -0.493
       13  0.35524   0.071  0.147 -0.113 -0.197  0.103  1.000  0.024 -0.060 -0.106 -0.026 -0.129
       20  0.99874   0.731  0.680 -0.560 -0.300 -0.109  0.024  1.000  0.653 -0.701 -0.738 -0.625
       21  0.99903   0.031  0.343  0.223  0.225 -0.623 -0.060  0.653  1.000  0.055 -0.104 -0.325
       22  0.99997  -0.948 -0.588  0.973  0.616 -0.407 -0.106 -0.701  0.055  1.000  0.896  0.531
       23  0.99951  -0.980 -0.294  0.799  0.212 -0.041 -0.026 -0.738 -0.104  0.896  1.000  0.225
       24  0.99982  -0.340 -0.991  0.523  0.838 -0.493 -0.129 -0.625 -0.325  0.531  0.225  1.000
 ERR MATRIX APPROXIMATE
MINUIT - FIT ONLY 2-CBO
 **********
 **   25 **RES 
 **********
                   PARAMETER   16  beta_vw RESTORED TO VARIABLE.
                   PARAMETER   14  alpha_vw RESTORED TO VARIABLE.
                   PARAMETER   11  alpha_y RESTORED TO VARIABLE.
                   PARAMETER    9  alpha_2CBO RESTORED TO VARIABLE.
                   PARAMETER    8  beta_CBO RESTORED TO VARIABLE.
 **********
 **   26 **FIX            0
 **********
 PARAMETER    0  IS UNDEFINED. IGNORED.
 **********
 **   27 **FIX            1
 **********
 **********
 **   28 **FIX            2
 **********
 PARAMETER    2  IS CONSTANT.   IGNORED.
 **********
 **   29 **FIX            3
 **********
 **********
 **   30 **FIX            4
 **********
 **********
 **   31 **FIX            5
 **********
 PARAMETER    5  IS CONSTANT.   IGNORED.
 **********
 **   32 **FIX            6
 **********
 **********
 **   33 **FIX            7
 **********
 PARAMETER    7  IS CONSTANT.   IGNORED.
 **********
 **   34 **FIX           10
 **********
 **********
 **   35 **FIX           11
 **********
 **********
 **   36 **FIX           12
 **********
 PARAMETER   12  IS CONSTANT.   IGNORED.
 **********
 **   37 **FIX           13
 **********
 **********
 **   38 **FIX           14
 **********
 **********
 **   39 **FIX           15
 **********
 PARAMETER   15  IS CONSTANT.   IGNORED.
 **********
 **   40 **FIX           16
 **********
 **********
 **   41 **MIGRAD
 **********
 START MIGRAD MINIMIZATION.  STRATEGY  1.  CONVERGENCE WHEN EDM .LT. 1.00e-04
 FCN=12.4089 FROM MIGRAD    STATUS=INITIATE       18 CALLS        2908 TOTAL
                     EDM= unknown      STRATEGY= 1      NO ERROR MATRIX       
  EXT PARAMETER               CURRENT GUESS       STEP         FIRST   
  NO.   NAME      VALUE            ERROR          SIZE      DERIVATIVE 
   1  N0           3.19385e+06     fixed    
   2  tau          6.43968e+01   constant   
   3  A0           3.96283e-01     fixed    
   4  phi          4.15762e+00     fixed    
   5  R           -6.01460e+01   constant   
   6  alpha_CBO   -1.03791e-02     fixed    
   7  w_CBO        2.32500e+00   constant   
   8  beta_CBO     0.00000e+00   1.00000e-03   1.00000e-03   1.32155e+03
   9  alpha_2CBO   0.00000e+00   1.00000e-03   1.00000e-03   1.11080e+03
  10  beta_2CBO   -9.41513e-04     fixed    
  11  alpha_y      0.00000e+00     fixed    
  12  w_y          1.44500e+01   constant   
  13  beta_y       2.11423e-03     fixed    
  14  alpha_vw     0.00000e+00     fixed    
  15  w_vw         1.29000e+01   constant   
  16  beta_vw      0.00000e+00     fixed    
  17  LM          -1.51189e-04   constant   
  18  zeta_y       0.00000e+00   constant   
  19  zeta_vw      0.00000e+00   constant   
  20  T_CBO        8.50000e+01   4.84700e+00  -2.24191e-04  -4.23370e+01
  21  alpha_A0     2.57748e-01   2.94311e-02  -1.52344e-03   1.63011e+01
  22  beta_A0     -1.37235e-02   3.97448e-02  -1.23463e-03  -1.72954e+02
  23  alpha_phi    4.55464e-02   3.91494e-02  -6.11799e-04   1.83296e+01
  24  beta_phi    -2.89863e-01   3.67237e-02  -2.60048e-04   7.24628e+01
 MIGRAD MINIMIZATION HAS CONVERGED.
 MIGRAD WILL VERIFY CONVERGENCE AND ERROR MATRIX.
 FCN=12.3602 FROM MIGRAD    STATUS=CONVERGED     165 CALLS        3055 TOTAL
                     EDM=2.76477e-08    STRATEGY= 1      ERR MATRIX NOT POS-DEF
  EXT PARAMETER                APPROXIMATE        STEP         FIRST   
  NO.   NAME      VALUE            ERROR          SIZE      DERIVATIVE 
   1  N0           3.19385e+06     fixed    
   2  tau          6.43968e+01   constant   
   3  A0           3.96283e-01     fixed    
   4  phi          4.15762e+00     fixed    
   5  R           -6.01460e+01   constant   
   6  alpha_CBO   -1.03791e-02     fixed    
   7  w_CBO        2.32500e+00   constant   
   8  beta_CBO    -1.03086e-04   1.07244e-03   4.01497e-07  -4.61881e-01
   9  alpha_2CBO  -8.63838e-05   7.84537e-04   3.98152e-07   1.16807e-02
  10  beta_2CBO   -9.41513e-04     fixed    
  11  alpha_y      0.00000e+00     fixed    
  12  w_y          1.44500e+01   constant   
  13  beta_y       2.11423e-03     fixed    
  14  alpha_vw     0.00000e+00     fixed    
  15  w_vw         1.29000e+01   constant   
  16  beta_vw      0.00000e+00     fixed    
  17  LM          -1.51189e-04   constant   
  18  zeta_y       0.00000e+00   constant   
  19  zeta_vw      0.00000e+00   constant   
  20  T_CBO        8.49986e+01   6.97942e+00   3.08552e-06  -6.29855e-02
  21  alpha_A0     2.57648e-01   2.00268e-02   3.53019e-06   2.14613e-02
  22  beta_A0     -1.44078e-02   1.02167e-02   3.31917e-06   4.50052e-02
  23  alpha_phi    4.61077e-02   7.36698e-03   3.10361e-06  -5.23651e-02
  24  beta_phi    -2.89757e-01   2.26193e-02   3.87249e-06   7.79882e-02
 EXTERNAL ERROR MATRIX.    NDIM=  25    NPAR=  7    ERR DEF=1
  1.150e-06  7.760e-07  4.410e-04 -3.443e-07  1.064e-05 -6.663e-06 -2.412e-06 
  7.760e-07  6.155e-07  1.164e-04  3.301e-07  7.511e-06 -4.795e-06 -2.225e-06 
  4.410e-04  1.164e-04  4.872e+01 -1.389e-01  1.102e-02 -2.517e-02  1.551e-01 
 -3.443e-07  3.301e-07 -1.389e-01  4.011e-04 -2.305e-05  6.522e-05 -4.460e-04 
  1.064e-05  7.511e-06  1.102e-02 -2.305e-05  1.044e-04 -6.670e-05 -6.061e-07 
 -6.663e-06 -4.795e-06 -2.517e-02  6.522e-05 -6.670e-05  5.427e-05 -5.752e-05 
 -2.412e-06 -2.225e-06  1.551e-01 -4.460e-04 -6.061e-07 -5.752e-05  5.116e-04 
ERR MATRIX NOT POS-DEF
 PARAMETER  CORRELATION COEFFICIENTS  
       NO.  GLOBAL      8      9     20     21     22     23     24
        8  0.97780   1.000  0.922  0.059 -0.016  0.971 -0.843 -0.099
        9  0.95882   0.922  1.000  0.021  0.021  0.937 -0.830 -0.125
       20  0.99762   0.059  0.021  1.000 -0.994  0.155 -0.489  0.982
       21  0.99512  -0.016  0.021 -0.994  1.000 -0.113  0.442 -0.985
       22  0.98333   0.971  0.937  0.155 -0.113  1.000 -0.886 -0.003
       23  0.97181  -0.843 -0.830 -0.489  0.442 -0.886  1.000 -0.345
       24  0.99540  -0.099 -0.125  0.982 -0.985 -0.003 -0.345  1.000
 ERR MATRIX NOT POS-DEF
MINUIT - FIT wiggle + 1-CBO + 2-CBO
 **********
 **   42 **RES 
 **********
                   PARAMETER   16  beta_vw RESTORED TO VARIABLE.
                   PARAMETER   14  alpha_vw RESTORED TO VARIABLE.
                   PARAMETER   13  beta_y RESTORED TO VARIABLE.
                   PARAMETER   11  alpha_y RESTORED TO VARIABLE.
                   PARAMETER   10  beta_2CBO RESTORED TO VARIABLE.
                   PARAMETER    6  alpha_CBO RESTORED TO VARIABLE.
                   PARAMETER    4  phi RESTORED TO VARIABLE.
                   PARAMETER    3  A0 RESTORED TO VARIABLE.
                   PARAMETER    1  N0 RESTORED TO VARIABLE.
 **********
 **   43 **FIX           10
 **********
 **********
 **   44 **FIX           11
 **********
 **********
 **   45 **FIX           12
 **********
 PARAMETER   12  IS CONSTANT.   IGNORED.
 **********
 **   46 **FIX           13
 **********
 **********
 **   47 **FIX           14
 **********
 **********
 **   48 **FIX           15
 **********
 PARAMETER   15  IS CONSTANT.   IGNORED.
 **********
 **   49 **FIX           16
 **********
 **********
 **   50 **MIGRAD
 **********
 START MIGRAD MINIMIZATION.  STRATEGY  1.  CONVERGENCE WHEN EDM .LT. 1.00e-04
 FCN=12.3602 FROM MIGRAD    STATUS=INITIATE       22 CALLS        3077 TOTAL
                     EDM= unknown      STRATEGY= 1      NO ERROR MATRIX       
  EXT PARAMETER               CURRENT GUESS       STEP         FIRST   
  NO.   NAME      VALUE            ERROR          SIZE      DERIVATIVE 
   1  N0           3.19385e+06   9.39947e+03   9.39947e+03   6.30995e-06
   2  tau          6.43968e+01   constant   
   3  A0           3.96283e-01   8.87421e-03   8.87421e-03  -4.28605e+01
   4  phi          4.15762e+00   8.07550e-03   8.07550e-03   2.33962e+01
   5  R           -6.01460e+01   constant   
   6  alpha_CBO   -1.03791e-02   5.93983e-03   5.93983e-03  -3.16201e+01
   7  w_CBO        2.32500e+00   constant   
   8  beta_CBO    -1.03086e-04   1.07244e-03   4.01497e-07  -4.61869e-01
   9  alpha_2CBO  -8.63838e-05   7.84537e-04   3.98152e-07   1.16696e-02
  10  beta_2CBO   -9.41513e-04     fixed    
  11  alpha_y      0.00000e+00     fixed    
  12  w_y          1.44500e+01   constant   
  13  beta_y       2.11423e-03     fixed    
  14  alpha_vw     0.00000e+00     fixed    
  15  w_vw         1.29000e+01   constant   
  16  beta_vw      0.00000e+00     fixed    
  17  LM          -1.51189e-04   constant   
  18  zeta_y       0.00000e+00   constant   
  19  zeta_vw      0.00000e+00   constant   
  20  T_CBO        8.49986e+01   6.97942e+00   3.08552e-06  -6.29895e-02
  21  alpha_A0     2.57648e-01   2.00268e-02   3.53019e-06   2.14715e-02
  22  beta_A0     -1.44078e-02   1.02167e-02   3.31917e-06   4.50038e-02
  23  alpha_phi    4.61077e-02   7.36698e-03   3.10361e-06  -5.23650e-02
  24  beta_phi    -2.89757e-01   2.26193e-02   3.87249e-06   7.79891e-02
 CALL LIMIT EXCEEDED IN MIGRAD.
 MIGRAD TERMINATED WITHOUT CONVERGENCE.
 FCN=7.02919 FROM MIGRAD    STATUS=CALL LIMIT   1906 CALLS        4961 TOTAL
                     EDM=0.0131794    STRATEGY= 1  ERROR MATRIX UNCERTAINTY  11.5 per cent
  EXT PARAMETER                APPROXIMATE        STEP         FIRST   
  NO.   NAME      VALUE            ERROR          SIZE      DERIVATIVE 
   1  N0           3.07714e+06   2.48230e+04  -1.55409e+01  -1.13422e-04
   2  tau          6.43968e+01   constant   
   3  A0           4.77006e-01   1.17810e-02   6.27007e-05  -2.00273e+02
   4  phi          3.89083e+00   3.28805e-02  -1.96580e-04   1.19560e+02
   5  R           -6.01460e+01   constant   
   6  alpha_CBO   -3.63754e-02   5.22306e-03   7.57309e-06  -3.79482e+01
   7  w_CBO        2.32500e+00   constant   
   8  beta_CBO     7.47988e-02   1.19434e-02   6.96290e-05   2.02437e+02
   9  alpha_2CBO  -6.39544e-04   1.00193e-03   3.62102e-06   2.47587e+02
  10  beta_2CBO   -9.41513e-04     fixed    
  11  alpha_y      0.00000e+00     fixed    
  12  w_y          1.44500e+01   constant   
  13  beta_y       2.11423e-03     fixed    
  14  alpha_vw     0.00000e+00     fixed    
  15  w_vw         1.29000e+01   constant   
  16  beta_vw      0.00000e+00     fixed    
  17  LM          -1.51189e-04   constant   
  18  zeta_y       0.00000e+00   constant   
  19  zeta_vw      0.00000e+00   constant   
  20  T_CBO        1.00933e+02   3.87750e+00   7.66047e-05   5.33818e+01
  21  alpha_A0     2.05236e-01   2.38970e-02  -9.61041e-05  -1.95367e+01
  22  beta_A0     -1.50081e-01   2.62221e-02  -2.01199e-04  -7.51229e+01
  23  alpha_phi   -1.77862e-01   3.19732e-02  -3.96604e-04   3.66124e+00
  24  beta_phi    -4.89052e-01   2.94993e-02   2.19200e-06  -3.22774e+01
 EXTERNAL ERROR MATRIX.    NDIM=  25    NPAR= 11    ERR DEF=1
  6.162e+08 
 -2.693e+02  1.388e-04 
  6.988e+02 -3.831e-04  1.081e-03 
  1.202e+02 -5.258e-05  1.368e-04  2.728e-05 
 -2.754e+02  1.404e-04 -3.857e-04 -5.436e-05  1.426e-04 
 -1.449e+01  5.535e-06 -1.285e-05 -3.885e-06  6.169e-06  1.004e-06 
  6.963e+04 -2.223e-02  4.953e-02  1.735e-02 -2.376e-02 -2.849e-03  1.504e+01 
  5.298e+02 -2.567e-04  6.966e-04  1.211e-04 -2.631e-04 -1.597e-05  6.782e-02  5.711e-04 
 -2.566e+02  7.419e-06  1.048e-04 -5.462e-05  1.979e-05  1.527e-05 -7.203e-02 -1.110e-04  6.876e-04 
 -1.388e+02 -8.302e-05  3.709e-04 -3.253e-05 -7.451e-05  9.629e-06 -7.727e-02  2.545e-05  7.716e-04  1.022e-03 
  7.209e+02 -3.172e-04  8.206e-04  1.469e-04 -3.272e-04 -2.053e-05  8.608e-02  6.478e-04 -3.247e-04 -1.544e-04  8.702e-04 
ERR MATRIX APPROXIMATE
 PARAMETER  CORRELATION COEFFICIENTS  
       NO.  GLOBAL      1      3      4      6      8      9     20     21     22     23     24
        1  0.99986   1.000 -0.921  0.856  0.927 -0.929 -0.583  0.723  0.893 -0.394 -0.175  0.985
        3  0.99989  -0.921  1.000 -0.989 -0.854  0.998  0.469 -0.487 -0.912  0.024 -0.220 -0.913
        4  0.99994   0.856 -0.989  1.000  0.796 -0.982 -0.390  0.388  0.887  0.122  0.353  0.846
        6  0.99924   0.927 -0.854  0.796  1.000 -0.871 -0.742  0.857  0.971 -0.399 -0.195  0.954
        8  0.99986  -0.929  0.998 -0.982 -0.871  1.000  0.516 -0.513 -0.922  0.063 -0.195 -0.929
        9  0.98137  -0.583  0.469 -0.390 -0.742  0.516  1.000 -0.733 -0.667  0.581  0.301 -0.695
       20  0.99677   0.723 -0.487  0.388  0.857 -0.513 -0.733  1.000  0.732 -0.708 -0.623  0.753
       21  0.99869   0.893 -0.912  0.887  0.971 -0.922 -0.667  0.732  1.000 -0.177  0.033  0.919
       22  0.99926  -0.394  0.024  0.122 -0.399  0.063  0.581 -0.708 -0.177  1.000  0.920 -0.420
       23  0.99925  -0.175 -0.220  0.353 -0.195 -0.195  0.301 -0.623  0.033  0.920  1.000 -0.164
       24  0.99887   0.985 -0.913  0.846  0.954 -0.929 -0.695  0.753  0.919 -0.420 -0.164  1.000
 ERR MATRIX APPROXIMATE
MINUIT - FIT ONLY 1-y
 **********
 **   51 **RES 
 **********
                   PARAMETER   16  beta_vw RESTORED TO VARIABLE.
                   PARAMETER   14  alpha_vw RESTORED TO VARIABLE.
                   PARAMETER   13  beta_y RESTORED TO VARIABLE.
                   PARAMETER   11  alpha_y RESTORED TO VARIABLE.
                   PARAMETER   10  beta_2CBO RESTORED TO VARIABLE.
 **********
 **   52 **FIX            0
 **********
 PARAMETER    0  IS UNDEFINED. IGNORED.
 **********
 **   53 **FIX            1
 **********
 **********
 **   54 **FIX            2
 **********
 PARAMETER    2  IS CONSTANT.   IGNORED.
 **********
 **   55 **FIX            3
 **********
 **********
 **   56 **FIX            4
 **********
 **********
 **   57 **FIX            5
 **********
 PARAMETER    5  IS CONSTANT.   IGNORED.
 **********
 **   58 **FIX            6
 **********
 **********
 **   59 **FIX            7
 **********
 PARAMETER    7  IS CONSTANT.   IGNORED.
 **********
 **   60 **FIX            8
 **********
 **********
 **   61 **FIX            9
 **********
 **********
 **   62 **FIX           13
 **********
 **********
 **   63 **FIX           14
 **********
 **********
 **   64 **FIX           15
 **********
 PARAMETER   15  IS CONSTANT.   IGNORED.
 **********
 **   65 **FIX           16
 **********
 **********
 **   66 **MIGRAD
 **********
 START MIGRAD MINIMIZATION.  STRATEGY  1.  CONVERGENCE WHEN EDM .LT. 1.00e-04
 FCN=7.02919 FROM MIGRAD    STATUS=INITIATE       16 CALLS        4977 TOTAL
                     EDM= unknown      STRATEGY= 1      NO ERROR MATRIX       
  EXT PARAMETER               CURRENT GUESS       STEP         FIRST   
  NO.   NAME      VALUE            ERROR          SIZE      DERIVATIVE 
   1  N0           3.07714e+06     fixed    
   2  tau          6.43968e+01   constant   
   3  A0           4.77006e-01     fixed    
   4  phi          3.89083e+00     fixed    
   5  R           -6.01460e+01   constant   
   6  alpha_CBO   -3.63754e-02     fixed    
   7  w_CBO        2.32500e+00   constant   
   8  beta_CBO     7.47988e-02     fixed    
   9  alpha_2CBO  -6.39544e-04     fixed    
  10  beta_2CBO   -9.41513e-04   1.17411e-03   1.17411e-03  -1.70247e+02
  11  alpha_y      0.00000e+00   1.00000e-03   1.00000e-03  -1.30386e+04
  12  w_y          1.44500e+01   constant   
  13  beta_y       2.11423e-03     fixed    
  14  alpha_vw     0.00000e+00     fixed    
  15  w_vw         1.29000e+01   constant   
  16  beta_vw      0.00000e+00     fixed    
  17  LM          -1.51189e-04   constant   
  18  zeta_y       0.00000e+00   constant   
  19  zeta_vw      0.00000e+00   constant   
  20  T_CBO        1.00933e+02   3.87750e+00   7.66047e-05   5.33818e+01
  21  alpha_A0     2.05236e-01   2.38970e-02  -9.61041e-05  -1.95367e+01
  22  beta_A0     -1.50081e-01   2.62221e-02  -2.01199e-04  -7.51229e+01
  23  alpha_phi   -1.77862e-01   3.19732e-02  -3.96604e-04   3.66124e+00
  24  beta_phi    -4.89052e-01   2.94993e-02   2.19200e-06  -3.22774e+01
 MIGRAD MINIMIZATION HAS CONVERGED.
 MIGRAD WILL VERIFY CONVERGENCE AND ERROR MATRIX.
 COVARIANCE MATRIX CALCULATED SUCCESSFULLY
 FCN=4.91669 FROM HESSE     STATUS=OK             50 CALLS        5105 TOTAL
                     EDM=0.00862342    STRATEGY= 1      ERROR MATRIX ACCURATE 
  EXT PARAMETER                                   STEP         FIRST   
  NO.   NAME      VALUE            ERROR          SIZE      DERIVATIVE 
   1  N0           3.07714e+06     fixed    
   2  tau          6.43968e+01   constant   
   3  A0           4.77006e-01     fixed    
   4  phi          3.89083e+00     fixed    
   5  R           -6.01460e+01   constant   
   6  alpha_CBO   -3.63754e-02     fixed    
   7  w_CBO        2.32500e+00   constant   
   8  beta_CBO     7.47988e-02     fixed    
   9  alpha_2CBO  -6.39544e-04     fixed    
  10  beta_2CBO   -8.66717e-04   4.19195e-04   2.55131e-07   4.27338e+00
  11  alpha_y      3.25163e-04   2.24220e-04   2.61290e-07   2.84536e+00
  12  w_y          1.44500e+01   constant   
  13  beta_y       2.11423e-03     fixed    
  14  alpha_vw     0.00000e+00     fixed    
  15  w_vw         1.29000e+01   constant   
  16  beta_vw      0.00000e+00     fixed    
  17  LM          -1.51189e-04   constant   
  18  zeta_y       0.00000e+00   constant   
  19  zeta_vw      0.00000e+00   constant   
  20  T_CBO        1.00978e+02   3.41612e+01   1.48043e-06   2.04239e+00
  21  alpha_A0     2.05018e-01   5.55766e-02   1.48554e-06   6.00537e-01
  22  beta_A0     -1.50057e-01   4.04163e-02   1.54584e-06   3.53541e-01
  23  alpha_phi   -1.77717e-01   4.93057e-02   1.64424e-06  -2.07795e+00
  24  beta_phi    -4.89540e-01   1.32309e-01   1.95802e-06   5.66470e-01
 MIGRAD MINIMIZATION HAS CONVERGED.
 MIGRAD WILL VERIFY CONVERGENCE AND ERROR MATRIX.
 COVARIANCE MATRIX CALCULATED SUCCESSFULLY
 FCN=4.90286 FROM MIGRAD    STATUS=CONVERGED     441 CALLS        5402 TOTAL
                     EDM=4.63595e-06    STRATEGY= 1      ERROR MATRIX ACCURATE 
  EXT PARAMETER                                   STEP         FIRST   
  NO.   NAME      VALUE            ERROR          SIZE      DERIVATIVE 
   1  N0           3.07714e+06     fixed    
   2  tau          6.43968e+01   constant   
   3  A0           4.77006e-01     fixed    
   4  phi          3.89083e+00     fixed    
   5  R           -6.01460e+01   constant   
   6  alpha_CBO   -3.63754e-02     fixed    
   7  w_CBO        2.32500e+00   constant   
   8  beta_CBO     7.47988e-02     fixed    
   9  alpha_2CBO  -6.39544e-04     fixed    
  10  beta_2CBO   -8.74264e-04   4.21283e-04   2.54831e-07  -1.53071e+00
  11  alpha_y      3.26919e-04   2.24449e-04   2.60983e-07  -1.89122e+00
  12  w_y          1.44500e+01   constant   
  13  beta_y       2.11423e-03     fixed    
  14  alpha_vw     0.00000e+00     fixed    
  15  w_vw         1.29000e+01   constant   
  16  beta_vw      0.00000e+00     fixed    
  17  LM          -1.51189e-04   constant   
  18  zeta_y       0.00000e+00   constant   
  19  zeta_vw      0.00000e+00   constant   
  20  T_CBO        9.61666e+01   3.97072e+01   1.37294e-06  -1.00576e+00
  21  alpha_A0     2.13381e-01   7.41942e-02   1.54227e-06  -5.03260e-01
  22  beta_A0     -1.56137e-01   5.39360e-02   1.60524e-06   1.80865e-01
  23  alpha_phi   -1.85136e-01   6.58731e-02   1.70747e-06   6.12448e-01
  24  beta_phi    -5.09451e-01   1.76587e-01   2.03335e-06   2.88187e-01
 EXTERNAL ERROR MATRIX.    NDIM=  25    NPAR=  7    ERR DEF=1
  1.775e-07  1.181e-08  2.610e-03 -5.256e-06  3.424e-06  4.406e-06  1.054e-05 
  1.181e-08  5.038e-08 -6.447e-04  1.173e-06 -8.876e-07 -1.052e-06 -2.977e-06 
  2.610e-03 -6.447e-04  1.586e+03 -2.954e+00  2.147e+00  2.623e+00  7.032e+00 
 -5.256e-06  1.173e-06 -2.954e+00  5.505e-03 -3.999e-03 -4.886e-03 -1.309e-02 
  3.424e-06 -8.876e-07  2.147e+00 -3.999e-03  2.909e-03  3.551e-03  9.520e-03 
  4.406e-06 -1.052e-06  2.623e+00 -4.886e-03  3.551e-03  4.339e-03  1.163e-02 
  1.054e-05 -2.977e-06  7.032e+00 -1.309e-02  9.520e-03  1.163e-02  3.118e-02 
 PARAMETER  CORRELATION COEFFICIENTS  
       NO.  GLOBAL     10     11     20     21     22     23     24
       10  0.86024   1.000  0.125  0.156 -0.168  0.151  0.159  0.142
       11  0.19825   0.125  1.000 -0.072  0.070 -0.073 -0.071 -0.075
       20  0.99996   0.156 -0.072  1.000 -1.000  1.000  1.000  1.000
       21  0.99985  -0.168  0.070 -1.000  1.000 -0.999 -1.000 -0.999
       22  0.99968   0.151 -0.073  1.000 -0.999  1.000  0.999  1.000
       23  0.99976   0.159 -0.071  1.000 -1.000  0.999  1.000  1.000
       24  0.99995   0.142 -0.075  1.000 -0.999  1.000  1.000  1.000
MINUIT - FIT ONLY 2-y
 **********
 **   67 **RES 
 **********
                   PARAMETER   16  beta_vw RESTORED TO VARIABLE.
                   PARAMETER   14  alpha_vw RESTORED TO VARIABLE.
                   PARAMETER   13  beta_y RESTORED TO VARIABLE.
                   PARAMETER    9  alpha_2CBO RESTORED TO VARIABLE.
                   PARAMETER    8  beta_CBO RESTORED TO VARIABLE.
                   PARAMETER    6  alpha_CBO RESTORED TO VARIABLE.
                   PARAMETER    4  phi RESTORED TO VARIABLE.
                   PARAMETER    3  A0 RESTORED TO VARIABLE.
                   PARAMETER    1  N0 RESTORED TO VARIABLE.
 **********
 **   68 **FIX            0
 **********
 PARAMETER    0  IS UNDEFINED. IGNORED.
 **********
 **   69 **FIX            1
 **********
 **********
 **   70 **FIX            2
 **********
 PARAMETER    2  IS CONSTANT.   IGNORED.
 **********
 **   71 **FIX            3
 **********
 **********
 **   72 **FIX            4
 **********
 **********
 **   73 **FIX            5
 **********
 PARAMETER    5  IS CONSTANT.   IGNORED.
 **********
 **   74 **FIX            6
 **********
 **********
 **   75 **FIX            7
 **********
 PARAMETER    7  IS CONSTANT.   IGNORED.
 **********
 **   76 **FIX            8
 **********
 **********
 **   77 **FIX            9
 **********
 **********
 **   78 **FIX           10
 **********
 **********
 **   79 **FIX           11
 **********
 **********
 **   80 **FIX           12
 **********
 PARAMETER   12  IS CONSTANT.   IGNORED.
 **********
 **   81 **FIX           16
 **********
 **********
 **   82 **MIGRAD
 **********
 START MIGRAD MINIMIZATION.  STRATEGY  1.  CONVERGENCE WHEN EDM .LT. 1.00e-04
 FCN=4.90286 FROM MIGRAD    STATUS=INITIATE       16 CALLS        5418 TOTAL
                     EDM= unknown      STRATEGY= 1      NO ERROR MATRIX       
  EXT PARAMETER               CURRENT GUESS       STEP         FIRST   
  NO.   NAME      VALUE            ERROR          SIZE      DERIVATIVE 
   1  N0           3.07714e+06     fixed    
   2  tau          6.43968e+01   constant   
   3  A0           4.77006e-01     fixed    
   4  phi          3.89083e+00     fixed    
   5  R           -6.01460e+01   constant   
   6  alpha_CBO   -3.63754e-02     fixed    
   7  w_CBO        2.32500e+00   constant   
   8  beta_CBO     7.47988e-02     fixed    
   9  alpha_2CBO  -6.39544e-04     fixed    
  10  beta_2CBO   -8.74264e-04     fixed    
  11  alpha_y      3.26919e-04     fixed    
  12  w_y          1.44500e+01   constant   
  13  beta_y       2.11423e-03   2.32115e-04   2.32115e-04  -2.51227e+03
  14  alpha_vw     0.00000e+00   1.00000e-03   1.00000e-03  -5.09910e+03
  15  w_vw         1.29000e+01   constant   
  16  beta_vw      0.00000e+00     fixed    
  17  LM          -1.51189e-04   constant   
  18  zeta_y       0.00000e+00   constant   
  19  zeta_vw      0.00000e+00   constant   
  20  T_CBO        9.61666e+01   3.97072e+01   1.37294e-06  -1.00581e+00
  21  alpha_A0     2.13381e-01   7.41942e-02   1.54227e-06  -5.03179e-01
  22  beta_A0     -1.56137e-01   5.39360e-02   1.60524e-06   1.80846e-01
  23  alpha_phi   -1.85136e-01   6.58731e-02   1.70747e-06   6.12448e-01
  24  beta_phi    -5.09451e-01   1.76587e-01   2.03335e-06   2.88189e-01
 MIGRAD MINIMIZATION HAS CONVERGED.
 MIGRAD WILL VERIFY CONVERGENCE AND ERROR MATRIX.
 COVARIANCE MATRIX CALCULATED SUCCESSFULLY
 FCN=4.29594 FROM HESSE     STATUS=OK             50 CALLS        5532 TOTAL
                     EDM=0.00186019    STRATEGY= 1      ERROR MATRIX ACCURATE 
  EXT PARAMETER                                   STEP         FIRST   
  NO.   NAME      VALUE            ERROR          SIZE      DERIVATIVE 
   1  N0           3.07714e+06     fixed    
   2  tau          6.43968e+01   constant   
   3  A0           4.77006e-01     fixed    
   4  phi          3.89083e+00     fixed    
   5  R           -6.01460e+01   constant   
   6  alpha_CBO   -3.63754e-02     fixed    
   7  w_CBO        2.32500e+00   constant   
   8  beta_CBO     7.47988e-02     fixed    
   9  alpha_2CBO  -6.39544e-04     fixed    
  10  beta_2CBO   -8.74264e-04     fixed    
  11  alpha_y      3.26919e-04     fixed    
  12  w_y          1.44500e+01   constant   
  13  beta_y       2.23526e-03   2.37300e-04   2.47823e-07   9.30143e-01
  14  alpha_vw     1.78438e-04   2.45441e-04   2.55008e-07  -4.40429e-01
  15  w_vw         1.29000e+01   constant   
  16  beta_vw      0.00000e+00     fixed    
