 + ++++++++++++++++++++++++++++++++++++++++++++++++++++++++++++++++++++ +
 +                                                                      +
 +           You have chose to blind your fitting according to          +
 +                omega_ref * (1 + (R +/- deltaR) *10^{-6})             +
 +                                                                      +
 + ++++++++++++++++++++++++++++++++++++++++++++++++++++++++++++++++++++ +
In main()...
reading format from /gm2data/zkhechad/run45/envelope/formats/formatB_sBin_constraintOn.txt
pBinTau 	= 0  
pBinPhi 	= 0  
constraintau 	= 1 
includeMopTerm 	= 0    
constrainMop    = 0   
Parameters after format file: pBinTau 0 pBinPhi 0 constraintau 1 includeMopTerm 0 constrainMop 0 c_e_scale 0.000000 
Opening file /gm2data/tbarrett/gm2fr/studies/run23_bunch_corrections/CorrectedFourier_Run3b.root.
reading full fit data from /gm2data/zkhechad/cboTemplates/Run4CBOTemplates/fullFits/noRF/sBin_constraintOn_cE0.0_seed0_noRF_calo5.root
windowBins = 69
fitting sliding window 910 from bin 1046 at 155.914000 to bin 1115 at 166.358000 (69 bins)

Reading data from /gm2data/cornell/histograms/aMethod/histogram_a_noRF.root
 **********
 **    1 **SET PRINTOUT            1
 **********
 **********
 **    2 **SET NOWARNINGS 
 **********
 PARAMETER DEFINITIONS:
    NO.   NAME         VALUE      STEP SIZE      LIMITS
     1 N0           2.79633e+06  1.00000e+02     no limits
     2 tau          6.44140e+01  constant
     3 A0           3.58434e-01  1.00000e-04     no limits
     4 phi          4.11632e+00  1.00000e-02     no limits
     5 R           -6.26390e+01  constant
     6 alpha_CBO    0.00000e+00  1.00000e-03     no limits
     7 w_CBO        2.32500e+00  constant
     8 beta_CBO     0.00000e+00  1.00000e-03     no limits
     9 alpha_2CBO   0.00000e+00  1.00000e-03     no limits
    10 beta_2CBO    0.00000e+00  1.00000e-03     no limits
    11 alpha_y      0.00000e+00  1.00000e-03     no limits
    12 w_y          1.38860e+01  constant
    13 beta_y       0.00000e+00  1.00000e-03     no limits
    14 alpha_vw     0.00000e+00  1.00000e-03     no limits
    15 w_vw         1.43404e+01  constant
    16 beta_vw      0.00000e+00  1.00000e-03     no limits
    17 LM           3.79801e-04  constant
    18 zeta_y       0.00000e+00  constant
    19 zeta_vw      0.00000e+00  constant
    20 T_CBO        1.00000e+02  1.00000e+00    0.00000e+00  1.00000e+03
    21 alpha_A0     0.00000e+00  1.00000e-04   -1.00000e-02  1.00000e-02
    22 beta_A0      0.00000e+00  1.00000e-04   -1.00000e-02  1.00000e-02
    23 alpha_phi    0.00000e+00  1.00000e-04   -1.00000e-02  1.00000e-02
    24 beta_phi     0.00000e+00  1.00000e-04   -1.00000e-02  1.00000e-02
MINUIT - FIT ONLY WIGGLE
 **********
 **    3 **FIX            5
 **********
 PARAMETER    5  IS CONSTANT.   IGNORED.
 **********
 **    4 **FIX            6
 **********
 **********
 **    5 **FIX            7
 **********
 PARAMETER    7  IS CONSTANT.   IGNORED.
 **********
 **    6 **FIX            8
 **********
 **********
 **    7 **FIX            9
 **********
 **********
 **    8 **FIX           10
 **********
 **********
 **    9 **FIX           11
 **********
 **********
 **   10 **FIX           12
 **********
 PARAMETER   12  IS CONSTANT.   IGNORED.
 **********
 **   11 **FIX           13
 **********
 **********
 **   12 **FIX           14
 **********
 **********
 **   13 **FIX           15
 **********
 PARAMETER   15  IS CONSTANT.   IGNORED.
 **********
 **   14 **FIX           16
 **********
 **********
 **   15 **MIGRAD
 **********
 FIRST CALL TO USER FUNCTION AT NEW START POINT, WITH IFLAG=4.
 START MIGRAD MINIMIZATION.  STRATEGY  1.  CONVERGENCE WHEN EDM .LT. 1.00e-04
 FCN=433.332 FROM MIGRAD    STATUS=INITIATE      437 CALLS         438 TOTAL
                     EDM= unknown      STRATEGY= 1      NO ERROR MATRIX       
  EXT PARAMETER               CURRENT GUESS       STEP         FIRST   
  NO.   NAME      VALUE            ERROR          SIZE      DERIVATIVE 
   1  N0           2.79633e+06   1.00000e+02   0.00000e+00  -2.36691e-03
   2  tau          6.44140e+01   constant   
   3  A0           3.58434e-01   1.00000e-04   0.00000e+00  -1.50793e+04
   4  phi          4.11632e+00   1.00000e-02   0.00000e+00   8.87793e+03
   5  R           -6.26390e+01   constant   
   6  alpha_CBO    0.00000e+00     fixed    
   7  w_CBO        2.32500e+00   constant   
   8  beta_CBO     0.00000e+00     fixed    
   9  alpha_2CBO   0.00000e+00     fixed    
  10  beta_2CBO    0.00000e+00     fixed    
  11  alpha_y      0.00000e+00     fixed    
  12  w_y          1.38860e+01   constant   
  13  beta_y       0.00000e+00     fixed    
  14  alpha_vw     0.00000e+00     fixed    
  15  w_vw         1.43404e+01   constant   
  16  beta_vw      0.00000e+00     fixed    
  17  LM           3.79801e-04   constant   
  18  zeta_y       0.00000e+00   constant   
  19  zeta_vw      0.00000e+00   constant   
  20  T_CBO        1.00000e+02   1.00000e+00   0.00000e+00   0.00000e+00
  21  alpha_A0     0.00000e+00   1.00000e-04   0.00000e+00  -1.07031e-01
  22  beta_A0      0.00000e+00   1.00000e-04   0.00000e+00   1.59178e+01
  23  alpha_phi    0.00000e+00   1.00000e-04   0.00000e+00  -8.51441e+00
  24  beta_phi     0.00000e+00   1.00000e-04   0.00000e+00   1.02705e+01
 MIGRAD MINIMIZATION HAS CONVERGED.
 FCN=406.565 FROM MIGRAD    STATUS=CONVERGED     648 CALLS         649 TOTAL
                     EDM=3.36334e-06    STRATEGY= 1  ERROR MATRIX UNCERTAINTY   0.9 per cent
  EXT PARAMETER                                   STEP         FIRST   
  NO.   NAME      VALUE            ERROR          SIZE      DERIVATIVE 
   1  N0           2.79663e+06   4.49251e+02   3.01459e-01   5.27241e-06
   2  tau          6.44140e+01   constant   
   3  A0           3.58832e-01   2.10111e-04   1.09427e-07   7.15157e+00
   4  phi          4.11492e+00   5.71358e-04   2.10153e-06   3.87298e+00
   5  R           -6.26390e+01   constant   
   6  alpha_CBO    0.00000e+00     fixed    
   7  w_CBO        2.32500e+00   constant   
   8  beta_CBO     0.00000e+00     fixed    
   9  alpha_2CBO   0.00000e+00     fixed    
  10  beta_2CBO    0.00000e+00     fixed    
  11  alpha_y      0.00000e+00     fixed    
  12  w_y          1.38860e+01   constant   
  13  beta_y       0.00000e+00     fixed    
  14  alpha_vw     0.00000e+00     fixed    
  15  w_vw         1.43404e+01   constant   
  16  beta_vw      0.00000e+00     fixed    
  17  LM           3.79801e-04   constant   
  18  zeta_y       0.00000e+00   constant   
  19  zeta_vw      0.00000e+00   constant   
  20  T_CBO        1.16985e+02   2.62010e+01   2.48127e-04  -2.54402e-03
  21  alpha_A0     5.80901e-04   3.19816e-03  -1.42973e-04   1.31454e-03
  22  beta_A0     -9.99999e-03   1.87608e-02  -2.16421e-02   4.53630e-04
  23  alpha_phi    3.66512e-03   3.17061e-03   2.05331e-04  -7.05198e-04
  24  beta_phi    -7.79829e-03   3.76491e-03   2.07410e-03  -1.84401e-03
 EXTERNAL ERROR MATRIX.    NDIM=  25    NPAR=  8    ERR DEF=1
  2.018e+05  1.027e-03 -4.358e-02  1.073e+03 -2.570e-01 -3.402e-05 -2.656e-01  3.595e-01 
  1.027e-03  4.415e-08  3.376e-10  4.798e-05  6.223e-08  4.087e-11 -5.826e-08 -1.289e-07 
 -4.358e-02  3.376e-10  3.264e-07 -1.840e-04  1.003e-07 -5.734e-11  1.524e-07 -9.788e-08 
  1.073e+03  4.798e-05 -1.840e-04  6.880e+02 -6.525e-03  8.608e-05 -2.730e-02  6.089e-02 
 -2.570e-01  6.223e-08  1.003e-07 -6.525e-03  1.060e-05 -8.555e-10  2.263e-07 -1.977e-06 
 -3.402e-05  4.087e-11 -5.734e-11  8.608e-05 -8.555e-10  1.117e-09 -3.808e-09  7.678e-09 
 -2.656e-01 -5.826e-08  1.524e-07 -2.730e-02  2.263e-07 -3.808e-09  1.047e-05 -8.577e-07 
  3.595e-01 -1.289e-07 -9.788e-08  6.089e-02 -1.977e-06  7.678e-09 -8.577e-07  1.632e-05 
 PARAMETER  CORRELATION COEFFICIENTS  
       NO.  GLOBAL      1      3      4     20     21     22     23     24
        1  0.34431   1.000  0.011 -0.170  0.091 -0.176 -0.002 -0.183  0.198
        3  0.21689   0.011  1.000  0.003  0.009  0.091  0.006 -0.086 -0.152
        4  0.18215  -0.170  0.003  1.000 -0.012  0.054 -0.003  0.082 -0.042
       20  0.65219   0.091  0.009 -0.012  1.000 -0.076  0.098 -0.322  0.575
       21  0.22603  -0.176  0.091  0.054 -0.076  1.000 -0.008  0.021 -0.150
       22  0.09929  -0.002  0.006 -0.003  0.098 -0.008  1.000 -0.035  0.057
       23  0.40462  -0.183 -0.086  0.082 -0.322  0.021 -0.035  1.000 -0.066
       24  0.63282   0.198 -0.152 -0.042  0.575 -0.150  0.057 -0.066  1.000
MINUIT - FIT ONLY 1-CBO + wiggle
 **********
 **   16 **RES 
 **********
                   PARAMETER   16  beta_vw RESTORED TO VARIABLE.
                   PARAMETER   14  alpha_vw RESTORED TO VARIABLE.
                   PARAMETER   13  beta_y RESTORED TO VARIABLE.
                   PARAMETER   11  alpha_y RESTORED TO VARIABLE.
                   PARAMETER   10  beta_2CBO RESTORED TO VARIABLE.
                   PARAMETER    9  alpha_2CBO RESTORED TO VARIABLE.
                   PARAMETER    8  beta_CBO RESTORED TO VARIABLE.
                   PARAMETER    6  alpha_CBO RESTORED TO VARIABLE.
 **********
 **   17 **FIX            8
 **********
 **********
 **   18 **FIX            9
 **********
 **********
 **   19 **FIX           11
 **********
 **********
 **   20 **FIX           12
 **********
 PARAMETER   12  IS CONSTANT.   IGNORED.
 **********
 **   21 **FIX           14
 **********
 **********
 **   22 **FIX           15
 **********
 PARAMETER   15  IS CONSTANT.   IGNORED.
 **********
 **   23 **FIX           16
 **********
 **********
 **   24 **MIGRAD
 **********
 START MIGRAD MINIMIZATION.  STRATEGY  1.  CONVERGENCE WHEN EDM .LT. 1.00e-04
 FCN=406.565 FROM MIGRAD    STATUS=INITIATE       28 CALLS         677 TOTAL
                     EDM= unknown      STRATEGY= 1      NO ERROR MATRIX       
  EXT PARAMETER               CURRENT GUESS       STEP         FIRST   
  NO.   NAME      VALUE            ERROR          SIZE      DERIVATIVE 
   1  N0           2.79663e+06   4.49251e+02   3.01459e-01   5.27241e-06
   2  tau          6.44140e+01   constant   
   3  A0           3.58832e-01   2.10111e-04   1.09427e-07   7.15157e+00
   4  phi          4.11492e+00   5.71358e-04   2.10153e-06   3.87298e+00
   5  R           -6.26390e+01   constant   
   6  alpha_CBO    0.00000e+00   1.00000e-03   1.00000e-03   7.15095e+04
   7  w_CBO        2.32500e+00   constant   
   8  beta_CBO     0.00000e+00     fixed    
   9  alpha_2CBO   0.00000e+00     fixed    
  10  beta_2CBO    0.00000e+00   1.00000e-03   1.00000e-03   1.14591e+04
  11  alpha_y      0.00000e+00     fixed    
  12  w_y          1.38860e+01   constant   
  13  beta_y       0.00000e+00   1.00000e-03   1.00000e-03  -2.02360e+04
  14  alpha_vw     0.00000e+00     fixed    
  15  w_vw         1.43404e+01   constant   
  16  beta_vw      0.00000e+00     fixed    
  17  LM           3.79801e-04   constant   
  18  zeta_y       0.00000e+00   constant   
  19  zeta_vw      0.00000e+00   constant   
  20  T_CBO        1.16985e+02   2.62010e+01   2.48127e-04  -2.54409e-03
  21  alpha_A0     5.80901e-04   3.19816e-03  -1.42973e-04   1.31456e-03
  22  beta_A0     -9.99999e-03   1.87608e-02  -2.16421e-02   4.54508e-04
  23  alpha_phi    3.66512e-03   3.17061e-03   2.05331e-04  -7.05138e-04
  24  beta_phi    -7.79829e-03   3.76491e-03   2.07410e-03  -1.84500e-03
 MIGRAD MINIMIZATION HAS CONVERGED.
 FCN=336.785 FROM MIGRAD    STATUS=CONVERGED     171 CALLS         820 TOTAL
                     EDM=2.12383e-06    STRATEGY= 1  ERROR MATRIX UNCERTAINTY   3.0 per cent
  EXT PARAMETER                                   STEP         FIRST   
  NO.   NAME      VALUE            ERROR          SIZE      DERIVATIVE 
   1  N0           2.79683e+06   4.13917e+02  -1.63011e+00  -2.10400e-06
   2  tau          6.44140e+01   constant   
   3  A0           3.59140e-01   2.07172e-04  -4.92391e-07  -7.93184e+00
   4  phi          4.11554e+00   5.59541e-04   1.78829e-06  -1.29676e+00
   5  R           -6.26390e+01   constant   
   6  alpha_CBO   -1.78270e-03   2.22836e-04   1.93055e-08  -2.32264e+00
   7  w_CBO        2.32500e+00   constant   
   8  beta_CBO     0.00000e+00     fixed    
   9  alpha_2CBO   0.00000e+00     fixed    
  10  beta_2CBO   -2.42803e-04   2.12357e-04   7.48442e-07  -4.38158e+00
  11  alpha_y      0.00000e+00     fixed    
  12  w_y          1.38860e+01   constant   
  13  beta_y       4.59291e-04   2.09330e-04   2.83155e-07   8.47147e-01
  14  alpha_vw     0.00000e+00     fixed    
  15  w_vw         1.43404e+01   constant   
  16  beta_vw      0.00000e+00     fixed    
  17  LM           3.79801e-04   constant   
  18  zeta_y       0.00000e+00   constant   
  19  zeta_vw      0.00000e+00   constant   
  20  T_CBO        1.21240e+02   1.86655e+01   1.55708e-04  -3.56285e-03
  21  alpha_A0     5.32128e-03   2.76931e-03  -8.00582e-04  -1.23131e-03
  22  beta_A0     -1.00000e-02   1.89311e-02   8.39213e-06** at limit **
  23  alpha_phi    3.23806e-04   2.92786e-03  -8.53616e-04  -4.84985e-03
  24  beta_phi    -8.35373e-03   2.61311e-03  -1.91100e-03  -3.83349e-04
 EXTERNAL ERROR MATRIX.    NDIM=  25    NPAR= 11    ERR DEF=1
  1.713e+05 
 -4.756e-04  4.292e-08 
 -2.429e-02  7.862e-09  3.131e-07 
 -6.047e-03 -7.847e-09 -1.618e-08  4.966e-08 
 -1.951e-03 -2.134e-09  1.764e-09 -2.449e-11  4.510e-08 
 -2.640e-04  1.413e-09  2.333e-09 -4.198e-10  6.486e-10  4.382e-08 
 -8.543e+02  5.145e-04  5.903e-04 -1.568e-04  3.010e-04  9.095e-05  3.488e+02 
  9.750e-03  5.134e-08 -6.622e-08 -1.119e-07 -4.277e-08  9.872e-09 -2.309e-03  7.959e-06 
 -3.222e-09  9.905e-16 -1.227e-15 -1.794e-16  9.827e-16 -6.831e-17 -1.565e-10 -1.145e-14  1.186e-15 
 -1.407e-01 -5.128e-08  3.839e-08  8.106e-08  8.023e-08 -5.080e-09 -1.800e-04 -3.999e-07 -6.851e-15  8.829e-06 
  1.682e-01 -7.517e-08 -9.309e-08  2.031e-08 -5.732e-08 -9.420e-09  6.904e-03  4.502e-07  2.039e-14  8.328e-08  7.415e-06 
 PARAMETER  CORRELATION COEFFICIENTS  
       NO.  GLOBAL      1      3      4      6     10     13     20     21     22     23     24
        1  0.26014   1.000 -0.006 -0.105 -0.066 -0.022 -0.003 -0.111  0.008 -0.000 -0.114  0.149
        3  0.28674  -0.006  1.000  0.068 -0.170 -0.049  0.033  0.133  0.088  0.000 -0.083 -0.133
        4  0.19951  -0.105  0.068  1.000 -0.130  0.015  0.020  0.056 -0.042 -0.000  0.023 -0.061
        6  0.29958  -0.066 -0.170 -0.130  1.000 -0.001 -0.009 -0.038 -0.178 -0.000  0.122  0.033
       10  0.20644  -0.022 -0.049  0.015 -0.001  1.000  0.015  0.076 -0.071  0.000  0.127 -0.099
       13  0.04964  -0.003  0.033  0.020 -0.009  0.015  1.000  0.023  0.017 -0.000 -0.008 -0.017
       20  0.27661  -0.111  0.133  0.056 -0.038  0.076  0.023  1.000 -0.044 -0.000 -0.003  0.136
       21  0.23121   0.008  0.088 -0.042 -0.178 -0.071  0.017 -0.044  1.000 -0.000 -0.048  0.059
       22  0.00060  -0.000  0.000 -0.000 -0.000  0.000 -0.000 -0.000 -0.000  1.000 -0.000  0.000
       23  0.21837  -0.114 -0.083  0.023  0.122  0.127 -0.008 -0.003 -0.048 -0.000  1.000  0.010
       24  0.30324   0.149 -0.133 -0.061  0.033 -0.099 -0.017  0.136  0.059  0.000  0.010  1.000
MINUIT - FIT ONLY 2-CBO
 **********
 **   25 **RES 
 **********
                   PARAMETER   16  beta_vw RESTORED TO VARIABLE.
                   PARAMETER   14  alpha_vw RESTORED TO VARIABLE.
                   PARAMETER   11  alpha_y RESTORED TO VARIABLE.
                   PARAMETER    9  alpha_2CBO RESTORED TO VARIABLE.
                   PARAMETER    8  beta_CBO RESTORED TO VARIABLE.
 **********
 **   26 **FIX            0
 **********
 PARAMETER    0  IS UNDEFINED. IGNORED.
 **********
 **   27 **FIX            1
 **********
 **********
 **   28 **FIX            2
 **********
 PARAMETER    2  IS CONSTANT.   IGNORED.
 **********
 **   29 **FIX            3
 **********
 **********
 **   30 **FIX            4
 **********
 **********
 **   31 **FIX            5
 **********
 PARAMETER    5  IS CONSTANT.   IGNORED.
 **********
 **   32 **FIX            6
 **********
 **********
 **   33 **FIX            7
 **********
 PARAMETER    7  IS CONSTANT.   IGNORED.
 **********
 **   34 **FIX           10
 **********
 **********
 **   35 **FIX           11
 **********
 **********
 **   36 **FIX           12
 **********
 PARAMETER   12  IS CONSTANT.   IGNORED.
 **********
 **   37 **FIX           13
 **********
 **********
 **   38 **FIX           14
 **********
 **********
 **   39 **FIX           15
 **********
 PARAMETER   15  IS CONSTANT.   IGNORED.
 **********
 **   40 **FIX           16
 **********
 **********
 **   41 **MIGRAD
 **********
 START MIGRAD MINIMIZATION.  STRATEGY  1.  CONVERGENCE WHEN EDM .LT. 1.00e-04
 FCN=336.785 FROM MIGRAD    STATUS=INITIATE       18 CALLS         838 TOTAL
                     EDM= unknown      STRATEGY= 1      NO ERROR MATRIX       
  EXT PARAMETER               CURRENT GUESS       STEP         FIRST   
  NO.   NAME      VALUE            ERROR          SIZE      DERIVATIVE 
   1  N0           2.79683e+06     fixed    
   2  tau          6.44140e+01   constant   
   3  A0           3.59140e-01     fixed    
   4  phi          4.11554e+00     fixed    
   5  R           -6.26390e+01   constant   
   6  alpha_CBO   -1.78270e-03     fixed    
   7  w_CBO        2.32500e+00   constant   
   8  beta_CBO     0.00000e+00   1.00000e-03   1.00000e-03   1.47864e+05
   9  alpha_2CBO   0.00000e+00   1.00000e-03   1.00000e-03  -1.01132e+04
  10  beta_2CBO   -2.42803e-04     fixed    
  11  alpha_y      0.00000e+00     fixed    
  12  w_y          1.38860e+01   constant   
  13  beta_y       4.59291e-04     fixed    
  14  alpha_vw     0.00000e+00     fixed    
  15  w_vw         1.43404e+01   constant   
  16  beta_vw      0.00000e+00     fixed    
  17  LM           3.79801e-04   constant   
  18  zeta_y       0.00000e+00   constant   
  19  zeta_vw      0.00000e+00   constant   
  20  T_CBO        1.21240e+02   1.86655e+01   1.55708e-04  -3.71700e-03
  21  alpha_A0     5.32128e-03   2.76931e-03  -8.00582e-04  -1.23091e-03
  22  beta_A0     -9.99998e-03   1.89311e-02   8.39213e-06   7.21431e-04
  23  alpha_phi    3.23806e-04   2.92786e-03  -8.53616e-04  -4.84709e-03
  24  beta_phi    -8.35373e-03   2.61311e-03  -1.91100e-03  -3.83415e-04
 MIGRAD MINIMIZATION HAS CONVERGED.
 MIGRAD WILL VERIFY CONVERGENCE AND ERROR MATRIX.
 COVARIANCE MATRIX CALCULATED SUCCESSFULLY
 FCN=88.0357 FROM MIGRAD    STATUS=CONVERGED     451 CALLS        1271 TOTAL
                     EDM=1.97313e-06    STRATEGY= 1      ERROR MATRIX ACCURATE 
  EXT PARAMETER                                   STEP         FIRST   
  NO.   NAME      VALUE            ERROR          SIZE      DERIVATIVE 
   1  N0           2.79683e+06     fixed    
   2  tau          6.44140e+01   constant   
   3  A0           3.59140e-01     fixed    
   4  phi          4.11554e+00     fixed    
   5  R           -6.26390e+01   constant   
   6  alpha_CBO   -1.78270e-03     fixed    
   7  w_CBO        2.32500e+00   constant   
   8  beta_CBO    -3.34002e-03   2.12276e-04   9.61974e-07   1.64284e+00
   9  alpha_2CBO   3.81817e-04   2.14148e-04   9.64033e-07   6.17857e+00
  10  beta_2CBO   -2.42803e-04     fixed    
  11  alpha_y      0.00000e+00     fixed    
  12  w_y          1.38860e+01   constant   
  13  beta_y       4.59291e-04     fixed    
  14  alpha_vw     0.00000e+00     fixed    
  15  w_vw         1.43404e+01   constant   
  16  beta_vw      0.00000e+00     fixed    
  17  LM           3.79801e-04   constant   
  18  zeta_y       0.00000e+00   constant   
  19  zeta_vw      0.00000e+00   constant   
  20  T_CBO        1.22651e+02   2.88186e+01   3.82385e-04  -1.46585e-02
  21  alpha_A0     3.04125e-03   3.09209e-03   1.45972e-03  -2.89059e-05
  22  beta_A0     -1.93946e-03   2.92194e-03   1.34402e-03   8.83393e-04
  23  alpha_phi   -4.04261e-04   2.84060e-03   1.31640e-03  -2.75115e-03
  24  beta_phi    -1.00000e-02   1.99241e-02   1.37223e-02** at limit **
 EXTERNAL ERROR MATRIX.    NDIM=  25    NPAR=  7    ERR DEF=1
  4.506e-08 -2.051e-09 -1.750e-04  3.167e-08 -1.099e-07  4.854e-09 -7.420e-14 
 -2.051e-09  4.586e-08  8.964e-04 -9.326e-08  6.162e-08 -6.358e-08  3.580e-13 
 -1.750e-04  8.964e-04  8.327e+02 -2.391e-02  1.552e-02 -5.613e-03  2.961e-05 
  3.167e-08 -9.326e-08 -2.391e-02  9.917e-06 -6.354e-07  1.595e-07 -1.017e-09 
 -1.099e-07  6.162e-08  1.552e-02 -6.354e-07  8.803e-06 -6.611e-07  6.335e-10 
  4.854e-09 -6.358e-08 -5.613e-03  1.595e-07 -6.611e-07  8.296e-06  1.138e-10 
 -7.420e-14  3.580e-13  2.961e-05 -1.017e-09  6.335e-10  1.138e-10  2.870e-10 
 PARAMETER  CORRELATION COEFFICIENTS  
       NO.  GLOBAL      8      9     20     21     22     23     24
        8  0.18047   1.000 -0.045 -0.029  0.047 -0.174  0.008 -0.000
        9  0.21291  -0.045  1.000  0.145 -0.138  0.097 -0.103  0.000
       20  0.33179  -0.029  0.145  1.000 -0.263  0.181 -0.068  0.061
       21  0.28451   0.047 -0.138 -0.263  1.000 -0.068  0.018 -0.019
       22  0.26306  -0.174  0.097  0.181 -0.068  1.000 -0.077  0.013
       23  0.13116   0.008 -0.103 -0.068  0.018 -0.077  1.000  0.002
       24  0.06169  -0.000  0.000  0.061 -0.019  0.013  0.002  1.000
MINUIT - FIT wiggle + 1-CBO + 2-CBO
 **********
 **   42 **RES 
 **********
                   PARAMETER   16  beta_vw RESTORED TO VARIABLE.
                   PARAMETER   14  alpha_vw RESTORED TO VARIABLE.
                   PARAMETER   13  beta_y RESTORED TO VARIABLE.
                   PARAMETER   11  alpha_y RESTORED TO VARIABLE.
                   PARAMETER   10  beta_2CBO RESTORED TO VARIABLE.
                   PARAMETER    6  alpha_CBO RESTORED TO VARIABLE.
                   PARAMETER    4  phi RESTORED TO VARIABLE.
                   PARAMETER    3  A0 RESTORED TO VARIABLE.
                   PARAMETER    1  N0 RESTORED TO VARIABLE.
 **********
 **   43 **FIX           10
 **********
 **********
 **   44 **FIX           11
 **********
 **********
 **   45 **FIX           12
 **********
 PARAMETER   12  IS CONSTANT.   IGNORED.
 **********
 **   46 **FIX           13
 **********
 **********
 **   47 **FIX           14
 **********
 **********
 **   48 **FIX           15
 **********
 PARAMETER   15  IS CONSTANT.   IGNORED.
 **********
 **   49 **FIX           16
 **********
 **********
 **   50 **MIGRAD
 **********
 START MIGRAD MINIMIZATION.  STRATEGY  1.  CONVERGENCE WHEN EDM .LT. 1.00e-04
 FCN=88.0357 FROM MIGRAD    STATUS=INITIATE       22 CALLS        1293 TOTAL
                     EDM= unknown      STRATEGY= 1      NO ERROR MATRIX       
  EXT PARAMETER               CURRENT GUESS       STEP         FIRST   
  NO.   NAME      VALUE            ERROR          SIZE      DERIVATIVE 
   1  N0           2.79683e+06   4.13917e+02   4.13917e+02   9.64923e-04
   2  tau          6.44140e+01   constant   
   3  A0           3.59140e-01   2.07172e-04   2.07172e-04   2.91052e+04
   4  phi          4.11554e+00   5.59541e-04   5.59541e-04  -6.29203e+03
   5  R           -6.26390e+01   constant   
   6  alpha_CBO   -1.78270e-03   2.22836e-04   2.22836e-04   4.55470e+03
   7  w_CBO        2.32500e+00   constant   
   8  beta_CBO    -3.34002e-03   2.12276e-04   9.61974e-07   1.64285e+00
   9  alpha_2CBO   3.81817e-04   2.14148e-04   9.64033e-07   6.17857e+00
  10  beta_2CBO   -2.42803e-04     fixed    
  11  alpha_y      0.00000e+00     fixed    
  12  w_y          1.38860e+01   constant   
  13  beta_y       4.59291e-04     fixed    
  14  alpha_vw     0.00000e+00     fixed    
  15  w_vw         1.43404e+01   constant   
  16  beta_vw      0.00000e+00     fixed    
  17  LM           3.79801e-04   constant   
  18  zeta_y       0.00000e+00   constant   
  19  zeta_vw      0.00000e+00   constant   
  20  T_CBO        1.22651e+02   2.88186e+01   3.82385e-04  -1.46732e-02
  21  alpha_A0     3.04125e-03   3.09209e-03   1.45972e-03  -2.98690e-05
  22  beta_A0     -1.93946e-03   2.92194e-03   1.34402e-03   8.87398e-04
  23  alpha_phi   -4.04261e-04   2.84060e-03   1.31640e-03  -2.75032e-03
  24  beta_phi    -1.00000e-02   1.99241e-02   1.37223e-02** at limit **
 MIGRAD MINIMIZATION HAS CONVERGED.
 FCN=74.9214 FROM MIGRAD    STATUS=CONVERGED     165 CALLS        1436 TOTAL
                     EDM=2.51695e-06    STRATEGY= 1  ERROR MATRIX UNCERTAINTY   2.9 per cent
  EXT PARAMETER                                   STEP         FIRST   
  NO.   NAME      VALUE            ERROR          SIZE      DERIVATIVE 
   1  N0           2.79656e+06   4.16868e+02   4.05587e-01  -3.66755e-06
   2  tau          6.44140e+01   constant   
   3  A0           3.58492e-01   2.09047e-04  -7.64691e-08   1.96758e+00
   4  phi          4.11664e+00   5.58103e-04  -9.92432e-07  -2.34929e-01
   5  R           -6.26390e+01   constant   
   6  alpha_CBO   -1.83036e-03   2.10990e-04  -8.25110e-07  -1.23128e+00
   7  w_CBO        2.32500e+00   constant   
   8  beta_CBO    -3.52090e-03   2.16107e-04   9.34743e-08  -4.01929e+00
   9  alpha_2CBO   3.39889e-04   2.18690e-04  -2.83476e-07   8.45805e-01
  10  beta_2CBO   -2.42803e-04     fixed    
  11  alpha_y      0.00000e+00     fixed    
  12  w_y          1.38860e+01   constant   
  13  beta_y       4.59291e-04     fixed    
  14  alpha_vw     0.00000e+00     fixed    
  15  w_vw         1.43404e+01   constant   
  16  beta_vw      0.00000e+00     fixed    
  17  LM           3.79801e-04   constant   
  18  zeta_y       0.00000e+00   constant   
  19  zeta_vw      0.00000e+00   constant   
  20  T_CBO        1.06365e+02   2.56029e+01   3.45094e-06   2.18505e-02
  21  alpha_A0     3.28778e-03   3.22032e-03   6.58962e-04  -1.92089e-03
  22  beta_A0     -1.63246e-03   3.43221e-03  -1.40946e-03   3.53454e-04
  23  alpha_phi    1.15262e-03   3.43396e-03   5.70997e-04   4.67012e-03
  24  beta_phi    -1.00000e-02   1.99186e-02  -1.66962e-05** at limit **
 EXTERNAL ERROR MATRIX.    NDIM=  25    NPAR= 11    ERR DEF=1
  1.738e+05 
  1.107e-02  4.370e-08 
 -2.137e-02 -5.960e-09  3.115e-07 
 -1.425e-02 -4.782e-09 -6.999e-09  4.452e-08 
  5.492e-03  9.900e-09 -1.087e-08 -1.346e-09  4.670e-08 
  4.197e-03  2.616e-09 -2.914e-09 -1.685e-09 -3.590e-10  4.783e-08 
 -5.053e+02  9.820e-04 -5.752e-04  6.859e-05  5.053e-05  7.887e-04  6.570e+02 
 -1.093e-01 -1.791e-08 -1.449e-08 -2.286e-08  4.082e-08 -8.666e-08 -1.945e-02  1.080e-05 
 -1.115e-01 -3.985e-08 -4.683e-08  9.432e-08 -1.123e-07  5.148e-08  1.426e-02 -1.976e-06  1.229e-05 
 -1.839e-01 -9.484e-08  1.347e-07  8.794e-08  1.187e-08 -1.256e-07 -2.365e-02  2.629e-06 -1.026e-06  1.229e-05 
 -1.095e-07 -6.415e-15  2.582e-14  7.996e-14 -3.437e-14  3.654e-14  5.852e-09 -1.201e-12  2.425e-12 -5.335e-13  2.039e-12 
 PARAMETER  CORRELATION COEFFICIENTS  
       NO.  GLOBAL      1      3      4      6      8      9     20     21     22     23     24
        1  0.27573   1.000  0.127 -0.092 -0.162  0.061  0.046 -0.047 -0.080 -0.076 -0.126 -0.000
        3  0.33125   0.127  1.000 -0.051 -0.108  0.219  0.057  0.183 -0.026 -0.054 -0.129 -0.000
        4  0.17125  -0.092 -0.051  1.000 -0.059 -0.090 -0.024 -0.040 -0.008 -0.024  0.069  0.000
        6  0.25873  -0.162 -0.108 -0.059  1.000 -0.030 -0.037  0.013 -0.033  0.128  0.119  0.000
        8  0.27665   0.061  0.219 -0.090 -0.030  1.000 -0.008  0.009  0.057 -0.148  0.016 -0.000
        9  0.21188   0.046  0.057 -0.024 -0.037 -0.008  1.000  0.141 -0.121  0.067 -0.164  0.000
       20  0.39218  -0.047  0.183 -0.040  0.013  0.009  0.141  1.000 -0.231  0.159 -0.263  0.000
       21  0.33930  -0.080 -0.026 -0.008 -0.033  0.057 -0.121 -0.231  1.000 -0.172  0.228 -0.000
       22  0.29368  -0.076 -0.054 -0.024  0.128 -0.148  0.067  0.159 -0.172  1.000 -0.083  0.000
       23  0.38086  -0.126 -0.129  0.069  0.119  0.016 -0.164 -0.263  0.228 -0.083  1.000 -0.000
       24  0.00058  -0.000 -0.000  0.000  0.000 -0.000  0.000  0.000 -0.000  0.000 -0.000  1.000
MINUIT - FIT ONLY 1-y
 **********
 **   51 **RES 
 **********
                   PARAMETER   16  beta_vw RESTORED TO VARIABLE.
                   PARAMETER   14  alpha_vw RESTORED TO VARIABLE.
                   PARAMETER   13  beta_y RESTORED TO VARIABLE.
                   PARAMETER   11  alpha_y RESTORED TO VARIABLE.
                   PARAMETER   10  beta_2CBO RESTORED TO VARIABLE.
 **********
 **   52 **FIX            0
 **********
 PARAMETER    0  IS UNDEFINED. IGNORED.
 **********
 **   53 **FIX            1
 **********
 **********
 **   54 **FIX            2
 **********
 PARAMETER    2  IS CONSTANT.   IGNORED.
 **********
 **   55 **FIX            3
 **********
 **********
 **   56 **FIX            4
 **********
 **********
 **   57 **FIX            5
 **********
 PARAMETER    5  IS CONSTANT.   IGNORED.
 **********
 **   58 **FIX            6
 **********
 **********
 **   59 **FIX            7
 **********
 PARAMETER    7  IS CONSTANT.   IGNORED.
 **********
 **   60 **FIX            8
 **********
 **********
 **   61 **FIX            9
 **********
 **********
 **   62 **FIX           13
 **********
 **********
 **   63 **FIX           14
 **********
 **********
 **   64 **FIX           15
 **********
 PARAMETER   15  IS CONSTANT.   IGNORED.
 **********
 **   65 **FIX           16
 **********
 **********
 **   66 **MIGRAD
 **********
 START MIGRAD MINIMIZATION.  STRATEGY  1.  CONVERGENCE WHEN EDM .LT. 1.00e-04
 FCN=74.9214 FROM MIGRAD    STATUS=INITIATE       16 CALLS        1452 TOTAL
                     EDM= unknown      STRATEGY= 1      NO ERROR MATRIX       
  EXT PARAMETER               CURRENT GUESS       STEP         FIRST   
  NO.   NAME      VALUE            ERROR          SIZE      DERIVATIVE 
   1  N0           2.79656e+06     fixed    
   2  tau          6.44140e+01   constant   
   3  A0           3.58492e-01     fixed    
   4  phi          4.11664e+00     fixed    
   5  R           -6.26390e+01   constant   
   6  alpha_CBO   -1.83036e-03     fixed    
   7  w_CBO        2.32500e+00   constant   
   8  beta_CBO    -3.52090e-03     fixed    
   9  alpha_2CBO   3.39889e-04     fixed    
  10  beta_2CBO   -2.42803e-04   2.12357e-04   2.12357e-04  -1.05874e+04
  11  alpha_y      0.00000e+00   1.00000e-03   1.00000e-03   1.42217e+04
  12  w_y          1.38860e+01   constant   
  13  beta_y       4.59291e-04     fixed    
  14  alpha_vw     0.00000e+00     fixed    
  15  w_vw         1.43404e+01   constant   
  16  beta_vw      0.00000e+00     fixed    
  17  LM           3.79801e-04   constant   
  18  zeta_y       0.00000e+00   constant   
  19  zeta_vw      0.00000e+00   constant   
  20  T_CBO        1.06365e+02   2.56029e+01   3.45094e-06   2.17306e-02
  21  alpha_A0     3.28778e-03   3.22032e-03   6.58962e-04  -1.91914e-03
  22  beta_A0     -1.63246e-03   3.43221e-03  -1.40946e-03   3.52166e-04
  23  alpha_phi    1.15262e-03   3.43396e-03   5.70997e-04   4.66738e-03
  24  beta_phi    -9.99998e-03   1.99186e-02  -1.66962e-05   7.18952e-05
 MIGRAD MINIMIZATION HAS CONVERGED.
 MIGRAD WILL VERIFY CONVERGENCE AND ERROR MATRIX.
 COVARIANCE MATRIX CALCULATED SUCCESSFULLY
 FCN=71.2799 FROM MIGRAD    STATUS=CONVERGED     147 CALLS        1583 TOTAL
                     EDM=2.33135e-06    STRATEGY= 1      ERROR MATRIX ACCURATE 
  EXT PARAMETER                                   STEP         FIRST   
  NO.   NAME      VALUE            ERROR          SIZE      DERIVATIVE 
   1  N0           2.79656e+06     fixed    
   2  tau          6.44140e+01   constant   
   3  A0           3.58492e-01     fixed    
   4  phi          4.11664e+00     fixed    
   5  R           -6.26390e+01   constant   
   6  alpha_CBO   -1.83036e-03     fixed    
   7  w_CBO        2.32500e+00   constant   
   8  beta_CBO    -3.52090e-03     fixed    
   9  alpha_2CBO   3.39889e-04     fixed    
  10  beta_2CBO    1.15142e-05   2.18056e-04   8.82337e-07   2.32841e+00
  11  alpha_y     -3.22820e-04   2.12444e-04   8.81642e-07   2.06799e+00
  12  w_y          1.38860e+01   constant   
  13  beta_y       4.59291e-04     fixed    
  14  alpha_vw     0.00000e+00     fixed    
  15  w_vw         1.43404e+01   constant   
  16  beta_vw      0.00000e+00     fixed    
  17  LM           3.79801e-04   constant   
  18  zeta_y       0.00000e+00   constant   
  19  zeta_vw      0.00000e+00   constant   
  20  T_CBO        1.09624e+02   2.70683e+01   3.30311e-04  -4.25370e-03
  21  alpha_A0     2.70037e-03   3.55228e-03   1.52317e-03   2.62278e-03
  22  beta_A0     -2.07636e-03   3.36351e-03   1.42201e-03  -1.39872e-03
  23  alpha_phi    1.71995e-03   3.43003e-03   1.40976e-03   2.12692e-03
  24  beta_phi    -9.99993e-03   1.00307e-02   2.39494e-02  -1.95501e-04
 EXTERNAL ERROR MATRIX.    NDIM=  25    NPAR=  7    ERR DEF=1
  4.755e-08 -3.682e-10  5.535e-04 -9.185e-08 -7.416e-08  8.784e-08 -1.266e-11 
 -3.682e-10  4.513e-08 -5.522e-05  1.131e-08  4.298e-09 -1.083e-08  1.587e-12 
  5.535e-04 -5.522e-05  7.345e+02 -2.172e-02  1.651e-02 -2.435e-02  8.939e-04 
 -9.185e-08  1.131e-08 -2.172e-02  1.324e-05 -4.423e-07  4.081e-07 -3.324e-08 
 -7.416e-08  4.298e-09  1.651e-02 -4.423e-07  1.179e-05 -1.415e-06  2.581e-08 
  8.784e-08 -1.083e-08 -2.435e-02  4.081e-07 -1.415e-06  1.227e-05 -2.112e-08 
 -1.266e-11  1.587e-12  8.939e-04 -3.324e-08  2.581e-08 -2.112e-08  5.571e-08 
 PARAMETER  CORRELATION COEFFICIENTS  
       NO.  GLOBAL     10     11     20     21     22     23     24
       10  0.22335   1.000 -0.008  0.094 -0.116 -0.099  0.115 -0.000
       11  0.02461  -0.008  1.000 -0.010  0.015  0.006 -0.015  0.000
       20  0.39789   0.094 -0.010  1.000 -0.220  0.177 -0.256  0.140
       21  0.24096  -0.116  0.015 -0.220  1.000 -0.035  0.032 -0.039
       22  0.22030  -0.099  0.006  0.177 -0.035  1.000 -0.118  0.032
       23  0.29849   0.115 -0.015 -0.256  0.032 -0.118  1.000 -0.026
       24  0.14141  -0.000  0.000  0.140 -0.039  0.032 -0.026  1.000
MINUIT - FIT ONLY 2-y
 **********
 **   67 **RES 
 **********
                   PARAMETER   16  beta_vw RESTORED TO VARIABLE.
                   PARAMETER   14  alpha_vw RESTORED TO VARIABLE.
                   PARAMETER   13  beta_y RESTORED TO VARIABLE.
                   PARAMETER    9  alpha_2CBO RESTORED TO VARIABLE.
                   PARAMETER    8  beta_CBO RESTORED TO VARIABLE.
                   PARAMETER    6  alpha_CBO RESTORED TO VARIABLE.
                   PARAMETER    4  phi RESTORED TO VARIABLE.
                   PARAMETER    3  A0 RESTORED TO VARIABLE.
                   PARAMETER    1  N0 RESTORED TO VARIABLE.
 **********
 **   68 **FIX            0
 **********
 PARAMETER    0  IS UNDEFINED. IGNORED.
 **********
 **   69 **FIX            1
 **********
 **********
 **   70 **FIX            2
 **********
 PARAMETER    2  IS CONSTANT.   IGNORED.
 **********
 **   71 **FIX            3
 **********
 **********
 **   72 **FIX            4
 **********
 **********
 **   73 **FIX            5
 **********
 PARAMETER    5  IS CONSTANT.   IGNORED.
 **********
 **   74 **FIX            6
 **********
 **********
 **   75 **FIX            7
 **********
 PARAMETER    7  IS CONSTANT.   IGNORED.
 **********
 **   76 **FIX            8
 **********
 **********
 **   77 **FIX            9
 **********
 **********
 **   78 **FIX           10
 **********
 **********
 **   79 **FIX           11
 **********
 **********
 **   80 **FIX           12
 **********
 PARAMETER   12  IS CONSTANT.   IGNORED.
 **********
 **   81 **FIX           16
 **********
 **********
 **   82 **MIGRAD
 **********
 START MIGRAD MINIMIZATION.  STRATEGY  1.  CONVERGENCE WHEN EDM .LT. 1.00e-04
 FCN=71.2799 FROM MIGRAD    STATUS=INITIATE       18 CALLS        1601 TOTAL
                     EDM= unknown      STRATEGY= 1      NO ERROR MATRIX       
  EXT PARAMETER               CURRENT GUESS       STEP         FIRST   
  NO.   NAME      VALUE            ERROR          SIZE      DERIVATIVE 
   1  N0           2.79656e+06     fixed    
   2  tau          6.44140e+01   constant   
   3  A0           3.58492e-01     fixed    
   4  phi          4.11664e+00     fixed    
   5  R           -6.26390e+01   constant   
   6  alpha_CBO   -1.83036e-03     fixed    
   7  w_CBO        2.32500e+00   constant   
   8  beta_CBO    -3.52090e-03     fixed    
   9  alpha_2CBO   3.39889e-04     fixed    
  10  beta_2CBO    1.15142e-05     fixed    
  11  alpha_y     -3.22820e-04     fixed    
  12  w_y          1.38860e+01   constant   
  13  beta_y       4.59291e-04   2.09330e-04   2.09330e-04  -2.08223e+03
  14  alpha_vw     0.00000e+00   1.00000e-03   1.00000e-03   8.32714e+03
  15  w_vw         1.43404e+01   constant   
  16  beta_vw      0.00000e+00     fixed    
  17  LM           3.79801e-04   constant   
  18  zeta_y       0.00000e+00   constant   
  19  zeta_vw      0.00000e+00   constant   
  20  T_CBO        1.09624e+02   2.70683e+01   3.30311e-04  -4.25800e-03
  21  alpha_A0     2.70037e-03   3.55228e-03   1.52317e-03   2.61820e-03
  22  beta_A0     -2.07636e-03   3.36351e-03   1.42201e-03  -1.39514e-03
  23  alpha_phi    1.71995e-03   3.43003e-03   1.40976e-03   2.12404e-03
  24  beta_phi    -9.99993e-03   1.00307e-02   2.39494e-02   2.16056e-04
 MIGRAD MINIMIZATION HAS CONVERGED.
 MIGRAD WILL VERIFY CONVERGENCE AND ERROR MATRIX.
 COVARIANCE MATRIX CALCULATED SUCCESSFULLY
 FCN=70.3284 FROM MIGRAD    STATUS=CONVERGED     136 CALLS        1719 TOTAL
                     EDM=2.55962e-07    STRATEGY= 1      ERROR MATRIX ACCURATE 
  EXT PARAMETER                                   STEP         FIRST   
  NO.   NAME      VALUE            ERROR          SIZE      DERIVATIVE 
   1  N0           2.79656e+06     fixed    
   2  tau          6.44140e+01   constant   
   3  A0           3.58492e-01     fixed    
   4  phi          4.11664e+00     fixed    
   5  R           -6.26390e+01   constant   
   6  alpha_CBO   -1.83036e-03     fixed    
   7  w_CBO        2.32500e+00   constant   
   8  beta_CBO    -3.52090e-03     fixed    
   9  alpha_2CBO   3.39889e-04     fixed    
  10  beta_2CBO    1.15142e-05     fixed    
  11  alpha_y     -3.22820e-04     fixed    
  12  w_y          1.38860e+01   constant   
  13  beta_y       5.51606e-04   2.15198e-04   8.63751e-07  -2.13613e-01
  14  alpha_vw    -2.05428e-04   2.16079e-04   8.67390e-07  -5.47182e-02
  15  w_vw         1.43404e+01   constant   
  16  beta_vw      0.00000e+00     fixed    
  17  LM           3.79801e-04   constant   
  18  zeta_y       0.00000e+00   constant   
  19  zeta_vw      0.00000e+00   constant   
  20  T_CBO        1.10361e+02   2.73280e+01   3.28900e-04   3.84640e-03
  21  alpha_A0     2.63426e-03   3.49500e-03   1.49586e-03   4.86707e-04
  22  beta_A0     -2.08681e-03   3.31861e-03   1.39977e-03  -1.95252e-03
  23  alpha_phi    1.69705e-03   3.37551e-03   1.38655e-03  -2.25881e-04
  24  beta_phi    -1.00000e-02   1.00027e-02   2.26525e-02** at limit **
 EXTERNAL ERROR MATRIX.    NDIM=  25    NPAR=  7    ERR DEF=1
  4.631e-08 -1.059e-08  1.578e-04 -6.094e-09 -6.416e-10 -1.642e-08 -7.287e-14 
 -1.059e-08  4.669e-08 -1.344e-04  1.385e-08  2.400e-09  9.826e-10  6.527e-14 
  1.578e-04 -1.344e-04  7.487e+02 -2.042e-02  1.779e-02 -2.535e-02  2.086e-05 
 -6.094e-09  1.385e-08 -2.042e-02  1.279e-05 -5.764e-07  5.529e-07 -7.471e-10 
 -6.416e-10  2.400e-09  1.779e-02 -5.764e-07  1.146e-05 -1.260e-06  5.968e-10 
 -1.642e-08  9.826e-10 -2.535e-02  5.529e-07 -1.260e-06  1.187e-05 -4.782e-10 
 -7.287e-14  6.527e-14  2.086e-05 -7.471e-10  5.968e-10 -4.782e-10  1.474e-11 
 PARAMETER  CORRELATION COEFFICIENTS  
       NO.  GLOBAL     13     14     20     21     22     23     24
       13  0.22952   1.000 -0.228  0.027 -0.008 -0.001 -0.022 -0.000
       14  0.22902  -0.228  1.000 -0.023  0.018  0.003  0.001  0.000
       20  0.40710   0.027 -0.023  1.000 -0.209  0.192 -0.269  0.199
       21  0.20998  -0.008  0.018 -0.209  1.000 -0.048  0.045 -0.054
       22  0.20129  -0.001  0.003  0.192 -0.048  1.000 -0.108  0.046
       23  0.27636  -0.022  0.001 -0.269  0.045 -0.108  1.000 -0.036
       24  0.20012  -0.000  0.000  0.199 -0.054  0.046 -0.036  1.000
MINUIT - FIT ALTOGETHER
 **********
 **   83 **RES 
 **********
                   PARAMETER   16  beta_vw RESTORED TO VARIABLE.
