 + ++++++++++++++++++++++++++++++++++++++++++++++++++++++++++++++++++++ +
 +                                                                      +
 +           You have chose to blind your fitting according to          +
 +                omega_ref * (1 + (R +/- deltaR) *10^{-6})             +
 +                                                                      +
 + ++++++++++++++++++++++++++++++++++++++++++++++++++++++++++++++++++++ +
In main()...
reading format from /gm2data/zkhechad/run45/envelope/formats/formatB_sBin_constraintOn.txt
pBinTau 	= 0  
pBinPhi 	= 0  
constraintau 	= 1 
includeMopTerm 	= 0    
constrainMop    = 0   
Parameters after format file: pBinTau 0 pBinPhi 0 constraintau 1 includeMopTerm 0 constrainMop 0 c_e_scale 0.000000 
Opening file /gm2data/tbarrett/gm2fr/studies/run23_bunch_corrections/CorrectedFourier_Run3b.root.
reading full fit data from /gm2data/zkhechad/cboTemplates/Run4CBOTemplates/fullFits/noRF/sBin_constraintOn_cE0.0_seed0_noRF_calo10.root
windowBins = 69
fitting sliding window 980 from bin 1116 at 166.358000 to bin 1185 at 176.802000 (69 bins)

Reading data from /gm2data/cornell/histograms/aMethod/histogram_a_noRF.root
 **********
 **    1 **SET PRINTOUT            1
 **********
 **********
 **    2 **SET NOWARNINGS 
 **********
 PARAMETER DEFINITIONS:
    NO.   NAME         VALUE      STEP SIZE      LIMITS
     1 N0           3.07359e+06  1.00000e+02     no limits
     2 tau          6.44052e+01  constant
     3 A0           3.48563e-01  1.00000e-04     no limits
     4 phi          4.11545e+00  1.00000e-02     no limits
     5 R           -6.12271e+01  constant
     6 alpha_CBO    0.00000e+00  1.00000e-03     no limits
     7 w_CBO        2.32500e+00  constant
     8 beta_CBO     0.00000e+00  1.00000e-03     no limits
     9 alpha_2CBO   0.00000e+00  1.00000e-03     no limits
    10 beta_2CBO    0.00000e+00  1.00000e-03     no limits
    11 alpha_y      0.00000e+00  1.00000e-03     no limits
    12 w_y          1.38860e+01  constant
    13 beta_y       0.00000e+00  1.00000e-03     no limits
    14 alpha_vw     0.00000e+00  1.00000e-03     no limits
    15 w_vw         1.43404e+01  constant
    16 beta_vw      0.00000e+00  1.00000e-03     no limits
    17 LM           5.13638e-05  constant
    18 zeta_y       0.00000e+00  constant
    19 zeta_vw      0.00000e+00  constant
    20 T_CBO        1.00000e+02  1.00000e+00    0.00000e+00  1.00000e+03
    21 alpha_A0     0.00000e+00  1.00000e-03     no limits
    22 beta_A0      0.00000e+00  1.00000e-03     no limits
    23 alpha_phi    0.00000e+00  1.00000e-03     no limits
    24 beta_phi     0.00000e+00  1.00000e-03     no limits
MINUIT - FIT ONLY WIGGLE
 **********
 **    3 **FIX            5
 **********
 PARAMETER    5  IS CONSTANT.   IGNORED.
 **********
 **    4 **FIX            6
 **********
 **********
 **    5 **FIX            7
 **********
 PARAMETER    7  IS CONSTANT.   IGNORED.
 **********
 **    6 **FIX            8
 **********
 **********
 **    7 **FIX            9
 **********
 **********
 **    8 **FIX           10
 **********
 **********
 **    9 **FIX           11
 **********
 **********
 **   10 **FIX           12
 **********
 PARAMETER   12  IS CONSTANT.   IGNORED.
 **********
 **   11 **FIX           13
 **********
 **********
 **   12 **FIX           14
 **********
 **********
 **   13 **FIX           15
 **********
 PARAMETER   15  IS CONSTANT.   IGNORED.
 **********
 **   14 **FIX           16
 **********
 **********
 **   15 **MIGRAD
 **********
 FIRST CALL TO USER FUNCTION AT NEW START POINT, WITH IFLAG=4.
 START MIGRAD MINIMIZATION.  STRATEGY  1.  CONVERGENCE WHEN EDM .LT. 1.00e-04
 FCN=475.445 FROM MIGRAD    STATUS=INITIATE      435 CALLS         436 TOTAL
                     EDM= unknown      STRATEGY= 1      NO ERROR MATRIX       
  EXT PARAMETER               CURRENT GUESS       STEP         FIRST   
  NO.   NAME      VALUE            ERROR          SIZE      DERIVATIVE 
   1  N0           3.07359e+06   1.00000e+02   0.00000e+00   3.77262e-03
   2  tau          6.44052e+01   constant   
   3  A0           3.48563e-01   1.00000e-04   0.00000e+00   1.93939e+04
   4  phi          4.11545e+00   1.00000e-02   0.00000e+00   4.26716e+03
   5  R           -6.12271e+01   constant   
   6  alpha_CBO    0.00000e+00     fixed    
   7  w_CBO        2.32500e+00   constant   
   8  beta_CBO     0.00000e+00     fixed    
   9  alpha_2CBO   0.00000e+00     fixed    
  10  beta_2CBO    0.00000e+00     fixed    
  11  alpha_y      0.00000e+00     fixed    
  12  w_y          1.38860e+01   constant   
  13  beta_y       0.00000e+00     fixed    
  14  alpha_vw     0.00000e+00     fixed    
  15  w_vw         1.43404e+01   constant   
  16  beta_vw      0.00000e+00     fixed    
  17  LM           5.13638e-05   constant   
  18  zeta_y       0.00000e+00   constant   
  19  zeta_vw      0.00000e+00   constant   
  20  T_CBO        1.00000e+02   1.00000e+00   0.00000e+00   0.00000e+00
  21  alpha_A0     0.00000e+00   1.00000e-03   0.00000e+00  -1.53892e+02
  22  beta_A0      0.00000e+00   1.00000e-03   0.00000e+00  -5.68335e+02
  23  alpha_phi    0.00000e+00   1.00000e-03   0.00000e+00  -9.78675e+02
  24  beta_phi     0.00000e+00   1.00000e-03   0.00000e+00   3.67154e+01
 CALL LIMIT EXCEEDED IN MIGRAD.
 MIGRAD TERMINATED WITHOUT CONVERGENCE.
 FCN=460.65 FROM MIGRAD    STATUS=CALL LIMIT   1322 CALLS        1323 TOTAL
                     EDM=0.00386539    STRATEGY= 1  ERROR MATRIX UNCERTAINTY   2.3 per cent
  EXT PARAMETER                APPROXIMATE        STEP         FIRST   
  NO.   NAME      VALUE            ERROR          SIZE      DERIVATIVE 
   1  N0           3.07310e+06   5.16443e+02   6.69822e+00  -2.83773e-05
   2  tau          6.44052e+01   constant   
   3  A0           3.48122e-01   2.05623e-04   1.39021e-06   5.62858e+01
   4  phi          4.11492e+00   6.45755e-04  -5.61983e-06   1.07216e+02
   5  R           -6.12271e+01   constant   
   6  alpha_CBO    0.00000e+00     fixed    
   7  w_CBO        2.32500e+00   constant   
   8  beta_CBO     0.00000e+00     fixed    
   9  alpha_2CBO   0.00000e+00     fixed    
  10  beta_2CBO    0.00000e+00     fixed    
  11  alpha_y      0.00000e+00     fixed    
  12  w_y          1.38860e+01   constant   
  13  beta_y       0.00000e+00     fixed    
  14  alpha_vw     0.00000e+00     fixed    
  15  w_vw         1.43404e+01   constant   
  16  beta_vw      0.00000e+00     fixed    
  17  LM           5.13638e-05   constant   
  18  zeta_y       0.00000e+00   constant   
  19  zeta_vw      0.00000e+00   constant   
  20  T_CBO        3.19896e+01   1.60437e+01  -5.31720e-03  -7.75862e+00
  21  alpha_A0    -4.43961e-02   1.06150e-01  -5.75520e-03   1.00977e-01
  22  beta_A0      2.59097e-01   6.18783e-01   3.35218e-02  -1.23796e+00
  23  alpha_phi    4.71226e-01   1.11687e+00   6.06587e-02  -8.57423e-02
  24  beta_phi    -7.88996e-02   2.03558e-01  -1.10578e-02  -5.01775e-01
 EXTERNAL ERROR MATRIX.    NDIM=  25    NPAR=  8    ERR DEF=1
  2.667e+05  1.642e-02  2.627e-02 -7.428e+02 -6.849e+00  4.132e+01  7.450e+01 -1.369e+01 
  1.642e-02  4.228e-08 -1.151e-08 -2.928e-04 -1.797e-06  1.101e-05  1.977e-05 -3.546e-06 
  2.627e-02 -1.151e-08  4.170e-07  5.580e-04  2.767e-06 -1.931e-05 -3.446e-05  6.313e-06 
 -7.428e+02 -2.928e-04  5.580e-04  2.581e+02  1.691e+00 -9.860e+00 -1.781e+01  3.244e+00 
 -6.849e+00 -1.797e-06  2.767e-06  1.691e+00  1.127e-02 -6.561e-02 -1.184e-01  2.158e-02 
  4.132e+01  1.101e-05 -1.931e-05 -9.860e+00 -6.561e-02  3.829e-01  6.911e-01 -1.259e-01 
  7.450e+01  1.977e-05 -3.446e-05 -1.781e+01 -1.184e-01  6.911e-01  1.247e+00 -2.273e-01 
 -1.369e+01 -3.546e-06  6.313e-06  3.244e+00  2.158e-02 -1.259e-01 -2.273e-01  4.144e-02 
ERR MATRIX APPROXIMATE
 PARAMETER  CORRELATION COEFFICIENTS  
       NO.  GLOBAL      1      3      4     20     21     22     23     24
        1  0.39956   1.000  0.155  0.079 -0.090 -0.125  0.129  0.129 -0.130
        3  0.22844   0.155  1.000 -0.087 -0.089 -0.082  0.087  0.086 -0.085
        4  0.22453   0.079 -0.087  1.000  0.054  0.040 -0.048 -0.048  0.048
       20  0.99379  -0.090 -0.089  0.054  1.000  0.991 -0.992 -0.992  0.992
       21  0.99897  -0.125 -0.082  0.040  0.991  1.000 -0.999 -0.999  0.999
       22  0.99994   0.129  0.087 -0.048 -0.992 -0.999  1.000  1.000 -1.000
       23  0.99996   0.129  0.086 -0.048 -0.992 -0.999  1.000  1.000 -1.000
       24  0.99972  -0.130 -0.085  0.048  0.992  0.999 -1.000 -1.000  1.000
 ERR MATRIX APPROXIMATE
MINUIT - FIT ONLY 1-CBO + wiggle
 **********
 **   16 **RES 
 **********
                   PARAMETER   16  beta_vw RESTORED TO VARIABLE.
                   PARAMETER   14  alpha_vw RESTORED TO VARIABLE.
                   PARAMETER   13  beta_y RESTORED TO VARIABLE.
                   PARAMETER   11  alpha_y RESTORED TO VARIABLE.
                   PARAMETER   10  beta_2CBO RESTORED TO VARIABLE.
                   PARAMETER    9  alpha_2CBO RESTORED TO VARIABLE.
                   PARAMETER    8  beta_CBO RESTORED TO VARIABLE.
                   PARAMETER    6  alpha_CBO RESTORED TO VARIABLE.
 **********
 **   17 **FIX            8
 **********
 **********
 **   18 **FIX            9
 **********
 **********
 **   19 **FIX           11
 **********
 **********
 **   20 **FIX           12
 **********
 PARAMETER   12  IS CONSTANT.   IGNORED.
 **********
 **   21 **FIX           14
 **********
 **********
 **   22 **FIX           15
 **********
 PARAMETER   15  IS CONSTANT.   IGNORED.
 **********
 **   23 **FIX           16
 **********
 **********
 **   24 **MIGRAD
 **********
 START MIGRAD MINIMIZATION.  STRATEGY  1.  CONVERGENCE WHEN EDM .LT. 1.00e-04
 FCN=460.65 FROM MIGRAD    STATUS=INITIATE       28 CALLS        1351 TOTAL
                     EDM= unknown      STRATEGY= 1      NO ERROR MATRIX       
  EXT PARAMETER               CURRENT GUESS       STEP         FIRST   
  NO.   NAME      VALUE            ERROR          SIZE      DERIVATIVE 
   1  N0           3.07310e+06   5.16443e+02   6.69822e+00  -2.83773e-05
   2  tau          6.44052e+01   constant   
   3  A0           3.48122e-01   2.05623e-04   1.39021e-06   5.62858e+01
   4  phi          4.11492e+00   6.45755e-04  -5.61983e-06   1.07216e+02
   5  R           -6.12271e+01   constant   
   6  alpha_CBO    0.00000e+00   1.00000e-03   1.00000e-03  -1.63890e+05
   7  w_CBO        2.32500e+00   constant   
   8  beta_CBO     0.00000e+00     fixed    
   9  alpha_2CBO   0.00000e+00     fixed    
  10  beta_2CBO    0.00000e+00   1.00000e-03   1.00000e-03  -2.24118e+04
  11  alpha_y      0.00000e+00     fixed    
  12  w_y          1.38860e+01   constant   
  13  beta_y       0.00000e+00   1.00000e-03   1.00000e-03   7.86136e+03
  14  alpha_vw     0.00000e+00     fixed    
  15  w_vw         1.43404e+01   constant   
  16  beta_vw      0.00000e+00     fixed    
  17  LM           5.13638e-05   constant   
  18  zeta_y       0.00000e+00   constant   
  19  zeta_vw      0.00000e+00   constant   
  20  T_CBO        3.19896e+01   1.60437e+01  -5.31720e-03  -7.75873e+00
  21  alpha_A0    -4.43961e-02   1.06150e-01  -5.75520e-03   1.00977e-01
  22  beta_A0      2.59097e-01   6.18783e-01   3.35218e-02  -1.23796e+00
  23  alpha_phi    4.71226e-01   1.11687e+00   6.06587e-02  -8.57423e-02
  24  beta_phi    -7.88996e-02   2.03558e-01  -1.10578e-02  -5.01775e-01
 CALL LIMIT EXCEEDED IN MIGRAD.
 MIGRAD TERMINATED WITHOUT CONVERGENCE.
 FCN=72.1058 FROM MIGRAD    STATUS=CALL LIMIT   1917 CALLS        3240 TOTAL
                     EDM=0.00420101    STRATEGY= 1  ERROR MATRIX UNCERTAINTY   0.7 per cent
  EXT PARAMETER                APPROXIMATE        STEP         FIRST   
  NO.   NAME      VALUE            ERROR          SIZE      DERIVATIVE 
   1  N0           3.07321e+06   5.03710e+02  -3.21316e+00   2.83246e-05
   2  tau          6.44052e+01   constant   
   3  A0           3.48425e-01   1.96784e-04   2.98903e-07   2.81058e+01
   4  phi          4.11695e+00   6.30714e-04  -4.36709e-06  -2.91010e+00
   5  R           -6.12271e+01   constant   
   6  alpha_CBO    4.65394e-03   2.38960e-04  -2.03620e-06  -4.08243e+01
   7  w_CBO        2.32500e+00   constant   
   8  beta_CBO     0.00000e+00     fixed    
   9  alpha_2CBO   0.00000e+00     fixed    
  10  beta_2CBO    5.63173e-04   2.24578e-04  -1.40725e-06   8.89452e+00
  11  alpha_y      0.00000e+00     fixed    
  12  w_y          1.38860e+01   constant   
  13  beta_y      -1.61548e-04   2.26075e-04   1.31845e-06   4.54578e+01
  14  alpha_vw     0.00000e+00     fixed    
  15  w_vw         1.43404e+01   constant   
  16  beta_vw      0.00000e+00     fixed    
  17  LM           5.13638e-05   constant   
  18  zeta_y       0.00000e+00   constant   
  19  zeta_vw      0.00000e+00   constant   
  20  T_CBO        8.97692e+01   6.06180e+01   2.58228e-03   3.15883e-01
  21  alpha_A0     1.09628e-02   1.70739e-02  -1.02600e-04  -2.27215e+00
  22  beta_A0      1.19169e-02   1.71524e-02  -4.89747e-05  -1.74918e+00
  23  alpha_phi    3.12511e-02   4.15612e-02  -2.94569e-04   4.58220e+00
  24  beta_phi     3.00125e-03   7.44067e-03   1.91642e-05   5.65964e+00
 EXTERNAL ERROR MATRIX.    NDIM=  25    NPAR= 11    ERR DEF=1
  2.537e+05 
  1.270e-02  3.872e-08 
  5.390e-02  1.339e-09  3.978e-07 
  4.648e-03  4.464e-09  2.881e-08  5.710e-08 
 -3.019e-03  1.400e-10  1.136e-09  7.727e-10  5.044e-08 
 -4.468e-04 -7.011e-10 -4.098e-10 -3.571e-10  1.184e-09  5.111e-08 
 -1.336e+03 -1.919e-04 -4.181e-03 -2.211e-03 -1.430e-03  2.194e-03  3.731e+03 
  6.518e-01  2.737e-07  4.120e-07  6.473e-07  5.151e-07 -5.339e-07 -9.129e-01  2.915e-04 
  8.551e-01  5.784e-08  1.630e-06  5.245e-07  4.404e-07 -4.662e-07 -9.595e-01  2.240e-04  2.942e-04 
  1.260e+00 -2.998e-08  3.620e-06  1.802e-06  7.462e-07 -1.530e-06 -2.497e+00  5.873e-04  6.486e-04  1.727e-03 
 -5.231e-01  1.037e-07 -8.608e-08  2.003e-07  2.206e-07 -1.464e-07 -1.222e-01  5.764e-05  1.928e-05  6.118e-05  5.536e-05 
ERR MATRIX APPROXIMATE
 PARAMETER  CORRELATION COEFFICIENTS  
       NO.  GLOBAL      1      3      4      6     10     13     20     21     22     23     24
        1  0.34196   1.000  0.128  0.170  0.039 -0.027 -0.004 -0.043  0.076  0.099  0.060 -0.140
        3  0.22473   0.128  1.000  0.011  0.095  0.003 -0.016 -0.016  0.081  0.017 -0.004  0.071
        4  0.32498   0.170  0.011  1.000  0.191  0.008 -0.003 -0.109  0.038  0.151  0.138 -0.018
        6  0.34502   0.039  0.095  0.191  1.000  0.014 -0.007 -0.151  0.159  0.128  0.181  0.113
       10  0.20048  -0.027  0.003  0.008  0.014  1.000  0.023 -0.104  0.134  0.114  0.080  0.132
       13  0.19308  -0.004 -0.016 -0.003 -0.007  0.023  1.000  0.159 -0.138 -0.120 -0.163 -0.087
       20  0.99155  -0.043 -0.016 -0.109 -0.151 -0.104  0.159  1.000 -0.875 -0.916 -0.983 -0.269
       21  0.91677   0.076  0.081  0.038  0.159  0.134 -0.138 -0.875  1.000  0.765  0.828  0.454
       22  0.92469   0.099  0.017  0.151  0.128  0.114 -0.120 -0.916  0.765  1.000  0.910  0.151
       23  0.98795   0.060 -0.004  0.138  0.181  0.080 -0.163 -0.983  0.828  0.910  1.000  0.198
       24  0.61394  -0.140  0.071 -0.018  0.113  0.132 -0.087 -0.269  0.454  0.151  0.198  1.000
 ERR MATRIX APPROXIMATE
MINUIT - FIT ONLY 2-CBO
 **********
 **   25 **RES 
 **********
                   PARAMETER   16  beta_vw RESTORED TO VARIABLE.
                   PARAMETER   14  alpha_vw RESTORED TO VARIABLE.
                   PARAMETER   11  alpha_y RESTORED TO VARIABLE.
                   PARAMETER    9  alpha_2CBO RESTORED TO VARIABLE.
                   PARAMETER    8  beta_CBO RESTORED TO VARIABLE.
 **********
 **   26 **FIX            0
 **********
 PARAMETER    0  IS UNDEFINED. IGNORED.
 **********
 **   27 **FIX            1
 **********
 **********
 **   28 **FIX            2
 **********
 PARAMETER    2  IS CONSTANT.   IGNORED.
 **********
 **   29 **FIX            3
 **********
 **********
 **   30 **FIX            4
 **********
 **********
 **   31 **FIX            5
 **********
 PARAMETER    5  IS CONSTANT.   IGNORED.
 **********
 **   32 **FIX            6
 **********
 **********
 **   33 **FIX            7
 **********
 PARAMETER    7  IS CONSTANT.   IGNORED.
 **********
 **   34 **FIX           10
 **********
 **********
 **   35 **FIX           11
 **********
 **********
 **   36 **FIX           12
 **********
 PARAMETER   12  IS CONSTANT.   IGNORED.
 **********
 **   37 **FIX           13
 **********
 **********
 **   38 **FIX           14
 **********
 **********
 **   39 **FIX           15
 **********
 PARAMETER   15  IS CONSTANT.   IGNORED.
 **********
 **   40 **FIX           16
 **********
 **********
 **   41 **MIGRAD
 **********
 START MIGRAD MINIMIZATION.  STRATEGY  1.  CONVERGENCE WHEN EDM .LT. 1.00e-04
 FCN=72.1058 FROM MIGRAD    STATUS=INITIATE       18 CALLS        3258 TOTAL
                     EDM= unknown      STRATEGY= 1      NO ERROR MATRIX       
  EXT PARAMETER               CURRENT GUESS       STEP         FIRST   
  NO.   NAME      VALUE            ERROR          SIZE      DERIVATIVE 
   1  N0           3.07321e+06     fixed    
   2  tau          6.44052e+01   constant   
   3  A0           3.48425e-01     fixed    
   4  phi          4.11695e+00     fixed    
   5  R           -6.12271e+01   constant   
   6  alpha_CBO    4.65394e-03     fixed    
   7  w_CBO        2.32500e+00   constant   
   8  beta_CBO     0.00000e+00   1.00000e-03   1.00000e-03   3.27421e+04
   9  alpha_2CBO   0.00000e+00   1.00000e-03   1.00000e-03   1.89558e+04
  10  beta_2CBO    5.63173e-04     fixed    
  11  alpha_y      0.00000e+00     fixed    
  12  w_y          1.38860e+01   constant   
  13  beta_y      -1.61548e-04     fixed    
  14  alpha_vw     0.00000e+00     fixed    
  15  w_vw         1.43404e+01   constant   
  16  beta_vw      0.00000e+00     fixed    
  17  LM           5.13638e-05   constant   
  18  zeta_y       0.00000e+00   constant   
  19  zeta_vw      0.00000e+00   constant   
  20  T_CBO        8.97692e+01   6.06180e+01   2.58228e-03   3.15883e-01
  21  alpha_A0     1.09628e-02   1.70739e-02  -1.02600e-04  -2.27215e+00
  22  beta_A0      1.19169e-02   1.71524e-02  -4.89747e-05  -1.74918e+00
  23  alpha_phi    3.12511e-02   4.15612e-02  -2.94569e-04   4.58220e+00
  24  beta_phi     3.00125e-03   7.44067e-03   1.91642e-05   5.65964e+00
 CALL LIMIT EXCEEDED IN MIGRAD.
 MIGRAD TERMINATED WITHOUT CONVERGENCE.
 FCN=52.4078 FROM MIGRAD    STATUS=CALL LIMIT   1159 CALLS        4399 TOTAL
                     EDM=0.000486977    STRATEGY= 1  ERROR MATRIX UNCERTAINTY  17.7 per cent
  EXT PARAMETER                APPROXIMATE        STEP         FIRST   
  NO.   NAME      VALUE            ERROR          SIZE      DERIVATIVE 
   1  N0           3.07321e+06     fixed    
   2  tau          6.44052e+01   constant   
   3  A0           3.48425e-01     fixed    
   4  phi          4.11695e+00     fixed    
   5  R           -6.12271e+01   constant   
   6  alpha_CBO    4.65394e-03     fixed    
   7  w_CBO        2.32500e+00   constant   
   8  beta_CBO    -8.80673e-04   2.23128e-04   2.78587e-07  -3.11526e+01
   9  alpha_2CBO  -5.47269e-04   2.26989e-04   1.92391e-07  -1.71343e+01
  10  beta_2CBO    5.63173e-04     fixed    
  11  alpha_y      0.00000e+00     fixed    
  12  w_y          1.38860e+01   constant   
  13  beta_y      -1.61548e-04     fixed    
  14  alpha_vw     0.00000e+00     fixed    
  15  w_vw         1.43404e+01   constant   
  16  beta_vw      0.00000e+00     fixed    
  17  LM           5.13638e-05   constant   
  18  zeta_y       0.00000e+00   constant   
  19  zeta_vw      0.00000e+00   constant   
  20  T_CBO        8.05495e+02   5.96265e+02   3.24306e-02  -3.50586e-03
  21  alpha_A0     1.68943e-03   1.74254e-03  -1.30911e-06  -6.78355e+00
  22  beta_A0      1.69893e-03   1.60976e-03  -1.62417e-06   9.48276e-01
  23  alpha_phi    5.41783e-03   3.07710e-03   3.20460e-07   4.93148e+00
  24  beta_phi    -3.44729e-04   1.16448e-03   4.21288e-06   1.68260e+01
 EXTERNAL ERROR MATRIX.    NDIM=  25    NPAR=  7    ERR DEF=1
  4.979e-08  1.448e-09 -3.167e-02  1.458e-08  6.659e-08  5.752e-08  3.373e-08 
  1.448e-09  5.152e-08 -2.094e-02  4.499e-08 -1.048e-08  4.323e-08  3.287e-08 
 -3.167e-02 -2.094e-02  4.369e+06 -2.422e+00 -2.022e+00 -5.988e+00  1.318e+00 
  1.458e-08  4.499e-08 -2.422e+00  3.036e-06  1.265e-06  2.995e-06 -2.045e-07 
  6.659e-08 -1.048e-08 -2.022e+00  1.265e-06  2.591e-06  2.751e-06 -6.140e-07 
  5.752e-08  4.323e-08 -5.988e+00  2.995e-06  2.751e-06  9.469e-06 -2.129e-06 
  3.373e-08  3.287e-08  1.318e+00 -2.045e-07 -6.140e-07 -2.129e-06  1.356e-06 
ERR MATRIX APPROXIMATE
 PARAMETER  CORRELATION COEFFICIENTS  
       NO.  GLOBAL      8      9     20     21     22     23     24
        8  0.32096   1.000  0.029 -0.068  0.037  0.185  0.084  0.130
        9  0.23361   0.029  1.000 -0.044  0.114 -0.029  0.062  0.124
       20  0.95083  -0.068 -0.044  1.000 -0.665 -0.601 -0.931  0.541
       21  0.74515   0.037  0.114 -0.665  1.000  0.451  0.559 -0.101
       22  0.62877   0.185 -0.029 -0.601  0.451  1.000  0.555 -0.328
       23  0.93977   0.084  0.062 -0.931  0.559  0.555  1.000 -0.594
       24  0.70297   0.130  0.124  0.541 -0.101 -0.328 -0.594  1.000
 ERR MATRIX APPROXIMATE
MINUIT - FIT wiggle + 1-CBO + 2-CBO
 **********
 **   42 **RES 
 **********
                   PARAMETER   16  beta_vw RESTORED TO VARIABLE.
                   PARAMETER   14  alpha_vw RESTORED TO VARIABLE.
                   PARAMETER   13  beta_y RESTORED TO VARIABLE.
                   PARAMETER   11  alpha_y RESTORED TO VARIABLE.
                   PARAMETER   10  beta_2CBO RESTORED TO VARIABLE.
                   PARAMETER    6  alpha_CBO RESTORED TO VARIABLE.
                   PARAMETER    4  phi RESTORED TO VARIABLE.
                   PARAMETER    3  A0 RESTORED TO VARIABLE.
                   PARAMETER    1  N0 RESTORED TO VARIABLE.
 **********
 **   43 **FIX           10
 **********
 **********
 **   44 **FIX           11
 **********
 **********
 **   45 **FIX           12
 **********
 PARAMETER   12  IS CONSTANT.   IGNORED.
 **********
 **   46 **FIX           13
 **********
 **********
 **   47 **FIX           14
 **********
 **********
 **   48 **FIX           15
 **********
 PARAMETER   15  IS CONSTANT.   IGNORED.
 **********
 **   49 **FIX           16
 **********
 **********
 **   50 **MIGRAD
 **********
 START MIGRAD MINIMIZATION.  STRATEGY  1.  CONVERGENCE WHEN EDM .LT. 1.00e-04
 FCN=52.4078 FROM MIGRAD    STATUS=INITIATE       22 CALLS        4421 TOTAL
                     EDM= unknown      STRATEGY= 1      NO ERROR MATRIX       
  EXT PARAMETER               CURRENT GUESS       STEP         FIRST   
  NO.   NAME      VALUE            ERROR          SIZE      DERIVATIVE 
   1  N0           3.07321e+06   5.03710e+02   5.03710e+02   2.88998e-05
   2  tau          6.44052e+01   constant   
   3  A0           3.48425e-01   1.96784e-04   1.96784e-04  -6.49985e+03
   4  phi          4.11695e+00   6.30714e-04   6.30714e-04   1.37968e+03
   5  R           -6.12271e+01   constant   
   6  alpha_CBO    4.65394e-03   2.38960e-04   2.38960e-04  -8.36648e+02
   7  w_CBO        2.32500e+00   constant   
   8  beta_CBO    -8.80673e-04   2.23128e-04   2.78587e-07  -3.11526e+01
   9  alpha_2CBO  -5.47269e-04   2.26989e-04   1.92391e-07  -1.71343e+01
  10  beta_2CBO    5.63173e-04     fixed    
  11  alpha_y      0.00000e+00     fixed    
  12  w_y          1.38860e+01   constant   
  13  beta_y      -1.61548e-04     fixed    
  14  alpha_vw     0.00000e+00     fixed    
  15  w_vw         1.43404e+01   constant   
  16  beta_vw      0.00000e+00     fixed    
  17  LM           5.13638e-05   constant   
  18  zeta_y       0.00000e+00   constant   
  19  zeta_vw      0.00000e+00   constant   
  20  T_CBO        8.05495e+02   5.96265e+02   3.24306e-02  -3.50885e-03
  21  alpha_A0     1.68943e-03   1.74254e-03  -1.30911e-06  -6.78356e+00
  22  beta_A0      1.69893e-03   1.60976e-03  -1.62417e-06   9.48284e-01
  23  alpha_phi    5.41783e-03   3.07710e-03   3.20460e-07   4.93148e+00
  24  beta_phi    -3.44729e-04   1.16448e-03   4.21288e-06   1.68260e+01
 MIGRAD MINIMIZATION HAS CONVERGED.
 MIGRAD WILL VERIFY CONVERGENCE AND ERROR MATRIX.
 COVARIANCE MATRIX CALCULATED SUCCESSFULLY
 FCN=51.6661 FROM HESSE     STATUS=OK            100 CALLS        4643 TOTAL
                     EDM=0.00462296    STRATEGY= 1      ERROR MATRIX ACCURATE 
  EXT PARAMETER                                   STEP         FIRST   
  NO.   NAME      VALUE            ERROR          SIZE      DERIVATIVE 
   1  N0           3.07323e+06   5.27508e+02   1.73466e+00   3.75408e-06
   2  tau          6.44052e+01   constant   
   3  A0           3.48582e-01   2.19272e-04   7.15854e-07  -5.13889e+00
   4  phi          4.11662e+00   6.57965e-04   2.20282e-06  -1.98554e+00
   5  R           -6.12271e+01   constant   
   6  alpha_CBO    4.66978e-03   2.38567e-04   8.15047e-07   5.93707e+00
   7  w_CBO        2.32500e+00   constant   
   8  beta_CBO    -9.31434e-04   2.36913e-04   7.88109e-07  -6.94242e-01
   9  alpha_2CBO  -5.44070e-04   2.33176e-04   8.04396e-07   7.20624e-01
  10  beta_2CBO    5.63173e-04     fixed    
  11  alpha_y      0.00000e+00     fixed    
  12  w_y          1.38860e+01   constant   
  13  beta_y      -1.61548e-04     fixed    
  14  alpha_vw     0.00000e+00     fixed    
  15  w_vw         1.43404e+01   constant   
  16  beta_vw      0.00000e+00     fixed    
  17  LM           5.13638e-05   constant   
  18  zeta_y       0.00000e+00   constant   
  19  zeta_vw      0.00000e+00   constant   
  20  T_CBO        7.68640e+02   8.72396e+02   5.32804e-03   2.05402e-03
  21  alpha_A0     1.86189e-03   7.92687e-03   3.82941e-06  -1.06075e+00
  22  beta_A0      1.59262e-03   6.83704e-03   3.96096e-06  -1.03631e+00
  23  alpha_phi    5.33155e-03   2.20325e-02   3.85417e-06  -2.30556e+00
  24  beta_phi    -3.22762e-04   1.77935e-03   3.43867e-06   1.60635e-01
 CALL LIMIT EXCEEDED IN MIGRAD.
 MIGRAD TERMINATED WITHOUT CONVERGENCE.
 FCN=51.627 FROM MIGRAD    STATUS=CALL LIMIT   1908 CALLS        6307 TOTAL
                     EDM=0.000134889    STRATEGY= 1  ERROR MATRIX UNCERTAINTY   0.2 per cent
  EXT PARAMETER                APPROXIMATE        STEP         FIRST   
  NO.   NAME      VALUE            ERROR          SIZE      DERIVATIVE 
   1  N0           3.07325e+06   5.20003e+02  -1.41999e-01  -2.72416e-06
   2  tau          6.44052e+01   constant   
   3  A0           3.48604e-01   2.17588e-04   1.19643e-07   2.80844e+00
   4  phi          4.11663e+00   6.57343e-04  -5.68110e-07   5.94488e+00
   5  R           -6.12271e+01   constant   
   6  alpha_CBO    4.66893e-03   2.38655e-04   7.98307e-08  -1.02213e+01
   7  w_CBO        2.32500e+00   constant   
   8  beta_CBO    -9.35544e-04   2.39319e-04  -2.96471e-08  -3.48302e+00
   9  alpha_2CBO  -5.44112e-04   2.33385e-04   2.18851e-07  -8.24405e+00
  10  beta_2CBO    5.63173e-04     fixed    
  11  alpha_y      0.00000e+00     fixed    
  12  w_y          1.38860e+01   constant   
  13  beta_y      -1.61548e-04     fixed    
  14  alpha_vw     0.00000e+00     fixed    
  15  w_vw         1.43404e+01   constant   
  16  beta_vw      0.00000e+00     fixed    
  17  LM           5.13638e-05   constant   
  18  zeta_y       0.00000e+00   constant   
  19  zeta_vw      0.00000e+00   constant   
  20  T_CBO        8.93321e+01   1.05904e+02  -4.65633e-04  -1.90590e-02
  21  alpha_A0     1.04797e-02   2.57725e-02   7.31084e-05   1.03679e+00
  22  beta_A0      8.95362e-03   1.83202e-02   2.83656e-05  -2.95648e+00
  23  alpha_phi    2.89886e-02   6.67344e-02   1.71387e-04  -1.84453e-02
  24  beta_phi    -2.07476e-03   5.47264e-03  -1.55509e-05  -9.62283e-03
 EXTERNAL ERROR MATRIX.    NDIM=  25    NPAR= 11    ERR DEF=1
  2.704e+05 
  1.836e-02  4.734e-08 
  5.014e-02 -1.373e-08  4.321e-07 
  1.446e-04  2.908e-09  2.727e-08  5.696e-08 
 -2.877e-03 -1.245e-08  2.495e-08  7.319e-10  5.727e-08 
  3.486e-03  5.834e-11 -9.048e-09 -2.179e-09  7.587e-10  5.447e-08 
 -7.544e+02 -3.896e-03  4.827e-03 -2.076e-05  2.257e-03 -1.360e-03  1.177e+04 
  4.111e-01  9.521e-07 -1.147e-06  1.007e-07 -5.561e-07  4.022e-07 -2.780e+00  6.642e-04 
  3.526e-01  6.050e-07 -4.165e-07  5.951e-08 -2.256e-07  1.888e-07 -1.959e+00  4.617e-04  3.356e-04 
  9.334e-01  2.343e-06 -2.530e-06  2.502e-07 -1.308e-06  9.331e-07 -7.217e+00  1.716e-03  1.205e-03  4.453e-03 
 -1.634e-01 -1.890e-07  2.063e-07 -9.962e-09  1.529e-07 -4.579e-08  5.801e-01 -1.384e-04 -9.630e-05 -3.584e-04  2.995e-05 
ERR MATRIX APPROXIMATE
 PARAMETER  CORRELATION COEFFICIENTS  
       NO.  GLOBAL      1      3      4      6      8      9     20     21     22     23     24
        1  0.36429   1.000  0.162  0.147  0.001 -0.023  0.029 -0.013  0.031  0.037  0.027 -0.057
        3  0.36295   0.162  1.000 -0.096  0.056 -0.239  0.001 -0.165  0.170  0.152  0.161 -0.159
        4  0.34179   0.147 -0.096  1.000  0.174  0.159 -0.059  0.068 -0.068 -0.035 -0.058  0.057
        6  0.26835   0.001  0.056  0.174  1.000  0.013 -0.039 -0.001  0.016  0.014  0.016 -0.008
        8  0.36197  -0.023 -0.239  0.159  0.013  1.000  0.014  0.087 -0.090 -0.051 -0.082  0.117
        9  0.22046   0.029  0.001 -0.059 -0.039  0.014  1.000 -0.054  0.067  0.044  0.060 -0.036
       20  0.99712  -0.013 -0.165  0.068 -0.001  0.087 -0.054  1.000 -0.994 -0.986 -0.997  0.977
       21  0.99876   0.031  0.170 -0.068  0.016 -0.090  0.067 -0.994  1.000  0.978  0.998 -0.981
       22  0.99183   0.037  0.152 -0.035  0.014 -0.051  0.044 -0.986  0.978  1.000  0.986 -0.961
       23  0.99936   0.027  0.161 -0.058  0.016 -0.082  0.060 -0.997  0.998  0.986  1.000 -0.981
       24  0.98363  -0.057 -0.159  0.057 -0.008  0.117 -0.036  0.977 -0.981 -0.961 -0.981  1.000
 ERR MATRIX APPROXIMATE
MINUIT - FIT ONLY 1-y
 **********
 **   51 **RES 
 **********
                   PARAMETER   16  beta_vw RESTORED TO VARIABLE.
                   PARAMETER   14  alpha_vw RESTORED TO VARIABLE.
                   PARAMETER   13  beta_y RESTORED TO VARIABLE.
                   PARAMETER   11  alpha_y RESTORED TO VARIABLE.
                   PARAMETER   10  beta_2CBO RESTORED TO VARIABLE.
 **********
 **   52 **FIX            0
 **********
 PARAMETER    0  IS UNDEFINED. IGNORED.
 **********
 **   53 **FIX            1
 **********
 **********
 **   54 **FIX            2
 **********
 PARAMETER    2  IS CONSTANT.   IGNORED.
 **********
 **   55 **FIX            3
 **********
 **********
 **   56 **FIX            4
 **********
 **********
 **   57 **FIX            5
 **********
 PARAMETER    5  IS CONSTANT.   IGNORED.
 **********
 **   58 **FIX            6
 **********
 **********
 **   59 **FIX            7
 **********
 PARAMETER    7  IS CONSTANT.   IGNORED.
 **********
 **   60 **FIX            8
 **********
 **********
 **   61 **FIX            9
 **********
 **********
 **   62 **FIX           13
 **********
 **********
 **   63 **FIX           14
 **********
 **********
 **   64 **FIX           15
 **********
 PARAMETER   15  IS CONSTANT.   IGNORED.
 **********
 **   65 **FIX           16
 **********
 **********
 **   66 **MIGRAD
 **********
 START MIGRAD MINIMIZATION.  STRATEGY  1.  CONVERGENCE WHEN EDM .LT. 1.00e-04
 FCN=51.627 FROM MIGRAD    STATUS=INITIATE       16 CALLS        6323 TOTAL
                     EDM= unknown      STRATEGY= 1      NO ERROR MATRIX       
  EXT PARAMETER               CURRENT GUESS       STEP         FIRST   
  NO.   NAME      VALUE            ERROR          SIZE      DERIVATIVE 
   1  N0           3.07325e+06     fixed    
   2  tau          6.44052e+01   constant   
   3  A0           3.48604e-01     fixed    
   4  phi          4.11663e+00     fixed    
   5  R           -6.12271e+01   constant   
   6  alpha_CBO    4.66893e-03     fixed    
   7  w_CBO        2.32500e+00   constant   
   8  beta_CBO    -9.35544e-04     fixed    
   9  alpha_2CBO  -5.44112e-04     fixed    
  10  beta_2CBO    5.63173e-04   2.24578e-04   2.24578e-04  -7.38512e+02
  11  alpha_y      0.00000e+00   1.00000e-03   1.00000e-03   3.34704e+03
  12  w_y          1.38860e+01   constant   
  13  beta_y      -1.61548e-04     fixed    
  14  alpha_vw     0.00000e+00     fixed    
  15  w_vw         1.43404e+01   constant   
  16  beta_vw      0.00000e+00     fixed    
  17  LM           5.13638e-05   constant   
  18  zeta_y       0.00000e+00   constant   
  19  zeta_vw      0.00000e+00   constant   
  20  T_CBO        8.93321e+01   1.05904e+02  -4.65633e-04  -1.90595e-02
  21  alpha_A0     1.04797e-02   2.57725e-02   7.31084e-05   1.03679e+00
  22  beta_A0      8.95362e-03   1.83202e-02   2.83656e-05  -2.95648e+00
  23  alpha_phi    2.89886e-02   6.67344e-02   1.71387e-04  -1.84453e-02
  24  beta_phi    -2.07476e-03   5.47264e-03  -1.55509e-05  -9.62294e-03
 MIGRAD MINIMIZATION HAS CONVERGED.
 MIGRAD WILL VERIFY CONVERGENCE AND ERROR MATRIX.
 FCN=51.4746 FROM HESSE     STATUS=NOT POSDEF     50 CALLS        6420 TOTAL
                     EDM=0.000418959    STRATEGY= 1      ERR MATRIX NOT POS-DEF
  EXT PARAMETER                APPROXIMATE        STEP         FIRST   
  NO.   NAME      VALUE            ERROR          SIZE      DERIVATIVE 
   1  N0           3.07325e+06     fixed    
   2  tau          6.44052e+01   constant   
   3  A0           3.48604e-01     fixed    
   4  phi          4.11663e+00     fixed    
   5  R           -6.12271e+01   constant   
   6  alpha_CBO    4.66893e-03     fixed    
   7  w_CBO        2.32500e+00   constant   
   8  beta_CBO    -9.35544e-04     fixed    
   9  alpha_2CBO  -5.44112e-04     fixed    
  10  beta_2CBO    5.82509e-04   2.29913e-04   7.96666e-07  -2.23884e+00
  11  alpha_y     -8.67461e-05   2.27372e-04   8.05374e-07  -5.48104e-01
  12  w_y          1.38860e+01   constant   
  13  beta_y      -1.61548e-04     fixed    
  14  alpha_vw     0.00000e+00     fixed    
  15  w_vw         1.43404e+01   constant   
  16  beta_vw      0.00000e+00     fixed    
  17  LM           5.13638e-05   constant   
  18  zeta_y       0.00000e+00   constant   
  19  zeta_vw      0.00000e+00   constant   
  20  T_CBO        8.93176e+01   1.28457e+02   1.05682e-04   9.51016e-02
  21  alpha_A0     1.05088e-02   3.10147e-02   2.08185e-05   2.79066e-02
  22  beta_A0      9.03562e-03   2.70674e-02   2.16409e-05   6.05023e-02
  23  alpha_phi    2.89713e-02   8.28850e-02   2.09821e-05   2.09427e-02
  24  beta_phi    -2.03362e-03   8.19867e-03   1.86077e-05   1.07682e-01
 MIGRAD MINIMIZATION HAS CONVERGED.
 MIGRAD WILL VERIFY CONVERGENCE AND ERROR MATRIX.
 FCN=51.4693 FROM MIGRAD    STATUS=CONVERGED     635 CALLS        6942 TOTAL
                     EDM=5.11244e-06    STRATEGY= 1      ERR MATRIX NOT POS-DEF
  EXT PARAMETER                APPROXIMATE        STEP         FIRST   
  NO.   NAME      VALUE            ERROR          SIZE      DERIVATIVE 
   1  N0           3.07325e+06     fixed    
   2  tau          6.44052e+01   constant   
   3  A0           3.48604e-01     fixed    
   4  phi          4.11663e+00     fixed    
   5  R           -6.12271e+01   constant   
   6  alpha_CBO    4.66893e-03     fixed    
   7  w_CBO        2.32500e+00   constant   
   8  beta_CBO    -9.35544e-04     fixed    
   9  alpha_2CBO  -5.44112e-04     fixed    
  10  beta_2CBO    5.81957e-04   2.29978e-04   7.96627e-07   3.91061e+00
  11  alpha_y     -8.70340e-05   2.27399e-04   8.05335e-07   1.54448e+00
  12  w_y          1.38860e+01   constant   
  13  beta_y      -1.61548e-04     fixed    
  14  alpha_vw     0.00000e+00     fixed    
  15  w_vw         1.43404e+01   constant   
  16  beta_vw      0.00000e+00     fixed    
  17  LM           5.13638e-05   constant   
  18  zeta_y       0.00000e+00   constant   
  19  zeta_vw      0.00000e+00   constant   
  20  T_CBO        6.53282e+01   7.03310e+01   6.58153e-05  -1.18426e-01
  21  alpha_A0     2.14237e-02   6.31734e-02   4.14505e-05  -6.72795e-02
  22  beta_A0      1.85338e-02   5.54685e-02   4.31708e-05  -2.37487e-02
  23  alpha_phi    5.85433e-02   1.67461e-01   4.17965e-05  -1.77696e-01
  24  beta_phi    -4.37775e-03   1.71627e-02   3.69762e-05   5.89587e-02
 EXTERNAL ERROR MATRIX.    NDIM=  25    NPAR=  7    ERR DEF=1
  5.289e-08  2.090e-10  1.302e-04  1.404e-07  1.751e-07 -7.530e-07  1.379e-07 
  2.090e-10  5.171e-08  9.199e-05 -7.756e-08 -3.511e-08 -2.744e-07 -1.073e-08 
  1.302e-04  9.199e-05  5.086e+03 -4.423e+00 -3.854e+00 -1.191e+01  9.584e-01 
  1.404e-07 -7.756e-08 -4.423e+00  3.991e-03  3.348e-03  1.034e-02 -8.221e-04 
  1.751e-07 -3.511e-08 -3.854e+00  3.348e-03  3.077e-03  9.038e-03 -7.342e-04 
 -7.530e-07 -2.744e-07 -1.191e+01  1.034e-02  9.038e-03  2.804e-02 -2.253e-03 
  1.379e-07 -1.073e-08  9.584e-01 -8.221e-04 -7.342e-04 -2.253e-03  2.946e-04 
ERR MATRIX NOT POS-DEF
 PARAMETER  CORRELATION COEFFICIENTS  
       NO.  GLOBAL     10     11     20     21     22     23     24
       10  0.21004   1.000  0.004  0.008  0.010  0.014 -0.020  0.035
       11  0.02869   0.004  1.000  0.006 -0.005 -0.003 -0.007 -0.003
       20  0.99796   0.008  0.006  1.000 -0.982 -0.974 -0.997  0.783
       21  0.98217   0.010 -0.005 -0.982  1.000  0.955  0.978 -0.758
       22  0.97482   0.014 -0.003 -0.974  0.955  1.000  0.973 -0.771
       23  0.99744  -0.020 -0.007 -0.997  0.978  0.973  1.000 -0.784
       24  0.78680   0.035 -0.003  0.783 -0.758 -0.771 -0.784  1.000
 ERR MATRIX NOT POS-DEF
MINUIT - FIT ONLY 2-y
 **********
 **   67 **RES 
 **********
                   PARAMETER   16  beta_vw RESTORED TO VARIABLE.
                   PARAMETER   14  alpha_vw RESTORED TO VARIABLE.
                   PARAMETER   13  beta_y RESTORED TO VARIABLE.
                   PARAMETER    9  alpha_2CBO RESTORED TO VARIABLE.
                   PARAMETER    8  beta_CBO RESTORED TO VARIABLE.
                   PARAMETER    6  alpha_CBO RESTORED TO VARIABLE.
                   PARAMETER    4  phi RESTORED TO VARIABLE.
                   PARAMETER    3  A0 RESTORED TO VARIABLE.
                   PARAMETER    1  N0 RESTORED TO VARIABLE.
 **********
 **   68 **FIX            0
 **********
 PARAMETER    0  IS UNDEFINED. IGNORED.
 **********
 **   69 **FIX            1
 **********
 **********
 **   70 **FIX            2
 **********
 PARAMETER    2  IS CONSTANT.   IGNORED.
 **********
 **   71 **FIX            3
 **********
 **********
 **   72 **FIX            4
 **********
 **********
 **   73 **FIX            5
 **********
 PARAMETER    5  IS CONSTANT.   IGNORED.
 **********
 **   74 **FIX            6
 **********
 **********
 **   75 **FIX            7
 **********
 PARAMETER    7  IS CONSTANT.   IGNORED.
 **********
 **   76 **FIX            8
 **********
 **********
 **   77 **FIX            9
 **********
 **********
 **   78 **FIX           10
 **********
 **********
 **   79 **FIX           11
 **********
 **********
 **   80 **FIX           12
 **********
 PARAMETER   12  IS CONSTANT.   IGNORED.
 **********
 **   81 **FIX           16
 **********
 **********
 **   82 **MIGRAD
 **********
 START MIGRAD MINIMIZATION.  STRATEGY  1.  CONVERGENCE WHEN EDM .LT. 1.00e-04
 FCN=51.4693 FROM MIGRAD    STATUS=INITIATE       16 CALLS        6958 TOTAL
                     EDM= unknown      STRATEGY= 1      NO ERROR MATRIX       
  EXT PARAMETER               CURRENT GUESS       STEP         FIRST   
  NO.   NAME      VALUE            ERROR          SIZE      DERIVATIVE 
   1  N0           3.07325e+06     fixed    
   2  tau          6.44052e+01   constant   
   3  A0           3.48604e-01     fixed    
   4  phi          4.11663e+00     fixed    
   5  R           -6.12271e+01   constant   
   6  alpha_CBO    4.66893e-03     fixed    
   7  w_CBO        2.32500e+00   constant   
   8  beta_CBO    -9.35544e-04     fixed    
   9  alpha_2CBO  -5.44112e-04     fixed    
  10  beta_2CBO    5.81957e-04     fixed    
  11  alpha_y     -8.70340e-05     fixed    
  12  w_y          1.38860e+01   constant   
  13  beta_y      -1.61548e-04   2.26075e-04   2.26075e-04   2.31388e+01
