 + ++++++++++++++++++++++++++++++++++++++++++++++++++++++++++++++++++++ +
 +                                                                      +
 +           You have chose to blind your fitting according to          +
 +                omega_ref * (1 + (R +/- deltaR) *10^{-6})             +
 +                                                                      +
 + ++++++++++++++++++++++++++++++++++++++++++++++++++++++++++++++++++++ +
In main()...
reading format from /gm2data/zkhechad/run45/envelope/formats/formatB_sBin_constraintOn.txt
pBinTau 	= 0  
pBinPhi 	= 0  
constraintau 	= 1 
includeMopTerm 	= 0    
constrainMop    = 0   
Parameters after format file: pBinTau 0 pBinPhi 0 constraintau 1 includeMopTerm 0 constrainMop 0 c_e_scale 0.000000 
Opening file /gm2data/tbarrett/gm2fr/studies/run23_bunch_corrections/CorrectedFourier_Run3b.root.
reading full fit data from /gm2data/zkhechad/cboTemplates/Run4CBOTemplates/fullFits/noRF/sBin_constraintOn_cE0.0_seed0_noRF_calo3.root
windowBins = 69
fitting sliding window 1330 from bin 1466 at 218.578000 to bin 1535 at 229.022000 (69 bins)

Reading data from /gm2data/cornell/histograms/aMethod/histogram_a_noRF.root
 **********
 **    1 **SET PRINTOUT            1
 **********
 **********
 **    2 **SET NOWARNINGS 
 **********
 PARAMETER DEFINITIONS:
    NO.   NAME         VALUE      STEP SIZE      LIMITS
     1 N0           2.88710e+06  1.00000e+02     no limits
     2 tau          6.43977e+01  constant
     3 A0           3.56389e-01  1.00000e-04     no limits
     4 phi          4.11721e+00  1.00000e-02     no limits
     5 R           -6.10082e+01  constant
     6 alpha_CBO    0.00000e+00  1.00000e-03     no limits
     7 w_CBO        2.32500e+00  constant
     8 beta_CBO     0.00000e+00  1.00000e-03     no limits
     9 alpha_2CBO   0.00000e+00  1.00000e-03     no limits
    10 beta_2CBO    0.00000e+00  1.00000e-03     no limits
    11 alpha_y      0.00000e+00  1.00000e-03     no limits
    12 w_y          1.38860e+01  constant
    13 beta_y       0.00000e+00  1.00000e-03     no limits
    14 alpha_vw     0.00000e+00  1.00000e-03     no limits
    15 w_vw         1.43404e+01  constant
    16 beta_vw      0.00000e+00  1.00000e-03     no limits
    17 LM          -2.57919e-04  constant
    18 zeta_y       0.00000e+00  constant
    19 zeta_vw      0.00000e+00  constant
    20 T_CBO        1.00000e+02  1.00000e+00    0.00000e+00  1.00000e+03
    21 alpha_A0     0.00000e+00  1.00000e-04   -1.00000e-02  1.00000e-02
    22 beta_A0      0.00000e+00  1.00000e-04   -1.00000e-02  1.00000e-02
    23 alpha_phi    0.00000e+00  1.00000e-04   -1.00000e-02  1.00000e-02
    24 beta_phi     0.00000e+00  1.00000e-04   -1.00000e-02  1.00000e-02
MINUIT - FIT ONLY WIGGLE
 **********
 **    3 **FIX            5
 **********
 PARAMETER    5  IS CONSTANT.   IGNORED.
 **********
 **    4 **FIX            6
 **********
 **********
 **    5 **FIX            7
 **********
 PARAMETER    7  IS CONSTANT.   IGNORED.
 **********
 **    6 **FIX            8
 **********
 **********
 **    7 **FIX            9
 **********
 **********
 **    8 **FIX           10
 **********
 **********
 **    9 **FIX           11
 **********
 **********
 **   10 **FIX           12
 **********
 PARAMETER   12  IS CONSTANT.   IGNORED.
 **********
 **   11 **FIX           13
 **********
 **********
 **   12 **FIX           14
 **********
 **********
 **   13 **FIX           15
 **********
 PARAMETER   15  IS CONSTANT.   IGNORED.
 **********
 **   14 **FIX           16
 **********
 **********
 **   15 **MIGRAD
 **********
 FIRST CALL TO USER FUNCTION AT NEW START POINT, WITH IFLAG=4.
 START MIGRAD MINIMIZATION.  STRATEGY  1.  CONVERGENCE WHEN EDM .LT. 1.00e-04
 FCN=176.964 FROM MIGRAD    STATUS=INITIATE      437 CALLS         438 TOTAL
                     EDM= unknown      STRATEGY= 1      NO ERROR MATRIX       
  EXT PARAMETER               CURRENT GUESS       STEP         FIRST   
  NO.   NAME      VALUE            ERROR          SIZE      DERIVATIVE 
   1  N0           2.88710e+06   1.00000e+02   0.00000e+00  -3.67033e-03
   2  tau          6.43977e+01   constant   
   3  A0           3.56389e-01   1.00000e-04   0.00000e+00  -7.74178e+03
   4  phi          4.11721e+00   1.00000e-02   0.00000e+00  -8.75307e+02
   5  R           -6.10082e+01   constant   
   6  alpha_CBO    0.00000e+00     fixed    
   7  w_CBO        2.32500e+00   constant   
   8  beta_CBO     0.00000e+00     fixed    
   9  alpha_2CBO   0.00000e+00     fixed    
  10  beta_2CBO    0.00000e+00     fixed    
  11  alpha_y      0.00000e+00     fixed    
  12  w_y          1.38860e+01   constant   
  13  beta_y       0.00000e+00     fixed    
  14  alpha_vw     0.00000e+00     fixed    
  15  w_vw         1.43404e+01   constant   
  16  beta_vw      0.00000e+00     fixed    
  17  LM          -2.57919e-04   constant   
  18  zeta_y       0.00000e+00   constant   
  19  zeta_vw      0.00000e+00   constant   
  20  T_CBO        1.00000e+02   1.00000e+00   0.00000e+00   0.00000e+00
  21  alpha_A0     0.00000e+00   1.00000e-04   0.00000e+00   8.83762e-01
  22  beta_A0      0.00000e+00   1.00000e-04   0.00000e+00   1.19852e+00
  23  alpha_phi    0.00000e+00   1.00000e-04   0.00000e+00  -2.32479e+00
  24  beta_phi     0.00000e+00   1.00000e-04   0.00000e+00   7.79262e-01
 MIGRAD MINIMIZATION HAS CONVERGED.
 FCN=169.878 FROM MIGRAD    STATUS=CONVERGED     624 CALLS         625 TOTAL
                     EDM=2.299e-06    STRATEGY= 1  ERROR MATRIX UNCERTAINTY   0.7 per cent
  EXT PARAMETER                                   STEP         FIRST   
  NO.   NAME      VALUE            ERROR          SIZE      DERIVATIVE 
   1  N0           2.88841e+06   7.47344e+02  -1.81072e-01   1.37853e-06
   2  tau          6.43977e+01   constant   
   3  A0           3.56816e-01   3.08981e-04  -7.42149e-07   1.65083e+00
   4  phi          4.11777e+00   9.64386e-04   3.41728e-06   3.46357e-01
   5  R           -6.10082e+01   constant   
   6  alpha_CBO    0.00000e+00     fixed    
   7  w_CBO        2.32500e+00   constant   
   8  beta_CBO     0.00000e+00     fixed    
   9  alpha_2CBO   0.00000e+00     fixed    
  10  beta_2CBO    0.00000e+00     fixed    
  11  alpha_y      0.00000e+00     fixed    
  12  w_y          1.38860e+01   constant   
  13  beta_y       0.00000e+00     fixed    
  14  alpha_vw     0.00000e+00     fixed    
  15  w_vw         1.43404e+01   constant   
  16  beta_vw      0.00000e+00     fixed    
  17  LM          -2.57919e-04   constant   
  18  zeta_y       0.00000e+00   constant   
  19  zeta_vw      0.00000e+00   constant   
  20  T_CBO        1.20306e+02   4.79410e+01  -3.87015e-04   4.89768e-03
  21  alpha_A0    -7.76720e-03   1.14088e-02  -4.47723e-03  -5.29763e-04
  22  beta_A0     -5.99369e-03   1.16358e-02  -5.13593e-03  -1.17959e-03
  23  alpha_phi    9.98600e-03   1.28375e-02   2.24290e-03  -2.12131e-03
  24  beta_phi    -1.63110e-03   7.32430e-03   1.76553e-03  -8.09007e-04
 EXTERNAL ERROR MATRIX.    NDIM=  25    NPAR=  8    ERR DEF=1
  5.585e+05  2.589e-02  4.918e-02  2.585e+03 -1.162e+00  5.433e-01  3.578e-02  1.042e+00 
  2.589e-02  9.547e-08 -1.038e-08 -2.917e-04 -1.102e-07  1.030e-07 -7.783e-09 -1.809e-07 
  4.918e-02 -1.038e-08  9.300e-07 -6.371e-04 -3.647e-07 -1.291e-06  1.049e-07  8.279e-07 
  2.585e+03 -2.917e-04 -6.371e-04  2.315e+03  3.126e-01  2.075e-01 -4.625e-03  4.928e-02 
 -1.162e+00 -1.102e-07 -3.647e-07  3.126e-01  1.193e-04  2.100e-05 -1.478e-06  5.749e-06 
  5.433e-01  1.030e-07 -1.291e-06  2.075e-01  2.100e-05  1.106e-04 -1.343e-06 -8.342e-06 
  3.578e-02 -7.783e-09  1.049e-07 -4.625e-03 -1.478e-06 -1.343e-06  3.882e-07  5.418e-07 
  1.042e+00 -1.809e-07  8.279e-07  4.928e-02  5.749e-06 -8.342e-06  5.418e-07  6.813e-05 
 PARAMETER  CORRELATION COEFFICIENTS  
       NO.  GLOBAL      1      3      4     20     21     22     23     24
        1  0.32261   1.000  0.112  0.068  0.072 -0.142  0.069  0.077  0.169
        3  0.15547   0.112  1.000 -0.035 -0.020 -0.033  0.032 -0.040 -0.071
        4  0.22418   0.068 -0.035  1.000 -0.014 -0.035 -0.127  0.175  0.104
       20  0.68914   0.072 -0.020 -0.014  1.000  0.595  0.410 -0.154  0.124
       21  0.63799  -0.142 -0.033 -0.035  0.595  1.000  0.183 -0.217  0.064
       22  0.47619   0.069  0.032 -0.127  0.410  0.183  1.000 -0.205 -0.096
       23  0.32798   0.077 -0.040  0.175 -0.154 -0.217 -0.205  1.000  0.105
       24  0.29453   0.169 -0.071  0.104  0.124  0.064 -0.096  0.105  1.000
MINUIT - FIT ONLY 1-CBO + wiggle
 **********
 **   16 **RES 
 **********
                   PARAMETER   16  beta_vw RESTORED TO VARIABLE.
                   PARAMETER   14  alpha_vw RESTORED TO VARIABLE.
                   PARAMETER   13  beta_y RESTORED TO VARIABLE.
                   PARAMETER   11  alpha_y RESTORED TO VARIABLE.
                   PARAMETER   10  beta_2CBO RESTORED TO VARIABLE.
                   PARAMETER    9  alpha_2CBO RESTORED TO VARIABLE.
                   PARAMETER    8  beta_CBO RESTORED TO VARIABLE.
                   PARAMETER    6  alpha_CBO RESTORED TO VARIABLE.
 **********
 **   17 **FIX            8
 **********
 **********
 **   18 **FIX            9
 **********
 **********
 **   19 **FIX           11
 **********
 **********
 **   20 **FIX           12
 **********
 PARAMETER   12  IS CONSTANT.   IGNORED.
 **********
 **   21 **FIX           14
 **********
 **********
 **   22 **FIX           15
 **********
 PARAMETER   15  IS CONSTANT.   IGNORED.
 **********
 **   23 **FIX           16
 **********
 **********
 **   24 **MIGRAD
 **********
 START MIGRAD MINIMIZATION.  STRATEGY  1.  CONVERGENCE WHEN EDM .LT. 1.00e-04
 FCN=169.877 FROM MIGRAD    STATUS=INITIATE       60 CALLS         685 TOTAL
                     EDM= unknown      STRATEGY= 1      NO ERROR MATRIX       
  EXT PARAMETER               CURRENT GUESS       STEP         FIRST   
  NO.   NAME      VALUE            ERROR          SIZE      DERIVATIVE 
   1  N0           2.88841e+06   7.47344e+02   0.00000e+00   5.62815e-06
   2  tau          6.43977e+01   constant   
   3  A0           3.56816e-01   3.08981e-04   0.00000e+00  -3.22273e+00
   4  phi          4.11777e+00   9.64386e-04   0.00000e+00  -6.07462e-01
   5  R           -6.10082e+01   constant   
   6  alpha_CBO    0.00000e+00   1.00000e-03   0.00000e+00   3.31016e+04
   7  w_CBO        2.32500e+00   constant   
   8  beta_CBO     0.00000e+00     fixed    
   9  alpha_2CBO   0.00000e+00     fixed    
  10  beta_2CBO    0.00000e+00   1.00000e-03   0.00000e+00   2.83138e+03
  11  alpha_y      0.00000e+00     fixed    
  12  w_y          1.38860e+01   constant   
  13  beta_y       0.00000e+00   1.00000e-03   0.00000e+00   1.03112e+04
  14  alpha_vw     0.00000e+00     fixed    
  15  w_vw         1.43404e+01   constant   
  16  beta_vw      0.00000e+00     fixed    
  17  LM          -2.57919e-04   constant   
  18  zeta_y       0.00000e+00   constant   
  19  zeta_vw      0.00000e+00   constant   
  20  T_CBO        1.20306e+02   4.79410e+01   0.00000e+00  -2.03727e-01
  21  alpha_A0    -7.76720e-03   1.14088e-02   0.00000e+00   2.31065e-04
  22  beta_A0     -5.99369e-03   1.16358e-02   0.00000e+00  -9.27713e-04
  23  alpha_phi    9.87226e-03   1.28375e-02  -1.07090e-01   1.17303e-04
  24  beta_phi    -1.63110e-03   7.32430e-03   0.00000e+00  -3.98450e-03
 MIGRAD MINIMIZATION HAS CONVERGED.
 FCN=131.27 FROM MIGRAD    STATUS=CONVERGED     323 CALLS         948 TOTAL
                     EDM=2.38657e-06    STRATEGY= 1  ERROR MATRIX UNCERTAINTY   0.5 per cent
  EXT PARAMETER                                   STEP         FIRST   
  NO.   NAME      VALUE            ERROR          SIZE      DERIVATIVE 
   1  N0           2.88833e+06   7.05837e+02   9.54247e-03   1.47705e-06
   2  tau          6.43977e+01   constant   
   3  A0           3.56608e-01   3.05063e-04   1.12276e-06  -3.56549e+00
   4  phi          4.11916e+00   9.84648e-04  -4.89465e-06   5.99908e-01
   5  R           -6.10082e+01   constant   
   6  alpha_CBO   -2.13188e-03   3.54188e-04   3.45171e-07  -2.91179e-01
   7  w_CBO        2.32500e+00   constant   
   8  beta_CBO     0.00000e+00     fixed    
   9  alpha_2CBO   0.00000e+00     fixed    
  10  beta_2CBO   -1.73818e-04   3.42959e-04   4.52485e-07   3.90867e+00
  11  alpha_y      0.00000e+00     fixed    
  12  w_y          1.38860e+01   constant   
  13  beta_y      -5.95115e-04   3.38374e-04  -2.97225e-07   3.58430e-01
  14  alpha_vw     0.00000e+00     fixed    
  15  w_vw         1.43404e+01   constant   
  16  beta_vw      0.00000e+00     fixed    
  17  LM          -2.57919e-04   constant   
  18  zeta_y       0.00000e+00   constant   
  19  zeta_vw      0.00000e+00   constant   
  20  T_CBO        1.41484e+02   5.74529e+01   4.70805e-04  -8.35190e-03
  21  alpha_A0    -9.99965e-03   1.37060e-02   2.14360e-04   3.42595e-04
  22  beta_A0     -7.95291e-03   1.15405e-02   3.51997e-03   1.35097e-03
  23  alpha_phi   -1.13876e-03   6.21754e-03   1.57044e-03   5.51581e-04
  24  beta_phi     3.69689e-04   5.90480e-03  -3.66733e-03  -1.81924e-03
 EXTERNAL ERROR MATRIX.    NDIM=  25    NPAR= 11    ERR DEF=1
  4.982e+05 
  1.133e-02  9.306e-08 
  3.661e-02 -2.491e-08  9.695e-07 
 -1.646e-02  8.952e-09 -7.360e-08  1.254e-07 
 -1.347e-02 -1.030e-09  1.710e-08  2.088e-10  1.176e-07 
  2.584e-03  9.718e-10 -8.718e-09 -1.503e-11  1.518e-09  1.145e-07 
  9.306e+03  1.128e-03  3.345e-03 -1.459e-03 -8.582e-04  5.207e-05  3.331e+03 
  4.581e-03  8.710e-10  1.042e-09  3.887e-10 -1.492e-09  1.969e-10  7.174e-04  1.200e-08 
  1.223e+00  1.881e-07 -9.243e-07 -1.885e-07 -6.764e-07  7.644e-08  3.470e-01  1.934e-07  1.079e-04 
  5.211e-01 -8.330e-08 -5.180e-07  5.491e-07  2.224e-07  7.493e-08  3.390e-02 -7.371e-09  4.961e-07  4.513e-05 
  5.065e-01 -1.237e-07  4.376e-07 -6.630e-08  2.012e-07 -4.325e-08 -4.017e-03 -1.108e-08 -1.079e-05  1.008e-06  3.991e-05 
 PARAMETER  CORRELATION COEFFICIENTS  
       NO.  GLOBAL      1      3      4      6     10     13     20     21     22     23     24
        1  0.30307   1.000  0.053  0.053 -0.066 -0.056  0.011  0.228  0.059  0.167  0.110  0.114
        3  0.16984   0.053  1.000 -0.083  0.083 -0.010  0.009  0.064  0.026  0.059 -0.041 -0.064
        4  0.28565   0.053 -0.083  1.000 -0.211  0.051 -0.026  0.059  0.010 -0.090 -0.078  0.070
        6  0.33280  -0.066  0.083 -0.211  1.000  0.002 -0.000 -0.071  0.010 -0.051  0.231 -0.030
       10  0.24205  -0.056 -0.010  0.051  0.002  1.000  0.013 -0.043 -0.040 -0.190  0.097  0.093
       13  0.05497   0.011  0.009 -0.026 -0.000  0.013  1.000  0.003  0.005  0.022  0.033 -0.020
       20  0.61578   0.228  0.064  0.059 -0.071 -0.043  0.003  1.000  0.113  0.579  0.087 -0.011
       21  0.17863   0.059  0.026  0.010  0.010 -0.040  0.005  0.113  1.000  0.170 -0.010 -0.016
       22  0.63925   0.167  0.059 -0.090 -0.051 -0.190  0.022  0.579  0.170  1.000  0.007 -0.164
       23  0.31099   0.110 -0.041 -0.078  0.231  0.097  0.033  0.087 -0.010  0.007  1.000  0.024
       24  0.25095   0.114 -0.064  0.070 -0.030  0.093 -0.020 -0.011 -0.016 -0.164  0.024  1.000
MINUIT - FIT ONLY 2-CBO
 **********
 **   25 **RES 
 **********
                   PARAMETER   16  beta_vw RESTORED TO VARIABLE.
                   PARAMETER   14  alpha_vw RESTORED TO VARIABLE.
                   PARAMETER   11  alpha_y RESTORED TO VARIABLE.
                   PARAMETER    9  alpha_2CBO RESTORED TO VARIABLE.
                   PARAMETER    8  beta_CBO RESTORED TO VARIABLE.
 **********
 **   26 **FIX            0
 **********
 PARAMETER    0  IS UNDEFINED. IGNORED.
 **********
 **   27 **FIX            1
 **********
 **********
 **   28 **FIX            2
 **********
 PARAMETER    2  IS CONSTANT.   IGNORED.
 **********
 **   29 **FIX            3
 **********
 **********
 **   30 **FIX            4
 **********
 **********
 **   31 **FIX            5
 **********
 PARAMETER    5  IS CONSTANT.   IGNORED.
 **********
 **   32 **FIX            6
 **********
 **********
 **   33 **FIX            7
 **********
 PARAMETER    7  IS CONSTANT.   IGNORED.
 **********
 **   34 **FIX           10
 **********
 **********
 **   35 **FIX           11
 **********
 **********
 **   36 **FIX           12
 **********
 PARAMETER   12  IS CONSTANT.   IGNORED.
 **********
 **   37 **FIX           13
 **********
 **********
 **   38 **FIX           14
 **********
 **********
 **   39 **FIX           15
 **********
 PARAMETER   15  IS CONSTANT.   IGNORED.
 **********
 **   40 **FIX           16
 **********
 **********
 **   41 **MIGRAD
 **********
 START MIGRAD MINIMIZATION.  STRATEGY  1.  CONVERGENCE WHEN EDM .LT. 1.00e-04
 FCN=131.27 FROM MIGRAD    STATUS=INITIATE       18 CALLS         966 TOTAL
                     EDM= unknown      STRATEGY= 1      NO ERROR MATRIX       
  EXT PARAMETER               CURRENT GUESS       STEP         FIRST   
  NO.   NAME      VALUE            ERROR          SIZE      DERIVATIVE 
   1  N0           2.88833e+06     fixed    
   2  tau          6.43977e+01   constant   
   3  A0           3.56608e-01     fixed    
   4  phi          4.11916e+00     fixed    
   5  R           -6.10082e+01   constant   
   6  alpha_CBO   -2.13188e-03     fixed    
   7  w_CBO        2.32500e+00   constant   
   8  beta_CBO     0.00000e+00   1.00000e-03   1.00000e-03   4.69951e+04
   9  alpha_2CBO   0.00000e+00   1.00000e-03   1.00000e-03  -3.30744e+03
  10  beta_2CBO   -1.73818e-04     fixed    
  11  alpha_y      0.00000e+00     fixed    
  12  w_y          1.38860e+01   constant   
  13  beta_y      -5.95115e-04     fixed    
  14  alpha_vw     0.00000e+00     fixed    
  15  w_vw         1.43404e+01   constant   
  16  beta_vw      0.00000e+00     fixed    
  17  LM          -2.57919e-04   constant   
  18  zeta_y       0.00000e+00   constant   
  19  zeta_vw      0.00000e+00   constant   
  20  T_CBO        1.41484e+02   5.74529e+01   4.70805e-04  -8.35195e-03
  21  alpha_A0    -9.99965e-03   1.37060e-02   2.14360e-04   3.49572e-04
  22  beta_A0     -7.95291e-03   1.15405e-02   3.51997e-03   1.35047e-03
  23  alpha_phi   -1.13876e-03   6.21754e-03   1.57044e-03   5.51566e-04
  24  beta_phi     3.69689e-04   5.90480e-03  -3.66733e-03  -1.81923e-03
 MIGRAD MINIMIZATION HAS CONVERGED.
 MIGRAD WILL VERIFY CONVERGENCE AND ERROR MATRIX.
 COVARIANCE MATRIX CALCULATED SUCCESSFULLY
 FCN=62.201 FROM MIGRAD    STATUS=CONVERGED     431 CALLS        1379 TOTAL
                     EDM=9.8585e-08    STRATEGY= 1      ERROR MATRIX ACCURATE 
  EXT PARAMETER                                   STEP         FIRST   
  NO.   NAME      VALUE            ERROR          SIZE      DERIVATIVE 
   1  N0           2.88833e+06     fixed    
   2  tau          6.43977e+01   constant   
   3  A0           3.56608e-01     fixed    
   4  phi          4.11916e+00     fixed    
   5  R           -6.10082e+01   constant   
   6  alpha_CBO   -2.13188e-03     fixed    
   7  w_CBO        2.32500e+00   constant   
   8  beta_CBO    -2.92839e-03   3.53215e-04   1.34515e-06  -1.89104e-01
   9  alpha_2CBO   1.52273e-04   3.51509e-04   1.33073e-06  -2.28863e-01
  10  beta_2CBO   -1.73818e-04     fixed    
  11  alpha_y      0.00000e+00     fixed    
  12  w_y          1.38860e+01   constant   
  13  beta_y      -5.95115e-04     fixed    
  14  alpha_vw     0.00000e+00     fixed    
  15  w_vw         1.43404e+01   constant   
  16  beta_vw      0.00000e+00     fixed    
  17  LM          -2.57919e-04   constant   
  18  zeta_y       0.00000e+00   constant   
  19  zeta_vw      0.00000e+00   constant   
  20  T_CBO        1.72273e+02   6.84975e+01   4.29927e-04  -1.33961e-03
  21  alpha_A0    -9.17995e-03   1.69448e-02   4.58489e-03   7.72635e-05
  22  beta_A0     -9.99999e-03   1.66664e-02   3.21028e-02   4.96403e-05
  23  alpha_phi   -4.77324e-04   4.14188e-03   1.64464e-03  -4.22666e-05
  24  beta_phi    -5.67346e-03   5.25901e-03   2.07671e-03   2.67585e-04
 EXTERNAL ERROR MATRIX.    NDIM=  25    NPAR=  7    ERR DEF=1
  1.248e-07  2.228e-09 -2.218e-03  1.027e-07  2.915e-12 -1.487e-08  1.437e-07 
  2.228e-09  1.236e-07  7.479e-04  1.912e-07  3.017e-11  1.362e-07 -1.846e-07 
 -2.218e-03  7.479e-04  4.744e+03 -3.137e-01  2.568e-03  1.264e-02  2.388e-01 
  1.027e-07  1.912e-07 -3.137e-01  4.300e-05 -1.793e-07 -1.176e-06 -1.650e-05 
  2.915e-12  3.017e-11  2.568e-03 -1.793e-07  1.813e-08  1.037e-08  1.070e-07 
 -1.487e-08  1.362e-07  1.264e-02 -1.176e-06  1.037e-08  1.824e-05 -1.127e-06 
  1.437e-07 -1.846e-07  2.388e-01 -1.650e-05  1.070e-07 -1.127e-06  3.254e-05 
 PARAMETER  CORRELATION COEFFICIENTS  
       NO.  GLOBAL      8      9     20     21     22     23     24
        8  0.19366   1.000  0.018 -0.091  0.044  0.000 -0.010  0.071
        9  0.22104   0.018  1.000  0.031  0.083  0.001  0.091 -0.092
       20  0.79453  -0.091  0.031  1.000 -0.695  0.277  0.043  0.608
       21  0.70321   0.044  0.083 -0.695  1.000 -0.203 -0.042 -0.441
       22  0.28185   0.000  0.001  0.277 -0.203  1.000  0.018  0.139
       23  0.13101  -0.010  0.091  0.043 -0.042  0.018  1.000 -0.046
       24  0.63514   0.071 -0.092  0.608 -0.441  0.139 -0.046  1.000
MINUIT - FIT wiggle + 1-CBO + 2-CBO
 **********
 **   42 **RES 
 **********
                   PARAMETER   16  beta_vw RESTORED TO VARIABLE.
                   PARAMETER   14  alpha_vw RESTORED TO VARIABLE.
                   PARAMETER   13  beta_y RESTORED TO VARIABLE.
                   PARAMETER   11  alpha_y RESTORED TO VARIABLE.
                   PARAMETER   10  beta_2CBO RESTORED TO VARIABLE.
                   PARAMETER    6  alpha_CBO RESTORED TO VARIABLE.
                   PARAMETER    4  phi RESTORED TO VARIABLE.
                   PARAMETER    3  A0 RESTORED TO VARIABLE.
                   PARAMETER    1  N0 RESTORED TO VARIABLE.
 **********
 **   43 **FIX           10
 **********
 **********
 **   44 **FIX           11
 **********
 **********
 **   45 **FIX           12
 **********
 PARAMETER   12  IS CONSTANT.   IGNORED.
 **********
 **   46 **FIX           13
 **********
 **********
 **   47 **FIX           14
 **********
 **********
 **   48 **FIX           15
 **********
 PARAMETER   15  IS CONSTANT.   IGNORED.
 **********
 **   49 **FIX           16
 **********
 **********
 **   50 **MIGRAD
 **********
 START MIGRAD MINIMIZATION.  STRATEGY  1.  CONVERGENCE WHEN EDM .LT. 1.00e-04
 FCN=62.201 FROM MIGRAD    STATUS=INITIATE       22 CALLS        1401 TOTAL
                     EDM= unknown      STRATEGY= 1      NO ERROR MATRIX       
  EXT PARAMETER               CURRENT GUESS       STEP         FIRST   
  NO.   NAME      VALUE            ERROR          SIZE      DERIVATIVE 
   1  N0           2.88833e+06   7.05837e+02   7.05837e+02  -2.71265e-04
   2  tau          6.43977e+01   constant   
   3  A0           3.56608e-01   3.05063e-04   3.05063e-04   9.28418e+03
   4  phi          4.11916e+00   9.84648e-04   9.84648e-04   8.89033e+02
   5  R           -6.10082e+01   constant   
   6  alpha_CBO   -2.13188e-03   3.54188e-04   3.54188e-04  -6.27177e+02
   7  w_CBO        2.32500e+00   constant   
   8  beta_CBO    -2.92839e-03   3.53215e-04   1.34515e-06  -1.89105e-01
   9  alpha_2CBO   1.52273e-04   3.51509e-04   1.33073e-06  -2.28864e-01
  10  beta_2CBO   -1.73818e-04     fixed    
  11  alpha_y      0.00000e+00     fixed    
  12  w_y          1.38860e+01   constant   
  13  beta_y      -5.95115e-04     fixed    
  14  alpha_vw     0.00000e+00     fixed    
  15  w_vw         1.43404e+01   constant   
  16  beta_vw      0.00000e+00     fixed    
  17  LM          -2.57919e-04   constant   
  18  zeta_y       0.00000e+00   constant   
  19  zeta_vw      0.00000e+00   constant   
  20  T_CBO        1.72273e+02   6.84975e+01   4.29927e-04  -1.34928e-03
  21  alpha_A0    -9.17995e-03   1.69448e-02   4.58489e-03  -7.15325e-05
  22  beta_A0     -9.99999e-03   1.66664e-02   3.21028e-02   5.07281e-05
  23  alpha_phi   -4.77324e-04   4.14188e-03   1.64464e-03  -4.15747e-05
  24  beta_phi    -5.67346e-03   5.25901e-03   2.07671e-03   2.77551e-04
 MIGRAD MINIMIZATION HAS CONVERGED.
 MIGRAD WILL VERIFY CONVERGENCE AND ERROR MATRIX.
 COVARIANCE MATRIX CALCULATED SUCCESSFULLY
 FCN=60.0455 FROM MIGRAD    STATUS=CONVERGED     294 CALLS        1673 TOTAL
                     EDM=1.66914e-06    STRATEGY= 1      ERROR MATRIX ACCURATE 
  EXT PARAMETER                                   STEP         FIRST   
  NO.   NAME      VALUE            ERROR          SIZE      DERIVATIVE 
   1  N0           2.88817e+06   1.40746e+00   2.63974e+00  -1.09777e-07
   2  tau          6.43977e+01   constant   
   3  A0           3.56173e-01   3.06482e-04   1.13629e-06   4.02064e-01
   4  phi          4.11882e+00   9.66045e-04   3.52175e-06  -1.37589e-01
   5  R           -6.10082e+01   constant   
   6  alpha_CBO   -2.11024e-03   3.57844e-04   1.28258e-06   3.62875e+00
   7  w_CBO        2.32500e+00   constant   
   8  beta_CBO    -3.02255e-03   3.58532e-04   1.32199e-06   5.36258e-01
   9  alpha_2CBO   1.24603e-04   3.51251e-04   1.30781e-06  -4.25520e-02
  10  beta_2CBO   -1.73818e-04     fixed    
  11  alpha_y      0.00000e+00     fixed    
  12  w_y          1.38860e+01   constant   
  13  beta_y      -5.95115e-04     fixed    
  14  alpha_vw     0.00000e+00     fixed    
  15  w_vw         1.43404e+01   constant   
  16  beta_vw      0.00000e+00     fixed    
  17  LM          -2.57919e-04   constant   
  18  zeta_y       0.00000e+00   constant   
  19  zeta_vw      0.00000e+00   constant   
  20  T_CBO        1.75998e+02   6.06135e+01   4.43011e-04   1.53916e-03
  21  alpha_A0    -8.47796e-03   4.08909e-03   3.24447e-03  -7.30304e-04
  22  beta_A0     -1.00000e-02   1.42348e-02   4.60040e-02** at limit **
  23  alpha_phi   -2.45783e-04   3.97934e-03   1.57406e-03   2.20485e-03
  24  beta_phi    -5.40551e-03   4.60280e-03   1.94629e-03   3.91461e-04
 EXTERNAL ERROR MATRIX.    NDIM=  25    NPAR= 11    ERR DEF=1
  1.981e+00 
  1.543e-07  9.393e-08 
  2.644e-07 -2.482e-08  9.332e-07 
  2.160e-08  1.174e-08 -8.286e-08  1.281e-07 
  1.979e-08  1.845e-08  1.368e-08 -6.429e-10  1.285e-07 
 -2.600e-08  6.406e-09 -2.219e-09  1.441e-09  3.459e-09  1.234e-07 
  1.248e-03 -1.420e-03  9.670e-03 -2.077e-03 -2.226e-03  1.314e-03  3.705e+03 
 -1.840e-06 -8.041e-08  2.963e-07  4.340e-08 -7.112e-08 -1.162e-07  1.535e-01  2.180e-05 
  3.687e-11  3.129e-12 -1.844e-11  2.997e-13  1.330e-12  4.538e-12  2.162e-05  9.846e-10  3.971e-11 
  7.748e-07 -4.112e-09 -3.152e-07  3.291e-07 -1.790e-08  1.214e-07 -3.619e-03  4.216e-07  4.899e-11  1.675e-05 
  1.846e-06 -1.332e-07  6.649e-07 -1.360e-07  1.196e-07 -1.393e-07  1.555e-01  6.854e-06  6.604e-10 -1.631e-06  2.372e-05 
 PARAMETER  CORRELATION COEFFICIENTS  
       NO.  GLOBAL      1      3      4      6      8      9     20     21     22     23     24
        1  0.00067   1.000  0.000  0.000  0.000  0.000 -0.000  0.000 -0.000  0.000  0.000  0.000
        3  0.23573   0.000  1.000 -0.084  0.107  0.168  0.060 -0.076 -0.056  0.002 -0.003 -0.089
        4  0.29476   0.000 -0.084  1.000 -0.240  0.039 -0.007  0.164  0.066 -0.003 -0.080  0.141
        6  0.34256   0.000  0.107 -0.240  1.000 -0.005  0.011 -0.095  0.026  0.000  0.225 -0.078
        8  0.25664   0.000  0.168  0.039 -0.005  1.000  0.027 -0.102 -0.042  0.001 -0.012  0.069
        9  0.21798  -0.000  0.060 -0.007  0.011  0.027  1.000  0.061 -0.071  0.002  0.084 -0.081
       20  0.69019   0.000 -0.076  0.164 -0.095 -0.102  0.061  1.000  0.540  0.056 -0.015  0.524
       21  0.55696  -0.000 -0.056  0.066  0.026 -0.042 -0.071  0.540  1.000  0.033  0.022  0.301
       22  0.05928   0.000  0.002 -0.003  0.000  0.001  0.002  0.056  0.033  1.000  0.002  0.022
       23  0.25411   0.000 -0.003 -0.080  0.225 -0.012  0.084 -0.015  0.022  0.002  1.000 -0.082
       24  0.55993   0.000 -0.089  0.141 -0.078  0.069 -0.081  0.524  0.301  0.022 -0.082  1.000
MINUIT - FIT ONLY 1-y
 **********
 **   51 **RES 
 **********
                   PARAMETER   16  beta_vw RESTORED TO VARIABLE.
                   PARAMETER   14  alpha_vw RESTORED TO VARIABLE.
                   PARAMETER   13  beta_y RESTORED TO VARIABLE.
                   PARAMETER   11  alpha_y RESTORED TO VARIABLE.
                   PARAMETER   10  beta_2CBO RESTORED TO VARIABLE.
 **********
 **   52 **FIX            0
 **********
 PARAMETER    0  IS UNDEFINED. IGNORED.
 **********
 **   53 **FIX            1
 **********
 **********
 **   54 **FIX            2
 **********
 PARAMETER    2  IS CONSTANT.   IGNORED.
 **********
 **   55 **FIX            3
 **********
 **********
 **   56 **FIX            4
 **********
 **********
 **   57 **FIX            5
 **********
 PARAMETER    5  IS CONSTANT.   IGNORED.
 **********
 **   58 **FIX            6
 **********
 **********
 **   59 **FIX            7
 **********
 PARAMETER    7  IS CONSTANT.   IGNORED.
 **********
 **   60 **FIX            8
 **********
 **********
 **   61 **FIX            9
 **********
 **********
 **   62 **FIX           13
 **********
 **********
 **   63 **FIX           14
 **********
 **********
 **   64 **FIX           15
 **********
 PARAMETER   15  IS CONSTANT.   IGNORED.
 **********
 **   65 **FIX           16
 **********
 **********
 **   66 **MIGRAD
 **********
 START MIGRAD MINIMIZATION.  STRATEGY  1.  CONVERGENCE WHEN EDM .LT. 1.00e-04
 FCN=60.0455 FROM MIGRAD    STATUS=INITIATE       40 CALLS        1713 TOTAL
                     EDM= unknown      STRATEGY= 1      NO ERROR MATRIX       
  EXT PARAMETER               CURRENT GUESS       STEP         FIRST   
  NO.   NAME      VALUE            ERROR          SIZE      DERIVATIVE 
   1  N0           2.88817e+06     fixed    
   2  tau          6.43977e+01   constant   
   3  A0           3.56173e-01     fixed    
   4  phi          4.11882e+00     fixed    
   5  R           -6.10082e+01   constant   
   6  alpha_CBO   -2.11024e-03     fixed    
   7  w_CBO        2.32500e+00   constant   
   8  beta_CBO    -3.02255e-03     fixed    
   9  alpha_2CBO   1.24603e-04     fixed    
  10  beta_2CBO   -1.73818e-04   3.42959e-04   0.00000e+00   1.47287e+03
  11  alpha_y      0.00000e+00   1.00000e-03   0.00000e+00   4.73822e+03
  12  w_y          1.38860e+01   constant   
  13  beta_y      -5.95115e-04     fixed    
  14  alpha_vw     0.00000e+00     fixed    
  15  w_vw         1.43404e+01   constant   
  16  beta_vw      0.00000e+00     fixed    
  17  LM          -2.57919e-04   constant   
  18  zeta_y       0.00000e+00   constant   
  19  zeta_vw      0.00000e+00   constant   
  20  T_CBO        1.75998e+02   6.06135e+01   0.00000e+00  -3.93583e-02
  21  alpha_A0    -8.47796e-03   4.08909e-03   0.00000e+00  -1.09917e-03
  22  beta_A0     -9.98374e-03   1.42348e-02   5.65831e-02   2.16587e-04
  23  alpha_phi   -2.45783e-04   3.97934e-03   0.00000e+00   2.00703e-03
  24  beta_phi    -5.40551e-03   4.60280e-03   0.00000e+00   2.47665e-03
 MIGRAD MINIMIZATION HAS CONVERGED.
 MIGRAD WILL VERIFY CONVERGENCE AND ERROR MATRIX.
 FCN=59.3176 FROM HESSE     STATUS=NOT POSDEF     52 CALLS        1850 TOTAL
                     EDM=0.00121085    STRATEGY= 1      ERR MATRIX NOT POS-DEF
  EXT PARAMETER                APPROXIMATE        STEP         FIRST   
  NO.   NAME      VALUE            ERROR          SIZE      DERIVATIVE 
   1  N0           2.88817e+06     fixed    
   2  tau          6.43977e+01   constant   
   3  A0           3.56173e-01     fixed    
   4  phi          4.11882e+00     fixed    
   5  R           -6.10082e+01   constant   
   6  alpha_CBO   -2.11024e-03     fixed    
   7  w_CBO        2.32500e+00   constant   
   8  beta_CBO    -3.02255e-03     fixed    
   9  alpha_2CBO   1.24603e-04     fixed    
  10  beta_2CBO   -2.63487e-04   3.45075e-04   1.28820e-06  -3.38835e+00
  11  alpha_y     -2.79379e-04   3.40989e-04   1.30133e-06   4.04699e-01
  12  w_y          1.38860e+01   constant   
  13  beta_y      -5.95115e-04     fixed    
  14  alpha_vw     0.00000e+00     fixed    
  15  w_vw         1.43404e+01   constant   
  16  beta_vw      0.00000e+00     fixed    
  17  LM          -2.57919e-04   constant   
  18  zeta_y       0.00000e+00   constant   
  19  zeta_vw      0.00000e+00   constant   
  20  T_CBO        1.76381e+02   5.17847e+02   4.41553e-04  -2.89918e-02
  21  alpha_A0    -8.53647e-03   1.34089e-02   3.31348e-03  -9.39209e-04
  22  beta_A0     -9.81900e-03   1.26666e-02   9.51205e-03  -1.62291e-04
  23  alpha_phi   -3.22840e-04   4.30970e-03   1.56093e-03  -1.02038e-03
  24  beta_phi    -5.48310e-03   1.56517e-02   1.94183e-03  -1.47418e-03
 CALL LIMIT EXCEEDED IN MIGRAD.
 MIGRAD TERMINATED WITHOUT CONVERGENCE.
 FCN=59.3049 FROM MIGRAD    STATUS=CALL LIMIT   1153 CALLS        2826 TOTAL
                     EDM=4.94366e-05    STRATEGY= 1      ERR MATRIX NOT POS-DEF
  EXT PARAMETER                APPROXIMATE        STEP         FIRST   
  NO.   NAME      VALUE            ERROR          SIZE      DERIVATIVE 
   1  N0           2.88817e+06     fixed    
   2  tau          6.43977e+01   constant   
   3  A0           3.56173e-01     fixed    
   4  phi          4.11882e+00     fixed    
   5  R           -6.10082e+01   constant   
   6  alpha_CBO   -2.11024e-03     fixed    
   7  w_CBO        2.32500e+00   constant   
   8  beta_CBO    -3.02255e-03     fixed    
   9  alpha_2CBO   1.24603e-04     fixed    
  10  beta_2CBO   -2.61428e-04   3.41670e-04   6.52065e-07   8.99939e+00
  11  alpha_y     -2.79829e-04   3.40779e-04  -1.15941e-07  -2.85269e+00
  12  w_y          1.38860e+01   constant   
  13  beta_y      -5.95115e-04     fixed    
  14  alpha_vw     0.00000e+00     fixed    
  15  w_vw         1.43404e+01   constant   
  16  beta_vw      0.00000e+00     fixed    
  17  LM          -2.57919e-04   constant   
  18  zeta_y       0.00000e+00   constant   
  19  zeta_vw      0.00000e+00   constant   
  20  T_CBO        9.18545e+02   5.25189e+02   1.34637e-01  -3.04730e-03
  21  alpha_A0    -3.03197e-03   4.83767e-03   3.83292e-03   3.47964e-02
  22  beta_A0     -3.52102e-03   5.44932e-03   4.17194e-03   3.38107e-02
  23  alpha_phi   -1.05029e-04   1.75420e-03   2.18544e-04  -8.02095e-04
  24  beta_phi    -1.99846e-03   3.42140e-03   3.14219e-03   3.52052e-02
 EXTERNAL ERROR MATRIX.    NDIM=  25    NPAR=  7    ERR DEF=1
  1.167e-07  8.151e-10  7.964e-02  6.528e-08 -6.012e-08  6.843e-08  7.501e-08 
  8.151e-10  1.161e-07 -1.645e-02 -2.822e-09 -1.495e-09 -7.382e-09 -6.373e-09 
  7.964e-02 -1.645e-02  2.402e+07  2.329e+01  2.673e+01  9.600e-01  1.551e+01 
  6.528e-08 -2.822e-09  2.329e+01  2.575e-05  2.618e-05  8.500e-07  1.467e-05 
 -6.012e-08 -1.495e-09  2.673e+01  2.618e-05  3.383e-05  1.222e-06  1.635e-05 
  6.843e-08 -7.382e-09  9.600e-01  8.500e-07  1.222e-06  3.109e-06  2.843e-07 
  7.501e-08 -6.373e-09  1.551e+01  1.467e-05  1.635e-05  2.843e-07  1.222e-05 
ERR MATRIX NOT POS-DEF
 PARAMETER  CORRELATION COEFFICIENTS  
       NO.  GLOBAL     10     11     20     21     22     23     24
       10  0.25064   1.000  0.007  0.048  0.038 -0.030  0.114  0.063
       11  0.04194   0.007  1.000 -0.010 -0.002 -0.001 -0.012 -0.005
       20  0.98118   0.048 -0.010  1.000  0.936  0.938  0.111  0.905
       21  0.93797   0.038 -0.002  0.936  1.000  0.887  0.095  0.827
       22  0.94618  -0.030 -0.001  0.938  0.887  1.000  0.119  0.804
       23  0.21155   0.114 -0.012  0.111  0.095  0.119  1.000  0.046
       24  0.91708   0.063 -0.005  0.905  0.827  0.804  0.046  1.000
 ERR MATRIX NOT POS-DEF
MINUIT - FIT ONLY 2-y
 **********
 **   67 **RES 
 **********
                   PARAMETER   16  beta_vw RESTORED TO VARIABLE.
                   PARAMETER   14  alpha_vw RESTORED TO VARIABLE.
                   PARAMETER   13  beta_y RESTORED TO VARIABLE.
                   PARAMETER    9  alpha_2CBO RESTORED TO VARIABLE.
                   PARAMETER    8  beta_CBO RESTORED TO VARIABLE.
                   PARAMETER    6  alpha_CBO RESTORED TO VARIABLE.
                   PARAMETER    4  phi RESTORED TO VARIABLE.
                   PARAMETER    3  A0 RESTORED TO VARIABLE.
                   PARAMETER    1  N0 RESTORED TO VARIABLE.
 **********
 **   68 **FIX            0
 **********
 PARAMETER    0  IS UNDEFINED. IGNORED.
 **********
 **   69 **FIX            1
 **********
 **********
 **   70 **FIX            2
 **********
 PARAMETER    2  IS CONSTANT.   IGNORED.
 **********
 **   71 **FIX            3
 **********
 **********
 **   72 **FIX            4
 **********
 **********
 **   73 **FIX            5
 **********
 PARAMETER    5  IS CONSTANT.   IGNORED.
 **********
 **   74 **FIX            6
 **********
 **********
 **   75 **FIX            7
 **********
 PARAMETER    7  IS CONSTANT.   IGNORED.
 **********
 **   76 **FIX            8
 **********
 **********
 **   77 **FIX            9
 **********
 **********
 **   78 **FIX           10
 **********
 **********
 **   79 **FIX           11
 **********
 **********
 **   80 **FIX           12
 **********
 PARAMETER   12  IS CONSTANT.   IGNORED.
 **********
 **   81 **FIX           16
 **********
 **********
 **   82 **MIGRAD
 **********
 START MIGRAD MINIMIZATION.  STRATEGY  1.  CONVERGENCE WHEN EDM .LT. 1.00e-04
 FCN=59.3049 FROM MIGRAD    STATUS=INITIATE       16 CALLS        2842 TOTAL
                     EDM= unknown      STRATEGY= 1      NO ERROR MATRIX       
  EXT PARAMETER               CURRENT GUESS       STEP         FIRST   
  NO.   NAME      VALUE            ERROR          SIZE      DERIVATIVE 
   1  N0           2.88817e+06     fixed    
   2  tau          6.43977e+01   constant   
   3  A0           3.56173e-01     fixed    
   4  phi          4.11882e+00     fixed    
   5  R           -6.10082e+01   constant   
   6  alpha_CBO   -2.11024e-03     fixed    
   7  w_CBO        2.32500e+00   constant   
   8  beta_CBO    -3.02255e-03     fixed    
   9  alpha_2CBO   1.24603e-04     fixed    
  10  beta_2CBO   -2.61428e-04     fixed    
  11  alpha_y     -2.79829e-04     fixed    
  12  w_y          1.38860e+01   constant   
  13  beta_y      -5.95115e-04   3.38374e-04   3.38374e-04   1.39651e+02
  14  alpha_vw     0.00000e+00   1.00000e-03   1.00000e-03   3.09694e+03
  15  w_vw         1.43404e+01   constant   
  16  beta_vw      0.00000e+00     fixed    
  17  LM          -2.57919e-04   constant   
  18  zeta_y       0.00000e+00   constant   
  19  zeta_vw      0.00000e+00   constant   
  20  T_CBO        9.18545e+02   5.25189e+02   1.34637e-01  -3.05840e-03
  21  alpha_A0    -3.03197e-03   4.83767e-03   3.83292e-03   3.47963e-02
  22  beta_A0     -3.52102e-03   5.44932e-03   4.17194e-03   3.38106e-02
  23  alpha_phi   -1.05029e-04   1.75420e-03   2.18544e-04  -8.02098e-04
  24  beta_phi    -1.99846e-03   3.42140e-03   3.14219e-03   3.52051e-02
 MIGRAD MINIMIZATION HAS CONVERGED.
 MIGRAD WILL VERIFY CONVERGENCE AND ERROR MATRIX.
 COVARIANCE MATRIX CALCULATED SUCCESSFULLY
 FCN=58.9924 FROM HESSE     STATUS=OK             52 CALLS        2957 TOTAL
                     EDM=5.79747e-05    STRATEGY= 1      ERROR MATRIX ACCURATE 
  EXT PARAMETER                                   STEP         FIRST   
  NO.   NAME      VALUE            ERROR          SIZE      DERIVATIVE 
   1  N0           2.88817e+06     fixed    
   2  tau          6.43977e+01   constant   
   3  A0           3.56173e-01     fixed    
   4  phi          4.11882e+00     fixed    
   5  R           -6.10082e+01   constant   
   6  alpha_CBO   -2.11024e-03     fixed    
   7  w_CBO        2.32500e+00   constant   
   8  beta_CBO    -3.02255e-03     fixed    
   9  alpha_2CBO   1.24603e-04     fixed    
  10  beta_2CBO   -2.61428e-04     fixed    
  11  alpha_y     -2.79829e-04     fixed    
  12  w_y          1.38860e+01   constant   
  13  beta_y      -6.59340e-04   3.54156e-04   1.28352e-06  -4.17410e-01
  14  alpha_vw    -1.98873e-04   3.56236e-04   1.29145e-06   1.64574e+00
  15  w_vw         1.43404e+01   constant   
  16  beta_vw      0.00000e+00     fixed    
  17  LM          -2.57919e-04   constant   
  18  zeta_y       0.00000e+00   constant   
