 + ++++++++++++++++++++++++++++++++++++++++++++++++++++++++++++++++++++ +
 +                                                                      +
 +           You have chose to blind your fitting according to          +
 +                omega_ref * (1 + (R +/- deltaR) *10^{-6})             +
 +                                                                      +
 + ++++++++++++++++++++++++++++++++++++++++++++++++++++++++++++++++++++ +
In main()...
reading format from /gm2data/zkhechad/run45/envelope/formats/formatB_sBin_constraintOn.txt
pBinTau 	= 0  
pBinPhi 	= 0  
constraintau 	= 1 
includeMopTerm 	= 0    
constrainMop    = 0   
Parameters after format file: pBinTau 0 pBinPhi 0 constraintau 1 includeMopTerm 0 constrainMop 0 c_e_scale 0.000000 
Opening file /gm2data/tbarrett/gm2fr/studies/run23_bunch_corrections/CorrectedFourier_Run3b.root.
reading full fit data from /gm2data/zkhechad/cboTemplates/Run4CBOTemplates/templateFits0_v2.0/noRF/sBin_constraintOn_cE0.0_seed0_noRF_calo20.root
windowBins = 69
fitting sliding window 1138 from bin 1274 at 189.931600 to bin 1343 at 200.375600 (69 bins)

Reading data from /gm2data/cornell/histograms/aMethod/histogram_a_noRF.root
 **********
 **    1 **SET PRINTOUT            1
 **********
 **********
 **    2 **SET NOWARNINGS 
 **********
 PARAMETER DEFINITIONS:
    NO.   NAME         VALUE      STEP SIZE      LIMITS
     1 N0           3.28923e+06  1.00000e+02     no limits
     2 tau          6.43975e+01  constant
     3 A0           3.64482e-01  1.00000e-04     no limits
     4 phi          4.11977e+00  1.00000e-02     no limits
     5 R           -6.08541e+01  constant
     6 alpha_CBO    0.00000e+00  1.00000e-03     no limits
     7 w_CBO        2.32500e+00  constant
     8 beta_CBO     0.00000e+00  1.00000e-03     no limits
     9 alpha_2CBO   0.00000e+00  1.00000e-03     no limits
    10 beta_2CBO    0.00000e+00  1.00000e-03     no limits
    11 alpha_y      0.00000e+00  1.00000e-03     no limits
    12 w_y          1.44500e+01  constant
    13 beta_y       0.00000e+00  1.00000e-03     no limits
    14 alpha_vw     0.00000e+00  1.00000e-03     no limits
    15 w_vw         1.29000e+01  constant
    16 beta_vw      0.00000e+00  1.00000e-03     no limits
    17 LM          -3.35021e-04  constant
    18 zeta_y       0.00000e+00  constant
    19 zeta_vw      0.00000e+00  constant
    20 T_CBO        1.00000e+02  1.00000e+00    0.00000e+00  1.00000e+03
    21 alpha_A0     0.00000e+00  1.00000e-03     no limits
    22 beta_A0      0.00000e+00  1.00000e-03     no limits
    23 alpha_phi    0.00000e+00  1.00000e-03     no limits
    24 beta_phi     0.00000e+00  1.00000e-03     no limits
MINUIT - FIT ONLY WIGGLE
 **********
 **    3 **FIX            5
 **********
 PARAMETER    5  IS CONSTANT.   IGNORED.
 **********
 **    4 **FIX            6
 **********
 **********
 **    5 **FIX            7
 **********
 PARAMETER    7  IS CONSTANT.   IGNORED.
 **********
 **    6 **FIX            8
 **********
 **********
 **    7 **FIX            9
 **********
 **********
 **    8 **FIX           10
 **********
 **********
 **    9 **FIX           11
 **********
 **********
 **   10 **FIX           12
 **********
 PARAMETER   12  IS CONSTANT.   IGNORED.
 **********
 **   11 **FIX           13
 **********
 **********
 **   12 **FIX           14
 **********
 **********
 **   13 **FIX           15
 **********
 PARAMETER   15  IS CONSTANT.   IGNORED.
 **********
 **   14 **FIX           16
 **********
 **********
 **   15 **MIGRAD
 **********
 FIRST CALL TO USER FUNCTION AT NEW START POINT, WITH IFLAG=4.
 START MIGRAD MINIMIZATION.  STRATEGY  1.  CONVERGENCE WHEN EDM .LT. 1.00e-04
 FCN=178.746 FROM MIGRAD    STATUS=INITIATE      437 CALLS         438 TOTAL
                     EDM= unknown      STRATEGY= 1      NO ERROR MATRIX       
  EXT PARAMETER               CURRENT GUESS       STEP         FIRST   
  NO.   NAME      VALUE            ERROR          SIZE      DERIVATIVE 
   1  N0           3.28923e+06   1.00000e+02   0.00000e+00   5.86750e-03
   2  tau          6.43975e+01   constant   
   3  A0           3.64482e-01   1.00000e-04   0.00000e+00   1.46790e+04
   4  phi          4.11977e+00   1.00000e-02   0.00000e+00   1.10764e+03
   5  R           -6.08541e+01   constant   
   6  alpha_CBO    0.00000e+00     fixed    
   7  w_CBO        2.32500e+00   constant   
   8  beta_CBO     0.00000e+00     fixed    
   9  alpha_2CBO   0.00000e+00     fixed    
  10  beta_2CBO    0.00000e+00     fixed    
  11  alpha_y      0.00000e+00     fixed    
  12  w_y          1.44500e+01   constant   
  13  beta_y       0.00000e+00     fixed    
  14  alpha_vw     0.00000e+00     fixed    
  15  w_vw         1.29000e+01   constant   
  16  beta_vw      0.00000e+00     fixed    
  17  LM          -3.35021e-04   constant   
  18  zeta_y       0.00000e+00   constant   
  19  zeta_vw      0.00000e+00   constant   
  20  T_CBO        1.00000e+02   1.00000e+00   0.00000e+00   0.00000e+00
  21  alpha_A0     0.00000e+00   1.00000e-03   0.00000e+00  -4.45390e+02
  22  beta_A0      0.00000e+00   1.00000e-03   0.00000e+00  -3.25853e+02
  23  alpha_phi    0.00000e+00   1.00000e-03   0.00000e+00   3.83483e+02
  24  beta_phi     0.00000e+00   1.00000e-03   0.00000e+00  -5.41951e+02
 CALL LIMIT EXCEEDED IN MIGRAD.
 MIGRAD TERMINATED WITHOUT CONVERGENCE.
 FCN=163.076 FROM MIGRAD    STATUS=CALL LIMIT   1328 CALLS        1329 TOTAL
                     EDM=0.00198549    STRATEGY= 1  ERROR MATRIX UNCERTAINTY   1.6 per cent
  EXT PARAMETER                APPROXIMATE        STEP         FIRST   
  NO.   NAME      VALUE            ERROR          SIZE      DERIVATIVE 
   1  N0           3.28815e+06   6.07521e+02   1.55939e+00  -4.90551e-05
   2  tau          6.43975e+01   constant   
   3  A0           3.64059e-01   2.49942e-04   4.64513e-07  -9.79750e+01
   4  phi          4.11954e+00   7.15693e-04   2.94533e-06  -5.36474e+01
   5  R           -6.08541e+01   constant   
   6  alpha_CBO    0.00000e+00     fixed    
   7  w_CBO        2.32500e+00   constant   
   8  beta_CBO     0.00000e+00     fixed    
   9  alpha_2CBO   0.00000e+00     fixed    
  10  beta_2CBO    0.00000e+00     fixed    
  11  alpha_y      0.00000e+00     fixed    
  12  w_y          1.44500e+01   constant   
  13  beta_y       0.00000e+00     fixed    
  14  alpha_vw     0.00000e+00     fixed    
  15  w_vw         1.29000e+01   constant   
  16  beta_vw      0.00000e+00     fixed    
  17  LM          -3.35021e-04   constant   
  18  zeta_y       0.00000e+00   constant   
  19  zeta_vw      0.00000e+00   constant   
  20  T_CBO        3.78285e+01   1.96251e+01  -1.61971e-03  -3.50781e+00
  21  alpha_A0     3.20207e-01   7.67153e-01   1.10157e-02  -7.00842e-01
  22  beta_A0      1.97054e-01   4.58803e-01   6.60582e-03  -5.93896e-01
  23  alpha_phi   -2.31190e-01   5.87746e-01  -8.41233e-03  -3.66471e-01
  24  beta_phi     2.89782e-01   7.29196e-01   1.04497e-02   2.78413e-01
 EXTERNAL ERROR MATRIX.    NDIM=  25    NPAR=  8    ERR DEF=1
  3.691e+05 -2.072e-02 -3.419e-02  1.616e+02 -1.236e+01 -6.109e+00  8.940e+00 -9.555e+00 
 -2.072e-02  6.247e-08 -8.012e-09  2.289e-04 -9.727e-06 -6.132e-06  7.542e-06 -9.815e-06 
 -3.419e-02 -8.012e-09  5.122e-07  1.058e-03 -4.410e-05 -2.578e-05  3.511e-05 -4.323e-05 
  1.616e+02  2.289e-04  1.058e-03  3.865e+02 -1.501e+01 -8.979e+00  1.150e+01 -1.427e+01 
 -1.236e+01 -9.727e-06 -4.410e-05 -1.501e+01  5.885e-01  3.519e-01 -4.507e-01  5.593e-01 
 -6.109e+00 -6.132e-06 -2.578e-05 -8.979e+00  3.519e-01  2.105e-01 -2.695e-01  3.344e-01 
  8.940e+00  7.542e-06  3.511e-05  1.150e+01 -4.507e-01 -2.695e-01  3.454e-01 -4.285e-01 
 -9.555e+00 -9.815e-06 -4.323e-05 -1.427e+01  5.593e-01  3.344e-01 -4.285e-01  5.317e-01 
ERR MATRIX APPROXIMATE
 PARAMETER  CORRELATION COEFFICIENTS  
       NO.  GLOBAL      1      3      4     20     21     22     23     24
        1  0.37763   1.000 -0.136 -0.079  0.014 -0.027 -0.022  0.025 -0.022
        3  0.25761  -0.136  1.000 -0.045  0.047 -0.051 -0.053  0.051 -0.054
        4  0.20623  -0.079 -0.045  1.000  0.075 -0.080 -0.079  0.083 -0.083
       20  0.99556   0.014  0.047  0.075  1.000 -0.995 -0.995  0.995 -0.995
       21  0.99990  -0.027 -0.051 -0.080 -0.995  1.000  1.000 -1.000  1.000
       22  0.99981  -0.022 -0.053 -0.079 -0.995  1.000  1.000 -0.999  1.000
       23  0.99988   0.025  0.051  0.083  0.995 -1.000 -0.999  1.000 -1.000
       24  0.99991  -0.022 -0.054 -0.083 -0.995  1.000  1.000 -1.000  1.000
 ERR MATRIX APPROXIMATE
MINUIT - FIT ONLY 1-CBO + wiggle
 **********
 **   16 **RES 
 **********
                   PARAMETER   16  beta_vw RESTORED TO VARIABLE.
                   PARAMETER   14  alpha_vw RESTORED TO VARIABLE.
                   PARAMETER   13  beta_y RESTORED TO VARIABLE.
                   PARAMETER   11  alpha_y RESTORED TO VARIABLE.
                   PARAMETER   10  beta_2CBO RESTORED TO VARIABLE.
                   PARAMETER    9  alpha_2CBO RESTORED TO VARIABLE.
                   PARAMETER    8  beta_CBO RESTORED TO VARIABLE.
                   PARAMETER    6  alpha_CBO RESTORED TO VARIABLE.
 **********
 **   17 **FIX            8
 **********
 **********
 **   18 **FIX            9
 **********
 **********
 **   19 **FIX           11
 **********
 **********
 **   20 **FIX           12
 **********
 PARAMETER   12  IS CONSTANT.   IGNORED.
 **********
 **   21 **FIX           14
 **********
 **********
 **   22 **FIX           15
 **********
 PARAMETER   15  IS CONSTANT.   IGNORED.
 **********
 **   23 **FIX           16
 **********
 **********
 **   24 **MIGRAD
 **********
 START MIGRAD MINIMIZATION.  STRATEGY  1.  CONVERGENCE WHEN EDM .LT. 1.00e-04
 FCN=163.076 FROM MIGRAD    STATUS=INITIATE       28 CALLS        1357 TOTAL
                     EDM= unknown      STRATEGY= 1      NO ERROR MATRIX       
  EXT PARAMETER               CURRENT GUESS       STEP         FIRST   
  NO.   NAME      VALUE            ERROR          SIZE      DERIVATIVE 
   1  N0           3.28815e+06   6.07521e+02   1.55939e+00  -4.90551e-05
   2  tau          6.43975e+01   constant   
   3  A0           3.64059e-01   2.49942e-04   4.64513e-07  -9.79750e+01
   4  phi          4.11954e+00   7.15693e-04   2.94533e-06  -5.36474e+01
   5  R           -6.08541e+01   constant   
   6  alpha_CBO    0.00000e+00   1.00000e-03   1.00000e-03  -4.32760e+04
   7  w_CBO        2.32500e+00   constant   
   8  beta_CBO     0.00000e+00     fixed    
   9  alpha_2CBO   0.00000e+00     fixed    
  10  beta_2CBO    0.00000e+00   1.00000e-03   1.00000e-03   3.70773e+03
  11  alpha_y      0.00000e+00     fixed    
  12  w_y          1.44500e+01   constant   
  13  beta_y       0.00000e+00   1.00000e-03   1.00000e-03   2.29150e+03
  14  alpha_vw     0.00000e+00     fixed    
  15  w_vw         1.29000e+01   constant   
  16  beta_vw      0.00000e+00     fixed    
  17  LM          -3.35021e-04   constant   
  18  zeta_y       0.00000e+00   constant   
  19  zeta_vw      0.00000e+00   constant   
  20  T_CBO        3.78285e+01   1.96251e+01  -1.61971e-03  -3.50782e+00
  21  alpha_A0     3.20207e-01   7.67153e-01   1.10157e-02  -7.00842e-01
  22  beta_A0      1.97054e-01   4.58803e-01   6.60582e-03  -5.93896e-01
  23  alpha_phi   -2.31190e-01   5.87746e-01  -8.41233e-03  -3.66471e-01
  24  beta_phi     2.89782e-01   7.29196e-01   1.04497e-02   2.78413e-01
 MIGRAD MINIMIZATION HAS CONVERGED.
 FCN=129.628 FROM MIGRAD    STATUS=CONVERGED     171 CALLS        1500 TOTAL
                     EDM=5.86889e-06    STRATEGY= 1  ERROR MATRIX UNCERTAINTY   2.6 per cent
  EXT PARAMETER                                   STEP         FIRST   
  NO.   NAME      VALUE            ERROR          SIZE      DERIVATIVE 
   1  N0           3.28833e+06   6.35778e+02  -5.84113e-01   2.64351e-06
   2  tau          6.43975e+01   constant   
   3  A0           3.64236e-01   2.60940e-04   1.92969e-06   4.01915e+00
   4  phi          4.11855e+00   7.93384e-04   2.27772e-06   5.82132e-01
   5  R           -6.08541e+01   constant   
   6  alpha_CBO    1.54030e-03   2.67826e-04  -1.79649e-07   8.86661e-03
   7  w_CBO        2.32500e+00   constant   
   8  beta_CBO     0.00000e+00     fixed    
   9  alpha_2CBO   0.00000e+00     fixed    
  10  beta_2CBO   -4.61996e-05   2.61024e-04  -1.34095e-07   7.75506e+00
  11  alpha_y      0.00000e+00     fixed    
  12  w_y          1.44500e+01   constant   
  13  beta_y      -8.85260e-05   2.60730e-04  -3.62613e-07  -5.46885e-01
  14  alpha_vw     0.00000e+00     fixed    
  15  w_vw         1.29000e+01   constant   
  16  beta_vw      0.00000e+00     fixed    
  17  LM          -3.35021e-04   constant   
  18  zeta_y       0.00000e+00   constant   
  19  zeta_vw      0.00000e+00   constant   
  20  T_CBO        3.78751e+01   2.06870e+00   2.06153e-05  -1.35465e-01
  21  alpha_A0     2.59203e-01   1.77902e-01   9.62543e-04   1.12641e-02
  22  beta_A0      1.53188e-01   1.87528e-01  -4.87349e-04   1.53669e-03
  23  alpha_phi   -3.47960e-01   1.58046e-01  -1.03212e-04   3.88744e-04
  24  beta_phi     2.92929e-01   1.75095e-01  -9.45442e-04   1.46524e-02
 EXTERNAL ERROR MATRIX.    NDIM=  25    NPAR= 11    ERR DEF=1
  4.042e+05 
 -2.912e-02  6.809e-08 
 -2.386e-02 -5.918e-09  6.295e-07 
  8.157e-03  8.129e-09 -4.753e-08  7.173e-08 
 -2.770e-03 -3.559e-10 -7.325e-09  4.183e-09  6.813e-08 
  1.402e-03 -3.880e-10 -1.373e-09 -3.927e-10  1.120e-09  6.798e-08 
 -1.146e+02  5.135e-05  3.423e-05 -2.818e-06 -1.381e-06 -1.305e-05  4.280e+00 
 -2.457e+01  3.313e-06 -2.464e-06 -2.883e-06  2.876e-06  7.924e-08 -1.332e-02  3.165e-02 
  2.383e+01 -6.861e-06  1.683e-05 -2.980e-06 -6.204e-06  1.183e-08 -4.783e-02 -2.302e-03  3.517e-02 
  5.084e+00 -1.240e-06  1.214e-05 -5.824e-06 -1.336e-06  1.736e-07  6.812e-02  1.934e-03  2.701e-03  2.498e-02 
  1.741e+01 -8.107e-06 -6.692e-06  7.091e-07 -4.860e-07  8.802e-07 -1.003e-01 -5.150e-03  1.583e-03  2.965e-03  3.066e-02 
 PARAMETER  CORRELATION COEFFICIENTS  
       NO.  GLOBAL      1      3      4      6     10     13     20     21     22     23     24
        1  0.34739   1.000 -0.176 -0.047  0.048 -0.017  0.008 -0.087 -0.217  0.200  0.051  0.156
        3  0.28514  -0.176  1.000 -0.029  0.116 -0.005 -0.006  0.095  0.071 -0.140 -0.030 -0.177
        4  0.26824  -0.047 -0.029  1.000 -0.224 -0.035 -0.007  0.021 -0.017  0.113  0.097 -0.048
        6  0.29307   0.048  0.116 -0.224  1.000  0.060 -0.006 -0.005 -0.061 -0.059 -0.138  0.015
       10  0.15505  -0.017 -0.005 -0.035  0.060  1.000  0.016 -0.003  0.062 -0.127 -0.032 -0.011
       13  0.03474   0.008 -0.006 -0.007 -0.006  0.016  1.000 -0.024  0.002  0.000  0.004  0.019
       20  0.41049  -0.087  0.095  0.021 -0.005 -0.003 -0.024  1.000 -0.036 -0.123  0.208 -0.277
       21  0.31293  -0.217  0.071 -0.017 -0.061  0.062  0.002 -0.036  1.000 -0.069  0.069 -0.165
       22  0.31701   0.200 -0.140  0.113 -0.059 -0.127  0.000 -0.123 -0.069  1.000  0.091  0.048
       23  0.35124   0.051 -0.030  0.097 -0.138 -0.032  0.004  0.208  0.069  0.091  1.000  0.107
       24  0.40932   0.156 -0.177 -0.048  0.015 -0.011  0.019 -0.277 -0.165  0.048  0.107  1.000
MINUIT - FIT ONLY 2-CBO
 **********
 **   25 **RES 
 **********
                   PARAMETER   16  beta_vw RESTORED TO VARIABLE.
                   PARAMETER   14  alpha_vw RESTORED TO VARIABLE.
                   PARAMETER   11  alpha_y RESTORED TO VARIABLE.
                   PARAMETER    9  alpha_2CBO RESTORED TO VARIABLE.
                   PARAMETER    8  beta_CBO RESTORED TO VARIABLE.
 **********
 **   26 **FIX            0
 **********
 PARAMETER    0  IS UNDEFINED. IGNORED.
 **********
 **   27 **FIX            1
 **********
 **********
 **   28 **FIX            2
 **********
 PARAMETER    2  IS CONSTANT.   IGNORED.
 **********
 **   29 **FIX            3
 **********
 **********
 **   30 **FIX            4
 **********
 **********
 **   31 **FIX            5
 **********
 PARAMETER    5  IS CONSTANT.   IGNORED.
 **********
 **   32 **FIX            6
 **********
 **********
 **   33 **FIX            7
 **********
 PARAMETER    7  IS CONSTANT.   IGNORED.
 **********
 **   34 **FIX           10
 **********
 **********
 **   35 **FIX           11
 **********
 **********
 **   36 **FIX           12
 **********
 PARAMETER   12  IS CONSTANT.   IGNORED.
 **********
 **   37 **FIX           13
 **********
 **********
 **   38 **FIX           14
 **********
 **********
 **   39 **FIX           15
 **********
 PARAMETER   15  IS CONSTANT.   IGNORED.
 **********
 **   40 **FIX           16
 **********
 **********
 **   41 **MIGRAD
 **********
 START MIGRAD MINIMIZATION.  STRATEGY  1.  CONVERGENCE WHEN EDM .LT. 1.00e-04
 FCN=129.628 FROM MIGRAD    STATUS=INITIATE       18 CALLS        1518 TOTAL
                     EDM= unknown      STRATEGY= 1      NO ERROR MATRIX       
  EXT PARAMETER               CURRENT GUESS       STEP         FIRST   
  NO.   NAME      VALUE            ERROR          SIZE      DERIVATIVE 
   1  N0           3.28833e+06     fixed    
   2  tau          6.43975e+01   constant   
   3  A0           3.64236e-01     fixed    
   4  phi          4.11855e+00     fixed    
   5  R           -6.08541e+01   constant   
   6  alpha_CBO    1.54030e-03     fixed    
   7  w_CBO        2.32500e+00   constant   
   8  beta_CBO     0.00000e+00   1.00000e-03   1.00000e-03  -6.08486e+04
   9  alpha_2CBO   0.00000e+00   1.00000e-03   1.00000e-03   2.98460e+03
  10  beta_2CBO   -4.61996e-05     fixed    
  11  alpha_y      0.00000e+00     fixed    
  12  w_y          1.44500e+01   constant   
  13  beta_y      -8.85260e-05     fixed    
  14  alpha_vw     0.00000e+00     fixed    
  15  w_vw         1.29000e+01   constant   
  16  beta_vw      0.00000e+00     fixed    
  17  LM          -3.35021e-04   constant   
  18  zeta_y       0.00000e+00   constant   
  19  zeta_vw      0.00000e+00   constant   
  20  T_CBO        3.78751e+01   2.06870e+00   2.06153e-05  -1.35466e-01
  21  alpha_A0     2.59203e-01   1.77902e-01   9.62543e-04   1.12641e-02
  22  beta_A0      1.53188e-01   1.87528e-01  -4.87349e-04   1.53668e-03
  23  alpha_phi   -3.47960e-01   1.58046e-01  -1.03212e-04   3.88742e-04
  24  beta_phi     2.92929e-01   1.75095e-01  -9.45442e-04   1.46523e-02
 CALL LIMIT EXCEEDED IN MIGRAD.
 MIGRAD TERMINATED WITHOUT CONVERGENCE.
 FCN=63.8327 FROM MIGRAD    STATUS=CALL LIMIT   1147 CALLS        2647 TOTAL
                     EDM=0.00427708    STRATEGY= 1  ERROR MATRIX UNCERTAINTY  33.0 per cent
  EXT PARAMETER                APPROXIMATE        STEP         FIRST   
  NO.   NAME      VALUE            ERROR          SIZE      DERIVATIVE 
   1  N0           3.28833e+06     fixed    
   2  tau          6.43975e+01   constant   
   3  A0           3.64236e-01     fixed    
   4  phi          4.11855e+00     fixed    
   5  R           -6.08541e+01   constant   
   6  alpha_CBO    1.54030e-03     fixed    
   7  w_CBO        2.32500e+00   constant   
   8  beta_CBO     2.14773e-03   2.65030e-04  -1.97556e-07   1.30905e+01
   9  alpha_2CBO  -2.37453e-04   2.70629e-04  -1.80112e-06  -6.68634e+01
  10  beta_2CBO   -4.61996e-05     fixed    
  11  alpha_y      0.00000e+00     fixed    
  12  w_y          1.44500e+01   constant   
  13  beta_y      -8.85260e-05     fixed    
  14  alpha_vw     0.00000e+00     fixed    
  15  w_vw         1.29000e+01   constant   
  16  beta_vw      0.00000e+00     fixed    
  17  LM          -3.35021e-04   constant   
  18  zeta_y       0.00000e+00   constant   
  19  zeta_vw      0.00000e+00   constant   
  20  T_CBO        1.39472e+02   1.36010e+02   8.83121e-04  -2.26350e-01
  21  alpha_A0     5.86930e-03   1.04905e-02   4.47742e-05  -6.54394e+00
  22  beta_A0      2.80667e-03   9.00668e-03   6.81672e-06  -7.78128e+00
  23  alpha_phi   -7.99401e-03   1.13976e-02  -9.47908e-05  -3.38338e+00
  24  beta_phi     5.22145e-03   8.58565e-03   6.81728e-05   1.78099e+00
 EXTERNAL ERROR MATRIX.    NDIM=  25    NPAR=  7    ERR DEF=1
  7.024e-08 -5.979e-09  1.790e-03 -1.221e-07 -3.308e-08  1.388e-07 -1.820e-07 
 -5.979e-09  7.324e-08 -6.936e-03  2.206e-07 -6.950e-08 -4.639e-07  2.796e-07 
  1.790e-03 -6.936e-03  1.954e+04 -1.252e+00 -8.622e-01  1.466e+00 -9.916e-01 
 -1.221e-07  2.206e-07 -1.252e+00  1.101e-04  3.714e-05 -9.201e-05  6.348e-05 
 -3.308e-08 -6.950e-08 -8.622e-01  3.714e-05  8.112e-05 -7.215e-05  4.293e-05 
  1.388e-07 -4.639e-07  1.466e+00 -9.201e-05 -7.215e-05  1.299e-04 -6.779e-05 
 -1.820e-07  2.796e-07 -9.916e-01  6.348e-05  4.293e-05 -6.779e-05  7.371e-05 
ERR MATRIX APPROXIMATE
 PARAMETER  CORRELATION COEFFICIENTS  
       NO.  GLOBAL      8      9     20     21     22     23     24
        8  0.12371   1.000 -0.083  0.048 -0.044 -0.014  0.046 -0.080
        9  0.42114  -0.083  1.000 -0.183  0.078 -0.029 -0.150  0.120
       20  0.97344   0.048 -0.183  1.000 -0.854 -0.685  0.920 -0.826
       21  0.90476  -0.044  0.078 -0.854  1.000  0.393 -0.770  0.705
       22  0.81980  -0.014 -0.029 -0.685  0.393  1.000 -0.703  0.555
       23  0.93336   0.046 -0.150  0.920 -0.770 -0.703  1.000 -0.693
       24  0.84672  -0.080  0.120 -0.826  0.705  0.555 -0.693  1.000
 ERR MATRIX APPROXIMATE
MINUIT - FIT wiggle + 1-CBO + 2-CBO
 **********
 **   42 **RES 
 **********
                   PARAMETER   16  beta_vw RESTORED TO VARIABLE.
                   PARAMETER   14  alpha_vw RESTORED TO VARIABLE.
                   PARAMETER   13  beta_y RESTORED TO VARIABLE.
                   PARAMETER   11  alpha_y RESTORED TO VARIABLE.
                   PARAMETER   10  beta_2CBO RESTORED TO VARIABLE.
                   PARAMETER    6  alpha_CBO RESTORED TO VARIABLE.
                   PARAMETER    4  phi RESTORED TO VARIABLE.
                   PARAMETER    3  A0 RESTORED TO VARIABLE.
                   PARAMETER    1  N0 RESTORED TO VARIABLE.
 **********
 **   43 **FIX           10
 **********
 **********
 **   44 **FIX           11
 **********
 **********
 **   45 **FIX           12
 **********
 PARAMETER   12  IS CONSTANT.   IGNORED.
 **********
 **   46 **FIX           13
 **********
 **********
 **   47 **FIX           14
 **********
 **********
 **   48 **FIX           15
 **********
 PARAMETER   15  IS CONSTANT.   IGNORED.
 **********
 **   49 **FIX           16
 **********
 **********
 **   50 **MIGRAD
 **********
 START MIGRAD MINIMIZATION.  STRATEGY  1.  CONVERGENCE WHEN EDM .LT. 1.00e-04
 FCN=63.8327 FROM MIGRAD    STATUS=INITIATE       22 CALLS        2669 TOTAL
                     EDM= unknown      STRATEGY= 1      NO ERROR MATRIX       
  EXT PARAMETER               CURRENT GUESS       STEP         FIRST   
  NO.   NAME      VALUE            ERROR          SIZE      DERIVATIVE 
   1  N0           3.28833e+06   6.35778e+02   6.35778e+02  -2.29456e-03
   2  tau          6.43975e+01   constant   
   3  A0           3.64236e-01   2.60940e-04   2.60940e-04  -1.07656e+04
   4  phi          4.11855e+00   7.93384e-04   7.93384e-04  -3.08256e+03
   5  R           -6.08541e+01   constant   
   6  alpha_CBO    1.54030e-03   2.67826e-04   2.67826e-04  -2.05331e+03
   7  w_CBO        2.32500e+00   constant   
   8  beta_CBO     2.14773e-03   2.65030e-04  -1.97556e-07   1.30905e+01
   9  alpha_2CBO  -2.37453e-04   2.70629e-04  -1.80112e-06  -6.68634e+01
  10  beta_2CBO   -4.61996e-05     fixed    
  11  alpha_y      0.00000e+00     fixed    
  12  w_y          1.44500e+01   constant   
  13  beta_y      -8.85260e-05     fixed    
  14  alpha_vw     0.00000e+00     fixed    
  15  w_vw         1.29000e+01   constant   
  16  beta_vw      0.00000e+00     fixed    
  17  LM          -3.35021e-04   constant   
  18  zeta_y       0.00000e+00   constant   
  19  zeta_vw      0.00000e+00   constant   
  20  T_CBO        1.39472e+02   1.36010e+02   8.83121e-04  -2.26349e-01
  21  alpha_A0     5.86930e-03   1.04905e-02   4.47742e-05  -6.54394e+00
  22  beta_A0      2.80667e-03   9.00668e-03   6.81672e-06  -7.78129e+00
  23  alpha_phi   -7.99401e-03   1.13976e-02  -9.47908e-05  -3.38338e+00
  24  beta_phi     5.22145e-03   8.58565e-03   6.81728e-05   1.78099e+00
 MIGRAD MINIMIZATION HAS CONVERGED.
 FCN=60.1651 FROM MIGRAD    STATUS=CONVERGED    1007 CALLS        3654 TOTAL
                     EDM=8.21884e-06    STRATEGY= 1  ERROR MATRIX UNCERTAINTY   0.8 per cent
  EXT PARAMETER                                   STEP         FIRST   
  NO.   NAME      VALUE            ERROR          SIZE      DERIVATIVE 
   1  N0           3.28867e+06   6.29336e+02   8.26559e-01   1.95799e-06
   2  tau          6.43975e+01   constant   
   3  A0           3.64578e-01   2.47156e-04  -9.83671e-08  -2.02681e+00
   4  phi          4.11940e+00   7.30598e-04  -1.26379e-07   1.49037e-01
   5  R           -6.08541e+01   constant   
   6  alpha_CBO    1.59889e-03   2.51226e-04   9.51921e-08   4.68056e+00
   7  w_CBO        2.32500e+00   constant   
   8  beta_CBO     2.26157e-03   2.71782e-04   1.04096e-08  -5.43351e-01
   9  alpha_2CBO  -2.66320e-04   2.60257e-04   9.53521e-07   6.64833e+00
  10  beta_2CBO   -4.61996e-05     fixed    
  11  alpha_y      0.00000e+00     fixed    
  12  w_y          1.44500e+01   constant   
  13  beta_y      -8.85260e-05     fixed    
  14  alpha_vw     0.00000e+00     fixed    
  15  w_vw         1.29000e+01   constant   
  16  beta_vw      0.00000e+00     fixed    
  17  LM          -3.35021e-04   constant   
  18  zeta_y       0.00000e+00   constant   
  19  zeta_vw      0.00000e+00   constant   
  20  T_CBO        9.99469e+02   8.48208e+02   4.51048e-02  -4.09785e-04
  21  alpha_A0     1.84967e-03   1.36986e-03   4.97665e-06   9.35125e-01
  22  beta_A0      1.02938e-03   1.35220e-03   4.32773e-06  -3.26821e-01
  23  alpha_phi   -2.38622e-03   1.31640e-03  -2.55241e-09   2.89311e+00
  24  beta_phi     1.37519e-03   1.35414e-03   1.30396e-06  -4.86037e-01
 EXTERNAL ERROR MATRIX.    NDIM=  25    NPAR= 11    ERR DEF=1
  3.961e+05 
 -1.581e-02  6.109e-08 
 -2.746e-02  1.275e-08  5.338e-07 
  1.568e-02  3.837e-09 -2.946e-08  6.311e-08 
  1.152e-02  9.757e-09  2.874e-08  1.178e-09  7.387e-08 
 -5.443e-03 -1.521e-09 -1.095e-08  4.695e-10 -5.385e-09  6.773e-08 
  8.459e+03 -1.144e-03 -4.938e-04  1.075e-03  1.516e-04  9.501e-03  1.115e+05 
 -2.113e-01  3.789e-08  8.383e-08 -2.692e-08 -6.920e-10 -6.031e-08 -9.453e-02  1.877e-06 
  1.289e-01 -3.047e-08  1.123e-07 -1.182e-08 -1.467e-09 -4.022e-08 -3.957e-02 -7.637e-08  1.828e-06 
  1.021e-01 -3.608e-08  7.291e-08 -2.986e-08  4.109e-09 -6.408e-10  1.648e-01 -3.490e-07 -3.074e-08  1.733e-06 
  1.442e-01 -5.556e-08 -6.162e-08  1.089e-08 -2.879e-08 -4.614e-08 -9.140e-02  4.051e-08  1.836e-07  1.701e-07  1.834e-06 
 PARAMETER  CORRELATION COEFFICIENTS  
       NO.  GLOBAL      1      3      4      6      8      9     20     21     22     23     24
        1  0.36025   1.000 -0.102 -0.060  0.099  0.067 -0.033  0.040 -0.245  0.151  0.123  0.169
        3  0.28298  -0.102  1.000  0.071  0.062  0.145 -0.024 -0.014  0.112 -0.091 -0.111 -0.166
        4  0.28821  -0.060  0.071  1.000 -0.160  0.145 -0.058 -0.002  0.084  0.114  0.076 -0.062
        6  0.23740   0.099  0.062 -0.160  1.000  0.017  0.007  0.013 -0.078 -0.035 -0.090  0.032
        8  0.24077   0.067  0.145  0.145  0.017  1.000 -0.076  0.002 -0.002 -0.004  0.011 -0.078
        9  0.26500  -0.033 -0.024 -0.058  0.007 -0.076  1.000  0.109 -0.169 -0.114 -0.002 -0.131
       20  0.47217   0.040 -0.014 -0.002  0.013  0.002  0.109  1.000 -0.207 -0.088  0.375 -0.202
       21  0.38870  -0.245  0.112  0.084 -0.078 -0.002 -0.169 -0.207  1.000 -0.041 -0.194  0.022
       22  0.26342   0.151 -0.091  0.114 -0.035 -0.004 -0.114 -0.088 -0.041  1.000 -0.017  0.100
       23  0.46190   0.123 -0.111  0.076 -0.090  0.011 -0.002  0.375 -0.194 -0.017  1.000  0.095
       24  0.37677   0.169 -0.166 -0.062  0.032 -0.078 -0.131 -0.202  0.022  0.100  0.095  1.000
MINUIT - FIT ONLY 1-y
 **********
 **   51 **RES 
 **********
                   PARAMETER   16  beta_vw RESTORED TO VARIABLE.
                   PARAMETER   14  alpha_vw RESTORED TO VARIABLE.
                   PARAMETER   13  beta_y RESTORED TO VARIABLE.
                   PARAMETER   11  alpha_y RESTORED TO VARIABLE.
                   PARAMETER   10  beta_2CBO RESTORED TO VARIABLE.
 **********
 **   52 **FIX            0
 **********
 PARAMETER    0  IS UNDEFINED. IGNORED.
 **********
 **   53 **FIX            1
 **********
 **********
 **   54 **FIX            2
 **********
 PARAMETER    2  IS CONSTANT.   IGNORED.
 **********
 **   55 **FIX            3
 **********
 **********
 **   56 **FIX            4
 **********
 **********
 **   57 **FIX            5
 **********
 PARAMETER    5  IS CONSTANT.   IGNORED.
 **********
 **   58 **FIX            6
 **********
 **********
 **   59 **FIX            7
 **********
 PARAMETER    7  IS CONSTANT.   IGNORED.
 **********
 **   60 **FIX            8
 **********
 **********
 **   61 **FIX            9
 **********
 **********
 **   62 **FIX           13
 **********
 **********
 **   63 **FIX           14
 **********
 **********
 **   64 **FIX           15
 **********
 PARAMETER   15  IS CONSTANT.   IGNORED.
 **********
 **   65 **FIX           16
 **********
 **********
 **   66 **MIGRAD
 **********
 START MIGRAD MINIMIZATION.  STRATEGY  1.  CONVERGENCE WHEN EDM .LT. 1.00e-04
 FCN=60.1651 FROM MIGRAD    STATUS=INITIATE       16 CALLS        3670 TOTAL
                     EDM= unknown      STRATEGY= 1      NO ERROR MATRIX       
  EXT PARAMETER               CURRENT GUESS       STEP         FIRST   
  NO.   NAME      VALUE            ERROR          SIZE      DERIVATIVE 
   1  N0           3.28867e+06     fixed    
   2  tau          6.43975e+01   constant   
   3  A0           3.64578e-01     fixed    
   4  phi          4.11940e+00     fixed    
   5  R           -6.08541e+01   constant   
   6  alpha_CBO    1.59889e-03     fixed    
   7  w_CBO        2.32500e+00   constant   
   8  beta_CBO     2.26157e-03     fixed    
   9  alpha_2CBO  -2.66320e-04     fixed    
  10  beta_2CBO   -4.61996e-05   2.61024e-04   2.61024e-04  -4.73474e+03
  11  alpha_y      0.00000e+00   1.00000e-03   1.00000e-03   1.53841e+04
  12  w_y          1.44500e+01   constant   
  13  beta_y      -8.85260e-05     fixed    
  14  alpha_vw     0.00000e+00     fixed    
  15  w_vw         1.29000e+01   constant   
  16  beta_vw      0.00000e+00     fixed    
  17  LM          -3.35021e-04   constant   
  18  zeta_y       0.00000e+00   constant   
  19  zeta_vw      0.00000e+00   constant   
  20  T_CBO        9.99469e+02   8.48208e+02   4.51048e-02  -4.13369e-04
  21  alpha_A0     1.84967e-03   1.36986e-03   4.97665e-06   9.35136e-01
  22  beta_A0      1.02938e-03   1.35220e-03   4.32773e-06  -3.26812e-01
  23  alpha_phi   -2.38622e-03   1.31640e-03  -2.55241e-09   2.89311e+00
  24  beta_phi     1.37519e-03   1.35414e-03   1.30396e-06  -4.86037e-01
 MIGRAD MINIMIZATION HAS CONVERGED.
 MIGRAD WILL VERIFY CONVERGENCE AND ERROR MATRIX.
 COVARIANCE MATRIX CALCULATED SUCCESSFULLY
 FCN=55.7908 FROM MIGRAD    STATUS=CONVERGED     112 CALLS        3766 TOTAL
                     EDM=2.0492e-06    STRATEGY= 1      ERROR MATRIX ACCURATE 
  EXT PARAMETER                                   STEP         FIRST   
  NO.   NAME      VALUE            ERROR          SIZE      DERIVATIVE 
   1  N0           3.28867e+06     fixed    
   2  tau          6.43975e+01   constant   
   3  A0           3.64578e-01     fixed    
   4  phi          4.11940e+00     fixed    
   5  R           -6.08541e+01   constant   
   6  alpha_CBO    1.59889e-03     fixed    
   7  w_CBO        2.32500e+00   constant   
   8  beta_CBO     2.26157e-03     fixed    
   9  alpha_2CBO  -2.66320e-04     fixed    
  10  beta_2CBO    1.21124e-04   2.66106e-04   9.55018e-07   3.17156e-01
  11  alpha_y     -5.17122e-04   2.59321e-04   9.53946e-07   2.15772e+00
  12  w_y          1.44500e+01   constant   
  13  beta_y      -8.85260e-05     fixed    
  14  alpha_vw     0.00000e+00     fixed    
  15  w_vw         1.29000e+01   constant   
  16  beta_vw      0.00000e+00     fixed    
  17  LM          -3.35021e-04   constant   
  18  zeta_y       0.00000e+00   constant   
  19  zeta_vw      0.00000e+00   constant   
  20  T_CBO        1.00000e+03   9.52998e+02   6.55976e-02** at limit **
  21  alpha_A0     1.94002e-03   1.25579e-03   4.57198e-06  -3.51307e-01
  22  beta_A0      8.62446e-04   1.29889e-03   4.71783e-06  -2.34442e-01
  23  alpha_phi   -2.31635e-03   1.17442e-03   4.25629e-06  -1.62092e+00
  24  beta_phi     1.47873e-03   1.18124e-03   4.29895e-06  -9.90654e-02
 EXTERNAL ERROR MATRIX.    NDIM=  25    NPAR=  7    ERR DEF=1
  7.081e-08  3.063e-11  9.686e-09  3.126e-08 -5.056e-08  3.043e-08  3.142e-08 
  3.063e-11  6.725e-08 -1.142e-09 -2.232e-09  6.132e-09 -9.176e-11 -3.828e-09 
  9.686e-09 -1.142e-09  6.504e-02  2.598e-05  1.143e-05 -3.054e-05  1.965e-05 
  3.126e-08 -2.232e-09  2.598e-05  1.577e-06 -6.048e-08 -1.009e-07 -8.021e-10 
 -5.056e-08  6.132e-09  1.143e-05 -6.048e-08  1.687e-06 -3.341e-08  4.841e-08 
  3.043e-08 -9.176e-11 -3.054e-05 -1.009e-07 -3.341e-08  1.379e-06  1.042e-07 
  3.142e-08 -3.828e-09  1.965e-05 -8.021e-10  4.841e-08  1.042e-07  1.395e-06 
 PARAMETER  CORRELATION COEFFICIENTS  
       NO.  GLOBAL     10     11     20     21     22     23     24
       10  0.22079   1.000  0.000  0.000  0.094 -0.146  0.097  0.100
       11  0.02382   0.000  1.000 -0.000 -0.007  0.018 -0.000 -0.012
       20  0.14931   0.000 -0.000  1.000  0.081  0.035 -0.102  0.065
       21  0.14512   0.094 -0.007  0.081  1.000 -0.037 -0.068 -0.001
       22  0.16012  -0.146  0.018  0.035 -0.037  1.000 -0.022  0.032
       23  0.17303   0.097 -0.000 -0.102 -0.068 -0.022  1.000  0.075
       24  0.14764   0.100 -0.012  0.065 -0.001  0.032  0.075  1.000
MINUIT - FIT ONLY 2-y
 **********
 **   67 **RES 
 **********
                   PARAMETER   16  beta_vw RESTORED TO VARIABLE.
                   PARAMETER   14  alpha_vw RESTORED TO VARIABLE.
                   PARAMETER   13  beta_y RESTORED TO VARIABLE.
                   PARAMETER    9  alpha_2CBO RESTORED TO VARIABLE.
                   PARAMETER    8  beta_CBO RESTORED TO VARIABLE.
                   PARAMETER    6  alpha_CBO RESTORED TO VARIABLE.
                   PARAMETER    4  phi RESTORED TO VARIABLE.
                   PARAMETER    3  A0 RESTORED TO VARIABLE.
                   PARAMETER    1  N0 RESTORED TO VARIABLE.
 **********
 **   68 **FIX            0
 **********
 PARAMETER    0  IS UNDEFINED. IGNORED.
 **********
 **   69 **FIX            1
 **********
 **********
 **   70 **FIX            2
 **********
 PARAMETER    2  IS CONSTANT.   IGNORED.
 **********
 **   71 **FIX            3
 **********
 **********
 **   72 **FIX            4
 **********
 **********
 **   73 **FIX            5
 **********
 PARAMETER    5  IS CONSTANT.   IGNORED.
 **********
 **   74 **FIX            6
 **********
 **********
 **   75 **FIX            7
 **********
 PARAMETER    7  IS CONSTANT.   IGNORED.
 **********
 **   76 **FIX            8
 **********
 **********
 **   77 **FIX            9
 **********
 **********
 **   78 **FIX           10
 **********
 **********
 **   79 **FIX           11
 **********
 **********
 **   80 **FIX           12
 **********
 PARAMETER   12  IS CONSTANT.   IGNORED.
 **********
 **   81 **FIX           16
 **********
 **********
 **   82 **MIGRAD
 **********
 START MIGRAD MINIMIZATION.  STRATEGY  1.  CONVERGENCE WHEN EDM .LT. 1.00e-04
 FCN=55.7908 FROM MIGRAD    STATUS=INITIATE       16 CALLS        3782 TOTAL
                     EDM= unknown      STRATEGY= 1      NO ERROR MATRIX       
  EXT PARAMETER               CURRENT GUESS       STEP         FIRST   
  NO.   NAME      VALUE            ERROR          SIZE      DERIVATIVE 
   1  N0           3.28867e+06     fixed    
   2  tau          6.43975e+01   constant   
   3  A0           3.64578e-01     fixed    
   4  phi          4.11940e+00     fixed    
   5  R           -6.08541e+01   constant   
   6  alpha_CBO    1.59889e-03     fixed    
   7  w_CBO        2.32500e+00   constant   
   8  beta_CBO     2.26157e-03     fixed    
   9  alpha_2CBO  -2.66320e-04     fixed    
  10  beta_2CBO    1.21124e-04     fixed    
  11  alpha_y     -5.17122e-04     fixed    
  12  w_y          1.44500e+01   constant   
  13  beta_y      -8.85260e-05   2.60730e-04   2.60730e-04   1.56032e+03
  14  alpha_vw     0.00000e+00   1.00000e-03   1.00000e-03   7.35584e+03
  15  w_vw         1.29000e+01   constant   
  16  beta_vw      0.00000e+00     fixed    
  17  LM          -3.35021e-04   constant   
  18  zeta_y       0.00000e+00   constant   
  19  zeta_vw      0.00000e+00   constant   
  20  T_CBO        9.99999e+02   9.52998e+02   6.55976e-02  -1.52012e-05
  21  alpha_A0     1.94002e-03   1.25579e-03   4.57198e-06  -3.51799e-01
  22  beta_A0      8.62446e-04   1.29889e-03   4.71783e-06  -2.34651e-01
  23  alpha_phi   -2.31635e-03   1.17442e-03   4.25629e-06  -1.62029e+00
  24  beta_phi     1.47873e-03   1.18124e-03   4.29895e-06  -9.95079e-02
 MIGRAD MINIMIZATION HAS CONVERGED.
 MIGRAD WILL VERIFY CONVERGENCE AND ERROR MATRIX.
 COVARIANCE MATRIX CALCULATED SUCCESSFULLY
 FCN=54.8851 FROM MIGRAD    STATUS=CONVERGED     115 CALLS        3881 TOTAL
                     EDM=5.56215e-08    STRATEGY= 1      ERROR MATRIX ACCURATE 
  EXT PARAMETER                                   STEP         FIRST   
  NO.   NAME      VALUE            ERROR          SIZE      DERIVATIVE 
   1  N0           3.28867e+06     fixed    
   2  tau          6.43975e+01   constant   
   3  A0           3.64578e-01     fixed    
   4  phi          4.11940e+00     fixed    
   5  R           -6.08541e+01   constant   
   6  alpha_CBO    1.59889e-03     fixed    
   7  w_CBO        2.32500e+00   constant   
   8  beta_CBO     2.26157e-03     fixed    
   9  alpha_2CBO  -2.66320e-04     fixed    
  10  beta_2CBO    1.21124e-04     fixed    
  11  alpha_y     -5.17122e-04     fixed    
  12  w_y          1.44500e+01   constant   
  13  beta_y      -1.03211e-04   2.63719e-04   9.50605e-07   2.76641e-02
  14  alpha_vw    -2.43134e-04   2.61512e-04   9.42844e-07  -6.72787e-03
  15  w_vw         1.29000e+01   constant   
  16  beta_vw      0.00000e+00     fixed    
  17  LM          -3.35021e-04   constant   
  18  zeta_y       0.00000e+00   constant   
  19  zeta_vw      0.00000e+00   constant   
  20  T_CBO        1.00000e+03   9.91440e+02   6.30998e-02** at limit **
  21  alpha_A0     1.95028e-03   1.25006e-03   4.53538e-06  -8.96219e-02
  22  beta_A0      8.62890e-04   1.28464e-03   4.68005e-06  -4.91382e-02
  23  alpha_phi   -2.31391e-03   1.16811e-03   4.22222e-06  -2.57042e-01
  24  beta_phi     1.48505e-03   1.17501e-03   4.26454e-06   1.06593e-01
 EXTERNAL ERROR MATRIX.    NDIM=  25    NPAR=  7    ERR DEF=1
  6.955e-08 -1.076e-08  4.538e-10 -6.157e-09 -2.036e-09 -6.234e-11 -2.409e-09 
 -1.076e-08  6.839e-08  6.888e-10 -1.436e-09  3.438e-10 -4.081e-10 -1.157e-09 
  4.538e-10  6.888e-10  8.724e-03  8.991e-06  3.938e-06 -1.050e-05  6.796e-06 
 -6.157e-09 -1.436e-09  8.991e-06  1.563e-06 -3.829e-08 -1.129e-07 -1.536e-08 
 -2.036e-09  3.438e-10  3.938e-06 -3.829e-08  1.650e-06 -1.104e-08  7.087e-08 
 -6.234e-11 -4.081e-10 -1.050e-05 -1.129e-07 -1.104e-08  1.364e-06  9.173e-08 
 -2.409e-09 -1.157e-09  6.796e-06 -1.536e-08  7.087e-08  9.173e-08  1.381e-06 
 PARAMETER  CORRELATION COEFFICIENTS  
       NO.  GLOBAL     13     14     20     21     22     23     24
       13  0.15758   1.000 -0.156  0.000 -0.019 -0.006 -0.000 -0.008
       14  0.15628  -0.156  1.000  0.000 -0.004  0.001 -0.001 -0.004
       20  0.14078   0.000  0.000  1.000  0.077  0.033 -0.096  0.062
       21  0.10985  -0.019 -0.004  0.077  1.000 -0.024 -0.077 -0.010
       22  0.06238  -0.006  0.001  0.033 -0.024  1.000 -0.007  0.047
       23  0.13941  -0.000 -0.001 -0.096 -0.077 -0.007  1.000  0.067
       24  0.10674  -0.008 -0.004  0.062 -0.010  0.047  0.067  1.000
MINUIT - FIT ALTOGETHER
 **********
 **   83 **RES 
 **********
