 + ++++++++++++++++++++++++++++++++++++++++++++++++++++++++++++++++++++ +
 +                                                                      +
 +           You have chose to blind your fitting according to          +
 +                omega_ref * (1 + (R +/- deltaR) *10^{-6})             +
 +                                                                      +
 + ++++++++++++++++++++++++++++++++++++++++++++++++++++++++++++++++++++ +
In main()...
reading format from /gm2data/zkhechad/run45/envelope/formats/formatB_sBin_constraintOn.txt
pBinTau 	= 0  
pBinPhi 	= 0  
constraintau 	= 1 
includeMopTerm 	= 0    
constrainMop    = 0   
Parameters after format file: pBinTau 0 pBinPhi 0 constraintau 1 includeMopTerm 0 constrainMop 0 c_e_scale 0.000000 
Opening file /gm2data/tbarrett/gm2fr/studies/run23_bunch_corrections/CorrectedFourier_Run3b.root.
reading full fit data from /gm2data/zkhechad/cboTemplates/Run4CBOTemplates/fullFits/noRF/sBin_constraintOn_cE0.0_seed0_noRF_calo5.root
windowBins = 69
fitting sliding window 210 from bin 346 at 51.474000 to bin 415 at 61.918000 (69 bins)

Reading data from /gm2data/cornell/histograms/aMethod/histogram_a_noRF.root
 **********
 **    1 **SET PRINTOUT            1
 **********
 **********
 **    2 **SET NOWARNINGS 
 **********
 PARAMETER DEFINITIONS:
    NO.   NAME         VALUE      STEP SIZE      LIMITS
     1 N0           2.79633e+06  1.00000e+02     no limits
     2 tau          6.44140e+01  constant
     3 A0           3.58434e-01  1.00000e-04     no limits
     4 phi          4.11632e+00  1.00000e-02     no limits
     5 R           -6.26390e+01  constant
     6 alpha_CBO    0.00000e+00  1.00000e-03     no limits
     7 w_CBO        2.32500e+00  constant
     8 beta_CBO     0.00000e+00  1.00000e-03     no limits
     9 alpha_2CBO   0.00000e+00  1.00000e-03     no limits
    10 beta_2CBO    0.00000e+00  1.00000e-03     no limits
    11 alpha_y      0.00000e+00  1.00000e-03     no limits
    12 w_y          1.38860e+01  constant
    13 beta_y       0.00000e+00  1.00000e-03     no limits
    14 alpha_vw     0.00000e+00  1.00000e-03     no limits
    15 w_vw         1.43404e+01  constant
    16 beta_vw      0.00000e+00  1.00000e-03     no limits
    17 LM           3.79801e-04  constant
    18 zeta_y       0.00000e+00  constant
    19 zeta_vw      0.00000e+00  constant
    20 T_CBO        1.00000e+02  1.00000e+00    0.00000e+00  1.00000e+03
    21 alpha_A0     0.00000e+00  1.00000e-03     no limits
    22 beta_A0      0.00000e+00  1.00000e-03     no limits
    23 alpha_phi    0.00000e+00  1.00000e-03     no limits
    24 beta_phi     0.00000e+00  1.00000e-03     no limits
MINUIT - FIT ONLY WIGGLE
 **********
 **    3 **FIX            5
 **********
 PARAMETER    5  IS CONSTANT.   IGNORED.
 **********
 **    4 **FIX            6
 **********
 **********
 **    5 **FIX            7
 **********
 PARAMETER    7  IS CONSTANT.   IGNORED.
 **********
 **    6 **FIX            8
 **********
 **********
 **    7 **FIX            9
 **********
 **********
 **    8 **FIX           10
 **********
 **********
 **    9 **FIX           11
 **********
 **********
 **   10 **FIX           12
 **********
 PARAMETER   12  IS CONSTANT.   IGNORED.
 **********
 **   11 **FIX           13
 **********
 **********
 **   12 **FIX           14
 **********
 **********
 **   13 **FIX           15
 **********
 PARAMETER   15  IS CONSTANT.   IGNORED.
 **********
 **   14 **FIX           16
 **********
 **********
 **   15 **MIGRAD
 **********
 FIRST CALL TO USER FUNCTION AT NEW START POINT, WITH IFLAG=4.
 START MIGRAD MINIMIZATION.  STRATEGY  1.  CONVERGENCE WHEN EDM .LT. 1.00e-04
 FCN=7336.2 FROM MIGRAD    STATUS=INITIATE      435 CALLS         436 TOTAL
                     EDM= unknown      STRATEGY= 1      NO ERROR MATRIX       
  EXT PARAMETER               CURRENT GUESS       STEP         FIRST   
  NO.   NAME      VALUE            ERROR          SIZE      DERIVATIVE 
   1  N0           2.79633e+06   1.00000e+02   0.00000e+00   8.11868e-02
   2  tau          6.44140e+01   constant   
   3  A0           3.58434e-01   1.00000e-04   0.00000e+00   3.77745e+05
   4  phi          4.11632e+00   1.00000e-02   0.00000e+00   8.42451e+04
   5  R           -6.26390e+01   constant   
   6  alpha_CBO    0.00000e+00     fixed    
   7  w_CBO        2.32500e+00   constant   
   8  beta_CBO     0.00000e+00     fixed    
   9  alpha_2CBO   0.00000e+00     fixed    
  10  beta_2CBO    0.00000e+00     fixed    
  11  alpha_y      0.00000e+00     fixed    
  12  w_y          1.38860e+01   constant   
  13  beta_y       0.00000e+00     fixed    
  14  alpha_vw     0.00000e+00     fixed    
  15  w_vw         1.43404e+01   constant   
  16  beta_vw      0.00000e+00     fixed    
  17  LM           3.79801e-04   constant   
  18  zeta_y       0.00000e+00   constant   
  19  zeta_vw      0.00000e+00   constant   
  20  T_CBO        1.00000e+02   1.00000e+00   0.00000e+00   0.00000e+00
  21  alpha_A0     0.00000e+00   1.00000e-03   0.00000e+00   6.78714e+03
  22  beta_A0      0.00000e+00   1.00000e-03   0.00000e+00   5.48430e+04
  23  alpha_phi    0.00000e+00   1.00000e-03   0.00000e+00  -1.78193e+04
  24  beta_phi     0.00000e+00   1.00000e-03   0.00000e+00   1.55697e+04
 CALL LIMIT EXCEEDED IN MIGRAD.
 MIGRAD TERMINATED WITHOUT CONVERGENCE.
 FCN=6512.03 FROM MIGRAD    STATUS=CALL LIMIT   1334 CALLS        1335 TOTAL
                     EDM=0.163828    STRATEGY= 1  ERROR MATRIX UNCERTAINTY   4.6 per cent
  EXT PARAMETER                APPROXIMATE        STEP         FIRST   
  NO.   NAME      VALUE            ERROR          SIZE      DERIVATIVE 
   1  N0           2.79536e+06   1.88109e+02  -7.69644e+01  -6.55114e-04
   2  tau          6.44140e+01   constant   
   3  A0           3.56719e-01   8.49219e-05   1.36980e-05   7.94566e+02
   4  phi          4.11381e+00   2.58446e-04   1.29848e-04   1.03453e+03
   5  R           -6.26390e+01   constant   
   6  alpha_CBO    0.00000e+00     fixed    
   7  w_CBO        2.32500e+00   constant   
   8  beta_CBO     0.00000e+00     fixed    
   9  alpha_2CBO   0.00000e+00     fixed    
  10  beta_2CBO    0.00000e+00     fixed    
  11  alpha_y      0.00000e+00     fixed    
  12  w_y          1.38860e+01   constant   
  13  beta_y       0.00000e+00     fixed    
  14  alpha_vw     0.00000e+00     fixed    
  15  w_vw         1.43404e+01   constant   
  16  beta_vw      0.00000e+00     fixed    
  17  LM           3.79801e-04   constant   
  18  zeta_y       0.00000e+00   constant   
  19  zeta_vw      0.00000e+00   constant   
  20  T_CBO        1.14284e+01   5.18230e-01  -3.15896e-04  -2.05556e+02
  21  alpha_A0    -1.43860e-01   2.64011e-02  -4.31501e-03   6.48516e+00
  22  beta_A0     -8.22550e-01   1.50994e-01  -2.45360e-02   1.53698e+01
  23  alpha_phi    2.51342e-02   4.40695e-03   7.52676e-04   2.43214e+01
  24  beta_phi    -1.89404e-01   3.49776e-02  -5.66521e-03  -2.10281e+01
 EXTERNAL ERROR MATRIX.    NDIM=  25    NPAR=  8    ERR DEF=1
  3.539e+04  1.318e-03 -7.887e-03  2.570e+01  1.276e+00  7.245e+00 -2.220e-01  1.675e+00 
  1.318e-03  7.212e-09  2.312e-10 -3.087e-06 -1.319e-07 -7.767e-07  3.152e-08 -1.790e-07 
 -7.887e-03  2.312e-10  6.679e-08 -4.857e-05 -2.773e-06 -1.587e-05  4.697e-07 -3.674e-06 
  2.570e+01 -3.087e-06 -4.857e-05  2.686e-01  1.327e-02  7.597e-02 -2.196e-03  1.760e-02 
  1.276e+00 -1.319e-07 -2.773e-06  1.327e-02  6.970e-04  3.985e-03 -1.147e-04  9.230e-04 
  7.245e+00 -7.767e-07 -1.587e-05  7.597e-02  3.985e-03  2.280e-02 -6.564e-04  5.281e-03 
 -2.220e-01  3.152e-08  4.697e-07 -2.196e-03 -1.147e-04 -6.564e-04  1.942e-05 -1.521e-04 
  1.675e+00 -1.790e-07 -3.674e-06  1.760e-02  9.230e-04  5.281e-03 -1.521e-04  1.223e-03 
ERR MATRIX APPROXIMATE
 PARAMETER  CORRELATION COEFFICIENTS  
       NO.  GLOBAL      1      3      4     20     21     22     23     24
        1  0.32178   1.000  0.083 -0.162  0.264  0.257  0.255 -0.268  0.255
        3  0.20914   0.083  1.000  0.011 -0.070 -0.059 -0.061  0.084 -0.060
        4  0.44111  -0.162  0.011  1.000 -0.363 -0.406 -0.407  0.412 -0.406
       20  0.97219   0.264 -0.070 -0.363  1.000  0.970  0.971 -0.962  0.971
       21  0.99967   0.257 -0.059 -0.406  0.970  1.000  1.000 -0.986  1.000
       22  0.99990   0.255 -0.061 -0.407  0.971  1.000  1.000 -0.986  1.000
       23  0.98727  -0.268  0.084  0.412 -0.962 -0.986 -0.986  1.000 -0.986
       24  0.99985   0.255 -0.060 -0.406  0.971  1.000  1.000 -0.986  1.000
 ERR MATRIX APPROXIMATE
MINUIT - FIT ONLY 1-CBO + wiggle
 **********
 **   16 **RES 
 **********
                   PARAMETER   16  beta_vw RESTORED TO VARIABLE.
                   PARAMETER   14  alpha_vw RESTORED TO VARIABLE.
                   PARAMETER   13  beta_y RESTORED TO VARIABLE.
                   PARAMETER   11  alpha_y RESTORED TO VARIABLE.
                   PARAMETER   10  beta_2CBO RESTORED TO VARIABLE.
                   PARAMETER    9  alpha_2CBO RESTORED TO VARIABLE.
                   PARAMETER    8  beta_CBO RESTORED TO VARIABLE.
                   PARAMETER    6  alpha_CBO RESTORED TO VARIABLE.
 **********
 **   17 **FIX            8
 **********
 **********
 **   18 **FIX            9
 **********
 **********
 **   19 **FIX           11
 **********
 **********
 **   20 **FIX           12
 **********
 PARAMETER   12  IS CONSTANT.   IGNORED.
 **********
 **   21 **FIX           14
 **********
 **********
 **   22 **FIX           15
 **********
 PARAMETER   15  IS CONSTANT.   IGNORED.
 **********
 **   23 **FIX           16
 **********
 **********
 **   24 **MIGRAD
 **********
 START MIGRAD MINIMIZATION.  STRATEGY  1.  CONVERGENCE WHEN EDM .LT. 1.00e-04
 FCN=6512.03 FROM MIGRAD    STATUS=INITIATE       28 CALLS        1363 TOTAL
                     EDM= unknown      STRATEGY= 1      NO ERROR MATRIX       
  EXT PARAMETER               CURRENT GUESS       STEP         FIRST   
  NO.   NAME      VALUE            ERROR          SIZE      DERIVATIVE 
   1  N0           2.79536e+06   1.88109e+02  -7.69644e+01  -6.55114e-04
   2  tau          6.44140e+01   constant   
   3  A0           3.56719e-01   8.49219e-05   1.36980e-05   7.94566e+02
   4  phi          4.11381e+00   2.58446e-04   1.29848e-04   1.03453e+03
   5  R           -6.26390e+01   constant   
   6  alpha_CBO    0.00000e+00   1.00000e-03   1.00000e-03   3.86044e+05
   7  w_CBO        2.32500e+00   constant   
   8  beta_CBO     0.00000e+00     fixed    
   9  alpha_2CBO   0.00000e+00     fixed    
  10  beta_2CBO    0.00000e+00   1.00000e-03   1.00000e-03   4.85704e+04
  11  alpha_y      0.00000e+00     fixed    
  12  w_y          1.38860e+01   constant   
  13  beta_y       0.00000e+00   1.00000e-03   1.00000e-03  -7.96390e+05
  14  alpha_vw     0.00000e+00     fixed    
  15  w_vw         1.43404e+01   constant   
  16  beta_vw      0.00000e+00     fixed    
  17  LM           3.79801e-04   constant   
  18  zeta_y       0.00000e+00   constant   
  19  zeta_vw      0.00000e+00   constant   
  20  T_CBO        1.14284e+01   5.18230e-01  -3.15896e-04  -2.05559e+02
  21  alpha_A0    -1.43860e-01   2.64011e-02  -4.31501e-03   6.48516e+00
  22  beta_A0     -8.22550e-01   1.50994e-01  -2.45360e-02   1.53698e+01
  23  alpha_phi    2.51342e-02   4.40695e-03   7.52676e-04   2.43214e+01
  24  beta_phi    -1.89404e-01   3.49776e-02  -5.66521e-03  -2.10281e+01
 CALL LIMIT EXCEEDED IN MIGRAD.
 MIGRAD TERMINATED WITHOUT CONVERGENCE.
 FCN=4691.99 FROM MIGRAD    STATUS=CALL LIMIT   1907 CALLS        3242 TOTAL
                     EDM=0.473382    STRATEGY= 1  ERROR MATRIX UNCERTAINTY  13.9 per cent
  EXT PARAMETER                APPROXIMATE        STEP         FIRST   
  NO.   NAME      VALUE            ERROR          SIZE      DERIVATIVE 
   1  N0           2.79553e+06   1.93731e+02  -4.06880e+00   1.97852e-03
   2  tau          6.44140e+01   constant   
   3  A0           3.56804e-01   8.80818e-05  -7.20743e-07  -1.65868e+03
   4  phi          4.11382e+00   2.58886e-04   1.63977e-05   1.68716e+02
   5  R           -6.26390e+01   constant   
   6  alpha_CBO   -1.89401e-03   9.90364e-05   1.15032e-06   1.05310e+03
   7  w_CBO        2.32500e+00   constant   
   8  beta_CBO     0.00000e+00     fixed    
   9  alpha_2CBO   0.00000e+00     fixed    
  10  beta_2CBO   -2.86015e-05   9.37675e-05   2.79640e-07  -2.36770e+01
  11  alpha_y      0.00000e+00     fixed    
  12  w_y          1.38860e+01   constant   
  13  beta_y       3.55917e-03   9.45280e-05   2.18920e-07  -1.72798e+03
  14  alpha_vw     0.00000e+00     fixed    
  15  w_vw         1.43404e+01   constant   
  16  beta_vw      0.00000e+00     fixed    
  17  LM           3.79801e-04   constant   
  18  zeta_y       0.00000e+00   constant   
  19  zeta_vw      0.00000e+00   constant   
  20  T_CBO        4.33069e+00   1.11221e-01  -7.16181e-04  -3.32946e+03
  21  alpha_A0    -5.51274e+01   1.44321e+01  -5.91223e+00  -4.87101e-03
  22  beta_A0     -1.78381e+03   4.92641e+02  -2.01737e+02   1.13063e-02
  23  alpha_phi   -3.61512e+02   9.94835e+01  -4.07401e+01   1.43144e-02
  24  beta_phi    -2.56809e+02   7.04084e+01  -2.88329e+01  -1.48509e-02
 EXTERNAL ERROR MATRIX.    NDIM=  25    NPAR= 11    ERR DEF=1
  3.753e+04 
  1.602e-03  7.758e-09 
 -6.158e-03  1.346e-10  6.702e-08 
 -2.936e-04 -1.162e-09  3.482e-09  9.808e-09 
 -1.947e-04 -3.150e-10 -4.140e-10 -7.959e-10  8.792e-09 
  2.042e-04  1.980e-10 -8.733e-10 -4.915e-11 -1.602e-10  8.936e-09 
 -4.386e-01 -4.045e-07 -1.048e-06 -2.601e-07 -7.377e-08  4.128e-07  1.237e-02 
 -1.917e+02 -1.587e-05 -1.933e-04 -6.049e-05 -8.437e-06  7.793e-05  1.594e+00  2.083e+02 
 -6.570e+03 -5.701e-04 -6.552e-03 -2.049e-03 -2.679e-04  2.666e-03  5.440e+01  7.110e+03  2.427e+05 
 -1.328e+03 -1.139e-04 -1.324e-03 -4.132e-04 -5.500e-05  5.383e-04  1.099e+01  1.436e+03  4.901e+04  9.897e+03 
 -9.410e+02 -8.107e-05 -9.351e-04 -2.928e-04 -3.862e-05  3.808e-04  7.776e+00  1.016e+03  3.469e+04  7.004e+03  4.957e+03 
ERR MATRIX APPROXIMATE
 PARAMETER  CORRELATION COEFFICIENTS  
       NO.  GLOBAL      1      3      4      6     10     13     20     21     22     23     24
        1  0.55348   1.000  0.094 -0.123 -0.015 -0.011  0.011 -0.020 -0.069 -0.069 -0.069 -0.069
        3  0.43518   0.094  1.000  0.006 -0.133 -0.038  0.024 -0.041 -0.012 -0.013 -0.013 -0.013
        4  0.30205  -0.123  0.006  1.000  0.136 -0.017 -0.036 -0.036 -0.052 -0.051 -0.051 -0.051
        6  0.29907  -0.015 -0.133  0.136  1.000 -0.086 -0.005 -0.024 -0.042 -0.042 -0.042 -0.042
       10  0.17633  -0.011 -0.038 -0.017 -0.086  1.000 -0.018 -0.007 -0.006 -0.006 -0.006 -0.006
       13  0.18390   0.011  0.024 -0.036 -0.005 -0.018  1.000  0.039  0.057  0.057  0.057  0.057
       20  0.99539  -0.020 -0.041 -0.036 -0.024 -0.007  0.039  1.000  0.993  0.993  0.993  0.993
       21  0.99999  -0.069 -0.012 -0.052 -0.042 -0.006  0.057  0.993  1.000  1.000  1.000  1.000
       22  1.00000  -0.069 -0.013 -0.051 -0.042 -0.006  0.057  0.993  1.000  1.000  1.000  1.000
       23  1.00000  -0.069 -0.013 -0.051 -0.042 -0.006  0.057  0.993  1.000  1.000  1.000  1.000
       24  1.00000  -0.069 -0.013 -0.051 -0.042 -0.006  0.057  0.993  1.000  1.000  1.000  1.000
 ERR MATRIX APPROXIMATE
MINUIT - FIT ONLY 2-CBO
 **********
 **   25 **RES 
 **********
                   PARAMETER   16  beta_vw RESTORED TO VARIABLE.
                   PARAMETER   14  alpha_vw RESTORED TO VARIABLE.
                   PARAMETER   11  alpha_y RESTORED TO VARIABLE.
                   PARAMETER    9  alpha_2CBO RESTORED TO VARIABLE.
                   PARAMETER    8  beta_CBO RESTORED TO VARIABLE.
 **********
 **   26 **FIX            0
 **********
 PARAMETER    0  IS UNDEFINED. IGNORED.
 **********
 **   27 **FIX            1
 **********
 **********
 **   28 **FIX            2
 **********
 PARAMETER    2  IS CONSTANT.   IGNORED.
 **********
 **   29 **FIX            3
 **********
 **********
 **   30 **FIX            4
 **********
 **********
 **   31 **FIX            5
 **********
 PARAMETER    5  IS CONSTANT.   IGNORED.
 **********
 **   32 **FIX            6
 **********
 **********
 **   33 **FIX            7
 **********
 PARAMETER    7  IS CONSTANT.   IGNORED.
 **********
 **   34 **FIX           10
 **********
 **********
 **   35 **FIX           11
 **********
 **********
 **   36 **FIX           12
 **********
 PARAMETER   12  IS CONSTANT.   IGNORED.
 **********
 **   37 **FIX           13
 **********
 **********
 **   38 **FIX           14
 **********
 **********
 **   39 **FIX           15
 **********
 PARAMETER   15  IS CONSTANT.   IGNORED.
 **********
 **   40 **FIX           16
 **********
 **********
 **   41 **MIGRAD
 **********
 START MIGRAD MINIMIZATION.  STRATEGY  1.  CONVERGENCE WHEN EDM .LT. 1.00e-04
 FCN=4691.99 FROM MIGRAD    STATUS=INITIATE       18 CALLS        3260 TOTAL
                     EDM= unknown      STRATEGY= 1      NO ERROR MATRIX       
  EXT PARAMETER               CURRENT GUESS       STEP         FIRST   
  NO.   NAME      VALUE            ERROR          SIZE      DERIVATIVE 
   1  N0           2.79553e+06     fixed    
   2  tau          6.44140e+01   constant   
   3  A0           3.56804e-01     fixed    
   4  phi          4.11382e+00     fixed    
   5  R           -6.26390e+01   constant   
   6  alpha_CBO   -1.89401e-03     fixed    
   7  w_CBO        2.32500e+00   constant   
   8  beta_CBO     0.00000e+00   1.00000e-03   1.00000e-03   1.30589e+06
   9  alpha_2CBO   0.00000e+00   1.00000e-03   1.00000e-03  -5.55800e+04
  10  beta_2CBO   -2.86015e-05     fixed    
  11  alpha_y      0.00000e+00     fixed    
  12  w_y          1.38860e+01   constant   
  13  beta_y       3.55917e-03     fixed    
  14  alpha_vw     0.00000e+00     fixed    
  15  w_vw         1.43404e+01   constant   
  16  beta_vw      0.00000e+00     fixed    
  17  LM           3.79801e-04   constant   
  18  zeta_y       0.00000e+00   constant   
  19  zeta_vw      0.00000e+00   constant   
  20  T_CBO        4.33069e+00   1.11221e-01  -7.16181e-04  -3.32946e+03
  21  alpha_A0    -5.51274e+01   1.44321e+01  -5.91223e+00  -4.87101e-03
  22  beta_A0     -1.78381e+03   4.92641e+02  -2.01737e+02   1.13063e-02
  23  alpha_phi   -3.61512e+02   9.94835e+01  -4.07401e+01   1.43144e-02
  24  beta_phi    -2.56809e+02   7.04084e+01  -2.88329e+01  -1.48509e-02
 MIGRAD MINIMIZATION HAS CONVERGED.
 MIGRAD WILL VERIFY CONVERGENCE AND ERROR MATRIX.
 FCN=690.101 FROM MIGRAD    STATUS=CONVERGED    1203 CALLS        4445 TOTAL
                     EDM=3.33361e-06    STRATEGY= 1      ERR MATRIX NOT POS-DEF
  EXT PARAMETER                APPROXIMATE        STEP         FIRST   
  NO.   NAME      VALUE            ERROR          SIZE      DERIVATIVE 
   1  N0           2.79553e+06     fixed    
   2  tau          6.44140e+01   constant   
   3  A0           3.56804e-01     fixed    
   4  phi          4.11382e+00     fixed    
   5  R           -6.26390e+01   constant   
   6  alpha_CBO   -1.89401e-03     fixed    
   7  w_CBO        2.32500e+00   constant   
   8  beta_CBO    -6.13800e-03   9.70765e-05   1.19529e-06  -5.06138e+00
   9  alpha_2CBO   1.15673e-04   9.77763e-05   1.21824e-06   1.50179e+01
  10  beta_2CBO   -2.86015e-05     fixed    
  11  alpha_y      0.00000e+00     fixed    
  12  w_y          1.38860e+01   constant   
  13  beta_y       3.55917e-03     fixed    
  14  alpha_vw     0.00000e+00     fixed    
  15  w_vw         1.43404e+01   constant   
  16  beta_vw      0.00000e+00     fixed    
  17  LM           3.79801e-04   constant   
  18  zeta_y       0.00000e+00   constant   
  19  zeta_vw      0.00000e+00   constant   
  20  T_CBO        5.20127e+00   4.45732e-01   5.19264e-06  -3.45081e-01
  21  alpha_A0     5.97460e+01   5.93252e+01   1.76937e-01  -5.41356e-05
  22  beta_A0     -6.91436e+01   6.00901e+01   1.63326e-01   1.11655e-05
  23  alpha_phi    3.12303e+00   1.41354e+01   1.72622e-01   9.84402e-05
  24  beta_phi    -2.14410e+02   1.92391e+02   1.76174e-01  -1.53514e-05
 EXTERNAL ERROR MATRIX.    NDIM=  25    NPAR=  7    ERR DEF=1
  9.424e-09  2.340e-10  2.497e-06 -4.204e-04  8.489e-05 -1.036e-04  1.372e-03 
  2.340e-10  9.560e-09 -1.983e-06  4.001e-04 -9.005e-05 -1.382e-04 -6.812e-04 
  2.497e-06 -1.983e-06  1.987e-01 -2.568e+01  2.613e+01 -1.018e+00  8.551e+01 
 -4.204e-04  4.001e-04 -2.568e+01  3.519e+03 -3.367e+03  1.642e+02 -1.107e+04 
  8.489e-05 -9.005e-05  2.613e+01 -3.367e+03  3.611e+03 -1.448e+02  1.123e+04 
 -1.036e-04 -1.382e-04 -1.018e+00  1.642e+02 -1.448e+02  1.998e+02 -4.755e+02 
  1.372e-03 -6.812e-04  8.551e+01 -1.107e+04  1.123e+04 -4.755e+02  3.701e+04 
ERR MATRIX NOT POS-DEF
 PARAMETER  CORRELATION COEFFICIENTS  
       NO.  GLOBAL      8      9     20     21     22     23     24
        8  0.28619   1.000  0.025  0.058 -0.073  0.015 -0.075  0.073
        9  0.24479   0.025  1.000 -0.046  0.069 -0.015 -0.100 -0.036
       20  0.99787   0.058 -0.046  1.000 -0.971  0.976 -0.162  0.997
       21  0.97267  -0.073  0.069 -0.971  1.000 -0.944  0.196 -0.970
       22  0.97736   0.015 -0.015  0.976 -0.944  1.000 -0.170  0.972
       23  0.31009  -0.075 -0.100 -0.162  0.196 -0.170  1.000 -0.175
       24  0.99746   0.073 -0.036  0.997 -0.970  0.972 -0.175  1.000
 ERR MATRIX NOT POS-DEF
MINUIT - FIT wiggle + 1-CBO + 2-CBO
 **********
 **   42 **RES 
 **********
                   PARAMETER   16  beta_vw RESTORED TO VARIABLE.
                   PARAMETER   14  alpha_vw RESTORED TO VARIABLE.
                   PARAMETER   13  beta_y RESTORED TO VARIABLE.
                   PARAMETER   11  alpha_y RESTORED TO VARIABLE.
                   PARAMETER   10  beta_2CBO RESTORED TO VARIABLE.
                   PARAMETER    6  alpha_CBO RESTORED TO VARIABLE.
                   PARAMETER    4  phi RESTORED TO VARIABLE.
                   PARAMETER    3  A0 RESTORED TO VARIABLE.
                   PARAMETER    1  N0 RESTORED TO VARIABLE.
 **********
 **   43 **FIX           10
 **********
 **********
 **   44 **FIX           11
 **********
 **********
 **   45 **FIX           12
 **********
 PARAMETER   12  IS CONSTANT.   IGNORED.
 **********
 **   46 **FIX           13
 **********
 **********
 **   47 **FIX           14
 **********
 **********
 **   48 **FIX           15
 **********
 PARAMETER   15  IS CONSTANT.   IGNORED.
 **********
 **   49 **FIX           16
 **********
 **********
 **   50 **MIGRAD
 **********
 START MIGRAD MINIMIZATION.  STRATEGY  1.  CONVERGENCE WHEN EDM .LT. 1.00e-04
 FCN=690.101 FROM MIGRAD    STATUS=INITIATE       22 CALLS        4467 TOTAL
                     EDM= unknown      STRATEGY= 1      NO ERROR MATRIX       
  EXT PARAMETER               CURRENT GUESS       STEP         FIRST   
  NO.   NAME      VALUE            ERROR          SIZE      DERIVATIVE 
   1  N0           2.79553e+06   1.93731e+02   1.93731e+02  -4.60712e-02
   2  tau          6.44140e+01   constant   
   3  A0           3.56804e-01   8.80818e-05   8.80818e-05  -3.05316e+05
   4  phi          4.11382e+00   2.58886e-04   2.58886e-04  -2.56251e+04
   5  R           -6.26390e+01   constant   
   6  alpha_CBO   -1.89401e-03   9.90364e-05   9.90364e-05  -3.77941e+04
   7  w_CBO        2.32500e+00   constant   
   8  beta_CBO    -6.13800e-03   9.70765e-05   1.19529e-06  -5.06136e+00
   9  alpha_2CBO   1.15673e-04   9.77763e-05   1.21824e-06   1.50179e+01
  10  beta_2CBO   -2.86015e-05     fixed    
  11  alpha_y      0.00000e+00     fixed    
  12  w_y          1.38860e+01   constant   
  13  beta_y       3.55917e-03     fixed    
  14  alpha_vw     0.00000e+00     fixed    
  15  w_vw         1.43404e+01   constant   
  16  beta_vw      0.00000e+00     fixed    
  17  LM           3.79801e-04   constant   
  18  zeta_y       0.00000e+00   constant   
  19  zeta_vw      0.00000e+00   constant   
  20  T_CBO        5.20127e+00   4.45732e-01   5.19264e-06  -3.41592e-01
  21  alpha_A0     5.97460e+01   5.93252e+01   1.76937e-01  -5.41386e-05
  22  beta_A0     -6.91436e+01   6.00901e+01   1.63326e-01   1.11685e-05
  23  alpha_phi    3.12303e+00   1.41354e+01   1.72622e-01   9.84402e-05
  24  beta_phi    -2.14410e+02   1.92391e+02   1.76174e-01  -1.53510e-05
 CALL LIMIT EXCEEDED IN MIGRAD.
 MIGRAD TERMINATED WITHOUT CONVERGENCE.
 FCN=389.676 FROM MIGRAD    STATUS=CALL LIMIT   1915 CALLS        6360 TOTAL
                     EDM=0.546042    STRATEGY= 1  ERROR MATRIX UNCERTAINTY   0.4 per cent
  EXT PARAMETER                APPROXIMATE        STEP         FIRST   
  NO.   NAME      VALUE            ERROR          SIZE      DERIVATIVE 
   1  N0           2.79639e+06   1.84670e+02  -1.37171e+01   7.86022e-04
   2  tau          6.44140e+01   constant   
   3  A0           3.58377e-01   8.97641e-05   4.74346e-06   9.92440e+02
   4  phi          4.11513e+00   2.57709e-04   2.24460e-05  -4.92531e+02
   5  R           -6.26390e+01   constant   
   6  alpha_CBO   -1.80327e-03   9.14304e-05   2.89939e-06   1.23265e+03
   7  w_CBO        2.32500e+00   constant   
   8  beta_CBO    -6.55291e-03   9.29548e-05  -2.31560e-06  -1.79363e+03
   9  alpha_2CBO   4.55133e-06   9.09755e-05  -3.58462e-06  -2.25921e+03
  10  beta_2CBO   -2.86015e-05     fixed    
  11  alpha_y      0.00000e+00     fixed    
  12  w_y          1.38860e+01   constant   
  13  beta_y       3.55917e-03     fixed    
  14  alpha_vw     0.00000e+00     fixed    
  15  w_vw         1.43404e+01   constant   
  16  beta_vw      0.00000e+00     fixed    
  17  LM           3.79801e-04   constant   
  18  zeta_y       0.00000e+00   constant   
  19  zeta_vw      0.00000e+00   constant   
  20  T_CBO        1.32991e+01   8.67471e-01   4.29490e-03  -7.97836e+02
  21  alpha_A0     5.85548e-02   3.97268e-02  -2.20390e-02  -7.73936e-01
  22  beta_A0     -9.69371e-02   5.30204e-02   1.57703e-02   1.57236e+01
  23  alpha_phi    1.26703e-01   5.26380e-02  -2.22649e-02  -1.90051e+01
  24  beta_phi    -3.51038e-01   1.23993e-01   7.09726e-02   3.76927e+01
 EXTERNAL ERROR MATRIX.    NDIM=  25    NPAR= 11    ERR DEF=1
  3.410e+04 
  1.548e-03  8.058e-09 
 -6.208e-03  2.015e-09  6.641e-08 
  3.342e-04 -8.624e-10  1.613e-09  8.360e-09 
 -9.083e-04 -1.487e-09 -3.546e-09 -4.735e-10  8.641e-09 
  4.069e-04 -3.443e-10  3.968e-10  5.918e-10  1.082e-09  8.277e-09 
 -4.811e+00  5.849e-06  2.015e-05  3.367e-07 -3.679e-06 -2.682e-06  7.525e-01 
  9.616e-01 -3.781e-08 -1.023e-06 -3.625e-07  1.238e-07  3.530e-07 -1.419e-02  1.578e-03 
 -1.371e+00  7.881e-07  8.362e-07 -1.545e-08 -9.474e-07  4.368e-08  2.676e-02 -9.135e-04  2.811e-03 
 -4.389e-01  5.489e-07 -7.851e-07  2.576e-07 -2.459e-07 -1.650e-07 -3.701e-02  8.613e-04 -1.023e-03  2.771e-03 
 -1.262e+00  7.019e-07  3.545e-06 -6.554e-08  1.201e-07 -1.830e-08  1.056e-01 -1.597e-03  3.133e-03 -4.978e-03  1.537e-02 
ERR MATRIX APPROXIMATE
 PARAMETER  CORRELATION COEFFICIENTS  
       NO.  GLOBAL      1      3      4      6      8      9     20     21     22     23     24
        1  0.43565   1.000  0.093 -0.130  0.020 -0.053  0.024 -0.030  0.131 -0.140 -0.045 -0.055
        3  0.42138   0.093  1.000  0.087 -0.105 -0.178 -0.042  0.075 -0.011  0.166  0.116  0.063
        4  0.36770  -0.130  0.087  1.000  0.068 -0.148  0.017  0.090 -0.100  0.061 -0.058  0.111
        6  0.32175   0.020 -0.105  0.068  1.000 -0.056  0.071  0.004 -0.100 -0.003  0.054 -0.006
        8  0.47428  -0.053 -0.178 -0.148 -0.056  1.000  0.128 -0.046  0.034 -0.192 -0.050  0.010
        9  0.43390   0.024 -0.042  0.017  0.071  0.128  1.000 -0.034  0.098  0.009 -0.034 -0.002
       20  0.99710  -0.030  0.075  0.090  0.004 -0.046 -0.034  1.000 -0.412  0.582 -0.811  0.982
       21  0.64320   0.131 -0.011 -0.100 -0.100  0.034  0.098 -0.412  1.000 -0.434  0.412 -0.324
       22  0.88055  -0.140  0.166  0.061 -0.003 -0.192  0.009  0.582 -0.434  1.000 -0.366  0.477
       23  0.91731  -0.045  0.116 -0.058  0.054 -0.050 -0.034 -0.811  0.412 -0.366  1.000 -0.763
       24  0.99564  -0.055  0.063  0.111 -0.006  0.010 -0.002  0.982 -0.324  0.477 -0.763  1.000
 ERR MATRIX APPROXIMATE
MINUIT - FIT ONLY 1-y
 **********
 **   51 **RES 
 **********
                   PARAMETER   16  beta_vw RESTORED TO VARIABLE.
                   PARAMETER   14  alpha_vw RESTORED TO VARIABLE.
                   PARAMETER   13  beta_y RESTORED TO VARIABLE.
                   PARAMETER   11  alpha_y RESTORED TO VARIABLE.
                   PARAMETER   10  beta_2CBO RESTORED TO VARIABLE.
 **********
 **   52 **FIX            0
 **********
 PARAMETER    0  IS UNDEFINED. IGNORED.
 **********
 **   53 **FIX            1
 **********
 **********
 **   54 **FIX            2
 **********
 PARAMETER    2  IS CONSTANT.   IGNORED.
 **********
 **   55 **FIX            3
 **********
 **********
 **   56 **FIX            4
 **********
 **********
 **   57 **FIX            5
 **********
 PARAMETER    5  IS CONSTANT.   IGNORED.
 **********
 **   58 **FIX            6
 **********
 **********
 **   59 **FIX            7
 **********
 PARAMETER    7  IS CONSTANT.   IGNORED.
 **********
 **   60 **FIX            8
 **********
 **********
 **   61 **FIX            9
 **********
 **********
 **   62 **FIX           13
 **********
 **********
 **   63 **FIX           14
 **********
 **********
 **   64 **FIX           15
 **********
 PARAMETER   15  IS CONSTANT.   IGNORED.
 **********
 **   65 **FIX           16
 **********
 **********
 **   66 **MIGRAD
 **********
 START MIGRAD MINIMIZATION.  STRATEGY  1.  CONVERGENCE WHEN EDM .LT. 1.00e-04
 FCN=389.676 FROM MIGRAD    STATUS=INITIATE       16 CALLS        6376 TOTAL
                     EDM= unknown      STRATEGY= 1      NO ERROR MATRIX       
  EXT PARAMETER               CURRENT GUESS       STEP         FIRST   
  NO.   NAME      VALUE            ERROR          SIZE      DERIVATIVE 
   1  N0           2.79639e+06     fixed    
   2  tau          6.44140e+01   constant   
   3  A0           3.58377e-01     fixed    
   4  phi          4.11513e+00     fixed    
   5  R           -6.26390e+01   constant   
   6  alpha_CBO   -1.80327e-03     fixed    
   7  w_CBO        2.32500e+00   constant   
   8  beta_CBO    -6.55291e-03     fixed    
   9  alpha_2CBO   4.55133e-06     fixed    
  10  beta_2CBO   -2.86015e-05   9.37675e-05   9.37675e-05   1.79293e+04
  11  alpha_y      0.00000e+00   1.00000e-03   1.00000e-03   2.04225e+05
  12  w_y          1.38860e+01   constant   
  13  beta_y       3.55917e-03     fixed    
  14  alpha_vw     0.00000e+00     fixed    
  15  w_vw         1.43404e+01   constant   
  16  beta_vw      0.00000e+00     fixed    
  17  LM           3.79801e-04   constant   
  18  zeta_y       0.00000e+00   constant   
  19  zeta_vw      0.00000e+00   constant   
  20  T_CBO        1.32991e+01   8.67471e-01   4.29490e-03  -7.97836e+02
  21  alpha_A0     5.85548e-02   3.97268e-02  -2.20390e-02  -7.73936e-01
  22  beta_A0     -9.69371e-02   5.30204e-02   1.57703e-02   1.57236e+01
  23  alpha_phi    1.26703e-01   5.26380e-02  -2.22649e-02  -1.90051e+01
  24  beta_phi    -3.51038e-01   1.23993e-01   7.09726e-02   3.76927e+01
 CALL LIMIT EXCEEDED IN MIGRAD.
 MIGRAD TERMINATED WITHOUT CONVERGENCE.
 FCN=286.456 FROM MIGRAD    STATUS=CALL LIMIT   1155 CALLS        7515 TOTAL
                     EDM=0.00171209    STRATEGY= 1  ERROR MATRIX UNCERTAINTY  12.2 per cent
  EXT PARAMETER                APPROXIMATE        STEP         FIRST   
  NO.   NAME      VALUE            ERROR          SIZE      DERIVATIVE 
   1  N0           2.79639e+06     fixed    
   2  tau          6.44140e+01   constant   
   3  A0           3.58377e-01     fixed    
   4  phi          4.11513e+00     fixed    
   5  R           -6.26390e+01   constant   
   6  alpha_CBO   -1.80327e-03     fixed    
   7  w_CBO        2.32500e+00   constant   
   8  beta_CBO    -6.55291e-03     fixed    
   9  alpha_2CBO   4.55133e-06     fixed    
  10  beta_2CBO   -1.08504e-04   9.44806e-05  -5.74193e-07  -4.35655e+01
  11  alpha_y     -9.08550e-04   9.54850e-05   1.08090e-06   4.60191e+01
  12  w_y          1.38860e+01   constant   
  13  beta_y       3.55917e-03     fixed    
  14  alpha_vw     0.00000e+00     fixed    
  15  w_vw         1.43404e+01   constant   
  16  beta_vw      0.00000e+00     fixed    
  17  LM           3.79801e-04   constant   
  18  zeta_y       0.00000e+00   constant   
  19  zeta_vw      0.00000e+00   constant   
  20  T_CBO        7.49544e+01   6.91612e+01   6.31365e-03  -2.27557e+00
  21  alpha_A0     1.90189e-03   1.65336e-03  -5.34082e-05  -5.85810e+01
  22  beta_A0     -3.62609e-03   2.75969e-03   6.27578e-05   2.80140e+01
  23  alpha_phi    4.66658e-03   3.64085e-03  -7.92020e-05   1.46562e+00
  24  beta_phi    -1.11107e-02   8.62598e-03   1.84903e-04   5.11122e+01
 EXTERNAL ERROR MATRIX.    NDIM=  25    NPAR=  7    ERR DEF=1
  8.927e-09 -5.603e-10 -3.271e-04 -5.547e-09 -4.719e-11  4.358e-09 -4.257e-08 
 -5.603e-10  9.117e-09  3.696e-04 -2.812e-09  3.684e-09 -1.700e-08  3.706e-08 
 -3.271e-04  3.696e-04  4.897e+03 -1.052e-01  1.804e-01 -2.466e-01  6.008e-01 
 -5.547e-09 -2.812e-09 -1.052e-01  2.734e-06 -3.793e-06  5.300e-06 -1.266e-05 
 -4.719e-11  3.684e-09  1.804e-01 -3.793e-06  7.616e-06 -9.117e-06  2.211e-05 
  4.358e-09 -1.700e-08 -2.466e-01  5.300e-06 -9.117e-06  1.326e-05 -3.039e-05 
 -4.257e-08  3.706e-08  6.008e-01 -1.266e-05  2.211e-05 -3.039e-05  7.441e-05 
ERR MATRIX APPROXIMATE
 PARAMETER  CORRELATION COEFFICIENTS  
       NO.  GLOBAL     10     11     20     21     22     23     24
       10  0.28856   1.000 -0.062 -0.049 -0.036 -0.000  0.013 -0.052
       11  0.22306  -0.062  1.000  0.055 -0.018  0.014 -0.049  0.045
       20  0.99733  -0.049  0.055  1.000 -0.909  0.934 -0.968  0.995
       21  0.93415  -0.036 -0.018 -0.909  1.000 -0.831  0.880 -0.888
       22  0.93834  -0.000  0.014  0.934 -0.831  1.000 -0.907  0.929
       23  0.96977   0.013 -0.049 -0.968  0.880 -0.907  1.000 -0.968
       24  0.99648  -0.052  0.045  0.995 -0.888  0.929 -0.968  1.000
 ERR MATRIX APPROXIMATE
MINUIT - FIT ONLY 2-y
 **********
 **   67 **RES 
 **********
                   PARAMETER   16  beta_vw RESTORED TO VARIABLE.
                   PARAMETER   14  alpha_vw RESTORED TO VARIABLE.
                   PARAMETER   13  beta_y RESTORED TO VARIABLE.
                   PARAMETER    9  alpha_2CBO RESTORED TO VARIABLE.
                   PARAMETER    8  beta_CBO RESTORED TO VARIABLE.
                   PARAMETER    6  alpha_CBO RESTORED TO VARIABLE.
                   PARAMETER    4  phi RESTORED TO VARIABLE.
                   PARAMETER    3  A0 RESTORED TO VARIABLE.
                   PARAMETER    1  N0 RESTORED TO VARIABLE.
 **********
 **   68 **FIX            0
 **********
 PARAMETER    0  IS UNDEFINED. IGNORED.
 **********
 **   69 **FIX            1
 **********
 **********
 **   70 **FIX            2
 **********
 PARAMETER    2  IS CONSTANT.   IGNORED.
 **********
 **   71 **FIX            3
 **********
 **********
 **   72 **FIX            4
 **********
 **********
 **   73 **FIX            5
 **********
 PARAMETER    5  IS CONSTANT.   IGNORED.
 **********
 **   74 **FIX            6
 **********
 **********
 **   75 **FIX            7
 **********
 PARAMETER    7  IS CONSTANT.   IGNORED.
 **********
 **   76 **FIX            8
 **********
 **********
 **   77 **FIX            9
 **********
 **********
 **   78 **FIX           10
 **********
 **********
 **   79 **FIX           11
 **********
 **********
 **   80 **FIX           12
 **********
 PARAMETER   12  IS CONSTANT.   IGNORED.
 **********
 **   81 **FIX           16
 **********
 **********
 **   82 **MIGRAD
 **********
 START MIGRAD MINIMIZATION.  STRATEGY  1.  CONVERGENCE WHEN EDM .LT. 1.00e-04
 FCN=286.456 FROM MIGRAD    STATUS=INITIATE       16 CALLS        7531 TOTAL
                     EDM= unknown      STRATEGY= 1      NO ERROR MATRIX       
  EXT PARAMETER               CURRENT GUESS       STEP         FIRST   
  NO.   NAME      VALUE            ERROR          SIZE      DERIVATIVE 
   1  N0           2.79639e+06     fixed    
   2  tau          6.44140e+01   constant   
   3  A0           3.58377e-01     fixed    
   4  phi          4.11513e+00     fixed    
   5  R           -6.26390e+01   constant   
   6  alpha_CBO   -1.80327e-03     fixed    
   7  w_CBO        2.32500e+00   constant   
   8  beta_CBO    -6.55291e-03     fixed    
   9  alpha_2CBO   4.55133e-06     fixed    
  10  beta_2CBO   -1.08504e-04     fixed    
  11  alpha_y     -9.08550e-04     fixed    
  12  w_y          1.38860e+01   constant   
  13  beta_y       3.55917e-03   9.45280e-05   9.45280e-05   2.22472e+02
  14  alpha_vw     0.00000e+00   1.00000e-03   1.00000e-03  -1.70420e+05
  15  w_vw         1.43404e+01   constant   
  16  beta_vw      0.00000e+00     fixed    
  17  LM           3.79801e-04   constant   
  18  zeta_y       0.00000e+00   constant   
  19  zeta_vw      0.00000e+00   constant   
  20  T_CBO        7.49544e+01   6.91612e+01   6.31365e-03  -2.27558e+00
  21  alpha_A0     1.90189e-03   1.65336e-03  -5.34082e-05  -5.85811e+01
  22  beta_A0     -3.62609e-03   2.75969e-03   6.27578e-05   2.80141e+01
  23  alpha_phi    4.66658e-03   3.64085e-03  -7.92020e-05   1.46562e+00
  24  beta_phi    -1.11107e-02   8.62598e-03   1.84903e-04   5.11122e+01
 MIGRAD MINIMIZATION HAS CONVERGED.
 MIGRAD WILL VERIFY CONVERGENCE AND ERROR MATRIX.
 COVARIANCE MATRIX CALCULATED SUCCESSFULLY
 FCN=219.956 FROM HESSE     STATUS=OK             50 CALLS        7643 TOTAL
                     EDM=0.000655735    STRATEGY= 1      ERROR MATRIX ACCURATE 
  EXT PARAMETER                                   STEP         FIRST   
  NO.   NAME      VALUE            ERROR          SIZE      DERIVATIVE 
   1  N0           2.79639e+06     fixed    
   2  tau          6.44140e+01   constant   
   3  A0           3.58377e-01     fixed    
   4  phi          4.11513e+00     fixed    
   5  R           -6.26390e+01   constant   
   6  alpha_CBO   -1.80327e-03     fixed    
   7  w_CBO        2.32500e+00   constant   
   8  beta_CBO    -6.55291e-03     fixed    
   9  alpha_2CBO   4.55133e-06     fixed    
  10  beta_2CBO   -1.08504e-04     fixed    
  11  alpha_y     -9.08550e-04     fixed    
  12  w_y          1.38860e+01   constant   
  13  beta_y       3.68780e-03   9.59273e-05   6.86045e-07  -7.59450e-02
  14  alpha_vw     7.80575e-04   9.57212e-05   6.85131e-07   8.85585e-02
  15  w_vw         1.43404e+01   constant   
  16  beta_vw      0.00000e+00     fixed    
  17  LM           3.79801e-04   constant   
  18  zeta_y       0.00000e+00   constant   
  19  zeta_vw      0.00000e+00   constant   
  20  T_CBO        7.51004e+01   1.04790e+02   1.53819e-04  -6.34222e-02
  21  alpha_A0     1.93174e-03   2.27910e-03   5.34358e-06  -1.97717e+00
  22  beta_A0     -3.64599e-03   3.84962e-03   5.48017e-06  -1.41812e+00
  23  alpha_phi    4.70201e-03   5.08300e-03   5.56348e-06   1.37102e+00
  24  beta_phi    -1.11064e-02   1.20887e-02   4.99197e-06  -1.42925e+00
 MIGRAD MINIMIZATION HAS CONVERGED.
 FCN=219.956 FROM MIGRAD    STATUS=CONVERGED     178 CALLS        7693 TOTAL
                     EDM=1.00585e-06    STRATEGY= 1  ERROR MATRIX UNCERTAINTY  12.7 per cent
  EXT PARAMETER                                   STEP         FIRST   
  NO.   NAME      VALUE            ERROR          SIZE      DERIVATIVE 
   1  N0           2.79639e+06     fixed    
   2  tau          6.44140e+01   constant   
   3  A0           3.58377e-01     fixed    
   4  phi          4.11513e+00     fixed    
   5  R           -6.26390e+01   constant   
   6  alpha_CBO   -1.80327e-03     fixed    
   7  w_CBO        2.32500e+00   constant   
   8  beta_CBO    -6.55291e-03     fixed    
   9  alpha_2CBO   4.55133e-06     fixed    
  10  beta_2CBO   -1.08504e-04     fixed    
  11  alpha_y     -9.08550e-04     fixed    
  12  w_y          1.38860e+01   constant   
  13  beta_y       3.68788e-03   9.59120e-05  -1.97506e-09   3.93554e-02
  14  alpha_vw     7.80569e-04   9.57211e-05   2.60261e-10  -4.63570e-02
  15  w_vw         1.43404e+01   constant   
  16  beta_vw      0.00000e+00     fixed    
