 + ++++++++++++++++++++++++++++++++++++++++++++++++++++++++++++++++++++ +
 +                                                                      +
 +           You have chose to blind your fitting according to          +
 +                omega_ref * (1 + (R +/- deltaR) *10^{-6})             +
 +                                                                      +
 + ++++++++++++++++++++++++++++++++++++++++++++++++++++++++++++++++++++ +
In main()...
reading format from /gm2data/zkhechad/run45/envelope/formats/formatB_sBin_constraintOn.txt
pBinTau 	= 0  
pBinPhi 	= 0  
constraintau 	= 1 
includeMopTerm 	= 0    
constrainMop    = 0   
Parameters after format file: pBinTau 0 pBinPhi 0 constraintau 1 includeMopTerm 0 constrainMop 0 c_e_scale 0.000000 
Opening file /gm2data/tbarrett/gm2fr/studies/run23_bunch_corrections/CorrectedFourier_Run3b.root.
reading full fit data from /gm2data/zkhechad/cboTemplates/Run4CBOTemplates/fullFits/noRF/sBin_constraintOn_cE0.0_seed0_noRF_calo21.root
windowBins = 69
fitting sliding window 980 from bin 1116 at 166.358000 to bin 1185 at 176.802000 (69 bins)

Reading data from /gm2data/cornell/histograms/aMethod/histogram_a_noRF.root
 **********
 **    1 **SET PRINTOUT            1
 **********
 **********
 **    2 **SET NOWARNINGS 
 **********
 PARAMETER DEFINITIONS:
    NO.   NAME         VALUE      STEP SIZE      LIMITS
     1 N0           2.83609e+06  1.00000e+02     no limits
     2 tau          6.44055e+01  constant
     3 A0           3.54106e-01  1.00000e-04     no limits
     4 phi          4.11637e+00  1.00000e-02     no limits
     5 R           -5.93657e+01  constant
     6 alpha_CBO    0.00000e+00  1.00000e-03     no limits
     7 w_CBO        2.32500e+00  constant
     8 beta_CBO     0.00000e+00  1.00000e-03     no limits
     9 alpha_2CBO   0.00000e+00  1.00000e-03     no limits
    10 beta_2CBO    0.00000e+00  1.00000e-03     no limits
    11 alpha_y      0.00000e+00  1.00000e-03     no limits
    12 w_y          1.38860e+01  constant
    13 beta_y       0.00000e+00  1.00000e-03     no limits
    14 alpha_vw     0.00000e+00  1.00000e-03     no limits
    15 w_vw         1.43404e+01  constant
    16 beta_vw      0.00000e+00  1.00000e-03     no limits
    17 LM           6.62355e-05  constant
    18 zeta_y       0.00000e+00  constant
    19 zeta_vw      0.00000e+00  constant
    20 T_CBO        1.00000e+02  1.00000e+00    0.00000e+00  1.00000e+03
    21 alpha_A0     0.00000e+00  1.00000e-03     no limits
    22 beta_A0      0.00000e+00  1.00000e-03     no limits
    23 alpha_phi    0.00000e+00  1.00000e-03     no limits
    24 beta_phi     0.00000e+00  1.00000e-03     no limits
MINUIT - FIT ONLY WIGGLE
 **********
 **    3 **FIX            5
 **********
 PARAMETER    5  IS CONSTANT.   IGNORED.
 **********
 **    4 **FIX            6
 **********
 **********
 **    5 **FIX            7
 **********
 PARAMETER    7  IS CONSTANT.   IGNORED.
 **********
 **    6 **FIX            8
 **********
 **********
 **    7 **FIX            9
 **********
 **********
 **    8 **FIX           10
 **********
 **********
 **    9 **FIX           11
 **********
 **********
 **   10 **FIX           12
 **********
 PARAMETER   12  IS CONSTANT.   IGNORED.
 **********
 **   11 **FIX           13
 **********
 **********
 **   12 **FIX           14
 **********
 **********
 **   13 **FIX           15
 **********
 PARAMETER   15  IS CONSTANT.   IGNORED.
 **********
 **   14 **FIX           16
 **********
 **********
 **   15 **MIGRAD
 **********
 FIRST CALL TO USER FUNCTION AT NEW START POINT, WITH IFLAG=4.
 START MIGRAD MINIMIZATION.  STRATEGY  1.  CONVERGENCE WHEN EDM .LT. 1.00e-04
 FCN=495.356 FROM MIGRAD    STATUS=INITIATE      437 CALLS         438 TOTAL
                     EDM= unknown      STRATEGY= 1      NO ERROR MATRIX       
  EXT PARAMETER               CURRENT GUESS       STEP         FIRST   
  NO.   NAME      VALUE            ERROR          SIZE      DERIVATIVE 
   1  N0           2.83609e+06   1.00000e+02   0.00000e+00   3.97263e-03
   2  tau          6.44055e+01   constant   
   3  A0           3.54106e-01   1.00000e-04   0.00000e+00  -3.53875e+04
   4  phi          4.11637e+00   1.00000e-02   0.00000e+00  -1.28094e+04
   5  R           -5.93657e+01   constant   
   6  alpha_CBO    0.00000e+00     fixed    
   7  w_CBO        2.32500e+00   constant   
   8  beta_CBO     0.00000e+00     fixed    
   9  alpha_2CBO   0.00000e+00     fixed    
  10  beta_2CBO    0.00000e+00     fixed    
  11  alpha_y      0.00000e+00     fixed    
  12  w_y          1.38860e+01   constant   
  13  beta_y       0.00000e+00     fixed    
  14  alpha_vw     0.00000e+00     fixed    
  15  w_vw         1.43404e+01   constant   
  16  beta_vw      0.00000e+00     fixed    
  17  LM           6.62355e-05   constant   
  18  zeta_y       0.00000e+00   constant   
  19  zeta_vw      0.00000e+00   constant   
  20  T_CBO        1.00000e+02   1.00000e+00   0.00000e+00   0.00000e+00
  21  alpha_A0     0.00000e+00   1.00000e-03   0.00000e+00   3.24391e+02
  22  beta_A0      0.00000e+00   1.00000e-03   0.00000e+00   8.52564e+02
  23  alpha_phi    0.00000e+00   1.00000e-03   0.00000e+00   1.50468e+02
  24  beta_phi     0.00000e+00   1.00000e-03   0.00000e+00   1.02033e+03
 CALL LIMIT EXCEEDED IN MIGRAD.
 MIGRAD TERMINATED WITHOUT CONVERGENCE.
 FCN=461.131 FROM MIGRAD    STATUS=CALL LIMIT   1329 CALLS        1330 TOTAL
                     EDM=0.000229875    STRATEGY= 1  ERROR MATRIX UNCERTAINTY   0.1 per cent
  EXT PARAMETER                APPROXIMATE        STEP         FIRST   
  NO.   NAME      VALUE            ERROR          SIZE      DERIVATIVE 
   1  N0           2.83614e+06   4.95779e+02  -9.53273e-01  -1.82140e-06
   2  tau          6.44055e+01   constant   
   3  A0           3.54756e-01   2.06050e-04   2.71046e-08  -1.40543e+01
   4  phi          4.11864e+00   6.29068e-04  -9.07045e-07  -6.50375e-01
   5  R           -5.93657e+01   constant   
   6  alpha_CBO    0.00000e+00     fixed    
   7  w_CBO        2.32500e+00   constant   
   8  beta_CBO     0.00000e+00     fixed    
   9  alpha_2CBO   0.00000e+00     fixed    
  10  beta_2CBO    0.00000e+00     fixed    
  11  alpha_y      0.00000e+00     fixed    
  12  w_y          1.38860e+01   constant   
  13  beta_y       0.00000e+00     fixed    
  14  alpha_vw     0.00000e+00     fixed    
  15  w_vw         1.43404e+01   constant   
  16  beta_vw      0.00000e+00     fixed    
  17  LM           6.62355e-05   constant   
  18  zeta_y       0.00000e+00   constant   
  19  zeta_vw      0.00000e+00   constant   
  20  T_CBO        5.96071e+02   6.02683e+02   1.16893e-01  -2.27249e-02
  21  alpha_A0    -1.17307e-03   2.52561e-03   4.80161e-05   1.24184e+01
  22  beta_A0     -1.86621e-03   3.79654e-03   7.03742e-05   1.01412e+01
  23  alpha_phi   -3.48018e-04   1.62575e-03   1.35347e-05  -5.45921e+00
  24  beta_phi    -1.97302e-03   3.88733e-03   6.36084e-05   1.98497e+01
 EXTERNAL ERROR MATRIX.    NDIM=  25    NPAR=  8    ERR DEF=1
  2.458e+05  1.577e-02  4.874e-02 -6.069e+04  5.674e-02  6.398e-02  1.951e-03 -1.597e-01 
  1.577e-02  4.246e-08 -6.039e-09  1.369e-02  3.922e-08  1.223e-08 -2.248e-08  3.135e-08 
  4.874e-02 -6.039e-09  3.957e-07  4.566e-03 -4.814e-08  1.484e-07  5.083e-08 -1.649e-08 
 -6.069e+04  1.369e-02  4.566e-03  1.080e+07  7.376e+00  1.161e+01  2.340e+00  1.201e+01 
  5.674e-02  3.922e-08 -4.814e-08  7.376e+00  6.379e-06  7.549e-06  1.602e-06  8.284e-06 
  6.398e-02  1.223e-08  1.484e-07  1.161e+01  7.549e-06  1.441e-05  2.056e-06  1.237e-05 
  1.951e-03 -2.248e-08  5.083e-08  2.340e+00  1.602e-06  2.056e-06  2.643e-06  2.719e-06 
 -1.597e-01  3.135e-08 -1.649e-08  1.201e+01  8.284e-06  1.237e-05  2.719e-06  1.511e-05 
ERR MATRIX APPROXIMATE
 PARAMETER  CORRELATION COEFFICIENTS  
       NO.  GLOBAL      1      3      4     20     21     22     23     24
        1  0.37015   1.000  0.154  0.156 -0.037  0.045  0.034  0.002 -0.083
        3  0.22804   0.154  1.000 -0.047  0.020  0.075  0.016 -0.067  0.039
        4  0.24133   0.156 -0.047  1.000  0.002 -0.030  0.062  0.050 -0.007
       20  0.98373  -0.037  0.020  0.002  1.000  0.889  0.930  0.438  0.940
       21  0.90262   0.045  0.075 -0.030  0.889  1.000  0.787  0.390  0.844
       22  0.94715   0.034  0.016  0.062  0.930  0.787  1.000  0.333  0.838
       23  0.50142   0.002 -0.067  0.050  0.438  0.390  0.333  1.000  0.430
       24  0.94669  -0.083  0.039 -0.007  0.940  0.844  0.838  0.430  1.000
 ERR MATRIX APPROXIMATE
MINUIT - FIT ONLY 1-CBO + wiggle
 **********
 **   16 **RES 
 **********
                   PARAMETER   16  beta_vw RESTORED TO VARIABLE.
                   PARAMETER   14  alpha_vw RESTORED TO VARIABLE.
                   PARAMETER   13  beta_y RESTORED TO VARIABLE.
                   PARAMETER   11  alpha_y RESTORED TO VARIABLE.
                   PARAMETER   10  beta_2CBO RESTORED TO VARIABLE.
                   PARAMETER    9  alpha_2CBO RESTORED TO VARIABLE.
                   PARAMETER    8  beta_CBO RESTORED TO VARIABLE.
                   PARAMETER    6  alpha_CBO RESTORED TO VARIABLE.
 **********
 **   17 **FIX            8
 **********
 **********
 **   18 **FIX            9
 **********
 **********
 **   19 **FIX           11
 **********
 **********
 **   20 **FIX           12
 **********
 PARAMETER   12  IS CONSTANT.   IGNORED.
 **********
 **   21 **FIX           14
 **********
 **********
 **   22 **FIX           15
 **********
 PARAMETER   15  IS CONSTANT.   IGNORED.
 **********
 **   23 **FIX           16
 **********
 **********
 **   24 **MIGRAD
 **********
 START MIGRAD MINIMIZATION.  STRATEGY  1.  CONVERGENCE WHEN EDM .LT. 1.00e-04
 FCN=461.131 FROM MIGRAD    STATUS=INITIATE       28 CALLS        1358 TOTAL
                     EDM= unknown      STRATEGY= 1      NO ERROR MATRIX       
  EXT PARAMETER               CURRENT GUESS       STEP         FIRST   
  NO.   NAME      VALUE            ERROR          SIZE      DERIVATIVE 
   1  N0           2.83614e+06   4.95779e+02  -9.53273e-01  -1.82140e-06
   2  tau          6.44055e+01   constant   
   3  A0           3.54756e-01   2.06050e-04   2.71046e-08  -1.40543e+01
   4  phi          4.11864e+00   6.29068e-04  -9.07045e-07  -6.50375e-01
   5  R           -5.93657e+01   constant   
   6  alpha_CBO    0.00000e+00   1.00000e-03   1.00000e-03   1.41769e+05
   7  w_CBO        2.32500e+00   constant   
   8  beta_CBO     0.00000e+00     fixed    
   9  alpha_2CBO   0.00000e+00     fixed    
  10  beta_2CBO    0.00000e+00   1.00000e-03   1.00000e-03  -1.40769e+04
  11  alpha_y      0.00000e+00     fixed    
  12  w_y          1.38860e+01   constant   
  13  beta_y       0.00000e+00   1.00000e-03   1.00000e-03   6.14287e+02
  14  alpha_vw     0.00000e+00     fixed    
  15  w_vw         1.43404e+01   constant   
  16  beta_vw      0.00000e+00     fixed    
  17  LM           6.62355e-05   constant   
  18  zeta_y       0.00000e+00   constant   
  19  zeta_vw      0.00000e+00   constant   
  20  T_CBO        5.96071e+02   6.02683e+02   1.16893e-01  -2.27838e-02
  21  alpha_A0    -1.17307e-03   2.52561e-03   4.80161e-05   1.24184e+01
  22  beta_A0     -1.86621e-03   3.79654e-03   7.03742e-05   1.01412e+01
  23  alpha_phi   -3.48018e-04   1.62575e-03   1.35347e-05  -5.45921e+00
  24  beta_phi    -1.97302e-03   3.88733e-03   6.36084e-05   1.98497e+01
 MIGRAD MINIMIZATION HAS CONVERGED.
 MIGRAD WILL VERIFY CONVERGENCE AND ERROR MATRIX.
 COVARIANCE MATRIX CALCULATED SUCCESSFULLY
 FCN=166.202 FROM MIGRAD    STATUS=CONVERGED     282 CALLS        1612 TOTAL
                     EDM=1.2687e-06    STRATEGY= 1      ERROR MATRIX ACCURATE 
  EXT PARAMETER                                   STEP         FIRST   
  NO.   NAME      VALUE            ERROR          SIZE      DERIVATIVE 
   1  N0           2.83612e+06   1.41109e+00   2.88398e+00   4.80417e-07
   2  tau          6.44055e+01   constant   
   3  A0           3.54554e-01   2.07610e-04   1.28527e-06   5.43888e+00
   4  phi          4.11674e+00   6.38546e-04   3.89816e-06   8.95258e-01
   5  R           -5.93657e+01   constant   
   6  alpha_CBO   -4.11861e-03   2.40915e-04   1.46718e-06   6.06934e-01
   7  w_CBO        2.32500e+00   constant   
   8  beta_CBO     0.00000e+00     fixed    
   9  alpha_2CBO   0.00000e+00     fixed    
  10  beta_2CBO    4.20371e-04   2.33358e-04   1.43687e-06   3.11833e+00
  11  alpha_y      0.00000e+00     fixed    
  12  w_y          1.38860e+01   constant   
  13  beta_y      -3.68196e-05   2.27093e-04   1.43234e-06  -7.95369e-01
  14  alpha_vw     0.00000e+00     fixed    
  15  w_vw         1.43404e+01   constant   
  16  beta_vw      0.00000e+00     fixed    
  17  LM           6.62355e-05   constant   
  18  zeta_y       0.00000e+00   constant   
  19  zeta_vw      0.00000e+00   constant   
  20  T_CBO        9.99932e+02   7.15212e+02   1.25835e-01   1.00505e-04
  21  alpha_A0    -2.38441e-03   1.04833e-03   6.44132e-06  -1.74833e-02
  22  beta_A0     -1.74105e-03   1.07238e-03   6.65426e-06  -4.82713e-01
  23  alpha_phi   -3.54848e-03   1.07403e-03   6.46635e-06  -1.57690e-01
  24  beta_phi    -2.18537e-03   9.22595e-04   5.76118e-06  -4.87592e-01
 EXTERNAL ERROR MATRIX.    NDIM=  25    NPAR= 11    ERR DEF=1
  1.991e+00 
  1.299e-07  4.310e-08 
  3.659e-07 -1.090e-08  4.077e-07 
  4.208e-09  3.189e-09  2.618e-08  5.804e-08 
 -9.031e-09  3.275e-09 -5.514e-09 -5.358e-10  5.446e-08 
 -3.971e-09 -9.328e-10  3.325e-09  3.758e-10  7.841e-10  5.157e-08 
 -9.437e-07 -6.999e-07 -7.510e-07 -5.711e-09 -7.784e-09 -1.081e-08  1.365e+02 
  5.993e-07  2.324e-08 -6.103e-08  2.124e-08  2.456e-08 -5.144e-09 -1.568e-04  1.099e-06 
  6.571e-07 -6.916e-09  7.913e-08  3.136e-09  2.261e-08  3.941e-09 -1.167e-04 -4.803e-08  1.150e-06 
  3.921e-07 -2.361e-08  9.163e-08  4.160e-08 -4.080e-08  6.017e-09 -2.319e-04 -1.383e-07  1.022e-07  1.154e-06 
 -6.963e-07  1.797e-08 -1.814e-08  7.175e-09  1.141e-08 -1.269e-09 -1.442e-04  9.317e-08 -4.993e-08 -5.412e-08  8.512e-07 
 PARAMETER  CORRELATION COEFFICIENTS  
       NO.  GLOBAL      1      3      4      6     10     13     20     21     22     23     24
        1  0.00108   1.000  0.000  0.000  0.000 -0.000 -0.000 -0.000  0.000  0.000  0.000 -0.001
        3  0.19642   0.000  1.000 -0.082  0.064  0.068 -0.020 -0.000  0.107 -0.031 -0.106  0.094
        4  0.25520   0.000 -0.082  1.000  0.170 -0.037  0.023 -0.000 -0.091  0.116  0.134 -0.031
        6  0.26386   0.000  0.064  0.170  1.000 -0.010  0.007 -0.000  0.084  0.012  0.161  0.032
       10  0.22123  -0.000  0.068 -0.037 -0.010  1.000  0.015 -0.000  0.100  0.090 -0.163  0.053
       13  0.04546  -0.000 -0.020  0.023  0.007  0.015  1.000 -0.000 -0.022  0.016  0.025 -0.006
       20  0.02912  -0.000 -0.000 -0.000 -0.000 -0.000 -0.000  1.000 -0.013 -0.009 -0.018 -0.013
       21  0.23013   0.000  0.107 -0.091  0.084  0.100 -0.022 -0.013  1.000 -0.043 -0.123  0.096
       22  0.18476   0.000 -0.031  0.116  0.012  0.090  0.016 -0.009 -0.043  1.000  0.089 -0.050
       23  0.30118   0.000 -0.106  0.134  0.161 -0.163  0.025 -0.018 -0.123  0.089  1.000 -0.055
       24  0.14771  -0.001  0.094 -0.031  0.032  0.053 -0.006 -0.013  0.096 -0.050 -0.055  1.000
MINUIT - FIT ONLY 2-CBO
 **********
 **   25 **RES 
 **********
                   PARAMETER   16  beta_vw RESTORED TO VARIABLE.
                   PARAMETER   14  alpha_vw RESTORED TO VARIABLE.
                   PARAMETER   11  alpha_y RESTORED TO VARIABLE.
                   PARAMETER    9  alpha_2CBO RESTORED TO VARIABLE.
                   PARAMETER    8  beta_CBO RESTORED TO VARIABLE.
 **********
 **   26 **FIX            0
 **********
 PARAMETER    0  IS UNDEFINED. IGNORED.
 **********
 **   27 **FIX            1
 **********
 **********
 **   28 **FIX            2
 **********
 PARAMETER    2  IS CONSTANT.   IGNORED.
 **********
 **   29 **FIX            3
 **********
 **********
 **   30 **FIX            4
 **********
 **********
 **   31 **FIX            5
 **********
 PARAMETER    5  IS CONSTANT.   IGNORED.
 **********
 **   32 **FIX            6
 **********
 **********
 **   33 **FIX            7
 **********
 PARAMETER    7  IS CONSTANT.   IGNORED.
 **********
 **   34 **FIX           10
 **********
 **********
 **   35 **FIX           11
 **********
 **********
 **   36 **FIX           12
 **********
 PARAMETER   12  IS CONSTANT.   IGNORED.
 **********
 **   37 **FIX           13
 **********
 **********
 **   38 **FIX           14
 **********
 **********
 **   39 **FIX           15
 **********
 PARAMETER   15  IS CONSTANT.   IGNORED.
 **********
 **   40 **FIX           16
 **********
 **********
 **   41 **MIGRAD
 **********
 START MIGRAD MINIMIZATION.  STRATEGY  1.  CONVERGENCE WHEN EDM .LT. 1.00e-04
 FCN=166.202 FROM MIGRAD    STATUS=INITIATE       40 CALLS        1652 TOTAL
                     EDM= unknown      STRATEGY= 1      NO ERROR MATRIX       
  EXT PARAMETER               CURRENT GUESS       STEP         FIRST   
  NO.   NAME      VALUE            ERROR          SIZE      DERIVATIVE 
   1  N0           2.83612e+06     fixed    
   2  tau          6.44055e+01   constant   
   3  A0           3.54554e-01     fixed    
   4  phi          4.11674e+00     fixed    
   5  R           -5.93657e+01   constant   
   6  alpha_CBO   -4.11861e-03     fixed    
   7  w_CBO        2.32500e+00   constant   
   8  beta_CBO     0.00000e+00   1.00000e-03   0.00000e+00  -8.27879e+04
   9  alpha_2CBO   0.00000e+00   1.00000e-03   0.00000e+00  -8.51082e+03
  10  beta_2CBO    4.20371e-04     fixed    
  11  alpha_y      0.00000e+00     fixed    
  12  w_y          1.38860e+01   constant   
  13  beta_y      -3.68196e-05     fixed    
  14  alpha_vw     0.00000e+00     fixed    
  15  w_vw         1.43404e+01   constant   
  16  beta_vw      0.00000e+00     fixed    
  17  LM           6.62355e-05   constant   
  18  zeta_y       0.00000e+00   constant   
  19  zeta_vw      0.00000e+00   constant   
  20  T_CBO        9.93432e+02   7.15212e+02  -1.45747e-01  -8.42739e-05
  21  alpha_A0    -2.38441e-03   1.04833e-03   0.00000e+00   5.59040e+00
  22  beta_A0     -1.74105e-03   1.07238e-03   0.00000e+00   2.83782e+00
  23  alpha_phi   -3.54848e-03   1.07403e-03   0.00000e+00   7.74204e+00
  24  beta_phi    -2.18537e-03   9.22595e-04   0.00000e+00   5.41820e+00
 MIGRAD MINIMIZATION HAS CONVERGED.
 MIGRAD WILL VERIFY CONVERGENCE AND ERROR MATRIX.
 COVARIANCE MATRIX CALCULATED SUCCESSFULLY
 FCN=72.7039 FROM HESSE     STATUS=OK             50 CALLS        1892 TOTAL
                     EDM=0.000505815    STRATEGY= 1      ERROR MATRIX ACCURATE 
  EXT PARAMETER                                   STEP         FIRST   
  NO.   NAME      VALUE            ERROR          SIZE      DERIVATIVE 
   1  N0           2.83612e+06     fixed    
   2  tau          6.44055e+01   constant   
   3  A0           3.54554e-01     fixed    
   4  phi          4.11674e+00     fixed    
   5  R           -5.93657e+01   constant   
   6  alpha_CBO   -4.11861e-03     fixed    
   7  w_CBO        2.32500e+00   constant   
   8  beta_CBO     2.22617e-03   2.31474e-04   9.41919e-07  -1.32526e-02
   9  alpha_2CBO   3.19234e-04   2.34926e-04   9.61300e-07  -4.50040e-02
  10  beta_2CBO    4.20371e-04     fixed    
  11  alpha_y      0.00000e+00     fixed    
  12  w_y          1.38860e+01   constant   
  13  beta_y      -3.68196e-05     fixed    
  14  alpha_vw     0.00000e+00     fixed    
  15  w_vw         1.43404e+01   constant   
  16  beta_vw      0.00000e+00     fixed    
  17  LM           6.62355e-05   constant   
  18  zeta_y       0.00000e+00   constant   
  19  zeta_vw      0.00000e+00   constant   
  20  T_CBO        9.80512e+02   8.18748e+02   3.40769e-02   3.05816e-03
  21  alpha_A0    -2.30267e-03   1.36804e-03   4.29224e-06   2.40603e-02
  22  beta_A0     -2.38438e-04   1.08818e-03   4.43966e-06   2.85317e-02
  23  alpha_phi   -3.07557e-03   1.57264e-03   4.30761e-06   3.91390e-02
  24  beta_phi    -4.97330e-04   9.64458e-04   3.83923e-06   8.04540e-02
 MIGRAD MINIMIZATION HAS CONVERGED.
 MIGRAD WILL VERIFY CONVERGENCE AND ERROR MATRIX.
 COVARIANCE MATRIX CALCULATED SUCCESSFULLY
 FCN=72.7035 FROM MIGRAD    STATUS=CONVERGED     379 CALLS        1991 TOTAL
                     EDM=2.01e-06    STRATEGY= 1      ERROR MATRIX ACCURATE 
  EXT PARAMETER                                   STEP         FIRST   
  NO.   NAME      VALUE            ERROR          SIZE      DERIVATIVE 
   1  N0           2.83612e+06     fixed    
   2  tau          6.44055e+01   constant   
   3  A0           3.54554e-01     fixed    
   4  phi          4.11674e+00     fixed    
   5  R           -5.93657e+01   constant   
   6  alpha_CBO   -4.11861e-03     fixed    
   7  w_CBO        2.32500e+00   constant   
   8  beta_CBO     2.22618e-03   2.31473e-04   9.41917e-07  -4.35808e-02
   9  alpha_2CBO   3.19234e-04   2.34926e-04   9.61297e-07  -1.18969e-01
  10  beta_2CBO    4.20371e-04     fixed    
  11  alpha_y      0.00000e+00     fixed    
  12  w_y          1.38860e+01   constant   
  13  beta_y      -3.68196e-05     fixed    
  14  alpha_vw     0.00000e+00     fixed    
  15  w_vw         1.43404e+01   constant   
  16  beta_vw      0.00000e+00     fixed    
  17  LM           6.62355e-05   constant   
  18  zeta_y       0.00000e+00   constant   
  19  zeta_vw      0.00000e+00   constant   
  20  T_CBO        9.99953e+02   6.61897e+02   5.06597e-02   1.47142e-04
  21  alpha_A0    -2.29483e-03   1.04358e-03   4.27765e-06   1.14621e-01
  22  beta_A0     -2.37545e-04   1.07985e-03   4.42452e-06   1.01384e-03
  23  alpha_phi   -3.06514e-03   1.04630e-03   4.29295e-06   1.40690e-01
  24  beta_phi    -4.95585e-04   9.40508e-04   3.82621e-06   7.45184e-03
 EXTERNAL ERROR MATRIX.    NDIM=  25    NPAR=  7    ERR DEF=1
  5.358e-08  2.033e-09 -8.184e-06 -1.012e-09  3.893e-08  1.038e-08  3.749e-08 
  2.033e-09  5.519e-08 -4.211e-08  3.122e-08 -2.320e-08  1.316e-08  3.186e-08 
 -8.184e-06 -4.211e-08  9.025e+03 -1.006e-02 -1.147e-03 -1.337e-02 -2.273e-03 
 -1.012e-09  3.122e-08 -1.006e-02  1.089e-06 -5.701e-08 -9.159e-08  9.409e-08 
  3.893e-08 -2.320e-08 -1.147e-03 -5.701e-08  1.166e-06  1.037e-07 -3.411e-08 
  1.038e-08  1.316e-08 -1.337e-02 -9.159e-08  1.037e-07  1.095e-06 -2.147e-08 
  3.749e-08  3.186e-08 -2.273e-03  9.409e-08 -3.411e-08 -2.147e-08  8.846e-07 
 PARAMETER  CORRELATION COEFFICIENTS  
       NO.  GLOBAL      8      9     20     21     22     23     24
        8  0.24017   1.000  0.037 -0.000 -0.004  0.156  0.043  0.172
        9  0.21714   0.037  1.000 -0.000  0.127 -0.091  0.054  0.144
       20  0.17867  -0.000 -0.000  1.000 -0.101 -0.011 -0.135 -0.025
       21  0.20938  -0.004  0.127 -0.101  1.000 -0.051 -0.084  0.096
       22  0.21122   0.156 -0.091 -0.011 -0.051  1.000  0.092 -0.034
       23  0.20487   0.043  0.054 -0.135 -0.084  0.092  1.000 -0.022
       24  0.24111   0.172  0.144 -0.025  0.096 -0.034 -0.022  1.000
MINUIT - FIT wiggle + 1-CBO + 2-CBO
 **********
 **   42 **RES 
 **********
                   PARAMETER   16  beta_vw RESTORED TO VARIABLE.
                   PARAMETER   14  alpha_vw RESTORED TO VARIABLE.
                   PARAMETER   13  beta_y RESTORED TO VARIABLE.
                   PARAMETER   11  alpha_y RESTORED TO VARIABLE.
                   PARAMETER   10  beta_2CBO RESTORED TO VARIABLE.
                   PARAMETER    6  alpha_CBO RESTORED TO VARIABLE.
                   PARAMETER    4  phi RESTORED TO VARIABLE.
                   PARAMETER    3  A0 RESTORED TO VARIABLE.
                   PARAMETER    1  N0 RESTORED TO VARIABLE.
 **********
 **   43 **FIX           10
 **********
 **********
 **   44 **FIX           11
 **********
 **********
 **   45 **FIX           12
 **********
 PARAMETER   12  IS CONSTANT.   IGNORED.
 **********
 **   46 **FIX           13
 **********
 **********
 **   47 **FIX           14
 **********
 **********
 **   48 **FIX           15
 **********
 PARAMETER   15  IS CONSTANT.   IGNORED.
 **********
 **   49 **FIX           16
 **********
 **********
 **   50 **MIGRAD
 **********
 START MIGRAD MINIMIZATION.  STRATEGY  1.  CONVERGENCE WHEN EDM .LT. 1.00e-04
 FCN=72.7035 FROM MIGRAD    STATUS=INITIATE       22 CALLS        2013 TOTAL
                     EDM= unknown      STRATEGY= 1      NO ERROR MATRIX       
  EXT PARAMETER               CURRENT GUESS       STEP         FIRST   
  NO.   NAME      VALUE            ERROR          SIZE      DERIVATIVE 
   1  N0           2.83612e+06   1.41109e+00   1.41109e+00   8.33512e-04
   2  tau          6.44055e+01   constant   
   3  A0           3.54554e-01   2.07610e-04   2.07610e-04   1.83453e+04
   4  phi          4.11674e+00   6.38546e-04   6.38546e-04  -4.06515e+03
   5  R           -5.93657e+01   constant   
   6  alpha_CBO   -4.11861e-03   2.40915e-04   2.40915e-04   8.13203e+02
   7  w_CBO        2.32500e+00   constant   
   8  beta_CBO     2.22618e-03   2.31473e-04   9.41917e-07  -4.35792e-02
   9  alpha_2CBO   3.19234e-04   2.34926e-04   9.61297e-07  -1.18965e-01
  10  beta_2CBO    4.20371e-04     fixed    
  11  alpha_y      0.00000e+00     fixed    
  12  w_y          1.38860e+01   constant   
  13  beta_y      -3.68196e-05     fixed    
  14  alpha_vw     0.00000e+00     fixed    
  15  w_vw         1.43404e+01   constant   
  16  beta_vw      0.00000e+00     fixed    
  17  LM           6.62355e-05   constant   
  18  zeta_y       0.00000e+00   constant   
  19  zeta_vw      0.00000e+00   constant   
  20  T_CBO        9.99953e+02   6.61897e+02   5.06597e-02  -1.52208e-04
  21  alpha_A0    -2.29483e-03   1.04358e-03   4.27765e-06   1.14620e-01
  22  beta_A0     -2.37545e-04   1.07985e-03   4.42452e-06   9.70170e-04
  23  alpha_phi   -3.06514e-03   1.04630e-03   4.29295e-06   1.40688e-01
  24  beta_phi    -4.95585e-04   9.40508e-04   3.82621e-06   7.45267e-03
 MIGRAD MINIMIZATION HAS CONVERGED.
 MIGRAD WILL VERIFY CONVERGENCE AND ERROR MATRIX.
 COVARIANCE MATRIX CALCULATED SUCCESSFULLY
 FCN=66.5343 FROM MIGRAD    STATUS=CONVERGED     252 CALLS        2243 TOTAL
                     EDM=5.80846e-06    STRATEGY= 1      ERROR MATRIX ACCURATE 
  EXT PARAMETER                                   STEP         FIRST   
  NO.   NAME      VALUE            ERROR          SIZE      DERIVATIVE 
   1  N0           2.83595e+06   1.41328e+00   1.83276e+00  -7.80546e-06
   2  tau          6.44055e+01   constant   
   3  A0           3.54099e-01   2.11777e-04   8.16982e-07   5.30518e+00
   4  phi          4.11769e+00   6.48212e-04   2.48153e-06   1.59355e+00
   5  R           -5.93657e+01   constant   
   6  alpha_CBO   -4.11772e-03   2.41163e-04   9.32474e-07  -3.90905e+00
   7  w_CBO        2.32500e+00   constant   
   8  beta_CBO     2.37662e-03   2.39097e-04   9.01670e-07   2.20433e+00
   9  alpha_2CBO   3.07788e-04   2.35523e-04   9.20226e-07  -1.13714e+00
  10  beta_2CBO    4.20371e-04     fixed    
  11  alpha_y      0.00000e+00     fixed    
  12  w_y          1.38860e+01   constant   
  13  beta_y      -3.68196e-05     fixed    
  14  alpha_vw     0.00000e+00     fixed    
  15  w_vw         1.43404e+01   constant   
  16  beta_vw      0.00000e+00     fixed    
  17  LM           6.62355e-05   constant   
  18  zeta_y       0.00000e+00   constant   
  19  zeta_vw      0.00000e+00   constant   
  20  T_CBO        9.99797e+02   7.18010e+02   1.24783e-01   6.82103e-05
  21  alpha_A0    -2.70832e-03   1.05369e-03   4.09863e-06   3.13308e-01
  22  beta_A0      7.14733e-05   1.09382e-03   4.23814e-06   5.97279e-01
  23  alpha_phi   -2.69467e-03   1.06488e-03   4.11445e-06  -2.04879e+00
  24  beta_phi    -5.39266e-04   9.42963e-04   3.66741e-06   1.74544e+00
 EXTERNAL ERROR MATRIX.    NDIM=  25    NPAR= 11    ERR DEF=1
  1.997e+00 
  1.382e-07  4.485e-08 
  3.448e-07 -1.496e-08  4.202e-07 
  2.767e-09  3.201e-09  2.670e-08  5.816e-08 
 -3.794e-08 -1.062e-08  2.455e-08  2.933e-10  5.717e-08 
  2.588e-08 -8.427e-10 -8.830e-09 -2.543e-09  1.782e-09  5.547e-08 
 -5.423e-07 -5.693e-07  3.938e-07 -2.675e-08 -4.651e-09  1.320e-09  4.060e+02 
  6.261e-07  2.325e-08 -6.907e-08  1.996e-08 -9.806e-09  3.138e-08 -2.254e-04  1.110e-06 
  6.183e-07 -1.668e-08  1.031e-07  4.651e-09  4.767e-08 -2.506e-08  3.689e-06 -8.212e-08  1.196e-06 
  3.792e-07 -2.496e-08  9.446e-08  4.094e-08  2.042e-08  1.055e-08 -2.225e-04 -1.183e-07  1.311e-07  1.134e-06 
 -7.062e-07  9.542e-09 -6.646e-09  6.095e-09  3.523e-08  3.159e-08 -4.630e-05  9.935e-08 -3.927e-08 -2.706e-08  8.892e-07 
 PARAMETER  CORRELATION COEFFICIENTS  
       NO.  GLOBAL      1      3      4      6      8      9     20     21     22     23     24
        1  0.00109   1.000  0.000  0.000  0.000 -0.000  0.000 -0.000  0.000  0.000  0.000 -0.001
        3  0.27518   0.000  1.000 -0.109  0.063 -0.210 -0.017 -0.000  0.104 -0.072 -0.111  0.048
        4  0.29966   0.000 -0.109  1.000  0.171  0.158 -0.058  0.000 -0.101  0.145  0.137 -0.011
        6  0.26737   0.000  0.063  0.171  1.000  0.005 -0.045 -0.000  0.079  0.018  0.159  0.027
        8  0.34169  -0.000 -0.210  0.158  0.005  1.000  0.032 -0.000 -0.039  0.182  0.080  0.156
        9  0.22780   0.000 -0.017 -0.058 -0.045  0.032  1.000  0.000  0.126 -0.097  0.042  0.142
       20  0.01624  -0.000 -0.000  0.000 -0.000 -0.000  0.000  1.000 -0.011  0.000 -0.010 -0.002
       21  0.24551   0.000  0.104 -0.101  0.079 -0.039  0.126 -0.011  1.000 -0.071 -0.105  0.100
       22  0.25998   0.000 -0.072  0.145  0.018  0.182 -0.097  0.000 -0.071  1.000  0.113 -0.038
       23  0.26983   0.000 -0.111  0.137  0.159  0.080  0.042 -0.010 -0.105  0.113  1.000 -0.027
       24  0.24604  -0.001  0.048 -0.011  0.027  0.156  0.142 -0.002  0.100 -0.038 -0.027  1.000
MINUIT - FIT ONLY 1-y
 **********
 **   51 **RES 
 **********
                   PARAMETER   16  beta_vw RESTORED TO VARIABLE.
                   PARAMETER   14  alpha_vw RESTORED TO VARIABLE.
                   PARAMETER   13  beta_y RESTORED TO VARIABLE.
                   PARAMETER   11  alpha_y RESTORED TO VARIABLE.
                   PARAMETER   10  beta_2CBO RESTORED TO VARIABLE.
 **********
 **   52 **FIX            0
 **********
 PARAMETER    0  IS UNDEFINED. IGNORED.
 **********
 **   53 **FIX            1
 **********
 **********
 **   54 **FIX            2
 **********
 PARAMETER    2  IS CONSTANT.   IGNORED.
 **********
 **   55 **FIX            3
 **********
 **********
 **   56 **FIX            4
 **********
 **********
 **   57 **FIX            5
 **********
 PARAMETER    5  IS CONSTANT.   IGNORED.
 **********
 **   58 **FIX            6
 **********
 **********
 **   59 **FIX            7
 **********
 PARAMETER    7  IS CONSTANT.   IGNORED.
 **********
 **   60 **FIX            8
 **********
 **********
 **   61 **FIX            9
 **********
 **********
 **   62 **FIX           13
 **********
 **********
 **   63 **FIX           14
 **********
 **********
 **   64 **FIX           15
 **********
 PARAMETER   15  IS CONSTANT.   IGNORED.
 **********
 **   65 **FIX           16
 **********
 **********
 **   66 **MIGRAD
 **********
 START MIGRAD MINIMIZATION.  STRATEGY  1.  CONVERGENCE WHEN EDM .LT. 1.00e-04
 FCN=66.5342 FROM MIGRAD    STATUS=INITIATE       36 CALLS        2279 TOTAL
                     EDM= unknown      STRATEGY= 1      NO ERROR MATRIX       
  EXT PARAMETER               CURRENT GUESS       STEP         FIRST   
  NO.   NAME      VALUE            ERROR          SIZE      DERIVATIVE 
   1  N0           2.83595e+06     fixed    
   2  tau          6.44055e+01   constant   
   3  A0           3.54099e-01     fixed    
   4  phi          4.11769e+00     fixed    
   5  R           -5.93657e+01   constant   
   6  alpha_CBO   -4.11772e-03     fixed    
   7  w_CBO        2.32500e+00   constant   
   8  beta_CBO     2.37662e-03     fixed    
   9  alpha_2CBO   3.07788e-04     fixed    
  10  beta_2CBO    4.20371e-04   2.33358e-04   0.00000e+00   1.85139e+03
  11  alpha_y      0.00000e+00   1.00000e-03   0.00000e+00  -1.60239e+04
  12  w_y          1.38860e+01   constant   
  13  beta_y      -3.68196e-05     fixed    
  14  alpha_vw     0.00000e+00     fixed    
  15  w_vw         1.43404e+01   constant   
  16  beta_vw      0.00000e+00     fixed    
  17  LM           6.62355e-05   constant   
  18  zeta_y       0.00000e+00   constant   
  19  zeta_vw      0.00000e+00   constant   
  20  T_CBO        9.98464e+02   7.18010e+02  -4.99131e-02   4.81543e-05
  21  alpha_A0    -2.70832e-03   1.05369e-03   0.00000e+00   1.60497e+00
  22  beta_A0      7.14733e-05   1.09382e-03   0.00000e+00   5.26915e-01
  23  alpha_phi   -2.69467e-03   1.06488e-03   0.00000e+00  -7.46538e-01
  24  beta_phi    -5.39266e-04   9.42963e-04   0.00000e+00   1.99054e+00
 CALL LIMIT EXCEEDED IN MIGRAD.
 MIGRAD TERMINATED WITHOUT CONVERGENCE.
 FCN=63.0531 FROM MIGRAD    STATUS=CALL LIMIT   1150 CALLS        3393 TOTAL
                     EDM=0.00074939    STRATEGY= 1  ERROR MATRIX UNCERTAINTY  18.5 per cent
  EXT PARAMETER                APPROXIMATE        STEP         FIRST   
  NO.   NAME      VALUE            ERROR          SIZE      DERIVATIVE 
   1  N0           2.83595e+06     fixed    
   2  tau          6.44055e+01   constant   
   3  A0           3.54099e-01     fixed    
   4  phi          4.11769e+00     fixed    
   5  R           -5.93657e+01   constant   
   6  alpha_CBO   -4.11772e-03     fixed    
   7  w_CBO        2.32500e+00   constant   
   8  beta_CBO     2.37662e-03     fixed    
   9  alpha_2CBO   3.07788e-04     fixed    
  10  beta_2CBO    3.70398e-04   2.28224e-04  -3.71162e-07  -8.68676e+00
  11  alpha_y      4.24587e-04   2.30177e-04  -1.15453e-07  -1.56654e+00
  12  w_y          1.38860e+01   constant   
  13  beta_y      -3.68196e-05     fixed    
  14  alpha_vw     0.00000e+00     fixed    
  15  w_vw         1.43404e+01   constant   
  16  beta_vw      0.00000e+00     fixed    
  17  LM           6.62355e-05   constant   
  18  zeta_y       0.00000e+00   constant   
  19  zeta_vw      0.00000e+00   constant   
  20  T_CBO        9.28725e+01   1.60626e+02  -1.18667e-02  -6.76159e-01
  21  alpha_A0    -1.46743e-02   4.65352e-02  -9.05402e-04  -1.96675e+00
  22  beta_A0      9.73596e-05   1.11713e-03   5.88744e-06   4.74738e-01
  23  alpha_phi   -1.41809e-02   4.25127e-02  -8.45433e-04   1.02051e+01
  24  beta_phi    -3.16736e-03   1.01816e-02  -2.05152e-04   5.35540e+00
 EXTERNAL ERROR MATRIX.    NDIM=  25    NPAR=  7    ERR DEF=1
  5.209e-08 -5.421e-11  2.719e-03  7.588e-07  1.330e-09  6.956e-07  1.862e-07 
 -5.421e-11  5.298e-08  3.868e-04  9.956e-08  1.299e-10  1.001e-07  2.431e-08 
  2.719e-03  3.868e-04  2.897e+04  7.897e+00 -5.618e-02  7.230e+00  1.721e+00 
  7.588e-07  9.956e-08  7.897e+00  2.166e-03 -1.574e-05  1.974e-03  4.685e-04 
  1.330e-09  1.299e-10 -5.618e-02 -1.574e-05  1.248e-06 -1.412e-05 -3.426e-06 
  6.956e-07  1.001e-07  7.230e+00  1.974e-03 -1.412e-05  1.807e-03  4.299e-04 
  1.862e-07  2.431e-08  1.721e+00  4.685e-04 -3.426e-06  4.299e-04  1.037e-04 
ERR MATRIX APPROXIMATE
 PARAMETER  CORRELATION COEFFICIENTS  
       NO.  GLOBAL     10     11     20     21     22     23     24
       10  0.12657   1.000 -0.001  0.070  0.071  0.005  0.072  0.080
       11  0.02002  -0.001  1.000  0.010  0.009  0.001  0.010  0.010
       20  0.99917   0.070  0.010  1.000  0.997 -0.295  0.999  0.993
       21  0.99818   0.071  0.009  0.997  1.000 -0.303  0.998  0.989
       22  0.32898   0.005  0.001 -0.295 -0.303  1.000 -0.297 -0.301
       23  0.99947   0.072  0.010  0.999  0.998 -0.297  1.000  0.993
       24  0.99406   0.080  0.010  0.993  0.989 -0.301  0.993  1.000
 ERR MATRIX APPROXIMATE
MINUIT - FIT ONLY 2-y
 **********
 **   67 **RES 
 **********
                   PARAMETER   16  beta_vw RESTORED TO VARIABLE.
                   PARAMETER   14  alpha_vw RESTORED TO VARIABLE.
                   PARAMETER   13  beta_y RESTORED TO VARIABLE.
                   PARAMETER    9  alpha_2CBO RESTORED TO VARIABLE.
                   PARAMETER    8  beta_CBO RESTORED TO VARIABLE.
                   PARAMETER    6  alpha_CBO RESTORED TO VARIABLE.
                   PARAMETER    4  phi RESTORED TO VARIABLE.
                   PARAMETER    3  A0 RESTORED TO VARIABLE.
                   PARAMETER    1  N0 RESTORED TO VARIABLE.
 **********
 **   68 **FIX            0
 **********
 PARAMETER    0  IS UNDEFINED. IGNORED.
 **********
 **   69 **FIX            1
 **********
 **********
 **   70 **FIX            2
 **********
 PARAMETER    2  IS CONSTANT.   IGNORED.
 **********
 **   71 **FIX            3
 **********
 **********
 **   72 **FIX            4
 **********
 **********
 **   73 **FIX            5
 **********
 PARAMETER    5  IS CONSTANT.   IGNORED.
 **********
 **   74 **FIX            6
 **********
 **********
 **   75 **FIX            7
 **********
 PARAMETER    7  IS CONSTANT.   IGNORED.
 **********
 **   76 **FIX            8
 **********
 **********
 **   77 **FIX            9
 **********
 **********
 **   78 **FIX           10
 **********
 **********
 **   79 **FIX           11
 **********
 **********
 **   80 **FIX           12
 **********
 PARAMETER   12  IS CONSTANT.   IGNORED.
 **********
 **   81 **FIX           16
 **********
 **********
 **   82 **MIGRAD
 **********
 START MIGRAD MINIMIZATION.  STRATEGY  1.  CONVERGENCE WHEN EDM .LT. 1.00e-04
 FCN=63.0531 FROM MIGRAD    STATUS=INITIATE       16 CALLS        3409 TOTAL
                     EDM= unknown      STRATEGY= 1      NO ERROR MATRIX       
  EXT PARAMETER               CURRENT GUESS       STEP         FIRST   
  NO.   NAME      VALUE            ERROR          SIZE      DERIVATIVE 
   1  N0           2.83595e+06     fixed    
   2  tau          6.44055e+01   constant   
   3  A0           3.54099e-01     fixed    
   4  phi          4.11769e+00     fixed    
   5  R           -5.93657e+01   constant   
   6  alpha_CBO   -4.11772e-03     fixed    
   7  w_CBO        2.32500e+00   constant   
   8  beta_CBO     2.37662e-03     fixed    
   9  alpha_2CBO   3.07788e-04     fixed    
  10  beta_2CBO    3.70398e-04     fixed    
  11  alpha_y      4.24587e-04     fixed    
  12  w_y          1.38860e+01   constant   
  13  beta_y      -3.68196e-05   2.27093e-04   2.27093e-04   1.84948e+02
  14  alpha_vw     0.00000e+00   1.00000e-03   1.00000e-03   1.89298e+03
  15  w_vw         1.43404e+01   constant   
  16  beta_vw      0.00000e+00     fixed    
  17  LM           6.62355e-05   constant   
  18  zeta_y       0.00000e+00   constant   
  19  zeta_vw      0.00000e+00   constant   
  20  T_CBO        9.28725e+01   1.60626e+02  -1.18667e-02  -6.76161e-01
  21  alpha_A0    -1.46743e-02   4.65352e-02  -9.05402e-04  -1.96675e+00
  22  beta_A0      9.73596e-05   1.11713e-03   5.88744e-06   4.74737e-01
  23  alpha_phi   -1.41809e-02   4.25127e-02  -8.45433e-04   1.02051e+01
  24  beta_phi    -3.16736e-03   1.01816e-02  -2.05152e-04   5.35540e+00
 MIGRAD MINIMIZATION HAS CONVERGED.
 MIGRAD WILL VERIFY CONVERGENCE AND ERROR MATRIX.
 COVARIANCE MATRIX CALCULATED SUCCESSFULLY
 FCN=63.0005 FROM HESSE     STATUS=OK             50 CALLS        3506 TOTAL
                     EDM=0.00368603    STRATEGY= 1      ERROR MATRIX ACCURATE 
  EXT PARAMETER                                   STEP         FIRST   
  NO.   NAME      VALUE            ERROR          SIZE      DERIVATIVE 
   1  N0           2.83595e+06     fixed    
   2  tau          6.44055e+01   constant   
   3  A0           3.54099e-01     fixed    
   4  phi          4.11769e+00     fixed    
   5  R           -5.93657e+01   constant   
   6  alpha_CBO   -4.11772e-03     fixed    
   7  w_CBO        2.32500e+00   constant   
   8  beta_CBO     2.37662e-03     fixed    
   9  alpha_2CBO   3.07788e-04     fixed    
  10  beta_2CBO    3.70398e-04     fixed    
  11  alpha_y      4.24587e-04     fixed    
  12  w_y          1.38860e+01   constant   
  13  beta_y      -5.35991e-05   2.32900e-04   8.86160e-07  -1.49040e+00
  14  alpha_vw    -5.30653e-05   2.34371e-04   8.91833e-07  -1.72096e+00
