 + ++++++++++++++++++++++++++++++++++++++++++++++++++++++++++++++++++++ +
 +                                                                      +
 +           You have chose to blind your fitting according to          +
 +                omega_ref * (1 + (R +/- deltaR) *10^{-6})             +
 +                                                                      +
 + ++++++++++++++++++++++++++++++++++++++++++++++++++++++++++++++++++++ +
In main()...
reading format from /gm2data/zkhechad/run45/envelope/formats/formatB_sBin_constraintOn.txt
pBinTau 	= 0  
pBinPhi 	= 0  
constraintau 	= 1 
includeMopTerm 	= 0    
constrainMop    = 0   
Parameters after format file: pBinTau 0 pBinPhi 0 constraintau 1 includeMopTerm 0 constrainMop 0 c_e_scale 0.000000 
Opening file /gm2data/tbarrett/gm2fr/studies/run23_bunch_corrections/CorrectedFourier_Run3b.root.
reading full fit data from /gm2data/zkhechad/cboTemplates/Run4CBOTemplates/templateFits0_v2.0/noRF/sBin_constraintOn_cE0.0_seed0_noRF_calo19.root
windowBins = 17
fitting sliding window 18 from bin 154 at 22.827600 to bin 171 at 25.513200 (17 bins)

Reading data from /gm2data/cornell/histograms/aMethod/histogram_a_noRF.root
 **********
 **    1 **SET PRINTOUT            1
 **********
 **********
 **    2 **SET NOWARNINGS 
 **********
 PARAMETER DEFINITIONS:
    NO.   NAME         VALUE      STEP SIZE      LIMITS
     1 N0           3.18982e+06  1.00000e+02     no limits
     2 tau          6.43968e+01  constant
     3 A0           3.47817e-01  1.00000e-04     no limits
     4 phi          4.13212e+00  1.00000e-02     no limits
     5 R           -6.01460e+01  constant
     6 alpha_CBO    0.00000e+00  1.00000e-03     no limits
     7 w_CBO        2.32500e+00  constant
     8 beta_CBO     0.00000e+00  1.00000e-03     no limits
     9 alpha_2CBO   0.00000e+00  1.00000e-03     no limits
    10 beta_2CBO    0.00000e+00  1.00000e-03     no limits
    11 alpha_y      0.00000e+00  1.00000e-03     no limits
    12 w_y          1.44500e+01  constant
    13 beta_y       0.00000e+00  1.00000e-03     no limits
    14 alpha_vw     0.00000e+00  1.00000e-03     no limits
    15 w_vw         1.29000e+01  constant
    16 beta_vw      0.00000e+00  1.00000e-03     no limits
    17 LM          -1.51189e-04  constant
    18 zeta_y       0.00000e+00  constant
    19 zeta_vw      0.00000e+00  constant
    20 T_CBO        1.00000e+02  1.00000e+00    0.00000e+00  1.00000e+03
    21 alpha_A0     0.00000e+00  1.00000e-03     no limits
    22 beta_A0      0.00000e+00  1.00000e-03     no limits
    23 alpha_phi    0.00000e+00  1.00000e-03     no limits
    24 beta_phi     0.00000e+00  1.00000e-03     no limits
MINUIT - FIT ONLY WIGGLE
 **********
 **    3 **FIX            5
 **********
 PARAMETER    5  IS CONSTANT.   IGNORED.
 **********
 **    4 **FIX            6
 **********
 **********
 **    5 **FIX            7
 **********
 PARAMETER    7  IS CONSTANT.   IGNORED.
 **********
 **    6 **FIX            8
 **********
 **********
 **    7 **FIX            9
 **********
 **********
 **    8 **FIX           10
 **********
 **********
 **    9 **FIX           11
 **********
 **********
 **   10 **FIX           12
 **********
 PARAMETER   12  IS CONSTANT.   IGNORED.
 **********
 **   11 **FIX           13
 **********
 **********
 **   12 **FIX           14
 **********
 **********
 **   13 **FIX           15
 **********
 PARAMETER   15  IS CONSTANT.   IGNORED.
 **********
 **   14 **FIX           16
 **********
 **********
 **   15 **MIGRAD
 **********
 FIRST CALL TO USER FUNCTION AT NEW START POINT, WITH IFLAG=4.
 START MIGRAD MINIMIZATION.  STRATEGY  1.  CONVERGENCE WHEN EDM .LT. 1.00e-04
 FCN=10547.6 FROM MIGRAD    STATUS=INITIATE      433 CALLS         434 TOTAL
                     EDM= unknown      STRATEGY= 1      NO ERROR MATRIX       
  EXT PARAMETER               CURRENT GUESS       STEP         FIRST   
  NO.   NAME      VALUE            ERROR          SIZE      DERIVATIVE 
   1  N0           3.18982e+06   1.00000e+02   0.00000e+00  -7.11411e-02
   2  tau          6.43968e+01   constant   
   3  A0           3.47817e-01   1.00000e-04   0.00000e+00  -9.95346e+05
   4  phi          4.13212e+00   1.00000e-02   0.00000e+00  -2.34144e+05
   5  R           -6.01460e+01   constant   
   6  alpha_CBO    0.00000e+00     fixed    
   7  w_CBO        2.32500e+00   constant   
   8  beta_CBO     0.00000e+00     fixed    
   9  alpha_2CBO   0.00000e+00     fixed    
  10  beta_2CBO    0.00000e+00     fixed    
  11  alpha_y      0.00000e+00     fixed    
  12  w_y          1.44500e+01   constant   
  13  beta_y       0.00000e+00     fixed    
  14  alpha_vw     0.00000e+00     fixed    
  15  w_vw         1.29000e+01   constant   
  16  beta_vw      0.00000e+00     fixed    
  17  LM          -1.51189e-04   constant   
  18  zeta_y       0.00000e+00   constant   
  19  zeta_vw      0.00000e+00   constant   
  20  T_CBO        1.00000e+02   1.00000e+00   0.00000e+00   0.00000e+00
  21  alpha_A0     0.00000e+00   1.00000e-03   0.00000e+00   1.44240e+05
  22  beta_A0      0.00000e+00   1.00000e-03   0.00000e+00   7.35017e+04
  23  alpha_phi    0.00000e+00   1.00000e-03   0.00000e+00   1.19847e+04
  24  beta_phi     0.00000e+00   1.00000e-03   0.00000e+00  -8.47435e+04
 CALL LIMIT EXCEEDED IN MIGRAD.
 MIGRAD TERMINATED WITHOUT CONVERGENCE.
 FCN=2980.39 FROM MIGRAD    STATUS=CALL LIMIT   1336 CALLS        1337 TOTAL
                     EDM=0.00508515    STRATEGY= 1  ERROR MATRIX UNCERTAINTY   0.2 per cent
  EXT PARAMETER                APPROXIMATE        STEP         FIRST   
  NO.   NAME      VALUE            ERROR          SIZE      DERIVATIVE 
   1  N0           3.29236e+06   6.96199e+03  -9.85541e+01   3.91514e-04
   2  tau          6.43968e+01   constant   
   3  A0           3.41788e-01   1.07841e-03   6.37514e-05  -5.76140e+01
   4  phi          4.05057e+00   3.56098e-03   9.95990e-05  -2.43479e+02
   5  R           -6.01460e+01   constant   
   6  alpha_CBO    0.00000e+00     fixed    
   7  w_CBO        2.32500e+00   constant   
   8  beta_CBO     0.00000e+00     fixed    
   9  alpha_2CBO   0.00000e+00     fixed    
  10  beta_2CBO    0.00000e+00     fixed    
  11  alpha_y      0.00000e+00     fixed    
  12  w_y          1.44500e+01   constant   
  13  beta_y       0.00000e+00     fixed    
  14  alpha_vw     0.00000e+00     fixed    
  15  w_vw         1.29000e+01   constant   
  16  beta_vw      0.00000e+00     fixed    
  17  LM          -1.51189e-04   constant   
  18  zeta_y       0.00000e+00   constant   
  19  zeta_vw      0.00000e+00   constant   
  20  T_CBO        7.38467e+02   3.53163e+02  -8.78374e-02   1.47842e+00
  21  alpha_A0    -6.36335e-02   5.88202e-03   4.29163e-04   7.49395e+01
  22  beta_A0     -2.04506e-01   1.09936e-02   6.31764e-04   1.98400e+02
  23  alpha_phi   -1.56142e-01   9.91046e-03   3.94829e-04   1.75246e+02
  24  beta_phi     9.69384e-02   6.85400e-03  -5.17654e-04   5.84238e+01
 EXTERNAL ERROR MATRIX.    NDIM=  25    NPAR=  8    ERR DEF=1
  4.847e+07 -2.927e+00 -2.136e+01 -1.375e+04 -3.730e+00 -6.896e+01 -6.533e+01  1.840e+01 
 -2.927e+00  1.163e-06  2.524e-06 -5.596e-02  5.799e-06  6.450e-06  3.866e-06 -6.739e-06 
 -2.136e+01  2.524e-06  1.268e-05 -3.715e-02  9.964e-06  3.459e-05  2.944e-05 -1.766e-05 
 -1.375e+04 -5.596e-02 -3.715e-02  1.682e+05 -7.509e-01 -1.714e+00 -1.209e+00  1.016e+00 
 -3.730e+00  5.799e-06  9.964e-06 -7.509e-01  3.460e-05  2.379e-05  8.381e-06 -3.741e-05 
 -6.896e+01  6.450e-06  3.459e-05 -1.714e+00  2.379e-05  1.209e-04  1.055e-04 -4.874e-05 
 -6.533e+01  3.866e-06  2.944e-05 -1.209e+00  8.381e-06  1.055e-04  9.822e-05 -3.098e-05 
  1.840e+01 -6.739e-06 -1.766e-05  1.016e+00 -3.741e-05 -4.874e-05 -3.098e-05  4.698e-05 
ERR MATRIX APPROXIMATE
 PARAMETER  CORRELATION COEFFICIENTS  
       NO.  GLOBAL      1      3      4     20     21     22     23     24
        1  0.99903   1.000 -0.390 -0.862 -0.005 -0.091 -0.901 -0.947  0.386
        3  0.99067  -0.390  1.000  0.657 -0.127  0.914  0.544  0.362 -0.912
        4  0.99462  -0.862  0.657  1.000 -0.025  0.476  0.884  0.834 -0.724
       20  0.99552  -0.005 -0.127 -0.025  1.000 -0.311 -0.380 -0.298  0.361
       21  0.99470  -0.091  0.914  0.476 -0.311  1.000  0.368  0.144 -0.928
       22  0.99888  -0.901  0.544  0.884 -0.380  0.368  1.000  0.969 -0.647
       23  0.99844  -0.947  0.362  0.834 -0.298  0.144  0.969  1.000 -0.456
       24  0.99348   0.386 -0.912 -0.724  0.361 -0.928 -0.647 -0.456  1.000
 ERR MATRIX APPROXIMATE
MINUIT - FIT ONLY 1-CBO + wiggle
 **********
 **   16 **RES 
 **********
                   PARAMETER   16  beta_vw RESTORED TO VARIABLE.
                   PARAMETER   14  alpha_vw RESTORED TO VARIABLE.
                   PARAMETER   13  beta_y RESTORED TO VARIABLE.
                   PARAMETER   11  alpha_y RESTORED TO VARIABLE.
                   PARAMETER   10  beta_2CBO RESTORED TO VARIABLE.
                   PARAMETER    9  alpha_2CBO RESTORED TO VARIABLE.
                   PARAMETER    8  beta_CBO RESTORED TO VARIABLE.
                   PARAMETER    6  alpha_CBO RESTORED TO VARIABLE.
 **********
 **   17 **FIX            8
 **********
 **********
 **   18 **FIX            9
 **********
 **********
 **   19 **FIX           11
 **********
 **********
 **   20 **FIX           12
 **********
 PARAMETER   12  IS CONSTANT.   IGNORED.
 **********
 **   21 **FIX           14
 **********
 **********
 **   22 **FIX           15
 **********
 PARAMETER   15  IS CONSTANT.   IGNORED.
 **********
 **   23 **FIX           16
 **********
 **********
 **   24 **MIGRAD
 **********
 START MIGRAD MINIMIZATION.  STRATEGY  1.  CONVERGENCE WHEN EDM .LT. 1.00e-04
 FCN=2980.39 FROM MIGRAD    STATUS=INITIATE       28 CALLS        1365 TOTAL
                     EDM= unknown      STRATEGY= 1      NO ERROR MATRIX       
  EXT PARAMETER               CURRENT GUESS       STEP         FIRST   
  NO.   NAME      VALUE            ERROR          SIZE      DERIVATIVE 
   1  N0           3.29236e+06   6.96199e+03  -9.85541e+01   3.91514e-04
   2  tau          6.43968e+01   constant   
   3  A0           3.41788e-01   1.07841e-03   6.37514e-05  -5.76140e+01
   4  phi          4.05057e+00   3.56098e-03   9.95990e-05  -2.43479e+02
   5  R           -6.01460e+01   constant   
   6  alpha_CBO    0.00000e+00   1.00000e-03   1.00000e-03   4.90236e+03
   7  w_CBO        2.32500e+00   constant   
   8  beta_CBO     0.00000e+00     fixed    
   9  alpha_2CBO   0.00000e+00     fixed    
  10  beta_2CBO    0.00000e+00   1.00000e-03   1.00000e-03   9.87860e+03
  11  alpha_y      0.00000e+00     fixed    
  12  w_y          1.44500e+01   constant   
  13  beta_y       0.00000e+00   1.00000e-03   1.00000e-03  -6.40172e+05
  14  alpha_vw     0.00000e+00     fixed    
  15  w_vw         1.29000e+01   constant   
  16  beta_vw      0.00000e+00     fixed    
  17  LM          -1.51189e-04   constant   
  18  zeta_y       0.00000e+00   constant   
  19  zeta_vw      0.00000e+00   constant   
  20  T_CBO        7.38467e+02   3.53163e+02  -8.78374e-02  -1.47873e+00
  21  alpha_A0    -6.36335e-02   5.88202e-03   4.29163e-04   7.49395e+01
  22  beta_A0     -2.04506e-01   1.09936e-02   6.31764e-04   1.98400e+02
  23  alpha_phi   -1.56142e-01   9.91046e-03   3.94829e-04   1.75246e+02
  24  beta_phi     9.69384e-02   6.85400e-03  -5.17654e-04   5.84238e+01
 CALL LIMIT EXCEEDED IN MIGRAD.
 MIGRAD TERMINATED WITHOUT CONVERGENCE.
 FCN=968.707 FROM MIGRAD    STATUS=CALL LIMIT   1911 CALLS        3248 TOTAL
                     EDM=0.00257895    STRATEGY= 1  ERROR MATRIX UNCERTAINTY   8.5 per cent
  EXT PARAMETER                APPROXIMATE        STEP         FIRST   
  NO.   NAME      VALUE            ERROR          SIZE      DERIVATIVE 
   1  N0           3.31493e+06   8.12095e+03   1.19983e+02   3.33822e-05
   2  tau          6.43968e+01   constant   
   3  A0           3.65766e-01   1.67894e-02   3.82028e-04  -2.46909e+02
   4  phi          4.02206e+00   1.20358e-02  -2.11680e-04  -1.19646e+02
   5  R           -6.01460e+01   constant   
   6  alpha_CBO   -1.09166e-02   9.38006e-03  -2.08128e-04  -1.85448e+02
   7  w_CBO        2.32500e+00   constant   
   8  beta_CBO     0.00000e+00     fixed    
   9  alpha_2CBO   0.00000e+00     fixed    
  10  beta_2CBO   -1.91548e-03   3.12575e-03   4.11540e-05   1.23099e+02
  11  alpha_y      0.00000e+00     fixed    
  12  w_y          1.44500e+01   constant   
  13  beta_y       6.17013e-03   1.43080e-04  -1.21172e-07  -1.37514e+00
  14  alpha_vw     0.00000e+00     fixed    
  15  w_vw         1.29000e+01   constant   
  16  beta_vw      0.00000e+00     fixed    
  17  LM          -1.51189e-04   constant   
  18  zeta_y       0.00000e+00   constant   
  19  zeta_vw      0.00000e+00   constant   
  20  T_CBO        2.68810e+02   1.19202e+02   5.16452e-03   2.23790e+00
  21  alpha_A0    -1.59176e-02   2.34427e-02   4.97818e-04   7.73225e+01
  22  beta_A0     -2.64374e-01   2.31428e-02  -4.13205e-04   2.93810e+01
  23  alpha_phi   -2.04790e-01   1.58596e-02  -2.83161e-04   4.02892e+01
  24  beta_phi     6.87620e-02   5.30837e-02  -9.08055e-04   6.13890e+00
 EXTERNAL ERROR MATRIX.    NDIM=  25    NPAR= 11    ERR DEF=1
  6.595e+07 
  1.064e+02  2.819e-04 
 -7.559e+01 -1.112e-04  1.449e-04 
 -6.176e+01 -1.569e-04  6.865e-05  8.799e-05 
  1.333e+01  4.544e-05 -2.977e-06 -2.444e-05  9.770e-06 
 -1.552e-01 -3.467e-07  3.841e-07  2.174e-07 -2.283e-08  2.047e-08 
  8.278e+05  2.002e+00 -8.083e-01 -1.118e+00  3.258e-01 -2.300e-03  1.457e+04 
  1.180e+02  3.696e-04 -6.887e-05 -1.996e-04  7.050e-05 -1.967e-07  2.625e+00  5.496e-04 
 -1.731e+02 -2.700e-04  2.670e-04  1.614e-04 -2.112e-05  6.510e-07 -2.028e+00 -2.366e-04  5.356e-04 
 -1.267e+02 -2.077e-04  1.640e-04  1.209e-04 -2.263e-05  3.566e-07 -1.583e+00 -2.184e-04  3.546e-04  2.515e-04 
 -2.357e+02 -8.033e-04  8.734e-05  4.322e-04 -1.646e-04  4.069e-07 -5.705e+00 -1.228e-03  4.150e-04  4.171e-04  2.818e-03 
ERR MATRIX APPROXIMATE
 PARAMETER  CORRELATION COEFFICIENTS  
       NO.  GLOBAL      1      3      4      6     10     13     20     21     22     23     24
        1  0.99987   1.000  0.781 -0.773 -0.811  0.525 -0.134  0.845  0.620 -0.921 -0.983 -0.547
        3  0.99998   0.781  1.000 -0.550 -0.996  0.866 -0.144  0.988  0.939 -0.695 -0.780 -0.901
        4  0.99986  -0.773 -0.550  1.000  0.608 -0.079  0.223 -0.556 -0.244  0.958  0.859  0.137
        6  0.99992  -0.811 -0.996  0.608  1.000 -0.834  0.162 -0.987 -0.908  0.743  0.813  0.868
       10  0.99914   0.525  0.866 -0.079 -0.834  1.000 -0.051  0.864  0.962 -0.292 -0.456 -0.992
       13  0.34073  -0.134 -0.144  0.223  0.162 -0.051  1.000 -0.133 -0.059  0.197  0.157  0.054
       20  0.99924   0.845  0.988 -0.556 -0.987  0.864 -0.133  1.000  0.928 -0.726 -0.827 -0.890
       21  0.99986   0.620  0.939 -0.244 -0.908  0.962 -0.059  0.928  1.000 -0.436 -0.587 -0.987
       22  0.99992  -0.921 -0.695  0.958  0.743 -0.292  0.197 -0.726 -0.436  1.000  0.966  0.338
       23  0.99979  -0.983 -0.780  0.859  0.813 -0.456  0.157 -0.827 -0.587  0.966  1.000  0.495
       24  0.99993  -0.547 -0.901  0.137  0.868 -0.992  0.054 -0.890 -0.987  0.338  0.495  1.000
 ERR MATRIX APPROXIMATE
MINUIT - FIT ONLY 2-CBO
 **********
 **   25 **RES 
 **********
                   PARAMETER   16  beta_vw RESTORED TO VARIABLE.
                   PARAMETER   14  alpha_vw RESTORED TO VARIABLE.
                   PARAMETER   11  alpha_y RESTORED TO VARIABLE.
                   PARAMETER    9  alpha_2CBO RESTORED TO VARIABLE.
                   PARAMETER    8  beta_CBO RESTORED TO VARIABLE.
 **********
 **   26 **FIX            0
 **********
 PARAMETER    0  IS UNDEFINED. IGNORED.
 **********
 **   27 **FIX            1
 **********
 **********
 **   28 **FIX            2
 **********
 PARAMETER    2  IS CONSTANT.   IGNORED.
 **********
 **   29 **FIX            3
 **********
 **********
 **   30 **FIX            4
 **********
 **********
 **   31 **FIX            5
 **********
 PARAMETER    5  IS CONSTANT.   IGNORED.
 **********
 **   32 **FIX            6
 **********
 **********
 **   33 **FIX            7
 **********
 PARAMETER    7  IS CONSTANT.   IGNORED.
 **********
 **   34 **FIX           10
 **********
 **********
 **   35 **FIX           11
 **********
 **********
 **   36 **FIX           12
 **********
 PARAMETER   12  IS CONSTANT.   IGNORED.
 **********
 **   37 **FIX           13
 **********
 **********
 **   38 **FIX           14
 **********
 **********
 **   39 **FIX           15
 **********
 PARAMETER   15  IS CONSTANT.   IGNORED.
 **********
 **   40 **FIX           16
 **********
 **********
 **   41 **MIGRAD
 **********
 START MIGRAD MINIMIZATION.  STRATEGY  1.  CONVERGENCE WHEN EDM .LT. 1.00e-04
 FCN=968.707 FROM MIGRAD    STATUS=INITIATE       18 CALLS        3266 TOTAL
                     EDM= unknown      STRATEGY= 1      NO ERROR MATRIX       
  EXT PARAMETER               CURRENT GUESS       STEP         FIRST   
  NO.   NAME      VALUE            ERROR          SIZE      DERIVATIVE 
   1  N0           3.31493e+06     fixed    
   2  tau          6.43968e+01   constant   
   3  A0           3.65766e-01     fixed    
   4  phi          4.02206e+00     fixed    
   5  R           -6.01460e+01   constant   
   6  alpha_CBO   -1.09166e-02     fixed    
   7  w_CBO        2.32500e+00   constant   
   8  beta_CBO     0.00000e+00   1.00000e-03   1.00000e-03  -3.53458e+02
   9  alpha_2CBO   0.00000e+00   1.00000e-03   1.00000e-03   1.63831e+03
  10  beta_2CBO   -1.91548e-03     fixed    
  11  alpha_y      0.00000e+00     fixed    
  12  w_y          1.44500e+01   constant   
  13  beta_y       6.17013e-03     fixed    
  14  alpha_vw     0.00000e+00     fixed    
  15  w_vw         1.29000e+01   constant   
  16  beta_vw      0.00000e+00     fixed    
  17  LM          -1.51189e-04   constant   
  18  zeta_y       0.00000e+00   constant   
  19  zeta_vw      0.00000e+00   constant   
  20  T_CBO        2.68810e+02   1.19202e+02   5.16452e-03  -2.23788e+00
  21  alpha_A0    -1.59176e-02   2.34427e-02   4.97818e-04   7.73225e+01
  22  beta_A0     -2.64374e-01   2.31428e-02  -4.13205e-04   2.93810e+01
  23  alpha_phi   -2.04790e-01   1.58596e-02  -2.83161e-04   4.02892e+01
  24  beta_phi     6.87620e-02   5.30837e-02  -9.08055e-04   6.13890e+00
 MIGRAD MINIMIZATION HAS CONVERGED.
 MIGRAD WILL VERIFY CONVERGENCE AND ERROR MATRIX.
 COVARIANCE MATRIX CALCULATED SUCCESSFULLY
 FCN=968.644 FROM HESSE     STATUS=OK             50 CALLS        3414 TOTAL
                     EDM=0.000125214    STRATEGY= 1      ERROR MATRIX ACCURATE 
  EXT PARAMETER                                   STEP         FIRST   
  NO.   NAME      VALUE            ERROR          SIZE      DERIVATIVE 
   1  N0           3.31493e+06     fixed    
   2  tau          6.43968e+01   constant   
   3  A0           3.65766e-01     fixed    
   4  phi          4.02206e+00     fixed    
   5  R           -6.01460e+01   constant   
   6  alpha_CBO   -1.09166e-02     fixed    
   7  w_CBO        2.32500e+00   constant   
   8  beta_CBO     2.13017e-06   2.84672e-04   2.04229e-06   5.41211e-02
   9  alpha_2CBO  -7.87843e-05   3.16334e-04   2.07561e-06  -1.80520e-01
  10  beta_2CBO   -1.91548e-03     fixed    
  11  alpha_y      0.00000e+00     fixed    
  12  w_y          1.44500e+01   constant   
  13  beta_y       6.17013e-03     fixed    
  14  alpha_vw     0.00000e+00     fixed    
  15  w_vw         1.29000e+01   constant   
  16  beta_vw      0.00000e+00     fixed    
  17  LM          -1.51189e-04   constant   
  18  zeta_y       0.00000e+00   constant   
  19  zeta_vw      0.00000e+00   constant   
  20  T_CBO        2.68774e+02   2.16708e+02   1.62479e-04   2.50485e-02
  21  alpha_A0    -1.59388e-02   9.83744e-04   8.58566e-06  -4.38213e-02
  22  beta_A0     -2.64542e-01   1.97882e-02   7.90610e-06   3.65495e-01
  23  alpha_phi   -2.04544e-01   1.54593e-02   8.76693e-06   1.46425e-01
  24  beta_phi     6.86385e-02   5.25723e-03   1.24485e-05  -2.59609e-02
 CALL LIMIT EXCEEDED IN MIGRAD.
 MIGRAD TERMINATED WITHOUT CONVERGENCE.
 FCN=968.631 FROM MIGRAD    STATUS=CALL LIMIT   1146 CALLS        4394 TOTAL
                     EDM=0.000952691    STRATEGY= 1  ERROR MATRIX UNCERTAINTY  19.4 per cent
  EXT PARAMETER                APPROXIMATE        STEP         FIRST   
  NO.   NAME      VALUE            ERROR          SIZE      DERIVATIVE 
   1  N0           3.31493e+06     fixed    
   2  tau          6.43968e+01   constant   
   3  A0           3.65766e-01     fixed    
   4  phi          4.02206e+00     fixed    
   5  R           -6.01460e+01   constant   
   6  alpha_CBO   -1.09166e-02     fixed    
   7  w_CBO        2.32500e+00   constant   
   8  beta_CBO    -4.09687e-05   3.48840e-04  -4.54206e-06   6.33575e+01
   9  alpha_2CBO  -6.87859e-05   3.15015e-04  -3.92057e-07   5.18377e+00
  10  beta_2CBO   -1.91548e-03     fixed    
  11  alpha_y      0.00000e+00     fixed    
  12  w_y          1.44500e+01   constant   
  13  beta_y       6.17013e-03     fixed    
  14  alpha_vw     0.00000e+00     fixed    
  15  w_vw         1.29000e+01   constant   
  16  beta_vw      0.00000e+00     fixed    
  17  LM          -1.51189e-04   constant   
  18  zeta_y       0.00000e+00   constant   
  19  zeta_vw      0.00000e+00   constant   
  20  T_CBO        1.76472e+02   1.40945e+02  -5.39796e-03   7.94809e-01
  21  alpha_A0    -1.63000e-02   1.43500e-03  -2.08463e-05  -2.49206e-01
  22  beta_A0     -2.77106e-01   3.07835e-02  -4.52703e-04  -8.60683e+00
  23  alpha_phi   -2.14340e-01   2.31884e-02  -3.34277e-04   2.97788e+00
  24  beta_phi     7.17330e-02   9.07545e-03   1.41820e-04   1.18108e+01
 EXTERNAL ERROR MATRIX.    NDIM=  25    NPAR=  7    ERR DEF=1
  1.217e-07  6.278e-09  3.428e-02  3.831e-07  7.456e-06  5.477e-06 -2.466e-06 
  6.278e-09  9.923e-08  1.434e-03  2.927e-08  5.148e-07 -8.422e-08  5.086e-08 
  3.428e-02  1.434e-03  2.084e+04  1.771e-01  4.441e+00  3.343e+00 -1.288e+00 
  3.831e-07  2.927e-08  1.771e-01  2.059e-06  3.798e-05  2.813e-05 -1.151e-05 
  7.456e-06  5.148e-07  4.441e+00  3.798e-05  9.476e-04  7.117e-04 -2.751e-04 
  5.477e-06 -8.422e-08  3.343e+00  2.813e-05  7.117e-04  5.377e-04 -2.070e-04 
 -2.466e-06  5.086e-08 -1.288e+00 -1.151e-05 -2.751e-04 -2.070e-04  8.236e-05 
ERR MATRIX APPROXIMATE
 PARAMETER  CORRELATION COEFFICIENTS  
       NO.  GLOBAL      8      9     20     21     22     23     24
        8  0.93351   1.000  0.057  0.681  0.765  0.694  0.677 -0.779
        9  0.90104   0.057  1.000  0.032  0.065  0.053 -0.012  0.018
       20  0.99974   0.681  0.032  1.000  0.855  0.999  0.998 -0.983
       21  0.91370   0.765  0.065  0.855  1.000  0.860  0.845 -0.883
       22  0.99975   0.694  0.053  0.999  0.860  1.000  0.997 -0.985
       23  0.99954   0.677 -0.012  0.998  0.845  0.997  1.000 -0.984
       24  0.99633  -0.779  0.018 -0.983 -0.883 -0.985 -0.984  1.000
 ERR MATRIX APPROXIMATE
MINUIT - FIT wiggle + 1-CBO + 2-CBO
 **********
 **   42 **RES 
 **********
                   PARAMETER   16  beta_vw RESTORED TO VARIABLE.
                   PARAMETER   14  alpha_vw RESTORED TO VARIABLE.
                   PARAMETER   13  beta_y RESTORED TO VARIABLE.
                   PARAMETER   11  alpha_y RESTORED TO VARIABLE.
                   PARAMETER   10  beta_2CBO RESTORED TO VARIABLE.
                   PARAMETER    6  alpha_CBO RESTORED TO VARIABLE.
                   PARAMETER    4  phi RESTORED TO VARIABLE.
                   PARAMETER    3  A0 RESTORED TO VARIABLE.
                   PARAMETER    1  N0 RESTORED TO VARIABLE.
 **********
 **   43 **FIX           10
 **********
 **********
 **   44 **FIX           11
 **********
 **********
 **   45 **FIX           12
 **********
 PARAMETER   12  IS CONSTANT.   IGNORED.
 **********
 **   46 **FIX           13
 **********
 **********
 **   47 **FIX           14
 **********
 **********
 **   48 **FIX           15
 **********
 PARAMETER   15  IS CONSTANT.   IGNORED.
 **********
 **   49 **FIX           16
 **********
 **********
 **   50 **MIGRAD
 **********
 START MIGRAD MINIMIZATION.  STRATEGY  1.  CONVERGENCE WHEN EDM .LT. 1.00e-04
 FCN=968.631 FROM MIGRAD    STATUS=INITIATE       22 CALLS        4416 TOTAL
                     EDM= unknown      STRATEGY= 1      NO ERROR MATRIX       
  EXT PARAMETER               CURRENT GUESS       STEP         FIRST   
  NO.   NAME      VALUE            ERROR          SIZE      DERIVATIVE 
   1  N0           3.31493e+06   8.12095e+03   8.12095e+03   6.53622e-05
   2  tau          6.43968e+01   constant   
   3  A0           3.65766e-01   1.67894e-02   1.67894e-02   5.18538e+02
   4  phi          4.02206e+00   1.20358e-02   1.20358e-02  -3.74022e+01
   5  R           -6.01460e+01   constant   
   6  alpha_CBO   -1.09166e-02   9.38006e-03   9.38006e-03   9.95449e+02
   7  w_CBO        2.32500e+00   constant   
   8  beta_CBO    -4.09687e-05   3.48840e-04  -4.54206e-06   6.33575e+01
   9  alpha_2CBO  -6.87859e-05   3.15015e-04  -3.92057e-07   5.18376e+00
  10  beta_2CBO   -1.91548e-03     fixed    
  11  alpha_y      0.00000e+00     fixed    
  12  w_y          1.44500e+01   constant   
  13  beta_y       6.17013e-03     fixed    
  14  alpha_vw     0.00000e+00     fixed    
  15  w_vw         1.29000e+01   constant   
  16  beta_vw      0.00000e+00     fixed    
  17  LM          -1.51189e-04   constant   
  18  zeta_y       0.00000e+00   constant   
  19  zeta_vw      0.00000e+00   constant   
  20  T_CBO        1.76472e+02   1.40945e+02  -5.39796e-03   7.94837e-01
  21  alpha_A0    -1.63000e-02   1.43500e-03  -2.08463e-05  -2.49208e-01
  22  beta_A0     -2.77106e-01   3.07835e-02  -4.52703e-04  -8.60683e+00
  23  alpha_phi   -2.14340e-01   2.31884e-02  -3.34277e-04   2.97788e+00
  24  beta_phi     7.17330e-02   9.07545e-03   1.41820e-04   1.18108e+01
 CALL LIMIT EXCEEDED IN MIGRAD.
 MIGRAD TERMINATED WITHOUT CONVERGENCE.
 FCN=955.709 FROM MIGRAD    STATUS=CALL LIMIT   1925 CALLS        6319 TOTAL
                     EDM=0.00133651    STRATEGY= 1  ERROR MATRIX UNCERTAINTY   3.3 per cent
  EXT PARAMETER                APPROXIMATE        STEP         FIRST   
  NO.   NAME      VALUE            ERROR          SIZE      DERIVATIVE 
   1  N0           3.23789e+06   7.38780e+03  -3.27008e+01  -6.84726e-04
   2  tau          6.43968e+01   constant   
   3  A0           3.63015e-01   4.65804e-03  -1.24163e-05  -2.55413e+02
   4  phi          4.02977e+00   1.79414e-02  -5.10329e-04   4.46372e+02
   5  R           -6.01460e+01   constant   
   6  alpha_CBO   -2.58812e-02   3.88120e-03  -2.87639e-05  -4.06848e+02
   7  w_CBO        2.32500e+00   constant   
   8  beta_CBO    -1.06893e-02   5.02186e-03   9.55837e-05   8.18573e+02
   9  alpha_2CBO  -1.76701e-02   4.02300e-03  -2.78285e-05   8.79068e+02
  10  beta_2CBO   -1.91548e-03     fixed    
  11  alpha_y      0.00000e+00     fixed    
  12  w_y          1.44500e+01   constant   
  13  beta_y       6.17013e-03     fixed    
  14  alpha_vw     0.00000e+00     fixed    
  15  w_vw         1.29000e+01   constant   
  16  beta_vw      0.00000e+00     fixed    
  17  LM          -1.51189e-04   constant   
  18  zeta_y       0.00000e+00   constant   
  19  zeta_vw      0.00000e+00   constant   
  20  T_CBO        7.49341e+01   1.40921e+01   6.28451e-04   1.25770e+02
  21  alpha_A0    -2.06155e-01   3.58616e-02  -5.81450e-04   5.15818e+00
  22  beta_A0     -3.53706e-01   1.83246e-02  -1.95858e-04  -3.20038e+02
  23  alpha_phi   -4.38582e-03   2.80945e-02  -1.73996e-06  -1.96888e+02
  24  beta_phi     2.22552e-01   2.82396e-02   4.38991e-04  -5.09218e+00
 EXTERNAL ERROR MATRIX.    NDIM=  25    NPAR= 11    ERR DEF=1
  5.458e+07 
  2.280e+01  2.170e-05 
  1.764e+01  1.426e-05  3.219e-04 
 -1.579e+01 -1.248e-05  5.764e-06  1.506e-05 
 -1.525e+01 -1.003e-05 -7.019e-05  1.031e-05  2.522e-05 
 -4.672e+00 -3.758e-07  5.504e-06  1.124e-05  1.000e-05  1.618e-05 
  6.656e+04  2.749e-02 -7.624e-02 -4.812e-02 -2.350e-02 -4.430e-02  1.988e+02 
  1.281e+02  1.009e-04  3.028e-04  1.678e-05 -3.129e-05  9.762e-05 -1.506e-01  1.286e-03 
 -1.715e+01 -6.946e-07  6.839e-05  5.161e-05  3.540e-05  7.295e-05 -2.072e-01  4.776e-04  3.358e-04 
 -3.543e+01 -2.003e-05  8.857e-05 -5.394e-05 -8.096e-05 -1.018e-04  1.765e-01 -7.003e-04 -4.448e-04  7.893e-04 
 -1.071e+02 -8.289e-05 -2.310e-04 -9.162e-06  2.570e-05 -7.429e-05  1.034e-01 -1.010e-03 -3.639e-04  5.454e-04  7.975e-04 
ERR MATRIX APPROXIMATE
 PARAMETER  CORRELATION COEFFICIENTS  
       NO.  GLOBAL      1      3      4      6      8      9     20     21     22     23     24
        1  0.99999   1.000  0.663  0.133 -0.551 -0.411 -0.157  0.639  0.484 -0.127 -0.171 -0.513
        3  0.99982   0.663  1.000  0.171 -0.690 -0.429 -0.020  0.419  0.604 -0.008 -0.153 -0.630
        4  0.99999   0.133  0.171  1.000  0.083 -0.779  0.076 -0.301  0.471  0.208  0.176 -0.456
        6  0.99987  -0.551 -0.690  0.083  1.000  0.529  0.720 -0.879  0.121  0.726 -0.495 -0.084
        8  0.99998  -0.411 -0.429 -0.779  0.529  1.000  0.495 -0.332 -0.174  0.385 -0.574  0.181
        9  0.99997  -0.157 -0.020  0.076  0.720  0.495  1.000 -0.781  0.677  0.989 -0.900 -0.654
       20  0.99999   0.639  0.419 -0.301 -0.879 -0.332 -0.781  1.000 -0.298 -0.802  0.446  0.260
       21  0.99972   0.484  0.604  0.471  0.121 -0.174  0.677 -0.298  1.000  0.727 -0.695 -0.998
       22  0.99999  -0.127 -0.008  0.208  0.726  0.385  0.989 -0.802  0.727  1.000 -0.864 -0.703
       23  0.99999  -0.171 -0.153  0.176 -0.495 -0.574 -0.900  0.446 -0.695 -0.864  1.000  0.687
       24  0.99943  -0.513 -0.630 -0.456 -0.084  0.181 -0.654  0.260 -0.998 -0.703  0.687  1.000
 ERR MATRIX APPROXIMATE
MINUIT - FIT ONLY 1-y
 **********
 **   51 **RES 
 **********
                   PARAMETER   16  beta_vw RESTORED TO VARIABLE.
                   PARAMETER   14  alpha_vw RESTORED TO VARIABLE.
                   PARAMETER   13  beta_y RESTORED TO VARIABLE.
                   PARAMETER   11  alpha_y RESTORED TO VARIABLE.
                   PARAMETER   10  beta_2CBO RESTORED TO VARIABLE.
 **********
 **   52 **FIX            0
 **********
 PARAMETER    0  IS UNDEFINED. IGNORED.
 **********
 **   53 **FIX            1
 **********
 **********
 **   54 **FIX            2
 **********
 PARAMETER    2  IS CONSTANT.   IGNORED.
 **********
 **   55 **FIX            3
 **********
 **********
 **   56 **FIX            4
 **********
 **********
 **   57 **FIX            5
 **********
 PARAMETER    5  IS CONSTANT.   IGNORED.
 **********
 **   58 **FIX            6
 **********
 **********
 **   59 **FIX            7
 **********
 PARAMETER    7  IS CONSTANT.   IGNORED.
 **********
 **   60 **FIX            8
 **********
 **********
 **   61 **FIX            9
 **********
 **********
 **   62 **FIX           13
 **********
 **********
 **   63 **FIX           14
 **********
 **********
 **   64 **FIX           15
 **********
 PARAMETER   15  IS CONSTANT.   IGNORED.
 **********
 **   65 **FIX           16
 **********
 **********
 **   66 **MIGRAD
 **********
 START MIGRAD MINIMIZATION.  STRATEGY  1.  CONVERGENCE WHEN EDM .LT. 1.00e-04
 FCN=955.709 FROM MIGRAD    STATUS=INITIATE       16 CALLS        6335 TOTAL
                     EDM= unknown      STRATEGY= 1      NO ERROR MATRIX       
  EXT PARAMETER               CURRENT GUESS       STEP         FIRST   
  NO.   NAME      VALUE            ERROR          SIZE      DERIVATIVE 
   1  N0           3.23789e+06     fixed    
   2  tau          6.43968e+01   constant   
   3  A0           3.63015e-01     fixed    
   4  phi          4.02977e+00     fixed    
   5  R           -6.01460e+01   constant   
   6  alpha_CBO   -2.58812e-02     fixed    
   7  w_CBO        2.32500e+00   constant   
   8  beta_CBO    -1.06893e-02     fixed    
   9  alpha_2CBO  -1.76701e-02     fixed    
  10  beta_2CBO   -1.91548e-03   3.12575e-03   3.12575e-03   2.49892e+03
  11  alpha_y      0.00000e+00   1.00000e-03   1.00000e-03  -4.23336e+05
  12  w_y          1.44500e+01   constant   
  13  beta_y       6.17013e-03     fixed    
  14  alpha_vw     0.00000e+00     fixed    
  15  w_vw         1.29000e+01   constant   
  16  beta_vw      0.00000e+00     fixed    
  17  LM          -1.51189e-04   constant   
  18  zeta_y       0.00000e+00   constant   
  19  zeta_vw      0.00000e+00   constant   
  20  T_CBO        7.49341e+01   1.40921e+01   6.28451e-04   1.25770e+02
  21  alpha_A0    -2.06155e-01   3.58616e-02  -5.81450e-04   5.15818e+00
  22  beta_A0     -3.53706e-01   1.83246e-02  -1.95858e-04  -3.20038e+02
  23  alpha_phi   -4.38582e-03   2.80945e-02  -1.73996e-06  -1.96888e+02
  24  beta_phi     2.22552e-01   2.82396e-02   4.38991e-04  -5.09217e+00
 CALL LIMIT EXCEEDED IN MIGRAD.
 MIGRAD TERMINATED WITHOUT CONVERGENCE.
 FCN=39.6513 FROM MIGRAD    STATUS=CALL LIMIT   1153 CALLS        7472 TOTAL
                     EDM=0.429958    STRATEGY= 1  ERROR MATRIX UNCERTAINTY  24.6 per cent
  EXT PARAMETER                APPROXIMATE        STEP         FIRST   
  NO.   NAME      VALUE            ERROR          SIZE      DERIVATIVE 
   1  N0           3.23789e+06     fixed    
   2  tau          6.43968e+01   constant   
   3  A0           3.63015e-01     fixed    
   4  phi          4.02977e+00     fixed    
   5  R           -6.01460e+01   constant   
   6  alpha_CBO   -2.58812e-02     fixed    
   7  w_CBO        2.32500e+00   constant   
   8  beta_CBO    -1.06893e-02     fixed    
   9  alpha_2CBO  -1.76701e-02     fixed    
  10  beta_2CBO   -7.55870e-04   2.40371e-04   2.36292e-05  -6.22043e+02
  11  alpha_y      4.29112e-03   1.42498e-04   1.45067e-05  -1.39767e+03
  12  w_y          1.44500e+01   constant   
  13  beta_y       6.17013e-03     fixed    
  14  alpha_vw     0.00000e+00     fixed    
  15  w_vw         1.29000e+01   constant   
  16  beta_vw      0.00000e+00     fixed    
  17  LM          -1.51189e-04   constant   
  18  zeta_y       0.00000e+00   constant   
  19  zeta_vw      0.00000e+00   constant   
  20  T_CBO        1.93326e+01   9.25968e-01  -3.41169e-03  -2.64964e+03
  21  alpha_A0    -5.00307e-01   2.85916e-02  -1.42456e-02   1.91195e+01
  22  beta_A0     -8.71579e-01   4.83866e-02  -2.41009e-02   3.50438e+02
  23  alpha_phi   -7.03134e-03   1.38751e-03   2.13609e-04   1.97274e+02
  24  beta_phi     5.21510e-01   2.79605e-02   1.39919e-02  -7.22529e-01
 EXTERNAL ERROR MATRIX.    NDIM=  25    NPAR=  7    ERR DEF=1
  5.778e-08  3.517e-09 -6.713e-05 -2.255e-06 -3.311e-06 -2.094e-09  1.533e-06 
  3.517e-09  2.031e-08 -1.431e-05 -4.663e-07 -7.735e-07  6.153e-09  4.222e-07 
 -6.713e-05 -1.431e-05  8.574e-01  2.637e-02  4.477e-02 -2.319e-04 -2.570e-02 
 -2.255e-06 -4.663e-07  2.637e-02  8.175e-04  1.379e-03 -9.258e-06 -7.928e-04 
 -3.311e-06 -7.735e-07  4.477e-02  1.379e-03  2.341e-03 -1.327e-05 -1.347e-03 
 -2.094e-09  6.153e-09 -2.319e-04 -9.258e-06 -1.327e-05  1.925e-06  8.565e-06 
  1.533e-06  4.222e-07 -2.570e-02 -7.928e-04 -1.347e-03  8.565e-06  7.818e-04 
ERR MATRIX APPROXIMATE
 PARAMETER  CORRELATION COEFFICIENTS  
       NO.  GLOBAL     10     11     20     21     22     23     24
       10  0.85155   1.000  0.103 -0.302 -0.328 -0.285 -0.006  0.228
       11  0.20304   0.103  1.000 -0.108 -0.114 -0.112  0.031  0.106
       20  0.99946  -0.302 -0.108  1.000  0.996  0.999 -0.181 -0.993
       21  0.99886  -0.328 -0.114  0.996  1.000  0.997 -0.233 -0.992
       22  0.99968  -0.285 -0.112  0.999  0.997  1.000 -0.198 -0.996
       23  0.69285  -0.006  0.031 -0.181 -0.233 -0.198  1.000  0.221
       24  0.99788   0.228  0.106 -0.993 -0.992 -0.996  0.221  1.000
 ERR MATRIX APPROXIMATE
MINUIT - FIT ONLY 2-y
 **********
 **   67 **RES 
 **********
                   PARAMETER   16  beta_vw RESTORED TO VARIABLE.
                   PARAMETER   14  alpha_vw RESTORED TO VARIABLE.
                   PARAMETER   13  beta_y RESTORED TO VARIABLE.
                   PARAMETER    9  alpha_2CBO RESTORED TO VARIABLE.
                   PARAMETER    8  beta_CBO RESTORED TO VARIABLE.
                   PARAMETER    6  alpha_CBO RESTORED TO VARIABLE.
                   PARAMETER    4  phi RESTORED TO VARIABLE.
                   PARAMETER    3  A0 RESTORED TO VARIABLE.
                   PARAMETER    1  N0 RESTORED TO VARIABLE.
 **********
 **   68 **FIX            0
 **********
 PARAMETER    0  IS UNDEFINED. IGNORED.
 **********
 **   69 **FIX            1
 **********
 **********
 **   70 **FIX            2
 **********
 PARAMETER    2  IS CONSTANT.   IGNORED.
 **********
 **   71 **FIX            3
 **********
 **********
 **   72 **FIX            4
 **********
 **********
 **   73 **FIX            5
 **********
 PARAMETER    5  IS CONSTANT.   IGNORED.
 **********
 **   74 **FIX            6
 **********
 **********
 **   75 **FIX            7
 **********
 PARAMETER    7  IS CONSTANT.   IGNORED.
 **********
 **   76 **FIX            8
 **********
 **********
 **   77 **FIX            9
 **********
 **********
 **   78 **FIX           10
 **********
 **********
 **   79 **FIX           11
 **********
 **********
 **   80 **FIX           12
 **********
 PARAMETER   12  IS CONSTANT.   IGNORED.
 **********
 **   81 **FIX           16
 **********
 **********
 **   82 **MIGRAD
 **********
 START MIGRAD MINIMIZATION.  STRATEGY  1.  CONVERGENCE WHEN EDM .LT. 1.00e-04
 FCN=39.6513 FROM MIGRAD    STATUS=INITIATE       16 CALLS        7488 TOTAL
                     EDM= unknown      STRATEGY= 1      NO ERROR MATRIX       
  EXT PARAMETER               CURRENT GUESS       STEP         FIRST   
  NO.   NAME      VALUE            ERROR          SIZE      DERIVATIVE 
   1  N0           3.23789e+06     fixed    
   2  tau          6.43968e+01   constant   
   3  A0           3.63015e-01     fixed    
   4  phi          4.02977e+00     fixed    
   5  R           -6.01460e+01   constant   
   6  alpha_CBO   -2.58812e-02     fixed    
   7  w_CBO        2.32500e+00   constant   
   8  beta_CBO    -1.06893e-02     fixed    
   9  alpha_2CBO  -1.76701e-02     fixed    
  10  beta_2CBO   -7.55870e-04     fixed    
  11  alpha_y      4.29112e-03     fixed    
  12  w_y          1.44500e+01   constant   
  13  beta_y       6.17013e-03   1.43080e-04   1.43080e-04   7.86828e+03
  14  alpha_vw     0.00000e+00   1.00000e-03   1.00000e-03  -1.09389e+04
  15  w_vw         1.29000e+01   constant   
  16  beta_vw      0.00000e+00     fixed    
  17  LM          -1.51189e-04   constant   
  18  zeta_y       0.00000e+00   constant   
  19  zeta_vw      0.00000e+00   constant   
  20  T_CBO        1.93326e+01   9.25968e-01  -3.41169e-03  -2.64964e+03
  21  alpha_A0    -5.00307e-01   2.85916e-02  -1.42456e-02   1.91195e+01
  22  beta_A0     -8.71579e-01   4.83866e-02  -2.41009e-02   3.50438e+02
  23  alpha_phi   -7.03134e-03   1.38751e-03   2.13609e-04   1.97274e+02
  24  beta_phi     5.21510e-01   2.79605e-02   1.39919e-02  -7.22529e-01
 MIGRAD MINIMIZATION HAS CONVERGED.
 MIGRAD WILL VERIFY CONVERGENCE AND ERROR MATRIX.
 COVARIANCE MATRIX CALCULATED SUCCESSFULLY
 FCN=36.5546 FROM MIGRAD    STATUS=CONVERGED     786 CALLS        8258 TOTAL
                     EDM=1.34309e-06    STRATEGY= 1      ERROR MATRIX ACCURATE 
  EXT PARAMETER                                   STEP         FIRST   
  NO.   NAME      VALUE            ERROR          SIZE      DERIVATIVE 
   1  N0           3.23789e+06     fixed    
   2  tau          6.43968e+01   constant   
   3  A0           3.63015e-01     fixed    
   4  phi          4.02977e+00     fixed    
   5  R           -6.01460e+01   constant   
   6  alpha_CBO   -2.58812e-02     fixed    
   7  w_CBO        2.32500e+00   constant   
   8  beta_CBO    -1.06893e-02     fixed    
   9  alpha_2CBO  -1.76701e-02     fixed    
  10  beta_2CBO   -7.55870e-04     fixed    
  11  alpha_y      4.29112e-03     fixed    
  12  w_y          1.44500e+01   constant   
  13  beta_y       6.13285e-03   1.39415e-04   4.06513e-07  -4.85157e+00
  14  alpha_vw     1.11108e-04   1.35714e-04   4.03606e-07  -2.97333e+00
