 + ++++++++++++++++++++++++++++++++++++++++++++++++++++++++++++++++++++ +
 +                                                                      +
 +           You have chose to blind your fitting according to          +
 +                omega_ref * (1 + (R +/- deltaR) *10^{-6})             +
 +                                                                      +
 + ++++++++++++++++++++++++++++++++++++++++++++++++++++++++++++++++++++ +
In main()...
reading format from /gm2data/zkhechad/run45/envelope/formats/formatB_sBin_constraintOn.txt
pBinTau 	= 0  
pBinPhi 	= 0  
constraintau 	= 1 
includeMopTerm 	= 0    
constrainMop    = 0   
Parameters after format file: pBinTau 0 pBinPhi 0 constraintau 1 includeMopTerm 0 constrainMop 0 c_e_scale 0.000000 
Opening file /gm2data/tbarrett/gm2fr/studies/run23_bunch_corrections/CorrectedFourier_Run3b.root.
reading full fit data from /gm2data/zkhechad/cboTemplates/Run4CBOTemplates/fullFits/noRF/sBin_constraintOn_cE0.0_seed0_noRF_calo20.root
windowBins = 69
fitting sliding window 910 from bin 1046 at 155.914000 to bin 1115 at 166.358000 (69 bins)

Reading data from /gm2data/cornell/histograms/aMethod/histogram_a_noRF.root
 **********
 **    1 **SET PRINTOUT            1
 **********
 **********
 **    2 **SET NOWARNINGS 
 **********
 PARAMETER DEFINITIONS:
    NO.   NAME         VALUE      STEP SIZE      LIMITS
     1 N0           3.28956e+06  1.00000e+02     no limits
     2 tau          6.44008e+01  constant
     3 A0           3.64481e-01  1.00000e-04     no limits
     4 phi          4.11985e+00  1.00000e-02     no limits
     5 R           -6.04681e+01  constant
     6 alpha_CBO    0.00000e+00  1.00000e-03     no limits
     7 w_CBO        2.32500e+00  constant
     8 beta_CBO     0.00000e+00  1.00000e-03     no limits
     9 alpha_2CBO   0.00000e+00  1.00000e-03     no limits
    10 beta_2CBO    0.00000e+00  1.00000e-03     no limits
    11 alpha_y      0.00000e+00  1.00000e-03     no limits
    12 w_y          1.38860e+01  constant
    13 beta_y       0.00000e+00  1.00000e-03     no limits
    14 alpha_vw     0.00000e+00  1.00000e-03     no limits
    15 w_vw         1.43404e+01  constant
    16 beta_vw      0.00000e+00  1.00000e-03     no limits
    17 LM          -2.11005e-04  constant
    18 zeta_y       0.00000e+00  constant
    19 zeta_vw      0.00000e+00  constant
    20 T_CBO        1.00000e+02  1.00000e+00    0.00000e+00  1.00000e+03
    21 alpha_A0     0.00000e+00  1.00000e-03     no limits
    22 beta_A0      0.00000e+00  1.00000e-03     no limits
    23 alpha_phi    0.00000e+00  1.00000e-03     no limits
    24 beta_phi     0.00000e+00  1.00000e-03     no limits
MINUIT - FIT ONLY WIGGLE
 **********
 **    3 **FIX            5
 **********
 PARAMETER    5  IS CONSTANT.   IGNORED.
 **********
 **    4 **FIX            6
 **********
 **********
 **    5 **FIX            7
 **********
 PARAMETER    7  IS CONSTANT.   IGNORED.
 **********
 **    6 **FIX            8
 **********
 **********
 **    7 **FIX            9
 **********
 **********
 **    8 **FIX           10
 **********
 **********
 **    9 **FIX           11
 **********
 **********
 **   10 **FIX           12
 **********
 PARAMETER   12  IS CONSTANT.   IGNORED.
 **********
 **   11 **FIX           13
 **********
 **********
 **   12 **FIX           14
 **********
 **********
 **   13 **FIX           15
 **********
 PARAMETER   15  IS CONSTANT.   IGNORED.
 **********
 **   14 **FIX           16
 **********
 **********
 **   15 **MIGRAD
 **********
 FIRST CALL TO USER FUNCTION AT NEW START POINT, WITH IFLAG=4.
 START MIGRAD MINIMIZATION.  STRATEGY  1.  CONVERGENCE WHEN EDM .LT. 1.00e-04
 FCN=342.424 FROM MIGRAD    STATUS=INITIATE      437 CALLS         438 TOTAL
                     EDM= unknown      STRATEGY= 1      NO ERROR MATRIX       
  EXT PARAMETER               CURRENT GUESS       STEP         FIRST   
  NO.   NAME      VALUE            ERROR          SIZE      DERIVATIVE 
   1  N0           3.28956e+06   1.00000e+02   0.00000e+00   1.72621e-04
   2  tau          6.44008e+01   constant   
   3  A0           3.64481e-01   1.00000e-04   0.00000e+00   1.22779e+04
   4  phi          4.11985e+00   1.00000e-02   0.00000e+00  -1.25720e+04
   5  R           -6.04681e+01   constant   
   6  alpha_CBO    0.00000e+00     fixed    
   7  w_CBO        2.32500e+00   constant   
   8  beta_CBO     0.00000e+00     fixed    
   9  alpha_2CBO   0.00000e+00     fixed    
  10  beta_2CBO    0.00000e+00     fixed    
  11  alpha_y      0.00000e+00     fixed    
  12  w_y          1.38860e+01   constant   
  13  beta_y       0.00000e+00     fixed    
  14  alpha_vw     0.00000e+00     fixed    
  15  w_vw         1.43404e+01   constant   
  16  beta_vw      0.00000e+00     fixed    
  17  LM          -2.11005e-04   constant   
  18  zeta_y       0.00000e+00   constant   
  19  zeta_vw      0.00000e+00   constant   
  20  T_CBO        1.00000e+02   1.00000e+00   0.00000e+00   0.00000e+00
  21  alpha_A0     0.00000e+00   1.00000e-03   0.00000e+00  -2.65126e+02
  22  beta_A0      0.00000e+00   1.00000e-03   0.00000e+00  -1.23572e+03
  23  alpha_phi    0.00000e+00   1.00000e-03   0.00000e+00   1.53346e+03
  24  beta_phi     0.00000e+00   1.00000e-03   0.00000e+00  -6.42320e+02
 CALL LIMIT EXCEEDED IN MIGRAD.
 MIGRAD TERMINATED WITHOUT CONVERGENCE.
 FCN=315.564 FROM MIGRAD    STATUS=CALL LIMIT   1330 CALLS        1331 TOTAL
                     EDM=0.0312851    STRATEGY= 1  ERROR MATRIX UNCERTAINTY   9.2 per cent
  EXT PARAMETER                APPROXIMATE        STEP         FIRST   
  NO.   NAME      VALUE            ERROR          SIZE      DERIVATIVE 
   1  N0           3.28936e+06   4.68478e+02   1.74763e+01  -1.58718e-04
   2  tau          6.44008e+01   constant   
   3  A0           3.64249e-01   1.87539e-04   5.09389e-07  -6.89574e+01
   4  phi          4.12157e+00   5.26564e-04  -2.41275e-06  -1.14288e+01
   5  R           -6.04681e+01   constant   
   6  alpha_CBO    0.00000e+00     fixed    
   7  w_CBO        2.32500e+00   constant   
   8  beta_CBO     0.00000e+00     fixed    
   9  alpha_2CBO   0.00000e+00     fixed    
  10  beta_2CBO    0.00000e+00     fixed    
  11  alpha_y      0.00000e+00     fixed    
  12  w_y          1.38860e+01   constant   
  13  beta_y       0.00000e+00     fixed    
  14  alpha_vw     0.00000e+00     fixed    
  15  w_vw         1.43404e+01   constant   
  16  beta_vw      0.00000e+00     fixed    
  17  LM          -2.11005e-04   constant   
  18  zeta_y       0.00000e+00   constant   
  19  zeta_vw      0.00000e+00   constant   
  20  T_CBO        3.37871e+01   7.39427e+00  -4.02309e-05   6.94962e+00
  21  alpha_A0     3.84622e-02   2.23002e-02  -5.62810e-04   1.15892e+00
  22  beta_A0      2.17693e-01   2.11937e-01   4.69452e-03  -1.06339e-01
  23  alpha_phi   -2.16150e-01   2.40522e-01  -6.54653e-03  -8.39477e-01
  24  beta_phi     1.04065e-01   1.15375e-01   3.33990e-03  -3.92464e-01
 EXTERNAL ERROR MATRIX.    NDIM=  25    NPAR=  8    ERR DEF=1
  2.195e+05  3.058e-03 -4.352e-02  5.208e+01 -1.480e+00  1.332e+00 -3.704e+00  2.295e+00 
  3.058e-03  3.517e-08  4.240e-10  8.516e-05 -1.114e-08 -2.606e-06  3.046e-06 -1.669e-06 
 -4.352e-02  4.240e-10  2.773e-07  7.902e-05  1.321e-07 -3.735e-06  4.795e-06 -2.518e-06 
  5.208e+01  8.516e-05  7.902e-05  5.471e+01 -1.374e-01 -1.528e+00  1.713e+00 -8.168e-01 
 -1.480e+00 -1.114e-08  1.321e-07 -1.374e-01  4.973e-04  3.664e-03 -3.908e-03  1.824e-03 
  1.332e+00 -2.606e-06 -3.735e-06 -1.528e+00  3.664e-03  4.492e-02 -5.082e-02  2.431e-02 
 -3.704e+00  3.046e-06  4.795e-06  1.713e+00 -3.908e-03 -5.082e-02  5.785e-02 -2.772e-02 
  2.295e+00 -1.669e-06 -2.518e-06 -8.168e-01  1.824e-03  2.431e-02 -2.772e-02  1.331e-02 
ERR MATRIX APPROXIMATE
 PARAMETER  CORRELATION COEFFICIENTS  
       NO.  GLOBAL      1      3      4     20     21     22     23     24
        1  0.31785   1.000  0.035 -0.176  0.015 -0.142  0.013 -0.033  0.042
        3  0.25477   0.035  1.000  0.004  0.061 -0.003 -0.066  0.068 -0.077
        4  0.18729  -0.176  0.004  1.000  0.020  0.011 -0.033  0.038 -0.041
       20  0.98270   0.015  0.061  0.020  1.000 -0.833 -0.975  0.963 -0.957
       21  0.97163  -0.142 -0.003  0.011 -0.833  1.000  0.775 -0.729  0.709
       22  0.99959   0.013 -0.066 -0.033 -0.975  0.775  1.000 -0.997  0.994
       23  0.99970  -0.033  0.068  0.038  0.963 -0.729 -0.997  1.000 -0.999
       24  0.99935   0.042 -0.077 -0.041 -0.957  0.709  0.994 -0.999  1.000
 ERR MATRIX APPROXIMATE
MINUIT - FIT ONLY 1-CBO + wiggle
 **********
 **   16 **RES 
 **********
                   PARAMETER   16  beta_vw RESTORED TO VARIABLE.
                   PARAMETER   14  alpha_vw RESTORED TO VARIABLE.
                   PARAMETER   13  beta_y RESTORED TO VARIABLE.
                   PARAMETER   11  alpha_y RESTORED TO VARIABLE.
                   PARAMETER   10  beta_2CBO RESTORED TO VARIABLE.
                   PARAMETER    9  alpha_2CBO RESTORED TO VARIABLE.
                   PARAMETER    8  beta_CBO RESTORED TO VARIABLE.
                   PARAMETER    6  alpha_CBO RESTORED TO VARIABLE.
 **********
 **   17 **FIX            8
 **********
 **********
 **   18 **FIX            9
 **********
 **********
 **   19 **FIX           11
 **********
 **********
 **   20 **FIX           12
 **********
 PARAMETER   12  IS CONSTANT.   IGNORED.
 **********
 **   21 **FIX           14
 **********
 **********
 **   22 **FIX           15
 **********
 PARAMETER   15  IS CONSTANT.   IGNORED.
 **********
 **   23 **FIX           16
 **********
 **********
 **   24 **MIGRAD
 **********
 START MIGRAD MINIMIZATION.  STRATEGY  1.  CONVERGENCE WHEN EDM .LT. 1.00e-04
 FCN=315.564 FROM MIGRAD    STATUS=INITIATE       28 CALLS        1359 TOTAL
                     EDM= unknown      STRATEGY= 1      NO ERROR MATRIX       
  EXT PARAMETER               CURRENT GUESS       STEP         FIRST   
  NO.   NAME      VALUE            ERROR          SIZE      DERIVATIVE 
   1  N0           3.28936e+06   4.68478e+02   1.74763e+01  -1.58718e-04
   2  tau          6.44008e+01   constant   
   3  A0           3.64249e-01   1.87539e-04   5.09389e-07  -6.89574e+01
   4  phi          4.12157e+00   5.26564e-04  -2.41275e-06  -1.14288e+01
   5  R           -6.04681e+01   constant   
   6  alpha_CBO    0.00000e+00   1.00000e-03   1.00000e-03  -9.16374e+04
   7  w_CBO        2.32500e+00   constant   
   8  beta_CBO     0.00000e+00     fixed    
   9  alpha_2CBO   0.00000e+00     fixed    
  10  beta_2CBO    0.00000e+00   1.00000e-03   1.00000e-03  -1.61594e+04
  11  alpha_y      0.00000e+00     fixed    
  12  w_y          1.38860e+01   constant   
  13  beta_y       0.00000e+00   1.00000e-03   1.00000e-03  -1.44706e+04
  14  alpha_vw     0.00000e+00     fixed    
  15  w_vw         1.43404e+01   constant   
  16  beta_vw      0.00000e+00     fixed    
  17  LM          -2.11005e-04   constant   
  18  zeta_y       0.00000e+00   constant   
  19  zeta_vw      0.00000e+00   constant   
  20  T_CBO        3.37871e+01   7.39427e+00  -4.02309e-05   6.94953e+00
  21  alpha_A0     3.84622e-02   2.23002e-02  -5.62810e-04   1.15892e+00
  22  beta_A0      2.17693e-01   2.11937e-01   4.69452e-03  -1.06339e-01
  23  alpha_phi   -2.16150e-01   2.40522e-01  -6.54653e-03  -8.39477e-01
  24  beta_phi     1.04065e-01   1.15375e-01   3.33990e-03  -3.92464e-01
 CALL LIMIT EXCEEDED IN MIGRAD.
 MIGRAD TERMINATED WITHOUT CONVERGENCE.
 FCN=213.08 FROM MIGRAD    STATUS=CALL LIMIT   1913 CALLS        3244 TOTAL
                     EDM=0.0149097    STRATEGY= 1  ERROR MATRIX UNCERTAINTY  20.5 per cent
  EXT PARAMETER                APPROXIMATE        STEP         FIRST   
  NO.   NAME      VALUE            ERROR          SIZE      DERIVATIVE 
   1  N0           3.28914e+06   4.80878e+02   1.01088e+00   2.84701e-05
   2  tau          6.44008e+01   constant   
   3  A0           3.63897e-01   1.91485e-04  -1.19239e-07  -2.85272e+02
   4  phi          4.12104e+00   5.31886e-04   2.80860e-06  -2.86325e+01
   5  R           -6.04681e+01   constant   
   6  alpha_CBO    2.10348e-03   2.01552e-04   6.21229e-08  -2.53852e+02
   7  w_CBO        2.32500e+00   constant   
   8  beta_CBO     0.00000e+00     fixed    
   9  alpha_2CBO   0.00000e+00     fixed    
  10  beta_2CBO    3.45020e-04   2.00203e-04   1.82321e-06  -3.43560e+01
  11  alpha_y      0.00000e+00     fixed    
  12  w_y          1.38860e+01   constant   
  13  beta_y       2.76811e-04   2.00900e-04   1.59108e-07   6.89791e+01
  14  alpha_vw     0.00000e+00     fixed    
  15  w_vw         1.43404e+01   constant   
  16  beta_vw      0.00000e+00     fixed    
  17  LM          -2.11005e-04   constant   
  18  zeta_y       0.00000e+00   constant   
  19  zeta_vw      0.00000e+00   constant   
  20  T_CBO        1.27859e+01   1.73420e+00  -1.57337e-03  -7.02602e+01
  21  alpha_A0    -3.75401e+02   5.38741e+02  -5.30667e+01   1.29447e-03
  22  beta_A0      5.31593e+02   7.60634e+02   7.49245e+01  -7.13113e-04
  23  alpha_phi   -2.28504e+02   3.28246e+02  -3.23320e+01   2.58588e-04
  24  beta_phi     2.85995e+02   4.09308e+02   4.03178e+01   5.36773e-04
 EXTERNAL ERROR MATRIX.    NDIM=  25    NPAR= 11    ERR DEF=1
  2.312e+05 
  2.350e-03  3.667e-08 
 -4.073e-02  1.273e-09  2.829e-07 
 -5.769e-03 -6.907e-09 -1.754e-08  4.062e-08 
  2.404e-03 -7.517e-11  2.639e-09  3.238e-11  4.008e-08 
  1.118e-03  1.269e-09  1.613e-10  5.437e-10 -6.921e-11  4.036e-08 
  1.216e+01  8.723e-06 -1.568e-05  4.044e-05 -1.854e-05 -9.510e-06  3.008e+00 
 -8.599e+02  6.191e-03 -3.689e-03  1.460e-02 -4.803e-03 -3.653e-03  9.296e+02  2.902e+05 
  1.199e+03 -8.737e-03  5.217e-03 -2.062e-02  6.778e-03  5.156e-03 -1.312e+03 -4.098e+05  5.786e+05 
 -5.230e+02  3.769e-03 -2.245e-03  8.901e-03 -2.926e-03 -2.226e-03  5.664e+02  1.768e+05 -2.497e+05  1.077e+05 
  6.569e+02 -4.706e-03  2.806e-03 -1.109e-02  3.647e-03  2.774e-03 -7.062e+02 -2.205e+05  3.113e+05 -1.344e+05  1.675e+05 
ERR MATRIX APPROXIMATE
 PARAMETER  CORRELATION COEFFICIENTS  
       NO.  GLOBAL      1      3      4      6     10     13     20     21     22     23     24
        1  0.33221   1.000  0.026 -0.159 -0.060  0.025  0.012  0.015 -0.003  0.003 -0.003  0.003
        3  0.47458   0.026  1.000  0.013 -0.179 -0.002  0.033  0.026  0.060 -0.060  0.060 -0.060
        4  0.26080  -0.159  0.013  1.000 -0.164  0.025  0.002 -0.017 -0.013  0.013 -0.013  0.013
        6  0.42180  -0.060 -0.179 -0.164  1.000  0.001  0.013  0.116  0.134 -0.134  0.135 -0.134
       10  0.17908   0.025 -0.002  0.025  0.001  1.000 -0.002 -0.053 -0.045  0.045 -0.045  0.045
       13  0.11237   0.012  0.033  0.002  0.013 -0.002  1.000 -0.027 -0.034  0.034 -0.034  0.034
       20  0.99617   0.015  0.026 -0.017  0.116 -0.053 -0.027  1.000  0.995 -0.995  0.995 -0.995
       21  1.00000  -0.003  0.060 -0.013  0.134 -0.045 -0.034  0.995  1.000 -1.000  1.000 -1.000
       22  1.00000   0.003 -0.060  0.013 -0.134  0.045  0.034 -0.995 -1.000  1.000 -1.000  1.000
       23  1.00000  -0.003  0.060 -0.013  0.135 -0.045 -0.034  0.995  1.000 -1.000  1.000 -1.000
       24  1.00000   0.003 -0.060  0.013 -0.134  0.045  0.034 -0.995 -1.000  1.000 -1.000  1.000
 ERR MATRIX APPROXIMATE
MINUIT - FIT ONLY 2-CBO
 **********
 **   25 **RES 
 **********
                   PARAMETER   16  beta_vw RESTORED TO VARIABLE.
                   PARAMETER   14  alpha_vw RESTORED TO VARIABLE.
                   PARAMETER   11  alpha_y RESTORED TO VARIABLE.
                   PARAMETER    9  alpha_2CBO RESTORED TO VARIABLE.
                   PARAMETER    8  beta_CBO RESTORED TO VARIABLE.
 **********
 **   26 **FIX            0
 **********
 PARAMETER    0  IS UNDEFINED. IGNORED.
 **********
 **   27 **FIX            1
 **********
 **********
 **   28 **FIX            2
 **********
 PARAMETER    2  IS CONSTANT.   IGNORED.
 **********
 **   29 **FIX            3
 **********
 **********
 **   30 **FIX            4
 **********
 **********
 **   31 **FIX            5
 **********
 PARAMETER    5  IS CONSTANT.   IGNORED.
 **********
 **   32 **FIX            6
 **********
 **********
 **   33 **FIX            7
 **********
 PARAMETER    7  IS CONSTANT.   IGNORED.
 **********
 **   34 **FIX           10
 **********
 **********
 **   35 **FIX           11
 **********
 **********
 **   36 **FIX           12
 **********
 PARAMETER   12  IS CONSTANT.   IGNORED.
 **********
 **   37 **FIX           13
 **********
 **********
 **   38 **FIX           14
 **********
 **********
 **   39 **FIX           15
 **********
 PARAMETER   15  IS CONSTANT.   IGNORED.
 **********
 **   40 **FIX           16
 **********
 **********
 **   41 **MIGRAD
 **********
 START MIGRAD MINIMIZATION.  STRATEGY  1.  CONVERGENCE WHEN EDM .LT. 1.00e-04
 FCN=213.08 FROM MIGRAD    STATUS=INITIATE       18 CALLS        3262 TOTAL
                     EDM= unknown      STRATEGY= 1      NO ERROR MATRIX       
  EXT PARAMETER               CURRENT GUESS       STEP         FIRST   
  NO.   NAME      VALUE            ERROR          SIZE      DERIVATIVE 
   1  N0           3.28914e+06     fixed    
   2  tau          6.44008e+01   constant   
   3  A0           3.63897e-01     fixed    
   4  phi          4.12104e+00     fixed    
   5  R           -6.04681e+01   constant   
   6  alpha_CBO    2.10348e-03     fixed    
   7  w_CBO        2.32500e+00   constant   
   8  beta_CBO     0.00000e+00   1.00000e-03   1.00000e-03  -1.22603e+05
   9  alpha_2CBO   0.00000e+00   1.00000e-03   1.00000e-03  -1.70611e+04
  10  beta_2CBO    3.45020e-04     fixed    
  11  alpha_y      0.00000e+00     fixed    
  12  w_y          1.38860e+01   constant   
  13  beta_y       2.76811e-04     fixed    
  14  alpha_vw     0.00000e+00     fixed    
  15  w_vw         1.43404e+01   constant   
  16  beta_vw      0.00000e+00     fixed    
  17  LM          -2.11005e-04   constant   
  18  zeta_y       0.00000e+00   constant   
  19  zeta_vw      0.00000e+00   constant   
  20  T_CBO        1.27859e+01   1.73420e+00  -1.57337e-03  -7.02602e+01
  21  alpha_A0    -3.75401e+02   5.38741e+02  -5.30667e+01   1.29447e-03
  22  beta_A0      5.31593e+02   7.60634e+02   7.49245e+01  -7.13113e-04
  23  alpha_phi   -2.28504e+02   3.28246e+02  -3.23320e+01   2.58588e-04
  24  beta_phi     2.85995e+02   4.09308e+02   4.03178e+01   5.36773e-04
 CALL LIMIT EXCEEDED IN MIGRAD.
 MIGRAD TERMINATED WITHOUT CONVERGENCE.
 FCN=54.9772 FROM MIGRAD    STATUS=CALL LIMIT   1157 CALLS        4401 TOTAL
                     EDM=0.00473905    STRATEGY= 1  ERROR MATRIX UNCERTAINTY  26.1 per cent
  EXT PARAMETER                APPROXIMATE        STEP         FIRST   
  NO.   NAME      VALUE            ERROR          SIZE      DERIVATIVE 
   1  N0           3.28914e+06     fixed    
   2  tau          6.44008e+01   constant   
   3  A0           3.63897e-01     fixed    
   4  phi          4.12104e+00     fixed    
   5  R           -6.04681e+01   constant   
   6  alpha_CBO    2.10348e-03     fixed    
   7  w_CBO        2.32500e+00   constant   
   8  beta_CBO     2.54127e-03   2.03096e-04  -1.24370e-06   6.94090e+01
   9  alpha_2CBO   2.36204e-04   2.00749e-04   1.38928e-06   8.19130e+01
  10  beta_2CBO    3.45020e-04     fixed    
  11  alpha_y      0.00000e+00     fixed    
  12  w_y          1.38860e+01   constant   
  13  beta_y       2.76811e-04     fixed    
  14  alpha_vw     0.00000e+00     fixed    
  15  w_vw         1.43404e+01   constant   
  16  beta_vw      0.00000e+00     fixed    
  17  LM          -2.11005e-04   constant   
  18  zeta_y       0.00000e+00   constant   
  19  zeta_vw      0.00000e+00   constant   
  20  T_CBO        7.88622e+00   1.06922e+00  -7.54106e-04  -6.45861e+01
  21  alpha_A0    -8.27425e+05   2.01326e+06  -1.17547e+05   1.50339e-07
  22  beta_A0      1.79755e+05   4.32613e+05   2.52626e+04   2.33254e-07
  23  alpha_phi   -4.99854e+05   1.21669e+06  -7.10373e+04   2.07300e-07
  24  beta_phi     6.73033e+05   1.63495e+06   9.54597e+04  -2.35923e-07
 EXTERNAL ERROR MATRIX.    NDIM=  25    NPAR=  7    ERR DEF=1
  4.125e-08 -1.987e-09  5.150e-06  1.440e+01 -3.101e+00  8.706e+00 -1.169e+01 
 -1.987e-09  4.030e-08 -6.364e-06 -1.759e+01  3.779e+00 -1.064e+01  1.427e+01 
  5.150e-06 -6.364e-06  1.143e+00  2.137e+06 -4.592e+05  1.291e+06 -1.735e+06 
  1.440e+01 -1.759e+01  2.137e+06  4.053e+12 -8.710e+11  2.450e+12 -3.292e+12 
 -3.101e+00  3.779e+00 -4.592e+05 -8.710e+11  1.872e+11 -5.264e+11  7.073e+11 
  8.706e+00 -1.064e+01  1.291e+06  2.450e+12 -5.264e+11  1.480e+12 -1.989e+12 
 -1.169e+01  1.427e+01 -1.735e+06 -3.292e+12  7.073e+11 -1.989e+12  2.673e+12 
ERR MATRIX APPROXIMATE
 PARAMETER  CORRELATION COEFFICIENTS  
       NO.  GLOBAL      8      9     20     21     22     23     24
        8  0.18990   1.000 -0.049  0.024  0.035 -0.035  0.035 -0.035
        9  0.22965  -0.049  1.000 -0.030 -0.044  0.044 -0.044  0.043
       20  0.99396   0.024 -0.030  1.000  0.993 -0.993  0.993 -0.993
       21  1.00000   0.035 -0.044  0.993  1.000 -1.000  1.000 -1.000
       22  1.00000  -0.035  0.044 -0.993 -1.000  1.000 -1.000  1.000
       23  1.00000   0.035 -0.044  0.993  1.000 -1.000  1.000 -1.000
       24  1.00000  -0.035  0.043 -0.993 -1.000  1.000 -1.000  1.000
 ERR MATRIX APPROXIMATE
MINUIT - FIT wiggle + 1-CBO + 2-CBO
 **********
 **   42 **RES 
 **********
                   PARAMETER   16  beta_vw RESTORED TO VARIABLE.
                   PARAMETER   14  alpha_vw RESTORED TO VARIABLE.
                   PARAMETER   13  beta_y RESTORED TO VARIABLE.
                   PARAMETER   11  alpha_y RESTORED TO VARIABLE.
                   PARAMETER   10  beta_2CBO RESTORED TO VARIABLE.
                   PARAMETER    6  alpha_CBO RESTORED TO VARIABLE.
                   PARAMETER    4  phi RESTORED TO VARIABLE.
                   PARAMETER    3  A0 RESTORED TO VARIABLE.
                   PARAMETER    1  N0 RESTORED TO VARIABLE.
 **********
 **   43 **FIX           10
 **********
 **********
 **   44 **FIX           11
 **********
 **********
 **   45 **FIX           12
 **********
 PARAMETER   12  IS CONSTANT.   IGNORED.
 **********
 **   46 **FIX           13
 **********
 **********
 **   47 **FIX           14
 **********
 **********
 **   48 **FIX           15
 **********
 PARAMETER   15  IS CONSTANT.   IGNORED.
 **********
 **   49 **FIX           16
 **********
 **********
 **   50 **MIGRAD
 **********
 START MIGRAD MINIMIZATION.  STRATEGY  1.  CONVERGENCE WHEN EDM .LT. 1.00e-04
 FCN=54.9772 FROM MIGRAD    STATUS=INITIATE       22 CALLS        4423 TOTAL
                     EDM= unknown      STRATEGY= 1      NO ERROR MATRIX       
  EXT PARAMETER               CURRENT GUESS       STEP         FIRST   
  NO.   NAME      VALUE            ERROR          SIZE      DERIVATIVE 
   1  N0           3.28914e+06   4.80878e+02   4.80878e+02  -1.58623e-03
   2  tau          6.44008e+01   constant   
   3  A0           3.63897e-01   1.91485e-04   1.91485e-04  -2.35694e+04
   4  phi          4.12104e+00   5.31886e-04   5.31886e-04   5.21514e+03
   5  R           -6.04681e+01   constant   
   6  alpha_CBO    2.10348e-03   2.01552e-04   2.01552e-04  -3.56453e+03
   7  w_CBO        2.32500e+00   constant   
   8  beta_CBO     2.54127e-03   2.03096e-04  -1.24370e-06   6.94090e+01
   9  alpha_2CBO   2.36204e-04   2.00749e-04   1.38928e-06   8.19130e+01
  10  beta_2CBO    3.45020e-04     fixed    
  11  alpha_y      0.00000e+00     fixed    
  12  w_y          1.38860e+01   constant   
  13  beta_y       2.76811e-04     fixed    
  14  alpha_vw     0.00000e+00     fixed    
  15  w_vw         1.43404e+01   constant   
  16  beta_vw      0.00000e+00     fixed    
  17  LM          -2.11005e-04   constant   
  18  zeta_y       0.00000e+00   constant   
  19  zeta_vw      0.00000e+00   constant   
  20  T_CBO        7.88622e+00   1.06922e+00  -7.54106e-04  -6.45860e+01
  21  alpha_A0    -8.27425e+05   2.01326e+06  -1.17547e+05   1.50338e-07
  22  beta_A0      1.79755e+05   4.32613e+05   2.52626e+04   2.33254e-07
  23  alpha_phi   -4.99854e+05   1.21669e+06  -7.10373e+04   2.07300e-07
  24  beta_phi     6.73033e+05   1.63495e+06   9.54597e+04  -2.35923e-07
 CALL LIMIT EXCEEDED IN MIGRAD.
 MIGRAD TERMINATED WITHOUT CONVERGENCE.
 FCN=46.2639 FROM MIGRAD    STATUS=CALL LIMIT   1913 CALLS        6314 TOTAL
                     EDM=0.0032477    STRATEGY= 1  ERROR MATRIX UNCERTAINTY   7.6 per cent
  EXT PARAMETER                APPROXIMATE        STEP         FIRST   
  NO.   NAME      VALUE            ERROR          SIZE      DERIVATIVE 
   1  N0           3.28946e+06   4.70067e+02   4.60889e-01   4.99103e-05
   2  tau          6.44008e+01   constant   
   3  A0           3.64410e-01   1.91575e-04   1.42302e-07  -9.04481e+01
   4  phi          4.12009e+00   5.16742e-04   2.06136e-07   1.07707e+00
   5  R           -6.04681e+01   constant   
   6  alpha_CBO    2.11192e-03   2.00268e-04  -1.05121e-07   5.20695e+01
   7  w_CBO        2.32500e+00   constant   
   8  beta_CBO     2.68536e-03   1.97681e-04  -2.34638e-07   4.69792e+00
   9  alpha_2CBO   2.67858e-04   1.93813e-04  -6.82400e-07   4.80042e+01
  10  beta_2CBO    3.45020e-04     fixed    
  11  alpha_y      0.00000e+00     fixed    
  12  w_y          1.38860e+01   constant   
  13  beta_y       2.76811e-04     fixed    
  14  alpha_vw     0.00000e+00     fixed    
  15  w_vw         1.43404e+01   constant   
  16  beta_vw      0.00000e+00     fixed    
  17  LM          -2.11005e-04   constant   
  18  zeta_y       0.00000e+00   constant   
  19  zeta_vw      0.00000e+00   constant   
  20  T_CBO        1.02041e+01   2.34882e+00   5.48539e-04  -2.46092e+01
  21  alpha_A0    -5.65170e+03   2.45209e+04   6.13662e+02   1.43684e-05
  22  beta_A0      1.27685e+03   1.05235e+04  -3.56601e+01   4.39632e-06
  23  alpha_phi   -7.35736e+03   3.04240e+04   6.99571e+02   4.74435e-06
  24  beta_phi     3.90054e+03   1.77023e+04  -2.37707e+02  -6.54606e-06
 EXTERNAL ERROR MATRIX.    NDIM=  25    NPAR= 11    ERR DEF=1
  2.210e+05 
  4.832e-03  3.670e-08 
 -3.262e-02  2.426e-09  2.670e-07 
 -6.020e-03 -2.823e-09 -1.765e-08  4.011e-08 
  1.940e-05  7.801e-09 -8.776e-09  2.063e-09  3.908e-08 
  4.504e-03  2.489e-10  1.625e-09 -2.082e-09 -5.888e-10  3.756e-08 
  4.459e+01  1.298e-05 -7.195e-05  1.152e-06  7.076e-06  2.435e-06  5.518e+00 
  1.820e+05  2.512e-01 -8.903e-01 -1.787e-01  1.969e-01 -1.501e-01  5.656e+04  6.013e+08 
 -5.548e+05  3.806e-02  7.518e-01  4.280e-02 -3.046e-01  1.229e-01 -1.432e+04 -1.667e+08  1.107e+08 
  1.515e+05  1.175e-01 -4.409e-01  1.731e-01  9.411e-02 -1.087e-01  7.008e+04  7.099e+08 -1.873e+08  9.256e+08 
  1.068e+05 -3.292e-01  6.297e-01  2.622e-02 -5.582e-02 -1.808e-01 -3.903e+04 -3.908e+08  1.030e+08 -4.982e+08  3.134e+08 
ERR MATRIX APPROXIMATE
 PARAMETER  CORRELATION COEFFICIENTS  
       NO.  GLOBAL      1      3      4      6      8      9     20     21     22     23     24
        1  0.54160   1.000  0.054 -0.134 -0.064  0.000  0.049  0.040  0.016 -0.112  0.011  0.013
        3  0.47359   0.054  1.000  0.025 -0.074  0.206  0.007  0.029  0.053  0.019  0.020 -0.097
        4  0.33119  -0.134  0.025  1.000 -0.171 -0.086  0.016 -0.059 -0.070  0.138 -0.028  0.069
        6  0.37526  -0.064 -0.074 -0.171  1.000  0.052 -0.054  0.002 -0.036  0.020  0.028  0.007
        8  0.29501   0.000  0.206 -0.086  0.052  1.000 -0.015  0.015  0.041 -0.146  0.016 -0.016
        9  0.30722   0.049  0.007  0.016 -0.054 -0.015  1.000  0.005 -0.032  0.060 -0.018 -0.053
       20  0.99769   0.040  0.029 -0.059  0.002  0.015  0.005  1.000  0.982 -0.579  0.981 -0.939
       21  0.99412   0.016  0.053 -0.070 -0.036  0.041 -0.032  0.982  1.000 -0.646  0.952 -0.900
       22  0.82931  -0.112  0.019  0.138  0.020 -0.146  0.060 -0.579 -0.646  1.000 -0.585  0.553
       23  0.98729   0.011  0.020 -0.028  0.028  0.016 -0.018  0.981  0.952 -0.585  1.000 -0.925
       24  0.96271   0.013 -0.097  0.069  0.007 -0.016 -0.053 -0.939 -0.900  0.553 -0.925  1.000
 ERR MATRIX APPROXIMATE
MINUIT - FIT ONLY 1-y
 **********
 **   51 **RES 
 **********
                   PARAMETER   16  beta_vw RESTORED TO VARIABLE.
                   PARAMETER   14  alpha_vw RESTORED TO VARIABLE.
                   PARAMETER   13  beta_y RESTORED TO VARIABLE.
                   PARAMETER   11  alpha_y RESTORED TO VARIABLE.
                   PARAMETER   10  beta_2CBO RESTORED TO VARIABLE.
 **********
 **   52 **FIX            0
 **********
 PARAMETER    0  IS UNDEFINED. IGNORED.
 **********
 **   53 **FIX            1
 **********
 **********
 **   54 **FIX            2
 **********
 PARAMETER    2  IS CONSTANT.   IGNORED.
 **********
 **   55 **FIX            3
 **********
 **********
 **   56 **FIX            4
 **********
 **********
 **   57 **FIX            5
 **********
 PARAMETER    5  IS CONSTANT.   IGNORED.
 **********
 **   58 **FIX            6
 **********
 **********
 **   59 **FIX            7
 **********
 PARAMETER    7  IS CONSTANT.   IGNORED.
 **********
 **   60 **FIX            8
 **********
 **********
 **   61 **FIX            9
 **********
 **********
 **   62 **FIX           13
 **********
 **********
 **   63 **FIX           14
 **********
 **********
 **   64 **FIX           15
 **********
 PARAMETER   15  IS CONSTANT.   IGNORED.
 **********
 **   65 **FIX           16
 **********
 **********
 **   66 **MIGRAD
 **********
 START MIGRAD MINIMIZATION.  STRATEGY  1.  CONVERGENCE WHEN EDM .LT. 1.00e-04
 FCN=46.2639 FROM MIGRAD    STATUS=INITIATE       16 CALLS        6330 TOTAL
                     EDM= unknown      STRATEGY= 1      NO ERROR MATRIX       
  EXT PARAMETER               CURRENT GUESS       STEP         FIRST   
  NO.   NAME      VALUE            ERROR          SIZE      DERIVATIVE 
   1  N0           3.28946e+06     fixed    
   2  tau          6.44008e+01   constant   
   3  A0           3.64410e-01     fixed    
   4  phi          4.12009e+00     fixed    
   5  R           -6.04681e+01   constant   
   6  alpha_CBO    2.11192e-03     fixed    
   7  w_CBO        2.32500e+00   constant   
   8  beta_CBO     2.68536e-03     fixed    
   9  alpha_2CBO   2.67858e-04     fixed    
  10  beta_2CBO    3.45020e-04   2.00203e-04   2.00203e-04   7.76109e+03
  11  alpha_y      0.00000e+00   1.00000e-03   1.00000e-03   2.79147e+03
  12  w_y          1.38860e+01   constant   
  13  beta_y       2.76811e-04     fixed    
  14  alpha_vw     0.00000e+00     fixed    
  15  w_vw         1.43404e+01   constant   
  16  beta_vw      0.00000e+00     fixed    
  17  LM          -2.11005e-04   constant   
  18  zeta_y       0.00000e+00   constant   
  19  zeta_vw      0.00000e+00   constant   
  20  T_CBO        1.02041e+01   2.34882e+00   5.48539e-04  -2.46092e+01
  21  alpha_A0    -5.65170e+03   2.45209e+04   6.13662e+02   1.43684e-05
  22  beta_A0      1.27685e+03   1.05235e+04  -3.56601e+01   4.39631e-06
  23  alpha_phi   -7.35736e+03   3.04240e+04   6.99571e+02   4.74435e-06
  24  beta_phi     3.90054e+03   1.77023e+04  -2.37707e+02  -6.54606e-06
 CALL LIMIT EXCEEDED IN MIGRAD.
 MIGRAD TERMINATED WITHOUT CONVERGENCE.
 FCN=45.3837 FROM MIGRAD    STATUS=CALL LIMIT   1146 CALLS        7460 TOTAL
                     EDM=0.00238017    STRATEGY= 1  ERROR MATRIX UNCERTAINTY  14.8 per cent
  EXT PARAMETER                APPROXIMATE        STEP         FIRST   
  NO.   NAME      VALUE            ERROR          SIZE      DERIVATIVE 
   1  N0           3.28946e+06     fixed    
   2  tau          6.44008e+01   constant   
   3  A0           3.64410e-01     fixed    
   4  phi          4.12009e+00     fixed    
   5  R           -6.04681e+01   constant   
   6  alpha_CBO    2.11192e-03     fixed    
   7  w_CBO        2.32500e+00   constant   
   8  beta_CBO     2.68536e-03     fixed    
   9  alpha_2CBO   2.67858e-04     fixed    
  10  beta_2CBO    1.70384e-04   2.01879e-04   3.67540e-07  -5.96926e+01
  11  alpha_y     -5.61016e-05   2.07203e-04  -6.02809e-07   4.37780e+00
  12  w_y          1.38860e+01   constant   
  13  beta_y       2.76811e-04     fixed    
  14  alpha_vw     0.00000e+00     fixed    
  15  w_vw         1.43404e+01   constant   
  16  beta_vw      0.00000e+00     fixed    
  17  LM          -2.11005e-04   constant   
  18  zeta_y       0.00000e+00   constant   
  19  zeta_vw      0.00000e+00   constant   
  20  T_CBO        1.45344e+01   4.01094e+00   6.52866e-04  -1.74746e+01
  21  alpha_A0    -4.92985e+01   1.95775e+02   2.54697e+00   3.85126e-04
  22  beta_A0      1.90863e+01   7.77281e+01  -2.00530e+00   5.67735e-05
  23  alpha_phi   -7.49271e+01   2.63198e+02   5.32542e+00   1.00300e-03
  24  beta_phi     4.56804e+01   1.64948e+02  -3.30693e+00  -1.58824e-03
 EXTERNAL ERROR MATRIX.    NDIM=  25    NPAR=  7    ERR DEF=1
  4.075e-08 -4.728e-10 -4.383e-05 -3.289e-03 -9.051e-04 -1.779e-03  5.843e-04 
 -4.728e-10  4.293e-08  2.024e-05  1.221e-03  1.995e-04  1.502e-03 -6.234e-04 
 -4.383e-05  2.024e-05  1.609e+01  7.388e+02 -1.974e+02  1.033e+03 -6.418e+02 
 -3.289e-03  1.221e-03  7.388e+02  3.833e+04 -9.368e+03  4.662e+04 -2.924e+04 
 -9.051e-04  1.995e-04 -1.974e+02 -9.368e+03  6.042e+03 -1.161e+04  8.590e+03 
 -1.779e-03  1.502e-03  1.033e+03  4.662e+04 -1.161e+04  6.927e+04 -3.955e+04 
  5.843e-04 -6.234e-04 -6.418e+02 -2.924e+04  8.590e+03 -3.955e+04  2.721e+04 
ERR MATRIX APPROXIMATE
 PARAMETER  CORRELATION COEFFICIENTS  
       NO.  GLOBAL     10     11     20     21     22     23     24
       10  0.36073   1.000 -0.011 -0.054 -0.083 -0.058 -0.033  0.018
       11  0.05122  -0.011  1.000  0.024  0.030  0.012  0.028 -0.018
       20  0.99796  -0.054  0.024  1.000  0.941 -0.633  0.978 -0.970
       21  0.95166  -0.083  0.030  0.941  1.000 -0.616  0.905 -0.906
       22  0.69138  -0.058  0.012 -0.633 -0.616  1.000 -0.567  0.670
       23  0.99275  -0.033  0.028  0.978  0.905 -0.567  1.000 -0.911
       24  0.98964   0.018 -0.018 -0.970 -0.906  0.670 -0.911  1.000
 ERR MATRIX APPROXIMATE
MINUIT - FIT ONLY 2-y
 **********
 **   67 **RES 
 **********
                   PARAMETER   16  beta_vw RESTORED TO VARIABLE.
                   PARAMETER   14  alpha_vw RESTORED TO VARIABLE.
                   PARAMETER   13  beta_y RESTORED TO VARIABLE.
                   PARAMETER    9  alpha_2CBO RESTORED TO VARIABLE.
                   PARAMETER    8  beta_CBO RESTORED TO VARIABLE.
                   PARAMETER    6  alpha_CBO RESTORED TO VARIABLE.
                   PARAMETER    4  phi RESTORED TO VARIABLE.
                   PARAMETER    3  A0 RESTORED TO VARIABLE.
                   PARAMETER    1  N0 RESTORED TO VARIABLE.
 **********
 **   68 **FIX            0
 **********
 PARAMETER    0  IS UNDEFINED. IGNORED.
 **********
 **   69 **FIX            1
 **********
 **********
 **   70 **FIX            2
 **********
 PARAMETER    2  IS CONSTANT.   IGNORED.
 **********
 **   71 **FIX            3
 **********
 **********
 **   72 **FIX            4
 **********
 **********
 **   73 **FIX            5
 **********
 PARAMETER    5  IS CONSTANT.   IGNORED.
 **********
 **   74 **FIX            6
 **********
 **********
 **   75 **FIX            7
 **********
 PARAMETER    7  IS CONSTANT.   IGNORED.
 **********
 **   76 **FIX            8
 **********
 **********
 **   77 **FIX            9
 **********
 **********
 **   78 **FIX           10
 **********
 **********
 **   79 **FIX           11
 **********
 **********
 **   80 **FIX           12
 **********
 PARAMETER   12  IS CONSTANT.   IGNORED.
 **********
 **   81 **FIX           16
 **********
 **********
 **   82 **MIGRAD
 **********
 START MIGRAD MINIMIZATION.  STRATEGY  1.  CONVERGENCE WHEN EDM .LT. 1.00e-04
 FCN=45.3837 FROM MIGRAD    STATUS=INITIATE       16 CALLS        7476 TOTAL
                     EDM= unknown      STRATEGY= 1      NO ERROR MATRIX       
  EXT PARAMETER               CURRENT GUESS       STEP         FIRST   
  NO.   NAME      VALUE            ERROR          SIZE      DERIVATIVE 
   1  N0           3.28946e+06     fixed    
   2  tau          6.44008e+01   constant   
   3  A0           3.64410e-01     fixed    
   4  phi          4.12009e+00     fixed    
   5  R           -6.04681e+01   constant   
   6  alpha_CBO    2.11192e-03     fixed    
   7  w_CBO        2.32500e+00   constant   
   8  beta_CBO     2.68536e-03     fixed    
   9  alpha_2CBO   2.67858e-04     fixed    
  10  beta_2CBO    1.70384e-04     fixed    
  11  alpha_y     -5.61016e-05     fixed    
  12  w_y          1.38860e+01   constant   
  13  beta_y       2.76811e-04   2.00900e-04   2.00900e-04   1.84685e+03
  14  alpha_vw     0.00000e+00   1.00000e-03   1.00000e-03  -3.10435e+03
  15  w_vw         1.43404e+01   constant   
  16  beta_vw      0.00000e+00     fixed    
  17  LM          -2.11005e-04   constant   
  18  zeta_y       0.00000e+00   constant   
  19  zeta_vw      0.00000e+00   constant   
  20  T_CBO        1.45344e+01   4.01094e+00   6.52866e-04  -1.74746e+01
  21  alpha_A0    -4.92985e+01   1.95775e+02   2.54697e+00   3.85126e-04
  22  beta_A0      1.90863e+01   7.77281e+01  -2.00530e+00   5.67735e-05
  23  alpha_phi   -7.49271e+01   2.63198e+02   5.32542e+00   1.00300e-03
  24  beta_phi     4.56804e+01   1.64948e+02  -3.30693e+00  -1.58824e-03
 CALL LIMIT EXCEEDED IN MIGRAD.
 MIGRAD TERMINATED WITHOUT CONVERGENCE.
 FCN=45.0892 FROM MIGRAD    STATUS=CALL LIMIT   1157 CALLS        8617 TOTAL
                     EDM=0.00244993    STRATEGY= 1  ERROR MATRIX UNCERTAINTY  16.0 per cent
  EXT PARAMETER                APPROXIMATE        STEP         FIRST   
  NO.   NAME      VALUE            ERROR          SIZE      DERIVATIVE 
   1  N0           3.28946e+06     fixed    
   2  tau          6.44008e+01   constant   
   3  A0           3.64410e-01     fixed    
   4  phi          4.12009e+00     fixed    
   5  R           -6.04681e+01   constant   
   6  alpha_CBO    2.11192e-03     fixed    
   7  w_CBO        2.32500e+00   constant   
   8  beta_CBO     2.68536e-03     fixed    
   9  alpha_2CBO   2.67858e-04     fixed    
  10  beta_2CBO    1.70384e-04     fixed    
  11  alpha_y     -5.61016e-05     fixed    
  12  w_y          1.38860e+01   constant   
  13  beta_y       2.21655e-04   2.01070e-04  -3.22578e-08   1.14075e+00
  14  alpha_vw     7.71800e-05   2.06978e-04   7.88778e-08   8.10582e-01
  15  w_vw         1.43404e+01   constant   
  16  beta_vw      0.00000e+00     fixed    
  17  LM          -2.11005e-04   constant   
  18  zeta_y       0.00000e+00   constant   
  19  zeta_vw      0.00000e+00   constant   
  20  T_CBO        2.39509e+01   1.17270e+01   1.43998e-03  -6.53468e+00
  21  alpha_A0    -6.11167e-01   2.48182e+00   6.59956e-02   7.29142e-02
  22  beta_A0      2.77609e-01   1.23953e+00  -1.73691e-02  -2.21275e-02
  23  alpha_phi   -9.99808e-01   3.73494e+00   5.78880e-02   6.40291e-02
  24  beta_phi     6.96105e-01   2.89687e+00  -3.45187e-02  -1.65632e-02
 EXTERNAL ERROR MATRIX.    NDIM=  25    NPAR=  7    ERR DEF=1
  4.043e-08 -1.042e-08  5.254e-06  1.690e-06 -1.684e-06 -2.440e-06 -8.645e-06 
 -1.042e-08  4.284e-08  7.137e-06  2.315e-06  7.687e-07  3.196e-06  4.192e-06 
  5.254e-06  7.137e-06  1.378e+02  2.822e+01 -1.203e+01  4.258e+01 -3.134e+01 
  1.690e-06  2.315e-06  2.822e+01  6.159e+00 -2.463e+00  8.591e+00 -6.604e+00 
 -1.684e-06  7.687e-07 -1.203e+01 -2.463e+00  1.536e+00 -3.796e+00  2.787e+00 
 -2.440e-06  3.196e-06  4.258e+01  8.591e+00 -3.796e+00  1.395e+01 -9.370e+00 
 -8.645e-06  4.192e-06 -3.134e+01 -6.604e+00  2.787e+00 -9.370e+00  8.392e+00 
ERR MATRIX APPROXIMATE
 PARAMETER  CORRELATION COEFFICIENTS  
       NO.  GLOBAL     13     14     20     21     22     23     24
       13  0.25236   1.000 -0.250  0.002  0.003 -0.007 -0.003 -0.015
       14  0.25145  -0.250  1.000  0.003  0.005  0.003  0.004  0.007
       20  0.99015   0.002  0.003  1.000  0.969 -0.827  0.971 -0.922
       21  0.97180   0.003  0.005  0.969  1.000 -0.801  0.927 -0.919
       22  0.83225  -0.007  0.003 -0.827 -0.801  1.000 -0.820  0.776
       23  0.97530  -0.003  0.004  0.971  0.927 -0.820  1.000 -0.866
