 + ++++++++++++++++++++++++++++++++++++++++++++++++++++++++++++++++++++ +
 +                                                                      +
 +           You have chose to blind your fitting according to          +
 +                omega_ref * (1 + (R +/- deltaR) *10^{-6})             +
 +                                                                      +
 + ++++++++++++++++++++++++++++++++++++++++++++++++++++++++++++++++++++ +
In main()...
reading format from /gm2data/zkhechad/run45/envelope/formats/formatB_sBin_constraintOn.txt
pBinTau 	= 0  
pBinPhi 	= 0  
constraintau 	= 1 
includeMopTerm 	= 0    
constrainMop    = 0   
Parameters after format file: pBinTau 0 pBinPhi 0 constraintau 1 includeMopTerm 0 constrainMop 0 c_e_scale 0.000000 
Opening file /gm2data/tbarrett/gm2fr/studies/run23_bunch_corrections/CorrectedFourier_Run3b.root.
reading full fit data from /gm2data/zkhechad/cboTemplates/Run4CBOTemplates/fullFits/noRF/sBin_constraintOn_cE0.0_seed0_noRF_calo3.root
windowBins = 69
fitting sliding window 1120 from bin 1256 at 187.246000 to bin 1325 at 197.690000 (69 bins)

Reading data from /gm2data/cornell/histograms/aMethod/histogram_a_noRF.root
 **********
 **    1 **SET PRINTOUT            1
 **********
 **********
 **    2 **SET NOWARNINGS 
 **********
 PARAMETER DEFINITIONS:
    NO.   NAME         VALUE      STEP SIZE      LIMITS
     1 N0           2.88710e+06  1.00000e+02     no limits
     2 tau          6.43977e+01  constant
     3 A0           3.56389e-01  1.00000e-04     no limits
     4 phi          4.11721e+00  1.00000e-02     no limits
     5 R           -6.10082e+01  constant
     6 alpha_CBO    0.00000e+00  1.00000e-03     no limits
     7 w_CBO        2.32500e+00  constant
     8 beta_CBO     0.00000e+00  1.00000e-03     no limits
     9 alpha_2CBO   0.00000e+00  1.00000e-03     no limits
    10 beta_2CBO    0.00000e+00  1.00000e-03     no limits
    11 alpha_y      0.00000e+00  1.00000e-03     no limits
    12 w_y          1.38860e+01  constant
    13 beta_y       0.00000e+00  1.00000e-03     no limits
    14 alpha_vw     0.00000e+00  1.00000e-03     no limits
    15 w_vw         1.43404e+01  constant
    16 beta_vw      0.00000e+00  1.00000e-03     no limits
    17 LM          -2.57919e-04  constant
    18 zeta_y       0.00000e+00  constant
    19 zeta_vw      0.00000e+00  constant
    20 T_CBO        1.00000e+02  1.00000e+00    0.00000e+00  1.00000e+03
    21 alpha_A0     0.00000e+00  1.00000e-03     no limits
    22 beta_A0      0.00000e+00  1.00000e-03     no limits
    23 alpha_phi    0.00000e+00  1.00000e-03     no limits
    24 beta_phi     0.00000e+00  1.00000e-03     no limits
MINUIT - FIT ONLY WIGGLE
 **********
 **    3 **FIX            5
 **********
 PARAMETER    5  IS CONSTANT.   IGNORED.
 **********
 **    4 **FIX            6
 **********
 **********
 **    5 **FIX            7
 **********
 PARAMETER    7  IS CONSTANT.   IGNORED.
 **********
 **    6 **FIX            8
 **********
 **********
 **    7 **FIX            9
 **********
 **********
 **    8 **FIX           10
 **********
 **********
 **    9 **FIX           11
 **********
 **********
 **   10 **FIX           12
 **********
 PARAMETER   12  IS CONSTANT.   IGNORED.
 **********
 **   11 **FIX           13
 **********
 **********
 **   12 **FIX           14
 **********
 **********
 **   13 **FIX           15
 **********
 PARAMETER   15  IS CONSTANT.   IGNORED.
 **********
 **   14 **FIX           16
 **********
 **********
 **   15 **MIGRAD
 **********
 FIRST CALL TO USER FUNCTION AT NEW START POINT, WITH IFLAG=4.
 START MIGRAD MINIMIZATION.  STRATEGY  1.  CONVERGENCE WHEN EDM .LT. 1.00e-04
 FCN=229.412 FROM MIGRAD    STATUS=INITIATE      437 CALLS         438 TOTAL
                     EDM= unknown      STRATEGY= 1      NO ERROR MATRIX       
  EXT PARAMETER               CURRENT GUESS       STEP         FIRST   
  NO.   NAME      VALUE            ERROR          SIZE      DERIVATIVE 
   1  N0           2.88710e+06   1.00000e+02   0.00000e+00  -2.27741e-03
   2  tau          6.43977e+01   constant   
   3  A0           3.56389e-01   1.00000e-04   0.00000e+00  -1.17457e+04
   4  phi          4.11721e+00   1.00000e-02   0.00000e+00  -2.30379e+03
   5  R           -6.10082e+01   constant   
   6  alpha_CBO    0.00000e+00     fixed    
   7  w_CBO        2.32500e+00   constant   
   8  beta_CBO     0.00000e+00     fixed    
   9  alpha_2CBO   0.00000e+00     fixed    
  10  beta_2CBO    0.00000e+00     fixed    
  11  alpha_y      0.00000e+00     fixed    
  12  w_y          1.38860e+01   constant   
  13  beta_y       0.00000e+00     fixed    
  14  alpha_vw     0.00000e+00     fixed    
  15  w_vw         1.43404e+01   constant   
  16  beta_vw      0.00000e+00     fixed    
  17  LM          -2.57919e-04   constant   
  18  zeta_y       0.00000e+00   constant   
  19  zeta_vw      0.00000e+00   constant   
  20  T_CBO        1.00000e+02   1.00000e+00   0.00000e+00   0.00000e+00
  21  alpha_A0     0.00000e+00   1.00000e-03   0.00000e+00   6.74131e+02
  22  beta_A0      0.00000e+00   1.00000e-03   0.00000e+00   2.88624e+02
  23  alpha_phi    0.00000e+00   1.00000e-03   0.00000e+00   3.09231e+01
  24  beta_phi     0.00000e+00   1.00000e-03   0.00000e+00  -2.00414e+02
 CALL LIMIT EXCEEDED IN MIGRAD.
 MIGRAD TERMINATED WITHOUT CONVERGENCE.
 FCN=220.403 FROM MIGRAD    STATUS=CALL LIMIT   1334 CALLS        1335 TOTAL
                     EDM=0.000571246    STRATEGY= 1  ERROR MATRIX UNCERTAINTY   0.4 per cent
  EXT PARAMETER                APPROXIMATE        STEP         FIRST   
  NO.   NAME      VALUE            ERROR          SIZE      DERIVATIVE 
   1  N0           2.88725e+06   5.64488e+02  -1.72111e-01  -7.60003e-06
   2  tau          6.43977e+01   constant   
   3  A0           3.56730e-01   2.22271e-04   9.64694e-08   6.45003e+00
   4  phi          4.11780e+00   7.17474e-04  -3.54365e-07   5.70287e+00
   5  R           -6.10082e+01   constant   
   6  alpha_CBO    0.00000e+00     fixed    
   7  w_CBO        2.32500e+00   constant   
   8  beta_CBO     0.00000e+00     fixed    
   9  alpha_2CBO   0.00000e+00     fixed    
  10  beta_2CBO    0.00000e+00     fixed    
  11  alpha_y      0.00000e+00     fixed    
  12  w_y          1.38860e+01   constant   
  13  beta_y       0.00000e+00     fixed    
  14  alpha_vw     0.00000e+00     fixed    
  15  w_vw         1.43404e+01   constant   
  16  beta_vw      0.00000e+00     fixed    
  17  LM          -2.57919e-04   constant   
  18  zeta_y       0.00000e+00   constant   
  19  zeta_vw      0.00000e+00   constant   
  20  T_CBO        8.02532e+02   7.36691e+02   1.24168e-01  -5.00833e-03
  21  alpha_A0    -2.71131e-03   4.14414e-03   2.92535e-05   1.14663e+01
  22  beta_A0     -1.09789e-03   1.93374e-03  -5.36196e-06  -1.54547e+01
  23  alpha_phi   -7.84908e-05   1.38685e-03  -8.93386e-06  -1.08233e+01
  24  beta_phi     6.05355e-04   1.57983e-03   4.59364e-06   1.55559e+01
 EXTERNAL ERROR MATRIX.    NDIM=  25    NPAR=  8    ERR DEF=1
  3.186e+05  1.818e-02 -3.166e-02  2.050e+03  1.542e-01  6.601e-04  3.097e-02 -9.884e-02 
  1.818e-02  4.940e-08  1.192e-09 -8.587e-04  5.800e-09  3.247e-08  1.412e-08  2.480e-08 
 -3.166e-02  1.192e-09  5.148e-07 -8.919e-02 -9.294e-08  1.025e-07 -1.102e-08  9.552e-08 
  2.050e+03 -8.587e-04 -8.919e-02  1.499e+07  1.509e+01  4.549e+00  6.365e-01 -3.065e+00 
  1.542e-01  5.800e-09 -9.294e-08  1.509e+01  1.717e-05  4.524e-06  8.723e-07 -3.163e-06 
  6.601e-04  3.247e-08  1.025e-07  4.549e+00  4.524e-06  3.739e-06  1.642e-07 -2.504e-07 
  3.097e-02  1.412e-08 -1.102e-08  6.365e-01  8.723e-07  1.642e-07  1.923e-06  1.573e-07 
 -9.884e-02  2.480e-08  9.552e-08 -3.065e+00 -3.163e-06 -2.504e-07  1.573e-07  2.496e-06 
ERR MATRIX APPROXIMATE
 PARAMETER  CORRELATION COEFFICIENTS  
       NO.  GLOBAL      1      3      4     20     21     22     23     24
        1  0.28553   1.000  0.145 -0.078  0.001  0.066  0.001  0.040 -0.111
        3  0.19102   0.145  1.000  0.007 -0.001  0.006  0.076  0.046  0.071
        4  0.14970  -0.078  0.007  1.000 -0.032 -0.031  0.074 -0.011  0.084
       20  0.95089   0.001 -0.001 -0.032  1.000  0.941  0.608  0.119 -0.501
       21  0.94377   0.066  0.006 -0.031  0.941  1.000  0.565  0.152 -0.483
       22  0.66891   0.001  0.076  0.074  0.608  0.565  1.000  0.061 -0.082
       23  0.24363   0.040  0.046 -0.011  0.119  0.152  0.061  1.000  0.072
       24  0.60467  -0.111  0.071  0.084 -0.501 -0.483 -0.082  0.072  1.000
 ERR MATRIX APPROXIMATE
MINUIT - FIT ONLY 1-CBO + wiggle
 **********
 **   16 **RES 
 **********
                   PARAMETER   16  beta_vw RESTORED TO VARIABLE.
                   PARAMETER   14  alpha_vw RESTORED TO VARIABLE.
                   PARAMETER   13  beta_y RESTORED TO VARIABLE.
                   PARAMETER   11  alpha_y RESTORED TO VARIABLE.
                   PARAMETER   10  beta_2CBO RESTORED TO VARIABLE.
                   PARAMETER    9  alpha_2CBO RESTORED TO VARIABLE.
                   PARAMETER    8  beta_CBO RESTORED TO VARIABLE.
                   PARAMETER    6  alpha_CBO RESTORED TO VARIABLE.
 **********
 **   17 **FIX            8
 **********
 **********
 **   18 **FIX            9
 **********
 **********
 **   19 **FIX           11
 **********
 **********
 **   20 **FIX           12
 **********
 PARAMETER   12  IS CONSTANT.   IGNORED.
 **********
 **   21 **FIX           14
 **********
 **********
 **   22 **FIX           15
 **********
 PARAMETER   15  IS CONSTANT.   IGNORED.
 **********
 **   23 **FIX           16
 **********
 **********
 **   24 **MIGRAD
 **********
 START MIGRAD MINIMIZATION.  STRATEGY  1.  CONVERGENCE WHEN EDM .LT. 1.00e-04
 FCN=220.403 FROM MIGRAD    STATUS=INITIATE       28 CALLS        1363 TOTAL
                     EDM= unknown      STRATEGY= 1      NO ERROR MATRIX       
  EXT PARAMETER               CURRENT GUESS       STEP         FIRST   
  NO.   NAME      VALUE            ERROR          SIZE      DERIVATIVE 
   1  N0           2.88725e+06   5.64488e+02  -1.72111e-01  -7.60003e-06
   2  tau          6.43977e+01   constant   
   3  A0           3.56730e-01   2.22271e-04   9.64694e-08   6.45003e+00
   4  phi          4.11780e+00   7.17474e-04  -3.54365e-07   5.70287e+00
   5  R           -6.10082e+01   constant   
   6  alpha_CBO    0.00000e+00   1.00000e-03   1.00000e-03   6.19124e+04
   7  w_CBO        2.32500e+00   constant   
   8  beta_CBO     0.00000e+00     fixed    
   9  alpha_2CBO   0.00000e+00     fixed    
  10  beta_2CBO    0.00000e+00   1.00000e-03   1.00000e-03  -2.46586e+03
  11  alpha_y      0.00000e+00     fixed    
  12  w_y          1.38860e+01   constant   
  13  beta_y       0.00000e+00   1.00000e-03   1.00000e-03   3.91123e+03
  14  alpha_vw     0.00000e+00     fixed    
  15  w_vw         1.43404e+01   constant   
  16  beta_vw      0.00000e+00     fixed    
  17  LM          -2.57919e-04   constant   
  18  zeta_y       0.00000e+00   constant   
  19  zeta_vw      0.00000e+00   constant   
  20  T_CBO        8.02532e+02   7.36691e+02   1.24168e-01  -5.04068e-03
  21  alpha_A0    -2.71131e-03   4.14414e-03   2.92535e-05   1.14663e+01
  22  beta_A0     -1.09789e-03   1.93374e-03  -5.36196e-06  -1.54547e+01
  23  alpha_phi   -7.84908e-05   1.38685e-03  -8.93386e-06  -1.08233e+01
  24  beta_phi     6.05355e-04   1.57983e-03   4.59364e-06   1.55559e+01
 MIGRAD MINIMIZATION HAS CONVERGED.
 FCN=143.324 FROM MIGRAD    STATUS=CONVERGED     210 CALLS        1545 TOTAL
                     EDM=3.67264e-06    STRATEGY= 1  ERROR MATRIX UNCERTAINTY   3.5 per cent
  EXT PARAMETER                                   STEP         FIRST   
  NO.   NAME      VALUE            ERROR          SIZE      DERIVATIVE 
   1  N0           2.88713e+06   5.08577e+02  -7.27853e-01  -1.20392e-06
   2  tau          6.43977e+01   constant   
   3  A0           3.56567e-01   2.34282e-04   5.19294e-07   1.88039e+00
   4  phi          4.11616e+00   7.68168e-04  -2.46014e-07  -9.55185e-01
   5  R           -6.10082e+01   constant   
   6  alpha_CBO   -2.47797e-03   2.82884e-04   8.25925e-08   6.04865e-01
   7  w_CBO        2.32500e+00   constant   
   8  beta_CBO     0.00000e+00     fixed    
   9  alpha_2CBO   0.00000e+00     fixed    
  10  beta_2CBO    1.03749e-04   2.74647e-04  -2.80291e-08   2.45331e+00
  11  alpha_y      0.00000e+00     fixed    
  12  w_y          1.38860e+01   constant   
  13  beta_y      -1.36045e-04   2.70059e-04   9.37077e-08  -1.09542e+00
  14  alpha_vw     0.00000e+00     fixed    
  15  w_vw         1.43404e+01   constant   
  16  beta_vw      0.00000e+00     fixed    
  17  LM          -2.57919e-04   constant   
  18  zeta_y       0.00000e+00   constant   
  19  zeta_vw      0.00000e+00   constant   
  20  T_CBO        8.07267e+02   2.66209e+02  -8.60969e-04   4.78446e-03
  21  alpha_A0    -2.00091e-03   1.21277e-03   1.61653e-06  -1.91496e-01
  22  beta_A0     -2.10373e-03   1.45657e-03  -2.70662e-06  -3.72428e-01
  23  alpha_phi   -2.82502e-03   1.21925e-03   1.18125e-06   4.81996e-02
  24  beta_phi     2.92108e-04   1.18311e-03   2.94233e-07   3.66964e-01
 EXTERNAL ERROR MATRIX.    NDIM=  25    NPAR= 11    ERR DEF=1
  2.587e+05 
  1.235e-02  5.489e-08 
 -1.710e-02  1.735e-08  5.901e-07 
  4.751e-03  5.061e-09  5.358e-08  8.002e-08 
 -5.751e-05 -9.111e-10  1.087e-08 -4.251e-10  7.543e-08 
 -7.577e-04  1.262e-09  9.059e-10 -4.621e-11 -3.117e-10  7.293e-08 
  4.640e+03 -1.575e-02  7.162e-03 -5.992e-03  2.821e-03 -2.524e-03  8.539e+04 
  5.549e-02 -1.428e-08  1.104e-08 -2.367e-08 -2.283e-09  2.374e-09  3.278e-02  1.471e-06 
 -2.137e-02  2.208e-08  1.960e-07  3.564e-08  7.250e-08 -1.099e-09  9.026e-02 -1.172e-09  2.122e-06 
  2.124e-02  8.040e-09  5.899e-08  8.635e-08 -2.905e-08  2.652e-09  1.007e-02 -5.804e-08  1.832e-07  1.487e-06 
 -5.167e-02  3.629e-08  9.310e-08  1.076e-08  1.301e-08  3.528e-09 -5.899e-02  7.550e-08  2.135e-07  4.434e-08  1.400e-06 
 PARAMETER  CORRELATION COEFFICIENTS  
       NO.  GLOBAL      1      3      4      6     10     13     20     21     22     23     24
        1  0.19777   1.000  0.104 -0.044  0.033 -0.000 -0.006  0.031  0.090 -0.029  0.034 -0.086
        3  0.31173   0.104  1.000  0.096  0.076 -0.014  0.020 -0.230 -0.050  0.065  0.028  0.131
        4  0.31699  -0.044  0.096  1.000  0.247  0.052  0.004  0.032  0.012  0.175  0.063  0.102
        6  0.36160   0.033  0.076  0.247  1.000 -0.005 -0.001 -0.072 -0.069  0.086  0.250  0.032
       10  0.21518  -0.000 -0.014  0.052 -0.005  1.000 -0.004  0.035 -0.007  0.181 -0.087  0.040
       13  0.03869  -0.006  0.020  0.004 -0.001 -0.004  1.000 -0.032  0.007 -0.003  0.008  0.011
       20  0.38930   0.031 -0.230  0.032 -0.072  0.035 -0.032  1.000  0.092  0.212  0.028 -0.171
       21  0.17612   0.090 -0.050  0.012 -0.069 -0.007  0.007  0.092  1.000 -0.001 -0.039  0.053
       22  0.37428  -0.029  0.065  0.175  0.086  0.181 -0.003  0.212 -0.001  1.000  0.103  0.124
       23  0.28819   0.034  0.028  0.063  0.250 -0.087  0.008  0.028 -0.039  0.103  1.000  0.031
       24  0.28514  -0.086  0.131  0.102  0.032  0.040  0.011 -0.171  0.053  0.124  0.031  1.000
MINUIT - FIT ONLY 2-CBO
 **********
 **   25 **RES 
 **********
                   PARAMETER   16  beta_vw RESTORED TO VARIABLE.
                   PARAMETER   14  alpha_vw RESTORED TO VARIABLE.
                   PARAMETER   11  alpha_y RESTORED TO VARIABLE.
                   PARAMETER    9  alpha_2CBO RESTORED TO VARIABLE.
                   PARAMETER    8  beta_CBO RESTORED TO VARIABLE.
 **********
 **   26 **FIX            0
 **********
 PARAMETER    0  IS UNDEFINED. IGNORED.
 **********
 **   27 **FIX            1
 **********
 **********
 **   28 **FIX            2
 **********
 PARAMETER    2  IS CONSTANT.   IGNORED.
 **********
 **   29 **FIX            3
 **********
 **********
 **   30 **FIX            4
 **********
 **********
 **   31 **FIX            5
 **********
 PARAMETER    5  IS CONSTANT.   IGNORED.
 **********
 **   32 **FIX            6
 **********
 **********
 **   33 **FIX            7
 **********
 PARAMETER    7  IS CONSTANT.   IGNORED.
 **********
 **   34 **FIX           10
 **********
 **********
 **   35 **FIX           11
 **********
 **********
 **   36 **FIX           12
 **********
 PARAMETER   12  IS CONSTANT.   IGNORED.
 **********
 **   37 **FIX           13
 **********
 **********
 **   38 **FIX           14
 **********
 **********
 **   39 **FIX           15
 **********
 PARAMETER   15  IS CONSTANT.   IGNORED.
 **********
 **   40 **FIX           16
 **********
 **********
 **   41 **MIGRAD
 **********
 START MIGRAD MINIMIZATION.  STRATEGY  1.  CONVERGENCE WHEN EDM .LT. 1.00e-04
 FCN=143.324 FROM MIGRAD    STATUS=INITIATE       18 CALLS        1563 TOTAL
                     EDM= unknown      STRATEGY= 1      NO ERROR MATRIX       
  EXT PARAMETER               CURRENT GUESS       STEP         FIRST   
  NO.   NAME      VALUE            ERROR          SIZE      DERIVATIVE 
   1  N0           2.88713e+06     fixed    
   2  tau          6.43977e+01   constant   
   3  A0           3.56567e-01     fixed    
   4  phi          4.11616e+00     fixed    
   5  R           -6.10082e+01   constant   
   6  alpha_CBO   -2.47797e-03     fixed    
   7  w_CBO        2.32500e+00   constant   
   8  beta_CBO     0.00000e+00   1.00000e-03   1.00000e-03   7.04832e+04
   9  alpha_2CBO   0.00000e+00   1.00000e-03   1.00000e-03  -6.21414e+03
  10  beta_2CBO    1.03749e-04     fixed    
  11  alpha_y      0.00000e+00     fixed    
  12  w_y          1.38860e+01   constant   
  13  beta_y      -1.36045e-04     fixed    
  14  alpha_vw     0.00000e+00     fixed    
  15  w_vw         1.43404e+01   constant   
  16  beta_vw      0.00000e+00     fixed    
  17  LM          -2.57919e-04   constant   
  18  zeta_y       0.00000e+00   constant   
  19  zeta_vw      0.00000e+00   constant   
  20  T_CBO        8.07267e+02   2.66209e+02  -8.60969e-04   4.78484e-03
  21  alpha_A0    -2.00091e-03   1.21277e-03   1.61653e-06  -1.91508e-01
  22  beta_A0     -2.10373e-03   1.45657e-03  -2.70662e-06  -3.72428e-01
  23  alpha_phi   -2.82502e-03   1.21925e-03   1.18125e-06   4.81996e-02
  24  beta_phi     2.92108e-04   1.18311e-03   2.94233e-07   3.66964e-01
 CALL LIMIT EXCEEDED IN MIGRAD.
 MIGRAD TERMINATED WITHOUT CONVERGENCE.
 FCN=47.0908 FROM MIGRAD    STATUS=CALL LIMIT   1153 CALLS        2698 TOTAL
                     EDM=0.00689983    STRATEGY= 1  ERROR MATRIX UNCERTAINTY  15.0 per cent
  EXT PARAMETER                APPROXIMATE        STEP         FIRST   
  NO.   NAME      VALUE            ERROR          SIZE      DERIVATIVE 
   1  N0           2.88713e+06     fixed    
   2  tau          6.43977e+01   constant   
   3  A0           3.56567e-01     fixed    
   4  phi          4.11616e+00     fixed    
   5  R           -6.10082e+01   constant   
   6  alpha_CBO   -2.47797e-03     fixed    
   7  w_CBO        2.32500e+00   constant   
   8  beta_CBO    -2.69999e-03   2.67413e-04   6.67342e-07   1.61439e+02
   9  alpha_2CBO   2.41613e-04   2.60862e-04   1.10118e-06   2.34192e+02
  10  beta_2CBO    1.03749e-04     fixed    
  11  alpha_y      0.00000e+00     fixed    
  12  w_y          1.38860e+01   constant   
  13  beta_y      -1.36045e-04     fixed    
  14  alpha_vw     0.00000e+00     fixed    
  15  w_vw         1.43404e+01   constant   
  16  beta_vw      0.00000e+00     fixed    
  17  LM          -2.57919e-04   constant   
  18  zeta_y       0.00000e+00   constant   
  19  zeta_vw      0.00000e+00   constant   
  20  T_CBO        4.22551e+01   1.38557e+01   6.17285e-04   1.01776e-01
  21  alpha_A0    -1.67722e-01   2.43673e-01  -1.10210e-03   3.32388e-01
  22  beta_A0     -9.27943e-02   1.37007e-01  -6.15915e-04   5.42083e-02
  23  alpha_phi   -2.09320e-01   3.06149e-01  -1.38570e-03   5.30555e-01
  24  beta_phi    -1.19310e-01   1.74052e-01  -7.80303e-04  -8.91359e-01
 EXTERNAL ERROR MATRIX.    NDIM=  25    NPAR=  7    ERR DEF=1
  7.151e-08 -5.977e-09 -5.857e-04 -9.879e-06 -5.577e-06 -1.242e-05 -7.008e-06 
 -5.977e-09  6.805e-08 -9.979e-04 -1.593e-05 -8.969e-06 -2.004e-05 -1.136e-05 
 -5.857e-04 -9.979e-04  1.923e+02  3.301e+00  1.856e+00  4.147e+00  2.358e+00 
 -9.879e-06 -1.593e-05  3.301e+00  5.938e-02  3.338e-02  7.460e-02  4.241e-02 
 -5.577e-06 -8.969e-06  1.856e+00  3.338e-02  1.877e-02  4.194e-02  2.384e-02 
 -1.242e-05 -2.004e-05  4.147e+00  7.460e-02  4.194e-02  9.373e-02  5.328e-02 
 -7.008e-06 -1.136e-05  2.358e+00  4.241e-02  2.384e-02  5.328e-02  3.029e-02 
ERR MATRIX APPROXIMATE
 PARAMETER  CORRELATION COEFFICIENTS  
       NO.  GLOBAL      8      9     20     21     22     23     24
        8  0.28181   1.000 -0.086 -0.158 -0.152 -0.152 -0.152 -0.151
        9  0.33912  -0.086  1.000 -0.276 -0.251 -0.251 -0.251 -0.250
       20  0.97768  -0.158 -0.276  1.000  0.977  0.977  0.977  0.977
       21  0.99998  -0.152 -0.251  0.977  1.000  1.000  1.000  1.000
       22  0.99992  -0.152 -0.251  0.977  1.000  1.000  1.000  1.000
       23  0.99998  -0.152 -0.251  0.977  1.000  1.000  1.000  1.000
       24  0.99997  -0.151 -0.250  0.977  1.000  1.000  1.000  1.000
 ERR MATRIX APPROXIMATE
MINUIT - FIT wiggle + 1-CBO + 2-CBO
 **********
 **   42 **RES 
 **********
                   PARAMETER   16  beta_vw RESTORED TO VARIABLE.
                   PARAMETER   14  alpha_vw RESTORED TO VARIABLE.
                   PARAMETER   13  beta_y RESTORED TO VARIABLE.
                   PARAMETER   11  alpha_y RESTORED TO VARIABLE.
                   PARAMETER   10  beta_2CBO RESTORED TO VARIABLE.
                   PARAMETER    6  alpha_CBO RESTORED TO VARIABLE.
                   PARAMETER    4  phi RESTORED TO VARIABLE.
                   PARAMETER    3  A0 RESTORED TO VARIABLE.
                   PARAMETER    1  N0 RESTORED TO VARIABLE.
 **********
 **   43 **FIX           10
 **********
 **********
 **   44 **FIX           11
 **********
 **********
 **   45 **FIX           12
 **********
 PARAMETER   12  IS CONSTANT.   IGNORED.
 **********
 **   46 **FIX           13
 **********
 **********
 **   47 **FIX           14
 **********
 **********
 **   48 **FIX           15
 **********
 PARAMETER   15  IS CONSTANT.   IGNORED.
 **********
 **   49 **FIX           16
 **********
 **********
 **   50 **MIGRAD
 **********
 START MIGRAD MINIMIZATION.  STRATEGY  1.  CONVERGENCE WHEN EDM .LT. 1.00e-04
 FCN=47.0908 FROM MIGRAD    STATUS=INITIATE       22 CALLS        2720 TOTAL
                     EDM= unknown      STRATEGY= 1      NO ERROR MATRIX       
  EXT PARAMETER               CURRENT GUESS       STEP         FIRST   
  NO.   NAME      VALUE            ERROR          SIZE      DERIVATIVE 
   1  N0           2.88713e+06   5.08577e+02   5.08577e+02  -1.01788e-04
   2  tau          6.43977e+01   constant   
   3  A0           3.56567e-01   2.34282e-04   2.34282e-04  -1.41969e+04
   4  phi          4.11616e+00   7.68168e-04   7.68168e-04   6.61301e+01
   5  R           -6.10082e+01   constant   
   6  alpha_CBO   -2.47797e-03   2.82884e-04   2.82884e-04   1.71553e+03
   7  w_CBO        2.32500e+00   constant   
   8  beta_CBO    -2.69999e-03   2.67413e-04   6.67342e-07   1.61439e+02
   9  alpha_2CBO   2.41613e-04   2.60862e-04   1.10118e-06   2.34192e+02
  10  beta_2CBO    1.03749e-04     fixed    
  11  alpha_y      0.00000e+00     fixed    
  12  w_y          1.38860e+01   constant   
  13  beta_y      -1.36045e-04     fixed    
  14  alpha_vw     0.00000e+00     fixed    
  15  w_vw         1.43404e+01   constant   
  16  beta_vw      0.00000e+00     fixed    
  17  LM          -2.57919e-04   constant   
  18  zeta_y       0.00000e+00   constant   
  19  zeta_vw      0.00000e+00   constant   
  20  T_CBO        4.22551e+01   1.38557e+01   6.17285e-04   1.01769e-01
  21  alpha_A0    -1.67722e-01   2.43673e-01  -1.10210e-03   3.32388e-01
  22  beta_A0     -9.27943e-02   1.37007e-01  -6.15915e-04   5.42082e-02
  23  alpha_phi   -2.09320e-01   3.06149e-01  -1.38570e-03   5.30555e-01
  24  beta_phi    -1.19310e-01   1.74052e-01  -7.80303e-04  -8.91359e-01
 MIGRAD MINIMIZATION HAS CONVERGED.
 MIGRAD WILL VERIFY CONVERGENCE AND ERROR MATRIX.
 COVARIANCE MATRIX CALCULATED SUCCESSFULLY
 FCN=44.0127 FROM HESSE     STATUS=OK            100 CALLS        2937 TOTAL
                     EDM=0.000308086    STRATEGY= 1      ERROR MATRIX ACCURATE 
  EXT PARAMETER                                   STEP         FIRST   
  NO.   NAME      VALUE            ERROR          SIZE      DERIVATIVE 
   1  N0           2.88734e+06   5.86158e+02   1.78458e+00   2.44951e-06
   2  tau          6.43977e+01   constant   
   3  A0           3.56995e-01   2.49824e-04   7.61777e-07  -2.07397e+00
   4  phi          4.11620e+00   7.61027e-04   2.36301e-06   3.38364e+00
   5  R           -6.10082e+01   constant   
   6  alpha_CBO   -2.50673e-03   2.83320e-04   8.67923e-07  -1.03796e+01
   7  w_CBO        2.32500e+00   constant   
   8  beta_CBO    -2.79307e-03   2.81641e-04   8.88594e-07   7.84771e-01
   9  alpha_2CBO   2.57968e-04   2.75643e-04   8.80293e-07   2.14201e+00
  10  beta_2CBO    1.03749e-04     fixed    
  11  alpha_y      0.00000e+00     fixed    
  12  w_y          1.38860e+01   constant   
  13  beta_y      -1.36045e-04     fixed    
  14  alpha_vw     0.00000e+00     fixed    
  15  w_vw         1.43404e+01   constant   
  16  beta_vw      0.00000e+00     fixed    
  17  LM          -2.57919e-04   constant   
  18  zeta_y       0.00000e+00   constant   
  19  zeta_vw      0.00000e+00   constant   
  20  T_CBO        4.18907e+01   7.57496e+01   4.95094e-05  -4.60561e-02
  21  alpha_A0    -1.69191e-01   1.44192e+00   3.09635e-04   7.68988e-03
  22  beta_A0     -7.25445e-02   6.41202e-01   3.44071e-04  -1.35467e-02
  23  alpha_phi   -2.07201e-01   1.77318e+00   3.02673e-04  -7.56398e-03
  24  beta_phi    -1.10154e-01   9.28825e-01   2.90981e-04  -6.21790e-03
 MIGRAD MINIMIZATION HAS CONVERGED.
 FCN=44.0104 FROM MIGRAD    STATUS=CONVERGED    1193 CALLS        3891 TOTAL
                     EDM=6.98294e-06    STRATEGY= 1  ERROR MATRIX UNCERTAINTY   0.2 per cent
  EXT PARAMETER                                   STEP         FIRST   
  NO.   NAME      VALUE            ERROR          SIZE      DERIVATIVE 
   1  N0           2.88734e+06   5.79018e+02   1.15449e-01  -1.83340e-06
   2  tau          6.43977e+01   constant   
   3  A0           3.56999e-01   2.50619e-04   1.59260e-07  -1.35476e+00
   4  phi          4.11619e+00   7.59155e-04   2.79492e-07  -1.09947e+00
   5  R           -6.10082e+01   constant   
   6  alpha_CBO   -2.50496e-03   2.83939e-04  -2.42812e-08   1.11213e+00
   7  w_CBO        2.32500e+00   constant   
   8  beta_CBO    -2.79356e-03   2.79751e-04   3.68577e-09  -1.70453e+00
   9  alpha_2CBO   2.56931e-04   2.75104e-04  -2.78493e-08  -4.36214e+00
  10  beta_2CBO    1.03749e-04     fixed    
  11  alpha_y      0.00000e+00     fixed    
  12  w_y          1.38860e+01   constant   
  13  beta_y      -1.36045e-04     fixed    
  14  alpha_vw     0.00000e+00     fixed    
  15  w_vw         1.43404e+01   constant   
  16  beta_vw      0.00000e+00     fixed    
  17  LM          -2.57919e-04   constant   
  18  zeta_y       0.00000e+00   constant   
  19  zeta_vw      0.00000e+00   constant   
  20  T_CBO        5.27522e+01   1.36076e+02   2.06705e-03  -2.31370e-01
  21  alpha_A0    -6.57308e-02   6.87937e-01   2.18349e-03   6.34284e-02
  22  beta_A0     -2.74258e-02   3.00051e-01   9.90228e-04   8.24075e-03
  23  alpha_phi   -8.01001e-02   8.37684e-01   2.67055e-03   9.78733e-02
  24  beta_phi    -4.32609e-02   4.49069e-01   1.46354e-03   4.74001e-02
 EXTERNAL ERROR MATRIX.    NDIM=  25    NPAR= 11    ERR DEF=1
  3.353e+05 
  3.101e-02  6.281e-08 
 -3.069e-02  1.079e-08  5.763e-07 
  5.325e-03  6.296e-09  4.807e-08  8.062e-08 
 -3.976e-03 -1.238e-08  2.284e-09  6.556e-10  7.826e-08 
 -1.645e-03  3.114e-09  7.403e-09  9.724e-10 -7.833e-10  7.568e-08 
  7.150e+03  7.110e-03 -5.301e-03  8.210e-04 -4.717e-04 -1.419e-03  2.140e+04 
  3.976e+01  3.335e-05 -2.646e-05  2.301e-06 -1.604e-06 -4.571e-06  1.004e+02  4.733e-01 
  1.436e+01  1.604e-05 -5.449e-06  3.263e-06 -2.228e-06 -2.907e-06  4.335e+01  2.027e-01  9.003e-02 
  4.134e+01  4.183e-05 -3.236e-05  8.849e-06 -3.249e-06 -7.976e-06  1.224e+02  5.735e-01  2.480e-01  7.017e-01 
  1.863e+01  2.238e-05 -1.290e-05  2.661e-06  3.837e-07 -2.671e-06  6.547e+01  3.071e-01  1.326e-01  3.741e-01  2.017e-01 
 PARAMETER  CORRELATION COEFFICIENTS  
       NO.  GLOBAL      1      3      4      6      8      9     20     21     22     23     24
        1  0.36150   1.000  0.214 -0.070  0.032 -0.025 -0.010  0.084  0.100  0.083  0.085  0.072
        3  0.39058   0.214  1.000  0.057  0.088 -0.177  0.045  0.194  0.193  0.213  0.199  0.199
        4  0.32096  -0.070  0.057  1.000  0.223  0.011  0.035 -0.048 -0.051 -0.024 -0.051 -0.038
        6  0.41657   0.032  0.088  0.223  1.000  0.008  0.012  0.020  0.012  0.038  0.037  0.021
        8  0.27543  -0.025 -0.177  0.011  0.008  1.000 -0.010 -0.012 -0.008 -0.027 -0.014  0.003
        9  0.25035  -0.010  0.045  0.035  0.012 -0.010  1.000 -0.035 -0.024 -0.035 -0.035 -0.022
       20  0.99957   0.084  0.194 -0.048  0.020 -0.012 -0.035  1.000  0.998  0.988  0.999  0.997
       21  0.99798   0.100  0.193 -0.051  0.012 -0.008 -0.024  0.998  1.000  0.982  0.995  0.994
       22  0.98896   0.083  0.213 -0.024  0.038 -0.027 -0.035  0.988  0.982  1.000  0.987  0.984
       23  0.99882   0.085  0.199 -0.051  0.037 -0.014 -0.035  0.999  0.995  0.987  1.000  0.995
       24  0.99695   0.072  0.199 -0.038  0.021  0.003 -0.022  0.997  0.994  0.984  0.995  1.000
MINUIT - FIT ONLY 1-y
 **********
 **   51 **RES 
 **********
                   PARAMETER   16  beta_vw RESTORED TO VARIABLE.
                   PARAMETER   14  alpha_vw RESTORED TO VARIABLE.
                   PARAMETER   13  beta_y RESTORED TO VARIABLE.
                   PARAMETER   11  alpha_y RESTORED TO VARIABLE.
                   PARAMETER   10  beta_2CBO RESTORED TO VARIABLE.
 **********
 **   52 **FIX            0
 **********
 PARAMETER    0  IS UNDEFINED. IGNORED.
 **********
 **   53 **FIX            1
 **********
 **********
 **   54 **FIX            2
 **********
 PARAMETER    2  IS CONSTANT.   IGNORED.
 **********
 **   55 **FIX            3
 **********
 **********
 **   56 **FIX            4
 **********
 **********
 **   57 **FIX            5
 **********
 PARAMETER    5  IS CONSTANT.   IGNORED.
 **********
 **   58 **FIX            6
 **********
 **********
 **   59 **FIX            7
 **********
 PARAMETER    7  IS CONSTANT.   IGNORED.
 **********
 **   60 **FIX            8
 **********
 **********
 **   61 **FIX            9
 **********
 **********
 **   62 **FIX           13
 **********
 **********
 **   63 **FIX           14
 **********
 **********
 **   64 **FIX           15
 **********
 PARAMETER   15  IS CONSTANT.   IGNORED.
 **********
 **   65 **FIX           16
 **********
 **********
 **   66 **MIGRAD
 **********
 START MIGRAD MINIMIZATION.  STRATEGY  1.  CONVERGENCE WHEN EDM .LT. 1.00e-04
 FCN=44.0104 FROM MIGRAD    STATUS=INITIATE       16 CALLS        3907 TOTAL
                     EDM= unknown      STRATEGY= 1      NO ERROR MATRIX       
  EXT PARAMETER               CURRENT GUESS       STEP         FIRST   
  NO.   NAME      VALUE            ERROR          SIZE      DERIVATIVE 
   1  N0           2.88734e+06     fixed    
   2  tau          6.43977e+01   constant   
   3  A0           3.56999e-01     fixed    
   4  phi          4.11619e+00     fixed    
   5  R           -6.10082e+01   constant   
   6  alpha_CBO   -2.50496e-03     fixed    
   7  w_CBO        2.32500e+00   constant   
   8  beta_CBO    -2.79356e-03     fixed    
   9  alpha_2CBO   2.56931e-04     fixed    
  10  beta_2CBO    1.03749e-04   2.74647e-04   2.74647e-04   3.29495e+03
  11  alpha_y      0.00000e+00   1.00000e-03   1.00000e-03  -3.37377e+03
  12  w_y          1.38860e+01   constant   
  13  beta_y      -1.36045e-04     fixed    
  14  alpha_vw     0.00000e+00     fixed    
  15  w_vw         1.43404e+01   constant   
  16  beta_vw      0.00000e+00     fixed    
  17  LM          -2.57919e-04   constant   
  18  zeta_y       0.00000e+00   constant   
  19  zeta_vw      0.00000e+00   constant   
  20  T_CBO        5.27522e+01   1.36076e+02   2.06705e-03  -2.31368e-01
  21  alpha_A0    -6.57308e-02   6.87937e-01   2.18349e-03   6.34284e-02
  22  beta_A0     -2.74258e-02   3.00051e-01   9.90228e-04   8.24052e-03
  23  alpha_phi   -8.01001e-02   8.37684e-01   2.67055e-03   9.78733e-02
  24  beta_phi    -4.32609e-02   4.49069e-01   1.46354e-03   4.74001e-02
 MIGRAD MINIMIZATION HAS CONVERGED.
 MIGRAD WILL VERIFY CONVERGENCE AND ERROR MATRIX.
 COVARIANCE MATRIX CALCULATED SUCCESSFULLY
 FCN=43.608 FROM MIGRAD    STATUS=CONVERGED     130 CALLS        4021 TOTAL
                     EDM=4.06773e-05    STRATEGY= 1      ERROR MATRIX ACCURATE 
  EXT PARAMETER                                   STEP         FIRST   
  NO.   NAME      VALUE            ERROR          SIZE      DERIVATIVE 
   1  N0           2.88734e+06     fixed    
   2  tau          6.43977e+01   constant   
   3  A0           3.56999e-01     fixed    
   4  phi          4.11619e+00     fixed    
   5  R           -6.10082e+01   constant   
   6  alpha_CBO   -2.50496e-03     fixed    
   7  w_CBO        2.32500e+00   constant   
   8  beta_CBO    -2.79356e-03     fixed    
   9  alpha_2CBO   2.56931e-04     fixed    
  10  beta_2CBO   -1.88821e-05   2.74006e-04   8.71931e-07  -4.72014e-01
  11  alpha_y      1.18821e-04   2.66545e-04   8.68717e-07  -1.22718e+00
  12  w_y          1.38860e+01   constant   
  13  beta_y      -1.36045e-04     fixed    
  14  alpha_vw     0.00000e+00     fixed    
  15  w_vw         1.43404e+01   constant   
  16  beta_vw      0.00000e+00     fixed    
  17  LM          -2.57919e-04   constant   
  18  zeta_y       0.00000e+00   constant   
  19  zeta_vw      0.00000e+00   constant   
  20  T_CBO        5.27413e+01   1.06673e+02   7.02640e-05  -8.87060e-04
  21  alpha_A0    -6.57993e-02   5.06693e-01   1.20250e-04   1.81668e-02
  22  beta_A0     -3.14444e-02   2.50087e-01   1.33359e-04   4.52929e-03
  23  alpha_phi   -7.84951e-02   6.06271e-01   1.17044e-04   5.14903e-03
  24  beta_phi    -4.39081e-02   3.34953e-01   1.12881e-04  -1.19881e-02
 EXTERNAL ERROR MATRIX.    NDIM=  25    NPAR=  7    ERR DEF=1
  7.508e-08  6.012e-10  4.212e-04  1.888e-06  2.995e-06  1.173e-06  1.510e-06 
  6.012e-10  7.105e-08  1.564e-05  5.479e-08 -3.146e-07  1.710e-08 -5.071e-08 
  4.212e-04  1.564e-05  1.237e+04  5.620e+01  2.742e+01  6.730e+01  3.705e+01 
  1.888e-06  5.479e-08  5.620e+01  2.567e-01  1.246e-01  3.059e-01  1.684e-01 
  2.995e-06 -3.146e-07  2.742e+01  1.246e-01  6.254e-02  1.493e-01  8.228e-02 
  1.173e-06  1.710e-08  6.730e+01  3.059e-01  1.493e-01  3.676e-01  2.017e-01 
  1.510e-06 -5.071e-08  3.705e+01  1.684e-01  8.228e-02  2.017e-01  1.122e-01 
 PARAMETER  CORRELATION COEFFICIENTS  
       NO.  GLOBAL     10     11     20     21     22     23     24
       10  0.21881   1.000  0.008  0.014  0.014  0.044  0.007  0.016
       11  0.03518   0.008  1.000  0.001  0.000 -0.005  0.000 -0.001
       20  0.99906   0.014  0.001  1.000  0.997  0.986  0.998  0.995
       21  0.99735   0.014  0.000  0.997  1.000  0.984  0.996  0.992
       22  0.98653   0.044 -0.005  0.986  0.984  1.000  0.985  0.982
       23  0.99824   0.007  0.000  0.998  0.996  0.985  1.000  0.993
       24  0.99464   0.016 -0.001  0.995  0.992  0.982  0.993  1.000
MINUIT - FIT ONLY 2-y
 **********
 **   67 **RES 
 **********
                   PARAMETER   16  beta_vw RESTORED TO VARIABLE.
                   PARAMETER   14  alpha_vw RESTORED TO VARIABLE.
                   PARAMETER   13  beta_y RESTORED TO VARIABLE.
                   PARAMETER    9  alpha_2CBO RESTORED TO VARIABLE.
                   PARAMETER    8  beta_CBO RESTORED TO VARIABLE.
                   PARAMETER    6  alpha_CBO RESTORED TO VARIABLE.
                   PARAMETER    4  phi RESTORED TO VARIABLE.
                   PARAMETER    3  A0 RESTORED TO VARIABLE.
                   PARAMETER    1  N0 RESTORED TO VARIABLE.
 **********
 **   68 **FIX            0
 **********
 PARAMETER    0  IS UNDEFINED. IGNORED.
 **********
 **   69 **FIX            1
 **********
 **********
 **   70 **FIX            2
 **********
 PARAMETER    2  IS CONSTANT.   IGNORED.
 **********
 **   71 **FIX            3
 **********
 **********
 **   72 **FIX            4
 **********
 **********
 **   73 **FIX            5
 **********
 PARAMETER    5  IS CONSTANT.   IGNORED.
 **********
 **   74 **FIX            6
 **********
 **********
 **   75 **FIX            7
 **********
 PARAMETER    7  IS CONSTANT.   IGNORED.
 **********
 **   76 **FIX            8
 **********
 **********
 **   77 **FIX            9
 **********
 **********
 **   78 **FIX           10
 **********
 **********
 **   79 **FIX           11
 **********
 **********
 **   80 **FIX           12
 **********
 PARAMETER   12  IS CONSTANT.   IGNORED.
 **********
 **   81 **FIX           16
 **********
 **********
 **   82 **MIGRAD
 **********
 START MIGRAD MINIMIZATION.  STRATEGY  1.  CONVERGENCE WHEN EDM .LT. 1.00e-04
 FCN=43.608 FROM MIGRAD    STATUS=INITIATE       16 CALLS        4037 TOTAL
                     EDM= unknown      STRATEGY= 1      NO ERROR MATRIX       
  EXT PARAMETER               CURRENT GUESS       STEP         FIRST   
  NO.   NAME      VALUE            ERROR          SIZE      DERIVATIVE 
   1  N0           2.88734e+06     fixed    
   2  tau          6.43977e+01   constant   
   3  A0           3.56999e-01     fixed    
   4  phi          4.11619e+00     fixed    
   5  R           -6.10082e+01   constant   
   6  alpha_CBO   -2.50496e-03     fixed    
   7  w_CBO        2.32500e+00   constant   
   8  beta_CBO    -2.79356e-03     fixed    
   9  alpha_2CBO   2.56931e-04     fixed    
  10  beta_2CBO   -1.88821e-05     fixed    
  11  alpha_y      1.18821e-04     fixed    
  12  w_y          1.38860e+01   constant   
  13  beta_y      -1.36045e-04   2.70059e-04   2.70059e-04  -1.11255e+03
  14  alpha_vw     0.00000e+00   1.00000e-03   1.00000e-03  -1.02205e+04
  15  w_vw         1.43404e+01   constant   
  16  beta_vw      0.00000e+00     fixed    
  17  LM          -2.57919e-04   constant   
  18  zeta_y       0.00000e+00   constant   
  19  zeta_vw      0.00000e+00   constant   
  20  T_CBO        5.27413e+01   1.06673e+02   7.02640e-05  -8.74027e-04
  21  alpha_A0    -6.57993e-02   5.06693e-01   1.20250e-04   1.81671e-02
  22  beta_A0     -3.14444e-02   2.50087e-01   1.33359e-04   4.52983e-03
  23  alpha_phi   -7.84951e-02   6.06271e-01   1.17044e-04   5.14905e-03
  24  beta_phi    -4.39081e-02   3.34953e-01   1.12881e-04  -1.19881e-02
 MIGRAD MINIMIZATION HAS CONVERGED.
 MIGRAD WILL VERIFY CONVERGENCE AND ERROR MATRIX.
 COVARIANCE MATRIX CALCULATED SUCCESSFULLY
 FCN=41.7193 FROM HESSE     STATUS=OK             50 CALLS        4149 TOTAL
                     EDM=0.000405078    STRATEGY= 1      ERROR MATRIX ACCURATE 
  EXT PARAMETER                                   STEP         FIRST   
  NO.   NAME      VALUE            ERROR          SIZE      DERIVATIVE 
   1  N0           2.88734e+06     fixed    
   2  tau          6.43977e+01   constant   
   3  A0           3.56999e-01     fixed    
   4  phi          4.11619e+00     fixed    
   5  R           -6.10082e+01   constant   
   6  alpha_CBO   -2.50496e-03     fixed    
   7  w_CBO        2.32500e+00   constant   
   8  beta_CBO    -2.79356e-03     fixed    
   9  alpha_2CBO   2.56931e-04     fixed    
  10  beta_2CBO   -1.88821e-05     fixed    
  11  alpha_y      1.18821e-04     fixed    
  12  w_y          1.38860e+01   constant   
  13  beta_y      -1.73146e-04   2.75690e-04   8.60594e-07   1.96291e-01
  14  alpha_vw     3.73687e-04   2.73552e-04   8.53894e-07   1.71243e+00
  15  w_vw         1.43404e+01   constant   
