 + ++++++++++++++++++++++++++++++++++++++++++++++++++++++++++++++++++++ +
 +                                                                      +
 +           You have chose to blind your fitting according to          +
 +                omega_ref * (1 + (R +/- deltaR) *10^{-6})             +
 +                                                                      +
 + ++++++++++++++++++++++++++++++++++++++++++++++++++++++++++++++++++++ +
In main()...
reading format from /gm2data/zkhechad/run45/envelope/formats/formatB_sBin_constraintOn.txt
pBinTau 	= 0  
pBinPhi 	= 0  
constraintau 	= 1 
includeMopTerm 	= 0    
constrainMop    = 0   
Parameters after format file: pBinTau 0 pBinPhi 0 constraintau 1 includeMopTerm 0 constrainMop 0 c_e_scale 0.000000 
Opening file /gm2data/tbarrett/gm2fr/studies/run23_bunch_corrections/CorrectedFourier_Run3b.root.
reading full fit data from /gm2data/zkhechad/cboTemplates/Run4CBOTemplates/templateFits0_v2.0/noRF/sBin_constraintOn_cE0.0_seed0_noRF_calo12.root
windowBins = 69
fitting sliding window 1208 from bin 1344 at 200.375600 to bin 1413 at 210.819600 (69 bins)

Reading data from /gm2data/cornell/histograms/aMethod/histogram_a_noRF.root
 **********
 **    1 **SET PRINTOUT            1
 **********
 **********
 **    2 **SET NOWARNINGS 
 **********
 PARAMETER DEFINITIONS:
    NO.   NAME         VALUE      STEP SIZE      LIMITS
     1 N0           3.55039e+06  1.00000e+02     no limits
     2 tau          6.43775e+01  constant
     3 A0           3.53586e-01  1.00000e-04     no limits
     4 phi          4.11784e+00  1.00000e-02     no limits
     5 R           -5.99595e+01  constant
     6 alpha_CBO    0.00000e+00  1.00000e-03     no limits
     7 w_CBO        2.32500e+00  constant
     8 beta_CBO     0.00000e+00  1.00000e-03     no limits
     9 alpha_2CBO   0.00000e+00  1.00000e-03     no limits
    10 beta_2CBO    0.00000e+00  1.00000e-03     no limits
    11 alpha_y      0.00000e+00  1.00000e-03     no limits
    12 w_y          1.44500e+01  constant
    13 beta_y       0.00000e+00  1.00000e-03     no limits
    14 alpha_vw     0.00000e+00  1.00000e-03     no limits
    15 w_vw         1.29000e+01  constant
    16 beta_vw      0.00000e+00  1.00000e-03     no limits
    17 LM          -9.22867e-04  constant
    18 zeta_y       0.00000e+00  constant
    19 zeta_vw      0.00000e+00  constant
    20 T_CBO        1.00000e+02  1.00000e+00    0.00000e+00  1.00000e+03
    21 alpha_A0     0.00000e+00  1.00000e-03     no limits
    22 beta_A0      0.00000e+00  1.00000e-03     no limits
    23 alpha_phi    0.00000e+00  1.00000e-03     no limits
    24 beta_phi     0.00000e+00  1.00000e-03     no limits
MINUIT - FIT ONLY WIGGLE
 **********
 **    3 **FIX            5
 **********
 PARAMETER    5  IS CONSTANT.   IGNORED.
 **********
 **    4 **FIX            6
 **********
 **********
 **    5 **FIX            7
 **********
 PARAMETER    7  IS CONSTANT.   IGNORED.
 **********
 **    6 **FIX            8
 **********
 **********
 **    7 **FIX            9
 **********
 **********
 **    8 **FIX           10
 **********
 **********
 **    9 **FIX           11
 **********
 **********
 **   10 **FIX           12
 **********
 PARAMETER   12  IS CONSTANT.   IGNORED.
 **********
 **   11 **FIX           13
 **********
 **********
 **   12 **FIX           14
 **********
 **********
 **   13 **FIX           15
 **********
 PARAMETER   15  IS CONSTANT.   IGNORED.
 **********
 **   14 **FIX           16
 **********
 **********
 **   15 **MIGRAD
 **********
 FIRST CALL TO USER FUNCTION AT NEW START POINT, WITH IFLAG=4.
 START MIGRAD MINIMIZATION.  STRATEGY  1.  CONVERGENCE WHEN EDM .LT. 1.00e-04
 FCN=250.088 FROM MIGRAD    STATUS=INITIATE      437 CALLS         438 TOTAL
                     EDM= unknown      STRATEGY= 1      NO ERROR MATRIX       
  EXT PARAMETER               CURRENT GUESS       STEP         FIRST   
  NO.   NAME      VALUE            ERROR          SIZE      DERIVATIVE 
   1  N0           3.55039e+06   1.00000e+02   0.00000e+00  -1.65074e-03
   2  tau          6.43775e+01   constant   
   3  A0           3.53586e-01   1.00000e-04   0.00000e+00   1.82881e+04
   4  phi          4.11784e+00   1.00000e-02   0.00000e+00   4.69370e+03
   5  R           -5.99595e+01   constant   
   6  alpha_CBO    0.00000e+00     fixed    
   7  w_CBO        2.32500e+00   constant   
   8  beta_CBO     0.00000e+00     fixed    
   9  alpha_2CBO   0.00000e+00     fixed    
  10  beta_2CBO    0.00000e+00     fixed    
  11  alpha_y      0.00000e+00     fixed    
  12  w_y          1.44500e+01   constant   
  13  beta_y       0.00000e+00     fixed    
  14  alpha_vw     0.00000e+00     fixed    
  15  w_vw         1.29000e+01   constant   
  16  beta_vw      0.00000e+00     fixed    
  17  LM          -9.22867e-04   constant   
  18  zeta_y       0.00000e+00   constant   
  19  zeta_vw      0.00000e+00   constant   
  20  T_CBO        1.00000e+02   1.00000e+00   0.00000e+00   0.00000e+00
  21  alpha_A0     0.00000e+00   1.00000e-03   0.00000e+00  -2.35625e+02
  22  beta_A0      0.00000e+00   1.00000e-03   0.00000e+00   2.73771e+02
  23  alpha_phi    0.00000e+00   1.00000e-03   0.00000e+00  -1.46493e+02
  24  beta_phi     0.00000e+00   1.00000e-03   0.00000e+00  -7.89909e+02
 CALL LIMIT EXCEEDED IN MIGRAD.
 MIGRAD TERMINATED WITHOUT CONVERGENCE.
 FCN=230.765 FROM MIGRAD    STATUS=CALL LIMIT   1330 CALLS        1331 TOTAL
                     EDM=0.00246434    STRATEGY= 1  ERROR MATRIX UNCERTAINTY   0.2 per cent
  EXT PARAMETER                APPROXIMATE        STEP         FIRST   
  NO.   NAME      VALUE            ERROR          SIZE      DERIVATIVE 
   1  N0           3.55054e+06   7.58076e+02   3.14247e-01   1.87146e-05
   2  tau          6.43775e+01   constant   
   3  A0           3.53021e-01   2.39863e-04   6.36476e-07  -1.42375e+02
   4  phi          4.11648e+00   7.81914e-04   2.98754e-07  -8.81624e-03
   5  R           -5.99595e+01   constant   
   6  alpha_CBO    0.00000e+00     fixed    
   7  w_CBO        2.32500e+00   constant   
   8  beta_CBO     0.00000e+00     fixed    
   9  alpha_2CBO   0.00000e+00     fixed    
  10  beta_2CBO    0.00000e+00     fixed    
  11  alpha_y      0.00000e+00     fixed    
  12  w_y          1.44500e+01   constant   
  13  beta_y       0.00000e+00     fixed    
  14  alpha_vw     0.00000e+00     fixed    
  15  w_vw         1.29000e+01   constant   
  16  beta_vw      0.00000e+00     fixed    
  17  LM          -9.22867e-04   constant   
  18  zeta_y       0.00000e+00   constant   
  19  zeta_vw      0.00000e+00   constant   
  20  T_CBO        4.37812e+01   1.71768e+01   2.04391e-04   8.75974e-01
  21  alpha_A0     8.27852e-02   1.42945e-01   3.60799e-04  -1.86793e-01
  22  beta_A0     -1.57695e-01   2.89665e-01  -9.03859e-04   5.28269e-01
  23  alpha_phi    8.54456e-03   1.31005e-02   5.05051e-06   2.03224e-01
  24  beta_phi     3.03915e-01   5.63843e-01   1.57514e-03   3.48398e-01
 EXTERNAL ERROR MATRIX.    NDIM=  25    NPAR=  8    ERR DEF=1
  5.747e+05  4.664e-02 -3.171e-02 -5.078e+02  4.740e+00 -9.746e+00 -4.707e-01  1.458e+01 
  4.664e-02  5.753e-08  6.240e-09  1.526e-03 -1.240e-05  2.548e-05 -7.781e-07 -4.973e-05 
 -3.171e-02  6.240e-09  6.114e-07 -2.097e-04  3.661e-06 -4.459e-06  9.604e-07  1.080e-05 
 -5.078e+02  1.526e-03 -2.097e-04  2.957e+02 -2.423e+00  4.901e+00 -1.769e-01 -9.562e+00 
  4.740e+00 -1.240e-05  3.661e-06 -2.423e+00  2.043e-02 -4.128e-02  1.481e-03  8.042e-02 
 -9.746e+00  2.548e-05 -4.459e-06  4.901e+00 -4.128e-02  8.391e-02 -2.971e-03 -1.632e-01 
 -4.707e-01 -7.781e-07  9.604e-07 -1.769e-01  1.481e-03 -2.971e-03  1.716e-04  5.808e-03 
  1.458e+01 -4.973e-05  1.080e-05 -9.562e+00  8.042e-02 -1.632e-01  5.808e-03  3.179e-01 
ERR MATRIX APPROXIMATE
 PARAMETER  CORRELATION COEFFICIENTS  
       NO.  GLOBAL      1      3      4     20     21     22     23     24
        1  0.43467   1.000  0.256 -0.054 -0.039  0.044 -0.044 -0.047  0.034
        3  0.47697   0.256  1.000  0.033  0.370 -0.362  0.367 -0.248 -0.368
        4  0.22715  -0.054  0.033  1.000 -0.016  0.033 -0.020  0.094  0.024
       20  0.98744  -0.039  0.370 -0.016  1.000 -0.986  0.984 -0.785 -0.986
       21  0.99800   0.044 -0.362  0.033 -0.986  1.000 -0.997  0.791  0.998
       22  0.99929  -0.044  0.367 -0.020  0.984 -0.997  1.000 -0.783 -0.999
       23  0.80322  -0.047 -0.248  0.094 -0.785  0.791 -0.783  1.000  0.786
       24  0.99951   0.034 -0.368  0.024 -0.986  0.998 -0.999  0.786  1.000
 ERR MATRIX APPROXIMATE
MINUIT - FIT ONLY 1-CBO + wiggle
 **********
 **   16 **RES 
 **********
                   PARAMETER   16  beta_vw RESTORED TO VARIABLE.
                   PARAMETER   14  alpha_vw RESTORED TO VARIABLE.
                   PARAMETER   13  beta_y RESTORED TO VARIABLE.
                   PARAMETER   11  alpha_y RESTORED TO VARIABLE.
                   PARAMETER   10  beta_2CBO RESTORED TO VARIABLE.
                   PARAMETER    9  alpha_2CBO RESTORED TO VARIABLE.
                   PARAMETER    8  beta_CBO RESTORED TO VARIABLE.
                   PARAMETER    6  alpha_CBO RESTORED TO VARIABLE.
 **********
 **   17 **FIX            8
 **********
 **********
 **   18 **FIX            9
 **********
 **********
 **   19 **FIX           11
 **********
 **********
 **   20 **FIX           12
 **********
 PARAMETER   12  IS CONSTANT.   IGNORED.
 **********
 **   21 **FIX           14
 **********
 **********
 **   22 **FIX           15
 **********
 PARAMETER   15  IS CONSTANT.   IGNORED.
 **********
 **   23 **FIX           16
 **********
 **********
 **   24 **MIGRAD
 **********
 START MIGRAD MINIMIZATION.  STRATEGY  1.  CONVERGENCE WHEN EDM .LT. 1.00e-04
 FCN=230.765 FROM MIGRAD    STATUS=INITIATE       28 CALLS        1359 TOTAL
                     EDM= unknown      STRATEGY= 1      NO ERROR MATRIX       
  EXT PARAMETER               CURRENT GUESS       STEP         FIRST   
  NO.   NAME      VALUE            ERROR          SIZE      DERIVATIVE 
   1  N0           3.55054e+06   7.58076e+02   3.14247e-01   1.87146e-05
   2  tau          6.43775e+01   constant   
   3  A0           3.53021e-01   2.39863e-04   6.36476e-07  -1.42375e+02
   4  phi          4.11648e+00   7.81914e-04   2.98754e-07  -8.81630e-03
   5  R           -5.99595e+01   constant   
   6  alpha_CBO    0.00000e+00   1.00000e-03   1.00000e-03  -1.53483e+04
   7  w_CBO        2.32500e+00   constant   
   8  beta_CBO     0.00000e+00     fixed    
   9  alpha_2CBO   0.00000e+00     fixed    
  10  beta_2CBO    0.00000e+00   1.00000e-03   1.00000e-03  -1.17591e+04
  11  alpha_y      0.00000e+00     fixed    
  12  w_y          1.44500e+01   constant   
  13  beta_y       0.00000e+00   1.00000e-03   1.00000e-03  -5.21508e+03
  14  alpha_vw     0.00000e+00     fixed    
  15  w_vw         1.29000e+01   constant   
  16  beta_vw      0.00000e+00     fixed    
  17  LM          -9.22867e-04   constant   
  18  zeta_y       0.00000e+00   constant   
  19  zeta_vw      0.00000e+00   constant   
  20  T_CBO        4.37812e+01   1.71768e+01   2.04391e-04   8.75955e-01
  21  alpha_A0     8.27852e-02   1.42945e-01   3.60799e-04  -1.86793e-01
  22  beta_A0     -1.57695e-01   2.89665e-01  -9.03859e-04   5.28270e-01
  23  alpha_phi    8.54456e-03   1.31005e-02   5.05051e-06   2.03224e-01
  24  beta_phi     3.03915e-01   5.63843e-01   1.57514e-03   3.48398e-01
 CALL LIMIT EXCEEDED IN MIGRAD.
 MIGRAD TERMINATED WITHOUT CONVERGENCE.
 FCN=222.049 FROM MIGRAD    STATUS=CALL LIMIT   1919 CALLS        3250 TOTAL
                     EDM=0.00071842    STRATEGY= 1  ERROR MATRIX UNCERTAINTY   1.3 per cent
  EXT PARAMETER                APPROXIMATE        STEP         FIRST   
  NO.   NAME      VALUE            ERROR          SIZE      DERIVATIVE 
   1  N0           3.55053e+06   7.25940e+02   1.48553e+00  -2.21799e-06
   2  tau          6.43775e+01   constant   
   3  A0           3.52933e-01   2.57964e-04   1.48482e-06  -2.72102e+01
   4  phi          4.11678e+00   7.81567e-04   2.13074e-06   8.04953e+00
   5  R           -5.99595e+01   constant   
   6  alpha_CBO    6.75191e-04   3.01108e-04   4.20890e-06  -3.12091e+01
   7  w_CBO        2.32500e+00   constant   
   8  beta_CBO     0.00000e+00     fixed    
   9  alpha_2CBO   0.00000e+00     fixed    
  10  beta_2CBO    4.85839e-04   2.92320e-04  -2.64601e-06  -1.43651e+01
  11  alpha_y      0.00000e+00     fixed    
  12  w_y          1.44500e+01   constant   
  13  beta_y       1.98601e-04   2.85417e-04  -1.10375e-06   9.97689e+00
  14  alpha_vw     0.00000e+00     fixed    
  15  w_vw         1.29000e+01   constant   
  16  beta_vw      0.00000e+00     fixed    
  17  LM          -9.22867e-04   constant   
  18  zeta_y       0.00000e+00   constant   
  19  zeta_vw      0.00000e+00   constant   
  20  T_CBO        2.14341e+01   6.75386e+00  -1.87065e-03  -1.06491e+01
  21  alpha_A0     7.50769e+00   1.63542e+01   5.70383e-01  -3.23358e-03
  22  beta_A0     -1.75841e+01   4.71325e+01  -1.81892e+00   7.57570e-03
  23  alpha_phi    3.05815e+00   5.70756e+00   1.76658e-01  -1.70893e-03
  24  beta_phi     3.78837e+01   1.03747e+02   4.00650e+00  -1.10926e-03
 EXTERNAL ERROR MATRIX.    NDIM=  25    NPAR= 11    ERR DEF=1
  5.270e+05 
  3.908e-02  6.655e-08 
 -3.707e-02  4.482e-09  6.108e-07 
  7.777e-03 -5.110e-09  3.695e-08  9.067e-08 
 -6.994e-04 -5.143e-09 -9.785e-09 -2.499e-09  8.545e-08 
 -4.661e-04  4.973e-10  5.959e-10 -2.831e-09  1.526e-11  8.146e-08 
  1.532e+02  1.105e-04 -1.040e-04 -5.294e-05 -3.885e-05  3.845e-05  4.565e+01 
  5.173e+01  2.954e-05  9.172e-04  2.430e-04 -2.493e-04 -4.839e-05 -9.879e+01  2.675e+02 
  1.152e+03  7.221e-04 -1.000e-03 -6.269e-04  7.710e-05  3.318e-04  3.163e+02 -6.690e+02  2.221e+03 
  6.502e+01  4.895e-05  3.807e-04  8.680e-05 -1.130e-04 -5.479e-06 -3.037e+01  9.139e+01 -2.015e+02  3.258e+01 
 -2.457e+03 -1.513e-03  2.394e-03  1.400e-03 -2.311e-04 -7.193e-04 -6.969e+02  1.490e+03 -4.889e+03  4.519e+02  1.076e+04 
ERR MATRIX APPROXIMATE
 PARAMETER  CORRELATION COEFFICIENTS  
       NO.  GLOBAL      1      3      4      6     10     13     20     21     22     23     24
        1  0.34213   1.000  0.209 -0.065  0.036 -0.003 -0.002  0.031  0.004  0.034  0.016 -0.033
        3  0.31186   0.209  1.000  0.022 -0.066 -0.068  0.007  0.063  0.007  0.059  0.033 -0.057
        4  0.23717  -0.065  0.022  1.000  0.157 -0.043  0.003 -0.020  0.072 -0.027  0.085  0.030
        6  0.32150   0.036 -0.066  0.157  1.000 -0.028 -0.033 -0.026  0.049 -0.044  0.051  0.045
       10  0.36326  -0.003 -0.068 -0.043 -0.028  1.000  0.000 -0.020 -0.052  0.006 -0.068 -0.008
       13  0.05893  -0.002  0.007  0.003 -0.033  0.000  1.000  0.020 -0.010  0.025 -0.003 -0.024
       20  0.99655   0.031  0.063 -0.020 -0.026 -0.020  0.020  1.000 -0.894  0.993 -0.787 -0.994
       21  0.99989   0.004  0.007  0.072  0.049 -0.052 -0.010 -0.894  1.000 -0.868  0.979  0.878
       22  0.99999   0.034  0.059 -0.027 -0.044  0.006  0.025  0.993 -0.868  1.000 -0.749 -1.000
       23  0.99976   0.016  0.033  0.085  0.051 -0.068 -0.003 -0.787  0.979 -0.749  1.000  0.763
       24  0.99999  -0.033 -0.057  0.030  0.045 -0.008 -0.024 -0.994  0.878 -1.000  0.763  1.000
 ERR MATRIX APPROXIMATE
MINUIT - FIT ONLY 2-CBO
 **********
 **   25 **RES 
 **********
                   PARAMETER   16  beta_vw RESTORED TO VARIABLE.
                   PARAMETER   14  alpha_vw RESTORED TO VARIABLE.
                   PARAMETER   11  alpha_y RESTORED TO VARIABLE.
                   PARAMETER    9  alpha_2CBO RESTORED TO VARIABLE.
                   PARAMETER    8  beta_CBO RESTORED TO VARIABLE.
 **********
 **   26 **FIX            0
 **********
 PARAMETER    0  IS UNDEFINED. IGNORED.
 **********
 **   27 **FIX            1
 **********
 **********
 **   28 **FIX            2
 **********
 PARAMETER    2  IS CONSTANT.   IGNORED.
 **********
 **   29 **FIX            3
 **********
 **********
 **   30 **FIX            4
 **********
 **********
 **   31 **FIX            5
 **********
 PARAMETER    5  IS CONSTANT.   IGNORED.
 **********
 **   32 **FIX            6
 **********
 **********
 **   33 **FIX            7
 **********
 PARAMETER    7  IS CONSTANT.   IGNORED.
 **********
 **   34 **FIX           10
 **********
 **********
 **   35 **FIX           11
 **********
 **********
 **   36 **FIX           12
 **********
 PARAMETER   12  IS CONSTANT.   IGNORED.
 **********
 **   37 **FIX           13
 **********
 **********
 **   38 **FIX           14
 **********
 **********
 **   39 **FIX           15
 **********
 PARAMETER   15  IS CONSTANT.   IGNORED.
 **********
 **   40 **FIX           16
 **********
 **********
 **   41 **MIGRAD
 **********
 START MIGRAD MINIMIZATION.  STRATEGY  1.  CONVERGENCE WHEN EDM .LT. 1.00e-04
 FCN=222.049 FROM MIGRAD    STATUS=INITIATE       18 CALLS        3268 TOTAL
                     EDM= unknown      STRATEGY= 1      NO ERROR MATRIX       
  EXT PARAMETER               CURRENT GUESS       STEP         FIRST   
  NO.   NAME      VALUE            ERROR          SIZE      DERIVATIVE 
   1  N0           3.55053e+06     fixed    
   2  tau          6.43775e+01   constant   
   3  A0           3.52933e-01     fixed    
   4  phi          4.11678e+00     fixed    
   5  R           -5.99595e+01   constant   
   6  alpha_CBO    6.75191e-04     fixed    
   7  w_CBO        2.32500e+00   constant   
   8  beta_CBO     0.00000e+00   1.00000e-03   1.00000e-03   8.94254e+04
   9  alpha_2CBO   0.00000e+00   1.00000e-03   1.00000e-03   1.19431e+04
  10  beta_2CBO    4.85839e-04     fixed    
  11  alpha_y      0.00000e+00     fixed    
  12  w_y          1.44500e+01   constant   
  13  beta_y       1.98601e-04     fixed    
  14  alpha_vw     0.00000e+00     fixed    
  15  w_vw         1.29000e+01   constant   
  16  beta_vw      0.00000e+00     fixed    
  17  LM          -9.22867e-04   constant   
  18  zeta_y       0.00000e+00   constant   
  19  zeta_vw      0.00000e+00   constant   
  20  T_CBO        2.14341e+01   6.75386e+00  -1.87065e-03  -1.06491e+01
  21  alpha_A0     7.50769e+00   1.63542e+01   5.70383e-01  -3.23358e-03
  22  beta_A0     -1.75841e+01   4.71325e+01  -1.81892e+00   7.57570e-03
  23  alpha_phi    3.05815e+00   5.70756e+00   1.76658e-01  -1.70893e-03
  24  beta_phi     3.78837e+01   1.03747e+02   4.00650e+00  -1.10926e-03
 CALL LIMIT EXCEEDED IN MIGRAD.
 MIGRAD TERMINATED WITHOUT CONVERGENCE.
 FCN=51.1641 FROM MIGRAD    STATUS=CALL LIMIT   1148 CALLS        4398 TOTAL
                     EDM=0.0108426    STRATEGY= 1  ERROR MATRIX UNCERTAINTY 100.0 per cent
  EXT PARAMETER                APPROXIMATE        STEP         FIRST   
  NO.   NAME      VALUE            ERROR          SIZE      DERIVATIVE 
   1  N0           3.55053e+06     fixed    
   2  tau          6.43775e+01   constant   
   3  A0           3.52933e-01     fixed    
   4  phi          4.11678e+00     fixed    
   5  R           -5.99595e+01   constant   
   6  alpha_CBO    6.75191e-04     fixed    
   7  w_CBO        2.32500e+00   constant   
   8  beta_CBO    -3.73149e-03   2.71101e-04  -1.38392e-07  -2.61912e+01
   9  alpha_2CBO  -6.68366e-04   2.97812e-04   2.34212e-07  -2.68287e+00
  10  beta_2CBO    4.85839e-04     fixed    
  11  alpha_y      0.00000e+00     fixed    
  12  w_y          1.44500e+01   constant   
  13  beta_y       1.98601e-04     fixed    
  14  alpha_vw     0.00000e+00     fixed    
  15  w_vw         1.29000e+01   constant   
  16  beta_vw      0.00000e+00     fixed    
  17  LM          -9.22867e-04   constant   
  18  zeta_y       0.00000e+00   constant   
  19  zeta_vw      0.00000e+00   constant   
  20  T_CBO        4.61262e+01   1.41848e+01   3.61421e-04  -8.06227e-01
  21  alpha_A0     4.50700e-02   1.53839e-01   2.75572e-03   2.14679e-01
  22  beta_A0     -2.65963e-02   1.08596e-01  -1.56581e-04  -2.61499e-01
  23  alpha_phi    8.75510e-02   1.65231e-01   3.84438e-03   5.76325e-02
  24  beta_phi    -4.66367e-02   1.39926e-01  -1.24974e-03   3.74414e-01
 EXTERNAL ERROR MATRIX.    NDIM=  25    NPAR=  7    ERR DEF=1
  7.350e-08  6.718e-09  1.498e-04 -6.940e-07 -2.213e-06 -2.252e-06  6.294e-06 
  6.718e-09  8.869e-08  1.423e-04  7.239e-06  6.028e-06 -5.315e-06  3.603e-06 
  1.498e-04  1.423e-04  2.015e+02  3.018e-01  1.114e-01 -1.804e+00  1.665e+00 
 -6.940e-07  7.239e-06  3.018e-01  2.367e-02  8.314e-03 -8.992e-03 -1.660e-04 
 -2.213e-06  6.028e-06  1.114e-01  8.314e-03  1.179e-02 -2.895e-03  2.592e-03 
 -2.252e-06 -5.315e-06 -1.804e+00 -8.992e-03 -2.895e-03  2.730e-02 -1.487e-02 
  6.294e-06  3.603e-06  1.665e+00 -1.660e-04  2.592e-03 -1.487e-02  1.958e-02 
ERR MATRIX APPROXIMATE
 PARAMETER  CORRELATION COEFFICIENTS  
       NO.  GLOBAL      8      9     20     21     22     23     24
        8  0.31588   1.000  0.083  0.039 -0.017 -0.075 -0.050  0.166
        9  0.24658   0.083  1.000  0.034  0.158  0.186 -0.108  0.086
       20  0.90351   0.039  0.034  1.000  0.138  0.072 -0.769  0.838
       21  0.68419  -0.017  0.158  0.138  1.000  0.498 -0.354 -0.008
       22  0.61928  -0.075  0.186  0.072  0.498  1.000 -0.161  0.171
       23  0.81266  -0.050 -0.108 -0.769 -0.354 -0.161  1.000 -0.643
       24  0.88469   0.166  0.086  0.838 -0.008  0.171 -0.643  1.000
 ERR MATRIX APPROXIMATE
MINUIT - FIT wiggle + 1-CBO + 2-CBO
 **********
 **   42 **RES 
 **********
                   PARAMETER   16  beta_vw RESTORED TO VARIABLE.
                   PARAMETER   14  alpha_vw RESTORED TO VARIABLE.
                   PARAMETER   13  beta_y RESTORED TO VARIABLE.
                   PARAMETER   11  alpha_y RESTORED TO VARIABLE.
                   PARAMETER   10  beta_2CBO RESTORED TO VARIABLE.
                   PARAMETER    6  alpha_CBO RESTORED TO VARIABLE.
                   PARAMETER    4  phi RESTORED TO VARIABLE.
                   PARAMETER    3  A0 RESTORED TO VARIABLE.
                   PARAMETER    1  N0 RESTORED TO VARIABLE.
 **********
 **   43 **FIX           10
 **********
 **********
 **   44 **FIX           11
 **********
 **********
 **   45 **FIX           12
 **********
 PARAMETER   12  IS CONSTANT.   IGNORED.
 **********
 **   46 **FIX           13
 **********
 **********
 **   47 **FIX           14
 **********
 **********
 **   48 **FIX           15
 **********
 PARAMETER   15  IS CONSTANT.   IGNORED.
 **********
 **   49 **FIX           16
 **********
 **********
 **   50 **MIGRAD
 **********
 START MIGRAD MINIMIZATION.  STRATEGY  1.  CONVERGENCE WHEN EDM .LT. 1.00e-04
 FCN=51.1641 FROM MIGRAD    STATUS=INITIATE       22 CALLS        4420 TOTAL
                     EDM= unknown      STRATEGY= 1      NO ERROR MATRIX       
  EXT PARAMETER               CURRENT GUESS       STEP         FIRST   
  NO.   NAME      VALUE            ERROR          SIZE      DERIVATIVE 
   1  N0           3.55053e+06   7.25940e+02   7.25940e+02  -7.53210e-04
   2  tau          6.43775e+01   constant   
   3  A0           3.52933e-01   2.57964e-04   2.57964e-04  -1.66156e+04
   4  phi          4.11678e+00   7.81567e-04   7.81567e-04  -5.51437e+03
   5  R           -5.99595e+01   constant   
   6  alpha_CBO    6.75191e-04   3.01108e-04   3.01108e-04   8.44860e+02
   7  w_CBO        2.32500e+00   constant   
   8  beta_CBO    -3.73149e-03   2.71101e-04  -1.38392e-07  -2.61912e+01
   9  alpha_2CBO  -6.68366e-04   2.97812e-04   2.34212e-07  -2.68287e+00
  10  beta_2CBO    4.85839e-04     fixed    
  11  alpha_y      0.00000e+00     fixed    
  12  w_y          1.44500e+01   constant   
  13  beta_y       1.98601e-04     fixed    
  14  alpha_vw     0.00000e+00     fixed    
  15  w_vw         1.29000e+01   constant   
  16  beta_vw      0.00000e+00     fixed    
  17  LM          -9.22867e-04   constant   
  18  zeta_y       0.00000e+00   constant   
  19  zeta_vw      0.00000e+00   constant   
  20  T_CBO        4.61262e+01   1.41848e+01   3.61421e-04  -8.06250e-01
  21  alpha_A0     4.50700e-02   1.53839e-01   2.75572e-03   2.14679e-01
  22  beta_A0     -2.65963e-02   1.08596e-01  -1.56581e-04  -2.61500e-01
  23  alpha_phi    8.75510e-02   1.65231e-01   3.84438e-03   5.76325e-02
  24  beta_phi    -4.66367e-02   1.39926e-01  -1.24974e-03   3.74414e-01
 CALL LIMIT EXCEEDED IN MIGRAD.
 MIGRAD TERMINATED WITHOUT CONVERGENCE.
 FCN=40.5254 FROM MIGRAD    STATUS=CALL LIMIT   1924 CALLS        6322 TOTAL
                     EDM=0.000408958    STRATEGY= 1  ERROR MATRIX UNCERTAINTY   0.2 per cent
  EXT PARAMETER                APPROXIMATE        STEP         FIRST   
  NO.   NAME      VALUE            ERROR          SIZE      DERIVATIVE 
   1  N0           3.55094e+06   6.81063e+02  -2.46932e-01  -3.17972e-06
   2  tau          6.43775e+01   constant   
   3  A0           3.53535e-01   2.47739e-04   1.00326e-06   7.45772e+01
   4  phi          4.11870e+00   7.81832e-04  -6.17212e-07  -3.06539e+00
   5  R           -5.99595e+01   constant   
   6  alpha_CBO    6.84525e-04   2.84565e-04   1.76813e-06   7.90986e+01
   7  w_CBO        2.32500e+00   constant   
   8  beta_CBO    -3.97154e-03   2.81727e-04  -8.00393e-07  -2.79734e+01
   9  alpha_2CBO  -6.42334e-04   2.67993e-04  -2.61512e-08  -1.98706e-01
  10  beta_2CBO    4.85839e-04     fixed    
  11  alpha_y      0.00000e+00     fixed    
  12  w_y          1.44500e+01   constant   
  13  beta_y       1.98601e-04     fixed    
  14  alpha_vw     0.00000e+00     fixed    
  15  w_vw         1.29000e+01   constant   
  16  beta_vw      0.00000e+00     fixed    
  17  LM          -9.22867e-04   constant   
  18  zeta_y       0.00000e+00   constant   
  19  zeta_vw      0.00000e+00   constant   
  20  T_CBO        6.06244e+02   5.68419e+02   1.27373e-01  -2.16525e-02
  21  alpha_A0     1.57673e-03   3.92976e-03  -9.07297e-05  -7.11933e+00
  22  beta_A0      1.99680e-04   2.02436e-03  -3.20098e-06  -3.29425e+00
  23  alpha_phi    2.13439e-03   4.97803e-03  -9.26666e-05  -1.82819e+01
  24  beta_phi    -8.44967e-04   2.61683e-03   3.08061e-05   5.77588e+00
 EXTERNAL ERROR MATRIX.    NDIM=  25    NPAR= 11    ERR DEF=1
  4.638e+05 
  2.989e-02  6.137e-08 
  7.898e-03  1.953e-08  6.113e-07 
  3.447e-03 -6.729e-09  3.098e-08  8.098e-08 
 -9.353e-03 -1.031e-08 -5.050e-08 -3.121e-09  7.937e-08 
  8.079e-03 -1.280e-09 -1.244e-09  9.186e-10 -5.575e-10  7.182e-08 
 -2.217e+04  1.775e-02  1.839e-02  6.641e-02 -2.576e-02  1.704e-03  1.027e+07 
  1.738e-01  3.420e-08  1.676e-07 -7.131e-08 -1.182e-08  5.762e-08 -1.145e+01  1.544e-05 
 -1.809e-01  4.373e-08  1.836e-07  1.919e-08 -7.861e-08  7.585e-08 -1.155e+00  2.172e-06  4.098e-06 
 -8.235e-02  3.360e-08  8.292e-08  4.126e-08 -4.309e-09 -3.998e-08 -1.494e+01  1.626e-05  1.819e-06  2.478e-05 
 -1.670e-01 -8.057e-09  3.202e-08  1.211e-08  9.900e-08  3.732e-08  6.087e+00 -6.680e-06 -8.617e-07 -8.916e-06  6.848e-06 
ERR MATRIX APPROXIMATE
 PARAMETER  CORRELATION COEFFICIENTS  
       NO.  GLOBAL      1      3      4      6      8      9     20     21     22     23     24
        1  0.33735   1.000  0.177  0.015  0.018 -0.049  0.044 -0.010  0.065 -0.131 -0.024 -0.094
        3  0.34702   0.177  1.000  0.101 -0.095 -0.148 -0.019  0.022  0.035  0.087  0.027 -0.012
        4  0.31520   0.015  0.101  1.000  0.139 -0.229 -0.006  0.007  0.055  0.116  0.021  0.016
        6  0.36035   0.018 -0.095  0.139  1.000 -0.039  0.012  0.073 -0.064  0.033  0.029  0.016
        8  0.36392  -0.049 -0.148 -0.229 -0.039  1.000 -0.007 -0.029 -0.011 -0.138 -0.003  0.134
        9  0.21837   0.044 -0.019 -0.006  0.012 -0.007  1.000  0.002  0.055  0.140 -0.030  0.053
       20  0.97362  -0.010  0.022  0.007  0.073 -0.029  0.002  1.000 -0.909 -0.178 -0.937  0.726
       21  0.92418   0.065  0.035  0.055 -0.064 -0.011  0.055 -0.909  1.000  0.273  0.831 -0.650
       22  0.41869  -0.131  0.087  0.116  0.033 -0.138  0.140 -0.178  0.273  1.000  0.181 -0.163
       23  0.94706  -0.024  0.027  0.021  0.029 -0.003 -0.030 -0.937  0.831  0.181  1.000 -0.684
       24  0.75350  -0.094 -0.012  0.016  0.016  0.134  0.053  0.726 -0.650 -0.163 -0.684  1.000
 ERR MATRIX APPROXIMATE
MINUIT - FIT ONLY 1-y
 **********
 **   51 **RES 
 **********
                   PARAMETER   16  beta_vw RESTORED TO VARIABLE.
                   PARAMETER   14  alpha_vw RESTORED TO VARIABLE.
                   PARAMETER   13  beta_y RESTORED TO VARIABLE.
                   PARAMETER   11  alpha_y RESTORED TO VARIABLE.
                   PARAMETER   10  beta_2CBO RESTORED TO VARIABLE.
 **********
 **   52 **FIX            0
 **********
 PARAMETER    0  IS UNDEFINED. IGNORED.
 **********
 **   53 **FIX            1
 **********
 **********
 **   54 **FIX            2
 **********
 PARAMETER    2  IS CONSTANT.   IGNORED.
 **********
 **   55 **FIX            3
 **********
 **********
 **   56 **FIX            4
 **********
 **********
 **   57 **FIX            5
 **********
 PARAMETER    5  IS CONSTANT.   IGNORED.
 **********
 **   58 **FIX            6
 **********
 **********
 **   59 **FIX            7
 **********
 PARAMETER    7  IS CONSTANT.   IGNORED.
 **********
 **   60 **FIX            8
 **********
 **********
 **   61 **FIX            9
 **********
 **********
 **   62 **FIX           13
 **********
 **********
 **   63 **FIX           14
 **********
 **********
 **   64 **FIX           15
 **********
 PARAMETER   15  IS CONSTANT.   IGNORED.
 **********
 **   65 **FIX           16
 **********
 **********
 **   66 **MIGRAD
 **********
 START MIGRAD MINIMIZATION.  STRATEGY  1.  CONVERGENCE WHEN EDM .LT. 1.00e-04
 FCN=40.5254 FROM MIGRAD    STATUS=INITIATE       16 CALLS        6338 TOTAL
                     EDM= unknown      STRATEGY= 1      NO ERROR MATRIX       
  EXT PARAMETER               CURRENT GUESS       STEP         FIRST   
  NO.   NAME      VALUE            ERROR          SIZE      DERIVATIVE 
   1  N0           3.55094e+06     fixed    
   2  tau          6.43775e+01   constant   
   3  A0           3.53535e-01     fixed    
   4  phi          4.11870e+00     fixed    
   5  R           -5.99595e+01   constant   
   6  alpha_CBO    6.84525e-04     fixed    
   7  w_CBO        2.32500e+00   constant   
   8  beta_CBO    -3.97154e-03     fixed    
   9  alpha_2CBO  -6.42334e-04     fixed    
  10  beta_2CBO    4.85839e-04   2.92320e-04   2.92320e-04   1.20738e+03
  11  alpha_y      0.00000e+00   1.00000e-03   1.00000e-03   1.44197e+03
  12  w_y          1.44500e+01   constant   
  13  beta_y       1.98601e-04     fixed    
  14  alpha_vw     0.00000e+00     fixed    
  15  w_vw         1.29000e+01   constant   
  16  beta_vw      0.00000e+00     fixed    
  17  LM          -9.22867e-04   constant   
  18  zeta_y       0.00000e+00   constant   
  19  zeta_vw      0.00000e+00   constant   
  20  T_CBO        6.06244e+02   5.68419e+02   1.27373e-01  -2.16578e-02
  21  alpha_A0     1.57673e-03   3.92976e-03  -9.07297e-05  -7.11934e+00
  22  beta_A0      1.99680e-04   2.02436e-03  -3.20098e-06  -3.29424e+00
  23  alpha_phi    2.13439e-03   4.97803e-03  -9.26666e-05  -1.82819e+01
  24  beta_phi    -8.44967e-04   2.61683e-03   3.08061e-05   5.77588e+00
 MIGRAD MINIMIZATION HAS CONVERGED.
 MIGRAD WILL VERIFY CONVERGENCE AND ERROR MATRIX.
 COVARIANCE MATRIX CALCULATED SUCCESSFULLY
 FCN=40.4505 FROM MIGRAD    STATUS=CONVERGED     288 CALLS        6610 TOTAL
                     EDM=1.9163e-05    STRATEGY= 1      ERROR MATRIX ACCURATE 
  EXT PARAMETER                                   STEP         FIRST   
  NO.   NAME      VALUE            ERROR          SIZE      DERIVATIVE 
   1  N0           3.55094e+06     fixed    
   2  tau          6.43775e+01   constant   
   3  A0           3.53535e-01     fixed    
   4  phi          4.11870e+00     fixed    
   5  R           -5.99595e+01   constant   
   6  alpha_CBO    6.84525e-04     fixed    
   7  w_CBO        2.32500e+00   constant   
   8  beta_CBO    -3.97154e-03     fixed    
   9  alpha_2CBO  -6.42334e-04     fixed    
  10  beta_2CBO    4.35508e-04   2.89145e-04   8.88805e-07  -4.39098e+00
  11  alpha_y     -5.65399e-05   2.82048e-04   8.86270e-07   2.29502e+00
  12  w_y          1.44500e+01   constant   
  13  beta_y       1.98601e-04     fixed    
  14  alpha_vw     0.00000e+00     fixed    
  15  w_vw         1.29000e+01   constant   
  16  beta_vw      0.00000e+00     fixed    
  17  LM          -9.22867e-04   constant   
  18  zeta_y       0.00000e+00   constant   
  19  zeta_vw      0.00000e+00   constant   
  20  T_CBO        9.98247e+02   5.33933e+02   6.37040e-02  -2.22360e-04
  21  alpha_A0     1.42638e-03   1.40432e-03   4.27468e-06   1.96807e-01
  22  beta_A0      1.65932e-04   1.33076e-03   4.14160e-06   1.04563e+00
  23  alpha_phi    1.91330e-03   1.27817e-03   3.86804e-06  -1.47600e+00
  24  beta_phi    -7.28226e-04   1.19140e-03   3.71624e-06  -1.22677e+00
 EXTERNAL ERROR MATRIX.    NDIM=  25    NPAR=  7    ERR DEF=1
  8.360e-08 -1.234e-09 -9.372e-05 -5.266e-08  3.393e-08 -4.359e-08 -2.682e-08 
 -1.234e-09  7.955e-08  2.823e-05 -6.363e-09 -7.759e-09 -5.819e-11 -5.069e-10 
 -9.372e-05  2.823e-05  1.145e+06 -2.106e-01 -2.458e-02 -2.782e-01  1.068e-01 
 -5.266e-08 -6.363e-09 -2.106e-01  1.972e-06  1.686e-07  3.012e-07  3.520e-08 
  3.393e-08 -7.759e-09 -2.458e-02  1.686e-07  1.771e-06  6.151e-08 -5.025e-08 
 -4.359e-08 -5.819e-11 -2.782e-01  3.012e-07  6.151e-08  1.634e-06 -6.536e-08 
 -2.682e-08 -5.069e-10  1.068e-01  3.520e-08 -5.025e-08 -6.536e-08  1.419e-06 
 PARAMETER  CORRELATION COEFFICIENTS  
       NO.  GLOBAL     10     11     20     21     22     23     24
       10  0.20947   1.000 -0.015 -0.000 -0.130  0.088 -0.118 -0.078
       11  0.02976  -0.015  1.000  0.000 -0.016 -0.021 -0.000 -0.002
       20  0.24496  -0.000  0.000  1.000 -0.140 -0.017 -0.203  0.084
       21  0.25042  -0.130 -0.016 -0.140  1.000  0.090  0.168  0.021
       22  0.14213   0.088 -0.021 -0.017  0.090  1.000  0.036 -0.032
       23  0.27126  -0.118 -0.000 -0.203  0.168  0.036  1.000 -0.043
       24  0.12560  -0.078 -0.002  0.084  0.021 -0.032 -0.043  1.000
MINUIT - FIT ONLY 2-y
 **********
 **   67 **RES 
 **********
                   PARAMETER   16  beta_vw RESTORED TO VARIABLE.
                   PARAMETER   14  alpha_vw RESTORED TO VARIABLE.
                   PARAMETER   13  beta_y RESTORED TO VARIABLE.
                   PARAMETER    9  alpha_2CBO RESTORED TO VARIABLE.
                   PARAMETER    8  beta_CBO RESTORED TO VARIABLE.
                   PARAMETER    6  alpha_CBO RESTORED TO VARIABLE.
                   PARAMETER    4  phi RESTORED TO VARIABLE.
                   PARAMETER    3  A0 RESTORED TO VARIABLE.
                   PARAMETER    1  N0 RESTORED TO VARIABLE.
 **********
 **   68 **FIX            0
 **********
 PARAMETER    0  IS UNDEFINED. IGNORED.
 **********
 **   69 **FIX            1
 **********
 **********
 **   70 **FIX            2
 **********
 PARAMETER    2  IS CONSTANT.   IGNORED.
 **********
 **   71 **FIX            3
 **********
 **********
 **   72 **FIX            4
 **********
 **********
 **   73 **FIX            5
 **********
 PARAMETER    5  IS CONSTANT.   IGNORED.
 **********
 **   74 **FIX            6
 **********
 **********
 **   75 **FIX            7
 **********
 PARAMETER    7  IS CONSTANT.   IGNORED.
 **********
 **   76 **FIX            8
 **********
 **********
 **   77 **FIX            9
 **********
 **********
 **   78 **FIX           10
 **********
 **********
 **   79 **FIX           11
 **********
 **********
 **   80 **FIX           12
 **********
 PARAMETER   12  IS CONSTANT.   IGNORED.
 **********
 **   81 **FIX           16
 **********
 **********
 **   82 **MIGRAD
 **********
 START MIGRAD MINIMIZATION.  STRATEGY  1.  CONVERGENCE WHEN EDM .LT. 1.00e-04
 FCN=40.4505 FROM MIGRAD    STATUS=INITIATE       16 CALLS        6626 TOTAL
                     EDM= unknown      STRATEGY= 1      NO ERROR MATRIX       
  EXT PARAMETER               CURRENT GUESS       STEP         FIRST   
  NO.   NAME      VALUE            ERROR          SIZE      DERIVATIVE 
   1  N0           3.55094e+06     fixed    
   2  tau          6.43775e+01   constant   
   3  A0           3.53535e-01     fixed    
   4  phi          4.11870e+00     fixed    
   5  R           -5.99595e+01   constant   
   6  alpha_CBO    6.84525e-04     fixed    
   7  w_CBO        2.32500e+00   constant   
   8  beta_CBO    -3.97154e-03     fixed    
   9  alpha_2CBO  -6.42334e-04     fixed    
  10  beta_2CBO    4.35508e-04     fixed    
  11  alpha_y     -5.65399e-05     fixed    
  12  w_y          1.44500e+01   constant   
  13  beta_y       1.98601e-04   2.85417e-04   2.85417e-04  -7.74400e+02
  14  alpha_vw     0.00000e+00   1.00000e-03   1.00000e-03  -5.53665e+03
  15  w_vw         1.29000e+01   constant   
  16  beta_vw      0.00000e+00     fixed    
  17  LM          -9.22867e-04   constant   
  18  zeta_y       0.00000e+00   constant   
  19  zeta_vw      0.00000e+00   constant   
  20  T_CBO        9.98247e+02   5.33933e+02   6.37040e-02  -2.24370e-04
  21  alpha_A0     1.42638e-03   1.40432e-03   4.27468e-06   1.96805e-01
  22  beta_A0      1.65932e-04   1.33076e-03   4.14160e-06   1.04558e+00
  23  alpha_phi    1.91330e-03   1.27817e-03   3.86804e-06  -1.47600e+00
  24  beta_phi    -7.28226e-04   1.19140e-03   3.71624e-06  -1.22677e+00
 MIGRAD MINIMIZATION HAS CONVERGED.
 MIGRAD WILL VERIFY CONVERGENCE AND ERROR MATRIX.
 COVARIANCE MATRIX CALCULATED SUCCESSFULLY
 FCN=39.8313 FROM MIGRAD    STATUS=CONVERGED      99 CALLS        6709 TOTAL
                     EDM=3.46086e-06    STRATEGY= 1      ERROR MATRIX ACCURATE 
  EXT PARAMETER                                   STEP         FIRST   
  NO.   NAME      VALUE            ERROR          SIZE      DERIVATIVE 
   1  N0           3.55094e+06     fixed    
   2  tau          6.43775e+01   constant   
   3  A0           3.53535e-01     fixed    
   4  phi          4.11870e+00     fixed    
   5  R           -5.99595e+01   constant   
   6  alpha_CBO    6.84525e-04     fixed    
   7  w_CBO        2.32500e+00   constant   
   8  beta_CBO    -3.97154e-03     fixed    
   9  alpha_2CBO  -6.42334e-04     fixed    
  10  beta_2CBO    4.35508e-04     fixed    
  11  alpha_y     -5.65399e-05     fixed    
  12  w_y          1.44500e+01   constant   
  13  beta_y       2.29370e-04   2.84120e-04   8.86186e-07  -6.08727e-01
  14  alpha_vw     2.19367e-04   2.81548e-04   8.78360e-07  -2.16692e-01
  15  w_vw         1.29000e+01   constant   
  16  beta_vw      0.00000e+00     fixed    
  17  LM          -9.22867e-04   constant   
  18  zeta_y       0.00000e+00   constant   
  19  zeta_vw      0.00000e+00   constant   
  20  T_CBO        9.99988e+02   7.79998e+02   6.70361e-02   1.94890e-05
  21  alpha_A0     1.43739e-03   1.38738e-03   4.24053e-06   9.03491e-02
  22  beta_A0      1.74677e-04   1.32500e-03   4.10851e-06  -3.10205e-01
  23  alpha_phi    1.91405e-03   1.26013e-03   3.83712e-06  -2.07838e+00
  24  beta_phi    -7.27956e-04   1.18595e-03   3.68652e-06  -2.21092e-01
 EXTERNAL ERROR MATRIX.    NDIM=  25    NPAR=  7    ERR DEF=1
  8.072e-08 -1.672e-10 -3.925e-06  4.030e-09 -4.803e-09  6.824e-09 -1.070e-09 
 -1.672e-10  7.927e-08  2.037e-06  3.707e-09  4.289e-09 -2.390e-10 -1.236e-10 
 -3.925e-06  2.037e-06  8.661e+03  1.507e-02  1.824e-03  1.976e-02 -7.568e-03 
  4.030e-09  3.707e-09  1.507e-02  1.925e-06  1.879e-07  2.570e-07  2.462e-08 
 -4.803e-09  4.289e-09  1.824e-03  1.879e-07  1.756e-06  7.688e-08 -3.866e-08 
  6.824e-09 -2.390e-10  1.976e-02  2.570e-07  7.688e-08  1.588e-06 -7.072e-08 
 -1.070e-09 -1.236e-10 -7.568e-03  2.462e-08 -3.866e-08 -7.072e-08  1.406e-06 
 PARAMETER  CORRELATION COEFFICIENTS  
       NO.  GLOBAL     13     14     20     21     22     23     24
       13  0.02567   1.000 -0.002 -0.000  0.010 -0.013  0.019 -0.003
       14  0.01458  -0.002  1.000  0.000  0.009  0.011 -0.001 -0.000
       20  0.20247  -0.000  0.000  1.000  0.117  0.015  0.168 -0.069
       21  0.20090   0.010  0.009  0.117  1.000  0.102  0.147  0.015
       22  0.11120  -0.013  0.011  0.015  0.102  1.000  0.046 -0.025
