 + ++++++++++++++++++++++++++++++++++++++++++++++++++++++++++++++++++++ +
 +                                                                      +
 +           You have chose to blind your fitting according to          +
 +                omega_ref * (1 + (R +/- deltaR) *10^{-6})             +
 +                                                                      +
 + ++++++++++++++++++++++++++++++++++++++++++++++++++++++++++++++++++++ +
In main()...
reading format from /gm2data/zkhechad/run45/envelope/formats/formatB_sBin_constraintOn.txt
pBinTau 	= 0  
pBinPhi 	= 0  
constraintau 	= 1 
includeMopTerm 	= 0    
constrainMop    = 0   
Parameters after format file: pBinTau 0 pBinPhi 0 constraintau 1 includeMopTerm 0 constrainMop 0 c_e_scale 0.000000 
Opening file /gm2data/tbarrett/gm2fr/studies/run23_bunch_corrections/CorrectedFourier_Run3b.root.
reading full fit data from /gm2data/zkhechad/cboTemplates/Run4CBOTemplates/fullFits/noRF/sBin_constraintOn_cE0.0_seed0_noRF_calo15.root
windowBins = 34
fitting sliding window 0 from bin 136 at 20.142000 to bin 170 at 25.364000 (34 bins)

Reading data from /gm2data/cornell/histograms/aMethod/histogram_a_noRF.root
 **********
 **    1 **SET PRINTOUT            1
 **********
 **********
 **    2 **SET NOWARNINGS 
 **********
 PARAMETER DEFINITIONS:
    NO.   NAME         VALUE      STEP SIZE      LIMITS
     1 N0           3.09348e+06  1.00000e+02     no limits
     2 tau          6.43983e+01  constant
     3 A0           3.54040e-01  1.00000e-04     no limits
     4 phi          4.11948e+00  1.00000e-02     no limits
     5 R           -6.00563e+01  constant
     6 alpha_CBO    0.00000e+00  1.00000e-03     no limits
     7 w_CBO        2.32500e+00  constant
     8 beta_CBO     0.00000e+00  1.00000e-03     no limits
     9 alpha_2CBO   0.00000e+00  1.00000e-03     no limits
    10 beta_2CBO    0.00000e+00  1.00000e-03     no limits
    11 alpha_y      0.00000e+00  1.00000e-03     no limits
    12 w_y          1.38860e+01  constant
    13 beta_y       0.00000e+00  1.00000e-03     no limits
    14 alpha_vw     0.00000e+00  1.00000e-03     no limits
    15 w_vw         1.43404e+01  constant
    16 beta_vw      0.00000e+00  1.00000e-03     no limits
    17 LM          -1.62209e-04  constant
    18 zeta_y       0.00000e+00  constant
    19 zeta_vw      0.00000e+00  constant
    20 T_CBO        1.00000e+02  1.00000e+00    0.00000e+00  1.00000e+03
    21 alpha_A0     0.00000e+00  1.00000e-03     no limits
    22 beta_A0      0.00000e+00  1.00000e-03     no limits
    23 alpha_phi    0.00000e+00  1.00000e-03     no limits
    24 beta_phi     0.00000e+00  1.00000e-03     no limits
MINUIT - FIT ONLY WIGGLE
 **********
 **    3 **FIX            5
 **********
 PARAMETER    5  IS CONSTANT.   IGNORED.
 **********
 **    4 **FIX            6
 **********
 **********
 **    5 **FIX            7
 **********
 PARAMETER    7  IS CONSTANT.   IGNORED.
 **********
 **    6 **FIX            8
 **********
 **********
 **    7 **FIX            9
 **********
 **********
 **    8 **FIX           10
 **********
 **********
 **    9 **FIX           11
 **********
 **********
 **   10 **FIX           12
 **********
 PARAMETER   12  IS CONSTANT.   IGNORED.
 **********
 **   11 **FIX           13
 **********
 **********
 **   12 **FIX           14
 **********
 **********
 **   13 **FIX           15
 **********
 PARAMETER   15  IS CONSTANT.   IGNORED.
 **********
 **   14 **FIX           16
 **********
 **********
 **   15 **MIGRAD
 **********
 FIRST CALL TO USER FUNCTION AT NEW START POINT, WITH IFLAG=4.
 START MIGRAD MINIMIZATION.  STRATEGY  1.  CONVERGENCE WHEN EDM .LT. 1.00e-04
 FCN=11462.3 FROM MIGRAD    STATUS=INITIATE      435 CALLS         436 TOTAL
                     EDM= unknown      STRATEGY= 1      NO ERROR MATRIX       
  EXT PARAMETER               CURRENT GUESS       STEP         FIRST   
  NO.   NAME      VALUE            ERROR          SIZE      DERIVATIVE 
   1  N0           3.09348e+06   1.00000e+02   0.00000e+00   1.38285e-01
   2  tau          6.43983e+01   constant   
   3  A0           3.54040e-01   1.00000e-04   0.00000e+00   3.53671e+04
   4  phi          4.11948e+00   1.00000e-02   0.00000e+00  -1.88264e+05
   5  R           -6.00563e+01   constant   
   6  alpha_CBO    0.00000e+00     fixed    
   7  w_CBO        2.32500e+00   constant   
   8  beta_CBO     0.00000e+00     fixed    
   9  alpha_2CBO   0.00000e+00     fixed    
  10  beta_2CBO    0.00000e+00     fixed    
  11  alpha_y      0.00000e+00     fixed    
  12  w_y          1.38860e+01   constant   
  13  beta_y       0.00000e+00     fixed    
  14  alpha_vw     0.00000e+00     fixed    
  15  w_vw         1.43404e+01   constant   
  16  beta_vw      0.00000e+00     fixed    
  17  LM          -1.62209e-04   constant   
  18  zeta_y       0.00000e+00   constant   
  19  zeta_vw      0.00000e+00   constant   
  20  T_CBO        1.00000e+02   1.00000e+00   0.00000e+00   0.00000e+00
  21  alpha_A0     0.00000e+00   1.00000e-03   0.00000e+00   1.73520e+04
  22  beta_A0      0.00000e+00   1.00000e-03   0.00000e+00  -4.39491e+04
  23  alpha_phi    0.00000e+00   1.00000e-03   0.00000e+00  -7.96220e+04
  24  beta_phi     0.00000e+00   1.00000e-03   0.00000e+00  -1.24850e+05
 CALL LIMIT EXCEEDED IN MIGRAD.
 MIGRAD TERMINATED WITHOUT CONVERGENCE.
 FCN=2544.92 FROM MIGRAD    STATUS=CALL LIMIT   1331 CALLS        1332 TOTAL
                     EDM=0.0608658    STRATEGY= 1  ERROR MATRIX UNCERTAINTY   1.6 per cent
  EXT PARAMETER                APPROXIMATE        STEP         FIRST   
  NO.   NAME      VALUE            ERROR          SIZE      DERIVATIVE 
   1  N0           3.07425e+06   5.85874e+02  -5.14027e+01  -7.98262e-04
   2  tau          6.43983e+01   constant   
   3  A0           3.61645e-01   3.27988e-04   1.52117e-05   2.75606e+03
   4  phi          4.16333e+00   5.20704e-04   1.24763e-04   7.40972e+02
   5  R           -6.00563e+01   constant   
   6  alpha_CBO    0.00000e+00     fixed    
   7  w_CBO        2.32500e+00   constant   
   8  beta_CBO     0.00000e+00     fixed    
   9  alpha_2CBO   0.00000e+00     fixed    
  10  beta_2CBO    0.00000e+00     fixed    
  11  alpha_y      0.00000e+00     fixed    
  12  w_y          1.38860e+01   constant   
  13  beta_y       0.00000e+00     fixed    
  14  alpha_vw     0.00000e+00     fixed    
  15  w_vw         1.43404e+01   constant   
  16  beta_vw      0.00000e+00     fixed    
  17  LM          -1.62209e-04   constant   
  18  zeta_y       0.00000e+00   constant   
  19  zeta_vw      0.00000e+00   constant   
  20  T_CBO        2.70269e+02   9.93632e+01   6.17641e-02  -1.25996e+01
  21  alpha_A0     2.99655e-03   1.15852e-03  -7.08698e-05  -4.42554e+02
  22  beta_A0      5.59312e-02   1.98590e-03  -4.64140e-04  -4.28564e+02
  23  alpha_phi    5.43360e-02   1.91041e-03  -4.52779e-04  -7.81998e+02
  24  beta_phi    -2.06733e-03   1.10922e-03   1.52028e-05   1.22958e+02
 EXTERNAL ERROR MATRIX.    NDIM=  25    NPAR=  8    ERR DEF=1
  3.432e+05 -1.708e-01 -1.206e-01 -1.849e+04 -5.362e-01 -6.002e-02 -8.284e-02  5.316e-01 
 -1.708e-01  1.076e-07  5.487e-08  5.657e-03  3.296e-07  1.234e-07  1.356e-07 -3.244e-07 
 -1.206e-01  5.487e-08  2.711e-07  1.879e-02  3.059e-08 -5.276e-08 -1.988e-08 -6.411e-08 
 -1.849e+04  5.657e-03  1.879e-02  1.004e+04 -9.288e-04 -1.759e-01 -1.668e-01 -4.854e-03 
 -5.362e-01  3.296e-07  3.059e-08 -9.288e-04  1.342e-06  6.105e-07  6.706e-07 -1.031e-06 
 -6.002e-02  1.234e-07 -5.276e-08 -1.759e-01  6.105e-07  3.944e-06  3.512e-06 -5.396e-07 
 -8.284e-02  1.356e-07 -1.988e-08 -1.668e-01  6.706e-07  3.512e-06  3.650e-06 -5.645e-07 
  5.316e-01 -3.244e-07 -6.411e-08 -4.854e-03 -1.031e-06 -5.396e-07 -5.645e-07  1.230e-06 
ERR MATRIX APPROXIMATE
 PARAMETER  CORRELATION COEFFICIENTS  
       NO.  GLOBAL      1      3      4     20     21     22     23     24
        1  0.93834   1.000 -0.889 -0.395 -0.315 -0.790 -0.052 -0.074  0.818
        3  0.96934  -0.889  1.000  0.321  0.172  0.867  0.189  0.216 -0.892
        4  0.88577  -0.395  0.321  1.000  0.360  0.051 -0.051 -0.020 -0.111
       20  0.99194  -0.315  0.172  0.360  1.000 -0.008 -0.884 -0.871 -0.044
       21  0.92264  -0.790  0.867  0.051 -0.008  1.000  0.265  0.303 -0.802
       22  0.97546  -0.052  0.189 -0.051 -0.884  0.265  1.000  0.926 -0.245
       23  0.97648  -0.074  0.216 -0.020 -0.871  0.303  0.926  1.000 -0.266
       24  0.92653   0.818 -0.892 -0.111 -0.044 -0.802 -0.245 -0.266  1.000
 ERR MATRIX APPROXIMATE
MINUIT - FIT ONLY 1-CBO + wiggle
 **********
 **   16 **RES 
 **********
                   PARAMETER   16  beta_vw RESTORED TO VARIABLE.
                   PARAMETER   14  alpha_vw RESTORED TO VARIABLE.
                   PARAMETER   13  beta_y RESTORED TO VARIABLE.
                   PARAMETER   11  alpha_y RESTORED TO VARIABLE.
                   PARAMETER   10  beta_2CBO RESTORED TO VARIABLE.
                   PARAMETER    9  alpha_2CBO RESTORED TO VARIABLE.
                   PARAMETER    8  beta_CBO RESTORED TO VARIABLE.
                   PARAMETER    6  alpha_CBO RESTORED TO VARIABLE.
 **********
 **   17 **FIX            8
 **********
 **********
 **   18 **FIX            9
 **********
 **********
 **   19 **FIX           11
 **********
 **********
 **   20 **FIX           12
 **********
 PARAMETER   12  IS CONSTANT.   IGNORED.
 **********
 **   21 **FIX           14
 **********
 **********
 **   22 **FIX           15
 **********
 PARAMETER   15  IS CONSTANT.   IGNORED.
 **********
 **   23 **FIX           16
 **********
 **********
 **   24 **MIGRAD
 **********
 START MIGRAD MINIMIZATION.  STRATEGY  1.  CONVERGENCE WHEN EDM .LT. 1.00e-04
 FCN=2544.92 FROM MIGRAD    STATUS=INITIATE       28 CALLS        1360 TOTAL
                     EDM= unknown      STRATEGY= 1      NO ERROR MATRIX       
  EXT PARAMETER               CURRENT GUESS       STEP         FIRST   
  NO.   NAME      VALUE            ERROR          SIZE      DERIVATIVE 
   1  N0           3.07425e+06   5.85874e+02  -5.14027e+01  -7.98262e-04
   2  tau          6.43983e+01   constant   
   3  A0           3.61645e-01   3.27988e-04   1.52117e-05   2.75606e+03
   4  phi          4.16333e+00   5.20704e-04   1.24763e-04   7.40972e+02
   5  R           -6.00563e+01   constant   
   6  alpha_CBO    0.00000e+00   1.00000e-03   1.00000e-03  -1.59140e+05
   7  w_CBO        2.32500e+00   constant   
   8  beta_CBO     0.00000e+00     fixed    
   9  alpha_2CBO   0.00000e+00     fixed    
  10  beta_2CBO    0.00000e+00   1.00000e-03   1.00000e-03  -6.38714e+04
  11  alpha_y      0.00000e+00     fixed    
  12  w_y          1.38860e+01   constant   
  13  beta_y       0.00000e+00   1.00000e-03   1.00000e-03   6.97682e+04
  14  alpha_vw     0.00000e+00     fixed    
  15  w_vw         1.43404e+01   constant   
  16  beta_vw      0.00000e+00     fixed    
  17  LM          -1.62209e-04   constant   
  18  zeta_y       0.00000e+00   constant   
  19  zeta_vw      0.00000e+00   constant   
  20  T_CBO        2.70269e+02   9.93632e+01   6.17641e-02  -1.26001e+01
  21  alpha_A0     2.99655e-03   1.15852e-03  -7.08698e-05  -4.42554e+02
  22  beta_A0      5.59312e-02   1.98590e-03  -4.64140e-04  -4.28564e+02
  23  alpha_phi    5.43360e-02   1.91041e-03  -4.52779e-04  -7.81998e+02
  24  beta_phi    -2.06733e-03   1.10922e-03   1.52028e-05   1.22958e+02
 MIGRAD MINIMIZATION HAS CONVERGED.
 MIGRAD WILL VERIFY CONVERGENCE AND ERROR MATRIX.
 FCN=1628.49 FROM HESSE     STATUS=NOT POSDEF    100 CALLS        3059 TOTAL
                     EDM=0.00344059    STRATEGY= 1      ERR MATRIX NOT POS-DEF
  EXT PARAMETER                APPROXIMATE        STEP         FIRST   
  NO.   NAME      VALUE            ERROR          SIZE      DERIVATIVE 
   1  N0           3.12437e+06   1.27884e+03   4.27295e+00  -1.13659e-05
   2  tau          6.43983e+01   constant   
   3  A0           3.32265e-01   7.48915e-04   1.70415e-06   3.53073e+01
   4  phi          4.12859e+00   1.00287e-03   6.47907e-06  -1.10520e+01
   5  R           -6.00563e+01   constant   
   6  alpha_CBO    9.78917e-03   2.26320e-04   1.94716e-06   6.94221e-01
   7  w_CBO        2.32500e+00   constant   
   8  beta_CBO     0.00000e+00     fixed    
   9  alpha_2CBO   0.00000e+00     fixed    
  10  beta_2CBO    1.67592e-03   1.21764e-04   1.98816e-06  -2.37333e-01
  11  alpha_y      0.00000e+00     fixed    
  12  w_y          1.38860e+01   constant   
  13  beta_y       4.55505e-05   9.91214e-05   1.93570e-06  -1.02154e+00
  14  alpha_vw     0.00000e+00     fixed    
  15  w_vw         1.43404e+01   constant   
  16  beta_vw      0.00000e+00     fixed    
  17  LM          -1.62209e-04   constant   
  18  zeta_y       0.00000e+00   constant   
  19  zeta_vw      0.00000e+00   constant   
  20  T_CBO        1.04552e+01   2.56281e-01   3.54730e-06   1.15211e+01
  21  alpha_A0    -6.33890e-01   3.27426e-02   7.68958e-05  -2.63575e+00
  22  beta_A0     -2.81740e-01   1.98956e-02   8.01651e-05   3.85192e+00
  23  alpha_phi   -2.29478e-01   1.62646e-02   6.40703e-05   5.16733e+00
  24  beta_phi     6.14766e-01   3.12701e-02   6.37979e-05   3.89409e+00
 CALL LIMIT EXCEEDED IN MIGRAD.
 MIGRAD TERMINATED WITHOUT CONVERGENCE.
 FCN=1628.39 FROM MIGRAD    STATUS=CALL LIMIT   1906 CALLS        3238 TOTAL
                     EDM=0.0205403    STRATEGY= 1      ERR MATRIX NOT POS-DEF
  EXT PARAMETER                APPROXIMATE        STEP         FIRST   
  NO.   NAME      VALUE            ERROR          SIZE      DERIVATIVE 
   1  N0           3.12456e+06   1.78928e+03  -5.01490e+00   5.15819e-04
   2  tau          6.43983e+01   constant   
   3  A0           3.32116e-01   1.06472e-03  -3.29297e-06  -1.81331e+03
   4  phi          4.12817e+00   1.46759e-03  -6.37928e-05   2.47365e+02
   5  R           -6.00563e+01   constant   
   6  alpha_CBO    9.82666e-03   3.00138e-04   3.41706e-06  -1.93673e+01
   7  w_CBO        2.32500e+00   constant   
   8  beta_CBO     0.00000e+00     fixed    
   9  alpha_2CBO   0.00000e+00     fixed    
  10  beta_2CBO    1.68261e-03   1.29050e-04  -1.28026e-08  -2.66907e+01
  11  alpha_y      0.00000e+00     fixed    
  12  w_y          1.38860e+01   constant   
  13  beta_y       4.64196e-05   9.96210e-05   1.99623e-07  -1.68112e+01
  14  alpha_vw     0.00000e+00     fixed    
  15  w_vw         1.43404e+01   constant   
  16  beta_vw      0.00000e+00     fixed    
  17  LM          -1.62209e-04   constant   
  18  zeta_y       0.00000e+00   constant   
  19  zeta_vw      0.00000e+00   constant   
  20  T_CBO        1.08513e+01   7.97985e-01   5.30721e-04  -1.01939e+03
  21  alpha_A0    -5.88919e-01   8.77685e-02   6.50401e-03   3.14473e+01
  22  beta_A0     -2.64737e-01   4.00933e-02   2.56824e-03   9.30367e+00
  23  alpha_phi   -2.15632e-01   3.27042e-02   2.08255e-03   9.37314e+00
  24  beta_phi     5.70876e-01   8.50352e-02  -6.23394e-03  -4.87666e+01
 EXTERNAL ERROR MATRIX.    NDIM=  25    NPAR= 11    ERR DEF=1
  3.202e+06 
 -1.879e+00  1.134e-06 
 -2.044e+00  1.283e-06  2.154e-06 
  4.721e-01 -2.884e-07 -3.786e-07  9.008e-08 
  1.029e-01 -6.455e-08 -7.523e-08  1.886e-08  1.665e-08 
  2.509e-02 -1.431e-08 -1.858e-08  3.483e-09  1.815e-10  9.924e-09 
  3.876e+02 -2.896e-04 -7.321e-04  7.507e-05  1.363e-05  2.446e-06  6.368e-01 
 -4.787e+00 -3.902e-06 -5.317e-05  1.347e-06 -1.228e-07 -7.551e-08  6.670e-02  7.703e-03 
 -2.830e+01  1.422e-05 -1.676e-06 -3.850e-06 -1.085e-06 -2.626e-07  2.441e-02  3.215e-03  1.607e-03 
 -2.320e+01  1.168e-05 -1.185e-06 -3.166e-06 -6.715e-07 -2.363e-07  1.986e-02  2.619e-03  1.296e-03  1.070e-03 
  1.109e+00  5.884e-06  5.340e-05 -1.839e-06 -9.730e-08  6.837e-08 -6.511e-02 -7.447e-03 -3.089e-03 -2.517e-03  7.231e-03 
ERR MATRIX NOT POS-DEF
 PARAMETER  CORRELATION COEFFICIENTS  
       NO.  GLOBAL      1      3      4      6     10     13     20     21     22     23     24
        1  0.99463   1.000 -0.986 -0.779  0.879  0.446  0.141  0.271 -0.030 -0.394 -0.396  0.007
        3  0.99808  -0.986  1.000  0.821 -0.902 -0.470 -0.135 -0.341 -0.042  0.333  0.335  0.065
        4  0.97527  -0.779  0.821  1.000 -0.860 -0.397 -0.127 -0.625 -0.413 -0.028 -0.025  0.428
        6  0.94448   0.879 -0.902 -0.860  1.000  0.487  0.116  0.313  0.051 -0.320 -0.322 -0.072
       10  0.62524   0.446 -0.470 -0.397  0.487  1.000  0.014  0.132 -0.011 -0.210 -0.159 -0.009
       13  0.17632   0.141 -0.135 -0.127  0.116  0.014  1.000  0.031 -0.009 -0.066 -0.073  0.008
       20  0.99986   0.271 -0.341 -0.625  0.313  0.132  0.031  1.000  0.952  0.763  0.761 -0.959
       21  0.99940  -0.030 -0.042 -0.413  0.051 -0.011 -0.009  0.952  1.000  0.914  0.912 -0.998
       22  0.99510  -0.394  0.333 -0.028 -0.320 -0.210 -0.066  0.763  0.914  1.000  0.989 -0.906
       23  0.99516  -0.396  0.335 -0.025 -0.322 -0.159 -0.073  0.761  0.912  0.989  1.000 -0.905
       24  0.99957   0.007  0.065  0.428 -0.072 -0.009  0.008 -0.959 -0.998 -0.906 -0.905  1.000
 ERR MATRIX NOT POS-DEF
MINUIT - FIT ONLY 2-CBO
 **********
 **   25 **RES 
 **********
                   PARAMETER   16  beta_vw RESTORED TO VARIABLE.
                   PARAMETER   14  alpha_vw RESTORED TO VARIABLE.
                   PARAMETER   11  alpha_y RESTORED TO VARIABLE.
                   PARAMETER    9  alpha_2CBO RESTORED TO VARIABLE.
                   PARAMETER    8  beta_CBO RESTORED TO VARIABLE.
 **********
 **   26 **FIX            0
 **********
 PARAMETER    0  IS UNDEFINED. IGNORED.
 **********
 **   27 **FIX            1
 **********
 **********
 **   28 **FIX            2
 **********
 PARAMETER    2  IS CONSTANT.   IGNORED.
 **********
 **   29 **FIX            3
 **********
 **********
 **   30 **FIX            4
 **********
 **********
 **   31 **FIX            5
 **********
 PARAMETER    5  IS CONSTANT.   IGNORED.
 **********
 **   32 **FIX            6
 **********
 **********
 **   33 **FIX            7
 **********
 PARAMETER    7  IS CONSTANT.   IGNORED.
 **********
 **   34 **FIX           10
 **********
 **********
 **   35 **FIX           11
 **********
 **********
 **   36 **FIX           12
 **********
 PARAMETER   12  IS CONSTANT.   IGNORED.
 **********
 **   37 **FIX           13
 **********
 **********
 **   38 **FIX           14
 **********
 **********
 **   39 **FIX           15
 **********
 PARAMETER   15  IS CONSTANT.   IGNORED.
 **********
 **   40 **FIX           16
 **********
 **********
 **   41 **MIGRAD
 **********
 START MIGRAD MINIMIZATION.  STRATEGY  1.  CONVERGENCE WHEN EDM .LT. 1.00e-04
 FCN=1628.39 FROM MIGRAD    STATUS=INITIATE       18 CALLS        3256 TOTAL
                     EDM= unknown      STRATEGY= 1      NO ERROR MATRIX       
  EXT PARAMETER               CURRENT GUESS       STEP         FIRST   
  NO.   NAME      VALUE            ERROR          SIZE      DERIVATIVE 
   1  N0           3.12456e+06     fixed    
   2  tau          6.43983e+01   constant   
   3  A0           3.32116e-01     fixed    
   4  phi          4.12817e+00     fixed    
   5  R           -6.00563e+01   constant   
   6  alpha_CBO    9.82666e-03     fixed    
   7  w_CBO        2.32500e+00   constant   
   8  beta_CBO     0.00000e+00   1.00000e-03   1.00000e-03  -2.10939e+04
   9  alpha_2CBO   0.00000e+00   1.00000e-03   1.00000e-03  -8.24286e+04
  10  beta_2CBO    1.68261e-03     fixed    
  11  alpha_y      0.00000e+00     fixed    
  12  w_y          1.38860e+01   constant   
  13  beta_y       4.64196e-05     fixed    
  14  alpha_vw     0.00000e+00     fixed    
  15  w_vw         1.43404e+01   constant   
  16  beta_vw      0.00000e+00     fixed    
  17  LM          -1.62209e-04   constant   
  18  zeta_y       0.00000e+00   constant   
  19  zeta_vw      0.00000e+00   constant   
  20  T_CBO        1.08513e+01   7.97985e-01   5.30721e-04  -1.01939e+03
  21  alpha_A0    -5.88919e-01   8.77685e-02   6.50401e-03   3.14473e+01
  22  beta_A0     -2.64737e-01   4.00933e-02   2.56824e-03   9.30367e+00
  23  alpha_phi   -2.15632e-01   3.27042e-02   2.08255e-03   9.37314e+00
  24  beta_phi     5.70876e-01   8.50352e-02  -6.23394e-03  -4.87666e+01
 MIGRAD MINIMIZATION HAS CONVERGED.
 MIGRAD WILL VERIFY CONVERGENCE AND ERROR MATRIX.
 COVARIANCE MATRIX CALCULATED SUCCESSFULLY
 FCN=1606.62 FROM MIGRAD    STATUS=CONVERGED     434 CALLS        3672 TOTAL
                     EDM=8.1567e-07    STRATEGY= 1      ERROR MATRIX ACCURATE 
  EXT PARAMETER                                   STEP         FIRST   
  NO.   NAME      VALUE            ERROR          SIZE      DERIVATIVE 
   1  N0           3.12456e+06     fixed    
   2  tau          6.43983e+01   constant   
   3  A0           3.32116e-01     fixed    
   4  phi          4.12817e+00     fixed    
   5  R           -6.00563e+01   constant   
   6  alpha_CBO    9.82666e-03     fixed    
   7  w_CBO        2.32500e+00   constant   
   8  beta_CBO    -8.10600e-06   1.18901e-04   1.91360e-06   4.01328e+00
   9  alpha_2CBO   5.26820e-04   1.18252e-04   1.87661e-06  -6.07085e-02
  10  beta_2CBO    1.68261e-03     fixed    
  11  alpha_y      0.00000e+00     fixed    
  12  w_y          1.38860e+01   constant   
  13  beta_y       4.64196e-05     fixed    
  14  alpha_vw     0.00000e+00     fixed    
  15  w_vw         1.43404e+01   constant   
  16  beta_vw      0.00000e+00     fixed    
  17  LM          -1.62209e-04   constant   
  18  zeta_y       0.00000e+00   constant   
  19  zeta_vw      0.00000e+00   constant   
  20  T_CBO        1.22852e+01   1.08750e+00   4.46634e-06  -5.21812e+00
  21  alpha_A0    -4.68592e-01   7.45972e-02   5.57411e-05   2.77056e-01
  22  beta_A0     -2.03853e-01   3.46637e-02   5.78209e-05   4.35049e-02
  23  alpha_phi   -1.68338e-01   2.82595e-02   4.63538e-05   1.30856e-01
  24  beta_phi     4.45773e-01   7.24197e-02   4.61051e-05  -3.56457e-01
 EXTERNAL ERROR MATRIX.    NDIM=  25    NPAR=  7    ERR DEF=1
  1.414e-08 -4.029e-09 -6.966e-05 -4.771e-06 -2.272e-06 -1.824e-06  4.626e-06 
 -4.029e-09  1.398e-08  6.070e-05  4.064e-06  1.988e-06  1.567e-06 -4.095e-06 
 -6.966e-05  6.070e-05  1.183e+00  8.106e-02  3.755e-02  3.062e-02 -7.871e-02 
 -4.771e-06  4.064e-06  8.106e-02  5.565e-03  2.573e-03  2.099e-03 -5.394e-03 
 -2.272e-06  1.988e-06  3.755e-02  2.573e-03  1.202e-03  9.726e-04 -2.500e-03 
 -1.824e-06  1.567e-06  3.062e-02  2.099e-03  9.726e-04  7.986e-04 -2.038e-03 
  4.626e-06 -4.095e-06 -7.871e-02 -5.394e-03 -2.500e-03 -2.038e-03  5.245e-03 
 PARAMETER  CORRELATION COEFFICIENTS  
       NO.  GLOBAL      8      9     20     21     22     23     24
        8  0.56939   1.000 -0.287 -0.539 -0.538 -0.551 -0.543  0.537
        9  0.58561  -0.287  1.000  0.472  0.461  0.485  0.469 -0.478
       20  0.99973  -0.539  0.472  1.000  0.999  0.996  0.996 -0.999
       21  0.99927  -0.538  0.461  0.999  1.000  0.995  0.996 -0.998
       22  0.99637  -0.551  0.485  0.996  0.995  1.000  0.993 -0.996
       23  0.99649  -0.543  0.469  0.996  0.996  0.993  1.000 -0.996
       24  0.99947   0.537 -0.478 -0.999 -0.998 -0.996 -0.996  1.000
MINUIT - FIT wiggle + 1-CBO + 2-CBO
 **********
 **   42 **RES 
 **********
                   PARAMETER   16  beta_vw RESTORED TO VARIABLE.
                   PARAMETER   14  alpha_vw RESTORED TO VARIABLE.
                   PARAMETER   13  beta_y RESTORED TO VARIABLE.
                   PARAMETER   11  alpha_y RESTORED TO VARIABLE.
                   PARAMETER   10  beta_2CBO RESTORED TO VARIABLE.
                   PARAMETER    6  alpha_CBO RESTORED TO VARIABLE.
                   PARAMETER    4  phi RESTORED TO VARIABLE.
                   PARAMETER    3  A0 RESTORED TO VARIABLE.
                   PARAMETER    1  N0 RESTORED TO VARIABLE.
 **********
 **   43 **FIX           10
 **********
 **********
 **   44 **FIX           11
 **********
 **********
 **   45 **FIX           12
 **********
 PARAMETER   12  IS CONSTANT.   IGNORED.
 **********
 **   46 **FIX           13
 **********
 **********
 **   47 **FIX           14
 **********
 **********
 **   48 **FIX           15
 **********
 PARAMETER   15  IS CONSTANT.   IGNORED.
 **********
 **   49 **FIX           16
 **********
 **********
 **   50 **MIGRAD
 **********
 START MIGRAD MINIMIZATION.  STRATEGY  1.  CONVERGENCE WHEN EDM .LT. 1.00e-04
 FCN=1606.62 FROM MIGRAD    STATUS=INITIATE       22 CALLS        3694 TOTAL
                     EDM= unknown      STRATEGY= 1      NO ERROR MATRIX       
  EXT PARAMETER               CURRENT GUESS       STEP         FIRST   
  NO.   NAME      VALUE            ERROR          SIZE      DERIVATIVE 
   1  N0           3.12456e+06   1.78928e+03   1.78928e+03   5.66049e-03
   2  tau          6.43983e+01   constant   
   3  A0           3.32116e-01   1.06472e-03   1.06472e-03   1.07543e+04
   4  phi          4.12817e+00   1.46759e-03   1.46759e-03  -3.15553e+02
   5  R           -6.00563e+01   constant   
   6  alpha_CBO    9.82666e-03   3.00138e-04   3.00138e-04   2.32745e+04
   7  w_CBO        2.32500e+00   constant   
   8  beta_CBO    -8.10600e-06   1.18901e-04   1.91360e-06   4.01321e+00
   9  alpha_2CBO   5.26820e-04   1.18252e-04   1.87661e-06  -6.07357e-02
  10  beta_2CBO    1.68261e-03     fixed    
  11  alpha_y      0.00000e+00     fixed    
  12  w_y          1.38860e+01   constant   
  13  beta_y       4.64196e-05     fixed    
  14  alpha_vw     0.00000e+00     fixed    
  15  w_vw         1.43404e+01   constant   
  16  beta_vw      0.00000e+00     fixed    
  17  LM          -1.62209e-04   constant   
  18  zeta_y       0.00000e+00   constant   
  19  zeta_vw      0.00000e+00   constant   
  20  T_CBO        1.22852e+01   1.08750e+00   4.46634e-06  -5.21727e+00
  21  alpha_A0    -4.68592e-01   7.45972e-02   5.57411e-05   2.77085e-01
  22  beta_A0     -2.03853e-01   3.46637e-02   5.78209e-05   4.35314e-02
  23  alpha_phi   -1.68338e-01   2.82595e-02   4.63538e-05   1.30856e-01
  24  beta_phi     4.45773e-01   7.24197e-02   4.61051e-05  -3.56455e-01
 MIGRAD MINIMIZATION HAS CONVERGED.
 FCN=1592.84 FROM MIGRAD    STATUS=CONVERGED     388 CALLS        4060 TOTAL
                     EDM=6.9578e-07    STRATEGY= 1  ERROR MATRIX UNCERTAINTY   1.8 per cent
  EXT PARAMETER                                   STEP         FIRST   
  NO.   NAME      VALUE            ERROR          SIZE      DERIVATIVE 
   1  N0           3.11806e+06   2.80086e+03   6.69118e-02   3.30525e-07
   2  tau          6.43983e+01   constant   
   3  A0           3.35906e-01   1.72335e-03   1.74241e-07  -3.89301e-01
   4  phi          4.13403e+00   1.75718e-03   1.30546e-06   8.56196e-01
   5  R           -6.00563e+01   constant   
   6  alpha_CBO    8.54790e-03   3.89304e-04  -2.27183e-07  -6.69074e-01
   7  w_CBO        2.32500e+00   constant   
   8  beta_CBO    -6.05895e-05   2.91223e-04   2.24407e-08   9.93058e-01
   9  alpha_2CBO   8.83999e-04   1.66726e-04  -4.96210e-08  -3.63524e+00
  10  beta_2CBO    1.68261e-03     fixed    
  11  alpha_y      0.00000e+00     fixed    
  12  w_y          1.38860e+01   constant   
  13  beta_y       4.64196e-05     fixed    
  14  alpha_vw     0.00000e+00     fixed    
  15  w_vw         1.43404e+01   constant   
  16  beta_vw      0.00000e+00     fixed    
  17  LM          -1.62209e-04   constant   
  18  zeta_y       0.00000e+00   constant   
  19  zeta_vw      0.00000e+00   constant   
  20  T_CBO        1.16565e+01   2.97834e-01  -4.85219e-08   3.74962e+00
  21  alpha_A0    -4.43108e-01   1.78149e-02  -9.59080e-06   2.15477e-01
  22  beta_A0     -1.36430e-01   2.34566e-02   7.62395e-06   3.78480e-02
  23  alpha_phi   -1.10889e-01   2.11055e-02   5.80553e-06   4.25621e-02
  24  beta_phi     4.17634e-01   1.49836e-02  -6.78776e-07  -4.21049e-01
 EXTERNAL ERROR MATRIX.    NDIM=  25    NPAR= 11    ERR DEF=1
  7.845e+06 
 -4.806e+00  2.970e-06 
 -2.308e+00  1.399e-06  3.088e-06 
  9.227e-01 -5.686e-07 -5.503e-07  1.516e-07 
 -5.502e-01  3.452e-07 -1.281e-07 -3.274e-08  8.481e-08 
 -6.012e-02  3.499e-08  2.198e-07 -3.021e-08 -2.105e-08  2.780e-08 
  8.297e+02 -5.116e-04 -2.290e-04  9.645e-05 -6.092e-05 -4.892e-06  8.871e-02 
 -4.694e+01  2.895e-05  5.951e-06 -4.647e-06  4.267e-06 -3.910e-07 -5.015e-03  3.174e-04 
 -6.016e+01  3.695e-05  3.138e-05 -8.704e-06  2.574e-06  1.682e-06 -6.299e-03  3.151e-04  5.502e-04 
 -5.569e+01  3.428e-05  2.637e-05 -7.777e-06  2.750e-06  1.268e-06 -5.857e-03  3.017e-04  4.865e-04  4.454e-04 
  4.120e+01 -2.539e-05 -9.721e-06  4.574e-06 -3.204e-06 -1.732e-07  4.381e-03 -2.536e-04 -3.041e-04 -2.841e-04  2.245e-04 
 PARAMETER  CORRELATION COEFFICIENTS  
       NO.  GLOBAL      1      3      4      6      8      9     20     21     22     23     24
        1  0.99719   1.000 -0.996 -0.469  0.846 -0.675 -0.129  0.995 -0.941 -0.916 -0.942  0.982
        3  0.99874  -0.996  1.000  0.462 -0.847  0.688  0.122 -0.997  0.943  0.914  0.942 -0.983
        4  0.98297  -0.469  0.462  1.000 -0.804 -0.250  0.750 -0.438  0.190  0.761  0.711 -0.369
        6  0.96803   0.846 -0.847 -0.804  1.000 -0.289 -0.465  0.832 -0.670 -0.953 -0.947  0.784
        8  0.94271  -0.675  0.688 -0.250 -0.289  1.000 -0.434 -0.702  0.822  0.377  0.447 -0.734
        9  0.83023  -0.129  0.122  0.750 -0.465 -0.434  1.000 -0.099 -0.132  0.430  0.360 -0.069
       20  0.99775   0.995 -0.997 -0.438  0.832 -0.702 -0.099  1.000 -0.945 -0.902 -0.932  0.982
       21  0.98706  -0.941  0.943  0.190 -0.670  0.822 -0.132 -0.945  1.000  0.754  0.802 -0.950
       22  0.99185  -0.916  0.914  0.761 -0.953  0.377  0.430 -0.902  0.754  1.000  0.983 -0.865
       23  0.99267  -0.942  0.942  0.711 -0.947  0.447  0.360 -0.932  0.802  0.983  1.000 -0.898
       24  0.99051   0.982 -0.983 -0.369  0.784 -0.734 -0.069  0.982 -0.950 -0.865 -0.898  1.000
MINUIT - FIT ONLY 1-y
 **********
 **   51 **RES 
 **********
                   PARAMETER   16  beta_vw RESTORED TO VARIABLE.
                   PARAMETER   14  alpha_vw RESTORED TO VARIABLE.
                   PARAMETER   13  beta_y RESTORED TO VARIABLE.
                   PARAMETER   11  alpha_y RESTORED TO VARIABLE.
                   PARAMETER   10  beta_2CBO RESTORED TO VARIABLE.
 **********
 **   52 **FIX            0
 **********
 PARAMETER    0  IS UNDEFINED. IGNORED.
 **********
 **   53 **FIX            1
 **********
 **********
 **   54 **FIX            2
 **********
 PARAMETER    2  IS CONSTANT.   IGNORED.
 **********
 **   55 **FIX            3
 **********
 **********
 **   56 **FIX            4
 **********
 **********
 **   57 **FIX            5
 **********
 PARAMETER    5  IS CONSTANT.   IGNORED.
 **********
 **   58 **FIX            6
 **********
 **********
 **   59 **FIX            7
 **********
 PARAMETER    7  IS CONSTANT.   IGNORED.
 **********
 **   60 **FIX            8
 **********
 **********
 **   61 **FIX            9
 **********
 **********
 **   62 **FIX           13
 **********
 **********
 **   63 **FIX           14
 **********
 **********
 **   64 **FIX           15
 **********
 PARAMETER   15  IS CONSTANT.   IGNORED.
 **********
 **   65 **FIX           16
 **********
 **********
 **   66 **MIGRAD
 **********
 START MIGRAD MINIMIZATION.  STRATEGY  1.  CONVERGENCE WHEN EDM .LT. 1.00e-04
 FCN=1592.84 FROM MIGRAD    STATUS=INITIATE       16 CALLS        4076 TOTAL
                     EDM= unknown      STRATEGY= 1      NO ERROR MATRIX       
  EXT PARAMETER               CURRENT GUESS       STEP         FIRST   
  NO.   NAME      VALUE            ERROR          SIZE      DERIVATIVE 
   1  N0           3.11806e+06     fixed    
   2  tau          6.43983e+01   constant   
   3  A0           3.35906e-01     fixed    
   4  phi          4.13403e+00     fixed    
   5  R           -6.00563e+01   constant   
   6  alpha_CBO    8.54790e-03     fixed    
   7  w_CBO        2.32500e+00   constant   
   8  beta_CBO    -6.05895e-05     fixed    
   9  alpha_2CBO   8.83999e-04     fixed    
  10  beta_2CBO    1.68261e-03   1.29050e-04   1.29050e-04   3.99563e+04
  11  alpha_y      0.00000e+00   1.00000e-03   1.00000e-03  -4.88771e+05
  12  w_y          1.38860e+01   constant   
  13  beta_y       4.64196e-05     fixed    
  14  alpha_vw     0.00000e+00     fixed    
  15  w_vw         1.43404e+01   constant   
  16  beta_vw      0.00000e+00     fixed    
  17  LM          -1.62209e-04   constant   
  18  zeta_y       0.00000e+00   constant   
  19  zeta_vw      0.00000e+00   constant   
  20  T_CBO        1.16565e+01   2.97834e-01  -4.85219e-08   3.74963e+00
  21  alpha_A0    -4.43108e-01   1.78149e-02  -9.59080e-06   2.15478e-01
  22  beta_A0     -1.36430e-01   2.34566e-02   7.62395e-06   3.78487e-02
  23  alpha_phi   -1.10889e-01   2.11055e-02   5.80553e-06   4.25618e-02
  24  beta_phi     4.17634e-01   1.49836e-02  -6.78776e-07  -4.21049e-01
 MIGRAD MINIMIZATION HAS CONVERGED.
 MIGRAD WILL VERIFY CONVERGENCE AND ERROR MATRIX.
 COVARIANCE MATRIX CALCULATED SUCCESSFULLY
 FCN=999.702 FROM MIGRAD    STATUS=CONVERGED     399 CALLS        4459 TOTAL
                     EDM=1.29608e-05    STRATEGY= 1      ERROR MATRIX ACCURATE 
  EXT PARAMETER                                   STEP         FIRST   
  NO.   NAME      VALUE            ERROR          SIZE      DERIVATIVE 
   1  N0           3.11806e+06     fixed    
   2  tau          6.43983e+01   constant   
   3  A0           3.35906e-01     fixed    
   4  phi          4.13403e+00     fixed    
   5  R           -6.00563e+01   constant   
   6  alpha_CBO    8.54790e-03     fixed    
   7  w_CBO        2.32500e+00   constant   
   8  beta_CBO    -6.05895e-05     fixed    
   9  alpha_2CBO   8.83999e-04     fixed    
  10  beta_2CBO    1.26970e-03   1.11383e-04   1.55792e-06   3.52711e+00
  11  alpha_y      2.39364e-03   9.87237e-05   1.51647e-06   6.60618e-01
  12  w_y          1.38860e+01   constant   
  13  beta_y       4.64196e-05     fixed    
  14  alpha_vw     0.00000e+00     fixed    
  15  w_vw         1.43404e+01   constant   
  16  beta_vw      0.00000e+00     fixed    
  17  LM          -1.62209e-04   constant   
  18  zeta_y       0.00000e+00   constant   
  19  zeta_vw      0.00000e+00   constant   
  20  T_CBO        1.34293e+01   1.08038e+00   4.77990e-06  -1.30767e+00
  21  alpha_A0    -3.44175e-01   4.58305e-02   3.68266e-05  -6.52422e-01
  22  beta_A0     -1.01214e-01   1.43669e-02   3.80866e-05   8.44224e-01
  23  alpha_phi   -8.78284e-02   1.24474e-02   3.12014e-05   8.51609e-01
  24  beta_phi     3.25925e-01   4.38818e-02   3.10133e-05  -3.64506e-01
 EXTERNAL ERROR MATRIX.    NDIM=  25    NPAR=  7    ERR DEF=1
  1.241e-08 -6.825e-10 -6.099e-06 -2.905e-07 -1.505e-07  3.992e-09  2.153e-07 
 -6.825e-10  9.746e-09  8.651e-06  3.657e-07  1.220e-07  9.307e-08 -3.451e-07 
 -6.099e-06  8.651e-06  1.167e+00  4.945e-02  1.528e-02  1.325e-02 -4.736e-02 
 -2.905e-07  3.657e-07  4.945e-02  2.100e-03  6.471e-04  5.612e-04 -2.006e-03 
 -1.505e-07  1.220e-07  1.528e-02  6.471e-04  2.064e-04  1.732e-04 -6.198e-04 
  3.992e-09  9.307e-08  1.325e-02  5.612e-04  1.732e-04  1.549e-04 -5.380e-04 
  2.153e-07 -3.451e-07 -4.736e-02 -2.006e-03 -6.198e-04 -5.380e-04  1.926e-03 
 PARAMETER  CORRELATION COEFFICIENTS  
       NO.  GLOBAL     10     11     20     21     22     23     24
       10  0.42427   1.000 -0.062 -0.051 -0.057 -0.094  0.003  0.044
       11  0.10506  -0.062  1.000  0.081  0.081  0.086  0.076 -0.080
       20  0.99946  -0.051  0.081  1.000  0.999  0.984  0.985 -0.999
       21  0.99865  -0.057  0.081  0.999  1.000  0.983  0.984 -0.997
       22  0.98517  -0.094  0.086  0.984  0.983  1.000  0.968 -0.983
       23  0.98675   0.003  0.076  0.985  0.984  0.968  1.000 -0.985
       24  0.99895   0.044 -0.080 -0.999 -0.997 -0.983 -0.985  1.000
MINUIT - FIT ONLY 2-y
 **********
 **   67 **RES 
 **********
                   PARAMETER   16  beta_vw RESTORED TO VARIABLE.
                   PARAMETER   14  alpha_vw RESTORED TO VARIABLE.
                   PARAMETER   13  beta_y RESTORED TO VARIABLE.
                   PARAMETER    9  alpha_2CBO RESTORED TO VARIABLE.
                   PARAMETER    8  beta_CBO RESTORED TO VARIABLE.
                   PARAMETER    6  alpha_CBO RESTORED TO VARIABLE.
                   PARAMETER    4  phi RESTORED TO VARIABLE.
                   PARAMETER    3  A0 RESTORED TO VARIABLE.
                   PARAMETER    1  N0 RESTORED TO VARIABLE.
 **********
 **   68 **FIX            0
 **********
 PARAMETER    0  IS UNDEFINED. IGNORED.
 **********
 **   69 **FIX            1
 **********
 **********
 **   70 **FIX            2
 **********
 PARAMETER    2  IS CONSTANT.   IGNORED.
 **********
 **   71 **FIX            3
 **********
 **********
 **   72 **FIX            4
 **********
 **********
 **   73 **FIX            5
 **********
 PARAMETER    5  IS CONSTANT.   IGNORED.
 **********
 **   74 **FIX            6
 **********
 **********
 **   75 **FIX            7
 **********
 PARAMETER    7  IS CONSTANT.   IGNORED.
 **********
 **   76 **FIX            8
 **********
 **********
 **   77 **FIX            9
 **********
 **********
 **   78 **FIX           10
 **********
 **********
 **   79 **FIX           11
 **********
 **********
 **   80 **FIX           12
 **********
 PARAMETER   12  IS CONSTANT.   IGNORED.
 **********
 **   81 **FIX           16
 **********
 **********
 **   82 **MIGRAD
 **********
 START MIGRAD MINIMIZATION.  STRATEGY  1.  CONVERGENCE WHEN EDM .LT. 1.00e-04
 FCN=999.702 FROM MIGRAD    STATUS=INITIATE       16 CALLS        4475 TOTAL
                     EDM= unknown      STRATEGY= 1      NO ERROR MATRIX       
  EXT PARAMETER               CURRENT GUESS       STEP         FIRST   
  NO.   NAME      VALUE            ERROR          SIZE      DERIVATIVE 
   1  N0           3.11806e+06     fixed    
   2  tau          6.43983e+01   constant   
   3  A0           3.35906e-01     fixed    
   4  phi          4.13403e+00     fixed    
   5  R           -6.00563e+01   constant   
   6  alpha_CBO    8.54790e-03     fixed    
   7  w_CBO        2.32500e+00   constant   
   8  beta_CBO    -6.05895e-05     fixed    
   9  alpha_2CBO   8.83999e-04     fixed    
  10  beta_2CBO    1.26970e-03     fixed    
  11  alpha_y      2.39364e-03     fixed    
  12  w_y          1.38860e+01   constant   
  13  beta_y       4.64196e-05   9.96210e-05   9.96210e-05   2.77025e+04
  14  alpha_vw     0.00000e+00   1.00000e-03   1.00000e-03   3.41724e+05
  15  w_vw         1.43404e+01   constant   
  16  beta_vw      0.00000e+00     fixed    
  17  LM          -1.62209e-04   constant   
  18  zeta_y       0.00000e+00   constant   
  19  zeta_vw      0.00000e+00   constant   
  20  T_CBO        1.34293e+01   1.08038e+00   4.77990e-06  -1.30745e+00
  21  alpha_A0    -3.44175e-01   4.58305e-02   3.68266e-05  -6.52394e-01
  22  beta_A0     -1.01214e-01   1.43669e-02   3.80866e-05   8.44241e-01
  23  alpha_phi   -8.78284e-02   1.24474e-02   3.12014e-05   8.51604e-01
  24  beta_phi     3.25925e-01   4.38818e-02   3.10133e-05  -3.64505e-01
 MIGRAD MINIMIZATION HAS CONVERGED.
 MIGRAD WILL VERIFY CONVERGENCE AND ERROR MATRIX.
 COVARIANCE MATRIX CALCULATED SUCCESSFULLY
 FCN=625.942 FROM MIGRAD    STATUS=CONVERGED     324 CALLS        4783 TOTAL
                     EDM=9.07787e-07    STRATEGY= 1      ERROR MATRIX ACCURATE 
  EXT PARAMETER                                   STEP         FIRST   
  NO.   NAME      VALUE            ERROR          SIZE      DERIVATIVE 
   1  N0           3.11806e+06     fixed    
   2  tau          6.43983e+01   constant   
   3  A0           3.35906e-01     fixed    
   4  phi          4.13403e+00     fixed    
   5  R           -6.00563e+01   constant   
   6  alpha_CBO    8.54790e-03     fixed    
   7  w_CBO        2.32500e+00   constant   
   8  beta_CBO    -6.05895e-05     fixed    
   9  alpha_2CBO   8.83999e-04     fixed    
  10  beta_2CBO    1.26970e-03     fixed    
  11  alpha_y      2.39364e-03     fixed    
  12  w_y          1.38860e+01   constant   
  13  beta_y       1.22693e-03   1.19815e-04   1.20073e-06  -4.96355e+00
  14  alpha_vw    -2.28342e-03   1.18445e-04   1.18918e-06  -5.65107e+00
  15  w_vw         1.43404e+01   constant   
