 + ++++++++++++++++++++++++++++++++++++++++++++++++++++++++++++++++++++ +
 +                                                                      +
 +           You have chose to blind your fitting according to          +
 +                omega_ref * (1 + (R +/- deltaR) *10^{-6})             +
 +                                                                      +
 + ++++++++++++++++++++++++++++++++++++++++++++++++++++++++++++++++++++ +
In main()...
reading format from /gm2data/zkhechad/run45/envelope/formats/formatB_sBin_constraintOn.txt
pBinTau 	= 0  
pBinPhi 	= 0  
constraintau 	= 1 
includeMopTerm 	= 0    
constrainMop    = 0   
Parameters after format file: pBinTau 0 pBinPhi 0 constraintau 1 includeMopTerm 0 constrainMop 0 c_e_scale 0.000000 
Opening file /gm2data/tbarrett/gm2fr/studies/run23_bunch_corrections/CorrectedFourier_Run3b.root.
reading full fit data from /gm2data/zkhechad/cboTemplates/Run4CBOTemplates/templateFits0_v2.0/noRF/sBin_constraintOn_cE0.0_seed0_noRF_calo13.root
windowBins = 17
fitting sliding window 126 from bin 262 at 38.941200 to bin 279 at 41.626800 (17 bins)

Reading data from /gm2data/cornell/histograms/aMethod/histogram_a_noRF.root
 **********
 **    1 **SET PRINTOUT            1
 **********
 **********
 **    2 **SET NOWARNINGS 
 **********
 PARAMETER DEFINITIONS:
    NO.   NAME         VALUE      STEP SIZE      LIMITS
     1 N0           3.44933e+06  1.00000e+02     no limits
     2 tau          6.43680e+01  constant
     3 A0           3.52702e-01  1.00000e-04     no limits
     4 phi          4.13064e+00  1.00000e-02     no limits
     5 R           -6.08433e+01  constant
     6 alpha_CBO    0.00000e+00  1.00000e-03     no limits
     7 w_CBO        2.32500e+00  constant
     8 beta_CBO     0.00000e+00  1.00000e-03     no limits
     9 alpha_2CBO   0.00000e+00  1.00000e-03     no limits
    10 beta_2CBO    0.00000e+00  1.00000e-03     no limits
    11 alpha_y      0.00000e+00  1.00000e-03     no limits
    12 w_y          1.44500e+01  constant
    13 beta_y       0.00000e+00  1.00000e-03     no limits
    14 alpha_vw     0.00000e+00  1.00000e-03     no limits
    15 w_vw         1.29000e+01  constant
    16 beta_vw      0.00000e+00  1.00000e-03     no limits
    17 LM          -1.22211e-03  constant
    18 zeta_y       0.00000e+00  constant
    19 zeta_vw      0.00000e+00  constant
    20 T_CBO        1.00000e+02  1.00000e+00    0.00000e+00  1.00000e+03
    21 alpha_A0     0.00000e+00  1.00000e-03     no limits
    22 beta_A0      0.00000e+00  1.00000e-03     no limits
    23 alpha_phi    0.00000e+00  1.00000e-03     no limits
    24 beta_phi     0.00000e+00  1.00000e-03     no limits
MINUIT - FIT ONLY WIGGLE
 **********
 **    3 **FIX            5
 **********
 PARAMETER    5  IS CONSTANT.   IGNORED.
 **********
 **    4 **FIX            6
 **********
 **********
 **    5 **FIX            7
 **********
 PARAMETER    7  IS CONSTANT.   IGNORED.
 **********
 **    6 **FIX            8
 **********
 **********
 **    7 **FIX            9
 **********
 **********
 **    8 **FIX           10
 **********
 **********
 **    9 **FIX           11
 **********
 **********
 **   10 **FIX           12
 **********
 PARAMETER   12  IS CONSTANT.   IGNORED.
 **********
 **   11 **FIX           13
 **********
 **********
 **   12 **FIX           14
 **********
 **********
 **   13 **FIX           15
 **********
 PARAMETER   15  IS CONSTANT.   IGNORED.
 **********
 **   14 **FIX           16
 **********
 **********
 **   15 **MIGRAD
 **********
 FIRST CALL TO USER FUNCTION AT NEW START POINT, WITH IFLAG=4.
 START MIGRAD MINIMIZATION.  STRATEGY  1.  CONVERGENCE WHEN EDM .LT. 1.00e-04
 FCN=3932.78 FROM MIGRAD    STATUS=INITIATE      429 CALLS         430 TOTAL
                     EDM= unknown      STRATEGY= 1      NO ERROR MATRIX       
  EXT PARAMETER               CURRENT GUESS       STEP         FIRST   
  NO.   NAME      VALUE            ERROR          SIZE      DERIVATIVE 
   1  N0           3.44933e+06   1.00000e+02   0.00000e+00  -2.26943e-03
   2  tau          6.43680e+01   constant   
   3  A0           3.52702e-01   1.00000e-04   0.00000e+00   5.60799e+05
   4  phi          4.13064e+00   1.00000e-02   0.00000e+00   3.08341e+04
   5  R           -6.08433e+01   constant   
   6  alpha_CBO    0.00000e+00     fixed    
   7  w_CBO        2.32500e+00   constant   
   8  beta_CBO     0.00000e+00     fixed    
   9  alpha_2CBO   0.00000e+00     fixed    
  10  beta_2CBO    0.00000e+00     fixed    
  11  alpha_y      0.00000e+00     fixed    
  12  w_y          1.44500e+01   constant   
  13  beta_y       0.00000e+00     fixed    
  14  alpha_vw     0.00000e+00     fixed    
  15  w_vw         1.29000e+01   constant   
  16  beta_vw      0.00000e+00     fixed    
  17  LM          -1.22211e-03   constant   
  18  zeta_y       0.00000e+00   constant   
  19  zeta_vw      0.00000e+00   constant   
  20  T_CBO        1.00000e+02   1.00000e+00   0.00000e+00   0.00000e+00
  21  alpha_A0     0.00000e+00   1.00000e-03   0.00000e+00  -8.06350e+02
  22  beta_A0      0.00000e+00   1.00000e-03   0.00000e+00  -4.08652e+04
  23  alpha_phi    0.00000e+00   1.00000e-03   0.00000e+00   6.63395e+04
  24  beta_phi     0.00000e+00   1.00000e-03   0.00000e+00  -8.34296e+04
 CALL LIMIT EXCEEDED IN MIGRAD.
 MIGRAD TERMINATED WITHOUT CONVERGENCE.
 FCN=405.964 FROM MIGRAD    STATUS=CALL LIMIT   1329 CALLS        1330 TOTAL
                     EDM=0.62465    STRATEGY= 1  ERROR MATRIX UNCERTAINTY  19.2 per cent
  EXT PARAMETER                APPROXIMATE        STEP         FIRST   
  NO.   NAME      VALUE            ERROR          SIZE      DERIVATIVE 
   1  N0           3.42846e+06   5.33176e+03   3.15303e+03   3.77398e-03
   2  tau          6.43680e+01   constant   
   3  A0           3.36171e-01   1.60173e-03  -9.45248e-04  -1.14710e+04
   4  phi          4.16960e+00   6.20869e-03   1.06235e-03  -1.10319e+03
   5  R           -6.08433e+01   constant   
   6  alpha_CBO    0.00000e+00     fixed    
   7  w_CBO        2.32500e+00   constant   
   8  beta_CBO     0.00000e+00     fixed    
   9  alpha_2CBO   0.00000e+00     fixed    
  10  beta_2CBO    0.00000e+00     fixed    
  11  alpha_y      0.00000e+00     fixed    
  12  w_y          1.44500e+01   constant   
  13  beta_y       0.00000e+00     fixed    
  14  alpha_vw     0.00000e+00     fixed    
  15  w_vw         1.29000e+01   constant   
  16  beta_vw      0.00000e+00     fixed    
  17  LM          -1.22211e-03   constant   
  18  zeta_y       0.00000e+00   constant   
  19  zeta_vw      0.00000e+00   constant   
  20  T_CBO        2.93237e+01   4.98805e-01  -1.09665e-03   4.67254e+01
  21  alpha_A0     1.27147e-01   3.46708e-02   1.95762e-02  -4.95407e+02
  22  beta_A0     -2.18219e-01   2.63553e-02  -7.59438e-04  -2.36842e+02
  23  alpha_phi   -2.41582e-01   2.83797e-02  -1.05987e-03  -4.72908e+02
  24  beta_phi    -1.59281e-01   3.73252e-02  -2.01183e-02   6.21493e+02
 EXTERNAL ERROR MATRIX.    NDIM=  25    NPAR=  8    ERR DEF=1
  2.843e+07 -8.092e+00  1.085e+01 -1.375e+03  1.747e+02 -7.968e+00 -1.335e+01 -1.779e+02 
 -8.092e+00  2.566e-06 -3.758e-06  5.009e-04 -5.339e-05  6.882e-06  7.596e-06  5.591e-05 
  1.085e+01 -3.758e-06  3.855e-05 -3.069e-04  1.256e-04 -1.540e-04 -1.702e-04 -1.550e-04 
 -1.375e+03  5.009e-04 -3.069e-04  2.488e-01 -9.364e-03  1.353e-03  5.802e-04  1.042e-02 
  1.747e+02 -5.339e-05  1.256e-04 -9.364e-03  1.202e-03 -3.271e-04 -3.705e-04 -1.278e-03 
 -7.968e+00  6.882e-06 -1.540e-04  1.353e-03 -3.271e-04  6.946e-04  7.396e-04  4.654e-04 
 -1.335e+01  7.596e-06 -1.702e-04  5.802e-04 -3.705e-04  7.396e-04  8.054e-04  5.160e-04 
 -1.779e+02  5.591e-05 -1.550e-04  1.042e-02 -1.278e-03  4.654e-04  5.160e-04  1.393e-03 
ERR MATRIX APPROXIMATE
 PARAMETER  CORRELATION COEFFICIENTS  
       NO.  GLOBAL      1      3      4     20     21     22     23     24
        1  0.99921   1.000 -0.948  0.328 -0.517  0.945 -0.057 -0.088 -0.894
        3  0.99909  -0.948  1.000 -0.378  0.627 -0.961  0.163  0.167  0.935
        4  0.99950   0.328 -0.378  1.000 -0.099  0.583 -0.941 -0.966 -0.669
       20  0.93819  -0.517  0.627 -0.099  1.000 -0.541  0.103  0.041  0.560
       21  0.99948   0.945 -0.961  0.583 -0.541  1.000 -0.358 -0.377 -0.988
       22  0.99694  -0.057  0.163 -0.941  0.103 -0.358  1.000  0.989  0.473
       23  0.99957  -0.088  0.167 -0.966  0.041 -0.377  0.989  1.000  0.487
       24  0.99952  -0.894  0.935 -0.669  0.560 -0.988  0.473  0.487  1.000
 ERR MATRIX APPROXIMATE
MINUIT - FIT ONLY 1-CBO + wiggle
 **********
 **   16 **RES 
 **********
                   PARAMETER   16  beta_vw RESTORED TO VARIABLE.
                   PARAMETER   14  alpha_vw RESTORED TO VARIABLE.
                   PARAMETER   13  beta_y RESTORED TO VARIABLE.
                   PARAMETER   11  alpha_y RESTORED TO VARIABLE.
                   PARAMETER   10  beta_2CBO RESTORED TO VARIABLE.
                   PARAMETER    9  alpha_2CBO RESTORED TO VARIABLE.
                   PARAMETER    8  beta_CBO RESTORED TO VARIABLE.
                   PARAMETER    6  alpha_CBO RESTORED TO VARIABLE.
 **********
 **   17 **FIX            8
 **********
 **********
 **   18 **FIX            9
 **********
 **********
 **   19 **FIX           11
 **********
 **********
 **   20 **FIX           12
 **********
 PARAMETER   12  IS CONSTANT.   IGNORED.
 **********
 **   21 **FIX           14
 **********
 **********
 **   22 **FIX           15
 **********
 PARAMETER   15  IS CONSTANT.   IGNORED.
 **********
 **   23 **FIX           16
 **********
 **********
 **   24 **MIGRAD
 **********
 START MIGRAD MINIMIZATION.  STRATEGY  1.  CONVERGENCE WHEN EDM .LT. 1.00e-04
 FCN=405.964 FROM MIGRAD    STATUS=INITIATE       28 CALLS        1358 TOTAL
                     EDM= unknown      STRATEGY= 1      NO ERROR MATRIX       
  EXT PARAMETER               CURRENT GUESS       STEP         FIRST   
  NO.   NAME      VALUE            ERROR          SIZE      DERIVATIVE 
   1  N0           3.42846e+06   5.33176e+03   3.15303e+03   3.77398e-03
   2  tau          6.43680e+01   constant   
   3  A0           3.36171e-01   1.60173e-03  -9.45248e-04  -1.14710e+04
   4  phi          4.16960e+00   6.20869e-03   1.06235e-03  -1.10319e+03
   5  R           -6.08433e+01   constant   
   6  alpha_CBO    0.00000e+00   1.00000e-03   1.00000e-03   4.34729e+03
   7  w_CBO        2.32500e+00   constant   
   8  beta_CBO     0.00000e+00     fixed    
   9  alpha_2CBO   0.00000e+00     fixed    
  10  beta_2CBO    0.00000e+00   1.00000e-03   1.00000e-03  -4.53396e+03
  11  alpha_y      0.00000e+00     fixed    
  12  w_y          1.44500e+01   constant   
  13  beta_y       0.00000e+00   1.00000e-03   1.00000e-03  -1.17979e+05
  14  alpha_vw     0.00000e+00     fixed    
  15  w_vw         1.29000e+01   constant   
  16  beta_vw      0.00000e+00     fixed    
  17  LM          -1.22211e-03   constant   
  18  zeta_y       0.00000e+00   constant   
  19  zeta_vw      0.00000e+00   constant   
  20  T_CBO        2.93237e+01   4.98805e-01  -1.09665e-03   4.67254e+01
  21  alpha_A0     1.27147e-01   3.46708e-02   1.95762e-02  -4.95407e+02
  22  beta_A0     -2.18219e-01   2.63553e-02  -7.59438e-04  -2.36842e+02
  23  alpha_phi   -2.41582e-01   2.83797e-02  -1.05987e-03  -4.72908e+02
  24  beta_phi    -1.59281e-01   3.73252e-02  -2.01183e-02   6.21493e+02
 CALL LIMIT EXCEEDED IN MIGRAD.
 MIGRAD TERMINATED WITHOUT CONVERGENCE.
 FCN=287.603 FROM MIGRAD    STATUS=CALL LIMIT   1916 CALLS        3246 TOTAL
                     EDM=0.0106838    STRATEGY= 1  ERROR MATRIX UNCERTAINTY   8.1 per cent
  EXT PARAMETER                APPROXIMATE        STEP         FIRST   
  NO.   NAME      VALUE            ERROR          SIZE      DERIVATIVE 
   1  N0           3.43082e+06   6.04780e+03  -3.66837e+02   1.10634e-04
   2  tau          6.43680e+01   constant   
   3  A0           3.32152e-01   8.60416e-04  -3.69913e-05  -9.48223e+01
   4  phi          4.07668e+00   1.33794e-02  -8.72917e-04  -7.98323e+01
   5  R           -6.08433e+01   constant   
   6  alpha_CBO   -1.62300e-02   2.44198e-03  -1.49781e-04   6.51662e+00
   7  w_CBO        2.32500e+00   constant   
   8  beta_CBO     0.00000e+00     fixed    
   9  alpha_2CBO   0.00000e+00     fixed    
  10  beta_2CBO    6.62891e-03   3.71171e-04  -4.61961e-06   2.75444e+02
  11  alpha_y      0.00000e+00     fixed    
  12  w_y          1.44500e+01   constant   
  13  beta_y       1.70769e-03   1.73392e-04   2.22625e-06   2.42530e+02
  14  alpha_vw     0.00000e+00     fixed    
  15  w_vw         1.29000e+01   constant   
  16  beta_vw      0.00000e+00     fixed    
  17  LM          -1.22211e-03   constant   
  18  zeta_y       0.00000e+00   constant   
  19  zeta_vw      0.00000e+00   constant   
  20  T_CBO        1.64648e+01   1.77857e+00  -9.27029e-04  -1.65207e+02
  21  alpha_A0     2.66532e-01   8.68652e-03   5.91818e-04  -1.20100e+01
  22  beta_A0      5.63920e-01   2.37728e-01   1.59148e-02  -1.31561e+01
  23  alpha_phi    1.51037e-02   1.01893e-01   6.74033e-03   2.77187e+00
  24  beta_phi    -2.42696e-01   3.50436e-02  -2.24929e-03  -5.62873e+00
 EXTERNAL ERROR MATRIX.    NDIM=  25    NPAR= 11    ERR DEF=1
  3.658e+07 
  4.525e+00  7.403e-07 
  7.964e+01  9.673e-06  1.790e-04 
  1.413e+01  1.914e-06  3.189e-05  5.963e-06 
  1.004e+00  7.531e-08  1.760e-06  2.220e-07  1.378e-07 
  1.440e-01  2.792e-08  2.025e-07  4.274e-08  1.403e-08  3.006e-08 
  1.036e+04  1.113e-03  2.328e-02  3.965e-03  2.855e-04  2.162e-05  3.164e+00 
 -3.914e+01 -3.838e-06 -9.647e-05 -1.653e-05 -1.984e-07  1.057e-07 -1.307e-02  7.546e-05 
 -1.387e+03 -1.542e-04 -3.142e-03 -5.436e-04 -3.277e-05 -1.964e-06 -4.212e-01  1.780e-03  5.651e-02 
 -5.973e+02 -6.572e-05 -1.343e-03 -2.305e-04 -1.591e-05 -1.052e-06 -1.809e-01  7.492e-04  2.417e-02  1.038e-02 
  2.080e+02  2.432e-05  4.650e-04  8.144e-05  5.310e-06  5.093e-07  6.165e-02 -2.468e-04 -8.270e-03 -3.544e-03  1.228e-03 
ERR MATRIX APPROXIMATE
 PARAMETER  CORRELATION COEFFICIENTS  
       NO.  GLOBAL      1      3      4      6     10     13     20     21     22     23     24
        1  0.99907   1.000  0.870  0.984  0.957  0.447  0.137  0.963 -0.745 -0.964 -0.969  0.981
        3  0.99382   0.870  1.000  0.840  0.911  0.236  0.187  0.727 -0.514 -0.754 -0.750  0.807
        4  0.99980   0.984  0.840  1.000  0.976  0.354  0.087  0.978 -0.830 -0.988 -0.985  0.992
        6  0.99889   0.957  0.911  0.976  1.000  0.245  0.101  0.913 -0.779 -0.936 -0.926  0.952
       10  0.95811   0.447  0.236  0.354  0.245  1.000  0.218  0.432 -0.062 -0.371 -0.421  0.408
       13  0.63779   0.137  0.187  0.087  0.101  0.218  1.000  0.070  0.070 -0.048 -0.060  0.084
       20  0.99981   0.963  0.727  0.978  0.913  0.432  0.070  1.000 -0.846 -0.996 -0.998  0.989
       21  0.97347  -0.745 -0.514 -0.830 -0.779 -0.062  0.070 -0.846  1.000  0.862  0.846 -0.811
       22  0.99992  -0.964 -0.754 -0.988 -0.936 -0.371 -0.048 -0.996  0.862  1.000  0.998 -0.993
       23  0.99985  -0.969 -0.750 -0.985 -0.926 -0.421 -0.060 -0.998  0.846  0.998  1.000 -0.993
       24  0.99889   0.981  0.807  0.992  0.952  0.408  0.084  0.989 -0.811 -0.993 -0.993  1.000
 ERR MATRIX APPROXIMATE
MINUIT - FIT ONLY 2-CBO
 **********
 **   25 **RES 
 **********
                   PARAMETER   16  beta_vw RESTORED TO VARIABLE.
                   PARAMETER   14  alpha_vw RESTORED TO VARIABLE.
                   PARAMETER   11  alpha_y RESTORED TO VARIABLE.
                   PARAMETER    9  alpha_2CBO RESTORED TO VARIABLE.
                   PARAMETER    8  beta_CBO RESTORED TO VARIABLE.
 **********
 **   26 **FIX            0
 **********
 PARAMETER    0  IS UNDEFINED. IGNORED.
 **********
 **   27 **FIX            1
 **********
 **********
 **   28 **FIX            2
 **********
 PARAMETER    2  IS CONSTANT.   IGNORED.
 **********
 **   29 **FIX            3
 **********
 **********
 **   30 **FIX            4
 **********
 **********
 **   31 **FIX            5
 **********
 PARAMETER    5  IS CONSTANT.   IGNORED.
 **********
 **   32 **FIX            6
 **********
 **********
 **   33 **FIX            7
 **********
 PARAMETER    7  IS CONSTANT.   IGNORED.
 **********
 **   34 **FIX           10
 **********
 **********
 **   35 **FIX           11
 **********
 **********
 **   36 **FIX           12
 **********
 PARAMETER   12  IS CONSTANT.   IGNORED.
 **********
 **   37 **FIX           13
 **********
 **********
 **   38 **FIX           14
 **********
 **********
 **   39 **FIX           15
 **********
 PARAMETER   15  IS CONSTANT.   IGNORED.
 **********
 **   40 **FIX           16
 **********
 **********
 **   41 **MIGRAD
 **********
 START MIGRAD MINIMIZATION.  STRATEGY  1.  CONVERGENCE WHEN EDM .LT. 1.00e-04
 FCN=287.603 FROM MIGRAD    STATUS=INITIATE       18 CALLS        3264 TOTAL
                     EDM= unknown      STRATEGY= 1      NO ERROR MATRIX       
  EXT PARAMETER               CURRENT GUESS       STEP         FIRST   
  NO.   NAME      VALUE            ERROR          SIZE      DERIVATIVE 
   1  N0           3.43082e+06     fixed    
   2  tau          6.43680e+01   constant   
   3  A0           3.32152e-01     fixed    
   4  phi          4.07668e+00     fixed    
   5  R           -6.08433e+01   constant   
   6  alpha_CBO   -1.62300e-02     fixed    
   7  w_CBO        2.32500e+00   constant   
   8  beta_CBO     0.00000e+00   1.00000e-03   1.00000e-03  -1.90828e+02
   9  alpha_2CBO   0.00000e+00   1.00000e-03   1.00000e-03   2.25069e+03
  10  beta_2CBO    6.62891e-03     fixed    
  11  alpha_y      0.00000e+00     fixed    
  12  w_y          1.44500e+01   constant   
  13  beta_y       1.70769e-03     fixed    
  14  alpha_vw     0.00000e+00     fixed    
  15  w_vw         1.29000e+01   constant   
  16  beta_vw      0.00000e+00     fixed    
  17  LM          -1.22211e-03   constant   
  18  zeta_y       0.00000e+00   constant   
  19  zeta_vw      0.00000e+00   constant   
  20  T_CBO        1.64648e+01   1.77857e+00  -9.27029e-04  -1.65207e+02
  21  alpha_A0     2.66532e-01   8.68652e-03   5.91818e-04  -1.20100e+01
  22  beta_A0      5.63920e-01   2.37728e-01   1.59148e-02  -1.31561e+01
  23  alpha_phi    1.51037e-02   1.01893e-01   6.74033e-03   2.77187e+00
  24  beta_phi    -2.42696e-01   3.50436e-02  -2.24929e-03  -5.62873e+00
 MIGRAD MINIMIZATION HAS CONVERGED.
 MIGRAD WILL VERIFY CONVERGENCE AND ERROR MATRIX.
 FCN=287.334 FROM MIGRAD    STATUS=CONVERGED     167 CALLS        3413 TOTAL
                     EDM=5.72848e-05    STRATEGY= 1      ERR MATRIX NOT POS-DEF
  EXT PARAMETER                APPROXIMATE        STEP         FIRST   
  NO.   NAME      VALUE            ERROR          SIZE      DERIVATIVE 
   1  N0           3.43082e+06     fixed    
   2  tau          6.43680e+01   constant   
   3  A0           3.32152e-01     fixed    
   4  phi          4.07668e+00     fixed    
   5  R           -6.08433e+01   constant   
   6  alpha_CBO   -1.62300e-02     fixed    
   7  w_CBO        2.32500e+00   constant   
   8  beta_CBO    -8.52326e-05   4.65289e-04   1.41358e-06   7.45699e-01
   9  alpha_2CBO  -2.78194e-04   5.42718e-04   1.37548e-06  -9.44590e+00
  10  beta_2CBO    6.62891e-03     fixed    
  11  alpha_y      0.00000e+00     fixed    
  12  w_y          1.44500e+01   constant   
  13  beta_y       1.70769e-03     fixed    
  14  alpha_vw     0.00000e+00     fixed    
  15  w_vw         1.29000e+01   constant   
  16  beta_vw      0.00000e+00     fixed    
  17  LM          -1.22211e-03   constant   
  18  zeta_y       0.00000e+00   constant   
  19  zeta_vw      0.00000e+00   constant   
  20  T_CBO        1.64758e+01   1.00301e+00   4.29707e-06   1.12384e+00
  21  alpha_A0     2.58343e-01   4.24826e-02   5.25185e-05   1.62948e-01
  22  beta_A0      5.67695e-01   8.53968e-02   6.80342e-05  -4.54055e-02
  23  alpha_phi    1.52901e-02   8.80252e-03   5.87004e-05  -2.04409e-02
  24  beta_phi    -2.48949e-01   4.12645e-02   4.92650e-05   1.05285e-01
 EXTERNAL ERROR MATRIX.    NDIM=  25    NPAR=  7    ERR DEF=1
  2.165e-07  1.427e-07  3.187e-05  2.785e-06  6.768e-07  1.456e-06  8.922e-06 
  1.427e-07  2.945e-07 -3.701e-05  9.795e-06  3.497e-07  4.281e-07  7.161e-06 
  3.187e-05 -3.701e-05  1.006e+00 -3.916e-02 -8.416e-02 -3.182e-03  3.658e-02 
  2.785e-06  9.795e-06 -3.916e-02  1.805e-03  3.187e-03  1.300e-04 -1.178e-03 
  6.768e-07  3.497e-07 -8.416e-02  3.187e-03  7.293e-03  3.248e-04 -3.018e-03 
  1.456e-06  4.281e-07 -3.182e-03  1.300e-04  3.248e-04  7.748e-05 -6.993e-05 
  8.922e-06  7.161e-06  3.658e-02 -1.178e-03 -3.018e-03 -6.993e-05  1.703e-03 
ERR MATRIX NOT POS-DEF
 PARAMETER  CORRELATION COEFFICIENTS  
       NO.  GLOBAL      8      9     20     21     22     23     24
        8  0.93064   1.000  0.565  0.068  0.141  0.017  0.356  0.465
        9  0.95226   0.565  1.000 -0.068  0.425  0.008  0.090  0.320
       20  0.99784   0.068 -0.068  1.000 -0.919 -0.983 -0.360  0.884
       21  0.98885   0.141  0.425 -0.919  1.000  0.879  0.348 -0.672
       22  0.99538   0.017  0.008 -0.983  0.879  1.000  0.432 -0.856
       23  0.59564   0.356  0.090 -0.360  0.348  0.432  1.000 -0.193
       24  0.98961   0.465  0.320  0.884 -0.672 -0.856 -0.193  1.000
 ERR MATRIX NOT POS-DEF
MINUIT - FIT wiggle + 1-CBO + 2-CBO
 **********
 **   42 **RES 
 **********
                   PARAMETER   16  beta_vw RESTORED TO VARIABLE.
                   PARAMETER   14  alpha_vw RESTORED TO VARIABLE.
                   PARAMETER   13  beta_y RESTORED TO VARIABLE.
                   PARAMETER   11  alpha_y RESTORED TO VARIABLE.
                   PARAMETER   10  beta_2CBO RESTORED TO VARIABLE.
                   PARAMETER    6  alpha_CBO RESTORED TO VARIABLE.
                   PARAMETER    4  phi RESTORED TO VARIABLE.
                   PARAMETER    3  A0 RESTORED TO VARIABLE.
                   PARAMETER    1  N0 RESTORED TO VARIABLE.
 **********
 **   43 **FIX           10
 **********
 **********
 **   44 **FIX           11
 **********
 **********
 **   45 **FIX           12
 **********
 PARAMETER   12  IS CONSTANT.   IGNORED.
 **********
 **   46 **FIX           13
 **********
 **********
 **   47 **FIX           14
 **********
 **********
 **   48 **FIX           15
 **********
 PARAMETER   15  IS CONSTANT.   IGNORED.
 **********
 **   49 **FIX           16
 **********
 **********
 **   50 **MIGRAD
 **********
 START MIGRAD MINIMIZATION.  STRATEGY  1.  CONVERGENCE WHEN EDM .LT. 1.00e-04
 FCN=287.334 FROM MIGRAD    STATUS=INITIATE       22 CALLS        3435 TOTAL
                     EDM= unknown      STRATEGY= 1      NO ERROR MATRIX       
  EXT PARAMETER               CURRENT GUESS       STEP         FIRST   
  NO.   NAME      VALUE            ERROR          SIZE      DERIVATIVE 
   1  N0           3.43082e+06   6.04780e+03   6.04780e+03  -2.70111e-05
   2  tau          6.43680e+01   constant   
   3  A0           3.32152e-01   8.60416e-04   8.60416e-04  -6.49824e+00
   4  phi          4.07668e+00   1.33794e-02   1.33794e-02  -3.63611e+01
   5  R           -6.08433e+01   constant   
   6  alpha_CBO   -1.62300e-02   2.44198e-03   2.44198e-03   4.61316e+02
   7  w_CBO        2.32500e+00   constant   
   8  beta_CBO    -8.52326e-05   4.65289e-04   1.41358e-06   7.45701e-01
   9  alpha_2CBO  -2.78194e-04   5.42718e-04   1.37548e-06  -9.44590e+00
  10  beta_2CBO    6.62891e-03     fixed    
  11  alpha_y      0.00000e+00     fixed    
  12  w_y          1.44500e+01   constant   
  13  beta_y       1.70769e-03     fixed    
  14  alpha_vw     0.00000e+00     fixed    
  15  w_vw         1.29000e+01   constant   
  16  beta_vw      0.00000e+00     fixed    
  17  LM          -1.22211e-03   constant   
  18  zeta_y       0.00000e+00   constant   
  19  zeta_vw      0.00000e+00   constant   
  20  T_CBO        1.64758e+01   1.00301e+00   4.29707e-06   1.12422e+00
  21  alpha_A0     2.58343e-01   4.24826e-02   5.25185e-05   1.62945e-01
  22  beta_A0      5.67695e-01   8.53968e-02   6.80342e-05  -4.54034e-02
  23  alpha_phi    1.52901e-02   8.80252e-03   5.87004e-05  -2.04409e-02
  24  beta_phi    -2.48949e-01   4.12645e-02   4.92650e-05   1.05285e-01
 MIGRAD MINIMIZATION HAS CONVERGED.
 MIGRAD WILL VERIFY CONVERGENCE AND ERROR MATRIX.
 FCN=281.053 FROM HESSE     STATUS=NOT POSDEF    100 CALLS        5232 TOTAL
                     EDM=6.44558e-05    STRATEGY= 1      ERR MATRIX NOT POS-DEF
  EXT PARAMETER                APPROXIMATE        STEP         FIRST   
  NO.   NAME      VALUE            ERROR          SIZE      DERIVATIVE 
   1  N0           3.36289e+06   4.39991e+03   3.34422e+00  -5.11418e-07
   2  tau          6.43680e+01   constant   
   3  A0           2.67411e-01   1.51233e-03   1.00764e-06  -1.72436e+00
   4  phi          4.08816e+00   6.86467e-03   4.84904e-06  -1.89772e+00
   5  R           -6.08433e+01   constant   
   6  alpha_CBO   -4.85890e-02   1.45614e-03   1.41432e-06   1.74199e+00
   7  w_CBO        2.32500e+00   constant   
   8  beta_CBO     2.89143e-02   1.61647e-03   1.39890e-06  -1.05020e+00
   9  alpha_2CBO  -2.53089e-03   7.51684e-04   1.36132e-06  -3.97620e+00
  10  beta_2CBO    6.62891e-03     fixed    
  11  alpha_y      0.00000e+00     fixed    
  12  w_y          1.44500e+01   constant   
  13  beta_y       1.70769e-03     fixed    
  14  alpha_vw     0.00000e+00     fixed    
  15  w_vw         1.29000e+01   constant   
  16  beta_vw      0.00000e+00     fixed    
  17  LM          -1.22211e-03   constant   
  18  zeta_y       0.00000e+00   constant   
  19  zeta_vw      0.00000e+00   constant   
  20  T_CBO        1.74280e+01   2.89624e-01   1.38669e-06   1.36429e+00
  21  alpha_A0     1.20316e+00   7.18063e-02   6.01057e-05   6.78162e-02
  22  beta_A0     -8.93322e-02   6.46922e-02   8.09058e-05   8.78947e-02
  23  alpha_phi   -1.11960e+00   7.68382e-02   6.09543e-05  -1.20683e-02
  24  beta_phi    -1.54377e+00   7.14373e-02   5.45295e-05   6.47143e-02
 CALL LIMIT EXCEEDED IN MIGRAD.
 MIGRAD TERMINATED WITHOUT CONVERGENCE.
 FCN=281.038 FROM MIGRAD    STATUS=CALL LIMIT   1922 CALLS        5335 TOTAL
                     EDM=0.0205936    STRATEGY= 1      ERR MATRIX NOT POS-DEF
  EXT PARAMETER                APPROXIMATE        STEP         FIRST   
  NO.   NAME      VALUE            ERROR          SIZE      DERIVATIVE 
   1  N0           3.36242e+06   5.80582e+03  -2.32696e+02   2.67650e-04
   2  tau          6.43680e+01   constant   
   3  A0           2.68152e-01   3.98803e-03   2.12654e-04  -1.31924e+03
   4  phi          4.09498e+00   2.85731e-02   1.36501e-03   2.25473e+02
   5  R           -6.08433e+01   constant   
   6  alpha_CBO   -4.84683e-02   1.61869e-03  -2.76147e-05  -5.41414e+02
   7  w_CBO        2.32500e+00   constant   
   8  beta_CBO     2.83983e-02   3.45421e-03  -1.78874e-04  -6.76538e+02
   9  alpha_2CBO  -3.06147e-03   2.81670e-03  -1.51347e-04  -3.38153e+01
  10  beta_2CBO    6.62891e-03     fixed    
  11  alpha_y      0.00000e+00     fixed    
  12  w_y          1.44500e+01   constant   
  13  beta_y       1.70769e-03     fixed    
  14  alpha_vw     0.00000e+00     fixed    
  15  w_vw         1.29000e+01   constant   
  16  beta_vw      0.00000e+00     fixed    
  17  LM          -1.22211e-03   constant   
  18  zeta_y       0.00000e+00   constant   
  19  zeta_vw      0.00000e+00   constant   
  20  T_CBO        1.74177e+01   3.04935e-01  -4.59739e-05  -1.13260e+03
  21  alpha_A0     1.17667e+00   1.80876e-01  -9.84943e-03  -1.48469e+01
  22  beta_A0     -1.65081e-01   3.44692e-01  -1.82642e-02  -4.13991e+00
  23  alpha_phi   -1.20392e+00   3.95786e-01  -2.14342e-02   1.34303e+01
  24  beta_phi    -1.56050e+00   1.07292e-01  -4.28106e-03   2.15239e+01
 EXTERNAL ERROR MATRIX.    NDIM=  25    NPAR= 11    ERR DEF=1
  3.371e+07 
 -1.082e+01  1.590e-05 
 -7.195e+01  9.935e-05  8.164e-04 
  3.678e+00  1.899e-07  4.093e-06  2.620e-06 
  7.013e+00 -1.244e-05 -7.750e-05  1.600e-06  1.193e-05 
  9.195e+00 -1.013e-05 -7.259e-05  1.172e-06  9.034e-06  7.934e-06 
  6.297e+02 -3.548e-04 -7.273e-04 -1.367e-05  1.555e-04  1.311e-04  9.299e-02 
  7.456e+02 -6.378e-04 -4.023e-03  9.339e-05  5.422e-04  4.729e-04  6.351e-03  3.272e-02 
  1.079e+03 -1.238e-03 -9.630e-03  5.380e-05  1.026e-03  9.313e-04  1.363e-02  5.411e-02  1.188e-01 
  1.359e+03 -1.425e-03 -1.083e-02  9.509e-05  1.182e-03  1.078e-03  2.756e-02  6.276e-02  1.353e-01  1.566e-01 
  1.296e+02 -2.670e-04 -2.179e-03  5.216e-05  2.897e-04  2.373e-04  1.007e-02  1.039e-02  2.795e-02  3.326e-02  1.151e-02 
ERR MATRIX NOT POS-DEF
 PARAMETER  CORRELATION COEFFICIENTS  
       NO.  GLOBAL      1      3      4      6      8      9     20     21     22     23     24
        1  0.99940   1.000 -0.467 -0.434  0.391  0.350  0.562  0.356  0.710  0.539  0.591  0.208
        3  0.99994  -0.467  1.000  0.872  0.029 -0.903 -0.902 -0.292 -0.884 -0.901 -0.903 -0.624
        4  0.99996  -0.434  0.872  1.000  0.088 -0.785 -0.902 -0.083 -0.778 -0.978 -0.958 -0.711
        6  0.99835   0.391  0.029  0.088  1.000  0.286  0.257 -0.028  0.319  0.096  0.148  0.300
        8  0.99973   0.350 -0.903 -0.785  0.286  1.000  0.929  0.148  0.868  0.862  0.865  0.782
        9  0.99829   0.562 -0.902 -0.902  0.257  0.929  1.000  0.153  0.928  0.959  0.967  0.785
       20  0.99976   0.356 -0.292 -0.083 -0.028  0.148  0.153  1.000  0.115  0.130  0.228  0.308
       21  0.99981   0.710 -0.884 -0.778  0.319  0.868  0.928  0.115  1.000  0.868  0.877  0.535
       22  0.99972   0.539 -0.901 -0.978  0.096  0.862  0.959  0.130  0.868  1.000  0.992  0.756
       23  0.99995   0.591 -0.903 -0.958  0.148  0.865  0.967  0.228  0.877  0.992  1.000  0.783
       24  0.99969   0.208 -0.624 -0.711  0.300  0.782  0.785  0.308  0.535  0.756  0.783  1.000
 ERR MATRIX NOT POS-DEF
MINUIT - FIT ONLY 1-y
 **********
 **   51 **RES 
 **********
                   PARAMETER   16  beta_vw RESTORED TO VARIABLE.
                   PARAMETER   14  alpha_vw RESTORED TO VARIABLE.
                   PARAMETER   13  beta_y RESTORED TO VARIABLE.
                   PARAMETER   11  alpha_y RESTORED TO VARIABLE.
                   PARAMETER   10  beta_2CBO RESTORED TO VARIABLE.
 **********
 **   52 **FIX            0
 **********
 PARAMETER    0  IS UNDEFINED. IGNORED.
 **********
 **   53 **FIX            1
 **********
 **********
 **   54 **FIX            2
 **********
 PARAMETER    2  IS CONSTANT.   IGNORED.
 **********
 **   55 **FIX            3
 **********
 **********
 **   56 **FIX            4
 **********
 **********
 **   57 **FIX            5
 **********
 PARAMETER    5  IS CONSTANT.   IGNORED.
 **********
 **   58 **FIX            6
 **********
 **********
 **   59 **FIX            7
 **********
 PARAMETER    7  IS CONSTANT.   IGNORED.
 **********
 **   60 **FIX            8
 **********
 **********
 **   61 **FIX            9
 **********
 **********
 **   62 **FIX           13
 **********
 **********
 **   63 **FIX           14
 **********
 **********
 **   64 **FIX           15
 **********
 PARAMETER   15  IS CONSTANT.   IGNORED.
 **********
 **   65 **FIX           16
 **********
 **********
 **   66 **MIGRAD
 **********
 START MIGRAD MINIMIZATION.  STRATEGY  1.  CONVERGENCE WHEN EDM .LT. 1.00e-04
 FCN=281.038 FROM MIGRAD    STATUS=INITIATE       16 CALLS        5351 TOTAL
                     EDM= unknown      STRATEGY= 1      NO ERROR MATRIX       
  EXT PARAMETER               CURRENT GUESS       STEP         FIRST   
  NO.   NAME      VALUE            ERROR          SIZE      DERIVATIVE 
   1  N0           3.36242e+06     fixed    
   2  tau          6.43680e+01   constant   
   3  A0           2.68152e-01     fixed    
   4  phi          4.09498e+00     fixed    
   5  R           -6.08433e+01   constant   
   6  alpha_CBO   -4.84683e-02     fixed    
   7  w_CBO        2.32500e+00   constant   
   8  beta_CBO     2.83983e-02     fixed    
   9  alpha_2CBO  -3.06147e-03     fixed    
  10  beta_2CBO    6.62891e-03   3.71171e-04   3.71171e-04   6.72570e+02
  11  alpha_y      0.00000e+00   1.00000e-03   1.00000e-03  -1.77920e+05
  12  w_y          1.44500e+01   constant   
  13  beta_y       1.70769e-03     fixed    
  14  alpha_vw     0.00000e+00     fixed    
  15  w_vw         1.29000e+01   constant   
  16  beta_vw      0.00000e+00     fixed    
  17  LM          -1.22211e-03   constant   
  18  zeta_y       0.00000e+00   constant   
  19  zeta_vw      0.00000e+00   constant   
  20  T_CBO        1.74177e+01   3.04935e-01  -4.59739e-05  -1.13260e+03
  21  alpha_A0     1.17667e+00   1.80876e-01  -9.84943e-03  -1.48469e+01
  22  beta_A0     -1.65081e-01   3.44692e-01  -1.82642e-02  -4.13991e+00
  23  alpha_phi   -1.20392e+00   3.95786e-01  -2.14342e-02   1.34303e+01
  24  beta_phi    -1.56050e+00   1.07292e-01  -4.28106e-03   2.15239e+01
 MIGRAD MINIMIZATION HAS CONVERGED.
 MIGRAD WILL VERIFY CONVERGENCE AND ERROR MATRIX.
 FCN=25.1529 FROM HESSE     STATUS=NOT POSDEF     50 CALLS        5496 TOTAL
                     EDM=0.00204295    STRATEGY= 1      ERR MATRIX NOT POS-DEF
  EXT PARAMETER                APPROXIMATE        STEP         FIRST   
  NO.   NAME      VALUE            ERROR          SIZE      DERIVATIVE 
   1  N0           3.36242e+06     fixed    
   2  tau          6.43680e+01   constant   
   3  A0           2.68152e-01     fixed    
   4  phi          4.09498e+00     fixed    
   5  R           -6.08433e+01   constant   
   6  alpha_CBO   -4.84683e-02     fixed    
   7  w_CBO        2.32500e+00   constant   
   8  beta_CBO     2.83983e-02     fixed    
   9  alpha_2CBO  -3.06147e-03     fixed    
  10  beta_2CBO    7.15816e-03   2.66902e-04   4.43565e-07  -1.84575e+00
  11  alpha_y      2.87789e-03   1.79667e-04   4.45332e-07   1.61463e-02
  12  w_y          1.44500e+01   constant   
  13  beta_y       1.70769e-03     fixed    
  14  alpha_vw     0.00000e+00     fixed    
  15  w_vw         1.29000e+01   constant   
  16  beta_vw      0.00000e+00     fixed    
  17  LM          -1.22211e-03   constant   
  18  zeta_y       0.00000e+00   constant   
  19  zeta_vw      0.00000e+00   constant   
  20  T_CBO        1.74175e+01   3.10416e-01   6.22784e-07   1.77569e+01
  21  alpha_A0     1.18098e+00   4.77923e-02   1.81545e-05  -1.75792e-01
  22  beta_A0     -1.43755e-01   1.48568e-02   2.44467e-05   1.32822e-01
  23  alpha_phi   -1.21002e+00   4.92517e-02   1.85883e-05   3.95548e-01
  24  beta_phi    -1.55538e+00   6.36545e-02   1.66044e-05   3.15569e-01
 CALL LIMIT EXCEEDED IN MIGRAD.
 MIGRAD TERMINATED WITHOUT CONVERGENCE.
 FCN=24.043 FROM MIGRAD    STATUS=CALL LIMIT   1149 CALLS        6484 TOTAL
                     EDM=0.0142528    STRATEGY= 1      ERR MATRIX NOT POS-DEF
  EXT PARAMETER                APPROXIMATE        STEP         FIRST   
  NO.   NAME      VALUE            ERROR          SIZE      DERIVATIVE 
   1  N0           3.36242e+06     fixed    
   2  tau          6.43680e+01   constant   
   3  A0           2.68152e-01     fixed    
   4  phi          4.09498e+00     fixed    
   5  R           -6.08433e+01   constant   
   6  alpha_CBO   -4.84683e-02     fixed    
   7  w_CBO        2.32500e+00   constant   
   8  beta_CBO     2.83983e-02     fixed    
   9  alpha_2CBO  -3.06147e-03     fixed    
  10  beta_2CBO    7.09365e-03   2.57181e-04  -1.08684e-05   4.53644e+02
  11  alpha_y      2.89179e-03   1.76499e-04  -5.55790e-06   4.21655e+02
  12  w_y          1.44500e+01   constant   
  13  beta_y       1.70769e-03     fixed    
  14  alpha_vw     0.00000e+00     fixed    
  15  w_vw         1.29000e+01   constant   
  16  beta_vw      0.00000e+00     fixed    
  17  LM          -1.22211e-03   constant   
  18  zeta_y       0.00000e+00   constant   
  19  zeta_vw      0.00000e+00   constant   
  20  T_CBO        1.36230e+01   5.93877e-01  -3.99241e-04  -1.52576e+03
  21  alpha_A0     2.20657e+00   2.70395e-01   2.08618e-02  -1.07008e+01
  22  beta_A0     -2.66497e-01   3.68443e-02  -2.76405e-03  -5.08625e+00
  23  alpha_phi   -2.26801e+00   2.79504e-01  -2.14049e-02   6.30883e+00
  24  beta_phi    -2.93983e+00   3.67146e-01  -2.84322e-02   9.05275e+00
 EXTERNAL ERROR MATRIX.    NDIM=  25    NPAR=  7    ERR DEF=1
  6.614e-08  4.269e-09  8.299e-06 -3.274e-06  2.729e-06  2.998e-06  5.789e-06 
  4.269e-09  3.115e-08 -2.232e-06  1.127e-06  8.547e-08 -1.157e-06 -1.409e-06 
  8.299e-06 -2.232e-06  3.527e-01 -1.605e-01  1.972e-02  1.658e-01  2.180e-01 
 -3.274e-06  1.127e-06 -1.605e-01  7.311e-02 -8.945e-03 -7.543e-02 -9.920e-02 
  2.729e-06  8.547e-08  1.972e-02 -8.945e-03  1.358e-03  9.337e-03  1.224e-02 
  2.998e-06 -1.157e-06  1.658e-01 -7.543e-02  9.337e-03  7.812e-02  1.025e-01 
  5.789e-06 -1.409e-06  2.180e-01 -9.920e-02  1.224e-02  1.025e-01  1.348e-01 
ERR MATRIX NOT POS-DEF
 PARAMETER  CORRELATION COEFFICIENTS  
       NO.  GLOBAL     10     11     20     21     22     23     24
       10  0.75516   1.000  0.094  0.054 -0.047  0.288  0.042  0.061
       11  0.14855   0.094  1.000 -0.021  0.024  0.013 -0.023 -0.022
       20  0.99991   0.054 -0.021  1.000 -1.000  0.901  0.999  1.000
       21  0.99961  -0.047  0.024 -1.000  1.000 -0.898 -0.998 -0.999
       22  0.95809   0.288  0.013  0.901 -0.898  1.000  0.907  0.904
       23  0.99941   0.042 -0.023  0.999 -0.998  0.907  1.000  0.999
       24  0.99980   0.061 -0.022  1.000 -0.999  0.904  0.999  1.000
 ERR MATRIX NOT POS-DEF
MINUIT - FIT ONLY 2-y
 **********
 **   67 **RES 
 **********
                   PARAMETER   16  beta_vw RESTORED TO VARIABLE.
                   PARAMETER   14  alpha_vw RESTORED TO VARIABLE.
                   PARAMETER   13  beta_y RESTORED TO VARIABLE.
                   PARAMETER    9  alpha_2CBO RESTORED TO VARIABLE.
                   PARAMETER    8  beta_CBO RESTORED TO VARIABLE.
                   PARAMETER    6  alpha_CBO RESTORED TO VARIABLE.
                   PARAMETER    4  phi RESTORED TO VARIABLE.
                   PARAMETER    3  A0 RESTORED TO VARIABLE.
                   PARAMETER    1  N0 RESTORED TO VARIABLE.
 **********
 **   68 **FIX            0
 **********
 PARAMETER    0  IS UNDEFINED. IGNORED.
 **********
 **   69 **FIX            1
 **********
 **********
 **   70 **FIX            2
 **********
 PARAMETER    2  IS CONSTANT.   IGNORED.
 **********
 **   71 **FIX            3
 **********
 **********
 **   72 **FIX            4
 **********
 **********
 **   73 **FIX            5
 **********
 PARAMETER    5  IS CONSTANT.   IGNORED.
 **********
 **   74 **FIX            6
 **********
 **********
 **   75 **FIX            7
 **********
 PARAMETER    7  IS CONSTANT.   IGNORED.
 **********
 **   76 **FIX            8
 **********
 **********
 **   77 **FIX            9
 **********
 **********
 **   78 **FIX           10
 **********
 **********
 **   79 **FIX           11
 **********
 **********
 **   80 **FIX           12
 **********
 PARAMETER   12  IS CONSTANT.   IGNORED.
 **********
 **   81 **FIX           16
 **********
 **********
 **   82 **MIGRAD
 **********
 START MIGRAD MINIMIZATION.  STRATEGY  1.  CONVERGENCE WHEN EDM .LT. 1.00e-04
 FCN=24.043 FROM MIGRAD    STATUS=INITIATE       16 CALLS        6500 TOTAL
                     EDM= unknown      STRATEGY= 1      NO ERROR MATRIX       
  EXT PARAMETER               CURRENT GUESS       STEP         FIRST   
  NO.   NAME      VALUE            ERROR          SIZE      DERIVATIVE 
   1  N0           3.36242e+06     fixed    
   2  tau          6.43680e+01   constant   
   3  A0           2.68152e-01     fixed    
   4  phi          4.09498e+00     fixed    
   5  R           -6.08433e+01   constant   
   6  alpha_CBO   -4.84683e-02     fixed    
   7  w_CBO        2.32500e+00   constant   
   8  beta_CBO     2.83983e-02     fixed    
   9  alpha_2CBO  -3.06147e-03     fixed    
  10  beta_2CBO    7.09365e-03     fixed    
  11  alpha_y      2.89179e-03     fixed    
  12  w_y          1.44500e+01   constant   
  13  beta_y       1.70769e-03   1.73392e-04   1.73392e-04   6.03551e+03
  14  alpha_vw     0.00000e+00   1.00000e-03   1.00000e-03  -2.14745e+04
