 + ++++++++++++++++++++++++++++++++++++++++++++++++++++++++++++++++++++ +
 +                                                                      +
 +           You have chose to blind your fitting according to          +
 +                omega_ref * (1 + (R +/- deltaR) *10^{-6})             +
 +                                                                      +
 + ++++++++++++++++++++++++++++++++++++++++++++++++++++++++++++++++++++ +
In main()...
reading format from /gm2data/zkhechad/run45/envelope/formats/formatB_sBin_constraintOn.txt
pBinTau 	= 0  
pBinPhi 	= 0  
constraintau 	= 1 
includeMopTerm 	= 0    
constrainMop    = 0   
Parameters after format file: pBinTau 0 pBinPhi 0 constraintau 1 includeMopTerm 0 constrainMop 0 c_e_scale 0.000000 
Opening file /gm2data/tbarrett/gm2fr/studies/run23_bunch_corrections/CorrectedFourier_Run3b.root.
reading full fit data from /gm2data/zkhechad/cboTemplates/Run4CBOTemplates/templateFits0_v2.0/noRF/sBin_constraintOn_cE0.0_seed0_noRF_calo7.root
windowBins = 17
fitting sliding window 144 from bin 280 at 41.626800 to bin 297 at 44.312400 (17 bins)

Reading data from /gm2data/cornell/histograms/aMethod/histogram_a_noRF.root
 **********
 **    1 **SET PRINTOUT            1
 **********
 **********
 **    2 **SET NOWARNINGS 
 **********
 PARAMETER DEFINITIONS:
    NO.   NAME         VALUE      STEP SIZE      LIMITS
     1 N0           3.03263e+06  1.00000e+02     no limits
     2 tau          6.43884e+01  constant
     3 A0           3.50182e-01  1.00000e-04     no limits
     4 phi          4.11722e+00  1.00000e-02     no limits
     5 R           -6.17521e+01  constant
     6 alpha_CBO    0.00000e+00  1.00000e-03     no limits
     7 w_CBO        2.32500e+00  constant
     8 beta_CBO     0.00000e+00  1.00000e-03     no limits
     9 alpha_2CBO   0.00000e+00  1.00000e-03     no limits
    10 beta_2CBO    0.00000e+00  1.00000e-03     no limits
    11 alpha_y      0.00000e+00  1.00000e-03     no limits
    12 w_y          1.44500e+01  constant
    13 beta_y       0.00000e+00  1.00000e-03     no limits
    14 alpha_vw     0.00000e+00  1.00000e-03     no limits
    15 w_vw         1.29000e+01  constant
    16 beta_vw      0.00000e+00  1.00000e-03     no limits
    17 LM          -7.01586e-04  constant
    18 zeta_y       0.00000e+00  constant
    19 zeta_vw      0.00000e+00  constant
    20 T_CBO        1.00000e+02  1.00000e+00    0.00000e+00  1.00000e+03
    21 alpha_A0     0.00000e+00  1.00000e-03     no limits
    22 beta_A0      0.00000e+00  1.00000e-03     no limits
    23 alpha_phi    0.00000e+00  1.00000e-03     no limits
    24 beta_phi     0.00000e+00  1.00000e-03     no limits
MINUIT - FIT ONLY WIGGLE
 **********
 **    3 **FIX            5
 **********
 PARAMETER    5  IS CONSTANT.   IGNORED.
 **********
 **    4 **FIX            6
 **********
 **********
 **    5 **FIX            7
 **********
 PARAMETER    7  IS CONSTANT.   IGNORED.
 **********
 **    6 **FIX            8
 **********
 **********
 **    7 **FIX            9
 **********
 **********
 **    8 **FIX           10
 **********
 **********
 **    9 **FIX           11
 **********
 **********
 **   10 **FIX           12
 **********
 PARAMETER   12  IS CONSTANT.   IGNORED.
 **********
 **   11 **FIX           13
 **********
 **********
 **   12 **FIX           14
 **********
 **********
 **   13 **FIX           15
 **********
 PARAMETER   15  IS CONSTANT.   IGNORED.
 **********
 **   14 **FIX           16
 **********
 **********
 **   15 **MIGRAD
 **********
 FIRST CALL TO USER FUNCTION AT NEW START POINT, WITH IFLAG=4.
 START MIGRAD MINIMIZATION.  STRATEGY  1.  CONVERGENCE WHEN EDM .LT. 1.00e-04
 FCN=3740.05 FROM MIGRAD    STATUS=INITIATE      429 CALLS         430 TOTAL
                     EDM= unknown      STRATEGY= 1      NO ERROR MATRIX       
  EXT PARAMETER               CURRENT GUESS       STEP         FIRST   
  NO.   NAME      VALUE            ERROR          SIZE      DERIVATIVE 
   1  N0           3.03263e+06   1.00000e+02   0.00000e+00  -8.14566e-02
   2  tau          6.43884e+01   constant   
   3  A0           3.50182e-01   1.00000e-04   0.00000e+00  -2.82764e+05
   4  phi          4.11722e+00   1.00000e-02   0.00000e+00  -1.04490e+05
   5  R           -6.17521e+01   constant   
   6  alpha_CBO    0.00000e+00     fixed    
   7  w_CBO        2.32500e+00   constant   
   8  beta_CBO     0.00000e+00     fixed    
   9  alpha_2CBO   0.00000e+00     fixed    
  10  beta_2CBO    0.00000e+00     fixed    
  11  alpha_y      0.00000e+00     fixed    
  12  w_y          1.44500e+01   constant   
  13  beta_y       0.00000e+00     fixed    
  14  alpha_vw     0.00000e+00     fixed    
  15  w_vw         1.29000e+01   constant   
  16  beta_vw      0.00000e+00     fixed    
  17  LM          -7.01586e-04   constant   
  18  zeta_y       0.00000e+00   constant   
  19  zeta_vw      0.00000e+00   constant   
  20  T_CBO        1.00000e+02   1.00000e+00   0.00000e+00   0.00000e+00
  21  alpha_A0     0.00000e+00   1.00000e-03   0.00000e+00  -3.17303e+04
  22  beta_A0      0.00000e+00   1.00000e-03   0.00000e+00   7.03772e+04
  23  alpha_phi    0.00000e+00   1.00000e-03   0.00000e+00  -3.67883e+04
  24  beta_phi     0.00000e+00   1.00000e-03   0.00000e+00   1.90598e+04
 CALL LIMIT EXCEEDED IN MIGRAD.
 MIGRAD TERMINATED WITHOUT CONVERGENCE.
 FCN=530.245 FROM MIGRAD    STATUS=CALL LIMIT   1323 CALLS        1324 TOTAL
                     EDM=3.66761    STRATEGY= 1  ERROR MATRIX UNCERTAINTY  32.1 per cent
  EXT PARAMETER                APPROXIMATE        STEP         FIRST   
  NO.   NAME      VALUE            ERROR          SIZE      DERIVATIVE 
   1  N0           3.07808e+06   1.40126e+04   1.27193e+04  -2.99943e-03
   2  tau          6.43884e+01   constant   
   3  A0           3.45028e-01   2.07097e-03  -1.93940e-03  -7.96367e+03
   4  phi          4.20058e+00   1.19347e-02   1.12727e-02   9.51036e+02
   5  R           -6.17521e+01   constant   
   6  alpha_CBO    0.00000e+00     fixed    
   7  w_CBO        2.32500e+00   constant   
   8  beta_CBO     0.00000e+00     fixed    
   9  alpha_2CBO   0.00000e+00     fixed    
  10  beta_2CBO    0.00000e+00     fixed    
  11  alpha_y      0.00000e+00     fixed    
  12  w_y          1.44500e+01   constant   
  13  beta_y       0.00000e+00     fixed    
  14  alpha_vw     0.00000e+00     fixed    
  15  w_vw         1.29000e+01   constant   
  16  beta_vw      0.00000e+00     fixed    
  17  LM          -7.01586e-04   constant   
  18  zeta_y       0.00000e+00   constant   
  19  zeta_vw      0.00000e+00   constant   
  20  T_CBO        5.08044e+01   7.59124e-01  -2.83437e-03   2.91456e+02
  21  alpha_A0    -2.63709e-01   6.19324e-02  -5.76606e-02  -7.69722e+02
  22  beta_A0     -1.25733e-01   1.60330e-02  -1.50110e-02   1.73290e+01
  23  alpha_phi   -7.09212e-02   2.11493e-02  -2.04563e-02   1.14763e+03
  24  beta_phi     2.07200e-01   5.31973e-02   4.91186e-02  -1.75975e+02
 EXTERNAL ERROR MATRIX.    NDIM=  25    NPAR=  8    ERR DEF=1
  1.964e+08 -2.676e+01  1.651e+02 -8.494e+03 -8.651e+02 -1.994e+02 -2.715e+02  7.443e+02 
 -2.676e+01  4.289e-06 -2.304e-05  9.976e-04  1.192e-04  3.290e-05  4.293e-05 -1.019e-04 
  1.651e+02 -2.304e-05  1.424e-04 -7.151e-03 -7.364e-04 -1.756e-04 -2.404e-04  6.311e-04 
 -8.494e+03  9.976e-04 -7.151e-03  5.763e-01  3.778e-02  7.319e-03  1.067e-02 -3.249e-02 
 -8.651e+02  1.192e-04 -7.364e-04  3.778e-02  3.836e-03  8.972e-04  1.227e-03 -3.292e-03 
 -1.994e+02  3.290e-05 -1.756e-04  7.319e-03  8.972e-04  2.571e-04  3.353e-04 -7.641e-04 
 -2.715e+02  4.293e-05 -2.404e-04  1.067e-02  1.227e-03  3.353e-04  4.473e-04 -1.044e-03 
  7.443e+02 -1.019e-04  6.311e-04 -3.249e-02 -3.292e-03 -7.641e-04 -1.044e-03  2.830e-03 
ERR MATRIX APPROXIMATE
 PARAMETER  CORRELATION COEFFICIENTS  
       NO.  GLOBAL      1      3      4     20     21     22     23     24
        1  0.99998   1.000 -0.922  0.987 -0.798 -0.997 -0.888 -0.916  0.999
        3  0.99992  -0.922  1.000 -0.932  0.635  0.929  0.991  0.980 -0.924
        4  0.99993   0.987 -0.932  1.000 -0.789 -0.996 -0.918 -0.953  0.994
       20  0.96002  -0.798  0.635 -0.789  1.000  0.803  0.601  0.665 -0.804
       21  0.99999  -0.997  0.929 -0.996  0.803  1.000  0.904  0.937 -0.999
       22  0.99937  -0.888  0.991 -0.918  0.601  0.904  1.000  0.989 -0.896
       23  0.99994  -0.916  0.980 -0.953  0.665  0.937  0.989  1.000 -0.928
       24  0.99993   0.999 -0.924  0.994 -0.804 -0.999 -0.896 -0.928  1.000
 ERR MATRIX APPROXIMATE
MINUIT - FIT ONLY 1-CBO + wiggle
 **********
 **   16 **RES 
 **********
                   PARAMETER   16  beta_vw RESTORED TO VARIABLE.
                   PARAMETER   14  alpha_vw RESTORED TO VARIABLE.
                   PARAMETER   13  beta_y RESTORED TO VARIABLE.
                   PARAMETER   11  alpha_y RESTORED TO VARIABLE.
                   PARAMETER   10  beta_2CBO RESTORED TO VARIABLE.
                   PARAMETER    9  alpha_2CBO RESTORED TO VARIABLE.
                   PARAMETER    8  beta_CBO RESTORED TO VARIABLE.
                   PARAMETER    6  alpha_CBO RESTORED TO VARIABLE.
 **********
 **   17 **FIX            8
 **********
 **********
 **   18 **FIX            9
 **********
 **********
 **   19 **FIX           11
 **********
 **********
 **   20 **FIX           12
 **********
 PARAMETER   12  IS CONSTANT.   IGNORED.
 **********
 **   21 **FIX           14
 **********
 **********
 **   22 **FIX           15
 **********
 PARAMETER   15  IS CONSTANT.   IGNORED.
 **********
 **   23 **FIX           16
 **********
 **********
 **   24 **MIGRAD
 **********
 START MIGRAD MINIMIZATION.  STRATEGY  1.  CONVERGENCE WHEN EDM .LT. 1.00e-04
 FCN=530.245 FROM MIGRAD    STATUS=INITIATE       28 CALLS        1352 TOTAL
                     EDM= unknown      STRATEGY= 1      NO ERROR MATRIX       
  EXT PARAMETER               CURRENT GUESS       STEP         FIRST   
  NO.   NAME      VALUE            ERROR          SIZE      DERIVATIVE 
   1  N0           3.07808e+06   1.40126e+04   1.27193e+04  -2.99943e-03
   2  tau          6.43884e+01   constant   
   3  A0           3.45028e-01   2.07097e-03  -1.93940e-03  -7.96367e+03
   4  phi          4.20058e+00   1.19347e-02   1.12727e-02   9.51036e+02
   5  R           -6.17521e+01   constant   
   6  alpha_CBO    0.00000e+00   1.00000e-03   1.00000e-03   6.61173e+03
   7  w_CBO        2.32500e+00   constant   
   8  beta_CBO     0.00000e+00     fixed    
   9  alpha_2CBO   0.00000e+00     fixed    
  10  beta_2CBO    0.00000e+00   1.00000e-03   1.00000e-03  -2.18240e+04
  11  alpha_y      0.00000e+00     fixed    
  12  w_y          1.44500e+01   constant   
  13  beta_y       0.00000e+00   1.00000e-03   1.00000e-03  -9.12352e+04
  14  alpha_vw     0.00000e+00     fixed    
  15  w_vw         1.29000e+01   constant   
  16  beta_vw      0.00000e+00     fixed    
  17  LM          -7.01586e-04   constant   
  18  zeta_y       0.00000e+00   constant   
  19  zeta_vw      0.00000e+00   constant   
  20  T_CBO        5.08044e+01   7.59124e-01  -2.83437e-03   2.91456e+02
  21  alpha_A0    -2.63709e-01   6.19324e-02  -5.76606e-02  -7.69722e+02
  22  beta_A0     -1.25733e-01   1.60330e-02  -1.50110e-02   1.73290e+01
  23  alpha_phi   -7.09212e-02   2.11493e-02  -2.04563e-02   1.14763e+03
  24  beta_phi     2.07200e-01   5.31973e-02   4.91186e-02  -1.75975e+02
 CALL LIMIT EXCEEDED IN MIGRAD.
 MIGRAD TERMINATED WITHOUT CONVERGENCE.
 FCN=397.584 FROM MIGRAD    STATUS=CALL LIMIT   1905 CALLS        3229 TOTAL
                     EDM=0.630531    STRATEGY= 1  ERROR MATRIX UNCERTAINTY  22.2 per cent
  EXT PARAMETER                APPROXIMATE        STEP         FIRST   
  NO.   NAME      VALUE            ERROR          SIZE      DERIVATIVE 
   1  N0           3.44406e+06   3.26236e+04   1.47723e+04  -1.46395e-03
   2  tau          6.43884e+01   constant   
   3  A0           3.39361e-01   2.25127e-03   5.89173e-05   3.21199e+03
   4  phi          3.98796e+00   1.95365e-02  -7.98991e-03  -2.10330e+03
   5  R           -6.17521e+01   constant   
   6  alpha_CBO    7.44719e-02   6.05127e-03   2.53165e-03  -4.48418e+03
   7  w_CBO        2.32500e+00   constant   
   8  beta_CBO     0.00000e+00     fixed    
   9  alpha_2CBO   0.00000e+00     fixed    
  10  beta_2CBO    1.81992e-02   2.97404e-03   1.33175e-03   7.12350e+02
  11  alpha_y      0.00000e+00     fixed    
  12  w_y          1.44500e+01   constant   
  13  beta_y       1.60257e-03   1.69439e-04   9.79047e-06   3.34741e+01
  14  alpha_vw     0.00000e+00     fixed    
  15  w_vw         1.29000e+01   constant   
  16  beta_vw      0.00000e+00     fixed    
  17  LM          -7.01586e-04   constant   
  18  zeta_y       0.00000e+00   constant   
  19  zeta_vw      0.00000e+00   constant   
  20  T_CBO        7.89206e+01   1.46711e+00  -2.02139e-04   1.31049e+03
  21  alpha_A0    -6.36888e-01   2.32032e-02  -8.34003e-03  -7.77432e+02
  22  beta_A0      2.19583e-01   2.86802e-02   1.46780e-02  -4.79168e+01
  23  alpha_phi    1.52972e-01   3.60380e-02   1.62536e-02   2.83132e+02
  24  beta_phi     6.02993e-01   3.67251e-02   1.73549e-02   2.81016e+02
 EXTERNAL ERROR MATRIX.    NDIM=  25    NPAR= 11    ERR DEF=1
  1.064e+09 
 -2.958e+01  5.068e-06 
 -6.121e+02  2.507e-05  3.817e-04 
  1.907e+02 -7.247e-06 -1.170e-04  3.662e-05 
  9.089e+01 -1.477e-06 -4.961e-05  1.495e-05  8.845e-06 
  9.354e-01 -6.326e-08 -6.965e-07  2.212e-07  5.347e-08  2.871e-08 
  1.362e+04 -2.748e-03 -1.061e-02  3.600e-03  1.048e-04  3.462e-05  2.152e+00 
 -6.898e+02  3.263e-05  4.241e-04 -1.357e-04 -4.951e-05 -8.449e-07 -2.039e-02  5.384e-04 
  8.268e+02  4.475e-06 -4.271e-04  1.367e-04  7.687e-05  5.055e-07 -5.016e-03 -4.509e-04  8.226e-04 
  8.821e+02  1.585e-05 -4.256e-04  1.275e-04  9.728e-05  1.490e-07 -1.925e-02 -3.503e-04  9.413e-04  1.299e-03 
  1.164e+03 -1.715e-05 -6.262e-04  1.961e-04  1.058e-04  7.714e-07  6.584e-03 -6.886e-04  9.988e-04  1.145e-03  1.349e-03 
ERR MATRIX APPROXIMATE
 PARAMETER  CORRELATION COEFFICIENTS  
       NO.  GLOBAL      1      3      4      6     10     13     20     21     22     23     24
        1  0.99996   1.000 -0.403 -0.960  0.966  0.937  0.169  0.285 -0.911  0.884  0.750  0.972
        3  0.99845  -0.403  1.000  0.570 -0.532 -0.221 -0.166 -0.832  0.625  0.069  0.195 -0.207
        4  0.99982  -0.960  0.570  1.000 -0.989 -0.854 -0.210 -0.370  0.936 -0.762 -0.604 -0.873
        6  0.99967   0.966 -0.532 -0.989  1.000  0.831  0.216  0.406 -0.966  0.787  0.585  0.882
       10  0.99858   0.937 -0.221 -0.854  0.831  1.000  0.106  0.024 -0.718  0.901  0.908  0.969
       13  0.29230   0.169 -0.166 -0.210  0.216  0.106  1.000  0.139 -0.215  0.104  0.024  0.124
       20  0.99637   0.285 -0.832 -0.370  0.406  0.024  0.139  1.000 -0.599 -0.119 -0.364  0.122
       21  0.99952  -0.911  0.625  0.936 -0.966 -0.718 -0.215 -0.599  1.000 -0.678 -0.419 -0.808
       22  0.99942   0.884  0.069 -0.762  0.787  0.901  0.104 -0.119 -0.678  1.000  0.911  0.948
       23  0.99964   0.750  0.195 -0.604  0.585  0.908  0.024 -0.364 -0.419  0.911  1.000  0.865
       24  0.99974   0.972 -0.207 -0.873  0.882  0.969  0.124  0.122 -0.808  0.948  0.865  1.000
 ERR MATRIX APPROXIMATE
MINUIT - FIT ONLY 2-CBO
 **********
 **   25 **RES 
 **********
                   PARAMETER   16  beta_vw RESTORED TO VARIABLE.
                   PARAMETER   14  alpha_vw RESTORED TO VARIABLE.
                   PARAMETER   11  alpha_y RESTORED TO VARIABLE.
                   PARAMETER    9  alpha_2CBO RESTORED TO VARIABLE.
                   PARAMETER    8  beta_CBO RESTORED TO VARIABLE.
 **********
 **   26 **FIX            0
 **********
 PARAMETER    0  IS UNDEFINED. IGNORED.
 **********
 **   27 **FIX            1
 **********
 **********
 **   28 **FIX            2
 **********
 PARAMETER    2  IS CONSTANT.   IGNORED.
 **********
 **   29 **FIX            3
 **********
 **********
 **   30 **FIX            4
 **********
 **********
 **   31 **FIX            5
 **********
 PARAMETER    5  IS CONSTANT.   IGNORED.
 **********
 **   32 **FIX            6
 **********
 **********
 **   33 **FIX            7
 **********
 PARAMETER    7  IS CONSTANT.   IGNORED.
 **********
 **   34 **FIX           10
 **********
 **********
 **   35 **FIX           11
 **********
 **********
 **   36 **FIX           12
 **********
 PARAMETER   12  IS CONSTANT.   IGNORED.
 **********
 **   37 **FIX           13
 **********
 **********
 **   38 **FIX           14
 **********
 **********
 **   39 **FIX           15
 **********
 PARAMETER   15  IS CONSTANT.   IGNORED.
 **********
 **   40 **FIX           16
 **********
 **********
 **   41 **MIGRAD
 **********
 START MIGRAD MINIMIZATION.  STRATEGY  1.  CONVERGENCE WHEN EDM .LT. 1.00e-04
 FCN=397.584 FROM MIGRAD    STATUS=INITIATE       18 CALLS        3247 TOTAL
                     EDM= unknown      STRATEGY= 1      NO ERROR MATRIX       
  EXT PARAMETER               CURRENT GUESS       STEP         FIRST   
  NO.   NAME      VALUE            ERROR          SIZE      DERIVATIVE 
   1  N0           3.44406e+06     fixed    
   2  tau          6.43884e+01   constant   
   3  A0           3.39361e-01     fixed    
   4  phi          3.98796e+00     fixed    
   5  R           -6.17521e+01   constant   
   6  alpha_CBO    7.44719e-02     fixed    
   7  w_CBO        2.32500e+00   constant   
   8  beta_CBO     0.00000e+00   1.00000e-03   1.00000e-03   1.08314e+03
   9  alpha_2CBO   0.00000e+00   1.00000e-03   1.00000e-03  -2.60487e+02
  10  beta_2CBO    1.81992e-02     fixed    
  11  alpha_y      0.00000e+00     fixed    
  12  w_y          1.44500e+01   constant   
  13  beta_y       1.60257e-03     fixed    
  14  alpha_vw     0.00000e+00     fixed    
  15  w_vw         1.29000e+01   constant   
  16  beta_vw      0.00000e+00     fixed    
  17  LM          -7.01586e-04   constant   
  18  zeta_y       0.00000e+00   constant   
  19  zeta_vw      0.00000e+00   constant   
  20  T_CBO        7.89206e+01   1.46711e+00  -2.02139e-04   1.31049e+03
  21  alpha_A0    -6.36888e-01   2.32032e-02  -8.34003e-03  -7.77432e+02
  22  beta_A0      2.19583e-01   2.86802e-02   1.46780e-02  -4.79168e+01
  23  alpha_phi    1.52972e-01   3.60380e-02   1.62536e-02   2.83132e+02
  24  beta_phi     6.02993e-01   3.67251e-02   1.73549e-02   2.81016e+02
 MIGRAD MINIMIZATION HAS CONVERGED.
 MIGRAD WILL VERIFY CONVERGENCE AND ERROR MATRIX.
 FCN=397.323 FROM MIGRAD    STATUS=CONVERGED     182 CALLS        3411 TOTAL
                     EDM=2.54927e-06    STRATEGY= 1      ERR MATRIX NOT POS-DEF
  EXT PARAMETER                APPROXIMATE        STEP         FIRST   
  NO.   NAME      VALUE            ERROR          SIZE      DERIVATIVE 
   1  N0           3.44406e+06     fixed    
   2  tau          6.43884e+01   constant   
   3  A0           3.39361e-01     fixed    
   4  phi          3.98796e+00     fixed    
   5  R           -6.17521e+01   constant   
   6  alpha_CBO    7.44719e-02     fixed    
   7  w_CBO        2.32500e+00   constant   
   8  beta_CBO    -1.35866e-04   5.05848e-04   1.60549e-06  -9.43499e-01
   9  alpha_2CBO   1.97698e-05   3.94603e-04   1.51465e-06   9.64686e-04
  10  beta_2CBO    1.81992e-02     fixed    
  11  alpha_y      0.00000e+00     fixed    
  12  w_y          1.44500e+01   constant   
  13  beta_y       1.60257e-03     fixed    
  14  alpha_vw     0.00000e+00     fixed    
  15  w_vw         1.29000e+01   constant   
  16  beta_vw      0.00000e+00     fixed    
  17  LM          -7.01586e-04   constant   
  18  zeta_y       0.00000e+00   constant   
  19  zeta_vw      0.00000e+00   constant   
  20  T_CBO        7.89041e+01   1.94231e+00   5.27480e-06  -8.94155e-02
  21  alpha_A0    -6.36214e-01   8.84361e-03   9.39478e-06  -6.94328e-02
  22  beta_A0      2.20449e-01   4.32149e-03   9.94703e-06  -1.66707e-01
  23  alpha_phi    1.53743e-01   3.68311e-03   1.15591e-05   4.74654e-02
  24  beta_phi     6.03203e-01   8.16868e-03   9.36476e-06   1.73029e-01
 EXTERNAL ERROR MATRIX.    NDIM=  25    NPAR=  7    ERR DEF=1
  2.559e-07 -7.711e-08 -9.160e-05 -7.350e-07 -1.553e-06 -8.635e-07 -1.349e-08 
 -7.711e-08  1.557e-07 -2.979e-05 -1.404e-07  3.479e-07  9.612e-07 -4.567e-07 
 -9.160e-05 -2.979e-05  3.773e+00  1.689e-02 -4.677e-03 -3.673e-03 -1.517e-02 
 -7.350e-07 -1.404e-07  1.689e-02  7.821e-05 -1.863e-05 -1.384e-05 -6.701e-05 
 -1.553e-06  3.479e-07 -4.677e-03 -1.863e-05  1.868e-05  9.881e-06  2.327e-05 
 -8.635e-07  9.612e-07 -3.673e-03 -1.384e-05  9.881e-06  1.357e-05  1.237e-05 
 -1.349e-08 -4.567e-07 -1.517e-02 -6.701e-05  2.327e-05  1.237e-05  6.673e-05 
ERR MATRIX NOT POS-DEF
 PARAMETER  CORRELATION COEFFICIENTS  
       NO.  GLOBAL      8      9     20     21     22     23     24
        8  0.94565   1.000 -0.386 -0.093 -0.164 -0.711 -0.463 -0.003
        9  0.91941  -0.386  1.000 -0.039 -0.040  0.204  0.661 -0.142
       20  0.99718  -0.093 -0.039  1.000  0.984 -0.557 -0.513 -0.956
       21  0.99406  -0.164 -0.040  0.984  1.000 -0.487 -0.425 -0.928
       22  0.97179  -0.711  0.204 -0.557 -0.487  1.000  0.621  0.659
       23  0.94689  -0.463  0.661 -0.513 -0.425  0.621  1.000  0.411
       24  0.99308  -0.003 -0.142 -0.956 -0.928  0.659  0.411  1.000
 ERR MATRIX NOT POS-DEF
MINUIT - FIT wiggle + 1-CBO + 2-CBO
 **********
 **   42 **RES 
 **********
                   PARAMETER   16  beta_vw RESTORED TO VARIABLE.
                   PARAMETER   14  alpha_vw RESTORED TO VARIABLE.
                   PARAMETER   13  beta_y RESTORED TO VARIABLE.
                   PARAMETER   11  alpha_y RESTORED TO VARIABLE.
                   PARAMETER   10  beta_2CBO RESTORED TO VARIABLE.
                   PARAMETER    6  alpha_CBO RESTORED TO VARIABLE.
                   PARAMETER    4  phi RESTORED TO VARIABLE.
                   PARAMETER    3  A0 RESTORED TO VARIABLE.
                   PARAMETER    1  N0 RESTORED TO VARIABLE.
 **********
 **   43 **FIX           10
 **********
 **********
 **   44 **FIX           11
 **********
 **********
 **   45 **FIX           12
 **********
 PARAMETER   12  IS CONSTANT.   IGNORED.
 **********
 **   46 **FIX           13
 **********
 **********
 **   47 **FIX           14
 **********
 **********
 **   48 **FIX           15
 **********
 PARAMETER   15  IS CONSTANT.   IGNORED.
 **********
 **   49 **FIX           16
 **********
 **********
 **   50 **MIGRAD
 **********
 START MIGRAD MINIMIZATION.  STRATEGY  1.  CONVERGENCE WHEN EDM .LT. 1.00e-04
 FCN=397.323 FROM MIGRAD    STATUS=INITIATE       22 CALLS        3433 TOTAL
                     EDM= unknown      STRATEGY= 1      NO ERROR MATRIX       
  EXT PARAMETER               CURRENT GUESS       STEP         FIRST   
  NO.   NAME      VALUE            ERROR          SIZE      DERIVATIVE 
   1  N0           3.44406e+06   3.26236e+04   3.26236e+04  -1.54457e-04
   2  tau          6.43884e+01   constant   
   3  A0           3.39361e-01   2.25127e-03   2.25127e-03  -3.26179e+02
   4  phi          3.98796e+00   1.95365e-02   1.95365e-02   7.53943e+01
   5  R           -6.17521e+01   constant   
   6  alpha_CBO    7.44719e-02   6.05127e-03   6.05127e-03   5.90758e+02
   7  w_CBO        2.32500e+00   constant   
   8  beta_CBO    -1.35866e-04   5.05848e-04   1.60549e-06  -9.43516e-01
   9  alpha_2CBO   1.97698e-05   3.94603e-04   1.51465e-06   9.54891e-04
  10  beta_2CBO    1.81992e-02     fixed    
  11  alpha_y      0.00000e+00     fixed    
  12  w_y          1.44500e+01   constant   
  13  beta_y       1.60257e-03     fixed    
  14  alpha_vw     0.00000e+00     fixed    
  15  w_vw         1.29000e+01   constant   
  16  beta_vw      0.00000e+00     fixed    
  17  LM          -7.01586e-04   constant   
  18  zeta_y       0.00000e+00   constant   
  19  zeta_vw      0.00000e+00   constant   
  20  T_CBO        7.89041e+01   1.94231e+00   5.27480e-06  -8.97424e-02
  21  alpha_A0    -6.36214e-01   8.84361e-03   9.39478e-06  -6.94014e-02
  22  beta_A0      2.20449e-01   4.32149e-03   9.94703e-06  -1.66692e-01
  23  alpha_phi    1.53743e-01   3.68311e-03   1.15591e-05   4.74666e-02
  24  beta_phi     6.03203e-01   8.16868e-03   9.36476e-06   1.73026e-01
 MIGRAD MINIMIZATION HAS CONVERGED.
 MIGRAD WILL VERIFY CONVERGENCE AND ERROR MATRIX.
 FCN=397.224 FROM HESSE     STATUS=NOT POSDEF    100 CALLS        3732 TOTAL
                     EDM=0.000100591    STRATEGY= 1      ERR MATRIX NOT POS-DEF
  EXT PARAMETER                APPROXIMATE        STEP         FIRST   
  NO.   NAME      VALUE            ERROR          SIZE      DERIVATIVE 
   1  N0           3.44487e+06   3.67211e+03   3.81953e+00   1.91007e-06
   2  tau          6.43884e+01   constant   
   3  A0           3.39557e-01   1.46296e-03   1.27060e-06  -2.79672e+01
   4  phi          3.98851e+00   4.45812e-03   3.93598e-06   1.66304e+00
   5  R           -6.17521e+01   constant   
   6  alpha_CBO    7.43886e-02   1.32147e-03   1.52683e-06   6.50056e+00
   7  w_CBO        2.32500e+00   constant   
   8  beta_CBO    -2.40075e-04   1.21335e-03   1.60540e-06   2.06525e+01
   9  alpha_2CBO  -8.42800e-05   6.25337e-04   1.51447e-06   5.77372e+00
  10  beta_2CBO    1.81992e-02     fixed    
  11  alpha_y      0.00000e+00     fixed    
  12  w_y          1.44500e+01   constant   
  13  beta_y       1.60257e-03     fixed    
  14  alpha_vw     0.00000e+00     fixed    
  15  w_vw         1.29000e+01   constant   
  16  beta_vw      0.00000e+00     fixed    
  17  LM          -7.01586e-04   constant   
  18  zeta_y       0.00000e+00   constant   
  19  zeta_vw      0.00000e+00   constant   
  20  T_CBO        7.91149e+01   1.73994e+00   5.28073e-06  -6.85237e-01
  21  alpha_A0    -6.35437e-01   9.42691e-03   9.36732e-06   1.51749e+00
  22  beta_A0      2.23145e-01   8.21703e-03   9.90469e-06   3.40475e+00
  23  alpha_phi    1.54925e-01   8.49516e-03   1.15444e-05  -1.02503e+00
  24  beta_phi     6.05331e-01   9.68608e-03   9.35551e-06  -8.88151e-01
 CALL LIMIT EXCEEDED IN MIGRAD.
 MIGRAD TERMINATED WITHOUT CONVERGENCE.
 FCN=395.959 FROM MIGRAD    STATUS=CALL LIMIT   1922 CALLS        5333 TOTAL
                     EDM=0.0519546    STRATEGY= 1      ERR MATRIX NOT POS-DEF
  EXT PARAMETER                APPROXIMATE        STEP         FIRST   
  NO.   NAME      VALUE            ERROR          SIZE      DERIVATIVE 
   1  N0           3.34967e+06   1.36812e+04  -1.35083e+03   4.13619e-04
   2  tau          6.43884e+01   constant   
   3  A0           3.60157e-01   6.73038e-03   8.80988e-04  -1.95529e+03
   4  phi          4.19459e+00   3.68927e-02   4.66182e-03   1.05098e+03
   5  R           -6.17521e+01   constant   
   6  alpha_CBO    2.25841e-02   8.42590e-03  -1.01616e-03   1.79864e+03
   7  w_CBO        2.32500e+00   constant   
   8  beta_CBO     1.60122e-02   4.65134e-03   5.54021e-04   1.04664e+03
   9  alpha_2CBO  -1.10077e-02   1.81559e-03  -2.12936e-04   4.20028e+02
  10  beta_2CBO    1.81992e-02     fixed    
  11  alpha_y      0.00000e+00     fixed    
  12  w_y          1.44500e+01   constant   
  13  beta_y       1.60257e-03     fixed    
  14  alpha_vw     0.00000e+00     fixed    
  15  w_vw         1.29000e+01   constant   
  16  beta_vw      0.00000e+00     fixed    
  17  LM          -7.01586e-04   constant   
  18  zeta_y       0.00000e+00   constant   
  19  zeta_vw      0.00000e+00   constant   
  20  T_CBO        7.23870e+01   3.20171e+00   1.66351e-03  -6.85666e+02
  21  alpha_A0    -6.16119e-01   2.05021e-02   2.10389e-03   3.48414e+02
  22  beta_A0      8.09112e-02   2.93557e-02  -3.26858e-03   3.27492e+02
  23  alpha_phi    1.36802e-01   8.70552e-03  -5.12722e-04  -1.65692e+02
  24  beta_phi     7.20224e-01   1.19319e-02  -7.42987e-04  -1.48528e+02
 EXTERNAL ERROR MATRIX.    NDIM=  25    NPAR= 11    ERR DEF=1
  1.872e+08 
 -7.470e+01  4.530e-05 
 -4.453e+02  2.435e-04  1.361e-03 
  1.074e+02 -5.301e-05 -3.059e-04  7.100e-05 
 -4.786e+01  3.048e-05  1.605e-04 -3.387e-05  2.163e-05 
  1.898e+01 -1.136e-05 -6.379e-05  1.433e-05 -7.312e-06  3.296e-06 
 -2.952e+04  2.010e-02  1.072e-01 -2.340e-02  1.269e-02 -5.357e-03  1.025e+01 
 -2.470e+02  9.847e-05  5.942e-04 -1.493e-04  5.418e-05 -2.780e-05  4.861e-02  4.203e-04 
  3.694e+02 -1.863e-04 -1.043e-03  2.339e-04 -1.287e-04  4.593e-05 -7.385e-02 -4.345e-04  8.618e-04 
  2.641e+01 -3.710e-05 -1.766e-04  3.006e-05 -3.047e-05  8.673e-06 -1.450e-02  8.690e-06  1.459e-04  7.579e-05 
  1.011e+02 -3.611e-05 -1.805e-04  4.182e-05 -2.504e-05  3.953e-06 -1.221e-02 -1.297e-04  1.864e-04  1.167e-06  1.424e-04 
ERR MATRIX NOT POS-DEF
 PARAMETER  CORRELATION COEFFICIENTS  
       NO.  GLOBAL      1      3      4      6      8      9     20     21     22     23     24
        1  0.99993   1.000 -0.811 -0.882  0.932 -0.752  0.764 -0.674 -0.880  0.920  0.222  0.619
        3  0.99997  -0.811  1.000  0.981 -0.935  0.974 -0.929  0.933  0.714 -0.943 -0.633 -0.450
        4  1.00000  -0.882  0.981  1.000 -0.984  0.935 -0.952  0.907  0.786 -0.963 -0.550 -0.410
        6  0.99997   0.932 -0.935 -0.984  1.000 -0.864  0.937 -0.868 -0.865  0.946  0.410  0.416
        8  0.99986  -0.752  0.974  0.935 -0.864  1.000 -0.866  0.852  0.568 -0.942 -0.752 -0.451
        9  0.99770   0.764 -0.929 -0.952  0.937 -0.866  1.000 -0.922 -0.747  0.862  0.549  0.182
       20  0.99993  -0.674  0.933  0.907 -0.868  0.852 -0.922  1.000  0.740 -0.786 -0.520 -0.320
       21  0.99988  -0.880  0.714  0.786 -0.865  0.568 -0.747  0.740  1.000 -0.722  0.049 -0.530
       22  0.99993   0.920 -0.943 -0.963  0.946 -0.942  0.862 -0.786 -0.722  1.000  0.571  0.532
       23  0.99785   0.222 -0.633 -0.550  0.410 -0.752  0.549 -0.520  0.049  0.571  1.000  0.011
       24  0.99921   0.619 -0.450 -0.410  0.416 -0.451  0.182 -0.320 -0.530  0.532  0.011  1.000
 ERR MATRIX NOT POS-DEF
MINUIT - FIT ONLY 1-y
 **********
 **   51 **RES 
 **********
                   PARAMETER   16  beta_vw RESTORED TO VARIABLE.
                   PARAMETER   14  alpha_vw RESTORED TO VARIABLE.
                   PARAMETER   13  beta_y RESTORED TO VARIABLE.
                   PARAMETER   11  alpha_y RESTORED TO VARIABLE.
                   PARAMETER   10  beta_2CBO RESTORED TO VARIABLE.
 **********
 **   52 **FIX            0
 **********
 PARAMETER    0  IS UNDEFINED. IGNORED.
 **********
 **   53 **FIX            1
 **********
 **********
 **   54 **FIX            2
 **********
 PARAMETER    2  IS CONSTANT.   IGNORED.
 **********
 **   55 **FIX            3
 **********
 **********
 **   56 **FIX            4
 **********
 **********
 **   57 **FIX            5
 **********
 PARAMETER    5  IS CONSTANT.   IGNORED.
 **********
 **   58 **FIX            6
 **********
 **********
 **   59 **FIX            7
 **********
 PARAMETER    7  IS CONSTANT.   IGNORED.
 **********
 **   60 **FIX            8
 **********
 **********
 **   61 **FIX            9
 **********
 **********
 **   62 **FIX           13
 **********
 **********
 **   63 **FIX           14
 **********
 **********
 **   64 **FIX           15
 **********
 PARAMETER   15  IS CONSTANT.   IGNORED.
 **********
 **   65 **FIX           16
 **********
 **********
 **   66 **MIGRAD
 **********
 START MIGRAD MINIMIZATION.  STRATEGY  1.  CONVERGENCE WHEN EDM .LT. 1.00e-04
 FCN=395.959 FROM MIGRAD    STATUS=INITIATE       16 CALLS        5349 TOTAL
                     EDM= unknown      STRATEGY= 1      NO ERROR MATRIX       
  EXT PARAMETER               CURRENT GUESS       STEP         FIRST   
  NO.   NAME      VALUE            ERROR          SIZE      DERIVATIVE 
   1  N0           3.34967e+06     fixed    
   2  tau          6.43884e+01   constant   
   3  A0           3.60157e-01     fixed    
   4  phi          4.19459e+00     fixed    
   5  R           -6.17521e+01   constant   
   6  alpha_CBO    2.25841e-02     fixed    
   7  w_CBO        2.32500e+00   constant   
   8  beta_CBO     1.60122e-02     fixed    
   9  alpha_2CBO  -1.10077e-02     fixed    
  10  beta_2CBO    1.81992e-02   2.97404e-03   2.97404e-03   3.70167e+02
  11  alpha_y      0.00000e+00   1.00000e-03   1.00000e-03  -2.19159e+05
  12  w_y          1.44500e+01   constant   
  13  beta_y       1.60257e-03     fixed    
  14  alpha_vw     0.00000e+00     fixed    
  15  w_vw         1.29000e+01   constant   
  16  beta_vw      0.00000e+00     fixed    
  17  LM          -7.01586e-04   constant   
  18  zeta_y       0.00000e+00   constant   
  19  zeta_vw      0.00000e+00   constant   
  20  T_CBO        7.23870e+01   3.20171e+00   1.66351e-03  -6.85666e+02
  21  alpha_A0    -6.16119e-01   2.05021e-02   2.10389e-03   3.48414e+02
  22  beta_A0      8.09112e-02   2.93557e-02  -3.26858e-03   3.27492e+02
  23  alpha_phi    1.36802e-01   8.70552e-03  -5.12722e-04  -1.65692e+02
  24  beta_phi     7.20224e-01   1.19319e-02  -7.42987e-04  -1.48528e+02
 CALL LIMIT EXCEEDED IN MIGRAD.
 MIGRAD TERMINATED WITHOUT CONVERGENCE.
 FCN=74.4536 FROM MIGRAD    STATUS=CALL LIMIT   1154 CALLS        6487 TOTAL
                     EDM=0.0971865    STRATEGY= 1  ERROR MATRIX UNCERTAINTY  23.2 per cent
  EXT PARAMETER                APPROXIMATE        STEP         FIRST   
  NO.   NAME      VALUE            ERROR          SIZE      DERIVATIVE 
   1  N0           3.34967e+06     fixed    
   2  tau          6.43884e+01   constant   
   3  A0           3.60157e-01     fixed    
   4  phi          4.19459e+00     fixed    
   5  R           -6.17521e+01   constant   
   6  alpha_CBO    2.25841e-02     fixed    
   7  w_CBO        2.32500e+00   constant   
   8  beta_CBO     1.60122e-02     fixed    
   9  alpha_2CBO  -1.10077e-02     fixed    
  10  beta_2CBO    1.92423e-02   3.06257e-04   1.28459e-05  -2.21954e+02
  11  alpha_y      2.92251e-03   1.62452e-04  -1.09669e-05   1.00912e+02
  12  w_y          1.44500e+01   constant   
  13  beta_y       1.60257e-03     fixed    
  14  alpha_vw     0.00000e+00     fixed    
  15  w_vw         1.29000e+01   constant   
  16  beta_vw      0.00000e+00     fixed    
  17  LM          -7.01586e-04   constant   
  18  zeta_y       0.00000e+00   constant   
  19  zeta_vw      0.00000e+00   constant   
  20  T_CBO        1.28507e+02   1.25558e+01   4.61349e-03   4.84944e+01
  21  alpha_A0    -4.72126e-01   1.66829e-02   2.03533e-03   4.21480e+01
  22  beta_A0      6.43857e-02   1.92809e-03  -1.48702e-04   3.39095e+00
  23  alpha_phi    1.16656e-01   3.49487e-03  -1.99856e-04   4.68095e+01
  24  beta_phi     5.55458e-01   1.80687e-02  -2.08046e-03   1.43117e+02
 EXTERNAL ERROR MATRIX.    NDIM=  25    NPAR=  7    ERR DEF=1
  9.379e-08  4.722e-09  1.037e-03  1.594e-06 -3.029e-07  3.841e-07 -1.568e-06 
  4.722e-09  2.639e-08 -2.362e-04 -3.212e-07  2.294e-08  9.913e-08  3.375e-07 
  1.037e-03 -2.362e-04  1.577e+02  2.089e-01 -1.958e-02 -3.012e-02 -2.266e-01 
  1.594e-06 -3.212e-07  2.089e-01  2.783e-04 -2.654e-05 -3.757e-05 -3.006e-04 
 -3.029e-07  2.294e-08 -1.958e-02 -2.654e-05  3.718e-06  2.596e-06  2.865e-05 
  3.841e-07  9.913e-08 -3.012e-02 -3.757e-05  2.596e-06  1.221e-05  4.209e-05 
 -1.568e-06  3.375e-07 -2.266e-01 -3.006e-04  2.865e-05  4.209e-05  3.265e-04 
ERR MATRIX APPROXIMATE
 PARAMETER  CORRELATION COEFFICIENTS  
       NO.  GLOBAL     10     11     20     21     22     23     24
       10  0.84622   1.000  0.095  0.269  0.312 -0.513  0.359 -0.283
       11  0.26189   0.095  1.000 -0.116 -0.119  0.073  0.175  0.115
       20  0.99937   0.269 -0.116  1.000  0.997 -0.808 -0.686 -0.998
       21  0.99862   0.312 -0.119  0.997  1.000 -0.825 -0.644 -0.997
       22  0.89319  -0.513  0.073 -0.808 -0.825  1.000  0.385  0.822
       23  0.92958   0.359  0.175 -0.686 -0.644  0.385  1.000  0.667
       24  0.99904  -0.283  0.115 -0.998 -0.997  0.822  0.667  1.000
 ERR MATRIX APPROXIMATE
MINUIT - FIT ONLY 2-y
 **********
 **   67 **RES 
 **********
                   PARAMETER   16  beta_vw RESTORED TO VARIABLE.
                   PARAMETER   14  alpha_vw RESTORED TO VARIABLE.
                   PARAMETER   13  beta_y RESTORED TO VARIABLE.
                   PARAMETER    9  alpha_2CBO RESTORED TO VARIABLE.
                   PARAMETER    8  beta_CBO RESTORED TO VARIABLE.
                   PARAMETER    6  alpha_CBO RESTORED TO VARIABLE.
                   PARAMETER    4  phi RESTORED TO VARIABLE.
                   PARAMETER    3  A0 RESTORED TO VARIABLE.
                   PARAMETER    1  N0 RESTORED TO VARIABLE.
 **********
 **   68 **FIX            0
 **********
 PARAMETER    0  IS UNDEFINED. IGNORED.
 **********
 **   69 **FIX            1
 **********
 **********
 **   70 **FIX            2
 **********
 PARAMETER    2  IS CONSTANT.   IGNORED.
 **********
 **   71 **FIX            3
 **********
 **********
 **   72 **FIX            4
 **********
 **********
 **   73 **FIX            5
 **********
 PARAMETER    5  IS CONSTANT.   IGNORED.
 **********
 **   74 **FIX            6
 **********
 **********
 **   75 **FIX            7
 **********
 PARAMETER    7  IS CONSTANT.   IGNORED.
 **********
 **   76 **FIX            8
 **********
 **********
 **   77 **FIX            9
 **********
 **********
 **   78 **FIX           10
 **********
 **********
 **   79 **FIX           11
 **********
 **********
 **   80 **FIX           12
 **********
 PARAMETER   12  IS CONSTANT.   IGNORED.
 **********
 **   81 **FIX           16
 **********
 **********
 **   82 **MIGRAD
 **********
 START MIGRAD MINIMIZATION.  STRATEGY  1.  CONVERGENCE WHEN EDM .LT. 1.00e-04
 FCN=74.4536 FROM MIGRAD    STATUS=INITIATE       16 CALLS        6503 TOTAL
                     EDM= unknown      STRATEGY= 1      NO ERROR MATRIX       
  EXT PARAMETER               CURRENT GUESS       STEP         FIRST   
  NO.   NAME      VALUE            ERROR          SIZE      DERIVATIVE 
   1  N0           3.34967e+06     fixed    
   2  tau          6.43884e+01   constant   
   3  A0           3.60157e-01     fixed    
   4  phi          4.19459e+00     fixed    
   5  R           -6.17521e+01   constant   
   6  alpha_CBO    2.25841e-02     fixed    
   7  w_CBO        2.32500e+00   constant   
   8  beta_CBO     1.60122e-02     fixed    
   9  alpha_2CBO  -1.10077e-02     fixed    
  10  beta_2CBO    1.92423e-02     fixed    
  11  alpha_y      2.92251e-03     fixed    
  12  w_y          1.44500e+01   constant   
  13  beta_y       1.60257e-03   1.69439e-04   1.69439e-04  -5.28695e+03
  14  alpha_vw     0.00000e+00   1.00000e-03   1.00000e-03   4.53105e+04
  15  w_vw         1.29000e+01   constant   
  16  beta_vw      0.00000e+00     fixed    
  17  LM          -7.01586e-04   constant   
  18  zeta_y       0.00000e+00   constant   
  19  zeta_vw      0.00000e+00   constant   
  20  T_CBO        1.28507e+02   1.25558e+01   4.61349e-03   4.84944e+01
  21  alpha_A0    -4.72126e-01   1.66829e-02   2.03533e-03   4.21480e+01
  22  beta_A0      6.43857e-02   1.92809e-03  -1.48702e-04   3.39095e+00
  23  alpha_phi    1.16656e-01   3.49487e-03  -1.99856e-04   4.68095e+01
  24  beta_phi     5.55458e-01   1.80687e-02  -2.08046e-03   1.43117e+02
 MIGRAD MINIMIZATION HAS CONVERGED.
 MIGRAD WILL VERIFY CONVERGENCE AND ERROR MATRIX.
 COVARIANCE MATRIX CALCULATED SUCCESSFULLY
 FCN=61.3949 FROM HESSE     STATUS=OK             50 CALLS        6648 TOTAL
                     EDM=0.0751642    STRATEGY= 1      ERROR MATRIX ACCURATE 
  EXT PARAMETER                                   STEP         FIRST   
  NO.   NAME      VALUE            ERROR          SIZE      DERIVATIVE 
   1  N0           3.34967e+06     fixed    
   2  tau          6.43884e+01   constant   
   3  A0           3.60157e-01     fixed    
   4  phi          4.19459e+00     fixed    
   5  R           -6.17521e+01   constant   
   6  alpha_CBO    2.25841e-02     fixed    
   7  w_CBO        2.32500e+00   constant   
   8  beta_CBO     1.60122e-02     fixed    
   9  alpha_2CBO  -1.10077e-02     fixed    
  10  beta_2CBO    1.92423e-02     fixed    
  11  alpha_y      2.92251e-03     fixed    
  12  w_y          1.44500e+01   constant   
  13  beta_y       1.61099e-03   1.64093e-04   6.24800e-07   1.88532e+00
