 + ++++++++++++++++++++++++++++++++++++++++++++++++++++++++++++++++++++ +
 +                                                                      +
 +           You have chose to blind your fitting according to          +
 +                omega_ref * (1 + (R +/- deltaR) *10^{-6})             +
 +                                                                      +
 + ++++++++++++++++++++++++++++++++++++++++++++++++++++++++++++++++++++ +
In main()...
reading format from /gm2data/zkhechad/run45/envelope/formats/formatB_sBin_constraintOn.txt
pBinTau 	= 0  
pBinPhi 	= 0  
constraintau 	= 1 
includeMopTerm 	= 0    
constrainMop    = 0   
Parameters after format file: pBinTau 0 pBinPhi 0 constraintau 1 includeMopTerm 0 constrainMop 0 c_e_scale 0.000000 
Opening file /gm2data/tbarrett/gm2fr/studies/run23_bunch_corrections/CorrectedFourier_Run3b.root.
reading full fit data from /gm2data/zkhechad/cboTemplates/Run4CBOTemplates/templateFits0_v2.0/noRF/sBin_constraintOn_cE0.0_seed0_noRF_calo15.root
windowBins = 17
fitting sliding window 162 from bin 298 at 44.312400 to bin 315 at 46.998000 (17 bins)

Reading data from /gm2data/cornell/histograms/aMethod/histogram_a_noRF.root
 **********
 **    1 **SET PRINTOUT            1
 **********
 **********
 **    2 **SET NOWARNINGS 
 **********
 PARAMETER DEFINITIONS:
    NO.   NAME         VALUE      STEP SIZE      LIMITS
     1 N0           3.09167e+06  1.00000e+02     no limits
     2 tau          6.43743e+01  constant
     3 A0           3.54035e-01  1.00000e-04     no limits
     4 phi          4.11947e+00  1.00000e-02     no limits
     5 R           -6.00908e+01  constant
     6 alpha_CBO    0.00000e+00  1.00000e-03     no limits
     7 w_CBO        2.32500e+00  constant
     8 beta_CBO     0.00000e+00  1.00000e-03     no limits
     9 alpha_2CBO   0.00000e+00  1.00000e-03     no limits
    10 beta_2CBO    0.00000e+00  1.00000e-03     no limits
    11 alpha_y      0.00000e+00  1.00000e-03     no limits
    12 w_y          1.44500e+01  constant
    13 beta_y       0.00000e+00  1.00000e-03     no limits
    14 alpha_vw     0.00000e+00  1.00000e-03     no limits
    15 w_vw         1.29000e+01  constant
    16 beta_vw      0.00000e+00  1.00000e-03     no limits
    17 LM          -9.88464e-04  constant
    18 zeta_y       0.00000e+00  constant
    19 zeta_vw      0.00000e+00  constant
    20 T_CBO        1.00000e+02  1.00000e+00    0.00000e+00  1.00000e+03
    21 alpha_A0     0.00000e+00  1.00000e-03     no limits
    22 beta_A0      0.00000e+00  1.00000e-03     no limits
    23 alpha_phi    0.00000e+00  1.00000e-03     no limits
    24 beta_phi     0.00000e+00  1.00000e-03     no limits
MINUIT - FIT ONLY WIGGLE
 **********
 **    3 **FIX            5
 **********
 PARAMETER    5  IS CONSTANT.   IGNORED.
 **********
 **    4 **FIX            6
 **********
 **********
 **    5 **FIX            7
 **********
 PARAMETER    7  IS CONSTANT.   IGNORED.
 **********
 **    6 **FIX            8
 **********
 **********
 **    7 **FIX            9
 **********
 **********
 **    8 **FIX           10
 **********
 **********
 **    9 **FIX           11
 **********
 **********
 **   10 **FIX           12
 **********
 PARAMETER   12  IS CONSTANT.   IGNORED.
 **********
 **   11 **FIX           13
 **********
 **********
 **   12 **FIX           14
 **********
 **********
 **   13 **FIX           15
 **********
 PARAMETER   15  IS CONSTANT.   IGNORED.
 **********
 **   14 **FIX           16
 **********
 **********
 **   15 **MIGRAD
 **********
 FIRST CALL TO USER FUNCTION AT NEW START POINT, WITH IFLAG=4.
 START MIGRAD MINIMIZATION.  STRATEGY  1.  CONVERGENCE WHEN EDM .LT. 1.00e-04
 FCN=2362.94 FROM MIGRAD    STATUS=INITIATE      429 CALLS         430 TOTAL
                     EDM= unknown      STRATEGY= 1      NO ERROR MATRIX       
  EXT PARAMETER               CURRENT GUESS       STEP         FIRST   
  NO.   NAME      VALUE            ERROR          SIZE      DERIVATIVE 
   1  N0           3.09167e+06   1.00000e+02   0.00000e+00  -7.65682e-02
   2  tau          6.43743e+01   constant   
   3  A0           3.54035e-01   1.00000e-04   0.00000e+00  -4.97755e+05
   4  phi          4.11947e+00   1.00000e-02   0.00000e+00  -4.46276e+04
   5  R           -6.00908e+01   constant   
   6  alpha_CBO    0.00000e+00     fixed    
   7  w_CBO        2.32500e+00   constant   
   8  beta_CBO     0.00000e+00     fixed    
   9  alpha_2CBO   0.00000e+00     fixed    
  10  beta_2CBO    0.00000e+00     fixed    
  11  alpha_y      0.00000e+00     fixed    
  12  w_y          1.44500e+01   constant   
  13  beta_y       0.00000e+00     fixed    
  14  alpha_vw     0.00000e+00     fixed    
  15  w_vw         1.29000e+01   constant   
  16  beta_vw      0.00000e+00     fixed    
  17  LM          -9.88464e-04   constant   
  18  zeta_y       0.00000e+00   constant   
  19  zeta_vw      0.00000e+00   constant   
  20  T_CBO        1.00000e+02   1.00000e+00   0.00000e+00   0.00000e+00
  21  alpha_A0     0.00000e+00   1.00000e-03   0.00000e+00   4.16830e+04
  22  beta_A0      0.00000e+00   1.00000e-03   0.00000e+00   3.17762e+04
  23  alpha_phi    0.00000e+00   1.00000e-03   0.00000e+00   3.54867e+03
  24  beta_phi     0.00000e+00   1.00000e-03   0.00000e+00  -3.48584e+04
 MIGRAD MINIMIZATION HAS CONVERGED.
 MIGRAD WILL VERIFY CONVERGENCE AND ERROR MATRIX.
 FCN=255.872 FROM MIGRAD    STATUS=CONVERGED    1242 CALLS        1243 TOTAL
                     EDM=6.25705e-05    STRATEGY= 1      ERR MATRIX NOT POS-DEF
  EXT PARAMETER                APPROXIMATE        STEP         FIRST   
  NO.   NAME      VALUE            ERROR          SIZE      DERIVATIVE 
   1  N0           3.14740e+06   3.67532e+03   2.88708e+00  -4.04653e-06
   2  tau          6.43743e+01   constant   
   3  A0           3.85197e-01   1.81748e-03   1.26810e-06   1.26270e+00
   4  phi          4.11077e+00   2.53796e-03   3.09054e-06  -1.34997e+00
   5  R           -6.00908e+01   constant   
   6  alpha_CBO    0.00000e+00     fixed    
   7  w_CBO        2.32500e+00   constant   
   8  beta_CBO     0.00000e+00     fixed    
   9  alpha_2CBO   0.00000e+00     fixed    
  10  beta_2CBO    0.00000e+00     fixed    
  11  alpha_y      0.00000e+00     fixed    
  12  w_y          1.44500e+01   constant   
  13  beta_y       0.00000e+00     fixed    
  14  alpha_vw     0.00000e+00     fixed    
  15  w_vw         1.29000e+01   constant   
  16  beta_vw      0.00000e+00     fixed    
  17  LM          -9.88464e-04   constant   
  18  zeta_y       0.00000e+00   constant   
  19  zeta_vw      0.00000e+00   constant   
  20  T_CBO        9.73085e+01   1.15273e+01   2.21240e-05   1.97988e-01
  21  alpha_A0     1.90065e-01   1.00030e-02   7.37119e-06  -1.35803e+00
  22  beta_A0     -2.46872e-02   7.09411e-03   6.61555e-06   2.07732e+00
  23  alpha_phi   -3.49865e-02   7.69301e-03   6.44294e-06  -3.06480e+00
  24  beta_phi    -1.84494e-01   1.00801e-02   8.55829e-06  -1.21628e+00
 EXTERNAL ERROR MATRIX.    NDIM=  25    NPAR=  8    ERR DEF=1
  1.351e+07  2.111e+00 -6.940e+00 -1.919e+04  7.943e+00 -1.615e+01 -2.194e+01 -9.531e+00 
  2.111e+00  3.303e-06 -1.257e-07 -8.910e-03  7.845e-06  5.515e-06  3.524e-06 -8.786e-06 
 -6.940e+00 -1.257e-07  6.441e-06  7.318e-03 -3.640e-06  1.520e-05  1.656e-05  2.931e-06 
 -1.919e+04 -8.910e-03  7.318e-03  1.329e+02  6.188e-02 -4.837e-03 -2.021e-05 -5.622e-02 
  7.943e+00  7.845e-06 -3.640e-06  6.188e-02  1.001e-04 -4.282e-06 -1.491e-05 -9.931e-05 
 -1.615e+01  5.515e-06  1.520e-05 -4.837e-03 -4.282e-06  5.033e-05  5.198e-05  1.611e-06 
 -2.194e+01  3.524e-06  1.656e-05 -2.021e-05 -1.491e-05  5.198e-05  5.918e-05  1.378e-05 
 -9.531e+00 -8.786e-06  2.931e-06 -5.622e-02 -9.931e-05  1.611e-06  1.378e-05  1.016e-04 
ERR MATRIX NOT POS-DEF
 PARAMETER  CORRELATION COEFFICIENTS  
       NO.  GLOBAL      1      3      4     20     21     22     23     24
        1  0.99495   1.000  0.316 -0.744 -0.453  0.216 -0.620 -0.776 -0.257
        3  0.99603   0.316  1.000 -0.027 -0.425  0.431  0.428  0.252 -0.480
        4  0.98786  -0.744 -0.027  1.000  0.250 -0.143  0.844  0.848  0.115
       20  0.99736  -0.453 -0.425  0.250  1.000  0.537 -0.059 -0.000 -0.484
       21  0.99557   0.216  0.431 -0.143  0.537  1.000 -0.060 -0.194 -0.985
       22  0.99290  -0.620  0.428  0.844 -0.059 -0.060  1.000  0.952  0.023
       23  0.99428  -0.776  0.252  0.848 -0.000 -0.194  0.952  1.000  0.178
       24  0.99412  -0.257 -0.480  0.115 -0.484 -0.985  0.023  0.178  1.000
 ERR MATRIX NOT POS-DEF
MINUIT - FIT ONLY 1-CBO + wiggle
 **********
 **   16 **RES 
 **********
                   PARAMETER   16  beta_vw RESTORED TO VARIABLE.
                   PARAMETER   14  alpha_vw RESTORED TO VARIABLE.
                   PARAMETER   13  beta_y RESTORED TO VARIABLE.
                   PARAMETER   11  alpha_y RESTORED TO VARIABLE.
                   PARAMETER   10  beta_2CBO RESTORED TO VARIABLE.
                   PARAMETER    9  alpha_2CBO RESTORED TO VARIABLE.
                   PARAMETER    8  beta_CBO RESTORED TO VARIABLE.
                   PARAMETER    6  alpha_CBO RESTORED TO VARIABLE.
 **********
 **   17 **FIX            8
 **********
 **********
 **   18 **FIX            9
 **********
 **********
 **   19 **FIX           11
 **********
 **********
 **   20 **FIX           12
 **********
 PARAMETER   12  IS CONSTANT.   IGNORED.
 **********
 **   21 **FIX           14
 **********
 **********
 **   22 **FIX           15
 **********
 PARAMETER   15  IS CONSTANT.   IGNORED.
 **********
 **   23 **FIX           16
 **********
 **********
 **   24 **MIGRAD
 **********
 START MIGRAD MINIMIZATION.  STRATEGY  1.  CONVERGENCE WHEN EDM .LT. 1.00e-04
 FCN=255.872 FROM MIGRAD    STATUS=INITIATE       28 CALLS        1271 TOTAL
                     EDM= unknown      STRATEGY= 1      NO ERROR MATRIX       
  EXT PARAMETER               CURRENT GUESS       STEP         FIRST   
  NO.   NAME      VALUE            ERROR          SIZE      DERIVATIVE 
   1  N0           3.14740e+06   3.67532e+03   2.88708e+00  -4.04653e-06
   2  tau          6.43743e+01   constant   
   3  A0           3.85197e-01   1.81748e-03   1.26810e-06   1.26268e+00
   4  phi          4.11077e+00   2.53796e-03   3.09054e-06  -1.34999e+00
   5  R           -6.00908e+01   constant   
   6  alpha_CBO    0.00000e+00   1.00000e-03   1.00000e-03   5.47511e+02
   7  w_CBO        2.32500e+00   constant   
   8  beta_CBO     0.00000e+00     fixed    
   9  alpha_2CBO   0.00000e+00     fixed    
  10  beta_2CBO    0.00000e+00   1.00000e-03   1.00000e-03  -1.73159e+03
  11  alpha_y      0.00000e+00     fixed    
  12  w_y          1.44500e+01   constant   
  13  beta_y       0.00000e+00   1.00000e-03   1.00000e-03  -1.46282e+05
  14  alpha_vw     0.00000e+00     fixed    
  15  w_vw         1.29000e+01   constant   
  16  beta_vw      0.00000e+00     fixed    
  17  LM          -9.88464e-04   constant   
  18  zeta_y       0.00000e+00   constant   
  19  zeta_vw      0.00000e+00   constant   
  20  T_CBO        9.73085e+01   1.15273e+01   2.21240e-05  -1.98189e-01
  21  alpha_A0     1.90065e-01   1.00030e-02   7.37119e-06  -1.35802e+00
  22  beta_A0     -2.46872e-02   7.09411e-03   6.61555e-06   2.07728e+00
  23  alpha_phi   -3.49865e-02   7.69301e-03   6.44294e-06  -3.06480e+00
  24  beta_phi    -1.84494e-01   1.00801e-02   8.55829e-06  -1.21628e+00
 CALL LIMIT EXCEEDED IN MIGRAD.
 MIGRAD TERMINATED WITHOUT CONVERGENCE.
 FCN=83.5453 FROM MIGRAD    STATUS=CALL LIMIT   1920 CALLS        3163 TOTAL
                     EDM=0.0191472    STRATEGY= 1  ERROR MATRIX UNCERTAINTY  33.3 per cent
  EXT PARAMETER                APPROXIMATE        STEP         FIRST   
  NO.   NAME      VALUE            ERROR          SIZE      DERIVATIVE 
   1  N0           3.10790e+06   3.22913e+03  -7.09783e+01   1.46033e-04
   2  tau          6.43743e+01   constant   
   3  A0           3.69071e-01   4.47643e-03  -9.47751e-05  -5.14545e+01
   4  phi          4.11881e+00   8.47968e-03   1.51845e-04  -1.04968e+02
   5  R           -6.00908e+01   constant   
   6  alpha_CBO   -8.90616e-03   3.57203e-03   6.67227e-05   1.22669e+02
   7  w_CBO        2.32500e+00   constant   
   8  beta_CBO     0.00000e+00     fixed    
   9  alpha_2CBO   0.00000e+00     fixed    
  10  beta_2CBO    4.12439e-03   7.83328e-04  -1.55982e-05  -6.62831e+01
  11  alpha_y      0.00000e+00     fixed    
  12  w_y          1.44500e+01   constant   
  13  beta_y       2.24573e-03   1.70894e-04  -3.78657e-07   2.50777e+01
  14  alpha_vw     0.00000e+00     fixed    
  15  w_vw         1.29000e+01   constant   
  16  beta_vw      0.00000e+00     fixed    
  17  LM          -9.88464e-04   constant   
  18  zeta_y       0.00000e+00   constant   
  19  zeta_vw      0.00000e+00   constant   
  20  T_CBO        2.40198e+01   6.03690e+00  -8.75772e-04   5.84433e-01
  21  alpha_A0     1.56440e-02   5.44878e-02  -1.04552e-03  -2.89610e+00
  22  beta_A0     -3.32971e-02   1.41304e-02   1.84183e-04   7.66388e+00
  23  alpha_phi    1.76450e-02   1.93963e-02   4.36358e-04   1.70675e+01
  24  beta_phi    -2.42366e-01   3.25831e-02  -6.16685e-04  -6.40857e-01
 EXTERNAL ERROR MATRIX.    NDIM=  25    NPAR= 11    ERR DEF=1
  1.043e+07 
  1.025e+01  2.004e-05 
 -1.476e+01 -3.696e-05  7.190e-05 
 -5.269e+00 -1.489e-05  2.912e-05  1.276e-05 
  9.127e-01  2.504e-06 -4.762e-06 -2.391e-06  6.136e-07 
 -5.558e-03  6.566e-08 -1.547e-07 -5.856e-08  8.129e-09  2.920e-08 
  1.723e+04  2.541e-02 -4.380e-02 -1.632e-02  2.505e-03  5.878e-05  3.646e+01 
  1.553e+02  1.488e-04 -2.195e-04 -5.499e-05  8.096e-07  1.255e-07  2.748e-01  2.969e-03 
 -1.134e+01 -5.266e-05  1.110e-04  4.451e-05 -6.265e-06 -2.918e-07 -5.585e-02 -2.127e-04  1.997e-04 
 -5.988e+01 -7.169e-05  1.148e-04  4.012e-05 -5.881e-06 -1.117e-07 -1.129e-01 -9.747e-04  1.217e-04  3.762e-04 
  8.822e+01  9.798e-05 -1.561e-04 -4.229e-05  1.090e-06  1.887e-07  1.699e-01  1.752e-03 -1.876e-04 -5.782e-04  1.062e-03 
ERR MATRIX APPROXIMATE
 PARAMETER  CORRELATION COEFFICIENTS  
       NO.  GLOBAL      1      3      4      6     10     13     20     21     22     23     24
        1  0.99658   1.000  0.709 -0.539 -0.457  0.361 -0.010  0.884  0.883 -0.249 -0.956  0.838
        3  0.99944   0.709  1.000 -0.974 -0.931  0.714  0.086  0.940  0.610 -0.833 -0.826  0.672
        4  0.99929  -0.539 -0.974  1.000  0.961 -0.717 -0.107 -0.855 -0.475  0.927  0.698 -0.565
        6  0.99895  -0.457 -0.931  0.961  1.000 -0.854 -0.096 -0.757 -0.283  0.882  0.579 -0.363
       10  0.98148   0.361  0.714 -0.717 -0.854  1.000  0.061  0.530  0.019 -0.566 -0.387  0.043
       13  0.17506  -0.010  0.086 -0.107 -0.096  0.061  1.000  0.057  0.013 -0.121 -0.034  0.034
       20  0.99945   0.884  0.940 -0.855 -0.757  0.530  0.057  1.000  0.835 -0.655 -0.964  0.863
       21  0.99960   0.883  0.610 -0.475 -0.283  0.019  0.013  0.835  1.000 -0.276 -0.922  0.987
       22  0.99806  -0.249 -0.833  0.927  0.882 -0.566 -0.121 -0.655 -0.276  1.000  0.444 -0.408
       23  0.99909  -0.956 -0.826  0.698  0.579 -0.387 -0.034 -0.964 -0.922  0.444  1.000 -0.915
       24  0.99961   0.838  0.672 -0.565 -0.363  0.043  0.034  0.863  0.987 -0.408 -0.915  1.000
 ERR MATRIX APPROXIMATE
MINUIT - FIT ONLY 2-CBO
 **********
 **   25 **RES 
 **********
                   PARAMETER   16  beta_vw RESTORED TO VARIABLE.
                   PARAMETER   14  alpha_vw RESTORED TO VARIABLE.
                   PARAMETER   11  alpha_y RESTORED TO VARIABLE.
                   PARAMETER    9  alpha_2CBO RESTORED TO VARIABLE.
                   PARAMETER    8  beta_CBO RESTORED TO VARIABLE.
 **********
 **   26 **FIX            0
 **********
 PARAMETER    0  IS UNDEFINED. IGNORED.
 **********
 **   27 **FIX            1
 **********
 **********
 **   28 **FIX            2
 **********
 PARAMETER    2  IS CONSTANT.   IGNORED.
 **********
 **   29 **FIX            3
 **********
 **********
 **   30 **FIX            4
 **********
 **********
 **   31 **FIX            5
 **********
 PARAMETER    5  IS CONSTANT.   IGNORED.
 **********
 **   32 **FIX            6
 **********
 **********
 **   33 **FIX            7
 **********
 PARAMETER    7  IS CONSTANT.   IGNORED.
 **********
 **   34 **FIX           10
 **********
 **********
 **   35 **FIX           11
 **********
 **********
 **   36 **FIX           12
 **********
 PARAMETER   12  IS CONSTANT.   IGNORED.
 **********
 **   37 **FIX           13
 **********
 **********
 **   38 **FIX           14
 **********
 **********
 **   39 **FIX           15
 **********
 PARAMETER   15  IS CONSTANT.   IGNORED.
 **********
 **   40 **FIX           16
 **********
 **********
 **   41 **MIGRAD
 **********
 START MIGRAD MINIMIZATION.  STRATEGY  1.  CONVERGENCE WHEN EDM .LT. 1.00e-04
 FCN=83.5453 FROM MIGRAD    STATUS=INITIATE       18 CALLS        3181 TOTAL
                     EDM= unknown      STRATEGY= 1      NO ERROR MATRIX       
  EXT PARAMETER               CURRENT GUESS       STEP         FIRST   
  NO.   NAME      VALUE            ERROR          SIZE      DERIVATIVE 
   1  N0           3.10790e+06     fixed    
   2  tau          6.43743e+01   constant   
   3  A0           3.69071e-01     fixed    
   4  phi          4.11881e+00     fixed    
   5  R           -6.00908e+01   constant   
   6  alpha_CBO   -8.90616e-03     fixed    
   7  w_CBO        2.32500e+00   constant   
   8  beta_CBO     0.00000e+00   1.00000e-03   1.00000e-03   1.70669e+02
   9  alpha_2CBO   0.00000e+00   1.00000e-03   1.00000e-03   3.39653e+01
  10  beta_2CBO    4.12439e-03     fixed    
  11  alpha_y      0.00000e+00     fixed    
  12  w_y          1.44500e+01   constant   
  13  beta_y       2.24573e-03     fixed    
  14  alpha_vw     0.00000e+00     fixed    
  15  w_vw         1.29000e+01   constant   
  16  beta_vw      0.00000e+00     fixed    
  17  LM          -9.88464e-04   constant   
  18  zeta_y       0.00000e+00   constant   
  19  zeta_vw      0.00000e+00   constant   
  20  T_CBO        2.40198e+01   6.03690e+00  -8.75772e-04   5.84434e-01
  21  alpha_A0     1.56440e-02   5.44878e-02  -1.04552e-03  -2.89611e+00
  22  beta_A0     -3.32971e-02   1.41304e-02   1.84183e-04   7.66389e+00
  23  alpha_phi    1.76450e-02   1.93963e-02   4.36358e-04   1.70675e+01
  24  beta_phi    -2.42366e-01   3.25831e-02  -6.16685e-04  -6.40857e-01
 MIGRAD MINIMIZATION HAS CONVERGED.
 MIGRAD WILL VERIFY CONVERGENCE AND ERROR MATRIX.
 FCN=83.5402 FROM MIGRAD    STATUS=CONVERGED     166 CALLS        3329 TOTAL
                     EDM=5.0969e-07    STRATEGY= 1      ERR MATRIX NOT POS-DEF
  EXT PARAMETER                APPROXIMATE        STEP         FIRST   
  NO.   NAME      VALUE            ERROR          SIZE      DERIVATIVE 
   1  N0           3.10790e+06     fixed    
   2  tau          6.43743e+01   constant   
   3  A0           3.69071e-01     fixed    
   4  phi          4.11881e+00     fixed    
   5  R           -6.00908e+01   constant   
   6  alpha_CBO   -8.90616e-03     fixed    
   7  w_CBO        2.32500e+00   constant   
   8  beta_CBO    -3.74525e-05   5.94237e-04   7.34252e-07   8.01678e-02
   9  alpha_2CBO  -1.90429e-05   4.89208e-04   7.22434e-07  -1.40122e-01
  10  beta_2CBO    4.12439e-03     fixed    
  11  alpha_y      0.00000e+00     fixed    
  12  w_y          1.44500e+01   constant   
  13  beta_y       2.24573e-03     fixed    
  14  alpha_vw     0.00000e+00     fixed    
  15  w_vw         1.29000e+01   constant   
  16  beta_vw      0.00000e+00     fixed    
  17  LM          -9.88464e-04   constant   
  18  zeta_y       0.00000e+00   constant   
  19  zeta_vw      0.00000e+00   constant   
  20  T_CBO        2.40154e+01   3.23233e+00   6.85089e-06   1.86179e-02
  21  alpha_A0     1.54248e-02   7.93272e-03   2.10318e-05  -1.88195e-02
  22  beta_A0     -3.43446e-02   1.97618e-02   1.80684e-05  -9.09913e-03
  23  alpha_phi    1.79027e-02   9.54450e-03   1.49600e-05  -1.82107e-02
  24  beta_phi    -2.41971e-01   6.11393e-02   2.10891e-05  -2.40747e-02
 EXTERNAL ERROR MATRIX.    NDIM=  25    NPAR=  7    ERR DEF=1
  3.531e-07  2.292e-07  2.709e-04  2.456e-06  1.039e-05 -4.316e-06  1.548e-06 
  2.292e-07  2.393e-07 -3.600e-05  2.203e-06  7.017e-06 -3.733e-06 -2.000e-06 
  2.709e-04 -3.600e-05  1.045e+01 -1.262e-02  3.265e-02 -1.399e-02  1.957e-01 
  2.456e-06  2.203e-06 -1.262e-02  6.293e-05  4.167e-05 -2.247e-05 -2.668e-04 
  1.039e-05  7.017e-06  3.265e-02  4.167e-05  3.905e-04 -1.651e-04  5.166e-04 
 -4.316e-06 -3.733e-06 -1.399e-02 -2.247e-05 -1.651e-04  9.110e-05 -2.353e-04 
  1.548e-06 -2.000e-06  1.957e-01 -2.668e-04  5.166e-04 -2.353e-04  3.738e-03 
ERR MATRIX NOT POS-DEF
 PARAMETER  CORRELATION COEFFICIENTS  
       NO.  GLOBAL      8      9     20     21     22     23     24
        8  0.96149   1.000  0.789  0.141  0.521  0.884 -0.761  0.043
        9  0.94451   0.789  1.000 -0.023  0.568  0.726 -0.799 -0.067
       20  0.99739   0.141 -0.023  1.000 -0.492  0.511 -0.453  0.990
       21  0.80758   0.521  0.568 -0.492  1.000  0.266 -0.297 -0.550
       22  0.97910   0.884  0.726  0.511  0.266  1.000 -0.875  0.428
       23  0.93725  -0.761 -0.799 -0.453 -0.297 -0.875  1.000 -0.403
       24  0.99705   0.043 -0.067  0.990 -0.550  0.428 -0.403  1.000
 ERR MATRIX NOT POS-DEF
MINUIT - FIT wiggle + 1-CBO + 2-CBO
 **********
 **   42 **RES 
 **********
                   PARAMETER   16  beta_vw RESTORED TO VARIABLE.
                   PARAMETER   14  alpha_vw RESTORED TO VARIABLE.
                   PARAMETER   13  beta_y RESTORED TO VARIABLE.
                   PARAMETER   11  alpha_y RESTORED TO VARIABLE.
                   PARAMETER   10  beta_2CBO RESTORED TO VARIABLE.
                   PARAMETER    6  alpha_CBO RESTORED TO VARIABLE.
                   PARAMETER    4  phi RESTORED TO VARIABLE.
                   PARAMETER    3  A0 RESTORED TO VARIABLE.
                   PARAMETER    1  N0 RESTORED TO VARIABLE.
 **********
 **   43 **FIX           10
 **********
 **********
 **   44 **FIX           11
 **********
 **********
 **   45 **FIX           12
 **********
 PARAMETER   12  IS CONSTANT.   IGNORED.
 **********
 **   46 **FIX           13
 **********
 **********
 **   47 **FIX           14
 **********
 **********
 **   48 **FIX           15
 **********
 PARAMETER   15  IS CONSTANT.   IGNORED.
 **********
 **   49 **FIX           16
 **********
 **********
 **   50 **MIGRAD
 **********
 START MIGRAD MINIMIZATION.  STRATEGY  1.  CONVERGENCE WHEN EDM .LT. 1.00e-04
 FCN=83.5402 FROM MIGRAD    STATUS=INITIATE       22 CALLS        3351 TOTAL
                     EDM= unknown      STRATEGY= 1      NO ERROR MATRIX       
  EXT PARAMETER               CURRENT GUESS       STEP         FIRST   
  NO.   NAME      VALUE            ERROR          SIZE      DERIVATIVE 
   1  N0           3.10790e+06   3.22913e+03   3.22913e+03  -4.61404e-05
   2  tau          6.43743e+01   constant   
   3  A0           3.69071e-01   4.47643e-03   4.47643e-03   1.17189e+02
   4  phi          4.11881e+00   8.47968e-03   8.47968e-03  -5.63985e+01
   5  R           -6.00908e+01   constant   
   6  alpha_CBO   -8.90616e-03   3.57203e-03   3.57203e-03   3.20034e+02
   7  w_CBO        2.32500e+00   constant   
   8  beta_CBO    -3.74525e-05   5.94237e-04   7.34252e-07   8.01614e-02
   9  alpha_2CBO  -1.90429e-05   4.89208e-04   7.22434e-07  -1.40130e-01
  10  beta_2CBO    4.12439e-03     fixed    
  11  alpha_y      0.00000e+00     fixed    
  12  w_y          1.44500e+01   constant   
  13  beta_y       2.24573e-03     fixed    
  14  alpha_vw     0.00000e+00     fixed    
  15  w_vw         1.29000e+01   constant   
  16  beta_vw      0.00000e+00     fixed    
  17  LM          -9.88464e-04   constant   
  18  zeta_y       0.00000e+00   constant   
  19  zeta_vw      0.00000e+00   constant   
  20  T_CBO        2.40154e+01   3.23233e+00   6.85089e-06   1.86652e-02
  21  alpha_A0     1.54248e-02   7.93272e-03   2.10318e-05  -1.88179e-02
  22  beta_A0     -3.43446e-02   1.97618e-02   1.80684e-05  -9.09726e-03
  23  alpha_phi    1.79027e-02   9.54450e-03   1.49600e-05  -1.82111e-02
  24  beta_phi    -2.41971e-01   6.11393e-02   2.10891e-05  -2.40747e-02
 MIGRAD MINIMIZATION HAS CONVERGED.
 MIGRAD WILL VERIFY CONVERGENCE AND ERROR MATRIX.
 FCN=72.5103 FROM HESSE     STATUS=NOT POSDEF    100 CALLS        5031 TOTAL
                     EDM=0.00029913    STRATEGY= 1      ERR MATRIX NOT POS-DEF
  EXT PARAMETER                APPROXIMATE        STEP         FIRST   
  NO.   NAME      VALUE            ERROR          SIZE      DERIVATIVE 
   1  N0           3.31472e+06   4.54608e+03   1.62617e+00   3.82737e-06
   2  tau          6.43743e+01   constant   
   3  A0           3.53484e-01   1.51790e-03   5.50419e-07   3.31050e+01
   4  phi          4.43228e+00   6.40402e-03   2.19612e-06  -1.73291e+00
   5  R           -6.00908e+01   constant   
   6  alpha_CBO    1.73454e-02   1.17932e-03   7.01234e-07   1.64873e+01
   7  w_CBO        2.32500e+00   constant   
   8  beta_CBO    -8.78966e-02   1.55745e-03   6.83825e-07   8.92847e+00
   9  alpha_2CBO  -1.80997e-02   9.49637e-04   6.68166e-07  -6.95407e+00
  10  beta_2CBO    4.12439e-03     fixed    
  11  alpha_y      0.00000e+00     fixed    
  12  w_y          1.44500e+01   constant   
  13  beta_y       2.24573e-03     fixed    
  14  alpha_vw     0.00000e+00     fixed    
  15  w_vw         1.29000e+01   constant   
  16  beta_vw      0.00000e+00     fixed    
  17  LM          -9.88464e-04   constant   
  18  zeta_y       0.00000e+00   constant   
  19  zeta_vw      0.00000e+00   constant   
  20  T_CBO        2.43755e+01   7.20727e-01   1.62108e-06   1.05876e+00
  21  alpha_A0    -3.05618e-01   4.65709e-02   2.08183e-05  -1.31773e-01
  22  beta_A0     -1.14011e+00   5.75519e-02   1.95008e-05  -9.64045e-03
  23  alpha_phi   -2.93185e-02   2.88058e-02   1.30228e-05  -5.37205e-02
  24  beta_phi     1.55548e-01   2.89883e-02   1.53807e-05   2.88861e-01
 CALL LIMIT EXCEEDED IN MIGRAD.
 MIGRAD TERMINATED WITHOUT CONVERGENCE.
 FCN=72.3379 FROM MIGRAD    STATUS=CALL LIMIT   1929 CALLS        5258 TOTAL
                     EDM=0.0293621    STRATEGY= 1      ERR MATRIX NOT POS-DEF
  EXT PARAMETER                APPROXIMATE        STEP         FIRST   
  NO.   NAME      VALUE            ERROR          SIZE      DERIVATIVE 
   1  N0           3.31087e+06   1.04672e+04  -5.05813e+02  -7.03899e-05
   2  tau          6.43743e+01   constant   
   3  A0           3.44184e-01   2.00503e-02  -9.10699e-04   5.56908e+02
   4  phi          4.43047e+00   7.53832e-03  -4.75229e-04   6.05010e+01
   5  R           -6.00908e+01   constant   
   6  alpha_CBO    1.81833e-02   2.16564e-03   1.16238e-05   1.94766e+02
   7  w_CBO        2.32500e+00   constant   
   8  beta_CBO    -8.45395e-02   7.61741e-03   3.14513e-04   3.53255e+02
   9  alpha_2CBO  -1.85435e-02   1.68190e-03  -1.21650e-04   1.57168e+02
  10  beta_2CBO    4.12439e-03     fixed    
  11  alpha_y      0.00000e+00     fixed    
  12  w_y          1.44500e+01   constant   
  13  beta_y       2.24573e-03     fixed    
  14  alpha_vw     0.00000e+00     fixed    
  15  w_vw         1.29000e+01   constant   
  16  beta_vw      0.00000e+00     fixed    
  17  LM          -9.88464e-04   constant   
  18  zeta_y       0.00000e+00   constant   
  19  zeta_vw      0.00000e+00   constant   
  20  T_CBO        2.54641e+01   1.64437e+00   3.78523e-04   2.52951e+02
  21  alpha_A0    -4.47609e-01   3.37281e-01  -1.76513e-02   3.30982e+00
  22  beta_A0     -1.23176e+00   2.77594e-01  -1.66210e-02  -1.94146e+01
  23  alpha_phi   -1.56355e-01   2.67623e-01  -1.18283e-02  -4.08266e+00
  24  beta_phi     2.47933e-01   2.07650e-01   9.36329e-03  -3.57039e-01
 EXTERNAL ERROR MATRIX.    NDIM=  25    NPAR= 11    ERR DEF=1
  1.096e+08 
  1.887e+02  4.020e-04 
  5.365e+01  9.769e-05  5.683e-05 
 -1.501e+01 -3.526e-05 -3.761e-06  4.690e-06 
 -7.356e+01 -1.497e-04 -3.999e-05  1.359e-05  5.802e-05 
  1.151e+01  2.419e-05  6.386e-06 -1.197e-06 -7.680e-06  2.829e-06 
 -1.473e+04 -3.137e-02 -8.032e-03  2.520e-03  1.147e-02 -2.118e-03  2.704e+00 
  3.250e+03  6.685e-03  1.596e-03 -5.503e-04 -2.452e-03  4.456e-04 -5.239e-01  1.138e-01 
  2.504e+03  5.462e-03  1.361e-03 -4.477e-04 -1.989e-03  3.645e-04 -4.157e-01  9.212e-02  7.706e-02 
  2.456e+03  5.355e-03  1.321e-03 -4.701e-04 -1.995e-03  3.143e-04 -4.163e-01  8.848e-02  7.292e-02  7.162e-02 
 -2.013e+03 -4.136e-03 -9.547e-04  3.627e-04  1.541e-03 -2.502e-04  3.196e-01 -6.961e-02 -5.625e-02 -5.483e-02  4.312e-02 
ERR MATRIX NOT POS-DEF
 PARAMETER  CORRELATION COEFFICIENTS  
       NO.  GLOBAL      1      3      4      6      8      9     20     21     22     23     24
        1  0.99954   1.000  0.899  0.680 -0.662 -0.923  0.654 -0.856  0.921  0.862  0.877 -0.926
        3  0.99998   0.899  1.000  0.646 -0.812 -0.980  0.717 -0.951  0.988  0.981  0.998 -0.993
        4  0.99835   0.680  0.646  1.000 -0.230 -0.696  0.504 -0.648  0.628  0.650  0.655 -0.610
        6  0.99771  -0.662 -0.812 -0.230  1.000  0.824 -0.329  0.708 -0.753 -0.745 -0.811  0.807
        8  0.99975  -0.923 -0.980 -0.696  0.824  1.000 -0.599  0.915 -0.954 -0.941 -0.979  0.974
        9  0.99658   0.654  0.717  0.504 -0.329 -0.599  1.000 -0.766  0.786  0.781  0.698 -0.716
       20  0.99934  -0.856 -0.951 -0.648  0.708  0.915 -0.766  1.000 -0.945 -0.911 -0.946  0.936
       21  0.99990   0.921  0.988  0.628 -0.753 -0.954  0.786 -0.945  1.000  0.984  0.980 -0.994
       22  0.99990   0.862  0.981  0.650 -0.745 -0.941  0.781 -0.911  0.984  1.000  0.982 -0.976
       23  0.99996   0.877  0.998  0.655 -0.811 -0.979  0.698 -0.946  0.980  0.982  1.000 -0.987
       24  0.99989  -0.926 -0.993 -0.610  0.807  0.974 -0.716  0.936 -0.994 -0.976 -0.987  1.000
 ERR MATRIX NOT POS-DEF
MINUIT - FIT ONLY 1-y
 **********
 **   51 **RES 
 **********
                   PARAMETER   16  beta_vw RESTORED TO VARIABLE.
                   PARAMETER   14  alpha_vw RESTORED TO VARIABLE.
                   PARAMETER   13  beta_y RESTORED TO VARIABLE.
                   PARAMETER   11  alpha_y RESTORED TO VARIABLE.
                   PARAMETER   10  beta_2CBO RESTORED TO VARIABLE.
 **********
 **   52 **FIX            0
 **********
 PARAMETER    0  IS UNDEFINED. IGNORED.
 **********
 **   53 **FIX            1
 **********
 **********
 **   54 **FIX            2
 **********
 PARAMETER    2  IS CONSTANT.   IGNORED.
 **********
 **   55 **FIX            3
 **********
 **********
 **   56 **FIX            4
 **********
 **********
 **   57 **FIX            5
 **********
 PARAMETER    5  IS CONSTANT.   IGNORED.
 **********
 **   58 **FIX            6
 **********
 **********
 **   59 **FIX            7
 **********
 PARAMETER    7  IS CONSTANT.   IGNORED.
 **********
 **   60 **FIX            8
 **********
 **********
 **   61 **FIX            9
 **********
 **********
 **   62 **FIX           13
 **********
 **********
 **   63 **FIX           14
 **********
 **********
 **   64 **FIX           15
 **********
 PARAMETER   15  IS CONSTANT.   IGNORED.
 **********
 **   65 **FIX           16
 **********
 **********
 **   66 **MIGRAD
 **********
 START MIGRAD MINIMIZATION.  STRATEGY  1.  CONVERGENCE WHEN EDM .LT. 1.00e-04
 FCN=72.3379 FROM MIGRAD    STATUS=INITIATE       16 CALLS        5274 TOTAL
                     EDM= unknown      STRATEGY= 1      NO ERROR MATRIX       
  EXT PARAMETER               CURRENT GUESS       STEP         FIRST   
  NO.   NAME      VALUE            ERROR          SIZE      DERIVATIVE 
   1  N0           3.31087e+06     fixed    
   2  tau          6.43743e+01   constant   
   3  A0           3.44184e-01     fixed    
   4  phi          4.43047e+00     fixed    
   5  R           -6.00908e+01   constant   
   6  alpha_CBO    1.81833e-02     fixed    
   7  w_CBO        2.32500e+00   constant   
   8  beta_CBO    -8.45395e-02     fixed    
   9  alpha_2CBO  -1.85435e-02     fixed    
  10  beta_2CBO    4.12439e-03   7.83328e-04   7.83328e-04   6.28325e+02
  11  alpha_y      0.00000e+00   1.00000e-03   1.00000e-03   8.77676e+04
  12  w_y          1.44500e+01   constant   
  13  beta_y       2.24573e-03     fixed    
  14  alpha_vw     0.00000e+00     fixed    
  15  w_vw         1.29000e+01   constant   
  16  beta_vw      0.00000e+00     fixed    
  17  LM          -9.88464e-04   constant   
  18  zeta_y       0.00000e+00   constant   
  19  zeta_vw      0.00000e+00   constant   
  20  T_CBO        2.54641e+01   1.64437e+00   3.78523e-04   2.52951e+02
  21  alpha_A0    -4.47609e-01   3.37281e-01  -1.76513e-02   3.30982e+00
  22  beta_A0     -1.23176e+00   2.77594e-01  -1.66210e-02  -1.94146e+01
  23  alpha_phi   -1.56355e-01   2.67623e-01  -1.18283e-02  -4.08266e+00
  24  beta_phi     2.47933e-01   2.07650e-01   9.36329e-03  -3.57039e-01
 CALL LIMIT EXCEEDED IN MIGRAD.
 MIGRAD TERMINATED WITHOUT CONVERGENCE.
 FCN=17.0229 FROM MIGRAD    STATUS=CALL LIMIT   1150 CALLS        6408 TOTAL
                     EDM=0.0195126    STRATEGY= 1  ERROR MATRIX UNCERTAINTY  29.7 per cent
  EXT PARAMETER                APPROXIMATE        STEP         FIRST   
  NO.   NAME      VALUE            ERROR          SIZE      DERIVATIVE 
   1  N0           3.31087e+06     fixed    
   2  tau          6.43743e+01   constant   
   3  A0           3.44184e-01     fixed    
   4  phi          4.43047e+00     fixed    
   5  R           -6.00908e+01   constant   
   6  alpha_CBO    1.81833e-02     fixed    
   7  w_CBO        2.32500e+00   constant   
   8  beta_CBO    -8.45395e-02     fixed    
   9  alpha_2CBO  -1.85435e-02     fixed    
  10  beta_2CBO    4.47795e-03   2.98649e-04   2.60022e-06  -5.12069e+02
  11  alpha_y     -1.25454e-03   1.70032e-04  -2.81223e-06  -2.50551e+01
  12  w_y          1.44500e+01   constant   
  13  beta_y       2.24573e-03     fixed    
  14  alpha_vw     0.00000e+00     fixed    
  15  w_vw         1.29000e+01   constant   
  16  beta_vw      0.00000e+00     fixed    
  17  LM          -9.88464e-04   constant   
  18  zeta_y       0.00000e+00   constant   
  19  zeta_vw      0.00000e+00   constant   
  20  T_CBO        3.97511e+01   5.54529e+00   1.70471e-03  -1.90444e+02
  21  alpha_A0    -2.34974e-01   3.90755e-02   2.24510e-03  -7.74245e+00
  22  beta_A0     -6.42603e-01   1.05298e-01   6.34345e-03   5.25456e+01
  23  alpha_phi   -8.34926e-02   1.32932e-02   8.32428e-04   1.46953e+01
  24  beta_phi     1.24162e-01   2.08712e-02  -1.30814e-03   1.60851e+00
 EXTERNAL ERROR MATRIX.    NDIM=  25    NPAR=  7    ERR DEF=1
  8.919e-08 -9.309e-09 -8.603e-05 -9.371e-07 -8.123e-07 -4.259e-07 -3.901e-07 
 -9.309e-09  2.891e-08 -3.471e-05 -1.853e-07 -6.958e-07 -8.460e-08  2.466e-07 
 -8.603e-05 -3.471e-05  3.076e+01  2.159e-01  5.837e-01  7.295e-02 -1.143e-01 
 -9.371e-07 -1.853e-07  2.159e-01  1.527e-03  4.096e-03  5.131e-04 -8.005e-04 
 -8.123e-07 -6.958e-07  5.837e-01  4.096e-03  1.109e-02  1.381e-03 -2.177e-03 
 -4.259e-07 -8.460e-08  7.295e-02  5.131e-04  1.381e-03  1.767e-04 -2.703e-04 
 -3.901e-07  2.466e-07 -1.143e-01 -8.005e-04 -2.177e-03 -2.703e-04  4.356e-04 
ERR MATRIX APPROXIMATE
 PARAMETER  CORRELATION COEFFICIENTS  
       NO.  GLOBAL     10     11     20     21     22     23     24
       10  0.88879   1.000 -0.183 -0.052 -0.080 -0.026 -0.107 -0.063
       11  0.26482  -0.183  1.000 -0.037 -0.028 -0.039 -0.037  0.069
       20  0.99982  -0.052 -0.037  1.000  0.996  0.999  0.989 -0.988
       21  0.99735  -0.080 -0.028  0.996  1.000  0.996  0.988 -0.982
       22  0.99985  -0.026 -0.039  0.999  0.996  1.000  0.987 -0.990
       23  0.99238  -0.107 -0.037  0.989  0.988  0.987  1.000 -0.974
       24  0.99489  -0.063  0.069 -0.988 -0.982 -0.990 -0.974  1.000
 ERR MATRIX APPROXIMATE
MINUIT - FIT ONLY 2-y
 **********
 **   67 **RES 
 **********
                   PARAMETER   16  beta_vw RESTORED TO VARIABLE.
                   PARAMETER   14  alpha_vw RESTORED TO VARIABLE.
                   PARAMETER   13  beta_y RESTORED TO VARIABLE.
                   PARAMETER    9  alpha_2CBO RESTORED TO VARIABLE.
                   PARAMETER    8  beta_CBO RESTORED TO VARIABLE.
                   PARAMETER    6  alpha_CBO RESTORED TO VARIABLE.
                   PARAMETER    4  phi RESTORED TO VARIABLE.
                   PARAMETER    3  A0 RESTORED TO VARIABLE.
                   PARAMETER    1  N0 RESTORED TO VARIABLE.
 **********
 **   68 **FIX            0
 **********
 PARAMETER    0  IS UNDEFINED. IGNORED.
 **********
 **   69 **FIX            1
 **********
 **********
 **   70 **FIX            2
 **********
 PARAMETER    2  IS CONSTANT.   IGNORED.
 **********
 **   71 **FIX            3
 **********
 **********
 **   72 **FIX            4
 **********
 **********
 **   73 **FIX            5
 **********
 PARAMETER    5  IS CONSTANT.   IGNORED.
 **********
 **   74 **FIX            6
 **********
 **********
 **   75 **FIX            7
 **********
 PARAMETER    7  IS CONSTANT.   IGNORED.
 **********
 **   76 **FIX            8
 **********
 **********
 **   77 **FIX            9
 **********
 **********
 **   78 **FIX           10
 **********
 **********
 **   79 **FIX           11
 **********
 **********
 **   80 **FIX           12
 **********
 PARAMETER   12  IS CONSTANT.   IGNORED.
 **********
 **   81 **FIX           16
 **********
 **********
 **   82 **MIGRAD
 **********
 START MIGRAD MINIMIZATION.  STRATEGY  1.  CONVERGENCE WHEN EDM .LT. 1.00e-04
 FCN=17.0229 FROM MIGRAD    STATUS=INITIATE       16 CALLS        6424 TOTAL
                     EDM= unknown      STRATEGY= 1      NO ERROR MATRIX       
  EXT PARAMETER               CURRENT GUESS       STEP         FIRST   
  NO.   NAME      VALUE            ERROR          SIZE      DERIVATIVE 
   1  N0           3.31087e+06     fixed    
   2  tau          6.43743e+01   constant   
   3  A0           3.44184e-01     fixed    
   4  phi          4.43047e+00     fixed    
   5  R           -6.00908e+01   constant   
   6  alpha_CBO    1.81833e-02     fixed    
   7  w_CBO        2.32500e+00   constant   
   8  beta_CBO    -8.45395e-02     fixed    
   9  alpha_2CBO  -1.85435e-02     fixed    
  10  beta_2CBO    4.47795e-03     fixed    
  11  alpha_y     -1.25454e-03     fixed    
  12  w_y          1.44500e+01   constant   
  13  beta_y       2.24573e-03   1.70894e-04   1.70894e-04  -1.21273e+04
  14  alpha_vw     0.00000e+00   1.00000e-03   1.00000e-03   1.27315e+04
  15  w_vw         1.29000e+01   constant   
  16  beta_vw      0.00000e+00     fixed    
  17  LM          -9.88464e-04   constant   
  18  zeta_y       0.00000e+00   constant   
  19  zeta_vw      0.00000e+00   constant   
  20  T_CBO        3.97511e+01   5.54529e+00   1.70471e-03  -1.90444e+02
  21  alpha_A0    -2.34974e-01   3.90755e-02   2.24510e-03  -7.74245e+00
  22  beta_A0     -6.42603e-01   1.05298e-01   6.34345e-03   5.25456e+01
  23  alpha_phi   -8.34926e-02   1.32932e-02   8.32428e-04   1.46953e+01
  24  beta_phi     1.24162e-01   2.08712e-02  -1.30814e-03   1.60851e+00
 MIGRAD MINIMIZATION HAS CONVERGED.
 MIGRAD WILL VERIFY CONVERGENCE AND ERROR MATRIX.
 COVARIANCE MATRIX CALCULATED SUCCESSFULLY
 FCN=12.9397 FROM HESSE     STATUS=OK             50 CALLS        6538 TOTAL
                     EDM=0.073435    STRATEGY= 1      ERROR MATRIX ACCURATE 
  EXT PARAMETER                                   STEP         FIRST   
  NO.   NAME      VALUE            ERROR          SIZE      DERIVATIVE 
   1  N0           3.31087e+06     fixed    
   2  tau          6.43743e+01   constant   
   3  A0           3.44184e-01     fixed    
   4  phi          4.43047e+00     fixed    
   5  R           -6.00908e+01   constant   
   6  alpha_CBO    1.81833e-02     fixed    
   7  w_CBO        2.32500e+00   constant   
   8  beta_CBO    -8.45395e-02     fixed    
   9  alpha_2CBO  -1.85435e-02     fixed    
  10  beta_2CBO    4.47795e-03     fixed    
  11  alpha_y     -1.25454e-03     fixed    
  12  w_y          1.44500e+01   constant   
  13  beta_y       2.57780e-03   1.92555e-04   3.07005e-07  -9.30030e+00
