 + ++++++++++++++++++++++++++++++++++++++++++++++++++++++++++++++++++++ +
 +                                                                      +
 +           You have chose to blind your fitting according to          +
 +                omega_ref * (1 + (R +/- deltaR) *10^{-6})             +
 +                                                                      +
 + ++++++++++++++++++++++++++++++++++++++++++++++++++++++++++++++++++++ +
In main()...
reading format from /gm2data/zkhechad/run45/envelope/formats/formatB_sBin_constraintOn.txt
pBinTau 	= 0  
pBinPhi 	= 0  
constraintau 	= 1 
includeMopTerm 	= 0    
constrainMop    = 0   
Parameters after format file: pBinTau 0 pBinPhi 0 constraintau 1 includeMopTerm 0 constrainMop 0 c_e_scale 0.000000 
Opening file /gm2data/tbarrett/gm2fr/studies/run23_bunch_corrections/CorrectedFourier_Run3b.root.
reading full fit data from /gm2data/zkhechad/cboTemplates/Run4CBOTemplates/fullFits/noRF/sBin_constraintOn_cE0.0_seed0_noRF_calo2.root
windowBins = 69
fitting sliding window 490 from bin 626 at 93.250000 to bin 695 at 103.694000 (69 bins)

Reading data from /gm2data/cornell/histograms/aMethod/histogram_a_noRF.root
 **********
 **    1 **SET PRINTOUT            1
 **********
 **********
 **    2 **SET NOWARNINGS 
 **********
 PARAMETER DEFINITIONS:
    NO.   NAME         VALUE      STEP SIZE      LIMITS
     1 N0           3.21058e+06  1.00000e+02     no limits
     2 tau          6.44090e+01  constant
     3 A0           3.64384e-01  1.00000e-04     no limits
     4 phi          4.11815e+00  1.00000e-02     no limits
     5 R           -6.00655e+01  constant
     6 alpha_CBO    0.00000e+00  1.00000e-03     no limits
     7 w_CBO        2.32500e+00  constant
     8 beta_CBO     0.00000e+00  1.00000e-03     no limits
     9 alpha_2CBO   0.00000e+00  1.00000e-03     no limits
    10 beta_2CBO    0.00000e+00  1.00000e-03     no limits
    11 alpha_y      0.00000e+00  1.00000e-03     no limits
    12 w_y          1.38860e+01  constant
    13 beta_y       0.00000e+00  1.00000e-03     no limits
    14 alpha_vw     0.00000e+00  1.00000e-03     no limits
    15 w_vw         1.43404e+01  constant
    16 beta_vw      0.00000e+00  1.00000e-03     no limits
    17 LM           2.36781e-04  constant
    18 zeta_y       0.00000e+00  constant
    19 zeta_vw      0.00000e+00  constant
    20 T_CBO        1.00000e+02  1.00000e+00    0.00000e+00  1.00000e+03
    21 alpha_A0     0.00000e+00  1.00000e-04   -1.00000e-02  1.00000e-02
    22 beta_A0      0.00000e+00  1.00000e-04   -1.00000e-02  1.00000e-02
    23 alpha_phi    0.00000e+00  1.00000e-04   -1.00000e-02  1.00000e-02
    24 beta_phi     0.00000e+00  1.00000e-04   -1.00000e-02  1.00000e-02
MINUIT - FIT ONLY WIGGLE
 **********
 **    3 **FIX            5
 **********
 PARAMETER    5  IS CONSTANT.   IGNORED.
 **********
 **    4 **FIX            6
 **********
 **********
 **    5 **FIX            7
 **********
 PARAMETER    7  IS CONSTANT.   IGNORED.
 **********
 **    6 **FIX            8
 **********
 **********
 **    7 **FIX            9
 **********
 **********
 **    8 **FIX           10
 **********
 **********
 **    9 **FIX           11
 **********
 **********
 **   10 **FIX           12
 **********
 PARAMETER   12  IS CONSTANT.   IGNORED.
 **********
 **   11 **FIX           13
 **********
 **********
 **   12 **FIX           14
 **********
 **********
 **   13 **FIX           15
 **********
 PARAMETER   15  IS CONSTANT.   IGNORED.
 **********
 **   14 **FIX           16
 **********
 **********
 **   15 **MIGRAD
 **********
 FIRST CALL TO USER FUNCTION AT NEW START POINT, WITH IFLAG=4.
 START MIGRAD MINIMIZATION.  STRATEGY  1.  CONVERGENCE WHEN EDM .LT. 1.00e-04
 FCN=998.008 FROM MIGRAD    STATUS=INITIATE      433 CALLS         434 TOTAL
                     EDM= unknown      STRATEGY= 1      NO ERROR MATRIX       
  EXT PARAMETER               CURRENT GUESS       STEP         FIRST   
  NO.   NAME      VALUE            ERROR          SIZE      DERIVATIVE 
   1  N0           3.21058e+06   1.00000e+02   0.00000e+00   1.98891e-02
   2  tau          6.44090e+01   constant   
   3  A0           3.64384e-01   1.00000e-04   0.00000e+00   6.99549e+04
   4  phi          4.11815e+00   1.00000e-02   0.00000e+00  -1.57238e+04
   5  R           -6.00655e+01   constant   
   6  alpha_CBO    0.00000e+00     fixed    
   7  w_CBO        2.32500e+00   constant   
   8  beta_CBO     0.00000e+00     fixed    
   9  alpha_2CBO   0.00000e+00     fixed    
  10  beta_2CBO    0.00000e+00     fixed    
  11  alpha_y      0.00000e+00     fixed    
  12  w_y          1.38860e+01   constant   
  13  beta_y       0.00000e+00     fixed    
  14  alpha_vw     0.00000e+00     fixed    
  15  w_vw         1.43404e+01   constant   
  16  beta_vw      0.00000e+00     fixed    
  17  LM           2.36781e-04   constant   
  18  zeta_y       0.00000e+00   constant   
  19  zeta_vw      0.00000e+00   constant   
  20  T_CBO        1.00000e+02   1.00000e+00   0.00000e+00   0.00000e+00
  21  alpha_A0     0.00000e+00   1.00000e-04   0.00000e+00  -4.19501e+01
  22  beta_A0      0.00000e+00   1.00000e-04   0.00000e+00   1.18056e+01
  23  alpha_phi    0.00000e+00   1.00000e-04   0.00000e+00   1.02879e+02
  24  beta_phi     0.00000e+00   1.00000e-04   0.00000e+00   1.15124e+01
 MIGRAD MINIMIZATION HAS CONVERGED.
 FCN=907.555 FROM MIGRAD    STATUS=CONVERGED     733 CALLS         734 TOTAL
                     EDM=1.92628e-06    STRATEGY= 1  ERROR MATRIX UNCERTAINTY   0.2 per cent
  EXT PARAMETER                                   STEP         FIRST   
  NO.   NAME      VALUE            ERROR          SIZE      DERIVATIVE 
   1  N0           3.21053e+06   3.00474e+02  -2.98348e-01  -6.07870e-07
   2  tau          6.44090e+01   constant   
   3  A0           3.63754e-01   1.21836e-04  -3.36860e-07   5.78365e-01
   4  phi          4.11922e+00   3.36116e-04   5.62342e-07   3.17700e+00
   5  R           -6.00655e+01   constant   
   6  alpha_CBO    0.00000e+00     fixed    
   7  w_CBO        2.32500e+00   constant   
   8  beta_CBO     0.00000e+00     fixed    
   9  alpha_2CBO   0.00000e+00     fixed    
  10  beta_2CBO    0.00000e+00     fixed    
  11  alpha_y      0.00000e+00     fixed    
  12  w_y          1.38860e+01   constant   
  13  beta_y       0.00000e+00     fixed    
  14  alpha_vw     0.00000e+00     fixed    
  15  w_vw         1.43404e+01   constant   
  16  beta_vw      0.00000e+00     fixed    
  17  LM           2.36781e-04   constant   
  18  zeta_y       0.00000e+00   constant   
  19  zeta_vw      0.00000e+00   constant   
  20  T_CBO        9.18735e+01   1.20441e+01   2.19007e-04  -8.02026e-03
  21  alpha_A0     4.82332e-03   1.24040e-03  -2.50369e-04  -9.41736e-03
  22  beta_A0     -2.42171e-03   1.22568e-03   1.64925e-04  -1.27599e-02
  23  alpha_phi   -9.99999e-03   1.30621e-02  -1.79575e-04   1.56910e-03
  24  beta_phi    -2.26528e-03   1.13234e-03  -9.71336e-06   8.16781e-03
 EXTERNAL ERROR MATRIX.    NDIM=  25    NPAR=  8    ERR DEF=1
  9.028e+04 -4.880e-03  9.954e-03  8.161e+02 -3.493e-03 -8.822e-02  8.982e-06 -2.188e-02 
 -4.880e-03  1.484e-08  4.185e-10 -1.786e-04 -1.098e-08  9.748e-09  8.124e-11  2.047e-08 
  9.954e-03  4.185e-10  1.130e-07  3.830e-04  7.230e-10  1.899e-09 -1.884e-10  2.420e-09 
  8.161e+02 -1.786e-04  3.830e-04  1.451e+02 -6.533e-03  2.264e-03  6.852e-06  2.020e-03 
 -3.493e-03 -1.098e-08  7.230e-10 -6.533e-03  1.549e-06 -3.022e-07 -5.543e-11 -1.368e-07 
 -8.822e-02  9.748e-09  1.899e-09  2.264e-03 -3.022e-07  1.510e-06  2.039e-09  2.031e-07 
  8.982e-06  8.124e-11 -1.884e-10  6.852e-06 -5.543e-11  2.039e-09  1.824e-10  6.661e-10 
 -2.188e-02  2.047e-08  2.420e-09  2.020e-03 -1.368e-07  2.031e-07  6.661e-10  1.288e-06 
 PARAMETER  CORRELATION COEFFICIENTS  
       NO.  GLOBAL      1      3      4     20     21     22     23     24
        1  0.38179   1.000 -0.133  0.099  0.225 -0.009 -0.239  0.002 -0.064
        3  0.26713  -0.133  1.000  0.010 -0.122 -0.072  0.065  0.049  0.148
        4  0.14477   0.099  0.010  1.000  0.095  0.002  0.005 -0.041  0.006
       20  0.54113   0.225 -0.122  0.095  1.000 -0.436  0.153  0.042  0.148
       21  0.47524  -0.009 -0.072  0.002 -0.436  1.000 -0.198 -0.003 -0.097
       22  0.37187  -0.239  0.065  0.005  0.153 -0.198  1.000  0.123  0.146
       23  0.15164   0.002  0.049 -0.041  0.042 -0.003  0.123  1.000  0.043
       24  0.25545  -0.064  0.148  0.006  0.148 -0.097  0.146  0.043  1.000
MINUIT - FIT ONLY 1-CBO + wiggle
 **********
 **   16 **RES 
 **********
                   PARAMETER   16  beta_vw RESTORED TO VARIABLE.
                   PARAMETER   14  alpha_vw RESTORED TO VARIABLE.
                   PARAMETER   13  beta_y RESTORED TO VARIABLE.
                   PARAMETER   11  alpha_y RESTORED TO VARIABLE.
                   PARAMETER   10  beta_2CBO RESTORED TO VARIABLE.
                   PARAMETER    9  alpha_2CBO RESTORED TO VARIABLE.
                   PARAMETER    8  beta_CBO RESTORED TO VARIABLE.
                   PARAMETER    6  alpha_CBO RESTORED TO VARIABLE.
 **********
 **   17 **FIX            8
 **********
 **********
 **   18 **FIX            9
 **********
 **********
 **   19 **FIX           11
 **********
 **********
 **   20 **FIX           12
 **********
 PARAMETER   12  IS CONSTANT.   IGNORED.
 **********
 **   21 **FIX           14
 **********
 **********
 **   22 **FIX           15
 **********
 PARAMETER   15  IS CONSTANT.   IGNORED.
 **********
 **   23 **FIX           16
 **********
 **********
 **   24 **MIGRAD
 **********
 START MIGRAD MINIMIZATION.  STRATEGY  1.  CONVERGENCE WHEN EDM .LT. 1.00e-04
 FCN=907.555 FROM MIGRAD    STATUS=INITIATE       28 CALLS         762 TOTAL
                     EDM= unknown      STRATEGY= 1      NO ERROR MATRIX       
  EXT PARAMETER               CURRENT GUESS       STEP         FIRST   
  NO.   NAME      VALUE            ERROR          SIZE      DERIVATIVE 
   1  N0           3.21053e+06   3.00474e+02  -2.98348e-01  -6.07867e-07
   2  tau          6.44090e+01   constant   
   3  A0           3.63754e-01   1.21836e-04  -3.36860e-07   5.78364e-01
   4  phi          4.11922e+00   3.36116e-04   5.62342e-07   3.17705e+00
   5  R           -6.00655e+01   constant   
   6  alpha_CBO    0.00000e+00   1.00000e-03   1.00000e-03   3.95455e+05
   7  w_CBO        2.32500e+00   constant   
   8  beta_CBO     0.00000e+00     fixed    
   9  alpha_2CBO   0.00000e+00     fixed    
  10  beta_2CBO    0.00000e+00   1.00000e-03   1.00000e-03  -4.00445e+04
  11  alpha_y      0.00000e+00     fixed    
  12  w_y          1.38860e+01   constant   
  13  beta_y       0.00000e+00   1.00000e-03   1.00000e-03  -4.04971e+04
  14  alpha_vw     0.00000e+00     fixed    
  15  w_vw         1.43404e+01   constant   
  16  beta_vw      0.00000e+00     fixed    
  17  LM           2.36781e-04   constant   
  18  zeta_y       0.00000e+00   constant   
  19  zeta_vw      0.00000e+00   constant   
  20  T_CBO        9.18735e+01   1.20441e+01   2.19007e-04  -8.02084e-03
  21  alpha_A0     4.82332e-03   1.24040e-03  -2.50369e-04  -9.41719e-03
  22  beta_A0     -2.42171e-03   1.22568e-03   1.64925e-04  -1.27600e-02
  23  alpha_phi   -9.99999e-03   1.30621e-02  -1.79575e-04   1.57010e-03
  24  beta_phi    -2.26528e-03   1.13234e-03  -9.71336e-06   8.16774e-03
 MIGRAD MINIMIZATION HAS CONVERGED.
 FCN=241.109 FROM MIGRAD    STATUS=CONVERGED     199 CALLS         933 TOTAL
                     EDM=2.95408e-06    STRATEGY= 1  ERROR MATRIX UNCERTAINTY   2.7 per cent
  EXT PARAMETER                                   STEP         FIRST   
  NO.   NAME      VALUE            ERROR          SIZE      DERIVATIVE 
   1  N0           3.21104e+06   2.66784e+02  -1.28318e+00  -8.41067e-06
   2  tau          6.44090e+01   constant   
   3  A0           3.64443e-01   1.22476e-04  -2.57112e-07   7.12905e+00
   4  phi          4.11927e+00   3.46755e-04   1.21432e-06   5.59064e-01
   5  R           -6.00655e+01   constant   
   6  alpha_CBO   -3.32180e-03   1.29845e-04   1.33085e-08  -2.38950e+00
   7  w_CBO        2.32500e+00   constant   
   8  beta_CBO     0.00000e+00     fixed    
   9  alpha_2CBO   0.00000e+00     fixed    
  10  beta_2CBO    1.76930e-04   1.27887e-04   6.33967e-07  -7.19879e+00
  11  alpha_y      0.00000e+00     fixed    
  12  w_y          1.38860e+01   constant   
  13  beta_y       2.94614e-04   1.22660e-04  -1.89429e-07  -7.69836e+00
  14  alpha_vw     0.00000e+00     fixed    
  15  w_vw         1.43404e+01   constant   
  16  beta_vw      0.00000e+00     fixed    
  17  LM           2.36781e-04   constant   
  18  zeta_y       0.00000e+00   constant   
  19  zeta_vw      0.00000e+00   constant   
  20  T_CBO        7.98185e+01   9.96708e+00   1.99850e-04   1.87481e-02
  21  alpha_A0    -7.68934e-04   1.58461e-03  -7.01585e-04   8.57042e-03
  22  beta_A0     -3.42358e-03   1.77073e-03   2.62103e-04  -8.59584e-03
  23  alpha_phi   -1.00000e-02   1.32547e-02  -6.93869e-05** at limit **
  24  beta_phi    -1.30291e-03   1.64777e-03  -3.59622e-04   5.51865e-03
 EXTERNAL ERROR MATRIX.    NDIM=  25    NPAR= 11    ERR DEF=1
  7.117e+04 
  4.856e-04  1.500e-08 
  2.412e-03  2.704e-09  1.202e-07 
 -2.646e-03 -3.417e-09 -2.534e-10  1.686e-08 
 -1.166e-03 -4.461e-10  1.397e-09  7.996e-10  1.636e-08 
 -6.273e-04  3.169e-10  5.256e-10  1.134e-11 -1.803e-10  1.505e-08 
  1.913e+02 -1.283e-05  1.168e-04  6.642e-05  1.126e-04  1.943e-05  9.939e+01 
 -9.930e-03 -1.977e-08 -2.532e-08  2.747e-08 -2.803e-08 -3.006e-09 -5.374e-04  2.532e-06 
 -7.627e-02  9.363e-09  3.365e-08  7.251e-09 -4.947e-10  1.083e-09  6.188e-03 -5.710e-08  3.173e-06 
  1.063e-07  1.146e-13  2.831e-13 -3.191e-14  2.721e-13 -4.964e-14 -1.587e-08  1.530e-12 -2.374e-12  7.763e-13 
 -7.936e-03  3.601e-08  3.609e-08 -7.694e-09 -2.218e-08  5.082e-09  1.801e-03 -7.280e-08  4.577e-07  1.314e-12  2.741e-06 
 PARAMETER  CORRELATION COEFFICIENTS  
       NO.  GLOBAL      1      3      4      6     10     13     20     21     22     23     24
        1  0.23322   1.000  0.015  0.026 -0.076 -0.034 -0.019  0.072 -0.023 -0.160  0.000 -0.018
        3  0.28993   0.015  1.000  0.064 -0.215 -0.028  0.021 -0.011 -0.101  0.043  0.001  0.178
        4  0.11296   0.026  0.064  1.000 -0.006  0.032  0.012  0.034 -0.046  0.054  0.001  0.063
        6  0.26449  -0.076 -0.215 -0.006  1.000  0.048  0.001  0.051  0.133  0.031 -0.000 -0.036
       10  0.21778  -0.034 -0.028  0.032  0.048  1.000 -0.011  0.088 -0.138 -0.002  0.002 -0.105
       13  0.04538  -0.019  0.021  0.012  0.001 -0.011  1.000  0.016 -0.015  0.005 -0.000  0.025
       20  0.39351   0.072 -0.011  0.034  0.051  0.088  0.016  1.000 -0.034  0.348 -0.002  0.109
       21  0.21785  -0.023 -0.101 -0.046  0.133 -0.138 -0.015 -0.034  1.000 -0.020  0.001 -0.028
       22  0.41511  -0.160  0.043  0.054  0.031 -0.002  0.005  0.348 -0.020  1.000 -0.002  0.155
       23  0.00418   0.000  0.001  0.001 -0.000  0.002 -0.000 -0.002  0.001 -0.002  1.000  0.001
       24  0.26760  -0.018  0.178  0.063 -0.036 -0.105  0.025  0.109 -0.028  0.155  0.001  1.000
MINUIT - FIT ONLY 2-CBO
 **********
 **   25 **RES 
 **********
                   PARAMETER   16  beta_vw RESTORED TO VARIABLE.
                   PARAMETER   14  alpha_vw RESTORED TO VARIABLE.
                   PARAMETER   11  alpha_y RESTORED TO VARIABLE.
                   PARAMETER    9  alpha_2CBO RESTORED TO VARIABLE.
                   PARAMETER    8  beta_CBO RESTORED TO VARIABLE.
 **********
 **   26 **FIX            0
 **********
 PARAMETER    0  IS UNDEFINED. IGNORED.
 **********
 **   27 **FIX            1
 **********
 **********
 **   28 **FIX            2
 **********
 PARAMETER    2  IS CONSTANT.   IGNORED.
 **********
 **   29 **FIX            3
 **********
 **********
 **   30 **FIX            4
 **********
 **********
 **   31 **FIX            5
 **********
 PARAMETER    5  IS CONSTANT.   IGNORED.
 **********
 **   32 **FIX            6
 **********
 **********
 **   33 **FIX            7
 **********
 PARAMETER    7  IS CONSTANT.   IGNORED.
 **********
 **   34 **FIX           10
 **********
 **********
 **   35 **FIX           11
 **********
 **********
 **   36 **FIX           12
 **********
 PARAMETER   12  IS CONSTANT.   IGNORED.
 **********
 **   37 **FIX           13
 **********
 **********
 **   38 **FIX           14
 **********
 **********
 **   39 **FIX           15
 **********
 PARAMETER   15  IS CONSTANT.   IGNORED.
 **********
 **   40 **FIX           16
 **********
 **********
 **   41 **MIGRAD
 **********
 START MIGRAD MINIMIZATION.  STRATEGY  1.  CONVERGENCE WHEN EDM .LT. 1.00e-04
 FCN=241.109 FROM MIGRAD    STATUS=INITIATE       18 CALLS         951 TOTAL
                     EDM= unknown      STRATEGY= 1      NO ERROR MATRIX       
  EXT PARAMETER               CURRENT GUESS       STEP         FIRST   
  NO.   NAME      VALUE            ERROR          SIZE      DERIVATIVE 
   1  N0           3.21104e+06     fixed    
   2  tau          6.44090e+01   constant   
   3  A0           3.64443e-01     fixed    
   4  phi          4.11927e+00     fixed    
   5  R           -6.00655e+01   constant   
   6  alpha_CBO   -3.32180e-03     fixed    
   7  w_CBO        2.32500e+00   constant   
   8  beta_CBO     0.00000e+00   1.00000e-03   1.00000e-03  -2.05905e+05
   9  alpha_2CBO   0.00000e+00   1.00000e-03   1.00000e-03   9.11564e+03
  10  beta_2CBO    1.76930e-04     fixed    
  11  alpha_y      0.00000e+00     fixed    
  12  w_y          1.38860e+01   constant   
  13  beta_y       2.94614e-04     fixed    
  14  alpha_vw     0.00000e+00     fixed    
  15  w_vw         1.43404e+01   constant   
  16  beta_vw      0.00000e+00     fixed    
  17  LM           2.36781e-04   constant   
  18  zeta_y       0.00000e+00   constant   
  19  zeta_vw      0.00000e+00   constant   
  20  T_CBO        7.98185e+01   9.96708e+00   1.99850e-04   1.81447e-02
  21  alpha_A0    -7.68934e-04   1.58461e-03  -7.01585e-04   8.57266e-03
  22  beta_A0     -3.42358e-03   1.77073e-03   2.62103e-04  -8.59743e-03
  23  alpha_phi   -9.99998e-03   1.32547e-02  -6.93869e-05   2.29334e-03
  24  beta_phi    -1.30291e-03   1.64777e-03  -3.59622e-04   5.51212e-03
 MIGRAD MINIMIZATION HAS CONVERGED.
 MIGRAD WILL VERIFY CONVERGENCE AND ERROR MATRIX.
 COVARIANCE MATRIX CALCULATED SUCCESSFULLY
 FCN=78.9731 FROM MIGRAD    STATUS=CONVERGED     148 CALLS        1081 TOTAL
                     EDM=2.5717e-06    STRATEGY= 1      ERROR MATRIX ACCURATE 
  EXT PARAMETER                                   STEP         FIRST   
  NO.   NAME      VALUE            ERROR          SIZE      DERIVATIVE 
   1  N0           3.21104e+06     fixed    
   2  tau          6.44090e+01   constant   
   3  A0           3.64443e-01     fixed    
   4  phi          4.11927e+00     fixed    
   5  R           -6.00655e+01   constant   
   6  alpha_CBO   -3.32180e-03     fixed    
   7  w_CBO        2.32500e+00   constant   
   8  beta_CBO     1.57285e-03   1.23650e-04   5.36032e-07  -5.05421e+00
   9  alpha_2CBO  -4.40714e-05   1.26099e-04   5.38638e-07  -7.81606e+00
  10  beta_2CBO    1.76930e-04     fixed    
  11  alpha_y      0.00000e+00     fixed    
  12  w_y          1.38860e+01   constant   
  13  beta_y       2.94614e-04     fixed    
  14  alpha_vw     0.00000e+00     fixed    
  15  w_vw         1.43404e+01   constant   
  16  beta_vw      0.00000e+00     fixed    
  17  LM           2.36781e-04   constant   
  18  zeta_y       0.00000e+00   constant   
  19  zeta_vw      0.00000e+00   constant   
  20  T_CBO        8.14251e+01   1.06871e+01   1.62470e-04  -3.84131e-02
  21  alpha_A0    -2.81877e-04   1.59327e-03   6.95277e-04  -2.12037e-03
  22  beta_A0     -1.77981e-03   1.68118e-03   7.20927e-04   7.83139e-03
  23  alpha_phi   -1.00000e-02   1.40713e-02   5.72293e-03** at limit **
  24  beta_phi    -2.75444e-03   1.57856e-03   6.92732e-04   5.12108e-03
 EXTERNAL ERROR MATRIX.    NDIM=  25    NPAR=  7    ERR DEF=1
  1.529e-08  2.753e-10  2.374e-05  4.673e-09  1.713e-08  4.910e-16 -1.297e-08 
  2.753e-10  1.590e-08  1.815e-04  6.786e-10  3.644e-08 -2.556e-16  1.885e-08 
  2.374e-05  1.815e-04  1.143e+02  7.225e-04  3.207e-03  7.023e-08  4.139e-03 
  4.673e-09  6.786e-10  7.225e-04  2.560e-06 -2.512e-07  2.575e-13  2.513e-08 
  1.713e-08  3.644e-08  3.207e-03 -2.512e-07  2.854e-06  1.937e-12  3.709e-07 
  4.910e-16 -2.556e-16  7.023e-08  2.575e-13  1.937e-12  7.211e-14  2.927e-12 
 -1.297e-08  1.885e-08  4.139e-03  2.513e-08  3.709e-07  2.927e-12  2.515e-06 
 PARAMETER  CORRELATION COEFFICIENTS  
       NO.  GLOBAL      8      9     20     21     22     23     24
        8  0.11995   1.000  0.018  0.018  0.024  0.082  0.000 -0.066
        9  0.20751   0.018  1.000  0.135  0.003  0.171 -0.000  0.094
       20  0.30390   0.018  0.135  1.000  0.042  0.178  0.024  0.244
       21  0.11607   0.024  0.003  0.042  1.000 -0.093  0.001  0.010
       22  0.28075   0.082  0.171  0.178 -0.093  1.000  0.004  0.138
       23  0.02473   0.000 -0.000  0.024  0.001  0.004  1.000  0.007
       24  0.27851  -0.066  0.094  0.244  0.010  0.138  0.007  1.000
MINUIT - FIT wiggle + 1-CBO + 2-CBO
 **********
 **   42 **RES 
 **********
                   PARAMETER   16  beta_vw RESTORED TO VARIABLE.
                   PARAMETER   14  alpha_vw RESTORED TO VARIABLE.
                   PARAMETER   13  beta_y RESTORED TO VARIABLE.
                   PARAMETER   11  alpha_y RESTORED TO VARIABLE.
                   PARAMETER   10  beta_2CBO RESTORED TO VARIABLE.
                   PARAMETER    6  alpha_CBO RESTORED TO VARIABLE.
                   PARAMETER    4  phi RESTORED TO VARIABLE.
                   PARAMETER    3  A0 RESTORED TO VARIABLE.
                   PARAMETER    1  N0 RESTORED TO VARIABLE.
 **********
 **   43 **FIX           10
 **********
 **********
 **   44 **FIX           11
 **********
 **********
 **   45 **FIX           12
 **********
 PARAMETER   12  IS CONSTANT.   IGNORED.
 **********
 **   46 **FIX           13
 **********
 **********
 **   47 **FIX           14
 **********
 **********
 **   48 **FIX           15
 **********
 PARAMETER   15  IS CONSTANT.   IGNORED.
 **********
 **   49 **FIX           16
 **********
 **********
 **   50 **MIGRAD
 **********
 START MIGRAD MINIMIZATION.  STRATEGY  1.  CONVERGENCE WHEN EDM .LT. 1.00e-04
 FCN=78.9731 FROM MIGRAD    STATUS=INITIATE       22 CALLS        1103 TOTAL
                     EDM= unknown      STRATEGY= 1      NO ERROR MATRIX       
  EXT PARAMETER               CURRENT GUESS       STEP         FIRST   
  NO.   NAME      VALUE            ERROR          SIZE      DERIVATIVE 
   1  N0           3.21104e+06   2.66784e+02   2.66784e+02  -1.85623e-03
   2  tau          6.44090e+01   constant   
   3  A0           3.64443e-01   1.22476e-04   1.22476e-04   1.54367e+04
   4  phi          4.11927e+00   3.46755e-04   3.46755e-04   1.71157e+04
   5  R           -6.00655e+01   constant   
   6  alpha_CBO   -3.32180e-03   1.29845e-04   1.29845e-04   5.92841e+03
   7  w_CBO        2.32500e+00   constant   
   8  beta_CBO     1.57285e-03   1.23650e-04   5.36032e-07  -5.05176e+00
   9  alpha_2CBO  -4.40714e-05   1.26099e-04   5.38638e-07  -7.78928e+00
  10  beta_2CBO    1.76930e-04     fixed    
  11  alpha_y      0.00000e+00     fixed    
  12  w_y          1.38860e+01   constant   
  13  beta_y       2.94614e-04     fixed    
  14  alpha_vw     0.00000e+00     fixed    
  15  w_vw         1.43404e+01   constant   
  16  beta_vw      0.00000e+00     fixed    
  17  LM           2.36781e-04   constant   
  18  zeta_y       0.00000e+00   constant   
  19  zeta_vw      0.00000e+00   constant   
  20  T_CBO        8.14251e+01   1.06871e+01   1.62470e-04  -3.90451e-02
  21  alpha_A0    -2.81877e-04   1.59327e-03   6.95277e-04  -2.11715e-03
  22  beta_A0     -1.77981e-03   1.68118e-03   7.20927e-04   7.83320e-03
  23  alpha_phi   -9.99998e-03   1.40713e-02   5.72293e-03   2.04261e-03
  24  beta_phi    -2.75444e-03   1.57856e-03   6.92732e-04   5.11968e-03
 MIGRAD MINIMIZATION HAS CONVERGED.
 FCN=68.4966 FROM MIGRAD    STATUS=CONVERGED     168 CALLS        1249 TOTAL
                     EDM=4.40345e-07    STRATEGY= 1  ERROR MATRIX UNCERTAINTY   4.7 per cent
  EXT PARAMETER                                   STEP         FIRST   
  NO.   NAME      VALUE            ERROR          SIZE      DERIVATIVE 
   1  N0           3.21105e+06   2.80203e+02   6.38465e-01  -1.81722e-06
   2  tau          6.44090e+01   constant   
   3  A0           3.64307e-01   1.15458e-04   2.45475e-07   5.83999e+00
   4  phi          4.11818e+00   3.53692e-04  -3.81263e-08  -9.38139e-01
   5  R           -6.00655e+01   constant   
   6  alpha_CBO   -3.34725e-03   1.27649e-04  -2.32809e-07   3.69019e+00
   7  w_CBO        2.32500e+00   constant   
   8  beta_CBO     1.67387e-03   1.26562e-04  -2.20692e-08  -2.35677e-01
   9  alpha_2CBO  -6.19061e-05   1.23176e-04  -1.99629e-07  -4.71948e+00
  10  beta_2CBO    1.76930e-04     fixed    
  11  alpha_y      0.00000e+00     fixed    
  12  w_y          1.38860e+01   constant   
  13  beta_y       2.94614e-04     fixed    
  14  alpha_vw     0.00000e+00     fixed    
  15  w_vw         1.43404e+01   constant   
  16  beta_vw      0.00000e+00     fixed    
  17  LM           2.36781e-04   constant   
  18  zeta_y       0.00000e+00   constant   
  19  zeta_vw      0.00000e+00   constant   
  20  T_CBO        7.88669e+01   9.98723e+00   3.42059e-05  -1.39947e-03
  21  alpha_A0     2.86039e-05   1.51946e-03   1.31622e-04   1.37413e-03
  22  beta_A0     -2.01351e-03   1.77168e-03  -3.14342e-04   1.68965e-04
  23  alpha_phi   -1.00000e-02   1.37405e-02  -4.40143e-05** at limit **
  24  beta_phi    -3.58657e-03   1.63936e-03  -1.53940e-04   3.12750e-03
 EXTERNAL ERROR MATRIX.    NDIM=  25    NPAR= 11    ERR DEF=1
  7.851e+04 
  2.922e-03  1.333e-08 
  6.495e-03  4.456e-09  1.251e-07 
 -4.697e-03 -1.201e-09 -2.148e-09  1.629e-08 
 -1.440e-04 -1.145e-09 -1.060e-08 -5.388e-11  1.602e-08 
 -5.673e-05  1.361e-09  1.084e-09 -3.674e-10 -7.125e-11  1.517e-08 
  3.502e+02  6.688e-05  3.000e-04 -1.010e-04  1.014e-05  1.880e-04  9.979e+01 
 -9.343e-03 -1.314e-08 -2.741e-08  4.018e-09  8.984e-09 -5.608e-09 -1.090e-03  2.327e-06 
 -8.401e-02  5.350e-09  9.998e-09  9.890e-09  1.590e-08  4.105e-08  3.678e-03 -1.884e-07  3.174e-06 
 -6.259e-07 -1.202e-13 -4.038e-14  2.155e-13  1.339e-14  1.625e-13  6.985e-10 -7.881e-13  4.264e-12  4.897e-13 
 -2.367e-03  3.274e-08  7.337e-08 -1.741e-08 -1.645e-08  3.285e-08  4.632e-03 -2.237e-07  5.238e-07  1.495e-12  2.716e-06 
 PARAMETER  CORRELATION COEFFICIENTS  
       NO.  GLOBAL      1      3      4      6      8      9     20     21     22     23     24
        1  0.27845   1.000  0.090  0.066 -0.131 -0.004 -0.002  0.125 -0.022 -0.168 -0.003 -0.005
        3  0.23968   0.090  1.000  0.109 -0.081 -0.078  0.096  0.058 -0.075  0.026 -0.001  0.172
        4  0.28376   0.066  0.109  1.000 -0.048 -0.237  0.025  0.085 -0.051  0.016 -0.000  0.126
        6  0.18003  -0.131 -0.081 -0.048  1.000 -0.003 -0.023 -0.079  0.021  0.043  0.002 -0.083
        8  0.26634  -0.004 -0.078 -0.237 -0.003  1.000 -0.005  0.008  0.047  0.071  0.000 -0.079
        9  0.25375  -0.002  0.096  0.025 -0.023 -0.005  1.000  0.153 -0.030  0.187  0.002  0.162
       20  0.37488   0.125  0.058  0.085 -0.079  0.008  0.153  1.000 -0.072  0.207  0.000  0.281
       21  0.13716  -0.022 -0.075 -0.051  0.021  0.047 -0.030 -0.072  1.000 -0.069 -0.001 -0.089
       22  0.35388  -0.168  0.026  0.016  0.043  0.071  0.187  0.207 -0.069  1.000  0.003  0.178
       23  0.00528  -0.003 -0.001 -0.000  0.002  0.000  0.002  0.000 -0.001  0.003  1.000  0.001
       24  0.37862  -0.005  0.172  0.126 -0.083 -0.079  0.162  0.281 -0.089  0.178  0.001  1.000
MINUIT - FIT ONLY 1-y
 **********
 **   51 **RES 
 **********
                   PARAMETER   16  beta_vw RESTORED TO VARIABLE.
                   PARAMETER   14  alpha_vw RESTORED TO VARIABLE.
                   PARAMETER   13  beta_y RESTORED TO VARIABLE.
                   PARAMETER   11  alpha_y RESTORED TO VARIABLE.
                   PARAMETER   10  beta_2CBO RESTORED TO VARIABLE.
 **********
 **   52 **FIX            0
 **********
 PARAMETER    0  IS UNDEFINED. IGNORED.
 **********
 **   53 **FIX            1
 **********
 **********
 **   54 **FIX            2
 **********
 PARAMETER    2  IS CONSTANT.   IGNORED.
 **********
 **   55 **FIX            3
 **********
 **********
 **   56 **FIX            4
 **********
 **********
 **   57 **FIX            5
 **********
 PARAMETER    5  IS CONSTANT.   IGNORED.
 **********
 **   58 **FIX            6
 **********
 **********
 **   59 **FIX            7
 **********
 PARAMETER    7  IS CONSTANT.   IGNORED.
 **********
 **   60 **FIX            8
 **********
 **********
 **   61 **FIX            9
 **********
 **********
 **   62 **FIX           13
 **********
 **********
 **   63 **FIX           14
 **********
 **********
 **   64 **FIX           15
 **********
 PARAMETER   15  IS CONSTANT.   IGNORED.
 **********
 **   65 **FIX           16
 **********
 **********
 **   66 **MIGRAD
 **********
 START MIGRAD MINIMIZATION.  STRATEGY  1.  CONVERGENCE WHEN EDM .LT. 1.00e-04
 FCN=68.4966 FROM MIGRAD    STATUS=INITIATE       16 CALLS        1265 TOTAL
                     EDM= unknown      STRATEGY= 1      NO ERROR MATRIX       
  EXT PARAMETER               CURRENT GUESS       STEP         FIRST   
  NO.   NAME      VALUE            ERROR          SIZE      DERIVATIVE 
   1  N0           3.21105e+06     fixed    
   2  tau          6.44090e+01   constant   
   3  A0           3.64307e-01     fixed    
   4  phi          4.11818e+00     fixed    
   5  R           -6.00655e+01   constant   
   6  alpha_CBO   -3.34725e-03     fixed    
   7  w_CBO        2.32500e+00   constant   
   8  beta_CBO     1.67387e-03     fixed    
   9  alpha_2CBO  -6.19061e-05     fixed    
  10  beta_2CBO    1.76930e-04   1.27887e-04   1.27887e-04   1.50238e+04
  11  alpha_y      0.00000e+00   1.00000e-03   1.00000e-03  -2.26068e+04
  12  w_y          1.38860e+01   constant   
  13  beta_y       2.94614e-04     fixed    
  14  alpha_vw     0.00000e+00     fixed    
  15  w_vw         1.43404e+01   constant   
  16  beta_vw      0.00000e+00     fixed    
  17  LM           2.36781e-04   constant   
  18  zeta_y       0.00000e+00   constant   
  19  zeta_vw      0.00000e+00   constant   
  20  T_CBO        7.88669e+01   9.98723e+00   3.42059e-05  -1.98976e-03
  21  alpha_A0     2.86039e-05   1.51946e-03   1.31622e-04   1.37618e-03
  22  beta_A0     -2.01351e-03   1.77168e-03  -3.14342e-04   1.67273e-04
  23  alpha_phi   -9.99998e-03   1.37405e-02  -4.40143e-05   7.97488e-04
  24  beta_phi    -3.58657e-03   1.63936e-03  -1.53940e-04   3.12154e-03
 MIGRAD MINIMIZATION HAS CONVERGED.
 MIGRAD WILL VERIFY CONVERGENCE AND ERROR MATRIX.
 COVARIANCE MATRIX CALCULATED SUCCESSFULLY
 FCN=65.5396 FROM MIGRAD    STATUS=CONVERGED     130 CALLS        1379 TOTAL
                     EDM=6.27916e-06    STRATEGY= 1      ERROR MATRIX ACCURATE 
  EXT PARAMETER                                   STEP         FIRST   
  NO.   NAME      VALUE            ERROR          SIZE      DERIVATIVE 
   1  N0           3.21105e+06     fixed    
   2  tau          6.44090e+01   constant   
   3  A0           3.64307e-01     fixed    
   4  phi          4.11818e+00     fixed    
   5  R           -6.00655e+01   constant   
   6  alpha_CBO   -3.34725e-03     fixed    
   7  w_CBO        2.32500e+00   constant   
   8  beta_CBO     1.67387e-03     fixed    
   9  alpha_2CBO  -6.19061e-05     fixed    
  10  beta_2CBO    5.14503e-05   1.28102e-04   4.96634e-07   5.85788e-01
  11  alpha_y      1.78102e-04   1.25043e-04   4.97890e-07  -1.38182e+01
  12  w_y          1.38860e+01   constant   
  13  beta_y       2.94614e-04     fixed    
  14  alpha_vw     0.00000e+00     fixed    
  15  w_vw         1.43404e+01   constant   
  16  beta_vw      0.00000e+00     fixed    
  17  LM           2.36781e-04   constant   
  18  zeta_y       0.00000e+00   constant   
  19  zeta_vw      0.00000e+00   constant   
  20  T_CBO        7.85004e+01   1.03557e+01   1.44886e-04  -4.63380e-02
  21  alpha_A0     3.55880e-04   1.69207e-03   6.62829e-04  -1.88042e-03
  22  beta_A0     -2.02797e-03   1.73368e-03   6.90426e-04  -1.24488e-02
  23  alpha_phi   -1.00000e-02   1.81240e-02   8.57971e-03** at limit **
  24  beta_phi    -3.34693e-03   1.67761e-03   6.74116e-04  -1.35743e-04
 EXTERNAL ERROR MATRIX.    NDIM=  25    NPAR=  7    ERR DEF=1
  1.641e-08 -1.966e-10  5.259e-05 -3.950e-08  4.678e-09 -1.826e-15 -2.663e-08 
 -1.966e-10  1.564e-08  3.443e-06  2.908e-09  2.011e-09  2.400e-16  3.728e-09 
  5.259e-05  3.443e-06  1.073e+02 -4.224e-04  3.229e-03  1.040e-07  4.944e-03 
 -3.950e-08  2.908e-09 -4.224e-04  2.891e-06 -3.210e-07 -5.602e-13  5.512e-08 
  4.678e-09  2.011e-09  3.229e-03 -3.210e-07  3.038e-06  3.446e-12  4.142e-07 
 -1.826e-15  2.400e-16  1.040e-07 -5.602e-13  3.446e-12  2.998e-14  5.614e-12 
 -2.663e-08  3.728e-09  4.944e-03  5.512e-08  4.142e-07  5.614e-12  2.845e-06 
 PARAMETER  CORRELATION COEFFICIENTS  
       NO.  GLOBAL     10     11     20     21     22     23     24
       10  0.22931   1.000 -0.012  0.040 -0.181  0.021 -0.000 -0.123
       11  0.02515  -0.012  1.000  0.003  0.014  0.009  0.000  0.018
       20  0.32751   0.040  0.003  1.000 -0.024  0.179  0.058  0.283
       21  0.21003  -0.181  0.014 -0.024  1.000 -0.108 -0.002  0.019
       22  0.22885   0.021  0.009  0.179 -0.108  1.000  0.011  0.141
       23  0.05811  -0.000  0.000  0.058 -0.002  0.011  1.000  0.019
       24  0.32758  -0.123  0.018  0.283  0.019  0.141  0.019  1.000
MINUIT - FIT ONLY 2-y
 **********
 **   67 **RES 
 **********
                   PARAMETER   16  beta_vw RESTORED TO VARIABLE.
                   PARAMETER   14  alpha_vw RESTORED TO VARIABLE.
                   PARAMETER   13  beta_y RESTORED TO VARIABLE.
                   PARAMETER    9  alpha_2CBO RESTORED TO VARIABLE.
                   PARAMETER    8  beta_CBO RESTORED TO VARIABLE.
                   PARAMETER    6  alpha_CBO RESTORED TO VARIABLE.
                   PARAMETER    4  phi RESTORED TO VARIABLE.
                   PARAMETER    3  A0 RESTORED TO VARIABLE.
                   PARAMETER    1  N0 RESTORED TO VARIABLE.
 **********
 **   68 **FIX            0
 **********
 PARAMETER    0  IS UNDEFINED. IGNORED.
 **********
 **   69 **FIX            1
 **********
 **********
 **   70 **FIX            2
 **********
 PARAMETER    2  IS CONSTANT.   IGNORED.
 **********
 **   71 **FIX            3
 **********
 **********
 **   72 **FIX            4
 **********
 **********
 **   73 **FIX            5
 **********
 PARAMETER    5  IS CONSTANT.   IGNORED.
 **********
 **   74 **FIX            6
 **********
 **********
 **   75 **FIX            7
 **********
 PARAMETER    7  IS CONSTANT.   IGNORED.
 **********
 **   76 **FIX            8
 **********
 **********
 **   77 **FIX            9
 **********
 **********
 **   78 **FIX           10
 **********
 **********
 **   79 **FIX           11
 **********
 **********
 **   80 **FIX           12
 **********
 PARAMETER   12  IS CONSTANT.   IGNORED.
 **********
 **   81 **FIX           16
 **********
 **********
 **   82 **MIGRAD
 **********
 START MIGRAD MINIMIZATION.  STRATEGY  1.  CONVERGENCE WHEN EDM .LT. 1.00e-04
 FCN=65.5396 FROM MIGRAD    STATUS=INITIATE       16 CALLS        1395 TOTAL
                     EDM= unknown      STRATEGY= 1      NO ERROR MATRIX       
  EXT PARAMETER               CURRENT GUESS       STEP         FIRST   
  NO.   NAME      VALUE            ERROR          SIZE      DERIVATIVE 
   1  N0           3.21105e+06     fixed    
   2  tau          6.44090e+01   constant   
   3  A0           3.64307e-01     fixed    
   4  phi          4.11818e+00     fixed    
   5  R           -6.00655e+01   constant   
   6  alpha_CBO   -3.34725e-03     fixed    
   7  w_CBO        2.32500e+00   constant   
   8  beta_CBO     1.67387e-03     fixed    
   9  alpha_2CBO  -6.19061e-05     fixed    
  10  beta_2CBO    5.14503e-05     fixed    
  11  alpha_y      1.78102e-04     fixed    
  12  w_y          1.38860e+01   constant   
  13  beta_y       2.94614e-04   1.22660e-04   1.22660e-04  -2.88875e+02
  14  alpha_vw     0.00000e+00   1.00000e-03   1.00000e-03  -2.51734e+04
  15  w_vw         1.43404e+01   constant   
  16  beta_vw      0.00000e+00     fixed    
  17  LM           2.36781e-04   constant   
  18  zeta_y       0.00000e+00   constant   
  19  zeta_vw      0.00000e+00   constant   
  20  T_CBO        7.85004e+01   1.03557e+01   1.44886e-04  -4.69417e-02
  21  alpha_A0     3.55880e-04   1.69207e-03   6.62829e-04  -1.87826e-03
  22  beta_A0     -2.02797e-03   1.73368e-03   6.90426e-04  -1.24474e-02
  23  alpha_phi   -9.99998e-03   1.81240e-02   8.57971e-03   7.80528e-04
  24  beta_phi    -3.34693e-03   1.67761e-03   6.74116e-04  -1.36306e-04
 MIGRAD MINIMIZATION HAS CONVERGED.
 MIGRAD WILL VERIFY CONVERGENCE AND ERROR MATRIX.
 COVARIANCE MATRIX CALCULATED SUCCESSFULLY
 FCN=63.0344 FROM MIGRAD    STATUS=CONVERGED     113 CALLS        1492 TOTAL
                     EDM=3.88262e-06    STRATEGY= 1      ERROR MATRIX ACCURATE 
  EXT PARAMETER                                   STEP         FIRST   
  NO.   NAME      VALUE            ERROR          SIZE      DERIVATIVE 
   1  N0           3.21105e+06     fixed    
   2  tau          6.44090e+01   constant   
   3  A0           3.64307e-01     fixed    
   4  phi          4.11818e+00     fixed    
   5  R           -6.00655e+01   constant   
   6  alpha_CBO   -3.34725e-03     fixed    
   7  w_CBO        2.32500e+00   constant   
   8  beta_CBO     1.67387e-03     fixed    
   9  alpha_2CBO  -6.19061e-05     fixed    
  10  beta_2CBO    5.14503e-05     fixed    
  11  alpha_y      1.78102e-04     fixed    
  12  w_y          1.38860e+01   constant   
  13  beta_y       3.25910e-04   1.24528e-04   4.81023e-07   2.89486e+00
  14  alpha_vw     1.98698e-04   1.25533e-04   4.84952e-07   2.34414e+00
  15  w_vw         1.43404e+01   constant   
  16  beta_vw      0.00000e+00     fixed    
  17  LM           2.36781e-04   constant   
  18  zeta_y       0.00000e+00   constant   
  19  zeta_vw      0.00000e+00   constant   
  20  T_CBO        7.85584e+01   1.03554e+01   1.42082e-04  -3.89179e-02
  21  alpha_A0     2.89696e-04   1.66360e-03   6.48691e-04   1.00658e-02
  22  beta_A0     -2.03521e-03   1.73188e-03   6.76049e-04  -4.85175e-03
  23  alpha_phi   -1.00000e-02   1.80865e-02   9.39908e-03** at limit **
  24  beta_phi    -3.37964e-03   1.66481e-03   6.60586e-04   9.54312e-03
 EXTERNAL ERROR MATRIX.    NDIM=  25    NPAR=  7    ERR DEF=1
  1.551e-08  2.307e-09  1.523e-05 -6.241e-09  2.177e-09 -7.848e-16  1.602e-09 
  2.307e-09  1.576e-08  4.092e-06 -5.302e-09 -7.071e-10 -9.623e-16 -2.748e-09 
  1.523e-05  4.092e-06  1.073e+02 -1.871e-04  3.223e-03  1.613e-07  5.080e-03 
 -6.241e-09 -5.302e-09 -1.871e-04  2.793e-06 -3.066e-07 -6.988e-13 -3.935e-09 
  2.177e-09 -7.071e-10  3.223e-03 -3.066e-07  3.031e-06  5.349e-12  4.229e-07 
 -7.848e-16 -9.623e-16  1.613e-07 -6.988e-13  5.349e-12  6.097e-14  8.768e-12 
  1.602e-09 -2.748e-09  5.080e-03 -3.935e-09  4.229e-07  8.768e-12  2.801e-06 
 PARAMETER  CORRELATION COEFFICIENTS  
       NO.  GLOBAL     13     14     20     21     22     23     24
       13  0.15052   1.000  0.148  0.012 -0.030  0.010 -0.000  0.008
       14  0.14991   0.148  1.000  0.003 -0.025 -0.003 -0.000 -0.013
       20  0.32870   0.012  0.003  1.000 -0.011  0.179  0.063  0.293
       21  0.11236  -0.030 -0.025 -0.011  1.000 -0.105 -0.002 -0.001
       22  0.22835   0.010 -0.003  0.179 -0.105  1.000  0.012  0.145
       23  0.06316  -0.000 -0.000  0.063 -0.002  0.012  1.000  0.021
       24  0.30843   0.008 -0.013  0.293 -0.001  0.145  0.021  1.000
MINUIT - FIT ALTOGETHER
 **********
 **   83 **RES 
 **********
                   PARAMETER   16  beta_vw RESTORED TO VARIABLE.
