 + ++++++++++++++++++++++++++++++++++++++++++++++++++++++++++++++++++++ +
 +                                                                      +
 +           You have chose to blind your fitting according to          +
 +                omega_ref * (1 + (R +/- deltaR) *10^{-6})             +
 +                                                                      +
 + ++++++++++++++++++++++++++++++++++++++++++++++++++++++++++++++++++++ +
In main()...
reading format from /gm2data/zkhechad/run45/envelope/formats/formatB_sBin_constraintOn.txt
pBinTau 	= 0  
pBinPhi 	= 0  
constraintau 	= 1 
includeMopTerm 	= 0    
constrainMop    = 0   
Parameters after format file: pBinTau 0 pBinPhi 0 constraintau 1 includeMopTerm 0 constrainMop 0 c_e_scale 0.000000 
Opening file /gm2data/tbarrett/gm2fr/studies/run23_bunch_corrections/CorrectedFourier_Run3b.root.
reading full fit data from /gm2data/zkhechad/cboTemplates/Run4CBOTemplates/fullFits/noRF/sBin_constraintOn_cE0.0_seed0_noRF_calo12.root
windowBins = 69
fitting sliding window 2380 from bin 2516 at 375.238000 to bin 2585 at 385.682000 (69 bins)

Reading data from /gm2data/cornell/histograms/aMethod/histogram_a_noRF.root
 **********
 **    1 **SET PRINTOUT            1
 **********
 **********
 **    2 **SET NOWARNINGS 
 **********
 PARAMETER DEFINITIONS:
    NO.   NAME         VALUE      STEP SIZE      LIMITS
     1 N0           3.55331e+06  1.00000e+02     no limits
     2 tau          6.44114e+01  constant
     3 A0           3.53594e-01  1.00000e-04     no limits
     4 phi          4.11780e+00  1.00000e-02     no limits
     5 R           -6.01273e+01  constant
     6 alpha_CBO    0.00000e+00  1.00000e-03     no limits
     7 w_CBO        2.32500e+00  constant
     8 beta_CBO     0.00000e+00  1.00000e-03     no limits
     9 alpha_2CBO   0.00000e+00  1.00000e-03     no limits
    10 beta_2CBO    0.00000e+00  1.00000e-03     no limits
    11 alpha_y      0.00000e+00  1.00000e-03     no limits
    12 w_y          1.38860e+01  constant
    13 beta_y       0.00000e+00  1.00000e-03     no limits
    14 alpha_vw     0.00000e+00  1.00000e-03     no limits
    15 w_vw         1.43404e+01  constant
    16 beta_vw      0.00000e+00  1.00000e-03     no limits
    17 LM           2.37201e-04  constant
    18 zeta_y       0.00000e+00  constant
    19 zeta_vw      0.00000e+00  constant
    20 T_CBO        1.00000e+02  1.00000e+00    0.00000e+00  1.00000e+03
    21 alpha_A0     0.00000e+00  1.00000e-03     no limits
    22 beta_A0      0.00000e+00  1.00000e-03     no limits
    23 alpha_phi    0.00000e+00  1.00000e-03     no limits
    24 beta_phi     0.00000e+00  1.00000e-03     no limits
MINUIT - FIT ONLY WIGGLE
 **********
 **    3 **FIX            5
 **********
 PARAMETER    5  IS CONSTANT.   IGNORED.
 **********
 **    4 **FIX            6
 **********
 **********
 **    5 **FIX            7
 **********
 PARAMETER    7  IS CONSTANT.   IGNORED.
 **********
 **    6 **FIX            8
 **********
 **********
 **    7 **FIX            9
 **********
 **********
 **    8 **FIX           10
 **********
 **********
 **    9 **FIX           11
 **********
 **********
 **   10 **FIX           12
 **********
 PARAMETER   12  IS CONSTANT.   IGNORED.
 **********
 **   11 **FIX           13
 **********
 **********
 **   12 **FIX           14
 **********
 **********
 **   13 **FIX           15
 **********
 PARAMETER   15  IS CONSTANT.   IGNORED.
 **********
 **   14 **FIX           16
 **********
 **********
 **   15 **MIGRAD
 **********
 FIRST CALL TO USER FUNCTION AT NEW START POINT, WITH IFLAG=4.
 START MIGRAD MINIMIZATION.  STRATEGY  1.  CONVERGENCE WHEN EDM .LT. 1.00e-04
 FCN=60.6692 FROM MIGRAD    STATUS=INITIATE      437 CALLS         438 TOTAL
                     EDM= unknown      STRATEGY= 1      NO ERROR MATRIX       
  EXT PARAMETER               CURRENT GUESS       STEP         FIRST   
  NO.   NAME      VALUE            ERROR          SIZE      DERIVATIVE 
   1  N0           3.55331e+06   1.00000e+02   0.00000e+00   2.83132e-04
   2  tau          6.44114e+01   constant   
   3  A0           3.53594e-01   1.00000e-04   0.00000e+00   9.04204e+02
   4  phi          4.11780e+00   1.00000e-02   0.00000e+00  -2.18591e+02
   5  R           -6.01273e+01   constant   
   6  alpha_CBO    0.00000e+00     fixed    
   7  w_CBO        2.32500e+00   constant   
   8  beta_CBO     0.00000e+00     fixed    
   9  alpha_2CBO   0.00000e+00     fixed    
  10  beta_2CBO    0.00000e+00     fixed    
  11  alpha_y      0.00000e+00     fixed    
  12  w_y          1.38860e+01   constant   
  13  beta_y       0.00000e+00     fixed    
  14  alpha_vw     0.00000e+00     fixed    
  15  w_vw         1.43404e+01   constant   
  16  beta_vw      0.00000e+00     fixed    
  17  LM           2.37201e-04   constant   
  18  zeta_y       0.00000e+00   constant   
  19  zeta_vw      0.00000e+00   constant   
  20  T_CBO        1.00000e+02   1.00000e+00   0.00000e+00   0.00000e+00
  21  alpha_A0     0.00000e+00   1.00000e-03   0.00000e+00  -1.61154e+01
  22  beta_A0      0.00000e+00   1.00000e-03   0.00000e+00   4.31531e+00
  23  alpha_phi    0.00000e+00   1.00000e-03   0.00000e+00  -7.54935e+00
  24  beta_phi     0.00000e+00   1.00000e-03   0.00000e+00  -1.50939e+01
 CALL LIMIT EXCEEDED IN MIGRAD.
 MIGRAD TERMINATED WITHOUT CONVERGENCE.
 FCN=55.186 FROM MIGRAD    STATUS=CALL LIMIT   1339 CALLS        1340 TOTAL
                     EDM=0.0018292    STRATEGY= 1  ERROR MATRIX UNCERTAINTY   4.3 per cent
  EXT PARAMETER                APPROXIMATE        STEP         FIRST   
  NO.   NAME      VALUE            ERROR          SIZE      DERIVATIVE 
   1  N0           3.55130e+06   2.83220e+03  -9.85503e+01  -1.15413e-05
   2  tau          6.44114e+01   constant   
   3  A0           3.52978e-01   9.61825e-04  -2.39203e-06   4.16760e-01
   4  phi          4.11903e+00   2.93519e-03  -2.95901e-05  -1.87839e+00
   5  R           -6.01273e+01   constant   
   6  alpha_CBO    0.00000e+00     fixed    
   7  w_CBO        2.32500e+00   constant   
   8  beta_CBO     0.00000e+00     fixed    
   9  alpha_2CBO   0.00000e+00     fixed    
  10  beta_2CBO    0.00000e+00     fixed    
  11  alpha_y      0.00000e+00     fixed    
  12  w_y          1.38860e+01   constant   
  13  beta_y       0.00000e+00     fixed    
  14  alpha_vw     0.00000e+00     fixed    
  15  w_vw         1.43404e+01   constant   
  16  beta_vw      0.00000e+00     fixed    
  17  LM           2.37201e-04   constant   
  18  zeta_y       0.00000e+00   constant   
  19  zeta_vw      0.00000e+00   constant   
  20  T_CBO        4.61680e+01   1.89508e+01  -4.22540e-03  -4.65219e+00
  21  alpha_A0     2.51932e+01   7.42508e+01   3.22457e+00  -5.96279e-03
  22  beta_A0     -6.93940e+00   2.08385e+01  -9.03930e-01  -8.90961e-04
  23  alpha_phi    1.03512e+01   3.07604e+01   1.33511e+00  -5.02709e-03
  24  beta_phi     1.74127e+01   5.05218e+01   2.19498e+00   1.68074e-03
 EXTERNAL ERROR MATRIX.    NDIM=  25    NPAR=  8    ERR DEF=1
  8.021e+06  6.515e-01 -6.035e-02  1.199e+04 -5.435e+04  1.521e+04 -2.250e+04 -3.682e+04 
  6.515e-01  9.251e-07 -7.495e-08  2.329e-04 -1.576e-03  4.333e-04 -6.500e-04 -1.061e-03 
 -6.035e-02 -7.495e-08  8.615e-06  3.547e-03 -1.430e-02  3.955e-03 -5.920e-03 -9.713e-03 
  1.199e+04  2.329e-04  3.547e-03  3.601e+02 -1.399e+03  3.926e+02 -5.795e+02 -9.521e+02 
 -5.435e+04 -1.576e-03 -1.430e-02 -1.399e+03  5.513e+03 -1.547e+03  2.284e+03  3.751e+03 
  1.521e+04  4.333e-04  3.955e-03  3.926e+02 -1.547e+03  4.342e+02 -6.410e+02 -1.053e+03 
 -2.250e+04 -6.500e-04 -5.920e-03 -5.795e+02  2.284e+03 -6.410e+02  9.462e+02  1.554e+03 
 -3.682e+04 -1.061e-03 -9.713e-03 -9.521e+02  3.751e+03 -1.053e+03  1.554e+03  2.552e+03 
ERR MATRIX APPROXIMATE
 PARAMETER  CORRELATION COEFFICIENTS  
       NO.  GLOBAL      1      3      4     20     21     22     23     24
        1  0.46004   1.000  0.239 -0.007  0.223 -0.258  0.258 -0.258 -0.257
        3  0.24630   0.239  1.000 -0.027  0.013 -0.022  0.022 -0.022 -0.022
        4  0.11936  -0.007 -0.027  1.000  0.064 -0.066  0.065 -0.066 -0.066
       20  0.99412   0.223  0.013  0.064  1.000 -0.993  0.993 -0.993 -0.993
       21  0.99999  -0.258 -0.022 -0.066 -0.993  1.000 -1.000  1.000  1.000
       22  0.99995   0.258  0.022  0.065  0.993 -1.000  1.000 -1.000 -1.000
       23  0.99998  -0.258 -0.022 -0.066 -0.993  1.000 -1.000  1.000  1.000
       24  0.99999  -0.257 -0.022 -0.066 -0.993  1.000 -1.000  1.000  1.000
 ERR MATRIX APPROXIMATE
MINUIT - FIT ONLY 1-CBO + wiggle
 **********
 **   16 **RES 
 **********
                   PARAMETER   16  beta_vw RESTORED TO VARIABLE.
                   PARAMETER   14  alpha_vw RESTORED TO VARIABLE.
                   PARAMETER   13  beta_y RESTORED TO VARIABLE.
                   PARAMETER   11  alpha_y RESTORED TO VARIABLE.
                   PARAMETER   10  beta_2CBO RESTORED TO VARIABLE.
                   PARAMETER    9  alpha_2CBO RESTORED TO VARIABLE.
                   PARAMETER    8  beta_CBO RESTORED TO VARIABLE.
                   PARAMETER    6  alpha_CBO RESTORED TO VARIABLE.
 **********
 **   17 **FIX            8
 **********
 **********
 **   18 **FIX            9
 **********
 **********
 **   19 **FIX           11
 **********
 **********
 **   20 **FIX           12
 **********
 PARAMETER   12  IS CONSTANT.   IGNORED.
 **********
 **   21 **FIX           14
 **********
 **********
 **   22 **FIX           15
 **********
 PARAMETER   15  IS CONSTANT.   IGNORED.
 **********
 **   23 **FIX           16
 **********
 **********
 **   24 **MIGRAD
 **********
 START MIGRAD MINIMIZATION.  STRATEGY  1.  CONVERGENCE WHEN EDM .LT. 1.00e-04
 FCN=55.186 FROM MIGRAD    STATUS=INITIATE       28 CALLS        1368 TOTAL
                     EDM= unknown      STRATEGY= 1      NO ERROR MATRIX       
  EXT PARAMETER               CURRENT GUESS       STEP         FIRST   
  NO.   NAME      VALUE            ERROR          SIZE      DERIVATIVE 
   1  N0           3.55130e+06   2.83220e+03  -9.85503e+01  -1.15413e-05
   2  tau          6.44114e+01   constant   
   3  A0           3.52978e-01   9.61825e-04  -2.39203e-06   4.16760e-01
   4  phi          4.11903e+00   2.93519e-03  -2.95901e-05  -1.87839e+00
   5  R           -6.01273e+01   constant   
   6  alpha_CBO    0.00000e+00   1.00000e-03   1.00000e-03  -4.04985e+03
   7  w_CBO        2.32500e+00   constant   
   8  beta_CBO     0.00000e+00     fixed    
   9  alpha_2CBO   0.00000e+00     fixed    
  10  beta_2CBO    0.00000e+00   1.00000e-03   1.00000e-03  -1.69642e+03
  11  alpha_y      0.00000e+00     fixed    
  12  w_y          1.38860e+01   constant   
  13  beta_y       0.00000e+00   1.00000e-03   1.00000e-03   1.74844e+03
  14  alpha_vw     0.00000e+00     fixed    
  15  w_vw         1.43404e+01   constant   
  16  beta_vw      0.00000e+00     fixed    
  17  LM           2.37201e-04   constant   
  18  zeta_y       0.00000e+00   constant   
  19  zeta_vw      0.00000e+00   constant   
  20  T_CBO        4.61680e+01   1.89508e+01  -4.22540e-03  -4.65219e+00
  21  alpha_A0     2.51932e+01   7.42508e+01   3.22457e+00  -5.96279e-03
  22  beta_A0     -6.93940e+00   2.08385e+01  -9.03930e-01  -8.90961e-04
  23  alpha_phi    1.03512e+01   3.07604e+01   1.33511e+00  -5.02709e-03
  24  beta_phi     1.74127e+01   5.05218e+01   2.19498e+00   1.68074e-03
 CALL LIMIT EXCEEDED IN MIGRAD.
 MIGRAD TERMINATED WITHOUT CONVERGENCE.
 FCN=47.2309 FROM MIGRAD    STATUS=CALL LIMIT   1917 CALLS        3257 TOTAL
                     EDM=0.0109552    STRATEGY= 1  ERROR MATRIX UNCERTAINTY  13.2 per cent
  EXT PARAMETER                APPROXIMATE        STEP         FIRST   
  NO.   NAME      VALUE            ERROR          SIZE      DERIVATIVE 
   1  N0           3.55125e+06   2.79001e+03  -1.17457e+01  -1.20017e-06
   2  tau          6.44114e+01   constant   
   3  A0           3.52823e-01   9.51307e-04  -1.51927e-05  -3.72964e+01
   4  phi          4.11729e+00   3.17887e-03  -8.67939e-05  -1.47758e+01
   5  R           -6.01273e+01   constant   
   6  alpha_CBO    2.74704e-03   1.16015e-03  -3.22466e-05  -3.37208e+01
   7  w_CBO        2.32500e+00   constant   
   8  beta_CBO     0.00000e+00     fixed    
   9  alpha_2CBO   0.00000e+00     fixed    
  10  beta_2CBO    1.12183e-03   1.12334e-03   1.04290e-05   1.94267e+01
  11  alpha_y      0.00000e+00     fixed    
  12  w_y          1.38860e+01   constant   
  13  beta_y      -1.05206e-03   1.10359e-03   2.06113e-05   2.45998e+01
  14  alpha_vw     0.00000e+00     fixed    
  15  w_vw         1.43404e+01   constant   
  16  beta_vw      0.00000e+00     fixed    
  17  LM           2.37201e-04   constant   
  18  zeta_y       0.00000e+00   constant   
  19  zeta_vw      0.00000e+00   constant   
  20  T_CBO        2.30545e+01   3.38627e+00  -1.48767e-03  -3.35045e+01
  21  alpha_A0     9.34093e+04   1.88831e+05   1.33717e+04  -3.97801e-06
  22  beta_A0     -2.60831e+04   5.28895e+04  -3.74530e+03  -2.19061e-06
  23  alpha_phi    8.47053e+04   1.71236e+05   1.21256e+04  -2.48358e-06
  24  beta_phi     7.02587e+04   1.42228e+05   1.00717e+04   2.18640e-06
 EXTERNAL ERROR MATRIX.    NDIM=  25    NPAR= 11    ERR DEF=1
  7.784e+06 
  4.481e-01  9.050e-07 
  2.313e-01  1.660e-07  1.011e-05 
 -8.484e-02 -3.676e-08 -8.968e-07  1.346e-06 
  5.816e-02  3.454e-09  1.017e-07  5.934e-09  1.262e-06 
 -3.813e-02 -3.287e-08 -6.676e-08 -2.052e-08 -1.840e-09  1.218e-06 
 -1.019e+02 -6.445e-05 -3.427e-04 -7.207e-05  5.271e-05  9.251e-05  1.147e+01 
 -2.278e+06 -5.545e+00 -1.526e+01 -4.557e+00  3.312e+00  3.673e+00 -6.313e+05  3.566e+10 
  6.280e+05  1.552e+00  4.268e+00  1.280e+00 -9.307e-01 -1.029e+00  1.768e+05 -9.987e+09  2.797e+09 
 -2.062e+06 -5.028e+00 -1.384e+01 -4.127e+00  3.006e+00  3.330e+00 -5.724e+05  3.233e+10 -9.057e+09  2.932e+10 
 -1.707e+06 -4.177e+00 -1.150e+01 -3.434e+00  2.496e+00  2.767e+00 -4.755e+05  2.686e+10 -7.522e+09  2.435e+10  2.023e+10 
ERR MATRIX APPROXIMATE
 PARAMETER  CORRELATION COEFFICIENTS  
       NO.  GLOBAL      1      3      4      6     10     13     20     21     22     23     24
        1  0.27092   1.000  0.169  0.026 -0.026  0.019 -0.012 -0.011 -0.004  0.004 -0.004 -0.004
        3  0.39703   0.169  1.000  0.055 -0.033  0.003 -0.031 -0.020 -0.031  0.031 -0.031 -0.031
        4  0.54195   0.026  0.055  1.000 -0.243  0.028 -0.019 -0.032 -0.025  0.025 -0.025 -0.025
        6  0.51968  -0.026 -0.033 -0.243  1.000  0.005 -0.016 -0.018 -0.021  0.021 -0.021 -0.021
       10  0.28899   0.019  0.003  0.028  0.005  1.000 -0.001  0.014  0.016 -0.016  0.016  0.016
       13  0.30821  -0.012 -0.031 -0.019 -0.016 -0.001  1.000  0.025  0.018 -0.018  0.018  0.018
       20  0.99292  -0.011 -0.020 -0.032 -0.018  0.014  0.025  1.000 -0.987  0.987 -0.987 -0.987
       21  1.00000  -0.004 -0.031 -0.025 -0.021  0.016  0.018 -0.987  1.000 -1.000  1.000  1.000
       22  1.00000   0.004  0.031  0.025  0.021 -0.016 -0.018  0.987 -1.000  1.000 -1.000 -1.000
       23  1.00000  -0.004 -0.031 -0.025 -0.021  0.016  0.018 -0.987  1.000 -1.000  1.000  1.000
       24  1.00000  -0.004 -0.031 -0.025 -0.021  0.016  0.018 -0.987  1.000 -1.000  1.000  1.000
 ERR MATRIX APPROXIMATE
MINUIT - FIT ONLY 2-CBO
 **********
 **   25 **RES 
 **********
                   PARAMETER   16  beta_vw RESTORED TO VARIABLE.
                   PARAMETER   14  alpha_vw RESTORED TO VARIABLE.
                   PARAMETER   11  alpha_y RESTORED TO VARIABLE.
                   PARAMETER    9  alpha_2CBO RESTORED TO VARIABLE.
                   PARAMETER    8  beta_CBO RESTORED TO VARIABLE.
 **********
 **   26 **FIX            0
 **********
 PARAMETER    0  IS UNDEFINED. IGNORED.
 **********
 **   27 **FIX            1
 **********
 **********
 **   28 **FIX            2
 **********
 PARAMETER    2  IS CONSTANT.   IGNORED.
 **********
 **   29 **FIX            3
 **********
 **********
 **   30 **FIX            4
 **********
 **********
 **   31 **FIX            5
 **********
 PARAMETER    5  IS CONSTANT.   IGNORED.
 **********
 **   32 **FIX            6
 **********
 **********
 **   33 **FIX            7
 **********
 PARAMETER    7  IS CONSTANT.   IGNORED.
 **********
 **   34 **FIX           10
 **********
 **********
 **   35 **FIX           11
 **********
 **********
 **   36 **FIX           12
 **********
 PARAMETER   12  IS CONSTANT.   IGNORED.
 **********
 **   37 **FIX           13
 **********
 **********
 **   38 **FIX           14
 **********
 **********
 **   39 **FIX           15
 **********
 PARAMETER   15  IS CONSTANT.   IGNORED.
 **********
 **   40 **FIX           16
 **********
 **********
 **   41 **MIGRAD
 **********
 START MIGRAD MINIMIZATION.  STRATEGY  1.  CONVERGENCE WHEN EDM .LT. 1.00e-04
 FCN=47.2309 FROM MIGRAD    STATUS=INITIATE       18 CALLS        3275 TOTAL
                     EDM= unknown      STRATEGY= 1      NO ERROR MATRIX       
  EXT PARAMETER               CURRENT GUESS       STEP         FIRST   
  NO.   NAME      VALUE            ERROR          SIZE      DERIVATIVE 
   1  N0           3.55125e+06     fixed    
   2  tau          6.44114e+01   constant   
   3  A0           3.52823e-01     fixed    
   4  phi          4.11729e+00     fixed    
   5  R           -6.01273e+01   constant   
   6  alpha_CBO    2.74704e-03     fixed    
   7  w_CBO        2.32500e+00   constant   
   8  beta_CBO     0.00000e+00   1.00000e-03   1.00000e-03   1.24970e+03
   9  alpha_2CBO   0.00000e+00   1.00000e-03   1.00000e-03  -2.23270e+02
  10  beta_2CBO    1.12183e-03     fixed    
  11  alpha_y      0.00000e+00     fixed    
  12  w_y          1.38860e+01   constant   
  13  beta_y      -1.05206e-03     fixed    
  14  alpha_vw     0.00000e+00     fixed    
  15  w_vw         1.43404e+01   constant   
  16  beta_vw      0.00000e+00     fixed    
  17  LM           2.37201e-04   constant   
  18  zeta_y       0.00000e+00   constant   
  19  zeta_vw      0.00000e+00   constant   
  20  T_CBO        2.30545e+01   3.38627e+00  -1.48767e-03  -3.35045e+01
  21  alpha_A0     9.34093e+04   1.88831e+05   1.33717e+04  -3.97801e-06
  22  beta_A0     -2.60831e+04   5.28895e+04  -3.74530e+03  -2.19061e-06
  23  alpha_phi    8.47053e+04   1.71236e+05   1.21256e+04  -2.48358e-06
  24  beta_phi     7.02587e+04   1.42228e+05   1.00717e+04   2.18640e-06
 CALL LIMIT EXCEEDED IN MIGRAD.
 MIGRAD TERMINATED WITHOUT CONVERGENCE.
 FCN=46.2344 FROM MIGRAD    STATUS=CALL LIMIT   1159 CALLS        4416 TOTAL
                     EDM=0.00398477    STRATEGY= 1  ERROR MATRIX UNCERTAINTY  12.2 per cent
  EXT PARAMETER                APPROXIMATE        STEP         FIRST   
  NO.   NAME      VALUE            ERROR          SIZE      DERIVATIVE 
   1  N0           3.55125e+06     fixed    
   2  tau          6.44114e+01   constant   
   3  A0           3.52823e-01     fixed    
   4  phi          4.11729e+00     fixed    
   5  R           -6.01273e+01   constant   
   6  alpha_CBO    2.74704e-03     fixed    
   7  w_CBO        2.32500e+00   constant   
   8  beta_CBO    -8.54086e-04   1.10397e-03  -3.76251e-05  -4.86487e+01
   9  alpha_2CBO   8.08673e-05   1.12018e-03  -1.24519e-05  -2.26682e+01
  10  beta_2CBO    1.12183e-03     fixed    
  11  alpha_y      0.00000e+00     fixed    
  12  w_y          1.38860e+01   constant   
  13  beta_y      -1.05206e-03     fixed    
  14  alpha_vw     0.00000e+00     fixed    
  15  w_vw         1.43404e+01   constant   
  16  beta_vw      0.00000e+00     fixed    
  17  LM           2.37201e-04   constant   
  18  zeta_y       0.00000e+00   constant   
  19  zeta_vw      0.00000e+00   constant   
  20  T_CBO        1.57428e+01   1.25851e+00  -6.12863e-05  -5.78831e+00
  21  alpha_A0     2.16850e+08   3.86568e+08   6.87233e+06   7.00284e-10
  22  beta_A0     -4.57294e+07   8.16584e+07  -1.45201e+06  -4.15585e-10
  23  alpha_phi    1.88181e+08   3.35487e+08   5.96468e+06  -1.29703e-09
  24  beta_phi     1.21922e+08   2.17484e+08   3.86669e+06  -8.56851e-11
 EXTERNAL ERROR MATRIX.    NDIM=  25    NPAR=  7    ERR DEF=1
  1.219e-06  2.877e-08  8.019e-04 -2.499e+05  5.279e+04 -2.169e+05 -1.406e+05 
  2.877e-08  1.255e-06  2.668e-04 -1.023e+05  2.162e+04 -8.881e+04 -5.758e+04 
  8.019e-04  2.668e-04  1.584e+00 -4.760e+08  1.006e+08 -4.131e+08 -2.678e+08 
 -2.499e+05 -1.023e+05 -4.760e+08  1.494e+17 -3.157e+16  1.297e+17  8.407e+16 
  5.279e+04  2.162e+04  1.006e+08 -3.157e+16  6.668e+15 -2.740e+16 -1.776e+16 
 -2.169e+05 -8.881e+04 -4.131e+08  1.297e+17 -2.740e+16  1.126e+17  7.296e+16 
 -1.406e+05 -5.758e+04 -2.678e+08  8.407e+16 -1.776e+16  7.296e+16  4.730e+16 
ERR MATRIX APPROXIMATE
 PARAMETER  CORRELATION COEFFICIENTS  
       NO.  GLOBAL      8      9     20     21     22     23     24
        8  0.60616   1.000  0.023  0.577 -0.586  0.586 -0.586 -0.586
        9  0.35433   0.023  1.000  0.189 -0.236  0.236 -0.236 -0.236
       20  0.97990   0.577  0.189  1.000 -0.978  0.978 -0.978 -0.978
       21  1.00000  -0.586 -0.236 -0.978  1.000 -1.000  1.000  1.000
       22  1.00000   0.586  0.236  0.978 -1.000  1.000 -1.000 -1.000
       23  1.00000  -0.586 -0.236 -0.978  1.000 -1.000  1.000  1.000
       24  1.00000  -0.586 -0.236 -0.978  1.000 -1.000  1.000  1.000
 ERR MATRIX APPROXIMATE
MINUIT - FIT wiggle + 1-CBO + 2-CBO
 **********
 **   42 **RES 
 **********
                   PARAMETER   16  beta_vw RESTORED TO VARIABLE.
                   PARAMETER   14  alpha_vw RESTORED TO VARIABLE.
                   PARAMETER   13  beta_y RESTORED TO VARIABLE.
                   PARAMETER   11  alpha_y RESTORED TO VARIABLE.
                   PARAMETER   10  beta_2CBO RESTORED TO VARIABLE.
                   PARAMETER    6  alpha_CBO RESTORED TO VARIABLE.
                   PARAMETER    4  phi RESTORED TO VARIABLE.
                   PARAMETER    3  A0 RESTORED TO VARIABLE.
                   PARAMETER    1  N0 RESTORED TO VARIABLE.
 **********
 **   43 **FIX           10
 **********
 **********
 **   44 **FIX           11
 **********
 **********
 **   45 **FIX           12
 **********
 PARAMETER   12  IS CONSTANT.   IGNORED.
 **********
 **   46 **FIX           13
 **********
 **********
 **   47 **FIX           14
 **********
 **********
 **   48 **FIX           15
 **********
 PARAMETER   15  IS CONSTANT.   IGNORED.
 **********
 **   49 **FIX           16
 **********
 **********
 **   50 **MIGRAD
 **********
 START MIGRAD MINIMIZATION.  STRATEGY  1.  CONVERGENCE WHEN EDM .LT. 1.00e-04
 FCN=46.234 FROM MIGRAD    STATUS=INITIATE      254 CALLS        4670 TOTAL
                     EDM= unknown      STRATEGY= 1      NO ERROR MATRIX       
  EXT PARAMETER               CURRENT GUESS       STEP         FIRST   
  NO.   NAME      VALUE            ERROR          SIZE      DERIVATIVE 
   1  N0           3.55125e+06   2.79001e+03   0.00000e+00   3.62159e-05
   2  tau          6.44114e+01   constant   
   3  A0           3.52823e-01   9.51307e-04   0.00000e+00   3.06828e+02
   4  phi          4.11729e+00   3.17887e-03   0.00000e+00  -4.27213e+01
   5  R           -6.01273e+01   constant   
   6  alpha_CBO    2.74704e-03   1.16015e-03   0.00000e+00  -7.87036e+01
   7  w_CBO        2.32500e+00   constant   
   8  beta_CBO    -8.54086e-04   1.10397e-03   0.00000e+00  -4.84657e+01
   9  alpha_2CBO   8.08673e-05   1.12018e-03   0.00000e+00  -2.43539e+01
  10  beta_2CBO    1.12183e-03     fixed    
  11  alpha_y      0.00000e+00     fixed    
  12  w_y          1.38860e+01   constant   
  13  beta_y      -1.05206e-03     fixed    
  14  alpha_vw     0.00000e+00     fixed    
  15  w_vw         1.43404e+01   constant   
  16  beta_vw      0.00000e+00     fixed    
  17  LM           2.37201e-04   constant   
  18  zeta_y       0.00000e+00   constant   
  19  zeta_vw      0.00000e+00   constant   
  20  T_CBO        1.57428e+01   1.25851e+00   0.00000e+00  -9.20912e+00
  21  alpha_A0     2.16230e+08   3.86568e+08  -1.03156e+05   6.10668e-10
  22  beta_A0     -4.56858e+07   8.16584e+07   0.00000e+00  -4.06047e-10
  23  alpha_phi    1.88181e+08   3.35487e+08   0.00000e+00  -1.28863e-09
  24  beta_phi     1.21922e+08   2.17484e+08   0.00000e+00  -7.96692e-11
 CALL LIMIT EXCEEDED IN MIGRAD.
 MIGRAD TERMINATED WITHOUT CONVERGENCE.
 FCN=45.9013 FROM MIGRAD    STATUS=CALL LIMIT   1916 CALLS        6332 TOTAL
                     EDM=0.0103818    STRATEGY= 1  ERROR MATRIX UNCERTAINTY  22.5 per cent
  EXT PARAMETER                APPROXIMATE        STEP         FIRST   
  NO.   NAME      VALUE            ERROR          SIZE      DERIVATIVE 
   1  N0           3.55098e+06   2.81971e+03   7.20399e+01   6.48590e-06
   2  tau          6.44114e+01   constant   
   3  A0           3.52561e-01   9.93699e-04   1.65007e-06  -1.32827e+01
   4  phi          4.11727e+00   3.02147e-03  -8.22250e-05  -1.42849e+01
   5  R           -6.01273e+01   constant   
   6  alpha_CBO    2.93509e-03   1.10696e-03   4.42616e-05   6.74596e+01
   7  w_CBO        2.32500e+00   constant   
   8  beta_CBO    -8.68348e-04   1.13218e-03   1.09409e-05   6.86240e+00
   9  alpha_2CBO   1.41341e-04   1.11803e-03   1.82505e-05   2.78805e+01
  10  beta_2CBO    1.12183e-03     fixed    
  11  alpha_y      0.00000e+00     fixed    
  12  w_y          1.38860e+01   constant   
  13  beta_y      -1.05206e-03     fixed    
  14  alpha_vw     0.00000e+00     fixed    
  15  w_vw         1.43404e+01   constant   
  16  beta_vw      0.00000e+00     fixed    
  17  LM           2.37201e-04   constant   
  18  zeta_y       0.00000e+00   constant   
  19  zeta_vw      0.00000e+00   constant   
  20  T_CBO        1.26876e+01   1.22605e+00  -1.54592e-03  -4.83468e+01
  21  alpha_A0     6.86485e+10   1.44230e+11   2.32716e+10  -6.12741e-12
  22  beta_A0     -5.50353e+09   1.11215e+10  -1.80051e+09   4.15796e-12
  23  alpha_phi    7.35356e+10   1.55368e+11   2.50544e+10   3.82620e-12
  24  beta_phi     3.78819e+10   7.98772e+10   1.28916e+10  -1.99694e-12
 EXTERNAL ERROR MATRIX.    NDIM=  25    NPAR= 11    ERR DEF=1
  7.951e+06 
  6.069e-01  9.874e-07 
 -1.126e-01  5.244e-08  9.129e-06 
 -9.815e-02 -5.161e-08 -6.020e-07  1.225e-06 
 -5.224e-02  1.688e-07 -7.127e-08 -9.650e-09  1.282e-06 
 -8.862e-03  4.098e-08 -4.347e-08 -2.331e-08  4.650e-08  1.250e-06 
  4.317e+01  1.464e-05 -4.440e-05  4.656e-05  1.361e-05  5.019e-06  1.503e+00 
 -6.283e+12 -3.796e+06 -1.273e+06  1.396e+06  8.099e+05 -2.915e+06 -1.706e+11  2.080e+22 
  4.126e+11  2.467e+05 -3.150e+04 -7.886e+04 -5.917e+04  2.267e+05  1.310e+10 -1.603e+21  1.237e+20 
 -6.766e+12 -4.142e+06 -1.353e+06  1.562e+06  8.303e+05 -3.092e+06 -1.838e+11  2.241e+22 -1.727e+21  2.414e+22 
 -3.381e+12 -2.102e+06 -7.514e+05  7.704e+05  4.716e+05 -1.617e+06 -9.444e+10  1.152e+22 -8.880e+20  1.241e+22  6.380e+21 
ERR MATRIX APPROXIMATE
 PARAMETER  CORRELATION COEFFICIENTS  
       NO.  GLOBAL      1      3      4      6      8      9     20     21     22     23     24
        1  0.34403   1.000  0.217 -0.013 -0.031 -0.016 -0.003  0.012 -0.015  0.013 -0.015 -0.015
        3  0.34709   0.217  1.000  0.017 -0.047  0.150  0.037  0.012 -0.026  0.022 -0.027 -0.026
        4  0.27383  -0.013  0.017  1.000 -0.180 -0.021 -0.013 -0.012 -0.003 -0.001 -0.003 -0.003
        6  0.35015  -0.031 -0.047 -0.180  1.000 -0.008 -0.019  0.034  0.009 -0.006  0.009  0.009
        8  0.23492  -0.016  0.150 -0.021 -0.008  1.000  0.037  0.010  0.005 -0.005  0.005  0.005
        9  0.11740  -0.003  0.037 -0.013 -0.019  0.037  1.000  0.004 -0.018  0.018 -0.018 -0.018
       20  0.98174   0.012  0.012 -0.012  0.034  0.010  0.004  1.000 -0.964  0.961 -0.965 -0.964
       21  1.00000  -0.015 -0.026 -0.003  0.009  0.005 -0.018 -0.964  1.000 -1.000  1.000  1.000
       22  0.99978   0.013  0.022 -0.001 -0.006 -0.005  0.018  0.961 -1.000  1.000 -1.000 -1.000
       23  1.00000  -0.015 -0.027 -0.003  0.009  0.005 -0.018 -0.965  1.000 -1.000  1.000  1.000
       24  1.00000  -0.015 -0.026 -0.003  0.009  0.005 -0.018 -0.964  1.000 -1.000  1.000  1.000
 ERR MATRIX APPROXIMATE
MINUIT - FIT ONLY 1-y
 **********
 **   51 **RES 
 **********
                   PARAMETER   16  beta_vw RESTORED TO VARIABLE.
                   PARAMETER   14  alpha_vw RESTORED TO VARIABLE.
                   PARAMETER   13  beta_y RESTORED TO VARIABLE.
                   PARAMETER   11  alpha_y RESTORED TO VARIABLE.
                   PARAMETER   10  beta_2CBO RESTORED TO VARIABLE.
 **********
 **   52 **FIX            0
 **********
 PARAMETER    0  IS UNDEFINED. IGNORED.
 **********
 **   53 **FIX            1
 **********
 **********
 **   54 **FIX            2
 **********
 PARAMETER    2  IS CONSTANT.   IGNORED.
 **********
 **   55 **FIX            3
 **********
 **********
 **   56 **FIX            4
 **********
 **********
 **   57 **FIX            5
 **********
 PARAMETER    5  IS CONSTANT.   IGNORED.
 **********
 **   58 **FIX            6
 **********
 **********
 **   59 **FIX            7
 **********
 PARAMETER    7  IS CONSTANT.   IGNORED.
 **********
 **   60 **FIX            8
 **********
 **********
 **   61 **FIX            9
 **********
 **********
 **   62 **FIX           13
 **********
 **********
 **   63 **FIX           14
 **********
 **********
 **   64 **FIX           15
 **********
 PARAMETER   15  IS CONSTANT.   IGNORED.
 **********
 **   65 **FIX           16
 **********
 **********
 **   66 **MIGRAD
 **********
 START MIGRAD MINIMIZATION.  STRATEGY  1.  CONVERGENCE WHEN EDM .LT. 1.00e-04
 FCN=45.9011 FROM MIGRAD    STATUS=INITIATE       37 CALLS        6369 TOTAL
                     EDM= unknown      STRATEGY= 1      NO ERROR MATRIX       
  EXT PARAMETER               CURRENT GUESS       STEP         FIRST   
  NO.   NAME      VALUE            ERROR          SIZE      DERIVATIVE 
   1  N0           3.55098e+06     fixed    
   2  tau          6.44114e+01   constant   
   3  A0           3.52561e-01     fixed    
   4  phi          4.11727e+00     fixed    
   5  R           -6.01273e+01   constant   
   6  alpha_CBO    2.93509e-03     fixed    
   7  w_CBO        2.32500e+00   constant   
   8  beta_CBO    -8.68348e-04     fixed    
   9  alpha_2CBO   1.41341e-04     fixed    
  10  beta_2CBO    1.12183e-03   1.12334e-03   0.00000e+00  -2.48565e+01
  11  alpha_y      0.00000e+00   1.00000e-03   0.00000e+00   1.31733e+03
  12  w_y          1.38860e+01   constant   
  13  beta_y      -1.05206e-03     fixed    
  14  alpha_vw     0.00000e+00     fixed    
  15  w_vw         1.43404e+01   constant   
  16  beta_vw      0.00000e+00     fixed    
  17  LM           2.37201e-04   constant   
  18  zeta_y       0.00000e+00   constant   
  19  zeta_vw      0.00000e+00   constant   
  20  T_CBO        1.26876e+01   1.22605e+00   0.00000e+00  -4.77368e+01
  21  alpha_A0     6.86812e+10   1.44230e+11   3.27341e+07  -6.08373e-12
  22  beta_A0     -5.50353e+09   1.11215e+10   0.00000e+00   4.15792e-12
  23  alpha_phi    7.35356e+10   1.55368e+11   0.00000e+00   3.82084e-12
  24  beta_phi     3.78819e+10   7.98772e+10   0.00000e+00  -1.99989e-12
 CALL LIMIT EXCEEDED IN MIGRAD.
 MIGRAD TERMINATED WITHOUT CONVERGENCE.
 FCN=45.0542 FROM MIGRAD    STATUS=CALL LIMIT   1151 CALLS        7483 TOTAL
                     EDM=0.00248024    STRATEGY= 1  ERROR MATRIX UNCERTAINTY  27.6 per cent
  EXT PARAMETER                APPROXIMATE        STEP         FIRST   
  NO.   NAME      VALUE            ERROR          SIZE      DERIVATIVE 
   1  N0           3.55098e+06     fixed    
   2  tau          6.44114e+01   constant   
   3  A0           3.52561e-01     fixed    
   4  phi          4.11727e+00     fixed    
   5  R           -6.01273e+01   constant   
   6  alpha_CBO    2.93509e-03     fixed    
   7  w_CBO        2.32500e+00   constant   
   8  beta_CBO    -8.68348e-04     fixed    
   9  alpha_2CBO   1.41341e-04     fixed    
  10  beta_2CBO    1.16172e-03   1.06735e-03   2.52049e-05   3.29420e+01
  11  alpha_y     -7.88199e-04   1.09567e-03   4.82636e-07   6.32268e+00
  12  w_y          1.38860e+01   constant   
  13  beta_y      -1.05206e-03     fixed    
  14  alpha_vw     0.00000e+00     fixed    
  15  w_vw         1.43404e+01   constant   
  16  beta_vw      0.00000e+00     fixed    
  17  LM           2.37201e-04   constant   
  18  zeta_y       0.00000e+00   constant   
  19  zeta_vw      0.00000e+00   constant   
  20  T_CBO        1.04048e+01   9.78272e-01  -4.22147e-04  -4.96067e+01
  21  alpha_A0     5.22368e+13   1.57017e+14   6.41963e+12  -3.43656e-16
  22  beta_A0     -8.49611e+11   2.54193e+12  -1.03925e+11   8.34291e-15
  23  alpha_phi    5.03928e+13   1.52144e+14   6.21972e+12  -4.80934e-15
  24  beta_phi     2.78934e+13   8.40142e+13   3.43477e+12   2.93928e-15
 EXTERNAL ERROR MATRIX.    NDIM=  25    NPAR=  7    ERR DEF=1
  1.139e-06 -2.079e-08 -1.854e-04  3.310e+10 -5.359e+08  3.208e+10  1.771e+10 
 -2.079e-08  1.200e-06 -1.400e-06  4.685e+08 -7.583e+06  4.530e+08  2.510e+08 
 -1.854e-04 -1.400e-06  9.570e-01 -1.531e+14  2.478e+12 -1.483e+14 -8.190e+13 
  3.310e+10  4.685e+08 -1.531e+14  2.465e+28 -3.991e+26  2.389e+28  1.319e+28 
 -5.359e+08 -7.583e+06  2.478e+12 -3.991e+26  6.461e+24 -3.867e+26 -2.136e+26 
  3.208e+10  4.530e+08 -1.483e+14  2.389e+28 -3.867e+26  2.315e+28  1.278e+28 
  1.771e+10  2.510e+08 -8.190e+13  1.319e+28 -2.136e+26  1.278e+28  7.058e+27 
ERR MATRIX APPROXIMATE
 PARAMETER  CORRELATION COEFFICIENTS  
       NO.  GLOBAL     10     11     20     21     22     23     24
       10  0.30706   1.000 -0.018 -0.178  0.198 -0.198  0.198  0.198
       11  0.03772  -0.018  1.000 -0.001  0.003 -0.003  0.003  0.003
       20  0.99706  -0.178 -0.001  1.000 -0.997  0.997 -0.996 -0.997
       21  1.00000   0.198  0.003 -0.997  1.000 -1.000  1.000  1.000
       22  1.00000  -0.198 -0.003  0.997 -1.000  1.000 -1.000 -1.000
       23  1.00000   0.198  0.003 -0.996  1.000 -1.000  1.000  1.000
       24  1.00000   0.198  0.003 -0.997  1.000 -1.000  1.000  1.000
 ERR MATRIX APPROXIMATE
MINUIT - FIT ONLY 2-y
 **********
 **   67 **RES 
 **********
                   PARAMETER   16  beta_vw RESTORED TO VARIABLE.
                   PARAMETER   14  alpha_vw RESTORED TO VARIABLE.
                   PARAMETER   13  beta_y RESTORED TO VARIABLE.
                   PARAMETER    9  alpha_2CBO RESTORED TO VARIABLE.
                   PARAMETER    8  beta_CBO RESTORED TO VARIABLE.
                   PARAMETER    6  alpha_CBO RESTORED TO VARIABLE.
                   PARAMETER    4  phi RESTORED TO VARIABLE.
                   PARAMETER    3  A0 RESTORED TO VARIABLE.
                   PARAMETER    1  N0 RESTORED TO VARIABLE.
 **********
 **   68 **FIX            0
 **********
 PARAMETER    0  IS UNDEFINED. IGNORED.
 **********
 **   69 **FIX            1
 **********
 **********
 **   70 **FIX            2
 **********
 PARAMETER    2  IS CONSTANT.   IGNORED.
 **********
 **   71 **FIX            3
 **********
 **********
 **   72 **FIX            4
 **********
 **********
 **   73 **FIX            5
 **********
 PARAMETER    5  IS CONSTANT.   IGNORED.
 **********
 **   74 **FIX            6
 **********
 **********
 **   75 **FIX            7
 **********
 PARAMETER    7  IS CONSTANT.   IGNORED.
 **********
 **   76 **FIX            8
 **********
 **********
 **   77 **FIX            9
 **********
 **********
 **   78 **FIX           10
 **********
 **********
 **   79 **FIX           11
 **********
 **********
 **   80 **FIX           12
 **********
 PARAMETER   12  IS CONSTANT.   IGNORED.
 **********
 **   81 **FIX           16
 **********
 **********
 **   82 **MIGRAD
 **********
 START MIGRAD MINIMIZATION.  STRATEGY  1.  CONVERGENCE WHEN EDM .LT. 1.00e-04
 FCN=45.0542 FROM MIGRAD    STATUS=INITIATE       16 CALLS        7499 TOTAL
                     EDM= unknown      STRATEGY= 1      NO ERROR MATRIX       
  EXT PARAMETER               CURRENT GUESS       STEP         FIRST   
  NO.   NAME      VALUE            ERROR          SIZE      DERIVATIVE 
   1  N0           3.55098e+06     fixed    
   2  tau          6.44114e+01   constant   
   3  A0           3.52561e-01     fixed    
   4  phi          4.11727e+00     fixed    
   5  R           -6.01273e+01   constant   
   6  alpha_CBO    2.93509e-03     fixed    
   7  w_CBO        2.32500e+00   constant   
   8  beta_CBO    -8.68348e-04     fixed    
   9  alpha_2CBO   1.41341e-04     fixed    
  10  beta_2CBO    1.16172e-03     fixed    
  11  alpha_y     -7.88199e-04     fixed    
  12  w_y          1.38860e+01   constant   
  13  beta_y      -1.05206e-03   1.10359e-03   1.10359e-03   2.10890e+01
  14  alpha_vw     0.00000e+00   1.00000e-03   1.00000e-03   1.64648e+02
  15  w_vw         1.43404e+01   constant   
  16  beta_vw      0.00000e+00     fixed    
  17  LM           2.37201e-04   constant   
  18  zeta_y       0.00000e+00   constant   
  19  zeta_vw      0.00000e+00   constant   
  20  T_CBO        1.04048e+01   9.78272e-01  -4.22147e-04  -4.96065e+01
  21  alpha_A0     5.22368e+13   1.57017e+14   6.41963e+12  -3.43656e-16
  22  beta_A0     -8.49611e+11   2.54193e+12  -1.03925e+11   8.34291e-15
  23  alpha_phi    5.03928e+13   1.52144e+14   6.21972e+12  -4.80934e-15
  24  beta_phi     2.78934e+13   8.40142e+13   3.43477e+12   2.93928e-15
 CALL LIMIT EXCEEDED IN MIGRAD.
 MIGRAD TERMINATED WITHOUT CONVERGENCE.
 FCN=44.7741 FROM MIGRAD    STATUS=CALL LIMIT   1148 CALLS        8631 TOTAL
                     EDM=0.00358634    STRATEGY= 1  ERROR MATRIX UNCERTAINTY  36.0 per cent
  EXT PARAMETER                APPROXIMATE        STEP         FIRST   
  NO.   NAME      VALUE            ERROR          SIZE      DERIVATIVE 
   1  N0           3.55098e+06     fixed    
   2  tau          6.44114e+01   constant   
   3  A0           3.52561e-01     fixed    
   4  phi          4.11727e+00     fixed    
   5  R           -6.01273e+01   constant   
   6  alpha_CBO    2.93509e-03     fixed    
   7  w_CBO        2.32500e+00   constant   
   8  beta_CBO    -8.68348e-04     fixed    
   9  alpha_2CBO   1.41341e-04     fixed    
  10  beta_2CBO    1.16172e-03     fixed    
  11  alpha_y     -7.88199e-04     fixed    
  12  w_y          1.38860e+01   constant   
  13  beta_y      -1.04465e-03   1.07923e-03   1.24753e-05   3.96112e+01
  14  alpha_vw    -9.37692e-05   1.10010e-03   2.95483e-06   1.17993e+01
  15  w_vw         1.43404e+01   constant   
  16  beta_vw      0.00000e+00     fixed    
  17  LM           2.37201e-04   constant   
  18  zeta_y       0.00000e+00   constant   
  19  zeta_vw      0.00000e+00   constant   
  20  T_CBO        8.78407e+00   5.09603e-01  -7.65008e-06   9.36570e+00
  21  alpha_A0     4.21854e+16   1.04193e+17   1.05651e+15  -1.05322e-17
  22  beta_A0     -4.42649e+13   1.07235e+14  -1.08691e+12   9.43624e-18
  23  alpha_phi    4.54821e+16   1.12021e+17   1.13439e+15   6.62443e-18
  24  beta_phi     2.24513e+16   5.52220e+16   5.59073e+14   5.59755e-18
 EXTERNAL ERROR MATRIX.    NDIM=  25    NPAR=  7    ERR DEF=1
  1.165e-06  5.722e-09 -7.608e-05  1.575e+13 -1.621e+10  1.693e+13  8.346e+12 
  5.722e-09  1.210e-06 -1.779e-05  3.747e+12 -3.856e+09  4.028e+12  1.986e+12 
 -7.608e-05 -1.779e-05  2.597e-01 -5.255e+16  5.409e+13 -5.650e+16 -2.785e+16 
  1.575e+13  3.747e+12 -5.255e+16  1.086e+34 -1.117e+31  1.167e+34  5.754e+33 
 -1.621e+10 -3.856e+09  5.409e+13 -1.117e+31  1.150e+28 -1.201e+31 -5.922e+30 
  1.693e+13  4.028e+12 -5.650e+16  1.167e+34 -1.201e+31  1.255e+34  6.186e+33 
  8.346e+12  1.986e+12 -2.785e+16  5.754e+33 -5.922e+30  6.186e+33  3.049e+33 
ERR MATRIX APPROXIMATE
 PARAMETER  CORRELATION COEFFICIENTS  
       NO.  GLOBAL     13     14     20     21     22     23     24
       13  0.14083   1.000  0.005 -0.138  0.140 -0.140  0.140  0.140
       14  0.03332   0.005  1.000 -0.032  0.033 -0.033  0.033  0.033
       20  0.99226  -0.138 -0.032  1.000 -0.990  0.990 -0.990 -0.990
       21  1.00000   0.140  0.033 -0.990  1.000 -1.000  1.000  1.000
       22  1.00000  -0.140 -0.033  0.990 -1.000  1.000 -1.000 -1.000
       23  1.00000   0.140  0.033 -0.990  1.000 -1.000  1.000  1.000
