 + ++++++++++++++++++++++++++++++++++++++++++++++++++++++++++++++++++++ +
 +                                                                      +
 +           You have chose to blind your fitting according to          +
 +                omega_ref * (1 + (R +/- deltaR) *10^{-6})             +
 +                                                                      +
 + ++++++++++++++++++++++++++++++++++++++++++++++++++++++++++++++++++++ +
In main()...
reading format from /gm2data/zkhechad/run45/envelope/formats/formatB_sBin_constraintOn.txt
pBinTau 	= 0  
pBinPhi 	= 0  
constraintau 	= 1 
includeMopTerm 	= 0    
constrainMop    = 0   
Parameters after format file: pBinTau 0 pBinPhi 0 constraintau 1 includeMopTerm 0 constrainMop 0 c_e_scale 0.000000 
Opening file /gm2data/tbarrett/gm2fr/studies/run23_bunch_corrections/CorrectedFourier_Run3b.root.
reading full fit data from /gm2data/zkhechad/cboTemplates/Run4CBOTemplates/fullFits/noRF/sBin_constraintOn_cE0.0_seed0_noRF_calo12.root
windowBins = 69
fitting sliding window 2100 from bin 2236 at 333.462000 to bin 2305 at 343.906000 (69 bins)

Reading data from /gm2data/cornell/histograms/aMethod/histogram_a_noRF.root
 **********
 **    1 **SET PRINTOUT            1
 **********
 **********
 **    2 **SET NOWARNINGS 
 **********
 PARAMETER DEFINITIONS:
    NO.   NAME         VALUE      STEP SIZE      LIMITS
     1 N0           3.55331e+06  1.00000e+02     no limits
     2 tau          6.44114e+01  constant
     3 A0           3.53594e-01  1.00000e-04     no limits
     4 phi          4.11780e+00  1.00000e-02     no limits
     5 R           -6.01273e+01  constant
     6 alpha_CBO    0.00000e+00  1.00000e-03     no limits
     7 w_CBO        2.32500e+00  constant
     8 beta_CBO     0.00000e+00  1.00000e-03     no limits
     9 alpha_2CBO   0.00000e+00  1.00000e-03     no limits
    10 beta_2CBO    0.00000e+00  1.00000e-03     no limits
    11 alpha_y      0.00000e+00  1.00000e-03     no limits
    12 w_y          1.38860e+01  constant
    13 beta_y       0.00000e+00  1.00000e-03     no limits
    14 alpha_vw     0.00000e+00  1.00000e-03     no limits
    15 w_vw         1.43404e+01  constant
    16 beta_vw      0.00000e+00  1.00000e-03     no limits
    17 LM           2.37201e-04  constant
    18 zeta_y       0.00000e+00  constant
    19 zeta_vw      0.00000e+00  constant
    20 T_CBO        1.00000e+02  1.00000e+00    0.00000e+00  1.00000e+03
    21 alpha_A0     0.00000e+00  1.00000e-04   -1.00000e-02  1.00000e-02
    22 beta_A0      0.00000e+00  1.00000e-04   -1.00000e-02  1.00000e-02
    23 alpha_phi    0.00000e+00  1.00000e-04   -1.00000e-02  1.00000e-02
    24 beta_phi     0.00000e+00  1.00000e-04   -1.00000e-02  1.00000e-02
MINUIT - FIT ONLY WIGGLE
 **********
 **    3 **FIX            5
 **********
 PARAMETER    5  IS CONSTANT.   IGNORED.
 **********
 **    4 **FIX            6
 **********
 **********
 **    5 **FIX            7
 **********
 PARAMETER    7  IS CONSTANT.   IGNORED.
 **********
 **    6 **FIX            8
 **********
 **********
 **    7 **FIX            9
 **********
 **********
 **    8 **FIX           10
 **********
 **********
 **    9 **FIX           11
 **********
 **********
 **   10 **FIX           12
 **********
 PARAMETER   12  IS CONSTANT.   IGNORED.
 **********
 **   11 **FIX           13
 **********
 **********
 **   12 **FIX           14
 **********
 **********
 **   13 **FIX           15
 **********
 PARAMETER   15  IS CONSTANT.   IGNORED.
 **********
 **   14 **FIX           16
 **********
 **********
 **   15 **MIGRAD
 **********
 FIRST CALL TO USER FUNCTION AT NEW START POINT, WITH IFLAG=4.
 START MIGRAD MINIMIZATION.  STRATEGY  1.  CONVERGENCE WHEN EDM .LT. 1.00e-04
 FCN=92.9124 FROM MIGRAD    STATUS=INITIATE      437 CALLS         438 TOTAL
                     EDM= unknown      STRATEGY= 1      NO ERROR MATRIX       
  EXT PARAMETER               CURRENT GUESS       STEP         FIRST   
  NO.   NAME      VALUE            ERROR          SIZE      DERIVATIVE 
   1  N0           3.55331e+06   1.00000e+02   0.00000e+00  -2.02229e-03
   2  tau          6.44114e+01   constant   
   3  A0           3.53594e-01   1.00000e-04   0.00000e+00  -6.98724e+03
   4  phi          4.11780e+00   1.00000e-02   0.00000e+00   4.75836e+02
   5  R           -6.01273e+01   constant   
   6  alpha_CBO    0.00000e+00     fixed    
   7  w_CBO        2.32500e+00   constant   
   8  beta_CBO     0.00000e+00     fixed    
   9  alpha_2CBO   0.00000e+00     fixed    
  10  beta_2CBO    0.00000e+00     fixed    
  11  alpha_y      0.00000e+00     fixed    
  12  w_y          1.38860e+01   constant   
  13  beta_y       0.00000e+00     fixed    
  14  alpha_vw     0.00000e+00     fixed    
  15  w_vw         1.43404e+01   constant   
  16  beta_vw      0.00000e+00     fixed    
  17  LM           2.37201e-04   constant   
  18  zeta_y       0.00000e+00   constant   
  19  zeta_vw      0.00000e+00   constant   
  20  T_CBO        1.00000e+02   1.00000e+00   0.00000e+00   0.00000e+00
  21  alpha_A0     0.00000e+00   1.00000e-04   0.00000e+00   6.80199e-02
  22  beta_A0      0.00000e+00   1.00000e-04   0.00000e+00  -1.06510e-01
  23  alpha_phi    0.00000e+00   1.00000e-04   0.00000e+00  -2.85098e-02
  24  beta_phi     0.00000e+00   1.00000e-04   0.00000e+00   3.97241e-01
 MIGRAD MINIMIZATION HAS CONVERGED.
 FCN=79.6146 FROM MIGRAD    STATUS=CONVERGED    1189 CALLS        1190 TOTAL
                     EDM=8.51651e-06    STRATEGY= 1  ERROR MATRIX UNCERTAINTY   0.6 per cent
  EXT PARAMETER                                   STEP         FIRST   
  NO.   NAME      VALUE            ERROR          SIZE      DERIVATIVE 
   1  N0           3.55617e+06   2.07027e+03   1.11935e+00   3.18011e-07
   2  tau          6.44114e+01   constant   
   3  A0           3.55532e-01   7.63620e-04   3.97012e-07   2.20170e+00
   4  phi          4.11679e+00   2.22532e-03   2.83148e-06  -5.75885e-02
   5  R           -6.01273e+01   constant   
   6  alpha_CBO    0.00000e+00     fixed    
   7  w_CBO        2.32500e+00   constant   
   8  beta_CBO     0.00000e+00     fixed    
   9  alpha_2CBO   0.00000e+00     fixed    
  10  beta_2CBO    0.00000e+00     fixed    
  11  alpha_y      0.00000e+00     fixed    
  12  w_y          1.38860e+01   constant   
  13  beta_y       0.00000e+00     fixed    
  14  alpha_vw     0.00000e+00     fixed    
  15  w_vw         1.43404e+01   constant   
  16  beta_vw      0.00000e+00     fixed    
  17  LM           2.37201e-04   constant   
  18  zeta_y       0.00000e+00   constant   
  19  zeta_vw      0.00000e+00   constant   
  20  T_CBO        9.98706e+02   5.53080e+02   2.81977e-02  -3.03499e-04
  21  alpha_A0    -2.33326e-03   4.31735e-03  -1.37003e-03  -3.57480e-03
  22  beta_A0      2.83141e-03   4.86652e-03   1.21347e-03   2.95477e-03
  23  alpha_phi    1.52593e-03   4.82312e-03  -4.12627e-04  -1.29305e-03
  24  beta_phi    -6.76180e-03   5.30893e-03   7.64711e-04  -3.60864e-03
 EXTERNAL ERROR MATRIX.    NDIM=  25    NPAR=  8    ERR DEF=1
  4.286e+06 -2.142e-01  3.507e-01  1.193e+05 -1.722e+00 -2.489e+00 -2.229e+00 -1.650e+00 
 -2.142e-01  5.831e-07  2.042e-08  6.671e-02  3.165e-07  4.759e-07  5.997e-07 -7.098e-08 
  3.507e-01  2.042e-08  4.952e-06  1.633e-01 -2.070e-07  1.795e-07 -3.626e-07 -1.746e-06 
  1.193e+05  6.671e-02  1.633e-01  4.888e+05  3.175e-02 -3.384e-01 -9.562e-01 -2.719e+00 
 -1.722e+00  3.165e-07 -2.070e-07  3.175e-02  2.001e-05  5.042e-06  2.222e-06 -1.063e-06 
 -2.489e+00  4.759e-07  1.795e-07 -3.384e-01  5.042e-06  2.605e-05  3.782e-06  3.653e-06 
 -2.229e+00  5.997e-07 -3.626e-07 -9.562e-01  2.222e-06  3.782e-06  2.539e-05  9.530e-06 
 -1.650e+00 -7.098e-08 -1.746e-06 -2.719e+00 -1.063e-06  3.653e-06  9.530e-06  3.514e-05 
 PARAMETER  CORRELATION COEFFICIENTS  
       NO.  GLOBAL      1      3      4     20     21     22     23     24
        1  0.34496   1.000 -0.135  0.076  0.082 -0.186 -0.236 -0.214 -0.134
        3  0.27876  -0.135  1.000  0.012  0.125  0.093  0.122  0.156 -0.016
        4  0.15782   0.076  0.012  1.000  0.105 -0.021  0.016 -0.032 -0.132
       20  0.67233   0.082  0.125  0.105  1.000  0.010 -0.095 -0.271 -0.656
       21  0.28615  -0.186  0.093 -0.021  0.010  1.000  0.221  0.099 -0.040
       22  0.33200  -0.236  0.122  0.016 -0.095  0.221  1.000  0.147  0.121
       23  0.41064  -0.214  0.156 -0.032 -0.271  0.099  0.147  1.000  0.319
       24  0.68170  -0.134 -0.016 -0.132 -0.656 -0.040  0.121  0.319  1.000
MINUIT - FIT ONLY 1-CBO + wiggle
 **********
 **   16 **RES 
 **********
                   PARAMETER   16  beta_vw RESTORED TO VARIABLE.
                   PARAMETER   14  alpha_vw RESTORED TO VARIABLE.
                   PARAMETER   13  beta_y RESTORED TO VARIABLE.
                   PARAMETER   11  alpha_y RESTORED TO VARIABLE.
                   PARAMETER   10  beta_2CBO RESTORED TO VARIABLE.
                   PARAMETER    9  alpha_2CBO RESTORED TO VARIABLE.
                   PARAMETER    8  beta_CBO RESTORED TO VARIABLE.
                   PARAMETER    6  alpha_CBO RESTORED TO VARIABLE.
 **********
 **   17 **FIX            8
 **********
 **********
 **   18 **FIX            9
 **********
 **********
 **   19 **FIX           11
 **********
 **********
 **   20 **FIX           12
 **********
 PARAMETER   12  IS CONSTANT.   IGNORED.
 **********
 **   21 **FIX           14
 **********
 **********
 **   22 **FIX           15
 **********
 PARAMETER   15  IS CONSTANT.   IGNORED.
 **********
 **   23 **FIX           16
 **********
 **********
 **   24 **MIGRAD
 **********
 START MIGRAD MINIMIZATION.  STRATEGY  1.  CONVERGENCE WHEN EDM .LT. 1.00e-04
 FCN=79.6146 FROM MIGRAD    STATUS=INITIATE       28 CALLS        1218 TOTAL
                     EDM= unknown      STRATEGY= 1      NO ERROR MATRIX       
  EXT PARAMETER               CURRENT GUESS       STEP         FIRST   
  NO.   NAME      VALUE            ERROR          SIZE      DERIVATIVE 
   1  N0           3.55617e+06   2.07027e+03   1.11935e+00   3.18011e-07
   2  tau          6.44114e+01   constant   
   3  A0           3.55532e-01   7.63620e-04   3.97012e-07   2.20170e+00
   4  phi          4.11679e+00   2.22532e-03   2.83148e-06  -5.75885e-02
   5  R           -6.01273e+01   constant   
   6  alpha_CBO    0.00000e+00   1.00000e-03   1.00000e-03  -8.29507e+02
   7  w_CBO        2.32500e+00   constant   
   8  beta_CBO     0.00000e+00     fixed    
   9  alpha_2CBO   0.00000e+00     fixed    
  10  beta_2CBO    0.00000e+00   1.00000e-03   1.00000e-03   3.60295e+03
  11  alpha_y      0.00000e+00     fixed    
  12  w_y          1.38860e+01   constant   
  13  beta_y       0.00000e+00   1.00000e-03   1.00000e-03  -6.34312e+02
  14  alpha_vw     0.00000e+00     fixed    
  15  w_vw         1.43404e+01   constant   
  16  beta_vw      0.00000e+00     fixed    
  17  LM           2.37201e-04   constant   
  18  zeta_y       0.00000e+00   constant   
  19  zeta_vw      0.00000e+00   constant   
  20  T_CBO        9.98706e+02   5.53080e+02   2.81977e-02  -3.25601e-04
  21  alpha_A0    -2.33326e-03   4.31735e-03  -1.37003e-03  -3.57480e-03
  22  beta_A0      2.83141e-03   4.86652e-03   1.21347e-03   2.95477e-03
  23  alpha_phi    1.52593e-03   4.82312e-03  -4.12627e-04  -1.29304e-03
  24  beta_phi    -6.76180e-03   5.30893e-03   7.64711e-04   3.60867e-03
 MIGRAD MINIMIZATION HAS CONVERGED.
 MIGRAD WILL VERIFY CONVERGENCE AND ERROR MATRIX.
 COVARIANCE MATRIX CALCULATED SUCCESSFULLY
 FCN=77.4725 FROM MIGRAD    STATUS=CONVERGED     263 CALLS        1453 TOTAL
                     EDM=4.91517e-06    STRATEGY= 1      ERROR MATRIX ACCURATE 
  EXT PARAMETER                                   STEP         FIRST   
  NO.   NAME      VALUE            ERROR          SIZE      DERIVATIVE 
   1  N0           3.55622e+06   2.08381e+03   7.96462e+00  -3.20550e-07
   2  tau          6.44114e+01   constant   
   3  A0           3.55531e-01   7.79875e-04   3.20984e-06  -6.80485e-01
   4  phi          4.11680e+00   2.28652e-03   9.52562e-06   3.26342e-01
   5  R           -6.01273e+01   constant   
   6  alpha_CBO    2.12330e-04   7.94255e-04   3.28412e-06   6.61322e-01
   7  w_CBO        2.32500e+00   constant   
   8  beta_CBO     0.00000e+00     fixed    
   9  alpha_2CBO   0.00000e+00     fixed    
  10  beta_2CBO   -1.10926e-03   7.89797e-04   3.33112e-06  -5.59986e-01
  11  alpha_y      0.00000e+00     fixed    
  12  w_y          1.38860e+01   constant   
  13  beta_y       1.76728e-04   7.76386e-04   3.35580e-06  -8.71337e-01
  14  alpha_vw     0.00000e+00     fixed    
  15  w_vw         1.43404e+01   constant   
  16  beta_vw      0.00000e+00     fixed    
  17  LM           2.37201e-04   constant   
  18  zeta_y       0.00000e+00   constant   
  19  zeta_vw      0.00000e+00   constant   
  20  T_CBO        9.99799e+02   5.49268e+02   9.19988e-02   9.71912e-05
  21  alpha_A0    -1.60982e-03   4.23597e-03   1.83914e-03  -1.40404e-03
  22  beta_A0      3.56420e-03   4.68121e-03   2.11343e-03   6.17056e-04
  23  alpha_phi    1.00038e-03   4.27497e-03   1.82502e-03   1.72756e-03
  24  beta_phi    -6.03522e-03   4.38370e-03   2.22196e-03   1.78987e-04
 EXTERNAL ERROR MATRIX.    NDIM=  25    NPAR= 11    ERR DEF=1
  4.342e+06 
 -2.057e-01  6.082e-07 
  4.660e-01  1.236e-07  5.228e-06 
 -6.402e-02 -1.128e-07 -3.558e-07  6.308e-07 
 -4.361e-02 -2.622e-08 -8.494e-08  2.826e-08  6.238e-07 
 -2.141e-02 -6.480e-10  2.420e-08  4.008e-09  8.803e-09  6.028e-07 
 -1.655e+02 -3.127e-04 -1.282e-03  9.554e-05 -4.714e-05 -2.690e-06  1.335e+05 
 -1.763e+00  8.023e-08 -7.460e-07  3.641e-07 -3.275e-07 -6.569e-08 -1.895e-01  1.917e-05 
 -1.935e+00  6.664e-07  7.034e-07 -1.830e-07 -4.413e-07  5.607e-08  4.224e-01  8.789e-07  2.404e-05 
 -1.944e+00  6.525e-07 -3.373e-08 -3.436e-07  2.109e-07 -1.514e-08  1.224e-01  1.713e-06  2.416e-06  1.953e-05 
  1.238e+00 -3.071e-08  1.447e-06 -1.567e-07 -4.442e-07 -2.361e-08 -7.127e-01  1.069e-06 -2.389e-06 -2.268e-06  2.154e-05 
 PARAMETER  CORRELATION COEFFICIENTS  
       NO.  GLOBAL      1      3      4      6     10     13     20     21     22     23     24
        1  0.36249   1.000 -0.127  0.098 -0.039 -0.027 -0.013 -0.000 -0.193 -0.189 -0.211  0.128
        3  0.30751  -0.127  1.000  0.069 -0.182 -0.043 -0.001 -0.001  0.023  0.174  0.189 -0.008
        4  0.26901   0.098  0.069  1.000 -0.196 -0.047  0.014 -0.002 -0.075  0.063 -0.003  0.136
        6  0.29357  -0.039 -0.182 -0.196  1.000  0.045  0.006  0.000  0.105 -0.047 -0.098 -0.043
       10  0.22179  -0.027 -0.043 -0.047  0.045  1.000  0.014 -0.000 -0.095 -0.114  0.060 -0.121
       13  0.03777  -0.013 -0.001  0.014  0.006  0.014  1.000 -0.000 -0.019  0.015 -0.004 -0.007
       20  0.48419  -0.000 -0.001 -0.002  0.000 -0.000 -0.000  1.000 -0.118  0.236  0.076 -0.420
       21  0.28509  -0.193  0.023 -0.075  0.105 -0.095 -0.019 -0.118  1.000  0.041  0.089  0.053
       22  0.36539  -0.189  0.174  0.063 -0.047 -0.114  0.015  0.236  0.041  1.000  0.112 -0.105
       23  0.31176  -0.211  0.189 -0.003 -0.098  0.060 -0.004  0.076  0.089  0.112  1.000 -0.111
       24  0.47381   0.128 -0.008  0.136 -0.043 -0.121 -0.007 -0.420  0.053 -0.105 -0.111  1.000
MINUIT - FIT ONLY 2-CBO
 **********
 **   25 **RES 
 **********
                   PARAMETER   16  beta_vw RESTORED TO VARIABLE.
                   PARAMETER   14  alpha_vw RESTORED TO VARIABLE.
                   PARAMETER   11  alpha_y RESTORED TO VARIABLE.
                   PARAMETER    9  alpha_2CBO RESTORED TO VARIABLE.
                   PARAMETER    8  beta_CBO RESTORED TO VARIABLE.
 **********
 **   26 **FIX            0
 **********
 PARAMETER    0  IS UNDEFINED. IGNORED.
 **********
 **   27 **FIX            1
 **********
 **********
 **   28 **FIX            2
 **********
 PARAMETER    2  IS CONSTANT.   IGNORED.
 **********
 **   29 **FIX            3
 **********
 **********
 **   30 **FIX            4
 **********
 **********
 **   31 **FIX            5
 **********
 PARAMETER    5  IS CONSTANT.   IGNORED.
 **********
 **   32 **FIX            6
 **********
 **********
 **   33 **FIX            7
 **********
 PARAMETER    7  IS CONSTANT.   IGNORED.
 **********
 **   34 **FIX           10
 **********
 **********
 **   35 **FIX           11
 **********
 **********
 **   36 **FIX           12
 **********
 PARAMETER   12  IS CONSTANT.   IGNORED.
 **********
 **   37 **FIX           13
 **********
 **********
 **   38 **FIX           14
 **********
 **********
 **   39 **FIX           15
 **********
 PARAMETER   15  IS CONSTANT.   IGNORED.
 **********
 **   40 **FIX           16
 **********
 **********
 **   41 **MIGRAD
 **********
 START MIGRAD MINIMIZATION.  STRATEGY  1.  CONVERGENCE WHEN EDM .LT. 1.00e-04
 FCN=77.4725 FROM MIGRAD    STATUS=INITIATE       20 CALLS        1473 TOTAL
                     EDM= unknown      STRATEGY= 1      NO ERROR MATRIX       
  EXT PARAMETER               CURRENT GUESS       STEP         FIRST   
  NO.   NAME      VALUE            ERROR          SIZE      DERIVATIVE 
   1  N0           3.55622e+06     fixed    
   2  tau          6.44114e+01   constant   
   3  A0           3.55531e-01     fixed    
   4  phi          4.11680e+00     fixed    
   5  R           -6.01273e+01   constant   
   6  alpha_CBO    2.12330e-04     fixed    
   7  w_CBO        2.32500e+00   constant   
   8  beta_CBO     0.00000e+00   1.00000e-03   1.00000e-03   7.59101e+03
   9  alpha_2CBO   0.00000e+00   1.00000e-03   1.00000e-03  -1.04900e+03
  10  beta_2CBO   -1.10926e-03     fixed    
  11  alpha_y      0.00000e+00     fixed    
  12  w_y          1.38860e+01   constant   
  13  beta_y       1.76728e-04     fixed    
  14  alpha_vw     0.00000e+00     fixed    
  15  w_vw         1.43404e+01   constant   
  16  beta_vw      0.00000e+00     fixed    
  17  LM           2.37201e-04   constant   
  18  zeta_y       0.00000e+00   constant   
  19  zeta_vw      0.00000e+00   constant   
  20  T_CBO        9.99799e+02   5.49268e+02   9.19988e-02  -1.21964e-04
  21  alpha_A0    -1.60982e-03   4.23597e-03   1.83914e-03  -1.40109e-03
  22  beta_A0      3.56420e-03   4.68121e-03   2.11343e-03   6.10205e-04
  23  alpha_phi    1.00038e-03   4.27497e-03   1.82502e-03   1.72575e-03
  24  beta_phi    -6.03522e-03   4.38370e-03   2.22196e-03   1.81242e-04
 MIGRAD MINIMIZATION HAS CONVERGED.
 MIGRAD WILL VERIFY CONVERGENCE AND ERROR MATRIX.
 COVARIANCE MATRIX CALCULATED SUCCESSFULLY
 FCN=68.1245 FROM MIGRAD    STATUS=CONVERGED     140 CALLS        1593 TOTAL
                     EDM=2.02584e-06    STRATEGY= 1      ERROR MATRIX ACCURATE 
  EXT PARAMETER                                   STEP         FIRST   
  NO.   NAME      VALUE            ERROR          SIZE      DERIVATIVE 
   1  N0           3.55622e+06     fixed    
   2  tau          6.44114e+01   constant   
   3  A0           3.55531e-01     fixed    
   4  phi          4.11680e+00     fixed    
   5  R           -6.01273e+01   constant   
   6  alpha_CBO    2.12330e-04     fixed    
   7  w_CBO        2.32500e+00   constant   
   8  beta_CBO    -2.39515e-03   7.90689e-04   3.19108e-06  -1.25338e+00
   9  alpha_2CBO   4.92997e-04   7.97149e-04   3.14419e-06  -1.59959e+00
  10  beta_2CBO   -1.10926e-03     fixed    
  11  alpha_y      0.00000e+00     fixed    
  12  w_y          1.38860e+01   constant   
  13  beta_y       1.76728e-04     fixed    
  14  alpha_vw     0.00000e+00     fixed    
  15  w_vw         1.43404e+01   constant   
  16  beta_vw      0.00000e+00     fixed    
  17  LM           2.37201e-04   constant   
  18  zeta_y       0.00000e+00   constant   
  19  zeta_vw      0.00000e+00   constant   
  20  T_CBO        9.99971e+02   5.69147e+02   7.66811e-02   3.34808e-05
  21  alpha_A0    -1.81443e-03   4.13850e-03   1.73256e-03  -3.51593e-04
  22  beta_A0      3.21004e-03   4.47611e-03   1.95847e-03   6.63410e-04
  23  alpha_phi    9.27003e-04   4.12311e-03   1.71202e-03  -1.74266e-03
  24  beta_phi    -5.46509e-03   4.09861e-03   1.97926e-03  -1.29716e-03
 EXTERNAL ERROR MATRIX.    NDIM=  25    NPAR=  7    ERR DEF=1
  6.252e-07 -4.217e-08 -9.924e-06 -1.027e-08  1.539e-07 -3.175e-08 -1.898e-07 
 -4.217e-08  6.354e-07 -2.565e-05 -4.695e-07  4.285e-07 -3.700e-07 -2.777e-07 
 -9.924e-06 -2.565e-05  1.965e+04 -5.467e-02  9.755e-02  2.886e-02 -1.639e-01 
 -1.027e-08 -4.695e-07 -5.467e-02  1.825e-05 -3.907e-08  1.575e-06  1.169e-06 
  1.539e-07  4.285e-07  9.755e-02 -3.907e-08  2.174e-05  6.370e-07 -1.129e-06 
 -3.175e-08 -3.700e-07  2.886e-02  1.575e-06  6.370e-07  1.807e-05 -1.031e-06 
 -1.898e-07 -2.777e-07 -1.639e-01  1.169e-06 -1.129e-06 -1.031e-06  1.834e-05 
 PARAMETER  CORRELATION COEFFICIENTS  
       NO.  GLOBAL      8      9     20     21     22     23     24
        8  0.10814   1.000 -0.067 -0.000 -0.003  0.042 -0.009 -0.056
        9  0.23666  -0.067  1.000 -0.000 -0.138  0.115 -0.109 -0.081
       20  0.31906  -0.000 -0.000  1.000 -0.091  0.149  0.048 -0.273
       21  0.18729  -0.003 -0.138 -0.091  1.000 -0.002  0.087  0.064
       22  0.20047   0.042  0.115  0.149 -0.002  1.000  0.032 -0.057
       23  0.15864  -0.009 -0.109  0.048  0.087  0.032  1.000 -0.057
       24  0.29802  -0.056 -0.081 -0.273  0.064 -0.057 -0.057  1.000
MINUIT - FIT wiggle + 1-CBO + 2-CBO
 **********
 **   42 **RES 
 **********
                   PARAMETER   16  beta_vw RESTORED TO VARIABLE.
                   PARAMETER   14  alpha_vw RESTORED TO VARIABLE.
                   PARAMETER   13  beta_y RESTORED TO VARIABLE.
                   PARAMETER   11  alpha_y RESTORED TO VARIABLE.
                   PARAMETER   10  beta_2CBO RESTORED TO VARIABLE.
                   PARAMETER    6  alpha_CBO RESTORED TO VARIABLE.
                   PARAMETER    4  phi RESTORED TO VARIABLE.
                   PARAMETER    3  A0 RESTORED TO VARIABLE.
                   PARAMETER    1  N0 RESTORED TO VARIABLE.
 **********
 **   43 **FIX           10
 **********
 **********
 **   44 **FIX           11
 **********
 **********
 **   45 **FIX           12
 **********
 PARAMETER   12  IS CONSTANT.   IGNORED.
 **********
 **   46 **FIX           13
 **********
 **********
 **   47 **FIX           14
 **********
 **********
 **   48 **FIX           15
 **********
 PARAMETER   15  IS CONSTANT.   IGNORED.
 **********
 **   49 **FIX           16
 **********
 **********
 **   50 **MIGRAD
 **********
 START MIGRAD MINIMIZATION.  STRATEGY  1.  CONVERGENCE WHEN EDM .LT. 1.00e-04
 FCN=68.1245 FROM MIGRAD    STATUS=INITIATE       24 CALLS        1617 TOTAL
                     EDM= unknown      STRATEGY= 1      NO ERROR MATRIX       
  EXT PARAMETER               CURRENT GUESS       STEP         FIRST   
  NO.   NAME      VALUE            ERROR          SIZE      DERIVATIVE 
   1  N0           3.55622e+06   2.08381e+03   2.08381e+03   2.64163e-04
   2  tau          6.44114e+01   constant   
   3  A0           3.55531e-01   7.79875e-04   7.79875e-04   1.02046e+03
   4  phi          4.11680e+00   2.28652e-03   2.28652e-03  -4.94292e+02
   5  R           -6.01273e+01   constant   
   6  alpha_CBO    2.12330e-04   7.94255e-04   7.94255e-04  -1.89824e+02
   7  w_CBO        2.32500e+00   constant   
   8  beta_CBO    -2.39515e-03   7.90689e-04   3.19108e-06  -1.25338e+00
   9  alpha_2CBO   4.92997e-04   7.97149e-04   3.14419e-06  -1.59959e+00
  10  beta_2CBO   -1.10926e-03     fixed    
  11  alpha_y      0.00000e+00     fixed    
  12  w_y          1.38860e+01   constant   
  13  beta_y       1.76728e-04     fixed    
  14  alpha_vw     0.00000e+00     fixed    
  15  w_vw         1.43404e+01   constant   
  16  beta_vw      0.00000e+00     fixed    
  17  LM           2.37201e-04   constant   
  18  zeta_y       0.00000e+00   constant   
  19  zeta_vw      0.00000e+00   constant   
  20  T_CBO        9.99971e+02   5.69147e+02   7.66811e-02  -4.15590e-05
  21  alpha_A0    -1.81443e-03   4.13850e-03   1.73256e-03  -3.48733e-04
  22  beta_A0      3.21004e-03   4.47611e-03   1.95847e-03   6.58119e-04
  23  alpha_phi    9.27003e-04   4.12311e-03   1.71202e-03  -1.74413e-03
  24  beta_phi    -5.46509e-03   4.09861e-03   1.97926e-03  -1.28684e-03
 MIGRAD MINIMIZATION HAS CONVERGED.
 MIGRAD WILL VERIFY CONVERGENCE AND ERROR MATRIX.
 COVARIANCE MATRIX CALCULATED SUCCESSFULLY
 FCN=67.6344 FROM MIGRAD    STATUS=CONVERGED     223 CALLS        1816 TOTAL
                     EDM=1.79779e-06    STRATEGY= 1      ERROR MATRIX ACCURATE 
  EXT PARAMETER                                   STEP         FIRST   
  NO.   NAME      VALUE            ERROR          SIZE      DERIVATIVE 
   1  N0           3.55584e+06   2.08703e+03   7.44791e+00  -1.94744e-07
   2  tau          6.44114e+01   constant   
   3  A0           3.55255e-01   7.84276e-04   3.00231e-06   9.48433e-01
   4  phi          4.11800e+00   2.31791e-03   8.91496e-06   1.56628e-01
   5  R           -6.01273e+01   constant   
   6  alpha_CBO    2.51722e-04   7.93745e-04   3.07191e-06  -2.55153e-01
   7  w_CBO        2.32500e+00   constant   
   8  beta_CBO    -2.51854e-03   8.10298e-04   3.18020e-06   2.35760e-01
   9  alpha_2CBO   5.34421e-04   7.99741e-04   3.13352e-06   6.06016e-01
  10  beta_2CBO   -1.10926e-03     fixed    
  11  alpha_y      0.00000e+00     fixed    
  12  w_y          1.38860e+01   constant   
  13  beta_y       1.76728e-04     fixed    
  14  alpha_vw     0.00000e+00     fixed    
  15  w_vw         1.43404e+01   constant   
  16  beta_vw      0.00000e+00     fixed    
  17  LM           2.37201e-04   constant   
  18  zeta_y       0.00000e+00   constant   
  19  zeta_vw      0.00000e+00   constant   
  20  T_CBO        1.00000e+03   6.36255e+02   8.22008e-02** at limit **
  21  alpha_A0    -1.79118e-03   4.23228e-03   1.72505e-03  -1.60087e-03
  22  beta_A0      3.28893e-03   4.60362e-03   1.95731e-03   2.08138e-03
  23  alpha_phi    7.93915e-04   4.28103e-03   1.70517e-03   1.62089e-04
  24  beta_phi    -5.24149e-03   4.11105e-03   1.94320e-03   2.11037e-04
 EXTERNAL ERROR MATRIX.    NDIM=  25    NPAR= 11    ERR DEF=1
  4.356e+06 
 -1.961e-01  6.151e-07 
  4.096e-01  8.814e-08  5.373e-06 
 -6.271e-02 -1.131e-07 -3.480e-07  6.300e-07 
  9.408e-02  7.107e-08 -2.999e-07 -1.156e-08  6.566e-07 
 -6.603e-02 -1.149e-08  1.086e-07 -7.431e-09 -5.240e-08  6.396e-07 
 -5.779e-01 -2.666e-06 -1.068e-05  9.781e-07 -2.468e-07 -1.256e-06  6.218e+01 
 -1.742e+00  6.643e-08 -8.406e-07  3.853e-07 -1.670e-08 -4.591e-07 -2.309e-03  1.914e-05 
 -1.989e+00  6.607e-07  6.728e-07 -1.739e-07  1.356e-07  4.631e-07  4.277e-03  7.295e-07  2.312e-05 
 -1.899e+00  6.661e-07 -5.372e-08 -3.482e-07  4.906e-09 -3.531e-07  1.049e-03  2.197e-06  2.007e-06  1.958e-05 
  1.192e+00 -6.273e-08  1.458e-06 -1.288e-07 -2.449e-07 -2.659e-07 -6.747e-03  3.022e-07 -1.152e-06 -1.414e-06  1.841e-05 
 PARAMETER  CORRELATION COEFFICIENTS  
       NO.  GLOBAL      1      3      4      6      8      9     20     21     22     23     24
        1  0.36642   1.000 -0.120  0.085 -0.038  0.056 -0.040 -0.000 -0.191 -0.198 -0.206  0.133
        3  0.32319  -0.120  1.000  0.048 -0.182  0.112 -0.018 -0.000  0.019  0.175  0.192 -0.019
        4  0.30985   0.085  0.048  1.000 -0.189 -0.160  0.059 -0.001 -0.083  0.060 -0.005  0.147
        6  0.29101  -0.038 -0.182 -0.189  1.000 -0.018 -0.012  0.000  0.111 -0.046 -0.099 -0.038
        8  0.24225   0.056  0.112 -0.160 -0.018  1.000 -0.081 -0.000 -0.005  0.035  0.001 -0.070
        9  0.24866  -0.040 -0.018  0.059 -0.012 -0.081  1.000 -0.000 -0.131  0.120 -0.100 -0.077
       20  0.24218  -0.000 -0.000 -0.001  0.000 -0.000 -0.000  1.000 -0.067  0.113  0.030 -0.199
       21  0.28203  -0.191  0.019 -0.083  0.111 -0.005 -0.131 -0.067  1.000  0.035  0.113  0.016
       22  0.31145  -0.198  0.175  0.060 -0.046  0.035  0.120  0.113  0.035  1.000  0.094 -0.056
       23  0.31390  -0.206  0.192 -0.005 -0.099  0.001 -0.100  0.030  0.113  0.094  1.000 -0.074
       24  0.30065   0.133 -0.019  0.147 -0.038 -0.070 -0.077 -0.199  0.016 -0.056 -0.074  1.000
MINUIT - FIT ONLY 1-y
 **********
 **   51 **RES 
 **********
                   PARAMETER   16  beta_vw RESTORED TO VARIABLE.
                   PARAMETER   14  alpha_vw RESTORED TO VARIABLE.
                   PARAMETER   13  beta_y RESTORED TO VARIABLE.
                   PARAMETER   11  alpha_y RESTORED TO VARIABLE.
                   PARAMETER   10  beta_2CBO RESTORED TO VARIABLE.
 **********
 **   52 **FIX            0
 **********
 PARAMETER    0  IS UNDEFINED. IGNORED.
 **********
 **   53 **FIX            1
 **********
 **********
 **   54 **FIX            2
 **********
 PARAMETER    2  IS CONSTANT.   IGNORED.
 **********
 **   55 **FIX            3
 **********
 **********
 **   56 **FIX            4
 **********
 **********
 **   57 **FIX            5
 **********
 PARAMETER    5  IS CONSTANT.   IGNORED.
 **********
 **   58 **FIX            6
 **********
 **********
 **   59 **FIX            7
 **********
 PARAMETER    7  IS CONSTANT.   IGNORED.
 **********
 **   60 **FIX            8
 **********
 **********
 **   61 **FIX            9
 **********
 **********
 **   62 **FIX           13
 **********
 **********
 **   63 **FIX           14
 **********
 **********
 **   64 **FIX           15
 **********
 PARAMETER   15  IS CONSTANT.   IGNORED.
 **********
 **   65 **FIX           16
 **********
 **********
 **   66 **MIGRAD
 **********
 START MIGRAD MINIMIZATION.  STRATEGY  1.  CONVERGENCE WHEN EDM .LT. 1.00e-04
 FCN=67.6344 FROM MIGRAD    STATUS=INITIATE       16 CALLS        1832 TOTAL
                     EDM= unknown      STRATEGY= 1      NO ERROR MATRIX       
  EXT PARAMETER               CURRENT GUESS       STEP         FIRST   
  NO.   NAME      VALUE            ERROR          SIZE      DERIVATIVE 
   1  N0           3.55584e+06     fixed    
   2  tau          6.44114e+01   constant   
   3  A0           3.55255e-01     fixed    
   4  phi          4.11800e+00     fixed    
   5  R           -6.01273e+01   constant   
   6  alpha_CBO    2.51722e-04     fixed    
   7  w_CBO        2.32500e+00   constant   
   8  beta_CBO    -2.51854e-03     fixed    
   9  alpha_2CBO   5.34421e-04     fixed    
  10  beta_2CBO   -1.10926e-03   7.89797e-04   7.89797e-04  -4.48939e+02
  11  alpha_y      0.00000e+00   1.00000e-03   1.00000e-03  -1.67253e+02
  12  w_y          1.38860e+01   constant   
  13  beta_y       1.76728e-04     fixed    
  14  alpha_vw     0.00000e+00     fixed    
  15  w_vw         1.43404e+01   constant   
  16  beta_vw      0.00000e+00     fixed    
  17  LM           2.37201e-04   constant   
  18  zeta_y       0.00000e+00   constant   
  19  zeta_vw      0.00000e+00   constant   
  20  T_CBO        1.00000e+03   6.36255e+02   8.22008e-02** at limit **
  21  alpha_A0    -1.79118e-03   4.23228e-03   1.72505e-03  -1.59801e-03
  22  beta_A0      3.28893e-03   4.60362e-03   1.95731e-03   2.07585e-03
  23  alpha_phi    7.93915e-04   4.28103e-03   1.70517e-03   1.60838e-04
  24  beta_phi    -5.24149e-03   4.11105e-03   1.94320e-03   2.20706e-04
 MIGRAD MINIMIZATION HAS CONVERGED.
 MIGRAD WILL VERIFY CONVERGENCE AND ERROR MATRIX.
 COVARIANCE MATRIX CALCULATED SUCCESSFULLY
 FCN=67.5987 FROM MIGRAD    STATUS=CONVERGED     116 CALLS        1932 TOTAL
                     EDM=1.93856e-08    STRATEGY= 1      ERROR MATRIX ACCURATE 
  EXT PARAMETER                                   STEP         FIRST   
  NO.   NAME      VALUE            ERROR          SIZE      DERIVATIVE 
   1  N0           3.55584e+06     fixed    
   2  tau          6.44114e+01   constant   
   3  A0           3.55255e-01     fixed    
   4  phi          4.11800e+00     fixed    
   5  R           -6.01273e+01   constant   
   6  alpha_CBO    2.51722e-04     fixed    
   7  w_CBO        2.32500e+00   constant   
   8  beta_CBO    -2.51854e-03     fixed    
   9  alpha_2CBO   5.34421e-04     fixed    
  10  beta_2CBO   -9.69315e-04   7.87797e-04   3.11504e-06  -3.83651e-03
  11  alpha_y      5.12016e-05   7.69202e-04   3.10939e-06   1.85918e-01
  12  w_y          1.38860e+01   constant   
  13  beta_y       1.76728e-04     fixed    
  14  alpha_vw     0.00000e+00     fixed    
  15  w_vw         1.43404e+01   constant   
  16  beta_vw      0.00000e+00     fixed    
  17  LM           2.37201e-04   constant   
  18  zeta_y       0.00000e+00   constant   
  19  zeta_vw      0.00000e+00   constant   
  20  T_CBO        1.00000e+03   7.69725e+02   8.70918e-02** at limit **
  21  alpha_A0    -1.87082e-03   4.11921e-03   1.72797e-03   2.20081e-04
  22  beta_A0      3.19732e-03   4.45649e-03   1.95029e-03   1.14145e-04
  23  alpha_phi    8.46607e-04   4.10972e-03   1.70525e-03   3.12536e-05
  24  beta_phi    -5.32928e-03   4.05979e-03   1.95431e-03  -1.55013e-04
 EXTERNAL ERROR MATRIX.    NDIM=  25    NPAR=  7    ERR DEF=1
  6.206e-07  7.457e-09 -6.307e-09 -3.621e-07 -4.207e-07  2.270e-07 -4.105e-07 
  7.457e-09  5.917e-07  1.747e-09  9.386e-10  5.923e-08  2.121e-08  5.558e-08 
 -6.307e-09  1.747e-09  7.596e-04 -8.867e-06  1.530e-05  4.112e-06 -2.522e-05 
 -3.621e-07  9.386e-10 -8.867e-06  1.807e-05  6.207e-07  1.176e-06  1.032e-06 
 -4.207e-07  5.923e-08  1.530e-05  6.207e-07  2.153e-05  6.942e-07 -3.051e-07 
  2.270e-07  2.121e-08  4.112e-06  1.176e-06  6.942e-07  1.795e-05 -1.260e-06 
 -4.105e-07  5.558e-08 -2.522e-05  1.032e-06 -3.051e-07 -1.260e-06  1.793e-05 
 PARAMETER  CORRELATION COEFFICIENTS  
       NO.  GLOBAL     10     11     20     21     22     23     24
       10  0.20985   1.000  0.012 -0.000 -0.108 -0.115  0.068 -0.123
       11  0.02988   0.012  1.000  0.000  0.000  0.017  0.007  0.017
       20  0.25622  -0.000  0.000  1.000 -0.076  0.120  0.035 -0.216
       21  0.15770  -0.108  0.000 -0.076  1.000  0.031  0.065  0.057
       22  0.17335  -0.115  0.017  0.120  0.031  1.000  0.035 -0.016
       23  0.12821   0.068  0.007  0.035  0.065  0.035  1.000 -0.070
       24  0.25733  -0.123  0.017 -0.216  0.057 -0.016 -0.070  1.000
MINUIT - FIT ONLY 2-y
 **********
 **   67 **RES 
 **********
                   PARAMETER   16  beta_vw RESTORED TO VARIABLE.
                   PARAMETER   14  alpha_vw RESTORED TO VARIABLE.
                   PARAMETER   13  beta_y RESTORED TO VARIABLE.
                   PARAMETER    9  alpha_2CBO RESTORED TO VARIABLE.
                   PARAMETER    8  beta_CBO RESTORED TO VARIABLE.
                   PARAMETER    6  alpha_CBO RESTORED TO VARIABLE.
                   PARAMETER    4  phi RESTORED TO VARIABLE.
                   PARAMETER    3  A0 RESTORED TO VARIABLE.
                   PARAMETER    1  N0 RESTORED TO VARIABLE.
 **********
 **   68 **FIX            0
 **********
 PARAMETER    0  IS UNDEFINED. IGNORED.
 **********
 **   69 **FIX            1
 **********
 **********
 **   70 **FIX            2
 **********
 PARAMETER    2  IS CONSTANT.   IGNORED.
 **********
 **   71 **FIX            3
 **********
 **********
 **   72 **FIX            4
 **********
 **********
 **   73 **FIX            5
 **********
 PARAMETER    5  IS CONSTANT.   IGNORED.
 **********
 **   74 **FIX            6
 **********
 **********
 **   75 **FIX            7
 **********
 PARAMETER    7  IS CONSTANT.   IGNORED.
 **********
 **   76 **FIX            8
 **********
 **********
 **   77 **FIX            9
 **********
 **********
 **   78 **FIX           10
 **********
 **********
 **   79 **FIX           11
 **********
 **********
 **   80 **FIX           12
 **********
 PARAMETER   12  IS CONSTANT.   IGNORED.
 **********
 **   81 **FIX           16
 **********
 **********
 **   82 **MIGRAD
 **********
 START MIGRAD MINIMIZATION.  STRATEGY  1.  CONVERGENCE WHEN EDM .LT. 1.00e-04
 FCN=67.5987 FROM MIGRAD    STATUS=INITIATE       16 CALLS        1948 TOTAL
                     EDM= unknown      STRATEGY= 1      NO ERROR MATRIX       
  EXT PARAMETER               CURRENT GUESS       STEP         FIRST   
  NO.   NAME      VALUE            ERROR          SIZE      DERIVATIVE 
   1  N0           3.55584e+06     fixed    
   2  tau          6.44114e+01   constant   
   3  A0           3.55255e-01     fixed    
   4  phi          4.11800e+00     fixed    
   5  R           -6.01273e+01   constant   
   6  alpha_CBO    2.51722e-04     fixed    
   7  w_CBO        2.32500e+00   constant   
   8  beta_CBO    -2.51854e-03     fixed    
   9  alpha_2CBO   5.34421e-04     fixed    
  10  beta_2CBO   -9.69315e-04     fixed    
  11  alpha_y      5.12016e-05     fixed    
  12  w_y          1.38860e+01   constant   
  13  beta_y       1.76728e-04   7.76386e-04   7.76386e-04  -1.44756e+02
  14  alpha_vw     0.00000e+00   1.00000e-03   1.00000e-03  -4.82456e+03
  15  w_vw         1.43404e+01   constant   
  16  beta_vw      0.00000e+00     fixed    
  17  LM           2.37201e-04   constant   
  18  zeta_y       0.00000e+00   constant   
  19  zeta_vw      0.00000e+00   constant   
  20  T_CBO        9.99999e+02   7.69725e+02   8.70918e-02  -7.23583e-06
  21  alpha_A0    -1.87082e-03   4.11921e-03   1.72797e-03   2.23722e-04
  22  beta_A0      3.19732e-03   4.45649e-03   1.95029e-03   1.07952e-04
  23  alpha_phi    8.46607e-04   4.10972e-03   1.70525e-03   2.97144e-05
  24  beta_phi    -5.32928e-03   4.05979e-03   1.95431e-03  -1.51688e-04
 MIGRAD MINIMIZATION HAS CONVERGED.
 MIGRAD WILL VERIFY CONVERGENCE AND ERROR MATRIX.
 COVARIANCE MATRIX CALCULATED SUCCESSFULLY
 FCN=64.1022 FROM MIGRAD    STATUS=CONVERGED     115 CALLS        2047 TOTAL
                     EDM=3.67569e-08    STRATEGY= 1      ERROR MATRIX ACCURATE 
  EXT PARAMETER                                   STEP         FIRST   
  NO.   NAME      VALUE            ERROR          SIZE      DERIVATIVE 
   1  N0           3.55584e+06     fixed    
   2  tau          6.44114e+01   constant   
   3  A0           3.55255e-01     fixed    
   4  phi          4.11800e+00     fixed    
   5  R           -6.01273e+01   constant   
   6  alpha_CBO    2.51722e-04     fixed    
   7  w_CBO        2.32500e+00   constant   
   8  beta_CBO    -2.51854e-03     fixed    
   9  alpha_2CBO   5.34421e-04     fixed    
  10  beta_2CBO   -9.69315e-04     fixed    
  11  alpha_y      5.12016e-05     fixed    
  12  w_y          1.38860e+01   constant   
  13  beta_y       2.97319e-04   7.77193e-04   3.05650e-06   2.13849e-02
  14  alpha_vw     1.44582e-03   7.73560e-04   3.04302e-06   1.09721e-02
  15  w_vw         1.43404e+01   constant   
  16  beta_vw      0.00000e+00     fixed    
  17  LM           2.37201e-04   constant   
  18  zeta_y       0.00000e+00   constant   
  19  zeta_vw      0.00000e+00   constant   
  20  T_CBO        1.00000e+03   8.18212e+02   8.24802e-02** at limit **
  21  alpha_A0    -1.78086e-03   4.09596e-03   1.68027e-03  -4.30883e-04
  22  beta_A0      3.22122e-03   4.42554e-03   1.90062e-03   4.74030e-05
  23  alpha_phi    8.48947e-04   4.10054e-03   1.66112e-03   2.49287e-04
  24  beta_phi    -5.27944e-03   4.02035e-03   1.89837e-03   3.82704e-04
 EXTERNAL ERROR MATRIX.    NDIM=  25    NPAR=  7    ERR DEF=1
  6.040e-07  3.186e-08  1.816e-09 -6.729e-08  5.180e-08 -2.381e-08 -1.598e-08 
  3.186e-08  5.984e-07  5.632e-10  3.891e-08  7.757e-09  1.032e-09  2.136e-08 
  1.816e-09  5.632e-10  1.762e-02 -3.818e-05  6.963e-05  1.865e-05 -1.130e-04 
 -6.729e-08  3.891e-08 -3.818e-05  1.785e-05  3.966e-07  1.318e-06  7.467e-07 
  5.180e-08  7.757e-09  6.963e-05  3.966e-07  2.121e-05  8.355e-07 -5.286e-07 
 -2.381e-08  1.032e-09  1.865e-05  1.318e-06  8.355e-07  1.786e-05 -1.094e-06 
 -1.598e-08  2.136e-08 -1.130e-04  7.467e-07 -5.286e-07 -1.094e-06  1.754e-05 
 PARAMETER  CORRELATION COEFFICIENTS  
       NO.  GLOBAL     13     14     20     21     22     23     24
       13  0.05957   1.000  0.053  0.000 -0.020  0.014 -0.007 -0.005
       14  0.05499   0.053  1.000  0.000  0.012  0.002  0.000  0.007
       20  0.23946   0.000  0.000  1.000 -0.068  0.114  0.033 -0.203
       21  0.11291  -0.020  0.012 -0.068  1.000  0.020  0.074  0.042
       22  0.12407   0.014  0.002  0.114  0.020  1.000  0.043 -0.027
       23  0.10836  -0.007  0.000  0.033  0.074  0.043  1.000 -0.062
