 + ++++++++++++++++++++++++++++++++++++++++++++++++++++++++++++++++++++ +
 +                                                                      +
 +           You have chose to blind your fitting according to          +
 +                omega_ref * (1 + (R +/- deltaR) *10^{-6})             +
 +                                                                      +
 + ++++++++++++++++++++++++++++++++++++++++++++++++++++++++++++++++++++ +
In main()...
reading format from /gm2data/zkhechad/run45/envelope/formats/formatB_sBin_constraintOn.txt
pBinTau 	= 0  
pBinPhi 	= 0  
constraintau 	= 1 
includeMopTerm 	= 0    
constrainMop    = 0   
Parameters after format file: pBinTau 0 pBinPhi 0 constraintau 1 includeMopTerm 0 constrainMop 0 c_e_scale 0.000000 
Opening file /gm2data/tbarrett/gm2fr/studies/run23_bunch_corrections/CorrectedFourier_Run3b.root.
reading full fit data from /gm2data/zkhechad/cboTemplates/Run4CBOTemplates/templateFits0_v2.0/noRF/sBin_constraintOn_cE0.0_seed0_noRF_calo3.root
windowBins = 69
fitting sliding window 858 from bin 994 at 148.155600 to bin 1063 at 158.599600 (69 bins)

Reading data from /gm2data/cornell/histograms/aMethod/histogram_a_noRF.root
 **********
 **    1 **SET PRINTOUT            1
 **********
 **********
 **    2 **SET NOWARNINGS 
 **********
 PARAMETER DEFINITIONS:
    NO.   NAME         VALUE      STEP SIZE      LIMITS
     1 N0           2.88814e+06  1.00000e+02     no limits
     2 tau          6.44131e+01  constant
     3 A0           3.56394e-01  1.00000e-04     no limits
     4 phi          4.11722e+00  1.00000e-02     no limits
     5 R           -6.09726e+01  constant
     6 alpha_CBO    0.00000e+00  1.00000e-03     no limits
     7 w_CBO        2.32500e+00  constant
     8 beta_CBO     0.00000e+00  1.00000e-03     no limits
     9 alpha_2CBO   0.00000e+00  1.00000e-03     no limits
    10 beta_2CBO    0.00000e+00  1.00000e-03     no limits
    11 alpha_y      0.00000e+00  1.00000e-03     no limits
    12 w_y          1.44500e+01  constant
    13 beta_y       0.00000e+00  1.00000e-03     no limits
    14 alpha_vw     0.00000e+00  1.00000e-03     no limits
    15 w_vw         1.29000e+01  constant
    16 beta_vw      0.00000e+00  1.00000e-03     no limits
    17 LM           2.63157e-04  constant
    18 zeta_y       0.00000e+00  constant
    19 zeta_vw      0.00000e+00  constant
    20 T_CBO        1.00000e+02  1.00000e+00    0.00000e+00  1.00000e+03
    21 alpha_A0     0.00000e+00  1.00000e-03     no limits
    22 beta_A0      0.00000e+00  1.00000e-03     no limits
    23 alpha_phi    0.00000e+00  1.00000e-03     no limits
    24 beta_phi     0.00000e+00  1.00000e-03     no limits
MINUIT - FIT ONLY WIGGLE
 **********
 **    3 **FIX            5
 **********
 PARAMETER    5  IS CONSTANT.   IGNORED.
 **********
 **    4 **FIX            6
 **********
 **********
 **    5 **FIX            7
 **********
 PARAMETER    7  IS CONSTANT.   IGNORED.
 **********
 **    6 **FIX            8
 **********
 **********
 **    7 **FIX            9
 **********
 **********
 **    8 **FIX           10
 **********
 **********
 **    9 **FIX           11
 **********
 **********
 **   10 **FIX           12
 **********
 PARAMETER   12  IS CONSTANT.   IGNORED.
 **********
 **   11 **FIX           13
 **********
 **********
 **   12 **FIX           14
 **********
 **********
 **   13 **FIX           15
 **********
 PARAMETER   15  IS CONSTANT.   IGNORED.
 **********
 **   14 **FIX           16
 **********
 **********
 **   15 **MIGRAD
 **********
 FIRST CALL TO USER FUNCTION AT NEW START POINT, WITH IFLAG=4.
 START MIGRAD MINIMIZATION.  STRATEGY  1.  CONVERGENCE WHEN EDM .LT. 1.00e-04
 FCN=392.024 FROM MIGRAD    STATUS=INITIATE      437 CALLS         438 TOTAL
                     EDM= unknown      STRATEGY= 1      NO ERROR MATRIX       
  EXT PARAMETER               CURRENT GUESS       STEP         FIRST   
  NO.   NAME      VALUE            ERROR          SIZE      DERIVATIVE 
   1  N0           2.88814e+06   1.00000e+02   0.00000e+00  -6.82086e-03
   2  tau          6.44131e+01   constant   
   3  A0           3.56394e-01   1.00000e-04   0.00000e+00   8.82701e+03
   4  phi          4.11722e+00   1.00000e-02   0.00000e+00   2.10601e+04
   5  R           -6.09726e+01   constant   
   6  alpha_CBO    0.00000e+00     fixed    
   7  w_CBO        2.32500e+00   constant   
   8  beta_CBO     0.00000e+00     fixed    
   9  alpha_2CBO   0.00000e+00     fixed    
  10  beta_2CBO    0.00000e+00     fixed    
  11  alpha_y      0.00000e+00     fixed    
  12  w_y          1.44500e+01   constant   
  13  beta_y       0.00000e+00     fixed    
  14  alpha_vw     0.00000e+00     fixed    
  15  w_vw         1.29000e+01   constant   
  16  beta_vw      0.00000e+00     fixed    
  17  LM           2.63157e-04   constant   
  18  zeta_y       0.00000e+00   constant   
  19  zeta_vw      0.00000e+00   constant   
  20  T_CBO        1.00000e+02   1.00000e+00   0.00000e+00   0.00000e+00
  21  alpha_A0     0.00000e+00   1.00000e-03   0.00000e+00   2.22756e+02
  22  beta_A0      0.00000e+00   1.00000e-03   0.00000e+00   1.49189e+03
  23  alpha_phi    0.00000e+00   1.00000e-03   0.00000e+00  -6.66157e+02
  24  beta_phi     0.00000e+00   1.00000e-03   0.00000e+00   1.88756e+03
 MIGRAD MINIMIZATION HAS CONVERGED.
 FCN=346.37 FROM MIGRAD    STATUS=CONVERGED    1098 CALLS        1099 TOTAL
                     EDM=7.11308e-06    STRATEGY= 1  ERROR MATRIX UNCERTAINTY   0.0 per cent
  EXT PARAMETER                                   STEP         FIRST   
  NO.   NAME      VALUE            ERROR          SIZE      DERIVATIVE 
   1  N0           2.88866e+06   3.98282e+02   5.59295e-02   1.40890e-06
   2  tau          6.44131e+01   constant   
   3  A0           3.56335e-01   1.68663e-04  -1.43055e-07  -1.04924e+00
   4  phi          4.11441e+00   5.54846e-04   1.27149e-06  -2.23756e+00
   5  R           -6.09726e+01   constant   
   6  alpha_CBO    0.00000e+00     fixed    
   7  w_CBO        2.32500e+00   constant   
   8  beta_CBO     0.00000e+00     fixed    
   9  alpha_2CBO   0.00000e+00     fixed    
  10  beta_2CBO    0.00000e+00     fixed    
  11  alpha_y      0.00000e+00     fixed    
  12  w_y          1.44500e+01   constant   
  13  beta_y       0.00000e+00     fixed    
  14  alpha_vw     0.00000e+00     fixed    
  15  w_vw         1.29000e+01   constant   
  16  beta_vw      0.00000e+00     fixed    
  17  LM           2.63157e-04   constant   
  18  zeta_y       0.00000e+00   constant   
  19  zeta_vw      0.00000e+00   constant   
  20  T_CBO        9.99915e+02   9.78236e+02   1.90996e-02  -3.66439e-04
  21  alpha_A0    -7.66049e-04   9.14617e-04   6.36306e-07   3.12333e+00
  22  beta_A0     -1.87825e-03   1.06592e-03  -1.87845e-06   5.61879e-01
  23  alpha_phi    6.62202e-04   9.22333e-04  -5.28644e-07  -2.29124e+00
  24  beta_phi    -1.92308e-03   8.02834e-04  -4.43768e-06  -1.41870e+00
 EXTERNAL ERROR MATRIX.    NDIM=  25    NPAR=  8    ERR DEF=1
  1.586e+05  1.014e-02 -4.740e-03  3.170e+02 -8.357e-02 -5.035e-03 -2.491e-03  4.710e-02 
  1.014e-02  2.845e-08  1.592e-09 -5.168e-04  1.310e-09 -1.165e-08 -1.018e-08 -7.093e-09 
 -4.740e-03  1.592e-09  3.079e-07  1.034e-03 -1.179e-08 -1.095e-07  7.925e-09 -1.835e-08 
  3.170e+02 -5.168e-04  1.034e-03  8.175e+03  9.820e-03  1.262e-02 -8.041e-03  5.468e-03 
 -8.357e-02  1.310e-09 -1.179e-08  9.820e-03  8.365e-07  2.841e-08 -8.914e-08  4.801e-08 
 -5.035e-03 -1.165e-08 -1.095e-07  1.262e-02  2.841e-08  1.136e-06  2.212e-07  3.506e-08 
 -2.491e-03 -1.018e-08  7.925e-09 -8.041e-03 -8.914e-08  2.212e-07  8.507e-07 -6.072e-08 
  4.710e-02 -7.093e-09 -1.835e-08  5.468e-03  4.801e-08  3.506e-08 -6.072e-08  6.445e-07 
 PARAMETER  CORRELATION COEFFICIENTS  
       NO.  GLOBAL      1      3      4     20     21     22     23     24
        1  0.32686   1.000  0.151 -0.021  0.009 -0.229 -0.012 -0.007  0.147
        3  0.19780   0.151  1.000  0.017 -0.034  0.008 -0.065 -0.065 -0.052
        4  0.20626  -0.021  0.017  1.000  0.021 -0.023 -0.185  0.015 -0.041
       20  0.22781   0.009 -0.034  0.021  1.000  0.119  0.131 -0.096  0.075
       21  0.29561  -0.229  0.008 -0.023  0.119  1.000  0.029 -0.106  0.065
       22  0.33948  -0.012 -0.065 -0.185  0.131  0.029  1.000  0.225  0.041
       23  0.29849  -0.007 -0.065  0.015 -0.096 -0.106  0.225  1.000 -0.082
       24  0.22278   0.147 -0.052 -0.041  0.075  0.065  0.041 -0.082  1.000
MINUIT - FIT ONLY 1-CBO + wiggle
 **********
 **   16 **RES 
 **********
                   PARAMETER   16  beta_vw RESTORED TO VARIABLE.
                   PARAMETER   14  alpha_vw RESTORED TO VARIABLE.
                   PARAMETER   13  beta_y RESTORED TO VARIABLE.
                   PARAMETER   11  alpha_y RESTORED TO VARIABLE.
                   PARAMETER   10  beta_2CBO RESTORED TO VARIABLE.
                   PARAMETER    9  alpha_2CBO RESTORED TO VARIABLE.
                   PARAMETER    8  beta_CBO RESTORED TO VARIABLE.
                   PARAMETER    6  alpha_CBO RESTORED TO VARIABLE.
 **********
 **   17 **FIX            8
 **********
 **********
 **   18 **FIX            9
 **********
 **********
 **   19 **FIX           11
 **********
 **********
 **   20 **FIX           12
 **********
 PARAMETER   12  IS CONSTANT.   IGNORED.
 **********
 **   21 **FIX           14
 **********
 **********
 **   22 **FIX           15
 **********
 PARAMETER   15  IS CONSTANT.   IGNORED.
 **********
 **   23 **FIX           16
 **********
 **********
 **   24 **MIGRAD
 **********
 START MIGRAD MINIMIZATION.  STRATEGY  1.  CONVERGENCE WHEN EDM .LT. 1.00e-04
 FCN=346.37 FROM MIGRAD    STATUS=INITIATE       28 CALLS        1127 TOTAL
                     EDM= unknown      STRATEGY= 1      NO ERROR MATRIX       
  EXT PARAMETER               CURRENT GUESS       STEP         FIRST   
  NO.   NAME      VALUE            ERROR          SIZE      DERIVATIVE 
   1  N0           2.88866e+06   3.98282e+02   5.59295e-02   1.40890e-06
   2  tau          6.44131e+01   constant   
   3  A0           3.56335e-01   1.68663e-04  -1.43055e-07  -1.04924e+00
   4  phi          4.11441e+00   5.54846e-04   1.27149e-06  -2.23756e+00
   5  R           -6.09726e+01   constant   
   6  alpha_CBO    0.00000e+00   1.00000e-03   1.00000e-03   8.62002e+04
   7  w_CBO        2.32500e+00   constant   
   8  beta_CBO     0.00000e+00     fixed    
   9  alpha_2CBO   0.00000e+00     fixed    
  10  beta_2CBO    0.00000e+00   1.00000e-03   1.00000e-03   1.95136e+04
  11  alpha_y      0.00000e+00     fixed    
  12  w_y          1.44500e+01   constant   
  13  beta_y       0.00000e+00   1.00000e-03   1.00000e-03  -1.07410e+04
  14  alpha_vw     0.00000e+00     fixed    
  15  w_vw         1.29000e+01   constant   
  16  beta_vw      0.00000e+00     fixed    
  17  LM           2.63157e-04   constant   
  18  zeta_y       0.00000e+00   constant   
  19  zeta_vw      0.00000e+00   constant   
  20  T_CBO        9.99915e+02   9.78236e+02   1.90996e-02  -3.67675e-04
  21  alpha_A0    -7.66049e-04   9.14617e-04   6.36306e-07   3.12333e+00
  22  beta_A0     -1.87825e-03   1.06592e-03  -1.87845e-06   5.61881e-01
  23  alpha_phi    6.62202e-04   9.22333e-04  -5.28644e-07  -2.29124e+00
  24  beta_phi    -1.92308e-03   8.02834e-04  -4.43768e-06  -1.41870e+00
 MIGRAD MINIMIZATION HAS CONVERGED.
 FCN=260.295 FROM MIGRAD    STATUS=CONVERGED     182 CALLS        1281 TOTAL
                     EDM=1.55615e-07    STRATEGY= 1  ERROR MATRIX UNCERTAINTY   2.7 per cent
  EXT PARAMETER                                   STEP         FIRST   
  NO.   NAME      VALUE            ERROR          SIZE      DERIVATIVE 
   1  N0           2.88872e+06   3.87519e+02   6.28008e-01  -4.41985e-07
   2  tau          6.44131e+01   constant   
   3  A0           3.56401e-01   1.66094e-04  -2.25332e-07  -8.69441e-01
   4  phi          4.11565e+00   5.66916e-04   2.05037e-07   5.24906e-01
   5  R           -6.09726e+01   constant   
   6  alpha_CBO   -1.87945e-03   2.08640e-04   3.62523e-08   4.48427e-01
   7  w_CBO        2.32500e+00   constant   
   8  beta_CBO     0.00000e+00     fixed    
   9  alpha_2CBO   0.00000e+00     fixed    
  10  beta_2CBO   -4.03011e-04   2.01481e-04  -9.80036e-08  -1.43194e+00
  11  alpha_y      0.00000e+00     fixed    
  12  w_y          1.44500e+01   constant   
  13  beta_y       2.11840e-04   1.96721e-04   7.53570e-08   4.35585e-01
  14  alpha_vw     0.00000e+00     fixed    
  15  w_vw         1.29000e+01   constant   
  16  beta_vw      0.00000e+00     fixed    
  17  LM           2.63157e-04   constant   
  18  zeta_y       0.00000e+00   constant   
  19  zeta_vw      0.00000e+00   constant   
  20  T_CBO        1.00000e+03   9.55746e+02   1.41981e-03** at limit **
  21  alpha_A0    -5.48861e-04   8.08524e-04   4.80330e-07   1.65463e-01
  22  beta_A0     -2.38319e-03   9.89443e-04  -4.00118e-07  -9.33124e-02
  23  alpha_phi   -1.45738e-03   8.38169e-04   4.77196e-07   2.42958e-01
  24  beta_phi    -2.03259e-03   7.89780e-04   7.09919e-07  -6.41111e-01
 EXTERNAL ERROR MATRIX.    NDIM=  25    NPAR= 11    ERR DEF=1
  1.502e+05 
  5.666e-03  2.759e-08 
  3.589e-03  8.098e-09  3.214e-07 
 -1.895e-03 -1.568e-09 -3.011e-08  4.353e-08 
  2.156e-03  3.332e-10  5.898e-09  2.223e-10  4.059e-08 
  2.076e-04  3.813e-10  4.547e-10 -1.693e-10  3.340e-10  3.870e-08 
  4.338e+01 -6.517e-06  2.557e-06 -2.923e-06  1.325e-05  6.532e-07  7.433e+00 
 -3.035e-02  9.102e-09 -5.138e-09 -4.744e-09 -1.983e-09 -9.617e-10  3.906e-05  6.537e-07 
 -1.279e-02 -1.362e-08 -1.117e-07  1.916e-08 -3.493e-08 -3.657e-09 -2.531e-05  1.147e-08  9.790e-07 
  1.107e-03 -2.161e-09 -2.819e-08  4.545e-08  1.514e-08 -2.420e-09  1.680e-05 -1.564e-08  6.578e-08  7.025e-07 
  3.100e-02 -1.185e-08 -2.717e-08  3.585e-09 -2.882e-09  2.067e-09 -3.179e-05  2.859e-08  6.234e-08  2.435e-08  6.238e-07 
 PARAMETER  CORRELATION COEFFICIENTS  
       NO.  GLOBAL      1      3      4      6     10     13     20     21     22     23     24
        1  0.18899   1.000  0.088  0.016 -0.023  0.028  0.003  0.041 -0.097 -0.033  0.003  0.101
        3  0.18723   0.088  1.000  0.086 -0.045  0.010  0.012 -0.014  0.068 -0.083 -0.016 -0.090
        4  0.31932   0.016  0.086  1.000 -0.255  0.052  0.004  0.002 -0.011 -0.199 -0.059 -0.061
        6  0.35643  -0.023 -0.045 -0.255  1.000  0.005 -0.004 -0.005 -0.028  0.093  0.260  0.022
       10  0.20741   0.028  0.010  0.052  0.005  1.000  0.008  0.024 -0.012 -0.175  0.090 -0.018
       13  0.03163   0.003  0.012  0.004 -0.004  0.008  1.000  0.001 -0.006 -0.019 -0.015  0.013
       20  0.06067   0.041 -0.014  0.002 -0.005  0.024  0.001  1.000  0.018 -0.009  0.007 -0.015
       21  0.14681  -0.097  0.068 -0.011 -0.028 -0.012 -0.006  0.018  1.000  0.014 -0.023  0.045
       22  0.28808  -0.033 -0.083 -0.199  0.093 -0.175 -0.019 -0.009  0.014  1.000  0.079  0.080
       23  0.28655   0.003 -0.016 -0.059  0.260  0.090 -0.015  0.007 -0.023  0.079  1.000  0.037
       24  0.18122   0.101 -0.090 -0.061  0.022 -0.018  0.013 -0.015  0.045  0.080  0.037  1.000
MINUIT - FIT ONLY 2-CBO
 **********
 **   25 **RES 
 **********
                   PARAMETER   16  beta_vw RESTORED TO VARIABLE.
                   PARAMETER   14  alpha_vw RESTORED TO VARIABLE.
                   PARAMETER   11  alpha_y RESTORED TO VARIABLE.
                   PARAMETER    9  alpha_2CBO RESTORED TO VARIABLE.
                   PARAMETER    8  beta_CBO RESTORED TO VARIABLE.
 **********
 **   26 **FIX            0
 **********
 PARAMETER    0  IS UNDEFINED. IGNORED.
 **********
 **   27 **FIX            1
 **********
 **********
 **   28 **FIX            2
 **********
 PARAMETER    2  IS CONSTANT.   IGNORED.
 **********
 **   29 **FIX            3
 **********
 **********
 **   30 **FIX            4
 **********
 **********
 **   31 **FIX            5
 **********
 PARAMETER    5  IS CONSTANT.   IGNORED.
 **********
 **   32 **FIX            6
 **********
 **********
 **   33 **FIX            7
 **********
 PARAMETER    7  IS CONSTANT.   IGNORED.
 **********
 **   34 **FIX           10
 **********
 **********
 **   35 **FIX           11
 **********
 **********
 **   36 **FIX           12
 **********
 PARAMETER   12  IS CONSTANT.   IGNORED.
 **********
 **   37 **FIX           13
 **********
 **********
 **   38 **FIX           14
 **********
 **********
 **   39 **FIX           15
 **********
 PARAMETER   15  IS CONSTANT.   IGNORED.
 **********
 **   40 **FIX           16
 **********
 **********
 **   41 **MIGRAD
 **********
 START MIGRAD MINIMIZATION.  STRATEGY  1.  CONVERGENCE WHEN EDM .LT. 1.00e-04
 FCN=260.295 FROM MIGRAD    STATUS=INITIATE       18 CALLS        1299 TOTAL
                     EDM= unknown      STRATEGY= 1      NO ERROR MATRIX       
  EXT PARAMETER               CURRENT GUESS       STEP         FIRST   
  NO.   NAME      VALUE            ERROR          SIZE      DERIVATIVE 
   1  N0           2.88872e+06     fixed    
   2  tau          6.44131e+01   constant   
   3  A0           3.56401e-01     fixed    
   4  phi          4.11565e+00     fixed    
   5  R           -6.09726e+01   constant   
   6  alpha_CBO   -1.87945e-03     fixed    
   7  w_CBO        2.32500e+00   constant   
   8  beta_CBO     0.00000e+00   1.00000e-03   1.00000e-03   1.32093e+05
   9  alpha_2CBO   0.00000e+00   1.00000e-03   1.00000e-03  -9.39086e+02
  10  beta_2CBO   -4.03011e-04     fixed    
  11  alpha_y      0.00000e+00     fixed    
  12  w_y          1.44500e+01   constant   
  13  beta_y       2.11840e-04     fixed    
  14  alpha_vw     0.00000e+00     fixed    
  15  w_vw         1.29000e+01   constant   
  16  beta_vw      0.00000e+00     fixed    
  17  LM           2.63157e-04   constant   
  18  zeta_y       0.00000e+00   constant   
  19  zeta_vw      0.00000e+00   constant   
  20  T_CBO        1.00000e+03   9.55746e+02   1.41981e-03** at limit **
  21  alpha_A0    -5.48861e-04   8.08524e-04   4.80330e-07   1.65473e-01
  22  beta_A0     -2.38319e-03   9.89443e-04  -4.00118e-07  -9.33025e-02
  23  alpha_phi   -1.45738e-03   8.38169e-04   4.77196e-07   2.42958e-01
  24  beta_phi    -2.03259e-03   7.89780e-04   7.09919e-07  -6.41111e-01
 CALL LIMIT EXCEEDED IN MIGRAD.
 MIGRAD TERMINATED WITHOUT CONVERGENCE.
 FCN=74.7801 FROM MIGRAD    STATUS=CALL LIMIT   1150 CALLS        2431 TOTAL
                     EDM=0.0234041    STRATEGY= 1  ERROR MATRIX UNCERTAINTY  32.3 per cent
  EXT PARAMETER                APPROXIMATE        STEP         FIRST   
  NO.   NAME      VALUE            ERROR          SIZE      DERIVATIVE 
   1  N0           2.88872e+06     fixed    
   2  tau          6.44131e+01   constant   
   3  A0           3.56401e-01     fixed    
   4  phi          4.11565e+00     fixed    
   5  R           -6.09726e+01   constant   
   6  alpha_CBO   -1.87945e-03     fixed    
   7  w_CBO        2.32500e+00   constant   
   8  beta_CBO    -2.80314e-03   2.08983e-04  -9.64061e-06  -2.12497e+02
   9  alpha_2CBO  -3.60591e-05   2.08873e-04   1.23282e-05   2.70630e+02
  10  beta_2CBO   -4.03011e-04     fixed    
  11  alpha_y      0.00000e+00     fixed    
  12  w_y          1.44500e+01   constant   
  13  beta_y       2.11840e-04     fixed    
  14  alpha_vw     0.00000e+00     fixed    
  15  w_vw         1.29000e+01   constant   
  16  beta_vw      0.00000e+00     fixed    
  17  LM           2.63157e-04   constant   
  18  zeta_y       0.00000e+00   constant   
  19  zeta_vw      0.00000e+00   constant   
  20  T_CBO        3.93695e+01   1.22448e+01  -9.12550e-03  -2.31098e+01
  21  alpha_A0    -3.64192e-02   3.79623e-02  -5.31890e-03   2.42256e-01
  22  beta_A0     -8.72200e-02   9.14955e-02  -1.27972e-02   2.21095e+00
  23  alpha_phi   -6.19683e-02   6.50144e-02  -9.09538e-03   1.91520e+00
  24  beta_phi    -1.68564e-01   1.76379e-01  -2.46865e-02   6.76434e+00
 EXTERNAL ERROR MATRIX.    NDIM=  25    NPAR=  7    ERR DEF=1
  4.367e-08 -9.308e-10  9.606e-05  6.895e-07  1.632e-06  1.163e-06  3.202e-06 
 -9.308e-10  4.363e-08 -7.771e-05 -6.998e-07 -1.592e-06 -1.135e-06 -3.103e-06 
  9.606e-05 -7.771e-05  1.501e+02  4.595e-01  1.108e+00  7.873e-01  2.136e+00 
  6.895e-07 -6.998e-07  4.595e-01  1.441e-03  3.472e-03  2.467e-03  6.693e-03 
  1.632e-06 -1.592e-06  1.108e+00  3.472e-03  8.371e-03  5.947e-03  1.614e-02 
  1.163e-06 -1.135e-06  7.873e-01  2.467e-03  5.947e-03  4.227e-03  1.147e-02 
  3.202e-06 -3.103e-06  2.136e+00  6.693e-03  1.614e-02  1.147e-02  3.111e-02 
ERR MATRIX APPROXIMATE
 PARAMETER  CORRELATION COEFFICIENTS  
       NO.  GLOBAL      8      9     20     21     22     23     24
        8  0.36024   1.000 -0.021  0.038  0.087  0.085  0.086  0.087
        9  0.39979  -0.021  1.000 -0.030 -0.088 -0.083 -0.084 -0.084
       20  0.99092   0.038 -0.030  1.000  0.988  0.988  0.988  0.988
       21  0.99965   0.087 -0.088  0.988  1.000  1.000  1.000  1.000
       22  0.99991   0.085 -0.083  0.988  1.000  1.000  1.000  1.000
       23  0.99988   0.086 -0.084  0.988  1.000  1.000  1.000  1.000
       24  0.99995   0.087 -0.084  0.988  1.000  1.000  1.000  1.000
 ERR MATRIX APPROXIMATE
MINUIT - FIT wiggle + 1-CBO + 2-CBO
 **********
 **   42 **RES 
 **********
                   PARAMETER   16  beta_vw RESTORED TO VARIABLE.
                   PARAMETER   14  alpha_vw RESTORED TO VARIABLE.
                   PARAMETER   13  beta_y RESTORED TO VARIABLE.
                   PARAMETER   11  alpha_y RESTORED TO VARIABLE.
                   PARAMETER   10  beta_2CBO RESTORED TO VARIABLE.
                   PARAMETER    6  alpha_CBO RESTORED TO VARIABLE.
                   PARAMETER    4  phi RESTORED TO VARIABLE.
                   PARAMETER    3  A0 RESTORED TO VARIABLE.
                   PARAMETER    1  N0 RESTORED TO VARIABLE.
 **********
 **   43 **FIX           10
 **********
 **********
 **   44 **FIX           11
 **********
 **********
 **   45 **FIX           12
 **********
 PARAMETER   12  IS CONSTANT.   IGNORED.
 **********
 **   46 **FIX           13
 **********
 **********
 **   47 **FIX           14
 **********
 **********
 **   48 **FIX           15
 **********
 PARAMETER   15  IS CONSTANT.   IGNORED.
 **********
 **   49 **FIX           16
 **********
 **********
 **   50 **MIGRAD
 **********
 START MIGRAD MINIMIZATION.  STRATEGY  1.  CONVERGENCE WHEN EDM .LT. 1.00e-04
 FCN=74.7801 FROM MIGRAD    STATUS=INITIATE       22 CALLS        2453 TOTAL
                     EDM= unknown      STRATEGY= 1      NO ERROR MATRIX       
  EXT PARAMETER               CURRENT GUESS       STEP         FIRST   
  NO.   NAME      VALUE            ERROR          SIZE      DERIVATIVE 
   1  N0           2.88872e+06   3.87519e+02   3.87519e+02  -6.39695e-04
   2  tau          6.44131e+01   constant   
   3  A0           3.56401e-01   1.66094e-04   1.66094e-04   2.46968e+04
   4  phi          4.11565e+00   5.66916e-04   5.66916e-04  -8.84019e+02
   5  R           -6.09726e+01   constant   
   6  alpha_CBO   -1.87945e-03   2.08640e-04   2.08640e-04   1.64793e+03
   7  w_CBO        2.32500e+00   constant   
   8  beta_CBO    -2.80314e-03   2.08983e-04  -9.64061e-06  -2.12497e+02
   9  alpha_2CBO  -3.60591e-05   2.08873e-04   1.23282e-05   2.70630e+02
  10  beta_2CBO   -4.03011e-04     fixed    
  11  alpha_y      0.00000e+00     fixed    
  12  w_y          1.44500e+01   constant   
  13  beta_y       2.11840e-04     fixed    
  14  alpha_vw     0.00000e+00     fixed    
  15  w_vw         1.29000e+01   constant   
  16  beta_vw      0.00000e+00     fixed    
  17  LM           2.63157e-04   constant   
  18  zeta_y       0.00000e+00   constant   
  19  zeta_vw      0.00000e+00   constant   
  20  T_CBO        3.93695e+01   1.22448e+01  -9.12550e-03  -2.31098e+01
  21  alpha_A0    -3.64192e-02   3.79623e-02  -5.31890e-03   2.42256e-01
  22  beta_A0     -8.72200e-02   9.14955e-02  -1.27972e-02   2.21095e+00
  23  alpha_phi   -6.19683e-02   6.50144e-02  -9.09538e-03   1.91520e+00
  24  beta_phi    -1.68564e-01   1.76379e-01  -2.46865e-02   6.76434e+00
 MIGRAD MINIMIZATION HAS CONVERGED.
 FCN=69.9871 FROM MIGRAD    STATUS=CONVERGED    1725 CALLS        4156 TOTAL
                     EDM=7.66405e-06    STRATEGY= 1  ERROR MATRIX UNCERTAINTY   2.3 per cent
  EXT PARAMETER                                   STEP         FIRST   
  NO.   NAME      VALUE            ERROR          SIZE      DERIVATIVE 
   1  N0           2.88857e+06   4.14321e+02   6.11756e-02   5.18410e-06
   2  tau          6.44131e+01   constant   
   3  A0           3.56037e-01   1.80838e-04  -9.05369e-09   2.15034e+00
   4  phi          4.11580e+00   5.66724e-04  -1.05478e-07  -6.94562e-01
   5  R           -6.09726e+01   constant   
   6  alpha_CBO   -1.91172e-03   2.08679e-04   1.61827e-07   4.89384e+00
   7  w_CBO        2.32500e+00   constant   
   8  beta_CBO    -2.88259e-03   2.06110e-04   2.60652e-09   5.63770e+00
   9  alpha_2CBO  -6.13400e-05   2.01604e-04  -2.45076e-08  -2.04219e+00
  10  beta_2CBO   -4.03011e-04     fixed    
  11  alpha_y      0.00000e+00     fixed    
  12  w_y          1.44500e+01   constant   
  13  beta_y       2.11840e-04     fixed    
  14  alpha_vw     0.00000e+00     fixed    
  15  w_vw         1.29000e+01   constant   
  16  beta_vw      0.00000e+00     fixed    
  17  LM           2.63157e-04   constant   
  18  zeta_y       0.00000e+00   constant   
  19  zeta_vw      0.00000e+00   constant   
  20  T_CBO        2.54796e+01   1.77357e+01   4.21605e-06   2.33446e-01
  21  alpha_A0    -2.73898e-01   1.23796e+00  -4.24855e-04   7.91550e-03
  22  beta_A0     -6.90632e-01   2.79212e+00  -4.39972e-04   2.72145e-03
  23  alpha_phi   -4.83893e-01   1.89875e+00   4.17342e-05  -1.07488e-02
  24  beta_phi    -1.40893e+00   5.86534e+00  -8.92772e-04  -3.15546e-03
 EXTERNAL ERROR MATRIX.    NDIM=  25    NPAR= 11    ERR DEF=1
  1.717e+05 
  1.573e-02  3.270e-08 
 -6.772e-03  6.151e-09  3.212e-07 
 -6.241e-04 -1.113e-09 -3.015e-08  4.355e-08 
 -2.172e-04  5.640e-09  1.086e-09  7.354e-10  4.248e-08 
 -3.017e-03  1.686e-09  3.587e-10 -1.180e-09  1.257e-09  4.064e-08 
 -1.079e+03 -6.256e-04 -1.852e-04 -4.398e-04  5.972e-05 -7.357e-05  3.159e+02 
 -7.798e+01 -4.415e-05 -1.599e-05 -3.099e-05  6.129e-06 -8.078e-06  2.191e+01  1.533e+00 
 -1.708e+02 -1.017e-04 -4.895e-05 -6.930e-05  1.126e-05 -1.383e-05  4.948e+01  3.445e+00  7.796e+00 
 -1.106e+02 -6.800e-05 -2.353e-05 -4.129e-05  9.371e-06 -1.082e-05  3.368e+01  2.336e+00  5.261e+00  3.605e+00 
 -3.473e+02 -2.096e-04 -7.909e-05 -1.410e-04  2.893e-05 -3.352e-05  1.041e+02  7.249e+00  1.633e+01  1.111e+01  3.440e+01 
 PARAMETER  CORRELATION COEFFICIENTS  
       NO.  GLOBAL      1      3      4      6      8      9     20     21     22     23     24
        1  0.39615   1.000  0.210 -0.029 -0.007 -0.003 -0.036 -0.146 -0.152 -0.148 -0.141 -0.143
        3  0.39180   0.210  1.000  0.060 -0.029  0.151  0.046 -0.195 -0.197 -0.201 -0.198 -0.198
        4  0.35157  -0.029  0.060  1.000 -0.255  0.009  0.003 -0.018 -0.023 -0.031 -0.022 -0.024
        6  0.39935  -0.007 -0.029 -0.255  1.000  0.017 -0.028 -0.119 -0.120 -0.119 -0.104 -0.115
        8  0.30753  -0.003  0.151  0.009  0.017  1.000  0.030  0.016  0.024  0.020  0.024  0.024
        9  0.22297  -0.036  0.046  0.003 -0.028  0.030  1.000 -0.021 -0.032 -0.025 -0.028 -0.028
       20  0.99965  -0.146 -0.195 -0.018 -0.119  0.016 -0.021  1.000  0.996  0.997  0.998  0.999
       21  0.99940  -0.152 -0.197 -0.023 -0.120  0.024 -0.032  0.996  1.000  0.997  0.994  0.998
       22  0.99926  -0.148 -0.201 -0.031 -0.119  0.020 -0.025  0.997  0.997  1.000  0.992  0.997
       23  0.99962  -0.141 -0.198 -0.022 -0.104  0.024 -0.028  0.998  0.994  0.992  1.000  0.998
       24  0.99990  -0.143 -0.198 -0.024 -0.115  0.024 -0.028  0.999  0.998  0.997  0.998  1.000
MINUIT - FIT ONLY 1-y
 **********
 **   51 **RES 
 **********
                   PARAMETER   16  beta_vw RESTORED TO VARIABLE.
                   PARAMETER   14  alpha_vw RESTORED TO VARIABLE.
                   PARAMETER   13  beta_y RESTORED TO VARIABLE.
                   PARAMETER   11  alpha_y RESTORED TO VARIABLE.
                   PARAMETER   10  beta_2CBO RESTORED TO VARIABLE.
 **********
 **   52 **FIX            0
 **********
 PARAMETER    0  IS UNDEFINED. IGNORED.
 **********
 **   53 **FIX            1
 **********
 **********
 **   54 **FIX            2
 **********
 PARAMETER    2  IS CONSTANT.   IGNORED.
 **********
 **   55 **FIX            3
 **********
 **********
 **   56 **FIX            4
 **********
 **********
 **   57 **FIX            5
 **********
 PARAMETER    5  IS CONSTANT.   IGNORED.
 **********
 **   58 **FIX            6
 **********
 **********
 **   59 **FIX            7
 **********
 PARAMETER    7  IS CONSTANT.   IGNORED.
 **********
 **   60 **FIX            8
 **********
 **********
 **   61 **FIX            9
 **********
 **********
 **   62 **FIX           13
 **********
 **********
 **   63 **FIX           14
 **********
 **********
 **   64 **FIX           15
 **********
 PARAMETER   15  IS CONSTANT.   IGNORED.
 **********
 **   65 **FIX           16
 **********
 **********
 **   66 **MIGRAD
 **********
 START MIGRAD MINIMIZATION.  STRATEGY  1.  CONVERGENCE WHEN EDM .LT. 1.00e-04
 FCN=69.9871 FROM MIGRAD    STATUS=INITIATE       16 CALLS        4172 TOTAL
                     EDM= unknown      STRATEGY= 1      NO ERROR MATRIX       
  EXT PARAMETER               CURRENT GUESS       STEP         FIRST   
  NO.   NAME      VALUE            ERROR          SIZE      DERIVATIVE 
   1  N0           2.88857e+06     fixed    
   2  tau          6.44131e+01   constant   
   3  A0           3.56037e-01     fixed    
   4  phi          4.11580e+00     fixed    
   5  R           -6.09726e+01   constant   
   6  alpha_CBO   -1.91172e-03     fixed    
   7  w_CBO        2.32500e+00   constant   
   8  beta_CBO    -2.88259e-03     fixed    
   9  alpha_2CBO  -6.13400e-05     fixed    
  10  beta_2CBO   -4.03011e-04   2.01481e-04   2.01481e-04  -3.34318e+03
  11  alpha_y      0.00000e+00   1.00000e-03   1.00000e-03  -3.17678e+04
  12  w_y          1.44500e+01   constant   
  13  beta_y       2.11840e-04     fixed    
  14  alpha_vw     0.00000e+00     fixed    
  15  w_vw         1.29000e+01   constant   
  16  beta_vw      0.00000e+00     fixed    
  17  LM           2.63157e-04   constant   
  18  zeta_y       0.00000e+00   constant   
  19  zeta_vw      0.00000e+00   constant   
  20  T_CBO        2.54796e+01   1.77357e+01   4.21605e-06   2.33445e-01
  21  alpha_A0    -2.73898e-01   1.23796e+00  -4.24855e-04   7.91553e-03
  22  beta_A0     -6.90632e-01   2.79212e+00  -4.39972e-04   2.72143e-03
  23  alpha_phi   -4.83893e-01   1.89875e+00   4.17342e-05  -1.07488e-02
  24  beta_phi    -1.40893e+00   5.86534e+00  -8.92772e-04  -3.15546e-03
 MIGRAD MINIMIZATION HAS CONVERGED.
 MIGRAD WILL VERIFY CONVERGENCE AND ERROR MATRIX.
 COVARIANCE MATRIX CALCULATED SUCCESSFULLY
 FCN=59.8601 FROM HESSE     STATUS=OK             50 CALLS        4285 TOTAL
                     EDM=0.00475953    STRATEGY= 1      ERROR MATRIX ACCURATE 
  EXT PARAMETER                                   STEP         FIRST   
  NO.   NAME      VALUE            ERROR          SIZE      DERIVATIVE 
   1  N0           2.88857e+06     fixed    
   2  tau          6.44131e+01   constant   
   3  A0           3.56037e-01     fixed    
   4  phi          4.11580e+00     fixed    
   5  R           -6.09726e+01   constant   
   6  alpha_CBO   -1.91172e-03     fixed    
   7  w_CBO        2.32500e+00   constant   
   8  beta_CBO    -2.88259e-03     fixed    
   9  alpha_2CBO  -6.13400e-05     fixed    
  10  beta_2CBO   -3.33490e-04   2.01485e-04   7.49656e-07  -2.66673e+00
  11  alpha_y      6.30252e-04   1.99208e-04   7.58284e-07   6.57871e-01
  12  w_y          1.44500e+01   constant   
  13  beta_y       2.11840e-04     fixed    
  14  alpha_vw     0.00000e+00     fixed    
  15  w_vw         1.29000e+01   constant   
  16  beta_vw      0.00000e+00     fixed    
  17  LM           2.63157e-04   constant   
  18  zeta_y       0.00000e+00   constant   
  19  zeta_vw      0.00000e+00   constant   
  20  T_CBO        2.54926e+01   2.74731e+01   1.74729e-05  -3.59033e-01
  21  alpha_A0    -2.90069e-01   1.86120e+00   1.08304e-03  -4.88237e-04
  22  beta_A0     -6.87051e-01   4.46178e+00   1.24786e-03  -5.69208e-03
  23  alpha_phi   -4.74036e-01   3.06475e+00   1.05701e-03   2.53948e-03
  24  beta_phi    -1.41420e+00   9.14382e+00   1.00739e-03  -6.18928e-03
 MIGRAD MINIMIZATION HAS CONVERGED.
 MIGRAD WILL VERIFY CONVERGENCE AND ERROR MATRIX.
 COVARIANCE MATRIX CALCULATED SUCCESSFULLY
 FCN=59.8512 FROM MIGRAD    STATUS=CONVERGED     693 CALLS        4849 TOTAL
                     EDM=1.11825e-05    STRATEGY= 1      ERROR MATRIX ACCURATE 
  EXT PARAMETER                                   STEP         FIRST   
  NO.   NAME      VALUE            ERROR          SIZE      DERIVATIVE 
   1  N0           2.88857e+06     fixed    
   2  tau          6.44131e+01   constant   
   3  A0           3.56037e-01     fixed    
   4  phi          4.11580e+00     fixed    
   5  R           -6.09726e+01   constant   
   6  alpha_CBO   -1.91172e-03     fixed    
   7  w_CBO        2.32500e+00   constant   
   8  beta_CBO    -2.88259e-03     fixed    
   9  alpha_2CBO  -6.13400e-05     fixed    
  10  beta_2CBO   -3.32858e-04   2.01422e-04   7.49601e-07   1.49962e+00
  11  alpha_y      6.30720e-04   1.99194e-04   7.58229e-07  -7.23128e-01
  12  w_y          1.44500e+01   constant   
  13  beta_y       2.11840e-04     fixed    
  14  alpha_vw     0.00000e+00     fixed    
  15  w_vw         1.29000e+01   constant   
  16  beta_vw      0.00000e+00     fixed    
  17  LM           2.63157e-04   constant   
  18  zeta_y       0.00000e+00   constant   
  19  zeta_vw      0.00000e+00   constant   
  20  T_CBO        2.94415e+01   3.16752e+01   2.17186e-05  -1.13868e-01
  21  alpha_A0    -1.31725e-01   7.34153e-01   4.86317e-04   1.38274e-02
  22  beta_A0     -3.07812e-01   1.73162e+00   5.59454e-04  -8.00992e-03
  23  alpha_phi   -2.13154e-01   1.19496e+00   4.73836e-04   8.42270e-03
  24  beta_phi    -6.35039e-01   3.55523e+00   4.52089e-04   3.16271e-03
 EXTERNAL ERROR MATRIX.    NDIM=  25    NPAR=  7    ERR DEF=1
  4.057e-08  1.261e-10  1.286e-04  3.030e-06  1.544e-06  7.384e-06  1.420e-05 
  1.261e-10  3.968e-08  1.131e-04  2.078e-06  6.728e-06  4.164e-06  1.236e-05 
  1.286e-04  1.131e-04  1.015e+03  2.303e+01  5.497e+01  3.786e+01  1.132e+02 
  3.030e-06  2.078e-06  2.303e+01  5.390e-01  1.248e+00  8.599e-01  2.570e+00 
  1.544e-06  6.728e-06  5.497e+01  1.248e+00  2.999e+00  2.051e+00  6.130e+00 
  7.384e-06  4.164e-06  3.786e+01  8.599e-01  2.051e+00  1.428e+00  4.222e+00 
  1.420e-05  1.236e-05  1.132e+02  2.570e+00  6.130e+00  4.222e+00  1.264e+01 
 PARAMETER  CORRELATION COEFFICIENTS  
       NO.  GLOBAL     10     11     20     21     22     23     24
       10  0.21298   1.000  0.003  0.020  0.020  0.004  0.031  0.020
       11  0.03595   0.003  1.000  0.018  0.014  0.020  0.017  0.017
       20  0.99954   0.020  0.018  1.000  0.985  0.996  0.994  0.999
       21  0.98478   0.020  0.014  0.985  1.000  0.982  0.980  0.984
       22  0.99640   0.004  0.020  0.996  0.982  1.000  0.991  0.996
       23  0.99457   0.031  0.017  0.994  0.980  0.991  1.000  0.994
       24  0.99944   0.020  0.017  0.999  0.984  0.996  0.994  1.000
MINUIT - FIT ONLY 2-y
 **********
 **   67 **RES 
 **********
                   PARAMETER   16  beta_vw RESTORED TO VARIABLE.
                   PARAMETER   14  alpha_vw RESTORED TO VARIABLE.
                   PARAMETER   13  beta_y RESTORED TO VARIABLE.
                   PARAMETER    9  alpha_2CBO RESTORED TO VARIABLE.
                   PARAMETER    8  beta_CBO RESTORED TO VARIABLE.
                   PARAMETER    6  alpha_CBO RESTORED TO VARIABLE.
                   PARAMETER    4  phi RESTORED TO VARIABLE.
                   PARAMETER    3  A0 RESTORED TO VARIABLE.
                   PARAMETER    1  N0 RESTORED TO VARIABLE.
 **********
 **   68 **FIX            0
 **********
 PARAMETER    0  IS UNDEFINED. IGNORED.
 **********
 **   69 **FIX            1
 **********
 **********
 **   70 **FIX            2
 **********
 PARAMETER    2  IS CONSTANT.   IGNORED.
 **********
 **   71 **FIX            3
 **********
 **********
 **   72 **FIX            4
 **********
 **********
 **   73 **FIX            5
 **********
 PARAMETER    5  IS CONSTANT.   IGNORED.
 **********
 **   74 **FIX            6
 **********
 **********
 **   75 **FIX            7
 **********
 PARAMETER    7  IS CONSTANT.   IGNORED.
 **********
 **   76 **FIX            8
 **********
 **********
 **   77 **FIX            9
 **********
 **********
 **   78 **FIX           10
 **********
 **********
 **   79 **FIX           11
 **********
 **********
 **   80 **FIX           12
 **********
 PARAMETER   12  IS CONSTANT.   IGNORED.
 **********
 **   81 **FIX           16
 **********
 **********
 **   82 **MIGRAD
 **********
 START MIGRAD MINIMIZATION.  STRATEGY  1.  CONVERGENCE WHEN EDM .LT. 1.00e-04
 FCN=59.8512 FROM MIGRAD    STATUS=INITIATE       16 CALLS        4865 TOTAL
                     EDM= unknown      STRATEGY= 1      NO ERROR MATRIX       
  EXT PARAMETER               CURRENT GUESS       STEP         FIRST   
  NO.   NAME      VALUE            ERROR          SIZE      DERIVATIVE 
   1  N0           2.88857e+06     fixed    
   2  tau          6.44131e+01   constant   
   3  A0           3.56037e-01     fixed    
   4  phi          4.11580e+00     fixed    
   5  R           -6.09726e+01   constant   
   6  alpha_CBO   -1.91172e-03     fixed    
   7  w_CBO        2.32500e+00   constant   
   8  beta_CBO    -2.88259e-03     fixed    
   9  alpha_2CBO  -6.13400e-05     fixed    
  10  beta_2CBO   -3.32858e-04     fixed    
  11  alpha_y      6.30720e-04     fixed    
  12  w_y          1.44500e+01   constant   
  13  beta_y       2.11840e-04   1.96721e-04   1.96721e-04   5.26136e+02
  14  alpha_vw     0.00000e+00   1.00000e-03   1.00000e-03  -1.07327e+04
  15  w_vw         1.29000e+01   constant   
  16  beta_vw      0.00000e+00     fixed    
  17  LM           2.63157e-04   constant   
  18  zeta_y       0.00000e+00   constant   
  19  zeta_vw      0.00000e+00   constant   
  20  T_CBO        2.94415e+01   3.16752e+01   2.17186e-05  -1.13576e-01
  21  alpha_A0    -1.31725e-01   7.34153e-01   4.86317e-04   1.38273e-02
  22  beta_A0     -3.07812e-01   1.73162e+00   5.59454e-04  -8.00983e-03
  23  alpha_phi   -2.13154e-01   1.19496e+00   4.73836e-04   8.42270e-03
  24  beta_phi    -6.35039e-01   3.55523e+00   4.52089e-04   3.16271e-03
 MIGRAD MINIMIZATION HAS CONVERGED.
 MIGRAD WILL VERIFY CONVERGENCE AND ERROR MATRIX.
 COVARIANCE MATRIX CALCULATED SUCCESSFULLY
 FCN=58.7042 FROM HESSE     STATUS=OK             50 CALLS        4962 TOTAL
                     EDM=0.000415534    STRATEGY= 1      ERROR MATRIX ACCURATE 
  EXT PARAMETER                                   STEP         FIRST   
  NO.   NAME      VALUE            ERROR          SIZE      DERIVATIVE 
   1  N0           2.88857e+06     fixed    
   2  tau          6.44131e+01   constant   
   3  A0           3.56037e-01     fixed    
   4  phi          4.11580e+00     fixed    
   5  R           -6.09726e+01   constant   
   6  alpha_CBO   -1.91172e-03     fixed    
   7  w_CBO        2.32500e+00   constant   
   8  beta_CBO    -2.88259e-03     fixed    
   9  alpha_2CBO  -6.13400e-05     fixed    
  10  beta_2CBO   -3.32858e-04     fixed    
  11  alpha_y      6.30720e-04     fixed    
  12  w_y          1.44500e+01   constant   
  13  beta_y       2.02256e-04   1.97289e-04   7.44059e-07  -2.75297e+00
  14  alpha_vw     2.13283e-04   1.99413e-04   7.51595e-07  -1.43640e-01
  15  w_vw         1.29000e+01   constant   
  16  beta_vw      0.00000e+00     fixed    
  17  LM           2.63157e-04   constant   
  18  zeta_y       0.00000e+00   constant   
  19  zeta_vw      0.00000e+00   constant   
