 + ++++++++++++++++++++++++++++++++++++++++++++++++++++++++++++++++++++ +
 +                                                                      +
 +           You have chose to blind your fitting according to          +
 +                omega_ref * (1 + (R +/- deltaR) *10^{-6})             +
 +                                                                      +
 + ++++++++++++++++++++++++++++++++++++++++++++++++++++++++++++++++++++ +
In main()...
reading format from /gm2data/zkhechad/run45/envelope/formats/formatB_sBin_constraintOn.txt
pBinTau 	= 0  
pBinPhi 	= 0  
constraintau 	= 1 
includeMopTerm 	= 0    
constrainMop    = 0   
Parameters after format file: pBinTau 0 pBinPhi 0 constraintau 1 includeMopTerm 0 constrainMop 0 c_e_scale 0.000000 
Opening file /gm2data/tbarrett/gm2fr/studies/run23_bunch_corrections/CorrectedFourier_Run3b.root.
reading full fit data from /gm2data/zkhechad/cboTemplates/Run4CBOTemplates/fullFits/noRF/sBin_constraintOn_cE0.0_seed0_noRF_calo21.root
windowBins = 69
fitting sliding window 210 from bin 346 at 51.474000 to bin 415 at 61.918000 (69 bins)

Reading data from /gm2data/cornell/histograms/aMethod/histogram_a_noRF.root
 **********
 **    1 **SET PRINTOUT            1
 **********
 **********
 **    2 **SET NOWARNINGS 
 **********
 PARAMETER DEFINITIONS:
    NO.   NAME         VALUE      STEP SIZE      LIMITS
     1 N0           2.83609e+06  1.00000e+02     no limits
     2 tau          6.44055e+01  constant
     3 A0           3.54106e-01  1.00000e-04     no limits
     4 phi          4.11637e+00  1.00000e-02     no limits
     5 R           -5.93657e+01  constant
     6 alpha_CBO    0.00000e+00  1.00000e-03     no limits
     7 w_CBO        2.32500e+00  constant
     8 beta_CBO     0.00000e+00  1.00000e-03     no limits
     9 alpha_2CBO   0.00000e+00  1.00000e-03     no limits
    10 beta_2CBO    0.00000e+00  1.00000e-03     no limits
    11 alpha_y      0.00000e+00  1.00000e-03     no limits
    12 w_y          1.38860e+01  constant
    13 beta_y       0.00000e+00  1.00000e-03     no limits
    14 alpha_vw     0.00000e+00  1.00000e-03     no limits
    15 w_vw         1.43404e+01  constant
    16 beta_vw      0.00000e+00  1.00000e-03     no limits
    17 LM           6.62355e-05  constant
    18 zeta_y       0.00000e+00  constant
    19 zeta_vw      0.00000e+00  constant
    20 T_CBO        1.00000e+02  1.00000e+00    0.00000e+00  1.00000e+03
    21 alpha_A0     0.00000e+00  1.00000e-03     no limits
    22 beta_A0      0.00000e+00  1.00000e-03     no limits
    23 alpha_phi    0.00000e+00  1.00000e-03     no limits
    24 beta_phi     0.00000e+00  1.00000e-03     no limits
MINUIT - FIT ONLY WIGGLE
 **********
 **    3 **FIX            5
 **********
 PARAMETER    5  IS CONSTANT.   IGNORED.
 **********
 **    4 **FIX            6
 **********
 **********
 **    5 **FIX            7
 **********
 PARAMETER    7  IS CONSTANT.   IGNORED.
 **********
 **    6 **FIX            8
 **********
 **********
 **    7 **FIX            9
 **********
 **********
 **    8 **FIX           10
 **********
 **********
 **    9 **FIX           11
 **********
 **********
 **   10 **FIX           12
 **********
 PARAMETER   12  IS CONSTANT.   IGNORED.
 **********
 **   11 **FIX           13
 **********
 **********
 **   12 **FIX           14
 **********
 **********
 **   13 **FIX           15
 **********
 PARAMETER   15  IS CONSTANT.   IGNORED.
 **********
 **   14 **FIX           16
 **********
 **********
 **   15 **MIGRAD
 **********
 FIRST CALL TO USER FUNCTION AT NEW START POINT, WITH IFLAG=4.
 START MIGRAD MINIMIZATION.  STRATEGY  1.  CONVERGENCE WHEN EDM .LT. 1.00e-04
 FCN=8023.29 FROM MIGRAD    STATUS=INITIATE      435 CALLS         436 TOTAL
                     EDM= unknown      STRATEGY= 1      NO ERROR MATRIX       
  EXT PARAMETER               CURRENT GUESS       STEP         FIRST   
  NO.   NAME      VALUE            ERROR          SIZE      DERIVATIVE 
   1  N0           2.83609e+06   1.00000e+02   0.00000e+00  -3.85268e-02
   2  tau          6.44055e+01   constant   
   3  A0           3.54106e-01   1.00000e-04   0.00000e+00   1.52604e+05
   4  phi          4.11637e+00   1.00000e-02   0.00000e+00  -1.29848e+05
   5  R           -5.93657e+01   constant   
   6  alpha_CBO    0.00000e+00     fixed    
   7  w_CBO        2.32500e+00   constant   
   8  beta_CBO     0.00000e+00     fixed    
   9  alpha_2CBO   0.00000e+00     fixed    
  10  beta_2CBO    0.00000e+00     fixed    
  11  alpha_y      0.00000e+00     fixed    
  12  w_y          1.38860e+01   constant   
  13  beta_y       0.00000e+00     fixed    
  14  alpha_vw     0.00000e+00     fixed    
  15  w_vw         1.43404e+01   constant   
  16  beta_vw      0.00000e+00     fixed    
  17  LM           6.62355e-05   constant   
  18  zeta_y       0.00000e+00   constant   
  19  zeta_vw      0.00000e+00   constant   
  20  T_CBO        1.00000e+02   1.00000e+00   0.00000e+00   0.00000e+00
  21  alpha_A0     0.00000e+00   1.00000e-03   0.00000e+00   4.29343e+04
  22  beta_A0      0.00000e+00   1.00000e-03   0.00000e+00   1.04562e+03
  23  alpha_phi    0.00000e+00   1.00000e-03   0.00000e+00  -6.32529e+03
  24  beta_phi     0.00000e+00   1.00000e-03   0.00000e+00   1.66473e+04
 MIGRAD MINIMIZATION HAS CONVERGED.
 FCN=7527.42 FROM MIGRAD    STATUS=CONVERGED     911 CALLS         912 TOTAL
                     EDM=6.73073e-06    STRATEGY= 1  ERROR MATRIX UNCERTAINTY   0.3 per cent
  EXT PARAMETER                                   STEP         FIRST   
  NO.   NAME      VALUE            ERROR          SIZE      DERIVATIVE 
   1  N0           2.83599e+06   1.96295e+02   1.58401e-02  -5.03420e-06
   2  tau          6.44055e+01   constant   
   3  A0           3.53564e-01   8.52548e-05  -4.39040e-08  -1.56718e+01
   4  phi          4.12026e+00   2.46237e-04   2.44227e-08   4.54679e+00
   5  R           -5.93657e+01   constant   
   6  alpha_CBO    0.00000e+00     fixed    
   7  w_CBO        2.32500e+00   constant   
   8  beta_CBO     0.00000e+00     fixed    
   9  alpha_2CBO   0.00000e+00     fixed    
  10  beta_2CBO    0.00000e+00     fixed    
  11  alpha_y      0.00000e+00     fixed    
  12  w_y          1.38860e+01   constant   
  13  beta_y       0.00000e+00     fixed    
  14  alpha_vw     0.00000e+00     fixed    
  15  w_vw         1.43404e+01   constant   
  16  beta_vw      0.00000e+00     fixed    
  17  LM           6.62355e-05   constant   
  18  zeta_y       0.00000e+00   constant   
  19  zeta_vw      0.00000e+00   constant   
  20  T_CBO        9.99979e+02   9.04421e+02   1.31346e-03  -1.07798e-03
  21  alpha_A0    -5.04305e-03   3.74784e-04  -2.21203e-06   2.93522e-01
  22  beta_A0     -5.02676e-05   3.92708e-04  -3.76811e-07  -3.53505e+00
  23  alpha_phi   -5.20482e-06   4.13744e-04  -7.14364e-08   1.80900e+00
  24  beta_phi    -1.62326e-03   3.54109e-04  -1.89031e-07  -2.24400e-01
 EXTERNAL ERROR MATRIX.    NDIM=  25    NPAR=  8    ERR DEF=1
  3.853e+04  2.109e-03 -6.194e-03 -2.926e+01  8.251e-03 -1.415e-02 -9.765e-03 -1.139e-02 
  2.109e-03  7.268e-09  6.475e-10 -7.318e-05  2.851e-09  3.615e-10  6.976e-09  1.799e-10 
 -6.194e-03  6.475e-10  6.063e-08  5.977e-05  9.124e-10  8.700e-09  6.656e-09  3.870e-09 
 -2.926e+01 -7.318e-05  5.977e-05  3.495e+02  1.089e-04 -2.156e-04 -4.116e-05  4.079e-04 
  8.251e-03  2.851e-09  9.124e-10  1.089e-04  1.405e-07  1.024e-09  1.487e-08  2.826e-09 
 -1.415e-02  3.615e-10  8.700e-09 -2.156e-04  1.024e-09  1.542e-07  2.261e-08  1.468e-08 
 -9.765e-03  6.976e-09  6.656e-09 -4.116e-05  1.487e-08  2.261e-08  1.712e-07  5.376e-09 
 -1.139e-02  1.799e-10  3.870e-09  4.079e-04  2.826e-09  1.468e-08  5.376e-09  1.254e-07 
 PARAMETER  CORRELATION COEFFICIENTS  
       NO.  GLOBAL      1      3      4     20     21     22     23     24
        1  0.33210   1.000  0.126 -0.128 -0.008  0.112 -0.184 -0.120 -0.164
        3  0.26157   0.126  1.000  0.031 -0.046  0.089  0.011  0.198  0.006
        4  0.15780  -0.128  0.031  1.000  0.013  0.010  0.090  0.065  0.044
       20  0.08827  -0.008 -0.046  0.013  1.000  0.016 -0.029 -0.005  0.062
       21  0.17204   0.112  0.089  0.010  0.016  1.000  0.007  0.096  0.021
       22  0.24098  -0.184  0.011  0.090 -0.029  0.007  1.000  0.139  0.106
       23  0.28687  -0.120  0.198  0.065 -0.005  0.096  0.139  1.000  0.037
       24  0.19709  -0.164  0.006  0.044  0.062  0.021  0.106  0.037  1.000
MINUIT - FIT ONLY 1-CBO + wiggle
 **********
 **   16 **RES 
 **********
                   PARAMETER   16  beta_vw RESTORED TO VARIABLE.
                   PARAMETER   14  alpha_vw RESTORED TO VARIABLE.
                   PARAMETER   13  beta_y RESTORED TO VARIABLE.
                   PARAMETER   11  alpha_y RESTORED TO VARIABLE.
                   PARAMETER   10  beta_2CBO RESTORED TO VARIABLE.
                   PARAMETER    9  alpha_2CBO RESTORED TO VARIABLE.
                   PARAMETER    8  beta_CBO RESTORED TO VARIABLE.
                   PARAMETER    6  alpha_CBO RESTORED TO VARIABLE.
 **********
 **   17 **FIX            8
 **********
 **********
 **   18 **FIX            9
 **********
 **********
 **   19 **FIX           11
 **********
 **********
 **   20 **FIX           12
 **********
 PARAMETER   12  IS CONSTANT.   IGNORED.
 **********
 **   21 **FIX           14
 **********
 **********
 **   22 **FIX           15
 **********
 PARAMETER   15  IS CONSTANT.   IGNORED.
 **********
 **   23 **FIX           16
 **********
 **********
 **   24 **MIGRAD
 **********
 START MIGRAD MINIMIZATION.  STRATEGY  1.  CONVERGENCE WHEN EDM .LT. 1.00e-04
 FCN=7527.42 FROM MIGRAD    STATUS=INITIATE       28 CALLS         940 TOTAL
                     EDM= unknown      STRATEGY= 1      NO ERROR MATRIX       
  EXT PARAMETER               CURRENT GUESS       STEP         FIRST   
  NO.   NAME      VALUE            ERROR          SIZE      DERIVATIVE 
   1  N0           2.83599e+06   1.96295e+02   1.58401e-02  -5.03421e-06
   2  tau          6.44055e+01   constant   
   3  A0           3.53564e-01   8.52548e-05  -4.39040e-08  -1.56718e+01
   4  phi          4.12026e+00   2.46237e-04   2.44227e-08   4.54679e+00
   5  R           -5.93657e+01   constant   
   6  alpha_CBO    0.00000e+00   1.00000e-03   1.00000e-03   1.63113e+06
   7  w_CBO        2.32500e+00   constant   
   8  beta_CBO     0.00000e+00     fixed    
   9  alpha_2CBO   0.00000e+00     fixed    
  10  beta_2CBO    0.00000e+00   1.00000e-03   1.00000e-03   3.36715e+04
  11  alpha_y      0.00000e+00     fixed    
  12  w_y          1.38860e+01   constant   
  13  beta_y       0.00000e+00   1.00000e-03   1.00000e-03  -3.30246e+05
  14  alpha_vw     0.00000e+00     fixed    
  15  w_vw         1.43404e+01   constant   
  16  beta_vw      0.00000e+00     fixed    
  17  LM           6.62355e-05   constant   
  18  zeta_y       0.00000e+00   constant   
  19  zeta_vw      0.00000e+00   constant   
  20  T_CBO        9.99979e+02   9.04421e+02   1.31346e-03  -1.08028e-03
  21  alpha_A0    -5.04305e-03   3.74784e-04  -2.21203e-06   2.93482e-01
  22  beta_A0     -5.02676e-05   3.92708e-04  -3.76811e-07  -3.53505e+00
  23  alpha_phi   -5.20482e-06   4.13744e-04  -7.14364e-08   1.80901e+00
  24  beta_phi    -1.62326e-03   3.54109e-04  -1.89031e-07  -2.24401e-01
 MIGRAD MINIMIZATION HAS CONVERGED.
 FCN=890.552 FROM MIGRAD    STATUS=CONVERGED     204 CALLS        1116 TOTAL
                     EDM=8.43796e-06    STRATEGY= 1  ERROR MATRIX UNCERTAINTY   2.1 per cent
  EXT PARAMETER                                   STEP         FIRST   
  NO.   NAME      VALUE            ERROR          SIZE      DERIVATIVE 
   1  N0           2.83644e+06   1.99835e+02  -3.67332e-01  -1.84030e-06
   2  tau          6.44055e+01   constant   
   3  A0           3.54484e-01   8.79434e-05  -3.84628e-07  -2.61758e+01
   4  phi          4.11760e+00   2.61680e-04  -9.05159e-08  -1.11858e+00
   5  R           -5.93657e+01   constant   
   6  alpha_CBO   -7.84022e-03   9.80218e-05  -3.82005e-08  -3.40742e+00
   7  w_CBO        2.32500e+00   constant   
   8  beta_CBO     0.00000e+00     fixed    
   9  alpha_2CBO   0.00000e+00     fixed    
  10  beta_2CBO    3.82891e-04   9.19336e-05   3.88777e-07   1.00944e+01
  11  alpha_y      0.00000e+00     fixed    
  12  w_y          1.38860e+01   constant   
  13  beta_y       1.50459e-03   9.19048e-05  -3.48007e-07  -1.63343e+01
  14  alpha_vw     0.00000e+00     fixed    
  15  w_vw         1.43404e+01   constant   
  16  beta_vw      0.00000e+00     fixed    
  17  LM           6.62355e-05   constant   
  18  zeta_y       0.00000e+00   constant   
  19  zeta_vw      0.00000e+00   constant   
  20  T_CBO        9.99675e+02   5.34544e+02   2.86310e-02  -1.04339e-03
  21  alpha_A0    -1.09280e-03   3.75364e-04  -7.70100e-07  -9.76000e-01
  22  beta_A0      8.29294e-04   3.86888e-04  -6.28090e-07  -2.12675e+00
  23  alpha_phi   -2.74316e-03   3.94666e-04  -8.02756e-07  -3.57903e+00
  24  beta_phi    -1.38257e-03   3.43844e-04  -3.16289e-07   5.77522e-01
 EXTERNAL ERROR MATRIX.    NDIM=  25    NPAR= 11    ERR DEF=1
  3.993e+04 
  1.625e-03  7.734e-09 
 -8.316e-03  9.457e-10  6.848e-08 
 -4.809e-04 -1.128e-09  3.266e-09  9.608e-09 
 -3.800e-04 -1.490e-10 -6.881e-10 -6.506e-10  8.452e-09 
 -2.801e-04 -1.753e-10  1.139e-10 -1.073e-10  5.776e-12  8.446e-09 
 -1.069e+03 -2.140e-03 -1.827e-03 -1.564e-04  2.019e-03 -1.181e-03  1.061e+04 
  8.505e-03  1.914e-09  3.456e-10 -4.724e-09 -2.265e-09  3.268e-10 -5.536e-03  1.409e-07 
 -1.348e-02  4.404e-10  7.281e-09 -1.203e-09  2.068e-09 -5.051e-10 -2.647e-03  3.745e-09  1.497e-07 
 -1.148e-02  4.743e-09  6.759e-09  3.456e-09 -3.914e-09 -4.476e-10 -7.110e-03  8.310e-09  1.103e-08  1.558e-07 
 -1.145e-02  1.487e-10  4.282e-09 -3.426e-10 -1.004e-09 -1.272e-10 -9.246e-04 -2.750e-09  7.054e-09 -4.857e-09  1.182e-07 
 PARAMETER  CORRELATION COEFFICIENTS  
       NO.  GLOBAL      1      3      4      6     10     13     20     21     22     23     24
        1  0.35396   1.000  0.092 -0.159 -0.025 -0.021 -0.015 -0.052  0.113 -0.174 -0.146 -0.167
        3  0.31862   0.092  1.000  0.041 -0.131 -0.018 -0.022 -0.236  0.058  0.013  0.137  0.005
        4  0.22882  -0.159  0.041  1.000  0.127 -0.029  0.005 -0.068  0.004  0.072  0.065  0.048
        6  0.26330  -0.025 -0.131  0.127  1.000 -0.072 -0.012 -0.015 -0.128 -0.032  0.089 -0.010
       10  0.25536  -0.021 -0.018 -0.029 -0.072  1.000  0.001  0.213 -0.066  0.058 -0.108 -0.032
       13  0.14724  -0.015 -0.022  0.005 -0.012  0.001  1.000 -0.125  0.009 -0.014 -0.012 -0.004
       20  0.39311  -0.052 -0.236 -0.068 -0.015  0.213 -0.125  1.000 -0.143 -0.066 -0.175 -0.026
       21  0.23474   0.113  0.058  0.004 -0.128 -0.066  0.009 -0.143  1.000  0.026  0.056 -0.021
       22  0.22004  -0.174  0.013  0.072 -0.032  0.058 -0.014 -0.066  0.026  1.000  0.072  0.053
       23  0.30374  -0.146  0.137  0.065  0.089 -0.108 -0.012 -0.175  0.056  0.072  1.000 -0.036
       24  0.19131  -0.167  0.005  0.048 -0.010 -0.032 -0.004 -0.026 -0.021  0.053 -0.036  1.000
MINUIT - FIT ONLY 2-CBO
 **********
 **   25 **RES 
 **********
                   PARAMETER   16  beta_vw RESTORED TO VARIABLE.
                   PARAMETER   14  alpha_vw RESTORED TO VARIABLE.
                   PARAMETER   11  alpha_y RESTORED TO VARIABLE.
                   PARAMETER    9  alpha_2CBO RESTORED TO VARIABLE.
                   PARAMETER    8  beta_CBO RESTORED TO VARIABLE.
 **********
 **   26 **FIX            0
 **********
 PARAMETER    0  IS UNDEFINED. IGNORED.
 **********
 **   27 **FIX            1
 **********
 **********
 **   28 **FIX            2
 **********
 PARAMETER    2  IS CONSTANT.   IGNORED.
 **********
 **   29 **FIX            3
 **********
 **********
 **   30 **FIX            4
 **********
 **********
 **   31 **FIX            5
 **********
 PARAMETER    5  IS CONSTANT.   IGNORED.
 **********
 **   32 **FIX            6
 **********
 **********
 **   33 **FIX            7
 **********
 PARAMETER    7  IS CONSTANT.   IGNORED.
 **********
 **   34 **FIX           10
 **********
 **********
 **   35 **FIX           11
 **********
 **********
 **   36 **FIX           12
 **********
 PARAMETER   12  IS CONSTANT.   IGNORED.
 **********
 **   37 **FIX           13
 **********
 **********
 **   38 **FIX           14
 **********
 **********
 **   39 **FIX           15
 **********
 PARAMETER   15  IS CONSTANT.   IGNORED.
 **********
 **   40 **FIX           16
 **********
 **********
 **   41 **MIGRAD
 **********
 START MIGRAD MINIMIZATION.  STRATEGY  1.  CONVERGENCE WHEN EDM .LT. 1.00e-04
 FCN=890.552 FROM MIGRAD    STATUS=INITIATE       18 CALLS        1134 TOTAL
                     EDM= unknown      STRATEGY= 1      NO ERROR MATRIX       
  EXT PARAMETER               CURRENT GUESS       STEP         FIRST   
  NO.   NAME      VALUE            ERROR          SIZE      DERIVATIVE 
   1  N0           2.83644e+06     fixed    
   2  tau          6.44055e+01   constant   
   3  A0           3.54484e-01     fixed    
   4  phi          4.11760e+00     fixed    
   5  R           -5.93657e+01   constant   
   6  alpha_CBO   -7.84022e-03     fixed    
   7  w_CBO        2.32500e+00   constant   
   8  beta_CBO     0.00000e+00   1.00000e-03   1.00000e-03  -5.04381e+05
   9  alpha_2CBO   0.00000e+00   1.00000e-03   1.00000e-03  -4.92134e+03
  10  beta_2CBO    3.82891e-04     fixed    
  11  alpha_y      0.00000e+00     fixed    
  12  w_y          1.38860e+01   constant   
  13  beta_y       1.50459e-03     fixed    
  14  alpha_vw     0.00000e+00     fixed    
  15  w_vw         1.43404e+01   constant   
  16  beta_vw      0.00000e+00     fixed    
  17  LM           6.62355e-05   constant   
  18  zeta_y       0.00000e+00   constant   
  19  zeta_vw      0.00000e+00   constant   
  20  T_CBO        9.99675e+02   5.34544e+02   2.86310e-02  -1.04453e-03
  21  alpha_A0    -1.09280e-03   3.75364e-04  -7.70100e-07  -9.75995e-01
  22  beta_A0      8.29294e-04   3.86888e-04  -6.28090e-07  -2.12677e+00
  23  alpha_phi   -2.74316e-03   3.94666e-04  -8.02756e-07  -3.57903e+00
  24  beta_phi    -1.38257e-03   3.43844e-04  -3.16289e-07   5.77522e-01
 MIGRAD MINIMIZATION HAS CONVERGED.
 MIGRAD WILL VERIFY CONVERGENCE AND ERROR MATRIX.
 COVARIANCE MATRIX CALCULATED SUCCESSFULLY
 FCN=320.771 FROM MIGRAD    STATUS=CONVERGED     155 CALLS        1271 TOTAL
                     EDM=2.11863e-05    STRATEGY= 1      ERROR MATRIX ACCURATE 
  EXT PARAMETER                                   STEP         FIRST   
  NO.   NAME      VALUE            ERROR          SIZE      DERIVATIVE 
   1  N0           2.83644e+06     fixed    
   2  tau          6.44055e+01   constant   
   3  A0           3.54484e-01     fixed    
   4  phi          4.11760e+00     fixed    
   5  R           -5.93657e+01   constant   
   6  alpha_CBO   -7.84022e-03     fixed    
   7  w_CBO        2.32500e+00   constant   
   8  beta_CBO     2.25861e-03   9.46310e-05   8.05928e-07  -3.75690e-02
   9  alpha_2CBO   8.67282e-05   9.61149e-05   8.21556e-07  -1.45489e+01
  10  beta_2CBO    3.82891e-04     fixed    
  11  alpha_y      0.00000e+00     fixed    
  12  w_y          1.38860e+01   constant   
  13  beta_y       1.50459e-03     fixed    
  14  alpha_vw     0.00000e+00     fixed    
  15  w_vw         1.43404e+01   constant   
  16  beta_vw      0.00000e+00     fixed    
  17  LM           6.62355e-05   constant   
  18  zeta_y       0.00000e+00   constant   
  19  zeta_vw      0.00000e+00   constant   
  20  T_CBO        9.98907e+02   6.23089e+02   1.78465e-01  -3.26082e-04
  21  alpha_A0    -1.32066e-03   3.72364e-04   3.21998e-06  -6.95873e+00
  22  beta_A0     -7.20067e-04   3.87666e-04   3.32422e-06   2.52291e+00
  23  alpha_phi   -3.10270e-03   3.92813e-04   3.37802e-06  -1.48478e+00
  24  beta_phi    -6.78256e-05   3.50831e-04   2.99743e-06   2.41924e+00
 EXTERNAL ERROR MATRIX.    NDIM=  25    NPAR=  7    ERR DEF=1
  8.955e-09  2.523e-10  2.174e-05 -9.363e-10 -6.212e-09 -1.396e-09  5.158e-09 
  2.523e-10  9.238e-09 -6.193e-06  3.529e-09  3.342e-09 -3.797e-09  4.817e-09 
  2.174e-05 -6.193e-06  3.437e+05 -9.194e-03 -4.532e-03 -2.084e-02  1.234e-04 
 -9.363e-10  3.529e-09 -9.194e-03  1.387e-07  5.380e-09  1.415e-08  6.472e-09 
 -6.212e-09  3.342e-09 -4.532e-03  5.380e-09  1.503e-07  7.970e-09  5.402e-10 
 -1.396e-09 -3.797e-09 -2.084e-02  1.415e-08  7.970e-09  1.543e-07 -9.835e-09 
  5.158e-09  4.817e-09  1.234e-04  6.472e-09  5.402e-10 -9.835e-09  1.231e-07 
 PARAMETER  CORRELATION COEFFICIENTS  
       NO.  GLOBAL      8      9     20     21     22     23     24
        8  0.23356   1.000  0.028  0.000 -0.027 -0.169 -0.038  0.155
        9  0.21824   0.028  1.000 -0.000  0.099  0.090 -0.101  0.143
       20  0.09784   0.000 -0.000  1.000 -0.042 -0.020 -0.090  0.001
       21  0.15918  -0.027  0.099 -0.042  1.000  0.037  0.097  0.050
       22  0.20396  -0.169  0.090 -0.020  0.037  1.000  0.052  0.004
       23  0.19000  -0.038 -0.101 -0.090  0.097  0.052  1.000 -0.071
       24  0.22035   0.155  0.143  0.001  0.050  0.004 -0.071  1.000
MINUIT - FIT wiggle + 1-CBO + 2-CBO
 **********
 **   42 **RES 
 **********
                   PARAMETER   16  beta_vw RESTORED TO VARIABLE.
                   PARAMETER   14  alpha_vw RESTORED TO VARIABLE.
                   PARAMETER   13  beta_y RESTORED TO VARIABLE.
                   PARAMETER   11  alpha_y RESTORED TO VARIABLE.
                   PARAMETER   10  beta_2CBO RESTORED TO VARIABLE.
                   PARAMETER    6  alpha_CBO RESTORED TO VARIABLE.
                   PARAMETER    4  phi RESTORED TO VARIABLE.
                   PARAMETER    3  A0 RESTORED TO VARIABLE.
                   PARAMETER    1  N0 RESTORED TO VARIABLE.
 **********
 **   43 **FIX           10
 **********
 **********
 **   44 **FIX           11
 **********
 **********
 **   45 **FIX           12
 **********
 PARAMETER   12  IS CONSTANT.   IGNORED.
 **********
 **   46 **FIX           13
 **********
 **********
 **   47 **FIX           14
 **********
 **********
 **   48 **FIX           15
 **********
 PARAMETER   15  IS CONSTANT.   IGNORED.
 **********
 **   49 **FIX           16
 **********
 **********
 **   50 **MIGRAD
 **********
 START MIGRAD MINIMIZATION.  STRATEGY  1.  CONVERGENCE WHEN EDM .LT. 1.00e-04
 FCN=320.771 FROM MIGRAD    STATUS=INITIATE       22 CALLS        1293 TOTAL
                     EDM= unknown      STRATEGY= 1      NO ERROR MATRIX       
  EXT PARAMETER               CURRENT GUESS       STEP         FIRST   
  NO.   NAME      VALUE            ERROR          SIZE      DERIVATIVE 
   1  N0           2.83644e+06   1.99835e+02   1.99835e+02   1.56812e-02
   2  tau          6.44055e+01   constant   
   3  A0           3.54484e-01   8.79434e-05   8.79434e-05   1.07607e+05
   4  phi          4.11760e+00   2.61680e-04   2.61680e-04   2.90815e+04
   5  R           -5.93657e+01   constant   
   6  alpha_CBO   -7.84022e-03   9.80218e-05   9.80218e-05   1.23026e+04
   7  w_CBO        2.32500e+00   constant   
   8  beta_CBO     2.25861e-03   9.46310e-05   8.05928e-07  -3.75709e-02
   9  alpha_2CBO   8.67282e-05   9.61149e-05   8.21556e-07  -1.45489e+01
  10  beta_2CBO    3.82891e-04     fixed    
  11  alpha_y      0.00000e+00     fixed    
  12  w_y          1.38860e+01   constant   
  13  beta_y       1.50459e-03     fixed    
  14  alpha_vw     0.00000e+00     fixed    
  15  w_vw         1.43404e+01   constant   
  16  beta_vw      0.00000e+00     fixed    
  17  LM           6.62355e-05   constant   
  18  zeta_y       0.00000e+00   constant   
  19  zeta_vw      0.00000e+00   constant   
  20  T_CBO        9.98907e+02   6.23089e+02   1.78465e-01  -3.45950e-04
  21  alpha_A0    -1.32066e-03   3.72364e-04   3.21998e-06  -6.95880e+00
  22  beta_A0     -7.20067e-04   3.87666e-04   3.32422e-06   2.52297e+00
  23  alpha_phi   -3.10270e-03   3.92813e-04   3.37802e-06  -1.48478e+00
  24  beta_phi    -6.78256e-05   3.50831e-04   2.99743e-06   2.41924e+00
 MIGRAD MINIMIZATION HAS CONVERGED.
 FCN=276.891 FROM MIGRAD    STATUS=CONVERGED     320 CALLS        1591 TOTAL
                     EDM=8.47918e-06    STRATEGY= 1  ERROR MATRIX UNCERTAINTY   1.4 per cent
  EXT PARAMETER                                   STEP         FIRST   
  NO.   NAME      VALUE            ERROR          SIZE      DERIVATIVE 
   1  N0           2.83615e+06   1.90079e+02   1.49774e-01  -8.79015e-06
   2  tau          6.44055e+01   constant   
   3  A0           3.53997e-01   9.06111e-05   4.98815e-08   2.80288e+00
   4  phi          4.11656e+00   2.55580e-04  -2.89556e-07  -1.83664e+00
   5  R           -5.93657e+01   constant   
   6  alpha_CBO   -7.88415e-03   9.27220e-05  -6.95736e-08   1.88816e+00
   7  w_CBO        2.32500e+00   constant   
   8  beta_CBO     2.43257e-03   9.47546e-05  -1.86734e-07  -2.43822e+01
   9  alpha_2CBO   1.04380e-04   9.37221e-05  -4.54197e-08   6.31158e-01
  10  beta_2CBO    3.82891e-04     fixed    
  11  alpha_y      0.00000e+00     fixed    
  12  w_y          1.38860e+01   constant   
  13  beta_y       1.50459e-03     fixed    
  14  alpha_vw     0.00000e+00     fixed    
  15  w_vw         1.43404e+01   constant   
  16  beta_vw      0.00000e+00     fixed    
  17  LM           6.62355e-05   constant   
  18  zeta_y       0.00000e+00   constant   
  19  zeta_vw      0.00000e+00   constant   
  20  T_CBO        9.99569e+02   8.75546e+02   2.80379e-02  -2.84849e-04
  21  alpha_A0    -1.57363e-03   3.70058e-04  -8.72429e-07  -2.16014e+00
  22  beta_A0     -9.07728e-04   3.92549e-04  -7.75804e-07   2.99082e+00
  23  alpha_phi   -3.63166e-03   4.46754e-04  -1.42208e-06  -2.26000e+00
  24  beta_phi     7.45341e-05   3.55664e-04  -6.14573e-07   4.77733e-01
 EXTERNAL ERROR MATRIX.    NDIM=  25    NPAR= 11    ERR DEF=1
  3.613e+04 
  1.860e-03  8.210e-09 
 -5.941e-03  2.344e-09  6.532e-08 
  3.310e-04 -5.987e-10  1.478e-09  8.597e-09 
 -1.657e-03 -2.005e-09 -3.822e-09  1.458e-10  8.978e-09 
 -2.732e-05 -4.121e-10  2.085e-10  2.536e-10  5.208e-10  8.784e-09 
 -3.644e+02  8.645e-04 -3.964e-03 -9.107e-04 -4.198e-03  9.257e-05  1.203e+05 
  3.039e-03  2.373e-09  7.953e-09 -2.598e-09 -3.634e-09  2.472e-10  1.411e-02  1.369e-07 
 -8.489e-03  2.913e-09  7.284e-09 -1.441e-10 -5.857e-09  1.113e-09  5.988e-03  3.900e-09  1.541e-07 
 -9.954e-03  8.752e-09  8.068e-09  3.358e-10 -5.322e-09 -3.752e-10  5.415e-02  2.707e-08  1.666e-08  1.996e-07 
 -8.517e-03 -2.029e-09  1.568e-09  2.106e-09  5.709e-09  2.302e-09 -1.411e-02 -2.667e-09  2.383e-10 -1.533e-08  1.265e-07 
 PARAMETER  CORRELATION COEFFICIENTS  
       NO.  GLOBAL      1      3      4      6      8      9     20     21     22     23     24
        1  0.30224   1.000  0.108 -0.122  0.019 -0.092 -0.002 -0.006  0.043 -0.114 -0.117 -0.126
        3  0.34875   0.108  1.000  0.101 -0.071 -0.234 -0.049  0.028  0.071  0.082  0.216 -0.063
        4  0.26201  -0.122  0.101  1.000  0.062 -0.158  0.009 -0.045  0.084  0.073  0.071  0.017
        6  0.15582   0.019 -0.071  0.062  1.000  0.017  0.029 -0.028 -0.076 -0.004  0.008  0.064
        8  0.37297  -0.092 -0.234 -0.158  0.017  1.000  0.059 -0.128 -0.104 -0.157 -0.126  0.169
        9  0.10682  -0.002 -0.049  0.009  0.029  0.059  1.000  0.003  0.007  0.030 -0.009  0.069
       20  0.38502  -0.006  0.028 -0.045 -0.028 -0.128  0.003  1.000  0.110  0.044  0.349 -0.114
       21  0.22680   0.043  0.071  0.084 -0.076 -0.104  0.007  0.110  1.000  0.027  0.164 -0.020
       22  0.22319  -0.114  0.082  0.073 -0.004 -0.157  0.030  0.044  0.027  1.000  0.095  0.002
       23  0.45509  -0.117  0.216  0.071  0.008 -0.126 -0.009  0.349  0.164  0.095  1.000 -0.097
       24  0.25005  -0.126 -0.063  0.017  0.064  0.169  0.069 -0.114 -0.020  0.002 -0.097  1.000
MINUIT - FIT ONLY 1-y
 **********
 **   51 **RES 
 **********
                   PARAMETER   16  beta_vw RESTORED TO VARIABLE.
                   PARAMETER   14  alpha_vw RESTORED TO VARIABLE.
                   PARAMETER   13  beta_y RESTORED TO VARIABLE.
                   PARAMETER   11  alpha_y RESTORED TO VARIABLE.
                   PARAMETER   10  beta_2CBO RESTORED TO VARIABLE.
 **********
 **   52 **FIX            0
 **********
 PARAMETER    0  IS UNDEFINED. IGNORED.
 **********
 **   53 **FIX            1
 **********
 **********
 **   54 **FIX            2
 **********
 PARAMETER    2  IS CONSTANT.   IGNORED.
 **********
 **   55 **FIX            3
 **********
 **********
 **   56 **FIX            4
 **********
 **********
 **   57 **FIX            5
 **********
 PARAMETER    5  IS CONSTANT.   IGNORED.
 **********
 **   58 **FIX            6
 **********
 **********
 **   59 **FIX            7
 **********
 PARAMETER    7  IS CONSTANT.   IGNORED.
 **********
 **   60 **FIX            8
 **********
 **********
 **   61 **FIX            9
 **********
 **********
 **   62 **FIX           13
 **********
 **********
 **   63 **FIX           14
 **********
 **********
 **   64 **FIX           15
 **********
 PARAMETER   15  IS CONSTANT.   IGNORED.
 **********
 **   65 **FIX           16
 **********
 **********
 **   66 **MIGRAD
 **********
 START MIGRAD MINIMIZATION.  STRATEGY  1.  CONVERGENCE WHEN EDM .LT. 1.00e-04
 FCN=276.891 FROM MIGRAD    STATUS=INITIATE       16 CALLS        1607 TOTAL
                     EDM= unknown      STRATEGY= 1      NO ERROR MATRIX       
  EXT PARAMETER               CURRENT GUESS       STEP         FIRST   
  NO.   NAME      VALUE            ERROR          SIZE      DERIVATIVE 
   1  N0           2.83615e+06     fixed    
   2  tau          6.44055e+01   constant   
   3  A0           3.53997e-01     fixed    
   4  phi          4.11656e+00     fixed    
   5  R           -5.93657e+01   constant   
   6  alpha_CBO   -7.88415e-03     fixed    
   7  w_CBO        2.32500e+00   constant   
   8  beta_CBO     2.43257e-03     fixed    
   9  alpha_2CBO   1.04380e-04     fixed    
  10  beta_2CBO    3.82891e-04   9.19336e-05   9.19336e-05  -8.18084e+02
  11  alpha_y      0.00000e+00   1.00000e-03   1.00000e-03   1.09104e+05
  12  w_y          1.38860e+01   constant   
  13  beta_y       1.50459e-03     fixed    
  14  alpha_vw     0.00000e+00     fixed    
  15  w_vw         1.43404e+01   constant   
  16  beta_vw      0.00000e+00     fixed    
  17  LM           6.62355e-05   constant   
  18  zeta_y       0.00000e+00   constant   
  19  zeta_vw      0.00000e+00   constant   
  20  T_CBO        9.99569e+02   8.75546e+02   2.80379e-02  -3.06821e-04
  21  alpha_A0    -1.57363e-03   3.70058e-04  -8.72429e-07  -2.16015e+00
  22  beta_A0     -9.07728e-04   3.92549e-04  -7.75804e-07   2.99082e+00
  23  alpha_phi   -3.63166e-03   4.46754e-04  -1.42208e-06  -2.26000e+00
  24  beta_phi     7.45341e-05   3.55664e-04  -6.14573e-07   4.77732e-01
 MIGRAD MINIMIZATION HAS CONVERGED.
 MIGRAD WILL VERIFY CONVERGENCE AND ERROR MATRIX.
 COVARIANCE MATRIX CALCULATED SUCCESSFULLY
 FCN=251.011 FROM MIGRAD    STATUS=CONVERGED     137 CALLS        1728 TOTAL
                     EDM=3.84223e-07    STRATEGY= 1      ERROR MATRIX ACCURATE 
  EXT PARAMETER                                   STEP         FIRST   
  NO.   NAME      VALUE            ERROR          SIZE      DERIVATIVE 
   1  N0           2.83615e+06     fixed    
   2  tau          6.44055e+01   constant   
   3  A0           3.53997e-01     fixed    
   4  phi          4.11656e+00     fixed    
   5  R           -5.93657e+01   constant   
   6  alpha_CBO   -7.88415e-03     fixed    
   7  w_CBO        2.32500e+00   constant   
   8  beta_CBO     2.43257e-03     fixed    
   9  alpha_2CBO   1.04380e-04     fixed    
  10  beta_2CBO    3.91616e-04   9.49758e-05   7.19828e-07   1.38519e+00
  11  alpha_y     -4.74351e-04   9.32451e-05   7.22427e-07   4.62427e-02
  12  w_y          1.38860e+01   constant   
  13  beta_y       1.50459e-03     fixed    
  14  alpha_vw     0.00000e+00     fixed    
  15  w_vw         1.43404e+01   constant   
  16  beta_vw      0.00000e+00     fixed    
  17  LM           6.62355e-05   constant   
  18  zeta_y       0.00000e+00   constant   
  19  zeta_vw      0.00000e+00   constant   
  20  T_CBO        9.99998e+02   7.70286e+02   1.11463e-01  -2.60695e-05
  21  alpha_A0    -1.53839e-03   3.75083e-04   2.85243e-06  -1.54657e+00
  22  beta_A0     -8.95050e-04   3.81904e-04   2.94401e-06   7.84376e-01
  23  alpha_phi   -3.59280e-03   4.00109e-04   2.99318e-06   1.08132e+00
  24  beta_phi     7.99496e-05   3.45072e-04   2.65632e-06  -2.17079e-01
 EXTERNAL ERROR MATRIX.    NDIM=  25    NPAR=  7    ERR DEF=1
  9.020e-09 -9.231e-11  1.007e-06 -4.585e-09  2.556e-09 -4.777e-09 -2.975e-09 
 -9.231e-11  8.695e-09  4.778e-07 -6.804e-10 -2.141e-10 -7.422e-10 -1.209e-10 
  1.007e-06  4.778e-07  3.552e+02 -6.102e-04 -3.399e-04 -1.433e-03  5.813e-05 
 -4.585e-09 -6.804e-10 -6.102e-04  1.407e-07  2.578e-09  2.003e-08  6.631e-09 
  2.556e-09 -2.141e-10 -3.399e-04  2.578e-09  1.459e-07  8.187e-09  1.538e-09 
 -4.777e-09 -7.422e-10 -1.433e-03  2.003e-08  8.187e-09  1.601e-07 -5.791e-09 
 -2.975e-09 -1.209e-10  5.813e-05  6.631e-09  1.538e-09 -5.791e-09  1.191e-07 
 PARAMETER  CORRELATION COEFFICIENTS  
       NO.  GLOBAL     10     11     20     21     22     23     24
       10  0.20968   1.000 -0.010  0.001 -0.129  0.070 -0.126 -0.091
       11  0.03122  -0.010  1.000  0.000 -0.019 -0.006 -0.020 -0.004
       20  0.20506   0.001  0.000  1.000 -0.086 -0.047 -0.190  0.009
       21  0.19355  -0.129 -0.019 -0.086  1.000  0.018  0.133  0.051
       22  0.10472   0.070 -0.006 -0.047  0.018  1.000  0.054  0.012
       23  0.26186  -0.126 -0.020 -0.190  0.133  0.054  1.000 -0.042
       24  0.11731  -0.091 -0.004  0.009  0.051  0.012 -0.042  1.000
MINUIT - FIT ONLY 2-y
 **********
 **   67 **RES 
 **********
                   PARAMETER   16  beta_vw RESTORED TO VARIABLE.
                   PARAMETER   14  alpha_vw RESTORED TO VARIABLE.
                   PARAMETER   13  beta_y RESTORED TO VARIABLE.
                   PARAMETER    9  alpha_2CBO RESTORED TO VARIABLE.
                   PARAMETER    8  beta_CBO RESTORED TO VARIABLE.
                   PARAMETER    6  alpha_CBO RESTORED TO VARIABLE.
                   PARAMETER    4  phi RESTORED TO VARIABLE.
                   PARAMETER    3  A0 RESTORED TO VARIABLE.
                   PARAMETER    1  N0 RESTORED TO VARIABLE.
 **********
 **   68 **FIX            0
 **********
 PARAMETER    0  IS UNDEFINED. IGNORED.
 **********
 **   69 **FIX            1
 **********
 **********
 **   70 **FIX            2
 **********
 PARAMETER    2  IS CONSTANT.   IGNORED.
 **********
 **   71 **FIX            3
 **********
 **********
 **   72 **FIX            4
 **********
 **********
 **   73 **FIX            5
 **********
 PARAMETER    5  IS CONSTANT.   IGNORED.
 **********
 **   74 **FIX            6
 **********
 **********
 **   75 **FIX            7
 **********
 PARAMETER    7  IS CONSTANT.   IGNORED.
 **********
 **   76 **FIX            8
 **********
 **********
 **   77 **FIX            9
 **********
 **********
 **   78 **FIX           10
 **********
 **********
 **   79 **FIX           11
 **********
 **********
 **   80 **FIX           12
 **********
 PARAMETER   12  IS CONSTANT.   IGNORED.
 **********
 **   81 **FIX           16
 **********
 **********
 **   82 **MIGRAD
 **********
 START MIGRAD MINIMIZATION.  STRATEGY  1.  CONVERGENCE WHEN EDM .LT. 1.00e-04
 FCN=251.011 FROM MIGRAD    STATUS=INITIATE       16 CALLS        1744 TOTAL
                     EDM= unknown      STRATEGY= 1      NO ERROR MATRIX       
  EXT PARAMETER               CURRENT GUESS       STEP         FIRST   
  NO.   NAME      VALUE            ERROR          SIZE      DERIVATIVE 
   1  N0           2.83615e+06     fixed    
   2  tau          6.44055e+01   constant   
   3  A0           3.53997e-01     fixed    
   4  phi          4.11656e+00     fixed    
   5  R           -5.93657e+01   constant   
   6  alpha_CBO   -7.88415e-03     fixed    
   7  w_CBO        2.32500e+00   constant   
   8  beta_CBO     2.43257e-03     fixed    
   9  alpha_2CBO   1.04380e-04     fixed    
  10  beta_2CBO    3.91616e-04     fixed    
  11  alpha_y     -4.74351e-04     fixed    
  12  w_y          1.38860e+01   constant   
  13  beta_y       1.50459e-03   9.19048e-05   9.19048e-05   1.34300e+03
  14  alpha_vw     0.00000e+00   1.00000e-03   1.00000e-03  -2.14577e+05
  15  w_vw         1.43404e+01   constant   
  16  beta_vw      0.00000e+00     fixed    
  17  LM           6.62355e-05   constant   
  18  zeta_y       0.00000e+00   constant   
  19  zeta_vw      0.00000e+00   constant   
  20  T_CBO        9.99998e+02   7.70286e+02   1.11463e-01  -2.64842e-05
  21  alpha_A0    -1.53839e-03   3.75083e-04   2.85243e-06  -1.54642e+00
  22  beta_A0     -8.95050e-04   3.81904e-04   2.94401e-06   7.84416e-01
  23  alpha_phi   -3.59280e-03   4.00109e-04   2.99318e-06   1.08132e+00
  24  beta_phi     7.99496e-05   3.45072e-04   2.65632e-06  -2.17084e-01
 MIGRAD MINIMIZATION HAS CONVERGED.
 MIGRAD WILL VERIFY CONVERGENCE AND ERROR MATRIX.
 COVARIANCE MATRIX CALCULATED SUCCESSFULLY
 FCN=148.336 FROM MIGRAD    STATUS=CONVERGED     115 CALLS        1843 TOTAL
                     EDM=6.96764e-06    STRATEGY= 1      ERROR MATRIX ACCURATE 
  EXT PARAMETER                                   STEP         FIRST   
  NO.   NAME      VALUE            ERROR          SIZE      DERIVATIVE 
   1  N0           2.83615e+06     fixed    
   2  tau          6.44055e+01   constant   
   3  A0           3.53997e-01     fixed    
   4  phi          4.11656e+00     fixed    
   5  R           -5.93657e+01   constant   
   6  alpha_CBO   -7.88415e-03     fixed    
   7  w_CBO        2.32500e+00   constant   
   8  beta_CBO     2.43257e-03     fixed    
   9  alpha_2CBO   1.04380e-04     fixed    
  10  beta_2CBO    3.91616e-04     fixed    
  11  alpha_y     -4.74351e-04     fixed    
  12  w_y          1.38860e+01   constant   
  13  beta_y       1.65595e-03   9.47259e-05   5.57390e-07   3.14020e-01
  14  alpha_vw     9.57952e-04   9.45405e-05   5.56488e-07   1.16324e+00
  15  w_vw         1.43404e+01   constant   
  16  beta_vw      0.00000e+00     fixed    
  17  LM           6.62355e-05   constant   
  18  zeta_y       0.00000e+00   constant   
  19  zeta_vw      0.00000e+00   constant   
  20  T_CBO        1.00000e+03   8.18347e+02   1.22495e-01** at limit **
  21  alpha_A0    -1.52857e-03   3.72388e-04   2.19576e-06  -7.85752e+00
  22  beta_A0     -9.04173e-04   3.81130e-04   2.26629e-06  -4.76663e+00
  23  alpha_phi   -3.56903e-03   3.99521e-04   2.30411e-06  -1.86019e+00
  24  beta_phi     8.13187e-05   3.43721e-04   2.04481e-06  -1.68542e+00
 EXTERNAL ERROR MATRIX.    NDIM=  25    NPAR=  7    ERR DEF=1
  8.973e-09  1.467e-09  2.953e-08 -4.857e-11 -6.962e-11  6.863e-10 -6.565e-10 
  1.467e-09  8.938e-09 -1.898e-09  9.935e-11 -8.597e-11  2.253e-10  4.653e-12 
  2.953e-08 -1.898e-09  1.329e+00 -4.351e-05 -2.472e-05 -1.022e-04  4.197e-06 
 -4.857e-11  9.935e-11 -4.351e-05  1.387e-07  4.086e-09  1.842e-08  5.073e-09 
 -6.962e-11 -8.597e-11 -2.472e-05  4.086e-09  1.453e-07  1.005e-08  2.359e-09 
  6.863e-10  2.253e-10 -1.022e-04  1.842e-08  1.005e-08  1.596e-07 -7.516e-09 
 -6.565e-10  4.653e-12  4.197e-06  5.073e-09  2.359e-09 -7.516e-09  1.181e-07 
 PARAMETER  CORRELATION COEFFICIENTS  
       NO.  GLOBAL     13     14     20     21     22     23     24
       13  0.16592   1.000  0.164  0.000 -0.001 -0.002  0.018 -0.020
       14  0.16391   0.164  1.000 -0.000  0.003 -0.002  0.006  0.000
       20  0.23750   0.000 -0.000  1.000 -0.101 -0.056 -0.222  0.011
       21  0.15329  -0.001  0.003 -0.101  1.000  0.029  0.124  0.040
       22  0.08323  -0.002 -0.002 -0.056  0.029  1.000  0.066  0.018
       23  0.25658   0.018  0.006 -0.222  0.124  0.066  1.000 -0.055
       24  0.07740  -0.020  0.000  0.011  0.040  0.018 -0.055  1.000
MINUIT - FIT ALTOGETHER
 **********
 **   83 **RES 
 **********
                   PARAMETER   16  beta_vw RESTORED TO VARIABLE.
