 + ++++++++++++++++++++++++++++++++++++++++++++++++++++++++++++++++++++ +
 +                                                                      +
 +           You have chose to blind your fitting according to          +
 +                omega_ref * (1 + (R +/- deltaR) *10^{-6})             +
 +                                                                      +
 + ++++++++++++++++++++++++++++++++++++++++++++++++++++++++++++++++++++ +
In main()...
reading format from /gm2data/zkhechad/run45/envelope/formats/formatB_sBin_constraintOn.txt
pBinTau 	= 0  
pBinPhi 	= 0  
constraintau 	= 1 
includeMopTerm 	= 0    
constrainMop    = 0   
Parameters after format file: pBinTau 0 pBinPhi 0 constraintau 1 includeMopTerm 0 constrainMop 0 c_e_scale 0.000000 
Opening file /gm2data/tbarrett/gm2fr/studies/run23_bunch_corrections/CorrectedFourier_Run3b.root.
reading full fit data from /gm2data/zkhechad/cboTemplates/Run4CBOTemplates/fullFits/noRF/sBin_constraintOn_cE0.0_seed0_noRF_calo0.root
windowBins = 69
fitting sliding window 1190 from bin 1326 at 197.690000 to bin 1395 at 208.134000 (69 bins)

Reading data from /gm2data/cornell/histograms/aMethod/histogram_a_noRF.root
 **********
 **    1 **SET PRINTOUT            1
 **********
 **********
 **    2 **SET NOWARNINGS 
 **********
 PARAMETER DEFINITIONS:
    NO.   NAME         VALUE      STEP SIZE      LIMITS
     1 N0           7.53894e+07  1.00000e+02     no limits
     2 tau          6.44000e+01  constant
     3 A0           3.53538e-01  1.00000e-04     no limits
     4 phi          4.11945e+00  1.00000e-02     no limits
     5 R           -6.07615e+01  constant
     6 alpha_CBO    0.00000e+00  1.00000e-03     no limits
     7 w_CBO        2.32500e+00  constant
     8 beta_CBO     0.00000e+00  1.00000e-03     no limits
     9 alpha_2CBO   0.00000e+00  1.00000e-03     no limits
    10 beta_2CBO    0.00000e+00  1.00000e-03     no limits
    11 alpha_y      0.00000e+00  1.00000e-03     no limits
    12 w_y          1.38860e+01  constant
    13 beta_y       0.00000e+00  1.00000e-03     no limits
    14 alpha_vw     0.00000e+00  1.00000e-03     no limits
    15 w_vw         1.43404e+01  constant
    16 beta_vw      0.00000e+00  1.00000e-03     no limits
    17 LM          -1.74374e-04  constant
    18 zeta_y       0.00000e+00  constant
    19 zeta_vw      0.00000e+00  constant
    20 T_CBO        1.00000e+02  1.00000e+00    0.00000e+00  1.00000e+03
    21 alpha_A0     0.00000e+00  1.00000e-03     no limits
    22 beta_A0      0.00000e+00  1.00000e-03     no limits
    23 alpha_phi    0.00000e+00  1.00000e-03     no limits
    24 beta_phi     0.00000e+00  1.00000e-03     no limits
MINUIT - FIT ONLY WIGGLE
 **********
 **    3 **FIX            5
 **********
 PARAMETER    5  IS CONSTANT.   IGNORED.
 **********
 **    4 **FIX            6
 **********
 **********
 **    5 **FIX            7
 **********
 PARAMETER    7  IS CONSTANT.   IGNORED.
 **********
 **    6 **FIX            8
 **********
 **********
 **    7 **FIX            9
 **********
 **********
 **    8 **FIX           10
 **********
 **********
 **    9 **FIX           11
 **********
 **********
 **   10 **FIX           12
 **********
 PARAMETER   12  IS CONSTANT.   IGNORED.
 **********
 **   11 **FIX           13
 **********
 **********
 **   12 **FIX           14
 **********
 **********
 **   13 **FIX           15
 **********
 PARAMETER   15  IS CONSTANT.   IGNORED.
 **********
 **   14 **FIX           16
 **********
 **********
 **   15 **MIGRAD
 **********
 FIRST CALL TO USER FUNCTION AT NEW START POINT, WITH IFLAG=4.
 START MIGRAD MINIMIZATION.  STRATEGY  1.  CONVERGENCE WHEN EDM .LT. 1.00e-04
 FCN=244.866 FROM MIGRAD    STATUS=INITIATE      427 CALLS         428 TOTAL
                     EDM= unknown      STRATEGY= 1      NO ERROR MATRIX       
  EXT PARAMETER               CURRENT GUESS       STEP         FIRST   
  NO.   NAME      VALUE            ERROR          SIZE      DERIVATIVE 
   1  N0           7.53894e+07   1.00000e+02   0.00000e+00   7.49207e-04
   2  tau          6.44000e+01   constant   
   3  A0           3.53538e-01   1.00000e-04   0.00000e+00  -4.32555e+04
   4  phi          4.11945e+00   1.00000e-02   0.00000e+00  -2.34296e+04
   5  R           -6.07615e+01   constant   
   6  alpha_CBO    0.00000e+00     fixed    
   7  w_CBO        2.32500e+00   constant   
   8  beta_CBO     0.00000e+00     fixed    
   9  alpha_2CBO   0.00000e+00     fixed    
  10  beta_2CBO    0.00000e+00     fixed    
  11  alpha_y      0.00000e+00     fixed    
  12  w_y          1.38860e+01   constant   
  13  beta_y       0.00000e+00     fixed    
  14  alpha_vw     0.00000e+00     fixed    
  15  w_vw         1.43404e+01   constant   
  16  beta_vw      0.00000e+00     fixed    
  17  LM          -1.74374e-04   constant   
  18  zeta_y       0.00000e+00   constant   
  19  zeta_vw      0.00000e+00   constant   
  20  T_CBO        1.00000e+02   1.00000e+00   0.00000e+00   0.00000e+00
  21  alpha_A0     0.00000e+00   1.00000e-03   0.00000e+00  -9.10924e+01
  22  beta_A0      0.00000e+00   1.00000e-03   0.00000e+00  -1.90357e+03
  23  alpha_phi    0.00000e+00   1.00000e-03   0.00000e+00  -5.05120e+02
  24  beta_phi     0.00000e+00   1.00000e-03   0.00000e+00   1.78984e+03
 MIGRAD MINIMIZATION HAS CONVERGED.
 MIGRAD WILL VERIFY CONVERGENCE AND ERROR MATRIX.
 FCN=232.039 FROM HESSE     STATUS=NOT POSDEF     61 CALLS         603 TOTAL
                     EDM=0.000115986    STRATEGY= 1      ERR MATRIX NOT POS-DEF
  EXT PARAMETER                APPROXIMATE        STEP         FIRST   
  NO.   NAME      VALUE            ERROR          SIZE      DERIVATIVE 
   1  N0           7.53847e+07   3.26294e+03   3.59462e+01   2.61848e-08
   2  tau          6.44000e+01   constant   
   3  A0           3.53635e-01   5.71922e-05   4.15043e-07  -3.24970e+00
   4  phi          4.11967e+00   1.61549e-04   1.96441e-06  -3.62698e-01
   5  R           -6.07615e+01   constant   
   6  alpha_CBO    0.00000e+00     fixed    
   7  w_CBO        2.32500e+00   constant   
   8  beta_CBO     0.00000e+00     fixed    
   9  alpha_2CBO   0.00000e+00     fixed    
  10  beta_2CBO    0.00000e+00     fixed    
  11  alpha_y      0.00000e+00     fixed    
  12  w_y          1.38860e+01   constant   
  13  beta_y       0.00000e+00     fixed    
  14  alpha_vw     0.00000e+00     fixed    
  15  w_vw         1.43404e+01   constant   
  16  beta_vw      0.00000e+00     fixed    
  17  LM          -1.74374e-04   constant   
  18  zeta_y       0.00000e+00   constant   
  19  zeta_vw      0.00000e+00   constant   
  20  T_CBO        1.07217e+02   2.58742e+02   4.86192e-04  -1.25880e-03
  21  alpha_A0     1.07421e-03   5.95891e-03   1.12581e-05   1.48851e-02
  22  beta_A0      2.53143e-03   1.36833e-02   1.06723e-05   1.06974e-01
  23  alpha_phi    1.54653e-03   8.71004e-03   1.11202e-05   1.80276e+00
  24  beta_phi    -3.02147e-03   1.63544e-02   1.09166e-05  -1.90807e-01
 CALL LIMIT EXCEEDED IN MIGRAD.
 MIGRAD TERMINATED WITHOUT CONVERGENCE.
 FCN=232.033 FROM MIGRAD    STATUS=CALL LIMIT   1327 CALLS        1328 TOTAL
                     EDM=0.000139911    STRATEGY= 1      ERR MATRIX NOT POS-DEF
  EXT PARAMETER                APPROXIMATE        STEP         FIRST   
  NO.   NAME      VALUE            ERROR          SIZE      DERIVATIVE 
   1  N0           7.53847e+07   3.23514e+03  -8.56622e+00  -1.48925e-06
   2  tau          6.44000e+01   constant   
   3  A0           3.53635e-01   5.71857e-05   1.42744e-07   9.53125e+01
   4  phi          4.11968e+00   1.58389e-04  -2.77848e-07  -1.32642e+01
   5  R           -6.07615e+01   constant   
   6  alpha_CBO    0.00000e+00     fixed    
   7  w_CBO        2.32500e+00   constant   
   8  beta_CBO     0.00000e+00     fixed    
   9  alpha_2CBO   0.00000e+00     fixed    
  10  beta_2CBO    0.00000e+00     fixed    
  11  alpha_y      0.00000e+00     fixed    
  12  w_y          1.38860e+01   constant   
  13  beta_y       0.00000e+00     fixed    
  14  alpha_vw     0.00000e+00     fixed    
  15  w_vw         1.43404e+01   constant   
  16  beta_vw      0.00000e+00     fixed    
  17  LM          -1.74374e-04   constant   
  18  zeta_y       0.00000e+00   constant   
  19  zeta_vw      0.00000e+00   constant   
  20  T_CBO        2.40953e+02   6.84283e+02   2.16021e-02  -3.21310e-02
  21  alpha_A0     3.81987e-04   1.77981e-03  -1.09008e-05   1.14225e+00
  22  beta_A0      8.92752e-04   3.91842e-03  -2.59811e-05   1.11964e+01
  23  alpha_phi    5.25176e-04   2.54353e-03  -2.19590e-05  -2.48456e+01
  24  beta_phi    -1.05130e-03   4.80124e-03   3.68877e-05   1.16600e+01
 EXTERNAL ERROR MATRIX.    NDIM=  25    NPAR=  8    ERR DEF=1
  1.047e+07 -9.318e-03  8.059e-02 -4.560e+05  7.857e-02  1.469e+00  6.613e-01 -1.315e+00 
 -9.318e-03  3.270e-09  1.079e-10  8.696e-03 -8.122e-09 -2.516e-08 -7.703e-09  3.141e-08 
  8.059e-02  1.079e-10  2.509e-08  7.856e-04 -8.392e-09 -6.661e-09 -4.785e-09  1.422e-08 
 -4.560e+05  8.696e-03  7.856e-04  1.452e+06 -1.968e+00 -4.671e+00 -2.979e+00  5.744e+00 
  7.857e-02 -8.122e-09 -8.392e-09 -1.968e+00  3.168e-06  6.296e-06  4.077e-06 -7.876e-06 
  1.469e+00 -2.516e-08 -6.661e-09 -4.671e+00  6.296e-06  1.535e-05  9.646e-06 -1.850e-05 
  6.613e-01 -7.703e-09 -4.785e-09 -2.979e+00  4.077e-06  9.646e-06  6.470e-06 -1.176e-05 
 -1.315e+00  3.141e-08  1.422e-08  5.744e+00 -7.876e-06 -1.850e-05 -1.176e-05  2.305e-05 
ERR MATRIX NOT POS-DEF
 PARAMETER  CORRELATION COEFFICIENTS  
       NO.  GLOBAL      1      3      4     20     21     22     23     24
        1  0.38879   1.000 -0.050  0.157 -0.117  0.014  0.116  0.080 -0.085
        3  0.34913  -0.050  1.000  0.012  0.126 -0.080 -0.112 -0.053  0.114
        4  0.18804   0.157  0.012  1.000  0.004 -0.030 -0.011 -0.012  0.019
       20  0.99643  -0.117  0.126  0.004  1.000 -0.918 -0.989 -0.972  0.993
       21  0.92686   0.014 -0.080 -0.030 -0.918  1.000  0.903  0.901 -0.922
       22  0.98994   0.116 -0.112 -0.011 -0.989  0.903  1.000  0.968 -0.983
       23  0.97652   0.080 -0.053 -0.012 -0.972  0.901  0.968  1.000 -0.963
       24  0.99379  -0.085  0.114  0.019  0.993 -0.922 -0.983 -0.963  1.000
 ERR MATRIX NOT POS-DEF
MINUIT - FIT ONLY 1-CBO + wiggle
 **********
 **   16 **RES 
 **********
                   PARAMETER   16  beta_vw RESTORED TO VARIABLE.
                   PARAMETER   14  alpha_vw RESTORED TO VARIABLE.
                   PARAMETER   13  beta_y RESTORED TO VARIABLE.
                   PARAMETER   11  alpha_y RESTORED TO VARIABLE.
                   PARAMETER   10  beta_2CBO RESTORED TO VARIABLE.
                   PARAMETER    9  alpha_2CBO RESTORED TO VARIABLE.
                   PARAMETER    8  beta_CBO RESTORED TO VARIABLE.
                   PARAMETER    6  alpha_CBO RESTORED TO VARIABLE.
 **********
 **   17 **FIX            8
 **********
 **********
 **   18 **FIX            9
 **********
 **********
 **   19 **FIX           11
 **********
 **********
 **   20 **FIX           12
 **********
 PARAMETER   12  IS CONSTANT.   IGNORED.
 **********
 **   21 **FIX           14
 **********
 **********
 **   22 **FIX           15
 **********
 PARAMETER   15  IS CONSTANT.   IGNORED.
 **********
 **   23 **FIX           16
 **********
 **********
 **   24 **MIGRAD
 **********
 START MIGRAD MINIMIZATION.  STRATEGY  1.  CONVERGENCE WHEN EDM .LT. 1.00e-04
 FCN=232.033 FROM MIGRAD    STATUS=INITIATE       28 CALLS        1356 TOTAL
                     EDM= unknown      STRATEGY= 1      NO ERROR MATRIX       
  EXT PARAMETER               CURRENT GUESS       STEP         FIRST   
  NO.   NAME      VALUE            ERROR          SIZE      DERIVATIVE 
   1  N0           7.53847e+07   3.23514e+03  -8.56622e+00  -1.48925e-06
   2  tau          6.44000e+01   constant   
   3  A0           3.53635e-01   5.71857e-05   1.42744e-07   9.53125e+01
   4  phi          4.11968e+00   1.58389e-04  -2.77848e-07  -1.32642e+01
   5  R           -6.07615e+01   constant   
   6  alpha_CBO    0.00000e+00   1.00000e-03   1.00000e-03  -3.64628e+05
   7  w_CBO        2.32500e+00   constant   
   8  beta_CBO     0.00000e+00     fixed    
   9  alpha_2CBO   0.00000e+00     fixed    
  10  beta_2CBO    0.00000e+00   1.00000e-03   1.00000e-03   3.46975e+04
  11  alpha_y      0.00000e+00     fixed    
  12  w_y          1.38860e+01   constant   
  13  beta_y       0.00000e+00   1.00000e-03   1.00000e-03  -4.58521e+04
  14  alpha_vw     0.00000e+00     fixed    
  15  w_vw         1.43404e+01   constant   
  16  beta_vw      0.00000e+00     fixed    
  17  LM          -1.74374e-04   constant   
  18  zeta_y       0.00000e+00   constant   
  19  zeta_vw      0.00000e+00   constant   
  20  T_CBO        2.40953e+02   6.84283e+02   2.16021e-02  -3.21406e-02
  21  alpha_A0     3.81987e-04   1.77981e-03  -1.09008e-05   1.14221e+00
  22  beta_A0      8.92752e-04   3.91842e-03  -2.59811e-05   1.11964e+01
  23  alpha_phi    5.25176e-04   2.54353e-03  -2.19590e-05  -2.48456e+01
  24  beta_phi    -1.05130e-03   4.80124e-03   3.68877e-05   1.16600e+01
 MIGRAD MINIMIZATION HAS CONVERGED.
 MIGRAD WILL VERIFY CONVERGENCE AND ERROR MATRIX.
 FCN=111.302 FROM HESSE     STATUS=NOT POSDEF    100 CALLS        1597 TOTAL
                     EDM=0.000619743    STRATEGY= 1      ERR MATRIX NOT POS-DEF
  EXT PARAMETER                APPROXIMATE        STEP         FIRST   
  NO.   NAME      VALUE            ERROR          SIZE      DERIVATIVE 
   1  N0           7.53852e+07   3.26766e+03   3.59465e+01  -1.44775e-07
   2  tau          6.44000e+01   constant   
   3  A0           3.53619e-01   5.74521e-05   2.88141e-07   6.06218e-02
   4  phi          4.11933e+00   1.64828e-04   1.96425e-06   9.49882e-01
   5  R           -6.07615e+01   constant   
   6  alpha_CBO    6.52534e-04   5.99472e-05   3.01436e-07  -6.12476e-01
   7  w_CBO        2.32500e+00   constant   
   8  beta_CBO     0.00000e+00     fixed    
   9  alpha_2CBO   0.00000e+00     fixed    
  10  beta_2CBO   -1.61847e-05   5.87442e-05   2.96499e-07  -9.18235e+00
  11  alpha_y      0.00000e+00     fixed    
  12  w_y          1.38860e+01   constant   
  13  beta_y       6.48753e-05   5.78066e-05   2.99547e-07   1.82878e+01
  14  alpha_vw     0.00000e+00     fixed    
  15  w_vw         1.43404e+01   constant   
  16  beta_vw      0.00000e+00     fixed    
  17  LM          -1.74374e-04   constant   
  18  zeta_y       0.00000e+00   constant   
  19  zeta_vw      0.00000e+00   constant   
  20  T_CBO        2.45202e+02   7.86786e+02   1.13410e-03   7.92933e-03
  21  alpha_A0     1.05674e-03   5.04872e-03   2.69869e-06  -2.33178e+00
  22  beta_A0      9.20997e-04   4.44084e-03   2.56690e-06  -6.81688e-01
  23  alpha_phi    3.51969e-04   1.78135e-03   2.66489e-06  -3.90390e+00
  24  beta_phi    -9.18332e-04   4.45415e-03   2.61289e-06   4.97057e-01
 CALL LIMIT EXCEEDED IN MIGRAD.
 MIGRAD TERMINATED WITHOUT CONVERGENCE.
 FCN=111.268 FROM MIGRAD    STATUS=CALL LIMIT   1910 CALLS        3238 TOTAL
                     EDM=7.62461e-05    STRATEGY= 1      ERR MATRIX NOT POS-DEF
  EXT PARAMETER                APPROXIMATE        STEP         FIRST   
  NO.   NAME      VALUE            ERROR          SIZE      DERIVATIVE 
   1  N0           7.53852e+07   3.26967e+03   1.60419e+00  -1.08647e-06
   2  tau          6.44000e+01   constant   
   3  A0           3.53617e-01   5.69877e-05   1.05654e-08   3.53273e+01
   4  phi          4.11932e+00   1.64369e-04  -1.50599e-07  -7.53184e+00
   5  R           -6.07615e+01   constant   
   6  alpha_CBO    6.52886e-04   5.99343e-05   1.22974e-07   5.18227e+01
   7  w_CBO        2.32500e+00   constant   
   8  beta_CBO     0.00000e+00     fixed    
   9  alpha_2CBO   0.00000e+00     fixed    
  10  beta_2CBO   -1.61237e-05   5.73156e-05   1.92459e-07   9.80690e+01
  11  alpha_y      0.00000e+00     fixed    
  12  w_y          1.38860e+01   constant   
  13  beta_y       6.46778e-05   5.71957e-05  -2.42761e-07  -1.39139e+02
  14  alpha_vw     0.00000e+00     fixed    
  15  w_vw         1.43404e+01   constant   
  16  beta_vw      0.00000e+00     fixed    
  17  LM          -1.74374e-04   constant   
  18  zeta_y       0.00000e+00   constant   
  19  zeta_vw      0.00000e+00   constant   
  20  T_CBO        5.26421e+01   5.26750e+01  -1.79070e-03  -5.29508e-01
  21  alpha_A0     2.14416e-02   8.20481e-02   5.90320e-04   1.50008e+00
  22  beta_A0      1.91255e-02   7.27619e-02   5.24567e-04   7.24657e-01
  23  alpha_phi    7.45006e-03   3.02807e-02   2.14875e-04   6.56213e-01
  24  beta_phi    -1.93886e-02   6.68060e-02  -4.92855e-04   4.88944e+00
 EXTERNAL ERROR MATRIX.    NDIM=  25    NPAR= 11    ERR DEF=1
  1.069e+07 
 -6.679e-03  3.248e-09 
  9.141e-02  4.993e-11  2.702e-08 
  4.495e-03 -8.568e-11 -2.011e-09  3.592e-09 
  8.189e-03  1.207e-10 -2.720e-10  2.166e-10  3.285e-09 
 -2.938e-03  6.357e-11  3.179e-10 -4.241e-11  6.583e-11  3.271e-09 
 -1.252e+04  1.661e-05  6.711e-04 -3.815e-04 -4.983e-04  5.758e-04  2.828e+03 
  1.335e+01  4.528e-08 -1.194e-06  6.268e-07  7.782e-07 -9.064e-07 -4.347e+00  6.732e-03 
  1.211e+01  3.986e-08 -1.060e-06  5.554e-07  6.915e-07 -8.112e-07 -3.856e+00  5.970e-03  5.294e-03 
  5.080e+00  2.215e-08 -4.255e-07  2.230e-07  2.802e-07 -3.178e-07 -1.602e+00  2.483e-03  2.202e-03  9.169e-04 
 -1.035e+01 -3.751e-08  1.009e-06 -5.326e-07 -6.815e-07  8.063e-07  3.543e+00 -5.475e-03 -4.856e-03 -2.018e-03  4.463e-03 
ERR MATRIX NOT POS-DEF
 PARAMETER  CORRELATION COEFFICIENTS  
       NO.  GLOBAL      1      3      4      6     10     13     20     21     22     23     24
        1  0.46158   1.000 -0.036  0.170  0.023  0.044 -0.016 -0.072  0.050  0.051  0.051 -0.047
        3  0.29805  -0.036  1.000  0.005 -0.025  0.037  0.020  0.005  0.010  0.010  0.013 -0.010
        4  0.31754   0.170  0.005  1.000 -0.204 -0.029  0.034  0.077 -0.089 -0.089 -0.085  0.092
        6  0.36711   0.023 -0.025 -0.204  1.000  0.063 -0.012 -0.120  0.127  0.127  0.123 -0.133
       10  0.50639   0.044  0.037 -0.029  0.063  1.000  0.020 -0.163  0.165  0.166  0.161 -0.178
       13  0.61237  -0.016  0.020  0.034 -0.012  0.020  1.000  0.189 -0.193 -0.195 -0.184  0.211
       20  0.99837  -0.072  0.005  0.077 -0.120 -0.163  0.189  1.000 -0.996 -0.997 -0.995  0.997
       21  0.99996   0.050  0.010 -0.089  0.127  0.165 -0.193 -0.996  1.000  1.000  1.000 -0.999
       22  0.99996   0.051  0.010 -0.089  0.127  0.166 -0.195 -0.997  1.000  1.000  0.999 -0.999
       23  0.99982   0.051  0.013 -0.085  0.123  0.161 -0.184 -0.995  1.000  0.999  1.000 -0.997
       24  0.99978  -0.047 -0.010  0.092 -0.133 -0.178  0.211  0.997 -0.999 -0.999 -0.997  1.000
 ERR MATRIX NOT POS-DEF
MINUIT - FIT ONLY 2-CBO
 **********
 **   25 **RES 
 **********
                   PARAMETER   16  beta_vw RESTORED TO VARIABLE.
                   PARAMETER   14  alpha_vw RESTORED TO VARIABLE.
                   PARAMETER   11  alpha_y RESTORED TO VARIABLE.
                   PARAMETER    9  alpha_2CBO RESTORED TO VARIABLE.
                   PARAMETER    8  beta_CBO RESTORED TO VARIABLE.
 **********
 **   26 **FIX            0
 **********
 PARAMETER    0  IS UNDEFINED. IGNORED.
 **********
 **   27 **FIX            1
 **********
 **********
 **   28 **FIX            2
 **********
 PARAMETER    2  IS CONSTANT.   IGNORED.
 **********
 **   29 **FIX            3
 **********
 **********
 **   30 **FIX            4
 **********
 **********
 **   31 **FIX            5
 **********
 PARAMETER    5  IS CONSTANT.   IGNORED.
 **********
 **   32 **FIX            6
 **********
 **********
 **   33 **FIX            7
 **********
 PARAMETER    7  IS CONSTANT.   IGNORED.
 **********
 **   34 **FIX           10
 **********
 **********
 **   35 **FIX           11
 **********
 **********
 **   36 **FIX           12
 **********
 PARAMETER   12  IS CONSTANT.   IGNORED.
 **********
 **   37 **FIX           13
 **********
 **********
 **   38 **FIX           14
 **********
 **********
 **   39 **FIX           15
 **********
 PARAMETER   15  IS CONSTANT.   IGNORED.
 **********
 **   40 **FIX           16
 **********
 **********
 **   41 **MIGRAD
 **********
 START MIGRAD MINIMIZATION.  STRATEGY  1.  CONVERGENCE WHEN EDM .LT. 1.00e-04
 FCN=111.268 FROM MIGRAD    STATUS=INITIATE       18 CALLS        3256 TOTAL
                     EDM= unknown      STRATEGY= 1      NO ERROR MATRIX       
  EXT PARAMETER               CURRENT GUESS       STEP         FIRST   
  NO.   NAME      VALUE            ERROR          SIZE      DERIVATIVE 
   1  N0           7.53852e+07     fixed    
   2  tau          6.44000e+01   constant   
   3  A0           3.53617e-01     fixed    
   4  phi          4.11932e+00     fixed    
   5  R           -6.07615e+01   constant   
   6  alpha_CBO    6.52886e-04     fixed    
   7  w_CBO        2.32500e+00   constant   
   8  beta_CBO     0.00000e+00   1.00000e-03   1.00000e-03   2.16740e+05
   9  alpha_2CBO   0.00000e+00   1.00000e-03   1.00000e-03  -1.20440e+04
  10  beta_2CBO   -1.61237e-05     fixed    
  11  alpha_y      0.00000e+00     fixed    
  12  w_y          1.38860e+01   constant   
  13  beta_y       6.46778e-05     fixed    
  14  alpha_vw     0.00000e+00     fixed    
  15  w_vw         1.43404e+01   constant   
  16  beta_vw      0.00000e+00     fixed    
  17  LM          -1.74374e-04   constant   
  18  zeta_y       0.00000e+00   constant   
  19  zeta_vw      0.00000e+00   constant   
  20  T_CBO        5.26421e+01   5.26750e+01  -1.79070e-03  -5.29516e-01
  21  alpha_A0     2.14416e-02   8.20481e-02   5.90320e-04   1.50008e+00
  22  beta_A0      1.91255e-02   7.27619e-02   5.24567e-04   7.24661e-01
  23  alpha_phi    7.45006e-03   3.02807e-02   2.14875e-04   6.56213e-01
  24  beta_phi    -1.93886e-02   6.68060e-02  -4.92855e-04   4.88944e+00
 MIGRAD MINIMIZATION HAS CONVERGED.
 MIGRAD WILL VERIFY CONVERGENCE AND ERROR MATRIX.
 FCN=72.0942 FROM HESSE     STATUS=NOT POSDEF     50 CALLS        3386 TOTAL
                     EDM=0.00236036    STRATEGY= 1      ERR MATRIX NOT POS-DEF
  EXT PARAMETER                APPROXIMATE        STEP         FIRST   
  NO.   NAME      VALUE            ERROR          SIZE      DERIVATIVE 
   1  N0           7.53852e+07     fixed    
   2  tau          6.44000e+01   constant   
   3  A0           3.53617e-01     fixed    
   4  phi          4.11932e+00     fixed    
   5  R           -6.07615e+01   constant   
   6  alpha_CBO    6.52886e-04     fixed    
   7  w_CBO        2.32500e+00   constant   
   8  beta_CBO    -3.59768e-04   5.74407e-05   2.36401e-07   2.43705e+00
   9  alpha_2CBO   2.96167e-05   5.89026e-05   2.40243e-07  -1.05022e+01
  10  beta_2CBO   -1.61237e-05     fixed    
  11  alpha_y      0.00000e+00     fixed    
  12  w_y          1.38860e+01   constant   
  13  beta_y       6.46778e-05     fixed    
  14  alpha_vw     0.00000e+00     fixed    
  15  w_vw         1.43404e+01   constant   
  16  beta_vw      0.00000e+00     fixed    
  17  LM          -1.74374e-04   constant   
  18  zeta_y       0.00000e+00   constant   
  19  zeta_vw      0.00000e+00   constant   
  20  T_CBO        5.10823e+01   7.35796e+01   9.11046e-05  -8.23943e-02
  21  alpha_A0     2.28759e-02   1.32941e-01   5.04363e-05   2.21414e-01
  22  beta_A0      8.41821e-03   5.09790e-02   4.74860e-05  -1.82137e-02
  23  alpha_phi    6.40311e-03   4.01819e-02   4.98717e-05   1.67376e-01
  24  beta_phi    -2.23626e-02   1.31167e-01   4.90563e-05  -2.61403e-01
 CALL LIMIT EXCEEDED IN MIGRAD.
 MIGRAD TERMINATED WITHOUT CONVERGENCE.
 FCN=72.0612 FROM MIGRAD    STATUS=CALL LIMIT   1156 CALLS        4394 TOTAL
                     EDM=0.00030899    STRATEGY= 1      ERR MATRIX NOT POS-DEF
  EXT PARAMETER                APPROXIMATE        STEP         FIRST   
  NO.   NAME      VALUE            ERROR          SIZE      DERIVATIVE 
   1  N0           7.53852e+07     fixed    
   2  tau          6.44000e+01   constant   
   3  A0           3.53617e-01     fixed    
   4  phi          4.11932e+00     fixed    
   5  R           -6.07615e+01   constant   
   6  alpha_CBO    6.52886e-04     fixed    
   7  w_CBO        2.32500e+00   constant   
   8  beta_CBO    -3.60120e-04   5.65288e-05  -4.05970e-10  -1.24201e+01
   9  alpha_2CBO   2.94381e-05   5.78682e-05   2.01421e-08   1.88528e+01
  10  beta_2CBO   -1.61237e-05     fixed    
  11  alpha_y      0.00000e+00     fixed    
  12  w_y          1.38860e+01   constant   
  13  beta_y       6.46778e-05     fixed    
  14  alpha_vw     0.00000e+00     fixed    
  15  w_vw         1.43404e+01   constant   
  16  beta_vw      0.00000e+00     fixed    
  17  LM          -1.74374e-04   constant   
  18  zeta_y       0.00000e+00   constant   
  19  zeta_vw      0.00000e+00   constant   
  20  T_CBO        1.29229e+02   5.43158e+02   8.46088e-03  -1.20000e-01
  21  alpha_A0     2.10325e-03   1.07325e-02  -7.89487e-05  -5.78052e+00
  22  beta_A0      7.46457e-04   3.62555e-03  -2.48567e-05   8.18784e+00
  23  alpha_phi    5.37011e-04   3.24577e-03  -2.11672e-05  -1.48259e+01
  24  beta_phi    -1.99072e-03   1.03906e-02   7.92916e-05   2.21216e+00
 EXTERNAL ERROR MATRIX.    NDIM=  25    NPAR=  7    ERR DEF=1
  3.196e-09 -7.731e-11 -9.739e-05  2.956e-09  1.239e-08  2.958e-09 -3.741e-09 
 -7.731e-11  3.349e-09  1.138e-03 -4.156e-08 -1.453e-08 -6.715e-09  1.774e-08 
 -9.739e-05  1.138e-03  1.495e+05 -4.124e+00 -1.335e+00 -1.179e+00  3.999e+00 
  2.956e-09 -4.156e-08 -4.124e+00  1.152e-04  3.698e-05  3.233e-05 -1.097e-04 
  1.239e-08 -1.453e-08 -1.335e+00  3.698e-05  1.314e-05  1.080e-05 -3.602e-05 
  2.958e-09 -6.715e-09 -1.179e+00  3.233e-05  1.080e-05  1.054e-05 -3.142e-05 
 -3.741e-09  1.774e-08  3.999e+00 -1.097e-04 -3.602e-05 -3.142e-05  1.080e-04 
ERR MATRIX NOT POS-DEF
 PARAMETER  CORRELATION COEFFICIENTS  
       NO.  GLOBAL      8      9     20     21     22     23     24
        8  0.19339   1.000 -0.024 -0.004  0.005  0.060  0.016 -0.006
        9  0.27937  -0.024  1.000  0.051 -0.067 -0.069 -0.036  0.030
       20  0.99898  -0.004  0.051  1.000 -0.994 -0.953 -0.939  0.995
       21  0.99605   0.005 -0.067 -0.994  1.000  0.950  0.928 -0.984
       22  0.96692   0.060 -0.069 -0.953  0.950  1.000  0.917 -0.956
       23  0.95060   0.016 -0.036 -0.939  0.928  0.917  1.000 -0.932
       24  0.99744  -0.006  0.030  0.995 -0.984 -0.956 -0.932  1.000
 ERR MATRIX NOT POS-DEF
MINUIT - FIT wiggle + 1-CBO + 2-CBO
 **********
 **   42 **RES 
 **********
                   PARAMETER   16  beta_vw RESTORED TO VARIABLE.
                   PARAMETER   14  alpha_vw RESTORED TO VARIABLE.
                   PARAMETER   13  beta_y RESTORED TO VARIABLE.
                   PARAMETER   11  alpha_y RESTORED TO VARIABLE.
                   PARAMETER   10  beta_2CBO RESTORED TO VARIABLE.
                   PARAMETER    6  alpha_CBO RESTORED TO VARIABLE.
                   PARAMETER    4  phi RESTORED TO VARIABLE.
                   PARAMETER    3  A0 RESTORED TO VARIABLE.
                   PARAMETER    1  N0 RESTORED TO VARIABLE.
 **********
 **   43 **FIX           10
 **********
 **********
 **   44 **FIX           11
 **********
 **********
 **   45 **FIX           12
 **********
 PARAMETER   12  IS CONSTANT.   IGNORED.
 **********
 **   46 **FIX           13
 **********
 **********
 **   47 **FIX           14
 **********
 **********
 **   48 **FIX           15
 **********
 PARAMETER   15  IS CONSTANT.   IGNORED.
 **********
 **   49 **FIX           16
 **********
 **********
 **   50 **MIGRAD
 **********
 START MIGRAD MINIMIZATION.  STRATEGY  1.  CONVERGENCE WHEN EDM .LT. 1.00e-04
 FCN=72.0612 FROM MIGRAD    STATUS=INITIATE       22 CALLS        4416 TOTAL
                     EDM= unknown      STRATEGY= 1      NO ERROR MATRIX       
  EXT PARAMETER               CURRENT GUESS       STEP         FIRST   
  NO.   NAME      VALUE            ERROR          SIZE      DERIVATIVE 
   1  N0           7.53852e+07   3.26967e+03   3.26967e+03   2.30506e-04
   2  tau          6.44000e+01   constant   
   3  A0           3.53617e-01   5.69877e-05   5.69877e-05   5.52752e+04
   4  phi          4.11932e+00   1.64369e-04   1.64369e-04   7.51516e+02
   5  R           -6.07615e+01   constant   
   6  alpha_CBO    6.52886e-04   5.99343e-05   5.99343e-05   4.94076e+03
   7  w_CBO        2.32500e+00   constant   
   8  beta_CBO    -3.60120e-04   5.65288e-05  -4.05970e-10  -1.24201e+01
   9  alpha_2CBO   2.94381e-05   5.78682e-05   2.01421e-08   1.88528e+01
  10  beta_2CBO   -1.61237e-05     fixed    
  11  alpha_y      0.00000e+00     fixed    
  12  w_y          1.38860e+01   constant   
  13  beta_y       6.46778e-05     fixed    
  14  alpha_vw     0.00000e+00     fixed    
  15  w_vw         1.43404e+01   constant   
  16  beta_vw      0.00000e+00     fixed    
  17  LM          -1.74374e-04   constant   
  18  zeta_y       0.00000e+00   constant   
  19  zeta_vw      0.00000e+00   constant   
  20  T_CBO        1.29229e+02   5.43158e+02   8.46088e-03  -1.20000e-01
  21  alpha_A0     2.10325e-03   1.07325e-02  -7.89487e-05  -5.78042e+00
  22  beta_A0      7.46457e-04   3.62555e-03  -2.48567e-05   8.18788e+00
  23  alpha_phi    5.37011e-04   3.24577e-03  -2.11672e-05  -1.48259e+01
  24  beta_phi    -1.99072e-03   1.03906e-02   7.92916e-05   2.21216e+00
 CALL LIMIT EXCEEDED IN MIGRAD.
 MIGRAD TERMINATED WITHOUT CONVERGENCE.
 FCN=69.0334 FROM MIGRAD    STATUS=CALL LIMIT   1920 CALLS        6314 TOTAL
                     EDM=0.00095335    STRATEGY= 1  ERROR MATRIX UNCERTAINTY   0.1 per cent
  EXT PARAMETER                APPROXIMATE        STEP         FIRST   
  NO.   NAME      VALUE            ERROR          SIZE      DERIVATIVE 
   1  N0           7.53839e+07   3.13832e+03  -1.64255e+00  -7.16222e-06
   2  tau          6.44000e+01   constant   
   3  A0           3.53514e-01   5.70483e-05  -2.32329e-07   2.95450e+02
   4  phi          4.11928e+00   1.56616e-04  -4.74197e-07  -4.40746e+00
   5  R           -6.07615e+01   constant   
   6  alpha_CBO    6.47596e-04   5.67365e-05  -1.00056e-08   1.54930e+02
   7  w_CBO        2.32500e+00   constant   
   8  beta_CBO    -3.88265e-04   5.78353e-05   9.56536e-09  -1.43606e+02
   9  alpha_2CBO   3.26782e-05   5.59044e-05  -1.37441e-07   2.32278e+02
  10  beta_2CBO   -1.61237e-05     fixed    
  11  alpha_y      0.00000e+00     fixed    
  12  w_y          1.38860e+01   constant   
  13  beta_y       6.46778e-05     fixed    
  14  alpha_vw     0.00000e+00     fixed    
  15  w_vw         1.43404e+01   constant   
  16  beta_vw      0.00000e+00     fixed    
  17  LM          -1.74374e-04   constant   
  18  zeta_y       0.00000e+00   constant   
  19  zeta_vw      0.00000e+00   constant   
  20  T_CBO        2.63612e+01   1.20443e+01  -2.81580e-03  -6.81982e+00
  21  alpha_A0     9.14612e-01   2.82970e+00   1.00315e-01   9.71126e-02
  22  beta_A0      2.29318e-01   7.06214e-01   2.50355e-02  -2.14213e-01
  23  alpha_phi    5.38895e-02   1.54690e-01   5.48555e-03  -2.60604e-01
  24  beta_phi    -9.09306e-01   2.80843e+00  -9.95609e-02   2.21987e-01
 EXTERNAL ERROR MATRIX.    NDIM=  25    NPAR= 11    ERR DEF=1
  9.849e+06 
  9.624e-04  3.255e-09 
  8.356e-02  3.486e-11  2.453e-08 
  5.288e-04 -8.640e-11 -1.562e-09  3.219e-09 
  2.843e-03  8.736e-10  3.725e-10 -1.473e-11  3.345e-09 
  1.464e-03 -2.166e-10 -4.852e-10  1.222e-10 -6.458e-12  3.125e-09 
  1.274e+01  4.260e-05  6.148e-05 -1.075e-05  2.159e-05 -1.088e-05  1.453e+02 
 -3.442e+02 -8.183e-06 -2.261e-05  4.083e-06 -4.790e-06  3.094e-06 -3.398e+01  8.007e+00 
 -8.603e+01 -2.033e-06 -5.652e-06  1.016e-06 -1.185e-06  7.707e-07 -8.480e+00  1.998e+00  4.987e-01 
 -1.911e+01 -4.317e-07 -1.245e-06  2.240e-07 -2.554e-07  1.688e-07 -1.857e+00  4.377e-01  1.092e-01  2.393e-02 
  3.420e+02  8.120e-06  2.247e-05 -4.053e-06  4.754e-06 -3.084e-06  3.372e+01 -7.947e+00 -1.983e+00 -4.344e-01  7.887e+00 
ERR MATRIX APPROXIMATE
 PARAMETER  CORRELATION COEFFICIENTS  
       NO.  GLOBAL      1      3      4      6      8      9     20     21     22     23     24
        1  0.45787   1.000  0.005  0.170  0.003  0.016  0.008  0.000 -0.039 -0.039 -0.039  0.039
        3  0.37330   0.005  1.000  0.004 -0.027  0.265 -0.068  0.062 -0.051 -0.050 -0.049  0.051
        4  0.29392   0.170  0.004  1.000 -0.176  0.041 -0.055  0.033 -0.051 -0.051 -0.051  0.051
        6  0.21723   0.003 -0.027 -0.176  1.000 -0.004  0.039 -0.016  0.025  0.025  0.026 -0.025
        8  0.30169   0.016  0.265  0.041 -0.004  1.000 -0.002  0.031 -0.029 -0.029 -0.029  0.029
        9  0.17221   0.008 -0.068 -0.055  0.039 -0.002  1.000 -0.016  0.020  0.020  0.020 -0.020
       20  0.99693   0.000  0.062  0.033 -0.016  0.031 -0.016  1.000 -0.996 -0.996 -0.996  0.996
       21  1.00000  -0.039 -0.051 -0.051  0.025 -0.029  0.020 -0.996  1.000  1.000  1.000 -1.000
       22  1.00000  -0.039 -0.050 -0.051  0.025 -0.029  0.020 -0.996  1.000  1.000  1.000 -1.000
       23  0.99997  -0.039 -0.049 -0.051  0.026 -0.029  0.020 -0.996  1.000  1.000  1.000 -1.000
       24  1.00000   0.039  0.051  0.051 -0.025  0.029 -0.020  0.996 -1.000 -1.000 -1.000  1.000
 ERR MATRIX APPROXIMATE
MINUIT - FIT ONLY 1-y
 **********
 **   51 **RES 
 **********
                   PARAMETER   16  beta_vw RESTORED TO VARIABLE.
                   PARAMETER   14  alpha_vw RESTORED TO VARIABLE.
                   PARAMETER   13  beta_y RESTORED TO VARIABLE.
                   PARAMETER   11  alpha_y RESTORED TO VARIABLE.
                   PARAMETER   10  beta_2CBO RESTORED TO VARIABLE.
 **********
 **   52 **FIX            0
 **********
 PARAMETER    0  IS UNDEFINED. IGNORED.
 **********
 **   53 **FIX            1
 **********
 **********
 **   54 **FIX            2
 **********
 PARAMETER    2  IS CONSTANT.   IGNORED.
 **********
 **   55 **FIX            3
 **********
 **********
 **   56 **FIX            4
 **********
 **********
 **   57 **FIX            5
 **********
 PARAMETER    5  IS CONSTANT.   IGNORED.
 **********
 **   58 **FIX            6
 **********
 **********
 **   59 **FIX            7
 **********
 PARAMETER    7  IS CONSTANT.   IGNORED.
 **********
 **   60 **FIX            8
 **********
 **********
 **   61 **FIX            9
 **********
 **********
 **   62 **FIX           13
 **********
 **********
 **   63 **FIX           14
 **********
 **********
 **   64 **FIX           15
 **********
 PARAMETER   15  IS CONSTANT.   IGNORED.
 **********
 **   65 **FIX           16
 **********
 **********
 **   66 **MIGRAD
 **********
 START MIGRAD MINIMIZATION.  STRATEGY  1.  CONVERGENCE WHEN EDM .LT. 1.00e-04
 FCN=69.0334 FROM MIGRAD    STATUS=INITIATE       16 CALLS        6330 TOTAL
                     EDM= unknown      STRATEGY= 1      NO ERROR MATRIX       
  EXT PARAMETER               CURRENT GUESS       STEP         FIRST   
  NO.   NAME      VALUE            ERROR          SIZE      DERIVATIVE 
   1  N0           7.53839e+07     fixed    
   2  tau          6.44000e+01   constant   
   3  A0           3.53514e-01     fixed    
   4  phi          4.11928e+00     fixed    
   5  R           -6.07615e+01   constant   
   6  alpha_CBO    6.47596e-04     fixed    
   7  w_CBO        2.32500e+00   constant   
   8  beta_CBO    -3.88265e-04     fixed    
   9  alpha_2CBO   3.26782e-05     fixed    
  10  beta_2CBO   -1.61237e-05   5.73156e-05   5.73156e-05   7.26141e+03
  11  alpha_y      0.00000e+00   1.00000e-03   1.00000e-03  -2.66103e+04
  12  w_y          1.38860e+01   constant   
  13  beta_y       6.46778e-05     fixed    
  14  alpha_vw     0.00000e+00     fixed    
  15  w_vw         1.43404e+01   constant   
  16  beta_vw      0.00000e+00     fixed    
  17  LM          -1.74374e-04   constant   
  18  zeta_y       0.00000e+00   constant   
  19  zeta_vw      0.00000e+00   constant   
  20  T_CBO        2.63612e+01   1.20443e+01  -2.81580e-03  -6.81983e+00
  21  alpha_A0     9.14612e-01   2.82970e+00   1.00315e-01   9.71127e-02
  22  beta_A0      2.29318e-01   7.06214e-01   2.50355e-02  -2.14213e-01
  23  alpha_phi    5.38895e-02   1.54690e-01   5.48555e-03  -2.60604e-01
  24  beta_phi    -9.09306e-01   2.80843e+00  -9.95609e-02   2.21987e-01
 CALL LIMIT EXCEEDED IN MIGRAD.
 MIGRAD TERMINATED WITHOUT CONVERGENCE.
 FCN=68.2472 FROM MIGRAD    STATUS=CALL LIMIT   1154 CALLS        7468 TOTAL
                     EDM=0.00129039    STRATEGY= 1  ERROR MATRIX UNCERTAINTY  14.7 per cent
  EXT PARAMETER                APPROXIMATE        STEP         FIRST   
  NO.   NAME      VALUE            ERROR          SIZE      DERIVATIVE 
   1  N0           7.53839e+07     fixed    
   2  tau          6.44000e+01   constant   
   3  A0           3.53514e-01     fixed    
   4  phi          4.11928e+00     fixed    
   5  R           -6.07615e+01   constant   
   6  alpha_CBO    6.47596e-04     fixed    
   7  w_CBO        2.32500e+00   constant   
   8  beta_CBO    -3.88265e-04     fixed    
   9  alpha_2CBO   3.26782e-05     fixed    
  10  beta_2CBO   -2.81076e-05   5.62416e-05   1.05629e-07   2.22651e+02
  11  alpha_y      4.42162e-05   5.32234e-05   1.73584e-07   4.32236e+02
  12  w_y          1.38860e+01   constant   
  13  beta_y       6.46778e-05     fixed    
  14  alpha_vw     0.00000e+00     fixed    
  15  w_vw         1.43404e+01   constant   
  16  beta_vw      0.00000e+00     fixed    
  17  LM          -1.74374e-04   constant   
  18  zeta_y       0.00000e+00   constant   
  19  zeta_vw      0.00000e+00   constant   
  20  T_CBO        1.52072e+01   4.42529e+00  -9.12077e-04  -1.25396e+01
  21  alpha_A0     2.52673e+02   8.92617e+02   2.15851e+01   2.57764e-04
  22  beta_A0      7.92722e+01   2.80994e+02   6.79460e+00  -6.71735e-05
  23  alpha_phi    3.14662e+01   1.20180e+02   2.90333e+00   5.07521e-04
  24  beta_phi    -2.64695e+02   9.29087e+02  -2.24688e+01   8.06191e-04
 EXTERNAL ERROR MATRIX.    NDIM=  25    NPAR=  7    ERR DEF=1
  3.163e-09 -2.516e-10 -2.038e-05  4.488e-03  1.410e-03  6.094e-04 -4.671e-03 
 -2.516e-10  2.833e-09 -3.501e-05  7.811e-03  2.459e-03  1.054e-03 -8.128e-03 
 -2.038e-05 -3.501e-05  1.959e+01 -3.941e+03 -1.240e+03 -5.305e+02  4.102e+03 
  4.488e-03  7.811e-03 -3.941e+03  7.968e+05  2.508e+05  1.073e+05 -8.293e+05 
  1.410e-03  2.459e-03 -1.240e+03  2.508e+05  7.896e+04  3.377e+04 -2.611e+05 
  6.094e-04  1.054e-03 -5.305e+02  1.073e+05  3.377e+04  1.444e+04 -1.117e+05 
 -4.671e-03 -8.128e-03  4.102e+03 -8.293e+05 -2.611e+05 -1.117e+05  8.632e+05 
ERR MATRIX APPROXIMATE
 PARAMETER  CORRELATION COEFFICIENTS  
       NO.  GLOBAL     10     11     20     21     22     23     24
       10  0.25429   1.000 -0.084 -0.082  0.089  0.089  0.090 -0.089
       11  0.29652  -0.084  1.000 -0.149  0.164  0.164  0.165 -0.164
       20  0.99772  -0.082 -0.149  1.000 -0.997 -0.997 -0.997  0.997
       21  1.00000   0.089  0.164 -0.997  1.000  1.000  1.000 -1.000
       22  1.00000   0.089  0.164 -0.997  1.000  1.000  1.000 -1.000
       23  0.99999   0.090  0.165 -0.997  1.000  1.000  1.000 -1.000
       24  1.00000  -0.089 -0.164  0.997 -1.000 -1.000 -1.000  1.000
 ERR MATRIX APPROXIMATE
MINUIT - FIT ONLY 2-y
 **********
 **   67 **RES 
 **********
                   PARAMETER   16  beta_vw RESTORED TO VARIABLE.
                   PARAMETER   14  alpha_vw RESTORED TO VARIABLE.
                   PARAMETER   13  beta_y RESTORED TO VARIABLE.
                   PARAMETER    9  alpha_2CBO RESTORED TO VARIABLE.
                   PARAMETER    8  beta_CBO RESTORED TO VARIABLE.
                   PARAMETER    6  alpha_CBO RESTORED TO VARIABLE.
                   PARAMETER    4  phi RESTORED TO VARIABLE.
                   PARAMETER    3  A0 RESTORED TO VARIABLE.
                   PARAMETER    1  N0 RESTORED TO VARIABLE.
 **********
 **   68 **FIX            0
 **********
 PARAMETER    0  IS UNDEFINED. IGNORED.
 **********
 **   69 **FIX            1
 **********
 **********
 **   70 **FIX            2
 **********
 PARAMETER    2  IS CONSTANT.   IGNORED.
 **********
 **   71 **FIX            3
 **********
 **********
 **   72 **FIX            4
 **********
 **********
 **   73 **FIX            5
