 + ++++++++++++++++++++++++++++++++++++++++++++++++++++++++++++++++++++ +
 +                                                                      +
 +           You have chose to blind your fitting according to          +
 +                omega_ref * (1 + (R +/- deltaR) *10^{-6})             +
 +                                                                      +
 + ++++++++++++++++++++++++++++++++++++++++++++++++++++++++++++++++++++ +
In main()...
reading format from /gm2data/zkhechad/run45/envelope/formats/formatB_sBin_constraintOn.txt
pBinTau 	= 0  
pBinPhi 	= 0  
constraintau 	= 1 
includeMopTerm 	= 0    
constrainMop    = 0   
Parameters after format file: pBinTau 0 pBinPhi 0 constraintau 1 includeMopTerm 0 constrainMop 0 c_e_scale 0.000000 
Opening file /gm2data/tbarrett/gm2fr/studies/run23_bunch_corrections/CorrectedFourier_Run3b.root.
reading full fit data from /gm2data/zkhechad/cboTemplates/Run4CBOTemplates/templateFits0_v2.0/noRF/sBin_constraintOn_cE0.0_seed0_noRF_calo9.root
windowBins = 69
fitting sliding window 858 from bin 994 at 148.155600 to bin 1063 at 158.599600 (69 bins)

Reading data from /gm2data/cornell/histograms/aMethod/histogram_a_noRF.root
 **********
 **    1 **SET PRINTOUT            1
 **********
 **********
 **    2 **SET NOWARNINGS 
 **********
 PARAMETER DEFINITIONS:
    NO.   NAME         VALUE      STEP SIZE      LIMITS
     1 N0           2.88203e+06  1.00000e+02     no limits
     2 tau          6.44101e+01  constant
     3 A0           3.51419e-01  1.00000e-04     no limits
     4 phi          4.11705e+00  1.00000e-02     no limits
     5 R           -5.98037e+01  constant
     6 alpha_CBO    0.00000e+00  1.00000e-03     no limits
     7 w_CBO        2.32500e+00  constant
     8 beta_CBO     0.00000e+00  1.00000e-03     no limits
     9 alpha_2CBO   0.00000e+00  1.00000e-03     no limits
    10 beta_2CBO    0.00000e+00  1.00000e-03     no limits
    11 alpha_y      0.00000e+00  1.00000e-03     no limits
    12 w_y          1.44500e+01  constant
    13 beta_y       0.00000e+00  1.00000e-03     no limits
    14 alpha_vw     0.00000e+00  1.00000e-03     no limits
    15 w_vw         1.29000e+01  constant
    16 beta_vw      0.00000e+00  1.00000e-03     no limits
    17 LM           1.43880e-04  constant
    18 zeta_y       0.00000e+00  constant
    19 zeta_vw      0.00000e+00  constant
    20 T_CBO        1.00000e+02  1.00000e+00    0.00000e+00  1.00000e+03
    21 alpha_A0     0.00000e+00  1.00000e-03     no limits
    22 beta_A0      0.00000e+00  1.00000e-03     no limits
    23 alpha_phi    0.00000e+00  1.00000e-03     no limits
    24 beta_phi     0.00000e+00  1.00000e-03     no limits
MINUIT - FIT ONLY WIGGLE
 **********
 **    3 **FIX            5
 **********
 PARAMETER    5  IS CONSTANT.   IGNORED.
 **********
 **    4 **FIX            6
 **********
 **********
 **    5 **FIX            7
 **********
 PARAMETER    7  IS CONSTANT.   IGNORED.
 **********
 **    6 **FIX            8
 **********
 **********
 **    7 **FIX            9
 **********
 **********
 **    8 **FIX           10
 **********
 **********
 **    9 **FIX           11
 **********
 **********
 **   10 **FIX           12
 **********
 PARAMETER   12  IS CONSTANT.   IGNORED.
 **********
 **   11 **FIX           13
 **********
 **********
 **   12 **FIX           14
 **********
 **********
 **   13 **FIX           15
 **********
 PARAMETER   15  IS CONSTANT.   IGNORED.
 **********
 **   14 **FIX           16
 **********
 **********
 **   15 **MIGRAD
 **********
 FIRST CALL TO USER FUNCTION AT NEW START POINT, WITH IFLAG=4.
 START MIGRAD MINIMIZATION.  STRATEGY  1.  CONVERGENCE WHEN EDM .LT. 1.00e-04
 FCN=687.096 FROM MIGRAD    STATUS=INITIATE      437 CALLS         438 TOTAL
                     EDM= unknown      STRATEGY= 1      NO ERROR MATRIX       
  EXT PARAMETER               CURRENT GUESS       STEP         FIRST   
  NO.   NAME      VALUE            ERROR          SIZE      DERIVATIVE 
   1  N0           2.88203e+06   1.00000e+02   0.00000e+00  -1.89738e-03
   2  tau          6.44101e+01   constant   
   3  A0           3.51419e-01   1.00000e-04   0.00000e+00  -4.27868e+04
   4  phi          4.11705e+00   1.00000e-02   0.00000e+00  -1.92944e+04
   5  R           -5.98037e+01   constant   
   6  alpha_CBO    0.00000e+00     fixed    
   7  w_CBO        2.32500e+00   constant   
   8  beta_CBO     0.00000e+00     fixed    
   9  alpha_2CBO   0.00000e+00     fixed    
  10  beta_2CBO    0.00000e+00     fixed    
  11  alpha_y      0.00000e+00     fixed    
  12  w_y          1.44500e+01   constant   
  13  beta_y       0.00000e+00     fixed    
  14  alpha_vw     0.00000e+00     fixed    
  15  w_vw         1.29000e+01   constant   
  16  beta_vw      0.00000e+00     fixed    
  17  LM           1.43880e-04   constant   
  18  zeta_y       0.00000e+00   constant   
  19  zeta_vw      0.00000e+00   constant   
  20  T_CBO        1.00000e+02   1.00000e+00   0.00000e+00   0.00000e+00
  21  alpha_A0     0.00000e+00   1.00000e-03   0.00000e+00  -1.55303e+03
  22  beta_A0      0.00000e+00   1.00000e-03   0.00000e+00  -7.83217e+02
  23  alpha_phi    0.00000e+00   1.00000e-03   0.00000e+00  -2.09392e+02
  24  beta_phi     0.00000e+00   1.00000e-03   0.00000e+00  -1.95398e+02
 CALL LIMIT EXCEEDED IN MIGRAD.
 MIGRAD TERMINATED WITHOUT CONVERGENCE.
 FCN=635.245 FROM MIGRAD    STATUS=CALL LIMIT   1329 CALLS        1330 TOTAL
                     EDM=0.000834224    STRATEGY= 1  ERROR MATRIX UNCERTAINTY   0.3 per cent
  EXT PARAMETER                APPROXIMATE        STEP         FIRST   
  NO.   NAME      VALUE            ERROR          SIZE      DERIVATIVE 
   1  N0           2.88222e+06   4.09244e+02  -1.72595e+00  -2.53252e-05
   2  tau          6.44101e+01   constant   
   3  A0           3.52110e-01   1.71449e-04   8.73056e-07   6.86984e+01
   4  phi          4.12006e+00   5.51561e-04  -1.89295e-06  -1.27350e+01
   5  R           -5.98037e+01   constant   
   6  alpha_CBO    0.00000e+00     fixed    
   7  w_CBO        2.32500e+00   constant   
   8  beta_CBO     0.00000e+00     fixed    
   9  alpha_2CBO   0.00000e+00     fixed    
  10  beta_2CBO    0.00000e+00     fixed    
  11  alpha_y      0.00000e+00     fixed    
  12  w_y          1.44500e+01   constant   
  13  beta_y       0.00000e+00     fixed    
  14  alpha_vw     0.00000e+00     fixed    
  15  w_vw         1.29000e+01   constant   
  16  beta_vw      0.00000e+00     fixed    
  17  LM           1.43880e-04   constant   
  18  zeta_y       0.00000e+00   constant   
  19  zeta_vw      0.00000e+00   constant   
  20  T_CBO        5.29561e+02   5.77951e+02   4.59621e-02  -8.01303e-03
  21  alpha_A0     2.65765e-03   2.90021e-03  -1.06531e-05   5.60898e+00
  22  beta_A0      3.31904e-04   1.41992e-03   2.19832e-06   4.70943e+00
  23  alpha_phi    3.69203e-04   1.21977e-03  -1.69032e-05  -1.80344e+01
  24  beta_phi    -1.86434e-05   1.04181e-03  -5.82431e-06   1.21890e+01
 EXTERNAL ERROR MATRIX.    NDIM=  25    NPAR=  8    ERR DEF=1
  1.675e+05  9.319e-03 -8.358e-04 -1.366e+05  1.434e-01  4.201e-02  2.554e-02  8.533e-02 
  9.319e-03  2.939e-08  3.944e-09  7.045e-02 -1.221e-07 -3.759e-08 -2.364e-08 -1.998e-08 
 -8.358e-04  3.944e-09  3.042e-07 -1.776e-01  3.009e-07 -8.463e-08  3.395e-08 -1.055e-08 
 -1.366e+05  7.045e-02 -1.776e-01  3.194e+06 -4.819e+00 -5.835e-01 -1.480e+00  1.731e-01 
  1.434e-01 -1.221e-07  3.009e-07 -4.819e+00  8.411e-06  8.866e-07  2.360e-06 -1.708e-07 
  4.201e-02 -3.759e-08 -8.463e-08 -5.835e-01  8.866e-07  2.016e-06  6.190e-07  1.440e-07 
  2.554e-02 -2.364e-08  3.395e-08 -1.480e+00  2.360e-06  6.190e-07  1.488e-06  2.319e-08 
  8.533e-02 -1.998e-08 -1.055e-08  1.731e-01 -1.708e-07  1.440e-07  2.319e-08  1.085e-06 
ERR MATRIX APPROXIMATE
 PARAMETER  CORRELATION COEFFICIENTS  
       NO.  GLOBAL      1      3      4     20     21     22     23     24
        1  0.41442   1.000  0.133 -0.004 -0.187  0.121  0.072  0.051  0.200
        3  0.39237   0.133  1.000  0.042  0.230 -0.246 -0.154 -0.113 -0.112
        4  0.27300  -0.004  0.042  1.000 -0.180  0.188 -0.108  0.050 -0.018
       20  0.93931  -0.187  0.230 -0.180  1.000 -0.930 -0.230 -0.679  0.093
       21  0.93359   0.121 -0.246  0.188 -0.930  1.000  0.215  0.667 -0.057
       22  0.40716   0.072 -0.154 -0.108 -0.230  0.215  1.000  0.357  0.097
       23  0.73262   0.051 -0.113  0.050 -0.679  0.667  0.357  1.000  0.018
       24  0.35355   0.200 -0.112 -0.018  0.093 -0.057  0.097  0.018  1.000
 ERR MATRIX APPROXIMATE
MINUIT - FIT ONLY 1-CBO + wiggle
 **********
 **   16 **RES 
 **********
                   PARAMETER   16  beta_vw RESTORED TO VARIABLE.
                   PARAMETER   14  alpha_vw RESTORED TO VARIABLE.
                   PARAMETER   13  beta_y RESTORED TO VARIABLE.
                   PARAMETER   11  alpha_y RESTORED TO VARIABLE.
                   PARAMETER   10  beta_2CBO RESTORED TO VARIABLE.
                   PARAMETER    9  alpha_2CBO RESTORED TO VARIABLE.
                   PARAMETER    8  beta_CBO RESTORED TO VARIABLE.
                   PARAMETER    6  alpha_CBO RESTORED TO VARIABLE.
 **********
 **   17 **FIX            8
 **********
 **********
 **   18 **FIX            9
 **********
 **********
 **   19 **FIX           11
 **********
 **********
 **   20 **FIX           12
 **********
 PARAMETER   12  IS CONSTANT.   IGNORED.
 **********
 **   21 **FIX           14
 **********
 **********
 **   22 **FIX           15
 **********
 PARAMETER   15  IS CONSTANT.   IGNORED.
 **********
 **   23 **FIX           16
 **********
 **********
 **   24 **MIGRAD
 **********
 START MIGRAD MINIMIZATION.  STRATEGY  1.  CONVERGENCE WHEN EDM .LT. 1.00e-04
 FCN=635.245 FROM MIGRAD    STATUS=INITIATE       28 CALLS        1358 TOTAL
                     EDM= unknown      STRATEGY= 1      NO ERROR MATRIX       
  EXT PARAMETER               CURRENT GUESS       STEP         FIRST   
  NO.   NAME      VALUE            ERROR          SIZE      DERIVATIVE 
   1  N0           2.88222e+06   4.09244e+02  -1.72595e+00  -2.53252e-05
   2  tau          6.44101e+01   constant   
   3  A0           3.52110e-01   1.71449e-04   8.73056e-07   6.86984e+01
   4  phi          4.12006e+00   5.51561e-04  -1.89295e-06  -1.27350e+01
   5  R           -5.98037e+01   constant   
   6  alpha_CBO    0.00000e+00   1.00000e-03   1.00000e-03  -1.91115e+05
   7  w_CBO        2.32500e+00   constant   
   8  beta_CBO     0.00000e+00     fixed    
   9  alpha_2CBO   0.00000e+00     fixed    
  10  beta_2CBO    0.00000e+00   1.00000e-03   1.00000e-03  -1.49528e+04
  11  alpha_y      0.00000e+00     fixed    
  12  w_y          1.44500e+01   constant   
  13  beta_y       0.00000e+00   1.00000e-03   1.00000e-03  -2.07789e+04
  14  alpha_vw     0.00000e+00     fixed    
  15  w_vw         1.29000e+01   constant   
  16  beta_vw      0.00000e+00     fixed    
  17  LM           1.43880e-04   constant   
  18  zeta_y       0.00000e+00   constant   
  19  zeta_vw      0.00000e+00   constant   
  20  T_CBO        5.29561e+02   5.77951e+02   4.59621e-02  -8.06035e-03
  21  alpha_A0     2.65765e-03   2.90021e-03  -1.06531e-05   5.60898e+00
  22  beta_A0      3.31904e-04   1.41992e-03   2.19832e-06   4.70942e+00
  23  alpha_phi    3.69203e-04   1.21977e-03  -1.69032e-05  -1.80344e+01
  24  beta_phi    -1.86434e-05   1.04181e-03  -5.82431e-06   1.21890e+01
 MIGRAD MINIMIZATION HAS CONVERGED.
 FCN=215.365 FROM MIGRAD    STATUS=CONVERGED     503 CALLS        1833 TOTAL
                     EDM=4.73269e-06    STRATEGY= 1  ERROR MATRIX UNCERTAINTY   1.3 per cent
  EXT PARAMETER                                   STEP         FIRST   
  NO.   NAME      VALUE            ERROR          SIZE      DERIVATIVE 
   1  N0           2.88212e+06   4.06135e+02   1.88506e-01  -1.56451e-06
   2  tau          6.44101e+01   constant   
   3  A0           3.51961e-01   1.76787e-04   2.10976e-08  -4.33751e+00
   4  phi          4.11708e+00   5.88309e-04   4.16069e-07  -1.73805e+00
   5  R           -5.98037e+01   constant   
   6  alpha_CBO    4.32253e-03   2.12833e-04  -7.41763e-09   1.73021e+00
   7  w_CBO        2.32500e+00   constant   
   8  beta_CBO     0.00000e+00     fixed    
   9  alpha_2CBO   0.00000e+00     fixed    
  10  beta_2CBO    3.29298e-04   2.04156e-04  -1.41518e-07   6.32089e+00
  11  alpha_y      0.00000e+00     fixed    
  12  w_y          1.44500e+01   constant   
  13  beta_y       4.17064e-04   2.01116e-04   4.05383e-09   1.96485e+00
  14  alpha_vw     0.00000e+00     fixed    
  15  w_vw         1.29000e+01   constant   
  16  beta_vw      0.00000e+00     fixed    
  17  LM           1.43880e-04   constant   
  18  zeta_y       0.00000e+00   constant   
  19  zeta_vw      0.00000e+00   constant   
  20  T_CBO        9.99973e+02   9.80739e+02   3.37606e-02  -2.15975e-04
  21  alpha_A0     1.75359e-03   9.19800e-04   4.66781e-08  -3.48758e-01
  22  beta_A0      1.89636e-03   1.04193e-03  -4.70856e-07   6.56877e-01
  23  alpha_phi    4.99342e-03   8.33345e-04  -2.08116e-06  -3.67553e+00
  24  beta_phi     2.38144e-04   8.53799e-04  -5.46668e-07  -2.00438e+00
 EXTERNAL ERROR MATRIX.    NDIM=  25    NPAR= 11    ERR DEF=1
  1.649e+05 
  7.556e-03  3.125e-08 
 -1.848e-03  7.270e-09  3.461e-07 
 -1.027e-03 -1.801e-09 -3.204e-08  4.530e-08 
  1.022e-03  3.107e-10  5.435e-09  1.378e-10  4.168e-08 
 -3.263e-04  4.106e-10  2.948e-09  2.703e-12 -3.161e-10  4.045e-08 
 -4.809e+02 -1.477e-04  5.812e-04 -1.461e-05 -1.451e-04  4.945e-05  2.598e+03 
 -7.654e-02  4.069e-09 -5.727e-09 -7.271e-09 -3.483e-11 -6.709e-10 -1.641e-03  8.460e-07 
 -2.995e-03 -1.401e-08 -1.263e-07  2.002e-08 -3.984e-08 -4.657e-09 -2.425e-03  4.832e-08  1.086e-06 
 -2.262e-02 -1.254e-08 -1.399e-08  4.786e-08  1.421e-08 -8.762e-11 -9.271e-03 -1.185e-08  4.576e-08  6.945e-07 
  3.381e-02 -9.853e-09 -2.590e-08  1.500e-09 -5.893e-09  8.550e-11 -1.994e-03  9.764e-08  1.267e-07 -4.372e-08  7.290e-07 
 PARAMETER  CORRELATION COEFFICIENTS  
       NO.  GLOBAL      1      3      4      6     10     13     20     21     22     23     24
        1  0.27603   1.000  0.105 -0.008 -0.012  0.012 -0.004 -0.023 -0.205 -0.007 -0.067  0.097
        3  0.18732   0.105  1.000  0.070 -0.048  0.009  0.012 -0.016  0.025 -0.076 -0.085 -0.065
        4  0.32453  -0.008  0.070  1.000 -0.256  0.045  0.025  0.019 -0.011 -0.206 -0.029 -0.052
        6  0.37502  -0.012 -0.048 -0.256  1.000  0.003  0.000 -0.001 -0.037  0.090  0.270  0.008
       10  0.21119   0.012  0.009  0.045  0.003  1.000 -0.008 -0.014 -0.000 -0.187  0.084 -0.034
       13  0.03596  -0.004  0.012  0.025  0.000 -0.008  1.000  0.005 -0.004 -0.022 -0.001  0.000
       20  0.24488  -0.023 -0.016  0.019 -0.001 -0.014  0.005  1.000 -0.035 -0.046 -0.218 -0.046
       21  0.26589  -0.205  0.025 -0.011 -0.037 -0.000 -0.004 -0.035  1.000  0.050 -0.015  0.124
       22  0.31652  -0.007 -0.076 -0.206  0.090 -0.187 -0.022 -0.046  0.050  1.000  0.053  0.142
       23  0.38150  -0.067 -0.085 -0.029  0.270  0.084 -0.001 -0.218 -0.015  0.053  1.000 -0.061
       24  0.24901   0.097 -0.065 -0.052  0.008 -0.034  0.000 -0.046  0.124  0.142 -0.061  1.000
MINUIT - FIT ONLY 2-CBO
 **********
 **   25 **RES 
 **********
                   PARAMETER   16  beta_vw RESTORED TO VARIABLE.
                   PARAMETER   14  alpha_vw RESTORED TO VARIABLE.
                   PARAMETER   11  alpha_y RESTORED TO VARIABLE.
                   PARAMETER    9  alpha_2CBO RESTORED TO VARIABLE.
                   PARAMETER    8  beta_CBO RESTORED TO VARIABLE.
 **********
 **   26 **FIX            0
 **********
 PARAMETER    0  IS UNDEFINED. IGNORED.
 **********
 **   27 **FIX            1
 **********
 **********
 **   28 **FIX            2
 **********
 PARAMETER    2  IS CONSTANT.   IGNORED.
 **********
 **   29 **FIX            3
 **********
 **********
 **   30 **FIX            4
 **********
 **********
 **   31 **FIX            5
 **********
 PARAMETER    5  IS CONSTANT.   IGNORED.
 **********
 **   32 **FIX            6
 **********
 **********
 **   33 **FIX            7
 **********
 PARAMETER    7  IS CONSTANT.   IGNORED.
 **********
 **   34 **FIX           10
 **********
 **********
 **   35 **FIX           11
 **********
 **********
 **   36 **FIX           12
 **********
 PARAMETER   12  IS CONSTANT.   IGNORED.
 **********
 **   37 **FIX           13
 **********
 **********
 **   38 **FIX           14
 **********
 **********
 **   39 **FIX           15
 **********
 PARAMETER   15  IS CONSTANT.   IGNORED.
 **********
 **   40 **FIX           16
 **********
 **********
 **   41 **MIGRAD
 **********
 START MIGRAD MINIMIZATION.  STRATEGY  1.  CONVERGENCE WHEN EDM .LT. 1.00e-04
 FCN=215.365 FROM MIGRAD    STATUS=INITIATE       18 CALLS        1851 TOTAL
                     EDM= unknown      STRATEGY= 1      NO ERROR MATRIX       
  EXT PARAMETER               CURRENT GUESS       STEP         FIRST   
  NO.   NAME      VALUE            ERROR          SIZE      DERIVATIVE 
   1  N0           2.88212e+06     fixed    
   2  tau          6.44101e+01   constant   
   3  A0           3.51961e-01     fixed    
   4  phi          4.11708e+00     fixed    
   5  R           -5.98037e+01   constant   
   6  alpha_CBO    4.32253e-03     fixed    
   7  w_CBO        2.32500e+00   constant   
   8  beta_CBO     0.00000e+00   1.00000e-03   1.00000e-03   1.17170e+05
   9  alpha_2CBO   0.00000e+00   1.00000e-03   1.00000e-03   7.86376e+02
  10  beta_2CBO    3.29298e-04     fixed    
  11  alpha_y      0.00000e+00     fixed    
  12  w_y          1.44500e+01   constant   
  13  beta_y       4.17064e-04     fixed    
  14  alpha_vw     0.00000e+00     fixed    
  15  w_vw         1.29000e+01   constant   
  16  beta_vw      0.00000e+00     fixed    
  17  LM           1.43880e-04   constant   
  18  zeta_y       0.00000e+00   constant   
  19  zeta_vw      0.00000e+00   constant   
  20  T_CBO        9.99973e+02   9.80739e+02   3.37606e-02  -2.15249e-04
  21  alpha_A0     1.75359e-03   9.19800e-04   4.66781e-08  -3.48772e-01
  22  beta_A0      1.89636e-03   1.04193e-03  -4.70856e-07   6.56882e-01
  23  alpha_phi    4.99342e-03   8.33345e-04  -2.08116e-06  -3.67553e+00
  24  beta_phi     2.38144e-04   8.53799e-04  -5.46668e-07  -2.00438e+00
 MIGRAD MINIMIZATION HAS CONVERGED.
 MIGRAD WILL VERIFY CONVERGENCE AND ERROR MATRIX.
 COVARIANCE MATRIX CALCULATED SUCCESSFULLY
 FCN=64.7266 FROM MIGRAD    STATUS=CONVERGED     131 CALLS        1964 TOTAL
                     EDM=6.99136e-06    STRATEGY= 1      ERROR MATRIX ACCURATE 
  EXT PARAMETER                                   STEP         FIRST   
  NO.   NAME      VALUE            ERROR          SIZE      DERIVATIVE 
   1  N0           2.88212e+06     fixed    
   2  tau          6.44101e+01   constant   
   3  A0           3.51961e-01     fixed    
   4  phi          4.11708e+00     fixed    
   5  R           -5.98037e+01   constant   
   6  alpha_CBO    4.32253e-03     fixed    
   7  w_CBO        2.32500e+00   constant   
   8  beta_CBO    -2.57072e-03   2.09440e-04   8.12309e-07   4.67731e-01
   9  alpha_2CBO  -5.95830e-05   2.08330e-04   8.04412e-07  -7.30473e+00
  10  beta_2CBO    3.29298e-04     fixed    
  11  alpha_y      0.00000e+00     fixed    
  12  w_y          1.44500e+01   constant   
  13  beta_y       4.17064e-04     fixed    
  14  alpha_vw     0.00000e+00     fixed    
  15  w_vw         1.29000e+01   constant   
  16  beta_vw      0.00000e+00     fixed    
  17  LM           1.43880e-04   constant   
  18  zeta_y       0.00000e+00   constant   
  19  zeta_vw      0.00000e+00   constant   
  20  T_CBO        1.00000e+03   6.69117e+02   1.45626e-01** at limit **
  21  alpha_A0     1.41125e-03   8.78125e-04   3.40706e-06  -3.18983e+00
  22  beta_A0      2.21591e-03   9.90186e-04   3.88543e-06  -2.13473e+00
  23  alpha_phi    5.01851e-03   8.56271e-04   3.27664e-06   6.06891e-01
  24  beta_phi    -1.68037e-03   8.26971e-04   3.15765e-06  -8.54012e-01
 EXTERNAL ERROR MATRIX.    NDIM=  25    NPAR=  7    ERR DEF=1
  4.387e-08  7.244e-10  9.638e-09  6.108e-09 -5.472e-09 -3.611e-10  3.283e-08 
  7.244e-10  4.340e-08  1.347e-08 -3.179e-08  6.686e-10 -4.092e-09 -2.385e-08 
  9.638e-09  1.347e-08  1.528e-02  7.480e-06  1.172e-05  2.602e-05 -8.759e-06 
  6.108e-09 -3.179e-08  7.480e-06  7.711e-07  1.239e-08  1.935e-08  5.702e-08 
 -5.472e-09  6.686e-10  1.172e-05  1.239e-08  9.805e-07  7.486e-08  3.370e-08 
 -3.611e-10 -4.092e-09  2.602e-05  1.935e-08  7.486e-08  7.332e-07  2.318e-09 
  3.283e-08 -2.385e-08 -8.759e-06  5.702e-08  3.370e-08  2.318e-09  6.839e-07 
 PARAMETER  CORRELATION COEFFICIENTS  
       NO.  GLOBAL      8      9     20     21     22     23     24
        8  0.20016   1.000  0.017  0.000  0.033 -0.026 -0.002  0.190
        9  0.22040   0.017  1.000  0.001 -0.174  0.003 -0.023 -0.138
       20  0.28128   0.000  0.001  1.000  0.069  0.096  0.246 -0.086
       21  0.19837   0.033 -0.174  0.069  1.000  0.014  0.026  0.079
       22  0.13203  -0.026  0.003  0.096  0.014  1.000  0.088  0.041
       23  0.25604  -0.002 -0.023  0.246  0.026  0.088  1.000  0.003
       24  0.26383   0.190 -0.138 -0.086  0.079  0.041  0.003  1.000
MINUIT - FIT wiggle + 1-CBO + 2-CBO
 **********
 **   42 **RES 
 **********
                   PARAMETER   16  beta_vw RESTORED TO VARIABLE.
                   PARAMETER   14  alpha_vw RESTORED TO VARIABLE.
                   PARAMETER   13  beta_y RESTORED TO VARIABLE.
                   PARAMETER   11  alpha_y RESTORED TO VARIABLE.
                   PARAMETER   10  beta_2CBO RESTORED TO VARIABLE.
                   PARAMETER    6  alpha_CBO RESTORED TO VARIABLE.
                   PARAMETER    4  phi RESTORED TO VARIABLE.
                   PARAMETER    3  A0 RESTORED TO VARIABLE.
                   PARAMETER    1  N0 RESTORED TO VARIABLE.
 **********
 **   43 **FIX           10
 **********
 **********
 **   44 **FIX           11
 **********
 **********
 **   45 **FIX           12
 **********
 PARAMETER   12  IS CONSTANT.   IGNORED.
 **********
 **   46 **FIX           13
 **********
 **********
 **   47 **FIX           14
 **********
 **********
 **   48 **FIX           15
 **********
 PARAMETER   15  IS CONSTANT.   IGNORED.
 **********
 **   49 **FIX           16
 **********
 **********
 **   50 **MIGRAD
 **********
 START MIGRAD MINIMIZATION.  STRATEGY  1.  CONVERGENCE WHEN EDM .LT. 1.00e-04
 FCN=64.7266 FROM MIGRAD    STATUS=INITIATE       22 CALLS        1986 TOTAL
                     EDM= unknown      STRATEGY= 1      NO ERROR MATRIX       
  EXT PARAMETER               CURRENT GUESS       STEP         FIRST   
  NO.   NAME      VALUE            ERROR          SIZE      DERIVATIVE 
   1  N0           2.88212e+06   4.06135e+02   4.06135e+02  -5.10366e-04
   2  tau          6.44101e+01   constant   
   3  A0           3.51961e-01   1.76787e-04   1.76787e-04   2.39251e+04
   4  phi          4.11708e+00   5.88309e-04   5.88309e-04  -5.14337e+02
   5  R           -5.98037e+01   constant   
   6  alpha_CBO    4.32253e-03   2.12833e-04   2.12833e-04   1.20333e+03
   7  w_CBO        2.32500e+00   constant   
   8  beta_CBO    -2.57072e-03   2.09440e-04   8.12309e-07   4.67046e-01
   9  alpha_2CBO  -5.95830e-05   2.08330e-04   8.04412e-07  -7.30487e+00
  10  beta_2CBO    3.29298e-04     fixed    
  11  alpha_y      0.00000e+00     fixed    
  12  w_y          1.44500e+01   constant   
  13  beta_y       4.17064e-04     fixed    
  14  alpha_vw     0.00000e+00     fixed    
  15  w_vw         1.29000e+01   constant   
  16  beta_vw      0.00000e+00     fixed    
  17  LM           1.43880e-04   constant   
  18  zeta_y       0.00000e+00   constant   
  19  zeta_vw      0.00000e+00   constant   
  20  T_CBO        9.99999e+02   6.69117e+02   1.45626e-01  -6.92152e-05
  21  alpha_A0     1.41125e-03   8.78125e-04   3.40706e-06  -3.19039e+00
  22  beta_A0      2.21591e-03   9.90186e-04   3.88543e-06  -2.13531e+00
  23  alpha_phi    5.01851e-03   8.56271e-04   3.27664e-06   6.04798e-01
  24  beta_phi    -1.68037e-03   8.26971e-04   3.15765e-06  -8.53117e-01
 MIGRAD MINIMIZATION HAS CONVERGED.
 MIGRAD WILL VERIFY CONVERGENCE AND ERROR MATRIX.
 COVARIANCE MATRIX CALCULATED SUCCESSFULLY
 FCN=60.1033 FROM MIGRAD    STATUS=CONVERGED     243 CALLS        2207 TOTAL
                     EDM=3.38842e-06    STRATEGY= 1      ERROR MATRIX ACCURATE 
  EXT PARAMETER                                   STEP         FIRST   
  NO.   NAME      VALUE            ERROR          SIZE      DERIVATIVE 
   1  N0           2.88196e+06   4.39414e+02   1.56610e+00  -7.09837e-07
   2  tau          6.44101e+01   constant   
   3  A0           3.51573e-01   1.81587e-04   6.62012e-07  -1.07077e+00
   4  phi          4.11714e+00   5.85802e-04   2.12059e-06   2.92790e+00
   5  R           -5.98037e+01   constant   
   6  alpha_CBO    4.30577e-03   2.12681e-04   7.58262e-07   1.65640e+00
   7  w_CBO        2.32500e+00   constant   
   8  beta_CBO    -2.64977e-03   2.12670e-04   7.83211e-07   1.88752e+00
   9  alpha_2CBO  -7.96991e-05   2.08644e-04   7.75591e-07   2.49734e+00
  10  beta_2CBO    3.29298e-04     fixed    
  11  alpha_y      0.00000e+00     fixed    
  12  w_y          1.44500e+01   constant   
  13  beta_y       4.17064e-04     fixed    
  14  alpha_vw     0.00000e+00     fixed    
  15  w_vw         1.29000e+01   constant   
  16  beta_vw      0.00000e+00     fixed    
  17  LM           1.43880e-04   constant   
  18  zeta_y       0.00000e+00   constant   
  19  zeta_vw      0.00000e+00   constant   
  20  T_CBO        1.00000e+03   8.67940e+02   6.19394e-02** at limit **
  21  alpha_A0     1.47946e-03   9.00562e-04   3.28706e-06   6.31991e-01
  22  beta_A0      2.32902e-03   1.01331e-03   3.74777e-06  -6.45077e-01
  23  alpha_phi    5.07232e-03   8.84773e-04   3.16299e-06  -1.48618e+00
  24  beta_phi    -1.65818e-03   8.40239e-04   3.04808e-06  -5.10408e-01
 EXTERNAL ERROR MATRIX.    NDIM=  25    NPAR= 11    ERR DEF=1
  1.931e+05 
  1.737e-02  3.297e-08 
 -8.322e-03  4.290e-09  3.432e-07 
 -1.402e-03 -1.596e-09 -3.201e-08  4.523e-08 
  2.912e-03  6.641e-09 -9.408e-10  2.842e-10  4.523e-08 
 -2.056e-03  1.679e-09  1.044e-09 -1.487e-10  1.069e-09  4.353e-08 
 -3.805e-01 -7.974e-07  1.120e-06 -5.816e-09 -6.779e-08  9.134e-08  1.690e+00 
 -8.596e-02 -7.129e-09  3.389e-09 -5.219e-09  4.876e-09 -3.084e-08  7.771e-05  8.110e-07 
 -4.104e-03 -1.309e-08 -1.164e-07  2.049e-08 -7.425e-09 -2.624e-10  1.231e-04  1.275e-08  1.027e-06 
 -1.027e-02 -8.055e-09 -3.480e-08  4.772e-08 -1.332e-09 -4.497e-09  2.620e-04  1.697e-08  9.813e-08  7.828e-07 
  5.751e-02 -1.440e-09 -3.326e-08  3.296e-09  3.267e-08 -2.493e-08 -8.553e-05  3.165e-08  4.567e-08  6.091e-09  7.060e-07 
 PARAMETER  CORRELATION COEFFICIENTS  
       NO.  GLOBAL      1      3      4      6      8      9     20     21     22     23     24
        1  0.35165   1.000  0.218 -0.032 -0.015  0.031 -0.022 -0.001 -0.217 -0.009 -0.026  0.156
        3  0.29608   0.218  1.000  0.040 -0.041  0.172  0.044 -0.003 -0.044 -0.071 -0.050 -0.009
        4  0.31700  -0.032  0.040  1.000 -0.257 -0.008  0.009  0.001  0.006 -0.196 -0.067 -0.068
        6  0.35704  -0.015 -0.041 -0.257  1.000  0.006 -0.003 -0.000 -0.027  0.095  0.254  0.018
        8  0.26272   0.031  0.172 -0.008  0.006  1.000  0.024 -0.000  0.025 -0.034 -0.007  0.183
        9  0.22687  -0.022  0.044  0.009 -0.003  0.024  1.000  0.000 -0.164 -0.001 -0.024 -0.142
       20  0.27060  -0.001 -0.003  0.001 -0.000 -0.000  0.000  1.000  0.066  0.093  0.228 -0.078
       21  0.29240  -0.217 -0.044  0.006 -0.027  0.025 -0.164  0.066  1.000  0.014  0.021  0.042
       22  0.24701  -0.009 -0.071 -0.196  0.095 -0.034 -0.001  0.093  0.014  1.000  0.109  0.054
       23  0.35034  -0.026 -0.050 -0.067  0.254 -0.007 -0.024  0.228  0.021  0.109  1.000  0.008
       24  0.31094   0.156 -0.009 -0.068  0.018  0.183 -0.142 -0.078  0.042  0.054  0.008  1.000
MINUIT - FIT ONLY 1-y
 **********
 **   51 **RES 
 **********
                   PARAMETER   16  beta_vw RESTORED TO VARIABLE.
                   PARAMETER   14  alpha_vw RESTORED TO VARIABLE.
                   PARAMETER   13  beta_y RESTORED TO VARIABLE.
                   PARAMETER   11  alpha_y RESTORED TO VARIABLE.
                   PARAMETER   10  beta_2CBO RESTORED TO VARIABLE.
 **********
 **   52 **FIX            0
 **********
 PARAMETER    0  IS UNDEFINED. IGNORED.
 **********
 **   53 **FIX            1
 **********
 **********
 **   54 **FIX            2
 **********
 PARAMETER    2  IS CONSTANT.   IGNORED.
 **********
 **   55 **FIX            3
 **********
 **********
 **   56 **FIX            4
 **********
 **********
 **   57 **FIX            5
 **********
 PARAMETER    5  IS CONSTANT.   IGNORED.
 **********
 **   58 **FIX            6
 **********
 **********
 **   59 **FIX            7
 **********
 PARAMETER    7  IS CONSTANT.   IGNORED.
 **********
 **   60 **FIX            8
 **********
 **********
 **   61 **FIX            9
 **********
 **********
 **   62 **FIX           13
 **********
 **********
 **   63 **FIX           14
 **********
 **********
 **   64 **FIX           15
 **********
 PARAMETER   15  IS CONSTANT.   IGNORED.
 **********
 **   65 **FIX           16
 **********
 **********
 **   66 **MIGRAD
 **********
 START MIGRAD MINIMIZATION.  STRATEGY  1.  CONVERGENCE WHEN EDM .LT. 1.00e-04
 FCN=60.1033 FROM MIGRAD    STATUS=INITIATE       16 CALLS        2223 TOTAL
                     EDM= unknown      STRATEGY= 1      NO ERROR MATRIX       
  EXT PARAMETER               CURRENT GUESS       STEP         FIRST   
  NO.   NAME      VALUE            ERROR          SIZE      DERIVATIVE 
   1  N0           2.88196e+06     fixed    
   2  tau          6.44101e+01   constant   
   3  A0           3.51573e-01     fixed    
   4  phi          4.11714e+00     fixed    
   5  R           -5.98037e+01   constant   
   6  alpha_CBO    4.30577e-03     fixed    
   7  w_CBO        2.32500e+00   constant   
   8  beta_CBO    -2.64977e-03     fixed    
   9  alpha_2CBO  -7.96991e-05     fixed    
  10  beta_2CBO    3.29298e-04   2.04156e-04   2.04156e-04  -2.39065e+03
  11  alpha_y      0.00000e+00   1.00000e-03   1.00000e-03   1.64210e+04
  12  w_y          1.44500e+01   constant   
  13  beta_y       4.17064e-04     fixed    
  14  alpha_vw     0.00000e+00     fixed    
  15  w_vw         1.29000e+01   constant   
  16  beta_vw      0.00000e+00     fixed    
  17  LM           1.43880e-04   constant   
  18  zeta_y       0.00000e+00   constant   
  19  zeta_vw      0.00000e+00   constant   
  20  T_CBO        9.99999e+02   8.67940e+02   6.19394e-02  -1.41997e-05
  21  alpha_A0     1.47946e-03   9.00562e-04   3.28706e-06   6.31364e-01
  22  beta_A0      2.32902e-03   1.01331e-03   3.74777e-06  -6.45730e-01
  23  alpha_phi    5.07232e-03   8.84773e-04   3.16299e-06  -1.48829e+00
  24  beta_phi    -1.65818e-03   8.40239e-04   3.04808e-06  -5.09527e-01
 MIGRAD MINIMIZATION HAS CONVERGED.
 MIGRAD WILL VERIFY CONVERGENCE AND ERROR MATRIX.
 COVARIANCE MATRIX CALCULATED SUCCESSFULLY
 FCN=57.2732 FROM MIGRAD    STATUS=CONVERGED     115 CALLS        2322 TOTAL
                     EDM=3.85704e-06    STRATEGY= 1      ERROR MATRIX ACCURATE 
  EXT PARAMETER                                   STEP         FIRST   
  NO.   NAME      VALUE            ERROR          SIZE      DERIVATIVE 
   1  N0           2.88196e+06     fixed    
   2  tau          6.44101e+01   constant   
   3  A0           3.51573e-01     fixed    
   4  phi          4.11714e+00     fixed    
   5  R           -5.98037e+01   constant   
   6  alpha_CBO    4.30577e-03     fixed    
   7  w_CBO        2.32500e+00   constant   
   8  beta_CBO    -2.64977e-03     fixed    
   9  alpha_2CBO  -7.96991e-05     fixed    
  10  beta_2CBO    3.78063e-04   2.04912e-04   7.47448e-07  -2.82843e+00
  11  alpha_y     -3.37573e-04   2.02828e-04   7.55721e-07   3.89216e-01
  12  w_y          1.44500e+01   constant   
  13  beta_y       4.17064e-04     fixed    
  14  alpha_vw     0.00000e+00     fixed    
  15  w_vw         1.29000e+01   constant   
  16  beta_vw      0.00000e+00     fixed    
  17  LM           1.43880e-04   constant   
  18  zeta_y       0.00000e+00   constant   
  19  zeta_vw      0.00000e+00   constant   
  20  T_CBO        1.00000e+03   9.95219e+02   6.46174e-02** at limit **
  21  alpha_A0     1.50790e-03   8.64763e-04   3.21006e-06   2.39851e+00
  22  beta_A0      2.26082e-03   1.00496e-03   3.66001e-06   7.86653e-01
  23  alpha_phi    5.09742e-03   8.57780e-04   3.08889e-06  -1.11960e+00
  24  beta_phi    -1.64657e-03   8.03884e-04   2.97667e-06   1.29628e+00
 EXTERNAL ERROR MATRIX.    NDIM=  25    NPAR=  7    ERR DEF=1
  4.199e-08  1.631e-10 -5.590e-10  2.564e-10 -3.560e-08  1.738e-08 -2.241e-09 
  1.631e-10  4.114e-08  1.791e-10 -3.330e-09  3.228e-09 -4.987e-10 -1.670e-09 
 -5.590e-10  1.791e-10  2.937e-05  3.197e-07  4.835e-07  1.063e-06 -3.426e-07 
  2.564e-10 -3.330e-09  3.197e-07  7.478e-07  1.268e-08  1.536e-08  3.521e-08 
 -3.560e-08  3.228e-09  4.835e-07  1.268e-08  1.010e-06  5.760e-08  4.107e-08 
  1.738e-08 -4.987e-10  1.063e-06  1.536e-08  5.760e-08  7.358e-07  1.900e-09 
 -2.241e-09 -1.670e-09 -3.426e-07  3.521e-08  4.107e-08  1.900e-09  6.462e-07 
 PARAMETER  CORRELATION COEFFICIENTS  
       NO.  GLOBAL     10     11     20     21     22     23     24
       10  0.20573   1.000  0.004 -0.001  0.001 -0.173  0.099 -0.014
       11  0.02806   0.004  1.000  0.000 -0.019  0.016 -0.003 -0.010
       20  0.26302  -0.001  0.000  1.000  0.068  0.089  0.229 -0.079
       21  0.09058   0.001 -0.019  0.068  1.000  0.015  0.021  0.051
       22  0.21290  -0.173  0.016  0.089  0.015  1.000  0.067  0.051
       23  0.25817   0.099 -0.003  0.229  0.021  0.067  1.000  0.003
       24  0.11454  -0.014 -0.010 -0.079  0.051  0.051  0.003  1.000
MINUIT - FIT ONLY 2-y
 **********
 **   67 **RES 
 **********
                   PARAMETER   16  beta_vw RESTORED TO VARIABLE.
                   PARAMETER   14  alpha_vw RESTORED TO VARIABLE.
                   PARAMETER   13  beta_y RESTORED TO VARIABLE.
                   PARAMETER    9  alpha_2CBO RESTORED TO VARIABLE.
                   PARAMETER    8  beta_CBO RESTORED TO VARIABLE.
                   PARAMETER    6  alpha_CBO RESTORED TO VARIABLE.
                   PARAMETER    4  phi RESTORED TO VARIABLE.
                   PARAMETER    3  A0 RESTORED TO VARIABLE.
                   PARAMETER    1  N0 RESTORED TO VARIABLE.
 **********
 **   68 **FIX            0
 **********
 PARAMETER    0  IS UNDEFINED. IGNORED.
 **********
 **   69 **FIX            1
 **********
 **********
 **   70 **FIX            2
 **********
 PARAMETER    2  IS CONSTANT.   IGNORED.
 **********
 **   71 **FIX            3
 **********
 **********
 **   72 **FIX            4
 **********
 **********
 **   73 **FIX            5
 **********
 PARAMETER    5  IS CONSTANT.   IGNORED.
 **********
 **   74 **FIX            6
 **********
 **********
 **   75 **FIX            7
 **********
 PARAMETER    7  IS CONSTANT.   IGNORED.
 **********
 **   76 **FIX            8
 **********
 **********
 **   77 **FIX            9
 **********
 **********
 **   78 **FIX           10
 **********
 **********
 **   79 **FIX           11
 **********
 **********
 **   80 **FIX           12
 **********
 PARAMETER   12  IS CONSTANT.   IGNORED.
 **********
 **   81 **FIX           16
 **********
 **********
 **   82 **MIGRAD
 **********
 START MIGRAD MINIMIZATION.  STRATEGY  1.  CONVERGENCE WHEN EDM .LT. 1.00e-04
 FCN=57.2732 FROM MIGRAD    STATUS=INITIATE       16 CALLS        2338 TOTAL
                     EDM= unknown      STRATEGY= 1      NO ERROR MATRIX       
  EXT PARAMETER               CURRENT GUESS       STEP         FIRST   
  NO.   NAME      VALUE            ERROR          SIZE      DERIVATIVE 
   1  N0           2.88196e+06     fixed    
   2  tau          6.44101e+01   constant   
   3  A0           3.51573e-01     fixed    
   4  phi          4.11714e+00     fixed    
   5  R           -5.98037e+01   constant   
   6  alpha_CBO    4.30577e-03     fixed    
   7  w_CBO        2.32500e+00   constant   
   8  beta_CBO    -2.64977e-03     fixed    
   9  alpha_2CBO  -7.96991e-05     fixed    
  10  beta_2CBO    3.78063e-04     fixed    
  11  alpha_y     -3.37573e-04     fixed    
  12  w_y          1.44500e+01   constant   
  13  beta_y       4.17064e-04   2.01116e-04   2.01116e-04   8.80756e+02
  14  alpha_vw     0.00000e+00   1.00000e-03   1.00000e-03   1.67378e+03
  15  w_vw         1.29000e+01   constant   
  16  beta_vw      0.00000e+00     fixed    
  17  LM           1.43880e-04   constant   
  18  zeta_y       0.00000e+00   constant   
  19  zeta_vw      0.00000e+00   constant   
  20  T_CBO        9.99999e+02   9.95219e+02   6.46174e-02  -1.80403e-05
  21  alpha_A0     1.50790e-03   8.64763e-04   3.21006e-06   2.39783e+00
  22  beta_A0      2.26082e-03   1.00496e-03   3.66001e-06   7.86042e-01
  23  alpha_phi    5.09742e-03   8.57780e-04   3.08889e-06  -1.12173e+00
  24  beta_phi    -1.64657e-03   8.03884e-04   2.97667e-06   1.29717e+00
 MIGRAD MINIMIZATION HAS CONVERGED.
 MIGRAD WILL VERIFY CONVERGENCE AND ERROR MATRIX.
 COVARIANCE MATRIX CALCULATED SUCCESSFULLY
 FCN=57.2363 FROM MIGRAD    STATUS=CONVERGED      99 CALLS        2421 TOTAL
                     EDM=9.73899e-07    STRATEGY= 1      ERROR MATRIX ACCURATE 
  EXT PARAMETER                                   STEP         FIRST   
  NO.   NAME      VALUE            ERROR          SIZE      DERIVATIVE 
   1  N0           2.88196e+06     fixed    
   2  tau          6.44101e+01   constant   
   3  A0           3.51573e-01     fixed    
   4  phi          4.11714e+00     fixed    
   5  R           -5.98037e+01   constant   
   6  alpha_CBO    4.30577e-03     fixed    
   7  w_CBO        2.32500e+00   constant   
   8  beta_CBO    -2.64977e-03     fixed    
   9  alpha_2CBO  -7.96991e-05     fixed    
  10  beta_2CBO    3.78063e-04     fixed    
  11  alpha_y     -3.37573e-04     fixed    
  12  w_y          1.44500e+01   constant   
  13  beta_y       3.99100e-04   2.01032e-04   7.48867e-07  -4.25787e-01
  14  alpha_vw    -3.46172e-05   2.03121e-04   7.56243e-07  -2.90827e-01
  15  w_vw         1.29000e+01   constant   
  16  beta_vw      0.00000e+00     fixed    
  17  LM           1.43880e-04   constant   
  18  zeta_y       0.00000e+00   constant   
  19  zeta_vw      0.00000e+00   constant   
  20  T_CBO        1.00000e+03   9.95110e+02   4.52239e-02** at limit **
  21  alpha_A0     1.50790e-03   8.63624e-04   3.20904e-06  -2.01735e-01
  22  beta_A0      2.26873e-03   9.88556e-04   3.65884e-06   4.53335e-01
  23  alpha_phi    5.09996e-03   8.42035e-04   3.08791e-06  -1.05532e+00
  24  beta_phi    -1.64583e-03   8.02546e-04   2.97573e-06  -1.23401e+00
 EXTERNAL ERROR MATRIX.    NDIM=  25    NPAR=  7    ERR DEF=1
  4.041e-08  1.945e-10  1.777e-09 -1.838e-09 -3.819e-09 -1.176e-09 -1.547e-09 
  1.945e-10  4.126e-08 -3.476e-09 -2.508e-10 -7.709e-09 -2.434e-09 -1.117e-09 
  1.777e-09 -3.476e-09  2.699e-01  2.136e-05  3.240e-05  7.112e-05 -2.291e-05 
 -1.838e-09 -2.508e-10  2.136e-05  7.458e-07  1.069e-08  9.328e-09  3.709e-08 
 -3.819e-09 -7.709e-09  3.240e-05  1.069e-08  9.772e-07  6.400e-08  4.254e-08 
 -1.176e-09 -2.434e-09  7.112e-05  9.328e-09  6.400e-08  7.090e-07  9.279e-09 
 -1.547e-09 -1.117e-09 -2.291e-05  3.709e-08  4.254e-08  9.279e-09  6.441e-07 
 PARAMETER  CORRELATION COEFFICIENTS  
       NO.  GLOBAL     13     14     20     21     22     23     24
       13  0.02426   1.000  0.005  0.000 -0.011 -0.019 -0.007 -0.010
       14  0.04069   0.005  1.000 -0.000 -0.001 -0.038 -0.014 -0.007
       20  0.18693   0.000 -0.000  1.000  0.048  0.063  0.163 -0.055
       21  0.07468  -0.011 -0.001  0.048  1.000  0.013  0.013  0.054
       22  0.11563  -0.019 -0.038  0.063  0.013  1.000  0.077  0.054
       23  0.17726  -0.007 -0.014  0.163  0.013  0.077  1.000  0.014
       24  0.09912  -0.010 -0.007 -0.055  0.054  0.054  0.014  1.000
