 + ++++++++++++++++++++++++++++++++++++++++++++++++++++++++++++++++++++ +
 +                                                                      +
 +           You have chose to blind your fitting according to          +
 +                omega_ref * (1 + (R +/- deltaR) *10^{-6})             +
 +                                                                      +
 + ++++++++++++++++++++++++++++++++++++++++++++++++++++++++++++++++++++ +
In main()...
reading format from /gm2data/zkhechad/run45/envelope/formats/formatB_sBin_constraintOn.txt
pBinTau 	= 0  
pBinPhi 	= 0  
constraintau 	= 1 
includeMopTerm 	= 0    
constrainMop    = 0   
Parameters after format file: pBinTau 0 pBinPhi 0 constraintau 1 includeMopTerm 0 constrainMop 0 c_e_scale 0.000000 
Opening file /gm2data/tbarrett/gm2fr/studies/run23_bunch_corrections/CorrectedFourier_Run3b.root.
reading full fit data from /gm2data/zkhechad/cboTemplates/Run4CBOTemplates/fullFits/noRF/sBin_constraintOn_cE0.0_seed0_noRF_calo3.root
windowBins = 34
fitting sliding window 35 from bin 171 at 25.364000 to bin 205 at 30.586000 (34 bins)

Reading data from /gm2data/cornell/histograms/aMethod/histogram_a_noRF.root
 **********
 **    1 **SET PRINTOUT            1
 **********
 **********
 **    2 **SET NOWARNINGS 
 **********
 PARAMETER DEFINITIONS:
    NO.   NAME         VALUE      STEP SIZE      LIMITS
     1 N0           2.88710e+06  1.00000e+02     no limits
     2 tau          6.43977e+01  constant
     3 A0           3.56389e-01  1.00000e-04     no limits
     4 phi          4.11721e+00  1.00000e-02     no limits
     5 R           -6.10082e+01  constant
     6 alpha_CBO    0.00000e+00  1.00000e-03     no limits
     7 w_CBO        2.32500e+00  constant
     8 beta_CBO     0.00000e+00  1.00000e-03     no limits
     9 alpha_2CBO   0.00000e+00  1.00000e-03     no limits
    10 beta_2CBO    0.00000e+00  1.00000e-03     no limits
    11 alpha_y      0.00000e+00  1.00000e-03     no limits
    12 w_y          1.38860e+01  constant
    13 beta_y       0.00000e+00  1.00000e-03     no limits
    14 alpha_vw     0.00000e+00  1.00000e-03     no limits
    15 w_vw         1.43404e+01  constant
    16 beta_vw      0.00000e+00  1.00000e-03     no limits
    17 LM          -2.57919e-04  constant
    18 zeta_y       0.00000e+00  constant
    19 zeta_vw      0.00000e+00  constant
    20 T_CBO        1.00000e+02  1.00000e+00    0.00000e+00  1.00000e+03
    21 alpha_A0     0.00000e+00  1.00000e-03     no limits
    22 beta_A0      0.00000e+00  1.00000e-03     no limits
    23 alpha_phi    0.00000e+00  1.00000e-03     no limits
    24 beta_phi     0.00000e+00  1.00000e-03     no limits
MINUIT - FIT ONLY WIGGLE
 **********
 **    3 **FIX            5
 **********
 PARAMETER    5  IS CONSTANT.   IGNORED.
 **********
 **    4 **FIX            6
 **********
 **********
 **    5 **FIX            7
 **********
 PARAMETER    7  IS CONSTANT.   IGNORED.
 **********
 **    6 **FIX            8
 **********
 **********
 **    7 **FIX            9
 **********
 **********
 **    8 **FIX           10
 **********
 **********
 **    9 **FIX           11
 **********
 **********
 **   10 **FIX           12
 **********
 PARAMETER   12  IS CONSTANT.   IGNORED.
 **********
 **   11 **FIX           13
 **********
 **********
 **   12 **FIX           14
 **********
 **********
 **   13 **FIX           15
 **********
 PARAMETER   15  IS CONSTANT.   IGNORED.
 **********
 **   14 **FIX           16
 **********
 **********
 **   15 **MIGRAD
 **********
 FIRST CALL TO USER FUNCTION AT NEW START POINT, WITH IFLAG=4.
 START MIGRAD MINIMIZATION.  STRATEGY  1.  CONVERGENCE WHEN EDM .LT. 1.00e-04
 FCN=9078.01 FROM MIGRAD    STATUS=INITIATE      435 CALLS         436 TOTAL
                     EDM= unknown      STRATEGY= 1      NO ERROR MATRIX       
  EXT PARAMETER               CURRENT GUESS       STEP         FIRST   
  NO.   NAME      VALUE            ERROR          SIZE      DERIVATIVE 
   1  N0           2.88710e+06   1.00000e+02   0.00000e+00  -1.34127e-01
   2  tau          6.43977e+01   constant   
   3  A0           3.56389e-01   1.00000e-04   0.00000e+00  -6.32482e+05
   4  phi          4.11721e+00   1.00000e-02   0.00000e+00  -4.86531e+04
   5  R           -6.10082e+01   constant   
   6  alpha_CBO    0.00000e+00     fixed    
   7  w_CBO        2.32500e+00   constant   
   8  beta_CBO     0.00000e+00     fixed    
   9  alpha_2CBO   0.00000e+00     fixed    
  10  beta_2CBO    0.00000e+00     fixed    
  11  alpha_y      0.00000e+00     fixed    
  12  w_y          1.38860e+01   constant   
  13  beta_y       0.00000e+00     fixed    
  14  alpha_vw     0.00000e+00     fixed    
  15  w_vw         1.43404e+01   constant   
  16  beta_vw      0.00000e+00     fixed    
  17  LM          -2.57919e-04   constant   
  18  zeta_y       0.00000e+00   constant   
  19  zeta_vw      0.00000e+00   constant   
  20  T_CBO        1.00000e+02   1.00000e+00   0.00000e+00   0.00000e+00
  21  alpha_A0     0.00000e+00   1.00000e-03   0.00000e+00   6.40346e+04
  22  beta_A0      0.00000e+00   1.00000e-03   0.00000e+00   5.98852e+04
  23  alpha_phi    0.00000e+00   1.00000e-03   0.00000e+00  -1.05999e+04
  24  beta_phi     0.00000e+00   1.00000e-03   0.00000e+00   5.38881e+03
 MIGRAD MINIMIZATION HAS CONVERGED.
 FCN=3434.36 FROM MIGRAD    STATUS=CONVERGED     695 CALLS         696 TOTAL
                     EDM=5.25785e-06    STRATEGY= 1  ERROR MATRIX UNCERTAINTY   3.6 per cent
  EXT PARAMETER                                   STEP         FIRST   
  NO.   NAME      VALUE            ERROR          SIZE      DERIVATIVE 
   1  N0           2.86629e+06   7.75150e+02  -1.72791e+00  -7.09744e-07
   2  tau          6.43977e+01   constant   
   3  A0           3.72192e-01   2.46141e-04   1.08307e-07  -2.09231e+01
   4  phi          4.14974e+00   1.08654e-03   1.90460e-06  -9.20394e-01
   5  R           -6.10082e+01   constant   
   6  alpha_CBO    0.00000e+00     fixed    
   7  w_CBO        2.32500e+00   constant   
   8  beta_CBO     0.00000e+00     fixed    
   9  alpha_2CBO   0.00000e+00     fixed    
  10  beta_2CBO    0.00000e+00     fixed    
  11  alpha_y      0.00000e+00     fixed    
  12  w_y          1.38860e+01   constant   
  13  beta_y       0.00000e+00     fixed    
  14  alpha_vw     0.00000e+00     fixed    
  15  w_vw         1.43404e+01   constant   
  16  beta_vw      0.00000e+00     fixed    
  17  LM          -2.57919e-04   constant   
  18  zeta_y       0.00000e+00   constant   
  19  zeta_vw      0.00000e+00   constant   
  20  T_CBO        9.38270e+02   1.75457e+01  -5.42903e-05   8.78120e-02
  21  alpha_A0     9.10044e-03   9.50160e-04   8.03836e-07  -5.54867e+00
  22  beta_A0     -5.17937e-02   1.27949e-03  -1.66909e-06  -3.62032e+00
  23  alpha_phi   -6.11580e-02   1.49435e-03  -3.17005e-06   2.43916e-01
  24  beta_phi    -1.28471e-02   1.23972e-03  -2.58305e-06  -2.54278e+00
 EXTERNAL ERROR MATRIX.    NDIM=  25    NPAR=  8    ERR DEF=1
  6.009e+05 -1.283e-01 -7.917e-01 -3.864e+03 -6.389e-01  9.227e-01  1.069e+00  8.282e-01 
 -1.283e-01  6.059e-08  1.721e-07  2.513e-03  1.145e-07 -2.303e-07 -2.932e-07 -1.243e-07 
 -7.917e-01  1.721e-07  1.181e-06  5.669e-03  9.250e-07 -1.292e-06 -1.490e-06 -1.210e-06 
 -3.864e+03  2.513e-03  5.669e-03  3.084e+02  5.655e-03 -6.194e-03 -1.127e-02 -1.320e-03 
 -6.389e-01  1.145e-07  9.250e-07  5.655e-03  9.028e-07 -1.031e-06 -1.165e-06 -1.008e-06 
  9.227e-01 -2.303e-07 -1.292e-06 -6.194e-03 -1.031e-06  1.637e-06  1.743e-06  1.317e-06 
  1.069e+00 -2.932e-07 -1.490e-06 -1.127e-02 -1.165e-06  1.743e-06  2.233e-06  1.455e-06 
  8.282e-01 -1.243e-07 -1.210e-06 -1.320e-03 -1.008e-06  1.317e-06  1.455e-06  1.537e-06 
 PARAMETER  CORRELATION COEFFICIENTS  
       NO.  GLOBAL      1      3      4     20     21     22     23     24
        1  0.96098   1.000 -0.672 -0.940 -0.284 -0.867  0.930  0.923  0.862
        3  0.92676  -0.672  1.000  0.644  0.581  0.489 -0.731 -0.797 -0.407
        4  0.97182  -0.940  0.644  1.000  0.297  0.896 -0.930 -0.918 -0.898
       20  0.78912  -0.284  0.581  0.297  1.000  0.339 -0.276 -0.429 -0.061
       21  0.93994  -0.867  0.489  0.896  0.339  1.000 -0.848 -0.821 -0.855
       22  0.96373   0.930 -0.731 -0.930 -0.276 -0.848  1.000  0.911  0.830
       23  0.96489   0.923 -0.797 -0.918 -0.429 -0.821  0.911  1.000  0.786
       24  0.94195   0.862 -0.407 -0.898 -0.061 -0.855  0.830  0.786  1.000
MINUIT - FIT ONLY 1-CBO + wiggle
 **********
 **   16 **RES 
 **********
                   PARAMETER   16  beta_vw RESTORED TO VARIABLE.
                   PARAMETER   14  alpha_vw RESTORED TO VARIABLE.
                   PARAMETER   13  beta_y RESTORED TO VARIABLE.
                   PARAMETER   11  alpha_y RESTORED TO VARIABLE.
                   PARAMETER   10  beta_2CBO RESTORED TO VARIABLE.
                   PARAMETER    9  alpha_2CBO RESTORED TO VARIABLE.
                   PARAMETER    8  beta_CBO RESTORED TO VARIABLE.
                   PARAMETER    6  alpha_CBO RESTORED TO VARIABLE.
 **********
 **   17 **FIX            8
 **********
 **********
 **   18 **FIX            9
 **********
 **********
 **   19 **FIX           11
 **********
 **********
 **   20 **FIX           12
 **********
 PARAMETER   12  IS CONSTANT.   IGNORED.
 **********
 **   21 **FIX           14
 **********
 **********
 **   22 **FIX           15
 **********
 PARAMETER   15  IS CONSTANT.   IGNORED.
 **********
 **   23 **FIX           16
 **********
 **********
 **   24 **MIGRAD
 **********
 START MIGRAD MINIMIZATION.  STRATEGY  1.  CONVERGENCE WHEN EDM .LT. 1.00e-04
 FCN=3434.36 FROM MIGRAD    STATUS=INITIATE       28 CALLS         724 TOTAL
                     EDM= unknown      STRATEGY= 1      NO ERROR MATRIX       
  EXT PARAMETER               CURRENT GUESS       STEP         FIRST   
  NO.   NAME      VALUE            ERROR          SIZE      DERIVATIVE 
   1  N0           2.86629e+06   7.75150e+02  -1.72791e+00  -7.09741e-07
   2  tau          6.43977e+01   constant   
   3  A0           3.72192e-01   2.46141e-04   1.08307e-07  -2.09231e+01
   4  phi          4.14974e+00   1.08654e-03   1.90460e-06  -9.20388e-01
   5  R           -6.10082e+01   constant   
   6  alpha_CBO    0.00000e+00   1.00000e-03   1.00000e-03   3.61663e+05
   7  w_CBO        2.32500e+00   constant   
   8  beta_CBO     0.00000e+00     fixed    
   9  alpha_2CBO   0.00000e+00     fixed    
  10  beta_2CBO    0.00000e+00   1.00000e-03   1.00000e-03  -1.42187e+05
  11  alpha_y      0.00000e+00     fixed    
  12  w_y          1.38860e+01   constant   
  13  beta_y       0.00000e+00   1.00000e-03   1.00000e-03  -9.79921e+04
  14  alpha_vw     0.00000e+00     fixed    
  15  w_vw         1.43404e+01   constant   
  16  beta_vw      0.00000e+00     fixed    
  17  LM          -2.57919e-04   constant   
  18  zeta_y       0.00000e+00   constant   
  19  zeta_vw      0.00000e+00   constant   
  20  T_CBO        9.38270e+02   1.75457e+01  -5.42903e-05  -8.78145e-02
  21  alpha_A0     9.10044e-03   9.50160e-04   8.03836e-07  -5.54865e+00
  22  beta_A0     -5.17937e-02   1.27949e-03  -1.66909e-06  -3.62031e+00
  23  alpha_phi   -6.11580e-02   1.49435e-03  -3.17005e-06   2.43917e-01
  24  beta_phi    -1.28471e-02   1.23972e-03  -2.58305e-06  -2.54278e+00
 MIGRAD MINIMIZATION HAS CONVERGED.
 FCN=2037.28 FROM MIGRAD    STATUS=CONVERGED     834 CALLS        1530 TOTAL
                     EDM=2.18338e-07    STRATEGY= 1  ERROR MATRIX UNCERTAINTY   0.4 per cent
  EXT PARAMETER                                   STEP         FIRST   
  NO.   NAME      VALUE            ERROR          SIZE      DERIVATIVE 
   1  N0           2.84876e+06   7.73571e+02   5.83752e-01   7.18956e-07
   2  tau          6.43977e+01   constant   
   3  A0           3.65671e-01   3.08050e-04   2.70056e-07   6.27259e-01
   4  phi          4.18144e+00   1.24915e-03  -6.43783e-07   1.04591e+00
   5  R           -6.10082e+01   constant   
   6  alpha_CBO   -7.96674e-03   2.18182e-04   2.70336e-07  -1.47435e+00
   7  w_CBO        2.32500e+00   constant   
   8  beta_CBO     0.00000e+00     fixed    
   9  alpha_2CBO   0.00000e+00     fixed    
  10  beta_2CBO   -1.44810e-03   1.34498e-04   9.98733e-09   4.79823e-01
  11  alpha_y      0.00000e+00     fixed    
  12  w_y          1.38860e+01   constant   
  13  beta_y       7.59592e-04   1.05113e-04   6.08762e-08   3.07799e+00
  14  alpha_vw     0.00000e+00     fixed    
  15  w_vw         1.43404e+01   constant   
  16  beta_vw      0.00000e+00     fixed    
  17  LM          -2.57919e-04   constant   
  18  zeta_y       0.00000e+00   constant   
  19  zeta_vw      0.00000e+00   constant   
  20  T_CBO        1.00000e+03   9.41777e+02   2.01923e-03** at limit **
  21  alpha_A0     4.64149e-02   1.30576e-03  -9.37695e-07  -4.21654e-01
  22  beta_A0     -7.02789e-02   1.10929e-03  -6.77231e-07  -2.20303e-01
  23  alpha_phi   -7.60902e-02   1.24552e-03  -4.62254e-07   3.08414e-01
  24  beta_phi    -6.56133e-02   1.89082e-03   9.50696e-07   1.35934e-01
 EXTERNAL ERROR MATRIX.    NDIM=  25    NPAR= 11    ERR DEF=1
  5.984e+05 
 -1.940e-02  9.489e-08 
 -9.018e-01 -2.791e-08  1.560e-06 
  8.784e-02  4.295e-08 -1.758e-07  4.760e-08 
  3.444e-02  1.504e-08 -7.180e-08  1.429e-08  1.809e-08 
 -7.365e-03 -4.495e-10  1.020e-08 -1.084e-09  2.754e-10  1.105e-08 
  1.748e+01  7.693e-06 -2.020e-05  8.452e-06  5.319e-07  1.755e-06  1.362e+00 
 -8.676e-01 -1.056e-07  1.507e-06 -2.121e-07 -7.091e-08  1.262e-08 -6.131e-05  1.705e-06 
  7.636e-01 -1.076e-07 -1.162e-06  7.624e-08  2.695e-08 -1.006e-08  2.908e-05 -1.064e-06  1.231e-06 
  8.138e-01 -1.790e-07 -1.209e-06  5.236e-08  3.002e-08 -7.924e-09  3.994e-05 -1.022e-06  1.196e-06  1.551e-06 
  1.241e+00  1.973e-07 -2.185e-06  3.158e-07  1.340e-07 -1.613e-08  7.678e-05 -2.271e-06  1.476e-06  1.400e-06  3.575e-06 
 PARAMETER  CORRELATION COEFFICIENTS  
       NO.  GLOBAL      1      3      4      6     10     13     20     21     22     23     24
        1  0.96150   1.000 -0.081 -0.933  0.520  0.331 -0.091  0.019 -0.859  0.890  0.845  0.848
        3  0.93893  -0.081  1.000 -0.073  0.639  0.363 -0.014  0.021 -0.263 -0.315 -0.467  0.339
        4  0.97758  -0.933 -0.073  1.000 -0.645 -0.427  0.078 -0.014  0.924 -0.838 -0.777 -0.925
        6  0.88362   0.520  0.639 -0.645  1.000  0.487 -0.047  0.033 -0.744  0.315  0.193  0.765
       10  0.62102   0.331  0.363 -0.427  0.487  1.000  0.019  0.003 -0.404  0.181  0.179  0.527
       13  0.12827  -0.091 -0.014  0.078 -0.047  0.019  1.000  0.014  0.092 -0.086 -0.061 -0.081
       20  0.11870   0.019  0.021 -0.014  0.033  0.003  0.014  1.000 -0.040  0.022  0.027  0.035
       21  0.95413  -0.859 -0.263  0.924 -0.744 -0.404  0.092 -0.040  1.000 -0.734 -0.629 -0.920
       22  0.93937   0.890 -0.315 -0.838  0.315  0.181 -0.086  0.022 -0.734  1.000  0.865  0.703
       23  0.94732   0.845 -0.467 -0.777  0.193  0.179 -0.061  0.027 -0.629  0.865  1.000  0.594
       24  0.97129   0.848  0.339 -0.925  0.765  0.527 -0.081  0.035 -0.920  0.703  0.594  1.000
MINUIT - FIT ONLY 2-CBO
 **********
 **   25 **RES 
 **********
                   PARAMETER   16  beta_vw RESTORED TO VARIABLE.
                   PARAMETER   14  alpha_vw RESTORED TO VARIABLE.
                   PARAMETER   11  alpha_y RESTORED TO VARIABLE.
                   PARAMETER    9  alpha_2CBO RESTORED TO VARIABLE.
                   PARAMETER    8  beta_CBO RESTORED TO VARIABLE.
 **********
 **   26 **FIX            0
 **********
 PARAMETER    0  IS UNDEFINED. IGNORED.
 **********
 **   27 **FIX            1
 **********
 **********
 **   28 **FIX            2
 **********
 PARAMETER    2  IS CONSTANT.   IGNORED.
 **********
 **   29 **FIX            3
 **********
 **********
 **   30 **FIX            4
 **********
 **********
 **   31 **FIX            5
 **********
 PARAMETER    5  IS CONSTANT.   IGNORED.
 **********
 **   32 **FIX            6
 **********
 **********
 **   33 **FIX            7
 **********
 PARAMETER    7  IS CONSTANT.   IGNORED.
 **********
 **   34 **FIX           10
 **********
 **********
 **   35 **FIX           11
 **********
 **********
 **   36 **FIX           12
 **********
 PARAMETER   12  IS CONSTANT.   IGNORED.
 **********
 **   37 **FIX           13
 **********
 **********
 **   38 **FIX           14
 **********
 **********
 **   39 **FIX           15
 **********
 PARAMETER   15  IS CONSTANT.   IGNORED.
 **********
 **   40 **FIX           16
 **********
 **********
 **   41 **MIGRAD
 **********
 START MIGRAD MINIMIZATION.  STRATEGY  1.  CONVERGENCE WHEN EDM .LT. 1.00e-04
 FCN=2037.28 FROM MIGRAD    STATUS=INITIATE       18 CALLS        1548 TOTAL
                     EDM= unknown      STRATEGY= 1      NO ERROR MATRIX       
  EXT PARAMETER               CURRENT GUESS       STEP         FIRST   
  NO.   NAME      VALUE            ERROR          SIZE      DERIVATIVE 
   1  N0           2.84876e+06     fixed    
   2  tau          6.43977e+01   constant   
   3  A0           3.65671e-01     fixed    
   4  phi          4.18144e+00     fixed    
   5  R           -6.10082e+01   constant   
   6  alpha_CBO   -7.96674e-03     fixed    
   7  w_CBO        2.32500e+00   constant   
   8  beta_CBO     0.00000e+00   1.00000e-03   1.00000e-03   3.21135e+04
   9  alpha_2CBO   0.00000e+00   1.00000e-03   1.00000e-03   1.33088e+05
  10  beta_2CBO   -1.44810e-03     fixed    
  11  alpha_y      0.00000e+00     fixed    
  12  w_y          1.38860e+01   constant   
  13  beta_y       7.59592e-04     fixed    
  14  alpha_vw     0.00000e+00     fixed    
  15  w_vw         1.43404e+01   constant   
  16  beta_vw      0.00000e+00     fixed    
  17  LM          -2.57919e-04   constant   
  18  zeta_y       0.00000e+00   constant   
  19  zeta_vw      0.00000e+00   constant   
  20  T_CBO        1.00000e+03   9.41777e+02   2.01923e-03** at limit **
  21  alpha_A0     4.64149e-02   1.30576e-03  -9.37695e-07  -4.21638e-01
  22  beta_A0     -7.02789e-02   1.10929e-03  -6.77231e-07  -2.20288e-01
  23  alpha_phi   -7.60902e-02   1.24552e-03  -4.62254e-07   3.08415e-01
  24  beta_phi    -6.56133e-02   1.89082e-03   9.50696e-07   1.35937e-01
 MIGRAD MINIMIZATION HAS CONVERGED.
 MIGRAD WILL VERIFY CONVERGENCE AND ERROR MATRIX.
 COVARIANCE MATRIX CALCULATED SUCCESSFULLY
 FCN=1980.12 FROM MIGRAD    STATUS=CONVERGED     165 CALLS        1695 TOTAL
                     EDM=2.03751e-07    STRATEGY= 1      ERROR MATRIX ACCURATE 
  EXT PARAMETER                                   STEP         FIRST   
  NO.   NAME      VALUE            ERROR          SIZE      DERIVATIVE 
   1  N0           2.84876e+06     fixed    
   2  tau          6.43977e+01   constant   
   3  A0           3.65671e-01     fixed    
   4  phi          4.18144e+00     fixed    
   5  R           -6.10082e+01   constant   
   6  alpha_CBO   -7.96674e-03     fixed    
   7  w_CBO        2.32500e+00   constant   
   8  beta_CBO    -1.25399e-04   1.09695e-04   2.33978e-06  -4.88350e+00
   9  alpha_2CBO  -8.28747e-04   1.12690e-04   2.26679e-06   5.58262e-01
  10  beta_2CBO   -1.44810e-03     fixed    
  11  alpha_y      0.00000e+00     fixed    
  12  w_y          1.38860e+01   constant   
  13  beta_y       7.59592e-04     fixed    
  14  alpha_vw     0.00000e+00     fixed    
  15  w_vw         1.43404e+01   constant   
  16  beta_vw      0.00000e+00     fixed    
  17  LM          -2.57919e-04   constant   
  18  zeta_y       0.00000e+00   constant   
  19  zeta_vw      0.00000e+00   constant   
  20  T_CBO        1.00000e+03   7.91616e+02   3.74723e-02** at limit **
  21  alpha_A0     4.63971e-02   3.99753e-04   8.51758e-06   6.63845e-01
  22  beta_A0     -6.94181e-02   4.13273e-04   8.28793e-06   3.91160e-01
  23  alpha_phi   -7.68196e-02   4.14397e-04   8.67945e-06   1.28953e-01
  24  beta_phi    -6.49449e-02   4.76021e-04   9.77430e-06   1.14235e-01
 EXTERNAL ERROR MATRIX.    NDIM=  25    NPAR=  7    ERR DEF=1
  1.203e-08 -1.020e-09 -3.906e-09 -2.715e-09 -4.195e-09  1.407e-09  4.525e-09 
 -1.020e-09  1.270e-08  3.139e-09  9.269e-10 -1.191e-08  1.062e-08 -1.112e-08 
 -3.906e-09  3.139e-09  7.023e-04  5.478e-07 -8.348e-07 -9.123e-07 -7.946e-07 
 -2.715e-09  9.269e-10  5.478e-07  1.598e-07 -2.579e-08 -8.422e-09 -2.006e-08 
 -4.195e-09 -1.191e-08 -8.348e-07 -2.579e-08  1.708e-07 -1.391e-08  4.996e-08 
  1.407e-09  1.062e-08 -9.123e-07 -8.422e-09 -1.391e-08  1.717e-07  7.333e-09 
  4.525e-09 -1.112e-08 -7.946e-07 -2.006e-08  4.996e-08  7.333e-09  2.266e-07 
 PARAMETER  CORRELATION COEFFICIENTS  
       NO.  GLOBAL      8      9     20     21     22     23     24
        8  0.19179   1.000 -0.083 -0.001 -0.062 -0.093  0.031  0.087
        9  0.37862  -0.083  1.000  0.001  0.021 -0.256  0.227 -0.207
       20  0.12839  -0.001  0.001  1.000  0.052 -0.076 -0.083 -0.063
       21  0.19707  -0.062  0.021  0.052  1.000 -0.156 -0.051 -0.105
       22  0.38540  -0.093 -0.256 -0.076 -0.156  1.000 -0.081  0.254
       23  0.26691   0.031  0.227 -0.083 -0.051 -0.081  1.000  0.037
       24  0.32768   0.087 -0.207 -0.063 -0.105  0.254  0.037  1.000
MINUIT - FIT wiggle + 1-CBO + 2-CBO
 **********
 **   42 **RES 
 **********
                   PARAMETER   16  beta_vw RESTORED TO VARIABLE.
                   PARAMETER   14  alpha_vw RESTORED TO VARIABLE.
                   PARAMETER   13  beta_y RESTORED TO VARIABLE.
                   PARAMETER   11  alpha_y RESTORED TO VARIABLE.
                   PARAMETER   10  beta_2CBO RESTORED TO VARIABLE.
                   PARAMETER    6  alpha_CBO RESTORED TO VARIABLE.
                   PARAMETER    4  phi RESTORED TO VARIABLE.
                   PARAMETER    3  A0 RESTORED TO VARIABLE.
                   PARAMETER    1  N0 RESTORED TO VARIABLE.
 **********
 **   43 **FIX           10
 **********
 **********
 **   44 **FIX           11
 **********
 **********
 **   45 **FIX           12
 **********
 PARAMETER   12  IS CONSTANT.   IGNORED.
 **********
 **   46 **FIX           13
 **********
 **********
 **   47 **FIX           14
 **********
 **********
 **   48 **FIX           15
 **********
 PARAMETER   15  IS CONSTANT.   IGNORED.
 **********
 **   49 **FIX           16
 **********
 **********
 **   50 **MIGRAD
 **********
 START MIGRAD MINIMIZATION.  STRATEGY  1.  CONVERGENCE WHEN EDM .LT. 1.00e-04
 FCN=1980.12 FROM MIGRAD    STATUS=INITIATE       22 CALLS        1717 TOTAL
                     EDM= unknown      STRATEGY= 1      NO ERROR MATRIX       
  EXT PARAMETER               CURRENT GUESS       STEP         FIRST   
  NO.   NAME      VALUE            ERROR          SIZE      DERIVATIVE 
   1  N0           2.84876e+06   7.73571e+02   7.73571e+02  -7.24211e-03
   2  tau          6.43977e+01   constant   
   3  A0           3.65671e-01   3.08050e-04   3.08050e-04  -2.38458e+04
   4  phi          4.18144e+00   1.24915e-03   1.24915e-03   3.12692e+03
   5  R           -6.10082e+01   constant   
   6  alpha_CBO   -7.96674e-03   2.18182e-04   2.18182e-04   9.77350e+03
   7  w_CBO        2.32500e+00   constant   
   8  beta_CBO    -1.25399e-04   1.09695e-04   2.33978e-06  -4.88321e+00
   9  alpha_2CBO  -8.28747e-04   1.12690e-04   2.26679e-06   5.65181e-01
  10  beta_2CBO   -1.44810e-03     fixed    
  11  alpha_y      0.00000e+00     fixed    
  12  w_y          1.38860e+01   constant   
  13  beta_y       7.59592e-04     fixed    
  14  alpha_vw     0.00000e+00     fixed    
  15  w_vw         1.43404e+01   constant   
  16  beta_vw      0.00000e+00     fixed    
  17  LM          -2.57919e-04   constant   
  18  zeta_y       0.00000e+00   constant   
  19  zeta_vw      0.00000e+00   constant   
  20  T_CBO        9.99999e+02   7.91616e+02   3.74723e-02  -1.33678e-03
  21  alpha_A0     4.63971e-02   3.99753e-04   8.51758e-06   6.54141e-01
  22  beta_A0     -6.94181e-02   4.13273e-04   8.28793e-06   4.10974e-01
  23  alpha_phi   -7.68196e-02   4.14397e-04   8.67945e-06   1.53067e-01
  24  beta_phi    -6.49449e-02   4.76021e-04   9.77430e-06   1.24258e-01
 MIGRAD MINIMIZATION HAS CONVERGED.
 MIGRAD WILL VERIFY CONVERGENCE AND ERROR MATRIX.
 COVARIANCE MATRIX CALCULATED SUCCESSFULLY
 FCN=1942.74 FROM HESSE     STATUS=OK            100 CALLS        2659 TOTAL
                     EDM=0.000778644    STRATEGY= 1      ERROR MATRIX ACCURATE 
  EXT PARAMETER                                   STEP         FIRST   
  NO.   NAME      VALUE            ERROR          SIZE      DERIVATIVE 
   1  N0           2.86273e+06   3.48072e+03   4.56831e+00   2.76921e-06
   2  tau          6.43977e+01   constant   
   3  A0           3.62646e-01   1.26766e-03   2.28457e-06  -5.76037e+00
   4  phi          4.15887e+00   5.56905e-03   5.78309e-06   1.79858e+00
   5  R           -6.10082e+01   constant   
   6  alpha_CBO   -7.04202e-03   2.22078e-04   2.20363e-06   9.62860e-01
   7  w_CBO        2.32500e+00   constant   
   8  beta_CBO    -2.37511e-03   6.76568e-04   2.31826e-06  -1.22742e+01
   9  alpha_2CBO  -8.51755e-04   1.76741e-04   2.24548e-06  -4.03611e+00
  10  beta_2CBO   -1.44810e-03     fixed    
  11  alpha_y      0.00000e+00     fixed    
  12  w_y          1.38860e+01   constant   
  13  beta_y       7.59592e-04     fixed    
  14  alpha_vw     0.00000e+00     fixed    
  15  w_vw         1.43404e+01   constant   
  16  beta_vw      0.00000e+00     fixed    
  17  LM          -2.57919e-04   constant   
  18  zeta_y       0.00000e+00   constant   
  19  zeta_vw      0.00000e+00   constant   
  20  T_CBO        1.43219e+02   1.25224e+02   2.42560e-04  -4.28669e-02
  21  alpha_A0     3.34385e-02   6.78237e-03   1.00233e-05   6.41301e-01
  22  beta_A0     -5.46813e-02   1.16326e-02   9.80284e-06  -1.37475e+00
  23  alpha_phi   -6.13565e-02   1.32682e-02   1.01922e-05  -3.12366e+00
  24  beta_phi    -4.91353e-02   9.46368e-03   1.12886e-05   1.34182e+00
 CALL LIMIT EXCEEDED IN MIGRAD.
 MIGRAD TERMINATED WITHOUT CONVERGENCE.
 FCN=1942.72 FROM MIGRAD    STATUS=CALL LIMIT   1921 CALLS        3616 TOTAL
                     EDM=0.000473634    STRATEGY= 1  ERROR MATRIX UNCERTAINTY   1.3 per cent
  EXT PARAMETER                APPROXIMATE        STEP         FIRST   
  NO.   NAME      VALUE            ERROR          SIZE      DERIVATIVE 
   1  N0           2.86265e+06   3.41946e+03   5.16420e+00  -8.68100e-05
   2  tau          6.43977e+01   constant   
   3  A0           3.62578e-01   1.21330e-03  -3.66234e-06   1.48096e+02
   4  phi          4.15904e+00   5.48228e-03  -7.61977e-06   7.12502e+01
   5  R           -6.10082e+01   constant   
   6  alpha_CBO   -7.04828e-03   2.15254e-04   7.07968e-08   2.25163e+00
   7  w_CBO        2.32500e+00   constant   
   8  beta_CBO    -2.36092e-03   6.59192e-04  -9.30049e-07   1.48009e+00
   9  alpha_2CBO  -8.46097e-04   1.69581e-04   2.91921e-07   2.26207e+00
  10  beta_2CBO   -1.44810e-03     fixed    
  11  alpha_y      0.00000e+00     fixed    
  12  w_y          1.38860e+01   constant   
  13  beta_y       7.59592e-04     fixed    
  14  alpha_vw     0.00000e+00     fixed    
  15  w_vw         1.43404e+01   constant   
  16  beta_vw      0.00000e+00     fixed    
  17  LM          -2.57919e-04   constant   
  18  zeta_y       0.00000e+00   constant   
  19  zeta_vw      0.00000e+00   constant   
  20  T_CBO        2.65328e+02   3.07516e+02   1.06575e-02  -1.16023e+00
  21  alpha_A0     3.08372e-02   5.60092e-03  -6.11011e-05  -6.06318e+00
  22  beta_A0     -5.00739e-02   9.49808e-03   1.08351e-04   4.97064e+01
  23  alpha_phi   -5.61604e-02   1.08521e-02   1.22204e-04   5.97342e+01
  24  beta_phi    -4.52173e-02   7.63884e-03   9.19894e-05   8.63154e+00
 EXTERNAL ERROR MATRIX.    NDIM=  25    NPAR= 11    ERR DEF=1
  1.169e+07 
 -3.878e+00  1.472e-06 
 -1.869e+01  6.178e-06  3.006e-05 
  2.764e-01 -2.379e-08 -4.629e-07  4.633e-08 
 -2.190e+00  7.676e-07  3.516e-06 -3.699e-08  4.345e-07 
  3.200e-01 -1.420e-07 -5.108e-07 -5.243e-09 -6.980e-08  2.876e-08 
 -4.963e+04 -3.822e-02  9.904e-02 -5.289e-03  7.615e-03  3.777e-03  1.157e+05 
 -1.330e+01  4.821e-06  2.117e-05 -3.808e-07  2.464e-06 -3.782e-07 -1.287e+00  3.137e-05 
  2.163e+01 -8.461e-06 -3.424e-05  3.695e-07 -4.139e-06  7.175e-07  2.307e+00 -5.239e-05  9.021e-05 
  2.491e+01 -9.892e-06 -3.942e-05  3.596e-07 -4.801e-06  8.885e-07  2.608e+00 -5.949e-05  1.027e-04  1.178e-04 
  1.600e+01 -5.877e-06 -2.542e-05  4.802e-07 -2.941e-06  4.389e-07  1.947e+00 -4.230e-05  7.120e-05  8.067e-05  5.835e-05 
ERR MATRIX APPROXIMATE
 PARAMETER  CORRELATION COEFFICIENTS  
       NO.  GLOBAL      1      3      4      6      8      9     20     21     22     23     24
        1  0.99853   1.000 -0.935 -0.997  0.375 -0.971  0.552 -0.043 -0.694  0.666  0.671  0.612
        3  0.99729  -0.935  1.000  0.929 -0.091  0.960 -0.690 -0.093  0.709 -0.734 -0.751 -0.634
        4  0.99904  -0.997  0.929  1.000 -0.392  0.973 -0.549  0.053  0.689 -0.658 -0.663 -0.607
        6  0.88025   0.375 -0.091 -0.392  1.000 -0.261 -0.144 -0.072 -0.316  0.181  0.154  0.292
        8  0.98662  -0.971  0.960  0.973 -0.261  1.000 -0.624  0.034  0.667 -0.661 -0.671 -0.584
        9  0.78946   0.552 -0.690 -0.549 -0.144 -0.624  1.000  0.065 -0.398  0.445  0.483  0.339
       20  0.99964  -0.043 -0.093  0.053 -0.072  0.034  0.065  1.000 -0.675  0.714  0.706  0.749
       21  0.99693  -0.694  0.709  0.689 -0.316  0.667 -0.398 -0.675  1.000 -0.985 -0.979 -0.989
       22  0.99932   0.666 -0.734 -0.658  0.181 -0.661  0.445  0.714 -0.985  1.000  0.997  0.981
       23  0.99953   0.671 -0.751 -0.663  0.154 -0.671  0.483  0.706 -0.979  0.997  1.000  0.973
       24  0.99806   0.612 -0.634 -0.607  0.292 -0.584  0.339  0.749 -0.989  0.981  0.973  1.000
 ERR MATRIX APPROXIMATE
MINUIT - FIT ONLY 1-y
 **********
 **   51 **RES 
 **********
                   PARAMETER   16  beta_vw RESTORED TO VARIABLE.
                   PARAMETER   14  alpha_vw RESTORED TO VARIABLE.
                   PARAMETER   13  beta_y RESTORED TO VARIABLE.
                   PARAMETER   11  alpha_y RESTORED TO VARIABLE.
                   PARAMETER   10  beta_2CBO RESTORED TO VARIABLE.
 **********
 **   52 **FIX            0
 **********
 PARAMETER    0  IS UNDEFINED. IGNORED.
 **********
 **   53 **FIX            1
 **********
 **********
 **   54 **FIX            2
 **********
 PARAMETER    2  IS CONSTANT.   IGNORED.
 **********
 **   55 **FIX            3
 **********
 **********
 **   56 **FIX            4
 **********
 **********
 **   57 **FIX            5
 **********
 PARAMETER    5  IS CONSTANT.   IGNORED.
 **********
 **   58 **FIX            6
 **********
 **********
 **   59 **FIX            7
 **********
 PARAMETER    7  IS CONSTANT.   IGNORED.
 **********
 **   60 **FIX            8
 **********
 **********
 **   61 **FIX            9
 **********
 **********
 **   62 **FIX           13
 **********
 **********
 **   63 **FIX           14
 **********
 **********
 **   64 **FIX           15
 **********
 PARAMETER   15  IS CONSTANT.   IGNORED.
 **********
 **   65 **FIX           16
 **********
 **********
 **   66 **MIGRAD
 **********
 START MIGRAD MINIMIZATION.  STRATEGY  1.  CONVERGENCE WHEN EDM .LT. 1.00e-04
 FCN=1942.72 FROM MIGRAD    STATUS=INITIATE       16 CALLS        3632 TOTAL
                     EDM= unknown      STRATEGY= 1      NO ERROR MATRIX       
  EXT PARAMETER               CURRENT GUESS       STEP         FIRST   
  NO.   NAME      VALUE            ERROR          SIZE      DERIVATIVE 
   1  N0           2.86265e+06     fixed    
   2  tau          6.43977e+01   constant   
   3  A0           3.62578e-01     fixed    
   4  phi          4.15904e+00     fixed    
   5  R           -6.10082e+01   constant   
   6  alpha_CBO   -7.04828e-03     fixed    
   7  w_CBO        2.32500e+00   constant   
   8  beta_CBO    -2.36092e-03     fixed    
   9  alpha_2CBO  -8.46097e-04     fixed    
  10  beta_2CBO   -1.44810e-03   1.34498e-04   1.34498e-04  -7.54221e+04
  11  alpha_y      0.00000e+00   1.00000e-03   1.00000e-03  -6.39821e+05
  12  w_y          1.38860e+01   constant   
  13  beta_y       7.59592e-04     fixed    
  14  alpha_vw     0.00000e+00     fixed    
  15  w_vw         1.43404e+01   constant   
  16  beta_vw      0.00000e+00     fixed    
  17  LM          -2.57919e-04   constant   
  18  zeta_y       0.00000e+00   constant   
  19  zeta_vw      0.00000e+00   constant   
  20  T_CBO        2.65328e+02   3.07516e+02   1.06575e-02  -1.16030e+00
  21  alpha_A0     3.08372e-02   5.60092e-03  -6.11011e-05  -6.06318e+00
  22  beta_A0     -5.00739e-02   9.49808e-03   1.08351e-04   4.97064e+01
  23  alpha_phi   -5.61604e-02   1.08521e-02   1.22204e-04   5.97342e+01
  24  beta_phi    -4.52173e-02   7.63884e-03   9.19894e-05   8.63154e+00
 MIGRAD MINIMIZATION HAS CONVERGED.
 MIGRAD WILL VERIFY CONVERGENCE AND ERROR MATRIX.
 COVARIANCE MATRIX CALCULATED SUCCESSFULLY
 FCN=777.472 FROM MIGRAD    STATUS=CONVERGED     506 CALLS        4122 TOTAL
                     EDM=3.83328e-07    STRATEGY= 1      ERROR MATRIX ACCURATE 
  EXT PARAMETER                                   STEP         FIRST   
  NO.   NAME      VALUE            ERROR          SIZE      DERIVATIVE 
   1  N0           2.86265e+06     fixed    
   2  tau          6.43977e+01   constant   
   3  A0           3.62578e-01     fixed    
   4  phi          4.15904e+00     fixed    
   5  R           -6.10082e+01   constant   
   6  alpha_CBO   -7.04828e-03     fixed    
   7  w_CBO        2.32500e+00   constant   
   8  beta_CBO    -2.36092e-03     fixed    
   9  alpha_2CBO  -8.46097e-04     fixed    
  10  beta_2CBO   -9.55020e-04   1.13239e-04   1.43810e-06  -7.60891e-01
  11  alpha_y      3.57966e-03   1.05736e-04   1.43941e-06  -4.30282e+00
  12  w_y          1.38860e+01   constant   
  13  beta_y       7.59592e-04     fixed    
  14  alpha_vw     0.00000e+00     fixed    
  15  w_vw         1.43404e+01   constant   
  16  beta_vw      0.00000e+00     fixed    
  17  LM          -2.57919e-04   constant   
  18  zeta_y       0.00000e+00   constant   
  19  zeta_vw      0.00000e+00   constant   
  20  T_CBO        1.00000e+03   8.44325e+02   2.67163e-02** at limit **
  21  alpha_A0     2.88927e-02   4.12769e-04   5.38910e-06  -2.22961e-01
  22  beta_A0     -4.70159e-02   4.03387e-04   5.25588e-06   1.38072e+00
  23  alpha_phi   -5.19513e-02   4.07077e-04   5.47374e-06   1.19596e-01
  24  beta_phi    -4.10865e-02   4.68703e-04   6.05858e-06  -3.38882e-01
 EXTERNAL ERROR MATRIX.    NDIM=  25    NPAR=  7    ERR DEF=1
  1.282e-08 -1.572e-11 -2.555e-08  1.010e-08 -6.997e-09  4.309e-09  1.219e-08 
 -1.572e-11  1.118e-08 -5.955e-09 -3.169e-10 -1.164e-09 -1.806e-10  8.621e-10 
 -2.555e-08 -5.955e-09  1.463e-01  3.809e-06 -6.333e-06 -6.949e-06 -5.651e-06 
  1.010e-08 -3.169e-10  3.809e-06  1.704e-07 -3.186e-08 -1.002e-08 -6.378e-09 
 -6.997e-09 -1.164e-09 -6.333e-06 -3.186e-08  1.627e-07 -4.147e-09  2.868e-08 
  4.309e-09 -1.806e-10 -6.949e-06 -1.002e-08 -4.147e-09  1.657e-07  2.087e-08 
  1.219e-08  8.621e-10 -5.651e-06 -6.378e-09  2.868e-08  2.087e-08  2.197e-07 
 PARAMETER  CORRELATION COEFFICIENTS  
       NO.  GLOBAL     10     11     20     21     22     23     24
       10  0.36198   1.000 -0.001 -0.001  0.216 -0.153  0.093  0.230
       11  0.03902  -0.001  1.000 -0.000 -0.007 -0.027 -0.004  0.017
       20  0.06617  -0.001 -0.000  1.000  0.024 -0.041 -0.045 -0.032
       21  0.28564   0.216 -0.007  0.024  1.000 -0.191 -0.060 -0.033
       22  0.29211  -0.153 -0.027 -0.041 -0.191  1.000 -0.025  0.152
       23  0.16074   0.093 -0.004 -0.045 -0.060 -0.025  1.000  0.109
       24  0.31583   0.230  0.017 -0.032 -0.033  0.152  0.109  1.000
MINUIT - FIT ONLY 2-y
 **********
 **   67 **RES 
 **********
                   PARAMETER   16  beta_vw RESTORED TO VARIABLE.
                   PARAMETER   14  alpha_vw RESTORED TO VARIABLE.
                   PARAMETER   13  beta_y RESTORED TO VARIABLE.
                   PARAMETER    9  alpha_2CBO RESTORED TO VARIABLE.
                   PARAMETER    8  beta_CBO RESTORED TO VARIABLE.
                   PARAMETER    6  alpha_CBO RESTORED TO VARIABLE.
                   PARAMETER    4  phi RESTORED TO VARIABLE.
                   PARAMETER    3  A0 RESTORED TO VARIABLE.
                   PARAMETER    1  N0 RESTORED TO VARIABLE.
 **********
 **   68 **FIX            0
 **********
 PARAMETER    0  IS UNDEFINED. IGNORED.
 **********
 **   69 **FIX            1
 **********
 **********
 **   70 **FIX            2
 **********
 PARAMETER    2  IS CONSTANT.   IGNORED.
 **********
 **   71 **FIX            3
 **********
 **********
 **   72 **FIX            4
 **********
 **********
 **   73 **FIX            5
 **********
 PARAMETER    5  IS CONSTANT.   IGNORED.
 **********
 **   74 **FIX            6
 **********
 **********
 **   75 **FIX            7
 **********
 PARAMETER    7  IS CONSTANT.   IGNORED.
 **********
 **   76 **FIX            8
 **********
 **********
 **   77 **FIX            9
 **********
 **********
 **   78 **FIX           10
 **********
 **********
 **   79 **FIX           11
 **********
 **********
 **   80 **FIX           12
 **********
 PARAMETER   12  IS CONSTANT.   IGNORED.
 **********
 **   81 **FIX           16
 **********
 **********
 **   82 **MIGRAD
 **********
 START MIGRAD MINIMIZATION.  STRATEGY  1.  CONVERGENCE WHEN EDM .LT. 1.00e-04
 FCN=777.472 FROM MIGRAD    STATUS=INITIATE       16 CALLS        4138 TOTAL
                     EDM= unknown      STRATEGY= 1      NO ERROR MATRIX       
  EXT PARAMETER               CURRENT GUESS       STEP         FIRST   
  NO.   NAME      VALUE            ERROR          SIZE      DERIVATIVE 
   1  N0           2.86265e+06     fixed    
   2  tau          6.43977e+01   constant   
   3  A0           3.62578e-01     fixed    
   4  phi          4.15904e+00     fixed    
   5  R           -6.10082e+01   constant   
   6  alpha_CBO   -7.04828e-03     fixed    
   7  w_CBO        2.32500e+00   constant   
   8  beta_CBO    -2.36092e-03     fixed    
   9  alpha_2CBO  -8.46097e-04     fixed    
  10  beta_2CBO   -9.55020e-04     fixed    
  11  alpha_y      3.57966e-03     fixed    
  12  w_y          1.38860e+01   constant   
  13  beta_y       7.59592e-04   1.05113e-04   1.05113e-04   3.27574e+04
  14  alpha_vw     0.00000e+00   1.00000e-03   1.00000e-03  -3.14167e+05
  15  w_vw         1.43404e+01   constant   
  16  beta_vw      0.00000e+00     fixed    
  17  LM          -2.57919e-04   constant   
  18  zeta_y       0.00000e+00   constant   
  19  zeta_vw      0.00000e+00   constant   
  20  T_CBO        1.00000e+03   8.44325e+02   2.67163e-02** at limit **
  21  alpha_A0     2.88927e-02   4.12769e-04   5.38910e-06  -2.23015e-01
  22  beta_A0     -4.70159e-02   4.03387e-04   5.25588e-06   1.38062e+00
  23  alpha_phi   -5.19513e-02   4.07077e-04   5.47374e-06   1.19602e-01
  24  beta_phi    -4.10865e-02   4.68703e-04   6.05858e-06  -3.38880e-01
 MIGRAD MINIMIZATION HAS CONVERGED.
 MIGRAD WILL VERIFY CONVERGENCE AND ERROR MATRIX.
 COVARIANCE MATRIX CALCULATED SUCCESSFULLY
 FCN=509.69 FROM MIGRAD    STATUS=CONVERGED     130 CALLS        4252 TOTAL
                     EDM=9.86996e-06    STRATEGY= 1      ERROR MATRIX ACCURATE 
  EXT PARAMETER                                   STEP         FIRST   
  NO.   NAME      VALUE            ERROR          SIZE      DERIVATIVE 
   1  N0           2.86265e+06     fixed    
   2  tau          6.43977e+01   constant   
   3  A0           3.62578e-01     fixed    
   4  phi          4.15904e+00     fixed    
   5  R           -6.10082e+01   constant   
   6  alpha_CBO   -7.04828e-03     fixed    
   7  w_CBO        2.32500e+00   constant   
   8  beta_CBO    -2.36092e-03     fixed    
   9  alpha_2CBO  -8.46097e-04     fixed    
  10  beta_2CBO   -9.55020e-04     fixed    
  11  alpha_y      3.57966e-03     fixed    
  12  w_y          1.38860e+01   constant   
  13  beta_y       7.75664e-04   1.04979e-04   1.14937e-06  -3.63969e+00
  14  alpha_vw     1.70642e-03   1.04847e-04   1.14858e-06   8.68739e+00
  15  w_vw         1.43404e+01   constant   
