 + ++++++++++++++++++++++++++++++++++++++++++++++++++++++++++++++++++++ +
 +                                                                      +
 +           You have chose to blind your fitting according to          +
 +                omega_ref * (1 + (R +/- deltaR) *10^{-6})             +
 +                                                                      +
 + ++++++++++++++++++++++++++++++++++++++++++++++++++++++++++++++++++++ +
In main()...
reading format from /gm2data/zkhechad/run45/envelope/formats/formatB_sBin_constraintOn.txt
pBinTau 	= 0  
pBinPhi 	= 0  
constraintau 	= 1 
includeMopTerm 	= 0    
constrainMop    = 0   
Parameters after format file: pBinTau 0 pBinPhi 0 constraintau 1 includeMopTerm 0 constrainMop 0 c_e_scale 0.000000 
Opening file /gm2data/tbarrett/gm2fr/studies/run23_bunch_corrections/CorrectedFourier_Run3b.root.
reading full fit data from /gm2data/zkhechad/cboTemplates/Run4CBOTemplates/templateFits0_v2.0/noRF/sBin_constraintOn_cE0.0_seed0_noRF_calo3.root
windowBins = 69
fitting sliding window 1278 from bin 1414 at 210.819600 to bin 1483 at 221.263600 (69 bins)

Reading data from /gm2data/cornell/histograms/aMethod/histogram_a_noRF.root
 **********
 **    1 **SET PRINTOUT            1
 **********
 **********
 **    2 **SET NOWARNINGS 
 **********
 PARAMETER DEFINITIONS:
    NO.   NAME         VALUE      STEP SIZE      LIMITS
     1 N0           2.88814e+06  1.00000e+02     no limits
     2 tau          6.44131e+01  constant
     3 A0           3.56394e-01  1.00000e-04     no limits
     4 phi          4.11722e+00  1.00000e-02     no limits
     5 R           -6.09726e+01  constant
     6 alpha_CBO    0.00000e+00  1.00000e-03     no limits
     7 w_CBO        2.32500e+00  constant
     8 beta_CBO     0.00000e+00  1.00000e-03     no limits
     9 alpha_2CBO   0.00000e+00  1.00000e-03     no limits
    10 beta_2CBO    0.00000e+00  1.00000e-03     no limits
    11 alpha_y      0.00000e+00  1.00000e-03     no limits
    12 w_y          1.44500e+01  constant
    13 beta_y       0.00000e+00  1.00000e-03     no limits
    14 alpha_vw     0.00000e+00  1.00000e-03     no limits
    15 w_vw         1.29000e+01  constant
    16 beta_vw      0.00000e+00  1.00000e-03     no limits
    17 LM           2.63157e-04  constant
    18 zeta_y       0.00000e+00  constant
    19 zeta_vw      0.00000e+00  constant
    20 T_CBO        1.00000e+02  1.00000e+00    0.00000e+00  1.00000e+03
    21 alpha_A0     0.00000e+00  1.00000e-03     no limits
    22 beta_A0      0.00000e+00  1.00000e-03     no limits
    23 alpha_phi    0.00000e+00  1.00000e-03     no limits
    24 beta_phi     0.00000e+00  1.00000e-03     no limits
MINUIT - FIT ONLY WIGGLE
 **********
 **    3 **FIX            5
 **********
 PARAMETER    5  IS CONSTANT.   IGNORED.
 **********
 **    4 **FIX            6
 **********
 **********
 **    5 **FIX            7
 **********
 PARAMETER    7  IS CONSTANT.   IGNORED.
 **********
 **    6 **FIX            8
 **********
 **********
 **    7 **FIX            9
 **********
 **********
 **    8 **FIX           10
 **********
 **********
 **    9 **FIX           11
 **********
 **********
 **   10 **FIX           12
 **********
 PARAMETER   12  IS CONSTANT.   IGNORED.
 **********
 **   11 **FIX           13
 **********
 **********
 **   12 **FIX           14
 **********
 **********
 **   13 **FIX           15
 **********
 PARAMETER   15  IS CONSTANT.   IGNORED.
 **********
 **   14 **FIX           16
 **********
 **********
 **   15 **MIGRAD
 **********
 FIRST CALL TO USER FUNCTION AT NEW START POINT, WITH IFLAG=4.
 START MIGRAD MINIMIZATION.  STRATEGY  1.  CONVERGENCE WHEN EDM .LT. 1.00e-04
 FCN=164.739 FROM MIGRAD    STATUS=INITIATE      437 CALLS         438 TOTAL
                     EDM= unknown      STRATEGY= 1      NO ERROR MATRIX       
  EXT PARAMETER               CURRENT GUESS       STEP         FIRST   
  NO.   NAME      VALUE            ERROR          SIZE      DERIVATIVE 
   1  N0           2.88814e+06   1.00000e+02   0.00000e+00   3.75801e-03
   2  tau          6.44131e+01   constant   
   3  A0           3.56394e-01   1.00000e-04   0.00000e+00  -2.70833e+03
   4  phi          4.11722e+00   1.00000e-02   0.00000e+00  -3.69732e+03
   5  R           -6.09726e+01   constant   
   6  alpha_CBO    0.00000e+00     fixed    
   7  w_CBO        2.32500e+00   constant   
   8  beta_CBO     0.00000e+00     fixed    
   9  alpha_2CBO   0.00000e+00     fixed    
  10  beta_2CBO    0.00000e+00     fixed    
  11  alpha_y      0.00000e+00     fixed    
  12  w_y          1.44500e+01   constant   
  13  beta_y       0.00000e+00     fixed    
  14  alpha_vw     0.00000e+00     fixed    
  15  w_vw         1.29000e+01   constant   
  16  beta_vw      0.00000e+00     fixed    
  17  LM           2.63157e-04   constant   
  18  zeta_y       0.00000e+00   constant   
  19  zeta_vw      0.00000e+00   constant   
  20  T_CBO        1.00000e+02   1.00000e+00   0.00000e+00   0.00000e+00
  21  alpha_A0     0.00000e+00   1.00000e-03   0.00000e+00  -1.20998e+02
  22  beta_A0      0.00000e+00   1.00000e-03   0.00000e+00  -4.94560e+02
  23  alpha_phi    0.00000e+00   1.00000e-03   0.00000e+00  -7.44827e+01
  24  beta_phi     0.00000e+00   1.00000e-03   0.00000e+00   5.55959e+02
 CALL LIMIT EXCEEDED IN MIGRAD.
 MIGRAD TERMINATED WITHOUT CONVERGENCE.
 FCN=144.396 FROM MIGRAD    STATUS=CALL LIMIT   1325 CALLS        1326 TOTAL
                     EDM=0.00472484    STRATEGY= 1  ERROR MATRIX UNCERTAINTY   6.3 per cent
  EXT PARAMETER                APPROXIMATE        STEP         FIRST   
  NO.   NAME      VALUE            ERROR          SIZE      DERIVATIVE 
   1  N0           2.88734e+06   6.54351e+02   3.54577e+01   1.06083e-04
   2  tau          6.44131e+01   constant   
   3  A0           3.56788e-01   3.21658e-04  -2.28806e-07  -2.23460e-01
   4  phi          4.11832e+00   8.55391e-04   2.72190e-05   3.84461e+01
   5  R           -6.09726e+01   constant   
   6  alpha_CBO    0.00000e+00     fixed    
   7  w_CBO        2.32500e+00   constant   
   8  beta_CBO     0.00000e+00     fixed    
   9  alpha_2CBO   0.00000e+00     fixed    
  10  beta_2CBO    0.00000e+00     fixed    
  11  alpha_y      0.00000e+00     fixed    
  12  w_y          1.44500e+01   constant   
  13  beta_y       0.00000e+00     fixed    
  14  alpha_vw     0.00000e+00     fixed    
  15  w_vw         1.29000e+01   constant   
  16  beta_vw      0.00000e+00     fixed    
  17  LM           2.63157e-04   constant   
  18  zeta_y       0.00000e+00   constant   
  19  zeta_vw      0.00000e+00   constant   
  20  T_CBO        4.31416e+01   2.39440e+01  -3.73410e-03  -9.12482e-02
  21  alpha_A0     1.78115e-01   4.28460e-01   1.60834e-02   1.73945e-01
  22  beta_A0      3.56637e-01   8.96795e-01   3.41200e-02   3.94655e-01
  23  alpha_phi    3.74911e-02   1.44604e-01   5.89728e-03   3.29895e-01
  24  beta_phi    -6.29420e-01   1.52717e+00  -5.79318e-02   4.10666e-01
 EXTERNAL ERROR MATRIX.    NDIM=  25    NPAR=  8    ERR DEF=1
  4.282e+05 -3.049e-03  5.141e-02 -6.838e+03  1.204e+02  2.551e+02  4.192e+01 -4.313e+02 
 -3.049e-03  1.035e-07  8.472e-09 -5.183e-05  3.756e-06  6.864e-06  1.244e-06 -1.275e-05 
  5.141e-02  8.472e-09  7.317e-07 -3.682e-03  6.469e-05  1.368e-04  2.318e-05 -2.328e-04 
 -6.838e+03 -5.183e-05 -3.682e-03  5.760e+02 -1.022e+01 -2.139e+01 -3.419e+00  3.643e+01 
  1.204e+02  3.756e-06  6.469e-05 -1.022e+01  1.836e-01  3.841e-01  6.159e-02 -6.541e-01 
  2.551e+02  6.864e-06  1.368e-04 -2.139e+01  3.841e-01  8.042e-01  1.290e-01 -1.369e+00 
  4.192e+01  1.244e-06  2.318e-05 -3.419e+00  6.159e-02  1.290e-01  2.091e-02 -2.197e-01 
 -4.313e+02 -1.275e-05 -2.328e-04  3.643e+01 -6.541e-01 -1.369e+00 -2.197e-01  2.332e+00 
ERR MATRIX APPROXIMATE
 PARAMETER  CORRELATION COEFFICIENTS  
       NO.  GLOBAL      1      3      4     20     21     22     23     24
        1  0.50656   1.000 -0.014  0.092 -0.435  0.429  0.435  0.443 -0.432
        3  0.23558  -0.014  1.000  0.031 -0.007  0.027  0.024  0.027 -0.026
        4  0.22207   0.092  0.031  1.000 -0.179  0.177  0.178  0.187 -0.178
       20  0.99503  -0.435 -0.007 -0.179  1.000 -0.994 -0.994 -0.985  0.994
       21  0.99964   0.429  0.027  0.177 -0.994  1.000  1.000  0.994 -1.000
       22  0.99989   0.435  0.024  0.178 -0.994  1.000  1.000  0.995 -1.000
       23  0.99567   0.443  0.027  0.187 -0.985  0.994  0.995  1.000 -0.995
       24  0.99991  -0.432 -0.026 -0.178  0.994 -1.000 -1.000 -0.995  1.000
 ERR MATRIX APPROXIMATE
MINUIT - FIT ONLY 1-CBO + wiggle
 **********
 **   16 **RES 
 **********
                   PARAMETER   16  beta_vw RESTORED TO VARIABLE.
                   PARAMETER   14  alpha_vw RESTORED TO VARIABLE.
                   PARAMETER   13  beta_y RESTORED TO VARIABLE.
                   PARAMETER   11  alpha_y RESTORED TO VARIABLE.
                   PARAMETER   10  beta_2CBO RESTORED TO VARIABLE.
                   PARAMETER    9  alpha_2CBO RESTORED TO VARIABLE.
                   PARAMETER    8  beta_CBO RESTORED TO VARIABLE.
                   PARAMETER    6  alpha_CBO RESTORED TO VARIABLE.
 **********
 **   17 **FIX            8
 **********
 **********
 **   18 **FIX            9
 **********
 **********
 **   19 **FIX           11
 **********
 **********
 **   20 **FIX           12
 **********
 PARAMETER   12  IS CONSTANT.   IGNORED.
 **********
 **   21 **FIX           14
 **********
 **********
 **   22 **FIX           15
 **********
 PARAMETER   15  IS CONSTANT.   IGNORED.
 **********
 **   23 **FIX           16
 **********
 **********
 **   24 **MIGRAD
 **********
 START MIGRAD MINIMIZATION.  STRATEGY  1.  CONVERGENCE WHEN EDM .LT. 1.00e-04
 FCN=144.396 FROM MIGRAD    STATUS=INITIATE       28 CALLS        1354 TOTAL
                     EDM= unknown      STRATEGY= 1      NO ERROR MATRIX       
  EXT PARAMETER               CURRENT GUESS       STEP         FIRST   
  NO.   NAME      VALUE            ERROR          SIZE      DERIVATIVE 
   1  N0           2.88734e+06   6.54351e+02   3.54577e+01   1.06083e-04
   2  tau          6.44131e+01   constant   
   3  A0           3.56788e-01   3.21658e-04  -2.28806e-07  -2.23461e-01
   4  phi          4.11832e+00   8.55391e-04   2.72190e-05   3.84461e+01
   5  R           -6.09726e+01   constant   
   6  alpha_CBO    0.00000e+00   1.00000e-03   1.00000e-03   4.27451e+04
   7  w_CBO        2.32500e+00   constant   
   8  beta_CBO     0.00000e+00     fixed    
   9  alpha_2CBO   0.00000e+00     fixed    
  10  beta_2CBO    0.00000e+00   1.00000e-03   1.00000e-03   1.04450e+04
  11  alpha_y      0.00000e+00     fixed    
  12  w_y          1.44500e+01   constant   
  13  beta_y       0.00000e+00   1.00000e-03   1.00000e-03   3.19612e+03
  14  alpha_vw     0.00000e+00     fixed    
  15  w_vw         1.29000e+01   constant   
  16  beta_vw      0.00000e+00     fixed    
  17  LM           2.63157e-04   constant   
  18  zeta_y       0.00000e+00   constant   
  19  zeta_vw      0.00000e+00   constant   
  20  T_CBO        4.31416e+01   2.39440e+01  -3.73410e-03  -9.12971e-02
  21  alpha_A0     1.78115e-01   4.28460e-01   1.60834e-02   1.73945e-01
  22  beta_A0      3.56637e-01   8.96795e-01   3.41200e-02   3.94655e-01
  23  alpha_phi    3.74911e-02   1.44604e-01   5.89728e-03   3.29895e-01
  24  beta_phi    -6.29420e-01   1.52717e+00  -5.79318e-02   4.10666e-01
 MIGRAD MINIMIZATION HAS CONVERGED.
 FCN=91.9509 FROM MIGRAD    STATUS=CONVERGED     170 CALLS        1496 TOTAL
                     EDM=2.38516e-06    STRATEGY= 1  ERROR MATRIX UNCERTAINTY   2.9 per cent
  EXT PARAMETER                                   STEP         FIRST   
  NO.   NAME      VALUE            ERROR          SIZE      DERIVATIVE 
   1  N0           2.88708e+06   6.91847e+02   4.11763e+00   1.70980e-06
   2  tau          6.44131e+01   constant   
   3  A0           3.56361e-01   3.22293e-04   2.33779e-07   2.68781e+00
   4  phi          4.11884e+00   8.93468e-04   1.70645e-06  -1.31307e+00
   5  R           -6.09726e+01   constant   
   6  alpha_CBO   -2.32304e-03   3.29683e-04   2.18743e-07   6.08186e-01
   7  w_CBO        2.32500e+00   constant   
   8  beta_CBO     0.00000e+00     fixed    
   9  alpha_2CBO   0.00000e+00     fixed    
  10  beta_2CBO   -4.89415e-04   3.12361e-04  -3.60312e-07  -1.89000e+00
  11  alpha_y      0.00000e+00     fixed    
  12  w_y          1.44500e+01   constant   
  13  beta_y      -1.26387e-04   3.16275e-04  -1.85252e-07  -2.08207e+00
  14  alpha_vw     0.00000e+00     fixed    
  15  w_vw         1.29000e+01   constant   
  16  beta_vw      0.00000e+00     fixed    
  17  LM           2.63157e-04   constant   
  18  zeta_y       0.00000e+00   constant   
  19  zeta_vw      0.00000e+00   constant   
  20  T_CBO        4.26231e+01   1.84378e+00  -1.11252e-05   4.14966e-02
  21  alpha_A0    -9.23125e-02   2.02513e-01  -5.67743e-05   8.44177e-04
  22  beta_A0      3.45888e-01   1.86562e-01  -4.43738e-04  -3.34054e-03
  23  alpha_phi   -1.97715e-02   1.92502e-01   6.45881e-04  -1.02761e-02
  24  beta_phi    -6.61512e-01   1.78546e-01  -2.24957e-04   4.37262e-03
 EXTERNAL ERROR MATRIX.    NDIM=  25    NPAR= 11    ERR DEF=1
  4.787e+05 
 -4.823e-03  1.039e-07 
  9.953e-02 -7.876e-09  7.983e-07 
  1.103e-02  1.806e-08 -2.062e-08  1.087e-07 
 -2.646e-03  6.670e-09 -1.326e-08 -8.011e-10  9.757e-08 
 -3.543e-03 -3.836e-10 -2.831e-09 -1.263e-09 -2.548e-10  1.000e-07 
 -1.191e+02  6.099e-05 -7.425e-05  2.886e-05 -2.903e-05 -1.058e-06  3.400e+00 
 -2.670e+01  7.987e-06 -1.363e-05  1.120e-05  5.605e-06  6.175e-09  3.181e-02  4.101e-02 
  2.908e+01 -4.514e-06  8.056e-06  1.090e-06 -4.587e-06 -2.140e-07 -4.750e-02 -5.814e-03  3.481e-02 
  2.074e+01  3.046e-06  1.688e-05  3.098e-06 -1.068e-06 -1.222e-06 -1.805e-02 -1.119e-03 -6.880e-05  3.706e-02 
  1.596e+01 -8.370e-06  3.660e-06  3.803e-07  2.128e-06  5.237e-07  6.982e-02 -5.289e-03  7.591e-03 -6.479e-04  3.188e-02 
 PARAMETER  CORRELATION COEFFICIENTS  
       NO.  GLOBAL      1      3      4      6     10     13     20     21     22     23     24
        1  0.35807   1.000 -0.022  0.161  0.048 -0.012 -0.016 -0.093 -0.191  0.225  0.156  0.129
        3  0.28045  -0.022  1.000 -0.027  0.170  0.066 -0.004  0.103  0.122 -0.075  0.049 -0.145
        4  0.20369   0.161 -0.027  1.000 -0.070 -0.048 -0.010 -0.045 -0.075  0.048  0.098  0.023
        6  0.26087   0.048  0.170 -0.070  1.000 -0.008 -0.012  0.047  0.168  0.018  0.049  0.006
       10  0.18144  -0.012  0.066 -0.048 -0.008  1.000 -0.003 -0.050  0.089 -0.079 -0.018  0.038
       13  0.03059  -0.016 -0.004 -0.010 -0.012 -0.003  1.000 -0.002  0.000 -0.004 -0.020  0.009
       20  0.34728  -0.093  0.103 -0.045  0.047 -0.050 -0.002  1.000  0.085 -0.138 -0.051  0.212
       21  0.32901  -0.191  0.122 -0.075  0.168  0.089  0.000  0.085  1.000 -0.154 -0.029 -0.146
       22  0.36622   0.225 -0.075  0.048  0.018 -0.079 -0.004 -0.138 -0.154  1.000 -0.002  0.228
       23  0.19626   0.156  0.049  0.098  0.049 -0.018 -0.020 -0.051 -0.029 -0.002  1.000 -0.019
       24  0.40499   0.129 -0.145  0.023  0.006  0.038  0.009  0.212 -0.146  0.228 -0.019  1.000
MINUIT - FIT ONLY 2-CBO
 **********
 **   25 **RES 
 **********
                   PARAMETER   16  beta_vw RESTORED TO VARIABLE.
                   PARAMETER   14  alpha_vw RESTORED TO VARIABLE.
                   PARAMETER   11  alpha_y RESTORED TO VARIABLE.
                   PARAMETER    9  alpha_2CBO RESTORED TO VARIABLE.
                   PARAMETER    8  beta_CBO RESTORED TO VARIABLE.
 **********
 **   26 **FIX            0
 **********
 PARAMETER    0  IS UNDEFINED. IGNORED.
 **********
 **   27 **FIX            1
 **********
 **********
 **   28 **FIX            2
 **********
 PARAMETER    2  IS CONSTANT.   IGNORED.
 **********
 **   29 **FIX            3
 **********
 **********
 **   30 **FIX            4
 **********
 **********
 **   31 **FIX            5
 **********
 PARAMETER    5  IS CONSTANT.   IGNORED.
 **********
 **   32 **FIX            6
 **********
 **********
 **   33 **FIX            7
 **********
 PARAMETER    7  IS CONSTANT.   IGNORED.
 **********
 **   34 **FIX           10
 **********
 **********
 **   35 **FIX           11
 **********
 **********
 **   36 **FIX           12
 **********
 PARAMETER   12  IS CONSTANT.   IGNORED.
 **********
 **   37 **FIX           13
 **********
 **********
 **   38 **FIX           14
 **********
 **********
 **   39 **FIX           15
 **********
 PARAMETER   15  IS CONSTANT.   IGNORED.
 **********
 **   40 **FIX           16
 **********
 **********
 **   41 **MIGRAD
 **********
 START MIGRAD MINIMIZATION.  STRATEGY  1.  CONVERGENCE WHEN EDM .LT. 1.00e-04
 FCN=91.9509 FROM MIGRAD    STATUS=INITIATE       18 CALLS        1514 TOTAL
                     EDM= unknown      STRATEGY= 1      NO ERROR MATRIX       
  EXT PARAMETER               CURRENT GUESS       STEP         FIRST   
  NO.   NAME      VALUE            ERROR          SIZE      DERIVATIVE 
   1  N0           2.88708e+06     fixed    
   2  tau          6.44131e+01   constant   
   3  A0           3.56361e-01     fixed    
   4  phi          4.11884e+00     fixed    
   5  R           -6.09726e+01   constant   
   6  alpha_CBO   -2.32304e-03     fixed    
   7  w_CBO        2.32500e+00   constant   
   8  beta_CBO     0.00000e+00   1.00000e-03   1.00000e-03   4.01068e+04
   9  alpha_2CBO   0.00000e+00   1.00000e-03   1.00000e-03   4.62436e+03
  10  beta_2CBO   -4.89415e-04     fixed    
  11  alpha_y      0.00000e+00     fixed    
  12  w_y          1.44500e+01   constant   
  13  beta_y      -1.26387e-04     fixed    
  14  alpha_vw     0.00000e+00     fixed    
  15  w_vw         1.29000e+01   constant   
  16  beta_vw      0.00000e+00     fixed    
  17  LM           2.63157e-04   constant   
  18  zeta_y       0.00000e+00   constant   
  19  zeta_vw      0.00000e+00   constant   
  20  T_CBO        4.26231e+01   1.84378e+00  -1.11252e-05   4.14971e-02
  21  alpha_A0    -9.23125e-02   2.02513e-01  -5.67743e-05   8.44162e-04
  22  beta_A0      3.45888e-01   1.86562e-01  -4.43738e-04  -3.34054e-03
  23  alpha_phi   -1.97715e-02   1.92502e-01   6.45881e-04  -1.02761e-02
  24  beta_phi    -6.61512e-01   1.78546e-01  -2.24957e-04   4.37262e-03
 CALL LIMIT EXCEEDED IN MIGRAD.
 MIGRAD TERMINATED WITHOUT CONVERGENCE.
 FCN=51.6766 FROM MIGRAD    STATUS=CALL LIMIT   1159 CALLS        2655 TOTAL
                     EDM=0.000865663    STRATEGY= 1  ERROR MATRIX UNCERTAINTY  36.7 per cent
  EXT PARAMETER                APPROXIMATE        STEP         FIRST   
  NO.   NAME      VALUE            ERROR          SIZE      DERIVATIVE 
   1  N0           2.88708e+06     fixed    
   2  tau          6.44131e+01   constant   
   3  A0           3.56361e-01     fixed    
   4  phi          4.11884e+00     fixed    
   5  R           -6.09726e+01   constant   
   6  alpha_CBO   -2.32304e-03     fixed    
   7  w_CBO        2.32500e+00   constant   
   8  beta_CBO    -1.98833e-03   3.14422e-04  -1.55816e-06  -2.58645e+01
   9  alpha_2CBO  -1.75300e-04   3.14482e-04   1.34068e-06   8.71616e+00
  10  beta_2CBO   -4.89415e-04     fixed    
  11  alpha_y      0.00000e+00     fixed    
  12  w_y          1.44500e+01   constant   
  13  beta_y      -1.26387e-04     fixed    
  14  alpha_vw     0.00000e+00     fixed    
  15  w_vw         1.29000e+01   constant   
  16  beta_vw      0.00000e+00     fixed    
  17  LM           2.63157e-04   constant   
  18  zeta_y       0.00000e+00   constant   
  19  zeta_vw      0.00000e+00   constant   
  20  T_CBO        9.88478e+01   7.80940e+01  -2.89414e-04  -3.43456e-01
  21  alpha_A0    -7.40884e-03   1.53966e-02  -7.68400e-05  -1.71265e+00
  22  beta_A0      1.12409e-02   2.58844e-02   5.75475e-05  -9.50788e-01
  23  alpha_phi   -1.62773e-03   1.90952e-02   4.81552e-05   8.58663e-01
  24  beta_phi    -3.33560e-02   6.30519e-02  -2.72447e-04   1.00886e+00
 EXTERNAL ERROR MATRIX.    NDIM=  25    NPAR=  7    ERR DEF=1
  9.886e-08 -2.395e-09 -6.544e-03 -1.365e-06  2.043e-06 -2.628e-07 -4.757e-06 
 -2.395e-09  9.890e-08  4.156e-03  7.427e-07 -1.451e-06  7.868e-07  2.568e-06 
 -6.544e-03  4.156e-03  6.243e+03  5.891e-01 -1.705e+00  7.599e-01  4.901e+00 
 -1.365e-06  7.427e-07  5.891e-01  2.371e-04 -2.588e-04  1.811e-04  4.493e-04 
  2.043e-06 -1.451e-06 -1.705e+00 -2.588e-04  6.700e-04 -2.517e-04 -1.278e-03 
 -2.628e-07  7.868e-07  7.599e-01  1.811e-04 -2.517e-04  3.646e-04  5.771e-04 
 -4.757e-06  2.568e-06  4.901e+00  4.493e-04 -1.278e-03  5.771e-04  3.976e-03 
ERR MATRIX APPROXIMATE
 PARAMETER  CORRELATION COEFFICIENTS  
       NO.  GLOBAL      8      9     20     21     22     23     24
        8  0.41788   1.000 -0.024 -0.263 -0.282  0.251 -0.044 -0.240
        9  0.27560  -0.024  1.000  0.167  0.153 -0.178  0.131  0.130
       20  0.99040  -0.263  0.167  1.000  0.484 -0.834  0.504  0.984
       21  0.78048  -0.282  0.153  0.484  1.000 -0.649  0.616  0.463
       22  0.90149   0.251 -0.178 -0.834 -0.649  1.000 -0.509 -0.783
       23  0.69361  -0.044  0.131  0.504  0.616 -0.509  1.000  0.479
       24  0.98725  -0.240  0.130  0.984  0.463 -0.783  0.479  1.000
 ERR MATRIX APPROXIMATE
MINUIT - FIT wiggle + 1-CBO + 2-CBO
 **********
 **   42 **RES 
 **********
                   PARAMETER   16  beta_vw RESTORED TO VARIABLE.
                   PARAMETER   14  alpha_vw RESTORED TO VARIABLE.
                   PARAMETER   13  beta_y RESTORED TO VARIABLE.
                   PARAMETER   11  alpha_y RESTORED TO VARIABLE.
                   PARAMETER   10  beta_2CBO RESTORED TO VARIABLE.
                   PARAMETER    6  alpha_CBO RESTORED TO VARIABLE.
                   PARAMETER    4  phi RESTORED TO VARIABLE.
                   PARAMETER    3  A0 RESTORED TO VARIABLE.
                   PARAMETER    1  N0 RESTORED TO VARIABLE.
 **********
 **   43 **FIX           10
 **********
 **********
 **   44 **FIX           11
 **********
 **********
 **   45 **FIX           12
 **********
 PARAMETER   12  IS CONSTANT.   IGNORED.
 **********
 **   46 **FIX           13
 **********
 **********
 **   47 **FIX           14
 **********
 **********
 **   48 **FIX           15
 **********
 PARAMETER   15  IS CONSTANT.   IGNORED.
 **********
 **   49 **FIX           16
 **********
 **********
 **   50 **MIGRAD
 **********
 START MIGRAD MINIMIZATION.  STRATEGY  1.  CONVERGENCE WHEN EDM .LT. 1.00e-04
 FCN=51.6766 FROM MIGRAD    STATUS=INITIATE       22 CALLS        2677 TOTAL
                     EDM= unknown      STRATEGY= 1      NO ERROR MATRIX       
  EXT PARAMETER               CURRENT GUESS       STEP         FIRST   
  NO.   NAME      VALUE            ERROR          SIZE      DERIVATIVE 
   1  N0           2.88708e+06   6.91847e+02   6.91847e+02  -5.72058e-05
   2  tau          6.44131e+01   constant   
   3  A0           3.56361e-01   3.22293e-04   3.22293e-04   7.35796e+03
   4  phi          4.11884e+00   8.93468e-04   8.93468e-04   2.36404e+03
   5  R           -6.09726e+01   constant   
   6  alpha_CBO   -2.32304e-03   3.29683e-04   3.29683e-04  -8.35600e+02
   7  w_CBO        2.32500e+00   constant   
   8  beta_CBO    -1.98833e-03   3.14422e-04  -1.55816e-06  -2.58645e+01
   9  alpha_2CBO  -1.75300e-04   3.14482e-04   1.34068e-06   8.71616e+00
  10  beta_2CBO   -4.89415e-04     fixed    
  11  alpha_y      0.00000e+00     fixed    
  12  w_y          1.44500e+01   constant   
  13  beta_y      -1.26387e-04     fixed    
  14  alpha_vw     0.00000e+00     fixed    
  15  w_vw         1.29000e+01   constant   
  16  beta_vw      0.00000e+00     fixed    
  17  LM           2.63157e-04   constant   
  18  zeta_y       0.00000e+00   constant   
  19  zeta_vw      0.00000e+00   constant   
  20  T_CBO        9.88478e+01   7.80940e+01  -2.89414e-04  -3.43456e-01
  21  alpha_A0    -7.40884e-03   1.53966e-02  -7.68400e-05  -1.71265e+00
  22  beta_A0      1.12409e-02   2.58844e-02   5.75475e-05  -9.50788e-01
  23  alpha_phi   -1.62773e-03   1.90952e-02   4.81552e-05   8.58663e-01
  24  beta_phi    -3.33560e-02   6.30519e-02  -2.72447e-04   1.00886e+00
 MIGRAD MINIMIZATION HAS CONVERGED.
 MIGRAD WILL VERIFY CONVERGENCE AND ERROR MATRIX.
 FCN=49.0917 FROM HESSE     STATUS=NOT POSDEF    100 CALLS        2894 TOTAL
                     EDM=0.00100114    STRATEGY= 1      ERR MATRIX NOT POS-DEF
  EXT PARAMETER                APPROXIMATE        STEP         FIRST   
  NO.   NAME      VALUE            ERROR          SIZE      DERIVATIVE 
   1  N0           2.88701e+06   6.88938e+02   2.20823e+00  -2.25666e-06
   2  tau          6.44131e+01   constant   
   3  A0           3.55972e-01   3.26362e-04   1.05567e-06  -2.84498e-01
   4  phi          4.11786e+00   8.98584e-04   2.97108e-06   2.47075e-01
   5  R           -6.09726e+01   constant   
   6  alpha_CBO   -2.31844e-03   3.31276e-04   1.10119e-06   1.50442e+00
   7  w_CBO        2.32500e+00   constant   
   8  beta_CBO    -2.11257e-03   3.24311e-04   1.07616e-06   4.71922e-01
   9  alpha_2CBO  -2.04598e-04   3.21268e-04   1.08317e-06   7.90523e-01
  10  beta_2CBO   -4.89415e-04     fixed    
  11  alpha_y      0.00000e+00     fixed    
  12  w_y          1.44500e+01   constant   
  13  beta_y      -1.26387e-04     fixed    
  14  alpha_vw     0.00000e+00     fixed    
  15  w_vw         1.29000e+01   constant   
  16  beta_vw      0.00000e+00     fixed    
  17  LM           2.63157e-04   constant   
  18  zeta_y       0.00000e+00   constant   
  19  zeta_vw      0.00000e+00   constant   
  20  T_CBO        9.74408e+01   1.98597e+02   1.63069e-04  -4.51047e-02
  21  alpha_A0    -8.43481e-03   4.20459e-02   3.95251e-05  -6.85103e-03
  22  beta_A0      1.14142e-02   5.69918e-02   3.73981e-05   1.10063e-02
  23  alpha_phi   -3.98865e-03   2.27446e-02   3.76396e-05  -3.79626e-02
  24  beta_phi    -3.15076e-02   1.56838e-01   3.95160e-05  -1.81814e-01
 CALL LIMIT EXCEEDED IN MIGRAD.
 MIGRAD TERMINATED WITHOUT CONVERGENCE.
 FCN=49.0724 FROM MIGRAD    STATUS=CALL LIMIT   1922 CALLS        4577 TOTAL
                     EDM=7.13862e-05    STRATEGY= 1      ERR MATRIX NOT POS-DEF
  EXT PARAMETER                APPROXIMATE        STEP         FIRST   
  NO.   NAME      VALUE            ERROR          SIZE      DERIVATIVE 
   1  N0           2.88702e+06   6.89442e+02  -8.66441e-02   4.27377e-06
   2  tau          6.44131e+01   constant   
   3  A0           3.55964e-01   3.21031e-04  -5.02462e-08  -1.93457e+00
   4  phi          4.11789e+00   8.96048e-04   3.22495e-07   2.39379e+00
   5  R           -6.09726e+01   constant   
   6  alpha_CBO   -2.32113e-03   3.27019e-04   1.04277e-07  -2.34935e+00
   7  w_CBO        2.32500e+00   constant   
   8  beta_CBO    -2.11306e-03   3.22531e-04   1.23839e-07   7.76378e+00
   9  alpha_2CBO  -2.04472e-04   3.16509e-04  -1.40877e-08   4.95483e+00
  10  beta_2CBO   -4.89415e-04     fixed    
  11  alpha_y      0.00000e+00     fixed    
  12  w_y          1.44500e+01   constant   
  13  beta_y      -1.26387e-04     fixed    
  14  alpha_vw     0.00000e+00     fixed    
  15  w_vw         1.29000e+01   constant   
  16  beta_vw      0.00000e+00     fixed    
  17  LM           2.63157e-04   constant   
  18  zeta_y       0.00000e+00   constant   
  19  zeta_vw      0.00000e+00   constant   
  20  T_CBO        5.71727e+02   6.26177e+02   4.06980e-02  -1.89837e-02
  21  alpha_A0    -1.40243e-03   3.88125e-03   3.35323e-05   7.06473e+00
  22  beta_A0      1.85297e-03   5.12170e-03  -2.74161e-05  -4.59342e+00
  23  alpha_phi   -6.20816e-04   2.63293e-03   6.10249e-06  -1.47379e+00
  24  beta_phi    -4.95085e-03   1.28906e-02   6.40831e-05   6.52747e+00
 EXTERNAL ERROR MATRIX.    NDIM=  25    NPAR= 11    ERR DEF=1
  4.753e+05 
 -1.260e-02  1.031e-07 
  1.116e-01  2.605e-09  8.029e-07 
  1.353e-02  1.796e-08 -2.788e-08  1.069e-07 
  6.228e-03  1.571e-08  5.320e-08 -3.075e-09  1.040e-07 
  5.551e-03  6.718e-09 -1.064e-09  7.096e-09 -9.649e-10  1.002e-07 
  3.216e+04 -3.706e-02  1.164e-01 -1.522e-02 -1.806e-03  2.781e-03  1.131e+07 
 -1.492e-01  6.169e-08 -1.262e-08  8.266e-08  1.681e-08 -2.367e-08  1.169e+01  1.506e-05 
  2.152e-01  2.345e-08 -8.575e-08  3.860e-08  9.882e-08 -8.963e-08 -1.569e+01 -1.591e-05  2.623e-05 
  2.373e-01  1.371e-08  2.944e-07  9.835e-09  8.816e-09  9.466e-08  5.412e+00  5.400e-06 -8.621e-06  6.932e-06 
  3.502e-01 -2.769e-07  4.075e-07 -9.390e-08 -6.480e-08 -7.082e-08  4.261e+01  4.249e-05 -5.840e-05  2.052e-05  1.662e-04 
ERR MATRIX NOT POS-DEF
 PARAMETER  CORRELATION COEFFICIENTS  
       NO.  GLOBAL      1      3      4      6      8      9     20     21     22     23     24
        1  0.36203   1.000 -0.057  0.181  0.060  0.028  0.025  0.014 -0.056  0.061  0.131  0.039
        3  0.31161  -0.057  1.000  0.009  0.171  0.152  0.066 -0.034  0.050  0.014  0.016 -0.067
        4  0.30393   0.181  0.009  1.000 -0.095  0.184 -0.004  0.039 -0.004 -0.019  0.125  0.035
        6  0.27618   0.060  0.171 -0.095  1.000 -0.029  0.069 -0.014  0.065  0.023  0.011 -0.022
        8  0.28926   0.028  0.152  0.184 -0.029  1.000 -0.009 -0.002  0.013  0.060  0.010 -0.016
        9  0.23167   0.025  0.066 -0.004  0.069 -0.009  1.000  0.003 -0.019 -0.055  0.114 -0.017
       20  0.99204   0.014 -0.034  0.039 -0.014 -0.002  0.003  1.000  0.895 -0.911  0.611  0.983
       21  0.91916  -0.056  0.050 -0.004  0.065  0.013 -0.019  0.895  1.000 -0.800  0.528  0.849
       22  0.92723   0.061  0.014 -0.019  0.023  0.060 -0.055 -0.911 -0.800  1.000 -0.639 -0.885
       23  0.67607   0.131  0.016  0.125  0.011  0.010  0.114  0.611  0.528 -0.639  1.000  0.605
       24  0.98629   0.039 -0.067  0.035 -0.022 -0.016 -0.017  0.983  0.849 -0.885  0.605  1.000
 ERR MATRIX NOT POS-DEF
MINUIT - FIT ONLY 1-y
 **********
 **   51 **RES 
 **********
                   PARAMETER   16  beta_vw RESTORED TO VARIABLE.
                   PARAMETER   14  alpha_vw RESTORED TO VARIABLE.
                   PARAMETER   13  beta_y RESTORED TO VARIABLE.
                   PARAMETER   11  alpha_y RESTORED TO VARIABLE.
                   PARAMETER   10  beta_2CBO RESTORED TO VARIABLE.
 **********
 **   52 **FIX            0
 **********
 PARAMETER    0  IS UNDEFINED. IGNORED.
 **********
 **   53 **FIX            1
 **********
 **********
 **   54 **FIX            2
 **********
 PARAMETER    2  IS CONSTANT.   IGNORED.
 **********
 **   55 **FIX            3
 **********
 **********
 **   56 **FIX            4
 **********
 **********
 **   57 **FIX            5
 **********
 PARAMETER    5  IS CONSTANT.   IGNORED.
 **********
 **   58 **FIX            6
 **********
 **********
 **   59 **FIX            7
 **********
 PARAMETER    7  IS CONSTANT.   IGNORED.
 **********
 **   60 **FIX            8
 **********
 **********
 **   61 **FIX            9
 **********
 **********
 **   62 **FIX           13
 **********
 **********
 **   63 **FIX           14
 **********
 **********
 **   64 **FIX           15
 **********
 PARAMETER   15  IS CONSTANT.   IGNORED.
 **********
 **   65 **FIX           16
 **********
 **********
 **   66 **MIGRAD
 **********
 START MIGRAD MINIMIZATION.  STRATEGY  1.  CONVERGENCE WHEN EDM .LT. 1.00e-04
 FCN=49.0724 FROM MIGRAD    STATUS=INITIATE       16 CALLS        4593 TOTAL
                     EDM= unknown      STRATEGY= 1      NO ERROR MATRIX       
  EXT PARAMETER               CURRENT GUESS       STEP         FIRST   
  NO.   NAME      VALUE            ERROR          SIZE      DERIVATIVE 
   1  N0           2.88702e+06     fixed    
   2  tau          6.44131e+01   constant   
   3  A0           3.55964e-01     fixed    
   4  phi          4.11789e+00     fixed    
   5  R           -6.09726e+01   constant   
   6  alpha_CBO   -2.32113e-03     fixed    
   7  w_CBO        2.32500e+00   constant   
   8  beta_CBO    -2.11306e-03     fixed    
   9  alpha_2CBO  -2.04472e-04     fixed    
  10  beta_2CBO   -4.89415e-04   3.12361e-04   3.12361e-04   2.59188e+03
  11  alpha_y      0.00000e+00   1.00000e-03   1.00000e-03   3.09689e+03
  12  w_y          1.44500e+01   constant   
  13  beta_y      -1.26387e-04     fixed    
  14  alpha_vw     0.00000e+00     fixed    
  15  w_vw         1.29000e+01   constant   
  16  beta_vw      0.00000e+00     fixed    
  17  LM           2.63157e-04   constant   
  18  zeta_y       0.00000e+00   constant   
  19  zeta_vw      0.00000e+00   constant   
  20  T_CBO        5.71727e+02   6.26177e+02   4.06980e-02  -1.89863e-02
  21  alpha_A0    -1.40243e-03   3.88125e-03   3.35323e-05   7.06473e+00
  22  beta_A0      1.85297e-03   5.12170e-03  -2.74161e-05  -4.59342e+00
  23  alpha_phi   -6.20816e-04   2.63293e-03   6.10249e-06  -1.47379e+00
  24  beta_phi    -4.95085e-03   1.28906e-02   6.40831e-05   6.52747e+00
 MIGRAD MINIMIZATION HAS CONVERGED.
 MIGRAD WILL VERIFY CONVERGENCE AND ERROR MATRIX.
 COVARIANCE MATRIX CALCULATED SUCCESSFULLY
 FCN=48.6572 FROM HESSE     STATUS=OK             50 CALLS        4704 TOTAL
                     EDM=0.000368593    STRATEGY= 1      ERROR MATRIX ACCURATE 
  EXT PARAMETER                                   STEP         FIRST   
  NO.   NAME      VALUE            ERROR          SIZE      DERIVATIVE 
   1  N0           2.88702e+06     fixed    
   2  tau          6.44131e+01   constant   
   3  A0           3.55964e-01     fixed    
   4  phi          4.11789e+00     fixed    
   5  R           -6.09726e+01   constant   
   6  alpha_CBO   -2.32113e-03     fixed    
   7  w_CBO        2.32500e+00   constant   
   8  beta_CBO    -2.11306e-03     fixed    
   9  alpha_2CBO  -2.04472e-04     fixed    
  10  beta_2CBO   -6.26922e-04   3.24847e-04   1.08908e-06  -9.52493e-01
  11  alpha_y     -1.52417e-04   3.13661e-04   1.07889e-06   5.94406e-01
  12  w_y          1.44500e+01   constant   
  13  beta_y      -1.26387e-04     fixed    
  14  alpha_vw     0.00000e+00     fixed    
  15  w_vw         1.29000e+01   constant   
  16  beta_vw      0.00000e+00     fixed    
  17  LM           2.63157e-04   constant   
  18  zeta_y       0.00000e+00   constant   
  19  zeta_vw      0.00000e+00   constant   
  20  T_CBO        5.94120e+02   5.29390e+02   3.54258e-03  -1.67758e-03
  21  alpha_A0    -1.51949e-03   5.83679e-03   6.19108e-06  -9.03843e-02
  22  beta_A0      1.89344e-03   7.22232e-03   5.85614e-06   4.57986e-01
  23  alpha_phi   -7.06162e-04   3.14633e-03   5.87211e-06  -1.53957e-01
  24  beta_phi    -4.97587e-03   1.87123e-02   6.15363e-06  -7.17866e-01
 MIGRAD MINIMIZATION HAS CONVERGED.
 MIGRAD WILL VERIFY CONVERGENCE AND ERROR MATRIX.
 COVARIANCE MATRIX CALCULATED SUCCESSFULLY
 FCN=48.6558 FROM MIGRAD    STATUS=CONVERGED     534 CALLS        5111 TOTAL
                     EDM=1.59282e-05    STRATEGY= 1      ERROR MATRIX ACCURATE 
  EXT PARAMETER                                   STEP         FIRST   
  NO.   NAME      VALUE            ERROR          SIZE      DERIVATIVE 
   1  N0           2.88702e+06     fixed    
   2  tau          6.44131e+01   constant   
   3  A0           3.55964e-01     fixed    
   4  phi          4.11789e+00     fixed    
   5  R           -6.09726e+01   constant   
   6  alpha_CBO   -2.32113e-03     fixed    
   7  w_CBO        2.32500e+00   constant   
   8  beta_CBO    -2.11306e-03     fixed    
   9  alpha_2CBO  -2.04472e-04     fixed    
  10  beta_2CBO   -6.27404e-04   3.24823e-04   1.08907e-06  -9.58421e+00
  11  alpha_y     -1.52269e-04   3.13660e-04   1.07887e-06   3.24113e+00
  12  w_y          1.44500e+01   constant   
  13  beta_y      -1.26387e-04     fixed    
  14  alpha_vw     0.00000e+00     fixed    
  15  w_vw         1.29000e+01   constant   
  16  beta_vw      0.00000e+00     fixed    
  17  LM           2.63157e-04   constant   
  18  zeta_y       0.00000e+00   constant   
  19  zeta_vw      0.00000e+00   constant   
  20  T_CBO        9.95468e+02   5.09433e+02   4.85047e-02  -2.20688e-04
  21  alpha_A0    -1.31687e-03   1.62461e-03   5.34904e-06  -5.51695e-01
  22  beta_A0      1.63606e-03   1.55978e-03   5.05957e-06  -1.29181e+00
  23  alpha_phi   -6.08090e-04   1.49735e-03   5.07194e-06   9.65916e-01
  24  beta_phi    -4.29352e-03   2.01520e-03   5.31431e-06   7.72704e-01
 EXTERNAL ERROR MATRIX.    NDIM=  25    NPAR=  7    ERR DEF=1
  1.055e-07  5.574e-11 -5.293e-04  7.224e-08 -3.702e-08  5.318e-08  5.655e-08 
  5.574e-11  9.838e-08  3.283e-05  8.776e-09 -1.574e-09  8.573e-09 -5.069e-10 
 -5.293e-04  3.283e-05  2.750e+06  6.323e-01 -7.965e-01  2.976e-01  2.113e+00 
  7.224e-08  8.776e-09  6.323e-01  2.639e-06 -3.784e-07  7.016e-08  3.244e-07 
 -3.702e-08 -1.574e-09 -7.965e-01 -3.784e-07  2.433e-06 -2.570e-07 -4.960e-07 
  5.318e-08  8.573e-09  2.976e-01  7.016e-08 -2.570e-07  2.242e-06  2.596e-07 
  5.655e-08 -5.069e-10  2.113e+00  3.244e-07 -4.960e-07  2.596e-07  4.061e-06 
 PARAMETER  CORRELATION COEFFICIENTS  
       NO.  GLOBAL     10     11     20     21     22     23     24
       10  0.22467   1.000  0.001 -0.001  0.137 -0.073  0.109  0.086
       11  0.02584   0.001  1.000  0.000  0.017 -0.003  0.018 -0.001
       20  0.68984  -0.001  0.000  1.000  0.235 -0.308  0.120  0.632
       21  0.29192   0.137  0.017  0.235  1.000 -0.149  0.029  0.099
       22  0.33482  -0.073 -0.003 -0.308 -0.149  1.000 -0.110 -0.158
       23  0.17833   0.109  0.018  0.120  0.029 -0.110  1.000  0.086
       24  0.64278   0.086 -0.001  0.632  0.099 -0.158  0.086  1.000
MINUIT - FIT ONLY 2-y
 **********
 **   67 **RES 
 **********
                   PARAMETER   16  beta_vw RESTORED TO VARIABLE.
                   PARAMETER   14  alpha_vw RESTORED TO VARIABLE.
                   PARAMETER   13  beta_y RESTORED TO VARIABLE.
                   PARAMETER    9  alpha_2CBO RESTORED TO VARIABLE.
                   PARAMETER    8  beta_CBO RESTORED TO VARIABLE.
                   PARAMETER    6  alpha_CBO RESTORED TO VARIABLE.
                   PARAMETER    4  phi RESTORED TO VARIABLE.
                   PARAMETER    3  A0 RESTORED TO VARIABLE.
                   PARAMETER    1  N0 RESTORED TO VARIABLE.
 **********
 **   68 **FIX            0
 **********
 PARAMETER    0  IS UNDEFINED. IGNORED.
 **********
 **   69 **FIX            1
 **********
 **********
 **   70 **FIX            2
 **********
 PARAMETER    2  IS CONSTANT.   IGNORED.
 **********
 **   71 **FIX            3
 **********
 **********
 **   72 **FIX            4
 **********
 **********
 **   73 **FIX            5
 **********
 PARAMETER    5  IS CONSTANT.   IGNORED.
 **********
 **   74 **FIX            6
 **********
 **********
 **   75 **FIX            7
 **********
 PARAMETER    7  IS CONSTANT.   IGNORED.
 **********
 **   76 **FIX            8
 **********
 **********
 **   77 **FIX            9
 **********
 **********
 **   78 **FIX           10
 **********
 **********
 **   79 **FIX           11
 **********
 **********
 **   80 **FIX           12
 **********
 PARAMETER   12  IS CONSTANT.   IGNORED.
 **********
 **   81 **FIX           16
 **********
 **********
 **   82 **MIGRAD
 **********
 START MIGRAD MINIMIZATION.  STRATEGY  1.  CONVERGENCE WHEN EDM .LT. 1.00e-04
 FCN=48.6558 FROM MIGRAD    STATUS=INITIATE       16 CALLS        5127 TOTAL
                     EDM= unknown      STRATEGY= 1      NO ERROR MATRIX       
  EXT PARAMETER               CURRENT GUESS       STEP         FIRST   
  NO.   NAME      VALUE            ERROR          SIZE      DERIVATIVE 
   1  N0           2.88702e+06     fixed    
   2  tau          6.44131e+01   constant   
   3  A0           3.55964e-01     fixed    
   4  phi          4.11789e+00     fixed    
   5  R           -6.09726e+01   constant   
   6  alpha_CBO   -2.32113e-03     fixed    
   7  w_CBO        2.32500e+00   constant   
   8  beta_CBO    -2.11306e-03     fixed    
   9  alpha_2CBO  -2.04472e-04     fixed    
  10  beta_2CBO   -6.27404e-04     fixed    
  11  alpha_y     -1.52269e-04     fixed    
  12  w_y          1.44500e+01   constant   
  13  beta_y      -1.26387e-04   3.16275e-04   3.16275e-04   7.72021e+02
  14  alpha_vw     0.00000e+00   1.00000e-03   1.00000e-03   7.57413e+03
