 + ++++++++++++++++++++++++++++++++++++++++++++++++++++++++++++++++++++ +
 +                                                                      +
 +           You have chose to blind your fitting according to          +
 +                omega_ref * (1 + (R +/- deltaR) *10^{-6})             +
 +                                                                      +
 + ++++++++++++++++++++++++++++++++++++++++++++++++++++++++++++++++++++ +
In main()...
reading format from /gm2data/zkhechad/run45/envelope/formats/formatB_sBin_constraintOn.txt
pBinTau 	= 0  
pBinPhi 	= 0  
constraintau 	= 1 
includeMopTerm 	= 0    
constrainMop    = 0   
Parameters after format file: pBinTau 0 pBinPhi 0 constraintau 1 includeMopTerm 0 constrainMop 0 c_e_scale 0.000000 
Opening file /gm2data/tbarrett/gm2fr/studies/run23_bunch_corrections/CorrectedFourier_Run3b.root.
reading full fit data from /gm2data/zkhechad/cboTemplates/Run4CBOTemplates/templateFits0_v2.0/noRF/sBin_constraintOn_cE0.0_seed0_noRF_calo8.root
windowBins = 69
fitting sliding window 2048 from bin 2184 at 325.703600 to bin 2253 at 336.147600 (69 bins)

Reading data from /gm2data/cornell/histograms/aMethod/histogram_a_noRF.root
 **********
 **    1 **SET PRINTOUT            1
 **********
 **********
 **    2 **SET NOWARNINGS 
 **********
 PARAMETER DEFINITIONS:
    NO.   NAME         VALUE      STEP SIZE      LIMITS
     1 N0           2.93665e+06  1.00000e+02     no limits
     2 tau          6.43896e+01  constant
     3 A0           3.52922e-01  1.00000e-04     no limits
     4 phi          4.11506e+00  1.00000e-02     no limits
     5 R           -6.12649e+01  constant
     6 alpha_CBO    0.00000e+00  1.00000e-03     no limits
     7 w_CBO        2.32500e+00  constant
     8 beta_CBO     0.00000e+00  1.00000e-03     no limits
     9 alpha_2CBO   0.00000e+00  1.00000e-03     no limits
    10 beta_2CBO    0.00000e+00  1.00000e-03     no limits
    11 alpha_y      0.00000e+00  1.00000e-03     no limits
    12 w_y          1.44500e+01  constant
    13 beta_y       0.00000e+00  1.00000e-03     no limits
    14 alpha_vw     0.00000e+00  1.00000e-03     no limits
    15 w_vw         1.29000e+01  constant
    16 beta_vw      0.00000e+00  1.00000e-03     no limits
    17 LM          -3.89610e-04  constant
    18 zeta_y       0.00000e+00  constant
    19 zeta_vw      0.00000e+00  constant
    20 T_CBO        1.00000e+02  1.00000e+00    0.00000e+00  1.00000e+03
    21 alpha_A0     0.00000e+00  1.00000e-03     no limits
    22 beta_A0      0.00000e+00  1.00000e-03     no limits
    23 alpha_phi    0.00000e+00  1.00000e-03     no limits
    24 beta_phi     0.00000e+00  1.00000e-03     no limits
MINUIT - FIT ONLY WIGGLE
 **********
 **    3 **FIX            5
 **********
 PARAMETER    5  IS CONSTANT.   IGNORED.
 **********
 **    4 **FIX            6
 **********
 **********
 **    5 **FIX            7
 **********
 PARAMETER    7  IS CONSTANT.   IGNORED.
 **********
 **    6 **FIX            8
 **********
 **********
 **    7 **FIX            9
 **********
 **********
 **    8 **FIX           10
 **********
 **********
 **    9 **FIX           11
 **********
 **********
 **   10 **FIX           12
 **********
 PARAMETER   12  IS CONSTANT.   IGNORED.
 **********
 **   11 **FIX           13
 **********
 **********
 **   12 **FIX           14
 **********
 **********
 **   13 **FIX           15
 **********
 PARAMETER   15  IS CONSTANT.   IGNORED.
 **********
 **   14 **FIX           16
 **********
 **********
 **   15 **MIGRAD
 **********
 FIRST CALL TO USER FUNCTION AT NEW START POINT, WITH IFLAG=4.
 START MIGRAD MINIMIZATION.  STRATEGY  1.  CONVERGENCE WHEN EDM .LT. 1.00e-04
 FCN=82.7523 FROM MIGRAD    STATUS=INITIATE      437 CALLS         438 TOTAL
                     EDM= unknown      STRATEGY= 1      NO ERROR MATRIX       
  EXT PARAMETER               CURRENT GUESS       STEP         FIRST   
  NO.   NAME      VALUE            ERROR          SIZE      DERIVATIVE 
   1  N0           2.93665e+06   1.00000e+02   0.00000e+00   6.39310e-04
   2  tau          6.43896e+01   constant   
   3  A0           3.52922e-01   1.00000e-04   0.00000e+00  -3.77500e+03
   4  phi          4.11506e+00   1.00000e-02   0.00000e+00  -6.75705e+02
   5  R           -6.12649e+01   constant   
   6  alpha_CBO    0.00000e+00     fixed    
   7  w_CBO        2.32500e+00   constant   
   8  beta_CBO     0.00000e+00     fixed    
   9  alpha_2CBO   0.00000e+00     fixed    
  10  beta_2CBO    0.00000e+00     fixed    
  11  alpha_y      0.00000e+00     fixed    
  12  w_y          1.44500e+01   constant   
  13  beta_y       0.00000e+00     fixed    
  14  alpha_vw     0.00000e+00     fixed    
  15  w_vw         1.29000e+01   constant   
  16  beta_vw      0.00000e+00     fixed    
  17  LM          -3.89610e-04   constant   
  18  zeta_y       0.00000e+00   constant   
  19  zeta_vw      0.00000e+00   constant   
  20  T_CBO        1.00000e+02   1.00000e+00   0.00000e+00   0.00000e+00
  21  alpha_A0     0.00000e+00   1.00000e-03   0.00000e+00   2.20498e+01
  22  beta_A0      0.00000e+00   1.00000e-03   0.00000e+00   4.17095e+00
  23  alpha_phi    0.00000e+00   1.00000e-03   0.00000e+00   4.56949e+00
  24  beta_phi     0.00000e+00   1.00000e-03   0.00000e+00   1.41929e+01
 MIGRAD MINIMIZATION HAS CONVERGED.
 FCN=78.659 FROM MIGRAD    STATUS=CONVERGED     568 CALLS         569 TOTAL
                     EDM=2.51069e-07    STRATEGY= 1  ERROR MATRIX UNCERTAINTY   2.2 per cent
  EXT PARAMETER                                   STEP         FIRST   
  NO.   NAME      VALUE            ERROR          SIZE      DERIVATIVE 
   1  N0           2.93545e+06   1.68064e+03  -2.49146e+00   2.52252e-08
   2  tau          6.43896e+01   constant   
   3  A0           3.53989e-01   7.43544e-04  -8.05766e-07  -4.44469e-01
   4  phi          4.11677e+00   2.14867e-03  -6.11042e-06  -2.27589e-01
   5  R           -6.12649e+01   constant   
   6  alpha_CBO    0.00000e+00     fixed    
   7  w_CBO        2.32500e+00   constant   
   8  beta_CBO     0.00000e+00     fixed    
   9  alpha_2CBO   0.00000e+00     fixed    
  10  beta_2CBO    0.00000e+00     fixed    
  11  alpha_y      0.00000e+00     fixed    
  12  w_y          1.44500e+01   constant   
  13  beta_y       0.00000e+00     fixed    
  14  alpha_vw     0.00000e+00     fixed    
  15  w_vw         1.29000e+01   constant   
  16  beta_vw      0.00000e+00     fixed    
  17  LM          -3.89610e-04   constant   
  18  zeta_y       0.00000e+00   constant   
  19  zeta_vw      0.00000e+00   constant   
  20  T_CBO        9.50283e+01   3.41709e+01  -3.77932e-05  -4.02079e-04
  21  alpha_A0    -5.81770e-02   9.55780e-02   1.94287e-04  -8.35560e-04
  22  beta_A0     -8.32815e-03   7.99432e-02  -2.30301e-05   5.81550e-03
  23  alpha_phi   -9.92886e-03   7.90595e-02  -2.66133e-05   7.21259e-03
  24  beta_phi    -9.11287e-02   1.05457e-01  -1.63521e-04   5.89631e-04
 EXTERNAL ERROR MATRIX.    NDIM=  25    NPAR=  8    ERR DEF=1
  2.825e+06 -1.254e-01 -4.008e-01  4.421e+03 -2.704e+01 -4.472e+00 -1.714e+00  5.617e+01 
 -1.254e-01  5.529e-07 -2.746e-08 -1.587e-03  9.872e-06  2.393e-06  1.879e-06 -1.653e-05 
 -4.008e-01 -2.746e-08  4.617e-06  1.420e-03 -7.849e-06  7.297e-06  1.168e-05 -7.042e-06 
  4.421e+03 -1.587e-03  1.420e-03  1.173e+03  7.959e-01  2.406e-01  4.044e-01  2.092e+00 
 -2.704e+01  9.872e-06 -7.849e-06  7.959e-01  9.135e-03 -3.535e-04 -8.764e-04 -2.462e-03 
 -4.472e+00  2.393e-06  7.297e-06  2.406e-01 -3.535e-04  6.391e-03 -7.553e-05  1.603e-04 
 -1.714e+00  1.879e-06  1.168e-05  4.044e-01 -8.764e-04 -7.553e-05  6.250e-03  6.944e-04 
  5.617e+01 -1.653e-05 -7.042e-06  2.092e+00 -2.462e-03  1.603e-04  6.944e-04  1.112e-02 
 PARAMETER  CORRELATION COEFFICIENTS  
       NO.  GLOBAL      1      3      4     20     21     22     23     24
        1  0.36105   1.000 -0.100 -0.111  0.077 -0.168 -0.033 -0.013  0.317
        3  0.24479  -0.100  1.000 -0.017 -0.062  0.139  0.040  0.032 -0.211
        4  0.15639  -0.111 -0.017  1.000  0.019 -0.038  0.042  0.069 -0.031
       20  0.72612   0.077 -0.062  0.019  1.000  0.243  0.088  0.149  0.579
       21  0.56857  -0.168  0.139 -0.038  0.243  1.000 -0.046 -0.116 -0.244
       22  0.16097  -0.033  0.040  0.042  0.088 -0.046  1.000 -0.012  0.019
       23  0.25305  -0.013  0.032  0.069  0.149 -0.116 -0.012  1.000  0.083
       24  0.74073   0.317 -0.211 -0.031  0.579 -0.244  0.019  0.083  1.000
MINUIT - FIT ONLY 1-CBO + wiggle
 **********
 **   16 **RES 
 **********
                   PARAMETER   16  beta_vw RESTORED TO VARIABLE.
                   PARAMETER   14  alpha_vw RESTORED TO VARIABLE.
                   PARAMETER   13  beta_y RESTORED TO VARIABLE.
                   PARAMETER   11  alpha_y RESTORED TO VARIABLE.
                   PARAMETER   10  beta_2CBO RESTORED TO VARIABLE.
                   PARAMETER    9  alpha_2CBO RESTORED TO VARIABLE.
                   PARAMETER    8  beta_CBO RESTORED TO VARIABLE.
                   PARAMETER    6  alpha_CBO RESTORED TO VARIABLE.
 **********
 **   17 **FIX            8
 **********
 **********
 **   18 **FIX            9
 **********
 **********
 **   19 **FIX           11
 **********
 **********
 **   20 **FIX           12
 **********
 PARAMETER   12  IS CONSTANT.   IGNORED.
 **********
 **   21 **FIX           14
 **********
 **********
 **   22 **FIX           15
 **********
 PARAMETER   15  IS CONSTANT.   IGNORED.
 **********
 **   23 **FIX           16
 **********
 **********
 **   24 **MIGRAD
 **********
 START MIGRAD MINIMIZATION.  STRATEGY  1.  CONVERGENCE WHEN EDM .LT. 1.00e-04
 FCN=78.659 FROM MIGRAD    STATUS=INITIATE       28 CALLS         597 TOTAL
                     EDM= unknown      STRATEGY= 1      NO ERROR MATRIX       
  EXT PARAMETER               CURRENT GUESS       STEP         FIRST   
  NO.   NAME      VALUE            ERROR          SIZE      DERIVATIVE 
   1  N0           2.93545e+06   1.68064e+03  -2.49146e+00   2.52252e-08
   2  tau          6.43896e+01   constant   
   3  A0           3.53989e-01   7.43544e-04  -8.05766e-07  -4.44470e-01
   4  phi          4.11677e+00   2.14867e-03  -6.11042e-06  -2.27589e-01
   5  R           -6.12649e+01   constant   
   6  alpha_CBO    0.00000e+00   1.00000e-03   1.00000e-03  -4.93027e+03
   7  w_CBO        2.32500e+00   constant   
   8  beta_CBO     0.00000e+00     fixed    
   9  alpha_2CBO   0.00000e+00     fixed    
  10  beta_2CBO    0.00000e+00   1.00000e-03   1.00000e-03   1.10005e+03
  11  alpha_y      0.00000e+00     fixed    
  12  w_y          1.44500e+01   constant   
  13  beta_y       0.00000e+00   1.00000e-03   1.00000e-03   2.20690e+03
  14  alpha_vw     0.00000e+00     fixed    
  15  w_vw         1.29000e+01   constant   
  16  beta_vw      0.00000e+00     fixed    
  17  LM          -3.89610e-04   constant   
  18  zeta_y       0.00000e+00   constant   
  19  zeta_vw      0.00000e+00   constant   
  20  T_CBO        9.50283e+01   3.41709e+01  -3.77932e-05  -4.02100e-04
  21  alpha_A0    -5.81770e-02   9.55780e-02   1.94287e-04  -8.35564e-04
  22  beta_A0     -8.32815e-03   7.99432e-02  -2.30301e-05   5.81543e-03
  23  alpha_phi   -9.92886e-03   7.90595e-02  -2.66133e-05   7.21259e-03
  24  beta_phi    -9.11287e-02   1.05457e-01  -1.63521e-04   5.89630e-04
 CALL LIMIT EXCEEDED IN MIGRAD.
 MIGRAD TERMINATED WITHOUT CONVERGENCE.
 FCN=74.0317 FROM MIGRAD    STATUS=CALL LIMIT   1913 CALLS        2482 TOTAL
                     EDM=0.00135219    STRATEGY= 1  ERROR MATRIX UNCERTAINTY   2.6 per cent
  EXT PARAMETER                APPROXIMATE        STEP         FIRST   
  NO.   NAME      VALUE            ERROR          SIZE      DERIVATIVE 
   1  N0           2.93544e+06   1.62901e+03   7.44447e-01   1.31156e-06
   2  tau          6.43896e+01   constant   
   3  A0           3.53974e-01   7.39747e-04   3.12874e-06   7.07956e+00
   4  phi          4.11585e+00   2.22657e-03   5.88223e-06   3.43255e+00
   5  R           -6.12649e+01   constant   
   6  alpha_CBO    1.54229e-03   7.92254e-04   7.68249e-07   8.88644e+00
   7  w_CBO        2.32500e+00   constant   
   8  beta_CBO     0.00000e+00     fixed    
   9  alpha_2CBO   0.00000e+00     fixed    
  10  beta_2CBO   -2.07472e-04   7.50610e-04   1.53221e-06   4.11136e+00
  11  alpha_y      0.00000e+00     fixed    
  12  w_y          1.44500e+01   constant   
  13  beta_y      -6.13603e-04   7.62354e-04   9.59851e-07   1.34716e+00
  14  alpha_vw     0.00000e+00     fixed    
  15  w_vw         1.29000e+01   constant   
  16  beta_vw      0.00000e+00     fixed    
  17  LM          -3.89610e-04   constant   
  18  zeta_y       0.00000e+00   constant   
  19  zeta_vw      0.00000e+00   constant   
  20  T_CBO        3.36903e+01   1.80535e+01  -2.46952e-03  -3.43729e+00
  21  alpha_A0    -4.24118e+01   2.00683e+02  -4.89394e+00   4.54535e-04
  22  beta_A0     -3.71435e+00   1.77908e+01  -4.33829e-01   6.03174e-04
  23  alpha_phi   -1.39798e+01   6.52697e+01  -1.59174e+00   2.27228e-03
  24  beta_phi    -5.31985e+01   2.50967e+02  -6.12030e+00   3.95786e-04
 EXTERNAL ERROR MATRIX.    NDIM=  25    NPAR= 11    ERR DEF=1
  2.654e+06 
 -5.246e-02  5.472e-07 
 -3.978e-01  6.871e-09  4.958e-06 
 -3.573e-02  1.495e-09 -3.319e-07  6.277e-07 
 -4.135e-02 -4.995e-09  9.276e-09  3.589e-08  5.634e-07 
 -8.575e-03 -2.633e-09  1.842e-08  1.180e-09 -1.407e-09  5.812e-07 
 -4.590e+02 -6.345e-05 -5.491e-04  6.018e-06 -2.109e-04 -9.449e-05  3.270e+02 
 -5.675e+03 -4.223e-03 -1.546e-02 -2.810e-03 -4.283e-03 -1.891e-03  3.609e+03  4.027e+04 
 -5.082e+02 -3.763e-04 -1.362e-03 -2.477e-04 -3.849e-04 -1.681e-04  3.199e+02  3.570e+03  3.165e+02 
 -1.831e+03 -1.379e-03 -5.007e-03 -9.194e-04 -1.389e-03 -6.142e-04  1.174e+03  1.310e+04  1.161e+03  4.260e+03 
 -7.013e+03 -5.304e-03 -1.933e-02 -3.509e-03 -5.349e-03 -2.363e-03  4.513e+03  5.036e+04  4.465e+03  1.638e+04  6.298e+04 
ERR MATRIX APPROXIMATE
 PARAMETER  CORRELATION COEFFICIENTS  
       NO.  GLOBAL      1      3      4      6     10     13     20     21     22     23     24
        1  0.33979   1.000 -0.044 -0.110 -0.028 -0.034 -0.007 -0.016 -0.017 -0.018 -0.017 -0.017
        3  0.30223  -0.044  1.000  0.004  0.003 -0.009 -0.005 -0.005 -0.028 -0.029 -0.029 -0.029
        4  0.34058  -0.110  0.004  1.000 -0.188  0.006  0.011 -0.014 -0.035 -0.034 -0.034 -0.035
        6  0.30923  -0.028  0.003 -0.188  1.000  0.060  0.002  0.000 -0.018 -0.018 -0.018 -0.018
       10  0.17206  -0.034 -0.009  0.006  0.060  1.000 -0.002 -0.016 -0.028 -0.029 -0.028 -0.028
       13  0.05939  -0.007 -0.005  0.011  0.002 -0.002  1.000 -0.007 -0.012 -0.012 -0.012 -0.012
       20  0.99536  -0.016 -0.005 -0.014  0.000 -0.016 -0.007  1.000  0.994  0.994  0.994  0.994
       21  1.00000  -0.017 -0.028 -0.035 -0.018 -0.028 -0.012  0.994  1.000  1.000  1.000  1.000
       22  0.99999  -0.018 -0.029 -0.034 -0.018 -0.029 -0.012  0.994  1.000  1.000  1.000  1.000
       23  1.00000  -0.017 -0.029 -0.034 -0.018 -0.028 -0.012  0.994  1.000  1.000  1.000  1.000
       24  1.00000  -0.017 -0.029 -0.035 -0.018 -0.028 -0.012  0.994  1.000  1.000  1.000  1.000
 ERR MATRIX APPROXIMATE
MINUIT - FIT ONLY 2-CBO
 **********
 **   25 **RES 
 **********
                   PARAMETER   16  beta_vw RESTORED TO VARIABLE.
                   PARAMETER   14  alpha_vw RESTORED TO VARIABLE.
                   PARAMETER   11  alpha_y RESTORED TO VARIABLE.
                   PARAMETER    9  alpha_2CBO RESTORED TO VARIABLE.
                   PARAMETER    8  beta_CBO RESTORED TO VARIABLE.
 **********
 **   26 **FIX            0
 **********
 PARAMETER    0  IS UNDEFINED. IGNORED.
 **********
 **   27 **FIX            1
 **********
 **********
 **   28 **FIX            2
 **********
 PARAMETER    2  IS CONSTANT.   IGNORED.
 **********
 **   29 **FIX            3
 **********
 **********
 **   30 **FIX            4
 **********
 **********
 **   31 **FIX            5
 **********
 PARAMETER    5  IS CONSTANT.   IGNORED.
 **********
 **   32 **FIX            6
 **********
 **********
 **   33 **FIX            7
 **********
 PARAMETER    7  IS CONSTANT.   IGNORED.
 **********
 **   34 **FIX           10
 **********
 **********
 **   35 **FIX           11
 **********
 **********
 **   36 **FIX           12
 **********
 PARAMETER   12  IS CONSTANT.   IGNORED.
 **********
 **   37 **FIX           13
 **********
 **********
 **   38 **FIX           14
 **********
 **********
 **   39 **FIX           15
 **********
 PARAMETER   15  IS CONSTANT.   IGNORED.
 **********
 **   40 **FIX           16
 **********
 **********
 **   41 **MIGRAD
 **********
 START MIGRAD MINIMIZATION.  STRATEGY  1.  CONVERGENCE WHEN EDM .LT. 1.00e-04
 FCN=74.0317 FROM MIGRAD    STATUS=INITIATE       18 CALLS        2500 TOTAL
                     EDM= unknown      STRATEGY= 1      NO ERROR MATRIX       
  EXT PARAMETER               CURRENT GUESS       STEP         FIRST   
  NO.   NAME      VALUE            ERROR          SIZE      DERIVATIVE 
   1  N0           2.93544e+06     fixed    
   2  tau          6.43896e+01   constant   
   3  A0           3.53974e-01     fixed    
   4  phi          4.11585e+00     fixed    
   5  R           -6.12649e+01   constant   
   6  alpha_CBO    1.54229e-03     fixed    
   7  w_CBO        2.32500e+00   constant   
   8  beta_CBO     0.00000e+00   1.00000e-03   1.00000e-03   8.77479e+03
   9  alpha_2CBO   0.00000e+00   1.00000e-03   1.00000e-03  -3.95459e+03
  10  beta_2CBO   -2.07472e-04     fixed    
  11  alpha_y      0.00000e+00     fixed    
  12  w_y          1.44500e+01   constant   
  13  beta_y      -6.13603e-04     fixed    
  14  alpha_vw     0.00000e+00     fixed    
  15  w_vw         1.29000e+01   constant   
  16  beta_vw      0.00000e+00     fixed    
  17  LM          -3.89610e-04   constant   
  18  zeta_y       0.00000e+00   constant   
  19  zeta_vw      0.00000e+00   constant   
  20  T_CBO        3.36903e+01   1.80535e+01  -2.46952e-03  -3.43731e+00
  21  alpha_A0    -4.24118e+01   2.00683e+02  -4.89394e+00   4.54535e-04
  22  beta_A0     -3.71435e+00   1.77908e+01  -4.33829e-01   6.03174e-04
  23  alpha_phi   -1.39798e+01   6.52697e+01  -1.59174e+00   2.27228e-03
  24  beta_phi    -5.31985e+01   2.50967e+02  -6.12030e+00   3.95786e-04
 CALL LIMIT EXCEEDED IN MIGRAD.
 MIGRAD TERMINATED WITHOUT CONVERGENCE.
 FCN=59.9047 FROM MIGRAD    STATUS=CALL LIMIT   1153 CALLS        3635 TOTAL
                     EDM=0.000337667    STRATEGY= 1  ERROR MATRIX UNCERTAINTY  28.9 per cent
  EXT PARAMETER                APPROXIMATE        STEP         FIRST   
  NO.   NAME      VALUE            ERROR          SIZE      DERIVATIVE 
   1  N0           2.93544e+06     fixed    
   2  tau          6.43896e+01   constant   
   3  A0           3.53974e-01     fixed    
   4  phi          4.11585e+00     fixed    
   5  R           -6.12649e+01   constant   
   6  alpha_CBO    1.54229e-03     fixed    
   7  w_CBO        2.32500e+00   constant   
   8  beta_CBO    -2.62086e-03   7.30523e-04   7.62678e-06   2.18828e+01
   9  alpha_2CBO   1.30480e-03   7.52340e-04   6.41278e-06   2.15843e+01
  10  beta_2CBO   -2.07472e-04     fixed    
  11  alpha_y      0.00000e+00     fixed    
  12  w_y          1.44500e+01   constant   
  13  beta_y      -6.13603e-04     fixed    
  14  alpha_vw     0.00000e+00     fixed    
  15  w_vw         1.29000e+01   constant   
  16  beta_vw      0.00000e+00     fixed    
  17  LM          -3.89610e-04   constant   
  18  zeta_y       0.00000e+00   constant   
  19  zeta_vw      0.00000e+00   constant   
  20  T_CBO        2.23153e+01   7.11959e+00  -1.15103e-03  -3.75597e+00
  21  alpha_A0    -8.77383e+03   3.92290e+04  -9.26555e+02   3.61070e-06
  22  beta_A0      4.66115e+03   2.42202e+04   5.69202e+02   3.77811e-06
  23  alpha_phi   -1.95061e+03   6.49608e+03  -1.54718e+02   2.44916e-06
  24  beta_phi    -8.78367e+03   3.55722e+04  -8.42816e+02   3.66180e-06
 EXTERNAL ERROR MATRIX.    NDIM=  25    NPAR=  7    ERR DEF=1
  5.337e-07 -5.991e-08  1.233e-04  4.483e-01 -2.576e-01  8.936e-02  4.318e-01 
 -5.991e-08  5.660e-07 -3.179e-04 -2.913e+00  1.852e+00 -4.432e-01 -2.582e+00 
  1.233e-04 -3.179e-04  5.073e+01  2.767e+05 -1.701e+05  4.610e+04  2.515e+05 
  4.483e-01 -2.913e+00  2.767e+05  1.539e+09 -9.497e+08  2.540e+08  1.395e+09 
 -2.576e-01  1.852e+00 -1.701e+05 -9.497e+08  5.866e+08 -1.563e+08 -8.603e+08 
  8.936e-02 -4.432e-01  4.610e+04  2.540e+08 -1.563e+08  4.220e+07  2.307e+08 
  4.318e-01 -2.582e+00  2.515e+05  1.395e+09 -8.603e+08  2.307e+08  1.265e+09 
ERR MATRIX APPROXIMATE
 PARAMETER  CORRELATION COEFFICIENTS  
       NO.  GLOBAL      8      9     20     21     22     23     24
        8  0.16010   1.000 -0.109  0.024  0.016 -0.015  0.019  0.017
        9  0.40638  -0.109  1.000 -0.059 -0.099  0.102 -0.091 -0.096
       20  0.99749   0.024 -0.059  1.000  0.990 -0.986  0.996  0.993
       21  1.00000   0.016 -0.099  0.990  1.000 -1.000  0.997  1.000
       22  0.99999  -0.015  0.102 -0.986 -1.000  1.000 -0.994 -0.999
       23  0.99996   0.019 -0.091  0.996  0.997 -0.994  1.000  0.998
       24  1.00000   0.017 -0.096  0.993  1.000 -0.999  0.998  1.000
 ERR MATRIX APPROXIMATE
MINUIT - FIT wiggle + 1-CBO + 2-CBO
 **********
 **   42 **RES 
 **********
                   PARAMETER   16  beta_vw RESTORED TO VARIABLE.
                   PARAMETER   14  alpha_vw RESTORED TO VARIABLE.
                   PARAMETER   13  beta_y RESTORED TO VARIABLE.
                   PARAMETER   11  alpha_y RESTORED TO VARIABLE.
                   PARAMETER   10  beta_2CBO RESTORED TO VARIABLE.
                   PARAMETER    6  alpha_CBO RESTORED TO VARIABLE.
                   PARAMETER    4  phi RESTORED TO VARIABLE.
                   PARAMETER    3  A0 RESTORED TO VARIABLE.
                   PARAMETER    1  N0 RESTORED TO VARIABLE.
 **********
 **   43 **FIX           10
 **********
 **********
 **   44 **FIX           11
 **********
 **********
 **   45 **FIX           12
 **********
 PARAMETER   12  IS CONSTANT.   IGNORED.
 **********
 **   46 **FIX           13
 **********
 **********
 **   47 **FIX           14
 **********
 **********
 **   48 **FIX           15
 **********
 PARAMETER   15  IS CONSTANT.   IGNORED.
 **********
 **   49 **FIX           16
 **********
 **********
 **   50 **MIGRAD
 **********
 START MIGRAD MINIMIZATION.  STRATEGY  1.  CONVERGENCE WHEN EDM .LT. 1.00e-04
 FCN=59.9047 FROM MIGRAD    STATUS=INITIATE       22 CALLS        3657 TOTAL
                     EDM= unknown      STRATEGY= 1      NO ERROR MATRIX       
  EXT PARAMETER               CURRENT GUESS       STEP         FIRST   
  NO.   NAME      VALUE            ERROR          SIZE      DERIVATIVE 
   1  N0           2.93544e+06   1.62901e+03   1.62901e+03   2.74153e-04
   2  tau          6.43896e+01   constant   
   3  A0           3.53974e-01   7.39747e-04   7.39747e-04   2.13879e+03
   4  phi          4.11585e+00   2.22657e-03   2.22657e-03  -3.47093e+02
   5  R           -6.12649e+01   constant   
   6  alpha_CBO    1.54229e-03   7.92254e-04   7.92254e-04  -2.42091e+02
   7  w_CBO        2.32500e+00   constant   
   8  beta_CBO    -2.62086e-03   7.30523e-04   7.62678e-06   2.18828e+01
   9  alpha_2CBO   1.30480e-03   7.52340e-04   6.41278e-06   2.15843e+01
  10  beta_2CBO   -2.07472e-04     fixed    
  11  alpha_y      0.00000e+00     fixed    
  12  w_y          1.44500e+01   constant   
  13  beta_y      -6.13603e-04     fixed    
  14  alpha_vw     0.00000e+00     fixed    
  15  w_vw         1.29000e+01   constant   
  16  beta_vw      0.00000e+00     fixed    
  17  LM          -3.89610e-04   constant   
  18  zeta_y       0.00000e+00   constant   
  19  zeta_vw      0.00000e+00   constant   
  20  T_CBO        2.23153e+01   7.11959e+00  -1.15103e-03  -3.75599e+00
  21  alpha_A0    -8.77383e+03   3.92290e+04  -9.26555e+02   3.61070e-06
  22  beta_A0      4.66115e+03   2.42202e+04   5.69202e+02   3.77811e-06
  23  alpha_phi   -1.95061e+03   6.49608e+03  -1.54718e+02   2.44916e-06
  24  beta_phi    -8.78367e+03   3.55722e+04  -8.42816e+02   3.66180e-06
 CALL LIMIT EXCEEDED IN MIGRAD.
 MIGRAD TERMINATED WITHOUT CONVERGENCE.
 FCN=58.8616 FROM MIGRAD    STATUS=CALL LIMIT   1913 CALLS        5548 TOTAL
                     EDM=0.00501348    STRATEGY= 1  ERROR MATRIX UNCERTAINTY  13.5 per cent
  EXT PARAMETER                APPROXIMATE        STEP         FIRST   
  NO.   NAME      VALUE            ERROR          SIZE      DERIVATIVE 
   1  N0           2.93505e+06   1.75280e+03  -3.48896e+01  -1.82964e-05
   2  tau          6.43896e+01   constant   
   3  A0           3.53304e-01   7.95517e-04  -1.27490e-05  -3.50275e+01
   4  phi          4.11691e+00   2.26662e-03   2.28734e-05   5.27834e+00
   5  R           -6.12649e+01   constant   
   6  alpha_CBO    1.59536e-03   7.94965e-04  -2.56152e-06   1.66575e+00
   7  w_CBO        2.32500e+00   constant   
   8  beta_CBO    -2.82745e-03   8.09960e-04   9.87475e-06   2.89022e+01
   9  alpha_2CBO   1.33105e-03   7.64401e-04  -1.08681e-06   8.13875e+00
  10  beta_2CBO   -2.07472e-04     fixed    
  11  alpha_y      0.00000e+00     fixed    
  12  w_y          1.44500e+01   constant   
  13  beta_y      -6.13603e-04     fixed    
  14  alpha_vw     0.00000e+00     fixed    
  15  w_vw         1.29000e+01   constant   
  16  beta_vw      0.00000e+00     fixed    
  17  LM          -3.89610e-04   constant   
  18  zeta_y       0.00000e+00   constant   
  19  zeta_vw      0.00000e+00   constant   
  20  T_CBO        1.51418e+01   3.24850e+00  -7.82718e-04  -1.09608e+01
  21  alpha_A0    -1.14491e+07   4.29471e+07  -1.41938e+06   5.42359e-09
  22  beta_A0      5.73475e+06   2.14410e+07   7.08576e+05  -1.62387e-09
  23  alpha_phi   -1.33731e+06   5.08067e+06  -1.67975e+05   1.07290e-08
  24  beta_phi    -9.04600e+06   3.37266e+07  -1.11451e+06  -8.59878e-10
 EXTERNAL ERROR MATRIX.    NDIM=  25    NPAR= 11    ERR DEF=1
  3.072e+06 
  4.048e-02  6.328e-07 
 -6.467e-01 -1.777e-07  5.138e-06 
 -3.561e-02 -3.678e-09 -3.350e-07  6.320e-07 
  2.923e-02  1.107e-07 -1.344e-07 -2.589e-08  6.560e-07 
  3.857e-02 -3.224e-09  1.099e-07 -3.973e-08 -2.421e-08  5.843e-07 
 -9.138e+01  2.726e-05  3.899e-05  1.284e-05 -1.315e-05  5.133e-05  1.056e+01 
  8.340e+09  3.708e+03 -5.965e+03  3.704e+02 -2.385e+03  1.564e+02  1.355e+08  1.844e+15 
 -4.163e+09 -1.849e+03  2.978e+03 -1.852e+02  1.189e+03 -7.774e+01 -6.767e+07 -9.208e+14  4.597e+14 
  9.920e+08  4.397e+02 -7.076e+02  4.437e+01 -2.841e+02  1.888e+01  1.603e+07  2.182e+14 -1.089e+14  2.581e+13 
  6.543e+09  2.905e+03 -4.676e+03  2.902e+02 -1.870e+03  1.220e+02  1.064e+08  1.448e+15 -7.231e+14  1.714e+14  1.137e+15 
ERR MATRIX APPROXIMATE
 PARAMETER  CORRELATION COEFFICIENTS  
       NO.  GLOBAL      1      3      4      6      8      9     20     21     22     23     24
        1  0.66246   1.000  0.029 -0.163 -0.026  0.021  0.029 -0.016  0.111 -0.111  0.111  0.111
        3  0.60636   0.029  1.000 -0.099 -0.006  0.172 -0.005  0.011  0.109 -0.108  0.109  0.108
        4  0.39303  -0.163 -0.099  1.000 -0.186 -0.073  0.063  0.005 -0.061  0.061 -0.061 -0.061
        6  0.23177  -0.026 -0.006 -0.186  1.000 -0.040 -0.065  0.005  0.011 -0.011  0.011  0.011
        8  0.54334   0.021  0.172 -0.073 -0.040  1.000 -0.039 -0.005 -0.069  0.068 -0.069 -0.068
        9  0.25886   0.029 -0.005  0.063 -0.065 -0.039  1.000  0.021  0.005 -0.005  0.005  0.005
       20  0.99362  -0.016  0.011  0.005  0.005 -0.005  0.021  1.000  0.971 -0.971  0.971  0.971
       21  1.00000   0.111  0.109 -0.061  0.011 -0.069  0.005  0.971  1.000 -1.000  1.000  1.000
       22  1.00000  -0.111 -0.108  0.061 -0.011  0.068 -0.005 -0.971 -1.000  1.000 -1.000 -1.000
       23  1.00000   0.111  0.109 -0.061  0.011 -0.069  0.005  0.971  1.000 -1.000  1.000  1.000
       24  1.00000   0.111  0.108 -0.061  0.011 -0.068  0.005  0.971  1.000 -1.000  1.000  1.000
 ERR MATRIX APPROXIMATE
MINUIT - FIT ONLY 1-y
 **********
 **   51 **RES 
 **********
                   PARAMETER   16  beta_vw RESTORED TO VARIABLE.
                   PARAMETER   14  alpha_vw RESTORED TO VARIABLE.
                   PARAMETER   13  beta_y RESTORED TO VARIABLE.
                   PARAMETER   11  alpha_y RESTORED TO VARIABLE.
                   PARAMETER   10  beta_2CBO RESTORED TO VARIABLE.
 **********
 **   52 **FIX            0
 **********
 PARAMETER    0  IS UNDEFINED. IGNORED.
 **********
 **   53 **FIX            1
 **********
 **********
 **   54 **FIX            2
 **********
 PARAMETER    2  IS CONSTANT.   IGNORED.
 **********
 **   55 **FIX            3
 **********
 **********
 **   56 **FIX            4
 **********
 **********
 **   57 **FIX            5
 **********
 PARAMETER    5  IS CONSTANT.   IGNORED.
 **********
 **   58 **FIX            6
 **********
 **********
 **   59 **FIX            7
 **********
 PARAMETER    7  IS CONSTANT.   IGNORED.
 **********
 **   60 **FIX            8
 **********
 **********
 **   61 **FIX            9
 **********
 **********
 **   62 **FIX           13
 **********
 **********
 **   63 **FIX           14
 **********
 **********
 **   64 **FIX           15
 **********
 PARAMETER   15  IS CONSTANT.   IGNORED.
 **********
 **   65 **FIX           16
 **********
 **********
 **   66 **MIGRAD
 **********
 START MIGRAD MINIMIZATION.  STRATEGY  1.  CONVERGENCE WHEN EDM .LT. 1.00e-04
 FCN=58.8616 FROM MIGRAD    STATUS=INITIATE       16 CALLS        5564 TOTAL
                     EDM= unknown      STRATEGY= 1      NO ERROR MATRIX       
  EXT PARAMETER               CURRENT GUESS       STEP         FIRST   
  NO.   NAME      VALUE            ERROR          SIZE      DERIVATIVE 
   1  N0           2.93505e+06     fixed    
   2  tau          6.43896e+01   constant   
   3  A0           3.53304e-01     fixed    
   4  phi          4.11691e+00     fixed    
   5  R           -6.12649e+01   constant   
   6  alpha_CBO    1.59536e-03     fixed    
   7  w_CBO        2.32500e+00   constant   
   8  beta_CBO    -2.82745e-03     fixed    
   9  alpha_2CBO   1.33105e-03     fixed    
  10  beta_2CBO   -2.07472e-04   7.50610e-04   7.50610e-04  -2.40861e+02
  11  alpha_y      0.00000e+00   1.00000e-03   1.00000e-03   1.34823e+03
  12  w_y          1.44500e+01   constant   
  13  beta_y      -6.13603e-04     fixed    
  14  alpha_vw     0.00000e+00     fixed    
  15  w_vw         1.29000e+01   constant   
  16  beta_vw      0.00000e+00     fixed    
  17  LM          -3.89610e-04   constant   
  18  zeta_y       0.00000e+00   constant   
  19  zeta_vw      0.00000e+00   constant   
  20  T_CBO        1.51418e+01   3.24850e+00  -7.82718e-04  -1.09608e+01
  21  alpha_A0    -1.14491e+07   4.29471e+07  -1.41938e+06   5.42312e-09
  22  beta_A0      5.73475e+06   2.14410e+07   7.08576e+05  -1.62338e-09
  23  alpha_phi   -1.33731e+06   5.08067e+06  -1.67975e+05   1.07290e-08
  24  beta_phi    -9.04600e+06   3.37266e+07  -1.11451e+06  -8.59884e-10
 CALL LIMIT EXCEEDED IN MIGRAD.
 MIGRAD TERMINATED WITHOUT CONVERGENCE.
 FCN=58.5004 FROM MIGRAD    STATUS=CALL LIMIT   1157 CALLS        6705 TOTAL
                     EDM=0.00135383    STRATEGY= 1  ERROR MATRIX UNCERTAINTY  34.7 per cent
  EXT PARAMETER                APPROXIMATE        STEP         FIRST   
  NO.   NAME      VALUE            ERROR          SIZE      DERIVATIVE 
   1  N0           2.93505e+06     fixed    
   2  tau          6.43896e+01   constant   
   3  A0           3.53304e-01     fixed    
   4  phi          4.11691e+00     fixed    
   5  R           -6.12649e+01   constant   
   6  alpha_CBO    1.59536e-03     fixed    
   7  w_CBO        2.32500e+00   constant   
   8  beta_CBO    -2.82745e-03     fixed    
   9  alpha_2CBO   1.33105e-03     fixed    
  10  beta_2CBO   -1.43059e-04   7.84527e-04  -3.14541e-07  -2.22752e+00
  11  alpha_y     -4.09552e-04   7.54952e-04  -2.07599e-05  -3.70379e+01
  12  w_y          1.44500e+01   constant   
  13  beta_y      -6.13603e-04     fixed    
  14  alpha_vw     0.00000e+00     fixed    
  15  w_vw         1.29000e+01   constant   
  16  beta_vw      0.00000e+00     fixed    
  17  LM          -3.89610e-04   constant   
  18  zeta_y       0.00000e+00   constant   
  19  zeta_vw      0.00000e+00   constant   
  20  T_CBO        1.19696e+01   1.53428e+00  -3.66717e-04  -9.76202e+00
  21  alpha_A0    -3.97434e+09   1.24686e+10  -3.06387e+08  -3.14746e-11
  22  beta_A0      1.86101e+09   5.84172e+09   1.43536e+08   1.45885e-11
  23  alpha_phi   -6.10952e+08   1.92684e+09  -4.73487e+07  -6.51825e-12
  24  beta_phi    -2.54966e+09   7.95382e+09  -1.95381e+08   8.38608e-11
 EXTERNAL ERROR MATRIX.    NDIM=  25    NPAR=  7    ERR DEF=1
  6.155e-07 -3.159e-09  2.288e-06  8.456e+04 -4.073e+04  1.449e+04  5.416e+04 
 -3.159e-09  5.700e-07  5.613e-04  4.942e+06 -2.315e+06  7.635e+05  3.153e+06 
  2.288e-06  5.613e-04  2.354e+00  1.893e+10 -8.871e+09  2.926e+09  1.208e+10 
  8.456e+04  4.942e+06  1.893e+10  1.555e+20 -7.284e+19  2.402e+19  9.917e+19 
 -4.073e+04 -2.315e+06 -8.871e+09 -7.284e+19  3.413e+19 -1.126e+19 -4.646e+19 
  1.449e+04  7.635e+05  2.926e+09  2.402e+19 -1.126e+19  3.713e+18  1.533e+19 
  5.416e+04  3.153e+06  1.208e+10  9.917e+19 -4.646e+19  1.533e+19  6.326e+19 
ERR MATRIX APPROXIMATE
 PARAMETER  CORRELATION COEFFICIENTS  
       NO.  GLOBAL     10     11     20     21     22     23     24
       10  0.24026   1.000 -0.005  0.002  0.009 -0.009  0.010  0.009
       11  0.57969  -0.005  1.000  0.485  0.525 -0.525  0.525  0.525
       20  0.99177   0.002  0.485  1.000  0.990 -0.990  0.990  0.990
       21  1.00000   0.009  0.525  0.990  1.000 -1.000  1.000  1.000
       22  1.00000  -0.009 -0.525 -0.990 -1.000  1.000 -1.000 -1.000
       23  0.99999   0.010  0.525  0.990  1.000 -1.000  1.000  1.000
       24  1.00000   0.009  0.525  0.990  1.000 -1.000  1.000  1.000
 ERR MATRIX APPROXIMATE
MINUIT - FIT ONLY 2-y
 **********
 **   67 **RES 
 **********
                   PARAMETER   16  beta_vw RESTORED TO VARIABLE.
                   PARAMETER   14  alpha_vw RESTORED TO VARIABLE.
                   PARAMETER   13  beta_y RESTORED TO VARIABLE.
                   PARAMETER    9  alpha_2CBO RESTORED TO VARIABLE.
                   PARAMETER    8  beta_CBO RESTORED TO VARIABLE.
                   PARAMETER    6  alpha_CBO RESTORED TO VARIABLE.
                   PARAMETER    4  phi RESTORED TO VARIABLE.
                   PARAMETER    3  A0 RESTORED TO VARIABLE.
                   PARAMETER    1  N0 RESTORED TO VARIABLE.
 **********
 **   68 **FIX            0
 **********
 PARAMETER    0  IS UNDEFINED. IGNORED.
 **********
 **   69 **FIX            1
 **********
 **********
 **   70 **FIX            2
 **********
 PARAMETER    2  IS CONSTANT.   IGNORED.
 **********
 **   71 **FIX            3
 **********
 **********
 **   72 **FIX            4
 **********
 **********
 **   73 **FIX            5
 **********
 PARAMETER    5  IS CONSTANT.   IGNORED.
 **********
 **   74 **FIX            6
 **********
 **********
 **   75 **FIX            7
 **********
 PARAMETER    7  IS CONSTANT.   IGNORED.
 **********
 **   76 **FIX            8
 **********
 **********
 **   77 **FIX            9
 **********
 **********
 **   78 **FIX           10
 **********
 **********
 **   79 **FIX           11
 **********
 **********
 **   80 **FIX           12
 **********
 PARAMETER   12  IS CONSTANT.   IGNORED.
 **********
 **   81 **FIX           16
 **********
 **********
 **   82 **MIGRAD
 **********
 START MIGRAD MINIMIZATION.  STRATEGY  1.  CONVERGENCE WHEN EDM .LT. 1.00e-04
 FCN=58.5004 FROM MIGRAD    STATUS=INITIATE       37 CALLS        6742 TOTAL
                     EDM= unknown      STRATEGY= 1      NO ERROR MATRIX       
  EXT PARAMETER               CURRENT GUESS       STEP         FIRST   
  NO.   NAME      VALUE            ERROR          SIZE      DERIVATIVE 
   1  N0           2.93505e+06     fixed    
   2  tau          6.43896e+01   constant   
   3  A0           3.53304e-01     fixed    
   4  phi          4.11691e+00     fixed    
   5  R           -6.12649e+01   constant   
   6  alpha_CBO    1.59536e-03     fixed    
   7  w_CBO        2.32500e+00   constant   
   8  beta_CBO    -2.82745e-03     fixed    
   9  alpha_2CBO   1.33105e-03     fixed    
  10  beta_2CBO   -1.43059e-04     fixed    
  11  alpha_y     -4.09552e-04     fixed    
  12  w_y          1.44500e+01   constant   
  13  beta_y      -6.13603e-04   7.62354e-04   0.00000e+00  -1.74475e+01
  14  alpha_vw     0.00000e+00   1.00000e-03   0.00000e+00   5.44697e+03
  15  w_vw         1.29000e+01   constant   
  16  beta_vw      0.00000e+00     fixed    
  17  LM          -3.89610e-04   constant   
  18  zeta_y       0.00000e+00   constant   
  19  zeta_vw      0.00000e+00   constant   
  20  T_CBO        1.19696e+01   1.53428e+00   0.00000e+00  -9.78066e+00
  21  alpha_A0    -3.97434e+09   1.24686e+10   0.00000e+00  -3.14687e-11
  22  beta_A0      1.86101e+09   5.84172e+09   0.00000e+00   1.45885e-11
  23  alpha_phi   -6.10661e+08   1.92684e+09   2.91325e+05  -6.44034e-12
  24  beta_phi    -2.54966e+09   7.95382e+09   0.00000e+00   8.38610e-11
 MIGRAD MINIMIZATION HAS CONVERGED.
 MIGRAD WILL VERIFY CONVERGENCE AND ERROR MATRIX.
 COVARIANCE MATRIX CALCULATED SUCCESSFULLY
 FCN=54.0566 FROM MIGRAD    STATUS=CONVERGED     182 CALLS        6887 TOTAL
                     EDM=1.80552e-07    STRATEGY= 1      ERROR MATRIX ACCURATE 
  EXT PARAMETER                                   STEP         FIRST   
  NO.   NAME      VALUE            ERROR          SIZE      DERIVATIVE 
   1  N0           2.93505e+06     fixed    
   2  tau          6.43896e+01   constant   
   3  A0           3.53304e-01     fixed    
   4  phi          4.11691e+00     fixed    
   5  R           -6.12649e+01   constant   
   6  alpha_CBO    1.59536e-03     fixed    
   7  w_CBO        2.32500e+00   constant   
   8  beta_CBO    -2.82745e-03     fixed    
   9  alpha_2CBO   1.33105e-03     fixed    
  10  beta_2CBO   -1.43059e-04     fixed    
  11  alpha_y     -4.09552e-04     fixed    
  12  w_y          1.44500e+01   constant   
  13  beta_y      -7.06990e-04   7.65663e-04   2.76907e-06   3.94921e-01
  14  alpha_vw    -1.62491e-03   7.71634e-04   2.79064e-06  -5.87889e-03
  15  w_vw         1.29000e+01   constant   
  16  beta_vw      0.00000e+00     fixed    
  17  LM          -3.89610e-04   constant   
  18  zeta_y       0.00000e+00   constant   
  19  zeta_vw      0.00000e+00   constant   
  20  T_CBO        1.19418e+01   2.43531e-01   8.12308e-06   2.31883e-01
  21  alpha_A0    -3.95316e+09   1.41421e+00   1.88501e+03   3.74301e-12
  22  beta_A0      1.84277e+09   1.41421e+00   8.78704e+02  -1.93894e-12
  23  alpha_phi   -8.63187e+08   1.41421e+00   4.11600e+02  -3.82547e-14
  24  beta_phi    -3.07511e+09   1.41421e+00   1.46633e+03   2.46875e-13
 EXTERNAL ERROR MATRIX.    NDIM=  25    NPAR=  7    ERR DEF=1
  5.862e-07  3.531e-08 -2.530e-07 -5.027e-15 -2.173e-15  1.712e-14  3.186e-16 
  3.531e-08  5.954e-07  9.037e-07 -5.022e-15  3.371e-15  1.967e-14  3.397e-15 
 -2.530e-07  9.037e-07  5.931e-02  1.117e-10 -4.716e-11  3.863e-11  1.005e-10 
 -5.027e-15 -5.022e-15  1.117e-10  2.000e+00  1.119e-17 -3.682e-18 -2.220e-19 
 -2.173e-15  3.371e-15 -4.716e-11  1.119e-17  2.000e+00 -6.946e-18 -5.983e-19 
  1.712e-14  1.967e-14  3.863e-11 -3.682e-18 -6.946e-18  2.000e+00 -3.772e-18 
  3.186e-16  3.397e-15  1.005e-10 -2.220e-19 -5.983e-19 -3.772e-18  2.000e+00 
 PARAMETER  CORRELATION COEFFICIENTS  
       NO.  GLOBAL     13     14     20     21     22     23     24
       13  0.05979   1.000  0.060 -0.001 -0.000 -0.000  0.000  0.000
       14  0.05997   0.060  1.000  0.005 -0.000  0.000  0.000  0.000
       20  0.00508  -0.001  0.005  1.000  0.000 -0.000  0.000  0.000
       21  0.00000  -0.000 -0.000  0.000  1.000  0.000 -0.000 -0.000
       22  0.00000  -0.000  0.000 -0.000  0.000  1.000 -0.000 -0.000
       23  0.00000   0.000  0.000  0.000 -0.000 -0.000  1.000 -0.000
       24  0.00000   0.000  0.000  0.000 -0.000 -0.000 -0.000  1.000
