 + ++++++++++++++++++++++++++++++++++++++++++++++++++++++++++++++++++++ +
 +                                                                      +
 +           You have chose to blind your fitting according to          +
 +                omega_ref * (1 + (R +/- deltaR) *10^{-6})             +
 +                                                                      +
 + ++++++++++++++++++++++++++++++++++++++++++++++++++++++++++++++++++++ +
In main()...
reading format from /gm2data/zkhechad/run45/envelope/formats/formatB_sBin_constraintOn.txt
pBinTau 	= 0  
pBinPhi 	= 0  
constraintau 	= 1 
includeMopTerm 	= 0    
constrainMop    = 0   
Parameters after format file: pBinTau 0 pBinPhi 0 constraintau 1 includeMopTerm 0 constrainMop 0 c_e_scale 0.000000 
Opening file /gm2data/tbarrett/gm2fr/studies/run23_bunch_corrections/CorrectedFourier_Run3b.root.
reading full fit data from /gm2data/zkhechad/cboTemplates/Run4CBOTemplates/fullFits/noRF/sBin_constraintOn_cE0.0_seed0_noRF_calo3.root
windowBins = 69
fitting sliding window 2520 from bin 2656 at 396.126000 to bin 2725 at 406.570000 (69 bins)

Reading data from /gm2data/cornell/histograms/aMethod/histogram_a_noRF.root
 **********
 **    1 **SET PRINTOUT            1
 **********
 **********
 **    2 **SET NOWARNINGS 
 **********
 PARAMETER DEFINITIONS:
    NO.   NAME         VALUE      STEP SIZE      LIMITS
     1 N0           2.88710e+06  1.00000e+02     no limits
     2 tau          6.43977e+01  constant
     3 A0           3.56389e-01  1.00000e-04     no limits
     4 phi          4.11721e+00  1.00000e-02     no limits
     5 R           -6.10082e+01  constant
     6 alpha_CBO    0.00000e+00  1.00000e-03     no limits
     7 w_CBO        2.32500e+00  constant
     8 beta_CBO     0.00000e+00  1.00000e-03     no limits
     9 alpha_2CBO   0.00000e+00  1.00000e-03     no limits
    10 beta_2CBO    0.00000e+00  1.00000e-03     no limits
    11 alpha_y      0.00000e+00  1.00000e-03     no limits
    12 w_y          1.38860e+01  constant
    13 beta_y       0.00000e+00  1.00000e-03     no limits
    14 alpha_vw     0.00000e+00  1.00000e-03     no limits
    15 w_vw         1.43404e+01  constant
    16 beta_vw      0.00000e+00  1.00000e-03     no limits
    17 LM          -2.57919e-04  constant
    18 zeta_y       0.00000e+00  constant
    19 zeta_vw      0.00000e+00  constant
    20 T_CBO        1.00000e+02  1.00000e+00    0.00000e+00  1.00000e+03
    21 alpha_A0     0.00000e+00  1.00000e-04   -1.00000e-02  1.00000e-02
    22 beta_A0      0.00000e+00  1.00000e-04   -1.00000e-02  1.00000e-02
    23 alpha_phi    0.00000e+00  1.00000e-04   -1.00000e-02  1.00000e-02
    24 beta_phi     0.00000e+00  1.00000e-04   -1.00000e-02  1.00000e-02
MINUIT - FIT ONLY WIGGLE
 **********
 **    3 **FIX            5
 **********
 PARAMETER    5  IS CONSTANT.   IGNORED.
 **********
 **    4 **FIX            6
 **********
 **********
 **    5 **FIX            7
 **********
 PARAMETER    7  IS CONSTANT.   IGNORED.
 **********
 **    6 **FIX            8
 **********
 **********
 **    7 **FIX            9
 **********
 **********
 **    8 **FIX           10
 **********
 **********
 **    9 **FIX           11
 **********
 **********
 **   10 **FIX           12
 **********
 PARAMETER   12  IS CONSTANT.   IGNORED.
 **********
 **   11 **FIX           13
 **********
 **********
 **   12 **FIX           14
 **********
 **********
 **   13 **FIX           15
 **********
 PARAMETER   15  IS CONSTANT.   IGNORED.
 **********
 **   14 **FIX           16
 **********
 **********
 **   15 **MIGRAD
 **********
 FIRST CALL TO USER FUNCTION AT NEW START POINT, WITH IFLAG=4.
 START MIGRAD MINIMIZATION.  STRATEGY  1.  CONVERGENCE WHEN EDM .LT. 1.00e-04
 FCN=72.6421 FROM MIGRAD    STATUS=INITIATE      437 CALLS         438 TOTAL
                     EDM= unknown      STRATEGY= 1      NO ERROR MATRIX       
  EXT PARAMETER               CURRENT GUESS       STEP         FIRST   
  NO.   NAME      VALUE            ERROR          SIZE      DERIVATIVE 
   1  N0           2.88710e+06   1.00000e+02   0.00000e+00  -1.77896e-04
   2  tau          6.43977e+01   constant   
   3  A0           3.56389e-01   1.00000e-04   0.00000e+00  -1.94862e+03
   4  phi          4.11721e+00   1.00000e-02   0.00000e+00   2.63713e+02
   5  R           -6.10082e+01   constant   
   6  alpha_CBO    0.00000e+00     fixed    
   7  w_CBO        2.32500e+00   constant   
   8  beta_CBO     0.00000e+00     fixed    
   9  alpha_2CBO   0.00000e+00     fixed    
  10  beta_2CBO    0.00000e+00     fixed    
  11  alpha_y      0.00000e+00     fixed    
  12  w_y          1.38860e+01   constant   
  13  beta_y       0.00000e+00     fixed    
  14  alpha_vw     0.00000e+00     fixed    
  15  w_vw         1.43404e+01   constant   
  16  beta_vw      0.00000e+00     fixed    
  17  LM          -2.57919e-04   constant   
  18  zeta_y       0.00000e+00   constant   
  19  zeta_vw      0.00000e+00   constant   
  20  T_CBO        1.00000e+02   1.00000e+00   0.00000e+00   0.00000e+00
  21  alpha_A0     0.00000e+00   1.00000e-04   0.00000e+00  -6.52571e-02
  22  beta_A0      0.00000e+00   1.00000e-04   0.00000e+00   1.54215e-01
  23  alpha_phi    0.00000e+00   1.00000e-04   0.00000e+00  -9.52048e-02
  24  beta_phi     0.00000e+00   1.00000e-04   0.00000e+00   6.39068e-02
 MIGRAD MINIMIZATION HAS CONVERGED.
 MIGRAD WILL VERIFY CONVERGENCE AND ERROR MATRIX.
 COVARIANCE MATRIX CALCULATED SUCCESSFULLY
 FCN=70.7717 FROM MIGRAD    STATUS=CONVERGED     601 CALLS         602 TOTAL
                     EDM=7.30664e-06    STRATEGY= 1      ERROR MATRIX ACCURATE 
  EXT PARAMETER                                   STEP         FIRST   
  NO.   NAME      VALUE            ERROR          SIZE      DERIVATIVE 
   1  N0           2.88831e+06   1.41359e+00   1.02375e+01   5.86161e-07
   2  tau          6.43977e+01   constant   
   3  A0           3.57959e-01   1.26022e-03   5.20842e-06  -2.24357e+00
   4  phi          4.11547e+00   3.55342e-03   1.46859e-05   7.58430e-01
   5  R           -6.10082e+01   constant   
   6  alpha_CBO    0.00000e+00     fixed    
   7  w_CBO        2.32500e+00   constant   
   8  beta_CBO     0.00000e+00     fixed    
   9  alpha_2CBO   0.00000e+00     fixed    
  10  beta_2CBO    0.00000e+00     fixed    
  11  alpha_y      0.00000e+00     fixed    
  12  w_y          1.38860e+01   constant   
  13  beta_y       0.00000e+00     fixed    
  14  alpha_vw     0.00000e+00     fixed    
  15  w_vw         1.43404e+01   constant   
  16  beta_vw      0.00000e+00     fixed    
  17  LM          -2.57919e-04   constant   
  18  zeta_y       0.00000e+00   constant   
  19  zeta_vw      0.00000e+00   constant   
  20  T_CBO        2.13558e+01   6.30602e+02   1.86388e-02  -5.79603e-06
  21  alpha_A0    -9.12841e-03   1.58661e-02   5.00000e-01   1.13628e-08
  22  beta_A0     -5.68644e-03   1.16641e-02   5.00000e-01   5.47016e-08
  23  alpha_phi    9.45081e-03   1.55997e-02   5.00000e-01  -1.11232e-08
  24  beta_phi    -4.04644e-04   1.47637e-02   5.00000e-01   2.08936e-08
 EXTERNAL ERROR MATRIX.    NDIM=  25    NPAR=  8    ERR DEF=1
  1.998e+00  7.904e-08 -4.200e-07  1.809e-07  2.213e-15  7.088e-15 -1.800e-16  4.657e-14 
  7.904e-08  1.588e-06  1.893e-07 -4.355e-07 -1.471e-15 -1.968e-14 -2.358e-15 -4.521e-14 
 -4.200e-07  1.893e-07  1.263e-05  9.483e-08 -3.169e-15  3.052e-14  1.714e-15 -7.804e-14 
  1.809e-07 -4.355e-07  9.483e-08  4.180e+04 -2.222e-06 -5.966e-05  1.067e-06 -2.480e-05 
  2.213e-15 -1.471e-15 -3.169e-15 -2.222e-06  3.331e-05 -2.238e-15 -6.734e-17  1.290e-15 
  7.088e-15 -1.968e-14  3.052e-14 -5.966e-05 -2.238e-15  1.352e-04 -1.584e-15  3.546e-14 
 -1.800e-16 -2.358e-15  1.714e-15  1.067e-06 -6.734e-17 -1.584e-15  2.135e-05 -6.814e-16 
  4.657e-14 -4.521e-14 -7.804e-14 -2.480e-05  1.290e-15  3.546e-14 -6.814e-16  1.995e-04 
 PARAMETER  CORRELATION COEFFICIENTS  
       NO.  GLOBAL      1      3      4     20     21     22     23     24
        1  0.00010   1.000  0.000 -0.000  0.000  0.000  0.000 -0.000  0.000
        3  0.04226   0.000  1.000  0.042 -0.000 -0.000 -0.000 -0.000 -0.000
        4  0.04226  -0.000  0.042  1.000  0.000 -0.000  0.000  0.000 -0.000
       20  0.00003   0.000 -0.000  0.000  1.000 -0.000 -0.000  0.000 -0.000
       21  0.00000   0.000 -0.000 -0.000 -0.000  1.000 -0.000 -0.000  0.000
       22  0.00003   0.000 -0.000  0.000 -0.000 -0.000  1.000 -0.000  0.000
       23  0.00000  -0.000 -0.000  0.000  0.000 -0.000 -0.000  1.000 -0.000
       24  0.00001   0.000 -0.000 -0.000 -0.000  0.000  0.000 -0.000  1.000
MINUIT - FIT ONLY 1-CBO + wiggle
 **********
 **   16 **RES 
 **********
                   PARAMETER   16  beta_vw RESTORED TO VARIABLE.
                   PARAMETER   14  alpha_vw RESTORED TO VARIABLE.
                   PARAMETER   13  beta_y RESTORED TO VARIABLE.
                   PARAMETER   11  alpha_y RESTORED TO VARIABLE.
                   PARAMETER   10  beta_2CBO RESTORED TO VARIABLE.
                   PARAMETER    9  alpha_2CBO RESTORED TO VARIABLE.
                   PARAMETER    8  beta_CBO RESTORED TO VARIABLE.
                   PARAMETER    6  alpha_CBO RESTORED TO VARIABLE.
 **********
 **   17 **FIX            8
 **********
 **********
 **   18 **FIX            9
 **********
 **********
 **   19 **FIX           11
 **********
 **********
 **   20 **FIX           12
 **********
 PARAMETER   12  IS CONSTANT.   IGNORED.
 **********
 **   21 **FIX           14
 **********
 **********
 **   22 **FIX           15
 **********
 PARAMETER   15  IS CONSTANT.   IGNORED.
 **********
 **   23 **FIX           16
 **********
 **********
 **   24 **MIGRAD
 **********
 START MIGRAD MINIMIZATION.  STRATEGY  1.  CONVERGENCE WHEN EDM .LT. 1.00e-04
 FCN=67.6107 FROM MIGRAD    STATUS=INITIATE      109 CALLS         711 TOTAL
                     EDM= unknown      STRATEGY= 1      NO ERROR MATRIX       
  EXT PARAMETER               CURRENT GUESS       STEP         FIRST   
  NO.   NAME      VALUE            ERROR          SIZE      DERIVATIVE 
   1  N0           2.88831e+06   1.41359e+00   0.00000e+00   7.78481e-05
   2  tau          6.43977e+01   constant   
   3  A0           3.57959e-01   1.26022e-03   0.00000e+00   1.43947e+02
   4  phi          4.11547e+00   3.55342e-03   0.00000e+00  -1.56848e+01
   5  R           -6.10082e+01   constant   
   6  alpha_CBO    0.00000e+00   1.00000e-03   0.00000e+00  -9.64240e+01
   7  w_CBO        2.32500e+00   constant   
   8  beta_CBO     0.00000e+00     fixed    
   9  alpha_2CBO   0.00000e+00     fixed    
  10  beta_2CBO    0.00000e+00   1.00000e-03   0.00000e+00  -2.08314e+03
  11  alpha_y      0.00000e+00     fixed    
  12  w_y          1.38860e+01   constant   
  13  beta_y       0.00000e+00   1.00000e-03   0.00000e+00  -2.75336e+02
  14  alpha_vw     0.00000e+00     fixed    
  15  w_vw         1.43404e+01   constant   
  16  beta_vw      0.00000e+00     fixed    
  17  LM          -2.57919e-04   constant   
  18  zeta_y       0.00000e+00   constant   
  19  zeta_vw      0.00000e+00   constant   
  20  T_CBO        3.66163e+02   6.30602e+02   0.00000e+00  -3.13992e+00
  21  alpha_A0     9.99977e-03   1.58661e-02   2.71417e+00  -1.44106e-03
  22  beta_A0     -5.68644e-03   1.16641e-02   0.00000e+00   1.95061e+00
  23  alpha_phi    9.45081e-03   1.55997e-02   0.00000e+00  -2.09524e-01
  24  beta_phi    -4.04644e-04   1.47637e-02   0.00000e+00   1.12824e+00
 MIGRAD MINIMIZATION HAS CONVERGED.
 FCN=61.4783 FROM MIGRAD    STATUS=CONVERGED     365 CALLS         967 TOTAL
                     EDM=1.02375e-06    STRATEGY= 1  ERROR MATRIX UNCERTAINTY   0.6 per cent
  EXT PARAMETER                                   STEP         FIRST   
  NO.   NAME      VALUE            ERROR          SIZE      DERIVATIVE 
   1  N0           2.88715e+06   2.80002e+03  -7.01550e-01  -7.27167e-08
   2  tau          6.43977e+01   constant   
   3  A0           3.57722e-01   1.27203e-03   4.98142e-07  -1.16186e-02
   4  phi          4.11587e+00   3.57244e-03   2.26832e-06  -4.33549e-02
   5  R           -6.10082e+01   constant   
   6  alpha_CBO    2.57207e-04   1.39370e-03  -2.45962e-06   3.37955e-02
   7  w_CBO        2.32500e+00   constant   
   8  beta_CBO     0.00000e+00     fixed    
   9  alpha_2CBO   0.00000e+00     fixed    
  10  beta_2CBO    2.12944e-03   1.34710e-03   2.24651e-06  -2.06058e-01
  11  alpha_y      0.00000e+00     fixed    
  12  w_y          1.38860e+01   constant   
  13  beta_y       2.80042e-04   1.35718e-03   1.28520e-06  -5.47479e-01
  14  alpha_vw     0.00000e+00     fixed    
  15  w_vw         1.43404e+01   constant   
  16  beta_vw      0.00000e+00     fixed    
  17  LM          -2.57919e-04   constant   
  18  zeta_y       0.00000e+00   constant   
  19  zeta_vw      0.00000e+00   constant   
  20  T_CBO        1.00000e+03   8.13208e+02   7.89741e-03** at limit **
  21  alpha_A0     6.99177e-03   1.12854e-02  -3.63566e-04  -8.22685e-05
  22  beta_A0     -1.00000e-02   3.35118e-03  -1.20407e-03** at limit **
  23  alpha_phi    9.99992e-03   1.58117e-02   1.29717e-03  -5.02029e-04
  24  beta_phi    -6.29985e-03   6.22172e-03   1.50804e-03   8.37119e-04
 EXTERNAL ERROR MATRIX.    NDIM=  25    NPAR= 11    ERR DEF=1
  7.840e+06 
  1.094e-01  1.618e-06 
 -6.599e-01 -3.842e-08  1.276e-05 
 -1.770e-01  6.242e-08 -4.531e-07  1.942e-06 
 -5.611e-02 -6.084e-08  2.348e-07  8.796e-08  1.815e-06 
  1.065e-01  1.382e-09 -1.846e-08 -2.309e-08  4.086e-08  1.842e-06 
 -1.452e+01 -2.425e-06  4.242e-05 -3.817e-06 -7.006e-07  1.372e-06  4.869e-02 
  3.734e+00  1.119e-07 -1.581e-06  1.489e-06 -4.396e-07  1.295e-07  2.331e-05  6.111e-05 
 -5.825e-06  5.582e-11  7.250e-10  1.177e-11  1.134e-10  8.646e-11 -4.709e-09  2.144e-10  2.043e-11 
 -6.364e-03  7.273e-10  6.636e-09 -3.732e-09  1.972e-09  1.283e-09  1.702e-06 -1.246e-08 -1.748e-12  4.916e-09 
  4.167e+00 -5.823e-07 -2.419e-06 -4.519e-07  1.842e-07 -7.852e-08 -3.867e-06 -1.009e-06 -1.743e-10 -3.432e-09  5.207e-05 
 PARAMETER  CORRELATION COEFFICIENTS  
       NO.  GLOBAL      1      3      4      6     10     13     20     21     22     23     24
        1  0.28678   1.000  0.031 -0.066 -0.045 -0.015  0.028 -0.024  0.171 -0.000 -0.032  0.206
        3  0.09380   0.031  1.000 -0.008  0.035 -0.036  0.001 -0.009  0.011  0.010  0.008 -0.063
        4  0.17197  -0.066 -0.008  1.000 -0.091  0.049 -0.004  0.054 -0.057  0.045  0.026 -0.094
        6  0.19623  -0.045  0.035 -0.091  1.000  0.047 -0.012 -0.012  0.137  0.002 -0.038 -0.045
       10  0.10209  -0.015 -0.036  0.049  0.047  1.000  0.022 -0.002 -0.042  0.019  0.021  0.019
       13  0.04680   0.028  0.001 -0.004 -0.012  0.022  1.000  0.005  0.012  0.014  0.013 -0.008
       20  0.12545  -0.024 -0.009  0.054 -0.012 -0.002  0.005  1.000  0.014 -0.005  0.110 -0.002
       21  0.23733   0.171  0.011 -0.057  0.137 -0.042  0.012  0.014  1.000  0.006 -0.023 -0.018
       22  0.05272  -0.000  0.010  0.045  0.002  0.019  0.014 -0.005  0.006  1.000 -0.006 -0.005
       23  0.12520  -0.032  0.008  0.026 -0.038  0.021  0.013  0.110 -0.023 -0.006  1.000 -0.007
       24  0.24312   0.206 -0.063 -0.094 -0.045  0.019 -0.008 -0.002 -0.018 -0.005 -0.007  1.000
MINUIT - FIT ONLY 2-CBO
 **********
 **   25 **RES 
 **********
                   PARAMETER   16  beta_vw RESTORED TO VARIABLE.
                   PARAMETER   14  alpha_vw RESTORED TO VARIABLE.
                   PARAMETER   11  alpha_y RESTORED TO VARIABLE.
                   PARAMETER    9  alpha_2CBO RESTORED TO VARIABLE.
                   PARAMETER    8  beta_CBO RESTORED TO VARIABLE.
 **********
 **   26 **FIX            0
 **********
 PARAMETER    0  IS UNDEFINED. IGNORED.
 **********
 **   27 **FIX            1
 **********
 **********
 **   28 **FIX            2
 **********
 PARAMETER    2  IS CONSTANT.   IGNORED.
 **********
 **   29 **FIX            3
 **********
 **********
 **   30 **FIX            4
 **********
 **********
 **   31 **FIX            5
 **********
 PARAMETER    5  IS CONSTANT.   IGNORED.
 **********
 **   32 **FIX            6
 **********
 **********
 **   33 **FIX            7
 **********
 PARAMETER    7  IS CONSTANT.   IGNORED.
 **********
 **   34 **FIX           10
 **********
 **********
 **   35 **FIX           11
 **********
 **********
 **   36 **FIX           12
 **********
 PARAMETER   12  IS CONSTANT.   IGNORED.
 **********
 **   37 **FIX           13
 **********
 **********
 **   38 **FIX           14
 **********
 **********
 **   39 **FIX           15
 **********
 PARAMETER   15  IS CONSTANT.   IGNORED.
 **********
 **   40 **FIX           16
 **********
 **********
 **   41 **MIGRAD
 **********
 START MIGRAD MINIMIZATION.  STRATEGY  1.  CONVERGENCE WHEN EDM .LT. 1.00e-04
 FCN=61.4783 FROM MIGRAD    STATUS=INITIATE       18 CALLS         985 TOTAL
                     EDM= unknown      STRATEGY= 1      NO ERROR MATRIX       
  EXT PARAMETER               CURRENT GUESS       STEP         FIRST   
  NO.   NAME      VALUE            ERROR          SIZE      DERIVATIVE 
   1  N0           2.88715e+06     fixed    
   2  tau          6.43977e+01   constant   
   3  A0           3.57722e-01     fixed    
   4  phi          4.11587e+00     fixed    
   5  R           -6.10082e+01   constant   
   6  alpha_CBO    2.57207e-04     fixed    
   7  w_CBO        2.32500e+00   constant   
   8  beta_CBO     0.00000e+00   1.00000e-03   1.00000e-03   8.97487e+02
   9  alpha_2CBO   0.00000e+00   1.00000e-03   1.00000e-03  -3.61768e+03
  10  beta_2CBO    2.12944e-03     fixed    
  11  alpha_y      0.00000e+00     fixed    
  12  w_y          1.38860e+01   constant   
  13  beta_y       2.80042e-04     fixed    
  14  alpha_vw     0.00000e+00     fixed    
  15  w_vw         1.43404e+01   constant   
  16  beta_vw      0.00000e+00     fixed    
  17  LM          -2.57919e-04   constant   
  18  zeta_y       0.00000e+00   constant   
  19  zeta_vw      0.00000e+00   constant   
  20  T_CBO        9.99999e+02   8.13208e+02   7.89741e-03  -1.15444e-03
  21  alpha_A0     6.99177e-03   1.12854e-02  -3.63566e-04   8.15913e-05
  22  beta_A0     -1.00000e-02   3.35118e-03  -1.20407e-03** at limit **
  23  alpha_phi    9.99992e-03   1.58117e-02   1.29717e-03  -5.02032e-04
  24  beta_phi    -6.29985e-03   6.22172e-03   1.50804e-03   8.37801e-04
 MIGRAD MINIMIZATION HAS CONVERGED.
 MIGRAD WILL VERIFY CONVERGENCE AND ERROR MATRIX.
 COVARIANCE MATRIX CALCULATED SUCCESSFULLY
 FCN=54.6839 FROM MIGRAD    STATUS=CONVERGED     181 CALLS        1148 TOTAL
                     EDM=2.34167e-06    STRATEGY= 1      ERROR MATRIX ACCURATE 
  EXT PARAMETER                                   STEP         FIRST   
  NO.   NAME      VALUE            ERROR          SIZE      DERIVATIVE 
   1  N0           2.88715e+06     fixed    
   2  tau          6.43977e+01   constant   
   3  A0           3.57722e-01     fixed    
   4  phi          4.11587e+00     fixed    
   5  R           -6.10082e+01   constant   
   6  alpha_CBO    2.57207e-04     fixed    
   7  w_CBO        2.32500e+00   constant   
   8  beta_CBO    -9.50582e-04   1.32225e-03   4.78660e-06  -1.71477e-01
   9  alpha_2CBO   3.51922e-03   1.38774e-03   4.92707e-06  -9.00294e-01
  10  beta_2CBO    2.12944e-03     fixed    
  11  alpha_y      0.00000e+00     fixed    
  12  w_y          1.38860e+01   constant   
  13  beta_y       2.80042e-04     fixed    
  14  alpha_vw     0.00000e+00     fixed    
  15  w_vw         1.43404e+01   constant   
  16  beta_vw      0.00000e+00     fixed    
  17  LM          -2.57919e-04   constant   
  18  zeta_y       0.00000e+00   constant   
  19  zeta_vw      0.00000e+00   constant   
  20  T_CBO        1.00000e+03   7.97915e+02   6.40979e-03** at limit **
  21  alpha_A0     4.18931e-03   6.68156e-03   2.98018e-03  -8.67929e-05
  22  beta_A0     -1.00000e-02   3.34050e-03   3.06807e-03** at limit **
  23  alpha_phi    9.99999e-03   1.78060e-02   7.89218e-03   6.05020e-04
  24  beta_phi    -9.80486e-03   1.96814e-02   1.11919e-02   2.77684e-04
 EXTERNAL ERROR MATRIX.    NDIM=  25    NPAR=  7    ERR DEF=1
  1.748e-06 -9.337e-08 -4.200e-09 -1.050e-08 -7.945e-16  1.545e-11  1.023e-06 
 -9.337e-08  1.926e-06 -1.861e-09 -1.557e-06 -1.603e-16 -2.607e-11 -1.724e-06 
 -4.200e-09 -1.861e-09  1.659e-04  5.715e-08 -1.121e-17 -7.656e-12 -1.391e-07 
 -1.050e-08 -1.557e-06  5.715e-08  5.638e-05 -8.906e-16  2.235e-11  3.439e-06 
 -7.945e-16 -1.603e-16 -1.121e-17 -8.906e-16  3.590e-18 -7.525e-20  1.604e-15 
  1.545e-11 -2.607e-11 -7.656e-12  2.235e-11 -7.525e-20  9.506e-10 -1.182e-10 
  1.023e-06 -1.724e-06 -1.391e-07  3.439e-06  1.604e-15 -1.182e-10  5.115e-05 
 PARAMETER  CORRELATION COEFFICIENTS  
       NO.  GLOBAL      8      9     20     21     22     23     24
        8  0.11366   1.000 -0.051 -0.000 -0.001 -0.000  0.000  0.108
        9  0.22474  -0.051  1.000 -0.000 -0.149 -0.000 -0.001 -0.174
       20  0.00169  -0.000 -0.000  1.000  0.001 -0.000 -0.000 -0.002
       21  0.15485  -0.001 -0.149  0.001  1.000 -0.000  0.000  0.064
       22  0.00037  -0.000 -0.000 -0.000 -0.000  1.000 -0.000  0.000
       23  0.00099   0.000 -0.001 -0.000  0.000 -0.000  1.000 -0.001
       24  0.20404   0.108 -0.174 -0.002  0.064  0.000 -0.001  1.000
MINUIT - FIT wiggle + 1-CBO + 2-CBO
 **********
 **   42 **RES 
 **********
                   PARAMETER   16  beta_vw RESTORED TO VARIABLE.
                   PARAMETER   14  alpha_vw RESTORED TO VARIABLE.
                   PARAMETER   13  beta_y RESTORED TO VARIABLE.
                   PARAMETER   11  alpha_y RESTORED TO VARIABLE.
                   PARAMETER   10  beta_2CBO RESTORED TO VARIABLE.
                   PARAMETER    6  alpha_CBO RESTORED TO VARIABLE.
                   PARAMETER    4  phi RESTORED TO VARIABLE.
                   PARAMETER    3  A0 RESTORED TO VARIABLE.
                   PARAMETER    1  N0 RESTORED TO VARIABLE.
 **********
 **   43 **FIX           10
 **********
 **********
 **   44 **FIX           11
 **********
 **********
 **   45 **FIX           12
 **********
 PARAMETER   12  IS CONSTANT.   IGNORED.
 **********
 **   46 **FIX           13
 **********
 **********
 **   47 **FIX           14
 **********
 **********
 **   48 **FIX           15
 **********
 PARAMETER   15  IS CONSTANT.   IGNORED.
 **********
 **   49 **FIX           16
 **********
 **********
 **   50 **MIGRAD
 **********
 START MIGRAD MINIMIZATION.  STRATEGY  1.  CONVERGENCE WHEN EDM .LT. 1.00e-04
 FCN=54.6839 FROM MIGRAD    STATUS=INITIATE       22 CALLS        1170 TOTAL
                     EDM= unknown      STRATEGY= 1      NO ERROR MATRIX       
  EXT PARAMETER               CURRENT GUESS       STEP         FIRST   
  NO.   NAME      VALUE            ERROR          SIZE      DERIVATIVE 
   1  N0           2.88715e+06   2.80002e+03   2.80002e+03  -4.94071e-05
   2  tau          6.43977e+01   constant   
   3  A0           3.57722e-01   1.27203e-03   1.27203e-03   2.86831e+02
   4  phi          4.11587e+00   3.57244e-03   3.57244e-03  -6.02196e+01
   5  R           -6.10082e+01   constant   
   6  alpha_CBO    2.57207e-04   1.39370e-03   1.39370e-03   1.60306e+02
   7  w_CBO        2.32500e+00   constant   
   8  beta_CBO    -9.50582e-04   1.32225e-03   4.78660e-06  -1.70680e-01
   9  alpha_2CBO   3.51922e-03   1.38774e-03   4.92707e-06  -9.00016e-01
  10  beta_2CBO    2.12944e-03     fixed    
  11  alpha_y      0.00000e+00     fixed    
  12  w_y          1.38860e+01   constant   
  13  beta_y       2.80042e-04     fixed    
  14  alpha_vw     0.00000e+00     fixed    
  15  w_vw         1.43404e+01   constant   
  16  beta_vw      0.00000e+00     fixed    
  17  LM          -2.57919e-04   constant   
  18  zeta_y       0.00000e+00   constant   
  19  zeta_vw      0.00000e+00   constant   
  20  T_CBO        9.99999e+02   7.97915e+02   6.40979e-03  -1.25589e-03
  21  alpha_A0     4.18931e-03   6.68156e-03   2.98018e-03  -8.79410e-05
  22  beta_A0     -9.99998e-03   3.34050e-03   3.06807e-03   5.50942e-03
  23  alpha_phi    9.99999e-03   1.78060e-02   7.89218e-03  -6.05151e-04
  24  beta_phi    -9.80486e-03   1.96814e-02   1.11919e-02   2.85582e-04
 MIGRAD MINIMIZATION HAS CONVERGED.
 MIGRAD WILL VERIFY CONVERGENCE AND ERROR MATRIX.
 COVARIANCE MATRIX CALCULATED SUCCESSFULLY
 FCN=54.6184 FROM MIGRAD    STATUS=CONVERGED     226 CALLS        1374 TOTAL
                     EDM=6.81993e-06    STRATEGY= 1      ERROR MATRIX ACCURATE 
  EXT PARAMETER                                   STEP         FIRST   
  NO.   NAME      VALUE            ERROR          SIZE      DERIVATIVE 
   1  N0           2.88726e+06   2.91975e+03   9.00938e+00  -8.56320e-07
   2  tau          6.43977e+01   constant   
   3  A0           3.57483e-01   1.30426e-03   4.58813e-06  -9.91947e-01
   4  phi          4.11629e+00   3.69139e-03   1.29473e-05  -3.03473e-01
   5  R           -6.10082e+01   constant   
   6  alpha_CBO    5.61725e-05   1.40936e-03   4.98292e-06  -3.62406e-01
   7  w_CBO        2.32500e+00   constant   
   8  beta_CBO    -9.91522e-04   1.36341e-03   4.78342e-06   2.48826e-01
   9  alpha_2CBO   3.54507e-03   1.39302e-03   4.92380e-06  -1.17638e+00
  10  beta_2CBO    2.12944e-03     fixed    
  11  alpha_y      0.00000e+00     fixed    
  12  w_y          1.38860e+01   constant   
  13  beta_y       2.80042e-04     fixed    
  14  alpha_vw     0.00000e+00     fixed    
  15  w_vw         1.43404e+01   constant   
  16  beta_vw      0.00000e+00     fixed    
  17  LM          -2.57919e-04   constant   
  18  zeta_y       0.00000e+00   constant   
  19  zeta_vw      0.00000e+00   constant   
  20  T_CBO        1.00000e+03   7.95145e+02   6.38237e-03** at limit **
  21  alpha_A0     4.25791e-03   6.79754e-03   2.97937e-03  -2.47677e-03
  22  beta_A0     -1.00000e-02   3.39425e-03   3.09226e-03** at limit **
  23  alpha_phi    1.00000e-02   1.69615e-02   7.18422e-03** at limit **
  24  beta_phi    -9.70203e-03   1.95875e-02   1.11308e-02  -1.63599e-04
 EXTERNAL ERROR MATRIX.    NDIM=  25    NPAR= 11    ERR DEF=1
  8.525e+06 
  3.292e-01  1.701e-06 
 -1.847e+00  1.576e-07  1.363e-05 
 -4.721e-02  8.992e-08 -9.215e-07  1.986e-06 
  3.730e-01  4.039e-07  2.076e-07 -2.114e-08  1.859e-06 
  1.346e-01 -3.090e-08  2.866e-07 -1.158e-07 -8.900e-08  1.941e-06 
  1.455e-04  1.539e-09 -1.001e-09 -9.929e-10 -1.866e-09 -9.844e-10  4.701e-05 
 -3.922e+00 -1.532e-07  1.383e-06 -1.348e-06 -1.568e-07 -1.543e-06  3.142e-08  5.915e-05 
  3.541e-08 -2.416e-14 -3.842e-14 -1.018e-15 -4.915e-14 -8.407e-15 -1.256e-16 -6.563e-14  1.064e-14 
 -6.260e-07  1.172e-12  4.042e-13 -3.975e-13  3.933e-13 -2.426e-13 -3.339e-14  8.191e-13 -5.869e-20  1.990e-13 
  4.872e+00 -3.611e-07 -2.525e-06 -2.096e-07  1.097e-06 -1.670e-06 -7.321e-08  1.337e-06  1.211e-13 -1.754e-12  5.498e-05 
 PARAMETER  CORRELATION COEFFICIENTS  
       NO.  GLOBAL      1      3      4      6      8      9     20     21     22     23     24
        1  0.34895   1.000  0.086 -0.171 -0.011  0.094  0.033  0.000 -0.175  0.000 -0.000  0.225
        3  0.25843   0.086  1.000  0.033  0.049  0.227 -0.017  0.000 -0.015 -0.000  0.002 -0.037
        4  0.26884  -0.171  0.033  1.000 -0.177  0.041  0.056 -0.000  0.049 -0.000  0.000 -0.092
        6  0.23941  -0.011  0.049 -0.177  1.000 -0.011 -0.059 -0.000 -0.124 -0.000 -0.001 -0.020
        8  0.26786   0.094  0.227  0.041 -0.011  1.000 -0.047 -0.000 -0.015 -0.000  0.001  0.109
        9  0.24048   0.033 -0.017  0.056 -0.059 -0.047  1.000 -0.000 -0.144 -0.000 -0.000 -0.162
       20  0.00167   0.000  0.000 -0.000 -0.000 -0.000 -0.000  1.000  0.001 -0.000 -0.000 -0.001
       21  0.26341  -0.175 -0.015  0.049 -0.124 -0.015 -0.144  0.001  1.000 -0.000  0.000  0.023
       22  0.00044   0.000 -0.000 -0.000 -0.000 -0.000 -0.000 -0.000 -0.000  1.000 -0.000  0.000
       23  0.00233  -0.000  0.002  0.000 -0.001  0.001 -0.000 -0.000  0.000 -0.000  1.000 -0.001
       24  0.31067   0.225 -0.037 -0.092 -0.020  0.109 -0.162 -0.001  0.023  0.000 -0.001  1.000
MINUIT - FIT ONLY 1-y
 **********
 **   51 **RES 
 **********
                   PARAMETER   16  beta_vw RESTORED TO VARIABLE.
                   PARAMETER   14  alpha_vw RESTORED TO VARIABLE.
                   PARAMETER   13  beta_y RESTORED TO VARIABLE.
                   PARAMETER   11  alpha_y RESTORED TO VARIABLE.
                   PARAMETER   10  beta_2CBO RESTORED TO VARIABLE.
 **********
 **   52 **FIX            0
 **********
 PARAMETER    0  IS UNDEFINED. IGNORED.
 **********
 **   53 **FIX            1
 **********
 **********
 **   54 **FIX            2
 **********
 PARAMETER    2  IS CONSTANT.   IGNORED.
 **********
 **   55 **FIX            3
 **********
 **********
 **   56 **FIX            4
 **********
 **********
 **   57 **FIX            5
 **********
 PARAMETER    5  IS CONSTANT.   IGNORED.
 **********
 **   58 **FIX            6
 **********
 **********
 **   59 **FIX            7
 **********
 PARAMETER    7  IS CONSTANT.   IGNORED.
 **********
 **   60 **FIX            8
 **********
 **********
 **   61 **FIX            9
 **********
 **********
 **   62 **FIX           13
 **********
 **********
 **   63 **FIX           14
 **********
 **********
 **   64 **FIX           15
 **********
 PARAMETER   15  IS CONSTANT.   IGNORED.
 **********
 **   65 **FIX           16
 **********
 **********
 **   66 **MIGRAD
 **********
 START MIGRAD MINIMIZATION.  STRATEGY  1.  CONVERGENCE WHEN EDM .LT. 1.00e-04
 FCN=54.6184 FROM MIGRAD    STATUS=INITIATE       16 CALLS        1390 TOTAL
                     EDM= unknown      STRATEGY= 1      NO ERROR MATRIX       
  EXT PARAMETER               CURRENT GUESS       STEP         FIRST   
  NO.   NAME      VALUE            ERROR          SIZE      DERIVATIVE 
   1  N0           2.88726e+06     fixed    
   2  tau          6.43977e+01   constant   
   3  A0           3.57483e-01     fixed    
   4  phi          4.11629e+00     fixed    
   5  R           -6.10082e+01   constant   
   6  alpha_CBO    5.61725e-05     fixed    
   7  w_CBO        2.32500e+00   constant   
   8  beta_CBO    -9.91522e-04     fixed    
   9  alpha_2CBO   3.54507e-03     fixed    
  10  beta_2CBO    2.12944e-03   1.34710e-03   1.34710e-03   4.03957e+01
  11  alpha_y      0.00000e+00   1.00000e-03   1.00000e-03  -1.37253e+03
  12  w_y          1.38860e+01   constant   
  13  beta_y       2.80042e-04     fixed    
  14  alpha_vw     0.00000e+00     fixed    
  15  w_vw         1.43404e+01   constant   
  16  beta_vw      0.00000e+00     fixed    
  17  LM          -2.57919e-04   constant   
  18  zeta_y       0.00000e+00   constant   
  19  zeta_vw      0.00000e+00   constant   
  20  T_CBO        9.99999e+02   7.95145e+02   6.38237e-03  -1.27210e-03
  21  alpha_A0     4.25791e-03   6.79754e-03   2.97937e-03  -2.48302e-03
  22  beta_A0     -9.99998e-03   3.39425e-03   3.09226e-03   5.41663e-03
  23  alpha_phi    9.99998e-03   1.69615e-02   7.18422e-03  -1.00261e-03
  24  beta_phi    -9.70203e-03   1.95875e-02   1.11308e-02  -1.54004e-04
 MIGRAD MINIMIZATION HAS CONVERGED.
 MIGRAD WILL VERIFY CONVERGENCE AND ERROR MATRIX.
 COVARIANCE MATRIX CALCULATED SUCCESSFULLY
 FCN=53.7799 FROM MIGRAD    STATUS=CONVERGED     119 CALLS        1493 TOTAL
                     EDM=1.07548e-06    STRATEGY= 1      ERROR MATRIX ACCURATE 
  EXT PARAMETER                                   STEP         FIRST   
  NO.   NAME      VALUE            ERROR          SIZE      DERIVATIVE 
   1  N0           2.88726e+06     fixed    
   2  tau          6.43977e+01   constant   
   3  A0           3.57483e-01     fixed    
   4  phi          4.11629e+00     fixed    
   5  R           -6.10082e+01   constant   
   6  alpha_CBO    5.61725e-05     fixed    
   7  w_CBO        2.32500e+00   constant   
   8  beta_CBO    -9.91522e-04     fixed    
   9  alpha_2CBO   3.54507e-03     fixed    
  10  beta_2CBO    2.11294e-03   1.33062e-03   4.80087e-06  -4.26982e-01
  11  alpha_y      1.22125e-03   1.33435e-03   4.82120e-06  -7.91923e-02
  12  w_y          1.38860e+01   constant   
  13  beta_y       2.80042e-04     fixed    
  14  alpha_vw     0.00000e+00     fixed    
  15  w_vw         1.43404e+01   constant   
  16  beta_vw      0.00000e+00     fixed    
  17  LM          -2.57919e-04   constant   
  18  zeta_y       0.00000e+00   constant   
  19  zeta_vw      0.00000e+00   constant   
  20  T_CBO        1.00000e+03   7.99286e+02   6.40697e-03** at limit **
  21  alpha_A0     4.32236e-03   6.62016e-03   2.97246e-03   1.64678e-03
  22  beta_A0     -1.00000e-02   3.38853e-03   3.06541e-03** at limit **
  23  alpha_phi    1.00000e-02   1.75676e-02   7.62614e-03** at limit **
  24  beta_phi    -9.63649e-03   1.84004e-02   1.04027e-02  -8.96880e-05
 EXTERNAL ERROR MATRIX.    NDIM=  25    NPAR=  7    ERR DEF=1
  1.771e-06  2.845e-08 -5.514e-10  4.201e-07 -5.116e-15 -6.123e-13  3.473e-07 
  2.845e-08  1.780e-06  3.422e-11  8.675e-08 -2.428e-16  8.210e-14  1.076e-07 
 -5.514e-10  3.422e-11  1.056e-06  4.492e-09 -4.684e-17 -3.454e-15 -1.104e-08 
  4.201e-07  8.675e-08  4.492e-09  5.527e-05 -1.326e-14 -1.225e-13  2.179e-06 
 -5.116e-15 -2.428e-16 -4.684e-17 -1.326e-14  4.436e-16 -2.872e-21  2.006e-14 
 -6.123e-13  8.210e-14 -3.454e-15 -1.225e-13 -2.872e-21  7.205e-14 -1.013e-12 
  3.473e-07  1.076e-07 -1.104e-08  2.179e-06  2.006e-14 -1.013e-12  4.975e-05 
 PARAMETER  CORRELATION COEFFICIENTS  
       NO.  GLOBAL     10     11     20     21     22     23     24
       10  0.05730   1.000  0.016 -0.000  0.042 -0.000 -0.002  0.037
       11  0.02081   0.016  1.000  0.000  0.009 -0.000  0.000  0.011
       20  0.00170  -0.000  0.000  1.000  0.001 -0.000 -0.000 -0.002
       21  0.05885   0.042  0.009  0.001  1.000 -0.000 -0.000  0.042
       22  0.00025  -0.000 -0.000 -0.000 -0.000  1.000 -0.000  0.000
       23  0.00180  -0.002  0.000 -0.000 -0.000 -0.000  1.000 -0.001
       24  0.05554   0.037  0.011 -0.002  0.042  0.000 -0.001  1.000
MINUIT - FIT ONLY 2-y
 **********
 **   67 **RES 
 **********
                   PARAMETER   16  beta_vw RESTORED TO VARIABLE.
                   PARAMETER   14  alpha_vw RESTORED TO VARIABLE.
                   PARAMETER   13  beta_y RESTORED TO VARIABLE.
                   PARAMETER    9  alpha_2CBO RESTORED TO VARIABLE.
                   PARAMETER    8  beta_CBO RESTORED TO VARIABLE.
                   PARAMETER    6  alpha_CBO RESTORED TO VARIABLE.
                   PARAMETER    4  phi RESTORED TO VARIABLE.
                   PARAMETER    3  A0 RESTORED TO VARIABLE.
                   PARAMETER    1  N0 RESTORED TO VARIABLE.
 **********
 **   68 **FIX            0
 **********
 PARAMETER    0  IS UNDEFINED. IGNORED.
 **********
 **   69 **FIX            1
 **********
 **********
 **   70 **FIX            2
 **********
 PARAMETER    2  IS CONSTANT.   IGNORED.
 **********
 **   71 **FIX            3
 **********
 **********
 **   72 **FIX            4
 **********
 **********
 **   73 **FIX            5
 **********
 PARAMETER    5  IS CONSTANT.   IGNORED.
 **********
 **   74 **FIX            6
 **********
 **********
 **   75 **FIX            7
 **********
 PARAMETER    7  IS CONSTANT.   IGNORED.
 **********
 **   76 **FIX            8
 **********
 **********
 **   77 **FIX            9
 **********
 **********
 **   78 **FIX           10
 **********
 **********
 **   79 **FIX           11
 **********
 **********
 **   80 **FIX           12
 **********
 PARAMETER   12  IS CONSTANT.   IGNORED.
 **********
 **   81 **FIX           16
 **********
 **********
 **   82 **MIGRAD
 **********
 START MIGRAD MINIMIZATION.  STRATEGY  1.  CONVERGENCE WHEN EDM .LT. 1.00e-04
 FCN=53.7799 FROM MIGRAD    STATUS=INITIATE       16 CALLS        1509 TOTAL
                     EDM= unknown      STRATEGY= 1      NO ERROR MATRIX       
  EXT PARAMETER               CURRENT GUESS       STEP         FIRST   
  NO.   NAME      VALUE            ERROR          SIZE      DERIVATIVE 
   1  N0           2.88726e+06     fixed    
   2  tau          6.43977e+01   constant   
   3  A0           3.57483e-01     fixed    
   4  phi          4.11629e+00     fixed    
   5  R           -6.10082e+01   constant   
   6  alpha_CBO    5.61725e-05     fixed    
   7  w_CBO        2.32500e+00   constant   
   8  beta_CBO    -9.91522e-04     fixed    
   9  alpha_2CBO   3.54507e-03     fixed    
  10  beta_2CBO    2.11294e-03     fixed    
  11  alpha_y      1.22125e-03     fixed    
  12  w_y          1.38860e+01   constant   
  13  beta_y       2.80042e-04   1.35718e-03   1.35718e-03  -4.49815e+01
  14  alpha_vw     0.00000e+00   1.00000e-03   1.00000e-03   8.65595e+02
  15  w_vw         1.43404e+01   constant   
  16  beta_vw      0.00000e+00     fixed    
  17  LM          -2.57919e-04   constant   
  18  zeta_y       0.00000e+00   constant   
  19  zeta_vw      0.00000e+00   constant   
  20  T_CBO        9.99999e+02   7.99286e+02   6.40697e-03  -1.24794e-03
  21  alpha_A0     4.32236e-03   6.62016e-03   2.97246e-03   1.64051e-03
  22  beta_A0     -9.99998e-03   3.38853e-03   3.06541e-03   5.42639e-03
  23  alpha_phi    9.99998e-03   1.75676e-02   7.62614e-03  -8.77440e-04
  24  beta_phi    -9.63649e-03   1.84004e-02   1.04027e-02  -8.04702e-05
 MIGRAD MINIMIZATION HAS CONVERGED.
 MIGRAD WILL VERIFY CONVERGENCE AND ERROR MATRIX.
 COVARIANCE MATRIX CALCULATED SUCCESSFULLY
 FCN=53.4413 FROM MIGRAD    STATUS=CONVERGED     119 CALLS        1612 TOTAL
                     EDM=2.74266e-07    STRATEGY= 1      ERROR MATRIX ACCURATE 
  EXT PARAMETER                                   STEP         FIRST   
  NO.   NAME      VALUE            ERROR          SIZE      DERIVATIVE 
   1  N0           2.88726e+06     fixed    
   2  tau          6.43977e+01   constant   
   3  A0           3.57483e-01     fixed    
   4  phi          4.11629e+00     fixed    
   5  R           -6.10082e+01   constant   
   6  alpha_CBO    5.61725e-05     fixed    
   7  w_CBO        2.32500e+00   constant   
   8  beta_CBO    -9.91522e-04     fixed    
   9  alpha_2CBO   3.54507e-03     fixed    
  10  beta_2CBO    2.11294e-03     fixed    
  11  alpha_y      1.22125e-03     fixed    
  12  w_y          1.38860e+01   constant   
  13  beta_y       2.88684e-04   1.34794e-03   4.85107e-06   1.31939e-01
  14  alpha_vw    -7.81748e-04   1.34550e-03   4.84260e-06   9.01521e-02
  15  w_vw         1.43404e+01   constant   
  16  beta_vw      0.00000e+00     fixed    
  17  LM          -2.57919e-04   constant   
  18  zeta_y       0.00000e+00   constant   
  19  zeta_vw      0.00000e+00   constant   
  20  T_CBO        1.00000e+03   7.99970e+02   6.39769e-03** at limit **
  21  alpha_A0     4.36144e-03   6.61246e-03   2.96957e-03   8.61754e-04
  22  beta_A0     -1.00000e-02   3.39676e-03   3.06011e-03** at limit **
  23  alpha_phi    1.00000e-02   1.75972e-02   7.63207e-03** at limit **
  24  beta_phi    -9.57421e-03   1.75152e-02   9.42660e-03  -5.61017e-06
 EXTERNAL ERROR MATRIX.    NDIM=  25    NPAR=  7    ERR DEF=1
  1.817e-06  7.476e-08  8.089e-11 -1.374e-07 -5.650e-16  2.486e-14 -1.690e-07 
  7.476e-08  1.810e-06 -5.607e-11 -1.021e-07 -4.441e-16 -1.782e-15 -1.544e-07 
  8.089e-11 -5.607e-11  2.083e-05  2.079e-08  1.117e-16 -7.000e-15 -4.800e-08 
 -1.374e-07 -1.021e-07  2.079e-08  5.517e-05 -2.119e-14  6.591e-15  2.103e-06 
 -5.650e-16 -4.441e-16  1.117e-16 -2.119e-14  1.445e-15 -3.761e-21  3.814e-14 
  2.486e-14 -1.782e-15 -7.000e-15  6.591e-15 -3.761e-21  1.319e-14 -3.875e-13 
 -1.690e-07 -1.544e-07 -4.800e-08  2.103e-06  3.814e-14 -3.875e-13  4.965e-05 
 PARAMETER  CORRELATION COEFFICIENTS  
       NO.  GLOBAL     13     14     20     21     22     23     24
       13  0.04639   1.000  0.041  0.000 -0.014 -0.000  0.000 -0.018
       14  0.04498   0.041  1.000 -0.000 -0.010 -0.000 -0.000 -0.016
       20  0.00164   0.000 -0.000  1.000  0.001  0.000 -0.000 -0.001
       21  0.04320  -0.014 -0.010  0.001  1.000 -0.000  0.000  0.040
       22  0.00016  -0.000 -0.000  0.000 -0.000  1.000 -0.000  0.000
       23  0.00050   0.000 -0.000 -0.000  0.000 -0.000  1.000 -0.000
