 + ++++++++++++++++++++++++++++++++++++++++++++++++++++++++++++++++++++ +
 +                                                                      +
 +           You have chose to blind your fitting according to          +
 +                omega_ref * (1 + (R +/- deltaR) *10^{-6})             +
 +                                                                      +
 + ++++++++++++++++++++++++++++++++++++++++++++++++++++++++++++++++++++ +
In main()...
reading format from /gm2data/zkhechad/run45/envelope/formats/formatB_sBin_constraintOn.txt
pBinTau 	= 0  
pBinPhi 	= 0  
constraintau 	= 1 
includeMopTerm 	= 0    
constrainMop    = 0   
Parameters after format file: pBinTau 0 pBinPhi 0 constraintau 1 includeMopTerm 0 constrainMop 0 c_e_scale 0.000000 
Opening file /gm2data/tbarrett/gm2fr/studies/run23_bunch_corrections/CorrectedFourier_Run3b.root.
reading full fit data from /gm2data/zkhechad/cboTemplates/Run4CBOTemplates/fullFits/noRF/sBin_constraintOn_cE0.0_seed0_noRF_calo14.root
windowBins = 69
fitting sliding window 350 from bin 486 at 72.362000 to bin 555 at 82.806000 (69 bins)

Reading data from /gm2data/cornell/histograms/aMethod/histogram_a_noRF.root
 **********
 **    1 **SET PRINTOUT            1
 **********
 **********
 **    2 **SET NOWARNINGS 
 **********
 PARAMETER DEFINITIONS:
    NO.   NAME         VALUE      STEP SIZE      LIMITS
     1 N0           3.41750e+06  1.00000e+02     no limits
     2 tau          6.44063e+01  constant
     3 A0           3.61912e-01  1.00000e-04     no limits
     4 phi          4.12132e+00  1.00000e-02     no limits
     5 R           -6.04192e+01  constant
     6 alpha_CBO    0.00000e+00  1.00000e-03     no limits
     7 w_CBO        2.32500e+00  constant
     8 beta_CBO     0.00000e+00  1.00000e-03     no limits
     9 alpha_2CBO   0.00000e+00  1.00000e-03     no limits
    10 beta_2CBO    0.00000e+00  1.00000e-03     no limits
    11 alpha_y      0.00000e+00  1.00000e-03     no limits
    12 w_y          1.38860e+01  constant
    13 beta_y       0.00000e+00  1.00000e-03     no limits
    14 alpha_vw     0.00000e+00  1.00000e-03     no limits
    15 w_vw         1.43404e+01  constant
    16 beta_vw      0.00000e+00  1.00000e-03     no limits
    17 LM           8.43198e-05  constant
    18 zeta_y       0.00000e+00  constant
    19 zeta_vw      0.00000e+00  constant
    20 T_CBO        1.00000e+02  1.00000e+00    0.00000e+00  1.00000e+03
    21 alpha_A0     0.00000e+00  1.00000e-03     no limits
    22 beta_A0      0.00000e+00  1.00000e-03     no limits
    23 alpha_phi    0.00000e+00  1.00000e-03     no limits
    24 beta_phi     0.00000e+00  1.00000e-03     no limits
MINUIT - FIT ONLY WIGGLE
 **********
 **    3 **FIX            5
 **********
 PARAMETER    5  IS CONSTANT.   IGNORED.
 **********
 **    4 **FIX            6
 **********
 **********
 **    5 **FIX            7
 **********
 PARAMETER    7  IS CONSTANT.   IGNORED.
 **********
 **    6 **FIX            8
 **********
 **********
 **    7 **FIX            9
 **********
 **********
 **    8 **FIX           10
 **********
 **********
 **    9 **FIX           11
 **********
 **********
 **   10 **FIX           12
 **********
 PARAMETER   12  IS CONSTANT.   IGNORED.
 **********
 **   11 **FIX           13
 **********
 **********
 **   12 **FIX           14
 **********
 **********
 **   13 **FIX           15
 **********
 PARAMETER   15  IS CONSTANT.   IGNORED.
 **********
 **   14 **FIX           16
 **********
 **********
 **   15 **MIGRAD
 **********
 FIRST CALL TO USER FUNCTION AT NEW START POINT, WITH IFLAG=4.
 START MIGRAD MINIMIZATION.  STRATEGY  1.  CONVERGENCE WHEN EDM .LT. 1.00e-04
 FCN=2900.24 FROM MIGRAD    STATUS=INITIATE      427 CALLS         428 TOTAL
                     EDM= unknown      STRATEGY= 1      NO ERROR MATRIX       
  EXT PARAMETER               CURRENT GUESS       STEP         FIRST   
  NO.   NAME      VALUE            ERROR          SIZE      DERIVATIVE 
   1  N0           3.41750e+06   1.00000e+02   0.00000e+00  -2.27329e-02
   2  tau          6.44063e+01   constant   
   3  A0           3.61912e-01   1.00000e-04   0.00000e+00  -1.18997e+05
   4  phi          4.12132e+00   1.00000e-02   0.00000e+00   7.29821e+04
   5  R           -6.04192e+01   constant   
   6  alpha_CBO    0.00000e+00     fixed    
   7  w_CBO        2.32500e+00   constant   
   8  beta_CBO     0.00000e+00     fixed    
   9  alpha_2CBO   0.00000e+00     fixed    
  10  beta_2CBO    0.00000e+00     fixed    
  11  alpha_y      0.00000e+00     fixed    
  12  w_y          1.38860e+01   constant   
  13  beta_y       0.00000e+00     fixed    
  14  alpha_vw     0.00000e+00     fixed    
  15  w_vw         1.43404e+01   constant   
  16  beta_vw      0.00000e+00     fixed    
  17  LM           8.43198e-05   constant   
  18  zeta_y       0.00000e+00   constant   
  19  zeta_vw      0.00000e+00   constant   
  20  T_CBO        1.00000e+02   1.00000e+00   0.00000e+00   0.00000e+00
  21  alpha_A0     0.00000e+00   1.00000e-03   0.00000e+00  -1.28552e+04
  22  beta_A0      0.00000e+00   1.00000e-03   0.00000e+00  -2.53686e+03
  23  alpha_phi    0.00000e+00   1.00000e-03   0.00000e+00  -1.58639e+04
  24  beta_phi     0.00000e+00   1.00000e-03   0.00000e+00  -1.59495e+03
 CALL LIMIT EXCEEDED IN MIGRAD.
 MIGRAD TERMINATED WITHOUT CONVERGENCE.
 FCN=2593.69 FROM MIGRAD    STATUS=CALL LIMIT   1333 CALLS        1334 TOTAL
                     EDM=0.406299    STRATEGY= 1  ERROR MATRIX UNCERTAINTY   1.1 per cent
  EXT PARAMETER                APPROXIMATE        STEP         FIRST   
  NO.   NAME      VALUE            ERROR          SIZE      DERIVATIVE 
   1  N0           3.41809e+06   2.52332e+02  -3.47171e+01  -1.09874e-04
   2  tau          6.44063e+01   constant   
   3  A0           3.62555e-01   9.58634e-05  -5.14656e-06  -2.36222e+02
   4  phi          4.11739e+00   2.93056e-04   1.70582e-05  -1.25415e+03
   5  R           -6.04192e+01   constant   
   6  alpha_CBO    0.00000e+00     fixed    
   7  w_CBO        2.32500e+00   constant   
   8  beta_CBO     0.00000e+00     fixed    
   9  alpha_2CBO   0.00000e+00     fixed    
  10  beta_2CBO    0.00000e+00     fixed    
  11  alpha_y      0.00000e+00     fixed    
  12  w_y          1.38860e+01   constant   
  13  beta_y       0.00000e+00     fixed    
  14  alpha_vw     0.00000e+00     fixed    
  15  w_vw         1.43404e+01   constant   
  16  beta_vw      0.00000e+00     fixed    
  17  LM           8.43198e-05   constant   
  18  zeta_y       0.00000e+00   constant   
  19  zeta_vw      0.00000e+00   constant   
  20  T_CBO        9.90547e+00   4.64674e-01  -3.99366e-03  -1.00736e+03
  21  alpha_A0     6.66172e+00   1.84513e+00   1.40786e+00  -1.35875e-01
  22  beta_A0      2.74639e+00   7.52518e-01   5.74247e-01  -2.83530e+00
  23  alpha_phi    7.49258e+00   2.07049e+00   1.57986e+00  -1.41287e+00
  24  beta_phi    -1.78011e-02   2.52356e-03  -1.83048e-03   3.18580e-01
 EXTERNAL ERROR MATRIX.    NDIM=  25    NPAR=  8    ERR DEF=1
  6.367e+04 -2.081e-03 -7.625e-03  7.239e-01 -1.858e+01 -7.705e+00 -2.094e+01  4.972e-02 
 -2.081e-03  9.190e-09 -1.530e-09  3.420e-06 -1.190e-05 -4.843e-06 -1.335e-05  1.309e-08 
 -7.625e-03 -1.530e-09  8.588e-08  2.811e-06 -3.368e-05 -1.381e-05 -3.782e-05  7.496e-08 
  7.239e-01  3.420e-06  2.811e-06  2.159e-01 -8.427e-01 -3.437e-01 -9.457e-01  1.083e-03 
 -1.858e+01 -1.190e-05 -3.368e-05 -8.427e-01  3.405e+00  1.388e+00  3.820e+00 -4.380e-03 
 -7.705e+00 -4.843e-06 -1.381e-05 -3.437e-01  1.388e+00  5.663e-01  1.558e+00 -1.787e-03 
 -2.094e+01 -1.335e-05 -3.782e-05 -9.457e-01  3.820e+00  1.558e+00  4.287e+00 -4.915e-03 
  4.972e-02  1.309e-08  7.496e-08  1.083e-03 -4.380e-03 -1.787e-03 -4.915e-03  6.368e-06 
ERR MATRIX APPROXIMATE
 PARAMETER  CORRELATION COEFFICIENTS  
       NO.  GLOBAL      1      3      4     20     21     22     23     24
        1  0.40706   1.000 -0.086 -0.103  0.006 -0.040 -0.041 -0.040  0.078
        3  0.13654  -0.086  1.000 -0.054  0.077 -0.067 -0.067 -0.067  0.054
        4  0.35314  -0.103 -0.054  1.000  0.021 -0.062 -0.063 -0.062  0.101
       20  0.98455   0.006  0.077  0.021  1.000 -0.983 -0.983 -0.983  0.924
       21  1.00000  -0.040 -0.067 -0.062 -0.983  1.000  1.000  1.000 -0.941
       22  1.00000  -0.041 -0.067 -0.063 -0.983  1.000  1.000  1.000 -0.941
       23  1.00000  -0.040 -0.067 -0.062 -0.983  1.000  1.000  1.000 -0.941
       24  0.94583   0.078  0.054  0.101  0.924 -0.941 -0.941 -0.941  1.000
 ERR MATRIX APPROXIMATE
MINUIT - FIT ONLY 1-CBO + wiggle
 **********
 **   16 **RES 
 **********
                   PARAMETER   16  beta_vw RESTORED TO VARIABLE.
                   PARAMETER   14  alpha_vw RESTORED TO VARIABLE.
                   PARAMETER   13  beta_y RESTORED TO VARIABLE.
                   PARAMETER   11  alpha_y RESTORED TO VARIABLE.
                   PARAMETER   10  beta_2CBO RESTORED TO VARIABLE.
                   PARAMETER    9  alpha_2CBO RESTORED TO VARIABLE.
                   PARAMETER    8  beta_CBO RESTORED TO VARIABLE.
                   PARAMETER    6  alpha_CBO RESTORED TO VARIABLE.
 **********
 **   17 **FIX            8
 **********
 **********
 **   18 **FIX            9
 **********
 **********
 **   19 **FIX           11
 **********
 **********
 **   20 **FIX           12
 **********
 PARAMETER   12  IS CONSTANT.   IGNORED.
 **********
 **   21 **FIX           14
 **********
 **********
 **   22 **FIX           15
 **********
 PARAMETER   15  IS CONSTANT.   IGNORED.
 **********
 **   23 **FIX           16
 **********
 **********
 **   24 **MIGRAD
 **********
 START MIGRAD MINIMIZATION.  STRATEGY  1.  CONVERGENCE WHEN EDM .LT. 1.00e-04
 FCN=2593.69 FROM MIGRAD    STATUS=INITIATE       28 CALLS        1362 TOTAL
                     EDM= unknown      STRATEGY= 1      NO ERROR MATRIX       
  EXT PARAMETER               CURRENT GUESS       STEP         FIRST   
  NO.   NAME      VALUE            ERROR          SIZE      DERIVATIVE 
   1  N0           3.41809e+06   2.52332e+02  -3.47171e+01  -1.09874e-04
   2  tau          6.44063e+01   constant   
   3  A0           3.62555e-01   9.58634e-05  -5.14656e-06  -2.36222e+02
   4  phi          4.11739e+00   2.93056e-04   1.70582e-05  -1.25415e+03
   5  R           -6.04192e+01   constant   
   6  alpha_CBO    0.00000e+00   1.00000e-03   1.00000e-03  -7.83438e+05
   7  w_CBO        2.32500e+00   constant   
   8  beta_CBO     0.00000e+00     fixed    
   9  alpha_2CBO   0.00000e+00     fixed    
  10  beta_2CBO    0.00000e+00   1.00000e-03   1.00000e-03   6.42805e+03
  11  alpha_y      0.00000e+00     fixed    
  12  w_y          1.38860e+01   constant   
  13  beta_y       0.00000e+00   1.00000e-03   1.00000e-03   4.17905e+04
  14  alpha_vw     0.00000e+00     fixed    
  15  w_vw         1.43404e+01   constant   
  16  beta_vw      0.00000e+00     fixed    
  17  LM           8.43198e-05   constant   
  18  zeta_y       0.00000e+00   constant   
  19  zeta_vw      0.00000e+00   constant   
  20  T_CBO        9.90547e+00   4.64674e-01  -3.99366e-03  -1.00736e+03
  21  alpha_A0     6.66172e+00   1.84513e+00   1.40786e+00  -1.35875e-01
  22  beta_A0      2.74639e+00   7.52518e-01   5.74247e-01  -2.83530e+00
  23  alpha_phi    7.49258e+00   2.07049e+00   1.57986e+00  -1.41287e+00
  24  beta_phi    -1.78011e-02   2.52356e-03  -1.83048e-03   3.18580e-01
 CALL LIMIT EXCEEDED IN MIGRAD.
 MIGRAD TERMINATED WITHOUT CONVERGENCE.
 FCN=794.843 FROM MIGRAD    STATUS=CALL LIMIT   1928 CALLS        3262 TOTAL
                     EDM=0.0253251    STRATEGY= 1  ERROR MATRIX UNCERTAINTY  28.3 per cent
  EXT PARAMETER                APPROXIMATE        STEP         FIRST   
  NO.   NAME      VALUE            ERROR          SIZE      DERIVATIVE 
   1  N0           3.41722e+06   2.64007e+02   1.27920e+00  -3.32817e-04
   2  tau          6.44063e+01   constant   
   3  A0           3.61726e-01   1.02644e-04  -1.81644e-06   4.55432e+02
   4  phi          4.11951e+00   3.02954e-04  -2.58961e-06  -2.17072e+02
   5  R           -6.04192e+01   constant   
   6  alpha_CBO    4.54704e-03   1.07941e-04  -1.90545e-07  -2.71675e+02
   7  w_CBO        2.32500e+00   constant   
   8  beta_CBO     0.00000e+00     fixed    
   9  alpha_2CBO   0.00000e+00     fixed    
  10  beta_2CBO   -2.49668e-04   1.04510e-04   3.29146e-07  -4.02166e+02
  11  alpha_y      0.00000e+00     fixed    
  12  w_y          1.38860e+01   constant   
  13  beta_y      -1.97246e-04   1.04630e-04  -1.47506e-07   1.88502e+01
  14  alpha_vw     0.00000e+00     fixed    
  15  w_vw         1.43404e+01   constant   
  16  beta_vw      0.00000e+00     fixed    
  17  LM           8.43198e-05   constant   
  18  zeta_y       0.00000e+00   constant   
  19  zeta_vw      0.00000e+00   constant   
  20  T_CBO        4.30362e+00   2.67370e-01  -3.19038e-04  -3.57336e+02
  21  alpha_A0     1.72376e+04   1.65852e+04   1.25634e+03   1.78595e-05
  22  beta_A0      1.25144e+04   1.20400e+04   9.12037e+02   5.65813e-05
  23  alpha_phi    9.06689e+04   8.72151e+04   6.60662e+03  -6.30115e-05
  24  beta_phi     3.15532e+04   3.03536e+04   2.29931e+03   9.91163e-05
 EXTERNAL ERROR MATRIX.    NDIM=  25    NPAR= 11    ERR DEF=1
  6.970e+04 
 -1.796e-03  1.054e-08 
 -5.145e-03 -2.777e-09  9.178e-08 
 -1.310e-03 -2.271e-09  5.686e-09  1.165e-08 
  2.660e-03  3.757e-10 -3.643e-10 -3.474e-10  1.092e-08 
 -6.950e-04 -6.391e-11  2.950e-10  1.915e-11  8.492e-11  1.095e-08 
 -3.660e-01  1.453e-06  3.039e-06  2.677e-07 -1.221e-07  2.152e-08  7.149e-02 
 -1.891e+05 -5.487e-02 -4.286e-01 -6.695e-02 -3.513e-02 -8.864e-04 -4.404e+03  2.751e+08 
 -1.373e+05 -3.982e-02 -3.112e-01 -4.860e-02 -2.546e-02 -6.471e-04 -3.197e+03  1.997e+08  1.450e+08 
 -9.945e+05 -2.885e-01 -2.254e+00 -3.520e-01 -1.847e-01 -4.664e-03 -2.316e+04  1.446e+09  1.050e+09  7.606e+09 
 -3.461e+05 -1.004e-01 -7.843e-01 -1.225e-01 -6.429e-02 -1.622e-03 -8.060e+03  5.034e+08  3.655e+08  2.647e+09  9.213e+08 
ERR MATRIX APPROXIMATE
 PARAMETER  CORRELATION COEFFICIENTS  
       NO.  GLOBAL      1      3      4      6     10     13     20     21     22     23     24
        1  0.53004   1.000 -0.066 -0.064 -0.046  0.096 -0.025 -0.005 -0.043 -0.043 -0.043 -0.043
        3  0.26879  -0.066  1.000 -0.089 -0.205  0.035 -0.006  0.053 -0.032 -0.032 -0.032 -0.032
        4  0.51804  -0.064 -0.089  1.000  0.174 -0.012  0.009  0.038 -0.085 -0.085 -0.085 -0.085
        6  0.35671  -0.046 -0.205  0.174  1.000 -0.031  0.002  0.009 -0.037 -0.037 -0.037 -0.037
       10  0.32550   0.096  0.035 -0.012 -0.031  1.000  0.008 -0.004 -0.020 -0.020 -0.020 -0.020
       13  0.03839  -0.025 -0.006  0.009  0.002  0.008  1.000  0.001 -0.001 -0.001 -0.001 -0.001
       20  0.99617  -0.005  0.053  0.038  0.009 -0.004  0.001  1.000 -0.993 -0.993 -0.993 -0.993
       21  1.00000  -0.043 -0.032 -0.085 -0.037 -0.020 -0.001 -0.993  1.000  1.000  1.000  1.000
       22  1.00000  -0.043 -0.032 -0.085 -0.037 -0.020 -0.001 -0.993  1.000  1.000  1.000  1.000
       23  1.00000  -0.043 -0.032 -0.085 -0.037 -0.020 -0.001 -0.993  1.000  1.000  1.000  1.000
       24  1.00000  -0.043 -0.032 -0.085 -0.037 -0.020 -0.001 -0.993  1.000  1.000  1.000  1.000
 ERR MATRIX APPROXIMATE
MINUIT - FIT ONLY 2-CBO
 **********
 **   25 **RES 
 **********
                   PARAMETER   16  beta_vw RESTORED TO VARIABLE.
                   PARAMETER   14  alpha_vw RESTORED TO VARIABLE.
                   PARAMETER   11  alpha_y RESTORED TO VARIABLE.
                   PARAMETER    9  alpha_2CBO RESTORED TO VARIABLE.
                   PARAMETER    8  beta_CBO RESTORED TO VARIABLE.
 **********
 **   26 **FIX            0
 **********
 PARAMETER    0  IS UNDEFINED. IGNORED.
 **********
 **   27 **FIX            1
 **********
 **********
 **   28 **FIX            2
 **********
 PARAMETER    2  IS CONSTANT.   IGNORED.
 **********
 **   29 **FIX            3
 **********
 **********
 **   30 **FIX            4
 **********
 **********
 **   31 **FIX            5
 **********
 PARAMETER    5  IS CONSTANT.   IGNORED.
 **********
 **   32 **FIX            6
 **********
 **********
 **   33 **FIX            7
 **********
 PARAMETER    7  IS CONSTANT.   IGNORED.
 **********
 **   34 **FIX           10
 **********
 **********
 **   35 **FIX           11
 **********
 **********
 **   36 **FIX           12
 **********
 PARAMETER   12  IS CONSTANT.   IGNORED.
 **********
 **   37 **FIX           13
 **********
 **********
 **   38 **FIX           14
 **********
 **********
 **   39 **FIX           15
 **********
 PARAMETER   15  IS CONSTANT.   IGNORED.
 **********
 **   40 **FIX           16
 **********
 **********
 **   41 **MIGRAD
 **********
 START MIGRAD MINIMIZATION.  STRATEGY  1.  CONVERGENCE WHEN EDM .LT. 1.00e-04
 FCN=794.843 FROM MIGRAD    STATUS=INITIATE       18 CALLS        3280 TOTAL
                     EDM= unknown      STRATEGY= 1      NO ERROR MATRIX       
  EXT PARAMETER               CURRENT GUESS       STEP         FIRST   
  NO.   NAME      VALUE            ERROR          SIZE      DERIVATIVE 
   1  N0           3.41722e+06     fixed    
   2  tau          6.44063e+01   constant   
   3  A0           3.61726e-01     fixed    
   4  phi          4.11951e+00     fixed    
   5  R           -6.04192e+01   constant   
   6  alpha_CBO    4.54704e-03     fixed    
   7  w_CBO        2.32500e+00   constant   
   8  beta_CBO     0.00000e+00   1.00000e-03   1.00000e-03   4.71072e+05
   9  alpha_2CBO   0.00000e+00   1.00000e-03   1.00000e-03  -1.09937e+04
  10  beta_2CBO   -2.49668e-04     fixed    
  11  alpha_y      0.00000e+00     fixed    
  12  w_y          1.38860e+01   constant   
  13  beta_y      -1.97246e-04     fixed    
  14  alpha_vw     0.00000e+00     fixed    
  15  w_vw         1.43404e+01   constant   
  16  beta_vw      0.00000e+00     fixed    
  17  LM           8.43198e-05   constant   
  18  zeta_y       0.00000e+00   constant   
  19  zeta_vw      0.00000e+00   constant   
  20  T_CBO        4.30362e+00   2.67370e-01  -3.19038e-04  -3.57335e+02
  21  alpha_A0     1.72376e+04   1.65852e+04   1.25634e+03   1.78595e-05
  22  beta_A0      1.25144e+04   1.20400e+04   9.12037e+02   5.65813e-05
  23  alpha_phi    9.06689e+04   8.72151e+04   6.60662e+03  -6.30115e-05
  24  beta_phi     3.15532e+04   3.03536e+04   2.29931e+03   9.91163e-05
 CALL LIMIT EXCEEDED IN MIGRAD.
 MIGRAD TERMINATED WITHOUT CONVERGENCE.
 FCN=160.659 FROM MIGRAD    STATUS=CALL LIMIT   1151 CALLS        4413 TOTAL
                     EDM=0.00160459    STRATEGY= 1  ERROR MATRIX UNCERTAINTY  29.1 per cent
  EXT PARAMETER                APPROXIMATE        STEP         FIRST   
  NO.   NAME      VALUE            ERROR          SIZE      DERIVATIVE 
   1  N0           3.41722e+06     fixed    
   2  tau          6.44063e+01   constant   
   3  A0           3.61726e-01     fixed    
   4  phi          4.11951e+00     fixed    
   5  R           -6.04192e+01   constant   
   6  alpha_CBO    4.54704e-03     fixed    
   7  w_CBO        2.32500e+00   constant   
   8  beta_CBO    -2.71690e-03   1.06845e-04  -6.99985e-07  -8.70800e+01
   9  alpha_2CBO  -1.24609e-05   1.02748e-04   4.29628e-07  -9.45368e+01
  10  beta_2CBO   -2.49668e-04     fixed    
  11  alpha_y      0.00000e+00     fixed    
  12  w_y          1.38860e+01   constant   
  13  beta_y      -1.97246e-04     fixed    
  14  alpha_vw     0.00000e+00     fixed    
  15  w_vw         1.43404e+01   constant   
  16  beta_vw      0.00000e+00     fixed    
  17  LM           8.43198e-05   constant   
  18  zeta_y       0.00000e+00   constant   
  19  zeta_vw      0.00000e+00   constant   
  20  T_CBO        3.26398e+00   2.77825e-01  -1.53158e-04  -1.89260e+02
  21  alpha_A0     9.38205e+06   1.70318e+07   5.30928e+05   4.23282e-09
  22  beta_A0      2.20774e+07   4.14462e+07   1.29177e+06   3.32620e-08
  23  alpha_phi    1.68759e+07   2.98439e+07   9.30376e+05  -4.95170e-08
  24  beta_phi     8.51368e+06   1.50048e+07   4.67781e+05  -6.12439e-08
 EXTERNAL ERROR MATRIX.    NDIM=  25    NPAR=  7    ERR DEF=1
  1.142e-08  4.532e-10  3.024e-06 -2.092e+02 -5.096e+02 -3.660e+02 -1.842e+02 
  4.532e-10  1.056e-08 -3.565e-07  1.506e+01  3.604e+01  2.585e+01  1.310e+01 
  3.024e-06 -3.565e-07  7.719e-02 -4.728e+06 -1.151e+07 -8.285e+06 -4.165e+06 
 -2.092e+02  1.506e+01 -4.728e+06  2.901e+14  7.059e+14  5.083e+14  2.556e+14 
 -5.096e+02  3.604e+01 -1.151e+07  7.059e+14  1.718e+15  1.237e+15  6.219e+14 
 -3.660e+02  2.585e+01 -8.285e+06  5.083e+14  1.237e+15  8.907e+14  4.478e+14 
 -1.842e+02  1.310e+01 -4.165e+06  2.556e+14  6.219e+14  4.478e+14  2.251e+14 
ERR MATRIX APPROXIMATE
 PARAMETER  CORRELATION COEFFICIENTS  
       NO.  GLOBAL      8      9     20     21     22     23     24
        8  0.34940   1.000  0.041  0.102 -0.115 -0.115 -0.115 -0.115
        9  0.17980   0.041  1.000 -0.012  0.009  0.008  0.008  0.008
       20  0.99947   0.102 -0.012  1.000 -0.999 -0.999 -0.999 -0.999
       21  1.00000  -0.115  0.009 -0.999  1.000  1.000  1.000  1.000
       22  1.00000  -0.115  0.008 -0.999  1.000  1.000  1.000  1.000
       23  1.00000  -0.115  0.008 -0.999  1.000  1.000  1.000  1.000
       24  1.00000  -0.115  0.008 -0.999  1.000  1.000  1.000  1.000
 ERR MATRIX APPROXIMATE
MINUIT - FIT wiggle + 1-CBO + 2-CBO
 **********
 **   42 **RES 
 **********
                   PARAMETER   16  beta_vw RESTORED TO VARIABLE.
                   PARAMETER   14  alpha_vw RESTORED TO VARIABLE.
                   PARAMETER   13  beta_y RESTORED TO VARIABLE.
                   PARAMETER   11  alpha_y RESTORED TO VARIABLE.
                   PARAMETER   10  beta_2CBO RESTORED TO VARIABLE.
                   PARAMETER    6  alpha_CBO RESTORED TO VARIABLE.
                   PARAMETER    4  phi RESTORED TO VARIABLE.
                   PARAMETER    3  A0 RESTORED TO VARIABLE.
                   PARAMETER    1  N0 RESTORED TO VARIABLE.
 **********
 **   43 **FIX           10
 **********
 **********
 **   44 **FIX           11
 **********
 **********
 **   45 **FIX           12
 **********
 PARAMETER   12  IS CONSTANT.   IGNORED.
 **********
 **   46 **FIX           13
 **********
 **********
 **   47 **FIX           14
 **********
 **********
 **   48 **FIX           15
 **********
 PARAMETER   15  IS CONSTANT.   IGNORED.
 **********
 **   49 **FIX           16
 **********
 **********
 **   50 **MIGRAD
 **********
 START MIGRAD MINIMIZATION.  STRATEGY  1.  CONVERGENCE WHEN EDM .LT. 1.00e-04
 FCN=160.659 FROM MIGRAD    STATUS=INITIATE       22 CALLS        4435 TOTAL
                     EDM= unknown      STRATEGY= 1      NO ERROR MATRIX       
  EXT PARAMETER               CURRENT GUESS       STEP         FIRST   
  NO.   NAME      VALUE            ERROR          SIZE      DERIVATIVE 
   1  N0           3.41722e+06   2.64007e+02   2.64007e+02  -1.07643e-02
   2  tau          6.44063e+01   constant   
   3  A0           3.61726e-01   1.02644e-04   1.02644e-04  -3.30086e+04
   4  phi          4.11951e+00   3.02954e-04   3.02954e-04  -2.58726e+04
   5  R           -6.04192e+01   constant   
   6  alpha_CBO    4.54704e-03   1.07941e-04   1.07941e-04   2.53019e+04
   7  w_CBO        2.32500e+00   constant   
   8  beta_CBO    -2.71690e-03   1.06845e-04  -6.99985e-07  -8.70800e+01
   9  alpha_2CBO  -1.24609e-05   1.02748e-04   4.29628e-07  -9.45367e+01
  10  beta_2CBO   -2.49668e-04     fixed    
  11  alpha_y      0.00000e+00     fixed    
  12  w_y          1.38860e+01   constant   
  13  beta_y      -1.97246e-04     fixed    
  14  alpha_vw     0.00000e+00     fixed    
  15  w_vw         1.43404e+01   constant   
  16  beta_vw      0.00000e+00     fixed    
  17  LM           8.43198e-05   constant   
  18  zeta_y       0.00000e+00   constant   
  19  zeta_vw      0.00000e+00   constant   
  20  T_CBO        3.26398e+00   2.77825e-01  -1.53158e-04  -1.89260e+02
  21  alpha_A0     9.38205e+06   1.70318e+07   5.30928e+05   4.23289e-09
  22  beta_A0      2.20774e+07   4.14462e+07   1.29177e+06   3.32628e-08
  23  alpha_phi    1.68759e+07   2.98439e+07   9.30376e+05  -4.95171e-08
  24  beta_phi     8.51368e+06   1.50048e+07   4.67781e+05  -6.12439e-08
 CALL LIMIT EXCEEDED IN MIGRAD.
 MIGRAD TERMINATED WITHOUT CONVERGENCE.
 FCN=135.361 FROM MIGRAD    STATUS=CALL LIMIT   1907 CALLS        6320 TOTAL
                     EDM=0.130229    STRATEGY= 1  ERROR MATRIX UNCERTAINTY  24.3 per cent
  EXT PARAMETER                APPROXIMATE        STEP         FIRST   
  NO.   NAME      VALUE            ERROR          SIZE      DERIVATIVE 
   1  N0           3.41759e+06   2.47927e+02   1.45926e+00  -5.21226e-05
   2  tau          6.44063e+01   constant   
   3  A0           3.61964e-01   9.49461e-05   1.09567e-06   1.48835e+03
   4  phi          4.12088e+00   2.94721e-04   4.83340e-06   2.57895e+02
   5  R           -6.04192e+01   constant   
   6  alpha_CBO    4.46402e-03   9.68836e-05  -5.36863e-07  -7.88211e+02
   7  w_CBO        2.32500e+00   constant   
   8  beta_CBO    -2.81546e-03   1.02925e-04   4.38445e-07   1.09605e+02
   9  alpha_2CBO  -4.66153e-05   9.93286e-05  -7.02001e-07  -1.17373e+02
  10  beta_2CBO   -2.49668e-04     fixed    
  11  alpha_y      0.00000e+00     fixed    
  12  w_y          1.38860e+01   constant   
  13  beta_y      -1.97246e-04     fixed    
  14  alpha_vw     0.00000e+00     fixed    
  15  w_vw         1.43404e+01   constant   
  16  beta_vw      0.00000e+00     fixed    
  17  LM           8.43198e-05   constant   
  18  zeta_y       0.00000e+00   constant   
  19  zeta_vw      0.00000e+00   constant   
  20  T_CBO        4.32025e+00   2.91928e-01   4.89007e-04  -1.72968e+02
  21  alpha_A0     2.19066e+04   4.26615e+04  -3.64023e+02   5.95459e-06
  22  beta_A0      5.61441e+04   8.52435e+04  -1.00008e+04  -2.54725e-06
  23  alpha_phi    4.89156e+04   6.42674e+04  -6.31370e+03   2.16170e-06
  24  beta_phi     4.79683e+04   7.80099e+04  -7.62692e+03  -8.88175e-06
 EXTERNAL ERROR MATRIX.    NDIM=  25    NPAR= 11    ERR DEF=1
  6.147e+04 
 -5.969e-04  9.015e-09 
 -1.500e-03 -2.082e-09  8.686e-08 
  8.718e-04 -2.610e-09  1.962e-09  9.386e-09 
 -7.606e-04 -4.038e-10 -4.331e-09  5.378e-11  1.059e-08 
 -2.649e-03 -5.584e-10 -1.396e-09  4.549e-10  1.399e-09  9.866e-09 
 -1.934e-01  7.939e-06  1.191e-05 -7.350e-06  6.520e-07 -2.288e-06  8.522e-02 
  1.077e+06 -1.480e+00 -2.077e+00  7.203e-01 -2.504e-01  6.848e-01 -7.428e+03  1.820e+09 
 -6.800e+05 -2.397e+00 -5.668e+00  1.983e+00 -5.410e-01  1.252e+00 -2.267e+04  2.706e+09  7.266e+09 
 -1.323e+06 -1.428e+00 -3.515e+00  1.316e+00  1.071e-01  1.115e-01 -1.737e+04  1.152e+09  4.306e+09  4.130e+09 
 -8.085e+04 -1.176e+00 -1.745e+00  1.433e+00 -2.541e-01  5.228e-01 -2.161e+04  2.019e+09  5.494e+09  4.419e+09  6.086e+09 
ERR MATRIX APPROXIMATE
 PARAMETER  CORRELATION COEFFICIENTS  
       NO.  GLOBAL      1      3      4      6      8      9     20     21     22     23     24
        1  0.40569   1.000 -0.025 -0.021  0.036 -0.030 -0.108 -0.003  0.102 -0.032 -0.083 -0.004
        3  0.67609  -0.025  1.000 -0.074 -0.284 -0.041 -0.059  0.286 -0.365 -0.296 -0.234 -0.159
        4  0.49517  -0.021 -0.074  1.000  0.069 -0.143 -0.048  0.138 -0.165 -0.226 -0.186 -0.076
        6  0.38035   0.036 -0.284  0.069  1.000  0.005  0.047 -0.260  0.174  0.240  0.211  0.190
        8  0.27930  -0.030 -0.041 -0.143  0.005  1.000  0.137  0.022 -0.057 -0.062  0.016 -0.032
        9  0.29957  -0.108 -0.059 -0.048  0.047  0.137  1.000 -0.079  0.162  0.148  0.017  0.067
       20  0.99114  -0.003  0.286  0.138 -0.260  0.022 -0.079  1.000 -0.596 -0.911 -0.926 -0.949
       21  0.88901   0.102 -0.365 -0.165  0.174 -0.057  0.162 -0.596  1.000  0.744  0.420  0.607
       22  0.96962  -0.032 -0.296 -0.226  0.240 -0.062  0.148 -0.911  0.744  1.000  0.786  0.826
       23  0.95056  -0.083 -0.234 -0.186  0.211  0.016  0.017 -0.926  0.420  0.786  1.000  0.881
       24  0.97700  -0.004 -0.159 -0.076  0.190 -0.032  0.067 -0.949  0.607  0.826  0.881  1.000
 ERR MATRIX APPROXIMATE
MINUIT - FIT ONLY 1-y
 **********
 **   51 **RES 
 **********
                   PARAMETER   16  beta_vw RESTORED TO VARIABLE.
                   PARAMETER   14  alpha_vw RESTORED TO VARIABLE.
                   PARAMETER   13  beta_y RESTORED TO VARIABLE.
                   PARAMETER   11  alpha_y RESTORED TO VARIABLE.
                   PARAMETER   10  beta_2CBO RESTORED TO VARIABLE.
 **********
 **   52 **FIX            0
 **********
 PARAMETER    0  IS UNDEFINED. IGNORED.
 **********
 **   53 **FIX            1
 **********
 **********
 **   54 **FIX            2
 **********
 PARAMETER    2  IS CONSTANT.   IGNORED.
 **********
 **   55 **FIX            3
 **********
 **********
 **   56 **FIX            4
 **********
 **********
 **   57 **FIX            5
 **********
 PARAMETER    5  IS CONSTANT.   IGNORED.
 **********
 **   58 **FIX            6
 **********
 **********
 **   59 **FIX            7
 **********
 PARAMETER    7  IS CONSTANT.   IGNORED.
 **********
 **   60 **FIX            8
 **********
 **********
 **   61 **FIX            9
 **********
 **********
 **   62 **FIX           13
 **********
 **********
 **   63 **FIX           14
 **********
 **********
 **   64 **FIX           15
 **********
 PARAMETER   15  IS CONSTANT.   IGNORED.
 **********
 **   65 **FIX           16
 **********
 **********
 **   66 **MIGRAD
 **********
 START MIGRAD MINIMIZATION.  STRATEGY  1.  CONVERGENCE WHEN EDM .LT. 1.00e-04
 FCN=135.361 FROM MIGRAD    STATUS=INITIATE       16 CALLS        6336 TOTAL
                     EDM= unknown      STRATEGY= 1      NO ERROR MATRIX       
  EXT PARAMETER               CURRENT GUESS       STEP         FIRST   
  NO.   NAME      VALUE            ERROR          SIZE      DERIVATIVE 
   1  N0           3.41759e+06     fixed    
   2  tau          6.44063e+01   constant   
   3  A0           3.61964e-01     fixed    
   4  phi          4.12088e+00     fixed    
   5  R           -6.04192e+01   constant   
   6  alpha_CBO    4.46402e-03     fixed    
   7  w_CBO        2.32500e+00   constant   
   8  beta_CBO    -2.81546e-03     fixed    
   9  alpha_2CBO  -4.66153e-05     fixed    
  10  beta_2CBO   -2.49668e-04   1.04510e-04   1.04510e-04  -4.49171e+04
  11  alpha_y      0.00000e+00   1.00000e-03   1.00000e-03  -7.50630e+04
  12  w_y          1.38860e+01   constant   
  13  beta_y      -1.97246e-04     fixed    
  14  alpha_vw     0.00000e+00     fixed    
  15  w_vw         1.43404e+01   constant   
  16  beta_vw      0.00000e+00     fixed    
  17  LM           8.43198e-05   constant   
  18  zeta_y       0.00000e+00   constant   
  19  zeta_vw      0.00000e+00   constant   
  20  T_CBO        4.32025e+00   2.91928e-01   4.89007e-04  -1.72967e+02
  21  alpha_A0     2.19066e+04   4.26615e+04  -3.64023e+02   5.95459e-06
  22  beta_A0      5.61441e+04   8.52435e+04  -1.00008e+04  -2.54725e-06
  23  alpha_phi    4.89156e+04   6.42674e+04  -6.31370e+03   2.16171e-06
  24  beta_phi     4.79683e+04   7.80099e+04  -7.62692e+03  -8.88175e-06
 CALL LIMIT EXCEEDED IN MIGRAD.
 MIGRAD TERMINATED WITHOUT CONVERGENCE.
 FCN=112.679 FROM MIGRAD    STATUS=CALL LIMIT   1149 CALLS        7469 TOTAL
                     EDM=0.037632    STRATEGY= 1  ERROR MATRIX UNCERTAINTY  19.7 per cent
  EXT PARAMETER                APPROXIMATE        STEP         FIRST   
  NO.   NAME      VALUE            ERROR          SIZE      DERIVATIVE 
   1  N0           3.41759e+06     fixed    
   2  tau          6.44063e+01   constant   
   3  A0           3.61964e-01     fixed    
   4  phi          4.12088e+00     fixed    
   5  R           -6.04192e+01   constant   
   6  alpha_CBO    4.46402e-03     fixed    
   7  w_CBO        2.32500e+00   constant   
   8  beta_CBO    -2.81546e-03     fixed    
   9  alpha_2CBO  -4.66153e-05     fixed    
  10  beta_2CBO    1.93811e-05   9.91518e-05  -1.47424e-07   1.21628e+02
  11  alpha_y      4.02207e-04   1.06903e-04  -1.03715e-08  -1.39040e+02
  12  w_y          1.38860e+01   constant   
  13  beta_y      -1.97246e-04     fixed    
  14  alpha_vw     0.00000e+00     fixed    
  15  w_vw         1.43404e+01   constant   
  16  beta_vw      0.00000e+00     fixed    
  17  LM           8.43198e-05   constant   
  18  zeta_y       0.00000e+00   constant   
  19  zeta_vw      0.00000e+00   constant   
  20  T_CBO        6.23273e+00   6.21923e-01   4.42660e-04  -1.42973e+02
  21  alpha_A0     7.08248e+01   1.33127e+02  -3.20696e+00   1.16554e-03
  22  beta_A0      2.89696e+02   4.29040e+02  -2.32643e+01  -2.43157e-03
  23  alpha_phi    2.47111e+02   3.23424e+02  -2.29788e+01  -1.56464e-04
  24  beta_phi     2.11529e+02   3.01467e+02  -1.62464e+01  -3.65557e-04
 EXTERNAL ERROR MATRIX.    NDIM=  25    NPAR=  7    ERR DEF=1
  9.831e-09  1.810e-10 -1.899e-06 -4.706e-04  1.998e-03  6.985e-04 -1.429e-03 
  1.810e-10  1.143e-08 -1.031e-06  1.465e-04  1.829e-04  6.742e-04  4.818e-04 
 -1.899e-06 -1.031e-06  3.868e-01 -4.880e+01 -2.625e+02 -1.933e+02 -1.718e+02 
 -4.706e-04  1.465e-04 -4.880e+01  1.772e+04  3.805e+04  2.522e+04  1.795e+04 
  1.998e-03  1.829e-04 -2.625e+02  3.805e+04  1.841e+05  1.299e+05  1.141e+05 
  6.985e-04  6.742e-04 -1.933e+02  2.522e+04  1.299e+05  1.046e+05  8.308e+04 
 -1.429e-03  4.818e-04 -1.718e+02  1.795e+04  1.141e+05  8.308e+04  9.088e+04 
ERR MATRIX APPROXIMATE
 PARAMETER  CORRELATION COEFFICIENTS  
       NO.  GLOBAL     10     11     20     21     22     23     24
       10  0.27188   1.000  0.017 -0.031 -0.036  0.047  0.022 -0.048
       11  0.08639   0.017  1.000 -0.016  0.010  0.004  0.020  0.015
       20  0.99494  -0.031 -0.016  1.000 -0.589 -0.984 -0.961 -0.917
       21  0.78694  -0.036  0.010 -0.589  1.000  0.666  0.586  0.447
       22  0.99100   0.047  0.004 -0.984  0.666  1.000  0.936  0.882
       23  0.96773   0.022  0.020 -0.961  0.586  0.936  1.000  0.852
       24  0.93489  -0.048  0.015 -0.917  0.447  0.882  0.852  1.000
 ERR MATRIX APPROXIMATE
MINUIT - FIT ONLY 2-y
 **********
 **   67 **RES 
 **********
                   PARAMETER   16  beta_vw RESTORED TO VARIABLE.
                   PARAMETER   14  alpha_vw RESTORED TO VARIABLE.
                   PARAMETER   13  beta_y RESTORED TO VARIABLE.
                   PARAMETER    9  alpha_2CBO RESTORED TO VARIABLE.
                   PARAMETER    8  beta_CBO RESTORED TO VARIABLE.
                   PARAMETER    6  alpha_CBO RESTORED TO VARIABLE.
                   PARAMETER    4  phi RESTORED TO VARIABLE.
                   PARAMETER    3  A0 RESTORED TO VARIABLE.
                   PARAMETER    1  N0 RESTORED TO VARIABLE.
 **********
 **   68 **FIX            0
 **********
 PARAMETER    0  IS UNDEFINED. IGNORED.
 **********
 **   69 **FIX            1
 **********
 **********
 **   70 **FIX            2
 **********
 PARAMETER    2  IS CONSTANT.   IGNORED.
 **********
 **   71 **FIX            3
 **********
 **********
 **   72 **FIX            4
 **********
 **********
 **   73 **FIX            5
 **********
 PARAMETER    5  IS CONSTANT.   IGNORED.
 **********
 **   74 **FIX            6
 **********
 **********
 **   75 **FIX            7
 **********
 PARAMETER    7  IS CONSTANT.   IGNORED.
 **********
 **   76 **FIX            8
 **********
 **********
 **   77 **FIX            9
 **********
 **********
 **   78 **FIX           10
 **********
 **********
 **   79 **FIX           11
 **********
 **********
 **   80 **FIX           12
 **********
 PARAMETER   12  IS CONSTANT.   IGNORED.
 **********
 **   81 **FIX           16
 **********
 **********
 **   82 **MIGRAD
 **********
 START MIGRAD MINIMIZATION.  STRATEGY  1.  CONVERGENCE WHEN EDM .LT. 1.00e-04
 FCN=112.679 FROM MIGRAD    STATUS=INITIATE       16 CALLS        7485 TOTAL
                     EDM= unknown      STRATEGY= 1      NO ERROR MATRIX       
  EXT PARAMETER               CURRENT GUESS       STEP         FIRST   
  NO.   NAME      VALUE            ERROR          SIZE      DERIVATIVE 
   1  N0           3.41759e+06     fixed    
   2  tau          6.44063e+01   constant   
   3  A0           3.61964e-01     fixed    
   4  phi          4.12088e+00     fixed    
   5  R           -6.04192e+01   constant   
   6  alpha_CBO    4.46402e-03     fixed    
   7  w_CBO        2.32500e+00   constant   
   8  beta_CBO    -2.81546e-03     fixed    
   9  alpha_2CBO  -4.66153e-05     fixed    
  10  beta_2CBO    1.93811e-05     fixed    
  11  alpha_y      4.02207e-04     fixed    
  12  w_y          1.38860e+01   constant   
  13  beta_y      -1.97246e-04   1.04630e-04   1.04630e-04   1.34326e+04
  14  alpha_vw     0.00000e+00   1.00000e-03   1.00000e-03   7.92635e+04
  15  w_vw         1.43404e+01   constant   
  16  beta_vw      0.00000e+00     fixed    
  17  LM           8.43198e-05   constant   
  18  zeta_y       0.00000e+00   constant   
  19  zeta_vw      0.00000e+00   constant   
  20  T_CBO        6.23273e+00   6.21923e-01   4.42660e-04  -1.42973e+02
  21  alpha_A0     7.08248e+01   1.33127e+02  -3.20696e+00   1.16554e-03
  22  beta_A0      2.89696e+02   4.29040e+02  -2.32643e+01  -2.43157e-03
  23  alpha_phi    2.47111e+02   3.23424e+02  -2.29788e+01  -1.56464e-04
  24  beta_phi     2.11529e+02   3.01467e+02  -1.62464e+01  -3.65557e-04
 CALL LIMIT EXCEEDED IN MIGRAD.
 MIGRAD TERMINATED WITHOUT CONVERGENCE.
 FCN=95.1145 FROM MIGRAD    STATUS=CALL LIMIT   1145 CALLS        8614 TOTAL
                     EDM=0.000771166    STRATEGY= 1  ERROR MATRIX UNCERTAINTY  21.6 per cent
  EXT PARAMETER                APPROXIMATE        STEP         FIRST   
  NO.   NAME      VALUE            ERROR          SIZE      DERIVATIVE 
   1  N0           3.41759e+06     fixed    
   2  tau          6.44063e+01   constant   
   3  A0           3.61964e-01     fixed    
   4  phi          4.12088e+00     fixed    
   5  R           -6.04192e+01   constant   
   6  alpha_CBO    4.46402e-03     fixed    
   7  w_CBO        2.32500e+00   constant   
   8  beta_CBO    -2.81546e-03     fixed    
   9  alpha_2CBO  -4.66153e-05     fixed    
  10  beta_2CBO    1.93811e-05     fixed    
  11  alpha_y      4.02207e-04     fixed    
  12  w_y          1.38860e+01   constant   
  13  beta_y      -1.98289e-04   1.06675e-04   5.79618e-08   2.74055e+00
  14  alpha_vw    -4.31713e-04   1.05786e-04  -1.54572e-08  -1.08990e+00
  15  w_vw         1.43404e+01   constant   
  16  beta_vw      0.00000e+00     fixed    
  17  LM           8.43198e-05   constant   
  18  zeta_y       0.00000e+00   constant   
  19  zeta_vw      0.00000e+00   constant   
  20  T_CBO        9.09281e+00   3.68381e+00   5.53732e-04  -5.59132e+00
  21  alpha_A0     1.38626e+00   5.27327e+00  -5.21556e-02   4.10305e-03
  22  beta_A0      6.48641e+00   2.29795e+01  -2.87756e-01   4.71379e-03
  23  alpha_phi    5.69326e+00   2.01483e+01  -3.05906e-01  -1.22333e-02
  24  beta_phi     5.04796e+00   1.79740e+01  -2.64149e-01  -3.74426e-03
 EXTERNAL ERROR MATRIX.    NDIM=  25    NPAR=  7    ERR DEF=1
  1.138e-08 -1.890e-09  3.650e-06 -1.839e-06 -2.689e-05 -2.078e-05 -1.060e-05 
 -1.890e-09  1.119e-08 -2.027e-06 -1.081e-06  1.610e-05  1.290e-05  3.480e-06 
  3.650e-06 -2.027e-06  1.358e+01 -1.737e+01 -8.421e+01 -7.393e+01 -6.587e+01 
 -1.839e-06 -1.081e-06 -1.737e+01  2.781e+01  1.066e+02  9.475e+01  8.470e+01 
 -2.689e-05  1.610e-05 -8.421e+01  1.066e+02  5.281e+02  4.591e+02  4.084e+02 
 -2.078e-05  1.290e-05 -7.393e+01  9.475e+01  4.591e+02  4.060e+02  3.580e+02 
 -1.060e-05  3.480e-06 -6.587e+01  8.470e+01  4.084e+02  3.580e+02  3.231e+02 
ERR MATRIX APPROXIMATE
 PARAMETER  CORRELATION COEFFICIENTS  
       NO.  GLOBAL     13     14     20     21     22     23     24
       13  0.17102   1.000 -0.168  0.009 -0.003 -0.011 -0.010 -0.006
       14  0.17012  -0.168  1.000 -0.005 -0.002  0.007  0.006  0.002
       20  0.99850   0.009 -0.005  1.000 -0.894 -0.995 -0.996 -0.995
       21  0.90026  -0.003 -0.002 -0.894  1.000  0.879  0.892  0.894
       22  0.99485  -0.011  0.007 -0.995  0.879  1.000  0.992  0.989
       23  0.99609  -0.010  0.006 -0.996  0.892  0.992  1.000  0.989
