 + ++++++++++++++++++++++++++++++++++++++++++++++++++++++++++++++++++++ +
 +                                                                      +
 +           You have chose to blind your fitting according to          +
 +                omega_ref * (1 + (R +/- deltaR) *10^{-6})             +
 +                                                                      +
 + ++++++++++++++++++++++++++++++++++++++++++++++++++++++++++++++++++++ +
In main()...
reading format from /gm2data/zkhechad/run45/envelope/formats/formatB_sBin_constraintOn.txt
pBinTau 	= 0  
pBinPhi 	= 0  
constraintau 	= 1 
includeMopTerm 	= 0    
constrainMop    = 0   
Parameters after format file: pBinTau 0 pBinPhi 0 constraintau 1 includeMopTerm 0 constrainMop 0 c_e_scale 0.000000 
Opening file /gm2data/tbarrett/gm2fr/studies/run23_bunch_corrections/CorrectedFourier_Run3b.root.
reading full fit data from /gm2data/zkhechad/cboTemplates/Run4CBOTemplates/fullFits/noRF/sBin_constraintOn_cE0.0_seed0_noRF_calo5.root
windowBins = 69
fitting sliding window 140 from bin 276 at 41.030000 to bin 345 at 51.474000 (69 bins)

Reading data from /gm2data/cornell/histograms/aMethod/histogram_a_noRF.root
 **********
 **    1 **SET PRINTOUT            1
 **********
 **********
 **    2 **SET NOWARNINGS 
 **********
 PARAMETER DEFINITIONS:
    NO.   NAME         VALUE      STEP SIZE      LIMITS
     1 N0           2.79633e+06  1.00000e+02     no limits
     2 tau          6.44140e+01  constant
     3 A0           3.58434e-01  1.00000e-04     no limits
     4 phi          4.11632e+00  1.00000e-02     no limits
     5 R           -6.26390e+01  constant
     6 alpha_CBO    0.00000e+00  1.00000e-03     no limits
     7 w_CBO        2.32500e+00  constant
     8 beta_CBO     0.00000e+00  1.00000e-03     no limits
     9 alpha_2CBO   0.00000e+00  1.00000e-03     no limits
    10 beta_2CBO    0.00000e+00  1.00000e-03     no limits
    11 alpha_y      0.00000e+00  1.00000e-03     no limits
    12 w_y          1.38860e+01  constant
    13 beta_y       0.00000e+00  1.00000e-03     no limits
    14 alpha_vw     0.00000e+00  1.00000e-03     no limits
    15 w_vw         1.43404e+01  constant
    16 beta_vw      0.00000e+00  1.00000e-03     no limits
    17 LM           3.79801e-04  constant
    18 zeta_y       0.00000e+00  constant
    19 zeta_vw      0.00000e+00  constant
    20 T_CBO        1.00000e+02  1.00000e+00    0.00000e+00  1.00000e+03
    21 alpha_A0     0.00000e+00  1.00000e-03     no limits
    22 beta_A0      0.00000e+00  1.00000e-03     no limits
    23 alpha_phi    0.00000e+00  1.00000e-03     no limits
    24 beta_phi     0.00000e+00  1.00000e-03     no limits
MINUIT - FIT ONLY WIGGLE
 **********
 **    3 **FIX            5
 **********
 PARAMETER    5  IS CONSTANT.   IGNORED.
 **********
 **    4 **FIX            6
 **********
 **********
 **    5 **FIX            7
 **********
 PARAMETER    7  IS CONSTANT.   IGNORED.
 **********
 **    6 **FIX            8
 **********
 **********
 **    7 **FIX            9
 **********
 **********
 **    8 **FIX           10
 **********
 **********
 **    9 **FIX           11
 **********
 **********
 **   10 **FIX           12
 **********
 PARAMETER   12  IS CONSTANT.   IGNORED.
 **********
 **   11 **FIX           13
 **********
 **********
 **   12 **FIX           14
 **********
 **********
 **   13 **FIX           15
 **********
 PARAMETER   15  IS CONSTANT.   IGNORED.
 **********
 **   14 **FIX           16
 **********
 **********
 **   15 **MIGRAD
 **********
 FIRST CALL TO USER FUNCTION AT NEW START POINT, WITH IFLAG=4.
 START MIGRAD MINIMIZATION.  STRATEGY  1.  CONVERGENCE WHEN EDM .LT. 1.00e-04
 FCN=9905.31 FROM MIGRAD    STATUS=INITIATE      435 CALLS         436 TOTAL
                     EDM= unknown      STRATEGY= 1      NO ERROR MATRIX       
  EXT PARAMETER               CURRENT GUESS       STEP         FIRST   
  NO.   NAME      VALUE            ERROR          SIZE      DERIVATIVE 
   1  N0           2.79633e+06   1.00000e+02   0.00000e+00  -9.72700e-02
   2  tau          6.44140e+01   constant   
   3  A0           3.58434e-01   1.00000e-04   0.00000e+00  -3.15127e+05
   4  phi          4.11632e+00   1.00000e-02   0.00000e+00  -8.06730e+04
   5  R           -6.26390e+01   constant   
   6  alpha_CBO    0.00000e+00     fixed    
   7  w_CBO        2.32500e+00   constant   
   8  beta_CBO     0.00000e+00     fixed    
   9  alpha_2CBO   0.00000e+00     fixed    
  10  beta_2CBO    0.00000e+00     fixed    
  11  alpha_y      0.00000e+00     fixed    
  12  w_y          1.38860e+01   constant   
  13  beta_y       0.00000e+00     fixed    
  14  alpha_vw     0.00000e+00     fixed    
  15  w_vw         1.43404e+01   constant   
  16  beta_vw      0.00000e+00     fixed    
  17  LM           3.79801e-04   constant   
  18  zeta_y       0.00000e+00   constant   
  19  zeta_vw      0.00000e+00   constant   
  20  T_CBO        1.00000e+02   1.00000e+00   0.00000e+00   0.00000e+00
  21  alpha_A0     0.00000e+00   1.00000e-03   0.00000e+00  -1.26278e+04
  22  beta_A0      0.00000e+00   1.00000e-03   0.00000e+00  -3.43115e+04
  23  alpha_phi    0.00000e+00   1.00000e-03   0.00000e+00  -3.31545e+04
  24  beta_phi     0.00000e+00   1.00000e-03   0.00000e+00   8.05694e+04
 CALL LIMIT EXCEEDED IN MIGRAD.
 MIGRAD TERMINATED WITHOUT CONVERGENCE.
 FCN=8777.47 FROM MIGRAD    STATUS=CALL LIMIT   1333 CALLS        1334 TOTAL
                     EDM=2.36122    STRATEGY= 1  ERROR MATRIX UNCERTAINTY   2.0 per cent
  EXT PARAMETER                APPROXIMATE        STEP         FIRST   
  NO.   NAME      VALUE            ERROR          SIZE      DERIVATIVE 
   1  N0           2.79686e+06   1.74163e+02   2.10605e+01  -5.60092e-03
   2  tau          6.44140e+01   constant   
   3  A0           3.60194e-01   8.70176e-05   1.73609e-05   1.22723e+04
   4  phi          4.11782e+00   2.35351e-04  -3.02397e-05  -6.49378e+03
   5  R           -6.26390e+01   constant   
   6  alpha_CBO    0.00000e+00     fixed    
   7  w_CBO        2.32500e+00   constant   
   8  beta_CBO     0.00000e+00     fixed    
   9  alpha_2CBO   0.00000e+00     fixed    
  10  beta_2CBO    0.00000e+00     fixed    
  11  alpha_y      0.00000e+00     fixed    
  12  w_y          1.38860e+01   constant   
  13  beta_y       0.00000e+00     fixed    
  14  alpha_vw     0.00000e+00     fixed    
  15  w_vw         1.43404e+01   constant   
  16  beta_vw      0.00000e+00     fixed    
  17  LM           3.79801e-04   constant   
  18  zeta_y       0.00000e+00   constant   
  19  zeta_vw      0.00000e+00   constant   
  20  T_CBO        8.13122e+00   2.23371e-01  -3.12243e-03  -3.94504e+03
  21  alpha_A0     4.68853e-01   5.77538e-02   6.66161e-02   1.18083e+01
  22  beta_A0      6.95204e-01   8.62624e-02   9.95453e-02  -2.96192e+01
  23  alpha_phi    7.70746e-01   9.61082e-02   1.10891e-01  -2.98091e+01
  24  beta_phi    -2.08174e+00   2.60315e-01  -3.00294e-01   2.60238e+01
 EXTERNAL ERROR MATRIX.    NDIM=  25    NPAR=  8    ERR DEF=1
  3.033e+04 -1.038e-03  8.955e-04  1.143e+00 -7.888e-01 -1.124e+00 -1.260e+00  3.469e+00 
 -1.038e-03  7.572e-09  5.460e-10 -1.138e-06  7.576e-07  1.118e-06  1.247e-06 -3.381e-06 
  8.955e-04  5.460e-10  5.539e-08  1.078e-05 -3.577e-06 -5.337e-06 -5.948e-06  1.617e-05 
  1.143e+00 -1.138e-06  1.078e-05  4.989e-02 -1.264e-02 -1.889e-02 -2.104e-02  5.699e-02 
 -7.888e-01  7.576e-07 -3.577e-06 -1.264e-02  3.336e-03  4.982e-03  5.550e-03 -1.503e-02 
 -1.124e+00  1.118e-06 -5.337e-06 -1.889e-02  4.982e-03  7.441e-03  8.290e-03 -2.245e-02 
 -1.260e+00  1.247e-06 -5.948e-06 -2.104e-02  5.550e-03  8.290e-03  9.237e-03 -2.502e-02 
  3.469e+00 -3.381e-06  1.617e-05  5.699e-02 -1.503e-02 -2.245e-02 -2.502e-02  6.776e-02 
ERR MATRIX APPROXIMATE
 PARAMETER  CORRELATION COEFFICIENTS  
       NO.  GLOBAL      1      3      4     20     21     22     23     24
        1  0.38884   1.000 -0.068  0.022  0.029 -0.078 -0.075 -0.075  0.077
        3  0.52565  -0.068  1.000  0.027 -0.059  0.151  0.149  0.149 -0.149
        4  0.45518   0.022  0.027  1.000  0.205 -0.263 -0.263 -0.263  0.264
       20  0.98689   0.029 -0.059  0.205  1.000 -0.980 -0.980 -0.980  0.980
       21  0.99995  -0.078  0.151 -0.263 -0.980  1.000  1.000  1.000 -1.000
       22  0.99997  -0.075  0.149 -0.263 -0.980  1.000  1.000  1.000 -1.000
       23  0.99998  -0.075  0.149 -0.263 -0.980  1.000  1.000  1.000 -1.000
       24  0.99998   0.077 -0.149  0.264  0.980 -1.000 -1.000 -1.000  1.000
 ERR MATRIX APPROXIMATE
MINUIT - FIT ONLY 1-CBO + wiggle
 **********
 **   16 **RES 
 **********
                   PARAMETER   16  beta_vw RESTORED TO VARIABLE.
                   PARAMETER   14  alpha_vw RESTORED TO VARIABLE.
                   PARAMETER   13  beta_y RESTORED TO VARIABLE.
                   PARAMETER   11  alpha_y RESTORED TO VARIABLE.
                   PARAMETER   10  beta_2CBO RESTORED TO VARIABLE.
                   PARAMETER    9  alpha_2CBO RESTORED TO VARIABLE.
                   PARAMETER    8  beta_CBO RESTORED TO VARIABLE.
                   PARAMETER    6  alpha_CBO RESTORED TO VARIABLE.
 **********
 **   17 **FIX            8
 **********
 **********
 **   18 **FIX            9
 **********
 **********
 **   19 **FIX           11
 **********
 **********
 **   20 **FIX           12
 **********
 PARAMETER   12  IS CONSTANT.   IGNORED.
 **********
 **   21 **FIX           14
 **********
 **********
 **   22 **FIX           15
 **********
 PARAMETER   15  IS CONSTANT.   IGNORED.
 **********
 **   23 **FIX           16
 **********
 **********
 **   24 **MIGRAD
 **********
 START MIGRAD MINIMIZATION.  STRATEGY  1.  CONVERGENCE WHEN EDM .LT. 1.00e-04
 FCN=8777.47 FROM MIGRAD    STATUS=INITIATE       28 CALLS        1362 TOTAL
                     EDM= unknown      STRATEGY= 1      NO ERROR MATRIX       
  EXT PARAMETER               CURRENT GUESS       STEP         FIRST   
  NO.   NAME      VALUE            ERROR          SIZE      DERIVATIVE 
   1  N0           2.79686e+06   1.74163e+02   2.10605e+01  -5.60092e-03
   2  tau          6.44140e+01   constant   
   3  A0           3.60194e-01   8.70176e-05   1.73609e-05   1.22723e+04
   4  phi          4.11782e+00   2.35351e-04  -3.02397e-05  -6.49378e+03
   5  R           -6.26390e+01   constant   
   6  alpha_CBO    0.00000e+00   1.00000e-03   1.00000e-03   3.97084e+05
   7  w_CBO        2.32500e+00   constant   
   8  beta_CBO     0.00000e+00     fixed    
   9  alpha_2CBO   0.00000e+00     fixed    
  10  beta_2CBO    0.00000e+00   1.00000e-03   1.00000e-03  -1.11701e+05
  11  alpha_y      0.00000e+00     fixed    
  12  w_y          1.38860e+01   constant   
  13  beta_y       0.00000e+00   1.00000e-03   1.00000e-03  -8.15536e+05
  14  alpha_vw     0.00000e+00     fixed    
  15  w_vw         1.43404e+01   constant   
  16  beta_vw      0.00000e+00     fixed    
  17  LM           3.79801e-04   constant   
  18  zeta_y       0.00000e+00   constant   
  19  zeta_vw      0.00000e+00   constant   
  20  T_CBO        8.13122e+00   2.23371e-01  -3.12243e-03  -3.94504e+03
  21  alpha_A0     4.68853e-01   5.77538e-02   6.66161e-02   1.18083e+01
  22  beta_A0      6.95204e-01   8.62624e-02   9.95453e-02  -2.96192e+01
  23  alpha_phi    7.70746e-01   9.61082e-02   1.10891e-01  -2.98091e+01
  24  beta_phi    -2.08174e+00   2.60315e-01  -3.00294e-01   2.60238e+01
 CALL LIMIT EXCEEDED IN MIGRAD.
 MIGRAD TERMINATED WITHOUT CONVERGENCE.
 FCN=6882.13 FROM MIGRAD    STATUS=CALL LIMIT   1908 CALLS        3242 TOTAL
                     EDM=1.72174    STRATEGY= 1  ERROR MATRIX UNCERTAINTY  15.9 per cent
  EXT PARAMETER                APPROXIMATE        STEP         FIRST   
  NO.   NAME      VALUE            ERROR          SIZE      DERIVATIVE 
   1  N0           2.79728e+06   1.67178e+02  -1.45566e+01   2.01271e-03
   2  tau          6.44140e+01   constant   
   3  A0           3.60391e-01   8.22846e-05   1.09484e-05   1.00608e+04
   4  phi          4.11689e+00   2.58108e-04  -4.68760e-05  -4.20927e+03
   5  R           -6.26390e+01   constant   
   6  alpha_CBO   -1.75546e-03   8.81406e-05   3.15568e-05  -1.21732e+04
   7  w_CBO        2.32500e+00   constant   
   8  beta_CBO     0.00000e+00     fixed    
   9  alpha_2CBO   0.00000e+00     fixed    
  10  beta_2CBO    1.27013e-04   8.45283e-05  -1.88521e-05  -9.91088e+02
  11  alpha_y      0.00000e+00     fixed    
  12  w_y          1.38860e+01   constant   
  13  beta_y       2.94477e-03   8.42619e-05  -1.74201e-05   2.63981e+03
  14  alpha_vw     0.00000e+00     fixed    
  15  w_vw         1.43404e+01   constant   
  16  beta_vw      0.00000e+00     fixed    
  17  LM           3.79801e-04   constant   
  18  zeta_y       0.00000e+00   constant   
  19  zeta_vw      0.00000e+00   constant   
  20  T_CBO        2.64830e+00   1.80500e-02  -4.14823e-04  -3.40127e+04
  21  alpha_A0     1.45130e+04   1.27350e+03   1.45400e+03  -5.69022e-04
  22  beta_A0      6.19705e+04   5.43902e+03   6.20990e+03   6.03553e-04
  23  alpha_phi    8.81714e+04   7.73854e+03   8.83533e+03   1.80033e-04
  24  beta_phi    -1.45915e+05   1.28067e+04  -1.46218e+04   1.26002e-03
 EXTERNAL ERROR MATRIX.    NDIM=  25    NPAR= 11    ERR DEF=1
  2.795e+04 
 -8.162e-04  6.771e-09 
  3.754e-03 -6.887e-10  6.662e-08 
  5.905e-04  5.301e-10 -4.134e-09  7.769e-09 
  6.591e-04  3.065e-11  1.701e-09  1.460e-10  7.145e-09 
 -7.359e-06 -4.728e-11 -4.188e-10 -2.259e-10  2.557e-11  7.100e-09 
 -1.425e-01  1.204e-07 -1.001e-07  3.076e-09 -1.312e-09  1.625e-08  3.258e-04 
  7.802e+03  4.697e-04 -2.107e-02 -1.301e-03 -4.068e-03 -1.812e-03 -2.258e+01  1.622e+06 
  3.334e+04  2.004e-03 -8.999e-02 -5.557e-03 -1.737e-02 -7.741e-03 -9.644e+01  6.927e+06  2.958e+07 
  4.743e+04  2.852e-03 -1.280e-01 -7.908e-03 -2.472e-02 -1.101e-02 -1.372e+02  9.855e+06  4.209e+07  5.989e+07 
 -7.848e+04 -4.720e-03  2.119e-01  1.308e-02  4.091e-02  1.823e-02  2.271e+02 -1.631e+07 -6.966e+07 -9.910e+07  1.640e+08 
ERR MATRIX APPROXIMATE
 PARAMETER  CORRELATION COEFFICIENTS  
       NO.  GLOBAL      1      3      4      6     10     13     20     21     22     23     24
        1  0.34801   1.000 -0.059  0.087  0.040  0.047 -0.001 -0.047  0.037  0.037  0.037 -0.037
        3  0.53298  -0.059  1.000 -0.032  0.073  0.004 -0.007  0.081  0.004  0.004  0.004 -0.004
        4  0.56752   0.087 -0.032  1.000 -0.182  0.078 -0.019 -0.021 -0.064 -0.064 -0.064  0.064
        6  0.32936   0.040  0.073 -0.182  1.000  0.020 -0.030  0.002 -0.012 -0.012 -0.012  0.012
       10  0.24902   0.047  0.004  0.078  0.020  1.000  0.004 -0.001 -0.038 -0.038 -0.038  0.038
       13  0.07351  -0.001 -0.007 -0.019 -0.030  0.004  1.000  0.011 -0.017 -0.017 -0.017  0.017
       20  0.99047  -0.047  0.081 -0.021  0.002 -0.001  0.011  1.000 -0.982 -0.982 -0.982  0.982
       21  1.00000   0.037  0.004 -0.064 -0.012 -0.038 -0.017 -0.982  1.000  1.000  1.000 -1.000
       22  1.00000   0.037  0.004 -0.064 -0.012 -0.038 -0.017 -0.982  1.000  1.000  1.000 -1.000
       23  1.00000   0.037  0.004 -0.064 -0.012 -0.038 -0.017 -0.982  1.000  1.000  1.000 -1.000
       24  1.00000  -0.037 -0.004  0.064  0.012  0.038  0.017  0.982 -1.000 -1.000 -1.000  1.000
 ERR MATRIX APPROXIMATE
MINUIT - FIT ONLY 2-CBO
 **********
 **   25 **RES 
 **********
                   PARAMETER   16  beta_vw RESTORED TO VARIABLE.
                   PARAMETER   14  alpha_vw RESTORED TO VARIABLE.
                   PARAMETER   11  alpha_y RESTORED TO VARIABLE.
                   PARAMETER    9  alpha_2CBO RESTORED TO VARIABLE.
                   PARAMETER    8  beta_CBO RESTORED TO VARIABLE.
 **********
 **   26 **FIX            0
 **********
 PARAMETER    0  IS UNDEFINED. IGNORED.
 **********
 **   27 **FIX            1
 **********
 **********
 **   28 **FIX            2
 **********
 PARAMETER    2  IS CONSTANT.   IGNORED.
 **********
 **   29 **FIX            3
 **********
 **********
 **   30 **FIX            4
 **********
 **********
 **   31 **FIX            5
 **********
 PARAMETER    5  IS CONSTANT.   IGNORED.
 **********
 **   32 **FIX            6
 **********
 **********
 **   33 **FIX            7
 **********
 PARAMETER    7  IS CONSTANT.   IGNORED.
 **********
 **   34 **FIX           10
 **********
 **********
 **   35 **FIX           11
 **********
 **********
 **   36 **FIX           12
 **********
 PARAMETER   12  IS CONSTANT.   IGNORED.
 **********
 **   37 **FIX           13
 **********
 **********
 **   38 **FIX           14
 **********
 **********
 **   39 **FIX           15
 **********
 PARAMETER   15  IS CONSTANT.   IGNORED.
 **********
 **   40 **FIX           16
 **********
 **********
 **   41 **MIGRAD
 **********
 START MIGRAD MINIMIZATION.  STRATEGY  1.  CONVERGENCE WHEN EDM .LT. 1.00e-04
 FCN=6882.13 FROM MIGRAD    STATUS=INITIATE       18 CALLS        3260 TOTAL
                     EDM= unknown      STRATEGY= 1      NO ERROR MATRIX       
  EXT PARAMETER               CURRENT GUESS       STEP         FIRST   
  NO.   NAME      VALUE            ERROR          SIZE      DERIVATIVE 
   1  N0           2.79728e+06     fixed    
   2  tau          6.44140e+01   constant   
   3  A0           3.60391e-01     fixed    
   4  phi          4.11689e+00     fixed    
   5  R           -6.26390e+01   constant   
   6  alpha_CBO   -1.75546e-03     fixed    
   7  w_CBO        2.32500e+00   constant   
   8  beta_CBO     0.00000e+00   1.00000e-03   1.00000e-03   1.73521e+06
   9  alpha_2CBO   0.00000e+00   1.00000e-03   1.00000e-03   9.30941e+03
  10  beta_2CBO    1.27013e-04     fixed    
  11  alpha_y      0.00000e+00     fixed    
  12  w_y          1.38860e+01   constant   
  13  beta_y       2.94477e-03     fixed    
  14  alpha_vw     0.00000e+00     fixed    
  15  w_vw         1.43404e+01   constant   
  16  beta_vw      0.00000e+00     fixed    
  17  LM           3.79801e-04   constant   
  18  zeta_y       0.00000e+00   constant   
  19  zeta_vw      0.00000e+00   constant   
  20  T_CBO        2.64830e+00   1.80500e-02  -4.14823e-04  -3.40127e+04
  21  alpha_A0     1.45130e+04   1.27350e+03   1.45400e+03  -5.69022e-04
  22  beta_A0      6.19705e+04   5.43902e+03   6.20990e+03   6.03553e-04
  23  alpha_phi    8.81714e+04   7.73854e+03   8.83533e+03   1.80033e-04
  24  beta_phi    -1.45915e+05   1.28067e+04  -1.46218e+04   1.26002e-03
 CALL LIMIT EXCEEDED IN MIGRAD.
 MIGRAD TERMINATED WITHOUT CONVERGENCE.
 FCN=1238.42 FROM MIGRAD    STATUS=CALL LIMIT   1154 CALLS        4396 TOTAL
                     EDM=0.156443    STRATEGY= 1  ERROR MATRIX UNCERTAINTY  23.7 per cent
  EXT PARAMETER                APPROXIMATE        STEP         FIRST   
  NO.   NAME      VALUE            ERROR          SIZE      DERIVATIVE 
   1  N0           2.79728e+06     fixed    
   2  tau          6.44140e+01   constant   
   3  A0           3.60391e-01     fixed    
   4  phi          4.11689e+00     fixed    
   5  R           -6.26390e+01   constant   
   6  alpha_CBO   -1.75546e-03     fixed    
   7  w_CBO        2.32500e+00   constant   
   8  beta_CBO    -6.55652e-03   8.49074e-05  -8.86792e-07   6.09657e+02
   9  alpha_2CBO  -3.85849e-05   8.07656e-05  -7.30460e-07   1.85360e+02
  10  beta_2CBO    1.27013e-04     fixed    
  11  alpha_y      0.00000e+00     fixed    
  12  w_y          1.38860e+01   constant   
  13  beta_y       2.94477e-03     fixed    
  14  alpha_vw     0.00000e+00     fixed    
  15  w_vw         1.43404e+01   constant   
  16  beta_vw      0.00000e+00     fixed    
  17  LM           3.79801e-04   constant   
  18  zeta_y       0.00000e+00   constant   
  19  zeta_vw      0.00000e+00   constant   
  20  T_CBO        3.75258e+00   1.09262e-01   2.35340e-04  -2.46885e+03
  21  alpha_A0     2.99499e+02   1.18040e+02  -1.98360e+01   1.89658e-03
  22  beta_A0      2.41145e+02   1.18633e+02  -1.17781e+01  -4.55536e-03
  23  alpha_phi    6.90732e+02   2.59974e+02  -3.76212e+01  -9.21134e-03
  24  beta_phi    -7.28383e+02   2.70651e+02   3.27830e+01   6.69006e-03
 EXTERNAL ERROR MATRIX.    NDIM=  25    NPAR=  7    ERR DEF=1
  7.209e-09 -5.978e-11 -6.311e-07  5.146e-04  8.215e-04  1.300e-03 -2.177e-03 
 -5.978e-11  6.523e-09 -3.786e-07 -5.024e-04 -1.098e-03  1.091e-03 -1.455e-03 
 -6.311e-07 -3.786e-07  1.194e-02 -1.120e+01 -9.916e+00 -2.800e+01  2.901e+01 
  5.146e-04 -5.024e-04 -1.120e+01  1.393e+04  9.748e+03  2.652e+04 -2.715e+04 
  8.215e-04 -1.098e-03 -9.916e+00  9.748e+03  1.407e+04  2.171e+04 -2.274e+04 
  1.300e-03  1.091e-03 -2.800e+01  2.652e+04  2.171e+04  6.759e+04 -6.716e+04 
 -2.177e-03 -1.455e-03  2.901e+01 -2.715e+04 -2.274e+04 -6.716e+04  7.325e+04 
ERR MATRIX APPROXIMATE
 PARAMETER  CORRELATION COEFFICIENTS  
       NO.  GLOBAL      8      9     20     21     22     23     24
        8  0.22106   1.000 -0.009 -0.068  0.051  0.082  0.059 -0.095
        9  0.28782  -0.009  1.000 -0.043 -0.053 -0.115  0.052 -0.067
       20  0.99802  -0.068 -0.043  1.000 -0.869 -0.765 -0.986  0.981
       21  0.88047   0.051 -0.053 -0.869  1.000  0.696  0.864 -0.850
       22  0.90532   0.082 -0.115 -0.765  0.696  1.000  0.704 -0.708
       23  0.99386   0.059  0.052 -0.986  0.864  0.704  1.000 -0.954
       24  0.99094  -0.095 -0.067  0.981 -0.850 -0.708 -0.954  1.000
 ERR MATRIX APPROXIMATE
MINUIT - FIT wiggle + 1-CBO + 2-CBO
 **********
 **   42 **RES 
 **********
                   PARAMETER   16  beta_vw RESTORED TO VARIABLE.
                   PARAMETER   14  alpha_vw RESTORED TO VARIABLE.
                   PARAMETER   13  beta_y RESTORED TO VARIABLE.
                   PARAMETER   11  alpha_y RESTORED TO VARIABLE.
                   PARAMETER   10  beta_2CBO RESTORED TO VARIABLE.
                   PARAMETER    6  alpha_CBO RESTORED TO VARIABLE.
                   PARAMETER    4  phi RESTORED TO VARIABLE.
                   PARAMETER    3  A0 RESTORED TO VARIABLE.
                   PARAMETER    1  N0 RESTORED TO VARIABLE.
 **********
 **   43 **FIX           10
 **********
 **********
 **   44 **FIX           11
 **********
 **********
 **   45 **FIX           12
 **********
 PARAMETER   12  IS CONSTANT.   IGNORED.
 **********
 **   46 **FIX           13
 **********
 **********
 **   47 **FIX           14
 **********
 **********
 **   48 **FIX           15
 **********
 PARAMETER   15  IS CONSTANT.   IGNORED.
 **********
 **   49 **FIX           16
 **********
 **********
 **   50 **MIGRAD
 **********
 START MIGRAD MINIMIZATION.  STRATEGY  1.  CONVERGENCE WHEN EDM .LT. 1.00e-04
 FCN=1238.42 FROM MIGRAD    STATUS=INITIATE       22 CALLS        4418 TOTAL
                     EDM= unknown      STRATEGY= 1      NO ERROR MATRIX       
  EXT PARAMETER               CURRENT GUESS       STEP         FIRST   
  NO.   NAME      VALUE            ERROR          SIZE      DERIVATIVE 
   1  N0           2.79728e+06   1.67178e+02   1.67178e+02   7.35095e-02
   2  tau          6.44140e+01   constant   
   3  A0           3.60391e-01   8.22846e-05   8.22846e-05   4.28257e+05
   4  phi          4.11689e+00   2.58108e-04   2.58108e-04   3.00341e+04
   5  R           -6.26390e+01   constant   
   6  alpha_CBO   -1.75546e-03   8.81406e-05   8.81406e-05   1.87920e+04
   7  w_CBO        2.32500e+00   constant   
   8  beta_CBO    -6.55652e-03   8.49074e-05  -8.86792e-07   6.09657e+02
   9  alpha_2CBO  -3.85849e-05   8.07656e-05  -7.30460e-07   1.85360e+02
  10  beta_2CBO    1.27013e-04     fixed    
  11  alpha_y      0.00000e+00     fixed    
  12  w_y          1.38860e+01   constant   
  13  beta_y       2.94477e-03     fixed    
  14  alpha_vw     0.00000e+00     fixed    
  15  w_vw         1.43404e+01   constant   
  16  beta_vw      0.00000e+00     fixed    
  17  LM           3.79801e-04   constant   
  18  zeta_y       0.00000e+00   constant   
  19  zeta_vw      0.00000e+00   constant   
  20  T_CBO        3.75258e+00   1.09262e-01   2.35340e-04  -2.46884e+03
  21  alpha_A0     2.99499e+02   1.18040e+02  -1.98360e+01   1.89658e-03
  22  beta_A0      2.41145e+02   1.18633e+02  -1.17781e+01  -4.55536e-03
  23  alpha_phi    6.90732e+02   2.59974e+02  -3.76212e+01  -9.21134e-03
  24  beta_phi    -7.28383e+02   2.70651e+02   3.27830e+01   6.69006e-03
 CALL LIMIT EXCEEDED IN MIGRAD.
 MIGRAD TERMINATED WITHOUT CONVERGENCE.
 FCN=766.4 FROM MIGRAD    STATUS=CALL LIMIT   1909 CALLS        6305 TOTAL
                     EDM=0.398069    STRATEGY= 1  ERROR MATRIX UNCERTAINTY   0.2 per cent
  EXT PARAMETER                APPROXIMATE        STEP         FIRST   
  NO.   NAME      VALUE            ERROR          SIZE      DERIVATIVE 
   1  N0           2.79616e+06   1.62516e+02  -1.08487e+00  -9.59258e-04
   2  tau          6.44140e+01   constant   
   3  A0           3.58522e-01   8.69106e-05  -7.62827e-07   3.45684e+03
   4  phi          4.11614e+00   2.50330e-04   6.20311e-06  -2.10049e+02
   5  R           -6.26390e+01   constant   
   6  alpha_CBO   -1.78242e-03   8.36092e-05  -7.85596e-07  -7.74824e+02
   7  w_CBO        2.32500e+00   constant   
   8  beta_CBO    -7.09258e-03   8.75342e-05  -1.08592e-06   9.99418e+02
   9  alpha_2CBO   7.40455e-06   8.00565e-05  -1.08909e-06   6.81303e+02
  10  beta_2CBO    1.27013e-04     fixed    
  11  alpha_y      0.00000e+00     fixed    
  12  w_y          1.38860e+01   constant   
  13  beta_y       2.94477e-03     fixed    
  14  alpha_vw     0.00000e+00     fixed    
  15  w_vw         1.43404e+01   constant   
  16  beta_vw      0.00000e+00     fixed    
  17  LM           3.79801e-04   constant   
  18  zeta_y       0.00000e+00   constant   
  19  zeta_vw      0.00000e+00   constant   
  20  T_CBO        7.22301e+00   3.79682e-01   1.19083e-03  -1.10902e+03
  21  alpha_A0     7.50543e-01   4.35710e-01  -5.10280e-02  -1.89590e+00
  22  beta_A0     -9.65305e-02   2.33783e-01   3.22726e-04  -4.08240e-01
  23  alpha_phi    1.11941e+00   4.56752e-01  -1.24251e-01  -3.15494e+00
  24  beta_phi    -2.61662e+00   1.02709e+00   2.71791e-01   3.06565e+00
 EXTERNAL ERROR MATRIX.    NDIM=  25    NPAR= 11    ERR DEF=1
  2.641e+04 
 -2.526e-03  7.553e-09 
  4.353e-03 -1.933e-09  6.267e-08 
  4.921e-04  8.015e-10 -1.275e-09  6.990e-09 
 -5.832e-04  1.510e-09  1.673e-09  1.783e-10  7.662e-09 
 -6.594e-04  6.560e-10 -1.088e-09  2.648e-10  6.201e-11  6.409e-09 
  3.313e+00  1.127e-07  1.828e-05 -7.993e-07  2.013e-07  1.060e-06  1.442e-01 
 -1.559e+01  3.333e-06 -2.537e-05  1.643e-06  1.873e-07 -3.640e-06 -1.365e-01  1.898e-01 
  4.361e+00  2.601e-06  1.197e-06  8.153e-08  2.073e-06 -2.686e-06  8.086e-03  1.964e-03  5.465e-02 
  2.114e+00  3.397e-06 -6.735e-06 -1.935e-06  8.692e-07  7.865e-07 -1.411e-01  9.737e-02 -2.105e-02  2.086e-01 
  1.933e+01 -3.540e-06  6.260e-05 -3.375e-06 -1.952e-06  5.412e-07  3.811e-01 -3.752e-01  2.073e-02 -3.317e-01  1.055e+00 
ERR MATRIX APPROXIMATE
 PARAMETER  CORRELATION COEFFICIENTS  
       NO.  GLOBAL      1      3      4      6      8      9     20     21     22     23     24
        1  0.50993   1.000 -0.179  0.107  0.036 -0.041 -0.051  0.054 -0.220  0.115  0.028  0.116
        3  0.69007  -0.179  1.000 -0.089  0.110  0.199  0.094  0.003  0.088  0.128  0.086 -0.040
        4  0.36869   0.107 -0.089  1.000 -0.061  0.076 -0.054  0.192 -0.233  0.020 -0.059  0.243
        6  0.27190   0.036  0.110 -0.061  1.000  0.024  0.040 -0.025  0.045  0.004 -0.051 -0.039
        8  0.34410  -0.041  0.199  0.076  0.024  1.000  0.009  0.006  0.005  0.101  0.022 -0.022
        9  0.31026  -0.051  0.094 -0.054  0.040  0.009  1.000  0.035 -0.104 -0.144  0.022  0.007
       20  0.99761   0.054  0.003  0.192 -0.025  0.006  0.035  1.000 -0.825  0.091 -0.814  0.977
       21  0.93109  -0.220  0.088 -0.233  0.045  0.005 -0.104 -0.825  1.000  0.019  0.489 -0.838
       22  0.46926   0.115  0.128  0.020  0.004  0.101 -0.144  0.091  0.019  1.000 -0.197  0.086
       23  0.97296   0.028  0.086 -0.059 -0.051  0.022  0.022 -0.814  0.489 -0.197  1.000 -0.707
       24  0.99517   0.116 -0.040  0.243 -0.039 -0.022  0.007  0.977 -0.838  0.086 -0.707  1.000
 ERR MATRIX APPROXIMATE
MINUIT - FIT ONLY 1-y
 **********
 **   51 **RES 
 **********
                   PARAMETER   16  beta_vw RESTORED TO VARIABLE.
                   PARAMETER   14  alpha_vw RESTORED TO VARIABLE.
                   PARAMETER   13  beta_y RESTORED TO VARIABLE.
                   PARAMETER   11  alpha_y RESTORED TO VARIABLE.
                   PARAMETER   10  beta_2CBO RESTORED TO VARIABLE.
 **********
 **   52 **FIX            0
 **********
 PARAMETER    0  IS UNDEFINED. IGNORED.
 **********
 **   53 **FIX            1
 **********
 **********
 **   54 **FIX            2
 **********
 PARAMETER    2  IS CONSTANT.   IGNORED.
 **********
 **   55 **FIX            3
 **********
 **********
 **   56 **FIX            4
 **********
 **********
 **   57 **FIX            5
 **********
 PARAMETER    5  IS CONSTANT.   IGNORED.
 **********
 **   58 **FIX            6
 **********
 **********
 **   59 **FIX            7
 **********
 PARAMETER    7  IS CONSTANT.   IGNORED.
 **********
 **   60 **FIX            8
 **********
 **********
 **   61 **FIX            9
 **********
 **********
 **   62 **FIX           13
 **********
 **********
 **   63 **FIX           14
 **********
 **********
 **   64 **FIX           15
 **********
 PARAMETER   15  IS CONSTANT.   IGNORED.
 **********
 **   65 **FIX           16
 **********
 **********
 **   66 **MIGRAD
 **********
 START MIGRAD MINIMIZATION.  STRATEGY  1.  CONVERGENCE WHEN EDM .LT. 1.00e-04
 FCN=766.4 FROM MIGRAD    STATUS=INITIATE       16 CALLS        6321 TOTAL
                     EDM= unknown      STRATEGY= 1      NO ERROR MATRIX       
  EXT PARAMETER               CURRENT GUESS       STEP         FIRST   
  NO.   NAME      VALUE            ERROR          SIZE      DERIVATIVE 
   1  N0           2.79616e+06     fixed    
   2  tau          6.44140e+01   constant   
   3  A0           3.58522e-01     fixed    
   4  phi          4.11614e+00     fixed    
   5  R           -6.26390e+01   constant   
   6  alpha_CBO   -1.78242e-03     fixed    
   7  w_CBO        2.32500e+00   constant   
   8  beta_CBO    -7.09258e-03     fixed    
   9  alpha_2CBO   7.40455e-06     fixed    
  10  beta_2CBO    1.27013e-04   8.45283e-05   8.45283e-05   4.41291e+04
  11  alpha_y      0.00000e+00   1.00000e-03   1.00000e-03   3.55910e+05
  12  w_y          1.38860e+01   constant   
  13  beta_y       2.94477e-03     fixed    
  14  alpha_vw     0.00000e+00     fixed    
  15  w_vw         1.43404e+01   constant   
  16  beta_vw      0.00000e+00     fixed    
  17  LM           3.79801e-04   constant   
  18  zeta_y       0.00000e+00   constant   
  19  zeta_vw      0.00000e+00   constant   
  20  T_CBO        7.22301e+00   3.79682e-01   1.19083e-03  -1.10902e+03
  21  alpha_A0     7.50543e-01   4.35710e-01  -5.10280e-02  -1.89590e+00
  22  beta_A0     -9.65305e-02   2.33783e-01   3.22726e-04  -4.08240e-01
  23  alpha_phi    1.11941e+00   4.56752e-01  -1.24251e-01  -3.15494e+00
  24  beta_phi    -2.61662e+00   1.02709e+00   2.71791e-01   3.06565e+00
 MIGRAD MINIMIZATION HAS CONVERGED.
 MIGRAD WILL VERIFY CONVERGENCE AND ERROR MATRIX.
 COVARIANCE MATRIX CALCULATED SUCCESSFULLY
 FCN=527.418 FROM MIGRAD    STATUS=CONVERGED     720 CALLS        7025 TOTAL
                     EDM=4.15024e-06    STRATEGY= 1      ERROR MATRIX ACCURATE 
  EXT PARAMETER                                   STEP         FIRST   
  NO.   NAME      VALUE            ERROR          SIZE      DERIVATIVE 
   1  N0           2.79616e+06     fixed    
   2  tau          6.44140e+01   constant   
   3  A0           3.58522e-01     fixed    
   4  phi          4.11614e+00     fixed    
   5  R           -6.26390e+01   constant   
   6  alpha_CBO   -1.78242e-03     fixed    
   7  w_CBO        2.32500e+00   constant   
   8  beta_CBO    -7.09258e-03     fixed    
   9  alpha_2CBO   7.40455e-06     fixed    
  10  beta_2CBO   -1.32153e-05   8.82289e-05   9.60866e-07   5.98610e+00
  11  alpha_y     -1.31092e-03   8.58338e-05   9.62552e-07   2.10294e-03
  12  w_y          1.38860e+01   constant   
  13  beta_y       2.94477e-03     fixed    
  14  alpha_vw     0.00000e+00     fixed    
  15  w_vw         1.43404e+01   constant   
  16  beta_vw      0.00000e+00     fixed    
  17  LM           3.79801e-04   constant   
  18  zeta_y       0.00000e+00   constant   
  19  zeta_vw      0.00000e+00   constant   
  20  T_CBO        1.04198e+01   3.57736e+00   1.53655e-05  -1.69774e+00
  21  alpha_A0     1.05340e-01   1.61018e-01   3.16291e-04  -5.41522e-02
  22  beta_A0     -2.61006e-02   4.27122e-02   2.78572e-04   4.08950e-02
  23  alpha_phi    1.70539e-01   2.54410e-01   2.81864e-04  -2.57991e-02
  24  beta_phi    -4.05509e-01   6.00973e-01   2.95071e-04   7.12916e-02
 EXTERNAL ERROR MATRIX.    NDIM=  25    NPAR=  7    ERR DEF=1
  7.784e-09 -1.086e-10  2.800e-05 -1.037e-06 -7.869e-08 -1.672e-06  4.819e-06 
 -1.086e-10  7.367e-09 -6.322e-06  3.051e-07  1.331e-08  4.302e-07 -1.054e-06 
  2.800e-05 -6.322e-06  1.280e+01 -5.672e-01  1.234e-01 -9.058e-01  2.148e+00 
 -1.037e-06  3.051e-07 -5.672e-01  2.593e-02 -5.471e-03  4.017e-02 -9.522e-02 
 -7.869e-08  1.331e-08  1.234e-01 -5.471e-03  1.824e-03 -8.775e-03  2.077e-02 
 -1.672e-06  4.302e-07 -9.058e-01  4.017e-02 -8.775e-03  6.472e-02 -1.520e-01 
  4.819e-06 -1.054e-06  2.148e+00 -9.522e-02  2.077e-02 -1.520e-01  3.612e-01 
 PARAMETER  CORRELATION COEFFICIENTS  
       NO.  GLOBAL     10     11     20     21     22     23     24
       10  0.24202   1.000 -0.014  0.089 -0.073 -0.021 -0.075  0.091
       11  0.04251  -0.014  1.000 -0.021  0.022  0.004  0.020 -0.020
       20  0.99924   0.089 -0.021  1.000 -0.985  0.808 -0.995  0.999
       21  0.98473  -0.073  0.022 -0.985  1.000 -0.796  0.981 -0.984
       22  0.81605  -0.021  0.004  0.808 -0.796  1.000 -0.808  0.809
       23  0.99517  -0.075  0.020 -0.995  0.981 -0.808  1.000 -0.994
       24  0.99905   0.091 -0.020  0.999 -0.984  0.809 -0.994  1.000
MINUIT - FIT ONLY 2-y
 **********
 **   67 **RES 
 **********
                   PARAMETER   16  beta_vw RESTORED TO VARIABLE.
                   PARAMETER   14  alpha_vw RESTORED TO VARIABLE.
                   PARAMETER   13  beta_y RESTORED TO VARIABLE.
                   PARAMETER    9  alpha_2CBO RESTORED TO VARIABLE.
                   PARAMETER    8  beta_CBO RESTORED TO VARIABLE.
                   PARAMETER    6  alpha_CBO RESTORED TO VARIABLE.
                   PARAMETER    4  phi RESTORED TO VARIABLE.
                   PARAMETER    3  A0 RESTORED TO VARIABLE.
                   PARAMETER    1  N0 RESTORED TO VARIABLE.
 **********
 **   68 **FIX            0
 **********
 PARAMETER    0  IS UNDEFINED. IGNORED.
 **********
 **   69 **FIX            1
 **********
 **********
 **   70 **FIX            2
 **********
 PARAMETER    2  IS CONSTANT.   IGNORED.
 **********
 **   71 **FIX            3
 **********
 **********
 **   72 **FIX            4
 **********
 **********
 **   73 **FIX            5
 **********
 PARAMETER    5  IS CONSTANT.   IGNORED.
 **********
 **   74 **FIX            6
 **********
 **********
 **   75 **FIX            7
 **********
 PARAMETER    7  IS CONSTANT.   IGNORED.
 **********
 **   76 **FIX            8
 **********
 **********
 **   77 **FIX            9
 **********
 **********
 **   78 **FIX           10
 **********
 **********
 **   79 **FIX           11
 **********
 **********
 **   80 **FIX           12
 **********
 PARAMETER   12  IS CONSTANT.   IGNORED.
 **********
 **   81 **FIX           16
 **********
 **********
 **   82 **MIGRAD
 **********
 START MIGRAD MINIMIZATION.  STRATEGY  1.  CONVERGENCE WHEN EDM .LT. 1.00e-04
 FCN=527.418 FROM MIGRAD    STATUS=INITIATE       16 CALLS        7041 TOTAL
                     EDM= unknown      STRATEGY= 1      NO ERROR MATRIX       
  EXT PARAMETER               CURRENT GUESS       STEP         FIRST   
  NO.   NAME      VALUE            ERROR          SIZE      DERIVATIVE 
   1  N0           2.79616e+06     fixed    
   2  tau          6.44140e+01   constant   
   3  A0           3.58522e-01     fixed    
   4  phi          4.11614e+00     fixed    
   5  R           -6.26390e+01   constant   
   6  alpha_CBO   -1.78242e-03     fixed    
   7  w_CBO        2.32500e+00   constant   
   8  beta_CBO    -7.09258e-03     fixed    
   9  alpha_2CBO   7.40455e-06     fixed    
  10  beta_2CBO   -1.32153e-05     fixed    
  11  alpha_y     -1.31092e-03     fixed    
  12  w_y          1.38860e+01   constant   
  13  beta_y       2.94477e-03   8.42619e-05   8.42619e-05   5.58304e+03
  14  alpha_vw     0.00000e+00   1.00000e-03   1.00000e-03  -3.74937e+05
  15  w_vw         1.43404e+01   constant   
  16  beta_vw      0.00000e+00     fixed    
  17  LM           3.79801e-04   constant   
  18  zeta_y       0.00000e+00   constant   
  19  zeta_vw      0.00000e+00   constant   
  20  T_CBO        1.04198e+01   3.57736e+00   1.53655e-05  -1.69438e+00
  21  alpha_A0     1.05340e-01   1.61018e-01   3.16291e-04  -5.41512e-02
  22  beta_A0     -2.61006e-02   4.27122e-02   2.78572e-04   4.08954e-02
  23  alpha_phi    1.70539e-01   2.54410e-01   2.81864e-04  -2.57990e-02
  24  beta_phi    -4.05509e-01   6.00973e-01   2.95071e-04   7.12917e-02
 MIGRAD MINIMIZATION HAS CONVERGED.
 MIGRAD WILL VERIFY CONVERGENCE AND ERROR MATRIX.
 COVARIANCE MATRIX CALCULATED SUCCESSFULLY
 FCN=257.502 FROM MIGRAD    STATUS=CONVERGED     300 CALLS        7325 TOTAL
                     EDM=1.58207e-05    STRATEGY= 1      ERROR MATRIX ACCURATE 
  EXT PARAMETER                                   STEP         FIRST   
  NO.   NAME      VALUE            ERROR          SIZE      DERIVATIVE 
   1  N0           2.79616e+06     fixed    
   2  tau          6.44140e+01   constant   
   3  A0           3.58522e-01     fixed    
   4  phi          4.11614e+00     fixed    
   5  R           -6.26390e+01   constant   
   6  alpha_CBO   -1.78242e-03     fixed    
   7  w_CBO        2.32500e+00   constant   
   8  beta_CBO    -7.09258e-03     fixed    
   9  alpha_2CBO   7.40455e-06     fixed    
  10  beta_2CBO   -1.32153e-05     fixed    
  11  alpha_y     -1.31092e-03     fixed    
  12  w_y          1.38860e+01   constant   
  13  beta_y       3.28305e-03   8.74078e-05   6.64252e-07   4.97792e+00
  14  alpha_vw     1.44478e-03   8.79613e-05   6.68299e-07  -2.04840e+01
  15  w_vw         1.43404e+01   constant   
  16  beta_vw      0.00000e+00     fixed    
  17  LM           3.79801e-04   constant   
  18  zeta_y       0.00000e+00   constant   
  19  zeta_vw      0.00000e+00   constant   
  20  T_CBO        9.73694e+00   2.82899e+00   9.80731e-06  -3.36652e+00
  21  alpha_A0     1.43786e-01   2.00866e-01   2.94347e-04  -2.33841e-02
  22  beta_A0     -2.05717e-02   4.01369e-02   2.58264e-04   3.48337e-03
  23  alpha_phi    2.24586e-01   3.04076e-01   2.62427e-04  -5.96266e-02
  24  beta_phi    -5.48020e-01   7.33098e-01   2.74665e-04   1.05651e-01
 EXTERNAL ERROR MATRIX.    NDIM=  25    NPAR=  7    ERR DEF=1
  7.640e-09  1.919e-09 -3.664e-06  1.982e-07 -5.094e-08  3.582e-07 -9.607e-07 
  1.919e-09  7.737e-09 -5.249e-06  3.677e-07  3.302e-08  5.277e-07 -1.356e-06 
 -3.664e-06 -5.249e-06  8.005e+00 -5.581e-01  6.255e-02 -8.550e-01  2.072e+00 
  1.982e-07  3.677e-07 -5.581e-01  4.035e-02 -4.347e-03  5.966e-02 -1.445e-01 
 -5.094e-08  3.302e-08  6.255e-02 -4.347e-03  1.611e-03 -6.732e-03  1.632e-02 
  3.582e-07  5.277e-07 -8.550e-01  5.966e-02 -6.732e-03  9.246e-02 -2.212e-01 
 -9.607e-07 -1.356e-06  2.072e+00 -1.445e-01  1.632e-02 -2.212e-01  5.374e-01 
 PARAMETER  CORRELATION COEFFICIENTS  
       NO.  GLOBAL     13     14     20     21     22     23     24
       13  0.25091   1.000  0.250 -0.015  0.011 -0.015  0.013 -0.015
       14  0.25179   0.250  1.000 -0.021  0.021  0.009  0.020 -0.021
       20  0.99907  -0.015 -0.021  1.000 -0.982  0.551 -0.994  0.999
       21  0.98205   0.011  0.021 -0.982  1.000 -0.539  0.977 -0.981
       22  0.56043  -0.015  0.009  0.551 -0.539  1.000 -0.552  0.555
       23  0.99381   0.013  0.020 -0.994  0.977 -0.552  1.000 -0.992
