 + ++++++++++++++++++++++++++++++++++++++++++++++++++++++++++++++++++++ +
 +                                                                      +
 +           You have chose to blind your fitting according to          +
 +                omega_ref * (1 + (R +/- deltaR) *10^{-6})             +
 +                                                                      +
 + ++++++++++++++++++++++++++++++++++++++++++++++++++++++++++++++++++++ +
In main()...
reading format from /gm2data/zkhechad/run45/envelope/formats/formatB_sBin_constraintOn.txt
pBinTau 	= 0  
pBinPhi 	= 0  
constraintau 	= 1 
includeMopTerm 	= 0    
constrainMop    = 0   
Parameters after format file: pBinTau 0 pBinPhi 0 constraintau 1 includeMopTerm 0 constrainMop 0 c_e_scale 0.000000 
Opening file /gm2data/tbarrett/gm2fr/studies/run23_bunch_corrections/CorrectedFourier_Run3b.root.
reading full fit data from /gm2data/zkhechad/cboTemplates/Run4CBOTemplates/fullFits/noRF/sBin_constraintOn_cE0.0_seed0_noRF_calo14.root
windowBins = 69
fitting sliding window 1540 from bin 1676 at 249.910000 to bin 1745 at 260.354000 (69 bins)

Reading data from /gm2data/cornell/histograms/aMethod/histogram_a_noRF.root
 **********
 **    1 **SET PRINTOUT            1
 **********
 **********
 **    2 **SET NOWARNINGS 
 **********
 PARAMETER DEFINITIONS:
    NO.   NAME         VALUE      STEP SIZE      LIMITS
     1 N0           3.41750e+06  1.00000e+02     no limits
     2 tau          6.44063e+01  constant
     3 A0           3.61912e-01  1.00000e-04     no limits
     4 phi          4.12132e+00  1.00000e-02     no limits
     5 R           -6.04192e+01  constant
     6 alpha_CBO    0.00000e+00  1.00000e-03     no limits
     7 w_CBO        2.32500e+00  constant
     8 beta_CBO     0.00000e+00  1.00000e-03     no limits
     9 alpha_2CBO   0.00000e+00  1.00000e-03     no limits
    10 beta_2CBO    0.00000e+00  1.00000e-03     no limits
    11 alpha_y      0.00000e+00  1.00000e-03     no limits
    12 w_y          1.38860e+01  constant
    13 beta_y       0.00000e+00  1.00000e-03     no limits
    14 alpha_vw     0.00000e+00  1.00000e-03     no limits
    15 w_vw         1.43404e+01  constant
    16 beta_vw      0.00000e+00  1.00000e-03     no limits
    17 LM           8.43198e-05  constant
    18 zeta_y       0.00000e+00  constant
    19 zeta_vw      0.00000e+00  constant
    20 T_CBO        1.00000e+02  1.00000e+00    0.00000e+00  1.00000e+03
    21 alpha_A0     0.00000e+00  1.00000e-04   -1.00000e-02  1.00000e-02
    22 beta_A0      0.00000e+00  1.00000e-04   -1.00000e-02  1.00000e-02
    23 alpha_phi    0.00000e+00  1.00000e-04   -1.00000e-02  1.00000e-02
    24 beta_phi     0.00000e+00  1.00000e-04   -1.00000e-02  1.00000e-02
MINUIT - FIT ONLY WIGGLE
 **********
 **    3 **FIX            5
 **********
 PARAMETER    5  IS CONSTANT.   IGNORED.
 **********
 **    4 **FIX            6
 **********
 **********
 **    5 **FIX            7
 **********
 PARAMETER    7  IS CONSTANT.   IGNORED.
 **********
 **    6 **FIX            8
 **********
 **********
 **    7 **FIX            9
 **********
 **********
 **    8 **FIX           10
 **********
 **********
 **    9 **FIX           11
 **********
 **********
 **   10 **FIX           12
 **********
 PARAMETER   12  IS CONSTANT.   IGNORED.
 **********
 **   11 **FIX           13
 **********
 **********
 **   12 **FIX           14
 **********
 **********
 **   13 **FIX           15
 **********
 PARAMETER   15  IS CONSTANT.   IGNORED.
 **********
 **   14 **FIX           16
 **********
 **********
 **   15 **MIGRAD
 **********
 FIRST CALL TO USER FUNCTION AT NEW START POINT, WITH IFLAG=4.
 START MIGRAD MINIMIZATION.  STRATEGY  1.  CONVERGENCE WHEN EDM .LT. 1.00e-04
 FCN=135.755 FROM MIGRAD    STATUS=INITIATE      437 CALLS         438 TOTAL
                     EDM= unknown      STRATEGY= 1      NO ERROR MATRIX       
  EXT PARAMETER               CURRENT GUESS       STEP         FIRST   
  NO.   NAME      VALUE            ERROR          SIZE      DERIVATIVE 
   1  N0           3.41750e+06   1.00000e+02   0.00000e+00  -1.03144e-03
   2  tau          6.44063e+01   constant   
   3  A0           3.61912e-01   1.00000e-04   0.00000e+00  -5.77610e+03
   4  phi          4.12132e+00   1.00000e-02   0.00000e+00   1.10761e+03
   5  R           -6.04192e+01   constant   
   6  alpha_CBO    0.00000e+00     fixed    
   7  w_CBO        2.32500e+00   constant   
   8  beta_CBO     0.00000e+00     fixed    
   9  alpha_2CBO   0.00000e+00     fixed    
  10  beta_2CBO    0.00000e+00     fixed    
  11  alpha_y      0.00000e+00     fixed    
  12  w_y          1.38860e+01   constant   
  13  beta_y       0.00000e+00     fixed    
  14  alpha_vw     0.00000e+00     fixed    
  15  w_vw         1.43404e+01   constant   
  16  beta_vw      0.00000e+00     fixed    
  17  LM           8.43198e-05   constant   
  18  zeta_y       0.00000e+00   constant   
  19  zeta_vw      0.00000e+00   constant   
  20  T_CBO        1.00000e+02   1.00000e+00   0.00000e+00   0.00000e+00
  21  alpha_A0     0.00000e+00   1.00000e-04   0.00000e+00  -1.45989e+00
  22  beta_A0      0.00000e+00   1.00000e-04   0.00000e+00  -3.79146e-01
  23  alpha_phi    0.00000e+00   1.00000e-04   0.00000e+00  -1.08258e+00
  24  beta_phi     0.00000e+00   1.00000e-04   0.00000e+00  -2.07987e+00
 MIGRAD MINIMIZATION HAS CONVERGED.
 FCN=125.742 FROM MIGRAD    STATUS=CONVERGED     748 CALLS         749 TOTAL
                     EDM=6.1012e-07    STRATEGY= 1  ERROR MATRIX UNCERTAINTY   2.8 per cent
  EXT PARAMETER                                   STEP         FIRST   
  NO.   NAME      VALUE            ERROR          SIZE      DERIVATIVE 
   1  N0           3.41753e+06   1.03262e+03  -1.35994e+00   8.48728e-07
   2  tau          6.44063e+01   constant   
   3  A0           3.62542e-01   4.10224e-04  -1.06363e-07  -2.06019e+00
   4  phi          4.12063e+00   1.11859e-03  -2.47315e-06   3.39772e-01
   5  R           -6.04192e+01   constant   
   6  alpha_CBO    0.00000e+00     fixed    
   7  w_CBO        2.32500e+00   constant   
   8  beta_CBO     0.00000e+00     fixed    
   9  alpha_2CBO   0.00000e+00     fixed    
  10  beta_2CBO    0.00000e+00     fixed    
  11  alpha_y      0.00000e+00     fixed    
  12  w_y          1.38860e+01   constant   
  13  beta_y       0.00000e+00     fixed    
  14  alpha_vw     0.00000e+00     fixed    
  15  w_vw         1.43404e+01   constant   
  16  beta_vw      0.00000e+00     fixed    
  17  LM           8.43198e-05   constant   
  18  zeta_y       0.00000e+00   constant   
  19  zeta_vw      0.00000e+00   constant   
  20  T_CBO        2.73599e+02   1.23965e+02   4.27045e-04   1.51202e-03
  21  alpha_A0     4.45768e-03   4.56458e-03   1.45659e-03   1.09509e-03
  22  beta_A0      7.21366e-04   3.88972e-03   3.07030e-05   5.24101e-04
  23  alpha_phi    3.06218e-03   4.27225e-03   1.04309e-04   4.83754e-04
  24  beta_phi     9.99711e-03   3.13673e-03  -1.08591e-04   6.15858e-04
 EXTERNAL ERROR MATRIX.    NDIM=  25    NPAR=  8    ERR DEF=1
  1.066e+06  9.092e-03  1.791e-01 -3.244e+04 -1.270e+00 -5.536e-01  3.331e-01  1.197e-02 
  9.092e-03  1.683e-07 -5.446e-09  1.207e-02  3.254e-07 -3.223e-08  2.589e-07 -4.038e-09 
  1.791e-01 -5.446e-09  1.251e-06 -1.210e-02 -7.171e-07  3.168e-08  3.391e-07  8.497e-09 
 -3.244e+04  1.207e-02 -1.210e-02  1.578e+04  3.038e-01 -2.022e-02  1.866e-01  3.038e-04 
 -1.270e+00  3.254e-07 -7.171e-07  3.038e-01  2.294e-05  5.899e-07  2.560e-06 -2.939e-08 
 -5.536e-01 -3.223e-08  3.168e-08 -2.022e-02  5.899e-07  1.597e-05  1.564e-06 -1.973e-08 
  3.331e-01  2.589e-07  3.391e-07  1.866e-01  2.560e-06  1.564e-06  1.963e-05 -2.707e-08 
  1.197e-02 -4.038e-09  8.497e-09  3.038e-04 -2.939e-08 -1.973e-08 -2.707e-08  3.834e-08 
 PARAMETER  CORRELATION COEFFICIENTS  
       NO.  GLOBAL      1      3      4     20     21     22     23     24
        1  0.39237   1.000  0.021  0.155 -0.250 -0.257 -0.134  0.073  0.059
        3  0.26932   0.021  1.000 -0.012  0.234  0.166 -0.020  0.142 -0.050
        4  0.20229   0.155 -0.012  1.000 -0.086 -0.134  0.007  0.068  0.039
       20  0.62009  -0.250  0.234 -0.086  1.000  0.505 -0.040  0.335  0.012
       21  0.53356  -0.257  0.166 -0.134  0.505  1.000  0.031  0.121 -0.031
       22  0.21057  -0.134 -0.020  0.007 -0.040  0.031  1.000  0.088 -0.025
       23  0.40735   0.073  0.142  0.068  0.335  0.121  0.088  1.000 -0.031
       24  0.11032   0.059 -0.050  0.039  0.012 -0.031 -0.025 -0.031  1.000
MINUIT - FIT ONLY 1-CBO + wiggle
 **********
 **   16 **RES 
 **********
                   PARAMETER   16  beta_vw RESTORED TO VARIABLE.
                   PARAMETER   14  alpha_vw RESTORED TO VARIABLE.
                   PARAMETER   13  beta_y RESTORED TO VARIABLE.
                   PARAMETER   11  alpha_y RESTORED TO VARIABLE.
                   PARAMETER   10  beta_2CBO RESTORED TO VARIABLE.
                   PARAMETER    9  alpha_2CBO RESTORED TO VARIABLE.
                   PARAMETER    8  beta_CBO RESTORED TO VARIABLE.
                   PARAMETER    6  alpha_CBO RESTORED TO VARIABLE.
 **********
 **   17 **FIX            8
 **********
 **********
 **   18 **FIX            9
 **********
 **********
 **   19 **FIX           11
 **********
 **********
 **   20 **FIX           12
 **********
 PARAMETER   12  IS CONSTANT.   IGNORED.
 **********
 **   21 **FIX           14
 **********
 **********
 **   22 **FIX           15
 **********
 PARAMETER   15  IS CONSTANT.   IGNORED.
 **********
 **   23 **FIX           16
 **********
 **********
 **   24 **MIGRAD
 **********
 START MIGRAD MINIMIZATION.  STRATEGY  1.  CONVERGENCE WHEN EDM .LT. 1.00e-04
 FCN=125.742 FROM MIGRAD    STATUS=INITIATE       28 CALLS         777 TOTAL
                     EDM= unknown      STRATEGY= 1      NO ERROR MATRIX       
  EXT PARAMETER               CURRENT GUESS       STEP         FIRST   
  NO.   NAME      VALUE            ERROR          SIZE      DERIVATIVE 
   1  N0           3.41753e+06   1.03262e+03  -1.35994e+00   8.48728e-07
   2  tau          6.44063e+01   constant   
   3  A0           3.62542e-01   4.10224e-04  -1.06363e-07  -2.06019e+00
   4  phi          4.12063e+00   1.11859e-03  -2.47315e-06   3.39772e-01
   5  R           -6.04192e+01   constant   
   6  alpha_CBO    0.00000e+00   1.00000e-03   1.00000e-03  -1.10511e+04
   7  w_CBO        2.32500e+00   constant   
   8  beta_CBO     0.00000e+00     fixed    
   9  alpha_2CBO   0.00000e+00     fixed    
  10  beta_2CBO    0.00000e+00   1.00000e-03   1.00000e-03   1.29941e+04
  11  alpha_y      0.00000e+00     fixed    
  12  w_y          1.38860e+01   constant   
  13  beta_y       0.00000e+00   1.00000e-03   1.00000e-03  -4.15926e+03
  14  alpha_vw     0.00000e+00     fixed    
  15  w_vw         1.43404e+01   constant   
  16  beta_vw      0.00000e+00     fixed    
  17  LM           8.43198e-05   constant   
  18  zeta_y       0.00000e+00   constant   
  19  zeta_vw      0.00000e+00   constant   
  20  T_CBO        2.73599e+02   1.23965e+02   4.27045e-04   1.51193e-03
  21  alpha_A0     4.45768e-03   4.56458e-03   1.45659e-03  -1.09503e-03
  22  beta_A0      7.21366e-04   3.88972e-03   3.07030e-05   5.24099e-04
  23  alpha_phi    3.06218e-03   4.27225e-03   1.04309e-04  -4.83740e-04
  24  beta_phi     9.99711e-03   3.13673e-03  -1.08591e-04  -6.45999e-04
 MIGRAD MINIMIZATION HAS CONVERGED.
 MIGRAD WILL VERIFY CONVERGENCE AND ERROR MATRIX.
 COVARIANCE MATRIX CALCULATED SUCCESSFULLY
 FCN=111.532 FROM HESSE     STATUS=OK            102 CALLS        1087 TOTAL
                     EDM=6.03206e-05    STRATEGY= 1      ERROR MATRIX ACCURATE 
  EXT PARAMETER                                   STEP         FIRST   
  NO.   NAME      VALUE            ERROR          SIZE      DERIVATIVE 
   1  N0           3.41753e+06   1.07955e+03   5.14642e+00  -4.86703e-06
   2  tau          6.44063e+01   constant   
   3  A0           3.62360e-01   4.21163e-04   2.07564e-06  -2.50466e+00
   4  phi          4.12078e+00   1.13649e-03   5.70374e-06  -8.06515e-01
   5  R           -6.04192e+01   constant   
   6  alpha_CBO    1.02729e-03   4.38850e-04   2.16892e-06  -4.79972e+00
   7  w_CBO        2.32500e+00   constant   
   8  beta_CBO     0.00000e+00     fixed    
   9  alpha_2CBO   0.00000e+00     fixed    
  10  beta_2CBO   -1.19593e-03   4.32868e-04   2.17867e-06  -3.06124e+00
  11  alpha_y      0.00000e+00     fixed    
  12  w_y          1.38860e+01   constant   
  13  beta_y       3.67832e-04   4.19902e-04   2.17366e-06   2.53180e+00
  14  alpha_vw     0.00000e+00     fixed    
  15  w_vw         1.43404e+01   constant   
  16  beta_vw      0.00000e+00     fixed    
  17  LM           8.43198e-05   constant   
  18  zeta_y       0.00000e+00   constant   
  19  zeta_vw      0.00000e+00   constant   
  20  T_CBO        3.06498e+02   6.43780e+02   1.13120e-03   3.13204e-03
  21  alpha_A0     6.95269e-03   1.78709e-02   2.64117e-03  -6.58140e-04
  22  beta_A0     -8.92773e-05   3.48391e-03   1.80457e-03   2.97448e-04
  23  alpha_phi    4.47396e-03   7.52277e-03   1.99855e-03   6.48015e-04
  24  beta_phi     9.79295e-03   1.92536e-02   9.49159e-03  -1.05753e-03
 MIGRAD MINIMIZATION HAS CONVERGED.
 FCN=111.531 FROM MIGRAD    STATUS=CONVERGED     465 CALLS        1214 TOTAL
                     EDM=5.72637e-06    STRATEGY= 1  ERROR MATRIX UNCERTAINTY   6.4 per cent
  EXT PARAMETER                                   STEP         FIRST   
  NO.   NAME      VALUE            ERROR          SIZE      DERIVATIVE 
   1  N0           3.41753e+06   1.03454e+03  -2.40743e+00  -2.78936e-06
   2  tau          6.44063e+01   constant   
   3  A0           3.62360e-01   4.20749e-04  -1.14391e-07   1.33201e+00
   4  phi          4.12078e+00   1.12902e-03  -1.02996e-06  -4.02630e-01
   5  R           -6.04192e+01   constant   
   6  alpha_CBO    1.02755e-03   4.37084e-04  -3.13587e-07  -1.81990e+00
   7  w_CBO        2.32500e+00   constant   
   8  beta_CBO     0.00000e+00     fixed    
   9  alpha_2CBO   0.00000e+00     fixed    
  10  beta_2CBO   -1.19574e-03   4.31943e-04  -2.15192e-07  -2.77193e+00
  11  alpha_y      0.00000e+00     fixed    
  12  w_y          1.38860e+01   constant   
  13  beta_y       3.67695e-04   4.19283e-04   1.77037e-07   1.26807e+00
  14  alpha_vw     0.00000e+00     fixed    
  15  w_vw         1.43404e+01   constant   
  16  beta_vw      0.00000e+00     fixed    
  17  LM           8.43198e-05   constant   
  18  zeta_y       0.00000e+00   constant   
  19  zeta_vw      0.00000e+00   constant   
  20  T_CBO        2.98927e+02   3.09501e+02  -7.23631e-04  -1.77922e-02
  21  alpha_A0     7.10144e-03   1.52609e-02   4.63273e-04  -1.18014e-03
  22  beta_A0     -9.03417e-05   3.48238e-03   1.23482e-04   2.43344e-04
  23  alpha_phi    4.56818e-03   5.23000e-03   6.38351e-04  -5.44943e-04
  24  beta_phi     9.98952e-03   1.79793e-02   2.24567e-02  -1.10832e-03
 EXTERNAL ERROR MATRIX.    NDIM=  25    NPAR= 11    ERR DEF=1
  1.070e+06 
 -1.186e-03  1.770e-07 
  1.820e-01 -2.384e-08  1.275e-06 
 -3.793e-02 -3.796e-08  5.254e-08  1.910e-07 
 -2.746e-02 -3.434e-09  2.122e-08  3.714e-09  1.866e-07 
  1.363e-02  2.717e-09 -1.482e-09 -1.573e-09 -1.591e-09  1.758e-07 
 -6.742e+04  1.106e-02 -3.000e-02 -9.135e-03 -1.076e-02  4.537e-03  1.155e+05 
  1.859e+00 -3.865e-07  1.069e-06  4.744e-07  2.206e-08 -7.486e-08 -2.411e+00  6.428e-05 
 -5.467e-01 -2.066e-08  6.847e-09  6.551e-08  1.641e-07 -1.580e-08  3.946e-02 -1.580e-06  1.265e-05 
  2.796e-01 -2.377e-07  7.118e-08  2.336e-07 -2.732e-08 -6.128e-08 -1.475e+00  3.034e-05 -1.302e-06  3.126e-05 
 -2.746e-01 -5.222e-09 -1.048e-07 -3.060e-08 -1.891e-08  1.609e-08 -1.369e+00  2.676e-05  7.742e-08  1.793e-05  2.227e-05 
 PARAMETER  CORRELATION COEFFICIENTS  
       NO.  GLOBAL      1      3      4      6     10     13     20     21     22     23     24
        1  0.54495   1.000 -0.003  0.156 -0.084 -0.061  0.031 -0.192  0.224 -0.149  0.048 -0.056
        3  0.25194  -0.003  1.000 -0.050 -0.206 -0.019  0.015  0.077 -0.115 -0.014 -0.101 -0.003
        4  0.24013   0.156 -0.050  1.000  0.106  0.044 -0.003 -0.078  0.118  0.002  0.011 -0.020
        6  0.33458  -0.084 -0.206  0.106  1.000  0.020 -0.009 -0.061  0.135  0.042  0.096 -0.015
       10  0.30666  -0.061 -0.019  0.044  0.020  1.000 -0.009 -0.073  0.006  0.107 -0.011 -0.009
       13  0.11092   0.031  0.015 -0.003 -0.009 -0.009  1.000  0.032 -0.022 -0.011 -0.026  0.008
       20  0.95958  -0.192  0.077 -0.078 -0.061 -0.073  0.032  1.000 -0.885  0.033 -0.776 -0.853
       21  0.89666   0.224 -0.115  0.118  0.135  0.006 -0.022 -0.885  1.000 -0.055  0.677  0.707
       22  0.20301  -0.149 -0.014  0.002  0.042  0.107 -0.011  0.033 -0.055  1.000 -0.065  0.005
       23  0.79167   0.048 -0.101  0.011  0.096 -0.011 -0.026 -0.776  0.677 -0.065  1.000  0.679
       24  0.89701  -0.056 -0.003 -0.020 -0.015 -0.009  0.008 -0.853  0.707  0.005  0.679  1.000
MINUIT - FIT ONLY 2-CBO
 **********
 **   25 **RES 
 **********
                   PARAMETER   16  beta_vw RESTORED TO VARIABLE.
                   PARAMETER   14  alpha_vw RESTORED TO VARIABLE.
                   PARAMETER   11  alpha_y RESTORED TO VARIABLE.
                   PARAMETER    9  alpha_2CBO RESTORED TO VARIABLE.
                   PARAMETER    8  beta_CBO RESTORED TO VARIABLE.
 **********
 **   26 **FIX            0
 **********
 PARAMETER    0  IS UNDEFINED. IGNORED.
 **********
 **   27 **FIX            1
 **********
 **********
 **   28 **FIX            2
 **********
 PARAMETER    2  IS CONSTANT.   IGNORED.
 **********
 **   29 **FIX            3
 **********
 **********
 **   30 **FIX            4
 **********
 **********
 **   31 **FIX            5
 **********
 PARAMETER    5  IS CONSTANT.   IGNORED.
 **********
 **   32 **FIX            6
 **********
 **********
 **   33 **FIX            7
 **********
 PARAMETER    7  IS CONSTANT.   IGNORED.
 **********
 **   34 **FIX           10
 **********
 **********
 **   35 **FIX           11
 **********
 **********
 **   36 **FIX           12
 **********
 PARAMETER   12  IS CONSTANT.   IGNORED.
 **********
 **   37 **FIX           13
 **********
 **********
 **   38 **FIX           14
 **********
 **********
 **   39 **FIX           15
 **********
 PARAMETER   15  IS CONSTANT.   IGNORED.
 **********
 **   40 **FIX           16
 **********
 **********
 **   41 **MIGRAD
 **********
 START MIGRAD MINIMIZATION.  STRATEGY  1.  CONVERGENCE WHEN EDM .LT. 1.00e-04
 FCN=111.531 FROM MIGRAD    STATUS=INITIATE       18 CALLS        1232 TOTAL
                     EDM= unknown      STRATEGY= 1      NO ERROR MATRIX       
  EXT PARAMETER               CURRENT GUESS       STEP         FIRST   
  NO.   NAME      VALUE            ERROR          SIZE      DERIVATIVE 
   1  N0           3.41753e+06     fixed    
   2  tau          6.44063e+01   constant   
   3  A0           3.62360e-01     fixed    
   4  phi          4.12078e+00     fixed    
   5  R           -6.04192e+01   constant   
   6  alpha_CBO    1.02755e-03     fixed    
   7  w_CBO        2.32500e+00   constant   
   8  beta_CBO     0.00000e+00   1.00000e-03   1.00000e-03   2.69610e+04
   9  alpha_2CBO   0.00000e+00   1.00000e-03   1.00000e-03  -1.29003e+00
  10  beta_2CBO   -1.19574e-03     fixed    
  11  alpha_y      0.00000e+00     fixed    
  12  w_y          1.38860e+01   constant   
  13  beta_y       3.67695e-04     fixed    
  14  alpha_vw     0.00000e+00     fixed    
  15  w_vw         1.43404e+01   constant   
  16  beta_vw      0.00000e+00     fixed    
  17  LM           8.43198e-05   constant   
  18  zeta_y       0.00000e+00   constant   
  19  zeta_vw      0.00000e+00   constant   
  20  T_CBO        2.98927e+02   3.09501e+02  -7.23631e-04  -1.77920e-02
  21  alpha_A0     7.10144e-03   1.52609e-02   4.63273e-04  -1.18022e-03
  22  beta_A0     -9.03417e-05   3.48238e-03   1.23482e-04   2.43359e-04
  23  alpha_phi    4.56818e-03   5.23000e-03   6.38351e-04  -5.44979e-04
  24  beta_phi     9.98952e-03   1.79793e-02   2.24567e-02  -1.24428e-03
 MIGRAD MINIMIZATION HAS CONVERGED.
 MIGRAD WILL VERIFY CONVERGENCE AND ERROR MATRIX.
 COVARIANCE MATRIX CALCULATED SUCCESSFULLY
 FCN=79.2685 FROM MIGRAD    STATUS=CONVERGED     173 CALLS        1387 TOTAL
                     EDM=5.75599e-06    STRATEGY= 1      ERROR MATRIX ACCURATE 
  EXT PARAMETER                                   STEP         FIRST   
  NO.   NAME      VALUE            ERROR          SIZE      DERIVATIVE 
   1  N0           3.41753e+06     fixed    
   2  tau          6.44063e+01   constant   
   3  A0           3.62360e-01     fixed    
   4  phi          4.12078e+00     fixed    
   5  R           -6.04192e+01   constant   
   6  alpha_CBO    1.02755e-03     fixed    
   7  w_CBO        2.32500e+00   constant   
   8  beta_CBO    -2.39338e-03   4.21382e-04   1.81977e-06  -1.63125e-02
   9  alpha_2CBO  -5.86551e-05   4.22824e-04   1.81176e-06  -5.32268e+00
  10  beta_2CBO   -1.19574e-03     fixed    
  11  alpha_y      0.00000e+00     fixed    
  12  w_y          1.38860e+01   constant   
  13  beta_y       3.67695e-04     fixed    
  14  alpha_vw     0.00000e+00     fixed    
  15  w_vw         1.43404e+01   constant   
  16  beta_vw      0.00000e+00     fixed    
  17  LM           8.43198e-05   constant   
  18  zeta_y       0.00000e+00   constant   
  19  zeta_vw      0.00000e+00   constant   
  20  T_CBO        2.98851e+02   3.63083e+02   9.18017e-04   1.48803e-03
  21  alpha_A0     6.37386e-03   1.52339e-02   2.13494e-03  -2.15014e-03
  22  beta_A0     -3.28151e-03   5.02483e-03   1.64664e-03   1.96145e-03
  23  alpha_phi    4.85960e-03   6.20627e-03   1.76120e-03   4.59871e-03
  24  beta_phi     9.94570e-03   1.20910e-02   1.24294e-02   1.46109e-04
 EXTERNAL ERROR MATRIX.    NDIM=  25    NPAR=  7    ERR DEF=1
  1.776e-07  4.342e-09 -7.463e-05  5.477e-08  2.364e-07 -2.011e-08  7.441e-09 
  4.342e-09  1.788e-07  6.806e-03 -2.901e-08  2.182e-07 -2.909e-07 -6.290e-09 
 -7.463e-05  6.806e-03  1.758e+05 -3.227e+00  1.618e+00 -2.478e+00 -4.747e+00 
  5.477e-08 -2.901e-08 -3.227e+00  7.354e-05 -3.007e-05  4.493e-05  8.592e-05 
  2.364e-07  2.182e-07  1.618e+00 -3.007e-05  2.807e-05 -2.401e-05 -4.329e-05 
 -2.011e-08 -2.909e-07 -2.478e+00  4.493e-05 -2.401e-05  4.763e-05  6.628e-05 
  7.441e-09 -6.290e-09 -4.747e+00  8.592e-05 -4.329e-05  6.628e-05  1.434e-04 
 PARAMETER  CORRELATION COEFFICIENTS  
       NO.  GLOBAL      8      9     20     21     22     23     24
        8  0.15959   1.000  0.024 -0.000  0.015  0.106 -0.007  0.001
        9  0.20150   0.024  1.000  0.038 -0.008  0.097 -0.100 -0.001
       20  0.97346  -0.000  0.038  1.000 -0.897  0.728 -0.856 -0.945
       21  0.89903   0.015 -0.008 -0.897  1.000 -0.662  0.759  0.837
       22  0.74144   0.106  0.097  0.728 -0.662  1.000 -0.657 -0.682
       23  0.86043  -0.007 -0.100 -0.856  0.759 -0.657  1.000  0.802
       24  0.94665   0.001 -0.001 -0.945  0.837 -0.682  0.802  1.000
MINUIT - FIT wiggle + 1-CBO + 2-CBO
 **********
 **   42 **RES 
 **********
                   PARAMETER   16  beta_vw RESTORED TO VARIABLE.
                   PARAMETER   14  alpha_vw RESTORED TO VARIABLE.
                   PARAMETER   13  beta_y RESTORED TO VARIABLE.
                   PARAMETER   11  alpha_y RESTORED TO VARIABLE.
                   PARAMETER   10  beta_2CBO RESTORED TO VARIABLE.
                   PARAMETER    6  alpha_CBO RESTORED TO VARIABLE.
                   PARAMETER    4  phi RESTORED TO VARIABLE.
                   PARAMETER    3  A0 RESTORED TO VARIABLE.
                   PARAMETER    1  N0 RESTORED TO VARIABLE.
 **********
 **   43 **FIX           10
 **********
 **********
 **   44 **FIX           11
 **********
 **********
 **   45 **FIX           12
 **********
 PARAMETER   12  IS CONSTANT.   IGNORED.
 **********
 **   46 **FIX           13
 **********
 **********
 **   47 **FIX           14
 **********
 **********
 **   48 **FIX           15
 **********
 PARAMETER   15  IS CONSTANT.   IGNORED.
 **********
 **   49 **FIX           16
 **********
 **********
 **   50 **MIGRAD
 **********
 START MIGRAD MINIMIZATION.  STRATEGY  1.  CONVERGENCE WHEN EDM .LT. 1.00e-04
 FCN=79.2685 FROM MIGRAD    STATUS=INITIATE       22 CALLS        1409 TOTAL
                     EDM= unknown      STRATEGY= 1      NO ERROR MATRIX       
  EXT PARAMETER               CURRENT GUESS       STEP         FIRST   
  NO.   NAME      VALUE            ERROR          SIZE      DERIVATIVE 
   1  N0           3.41753e+06   1.03454e+03   1.03454e+03   4.39780e-05
   2  tau          6.44063e+01   constant   
   3  A0           3.62360e-01   4.20749e-04   4.20749e-04  -4.69426e+03
   4  phi          4.12078e+00   1.12902e-03   1.12902e-03  -1.50629e+03
   5  R           -6.04192e+01   constant   
   6  alpha_CBO    1.02755e-03   4.37084e-04   4.37084e-04  -8.39155e+02
   7  w_CBO        2.32500e+00   constant   
   8  beta_CBO    -2.39338e-03   4.21382e-04   1.81977e-06  -1.63119e-02
   9  alpha_2CBO  -5.86551e-05   4.22824e-04   1.81176e-06  -5.32268e+00
  10  beta_2CBO   -1.19574e-03     fixed    
  11  alpha_y      0.00000e+00     fixed    
  12  w_y          1.38860e+01   constant   
  13  beta_y       3.67695e-04     fixed    
  14  alpha_vw     0.00000e+00     fixed    
  15  w_vw         1.43404e+01   constant   
  16  beta_vw      0.00000e+00     fixed    
  17  LM           8.43198e-05   constant   
  18  zeta_y       0.00000e+00   constant   
  19  zeta_vw      0.00000e+00   constant   
  20  T_CBO        2.98851e+02   3.63083e+02   9.18017e-04   1.46380e-03
  21  alpha_A0     6.37386e-03   1.52339e-02   2.13494e-03  -2.16538e-03
  22  beta_A0     -3.28151e-03   5.02483e-03   1.64664e-03   1.96781e-03
  23  alpha_phi    4.85960e-03   6.20627e-03   1.76120e-03   4.58849e-03
  24  beta_phi     9.94570e-03   1.20910e-02   1.24294e-02   1.28994e-04
 MIGRAD MINIMIZATION HAS CONVERGED.
 FCN=77.5524 FROM MIGRAD    STATUS=CONVERGED     200 CALLS        1587 TOTAL
                     EDM=9.14991e-06    STRATEGY= 1  ERROR MATRIX UNCERTAINTY   2.4 per cent
  EXT PARAMETER                                   STEP         FIRST   
  NO.   NAME      VALUE            ERROR          SIZE      DERIVATIVE 
   1  N0           3.41768e+06   1.06954e+03  -1.07439e+01  -1.87883e-06
   2  tau          6.44063e+01   constant   
   3  A0           3.62768e-01   4.22875e-04  -1.45465e-06  -4.28947e-02
   4  phi          4.12177e+00   1.14578e-03  -1.20241e-06  -6.47440e-01
   5  R           -6.04192e+01   constant   
   6  alpha_CBO    1.06372e-03   4.34594e-04   1.12474e-06  -8.33280e+00
   7  w_CBO        2.32500e+00   constant   
   8  beta_CBO    -2.52030e-03   4.24061e-04  -2.40170e-06   5.27574e-01
   9  alpha_2CBO  -2.31775e-05   4.22058e-04   3.26687e-07  -7.11533e-02
  10  beta_2CBO   -1.19574e-03     fixed    
  11  alpha_y      0.00000e+00     fixed    
  12  w_y          1.38860e+01   constant   
  13  beta_y       3.67695e-04     fixed    
  14  alpha_vw     0.00000e+00     fixed    
  15  w_vw         1.43404e+01   constant   
  16  beta_vw      0.00000e+00     fixed    
  17  LM           8.43198e-05   constant   
  18  zeta_y       0.00000e+00   constant   
  19  zeta_vw      0.00000e+00   constant   
  20  T_CBO        3.23455e+02   1.50432e+02   1.90542e-03  -8.59750e-03
  21  alpha_A0     6.05037e-03   4.50440e-03  -9.03320e-04   3.35761e-03
  22  beta_A0     -3.23021e-03   3.61852e-03  -4.99387e-04   2.20958e-03
  23  alpha_phi    4.08643e-03   3.85480e-03  -1.19785e-03  -8.34227e-03
  24  beta_phi     9.99952e-03   1.44705e-02  -4.34765e-04   1.92006e-04
 EXTERNAL ERROR MATRIX.    NDIM=  25    NPAR= 11    ERR DEF=1
  1.144e+06 
  1.889e-02  1.788e-07 
  1.795e-01 -7.694e-10  1.313e-06 
 -2.445e-02 -2.361e-08 -5.583e-09  1.889e-07 
 -1.207e-02 -2.599e-08 -8.149e-08 -1.246e-08  1.798e-07 
  6.078e-03  1.513e-08  4.502e-09 -7.471e-09 -6.411e-09  1.781e-07 
 -3.355e+04  1.619e-02 -1.607e-02 -4.114e-03 -2.611e-03  8.986e-03  2.346e+04 
  9.525e-01 -3.217e-07  5.087e-07  2.984e-07  4.735e-08 -2.230e-07 -4.542e-01  2.292e-05 
 -9.164e-01  1.440e-07 -2.990e-07 -1.086e-07  1.783e-07  1.155e-07  2.048e-01 -4.369e-06  1.379e-05 
 -3.060e-01 -3.940e-07 -1.051e-07  2.590e-07  6.464e-08 -1.543e-07 -2.595e-01  4.283e-06 -2.785e-06  1.584e-05 
  7.560e-03 -1.814e-09  3.820e-09  8.630e-10  1.156e-09 -1.015e-09 -2.314e-04  1.917e-08 -2.871e-08 -1.001e-08  2.101e-08 
 PARAMETER  CORRELATION COEFFICIENTS  
       NO.  GLOBAL      1      3      4      6      8      9     20     21     22     23     24
        1  0.35880   1.000  0.042  0.146 -0.053 -0.027  0.013 -0.205  0.186 -0.231 -0.072  0.049
        3  0.34279   0.042  1.000 -0.002 -0.128 -0.145  0.085  0.250 -0.159  0.092 -0.234 -0.030
        4  0.24009   0.146 -0.002  1.000 -0.011 -0.168  0.009 -0.092  0.093 -0.070 -0.023  0.023
        6  0.25254  -0.053 -0.128 -0.011  1.000 -0.068 -0.041 -0.062  0.143 -0.067  0.150  0.014
        8  0.27496  -0.027 -0.145 -0.168 -0.068  1.000 -0.036 -0.040  0.023  0.113  0.038  0.019
        9  0.16561   0.013  0.085  0.009 -0.041 -0.036  1.000  0.139 -0.110  0.074 -0.092 -0.017
       20  0.72538  -0.205  0.250 -0.092 -0.062 -0.040  0.139  1.000 -0.619  0.360 -0.426 -0.010
       21  0.63518   0.186 -0.159  0.093  0.143  0.023 -0.110 -0.619  1.000 -0.246  0.225  0.028
       22  0.42463  -0.231  0.092 -0.070 -0.067  0.113  0.074  0.360 -0.246  1.000 -0.188 -0.053
       23  0.48997  -0.072 -0.234 -0.023  0.150  0.038 -0.092 -0.426  0.225 -0.188  1.000 -0.017
       24  0.08731   0.049 -0.030  0.023  0.014  0.019 -0.017 -0.010  0.028 -0.053 -0.017  1.000
MINUIT - FIT ONLY 1-y
 **********
 **   51 **RES 
 **********
                   PARAMETER   16  beta_vw RESTORED TO VARIABLE.
                   PARAMETER   14  alpha_vw RESTORED TO VARIABLE.
                   PARAMETER   13  beta_y RESTORED TO VARIABLE.
                   PARAMETER   11  alpha_y RESTORED TO VARIABLE.
                   PARAMETER   10  beta_2CBO RESTORED TO VARIABLE.
 **********
 **   52 **FIX            0
 **********
 PARAMETER    0  IS UNDEFINED. IGNORED.
 **********
 **   53 **FIX            1
 **********
 **********
 **   54 **FIX            2
 **********
 PARAMETER    2  IS CONSTANT.   IGNORED.
 **********
 **   55 **FIX            3
 **********
 **********
 **   56 **FIX            4
 **********
 **********
 **   57 **FIX            5
 **********
 PARAMETER    5  IS CONSTANT.   IGNORED.
 **********
 **   58 **FIX            6
 **********
 **********
 **   59 **FIX            7
 **********
 PARAMETER    7  IS CONSTANT.   IGNORED.
 **********
 **   60 **FIX            8
 **********
 **********
 **   61 **FIX            9
 **********
 **********
 **   62 **FIX           13
 **********
 **********
 **   63 **FIX           14
 **********
 **********
 **   64 **FIX           15
 **********
 PARAMETER   15  IS CONSTANT.   IGNORED.
 **********
 **   65 **FIX           16
 **********
 **********
 **   66 **MIGRAD
 **********
 START MIGRAD MINIMIZATION.  STRATEGY  1.  CONVERGENCE WHEN EDM .LT. 1.00e-04
 FCN=77.5524 FROM MIGRAD    STATUS=INITIATE       16 CALLS        1603 TOTAL
                     EDM= unknown      STRATEGY= 1      NO ERROR MATRIX       
  EXT PARAMETER               CURRENT GUESS       STEP         FIRST   
  NO.   NAME      VALUE            ERROR          SIZE      DERIVATIVE 
   1  N0           3.41768e+06     fixed    
   2  tau          6.44063e+01   constant   
   3  A0           3.62768e-01     fixed    
   4  phi          4.12177e+00     fixed    
   5  R           -6.04192e+01   constant   
   6  alpha_CBO    1.06372e-03     fixed    
   7  w_CBO        2.32500e+00   constant   
   8  beta_CBO    -2.52030e-03     fixed    
   9  alpha_2CBO  -2.31775e-05     fixed    
  10  beta_2CBO   -1.19574e-03   4.31943e-04   4.31943e-04  -1.98965e+03
  11  alpha_y      0.00000e+00   1.00000e-03   1.00000e-03  -3.28981e+03
  12  w_y          1.38860e+01   constant   
  13  beta_y       3.67695e-04     fixed    
  14  alpha_vw     0.00000e+00     fixed    
  15  w_vw         1.43404e+01   constant   
  16  beta_vw      0.00000e+00     fixed    
  17  LM           8.43198e-05   constant   
  18  zeta_y       0.00000e+00   constant   
  19  zeta_vw      0.00000e+00   constant   
  20  T_CBO        3.23455e+02   1.50432e+02   1.90542e-03  -8.59770e-03
  21  alpha_A0     6.05037e-03   4.50440e-03  -9.03320e-04   3.35768e-03
  22  beta_A0     -3.23021e-03   3.61852e-03  -4.99387e-04   2.20952e-03
  23  alpha_phi    4.08643e-03   3.85480e-03  -1.19785e-03  -8.34222e-03
  24  beta_phi     9.99952e-03   1.44705e-02  -4.34765e-04  -2.56562e-04
 MIGRAD MINIMIZATION HAS CONVERGED.
 MIGRAD WILL VERIFY CONVERGENCE AND ERROR MATRIX.
 FCN=76.9026 FROM MIGRAD    STATUS=CONVERGED     174 CALLS        1761 TOTAL
                     EDM=4.70699e-05    STRATEGY= 1      ERR MATRIX NOT POS-DEF
  EXT PARAMETER                APPROXIMATE        STEP         FIRST   
  NO.   NAME      VALUE            ERROR          SIZE      DERIVATIVE 
   1  N0           3.41768e+06     fixed    
   2  tau          6.44063e+01   constant   
   3  A0           3.62768e-01     fixed    
   4  phi          4.12177e+00     fixed    
   5  R           -6.04192e+01   constant   
   6  alpha_CBO    1.06372e-03     fixed    
   7  w_CBO        2.32500e+00   constant   
   8  beta_CBO    -2.52030e-03     fixed    
   9  alpha_2CBO  -2.31775e-05     fixed    
  10  beta_2CBO   -1.01085e-03   4.23819e-04   1.81279e-06   5.81454e-01
  11  alpha_y      2.83321e-04   4.07845e-04   1.78880e-06  -5.92113e-01
  12  w_y          1.38860e+01   constant   
  13  beta_y       3.67695e-04     fixed    
  14  alpha_vw     0.00000e+00     fixed    
  15  w_vw         1.43404e+01   constant   
  16  beta_vw      0.00000e+00     fixed    
  17  LM           8.43198e-05   constant   
  18  zeta_y       0.00000e+00   constant   
  19  zeta_vw      0.00000e+00   constant   
  20  T_CBO        3.17840e+02   7.66372e+02   9.95351e-04  -2.10527e-03
  21  alpha_A0     5.98681e-03   1.65366e-02   1.91817e-03  -2.54630e-03
  22  beta_A0     -3.14693e-03   1.34095e-02   1.53282e-03   2.71430e-03
  23  alpha_phi    4.03445e-03   1.69346e-02   1.57205e-03  -1.26831e-03
  24  beta_phi     9.92999e-03   1.60195e-02   1.55193e-02   1.04039e-04
 EXTERNAL ERROR MATRIX.    NDIM=  25    NPAR=  7    ERR DEF=1
  1.796e-07 -1.028e-10  2.989e-02 -5.967e-07  3.536e-07 -4.513e-07  9.462e-07 
 -1.028e-10  1.663e-07  1.159e-02 -1.451e-07  7.683e-08 -8.123e-08  3.177e-07 
  2.989e-02  1.159e-02  2.726e+06 -3.918e+01  2.015e+01 -2.670e+01  7.002e+01 
 -5.967e-07 -1.451e-07 -3.918e+01  5.758e-04 -2.902e-04  3.836e-04 -1.005e-03 
  3.536e-07  7.683e-08  2.015e+01 -2.902e-04  1.601e-04 -1.983e-04  5.176e-04 
 -4.513e-07 -8.123e-08 -2.670e+01  3.836e-04 -1.983e-04  2.725e-04 -6.855e-04 
  9.462e-07  3.177e-07  7.002e+01 -1.005e-03  5.176e-04 -6.855e-04  1.812e-03 
ERR MATRIX NOT POS-DEF
 PARAMETER  CORRELATION COEFFICIENTS  
       NO.  GLOBAL     10     11     20     21     22     23     24
       10  0.22395   1.000 -0.001  0.043 -0.059  0.066 -0.065  0.052
       11  0.03546  -0.001  1.000  0.017 -0.015  0.015 -0.012  0.018
       20  0.99795   0.043  0.017  1.000 -0.989  0.964 -0.980  0.996
       21  0.98929  -0.059 -0.015 -0.989  1.000 -0.956  0.968 -0.984
       22  0.96507   0.066  0.015  0.964 -0.956  1.000 -0.950  0.961
       23  0.98009  -0.065 -0.012 -0.980  0.968 -0.950  1.000 -0.976
       24  0.99648   0.052  0.018  0.996 -0.984  0.961 -0.976  1.000
 ERR MATRIX NOT POS-DEF
MINUIT - FIT ONLY 2-y
 **********
 **   67 **RES 
 **********
                   PARAMETER   16  beta_vw RESTORED TO VARIABLE.
                   PARAMETER   14  alpha_vw RESTORED TO VARIABLE.
                   PARAMETER   13  beta_y RESTORED TO VARIABLE.
                   PARAMETER    9  alpha_2CBO RESTORED TO VARIABLE.
                   PARAMETER    8  beta_CBO RESTORED TO VARIABLE.
                   PARAMETER    6  alpha_CBO RESTORED TO VARIABLE.
                   PARAMETER    4  phi RESTORED TO VARIABLE.
                   PARAMETER    3  A0 RESTORED TO VARIABLE.
                   PARAMETER    1  N0 RESTORED TO VARIABLE.
 **********
 **   68 **FIX            0
 **********
 PARAMETER    0  IS UNDEFINED. IGNORED.
 **********
 **   69 **FIX            1
 **********
 **********
 **   70 **FIX            2
 **********
 PARAMETER    2  IS CONSTANT.   IGNORED.
 **********
 **   71 **FIX            3
 **********
 **********
 **   72 **FIX            4
 **********
 **********
 **   73 **FIX            5
 **********
 PARAMETER    5  IS CONSTANT.   IGNORED.
 **********
 **   74 **FIX            6
 **********
 **********
 **   75 **FIX            7
 **********
 PARAMETER    7  IS CONSTANT.   IGNORED.
 **********
 **   76 **FIX            8
 **********
 **********
 **   77 **FIX            9
 **********
 **********
 **   78 **FIX           10
 **********
 **********
 **   79 **FIX           11
 **********
 **********
 **   80 **FIX           12
 **********
 PARAMETER   12  IS CONSTANT.   IGNORED.
 **********
 **   81 **FIX           16
 **********
 **********
 **   82 **MIGRAD
 **********
 START MIGRAD MINIMIZATION.  STRATEGY  1.  CONVERGENCE WHEN EDM .LT. 1.00e-04
 FCN=76.9026 FROM MIGRAD    STATUS=INITIATE       16 CALLS        1777 TOTAL
                     EDM= unknown      STRATEGY= 1      NO ERROR MATRIX       
  EXT PARAMETER               CURRENT GUESS       STEP         FIRST   
  NO.   NAME      VALUE            ERROR          SIZE      DERIVATIVE 
   1  N0           3.41768e+06     fixed    
   2  tau          6.44063e+01   constant   
   3  A0           3.62768e-01     fixed    
   4  phi          4.12177e+00     fixed    
   5  R           -6.04192e+01   constant   
   6  alpha_CBO    1.06372e-03     fixed    
   7  w_CBO        2.32500e+00   constant   
   8  beta_CBO    -2.52030e-03     fixed    
   9  alpha_2CBO  -2.31775e-05     fixed    
  10  beta_2CBO   -1.01085e-03     fixed    
  11  alpha_y      2.83321e-04     fixed    
  12  w_y          1.38860e+01   constant   
  13  beta_y       3.67695e-04   4.19283e-04   4.19283e-04   4.87578e+02
  14  alpha_vw     0.00000e+00   1.00000e-03   1.00000e-03   2.81442e+03
  15  w_vw         1.43404e+01   constant   
  16  beta_vw      0.00000e+00     fixed    
  17  LM           8.43198e-05   constant   
  18  zeta_y       0.00000e+00   constant   
  19  zeta_vw      0.00000e+00   constant   
  20  T_CBO        3.17840e+02   7.66372e+02   9.95351e-04  -2.12955e-03
  21  alpha_A0     5.98681e-03   1.65366e-02   1.91817e-03  -2.55964e-03
  22  beta_A0     -3.14693e-03   1.34095e-02   1.53282e-03   2.72033e-03
  23  alpha_phi    4.03445e-03   1.69346e-02   1.57205e-03  -1.27617e-03
  24  beta_phi     9.92999e-03   1.60195e-02   1.55193e-02  -1.37605e-04
 MIGRAD MINIMIZATION HAS CONVERGED.
 MIGRAD WILL VERIFY CONVERGENCE AND ERROR MATRIX.
 COVARIANCE MATRIX CALCULATED SUCCESSFULLY
 FCN=76.516 FROM MIGRAD    STATUS=CONVERGED     118 CALLS        1879 TOTAL
                     EDM=1.16833e-05    STRATEGY= 1      ERROR MATRIX ACCURATE 
  EXT PARAMETER                                   STEP         FIRST   
  NO.   NAME      VALUE            ERROR          SIZE      DERIVATIVE 
   1  N0           3.41768e+06     fixed    
   2  tau          6.44063e+01   constant   
   3  A0           3.62768e-01     fixed    
   4  phi          4.12177e+00     fixed    
   5  R           -6.04192e+01   constant   
   6  alpha_CBO    1.06372e-03     fixed    
   7  w_CBO        2.32500e+00   constant   
   8  beta_CBO    -2.52030e-03     fixed    
   9  alpha_2CBO  -2.31775e-05     fixed    
  10  beta_2CBO   -1.01085e-03     fixed    
  11  alpha_y      2.83321e-04     fixed    
  12  w_y          1.38860e+01   constant   
  13  beta_y       2.82081e-04   4.25461e-04   1.80400e-06  -1.95629e-01
  14  alpha_vw    -2.59903e-04   4.23783e-04   1.79695e-06   1.54875e-02
  15  w_vw         1.43404e+01   constant   
  16  beta_vw      0.00000e+00     fixed    
