 + ++++++++++++++++++++++++++++++++++++++++++++++++++++++++++++++++++++ +
 +                                                                      +
 +           You have chose to blind your fitting according to          +
 +                omega_ref * (1 + (R +/- deltaR) *10^{-6})             +
 +                                                                      +
 + ++++++++++++++++++++++++++++++++++++++++++++++++++++++++++++++++++++ +
In main()...
reading format from /gm2data/zkhechad/run45/envelope/formats/formatB_sBin_constraintOn.txt
pBinTau 	= 0  
pBinPhi 	= 0  
constraintau 	= 1 
includeMopTerm 	= 0    
constrainMop    = 0   
Parameters after format file: pBinTau 0 pBinPhi 0 constraintau 1 includeMopTerm 0 constrainMop 0 c_e_scale 0.000000 
Opening file /gm2data/tbarrett/gm2fr/studies/run23_bunch_corrections/CorrectedFourier_Run3b.root.
reading full fit data from /gm2data/zkhechad/cboTemplates/Run4CBOTemplates/fullFits/noRF/sBin_constraintOn_cE0.0_seed0_noRF_calo18.root
windowBins = 69
fitting sliding window 1750 from bin 1886 at 281.242000 to bin 1955 at 291.686000 (69 bins)

Reading data from /gm2data/cornell/histograms/aMethod/histogram_a_noRF.root
 **********
 **    1 **SET PRINTOUT            1
 **********
 **********
 **    2 **SET NOWARNINGS 
 **********
 PARAMETER DEFINITIONS:
    NO.   NAME         VALUE      STEP SIZE      LIMITS
     1 N0           3.61741e+06  1.00000e+02     no limits
     2 tau          6.44109e+01  constant
     3 A0           3.53417e-01  1.00000e-04     no limits
     4 phi          4.12209e+00  1.00000e-02     no limits
     5 R           -6.03373e+01  constant
     6 alpha_CBO    0.00000e+00  1.00000e-03     no limits
     7 w_CBO        2.32500e+00  constant
     8 beta_CBO     0.00000e+00  1.00000e-03     no limits
     9 alpha_2CBO   0.00000e+00  1.00000e-03     no limits
    10 beta_2CBO    0.00000e+00  1.00000e-03     no limits
    11 alpha_y      0.00000e+00  1.00000e-03     no limits
    12 w_y          1.38860e+01  constant
    13 beta_y       0.00000e+00  1.00000e-03     no limits
    14 alpha_vw     0.00000e+00  1.00000e-03     no limits
    15 w_vw         1.43404e+01  constant
    16 beta_vw      0.00000e+00  1.00000e-03     no limits
    17 LM           1.86654e-04  constant
    18 zeta_y       0.00000e+00  constant
    19 zeta_vw      0.00000e+00  constant
    20 T_CBO        1.00000e+02  1.00000e+00    0.00000e+00  1.00000e+03
    21 alpha_A0     0.00000e+00  1.00000e-03     no limits
    22 beta_A0      0.00000e+00  1.00000e-03     no limits
    23 alpha_phi    0.00000e+00  1.00000e-03     no limits
    24 beta_phi     0.00000e+00  1.00000e-03     no limits
MINUIT - FIT ONLY WIGGLE
 **********
 **    3 **FIX            5
 **********
 PARAMETER    5  IS CONSTANT.   IGNORED.
 **********
 **    4 **FIX            6
 **********
 **********
 **    5 **FIX            7
 **********
 PARAMETER    7  IS CONSTANT.   IGNORED.
 **********
 **    6 **FIX            8
 **********
 **********
 **    7 **FIX            9
 **********
 **********
 **    8 **FIX           10
 **********
 **********
 **    9 **FIX           11
 **********
 **********
 **   10 **FIX           12
 **********
 PARAMETER   12  IS CONSTANT.   IGNORED.
 **********
 **   11 **FIX           13
 **********
 **********
 **   12 **FIX           14
 **********
 **********
 **   13 **FIX           15
 **********
 PARAMETER   15  IS CONSTANT.   IGNORED.
 **********
 **   14 **FIX           16
 **********
 **********
 **   15 **MIGRAD
 **********
 FIRST CALL TO USER FUNCTION AT NEW START POINT, WITH IFLAG=4.
 START MIGRAD MINIMIZATION.  STRATEGY  1.  CONVERGENCE WHEN EDM .LT. 1.00e-04
 FCN=111.343 FROM MIGRAD    STATUS=INITIATE      437 CALLS         438 TOTAL
                     EDM= unknown      STRATEGY= 1      NO ERROR MATRIX       
  EXT PARAMETER               CURRENT GUESS       STEP         FIRST   
  NO.   NAME      VALUE            ERROR          SIZE      DERIVATIVE 
   1  N0           3.61741e+06   1.00000e+02   0.00000e+00   4.35250e-04
   2  tau          6.44109e+01   constant   
   3  A0           3.53417e-01   1.00000e-04   0.00000e+00   4.97409e+03
   4  phi          4.12209e+00   1.00000e-02   0.00000e+00   3.67001e+02
   5  R           -6.03373e+01   constant   
   6  alpha_CBO    0.00000e+00     fixed    
   7  w_CBO        2.32500e+00   constant   
   8  beta_CBO     0.00000e+00     fixed    
   9  alpha_2CBO   0.00000e+00     fixed    
  10  beta_2CBO    0.00000e+00     fixed    
  11  alpha_y      0.00000e+00     fixed    
  12  w_y          1.38860e+01   constant   
  13  beta_y       0.00000e+00     fixed    
  14  alpha_vw     0.00000e+00     fixed    
  15  w_vw         1.43404e+01   constant   
  16  beta_vw      0.00000e+00     fixed    
  17  LM           1.86654e-04   constant   
  18  zeta_y       0.00000e+00   constant   
  19  zeta_vw      0.00000e+00   constant   
  20  T_CBO        1.00000e+02   1.00000e+00   0.00000e+00   0.00000e+00
  21  alpha_A0     0.00000e+00   1.00000e-03   0.00000e+00  -5.15891e+01
  22  beta_A0      0.00000e+00   1.00000e-03   0.00000e+00  -5.36323e+01
  23  alpha_phi    0.00000e+00   1.00000e-03   0.00000e+00  -1.06019e+02
  24  beta_phi     0.00000e+00   1.00000e-03   0.00000e+00  -1.04616e+02
 CALL LIMIT EXCEEDED IN MIGRAD.
 MIGRAD TERMINATED WITHOUT CONVERGENCE.
 FCN=97.9839 FROM MIGRAD    STATUS=CALL LIMIT   1322 CALLS        1323 TOTAL
                     EDM=0.00668258    STRATEGY= 1  ERROR MATRIX UNCERTAINTY   0.3 per cent
  EXT PARAMETER                APPROXIMATE        STEP         FIRST   
  NO.   NAME      VALUE            ERROR          SIZE      DERIVATIVE 
   1  N0           3.61847e+06   1.36564e+03  -4.07371e-01   3.75229e-06
   2  tau          6.44109e+01   constant   
   3  A0           3.52514e-01   5.12365e-04   4.67180e-07  -3.21153e+01
   4  phi          4.12210e+00   1.51056e-03  -3.11676e-06   2.40035e+01
   5  R           -6.03373e+01   constant   
   6  alpha_CBO    0.00000e+00     fixed    
   7  w_CBO        2.32500e+00   constant   
   8  beta_CBO     0.00000e+00     fixed    
   9  alpha_2CBO   0.00000e+00     fixed    
  10  beta_2CBO    0.00000e+00     fixed    
  11  alpha_y      0.00000e+00     fixed    
  12  w_y          1.38860e+01   constant   
  13  beta_y       0.00000e+00     fixed    
  14  alpha_vw     0.00000e+00     fixed    
  15  w_vw         1.43404e+01   constant   
  16  beta_vw      0.00000e+00     fixed    
  17  LM           1.86654e-04   constant   
  18  zeta_y       0.00000e+00   constant   
  19  zeta_vw      0.00000e+00   constant   
  20  T_CBO        3.41317e+01   3.59003e+00  -4.10073e-04   3.07290e+00
  21  alpha_A0     6.35565e+00   5.17072e+00  -2.62791e-02  -4.95678e-02
  22  beta_A0      1.38538e+01   1.13860e+01  -5.85850e-02  -1.50660e-02
  23  alpha_phi    2.30873e+01   1.89405e+01  -9.83669e-02   3.44153e-02
  24  beta_phi     1.78093e+01   1.45551e+01  -7.50492e-02  -2.93942e-02
 EXTERNAL ERROR MATRIX.    NDIM=  25    NPAR=  8    ERR DEF=1
  1.865e+06 -1.109e-01  1.167e-01 -3.623e+02  1.536e+02  3.603e+02  5.836e+02  4.438e+02 
 -1.109e-01  2.625e-07  5.029e-09  1.033e-04 -2.378e-05 -6.236e-05 -1.027e-04 -7.804e-05 
  1.167e-01  5.029e-09  2.282e-06 -4.115e-05  1.689e-04  3.573e-04  6.001e-04  4.512e-04 
 -3.623e+02  1.033e-04 -4.115e-05  1.289e+01  1.748e+01  3.850e+01  6.407e+01  4.922e+01 
  1.536e+02 -2.378e-05  1.689e-04  1.748e+01  2.674e+01  5.887e+01  9.793e+01  7.526e+01 
  3.603e+02 -6.236e-05  3.573e-04  3.850e+01  5.887e+01  1.296e+02  2.157e+02  1.657e+02 
  5.836e+02 -1.027e-04  6.001e-04  6.407e+01  9.793e+01  2.157e+02  3.587e+02  2.757e+02 
  4.438e+02 -7.804e-05  4.512e-04  4.922e+01  7.526e+01  1.657e+02  2.757e+02  2.119e+02 
ERR MATRIX APPROXIMATE
 PARAMETER  CORRELATION COEFFICIENTS  
       NO.  GLOBAL      1      3      4     20     21     22     23     24
        1  0.33884   1.000 -0.158  0.057 -0.074  0.022  0.023  0.023  0.022
        3  0.26712  -0.158  1.000  0.006  0.056 -0.009 -0.011 -0.011 -0.010
        4  0.17721   0.057  0.006  1.000 -0.008  0.022  0.021  0.021  0.021
       20  0.95081  -0.074  0.056 -0.008  1.000  0.942  0.942  0.942  0.942
       21  0.99994   0.022 -0.009  0.022  0.942  1.000  1.000  1.000  1.000
       22  0.99999   0.023 -0.011  0.021  0.942  1.000  1.000  1.000  1.000
       23  0.99999   0.023 -0.011  0.021  0.942  1.000  1.000  1.000  1.000
       24  0.99999   0.022 -0.010  0.021  0.942  1.000  1.000  1.000  1.000
 ERR MATRIX APPROXIMATE
MINUIT - FIT ONLY 1-CBO + wiggle
 **********
 **   16 **RES 
 **********
                   PARAMETER   16  beta_vw RESTORED TO VARIABLE.
                   PARAMETER   14  alpha_vw RESTORED TO VARIABLE.
                   PARAMETER   13  beta_y RESTORED TO VARIABLE.
                   PARAMETER   11  alpha_y RESTORED TO VARIABLE.
                   PARAMETER   10  beta_2CBO RESTORED TO VARIABLE.
                   PARAMETER    9  alpha_2CBO RESTORED TO VARIABLE.
                   PARAMETER    8  beta_CBO RESTORED TO VARIABLE.
                   PARAMETER    6  alpha_CBO RESTORED TO VARIABLE.
 **********
 **   17 **FIX            8
 **********
 **********
 **   18 **FIX            9
 **********
 **********
 **   19 **FIX           11
 **********
 **********
 **   20 **FIX           12
 **********
 PARAMETER   12  IS CONSTANT.   IGNORED.
 **********
 **   21 **FIX           14
 **********
 **********
 **   22 **FIX           15
 **********
 PARAMETER   15  IS CONSTANT.   IGNORED.
 **********
 **   23 **FIX           16
 **********
 **********
 **   24 **MIGRAD
 **********
 START MIGRAD MINIMIZATION.  STRATEGY  1.  CONVERGENCE WHEN EDM .LT. 1.00e-04
 FCN=97.9839 FROM MIGRAD    STATUS=INITIATE       28 CALLS        1351 TOTAL
                     EDM= unknown      STRATEGY= 1      NO ERROR MATRIX       
  EXT PARAMETER               CURRENT GUESS       STEP         FIRST   
  NO.   NAME      VALUE            ERROR          SIZE      DERIVATIVE 
   1  N0           3.61847e+06   1.36564e+03  -4.07371e-01   3.75229e-06
   2  tau          6.44109e+01   constant   
   3  A0           3.52514e-01   5.12365e-04   4.67180e-07  -3.21153e+01
   4  phi          4.12210e+00   1.51056e-03  -3.11676e-06   2.40035e+01
   5  R           -6.03373e+01   constant   
   6  alpha_CBO    0.00000e+00   1.00000e-03   1.00000e-03  -2.19181e+04
   7  w_CBO        2.32500e+00   constant   
   8  beta_CBO     0.00000e+00     fixed    
   9  alpha_2CBO   0.00000e+00     fixed    
  10  beta_2CBO    0.00000e+00   1.00000e-03   1.00000e-03   7.37296e+03
  11  alpha_y      0.00000e+00     fixed    
  12  w_y          1.38860e+01   constant   
  13  beta_y       0.00000e+00   1.00000e-03   1.00000e-03  -5.13052e+03
  14  alpha_vw     0.00000e+00     fixed    
  15  w_vw         1.43404e+01   constant   
  16  beta_vw      0.00000e+00     fixed    
  17  LM           1.86654e-04   constant   
  18  zeta_y       0.00000e+00   constant   
  19  zeta_vw      0.00000e+00   constant   
  20  T_CBO        3.41317e+01   3.59003e+00  -4.10073e-04  -3.07293e+00
  21  alpha_A0     6.35565e+00   5.17072e+00  -2.62791e-02  -4.95678e-02
  22  beta_A0      1.38538e+01   1.13860e+01  -5.85850e-02  -1.50660e-02
  23  alpha_phi    2.30873e+01   1.89405e+01  -9.83669e-02   3.44153e-02
  24  beta_phi     1.78093e+01   1.45551e+01  -7.50492e-02  -2.93942e-02
 CALL LIMIT EXCEEDED IN MIGRAD.
 MIGRAD TERMINATED WITHOUT CONVERGENCE.
 FCN=56.0884 FROM MIGRAD    STATUS=CALL LIMIT   1917 CALLS        3240 TOTAL
                     EDM=0.0101283    STRATEGY= 1  ERROR MATRIX UNCERTAINTY  25.1 per cent
  EXT PARAMETER                APPROXIMATE        STEP         FIRST   
  NO.   NAME      VALUE            ERROR          SIZE      DERIVATIVE 
   1  N0           3.61914e+06   1.40795e+03  -3.39997e+01   3.35502e-05
   2  tau          6.44109e+01   constant   
   3  A0           3.53089e-01   5.13759e-04   1.20976e-05  -9.09669e+01
   4  phi          4.12186e+00   1.53096e-03   3.82055e-05  -1.22857e+00
   5  R           -6.03373e+01   constant   
   6  alpha_CBO    3.19743e-03   5.36005e-04   1.11268e-06  -1.29342e+00
   7  w_CBO        2.32500e+00   constant   
   8  beta_CBO     0.00000e+00     fixed    
   9  alpha_2CBO   0.00000e+00     fixed    
  10  beta_2CBO   -1.01586e-03   5.08489e-04   6.95450e-06   4.31066e+01
  11  alpha_y      0.00000e+00     fixed    
  12  w_y          1.38860e+01   constant   
  13  beta_y       6.80343e-04   5.11379e-04  -6.83993e-06   1.63057e+01
  14  alpha_vw     0.00000e+00     fixed    
  15  w_vw         1.43404e+01   constant   
  16  beta_vw      0.00000e+00     fixed    
  17  LM           1.86654e-04   constant   
  18  zeta_y       0.00000e+00   constant   
  19  zeta_vw      0.00000e+00   constant   
  20  T_CBO        1.64106e+01   1.98527e+00  -1.64627e-03  -6.72997e+01
  21  alpha_A0     5.93787e+04   1.06852e+05   1.04324e+04  -3.35903e-06
  22  beta_A0      1.43175e+05   2.57852e+05   2.51747e+04   7.59890e-07
  23  alpha_phi    1.37567e+05   2.47628e+05   2.41766e+04  -3.85084e-06
  24  beta_phi     1.43036e+05   2.57472e+05   2.51378e+04   9.32707e-08
 EXTERNAL ERROR MATRIX.    NDIM=  25    NPAR= 11    ERR DEF=1
  1.982e+06 
 -9.506e-02  2.639e-07 
  8.745e-02  2.925e-08  2.344e-06 
  4.984e-02  5.110e-08 -1.729e-08  2.873e-07 
 -3.885e-03 -1.478e-10  3.879e-08 -9.475e-09  2.586e-07 
  8.788e-03 -6.125e-09 -2.300e-08  3.874e-10 -1.684e-09  2.615e-07 
  2.181e+02 -7.415e-05 -1.908e-04 -5.882e-06 -1.773e-05  2.861e-05  3.942e+00 
 -7.172e+06  3.262e+00  1.541e+01  4.929e-02  2.436e+00 -2.094e+00 -2.102e+05  1.142e+10 
 -1.730e+07  7.870e+00  3.718e+01  1.190e-01  5.877e+00 -5.052e+00 -5.073e+05  2.755e+10  6.649e+10 
 -1.662e+07  7.557e+00  3.570e+01  1.137e-01  5.644e+00 -4.852e+00 -4.872e+05  2.646e+10  6.385e+10  6.132e+10 
 -1.728e+07  7.858e+00  3.712e+01  1.185e-01  5.869e+00 -5.045e+00 -5.066e+05  2.751e+10  6.639e+10  6.376e+10  6.629e+10 
ERR MATRIX APPROXIMATE
 PARAMETER  CORRELATION COEFFICIENTS  
       NO.  GLOBAL      1      3      4      6     10     13     20     21     22     23     24
        1  0.30041   1.000 -0.131  0.041  0.066 -0.005  0.012  0.078 -0.048 -0.048 -0.048 -0.048
        3  0.30578  -0.131  1.000  0.037  0.186 -0.001 -0.023 -0.073  0.059  0.059  0.059  0.059
        4  0.25496   0.041  0.037  1.000 -0.021  0.050 -0.029 -0.063  0.094  0.094  0.094  0.094
        6  0.22251   0.066  0.186 -0.021  1.000 -0.035  0.001 -0.006  0.001  0.001  0.001  0.001
       10  0.25968  -0.005 -0.001  0.050 -0.035  1.000 -0.006 -0.018  0.045  0.045  0.045  0.045
       13  0.09477   0.012 -0.023 -0.029  0.001 -0.006  1.000  0.028 -0.038 -0.038 -0.038 -0.038
       20  0.99251   0.078 -0.073 -0.063 -0.006 -0.018  0.028  1.000 -0.991 -0.991 -0.991 -0.991
       21  1.00000  -0.048  0.059  0.094  0.001  0.045 -0.038 -0.991  1.000  1.000  1.000  1.000
       22  1.00000  -0.048  0.059  0.094  0.001  0.045 -0.038 -0.991  1.000  1.000  1.000  1.000
       23  1.00000  -0.048  0.059  0.094  0.001  0.045 -0.038 -0.991  1.000  1.000  1.000  1.000
       24  1.00000  -0.048  0.059  0.094  0.001  0.045 -0.038 -0.991  1.000  1.000  1.000  1.000
 ERR MATRIX APPROXIMATE
MINUIT - FIT ONLY 2-CBO
 **********
 **   25 **RES 
 **********
                   PARAMETER   16  beta_vw RESTORED TO VARIABLE.
                   PARAMETER   14  alpha_vw RESTORED TO VARIABLE.
                   PARAMETER   11  alpha_y RESTORED TO VARIABLE.
                   PARAMETER    9  alpha_2CBO RESTORED TO VARIABLE.
                   PARAMETER    8  beta_CBO RESTORED TO VARIABLE.
 **********
 **   26 **FIX            0
 **********
 PARAMETER    0  IS UNDEFINED. IGNORED.
 **********
 **   27 **FIX            1
 **********
 **********
 **   28 **FIX            2
 **********
 PARAMETER    2  IS CONSTANT.   IGNORED.
 **********
 **   29 **FIX            3
 **********
 **********
 **   30 **FIX            4
 **********
 **********
 **   31 **FIX            5
 **********
 PARAMETER    5  IS CONSTANT.   IGNORED.
 **********
 **   32 **FIX            6
 **********
 **********
 **   33 **FIX            7
 **********
 PARAMETER    7  IS CONSTANT.   IGNORED.
 **********
 **   34 **FIX           10
 **********
 **********
 **   35 **FIX           11
 **********
 **********
 **   36 **FIX           12
 **********
 PARAMETER   12  IS CONSTANT.   IGNORED.
 **********
 **   37 **FIX           13
 **********
 **********
 **   38 **FIX           14
 **********
 **********
 **   39 **FIX           15
 **********
 PARAMETER   15  IS CONSTANT.   IGNORED.
 **********
 **   40 **FIX           16
 **********
 **********
 **   41 **MIGRAD
 **********
 START MIGRAD MINIMIZATION.  STRATEGY  1.  CONVERGENCE WHEN EDM .LT. 1.00e-04
 FCN=56.0884 FROM MIGRAD    STATUS=INITIATE       18 CALLS        3258 TOTAL
                     EDM= unknown      STRATEGY= 1      NO ERROR MATRIX       
  EXT PARAMETER               CURRENT GUESS       STEP         FIRST   
  NO.   NAME      VALUE            ERROR          SIZE      DERIVATIVE 
   1  N0           3.61914e+06     fixed    
   2  tau          6.44109e+01   constant   
   3  A0           3.53089e-01     fixed    
   4  phi          4.12186e+00     fixed    
   5  R           -6.03373e+01   constant   
   6  alpha_CBO    3.19743e-03     fixed    
   7  w_CBO        2.32500e+00   constant   
   8  beta_CBO     0.00000e+00   1.00000e-03   1.00000e-03   1.74222e+02
   9  alpha_2CBO   0.00000e+00   1.00000e-03   1.00000e-03   8.91341e+03
  10  beta_2CBO   -1.01586e-03     fixed    
  11  alpha_y      0.00000e+00     fixed    
  12  w_y          1.38860e+01   constant   
  13  beta_y       6.80343e-04     fixed    
  14  alpha_vw     0.00000e+00     fixed    
  15  w_vw         1.43404e+01   constant   
  16  beta_vw      0.00000e+00     fixed    
  17  LM           1.86654e-04   constant   
  18  zeta_y       0.00000e+00   constant   
  19  zeta_vw      0.00000e+00   constant   
  20  T_CBO        1.64106e+01   1.98527e+00  -1.64627e-03  -6.72997e+01
  21  alpha_A0     5.93787e+04   1.06852e+05   1.04324e+04  -3.35903e-06
  22  beta_A0      1.43175e+05   2.57852e+05   2.51747e+04   7.59888e-07
  23  alpha_phi    1.37567e+05   2.47628e+05   2.41766e+04  -3.85084e-06
  24  beta_phi     1.43036e+05   2.57472e+05   2.51378e+04   9.32708e-08
 CALL LIMIT EXCEEDED IN MIGRAD.
 MIGRAD TERMINATED WITHOUT CONVERGENCE.
 FCN=49.7539 FROM MIGRAD    STATUS=CALL LIMIT   1151 CALLS        4391 TOTAL
                     EDM=0.030142    STRATEGY= 1  ERROR MATRIX UNCERTAINTY  17.3 per cent
  EXT PARAMETER                APPROXIMATE        STEP         FIRST   
  NO.   NAME      VALUE            ERROR          SIZE      DERIVATIVE 
   1  N0           3.61914e+06     fixed    
   2  tau          6.44109e+01   constant   
   3  A0           3.53089e-01     fixed    
   4  phi          4.12186e+00     fixed    
   5  R           -6.03373e+01   constant   
   6  alpha_CBO    3.19743e-03     fixed    
   7  w_CBO        2.32500e+00   constant   
   8  beta_CBO     3.09832e-07   5.11963e-04   2.46548e-05   1.47253e+02
   9  alpha_2CBO  -1.26234e-03   5.27504e-04  -2.18095e-05  -1.66073e+02
  10  beta_2CBO   -1.01586e-03     fixed    
  11  alpha_y      0.00000e+00     fixed    
  12  w_y          1.38860e+01   constant   
  13  beta_y       6.80343e-04     fixed    
  14  alpha_vw     0.00000e+00     fixed    
  15  w_vw         1.43404e+01   constant   
  16  beta_vw      0.00000e+00     fixed    
  17  LM           1.86654e-04   constant   
  18  zeta_y       0.00000e+00   constant   
  19  zeta_vw      0.00000e+00   constant   
  20  T_CBO        1.14473e+01   8.27209e-01  -7.97675e-04  -1.33465e+02
  21  alpha_A0     1.60977e+08   2.43960e+08   2.66617e+07   4.87159e-11
  22  beta_A0      3.13117e+08   4.74977e+08   5.19103e+07  -1.57279e-09
  23  alpha_phi    2.30739e+08   3.49958e+08   3.82459e+07  -9.25645e-10
  24  beta_phi     2.92559e+08   4.43468e+08   4.84653e+07   6.75480e-11
 EXTERNAL ERROR MATRIX.    NDIM=  25    NPAR=  7    ERR DEF=1
  2.621e-07 -6.687e-09  1.792e-05  4.193e+03  8.173e+03  6.020e+03  7.621e+03 
 -6.687e-09  2.783e-07 -2.218e-05 -4.503e+03 -8.779e+03 -6.457e+03 -8.187e+03 
  1.792e-05 -2.218e-05  6.843e-01 -1.991e+08 -3.876e+08 -2.856e+08 -3.619e+08 
  4.193e+03 -4.503e+03 -1.991e+08  5.952e+16  1.159e+17  8.538e+16  1.082e+17 
  8.173e+03 -8.779e+03 -3.876e+08  1.159e+17  2.256e+17  1.662e+17  2.106e+17 
  6.020e+03 -6.457e+03 -2.856e+08  8.538e+16  1.662e+17  1.225e+17  1.552e+17 
  7.621e+03 -8.187e+03 -3.619e+08  1.082e+17  2.106e+17  1.552e+17  1.967e+17 
ERR MATRIX APPROXIMATE
 PARAMETER  CORRELATION COEFFICIENTS  
       NO.  GLOBAL      8      9     20     21     22     23     24
        8  0.53016   1.000 -0.025  0.042  0.034  0.034  0.034  0.034
        9  0.59449  -0.025  1.000 -0.051 -0.035 -0.035 -0.035 -0.035
       20  0.99306   0.042 -0.051  1.000 -0.986 -0.986 -0.986 -0.986
       21  1.00000   0.034 -0.035 -0.986  1.000  1.000  1.000  1.000
       22  1.00000   0.034 -0.035 -0.986  1.000  1.000  1.000  1.000
       23  1.00000   0.034 -0.035 -0.986  1.000  1.000  1.000  1.000
       24  1.00000   0.034 -0.035 -0.986  1.000  1.000  1.000  1.000
 ERR MATRIX APPROXIMATE
MINUIT - FIT wiggle + 1-CBO + 2-CBO
 **********
 **   42 **RES 
 **********
                   PARAMETER   16  beta_vw RESTORED TO VARIABLE.
                   PARAMETER   14  alpha_vw RESTORED TO VARIABLE.
                   PARAMETER   13  beta_y RESTORED TO VARIABLE.
                   PARAMETER   11  alpha_y RESTORED TO VARIABLE.
                   PARAMETER   10  beta_2CBO RESTORED TO VARIABLE.
                   PARAMETER    6  alpha_CBO RESTORED TO VARIABLE.
                   PARAMETER    4  phi RESTORED TO VARIABLE.
                   PARAMETER    3  A0 RESTORED TO VARIABLE.
                   PARAMETER    1  N0 RESTORED TO VARIABLE.
 **********
 **   43 **FIX           10
 **********
 **********
 **   44 **FIX           11
 **********
 **********
 **   45 **FIX           12
 **********
 PARAMETER   12  IS CONSTANT.   IGNORED.
 **********
 **   46 **FIX           13
 **********
 **********
 **   47 **FIX           14
 **********
 **********
 **   48 **FIX           15
 **********
 PARAMETER   15  IS CONSTANT.   IGNORED.
 **********
 **   49 **FIX           16
 **********
 **********
 **   50 **MIGRAD
 **********
 START MIGRAD MINIMIZATION.  STRATEGY  1.  CONVERGENCE WHEN EDM .LT. 1.00e-04
 FCN=49.7539 FROM MIGRAD    STATUS=INITIATE      109 CALLS        4500 TOTAL
                     EDM= unknown      STRATEGY= 1      NO ERROR MATRIX       
  EXT PARAMETER               CURRENT GUESS       STEP         FIRST   
  NO.   NAME      VALUE            ERROR          SIZE      DERIVATIVE 
   1  N0           3.61914e+06   1.40795e+03   0.00000e+00   1.86542e-04
   2  tau          6.44109e+01   constant   
   3  A0           3.53089e-01   5.13759e-04   0.00000e+00   6.02504e+01
   4  phi          4.12186e+00   1.53096e-03   0.00000e+00  -1.31487e+02
   5  R           -6.03373e+01   constant   
   6  alpha_CBO    3.19743e-03   5.36005e-04   0.00000e+00   8.75043e+02
   7  w_CBO        2.32500e+00   constant   
   8  beta_CBO     3.09832e-07   5.11963e-04   0.00000e+00   1.47483e+02
   9  alpha_2CBO  -1.26234e-03   5.27504e-04   0.00000e+00  -1.66397e+02
  10  beta_2CBO   -1.01586e-03     fixed    
  11  alpha_y      0.00000e+00     fixed    
  12  w_y          1.38860e+01   constant   
  13  beta_y       6.80343e-04     fixed    
  14  alpha_vw     0.00000e+00     fixed    
  15  w_vw         1.43404e+01   constant   
  16  beta_vw      0.00000e+00     fixed    
  17  LM           1.86654e-04   constant   
  18  zeta_y       0.00000e+00   constant   
  19  zeta_vw      0.00000e+00   constant   
  20  T_CBO        1.14473e+01   8.27209e-01   0.00000e+00  -1.34319e+02
  21  alpha_A0     1.60747e+08   2.43960e+08  -7.66868e+04   2.64560e-11
  22  beta_A0      3.13117e+08   4.74977e+08   0.00000e+00  -1.57484e-09
  23  alpha_phi    2.30739e+08   3.49958e+08   0.00000e+00  -9.24739e-10
  24  beta_phi     2.92559e+08   4.43468e+08   0.00000e+00   6.88631e-11
 CALL LIMIT EXCEEDED IN MIGRAD.
 MIGRAD TERMINATED WITHOUT CONVERGENCE.
 FCN=48.9304 FROM MIGRAD    STATUS=CALL LIMIT   1919 CALLS        6310 TOTAL
                     EDM=0.0102558    STRATEGY= 1  ERROR MATRIX UNCERTAINTY  16.9 per cent
  EXT PARAMETER                APPROXIMATE        STEP         FIRST   
  NO.   NAME      VALUE            ERROR          SIZE      DERIVATIVE 
   1  N0           3.61899e+06   1.37143e+03  -6.70270e+01  -2.94946e-05
   2  tau          6.44109e+01   constant   
   3  A0           3.53125e-01   4.83920e-04   3.47251e-05   1.40735e+02
   4  phi          4.12222e+00   1.57809e-03   2.88110e-05   2.25423e+01
   5  R           -6.03373e+01   constant   
   6  alpha_CBO    3.06644e-03   5.33683e-04   7.48611e-06   3.41616e+01
   7  w_CBO        2.32500e+00   constant   
   8  beta_CBO     2.82101e-05   5.15768e-04   1.54372e-05   7.30659e+01
   9  alpha_2CBO  -1.26744e-03   5.31058e-04   5.16198e-06   4.59279e+00
  10  beta_2CBO   -1.01586e-03     fixed    
  11  alpha_y      0.00000e+00     fixed    
  12  w_y          1.38860e+01   constant   
  13  beta_y       6.80343e-04     fixed    
  14  alpha_vw     0.00000e+00     fixed    
  15  w_vw         1.43404e+01   constant   
  16  beta_vw      0.00000e+00     fixed    
  17  LM           1.86654e-04   constant   
  18  zeta_y       0.00000e+00   constant   
  19  zeta_vw      0.00000e+00   constant   
  20  T_CBO        8.75348e+00   5.65389e-01  -6.72111e-04  -1.28561e+02
  21  alpha_A0     4.03393e+11   6.87247e+11   8.43387e+10   5.03362e-13
  22  beta_A0      6.95642e+11   1.18573e+12   1.45512e+11   9.33847e-14
  23  alpha_phi    5.15851e+11   8.80722e+11   1.08087e+11  -5.62150e-13
  24  beta_phi     6.07986e+11   1.03561e+12   1.27087e+11  -7.22745e-13
 EXTERNAL ERROR MATRIX.    NDIM=  25    NPAR= 11    ERR DEF=1
  1.881e+06 
 -1.743e-02  2.342e-07 
  2.587e-01 -6.175e-09  2.490e-06 
  6.717e-02  4.710e-08 -3.401e-08  2.848e-07 
  3.242e-02  3.257e-09  2.030e-07 -1.016e-08  2.660e-07 
  4.301e-02  8.770e-09  1.340e-08  2.839e-08 -1.807e-10  2.820e-07 
  1.156e+01 -3.715e-06 -2.327e-06  1.188e-06  7.629e-07 -1.476e-06  3.197e-01 
 -9.273e+11  1.073e+07  3.629e+07  7.815e+04  5.097e+06  2.046e+05 -3.806e+11  4.723e+23 
 -1.542e+12  1.849e+07  6.263e+07  1.345e+05  8.795e+06  3.495e+05 -6.567e+11  8.149e+23  1.406e+24 
 -1.161e+12  1.374e+07  4.656e+07  9.366e+04  6.537e+06  2.819e+05 -4.877e+11  6.053e+23  1.044e+24  7.757e+23 
 -1.383e+12  1.614e+07  5.467e+07  1.126e+05  7.667e+06  3.125e+05 -5.735e+11  7.117e+23  1.228e+24  9.121e+23  1.072e+24 
ERR MATRIX APPROXIMATE
 PARAMETER  CORRELATION COEFFICIENTS  
       NO.  GLOBAL      1      3      4      6      8      9     20     21     22     23     24
        1  0.23850   1.000 -0.026  0.120  0.092  0.046  0.059  0.015 -0.001 -0.001 -0.001 -0.001
        3  0.30268  -0.026  1.000 -0.008  0.182  0.013  0.034 -0.014  0.032  0.032  0.032  0.032
        4  0.32384   0.120 -0.008  1.000 -0.040  0.249  0.016 -0.003  0.033  0.033  0.033  0.033
        6  0.24733   0.092  0.182 -0.040  1.000 -0.037  0.100  0.004  0.000  0.000  0.000  0.000
        8  0.29108   0.046  0.013  0.249 -0.037  1.000 -0.001  0.003  0.014  0.014  0.014  0.014
        9  0.27340   0.059  0.034  0.016  0.100 -0.001  1.000 -0.005  0.001  0.001  0.001  0.001
       20  0.98569   0.015 -0.014 -0.003  0.004  0.003 -0.005  1.000 -0.980 -0.979 -0.979 -0.979
       21  1.00000  -0.001  0.032  0.033  0.000  0.014  0.001 -0.980  1.000  1.000  1.000  1.000
       22  1.00000  -0.001  0.032  0.033  0.000  0.014  0.001 -0.979  1.000  1.000  1.000  1.000
       23  1.00000  -0.001  0.032  0.033  0.000  0.014  0.001 -0.979  1.000  1.000  1.000  1.000
       24  1.00000  -0.001  0.032  0.033  0.000  0.014  0.001 -0.979  1.000  1.000  1.000  1.000
 ERR MATRIX APPROXIMATE
MINUIT - FIT ONLY 1-y
 **********
 **   51 **RES 
 **********
                   PARAMETER   16  beta_vw RESTORED TO VARIABLE.
                   PARAMETER   14  alpha_vw RESTORED TO VARIABLE.
                   PARAMETER   13  beta_y RESTORED TO VARIABLE.
                   PARAMETER   11  alpha_y RESTORED TO VARIABLE.
                   PARAMETER   10  beta_2CBO RESTORED TO VARIABLE.
 **********
 **   52 **FIX            0
 **********
 PARAMETER    0  IS UNDEFINED. IGNORED.
 **********
 **   53 **FIX            1
 **********
 **********
 **   54 **FIX            2
 **********
 PARAMETER    2  IS CONSTANT.   IGNORED.
 **********
 **   55 **FIX            3
 **********
 **********
 **   56 **FIX            4
 **********
 **********
 **   57 **FIX            5
 **********
 PARAMETER    5  IS CONSTANT.   IGNORED.
 **********
 **   58 **FIX            6
 **********
 **********
 **   59 **FIX            7
 **********
 PARAMETER    7  IS CONSTANT.   IGNORED.
 **********
 **   60 **FIX            8
 **********
 **********
 **   61 **FIX            9
 **********
 **********
 **   62 **FIX           13
 **********
 **********
 **   63 **FIX           14
 **********
 **********
 **   64 **FIX           15
 **********
 PARAMETER   15  IS CONSTANT.   IGNORED.
 **********
 **   65 **FIX           16
 **********
 **********
 **   66 **MIGRAD
 **********
 START MIGRAD MINIMIZATION.  STRATEGY  1.  CONVERGENCE WHEN EDM .LT. 1.00e-04
 FCN=48.9303 FROM MIGRAD    STATUS=INITIATE       58 CALLS        6368 TOTAL
                     EDM= unknown      STRATEGY= 1      NO ERROR MATRIX       
  EXT PARAMETER               CURRENT GUESS       STEP         FIRST   
  NO.   NAME      VALUE            ERROR          SIZE      DERIVATIVE 
   1  N0           3.61899e+06     fixed    
   2  tau          6.44109e+01   constant   
   3  A0           3.53125e-01     fixed    
   4  phi          4.12222e+00     fixed    
   5  R           -6.03373e+01   constant   
   6  alpha_CBO    3.06644e-03     fixed    
   7  w_CBO        2.32500e+00   constant   
   8  beta_CBO     2.82101e-05     fixed    
   9  alpha_2CBO  -1.26744e-03     fixed    
  10  beta_2CBO   -1.01586e-03   5.08489e-04   0.00000e+00  -6.94875e+02
  11  alpha_y      0.00000e+00   1.00000e-03   0.00000e+00  -2.42560e+03
  12  w_y          1.38860e+01   constant   
  13  beta_y       6.80343e-04     fixed    
  14  alpha_vw     0.00000e+00     fixed    
  15  w_vw         1.43404e+01   constant   
  16  beta_vw      0.00000e+00     fixed    
  17  LM           1.86654e-04   constant   
  18  zeta_y       0.00000e+00   constant   
  19  zeta_vw      0.00000e+00   constant   
  20  T_CBO        8.75348e+00   5.65389e-01   0.00000e+00  -1.29829e+02
  21  alpha_A0     4.03009e+11   6.87247e+11  -1.92261e+08   4.95170e-13
  22  beta_A0      6.95642e+11   1.18573e+12   0.00000e+00   9.24526e-14
  23  alpha_phi    5.15851e+11   8.80722e+11   0.00000e+00  -5.61703e-13
  24  beta_phi     6.07986e+11   1.03561e+12   0.00000e+00  -7.22243e-13
 CALL LIMIT EXCEEDED IN MIGRAD.
 MIGRAD TERMINATED WITHOUT CONVERGENCE.
 FCN=48.0083 FROM MIGRAD    STATUS=CALL LIMIT   1150 CALLS        7460 TOTAL
                     EDM=0.00661547    STRATEGY= 1  ERROR MATRIX UNCERTAINTY  21.7 per cent
  EXT PARAMETER                APPROXIMATE        STEP         FIRST   
  NO.   NAME      VALUE            ERROR          SIZE      DERIVATIVE 
   1  N0           3.61899e+06     fixed    
   2  tau          6.44109e+01   constant   
   3  A0           3.53125e-01     fixed    
   4  phi          4.12222e+00     fixed    
   5  R           -6.03373e+01   constant   
   6  alpha_CBO    3.06644e-03     fixed    
   7  w_CBO        2.32500e+00   constant   
   8  beta_CBO     2.82101e-05     fixed    
   9  alpha_2CBO  -1.26744e-03     fixed    
  10  beta_2CBO   -9.20827e-04   5.03817e-04  -5.64230e-07   5.80113e+00
  11  alpha_y      3.13837e-04   4.94180e-04  -2.43159e-06  -6.83604e+01
  12  w_y          1.38860e+01   constant   
  13  beta_y       6.80343e-04     fixed    
  14  alpha_vw     0.00000e+00     fixed    
  15  w_vw         1.43404e+01   constant   
  16  beta_vw      0.00000e+00     fixed    
  17  LM           1.86654e-04   constant   
  18  zeta_y       0.00000e+00   constant   
  19  zeta_vw      0.00000e+00   constant   
  20  T_CBO        7.37035e+00   4.00997e-01  -2.03696e-04  -1.84627e+02
  21  alpha_A0     1.61350e+14   2.99639e+14   1.26779e+13  -2.66310e-15
  22  beta_A0      3.23334e+14   6.20687e+14   2.62544e+13   7.97370e-16
  23  alpha_phi    2.46133e+14   4.71653e+14   1.99506e+13   4.55802e-17
  24  beta_phi     2.84726e+14   5.41669e+14   2.29137e+13  -1.13308e-15
 EXTERNAL ERROR MATRIX.    NDIM=  25    NPAR=  7    ERR DEF=1
  2.538e-07  1.176e-11  1.374e-05 -8.955e+09 -1.869e+10 -1.419e+10 -1.627e+10 
  1.176e-11  2.442e-07  2.493e-05 -2.289e+10 -4.748e+10 -3.608e+10 -4.142e+10 
  1.374e-05  2.493e-05  1.608e-01 -1.197e+14 -2.480e+14 -1.885e+14 -2.165e+14 
 -8.955e+09 -2.289e+10 -1.197e+14  8.978e+28  1.860e+29  1.413e+29  1.623e+29 
 -1.869e+10 -4.748e+10 -2.480e+14  1.860e+29  3.853e+29  2.927e+29  3.362e+29 
 -1.419e+10 -3.608e+10 -1.885e+14  1.413e+29  2.927e+29  2.225e+29  2.555e+29 
 -1.627e+10 -4.142e+10 -2.165e+14  1.623e+29  3.362e+29  2.555e+29  2.934e+29 
ERR MATRIX APPROXIMATE
 PARAMETER  CORRELATION COEFFICIENTS  
       NO.  GLOBAL     10     11     20     21     22     23     24
       10  0.28014   1.000  0.000  0.068 -0.059 -0.060 -0.060 -0.060
       11  0.37439   0.000  1.000  0.126 -0.155 -0.155 -0.155 -0.155
       20  0.99727   0.068  0.126  1.000 -0.997 -0.996 -0.996 -0.997
       21  1.00000  -0.059 -0.155 -0.997  1.000  1.000  1.000  1.000
       22  1.00000  -0.060 -0.155 -0.996  1.000  1.000  1.000  1.000
       23  1.00000  -0.060 -0.155 -0.996  1.000  1.000  1.000  1.000
       24  1.00000  -0.060 -0.155 -0.997  1.000  1.000  1.000  1.000
 ERR MATRIX APPROXIMATE
MINUIT - FIT ONLY 2-y
 **********
 **   67 **RES 
 **********
                   PARAMETER   16  beta_vw RESTORED TO VARIABLE.
                   PARAMETER   14  alpha_vw RESTORED TO VARIABLE.
                   PARAMETER   13  beta_y RESTORED TO VARIABLE.
                   PARAMETER    9  alpha_2CBO RESTORED TO VARIABLE.
                   PARAMETER    8  beta_CBO RESTORED TO VARIABLE.
                   PARAMETER    6  alpha_CBO RESTORED TO VARIABLE.
                   PARAMETER    4  phi RESTORED TO VARIABLE.
                   PARAMETER    3  A0 RESTORED TO VARIABLE.
                   PARAMETER    1  N0 RESTORED TO VARIABLE.
 **********
 **   68 **FIX            0
 **********
 PARAMETER    0  IS UNDEFINED. IGNORED.
 **********
 **   69 **FIX            1
 **********
 **********
 **   70 **FIX            2
 **********
 PARAMETER    2  IS CONSTANT.   IGNORED.
 **********
 **   71 **FIX            3
 **********
 **********
 **   72 **FIX            4
 **********
 **********
 **   73 **FIX            5
 **********
 PARAMETER    5  IS CONSTANT.   IGNORED.
 **********
 **   74 **FIX            6
 **********
 **********
 **   75 **FIX            7
 **********
 PARAMETER    7  IS CONSTANT.   IGNORED.
 **********
 **   76 **FIX            8
 **********
 **********
 **   77 **FIX            9
 **********
 **********
 **   78 **FIX           10
 **********
 **********
 **   79 **FIX           11
 **********
 **********
 **   80 **FIX           12
 **********
 PARAMETER   12  IS CONSTANT.   IGNORED.
 **********
 **   81 **FIX           16
 **********
 **********
 **   82 **MIGRAD
 **********
 START MIGRAD MINIMIZATION.  STRATEGY  1.  CONVERGENCE WHEN EDM .LT. 1.00e-04
 FCN=48.0081 FROM MIGRAD    STATUS=INITIATE       58 CALLS        7518 TOTAL
                     EDM= unknown      STRATEGY= 1      NO ERROR MATRIX       
  EXT PARAMETER               CURRENT GUESS       STEP         FIRST   
  NO.   NAME      VALUE            ERROR          SIZE      DERIVATIVE 
   1  N0           3.61899e+06     fixed    
   2  tau          6.44109e+01   constant   
   3  A0           3.53125e-01     fixed    
   4  phi          4.12222e+00     fixed    
   5  R           -6.03373e+01   constant   
   6  alpha_CBO    3.06644e-03     fixed    
   7  w_CBO        2.32500e+00   constant   
   8  beta_CBO     2.82101e-05     fixed    
   9  alpha_2CBO  -1.26744e-03     fixed    
  10  beta_2CBO   -9.20827e-04     fixed    
  11  alpha_y      3.13837e-04     fixed    
  12  w_y          1.38860e+01   constant   
  13  beta_y       6.80343e-04   5.11379e-04   0.00000e+00   3.13570e+02
  14  alpha_vw     0.00000e+00   1.00000e-03   0.00000e+00   5.34340e+02
  15  w_vw         1.43404e+01   constant   
  16  beta_vw      0.00000e+00     fixed    
  17  LM           1.86654e-04   constant   
  18  zeta_y       0.00000e+00   constant   
  19  zeta_vw      0.00000e+00   constant   
  20  T_CBO        7.37035e+00   4.00997e-01   0.00000e+00  -1.85336e+02
  21  alpha_A0     1.61427e+14   2.99639e+14   0.00000e+00  -2.65396e-15
  22  beta_A0      3.23334e+14   6.20687e+14   0.00000e+00   7.99316e-16
  23  alpha_phi    2.46016e+14   4.71653e+14  -1.17365e+11   3.18704e-17
  24  beta_phi     2.84726e+14   5.41669e+14   0.00000e+00  -1.13330e-15
 CALL LIMIT EXCEEDED IN MIGRAD.
 MIGRAD TERMINATED WITHOUT CONVERGENCE.
 FCN=47.5923 FROM MIGRAD    STATUS=CALL LIMIT   1159 CALLS        8619 TOTAL
                     EDM=0.0154074    STRATEGY= 1  ERROR MATRIX UNCERTAINTY  17.7 per cent
  EXT PARAMETER                APPROXIMATE        STEP         FIRST   
  NO.   NAME      VALUE            ERROR          SIZE      DERIVATIVE 
   1  N0           3.61899e+06     fixed    
   2  tau          6.44109e+01   constant   
   3  A0           3.53125e-01     fixed    
   4  phi          4.12222e+00     fixed    
   5  R           -6.03373e+01   constant   
   6  alpha_CBO    3.06644e-03     fixed    
   7  w_CBO        2.32500e+00   constant   
   8  beta_CBO     2.82101e-05     fixed    
   9  alpha_2CBO  -1.26744e-03     fixed    
  10  beta_2CBO   -9.20827e-04     fixed    
  11  alpha_y      3.13837e-04     fixed    
  12  w_y          1.38860e+01   constant   
  13  beta_y       6.47025e-04   5.36522e-04   5.56773e-06   1.05571e+01
  14  alpha_vw    -5.36210e-05   5.40456e-04   6.58833e-06   2.97873e+01
  15  w_vw         1.43404e+01   constant   
  16  beta_vw      0.00000e+00     fixed    
  17  LM           1.86654e-04   constant   
  18  zeta_y       0.00000e+00   constant   
  19  zeta_vw      0.00000e+00   constant   
  20  T_CBO        6.45676e+00   2.52902e-01  -2.12441e-04  -3.27392e+02
  21  alpha_A0     4.61002e+16   6.92885e+16   4.62043e+15  -4.47280e-19
  22  beta_A0      7.12162e+16   1.10789e+17   7.38441e+15  -5.77446e-18
  23  alpha_phi    5.49336e+16   8.65777e+16   5.76963e+15  -7.96087e-18
  24  beta_phi     7.08584e+16   1.07090e+17   7.14063e+15   2.94776e-18
 EXTERNAL ERROR MATRIX.    NDIM=  25    NPAR=  7    ERR DEF=1
  2.879e-07 -6.479e-08 -2.093e-06  8.339e+11  1.356e+12  1.066e+12  1.299e+12 
 -6.479e-08  2.921e-07 -1.804e-06  1.241e+12  1.995e+12  1.564e+12  1.909e+12 
 -2.093e-06 -1.804e-06  6.396e-02 -1.747e+16 -2.792e+16 -2.182e+16 -2.700e+16 
  8.339e+11  1.241e+12 -1.747e+16  4.801e+33  7.676e+33  5.999e+33  7.420e+33 
  1.356e+12  1.995e+12 -2.792e+16  7.676e+33  1.227e+34  9.592e+33  1.186e+34 
  1.066e+12  1.564e+12 -2.182e+16  5.999e+33  9.592e+33  7.496e+33  9.271e+33 
  1.299e+12  1.909e+12 -2.700e+16  7.420e+33  1.186e+34  9.271e+33  1.147e+34 
ERR MATRIX APPROXIMATE
 PARAMETER  CORRELATION COEFFICIENTS  
       NO.  GLOBAL     13     14     20     21     22     23     24
       13  0.27363   1.000 -0.223 -0.015  0.022  0.023  0.023  0.023
       14  0.36464  -0.223  1.000 -0.013  0.033  0.033  0.033  0.033
       20  0.99793  -0.015 -0.013  1.000 -0.997 -0.997 -0.997 -0.997
       21  1.00000   0.022  0.033 -0.997  1.000  1.000  1.000  1.000
       22  1.00000   0.023  0.033 -0.997  1.000  1.000  1.000  1.000
       23  1.00000   0.023  0.033 -0.997  1.000  1.000  1.000  1.000
