 + ++++++++++++++++++++++++++++++++++++++++++++++++++++++++++++++++++++ +
 +                                                                      +
 +           You have chose to blind your fitting according to          +
 +                omega_ref * (1 + (R +/- deltaR) *10^{-6})             +
 +                                                                      +
 + ++++++++++++++++++++++++++++++++++++++++++++++++++++++++++++++++++++ +
In main()...
reading format from /gm2data/zkhechad/run45/envelope/formats/formatB_sBin_constraintOn.txt
pBinTau 	= 0  
pBinPhi 	= 0  
constraintau 	= 1 
includeMopTerm 	= 0    
constrainMop    = 0   
Parameters after format file: pBinTau 0 pBinPhi 0 constraintau 1 includeMopTerm 0 constrainMop 0 c_e_scale 0.000000 
Opening file /gm2data/tbarrett/gm2fr/studies/run23_bunch_corrections/CorrectedFourier_Run3b.root.
reading full fit data from /gm2data/zkhechad/cboTemplates/Run4CBOTemplates/fullFits/noRF/sBin_constraintOn_cE0.0_seed0_noRF_calo12.root
windowBins = 69
fitting sliding window 2030 from bin 2166 at 323.018000 to bin 2235 at 333.462000 (69 bins)

Reading data from /gm2data/cornell/histograms/aMethod/histogram_a_noRF.root
 **********
 **    1 **SET PRINTOUT            1
 **********
 **********
 **    2 **SET NOWARNINGS 
 **********
 PARAMETER DEFINITIONS:
    NO.   NAME         VALUE      STEP SIZE      LIMITS
     1 N0           3.55331e+06  1.00000e+02     no limits
     2 tau          6.44114e+01  constant
     3 A0           3.53594e-01  1.00000e-04     no limits
     4 phi          4.11780e+00  1.00000e-02     no limits
     5 R           -6.01273e+01  constant
     6 alpha_CBO    0.00000e+00  1.00000e-03     no limits
     7 w_CBO        2.32500e+00  constant
     8 beta_CBO     0.00000e+00  1.00000e-03     no limits
     9 alpha_2CBO   0.00000e+00  1.00000e-03     no limits
    10 beta_2CBO    0.00000e+00  1.00000e-03     no limits
    11 alpha_y      0.00000e+00  1.00000e-03     no limits
    12 w_y          1.38860e+01  constant
    13 beta_y       0.00000e+00  1.00000e-03     no limits
    14 alpha_vw     0.00000e+00  1.00000e-03     no limits
    15 w_vw         1.43404e+01  constant
    16 beta_vw      0.00000e+00  1.00000e-03     no limits
    17 LM           2.37201e-04  constant
    18 zeta_y       0.00000e+00  constant
    19 zeta_vw      0.00000e+00  constant
    20 T_CBO        1.00000e+02  1.00000e+00    0.00000e+00  1.00000e+03
    21 alpha_A0     0.00000e+00  1.00000e-04   -1.00000e-02  1.00000e-02
    22 beta_A0      0.00000e+00  1.00000e-04   -1.00000e-02  1.00000e-02
    23 alpha_phi    0.00000e+00  1.00000e-04   -1.00000e-02  1.00000e-02
    24 beta_phi     0.00000e+00  1.00000e-04   -1.00000e-02  1.00000e-02
MINUIT - FIT ONLY WIGGLE
 **********
 **    3 **FIX            5
 **********
 PARAMETER    5  IS CONSTANT.   IGNORED.
 **********
 **    4 **FIX            6
 **********
 **********
 **    5 **FIX            7
 **********
 PARAMETER    7  IS CONSTANT.   IGNORED.
 **********
 **    6 **FIX            8
 **********
 **********
 **    7 **FIX            9
 **********
 **********
 **    8 **FIX           10
 **********
 **********
 **    9 **FIX           11
 **********
 **********
 **   10 **FIX           12
 **********
 PARAMETER   12  IS CONSTANT.   IGNORED.
 **********
 **   11 **FIX           13
 **********
 **********
 **   12 **FIX           14
 **********
 **********
 **   13 **FIX           15
 **********
 PARAMETER   15  IS CONSTANT.   IGNORED.
 **********
 **   14 **FIX           16
 **********
 **********
 **   15 **MIGRAD
 **********
 FIRST CALL TO USER FUNCTION AT NEW START POINT, WITH IFLAG=4.
 START MIGRAD MINIMIZATION.  STRATEGY  1.  CONVERGENCE WHEN EDM .LT. 1.00e-04
 FCN=77.1665 FROM MIGRAD    STATUS=INITIATE      437 CALLS         438 TOTAL
                     EDM= unknown      STRATEGY= 1      NO ERROR MATRIX       
  EXT PARAMETER               CURRENT GUESS       STEP         FIRST   
  NO.   NAME      VALUE            ERROR          SIZE      DERIVATIVE 
   1  N0           3.55331e+06   1.00000e+02   0.00000e+00   1.15004e-03
   2  tau          6.44114e+01   constant   
   3  A0           3.53594e-01   1.00000e-04   0.00000e+00   1.41070e+03
   4  phi          4.11780e+00   1.00000e-02   0.00000e+00  -1.65155e+03
   5  R           -6.01273e+01   constant   
   6  alpha_CBO    0.00000e+00     fixed    
   7  w_CBO        2.32500e+00   constant   
   8  beta_CBO     0.00000e+00     fixed    
   9  alpha_2CBO   0.00000e+00     fixed    
  10  beta_2CBO    0.00000e+00     fixed    
  11  alpha_y      0.00000e+00     fixed    
  12  w_y          1.38860e+01   constant   
  13  beta_y       0.00000e+00     fixed    
  14  alpha_vw     0.00000e+00     fixed    
  15  w_vw         1.43404e+01   constant   
  16  beta_vw      0.00000e+00     fixed    
  17  LM           2.37201e-04   constant   
  18  zeta_y       0.00000e+00   constant   
  19  zeta_vw      0.00000e+00   constant   
  20  T_CBO        1.00000e+02   1.00000e+00   0.00000e+00   0.00000e+00
  21  alpha_A0     0.00000e+00   1.00000e-04   0.00000e+00  -2.92618e-01
  22  beta_A0      0.00000e+00   1.00000e-04   0.00000e+00  -3.21182e-02
  23  alpha_phi    0.00000e+00   1.00000e-04   0.00000e+00  -4.95687e-01
  24  beta_phi     0.00000e+00   1.00000e-04   0.00000e+00   1.37269e-01
 MIGRAD MINIMIZATION HAS CONVERGED.
 FCN=70.0976 FROM MIGRAD    STATUS=CONVERGED     647 CALLS         648 TOTAL
                     EDM=3.69873e-06    STRATEGY= 1  ERROR MATRIX UNCERTAINTY   2.4 per cent
  EXT PARAMETER                                   STEP         FIRST   
  NO.   NAME      VALUE            ERROR          SIZE      DERIVATIVE 
   1  N0           3.55171e+06   1.83580e+03   5.16774e+00   2.76003e-08
   2  tau          6.44114e+01   constant   
   3  A0           3.53138e-01   6.23993e-04   1.03333e-06   6.84207e-01
   4  phi          4.12085e+00   2.09261e-03   9.49753e-06   2.36128e-01
   5  R           -6.01273e+01   constant   
   6  alpha_CBO    0.00000e+00     fixed    
   7  w_CBO        2.32500e+00   constant   
   8  beta_CBO     0.00000e+00     fixed    
   9  alpha_2CBO   0.00000e+00     fixed    
  10  beta_2CBO    0.00000e+00     fixed    
  11  alpha_y      0.00000e+00     fixed    
  12  w_y          1.38860e+01   constant   
  13  beta_y       0.00000e+00     fixed    
  14  alpha_vw     0.00000e+00     fixed    
  15  w_vw         1.43404e+01   constant   
  16  beta_vw      0.00000e+00     fixed    
  17  LM           2.37201e-04   constant   
  18  zeta_y       0.00000e+00   constant   
  19  zeta_vw      0.00000e+00   constant   
  20  T_CBO        3.85594e+02   2.16121e+02   1.27490e-03  -5.75166e-03
  21  alpha_A0     4.45853e-03   6.79066e-03   3.16545e-03   5.48486e-04
  22  beta_A0     -6.04017e-04   6.10663e-03   5.40832e-04  -3.83364e-04
  23  alpha_phi    8.74967e-03   3.87605e-03   2.42725e-04  -4.21453e-03
  24  beta_phi    -1.83567e-03   6.08859e-03  -1.51547e-03  -2.54153e-03
 EXTERNAL ERROR MATRIX.    NDIM=  25    NPAR=  8    ERR DEF=1
  3.370e+06  1.667e-01  2.301e-01  6.949e+04  1.241e+00  2.510e+00  5.048e-01  4.191e-01 
  1.667e-01  3.894e-07  1.925e-08  5.082e-03  3.497e-07  8.358e-08  2.608e-07 -2.445e-07 
  2.301e-01  1.925e-08  4.379e-06  9.186e-03  3.256e-06  1.280e-06  1.460e-06  8.820e-07 
  6.949e+04  5.082e-03  9.186e-03  5.015e+04  7.211e-01 -9.012e-02 -3.367e-01 -5.983e-01 
  1.241e+00  3.497e-07  3.256e-06  7.211e-01  5.943e-05  9.972e-06  4.452e-06 -2.316e-06 
  2.510e+00  8.358e-08  1.280e-06 -9.012e-02  9.972e-06  4.318e-05 -3.395e-06  1.260e-06 
  5.048e-01  2.608e-07  1.460e-06 -3.367e-01  4.452e-06 -3.395e-06  2.020e-05  3.301e-06 
  4.191e-01 -2.445e-07  8.820e-07 -5.983e-01 -2.316e-06  1.260e-06  3.301e-06  4.311e-05 
 PARAMETER  CORRELATION COEFFICIENTS  
       NO.  GLOBAL      1      3      4     20     21     22     23     24
        1  0.38234   1.000  0.146  0.060  0.169  0.088  0.208  0.061  0.035
        3  0.19026   0.146  1.000  0.015  0.036  0.073  0.020  0.093 -0.060
        4  0.25920   0.060  0.015  1.000  0.020  0.202  0.093  0.155  0.064
       20  0.72357   0.169  0.036  0.020  1.000  0.418 -0.061 -0.335 -0.407
       21  0.60854   0.088  0.073  0.202  0.418  1.000  0.197  0.129 -0.046
       22  0.43633   0.208  0.020  0.093 -0.061  0.197  1.000 -0.115  0.029
       23  0.54574   0.061  0.093  0.155 -0.335  0.129 -0.115  1.000  0.112
       24  0.46418   0.035 -0.060  0.064 -0.407 -0.046  0.029  0.112  1.000
MINUIT - FIT ONLY 1-CBO + wiggle
 **********
 **   16 **RES 
 **********
                   PARAMETER   16  beta_vw RESTORED TO VARIABLE.
                   PARAMETER   14  alpha_vw RESTORED TO VARIABLE.
                   PARAMETER   13  beta_y RESTORED TO VARIABLE.
                   PARAMETER   11  alpha_y RESTORED TO VARIABLE.
                   PARAMETER   10  beta_2CBO RESTORED TO VARIABLE.
                   PARAMETER    9  alpha_2CBO RESTORED TO VARIABLE.
                   PARAMETER    8  beta_CBO RESTORED TO VARIABLE.
                   PARAMETER    6  alpha_CBO RESTORED TO VARIABLE.
 **********
 **   17 **FIX            8
 **********
 **********
 **   18 **FIX            9
 **********
 **********
 **   19 **FIX           11
 **********
 **********
 **   20 **FIX           12
 **********
 PARAMETER   12  IS CONSTANT.   IGNORED.
 **********
 **   21 **FIX           14
 **********
 **********
 **   22 **FIX           15
 **********
 PARAMETER   15  IS CONSTANT.   IGNORED.
 **********
 **   23 **FIX           16
 **********
 **********
 **   24 **MIGRAD
 **********
 START MIGRAD MINIMIZATION.  STRATEGY  1.  CONVERGENCE WHEN EDM .LT. 1.00e-04
 FCN=70.0976 FROM MIGRAD    STATUS=INITIATE       28 CALLS         676 TOTAL
                     EDM= unknown      STRATEGY= 1      NO ERROR MATRIX       
  EXT PARAMETER               CURRENT GUESS       STEP         FIRST   
  NO.   NAME      VALUE            ERROR          SIZE      DERIVATIVE 
   1  N0           3.55171e+06   1.83580e+03   5.16774e+00   2.76003e-08
   2  tau          6.44114e+01   constant   
   3  A0           3.53138e-01   6.23993e-04   1.03333e-06   6.84207e-01
   4  phi          4.12085e+00   2.09261e-03   9.49753e-06   2.36128e-01
   5  R           -6.01273e+01   constant   
   6  alpha_CBO    0.00000e+00   1.00000e-03   1.00000e-03   1.66965e+03
   7  w_CBO        2.32500e+00   constant   
   8  beta_CBO     0.00000e+00     fixed    
   9  alpha_2CBO   0.00000e+00     fixed    
  10  beta_2CBO    0.00000e+00   1.00000e-03   1.00000e-03   7.32584e+01
  11  alpha_y      0.00000e+00     fixed    
  12  w_y          1.38860e+01   constant   
  13  beta_y       0.00000e+00   1.00000e-03   1.00000e-03  -3.61331e+03
  14  alpha_vw     0.00000e+00     fixed    
  15  w_vw         1.43404e+01   constant   
  16  beta_vw      0.00000e+00     fixed    
  17  LM           2.37201e-04   constant   
  18  zeta_y       0.00000e+00   constant   
  19  zeta_vw      0.00000e+00   constant   
  20  T_CBO        3.85594e+02   2.16121e+02   1.27490e-03  -5.75178e-03
  21  alpha_A0     4.45853e-03   6.79066e-03   3.16545e-03  -5.48422e-04
  22  beta_A0     -6.04017e-04   6.10663e-03   5.40832e-04  -3.83360e-04
  23  alpha_phi    8.74967e-03   3.87605e-03   2.42725e-04   4.21456e-03
  24  beta_phi    -1.83567e-03   6.08859e-03  -1.51547e-03   2.54152e-03
 MIGRAD MINIMIZATION HAS CONVERGED.
 MIGRAD WILL VERIFY CONVERGENCE AND ERROR MATRIX.
 FCN=67.9172 FROM HESSE     STATUS=NOT POSDEF    100 CALLS         896 TOTAL
                     EDM=0.00228036    STRATEGY= 1      ERR MATRIX NOT POS-DEF
  EXT PARAMETER                APPROXIMATE        STEP         FIRST   
  NO.   NAME      VALUE            ERROR          SIZE      DERIVATIVE 
   1  N0           3.55165e+06   1.96654e+03   7.12248e+00  -5.77491e-07
   2  tau          6.44114e+01   constant   
   3  A0           3.53086e-01   6.51371e-04   2.54608e-06   2.64852e+00
   4  phi          4.12068e+00   2.07518e-03   8.16853e-06   2.21730e-01
   5  R           -6.01273e+01   constant   
   6  alpha_CBO   -4.85180e-04   7.71621e-04   3.00842e-06  -2.31081e+00
   7  w_CBO        2.32500e+00   constant   
   8  beta_CBO     0.00000e+00     fixed    
   9  alpha_2CBO   0.00000e+00     fixed    
  10  beta_2CBO   -2.30081e-05   7.52759e-04   2.97753e-06  -8.27407e-01
  11  alpha_y      0.00000e+00     fixed    
  12  w_y          1.38860e+01   constant   
  13  beta_y       9.82348e-04   7.38740e-04   2.99828e-06  -3.61894e-02
  14  alpha_vw     0.00000e+00     fixed    
  15  w_vw         1.43404e+01   constant   
  16  beta_vw      0.00000e+00     fixed    
  17  LM           2.37201e-04   constant   
  18  zeta_y       0.00000e+00   constant   
  19  zeta_vw      0.00000e+00   constant   
  20  T_CBO        3.72390e+02   6.07164e+02   2.23630e-03  -6.68234e-03
  21  alpha_A0     4.76356e-03   1.26096e-02   3.26126e-03   3.04585e-03
  22  beta_A0     -5.04965e-04   6.94358e-03   2.72498e-03  -1.91899e-03
  23  alpha_phi    8.04733e-03   1.18313e-02   4.18007e-03   1.64817e-03
  24  beta_phi    -2.03789e-03   1.26002e-02   2.51214e-03  -6.55133e-04
 MIGRAD MINIMIZATION HAS CONVERGED.
 MIGRAD WILL VERIFY CONVERGENCE AND ERROR MATRIX.
 COVARIANCE MATRIX CALCULATED SUCCESSFULLY
 FCN=67.9116 FROM MIGRAD    STATUS=CONVERGED    1073 CALLS        1721 TOTAL
                     EDM=4.94157e-06    STRATEGY= 1      ERROR MATRIX ACCURATE 
  EXT PARAMETER                                   STEP         FIRST   
  NO.   NAME      VALUE            ERROR          SIZE      DERIVATIVE 
   1  N0           3.55164e+06   1.96960e+03   7.12218e+00   5.12164e-07
   2  tau          6.44114e+01   constant   
   3  A0           3.53085e-01   6.52639e-04   2.54598e-06  -1.41589e+00
   4  phi          4.12068e+00   2.07779e-03   8.16823e-06  -9.69245e-02
   5  R           -6.01273e+01   constant   
   6  alpha_CBO   -4.84038e-04   7.73289e-04   3.00831e-06   1.54501e+00
   7  w_CBO        2.32500e+00   constant   
   8  beta_CBO     0.00000e+00     fixed    
   9  alpha_2CBO   0.00000e+00     fixed    
  10  beta_2CBO   -2.26029e-05   7.54216e-04   2.97742e-06   1.59366e-01
  11  alpha_y      0.00000e+00     fixed    
  12  w_y          1.38860e+01   constant   
  13  beta_y       9.82200e-04   7.40109e-04   2.99817e-06  -8.14057e-03
  14  alpha_vw     0.00000e+00     fixed    
  15  w_vw         1.43404e+01   constant   
  16  beta_vw      0.00000e+00     fixed    
  17  LM           2.37201e-04   constant   
  18  zeta_y       0.00000e+00   constant   
  19  zeta_vw      0.00000e+00   constant   
  20  T_CBO        9.99845e+02   9.92046e+02   8.86741e-02  -5.38930e-05
  21  alpha_A0     2.74865e-03   4.12729e-03   1.71787e-03   2.16597e-04
  22  beta_A0     -3.32342e-04   3.88862e-03   1.56459e-03  -2.10677e-03
  23  alpha_phi    4.63085e-03   3.56378e-03   1.60226e-03  -5.00875e-03
  24  beta_phi    -1.15149e-03   3.46041e-03   1.42465e-03   2.63061e-03
 EXTERNAL ERROR MATRIX.    NDIM=  25    NPAR= 11    ERR DEF=1
  3.879e+06 
  2.844e-01  4.259e-07 
  1.296e-01  1.414e-08  4.317e-06 
  4.247e-02  7.195e-08  2.017e-07  5.980e-07 
 -2.935e-02  1.836e-08 -7.421e-08  9.894e-09  5.688e-07 
 -1.562e-02  4.627e-09 -6.653e-10  8.540e-09  3.370e-09  5.478e-07 
  2.860e+02  1.921e-05 -2.657e-04 -1.355e-05  2.284e-05  1.237e-05  1.260e+05 
  7.016e-01  5.804e-08 -1.699e-06 -7.204e-08  4.964e-07  2.713e-08  8.842e-02  1.820e-05 
  1.524e+00  1.219e-07  8.099e-07  9.129e-09  2.078e-07  4.691e-08 -7.698e-03 -1.776e-06  1.595e-05 
  9.503e-01  5.051e-08  3.436e-07  5.837e-07 -2.631e-07 -3.959e-08  1.492e-01 -1.299e-06  4.322e-07  1.345e-05 
 -5.724e-01  1.073e-07  1.519e-08  1.066e-07  2.618e-07  1.132e-08 -3.770e-02 -8.819e-08  6.513e-07  3.076e-07  1.249e-05 
 PARAMETER  CORRELATION COEFFICIENTS  
       NO.  GLOBAL      1      3      4      6     10     13     20     21     22     23     24
        1  0.35141   1.000  0.221  0.032  0.028 -0.020 -0.011  0.000  0.084  0.194  0.132 -0.082
        3  0.27155   0.221  1.000  0.010  0.143  0.037  0.010  0.000  0.021  0.047  0.021  0.046
        4  0.24365   0.032  0.010  1.000  0.126 -0.047 -0.000 -0.000 -0.192  0.098  0.045  0.002
        6  0.28081   0.028  0.143  0.126  1.000  0.017  0.015 -0.000 -0.022  0.003  0.206  0.039
       10  0.22685  -0.020  0.037 -0.047  0.017  1.000  0.006  0.000  0.154  0.069 -0.095  0.098
       13  0.03431  -0.011  0.010 -0.000  0.015  0.006  1.000  0.000  0.009  0.016 -0.015  0.004
       20  0.14195   0.000  0.000 -0.000 -0.000  0.000  0.000  1.000  0.058 -0.005  0.115 -0.030
       21  0.30016   0.084  0.021 -0.192 -0.022  0.154  0.009  0.058  1.000 -0.104 -0.083 -0.006
       22  0.26321   0.194  0.047  0.098  0.003  0.069  0.016 -0.005 -0.104  1.000  0.030  0.046
       23  0.30048   0.132  0.021  0.045  0.206 -0.095 -0.015  0.115 -0.083  0.030  1.000  0.024
       24  0.16355  -0.082  0.046  0.002  0.039  0.098  0.004 -0.030 -0.006  0.046  0.024  1.000
MINUIT - FIT ONLY 2-CBO
 **********
 **   25 **RES 
 **********
                   PARAMETER   16  beta_vw RESTORED TO VARIABLE.
                   PARAMETER   14  alpha_vw RESTORED TO VARIABLE.
                   PARAMETER   11  alpha_y RESTORED TO VARIABLE.
                   PARAMETER    9  alpha_2CBO RESTORED TO VARIABLE.
                   PARAMETER    8  beta_CBO RESTORED TO VARIABLE.
 **********
 **   26 **FIX            0
 **********
 PARAMETER    0  IS UNDEFINED. IGNORED.
 **********
 **   27 **FIX            1
 **********
 **********
 **   28 **FIX            2
 **********
 PARAMETER    2  IS CONSTANT.   IGNORED.
 **********
 **   29 **FIX            3
 **********
 **********
 **   30 **FIX            4
 **********
 **********
 **   31 **FIX            5
 **********
 PARAMETER    5  IS CONSTANT.   IGNORED.
 **********
 **   32 **FIX            6
 **********
 **********
 **   33 **FIX            7
 **********
 PARAMETER    7  IS CONSTANT.   IGNORED.
 **********
 **   34 **FIX           10
 **********
 **********
 **   35 **FIX           11
 **********
 **********
 **   36 **FIX           12
 **********
 PARAMETER   12  IS CONSTANT.   IGNORED.
 **********
 **   37 **FIX           13
 **********
 **********
 **   38 **FIX           14
 **********
 **********
 **   39 **FIX           15
 **********
 PARAMETER   15  IS CONSTANT.   IGNORED.
 **********
 **   40 **FIX           16
 **********
 **********
 **   41 **MIGRAD
 **********
 START MIGRAD MINIMIZATION.  STRATEGY  1.  CONVERGENCE WHEN EDM .LT. 1.00e-04
 FCN=67.9116 FROM MIGRAD    STATUS=INITIATE       18 CALLS        1739 TOTAL
                     EDM= unknown      STRATEGY= 1      NO ERROR MATRIX       
  EXT PARAMETER               CURRENT GUESS       STEP         FIRST   
  NO.   NAME      VALUE            ERROR          SIZE      DERIVATIVE 
   1  N0           3.55164e+06     fixed    
   2  tau          6.44114e+01   constant   
   3  A0           3.53085e-01     fixed    
   4  phi          4.12068e+00     fixed    
   5  R           -6.01273e+01   constant   
   6  alpha_CBO   -4.84038e-04     fixed    
   7  w_CBO        2.32500e+00   constant   
   8  beta_CBO     0.00000e+00   1.00000e-03   1.00000e-03   8.24694e+03
   9  alpha_2CBO   0.00000e+00   1.00000e-03   1.00000e-03   6.52756e+03
  10  beta_2CBO   -2.26029e-05     fixed    
  11  alpha_y      0.00000e+00     fixed    
  12  w_y          1.38860e+01   constant   
  13  beta_y       9.82200e-04     fixed    
  14  alpha_vw     0.00000e+00     fixed    
  15  w_vw         1.43404e+01   constant   
  16  beta_vw      0.00000e+00     fixed    
  17  LM           2.37201e-04   constant   
  18  zeta_y       0.00000e+00   constant   
  19  zeta_vw      0.00000e+00   constant   
  20  T_CBO        9.99845e+02   9.92046e+02   8.86741e-02  -5.59888e-05
  21  alpha_A0     2.74865e-03   4.12729e-03   1.71787e-03   2.12092e-04
  22  beta_A0     -3.32342e-04   3.88862e-03   1.56459e-03  -2.10624e-03
  23  alpha_phi    4.63085e-03   3.56378e-03   1.60226e-03  -5.01699e-03
  24  beta_phi    -1.15149e-03   3.46041e-03   1.42465e-03   2.63244e-03
 MIGRAD MINIMIZATION HAS CONVERGED.
 MIGRAD WILL VERIFY CONVERGENCE AND ERROR MATRIX.
 COVARIANCE MATRIX CALCULATED SUCCESSFULLY
 FCN=51.9882 FROM MIGRAD    STATUS=CONVERGED     145 CALLS        1866 TOTAL
                     EDM=2.79364e-06    STRATEGY= 1      ERROR MATRIX ACCURATE 
  EXT PARAMETER                                   STEP         FIRST   
  NO.   NAME      VALUE            ERROR          SIZE      DERIVATIVE 
   1  N0           3.55164e+06     fixed    
   2  tau          6.44114e+01   constant   
   3  A0           3.53085e-01     fixed    
   4  phi          4.12068e+00     fixed    
   5  R           -6.01273e+01   constant   
   6  alpha_CBO   -4.84038e-04     fixed    
   7  w_CBO        2.32500e+00   constant   
   8  beta_CBO    -2.36383e-03   7.48575e-04   2.58264e-06   2.63577e+00
   9  alpha_2CBO  -1.89227e-03   7.49145e-04   2.60871e-06  -6.52402e-01
  10  beta_2CBO   -2.26029e-05     fixed    
  11  alpha_y      0.00000e+00     fixed    
  12  w_y          1.38860e+01   constant   
  13  beta_y       9.82200e-04     fixed    
  14  alpha_vw     0.00000e+00     fixed    
  15  w_vw         1.43404e+01   constant   
  16  beta_vw      0.00000e+00     fixed    
  17  LM           2.37201e-04   constant   
  18  zeta_y       0.00000e+00   constant   
  19  zeta_vw      0.00000e+00   constant   
  20  T_CBO        9.99961e+02   7.07996e+02   7.99741e-02  -6.11085e-05
  21  alpha_A0     2.20443e-03   3.85019e-03   1.48266e-03  -4.04573e-04
  22  beta_A0      3.56029e-04   3.69337e-03   1.36760e-03   1.72597e-03
  23  alpha_phi    3.33633e-03   3.34392e-03   1.31832e-03  -4.12493e-06
  24  beta_phi    -4.41983e-03   3.38193e-03   1.37874e-03  -3.75719e-03
 EXTERNAL ERROR MATRIX.    NDIM=  25    NPAR=  7    ERR DEF=1
  5.604e-07  1.301e-08  1.558e-06 -7.849e-08  1.619e-07  8.992e-08  6.075e-07 
  1.301e-08  5.612e-07 -6.478e-07  2.519e-07 -4.045e-07  2.546e-07  1.588e-07 
  1.558e-06 -6.478e-07  7.760e+01  2.175e-04  4.725e-05  3.367e-04 -4.423e-04 
 -7.849e-08  2.519e-07  2.175e-04  1.567e-05 -1.843e-06 -9.578e-07 -1.459e-07 
  1.619e-07 -4.045e-07  4.725e-05 -1.843e-06  1.431e-05 -2.910e-08  7.136e-07 
  8.992e-08  2.546e-07  3.367e-04 -9.578e-07 -2.910e-08  1.169e-05  6.181e-07 
  6.075e-07  1.588e-07 -4.423e-04 -1.459e-07  7.136e-07  6.181e-07  1.202e-05 
 PARAMETER  CORRELATION COEFFICIENTS  
       NO.  GLOBAL      8      9     20     21     22     23     24
        8  0.24044   1.000  0.023  0.000 -0.026  0.057  0.035  0.234
        9  0.20038   0.023  1.000 -0.000  0.085 -0.143  0.099  0.061
       20  0.02057   0.000 -0.000  1.000  0.006  0.001  0.011 -0.014
       21  0.16228  -0.026  0.085  0.006  1.000 -0.123 -0.071 -0.011
       22  0.19624   0.057 -0.143  0.001 -0.123  1.000 -0.002  0.054
       23  0.13714   0.035  0.099  0.011 -0.071 -0.002  1.000  0.052
       24  0.24904   0.234  0.061 -0.014 -0.011  0.054  0.052  1.000
MINUIT - FIT wiggle + 1-CBO + 2-CBO
 **********
 **   42 **RES 
 **********
                   PARAMETER   16  beta_vw RESTORED TO VARIABLE.
                   PARAMETER   14  alpha_vw RESTORED TO VARIABLE.
                   PARAMETER   13  beta_y RESTORED TO VARIABLE.
                   PARAMETER   11  alpha_y RESTORED TO VARIABLE.
                   PARAMETER   10  beta_2CBO RESTORED TO VARIABLE.
                   PARAMETER    6  alpha_CBO RESTORED TO VARIABLE.
                   PARAMETER    4  phi RESTORED TO VARIABLE.
                   PARAMETER    3  A0 RESTORED TO VARIABLE.
                   PARAMETER    1  N0 RESTORED TO VARIABLE.
 **********
 **   43 **FIX           10
 **********
 **********
 **   44 **FIX           11
 **********
 **********
 **   45 **FIX           12
 **********
 PARAMETER   12  IS CONSTANT.   IGNORED.
 **********
 **   46 **FIX           13
 **********
 **********
 **   47 **FIX           14
 **********
 **********
 **   48 **FIX           15
 **********
 PARAMETER   15  IS CONSTANT.   IGNORED.
 **********
 **   49 **FIX           16
 **********
 **********
 **   50 **MIGRAD
 **********
 START MIGRAD MINIMIZATION.  STRATEGY  1.  CONVERGENCE WHEN EDM .LT. 1.00e-04
 FCN=51.9881 FROM MIGRAD    STATUS=INITIATE       54 CALLS        1920 TOTAL
                     EDM= unknown      STRATEGY= 1      NO ERROR MATRIX       
  EXT PARAMETER               CURRENT GUESS       STEP         FIRST   
  NO.   NAME      VALUE            ERROR          SIZE      DERIVATIVE 
   1  N0           3.55164e+06   1.96960e+03   0.00000e+00   5.98647e-05
   2  tau          6.44114e+01   constant   
   3  A0           3.53085e-01   6.52639e-04   0.00000e+00  -1.14769e+03
   4  phi          4.12068e+00   2.07779e-03   0.00000e+00   5.55155e+02
   5  R           -6.01273e+01   constant   
   6  alpha_CBO   -4.84038e-04   7.73289e-04   0.00000e+00  -1.47262e+02
   7  w_CBO        2.32500e+00   constant   
   8  beta_CBO    -2.36383e-03   7.48575e-04   0.00000e+00  -1.00949e+00
   9  alpha_2CBO  -1.89227e-03   7.49145e-04   0.00000e+00   1.72880e-02
  10  beta_2CBO   -2.26029e-05     fixed    
  11  alpha_y      0.00000e+00     fixed    
  12  w_y          1.38860e+01   constant   
  13  beta_y       9.82200e-04     fixed    
  14  alpha_vw     0.00000e+00     fixed    
  15  w_vw         1.43404e+01   constant   
  16  beta_vw      0.00000e+00     fixed    
  17  LM           2.37201e-04   constant   
  18  zeta_y       0.00000e+00   constant   
  19  zeta_vw      0.00000e+00   constant   
  20  T_CBO        9.86020e+02   7.07996e+02  -2.24574e-01   1.65221e-05
  21  alpha_A0     2.20443e-03   3.85019e-03   0.00000e+00  -1.42595e-02
  22  beta_A0      3.56029e-04   3.69337e-03   0.00000e+00  -4.06274e-03
  23  alpha_phi    3.33633e-03   3.34392e-03   0.00000e+00  -2.60073e-02
  24  beta_phi    -4.41983e-03   3.38193e-03   0.00000e+00   2.76841e-02
 MIGRAD MINIMIZATION HAS CONVERGED.
 FCN=51.4701 FROM MIGRAD    STATUS=CONVERGED     908 CALLS        2774 TOTAL
                     EDM=9.31597e-06    STRATEGY= 1  ERROR MATRIX UNCERTAINTY   0.1 per cent
  EXT PARAMETER                                   STEP         FIRST   
  NO.   NAME      VALUE            ERROR          SIZE      DERIVATIVE 
   1  N0           3.55167e+06   1.86493e+03   1.23271e+00   5.29970e-07
   2  tau          6.44114e+01   constant   
   3  A0           3.53330e-01   6.46008e-04  -2.79243e-06  -1.36862e+00
   4  phi          4.11942e+00   2.11375e-03  -3.22596e-06  -3.25658e-01
   5  R           -6.01273e+01   constant   
   6  alpha_CBO   -4.55694e-04   7.45162e-04   1.35799e-06   3.94003e-01
   7  w_CBO        2.32500e+00   constant   
   8  beta_CBO    -2.49571e-03   7.46299e-04  -1.51180e-06  -1.66733e+00
   9  alpha_2CBO  -1.87833e-03   7.36659e-04  -1.41749e-06  -8.37560e-01
  10  beta_2CBO   -2.26029e-05     fixed    
  11  alpha_y      0.00000e+00     fixed    
  12  w_y          1.38860e+01   constant   
  13  beta_y       9.82200e-04     fixed    
  14  alpha_vw     0.00000e+00     fixed    
  15  w_vw         1.43404e+01   constant   
  16  beta_vw      0.00000e+00     fixed    
  17  LM           2.37201e-04   constant   
  18  zeta_y       0.00000e+00   constant   
  19  zeta_vw      0.00000e+00   constant   
  20  T_CBO        2.89305e+02   2.22269e+02   1.14083e-03   1.11157e-02
  21  alpha_A0     5.98851e-03   1.53770e-02  -1.66642e-03  -9.03260e-03
  22  beta_A0      2.37903e-04   3.98786e-03   6.45799e-04  -4.86957e-03
  23  alpha_phi    7.38634e-03   1.58900e-02  -1.00890e-03   6.25344e-03
  24  beta_phi    -9.99736e-03   1.07644e-02  -2.99142e-02   8.79587e-04
 EXTERNAL ERROR MATRIX.    NDIM=  25    NPAR= 11    ERR DEF=1
  3.478e+06 
  2.153e-01  4.173e-07 
  6.894e-03 -3.482e-08  4.468e-06 
  3.026e-02  5.361e-08  1.264e-07  5.553e-07 
 -1.153e-02 -3.761e-08  3.507e-07 -1.045e-08  5.570e-07 
  6.779e-02  1.179e-08 -4.141e-08  4.775e-09 -1.324e-08  5.427e-07 
 -3.771e+04  1.078e-02  2.620e-02 -1.362e-03  3.651e-02  1.105e-02  5.396e+04 
  7.676e-01  9.821e-08 -2.154e-06  6.155e-07  5.662e-07  8.974e-07  1.344e+00  8.318e-05 
  4.548e-01 -1.766e-07  7.454e-07  1.587e-07  4.577e-08 -1.637e-07  2.908e-02 -4.122e-06  1.683e-05 
  6.596e-01  4.291e-07  5.211e-08  4.886e-07  9.471e-07  8.519e-07  1.551e+00  6.523e-05 -2.705e-06  7.514e-05 
  2.539e-02  2.096e-08 -3.470e-08  9.432e-09  5.739e-08  4.560e-08 -1.563e-01 -5.284e-07 -2.232e-07 -3.214e-06  1.741e-06 
 PARAMETER  CORRELATION COEFFICIENTS  
       NO.  GLOBAL      1      3      4      6      8      9     20     21     22     23     24
        1  0.32144   1.000  0.179  0.002  0.022 -0.008  0.049 -0.087  0.045  0.059  0.041  0.010
        3  0.33168   0.179  1.000 -0.025  0.111 -0.078  0.025  0.072  0.017 -0.067  0.077  0.025
        4  0.32967   0.002 -0.025  1.000  0.080  0.222 -0.027  0.053 -0.112  0.086  0.003 -0.012
        6  0.23756   0.022  0.111  0.080  1.000 -0.019  0.009 -0.008  0.091  0.052  0.076  0.010
        8  0.40038  -0.008 -0.078  0.222 -0.019  1.000 -0.024  0.211  0.083  0.015  0.146  0.058
        9  0.17846   0.049  0.025 -0.027  0.009 -0.024  1.000  0.065  0.134 -0.054  0.133  0.047
       20  0.86774  -0.087  0.072  0.053 -0.008  0.211  0.065  1.000  0.634  0.031  0.770 -0.510
       21  0.87269   0.045  0.017 -0.112  0.091  0.083  0.134  0.634  1.000 -0.110  0.825 -0.044
       22  0.25433   0.059 -0.067  0.086  0.052  0.015 -0.054  0.031 -0.110  1.000 -0.076 -0.041
       23  0.89148   0.041  0.077  0.003  0.076  0.146  0.133  0.770  0.825 -0.076  1.000 -0.281
       24  0.68601   0.010  0.025 -0.012  0.010  0.058  0.047 -0.510 -0.044 -0.041 -0.281  1.000
MINUIT - FIT ONLY 1-y
 **********
 **   51 **RES 
 **********
                   PARAMETER   16  beta_vw RESTORED TO VARIABLE.
                   PARAMETER   14  alpha_vw RESTORED TO VARIABLE.
                   PARAMETER   13  beta_y RESTORED TO VARIABLE.
                   PARAMETER   11  alpha_y RESTORED TO VARIABLE.
                   PARAMETER   10  beta_2CBO RESTORED TO VARIABLE.
 **********
 **   52 **FIX            0
 **********
 PARAMETER    0  IS UNDEFINED. IGNORED.
 **********
 **   53 **FIX            1
 **********
 **********
 **   54 **FIX            2
 **********
 PARAMETER    2  IS CONSTANT.   IGNORED.
 **********
 **   55 **FIX            3
 **********
 **********
 **   56 **FIX            4
 **********
 **********
 **   57 **FIX            5
 **********
 PARAMETER    5  IS CONSTANT.   IGNORED.
 **********
 **   58 **FIX            6
 **********
 **********
 **   59 **FIX            7
 **********
 PARAMETER    7  IS CONSTANT.   IGNORED.
 **********
 **   60 **FIX            8
 **********
 **********
 **   61 **FIX            9
 **********
 **********
 **   62 **FIX           13
 **********
 **********
 **   63 **FIX           14
 **********
 **********
 **   64 **FIX           15
 **********
 PARAMETER   15  IS CONSTANT.   IGNORED.
 **********
 **   65 **FIX           16
 **********
 **********
 **   66 **MIGRAD
 **********
 START MIGRAD MINIMIZATION.  STRATEGY  1.  CONVERGENCE WHEN EDM .LT. 1.00e-04
 FCN=51.4701 FROM MIGRAD    STATUS=INITIATE       16 CALLS        2790 TOTAL
                     EDM= unknown      STRATEGY= 1      NO ERROR MATRIX       
  EXT PARAMETER               CURRENT GUESS       STEP         FIRST   
  NO.   NAME      VALUE            ERROR          SIZE      DERIVATIVE 
   1  N0           3.55167e+06     fixed    
   2  tau          6.44114e+01   constant   
   3  A0           3.53330e-01     fixed    
   4  phi          4.11942e+00     fixed    
   5  R           -6.01273e+01   constant   
   6  alpha_CBO   -4.55694e-04     fixed    
   7  w_CBO        2.32500e+00   constant   
   8  beta_CBO    -2.49571e-03     fixed    
   9  alpha_2CBO  -1.87833e-03     fixed    
  10  beta_2CBO   -2.26029e-05   7.54216e-04   7.54216e-04  -1.72458e+02
  11  alpha_y      0.00000e+00   1.00000e-03   1.00000e-03   2.36778e+03
  12  w_y          1.38860e+01   constant   
  13  beta_y       9.82200e-04     fixed    
  14  alpha_vw     0.00000e+00     fixed    
  15  w_vw         1.43404e+01   constant   
  16  beta_vw      0.00000e+00     fixed    
  17  LM           2.37201e-04   constant   
  18  zeta_y       0.00000e+00   constant   
  19  zeta_vw      0.00000e+00   constant   
  20  T_CBO        2.89305e+02   2.22269e+02   1.14083e-03  -1.11156e-02
  21  alpha_A0     5.98851e-03   1.53770e-02  -1.66642e-03  -9.03259e-03
  22  beta_A0      2.37903e-04   3.98786e-03   6.45799e-04  -4.86957e-03
  23  alpha_phi    7.38634e-03   1.58900e-02  -1.00890e-03   6.25348e-03
  24  beta_phi    -9.99736e-03   1.07644e-02  -2.99142e-02   8.80564e-04
 MIGRAD MINIMIZATION HAS CONVERGED.
 MIGRAD WILL VERIFY CONVERGENCE AND ERROR MATRIX.
 COVARIANCE MATRIX CALCULATED SUCCESSFULLY
 FCN=50.719 FROM MIGRAD    STATUS=CONVERGED     115 CALLS        2889 TOTAL
                     EDM=1.62445e-05    STRATEGY= 1      ERROR MATRIX ACCURATE 
  EXT PARAMETER                                   STEP         FIRST   
  NO.   NAME      VALUE            ERROR          SIZE      DERIVATIVE 
   1  N0           3.55167e+06     fixed    
   2  tau          6.44114e+01   constant   
   3  A0           3.53330e-01     fixed    
   4  phi          4.11942e+00     fixed    
   5  R           -6.01273e+01   constant   
   6  alpha_CBO   -4.55694e-04     fixed    
   7  w_CBO        2.32500e+00   constant   
   8  beta_CBO    -2.49571e-03     fixed    
   9  alpha_2CBO  -1.87833e-03     fixed    
  10  beta_2CBO    3.45221e-05   7.52639e-04   2.57956e-06   1.70557e+00
  11  alpha_y     -6.30366e-04   7.29434e-04   2.55979e-06  -1.05491e-01
  12  w_y          1.38860e+01   constant   
  13  beta_y       9.82200e-04     fixed    
  14  alpha_vw     0.00000e+00     fixed    
  15  w_vw         1.43404e+01   constant   
  16  beta_vw      0.00000e+00     fixed    
  17  LM           2.37201e-04   constant   
  18  zeta_y       0.00000e+00   constant   
  19  zeta_vw      0.00000e+00   constant   
  20  T_CBO        2.88354e+02   1.95453e+02   1.10548e-03   8.95876e-03
  21  alpha_A0     5.91196e-03   1.60481e-02   3.97498e-03  -1.09182e-03
  22  beta_A0      4.18398e-04   7.70527e-03   3.04220e-03  -6.66974e-04
  23  alpha_phi    7.37118e-03   1.67376e-02   4.05667e-03  -8.39511e-04
  24  beta_phi    -1.00000e-02   1.93550e-02   2.79075e-02** at limit **
 EXTERNAL ERROR MATRIX.    NDIM=  25    NPAR=  7    ERR DEF=1
  5.665e-07 -6.103e-09 -1.432e-02  1.390e-06  5.579e-07 -1.680e-07 -1.751e-12 
 -6.103e-09  5.321e-07  5.575e-04  1.857e-07 -1.073e-07 -5.548e-08  5.508e-13 
 -1.432e-02  5.575e-04  4.084e+04 -9.582e-01 -2.088e-01 -1.242e+00  3.732e-04 
  1.390e-06  1.857e-07 -9.582e-01  1.098e-04 -3.974e-06  2.183e-05 -8.653e-09 
  5.579e-07 -1.073e-07 -2.088e-01 -3.974e-06  7.743e-05  6.700e-06 -8.745e-10 
 -1.680e-07 -5.548e-08 -1.242e+00  2.183e-05  6.700e-06  1.008e-04 -1.087e-08 
 -1.751e-12  5.508e-13  3.732e-04 -8.653e-09 -8.745e-10 -1.087e-08  1.369e-10 
 PARAMETER  CORRELATION COEFFICIENTS  
       NO.  GLOBAL     10     11     20     21     22     23     24
       10  0.21762   1.000 -0.011 -0.094  0.176  0.084 -0.022 -0.000
       11  0.03564  -0.011  1.000  0.004  0.024 -0.017 -0.008  0.000
       20  0.70895  -0.094  0.004  1.000 -0.452 -0.117 -0.612  0.158
       21  0.49020   0.176  0.024 -0.452  1.000 -0.043  0.208 -0.071
       22  0.18410   0.084 -0.017 -0.117 -0.043  1.000  0.076 -0.008
       23  0.62128  -0.022 -0.008 -0.612  0.208  0.076  1.000 -0.093
       24  0.15889  -0.000  0.000  0.158 -0.071 -0.008 -0.093  1.000
MINUIT - FIT ONLY 2-y
 **********
 **   67 **RES 
 **********
                   PARAMETER   16  beta_vw RESTORED TO VARIABLE.
                   PARAMETER   14  alpha_vw RESTORED TO VARIABLE.
                   PARAMETER   13  beta_y RESTORED TO VARIABLE.
                   PARAMETER    9  alpha_2CBO RESTORED TO VARIABLE.
                   PARAMETER    8  beta_CBO RESTORED TO VARIABLE.
                   PARAMETER    6  alpha_CBO RESTORED TO VARIABLE.
                   PARAMETER    4  phi RESTORED TO VARIABLE.
                   PARAMETER    3  A0 RESTORED TO VARIABLE.
                   PARAMETER    1  N0 RESTORED TO VARIABLE.
 **********
 **   68 **FIX            0
 **********
 PARAMETER    0  IS UNDEFINED. IGNORED.
 **********
 **   69 **FIX            1
 **********
 **********
 **   70 **FIX            2
 **********
 PARAMETER    2  IS CONSTANT.   IGNORED.
 **********
 **   71 **FIX            3
 **********
 **********
 **   72 **FIX            4
 **********
 **********
 **   73 **FIX            5
 **********
 PARAMETER    5  IS CONSTANT.   IGNORED.
 **********
 **   74 **FIX            6
 **********
 **********
 **   75 **FIX            7
 **********
 PARAMETER    7  IS CONSTANT.   IGNORED.
 **********
 **   76 **FIX            8
 **********
 **********
 **   77 **FIX            9
 **********
 **********
 **   78 **FIX           10
 **********
 **********
 **   79 **FIX           11
 **********
 **********
 **   80 **FIX           12
 **********
 PARAMETER   12  IS CONSTANT.   IGNORED.
 **********
 **   81 **FIX           16
 **********
 **********
 **   82 **MIGRAD
 **********
 START MIGRAD MINIMIZATION.  STRATEGY  1.  CONVERGENCE WHEN EDM .LT. 1.00e-04
 FCN=50.719 FROM MIGRAD    STATUS=INITIATE       16 CALLS        2905 TOTAL
                     EDM= unknown      STRATEGY= 1      NO ERROR MATRIX       
  EXT PARAMETER               CURRENT GUESS       STEP         FIRST   
  NO.   NAME      VALUE            ERROR          SIZE      DERIVATIVE 
   1  N0           3.55167e+06     fixed    
   2  tau          6.44114e+01   constant   
   3  A0           3.53330e-01     fixed    
   4  phi          4.11942e+00     fixed    
   5  R           -6.01273e+01   constant   
   6  alpha_CBO   -4.55694e-04     fixed    
   7  w_CBO        2.32500e+00   constant   
   8  beta_CBO    -2.49571e-03     fixed    
   9  alpha_2CBO  -1.87833e-03     fixed    
  10  beta_2CBO    3.45221e-05     fixed    
  11  alpha_y     -6.30366e-04     fixed    
  12  w_y          1.38860e+01   constant   
  13  beta_y       9.82200e-04   7.40109e-04   7.40109e-04  -1.24706e+02
  14  alpha_vw     0.00000e+00   1.00000e-03   1.00000e-03   3.40862e+03
  15  w_vw         1.43404e+01   constant   
  16  beta_vw      0.00000e+00     fixed    
  17  LM           2.37201e-04   constant   
  18  zeta_y       0.00000e+00   constant   
  19  zeta_vw      0.00000e+00   constant   
  20  T_CBO        2.88354e+02   1.95453e+02   1.10548e-03   8.93664e-03
  21  alpha_A0     5.91196e-03   1.60481e-02   3.97498e-03  -1.10051e-03
  22  beta_A0      4.18398e-04   7.70527e-03   3.04220e-03  -6.67814e-04
  23  alpha_phi    7.37118e-03   1.67376e-02   4.05667e-03  -8.52598e-04
  24  beta_phi    -9.99998e-03   1.93550e-02   2.79075e-02   5.22806e-05
 MIGRAD MINIMIZATION HAS CONVERGED.
 MIGRAD WILL VERIFY CONVERGENCE AND ERROR MATRIX.
 COVARIANCE MATRIX CALCULATED SUCCESSFULLY
 FCN=48.8775 FROM MIGRAD    STATUS=CONVERGED     129 CALLS        3018 TOTAL
                     EDM=5.97088e-07    STRATEGY= 1      ERROR MATRIX ACCURATE 
  EXT PARAMETER                                   STEP         FIRST   
  NO.   NAME      VALUE            ERROR          SIZE      DERIVATIVE 
   1  N0           3.55167e+06     fixed    
   2  tau          6.44114e+01   constant   
   3  A0           3.53330e-01     fixed    
   4  phi          4.11942e+00     fixed    
   5  R           -6.01273e+01   constant   
   6  alpha_CBO   -4.55694e-04     fixed    
   7  w_CBO        2.32500e+00   constant   
   8  beta_CBO    -2.49571e-03     fixed    
   9  alpha_2CBO  -1.87833e-03     fixed    
  10  beta_2CBO    3.45221e-05     fixed    
  11  alpha_y     -6.30366e-04     fixed    
  12  w_y          1.38860e+01   constant   
  13  beta_y       1.39627e-03   7.91175e-04   2.55065e-06  -1.11364e-01
  14  alpha_vw    -1.06538e-03   7.85509e-04   2.53220e-06  -2.05623e-01
  15  w_vw         1.43404e+01   constant   
