 + ++++++++++++++++++++++++++++++++++++++++++++++++++++++++++++++++++++ +
 +                                                                      +
 +           You have chose to blind your fitting according to          +
 +                omega_ref * (1 + (R +/- deltaR) *10^{-6})             +
 +                                                                      +
 + ++++++++++++++++++++++++++++++++++++++++++++++++++++++++++++++++++++ +
In main()...
reading format from /gm2data/zkhechad/run45/envelope/formats/formatB_sBin_constraintOn.txt
pBinTau 	= 0  
pBinPhi 	= 0  
constraintau 	= 1 
includeMopTerm 	= 0    
constrainMop    = 0   
Parameters after format file: pBinTau 0 pBinPhi 0 constraintau 1 includeMopTerm 0 constrainMop 0 c_e_scale 0.000000 
Opening file /gm2data/tbarrett/gm2fr/studies/run23_bunch_corrections/CorrectedFourier_Run3b.root.
reading full fit data from /gm2data/zkhechad/cboTemplates/Run4CBOTemplates/templateFits0_v2.0/noRF/sBin_constraintOn_cE0.0_seed0_noRF_calo13.root
windowBins = 69
fitting sliding window 1838 from bin 1974 at 294.371600 to bin 2043 at 304.815600 (69 bins)

Reading data from /gm2data/cornell/histograms/aMethod/histogram_a_noRF.root
 **********
 **    1 **SET PRINTOUT            1
 **********
 **********
 **    2 **SET NOWARNINGS 
 **********
 PARAMETER DEFINITIONS:
    NO.   NAME         VALUE      STEP SIZE      LIMITS
     1 N0           3.44933e+06  1.00000e+02     no limits
     2 tau          6.43680e+01  constant
     3 A0           3.52702e-01  1.00000e-04     no limits
     4 phi          4.13064e+00  1.00000e-02     no limits
     5 R           -6.08433e+01  constant
     6 alpha_CBO    0.00000e+00  1.00000e-03     no limits
     7 w_CBO        2.32500e+00  constant
     8 beta_CBO     0.00000e+00  1.00000e-03     no limits
     9 alpha_2CBO   0.00000e+00  1.00000e-03     no limits
    10 beta_2CBO    0.00000e+00  1.00000e-03     no limits
    11 alpha_y      0.00000e+00  1.00000e-03     no limits
    12 w_y          1.44500e+01  constant
    13 beta_y       0.00000e+00  1.00000e-03     no limits
    14 alpha_vw     0.00000e+00  1.00000e-03     no limits
    15 w_vw         1.29000e+01  constant
    16 beta_vw      0.00000e+00  1.00000e-03     no limits
    17 LM          -1.22211e-03  constant
    18 zeta_y       0.00000e+00  constant
    19 zeta_vw      0.00000e+00  constant
    20 T_CBO        1.00000e+02  1.00000e+00    0.00000e+00  1.00000e+03
    21 alpha_A0     0.00000e+00  1.00000e-03     no limits
    22 beta_A0      0.00000e+00  1.00000e-03     no limits
    23 alpha_phi    0.00000e+00  1.00000e-03     no limits
    24 beta_phi     0.00000e+00  1.00000e-03     no limits
MINUIT - FIT ONLY WIGGLE
 **********
 **    3 **FIX            5
 **********
 PARAMETER    5  IS CONSTANT.   IGNORED.
 **********
 **    4 **FIX            6
 **********
 **********
 **    5 **FIX            7
 **********
 PARAMETER    7  IS CONSTANT.   IGNORED.
 **********
 **    6 **FIX            8
 **********
 **********
 **    7 **FIX            9
 **********
 **********
 **    8 **FIX           10
 **********
 **********
 **    9 **FIX           11
 **********
 **********
 **   10 **FIX           12
 **********
 PARAMETER   12  IS CONSTANT.   IGNORED.
 **********
 **   11 **FIX           13
 **********
 **********
 **   12 **FIX           14
 **********
 **********
 **   13 **FIX           15
 **********
 PARAMETER   15  IS CONSTANT.   IGNORED.
 **********
 **   14 **FIX           16
 **********
 **********
 **   15 **MIGRAD
 **********
 FIRST CALL TO USER FUNCTION AT NEW START POINT, WITH IFLAG=4.
 START MIGRAD MINIMIZATION.  STRATEGY  1.  CONVERGENCE WHEN EDM .LT. 1.00e-04
 FCN=96.6334 FROM MIGRAD    STATUS=INITIATE      437 CALLS         438 TOTAL
                     EDM= unknown      STRATEGY= 1      NO ERROR MATRIX       
  EXT PARAMETER               CURRENT GUESS       STEP         FIRST   
  NO.   NAME      VALUE            ERROR          SIZE      DERIVATIVE 
   1  N0           3.44933e+06   1.00000e+02   0.00000e+00   2.30766e-03
   2  tau          6.43680e+01   constant   
   3  A0           3.52702e-01   1.00000e-04   0.00000e+00   2.82825e+03
   4  phi          4.13064e+00   1.00000e-02   0.00000e+00  -2.17367e+03
   5  R           -6.08433e+01   constant   
   6  alpha_CBO    0.00000e+00     fixed    
   7  w_CBO        2.32500e+00   constant   
   8  beta_CBO     0.00000e+00     fixed    
   9  alpha_2CBO   0.00000e+00     fixed    
  10  beta_2CBO    0.00000e+00     fixed    
  11  alpha_y      0.00000e+00     fixed    
  12  w_y          1.44500e+01   constant   
  13  beta_y       0.00000e+00     fixed    
  14  alpha_vw     0.00000e+00     fixed    
  15  w_vw         1.29000e+01   constant   
  16  beta_vw      0.00000e+00     fixed    
  17  LM          -1.22211e-03   constant   
  18  zeta_y       0.00000e+00   constant   
  19  zeta_vw      0.00000e+00   constant   
  20  T_CBO        1.00000e+02   1.00000e+00   0.00000e+00   0.00000e+00
  21  alpha_A0     0.00000e+00   1.00000e-03   0.00000e+00   1.28487e+01
  22  beta_A0      0.00000e+00   1.00000e-03   0.00000e+00  -7.41340e+01
  23  alpha_phi    0.00000e+00   1.00000e-03   0.00000e+00   2.90967e+01
  24  beta_phi     0.00000e+00   1.00000e-03   0.00000e+00  -4.41300e+01
 CALL LIMIT EXCEEDED IN MIGRAD.
 MIGRAD TERMINATED WITHOUT CONVERGENCE.
 FCN=86.2006 FROM MIGRAD    STATUS=CALL LIMIT   1332 CALLS        1333 TOTAL
                     EDM=0.00129498    STRATEGY= 1  ERROR MATRIX UNCERTAINTY   0.5 per cent
  EXT PARAMETER                APPROXIMATE        STEP         FIRST   
  NO.   NAME      VALUE            ERROR          SIZE      DERIVATIVE 
   1  N0           3.44699e+06   1.44267e+03  -6.50233e+00  -1.35113e-05
   2  tau          6.43680e+01   constant   
   3  A0           3.52370e-01   5.54707e-04  -2.64996e-06  -2.75944e+01
   4  phi          4.13323e+00   1.69815e-03   1.38113e-05   5.68004e+00
   5  R           -6.08433e+01   constant   
   6  alpha_CBO    0.00000e+00     fixed    
   7  w_CBO        2.32500e+00   constant   
   8  beta_CBO     0.00000e+00     fixed    
   9  alpha_2CBO   0.00000e+00     fixed    
  10  beta_2CBO    0.00000e+00     fixed    
  11  alpha_y      0.00000e+00     fixed    
  12  w_y          1.44500e+01   constant   
  13  beta_y       0.00000e+00     fixed    
  14  alpha_vw     0.00000e+00     fixed    
  15  w_vw         1.29000e+01   constant   
  16  beta_vw      0.00000e+00     fixed    
  17  LM          -1.22211e-03   constant   
  18  zeta_y       0.00000e+00   constant   
  19  zeta_vw      0.00000e+00   constant   
  20  T_CBO        6.33886e+02   5.30476e+02   1.01982e-01  -6.26536e-02
  21  alpha_A0    -1.96175e-03   5.21896e-03   1.83014e-04   5.67452e+00
  22  beta_A0      5.67141e-03   1.12851e-02  -2.71496e-04  -1.02493e+01
  23  alpha_phi   -3.40085e-03   7.08100e-03   1.34254e-04   8.60479e+00
  24  beta_phi     3.49009e-03   7.32964e-03  -1.50318e-04  -8.55064e+00
 EXTERNAL ERROR MATRIX.    NDIM=  25    NPAR=  8    ERR DEF=1
  2.081e+06 -9.329e-02  1.072e-01 -1.382e+05  1.100e+00  2.055e+00  1.278e+00 -1.114e+00 
 -9.329e-02  3.077e-07  5.228e-08 -1.514e-02 -2.773e-07 -7.253e-07 -2.577e-07  1.220e-08 
  1.072e-01  5.228e-08  2.884e-06  1.236e-01  1.076e-06 -1.349e-07 -4.386e-07 -2.760e-07 
 -1.382e+05 -1.514e-02  1.236e-01  2.940e+06  5.038e+00 -1.719e+01  9.715e+00 -1.022e+01 
  1.100e+00 -2.773e-07  1.076e-06  5.038e+00  2.724e-05 -1.854e-05  1.883e-05 -1.733e-05 
  2.055e+00 -7.253e-07 -1.349e-07 -1.719e+01 -1.854e-05  1.274e-04 -4.647e-05  5.111e-05 
  1.278e+00 -2.577e-07 -4.386e-07  9.715e+00  1.883e-05 -4.647e-05  5.014e-05 -3.480e-05 
 -1.114e+00  1.220e-08 -2.760e-07 -1.022e+01 -1.733e-05  5.111e-05 -3.480e-05  5.372e-05 
ERR MATRIX APPROXIMATE
 PARAMETER  CORRELATION COEFFICIENTS  
       NO.  GLOBAL      1      3      4     20     21     22     23     24
        1  0.50145   1.000 -0.117  0.044 -0.056  0.146  0.126  0.125 -0.105
        3  0.38855  -0.117  1.000  0.056 -0.016 -0.096 -0.116 -0.066  0.003
        4  0.25413   0.044  0.056  1.000  0.042  0.121 -0.007 -0.036 -0.022
       20  0.98666  -0.056 -0.016  0.042  1.000  0.563 -0.888  0.800 -0.813
       21  0.76042   0.146 -0.096  0.121  0.563  1.000 -0.315  0.509 -0.453
       22  0.96020   0.126 -0.116 -0.007 -0.888 -0.315  1.000 -0.582  0.618
       23  0.88330   0.125 -0.066 -0.036  0.800  0.509 -0.582  1.000 -0.670
       24  0.88588  -0.105  0.003 -0.022 -0.813 -0.453  0.618 -0.670  1.000
 ERR MATRIX APPROXIMATE
MINUIT - FIT ONLY 1-CBO + wiggle
 **********
 **   16 **RES 
 **********
                   PARAMETER   16  beta_vw RESTORED TO VARIABLE.
                   PARAMETER   14  alpha_vw RESTORED TO VARIABLE.
                   PARAMETER   13  beta_y RESTORED TO VARIABLE.
                   PARAMETER   11  alpha_y RESTORED TO VARIABLE.
                   PARAMETER   10  beta_2CBO RESTORED TO VARIABLE.
                   PARAMETER    9  alpha_2CBO RESTORED TO VARIABLE.
                   PARAMETER    8  beta_CBO RESTORED TO VARIABLE.
                   PARAMETER    6  alpha_CBO RESTORED TO VARIABLE.
 **********
 **   17 **FIX            8
 **********
 **********
 **   18 **FIX            9
 **********
 **********
 **   19 **FIX           11
 **********
 **********
 **   20 **FIX           12
 **********
 PARAMETER   12  IS CONSTANT.   IGNORED.
 **********
 **   21 **FIX           14
 **********
 **********
 **   22 **FIX           15
 **********
 PARAMETER   15  IS CONSTANT.   IGNORED.
 **********
 **   23 **FIX           16
 **********
 **********
 **   24 **MIGRAD
 **********
 START MIGRAD MINIMIZATION.  STRATEGY  1.  CONVERGENCE WHEN EDM .LT. 1.00e-04
 FCN=86.2006 FROM MIGRAD    STATUS=INITIATE       28 CALLS        1361 TOTAL
                     EDM= unknown      STRATEGY= 1      NO ERROR MATRIX       
  EXT PARAMETER               CURRENT GUESS       STEP         FIRST   
  NO.   NAME      VALUE            ERROR          SIZE      DERIVATIVE 
   1  N0           3.44699e+06   1.44267e+03  -6.50233e+00  -1.35113e-05
   2  tau          6.43680e+01   constant   
   3  A0           3.52370e-01   5.54707e-04  -2.64996e-06  -2.75944e+01
   4  phi          4.13323e+00   1.69815e-03   1.38113e-05   5.68004e+00
   5  R           -6.08433e+01   constant   
   6  alpha_CBO    0.00000e+00   1.00000e-03   1.00000e-03  -7.69492e+03
   7  w_CBO        2.32500e+00   constant   
   8  beta_CBO     0.00000e+00     fixed    
   9  alpha_2CBO   0.00000e+00     fixed    
  10  beta_2CBO    0.00000e+00   1.00000e-03   1.00000e-03  -1.08354e+03
  11  alpha_y      0.00000e+00     fixed    
  12  w_y          1.44500e+01   constant   
  13  beta_y       0.00000e+00   1.00000e-03   1.00000e-03  -2.30213e+03
  14  alpha_vw     0.00000e+00     fixed    
  15  w_vw         1.29000e+01   constant   
  16  beta_vw      0.00000e+00     fixed    
  17  LM          -1.22211e-03   constant   
  18  zeta_y       0.00000e+00   constant   
  19  zeta_vw      0.00000e+00   constant   
  20  T_CBO        6.33886e+02   5.30476e+02   1.01982e-01  -6.26620e-02
  21  alpha_A0    -1.96175e-03   5.21896e-03   1.83014e-04   5.67452e+00
  22  beta_A0      5.67141e-03   1.12851e-02  -2.71496e-04  -1.02493e+01
  23  alpha_phi   -3.40085e-03   7.08100e-03   1.34254e-04   8.60479e+00
  24  beta_phi     3.49009e-03   7.32964e-03  -1.50318e-04  -8.55064e+00
 MIGRAD MINIMIZATION HAS CONVERGED.
 FCN=80.3473 FROM MIGRAD    STATUS=CONVERGED     424 CALLS        1757 TOTAL
                     EDM=2.33904e-06    STRATEGY= 1  ERROR MATRIX UNCERTAINTY   0.4 per cent
  EXT PARAMETER                                   STEP         FIRST   
  NO.   NAME      VALUE            ERROR          SIZE      DERIVATIVE 
   1  N0           3.44711e+06   1.54340e+03  -2.41969e-01  -2.31174e-07
   2  tau          6.43680e+01   constant   
   3  A0           3.52576e-01   5.98382e-04  -1.67723e-07   3.83610e-01
   4  phi          4.13404e+00   1.79715e-03  -2.79900e-07   3.08226e-01
   5  R           -6.08433e+01   constant   
   6  alpha_CBO    1.38594e-03   6.04394e-04   1.43715e-07  -9.53899e-01
   7  w_CBO        2.32500e+00   constant   
   8  beta_CBO     0.00000e+00     fixed    
   9  alpha_2CBO   0.00000e+00     fixed    
  10  beta_2CBO    1.23080e-04   6.06734e-04   6.40949e-07  -3.12849e-01
  11  alpha_y      0.00000e+00     fixed    
  12  w_y          1.44500e+01   constant   
  13  beta_y       3.84524e-04   5.91077e-04  -3.10933e-07   8.47763e-01
  14  alpha_vw     0.00000e+00     fixed    
  15  w_vw         1.29000e+01   constant   
  16  beta_vw      0.00000e+00     fixed    
  17  LM          -1.22211e-03   constant   
  18  zeta_y       0.00000e+00   constant   
  19  zeta_vw      0.00000e+00   constant   
  20  T_CBO        9.99911e+02   9.40619e+02   1.03830e-02  -1.47264e-04
  21  alpha_A0    -1.01103e-03   3.70873e-03   1.07602e-06  -5.66812e-02
  22  beta_A0      4.63394e-03   3.56159e-03   7.46971e-06   3.11503e-01
  23  alpha_phi   -3.79345e-03   3.90266e-03  -2.60319e-06  -4.46083e-02
  24  beta_phi     2.85269e-03   3.09689e-03   6.22077e-06  -7.53856e-02
 EXTERNAL ERROR MATRIX.    NDIM=  25    NPAR= 11    ERR DEF=1
  2.382e+06 
 -1.122e-01  3.581e-07 
  1.133e-01  8.032e-08  3.230e-06 
  2.681e-02  5.559e-08  2.125e-07  3.653e-07 
  8.146e-03 -1.744e-08 -2.395e-08 -2.140e-08  3.681e-07 
 -1.545e-03 -8.918e-10  1.166e-08 -5.543e-09  4.259e-09  3.494e-07 
 -3.457e+03 -2.333e-03  1.169e-03 -1.565e-05  8.004e-03 -2.367e-03  2.000e+04 
  1.126e+00 -1.521e-07  4.923e-07  1.550e-07  2.770e-07  4.079e-08  5.500e-02  1.375e-05 
  9.135e-01 -2.258e-07 -5.790e-07 -1.242e-07  2.297e-07  3.937e-08 -3.199e-02 -2.527e-07  1.268e-05 
  6.945e-01 -2.571e-07  4.719e-08 -2.620e-07 -1.169e-08 -4.855e-09  1.155e-01  7.115e-07  1.334e-06  1.523e-05 
 -7.088e-01  1.011e-07 -5.995e-07 -6.311e-08  2.122e-07  8.901e-09 -6.905e-03 -3.766e-07 -4.638e-07 -9.523e-07  9.591e-06 
 PARAMETER  CORRELATION COEFFICIENTS  
       NO.  GLOBAL      1      3      4      6     10     13     20     21     22     23     24
        1  0.32077   1.000 -0.121  0.041  0.029  0.009 -0.002 -0.016  0.197  0.166  0.115 -0.148
        3  0.24298  -0.121  1.000  0.075  0.154 -0.048 -0.003 -0.028 -0.069 -0.106 -0.110  0.055
        4  0.25081   0.041  0.075  1.000  0.196 -0.022  0.011  0.005  0.074 -0.090  0.007 -0.108
        6  0.27927   0.029  0.154  0.196  1.000 -0.058 -0.016 -0.000  0.069 -0.058 -0.111 -0.034
       10  0.23542   0.009 -0.048 -0.022 -0.058  1.000  0.012  0.093  0.123  0.106 -0.005  0.113
       13  0.04731  -0.002 -0.003  0.011 -0.016  0.012  1.000 -0.028  0.019  0.019 -0.002  0.005
       20  0.26770  -0.016 -0.028  0.005 -0.000  0.093 -0.028  1.000  0.105 -0.064  0.209 -0.016
       21  0.27777   0.197 -0.069  0.074  0.069  0.123  0.019  0.105  1.000 -0.019  0.049 -0.033
       22  0.26659   0.166 -0.106 -0.090 -0.058  0.106  0.019 -0.064 -0.019  1.000  0.096 -0.042
       23  0.29698   0.115 -0.110  0.007 -0.111 -0.005 -0.002  0.209  0.049  0.096  1.000 -0.079
       24  0.22876  -0.148  0.055 -0.108 -0.034  0.113  0.005 -0.016 -0.033 -0.042 -0.079  1.000
MINUIT - FIT ONLY 2-CBO
 **********
 **   25 **RES 
 **********
                   PARAMETER   16  beta_vw RESTORED TO VARIABLE.
                   PARAMETER   14  alpha_vw RESTORED TO VARIABLE.
                   PARAMETER   11  alpha_y RESTORED TO VARIABLE.
                   PARAMETER    9  alpha_2CBO RESTORED TO VARIABLE.
                   PARAMETER    8  beta_CBO RESTORED TO VARIABLE.
 **********
 **   26 **FIX            0
 **********
 PARAMETER    0  IS UNDEFINED. IGNORED.
 **********
 **   27 **FIX            1
 **********
 **********
 **   28 **FIX            2
 **********
 PARAMETER    2  IS CONSTANT.   IGNORED.
 **********
 **   29 **FIX            3
 **********
 **********
 **   30 **FIX            4
 **********
 **********
 **   31 **FIX            5
 **********
 PARAMETER    5  IS CONSTANT.   IGNORED.
 **********
 **   32 **FIX            6
 **********
 **********
 **   33 **FIX            7
 **********
 PARAMETER    7  IS CONSTANT.   IGNORED.
 **********
 **   34 **FIX           10
 **********
 **********
 **   35 **FIX           11
 **********
 **********
 **   36 **FIX           12
 **********
 PARAMETER   12  IS CONSTANT.   IGNORED.
 **********
 **   37 **FIX           13
 **********
 **********
 **   38 **FIX           14
 **********
 **********
 **   39 **FIX           15
 **********
 PARAMETER   15  IS CONSTANT.   IGNORED.
 **********
 **   40 **FIX           16
 **********
 **********
 **   41 **MIGRAD
 **********
 START MIGRAD MINIMIZATION.  STRATEGY  1.  CONVERGENCE WHEN EDM .LT. 1.00e-04
 FCN=80.3473 FROM MIGRAD    STATUS=INITIATE       18 CALLS        1775 TOTAL
                     EDM= unknown      STRATEGY= 1      NO ERROR MATRIX       
  EXT PARAMETER               CURRENT GUESS       STEP         FIRST   
  NO.   NAME      VALUE            ERROR          SIZE      DERIVATIVE 
   1  N0           3.44711e+06     fixed    
   2  tau          6.43680e+01   constant   
   3  A0           3.52576e-01     fixed    
   4  phi          4.13404e+00     fixed    
   5  R           -6.08433e+01   constant   
   6  alpha_CBO    1.38594e-03     fixed    
   7  w_CBO        2.32500e+00   constant   
   8  beta_CBO     0.00000e+00   1.00000e-03   1.00000e-03   1.64622e+04
   9  alpha_2CBO   0.00000e+00   1.00000e-03   1.00000e-03  -2.21154e+03
  10  beta_2CBO    1.23080e-04     fixed    
  11  alpha_y      0.00000e+00     fixed    
  12  w_y          1.44500e+01   constant   
  13  beta_y       3.84524e-04     fixed    
  14  alpha_vw     0.00000e+00     fixed    
  15  w_vw         1.29000e+01   constant   
  16  beta_vw      0.00000e+00     fixed    
  17  LM          -1.22211e-03   constant   
  18  zeta_y       0.00000e+00   constant   
  19  zeta_vw      0.00000e+00   constant   
  20  T_CBO        9.99911e+02   9.40619e+02   1.03830e-02  -1.49061e-04
  21  alpha_A0    -1.01103e-03   3.70873e-03   1.07602e-06  -5.66815e-02
  22  beta_A0      4.63394e-03   3.56159e-03   7.46971e-06   3.11502e-01
  23  alpha_phi   -3.79345e-03   3.90266e-03  -2.60319e-06  -4.46082e-02
  24  beta_phi     2.85269e-03   3.09689e-03   6.22077e-06  -7.53856e-02
 MIGRAD MINIMIZATION HAS CONVERGED.
 MIGRAD WILL VERIFY CONVERGENCE AND ERROR MATRIX.
 COVARIANCE MATRIX CALCULATED SUCCESSFULLY
 FCN=56.2074 FROM MIGRAD    STATUS=CONVERGED     131 CALLS        1888 TOTAL
                     EDM=8.2313e-07    STRATEGY= 1      ERROR MATRIX ACCURATE 
  EXT PARAMETER                                   STEP         FIRST   
  NO.   NAME      VALUE            ERROR          SIZE      DERIVATIVE 
   1  N0           3.44711e+06     fixed    
   2  tau          6.43680e+01   constant   
   3  A0           3.52576e-01     fixed    
   4  phi          4.13404e+00     fixed    
   5  R           -6.08433e+01   constant   
   6  alpha_CBO    1.38594e-03     fixed    
   7  w_CBO        2.32500e+00   constant   
   8  beta_CBO    -2.89980e-03   5.95607e-04   2.18899e-06   7.44467e-02
   9  alpha_2CBO   2.44161e-04   5.98829e-04   2.15655e-06  -1.17903e+00
  10  beta_2CBO    1.23080e-04     fixed    
  11  alpha_y      0.00000e+00     fixed    
  12  w_y          1.44500e+01   constant   
  13  beta_y       3.84524e-04     fixed    
  14  alpha_vw     0.00000e+00     fixed    
  15  w_vw         1.29000e+01   constant   
  16  beta_vw      0.00000e+00     fixed    
  17  LM          -1.22211e-03   constant   
  18  zeta_y       0.00000e+00   constant   
  19  zeta_vw      0.00000e+00   constant   
  20  T_CBO        1.00000e+03   5.90474e+02   1.74973e-01** at limit **
  21  alpha_A0    -7.30332e-04   3.24358e-03   1.17579e-05  -4.00013e-02
  22  beta_A0      4.26809e-03   4.00476e-03   1.23398e-05   8.73449e-02
  23  alpha_phi   -3.43414e-03   3.51482e-03   1.12458e-05  -2.40931e-01
  24  beta_phi     4.15044e-03   3.70408e-03   1.11249e-05  -2.18404e-02
 EXTERNAL ERROR MATRIX.    NDIM=  25    NPAR=  7    ERR DEF=1
  3.547e-07  1.851e-08 -5.968e-06  2.053e-09  8.750e-09 -2.014e-08 -1.389e-07 
  1.851e-08  3.586e-07  4.854e-06  2.672e-07 -2.361e-07  1.618e-07  1.550e-07 
 -5.968e-06  4.854e-06  2.420e+01 -1.686e-03  1.066e-02 -8.372e-03  1.040e-02 
  2.053e-09  2.672e-07 -1.686e-03  1.052e-05 -7.831e-07  1.483e-06 -5.362e-07 
  8.750e-09 -2.361e-07  1.066e-02 -7.831e-07  1.604e-05 -3.620e-06  4.113e-06 
 -2.014e-08  1.618e-07 -8.372e-03  1.483e-06 -3.620e-06  1.235e-05 -4.166e-06 
 -1.389e-07  1.550e-07  1.040e-02 -5.362e-07  4.113e-06 -4.166e-06  1.372e-05 
 PARAMETER  CORRELATION COEFFICIENTS  
       NO.  GLOBAL      8      9     20     21     22     23     24
        8  0.09840   1.000  0.052 -0.002  0.001  0.004 -0.010 -0.063
        9  0.22166   0.052  1.000  0.002  0.138 -0.098  0.077  0.070
       20  0.74084  -0.002  0.002  1.000 -0.106  0.541 -0.484  0.570
       21  0.19127   0.001  0.138 -0.106  1.000 -0.060  0.130 -0.045
       22  0.55128   0.004 -0.098  0.541 -0.060  1.000 -0.257  0.277
       23  0.49945  -0.010  0.077 -0.484  0.130 -0.257  1.000 -0.320
       24  0.58192  -0.063  0.070  0.570 -0.045  0.277 -0.320  1.000
MINUIT - FIT wiggle + 1-CBO + 2-CBO
 **********
 **   42 **RES 
 **********
                   PARAMETER   16  beta_vw RESTORED TO VARIABLE.
                   PARAMETER   14  alpha_vw RESTORED TO VARIABLE.
                   PARAMETER   13  beta_y RESTORED TO VARIABLE.
                   PARAMETER   11  alpha_y RESTORED TO VARIABLE.
                   PARAMETER   10  beta_2CBO RESTORED TO VARIABLE.
                   PARAMETER    6  alpha_CBO RESTORED TO VARIABLE.
                   PARAMETER    4  phi RESTORED TO VARIABLE.
                   PARAMETER    3  A0 RESTORED TO VARIABLE.
                   PARAMETER    1  N0 RESTORED TO VARIABLE.
 **********
 **   43 **FIX           10
 **********
 **********
 **   44 **FIX           11
 **********
 **********
 **   45 **FIX           12
 **********
 PARAMETER   12  IS CONSTANT.   IGNORED.
 **********
 **   46 **FIX           13
 **********
 **********
 **   47 **FIX           14
 **********
 **********
 **   48 **FIX           15
 **********
 PARAMETER   15  IS CONSTANT.   IGNORED.
 **********
 **   49 **FIX           16
 **********
 **********
 **   50 **MIGRAD
 **********
 START MIGRAD MINIMIZATION.  STRATEGY  1.  CONVERGENCE WHEN EDM .LT. 1.00e-04
 FCN=56.2074 FROM MIGRAD    STATUS=INITIATE       22 CALLS        1910 TOTAL
                     EDM= unknown      STRATEGY= 1      NO ERROR MATRIX       
  EXT PARAMETER               CURRENT GUESS       STEP         FIRST   
  NO.   NAME      VALUE            ERROR          SIZE      DERIVATIVE 
   1  N0           3.44711e+06   1.54340e+03   1.54340e+03  -5.16508e-04
   2  tau          6.43680e+01   constant   
   3  A0           3.52576e-01   5.98382e-04   5.98382e-04  -2.22145e+03
   4  phi          4.13404e+00   1.79715e-03   1.79715e-03   9.94767e+02
   5  R           -6.08433e+01   constant   
   6  alpha_CBO    1.38594e-03   6.04394e-04   6.04394e-04  -6.04810e+02
   7  w_CBO        2.32500e+00   constant   
   8  beta_CBO    -2.89980e-03   5.95607e-04   2.18899e-06   7.44473e-02
   9  alpha_2CBO   2.44161e-04   5.98829e-04   2.15655e-06  -1.17903e+00
  10  beta_2CBO    1.23080e-04     fixed    
  11  alpha_y      0.00000e+00     fixed    
  12  w_y          1.44500e+01   constant   
  13  beta_y       3.84524e-04     fixed    
  14  alpha_vw     0.00000e+00     fixed    
  15  w_vw         1.29000e+01   constant   
  16  beta_vw      0.00000e+00     fixed    
  17  LM          -1.22211e-03   constant   
  18  zeta_y       0.00000e+00   constant   
  19  zeta_vw      0.00000e+00   constant   
  20  T_CBO        1.00000e+03   5.90474e+02   1.74973e-01** at limit **
  21  alpha_A0    -7.30332e-04   3.24358e-03   1.17579e-05  -4.00006e-02
  22  beta_A0      4.26809e-03   4.00476e-03   1.23398e-05   8.73530e-02
  23  alpha_phi   -3.43414e-03   3.51482e-03   1.12458e-05  -2.40932e-01
  24  beta_phi     4.15044e-03   3.70408e-03   1.11249e-05  -2.18402e-02
 MIGRAD MINIMIZATION HAS CONVERGED.
 MIGRAD WILL VERIFY CONVERGENCE AND ERROR MATRIX.
 COVARIANCE MATRIX CALCULATED SUCCESSFULLY
 FCN=54.9442 FROM MIGRAD    STATUS=CONVERGED     220 CALLS        2108 TOTAL
                     EDM=8.13762e-06    STRATEGY= 1      ERROR MATRIX ACCURATE 
  EXT PARAMETER                                   STEP         FIRST   
  NO.   NAME      VALUE            ERROR          SIZE      DERIVATIVE 
   1  N0           3.44753e+06   1.53495e+03   5.06637e+00   3.52148e-07
   2  tau          6.43680e+01   constant   
   3  A0           3.52929e-01   5.88502e-04   2.04418e-06  -2.38149e+00
   4  phi          4.13256e+00   1.80036e-03   6.23714e-06  -5.43818e-01
   5  R           -6.08433e+01   constant   
   6  alpha_CBO    1.46135e-03   6.02890e-04   2.11660e-06  -1.36054e+00
   7  w_CBO        2.32500e+00   constant   
   8  beta_CBO    -3.05855e-03   6.12104e-04   2.16435e-06   1.09016e+00
   9  alpha_2CBO   2.00702e-04   6.00289e-04   2.13223e-06  -1.35107e+00
  10  beta_2CBO    1.23080e-04     fixed    
  11  alpha_y      0.00000e+00     fixed    
  12  w_y          1.44500e+01   constant   
  13  beta_y       3.84524e-04     fixed    
  14  alpha_vw     0.00000e+00     fixed    
  15  w_vw         1.29000e+01   constant   
  16  beta_vw      0.00000e+00     fixed    
  17  LM          -1.22211e-03   constant   
  18  zeta_y       0.00000e+00   constant   
  19  zeta_vw      0.00000e+00   constant   
  20  T_CBO        9.99997e+02   9.85542e+02   1.07804e-01  -2.78329e-06
  21  alpha_A0    -8.62031e-04   3.33085e-03   1.16228e-05   4.80173e-02
  22  beta_A0      4.47761e-03   3.83044e-03   1.21951e-05   7.27563e-01
  23  alpha_phi   -3.56303e-03   3.41416e-03   1.11073e-05   6.17291e-02
  24  beta_phi     4.46284e-03   3.49060e-03   1.09890e-05  -9.92891e-02
 EXTERNAL ERROR MATRIX.    NDIM=  25    NPAR= 11    ERR DEF=1
  2.356e+06 
 -1.249e-01  3.463e-07 
  1.183e-01  3.182e-08  3.241e-06 
  3.661e-02  5.484e-08  2.104e-07  3.635e-07 
 -5.272e-02 -4.367e-08  1.892e-07 -8.569e-09  3.747e-07 
 -2.518e-02 -3.999e-09  6.789e-08  4.319e-09  2.401e-08  3.603e-07 
  3.517e+02 -1.751e-04 -2.742e-04 -2.024e-05 -7.396e-05  4.122e-05  6.193e+03 
  1.037e+00 -1.042e-07  6.652e-07  1.514e-07  1.926e-08  2.712e-07 -2.235e-02  1.109e-05 
  1.089e+00 -3.112e-07 -5.880e-07 -7.394e-08 -1.584e-08 -2.576e-07  1.256e-01 -9.717e-08  1.467e-05 
  8.993e-01 -3.312e-07 -1.350e-07 -2.087e-07 -5.536e-09  1.535e-07 -9.777e-02  1.626e-06 -1.257e-06  1.166e-05 
 -7.359e-01  1.542e-07 -7.011e-07 -5.342e-08 -1.783e-07  1.451e-07  1.253e-01 -7.454e-07  1.782e-06 -2.890e-06  1.218e-05 
 PARAMETER  CORRELATION COEFFICIENTS  
       NO.  GLOBAL      1      3      4      6      8      9     20     21     22     23     24
        1  0.36539   1.000 -0.138  0.043  0.040 -0.056 -0.027  0.003  0.203  0.185  0.172 -0.137
        3  0.30888  -0.138  1.000  0.030  0.155 -0.121 -0.011 -0.004 -0.053 -0.138 -0.165  0.075
        4  0.31650   0.043  0.030  1.000  0.194  0.172  0.063 -0.002  0.111 -0.085 -0.022 -0.112
        6  0.27553   0.040  0.155  0.194  1.000 -0.023  0.012 -0.000  0.075 -0.032 -0.101 -0.025
        8  0.25026  -0.056 -0.121  0.172 -0.023  1.000  0.065 -0.002  0.009 -0.007 -0.003 -0.083
        9  0.23255  -0.027 -0.011  0.063  0.012  0.065  1.000  0.001  0.136 -0.112  0.075  0.069
       20  0.63383   0.003 -0.004 -0.002 -0.000 -0.002  0.001  1.000 -0.085  0.417 -0.364  0.456
       21  0.29516   0.203 -0.053  0.111  0.075  0.009  0.136 -0.085  1.000 -0.008  0.143 -0.064
       22  0.48996   0.185 -0.138 -0.085 -0.032 -0.007 -0.112  0.417 -0.008  1.000 -0.096  0.133
       23  0.45441   0.172 -0.165 -0.022 -0.101 -0.003  0.075 -0.364  0.143 -0.096  1.000 -0.243
       24  0.50690  -0.137  0.075 -0.112 -0.025 -0.083  0.069  0.456 -0.064  0.133 -0.243  1.000
MINUIT - FIT ONLY 1-y
 **********
 **   51 **RES 
 **********
                   PARAMETER   16  beta_vw RESTORED TO VARIABLE.
                   PARAMETER   14  alpha_vw RESTORED TO VARIABLE.
                   PARAMETER   13  beta_y RESTORED TO VARIABLE.
                   PARAMETER   11  alpha_y RESTORED TO VARIABLE.
                   PARAMETER   10  beta_2CBO RESTORED TO VARIABLE.
 **********
 **   52 **FIX            0
 **********
 PARAMETER    0  IS UNDEFINED. IGNORED.
 **********
 **   53 **FIX            1
 **********
 **********
 **   54 **FIX            2
 **********
 PARAMETER    2  IS CONSTANT.   IGNORED.
 **********
 **   55 **FIX            3
 **********
 **********
 **   56 **FIX            4
 **********
 **********
 **   57 **FIX            5
 **********
 PARAMETER    5  IS CONSTANT.   IGNORED.
 **********
 **   58 **FIX            6
 **********
 **********
 **   59 **FIX            7
 **********
 PARAMETER    7  IS CONSTANT.   IGNORED.
 **********
 **   60 **FIX            8
 **********
 **********
 **   61 **FIX            9
 **********
 **********
 **   62 **FIX           13
 **********
 **********
 **   63 **FIX           14
 **********
 **********
 **   64 **FIX           15
 **********
 PARAMETER   15  IS CONSTANT.   IGNORED.
 **********
 **   65 **FIX           16
 **********
 **********
 **   66 **MIGRAD
 **********
 START MIGRAD MINIMIZATION.  STRATEGY  1.  CONVERGENCE WHEN EDM .LT. 1.00e-04
 FCN=54.9442 FROM MIGRAD    STATUS=INITIATE       16 CALLS        2124 TOTAL
                     EDM= unknown      STRATEGY= 1      NO ERROR MATRIX       
  EXT PARAMETER               CURRENT GUESS       STEP         FIRST   
  NO.   NAME      VALUE            ERROR          SIZE      DERIVATIVE 
   1  N0           3.44753e+06     fixed    
   2  tau          6.43680e+01   constant   
   3  A0           3.52929e-01     fixed    
   4  phi          4.13256e+00     fixed    
   5  R           -6.08433e+01   constant   
   6  alpha_CBO    1.46135e-03     fixed    
   7  w_CBO        2.32500e+00   constant   
   8  beta_CBO    -3.05855e-03     fixed    
   9  alpha_2CBO   2.00702e-04     fixed    
  10  beta_2CBO    1.23080e-04   6.06734e-04   6.06734e-04   1.12317e+03
  11  alpha_y      0.00000e+00   1.00000e-03   1.00000e-03   6.06184e+01
  12  w_y          1.44500e+01   constant   
  13  beta_y       3.84524e-04     fixed    
  14  alpha_vw     0.00000e+00     fixed    
  15  w_vw         1.29000e+01   constant   
  16  beta_vw      0.00000e+00     fixed    
  17  LM          -1.22211e-03   constant   
  18  zeta_y       0.00000e+00   constant   
  19  zeta_vw      0.00000e+00   constant   
  20  T_CBO        9.99997e+02   9.85542e+02   1.07804e-01  -3.52834e-06
  21  alpha_A0    -8.62031e-04   3.33085e-03   1.16228e-05   4.80162e-02
  22  beta_A0      4.47761e-03   3.83044e-03   1.21951e-05   7.27558e-01
  23  alpha_phi   -3.56303e-03   3.41416e-03   1.11073e-05   6.17290e-02
  24  beta_phi     4.46284e-03   3.49060e-03   1.09890e-05  -9.92890e-02
 MIGRAD MINIMIZATION HAS CONVERGED.
 MIGRAD WILL VERIFY CONVERGENCE AND ERROR MATRIX.
 COVARIANCE MATRIX CALCULATED SUCCESSFULLY
 FCN=54.829 FROM MIGRAD    STATUS=CONVERGED     118 CALLS        2226 TOTAL
                     EDM=7.55469e-08    STRATEGY= 1      ERROR MATRIX ACCURATE 
  EXT PARAMETER                                   STEP         FIRST   
  NO.   NAME      VALUE            ERROR          SIZE      DERIVATIVE 
   1  N0           3.44753e+06     fixed    
   2  tau          6.43680e+01   constant   
   3  A0           3.52929e-01     fixed    
   4  phi          4.13256e+00     fixed    
   5  R           -6.08433e+01   constant   
   6  alpha_CBO    1.46135e-03     fixed    
   7  w_CBO        2.32500e+00   constant   
   8  beta_CBO    -3.05855e-03     fixed    
   9  alpha_2CBO   2.00702e-04     fixed    
  10  beta_2CBO   -8.13729e-05   6.03282e-04   2.14580e-06  -2.58914e-02
  11  alpha_y     -9.97235e-06   5.83843e-04   2.12961e-06  -4.05077e-02
  12  w_y          1.44500e+01   constant   
  13  beta_y       3.84524e-04     fixed    
  14  alpha_vw     0.00000e+00     fixed    
  15  w_vw         1.29000e+01   constant   
  16  beta_vw      0.00000e+00     fixed    
  17  LM          -1.22211e-03   constant   
  18  zeta_y       0.00000e+00   constant   
  19  zeta_vw      0.00000e+00   constant   
  20  T_CBO        1.00000e+03   9.99784e+02   9.60998e-02** at limit **
  21  alpha_A0    -9.92556e-04   3.22876e-03   1.16109e-05   1.48627e-02
  22  beta_A0      4.33382e-03   3.61188e-03   1.21826e-05  -2.89549e-02
  23  alpha_phi   -3.47461e-03   3.23868e-03   1.10963e-05  -1.18123e-01
  24  beta_phi     4.34430e-03   3.31070e-03   1.09782e-05  -2.73767e-02
 EXTERNAL ERROR MATRIX.    NDIM=  25    NPAR=  7    ERR DEF=1
  3.639e-07 -6.284e-10  3.470e-06  2.319e-07  2.505e-07 -1.595e-07  2.131e-07 
 -6.284e-10  3.409e-07  1.022e-06 -3.796e-09 -3.580e-08  4.218e-09 -1.737e-08 
  3.470e-06  1.022e-06  3.591e+02 -5.337e-03  2.473e-02 -1.951e-02  2.489e-02 
  2.319e-07 -3.796e-09 -5.337e-03  1.042e-05 -6.559e-08  9.780e-07 -1.674e-07 
  2.505e-07 -3.580e-08  2.473e-02 -6.559e-08  1.305e-05 -1.277e-06  1.516e-06 
 -1.595e-07  4.218e-09 -1.951e-02  9.780e-07 -1.277e-06  1.049e-05 -2.094e-06 
  2.131e-07 -1.737e-08  2.489e-02 -1.674e-07  1.516e-06 -2.094e-06  1.096e-05 
 PARAMETER  CORRELATION COEFFICIENTS  
       NO.  GLOBAL     10     11     20     21     22     23     24
       10  0.22256   1.000 -0.002  0.000  0.119  0.115 -0.082  0.107
       11  0.02111  -0.002  1.000  0.000 -0.002 -0.017  0.002 -0.009
       20  0.55993   0.000  0.000  1.000 -0.087  0.361 -0.318  0.397
       21  0.16880   0.119 -0.002 -0.087  1.000 -0.006  0.094 -0.016
       22  0.38123   0.115 -0.017  0.361 -0.006  1.000 -0.109  0.127
       23  0.34371  -0.082  0.002 -0.318  0.094 -0.109  1.000 -0.195
       24  0.41708   0.107 -0.009  0.397 -0.016  0.127 -0.195  1.000
MINUIT - FIT ONLY 2-y
 **********
 **   67 **RES 
 **********
                   PARAMETER   16  beta_vw RESTORED TO VARIABLE.
                   PARAMETER   14  alpha_vw RESTORED TO VARIABLE.
                   PARAMETER   13  beta_y RESTORED TO VARIABLE.
                   PARAMETER    9  alpha_2CBO RESTORED TO VARIABLE.
                   PARAMETER    8  beta_CBO RESTORED TO VARIABLE.
                   PARAMETER    6  alpha_CBO RESTORED TO VARIABLE.
                   PARAMETER    4  phi RESTORED TO VARIABLE.
                   PARAMETER    3  A0 RESTORED TO VARIABLE.
                   PARAMETER    1  N0 RESTORED TO VARIABLE.
 **********
 **   68 **FIX            0
 **********
 PARAMETER    0  IS UNDEFINED. IGNORED.
 **********
 **   69 **FIX            1
 **********
 **********
 **   70 **FIX            2
 **********
 PARAMETER    2  IS CONSTANT.   IGNORED.
 **********
 **   71 **FIX            3
 **********
 **********
 **   72 **FIX            4
 **********
 **********
 **   73 **FIX            5
 **********
 PARAMETER    5  IS CONSTANT.   IGNORED.
 **********
 **   74 **FIX            6
 **********
 **********
 **   75 **FIX            7
 **********
 PARAMETER    7  IS CONSTANT.   IGNORED.
 **********
 **   76 **FIX            8
 **********
 **********
 **   77 **FIX            9
 **********
 **********
 **   78 **FIX           10
 **********
 **********
 **   79 **FIX           11
 **********
 **********
 **   80 **FIX           12
 **********
 PARAMETER   12  IS CONSTANT.   IGNORED.
 **********
 **   81 **FIX           16
 **********
 **********
 **   82 **MIGRAD
 **********
 START MIGRAD MINIMIZATION.  STRATEGY  1.  CONVERGENCE WHEN EDM .LT. 1.00e-04
 FCN=54.829 FROM MIGRAD    STATUS=INITIATE       16 CALLS        2242 TOTAL
                     EDM= unknown      STRATEGY= 1      NO ERROR MATRIX       
  EXT PARAMETER               CURRENT GUESS       STEP         FIRST   
  NO.   NAME      VALUE            ERROR          SIZE      DERIVATIVE 
   1  N0           3.44753e+06     fixed    
   2  tau          6.43680e+01   constant   
   3  A0           3.52929e-01     fixed    
   4  phi          4.13256e+00     fixed    
   5  R           -6.08433e+01   constant   
   6  alpha_CBO    1.46135e-03     fixed    
   7  w_CBO        2.32500e+00   constant   
   8  beta_CBO    -3.05855e-03     fixed    
   9  alpha_2CBO   2.00702e-04     fixed    
  10  beta_2CBO   -8.13729e-05     fixed    
  11  alpha_y     -9.97235e-06     fixed    
  12  w_y          1.44500e+01   constant   
  13  beta_y       3.84524e-04   5.91077e-04   5.91077e-04   3.66501e+02
  14  alpha_vw     0.00000e+00   1.00000e-03   1.00000e-03  -1.81007e+03
  15  w_vw         1.29000e+01   constant   
  16  beta_vw      0.00000e+00     fixed    
  17  LM          -1.22211e-03   constant   
  18  zeta_y       0.00000e+00   constant   
  19  zeta_vw      0.00000e+00   constant   
  20  T_CBO        1.00000e+03   9.99784e+02   9.60998e-02** at limit **
  21  alpha_A0    -9.92556e-04   3.22876e-03   1.16109e-05   1.48717e-02
  22  beta_A0      4.33382e-03   3.61188e-03   1.21826e-05  -2.89594e-02
  23  alpha_phi   -3.47461e-03   3.23868e-03   1.10963e-05  -1.18123e-01
  24  beta_phi     4.34430e-03   3.31070e-03   1.09782e-05  -2.73768e-02
 MIGRAD MINIMIZATION HAS CONVERGED.
 MIGRAD WILL VERIFY CONVERGENCE AND ERROR MATRIX.
 COVARIANCE MATRIX CALCULATED SUCCESSFULLY
 FCN=54.5493 FROM MIGRAD    STATUS=CONVERGED     115 CALLS        2341 TOTAL
                     EDM=6.52548e-08    STRATEGY= 1      ERROR MATRIX ACCURATE 
  EXT PARAMETER                                   STEP         FIRST   
  NO.   NAME      VALUE            ERROR          SIZE      DERIVATIVE 
   1  N0           3.44753e+06     fixed    
   2  tau          6.43680e+01   constant   
   3  A0           3.52929e-01     fixed    
   4  phi          4.13256e+00     fixed    
   5  R           -6.08433e+01   constant   
   6  alpha_CBO    1.46135e-03     fixed    
   7  w_CBO        2.32500e+00   constant   
   8  beta_CBO    -3.05855e-03     fixed    
   9  alpha_2CBO   2.00702e-04     fixed    
  10  beta_2CBO   -8.13729e-05     fixed    
  11  alpha_y     -9.97235e-06     fixed    
  12  w_y          1.44500e+01   constant   
  13  beta_y       3.65544e-04   5.95025e-04   2.14189e-06   2.61241e-02
  14  alpha_vw     3.05217e-04   5.89499e-04   2.12255e-06   5.45550e-03
  15  w_vw         1.29000e+01   constant   
  16  beta_vw      0.00000e+00     fixed    
  17  LM          -1.22211e-03   constant   
  18  zeta_y       0.00000e+00   constant   
  19  zeta_vw      0.00000e+00   constant   
  20  T_CBO        1.00000e+03   9.97667e+02   1.25383e-01** at limit **
  21  alpha_A0    -1.01625e-03   3.21564e-03   1.15816e-05   3.25141e-02
  22  beta_A0      4.34673e-03   3.73528e-03   1.21518e-05   2.69531e-03
  23  alpha_phi   -3.47105e-03   3.32836e-03   1.10682e-05  -9.30616e-02
  24  beta_phi     4.34100e-03   3.45109e-03   1.09504e-05  -7.58118e-02
 EXTERNAL ERROR MATRIX.    NDIM=  25    NPAR=  7    ERR DEF=1
  3.541e-07  5.071e-08 -5.627e-10  4.322e-08 -8.491e-09 -2.831e-09  1.913e-08 
  5.071e-08  3.475e-07  2.009e-09 -1.747e-08  1.250e-08  3.200e-09  5.108e-10 
 -5.627e-10  2.009e-09  2.022e-03 -1.657e-05  7.503e-05 -5.894e-05  7.522e-05 
  4.322e-08 -1.747e-08 -1.657e-05  1.034e-05 -4.748e-07  1.272e-06 -5.471e-07 
 -8.491e-09  1.250e-08  7.503e-05 -4.748e-07  1.395e-05 -2.010e-06  2.445e-06 
 -2.831e-09  3.200e-09 -5.894e-05  1.272e-06 -2.010e-06  1.108e-05 -2.842e-06 
  1.913e-08  5.108e-10  7.522e-05 -5.471e-07  2.445e-06 -2.842e-06  1.191e-05 
 PARAMETER  CORRELATION COEFFICIENTS  
       NO.  GLOBAL     13     14     20     21     22     23     24
       13  0.14706   1.000  0.145 -0.000  0.023 -0.004 -0.001  0.009
       14  0.14533   0.145  1.000  0.000 -0.009  0.006  0.002  0.000
       20  0.65306  -0.000  0.000  1.000 -0.115  0.447 -0.394  0.485
       21  0.14333   0.023 -0.009 -0.115  1.000 -0.040  0.119 -0.049
       22  0.44819  -0.004  0.006  0.447 -0.040  1.000 -0.162  0.190
       23  0.40622  -0.001  0.002 -0.394  0.119 -0.162  1.000 -0.247
       24  0.48969   0.009  0.000  0.485 -0.049  0.190 -0.247  1.000
