 + ++++++++++++++++++++++++++++++++++++++++++++++++++++++++++++++++++++ +
 +                                                                      +
 +           You have chose to blind your fitting according to          +
 +                omega_ref * (1 + (R +/- deltaR) *10^{-6})             +
 +                                                                      +
 + ++++++++++++++++++++++++++++++++++++++++++++++++++++++++++++++++++++ +
In main()...
reading format from /gm2data/zkhechad/run45/envelope/formats/formatB_sBin_constraintOn.txt
pBinTau 	= 0  
pBinPhi 	= 0  
constraintau 	= 1 
includeMopTerm 	= 0    
constrainMop    = 0   
Parameters after format file: pBinTau 0 pBinPhi 0 constraintau 1 includeMopTerm 0 constrainMop 0 c_e_scale 0.000000 
Opening file /gm2data/tbarrett/gm2fr/studies/run23_bunch_corrections/CorrectedFourier_Run3b.root.
reading full fit data from /gm2data/zkhechad/cboTemplates/Run4CBOTemplates/templateFits0_v2.0/noRF/sBin_constraintOn_cE0.0_seed0_noRF_calo13.root
windowBins = 17
fitting sliding window 18 from bin 154 at 22.827600 to bin 171 at 25.513200 (17 bins)

Reading data from /gm2data/cornell/histograms/aMethod/histogram_a_noRF.root
 **********
 **    1 **SET PRINTOUT            1
 **********
 **********
 **    2 **SET NOWARNINGS 
 **********
 PARAMETER DEFINITIONS:
    NO.   NAME         VALUE      STEP SIZE      LIMITS
     1 N0           3.44933e+06  1.00000e+02     no limits
     2 tau          6.43680e+01  constant
     3 A0           3.52702e-01  1.00000e-04     no limits
     4 phi          4.13064e+00  1.00000e-02     no limits
     5 R           -6.08433e+01  constant
     6 alpha_CBO    0.00000e+00  1.00000e-03     no limits
     7 w_CBO        2.32500e+00  constant
     8 beta_CBO     0.00000e+00  1.00000e-03     no limits
     9 alpha_2CBO   0.00000e+00  1.00000e-03     no limits
    10 beta_2CBO    0.00000e+00  1.00000e-03     no limits
    11 alpha_y      0.00000e+00  1.00000e-03     no limits
    12 w_y          1.44500e+01  constant
    13 beta_y       0.00000e+00  1.00000e-03     no limits
    14 alpha_vw     0.00000e+00  1.00000e-03     no limits
    15 w_vw         1.29000e+01  constant
    16 beta_vw      0.00000e+00  1.00000e-03     no limits
    17 LM          -1.22211e-03  constant
    18 zeta_y       0.00000e+00  constant
    19 zeta_vw      0.00000e+00  constant
    20 T_CBO        1.00000e+02  1.00000e+00    0.00000e+00  1.00000e+03
    21 alpha_A0     0.00000e+00  1.00000e-03     no limits
    22 beta_A0      0.00000e+00  1.00000e-03     no limits
    23 alpha_phi    0.00000e+00  1.00000e-03     no limits
    24 beta_phi     0.00000e+00  1.00000e-03     no limits
MINUIT - FIT ONLY WIGGLE
 **********
 **    3 **FIX            5
 **********
 PARAMETER    5  IS CONSTANT.   IGNORED.
 **********
 **    4 **FIX            6
 **********
 **********
 **    5 **FIX            7
 **********
 PARAMETER    7  IS CONSTANT.   IGNORED.
 **********
 **    6 **FIX            8
 **********
 **********
 **    7 **FIX            9
 **********
 **********
 **    8 **FIX           10
 **********
 **********
 **    9 **FIX           11
 **********
 **********
 **   10 **FIX           12
 **********
 PARAMETER   12  IS CONSTANT.   IGNORED.
 **********
 **   11 **FIX           13
 **********
 **********
 **   12 **FIX           14
 **********
 **********
 **   13 **FIX           15
 **********
 PARAMETER   15  IS CONSTANT.   IGNORED.
 **********
 **   14 **FIX           16
 **********
 **********
 **   15 **MIGRAD
 **********
 FIRST CALL TO USER FUNCTION AT NEW START POINT, WITH IFLAG=4.
 START MIGRAD MINIMIZATION.  STRATEGY  1.  CONVERGENCE WHEN EDM .LT. 1.00e-04
 FCN=8470.77 FROM MIGRAD    STATUS=INITIATE      435 CALLS         436 TOTAL
                     EDM= unknown      STRATEGY= 1      NO ERROR MATRIX       
  EXT PARAMETER               CURRENT GUESS       STEP         FIRST   
  NO.   NAME      VALUE            ERROR          SIZE      DERIVATIVE 
   1  N0           3.44933e+06   1.00000e+02   0.00000e+00  -1.02339e-01
   2  tau          6.43680e+01   constant   
   3  A0           3.52702e-01   1.00000e-04   0.00000e+00  -1.47081e+04
   4  phi          4.13064e+00   1.00000e-02   0.00000e+00   2.92787e+05
   5  R           -6.08433e+01   constant   
   6  alpha_CBO    0.00000e+00     fixed    
   7  w_CBO        2.32500e+00   constant   
   8  beta_CBO     0.00000e+00     fixed    
   9  alpha_2CBO   0.00000e+00     fixed    
  10  beta_2CBO    0.00000e+00     fixed    
  11  alpha_y      0.00000e+00     fixed    
  12  w_y          1.44500e+01   constant   
  13  beta_y       0.00000e+00     fixed    
  14  alpha_vw     0.00000e+00     fixed    
  15  w_vw         1.29000e+01   constant   
  16  beta_vw      0.00000e+00     fixed    
  17  LM          -1.22211e-03   constant   
  18  zeta_y       0.00000e+00   constant   
  19  zeta_vw      0.00000e+00   constant   
  20  T_CBO        1.00000e+02   1.00000e+00   0.00000e+00   0.00000e+00
  21  alpha_A0     0.00000e+00   1.00000e-03   0.00000e+00   5.01610e+04
  22  beta_A0      0.00000e+00   1.00000e-03   0.00000e+00  -8.92561e+04
  23  alpha_phi    0.00000e+00   1.00000e-03   0.00000e+00  -7.16401e+04
  24  beta_phi     0.00000e+00   1.00000e-03   0.00000e+00   1.06298e+05
 MIGRAD MINIMIZATION HAS CONVERGED.
 MIGRAD WILL VERIFY CONVERGENCE AND ERROR MATRIX.
 COVARIANCE MATRIX CALCULATED SUCCESSFULLY
 FCN=2112.67 FROM HESSE     STATUS=OK             61 CALLS         825 TOTAL
                     EDM=0.00483617    STRATEGY= 1      ERROR MATRIX ACCURATE 
  EXT PARAMETER                                   STEP         FIRST   
  NO.   NAME      VALUE            ERROR          SIZE      DERIVATIVE 
   1  N0           3.43518e+06   1.36085e+04   7.37559e+00  -1.29543e-06
   2  tau          6.43680e+01   constant   
   3  A0           3.60342e-01   3.61542e-03   3.43568e-06  -3.18791e+00
   4  phi          4.09178e+00   1.19333e-02   8.80232e-06  -1.17989e+00
   5  R           -6.08433e+01   constant   
   6  alpha_CBO    0.00000e+00     fixed    
   7  w_CBO        2.32500e+00   constant   
   8  beta_CBO     0.00000e+00     fixed    
   9  alpha_2CBO   0.00000e+00     fixed    
  10  beta_2CBO    0.00000e+00     fixed    
  11  alpha_y      0.00000e+00     fixed    
  12  w_y          1.44500e+01   constant   
  13  beta_y       0.00000e+00     fixed    
  14  alpha_vw     0.00000e+00     fixed    
  15  w_vw         1.29000e+01   constant   
  16  beta_vw      0.00000e+00     fixed    
  17  LM          -1.22211e-03   constant   
  18  zeta_y       0.00000e+00   constant   
  19  zeta_vw      0.00000e+00   constant   
  20  T_CBO        5.27782e+02   5.60178e+02   1.66361e-02  -2.78723e-02
  21  alpha_A0    -6.05487e-03   1.81688e-02   1.38872e-05  -2.30375e+00
  22  beta_A0     -2.08676e-03   2.16854e-02   1.23012e-05   5.25301e-01
  23  alpha_phi   -1.11651e-03   2.05799e-02   1.26391e-05   1.17620e+00
  24  beta_phi    -1.79747e-02   1.82818e-02   1.60756e-05   9.62531e-01
 MIGRAD MINIMIZATION HAS CONVERGED.
 FCN=2112.65 FROM MIGRAD    STATUS=CONVERGED    1093 CALLS        1094 TOTAL
                     EDM=1.35554e-06    STRATEGY= 1  ERROR MATRIX UNCERTAINTY   2.1 per cent
  EXT PARAMETER                                   STEP         FIRST   
  NO.   NAME      VALUE            ERROR          SIZE      DERIVATIVE 
   1  N0           3.43554e+06   1.07218e+04   6.81423e+00   2.43078e-06
   2  tau          6.43680e+01   constant   
   3  A0           3.60517e-01   3.61000e-03   7.33142e-06  -3.95734e-01
   4  phi          4.09198e+00   9.67661e-03   1.32191e-05  -1.61410e+00
   5  R           -6.08433e+01   constant   
   6  alpha_CBO    0.00000e+00     fixed    
   7  w_CBO        2.32500e+00   constant   
   8  beta_CBO     0.00000e+00     fixed    
   9  alpha_2CBO   0.00000e+00     fixed    
  10  beta_2CBO    0.00000e+00     fixed    
  11  alpha_y      0.00000e+00     fixed    
  12  w_y          1.44500e+01   constant   
  13  beta_y       0.00000e+00     fixed    
  14  alpha_vw     0.00000e+00     fixed    
  15  w_vw         1.29000e+01   constant   
  16  beta_vw      0.00000e+00     fixed    
  17  LM          -1.22211e-03   constant   
  18  zeta_y       0.00000e+00   constant   
  19  zeta_vw      0.00000e+00   constant   
  20  T_CBO        9.99998e+02   9.52511e+02   2.08589e-02  -5.38256e-05
  21  alpha_A0    -5.02575e-03   1.79044e-02   3.56238e-05   5.43073e-01
  22  beta_A0     -2.25785e-03   1.60680e-02   2.80843e-06   1.62797e+00
  23  alpha_phi   -1.44887e-03   1.54452e-02  -2.89507e-06   6.56151e-01
  24  beta_phi    -1.84796e-02   1.79341e-02  -3.55694e-05   5.44405e-01
 EXTERNAL ERROR MATRIX.    NDIM=  25    NPAR=  8    ERR DEF=1
  1.150e+08  1.075e+01 -4.778e+01 -1.125e+04  7.289e+01 -1.569e+02 -1.609e+02 -6.564e+01 
  1.075e+01  1.303e-05  2.458e-05  2.760e-03  6.414e-05  7.506e-06 -3.477e-06 -6.424e-05 
 -4.778e+01  2.458e-05  9.364e-05  1.428e-02  1.098e-04  1.220e-04  9.745e-05 -1.163e-04 
 -1.125e+04  2.760e-03  1.428e-02  1.856e+02  1.069e-02  2.262e-02  1.969e-02 -1.027e-02 
  7.289e+01  6.414e-05  1.098e-04  1.069e-02  3.206e-04  7.746e-06 -4.575e-05 -3.201e-04 
 -1.569e+02  7.506e-06  1.220e-04  2.262e-02  7.746e-06  2.582e-04  2.432e-04 -2.059e-05 
 -1.609e+02 -3.477e-06  9.745e-05  1.969e-02 -4.575e-05  2.432e-04  2.386e-04  3.359e-05 
 -6.564e+01 -6.424e-05 -1.163e-04 -1.027e-02 -3.201e-04 -2.059e-05  3.359e-05  3.216e-04 
 PARAMETER  CORRELATION COEFFICIENTS  
       NO.  GLOBAL      1      3      4     20     21     22     23     24
        1  0.99964   1.000  0.278 -0.461 -0.077  0.380 -0.911 -0.972 -0.341
        3  0.99924   0.278  1.000  0.704  0.056  0.992  0.129 -0.062 -0.992
        4  0.99945  -0.461  0.704  1.000  0.108  0.634  0.785  0.652 -0.670
       20  0.24992  -0.077  0.056  0.108  1.000  0.044  0.103  0.094 -0.042
       21  0.99946   0.380  0.992  0.634  0.044  1.000  0.027 -0.165 -0.997
       22  0.99954  -0.911  0.129  0.785  0.103  0.027  1.000  0.980 -0.071
       23  0.99948  -0.972 -0.062  0.652  0.094 -0.165  0.980  1.000  0.121
       24  0.99930  -0.341 -0.992 -0.670 -0.042 -0.997 -0.071  0.121  1.000
MINUIT - FIT ONLY 1-CBO + wiggle
 **********
 **   16 **RES 
 **********
                   PARAMETER   16  beta_vw RESTORED TO VARIABLE.
                   PARAMETER   14  alpha_vw RESTORED TO VARIABLE.
                   PARAMETER   13  beta_y RESTORED TO VARIABLE.
                   PARAMETER   11  alpha_y RESTORED TO VARIABLE.
                   PARAMETER   10  beta_2CBO RESTORED TO VARIABLE.
                   PARAMETER    9  alpha_2CBO RESTORED TO VARIABLE.
                   PARAMETER    8  beta_CBO RESTORED TO VARIABLE.
                   PARAMETER    6  alpha_CBO RESTORED TO VARIABLE.
 **********
 **   17 **FIX            8
 **********
 **********
 **   18 **FIX            9
 **********
 **********
 **   19 **FIX           11
 **********
 **********
 **   20 **FIX           12
 **********
 PARAMETER   12  IS CONSTANT.   IGNORED.
 **********
 **   21 **FIX           14
 **********
 **********
 **   22 **FIX           15
 **********
 PARAMETER   15  IS CONSTANT.   IGNORED.
 **********
 **   23 **FIX           16
 **********
 **********
 **   24 **MIGRAD
 **********
 START MIGRAD MINIMIZATION.  STRATEGY  1.  CONVERGENCE WHEN EDM .LT. 1.00e-04
 FCN=2112.65 FROM MIGRAD    STATUS=INITIATE       28 CALLS        1122 TOTAL
                     EDM= unknown      STRATEGY= 1      NO ERROR MATRIX       
  EXT PARAMETER               CURRENT GUESS       STEP         FIRST   
  NO.   NAME      VALUE            ERROR          SIZE      DERIVATIVE 
   1  N0           3.43554e+06   1.07218e+04   6.81423e+00   2.43078e-06
   2  tau          6.43680e+01   constant   
   3  A0           3.60517e-01   3.61000e-03   7.33142e-06  -3.95732e-01
   4  phi          4.09198e+00   9.67661e-03   1.32191e-05  -1.61410e+00
   5  R           -6.08433e+01   constant   
   6  alpha_CBO    0.00000e+00   1.00000e-03   1.00000e-03  -3.26322e+02
   7  w_CBO        2.32500e+00   constant   
   8  beta_CBO     0.00000e+00     fixed    
   9  alpha_2CBO   0.00000e+00     fixed    
  10  beta_2CBO    0.00000e+00   1.00000e-03   1.00000e-03  -1.87999e+04
  11  alpha_y      0.00000e+00     fixed    
  12  w_y          1.44500e+01   constant   
  13  beta_y       0.00000e+00   1.00000e-03   1.00000e-03   4.52815e+05
  14  alpha_vw     0.00000e+00     fixed    
  15  w_vw         1.29000e+01   constant   
  16  beta_vw      0.00000e+00     fixed    
  17  LM          -1.22211e-03   constant   
  18  zeta_y       0.00000e+00   constant   
  19  zeta_vw      0.00000e+00   constant   
  20  T_CBO        9.99998e+02   9.52511e+02   2.08589e-02  -5.22260e-05
  21  alpha_A0    -5.02575e-03   1.79044e-02   3.56238e-05   5.43072e-01
  22  beta_A0     -2.25785e-03   1.60680e-02   2.80843e-06   1.62796e+00
  23  alpha_phi   -1.44887e-03   1.54452e-02  -2.89507e-06   6.56152e-01
  24  beta_phi    -1.84796e-02   1.79341e-02  -3.55694e-05   5.44403e-01
 CALL LIMIT EXCEEDED IN MIGRAD.
 MIGRAD TERMINATED WITHOUT CONVERGENCE.
 FCN=1045.25 FROM MIGRAD    STATUS=CALL LIMIT   1912 CALLS        3006 TOTAL
                     EDM=0.116382    STRATEGY= 1  ERROR MATRIX UNCERTAINTY  33.5 per cent
  EXT PARAMETER                APPROXIMATE        STEP         FIRST   
  NO.   NAME      VALUE            ERROR          SIZE      DERIVATIVE 
   1  N0           3.28535e+06   1.36766e+04  -2.61909e+03  -3.08830e-04
   2  tau          6.43680e+01   constant   
   3  A0           4.55768e-01   2.01578e-02   4.50804e-03   5.01733e+02
   4  phi          4.07094e+00   5.24133e-03  -9.09330e-04   9.59000e+02
   5  R           -6.08433e+01   constant   
   6  alpha_CBO   -6.06873e-02   8.74598e-03  -1.96198e-03  -6.10017e+02
   7  w_CBO        2.32500e+00   constant   
   8  beta_CBO     0.00000e+00     fixed    
   9  alpha_2CBO   0.00000e+00     fixed    
  10  beta_2CBO    4.69585e-03   8.13878e-04  -1.09357e-04   1.97230e+02
  11  alpha_y      0.00000e+00     fixed    
  12  w_y          1.44500e+01   constant   
  13  beta_y      -4.60334e-03   1.40949e-04   2.38937e-06   1.88286e+01
  14  alpha_vw     0.00000e+00     fixed    
  15  w_vw         1.29000e+01   constant   
  16  beta_vw      0.00000e+00     fixed    
  17  LM          -1.22211e-03   constant   
  18  zeta_y       0.00000e+00   constant   
  19  zeta_vw      0.00000e+00   constant   
  20  T_CBO        1.22209e+02   2.61736e+01  -1.89363e-02  -7.54841e+01
  21  alpha_A0     4.14542e-03   3.07015e-02   6.32237e-03  -7.74744e+01
  22  beta_A0      5.78413e-02   8.70299e-03  -1.40983e-03  -1.48214e+02
  23  alpha_phi    1.88136e-01   1.81321e-02   3.60544e-03  -4.89120e+02
  24  beta_phi    -1.14284e-01   3.44476e-02  -7.51298e-03   3.70259e+02
 EXTERNAL ERROR MATRIX.    NDIM=  25    NPAR= 11    ERR DEF=1
  1.870e+08 
 -2.449e+02  4.063e-04 
  3.776e+01 -6.222e-05  2.747e-05 
  1.109e+02 -1.741e-04  2.954e-05  7.649e-05 
  4.949e+00 -1.107e-05  1.456e-06  4.074e-06  6.624e-07 
 -5.203e-02  2.133e-07  9.880e-08 -4.769e-08 -1.949e-08  1.987e-08 
  2.744e+05 -5.099e-01  9.405e-02  2.158e-01  1.531e-02 -2.042e-04  6.865e+02 
 -3.088e+02  5.882e-04 -7.026e-05 -2.390e-04 -2.036e-05  6.089e-07 -7.603e-01  9.426e-04 
  2.659e+01 -1.028e-04  3.339e-05  4.149e-05  4.162e-06  3.136e-09  1.748e-01 -1.706e-04  7.574e-05 
 -2.456e+02  3.389e-04 -4.700e-05 -1.514e-04 -6.966e-06  1.256e-07 -3.864e-01  4.440e-04 -4.363e-05  3.288e-04 
  3.766e+02 -6.819e-04  8.984e-05  2.851e-04  1.991e-05 -5.252e-07  8.716e-01 -1.040e-03  1.890e-04 -5.375e-04  1.187e-03 
ERR MATRIX APPROXIMATE
 PARAMETER  CORRELATION COEFFICIENTS  
       NO.  GLOBAL      1      3      4      6     10     13     20     21     22     23     24
        1  0.99994   1.000 -0.888  0.527  0.927  0.445 -0.027  0.766 -0.735  0.223 -0.990  0.799
        3  0.99998  -0.888  1.000 -0.589 -0.987 -0.675  0.075 -0.965  0.950 -0.586  0.927 -0.982
        4  0.99942   0.527 -0.589  1.000  0.644  0.341  0.134  0.685 -0.437  0.732 -0.495  0.498
        6  0.99995   0.927 -0.987  0.644  1.000  0.572 -0.039  0.942 -0.890  0.545 -0.955  0.946
       10  0.98777   0.445 -0.675  0.341  0.572  1.000 -0.170  0.718 -0.815  0.588 -0.472  0.710
       13  0.37375  -0.027  0.075  0.134 -0.039 -0.170  1.000 -0.055  0.141  0.003  0.049 -0.108
       20  0.99862   0.766 -0.965  0.685  0.942  0.718 -0.055  1.000 -0.945  0.766 -0.813  0.966
       21  0.99982  -0.735  0.950 -0.437 -0.890 -0.815  0.141 -0.945  1.000 -0.638  0.798 -0.983
       22  0.99920   0.223 -0.586  0.732  0.545  0.588  0.003  0.766 -0.638  1.000 -0.276  0.630
       23  0.99993  -0.990  0.927 -0.495 -0.955 -0.472  0.049 -0.813  0.798 -0.276  1.000 -0.861
       24  0.99991   0.799 -0.982  0.498  0.946  0.710 -0.108  0.966 -0.983  0.630 -0.861  1.000
 ERR MATRIX APPROXIMATE
MINUIT - FIT ONLY 2-CBO
 **********
 **   25 **RES 
 **********
                   PARAMETER   16  beta_vw RESTORED TO VARIABLE.
                   PARAMETER   14  alpha_vw RESTORED TO VARIABLE.
                   PARAMETER   11  alpha_y RESTORED TO VARIABLE.
                   PARAMETER    9  alpha_2CBO RESTORED TO VARIABLE.
                   PARAMETER    8  beta_CBO RESTORED TO VARIABLE.
 **********
 **   26 **FIX            0
 **********
 PARAMETER    0  IS UNDEFINED. IGNORED.
 **********
 **   27 **FIX            1
 **********
 **********
 **   28 **FIX            2
 **********
 PARAMETER    2  IS CONSTANT.   IGNORED.
 **********
 **   29 **FIX            3
 **********
 **********
 **   30 **FIX            4
 **********
 **********
 **   31 **FIX            5
 **********
 PARAMETER    5  IS CONSTANT.   IGNORED.
 **********
 **   32 **FIX            6
 **********
 **********
 **   33 **FIX            7
 **********
 PARAMETER    7  IS CONSTANT.   IGNORED.
 **********
 **   34 **FIX           10
 **********
 **********
 **   35 **FIX           11
 **********
 **********
 **   36 **FIX           12
 **********
 PARAMETER   12  IS CONSTANT.   IGNORED.
 **********
 **   37 **FIX           13
 **********
 **********
 **   38 **FIX           14
 **********
 **********
 **   39 **FIX           15
 **********
 PARAMETER   15  IS CONSTANT.   IGNORED.
 **********
 **   40 **FIX           16
 **********
 **********
 **   41 **MIGRAD
 **********
 START MIGRAD MINIMIZATION.  STRATEGY  1.  CONVERGENCE WHEN EDM .LT. 1.00e-04
 FCN=1045.25 FROM MIGRAD    STATUS=INITIATE       18 CALLS        3024 TOTAL
                     EDM= unknown      STRATEGY= 1      NO ERROR MATRIX       
  EXT PARAMETER               CURRENT GUESS       STEP         FIRST   
  NO.   NAME      VALUE            ERROR          SIZE      DERIVATIVE 
   1  N0           3.28535e+06     fixed    
   2  tau          6.43680e+01   constant   
   3  A0           4.55768e-01     fixed    
   4  phi          4.07094e+00     fixed    
   5  R           -6.08433e+01   constant   
   6  alpha_CBO   -6.06873e-02     fixed    
   7  w_CBO        2.32500e+00   constant   
   8  beta_CBO     0.00000e+00   1.00000e-03   1.00000e-03   2.35813e+03
   9  alpha_2CBO   0.00000e+00   1.00000e-03   1.00000e-03  -3.21065e+03
  10  beta_2CBO    4.69585e-03     fixed    
  11  alpha_y      0.00000e+00     fixed    
  12  w_y          1.44500e+01   constant   
  13  beta_y      -4.60334e-03     fixed    
  14  alpha_vw     0.00000e+00     fixed    
  15  w_vw         1.29000e+01   constant   
  16  beta_vw      0.00000e+00     fixed    
  17  LM          -1.22211e-03   constant   
  18  zeta_y       0.00000e+00   constant   
  19  zeta_vw      0.00000e+00   constant   
  20  T_CBO        1.22209e+02   2.61736e+01  -1.89363e-02  -7.54839e+01
  21  alpha_A0     4.14542e-03   3.07015e-02   6.32237e-03  -7.74744e+01
  22  beta_A0      5.78413e-02   8.70299e-03  -1.40983e-03  -1.48214e+02
  23  alpha_phi    1.88136e-01   1.81321e-02   3.60544e-03  -4.89120e+02
  24  beta_phi    -1.14284e-01   3.44476e-02  -7.51298e-03   3.70259e+02
 MIGRAD MINIMIZATION HAS CONVERGED.
 MIGRAD WILL VERIFY CONVERGENCE AND ERROR MATRIX.
 COVARIANCE MATRIX CALCULATED SUCCESSFULLY
 FCN=1045.17 FROM HESSE     STATUS=OK             50 CALLS        3172 TOTAL
                     EDM=0.0067588    STRATEGY= 1      ERROR MATRIX ACCURATE 
  EXT PARAMETER                                   STEP         FIRST   
  NO.   NAME      VALUE            ERROR          SIZE      DERIVATIVE 
   1  N0           3.28535e+06     fixed    
   2  tau          6.43680e+01   constant   
   3  A0           4.55768e-01     fixed    
   4  phi          4.07094e+00     fixed    
   5  R           -6.08433e+01   constant   
   6  alpha_CBO   -6.06873e-02     fixed    
   7  w_CBO        2.32500e+00   constant   
   8  beta_CBO     6.26506e-06   1.06980e-03   2.07385e-06   3.26509e+00
   9  alpha_2CBO   5.39068e-05   3.09939e-04   2.09782e-06  -4.14847e+00
  10  beta_2CBO    4.69585e-03     fixed    
  11  alpha_y      0.00000e+00     fixed    
  12  w_y          1.44500e+01   constant   
  13  beta_y      -4.60334e-03     fixed    
  14  alpha_vw     0.00000e+00     fixed    
  15  w_vw         1.29000e+01   constant   
  16  beta_vw      0.00000e+00     fixed    
  17  LM          -1.22211e-03   constant   
  18  zeta_y       0.00000e+00   constant   
  19  zeta_vw      0.00000e+00   constant   
  20  T_CBO        1.22216e+02   1.11496e+02   7.64391e-05  -3.64326e-01
  21  alpha_A0     4.16275e-03   1.13859e-03   9.44929e-06  -3.90750e-01
  22  beta_A0      5.79846e-02   8.18730e-03   8.09478e-06   5.83035e-01
  23  alpha_phi    1.88061e-01   3.44618e-02   8.60537e-06   8.51004e-01
  24  beta_phi    -1.14328e-01   1.72658e-02   1.08823e-05  -3.50561e-01
 CALL LIMIT EXCEEDED IN MIGRAD.
 MIGRAD TERMINATED WITHOUT CONVERGENCE.
 FCN=1045.13 FROM MIGRAD    STATUS=CALL LIMIT   1162 CALLS        4168 TOTAL
                     EDM=2.93053e-05    STRATEGY= 1  ERROR MATRIX UNCERTAINTY  18.9 per cent
  EXT PARAMETER                APPROXIMATE        STEP         FIRST   
  NO.   NAME      VALUE            ERROR          SIZE      DERIVATIVE 
   1  N0           3.28535e+06     fixed    
   2  tau          6.43680e+01   constant   
   3  A0           4.55768e-01     fixed    
   4  phi          4.07094e+00     fixed    
   5  R           -6.08433e+01   constant   
   6  alpha_CBO   -6.06873e-02     fixed    
   7  w_CBO        2.32500e+00   constant   
   8  beta_CBO     4.54472e-04   1.51469e-03   7.76310e-06  -1.08622e+01
   9  alpha_2CBO   1.20786e-04   3.52455e-04   1.95943e-06  -8.77498e+00
  10  beta_2CBO    4.69585e-03     fixed    
  11  alpha_y      0.00000e+00     fixed    
  12  w_y          1.44500e+01   constant   
  13  beta_y      -4.60334e-03     fixed    
  14  alpha_vw     0.00000e+00     fixed    
  15  w_vw         1.29000e+01   constant   
  16  beta_vw      0.00000e+00     fixed    
  17  LM          -1.22211e-03   constant   
  18  zeta_y       0.00000e+00   constant   
  19  zeta_vw      0.00000e+00   constant   
  20  T_CBO        2.21801e+02   5.94658e+02   7.06894e-03  -1.33347e-02
  21  alpha_A0     4.49027e-03   1.20895e-03   5.63858e-06   3.57817e+00
  22  beta_A0      5.42304e-02   1.13716e-02  -5.52715e-05   9.76089e+00
  23  alpha_phi    1.72156e-01   4.79700e-02  -2.50955e-04  -1.31906e+00
  24  beta_phi    -1.06360e-01   2.42983e-02   1.25520e-04   3.00591e+00
 EXTERNAL ERROR MATRIX.    NDIM=  25    NPAR=  7    ERR DEF=1
  2.294e-06  3.864e-07  7.979e-01  1.559e-06 -1.557e-05 -6.869e-05  3.360e-05 
  3.864e-07  1.242e-07  1.343e-01  2.564e-07 -2.512e-06 -1.171e-05  5.738e-06 
  7.979e-01  1.343e-01  3.114e+05  5.168e-01 -6.303e+00 -2.676e+01  1.351e+01 
  1.559e-06  2.564e-07  5.168e-01  1.462e-06 -9.960e-06 -4.458e-05  2.139e-05 
 -1.557e-05 -2.512e-06 -6.303e+00 -9.960e-06  1.293e-04  5.412e-04 -2.756e-04 
 -6.869e-05 -1.171e-05 -2.676e+01 -4.458e-05  5.412e-04  2.301e-03 -1.161e-03 
  3.360e-05  5.738e-06  1.351e+01  2.139e-05 -2.756e-04 -1.161e-03  5.904e-04 
ERR MATRIX APPROXIMATE
 PARAMETER  CORRELATION COEFFICIENTS  
       NO.  GLOBAL      8      9     20     21     22     23     24
        8  0.99627   1.000  0.724  0.944  0.851 -0.904 -0.945  0.913
        9  0.92192   0.724  1.000  0.683  0.602 -0.627 -0.693  0.670
       20  0.99992   0.944  0.683  1.000  0.766 -0.993 -1.000  0.996
       21  0.87256   0.851  0.602  0.766  1.000 -0.725 -0.769  0.728
       22  0.99921  -0.904 -0.627 -0.993 -0.725  1.000  0.992 -0.997
       23  0.99992  -0.945 -0.693 -1.000 -0.769  0.992  1.000 -0.996
       24  0.99967   0.913  0.670  0.996  0.728 -0.997 -0.996  1.000
 ERR MATRIX APPROXIMATE
MINUIT - FIT wiggle + 1-CBO + 2-CBO
 **********
 **   42 **RES 
 **********
                   PARAMETER   16  beta_vw RESTORED TO VARIABLE.
                   PARAMETER   14  alpha_vw RESTORED TO VARIABLE.
                   PARAMETER   13  beta_y RESTORED TO VARIABLE.
                   PARAMETER   11  alpha_y RESTORED TO VARIABLE.
                   PARAMETER   10  beta_2CBO RESTORED TO VARIABLE.
                   PARAMETER    6  alpha_CBO RESTORED TO VARIABLE.
                   PARAMETER    4  phi RESTORED TO VARIABLE.
                   PARAMETER    3  A0 RESTORED TO VARIABLE.
                   PARAMETER    1  N0 RESTORED TO VARIABLE.
 **********
 **   43 **FIX           10
 **********
 **********
 **   44 **FIX           11
 **********
 **********
 **   45 **FIX           12
 **********
 PARAMETER   12  IS CONSTANT.   IGNORED.
 **********
 **   46 **FIX           13
 **********
 **********
 **   47 **FIX           14
 **********
 **********
 **   48 **FIX           15
 **********
 PARAMETER   15  IS CONSTANT.   IGNORED.
 **********
 **   49 **FIX           16
 **********
 **********
 **   50 **MIGRAD
 **********
 START MIGRAD MINIMIZATION.  STRATEGY  1.  CONVERGENCE WHEN EDM .LT. 1.00e-04
 FCN=1045.13 FROM MIGRAD    STATUS=INITIATE       22 CALLS        4190 TOTAL
                     EDM= unknown      STRATEGY= 1      NO ERROR MATRIX       
  EXT PARAMETER               CURRENT GUESS       STEP         FIRST   
  NO.   NAME      VALUE            ERROR          SIZE      DERIVATIVE 
   1  N0           3.28535e+06   1.36766e+04   1.36766e+04   4.60759e-05
   2  tau          6.43680e+01   constant   
   3  A0           4.55768e-01   2.01578e-02   2.01578e-02  -1.28805e+01
   4  phi          4.07094e+00   5.24133e-03   5.24133e-03  -4.62983e+01
   5  R           -6.08433e+01   constant   
   6  alpha_CBO   -6.06873e-02   8.74598e-03   8.74598e-03  -3.71585e+01
   7  w_CBO        2.32500e+00   constant   
   8  beta_CBO     4.54472e-04   1.51469e-03   7.76310e-06  -1.08622e+01
   9  alpha_2CBO   1.20786e-04   3.52455e-04   1.95943e-06  -8.77498e+00
  10  beta_2CBO    4.69585e-03     fixed    
  11  alpha_y      0.00000e+00     fixed    
  12  w_y          1.44500e+01   constant   
  13  beta_y      -4.60334e-03     fixed    
  14  alpha_vw     0.00000e+00     fixed    
  15  w_vw         1.29000e+01   constant   
  16  beta_vw      0.00000e+00     fixed    
  17  LM          -1.22211e-03   constant   
  18  zeta_y       0.00000e+00   constant   
  19  zeta_vw      0.00000e+00   constant   
  20  T_CBO        2.21801e+02   5.94658e+02   7.06894e-03  -1.33654e-02
  21  alpha_A0     4.49027e-03   1.20895e-03   5.63858e-06   3.57816e+00
  22  beta_A0      5.42304e-02   1.13716e-02  -5.52715e-05   9.76089e+00
  23  alpha_phi    1.72156e-01   4.79700e-02  -2.50955e-04  -1.31907e+00
  24  beta_phi    -1.06360e-01   2.42983e-02   1.25520e-04   3.00591e+00
 CALL LIMIT EXCEEDED IN MIGRAD.
 MIGRAD TERMINATED WITHOUT CONVERGENCE.
 FCN=1011.01 FROM MIGRAD    STATUS=CALL LIMIT   1905 CALLS        6073 TOTAL
                     EDM=2.46881    STRATEGY= 1  ERROR MATRIX UNCERTAINTY  11.8 per cent
  EXT PARAMETER                APPROXIMATE        STEP         FIRST   
  NO.   NAME      VALUE            ERROR          SIZE      DERIVATIVE 
   1  N0           3.16714e+06   3.52483e+03  -2.28427e+03  -4.62956e-03
   2  tau          6.43680e+01   constant   
   3  A0           5.36686e-01   6.00630e-03   4.21978e-03  -9.14775e+03
   4  phi          4.27954e+00   6.48111e-03   4.84386e-03   3.55080e+03
   5  R           -6.08433e+01   constant   
   6  alpha_CBO   -6.09905e-02   1.24582e-03   9.63002e-05  -9.96117e+03
   7  w_CBO        2.32500e+00   constant   
   8  beta_CBO    -1.34516e-02   1.84777e-03   1.17537e-04  -6.39799e+03
   9  alpha_2CBO   1.57820e-02   9.12956e-04   8.30923e-04   1.38981e+03
  10  beta_2CBO    4.69585e-03     fixed    
  11  alpha_y      0.00000e+00     fixed    
  12  w_y          1.44500e+01   constant   
  13  beta_y      -4.60334e-03     fixed    
  14  alpha_vw     0.00000e+00     fixed    
  15  w_vw         1.29000e+01   constant   
  16  beta_vw      0.00000e+00     fixed    
  17  LM          -1.22211e-03   constant   
  18  zeta_y       0.00000e+00   constant   
  19  zeta_vw      0.00000e+00   constant   
  20  T_CBO        4.14437e+02   2.69238e+01   3.92236e-02   2.31510e+01
  21  alpha_A0     1.45905e-01   7.89983e-03   7.07601e-03   2.45649e+03
  22  beta_A0      3.16328e-01   8.40113e-03   6.83049e-03  -1.77280e+02
  23  alpha_phi    3.83666e-01   8.43562e-03   5.55171e-03  -2.39200e+03
  24  beta_phi    -1.39061e-01   5.03582e-03  -3.71143e-03  -1.98941e+03
 EXTERNAL ERROR MATRIX.    NDIM=  25    NPAR= 11    ERR DEF=1
  1.242e+07 
 -1.648e+01  3.608e-05 
 -2.088e+01  3.731e-05  4.200e-05 
  9.717e-01 -4.385e-06 -3.440e-06  1.552e-06 
  2.629e+00 -6.543e-06 -5.935e-06  2.161e-06  3.414e-06 
 -2.463e+00  4.185e-06  4.936e-06  4.040e-08  7.609e-09  8.335e-07 
 -8.958e+04  1.156e-01  1.522e-01 -1.639e-03 -9.611e-03  1.989e-02  7.256e+02 
 -2.020e+01  4.306e-05  4.597e-05 -2.179e-06 -2.987e-06  6.646e-06  1.590e-01  6.241e-05 
 -2.547e+01  3.104e-05  4.283e-05  2.177e-06  1.360e-06  6.953e-06  2.103e-01  5.145e-05  7.058e-05 
 -2.820e+01  4.670e-05  5.379e-05 -4.825e-06 -8.826e-06  5.804e-06  2.008e-01  5.431e-05  5.385e-05  7.116e-05 
  3.102e+00 -1.744e-05 -1.550e-05  1.755e-07 -1.546e-06 -3.051e-06 -4.027e-02 -3.126e-05 -1.782e-05 -1.402e-05  2.536e-05 
ERR MATRIX APPROXIMATE
 PARAMETER  CORRELATION COEFFICIENTS  
       NO.  GLOBAL      1      3      4      6      8      9     20     21     22     23     24
        1  0.99932   1.000 -0.778 -0.914  0.221  0.404 -0.765 -0.943 -0.726 -0.860 -0.948  0.175
        3  0.99988  -0.778  1.000  0.958 -0.586 -0.590  0.763  0.715  0.907  0.615  0.922 -0.577
        4  0.99976  -0.914  0.958  1.000 -0.426 -0.496  0.834  0.872  0.898  0.787  0.984 -0.475
        6  0.99808   0.221 -0.586 -0.426  1.000  0.939  0.036 -0.049 -0.221  0.208 -0.459  0.028
        8  0.99895   0.404 -0.590 -0.496  0.939  1.000  0.005 -0.193 -0.205  0.088 -0.566 -0.166
        9  0.99089  -0.765  0.763  0.834  0.036  0.005  1.000  0.809  0.922  0.906  0.754 -0.664
       20  0.98074  -0.943  0.715  0.872 -0.049 -0.193  0.809  1.000  0.747  0.929  0.884 -0.297
       21  0.99932  -0.726  0.907  0.898 -0.221 -0.205  0.922  0.747  1.000  0.775  0.815 -0.786
       22  0.99938  -0.860  0.615  0.787  0.208  0.088  0.906  0.929  0.775  1.000  0.760 -0.421
       23  0.99945  -0.948  0.922  0.984 -0.459 -0.566  0.754  0.884  0.815  0.760  1.000 -0.330
       24  0.99744   0.175 -0.577 -0.475  0.028 -0.166 -0.664 -0.297 -0.786 -0.421 -0.330  1.000
 ERR MATRIX APPROXIMATE
MINUIT - FIT ONLY 1-y
 **********
 **   51 **RES 
 **********
                   PARAMETER   16  beta_vw RESTORED TO VARIABLE.
                   PARAMETER   14  alpha_vw RESTORED TO VARIABLE.
                   PARAMETER   13  beta_y RESTORED TO VARIABLE.
                   PARAMETER   11  alpha_y RESTORED TO VARIABLE.
                   PARAMETER   10  beta_2CBO RESTORED TO VARIABLE.
 **********
 **   52 **FIX            0
 **********
 PARAMETER    0  IS UNDEFINED. IGNORED.
 **********
 **   53 **FIX            1
 **********
 **********
 **   54 **FIX            2
 **********
 PARAMETER    2  IS CONSTANT.   IGNORED.
 **********
 **   55 **FIX            3
 **********
 **********
 **   56 **FIX            4
 **********
 **********
 **   57 **FIX            5
 **********
 PARAMETER    5  IS CONSTANT.   IGNORED.
 **********
 **   58 **FIX            6
 **********
 **********
 **   59 **FIX            7
 **********
 PARAMETER    7  IS CONSTANT.   IGNORED.
 **********
 **   60 **FIX            8
 **********
 **********
 **   61 **FIX            9
 **********
 **********
 **   62 **FIX           13
 **********
 **********
 **   63 **FIX           14
 **********
 **********
 **   64 **FIX           15
 **********
 PARAMETER   15  IS CONSTANT.   IGNORED.
 **********
 **   65 **FIX           16
 **********
 **********
 **   66 **MIGRAD
 **********
 START MIGRAD MINIMIZATION.  STRATEGY  1.  CONVERGENCE WHEN EDM .LT. 1.00e-04
 FCN=1011.01 FROM MIGRAD    STATUS=INITIATE       16 CALLS        6089 TOTAL
                     EDM= unknown      STRATEGY= 1      NO ERROR MATRIX       
  EXT PARAMETER               CURRENT GUESS       STEP         FIRST   
  NO.   NAME      VALUE            ERROR          SIZE      DERIVATIVE 
   1  N0           3.16714e+06     fixed    
   2  tau          6.43680e+01   constant   
   3  A0           5.36686e-01     fixed    
   4  phi          4.27954e+00     fixed    
   5  R           -6.08433e+01   constant   
   6  alpha_CBO   -6.09905e-02     fixed    
   7  w_CBO        2.32500e+00   constant   
   8  beta_CBO    -1.34516e-02     fixed    
   9  alpha_2CBO   1.57820e-02     fixed    
  10  beta_2CBO    4.69585e-03   8.13878e-04   8.13878e-04  -1.57638e+03
  11  alpha_y      0.00000e+00   1.00000e-03   1.00000e-03  -4.31957e+05
  12  w_y          1.44500e+01   constant   
  13  beta_y      -4.60334e-03     fixed    
  14  alpha_vw     0.00000e+00     fixed    
  15  w_vw         1.29000e+01   constant   
  16  beta_vw      0.00000e+00     fixed    
  17  LM          -1.22211e-03   constant   
  18  zeta_y       0.00000e+00   constant   
  19  zeta_vw      0.00000e+00   constant   
  20  T_CBO        4.14437e+02   2.69238e+01   3.92236e-02  -2.31509e+01
  21  alpha_A0     1.45905e-01   7.89983e-03   7.07601e-03   2.45649e+03
  22  beta_A0      3.16328e-01   8.40113e-03   6.83049e-03  -1.77280e+02
  23  alpha_phi    3.83666e-01   8.43562e-03   5.55171e-03  -2.39200e+03
  24  beta_phi    -1.39061e-01   5.03582e-03  -3.71143e-03  -1.98941e+03
 MIGRAD MINIMIZATION HAS CONVERGED.
 MIGRAD WILL VERIFY CONVERGENCE AND ERROR MATRIX.
 COVARIANCE MATRIX CALCULATED SUCCESSFULLY
 FCN=115.2 FROM MIGRAD    STATUS=CONVERGED     756 CALLS        6829 TOTAL
                     EDM=6.63957e-06    STRATEGY= 1      ERROR MATRIX ACCURATE 
  EXT PARAMETER                                   STEP         FIRST   
  NO.   NAME      VALUE            ERROR          SIZE      DERIVATIVE 
   1  N0           3.16714e+06     fixed    
   2  tau          6.43680e+01   constant   
   3  A0           5.36686e-01     fixed    
   4  phi          4.27954e+00     fixed    
   5  R           -6.08433e+01   constant   
   6  alpha_CBO   -6.09905e-02     fixed    
   7  w_CBO        2.32500e+00   constant   
   8  beta_CBO    -1.34516e-02     fixed    
   9  alpha_2CBO   1.57820e-02     fixed    
  10  beta_2CBO    4.93454e-03   1.71079e-04   7.11200e-07  -3.75891e+00
  11  alpha_y      4.13842e-03   1.38375e-04   7.23616e-07   2.64106e+00
  12  w_y          1.44500e+01   constant   
  13  beta_y      -4.60334e-03     fixed    
  14  alpha_vw     0.00000e+00     fixed    
  15  w_vw         1.29000e+01   constant   
  16  beta_vw      0.00000e+00     fixed    
  17  LM          -1.22211e-03   constant   
  18  zeta_y       0.00000e+00   constant   
  19  zeta_vw      0.00000e+00   constant   
  20  T_CBO        1.00000e+03   6.94372e+02   6.88592e-03** at limit **
  21  alpha_A0     1.41091e-01   4.56427e-04   2.12758e-06  -3.05404e+00
  22  beta_A0      3.05741e-01   3.99979e-04   1.98521e-06  -7.13397e+00
  23  alpha_phi    3.71886e-01   4.53731e-04   2.21563e-06  -4.90715e+00
  24  beta_phi    -1.35227e-01   5.33578e-04   2.61245e-06   1.94977e+00
 EXTERNAL ERROR MATRIX.    NDIM=  25    NPAR=  7    ERR DEF=1
  2.927e-08  1.485e-09  1.955e-08 -3.533e-08  1.711e-08 -2.765e-08 -2.620e-08 
  1.485e-09  1.915e-08 -1.324e-09 -4.023e-10 -1.307e-09  1.703e-09 -6.681e-09 
  1.955e-08 -1.324e-09  1.880e-02  9.323e-07  2.157e-06  2.577e-06 -1.041e-06 
 -3.533e-08 -4.023e-10  9.323e-07  2.083e-07 -2.559e-08  4.433e-08  1.110e-08 
  1.711e-08 -1.307e-09  2.157e-06 -2.559e-08  1.600e-07 -2.881e-08  2.611e-08 
 -2.765e-08  1.703e-09  2.577e-06  4.433e-08 -2.881e-08  2.059e-07  1.839e-08 
 -2.620e-08 -6.681e-09 -1.041e-06  1.110e-08  2.611e-08  1.839e-08  2.847e-07 
 PARAMETER  CORRELATION COEFFICIENTS  
       NO.  GLOBAL     10     11     20     21     22     23     24
       10  0.61335   1.000  0.063  0.001 -0.452  0.250 -0.356 -0.287
       11  0.11364   0.063  1.000 -0.000 -0.006 -0.024  0.027 -0.090
       20  0.06813   0.001 -0.000  1.000  0.015  0.039  0.041 -0.014
       21  0.46444  -0.452 -0.006  0.015  1.000 -0.140  0.214  0.046
       22  0.33290   0.250 -0.024  0.039 -0.140  1.000 -0.159  0.122
       23  0.37323  -0.356  0.027  0.041  0.214 -0.159  1.000  0.076
       24  0.36705  -0.287 -0.090 -0.014  0.046  0.122  0.076  1.000
MINUIT - FIT ONLY 2-y
 **********
 **   67 **RES 
 **********
                   PARAMETER   16  beta_vw RESTORED TO VARIABLE.
                   PARAMETER   14  alpha_vw RESTORED TO VARIABLE.
                   PARAMETER   13  beta_y RESTORED TO VARIABLE.
                   PARAMETER    9  alpha_2CBO RESTORED TO VARIABLE.
                   PARAMETER    8  beta_CBO RESTORED TO VARIABLE.
                   PARAMETER    6  alpha_CBO RESTORED TO VARIABLE.
                   PARAMETER    4  phi RESTORED TO VARIABLE.
                   PARAMETER    3  A0 RESTORED TO VARIABLE.
                   PARAMETER    1  N0 RESTORED TO VARIABLE.
 **********
 **   68 **FIX            0
 **********
 PARAMETER    0  IS UNDEFINED. IGNORED.
 **********
 **   69 **FIX            1
 **********
 **********
 **   70 **FIX            2
 **********
 PARAMETER    2  IS CONSTANT.   IGNORED.
 **********
 **   71 **FIX            3
 **********
 **********
 **   72 **FIX            4
 **********
 **********
 **   73 **FIX            5
 **********
 PARAMETER    5  IS CONSTANT.   IGNORED.
 **********
 **   74 **FIX            6
 **********
 **********
 **   75 **FIX            7
 **********
 PARAMETER    7  IS CONSTANT.   IGNORED.
 **********
 **   76 **FIX            8
 **********
 **********
 **   77 **FIX            9
 **********
 **********
 **   78 **FIX           10
 **********
 **********
 **   79 **FIX           11
 **********
 **********
 **   80 **FIX           12
 **********
 PARAMETER   12  IS CONSTANT.   IGNORED.
 **********
 **   81 **FIX           16
 **********
 **********
 **   82 **MIGRAD
 **********
 START MIGRAD MINIMIZATION.  STRATEGY  1.  CONVERGENCE WHEN EDM .LT. 1.00e-04
 FCN=115.2 FROM MIGRAD    STATUS=INITIATE       16 CALLS        6845 TOTAL
                     EDM= unknown      STRATEGY= 1      NO ERROR MATRIX       
  EXT PARAMETER               CURRENT GUESS       STEP         FIRST   
  NO.   NAME      VALUE            ERROR          SIZE      DERIVATIVE 
   1  N0           3.16714e+06     fixed    
   2  tau          6.43680e+01   constant   
   3  A0           5.36686e-01     fixed    
   4  phi          4.27954e+00     fixed    
   5  R           -6.08433e+01   constant   
   6  alpha_CBO   -6.09905e-02     fixed    
   7  w_CBO        2.32500e+00   constant   
   8  beta_CBO    -1.34516e-02     fixed    
   9  alpha_2CBO   1.57820e-02     fixed    
  10  beta_2CBO    4.93454e-03     fixed    
  11  alpha_y      4.13842e-03     fixed    
  12  w_y          1.44500e+01   constant   
  13  beta_y      -4.60334e-03   1.40949e-04   1.40949e-04   2.62624e+04
  14  alpha_vw     0.00000e+00   1.00000e-03   1.00000e-03  -5.43548e+04
  15  w_vw         1.29000e+01   constant   
