 + ++++++++++++++++++++++++++++++++++++++++++++++++++++++++++++++++++++ +
 +                                                                      +
 +           You have chose to blind your fitting according to          +
 +                omega_ref * (1 + (R +/- deltaR) *10^{-6})             +
 +                                                                      +
 + ++++++++++++++++++++++++++++++++++++++++++++++++++++++++++++++++++++ +
In main()...
reading format from /gm2data/zkhechad/run45/envelope/formats/formatB_sBin_constraintOn.txt
pBinTau 	= 0  
pBinPhi 	= 0  
constraintau 	= 1 
includeMopTerm 	= 0    
constrainMop    = 0   
Parameters after format file: pBinTau 0 pBinPhi 0 constraintau 1 includeMopTerm 0 constrainMop 0 c_e_scale 0.000000 
Opening file /gm2data/tbarrett/gm2fr/studies/run23_bunch_corrections/CorrectedFourier_Run3b.root.
reading full fit data from /gm2data/zkhechad/cboTemplates/Run4CBOTemplates/fullFits/noRF/sBin_constraintOn_cE0.0_seed0_noRF_calo6.root
windowBins = 69
fitting sliding window 2310 from bin 2446 at 364.794000 to bin 2515 at 375.238000 (69 bins)

Reading data from /gm2data/cornell/histograms/aMethod/histogram_a_noRF.root
 **********
 **    1 **SET PRINTOUT            1
 **********
 **********
 **    2 **SET NOWARNINGS 
 **********
 PARAMETER DEFINITIONS:
    NO.   NAME         VALUE      STEP SIZE      LIMITS
     1 N0           2.91036e+06  1.00000e+02     no limits
     2 tau          6.44099e+01  constant
     3 A0           3.53688e-01  1.00000e-04     no limits
     4 phi          4.11540e+00  1.00000e-02     no limits
     5 R           -6.16610e+01  constant
     6 alpha_CBO    0.00000e+00  1.00000e-03     no limits
     7 w_CBO        2.32500e+00  constant
     8 beta_CBO     0.00000e+00  1.00000e-03     no limits
     9 alpha_2CBO   0.00000e+00  1.00000e-03     no limits
    10 beta_2CBO    0.00000e+00  1.00000e-03     no limits
    11 alpha_y      0.00000e+00  1.00000e-03     no limits
    12 w_y          1.38860e+01  constant
    13 beta_y       0.00000e+00  1.00000e-03     no limits
    14 alpha_vw     0.00000e+00  1.00000e-03     no limits
    15 w_vw         1.43404e+01  constant
    16 beta_vw      0.00000e+00  1.00000e-03     no limits
    17 LM           1.71412e-04  constant
    18 zeta_y       0.00000e+00  constant
    19 zeta_vw      0.00000e+00  constant
    20 T_CBO        1.00000e+02  1.00000e+00    0.00000e+00  1.00000e+03
    21 alpha_A0     0.00000e+00  1.00000e-03     no limits
    22 beta_A0      0.00000e+00  1.00000e-03     no limits
    23 alpha_phi    0.00000e+00  1.00000e-03     no limits
    24 beta_phi     0.00000e+00  1.00000e-03     no limits
MINUIT - FIT ONLY WIGGLE
 **********
 **    3 **FIX            5
 **********
 PARAMETER    5  IS CONSTANT.   IGNORED.
 **********
 **    4 **FIX            6
 **********
 **********
 **    5 **FIX            7
 **********
 PARAMETER    7  IS CONSTANT.   IGNORED.
 **********
 **    6 **FIX            8
 **********
 **********
 **    7 **FIX            9
 **********
 **********
 **    8 **FIX           10
 **********
 **********
 **    9 **FIX           11
 **********
 **********
 **   10 **FIX           12
 **********
 PARAMETER   12  IS CONSTANT.   IGNORED.
 **********
 **   11 **FIX           13
 **********
 **********
 **   12 **FIX           14
 **********
 **********
 **   13 **FIX           15
 **********
 PARAMETER   15  IS CONSTANT.   IGNORED.
 **********
 **   14 **FIX           16
 **********
 **********
 **   15 **MIGRAD
 **********
 FIRST CALL TO USER FUNCTION AT NEW START POINT, WITH IFLAG=4.
 START MIGRAD MINIMIZATION.  STRATEGY  1.  CONVERGENCE WHEN EDM .LT. 1.00e-04
 FCN=72.7336 FROM MIGRAD    STATUS=INITIATE      437 CALLS         438 TOTAL
                     EDM= unknown      STRATEGY= 1      NO ERROR MATRIX       
  EXT PARAMETER               CURRENT GUESS       STEP         FIRST   
  NO.   NAME      VALUE            ERROR          SIZE      DERIVATIVE 
   1  N0           2.91036e+06   1.00000e+02   0.00000e+00  -3.48286e-04
   2  tau          6.44099e+01   constant   
   3  A0           3.53688e-01   1.00000e-04   0.00000e+00   2.77064e+03
   4  phi          4.11540e+00   1.00000e-02   0.00000e+00  -2.71578e+01
   5  R           -6.16610e+01   constant   
   6  alpha_CBO    0.00000e+00     fixed    
   7  w_CBO        2.32500e+00   constant   
   8  beta_CBO     0.00000e+00     fixed    
   9  alpha_2CBO   0.00000e+00     fixed    
  10  beta_2CBO    0.00000e+00     fixed    
  11  alpha_y      0.00000e+00     fixed    
  12  w_y          1.38860e+01   constant   
  13  beta_y       0.00000e+00     fixed    
  14  alpha_vw     0.00000e+00     fixed    
  15  w_vw         1.43404e+01   constant   
  16  beta_vw      0.00000e+00     fixed    
  17  LM           1.71412e-04   constant   
  18  zeta_y       0.00000e+00   constant   
  19  zeta_vw      0.00000e+00   constant   
  20  T_CBO        1.00000e+02   1.00000e+00   0.00000e+00   0.00000e+00
  21  alpha_A0     0.00000e+00   1.00000e-03   0.00000e+00   7.91845e+00
  22  beta_A0      0.00000e+00   1.00000e-03   0.00000e+00   1.22920e+01
  23  alpha_phi    0.00000e+00   1.00000e-03   0.00000e+00   7.42397e-03
  24  beta_phi     0.00000e+00   1.00000e-03   0.00000e+00   6.97147e+00
 CALL LIMIT EXCEEDED IN MIGRAD.
 MIGRAD TERMINATED WITHOUT CONVERGENCE.
 FCN=68.6372 FROM MIGRAD    STATUS=CALL LIMIT   1330 CALLS        1331 TOTAL
                     EDM=0.00514835    STRATEGY= 1  ERROR MATRIX UNCERTAINTY   5.2 per cent
  EXT PARAMETER                APPROXIMATE        STEP         FIRST   
  NO.   NAME      VALUE            ERROR          SIZE      DERIVATIVE 
   1  N0           2.91155e+06   2.08214e+03   9.98489e+00   1.96609e-05
   2  tau          6.44099e+01   constant   
   3  A0           3.52209e-01   9.85331e-04  -1.02108e-06  -1.44037e+01
   4  phi          4.11573e+00   2.95153e-03   7.70568e-06  -1.02463e+00
   5  R           -6.16610e+01   constant   
   6  alpha_CBO    0.00000e+00     fixed    
   7  w_CBO        2.32500e+00   constant   
   8  beta_CBO     0.00000e+00     fixed    
   9  alpha_2CBO   0.00000e+00     fixed    
  10  beta_2CBO    0.00000e+00     fixed    
  11  alpha_y      0.00000e+00     fixed    
  12  w_y          1.38860e+01   constant   
  13  beta_y       0.00000e+00     fixed    
  14  alpha_vw     0.00000e+00     fixed    
  15  w_vw         1.43404e+01   constant   
  16  beta_vw      0.00000e+00     fixed    
  17  LM           1.71412e-04   constant   
  18  zeta_y       0.00000e+00   constant   
  19  zeta_vw      0.00000e+00   constant   
  20  T_CBO        3.83221e+01   1.30165e+01  -3.42487e-03  -7.54643e+00
  21  alpha_A0    -1.68128e+01   4.64963e+01  -2.25186e+00   1.17186e-03
  22  beta_A0     -5.72897e+01   1.58787e+02  -7.68990e+00   3.15913e-03
  23  alpha_phi    4.32516e+00   1.25411e+01   6.07016e-01   1.60654e-04
  24  beta_phi    -5.88093e+01   1.63650e+02  -7.92542e+00  -8.10019e-05
 EXTERNAL ERROR MATRIX.    NDIM=  25    NPAR=  8    ERR DEF=1
  4.335e+06 -1.105e-01 -4.711e-01 -2.282e+03 -1.429e+04 -4.920e+04  3.906e+03 -5.080e+04 
 -1.105e-01  9.709e-07 -5.914e-08  8.872e-05  1.558e-03  5.436e-03 -4.323e-04  5.624e-03 
 -4.711e-01 -5.914e-08  8.712e-06  5.459e-04  1.901e-03  6.504e-03 -5.230e-04  6.709e-03 
 -2.282e+03  8.872e-05  5.459e-04  1.697e+02  5.983e+02  2.043e+03 -1.613e+02  2.106e+03 
 -1.429e+04  1.558e-03  1.901e-03  5.983e+02  2.162e+03  7.383e+03 -5.831e+02  7.609e+03 
 -4.920e+04  5.436e-03  6.504e-03  2.043e+03  7.383e+03  2.521e+04 -1.991e+03  2.599e+04 
  3.906e+03 -4.323e-04 -5.230e-04 -1.613e+02 -5.831e+02 -1.991e+03  1.573e+02 -2.052e+03 
 -5.080e+04  5.624e-03  6.709e-03  2.106e+03  7.609e+03  2.599e+04 -2.052e+03  2.678e+04 
ERR MATRIX APPROXIMATE
 PARAMETER  CORRELATION COEFFICIENTS  
       NO.  GLOBAL      1      3      4     20     21     22     23     24
        1  0.50956   1.000 -0.054 -0.077 -0.084 -0.148 -0.149  0.150 -0.149
        3  0.24868  -0.054  1.000 -0.020  0.007  0.034  0.035 -0.035  0.035
        4  0.09017  -0.077 -0.020  1.000  0.014  0.014  0.014 -0.014  0.014
       20  0.99025  -0.084  0.007  0.014  1.000  0.988  0.988 -0.988  0.988
       21  0.99999  -0.148  0.034  0.014  0.988  1.000  1.000 -1.000  1.000
       22  1.00000  -0.149  0.035  0.014  0.988  1.000  1.000 -1.000  1.000
       23  0.99992   0.150 -0.035 -0.014 -0.988 -1.000 -1.000  1.000 -1.000
       24  1.00000  -0.149  0.035  0.014  0.988  1.000  1.000 -1.000  1.000
 ERR MATRIX APPROXIMATE
MINUIT - FIT ONLY 1-CBO + wiggle
 **********
 **   16 **RES 
 **********
                   PARAMETER   16  beta_vw RESTORED TO VARIABLE.
                   PARAMETER   14  alpha_vw RESTORED TO VARIABLE.
                   PARAMETER   13  beta_y RESTORED TO VARIABLE.
                   PARAMETER   11  alpha_y RESTORED TO VARIABLE.
                   PARAMETER   10  beta_2CBO RESTORED TO VARIABLE.
                   PARAMETER    9  alpha_2CBO RESTORED TO VARIABLE.
                   PARAMETER    8  beta_CBO RESTORED TO VARIABLE.
                   PARAMETER    6  alpha_CBO RESTORED TO VARIABLE.
 **********
 **   17 **FIX            8
 **********
 **********
 **   18 **FIX            9
 **********
 **********
 **   19 **FIX           11
 **********
 **********
 **   20 **FIX           12
 **********
 PARAMETER   12  IS CONSTANT.   IGNORED.
 **********
 **   21 **FIX           14
 **********
 **********
 **   22 **FIX           15
 **********
 PARAMETER   15  IS CONSTANT.   IGNORED.
 **********
 **   23 **FIX           16
 **********
 **********
 **   24 **MIGRAD
 **********
 START MIGRAD MINIMIZATION.  STRATEGY  1.  CONVERGENCE WHEN EDM .LT. 1.00e-04
 FCN=68.6372 FROM MIGRAD    STATUS=INITIATE       28 CALLS        1359 TOTAL
                     EDM= unknown      STRATEGY= 1      NO ERROR MATRIX       
  EXT PARAMETER               CURRENT GUESS       STEP         FIRST   
  NO.   NAME      VALUE            ERROR          SIZE      DERIVATIVE 
   1  N0           2.91155e+06   2.08214e+03   9.98489e+00   1.96609e-05
   2  tau          6.44099e+01   constant   
   3  A0           3.52209e-01   9.85331e-04  -1.02108e-06  -1.44037e+01
   4  phi          4.11573e+00   2.95153e-03   7.70568e-06  -1.02463e+00
   5  R           -6.16610e+01   constant   
   6  alpha_CBO    0.00000e+00   1.00000e-03   1.00000e-03   8.30222e+02
   7  w_CBO        2.32500e+00   constant   
   8  beta_CBO     0.00000e+00     fixed    
   9  alpha_2CBO   0.00000e+00     fixed    
  10  beta_2CBO    0.00000e+00   1.00000e-03   1.00000e-03   3.21005e+02
  11  alpha_y      0.00000e+00     fixed    
  12  w_y          1.38860e+01   constant   
  13  beta_y       0.00000e+00   1.00000e-03   1.00000e-03   2.76687e+03
  14  alpha_vw     0.00000e+00     fixed    
  15  w_vw         1.43404e+01   constant   
  16  beta_vw      0.00000e+00     fixed    
  17  LM           1.71412e-04   constant   
  18  zeta_y       0.00000e+00   constant   
  19  zeta_vw      0.00000e+00   constant   
  20  T_CBO        3.83221e+01   1.30165e+01  -3.42487e-03  -7.54643e+00
  21  alpha_A0    -1.68128e+01   4.64963e+01  -2.25186e+00   1.17186e-03
  22  beta_A0     -5.72897e+01   1.58787e+02  -7.68990e+00   3.15913e-03
  23  alpha_phi    4.32516e+00   1.25411e+01   6.07016e-01   1.60654e-04
  24  beta_phi    -5.88093e+01   1.63650e+02  -7.92542e+00  -8.10019e-05
 CALL LIMIT EXCEEDED IN MIGRAD.
 MIGRAD TERMINATED WITHOUT CONVERGENCE.
 FCN=65.9384 FROM MIGRAD    STATUS=CALL LIMIT   1915 CALLS        3246 TOTAL
                     EDM=0.00339125    STRATEGY= 1  ERROR MATRIX UNCERTAINTY  17.0 per cent
  EXT PARAMETER                APPROXIMATE        STEP         FIRST   
  NO.   NAME      VALUE            ERROR          SIZE      DERIVATIVE 
   1  N0           2.91143e+06   2.05583e+03   3.38128e+01   1.97763e-05
   2  tau          6.44099e+01   constant   
   3  A0           3.52291e-01   9.88207e-04   2.80030e-06   1.14044e+01
   4  phi          4.11553e+00   3.04000e-03  -1.14245e-05   2.36091e+00
   5  R           -6.16610e+01   constant   
   6  alpha_CBO   -4.59629e-04   1.03510e-03  -1.80292e-05  -4.23285e+01
   7  w_CBO        2.32500e+00   constant   
   8  beta_CBO     0.00000e+00     fixed    
   9  alpha_2CBO   0.00000e+00     fixed    
  10  beta_2CBO   -1.77857e-04   1.00860e-03   7.55063e-06   1.29451e+01
  11  alpha_y      0.00000e+00     fixed    
  12  w_y          1.38860e+01   constant   
  13  beta_y      -1.45610e-03   1.00977e-03   9.98738e-06   2.40793e+01
  14  alpha_vw     0.00000e+00     fixed    
  15  w_vw         1.43404e+01   constant   
  16  beta_vw      0.00000e+00     fixed    
  17  LM           1.71412e-04   constant   
  18  zeta_y       0.00000e+00   constant   
  19  zeta_vw      0.00000e+00   constant   
  20  T_CBO        1.80266e+01   1.93915e+00   1.20370e-04  -4.78322e+00
  21  alpha_A0    -1.33716e+06   2.58724e+06  -1.90951e+04  -3.99698e-08
  22  beta_A0     -3.66623e+06   7.09339e+06  -5.23527e+04  -1.27999e-08
  23  alpha_phi    4.66022e+05   9.01665e+05   6.65486e+03  -2.40220e-11
  24  beta_phi    -3.00957e+06   5.82274e+06  -4.29747e+04   5.79233e-08
 EXTERNAL ERROR MATRIX.    NDIM=  25    NPAR= 11    ERR DEF=1
  4.226e+06 
 -1.341e-01  9.766e-07 
 -4.671e-01 -1.396e-07  9.242e-06 
  1.488e-01  2.341e-08  6.382e-07  1.071e-06 
 -6.197e-02 -4.023e-08 -8.957e-08 -7.343e-08  1.017e-06 
 -1.899e-02 -2.383e-08  8.725e-08  2.709e-08 -1.730e-08  1.020e-06 
 -1.261e+03 -1.250e-04  4.913e-04  7.628e-04 -3.862e-04 -3.853e-04  3.761e+00 
 -2.004e+09 -1.843e+02  5.415e+02  1.125e+03 -4.542e+02 -6.098e+02  4.795e+06  6.694e+12 
 -5.495e+09 -5.053e+02  1.484e+03  3.084e+03 -1.245e+03 -1.672e+03  1.315e+07  1.835e+13  5.032e+13 
  6.985e+08  6.423e+01 -1.887e+02 -3.920e+02  1.583e+02  2.125e+02 -1.671e+06 -2.333e+12 -6.396e+12  8.130e+11 
 -4.511e+09 -4.148e+02  1.219e+03  2.532e+03 -1.022e+03 -1.372e+03  1.079e+07  1.506e+13  4.130e+13 -5.250e+12  3.390e+13 
ERR MATRIX APPROXIMATE
 PARAMETER  CORRELATION COEFFICIENTS  
       NO.  GLOBAL      1      3      4      6     10     13     20     21     22     23     24
        1  0.55020   1.000 -0.066 -0.075  0.070 -0.030 -0.009 -0.316 -0.377 -0.377  0.377 -0.377
        3  0.21023  -0.066  1.000 -0.046  0.023 -0.040 -0.024 -0.065 -0.072 -0.072  0.072 -0.072
        4  0.29664  -0.075 -0.046  1.000  0.203 -0.029  0.028  0.083  0.069  0.069 -0.069  0.069
        6  0.57598   0.070  0.023  0.203  1.000 -0.070  0.026  0.380  0.420  0.420 -0.420  0.420
       10  0.24555  -0.030 -0.040 -0.029 -0.070  1.000 -0.017 -0.197 -0.174 -0.174  0.174 -0.174
       13  0.35016  -0.009 -0.024  0.028  0.026 -0.017  1.000 -0.197 -0.233 -0.233  0.233 -0.233
       20  0.95931  -0.316 -0.065  0.083  0.380 -0.197 -0.197  1.000  0.956  0.956 -0.956  0.956
       21  1.00000  -0.377 -0.072  0.069  0.420 -0.174 -0.233  0.956  1.000  1.000 -1.000  1.000
       22  1.00000  -0.377 -0.072  0.069  0.420 -0.174 -0.233  0.956  1.000  1.000 -1.000  1.000
       23  1.00000   0.377  0.072 -0.069 -0.420  0.174  0.233 -0.956 -1.000 -1.000  1.000 -1.000
       24  1.00000  -0.377 -0.072  0.069  0.420 -0.174 -0.233  0.956  1.000  1.000 -1.000  1.000
 ERR MATRIX APPROXIMATE
MINUIT - FIT ONLY 2-CBO
 **********
 **   25 **RES 
 **********
                   PARAMETER   16  beta_vw RESTORED TO VARIABLE.
                   PARAMETER   14  alpha_vw RESTORED TO VARIABLE.
                   PARAMETER   11  alpha_y RESTORED TO VARIABLE.
                   PARAMETER    9  alpha_2CBO RESTORED TO VARIABLE.
                   PARAMETER    8  beta_CBO RESTORED TO VARIABLE.
 **********
 **   26 **FIX            0
 **********
 PARAMETER    0  IS UNDEFINED. IGNORED.
 **********
 **   27 **FIX            1
 **********
 **********
 **   28 **FIX            2
 **********
 PARAMETER    2  IS CONSTANT.   IGNORED.
 **********
 **   29 **FIX            3
 **********
 **********
 **   30 **FIX            4
 **********
 **********
 **   31 **FIX            5
 **********
 PARAMETER    5  IS CONSTANT.   IGNORED.
 **********
 **   32 **FIX            6
 **********
 **********
 **   33 **FIX            7
 **********
 PARAMETER    7  IS CONSTANT.   IGNORED.
 **********
 **   34 **FIX           10
 **********
 **********
 **   35 **FIX           11
 **********
 **********
 **   36 **FIX           12
 **********
 PARAMETER   12  IS CONSTANT.   IGNORED.
 **********
 **   37 **FIX           13
 **********
 **********
 **   38 **FIX           14
 **********
 **********
 **   39 **FIX           15
 **********
 PARAMETER   15  IS CONSTANT.   IGNORED.
 **********
 **   40 **FIX           16
 **********
 **********
 **   41 **MIGRAD
 **********
 START MIGRAD MINIMIZATION.  STRATEGY  1.  CONVERGENCE WHEN EDM .LT. 1.00e-04
 FCN=65.9384 FROM MIGRAD    STATUS=INITIATE       18 CALLS        3264 TOTAL
                     EDM= unknown      STRATEGY= 1      NO ERROR MATRIX       
  EXT PARAMETER               CURRENT GUESS       STEP         FIRST   
  NO.   NAME      VALUE            ERROR          SIZE      DERIVATIVE 
   1  N0           2.91143e+06     fixed    
   2  tau          6.44099e+01   constant   
   3  A0           3.52291e-01     fixed    
   4  phi          4.11553e+00     fixed    
   5  R           -6.16610e+01   constant   
   6  alpha_CBO   -4.59629e-04     fixed    
   7  w_CBO        2.32500e+00   constant   
   8  beta_CBO     0.00000e+00   1.00000e-03   1.00000e-03   5.14552e+03
   9  alpha_2CBO   0.00000e+00   1.00000e-03   1.00000e-03   9.93736e+02
  10  beta_2CBO   -1.77857e-04     fixed    
  11  alpha_y      0.00000e+00     fixed    
  12  w_y          1.38860e+01   constant   
  13  beta_y      -1.45610e-03     fixed    
  14  alpha_vw     0.00000e+00     fixed    
  15  w_vw         1.43404e+01   constant   
  16  beta_vw      0.00000e+00     fixed    
  17  LM           1.71412e-04   constant   
  18  zeta_y       0.00000e+00   constant   
  19  zeta_vw      0.00000e+00   constant   
  20  T_CBO        1.80266e+01   1.93915e+00   1.20370e-04  -4.78345e+00
  21  alpha_A0    -1.33716e+06   2.58724e+06  -1.90951e+04  -3.99703e-08
  22  beta_A0     -3.66623e+06   7.09339e+06  -5.23527e+04  -1.28019e-08
  23  alpha_phi    4.66022e+05   9.01665e+05   6.65486e+03  -2.40318e-11
  24  beta_phi    -3.00957e+06   5.82274e+06  -4.29747e+04   5.79233e-08
 CALL LIMIT EXCEEDED IN MIGRAD.
 MIGRAD TERMINATED WITHOUT CONVERGENCE.
 FCN=57.9844 FROM MIGRAD    STATUS=CALL LIMIT   1153 CALLS        4399 TOTAL
                     EDM=0.0022491    STRATEGY= 1  ERROR MATRIX UNCERTAINTY   7.8 per cent
  EXT PARAMETER                APPROXIMATE        STEP         FIRST   
  NO.   NAME      VALUE            ERROR          SIZE      DERIVATIVE 
   1  N0           2.91143e+06     fixed    
   2  tau          6.44099e+01   constant   
   3  A0           3.52291e-01     fixed    
   4  phi          4.11553e+00     fixed    
   5  R           -6.16610e+01   constant   
   6  alpha_CBO   -4.59629e-04     fixed    
   7  w_CBO        2.32500e+00   constant   
   8  beta_CBO    -2.79487e-03   1.01411e-03   4.90077e-05   5.57734e+01
   9  alpha_2CBO  -6.93981e-04   1.02389e-03  -2.48393e-05  -3.48006e+01
  10  beta_2CBO   -1.77857e-04     fixed    
  11  alpha_y      0.00000e+00     fixed    
  12  w_y          1.38860e+01   constant   
  13  beta_y      -1.45610e-03     fixed    
  14  alpha_vw     0.00000e+00     fixed    
  15  w_vw         1.43404e+01   constant   
  16  beta_vw      0.00000e+00     fixed    
  17  LM           1.71412e-04   constant   
  18  zeta_y       0.00000e+00   constant   
  19  zeta_vw      0.00000e+00   constant   
  20  T_CBO        1.21977e+01   1.62493e+00  -4.56984e-04  -3.08316e+01
  21  alpha_A0    -2.71530e+10   8.64614e+10  -3.35011e+09   1.27910e-12
  22  beta_A0     -3.94452e+10   1.25615e+11  -4.86720e+09   1.51912e-12
  23  alpha_phi    1.44501e+10   4.60758e+10   1.78532e+09   8.24040e-13
  24  beta_phi    -5.82958e+10   1.85720e+11  -7.19613e+09   1.09208e-12
 EXTERNAL ERROR MATRIX.    NDIM=  25    NPAR=  7    ERR DEF=1
  1.028e-06  3.832e-08  4.081e-05 -7.751e+06 -1.126e+07  4.131e+06 -1.665e+07 
  3.832e-08  1.048e-06 -3.152e-05  4.422e+06  6.423e+06 -2.356e+06  9.497e+06 
  4.081e-05 -3.152e-05  2.641e+00  1.366e+11  1.984e+11 -7.277e+10  2.933e+11 
 -7.751e+06  4.422e+06  1.366e+11  7.476e+21  1.086e+22 -3.984e+21  1.606e+22 
 -1.126e+07  6.423e+06  1.984e+11  1.086e+22  1.578e+22 -5.788e+21  2.333e+22 
  4.131e+06 -2.356e+06 -7.277e+10 -3.984e+21 -5.788e+21  2.123e+21 -8.557e+21 
 -1.665e+07  9.497e+06  2.933e+11  1.606e+22  2.333e+22 -8.557e+21  3.449e+22 
ERR MATRIX APPROXIMATE
 PARAMETER  CORRELATION COEFFICIENTS  
       NO.  GLOBAL      8      9     20     21     22     23     24
        8  0.52218   1.000  0.037  0.025 -0.088 -0.088  0.088 -0.088
        9  0.39000   0.037  1.000 -0.019  0.050  0.050 -0.050  0.050
       20  0.98314   0.025 -0.019  1.000  0.972  0.972 -0.972  0.972
       21  1.00000  -0.088  0.050  0.972  1.000  1.000 -1.000  1.000
       22  1.00000  -0.088  0.050  0.972  1.000  1.000 -1.000  1.000
       23  1.00000   0.088 -0.050 -0.972 -1.000 -1.000  1.000 -1.000
       24  1.00000  -0.088  0.050  0.972  1.000  1.000 -1.000  1.000
 ERR MATRIX APPROXIMATE
MINUIT - FIT wiggle + 1-CBO + 2-CBO
 **********
 **   42 **RES 
 **********
                   PARAMETER   16  beta_vw RESTORED TO VARIABLE.
                   PARAMETER   14  alpha_vw RESTORED TO VARIABLE.
                   PARAMETER   13  beta_y RESTORED TO VARIABLE.
                   PARAMETER   11  alpha_y RESTORED TO VARIABLE.
                   PARAMETER   10  beta_2CBO RESTORED TO VARIABLE.
                   PARAMETER    6  alpha_CBO RESTORED TO VARIABLE.
                   PARAMETER    4  phi RESTORED TO VARIABLE.
                   PARAMETER    3  A0 RESTORED TO VARIABLE.
                   PARAMETER    1  N0 RESTORED TO VARIABLE.
 **********
 **   43 **FIX           10
 **********
 **********
 **   44 **FIX           11
 **********
 **********
 **   45 **FIX           12
 **********
 PARAMETER   12  IS CONSTANT.   IGNORED.
 **********
 **   46 **FIX           13
 **********
 **********
 **   47 **FIX           14
 **********
 **********
 **   48 **FIX           15
 **********
 PARAMETER   15  IS CONSTANT.   IGNORED.
 **********
 **   49 **FIX           16
 **********
 **********
 **   50 **MIGRAD
 **********
 START MIGRAD MINIMIZATION.  STRATEGY  1.  CONVERGENCE WHEN EDM .LT. 1.00e-04
 FCN=57.9844 FROM MIGRAD    STATUS=INITIATE       51 CALLS        4450 TOTAL
                     EDM= unknown      STRATEGY= 1      NO ERROR MATRIX       
  EXT PARAMETER               CURRENT GUESS       STEP         FIRST   
  NO.   NAME      VALUE            ERROR          SIZE      DERIVATIVE 
   1  N0           2.91143e+06   2.05583e+03   0.00000e+00  -2.57325e-04
   2  tau          6.44099e+01   constant   
   3  A0           3.52291e-01   9.88207e-04   0.00000e+00  -1.06379e+03
   4  phi          4.11553e+00   3.04000e-03   0.00000e+00   2.00310e+02
   5  R           -6.16610e+01   constant   
   6  alpha_CBO   -4.59629e-04   1.03510e-03   0.00000e+00  -2.58447e+02
   7  w_CBO        2.32500e+00   constant   
   8  beta_CBO    -2.79487e-03   1.01411e-03   0.00000e+00   5.57770e+01
   9  alpha_2CBO  -6.93981e-04   1.02389e-03   0.00000e+00  -3.47377e+01
  10  beta_2CBO   -1.77857e-04     fixed    
  11  alpha_y      0.00000e+00     fixed    
  12  w_y          1.38860e+01   constant   
  13  beta_y      -1.45610e-03     fixed    
  14  alpha_vw     0.00000e+00     fixed    
  15  w_vw         1.43404e+01   constant   
  16  beta_vw      0.00000e+00     fixed    
  17  LM           1.71412e-04   constant   
  18  zeta_y       0.00000e+00   constant   
  19  zeta_vw      0.00000e+00   constant   
  20  T_CBO        1.21977e+01   1.62493e+00   0.00000e+00  -3.07783e+01
  21  alpha_A0    -2.71660e+10   8.64614e+10  -1.29476e+07   1.27196e-12
  22  beta_A0     -3.94452e+10   1.25615e+11   0.00000e+00   1.51851e-12
  23  alpha_phi    1.44501e+10   4.60758e+10   0.00000e+00   8.23715e-13
  24  beta_phi    -5.82958e+10   1.85720e+11   0.00000e+00   1.09196e-12
 MIGRAD MINIMIZATION HAS CONVERGED.
 MIGRAD WILL VERIFY CONVERGENCE AND ERROR MATRIX.
 COVARIANCE MATRIX CALCULATED SUCCESSFULLY
 FCN=57.4722 FROM MIGRAD    STATUS=CONVERGED     441 CALLS        4840 TOTAL
                     EDM=9.15256e-08    STRATEGY= 1      ERROR MATRIX ACCURATE 
  EXT PARAMETER                                   STEP         FIRST   
  NO.   NAME      VALUE            ERROR          SIZE      DERIVATIVE 
   1  N0           2.91199e+06   1.41421e+00   7.46615e+00  -1.59865e-08
   2  tau          6.44099e+01   constant   
   3  A0           3.52874e-01   1.01411e-03   3.69877e-06   6.83482e-02
   4  phi          4.11448e+00   3.05937e-03   1.10863e-05   4.11764e-02
   5  R           -6.16610e+01   constant   
   6  alpha_CBO   -3.42951e-04   1.06396e-03   3.87077e-06  -2.31862e-02
   7  w_CBO        2.32500e+00   constant   
   8  beta_CBO    -3.01387e-03   1.06694e-03   3.85478e-06   1.96959e-02
   9  alpha_2CBO  -7.14610e-04   1.03955e-03   3.84039e-06   3.07501e-01
  10  beta_2CBO   -1.77857e-04     fixed    
  11  alpha_y      0.00000e+00     fixed    
  12  w_y          1.38860e+01   constant   
  13  beta_y      -1.45610e-03     fixed    
  14  alpha_vw     0.00000e+00     fixed    
  15  w_vw         1.43404e+01   constant   
  16  beta_vw      0.00000e+00     fixed    
  17  LM           1.71412e-04   constant   
  18  zeta_y       0.00000e+00   constant   
  19  zeta_vw      0.00000e+00   constant   
  20  T_CBO        1.22297e+01   2.98541e-01   9.94448e-06  -7.68294e-02
  21  alpha_A0    -3.17193e+10   1.41421e+00   1.51250e+04   4.87376e-13
  22  beta_A0     -3.50501e+10   1.41421e+00   1.67132e+04   5.10939e-13
  23  alpha_phi    1.19285e+10   1.41421e+00   5.68793e+03  -1.35589e-14
  24  beta_phi    -5.27337e+10   1.41421e+00   2.51454e+04   1.16429e-14
 EXTERNAL ERROR MATRIX.    NDIM=  25    NPAR= 11    ERR DEF=1
  2.000e+00 
 -4.278e-08  1.028e-06 
 -2.630e-07 -1.485e-07  9.360e-06 
  3.580e-08  3.063e-08  6.871e-07  1.132e-06 
 -8.059e-08 -2.266e-07  3.039e-07 -2.779e-08  1.138e-06 
 -4.296e-09 -1.040e-08  1.374e-07  2.549e-08  2.754e-08  1.081e-06 
  1.008e-05 -1.048e-05  5.121e-05  1.845e-05  3.551e-05 -4.011e-05  8.913e-02 
  7.392e-15 -6.488e-15  1.772e-14 -1.631e-15  4.301e-15  3.608e-15  4.965e-12  2.000e+00 
  4.812e-15 -2.509e-15 -1.190e-14  4.577e-16 -3.792e-15 -5.066e-15  5.372e-12  2.028e-19  2.000e+00 
  1.746e-15 -4.069e-15 -1.986e-14 -4.568e-15 -1.899e-15  1.241e-15 -1.931e-12  1.675e-20  1.054e-20  2.000e+00 
 -7.253e-15  4.578e-15 -7.432e-15 -3.664e-16 -4.424e-16  1.444e-15  8.524e-12  6.400e-21  4.107e-21  9.266e-21  2.000e+00 
 PARAMETER  CORRELATION COEFFICIENTS  
       NO.  GLOBAL      1      3      4      6      8      9     20     21     22     23     24
        1  0.00010   1.000 -0.000 -0.000  0.000 -0.000 -0.000  0.000  0.000  0.000  0.000 -0.000
        3  0.21391  -0.000  1.000 -0.048  0.028 -0.209 -0.010 -0.035 -0.000 -0.000 -0.000  0.000
        4  0.24098  -0.000 -0.048  1.000  0.211  0.093  0.043  0.056  0.000 -0.000 -0.000 -0.000
        6  0.22491   0.000  0.028  0.211  1.000 -0.024  0.023  0.058 -0.000  0.000 -0.000 -0.000
        8  0.25233  -0.000 -0.209  0.093 -0.024  1.000  0.025  0.111  0.000 -0.000 -0.000 -0.000
        9  0.14501  -0.000 -0.010  0.043  0.023  0.025  1.000 -0.129  0.000 -0.000  0.000  0.000
       20  0.18868   0.000 -0.035  0.056  0.058  0.111 -0.129  1.000  0.000  0.000 -0.000  0.000
       21  0.00000   0.000 -0.000  0.000 -0.000  0.000  0.000  0.000  1.000  0.000  0.000  0.000
       22  0.00000   0.000 -0.000 -0.000  0.000 -0.000 -0.000  0.000  0.000  1.000  0.000  0.000
       23  0.00000   0.000 -0.000 -0.000 -0.000 -0.000  0.000 -0.000  0.000  0.000  1.000  0.000
       24  0.00000  -0.000  0.000 -0.000 -0.000 -0.000  0.000  0.000  0.000  0.000  0.000  1.000
MINUIT - FIT ONLY 1-y
 **********
 **   51 **RES 
 **********
                   PARAMETER   16  beta_vw RESTORED TO VARIABLE.
                   PARAMETER   14  alpha_vw RESTORED TO VARIABLE.
                   PARAMETER   13  beta_y RESTORED TO VARIABLE.
                   PARAMETER   11  alpha_y RESTORED TO VARIABLE.
                   PARAMETER   10  beta_2CBO RESTORED TO VARIABLE.
 **********
 **   52 **FIX            0
 **********
 PARAMETER    0  IS UNDEFINED. IGNORED.
 **********
 **   53 **FIX            1
 **********
 **********
 **   54 **FIX            2
 **********
 PARAMETER    2  IS CONSTANT.   IGNORED.
 **********
 **   55 **FIX            3
 **********
 **********
 **   56 **FIX            4
 **********
 **********
 **   57 **FIX            5
 **********
 PARAMETER    5  IS CONSTANT.   IGNORED.
 **********
 **   58 **FIX            6
 **********
 **********
 **   59 **FIX            7
 **********
 PARAMETER    7  IS CONSTANT.   IGNORED.
 **********
 **   60 **FIX            8
 **********
 **********
 **   61 **FIX            9
 **********
 **********
 **   62 **FIX           13
 **********
 **********
 **   63 **FIX           14
 **********
 **********
 **   64 **FIX           15
 **********
 PARAMETER   15  IS CONSTANT.   IGNORED.
 **********
 **   65 **FIX           16
 **********
 **********
 **   66 **MIGRAD
 **********
 START MIGRAD MINIMIZATION.  STRATEGY  1.  CONVERGENCE WHEN EDM .LT. 1.00e-04
 FCN=57.4722 FROM MIGRAD    STATUS=INITIATE      100 CALLS        4940 TOTAL
                     EDM= unknown      STRATEGY= 1      NO ERROR MATRIX       
  EXT PARAMETER               CURRENT GUESS       STEP         FIRST   
  NO.   NAME      VALUE            ERROR          SIZE      DERIVATIVE 
   1  N0           2.91199e+06     fixed    
   2  tau          6.44099e+01   constant   
   3  A0           3.52874e-01     fixed    
   4  phi          4.11448e+00     fixed    
   5  R           -6.16610e+01   constant   
   6  alpha_CBO   -3.42951e-04     fixed    
   7  w_CBO        2.32500e+00   constant   
   8  beta_CBO    -3.01387e-03     fixed    
   9  alpha_2CBO  -7.14610e-04     fixed    
  10  beta_2CBO   -1.77857e-04   1.00860e-03   0.00000e+00   3.14675e+02
  11  alpha_y      0.00000e+00   1.00000e-03   0.00000e+00  -1.34384e+03
  12  w_y          1.38860e+01   constant   
  13  beta_y      -1.45610e-03     fixed    
  14  alpha_vw     0.00000e+00     fixed    
  15  w_vw         1.43404e+01   constant   
  16  beta_vw      0.00000e+00     fixed    
  17  LM           1.71412e-04   constant   
  18  zeta_y       0.00000e+00   constant   
  19  zeta_vw      0.00000e+00   constant   
  20  T_CBO        1.22297e+01   2.98541e-01   0.00000e+00   2.77344e-01
  21  alpha_A0    -3.17193e+10   1.41421e+00   0.00000e+00   4.88917e-13
  22  beta_A0     -3.51002e+10   1.41421e+00   0.00000e+00   4.75859e-13
  23  alpha_phi    1.19341e+10   1.41421e+00   5.68793e+06  -9.36961e-15
  24  beta_phi    -5.27337e+10   1.41421e+00   0.00000e+00   1.16077e-14
 MIGRAD MINIMIZATION HAS CONVERGED.
 MIGRAD WILL VERIFY CONVERGENCE AND ERROR MATRIX.
 COVARIANCE MATRIX CALCULATED SUCCESSFULLY
 FCN=56.9523 FROM MIGRAD    STATUS=CONVERGED     213 CALLS        5053 TOTAL
                     EDM=3.75644e-06    STRATEGY= 1      ERROR MATRIX ACCURATE 
  EXT PARAMETER                                   STEP         FIRST   
  NO.   NAME      VALUE            ERROR          SIZE      DERIVATIVE 
   1  N0           2.91199e+06     fixed    
   2  tau          6.44099e+01   constant   
   3  A0           3.52874e-01     fixed    
   4  phi          4.11448e+00     fixed    
   5  R           -6.16610e+01   constant   
   6  alpha_CBO   -3.42951e-04     fixed    
   7  w_CBO        2.32500e+00   constant   
   8  beta_CBO    -3.01387e-03     fixed    
   9  alpha_2CBO  -7.14610e-04     fixed    
  10  beta_2CBO   -3.66556e-04   1.05387e-03   3.86815e-06   1.87140e+00
  11  alpha_y      7.28267e-04   1.03985e-03   3.86462e-06  -1.70020e+00
  12  w_y          1.38860e+01   constant   
  13  beta_y      -1.45610e-03     fixed    
  14  alpha_vw     0.00000e+00     fixed    
  15  w_vw         1.43404e+01   constant   
  16  beta_vw      0.00000e+00     fixed    
  17  LM           1.71412e-04   constant   
  18  zeta_y       0.00000e+00   constant   
  19  zeta_vw      0.00000e+00   constant   
  20  T_CBO        1.22463e+01   2.89647e-01   9.67470e-06  -1.55607e-01
  21  alpha_A0    -3.17352e+10   1.41421e+00   1.51325e+04   5.51262e-13
  22  beta_A0     -3.51188e+10   1.41421e+00   1.67459e+04   5.93842e-13
  23  alpha_phi    1.39603e+10   1.41421e+00   6.65678e+03   3.10004e-14
  24  beta_phi    -5.09866e+10   1.41421e+00   2.43123e+04  -4.87723e-14
 EXTERNAL ERROR MATRIX.    NDIM=  25    NPAR=  7    ERR DEF=1
  1.111e-06 -7.805e-09 -4.821e-05  1.580e-16  2.897e-15 -6.834e-15 -3.857e-15 
 -7.805e-09  1.081e-06  5.144e-06 -3.782e-16  4.279e-17  1.068e-15  4.787e-16 
 -4.821e-05  5.144e-06  8.390e-02  4.708e-12  5.183e-12 -1.834e-12  8.781e-12 
  1.580e-16 -3.782e-16  4.708e-12  2.000e+00 -2.040e-19  1.427e-21 -2.865e-21 
  2.897e-15  4.279e-17  5.183e-12 -2.040e-19  2.000e+00 -2.579e-21 -2.278e-21 
 -6.834e-15  1.068e-15 -1.834e-12  1.427e-21 -2.579e-21  2.000e+00 -3.011e-21 
 -3.857e-15  4.787e-16  8.781e-12 -2.865e-21 -2.278e-21 -3.011e-21  2.000e+00 
 PARAMETER  CORRELATION COEFFICIENTS  
       NO.  GLOBAL     10     11     20     21     22     23     24
       10  0.15799   1.000 -0.007 -0.158  0.000  0.000 -0.000 -0.000
       11  0.01766  -0.007  1.000  0.017 -0.000  0.000  0.000  0.000
       20  0.15873  -0.158  0.017  1.000  0.000  0.000 -0.000  0.000
       21  0.00000   0.000 -0.000  0.000  1.000 -0.000  0.000 -0.000
       22  0.00000   0.000  0.000  0.000 -0.000  1.000 -0.000 -0.000
       23  0.00000  -0.000  0.000 -0.000  0.000 -0.000  1.000 -0.000
       24  0.00000  -0.000  0.000  0.000 -0.000 -0.000 -0.000  1.000
MINUIT - FIT ONLY 2-y
 **********
 **   67 **RES 
 **********
                   PARAMETER   16  beta_vw RESTORED TO VARIABLE.
                   PARAMETER   14  alpha_vw RESTORED TO VARIABLE.
                   PARAMETER   13  beta_y RESTORED TO VARIABLE.
                   PARAMETER    9  alpha_2CBO RESTORED TO VARIABLE.
                   PARAMETER    8  beta_CBO RESTORED TO VARIABLE.
                   PARAMETER    6  alpha_CBO RESTORED TO VARIABLE.
                   PARAMETER    4  phi RESTORED TO VARIABLE.
                   PARAMETER    3  A0 RESTORED TO VARIABLE.
                   PARAMETER    1  N0 RESTORED TO VARIABLE.
 **********
 **   68 **FIX            0
 **********
 PARAMETER    0  IS UNDEFINED. IGNORED.
 **********
 **   69 **FIX            1
 **********
 **********
 **   70 **FIX            2
 **********
 PARAMETER    2  IS CONSTANT.   IGNORED.
 **********
 **   71 **FIX            3
 **********
 **********
 **   72 **FIX            4
 **********
 **********
 **   73 **FIX            5
 **********
 PARAMETER    5  IS CONSTANT.   IGNORED.
 **********
 **   74 **FIX            6
 **********
 **********
 **   75 **FIX            7
 **********
 PARAMETER    7  IS CONSTANT.   IGNORED.
 **********
 **   76 **FIX            8
 **********
 **********
 **   77 **FIX            9
 **********
 **********
 **   78 **FIX           10
 **********
 **********
 **   79 **FIX           11
 **********
 **********
 **   80 **FIX           12
 **********
 PARAMETER   12  IS CONSTANT.   IGNORED.
 **********
 **   81 **FIX           16
 **********
 **********
 **   82 **MIGRAD
 **********
 START MIGRAD MINIMIZATION.  STRATEGY  1.  CONVERGENCE WHEN EDM .LT. 1.00e-04
 FCN=56.9523 FROM MIGRAD    STATUS=INITIATE       58 CALLS        5111 TOTAL
                     EDM= unknown      STRATEGY= 1      NO ERROR MATRIX       
  EXT PARAMETER               CURRENT GUESS       STEP         FIRST   
  NO.   NAME      VALUE            ERROR          SIZE      DERIVATIVE 
   1  N0           2.91199e+06     fixed    
   2  tau          6.44099e+01   constant   
   3  A0           3.52874e-01     fixed    
   4  phi          4.11448e+00     fixed    
   5  R           -6.16610e+01   constant   
   6  alpha_CBO   -3.42951e-04     fixed    
   7  w_CBO        2.32500e+00   constant   
   8  beta_CBO    -3.01387e-03     fixed    
   9  alpha_2CBO  -7.14610e-04     fixed    
  10  beta_2CBO   -3.66556e-04     fixed    
  11  alpha_y      7.28267e-04     fixed    
  12  w_y          1.38860e+01   constant   
  13  beta_y      -1.45610e-03   1.00977e-03   0.00000e+00  -4.91219e+01
  14  alpha_vw     0.00000e+00   1.00000e-03   0.00000e+00  -7.00523e+02
  15  w_vw         1.43404e+01   constant   
  16  beta_vw      0.00000e+00     fixed    
  17  LM           1.71412e-04   constant   
  18  zeta_y       0.00000e+00   constant   
  19  zeta_vw      0.00000e+00   constant   
  20  T_CBO        1.22463e+01   2.89647e-01   0.00000e+00   3.93465e-02
  21  alpha_A0    -3.17655e+10   1.41421e+00  -1.51397e+07   5.31256e-13
  22  beta_A0     -3.51188e+10   1.41421e+00   0.00000e+00   5.91782e-13
  23  alpha_phi    1.39603e+10   1.41421e+00   0.00000e+00   3.01785e-14
  24  beta_phi    -5.09866e+10   1.41421e+00   0.00000e+00  -4.91580e-14
 CALL LIMIT EXCEEDED IN MIGRAD.
 MIGRAD TERMINATED WITHOUT CONVERGENCE.
 FCN=56.5801 FROM MIGRAD    STATUS=CALL LIMIT   1158 CALLS        6211 TOTAL
                     EDM=0.00942102    STRATEGY= 1  ERROR MATRIX UNCERTAINTY  22.8 per cent
  EXT PARAMETER                APPROXIMATE        STEP         FIRST   
  NO.   NAME      VALUE            ERROR          SIZE      DERIVATIVE 
   1  N0           2.91199e+06     fixed    
   2  tau          6.44099e+01   constant   
   3  A0           3.52874e-01     fixed    
   4  phi          4.11448e+00     fixed    
   5  R           -6.16610e+01   constant   
   6  alpha_CBO   -3.42951e-04     fixed    
   7  w_CBO        2.32500e+00   constant   
   8  beta_CBO    -3.01387e-03     fixed    
   9  alpha_2CBO  -7.14610e-04     fixed    
  10  beta_2CBO   -3.66556e-04     fixed    
  11  alpha_y      7.28267e-04     fixed    
  12  w_y          1.38860e+01   constant   
  13  beta_y      -1.53390e-03   1.06735e-03  -2.35147e-06  -3.08278e+00
  14  alpha_vw     3.75534e-04   1.05524e-03   2.09674e-05  -3.60430e+01
  15  w_vw         1.43404e+01   constant   
  16  beta_vw      0.00000e+00     fixed    
  17  LM           1.71412e-04   constant   
  18  zeta_y       0.00000e+00   constant   
  19  zeta_vw      0.00000e+00   constant   
  20  T_CBO        9.80689e+00   6.06433e-01   7.46856e-06   2.00093e+01
  21  alpha_A0    -6.95413e+13   1.63822e+14  -2.48432e+12  -2.02688e-15
  22  beta_A0     -7.36157e+13   1.72517e+14  -2.61386e+12  -1.44807e-15
  23  alpha_phi    2.58303e+13   6.06785e+13   9.19935e+11   4.37197e-16
  24  beta_phi    -8.65130e+13   2.04090e+14  -3.09844e+12   2.77545e-15
 EXTERNAL ERROR MATRIX.    NDIM=  25    NPAR=  7    ERR DEF=1
  1.139e-06 -2.966e-07 -1.513e-05 -3.767e+09 -3.970e+09  1.396e+09 -4.693e+09 
 -2.966e-07  1.114e-06  2.363e-05  5.874e+09  6.189e+09 -2.177e+09  7.319e+09 
 -1.513e-05  2.363e-05  3.678e-01  9.536e+13  1.004e+14 -3.532e+13  1.188e+14 
 -3.767e+09  5.874e+09  9.536e+13  2.684e+28  2.826e+28 -9.940e+27  3.343e+28 
 -3.970e+09  6.189e+09  1.004e+14  2.826e+28  2.976e+28 -1.047e+28  3.521e+28 
  1.396e+09 -2.177e+09 -3.532e+13 -9.940e+27 -1.047e+28  3.682e+27 -1.238e+28 
 -4.693e+09  7.319e+09  1.188e+14  3.343e+28  3.521e+28 -1.238e+28  4.165e+28 
ERR MATRIX APPROXIMATE
 PARAMETER  CORRELATION COEFFICIENTS  
       NO.  GLOBAL     13     14     20     21     22     23     24
       13  0.26405   1.000 -0.263 -0.023 -0.022 -0.022  0.022 -0.022
       14  0.26583  -0.263  1.000  0.037  0.034  0.034 -0.034  0.034
       20  0.97760  -0.023  0.037  1.000  0.960  0.960 -0.960  0.960
       21  1.00000  -0.022  0.034  0.960  1.000  1.000 -1.000  1.000
       22  1.00000  -0.022  0.034  0.960  1.000  1.000 -1.000  1.000
       23  1.00000   0.022 -0.034 -0.960 -1.000 -1.000  1.000 -1.000
