 + ++++++++++++++++++++++++++++++++++++++++++++++++++++++++++++++++++++ +
 +                                                                      +
 +           You have chose to blind your fitting according to          +
 +                omega_ref * (1 + (R +/- deltaR) *10^{-6})             +
 +                                                                      +
 + ++++++++++++++++++++++++++++++++++++++++++++++++++++++++++++++++++++ +
In main()...
reading format from /gm2data/zkhechad/run45/envelope/formats/formatB_sBin_constraintOn.txt
pBinTau 	= 0  
pBinPhi 	= 0  
constraintau 	= 1 
includeMopTerm 	= 0    
constrainMop    = 0   
Parameters after format file: pBinTau 0 pBinPhi 0 constraintau 1 includeMopTerm 0 constrainMop 0 c_e_scale 0.000000 
Opening file /gm2data/tbarrett/gm2fr/studies/run23_bunch_corrections/CorrectedFourier_Run3b.root.
reading full fit data from /gm2data/zkhechad/cboTemplates/Run4CBOTemplates/templateFits0_v2.0/noRF/sBin_constraintOn_cE0.0_seed0_noRF_calo21.root
windowBins = 17
fitting sliding window 144 from bin 280 at 41.626800 to bin 297 at 44.312400 (17 bins)

Reading data from /gm2data/cornell/histograms/aMethod/histogram_a_noRF.root
 **********
 **    1 **SET PRINTOUT            1
 **********
 **********
 **    2 **SET NOWARNINGS 
 **********
 PARAMETER DEFINITIONS:
    NO.   NAME         VALUE      STEP SIZE      LIMITS
     1 N0           2.83546e+06  1.00000e+02     no limits
     2 tau          6.43976e+01  constant
     3 A0           3.54104e-01  1.00000e-04     no limits
     4 phi          4.11635e+00  1.00000e-02     no limits
     5 R           -5.94693e+01  constant
     6 alpha_CBO    0.00000e+00  1.00000e-03     no limits
     7 w_CBO        2.32500e+00  constant
     8 beta_CBO     0.00000e+00  1.00000e-03     no limits
     9 alpha_2CBO   0.00000e+00  1.00000e-03     no limits
    10 beta_2CBO    0.00000e+00  1.00000e-03     no limits
    11 alpha_y      0.00000e+00  1.00000e-03     no limits
    12 w_y          1.44500e+01  constant
    13 beta_y       0.00000e+00  1.00000e-03     no limits
    14 alpha_vw     0.00000e+00  1.00000e-03     no limits
    15 w_vw         1.29000e+01  constant
    16 beta_vw      0.00000e+00  1.00000e-03     no limits
    17 LM          -2.20020e-04  constant
    18 zeta_y       0.00000e+00  constant
    19 zeta_vw      0.00000e+00  constant
    20 T_CBO        1.00000e+02  1.00000e+00    0.00000e+00  1.00000e+03
    21 alpha_A0     0.00000e+00  1.00000e-03     no limits
    22 beta_A0      0.00000e+00  1.00000e-03     no limits
    23 alpha_phi    0.00000e+00  1.00000e-03     no limits
    24 beta_phi     0.00000e+00  1.00000e-03     no limits
MINUIT - FIT ONLY WIGGLE
 **********
 **    3 **FIX            5
 **********
 PARAMETER    5  IS CONSTANT.   IGNORED.
 **********
 **    4 **FIX            6
 **********
 **********
 **    5 **FIX            7
 **********
 PARAMETER    7  IS CONSTANT.   IGNORED.
 **********
 **    6 **FIX            8
 **********
 **********
 **    7 **FIX            9
 **********
 **********
 **    8 **FIX           10
 **********
 **********
 **    9 **FIX           11
 **********
 **********
 **   10 **FIX           12
 **********
 PARAMETER   12  IS CONSTANT.   IGNORED.
 **********
 **   11 **FIX           13
 **********
 **********
 **   12 **FIX           14
 **********
 **********
 **   13 **FIX           15
 **********
 PARAMETER   15  IS CONSTANT.   IGNORED.
 **********
 **   14 **FIX           16
 **********
 **********
 **   15 **MIGRAD
 **********
 FIRST CALL TO USER FUNCTION AT NEW START POINT, WITH IFLAG=4.
 START MIGRAD MINIMIZATION.  STRATEGY  1.  CONVERGENCE WHEN EDM .LT. 1.00e-04
 FCN=4173.48 FROM MIGRAD    STATUS=INITIATE      429 CALLS         430 TOTAL
                     EDM= unknown      STRATEGY= 1      NO ERROR MATRIX       
  EXT PARAMETER               CURRENT GUESS       STEP         FIRST   
  NO.   NAME      VALUE            ERROR          SIZE      DERIVATIVE 
   1  N0           2.83546e+06   1.00000e+02   0.00000e+00   1.81291e-02
   2  tau          6.43976e+01   constant   
   3  A0           3.54104e-01   1.00000e-04   0.00000e+00  -1.03772e+05
   4  phi          4.11635e+00   1.00000e-02   0.00000e+00   1.72384e+05
   5  R           -5.94693e+01   constant   
   6  alpha_CBO    0.00000e+00     fixed    
   7  w_CBO        2.32500e+00   constant   
   8  beta_CBO     0.00000e+00     fixed    
   9  alpha_2CBO   0.00000e+00     fixed    
  10  beta_2CBO    0.00000e+00     fixed    
  11  alpha_y      0.00000e+00     fixed    
  12  w_y          1.44500e+01   constant   
  13  beta_y       0.00000e+00     fixed    
  14  alpha_vw     0.00000e+00     fixed    
  15  w_vw         1.29000e+01   constant   
  16  beta_vw      0.00000e+00     fixed    
  17  LM          -2.20020e-04   constant   
  18  zeta_y       0.00000e+00   constant   
  19  zeta_vw      0.00000e+00   constant   
  20  T_CBO        1.00000e+02   1.00000e+00   0.00000e+00   0.00000e+00
  21  alpha_A0     0.00000e+00   1.00000e-03   0.00000e+00   6.09785e+04
  22  beta_A0      0.00000e+00   1.00000e-03   0.00000e+00  -2.62025e+04
  23  alpha_phi    0.00000e+00   1.00000e-03   0.00000e+00   6.21405e+04
  24  beta_phi     0.00000e+00   1.00000e-03   0.00000e+00  -2.13776e+03
 CALL LIMIT EXCEEDED IN MIGRAD.
 MIGRAD TERMINATED WITHOUT CONVERGENCE.
 FCN=88.1954 FROM MIGRAD    STATUS=CALL LIMIT   1335 CALLS        1336 TOTAL
                     EDM=0.519796    STRATEGY= 1  ERROR MATRIX UNCERTAINTY  17.7 per cent
  EXT PARAMETER                APPROXIMATE        STEP         FIRST   
  NO.   NAME      VALUE            ERROR          SIZE      DERIVATIVE 
   1  N0           2.88323e+06   6.59803e+03   1.98195e+03   2.44979e-03
   2  tau          6.43976e+01   constant   
   3  A0           3.73909e-01   2.93126e-03   5.77901e-04  -1.10856e+03
   4  phi          4.06976e+00   3.78517e-03   1.52484e-03   2.01248e+03
   5  R           -5.94693e+01   constant   
   6  alpha_CBO    0.00000e+00     fixed    
   7  w_CBO        2.32500e+00   constant   
   8  beta_CBO     0.00000e+00     fixed    
   9  alpha_2CBO   0.00000e+00     fixed    
  10  beta_2CBO    0.00000e+00     fixed    
  11  alpha_y      0.00000e+00     fixed    
  12  w_y          1.44500e+01   constant   
  13  beta_y       0.00000e+00     fixed    
  14  alpha_vw     0.00000e+00     fixed    
  15  w_vw         1.29000e+01   constant   
  16  beta_vw      0.00000e+00     fixed    
  17  LM          -2.20020e-04   constant   
  18  zeta_y       0.00000e+00   constant   
  19  zeta_vw      0.00000e+00   constant   
  20  T_CBO        3.08485e+01   8.97153e-01  -9.05202e-04  -1.83267e+02
  21  alpha_A0    -6.82333e-02   3.46922e-02  -1.25270e-02   1.73672e+02
  22  beta_A0      4.27681e-01   5.93515e-02   1.48759e-02   1.96918e+02
  23  alpha_phi    3.44917e-01   5.61941e-02   1.27540e-02  -1.82768e+02
  24  beta_phi     8.30287e-02   4.11149e-02   1.40076e-02  -4.19606e+02
 EXTERNAL ERROR MATRIX.    NDIM=  25    NPAR=  8    ERR DEF=1
  4.353e+07  1.335e+01  1.910e+01 -5.624e+03 -2.159e+02  3.504e+02  3.290e+02  2.637e+02 
  1.335e+01  8.592e-06  2.066e-06 -1.869e-03 -4.649e-05  1.633e-04  1.548e-04  6.489e-05 
  1.910e+01  2.066e-06  1.433e-05 -2.380e-03 -1.222e-04  1.071e-04  9.590e-05  1.385e-04 
 -5.624e+03 -1.869e-03 -2.380e-03  8.049e-01  2.735e-02 -4.780e-02 -4.528e-02 -3.390e-02 
 -2.159e+02 -4.649e-05 -1.222e-04  2.735e-02  1.204e-03 -1.493e-03 -1.382e-03 -1.414e-03 
  3.504e+02  1.633e-04  1.071e-04 -4.780e-02 -1.493e-03  3.523e-03  3.329e-03  1.930e-03 
  3.290e+02  1.548e-04  9.590e-05 -4.528e-02 -1.382e-03  3.329e-03  3.158e-03  1.795e-03 
  2.637e+02  6.489e-05  1.385e-04 -3.390e-02 -1.414e-03  1.930e-03  1.795e-03  1.690e-03 
ERR MATRIX APPROXIMATE
 PARAMETER  CORRELATION COEFFICIENTS  
       NO.  GLOBAL      1      3      4     20     21     22     23     24
        1  0.99908   1.000  0.690  0.765 -0.950 -0.943  0.895  0.887  0.972
        3  0.99968   0.690  1.000  0.186 -0.711 -0.457  0.938  0.940  0.538
        4  0.99704   0.765  0.186  1.000 -0.701 -0.931  0.477  0.451  0.890
       20  0.99309  -0.950 -0.711 -0.701  1.000  0.879 -0.898 -0.898 -0.919
       21  0.99863  -0.943 -0.457 -0.931  0.879  1.000 -0.725 -0.709 -0.991
       22  0.99991   0.895  0.938  0.477 -0.898 -0.725  1.000  0.998  0.791
       23  0.99938   0.887  0.940  0.451 -0.898 -0.709  0.998  1.000  0.777
       24  0.99958   0.972  0.538  0.890 -0.919 -0.991  0.791  0.777  1.000
 ERR MATRIX APPROXIMATE
MINUIT - FIT ONLY 1-CBO + wiggle
 **********
 **   16 **RES 
 **********
                   PARAMETER   16  beta_vw RESTORED TO VARIABLE.
                   PARAMETER   14  alpha_vw RESTORED TO VARIABLE.
                   PARAMETER   13  beta_y RESTORED TO VARIABLE.
                   PARAMETER   11  alpha_y RESTORED TO VARIABLE.
                   PARAMETER   10  beta_2CBO RESTORED TO VARIABLE.
                   PARAMETER    9  alpha_2CBO RESTORED TO VARIABLE.
                   PARAMETER    8  beta_CBO RESTORED TO VARIABLE.
                   PARAMETER    6  alpha_CBO RESTORED TO VARIABLE.
 **********
 **   17 **FIX            8
 **********
 **********
 **   18 **FIX            9
 **********
 **********
 **   19 **FIX           11
 **********
 **********
 **   20 **FIX           12
 **********
 PARAMETER   12  IS CONSTANT.   IGNORED.
 **********
 **   21 **FIX           14
 **********
 **********
 **   22 **FIX           15
 **********
 PARAMETER   15  IS CONSTANT.   IGNORED.
 **********
 **   23 **FIX           16
 **********
 **********
 **   24 **MIGRAD
 **********
 START MIGRAD MINIMIZATION.  STRATEGY  1.  CONVERGENCE WHEN EDM .LT. 1.00e-04
 FCN=88.1954 FROM MIGRAD    STATUS=INITIATE       28 CALLS        1364 TOTAL
                     EDM= unknown      STRATEGY= 1      NO ERROR MATRIX       
  EXT PARAMETER               CURRENT GUESS       STEP         FIRST   
  NO.   NAME      VALUE            ERROR          SIZE      DERIVATIVE 
   1  N0           2.88323e+06   6.59803e+03   1.98195e+03   2.44979e-03
   2  tau          6.43976e+01   constant   
   3  A0           3.73909e-01   2.93126e-03   5.77901e-04  -1.10856e+03
   4  phi          4.06976e+00   3.78517e-03   1.52484e-03   2.01248e+03
   5  R           -5.94693e+01   constant   
   6  alpha_CBO    0.00000e+00   1.00000e-03   1.00000e-03   1.04507e+03
   7  w_CBO        2.32500e+00   constant   
   8  beta_CBO     0.00000e+00     fixed    
   9  alpha_2CBO   0.00000e+00     fixed    
  10  beta_2CBO    0.00000e+00   1.00000e-03   1.00000e-03   6.53930e+03
  11  alpha_y      0.00000e+00     fixed    
  12  w_y          1.44500e+01   constant   
  13  beta_y       0.00000e+00   1.00000e-03   1.00000e-03  -8.29521e+04
  14  alpha_vw     0.00000e+00     fixed    
  15  w_vw         1.29000e+01   constant   
  16  beta_vw      0.00000e+00     fixed    
  17  LM          -2.20020e-04   constant   
  18  zeta_y       0.00000e+00   constant   
  19  zeta_vw      0.00000e+00   constant   
  20  T_CBO        3.08485e+01   8.97153e-01  -9.05202e-04  -1.83267e+02
  21  alpha_A0    -6.82333e-02   3.46922e-02  -1.25270e-02   1.73672e+02
  22  beta_A0      4.27681e-01   5.93515e-02   1.48759e-02   1.96918e+02
  23  alpha_phi    3.44917e-01   5.61941e-02   1.27540e-02  -1.82768e+02
  24  beta_phi     8.30287e-02   4.11149e-02   1.40076e-02  -4.19606e+02
 CALL LIMIT EXCEEDED IN MIGRAD.
 MIGRAD TERMINATED WITHOUT CONVERGENCE.
 FCN=37.1267 FROM MIGRAD    STATUS=CALL LIMIT   1916 CALLS        3252 TOTAL
                     EDM=0.0211717    STRATEGY= 1  ERROR MATRIX UNCERTAINTY   3.0 per cent
  EXT PARAMETER                APPROXIMATE        STEP         FIRST   
  NO.   NAME      VALUE            ERROR          SIZE      DERIVATIVE 
   1  N0           2.96833e+06   3.06880e+04   1.15786e+03  -4.84371e-05
   2  tau          6.43976e+01   constant   
   3  A0           3.66403e-01   5.99140e-03  -2.03017e-04   6.09605e+02
   4  phi          4.10593e+00   8.25663e-03  -2.00810e-04  -2.26799e+02
   5  R           -5.94693e+01   constant   
   6  alpha_CBO    4.21514e-03   5.56031e-03   1.91815e-04  -4.88223e+02
   7  w_CBO        2.32500e+00   constant   
   8  beta_CBO     0.00000e+00     fixed    
   9  alpha_2CBO   0.00000e+00     fixed    
  10  beta_2CBO    3.74322e-03   1.71798e-03   7.63886e-05   1.73356e+02
  11  alpha_y      0.00000e+00     fixed    
  12  w_y          1.44500e+01   constant   
  13  beta_y       1.16245e-03   1.71859e-04   3.91557e-06   8.28431e+01
  14  alpha_vw     0.00000e+00     fixed    
  15  w_vw         1.29000e+01   constant   
  16  beta_vw      0.00000e+00     fixed    
  17  LM          -2.20020e-04   constant   
  18  zeta_y       0.00000e+00   constant   
  19  zeta_vw      0.00000e+00   constant   
  20  T_CBO        3.78937e+01   6.55060e-01   7.97045e-05  -1.52290e+01
  21  alpha_A0    -4.18679e-01   1.07544e-01  -3.66748e-03  -2.53370e+01
  22  beta_A0      3.60273e-01   2.90540e-02  -7.19422e-04  -4.49396e+01
  23  alpha_phi    3.11169e-01   3.99091e-02  -9.06968e-04  -2.20778e+01
  24  beta_phi     4.85572e-01   1.01136e-01   3.62536e-03   1.91810e+01
 EXTERNAL ERROR MATRIX.    NDIM=  25    NPAR= 11    ERR DEF=1
  9.418e+08 
 -1.709e+02  3.590e-05 
 -1.296e+02  1.613e-05  6.817e-05 
  1.637e+02 -2.916e-05 -3.185e-05  3.092e-05 
  5.065e+01 -9.218e-06 -6.392e-06  8.387e-06  2.951e-06 
  1.758e+00 -3.062e-07 -2.618e-07  3.219e-07  8.675e-08  2.954e-08 
  1.742e+04 -2.525e-03 -2.616e-03  2.916e-03  9.547e-04  3.293e-05  4.291e-01 
 -3.240e+03  6.255e-04  3.402e-04 -5.546e-04 -1.716e-04 -6.106e-06 -5.560e-02  1.157e-02 
 -6.701e+02  1.628e-04  6.096e-06 -1.059e-04 -3.718e-05 -1.109e-06 -7.554e-03  2.642e-03  8.441e-04 
 -9.666e+02  2.218e-04  6.305e-05 -1.719e-04 -4.672e-05 -1.923e-06 -1.148e-02  3.785e-03  1.065e-03  1.593e-03 
  3.033e+03 -5.823e-04 -2.698e-04  5.020e-04  1.648e-04  5.604e-06  5.381e-02 -1.080e-02 -2.486e-03 -3.411e-03  1.023e-02 
ERR MATRIX APPROXIMATE
 PARAMETER  CORRELATION COEFFICIENTS  
       NO.  GLOBAL      1      3      4      6     10     13     20     21     22     23     24
        1  0.99996   1.000 -0.930 -0.511  0.960  0.961  0.333  0.867 -0.982 -0.752 -0.789  0.977
        3  0.99982  -0.930  1.000  0.326 -0.875 -0.896 -0.297 -0.643  0.971  0.935  0.927 -0.961
        4  0.99957  -0.511  0.326  1.000 -0.694 -0.451 -0.185 -0.484  0.383  0.025  0.191 -0.323
        6  0.99980   0.960 -0.875 -0.694  1.000  0.878  0.337  0.800 -0.927 -0.656 -0.775  0.893
       10  0.99610   0.961 -0.896 -0.451  0.878  1.000  0.294  0.848 -0.929 -0.745 -0.681  0.949
       13  0.37547   0.333 -0.297 -0.185  0.337  0.294  1.000  0.292 -0.330 -0.222 -0.280  0.322
       20  0.99389   0.867 -0.643 -0.484  0.800  0.848  0.292  1.000 -0.789 -0.397 -0.439  0.812
       21  0.99993  -0.982  0.971  0.383 -0.927 -0.929 -0.330 -0.789  1.000  0.846  0.882 -0.993
       22  0.99872  -0.752  0.935  0.025 -0.656 -0.745 -0.222 -0.397  0.846  1.000  0.918 -0.846
       23  0.99871  -0.789  0.927  0.191 -0.775 -0.681 -0.280 -0.439  0.882  0.918  1.000 -0.845
       24  0.99992   0.977 -0.961 -0.323  0.893  0.949  0.322  0.812 -0.993 -0.846 -0.845  1.000
 ERR MATRIX APPROXIMATE
MINUIT - FIT ONLY 2-CBO
 **********
 **   25 **RES 
 **********
                   PARAMETER   16  beta_vw RESTORED TO VARIABLE.
                   PARAMETER   14  alpha_vw RESTORED TO VARIABLE.
                   PARAMETER   11  alpha_y RESTORED TO VARIABLE.
                   PARAMETER    9  alpha_2CBO RESTORED TO VARIABLE.
                   PARAMETER    8  beta_CBO RESTORED TO VARIABLE.
 **********
 **   26 **FIX            0
 **********
 PARAMETER    0  IS UNDEFINED. IGNORED.
 **********
 **   27 **FIX            1
 **********
 **********
 **   28 **FIX            2
 **********
 PARAMETER    2  IS CONSTANT.   IGNORED.
 **********
 **   29 **FIX            3
 **********
 **********
 **   30 **FIX            4
 **********
 **********
 **   31 **FIX            5
 **********
 PARAMETER    5  IS CONSTANT.   IGNORED.
 **********
 **   32 **FIX            6
 **********
 **********
 **   33 **FIX            7
 **********
 PARAMETER    7  IS CONSTANT.   IGNORED.
 **********
 **   34 **FIX           10
 **********
 **********
 **   35 **FIX           11
 **********
 **********
 **   36 **FIX           12
 **********
 PARAMETER   12  IS CONSTANT.   IGNORED.
 **********
 **   37 **FIX           13
 **********
 **********
 **   38 **FIX           14
 **********
 **********
 **   39 **FIX           15
 **********
 PARAMETER   15  IS CONSTANT.   IGNORED.
 **********
 **   40 **FIX           16
 **********
 **********
 **   41 **MIGRAD
 **********
 START MIGRAD MINIMIZATION.  STRATEGY  1.  CONVERGENCE WHEN EDM .LT. 1.00e-04
 FCN=37.1267 FROM MIGRAD    STATUS=INITIATE       18 CALLS        3270 TOTAL
                     EDM= unknown      STRATEGY= 1      NO ERROR MATRIX       
  EXT PARAMETER               CURRENT GUESS       STEP         FIRST   
  NO.   NAME      VALUE            ERROR          SIZE      DERIVATIVE 
   1  N0           2.96833e+06     fixed    
   2  tau          6.43976e+01   constant   
   3  A0           3.66403e-01     fixed    
   4  phi          4.10593e+00     fixed    
   5  R           -5.94693e+01   constant   
   6  alpha_CBO    4.21514e-03     fixed    
   7  w_CBO        2.32500e+00   constant   
   8  beta_CBO     0.00000e+00   1.00000e-03   1.00000e-03  -2.89859e+02
   9  alpha_2CBO   0.00000e+00   1.00000e-03   1.00000e-03   1.78031e+02
  10  beta_2CBO    3.74322e-03     fixed    
  11  alpha_y      0.00000e+00     fixed    
  12  w_y          1.44500e+01   constant   
  13  beta_y       1.16245e-03     fixed    
  14  alpha_vw     0.00000e+00     fixed    
  15  w_vw         1.29000e+01   constant   
  16  beta_vw      0.00000e+00     fixed    
  17  LM          -2.20020e-04   constant   
  18  zeta_y       0.00000e+00   constant   
  19  zeta_vw      0.00000e+00   constant   
  20  T_CBO        3.78937e+01   6.55060e-01   7.97045e-05  -1.52290e+01
  21  alpha_A0    -4.18679e-01   1.07544e-01  -3.66748e-03  -2.53370e+01
  22  beta_A0      3.60273e-01   2.90540e-02  -7.19422e-04  -4.49396e+01
  23  alpha_phi    3.11169e-01   3.99091e-02  -9.06968e-04  -2.20778e+01
  24  beta_phi     4.85572e-01   1.01136e-01   3.62536e-03   1.91810e+01
 MIGRAD MINIMIZATION HAS CONVERGED.
 MIGRAD WILL VERIFY CONVERGENCE AND ERROR MATRIX.
 FCN=37.1207 FROM MIGRAD    STATUS=CONVERGED     149 CALLS        3401 TOTAL
                     EDM=7.59878e-05    STRATEGY= 1      ERR MATRIX NOT POS-DEF
  EXT PARAMETER                APPROXIMATE        STEP         FIRST   
  NO.   NAME      VALUE            ERROR          SIZE      DERIVATIVE 
   1  N0           2.96833e+06     fixed    
   2  tau          6.43976e+01   constant   
   3  A0           3.66403e-01     fixed    
   4  phi          4.10593e+00     fixed    
   5  R           -5.94693e+01   constant   
   6  alpha_CBO    4.21514e-03     fixed    
   7  w_CBO        2.32500e+00   constant   
   8  beta_CBO    -2.16066e-05   4.65439e-04   5.00310e-07   6.47873e-03
   9  alpha_2CBO   2.14527e-06   3.39462e-04   4.75902e-07  -5.97224e+00
  10  beta_2CBO    3.74322e-03     fixed    
  11  alpha_y      0.00000e+00     fixed    
  12  w_y          1.44500e+01   constant   
  13  beta_y       1.16245e-03     fixed    
  14  alpha_vw     0.00000e+00     fixed    
  15  w_vw         1.29000e+01   constant   
  16  beta_vw      0.00000e+00     fixed    
  17  LM          -2.20020e-04   constant   
  18  zeta_y       0.00000e+00   constant   
  19  zeta_vw      0.00000e+00   constant   
  20  T_CBO        3.78978e+01   1.10481e+00   1.23090e-06  -9.32348e-01
  21  alpha_A0    -4.18554e-01   1.41837e-02   5.06900e-06   8.95939e-02
  22  beta_A0      3.60546e-01   1.22032e-02   5.47006e-06   1.23670e-01
  23  alpha_phi    3.11314e-01   1.04169e-02   7.04729e-06  -1.34301e-01
  24  beta_phi     4.85588e-01   1.60162e-02   5.50511e-06   4.81918e-01
 EXTERNAL ERROR MATRIX.    NDIM=  25    NPAR=  7    ERR DEF=1
  2.166e-07 -3.875e-08 -6.766e-05 -8.878e-07 -1.644e-06 -1.850e-07  2.819e-07 
 -3.875e-08  1.152e-07 -6.716e-07 -4.572e-07  3.651e-07  8.204e-07 -7.273e-07 
 -6.766e-05 -6.716e-07  1.221e+00  1.546e-02 -1.209e-02 -1.075e-02 -1.724e-02 
 -8.878e-07 -4.572e-07  1.546e-02  2.012e-04 -1.526e-04 -1.370e-04 -2.146e-04 
 -1.644e-06  3.651e-07 -1.209e-02 -1.526e-04  1.489e-04  1.151e-04  1.801e-04 
 -1.850e-07  8.204e-07 -1.075e-02 -1.370e-04  1.151e-04  1.085e-04  1.486e-04 
  2.819e-07 -7.273e-07 -1.724e-02 -2.146e-04  1.801e-04  1.486e-04  2.565e-04 
ERR MATRIX NOT POS-DEF
 PARAMETER  CORRELATION COEFFICIENTS  
       NO.  GLOBAL      8      9     20     21     22     23     24
        8  0.93445   1.000 -0.245 -0.132 -0.134 -0.290 -0.038  0.038
        9  0.88560  -0.245  1.000 -0.002 -0.095  0.088  0.232 -0.134
       20  0.99751  -0.132 -0.002  1.000  0.987 -0.897 -0.934 -0.974
       21  0.99297  -0.134 -0.095  0.987  1.000 -0.882 -0.927 -0.944
       22  0.98891  -0.290  0.088 -0.897 -0.882  1.000  0.906  0.922
       23  0.97456  -0.038  0.232 -0.934 -0.927  0.906  1.000  0.891
       24  0.99350   0.038 -0.134 -0.974 -0.944  0.922  0.891  1.000
 ERR MATRIX NOT POS-DEF
MINUIT - FIT wiggle + 1-CBO + 2-CBO
 **********
 **   42 **RES 
 **********
                   PARAMETER   16  beta_vw RESTORED TO VARIABLE.
                   PARAMETER   14  alpha_vw RESTORED TO VARIABLE.
                   PARAMETER   13  beta_y RESTORED TO VARIABLE.
                   PARAMETER   11  alpha_y RESTORED TO VARIABLE.
                   PARAMETER   10  beta_2CBO RESTORED TO VARIABLE.
                   PARAMETER    6  alpha_CBO RESTORED TO VARIABLE.
                   PARAMETER    4  phi RESTORED TO VARIABLE.
                   PARAMETER    3  A0 RESTORED TO VARIABLE.
                   PARAMETER    1  N0 RESTORED TO VARIABLE.
 **********
 **   43 **FIX           10
 **********
 **********
 **   44 **FIX           11
 **********
 **********
 **   45 **FIX           12
 **********
 PARAMETER   12  IS CONSTANT.   IGNORED.
 **********
 **   46 **FIX           13
 **********
 **********
 **   47 **FIX           14
 **********
 **********
 **   48 **FIX           15
 **********
 PARAMETER   15  IS CONSTANT.   IGNORED.
 **********
 **   49 **FIX           16
 **********
 **********
 **   50 **MIGRAD
 **********
 START MIGRAD MINIMIZATION.  STRATEGY  1.  CONVERGENCE WHEN EDM .LT. 1.00e-04
 FCN=37.1207 FROM MIGRAD    STATUS=INITIATE       22 CALLS        3423 TOTAL
                     EDM= unknown      STRATEGY= 1      NO ERROR MATRIX       
  EXT PARAMETER               CURRENT GUESS       STEP         FIRST   
  NO.   NAME      VALUE            ERROR          SIZE      DERIVATIVE 
   1  N0           2.96833e+06   3.06880e+04   3.06880e+04  -7.62579e-05
   2  tau          6.43976e+01   constant   
   3  A0           3.66403e-01   5.99140e-03   5.99140e-03  -3.33605e+01
   4  phi          4.10593e+00   8.25663e-03   8.25663e-03   4.10079e+01
   5  R           -5.94693e+01   constant   
   6  alpha_CBO    4.21514e-03   5.56031e-03   5.56031e-03   2.85652e+02
   7  w_CBO        2.32500e+00   constant   
   8  beta_CBO    -2.16066e-05   4.65439e-04   5.00310e-07   6.47511e-03
   9  alpha_2CBO   2.14527e-06   3.39462e-04   4.75902e-07  -5.97227e+00
  10  beta_2CBO    3.74322e-03     fixed    
  11  alpha_y      0.00000e+00     fixed    
  12  w_y          1.44500e+01   constant   
  13  beta_y       1.16245e-03     fixed    
  14  alpha_vw     0.00000e+00     fixed    
  15  w_vw         1.29000e+01   constant   
  16  beta_vw      0.00000e+00     fixed    
  17  LM          -2.20020e-04   constant   
  18  zeta_y       0.00000e+00   constant   
  19  zeta_vw      0.00000e+00   constant   
  20  T_CBO        3.78978e+01   1.10481e+00   1.23090e-06  -9.32403e-01
  21  alpha_A0    -4.18554e-01   1.41837e-02   5.06900e-06   8.95938e-02
  22  beta_A0      3.60546e-01   1.22032e-02   5.47006e-06   1.23684e-01
  23  alpha_phi    3.11314e-01   1.04169e-02   7.04729e-06  -1.34302e-01
  24  beta_phi     4.85588e-01   1.60162e-02   5.50511e-06   4.81919e-01
 MIGRAD MINIMIZATION HAS CONVERGED.
 FCN=36.1829 FROM MIGRAD    STATUS=CONVERGED    1010 CALLS        4411 TOTAL
                     EDM=9.1733e-07    STRATEGY= 1  ERROR MATRIX UNCERTAINTY   5.3 per cent
  EXT PARAMETER                                   STEP         FIRST   
  NO.   NAME      VALUE            ERROR          SIZE      DERIVATIVE 
   1  N0           3.00418e+06   2.54836e+04   1.97903e+01  -1.73621e-06
   2  tau          6.43976e+01   constant   
   3  A0           3.40498e-01   2.10563e-02  -1.69943e-05   9.95885e-01
   4  phi          4.06438e+00   3.81046e-02  -3.09444e-05  -2.38553e+00
   5  R           -5.94693e+01   constant   
   6  alpha_CBO    9.44471e-03   4.38042e-03   3.32471e-06  -3.82972e-01
   7  w_CBO        2.32500e+00   constant   
   8  beta_CBO    -1.64523e-02   1.32955e-02  -1.05859e-05   1.07952e+00
   9  alpha_2CBO  -2.54046e-03   2.26611e-03  -1.62440e-06  -2.53387e+00
  10  beta_2CBO    3.74322e-03     fixed    
  11  alpha_y      0.00000e+00     fixed    
  12  w_y          1.44500e+01   constant   
  13  beta_y       1.16245e-03     fixed    
  14  alpha_vw     0.00000e+00     fixed    
  15  w_vw         1.29000e+01   constant   
  16  beta_vw      0.00000e+00     fixed    
  17  LM          -2.20020e-04   constant   
  18  zeta_y       0.00000e+00   constant   
  19  zeta_vw      0.00000e+00   constant   
  20  T_CBO        4.08388e+01   2.09041e+00   7.19875e-06   1.77026e+00
  21  alpha_A0    -4.25432e-01   3.23102e-02   6.38983e-08  -6.57264e-01
  22  beta_A0      3.48205e-01   3.00057e-02  -1.48301e-05   5.10899e-02
  23  alpha_phi    1.86373e-01   1.06782e-01  -8.33168e-05   4.38967e-01
  24  beta_phi     5.86898e-01   7.29052e-02   5.53332e-05   1.92973e-01
 EXTERNAL ERROR MATRIX.    NDIM=  25    NPAR= 11    ERR DEF=1
  6.494e+08 
 -5.251e+02  4.434e-04 
 -9.242e+02  7.977e-04  1.452e-03 
  1.002e+02 -8.362e-05 -1.477e-04  1.919e-05 
 -3.254e+02  2.754e-04  4.985e-04 -4.764e-05  1.768e-04 
 -5.545e+01  4.625e-05  8.332e-05 -7.972e-06  2.970e-05  5.135e-06 
  5.166e+04 -3.996e-02 -6.891e-02  7.222e-03 -2.536e-02 -4.382e-03  4.370e+00 
 -9.464e+01  6.431e-06 -8.389e-05 -5.533e-05 -6.301e-05 -9.733e-06 -6.851e-03  1.044e-03 
 -3.174e+02  2.586e-04  4.286e-04 -9.870e-05  9.580e-05  1.565e-05 -1.749e-02  7.858e-04  9.003e-04 
 -2.605e+03  2.172e-03  3.856e-03 -4.601e-04  1.286e-03  2.164e-04 -1.936e-01  8.682e-04  2.001e-03  1.140e-02 
  1.846e+03 -1.484e-03 -2.612e-03  2.698e-04 -9.373e-04 -1.607e-04  1.498e-01 -8.978e-05 -6.937e-04 -7.175e-03  5.315e-03 
 PARAMETER  CORRELATION COEFFICIENTS  
       NO.  GLOBAL      1      3      4      6      8      9     20     21     22     23     24
        1  0.99993   1.000 -0.979 -0.952  0.898 -0.961 -0.960  0.970 -0.115 -0.415 -0.957  0.994
        3  0.99998  -0.979  1.000  0.994 -0.907  0.984  0.969 -0.908  0.009  0.409  0.966 -0.967
        4  0.99996  -0.952  0.994  1.000 -0.885  0.984  0.965 -0.865 -0.068  0.375  0.948 -0.940
        6  0.99949   0.898 -0.907 -0.885  1.000 -0.818 -0.803  0.789 -0.391 -0.751 -0.984  0.845
        8  0.99992  -0.961  0.984  0.984 -0.818  1.000  0.986 -0.913 -0.147  0.240  0.906 -0.967
        9  0.99783  -0.960  0.969  0.965 -0.803  0.986  1.000 -0.925 -0.133  0.230  0.894 -0.973
       20  0.99955   0.970 -0.908 -0.865  0.789 -0.913 -0.925  1.000 -0.101 -0.279 -0.867  0.983
       21  0.99905  -0.115  0.009 -0.068 -0.391 -0.147 -0.133 -0.101  1.000  0.811  0.252 -0.038
       22  0.99833  -0.415  0.409  0.375 -0.751  0.240  0.230 -0.279  0.811  1.000  0.624 -0.317
       23  0.99981  -0.957  0.966  0.948 -0.984  0.906  0.894 -0.867  0.252  0.624  1.000 -0.922
       24  0.99977   0.994 -0.967 -0.940  0.845 -0.967 -0.973  0.983 -0.038 -0.317 -0.922  1.000
MINUIT - FIT ONLY 1-y
 **********
 **   51 **RES 
 **********
                   PARAMETER   16  beta_vw RESTORED TO VARIABLE.
                   PARAMETER   14  alpha_vw RESTORED TO VARIABLE.
                   PARAMETER   13  beta_y RESTORED TO VARIABLE.
                   PARAMETER   11  alpha_y RESTORED TO VARIABLE.
                   PARAMETER   10  beta_2CBO RESTORED TO VARIABLE.
 **********
 **   52 **FIX            0
 **********
 PARAMETER    0  IS UNDEFINED. IGNORED.
 **********
 **   53 **FIX            1
 **********
 **********
 **   54 **FIX            2
 **********
 PARAMETER    2  IS CONSTANT.   IGNORED.
 **********
 **   55 **FIX            3
 **********
 **********
 **   56 **FIX            4
 **********
 **********
 **   57 **FIX            5
 **********
 PARAMETER    5  IS CONSTANT.   IGNORED.
 **********
 **   58 **FIX            6
 **********
 **********
 **   59 **FIX            7
 **********
 PARAMETER    7  IS CONSTANT.   IGNORED.
 **********
 **   60 **FIX            8
 **********
 **********
 **   61 **FIX            9
 **********
 **********
 **   62 **FIX           13
 **********
 **********
 **   63 **FIX           14
 **********
 **********
 **   64 **FIX           15
 **********
 PARAMETER   15  IS CONSTANT.   IGNORED.
 **********
 **   65 **FIX           16
 **********
 **********
 **   66 **MIGRAD
 **********
 START MIGRAD MINIMIZATION.  STRATEGY  1.  CONVERGENCE WHEN EDM .LT. 1.00e-04
 FCN=36.1829 FROM MIGRAD    STATUS=INITIATE       16 CALLS        4427 TOTAL
                     EDM= unknown      STRATEGY= 1      NO ERROR MATRIX       
  EXT PARAMETER               CURRENT GUESS       STEP         FIRST   
  NO.   NAME      VALUE            ERROR          SIZE      DERIVATIVE 
   1  N0           3.00418e+06     fixed    
   2  tau          6.43976e+01   constant   
   3  A0           3.40498e-01     fixed    
   4  phi          4.06438e+00     fixed    
   5  R           -5.94693e+01   constant   
   6  alpha_CBO    9.44471e-03     fixed    
   7  w_CBO        2.32500e+00   constant   
   8  beta_CBO    -1.64523e-02     fixed    
   9  alpha_2CBO  -2.54046e-03     fixed    
  10  beta_2CBO    3.74322e-03   1.71798e-03   1.71798e-03   3.02730e+02
  11  alpha_y      0.00000e+00   1.00000e-03   1.00000e-03   6.40871e+04
  12  w_y          1.44500e+01   constant   
  13  beta_y       1.16245e-03     fixed    
  14  alpha_vw     0.00000e+00     fixed    
  15  w_vw         1.29000e+01   constant   
  16  beta_vw      0.00000e+00     fixed    
  17  LM          -2.20020e-04   constant   
  18  zeta_y       0.00000e+00   constant   
  19  zeta_vw      0.00000e+00   constant   
  20  T_CBO        4.08388e+01   2.09041e+00   7.19875e-06   1.77026e+00
  21  alpha_A0    -4.25432e-01   3.23102e-02   6.38983e-08  -6.57264e-01
  22  beta_A0      3.48205e-01   3.00057e-02  -1.48301e-05   5.10917e-02
  23  alpha_phi    1.86373e-01   1.06782e-01  -8.33168e-05   4.38967e-01
  24  beta_phi     5.86898e-01   7.29052e-02   5.53332e-05   1.92973e-01
 MIGRAD MINIMIZATION HAS CONVERGED.
 MIGRAD WILL VERIFY CONVERGENCE AND ERROR MATRIX.
 FCN=8.52614 FROM HESSE     STATUS=NOT POSDEF     50 CALLS        4572 TOTAL
                     EDM=0.000164058    STRATEGY= 1      ERR MATRIX NOT POS-DEF
  EXT PARAMETER                APPROXIMATE        STEP         FIRST   
  NO.   NAME      VALUE            ERROR          SIZE      DERIVATIVE 
   1  N0           3.00418e+06     fixed    
   2  tau          6.43976e+01   constant   
   3  A0           3.40498e-01     fixed    
   4  phi          4.06438e+00     fixed    
   5  R           -5.94693e+01   constant   
   6  alpha_CBO    9.44471e-03     fixed    
   7  w_CBO        2.32500e+00   constant   
   8  beta_CBO    -1.64523e-02     fixed    
   9  alpha_2CBO  -2.54046e-03     fixed    
  10  beta_2CBO    3.58978e-03   2.49777e-04   2.53365e-07  -2.48248e-01
  11  alpha_y     -8.62342e-04   1.63745e-04   2.43731e-07   3.31796e-01
  12  w_y          1.44500e+01   constant   
  13  beta_y       1.16245e-03     fixed    
  14  alpha_vw     0.00000e+00     fixed    
  15  w_vw         1.29000e+01   constant   
  16  beta_vw      0.00000e+00     fixed    
  17  LM          -2.20020e-04   constant   
  18  zeta_y       0.00000e+00   constant   
  19  zeta_vw      0.00000e+00   constant   
  20  T_CBO        4.08475e+01   1.19446e+00   6.68128e-07  -2.13423e+00
  21  alpha_A0    -4.25582e-01   1.33777e-02   2.56115e-06  -2.56788e-01
  22  beta_A0      3.48436e-01   1.06522e-02   2.73015e-06   1.65867e-01
  23  alpha_phi    1.83930e-01   6.28276e-03   3.39784e-06   2.58343e-02
  24  beta_phi     5.87312e-01   1.80545e-02   2.68290e-06   4.15388e-01
 CALL LIMIT EXCEEDED IN MIGRAD.
 MIGRAD TERMINATED WITHOUT CONVERGENCE.
 FCN=8.30963 FROM MIGRAD    STATUS=CALL LIMIT   1163 CALLS        5574 TOTAL
                     EDM=0.00343781    STRATEGY= 1      ERR MATRIX NOT POS-DEF
  EXT PARAMETER                APPROXIMATE        STEP         FIRST   
  NO.   NAME      VALUE            ERROR          SIZE      DERIVATIVE 
   1  N0           3.00418e+06     fixed    
   2  tau          6.43976e+01   constant   
   3  A0           3.40498e-01     fixed    
   4  phi          4.06438e+00     fixed    
   5  R           -5.94693e+01   constant   
   6  alpha_CBO    9.44471e-03     fixed    
   7  w_CBO        2.32500e+00   constant   
   8  beta_CBO    -1.64523e-02     fixed    
   9  alpha_2CBO  -2.54046e-03     fixed    
  10  beta_2CBO    3.65028e-03   2.44175e-04   2.82034e-06   7.07048e+01
  11  alpha_y     -8.66104e-04   1.62949e-04  -8.52732e-07  -3.16441e+00
  12  w_y          1.44500e+01   constant   
  13  beta_y       1.16245e-03     fixed    
  14  alpha_vw     0.00000e+00     fixed    
  15  w_vw         1.29000e+01   constant   
  16  beta_vw      0.00000e+00     fixed    
  17  LM          -2.20020e-04   constant   
  18  zeta_y       0.00000e+00   constant   
  19  zeta_vw      0.00000e+00   constant   
  20  T_CBO        5.63940e+01   1.13150e+01   2.20953e-03  -1.11478e+02
  21  alpha_A0    -3.17259e-01   4.99165e-02   2.28301e-03   4.36798e+01
  22  beta_A0      2.62345e-01   3.98850e-02  -1.81359e-03  -2.38201e+00
  23  alpha_phi    1.40413e-01   2.02834e-02  -8.71648e-04  -2.99167e+01
  24  beta_phi     4.39820e-01   6.80096e-02  -3.07706e-03  -3.76909e+01
 EXTERNAL ERROR MATRIX.    NDIM=  25    NPAR=  7    ERR DEF=1
  5.962e-08  4.019e-09  4.119e-04  1.975e-06 -1.645e-06 -3.310e-07 -2.438e-06 
  4.019e-09  2.655e-08 -6.311e-05 -2.693e-07  2.082e-07  1.521e-07  3.630e-07 
  4.119e-04 -6.311e-05  1.281e+02  5.648e-01 -4.510e-01 -2.276e-01 -7.696e-01 
  1.975e-06 -2.693e-07  5.648e-01  2.492e-03 -1.988e-03 -1.001e-03 -3.391e-03 
 -1.645e-06  2.082e-07 -4.510e-01 -1.988e-03  1.591e-03  8.003e-04  2.710e-03 
 -3.310e-07  1.521e-07 -2.276e-01 -1.001e-03  8.003e-04  4.114e-04  1.367e-03 
 -2.438e-06  3.630e-07 -7.696e-01 -3.391e-03  2.710e-03  1.367e-03  4.625e-03 
ERR MATRIX NOT POS-DEF
 PARAMETER  CORRELATION COEFFICIENTS  
       NO.  GLOBAL     10     11     20     21     22     23     24
       10  0.74126   1.000  0.101  0.149  0.162 -0.169 -0.067 -0.147
       11  0.14020   0.101  1.000 -0.034 -0.033  0.032  0.046  0.033
       20  0.99992   0.149 -0.034  1.000  1.000 -0.999 -0.991 -1.000
       21  0.99971   0.162 -0.033  1.000  1.000 -0.999 -0.988 -0.999
       22  0.99930  -0.169  0.032 -0.999 -0.999  1.000  0.989  0.999
       23  0.99588  -0.067  0.046 -0.991 -0.988  0.989  1.000  0.991
       24  0.99980  -0.147  0.033 -1.000 -0.999  0.999  0.991  1.000
 ERR MATRIX NOT POS-DEF
MINUIT - FIT ONLY 2-y
 **********
 **   67 **RES 
 **********
                   PARAMETER   16  beta_vw RESTORED TO VARIABLE.
                   PARAMETER   14  alpha_vw RESTORED TO VARIABLE.
                   PARAMETER   13  beta_y RESTORED TO VARIABLE.
                   PARAMETER    9  alpha_2CBO RESTORED TO VARIABLE.
                   PARAMETER    8  beta_CBO RESTORED TO VARIABLE.
                   PARAMETER    6  alpha_CBO RESTORED TO VARIABLE.
                   PARAMETER    4  phi RESTORED TO VARIABLE.
                   PARAMETER    3  A0 RESTORED TO VARIABLE.
                   PARAMETER    1  N0 RESTORED TO VARIABLE.
 **********
 **   68 **FIX            0
 **********
 PARAMETER    0  IS UNDEFINED. IGNORED.
 **********
 **   69 **FIX            1
 **********
 **********
 **   70 **FIX            2
 **********
 PARAMETER    2  IS CONSTANT.   IGNORED.
 **********
 **   71 **FIX            3
 **********
 **********
 **   72 **FIX            4
 **********
 **********
 **   73 **FIX            5
 **********
 PARAMETER    5  IS CONSTANT.   IGNORED.
 **********
 **   74 **FIX            6
 **********
 **********
 **   75 **FIX            7
 **********
 PARAMETER    7  IS CONSTANT.   IGNORED.
 **********
 **   76 **FIX            8
 **********
 **********
 **   77 **FIX            9
 **********
 **********
 **   78 **FIX           10
 **********
 **********
 **   79 **FIX           11
 **********
 **********
 **   80 **FIX           12
 **********
 PARAMETER   12  IS CONSTANT.   IGNORED.
 **********
 **   81 **FIX           16
 **********
 **********
 **   82 **MIGRAD
 **********
 START MIGRAD MINIMIZATION.  STRATEGY  1.  CONVERGENCE WHEN EDM .LT. 1.00e-04
 FCN=8.30963 FROM MIGRAD    STATUS=INITIATE       16 CALLS        5590 TOTAL
                     EDM= unknown      STRATEGY= 1      NO ERROR MATRIX       
  EXT PARAMETER               CURRENT GUESS       STEP         FIRST   
  NO.   NAME      VALUE            ERROR          SIZE      DERIVATIVE 
   1  N0           3.00418e+06     fixed    
   2  tau          6.43976e+01   constant   
   3  A0           3.40498e-01     fixed    
   4  phi          4.06438e+00     fixed    
   5  R           -5.94693e+01   constant   
   6  alpha_CBO    9.44471e-03     fixed    
   7  w_CBO        2.32500e+00   constant   
   8  beta_CBO    -1.64523e-02     fixed    
   9  alpha_2CBO  -2.54046e-03     fixed    
  10  beta_2CBO    3.65028e-03     fixed    
  11  alpha_y     -8.66104e-04     fixed    
  12  w_y          1.44500e+01   constant   
  13  beta_y       1.16245e-03   1.71859e-04   1.71859e-04   2.40011e+03
  14  alpha_vw     0.00000e+00   1.00000e-03   1.00000e-03  -4.91501e+03
  15  w_vw         1.29000e+01   constant   
  16  beta_vw      0.00000e+00     fixed    
  17  LM          -2.20020e-04   constant   
  18  zeta_y       0.00000e+00   constant   
  19  zeta_vw      0.00000e+00   constant   
  20  T_CBO        5.63940e+01   1.13150e+01   2.20953e-03  -1.11478e+02
  21  alpha_A0    -3.17259e-01   4.99165e-02   2.28301e-03   4.36798e+01
  22  beta_A0      2.62345e-01   3.98850e-02  -1.81359e-03  -2.38201e+00
  23  alpha_phi    1.40413e-01   2.02834e-02  -8.71648e-04  -2.99167e+01
  24  beta_phi     4.39820e-01   6.80096e-02  -3.07706e-03  -3.76909e+01
 MIGRAD MINIMIZATION HAS CONVERGED.
 MIGRAD WILL VERIFY CONVERGENCE AND ERROR MATRIX.
 FCN=8.12806 FROM HESSE     STATUS=NOT POSDEF     50 CALLS        5703 TOTAL
                     EDM=0.000175853    STRATEGY= 1      ERR MATRIX NOT POS-DEF
  EXT PARAMETER                APPROXIMATE        STEP         FIRST   
  NO.   NAME      VALUE            ERROR          SIZE      DERIVATIVE 
   1  N0           3.00418e+06     fixed    
   2  tau          6.43976e+01   constant   
   3  A0           3.40498e-01     fixed    
   4  phi          4.06438e+00     fixed    
   5  R           -5.94693e+01   constant   
   6  alpha_CBO    9.44471e-03     fixed    
   7  w_CBO        2.32500e+00   constant   
   8  beta_CBO    -1.64523e-02     fixed    
   9  alpha_2CBO  -2.54046e-03     fixed    
  10  beta_2CBO    3.65028e-03     fixed    
  11  alpha_y     -8.66104e-04     fixed    
  12  w_y          1.44500e+01   constant   
  13  beta_y       1.13663e-03   1.64774e-04   2.40850e-07   7.50035e+00
  14  alpha_vw     6.07138e-05   1.61203e-04   2.35713e-07   4.66113e+00
  15  w_vw         1.29000e+01   constant   
  16  beta_vw      0.00000e+00     fixed    
  17  LM          -2.20020e-04   constant   
  18  zeta_y       0.00000e+00   constant   
