 + ++++++++++++++++++++++++++++++++++++++++++++++++++++++++++++++++++++ +
 +                                                                      +
 +           You have chose to blind your fitting according to          +
 +                omega_ref * (1 + (R +/- deltaR) *10^{-6})             +
 +                                                                      +
 + ++++++++++++++++++++++++++++++++++++++++++++++++++++++++++++++++++++ +
In main()...
reading format from /gm2data/zkhechad/run45/envelope/formats/formatB_sBin_constraintOn.txt
pBinTau 	= 0  
pBinPhi 	= 0  
constraintau 	= 1 
includeMopTerm 	= 0    
constrainMop    = 0   
Parameters after format file: pBinTau 0 pBinPhi 0 constraintau 1 includeMopTerm 0 constrainMop 0 c_e_scale 0.000000 
Opening file /gm2data/tbarrett/gm2fr/studies/run23_bunch_corrections/CorrectedFourier_Run3b.root.
reading full fit data from /gm2data/zkhechad/cboTemplates/Run4CBOTemplates/templateFits0_v2.0/noRF/sBin_constraintOn_cE0.0_seed0_noRF_calo13.root
windowBins = 69
fitting sliding window 1208 from bin 1344 at 200.375600 to bin 1413 at 210.819600 (69 bins)

Reading data from /gm2data/cornell/histograms/aMethod/histogram_a_noRF.root
 **********
 **    1 **SET PRINTOUT            1
 **********
 **********
 **    2 **SET NOWARNINGS 
 **********
 PARAMETER DEFINITIONS:
    NO.   NAME         VALUE      STEP SIZE      LIMITS
     1 N0           3.44933e+06  1.00000e+02     no limits
     2 tau          6.43680e+01  constant
     3 A0           3.52702e-01  1.00000e-04     no limits
     4 phi          4.13064e+00  1.00000e-02     no limits
     5 R           -6.08433e+01  constant
     6 alpha_CBO    0.00000e+00  1.00000e-03     no limits
     7 w_CBO        2.32500e+00  constant
     8 beta_CBO     0.00000e+00  1.00000e-03     no limits
     9 alpha_2CBO   0.00000e+00  1.00000e-03     no limits
    10 beta_2CBO    0.00000e+00  1.00000e-03     no limits
    11 alpha_y      0.00000e+00  1.00000e-03     no limits
    12 w_y          1.44500e+01  constant
    13 beta_y       0.00000e+00  1.00000e-03     no limits
    14 alpha_vw     0.00000e+00  1.00000e-03     no limits
    15 w_vw         1.29000e+01  constant
    16 beta_vw      0.00000e+00  1.00000e-03     no limits
    17 LM          -1.22211e-03  constant
    18 zeta_y       0.00000e+00  constant
    19 zeta_vw      0.00000e+00  constant
    20 T_CBO        1.00000e+02  1.00000e+00    0.00000e+00  1.00000e+03
    21 alpha_A0     0.00000e+00  1.00000e-03     no limits
    22 beta_A0      0.00000e+00  1.00000e-03     no limits
    23 alpha_phi    0.00000e+00  1.00000e-03     no limits
    24 beta_phi     0.00000e+00  1.00000e-03     no limits
MINUIT - FIT ONLY WIGGLE
 **********
 **    3 **FIX            5
 **********
 PARAMETER    5  IS CONSTANT.   IGNORED.
 **********
 **    4 **FIX            6
 **********
 **********
 **    5 **FIX            7
 **********
 PARAMETER    7  IS CONSTANT.   IGNORED.
 **********
 **    6 **FIX            8
 **********
 **********
 **    7 **FIX            9
 **********
 **********
 **    8 **FIX           10
 **********
 **********
 **    9 **FIX           11
 **********
 **********
 **   10 **FIX           12
 **********
 PARAMETER   12  IS CONSTANT.   IGNORED.
 **********
 **   11 **FIX           13
 **********
 **********
 **   12 **FIX           14
 **********
 **********
 **   13 **FIX           15
 **********
 PARAMETER   15  IS CONSTANT.   IGNORED.
 **********
 **   14 **FIX           16
 **********
 **********
 **   15 **MIGRAD
 **********
 FIRST CALL TO USER FUNCTION AT NEW START POINT, WITH IFLAG=4.
 START MIGRAD MINIMIZATION.  STRATEGY  1.  CONVERGENCE WHEN EDM .LT. 1.00e-04
 FCN=411.231 FROM MIGRAD    STATUS=INITIATE      437 CALLS         438 TOTAL
                     EDM= unknown      STRATEGY= 1      NO ERROR MATRIX       
  EXT PARAMETER               CURRENT GUESS       STEP         FIRST   
  NO.   NAME      VALUE            ERROR          SIZE      DERIVATIVE 
   1  N0           3.44933e+06   1.00000e+02   0.00000e+00   5.68296e-04
   2  tau          6.43680e+01   constant   
   3  A0           3.52702e-01   1.00000e-04   0.00000e+00   2.39357e+04
   4  phi          4.13064e+00   1.00000e-02   0.00000e+00   9.28616e+03
   5  R           -6.08433e+01   constant   
   6  alpha_CBO    0.00000e+00     fixed    
   7  w_CBO        2.32500e+00   constant   
   8  beta_CBO     0.00000e+00     fixed    
   9  alpha_2CBO   0.00000e+00     fixed    
  10  beta_2CBO    0.00000e+00     fixed    
  11  alpha_y      0.00000e+00     fixed    
  12  w_y          1.44500e+01   constant   
  13  beta_y       0.00000e+00     fixed    
  14  alpha_vw     0.00000e+00     fixed    
  15  w_vw         1.29000e+01   constant   
  16  beta_vw      0.00000e+00     fixed    
  17  LM          -1.22211e-03   constant   
  18  zeta_y       0.00000e+00   constant   
  19  zeta_vw      0.00000e+00   constant   
  20  T_CBO        1.00000e+02   1.00000e+00   0.00000e+00   0.00000e+00
  21  alpha_A0     0.00000e+00   1.00000e-03   0.00000e+00  -2.16303e+02
  22  beta_A0      0.00000e+00   1.00000e-03   0.00000e+00   1.13798e+02
  23  alpha_phi    0.00000e+00   1.00000e-03   0.00000e+00   1.63029e+02
  24  beta_phi     0.00000e+00   1.00000e-03   0.00000e+00  -1.25027e+03
 CALL LIMIT EXCEEDED IN MIGRAD.
 MIGRAD TERMINATED WITHOUT CONVERGENCE.
 FCN=362.373 FROM MIGRAD    STATUS=CALL LIMIT   1339 CALLS        1340 TOTAL
                     EDM=0.00617219    STRATEGY= 1  ERROR MATRIX UNCERTAINTY   0.8 per cent
  EXT PARAMETER                APPROXIMATE        STEP         FIRST   
  NO.   NAME      VALUE            ERROR          SIZE      DERIVATIVE 
   1  N0           3.44864e+06   7.58575e+02   6.60543e+00   1.08063e-05
   2  tau          6.43680e+01   constant   
   3  A0           3.51802e-01   2.65797e-04   4.63463e-07  -4.03720e+01
   4  phi          4.12779e+00   8.13603e-04  -4.34425e-06  -4.36980e+00
   5  R           -6.08433e+01   constant   
   6  alpha_CBO    0.00000e+00     fixed    
   7  w_CBO        2.32500e+00   constant   
   8  beta_CBO     0.00000e+00     fixed    
   9  alpha_2CBO   0.00000e+00     fixed    
  10  beta_2CBO    0.00000e+00     fixed    
  11  alpha_y      0.00000e+00     fixed    
  12  w_y          1.44500e+01   constant   
  13  beta_y       0.00000e+00     fixed    
  14  alpha_vw     0.00000e+00     fixed    
  15  w_vw         1.29000e+01   constant   
  16  beta_vw      0.00000e+00     fixed    
  17  LM          -1.22211e-03   constant   
  18  zeta_y       0.00000e+00   constant   
  19  zeta_vw      0.00000e+00   constant   
  20  T_CBO        4.40174e+01   1.74467e+01  -5.69239e-03  -1.02291e+01
  21  alpha_A0     8.42062e-04   1.26107e-02  -3.93659e-04  -9.13283e-01
  22  beta_A0     -8.74016e-02   1.41175e-01  -9.41482e-03   1.33339e+00
  23  alpha_phi   -1.49042e-01   2.59939e-01  -1.73205e-02   8.50651e-02
  24  beta_phi     5.06492e-01   8.54943e-01   5.69713e-02  -7.85394e-01
 EXTERNAL ERROR MATRIX.    NDIM=  25    NPAR=  8    ERR DEF=1
  5.754e+05  4.402e-02 -5.383e-02  2.534e+02  1.360e+00 -3.959e-01  2.129e+00 -1.011e+01 
  4.402e-02  7.065e-08  2.032e-09  3.371e-04  3.693e-07  3.156e-06  5.824e-06 -1.832e-05 
 -5.383e-02  2.032e-09  6.620e-07 -5.930e-04  6.261e-07 -3.011e-06 -6.787e-06  2.517e-05 
  2.534e+02  3.371e-04 -5.930e-04  3.051e+02  1.072e-01  2.453e+00  4.528e+00 -1.491e+01 
  1.360e+00  3.693e-07  6.261e-07  1.072e-01  1.590e-04  8.434e-04  1.633e-03 -5.305e-03 
 -3.959e-01  3.156e-06 -3.011e-06  2.453e+00  8.434e-04  1.993e-02  3.655e-02 -1.203e-01 
  2.129e+00  5.824e-06 -6.787e-06  4.528e+00  1.633e-03  3.655e-02  6.757e-02 -2.221e-01 
 -1.011e+01 -1.832e-05  2.517e-05 -1.491e+01 -5.305e-03 -1.203e-01 -2.221e-01  7.309e-01 
ERR MATRIX APPROXIMATE
 PARAMETER  CORRELATION COEFFICIENTS  
       NO.  GLOBAL      1      3      4     20     21     22     23     24
        1  0.39203   1.000  0.218 -0.087  0.019  0.142 -0.004  0.011 -0.016
        3  0.31799   0.218  1.000  0.009  0.073  0.110  0.084  0.084 -0.081
        4  0.21742  -0.087  0.009  1.000 -0.042  0.061 -0.026 -0.032  0.036
       20  0.99818   0.019  0.073 -0.042  1.000  0.487  0.995  0.997 -0.998
       21  0.58344   0.142  0.110  0.061  0.487  1.000  0.474  0.498 -0.492
       22  0.99695  -0.004  0.084 -0.026  0.995  0.474  1.000  0.996 -0.997
       23  0.99944   0.011  0.084 -0.032  0.997  0.498  0.996  1.000 -0.999
       24  0.99962  -0.016 -0.081  0.036 -0.998 -0.492 -0.997 -0.999  1.000
 ERR MATRIX APPROXIMATE
MINUIT - FIT ONLY 1-CBO + wiggle
 **********
 **   16 **RES 
 **********
                   PARAMETER   16  beta_vw RESTORED TO VARIABLE.
                   PARAMETER   14  alpha_vw RESTORED TO VARIABLE.
                   PARAMETER   13  beta_y RESTORED TO VARIABLE.
                   PARAMETER   11  alpha_y RESTORED TO VARIABLE.
                   PARAMETER   10  beta_2CBO RESTORED TO VARIABLE.
                   PARAMETER    9  alpha_2CBO RESTORED TO VARIABLE.
                   PARAMETER    8  beta_CBO RESTORED TO VARIABLE.
                   PARAMETER    6  alpha_CBO RESTORED TO VARIABLE.
 **********
 **   17 **FIX            8
 **********
 **********
 **   18 **FIX            9
 **********
 **********
 **   19 **FIX           11
 **********
 **********
 **   20 **FIX           12
 **********
 PARAMETER   12  IS CONSTANT.   IGNORED.
 **********
 **   21 **FIX           14
 **********
 **********
 **   22 **FIX           15
 **********
 PARAMETER   15  IS CONSTANT.   IGNORED.
 **********
 **   23 **FIX           16
 **********
 **********
 **   24 **MIGRAD
 **********
 START MIGRAD MINIMIZATION.  STRATEGY  1.  CONVERGENCE WHEN EDM .LT. 1.00e-04
 FCN=362.373 FROM MIGRAD    STATUS=INITIATE       28 CALLS        1368 TOTAL
                     EDM= unknown      STRATEGY= 1      NO ERROR MATRIX       
  EXT PARAMETER               CURRENT GUESS       STEP         FIRST   
  NO.   NAME      VALUE            ERROR          SIZE      DERIVATIVE 
   1  N0           3.44864e+06   7.58575e+02   6.60543e+00   1.08063e-05
   2  tau          6.43680e+01   constant   
   3  A0           3.51802e-01   2.65797e-04   4.63463e-07  -4.03720e+01
   4  phi          4.12779e+00   8.13603e-04  -4.34425e-06  -4.36980e+00
   5  R           -6.08433e+01   constant   
   6  alpha_CBO    0.00000e+00   1.00000e-03   1.00000e-03  -4.12999e+04
   7  w_CBO        2.32500e+00   constant   
   8  beta_CBO     0.00000e+00     fixed    
   9  alpha_2CBO   0.00000e+00     fixed    
  10  beta_2CBO    0.00000e+00   1.00000e-03   1.00000e-03  -6.32489e+03
  11  alpha_y      0.00000e+00     fixed    
  12  w_y          1.44500e+01   constant   
  13  beta_y       0.00000e+00   1.00000e-03   1.00000e-03  -5.86904e+02
  14  alpha_vw     0.00000e+00     fixed    
  15  w_vw         1.29000e+01   constant   
  16  beta_vw      0.00000e+00     fixed    
  17  LM          -1.22211e-03   constant   
  18  zeta_y       0.00000e+00   constant   
  19  zeta_vw      0.00000e+00   constant   
  20  T_CBO        4.40174e+01   1.74467e+01  -5.69239e-03  -1.02292e+01
  21  alpha_A0     8.42062e-04   1.26107e-02  -3.93659e-04  -9.13283e-01
  22  beta_A0     -8.74016e-02   1.41175e-01  -9.41482e-03   1.33339e+00
  23  alpha_phi   -1.49042e-01   2.59939e-01  -1.73205e-02   8.50651e-02
  24  beta_phi     5.06492e-01   8.54943e-01   5.69713e-02  -7.85394e-01
 CALL LIMIT EXCEEDED IN MIGRAD.
 MIGRAD TERMINATED WITHOUT CONVERGENCE.
 FCN=320.775 FROM MIGRAD    STATUS=CALL LIMIT   1925 CALLS        3265 TOTAL
                     EDM=0.00779831    STRATEGY= 1  ERROR MATRIX UNCERTAINTY   5.3 per cent
  EXT PARAMETER                APPROXIMATE        STEP         FIRST   
  NO.   NAME      VALUE            ERROR          SIZE      DERIVATIVE 
   1  N0           3.44857e+06   7.26073e+02  -1.38007e+01  -1.12954e-04
   2  tau          6.43680e+01   constant   
   3  A0           3.51607e-01   2.61979e-04  -2.11820e-06  -2.68763e+01
   4  phi          4.12872e+00   7.98715e-04  -2.61004e-06  -2.73806e+01
   5  R           -6.08433e+01   constant   
   6  alpha_CBO    1.95757e-03   3.03231e-04  -1.32027e-06  -6.19112e+01
   7  w_CBO        2.32500e+00   constant   
   8  beta_CBO     0.00000e+00     fixed    
   9  alpha_2CBO   0.00000e+00     fixed    
  10  beta_2CBO    2.60456e-04   2.81512e-04   6.34901e-06   2.71950e+02
  11  alpha_y      0.00000e+00     fixed    
  12  w_y          1.44500e+01   constant   
  13  beta_y      -5.60267e-06   2.90196e-04  -1.98123e-06  -9.34234e+01
  14  alpha_vw     0.00000e+00     fixed    
  15  w_vw         1.29000e+01   constant   
  16  beta_vw      0.00000e+00     fixed    
  17  LM          -1.22211e-03   constant   
  18  zeta_y       0.00000e+00   constant   
  19  zeta_vw      0.00000e+00   constant   
  20  T_CBO        2.00134e+01   4.03532e+00  -1.87656e-03  -2.79743e+01
  21  alpha_A0    -3.14948e+00   1.11608e+01  -5.49836e-01   3.59705e-03
  22  beta_A0     -2.18487e+01   4.28600e+01  -2.38130e+00  -3.82389e-03
  23  alpha_phi   -5.01449e+00   1.04343e+01  -7.01665e-01   3.46311e-04
  24  beta_phi     1.32233e+02   2.42836e+02   1.57206e+01  -4.03366e-03
 EXTERNAL ERROR MATRIX.    NDIM=  25    NPAR= 11    ERR DEF=1
  5.272e+05 
  4.001e-02  6.863e-08 
 -6.519e-02  2.397e-09  6.379e-07 
  2.225e-03 -8.697e-09  3.183e-08  9.195e-08 
  1.531e-02 -1.899e-09  3.974e-09  1.721e-09  7.925e-08 
 -7.111e-03  2.879e-10 -2.253e-09 -2.045e-09  2.739e-09  8.421e-08 
  3.653e+02  7.200e-05  8.383e-06  2.095e-05 -1.845e-04  6.187e-05  1.629e+01 
  3.820e+03  4.810e-04  1.210e-03  4.614e-04 -1.727e-03  4.650e-04  1.783e+01  1.246e+02 
  1.247e+03  4.453e-04 -1.200e-03 -1.542e-04 -4.961e-04  3.261e-04  1.665e+02  6.986e+01  1.837e+03 
  2.953e+03  4.103e-04  7.424e-04  3.277e-04 -1.335e-03  3.832e-04  3.389e+01  1.004e+02  2.804e+02  1.089e+02 
 -2.927e+04 -5.161e-03 -8.133e-04 -1.944e-03  1.286e-02 -4.472e-03 -9.768e+02 -1.106e+03 -1.002e+04 -2.063e+03  5.897e+04 
ERR MATRIX APPROXIMATE
 PARAMETER  CORRELATION COEFFICIENTS  
       NO.  GLOBAL      1      3      4      6     10     13     20     21     22     23     24
        1  0.94339   1.000  0.210 -0.112  0.010  0.075 -0.034  0.125  0.471  0.040  0.390 -0.166
        3  0.37306   0.210  1.000  0.011 -0.109 -0.026  0.004  0.068  0.165  0.040  0.150 -0.081
        4  0.61733  -0.112  0.011  1.000  0.131  0.018 -0.010  0.003  0.136 -0.035  0.089 -0.004
        6  0.57715   0.010 -0.109  0.131  1.000  0.020 -0.023  0.017  0.136 -0.012  0.104 -0.026
       10  0.93514   0.075 -0.026  0.018  0.020  1.000  0.034 -0.162 -0.550 -0.041 -0.454  0.188
       13  0.68177  -0.034  0.004 -0.010 -0.023  0.034  1.000  0.053  0.144  0.026  0.127 -0.063
       20  0.99943   0.125  0.068  0.003  0.017 -0.162  0.053  1.000  0.396  0.963  0.805 -0.997
       21  0.99990   0.471  0.165  0.136  0.136 -0.550  0.144  0.396  1.000  0.146  0.862 -0.408
       22  0.99999   0.040  0.040 -0.035 -0.012 -0.041  0.026  0.963  0.146  1.000  0.627 -0.963
       23  0.99994   0.390  0.150  0.089  0.104 -0.454  0.127  0.805  0.862  0.627  1.000 -0.814
       24  0.99999  -0.166 -0.081 -0.004 -0.026  0.188 -0.063 -0.997 -0.408 -0.963 -0.814  1.000
 ERR MATRIX APPROXIMATE
MINUIT - FIT ONLY 2-CBO
 **********
 **   25 **RES 
 **********
                   PARAMETER   16  beta_vw RESTORED TO VARIABLE.
                   PARAMETER   14  alpha_vw RESTORED TO VARIABLE.
                   PARAMETER   11  alpha_y RESTORED TO VARIABLE.
                   PARAMETER    9  alpha_2CBO RESTORED TO VARIABLE.
                   PARAMETER    8  beta_CBO RESTORED TO VARIABLE.
 **********
 **   26 **FIX            0
 **********
 PARAMETER    0  IS UNDEFINED. IGNORED.
 **********
 **   27 **FIX            1
 **********
 **********
 **   28 **FIX            2
 **********
 PARAMETER    2  IS CONSTANT.   IGNORED.
 **********
 **   29 **FIX            3
 **********
 **********
 **   30 **FIX            4
 **********
 **********
 **   31 **FIX            5
 **********
 PARAMETER    5  IS CONSTANT.   IGNORED.
 **********
 **   32 **FIX            6
 **********
 **********
 **   33 **FIX            7
 **********
 PARAMETER    7  IS CONSTANT.   IGNORED.
 **********
 **   34 **FIX           10
 **********
 **********
 **   35 **FIX           11
 **********
 **********
 **   36 **FIX           12
 **********
 PARAMETER   12  IS CONSTANT.   IGNORED.
 **********
 **   37 **FIX           13
 **********
 **********
 **   38 **FIX           14
 **********
 **********
 **   39 **FIX           15
 **********
 PARAMETER   15  IS CONSTANT.   IGNORED.
 **********
 **   40 **FIX           16
 **********
 **********
 **   41 **MIGRAD
 **********
 START MIGRAD MINIMIZATION.  STRATEGY  1.  CONVERGENCE WHEN EDM .LT. 1.00e-04
 FCN=320.775 FROM MIGRAD    STATUS=INITIATE       18 CALLS        3283 TOTAL
                     EDM= unknown      STRATEGY= 1      NO ERROR MATRIX       
  EXT PARAMETER               CURRENT GUESS       STEP         FIRST   
  NO.   NAME      VALUE            ERROR          SIZE      DERIVATIVE 
   1  N0           3.44857e+06     fixed    
   2  tau          6.43680e+01   constant   
   3  A0           3.51607e-01     fixed    
   4  phi          4.12872e+00     fixed    
   5  R           -6.08433e+01   constant   
   6  alpha_CBO    1.95757e-03     fixed    
   7  w_CBO        2.32500e+00   constant   
   8  beta_CBO     0.00000e+00   1.00000e-03   1.00000e-03   1.06203e+05
   9  alpha_2CBO   0.00000e+00   1.00000e-03   1.00000e-03   4.10810e+03
  10  beta_2CBO    2.60456e-04     fixed    
  11  alpha_y      0.00000e+00     fixed    
  12  w_y          1.44500e+01   constant   
  13  beta_y      -5.60267e-06     fixed    
  14  alpha_vw     0.00000e+00     fixed    
  15  w_vw         1.29000e+01   constant   
  16  beta_vw      0.00000e+00     fixed    
  17  LM          -1.22211e-03   constant   
  18  zeta_y       0.00000e+00   constant   
  19  zeta_vw      0.00000e+00   constant   
  20  T_CBO        2.00134e+01   4.03532e+00  -1.87656e-03  -2.79744e+01
  21  alpha_A0    -3.14948e+00   1.11608e+01  -5.49836e-01   3.59705e-03
  22  beta_A0     -2.18487e+01   4.28600e+01  -2.38130e+00  -3.82389e-03
  23  alpha_phi   -5.01449e+00   1.04343e+01  -7.01665e-01   3.46311e-04
  24  beta_phi     1.32233e+02   2.42836e+02   1.57206e+01  -4.03366e-03
 MIGRAD MINIMIZATION HAS CONVERGED.
 MIGRAD WILL VERIFY CONVERGENCE AND ERROR MATRIX.
 FCN=72.2698 FROM HESSE     STATUS=NOT POSDEF     50 CALLS        3441 TOTAL
                     EDM=0.014418    STRATEGY= 1      ERR MATRIX NOT POS-DEF
  EXT PARAMETER                APPROXIMATE        STEP         FIRST   
  NO.   NAME      VALUE            ERROR          SIZE      DERIVATIVE 
   1  N0           3.44857e+06     fixed    
   2  tau          6.43680e+01   constant   
   3  A0           3.51607e-01     fixed    
   4  phi          4.12872e+00     fixed    
   5  R           -6.08433e+01   constant   
   6  alpha_CBO    1.95757e-03     fixed    
   7  w_CBO        2.32500e+00   constant   
   8  beta_CBO    -4.66804e-03   2.94109e-04   1.19801e-06   3.18556e+00
   9  alpha_2CBO  -3.82017e-04   2.97563e-04   1.21743e-06  -3.30453e+00
  10  beta_2CBO    2.60456e-04     fixed    
  11  alpha_y      0.00000e+00     fixed    
  12  w_y          1.44500e+01   constant   
  13  beta_y      -5.60267e-06     fixed    
  14  alpha_vw     0.00000e+00     fixed    
  15  w_vw         1.29000e+01   constant   
  16  beta_vw      0.00000e+00     fixed    
  17  LM          -1.22211e-03   constant   
  18  zeta_y       0.00000e+00   constant   
  19  zeta_vw      0.00000e+00   constant   
  20  T_CBO        1.88405e+01   2.27830e+01   4.45676e-05  -1.10640e+00
  21  alpha_A0     2.91838e+00   7.39081e+01   2.57339e-01  -9.63789e-06
  22  beta_A0      4.04173e+01   5.35053e+02   2.35397e-01   9.49900e-05
  23  alpha_phi    2.44846e+01   3.16383e+02   2.24726e-01  -1.59552e-05
  24  beta_phi     4.31182e+01   5.68715e+02   2.26178e-01   1.52814e-05
 CALL LIMIT EXCEEDED IN MIGRAD.
 MIGRAD TERMINATED WITHOUT CONVERGENCE.
 FCN=72.1804 FROM MIGRAD    STATUS=CALL LIMIT   1151 CALLS        4416 TOTAL
                     EDM=0.00528255    STRATEGY= 1      ERR MATRIX NOT POS-DEF
  EXT PARAMETER                APPROXIMATE        STEP         FIRST   
  NO.   NAME      VALUE            ERROR          SIZE      DERIVATIVE 
   1  N0           3.44857e+06     fixed    
   2  tau          6.43680e+01   constant   
   3  A0           3.51607e-01     fixed    
   4  phi          4.12872e+00     fixed    
   5  R           -6.08433e+01   constant   
   6  alpha_CBO    1.95757e-03     fixed    
   7  w_CBO        2.32500e+00   constant   
   8  beta_CBO    -4.67047e-03   2.76993e-04   4.22848e-07   2.13816e+01
   9  alpha_2CBO  -3.84021e-04   2.77531e-04   6.51619e-07  -1.06129e+01
  10  beta_2CBO    2.60456e-04     fixed    
  11  alpha_y      0.00000e+00     fixed    
  12  w_y          1.44500e+01   constant   
  13  beta_y      -5.60267e-06     fixed    
  14  alpha_vw     0.00000e+00     fixed    
  15  w_vw         1.29000e+01   constant   
  16  beta_vw      0.00000e+00     fixed    
  17  LM          -1.22211e-03   constant   
  18  zeta_y       0.00000e+00   constant   
  19  zeta_vw      0.00000e+00   constant   
  20  T_CBO        3.57781e+01   2.60403e+01   2.11090e-03  -6.50902e-01
  21  alpha_A0     2.62377e-02   6.31510e-01   1.83044e-03   6.74893e-02
  22  beta_A0      2.47036e-01   1.12258e+00  -3.60949e-03   9.20097e-02
  23  alpha_phi    1.69432e-01   1.03241e+00  -1.59933e-02  -5.91279e-02
  24  beta_phi     2.46129e-01   1.29337e+00  -1.04205e-02  -7.97339e-02
 EXTERNAL ERROR MATRIX.    NDIM=  25    NPAR=  7    ERR DEF=1
  7.673e-08  4.352e-09 -1.127e-04  4.116e-07 -5.983e-06 -4.282e-06  2.650e-05 
  4.352e-09  7.702e-08  5.581e-04  1.596e-05 -1.313e-05 -2.863e-05 -1.523e-05 
 -1.127e-04  5.581e-04  6.826e+02  6.806e+00 -2.721e+01 -2.470e+01 -3.267e+01 
  4.116e-07  1.596e-05  6.806e+00  3.988e-01 -3.698e-01 -2.323e-01 -3.008e-01 
 -5.983e-06 -1.313e-05 -2.721e+01 -3.698e-01  1.260e+00  1.058e+00  1.320e+00 
 -4.282e-06 -2.863e-05 -2.470e+01 -2.323e-01  1.058e+00  1.066e+00  1.160e+00 
  2.650e-05 -1.523e-05 -3.267e+01 -3.008e-01  1.320e+00  1.160e+00  1.673e+00 
ERR MATRIX NOT POS-DEF
 PARAMETER  CORRELATION COEFFICIENTS  
       NO.  GLOBAL      8      9     20     21     22     23     24
        8  0.28336   1.000  0.057 -0.016  0.002 -0.019 -0.015  0.074
        9  0.22855   0.057  1.000  0.077  0.091 -0.042 -0.100 -0.042
       20  0.98063  -0.016  0.077  1.000  0.413 -0.928 -0.916 -0.967
       21  0.65825   0.002  0.091  0.413  1.000 -0.522 -0.356 -0.368
       22  0.96215  -0.019 -0.042 -0.928 -0.522  1.000  0.913  0.909
       23  0.94489  -0.015 -0.100 -0.916 -0.356  0.913  1.000  0.869
       24  0.97394   0.074 -0.042 -0.967 -0.368  0.909  0.869  1.000
 ERR MATRIX NOT POS-DEF
MINUIT - FIT wiggle + 1-CBO + 2-CBO
 **********
 **   42 **RES 
 **********
                   PARAMETER   16  beta_vw RESTORED TO VARIABLE.
                   PARAMETER   14  alpha_vw RESTORED TO VARIABLE.
                   PARAMETER   13  beta_y RESTORED TO VARIABLE.
                   PARAMETER   11  alpha_y RESTORED TO VARIABLE.
                   PARAMETER   10  beta_2CBO RESTORED TO VARIABLE.
                   PARAMETER    6  alpha_CBO RESTORED TO VARIABLE.
                   PARAMETER    4  phi RESTORED TO VARIABLE.
                   PARAMETER    3  A0 RESTORED TO VARIABLE.
                   PARAMETER    1  N0 RESTORED TO VARIABLE.
 **********
 **   43 **FIX           10
 **********
 **********
 **   44 **FIX           11
 **********
 **********
 **   45 **FIX           12
 **********
 PARAMETER   12  IS CONSTANT.   IGNORED.
 **********
 **   46 **FIX           13
 **********
 **********
 **   47 **FIX           14
 **********
 **********
 **   48 **FIX           15
 **********
 PARAMETER   15  IS CONSTANT.   IGNORED.
 **********
 **   49 **FIX           16
 **********
 **********
 **   50 **MIGRAD
 **********
 START MIGRAD MINIMIZATION.  STRATEGY  1.  CONVERGENCE WHEN EDM .LT. 1.00e-04
 FCN=72.1804 FROM MIGRAD    STATUS=INITIATE       22 CALLS        4438 TOTAL
                     EDM= unknown      STRATEGY= 1      NO ERROR MATRIX       
  EXT PARAMETER               CURRENT GUESS       STEP         FIRST   
  NO.   NAME      VALUE            ERROR          SIZE      DERIVATIVE 
   1  N0           3.44857e+06   7.26073e+02   7.26073e+02  -1.20950e-03
   2  tau          6.43680e+01   constant   
   3  A0           3.51607e-01   2.61979e-04   2.61979e-04  -1.99437e+04
   4  phi          4.12872e+00   7.98715e-04   7.98715e-04  -6.50329e+03
   5  R           -6.08433e+01   constant   
   6  alpha_CBO    1.95757e-03   3.03231e-04   3.03231e-04   9.08181e+02
   7  w_CBO        2.32500e+00   constant   
   8  beta_CBO    -4.67047e-03   2.76993e-04   4.22848e-07   2.13816e+01
   9  alpha_2CBO  -3.84021e-04   2.77531e-04   6.51619e-07  -1.06129e+01
  10  beta_2CBO    2.60456e-04     fixed    
  11  alpha_y      0.00000e+00     fixed    
  12  w_y          1.44500e+01   constant   
  13  beta_y      -5.60267e-06     fixed    
  14  alpha_vw     0.00000e+00     fixed    
  15  w_vw         1.29000e+01   constant   
  16  beta_vw      0.00000e+00     fixed    
  17  LM          -1.22211e-03   constant   
  18  zeta_y       0.00000e+00   constant   
  19  zeta_vw      0.00000e+00   constant   
  20  T_CBO        3.57781e+01   2.60403e+01   2.11090e-03  -6.50912e-01
  21  alpha_A0     2.62377e-02   6.31510e-01   1.83044e-03   6.74893e-02
  22  beta_A0      2.47036e-01   1.12258e+00  -3.60949e-03   9.20096e-02
  23  alpha_phi    1.69432e-01   1.03241e+00  -1.59933e-02  -5.91279e-02
  24  beta_phi     2.46129e-01   1.29337e+00  -1.04205e-02  -7.97339e-02
 CALL LIMIT EXCEEDED IN MIGRAD.
 MIGRAD TERMINATED WITHOUT CONVERGENCE.
 FCN=55.8553 FROM MIGRAD    STATUS=CALL LIMIT   1927 CALLS        6343 TOTAL
                     EDM=0.00576166    STRATEGY= 1  ERROR MATRIX UNCERTAINTY  18.4 per cent
  EXT PARAMETER                APPROXIMATE        STEP         FIRST   
  NO.   NAME      VALUE            ERROR          SIZE      DERIVATIVE 
   1  N0           3.44915e+06   7.23356e+02  -2.25162e+01  -8.98647e-05
   2  tau          6.43680e+01   constant   
   3  A0           3.52428e-01   2.66174e-04  -2.46954e-06  -1.41660e+01
   4  phi          4.13113e+00   8.17168e-04   1.71006e-05   5.29492e+01
   5  R           -6.08433e+01   constant   
   6  alpha_CBO    1.98325e-03   2.91099e-04  -1.36572e-06  -4.13111e+01
   7  w_CBO        2.32500e+00   constant   
   8  beta_CBO    -4.97397e-03   2.93635e-04  -4.03928e-07   2.03567e+01
   9  alpha_2CBO  -3.44997e-04   2.91902e-04   1.64727e-06   7.52239e+01
  10  beta_2CBO    2.60456e-04     fixed    
  11  alpha_y      0.00000e+00     fixed    
  12  w_y          1.44500e+01   constant   
  13  beta_y      -5.60267e-06     fixed    
  14  alpha_vw     0.00000e+00     fixed    
  15  w_vw         1.29000e+01   constant   
  16  beta_vw      0.00000e+00     fixed    
  17  LM          -1.22211e-03   constant   
  18  zeta_y       0.00000e+00   constant   
  19  zeta_vw      0.00000e+00   constant   
  20  T_CBO        1.50599e+01   4.09998e+00  -1.65012e-03  -1.45636e+01
  21  alpha_A0     7.00332e+02   2.10409e+03   1.17287e+02   6.58744e-05
  22  beta_A0      1.02126e+03   3.06805e+03   1.71023e+02  -1.94742e-04
  23  alpha_phi    1.00718e+03   3.03023e+03   1.68916e+02   1.79969e-05
  24  beta_phi     5.94993e+02   1.79036e+03   9.98020e+01  -4.69393e-05
 EXTERNAL ERROR MATRIX.    NDIM=  25    NPAR= 11    ERR DEF=1
  5.232e+05 
  3.421e-02  7.085e-08 
 -3.465e-02  1.833e-08  6.678e-07 
 -1.533e-03 -6.915e-09  3.487e-08  8.474e-08 
 -6.342e-03 -1.358e-08 -3.913e-08 -5.917e-10  8.622e-08 
  3.428e-03  6.342e-10  9.138e-09  1.972e-09 -2.037e-09  8.521e-08 
 -2.439e+02 -5.780e-05  1.768e-04 -1.367e-05  6.303e-06  2.759e-05  1.682e+01 
 -3.740e+04  2.574e-02  5.071e-02  8.176e-03 -8.589e-03  5.258e-03 -8.335e+03  4.427e+06 
 -5.459e+04  3.753e-02  7.392e-02  1.192e-02 -1.253e-02  7.667e-03 -1.215e+04  6.455e+06  9.413e+06 
 -5.396e+04  3.707e-02  7.302e-02  1.179e-02 -1.237e-02  7.560e-03 -1.200e+04  6.376e+06  9.297e+06  9.182e+06 
 -3.189e+04  2.189e-02  4.314e-02  6.951e-03 -7.290e-03  4.474e-03 -7.092e+03  3.767e+06  5.493e+06  5.425e+06  3.205e+06 
ERR MATRIX APPROXIMATE
 PARAMETER  CORRELATION COEFFICIENTS  
       NO.  GLOBAL      1      3      4      6      8      9     20     21     22     23     24
        1  0.46723   1.000  0.178 -0.059 -0.007 -0.030  0.016 -0.082 -0.025 -0.025 -0.025 -0.025
        3  0.29330   0.178  1.000  0.084 -0.089 -0.174  0.008 -0.053  0.046  0.046  0.046  0.046
        4  0.40651  -0.059  0.084  1.000  0.147 -0.163  0.038  0.053  0.029  0.029  0.029  0.029
        6  0.24452  -0.007 -0.089  0.147  1.000 -0.007  0.023 -0.011  0.013  0.013  0.013  0.013
        8  0.30605  -0.030 -0.174 -0.163 -0.007  1.000 -0.024  0.005 -0.014 -0.014 -0.014 -0.014
        9  0.18729   0.016  0.008  0.038  0.023 -0.024  1.000  0.023  0.009  0.009  0.009  0.009
       20  0.97699  -0.082 -0.053  0.053 -0.011  0.005  0.023  1.000 -0.966 -0.966 -0.966 -0.966
       21  1.00000  -0.025  0.046  0.029  0.013 -0.014  0.009 -0.966  1.000  1.000  1.000  1.000
       22  1.00000  -0.025  0.046  0.029  0.013 -0.014  0.009 -0.966  1.000  1.000  1.000  1.000
       23  1.00000  -0.025  0.046  0.029  0.013 -0.014  0.009 -0.966  1.000  1.000  1.000  1.000
       24  1.00000  -0.025  0.046  0.029  0.013 -0.014  0.009 -0.966  1.000  1.000  1.000  1.000
 ERR MATRIX APPROXIMATE
MINUIT - FIT ONLY 1-y
 **********
 **   51 **RES 
 **********
                   PARAMETER   16  beta_vw RESTORED TO VARIABLE.
                   PARAMETER   14  alpha_vw RESTORED TO VARIABLE.
                   PARAMETER   13  beta_y RESTORED TO VARIABLE.
                   PARAMETER   11  alpha_y RESTORED TO VARIABLE.
                   PARAMETER   10  beta_2CBO RESTORED TO VARIABLE.
 **********
 **   52 **FIX            0
 **********
 PARAMETER    0  IS UNDEFINED. IGNORED.
 **********
 **   53 **FIX            1
 **********
 **********
 **   54 **FIX            2
 **********
 PARAMETER    2  IS CONSTANT.   IGNORED.
 **********
 **   55 **FIX            3
 **********
 **********
 **   56 **FIX            4
 **********
 **********
 **   57 **FIX            5
 **********
 PARAMETER    5  IS CONSTANT.   IGNORED.
 **********
 **   58 **FIX            6
 **********
 **********
 **   59 **FIX            7
 **********
 PARAMETER    7  IS CONSTANT.   IGNORED.
 **********
 **   60 **FIX            8
 **********
 **********
 **   61 **FIX            9
 **********
 **********
 **   62 **FIX           13
 **********
 **********
 **   63 **FIX           14
 **********
 **********
 **   64 **FIX           15
 **********
 PARAMETER   15  IS CONSTANT.   IGNORED.
 **********
 **   65 **FIX           16
 **********
 **********
 **   66 **MIGRAD
 **********
 START MIGRAD MINIMIZATION.  STRATEGY  1.  CONVERGENCE WHEN EDM .LT. 1.00e-04
 FCN=55.8553 FROM MIGRAD    STATUS=INITIATE       16 CALLS        6359 TOTAL
                     EDM= unknown      STRATEGY= 1      NO ERROR MATRIX       
  EXT PARAMETER               CURRENT GUESS       STEP         FIRST   
  NO.   NAME      VALUE            ERROR          SIZE      DERIVATIVE 
   1  N0           3.44915e+06     fixed    
   2  tau          6.43680e+01   constant   
   3  A0           3.52428e-01     fixed    
   4  phi          4.13113e+00     fixed    
   5  R           -6.08433e+01   constant   
   6  alpha_CBO    1.98325e-03     fixed    
   7  w_CBO        2.32500e+00   constant   
   8  beta_CBO    -4.97397e-03     fixed    
   9  alpha_2CBO  -3.44997e-04     fixed    
  10  beta_2CBO    2.60456e-04   2.81512e-04   2.81512e-04   1.40135e+03
  11  alpha_y      0.00000e+00   1.00000e-03   1.00000e-03   1.86357e+04
  12  w_y          1.44500e+01   constant   
  13  beta_y      -5.60267e-06     fixed    
  14  alpha_vw     0.00000e+00     fixed    
  15  w_vw         1.29000e+01   constant   
  16  beta_vw      0.00000e+00     fixed    
  17  LM          -1.22211e-03   constant   
  18  zeta_y       0.00000e+00   constant   
  19  zeta_vw      0.00000e+00   constant   
  20  T_CBO        1.50599e+01   4.09998e+00  -1.65012e-03  -1.45637e+01
  21  alpha_A0     7.00332e+02   2.10409e+03   1.17287e+02   6.58744e-05
  22  beta_A0      1.02126e+03   3.06805e+03   1.71023e+02  -1.94742e-04
  23  alpha_phi    1.00718e+03   3.03023e+03   1.68916e+02   1.79969e-05
  24  beta_phi     5.94993e+02   1.79036e+03   9.98020e+01  -4.69393e-05
 CALL LIMIT EXCEEDED IN MIGRAD.
 MIGRAD TERMINATED WITHOUT CONVERGENCE.
 FCN=48.3039 FROM MIGRAD    STATUS=CALL LIMIT   1151 CALLS        7494 TOTAL
                     EDM=0.00176736    STRATEGY= 1  ERROR MATRIX UNCERTAINTY   5.3 per cent
  EXT PARAMETER                APPROXIMATE        STEP         FIRST   
  NO.   NAME      VALUE            ERROR          SIZE      DERIVATIVE 
   1  N0           3.44915e+06     fixed    
   2  tau          6.43680e+01   constant   
   3  A0           3.52428e-01     fixed    
   4  phi          4.13113e+00     fixed    
   5  R           -6.08433e+01   constant   
   6  alpha_CBO    1.98325e-03     fixed    
   7  w_CBO        2.32500e+00   constant   
   8  beta_CBO    -4.97397e-03     fixed    
   9  alpha_2CBO  -3.44997e-04     fixed    
  10  beta_2CBO    2.10014e-04   2.72342e-04   1.06420e-06  -1.19718e+02
  11  alpha_y     -7.84216e-04   2.92707e-04  -1.73782e-06   3.62103e+01
  12  w_y          1.44500e+01   constant   
  13  beta_y      -5.60267e-06     fixed    
  14  alpha_vw     0.00000e+00     fixed    
  15  w_vw         1.29000e+01   constant   
  16  beta_vw      0.00000e+00     fixed    
  17  LM          -1.22211e-03   constant   
  18  zeta_y       0.00000e+00   constant   
  19  zeta_vw      0.00000e+00   constant   
  20  T_CBO        9.66819e+00   1.72246e+00  -4.96971e-04  -2.69983e+01
  21  alpha_A0     1.41434e+06   4.76680e+06   1.28601e+05   5.86500e-08
  22  beta_A0      2.13338e+06   7.18467e+06   1.93833e+05  -4.44886e-08
  23  alpha_phi    1.85796e+06   6.26592e+06   1.69043e+05  -8.58365e-08
  24  beta_phi     1.24416e+06   4.18641e+06   1.12944e+05   1.92717e-08
 EXTERNAL ERROR MATRIX.    NDIM=  25    NPAR=  7    ERR DEF=1
  7.417e-08  7.222e-10  3.016e-05 -1.191e+02 -1.794e+02 -1.565e+02 -1.046e+02 
  7.222e-10  8.568e-08 -6.127e-07 -3.192e+00 -4.807e+00 -4.188e+00 -2.798e+00 
  3.016e-05 -6.127e-07  2.967e+00 -8.178e+06 -1.233e+07 -1.075e+07 -7.183e+06 
 -1.191e+02 -3.192e+00 -8.178e+06  2.272e+13  3.425e+13  2.987e+13  1.996e+13 
 -1.794e+02 -4.807e+00 -1.233e+07  3.425e+13  5.162e+13  4.502e+13  3.008e+13 
 -1.565e+02 -4.188e+00 -1.075e+07  2.987e+13  4.502e+13  3.926e+13  2.623e+13 
 -1.046e+02 -2.798e+00 -7.183e+06  1.996e+13  3.008e+13  2.623e+13  1.753e+13 
ERR MATRIX APPROXIMATE
 PARAMETER  CORRELATION COEFFICIENTS  
       NO.  GLOBAL     10     11     20     21     22     23     24
       10  0.35210   1.000  0.009  0.064 -0.092 -0.092 -0.092 -0.092
       11  0.04717   0.009  1.000 -0.001 -0.002 -0.002 -0.002 -0.002
       20  0.99655   0.064 -0.001  1.000 -0.996 -0.996 -0.996 -0.996
       21  1.00000  -0.092 -0.002 -0.996  1.000  1.000  1.000  1.000
       22  1.00000  -0.092 -0.002 -0.996  1.000  1.000  1.000  1.000
       23  1.00000  -0.092 -0.002 -0.996  1.000  1.000  1.000  1.000
       24  1.00000  -0.092 -0.002 -0.996  1.000  1.000  1.000  1.000
 ERR MATRIX APPROXIMATE
MINUIT - FIT ONLY 2-y
 **********
 **   67 **RES 
 **********
                   PARAMETER   16  beta_vw RESTORED TO VARIABLE.
                   PARAMETER   14  alpha_vw RESTORED TO VARIABLE.
                   PARAMETER   13  beta_y RESTORED TO VARIABLE.
                   PARAMETER    9  alpha_2CBO RESTORED TO VARIABLE.
                   PARAMETER    8  beta_CBO RESTORED TO VARIABLE.
                   PARAMETER    6  alpha_CBO RESTORED TO VARIABLE.
                   PARAMETER    4  phi RESTORED TO VARIABLE.
                   PARAMETER    3  A0 RESTORED TO VARIABLE.
                   PARAMETER    1  N0 RESTORED TO VARIABLE.
 **********
 **   68 **FIX            0
 **********
 PARAMETER    0  IS UNDEFINED. IGNORED.
 **********
 **   69 **FIX            1
 **********
 **********
 **   70 **FIX            2
 **********
 PARAMETER    2  IS CONSTANT.   IGNORED.
 **********
 **   71 **FIX            3
 **********
 **********
 **   72 **FIX            4
 **********
 **********
 **   73 **FIX            5
 **********
 PARAMETER    5  IS CONSTANT.   IGNORED.
 **********
 **   74 **FIX            6
 **********
 **********
 **   75 **FIX            7
 **********
 PARAMETER    7  IS CONSTANT.   IGNORED.
 **********
 **   76 **FIX            8
 **********
 **********
 **   77 **FIX            9
 **********
 **********
 **   78 **FIX           10
 **********
 **********
 **   79 **FIX           11
 **********
 **********
 **   80 **FIX           12
 **********
 PARAMETER   12  IS CONSTANT.   IGNORED.
 **********
 **   81 **FIX           16
 **********
 **********
 **   82 **MIGRAD
 **********
 START MIGRAD MINIMIZATION.  STRATEGY  1.  CONVERGENCE WHEN EDM .LT. 1.00e-04
 FCN=48.3039 FROM MIGRAD    STATUS=INITIATE       16 CALLS        7510 TOTAL
                     EDM= unknown      STRATEGY= 1      NO ERROR MATRIX       
  EXT PARAMETER               CURRENT GUESS       STEP         FIRST   
  NO.   NAME      VALUE            ERROR          SIZE      DERIVATIVE 
   1  N0           3.44915e+06     fixed    
   2  tau          6.43680e+01   constant   
   3  A0           3.52428e-01     fixed    
   4  phi          4.13113e+00     fixed    
   5  R           -6.08433e+01   constant   
   6  alpha_CBO    1.98325e-03     fixed    
   7  w_CBO        2.32500e+00   constant   
   8  beta_CBO    -4.97397e-03     fixed    
   9  alpha_2CBO  -3.44997e-04     fixed    
  10  beta_2CBO    2.10014e-04     fixed    
  11  alpha_y     -7.84216e-04     fixed    
  12  w_y          1.44500e+01   constant   
  13  beta_y      -5.60267e-06   2.90196e-04   2.90196e-04  -6.11631e+02
  14  alpha_vw     0.00000e+00   1.00000e-03   1.00000e-03  -1.23808e+04
  15  w_vw         1.29000e+01   constant   
  16  beta_vw      0.00000e+00     fixed    
  17  LM          -1.22211e-03   constant   
  18  zeta_y       0.00000e+00   constant   
  19  zeta_vw      0.00000e+00   constant   
  20  T_CBO        9.66819e+00   1.72246e+00  -4.96971e-04  -2.69983e+01
  21  alpha_A0     1.41434e+06   4.76680e+06   1.28601e+05   5.86499e-08
  22  beta_A0      2.13338e+06   7.18467e+06   1.93833e+05  -4.44894e-08
  23  alpha_phi    1.85796e+06   6.26592e+06   1.69043e+05  -8.58365e-08
  24  beta_phi     1.24416e+06   4.18641e+06   1.12944e+05   1.92717e-08
 CALL LIMIT EXCEEDED IN MIGRAD.
 MIGRAD TERMINATED WITHOUT CONVERGENCE.
 FCN=44.9643 FROM MIGRAD    STATUS=CALL LIMIT   1155 CALLS        8649 TOTAL
                     EDM=0.00177765    STRATEGY= 1  ERROR MATRIX UNCERTAINTY  32.5 per cent
  EXT PARAMETER                APPROXIMATE        STEP         FIRST   
  NO.   NAME      VALUE            ERROR          SIZE      DERIVATIVE 
   1  N0           3.44915e+06     fixed    
   2  tau          6.43680e+01   constant   
   3  A0           3.52428e-01     fixed    
   4  phi          4.13113e+00     fixed    
   5  R           -6.08433e+01   constant   
   6  alpha_CBO    1.98325e-03     fixed    
   7  w_CBO        2.32500e+00   constant   
   8  beta_CBO    -4.97397e-03     fixed    
   9  alpha_2CBO  -3.44997e-04     fixed    
  10  beta_2CBO    2.10014e-04     fixed    
  11  alpha_y     -7.84216e-04     fixed    
  12  w_y          1.44500e+01   constant   
  13  beta_y       2.10064e-05   2.89444e-04   7.33366e-07   7.01321e+01
  14  alpha_vw     5.22491e-04   2.87392e-04   7.02024e-07   4.98481e+01
  15  w_vw         1.29000e+01   constant   
  16  beta_vw      0.00000e+00     fixed    
