 + ++++++++++++++++++++++++++++++++++++++++++++++++++++++++++++++++++++ +
 +                                                                      +
 +           You have chose to blind your fitting according to          +
 +                omega_ref * (1 + (R +/- deltaR) *10^{-6})             +
 +                                                                      +
 + ++++++++++++++++++++++++++++++++++++++++++++++++++++++++++++++++++++ +
In main()...
reading format from /gm2data/zkhechad/run45/envelope/formats/formatB_sBin_constraintOn.txt
pBinTau 	= 0  
pBinPhi 	= 0  
constraintau 	= 1 
includeMopTerm 	= 0    
constrainMop    = 0   
Parameters after format file: pBinTau 0 pBinPhi 0 constraintau 1 includeMopTerm 0 constrainMop 0 c_e_scale 0.000000 
Opening file /gm2data/tbarrett/gm2fr/studies/run23_bunch_corrections/CorrectedFourier_Run3b.root.
reading full fit data from /gm2data/zkhechad/cboTemplates/Run4CBOTemplates/templateFits0_v2.0/noRF/sBin_constraintOn_cE0.0_seed0_noRF_calo7.root
windowBins = 17
fitting sliding window 504 from bin 640 at 95.338800 to bin 657 at 98.024400 (17 bins)

Reading data from /gm2data/cornell/histograms/aMethod/histogram_a_noRF.root
 **********
 **    1 **SET PRINTOUT            1
 **********
 **********
 **    2 **SET NOWARNINGS 
 **********
 PARAMETER DEFINITIONS:
    NO.   NAME         VALUE      STEP SIZE      LIMITS
     1 N0           3.03263e+06  1.00000e+02     no limits
     2 tau          6.43884e+01  constant
     3 A0           3.50182e-01  1.00000e-04     no limits
     4 phi          4.11722e+00  1.00000e-02     no limits
     5 R           -6.17521e+01  constant
     6 alpha_CBO    0.00000e+00  1.00000e-03     no limits
     7 w_CBO        2.32500e+00  constant
     8 beta_CBO     0.00000e+00  1.00000e-03     no limits
     9 alpha_2CBO   0.00000e+00  1.00000e-03     no limits
    10 beta_2CBO    0.00000e+00  1.00000e-03     no limits
    11 alpha_y      0.00000e+00  1.00000e-03     no limits
    12 w_y          1.44500e+01  constant
    13 beta_y       0.00000e+00  1.00000e-03     no limits
    14 alpha_vw     0.00000e+00  1.00000e-03     no limits
    15 w_vw         1.29000e+01  constant
    16 beta_vw      0.00000e+00  1.00000e-03     no limits
    17 LM          -7.01586e-04  constant
    18 zeta_y       0.00000e+00  constant
    19 zeta_vw      0.00000e+00  constant
    20 T_CBO        1.00000e+02  1.00000e+00    0.00000e+00  1.00000e+03
    21 alpha_A0     0.00000e+00  1.00000e-03     no limits
    22 beta_A0      0.00000e+00  1.00000e-03     no limits
    23 alpha_phi    0.00000e+00  1.00000e-03     no limits
    24 beta_phi     0.00000e+00  1.00000e-03     no limits
MINUIT - FIT ONLY WIGGLE
 **********
 **    3 **FIX            5
 **********
 PARAMETER    5  IS CONSTANT.   IGNORED.
 **********
 **    4 **FIX            6
 **********
 **********
 **    5 **FIX            7
 **********
 PARAMETER    7  IS CONSTANT.   IGNORED.
 **********
 **    6 **FIX            8
 **********
 **********
 **    7 **FIX            9
 **********
 **********
 **    8 **FIX           10
 **********
 **********
 **    9 **FIX           11
 **********
 **********
 **   10 **FIX           12
 **********
 PARAMETER   12  IS CONSTANT.   IGNORED.
 **********
 **   11 **FIX           13
 **********
 **********
 **   12 **FIX           14
 **********
 **********
 **   13 **FIX           15
 **********
 PARAMETER   15  IS CONSTANT.   IGNORED.
 **********
 **   14 **FIX           16
 **********
 **********
 **   15 **MIGRAD
 **********
 FIRST CALL TO USER FUNCTION AT NEW START POINT, WITH IFLAG=4.
 START MIGRAD MINIMIZATION.  STRATEGY  1.  CONVERGENCE WHEN EDM .LT. 1.00e-04
 FCN=509.294 FROM MIGRAD    STATUS=INITIATE      437 CALLS         438 TOTAL
                     EDM= unknown      STRATEGY= 1      NO ERROR MATRIX       
  EXT PARAMETER               CURRENT GUESS       STEP         FIRST   
  NO.   NAME      VALUE            ERROR          SIZE      DERIVATIVE 
   1  N0           3.03263e+06   1.00000e+02   0.00000e+00   1.85834e-02
   2  tau          6.43884e+01   constant   
   3  A0           3.50182e-01   1.00000e-04   0.00000e+00   8.43883e+04
   4  phi          4.11722e+00   1.00000e-02   0.00000e+00   2.64339e+04
   5  R           -6.17521e+01   constant   
   6  alpha_CBO    0.00000e+00     fixed    
   7  w_CBO        2.32500e+00   constant   
   8  beta_CBO     0.00000e+00     fixed    
   9  alpha_2CBO   0.00000e+00     fixed    
  10  beta_2CBO    0.00000e+00     fixed    
  11  alpha_y      0.00000e+00     fixed    
  12  w_y          1.44500e+01   constant   
  13  beta_y       0.00000e+00     fixed    
  14  alpha_vw     0.00000e+00     fixed    
  15  w_vw         1.29000e+01   constant   
  16  beta_vw      0.00000e+00     fixed    
  17  LM          -7.01586e-04   constant   
  18  zeta_y       0.00000e+00   constant   
  19  zeta_vw      0.00000e+00   constant   
  20  T_CBO        1.00000e+02   1.00000e+00   0.00000e+00   0.00000e+00
  21  alpha_A0     0.00000e+00   1.00000e-03   0.00000e+00  -7.02833e+03
  22  beta_A0      0.00000e+00   1.00000e-03   0.00000e+00   5.82902e+03
  23  alpha_phi    0.00000e+00   1.00000e-03   0.00000e+00   3.21443e+03
  24  beta_phi     0.00000e+00   1.00000e-03   0.00000e+00  -7.89709e+03
 CALL LIMIT EXCEEDED IN MIGRAD.
 MIGRAD TERMINATED WITHOUT CONVERGENCE.
 FCN=57.3072 FROM MIGRAD    STATUS=CALL LIMIT   1333 CALLS        1334 TOTAL
                     EDM=0.00150352    STRATEGY= 1  ERROR MATRIX UNCERTAINTY   0.3 per cent
  EXT PARAMETER                APPROXIMATE        STEP         FIRST   
  NO.   NAME      VALUE            ERROR          SIZE      DERIVATIVE 
   1  N0           3.01674e+06   8.76128e+02  -5.98017e+00  -9.11414e-05
   2  tau          6.43884e+01   constant   
   3  A0           3.43792e-01   3.23544e-04   8.28759e-06   2.91772e+02
   4  phi          4.11427e+00   6.51093e-04   2.32571e-06   1.69521e+01
   5  R           -6.17521e+01   constant   
   6  alpha_CBO    0.00000e+00     fixed    
   7  w_CBO        2.32500e+00   constant   
   8  beta_CBO     0.00000e+00     fixed    
   9  alpha_2CBO   0.00000e+00     fixed    
  10  beta_2CBO    0.00000e+00     fixed    
  11  alpha_y      0.00000e+00     fixed    
  12  w_y          1.44500e+01   constant   
  13  beta_y       0.00000e+00     fixed    
  14  alpha_vw     0.00000e+00     fixed    
  15  w_vw         1.29000e+01   constant   
  16  beta_vw      0.00000e+00     fixed    
  17  LM          -7.01586e-04   constant   
  18  zeta_y       0.00000e+00   constant   
  19  zeta_vw      0.00000e+00   constant   
  20  T_CBO        1.20701e+01   5.73178e+00  -5.60656e-03  -4.36568e+00
  21  alpha_A0    -1.92849e+00   5.37724e+00  -6.46555e-01   2.35840e-01
  22  beta_A0     -5.23320e+00   1.42472e+01  -1.71297e+00  -9.58882e-02
  23  alpha_phi    3.58730e+00   9.83878e+00   1.18292e+00   6.73202e-02
  24  beta_phi    -1.90839e+00   5.32205e+00  -6.39898e-01   1.89582e-01
 EXTERNAL ERROR MATRIX.    NDIM=  25    NPAR=  8    ERR DEF=1
  7.676e+05  2.168e-01 -1.101e-01 -5.148e+00  7.522e+01  2.003e+02 -1.388e+02  7.410e+01 
  2.168e-01  1.047e-07 -3.505e-08  2.090e-05  2.485e-05  6.620e-05 -4.597e-05  2.456e-05 
 -1.101e-01 -3.505e-08  4.239e-07  1.464e-04  1.278e-04  3.382e-04 -2.340e-04  1.267e-04 
 -5.148e+00  2.090e-05  1.464e-04  3.288e+01  2.994e+01  7.933e+01 -5.478e+01  2.963e+01 
  7.522e+01  2.485e-05  1.278e-04  2.994e+01  2.891e+01  7.661e+01 -5.291e+01  2.862e+01 
  2.003e+02  6.620e-05  3.382e-04  7.933e+01  7.661e+01  2.030e+02 -1.402e+02  7.582e+01 
 -1.388e+02 -4.597e-05 -2.340e-04 -5.478e+01 -5.291e+01 -1.402e+02  9.680e+01 -5.236e+01 
  7.410e+01  2.456e-05  1.267e-04  2.963e+01  2.862e+01  7.582e+01 -5.236e+01  2.832e+01 
ERR MATRIX APPROXIMATE
 PARAMETER  CORRELATION COEFFICIENTS  
       NO.  GLOBAL      1      3      4     20     21     22     23     24
        1  0.79324   1.000  0.765 -0.193 -0.001  0.016  0.016 -0.016  0.016
        3  0.78214   0.765  1.000 -0.166  0.011  0.014  0.014 -0.014  0.014
        4  0.36143  -0.193 -0.166  1.000  0.039  0.037  0.036 -0.037  0.037
       20  0.97733  -0.001  0.011  0.039  1.000  0.971  0.971 -0.971  0.971
       21  1.00000   0.016  0.014  0.037  0.971  1.000  1.000 -1.000  1.000
       22  1.00000   0.016  0.014  0.036  0.971  1.000  1.000 -1.000  1.000
       23  1.00000  -0.016 -0.014 -0.037 -0.971 -1.000 -1.000  1.000 -1.000
       24  1.00000   0.016  0.014  0.037  0.971  1.000  1.000 -1.000  1.000
 ERR MATRIX APPROXIMATE
MINUIT - FIT ONLY 1-CBO + wiggle
 **********
 **   16 **RES 
 **********
                   PARAMETER   16  beta_vw RESTORED TO VARIABLE.
                   PARAMETER   14  alpha_vw RESTORED TO VARIABLE.
                   PARAMETER   13  beta_y RESTORED TO VARIABLE.
                   PARAMETER   11  alpha_y RESTORED TO VARIABLE.
                   PARAMETER   10  beta_2CBO RESTORED TO VARIABLE.
                   PARAMETER    9  alpha_2CBO RESTORED TO VARIABLE.
                   PARAMETER    8  beta_CBO RESTORED TO VARIABLE.
                   PARAMETER    6  alpha_CBO RESTORED TO VARIABLE.
 **********
 **   17 **FIX            8
 **********
 **********
 **   18 **FIX            9
 **********
 **********
 **   19 **FIX           11
 **********
 **********
 **   20 **FIX           12
 **********
 PARAMETER   12  IS CONSTANT.   IGNORED.
 **********
 **   21 **FIX           14
 **********
 **********
 **   22 **FIX           15
 **********
 PARAMETER   15  IS CONSTANT.   IGNORED.
 **********
 **   23 **FIX           16
 **********
 **********
 **   24 **MIGRAD
 **********
 START MIGRAD MINIMIZATION.  STRATEGY  1.  CONVERGENCE WHEN EDM .LT. 1.00e-04
 FCN=57.3072 FROM MIGRAD    STATUS=INITIATE       28 CALLS        1362 TOTAL
                     EDM= unknown      STRATEGY= 1      NO ERROR MATRIX       
  EXT PARAMETER               CURRENT GUESS       STEP         FIRST   
  NO.   NAME      VALUE            ERROR          SIZE      DERIVATIVE 
   1  N0           3.01674e+06   8.76128e+02  -5.98017e+00  -9.11414e-05
   2  tau          6.43884e+01   constant   
   3  A0           3.43792e-01   3.23544e-04   8.28759e-06   2.91772e+02
   4  phi          4.11427e+00   6.51093e-04   2.32571e-06   1.69520e+01
   5  R           -6.17521e+01   constant   
   6  alpha_CBO    0.00000e+00   1.00000e-03   1.00000e-03  -1.20897e+03
   7  w_CBO        2.32500e+00   constant   
   8  beta_CBO     0.00000e+00     fixed    
   9  alpha_2CBO   0.00000e+00     fixed    
  10  beta_2CBO    0.00000e+00   1.00000e-03   1.00000e-03  -1.89407e+03
  11  alpha_y      0.00000e+00     fixed    
  12  w_y          1.44500e+01   constant   
  13  beta_y       0.00000e+00   1.00000e-03   1.00000e-03   2.98885e+03
  14  alpha_vw     0.00000e+00     fixed    
  15  w_vw         1.29000e+01   constant   
  16  beta_vw      0.00000e+00     fixed    
  17  LM          -7.01586e-04   constant   
  18  zeta_y       0.00000e+00   constant   
  19  zeta_vw      0.00000e+00   constant   
  20  T_CBO        1.20701e+01   5.73178e+00  -5.60656e-03  -4.36583e+00
  21  alpha_A0    -1.92849e+00   5.37724e+00  -6.46555e-01   2.35840e-01
  22  beta_A0     -5.23320e+00   1.42472e+01  -1.71297e+00  -9.58882e-02
  23  alpha_phi    3.58730e+00   9.83878e+00   1.18292e+00   6.73202e-02
  24  beta_phi    -1.90839e+00   5.32205e+00  -6.39898e-01   1.89582e-01
 CALL LIMIT EXCEEDED IN MIGRAD.
 MIGRAD TERMINATED WITHOUT CONVERGENCE.
 FCN=49.5019 FROM MIGRAD    STATUS=CALL LIMIT   1913 CALLS        3247 TOTAL
                     EDM=0.0735609    STRATEGY= 1  ERROR MATRIX UNCERTAINTY  13.0 per cent
  EXT PARAMETER                APPROXIMATE        STEP         FIRST   
  NO.   NAME      VALUE            ERROR          SIZE      DERIVATIVE 
   1  N0           3.04158e+06   6.90244e+03   2.70796e+02  -3.07935e-04
   2  tau          6.43884e+01   constant   
   3  A0           3.45861e-01   2.45771e-03  -3.22641e-04   1.16466e+03
   4  phi          4.19583e+00   2.21333e-02  -1.14698e-03   7.13887e+02
   5  R           -6.17521e+01   constant   
   6  alpha_CBO   -8.29932e-03   4.20290e-03  -8.06240e-04  -1.86046e+03
   7  w_CBO        2.32500e+00   constant   
   8  beta_CBO     0.00000e+00     fixed    
   9  alpha_2CBO   0.00000e+00     fixed    
  10  beta_2CBO    6.55410e-03   1.62227e-03   3.05257e-04  -6.12093e+02
  11  alpha_y      0.00000e+00     fixed    
  12  w_y          1.44500e+01   constant   
  13  beta_y      -6.68433e-05   2.78951e-04   1.27919e-05   7.39198e+02
  14  alpha_vw     0.00000e+00     fixed    
  15  w_vw         1.29000e+01   constant   
  16  beta_vw      0.00000e+00     fixed    
  17  LM          -7.01586e-04   constant   
  18  zeta_y       0.00000e+00   constant   
  19  zeta_vw      0.00000e+00   constant   
  20  T_CBO        1.26203e+01   1.64387e-01  -2.58100e-04  -5.05641e+03
  21  alpha_A0     1.12125e+02   2.91983e+01   3.70646e+00  -2.32621e-02
  22  beta_A0     -1.76387e+02   4.09630e+01  -5.76522e-01   1.27829e-01
  23  alpha_phi   -2.83693e+02   5.50348e+01  -6.83246e+00   2.03824e-01
  24  beta_phi    -1.04795e+02   2.80394e+01  -2.57928e+00  -7.85367e-02
 EXTERNAL ERROR MATRIX.    NDIM=  25    NPAR= 11    ERR DEF=1
  4.764e+07 
  1.003e+01  6.040e-06 
  1.348e+02  4.687e-05  4.899e-04 
 -7.177e+00  6.303e-06  1.907e-05  1.766e-05 
  1.517e+00 -2.736e-06 -9.866e-06 -6.086e-06  2.632e-06 
  1.112e-01 -1.065e-07 -5.621e-07 -3.119e-07  9.393e-08  7.781e-08 
  3.077e+02  3.714e-04  2.438e-03  5.826e-04 -2.297e-04 -9.678e-06  2.702e-02 
  1.762e+05  9.523e-03  3.748e-01 -8.166e-02  2.718e-02  1.176e-03 -1.007e+00  8.525e+02 
 -2.760e+05 -6.731e-02 -8.450e-01  2.524e-02  3.100e-04 -1.938e-04 -2.596e+00 -9.671e+02  1.678e+03 
 -3.265e+05 -1.565e-02 -6.901e-01  1.588e-01 -5.109e-02 -2.277e-03  2.039e+00 -1.597e+03  1.817e+03  3.029e+03 
 -1.800e+05 -2.003e-02 -4.449e-01  6.208e-02 -1.924e-02 -7.271e-04  1.260e-01 -7.982e+02  1.032e+03  1.504e+03  7.862e+02 
ERR MATRIX APPROXIMATE
 PARAMETER  CORRELATION COEFFICIENTS  
       NO.  GLOBAL      1      3      4      6     10     13     20     21     22     23     24
        1  0.99978   1.000  0.591  0.882 -0.247  0.136  0.058  0.271  0.874 -0.976 -0.859 -0.930
        3  0.99987   0.591  1.000  0.862  0.610 -0.686 -0.155  0.919  0.133 -0.669 -0.116 -0.291
        4  1.00000   0.882  0.862  1.000  0.205 -0.275 -0.091  0.670  0.580 -0.932 -0.567 -0.717
        6  0.99998  -0.247  0.610  0.205  1.000 -0.893 -0.266  0.843 -0.665  0.147  0.686  0.527
       10  0.99903   0.136 -0.686 -0.275 -0.893  1.000  0.208 -0.861  0.574  0.005 -0.572 -0.423
       13  0.97420   0.058 -0.155 -0.091 -0.266  0.208  1.000 -0.211  0.144 -0.017 -0.148 -0.093
       20  0.99998   0.271  0.919  0.670  0.843 -0.861 -0.211  1.000 -0.210 -0.386  0.225  0.027
       21  0.99907   0.874  0.133  0.580 -0.665  0.574  0.144 -0.210  1.000 -0.809 -0.994 -0.975
       22  0.99996  -0.976 -0.669 -0.932  0.147  0.005 -0.017 -0.386 -0.809  1.000  0.806  0.899
       23  0.99999  -0.859 -0.116 -0.567  0.686 -0.572 -0.148  0.225 -0.994  0.806  1.000  0.975
       24  0.99980  -0.930 -0.291 -0.717  0.527 -0.423 -0.093  0.027 -0.975  0.899  0.975  1.000
 ERR MATRIX APPROXIMATE
MINUIT - FIT ONLY 2-CBO
 **********
 **   25 **RES 
 **********
                   PARAMETER   16  beta_vw RESTORED TO VARIABLE.
                   PARAMETER   14  alpha_vw RESTORED TO VARIABLE.
                   PARAMETER   11  alpha_y RESTORED TO VARIABLE.
                   PARAMETER    9  alpha_2CBO RESTORED TO VARIABLE.
                   PARAMETER    8  beta_CBO RESTORED TO VARIABLE.
 **********
 **   26 **FIX            0
 **********
 PARAMETER    0  IS UNDEFINED. IGNORED.
 **********
 **   27 **FIX            1
 **********
 **********
 **   28 **FIX            2
 **********
 PARAMETER    2  IS CONSTANT.   IGNORED.
 **********
 **   29 **FIX            3
 **********
 **********
 **   30 **FIX            4
 **********
 **********
 **   31 **FIX            5
 **********
 PARAMETER    5  IS CONSTANT.   IGNORED.
 **********
 **   32 **FIX            6
 **********
 **********
 **   33 **FIX            7
 **********
 PARAMETER    7  IS CONSTANT.   IGNORED.
 **********
 **   34 **FIX           10
 **********
 **********
 **   35 **FIX           11
 **********
 **********
 **   36 **FIX           12
 **********
 PARAMETER   12  IS CONSTANT.   IGNORED.
 **********
 **   37 **FIX           13
 **********
 **********
 **   38 **FIX           14
 **********
 **********
 **   39 **FIX           15
 **********
 PARAMETER   15  IS CONSTANT.   IGNORED.
 **********
 **   40 **FIX           16
 **********
 **********
 **   41 **MIGRAD
 **********
 START MIGRAD MINIMIZATION.  STRATEGY  1.  CONVERGENCE WHEN EDM .LT. 1.00e-04
 FCN=49.5019 FROM MIGRAD    STATUS=INITIATE       18 CALLS        3265 TOTAL
                     EDM= unknown      STRATEGY= 1      NO ERROR MATRIX       
  EXT PARAMETER               CURRENT GUESS       STEP         FIRST   
  NO.   NAME      VALUE            ERROR          SIZE      DERIVATIVE 
   1  N0           3.04158e+06     fixed    
   2  tau          6.43884e+01   constant   
   3  A0           3.45861e-01     fixed    
   4  phi          4.19583e+00     fixed    
   5  R           -6.17521e+01   constant   
   6  alpha_CBO   -8.29932e-03     fixed    
   7  w_CBO        2.32500e+00   constant   
   8  beta_CBO     0.00000e+00   1.00000e-03   1.00000e-03   1.15263e+02
   9  alpha_2CBO   0.00000e+00   1.00000e-03   1.00000e-03   6.91346e+02
  10  beta_2CBO    6.55410e-03     fixed    
  11  alpha_y      0.00000e+00     fixed    
  12  w_y          1.44500e+01   constant   
  13  beta_y      -6.68433e-05     fixed    
  14  alpha_vw     0.00000e+00     fixed    
  15  w_vw         1.29000e+01   constant   
  16  beta_vw      0.00000e+00     fixed    
  17  LM          -7.01586e-04   constant   
  18  zeta_y       0.00000e+00   constant   
  19  zeta_vw      0.00000e+00   constant   
  20  T_CBO        1.26203e+01   1.64387e-01  -2.58100e-04  -5.05641e+03
  21  alpha_A0     1.12125e+02   2.91983e+01   3.70646e+00  -2.32621e-02
  22  beta_A0     -1.76387e+02   4.09630e+01  -5.76522e-01   1.27829e-01
  23  alpha_phi   -2.83693e+02   5.50348e+01  -6.83246e+00   2.03824e-01
  24  beta_phi    -1.04795e+02   2.80394e+01  -2.57928e+00  -7.85367e-02
 MIGRAD MINIMIZATION HAS CONVERGED.
 MIGRAD WILL VERIFY CONVERGENCE AND ERROR MATRIX.
 FCN=48.8267 FROM MIGRAD    STATUS=CONVERGED     201 CALLS        3448 TOTAL
                     EDM=2.85124e-06    STRATEGY= 1      ERR MATRIX NOT POS-DEF
  EXT PARAMETER                APPROXIMATE        STEP         FIRST   
  NO.   NAME      VALUE            ERROR          SIZE      DERIVATIVE 
   1  N0           3.04158e+06     fixed    
   2  tau          6.43884e+01   constant   
   3  A0           3.45861e-01     fixed    
   4  phi          4.19583e+00     fixed    
   5  R           -6.17521e+01   constant   
   6  alpha_CBO   -8.29932e-03     fixed    
   7  w_CBO        2.32500e+00   constant   
   8  beta_CBO    -3.17008e-03   2.45989e-03   9.72263e-07   1.25330e+00
   9  alpha_2CBO  -3.06136e-03   2.35208e-03   9.77153e-07   6.71517e-01
  10  beta_2CBO    6.55410e-03     fixed    
  11  alpha_y      0.00000e+00     fixed    
  12  w_y          1.44500e+01   constant   
  13  beta_y      -6.68433e-05     fixed    
  14  alpha_vw     0.00000e+00     fixed    
  15  w_vw         1.29000e+01   constant   
  16  beta_vw      0.00000e+00     fixed    
  17  LM          -7.01586e-04   constant   
  18  zeta_y       0.00000e+00   constant   
  19  zeta_vw      0.00000e+00   constant   
  20  T_CBO        1.26344e+01   1.41390e-01   6.41591e-07   1.69543e+01
  21  alpha_A0     9.49191e+01   1.57027e+01   5.52176e-03   4.63626e-04
  22  beta_A0     -1.72538e+02   1.52726e+01   7.09933e-03  -1.70328e-04
  23  alpha_phi   -2.88974e+02   2.46909e+01   6.87653e-03  -4.97465e-04
  24  beta_phi    -1.28240e+02   2.04286e+01   5.99808e-03  -4.31006e-04
 EXTERNAL ERROR MATRIX.    NDIM=  25    NPAR=  7    ERR DEF=1
  6.051e-06  5.687e-06 -4.551e-05  3.300e-02 -1.013e-02  5.536e-03  4.215e-02 
  5.687e-06  5.532e-06 -4.136e-05  3.160e-02 -9.277e-03  5.785e-03  4.036e-02 
 -4.551e-05 -4.136e-05  1.999e-02 -1.348e+00  2.113e+00  3.391e+00  1.206e+00 
  3.300e-02  3.160e-02 -1.348e+00  2.466e+02 -1.688e+02 -1.603e+02  1.474e+02 
 -1.013e-02 -9.277e-03  2.113e+00 -1.688e+02  2.333e+02  3.481e+02  8.900e+01 
  5.536e-03  5.785e-03  3.391e+00 -1.603e+02  3.481e+02  6.096e+02  3.066e+02 
  4.215e-02  4.036e-02  1.206e+00  1.474e+02  8.900e+01  3.066e+02  4.173e+02 
ERR MATRIX NOT POS-DEF
 PARAMETER  CORRELATION COEFFICIENTS  
       NO.  GLOBAL      8      9     20     21     22     23     24
        8  0.99342   1.000  0.983 -0.131  0.854 -0.270  0.091  0.839
        9  0.99273   0.983  1.000 -0.124  0.856 -0.258  0.100  0.840
       20  0.99758  -0.131 -0.124  1.000 -0.607  0.979  0.971  0.418
       21  0.99480   0.854  0.856 -0.607  1.000 -0.704 -0.414  0.459
       22  0.99089  -0.270 -0.258  0.979 -0.704  1.000  0.923  0.285
       23  0.99674   0.091  0.100  0.971 -0.414  0.923  1.000  0.608
       24  0.99637   0.839  0.840  0.418  0.459  0.285  0.608  1.000
 ERR MATRIX NOT POS-DEF
MINUIT - FIT wiggle + 1-CBO + 2-CBO
 **********
 **   42 **RES 
 **********
                   PARAMETER   16  beta_vw RESTORED TO VARIABLE.
                   PARAMETER   14  alpha_vw RESTORED TO VARIABLE.
                   PARAMETER   13  beta_y RESTORED TO VARIABLE.
                   PARAMETER   11  alpha_y RESTORED TO VARIABLE.
                   PARAMETER   10  beta_2CBO RESTORED TO VARIABLE.
                   PARAMETER    6  alpha_CBO RESTORED TO VARIABLE.
                   PARAMETER    4  phi RESTORED TO VARIABLE.
                   PARAMETER    3  A0 RESTORED TO VARIABLE.
                   PARAMETER    1  N0 RESTORED TO VARIABLE.
 **********
 **   43 **FIX           10
 **********
 **********
 **   44 **FIX           11
 **********
 **********
 **   45 **FIX           12
 **********
 PARAMETER   12  IS CONSTANT.   IGNORED.
 **********
 **   46 **FIX           13
 **********
 **********
 **   47 **FIX           14
 **********
 **********
 **   48 **FIX           15
 **********
 PARAMETER   15  IS CONSTANT.   IGNORED.
 **********
 **   49 **FIX           16
 **********
 **********
 **   50 **MIGRAD
 **********
 START MIGRAD MINIMIZATION.  STRATEGY  1.  CONVERGENCE WHEN EDM .LT. 1.00e-04
 FCN=48.8267 FROM MIGRAD    STATUS=INITIATE       22 CALLS        3470 TOTAL
                     EDM= unknown      STRATEGY= 1      NO ERROR MATRIX       
  EXT PARAMETER               CURRENT GUESS       STEP         FIRST   
  NO.   NAME      VALUE            ERROR          SIZE      DERIVATIVE 
   1  N0           3.04158e+06   6.90244e+03   6.90244e+03  -2.59389e-06
   2  tau          6.43884e+01   constant   
   3  A0           3.45861e-01   2.45771e-03   2.45771e-03  -6.85303e+01
   4  phi          4.19583e+00   2.21333e-02   2.21333e-02  -2.54175e+01
   5  R           -6.17521e+01   constant   
   6  alpha_CBO   -8.29932e-03   4.20290e-03   4.20290e-03   5.68749e+01
   7  w_CBO        2.32500e+00   constant   
   8  beta_CBO    -3.17008e-03   2.45989e-03   9.72263e-07   1.25330e+00
   9  alpha_2CBO  -3.06136e-03   2.35208e-03   9.77153e-07   6.71517e-01
  10  beta_2CBO    6.55410e-03     fixed    
  11  alpha_y      0.00000e+00     fixed    
  12  w_y          1.44500e+01   constant   
  13  beta_y      -6.68433e-05     fixed    
  14  alpha_vw     0.00000e+00     fixed    
  15  w_vw         1.29000e+01   constant   
  16  beta_vw      0.00000e+00     fixed    
  17  LM          -7.01586e-04   constant   
  18  zeta_y       0.00000e+00   constant   
  19  zeta_vw      0.00000e+00   constant   
  20  T_CBO        1.26344e+01   1.41390e-01   6.41591e-07   1.69567e+01
  21  alpha_A0     9.49191e+01   1.57027e+01   5.52176e-03   4.63643e-04
  22  beta_A0     -1.72538e+02   1.52726e+01   7.09933e-03  -1.70291e-04
  23  alpha_phi   -2.88974e+02   2.46909e+01   6.87653e-03  -4.97465e-04
  24  beta_phi    -1.28240e+02   2.04286e+01   5.99808e-03  -4.31007e-04
 CALL LIMIT EXCEEDED IN MIGRAD.
 MIGRAD TERMINATED WITHOUT CONVERGENCE.
 FCN=47.2355 FROM MIGRAD    STATUS=CALL LIMIT   1927 CALLS        5375 TOTAL
                     EDM=0.0298359    STRATEGY= 1  ERROR MATRIX UNCERTAINTY  25.5 per cent
  EXT PARAMETER                APPROXIMATE        STEP         FIRST   
  NO.   NAME      VALUE            ERROR          SIZE      DERIVATIVE 
   1  N0           3.24652e+06   7.98450e+04   1.67837e+03  -1.09179e-04
   2  tau          6.43884e+01   constant   
   3  A0           3.73674e-01   1.06060e-02   3.85459e-04   3.44907e+02
   4  phi          4.17149e+00   1.16754e-02  -2.29223e-04  -2.78102e+00
   5  R           -6.17521e+01   constant   
   6  alpha_CBO   -9.29219e-03   2.56497e-03   1.27472e-04  -5.62972e+01
   7  w_CBO        2.32500e+00   constant   
   8  beta_CBO    -6.91248e-02   2.50950e-02  -6.88157e-04   2.94245e+01
   9  alpha_2CBO  -1.45325e-02   6.28413e-03  -1.88746e-04  -1.83292e+02
  10  beta_2CBO    6.55410e-03     fixed    
  11  alpha_y      0.00000e+00     fixed    
  12  w_y          1.44500e+01   constant   
  13  beta_y      -6.68433e-05     fixed    
  14  alpha_vw     0.00000e+00     fixed    
  15  w_vw         1.29000e+01   constant   
  16  beta_vw      0.00000e+00     fixed    
  17  LM          -7.01586e-04   constant   
  18  zeta_y       0.00000e+00   constant   
  19  zeta_vw      0.00000e+00   constant   
  20  T_CBO        1.25676e+01   1.08195e-01  -3.47458e-05   7.26154e+02
  21  alpha_A0     2.64125e+02   8.14207e+01   4.35179e-01   3.78756e-02
  22  beta_A0     -9.10813e+01   3.70822e+01   6.67812e-01  -8.48314e-03
  23  alpha_phi   -2.11474e+02   3.71445e+01   3.76132e-01   3.72389e-02
  24  beta_phi    -4.31115e+02   1.20381e+02  -2.38017e+00  -1.82017e-02
 EXTERNAL ERROR MATRIX.    NDIM=  25    NPAR= 11    ERR DEF=1
  6.375e+09 
  7.840e+02  1.125e-04 
 -7.765e+02 -1.069e-04  1.363e-04 
  1.552e+02  1.917e-05 -1.435e-05  6.579e-06 
 -1.959e+03 -2.462e-04  2.547e-04 -4.963e-05  6.298e-04 
 -3.193e+02 -3.776e-05  4.789e-05 -9.778e-06  1.221e-04  3.949e-05 
 -8.243e+03 -1.115e-03  1.162e-03 -2.079e-04  2.632e-03  4.614e-04  1.171e-02 
  6.021e+06  6.814e-01 -6.205e-01  1.373e-01 -1.695e+00 -1.782e-01 -7.060e+00  6.629e+03 
  2.768e+06  3.235e-01 -3.791e-01  7.083e-02 -8.955e-01 -1.855e-01 -3.708e+00  2.405e+03  1.375e+03 
  2.845e+06  3.278e-01 -3.529e-01  7.095e-02 -8.553e-01 -1.308e-01 -3.629e+00  2.826e+03  1.297e+03  1.380e+03 
 -9.163e+06 -1.053e+00  1.120e+00 -2.387e-01  2.950e+00  6.168e-01  1.175e+01 -8.095e+03 -4.343e+03 -4.099e+03  1.449e+04 
ERR MATRIX APPROXIMATE
 PARAMETER  CORRELATION COEFFICIENTS  
       NO.  GLOBAL      1      3      4      6      8      9     20     21     22     23     24
        1  0.99999   1.000  0.926 -0.833  0.758 -0.978 -0.636 -0.954  0.926  0.935  0.959 -0.953
        3  0.99996   0.926  1.000 -0.863  0.705 -0.925 -0.566 -0.972  0.789  0.823  0.832 -0.825
        4  0.99936  -0.833 -0.863  1.000 -0.479  0.869  0.653  0.920 -0.653 -0.876 -0.814  0.797
        6  0.99625   0.758  0.705 -0.479  1.000 -0.771 -0.607 -0.749  0.658  0.745  0.745 -0.773
        8  0.99997  -0.978 -0.925  0.869 -0.771  1.000  0.774  0.969 -0.830 -0.962 -0.918  0.977
        9  0.99899  -0.636 -0.566  0.653 -0.607  0.774  1.000  0.679 -0.348 -0.796 -0.560  0.815
       20  0.99958  -0.954 -0.972  0.920 -0.749  0.969  0.679  1.000 -0.801 -0.924 -0.903  0.902
       21  0.99994   0.926  0.789 -0.653  0.658 -0.830 -0.348 -0.801  1.000  0.797  0.934 -0.826
       22  0.99899   0.935  0.823 -0.876  0.745 -0.962 -0.796 -0.924  0.797  1.000  0.941 -0.973
       23  0.99916   0.959  0.832 -0.814  0.745 -0.918 -0.560 -0.903  0.934  0.941  1.000 -0.917
       24  0.99998  -0.953 -0.825  0.797 -0.773  0.977  0.815  0.902 -0.826 -0.973 -0.917  1.000
 ERR MATRIX APPROXIMATE
MINUIT - FIT ONLY 1-y
 **********
 **   51 **RES 
 **********
                   PARAMETER   16  beta_vw RESTORED TO VARIABLE.
                   PARAMETER   14  alpha_vw RESTORED TO VARIABLE.
                   PARAMETER   13  beta_y RESTORED TO VARIABLE.
                   PARAMETER   11  alpha_y RESTORED TO VARIABLE.
                   PARAMETER   10  beta_2CBO RESTORED TO VARIABLE.
 **********
 **   52 **FIX            0
 **********
 PARAMETER    0  IS UNDEFINED. IGNORED.
 **********
 **   53 **FIX            1
 **********
 **********
 **   54 **FIX            2
 **********
 PARAMETER    2  IS CONSTANT.   IGNORED.
 **********
 **   55 **FIX            3
 **********
 **********
 **   56 **FIX            4
 **********
 **********
 **   57 **FIX            5
 **********
 PARAMETER    5  IS CONSTANT.   IGNORED.
 **********
 **   58 **FIX            6
 **********
 **********
 **   59 **FIX            7
 **********
 PARAMETER    7  IS CONSTANT.   IGNORED.
 **********
 **   60 **FIX            8
 **********
 **********
 **   61 **FIX            9
 **********
 **********
 **   62 **FIX           13
 **********
 **********
 **   63 **FIX           14
 **********
 **********
 **   64 **FIX           15
 **********
 PARAMETER   15  IS CONSTANT.   IGNORED.
 **********
 **   65 **FIX           16
 **********
 **********
 **   66 **MIGRAD
 **********
 START MIGRAD MINIMIZATION.  STRATEGY  1.  CONVERGENCE WHEN EDM .LT. 1.00e-04
 FCN=47.2355 FROM MIGRAD    STATUS=INITIATE       16 CALLS        5391 TOTAL
                     EDM= unknown      STRATEGY= 1      NO ERROR MATRIX       
  EXT PARAMETER               CURRENT GUESS       STEP         FIRST   
  NO.   NAME      VALUE            ERROR          SIZE      DERIVATIVE 
   1  N0           3.24652e+06     fixed    
   2  tau          6.43884e+01   constant   
   3  A0           3.73674e-01     fixed    
   4  phi          4.17149e+00     fixed    
   5  R           -6.17521e+01   constant   
   6  alpha_CBO   -9.29219e-03     fixed    
   7  w_CBO        2.32500e+00   constant   
   8  beta_CBO    -6.91248e-02     fixed    
   9  alpha_2CBO  -1.45325e-02     fixed    
  10  beta_2CBO    6.55410e-03   1.62227e-03   1.62227e-03  -2.63805e+02
  11  alpha_y      0.00000e+00   1.00000e-03   1.00000e-03  -3.89362e+04
  12  w_y          1.44500e+01   constant   
  13  beta_y      -6.68433e-05     fixed    
  14  alpha_vw     0.00000e+00     fixed    
  15  w_vw         1.29000e+01   constant   
  16  beta_vw      0.00000e+00     fixed    
  17  LM          -7.01586e-04   constant   
  18  zeta_y       0.00000e+00   constant   
  19  zeta_vw      0.00000e+00   constant   
  20  T_CBO        1.25676e+01   1.08195e-01  -3.47458e-05   7.26154e+02
  21  alpha_A0     2.64125e+02   8.14207e+01   4.35179e-01   3.78756e-02
  22  beta_A0     -9.10813e+01   3.70822e+01   6.67812e-01  -8.48314e-03
  23  alpha_phi   -2.11474e+02   3.71445e+01   3.76132e-01   3.72389e-02
  24  beta_phi    -4.31115e+02   1.20381e+02  -2.38017e+00  -1.82017e-02
 MIGRAD MINIMIZATION HAS CONVERGED.
 MIGRAD WILL VERIFY CONVERGENCE AND ERROR MATRIX.
 FCN=14.4367 FROM HESSE     STATUS=NOT POSDEF     50 CALLS        5553 TOTAL
                     EDM=5.49958e-05    STRATEGY= 1      ERR MATRIX NOT POS-DEF
  EXT PARAMETER                APPROXIMATE        STEP         FIRST   
  NO.   NAME      VALUE            ERROR          SIZE      DERIVATIVE 
   1  N0           3.24652e+06     fixed    
   2  tau          6.43884e+01   constant   
   3  A0           3.73674e-01     fixed    
   4  phi          4.17149e+00     fixed    
   5  R           -6.17521e+01   constant   
   6  alpha_CBO   -9.29219e-03     fixed    
   7  w_CBO        2.32500e+00   constant   
   8  beta_CBO    -6.91248e-02     fixed    
   9  alpha_2CBO  -1.45325e-02     fixed    
  10  beta_2CBO    9.05870e-03   1.04494e-03   4.99540e-07   3.19880e+00
  11  alpha_y      1.65899e-03   2.87498e-04   5.11747e-07   4.09366e-01
  12  w_y          1.44500e+01   constant   
  13  beta_y      -6.68433e-05     fixed    
  14  alpha_vw     0.00000e+00     fixed    
  15  w_vw         1.29000e+01   constant   
  16  beta_vw      0.00000e+00     fixed    
  17  LM          -7.01586e-04   constant   
  18  zeta_y       0.00000e+00   constant   
  19  zeta_vw      0.00000e+00   constant   
  20  T_CBO        1.25577e+01   6.25352e-02   6.41919e-07  -5.20914e+00
  21  alpha_A0     2.66097e+02   1.02461e+01   3.08216e-03  -4.63522e-04
  22  beta_A0     -6.93586e+01   9.03520e+00   4.09176e-03  -3.85688e-04
  23  alpha_phi   -2.13636e+02   8.34115e+00   3.21163e-03   4.61016e-04
  24  beta_phi    -4.27226e+02   1.64014e+01   2.77611e-03   6.31788e-04
 CALL LIMIT EXCEEDED IN MIGRAD.
 MIGRAD TERMINATED WITHOUT CONVERGENCE.
 FCN=14.2895 FROM MIGRAD    STATUS=CALL LIMIT   1148 CALLS        6523 TOTAL
                     EDM=0.00111118    STRATEGY= 1      ERR MATRIX NOT POS-DEF
  EXT PARAMETER                APPROXIMATE        STEP         FIRST   
  NO.   NAME      VALUE            ERROR          SIZE      DERIVATIVE 
   1  N0           3.24652e+06     fixed    
   2  tau          6.43884e+01   constant   
   3  A0           3.73674e-01     fixed    
   4  phi          4.17149e+00     fixed    
   5  R           -6.17521e+01   constant   
   6  alpha_CBO   -9.29219e-03     fixed    
   7  w_CBO        2.32500e+00   constant   
   8  beta_CBO    -6.91248e-02     fixed    
   9  alpha_2CBO  -1.45325e-02     fixed    
  10  beta_2CBO    9.20100e-03   9.30946e-04   2.60963e-05   1.45180e+02
  11  alpha_y      1.66202e-03   2.82236e-04   3.19147e-06   2.51882e+01
  12  w_y          1.44500e+01   constant   
  13  beta_y      -6.68433e-05     fixed    
  14  alpha_vw     0.00000e+00     fixed    
  15  w_vw         1.29000e+01   constant   
  16  beta_vw      0.00000e+00     fixed    
  17  LM          -7.01586e-04   constant   
  18  zeta_y       0.00000e+00   constant   
  19  zeta_vw      0.00000e+00   constant   
  20  T_CBO        1.19247e+01   3.07733e-01  -1.63295e-05  -1.04434e+03
  21  alpha_A0     3.98976e+02   8.18868e+01   4.96753e-01  -1.07711e-02
  22  beta_A0     -1.02006e+02   2.13621e+01   1.27282e-01  -1.47995e-02
  23  alpha_phi   -3.20579e+02   6.60665e+01  -4.08712e-01   9.66338e-03
  24  beta_phi    -6.42070e+02   1.32114e+02  -7.23575e-01   1.34745e-02
 EXTERNAL ERROR MATRIX.    NDIM=  25    NPAR=  7    ERR DEF=1
  8.667e-07  7.937e-08 -8.700e-05  2.358e-02  3.507e-03 -1.942e-02 -3.513e-02 
  7.937e-08  7.966e-08 -9.532e-06  2.581e-03  3.437e-04 -2.098e-03 -3.865e-03 
 -8.700e-05 -9.532e-06  9.470e-02 -2.519e+01  5.771e+00  2.032e+01  4.064e+01 
  2.358e-02  2.581e-03 -2.519e+01  6.705e+03 -1.531e+03 -5.406e+03 -1.081e+04 
  3.507e-03  3.437e-04  5.771e+00 -1.531e+03  4.563e+02  1.232e+03  2.504e+03 
 -1.942e-02 -2.098e-03  2.032e+01 -5.406e+03  1.232e+03  4.365e+03  8.719e+03 
 -3.513e-02 -3.865e-03  4.064e+01 -1.081e+04  2.504e+03  8.719e+03  1.745e+04 
ERR MATRIX NOT POS-DEF
 PARAMETER  CORRELATION COEFFICIENTS  
       NO.  GLOBAL     10     11     20     21     22     23     24
       10  0.98364   1.000  0.302 -0.304  0.309  0.176 -0.316 -0.286
       11  0.37652   0.302  1.000 -0.110  0.112  0.057 -0.113 -0.104
       20  0.99996  -0.304 -0.110  1.000 -1.000  0.878  0.999  1.000
       21  0.99980   0.309  0.112 -1.000  1.000 -0.875 -0.999 -0.999
       22  0.99654   0.176  0.057  0.878 -0.875  1.000  0.873  0.887
       23  0.99961  -0.316 -0.113  0.999 -0.999  0.873  1.000  0.999
       24  0.99993  -0.286 -0.104  1.000 -0.999  0.887  0.999  1.000
 ERR MATRIX NOT POS-DEF
MINUIT - FIT ONLY 2-y
 **********
 **   67 **RES 
 **********
                   PARAMETER   16  beta_vw RESTORED TO VARIABLE.
                   PARAMETER   14  alpha_vw RESTORED TO VARIABLE.
                   PARAMETER   13  beta_y RESTORED TO VARIABLE.
                   PARAMETER    9  alpha_2CBO RESTORED TO VARIABLE.
                   PARAMETER    8  beta_CBO RESTORED TO VARIABLE.
                   PARAMETER    6  alpha_CBO RESTORED TO VARIABLE.
                   PARAMETER    4  phi RESTORED TO VARIABLE.
                   PARAMETER    3  A0 RESTORED TO VARIABLE.
                   PARAMETER    1  N0 RESTORED TO VARIABLE.
 **********
 **   68 **FIX            0
 **********
 PARAMETER    0  IS UNDEFINED. IGNORED.
 **********
 **   69 **FIX            1
 **********
 **********
 **   70 **FIX            2
 **********
 PARAMETER    2  IS CONSTANT.   IGNORED.
 **********
 **   71 **FIX            3
 **********
 **********
 **   72 **FIX            4
 **********
 **********
 **   73 **FIX            5
 **********
 PARAMETER    5  IS CONSTANT.   IGNORED.
 **********
 **   74 **FIX            6
 **********
 **********
 **   75 **FIX            7
 **********
 PARAMETER    7  IS CONSTANT.   IGNORED.
 **********
 **   76 **FIX            8
 **********
 **********
 **   77 **FIX            9
 **********
 **********
 **   78 **FIX           10
 **********
 **********
 **   79 **FIX           11
 **********
 **********
 **   80 **FIX           12
 **********
 PARAMETER   12  IS CONSTANT.   IGNORED.
 **********
 **   81 **FIX           16
 **********
 **********
 **   82 **MIGRAD
 **********
 START MIGRAD MINIMIZATION.  STRATEGY  1.  CONVERGENCE WHEN EDM .LT. 1.00e-04
 FCN=14.2895 FROM MIGRAD    STATUS=INITIATE       16 CALLS        6539 TOTAL
                     EDM= unknown      STRATEGY= 1      NO ERROR MATRIX       
  EXT PARAMETER               CURRENT GUESS       STEP         FIRST   
  NO.   NAME      VALUE            ERROR          SIZE      DERIVATIVE 
   1  N0           3.24652e+06     fixed    
   2  tau          6.43884e+01   constant   
   3  A0           3.73674e-01     fixed    
   4  phi          4.17149e+00     fixed    
   5  R           -6.17521e+01   constant   
   6  alpha_CBO   -9.29219e-03     fixed    
   7  w_CBO        2.32500e+00   constant   
   8  beta_CBO    -6.91248e-02     fixed    
   9  alpha_2CBO  -1.45325e-02     fixed    
  10  beta_2CBO    9.20100e-03     fixed    
  11  alpha_y      1.66202e-03     fixed    
  12  w_y          1.44500e+01   constant   
  13  beta_y      -6.68433e-05   2.78951e-04   2.78951e-04   5.85759e+02
  14  alpha_vw     0.00000e+00   1.00000e-03   1.00000e-03  -6.79516e+03
  15  w_vw         1.29000e+01   constant   
  16  beta_vw      0.00000e+00     fixed    
  17  LM          -7.01586e-04   constant   
  18  zeta_y       0.00000e+00   constant   
  19  zeta_vw      0.00000e+00   constant   
  20  T_CBO        1.19247e+01   3.07733e-01  -1.63295e-05  -1.04434e+03
  21  alpha_A0     3.98976e+02   8.18868e+01   4.96753e-01  -1.07712e-02
  22  beta_A0     -1.02006e+02   2.13621e+01   1.27282e-01  -1.47995e-02
  23  alpha_phi   -3.20579e+02   6.60665e+01  -4.08712e-01   9.66338e-03
  24  beta_phi    -6.42070e+02   1.32114e+02  -7.23575e-01   1.34745e-02
 MIGRAD MINIMIZATION HAS CONVERGED.
 MIGRAD WILL VERIFY CONVERGENCE AND ERROR MATRIX.
 FCN=13.2812 FROM HESSE     STATUS=NOT POSDEF     50 CALLS        6669 TOTAL
                     EDM=0.00012982    STRATEGY= 1      ERR MATRIX NOT POS-DEF
  EXT PARAMETER                APPROXIMATE        STEP         FIRST   
  NO.   NAME      VALUE            ERROR          SIZE      DERIVATIVE 
   1  N0           3.24652e+06     fixed    
   2  tau          6.43884e+01   constant   
   3  A0           3.73674e-01     fixed    
   4  phi          4.17149e+00     fixed    
   5  R           -6.17521e+01   constant   
   6  alpha_CBO   -9.29219e-03     fixed    
   7  w_CBO        2.32500e+00   constant   
   8  beta_CBO    -6.91248e-02     fixed    
   9  alpha_2CBO  -1.45325e-02     fixed    
  10  beta_2CBO    9.20100e-03     fixed    
  11  alpha_y      1.66202e-03     fixed    
  12  w_y          1.44500e+01   constant   
  13  beta_y       3.47807e-05   3.05421e-04   5.14280e-07  -6.74042e-02
  14  alpha_vw     3.06131e-04   3.05479e-04   5.09848e-07  -1.64700e-03
  15  w_vw         1.29000e+01   constant   
  16  beta_vw      0.00000e+00     fixed    
