 + ++++++++++++++++++++++++++++++++++++++++++++++++++++++++++++++++++++ +
 +                                                                      +
 +           You have chose to blind your fitting according to          +
 +                omega_ref * (1 + (R +/- deltaR) *10^{-6})             +
 +                                                                      +
 + ++++++++++++++++++++++++++++++++++++++++++++++++++++++++++++++++++++ +
In main()...
reading format from /gm2data/zkhechad/run45/envelope/formats/formatB_sBin_constraintOn.txt
pBinTau 	= 0  
pBinPhi 	= 0  
constraintau 	= 1 
includeMopTerm 	= 0    
constrainMop    = 0   
Parameters after format file: pBinTau 0 pBinPhi 0 constraintau 1 includeMopTerm 0 constrainMop 0 c_e_scale 0.000000 
Opening file /gm2data/tbarrett/gm2fr/studies/run23_bunch_corrections/CorrectedFourier_Run3b.root.
reading full fit data from /gm2data/zkhechad/cboTemplates/Run4CBOTemplates/fullFits/noRF/sBin_constraintOn_cE0.0_seed0_noRF_calo4.root
windowBins = 69
fitting sliding window 910 from bin 1046 at 155.914000 to bin 1115 at 166.358000 (69 bins)

Reading data from /gm2data/cornell/histograms/aMethod/histogram_a_noRF.root
 **********
 **    1 **SET PRINTOUT            1
 **********
 **********
 **    2 **SET NOWARNINGS 
 **********
 PARAMETER DEFINITIONS:
    NO.   NAME         VALUE      STEP SIZE      LIMITS
     1 N0           2.96874e+06  1.00000e+02     no limits
     2 tau          6.44041e+01  constant
     3 A0           3.53299e-01  1.00000e-04     no limits
     4 phi          4.11736e+00  1.00000e-02     no limits
     5 R           -5.92716e+01  constant
     6 alpha_CBO    0.00000e+00  1.00000e-03     no limits
     7 w_CBO        2.32500e+00  constant
     8 beta_CBO     0.00000e+00  1.00000e-03     no limits
     9 alpha_2CBO   0.00000e+00  1.00000e-03     no limits
    10 beta_2CBO    0.00000e+00  1.00000e-03     no limits
    11 alpha_y      0.00000e+00  1.00000e-03     no limits
    12 w_y          1.38860e+01  constant
    13 beta_y       0.00000e+00  1.00000e-03     no limits
    14 alpha_vw     0.00000e+00  1.00000e-03     no limits
    15 w_vw         1.43404e+01  constant
    16 beta_vw      0.00000e+00  1.00000e-03     no limits
    17 LM           4.68092e-05  constant
    18 zeta_y       0.00000e+00  constant
    19 zeta_vw      0.00000e+00  constant
    20 T_CBO        1.00000e+02  1.00000e+00    0.00000e+00  1.00000e+03
    21 alpha_A0     0.00000e+00  1.00000e-03     no limits
    22 beta_A0      0.00000e+00  1.00000e-03     no limits
    23 alpha_phi    0.00000e+00  1.00000e-03     no limits
    24 beta_phi     0.00000e+00  1.00000e-03     no limits
MINUIT - FIT ONLY WIGGLE
 **********
 **    3 **FIX            5
 **********
 PARAMETER    5  IS CONSTANT.   IGNORED.
 **********
 **    4 **FIX            6
 **********
 **********
 **    5 **FIX            7
 **********
 PARAMETER    7  IS CONSTANT.   IGNORED.
 **********
 **    6 **FIX            8
 **********
 **********
 **    7 **FIX            9
 **********
 **********
 **    8 **FIX           10
 **********
 **********
 **    9 **FIX           11
 **********
 **********
 **   10 **FIX           12
 **********
 PARAMETER   12  IS CONSTANT.   IGNORED.
 **********
 **   11 **FIX           13
 **********
 **********
 **   12 **FIX           14
 **********
 **********
 **   13 **FIX           15
 **********
 PARAMETER   15  IS CONSTANT.   IGNORED.
 **********
 **   14 **FIX           16
 **********
 **********
 **   15 **MIGRAD
 **********
 FIRST CALL TO USER FUNCTION AT NEW START POINT, WITH IFLAG=4.
 START MIGRAD MINIMIZATION.  STRATEGY  1.  CONVERGENCE WHEN EDM .LT. 1.00e-04
 FCN=576.446 FROM MIGRAD    STATUS=INITIATE      437 CALLS         438 TOTAL
                     EDM= unknown      STRATEGY= 1      NO ERROR MATRIX       
  EXT PARAMETER               CURRENT GUESS       STEP         FIRST   
  NO.   NAME      VALUE            ERROR          SIZE      DERIVATIVE 
   1  N0           2.96874e+06   1.00000e+02   0.00000e+00   1.02287e-03
   2  tau          6.44041e+01   constant   
   3  A0           3.53299e-01   1.00000e-04   0.00000e+00  -2.90059e+04
   4  phi          4.11736e+00   1.00000e-02   0.00000e+00   1.07463e+04
   5  R           -5.92716e+01   constant   
   6  alpha_CBO    0.00000e+00     fixed    
   7  w_CBO        2.32500e+00   constant   
   8  beta_CBO     0.00000e+00     fixed    
   9  alpha_2CBO   0.00000e+00     fixed    
  10  beta_2CBO    0.00000e+00     fixed    
  11  alpha_y      0.00000e+00     fixed    
  12  w_y          1.38860e+01   constant   
  13  beta_y       0.00000e+00     fixed    
  14  alpha_vw     0.00000e+00     fixed    
  15  w_vw         1.43404e+01   constant   
  16  beta_vw      0.00000e+00     fixed    
  17  LM           4.68092e-05   constant   
  18  zeta_y       0.00000e+00   constant   
  19  zeta_vw      0.00000e+00   constant   
  20  T_CBO        1.00000e+02   1.00000e+00   0.00000e+00   0.00000e+00
  21  alpha_A0     0.00000e+00   1.00000e-03   0.00000e+00  -7.44621e+02
  22  beta_A0      0.00000e+00   1.00000e-03   0.00000e+00   1.73536e+03
  23  alpha_phi    0.00000e+00   1.00000e-03   0.00000e+00  -1.09896e+03
  24  beta_phi     0.00000e+00   1.00000e-03   0.00000e+00   2.25755e+03
 CALL LIMIT EXCEEDED IN MIGRAD.
 MIGRAD TERMINATED WITHOUT CONVERGENCE.
 FCN=507.918 FROM MIGRAD    STATUS=CALL LIMIT   1328 CALLS        1329 TOTAL
                     EDM=0.0391462    STRATEGY= 1  ERROR MATRIX UNCERTAINTY   0.4 per cent
  EXT PARAMETER                APPROXIMATE        STEP         FIRST   
  NO.   NAME      VALUE            ERROR          SIZE      DERIVATIVE 
   1  N0           2.96836e+06   4.44243e+02  -1.18659e+01  -1.85479e-04
   2  tau          6.44041e+01   constant   
   3  A0           3.54146e-01   2.03744e-04   1.66072e-05   8.03002e+02
   4  phi          4.11571e+00   5.59511e-04   6.48425e-05   2.35017e+02
   5  R           -5.92716e+01   constant   
   6  alpha_CBO    0.00000e+00     fixed    
   7  w_CBO        2.32500e+00   constant   
   8  beta_CBO     0.00000e+00     fixed    
   9  alpha_2CBO   0.00000e+00     fixed    
  10  beta_2CBO    0.00000e+00     fixed    
  11  alpha_y      0.00000e+00     fixed    
  12  w_y          1.38860e+01   constant   
  13  beta_y       0.00000e+00     fixed    
  14  alpha_vw     0.00000e+00     fixed    
  15  w_vw         1.43404e+01   constant   
  16  beta_vw      0.00000e+00     fixed    
  17  LM           4.68092e-05   constant   
  18  zeta_y       0.00000e+00   constant   
  19  zeta_vw      0.00000e+00   constant   
  20  T_CBO        2.45936e+01   3.27925e+00  -5.60715e-03  -1.00029e+02
  21  alpha_A0     1.28861e+00   9.45483e-01   2.40673e-01  -4.72383e-01
  22  beta_A0     -1.88161e+00   1.39186e+00  -3.54156e-01   1.10245e+00
  23  alpha_phi    7.11552e-01   5.15355e-01   1.31154e-01  -5.76759e-01
  24  beta_phi    -3.18557e+00   2.35872e+00  -6.00305e-01   6.64944e-03
 EXTERNAL ERROR MATRIX.    NDIM=  25    NPAR=  8    ERR DEF=1
  1.974e+05  5.918e-03 -3.864e-02  1.757e+01 -2.036e+01  2.950e+01 -1.102e+01  5.062e+01 
  5.918e-03  4.151e-08 -2.543e-09 -3.751e-05  2.088e-05 -3.066e-05  1.132e-05 -5.208e-05 
 -3.864e-02 -2.543e-09  3.131e-07 -8.210e-05  4.181e-05 -6.139e-05  2.266e-05 -1.042e-04 
  1.757e+01 -3.751e-05 -8.210e-05  1.076e+01 -3.057e+00  4.500e+00 -1.666e+00  7.626e+00 
 -2.036e+01  2.088e-05  4.181e-05 -3.057e+00  8.939e-01 -1.316e+00  4.872e-01 -2.230e+00 
  2.950e+01 -3.066e-05 -6.139e-05  4.500e+00 -1.316e+00  1.937e+00 -7.173e-01  3.283e+00 
 -1.102e+01  1.132e-05  2.266e-05 -1.666e+00  4.872e-01 -7.173e-01  2.656e-01 -1.216e+00 
  5.062e+01 -5.208e-05 -1.042e-04  7.626e+00 -2.230e+00  3.283e+00 -1.216e+00  5.564e+00 
ERR MATRIX APPROXIMATE
 PARAMETER  CORRELATION COEFFICIENTS  
       NO.  GLOBAL      1      3      4     20     21     22     23     24
        1  0.33941   1.000  0.065 -0.155  0.012 -0.048  0.048 -0.048  0.048
        3  0.37363   0.065  1.000 -0.022 -0.056  0.108 -0.108  0.108 -0.108
        4  0.25732  -0.155 -0.022  1.000 -0.045  0.079 -0.079  0.079 -0.079
       20  0.98851   0.012 -0.056 -0.045  1.000 -0.986  0.986 -0.986  0.986
       21  0.99999  -0.048  0.108  0.079 -0.986  1.000 -1.000  1.000 -1.000
       22  0.99999   0.048 -0.108 -0.079  0.986 -1.000  1.000 -1.000  1.000
       23  0.99997  -0.048  0.108  0.079 -0.986  1.000 -1.000  1.000 -1.000
       24  1.00000   0.048 -0.108 -0.079  0.986 -1.000  1.000 -1.000  1.000
 ERR MATRIX APPROXIMATE
MINUIT - FIT ONLY 1-CBO + wiggle
 **********
 **   16 **RES 
 **********
                   PARAMETER   16  beta_vw RESTORED TO VARIABLE.
                   PARAMETER   14  alpha_vw RESTORED TO VARIABLE.
                   PARAMETER   13  beta_y RESTORED TO VARIABLE.
                   PARAMETER   11  alpha_y RESTORED TO VARIABLE.
                   PARAMETER   10  beta_2CBO RESTORED TO VARIABLE.
                   PARAMETER    9  alpha_2CBO RESTORED TO VARIABLE.
                   PARAMETER    8  beta_CBO RESTORED TO VARIABLE.
                   PARAMETER    6  alpha_CBO RESTORED TO VARIABLE.
 **********
 **   17 **FIX            8
 **********
 **********
 **   18 **FIX            9
 **********
 **********
 **   19 **FIX           11
 **********
 **********
 **   20 **FIX           12
 **********
 PARAMETER   12  IS CONSTANT.   IGNORED.
 **********
 **   21 **FIX           14
 **********
 **********
 **   22 **FIX           15
 **********
 PARAMETER   15  IS CONSTANT.   IGNORED.
 **********
 **   23 **FIX           16
 **********
 **********
 **   24 **MIGRAD
 **********
 START MIGRAD MINIMIZATION.  STRATEGY  1.  CONVERGENCE WHEN EDM .LT. 1.00e-04
 FCN=507.918 FROM MIGRAD    STATUS=INITIATE       28 CALLS        1357 TOTAL
                     EDM= unknown      STRATEGY= 1      NO ERROR MATRIX       
  EXT PARAMETER               CURRENT GUESS       STEP         FIRST   
  NO.   NAME      VALUE            ERROR          SIZE      DERIVATIVE 
   1  N0           2.96836e+06   4.44243e+02  -1.18659e+01  -1.85479e-04
   2  tau          6.44041e+01   constant   
   3  A0           3.54146e-01   2.03744e-04   1.66072e-05   8.03002e+02
   4  phi          4.11571e+00   5.59511e-04   6.48425e-05   2.35017e+02
   5  R           -5.92716e+01   constant   
   6  alpha_CBO    0.00000e+00   1.00000e-03   1.00000e-03   3.73224e+04
   7  w_CBO        2.32500e+00   constant   
   8  beta_CBO     0.00000e+00     fixed    
   9  alpha_2CBO   0.00000e+00     fixed    
  10  beta_2CBO    0.00000e+00   1.00000e-03   1.00000e-03   2.18949e+04
  11  alpha_y      0.00000e+00     fixed    
  12  w_y          1.38860e+01   constant   
  13  beta_y       0.00000e+00   1.00000e-03   1.00000e-03   6.31538e+03
  14  alpha_vw     0.00000e+00     fixed    
  15  w_vw         1.43404e+01   constant   
  16  beta_vw      0.00000e+00     fixed    
  17  LM           4.68092e-05   constant   
  18  zeta_y       0.00000e+00   constant   
  19  zeta_vw      0.00000e+00   constant   
  20  T_CBO        2.45936e+01   3.27925e+00  -5.60715e-03  -1.00030e+02
  21  alpha_A0     1.28861e+00   9.45483e-01   2.40673e-01  -4.72383e-01
  22  beta_A0     -1.88161e+00   1.39186e+00  -3.54156e-01   1.10245e+00
  23  alpha_phi    7.11552e-01   5.15355e-01   1.31154e-01  -5.76759e-01
  24  beta_phi    -3.18557e+00   2.35872e+00  -6.00305e-01   6.64944e-03
 CALL LIMIT EXCEEDED IN MIGRAD.
 MIGRAD TERMINATED WITHOUT CONVERGENCE.
 FCN=479.494 FROM MIGRAD    STATUS=CALL LIMIT   1923 CALLS        3252 TOTAL
                     EDM=0.0417539    STRATEGY= 1  ERROR MATRIX UNCERTAINTY  23.8 per cent
  EXT PARAMETER                APPROXIMATE        STEP         FIRST   
  NO.   NAME      VALUE            ERROR          SIZE      DERIVATIVE 
   1  N0           2.96845e+06   4.32225e+02  -2.26861e+01  -2.51169e-04
   2  tau          6.44041e+01   constant   
   3  A0           3.54280e-01   1.99332e-04  -2.67164e-05  -3.31226e+02
   4  phi          4.11547e+00   5.51807e-04  -2.35812e-05  -1.43294e+02
   5  R           -5.92716e+01   constant   
   6  alpha_CBO   -9.00760e-04   2.16998e-04  -3.43996e-06  -3.14165e+02
   7  w_CBO        2.32500e+00   constant   
   8  beta_CBO     0.00000e+00     fixed    
   9  alpha_2CBO   0.00000e+00     fixed    
  10  beta_2CBO   -4.52644e-04   2.03063e-04   1.91906e-05   5.89889e+02
  11  alpha_y      0.00000e+00     fixed    
  12  w_y          1.38860e+01   constant   
  13  beta_y      -1.34869e-04   2.03498e-04  -1.81901e-05  -3.58768e+02
  14  alpha_vw     0.00000e+00     fixed    
  15  w_vw         1.43404e+01   constant   
  16  beta_vw      0.00000e+00     fixed    
  17  LM           4.68092e-05   constant   
  18  zeta_y       0.00000e+00   constant   
  19  zeta_vw      0.00000e+00   constant   
  20  T_CBO        1.03988e+01   5.95410e-01  -1.29217e-03  -2.94212e+02
  21  alpha_A0     1.43555e+04   1.09502e+04   2.33627e+03   1.46282e-05
  22  beta_A0     -1.48804e+04   1.13562e+04  -2.42289e+03   1.23313e-04
  23  alpha_phi    2.67468e+03   2.03618e+03   4.34436e+02  -2.45028e-06
  24  beta_phi    -2.15682e+04   1.64508e+04  -3.50985e+03   4.73068e-05
 EXTERNAL ERROR MATRIX.    NDIM=  25    NPAR= 11    ERR DEF=1
  1.868e+05 
  1.321e-03  3.973e-08 
 -2.788e-02 -8.482e-10  3.045e-07 
 -3.985e-03 -6.391e-09 -1.154e-08  4.709e-08 
 -9.539e-05  4.210e-10  1.117e-09  8.355e-10  4.123e-08 
 -3.611e-04 -9.141e-11  1.661e-09 -4.766e-10  6.025e-10  4.141e-08 
  1.065e+01  2.060e-05  2.936e-05  3.268e-07 -1.193e-05  1.160e-05  3.545e-01 
 -3.646e+05 -3.645e-01 -6.611e-01 -4.993e-02  2.998e-01 -2.451e-01 -6.444e+03  1.199e+08 
  3.781e+05  3.780e-01  6.856e-01  5.175e-02 -3.109e-01  2.542e-01  6.683e+03 -1.244e+08  1.290e+08 
 -6.780e+04 -6.778e-02 -1.229e-01 -9.264e-03  5.575e-02 -4.557e-02 -1.198e+03  2.230e+07 -2.312e+07  4.146e+06 
  5.477e+05  5.476e-01  9.931e-01  7.498e-02 -4.504e-01  3.682e-01  9.681e+03 -1.801e+08  1.868e+08 -3.350e+07  2.706e+08 
ERR MATRIX APPROXIMATE
 PARAMETER  CORRELATION COEFFICIENTS  
       NO.  GLOBAL      1      3      4      6     10     13     20     21     22     23     24
        1  0.36563   1.000  0.015 -0.117 -0.042 -0.001 -0.004  0.041 -0.077  0.077 -0.077  0.077
        3  0.29315   0.015  1.000 -0.008 -0.148  0.010 -0.002  0.174 -0.167  0.167 -0.167  0.167
        4  0.28180  -0.117 -0.008  1.000 -0.096  0.010  0.015  0.089 -0.109  0.109 -0.109  0.109
        6  0.32605  -0.042 -0.148 -0.096  1.000  0.019 -0.011  0.003 -0.021  0.021 -0.021  0.021
       10  0.32274  -0.001  0.010  0.010  0.019  1.000  0.015 -0.099  0.135 -0.135  0.135 -0.135
       13  0.15986  -0.004 -0.002  0.015 -0.011  0.015  1.000  0.096 -0.110  0.110 -0.110  0.110
       20  0.99066   0.041  0.174  0.089  0.003 -0.099  0.096  1.000 -0.988  0.988 -0.988  0.988
       21  1.00000  -0.077 -0.167 -0.109 -0.021  0.135 -0.110 -0.988  1.000 -1.000  1.000 -1.000
       22  1.00000   0.077  0.167  0.109  0.021 -0.135  0.110  0.988 -1.000  1.000 -1.000  1.000
       23  1.00000  -0.077 -0.167 -0.109 -0.021  0.135 -0.110 -0.988  1.000 -1.000  1.000 -1.000
       24  1.00000   0.077  0.167  0.109  0.021 -0.135  0.110  0.988 -1.000  1.000 -1.000  1.000
 ERR MATRIX APPROXIMATE
MINUIT - FIT ONLY 2-CBO
 **********
 **   25 **RES 
 **********
                   PARAMETER   16  beta_vw RESTORED TO VARIABLE.
                   PARAMETER   14  alpha_vw RESTORED TO VARIABLE.
                   PARAMETER   11  alpha_y RESTORED TO VARIABLE.
                   PARAMETER    9  alpha_2CBO RESTORED TO VARIABLE.
                   PARAMETER    8  beta_CBO RESTORED TO VARIABLE.
 **********
 **   26 **FIX            0
 **********
 PARAMETER    0  IS UNDEFINED. IGNORED.
 **********
 **   27 **FIX            1
 **********
 **********
 **   28 **FIX            2
 **********
 PARAMETER    2  IS CONSTANT.   IGNORED.
 **********
 **   29 **FIX            3
 **********
 **********
 **   30 **FIX            4
 **********
 **********
 **   31 **FIX            5
 **********
 PARAMETER    5  IS CONSTANT.   IGNORED.
 **********
 **   32 **FIX            6
 **********
 **********
 **   33 **FIX            7
 **********
 PARAMETER    7  IS CONSTANT.   IGNORED.
 **********
 **   34 **FIX           10
 **********
 **********
 **   35 **FIX           11
 **********
 **********
 **   36 **FIX           12
 **********
 PARAMETER   12  IS CONSTANT.   IGNORED.
 **********
 **   37 **FIX           13
 **********
 **********
 **   38 **FIX           14
 **********
 **********
 **   39 **FIX           15
 **********
 PARAMETER   15  IS CONSTANT.   IGNORED.
 **********
 **   40 **FIX           16
 **********
 **********
 **   41 **MIGRAD
 **********
 START MIGRAD MINIMIZATION.  STRATEGY  1.  CONVERGENCE WHEN EDM .LT. 1.00e-04
 FCN=479.494 FROM MIGRAD    STATUS=INITIATE       18 CALLS        3270 TOTAL
                     EDM= unknown      STRATEGY= 1      NO ERROR MATRIX       
  EXT PARAMETER               CURRENT GUESS       STEP         FIRST   
  NO.   NAME      VALUE            ERROR          SIZE      DERIVATIVE 
   1  N0           2.96845e+06     fixed    
   2  tau          6.44041e+01   constant   
   3  A0           3.54280e-01     fixed    
   4  phi          4.11547e+00     fixed    
   5  R           -5.92716e+01   constant   
   6  alpha_CBO   -9.00760e-04     fixed    
   7  w_CBO        2.32500e+00   constant   
   8  beta_CBO     0.00000e+00   1.00000e-03   1.00000e-03   1.87949e+05
   9  alpha_2CBO   0.00000e+00   1.00000e-03   1.00000e-03   2.10467e+04
  10  beta_2CBO   -4.52644e-04     fixed    
  11  alpha_y      0.00000e+00     fixed    
  12  w_y          1.38860e+01   constant   
  13  beta_y      -1.34869e-04     fixed    
  14  alpha_vw     0.00000e+00     fixed    
  15  w_vw         1.43404e+01   constant   
  16  beta_vw      0.00000e+00     fixed    
  17  LM           4.68092e-05   constant   
  18  zeta_y       0.00000e+00   constant   
  19  zeta_vw      0.00000e+00   constant   
  20  T_CBO        1.03988e+01   5.95410e-01  -1.29217e-03  -2.94212e+02
  21  alpha_A0     1.43555e+04   1.09502e+04   2.33627e+03   1.46282e-05
  22  beta_A0     -1.48804e+04   1.13562e+04  -2.42289e+03   1.23313e-04
  23  alpha_phi    2.67468e+03   2.03618e+03   4.34436e+02  -2.45028e-06
  24  beta_phi    -2.15682e+04   1.64508e+04  -3.50985e+03   4.73068e-05
 CALL LIMIT EXCEEDED IN MIGRAD.
 MIGRAD TERMINATED WITHOUT CONVERGENCE.
 FCN=91.7723 FROM MIGRAD    STATUS=CALL LIMIT   1158 CALLS        4410 TOTAL
                     EDM=0.00764221    STRATEGY= 1  ERROR MATRIX UNCERTAINTY  31.8 per cent
  EXT PARAMETER                APPROXIMATE        STEP         FIRST   
  NO.   NAME      VALUE            ERROR          SIZE      DERIVATIVE 
   1  N0           2.96845e+06     fixed    
   2  tau          6.44041e+01   constant   
   3  A0           3.54280e-01     fixed    
   4  phi          4.11547e+00     fixed    
   5  R           -5.92716e+01   constant   
   6  alpha_CBO   -9.00760e-04     fixed    
   7  w_CBO        2.32500e+00   constant   
   8  beta_CBO    -4.08510e-03   2.12049e-04  -1.08905e-05  -1.03865e+02
   9  alpha_2CBO  -2.70722e-04   2.07363e-04   5.20722e-06   3.29037e+01
  10  beta_2CBO   -4.52644e-04     fixed    
  11  alpha_y      0.00000e+00     fixed    
  12  w_y          1.38860e+01   constant   
  13  beta_y      -1.34869e-04     fixed    
  14  alpha_vw     0.00000e+00     fixed    
  15  w_vw         1.43404e+01   constant   
  16  beta_vw      0.00000e+00     fixed    
  17  LM           4.68092e-05   constant   
  18  zeta_y       0.00000e+00   constant   
  19  zeta_vw      0.00000e+00   constant   
  20  T_CBO        7.41172e+00   5.26214e-01  -5.22768e-04  -2.22422e+02
  21  alpha_A0     6.09961e+06   8.59643e+06   7.11758e+05   2.16305e-07
  22  beta_A0     -1.03058e+06   1.46408e+06  -1.21165e+05   1.13599e-07
  23  alpha_phi    1.14253e+06   1.55795e+06   1.29044e+05   8.05051e-09
  24  beta_phi    -1.09703e+07   1.50867e+07  -1.24949e+06   2.08340e-07
 EXTERNAL ERROR MATRIX.    NDIM=  25    NPAR=  7    ERR DEF=1
  4.496e-08 -2.684e-09  8.605e-06 -1.830e+02  3.106e+01 -3.312e+01  3.210e+02 
 -2.684e-09  4.300e-08 -2.638e-06  7.424e+01 -1.263e+01  1.338e+01 -1.305e+02 
  8.605e-06 -2.638e-06  2.769e-01 -4.506e+06  7.675e+05 -8.168e+05  7.909e+06 
 -1.830e+02  7.424e+01 -4.506e+06  7.390e+13 -1.259e+13  1.339e+13 -1.297e+14 
  3.106e+01 -1.263e+01  7.675e+05 -1.259e+13  2.144e+12 -2.281e+12  2.209e+13 
 -3.312e+01  1.338e+01 -8.168e+05  1.339e+13 -2.281e+12  2.427e+12 -2.350e+13 
  3.210e+02 -1.305e+02  7.909e+06 -1.297e+14  2.209e+13 -2.350e+13  2.276e+14 
ERR MATRIX APPROXIMATE
 PARAMETER  CORRELATION COEFFICIENTS  
       NO.  GLOBAL      8      9     20     21     22     23     24
        8  0.32836   1.000 -0.061  0.077 -0.100  0.100 -0.100  0.100
        9  0.28764  -0.061  1.000 -0.024  0.042 -0.042  0.041 -0.042
       20  0.99747   0.077 -0.024  1.000 -0.996  0.996 -0.996  0.996
       21  1.00000  -0.100  0.042 -0.996  1.000 -1.000  1.000 -1.000
       22  1.00000   0.100 -0.042  0.996 -1.000  1.000 -1.000  1.000
       23  1.00000  -0.100  0.041 -0.996  1.000 -1.000  1.000 -1.000
       24  1.00000   0.100 -0.042  0.996 -1.000  1.000 -1.000  1.000
 ERR MATRIX APPROXIMATE
MINUIT - FIT wiggle + 1-CBO + 2-CBO
 **********
 **   42 **RES 
 **********
                   PARAMETER   16  beta_vw RESTORED TO VARIABLE.
                   PARAMETER   14  alpha_vw RESTORED TO VARIABLE.
                   PARAMETER   13  beta_y RESTORED TO VARIABLE.
                   PARAMETER   11  alpha_y RESTORED TO VARIABLE.
                   PARAMETER   10  beta_2CBO RESTORED TO VARIABLE.
                   PARAMETER    6  alpha_CBO RESTORED TO VARIABLE.
                   PARAMETER    4  phi RESTORED TO VARIABLE.
                   PARAMETER    3  A0 RESTORED TO VARIABLE.
                   PARAMETER    1  N0 RESTORED TO VARIABLE.
 **********
 **   43 **FIX           10
 **********
 **********
 **   44 **FIX           11
 **********
 **********
 **   45 **FIX           12
 **********
 PARAMETER   12  IS CONSTANT.   IGNORED.
 **********
 **   46 **FIX           13
 **********
 **********
 **   47 **FIX           14
 **********
 **********
 **   48 **FIX           15
 **********
 PARAMETER   15  IS CONSTANT.   IGNORED.
 **********
 **   49 **FIX           16
 **********
 **********
 **   50 **MIGRAD
 **********
 START MIGRAD MINIMIZATION.  STRATEGY  1.  CONVERGENCE WHEN EDM .LT. 1.00e-04
 FCN=91.7723 FROM MIGRAD    STATUS=INITIATE       22 CALLS        4432 TOTAL
                     EDM= unknown      STRATEGY= 1      NO ERROR MATRIX       
  EXT PARAMETER               CURRENT GUESS       STEP         FIRST   
  NO.   NAME      VALUE            ERROR          SIZE      DERIVATIVE 
   1  N0           2.96845e+06   4.32225e+02   4.32225e+02   1.61478e-03
   2  tau          6.44041e+01   constant   
   3  A0           3.54280e-01   1.99332e-04   1.99332e-04   3.49095e+04
   4  phi          4.11547e+00   5.51807e-04   5.51807e-04  -7.63264e+03
   5  R           -5.92716e+01   constant   
   6  alpha_CBO   -9.00760e-04   2.16998e-04   2.16998e-04   4.95946e+03
   7  w_CBO        2.32500e+00   constant   
   8  beta_CBO    -4.08510e-03   2.12049e-04  -1.08905e-05  -1.03865e+02
   9  alpha_2CBO  -2.70722e-04   2.07363e-04   5.20722e-06   3.29037e+01
  10  beta_2CBO   -4.52644e-04     fixed    
  11  alpha_y      0.00000e+00     fixed    
  12  w_y          1.38860e+01   constant   
  13  beta_y      -1.34869e-04     fixed    
  14  alpha_vw     0.00000e+00     fixed    
  15  w_vw         1.43404e+01   constant   
  16  beta_vw      0.00000e+00     fixed    
  17  LM           4.68092e-05   constant   
  18  zeta_y       0.00000e+00   constant   
  19  zeta_vw      0.00000e+00   constant   
  20  T_CBO        7.41172e+00   5.26214e-01  -5.22768e-04  -2.22422e+02
  21  alpha_A0     6.09961e+06   8.59643e+06   7.11758e+05   2.16305e-07
  22  beta_A0     -1.03058e+06   1.46408e+06  -1.21165e+05   1.13600e-07
  23  alpha_phi    1.14253e+06   1.55795e+06   1.29044e+05   8.05053e-09
  24  beta_phi    -1.09703e+07   1.50867e+07  -1.24949e+06   2.08340e-07
 CALL LIMIT EXCEEDED IN MIGRAD.
 MIGRAD TERMINATED WITHOUT CONVERGENCE.
 FCN=71.5235 FROM MIGRAD    STATUS=CALL LIMIT   1928 CALLS        6338 TOTAL
                     EDM=0.0159127    STRATEGY= 1  ERROR MATRIX UNCERTAINTY  27.8 per cent
  EXT PARAMETER                APPROXIMATE        STEP         FIRST   
  NO.   NAME      VALUE            ERROR          SIZE      DERIVATIVE 
   1  N0           2.96811e+06   4.41931e+02  -4.03274e+00  -5.52944e-05
   2  tau          6.44041e+01   constant   
   3  A0           3.53475e-01   2.08433e-04  -9.91823e-07  -7.96631e+01
   4  phi          4.11706e+00   5.66356e-04   8.76264e-07  -1.84314e+01
   5  R           -5.92716e+01   constant   
   6  alpha_CBO   -9.06913e-04   2.09377e-04  -1.50519e-06  -5.11193e+01
   7  w_CBO        2.32500e+00   constant   
   8  beta_CBO    -4.31095e-03   2.08445e-04   1.26498e-08   8.78197e+01
   9  alpha_2CBO  -3.20745e-04   2.01027e-04   6.06220e-07   5.92277e+01
  10  beta_2CBO   -4.52644e-04     fixed    
  11  alpha_y      0.00000e+00     fixed    
  12  w_y          1.38860e+01   constant   
  13  beta_y      -1.34869e-04     fixed    
  14  alpha_vw     0.00000e+00     fixed    
  15  w_vw         1.43404e+01   constant   
  16  beta_vw      0.00000e+00     fixed    
  17  LM           4.68092e-05   constant   
  18  zeta_y       0.00000e+00   constant   
  19  zeta_vw      0.00000e+00   constant   
  20  T_CBO        9.25553e+00   7.54420e-01   2.35822e-04  -5.15647e+01
  21  alpha_A0     5.98341e+04   7.84534e+04  -1.22205e+03   2.38985e-06
  22  beta_A0     -8.66974e+03   3.93187e+04   1.15685e+03   2.82360e-06
  23  alpha_phi    3.09703e+04   5.95386e+04  -1.00001e+03  -1.54097e-06
  24  beta_phi    -1.29420e+05   2.01526e+05   4.66680e+03   2.07312e-06
 EXTERNAL ERROR MATRIX.    NDIM=  25    NPAR= 11    ERR DEF=1
  1.953e+05 
 -1.419e-03  4.344e-08 
 -3.327e-02  5.700e-10  3.208e-07 
 -6.310e-03 -6.114e-09 -1.913e-08  4.384e-08 
  1.458e-03  8.194e-09 -1.229e-08  7.356e-10  4.345e-08 
 -1.189e-03  3.833e-09  2.070e-09 -2.644e-09 -4.816e-10  4.041e-08 
 -5.537e+01 -7.474e-06  2.121e-05 -1.866e-05  3.865e-06  2.023e-06  5.692e-01 
  4.998e+06  1.919e+00 -3.358e+00  1.182e+00  2.456e-01 -1.178e+00 -5.453e+04  6.155e+09 
 -2.365e+06  1.978e-01  3.657e+00 -4.123e-02 -1.393e+00  7.485e-01  1.798e+04 -2.334e+09  1.546e+09 
  5.313e+05  8.180e-02  2.083e+00  2.026e+00 -9.544e-02 -1.287e+00 -3.582e+04  3.584e+09 -1.099e+09  3.545e+09 
 -1.176e+07 -3.243e+00  7.484e+00 -4.150e+00  1.028e+00 -1.167e+00  1.499e+05 -1.431e+10  4.344e+09 -8.839e+09  4.061e+10 
ERR MATRIX APPROXIMATE
 PARAMETER  CORRELATION COEFFICIENTS  
       NO.  GLOBAL      1      3      4      6      8      9     20     21     22     23     24
        1  0.48725   1.000 -0.015 -0.133 -0.068  0.016 -0.013 -0.166  0.144 -0.136  0.020 -0.132
        3  0.44878  -0.015  1.000  0.005 -0.140  0.189  0.091 -0.048  0.117  0.024  0.007 -0.077
        4  0.37826  -0.133  0.005  1.000 -0.161 -0.104  0.018  0.050 -0.076  0.164  0.062  0.066
        6  0.35803  -0.068 -0.140 -0.161  1.000  0.017 -0.063 -0.118  0.072 -0.005  0.163 -0.098
        8  0.40978   0.016  0.189 -0.104  0.017  1.000 -0.011  0.025  0.015 -0.170 -0.008  0.024
        9  0.34222  -0.013  0.091  0.018 -0.063 -0.011  1.000  0.013 -0.075  0.095 -0.108 -0.029
       20  0.99535  -0.166 -0.048  0.050 -0.118  0.025  0.013  1.000 -0.921  0.606 -0.797  0.986
       21  0.97215   0.144  0.117 -0.076  0.072  0.015 -0.075 -0.921  1.000 -0.757  0.767 -0.905
       22  0.90728  -0.136  0.024  0.164 -0.005 -0.170  0.095  0.606 -0.757  1.000 -0.469  0.548
       23  0.90748   0.020  0.007  0.062  0.163 -0.008 -0.108 -0.797  0.767 -0.469  1.000 -0.737
       24  0.99473  -0.132 -0.077  0.066 -0.098  0.024 -0.029  0.986 -0.905  0.548 -0.737  1.000
 ERR MATRIX APPROXIMATE
MINUIT - FIT ONLY 1-y
 **********
 **   51 **RES 
 **********
                   PARAMETER   16  beta_vw RESTORED TO VARIABLE.
                   PARAMETER   14  alpha_vw RESTORED TO VARIABLE.
                   PARAMETER   13  beta_y RESTORED TO VARIABLE.
                   PARAMETER   11  alpha_y RESTORED TO VARIABLE.
                   PARAMETER   10  beta_2CBO RESTORED TO VARIABLE.
 **********
 **   52 **FIX            0
 **********
 PARAMETER    0  IS UNDEFINED. IGNORED.
 **********
 **   53 **FIX            1
 **********
 **********
 **   54 **FIX            2
 **********
 PARAMETER    2  IS CONSTANT.   IGNORED.
 **********
 **   55 **FIX            3
 **********
 **********
 **   56 **FIX            4
 **********
 **********
 **   57 **FIX            5
 **********
 PARAMETER    5  IS CONSTANT.   IGNORED.
 **********
 **   58 **FIX            6
 **********
 **********
 **   59 **FIX            7
 **********
 PARAMETER    7  IS CONSTANT.   IGNORED.
 **********
 **   60 **FIX            8
 **********
 **********
 **   61 **FIX            9
 **********
 **********
 **   62 **FIX           13
 **********
 **********
 **   63 **FIX           14
 **********
 **********
 **   64 **FIX           15
 **********
 PARAMETER   15  IS CONSTANT.   IGNORED.
 **********
 **   65 **FIX           16
 **********
 **********
 **   66 **MIGRAD
 **********
 START MIGRAD MINIMIZATION.  STRATEGY  1.  CONVERGENCE WHEN EDM .LT. 1.00e-04
 FCN=71.5235 FROM MIGRAD    STATUS=INITIATE       16 CALLS        6354 TOTAL
                     EDM= unknown      STRATEGY= 1      NO ERROR MATRIX       
  EXT PARAMETER               CURRENT GUESS       STEP         FIRST   
  NO.   NAME      VALUE            ERROR          SIZE      DERIVATIVE 
   1  N0           2.96811e+06     fixed    
   2  tau          6.44041e+01   constant   
   3  A0           3.53475e-01     fixed    
   4  phi          4.11706e+00     fixed    
   5  R           -5.92716e+01   constant   
   6  alpha_CBO   -9.06913e-04     fixed    
   7  w_CBO        2.32500e+00   constant   
   8  beta_CBO    -4.31095e-03     fixed    
   9  alpha_2CBO  -3.20745e-04     fixed    
  10  beta_2CBO   -4.52644e-04   2.03063e-04   2.03063e-04  -1.19561e+04
  11  alpha_y      0.00000e+00   1.00000e-03   1.00000e-03   5.23367e+03
  12  w_y          1.38860e+01   constant   
  13  beta_y      -1.34869e-04     fixed    
  14  alpha_vw     0.00000e+00     fixed    
  15  w_vw         1.43404e+01   constant   
  16  beta_vw      0.00000e+00     fixed    
  17  LM           4.68092e-05   constant   
  18  zeta_y       0.00000e+00   constant   
  19  zeta_vw      0.00000e+00   constant   
  20  T_CBO        9.25553e+00   7.54420e-01   2.35822e-04  -5.15647e+01
  21  alpha_A0     5.98341e+04   7.84534e+04  -1.22205e+03   2.38985e-06
  22  beta_A0     -8.66974e+03   3.93187e+04   1.15685e+03   2.82360e-06
  23  alpha_phi    3.09703e+04   5.95386e+04  -1.00001e+03  -1.54097e-06
  24  beta_phi    -1.29420e+05   2.01526e+05   4.66680e+03   2.07312e-06
 CALL LIMIT EXCEEDED IN MIGRAD.
 MIGRAD TERMINATED WITHOUT CONVERGENCE.
 FCN=69.4025 FROM MIGRAD    STATUS=CALL LIMIT   1159 CALLS        7497 TOTAL
                     EDM=0.00279963    STRATEGY= 1  ERROR MATRIX UNCERTAINTY  18.6 per cent
  EXT PARAMETER                APPROXIMATE        STEP         FIRST   
  NO.   NAME      VALUE            ERROR          SIZE      DERIVATIVE 
   1  N0           2.96811e+06     fixed    
   2  tau          6.44041e+01   constant   
   3  A0           3.53475e-01     fixed    
   4  phi          4.11706e+00     fixed    
   5  R           -5.92716e+01   constant   
   6  alpha_CBO   -9.06913e-04     fixed    
   7  w_CBO        2.32500e+00   constant   
   8  beta_CBO    -4.31095e-03     fixed    
   9  alpha_2CBO  -3.20745e-04     fixed    
  10  beta_2CBO   -1.81170e-04   2.11186e-04  -1.68411e-06  -4.63451e+01
  11  alpha_y     -1.15962e-04   2.07584e-04  -3.04423e-07  -2.18025e+01
  12  w_y          1.38860e+01   constant   
  13  beta_y      -1.34869e-04     fixed    
  14  alpha_vw     0.00000e+00     fixed    
  15  w_vw         1.43404e+01   constant   
  16  beta_vw      0.00000e+00     fixed    
  17  LM           4.68092e-05   constant   
  18  zeta_y       0.00000e+00   constant   
  19  zeta_vw      0.00000e+00   constant   
  20  T_CBO        1.11406e+01   1.92350e+00   2.50399e-04  -4.46743e+00
  21  alpha_A0     3.10939e+03   7.78406e+03  -7.93782e+01  -4.90632e-07
  22  beta_A0     -6.50108e+02   2.91965e+03   4.26983e+01   1.36921e-05
  23  alpha_phi    1.92403e+03   5.77589e+03  -7.39961e+01  -1.98442e-05
  24  beta_phi    -7.38560e+03   1.88619e+04   2.28297e+02  -4.91655e-06
 EXTERNAL ERROR MATRIX.    NDIM=  25    NPAR=  7    ERR DEF=1
  4.460e-08 -4.586e-10 -1.249e-04  4.522e-01 -1.717e-01  3.225e-01 -1.291e+00 
 -4.586e-10  4.309e-08 -2.615e-05  1.018e-01 -2.379e-02  5.250e-02 -2.608e-01 
 -1.249e-04 -2.615e-05  3.700e+00 -1.464e+04  4.650e+03 -1.069e+04  3.613e+04 
  4.522e-01  1.018e-01 -1.464e+04  6.059e+07 -1.906e+07  4.215e+07 -1.427e+08 
 -1.717e-01 -2.379e-02  4.650e+03 -1.906e+07  8.524e+06 -1.215e+07  4.596e+07 
  3.225e-01  5.250e-02 -1.069e+04  4.215e+07 -1.215e+07  3.336e+07 -1.039e+08 
 -1.291e+00 -2.608e-01  3.613e+04 -1.427e+08  4.596e+07 -1.039e+08  3.558e+08 
ERR MATRIX APPROXIMATE
 PARAMETER  CORRELATION COEFFICIENTS  
       NO.  GLOBAL     10     11     20     21     22     23     24
       10  0.39175   1.000 -0.010 -0.307  0.275 -0.278  0.264 -0.324
       11  0.12932  -0.010  1.000 -0.065  0.063 -0.039  0.044 -0.067
       20  0.99742  -0.307 -0.065  1.000 -0.978  0.828 -0.962  0.996
       21  0.97990   0.275  0.063 -0.978  1.000 -0.839  0.937 -0.972
       22  0.88682  -0.278 -0.039  0.828 -0.839  1.000 -0.720  0.835
       23  0.97316   0.264  0.044 -0.962  0.937 -0.720  1.000 -0.954
       24  0.99623  -0.324 -0.067  0.996 -0.972  0.835 -0.954  1.000
 ERR MATRIX APPROXIMATE
MINUIT - FIT ONLY 2-y
 **********
 **   67 **RES 
 **********
                   PARAMETER   16  beta_vw RESTORED TO VARIABLE.
                   PARAMETER   14  alpha_vw RESTORED TO VARIABLE.
                   PARAMETER   13  beta_y RESTORED TO VARIABLE.
                   PARAMETER    9  alpha_2CBO RESTORED TO VARIABLE.
                   PARAMETER    8  beta_CBO RESTORED TO VARIABLE.
                   PARAMETER    6  alpha_CBO RESTORED TO VARIABLE.
                   PARAMETER    4  phi RESTORED TO VARIABLE.
                   PARAMETER    3  A0 RESTORED TO VARIABLE.
                   PARAMETER    1  N0 RESTORED TO VARIABLE.
 **********
 **   68 **FIX            0
 **********
 PARAMETER    0  IS UNDEFINED. IGNORED.
 **********
 **   69 **FIX            1
 **********
 **********
 **   70 **FIX            2
 **********
 PARAMETER    2  IS CONSTANT.   IGNORED.
 **********
 **   71 **FIX            3
 **********
 **********
 **   72 **FIX            4
 **********
 **********
 **   73 **FIX            5
 **********
 PARAMETER    5  IS CONSTANT.   IGNORED.
 **********
 **   74 **FIX            6
 **********
 **********
 **   75 **FIX            7
 **********
 PARAMETER    7  IS CONSTANT.   IGNORED.
 **********
 **   76 **FIX            8
 **********
 **********
 **   77 **FIX            9
 **********
 **********
 **   78 **FIX           10
 **********
 **********
 **   79 **FIX           11
 **********
 **********
 **   80 **FIX           12
 **********
 PARAMETER   12  IS CONSTANT.   IGNORED.
 **********
 **   81 **FIX           16
 **********
 **********
 **   82 **MIGRAD
 **********
 START MIGRAD MINIMIZATION.  STRATEGY  1.  CONVERGENCE WHEN EDM .LT. 1.00e-04
 FCN=69.4025 FROM MIGRAD    STATUS=INITIATE       16 CALLS        7513 TOTAL
                     EDM= unknown      STRATEGY= 1      NO ERROR MATRIX       
  EXT PARAMETER               CURRENT GUESS       STEP         FIRST   
  NO.   NAME      VALUE            ERROR          SIZE      DERIVATIVE 
   1  N0           2.96811e+06     fixed    
   2  tau          6.44041e+01   constant   
   3  A0           3.53475e-01     fixed    
   4  phi          4.11706e+00     fixed    
   5  R           -5.92716e+01   constant   
   6  alpha_CBO   -9.06913e-04     fixed    
   7  w_CBO        2.32500e+00   constant   
   8  beta_CBO    -4.31095e-03     fixed    
   9  alpha_2CBO  -3.20745e-04     fixed    
  10  beta_2CBO   -1.81170e-04     fixed    
  11  alpha_y     -1.15962e-04     fixed    
  12  w_y          1.38860e+01   constant   
  13  beta_y      -1.34869e-04   2.03498e-04   2.03498e-04  -3.18882e+03
  14  alpha_vw     0.00000e+00   1.00000e-03   1.00000e-03   1.62565e+04
  15  w_vw         1.43404e+01   constant   
  16  beta_vw      0.00000e+00     fixed    
  17  LM           4.68092e-05   constant   
  18  zeta_y       0.00000e+00   constant   
  19  zeta_vw      0.00000e+00   constant   
  20  T_CBO        1.11406e+01   1.92350e+00   2.50399e-04  -4.46744e+00
  21  alpha_A0     3.10939e+03   7.78406e+03  -7.93782e+01  -4.90620e-07
  22  beta_A0     -6.50108e+02   2.91965e+03   4.26983e+01   1.36921e-05
  23  alpha_phi    1.92403e+03   5.77589e+03  -7.39961e+01  -1.98442e-05
  24  beta_phi    -7.38560e+03   1.88619e+04   2.28297e+02  -4.91655e-06
 MIGRAD MINIMIZATION HAS CONVERGED.
 MIGRAD WILL VERIFY CONVERGENCE AND ERROR MATRIX.
 FCN=66.0449 FROM HESSE     STATUS=NOT POSDEF     50 CALLS        7625 TOTAL
                     EDM=0.0001338    STRATEGY= 1      ERR MATRIX NOT POS-DEF
  EXT PARAMETER                APPROXIMATE        STEP         FIRST   
  NO.   NAME      VALUE            ERROR          SIZE      DERIVATIVE 
   1  N0           2.96811e+06     fixed    
   2  tau          6.44041e+01   constant   
   3  A0           3.53475e-01     fixed    
   4  phi          4.11706e+00     fixed    
   5  R           -5.92716e+01   constant   
   6  alpha_CBO   -9.06913e-04     fixed    
   7  w_CBO        2.32500e+00   constant   
   8  beta_CBO    -4.31095e-03     fixed    
   9  alpha_2CBO  -3.20745e-04     fixed    
  10  beta_2CBO   -1.81170e-04     fixed    
  11  alpha_y     -1.15962e-04     fixed    
  12  w_y          1.38860e+01   constant   
  13  beta_y       1.94624e-05   2.11138e-04   8.22611e-07  -5.42129e+00
  14  alpha_vw    -3.82766e-04   2.12018e-04   8.26242e-07  -1.03269e+00
  15  w_vw         1.43404e+01   constant   
  16  beta_vw      0.00000e+00     fixed    
  17  LM           4.68092e-05   constant   
  18  zeta_y       0.00000e+00   constant   
  19  zeta_vw      0.00000e+00   constant   
  20  T_CBO        1.11441e+01   1.97370e+00   4.78983e-06  -4.65234e-01
  21  alpha_A0     3.06747e+03   7.84034e+03   5.38917e+00  -2.55054e-07
  22  beta_A0     -6.91667e+02   2.27996e+03   5.28842e+00  -2.69407e-07
  23  alpha_phi    1.90810e+03   5.02702e+03   5.33673e+00   2.25812e-07
  24  beta_phi    -7.43956e+03   1.87803e+04   5.28538e+00  -7.85814e-07
 MIGRAD MINIMIZATION HAS CONVERGED.
 MIGRAD WILL VERIFY CONVERGENCE AND ERROR MATRIX.
 FCN=66.0423 FROM MIGRAD    STATUS=CONVERGED     531 CALLS        8028 TOTAL
                     EDM=3.70234e-06    STRATEGY= 1      ERR MATRIX NOT POS-DEF
  EXT PARAMETER                APPROXIMATE        STEP         FIRST   
  NO.   NAME      VALUE            ERROR          SIZE      DERIVATIVE 
   1  N0           2.96811e+06     fixed    
   2  tau          6.44041e+01   constant   
   3  A0           3.53475e-01     fixed    
   4  phi          4.11706e+00     fixed    
   5  R           -5.92716e+01   constant   
   6  alpha_CBO   -9.06913e-04     fixed    
   7  w_CBO        2.32500e+00   constant   
   8  beta_CBO    -4.31095e-03     fixed    
   9  alpha_2CBO  -3.20745e-04     fixed    
  10  beta_2CBO   -1.81170e-04     fixed    
  11  alpha_y     -1.15962e-04     fixed    
  12  w_y          1.38860e+01   constant   
  13  beta_y       1.92327e-05   2.11144e-04   8.22596e-07  -5.32747e-02
  14  alpha_vw    -3.82455e-04   2.12024e-04   8.26226e-07  -1.68174e-01
  15  w_vw         1.43404e+01   constant   
  16  beta_vw      0.00000e+00     fixed    
