 + ++++++++++++++++++++++++++++++++++++++++++++++++++++++++++++++++++++ +
 +                                                                      +
 +           You have chose to blind your fitting according to          +
 +                omega_ref * (1 + (R +/- deltaR) *10^{-6})             +
 +                                                                      +
 + ++++++++++++++++++++++++++++++++++++++++++++++++++++++++++++++++++++ +
In main()...
reading format from /gm2data/zkhechad/run45/envelope/formats/formatB_sBin_constraintOn.txt
pBinTau 	= 0  
pBinPhi 	= 0  
constraintau 	= 1 
includeMopTerm 	= 0    
constrainMop    = 0   
Parameters after format file: pBinTau 0 pBinPhi 0 constraintau 1 includeMopTerm 0 constrainMop 0 c_e_scale 0.000000 
Opening file /gm2data/tbarrett/gm2fr/studies/run23_bunch_corrections/CorrectedFourier_Run3b.root.
reading full fit data from /gm2data/zkhechad/cboTemplates/Run4CBOTemplates/templateFits0_v2.0/noRF/sBin_constraintOn_cE0.0_seed0_noRF_calo13.root
windowBins = 69
fitting sliding window 576 from bin 712 at 106.081200 to bin 781 at 116.525200 (69 bins)

Reading data from /gm2data/cornell/histograms/aMethod/histogram_a_noRF.root
 **********
 **    1 **SET PRINTOUT            1
 **********
 **********
 **    2 **SET NOWARNINGS 
 **********
 PARAMETER DEFINITIONS:
    NO.   NAME         VALUE      STEP SIZE      LIMITS
     1 N0           3.44933e+06  1.00000e+02     no limits
     2 tau          6.43680e+01  constant
     3 A0           3.52702e-01  1.00000e-04     no limits
     4 phi          4.13064e+00  1.00000e-02     no limits
     5 R           -6.08433e+01  constant
     6 alpha_CBO    0.00000e+00  1.00000e-03     no limits
     7 w_CBO        2.32500e+00  constant
     8 beta_CBO     0.00000e+00  1.00000e-03     no limits
     9 alpha_2CBO   0.00000e+00  1.00000e-03     no limits
    10 beta_2CBO    0.00000e+00  1.00000e-03     no limits
    11 alpha_y      0.00000e+00  1.00000e-03     no limits
    12 w_y          1.44500e+01  constant
    13 beta_y       0.00000e+00  1.00000e-03     no limits
    14 alpha_vw     0.00000e+00  1.00000e-03     no limits
    15 w_vw         1.29000e+01  constant
    16 beta_vw      0.00000e+00  1.00000e-03     no limits
    17 LM          -1.22211e-03  constant
    18 zeta_y       0.00000e+00  constant
    19 zeta_vw      0.00000e+00  constant
    20 T_CBO        1.00000e+02  1.00000e+00    0.00000e+00  1.00000e+03
    21 alpha_A0     0.00000e+00  1.00000e-03     no limits
    22 beta_A0      0.00000e+00  1.00000e-03     no limits
    23 alpha_phi    0.00000e+00  1.00000e-03     no limits
    24 beta_phi     0.00000e+00  1.00000e-03     no limits
MINUIT - FIT ONLY WIGGLE
 **********
 **    3 **FIX            5
 **********
 PARAMETER    5  IS CONSTANT.   IGNORED.
 **********
 **    4 **FIX            6
 **********
 **********
 **    5 **FIX            7
 **********
 PARAMETER    7  IS CONSTANT.   IGNORED.
 **********
 **    6 **FIX            8
 **********
 **********
 **    7 **FIX            9
 **********
 **********
 **    8 **FIX           10
 **********
 **********
 **    9 **FIX           11
 **********
 **********
 **   10 **FIX           12
 **********
 PARAMETER   12  IS CONSTANT.   IGNORED.
 **********
 **   11 **FIX           13
 **********
 **********
 **   12 **FIX           14
 **********
 **********
 **   13 **FIX           15
 **********
 PARAMETER   15  IS CONSTANT.   IGNORED.
 **********
 **   14 **FIX           16
 **********
 **********
 **   15 **MIGRAD
 **********
 FIRST CALL TO USER FUNCTION AT NEW START POINT, WITH IFLAG=4.
 START MIGRAD MINIMIZATION.  STRATEGY  1.  CONVERGENCE WHEN EDM .LT. 1.00e-04
 FCN=3394.34 FROM MIGRAD    STATUS=INITIATE      435 CALLS         436 TOTAL
                     EDM= unknown      STRATEGY= 1      NO ERROR MATRIX       
  EXT PARAMETER               CURRENT GUESS       STEP         FIRST   
  NO.   NAME      VALUE            ERROR          SIZE      DERIVATIVE 
   1  N0           3.44933e+06   1.00000e+02   0.00000e+00  -2.06096e-02
   2  tau          6.43680e+01   constant   
   3  A0           3.52702e-01   1.00000e-04   0.00000e+00  -1.47298e+05
   4  phi          4.13064e+00   1.00000e-02   0.00000e+00   7.93908e+02
   5  R           -6.08433e+01   constant   
   6  alpha_CBO    0.00000e+00     fixed    
   7  w_CBO        2.32500e+00   constant   
   8  beta_CBO     0.00000e+00     fixed    
   9  alpha_2CBO   0.00000e+00     fixed    
  10  beta_2CBO    0.00000e+00     fixed    
  11  alpha_y      0.00000e+00     fixed    
  12  w_y          1.44500e+01   constant   
  13  beta_y       0.00000e+00     fixed    
  14  alpha_vw     0.00000e+00     fixed    
  15  w_vw         1.29000e+01   constant   
  16  beta_vw      0.00000e+00     fixed    
  17  LM          -1.22211e-03   constant   
  18  zeta_y       0.00000e+00   constant   
  19  zeta_vw      0.00000e+00   constant   
  20  T_CBO        1.00000e+02   1.00000e+00   0.00000e+00   0.00000e+00
  21  alpha_A0     0.00000e+00   1.00000e-03   0.00000e+00   7.27332e+03
  22  beta_A0      0.00000e+00   1.00000e-03   0.00000e+00  -1.14074e+04
  23  alpha_phi    0.00000e+00   1.00000e-03   0.00000e+00  -8.63305e+03
  24  beta_phi     0.00000e+00   1.00000e-03   0.00000e+00  -5.99759e+03
 CALL LIMIT EXCEEDED IN MIGRAD.
 MIGRAD TERMINATED WITHOUT CONVERGENCE.
 FCN=3036.37 FROM MIGRAD    STATUS=CALL LIMIT   1324 CALLS        1325 TOTAL
                     EDM=0.177446    STRATEGY= 1  ERROR MATRIX UNCERTAINTY   0.5 per cent
  EXT PARAMETER                APPROXIMATE        STEP         FIRST   
  NO.   NAME      VALUE            ERROR          SIZE      DERIVATIVE 
   1  N0           3.45018e+06   3.66490e+02  -6.87243e+00  -2.38847e-04
   2  tau          6.43680e+01   constant   
   3  A0           3.54465e-01   1.41067e-04   9.08384e-08  -1.41291e+02
   4  phi          4.13051e+00   3.89550e-04  -1.58446e-05   4.88627e+01
   5  R           -6.08433e+01   constant   
   6  alpha_CBO    0.00000e+00     fixed    
   7  w_CBO        2.32500e+00   constant   
   8  beta_CBO     0.00000e+00     fixed    
   9  alpha_2CBO   0.00000e+00     fixed    
  10  beta_2CBO    0.00000e+00     fixed    
  11  alpha_y      0.00000e+00     fixed    
  12  w_y          1.44500e+01   constant   
  13  beta_y       0.00000e+00     fixed    
  14  alpha_vw     0.00000e+00     fixed    
  15  w_vw         1.29000e+01   constant   
  16  beta_vw      0.00000e+00     fixed    
  17  LM          -1.22211e-03   constant   
  18  zeta_y       0.00000e+00   constant   
  19  zeta_vw      0.00000e+00   constant   
  20  T_CBO        2.86428e+01   3.34156e+00  -5.45580e-03  -1.78031e+02
  21  alpha_A0    -1.07490e-01   4.16733e-02  -1.11417e-02   2.90970e+01
  22  beta_A0      2.66937e-01   1.07672e-01   2.87957e-02  -1.64022e+01
  23  alpha_phi    2.56474e-01   1.04715e-01   2.80037e-02  -1.26115e+01
  24  beta_phi     1.25055e-01   5.04996e-02   1.35062e-02   1.27570e+01
 EXTERNAL ERROR MATRIX.    NDIM=  25    NPAR=  8    ERR DEF=1
  1.343e+05 -2.943e-03  2.280e-02  5.459e+01  8.886e-01 -2.739e+00 -2.723e+00 -1.105e+00 
 -2.943e-03  1.990e-08 -1.284e-11  1.147e-05  1.767e-07 -3.819e-07 -3.464e-07 -1.575e-07 
  2.280e-02 -1.284e-11  1.517e-07  1.389e-04  1.712e-06 -4.534e-06 -4.398e-06 -2.042e-06 
  5.459e+01  1.147e-05  1.389e-04  1.117e+01  1.386e-01 -3.581e-01 -3.483e-01 -1.680e-01 
  8.886e-01  1.767e-07  1.712e-06  1.386e-01  1.737e-03 -4.481e-03 -4.358e-03 -2.100e-03 
 -2.739e+00 -3.819e-07 -4.534e-06 -3.581e-01 -4.481e-03  1.159e-02  1.127e-02  5.432e-03 
 -2.723e+00 -3.464e-07 -4.398e-06 -3.483e-01 -4.358e-03  1.127e-02  1.097e-02  5.284e-03 
 -1.105e+00 -1.575e-07 -2.042e-06 -1.680e-01 -2.100e-03  5.432e-03  5.284e-03  2.550e-03 
ERR MATRIX APPROXIMATE
 PARAMETER  CORRELATION COEFFICIENTS  
       NO.  GLOBAL      1      3      4     20     21     22     23     24
        1  0.42017   1.000 -0.057  0.160  0.045  0.058 -0.069 -0.071 -0.060
        3  0.15705  -0.057  1.000 -0.000  0.024  0.030 -0.025 -0.023 -0.022
        4  0.20349   0.160 -0.000  1.000  0.107  0.105 -0.108 -0.108 -0.104
       20  0.99586   0.045  0.024  0.107  1.000  0.995 -0.995 -0.995 -0.995
       21  0.99890   0.058  0.030  0.105  0.995  1.000 -0.999 -0.999 -0.998
       22  0.99979  -0.069 -0.025 -0.108 -0.995 -0.999  1.000  1.000  0.999
       23  0.99979  -0.071 -0.023 -0.108 -0.995 -0.999  1.000  1.000  0.999
       24  0.99926  -0.060 -0.022 -0.104 -0.995 -0.998  0.999  0.999  1.000
 ERR MATRIX APPROXIMATE
MINUIT - FIT ONLY 1-CBO + wiggle
 **********
 **   16 **RES 
 **********
                   PARAMETER   16  beta_vw RESTORED TO VARIABLE.
                   PARAMETER   14  alpha_vw RESTORED TO VARIABLE.
                   PARAMETER   13  beta_y RESTORED TO VARIABLE.
                   PARAMETER   11  alpha_y RESTORED TO VARIABLE.
                   PARAMETER   10  beta_2CBO RESTORED TO VARIABLE.
                   PARAMETER    9  alpha_2CBO RESTORED TO VARIABLE.
                   PARAMETER    8  beta_CBO RESTORED TO VARIABLE.
                   PARAMETER    6  alpha_CBO RESTORED TO VARIABLE.
 **********
 **   17 **FIX            8
 **********
 **********
 **   18 **FIX            9
 **********
 **********
 **   19 **FIX           11
 **********
 **********
 **   20 **FIX           12
 **********
 PARAMETER   12  IS CONSTANT.   IGNORED.
 **********
 **   21 **FIX           14
 **********
 **********
 **   22 **FIX           15
 **********
 PARAMETER   15  IS CONSTANT.   IGNORED.
 **********
 **   23 **FIX           16
 **********
 **********
 **   24 **MIGRAD
 **********
 START MIGRAD MINIMIZATION.  STRATEGY  1.  CONVERGENCE WHEN EDM .LT. 1.00e-04
 FCN=3036.37 FROM MIGRAD    STATUS=INITIATE       28 CALLS        1353 TOTAL
                     EDM= unknown      STRATEGY= 1      NO ERROR MATRIX       
  EXT PARAMETER               CURRENT GUESS       STEP         FIRST   
  NO.   NAME      VALUE            ERROR          SIZE      DERIVATIVE 
   1  N0           3.45018e+06   3.66490e+02  -6.87243e+00  -2.38847e-04
   2  tau          6.43680e+01   constant   
   3  A0           3.54465e-01   1.41067e-04   9.08384e-08  -1.41291e+02
   4  phi          4.13051e+00   3.89550e-04  -1.58446e-05   4.88627e+01
   5  R           -6.08433e+01   constant   
   6  alpha_CBO    0.00000e+00   1.00000e-03   1.00000e-03  -3.85579e+05
   7  w_CBO        2.32500e+00   constant   
   8  beta_CBO     0.00000e+00     fixed    
   9  alpha_2CBO   0.00000e+00     fixed    
  10  beta_2CBO    0.00000e+00   1.00000e-03   1.00000e-03  -1.06682e+04
  11  alpha_y      0.00000e+00     fixed    
  12  w_y          1.44500e+01   constant   
  13  beta_y       0.00000e+00   1.00000e-03   1.00000e-03   5.73428e+04
  14  alpha_vw     0.00000e+00     fixed    
  15  w_vw         1.29000e+01   constant   
  16  beta_vw      0.00000e+00     fixed    
  17  LM          -1.22211e-03   constant   
  18  zeta_y       0.00000e+00   constant   
  19  zeta_vw      0.00000e+00   constant   
  20  T_CBO        2.86428e+01   3.34156e+00  -5.45580e-03  -1.78032e+02
  21  alpha_A0    -1.07490e-01   4.16733e-02  -1.11417e-02   2.90970e+01
  22  beta_A0      2.66937e-01   1.07672e-01   2.87957e-02  -1.64022e+01
  23  alpha_phi    2.56474e-01   1.04715e-01   2.80037e-02  -1.26115e+01
  24  beta_phi     1.25055e-01   5.04996e-02   1.35062e-02   1.27570e+01
 CALL LIMIT EXCEEDED IN MIGRAD.
 MIGRAD TERMINATED WITHOUT CONVERGENCE.
 FCN=2270.45 FROM MIGRAD    STATUS=CALL LIMIT   1911 CALLS        3236 TOTAL
                     EDM=0.0159268    STRATEGY= 1  ERROR MATRIX UNCERTAINTY   0.1 per cent
  EXT PARAMETER                APPROXIMATE        STEP         FIRST   
  NO.   NAME      VALUE            ERROR          SIZE      DERIVATIVE 
   1  N0           3.45013e+06   3.32874e+02   1.17708e+00   1.97709e-05
   2  tau          6.43680e+01   constant   
   3  A0           3.53812e-01   1.35370e-04  -2.56206e-07   8.18666e+01
   4  phi          4.12877e+00   3.86736e-04  -8.77641e-07  -4.53379e+01
   5  R           -6.08433e+01   constant   
   6  alpha_CBO    3.87958e-03   1.39996e-04  -4.19632e-08  -7.48269e+01
   7  w_CBO        2.32500e+00   constant   
   8  beta_CBO     0.00000e+00     fixed    
   9  alpha_2CBO   0.00000e+00     fixed    
  10  beta_2CBO    3.84214e-04   1.30804e-04  -4.80521e-07  -1.13611e+02
  11  alpha_y      0.00000e+00     fixed    
  12  w_y          1.44500e+01   constant   
  13  beta_y      -6.14541e-04   1.38745e-04   8.82429e-08  -1.75373e+02
  14  alpha_vw     0.00000e+00     fixed    
  15  w_vw         1.29000e+01   constant   
  16  beta_vw      0.00000e+00     fixed    
  17  LM          -1.22211e-03   constant   
  18  zeta_y       0.00000e+00   constant   
  19  zeta_vw      0.00000e+00   constant   
  20  T_CBO        1.50628e+02   4.00968e+01  -4.91972e-03  -1.93754e+00
  21  alpha_A0    -7.64982e-04   1.39294e-03  -4.16242e-05   1.70890e+01
  22  beta_A0      1.02879e-02   2.80630e-03   2.02471e-04  -1.01848e+02
  23  alpha_phi    9.23458e-03   1.93797e-03   1.11123e-04   7.03401e+01
  24  beta_phi     4.51430e-03   1.37286e-03   9.93557e-05   2.43531e+01
 EXTERNAL ERROR MATRIX.    NDIM=  25    NPAR= 11    ERR DEF=1
  1.108e+05 
 -1.074e-03  1.833e-08 
  1.604e-02  1.560e-09  1.496e-07 
  1.045e-03 -3.183e-09 -9.598e-09  1.960e-08 
  2.113e-03 -8.601e-10 -2.598e-09  1.739e-09  1.711e-08 
 -1.327e-03  4.007e-10  6.953e-10 -3.137e-10 -1.678e-11  1.925e-08 
  9.028e+02  2.867e-04  4.338e-04 -2.017e-04  1.284e-04 -7.537e-04  1.615e+03 
 -8.755e-02  4.542e-09 -1.472e-08  2.210e-08 -1.327e-08  4.988e-09  3.719e-03  1.940e-06 
 -1.110e-01  9.913e-09 -6.262e-08  1.405e-09 -2.934e-08  4.070e-08 -1.046e-01  1.594e-07  7.875e-06 
 -1.142e-01  1.761e-08 -2.038e-08 -8.184e-10  8.311e-09  3.776e-08 -6.442e-02 -8.321e-08  4.637e-06  3.756e-06 
  6.106e-02 -4.493e-09  6.521e-08  1.504e-09 -1.916e-08  1.956e-08 -2.241e-02  2.678e-08  1.433e-06  5.070e-07  1.885e-06 
ERR MATRIX APPROXIMATE
 PARAMETER  CORRELATION COEFFICIENTS  
       NO.  GLOBAL      1      3      4      6     10     13     20     21     22     23     24
        1  0.34566   1.000 -0.024  0.125  0.022  0.049 -0.029  0.068 -0.189 -0.119 -0.177  0.134
        3  0.28987  -0.024  1.000  0.030 -0.168 -0.049  0.021  0.053  0.024  0.026  0.067 -0.024
        4  0.28599   0.125  0.030  1.000 -0.177 -0.051  0.013  0.028 -0.027 -0.058 -0.027  0.123
        6  0.30090   0.022 -0.168 -0.177  1.000  0.095 -0.016 -0.036  0.113  0.004 -0.003  0.008
       10  0.26934   0.049 -0.049 -0.051  0.095  1.000 -0.001  0.024 -0.073 -0.080  0.033 -0.107
       13  0.19842  -0.029  0.021  0.013 -0.016 -0.001  1.000 -0.135  0.026  0.105  0.140  0.103
       20  0.94399   0.068  0.053  0.028 -0.036  0.024 -0.135  1.000  0.066 -0.928 -0.827 -0.406
       21  0.37442  -0.189  0.024 -0.027  0.113 -0.073  0.026  0.066  1.000  0.041 -0.031  0.014
       22  0.95010  -0.119  0.026 -0.058  0.004 -0.080  0.105 -0.928  0.041  1.000  0.853  0.372
       23  0.88352  -0.177  0.067 -0.027 -0.003  0.033  0.140 -0.827 -0.031  0.853  1.000  0.191
       24  0.53088   0.134 -0.024  0.123  0.008 -0.107  0.103 -0.406  0.014  0.372  0.191  1.000
 ERR MATRIX APPROXIMATE
MINUIT - FIT ONLY 2-CBO
 **********
 **   25 **RES 
 **********
                   PARAMETER   16  beta_vw RESTORED TO VARIABLE.
                   PARAMETER   14  alpha_vw RESTORED TO VARIABLE.
                   PARAMETER   11  alpha_y RESTORED TO VARIABLE.
                   PARAMETER    9  alpha_2CBO RESTORED TO VARIABLE.
                   PARAMETER    8  beta_CBO RESTORED TO VARIABLE.
 **********
 **   26 **FIX            0
 **********
 PARAMETER    0  IS UNDEFINED. IGNORED.
 **********
 **   27 **FIX            1
 **********
 **********
 **   28 **FIX            2
 **********
 PARAMETER    2  IS CONSTANT.   IGNORED.
 **********
 **   29 **FIX            3
 **********
 **********
 **   30 **FIX            4
 **********
 **********
 **   31 **FIX            5
 **********
 PARAMETER    5  IS CONSTANT.   IGNORED.
 **********
 **   32 **FIX            6
 **********
 **********
 **   33 **FIX            7
 **********
 PARAMETER    7  IS CONSTANT.   IGNORED.
 **********
 **   34 **FIX           10
 **********
 **********
 **   35 **FIX           11
 **********
 **********
 **   36 **FIX           12
 **********
 PARAMETER   12  IS CONSTANT.   IGNORED.
 **********
 **   37 **FIX           13
 **********
 **********
 **   38 **FIX           14
 **********
 **********
 **   39 **FIX           15
 **********
 PARAMETER   15  IS CONSTANT.   IGNORED.
 **********
 **   40 **FIX           16
 **********
 **********
 **   41 **MIGRAD
 **********
 START MIGRAD MINIMIZATION.  STRATEGY  1.  CONVERGENCE WHEN EDM .LT. 1.00e-04
 FCN=2270.45 FROM MIGRAD    STATUS=INITIATE       18 CALLS        3254 TOTAL
                     EDM= unknown      STRATEGY= 1      NO ERROR MATRIX       
  EXT PARAMETER               CURRENT GUESS       STEP         FIRST   
  NO.   NAME      VALUE            ERROR          SIZE      DERIVATIVE 
   1  N0           3.45013e+06     fixed    
   2  tau          6.43680e+01   constant   
   3  A0           3.53812e-01     fixed    
   4  phi          4.12877e+00     fixed    
   5  R           -6.08433e+01   constant   
   6  alpha_CBO    3.87958e-03     fixed    
   7  w_CBO        2.32500e+00   constant   
   8  beta_CBO     0.00000e+00   1.00000e-03   1.00000e-03   6.47364e+05
   9  alpha_2CBO   0.00000e+00   1.00000e-03   1.00000e-03   6.01325e+04
  10  beta_2CBO    3.84214e-04     fixed    
  11  alpha_y      0.00000e+00     fixed    
  12  w_y          1.44500e+01   constant   
  13  beta_y      -6.14541e-04     fixed    
  14  alpha_vw     0.00000e+00     fixed    
  15  w_vw         1.29000e+01   constant   
  16  beta_vw      0.00000e+00     fixed    
  17  LM          -1.22211e-03   constant   
  18  zeta_y       0.00000e+00   constant   
  19  zeta_vw      0.00000e+00   constant   
  20  T_CBO        1.50628e+02   4.00968e+01  -4.91972e-03  -1.93749e+00
  21  alpha_A0    -7.64982e-04   1.39294e-03  -4.16242e-05   1.70890e+01
  22  beta_A0      1.02879e-02   2.80630e-03   2.02471e-04  -1.01848e+02
  23  alpha_phi    9.23458e-03   1.93797e-03   1.11123e-04   7.03401e+01
  24  beta_phi     4.51430e-03   1.37286e-03   9.93557e-05   2.43531e+01
 CALL LIMIT EXCEEDED IN MIGRAD.
 MIGRAD TERMINATED WITHOUT CONVERGENCE.
 FCN=203.585 FROM MIGRAD    STATUS=CALL LIMIT   1159 CALLS        4395 TOTAL
                     EDM=0.220908    STRATEGY= 1  ERROR MATRIX UNCERTAINTY  17.6 per cent
  EXT PARAMETER                APPROXIMATE        STEP         FIRST   
  NO.   NAME      VALUE            ERROR          SIZE      DERIVATIVE 
   1  N0           3.45013e+06     fixed    
   2  tau          6.43680e+01   constant   
   3  A0           3.53812e-01     fixed    
   4  phi          4.12877e+00     fixed    
   5  R           -6.08433e+01   constant   
   6  alpha_CBO    3.87958e-03     fixed    
   7  w_CBO        2.32500e+00   constant   
   8  beta_CBO    -6.36124e-03   1.38086e-04  -8.08299e-06  -1.19171e+03
   9  alpha_2CBO  -2.91305e-04   1.36405e-04   1.81058e-07  -5.46881e+02
  10  beta_2CBO    3.84214e-04     fixed    
  11  alpha_y      0.00000e+00     fixed    
  12  w_y          1.44500e+01   constant   
  13  beta_y      -6.14541e-04     fixed    
  14  alpha_vw     0.00000e+00     fixed    
  15  w_vw         1.29000e+01   constant   
  16  beta_vw      0.00000e+00     fixed    
  17  LM          -1.22211e-03   constant   
  18  zeta_y       0.00000e+00   constant   
  19  zeta_vw      0.00000e+00   constant   
  20  T_CBO        1.28029e+01   8.10919e-01  -1.93818e-03  -4.23562e+02
  21  alpha_A0     7.98164e-01   3.76658e-01   9.87556e-02   4.91620e-01
  22  beta_A0      7.60539e+00   3.61414e+00   9.47558e-01   4.59560e-02
  23  alpha_phi    2.59557e+01   1.23425e+01   3.23598e+00  -9.34093e-02
  24  beta_phi     1.20942e+01   5.74999e+00   1.50753e+00  -4.12694e-01
 EXTERNAL ERROR MATRIX.    NDIM=  25    NPAR=  7    ERR DEF=1
  1.907e-08 -1.044e-09  1.171e-05 -8.269e-06 -7.931e-05 -2.709e-04 -1.262e-04 
 -1.044e-09  1.861e-08 -2.649e-06  1.213e-07  1.208e-06  4.057e-06  1.887e-06 
  1.171e-05 -2.649e-06  6.576e-01 -3.025e-01 -2.902e+00 -9.911e+00 -4.617e+00 
 -8.269e-06  1.213e-07 -3.025e-01  1.419e-01  1.361e+00  4.649e+00  2.166e+00 
 -7.931e-05  1.208e-06 -2.902e+00  1.361e+00  1.306e+01  4.461e+01  2.078e+01 
 -2.709e-04  4.057e-06 -9.911e+00  4.649e+00  4.461e+01  1.523e+02  7.097e+01 
 -1.262e-04  1.887e-06 -4.617e+00  2.166e+00  2.078e+01  7.097e+01  3.306e+01 
ERR MATRIX APPROXIMATE
 PARAMETER  CORRELATION COEFFICIENTS  
       NO.  GLOBAL      8      9     20     21     22     23     24
        8  0.44301   1.000 -0.055  0.105 -0.159 -0.159 -0.159 -0.159
        9  0.22503  -0.055  1.000 -0.024  0.002  0.002  0.002  0.002
       20  0.99204   0.105 -0.024  1.000 -0.990 -0.990 -0.990 -0.990
       21  1.00000  -0.159  0.002 -0.990  1.000  1.000  1.000  1.000
       22  1.00000  -0.159  0.002 -0.990  1.000  1.000  1.000  1.000
       23  1.00000  -0.159  0.002 -0.990  1.000  1.000  1.000  1.000
       24  1.00000  -0.159  0.002 -0.990  1.000  1.000  1.000  1.000
 ERR MATRIX APPROXIMATE
MINUIT - FIT wiggle + 1-CBO + 2-CBO
 **********
 **   42 **RES 
 **********
                   PARAMETER   16  beta_vw RESTORED TO VARIABLE.
                   PARAMETER   14  alpha_vw RESTORED TO VARIABLE.
                   PARAMETER   13  beta_y RESTORED TO VARIABLE.
                   PARAMETER   11  alpha_y RESTORED TO VARIABLE.
                   PARAMETER   10  beta_2CBO RESTORED TO VARIABLE.
                   PARAMETER    6  alpha_CBO RESTORED TO VARIABLE.
                   PARAMETER    4  phi RESTORED TO VARIABLE.
                   PARAMETER    3  A0 RESTORED TO VARIABLE.
                   PARAMETER    1  N0 RESTORED TO VARIABLE.
 **********
 **   43 **FIX           10
 **********
 **********
 **   44 **FIX           11
 **********
 **********
 **   45 **FIX           12
 **********
 PARAMETER   12  IS CONSTANT.   IGNORED.
 **********
 **   46 **FIX           13
 **********
 **********
 **   47 **FIX           14
 **********
 **********
 **   48 **FIX           15
 **********
 PARAMETER   15  IS CONSTANT.   IGNORED.
 **********
 **   49 **FIX           16
 **********
 **********
 **   50 **MIGRAD
 **********
 START MIGRAD MINIMIZATION.  STRATEGY  1.  CONVERGENCE WHEN EDM .LT. 1.00e-04
 FCN=203.585 FROM MIGRAD    STATUS=INITIATE       22 CALLS        4417 TOTAL
                     EDM= unknown      STRATEGY= 1      NO ERROR MATRIX       
  EXT PARAMETER               CURRENT GUESS       STEP         FIRST   
  NO.   NAME      VALUE            ERROR          SIZE      DERIVATIVE 
   1  N0           3.45013e+06   3.32874e+02   3.32874e+02   2.08622e-02
   2  tau          6.43680e+01   constant   
   3  A0           3.53812e-01   1.35370e-04   1.35370e-04   1.25227e+05
   4  phi          4.12877e+00   3.86736e-04   3.86736e-04  -1.70398e+04
   5  R           -6.08433e+01   constant   
   6  alpha_CBO    3.87958e-03   1.39996e-04   1.39996e-04   2.23636e+04
   7  w_CBO        2.32500e+00   constant   
   8  beta_CBO    -6.36124e-03   1.38086e-04  -8.08299e-06  -1.19171e+03
   9  alpha_2CBO  -2.91305e-04   1.36405e-04   1.81058e-07  -5.46881e+02
  10  beta_2CBO    3.84214e-04     fixed    
  11  alpha_y      0.00000e+00     fixed    
  12  w_y          1.44500e+01   constant   
  13  beta_y      -6.14541e-04     fixed    
  14  alpha_vw     0.00000e+00     fixed    
  15  w_vw         1.29000e+01   constant   
  16  beta_vw      0.00000e+00     fixed    
  17  LM          -1.22211e-03   constant   
  18  zeta_y       0.00000e+00   constant   
  19  zeta_vw      0.00000e+00   constant   
  20  T_CBO        1.28029e+01   8.10919e-01  -1.93818e-03  -4.23562e+02
  21  alpha_A0     7.98164e-01   3.76658e-01   9.87556e-02   4.91620e-01
  22  beta_A0      7.60539e+00   3.61414e+00   9.47558e-01   4.59560e-02
  23  alpha_phi    2.59557e+01   1.23425e+01   3.23598e+00  -9.34093e-02
  24  beta_phi     1.20942e+01   5.74999e+00   1.50753e+00  -4.12694e-01
 CALL LIMIT EXCEEDED IN MIGRAD.
 MIGRAD TERMINATED WITHOUT CONVERGENCE.
 FCN=105.527 FROM MIGRAD    STATUS=CALL LIMIT   1907 CALLS        6302 TOTAL
                     EDM=0.0118512    STRATEGY= 1  ERROR MATRIX UNCERTAINTY   0.9 per cent
  EXT PARAMETER                APPROXIMATE        STEP         FIRST   
  NO.   NAME      VALUE            ERROR          SIZE      DERIVATIVE 
   1  N0           3.44921e+06   3.20636e+02   2.74655e+00   6.18933e-05
   2  tau          6.43680e+01   constant   
   3  A0           3.52570e-01   1.36213e-04   2.10938e-07   6.22467e+02
   4  phi          4.13017e+00   3.81828e-04   2.74673e-06   3.52307e+00
   5  R           -6.08433e+01   constant   
   6  alpha_CBO    3.79607e-03   1.35816e-04   2.50188e-06   1.99076e+02
   7  w_CBO        2.32500e+00   constant   
   8  beta_CBO    -6.67978e-03   1.39521e-04   1.34327e-07  -8.91819e+01
   9  alpha_2CBO  -1.93605e-04   1.36981e-04  -4.32372e-07  -2.00574e+02
  10  beta_2CBO    3.84214e-04     fixed    
  11  alpha_y      0.00000e+00     fixed    
  12  w_y          1.44500e+01   constant   
  13  beta_y      -6.14541e-04     fixed    
  14  alpha_vw     0.00000e+00     fixed    
  15  w_vw         1.29000e+01   constant   
  16  beta_vw      0.00000e+00     fixed    
  17  LM          -1.22211e-03   constant   
  18  zeta_y       0.00000e+00   constant   
  19  zeta_vw      0.00000e+00   constant   
  20  T_CBO        2.64802e+01   7.30962e+00   4.08782e-03  -3.04426e+01
  21  alpha_A0     2.13332e-02   5.28768e-02  -4.38056e-03   4.55996e-01
  22  beta_A0      3.30285e-02   7.06757e-02  -5.34578e-03  -2.45767e+00
  23  alpha_phi    2.32620e-01   3.10613e-01  -2.91454e-02  -2.73773e+00
  24  beta_phi     1.20944e-01   1.70745e-01  -1.37249e-02  -2.32683e+00
 EXTERNAL ERROR MATRIX.    NDIM=  25    NPAR= 11    ERR DEF=1
  1.028e+05 
 -2.734e-04  1.855e-08 
  1.841e-02 -2.316e-10  1.458e-07 
 -1.728e-03 -2.164e-09 -7.317e-09  1.845e-08 
  3.273e-03  3.795e-09 -1.748e-09  6.396e-10  1.947e-08 
 -1.508e-03 -1.348e-09  1.715e-09 -1.616e-10 -2.056e-09  1.876e-08 
  1.904e+02  4.304e-05  2.799e-04  1.291e-04 -8.143e-06 -5.800e-05  5.347e+01 
 -3.283e+00 -4.549e-07 -1.066e-06  1.734e-07 -1.571e-07 -4.943e-07 -1.806e-01  2.796e-03 
 -3.140e+00  1.369e-06 -4.745e-06 -2.010e-07  1.035e-06  4.377e-07 -3.431e-01  1.244e-03  4.995e-03 
 -9.732e+00 -2.211e-07 -1.281e-05 -5.473e-06  4.735e-07  1.759e-06 -2.255e+00  7.395e-03  1.435e-02  9.648e-02 
 -9.468e-02 -5.114e-07 -3.137e-06 -2.806e-06  2.403e-08  3.211e-07 -1.186e+00  4.214e-03  6.261e-03  4.947e-02  2.915e-02 
ERR MATRIX APPROXIMATE
 PARAMETER  CORRELATION COEFFICIENTS  
       NO.  GLOBAL      1      3      4      6      8      9     20     21     22     23     24
        1  0.36338   1.000 -0.006  0.150 -0.040  0.073 -0.034  0.081 -0.194 -0.139 -0.098 -0.002
        3  0.57603  -0.006  1.000 -0.004 -0.117  0.200 -0.072  0.043 -0.063  0.142 -0.005 -0.022
        4  0.27746   0.150 -0.004  1.000 -0.141 -0.033  0.033  0.100 -0.053 -0.176 -0.108 -0.048
        6  0.31078  -0.040 -0.117 -0.141  1.000  0.034 -0.009  0.130  0.024 -0.021 -0.130 -0.121
        8  0.26603   0.073  0.200 -0.033  0.034  1.000 -0.108 -0.008 -0.021  0.105  0.011  0.001
        9  0.31060  -0.034 -0.072  0.033 -0.009 -0.108  1.000 -0.058 -0.068  0.045  0.041  0.014
       20  0.99739   0.081  0.043  0.100  0.130 -0.008 -0.058  1.000 -0.467 -0.664 -0.993 -0.950
       21  0.53647  -0.194 -0.063 -0.053  0.024 -0.021 -0.068 -0.467  1.000  0.333  0.450  0.467
       22  0.82702  -0.139  0.142 -0.176 -0.021  0.105  0.045 -0.664  0.333  1.000  0.654  0.519
       23  0.99554  -0.098 -0.005 -0.108 -0.130  0.011  0.041 -0.993  0.450  0.654  1.000  0.933
       24  0.97465  -0.002 -0.022 -0.048 -0.121  0.001  0.014 -0.950  0.467  0.519  0.933  1.000
 ERR MATRIX APPROXIMATE
MINUIT - FIT ONLY 1-y
 **********
 **   51 **RES 
 **********
                   PARAMETER   16  beta_vw RESTORED TO VARIABLE.
                   PARAMETER   14  alpha_vw RESTORED TO VARIABLE.
                   PARAMETER   13  beta_y RESTORED TO VARIABLE.
                   PARAMETER   11  alpha_y RESTORED TO VARIABLE.
                   PARAMETER   10  beta_2CBO RESTORED TO VARIABLE.
 **********
 **   52 **FIX            0
 **********
 PARAMETER    0  IS UNDEFINED. IGNORED.
 **********
 **   53 **FIX            1
 **********
 **********
 **   54 **FIX            2
 **********
 PARAMETER    2  IS CONSTANT.   IGNORED.
 **********
 **   55 **FIX            3
 **********
 **********
 **   56 **FIX            4
 **********
 **********
 **   57 **FIX            5
 **********
 PARAMETER    5  IS CONSTANT.   IGNORED.
 **********
 **   58 **FIX            6
 **********
 **********
 **   59 **FIX            7
 **********
 PARAMETER    7  IS CONSTANT.   IGNORED.
 **********
 **   60 **FIX            8
 **********
 **********
 **   61 **FIX            9
 **********
 **********
 **   62 **FIX           13
 **********
 **********
 **   63 **FIX           14
 **********
 **********
 **   64 **FIX           15
 **********
 PARAMETER   15  IS CONSTANT.   IGNORED.
 **********
 **   65 **FIX           16
 **********
 **********
 **   66 **MIGRAD
 **********
 START MIGRAD MINIMIZATION.  STRATEGY  1.  CONVERGENCE WHEN EDM .LT. 1.00e-04
 FCN=105.527 FROM MIGRAD    STATUS=INITIATE       16 CALLS        6318 TOTAL
                     EDM= unknown      STRATEGY= 1      NO ERROR MATRIX       
  EXT PARAMETER               CURRENT GUESS       STEP         FIRST   
  NO.   NAME      VALUE            ERROR          SIZE      DERIVATIVE 
   1  N0           3.44921e+06     fixed    
   2  tau          6.43680e+01   constant   
   3  A0           3.52570e-01     fixed    
   4  phi          4.13017e+00     fixed    
   5  R           -6.08433e+01   constant   
   6  alpha_CBO    3.79607e-03     fixed    
   7  w_CBO        2.32500e+00   constant   
   8  beta_CBO    -6.67978e-03     fixed    
   9  alpha_2CBO  -1.93605e-04     fixed    
  10  beta_2CBO    3.84214e-04   1.30804e-04   1.30804e-04   2.27817e+04
  11  alpha_y      0.00000e+00   1.00000e-03   1.00000e-03   7.66371e+04
  12  w_y          1.44500e+01   constant   
  13  beta_y      -6.14541e-04     fixed    
  14  alpha_vw     0.00000e+00     fixed    
  15  w_vw         1.29000e+01   constant   
  16  beta_vw      0.00000e+00     fixed    
  17  LM          -1.22211e-03   constant   
  18  zeta_y       0.00000e+00   constant   
  19  zeta_vw      0.00000e+00   constant   
  20  T_CBO        2.64802e+01   7.30962e+00   4.08782e-03  -3.04426e+01
  21  alpha_A0     2.13332e-02   5.28768e-02  -4.38056e-03   4.55996e-01
  22  beta_A0      3.30285e-02   7.06757e-02  -5.34578e-03  -2.45767e+00
  23  alpha_phi    2.32620e-01   3.10613e-01  -2.91454e-02  -2.73773e+00
  24  beta_phi     1.20944e-01   1.70745e-01  -1.37249e-02  -2.32683e+00
 CALL LIMIT EXCEEDED IN MIGRAD.
 MIGRAD TERMINATED WITHOUT CONVERGENCE.
 FCN=75.4301 FROM MIGRAD    STATUS=CALL LIMIT   1149 CALLS        7451 TOTAL
                     EDM=7.84084e-05    STRATEGY= 1  ERROR MATRIX UNCERTAINTY  22.9 per cent
  EXT PARAMETER                APPROXIMATE        STEP         FIRST   
  NO.   NAME      VALUE            ERROR          SIZE      DERIVATIVE 
   1  N0           3.44921e+06     fixed    
   2  tau          6.43680e+01   constant   
   3  A0           3.52570e-01     fixed    
   4  phi          4.13017e+00     fixed    
   5  R           -6.08433e+01   constant   
   6  alpha_CBO    3.79607e-03     fixed    
   7  w_CBO        2.32500e+00   constant   
   8  beta_CBO    -6.67978e-03     fixed    
   9  alpha_2CBO  -1.93605e-04     fixed    
  10  beta_2CBO    1.52690e-04   1.38354e-04  -1.58973e-07  -9.08236e+00
  11  alpha_y     -7.10174e-04   1.32072e-04   2.59220e-07  -8.46570e+00
  12  w_y          1.44500e+01   constant   
  13  beta_y      -6.14541e-04     fixed    
  14  alpha_vw     0.00000e+00     fixed    
  15  w_vw         1.29000e+01   constant   
  16  beta_vw      0.00000e+00     fixed    
  17  LM          -1.22211e-03   constant   
  18  zeta_y       0.00000e+00   constant   
  19  zeta_vw      0.00000e+00   constant   
  20  T_CBO        5.60747e+01   5.69987e+01  -6.36582e-05  -2.25541e-01
  21  alpha_A0     2.97983e-03   8.82946e-03   7.07567e-07  -2.51995e-03
  22  beta_A0      4.63117e-03   1.14902e-02   6.42042e-06  -6.07215e-01
  23  alpha_phi    2.46325e-02   4.99168e-02   4.09654e-05   5.57164e-01
  24  beta_phi     1.38874e-02   3.06489e-02   1.34905e-05  -2.42561e+00
 EXTERNAL ERROR MATRIX.    NDIM=  25    NPAR=  7    ERR DEF=1
  1.914e-08  7.779e-11  1.058e-04 -5.909e-08 -1.233e-07 -2.639e-08 -1.281e-07 
  7.779e-11  1.744e-08  3.063e-04 -8.490e-08 -6.414e-08 -2.565e-07 -1.506e-07 
  1.058e-04  3.063e-04  3.318e+03 -3.985e-01 -6.001e-01 -2.866e+00 -1.758e+00 
 -5.909e-08 -8.490e-08 -3.985e-01  7.796e-05  7.818e-05  3.473e-04  2.128e-04 
 -1.233e-07 -6.414e-08 -6.001e-01  7.818e-05  1.320e-04  5.199e-04  3.159e-04 
 -2.639e-08 -2.565e-07 -2.866e+00  3.473e-04  5.199e-04  2.492e-03  1.519e-03 
 -1.281e-07 -1.506e-07 -1.758e+00  2.128e-04  3.159e-04  1.519e-03  9.394e-04 
ERR MATRIX APPROXIMATE
 PARAMETER  CORRELATION COEFFICIENTS  
       NO.  GLOBAL     10     11     20     21     22     23     24
       10  0.30195   1.000  0.004  0.013 -0.048 -0.078 -0.004 -0.030
       11  0.08980   0.004  1.000  0.040 -0.073 -0.042 -0.039 -0.037
       20  0.99811   0.013  0.040  1.000 -0.784 -0.907 -0.997 -0.996
       21  0.80508  -0.048 -0.073 -0.784  1.000  0.771  0.788  0.786
       22  0.91856  -0.078 -0.042 -0.907  0.771  1.000  0.906  0.897
       23  0.99692  -0.004 -0.039 -0.997  0.788  0.906  1.000  0.993
       24  0.99616  -0.030 -0.037 -0.996  0.786  0.897  0.993  1.000
 ERR MATRIX APPROXIMATE
MINUIT - FIT ONLY 2-y
 **********
 **   67 **RES 
 **********
                   PARAMETER   16  beta_vw RESTORED TO VARIABLE.
                   PARAMETER   14  alpha_vw RESTORED TO VARIABLE.
                   PARAMETER   13  beta_y RESTORED TO VARIABLE.
                   PARAMETER    9  alpha_2CBO RESTORED TO VARIABLE.
                   PARAMETER    8  beta_CBO RESTORED TO VARIABLE.
                   PARAMETER    6  alpha_CBO RESTORED TO VARIABLE.
                   PARAMETER    4  phi RESTORED TO VARIABLE.
                   PARAMETER    3  A0 RESTORED TO VARIABLE.
                   PARAMETER    1  N0 RESTORED TO VARIABLE.
 **********
 **   68 **FIX            0
 **********
 PARAMETER    0  IS UNDEFINED. IGNORED.
 **********
 **   69 **FIX            1
 **********
 **********
 **   70 **FIX            2
 **********
 PARAMETER    2  IS CONSTANT.   IGNORED.
 **********
 **   71 **FIX            3
 **********
 **********
 **   72 **FIX            4
 **********
 **********
 **   73 **FIX            5
 **********
 PARAMETER    5  IS CONSTANT.   IGNORED.
 **********
 **   74 **FIX            6
 **********
 **********
 **   75 **FIX            7
 **********
 PARAMETER    7  IS CONSTANT.   IGNORED.
 **********
 **   76 **FIX            8
 **********
 **********
 **   77 **FIX            9
 **********
 **********
 **   78 **FIX           10
 **********
 **********
 **   79 **FIX           11
 **********
 **********
 **   80 **FIX           12
 **********
 PARAMETER   12  IS CONSTANT.   IGNORED.
 **********
 **   81 **FIX           16
 **********
 **********
 **   82 **MIGRAD
 **********
 START MIGRAD MINIMIZATION.  STRATEGY  1.  CONVERGENCE WHEN EDM .LT. 1.00e-04
 FCN=75.4301 FROM MIGRAD    STATUS=INITIATE       16 CALLS        7467 TOTAL
                     EDM= unknown      STRATEGY= 1      NO ERROR MATRIX       
  EXT PARAMETER               CURRENT GUESS       STEP         FIRST   
  NO.   NAME      VALUE            ERROR          SIZE      DERIVATIVE 
   1  N0           3.44921e+06     fixed    
   2  tau          6.43680e+01   constant   
   3  A0           3.52570e-01     fixed    
   4  phi          4.13017e+00     fixed    
   5  R           -6.08433e+01   constant   
   6  alpha_CBO    3.79607e-03     fixed    
   7  w_CBO        2.32500e+00   constant   
   8  beta_CBO    -6.67978e-03     fixed    
   9  alpha_2CBO  -1.93605e-04     fixed    
  10  beta_2CBO    1.52690e-04     fixed    
  11  alpha_y     -7.10174e-04     fixed    
  12  w_y          1.44500e+01   constant   
  13  beta_y      -6.14541e-04   1.38745e-04   1.38745e-04  -1.30131e+04
  14  alpha_vw     0.00000e+00   1.00000e-03   1.00000e-03  -2.20422e+04
  15  w_vw         1.29000e+01   constant   
  16  beta_vw      0.00000e+00     fixed    
  17  LM          -1.22211e-03   constant   
  18  zeta_y       0.00000e+00   constant   
  19  zeta_vw      0.00000e+00   constant   
  20  T_CBO        5.60747e+01   5.69987e+01  -6.36582e-05  -2.25542e-01
  21  alpha_A0     2.97983e-03   8.82946e-03   7.07567e-07  -2.52671e-03
  22  beta_A0      4.63117e-03   1.14902e-02   6.42042e-06  -6.07217e-01
  23  alpha_phi    2.46325e-02   4.99168e-02   4.09654e-05   5.57165e-01
  24  beta_phi     1.38874e-02   3.06489e-02   1.34905e-05  -2.42561e+00
 MIGRAD MINIMIZATION HAS CONVERGED.
 MIGRAD WILL VERIFY CONVERGENCE AND ERROR MATRIX.
 FCN=72.2808 FROM HESSE     STATUS=NOT POSDEF     50 CALLS        7579 TOTAL
                     EDM=0.000227426    STRATEGY= 1      ERR MATRIX NOT POS-DEF
  EXT PARAMETER                APPROXIMATE        STEP         FIRST   
  NO.   NAME      VALUE            ERROR          SIZE      DERIVATIVE 
   1  N0           3.44921e+06     fixed    
   2  tau          6.43680e+01   constant   
   3  A0           3.52570e-01     fixed    
   4  phi          4.13017e+00     fixed    
   5  R           -6.08433e+01   constant   
   6  alpha_CBO    3.79607e-03     fixed    
   7  w_CBO        2.32500e+00   constant   
   8  beta_CBO    -6.67978e-03     fixed    
   9  alpha_2CBO  -1.93605e-04     fixed    
  10  beta_2CBO    1.52690e-04     fixed    
  11  alpha_y     -7.10174e-04     fixed    
  12  w_y          1.44500e+01   constant   
  13  beta_y      -4.86396e-04   1.37684e-04   5.76010e-07   1.56453e+00
  14  alpha_vw     2.10084e-04   1.36977e-04   5.73087e-07   6.38818e-01
  15  w_vw         1.29000e+01   constant   
  16  beta_vw      0.00000e+00     fixed    
  17  LM          -1.22211e-03   constant   
  18  zeta_y       0.00000e+00   constant   
  19  zeta_vw      0.00000e+00   constant   
  20  T_CBO        5.61384e+01   6.03829e+01   7.06665e-05   5.59642e-02
  21  alpha_A0     3.00471e-03   7.26570e-03   1.57443e-05   5.58476e-03
  22  beta_A0      4.84296e-03   1.12206e-02   1.64429e-05  -9.25199e-02
  23  alpha_phi    2.45878e-02   5.30539e-02   1.65693e-05  -2.10093e-01
  24  beta_phi     1.40268e-02   3.03690e-02   1.58358e-05  -1.07577e-01
 MIGRAD MINIMIZATION HAS CONVERGED.
 MIGRAD WILL VERIFY CONVERGENCE AND ERROR MATRIX.
 FCN=72.2791 FROM MIGRAD    STATUS=CONVERGED     343 CALLS        7794 TOTAL
                     EDM=1.16259e-06    STRATEGY= 1      ERR MATRIX NOT POS-DEF
  EXT PARAMETER                APPROXIMATE        STEP         FIRST   
  NO.   NAME      VALUE            ERROR          SIZE      DERIVATIVE 
   1  N0           3.44921e+06     fixed    
   2  tau          6.43680e+01   constant   
   3  A0           3.52570e-01     fixed    
   4  phi          4.13017e+00     fixed    
   5  R           -6.08433e+01   constant   
   6  alpha_CBO    3.79607e-03     fixed    
   7  w_CBO        2.32500e+00   constant   
   8  beta_CBO    -6.67978e-03     fixed    
   9  alpha_2CBO  -1.93605e-04     fixed    
  10  beta_2CBO    1.52690e-04     fixed    
  11  alpha_y     -7.10174e-04     fixed    
  12  w_y          1.44500e+01   constant   
  13  beta_y      -4.86164e-04   1.37683e-04   5.76003e-07   1.68225e-01
  14  alpha_vw     2.10144e-04   1.36977e-04   5.73080e-07   1.36688e-01
  15  w_vw         1.29000e+01   constant   
  16  beta_vw      0.00000e+00     fixed    
