 + ++++++++++++++++++++++++++++++++++++++++++++++++++++++++++++++++++++ +
 +                                                                      +
 +           You have chose to blind your fitting according to          +
 +                omega_ref * (1 + (R +/- deltaR) *10^{-6})             +
 +                                                                      +
 + ++++++++++++++++++++++++++++++++++++++++++++++++++++++++++++++++++++ +
In main()...
reading format from /gm2data/zkhechad/run45/envelope/formats/formatB_sBin_constraintOn.txt
pBinTau 	= 0  
pBinPhi 	= 0  
constraintau 	= 1 
includeMopTerm 	= 0    
constrainMop    = 0   
Parameters after format file: pBinTau 0 pBinPhi 0 constraintau 1 includeMopTerm 0 constrainMop 0 c_e_scale 0.000000 
Opening file /gm2data/tbarrett/gm2fr/studies/run23_bunch_corrections/CorrectedFourier_Run3b.root.
reading full fit data from /gm2data/zkhechad/cboTemplates/Run4CBOTemplates/fullFits/noRF/sBin_constraintOn_cE0.0_seed0_noRF_calo18.root
windowBins = 69
fitting sliding window 1960 from bin 2096 at 312.574000 to bin 2165 at 323.018000 (69 bins)

Reading data from /gm2data/cornell/histograms/aMethod/histogram_a_noRF.root
 **********
 **    1 **SET PRINTOUT            1
 **********
 **********
 **    2 **SET NOWARNINGS 
 **********
 PARAMETER DEFINITIONS:
    NO.   NAME         VALUE      STEP SIZE      LIMITS
     1 N0           3.61741e+06  1.00000e+02     no limits
     2 tau          6.44109e+01  constant
     3 A0           3.53417e-01  1.00000e-04     no limits
     4 phi          4.12209e+00  1.00000e-02     no limits
     5 R           -6.03373e+01  constant
     6 alpha_CBO    0.00000e+00  1.00000e-03     no limits
     7 w_CBO        2.32500e+00  constant
     8 beta_CBO     0.00000e+00  1.00000e-03     no limits
     9 alpha_2CBO   0.00000e+00  1.00000e-03     no limits
    10 beta_2CBO    0.00000e+00  1.00000e-03     no limits
    11 alpha_y      0.00000e+00  1.00000e-03     no limits
    12 w_y          1.38860e+01  constant
    13 beta_y       0.00000e+00  1.00000e-03     no limits
    14 alpha_vw     0.00000e+00  1.00000e-03     no limits
    15 w_vw         1.43404e+01  constant
    16 beta_vw      0.00000e+00  1.00000e-03     no limits
    17 LM           1.86654e-04  constant
    18 zeta_y       0.00000e+00  constant
    19 zeta_vw      0.00000e+00  constant
    20 T_CBO        1.00000e+02  1.00000e+00    0.00000e+00  1.00000e+03
    21 alpha_A0     0.00000e+00  1.00000e-04   -1.00000e-02  1.00000e-02
    22 beta_A0      0.00000e+00  1.00000e-04   -1.00000e-02  1.00000e-02
    23 alpha_phi    0.00000e+00  1.00000e-04   -1.00000e-02  1.00000e-02
    24 beta_phi     0.00000e+00  1.00000e-04   -1.00000e-02  1.00000e-02
MINUIT - FIT ONLY WIGGLE
 **********
 **    3 **FIX            5
 **********
 PARAMETER    5  IS CONSTANT.   IGNORED.
 **********
 **    4 **FIX            6
 **********
 **********
 **    5 **FIX            7
 **********
 PARAMETER    7  IS CONSTANT.   IGNORED.
 **********
 **    6 **FIX            8
 **********
 **********
 **    7 **FIX            9
 **********
 **********
 **    8 **FIX           10
 **********
 **********
 **    9 **FIX           11
 **********
 **********
 **   10 **FIX           12
 **********
 PARAMETER   12  IS CONSTANT.   IGNORED.
 **********
 **   11 **FIX           13
 **********
 **********
 **   12 **FIX           14
 **********
 **********
 **   13 **FIX           15
 **********
 PARAMETER   15  IS CONSTANT.   IGNORED.
 **********
 **   14 **FIX           16
 **********
 **********
 **   15 **MIGRAD
 **********
 FIRST CALL TO USER FUNCTION AT NEW START POINT, WITH IFLAG=4.
 START MIGRAD MINIMIZATION.  STRATEGY  1.  CONVERGENCE WHEN EDM .LT. 1.00e-04
 FCN=64.4274 FROM MIGRAD    STATUS=INITIATE      437 CALLS         438 TOTAL
                     EDM= unknown      STRATEGY= 1      NO ERROR MATRIX       
  EXT PARAMETER               CURRENT GUESS       STEP         FIRST   
  NO.   NAME      VALUE            ERROR          SIZE      DERIVATIVE 
   1  N0           3.61741e+06   1.00000e+02   0.00000e+00   6.49647e-04
   2  tau          6.44109e+01   constant   
   3  A0           3.53417e-01   1.00000e-04   0.00000e+00   1.03068e+03
   4  phi          4.12209e+00   1.00000e-02   0.00000e+00   1.29839e+03
   5  R           -6.03373e+01   constant   
   6  alpha_CBO    0.00000e+00     fixed    
   7  w_CBO        2.32500e+00   constant   
   8  beta_CBO     0.00000e+00     fixed    
   9  alpha_2CBO   0.00000e+00     fixed    
  10  beta_2CBO    0.00000e+00     fixed    
  11  alpha_y      0.00000e+00     fixed    
  12  w_y          1.38860e+01   constant   
  13  beta_y       0.00000e+00     fixed    
  14  alpha_vw     0.00000e+00     fixed    
  15  w_vw         1.43404e+01   constant   
  16  beta_vw      0.00000e+00     fixed    
  17  LM           1.86654e-04   constant   
  18  zeta_y       0.00000e+00   constant   
  19  zeta_vw      0.00000e+00   constant   
  20  T_CBO        1.00000e+02   1.00000e+00   0.00000e+00   0.00000e+00
  21  alpha_A0     0.00000e+00   1.00000e-04   0.00000e+00  -5.24529e-01
  22  beta_A0      0.00000e+00   1.00000e-04   0.00000e+00  -2.95406e-03
  23  alpha_phi    0.00000e+00   1.00000e-04   0.00000e+00  -3.22628e-01
  24  beta_phi     0.00000e+00   1.00000e-04   0.00000e+00  -5.14274e-01
 MIGRAD MINIMIZATION HAS CONVERGED.
 FCN=56.911 FROM MIGRAD    STATUS=CONVERGED    1115 CALLS        1116 TOTAL
                     EDM=4.89303e-06    STRATEGY= 1  ERROR MATRIX UNCERTAINTY   0.1 per cent
  EXT PARAMETER                                   STEP         FIRST   
  NO.   NAME      VALUE            ERROR          SIZE      DERIVATIVE 
   1  N0           3.61644e+06   1.73927e+03   2.59785e-01  -2.23915e-07
   2  tau          6.44109e+01   constant   
   3  A0           3.53315e-01   6.34195e-04  -1.64438e-07  -1.25709e+00
   4  phi          4.12020e+00   1.81610e-03   1.05781e-06   8.82457e-01
   5  R           -6.03373e+01   constant   
   6  alpha_CBO    0.00000e+00     fixed    
   7  w_CBO        2.32500e+00   constant   
   8  beta_CBO     0.00000e+00     fixed    
   9  alpha_2CBO   0.00000e+00     fixed    
  10  beta_2CBO    0.00000e+00     fixed    
  11  alpha_y      0.00000e+00     fixed    
  12  w_y          1.38860e+01   constant   
  13  beta_y       0.00000e+00     fixed    
  14  alpha_vw     0.00000e+00     fixed    
  15  w_vw         1.43404e+01   constant   
  16  beta_vw      0.00000e+00     fixed    
  17  LM           1.86654e-04   constant   
  18  zeta_y       0.00000e+00   constant   
  19  zeta_vw      0.00000e+00   constant   
  20  T_CBO        9.98987e+02   9.24361e+02   6.12279e-03  -3.07312e-04
  21  alpha_A0     6.45522e-03   4.01298e-03  -1.03424e-03   5.41706e-04
  22  beta_A0      5.00887e-04   3.86564e-03  -4.05928e-05  -7.84647e-04
  23  alpha_phi    3.25767e-03   3.51786e-03   2.39180e-04   7.38992e-03
  24  beta_phi     4.50277e-03   3.84133e-03  -7.86288e-04   1.49240e-03
 EXTERNAL ERROR MATRIX.    NDIM=  25    NPAR=  8    ERR DEF=1
  3.025e+06 -7.674e-02 -3.369e-01  2.032e+04  8.337e-01 -1.525e+00  1.283e+00 -1.063e+00 
 -7.674e-02  4.022e-07 -4.163e-08 -3.585e-02 -4.670e-07  2.635e-07 -1.327e-07  4.100e-07 
 -3.369e-01 -4.163e-08  3.298e-06  1.640e-01  8.499e-07  7.900e-08 -9.110e-07 -4.250e-07 
  2.032e+04 -3.585e-02  1.640e-01  2.232e+05  6.362e-01 -1.592e-01  9.522e-01  2.962e-01 
  8.337e-01 -4.670e-07  8.499e-07  6.362e-01  1.785e-05 -2.939e-06  2.516e-06 -2.583e-06 
 -1.525e+00  2.635e-07  7.900e-08 -1.592e-01 -2.939e-06  1.576e-05 -4.126e-07  2.470e-06 
  1.283e+00 -1.327e-07 -9.110e-07  9.522e-01  2.516e-06 -4.126e-07  1.299e-05  5.513e-07 
 -1.063e+00  4.100e-07 -4.250e-07  2.962e-01 -2.583e-06  2.470e-06  5.513e-07  1.577e-05 
 PARAMETER  CORRELATION COEFFICIENTS  
       NO.  GLOBAL      1      3      4     20     21     22     23     24
        1  0.35082   1.000 -0.070 -0.107  0.025  0.113 -0.221  0.205 -0.154
        3  0.25107  -0.070  1.000 -0.036 -0.120 -0.174  0.105 -0.058  0.163
        4  0.37833  -0.107 -0.036  1.000  0.191  0.111  0.011 -0.139 -0.059
       20  0.68708   0.025 -0.120  0.191  1.000  0.319 -0.085  0.559  0.158
       21  0.41367   0.113 -0.174  0.111  0.319  1.000 -0.175  0.165 -0.154
       22  0.30855  -0.221  0.105  0.011 -0.085 -0.175  1.000 -0.029  0.157
       23  0.64045   0.205 -0.058 -0.139  0.559  0.165 -0.029  1.000  0.039
       24  0.36949  -0.154  0.163 -0.059  0.158 -0.154  0.157  0.039  1.000
MINUIT - FIT ONLY 1-CBO + wiggle
 **********
 **   16 **RES 
 **********
                   PARAMETER   16  beta_vw RESTORED TO VARIABLE.
                   PARAMETER   14  alpha_vw RESTORED TO VARIABLE.
                   PARAMETER   13  beta_y RESTORED TO VARIABLE.
                   PARAMETER   11  alpha_y RESTORED TO VARIABLE.
                   PARAMETER   10  beta_2CBO RESTORED TO VARIABLE.
                   PARAMETER    9  alpha_2CBO RESTORED TO VARIABLE.
                   PARAMETER    8  beta_CBO RESTORED TO VARIABLE.
                   PARAMETER    6  alpha_CBO RESTORED TO VARIABLE.
 **********
 **   17 **FIX            8
 **********
 **********
 **   18 **FIX            9
 **********
 **********
 **   19 **FIX           11
 **********
 **********
 **   20 **FIX           12
 **********
 PARAMETER   12  IS CONSTANT.   IGNORED.
 **********
 **   21 **FIX           14
 **********
 **********
 **   22 **FIX           15
 **********
 PARAMETER   15  IS CONSTANT.   IGNORED.
 **********
 **   23 **FIX           16
 **********
 **********
 **   24 **MIGRAD
 **********
 START MIGRAD MINIMIZATION.  STRATEGY  1.  CONVERGENCE WHEN EDM .LT. 1.00e-04
 FCN=56.911 FROM MIGRAD    STATUS=INITIATE       28 CALLS        1144 TOTAL
                     EDM= unknown      STRATEGY= 1      NO ERROR MATRIX       
  EXT PARAMETER               CURRENT GUESS       STEP         FIRST   
  NO.   NAME      VALUE            ERROR          SIZE      DERIVATIVE 
   1  N0           3.61644e+06   1.73927e+03   2.59785e-01  -2.23915e-07
   2  tau          6.44109e+01   constant   
   3  A0           3.53315e-01   6.34195e-04  -1.64438e-07  -1.25709e+00
   4  phi          4.12020e+00   1.81610e-03   1.05781e-06   8.82457e-01
   5  R           -6.03373e+01   constant   
   6  alpha_CBO    0.00000e+00   1.00000e-03   1.00000e-03  -1.27056e+04
   7  w_CBO        2.32500e+00   constant   
   8  beta_CBO     0.00000e+00     fixed    
   9  alpha_2CBO   0.00000e+00     fixed    
  10  beta_2CBO    0.00000e+00   1.00000e-03   1.00000e-03  -1.01344e+02
  11  alpha_y      0.00000e+00     fixed    
  12  w_y          1.38860e+01   constant   
  13  beta_y       0.00000e+00   1.00000e-03   1.00000e-03  -4.49829e+02
  14  alpha_vw     0.00000e+00     fixed    
  15  w_vw         1.43404e+01   constant   
  16  beta_vw      0.00000e+00     fixed    
  17  LM           1.86654e-04   constant   
  18  zeta_y       0.00000e+00   constant   
  19  zeta_vw      0.00000e+00   constant   
  20  T_CBO        9.98987e+02   9.24361e+02   6.12279e-03  -3.20054e-04
  21  alpha_A0     6.45522e-03   4.01298e-03  -1.03424e-03  -5.41740e-04
  22  beta_A0      5.00887e-04   3.86564e-03  -4.05928e-05  -7.84634e-04
  23  alpha_phi    3.25767e-03   3.51786e-03   2.39180e-04  -7.38992e-03
  24  beta_phi     4.50277e-03   3.84133e-03  -7.86288e-04  -1.49240e-03
 MIGRAD MINIMIZATION HAS CONVERGED.
 FCN=37.5952 FROM MIGRAD    STATUS=CONVERGED     205 CALLS        1321 TOTAL
                     EDM=7.26262e-07    STRATEGY= 1  ERROR MATRIX UNCERTAINTY   4.0 per cent
  EXT PARAMETER                                   STEP         FIRST   
  NO.   NAME      VALUE            ERROR          SIZE      DERIVATIVE 
   1  N0           3.61589e+06   1.80276e+03   3.55358e+00   2.07615e-07
   2  tau          6.44109e+01   constant   
   3  A0           3.52726e-01   6.75609e-04  -1.98590e-07  -4.73714e-01
   4  phi          4.11987e+00   1.91370e-03  -1.54466e-06   2.20616e-02
   5  R           -6.03373e+01   constant   
   6  alpha_CBO    3.03637e-03   6.91985e-04  -1.26619e-08  -8.13027e-02
   7  w_CBO        2.32500e+00   constant   
   8  beta_CBO     0.00000e+00     fixed    
   9  alpha_2CBO   0.00000e+00     fixed    
  10  beta_2CBO   -3.52519e-05   6.49859e-04  -5.24033e-07  -3.64543e-01
  11  alpha_y      0.00000e+00     fixed    
  12  w_y          1.38860e+01   constant   
  13  beta_y       1.43046e-04   6.59012e-04   2.31600e-07   2.00278e-01
  14  alpha_vw     0.00000e+00     fixed    
  15  w_vw         1.43404e+01   constant   
  16  beta_vw      0.00000e+00     fixed    
  17  LM           1.86654e-04   constant   
  18  zeta_y       0.00000e+00   constant   
  19  zeta_vw      0.00000e+00   constant   
  20  T_CBO        9.99566e+02   5.09408e+02   6.62567e-03  -2.07144e-04
  21  alpha_A0     4.06822e-03   3.73523e-03  -2.63103e-04  -8.67893e-04
  22  beta_A0      7.13544e-04   3.65861e-03   3.77635e-04  -5.80276e-04
  23  alpha_phi    2.91884e-03   3.71452e-03  -5.35873e-04   1.88010e-03
  24  beta_phi     4.95643e-03   3.46047e-03  -2.79199e-04  -1.24136e-03
 EXTERNAL ERROR MATRIX.    NDIM=  25    NPAR= 11    ERR DEF=1
  3.250e+06 
 -9.534e-02  4.564e-07 
 -4.306e-01 -2.987e-08  3.662e-06 
 -9.249e-02 -9.742e-08 -5.284e-08  4.788e-07 
  4.628e-03 -2.626e-09  2.941e-08 -8.038e-09  4.223e-07 
 -1.756e-02  1.218e-09 -1.668e-08  7.282e-09  2.118e-09  4.343e-07 
  3.680e+04 -4.203e-03 -1.287e-02  8.377e-05 -8.568e-03  2.124e-03  1.845e+04 
 -5.334e-01  4.576e-07 -4.346e-07 -3.904e-07 -2.841e-07  4.020e-08 -1.410e-01  1.481e-05 
 -1.470e+00  3.032e-07 -1.353e-07  3.531e-08  3.467e-08 -1.080e-08 -3.786e-02  1.658e-06  1.403e-05 
 -1.203e+00  1.656e-07  8.142e-07 -5.069e-08  1.017e-07 -4.047e-08 -1.536e-01  8.242e-07  6.740e-07  1.455e-05 
  9.738e-01 -3.454e-07  2.580e-07  6.757e-08  2.251e-08 -1.053e-09 -1.202e-01 -1.050e-06 -1.511e-06 -4.978e-07  1.267e-05 
 PARAMETER  CORRELATION COEFFICIENTS  
       NO.  GLOBAL      1      3      4      6     10     13     20     21     22     23     24
        1  0.35962   1.000 -0.078 -0.125 -0.074  0.004 -0.015  0.150 -0.077 -0.218 -0.175  0.152
        3  0.30754  -0.078  1.000 -0.023 -0.208 -0.006  0.003 -0.046  0.176  0.120  0.064 -0.144
        4  0.19522  -0.125 -0.023  1.000 -0.040  0.024 -0.013 -0.050 -0.059 -0.019  0.112  0.038
        6  0.27084  -0.074 -0.208 -0.040  1.000 -0.018  0.016  0.001 -0.147  0.014 -0.019  0.027
       10  0.18595   0.004 -0.006  0.024 -0.018  1.000  0.005 -0.097 -0.114  0.014  0.041  0.010
       13  0.04871  -0.015  0.003 -0.013  0.016  0.005  1.000  0.024  0.016 -0.004 -0.016 -0.000
       20  0.51175   0.150 -0.046 -0.050  0.001 -0.097  0.024  1.000 -0.270 -0.074 -0.296 -0.249
       21  0.40025  -0.077  0.176 -0.059 -0.147 -0.114  0.016 -0.270  1.000  0.115  0.056 -0.077
       22  0.27044  -0.218  0.120 -0.019  0.014  0.014 -0.004 -0.074  0.115  1.000  0.047 -0.113
       23  0.35218  -0.175  0.064  0.112 -0.019  0.041 -0.016 -0.296  0.056  0.047  1.000 -0.037
       24  0.38562   0.152 -0.144  0.038  0.027  0.010 -0.000 -0.249 -0.077 -0.113 -0.037  1.000
MINUIT - FIT ONLY 2-CBO
 **********
 **   25 **RES 
 **********
                   PARAMETER   16  beta_vw RESTORED TO VARIABLE.
                   PARAMETER   14  alpha_vw RESTORED TO VARIABLE.
                   PARAMETER   11  alpha_y RESTORED TO VARIABLE.
                   PARAMETER    9  alpha_2CBO RESTORED TO VARIABLE.
                   PARAMETER    8  beta_CBO RESTORED TO VARIABLE.
 **********
 **   26 **FIX            0
 **********
 PARAMETER    0  IS UNDEFINED. IGNORED.
 **********
 **   27 **FIX            1
 **********
 **********
 **   28 **FIX            2
 **********
 PARAMETER    2  IS CONSTANT.   IGNORED.
 **********
 **   29 **FIX            3
 **********
 **********
 **   30 **FIX            4
 **********
 **********
 **   31 **FIX            5
 **********
 PARAMETER    5  IS CONSTANT.   IGNORED.
 **********
 **   32 **FIX            6
 **********
 **********
 **   33 **FIX            7
 **********
 PARAMETER    7  IS CONSTANT.   IGNORED.
 **********
 **   34 **FIX           10
 **********
 **********
 **   35 **FIX           11
 **********
 **********
 **   36 **FIX           12
 **********
 PARAMETER   12  IS CONSTANT.   IGNORED.
 **********
 **   37 **FIX           13
 **********
 **********
 **   38 **FIX           14
 **********
 **********
 **   39 **FIX           15
 **********
 PARAMETER   15  IS CONSTANT.   IGNORED.
 **********
 **   40 **FIX           16
 **********
 **********
 **   41 **MIGRAD
 **********
 START MIGRAD MINIMIZATION.  STRATEGY  1.  CONVERGENCE WHEN EDM .LT. 1.00e-04
 FCN=37.5952 FROM MIGRAD    STATUS=INITIATE       18 CALLS        1339 TOTAL
                     EDM= unknown      STRATEGY= 1      NO ERROR MATRIX       
  EXT PARAMETER               CURRENT GUESS       STEP         FIRST   
  NO.   NAME      VALUE            ERROR          SIZE      DERIVATIVE 
   1  N0           3.61589e+06     fixed    
   2  tau          6.44109e+01   constant   
   3  A0           3.52726e-01     fixed    
   4  phi          4.11987e+00     fixed    
   5  R           -6.03373e+01   constant   
   6  alpha_CBO    3.03637e-03     fixed    
   7  w_CBO        2.32500e+00   constant   
   8  beta_CBO     0.00000e+00   1.00000e-03   1.00000e-03  -1.60477e+03
   9  alpha_2CBO   0.00000e+00   1.00000e-03   1.00000e-03   4.52784e+03
  10  beta_2CBO   -3.52519e-05     fixed    
  11  alpha_y      0.00000e+00     fixed    
  12  w_y          1.38860e+01   constant   
  13  beta_y       1.43046e-04     fixed    
  14  alpha_vw     0.00000e+00     fixed    
  15  w_vw         1.43404e+01   constant   
  16  beta_vw      0.00000e+00     fixed    
  17  LM           1.86654e-04   constant   
  18  zeta_y       0.00000e+00   constant   
  19  zeta_vw      0.00000e+00   constant   
  20  T_CBO        9.99566e+02   5.09408e+02   6.62567e-03  -2.04383e-04
  21  alpha_A0     4.06822e-03   3.73523e-03  -2.63103e-04  -8.67874e-04
  22  beta_A0      7.13544e-04   3.65861e-03   3.77635e-04  -5.80261e-04
  23  alpha_phi    2.91884e-03   3.71452e-03  -5.35873e-04   1.88010e-03
  24  beta_phi     4.95643e-03   3.46047e-03  -2.79199e-04  -1.24136e-03
 MIGRAD MINIMIZATION HAS CONVERGED.
 MIGRAD WILL VERIFY CONVERGENCE AND ERROR MATRIX.
 COVARIANCE MATRIX CALCULATED SUCCESSFULLY
 FCN=34.9463 FROM MIGRAD    STATUS=CONVERGED     140 CALLS        1461 TOTAL
                     EDM=4.40581e-07    STRATEGY= 1      ERROR MATRIX ACCURATE 
  EXT PARAMETER                                   STEP         FIRST   
  NO.   NAME      VALUE            ERROR          SIZE      DERIVATIVE 
   1  N0           3.61589e+06     fixed    
   2  tau          6.44109e+01   constant   
   3  A0           3.52726e-01     fixed    
   4  phi          4.11987e+00     fixed    
   5  R           -6.03373e+01   constant   
   6  alpha_CBO    3.03637e-03     fixed    
   7  w_CBO        2.32500e+00   constant   
   8  beta_CBO     3.84291e-04   6.52566e-04   1.89110e-06  -4.08941e-01
   9  alpha_2CBO  -1.03385e-03   6.70821e-04   1.91495e-06   3.30054e-02
  10  beta_2CBO   -3.52519e-05     fixed    
  11  alpha_y      0.00000e+00     fixed    
  12  w_y          1.38860e+01   constant   
  13  beta_y       1.43046e-04     fixed    
  14  alpha_vw     0.00000e+00     fixed    
  15  w_vw         1.43404e+01   constant   
  16  beta_vw      0.00000e+00     fixed    
  17  LM           1.86654e-04   constant   
  18  zeta_y       0.00000e+00   constant   
  19  zeta_vw      0.00000e+00   constant   
  20  T_CBO        9.99975e+02   8.65864e+02   7.74868e-02   2.92041e-05
  21  alpha_A0     4.33353e-03   3.67737e-03   1.18803e-03   5.76802e-05
  22  beta_A0     -3.07988e-04   3.54877e-03   1.03656e-03  -8.50944e-04
  23  alpha_phi    3.68468e-03   3.51677e-03   1.09742e-03   7.03282e-04
  24  beta_phi     5.35581e-03   3.57416e-03   1.20375e-03  -7.53544e-04
 EXTERNAL ERROR MATRIX.    NDIM=  25    NPAR=  7    ERR DEF=1
  4.258e-07 -1.888e-08  2.948e-05  5.900e-08 -2.704e-07  4.541e-08 -1.378e-07 
 -1.888e-08  4.500e-07 -5.547e-05 -9.657e-08  3.556e-07 -3.230e-07 -2.261e-07 
  2.948e-05 -5.547e-05  1.870e+04  1.242e-01 -9.998e-03  1.067e-01  1.545e-01 
  5.900e-08 -9.657e-08  1.242e-01  1.435e-05  9.857e-07  9.535e-07  5.556e-07 
 -2.704e-07  3.556e-07 -9.998e-03  9.857e-07  1.316e-05 -6.497e-07 -1.238e-06 
  4.541e-08 -3.230e-07  1.067e-01  9.535e-07 -6.497e-07  1.301e-05  5.696e-07 
 -1.378e-07 -2.261e-07  1.545e-01  5.556e-07 -1.238e-06  5.696e-07  1.362e-05 
 PARAMETER  CORRELATION COEFFICIENTS  
       NO.  GLOBAL      8      9     20     21     22     23     24
        8  0.14173   1.000 -0.043  0.000  0.024 -0.114  0.019 -0.057
        9  0.22172  -0.043  1.000 -0.001 -0.038  0.146 -0.134 -0.091
       20  0.42990   0.000 -0.001  1.000  0.240 -0.020  0.216  0.306
       21  0.26058   0.024 -0.038  0.240  1.000  0.072  0.070  0.040
       22  0.22002  -0.114  0.146 -0.020  0.072  1.000 -0.050 -0.092
       23  0.25900   0.019 -0.134  0.216  0.070 -0.050  1.000  0.043
       24  0.33863  -0.057 -0.091  0.306  0.040 -0.092  0.043  1.000
MINUIT - FIT wiggle + 1-CBO + 2-CBO
 **********
 **   42 **RES 
 **********
                   PARAMETER   16  beta_vw RESTORED TO VARIABLE.
                   PARAMETER   14  alpha_vw RESTORED TO VARIABLE.
                   PARAMETER   13  beta_y RESTORED TO VARIABLE.
                   PARAMETER   11  alpha_y RESTORED TO VARIABLE.
                   PARAMETER   10  beta_2CBO RESTORED TO VARIABLE.
                   PARAMETER    6  alpha_CBO RESTORED TO VARIABLE.
                   PARAMETER    4  phi RESTORED TO VARIABLE.
                   PARAMETER    3  A0 RESTORED TO VARIABLE.
                   PARAMETER    1  N0 RESTORED TO VARIABLE.
 **********
 **   43 **FIX           10
 **********
 **********
 **   44 **FIX           11
 **********
 **********
 **   45 **FIX           12
 **********
 PARAMETER   12  IS CONSTANT.   IGNORED.
 **********
 **   46 **FIX           13
 **********
 **********
 **   47 **FIX           14
 **********
 **********
 **   48 **FIX           15
 **********
 PARAMETER   15  IS CONSTANT.   IGNORED.
 **********
 **   49 **FIX           16
 **********
 **********
 **   50 **MIGRAD
 **********
 START MIGRAD MINIMIZATION.  STRATEGY  1.  CONVERGENCE WHEN EDM .LT. 1.00e-04
 FCN=34.9463 FROM MIGRAD    STATUS=INITIATE       24 CALLS        1485 TOTAL
                     EDM= unknown      STRATEGY= 1      NO ERROR MATRIX       
  EXT PARAMETER               CURRENT GUESS       STEP         FIRST   
  NO.   NAME      VALUE            ERROR          SIZE      DERIVATIVE 
   1  N0           3.61589e+06   1.80276e+03   1.80276e+03   5.38388e-05
   2  tau          6.44109e+01   constant   
   3  A0           3.52726e-01   6.75609e-04   6.75609e-04   5.96755e+01
   4  phi          4.11987e+00   1.91370e-03   1.91370e-03   9.07732e+01
   5  R           -6.03373e+01   constant   
   6  alpha_CBO    3.03637e-03   6.91985e-04   6.91985e-04  -3.53984e+02
   7  w_CBO        2.32500e+00   constant   
   8  beta_CBO     3.84291e-04   6.52566e-04   1.89110e-06  -4.08941e-01
   9  alpha_2CBO  -1.03385e-03   6.70821e-04   1.91495e-06   3.30048e-02
  10  beta_2CBO   -3.52519e-05     fixed    
  11  alpha_y      0.00000e+00     fixed    
  12  w_y          1.38860e+01   constant   
  13  beta_y       1.43046e-04     fixed    
  14  alpha_vw     0.00000e+00     fixed    
  15  w_vw         1.43404e+01   constant   
  16  beta_vw      0.00000e+00     fixed    
  17  LM           1.86654e-04   constant   
  18  zeta_y       0.00000e+00   constant   
  19  zeta_vw      0.00000e+00   constant   
  20  T_CBO        9.99975e+02   8.65864e+02   7.74868e-02  -3.66483e-05
  21  alpha_A0     4.33353e-03   3.67737e-03   1.18803e-03   5.69451e-05
  22  beta_A0     -3.07988e-04   3.54877e-03   1.03656e-03  -8.50734e-04
  23  alpha_phi    3.68468e-03   3.51677e-03   1.09742e-03   7.00021e-04
  24  beta_phi     5.35581e-03   3.57416e-03   1.20375e-03  -7.58762e-04
 MIGRAD MINIMIZATION HAS CONVERGED.
 MIGRAD WILL VERIFY CONVERGENCE AND ERROR MATRIX.
 COVARIANCE MATRIX CALCULATED SUCCESSFULLY
 FCN=34.9195 FROM MIGRAD    STATUS=CONVERGED     202 CALLS        1663 TOTAL
                     EDM=4.01557e-06    STRATEGY= 1      ERROR MATRIX ACCURATE 
  EXT PARAMETER                                   STEP         FIRST   
  NO.   NAME      VALUE            ERROR          SIZE      DERIVATIVE 
   1  N0           3.61581e+06   1.80056e+03   4.71493e+00  -9.94800e-07
   2  tau          6.44109e+01   constant   
   3  A0           3.52702e-01   6.70459e-04   1.84803e-06   1.12016e+00
   4  phi          4.11971e+00   1.94073e-03   5.41676e-06   4.93579e-02
   5  R           -6.03373e+01   constant   
   6  alpha_CBO    3.12888e-03   6.93679e-04   1.95170e-06  -6.87314e-01
   7  w_CBO        2.32500e+00   constant   
   8  beta_CBO     3.95895e-04   6.73403e-04   1.89045e-06   8.62831e-01
   9  alpha_2CBO  -1.04148e-03   6.74698e-04   1.91429e-06   7.05621e-01
  10  beta_2CBO   -3.52519e-05     fixed    
  11  alpha_y      0.00000e+00     fixed    
  12  w_y          1.38860e+01   constant   
  13  beta_y       1.43046e-04     fixed    
  14  alpha_vw     0.00000e+00     fixed    
  15  w_vw         1.43404e+01   constant   
  16  beta_vw      0.00000e+00     fixed    
  17  LM           1.86654e-04   constant   
  18  zeta_y       0.00000e+00   constant   
  19  zeta_vw      0.00000e+00   constant   
  20  T_CBO        1.00000e+03   5.62546e+02   7.73685e-02  -4.21422e-06
  21  alpha_A0     4.29291e-03   3.71440e-03   1.18588e-03  -2.90690e-04
  22  beta_A0     -2.83439e-04   3.65450e-03   1.03605e-03  -5.74161e-04
  23  alpha_phi    3.67375e-03   3.57567e-03   1.09616e-03  -1.49519e-03
  24  beta_phi     5.32770e-03   3.58448e-03   1.20075e-03  -3.33336e-03
 EXTERNAL ERROR MATRIX.    NDIM=  25    NPAR= 11    ERR DEF=1
  3.242e+06 
 -9.639e-02  4.495e-07 
 -4.534e-01 -7.271e-08  3.766e-06 
 -9.174e-02 -9.497e-08 -4.918e-08  4.812e-07 
  3.337e-02  5.429e-08 -2.879e-07  4.158e-09  4.535e-07 
  4.802e-02  3.001e-08 -2.907e-08 -3.952e-08 -1.407e-08  4.552e-07 
  3.878e+00  7.713e-06 -5.569e-06  2.380e-07  3.722e-06 -3.730e-06  2.390e+02 
 -5.793e-01  4.123e-07 -4.956e-07 -3.780e-07  1.310e-07 -5.290e-08  9.574e-03  1.465e-05 
 -1.506e+00  2.928e-07  1.924e-07  9.515e-10 -2.569e-07  3.497e-07 -7.205e-04  1.498e-06  1.400e-05 
 -1.411e+00  1.724e-07  8.674e-07 -2.029e-08 -4.824e-09 -3.365e-07  8.271e-03  8.630e-07  1.147e-07  1.347e-05 
  9.040e-01 -4.354e-07  6.458e-07  8.734e-08 -2.295e-07 -2.470e-07  1.194e-02 -6.368e-07 -1.830e-06 -2.817e-07  1.370e-05 
 PARAMETER  CORRELATION COEFFICIENTS  
       NO.  GLOBAL      1      3      4      6      8      9     20     21     22     23     24
        1  0.36355   1.000 -0.080 -0.130 -0.073  0.028  0.040  0.000 -0.084 -0.224 -0.213  0.136
        3  0.33591  -0.080  1.000 -0.056 -0.204  0.120  0.066  0.001  0.161  0.117  0.070 -0.175
        4  0.30056  -0.130 -0.056  1.000 -0.037 -0.220 -0.022 -0.000 -0.067  0.026  0.122  0.090
        6  0.27504  -0.073 -0.204 -0.037  1.000  0.009 -0.084  0.000 -0.142  0.000 -0.008  0.034
        8  0.28239   0.028  0.120 -0.220  0.009  1.000 -0.031  0.000  0.051 -0.102 -0.002 -0.092
        9  0.24496   0.040  0.066 -0.022 -0.084 -0.031  1.000 -0.000 -0.020  0.139 -0.136 -0.099
       20  0.30957   0.000  0.001 -0.000  0.000  0.000 -0.000  1.000  0.162 -0.012  0.146  0.209
       21  0.29524  -0.084  0.161 -0.067 -0.142  0.051 -0.020  0.162  1.000  0.105  0.061 -0.045
       22  0.32425  -0.224  0.117  0.026  0.000 -0.102  0.139 -0.012  0.105  1.000  0.008 -0.132
       23  0.31471  -0.213  0.070  0.122 -0.008 -0.002 -0.136  0.146  0.061  0.008  1.000 -0.021
       24  0.34614   0.136 -0.175  0.090  0.034 -0.092 -0.099  0.209 -0.045 -0.132 -0.021  1.000
MINUIT - FIT ONLY 1-y
 **********
 **   51 **RES 
 **********
                   PARAMETER   16  beta_vw RESTORED TO VARIABLE.
                   PARAMETER   14  alpha_vw RESTORED TO VARIABLE.
                   PARAMETER   13  beta_y RESTORED TO VARIABLE.
                   PARAMETER   11  alpha_y RESTORED TO VARIABLE.
                   PARAMETER   10  beta_2CBO RESTORED TO VARIABLE.
 **********
 **   52 **FIX            0
 **********
 PARAMETER    0  IS UNDEFINED. IGNORED.
 **********
 **   53 **FIX            1
 **********
 **********
 **   54 **FIX            2
 **********
 PARAMETER    2  IS CONSTANT.   IGNORED.
 **********
 **   55 **FIX            3
 **********
 **********
 **   56 **FIX            4
 **********
 **********
 **   57 **FIX            5
 **********
 PARAMETER    5  IS CONSTANT.   IGNORED.
 **********
 **   58 **FIX            6
 **********
 **********
 **   59 **FIX            7
 **********
 PARAMETER    7  IS CONSTANT.   IGNORED.
 **********
 **   60 **FIX            8
 **********
 **********
 **   61 **FIX            9
 **********
 **********
 **   62 **FIX           13
 **********
 **********
 **   63 **FIX           14
 **********
 **********
 **   64 **FIX           15
 **********
 PARAMETER   15  IS CONSTANT.   IGNORED.
 **********
 **   65 **FIX           16
 **********
 **********
 **   66 **MIGRAD
 **********
 START MIGRAD MINIMIZATION.  STRATEGY  1.  CONVERGENCE WHEN EDM .LT. 1.00e-04
 FCN=34.9195 FROM MIGRAD    STATUS=INITIATE       14 CALLS        1677 TOTAL
                     EDM= unknown      STRATEGY= 1      NO ERROR MATRIX       
  EXT PARAMETER               CURRENT GUESS       STEP         FIRST   
  NO.   NAME      VALUE            ERROR          SIZE      DERIVATIVE 
   1  N0           3.61581e+06     fixed    
   2  tau          6.44109e+01   constant   
   3  A0           3.52702e-01     fixed    
   4  phi          4.11971e+00     fixed    
   5  R           -6.03373e+01   constant   
   6  alpha_CBO    3.12888e-03     fixed    
   7  w_CBO        2.32500e+00   constant   
   8  beta_CBO     3.95895e-04     fixed    
   9  alpha_2CBO  -1.04148e-03     fixed    
  10  beta_2CBO   -3.52519e-05   6.49859e-04   6.49859e-04   2.11774e+02
  11  alpha_y      0.00000e+00   1.00000e-03   1.00000e-03   2.00973e+03
  12  w_y          1.38860e+01   constant   
  13  beta_y       1.43046e-04     fixed    
  14  alpha_vw     0.00000e+00     fixed    
  15  w_vw         1.43404e+01   constant   
  16  beta_vw      0.00000e+00     fixed    
  17  LM           1.86654e-04   constant   
  18  zeta_y       0.00000e+00   constant   
  19  zeta_vw      0.00000e+00   constant   
  20  T_CBO        1.00000e+03   5.62546e+02   7.73685e-02  -4.37224e-06
  21  alpha_A0     4.29291e-03   3.71440e-03   1.18588e-03  -2.94626e-04
  22  beta_A0     -2.83439e-04   3.65450e-03   1.03605e-03  -5.73979e-04
  23  alpha_phi    3.67375e-03   3.57567e-03   1.09616e-03  -1.49843e-03
  24  beta_phi     5.32770e-03   3.58448e-03   1.20075e-03  -3.33854e-03
 MIGRAD MINIMIZATION HAS CONVERGED.
 MIGRAD WILL VERIFY CONVERGENCE AND ERROR MATRIX.
 COVARIANCE MATRIX CALCULATED SUCCESSFULLY
 FCN=34.4856 FROM MIGRAD    STATUS=CONVERGED     112 CALLS        1775 TOTAL
                     EDM=4.44356e-07    STRATEGY= 1      ERROR MATRIX ACCURATE 
  EXT PARAMETER                                   STEP         FIRST   
  NO.   NAME      VALUE            ERROR          SIZE      DERIVATIVE 
   1  N0           3.61581e+06     fixed    
   2  tau          6.44109e+01   constant   
   3  A0           3.52702e-01     fixed    
   4  phi          4.11971e+00     fixed    
   5  R           -6.03373e+01   constant   
   6  alpha_CBO    3.12888e-03     fixed    
   7  w_CBO        2.32500e+00   constant   
   8  beta_CBO     3.95895e-04     fixed    
   9  alpha_2CBO  -1.04148e-03     fixed    
  10  beta_2CBO   -7.47350e-05   6.74734e-04   1.91481e-06   6.09691e-01
  11  alpha_y     -4.27601e-04   6.53039e-04   1.89839e-06   9.07112e-02
  12  w_y          1.38860e+01   constant   
  13  beta_y       1.43046e-04     fixed    
  14  alpha_vw     0.00000e+00     fixed    
  15  w_vw         1.43404e+01   constant   
  16  beta_vw      0.00000e+00     fixed    
  17  LM           1.86654e-04   constant   
  18  zeta_y       0.00000e+00   constant   
  19  zeta_vw      0.00000e+00   constant   
  20  T_CBO        1.00000e+03   5.28098e+02   8.86590e-02** at limit **
  21  alpha_A0     4.35340e-03   3.68388e-03   1.18153e-03  -1.14961e-03
  22  beta_A0     -2.48636e-04   3.49540e-03   1.02974e-03  -1.17475e-03
  23  alpha_phi    3.62358e-03   3.46865e-03   1.08734e-03  -1.04128e-03
  24  beta_phi     5.31474e-03   3.52791e-03   1.19359e-03  -4.70465e-04
 EXTERNAL ERROR MATRIX.    NDIM=  25    NPAR=  7    ERR DEF=1
  4.553e-07 -8.573e-09  2.656e-10 -3.942e-07 -1.073e-07  1.701e-07 -3.045e-07 
 -8.573e-09  4.265e-07  1.359e-10 -1.935e-08 -2.382e-08  3.245e-08  4.700e-08 
  2.656e-10  1.359e-10  2.204e-06  1.115e-06 -7.380e-08  9.375e-07  1.370e-06 
 -3.942e-07 -1.935e-08  1.115e-06  1.440e-05  1.218e-06  4.983e-07  4.539e-07 
 -1.073e-07 -2.382e-08 -7.380e-08  1.218e-06  1.275e-05 -3.930e-07 -1.041e-06 
  1.701e-07  3.245e-08  9.375e-07  4.983e-07 -3.930e-07  1.263e-05  1.033e-08 
 -3.045e-07  4.700e-08  1.370e-06  4.539e-07 -1.041e-06  1.033e-08  1.324e-05 
 PARAMETER  CORRELATION COEFFICIENTS  
       NO.  GLOBAL     10     11     20     21     22     23     24
       10  0.21932   1.000 -0.019  0.000 -0.154 -0.045  0.071 -0.124
       11  0.03395  -0.019  1.000  0.000 -0.008 -0.010  0.014  0.020
       20  0.36295   0.000  0.000  1.000  0.198 -0.014  0.178  0.254
       21  0.26731  -0.154 -0.008  0.198  1.000  0.090  0.037  0.033
       22  0.13321  -0.045 -0.010 -0.014  0.090  1.000 -0.031 -0.080
       23  0.19807   0.071  0.014  0.178  0.037 -0.031  1.000  0.001
       24  0.29853  -0.124  0.020  0.254  0.033 -0.080  0.001  1.000
MINUIT - FIT ONLY 2-y
 **********
 **   67 **RES 
 **********
                   PARAMETER   16  beta_vw RESTORED TO VARIABLE.
                   PARAMETER   14  alpha_vw RESTORED TO VARIABLE.
                   PARAMETER   13  beta_y RESTORED TO VARIABLE.
                   PARAMETER    9  alpha_2CBO RESTORED TO VARIABLE.
                   PARAMETER    8  beta_CBO RESTORED TO VARIABLE.
                   PARAMETER    6  alpha_CBO RESTORED TO VARIABLE.
                   PARAMETER    4  phi RESTORED TO VARIABLE.
                   PARAMETER    3  A0 RESTORED TO VARIABLE.
                   PARAMETER    1  N0 RESTORED TO VARIABLE.
 **********
 **   68 **FIX            0
 **********
 PARAMETER    0  IS UNDEFINED. IGNORED.
 **********
 **   69 **FIX            1
 **********
 **********
 **   70 **FIX            2
 **********
 PARAMETER    2  IS CONSTANT.   IGNORED.
 **********
 **   71 **FIX            3
 **********
 **********
 **   72 **FIX            4
 **********
 **********
 **   73 **FIX            5
 **********
 PARAMETER    5  IS CONSTANT.   IGNORED.
 **********
 **   74 **FIX            6
 **********
 **********
 **   75 **FIX            7
 **********
 PARAMETER    7  IS CONSTANT.   IGNORED.
 **********
 **   76 **FIX            8
 **********
 **********
 **   77 **FIX            9
 **********
 **********
 **   78 **FIX           10
 **********
 **********
 **   79 **FIX           11
 **********
 **********
 **   80 **FIX           12
 **********
 PARAMETER   12  IS CONSTANT.   IGNORED.
 **********
 **   81 **FIX           16
 **********
 **********
 **   82 **MIGRAD
 **********
 START MIGRAD MINIMIZATION.  STRATEGY  1.  CONVERGENCE WHEN EDM .LT. 1.00e-04
 FCN=34.4856 FROM MIGRAD    STATUS=INITIATE       16 CALLS        1791 TOTAL
                     EDM= unknown      STRATEGY= 1      NO ERROR MATRIX       
  EXT PARAMETER               CURRENT GUESS       STEP         FIRST   
  NO.   NAME      VALUE            ERROR          SIZE      DERIVATIVE 
   1  N0           3.61581e+06     fixed    
   2  tau          6.44109e+01   constant   
   3  A0           3.52702e-01     fixed    
   4  phi          4.11971e+00     fixed    
   5  R           -6.03373e+01   constant   
   6  alpha_CBO    3.12888e-03     fixed    
   7  w_CBO        2.32500e+00   constant   
   8  beta_CBO     3.95895e-04     fixed    
   9  alpha_2CBO  -1.04148e-03     fixed    
  10  beta_2CBO   -7.47350e-05     fixed    
  11  alpha_y     -4.27601e-04     fixed    
  12  w_y          1.38860e+01   constant   
  13  beta_y       1.43046e-04   6.59012e-04   6.59012e-04  -2.92271e+01
  14  alpha_vw     0.00000e+00   1.00000e-03   1.00000e-03  -1.18866e+03
  15  w_vw         1.43404e+01   constant   
  16  beta_vw      0.00000e+00     fixed    
  17  LM           1.86654e-04   constant   
  18  zeta_y       0.00000e+00   constant   
  19  zeta_vw      0.00000e+00   constant   
  20  T_CBO        9.99999e+02   5.28098e+02   8.86590e-02  -6.73489e-06
  21  alpha_A0     4.35340e-03   3.68388e-03   1.18153e-03  -1.15526e-03
  22  beta_A0     -2.48636e-04   3.49540e-03   1.02974e-03  -1.17445e-03
  23  alpha_phi    3.62358e-03   3.46865e-03   1.08734e-03  -1.04619e-03
  24  beta_phi     5.31474e-03   3.52791e-03   1.19359e-03  -4.77924e-04
 MIGRAD MINIMIZATION HAS CONVERGED.
 MIGRAD WILL VERIFY CONVERGENCE AND ERROR MATRIX.
 COVARIANCE MATRIX CALCULATED SUCCESSFULLY
 FCN=34.3339 FROM MIGRAD    STATUS=CONVERGED      98 CALLS        1873 TOTAL
                     EDM=1.31094e-06    STRATEGY= 1      ERROR MATRIX ACCURATE 
  EXT PARAMETER                                   STEP         FIRST   
  NO.   NAME      VALUE            ERROR          SIZE      DERIVATIVE 
   1  N0           3.61581e+06     fixed    
   2  tau          6.44109e+01   constant   
   3  A0           3.52702e-01     fixed    
   4  phi          4.11971e+00     fixed    
   5  R           -6.03373e+01   constant   
   6  alpha_CBO    3.12888e-03     fixed    
   7  w_CBO        2.32500e+00   constant   
   8  beta_CBO     3.95895e-04     fixed    
   9  alpha_2CBO  -1.04148e-03     fixed    
  10  beta_2CBO   -7.47350e-05     fixed    
  11  alpha_y     -4.27601e-04     fixed    
  12  w_y          1.38860e+01   constant   
  13  beta_y       1.31968e-04   6.61250e-04   1.91412e-06   1.53229e+00
  14  alpha_vw     2.55581e-04   6.56380e-04   1.90027e-06  -3.78498e-02
  15  w_vw         1.43404e+01   constant   
  16  beta_vw      0.00000e+00     fixed    
  17  LM           1.86654e-04   constant   
  18  zeta_y       0.00000e+00   constant   
  19  zeta_vw      0.00000e+00   constant   
  20  T_CBO        1.00000e+03   6.33974e+02   1.34247e-01** at limit **
  21  alpha_A0     4.34103e-03   3.75068e-03   1.17959e-03   1.18253e-03
  22  beta_A0     -2.38895e-04   3.49248e-03   1.02751e-03  -2.04062e-03
  23  alpha_phi    3.61881e-03   3.54205e-03   1.08504e-03  -1.09463e-03
  24  beta_phi     5.29807e-03   3.66812e-03   1.19076e-03   1.69192e-03
 EXTERNAL ERROR MATRIX.    NDIM=  25    NPAR=  7    ERR DEF=1
  4.373e-07 -2.997e-08 -3.968e-08  4.893e-08 -1.511e-08 -1.323e-08  2.395e-08 
 -2.997e-08  4.308e-07 -6.820e-09 -2.490e-08  1.759e-08 -7.662e-09 -3.118e-08 
 -3.968e-08 -6.820e-09  5.614e-01  9.053e-04 -5.808e-05  7.618e-04  1.112e-03 
  4.893e-08 -2.490e-08  9.053e-04  1.497e-05  1.064e-06  1.401e-06  1.297e-06 
 -1.511e-08  1.759e-08 -5.808e-05  1.064e-06  1.273e-05 -3.982e-07 -1.181e-06 
 -1.323e-08 -7.662e-09  7.618e-04  1.401e-06 -3.982e-07  1.320e-05  1.047e-06 
  2.395e-08 -3.118e-08  1.112e-03  1.297e-06 -1.181e-06  1.047e-06  1.439e-05 
 PARAMETER  CORRELATION COEFFICIENTS  
       NO.  GLOBAL     13     14     20     21     22     23     24
       13  0.07304   1.000 -0.069 -0.000  0.019 -0.006 -0.006  0.010
       14  0.07131  -0.069  1.000 -0.000 -0.010  0.008 -0.003 -0.013
       20  0.53099  -0.000 -0.000  1.000  0.312 -0.022  0.280  0.391
       21  0.32582   0.019 -0.010  0.312  1.000  0.077  0.100  0.088
       22  0.12664  -0.006  0.008 -0.022  0.077  1.000 -0.031 -0.087
       23  0.28399  -0.006 -0.003  0.280  0.100 -0.031  1.000  0.076
       24  0.40215   0.010 -0.013  0.391  0.088 -0.087  0.076  1.000
MINUIT - FIT ALTOGETHER
 **********
