 + ++++++++++++++++++++++++++++++++++++++++++++++++++++++++++++++++++++ +
 +                                                                      +
 +           You have chose to blind your fitting according to          +
 +                omega_ref * (1 + (R +/- deltaR) *10^{-6})             +
 +                                                                      +
 + ++++++++++++++++++++++++++++++++++++++++++++++++++++++++++++++++++++ +
In main()...
reading format from /gm2data/zkhechad/run45/envelope/formats/formatB_sBin_constraintOn.txt
pBinTau 	= 0  
pBinPhi 	= 0  
constraintau 	= 1 
includeMopTerm 	= 0    
constrainMop    = 0   
Parameters after format file: pBinTau 0 pBinPhi 0 constraintau 1 includeMopTerm 0 constrainMop 0 c_e_scale 0.000000 
Opening file /gm2data/tbarrett/gm2fr/studies/run23_bunch_corrections/CorrectedFourier_Run3b.root.
reading full fit data from /gm2data/zkhechad/cboTemplates/Run4CBOTemplates/fullFits/noRF/sBin_constraintOn_cE0.0_seed0_noRF_calo1.root
windowBins = 69
fitting sliding window 1050 from bin 1186 at 176.802000 to bin 1255 at 187.246000 (69 bins)

Reading data from /gm2data/cornell/histograms/aMethod/histogram_a_noRF.root
 **********
 **    1 **SET PRINTOUT            1
 **********
 **********
 **    2 **SET NOWARNINGS 
 **********
 PARAMETER DEFINITIONS:
    NO.   NAME         VALUE      STEP SIZE      LIMITS
     1 N0           3.52378e+06  1.00000e+02     no limits
     2 tau          6.43930e+01  constant
     3 A0           3.54691e-01  1.00000e-04     no limits
     4 phi          4.12302e+00  1.00000e-02     no limits
     5 R           -6.08522e+01  constant
     6 alpha_CBO    0.00000e+00  1.00000e-03     no limits
     7 w_CBO        2.32500e+00  constant
     8 beta_CBO     0.00000e+00  1.00000e-03     no limits
     9 alpha_2CBO   0.00000e+00  1.00000e-03     no limits
    10 beta_2CBO    0.00000e+00  1.00000e-03     no limits
    11 alpha_y      0.00000e+00  1.00000e-03     no limits
    12 w_y          1.38860e+01  constant
    13 beta_y       0.00000e+00  1.00000e-03     no limits
    14 alpha_vw     0.00000e+00  1.00000e-03     no limits
    15 w_vw         1.43404e+01  constant
    16 beta_vw      0.00000e+00  1.00000e-03     no limits
    17 LM          -3.26196e-04  constant
    18 zeta_y       0.00000e+00  constant
    19 zeta_vw      0.00000e+00  constant
    20 T_CBO        1.00000e+02  1.00000e+00    0.00000e+00  1.00000e+03
    21 alpha_A0     0.00000e+00  1.00000e-04   -1.00000e-02  1.00000e-02
    22 beta_A0      0.00000e+00  1.00000e-04   -1.00000e-02  1.00000e-02
    23 alpha_phi    0.00000e+00  1.00000e-04   -1.00000e-02  1.00000e-02
    24 beta_phi     0.00000e+00  1.00000e-04   -1.00000e-02  1.00000e-02
MINUIT - FIT ONLY WIGGLE
 **********
 **    3 **FIX            5
 **********
 PARAMETER    5  IS CONSTANT.   IGNORED.
 **********
 **    4 **FIX            6
 **********
 **********
 **    5 **FIX            7
 **********
 PARAMETER    7  IS CONSTANT.   IGNORED.
 **********
 **    6 **FIX            8
 **********
 **********
 **    7 **FIX            9
 **********
 **********
 **    8 **FIX           10
 **********
 **********
 **    9 **FIX           11
 **********
 **********
 **   10 **FIX           12
 **********
 PARAMETER   12  IS CONSTANT.   IGNORED.
 **********
 **   11 **FIX           13
 **********
 **********
 **   12 **FIX           14
 **********
 **********
 **   13 **FIX           15
 **********
 PARAMETER   15  IS CONSTANT.   IGNORED.
 **********
 **   14 **FIX           16
 **********
 **********
 **   15 **MIGRAD
 **********
 FIRST CALL TO USER FUNCTION AT NEW START POINT, WITH IFLAG=4.
 START MIGRAD MINIMIZATION.  STRATEGY  1.  CONVERGENCE WHEN EDM .LT. 1.00e-04
 FCN=363.77 FROM MIGRAD    STATUS=INITIATE      437 CALLS         438 TOTAL
                     EDM= unknown      STRATEGY= 1      NO ERROR MATRIX       
  EXT PARAMETER               CURRENT GUESS       STEP         FIRST   
  NO.   NAME      VALUE            ERROR          SIZE      DERIVATIVE 
   1  N0           3.52378e+06   1.00000e+02   0.00000e+00   5.98139e-03
   2  tau          6.43930e+01   constant   
   3  A0           3.54691e-01   1.00000e-04   0.00000e+00   2.76015e+04
   4  phi          4.12302e+00   1.00000e-02   0.00000e+00  -1.37619e+03
   5  R           -6.08522e+01   constant   
   6  alpha_CBO    0.00000e+00     fixed    
   7  w_CBO        2.32500e+00   constant   
   8  beta_CBO     0.00000e+00     fixed    
   9  alpha_2CBO   0.00000e+00     fixed    
  10  beta_2CBO    0.00000e+00     fixed    
  11  alpha_y      0.00000e+00     fixed    
  12  w_y          1.38860e+01   constant   
  13  beta_y       0.00000e+00     fixed    
  14  alpha_vw     0.00000e+00     fixed    
  15  w_vw         1.43404e+01   constant   
  16  beta_vw      0.00000e+00     fixed    
  17  LM          -3.26196e-04   constant   
  18  zeta_y       0.00000e+00   constant   
  19  zeta_vw      0.00000e+00   constant   
  20  T_CBO        1.00000e+02   1.00000e+00   0.00000e+00   0.00000e+00
  21  alpha_A0     0.00000e+00   1.00000e-04   0.00000e+00   1.53105e+00
  22  beta_A0      0.00000e+00   1.00000e-04   0.00000e+00  -4.12028e-01
  23  alpha_phi    0.00000e+00   1.00000e-04   0.00000e+00   6.36113e+00
  24  beta_phi     0.00000e+00   1.00000e-04   0.00000e+00   3.91185e+00
 MIGRAD MINIMIZATION HAS CONVERGED.
 FCN=348.297 FROM MIGRAD    STATUS=CONVERGED     704 CALLS         705 TOTAL
                     EDM=1.37726e-06    STRATEGY= 1  ERROR MATRIX UNCERTAINTY   0.5 per cent
  EXT PARAMETER                                   STEP         FIRST   
  NO.   NAME      VALUE            ERROR          SIZE      DERIVATIVE 
   1  N0           3.52294e+06   6.02498e+02  -1.47992e+00  -9.11835e-07
   2  tau          6.43930e+01   constant   
   3  A0           3.54058e-01   2.19353e-04   9.71962e-07   3.47206e+00
   4  phi          4.12329e+00   6.61772e-04  -8.34969e-08  -9.32095e-01
   5  R           -6.08522e+01   constant   
   6  alpha_CBO    0.00000e+00     fixed    
   7  w_CBO        2.32500e+00   constant   
   8  beta_CBO     0.00000e+00     fixed    
   9  alpha_2CBO   0.00000e+00     fixed    
  10  beta_2CBO    0.00000e+00     fixed    
  11  alpha_y      0.00000e+00     fixed    
  12  w_y          1.38860e+01   constant   
  13  beta_y       0.00000e+00     fixed    
  14  alpha_vw     0.00000e+00     fixed    
  15  w_vw         1.43404e+01   constant   
  16  beta_vw      0.00000e+00     fixed    
  17  LM          -3.26196e-04   constant   
  18  zeta_y       0.00000e+00   constant   
  19  zeta_vw      0.00000e+00   constant   
  20  T_CBO        9.36097e+01   3.24118e+01   2.97204e-04   7.81643e-03
  21  alpha_A0    -2.80998e-03   6.26600e-03   3.18435e-03  -4.63699e-04
  22  beta_A0      1.97832e-03   4.95264e-03   1.21005e-04   2.50614e-03
  23  alpha_phi   -9.99998e-03   1.45544e-02  -2.35851e-02   1.60402e-04
  24  beta_phi    -5.67153e-03   5.78258e-03   2.09231e-03  -1.99281e-03
 EXTERNAL ERROR MATRIX.    NDIM=  25    NPAR=  8    ERR DEF=1
  3.630e+05 -1.713e-02 -9.368e-03  9.965e+02 -9.404e-01 -2.628e-01  4.704e-04  7.304e-01 
 -1.713e-02  4.812e-08  4.633e-10 -3.877e-04  1.552e-07  4.658e-08 -3.540e-10 -1.803e-07 
 -9.368e-03  4.633e-10  4.379e-07 -1.856e-03 -5.476e-07  4.823e-07 -5.434e-10 -3.501e-08 
  9.965e+02 -3.877e-04 -1.856e-03  1.055e+03  6.806e-02 -3.987e-02  8.288e-04  1.323e-01 
 -9.404e-01  1.552e-07 -5.476e-07  6.806e-02  4.661e-05 -3.599e-06  2.149e-08  4.177e-06 
 -2.628e-01  4.658e-08  4.823e-07 -3.987e-02 -3.599e-06  2.696e-05 -6.408e-08 -4.621e-06 
  4.704e-04 -3.540e-10 -5.434e-10  8.288e-04  2.149e-08 -6.408e-08  7.541e-09  5.017e-08 
  7.304e-01 -1.803e-07 -3.501e-08  1.323e-01  4.177e-06 -4.621e-06  5.017e-08  4.109e-05 
 PARAMETER  CORRELATION COEFFICIENTS  
       NO.  GLOBAL      1      3      4     20     21     22     23     24
        1  0.33430   1.000 -0.130 -0.023  0.051 -0.229 -0.084  0.009  0.189
        3  0.19325  -0.130  1.000  0.003 -0.054  0.104  0.041 -0.019 -0.128
        4  0.19184  -0.023  0.003  1.000 -0.086 -0.121  0.140 -0.009 -0.008
       20  0.72803   0.051 -0.054 -0.086  1.000  0.307 -0.236  0.294  0.636
       21  0.42710  -0.229  0.104 -0.121  0.307  1.000 -0.102  0.036  0.095
       22  0.28967  -0.084  0.041  0.140 -0.236 -0.102  1.000 -0.142 -0.139
       23  0.33756   0.009 -0.019 -0.009  0.294  0.036 -0.142  1.000  0.090
       24  0.67133   0.189 -0.128 -0.008  0.636  0.095 -0.139  0.090  1.000
MINUIT - FIT ONLY 1-CBO + wiggle
 **********
 **   16 **RES 
 **********
                   PARAMETER   16  beta_vw RESTORED TO VARIABLE.
                   PARAMETER   14  alpha_vw RESTORED TO VARIABLE.
                   PARAMETER   13  beta_y RESTORED TO VARIABLE.
                   PARAMETER   11  alpha_y RESTORED TO VARIABLE.
                   PARAMETER   10  beta_2CBO RESTORED TO VARIABLE.
                   PARAMETER    9  alpha_2CBO RESTORED TO VARIABLE.
                   PARAMETER    8  beta_CBO RESTORED TO VARIABLE.
                   PARAMETER    6  alpha_CBO RESTORED TO VARIABLE.
 **********
 **   17 **FIX            8
 **********
 **********
 **   18 **FIX            9
 **********
 **********
 **   19 **FIX           11
 **********
 **********
 **   20 **FIX           12
 **********
 PARAMETER   12  IS CONSTANT.   IGNORED.
 **********
 **   21 **FIX           14
 **********
 **********
 **   22 **FIX           15
 **********
 PARAMETER   15  IS CONSTANT.   IGNORED.
 **********
 **   23 **FIX           16
 **********
 **********
 **   24 **MIGRAD
 **********
 START MIGRAD MINIMIZATION.  STRATEGY  1.  CONVERGENCE WHEN EDM .LT. 1.00e-04
 FCN=348.297 FROM MIGRAD    STATUS=INITIATE       28 CALLS         733 TOTAL
                     EDM= unknown      STRATEGY= 1      NO ERROR MATRIX       
  EXT PARAMETER               CURRENT GUESS       STEP         FIRST   
  NO.   NAME      VALUE            ERROR          SIZE      DERIVATIVE 
   1  N0           3.52294e+06   6.02498e+02  -1.47992e+00  -9.11834e-07
   2  tau          6.43930e+01   constant   
   3  A0           3.54058e-01   2.19353e-04   9.71962e-07   3.47206e+00
   4  phi          4.12329e+00   6.61772e-04  -8.34969e-08  -9.32061e-01
   5  R           -6.08522e+01   constant   
   6  alpha_CBO    0.00000e+00   1.00000e-03   1.00000e-03   4.81866e+04
   7  w_CBO        2.32500e+00   constant   
   8  beta_CBO     0.00000e+00     fixed    
   9  alpha_2CBO   0.00000e+00     fixed    
  10  beta_2CBO    0.00000e+00   1.00000e-03   1.00000e-03  -1.52719e+04
  11  alpha_y      0.00000e+00     fixed    
  12  w_y          1.38860e+01   constant   
  13  beta_y       0.00000e+00   1.00000e-03   1.00000e-03  -1.22933e+04
  14  alpha_vw     0.00000e+00     fixed    
  15  w_vw         1.43404e+01   constant   
  16  beta_vw      0.00000e+00     fixed    
  17  LM          -3.26196e-04   constant   
  18  zeta_y       0.00000e+00   constant   
  19  zeta_vw      0.00000e+00   constant   
  20  T_CBO        9.36097e+01   3.24118e+01   2.97204e-04   7.81654e-03
  21  alpha_A0    -2.80998e-03   6.26600e-03   3.18435e-03  -4.63830e-04
  22  beta_A0      1.97832e-03   4.95264e-03   1.21005e-04   2.50619e-03
  23  alpha_phi   -9.99998e-03   1.45544e-02  -2.35851e-02   1.62041e-04
  24  beta_phi    -5.67153e-03   5.78258e-03   2.09231e-03  -1.99325e-03
 MIGRAD MINIMIZATION HAS CONVERGED.
 FCN=312.483 FROM MIGRAD    STATUS=CONVERGED     414 CALLS        1119 TOTAL
                     EDM=6.21485e-06    STRATEGY= 1  ERROR MATRIX UNCERTAINTY   0.9 per cent
  EXT PARAMETER                                   STEP         FIRST   
  NO.   NAME      VALUE            ERROR          SIZE      DERIVATIVE 
   1  N0           3.52296e+06   5.92853e+02   9.53981e-02  -3.05153e-07
   2  tau          6.43930e+01   constant   
   3  A0           3.54111e-01   2.19892e-04  -1.75317e-08  -1.37267e+00
   4  phi          4.12419e+00   6.97972e-04  -2.17471e-07  -1.15181e+00
   5  R           -6.08522e+01   constant   
   6  alpha_CBO   -1.29968e-03   2.35072e-04  -4.61589e-08  -5.75529e+00
   7  w_CBO        2.32500e+00   constant   
   8  beta_CBO     0.00000e+00     fixed    
   9  alpha_2CBO   0.00000e+00     fixed    
  10  beta_2CBO    3.34511e-04   2.30452e-04  -1.48706e-07  -8.03706e+00
  11  alpha_y      0.00000e+00     fixed    
  12  w_y          1.38860e+01   constant   
  13  beta_y       3.14778e-04   2.28930e-04   6.16514e-08   2.30093e-01
  14  alpha_vw     0.00000e+00     fixed    
  15  w_vw         1.43404e+01   constant   
  16  beta_vw      0.00000e+00     fixed    
  17  LM          -3.26196e-04   constant   
  18  zeta_y       0.00000e+00   constant   
  19  zeta_vw      0.00000e+00   constant   
  20  T_CBO        6.98620e+01   2.21875e+01   1.34952e-04   4.47899e-02
  21  alpha_A0    -6.85445e-03   1.05927e-02  -1.22705e-04   1.39376e-03
  22  beta_A0      3.27224e-03   1.59148e-02  -2.03427e-04   1.02670e-03
  23  alpha_phi   -9.36870e-03   1.95126e-02  -2.48785e-03  -1.78225e-04
  24  beta_phi    -9.99663e-03   1.02500e-02   1.24510e-02  -7.16201e-04
 EXTERNAL ERROR MATRIX.    NDIM=  25    NPAR= 11    ERR DEF=1
  3.515e+05 
 -1.369e-02  4.835e-08 
 -1.109e-02 -7.617e-10  4.872e-07 
 -5.455e-03 -2.089e-09 -4.232e-08  5.526e-08 
 -9.846e-03 -2.761e-10 -1.004e-08  2.672e-09  5.311e-08 
  4.704e-04 -5.692e-10 -2.027e-09  1.479e-11  1.588e-10  5.241e-08 
 -1.491e+03  4.049e-04 -1.898e-04  8.109e-04  1.370e-03 -1.832e-04  4.935e+02 
 -2.025e+00  4.465e-07 -3.876e-07  3.003e-07  4.384e-07 -7.498e-08  9.274e-02  1.687e-04 
 -3.309e-01  1.024e-07  1.277e-06 -2.032e-07 -6.332e-07 -4.205e-08 -1.078e-01 -2.475e-05  1.652e-04 
  1.011e+00 -2.960e-07 -6.736e-07  3.963e-08 -6.061e-07  7.947e-08 -1.494e-01 -4.433e-05  3.056e-05  1.135e-04 
 -1.502e-01  3.715e-08 -4.411e-08 -2.676e-08 -4.401e-08  8.391e-09  1.828e-02  8.631e-06  1.097e-06 -7.384e-06  2.914e-06 
 PARAMETER  CORRELATION COEFFICIENTS  
       NO.  GLOBAL      1      3      4      6     10     13     20     21     22     23     24
        1  0.30207   1.000 -0.105 -0.027 -0.039 -0.072  0.003 -0.113 -0.263 -0.043  0.160 -0.148
        3  0.21361  -0.105  1.000 -0.005 -0.040 -0.005 -0.011  0.083  0.156  0.036 -0.126  0.099
        4  0.35588  -0.027 -0.005  1.000 -0.258 -0.062 -0.013 -0.012 -0.043  0.142 -0.091 -0.037
        6  0.39285  -0.039 -0.040 -0.258  1.000  0.049  0.000  0.155  0.098 -0.067  0.016 -0.067
       10  0.44622  -0.072 -0.005 -0.062  0.049  1.000  0.003  0.268  0.146 -0.214 -0.247 -0.112
       13  0.09027   0.003 -0.011 -0.013  0.000  0.003  1.000 -0.036 -0.025 -0.014  0.033  0.021
       20  0.76956  -0.113  0.083 -0.012  0.155  0.268 -0.036  1.000  0.321 -0.377 -0.631  0.482
       21  0.52299  -0.263  0.156 -0.043  0.098  0.146 -0.025  0.321  1.000 -0.148 -0.320  0.389
       22  0.51466  -0.043  0.036  0.142 -0.067 -0.214 -0.014 -0.377 -0.148  1.000  0.223  0.050
       23  0.67524   0.160 -0.126 -0.091  0.016 -0.247  0.033 -0.631 -0.320  0.223  1.000 -0.406
       24  0.68256  -0.148  0.099 -0.037 -0.067 -0.112  0.021  0.482  0.389  0.050 -0.406  1.000
MINUIT - FIT ONLY 2-CBO
 **********
 **   25 **RES 
 **********
                   PARAMETER   16  beta_vw RESTORED TO VARIABLE.
                   PARAMETER   14  alpha_vw RESTORED TO VARIABLE.
                   PARAMETER   11  alpha_y RESTORED TO VARIABLE.
                   PARAMETER    9  alpha_2CBO RESTORED TO VARIABLE.
                   PARAMETER    8  beta_CBO RESTORED TO VARIABLE.
 **********
 **   26 **FIX            0
 **********
 PARAMETER    0  IS UNDEFINED. IGNORED.
 **********
 **   27 **FIX            1
 **********
 **********
 **   28 **FIX            2
 **********
 PARAMETER    2  IS CONSTANT.   IGNORED.
 **********
 **   29 **FIX            3
 **********
 **********
 **   30 **FIX            4
 **********
 **********
 **   31 **FIX            5
 **********
 PARAMETER    5  IS CONSTANT.   IGNORED.
 **********
 **   32 **FIX            6
 **********
 **********
 **   33 **FIX            7
 **********
 PARAMETER    7  IS CONSTANT.   IGNORED.
 **********
 **   34 **FIX           10
 **********
 **********
 **   35 **FIX           11
 **********
 **********
 **   36 **FIX           12
 **********
 PARAMETER   12  IS CONSTANT.   IGNORED.
 **********
 **   37 **FIX           13
 **********
 **********
 **   38 **FIX           14
 **********
 **********
 **   39 **FIX           15
 **********
 PARAMETER   15  IS CONSTANT.   IGNORED.
 **********
 **   40 **FIX           16
 **********
 **********
 **   41 **MIGRAD
 **********
 START MIGRAD MINIMIZATION.  STRATEGY  1.  CONVERGENCE WHEN EDM .LT. 1.00e-04
 FCN=312.483 FROM MIGRAD    STATUS=INITIATE       18 CALLS        1137 TOTAL
                     EDM= unknown      STRATEGY= 1      NO ERROR MATRIX       
  EXT PARAMETER               CURRENT GUESS       STEP         FIRST   
  NO.   NAME      VALUE            ERROR          SIZE      DERIVATIVE 
   1  N0           3.52296e+06     fixed    
   2  tau          6.43930e+01   constant   
   3  A0           3.54111e-01     fixed    
   4  phi          4.12419e+00     fixed    
   5  R           -6.08522e+01   constant   
   6  alpha_CBO   -1.29968e-03     fixed    
   7  w_CBO        2.32500e+00   constant   
   8  beta_CBO     0.00000e+00   1.00000e-03   1.00000e-03  -1.31152e+05
   9  alpha_2CBO   0.00000e+00   1.00000e-03   1.00000e-03  -1.59546e+04
  10  beta_2CBO    3.34511e-04     fixed    
  11  alpha_y      0.00000e+00     fixed    
  12  w_y          1.38860e+01   constant   
  13  beta_y       3.14778e-04     fixed    
  14  alpha_vw     0.00000e+00     fixed    
  15  w_vw         1.43404e+01   constant   
  16  beta_vw      0.00000e+00     fixed    
  17  LM          -3.26196e-04   constant   
  18  zeta_y       0.00000e+00   constant   
  19  zeta_vw      0.00000e+00   constant   
  20  T_CBO        6.98620e+01   2.21875e+01   1.34952e-04   4.47895e-02
  21  alpha_A0    -6.85445e-03   1.05927e-02  -1.22705e-04   1.39370e-03
  22  beta_A0      3.27224e-03   1.59148e-02  -2.03427e-04   1.02678e-03
  23  alpha_phi   -9.36870e-03   1.95126e-02  -2.48785e-03   1.75414e-04
  24  beta_phi    -9.99663e-03   1.02500e-02   1.24510e-02   7.28098e-04
 MIGRAD MINIMIZATION HAS CONVERGED.
 MIGRAD WILL VERIFY CONVERGENCE AND ERROR MATRIX.
 COVARIANCE MATRIX CALCULATED SUCCESSFULLY
 FCN=78.1145 FROM HESSE     STATUS=OK             50 CALLS        1423 TOTAL
                     EDM=6.45238e-05    STRATEGY= 1      ERROR MATRIX ACCURATE 
  EXT PARAMETER                                   STEP         FIRST   
  NO.   NAME      VALUE            ERROR          SIZE      DERIVATIVE 
   1  N0           3.52296e+06     fixed    
   2  tau          6.43930e+01   constant   
   3  A0           3.54111e-01     fixed    
   4  phi          4.12419e+00     fixed    
   5  R           -6.08522e+01   constant   
   6  alpha_CBO   -1.29968e-03     fixed    
   7  w_CBO        2.32500e+00   constant   
   8  beta_CBO     3.54844e-03   2.33495e-04   1.00729e-06  -1.69535e+00
   9  alpha_2CBO   2.04392e-04   2.34097e-04   9.89922e-07   8.32756e-01
  10  beta_2CBO    3.34511e-04     fixed    
  11  alpha_y      0.00000e+00     fixed    
  12  w_y          1.38860e+01   constant   
  13  beta_y       3.14778e-04     fixed    
  14  alpha_vw     0.00000e+00     fixed    
  15  w_vw         1.43404e+01   constant   
  16  beta_vw      0.00000e+00     fixed    
  17  LM          -3.26196e-04   constant   
  18  zeta_y       0.00000e+00   constant   
  19  zeta_vw      0.00000e+00   constant   
  20  T_CBO        1.08849e+02   4.24002e+01   3.45663e-04   1.01552e-02
  21  alpha_A0    -4.02360e-03   5.44130e-03   2.40431e-03  -1.34407e-03
  22  beta_A0     -2.64070e-03   5.07735e-03   2.23071e-03   2.26299e-04
  23  alpha_phi   -4.79022e-03   5.19848e-03   2.21446e-03   4.95670e-04
  24  beta_phi    -9.98943e-03   1.31289e-02   2.29313e-02   2.05504e-03
 MIGRAD MINIMIZATION HAS CONVERGED.
 FCN=78.1144 FROM MIGRAD    STATUS=CONVERGED     320 CALLS        1439 TOTAL
                     EDM=4.29627e-06    STRATEGY= 1  ERROR MATRIX UNCERTAINTY  11.4 per cent
  EXT PARAMETER                                   STEP         FIRST   
  NO.   NAME      VALUE            ERROR          SIZE      DERIVATIVE 
   1  N0           3.52296e+06     fixed    
   2  tau          6.43930e+01   constant   
   3  A0           3.54111e-01     fixed    
   4  phi          4.12419e+00     fixed    
   5  R           -6.08522e+01   constant   
   6  alpha_CBO   -1.29968e-03     fixed    
   7  w_CBO        2.32500e+00   constant   
   8  beta_CBO     3.54847e-03   2.33511e-04   2.60626e-08   6.61284e-01
   9  alpha_2CBO   2.04362e-04   2.34118e-04  -3.03748e-08   2.77254e+00
  10  beta_2CBO    3.34511e-04     fixed    
  11  alpha_y      0.00000e+00     fixed    
  12  w_y          1.38860e+01   constant   
  13  beta_y       3.14778e-04     fixed    
  14  alpha_vw     0.00000e+00     fixed    
  15  w_vw         1.43404e+01   constant   
  16  beta_vw      0.00000e+00     fixed    
  17  LM          -3.26196e-04   constant   
  18  zeta_y       0.00000e+00   constant   
  19  zeta_vw      0.00000e+00   constant   
  20  T_CBO        1.08714e+02   3.20469e+01  -4.35918e-04  -3.92332e-02
  21  alpha_A0    -4.03082e-03   5.23966e-03  -7.88817e-04  -1.51152e-04
  22  beta_A0     -2.64678e-03   4.96278e-03  -6.30602e-04   4.35180e-04
  23  alpha_phi   -4.80009e-03   4.86178e-03   1.12451e-03  -4.92681e-05
  24  beta_phi    -9.99935e-03   1.00005e-02  -3.45517e-02   6.46887e-04
 EXTERNAL ERROR MATRIX.    NDIM=  25    NPAR=  7    ERR DEF=1
  5.453e-08 -3.556e-09  4.921e-04  3.296e-08 -4.834e-08 -2.194e-08 -3.241e-10 
 -3.556e-09  5.481e-08  8.946e-04 -1.412e-07  1.215e-07 -4.548e-08  3.093e-10 
  4.921e-04  8.946e-04  1.031e+03  6.952e-02  5.001e-02 -8.180e-02  1.022e-02 
  3.296e-08 -1.412e-07  6.952e-02  3.112e-05  2.645e-06 -6.143e-06  6.253e-07 
 -4.834e-08  1.215e-07  5.001e-02  2.645e-06  2.718e-05 -2.900e-06  4.433e-07 
 -2.194e-08 -4.548e-08 -8.180e-02 -6.143e-06 -2.900e-06  2.655e-05 -7.630e-07 
 -3.241e-10  3.093e-10  1.022e-02  6.253e-07  4.433e-07 -7.630e-07  5.203e-07 
 PARAMETER  CORRELATION COEFFICIENTS  
       NO.  GLOBAL      8      9     20     21     22     23     24
        8  0.12333   1.000 -0.065  0.066  0.025 -0.040 -0.018 -0.002
        9  0.23453  -0.065  1.000  0.119 -0.108  0.100 -0.038  0.002
       20  0.69641   0.066  0.119  1.000  0.388  0.299 -0.494  0.441
       21  0.41998   0.025 -0.108  0.388  1.000  0.091 -0.214  0.155
       22  0.31464  -0.040  0.100  0.299  0.091  1.000 -0.108  0.118
       23  0.49756  -0.018 -0.038 -0.494 -0.214 -0.108  1.000 -0.205
       24  0.44708  -0.002  0.002  0.441  0.155  0.118 -0.205  1.000
MINUIT - FIT wiggle + 1-CBO + 2-CBO
 **********
 **   42 **RES 
 **********
                   PARAMETER   16  beta_vw RESTORED TO VARIABLE.
                   PARAMETER   14  alpha_vw RESTORED TO VARIABLE.
                   PARAMETER   13  beta_y RESTORED TO VARIABLE.
                   PARAMETER   11  alpha_y RESTORED TO VARIABLE.
                   PARAMETER   10  beta_2CBO RESTORED TO VARIABLE.
                   PARAMETER    6  alpha_CBO RESTORED TO VARIABLE.
                   PARAMETER    4  phi RESTORED TO VARIABLE.
                   PARAMETER    3  A0 RESTORED TO VARIABLE.
                   PARAMETER    1  N0 RESTORED TO VARIABLE.
 **********
 **   43 **FIX           10
 **********
 **********
 **   44 **FIX           11
 **********
 **********
 **   45 **FIX           12
 **********
 PARAMETER   12  IS CONSTANT.   IGNORED.
 **********
 **   46 **FIX           13
 **********
 **********
 **   47 **FIX           14
 **********
 **********
 **   48 **FIX           15
 **********
 PARAMETER   15  IS CONSTANT.   IGNORED.
 **********
 **   49 **FIX           16
 **********
 **********
 **   50 **MIGRAD
 **********
 START MIGRAD MINIMIZATION.  STRATEGY  1.  CONVERGENCE WHEN EDM .LT. 1.00e-04
 FCN=78.1144 FROM MIGRAD    STATUS=INITIATE       22 CALLS        1461 TOTAL
                     EDM= unknown      STRATEGY= 1      NO ERROR MATRIX       
  EXT PARAMETER               CURRENT GUESS       STEP         FIRST   
  NO.   NAME      VALUE            ERROR          SIZE      DERIVATIVE 
   1  N0           3.52296e+06   5.92853e+02   5.92853e+02  -4.77986e-03
   2  tau          6.43930e+01   constant   
   3  A0           3.54111e-01   2.19892e-04   2.19892e-04  -2.64181e+04
   4  phi          4.12419e+00   6.97972e-04   6.97972e-04   4.50208e+03
   5  R           -6.08522e+01   constant   
   6  alpha_CBO   -1.29968e-03   2.35072e-04   2.35072e-04   4.19384e+03
   7  w_CBO        2.32500e+00   constant   
   8  beta_CBO     3.54847e-03   2.33511e-04   2.60626e-08   6.61285e-01
   9  alpha_2CBO   2.04362e-04   2.34118e-04  -3.03748e-08   2.77254e+00
  10  beta_2CBO    3.34511e-04     fixed    
  11  alpha_y      0.00000e+00     fixed    
  12  w_y          1.38860e+01   constant   
  13  beta_y       3.14778e-04     fixed    
  14  alpha_vw     0.00000e+00     fixed    
  15  w_vw         1.43404e+01   constant   
  16  beta_vw      0.00000e+00     fixed    
  17  LM          -3.26196e-04   constant   
  18  zeta_y       0.00000e+00   constant   
  19  zeta_vw      0.00000e+00   constant   
  20  T_CBO        1.08714e+02   3.20469e+01  -4.35918e-04  -3.92332e-02
  21  alpha_A0    -4.03082e-03   5.23966e-03  -7.88817e-04  -1.51106e-04
  22  beta_A0     -2.64678e-03   4.96278e-03  -6.30602e-04   4.35233e-04
  23  alpha_phi   -4.80009e-03   4.86178e-03   1.12451e-03   4.93239e-05
  24  beta_phi    -9.99935e-03   1.00005e-02  -3.45517e-02   6.50942e-04
 MIGRAD MINIMIZATION HAS CONVERGED.
 FCN=65.2302 FROM MIGRAD    STATUS=CONVERGED     196 CALLS        1635 TOTAL
                     EDM=5.90266e-07    STRATEGY= 1  ERROR MATRIX UNCERTAINTY   1.7 per cent
  EXT PARAMETER                                   STEP         FIRST   
  NO.   NAME      VALUE            ERROR          SIZE      DERIVATIVE 
   1  N0           3.52363e+06   6.10019e+02   5.29805e-01  -5.19590e-07
   2  tau          6.43930e+01   constant   
   3  A0           3.54769e-01   2.27815e-04  -1.86902e-08  -3.15102e+00
   4  phi          4.12310e+00   7.11363e-04   4.57491e-07  -1.33075e+00
   5  R           -6.08522e+01   constant   
   6  alpha_CBO   -1.37038e-03   2.35447e-04  -6.35729e-07  -4.30714e-01
   7  w_CBO        2.32500e+00   constant   
   8  beta_CBO     3.75075e-03   2.39856e-04   1.87392e-07   1.61225e+00
   9  alpha_2CBO   1.50186e-04   2.37727e-04  -1.79853e-07   2.62042e+00
  10  beta_2CBO    3.34511e-04     fixed    
  11  alpha_y      0.00000e+00     fixed    
  12  w_y          1.38860e+01   constant   
  13  beta_y       3.14778e-04     fixed    
  14  alpha_vw     0.00000e+00     fixed    
  15  w_vw         1.43404e+01   constant   
  16  beta_vw      0.00000e+00     fixed    
  17  LM          -3.26196e-04   constant   
  18  zeta_y       0.00000e+00   constant   
  19  zeta_vw      0.00000e+00   constant   
  20  T_CBO        1.17969e+02   3.38740e+01   5.06674e-05   2.56163e-03
  21  alpha_A0    -2.64690e-03   4.93179e-03  -9.94195e-04  -6.33260e-04
  22  beta_A0     -3.39293e-03   4.86876e-03   1.12391e-04  -5.55387e-04
  23  alpha_phi   -4.05413e-03   4.51189e-03   1.18489e-03   2.23940e-04
  24  beta_phi    -9.99992e-03   1.03027e-02   1.49449e-04  -5.34141e-05
 EXTERNAL ERROR MATRIX.    NDIM=  25    NPAR= 11    ERR DEF=1
  3.721e+05 
 -1.403e-02  5.190e-08 
  2.195e-02 -4.638e-09  5.060e-07 
 -4.214e-03 -2.905e-10 -2.652e-08  5.544e-08 
  8.556e-03  1.051e-08 -1.597e-08 -1.846e-09  5.753e-08 
 -1.246e-02 -4.287e-10  1.448e-08 -1.677e-09 -4.757e-09  5.651e-08 
 -5.125e+03  1.629e-03 -3.495e-04  6.008e-05  5.738e-04  6.327e-04  1.152e+03 
 -8.803e-01  1.938e-07 -5.167e-07  4.221e-08  4.391e-08 -1.607e-07  6.623e-02  2.680e-05 
 -5.254e-01  8.373e-08  3.260e-07 -8.047e-08 -4.500e-08  9.513e-08  6.305e-02  2.725e-06  2.619e-05 
 -4.380e-01  1.840e-07  2.983e-07 -6.575e-08  1.720e-08  1.856e-08  7.250e-02  5.774e-06  1.592e-06  2.227e-05 
  1.344e-03 -2.379e-10  2.433e-11 -1.058e-09  5.559e-10 -4.214e-11  2.609e-06 -9.233e-10  3.392e-09  2.310e-08  5.769e-08 
 PARAMETER  CORRELATION COEFFICIENTS  
       NO.  GLOBAL      1      3      4      6      8      9     20     21     22     23     24
        1  0.35974   1.000 -0.101  0.051 -0.029  0.058 -0.086 -0.248 -0.279 -0.168 -0.152  0.009
        3  0.30511  -0.101  1.000 -0.029 -0.005  0.192 -0.008  0.211  0.164  0.072  0.171 -0.004
        4  0.27941   0.051 -0.029  1.000 -0.158 -0.094  0.086 -0.014 -0.140  0.090  0.089  0.000
        6  0.19141  -0.029 -0.005 -0.158  1.000 -0.033 -0.030  0.008  0.035 -0.067 -0.059 -0.019
        8  0.25495   0.058  0.192 -0.094 -0.033  1.000 -0.083  0.070  0.035 -0.037  0.015  0.010
        9  0.24145  -0.086 -0.008  0.086 -0.030 -0.083  1.000  0.078 -0.131  0.078  0.017 -0.001
       20  0.63435  -0.248  0.211 -0.014  0.008  0.070  0.078  1.000  0.377  0.363  0.453  0.000
       21  0.48120  -0.279  0.164 -0.140  0.035  0.035 -0.131  0.377  1.000  0.103  0.236 -0.001
       22  0.41497  -0.168  0.072  0.090 -0.067 -0.037  0.078  0.363  0.103  1.000  0.066  0.003
       23  0.49566  -0.152  0.171  0.089 -0.059  0.015  0.017  0.453  0.236  0.066  1.000  0.020
       24  0.03335   0.009 -0.004  0.000 -0.019  0.010 -0.001  0.000 -0.001  0.003  0.020  1.000
MINUIT - FIT ONLY 1-y
 **********
 **   51 **RES 
 **********
                   PARAMETER   16  beta_vw RESTORED TO VARIABLE.
                   PARAMETER   14  alpha_vw RESTORED TO VARIABLE.
                   PARAMETER   13  beta_y RESTORED TO VARIABLE.
                   PARAMETER   11  alpha_y RESTORED TO VARIABLE.
                   PARAMETER   10  beta_2CBO RESTORED TO VARIABLE.
 **********
 **   52 **FIX            0
 **********
 PARAMETER    0  IS UNDEFINED. IGNORED.
 **********
 **   53 **FIX            1
 **********
 **********
 **   54 **FIX            2
 **********
 PARAMETER    2  IS CONSTANT.   IGNORED.
 **********
 **   55 **FIX            3
 **********
 **********
 **   56 **FIX            4
 **********
 **********
 **   57 **FIX            5
 **********
 PARAMETER    5  IS CONSTANT.   IGNORED.
 **********
 **   58 **FIX            6
 **********
 **********
 **   59 **FIX            7
 **********
 PARAMETER    7  IS CONSTANT.   IGNORED.
 **********
 **   60 **FIX            8
 **********
 **********
 **   61 **FIX            9
 **********
 **********
 **   62 **FIX           13
 **********
 **********
 **   63 **FIX           14
 **********
 **********
 **   64 **FIX           15
 **********
 PARAMETER   15  IS CONSTANT.   IGNORED.
 **********
 **   65 **FIX           16
 **********
 **********
 **   66 **MIGRAD
 **********
 START MIGRAD MINIMIZATION.  STRATEGY  1.  CONVERGENCE WHEN EDM .LT. 1.00e-04
 FCN=65.2302 FROM MIGRAD    STATUS=INITIATE       42 CALLS        1677 TOTAL
                     EDM= unknown      STRATEGY= 1      NO ERROR MATRIX       
  EXT PARAMETER               CURRENT GUESS       STEP         FIRST   
  NO.   NAME      VALUE            ERROR          SIZE      DERIVATIVE 
   1  N0           3.52363e+06     fixed    
   2  tau          6.43930e+01   constant   
   3  A0           3.54769e-01     fixed    
   4  phi          4.12310e+00     fixed    
   5  R           -6.08522e+01   constant   
   6  alpha_CBO   -1.37038e-03     fixed    
   7  w_CBO        2.32500e+00   constant   
   8  beta_CBO     3.75075e-03     fixed    
   9  alpha_2CBO   1.50186e-04     fixed    
  10  beta_2CBO    3.34511e-04   2.30452e-04   0.00000e+00   6.94581e+03
  11  alpha_y      0.00000e+00   1.00000e-03   0.00000e+00  -6.36746e+03
  12  w_y          1.38860e+01   constant   
  13  beta_y       3.14778e-04     fixed    
  14  alpha_vw     0.00000e+00     fixed    
  15  w_vw         1.43404e+01   constant   
  16  beta_vw      0.00000e+00     fixed    
  17  LM          -3.26196e-04   constant   
  18  zeta_y       0.00000e+00   constant   
  19  zeta_vw      0.00000e+00   constant   
  20  T_CBO        1.17969e+02   3.38740e+01   0.00000e+00  -1.11379e-01
  21  alpha_A0    -2.64690e-03   4.93179e-03   0.00000e+00   5.87765e-04
  22  beta_A0     -3.39293e-03   4.86876e-03   0.00000e+00   3.04604e-04
  23  alpha_phi   -4.05413e-03   4.51189e-03   0.00000e+00   1.08601e-03
  24  beta_phi    -9.97713e-03   1.03027e-02   6.35919e-02   1.99759e-04
 MIGRAD MINIMIZATION HAS CONVERGED.
 MIGRAD WILL VERIFY CONVERGENCE AND ERROR MATRIX.
 COVARIANCE MATRIX CALCULATED SUCCESSFULLY
 FCN=64.049 FROM MIGRAD    STATUS=CONVERGED     199 CALLS        1834 TOTAL
                     EDM=1.27053e-06    STRATEGY= 1      ERROR MATRIX ACCURATE 
  EXT PARAMETER                                   STEP         FIRST   
  NO.   NAME      VALUE            ERROR          SIZE      DERIVATIVE 
   1  N0           3.52363e+06     fixed    
   2  tau          6.43930e+01   constant   
   3  A0           3.54769e-01     fixed    
   4  phi          4.12310e+00     fixed    
   5  R           -6.08522e+01   constant   
   6  alpha_CBO   -1.37038e-03     fixed    
   7  w_CBO        2.32500e+00   constant   
   8  beta_CBO     3.75075e-03     fixed    
   9  alpha_2CBO   1.50186e-04     fixed    
  10  beta_2CBO    1.44822e-04   2.34978e-04   9.04318e-07   4.08765e-01
  11  alpha_y      1.64160e-04   2.29233e-04   9.02324e-07   1.38384e+00
  12  w_y          1.38860e+01   constant   
  13  beta_y       3.14778e-04     fixed    
  14  alpha_vw     0.00000e+00     fixed    
  15  w_vw         1.43404e+01   constant   
  16  beta_vw      0.00000e+00     fixed    
  17  LM          -3.26196e-04   constant   
  18  zeta_y       0.00000e+00   constant   
  19  zeta_vw      0.00000e+00   constant   
  20  T_CBO        1.17013e+02   3.15025e+01   3.25323e-04   1.05769e-02
  21  alpha_A0    -2.51851e-03   4.27988e-03   1.83325e-03  -2.36376e-04
  22  beta_A0     -2.81693e-03   4.25171e-03   1.80525e-03  -1.81570e-03
  23  alpha_phi   -4.51511e-03   4.08382e-03   1.75221e-03  -2.22444e-03
  24  beta_phi    -9.99732e-03   1.41687e-02   3.58453e-02  -6.85911e-04
 EXTERNAL ERROR MATRIX.    NDIM=  25    NPAR=  7    ERR DEF=1
  5.521e-08  9.080e-10  3.327e-04 -5.122e-08 -1.439e-07  1.334e-07 -2.581e-11 
  9.080e-10  5.255e-08  6.525e-05 -1.877e-08  7.620e-09  1.427e-08 -5.930e-12 
  3.327e-04  6.525e-05  9.956e+02  3.561e-02  3.780e-02  5.801e-02  1.399e-03 
 -5.122e-08 -1.877e-08  3.561e-02  1.965e-05  1.243e-06  2.287e-06  4.117e-08 
 -1.439e-07  7.620e-09  3.780e-02  1.243e-06  1.940e-05  1.194e-06  4.840e-08 
  1.334e-07  1.427e-08  5.801e-02  2.287e-06  1.194e-06  1.799e-05  7.505e-08 
 -2.581e-11 -5.930e-12  1.399e-03  4.117e-08  4.840e-08  7.505e-08  1.092e-07 
 PARAMETER  CORRELATION COEFFICIENTS  
       NO.  GLOBAL     10     11     20     21     22     23     24
       10  0.21212   1.000  0.017  0.045 -0.049 -0.139  0.134 -0.000
       11  0.03077   0.017  1.000  0.009 -0.018  0.008  0.015 -0.000
       20  0.54323   0.045  0.009  1.000  0.255  0.272  0.433  0.134
       21  0.26375  -0.049 -0.018  0.255  1.000  0.064  0.122  0.028
       22  0.31445  -0.139  0.008  0.272  0.064  1.000  0.064  0.033
       23  0.45047   0.134  0.015  0.433  0.122  0.064  1.000  0.054
       24  0.13459  -0.000 -0.000  0.134  0.028  0.033  0.054  1.000
MINUIT - FIT ONLY 2-y
 **********
 **   67 **RES 
 **********
                   PARAMETER   16  beta_vw RESTORED TO VARIABLE.
                   PARAMETER   14  alpha_vw RESTORED TO VARIABLE.
                   PARAMETER   13  beta_y RESTORED TO VARIABLE.
                   PARAMETER    9  alpha_2CBO RESTORED TO VARIABLE.
                   PARAMETER    8  beta_CBO RESTORED TO VARIABLE.
                   PARAMETER    6  alpha_CBO RESTORED TO VARIABLE.
                   PARAMETER    4  phi RESTORED TO VARIABLE.
                   PARAMETER    3  A0 RESTORED TO VARIABLE.
                   PARAMETER    1  N0 RESTORED TO VARIABLE.
 **********
 **   68 **FIX            0
 **********
 PARAMETER    0  IS UNDEFINED. IGNORED.
 **********
 **   69 **FIX            1
 **********
 **********
 **   70 **FIX            2
 **********
 PARAMETER    2  IS CONSTANT.   IGNORED.
 **********
 **   71 **FIX            3
 **********
 **********
 **   72 **FIX            4
 **********
 **********
 **   73 **FIX            5
 **********
 PARAMETER    5  IS CONSTANT.   IGNORED.
 **********
 **   74 **FIX            6
 **********
 **********
 **   75 **FIX            7
 **********
 PARAMETER    7  IS CONSTANT.   IGNORED.
 **********
 **   76 **FIX            8
 **********
 **********
 **   77 **FIX            9
 **********
 **********
 **   78 **FIX           10
 **********
 **********
 **   79 **FIX           11
 **********
 **********
 **   80 **FIX           12
 **********
 PARAMETER   12  IS CONSTANT.   IGNORED.
 **********
 **   81 **FIX           16
 **********
 **********
 **   82 **MIGRAD
 **********
 START MIGRAD MINIMIZATION.  STRATEGY  1.  CONVERGENCE WHEN EDM .LT. 1.00e-04
 FCN=64.049 FROM MIGRAD    STATUS=INITIATE       37 CALLS        1871 TOTAL
                     EDM= unknown      STRATEGY= 1      NO ERROR MATRIX       
  EXT PARAMETER               CURRENT GUESS       STEP         FIRST   
  NO.   NAME      VALUE            ERROR          SIZE      DERIVATIVE 
   1  N0           3.52363e+06     fixed    
   2  tau          6.43930e+01   constant   
   3  A0           3.54769e-01     fixed    
   4  phi          4.12310e+00     fixed    
   5  R           -6.08522e+01   constant   
   6  alpha_CBO   -1.37038e-03     fixed    
   7  w_CBO        2.32500e+00   constant   
   8  beta_CBO     3.75075e-03     fixed    
   9  alpha_2CBO   1.50186e-04     fixed    
  10  beta_2CBO    1.44822e-04     fixed    
  11  alpha_y      1.64160e-04     fixed    
  12  w_y          1.38860e+01   constant   
  13  beta_y       3.14778e-04   2.28930e-04   0.00000e+00   1.50434e+03
  14  alpha_vw     0.00000e+00   1.00000e-03   0.00000e+00   1.35948e+04
  15  w_vw         1.43404e+01   constant   
  16  beta_vw      0.00000e+00     fixed    
  17  LM          -3.26196e-04   constant   
  18  zeta_y       0.00000e+00   constant   
  19  zeta_vw      0.00000e+00   constant   
  20  T_CBO        1.17013e+02   3.15025e+01   0.00000e+00  -1.19521e-01
  21  alpha_A0    -2.51851e-03   4.27988e-03   0.00000e+00   1.15043e-03
  22  beta_A0     -2.81693e-03   4.25171e-03   0.00000e+00  -8.24100e-04
  23  alpha_phi   -4.51511e-03   4.08382e-03   0.00000e+00  -1.27282e-03
  24  beta_phi    -9.97094e-03   1.41687e-02   5.30928e-02   1.74397e-04
 MIGRAD MINIMIZATION HAS CONVERGED.
 MIGRAD WILL VERIFY CONVERGENCE AND ERROR MATRIX.
 COVARIANCE MATRIX CALCULATED SUCCESSFULLY
 FCN=61.344 FROM MIGRAD    STATUS=CONVERGED    1148 CALLS        2982 TOTAL
                     EDM=3.18325e-05    STRATEGY= 1      ERROR MATRIX ACCURATE 
  EXT PARAMETER                                   STEP         FIRST   
  NO.   NAME      VALUE            ERROR          SIZE      DERIVATIVE 
   1  N0           3.52363e+06     fixed    
   2  tau          6.43930e+01   constant   
   3  A0           3.54769e-01     fixed    
   4  phi          4.12310e+00     fixed    
   5  R           -6.08522e+01   constant   
   6  alpha_CBO   -1.37038e-03     fixed    
   7  w_CBO        2.32500e+00   constant   
   8  beta_CBO     3.75075e-03     fixed    
   9  alpha_2CBO   1.50186e-04     fixed    
  10  beta_2CBO    1.44822e-04     fixed    
  11  alpha_y      1.64160e-04     fixed    
  12  w_y          1.38860e+01   constant   
  13  beta_y       1.98596e-04   2.33414e-04   8.80953e-07  -6.50994e+00
  14  alpha_vw    -3.79679e-04   2.33760e-04   8.82492e-07   3.84955e+00
  15  w_vw         1.43404e+01   constant   
  16  beta_vw      0.00000e+00     fixed    
  17  LM          -3.26196e-04   constant   
  18  zeta_y       0.00000e+00   constant   
  19  zeta_vw      0.00000e+00   constant   
  20  T_CBO        9.97027e+02   9.56334e+02   5.95550e-02  -3.82217e-04
