 + ++++++++++++++++++++++++++++++++++++++++++++++++++++++++++++++++++++ +
 +                                                                      +
 +           You have chose to blind your fitting according to          +
 +                omega_ref * (1 + (R +/- deltaR) *10^{-6})             +
 +                                                                      +
 + ++++++++++++++++++++++++++++++++++++++++++++++++++++++++++++++++++++ +
In main()...
reading format from /gm2data/zkhechad/run45/envelope/formats/formatB_sBin_constraintOn.txt
pBinTau 	= 0  
pBinPhi 	= 0  
constraintau 	= 1 
includeMopTerm 	= 0    
constrainMop    = 0   
Parameters after format file: pBinTau 0 pBinPhi 0 constraintau 1 includeMopTerm 0 constrainMop 0 c_e_scale 0.000000 
Opening file /gm2data/tbarrett/gm2fr/studies/run23_bunch_corrections/CorrectedFourier_Run3b.root.
reading full fit data from /gm2data/zkhechad/cboTemplates/Run4CBOTemplates/templateFits0_v2.0/noRF/sBin_constraintOn_cE0.0_seed0_noRF_calo9.root
windowBins = 69
fitting sliding window 2258 from bin 2394 at 357.035600 to bin 2463 at 367.479600 (69 bins)

Reading data from /gm2data/cornell/histograms/aMethod/histogram_a_noRF.root
 **********
 **    1 **SET PRINTOUT            1
 **********
 **********
 **    2 **SET NOWARNINGS 
 **********
 PARAMETER DEFINITIONS:
    NO.   NAME         VALUE      STEP SIZE      LIMITS
     1 N0           2.88203e+06  1.00000e+02     no limits
     2 tau          6.44101e+01  constant
     3 A0           3.51419e-01  1.00000e-04     no limits
     4 phi          4.11705e+00  1.00000e-02     no limits
     5 R           -5.98037e+01  constant
     6 alpha_CBO    0.00000e+00  1.00000e-03     no limits
     7 w_CBO        2.32500e+00  constant
     8 beta_CBO     0.00000e+00  1.00000e-03     no limits
     9 alpha_2CBO   0.00000e+00  1.00000e-03     no limits
    10 beta_2CBO    0.00000e+00  1.00000e-03     no limits
    11 alpha_y      0.00000e+00  1.00000e-03     no limits
    12 w_y          1.44500e+01  constant
    13 beta_y       0.00000e+00  1.00000e-03     no limits
    14 alpha_vw     0.00000e+00  1.00000e-03     no limits
    15 w_vw         1.29000e+01  constant
    16 beta_vw      0.00000e+00  1.00000e-03     no limits
    17 LM           1.43880e-04  constant
    18 zeta_y       0.00000e+00  constant
    19 zeta_vw      0.00000e+00  constant
    20 T_CBO        1.00000e+02  1.00000e+00    0.00000e+00  1.00000e+03
    21 alpha_A0     0.00000e+00  1.00000e-03     no limits
    22 beta_A0      0.00000e+00  1.00000e-03     no limits
    23 alpha_phi    0.00000e+00  1.00000e-03     no limits
    24 beta_phi     0.00000e+00  1.00000e-03     no limits
MINUIT - FIT ONLY WIGGLE
 **********
 **    3 **FIX            5
 **********
 PARAMETER    5  IS CONSTANT.   IGNORED.
 **********
 **    4 **FIX            6
 **********
 **********
 **    5 **FIX            7
 **********
 PARAMETER    7  IS CONSTANT.   IGNORED.
 **********
 **    6 **FIX            8
 **********
 **********
 **    7 **FIX            9
 **********
 **********
 **    8 **FIX           10
 **********
 **********
 **    9 **FIX           11
 **********
 **********
 **   10 **FIX           12
 **********
 PARAMETER   12  IS CONSTANT.   IGNORED.
 **********
 **   11 **FIX           13
 **********
 **********
 **   12 **FIX           14
 **********
 **********
 **   13 **FIX           15
 **********
 PARAMETER   15  IS CONSTANT.   IGNORED.
 **********
 **   14 **FIX           16
 **********
 **********
 **   15 **MIGRAD
 **********
 FIRST CALL TO USER FUNCTION AT NEW START POINT, WITH IFLAG=4.
 START MIGRAD MINIMIZATION.  STRATEGY  1.  CONVERGENCE WHEN EDM .LT. 1.00e-04
 FCN=66.0682 FROM MIGRAD    STATUS=INITIATE      437 CALLS         438 TOTAL
                     EDM= unknown      STRATEGY= 1      NO ERROR MATRIX       
  EXT PARAMETER               CURRENT GUESS       STEP         FIRST   
  NO.   NAME      VALUE            ERROR          SIZE      DERIVATIVE 
   1  N0           2.88203e+06   1.00000e+02   0.00000e+00   1.37222e-04
   2  tau          6.44101e+01   constant   
   3  A0           3.51419e-01   1.00000e-04   0.00000e+00   1.63406e+03
   4  phi          4.11705e+00   1.00000e-02   0.00000e+00   6.67915e+02
   5  R           -5.98037e+01   constant   
   6  alpha_CBO    0.00000e+00     fixed    
   7  w_CBO        2.32500e+00   constant   
   8  beta_CBO     0.00000e+00     fixed    
   9  alpha_2CBO   0.00000e+00     fixed    
  10  beta_2CBO    0.00000e+00     fixed    
  11  alpha_y      0.00000e+00     fixed    
  12  w_y          1.44500e+01   constant   
  13  beta_y       0.00000e+00     fixed    
  14  alpha_vw     0.00000e+00     fixed    
  15  w_vw         1.29000e+01   constant   
  16  beta_vw      0.00000e+00     fixed    
  17  LM           1.43880e-04   constant   
  18  zeta_y       0.00000e+00   constant   
  19  zeta_vw      0.00000e+00   constant   
  20  T_CBO        1.00000e+02   1.00000e+00   0.00000e+00   0.00000e+00
  21  alpha_A0     0.00000e+00   1.00000e-03   0.00000e+00  -1.32067e+01
  22  beta_A0      0.00000e+00   1.00000e-03   0.00000e+00  -7.52228e+00
  23  alpha_phi    0.00000e+00   1.00000e-03   0.00000e+00  -4.50226e+00
  24  beta_phi     0.00000e+00   1.00000e-03   0.00000e+00  -3.30694e+00
 MIGRAD MINIMIZATION HAS CONVERGED.
 MIGRAD WILL VERIFY CONVERGENCE AND ERROR MATRIX.
 FCN=63.3885 FROM HESSE     STATUS=NOT POSDEF     61 CALLS         593 TOTAL
                     EDM=0.0012842    STRATEGY= 1      ERR MATRIX NOT POS-DEF
  EXT PARAMETER                APPROXIMATE        STEP         FIRST   
  NO.   NAME      VALUE            ERROR          SIZE      DERIVATIVE 
   1  N0           2.88197e+06   2.18270e+03   7.61687e+00   5.98939e-07
   2  tau          6.44101e+01   constant   
   3  A0           3.50768e-01   9.57603e-04   3.64981e-06  -3.90374e-01
   4  phi          4.11453e+00   2.77880e-03   1.07336e-05   2.41143e-01
   5  R           -5.98037e+01   constant   
   6  alpha_CBO    0.00000e+00     fixed    
   7  w_CBO        2.32500e+00   constant   
   8  beta_CBO     0.00000e+00     fixed    
   9  alpha_2CBO   0.00000e+00     fixed    
  10  beta_2CBO    0.00000e+00     fixed    
  11  alpha_y      0.00000e+00     fixed    
  12  w_y          1.44500e+01   constant   
  13  beta_y       0.00000e+00     fixed    
  14  alpha_vw     0.00000e+00     fixed    
  15  w_vw         1.29000e+01   constant   
  16  beta_vw      0.00000e+00     fixed    
  17  LM           1.43880e-04   constant   
  18  zeta_y       0.00000e+00   constant   
  19  zeta_vw      0.00000e+00   constant   
  20  T_CBO        9.93121e+01   5.02699e+02   3.27201e-04  -7.91969e-03
  21  alpha_A0     1.37777e-01   1.95184e+00   5.71975e-04   1.79628e-02
  22  beta_A0      7.65578e-02   1.12192e+00   5.90254e-04   8.07082e-03
  23  alpha_phi    4.36925e-02   6.39665e-01   6.02121e-04   2.25947e-02
  24  beta_phi     2.77867e-02   4.18237e-01   5.32904e-04   8.37533e-03
 MIGRAD MINIMIZATION HAS CONVERGED.
 MIGRAD WILL VERIFY CONVERGENCE AND ERROR MATRIX.
 MIGRAD TERMINATED WITHOUT CONVERGENCE.
 FCN=63.3884 FROM MIGRAD    STATUS=FAILED        777 CALLS         778 TOTAL
                     EDM=0.0025539    STRATEGY= 1      ERR MATRIX NOT POS-DEF
  EXT PARAMETER                APPROXIMATE        STEP         FIRST   
  NO.   NAME      VALUE            ERROR          SIZE      DERIVATIVE 
   1  N0           2.88197e+06   2.18253e+03   7.61687e+00   2.35123e-07
   2  tau          6.44101e+01   constant   
   3  A0           3.50768e-01   9.57691e-04   3.64979e-06  -1.53909e-04
   4  phi          4.11453e+00   2.77915e-03   1.07336e-05   9.54723e-05
   5  R           -5.98037e+01   constant   
   6  alpha_CBO    0.00000e+00     fixed    
   7  w_CBO        2.32500e+00   constant   
   8  beta_CBO     0.00000e+00     fixed    
   9  alpha_2CBO   0.00000e+00     fixed    
  10  beta_2CBO    0.00000e+00     fixed    
  11  alpha_y      0.00000e+00     fixed    
  12  w_y          1.44500e+01   constant   
  13  beta_y       0.00000e+00     fixed    
  14  alpha_vw     0.00000e+00     fixed    
  15  w_vw         1.29000e+01   constant   
  16  beta_vw      0.00000e+00     fixed    
  17  LM           1.43880e-04   constant   
  18  zeta_y       0.00000e+00   constant   
  19  zeta_vw      0.00000e+00   constant   
  20  T_CBO        1.00028e+02   5.04219e+02   3.31082e-04  -7.49203e-03
  21  alpha_A0     1.34338e-01   1.90433e+00   5.56185e-04   2.83521e-02
  22  beta_A0      7.44959e-02   1.09086e+00   5.73964e-04   5.11207e-03
  23  alpha_phi    4.23425e-02   6.16698e-01   5.85498e-04   2.33580e-03
  24  beta_phi     2.70131e-02   4.05628e-01   5.18184e-04   1.93374e-03
 EXTERNAL ERROR MATRIX.    NDIM=  25    NPAR=  8    ERR DEF=1
  4.763e+06  2.045e-01 -1.008e+00  1.456e+04 -1.704e+01 -7.336e+01 -3.909e+01 -7.575e+01 
  2.045e-01  9.172e-07  1.540e-07  8.714e-03 -3.480e-05 -1.379e-05  1.518e-05  3.080e-06 
 -1.008e+00  1.540e-07  7.724e-06  6.375e-02 -3.158e-04 -1.510e-04 -7.679e-05 -2.478e-05 
  1.456e+04  8.714e-03  6.375e-02  1.556e+05 -7.491e+02 -4.264e+02 -2.357e+02 -1.508e+02 
 -1.704e+01 -3.480e-05 -3.158e-04 -7.491e+02  3.626e+00  2.052e+00  1.136e+00  7.262e-01 
 -7.336e+01 -1.379e-05 -1.510e-04 -4.264e+02  2.052e+00  1.190e+00  6.479e-01  4.148e-01 
 -3.909e+01  1.518e-05 -7.679e-05 -2.357e+02  1.136e+00  6.479e-01  3.803e-01  2.300e-01 
 -7.575e+01  3.080e-06 -2.478e-05 -1.508e+02  7.262e-01  4.148e-01  2.300e-01  1.645e-01 
ERR MATRIX NOT POS-DEF
 PARAMETER  CORRELATION COEFFICIENTS  
       NO.  GLOBAL      1      3      4     20     21     22     23     24
        1  0.34326   1.000  0.098 -0.166  0.017 -0.004 -0.031 -0.029 -0.086
        3  0.25788   0.098  1.000  0.058  0.023 -0.019 -0.013  0.026  0.008
        4  0.20316  -0.166  0.058  1.000  0.058 -0.060 -0.050 -0.045 -0.022
       20  0.99796   0.017  0.023  0.058  1.000 -0.997 -0.991 -0.969 -0.942
       21  0.99726  -0.004 -0.019 -0.060 -0.997  1.000  0.988  0.967  0.940
       22  0.99106  -0.031 -0.013 -0.050 -0.991  0.988  1.000  0.963  0.938
       23  0.97061  -0.029  0.026 -0.045 -0.969  0.967  0.963  1.000  0.919
       24  0.94611  -0.086  0.008 -0.022 -0.942  0.940  0.938  0.919  1.000
 ERR MATRIX NOT POS-DEF
MINUIT - FIT ONLY 1-CBO + wiggle
 **********
 **   16 **RES 
 **********
                   PARAMETER   16  beta_vw RESTORED TO VARIABLE.
                   PARAMETER   14  alpha_vw RESTORED TO VARIABLE.
                   PARAMETER   13  beta_y RESTORED TO VARIABLE.
                   PARAMETER   11  alpha_y RESTORED TO VARIABLE.
                   PARAMETER   10  beta_2CBO RESTORED TO VARIABLE.
                   PARAMETER    9  alpha_2CBO RESTORED TO VARIABLE.
                   PARAMETER    8  beta_CBO RESTORED TO VARIABLE.
                   PARAMETER    6  alpha_CBO RESTORED TO VARIABLE.
 **********
 **   17 **FIX            8
 **********
 **********
 **   18 **FIX            9
 **********
 **********
 **   19 **FIX           11
 **********
 **********
 **   20 **FIX           12
 **********
 PARAMETER   12  IS CONSTANT.   IGNORED.
 **********
 **   21 **FIX           14
 **********
 **********
 **   22 **FIX           15
 **********
 PARAMETER   15  IS CONSTANT.   IGNORED.
 **********
 **   23 **FIX           16
 **********
 **********
 **   24 **MIGRAD
 **********
 START MIGRAD MINIMIZATION.  STRATEGY  1.  CONVERGENCE WHEN EDM .LT. 1.00e-04
 FCN=63.3884 FROM MIGRAD    STATUS=INITIATE       28 CALLS         806 TOTAL
                     EDM= unknown      STRATEGY= 1      NO ERROR MATRIX       
  EXT PARAMETER               CURRENT GUESS       STEP         FIRST   
  NO.   NAME      VALUE            ERROR          SIZE      DERIVATIVE 
   1  N0           2.88197e+06   2.18253e+03   7.61687e+00   2.35122e-07
   2  tau          6.44101e+01   constant   
   3  A0           3.50768e-01   9.57691e-04   3.64979e-06  -1.53880e-04
   4  phi          4.11453e+00   2.77915e-03   1.07336e-05   9.48156e-05
   5  R           -5.98037e+01   constant   
   6  alpha_CBO    0.00000e+00   1.00000e-03   1.00000e-03  -2.09686e+03
   7  w_CBO        2.32500e+00   constant   
   8  beta_CBO     0.00000e+00     fixed    
   9  alpha_2CBO   0.00000e+00     fixed    
  10  beta_2CBO    0.00000e+00   1.00000e-03   1.00000e-03  -2.46111e+03
  11  alpha_y      0.00000e+00     fixed    
  12  w_y          1.44500e+01   constant   
  13  beta_y       0.00000e+00   1.00000e-03   1.00000e-03   1.28697e+03
  14  alpha_vw     0.00000e+00     fixed    
  15  w_vw         1.29000e+01   constant   
  16  beta_vw      0.00000e+00     fixed    
  17  LM           1.43880e-04   constant   
  18  zeta_y       0.00000e+00   constant   
  19  zeta_vw      0.00000e+00   constant   
  20  T_CBO        1.00028e+02   5.04219e+02   3.31082e-04  -7.40056e-03
  21  alpha_A0     1.34338e-01   1.90433e+00   5.56185e-04   2.83521e-02
  22  beta_A0      7.44959e-02   1.09086e+00   5.73964e-04   5.11217e-03
  23  alpha_phi    4.23425e-02   6.16698e-01   5.85498e-04   2.33580e-03
  24  beta_phi     2.70131e-02   4.05628e-01   5.18184e-04   1.93374e-03
 MIGRAD MINIMIZATION HAS CONVERGED.
 MIGRAD WILL VERIFY CONVERGENCE AND ERROR MATRIX.
 FCN=60.1574 FROM MIGRAD    STATUS=CONVERGED     246 CALLS        1024 TOTAL
                     EDM=3.42596e-05    STRATEGY= 1      ERR MATRIX NOT POS-DEF
  EXT PARAMETER                APPROXIMATE        STEP         FIRST   
  NO.   NAME      VALUE            ERROR          SIZE      DERIVATIVE 
   1  N0           2.88200e+06   2.18316e+03   7.42337e+00   1.45855e-07
   2  tau          6.44101e+01   constant   
   3  A0           3.50668e-01   9.60683e-04   3.55770e-06  -1.93787e+00
   4  phi          4.11505e+00   2.82722e-03   1.04631e-05  -1.80088e-01
   5  R           -5.98037e+01   constant   
   6  alpha_CBO    1.16105e-03   1.06293e-03   3.94597e-06  -2.74800e-01
   7  w_CBO        2.32500e+00   constant   
   8  beta_CBO     0.00000e+00     fixed    
   9  alpha_2CBO   0.00000e+00     fixed    
  10  beta_2CBO    1.27780e-03   1.02469e-03   3.84486e-06   1.04435e+00
  11  alpha_y      0.00000e+00     fixed    
  12  w_y          1.44500e+01   constant   
  13  beta_y      -6.85270e-04   1.00033e-03   3.84152e-06   1.67576e+00
  14  alpha_vw     0.00000e+00     fixed    
  15  w_vw         1.29000e+01   constant   
  16  beta_vw      0.00000e+00     fixed    
  17  LM           1.43880e-04   constant   
  18  zeta_y       0.00000e+00   constant   
  19  zeta_vw      0.00000e+00   constant   
  20  T_CBO        9.84425e+01   5.20191e+02   3.44930e-04  -3.86860e-03
  21  alpha_A0     1.12982e-01   1.74864e+00   5.74869e-04  -2.65756e-03
  22  beta_A0      9.99613e-02   1.58246e+00   5.93133e-04  -4.29833e-03
  23  alpha_phi    3.62407e-02   5.84706e-01   6.05408e-04   1.54410e-03
  24  beta_phi     1.86110e-02   3.19793e-01   5.35698e-04  -8.82672e-03
 EXTERNAL ERROR MATRIX.    NDIM=  25    NPAR= 11    ERR DEF=1
  4.766e+06 
  2.042e-01  9.229e-07 
 -9.993e-01  1.478e-07  7.993e-06 
  2.018e-02 -2.056e-08  5.328e-07  1.130e-06 
 -7.780e-03 -7.102e-08 -6.479e-08 -3.948e-08  1.050e-06 
 -1.997e-02 -1.904e-08 -3.790e-08 -1.398e-08 -1.488e-08  1.001e-06 
  1.437e+04  6.131e-03  7.559e-02 -5.287e-03 -9.318e-03  3.258e-04  1.744e+05 
 -3.685e+00 -1.699e-05 -3.332e-04  4.470e-06  2.974e-05 -3.605e-06 -7.275e+02  3.058e+00 
 -8.968e+01 -1.341e-05 -2.602e-04  2.041e-05  5.034e-05 -3.258e-06 -6.576e+02  2.742e+00  2.504e+00 
 -3.652e+01  2.328e-05 -6.801e-05  3.116e-05 -1.655e-05 -3.983e-06 -2.342e+02  9.780e-01  8.849e-01  3.419e-01 
 -7.527e+01  8.569e-06 -1.353e-05  4.042e-07  5.591e-07 -1.757e-06 -1.192e+02  4.977e-01  4.513e-01  1.619e-01  1.023e-01 
ERR MATRIX NOT POS-DEF
 PARAMETER  CORRELATION COEFFICIENTS  
       NO.  GLOBAL      1      3      4      6     10     13     20     21     22     23     24
        1  0.34358   1.000  0.097 -0.162  0.009 -0.003 -0.009  0.016 -0.001 -0.026 -0.029 -0.108
        3  0.26772   0.097  1.000  0.054 -0.020 -0.072 -0.020  0.015 -0.010 -0.009  0.041  0.028
        4  0.27003  -0.162  0.054  1.000  0.177 -0.022 -0.013  0.064 -0.067 -0.058 -0.041 -0.015
        6  0.25910   0.009 -0.020  0.177  1.000 -0.036 -0.013 -0.012  0.002  0.012  0.050  0.001
       10  0.21676  -0.003 -0.072 -0.022 -0.036  1.000 -0.015 -0.022  0.017  0.031 -0.028  0.002
       13  0.04189  -0.009 -0.020 -0.013 -0.013 -0.015  1.000  0.001 -0.002 -0.002 -0.007 -0.005
       20  0.99795   0.016  0.015  0.064 -0.012 -0.022  0.001  1.000 -0.996 -0.995 -0.959 -0.892
       21  0.99634  -0.001 -0.010 -0.067  0.002  0.017 -0.002 -0.996  1.000  0.991  0.957  0.890
       22  0.99524  -0.026 -0.009 -0.058  0.012  0.031 -0.002 -0.995  0.991  1.000  0.956  0.892
       23  0.96306  -0.029  0.041 -0.041  0.050 -0.028 -0.007 -0.959  0.957  0.956  1.000  0.866
       24  0.90011  -0.108  0.028 -0.015  0.001  0.002 -0.005 -0.892  0.890  0.892  0.866  1.000
 ERR MATRIX NOT POS-DEF
MINUIT - FIT ONLY 2-CBO
 **********
 **   25 **RES 
 **********
                   PARAMETER   16  beta_vw RESTORED TO VARIABLE.
                   PARAMETER   14  alpha_vw RESTORED TO VARIABLE.
                   PARAMETER   11  alpha_y RESTORED TO VARIABLE.
                   PARAMETER    9  alpha_2CBO RESTORED TO VARIABLE.
                   PARAMETER    8  beta_CBO RESTORED TO VARIABLE.
 **********
 **   26 **FIX            0
 **********
 PARAMETER    0  IS UNDEFINED. IGNORED.
 **********
 **   27 **FIX            1
 **********
 **********
 **   28 **FIX            2
 **********
 PARAMETER    2  IS CONSTANT.   IGNORED.
 **********
 **   29 **FIX            3
 **********
 **********
 **   30 **FIX            4
 **********
 **********
 **   31 **FIX            5
 **********
 PARAMETER    5  IS CONSTANT.   IGNORED.
 **********
 **   32 **FIX            6
 **********
 **********
 **   33 **FIX            7
 **********
 PARAMETER    7  IS CONSTANT.   IGNORED.
 **********
 **   34 **FIX           10
 **********
 **********
 **   35 **FIX           11
 **********
 **********
 **   36 **FIX           12
 **********
 PARAMETER   12  IS CONSTANT.   IGNORED.
 **********
 **   37 **FIX           13
 **********
 **********
 **   38 **FIX           14
 **********
 **********
 **   39 **FIX           15
 **********
 PARAMETER   15  IS CONSTANT.   IGNORED.
 **********
 **   40 **FIX           16
 **********
 **********
 **   41 **MIGRAD
 **********
 START MIGRAD MINIMIZATION.  STRATEGY  1.  CONVERGENCE WHEN EDM .LT. 1.00e-04
 FCN=60.1574 FROM MIGRAD    STATUS=INITIATE       18 CALLS        1042 TOTAL
                     EDM= unknown      STRATEGY= 1      NO ERROR MATRIX       
  EXT PARAMETER               CURRENT GUESS       STEP         FIRST   
  NO.   NAME      VALUE            ERROR          SIZE      DERIVATIVE 
   1  N0           2.88200e+06     fixed    
   2  tau          6.44101e+01   constant   
   3  A0           3.50668e-01     fixed    
   4  phi          4.11505e+00     fixed    
   5  R           -5.98037e+01   constant   
   6  alpha_CBO    1.16105e-03     fixed    
   7  w_CBO        2.32500e+00   constant   
   8  beta_CBO     0.00000e+00   1.00000e-03   1.00000e-03   3.88855e+03
   9  alpha_2CBO   0.00000e+00   1.00000e-03   1.00000e-03  -1.46177e+03
  10  beta_2CBO    1.27780e-03     fixed    
  11  alpha_y      0.00000e+00     fixed    
  12  w_y          1.44500e+01   constant   
  13  beta_y      -6.85270e-04     fixed    
  14  alpha_vw     0.00000e+00     fixed    
  15  w_vw         1.29000e+01   constant   
  16  beta_vw      0.00000e+00     fixed    
  17  LM           1.43880e-04   constant   
  18  zeta_y       0.00000e+00   constant   
  19  zeta_vw      0.00000e+00   constant   
  20  T_CBO        9.84425e+01   5.20191e+02   3.44930e-04  -3.77842e-03
  21  alpha_A0     1.12982e-01   1.74864e+00   5.74869e-04  -2.65754e-03
  22  beta_A0      9.99613e-02   1.58246e+00   5.93133e-04  -4.29825e-03
  23  alpha_phi    3.62407e-02   5.84706e-01   6.05408e-04   1.54410e-03
  24  beta_phi     1.86110e-02   3.19793e-01   5.35698e-04  -8.82672e-03
 CALL LIMIT EXCEEDED IN MIGRAD.
 MIGRAD TERMINATED WITHOUT CONVERGENCE.
 FCN=55.7446 FROM MIGRAD    STATUS=CALL LIMIT   1162 CALLS        2186 TOTAL
                     EDM=0.00266069    STRATEGY= 1  ERROR MATRIX UNCERTAINTY  17.6 per cent
  EXT PARAMETER                APPROXIMATE        STEP         FIRST   
  NO.   NAME      VALUE            ERROR          SIZE      DERIVATIVE 
   1  N0           2.88200e+06     fixed    
   2  tau          6.44101e+01   constant   
   3  A0           3.50668e-01     fixed    
   4  phi          4.11505e+00     fixed    
   5  R           -5.98037e+01   constant   
   6  alpha_CBO    1.16105e-03     fixed    
   7  w_CBO        2.32500e+00   constant   
   8  beta_CBO    -1.99539e-03   9.85896e-04   5.75458e-06  -9.82010e+00
   9  alpha_2CBO   6.97021e-04   1.00867e-03  -6.39772e-06   8.18297e-01
  10  beta_2CBO    1.27780e-03     fixed    
  11  alpha_y      0.00000e+00     fixed    
  12  w_y          1.44500e+01   constant   
  13  beta_y      -6.85270e-04     fixed    
  14  alpha_vw     0.00000e+00     fixed    
  15  w_vw         1.29000e+01   constant   
  16  beta_vw      0.00000e+00     fixed    
  17  LM           1.43880e-04   constant   
  18  zeta_y       0.00000e+00   constant   
  19  zeta_vw      0.00000e+00   constant   
  20  T_CBO        4.12618e+01   2.34187e+01  -4.99573e-03  -2.75696e+00
  21  alpha_A0     1.95359e+01   8.53707e+01   3.65158e+00  -2.27453e-03
  22  beta_A0      2.75978e+01   1.19060e+02   5.09296e+00  -8.90102e-04
  23  alpha_phi    6.74061e+00   2.74553e+01   1.17266e+00  -7.37168e-04
  24  beta_phi    -6.20543e-02   3.15536e+00  -8.59500e-02   3.20350e-03
 EXTERNAL ERROR MATRIX.    NDIM=  25    NPAR=  7    ERR DEF=1
  9.720e-07  2.327e-08 -4.284e-05  2.599e-04  1.691e-04 -4.059e-05 -1.285e-04 
  2.327e-08  1.017e-06 -9.275e-05 -8.201e-04 -7.250e-04  2.873e-05  3.971e-04 
 -4.284e-05 -9.275e-05  5.510e+02 -1.944e+03 -2.722e+03 -6.315e+02  3.692e+01 
  2.599e-04 -8.201e-04 -1.944e+03  7.288e+03  1.016e+04  2.338e+03 -1.748e+02 
  1.691e-04 -7.250e-04 -2.722e+03  1.016e+04  1.418e+04  3.265e+03 -2.366e+02 
 -4.059e-05  2.873e-05 -6.315e+02  2.338e+03  3.265e+03  7.538e+02 -5.130e+01 
 -1.285e-04  3.971e-04  3.692e+01 -1.748e+02 -2.366e+02 -5.130e+01  9.956e+00 
ERR MATRIX APPROXIMATE
 PARAMETER  CORRELATION COEFFICIENTS  
       NO.  GLOBAL      8      9     20     21     22     23     24
        8  0.18276   1.000  0.023 -0.002  0.003  0.001 -0.001 -0.041
        9  0.23570   0.023  1.000 -0.004 -0.010 -0.006  0.001  0.125
       20  0.98550  -0.002 -0.004  1.000 -0.970 -0.974 -0.980  0.499
       21  1.00000   0.003 -0.010 -0.970  1.000  1.000  0.997 -0.649
       22  1.00000   0.001 -0.006 -0.974  1.000  1.000  0.999 -0.630
       23  0.99998  -0.001  0.001 -0.980  0.997  0.999  1.000 -0.592
       24  0.99816  -0.041  0.125  0.499 -0.649 -0.630 -0.592  1.000
 ERR MATRIX APPROXIMATE
MINUIT - FIT wiggle + 1-CBO + 2-CBO
 **********
 **   42 **RES 
 **********
                   PARAMETER   16  beta_vw RESTORED TO VARIABLE.
                   PARAMETER   14  alpha_vw RESTORED TO VARIABLE.
                   PARAMETER   13  beta_y RESTORED TO VARIABLE.
                   PARAMETER   11  alpha_y RESTORED TO VARIABLE.
                   PARAMETER   10  beta_2CBO RESTORED TO VARIABLE.
                   PARAMETER    6  alpha_CBO RESTORED TO VARIABLE.
                   PARAMETER    4  phi RESTORED TO VARIABLE.
                   PARAMETER    3  A0 RESTORED TO VARIABLE.
                   PARAMETER    1  N0 RESTORED TO VARIABLE.
 **********
 **   43 **FIX           10
 **********
 **********
 **   44 **FIX           11
 **********
 **********
 **   45 **FIX           12
 **********
 PARAMETER   12  IS CONSTANT.   IGNORED.
 **********
 **   46 **FIX           13
 **********
 **********
 **   47 **FIX           14
 **********
 **********
 **   48 **FIX           15
 **********
 PARAMETER   15  IS CONSTANT.   IGNORED.
 **********
 **   49 **FIX           16
 **********
 **********
 **   50 **MIGRAD
 **********
 START MIGRAD MINIMIZATION.  STRATEGY  1.  CONVERGENCE WHEN EDM .LT. 1.00e-04
 FCN=55.7446 FROM MIGRAD    STATUS=INITIATE       22 CALLS        2208 TOTAL
                     EDM= unknown      STRATEGY= 1      NO ERROR MATRIX       
  EXT PARAMETER               CURRENT GUESS       STEP         FIRST   
  NO.   NAME      VALUE            ERROR          SIZE      DERIVATIVE 
   1  N0           2.88200e+06   2.18316e+03   2.18316e+03  -1.15707e-04
   2  tau          6.44101e+01   constant   
   3  A0           3.50668e-01   9.60683e-04   9.60683e-04  -9.56352e+02
   4  phi          4.11505e+00   2.82722e-03   2.82722e-03  -1.20261e+02
   5  R           -5.98037e+01   constant   
   6  alpha_CBO    1.16105e-03   1.06293e-03   1.06293e-03  -8.57542e+01
   7  w_CBO        2.32500e+00   constant   
   8  beta_CBO    -1.99539e-03   9.85896e-04   5.75458e-06  -9.82010e+00
   9  alpha_2CBO   6.97021e-04   1.00867e-03  -6.39772e-06   8.18297e-01
  10  beta_2CBO    1.27780e-03     fixed    
  11  alpha_y      0.00000e+00     fixed    
  12  w_y          1.44500e+01   constant   
  13  beta_y      -6.85270e-04     fixed    
  14  alpha_vw     0.00000e+00     fixed    
  15  w_vw         1.29000e+01   constant   
  16  beta_vw      0.00000e+00     fixed    
  17  LM           1.43880e-04   constant   
  18  zeta_y       0.00000e+00   constant   
  19  zeta_vw      0.00000e+00   constant   
  20  T_CBO        4.12618e+01   2.34187e+01  -4.99573e-03  -2.75699e+00
  21  alpha_A0     1.95359e+01   8.53707e+01   3.65158e+00  -2.27453e-03
  22  beta_A0      2.75978e+01   1.19060e+02   5.09296e+00  -8.90102e-04
  23  alpha_phi    6.74061e+00   2.74553e+01   1.17266e+00  -7.37168e-04
  24  beta_phi    -6.20543e-02   3.15536e+00  -8.59500e-02   3.20350e-03
 MIGRAD MINIMIZATION HAS CONVERGED.
 MIGRAD WILL VERIFY CONVERGENCE AND ERROR MATRIX.
 FCN=55.4441 FROM HESSE     STATUS=NOT POSDEF    100 CALLS        2428 TOTAL
                     EDM=0.00128845    STRATEGY= 1      ERR MATRIX NOT POS-DEF
  EXT PARAMETER                APPROXIMATE        STEP         FIRST   
  NO.   NAME      VALUE            ERROR          SIZE      DERIVATIVE 
   1  N0           2.88236e+06   2.19447e+03   7.13237e+00   3.91462e-07
   2  tau          6.44101e+01   constant   
   3  A0           3.51171e-01   9.93156e-04   3.41789e-06  -1.04540e-01
   4  phi          4.11559e+00   2.84287e-03   1.00338e-05  -9.88490e-03
   5  R           -5.98037e+01   constant   
   6  alpha_CBO    1.23677e-03   1.06657e-03   3.79056e-06  -4.18787e-01
   7  w_CBO        2.32500e+00   constant   
   8  beta_CBO    -2.14707e-03   1.05177e-03   3.64263e-06   1.99978e-01
   9  alpha_2CBO   7.11698e-04   1.04670e-03   3.73575e-06   4.34488e-01
  10  beta_2CBO    1.27780e-03     fixed    
  11  alpha_y      0.00000e+00     fixed    
  12  w_y          1.44500e+01   constant   
  13  beta_y      -6.85270e-04     fixed    
  14  alpha_vw     0.00000e+00     fixed    
  15  w_vw         1.29000e+01   constant   
  16  beta_vw      0.00000e+00     fixed    
  17  LM           1.43880e-04   constant   
  18  zeta_y       0.00000e+00   constant   
  19  zeta_vw      0.00000e+00   constant   
  20  T_CBO        4.14359e+01   4.89706e+01   5.94238e-05   1.52949e-01
  21  alpha_A0     2.02162e+01   2.09804e+02   8.61993e-02  -1.14222e-04
  22  beta_A0      2.83651e+01   2.97936e+02   8.87900e-02  -2.19494e-05
  23  alpha_phi    9.73918e+00   1.04445e+02   9.08723e-02  -3.52804e-05
  24  beta_phi    -3.89764e-01   2.35796e+01   8.06802e-02  -3.28745e-05
 CALL LIMIT EXCEEDED IN MIGRAD.
 MIGRAD TERMINATED WITHOUT CONVERGENCE.
 FCN=55.4085 FROM MIGRAD    STATUS=CALL LIMIT   1924 CALLS        4110 TOTAL
                     EDM=0.000873463    STRATEGY= 1      ERR MATRIX NOT POS-DEF
  EXT PARAMETER                APPROXIMATE        STEP         FIRST   
  NO.   NAME      VALUE            ERROR          SIZE      DERIVATIVE 
   1  N0           2.88236e+06   2.14407e+03   2.75028e+00  -1.59037e-06
   2  tau          6.44101e+01   constant   
   3  A0           3.51168e-01   9.82500e-04   1.46004e-06  -2.67025e+00
   4  phi          4.11548e+00   2.82683e-03  -1.29400e-06  -7.43205e-01
   5  R           -5.98037e+01   constant   
   6  alpha_CBO    1.23923e-03   1.06081e-03  -1.03017e-07   6.36085e-01
   7  w_CBO        2.32500e+00   constant   
   8  beta_CBO    -2.15787e-03   1.05039e-03  -4.87428e-07  -8.82292e+00
   9  alpha_2CBO   7.06588e-04   1.02196e-03   1.66438e-06  -3.17029e+00
  10  beta_2CBO    1.27780e-03     fixed    
  11  alpha_y      0.00000e+00     fixed    
  12  w_y          1.44500e+01   constant   
  13  beta_y      -6.85270e-04     fixed    
  14  alpha_vw     0.00000e+00     fixed    
  15  w_vw         1.29000e+01   constant   
  16  beta_vw      0.00000e+00     fixed    
  17  LM           1.43880e-04   constant   
  18  zeta_y       0.00000e+00   constant   
  19  zeta_vw      0.00000e+00   constant   
  20  T_CBO        2.60611e+01   1.11516e+01  -1.16084e-03  -4.50348e+00
  21  alpha_A0     3.26074e+03   1.75382e+04   2.86396e+02  -8.82083e-06
  22  beta_A0      5.00608e+03   2.72575e+04   4.41640e+02  -5.34981e-06
  23  alpha_phi    1.61462e+03   8.71048e+03   1.42204e+02  -3.31728e-06
  24  beta_phi    -2.04678e+02   1.38620e+03  -1.87999e+01  -2.11489e-06
 EXTERNAL ERROR MATRIX.    NDIM=  25    NPAR= 11    ERR DEF=1
  4.597e+06 
  2.398e-01  9.653e-07 
 -8.673e-01  1.716e-07  7.991e-06 
  4.676e-02 -2.154e-08  5.391e-07  1.125e-06 
 -1.444e-01 -2.680e-07 -2.511e-07  2.697e-09  1.103e-06 
  8.473e-02 -2.308e-08  1.443e-07  7.935e-08  1.642e-08  1.044e-06 
  5.933e+02  4.941e-04  1.496e-03 -1.025e-04  3.468e-06  5.774e-04  1.246e+02 
 -8.535e+05 -5.986e-01 -2.417e+00  1.146e-01 -3.857e-01 -7.871e-01 -1.950e+05  3.076e+08 
 -1.557e+06 -9.585e-01 -3.735e+00  2.439e-01 -8.883e-01 -1.423e+00 -3.032e+05  4.762e+08  7.430e+08 
 -4.341e+05 -2.930e-01 -1.195e+00  6.286e-02 -1.988e-01 -3.970e-01 -9.687e+04  1.528e+08  2.366e+08  7.587e+07 
  1.132e+05  5.186e-02  1.694e-01 -2.683e-02  1.140e-01  1.169e-01  1.354e+04 -2.074e+07 -3.386e+07 -1.033e+07  1.922e+06 
ERR MATRIX NOT POS-DEF
 PARAMETER  CORRELATION COEFFICIENTS  
       NO.  GLOBAL      1      3      4      6      8      9     20     21     22     23     24
        1  0.34720   1.000  0.114 -0.143  0.021 -0.064  0.039  0.025 -0.023 -0.027 -0.023  0.038
        3  0.35367   0.114  1.000  0.062 -0.021 -0.260 -0.023  0.045 -0.035 -0.036 -0.034  0.038
        4  0.28070  -0.143  0.062  1.000  0.180 -0.085  0.050  0.047 -0.049 -0.048 -0.049  0.043
        6  0.26747   0.021 -0.021  0.180  1.000  0.002  0.073 -0.009  0.006  0.008  0.007 -0.018
        8  0.45370  -0.064 -0.260 -0.085  0.002  1.000  0.015  0.000 -0.021 -0.031 -0.022  0.078
        9  0.21314   0.039 -0.023  0.050  0.073  0.015  1.000  0.051 -0.044 -0.051 -0.045  0.082
       20  0.99778   0.025  0.045  0.047 -0.009  0.000  0.051  1.000 -0.996 -0.997 -0.996  0.875
       21  1.00000  -0.023 -0.035 -0.049  0.006 -0.021 -0.044 -0.996  1.000  0.996  1.000 -0.853
       22  1.00000  -0.027 -0.036 -0.048  0.008 -0.031 -0.051 -0.997  0.996  1.000  0.996 -0.896
       23  1.00000  -0.023 -0.034 -0.049  0.007 -0.022 -0.045 -0.996  1.000  0.996  1.000 -0.856
       24  0.99985   0.038  0.038  0.043 -0.018  0.078  0.082  0.875 -0.853 -0.896 -0.856  1.000
 ERR MATRIX NOT POS-DEF
MINUIT - FIT ONLY 1-y
 **********
 **   51 **RES 
 **********
                   PARAMETER   16  beta_vw RESTORED TO VARIABLE.
                   PARAMETER   14  alpha_vw RESTORED TO VARIABLE.
                   PARAMETER   13  beta_y RESTORED TO VARIABLE.
                   PARAMETER   11  alpha_y RESTORED TO VARIABLE.
                   PARAMETER   10  beta_2CBO RESTORED TO VARIABLE.
 **********
 **   52 **FIX            0
 **********
 PARAMETER    0  IS UNDEFINED. IGNORED.
 **********
 **   53 **FIX            1
 **********
 **********
 **   54 **FIX            2
 **********
 PARAMETER    2  IS CONSTANT.   IGNORED.
 **********
 **   55 **FIX            3
 **********
 **********
 **   56 **FIX            4
 **********
 **********
 **   57 **FIX            5
 **********
 PARAMETER    5  IS CONSTANT.   IGNORED.
 **********
 **   58 **FIX            6
 **********
 **********
 **   59 **FIX            7
 **********
 PARAMETER    7  IS CONSTANT.   IGNORED.
 **********
 **   60 **FIX            8
 **********
 **********
 **   61 **FIX            9
 **********
 **********
 **   62 **FIX           13
 **********
 **********
 **   63 **FIX           14
 **********
 **********
 **   64 **FIX           15
 **********
 PARAMETER   15  IS CONSTANT.   IGNORED.
 **********
 **   65 **FIX           16
 **********
 **********
 **   66 **MIGRAD
 **********
 START MIGRAD MINIMIZATION.  STRATEGY  1.  CONVERGENCE WHEN EDM .LT. 1.00e-04
 FCN=55.4085 FROM MIGRAD    STATUS=INITIATE       16 CALLS        4126 TOTAL
                     EDM= unknown      STRATEGY= 1      NO ERROR MATRIX       
  EXT PARAMETER               CURRENT GUESS       STEP         FIRST   
  NO.   NAME      VALUE            ERROR          SIZE      DERIVATIVE 
   1  N0           2.88236e+06     fixed    
   2  tau          6.44101e+01   constant   
   3  A0           3.51168e-01     fixed    
   4  phi          4.11548e+00     fixed    
   5  R           -5.98037e+01   constant   
   6  alpha_CBO    1.23923e-03     fixed    
   7  w_CBO        2.32500e+00   constant   
   8  beta_CBO    -2.15787e-03     fixed    
   9  alpha_2CBO   7.06588e-04     fixed    
  10  beta_2CBO    1.27780e-03   1.02469e-03   1.02469e-03   2.75704e+01
  11  alpha_y      0.00000e+00   1.00000e-03   1.00000e-03  -3.96577e+03
  12  w_y          1.44500e+01   constant   
  13  beta_y      -6.85270e-04     fixed    
  14  alpha_vw     0.00000e+00     fixed    
  15  w_vw         1.29000e+01   constant   
  16  beta_vw      0.00000e+00     fixed    
  17  LM           1.43880e-04   constant   
  18  zeta_y       0.00000e+00   constant   
  19  zeta_vw      0.00000e+00   constant   
  20  T_CBO        2.60611e+01   1.11516e+01  -1.16084e-03  -4.50348e+00
  21  alpha_A0     3.26074e+03   1.75382e+04   2.86396e+02  -8.82082e-06
  22  beta_A0      5.00608e+03   2.72575e+04   4.41640e+02  -5.34981e-06
  23  alpha_phi    1.61462e+03   8.71048e+03   1.42204e+02  -3.31728e-06
  24  beta_phi    -2.04678e+02   1.38620e+03  -1.87999e+01  -2.11489e-06
 CALL LIMIT EXCEEDED IN MIGRAD.
 MIGRAD TERMINATED WITHOUT CONVERGENCE.
 FCN=51.2822 FROM MIGRAD    STATUS=CALL LIMIT   1153 CALLS        5263 TOTAL
                     EDM=0.00297196    STRATEGY= 1  ERROR MATRIX UNCERTAINTY  35.4 per cent
  EXT PARAMETER                APPROXIMATE        STEP         FIRST   
  NO.   NAME      VALUE            ERROR          SIZE      DERIVATIVE 
   1  N0           2.88236e+06     fixed    
   2  tau          6.44101e+01   constant   
   3  A0           3.51168e-01     fixed    
   4  phi          4.11548e+00     fixed    
   5  R           -5.98037e+01   constant   
   6  alpha_CBO    1.23923e-03     fixed    
   7  w_CBO        2.32500e+00   constant   
   8  beta_CBO    -2.15787e-03     fixed    
   9  alpha_2CBO   7.06588e-04     fixed    
  10  beta_2CBO    1.26681e-03   9.70377e-04   8.07481e-06  -1.92350e+01
  11  alpha_y      2.06485e-03   1.01994e-03   7.93135e-08  -5.47410e-01
  12  w_y          1.44500e+01   constant   
  13  beta_y      -6.85270e-04     fixed    
  14  alpha_vw     0.00000e+00     fixed    
  15  w_vw         1.29000e+01   constant   
  16  beta_vw      0.00000e+00     fixed    
  17  LM           1.43880e-04   constant   
  18  zeta_y       0.00000e+00   constant   
  19  zeta_vw      0.00000e+00   constant   
  20  T_CBO        1.93127e+01   3.98374e+00  -9.35474e-05   3.88127e+00
  21  alpha_A0     4.32849e+05   1.69675e+06   1.15169e+04   9.53766e-08
  22  beta_A0      6.68812e+05   2.65118e+06   1.81479e+04  -3.68329e-08
  23  alpha_phi    2.03712e+05   7.99563e+05   5.41105e+03   1.44631e-08
  24  beta_phi     1.05000e+04   1.57280e+04  -6.53849e+01   2.50681e-07
 EXTERNAL ERROR MATRIX.    NDIM=  25    NPAR=  7    ERR DEF=1
  9.416e-07  2.547e-09  3.829e-04 -1.413e+02 -2.193e+02 -6.714e+01 -1.869e+00 
  2.547e-09  1.040e-06  2.255e-05 -4.978e+00 -7.782e+00 -2.408e+00  2.624e-02 
  3.829e-04  2.255e-05  1.587e+01 -6.673e+06 -1.042e+07 -3.145e+06 -5.403e+04 
 -1.413e+02 -4.978e+00 -6.673e+06  2.879e+12  4.498e+12  1.357e+12  2.143e+10 
 -2.193e+02 -7.782e+00 -1.042e+07  4.498e+12  7.029e+12  2.120e+12  3.341e+10 
 -6.714e+01 -2.408e+00 -3.145e+06  1.357e+12  2.120e+12  6.393e+11  1.011e+10 
 -1.869e+00  2.624e-02 -5.403e+04  2.143e+10  3.341e+10  1.011e+10  2.474e+08 
ERR MATRIX APPROXIMATE
 PARAMETER  CORRELATION COEFFICIENTS  
       NO.  GLOBAL     10     11     20     21     22     23     24
       10  0.19021   1.000  0.003  0.099 -0.086 -0.085 -0.087 -0.122
       11  0.03669   0.003  1.000  0.006 -0.003 -0.003 -0.003  0.002
       20  0.99408   0.099  0.006  1.000 -0.987 -0.987 -0.987 -0.862
       21  1.00000  -0.086 -0.003 -0.987  1.000  1.000  1.000  0.803
       22  0.99999  -0.085 -0.003 -0.987  1.000  1.000  1.000  0.801
       23  0.99998  -0.087 -0.003 -0.987  1.000  1.000  1.000  0.804
       24  0.93942  -0.122  0.002 -0.862  0.803  0.801  0.804  1.000
 ERR MATRIX APPROXIMATE
MINUIT - FIT ONLY 2-y
 **********
 **   67 **RES 
 **********
                   PARAMETER   16  beta_vw RESTORED TO VARIABLE.
                   PARAMETER   14  alpha_vw RESTORED TO VARIABLE.
                   PARAMETER   13  beta_y RESTORED TO VARIABLE.
                   PARAMETER    9  alpha_2CBO RESTORED TO VARIABLE.
                   PARAMETER    8  beta_CBO RESTORED TO VARIABLE.
                   PARAMETER    6  alpha_CBO RESTORED TO VARIABLE.
                   PARAMETER    4  phi RESTORED TO VARIABLE.
                   PARAMETER    3  A0 RESTORED TO VARIABLE.
                   PARAMETER    1  N0 RESTORED TO VARIABLE.
 **********
 **   68 **FIX            0
 **********
 PARAMETER    0  IS UNDEFINED. IGNORED.
 **********
 **   69 **FIX            1
 **********
 **********
 **   70 **FIX            2
 **********
 PARAMETER    2  IS CONSTANT.   IGNORED.
 **********
 **   71 **FIX            3
 **********
 **********
 **   72 **FIX            4
 **********
 **********
 **   73 **FIX            5
 **********
 PARAMETER    5  IS CONSTANT.   IGNORED.
 **********
 **   74 **FIX            6
 **********
 **********
 **   75 **FIX            7
 **********
 PARAMETER    7  IS CONSTANT.   IGNORED.
 **********
 **   76 **FIX            8
 **********
 **********
 **   77 **FIX            9
 **********
 **********
 **   78 **FIX           10
 **********
 **********
 **   79 **FIX           11
 **********
 **********
 **   80 **FIX           12
 **********
 PARAMETER   12  IS CONSTANT.   IGNORED.
 **********
 **   81 **FIX           16
 **********
 **********
 **   82 **MIGRAD
 **********
 START MIGRAD MINIMIZATION.  STRATEGY  1.  CONVERGENCE WHEN EDM .LT. 1.00e-04
 FCN=51.2822 FROM MIGRAD    STATUS=INITIATE       16 CALLS        5279 TOTAL
                     EDM= unknown      STRATEGY= 1      NO ERROR MATRIX       
  EXT PARAMETER               CURRENT GUESS       STEP         FIRST   
  NO.   NAME      VALUE            ERROR          SIZE      DERIVATIVE 
   1  N0           2.88236e+06     fixed    
   2  tau          6.44101e+01   constant   
   3  A0           3.51168e-01     fixed    
   4  phi          4.11548e+00     fixed    
   5  R           -5.98037e+01   constant   
   6  alpha_CBO    1.23923e-03     fixed    
   7  w_CBO        2.32500e+00   constant   
   8  beta_CBO    -2.15787e-03     fixed    
   9  alpha_2CBO   7.06588e-04     fixed    
  10  beta_2CBO    1.26681e-03     fixed    
  11  alpha_y      2.06485e-03     fixed    
  12  w_y          1.44500e+01   constant   
  13  beta_y      -6.85270e-04   1.00033e-03   1.00033e-03   2.78097e+01
