 + ++++++++++++++++++++++++++++++++++++++++++++++++++++++++++++++++++++ +
 +                                                                      +
 +           You have chose to blind your fitting according to          +
 +                omega_ref * (1 + (R +/- deltaR) *10^{-6})             +
 +                                                                      +
 + ++++++++++++++++++++++++++++++++++++++++++++++++++++++++++++++++++++ +
In main()...
reading format from /gm2data/zkhechad/run45/envelope/formats/formatB_sBin_constraintOn.txt
pBinTau 	= 0  
pBinPhi 	= 0  
constraintau 	= 1 
includeMopTerm 	= 0    
constrainMop    = 0   
Parameters after format file: pBinTau 0 pBinPhi 0 constraintau 1 includeMopTerm 0 constrainMop 0 c_e_scale 0.000000 
Opening file /gm2data/tbarrett/gm2fr/studies/run23_bunch_corrections/CorrectedFourier_Run3b.root.
reading full fit data from /gm2data/zkhechad/cboTemplates/Run4CBOTemplates/fullFits/noRF/sBin_constraintOn_cE0.0_seed0_noRF_calo1.root
windowBins = 69
fitting sliding window 1890 from bin 2026 at 302.130000 to bin 2095 at 312.574000 (69 bins)

Reading data from /gm2data/cornell/histograms/aMethod/histogram_a_noRF.root
 **********
 **    1 **SET PRINTOUT            1
 **********
 **********
 **    2 **SET NOWARNINGS 
 **********
 PARAMETER DEFINITIONS:
    NO.   NAME         VALUE      STEP SIZE      LIMITS
     1 N0           3.52378e+06  1.00000e+02     no limits
     2 tau          6.43930e+01  constant
     3 A0           3.54691e-01  1.00000e-04     no limits
     4 phi          4.12302e+00  1.00000e-02     no limits
     5 R           -6.08522e+01  constant
     6 alpha_CBO    0.00000e+00  1.00000e-03     no limits
     7 w_CBO        2.32500e+00  constant
     8 beta_CBO     0.00000e+00  1.00000e-03     no limits
     9 alpha_2CBO   0.00000e+00  1.00000e-03     no limits
    10 beta_2CBO    0.00000e+00  1.00000e-03     no limits
    11 alpha_y      0.00000e+00  1.00000e-03     no limits
    12 w_y          1.38860e+01  constant
    13 beta_y       0.00000e+00  1.00000e-03     no limits
    14 alpha_vw     0.00000e+00  1.00000e-03     no limits
    15 w_vw         1.43404e+01  constant
    16 beta_vw      0.00000e+00  1.00000e-03     no limits
    17 LM          -3.26196e-04  constant
    18 zeta_y       0.00000e+00  constant
    19 zeta_vw      0.00000e+00  constant
    20 T_CBO        1.00000e+02  1.00000e+00    0.00000e+00  1.00000e+03
    21 alpha_A0     0.00000e+00  1.00000e-04   -1.00000e-02  1.00000e-02
    22 beta_A0      0.00000e+00  1.00000e-04   -1.00000e-02  1.00000e-02
    23 alpha_phi    0.00000e+00  1.00000e-04   -1.00000e-02  1.00000e-02
    24 beta_phi     0.00000e+00  1.00000e-04   -1.00000e-02  1.00000e-02
MINUIT - FIT ONLY WIGGLE
 **********
 **    3 **FIX            5
 **********
 PARAMETER    5  IS CONSTANT.   IGNORED.
 **********
 **    4 **FIX            6
 **********
 **********
 **    5 **FIX            7
 **********
 PARAMETER    7  IS CONSTANT.   IGNORED.
 **********
 **    6 **FIX            8
 **********
 **********
 **    7 **FIX            9
 **********
 **********
 **    8 **FIX           10
 **********
 **********
 **    9 **FIX           11
 **********
 **********
 **   10 **FIX           12
 **********
 PARAMETER   12  IS CONSTANT.   IGNORED.
 **********
 **   11 **FIX           13
 **********
 **********
 **   12 **FIX           14
 **********
 **********
 **   13 **FIX           15
 **********
 PARAMETER   15  IS CONSTANT.   IGNORED.
 **********
 **   14 **FIX           16
 **********
 **********
 **   15 **MIGRAD
 **********
 FIRST CALL TO USER FUNCTION AT NEW START POINT, WITH IFLAG=4.
 START MIGRAD MINIMIZATION.  STRATEGY  1.  CONVERGENCE WHEN EDM .LT. 1.00e-04
 FCN=98.2698 FROM MIGRAD    STATUS=INITIATE      437 CALLS         438 TOTAL
                     EDM= unknown      STRATEGY= 1      NO ERROR MATRIX       
  EXT PARAMETER               CURRENT GUESS       STEP         FIRST   
  NO.   NAME      VALUE            ERROR          SIZE      DERIVATIVE 
   1  N0           3.52378e+06   1.00000e+02   0.00000e+00  -7.84945e-04
   2  tau          6.43930e+01   constant   
   3  A0           3.54691e-01   1.00000e-04   0.00000e+00   4.01941e+03
   4  phi          4.12302e+00   1.00000e-02   0.00000e+00   1.70538e+03
   5  R           -6.08522e+01   constant   
   6  alpha_CBO    0.00000e+00     fixed    
   7  w_CBO        2.32500e+00   constant   
   8  beta_CBO     0.00000e+00     fixed    
   9  alpha_2CBO   0.00000e+00     fixed    
  10  beta_2CBO    0.00000e+00     fixed    
  11  alpha_y      0.00000e+00     fixed    
  12  w_y          1.38860e+01   constant   
  13  beta_y       0.00000e+00     fixed    
  14  alpha_vw     0.00000e+00     fixed    
  15  w_vw         1.43404e+01   constant   
  16  beta_vw      0.00000e+00     fixed    
  17  LM          -3.26196e-04   constant   
  18  zeta_y       0.00000e+00   constant   
  19  zeta_vw      0.00000e+00   constant   
  20  T_CBO        1.00000e+02   1.00000e+00   0.00000e+00   0.00000e+00
  21  alpha_A0     0.00000e+00   1.00000e-04   0.00000e+00  -3.16907e-01
  22  beta_A0      0.00000e+00   1.00000e-04   0.00000e+00   1.86977e-01
  23  alpha_phi    0.00000e+00   1.00000e-04   0.00000e+00   6.72181e-01
  24  beta_phi     0.00000e+00   1.00000e-04   0.00000e+00   3.05492e-02
 MIGRAD MINIMIZATION HAS CONVERGED.
 FCN=90.7443 FROM MIGRAD    STATUS=CONVERGED     669 CALLS         670 TOTAL
                     EDM=5.55036e-06    STRATEGY= 1  ERROR MATRIX UNCERTAINTY   0.8 per cent
  EXT PARAMETER                                   STEP         FIRST   
  NO.   NAME      VALUE            ERROR          SIZE      DERIVATIVE 
   1  N0           3.52340e+06   1.62096e+03  -5.68043e-01  -7.40450e-07
   2  tau          6.43930e+01   constant   
   3  A0           3.54224e-01   5.86352e-04  -8.31818e-07   8.45891e-01
   4  phi          4.12035e+00   1.70881e-03   1.31537e-05  -1.95375e+00
   5  R           -6.08522e+01   constant   
   6  alpha_CBO    0.00000e+00     fixed    
   7  w_CBO        2.32500e+00   constant   
   8  beta_CBO     0.00000e+00     fixed    
   9  alpha_2CBO   0.00000e+00     fixed    
  10  beta_2CBO    0.00000e+00     fixed    
  11  alpha_y      0.00000e+00     fixed    
  12  w_y          1.38860e+01   constant   
  13  beta_y       0.00000e+00     fixed    
  14  alpha_vw     0.00000e+00     fixed    
  15  w_vw         1.43404e+01   constant   
  16  beta_vw      0.00000e+00     fixed    
  17  LM          -3.26196e-04   constant   
  18  zeta_y       0.00000e+00   constant   
  19  zeta_vw      0.00000e+00   constant   
  20  T_CBO        4.00702e+02   2.15974e+02   2.97799e-03  -4.57807e-03
  21  alpha_A0     5.40981e-03   4.84615e-03   2.09515e-03   2.43297e-03
  22  beta_A0     -3.75510e-03   5.23695e-03  -5.40869e-03  -3.48020e-03
  23  alpha_phi   -9.37439e-03   3.46788e-03   4.19914e-03  -4.60084e-04
  24  beta_phi    -1.01348e-03   5.36707e-03   1.61969e-03   2.99398e-03
 EXTERNAL ERROR MATRIX.    NDIM=  25    NPAR=  8    ERR DEF=1
  2.628e+06 -3.181e-02  4.819e-01 -8.526e+04 -1.032e+00 -1.082e+00 -4.520e-01 -4.120e-01 
 -3.181e-02  3.438e-07 -1.010e-07  2.048e-02  9.287e-08 -1.867e-07  1.252e-07 -4.205e-07 
  4.819e-01 -1.010e-07  2.920e-06 -3.042e-02 -3.464e-08 -1.134e-07 -1.976e-07  2.294e-08 
 -8.526e+04  2.048e-02 -3.042e-02  5.002e+04  2.741e-01 -3.010e-01  3.268e-02  8.494e-02 
 -1.032e+00  9.287e-08 -3.464e-08  2.741e-01  2.667e-05 -3.621e-06  2.176e-06 -2.708e-07 
 -1.082e+00 -1.867e-07 -1.134e-07 -3.010e-01 -3.621e-06  3.097e-05  7.636e-07  1.395e-07 
 -4.520e-01  1.252e-07 -1.976e-07  3.268e-02  2.176e-06  7.636e-07  9.583e-06 -3.573e-06 
 -4.120e-01 -4.205e-07  2.294e-08  8.494e-02 -2.708e-07  1.395e-07 -3.573e-06  3.214e-05 
 PARAMETER  CORRELATION COEFFICIENTS  
       NO.  GLOBAL      1      3      4     20     21     22     23     24
        1  0.35038   1.000 -0.033  0.174 -0.235 -0.123 -0.120 -0.090 -0.045
        3  0.22954  -0.033  1.000 -0.101  0.156  0.031 -0.057  0.069 -0.127
        4  0.20245   0.174 -0.101  1.000 -0.080 -0.004 -0.012 -0.037  0.002
       20  0.42735  -0.235  0.156 -0.080  1.000  0.237 -0.242  0.047  0.067
       21  0.29097  -0.123  0.031 -0.004  0.237  1.000 -0.126  0.136 -0.009
       22  0.31980  -0.120 -0.057 -0.012 -0.242 -0.126  1.000  0.044  0.004
       23  0.26729  -0.090  0.069 -0.037  0.047  0.136  0.044  1.000 -0.204
       24  0.25657  -0.045 -0.127  0.002  0.067 -0.009  0.004 -0.204  1.000
MINUIT - FIT ONLY 1-CBO + wiggle
 **********
 **   16 **RES 
 **********
                   PARAMETER   16  beta_vw RESTORED TO VARIABLE.
                   PARAMETER   14  alpha_vw RESTORED TO VARIABLE.
                   PARAMETER   13  beta_y RESTORED TO VARIABLE.
                   PARAMETER   11  alpha_y RESTORED TO VARIABLE.
                   PARAMETER   10  beta_2CBO RESTORED TO VARIABLE.
                   PARAMETER    9  alpha_2CBO RESTORED TO VARIABLE.
                   PARAMETER    8  beta_CBO RESTORED TO VARIABLE.
                   PARAMETER    6  alpha_CBO RESTORED TO VARIABLE.
 **********
 **   17 **FIX            8
 **********
 **********
 **   18 **FIX            9
 **********
 **********
 **   19 **FIX           11
 **********
 **********
 **   20 **FIX           12
 **********
 PARAMETER   12  IS CONSTANT.   IGNORED.
 **********
 **   21 **FIX           14
 **********
 **********
 **   22 **FIX           15
 **********
 PARAMETER   15  IS CONSTANT.   IGNORED.
 **********
 **   23 **FIX           16
 **********
 **********
 **   24 **MIGRAD
 **********
 START MIGRAD MINIMIZATION.  STRATEGY  1.  CONVERGENCE WHEN EDM .LT. 1.00e-04
 FCN=90.7443 FROM MIGRAD    STATUS=INITIATE       28 CALLS         698 TOTAL
                     EDM= unknown      STRATEGY= 1      NO ERROR MATRIX       
  EXT PARAMETER               CURRENT GUESS       STEP         FIRST   
  NO.   NAME      VALUE            ERROR          SIZE      DERIVATIVE 
   1  N0           3.52340e+06   1.62096e+03  -5.68043e-01  -7.40451e-07
   2  tau          6.43930e+01   constant   
   3  A0           3.54224e-01   5.86352e-04  -8.31818e-07   8.45892e-01
   4  phi          4.12035e+00   1.70881e-03   1.31537e-05  -1.95375e+00
   5  R           -6.08522e+01   constant   
   6  alpha_CBO    0.00000e+00   1.00000e-03   1.00000e-03   1.12552e+04
   7  w_CBO        2.32500e+00   constant   
   8  beta_CBO     0.00000e+00     fixed    
   9  alpha_2CBO   0.00000e+00     fixed    
  10  beta_2CBO    0.00000e+00   1.00000e-03   1.00000e-03   6.90370e+03
  11  alpha_y      0.00000e+00     fixed    
  12  w_y          1.38860e+01   constant   
  13  beta_y       0.00000e+00   1.00000e-03   1.00000e-03   1.39215e+03
  14  alpha_vw     0.00000e+00     fixed    
  15  w_vw         1.43404e+01   constant   
  16  beta_vw      0.00000e+00     fixed    
  17  LM          -3.26196e-04   constant   
  18  zeta_y       0.00000e+00   constant   
  19  zeta_vw      0.00000e+00   constant   
  20  T_CBO        4.00702e+02   2.15974e+02   2.97799e-03  -4.57843e-03
  21  alpha_A0     5.40981e-03   4.84615e-03   2.09515e-03  -2.43285e-03
  22  beta_A0     -3.75510e-03   5.23695e-03  -5.40869e-03   3.48010e-03
  23  alpha_phi   -9.37439e-03   3.46788e-03   4.19914e-03   4.63013e-04
  24  beta_phi    -1.01348e-03   5.36707e-03   1.61969e-03   2.99396e-03
 MIGRAD MINIMIZATION HAS CONVERGED.
 FCN=73.5173 FROM MIGRAD    STATUS=CONVERGED     177 CALLS         847 TOTAL
                     EDM=1.81861e-06    STRATEGY= 1  ERROR MATRIX UNCERTAINTY   1.7 per cent
  EXT PARAMETER                                   STEP         FIRST   
  NO.   NAME      VALUE            ERROR          SIZE      DERIVATIVE 
   1  N0           3.52311e+06   1.54555e+03  -1.33426e+00  -1.85033e-07
   2  tau          6.43930e+01   constant   
   3  A0           3.53771e-01   5.94035e-04  -6.91054e-07  -1.76213e+00
   4  phi          4.12032e+00   1.62342e-03  -2.10749e-06  -4.30988e-01
   5  R           -6.08522e+01   constant   
   6  alpha_CBO   -2.24317e-03   6.38078e-04   2.01197e-07   9.15720e-01
   7  w_CBO        2.32500e+00   constant   
   8  beta_CBO     0.00000e+00     fixed    
   9  alpha_2CBO   0.00000e+00     fixed    
  10  beta_2CBO   -1.28094e-03   6.25084e-04   1.34086e-06   1.27320e+00
  11  alpha_y      0.00000e+00     fixed    
  12  w_y          1.38860e+01   constant   
  13  beta_y      -2.63289e-04   6.12560e-04  -1.23003e-06  -9.85241e-01
  14  alpha_vw     0.00000e+00     fixed    
  15  w_vw         1.43404e+01   constant   
  16  beta_vw      0.00000e+00     fixed    
  17  LM          -3.26196e-04   constant   
  18  zeta_y       0.00000e+00   constant   
  19  zeta_vw      0.00000e+00   constant   
  20  T_CBO        3.73658e+02   2.15483e+02   9.70512e-04  -3.25611e-03
  21  alpha_A0     5.57137e-04   5.45216e-03  -2.24314e-04  -3.49991e-04
  22  beta_A0     -4.07963e-03   5.07929e-03   1.75767e-03  -9.01078e-04
  23  alpha_phi   -9.97756e-03   1.40173e-02   6.88955e-04  -9.12564e-04
  24  beta_phi    -1.76681e-03   5.23097e-03  -8.27245e-04  -6.61188e-04
 EXTERNAL ERROR MATRIX.    NDIM=  25    NPAR= 11    ERR DEF=1
  2.389e+06 
  1.064e-01  3.529e-07 
  2.126e-01 -6.573e-09  2.635e-06 
  7.947e-02  8.068e-08  5.775e-08  4.071e-07 
 -3.874e-02  1.767e-08 -5.962e-08 -1.751e-08  3.907e-07 
 -6.612e-03 -1.137e-08 -1.412e-08  2.242e-09  2.892e-09  3.752e-07 
 -7.694e+04 -9.906e-04 -4.797e-02 -3.192e-03  2.142e-02 -1.080e-02  4.988e+04 
  5.948e-01 -3.827e-08 -7.022e-07  7.212e-07  3.133e-07 -4.186e-09  1.021e-02  3.327e-05 
  1.395e-01 -5.086e-08 -4.891e-07  2.892e-08  2.272e-07 -1.662e-07  3.485e-01 -5.515e-07  2.901e-05 
  6.721e-02 -3.478e-09 -3.882e-08  4.386e-08  3.172e-08 -3.438e-08  2.746e-02 -7.222e-08  3.735e-07  9.324e-07 
 -1.281e+00 -4.341e-07 -4.747e-07 -1.942e-07  5.251e-07  3.500e-08  1.130e-01  6.182e-07  3.036e-08 -4.746e-07  3.042e-05 
 PARAMETER  CORRELATION COEFFICIENTS  
       NO.  GLOBAL      1      3      4      6     10     13     20     21     22     23     24
        1  0.31093   1.000  0.116  0.085  0.081 -0.040 -0.007 -0.223  0.067  0.017  0.045 -0.150
        3  0.28637   0.116  1.000 -0.007  0.213  0.048 -0.031 -0.007 -0.011 -0.016 -0.006 -0.132
        4  0.18779   0.085 -0.007  1.000  0.056 -0.059 -0.014 -0.132 -0.075 -0.056 -0.025 -0.053
        6  0.32050   0.081  0.213  0.056  1.000 -0.044  0.006 -0.022  0.196  0.008  0.071 -0.055
       10  0.25256  -0.040  0.048 -0.059 -0.044  1.000  0.008  0.153  0.087  0.067  0.053  0.152
       13  0.11038  -0.007 -0.031 -0.014  0.006  0.008  1.000 -0.079 -0.001 -0.050 -0.058  0.010
       20  0.42230  -0.223 -0.007 -0.132 -0.022  0.153 -0.079  1.000  0.008  0.290  0.127  0.092
       21  0.25561   0.067 -0.011 -0.075  0.196  0.087 -0.001  0.008  1.000 -0.018 -0.013  0.019
       22  0.30934   0.017 -0.016 -0.056  0.008  0.067 -0.050  0.290 -0.018  1.000  0.072  0.001
       23  0.20856   0.045 -0.006 -0.025  0.071  0.053 -0.058  0.127 -0.013  0.072  1.000 -0.089
       24  0.26846  -0.150 -0.132 -0.053 -0.055  0.152  0.010  0.092  0.019  0.001 -0.089  1.000
MINUIT - FIT ONLY 2-CBO
 **********
 **   25 **RES 
 **********
                   PARAMETER   16  beta_vw RESTORED TO VARIABLE.
                   PARAMETER   14  alpha_vw RESTORED TO VARIABLE.
                   PARAMETER   11  alpha_y RESTORED TO VARIABLE.
                   PARAMETER    9  alpha_2CBO RESTORED TO VARIABLE.
                   PARAMETER    8  beta_CBO RESTORED TO VARIABLE.
 **********
 **   26 **FIX            0
 **********
 PARAMETER    0  IS UNDEFINED. IGNORED.
 **********
 **   27 **FIX            1
 **********
 **********
 **   28 **FIX            2
 **********
 PARAMETER    2  IS CONSTANT.   IGNORED.
 **********
 **   29 **FIX            3
 **********
 **********
 **   30 **FIX            4
 **********
 **********
 **   31 **FIX            5
 **********
 PARAMETER    5  IS CONSTANT.   IGNORED.
 **********
 **   32 **FIX            6
 **********
 **********
 **   33 **FIX            7
 **********
 PARAMETER    7  IS CONSTANT.   IGNORED.
 **********
 **   34 **FIX           10
 **********
 **********
 **   35 **FIX           11
 **********
 **********
 **   36 **FIX           12
 **********
 PARAMETER   12  IS CONSTANT.   IGNORED.
 **********
 **   37 **FIX           13
 **********
 **********
 **   38 **FIX           14
 **********
 **********
 **   39 **FIX           15
 **********
 PARAMETER   15  IS CONSTANT.   IGNORED.
 **********
 **   40 **FIX           16
 **********
 **********
 **   41 **MIGRAD
 **********
 START MIGRAD MINIMIZATION.  STRATEGY  1.  CONVERGENCE WHEN EDM .LT. 1.00e-04
 FCN=73.5173 FROM MIGRAD    STATUS=INITIATE       18 CALLS         865 TOTAL
                     EDM= unknown      STRATEGY= 1      NO ERROR MATRIX       
  EXT PARAMETER               CURRENT GUESS       STEP         FIRST   
  NO.   NAME      VALUE            ERROR          SIZE      DERIVATIVE 
   1  N0           3.52311e+06     fixed    
   2  tau          6.43930e+01   constant   
   3  A0           3.53771e-01     fixed    
   4  phi          4.12032e+00     fixed    
   5  R           -6.08522e+01   constant   
   6  alpha_CBO   -2.24317e-03     fixed    
   7  w_CBO        2.32500e+00   constant   
   8  beta_CBO     0.00000e+00   1.00000e-03   1.00000e-03  -1.25130e+04
   9  alpha_2CBO   0.00000e+00   1.00000e-03   1.00000e-03   3.05553e+03
  10  beta_2CBO   -1.28094e-03     fixed    
  11  alpha_y      0.00000e+00     fixed    
  12  w_y          1.38860e+01   constant   
  13  beta_y      -2.63289e-04     fixed    
  14  alpha_vw     0.00000e+00     fixed    
  15  w_vw         1.43404e+01   constant   
  16  beta_vw      0.00000e+00     fixed    
  17  LM          -3.26196e-04   constant   
  18  zeta_y       0.00000e+00   constant   
  19  zeta_vw      0.00000e+00   constant   
  20  T_CBO        3.73658e+02   2.15483e+02   9.70512e-04  -3.25619e-03
  21  alpha_A0     5.57137e-04   5.45216e-03  -2.24314e-04  -3.49990e-04
  22  beta_A0     -4.07963e-03   5.07929e-03   1.75767e-03  -9.01108e-04
  23  alpha_phi   -9.97756e-03   1.40173e-02   6.88955e-04  -7.74002e-04
  24  beta_phi    -1.76681e-03   5.23097e-03  -8.27245e-04  -6.61193e-04
 MIGRAD MINIMIZATION HAS CONVERGED.
 MIGRAD WILL VERIFY CONVERGENCE AND ERROR MATRIX.
 FCN=57.1143 FROM HESSE     STATUS=NOT POSDEF     54 CALLS        1050 TOTAL
                     EDM=0.0406552    STRATEGY= 1      ERR MATRIX NOT POS-DEF
  EXT PARAMETER                APPROXIMATE        STEP         FIRST   
  NO.   NAME      VALUE            ERROR          SIZE      DERIVATIVE 
   1  N0           3.52311e+06     fixed    
   2  tau          6.43930e+01   constant   
   3  A0           3.53771e-01     fixed    
   4  phi          4.12032e+00     fixed    
   5  R           -6.08522e+01   constant   
   6  alpha_CBO   -2.24317e-03     fixed    
   7  w_CBO        2.32500e+00   constant   
   8  beta_CBO     2.50329e-03   2.50335e-04   2.33195e-06   1.85622e-01
   9  alpha_2CBO  -4.86282e-04   6.48468e-04   2.29495e-06  -1.22915e-03
  10  beta_2CBO   -1.28094e-03     fixed    
  11  alpha_y      0.00000e+00     fixed    
  12  w_y          1.38860e+01   constant   
  13  beta_y      -2.63289e-04     fixed    
  14  alpha_vw     0.00000e+00     fixed    
  15  w_vw         1.43404e+01   constant   
  16  beta_vw      0.00000e+00     fixed    
  17  LM          -3.26196e-04   constant   
  18  zeta_y       0.00000e+00   constant   
  19  zeta_vw      0.00000e+00   constant   
  20  T_CBO        4.27624e+02   7.39782e+02   2.12423e-03   2.71746e-04
  21  alpha_A0     1.35777e-04   3.61251e-03   1.76301e-03  -1.25433e-04
  22  beta_A0     -3.71293e-04   1.85042e-03   1.81458e-03  -3.62546e-04
  23  alpha_phi   -9.99120e-03   1.31637e-02   6.58728e-02  -1.03580e-03
  24  beta_phi    -7.63356e-05   4.10894e-03   1.80820e-03   1.19348e-03
 MIGRAD MINIMIZATION HAS CONVERGED.
 MIGRAD WILL VERIFY CONVERGENCE AND ERROR MATRIX.
 COVARIANCE MATRIX CALCULATED SUCCESSFULLY
 FCN=57.1043 FROM MIGRAD    STATUS=CONVERGED     796 CALLS        1643 TOTAL
                     EDM=5.8175e-05    STRATEGY= 1      ERROR MATRIX ACCURATE 
  EXT PARAMETER                                   STEP         FIRST   
  NO.   NAME      VALUE            ERROR          SIZE      DERIVATIVE 
   1  N0           3.52311e+06     fixed    
   2  tau          6.43930e+01   constant   
   3  A0           3.53771e-01     fixed    
   4  phi          4.12032e+00     fixed    
   5  R           -6.08522e+01   constant   
   6  alpha_CBO   -2.24317e-03     fixed    
   7  w_CBO        2.32500e+00   constant   
   8  beta_CBO     2.50487e-03   6.36455e-04   2.33175e-06   7.25163e+00
   9  alpha_2CBO  -4.85282e-04   6.31745e-04   2.29475e-06   2.95825e+00
  10  beta_2CBO   -1.28094e-03     fixed    
  11  alpha_y      0.00000e+00     fixed    
  12  w_y          1.38860e+01   constant   
  13  beta_y      -2.63289e-04     fixed    
  14  alpha_vw     0.00000e+00     fixed    
  15  w_vw         1.43404e+01   constant   
  16  beta_vw      0.00000e+00     fixed    
  17  LM          -3.26196e-04   constant   
  18  zeta_y       0.00000e+00   constant   
  19  zeta_vw      0.00000e+00   constant   
  20  T_CBO        9.98423e+02   5.18286e+02   5.97459e-02  -3.51864e-04
  21  alpha_A0     7.49637e-05   3.11167e-03   1.17019e-03   1.85067e-02
  22  beta_A0     -2.37336e-04   3.23640e-03   1.20315e-03   1.24740e-02
  23  alpha_phi   -6.60401e-03   3.25373e-03   1.55758e-03   5.09943e-03
  24  beta_phi    -3.34512e-05   3.20737e-03   1.20000e-03  -2.85938e-03
 EXTERNAL ERROR MATRIX.    NDIM=  25    NPAR=  7    ERR DEF=1
  4.051e-07  1.975e-08 -5.086e-05 -3.727e-08  2.877e-07 -2.476e-08  1.834e-07 
  1.975e-08  3.991e-07 -3.276e-05  5.562e-09 -2.625e-07  3.269e-07  8.596e-08 
 -5.086e-05 -3.276e-05  5.780e+05 -1.632e-02  2.467e-02  7.324e-01  6.456e-03 
 -3.727e-08  5.562e-09 -1.632e-02  1.001e-05 -4.865e-07 -1.116e-06  9.369e-08 
  2.877e-07 -2.625e-07  2.467e-02 -4.865e-07  1.086e-05  1.509e-07  4.584e-07 
 -2.476e-08  3.269e-07  7.324e-01 -1.116e-06  1.509e-07  1.132e-05  1.376e-06 
  1.834e-07  8.596e-08  6.456e-03  9.369e-08  4.584e-07  1.376e-06  1.066e-05 
 PARAMETER  CORRELATION COEFFICIENTS  
       NO.  GLOBAL      8      9     20     21     22     23     24
        8  0.17635   1.000  0.049 -0.000 -0.019  0.137 -0.012  0.088
        9  0.21807   0.049  1.000 -0.000  0.003 -0.126  0.154  0.042
       20  0.29272  -0.000 -0.000  1.000 -0.007  0.010  0.286  0.003
       21  0.12141  -0.019  0.003 -0.007  1.000 -0.047 -0.105  0.009
       22  0.20114   0.137 -0.126  0.010 -0.047  1.000  0.014  0.043
       23  0.36336  -0.012  0.154  0.286 -0.105  0.014  1.000  0.125
       24  0.16402   0.088  0.042  0.003  0.009  0.043  0.125  1.000
MINUIT - FIT wiggle + 1-CBO + 2-CBO
 **********
 **   42 **RES 
 **********
                   PARAMETER   16  beta_vw RESTORED TO VARIABLE.
                   PARAMETER   14  alpha_vw RESTORED TO VARIABLE.
                   PARAMETER   13  beta_y RESTORED TO VARIABLE.
                   PARAMETER   11  alpha_y RESTORED TO VARIABLE.
                   PARAMETER   10  beta_2CBO RESTORED TO VARIABLE.
                   PARAMETER    6  alpha_CBO RESTORED TO VARIABLE.
                   PARAMETER    4  phi RESTORED TO VARIABLE.
                   PARAMETER    3  A0 RESTORED TO VARIABLE.
                   PARAMETER    1  N0 RESTORED TO VARIABLE.
 **********
 **   43 **FIX           10
 **********
 **********
 **   44 **FIX           11
 **********
 **********
 **   45 **FIX           12
 **********
 PARAMETER   12  IS CONSTANT.   IGNORED.
 **********
 **   46 **FIX           13
 **********
 **********
 **   47 **FIX           14
 **********
 **********
 **   48 **FIX           15
 **********
 PARAMETER   15  IS CONSTANT.   IGNORED.
 **********
 **   49 **FIX           16
 **********
 **********
 **   50 **MIGRAD
 **********
 START MIGRAD MINIMIZATION.  STRATEGY  1.  CONVERGENCE WHEN EDM .LT. 1.00e-04
 FCN=57.1043 FROM MIGRAD    STATUS=INITIATE       22 CALLS        1665 TOTAL
                     EDM= unknown      STRATEGY= 1      NO ERROR MATRIX       
  EXT PARAMETER               CURRENT GUESS       STEP         FIRST   
  NO.   NAME      VALUE            ERROR          SIZE      DERIVATIVE 
   1  N0           3.52311e+06   1.54555e+03   1.54555e+03   2.51641e-04
   2  tau          6.43930e+01   constant   
   3  A0           3.53771e-01   5.94035e-04   5.94035e-04   6.02711e+02
   4  phi          4.12032e+00   1.62342e-03   1.62342e-03  -8.62502e+02
   5  R           -6.08522e+01   constant   
   6  alpha_CBO   -2.24317e-03   6.38078e-04   6.38078e-04   2.36774e+01
   7  w_CBO        2.32500e+00   constant   
   8  beta_CBO     2.50487e-03   6.36455e-04   2.33175e-06   7.25163e+00
   9  alpha_2CBO  -4.85282e-04   6.31745e-04   2.29475e-06   2.95825e+00
  10  beta_2CBO   -1.28094e-03     fixed    
  11  alpha_y      0.00000e+00     fixed    
  12  w_y          1.38860e+01   constant   
  13  beta_y      -2.63289e-04     fixed    
  14  alpha_vw     0.00000e+00     fixed    
  15  w_vw         1.43404e+01   constant   
  16  beta_vw      0.00000e+00     fixed    
  17  LM          -3.26196e-04   constant   
  18  zeta_y       0.00000e+00   constant   
  19  zeta_vw      0.00000e+00   constant   
  20  T_CBO        9.98423e+02   5.18286e+02   5.97459e-02  -3.56638e-04
  21  alpha_A0     7.49637e-05   3.11167e-03   1.17019e-03   1.85066e-02
  22  beta_A0     -2.37336e-04   3.23640e-03   1.20315e-03   1.24744e-02
  23  alpha_phi   -6.60401e-03   3.25373e-03   1.55758e-03   5.11112e-03
  24  beta_phi    -3.34512e-05   3.20737e-03   1.20000e-03  -2.85934e-03
 MIGRAD MINIMIZATION HAS CONVERGED.
 MIGRAD WILL VERIFY CONVERGENCE AND ERROR MATRIX.
 COVARIANCE MATRIX CALCULATED SUCCESSFULLY
 FCN=56.5071 FROM MIGRAD    STATUS=CONVERGED     252 CALLS        1895 TOTAL
                     EDM=1.28975e-06    STRATEGY= 1      ERROR MATRIX ACCURATE 
  EXT PARAMETER                                   STEP         FIRST   
  NO.   NAME      VALUE            ERROR          SIZE      DERIVATIVE 
   1  N0           3.52297e+06   1.64060e+03   5.48703e+00   1.65533e-07
   2  tau          6.43930e+01   constant   
   3  A0           3.53622e-01   6.22733e-04   2.16430e-06  -1.23561e+00
   4  phi          4.12156e+00   1.73067e-03   6.13062e-06  -6.43160e-02
   5  R           -6.08522e+01   constant   
   6  alpha_CBO   -2.27450e-03   6.38567e-04   2.23985e-06   1.00216e+00
   7  w_CBO        2.32500e+00   constant   
   8  beta_CBO     2.60692e-03   6.50514e-04   2.31992e-06  -5.92263e-02
   9  alpha_2CBO  -4.51564e-04   6.34401e-04   2.28314e-06  -1.85846e+00
  10  beta_2CBO   -1.28094e-03     fixed    
  11  alpha_y      0.00000e+00     fixed    
  12  w_y          1.38860e+01   constant   
  13  beta_y      -2.63289e-04     fixed    
  14  alpha_vw     0.00000e+00     fixed    
  15  w_vw         1.43404e+01   constant   
  16  beta_vw      0.00000e+00     fixed    
  17  LM          -3.26196e-04   constant   
  18  zeta_y       0.00000e+00   constant   
  19  zeta_vw      0.00000e+00   constant   
  20  T_CBO        9.99999e+02   8.97248e+02   7.89143e-02   5.97507e-06
  21  alpha_A0    -1.96832e-04   3.19433e-03   1.16323e-03   2.34627e-04
  22  beta_A0     -1.21825e-04   3.30608e-03   1.19528e-03  -5.75445e-04
  23  alpha_phi   -6.40045e-03   3.37314e-03   1.51398e-03  -5.06656e-04
  24  beta_phi     2.01639e-04   3.27228e-03   1.19292e-03   1.84995e-03
 EXTERNAL ERROR MATRIX.    NDIM=  25    NPAR= 11    ERR DEF=1
  2.692e+06 
  5.185e-02  3.878e-07 
  5.186e-01 -5.867e-08  2.995e-06 
  4.661e-02  9.864e-08  2.141e-08  4.078e-07 
 -3.196e-02 -2.824e-08  2.115e-07 -1.603e-09  4.232e-07 
 -3.459e-02 -1.641e-08  5.943e-08  1.364e-08  2.612e-08  4.025e-07 
  4.894e+00 -6.422e-06 -1.465e-06  4.998e-06  1.345e-06  1.724e-06  3.210e+02 
 -2.233e-03  2.274e-07 -4.425e-07  4.276e-07 -7.942e-08  3.982e-09 -3.753e-04  1.057e-05 
  1.087e+00 -2.117e-08  5.835e-07 -4.784e-08  3.025e-07 -2.697e-07 -2.905e-04 -6.211e-07  1.135e-05 
  1.287e+00 -2.967e-07  6.433e-07  2.970e-08  8.633e-09  3.350e-07 -1.654e-02 -1.243e-06  7.154e-07  1.219e-05 
 -9.707e-02 -4.105e-07  2.256e-07 -1.552e-07  2.264e-07  1.052e-07  4.931e-04 -2.259e-07  4.796e-07  1.645e-06  1.111e-05 
 PARAMETER  CORRELATION COEFFICIENTS  
       NO.  GLOBAL      1      3      4      6      8      9     20     21     22     23     24
        1  0.35640   1.000  0.051  0.183  0.044 -0.030 -0.033  0.000 -0.000  0.197  0.225 -0.018
        3  0.34498   0.051  1.000 -0.054  0.248 -0.070 -0.042 -0.001  0.112 -0.010 -0.136 -0.198
        4  0.29120   0.183 -0.054  1.000  0.019  0.188  0.054 -0.000 -0.079  0.100  0.106  0.039
        6  0.32039   0.044  0.248  0.019  1.000 -0.004  0.034  0.000  0.206 -0.022  0.013 -0.073
        8  0.26904  -0.030 -0.070  0.188 -0.004  1.000  0.063  0.000 -0.038  0.138  0.004  0.104
        9  0.23524  -0.033 -0.042  0.054  0.034  0.063  1.000  0.000  0.002 -0.126  0.151  0.050
       20  0.28431   0.000 -0.001 -0.000  0.000  0.000  0.000  1.000 -0.006 -0.005 -0.264  0.008
       21  0.25856  -0.000  0.112 -0.079  0.206 -0.038  0.002 -0.006  1.000 -0.057 -0.109 -0.021
       22  0.28702   0.197 -0.010  0.100 -0.022  0.138 -0.126 -0.005 -0.057  1.000  0.061  0.043
       23  0.44036   0.225 -0.136  0.106  0.013  0.004  0.151 -0.264 -0.109  0.061  1.000  0.141
       24  0.25795  -0.018 -0.198  0.039 -0.073  0.104  0.050  0.008 -0.021  0.043  0.141  1.000
MINUIT - FIT ONLY 1-y
 **********
 **   51 **RES 
 **********
                   PARAMETER   16  beta_vw RESTORED TO VARIABLE.
                   PARAMETER   14  alpha_vw RESTORED TO VARIABLE.
                   PARAMETER   13  beta_y RESTORED TO VARIABLE.
                   PARAMETER   11  alpha_y RESTORED TO VARIABLE.
                   PARAMETER   10  beta_2CBO RESTORED TO VARIABLE.
 **********
 **   52 **FIX            0
 **********
 PARAMETER    0  IS UNDEFINED. IGNORED.
 **********
 **   53 **FIX            1
 **********
 **********
 **   54 **FIX            2
 **********
 PARAMETER    2  IS CONSTANT.   IGNORED.
 **********
 **   55 **FIX            3
 **********
 **********
 **   56 **FIX            4
 **********
 **********
 **   57 **FIX            5
 **********
 PARAMETER    5  IS CONSTANT.   IGNORED.
 **********
 **   58 **FIX            6
 **********
 **********
 **   59 **FIX            7
 **********
 PARAMETER    7  IS CONSTANT.   IGNORED.
 **********
 **   60 **FIX            8
 **********
 **********
 **   61 **FIX            9
 **********
 **********
 **   62 **FIX           13
 **********
 **********
 **   63 **FIX           14
 **********
 **********
 **   64 **FIX           15
 **********
 PARAMETER   15  IS CONSTANT.   IGNORED.
 **********
 **   65 **FIX           16
 **********
 **********
 **   66 **MIGRAD
 **********
 START MIGRAD MINIMIZATION.  STRATEGY  1.  CONVERGENCE WHEN EDM .LT. 1.00e-04
 FCN=56.5071 FROM MIGRAD    STATUS=INITIATE       16 CALLS        1911 TOTAL
                     EDM= unknown      STRATEGY= 1      NO ERROR MATRIX       
  EXT PARAMETER               CURRENT GUESS       STEP         FIRST   
  NO.   NAME      VALUE            ERROR          SIZE      DERIVATIVE 
   1  N0           3.52297e+06     fixed    
   2  tau          6.43930e+01   constant   
   3  A0           3.53622e-01     fixed    
   4  phi          4.12156e+00     fixed    
   5  R           -6.08522e+01   constant   
   6  alpha_CBO   -2.27450e-03     fixed    
   7  w_CBO        2.32500e+00   constant   
   8  beta_CBO     2.60692e-03     fixed    
   9  alpha_2CBO  -4.51564e-04     fixed    
  10  beta_2CBO   -1.28094e-03   6.25084e-04   6.25084e-04  -1.20391e+02
  11  alpha_y      0.00000e+00   1.00000e-03   1.00000e-03   1.53520e+03
  12  w_y          1.38860e+01   constant   
  13  beta_y      -2.63289e-04     fixed    
  14  alpha_vw     0.00000e+00     fixed    
  15  w_vw         1.43404e+01   constant   
  16  beta_vw      0.00000e+00     fixed    
  17  LM          -3.26196e-04   constant   
  18  zeta_y       0.00000e+00   constant   
  19  zeta_vw      0.00000e+00   constant   
  20  T_CBO        9.99999e+02   8.97248e+02   7.89143e-02  -6.12875e-06
  21  alpha_A0    -1.96832e-04   3.19433e-03   1.16323e-03   2.34848e-04
  22  beta_A0     -1.21825e-04   3.30608e-03   1.19528e-03  -5.75298e-04
  23  alpha_phi   -6.40045e-03   3.37314e-03   1.51398e-03  -4.95692e-04
  24  beta_phi     2.01639e-04   3.27228e-03   1.19292e-03   1.84969e-03
 MIGRAD MINIMIZATION HAS CONVERGED.
 MIGRAD WILL VERIFY CONVERGENCE AND ERROR MATRIX.
 COVARIANCE MATRIX CALCULATED SUCCESSFULLY
 FCN=56.2808 FROM MIGRAD    STATUS=CONVERGED     117 CALLS        2012 TOTAL
                     EDM=8.2337e-08    STRATEGY= 1      ERROR MATRIX ACCURATE 
  EXT PARAMETER                                   STEP         FIRST   
  NO.   NAME      VALUE            ERROR          SIZE      DERIVATIVE 
   1  N0           3.52297e+06     fixed    
   2  tau          6.43930e+01   constant   
   3  A0           3.53622e-01     fixed    
   4  phi          4.12156e+00     fixed    
   5  R           -6.08522e+01   constant   
   6  alpha_CBO   -2.27450e-03     fixed    
   7  w_CBO        2.32500e+00   constant   
   8  beta_CBO     2.60692e-03     fixed    
   9  alpha_2CBO  -4.51564e-04     fixed    
  10  beta_2CBO   -1.25753e-03   6.28462e-04   2.27006e-06  -6.06180e-02
  11  alpha_y     -2.92947e-04   6.17815e-04   2.28223e-06   7.04422e-02
  12  w_y          1.38860e+01   constant   
  13  beta_y      -2.63289e-04     fixed    
  14  alpha_vw     0.00000e+00     fixed    
  15  w_vw         1.43404e+01   constant   
  16  beta_vw      0.00000e+00     fixed    
  17  LM          -3.26196e-04   constant   
  18  zeta_y       0.00000e+00   constant   
  19  zeta_vw      0.00000e+00   constant   
  20  T_CBO        1.00000e+03   9.39100e+02   9.13108e-02** at limit **
  21  alpha_A0    -1.79912e-04   3.13300e-03   1.16088e-03   1.42982e-04
  22  beta_A0     -9.96027e-05   3.18042e-03   1.19290e-03   1.12082e-03
  23  alpha_phi   -6.41790e-03   3.23850e-03   1.51173e-03  -1.48011e-04
  24  beta_phi     2.56955e-04   3.23978e-03   1.19068e-03  -5.09614e-04
 EXTERNAL ERROR MATRIX.    NDIM=  25    NPAR=  7    ERR DEF=1
  3.950e-07  4.006e-10  2.602e-09  2.383e-07  7.627e-08 -5.621e-08  3.535e-07 
  4.006e-10  3.817e-07 -2.140e-10 -3.562e-09 -2.195e-08  1.844e-08 -4.594e-08 
  2.602e-09 -2.140e-10  3.262e-04 -3.706e-07 -2.563e-07 -1.843e-05  7.006e-07 
  2.383e-07 -3.562e-09 -3.706e-07  1.015e-05 -4.091e-07 -1.129e-06  3.184e-07 
  7.627e-08 -2.195e-08 -2.563e-07 -4.091e-07  1.048e-05  3.640e-07  4.390e-07 
 -5.621e-08  1.844e-08 -1.843e-05 -1.129e-06  3.640e-07  1.118e-05  1.224e-06 
  3.535e-07 -4.594e-08  7.006e-07  3.184e-07  4.390e-07  1.224e-06  1.089e-05 
 PARAMETER  CORRELATION COEFFICIENTS  
       NO.  GLOBAL     10     11     20     21     22     23     24
       10  0.21128   1.000  0.001  0.000  0.119  0.037 -0.027  0.170
       11  0.02828   0.001  1.000 -0.000 -0.002 -0.011  0.009 -0.023
       20  0.31165   0.000 -0.000  1.000 -0.006 -0.004 -0.305  0.012
       21  0.16911   0.119 -0.002 -0.006  1.000 -0.040 -0.106  0.030
       22  0.07390   0.037 -0.011 -0.004 -0.040  1.000  0.034  0.041
       23  0.34730  -0.027  0.009 -0.305 -0.106  0.034  1.000  0.111
       24  0.21673   0.170 -0.023  0.012  0.030  0.041  0.111  1.000
MINUIT - FIT ONLY 2-y
 **********
 **   67 **RES 
 **********
                   PARAMETER   16  beta_vw RESTORED TO VARIABLE.
                   PARAMETER   14  alpha_vw RESTORED TO VARIABLE.
                   PARAMETER   13  beta_y RESTORED TO VARIABLE.
                   PARAMETER    9  alpha_2CBO RESTORED TO VARIABLE.
                   PARAMETER    8  beta_CBO RESTORED TO VARIABLE.
                   PARAMETER    6  alpha_CBO RESTORED TO VARIABLE.
                   PARAMETER    4  phi RESTORED TO VARIABLE.
                   PARAMETER    3  A0 RESTORED TO VARIABLE.
                   PARAMETER    1  N0 RESTORED TO VARIABLE.
 **********
 **   68 **FIX            0
 **********
 PARAMETER    0  IS UNDEFINED. IGNORED.
 **********
 **   69 **FIX            1
 **********
 **********
 **   70 **FIX            2
 **********
 PARAMETER    2  IS CONSTANT.   IGNORED.
 **********
 **   71 **FIX            3
 **********
 **********
 **   72 **FIX            4
 **********
 **********
 **   73 **FIX            5
 **********
 PARAMETER    5  IS CONSTANT.   IGNORED.
 **********
 **   74 **FIX            6
 **********
 **********
 **   75 **FIX            7
 **********
 PARAMETER    7  IS CONSTANT.   IGNORED.
 **********
 **   76 **FIX            8
 **********
 **********
 **   77 **FIX            9
 **********
 **********
 **   78 **FIX           10
 **********
 **********
 **   79 **FIX           11
 **********
 **********
 **   80 **FIX           12
 **********
 PARAMETER   12  IS CONSTANT.   IGNORED.
 **********
 **   81 **FIX           16
 **********
 **********
 **   82 **MIGRAD
 **********
 START MIGRAD MINIMIZATION.  STRATEGY  1.  CONVERGENCE WHEN EDM .LT. 1.00e-04
 FCN=56.2808 FROM MIGRAD    STATUS=INITIATE       16 CALLS        2028 TOTAL
                     EDM= unknown      STRATEGY= 1      NO ERROR MATRIX       
  EXT PARAMETER               CURRENT GUESS       STEP         FIRST   
  NO.   NAME      VALUE            ERROR          SIZE      DERIVATIVE 
   1  N0           3.52297e+06     fixed    
   2  tau          6.43930e+01   constant   
   3  A0           3.53622e-01     fixed    
   4  phi          4.12156e+00     fixed    
   5  R           -6.08522e+01   constant   
   6  alpha_CBO   -2.27450e-03     fixed    
   7  w_CBO        2.32500e+00   constant   
   8  beta_CBO     2.60692e-03     fixed    
   9  alpha_2CBO  -4.51564e-04     fixed    
  10  beta_2CBO   -1.25753e-03     fixed    
  11  alpha_y     -2.92947e-04     fixed    
  12  w_y          1.38860e+01   constant   
  13  beta_y      -2.63289e-04   6.12560e-04   6.12560e-04  -1.71863e+02
  14  alpha_vw     0.00000e+00   1.00000e-03   1.00000e-03   5.35484e+03
  15  w_vw         1.43404e+01   constant   
  16  beta_vw      0.00000e+00     fixed    
  17  LM          -3.26196e-04   constant   
  18  zeta_y       0.00000e+00   constant   
  19  zeta_vw      0.00000e+00   constant   
  20  T_CBO        9.99999e+02   9.39100e+02   9.13108e-02  -7.83041e-06
  21  alpha_A0    -1.79912e-04   3.13300e-03   1.16088e-03   1.43701e-04
  22  beta_A0     -9.96027e-05   3.18042e-03   1.19290e-03   1.12085e-03
  23  alpha_phi   -6.41790e-03   3.23850e-03   1.51173e-03  -1.43248e-04
  24  beta_phi     2.56955e-04   3.23978e-03   1.19068e-03  -5.10559e-04
 MIGRAD MINIMIZATION HAS CONVERGED.
 MIGRAD WILL VERIFY CONVERGENCE AND ERROR MATRIX.
 COVARIANCE MATRIX CALCULATED SUCCESSFULLY
 FCN=53.3788 FROM MIGRAD    STATUS=CONVERGED     115 CALLS        2127 TOTAL
                     EDM=9.2648e-06    STRATEGY= 1      ERROR MATRIX ACCURATE 
  EXT PARAMETER                                   STEP         FIRST   
  NO.   NAME      VALUE            ERROR          SIZE      DERIVATIVE 
   1  N0           3.52297e+06     fixed    
   2  tau          6.43930e+01   constant   
   3  A0           3.53622e-01     fixed    
   4  phi          4.12156e+00     fixed    
   5  R           -6.08522e+01   constant   
   6  alpha_CBO   -2.27450e-03     fixed    
   7  w_CBO        2.32500e+00   constant   
   8  beta_CBO     2.60692e-03     fixed    
   9  alpha_2CBO  -4.51564e-04     fixed    
  10  beta_2CBO   -1.25753e-03     fixed    
  11  alpha_y     -2.92947e-04     fixed    
  12  w_y          1.38860e+01   constant   
  13  beta_y      -5.43245e-04   6.40177e-04   2.20764e-06   1.90997e-01
  14  alpha_vw    -1.09309e-03   6.41834e-04   2.21398e-06  -1.25129e+00
  15  w_vw         1.43404e+01   constant   
  16  beta_vw      0.00000e+00     fixed    
  17  LM          -3.26196e-04   constant   
  18  zeta_y       0.00000e+00   constant   
