 + ++++++++++++++++++++++++++++++++++++++++++++++++++++++++++++++++++++ +
 +                                                                      +
 +           You have chose to blind your fitting according to          +
 +                omega_ref * (1 + (R +/- deltaR) *10^{-6})             +
 +                                                                      +
 + ++++++++++++++++++++++++++++++++++++++++++++++++++++++++++++++++++++ +
In main()...
reading format from /gm2data/zkhechad/run45/envelope/formats/formatB_sBin_constraintOn.txt
pBinTau 	= 0  
pBinPhi 	= 0  
constraintau 	= 1 
includeMopTerm 	= 0    
constrainMop    = 0   
Parameters after format file: pBinTau 0 pBinPhi 0 constraintau 1 includeMopTerm 0 constrainMop 0 c_e_scale 0.000000 
Opening file /gm2data/tbarrett/gm2fr/studies/run23_bunch_corrections/CorrectedFourier_Run3b.root.
reading full fit data from /gm2data/zkhechad/cboTemplates/Run4CBOTemplates/templateFits0_v2.0/noRF/sBin_constraintOn_cE0.0_seed0_noRF_calo1.root
windowBins = 69
fitting sliding window 858 from bin 994 at 148.155600 to bin 1063 at 158.599600 (69 bins)

Reading data from /gm2data/cornell/histograms/aMethod/histogram_a_noRF.root
 **********
 **    1 **SET PRINTOUT            1
 **********
 **********
 **    2 **SET NOWARNINGS 
 **********
 PARAMETER DEFINITIONS:
    NO.   NAME         VALUE      STEP SIZE      LIMITS
     1 N0           3.52746e+06  1.00000e+02     no limits
     2 tau          6.44358e+01  constant
     3 A0           3.54698e-01  1.00000e-04     no limits
     4 phi          4.12308e+00  1.00000e-02     no limits
     5 R           -6.05970e+01  constant
     6 alpha_CBO    0.00000e+00  1.00000e-03     no limits
     7 w_CBO        2.32500e+00  constant
     8 beta_CBO     0.00000e+00  1.00000e-03     no limits
     9 alpha_2CBO   0.00000e+00  1.00000e-03     no limits
    10 beta_2CBO    0.00000e+00  1.00000e-03     no limits
    11 alpha_y      0.00000e+00  1.00000e-03     no limits
    12 w_y          1.44500e+01  constant
    13 beta_y       0.00000e+00  1.00000e-03     no limits
    14 alpha_vw     0.00000e+00  1.00000e-03     no limits
    15 w_vw         1.29000e+01  constant
    16 beta_vw      0.00000e+00  1.00000e-03     no limits
    17 LM           1.14256e-03  constant
    18 zeta_y       0.00000e+00  constant
    19 zeta_vw      0.00000e+00  constant
    20 T_CBO        1.00000e+02  1.00000e+00    0.00000e+00  1.00000e+03
    21 alpha_A0     0.00000e+00  1.00000e-03     no limits
    22 beta_A0      0.00000e+00  1.00000e-03     no limits
    23 alpha_phi    0.00000e+00  1.00000e-03     no limits
    24 beta_phi     0.00000e+00  1.00000e-03     no limits
MINUIT - FIT ONLY WIGGLE
 **********
 **    3 **FIX            5
 **********
 PARAMETER    5  IS CONSTANT.   IGNORED.
 **********
 **    4 **FIX            6
 **********
 **********
 **    5 **FIX            7
 **********
 PARAMETER    7  IS CONSTANT.   IGNORED.
 **********
 **    6 **FIX            8
 **********
 **********
 **    7 **FIX            9
 **********
 **********
 **    8 **FIX           10
 **********
 **********
 **    9 **FIX           11
 **********
 **********
 **   10 **FIX           12
 **********
 PARAMETER   12  IS CONSTANT.   IGNORED.
 **********
 **   11 **FIX           13
 **********
 **********
 **   12 **FIX           14
 **********
 **********
 **   13 **FIX           15
 **********
 PARAMETER   15  IS CONSTANT.   IGNORED.
 **********
 **   14 **FIX           16
 **********
 **********
 **   15 **MIGRAD
 **********
 FIRST CALL TO USER FUNCTION AT NEW START POINT, WITH IFLAG=4.
 START MIGRAD MINIMIZATION.  STRATEGY  1.  CONVERGENCE WHEN EDM .LT. 1.00e-04
 FCN=631.575 FROM MIGRAD    STATUS=INITIATE      437 CALLS         438 TOTAL
                     EDM= unknown      STRATEGY= 1      NO ERROR MATRIX       
  EXT PARAMETER               CURRENT GUESS       STEP         FIRST   
  NO.   NAME      VALUE            ERROR          SIZE      DERIVATIVE 
   1  N0           3.52746e+06   1.00000e+02   0.00000e+00  -1.78557e-03
   2  tau          6.44358e+01   constant   
   3  A0           3.54698e-01   1.00000e-04   0.00000e+00   4.57044e+04
   4  phi          4.12308e+00   1.00000e-02   0.00000e+00   1.45395e+04
   5  R           -6.05970e+01   constant   
   6  alpha_CBO    0.00000e+00     fixed    
   7  w_CBO        2.32500e+00   constant   
   8  beta_CBO     0.00000e+00     fixed    
   9  alpha_2CBO   0.00000e+00     fixed    
  10  beta_2CBO    0.00000e+00     fixed    
  11  alpha_y      0.00000e+00     fixed    
  12  w_y          1.44500e+01   constant   
  13  beta_y       0.00000e+00     fixed    
  14  alpha_vw     0.00000e+00     fixed    
  15  w_vw         1.29000e+01   constant   
  16  beta_vw      0.00000e+00     fixed    
  17  LM           1.14256e-03   constant   
  18  zeta_y       0.00000e+00   constant   
  19  zeta_vw      0.00000e+00   constant   
  20  T_CBO        1.00000e+02   1.00000e+00   0.00000e+00   0.00000e+00
  21  alpha_A0     0.00000e+00   1.00000e-03   0.00000e+00  -3.75930e+02
  22  beta_A0      0.00000e+00   1.00000e-03   0.00000e+00  -1.06801e+02
  23  alpha_phi    0.00000e+00   1.00000e-03   0.00000e+00   2.29965e+01
  24  beta_phi     0.00000e+00   1.00000e-03   0.00000e+00   5.09520e+03
 MIGRAD MINIMIZATION HAS CONVERGED.
 FCN=550.623 FROM MIGRAD    STATUS=CONVERGED    1276 CALLS        1277 TOTAL
                     EDM=2.88885e-07    STRATEGY= 1  ERROR MATRIX UNCERTAINTY   0.1 per cent
  EXT PARAMETER                                   STEP         FIRST   
  NO.   NAME      VALUE            ERROR          SIZE      DERIVATIVE 
   1  N0           3.52671e+06   4.96358e+02  -1.61359e-01   6.12070e-08
   2  tau          6.44358e+01   constant   
   3  A0           3.54100e-01   1.68461e-04   2.25818e-08  -6.27889e-01
   4  phi          4.12124e+00   5.33145e-04   1.45148e-07  -2.90096e-01
   5  R           -6.05970e+01   constant   
   6  alpha_CBO    0.00000e+00     fixed    
   7  w_CBO        2.32500e+00   constant   
   8  beta_CBO     0.00000e+00     fixed    
   9  alpha_2CBO   0.00000e+00     fixed    
  10  beta_2CBO    0.00000e+00     fixed    
  11  alpha_y      0.00000e+00     fixed    
  12  w_y          1.44500e+01   constant   
  13  beta_y       0.00000e+00     fixed    
  14  alpha_vw     0.00000e+00     fixed    
  15  w_vw         1.29000e+01   constant   
  16  beta_vw      0.00000e+00     fixed    
  17  LM           1.14256e-03   constant   
  18  zeta_y       0.00000e+00   constant   
  19  zeta_vw      0.00000e+00   constant   
  20  T_CBO        9.99998e+02   5.43547e+02   6.85093e-03  -1.34354e-04
  21  alpha_A0     3.46888e-04   8.38408e-04   2.49107e-06  -1.50264e-01
  22  beta_A0      6.38867e-04   9.79417e-04  -3.42382e-08   2.11090e-03
  23  alpha_phi   -4.99063e-05   8.38797e-04   7.67201e-07   6.58788e-01
  24  beta_phi    -5.37706e-03   8.08319e-04  -1.65557e-06   3.52003e-01
 EXTERNAL ERROR MATRIX.    NDIM=  25    NPAR=  8    ERR DEF=1
  2.464e+05  1.659e-02 -1.269e-02 -7.105e+01 -9.358e-02  1.135e-03 -6.691e-03  5.263e-02 
  1.659e-02  2.838e-08  2.970e-09  1.009e-05 -5.425e-09 -9.969e-09 -5.467e-09 -4.565e-09 
 -1.269e-02  2.970e-09  2.842e-07  5.873e-05  3.819e-09 -9.021e-08 -5.551e-10 -2.353e-08 
 -7.105e+01  1.009e-05  5.873e-05  1.099e+02  8.275e-04 -7.626e-04  2.660e-05  1.430e-03 
 -9.358e-02 -5.425e-09  3.819e-09  8.275e-04  7.029e-07 -2.349e-08 -4.288e-08  5.266e-08 
  1.135e-03 -9.969e-09 -9.021e-08 -7.626e-04 -2.349e-08  9.593e-07  1.176e-10 -2.943e-08 
 -6.691e-03 -5.467e-09 -5.551e-10  2.660e-05 -4.288e-08  1.176e-10  7.036e-07  4.630e-10 
  5.263e-02 -4.565e-09 -2.353e-08  1.430e-03  5.266e-08 -2.943e-08  4.630e-10  6.534e-07 
 PARAMETER  CORRELATION COEFFICIENTS  
       NO.  GLOBAL      1      3      4     20     21     22     23     24
        1  0.33683   1.000  0.198 -0.048 -0.014 -0.225  0.002 -0.016  0.131
        3  0.22207   0.198  1.000  0.033  0.006 -0.038 -0.060 -0.039 -0.034
        4  0.18991  -0.048  0.033  1.000  0.011  0.009 -0.173 -0.001 -0.055
       20  0.20007  -0.014  0.006  0.011  1.000  0.094 -0.074  0.003  0.169
       21  0.26896  -0.225 -0.038  0.009  0.094  1.000 -0.029 -0.061  0.078
       22  0.19962   0.002 -0.060 -0.173 -0.074 -0.029  1.000  0.000 -0.037
       23  0.07794  -0.016 -0.039 -0.001  0.003 -0.061  0.000  1.000  0.001
       24  0.25032   0.131 -0.034 -0.055  0.169  0.078 -0.037  0.001  1.000
MINUIT - FIT ONLY 1-CBO + wiggle
 **********
 **   16 **RES 
 **********
                   PARAMETER   16  beta_vw RESTORED TO VARIABLE.
                   PARAMETER   14  alpha_vw RESTORED TO VARIABLE.
                   PARAMETER   13  beta_y RESTORED TO VARIABLE.
                   PARAMETER   11  alpha_y RESTORED TO VARIABLE.
                   PARAMETER   10  beta_2CBO RESTORED TO VARIABLE.
                   PARAMETER    9  alpha_2CBO RESTORED TO VARIABLE.
                   PARAMETER    8  beta_CBO RESTORED TO VARIABLE.
                   PARAMETER    6  alpha_CBO RESTORED TO VARIABLE.
 **********
 **   17 **FIX            8
 **********
 **********
 **   18 **FIX            9
 **********
 **********
 **   19 **FIX           11
 **********
 **********
 **   20 **FIX           12
 **********
 PARAMETER   12  IS CONSTANT.   IGNORED.
 **********
 **   21 **FIX           14
 **********
 **********
 **   22 **FIX           15
 **********
 PARAMETER   15  IS CONSTANT.   IGNORED.
 **********
 **   23 **FIX           16
 **********
 **********
 **   24 **MIGRAD
 **********
 START MIGRAD MINIMIZATION.  STRATEGY  1.  CONVERGENCE WHEN EDM .LT. 1.00e-04
 FCN=550.623 FROM MIGRAD    STATUS=INITIATE       28 CALLS        1305 TOTAL
                     EDM= unknown      STRATEGY= 1      NO ERROR MATRIX       
  EXT PARAMETER               CURRENT GUESS       STEP         FIRST   
  NO.   NAME      VALUE            ERROR          SIZE      DERIVATIVE 
   1  N0           3.52671e+06   4.96358e+02  -1.61359e-01   6.12067e-08
   2  tau          6.44358e+01   constant   
   3  A0           3.54100e-01   1.68461e-04   2.25818e-08  -6.27890e-01
   4  phi          4.12124e+00   5.33145e-04   1.45148e-07  -2.90095e-01
   5  R           -6.05970e+01   constant   
   6  alpha_CBO    0.00000e+00   1.00000e-03   1.00000e-03   1.22705e+05
   7  w_CBO        2.32500e+00   constant   
   8  beta_CBO     0.00000e+00     fixed    
   9  alpha_2CBO   0.00000e+00     fixed    
  10  beta_2CBO    0.00000e+00   1.00000e-03   1.00000e-03  -2.53549e+03
  11  alpha_y      0.00000e+00     fixed    
  12  w_y          1.44500e+01   constant   
  13  beta_y       0.00000e+00   1.00000e-03   1.00000e-03  -6.10359e+03
  14  alpha_vw     0.00000e+00     fixed    
  15  w_vw         1.29000e+01   constant   
  16  beta_vw      0.00000e+00     fixed    
  17  LM           1.14256e-03   constant   
  18  zeta_y       0.00000e+00   constant   
  19  zeta_vw      0.00000e+00   constant   
  20  T_CBO        9.99998e+02   5.43547e+02   6.85093e-03  -1.34734e-04
  21  alpha_A0     3.46888e-04   8.38408e-04   2.49107e-06  -1.50273e-01
  22  beta_A0      6.38867e-04   9.79417e-04  -3.42382e-08   2.10790e-03
  23  alpha_phi   -4.99063e-05   8.38797e-04   7.67201e-07   6.58789e-01
  24  beta_phi    -5.37706e-03   8.08319e-04  -1.65557e-06   3.52003e-01
 MIGRAD MINIMIZATION HAS CONVERGED.
 FCN=400.862 FROM MIGRAD    STATUS=CONVERGED     169 CALLS        1446 TOTAL
                     EDM=2.86755e-07    STRATEGY= 1  ERROR MATRIX UNCERTAINTY   2.6 per cent
  EXT PARAMETER                                   STEP         FIRST   
  NO.   NAME      VALUE            ERROR          SIZE      DERIVATIVE 
   1  N0           3.52684e+06   4.52546e+02   1.26276e+00  -7.82409e-07
   2  tau          6.44358e+01   constant   
   3  A0           3.54193e-01   1.58971e-04  -2.83430e-07  -2.58059e+00
   4  phi          4.12296e+00   5.47104e-04   1.29000e-07   1.06992e+00
   5  R           -6.05970e+01   constant   
   6  alpha_CBO   -2.43494e-03   1.99230e-04  -3.08040e-09  -9.37975e-03
   7  w_CBO        2.32500e+00   constant   
   8  beta_CBO     0.00000e+00     fixed    
   9  alpha_2CBO   0.00000e+00     fixed    
  10  beta_2CBO    3.22459e-05   1.92603e-04  -8.93631e-09  -1.42783e+00
  11  alpha_y      0.00000e+00     fixed    
  12  w_y          1.44500e+01   constant   
  13  beta_y       1.06160e-04   1.88243e-04  -5.51632e-08   4.53655e-01
  14  alpha_vw     0.00000e+00     fixed    
  15  w_vw         1.29000e+01   constant   
  16  beta_vw      0.00000e+00     fixed    
  17  LM           1.14256e-03   constant   
  18  zeta_y       0.00000e+00   constant   
  19  zeta_vw      0.00000e+00   constant   
  20  T_CBO        1.00000e+03   5.33175e+02  -1.37970e-03** at limit **
  21  alpha_A0     6.52103e-04   7.78473e-04   9.44731e-07  -4.90226e-02
  22  beta_A0     -5.13844e-04   9.53490e-04  -1.23499e-06   1.59023e-02
  23  alpha_phi   -2.59224e-03   8.07330e-04   5.19248e-07   6.05528e-01
  24  beta_phi    -5.55173e-03   7.47138e-04   2.86957e-07  -3.90604e-01
 EXTERNAL ERROR MATRIX.    NDIM=  25    NPAR= 11    ERR DEF=1
  2.048e+05 
  6.928e-03  2.527e-08 
  4.255e-03  7.351e-09  2.993e-07 
 -2.084e-03 -1.495e-09 -2.780e-08  3.969e-08 
  3.778e-03  6.691e-10  5.291e-09  2.423e-10  3.710e-08 
 -6.675e-04  2.738e-10  1.686e-09  2.879e-11 -1.349e-10  3.544e-08 
 -1.471e-01 -2.874e-07 -6.841e-07 -1.434e-08 -7.175e-07  9.835e-08  5.401e-01 
 -3.523e-02  7.488e-09 -6.526e-09 -5.068e-09 -4.152e-09 -5.001e-10  2.178e-06  6.060e-07 
 -1.909e-02 -1.386e-08 -9.733e-08  1.786e-08 -3.370e-08 -3.892e-09  1.262e-06  2.053e-08  9.091e-07 
  3.411e-03 -1.923e-09 -2.317e-08  4.167e-08  1.264e-08 -1.057e-09 -8.819e-07 -1.862e-08  6.633e-08  6.518e-07 
  3.402e-02 -1.098e-08 -2.440e-08  2.771e-09 -1.194e-09 -1.119e-09 -3.472e-06  3.586e-08  4.466e-08  1.855e-08  5.582e-07 
 PARAMETER  CORRELATION COEFFICIENTS  
       NO.  GLOBAL      1      3      4      6     10     13     20     21     22     23     24
        1  0.19347   1.000  0.096  0.017 -0.023  0.043 -0.008 -0.000 -0.100 -0.044  0.009  0.101
        3  0.19250   0.096  1.000  0.085 -0.047  0.022  0.009 -0.002  0.061 -0.091 -0.015 -0.092
        4  0.31350   0.017  0.085  1.000 -0.255  0.050  0.016 -0.002 -0.015 -0.187 -0.052 -0.060
        6  0.35796  -0.023 -0.047 -0.255  1.000  0.006  0.001 -0.000 -0.033  0.094  0.259  0.019
       10  0.21227   0.043  0.022  0.050  0.006  1.000 -0.004 -0.005 -0.028 -0.184  0.081 -0.008
       13  0.03036  -0.008  0.009  0.016  0.001 -0.004  1.000  0.001 -0.003 -0.022 -0.007 -0.008
       20  0.00996  -0.000 -0.002 -0.002 -0.000 -0.005  0.001  1.000  0.004  0.002 -0.001 -0.006
       21  0.15637  -0.100  0.061 -0.015 -0.033 -0.028 -0.003  0.004  1.000  0.028 -0.030  0.062
       22  0.28827  -0.044 -0.091 -0.187  0.094 -0.184 -0.022  0.002  0.028  1.000  0.086  0.063
       23  0.28501   0.009 -0.015 -0.052  0.259  0.081 -0.007 -0.001 -0.030  0.086  1.000  0.031
       24  0.18040   0.101 -0.092 -0.060  0.019 -0.008 -0.008 -0.006  0.062  0.063  0.031  1.000
MINUIT - FIT ONLY 2-CBO
 **********
 **   25 **RES 
 **********
                   PARAMETER   16  beta_vw RESTORED TO VARIABLE.
                   PARAMETER   14  alpha_vw RESTORED TO VARIABLE.
                   PARAMETER   11  alpha_y RESTORED TO VARIABLE.
                   PARAMETER    9  alpha_2CBO RESTORED TO VARIABLE.
                   PARAMETER    8  beta_CBO RESTORED TO VARIABLE.
 **********
 **   26 **FIX            0
 **********
 PARAMETER    0  IS UNDEFINED. IGNORED.
 **********
 **   27 **FIX            1
 **********
 **********
 **   28 **FIX            2
 **********
 PARAMETER    2  IS CONSTANT.   IGNORED.
 **********
 **   29 **FIX            3
 **********
 **********
 **   30 **FIX            4
 **********
 **********
 **   31 **FIX            5
 **********
 PARAMETER    5  IS CONSTANT.   IGNORED.
 **********
 **   32 **FIX            6
 **********
 **********
 **   33 **FIX            7
 **********
 PARAMETER    7  IS CONSTANT.   IGNORED.
 **********
 **   34 **FIX           10
 **********
 **********
 **   35 **FIX           11
 **********
 **********
 **   36 **FIX           12
 **********
 PARAMETER   12  IS CONSTANT.   IGNORED.
 **********
 **   37 **FIX           13
 **********
 **********
 **   38 **FIX           14
 **********
 **********
 **   39 **FIX           15
 **********
 PARAMETER   15  IS CONSTANT.   IGNORED.
 **********
 **   40 **FIX           16
 **********
 **********
 **   41 **MIGRAD
 **********
 START MIGRAD MINIMIZATION.  STRATEGY  1.  CONVERGENCE WHEN EDM .LT. 1.00e-04
 FCN=400.862 FROM MIGRAD    STATUS=INITIATE       18 CALLS        1464 TOTAL
                     EDM= unknown      STRATEGY= 1      NO ERROR MATRIX       
  EXT PARAMETER               CURRENT GUESS       STEP         FIRST   
  NO.   NAME      VALUE            ERROR          SIZE      DERIVATIVE 
   1  N0           3.52684e+06     fixed    
   2  tau          6.44358e+01   constant   
   3  A0           3.54193e-01     fixed    
   4  phi          4.12296e+00     fixed    
   5  R           -6.05970e+01   constant   
   6  alpha_CBO   -2.43494e-03     fixed    
   7  w_CBO        2.32500e+00   constant   
   8  beta_CBO     0.00000e+00   1.00000e-03   1.00000e-03  -1.85575e+05
   9  alpha_2CBO   0.00000e+00   1.00000e-03   1.00000e-03   2.37579e+04
  10  beta_2CBO    3.22459e-05     fixed    
  11  alpha_y      0.00000e+00     fixed    
  12  w_y          1.44500e+01   constant   
  13  beta_y       1.06160e-04     fixed    
  14  alpha_vw     0.00000e+00     fixed    
  15  w_vw         1.29000e+01   constant   
  16  beta_vw      0.00000e+00     fixed    
  17  LM           1.14256e-03   constant   
  18  zeta_y       0.00000e+00   constant   
  19  zeta_vw      0.00000e+00   constant   
  20  T_CBO        9.99999e+02   5.33175e+02  -1.37970e-03  -8.35136e-05
  21  alpha_A0     6.52103e-04   7.78473e-04   9.44731e-07  -4.94796e-02
  22  beta_A0     -5.13844e-04   9.53490e-04  -1.23499e-06   1.58871e-02
  23  alpha_phi   -2.59224e-03   8.07330e-04   5.19248e-07   6.06693e-01
  24  beta_phi    -5.55173e-03   7.47138e-04   2.86957e-07  -3.87723e-01
 MIGRAD MINIMIZATION HAS CONVERGED.
 MIGRAD WILL VERIFY CONVERGENCE AND ERROR MATRIX.
 COVARIANCE MATRIX CALCULATED SUCCESSFULLY
 FCN=65.1814 FROM MIGRAD    STATUS=CONVERGED     146 CALLS        1592 TOTAL
                     EDM=7.77937e-08    STRATEGY= 1      ERROR MATRIX ACCURATE 
  EXT PARAMETER                                   STEP         FIRST   
  NO.   NAME      VALUE            ERROR          SIZE      DERIVATIVE 
   1  N0           3.52684e+06     fixed    
   2  tau          6.44358e+01   constant   
   3  A0           3.54193e-01     fixed    
   4  phi          4.12296e+00     fixed    
   5  R           -6.05970e+01   constant   
   6  alpha_CBO   -2.43494e-03     fixed    
   7  w_CBO        2.32500e+00   constant   
   8  beta_CBO     3.56660e-03   1.96265e-04   7.63510e-07  -6.10887e-03
   9  alpha_2CBO  -4.02599e-04   1.95136e-04   7.56013e-07  -8.03992e-01
  10  beta_2CBO    3.22459e-05     fixed    
  11  alpha_y      0.00000e+00     fixed    
  12  w_y          1.44500e+01   constant   
  13  beta_y       1.06160e-04     fixed    
  14  alpha_vw     0.00000e+00     fixed    
  15  w_vw         1.29000e+01   constant   
  16  beta_vw      0.00000e+00     fixed    
  17  LM           1.14256e-03   constant   
  18  zeta_y       0.00000e+00   constant   
  19  zeta_vw      0.00000e+00   constant   
  20  T_CBO        1.00000e+03   5.40256e+02   2.70013e-02** at limit **
  21  alpha_A0     1.49990e-03   8.14135e-04   3.17651e-06  -1.85288e-01
  22  beta_A0     -9.57403e-04   9.14066e-04   3.61513e-06  -8.82448e-02
  23  alpha_phi   -2.56149e-03   7.71383e-04   3.05461e-06   3.95538e-01
  24  beta_phi    -2.62079e-03   7.66225e-04   2.94361e-06  -1.94202e-01
 EXTERNAL ERROR MATRIX.    NDIM=  25    NPAR=  7    ERR DEF=1
  3.852e-08  5.346e-10  1.325e-10  5.506e-09 -4.705e-09 -1.399e-10  2.900e-08 
  5.346e-10  3.808e-08 -4.765e-09 -2.775e-08  6.137e-10 -3.685e-09 -2.087e-08 
  1.325e-10 -4.765e-09  3.117e-02  1.894e-06 -1.149e-06 -3.144e-06 -3.239e-06 
  5.506e-09 -2.775e-08  1.894e-06  6.628e-07  3.973e-09  4.528e-09  5.348e-08 
 -4.705e-09  6.137e-10 -1.149e-06  3.973e-09  8.355e-07  4.815e-08  3.612e-08 
 -1.399e-10 -3.685e-09 -3.144e-06  4.528e-09  4.815e-08  5.950e-07  1.642e-08 
  2.900e-08 -2.087e-08 -3.239e-06  5.348e-08  3.612e-08  1.642e-08  5.871e-07 
 PARAMETER  CORRELATION COEFFICIENTS  
       NO.  GLOBAL      8      9     20     21     22     23     24
        8  0.20222   1.000  0.014  0.000  0.034 -0.026 -0.001  0.193
        9  0.22073   0.014  1.000 -0.000 -0.175  0.003 -0.024 -0.140
       20  0.03678   0.000 -0.000  1.000  0.013 -0.007 -0.023 -0.024
       21  0.18767   0.034 -0.175  0.013  1.000  0.005  0.007  0.086
       22  0.09316  -0.026  0.003 -0.007  0.005  1.000  0.068  0.052
       23  0.07885  -0.001 -0.024 -0.023  0.007  0.068  1.000  0.028
       24  0.25429   0.193 -0.140 -0.024  0.086  0.052  0.028  1.000
MINUIT - FIT wiggle + 1-CBO + 2-CBO
 **********
 **   42 **RES 
 **********
                   PARAMETER   16  beta_vw RESTORED TO VARIABLE.
                   PARAMETER   14  alpha_vw RESTORED TO VARIABLE.
                   PARAMETER   13  beta_y RESTORED TO VARIABLE.
                   PARAMETER   11  alpha_y RESTORED TO VARIABLE.
                   PARAMETER   10  beta_2CBO RESTORED TO VARIABLE.
                   PARAMETER    6  alpha_CBO RESTORED TO VARIABLE.
                   PARAMETER    4  phi RESTORED TO VARIABLE.
                   PARAMETER    3  A0 RESTORED TO VARIABLE.
                   PARAMETER    1  N0 RESTORED TO VARIABLE.
 **********
 **   43 **FIX           10
 **********
 **********
 **   44 **FIX           11
 **********
 **********
 **   45 **FIX           12
 **********
 PARAMETER   12  IS CONSTANT.   IGNORED.
 **********
 **   46 **FIX           13
 **********
 **********
 **   47 **FIX           14
 **********
 **********
 **   48 **FIX           15
 **********
 PARAMETER   15  IS CONSTANT.   IGNORED.
 **********
 **   49 **FIX           16
 **********
 **********
 **   50 **MIGRAD
 **********
 START MIGRAD MINIMIZATION.  STRATEGY  1.  CONVERGENCE WHEN EDM .LT. 1.00e-04
 FCN=65.1814 FROM MIGRAD    STATUS=INITIATE       22 CALLS        1614 TOTAL
                     EDM= unknown      STRATEGY= 1      NO ERROR MATRIX       
  EXT PARAMETER               CURRENT GUESS       STEP         FIRST   
  NO.   NAME      VALUE            ERROR          SIZE      DERIVATIVE 
   1  N0           3.52684e+06   4.52546e+02   4.52546e+02   6.08293e-05
   2  tau          6.44358e+01   constant   
   3  A0           3.54193e-01   1.58971e-04   1.58971e-04  -3.64002e+04
   4  phi          4.12296e+00   5.47104e-04   5.47104e-04   9.19211e+02
   5  R           -6.05970e+01   constant   
   6  alpha_CBO   -2.43494e-03   1.99230e-04   1.99230e-04  -2.10419e+03
   7  w_CBO        2.32500e+00   constant   
   8  beta_CBO     3.56660e-03   1.96265e-04   7.63510e-07  -7.00699e-03
   9  alpha_2CBO  -4.02599e-04   1.95136e-04   7.56013e-07  -8.03648e-01
  10  beta_2CBO    3.22459e-05     fixed    
  11  alpha_y      0.00000e+00     fixed    
  12  w_y          1.44500e+01   constant   
  13  beta_y       1.06160e-04     fixed    
  14  alpha_vw     0.00000e+00     fixed    
  15  w_vw         1.29000e+01   constant   
  16  beta_vw      0.00000e+00     fixed    
  17  LM           1.14256e-03   constant   
  18  zeta_y       0.00000e+00   constant   
  19  zeta_vw      0.00000e+00   constant   
  20  T_CBO        9.99999e+02   5.40256e+02   2.70013e-02  -8.32792e-05
  21  alpha_A0     1.49990e-03   8.14135e-04   3.17651e-06  -1.86020e-01
  22  beta_A0     -9.57403e-04   9.14066e-04   3.61513e-06  -8.80610e-02
  23  alpha_phi   -2.56149e-03   7.71383e-04   3.05461e-06   3.96722e-01
  24  beta_phi    -2.62079e-03   7.66225e-04   2.94361e-06  -1.92836e-01
 MIGRAD MINIMIZATION HAS CONVERGED.
 MIGRAD WILL VERIFY CONVERGENCE AND ERROR MATRIX.
 COVARIANCE MATRIX CALCULATED SUCCESSFULLY
 FCN=55.6341 FROM MIGRAD    STATUS=CONVERGED     241 CALLS        1833 TOTAL
                     EDM=6.1333e-06    STRATEGY= 1      ERROR MATRIX ACCURATE 
  EXT PARAMETER                                   STEP         FIRST   
  NO.   NAME      VALUE            ERROR          SIZE      DERIVATIVE 
   1  N0           3.52718e+06   5.03723e+02   1.72675e+00   7.71532e-07
   2  tau          6.44358e+01   constant   
   3  A0           3.54714e-01   1.69803e-04   5.95858e-07  -7.91871e-01
   4  phi          4.12286e+00   5.43547e-04   1.96593e-06  -4.33308e+00
   5  R           -6.05970e+01   constant   
   6  alpha_CBO   -2.40681e-03   1.99199e-04   6.83551e-07  -2.14923e+00
   7  w_CBO        2.32500e+00   constant   
   8  beta_CBO     3.67214e-03   1.99188e-04   7.06290e-07  -2.13665e+00
   9  alpha_2CBO  -3.76741e-04   1.95445e-04   6.99362e-07  -4.28156e+00
  10  beta_2CBO    3.22459e-05     fixed    
  11  alpha_y      0.00000e+00     fixed    
  12  w_y          1.44500e+01   constant   
  13  beta_y       1.06160e-04     fixed    
  14  alpha_vw     0.00000e+00     fixed    
  15  w_vw         1.29000e+01   constant   
  16  beta_vw      0.00000e+00     fixed    
  17  LM           1.14256e-03   constant   
  18  zeta_y       0.00000e+00   constant   
  19  zeta_vw      0.00000e+00   constant   
  20  T_CBO        1.00000e+03   6.67258e+02   4.02209e-02** at limit **
  21  alpha_A0     1.38463e-03   8.34140e-04   2.93596e-06  -1.02121e+00
  22  beta_A0     -1.10265e-03   9.35701e-04   3.34232e-06   1.04597e+00
  23  alpha_phi   -2.61297e-03   7.99366e-04   2.82123e-06   1.90359e+00
  24  beta_phi    -2.64467e-03   7.78090e-04   2.71877e-06   6.17367e-01
 EXTERNAL ERROR MATRIX.    NDIM=  25    NPAR= 11    ERR DEF=1
  2.537e+05 
  1.861e-02  2.883e-08 
 -9.052e-03  3.815e-09  2.954e-07 
 -1.960e-03 -1.459e-09 -2.785e-08  3.968e-08 
  3.059e-03  5.767e-09 -8.965e-10  2.553e-10  3.968e-08 
 -2.211e-03  1.467e-09  8.455e-10 -3.917e-10  8.300e-10  3.820e-08 
  8.278e-02  2.191e-07  1.932e-07 -6.805e-10  4.170e-08 -6.723e-08  1.428e+00 
 -9.117e-02 -5.943e-09  8.959e-09 -4.891e-09  4.472e-09 -2.686e-08  2.940e-05  6.958e-07 
 -4.697e-03 -1.166e-08 -1.018e-07  1.814e-08 -6.361e-09 -2.532e-10 -2.305e-05  1.940e-09  8.755e-07 
 -1.121e-02 -6.032e-09 -2.977e-08  4.140e-08 -7.565e-10 -4.228e-09 -5.450e-05  1.734e-09  6.966e-08  6.390e-07 
  6.079e-02 -2.198e-09 -2.943e-08  3.218e-09  2.838e-08 -2.181e-08 -5.500e-05  2.983e-08  4.768e-08  2.026e-08  6.054e-07 
 PARAMETER  CORRELATION COEFFICIENTS  
       NO.  GLOBAL      1      3      4      6      8      9     20     21     22     23     24
        1  0.35208   1.000  0.218 -0.033 -0.020  0.030 -0.022  0.000 -0.217 -0.010 -0.028  0.155
        3  0.29671   0.218  1.000  0.041 -0.043  0.171  0.044  0.001 -0.042 -0.073 -0.044 -0.017
        4  0.31918  -0.033  0.041  1.000 -0.257 -0.008  0.008  0.000  0.020 -0.200 -0.069 -0.070
        6  0.35768  -0.020 -0.043 -0.257  1.000  0.006 -0.010 -0.000 -0.029  0.097  0.260  0.021
        8  0.26238   0.030  0.171 -0.008  0.006  1.000  0.021  0.000  0.027 -0.034 -0.005  0.183
        9  0.22742  -0.022  0.044  0.008 -0.010  0.021  1.000 -0.000 -0.165 -0.001 -0.027 -0.143
       20  0.09205   0.000  0.001  0.000 -0.000  0.000 -0.000  1.000  0.029 -0.021 -0.057 -0.059
       21  0.28723  -0.217 -0.042  0.020 -0.029  0.027 -0.165  0.029  1.000  0.002  0.003  0.046
       22  0.23464  -0.010 -0.073 -0.200  0.097 -0.034 -0.001 -0.021  0.002  1.000  0.093  0.065
       23  0.27839  -0.028 -0.044 -0.069  0.260 -0.005 -0.027 -0.057  0.003  0.093  1.000  0.033
       24  0.30950   0.155 -0.017 -0.070  0.021  0.183 -0.143 -0.059  0.046  0.065  0.033  1.000
MINUIT - FIT ONLY 1-y
 **********
 **   51 **RES 
 **********
                   PARAMETER   16  beta_vw RESTORED TO VARIABLE.
                   PARAMETER   14  alpha_vw RESTORED TO VARIABLE.
                   PARAMETER   13  beta_y RESTORED TO VARIABLE.
                   PARAMETER   11  alpha_y RESTORED TO VARIABLE.
                   PARAMETER   10  beta_2CBO RESTORED TO VARIABLE.
 **********
 **   52 **FIX            0
 **********
 PARAMETER    0  IS UNDEFINED. IGNORED.
 **********
 **   53 **FIX            1
 **********
 **********
 **   54 **FIX            2
 **********
 PARAMETER    2  IS CONSTANT.   IGNORED.
 **********
 **   55 **FIX            3
 **********
 **********
 **   56 **FIX            4
 **********
 **********
 **   57 **FIX            5
 **********
 PARAMETER    5  IS CONSTANT.   IGNORED.
 **********
 **   58 **FIX            6
 **********
 **********
 **   59 **FIX            7
 **********
 PARAMETER    7  IS CONSTANT.   IGNORED.
 **********
 **   60 **FIX            8
 **********
 **********
 **   61 **FIX            9
 **********
 **********
 **   62 **FIX           13
 **********
 **********
 **   63 **FIX           14
 **********
 **********
 **   64 **FIX           15
 **********
 PARAMETER   15  IS CONSTANT.   IGNORED.
 **********
 **   65 **FIX           16
 **********
 **********
 **   66 **MIGRAD
 **********
 START MIGRAD MINIMIZATION.  STRATEGY  1.  CONVERGENCE WHEN EDM .LT. 1.00e-04
 FCN=55.6341 FROM MIGRAD    STATUS=INITIATE       16 CALLS        1849 TOTAL
                     EDM= unknown      STRATEGY= 1      NO ERROR MATRIX       
  EXT PARAMETER               CURRENT GUESS       STEP         FIRST   
  NO.   NAME      VALUE            ERROR          SIZE      DERIVATIVE 
   1  N0           3.52718e+06     fixed    
   2  tau          6.44358e+01   constant   
   3  A0           3.54714e-01     fixed    
   4  phi          4.12286e+00     fixed    
   5  R           -6.05970e+01   constant   
   6  alpha_CBO   -2.40681e-03     fixed    
   7  w_CBO        2.32500e+00   constant   
   8  beta_CBO     3.67214e-03     fixed    
   9  alpha_2CBO  -3.76741e-04     fixed    
  10  beta_2CBO    3.22459e-05   1.92603e-04   1.92603e-04   4.87742e+03
  11  alpha_y      0.00000e+00   1.00000e-03   1.00000e-03   7.31644e+02
  12  w_y          1.44500e+01   constant   
  13  beta_y       1.06160e-04     fixed    
  14  alpha_vw     0.00000e+00     fixed    
  15  w_vw         1.29000e+01   constant   
  16  beta_vw      0.00000e+00     fixed    
  17  LM           1.14256e-03   constant   
  18  zeta_y       0.00000e+00   constant   
  19  zeta_vw      0.00000e+00   constant   
  20  T_CBO        9.99999e+02   6.67258e+02   4.02209e-02  -3.09716e-05
  21  alpha_A0     1.38463e-03   8.34140e-04   2.93596e-06  -1.02195e+00
  22  beta_A0     -1.10265e-03   9.35701e-04   3.34232e-06   1.04619e+00
  23  alpha_phi   -2.61297e-03   7.99366e-04   2.82123e-06   1.90480e+00
  24  beta_phi    -2.64467e-03   7.78090e-04   2.71877e-06   6.18733e-01
 MIGRAD MINIMIZATION HAS CONVERGED.
 MIGRAD WILL VERIFY CONVERGENCE AND ERROR MATRIX.
 COVARIANCE MATRIX CALCULATED SUCCESSFULLY
 FCN=55.4101 FROM MIGRAD    STATUS=CONVERGED     111 CALLS        1944 TOTAL
                     EDM=4.31176e-07    STRATEGY= 1      ERROR MATRIX ACCURATE 
  EXT PARAMETER                                   STEP         FIRST   
  NO.   NAME      VALUE            ERROR          SIZE      DERIVATIVE 
   1  N0           3.52718e+06     fixed    
   2  tau          6.44358e+01   constant   
   3  A0           3.54714e-01     fixed    
   4  phi          4.12286e+00     fixed    
   5  R           -6.05970e+01   constant   
   6  alpha_CBO   -2.40681e-03     fixed    
   7  w_CBO        2.32500e+00   constant   
   8  beta_CBO     3.67214e-03     fixed    
   9  alpha_2CBO  -3.76741e-04     fixed    
  10  beta_2CBO   -5.75592e-05   1.91848e-04   6.88650e-07  -8.58974e-02
  11  alpha_y     -1.35238e-05   1.89961e-04   6.96376e-07  -3.00126e-02
  12  w_y          1.44500e+01   constant   
  13  beta_y       1.06160e-04     fixed    
  14  alpha_vw     0.00000e+00     fixed    
  15  w_vw         1.29000e+01   constant   
  16  beta_vw      0.00000e+00     fixed    
  17  LM           1.14256e-03   constant   
  18  zeta_y       0.00000e+00   constant   
  19  zeta_vw      0.00000e+00   constant   
  20  T_CBO        1.00000e+03   5.83906e+02   4.76735e-02** at limit **
  21  alpha_A0     1.38565e-03   8.01010e-04   2.93016e-06  -3.55579e-01
  22  beta_A0     -1.02958e-03   9.27489e-04   3.33573e-06  -4.62114e-01
  23  alpha_phi   -2.65044e-03   7.75780e-04   2.81564e-06  -8.76805e-01
  24  beta_phi    -2.63957e-03   7.44734e-04   2.71338e-06  -3.56212e-01
 EXTERNAL ERROR MATRIX.    NDIM=  25    NPAR=  7    ERR DEF=1
  3.681e-08  1.316e-10 -4.842e-10  9.295e-11 -3.067e-08  1.508e-08 -1.992e-09 
  1.316e-10  3.609e-08 -1.338e-09 -2.901e-09  2.752e-09 -4.824e-10 -1.499e-09 
 -4.842e-10 -1.338e-09  1.198e-02  3.269e-06 -2.377e-06 -6.150e-06 -6.108e-06 
  9.295e-11 -2.901e-09  3.269e-06  6.416e-07  4.347e-09  4.716e-10  3.242e-08 
 -3.067e-08  2.752e-09 -2.377e-06  4.347e-09  8.602e-07  3.671e-08  4.270e-08 
  1.508e-08 -4.824e-10 -6.150e-06  4.716e-10  3.671e-08  6.018e-07  1.649e-08 
 -1.992e-09 -1.499e-09 -6.108e-06  3.242e-08  4.270e-08  1.649e-08  5.546e-07 
 PARAMETER  CORRELATION COEFFICIENTS  
       NO.  GLOBAL     10     11     20     21     22     23     24
       10  0.20484   1.000  0.004 -0.000  0.001 -0.172  0.101 -0.014
       11  0.02800   0.004  1.000 -0.000 -0.019  0.016 -0.003 -0.011
       20  0.11188  -0.000 -0.000  1.000  0.037 -0.023 -0.072 -0.075
       21  0.07095   0.001 -0.019  0.037  1.000  0.006  0.001  0.054
       22  0.19556  -0.172  0.016 -0.023  0.006  1.000  0.051  0.062
       23  0.14338   0.101 -0.003 -0.072  0.001  0.051  1.000  0.029
       24  0.11398  -0.014 -0.011 -0.075  0.054  0.062  0.029  1.000
MINUIT - FIT ONLY 2-y
 **********
 **   67 **RES 
 **********
                   PARAMETER   16  beta_vw RESTORED TO VARIABLE.
                   PARAMETER   14  alpha_vw RESTORED TO VARIABLE.
                   PARAMETER   13  beta_y RESTORED TO VARIABLE.
                   PARAMETER    9  alpha_2CBO RESTORED TO VARIABLE.
                   PARAMETER    8  beta_CBO RESTORED TO VARIABLE.
                   PARAMETER    6  alpha_CBO RESTORED TO VARIABLE.
                   PARAMETER    4  phi RESTORED TO VARIABLE.
                   PARAMETER    3  A0 RESTORED TO VARIABLE.
                   PARAMETER    1  N0 RESTORED TO VARIABLE.
 **********
 **   68 **FIX            0
 **********
 PARAMETER    0  IS UNDEFINED. IGNORED.
 **********
 **   69 **FIX            1
 **********
 **********
 **   70 **FIX            2
 **********
 PARAMETER    2  IS CONSTANT.   IGNORED.
 **********
 **   71 **FIX            3
 **********
 **********
 **   72 **FIX            4
 **********
 **********
 **   73 **FIX            5
 **********
 PARAMETER    5  IS CONSTANT.   IGNORED.
 **********
 **   74 **FIX            6
 **********
 **********
 **   75 **FIX            7
 **********
 PARAMETER    7  IS CONSTANT.   IGNORED.
 **********
 **   76 **FIX            8
 **********
 **********
 **   77 **FIX            9
 **********
 **********
 **   78 **FIX           10
 **********
 **********
 **   79 **FIX           11
 **********
 **********
 **   80 **FIX           12
 **********
 PARAMETER   12  IS CONSTANT.   IGNORED.
 **********
 **   81 **FIX           16
 **********
 **********
 **   82 **MIGRAD
 **********
 START MIGRAD MINIMIZATION.  STRATEGY  1.  CONVERGENCE WHEN EDM .LT. 1.00e-04
 FCN=55.4101 FROM MIGRAD    STATUS=INITIATE       16 CALLS        1960 TOTAL
                     EDM= unknown      STRATEGY= 1      NO ERROR MATRIX       
  EXT PARAMETER               CURRENT GUESS       STEP         FIRST   
  NO.   NAME      VALUE            ERROR          SIZE      DERIVATIVE 
   1  N0           3.52718e+06     fixed    
   2  tau          6.44358e+01   constant   
   3  A0           3.54714e-01     fixed    
   4  phi          4.12286e+00     fixed    
   5  R           -6.05970e+01   constant   
   6  alpha_CBO   -2.40681e-03     fixed    
   7  w_CBO        2.32500e+00   constant   
   8  beta_CBO     3.67214e-03     fixed    
   9  alpha_2CBO  -3.76741e-04     fixed    
  10  beta_2CBO   -5.75592e-05     fixed    
  11  alpha_y     -1.35238e-05     fixed    
  12  w_y          1.44500e+01   constant   
  13  beta_y       1.06160e-04   1.88243e-04   1.88243e-04  -1.10692e+03
  14  alpha_vw     0.00000e+00   1.00000e-03   1.00000e-03   1.04669e+04
  15  w_vw         1.29000e+01   constant   
  16  beta_vw      0.00000e+00     fixed    
  17  LM           1.14256e-03   constant   
  18  zeta_y       0.00000e+00   constant   
  19  zeta_vw      0.00000e+00   constant   
  20  T_CBO        9.99999e+02   5.83906e+02   4.76735e-02  -2.90141e-05
  21  alpha_A0     1.38565e-03   8.01010e-04   2.93016e-06  -3.56259e-01
  22  beta_A0     -1.02958e-03   9.27489e-04   3.33573e-06  -4.61862e-01
  23  alpha_phi   -2.65044e-03   7.75780e-04   2.81564e-06  -8.75560e-01
  24  beta_phi    -2.63957e-03   7.44734e-04   2.71338e-06  -3.54834e-01
 MIGRAD MINIMIZATION HAS CONVERGED.
 MIGRAD WILL VERIFY CONVERGENCE AND ERROR MATRIX.
 COVARIANCE MATRIX CALCULATED SUCCESSFULLY
 FCN=54.4093 FROM MIGRAD    STATUS=CONVERGED     112 CALLS        2056 TOTAL
                     EDM=4.69137e-08    STRATEGY= 1      ERROR MATRIX ACCURATE 
  EXT PARAMETER                                   STEP         FIRST   
  NO.   NAME      VALUE            ERROR          SIZE      DERIVATIVE 
   1  N0           3.52718e+06     fixed    
   2  tau          6.44358e+01   constant   
   3  A0           3.54714e-01     fixed    
   4  phi          4.12286e+00     fixed    
   5  R           -6.05970e+01   constant   
   6  alpha_CBO   -2.40681e-03     fixed    
   7  w_CBO        2.32500e+00   constant   
   8  beta_CBO     3.67214e-03     fixed    
   9  alpha_2CBO  -3.76741e-04     fixed    
  10  beta_2CBO   -5.75592e-05     fixed    
  11  alpha_y     -1.35238e-05     fixed    
  12  w_y          1.44500e+01   constant   
  13  beta_y       1.24885e-04   1.88247e-04   6.84017e-07  -3.47179e-02
  14  alpha_vw    -1.89250e-04   1.90207e-04   6.90769e-07  -2.11764e-02
  15  w_vw         1.29000e+01   constant   
  16  beta_vw      0.00000e+00     fixed    
  17  LM           1.14256e-03   constant   
  18  zeta_y       0.00000e+00   constant   
  19  zeta_vw      0.00000e+00   constant   
  20  T_CBO        1.00000e+03   5.86981e+02   4.25261e-02** at limit **
  21  alpha_A0     1.38587e-03   8.00797e-04   2.90406e-06  -3.38463e-01
  22  beta_A0     -9.96216e-04   9.14254e-04   3.30601e-06  -4.39690e-02
  23  alpha_phi   -2.64000e-03   7.71436e-04   2.79055e-06   1.72680e-01
  24  beta_phi    -2.63501e-03   7.44233e-04   2.68920e-06  -3.97440e-02
 EXTERNAL ERROR MATRIX.    NDIM=  25    NPAR=  7    ERR DEF=1
  3.544e-08  1.692e-10 -1.206e-10 -1.578e-09 -3.241e-09 -9.703e-10 -1.362e-09 
  1.692e-10  3.618e-08 -1.058e-10 -2.010e-10 -6.678e-09 -2.035e-09 -9.982e-10 
 -1.206e-10 -1.058e-10  1.757e-04  3.523e-07 -2.477e-07 -6.601e-07 -6.572e-07 
 -1.578e-09 -2.010e-10  3.523e-07  6.413e-07  4.998e-09  7.961e-10  3.272e-08 
 -3.241e-09 -6.678e-09 -2.477e-07  4.998e-09  8.359e-07  4.949e-08  4.116e-08 
 -9.703e-10 -2.035e-09 -6.601e-07  7.961e-10  4.949e-08  5.951e-07  1.671e-08 
 -1.362e-09 -9.982e-10 -6.572e-07  3.272e-08  4.116e-08  1.671e-08  5.539e-07 
 PARAMETER  CORRELATION COEFFICIENTS  
       NO.  GLOBAL     13     14     20     21     22     23     24
       13  0.02386   1.000  0.005 -0.000 -0.010 -0.019 -0.007 -0.010
       14  0.04049   0.005  1.000 -0.000 -0.001 -0.038 -0.014 -0.007
       20  0.09938  -0.000 -0.000  1.000  0.033 -0.020 -0.065 -0.067
       21  0.06705  -0.010 -0.001  0.033  1.000  0.007  0.001  0.055
       22  0.10095  -0.019 -0.038 -0.020  0.007  1.000  0.070  0.060
       23  0.09744  -0.007 -0.014 -0.065  0.001  0.070  1.000  0.029
       24  0.10799  -0.010 -0.007 -0.067  0.055  0.060  0.029  1.000
MINUIT - FIT ALTOGETHER
 **********
 **   83 **RES 
 **********
