 + ++++++++++++++++++++++++++++++++++++++++++++++++++++++++++++++++++++ +
 +                                                                      +
 +           You have chose to blind your fitting according to          +
 +                omega_ref * (1 + (R +/- deltaR) *10^{-6})             +
 +                                                                      +
 + ++++++++++++++++++++++++++++++++++++++++++++++++++++++++++++++++++++ +
In main()...
reading format from /gm2data/zkhechad/run45/envelope/formats/formatB_sBin_constraintOn.txt
pBinTau 	= 0  
pBinPhi 	= 0  
constraintau 	= 1 
includeMopTerm 	= 0    
constrainMop    = 0   
Parameters after format file: pBinTau 0 pBinPhi 0 constraintau 1 includeMopTerm 0 constrainMop 0 c_e_scale 0.000000 
Opening file /gm2data/tbarrett/gm2fr/studies/run23_bunch_corrections/CorrectedFourier_Run3b.root.
reading full fit data from /gm2data/zkhechad/cboTemplates/Run4CBOTemplates/fullFits/noRF/sBin_constraintOn_cE0.0_seed0_noRF_calo8.root
windowBins = 69
fitting sliding window 1610 from bin 1746 at 260.354000 to bin 1815 at 270.798000 (69 bins)

Reading data from /gm2data/cornell/histograms/aMethod/histogram_a_noRF.root
 **********
 **    1 **SET PRINTOUT            1
 **********
 **********
 **    2 **SET NOWARNINGS 
 **********
 PARAMETER DEFINITIONS:
    NO.   NAME         VALUE      STEP SIZE      LIMITS
     1 N0           2.93777e+06  1.00000e+02     no limits
     2 tau          6.44050e+01  constant
     3 A0           3.52923e-01  1.00000e-04     no limits
     4 phi          4.11508e+00  1.00000e-02     no limits
     5 R           -6.11922e+01  constant
     6 alpha_CBO    0.00000e+00  1.00000e-03     no limits
     7 w_CBO        2.32500e+00  constant
     8 beta_CBO     0.00000e+00  1.00000e-03     no limits
     9 alpha_2CBO   0.00000e+00  1.00000e-03     no limits
    10 beta_2CBO    0.00000e+00  1.00000e-03     no limits
    11 alpha_y      0.00000e+00  1.00000e-03     no limits
    12 w_y          1.38860e+01  constant
    13 beta_y       0.00000e+00  1.00000e-03     no limits
    14 alpha_vw     0.00000e+00  1.00000e-03     no limits
    15 w_vw         1.43404e+01  constant
    16 beta_vw      0.00000e+00  1.00000e-03     no limits
    17 LM           1.41693e-04  constant
    18 zeta_y       0.00000e+00  constant
    19 zeta_vw      0.00000e+00  constant
    20 T_CBO        1.00000e+02  1.00000e+00    0.00000e+00  1.00000e+03
    21 alpha_A0     0.00000e+00  1.00000e-04   -1.00000e-02  1.00000e-02
    22 beta_A0      0.00000e+00  1.00000e-04   -1.00000e-02  1.00000e-02
    23 alpha_phi    0.00000e+00  1.00000e-04   -1.00000e-02  1.00000e-02
    24 beta_phi     0.00000e+00  1.00000e-04   -1.00000e-02  1.00000e-02
MINUIT - FIT ONLY WIGGLE
 **********
 **    3 **FIX            5
 **********
 PARAMETER    5  IS CONSTANT.   IGNORED.
 **********
 **    4 **FIX            6
 **********
 **********
 **    5 **FIX            7
 **********
 PARAMETER    7  IS CONSTANT.   IGNORED.
 **********
 **    6 **FIX            8
 **********
 **********
 **    7 **FIX            9
 **********
 **********
 **    8 **FIX           10
 **********
 **********
 **    9 **FIX           11
 **********
 **********
 **   10 **FIX           12
 **********
 PARAMETER   12  IS CONSTANT.   IGNORED.
 **********
 **   11 **FIX           13
 **********
 **********
 **   12 **FIX           14
 **********
 **********
 **   13 **FIX           15
 **********
 PARAMETER   15  IS CONSTANT.   IGNORED.
 **********
 **   14 **FIX           16
 **********
 **********
 **   15 **MIGRAD
 **********
 FIRST CALL TO USER FUNCTION AT NEW START POINT, WITH IFLAG=4.
 START MIGRAD MINIMIZATION.  STRATEGY  1.  CONVERGENCE WHEN EDM .LT. 1.00e-04
 FCN=139.497 FROM MIGRAD    STATUS=INITIATE      437 CALLS         438 TOTAL
                     EDM= unknown      STRATEGY= 1      NO ERROR MATRIX       
  EXT PARAMETER               CURRENT GUESS       STEP         FIRST   
  NO.   NAME      VALUE            ERROR          SIZE      DERIVATIVE 
   1  N0           2.93777e+06   1.00000e+02   0.00000e+00  -1.63679e-03
   2  tau          6.44050e+01   constant   
   3  A0           3.52923e-01   1.00000e-04   0.00000e+00   2.74383e+03
   4  phi          4.11508e+00   1.00000e-02   0.00000e+00  -2.59524e+03
   5  R           -6.11922e+01   constant   
   6  alpha_CBO    0.00000e+00     fixed    
   7  w_CBO        2.32500e+00   constant   
   8  beta_CBO     0.00000e+00     fixed    
   9  alpha_2CBO   0.00000e+00     fixed    
  10  beta_2CBO    0.00000e+00     fixed    
  11  alpha_y      0.00000e+00     fixed    
  12  w_y          1.38860e+01   constant   
  13  beta_y       0.00000e+00     fixed    
  14  alpha_vw     0.00000e+00     fixed    
  15  w_vw         1.43404e+01   constant   
  16  beta_vw      0.00000e+00     fixed    
  17  LM           1.41693e-04   constant   
  18  zeta_y       0.00000e+00   constant   
  19  zeta_vw      0.00000e+00   constant   
  20  T_CBO        1.00000e+02   1.00000e+00   0.00000e+00   0.00000e+00
  21  alpha_A0     0.00000e+00   1.00000e-04   0.00000e+00  -1.19462e+00
  22  beta_A0      0.00000e+00   1.00000e-04   0.00000e+00   1.82373e+00
  23  alpha_phi    0.00000e+00   1.00000e-04   0.00000e+00  -2.02463e+00
  24  beta_phi     0.00000e+00   1.00000e-04   0.00000e+00   2.61895e-01
 MIGRAD MINIMIZATION HAS CONVERGED.
 FCN=121.371 FROM MIGRAD    STATUS=CONVERGED     753 CALLS         754 TOTAL
                     EDM=2.53245e-07    STRATEGY= 1  ERROR MATRIX UNCERTAINTY   0.5 per cent
  EXT PARAMETER                                   STEP         FIRST   
  NO.   NAME      VALUE            ERROR          SIZE      DERIVATIVE 
   1  N0           2.93839e+06   9.72796e+02  -1.96800e+00  -2.30021e-07
   2  tau          6.44050e+01   constant   
   3  A0           3.52546e-01   4.49617e-04  -8.96060e-07   4.39692e-02
   4  phi          4.11719e+00   1.24073e-03   2.05879e-08  -2.50144e-01
   5  R           -6.11922e+01   constant   
   6  alpha_CBO    0.00000e+00     fixed    
   7  w_CBO        2.32500e+00   constant   
   8  beta_CBO     0.00000e+00     fixed    
   9  alpha_2CBO   0.00000e+00     fixed    
  10  beta_2CBO    0.00000e+00     fixed    
  11  alpha_y      0.00000e+00     fixed    
  12  w_y          1.38860e+01   constant   
  13  beta_y       0.00000e+00     fixed    
  14  alpha_vw     0.00000e+00     fixed    
  15  w_vw         1.43404e+01   constant   
  16  beta_vw      0.00000e+00     fixed    
  17  LM           1.41693e-04   constant   
  18  zeta_y       0.00000e+00   constant   
  19  zeta_vw      0.00000e+00   constant   
  20  T_CBO        4.10169e+02   1.05510e+02   6.06543e-04  -4.97397e-03
  21  alpha_A0     4.76086e-03   3.11600e-03  -4.04896e-04  -2.54859e-03
  22  beta_A0     -7.19399e-03   3.56979e-03   5.96378e-04   5.28082e-04
  23  alpha_phi    9.61683e-03   3.23600e-03   1.75361e-03   8.19519e-04
  24  beta_phi    -1.35878e-03   3.42547e-03  -8.89867e-04   6.93894e-04
 EXTERNAL ERROR MATRIX.    NDIM=  25    NPAR=  8    ERR DEF=1
  9.463e+05 -2.383e-02 -1.024e-01  7.712e+03  4.150e-01  7.660e-01  5.117e-01  2.018e-01 
 -2.383e-02  2.022e-07 -2.983e-08 -6.802e-03 -7.856e-08 -2.941e-07 -1.886e-07  1.512e-07 
 -1.024e-01 -2.983e-08  1.539e-06  2.104e-03 -1.880e-08  7.727e-08  1.863e-08 -6.334e-07 
  7.712e+03 -6.802e-03  2.104e-03  1.131e+04 -4.400e-02  1.377e-01  1.418e-01  4.382e-02 
  4.150e-01 -7.856e-08 -1.880e-08 -4.400e-02  1.015e-05  1.582e-07  3.013e-06 -7.936e-07 
  7.660e-01 -2.941e-07  7.727e-08  1.377e-01  1.582e-07  1.406e-05  3.031e-06 -8.294e-07 
  5.117e-01 -1.886e-07  1.863e-08  1.418e-01  3.013e-06  3.031e-06  5.371e-06 -3.623e-07 
  2.018e-01  1.512e-07 -6.334e-07  4.382e-02 -7.936e-07 -8.294e-07 -3.623e-07  1.223e-05 
 PARAMETER  CORRELATION COEFFICIENTS  
       NO.  GLOBAL      1      3      4     20     21     22     23     24
        1  0.30936   1.000 -0.054 -0.085  0.075  0.134  0.210  0.227  0.059
        3  0.23867  -0.054  1.000 -0.053 -0.142 -0.055 -0.174 -0.181  0.096
        4  0.17413  -0.085 -0.053  1.000  0.016 -0.005  0.017  0.006 -0.146
       20  0.72212   0.075 -0.142  0.016  1.000 -0.130  0.345  0.575  0.118
       21  0.60779   0.134 -0.055 -0.005 -0.130  1.000  0.013  0.408 -0.071
       22  0.44272   0.210 -0.174  0.017  0.345  0.013  1.000  0.349 -0.063
       23  0.77566   0.227 -0.181  0.006  0.575  0.408  0.349  1.000 -0.045
       24  0.27645   0.059  0.096 -0.146  0.118 -0.071 -0.063 -0.045  1.000
MINUIT - FIT ONLY 1-CBO + wiggle
 **********
 **   16 **RES 
 **********
                   PARAMETER   16  beta_vw RESTORED TO VARIABLE.
                   PARAMETER   14  alpha_vw RESTORED TO VARIABLE.
                   PARAMETER   13  beta_y RESTORED TO VARIABLE.
                   PARAMETER   11  alpha_y RESTORED TO VARIABLE.
                   PARAMETER   10  beta_2CBO RESTORED TO VARIABLE.
                   PARAMETER    9  alpha_2CBO RESTORED TO VARIABLE.
                   PARAMETER    8  beta_CBO RESTORED TO VARIABLE.
                   PARAMETER    6  alpha_CBO RESTORED TO VARIABLE.
 **********
 **   17 **FIX            8
 **********
 **********
 **   18 **FIX            9
 **********
 **********
 **   19 **FIX           11
 **********
 **********
 **   20 **FIX           12
 **********
 PARAMETER   12  IS CONSTANT.   IGNORED.
 **********
 **   21 **FIX           14
 **********
 **********
 **   22 **FIX           15
 **********
 PARAMETER   15  IS CONSTANT.   IGNORED.
 **********
 **   23 **FIX           16
 **********
 **********
 **   24 **MIGRAD
 **********
 START MIGRAD MINIMIZATION.  STRATEGY  1.  CONVERGENCE WHEN EDM .LT. 1.00e-04
 FCN=121.371 FROM MIGRAD    STATUS=INITIATE       28 CALLS         782 TOTAL
                     EDM= unknown      STRATEGY= 1      NO ERROR MATRIX       
  EXT PARAMETER               CURRENT GUESS       STEP         FIRST   
  NO.   NAME      VALUE            ERROR          SIZE      DERIVATIVE 
   1  N0           2.93839e+06   9.72796e+02  -1.96800e+00  -2.30021e-07
   2  tau          6.44050e+01   constant   
   3  A0           3.52546e-01   4.49617e-04  -8.96060e-07   4.39689e-02
   4  phi          4.11719e+00   1.24073e-03   2.05879e-08  -2.50144e-01
   5  R           -6.11922e+01   constant   
   6  alpha_CBO    0.00000e+00   1.00000e-03   1.00000e-03  -2.40644e+04
   7  w_CBO        2.32500e+00   constant   
   8  beta_CBO     0.00000e+00     fixed    
   9  alpha_2CBO   0.00000e+00     fixed    
  10  beta_2CBO    0.00000e+00   1.00000e-03   1.00000e-03  -2.99121e+03
  11  alpha_y      0.00000e+00     fixed    
  12  w_y          1.38860e+01   constant   
  13  beta_y       0.00000e+00   1.00000e-03   1.00000e-03  -2.47623e+03
  14  alpha_vw     0.00000e+00     fixed    
  15  w_vw         1.43404e+01   constant   
  16  beta_vw      0.00000e+00     fixed    
  17  LM           1.41693e-04   constant   
  18  zeta_y       0.00000e+00   constant   
  19  zeta_vw      0.00000e+00   constant   
  20  T_CBO        4.10169e+02   1.05510e+02   6.06543e-04  -4.97405e-03
  21  alpha_A0     4.76086e-03   3.11600e-03  -4.04896e-04   2.54862e-03
  22  beta_A0     -7.19399e-03   3.56979e-03   5.96378e-04   5.28015e-04
  23  alpha_phi    9.61683e-03   3.23600e-03   1.75361e-03   8.17165e-04
  24  beta_phi    -1.35878e-03   3.42547e-03  -8.89867e-04   6.93892e-04
 MIGRAD MINIMIZATION HAS CONVERGED.
 FCN=87.34 FROM MIGRAD    STATUS=CONVERGED     230 CALLS         984 TOTAL
                     EDM=4.82344e-06    STRATEGY= 1  ERROR MATRIX UNCERTAINTY   1.7 per cent
  EXT PARAMETER                                   STEP         FIRST   
  NO.   NAME      VALUE            ERROR          SIZE      DERIVATIVE 
   1  N0           2.93881e+06   1.03009e+03  -1.35653e+00  -7.43566e-07
   2  tau          6.44050e+01   constant   
   3  A0           3.53204e-01   4.73729e-04  -6.40072e-07  -1.43155e+00
   4  phi          4.11613e+00   1.35121e-03  -5.11060e-07   2.09878e-02
   5  R           -6.11922e+01   constant   
   6  alpha_CBO    2.74980e-03   4.77406e-04   9.50718e-08  -2.44889e-02
   7  w_CBO        2.32500e+00   constant   
   8  beta_CBO     0.00000e+00     fixed    
   9  alpha_2CBO   0.00000e+00     fixed    
  10  beta_2CBO    4.14824e-04   4.73088e-04  -1.18445e-06  -3.28337e+00
  11  alpha_y      0.00000e+00     fixed    
  12  w_y          1.38860e+01   constant   
  13  beta_y       2.57238e-04   4.65636e-04  -2.15406e-07  -4.83777e-01
  14  alpha_vw     0.00000e+00     fixed    
  15  w_vw         1.43404e+01   constant   
  16  beta_vw      0.00000e+00     fixed    
  17  LM           1.41693e-04   constant   
  18  zeta_y       0.00000e+00   constant   
  19  zeta_vw      0.00000e+00   constant   
  20  T_CBO        3.85803e+02   1.96996e+02   1.09972e-03  -5.14664e-03
  21  alpha_A0     1.68393e-03   3.65377e-03  -8.92583e-04  -1.40075e-03
  22  beta_A0     -8.85311e-03   2.51445e-03   8.87349e-05  -6.00631e-03
  23  alpha_phi    8.73620e-03   1.41699e-02  -1.26328e-03   9.39685e-04
  24  beta_phi     4.24524e-04   3.65173e-03  -3.41961e-04  -8.51317e-04
 EXTERNAL ERROR MATRIX.    NDIM=  25    NPAR= 11    ERR DEF=1
  1.061e+06 
 -2.936e-02  2.244e-07 
 -1.763e-01 -3.589e-08  1.826e-06 
  2.991e-02  5.311e-08 -8.333e-08  2.279e-07 
  2.762e-03  1.191e-08 -2.469e-08  5.626e-09  2.238e-07 
  6.620e-03  7.863e-10  1.378e-09 -1.144e-09 -7.849e-10  2.168e-07 
 -4.646e+04 -1.588e-03  1.032e-02  3.085e-04 -1.536e-02 -3.946e-03  4.113e+04 
 -3.671e-01 -3.083e-08  3.185e-08 -2.879e-07  1.571e-07  2.638e-08 -1.873e-01  1.401e-05 
  1.607e-01 -3.323e-07  3.294e-08 -8.130e-08 -3.601e-07 -4.072e-08  8.300e-02 -1.082e-06  7.058e-06 
  1.649e+00 -3.311e-07 -2.224e-07 -1.230e-07  2.805e-07  3.883e-08 -6.477e-01  2.832e-06  1.003e-06  2.478e-05 
  2.507e-01  1.915e-07 -4.639e-07  1.198e-07  2.225e-07  5.894e-09 -9.435e-02  9.390e-07 -1.865e-06  8.717e-07  1.398e-05 
 PARAMETER  CORRELATION COEFFICIENTS  
       NO.  GLOBAL      1      3      4      6     10     13     20     21     22     23     24
        1  0.38323   1.000 -0.060 -0.127  0.061  0.006  0.014 -0.222 -0.095  0.059  0.322  0.065
        3  0.37279  -0.060  1.000 -0.056  0.235  0.053  0.004 -0.017 -0.017 -0.264 -0.140  0.108
        4  0.19717  -0.127 -0.056  1.000 -0.129 -0.039  0.002  0.038  0.006  0.009 -0.033 -0.092
        6  0.31366   0.061  0.235 -0.129  1.000  0.025 -0.005  0.003 -0.161 -0.064 -0.052  0.067
       10  0.33145   0.006  0.053 -0.039  0.025  1.000 -0.004 -0.160  0.089 -0.287  0.119  0.126
       13  0.05505   0.014  0.004  0.002 -0.005 -0.004  1.000 -0.042  0.015 -0.033  0.017  0.003
       20  0.69142  -0.222 -0.017  0.038  0.003 -0.160 -0.042  1.000 -0.247  0.154 -0.642 -0.124
       21  0.34051  -0.095 -0.017  0.006 -0.161  0.089  0.015 -0.247  1.000 -0.109  0.152  0.067
       22  0.45714   0.059 -0.264  0.009 -0.064 -0.287 -0.033  0.154 -0.109  1.000  0.076 -0.188
       23  0.69763   0.322 -0.140 -0.033 -0.052  0.119  0.017 -0.642  0.152  0.076  1.000  0.047
       24  0.25382   0.065  0.108 -0.092  0.067  0.126  0.003 -0.124  0.067 -0.188  0.047  1.000
MINUIT - FIT ONLY 2-CBO
 **********
 **   25 **RES 
 **********
                   PARAMETER   16  beta_vw RESTORED TO VARIABLE.
                   PARAMETER   14  alpha_vw RESTORED TO VARIABLE.
                   PARAMETER   11  alpha_y RESTORED TO VARIABLE.
                   PARAMETER    9  alpha_2CBO RESTORED TO VARIABLE.
                   PARAMETER    8  beta_CBO RESTORED TO VARIABLE.
 **********
 **   26 **FIX            0
 **********
 PARAMETER    0  IS UNDEFINED. IGNORED.
 **********
 **   27 **FIX            1
 **********
 **********
 **   28 **FIX            2
 **********
 PARAMETER    2  IS CONSTANT.   IGNORED.
 **********
 **   29 **FIX            3
 **********
 **********
 **   30 **FIX            4
 **********
 **********
 **   31 **FIX            5
 **********
 PARAMETER    5  IS CONSTANT.   IGNORED.
 **********
 **   32 **FIX            6
 **********
 **********
 **   33 **FIX            7
 **********
 PARAMETER    7  IS CONSTANT.   IGNORED.
 **********
 **   34 **FIX           10
 **********
 **********
 **   35 **FIX           11
 **********
 **********
 **   36 **FIX           12
 **********
 PARAMETER   12  IS CONSTANT.   IGNORED.
 **********
 **   37 **FIX           13
 **********
 **********
 **   38 **FIX           14
 **********
 **********
 **   39 **FIX           15
 **********
 PARAMETER   15  IS CONSTANT.   IGNORED.
 **********
 **   40 **FIX           16
 **********
 **********
 **   41 **MIGRAD
 **********
 START MIGRAD MINIMIZATION.  STRATEGY  1.  CONVERGENCE WHEN EDM .LT. 1.00e-04
 FCN=87.34 FROM MIGRAD    STATUS=INITIATE       18 CALLS        1002 TOTAL
                     EDM= unknown      STRATEGY= 1      NO ERROR MATRIX       
  EXT PARAMETER               CURRENT GUESS       STEP         FIRST   
  NO.   NAME      VALUE            ERROR          SIZE      DERIVATIVE 
   1  N0           2.93881e+06     fixed    
   2  tau          6.44050e+01   constant   
   3  A0           3.53204e-01     fixed    
   4  phi          4.11613e+00     fixed    
   5  R           -6.11922e+01   constant   
   6  alpha_CBO    2.74980e-03     fixed    
   7  w_CBO        2.32500e+00   constant   
   8  beta_CBO     0.00000e+00   1.00000e-03   1.00000e-03   2.28215e+04
   9  alpha_2CBO   0.00000e+00   1.00000e-03   1.00000e-03  -3.13174e+03
  10  beta_2CBO    4.14824e-04     fixed    
  11  alpha_y      0.00000e+00     fixed    
  12  w_y          1.38860e+01   constant   
  13  beta_y       2.57238e-04     fixed    
  14  alpha_vw     0.00000e+00     fixed    
  15  w_vw         1.43404e+01   constant   
  16  beta_vw      0.00000e+00     fixed    
  17  LM           1.41693e-04   constant   
  18  zeta_y       0.00000e+00   constant   
  19  zeta_vw      0.00000e+00   constant   
  20  T_CBO        3.85803e+02   1.96996e+02   1.09972e-03  -5.14679e-03
  21  alpha_A0     1.68393e-03   3.65377e-03  -8.92583e-04  -1.40077e-03
  22  beta_A0     -8.85311e-03   2.51445e-03   8.87349e-05  -6.00627e-03
  23  alpha_phi    8.73620e-03   1.41699e-02  -1.26328e-03   9.39882e-04
  24  beta_phi     4.24524e-04   3.65173e-03  -3.41961e-04  -8.51315e-04
 MIGRAD MINIMIZATION HAS CONVERGED.
 MIGRAD WILL VERIFY CONVERGENCE AND ERROR MATRIX.
 COVARIANCE MATRIX CALCULATED SUCCESSFULLY
 FCN=56.5351 FROM MIGRAD    STATUS=CONVERGED     642 CALLS        1626 TOTAL
                     EDM=4.93895e-06    STRATEGY= 1      ERROR MATRIX ACCURATE 
  EXT PARAMETER                                   STEP         FIRST   
  NO.   NAME      VALUE            ERROR          SIZE      DERIVATIVE 
   1  N0           2.93881e+06     fixed    
   2  tau          6.44050e+01   constant   
   3  A0           3.53204e-01     fixed    
   4  phi          4.11613e+00     fixed    
   5  R           -6.11922e+01   constant   
   6  alpha_CBO    2.74980e-03     fixed    
   7  w_CBO        2.32500e+00   constant   
   8  beta_CBO    -2.62358e-03   4.77181e-04   1.74824e-06   9.61790e-01
   9  alpha_2CBO   5.44955e-04   4.79744e-04   1.72552e-06   1.08776e+00
  10  beta_2CBO    4.14824e-04     fixed    
  11  alpha_y      0.00000e+00     fixed    
  12  w_y          1.38860e+01   constant   
  13  beta_y       2.57238e-04     fixed    
  14  alpha_vw     0.00000e+00     fixed    
  15  w_vw         1.43404e+01   constant   
  16  beta_vw      0.00000e+00     fixed    
  17  LM           1.41693e-04   constant   
  18  zeta_y       0.00000e+00   constant   
  19  zeta_vw      0.00000e+00   constant   
  20  T_CBO        9.99793e+02   5.33203e+02   5.86632e-02  -1.36084e-04
  21  alpha_A0     1.09986e-03   2.25903e-03   8.45030e-04   6.80817e-03
  22  beta_A0     -4.46763e-03   2.48156e-03   1.02049e-03  -9.23287e-04
  23  alpha_phi    5.87547e-03   2.35362e-03   1.07745e-03   6.08571e-05
  24  beta_phi    -3.61047e-05   2.29532e-03   8.52277e-04  -1.79395e-03
 EXTERNAL ERROR MATRIX.    NDIM=  25    NPAR=  7    ERR DEF=1
  2.277e-07 -1.614e-08  6.079e-08 -1.223e-08 -1.378e-07  1.085e-08  1.725e-08 
 -1.614e-08  2.302e-07 -3.674e-07 -8.676e-08 -1.462e-07  1.735e-07 -7.387e-08 
  6.079e-08 -3.674e-07  7.741e+04  4.562e-04 -1.773e-03  2.348e-03 -2.187e-05 
 -1.223e-08 -8.676e-08  4.562e-04  5.194e-06  1.147e-07  5.901e-09  3.204e-07 
 -1.378e-07 -1.462e-07 -1.773e-03  1.147e-07  6.323e-06  2.570e-07 -3.585e-07 
  1.085e-08  1.735e-07  2.348e-03  5.901e-09  2.570e-07  5.703e-06 -2.137e-07 
  1.725e-08 -7.387e-08 -2.187e-05  3.204e-07 -3.585e-07 -2.137e-07  5.364e-06 
 PARAMETER  CORRELATION COEFFICIENTS  
       NO.  GLOBAL      8      9     20     21     22     23     24
        8  0.14662   1.000 -0.071  0.000 -0.011 -0.115  0.010  0.016
        9  0.23857  -0.071  1.000 -0.000 -0.079 -0.121  0.151 -0.066
       20  0.00461   0.000 -0.000  1.000  0.001 -0.003  0.004 -0.000
       21  0.10026  -0.011 -0.079  0.001  1.000  0.020  0.001  0.061
       22  0.19677  -0.115 -0.121 -0.003  0.020  1.000  0.043 -0.062
       23  0.16837   0.010  0.151  0.004  0.001  0.043  1.000 -0.039
       24  0.11475   0.016 -0.066 -0.000  0.061 -0.062 -0.039  1.000
MINUIT - FIT wiggle + 1-CBO + 2-CBO
 **********
 **   42 **RES 
 **********
                   PARAMETER   16  beta_vw RESTORED TO VARIABLE.
                   PARAMETER   14  alpha_vw RESTORED TO VARIABLE.
                   PARAMETER   13  beta_y RESTORED TO VARIABLE.
                   PARAMETER   11  alpha_y RESTORED TO VARIABLE.
                   PARAMETER   10  beta_2CBO RESTORED TO VARIABLE.
                   PARAMETER    6  alpha_CBO RESTORED TO VARIABLE.
                   PARAMETER    4  phi RESTORED TO VARIABLE.
                   PARAMETER    3  A0 RESTORED TO VARIABLE.
                   PARAMETER    1  N0 RESTORED TO VARIABLE.
 **********
 **   43 **FIX           10
 **********
 **********
 **   44 **FIX           11
 **********
 **********
 **   45 **FIX           12
 **********
 PARAMETER   12  IS CONSTANT.   IGNORED.
 **********
 **   46 **FIX           13
 **********
 **********
 **   47 **FIX           14
 **********
 **********
 **   48 **FIX           15
 **********
 PARAMETER   15  IS CONSTANT.   IGNORED.
 **********
 **   49 **FIX           16
 **********
 **********
 **   50 **MIGRAD
 **********
 START MIGRAD MINIMIZATION.  STRATEGY  1.  CONVERGENCE WHEN EDM .LT. 1.00e-04
 FCN=56.5351 FROM MIGRAD    STATUS=INITIATE       22 CALLS        1648 TOTAL
                     EDM= unknown      STRATEGY= 1      NO ERROR MATRIX       
  EXT PARAMETER               CURRENT GUESS       STEP         FIRST   
  NO.   NAME      VALUE            ERROR          SIZE      DERIVATIVE 
   1  N0           2.93881e+06   1.03009e+03   1.03009e+03   8.82072e-04
   2  tau          6.44050e+01   constant   
   3  A0           3.53204e-01   4.73729e-04   4.73729e-04   2.59140e+03
   4  phi          4.11613e+00   1.35121e-03   1.35121e-03   1.54777e+03
   5  R           -6.11922e+01   constant   
   6  alpha_CBO    2.74980e-03   4.77406e-04   4.77406e-04   9.83118e+01
   7  w_CBO        2.32500e+00   constant   
   8  beta_CBO    -2.62358e-03   4.77181e-04   1.74824e-06   9.61791e-01
   9  alpha_2CBO   5.44955e-04   4.79744e-04   1.72552e-06   1.08776e+00
  10  beta_2CBO    4.14824e-04     fixed    
  11  alpha_y      0.00000e+00     fixed    
  12  w_y          1.38860e+01   constant   
  13  beta_y       2.57238e-04     fixed    
  14  alpha_vw     0.00000e+00     fixed    
  15  w_vw         1.43404e+01   constant   
  16  beta_vw      0.00000e+00     fixed    
  17  LM           1.41693e-04   constant   
  18  zeta_y       0.00000e+00   constant   
  19  zeta_vw      0.00000e+00   constant   
  20  T_CBO        9.99793e+02   5.33203e+02   5.86632e-02  -1.38955e-04
  21  alpha_A0     1.09986e-03   2.25903e-03   8.45030e-04   6.80671e-03
  22  beta_A0     -4.46763e-03   2.48156e-03   1.02049e-03  -9.16660e-04
  23  alpha_phi    5.87547e-03   2.35362e-03   1.07745e-03   5.92782e-05
  24  beta_phi    -3.61047e-05   2.29532e-03   8.52277e-04  -1.79390e-03
 MIGRAD MINIMIZATION HAS CONVERGED.
 MIGRAD WILL VERIFY CONVERGENCE AND ERROR MATRIX.
 COVARIANCE MATRIX CALCULATED SUCCESSFULLY
 FCN=55.0996 FROM MIGRAD    STATUS=CONVERGED     245 CALLS        1871 TOTAL
                     EDM=5.14932e-07    STRATEGY= 1      ERROR MATRIX ACCURATE 
  EXT PARAMETER                                   STEP         FIRST   
  NO.   NAME      VALUE            ERROR          SIZE      DERIVATIVE 
   1  N0           2.93854e+06   1.03008e+03   3.46392e+00   1.07270e-07
   2  tau          6.44050e+01   constant   
   3  A0           3.52939e-01   4.74493e-04   1.62986e-06   7.87325e-01
   4  phi          4.11487e+00   1.33766e-03   4.68211e-06  -1.98310e-01
   5  R           -6.11922e+01   constant   
   6  alpha_CBO    2.72019e-03   4.77327e-04   1.65557e-06   9.42569e-01
   7  w_CBO        2.32500e+00   constant   
   8  beta_CBO    -2.74364e-03   4.87603e-04   1.72653e-06  -2.87795e-01
   9  alpha_2CBO   5.87173e-04   4.81829e-04   1.70411e-06   1.08849e-01
  10  beta_2CBO    4.14824e-04     fixed    
  11  alpha_y      0.00000e+00     fixed    
  12  w_y          1.38860e+01   constant   
  13  beta_y       2.57238e-04     fixed    
  14  alpha_vw     0.00000e+00     fixed    
  15  w_vw         1.43404e+01   constant   
  16  beta_vw      0.00000e+00     fixed    
  17  LM           1.41693e-04   constant   
  18  zeta_y       0.00000e+00   constant   
  19  zeta_vw      0.00000e+00   constant   
  20  T_CBO        9.99996e+02   9.22713e+02   5.88509e-02  -2.86847e-05
  21  alpha_A0     1.16374e-03   2.30795e-03   8.35368e-04  -1.34004e-03
  22  beta_A0     -4.38455e-03   2.57421e-03   1.00345e-03  -4.89437e-04
  23  alpha_phi    5.98110e-03   2.48135e-03   1.07497e-03   5.35553e-04
  24  beta_phi     6.39625e-05   2.33427e-03   8.42159e-04  -1.33668e-03
 EXTERNAL ERROR MATRIX.    NDIM=  25    NPAR= 11    ERR DEF=1
  1.061e+06 
 -2.303e-02  2.251e-07 
 -2.137e-01 -2.438e-08  1.789e-06 
  3.185e-02  5.258e-08 -8.192e-08  2.278e-07 
  2.204e-02  2.206e-08  1.053e-07  3.884e-09  2.378e-07 
 -2.166e-02 -7.506e-09 -3.033e-08  8.984e-09 -1.960e-08  2.322e-07 
  2.894e-01  2.724e-06  1.633e-05 -1.174e-06  1.936e-06 -2.325e-06  1.068e+03 
 -2.534e-01 -3.965e-08  1.374e-07 -1.993e-07 -1.876e-08 -8.976e-08  2.164e-03  5.425e-06 
  5.160e-01 -2.096e-07 -4.613e-08 -6.733e-08 -1.446e-07 -1.523e-07 -7.948e-03  4.789e-08  6.816e-06 
  5.912e-01 -2.285e-07 -8.723e-08 -6.709e-08  1.378e-09  1.676e-07  1.088e-02 -3.343e-08  6.590e-07  6.365e-06 
  1.898e-01  1.133e-07 -4.304e-07  6.700e-08  9.246e-09 -7.336e-08  9.874e-05  2.180e-07 -3.750e-07 -2.237e-07  5.551e-06 
 PARAMETER  CORRELATION COEFFICIENTS  
       NO.  GLOBAL      1      3      4      6      8      9     20     21     22     23     24
        1  0.36237   1.000 -0.047 -0.155  0.065  0.044 -0.044  0.000 -0.106  0.192  0.227  0.078
        3  0.34330  -0.047  1.000 -0.038  0.232  0.095 -0.033  0.000 -0.036 -0.169 -0.191  0.101
        4  0.28985  -0.155 -0.038  1.000 -0.128  0.161 -0.047  0.000  0.044 -0.013 -0.026 -0.137
        6  0.31714   0.065  0.232 -0.128  1.000  0.017  0.039 -0.000 -0.179 -0.054 -0.056  0.060
        8  0.25025   0.044  0.095  0.161  0.017  1.000 -0.083  0.000 -0.017 -0.114  0.001  0.008
        9  0.25453  -0.044 -0.033 -0.047  0.039 -0.083  1.000 -0.000 -0.080 -0.121  0.138 -0.065
       20  0.17672   0.000  0.000  0.000 -0.000  0.000 -0.000  1.000  0.028 -0.093  0.132  0.001
       21  0.22689  -0.106 -0.036  0.044 -0.179 -0.017 -0.080  0.028  1.000  0.008 -0.006  0.040
       22  0.32829   0.192 -0.169 -0.013 -0.054 -0.114 -0.121 -0.093  0.008  1.000  0.100 -0.061
       23  0.35776   0.227 -0.191 -0.026 -0.056  0.001  0.138  0.132 -0.006  0.100  1.000 -0.038
       24  0.21157   0.078  0.101 -0.137  0.060  0.008 -0.065  0.001  0.040 -0.061 -0.038  1.000
MINUIT - FIT ONLY 1-y
 **********
 **   51 **RES 
 **********
                   PARAMETER   16  beta_vw RESTORED TO VARIABLE.
                   PARAMETER   14  alpha_vw RESTORED TO VARIABLE.
                   PARAMETER   13  beta_y RESTORED TO VARIABLE.
                   PARAMETER   11  alpha_y RESTORED TO VARIABLE.
                   PARAMETER   10  beta_2CBO RESTORED TO VARIABLE.
 **********
 **   52 **FIX            0
 **********
 PARAMETER    0  IS UNDEFINED. IGNORED.
 **********
 **   53 **FIX            1
 **********
 **********
 **   54 **FIX            2
 **********
 PARAMETER    2  IS CONSTANT.   IGNORED.
 **********
 **   55 **FIX            3
 **********
 **********
 **   56 **FIX            4
 **********
 **********
 **   57 **FIX            5
 **********
 PARAMETER    5  IS CONSTANT.   IGNORED.
 **********
 **   58 **FIX            6
 **********
 **********
 **   59 **FIX            7
 **********
 PARAMETER    7  IS CONSTANT.   IGNORED.
 **********
 **   60 **FIX            8
 **********
 **********
 **   61 **FIX            9
 **********
 **********
 **   62 **FIX           13
 **********
 **********
 **   63 **FIX           14
 **********
 **********
 **   64 **FIX           15
 **********
 PARAMETER   15  IS CONSTANT.   IGNORED.
 **********
 **   65 **FIX           16
 **********
 **********
 **   66 **MIGRAD
 **********
 START MIGRAD MINIMIZATION.  STRATEGY  1.  CONVERGENCE WHEN EDM .LT. 1.00e-04
 FCN=55.0996 FROM MIGRAD    STATUS=INITIATE       16 CALLS        1887 TOTAL
                     EDM= unknown      STRATEGY= 1      NO ERROR MATRIX       
  EXT PARAMETER               CURRENT GUESS       STEP         FIRST   
  NO.   NAME      VALUE            ERROR          SIZE      DERIVATIVE 
   1  N0           2.93854e+06     fixed    
   2  tau          6.44050e+01   constant   
   3  A0           3.52939e-01     fixed    
   4  phi          4.11487e+00     fixed    
   5  R           -6.11922e+01   constant   
   6  alpha_CBO    2.72019e-03     fixed    
   7  w_CBO        2.32500e+00   constant   
   8  beta_CBO    -2.74364e-03     fixed    
   9  alpha_2CBO   5.87173e-04     fixed    
  10  beta_2CBO    4.14824e-04   4.73088e-04   4.73088e-04   1.24248e+03
  11  alpha_y      0.00000e+00   1.00000e-03   1.00000e-03  -3.44066e+03
  12  w_y          1.38860e+01   constant   
  13  beta_y       2.57238e-04     fixed    
  14  alpha_vw     0.00000e+00     fixed    
  15  w_vw         1.43404e+01   constant   
  16  beta_vw      0.00000e+00     fixed    
  17  LM           1.41693e-04   constant   
  18  zeta_y       0.00000e+00   constant   
  19  zeta_vw      0.00000e+00   constant   
  20  T_CBO        9.99996e+02   9.22713e+02   5.88509e-02  -2.90860e-05
  21  alpha_A0     1.16374e-03   2.30795e-03   8.35368e-04  -1.34159e-03
  22  beta_A0     -4.38455e-03   2.57421e-03   1.00345e-03  -4.83266e-04
  23  alpha_phi    5.98110e-03   2.48135e-03   1.07497e-03   5.25970e-04
  24  beta_phi     6.39625e-05   2.33427e-03   8.42159e-04  -1.33676e-03
 MIGRAD MINIMIZATION HAS CONVERGED.
 MIGRAD WILL VERIFY CONVERGENCE AND ERROR MATRIX.
 COVARIANCE MATRIX CALCULATED SUCCESSFULLY
 FCN=54.3843 FROM MIGRAD    STATUS=CONVERGED     112 CALLS        1983 TOTAL
                     EDM=1.43027e-06    STRATEGY= 1      ERROR MATRIX ACCURATE 
  EXT PARAMETER                                   STEP         FIRST   
  NO.   NAME      VALUE            ERROR          SIZE      DERIVATIVE 
   1  N0           2.93854e+06     fixed    
   2  tau          6.44050e+01   constant   
   3  A0           3.52939e-01     fixed    
   4  phi          4.11487e+00     fixed    
   5  R           -6.11922e+01   constant   
   6  alpha_CBO    2.72019e-03     fixed    
   7  w_CBO        2.32500e+00   constant   
   8  beta_CBO    -2.74364e-03     fixed    
   9  alpha_2CBO   5.87173e-04     fixed    
  10  beta_2CBO    2.71259e-04   4.68348e-04   1.66538e-06  -2.16141e+00
  11  alpha_y      3.64093e-04   4.58366e-04   1.66467e-06   6.45289e-01
  12  w_y          1.38860e+01   constant   
  13  beta_y       2.57238e-04     fixed    
  14  alpha_vw     0.00000e+00     fixed    
  15  w_vw         1.43404e+01   constant   
  16  beta_vw      0.00000e+00     fixed    
  17  LM           1.41693e-04   constant   
  18  zeta_y       0.00000e+00   constant   
  19  zeta_vw      0.00000e+00   constant   
  20  T_CBO        1.00000e+03   9.08217e+02   5.30938e-02** at limit **
  21  alpha_A0     1.08073e-03   2.26739e-03   8.29147e-04  -8.08744e-04
  22  beta_A0     -4.35630e-03   2.46643e-03   9.95608e-04  -3.87616e-03
  23  alpha_phi    5.94742e-03   2.35418e-03   1.06413e-03  -6.22032e-04
  24  beta_phi    -6.06350e-06   2.32122e-03   8.36751e-04   3.65387e-03
 EXTERNAL ERROR MATRIX.    NDIM=  25    NPAR=  7    ERR DEF=1
  2.193e-07 -4.137e-09 -4.960e-09  1.187e-07 -9.420e-08  4.648e-08  1.734e-07 
 -4.137e-09  2.101e-07 -6.468e-09 -5.479e-09 -1.683e-08 -2.400e-09  2.116e-08 
 -4.960e-09 -6.468e-09  3.840e-02  1.262e-05 -4.957e-05  6.789e-05 -1.611e-07 
  1.187e-07 -5.479e-09  1.262e-05  5.233e-06 -1.631e-08  1.285e-07  3.867e-07 
 -9.420e-08 -1.683e-08 -4.957e-05 -1.631e-08  6.242e-06  2.748e-07 -4.682e-07 
  4.648e-08 -2.400e-09  6.789e-05  1.285e-07  2.748e-07  5.708e-06 -1.224e-07 
  1.734e-07  2.116e-08 -1.611e-07  3.867e-07 -4.682e-07 -1.224e-07  5.488e-06 
 PARAMETER  CORRELATION COEFFICIENTS  
       NO.  GLOBAL     10     11     20     21     22     23     24
       10  0.20602   1.000 -0.019 -0.000  0.111 -0.081  0.042  0.158
       11  0.03377  -0.019  1.000 -0.000 -0.005 -0.015 -0.002  0.020
       20  0.18338  -0.000 -0.000  1.000  0.028 -0.101  0.145 -0.000
       21  0.12868   0.111 -0.005  0.028  1.000 -0.003  0.024  0.072
       22  0.16024  -0.081 -0.015 -0.101 -0.003  1.000  0.046 -0.080
       23  0.16662   0.042 -0.002  0.145  0.024  0.046  1.000 -0.022
       24  0.18380   0.158  0.020 -0.000  0.072 -0.080 -0.022  1.000
MINUIT - FIT ONLY 2-y
 **********
 **   67 **RES 
 **********
                   PARAMETER   16  beta_vw RESTORED TO VARIABLE.
                   PARAMETER   14  alpha_vw RESTORED TO VARIABLE.
                   PARAMETER   13  beta_y RESTORED TO VARIABLE.
                   PARAMETER    9  alpha_2CBO RESTORED TO VARIABLE.
                   PARAMETER    8  beta_CBO RESTORED TO VARIABLE.
                   PARAMETER    6  alpha_CBO RESTORED TO VARIABLE.
                   PARAMETER    4  phi RESTORED TO VARIABLE.
                   PARAMETER    3  A0 RESTORED TO VARIABLE.
                   PARAMETER    1  N0 RESTORED TO VARIABLE.
 **********
 **   68 **FIX            0
 **********
 PARAMETER    0  IS UNDEFINED. IGNORED.
 **********
 **   69 **FIX            1
 **********
 **********
 **   70 **FIX            2
 **********
 PARAMETER    2  IS CONSTANT.   IGNORED.
 **********
 **   71 **FIX            3
 **********
 **********
 **   72 **FIX            4
 **********
 **********
 **   73 **FIX            5
 **********
 PARAMETER    5  IS CONSTANT.   IGNORED.
 **********
 **   74 **FIX            6
 **********
 **********
 **   75 **FIX            7
 **********
 PARAMETER    7  IS CONSTANT.   IGNORED.
 **********
 **   76 **FIX            8
 **********
 **********
 **   77 **FIX            9
 **********
 **********
 **   78 **FIX           10
 **********
 **********
 **   79 **FIX           11
 **********
 **********
 **   80 **FIX           12
 **********
 PARAMETER   12  IS CONSTANT.   IGNORED.
 **********
 **   81 **FIX           16
 **********
 **********
 **   82 **MIGRAD
 **********
 START MIGRAD MINIMIZATION.  STRATEGY  1.  CONVERGENCE WHEN EDM .LT. 1.00e-04
 FCN=54.3843 FROM MIGRAD    STATUS=INITIATE       16 CALLS        1999 TOTAL
                     EDM= unknown      STRATEGY= 1      NO ERROR MATRIX       
  EXT PARAMETER               CURRENT GUESS       STEP         FIRST   
  NO.   NAME      VALUE            ERROR          SIZE      DERIVATIVE 
   1  N0           2.93854e+06     fixed    
   2  tau          6.44050e+01   constant   
   3  A0           3.52939e-01     fixed    
   4  phi          4.11487e+00     fixed    
   5  R           -6.11922e+01   constant   
   6  alpha_CBO    2.72019e-03     fixed    
   7  w_CBO        2.32500e+00   constant   
   8  beta_CBO    -2.74364e-03     fixed    
   9  alpha_2CBO   5.87173e-04     fixed    
  10  beta_2CBO    2.71259e-04     fixed    
  11  alpha_y      3.64093e-04     fixed    
  12  w_y          1.38860e+01   constant   
  13  beta_y       2.57238e-04   4.65636e-04   4.65636e-04   6.37248e+02
  14  alpha_vw     0.00000e+00   1.00000e-03   1.00000e-03  -3.19300e+03
  15  w_vw         1.43404e+01   constant   
  16  beta_vw      0.00000e+00     fixed    
  17  LM           1.41693e-04   constant   
  18  zeta_y       0.00000e+00   constant   
  19  zeta_vw      0.00000e+00   constant   
  20  T_CBO        9.99999e+02   9.08217e+02   5.30938e-02  -1.54314e-05
  21  alpha_A0     1.08073e-03   2.26739e-03   8.29147e-04  -8.11045e-04
  22  beta_A0     -4.35630e-03   2.46643e-03   9.95608e-04  -3.86652e-03
  23  alpha_phi    5.94742e-03   2.35418e-03   1.06413e-03  -6.35933e-04
  24  beta_phi    -6.06350e-06   2.32122e-03   8.36751e-04   3.65407e-03
 MIGRAD MINIMIZATION HAS CONVERGED.
 MIGRAD WILL VERIFY CONVERGENCE AND ERROR MATRIX.
 COVARIANCE MATRIX CALCULATED SUCCESSFULLY
 FCN=53.8347 FROM MIGRAD    STATUS=CONVERGED     115 CALLS        2098 TOTAL
                     EDM=1.81473e-07    STRATEGY= 1      ERROR MATRIX ACCURATE 
  EXT PARAMETER                                   STEP         FIRST   
  NO.   NAME      VALUE            ERROR          SIZE      DERIVATIVE 
   1  N0           2.93854e+06     fixed    
   2  tau          6.44050e+01   constant   
   3  A0           3.52939e-01     fixed    
   4  phi          4.11487e+00     fixed    
   5  R           -6.11922e+01   constant   
   6  alpha_CBO    2.72019e-03     fixed    
   7  w_CBO        2.32500e+00   constant   
   8  beta_CBO    -2.74364e-03     fixed    
   9  alpha_2CBO   5.87173e-04     fixed    
  10  beta_2CBO    2.71259e-04     fixed    
  11  alpha_y      3.64093e-04     fixed    
  12  w_y          1.38860e+01   constant   
  13  beta_y       2.89261e-04   4.86627e-04   1.68527e-06  -3.38438e-02
  14  alpha_vw     3.50664e-04   4.82784e-04   1.67173e-06  -7.95796e-03
  15  w_vw         1.43404e+01   constant   
  16  beta_vw      0.00000e+00     fixed    
  17  LM           1.41693e-04   constant   
  18  zeta_y       0.00000e+00   constant   
  19  zeta_vw      0.00000e+00   constant   
  20  T_CBO        1.00000e+03   9.46064e+02   6.31354e-02** at limit **
  21  alpha_A0     1.10252e-03   2.25442e-03   8.25209e-04  -7.00355e-04
  22  beta_A0     -4.32757e-03   2.46320e-03   9.89179e-04   1.84586e-03
  23  alpha_phi    5.90974e-03   2.36217e-03   1.05667e-03  -2.31894e-04
  24  beta_phi     1.01849e-05   2.29228e-03   8.32593e-04  -1.01689e-03
 EXTERNAL ERROR MATRIX.    NDIM=  25    NPAR=  7    ERR DEF=1
  2.368e-07  6.732e-08  2.067e-10  1.508e-08  1.665e-08 -2.600e-08  1.482e-08 
  6.732e-08  2.331e-07  3.242e-10  1.664e-08  2.010e-08 -2.889e-08  1.402e-08 
  2.067e-10  3.242e-10  1.285e-04  8.742e-07 -3.345e-06  4.584e-06  1.680e-09 
  1.508e-08  1.664e-08  8.742e-07  5.172e-06  3.007e-08  1.093e-07  2.949e-07 
  1.665e-08  2.010e-08 -3.345e-06  3.007e-08  6.225e-06  2.596e-07 -3.900e-07 
 -2.600e-08 -2.889e-08  4.584e-06  1.093e-07  2.596e-07  5.747e-06 -1.612e-07 
  1.482e-08  1.402e-08  1.680e-09  2.949e-07 -3.900e-07 -1.612e-07  5.349e-06 
 PARAMETER  CORRELATION COEFFICIENTS  
       NO.  GLOBAL     13     14     20     21     22     23     24
       13  0.28744   1.000  0.287  0.000  0.014  0.014 -0.022  0.013
       14  0.28787   0.287  1.000  0.000  0.015  0.017 -0.025  0.013
       20  0.21283   0.000  0.000  1.000  0.034 -0.118  0.169  0.000
       21  0.07074   0.014  0.015  0.034  1.000  0.005  0.020  0.056
       22  0.15184   0.014  0.017 -0.118  0.005  1.000  0.043 -0.068
       23  0.18522  -0.022 -0.025  0.169  0.020  0.043  1.000 -0.029
       24  0.09362   0.013  0.013  0.000  0.056 -0.068 -0.029  1.000
MINUIT - FIT ALTOGETHER
 **********
 **   83 **RES 
