 + ++++++++++++++++++++++++++++++++++++++++++++++++++++++++++++++++++++ +
 +                                                                      +
 +           You have chose to blind your fitting according to          +
 +                omega_ref * (1 + (R +/- deltaR) *10^{-6})             +
 +                                                                      +
 + ++++++++++++++++++++++++++++++++++++++++++++++++++++++++++++++++++++ +
In main()...
reading format from /gm2data/zkhechad/run45/envelope/formats/formatB_sBin_constraintOn.txt
pBinTau 	= 0  
pBinPhi 	= 0  
constraintau 	= 1 
includeMopTerm 	= 0    
constrainMop    = 0   
Parameters after format file: pBinTau 0 pBinPhi 0 constraintau 1 includeMopTerm 0 constrainMop 0 c_e_scale 0.000000 
Opening file /gm2data/tbarrett/gm2fr/studies/run23_bunch_corrections/CorrectedFourier_Run3b.root.
reading full fit data from /gm2data/zkhechad/cboTemplates/Run4CBOTemplates/templateFits0_v2.0/noRF/sBin_constraintOn_cE0.0_seed0_noRF_calo17.root
windowBins = 17
fitting sliding window 468 from bin 604 at 89.967600 to bin 621 at 92.653200 (17 bins)

Reading data from /gm2data/cornell/histograms/aMethod/histogram_a_noRF.root
 **********
 **    1 **SET PRINTOUT            1
 **********
 **********
 **    2 **SET NOWARNINGS 
 **********
 PARAMETER DEFINITIONS:
    NO.   NAME         VALUE      STEP SIZE      LIMITS
     1 N0           3.18443e+06  1.00000e+02     no limits
     2 tau          6.43838e+01  constant
     3 A0           3.45292e-01  1.00000e-04     no limits
     4 phi          4.12003e+00  1.00000e-02     no limits
     5 R           -6.09625e+01  constant
     6 alpha_CBO    0.00000e+00  1.00000e-03     no limits
     7 w_CBO        2.32500e+00  constant
     8 beta_CBO     0.00000e+00  1.00000e-03     no limits
     9 alpha_2CBO   0.00000e+00  1.00000e-03     no limits
    10 beta_2CBO    0.00000e+00  1.00000e-03     no limits
    11 alpha_y      0.00000e+00  1.00000e-03     no limits
    12 w_y          1.44500e+01  constant
    13 beta_y       0.00000e+00  1.00000e-03     no limits
    14 alpha_vw     0.00000e+00  1.00000e-03     no limits
    15 w_vw         1.29000e+01  constant
    16 beta_vw      0.00000e+00  1.00000e-03     no limits
    17 LM          -7.20700e-04  constant
    18 zeta_y       0.00000e+00  constant
    19 zeta_vw      0.00000e+00  constant
    20 T_CBO        1.00000e+02  1.00000e+00    0.00000e+00  1.00000e+03
    21 alpha_A0     0.00000e+00  1.00000e-03     no limits
    22 beta_A0      0.00000e+00  1.00000e-03     no limits
    23 alpha_phi    0.00000e+00  1.00000e-03     no limits
    24 beta_phi     0.00000e+00  1.00000e-03     no limits
MINUIT - FIT ONLY WIGGLE
 **********
 **    3 **FIX            5
 **********
 PARAMETER    5  IS CONSTANT.   IGNORED.
 **********
 **    4 **FIX            6
 **********
 **********
 **    5 **FIX            7
 **********
 PARAMETER    7  IS CONSTANT.   IGNORED.
 **********
 **    6 **FIX            8
 **********
 **********
 **    7 **FIX            9
 **********
 **********
 **    8 **FIX           10
 **********
 **********
 **    9 **FIX           11
 **********
 **********
 **   10 **FIX           12
 **********
 PARAMETER   12  IS CONSTANT.   IGNORED.
 **********
 **   11 **FIX           13
 **********
 **********
 **   12 **FIX           14
 **********
 **********
 **   13 **FIX           15
 **********
 PARAMETER   15  IS CONSTANT.   IGNORED.
 **********
 **   14 **FIX           16
 **********
 **********
 **   15 **MIGRAD
 **********
 FIRST CALL TO USER FUNCTION AT NEW START POINT, WITH IFLAG=4.
 START MIGRAD MINIMIZATION.  STRATEGY  1.  CONVERGENCE WHEN EDM .LT. 1.00e-04
 FCN=543.879 FROM MIGRAD    STATUS=INITIATE      437 CALLS         438 TOTAL
                     EDM= unknown      STRATEGY= 1      NO ERROR MATRIX       
  EXT PARAMETER               CURRENT GUESS       STEP         FIRST   
  NO.   NAME      VALUE            ERROR          SIZE      DERIVATIVE 
   1  N0           3.18443e+06   1.00000e+02   0.00000e+00   4.39893e-03
   2  tau          6.43838e+01   constant   
   3  A0           3.45292e-01   1.00000e-04   0.00000e+00   2.25513e+04
   4  phi          4.12003e+00   1.00000e-02   0.00000e+00   3.38012e+04
   5  R           -6.09625e+01   constant   
   6  alpha_CBO    0.00000e+00     fixed    
   7  w_CBO        2.32500e+00   constant   
   8  beta_CBO     0.00000e+00     fixed    
   9  alpha_2CBO   0.00000e+00     fixed    
  10  beta_2CBO    0.00000e+00     fixed    
  11  alpha_y      0.00000e+00     fixed    
  12  w_y          1.44500e+01   constant   
  13  beta_y       0.00000e+00     fixed    
  14  alpha_vw     0.00000e+00     fixed    
  15  w_vw         1.29000e+01   constant   
  16  beta_vw      0.00000e+00     fixed    
  17  LM          -7.20700e-04   constant   
  18  zeta_y       0.00000e+00   constant   
  19  zeta_vw      0.00000e+00   constant   
  20  T_CBO        1.00000e+02   1.00000e+00   0.00000e+00   0.00000e+00
  21  alpha_A0     0.00000e+00   1.00000e-03   0.00000e+00  -2.91032e+03
  22  beta_A0      0.00000e+00   1.00000e-03   0.00000e+00  -1.29707e+04
  23  alpha_phi    0.00000e+00   1.00000e-03   0.00000e+00   6.42086e+03
  24  beta_phi     0.00000e+00   1.00000e-03   0.00000e+00  -1.98137e+03
 CALL LIMIT EXCEEDED IN MIGRAD.
 MIGRAD TERMINATED WITHOUT CONVERGENCE.
 FCN=25.4637 FROM MIGRAD    STATUS=CALL LIMIT   1322 CALLS        1323 TOTAL
                     EDM=0.195131    STRATEGY= 1  ERROR MATRIX UNCERTAINTY  17.7 per cent
  EXT PARAMETER                APPROXIMATE        STEP         FIRST   
  NO.   NAME      VALUE            ERROR          SIZE      DERIVATIVE 
   1  N0           3.12224e+06   1.42765e+04  -3.67569e+03  -4.72040e-04
   2  tau          6.43838e+01   constant   
   3  A0           3.71819e-01   5.03443e-03   1.04242e-03  -1.46271e+03
   4  phi          4.04216e+00   1.16257e-02  -3.18191e-03  -3.07331e+02
   5  R           -6.09625e+01   constant   
   6  alpha_CBO    0.00000e+00     fixed    
   7  w_CBO        2.32500e+00   constant   
   8  beta_CBO     0.00000e+00     fixed    
   9  alpha_2CBO   0.00000e+00     fixed    
  10  beta_2CBO    0.00000e+00     fixed    
  11  alpha_y      0.00000e+00     fixed    
  12  w_y          1.44500e+01   constant   
  13  beta_y       0.00000e+00     fixed    
  14  alpha_vw     0.00000e+00     fixed    
  15  w_vw         1.29000e+01   constant   
  16  beta_vw      0.00000e+00     fixed    
  17  LM          -7.20700e-04   constant   
  18  zeta_y       0.00000e+00   constant   
  19  zeta_vw      0.00000e+00   constant   
  20  T_CBO        6.44825e+01   8.29871e-01  -5.76509e-04  -3.80710e+01
  21  alpha_A0     3.28546e-01   5.15187e-02   8.98574e-03   1.49854e+01
  22  beta_A0     -4.43270e-01   9.92939e-02  -2.61448e-02   1.55798e+01
  23  alpha_phi   -5.17500e-01   1.08499e-01  -2.87142e-02   4.63588e+01
  24  beta_phi    -2.16645e-01   3.80838e-02  -4.66057e-03  -8.57350e+01
 EXTERNAL ERROR MATRIX.    NDIM=  25    NPAR=  8    ERR DEF=1
  2.038e+08 -6.347e+01  1.621e+02  1.016e+04 -5.779e+02  1.406e+03  1.543e+03  3.395e+02 
 -6.347e+01  2.535e-05 -5.157e-05 -2.966e-03  2.549e-04 -4.337e-04 -4.772e-04 -1.752e-04 
  1.621e+02 -5.157e-05  1.352e-04  8.578e-03 -4.764e-04  1.146e-03  1.249e-03  2.756e-04 
  1.016e+04 -2.966e-03  8.578e-03  6.887e-01 -2.650e-02  7.389e-02  7.950e-02  1.393e-02 
 -5.779e+02  2.549e-04 -4.764e-04 -2.650e-02  2.654e-03 -3.942e-03 -4.334e-03 -1.894e-03 
  1.406e+03 -4.337e-04  1.146e-03  7.389e-02 -3.942e-03  9.859e-03  1.076e-02  2.251e-03 
  1.543e+03 -4.772e-04  1.249e-03  7.950e-02 -4.334e-03  1.076e-02  1.177e-02  2.498e-03 
  3.395e+02 -1.752e-04  2.756e-04  1.393e-02 -1.894e-03  2.251e-03  2.498e-03  1.450e-03 
ERR MATRIX APPROXIMATE
 PARAMETER  CORRELATION COEFFICIENTS  
       NO.  GLOBAL      1      3      4     20     21     22     23     24
        1  0.99969   1.000 -0.883  0.976  0.858 -0.786  0.992  0.996  0.624
        3  0.99979  -0.883  1.000 -0.881 -0.710  0.983 -0.868 -0.874 -0.914
        4  0.99941   0.976 -0.881  1.000  0.889 -0.795  0.993  0.990  0.623
       20  0.97403   0.858 -0.710  0.889  1.000 -0.620  0.897  0.883  0.441
       21  0.99938  -0.786  0.983 -0.795 -0.620  1.000 -0.771 -0.775 -0.965
       22  0.99968   0.992 -0.868  0.993  0.897 -0.771  1.000  0.999  0.595
       23  0.99990   0.996 -0.874  0.990  0.883 -0.775  0.999  1.000  0.604
       24  0.99786   0.624 -0.914  0.623  0.441 -0.965  0.595  0.604  1.000
 ERR MATRIX APPROXIMATE
MINUIT - FIT ONLY 1-CBO + wiggle
 **********
 **   16 **RES 
 **********
                   PARAMETER   16  beta_vw RESTORED TO VARIABLE.
                   PARAMETER   14  alpha_vw RESTORED TO VARIABLE.
                   PARAMETER   13  beta_y RESTORED TO VARIABLE.
                   PARAMETER   11  alpha_y RESTORED TO VARIABLE.
                   PARAMETER   10  beta_2CBO RESTORED TO VARIABLE.
                   PARAMETER    9  alpha_2CBO RESTORED TO VARIABLE.
                   PARAMETER    8  beta_CBO RESTORED TO VARIABLE.
                   PARAMETER    6  alpha_CBO RESTORED TO VARIABLE.
 **********
 **   17 **FIX            8
 **********
 **********
 **   18 **FIX            9
 **********
 **********
 **   19 **FIX           11
 **********
 **********
 **   20 **FIX           12
 **********
 PARAMETER   12  IS CONSTANT.   IGNORED.
 **********
 **   21 **FIX           14
 **********
 **********
 **   22 **FIX           15
 **********
 PARAMETER   15  IS CONSTANT.   IGNORED.
 **********
 **   23 **FIX           16
 **********
 **********
 **   24 **MIGRAD
 **********
 START MIGRAD MINIMIZATION.  STRATEGY  1.  CONVERGENCE WHEN EDM .LT. 1.00e-04
 FCN=25.4637 FROM MIGRAD    STATUS=INITIATE       28 CALLS        1351 TOTAL
                     EDM= unknown      STRATEGY= 1      NO ERROR MATRIX       
  EXT PARAMETER               CURRENT GUESS       STEP         FIRST   
  NO.   NAME      VALUE            ERROR          SIZE      DERIVATIVE 
   1  N0           3.12224e+06   1.42765e+04  -3.67569e+03  -4.72040e-04
   2  tau          6.43838e+01   constant   
   3  A0           3.71819e-01   5.03443e-03   1.04242e-03  -1.46271e+03
   4  phi          4.04216e+00   1.16257e-02  -3.18191e-03  -3.07331e+02
   5  R           -6.09625e+01   constant   
   6  alpha_CBO    0.00000e+00   1.00000e-03   1.00000e-03   1.73871e+03
   7  w_CBO        2.32500e+00   constant   
   8  beta_CBO     0.00000e+00     fixed    
   9  alpha_2CBO   0.00000e+00     fixed    
  10  beta_2CBO    0.00000e+00   1.00000e-03   1.00000e-03   2.62608e+03
  11  alpha_y      0.00000e+00     fixed    
  12  w_y          1.44500e+01   constant   
  13  beta_y       0.00000e+00   1.00000e-03   1.00000e-03  -1.60239e+04
  14  alpha_vw     0.00000e+00     fixed    
  15  w_vw         1.29000e+01   constant   
  16  beta_vw      0.00000e+00     fixed    
  17  LM          -7.20700e-04   constant   
  18  zeta_y       0.00000e+00   constant   
  19  zeta_vw      0.00000e+00   constant   
  20  T_CBO        6.44825e+01   8.29871e-01  -5.76509e-04  -3.80710e+01
  21  alpha_A0     3.28546e-01   5.15187e-02   8.98574e-03   1.49854e+01
  22  beta_A0     -4.43270e-01   9.92939e-02  -2.61448e-02   1.55798e+01
  23  alpha_phi   -5.17500e-01   1.08499e-01  -2.87142e-02   4.63588e+01
  24  beta_phi    -2.16645e-01   3.80838e-02  -4.66057e-03  -8.57350e+01
 MIGRAD MINIMIZATION HAS CONVERGED.
 MIGRAD WILL VERIFY CONVERGENCE AND ERROR MATRIX.
 FCN=18.5531 FROM HESSE     STATUS=NOT POSDEF    100 CALLS        2118 TOTAL
                     EDM=0.000137441    STRATEGY= 1      ERR MATRIX NOT POS-DEF
  EXT PARAMETER                APPROXIMATE        STEP         FIRST   
  NO.   NAME      VALUE            ERROR          SIZE      DERIVATIVE 
   1  N0           3.09961e+06   5.01461e+03   1.47801e+00  -8.64032e-07
   2  tau          6.43838e+01   constant   
   3  A0           3.78860e-01   2.76041e-03   5.17290e-07   4.96963e+00
   4  phi          4.02573e+00   3.89991e-03   1.91962e-06   2.26350e-01
   5  R           -6.09625e+01   constant   
   6  alpha_CBO   -8.10563e-03   2.46708e-03   4.96116e-07  -5.79643e+00
   7  w_CBO        2.32500e+00   constant   
   8  beta_CBO     0.00000e+00     fixed    
   9  alpha_2CBO   0.00000e+00     fixed    
  10  beta_2CBO    1.21465e-03   8.02708e-04   4.97015e-07  -3.62582e+00
  11  alpha_y      0.00000e+00     fixed    
  12  w_y          1.44500e+01   constant   
  13  beta_y       5.86027e-04   2.47770e-04   5.24603e-07   2.97908e-01
  14  alpha_vw     0.00000e+00     fixed    
  15  w_vw         1.29000e+01   constant   
  16  beta_vw      0.00000e+00     fixed    
  17  LM          -7.20700e-04   constant   
  18  zeta_y       0.00000e+00   constant   
  19  zeta_vw      0.00000e+00   constant   
  20  T_CBO        7.07870e+01   2.21249e+00   1.36640e-06  -1.72670e+00
  21  alpha_A0     4.55003e-01   3.93454e-02   7.18421e-06  -4.39417e-01
  22  beta_A0     -5.07694e-01   2.71236e-02   6.74758e-06  -4.02368e-02
  23  alpha_phi   -5.89786e-01   2.90430e-02   6.16277e-06  -1.66541e-01
  24  beta_phi    -2.48373e-01   2.65618e-02   7.08893e-06   6.84818e-01
 MIGRAD MINIMIZATION HAS CONVERGED.
 MIGRAD WILL VERIFY CONVERGENCE AND ERROR MATRIX.
 FCN=18.5005 FROM MIGRAD    STATUS=CONVERGED    1418 CALLS        2741 TOTAL
                     EDM=1.23027e-05    STRATEGY= 1      ERR MATRIX NOT POS-DEF
  EXT PARAMETER                APPROXIMATE        STEP         FIRST   
  NO.   NAME      VALUE            ERROR          SIZE      DERIVATIVE 
   1  N0           3.11223e+06   4.80815e+03   1.48403e+00  -4.16821e-06
   2  tau          6.43838e+01   constant   
   3  A0           3.87015e-01   2.91505e-03   5.28051e-07  -3.59801e+00
   4  phi          4.03286e+00   3.58424e-03   1.92302e-06  -3.28125e+00
   5  R           -6.09625e+01   constant   
   6  alpha_CBO   -1.06514e-02   2.54030e-03   4.95598e-07   6.00023e+00
   7  w_CBO        2.32500e+00   constant   
   8  beta_CBO     0.00000e+00     fixed    
   9  alpha_2CBO   0.00000e+00     fixed    
  10  beta_2CBO    3.40152e-03   8.05155e-04   4.96419e-07  -1.36474e+00
  11  alpha_y      0.00000e+00     fixed    
  12  w_y          1.44500e+01   constant   
  13  beta_y       5.89100e-04   2.47697e-04   5.23898e-07   2.84405e-01
  14  alpha_vw     0.00000e+00     fixed    
  15  w_vw         1.29000e+01   constant   
  16  beta_vw      0.00000e+00     fixed    
  17  LM          -7.20700e-04   constant   
  18  zeta_y       0.00000e+00   constant   
  19  zeta_vw      0.00000e+00   constant   
  20  T_CBO        7.07525e+01   2.11865e+00   1.31229e-06  -1.65663e+00
  21  alpha_A0     5.96480e-01   3.72744e-02   6.73877e-06   4.10504e-01
  22  beta_A0     -4.25937e-01   2.52135e-02   6.40564e-06   3.40625e-01
  23  alpha_phi   -5.16855e-01   2.82567e-02   6.15153e-06   6.07440e-01
  24  beta_phi    -3.50944e-01   2.59858e-02   6.93411e-06   5.73289e-02
 EXTERNAL ERROR MATRIX.    NDIM=  25    NPAR= 11    ERR DEF=1
  2.312e+07 
 -1.596e+00  8.498e-06 
  1.112e+01 -1.687e-06  1.285e-05 
  2.560e+00  1.747e-06  2.100e-06  6.453e-06 
  9.820e-01  3.031e-07 -3.552e-07 -1.279e-06  6.483e-07 
 -1.042e-01 -1.312e-08  4.432e-08 -4.910e-08 -7.308e-09  6.135e-08 
 -3.560e+03  1.623e-03 -2.530e-03 -1.368e-03  2.807e-04  1.296e-05  4.489e+00 
  2.293e+01  3.763e-05 -4.572e-07 -5.464e-05  1.996e-05  2.639e-07 -1.948e-02  1.389e-03 
  8.021e+01  1.391e-05  6.003e-05  4.991e-06  4.659e-06 -2.536e-08  1.751e-02 -1.452e-07  6.357e-04 
  9.691e+01 -9.250e-07  5.974e-05 -2.223e-06  6.718e-06 -1.137e-07  2.051e-02 -5.078e-05  6.769e-04  7.984e-04 
 -2.629e+01 -5.681e-05 -2.493e-05 -1.038e-05 -1.891e-06 -1.555e-07  1.627e-02 -6.170e-04 -1.370e-04 -7.247e-06  6.753e-04 
ERR MATRIX NOT POS-DEF
 PARAMETER  CORRELATION COEFFICIENTS  
       NO.  GLOBAL      1      3      4      6     10     13     20     21     22     23     24
        1  0.99410   1.000 -0.114  0.645  0.210  0.254 -0.088 -0.350  0.128  0.662  0.713 -0.210
        3  0.99648  -0.114  1.000 -0.161  0.236  0.129 -0.018  0.263  0.346  0.189 -0.011 -0.750
        4  0.98627   0.645 -0.161  1.000  0.231 -0.123  0.050 -0.333 -0.003  0.664  0.590 -0.268
        6  0.99591   0.210  0.236  0.231  1.000 -0.625 -0.078 -0.254 -0.577  0.078 -0.031 -0.157
       10  0.95841   0.254  0.129 -0.123 -0.625  1.000 -0.037  0.165  0.665  0.230  0.295 -0.090
       13  0.20382  -0.088 -0.018  0.050 -0.078 -0.037  1.000  0.025  0.029 -0.004 -0.016 -0.024
       20  0.99730  -0.350  0.263 -0.333 -0.254  0.165  0.025  1.000 -0.247  0.328  0.343  0.295
       21  0.99650   0.128  0.346 -0.003 -0.577  0.665  0.029 -0.247  1.000 -0.000 -0.048 -0.637
       22  0.99307   0.662  0.189  0.664  0.078  0.230 -0.004  0.328 -0.000  1.000  0.950 -0.209
       23  0.99491   0.713 -0.011  0.590 -0.031  0.295 -0.016  0.343 -0.048  0.950  1.000 -0.010
       24  0.99234  -0.210 -0.750 -0.268 -0.157 -0.090 -0.024  0.295 -0.637 -0.209 -0.010  1.000
 ERR MATRIX NOT POS-DEF
MINUIT - FIT ONLY 2-CBO
 **********
 **   25 **RES 
 **********
                   PARAMETER   16  beta_vw RESTORED TO VARIABLE.
                   PARAMETER   14  alpha_vw RESTORED TO VARIABLE.
                   PARAMETER   11  alpha_y RESTORED TO VARIABLE.
                   PARAMETER    9  alpha_2CBO RESTORED TO VARIABLE.
                   PARAMETER    8  beta_CBO RESTORED TO VARIABLE.
 **********
 **   26 **FIX            0
 **********
 PARAMETER    0  IS UNDEFINED. IGNORED.
 **********
 **   27 **FIX            1
 **********
 **********
 **   28 **FIX            2
 **********
 PARAMETER    2  IS CONSTANT.   IGNORED.
 **********
 **   29 **FIX            3
 **********
 **********
 **   30 **FIX            4
 **********
 **********
 **   31 **FIX            5
 **********
 PARAMETER    5  IS CONSTANT.   IGNORED.
 **********
 **   32 **FIX            6
 **********
 **********
 **   33 **FIX            7
 **********
 PARAMETER    7  IS CONSTANT.   IGNORED.
 **********
 **   34 **FIX           10
 **********
 **********
 **   35 **FIX           11
 **********
 **********
 **   36 **FIX           12
 **********
 PARAMETER   12  IS CONSTANT.   IGNORED.
 **********
 **   37 **FIX           13
 **********
 **********
 **   38 **FIX           14
 **********
 **********
 **   39 **FIX           15
 **********
 PARAMETER   15  IS CONSTANT.   IGNORED.
 **********
 **   40 **FIX           16
 **********
 **********
 **   41 **MIGRAD
 **********
 START MIGRAD MINIMIZATION.  STRATEGY  1.  CONVERGENCE WHEN EDM .LT. 1.00e-04
 FCN=18.5005 FROM MIGRAD    STATUS=INITIATE       18 CALLS        2759 TOTAL
                     EDM= unknown      STRATEGY= 1      NO ERROR MATRIX       
  EXT PARAMETER               CURRENT GUESS       STEP         FIRST   
  NO.   NAME      VALUE            ERROR          SIZE      DERIVATIVE 
   1  N0           3.11223e+06     fixed    
   2  tau          6.43838e+01   constant   
   3  A0           3.87015e-01     fixed    
   4  phi          4.03286e+00     fixed    
   5  R           -6.09625e+01   constant   
   6  alpha_CBO   -1.06514e-02     fixed    
   7  w_CBO        2.32500e+00   constant   
   8  beta_CBO     0.00000e+00   1.00000e-03   1.00000e-03   9.47879e+01
   9  alpha_2CBO   0.00000e+00   1.00000e-03   1.00000e-03  -5.54837e+02
  10  beta_2CBO    3.40152e-03     fixed    
  11  alpha_y      0.00000e+00     fixed    
  12  w_y          1.44500e+01   constant   
  13  beta_y       5.89100e-04     fixed    
  14  alpha_vw     0.00000e+00     fixed    
  15  w_vw         1.29000e+01   constant   
  16  beta_vw      0.00000e+00     fixed    
  17  LM          -7.20700e-04   constant   
  18  zeta_y       0.00000e+00   constant   
  19  zeta_vw      0.00000e+00   constant   
  20  T_CBO        7.07525e+01   2.11865e+00   1.31229e-06  -1.65655e+00
  21  alpha_A0     5.96480e-01   3.72744e-02   6.73877e-06   4.10514e-01
  22  beta_A0     -4.25937e-01   2.52135e-02   6.40564e-06   3.40613e-01
  23  alpha_phi   -5.16855e-01   2.82567e-02   6.15153e-06   6.07439e-01
  24  beta_phi    -3.50944e-01   2.59858e-02   6.93411e-06   5.73286e-02
 MIGRAD MINIMIZATION HAS CONVERGED.
 MIGRAD WILL VERIFY CONVERGENCE AND ERROR MATRIX.
 FCN=18.4777 FROM MIGRAD    STATUS=CONVERGED     163 CALLS        2904 TOTAL
                     EDM=1.31942e-05    STRATEGY= 1      ERR MATRIX NOT POS-DEF
  EXT PARAMETER                APPROXIMATE        STEP         FIRST   
  NO.   NAME      VALUE            ERROR          SIZE      DERIVATIVE 
   1  N0           3.11223e+06     fixed    
   2  tau          6.43838e+01   constant   
   3  A0           3.87015e-01     fixed    
   4  phi          4.03286e+00     fixed    
   5  R           -6.09625e+01   constant   
   6  alpha_CBO   -1.06514e-02     fixed    
   7  w_CBO        2.32500e+00   constant   
   8  beta_CBO     1.07875e-04   8.72292e-04   5.31438e-07  -1.40654e-01
   9  alpha_2CBO   1.00726e-04   6.45944e-04   5.30454e-07  -5.15300e+00
  10  beta_2CBO    3.40152e-03     fixed    
  11  alpha_y      0.00000e+00     fixed    
  12  w_y          1.44500e+01   constant   
  13  beta_y       5.89100e-04     fixed    
  14  alpha_vw     0.00000e+00     fixed    
  15  w_vw         1.29000e+01   constant   
  16  beta_vw      0.00000e+00     fixed    
  17  LM          -7.20700e-04   constant   
  18  zeta_y       0.00000e+00   constant   
  19  zeta_vw      0.00000e+00   constant   
  20  T_CBO        7.07594e+01   2.38130e+00   1.31078e-06  -9.09052e-01
  21  alpha_A0     5.96545e-01   2.61611e-02   6.73122e-06  -5.01865e-01
  22  beta_A0     -4.27489e-01   2.20229e-02   6.39974e-06  -2.45488e-01
  23  alpha_phi   -5.15756e-01   2.38651e-02   6.14688e-06   7.89775e-02
  24  beta_phi    -3.51025e-01   1.57493e-02   6.92829e-06  -4.16051e-01
 EXTERNAL ERROR MATRIX.    NDIM=  25    NPAR=  7    ERR DEF=1
  7.609e-07  4.788e-07  2.288e-06  7.392e-07 -1.002e-05  5.792e-06 -2.672e-07 
  4.788e-07  4.172e-07  1.847e-05  4.077e-07 -6.796e-06  4.562e-06 -3.540e-07 
  2.288e-06  1.847e-05  5.671e+00 -6.180e-02  4.392e-02  5.389e-02  3.656e-02 
  7.392e-07  4.077e-07 -6.180e-02  6.844e-04 -4.892e-04 -5.799e-04 -4.004e-04 
 -1.002e-05 -6.796e-06  4.392e-02 -4.892e-04  4.850e-04  3.368e-04  2.871e-04 
  5.792e-06  4.562e-06  5.389e-02 -5.799e-04  3.368e-04  5.695e-04  3.407e-04 
 -2.672e-07 -3.540e-07  3.656e-02 -4.004e-04  2.871e-04  3.407e-04  2.480e-04 
ERR MATRIX NOT POS-DEF
 PARAMETER  CORRELATION COEFFICIENTS  
       NO.  GLOBAL      8      9     20     21     22     23     24
        8  0.95930   1.000  0.850  0.001  0.032 -0.522  0.278 -0.019
        9  0.92473   0.850  1.000  0.012  0.024 -0.478  0.296 -0.035
       20  0.99786   0.001  0.012  1.000 -0.992  0.838  0.948  0.975
       21  0.99286   0.032  0.024 -0.992  1.000 -0.849 -0.929 -0.972
       22  0.99089  -0.522 -0.478  0.838 -0.849  1.000  0.641  0.828
       23  0.99285   0.278  0.296  0.948 -0.929  0.641  1.000  0.907
       24  0.97899  -0.019 -0.035  0.975 -0.972  0.828  0.907  1.000
 ERR MATRIX NOT POS-DEF
MINUIT - FIT wiggle + 1-CBO + 2-CBO
 **********
 **   42 **RES 
 **********
                   PARAMETER   16  beta_vw RESTORED TO VARIABLE.
                   PARAMETER   14  alpha_vw RESTORED TO VARIABLE.
                   PARAMETER   13  beta_y RESTORED TO VARIABLE.
                   PARAMETER   11  alpha_y RESTORED TO VARIABLE.
                   PARAMETER   10  beta_2CBO RESTORED TO VARIABLE.
                   PARAMETER    6  alpha_CBO RESTORED TO VARIABLE.
                   PARAMETER    4  phi RESTORED TO VARIABLE.
                   PARAMETER    3  A0 RESTORED TO VARIABLE.
                   PARAMETER    1  N0 RESTORED TO VARIABLE.
 **********
 **   43 **FIX           10
 **********
 **********
 **   44 **FIX           11
 **********
 **********
 **   45 **FIX           12
 **********
 PARAMETER   12  IS CONSTANT.   IGNORED.
 **********
 **   46 **FIX           13
 **********
 **********
 **   47 **FIX           14
 **********
 **********
 **   48 **FIX           15
 **********
 PARAMETER   15  IS CONSTANT.   IGNORED.
 **********
 **   49 **FIX           16
 **********
 **********
 **   50 **MIGRAD
 **********
 START MIGRAD MINIMIZATION.  STRATEGY  1.  CONVERGENCE WHEN EDM .LT. 1.00e-04
 FCN=18.4777 FROM MIGRAD    STATUS=INITIATE       22 CALLS        2926 TOTAL
                     EDM= unknown      STRATEGY= 1      NO ERROR MATRIX       
  EXT PARAMETER               CURRENT GUESS       STEP         FIRST   
  NO.   NAME      VALUE            ERROR          SIZE      DERIVATIVE 
   1  N0           3.11223e+06   4.80815e+03   4.80815e+03   1.23484e-05
   2  tau          6.43838e+01   constant   
   3  A0           3.87015e-01   2.91505e-03   2.91505e-03   2.93140e+00
   4  phi          4.03286e+00   3.58424e-03   3.58424e-03   2.82615e+01
   5  R           -6.09625e+01   constant   
   6  alpha_CBO   -1.06514e-02   2.54030e-03   2.54030e-03  -1.01446e+02
   7  w_CBO        2.32500e+00   constant   
   8  beta_CBO     1.07875e-04   8.72292e-04   5.31438e-07  -1.40652e-01
   9  alpha_2CBO   1.00726e-04   6.45944e-04   5.30454e-07  -5.15299e+00
  10  beta_2CBO    3.40152e-03     fixed    
  11  alpha_y      0.00000e+00     fixed    
  12  w_y          1.44500e+01   constant   
  13  beta_y       5.89100e-04     fixed    
  14  alpha_vw     0.00000e+00     fixed    
  15  w_vw         1.29000e+01   constant   
  16  beta_vw      0.00000e+00     fixed    
  17  LM          -7.20700e-04   constant   
  18  zeta_y       0.00000e+00   constant   
  19  zeta_vw      0.00000e+00   constant   
  20  T_CBO        7.07594e+01   2.38130e+00   1.31078e-06  -9.09001e-01
  21  alpha_A0     5.96545e-01   2.61611e-02   6.73122e-06  -5.01854e-01
  22  beta_A0     -4.27489e-01   2.20229e-02   6.39974e-06  -2.45480e-01
  23  alpha_phi   -5.15756e-01   2.38651e-02   6.14688e-06   7.89778e-02
  24  beta_phi    -3.51025e-01   1.57493e-02   6.92829e-06  -4.16051e-01
 MIGRAD MINIMIZATION HAS CONVERGED.
 MIGRAD WILL VERIFY CONVERGENCE AND ERROR MATRIX.
 FCN=14.9007 FROM HESSE     STATUS=NOT POSDEF    100 CALLS        4780 TOTAL
                     EDM=0.00039024    STRATEGY= 1      ERR MATRIX NOT POS-DEF
  EXT PARAMETER                APPROXIMATE        STEP         FIRST   
  NO.   NAME      VALUE            ERROR          SIZE      DERIVATIVE 
   1  N0           3.13256e+06   5.98692e+03   1.49372e+00   3.88705e-06
   2  tau          6.43838e+01   constant   
   3  A0           4.50237e-01   3.44563e-03   5.33306e-07  -7.80991e+00
   4  phi          3.91717e+00   5.73914e-03   1.86785e-06  -6.91636e-01
   5  R           -6.09625e+01   constant   
   6  alpha_CBO    6.34653e-03   2.40965e-03   4.48226e-07   7.06402e+00
   7  w_CBO        2.32500e+00   constant   
   8  beta_CBO    -1.57529e-02   1.97552e-03   4.78763e-07  -5.14898e+00
   9  alpha_2CBO   9.08377e-03   8.64741e-04   4.79908e-07   1.48471e+00
  10  beta_2CBO    3.40152e-03     fixed    
  11  alpha_y      0.00000e+00     fixed    
  12  w_y          1.44500e+01   constant   
  13  beta_y       5.89100e-04     fixed    
  14  alpha_vw     0.00000e+00     fixed    
  15  w_vw         1.29000e+01   constant   
  16  beta_vw      0.00000e+00     fixed    
  17  LM          -7.20700e-04   constant   
  18  zeta_y       0.00000e+00   constant   
  19  zeta_vw      0.00000e+00   constant   
  20  T_CBO        8.39841e+01   1.60070e+00   8.31070e-07   2.23408e+00
  21  alpha_A0     6.76833e-01   1.73326e-02   3.90726e-06   8.56101e-01
  22  beta_A0     -5.56777e-01   1.97225e-02   3.68813e-06   3.27374e-01
  23  alpha_phi   -6.71036e-01   1.78568e-02   3.94649e-06  -2.41510e-01
  24  beta_phi    -5.06976e-01   1.75987e-02   4.59190e-06  -8.05213e-02
 CALL LIMIT EXCEEDED IN MIGRAD.
 MIGRAD TERMINATED WITHOUT CONVERGENCE.
 FCN=14.8558 FROM MIGRAD    STATUS=CALL LIMIT   1906 CALLS        4810 TOTAL
                     EDM=0.0178878    STRATEGY= 1      ERR MATRIX NOT POS-DEF
  EXT PARAMETER                APPROXIMATE        STEP         FIRST   
  NO.   NAME      VALUE            ERROR          SIZE      DERIVATIVE 
   1  N0           3.12355e+06   6.68700e+04  -9.00429e+03   2.17255e-04
   2  tau          6.43838e+01   constant   
   3  A0           4.52000e-01   1.31400e-02   1.76295e-03   2.30046e+02
   4  phi          3.92047e+00   2.55274e-02   3.30372e-03   3.19493e+02
   5  R           -6.09625e+01   constant   
   6  alpha_CBO    6.37300e-03   2.41021e-03   2.64704e-05  -4.59393e+02
   7  w_CBO        2.32500e+00   constant   
   8  beta_CBO    -1.30850e-02   2.00354e-02   2.66787e-03  -5.88562e+02
   9  alpha_2CBO   9.67161e-03   4.49932e-03   5.87840e-04  -3.65485e+02
  10  beta_2CBO    3.40152e-03     fixed    
  11  alpha_y      0.00000e+00     fixed    
  12  w_y          1.44500e+01   constant   
  13  beta_y       5.89100e-04     fixed    
  14  alpha_vw     0.00000e+00     fixed    
  15  w_vw         1.29000e+01   constant   
  16  beta_vw      0.00000e+00     fixed    
  17  LM          -7.20700e-04   constant   
  18  zeta_y       0.00000e+00   constant   
  19  zeta_vw      0.00000e+00   constant   
  20  T_CBO        8.46955e+01   5.36400e+00   2.55997e-03   9.46040e+01
  21  alpha_A0     6.76152e-01   1.76320e-02  -6.80725e-04  -7.53240e+01
  22  beta_A0     -5.76359e-01   1.46686e-01  -1.95817e-02  -9.98839e+01
  23  alpha_phi   -6.78048e-01   5.40760e-02  -7.01191e-03  -4.70915e+00
  24  beta_phi    -5.07134e-01   1.76268e-02  -1.57894e-04  -3.34655e+01
 EXTERNAL ERROR MATRIX.    NDIM=  25    NPAR= 11    ERR DEF=1
  4.472e+09 
 -8.461e+02  1.727e-04 
 -1.671e+03  3.103e-04  6.516e-04 
 -3.172e+00  5.213e-06  4.115e-06  5.809e-06 
 -1.337e+03  2.536e-04  5.032e-04  3.162e-06  4.014e-04 
 -2.949e+02  5.783e-05  1.086e-04  1.349e-06  8.878e-05  2.024e-05 
 -3.436e+05  6.647e-02  1.258e-01 -9.381e-05  1.023e-01  2.290e-02  2.878e+01 
  2.374e+02 -3.162e-05 -9.485e-05 -1.540e-05 -7.709e-05 -1.670e-05 -3.069e-02  3.109e-04 
  9.743e+03 -1.859e-03 -3.593e-03 -1.685e-05 -2.917e-03 -6.520e-04 -7.378e-01  4.549e-04  2.152e-02 
  3.434e+03 -6.533e-04 -1.230e-03  8.381e-06 -1.014e-03 -2.253e-04 -2.511e-01  2.112e-05  7.655e-03  2.924e-03 
  5.172e+01 -4.692e-05 -4.573e-05 -1.284e-05 -2.057e-05 -6.293e-06  6.618e-03 -2.135e-04  1.355e-04  8.000e-05  3.107e-04 
ERR MATRIX NOT POS-DEF
 PARAMETER  CORRELATION COEFFICIENTS  
       NO.  GLOBAL      1      3      4      6      8      9     20     21     22     23     24
        1  0.99997   1.000 -0.963 -0.979 -0.020 -0.998 -0.980 -0.958  0.201  0.993  0.950  0.044
        3  0.99979  -0.963  1.000  0.925  0.165  0.963  0.978  0.943 -0.136 -0.965 -0.919 -0.203
        4  0.99986  -0.979  0.925  1.000  0.067  0.984  0.946  0.918 -0.211 -0.959 -0.891 -0.102
        6  0.99585  -0.020  0.165  0.067  1.000  0.065  0.124 -0.007 -0.362 -0.048  0.064 -0.302
        8  0.99994  -0.998  0.963  0.984  0.065  1.000  0.985  0.952 -0.218 -0.993 -0.936 -0.058
        9  0.99860  -0.980  0.978  0.946  0.124  0.985  1.000  0.949 -0.211 -0.988 -0.926 -0.079
       20  0.99976  -0.958  0.943  0.918 -0.007  0.952  0.949  1.000 -0.325 -0.938 -0.865  0.070
       21  0.99459   0.201 -0.136 -0.211 -0.362 -0.218 -0.211 -0.325  1.000  0.176  0.022 -0.687
       22  0.99994   0.993 -0.965 -0.959 -0.048 -0.993 -0.988 -0.938  0.176  1.000  0.965  0.052
       23  0.99930   0.950 -0.919 -0.891  0.064 -0.936 -0.926 -0.865  0.022  0.965  1.000  0.084
       24  0.99149   0.044 -0.203 -0.102 -0.302 -0.058 -0.079  0.070 -0.687  0.052  0.084  1.000
 ERR MATRIX NOT POS-DEF
MINUIT - FIT ONLY 1-y
 **********
 **   51 **RES 
 **********
                   PARAMETER   16  beta_vw RESTORED TO VARIABLE.
                   PARAMETER   14  alpha_vw RESTORED TO VARIABLE.
                   PARAMETER   13  beta_y RESTORED TO VARIABLE.
                   PARAMETER   11  alpha_y RESTORED TO VARIABLE.
                   PARAMETER   10  beta_2CBO RESTORED TO VARIABLE.
 **********
 **   52 **FIX            0
 **********
 PARAMETER    0  IS UNDEFINED. IGNORED.
 **********
 **   53 **FIX            1
 **********
 **********
 **   54 **FIX            2
 **********
 PARAMETER    2  IS CONSTANT.   IGNORED.
 **********
 **   55 **FIX            3
 **********
 **********
 **   56 **FIX            4
 **********
 **********
 **   57 **FIX            5
 **********
 PARAMETER    5  IS CONSTANT.   IGNORED.
 **********
 **   58 **FIX            6
 **********
 **********
 **   59 **FIX            7
 **********
 PARAMETER    7  IS CONSTANT.   IGNORED.
 **********
 **   60 **FIX            8
 **********
 **********
 **   61 **FIX            9
 **********
 **********
 **   62 **FIX           13
 **********
 **********
 **   63 **FIX           14
 **********
 **********
 **   64 **FIX           15
 **********
 PARAMETER   15  IS CONSTANT.   IGNORED.
 **********
 **   65 **FIX           16
 **********
 **********
 **   66 **MIGRAD
 **********
 START MIGRAD MINIMIZATION.  STRATEGY  1.  CONVERGENCE WHEN EDM .LT. 1.00e-04
 FCN=14.8558 FROM MIGRAD    STATUS=INITIATE       16 CALLS        4826 TOTAL
                     EDM= unknown      STRATEGY= 1      NO ERROR MATRIX       
  EXT PARAMETER               CURRENT GUESS       STEP         FIRST   
  NO.   NAME      VALUE            ERROR          SIZE      DERIVATIVE 
   1  N0           3.12355e+06     fixed    
   2  tau          6.43838e+01   constant   
   3  A0           4.52000e-01     fixed    
   4  phi          3.92047e+00     fixed    
   5  R           -6.09625e+01   constant   
   6  alpha_CBO    6.37300e-03     fixed    
   7  w_CBO        2.32500e+00   constant   
   8  beta_CBO    -1.30850e-02     fixed    
   9  alpha_2CBO   9.67161e-03     fixed    
  10  beta_2CBO    3.40152e-03   8.05155e-04   8.05155e-04   6.09851e+02
  11  alpha_y      0.00000e+00   1.00000e-03   1.00000e-03   2.77380e+04
  12  w_y          1.44500e+01   constant   
  13  beta_y       5.89100e-04     fixed    
  14  alpha_vw     0.00000e+00     fixed    
  15  w_vw         1.29000e+01   constant   
  16  beta_vw      0.00000e+00     fixed    
  17  LM          -7.20700e-04   constant   
  18  zeta_y       0.00000e+00   constant   
  19  zeta_vw      0.00000e+00   constant   
  20  T_CBO        8.46955e+01   5.36400e+00   2.55997e-03   9.46040e+01
  21  alpha_A0     6.76152e-01   1.76320e-02  -6.80725e-04  -7.53240e+01
  22  beta_A0     -5.76359e-01   1.46686e-01  -1.95817e-02  -9.98840e+01
  23  alpha_phi   -6.78048e-01   5.40760e-02  -7.01191e-03  -4.70915e+00
  24  beta_phi    -5.07134e-01   1.76268e-02  -1.57894e-04  -3.34655e+01
 MIGRAD MINIMIZATION HAS CONVERGED.
 MIGRAD WILL VERIFY CONVERGENCE AND ERROR MATRIX.
 FCN=3.91963 FROM HESSE     STATUS=NOT POSDEF     50 CALLS        4971 TOTAL
                     EDM=0.000123246    STRATEGY= 1      ERR MATRIX NOT POS-DEF
  EXT PARAMETER                APPROXIMATE        STEP         FIRST   
  NO.   NAME      VALUE            ERROR          SIZE      DERIVATIVE 
   1  N0           3.12355e+06     fixed    
   2  tau          6.43838e+01   constant   
   3  A0           4.52000e-01     fixed    
   4  phi          3.92047e+00     fixed    
   5  R           -6.09625e+01   constant   
   6  alpha_CBO    6.37300e-03     fixed    
   7  w_CBO        2.32500e+00   constant   
   8  beta_CBO    -1.30850e-02     fixed    
   9  alpha_2CBO   9.67161e-03     fixed    
  10  beta_2CBO    3.61113e-03   4.13497e-04   2.48806e-07  -2.73665e-02
  11  alpha_y     -7.87089e-04   2.37759e-04   2.51710e-07  -3.89521e+00
  12  w_y          1.44500e+01   constant   
  13  beta_y       5.89100e-04     fixed    
  14  alpha_vw     0.00000e+00     fixed    
  15  w_vw         1.29000e+01   constant   
  16  beta_vw      0.00000e+00     fixed    
  17  LM          -7.20700e-04   constant   
  18  zeta_y       0.00000e+00   constant   
  19  zeta_vw      0.00000e+00   constant   
  20  T_CBO        8.46850e+01   1.74294e+00   4.67414e-07  -1.81943e+00
  21  alpha_A0     6.76849e-01   1.51573e-02   2.15022e-06   2.02633e-01
  22  beta_A0     -5.76124e-01   1.28836e-02   2.03519e-06  -4.21591e-01
  23  alpha_phi   -6.78776e-01   1.53492e-02   2.17618e-06  -6.48216e-02
  24  beta_phi    -5.04308e-01   1.20773e-02   2.52751e-06  -1.22121e-01
 CALL LIMIT EXCEEDED IN MIGRAD.
 MIGRAD TERMINATED WITHOUT CONVERGENCE.
 FCN=3.7813 FROM MIGRAD    STATUS=CALL LIMIT   1160 CALLS        5970 TOTAL
                     EDM=0.00406954    STRATEGY= 1      ERR MATRIX NOT POS-DEF
  EXT PARAMETER                APPROXIMATE        STEP         FIRST   
  NO.   NAME      VALUE            ERROR          SIZE      DERIVATIVE 
   1  N0           3.12355e+06     fixed    
   2  tau          6.43838e+01   constant   
   3  A0           4.52000e-01     fixed    
   4  phi          3.92047e+00     fixed    
   5  R           -6.09625e+01   constant   
   6  alpha_CBO    6.37300e-03     fixed    
   7  w_CBO        2.32500e+00   constant   
   8  beta_CBO    -1.30850e-02     fixed    
   9  alpha_2CBO   9.67161e-03     fixed    
  10  beta_2CBO    3.72035e-03   4.08521e-04   4.36791e-06  -1.25501e+01
  11  alpha_y     -7.92145e-04   2.24633e-04  -1.08021e-06   9.34943e+01
  12  w_y          1.44500e+01   constant   
  13  beta_y       5.89100e-04     fixed    
  14  alpha_vw     0.00000e+00     fixed    
  15  w_vw         1.29000e+01   constant   
  16  beta_vw      0.00000e+00     fixed    
  17  LM          -7.20700e-04   constant   
  18  zeta_y       0.00000e+00   constant   
  19  zeta_vw      0.00000e+00   constant   
  20  T_CBO        1.04657e+02   1.63371e+01   1.04244e-03  -8.69659e+01
  21  alpha_A0     5.50904e-01   7.58809e-02  -1.46500e-03  -1.66691e+01
  22  beta_A0     -4.69092e-01   6.44537e-02   1.25321e-03   2.34700e+01
  23  alpha_phi   -5.51337e-01   7.66892e-02   1.49238e-03   1.64767e+01
  24  beta_phi    -4.09164e-01   5.71835e-02   1.16912e-03   1.05242e+01
 EXTERNAL ERROR MATRIX.    NDIM=  25    NPAR=  7    ERR DEF=1
  1.669e-07 -1.330e-08  1.110e-03 -4.694e-06  4.352e-06  4.895e-06  5.024e-06 
 -1.330e-08  5.046e-08  1.155e-04 -5.432e-07  4.297e-07  5.664e-07  2.305e-07 
  1.110e-03  1.155e-04  2.672e+02 -1.240e+00  1.053e+00  1.253e+00  9.328e-01 
 -4.694e-06 -5.432e-07 -1.240e+00  5.758e-03 -4.887e-03 -5.815e-03 -4.326e-03 
  4.352e-06  4.297e-07  1.053e+00 -4.887e-03  4.154e-03  4.939e-03  3.676e-03 
  4.895e-06  5.664e-07  1.253e+00 -5.815e-03  4.939e-03  5.881e-03  4.371e-03 
  5.024e-06  2.305e-07  9.328e-01 -4.326e-03  3.676e-03  4.371e-03  3.270e-03 
ERR MATRIX NOT POS-DEF
 PARAMETER  CORRELATION COEFFICIENTS  
       NO.  GLOBAL     10     11     20     21     22     23     24
       10  0.85340   1.000 -0.145  0.166 -0.151  0.165  0.156  0.215
       11  0.30661  -0.145  1.000  0.031 -0.032  0.030  0.033  0.018
       20  0.99996   0.166  0.031  1.000 -1.000  1.000  1.000  0.998
       21  0.99967  -0.151 -0.032 -1.000  1.000 -0.999 -0.999 -0.997
       22  0.99973   0.165  0.030  1.000 -0.999  1.000  0.999  0.997
       23  0.99978   0.156  0.033  1.000 -0.999  0.999  1.000  0.997
       24  0.99961   0.215  0.018  0.998 -0.997  0.997  0.997  1.000
 ERR MATRIX NOT POS-DEF
MINUIT - FIT ONLY 2-y
 **********
 **   67 **RES 
 **********
                   PARAMETER   16  beta_vw RESTORED TO VARIABLE.
                   PARAMETER   14  alpha_vw RESTORED TO VARIABLE.
                   PARAMETER   13  beta_y RESTORED TO VARIABLE.
                   PARAMETER    9  alpha_2CBO RESTORED TO VARIABLE.
                   PARAMETER    8  beta_CBO RESTORED TO VARIABLE.
                   PARAMETER    6  alpha_CBO RESTORED TO VARIABLE.
                   PARAMETER    4  phi RESTORED TO VARIABLE.
                   PARAMETER    3  A0 RESTORED TO VARIABLE.
                   PARAMETER    1  N0 RESTORED TO VARIABLE.
 **********
 **   68 **FIX            0
 **********
 PARAMETER    0  IS UNDEFINED. IGNORED.
 **********
 **   69 **FIX            1
 **********
 **********
 **   70 **FIX            2
 **********
 PARAMETER    2  IS CONSTANT.   IGNORED.
 **********
 **   71 **FIX            3
