 + ++++++++++++++++++++++++++++++++++++++++++++++++++++++++++++++++++++ +
 +                                                                      +
 +           You have chose to blind your fitting according to          +
 +                omega_ref * (1 + (R +/- deltaR) *10^{-6})             +
 +                                                                      +
 + ++++++++++++++++++++++++++++++++++++++++++++++++++++++++++++++++++++ +
In main()...
reading format from /gm2data/zkhechad/run45/envelope/formats/formatB_sBin_constraintOn.txt
pBinTau 	= 0  
pBinPhi 	= 0  
constraintau 	= 1 
includeMopTerm 	= 0    
constrainMop    = 0   
Parameters after format file: pBinTau 0 pBinPhi 0 constraintau 1 includeMopTerm 0 constrainMop 0 c_e_scale 0.000000 
Opening file /gm2data/tbarrett/gm2fr/studies/run23_bunch_corrections/CorrectedFourier_Run3b.root.
reading full fit data from /gm2data/zkhechad/cboTemplates/Run4CBOTemplates/templateFits0_v2.0/noRF/sBin_constraintOn_cE0.0_seed0_noRF_calo17.root
windowBins = 17
fitting sliding window 72 from bin 208 at 30.884400 to bin 225 at 33.570000 (17 bins)

Reading data from /gm2data/cornell/histograms/aMethod/histogram_a_noRF.root
 **********
 **    1 **SET PRINTOUT            1
 **********
 **********
 **    2 **SET NOWARNINGS 
 **********
 PARAMETER DEFINITIONS:
    NO.   NAME         VALUE      STEP SIZE      LIMITS
     1 N0           3.18443e+06  1.00000e+02     no limits
     2 tau          6.43838e+01  constant
     3 A0           3.45292e-01  1.00000e-04     no limits
     4 phi          4.12003e+00  1.00000e-02     no limits
     5 R           -6.09625e+01  constant
     6 alpha_CBO    0.00000e+00  1.00000e-03     no limits
     7 w_CBO        2.32500e+00  constant
     8 beta_CBO     0.00000e+00  1.00000e-03     no limits
     9 alpha_2CBO   0.00000e+00  1.00000e-03     no limits
    10 beta_2CBO    0.00000e+00  1.00000e-03     no limits
    11 alpha_y      0.00000e+00  1.00000e-03     no limits
    12 w_y          1.44500e+01  constant
    13 beta_y       0.00000e+00  1.00000e-03     no limits
    14 alpha_vw     0.00000e+00  1.00000e-03     no limits
    15 w_vw         1.29000e+01  constant
    16 beta_vw      0.00000e+00  1.00000e-03     no limits
    17 LM          -7.20700e-04  constant
    18 zeta_y       0.00000e+00  constant
    19 zeta_vw      0.00000e+00  constant
    20 T_CBO        1.00000e+02  1.00000e+00    0.00000e+00  1.00000e+03
    21 alpha_A0     0.00000e+00  1.00000e-03     no limits
    22 beta_A0      0.00000e+00  1.00000e-03     no limits
    23 alpha_phi    0.00000e+00  1.00000e-03     no limits
    24 beta_phi     0.00000e+00  1.00000e-03     no limits
MINUIT - FIT ONLY WIGGLE
 **********
 **    3 **FIX            5
 **********
 PARAMETER    5  IS CONSTANT.   IGNORED.
 **********
 **    4 **FIX            6
 **********
 **********
 **    5 **FIX            7
 **********
 PARAMETER    7  IS CONSTANT.   IGNORED.
 **********
 **    6 **FIX            8
 **********
 **********
 **    7 **FIX            9
 **********
 **********
 **    8 **FIX           10
 **********
 **********
 **    9 **FIX           11
 **********
 **********
 **   10 **FIX           12
 **********
 PARAMETER   12  IS CONSTANT.   IGNORED.
 **********
 **   11 **FIX           13
 **********
 **********
 **   12 **FIX           14
 **********
 **********
 **   13 **FIX           15
 **********
 PARAMETER   15  IS CONSTANT.   IGNORED.
 **********
 **   14 **FIX           16
 **********
 **********
 **   15 **MIGRAD
 **********
 FIRST CALL TO USER FUNCTION AT NEW START POINT, WITH IFLAG=4.
 START MIGRAD MINIMIZATION.  STRATEGY  1.  CONVERGENCE WHEN EDM .LT. 1.00e-04
 FCN=4095.17 FROM MIGRAD    STATUS=INITIATE      431 CALLS         432 TOTAL
                     EDM= unknown      STRATEGY= 1      NO ERROR MATRIX       
  EXT PARAMETER               CURRENT GUESS       STEP         FIRST   
  NO.   NAME      VALUE            ERROR          SIZE      DERIVATIVE 
   1  N0           3.18443e+06   1.00000e+02   0.00000e+00  -6.22657e-02
   2  tau          6.43838e+01   constant   
   3  A0           3.45292e-01   1.00000e-04   0.00000e+00  -6.87274e+05
   4  phi          4.12003e+00   1.00000e-02   0.00000e+00  -6.08419e+03
   5  R           -6.09625e+01   constant   
   6  alpha_CBO    0.00000e+00     fixed    
   7  w_CBO        2.32500e+00   constant   
   8  beta_CBO     0.00000e+00     fixed    
   9  alpha_2CBO   0.00000e+00     fixed    
  10  beta_2CBO    0.00000e+00     fixed    
  11  alpha_y      0.00000e+00     fixed    
  12  w_y          1.44500e+01   constant   
  13  beta_y       0.00000e+00     fixed    
  14  alpha_vw     0.00000e+00     fixed    
  15  w_vw         1.29000e+01   constant   
  16  beta_vw      0.00000e+00     fixed    
  17  LM          -7.20700e-04   constant   
  18  zeta_y       0.00000e+00   constant   
  19  zeta_vw      0.00000e+00   constant   
  20  T_CBO        1.00000e+02   1.00000e+00   0.00000e+00   0.00000e+00
  21  alpha_A0     0.00000e+00   1.00000e-03   0.00000e+00   1.45364e+04
  22  beta_A0      0.00000e+00   1.00000e-03   0.00000e+00   9.91216e+04
  23  alpha_phi    0.00000e+00   1.00000e-03   0.00000e+00   2.07635e+04
  24  beta_phi     0.00000e+00   1.00000e-03   0.00000e+00  -5.77618e+03
 CALL LIMIT EXCEEDED IN MIGRAD.
 MIGRAD TERMINATED WITHOUT CONVERGENCE.
 FCN=821.1 FROM MIGRAD    STATUS=CALL LIMIT   1329 CALLS        1330 TOTAL
                     EDM=0.000127089    STRATEGY= 1  ERROR MATRIX UNCERTAINTY   2.8 per cent
  EXT PARAMETER                APPROXIMATE        STEP         FIRST   
  NO.   NAME      VALUE            ERROR          SIZE      DERIVATIVE 
   1  N0           3.16672e+06   8.93072e+03  -8.51217e-01   2.76349e-06
   2  tau          6.43838e+01   constant   
   3  A0           3.98666e-01   4.35369e-03   1.79936e-07  -6.19582e+00
   4  phi          4.11436e+00   6.08604e-03  -6.73891e-07   1.17216e+01
   5  R           -6.09625e+01   constant   
   6  alpha_CBO    0.00000e+00     fixed    
   7  w_CBO        2.32500e+00   constant   
   8  beta_CBO     0.00000e+00     fixed    
   9  alpha_2CBO   0.00000e+00     fixed    
  10  beta_2CBO    0.00000e+00     fixed    
  11  alpha_y      0.00000e+00     fixed    
  12  w_y          1.44500e+01   constant   
  13  beta_y       0.00000e+00     fixed    
  14  alpha_vw     0.00000e+00     fixed    
  15  w_vw         1.29000e+01   constant   
  16  beta_vw      0.00000e+00     fixed    
  17  LM          -7.20700e-04   constant   
  18  zeta_y       0.00000e+00   constant   
  19  zeta_vw      0.00000e+00   constant   
  20  T_CBO        1.24045e+02   1.22287e+01   1.38828e-06   3.13053e+00
  21  alpha_A0     3.61893e-02   1.49325e-02   2.85318e-06  -3.75434e+00
  22  beta_A0      1.71737e-01   1.33172e-02  -2.08341e-06  -7.32474e+00
  23  alpha_phi    1.88934e-01   1.45561e-02   8.68704e-07   6.36398e+00
  24  beta_phi    -1.02568e-02   1.66776e-02  -2.11335e-06   1.44614e+00
 EXTERNAL ERROR MATRIX.    NDIM=  25    NPAR=  8    ERR DEF=1
  7.976e+07 -3.188e+01 -4.776e+01  8.022e+04  1.206e+02 -7.653e+01 -8.248e+01 -1.414e+02 
 -3.188e+01  1.895e-05  1.384e-05 -1.363e-02 -3.453e-05  5.553e-05  6.037e-05  4.564e-05 
 -4.776e+01  1.384e-05  3.704e-05 -6.978e-02 -8.960e-05  2.319e-05  2.269e-05  9.898e-05 
  8.022e+04 -1.363e-02 -6.978e-02  1.496e+02  1.720e-01  2.192e-03  6.125e-03 -1.831e-01 
  1.206e+02 -3.453e-05 -8.960e-05  1.720e-01  2.230e-04 -5.691e-05 -5.798e-05 -2.454e-04 
 -7.653e+01  5.553e-05  2.319e-05  2.192e-03 -5.691e-05  1.773e-04  1.930e-04  8.860e-05 
 -8.248e+01  6.037e-05  2.269e-05  6.125e-03 -5.798e-05  1.930e-04  2.119e-04  9.222e-05 
 -1.414e+02  4.564e-05  9.898e-05 -1.831e-01 -2.454e-04  8.860e-05  9.222e-05  2.781e-04 
ERR MATRIX APPROXIMATE
 PARAMETER  CORRELATION COEFFICIENTS  
       NO.  GLOBAL      1      3      4     20     21     22     23     24
        1  0.99917   1.000 -0.820 -0.879  0.734  0.905 -0.643 -0.635 -0.949
        3  0.99844  -0.820  1.000  0.522 -0.256 -0.531  0.958  0.953  0.629
        4  0.99822  -0.879  0.522  1.000 -0.937 -0.986  0.286  0.256  0.975
       20  0.99437   0.734 -0.256 -0.937  1.000  0.942  0.013  0.034 -0.897
       21  0.99832   0.905 -0.531 -0.986  0.942  1.000 -0.286 -0.267 -0.985
       22  0.99852  -0.643  0.958  0.286  0.013 -0.286  1.000  0.996  0.399
       23  0.99892  -0.635  0.953  0.256  0.034 -0.267  0.996  1.000  0.380
       24  0.99881  -0.949  0.629  0.975 -0.897 -0.985  0.399  0.380  1.000
 ERR MATRIX APPROXIMATE
MINUIT - FIT ONLY 1-CBO + wiggle
 **********
 **   16 **RES 
 **********
                   PARAMETER   16  beta_vw RESTORED TO VARIABLE.
                   PARAMETER   14  alpha_vw RESTORED TO VARIABLE.
                   PARAMETER   13  beta_y RESTORED TO VARIABLE.
                   PARAMETER   11  alpha_y RESTORED TO VARIABLE.
                   PARAMETER   10  beta_2CBO RESTORED TO VARIABLE.
                   PARAMETER    9  alpha_2CBO RESTORED TO VARIABLE.
                   PARAMETER    8  beta_CBO RESTORED TO VARIABLE.
                   PARAMETER    6  alpha_CBO RESTORED TO VARIABLE.
 **********
 **   17 **FIX            8
 **********
 **********
 **   18 **FIX            9
 **********
 **********
 **   19 **FIX           11
 **********
 **********
 **   20 **FIX           12
 **********
 PARAMETER   12  IS CONSTANT.   IGNORED.
 **********
 **   21 **FIX           14
 **********
 **********
 **   22 **FIX           15
 **********
 PARAMETER   15  IS CONSTANT.   IGNORED.
 **********
 **   23 **FIX           16
 **********
 **********
 **   24 **MIGRAD
 **********
 START MIGRAD MINIMIZATION.  STRATEGY  1.  CONVERGENCE WHEN EDM .LT. 1.00e-04
 FCN=821.1 FROM MIGRAD    STATUS=INITIATE       28 CALLS        1358 TOTAL
                     EDM= unknown      STRATEGY= 1      NO ERROR MATRIX       
  EXT PARAMETER               CURRENT GUESS       STEP         FIRST   
  NO.   NAME      VALUE            ERROR          SIZE      DERIVATIVE 
   1  N0           3.16672e+06   8.93072e+03  -8.51217e-01   2.76349e-06
   2  tau          6.43838e+01   constant   
   3  A0           3.98666e-01   4.35369e-03   1.79936e-07  -6.19582e+00
   4  phi          4.11436e+00   6.08604e-03  -6.73891e-07   1.17216e+01
   5  R           -6.09625e+01   constant   
   6  alpha_CBO    0.00000e+00   1.00000e-03   1.00000e-03  -5.57107e+03
   7  w_CBO        2.32500e+00   constant   
   8  beta_CBO     0.00000e+00     fixed    
   9  alpha_2CBO   0.00000e+00     fixed    
  10  beta_2CBO    0.00000e+00   1.00000e-03   1.00000e-03  -7.61616e+03
  11  alpha_y      0.00000e+00     fixed    
  12  w_y          1.44500e+01   constant   
  13  beta_y       0.00000e+00   1.00000e-03   1.00000e-03  -3.04882e+05
  14  alpha_vw     0.00000e+00     fixed    
  15  w_vw         1.29000e+01   constant   
  16  beta_vw      0.00000e+00     fixed    
  17  LM          -7.20700e-04   constant   
  18  zeta_y       0.00000e+00   constant   
  19  zeta_vw      0.00000e+00   constant   
  20  T_CBO        1.24045e+02   1.22287e+01   1.38828e-06  -3.13054e+00
  21  alpha_A0     3.61893e-02   1.49325e-02   2.85318e-06  -3.75435e+00
  22  beta_A0      1.71737e-01   1.33172e-02  -2.08341e-06  -7.32475e+00
  23  alpha_phi    1.88934e-01   1.45561e-02   8.68704e-07   6.36398e+00
  24  beta_phi    -1.02568e-02   1.66776e-02  -2.11335e-06   1.44614e+00
 CALL LIMIT EXCEEDED IN MIGRAD.
 MIGRAD TERMINATED WITHOUT CONVERGENCE.
 FCN=247.19 FROM MIGRAD    STATUS=CALL LIMIT   1912 CALLS        3242 TOTAL
                     EDM=0.573965    STRATEGY= 1  ERROR MATRIX UNCERTAINTY   7.2 per cent
  EXT PARAMETER                APPROXIMATE        STEP         FIRST   
  NO.   NAME      VALUE            ERROR          SIZE      DERIVATIVE 
   1  N0           3.12006e+06   3.48374e+03  -4.72279e+02  -1.63576e-03
   2  tau          6.43838e+01   constant   
   3  A0           4.59081e-01   7.40903e-03   3.39028e-03  -7.65121e+03
   4  phi          4.17716e+00   6.07053e-03   6.16884e-04   2.74932e+03
   5  R           -6.09625e+01   constant   
   6  alpha_CBO   -2.26659e-03   1.60320e-03  -4.51309e-04  -4.51617e+03
   7  w_CBO        2.32500e+00   constant   
   8  beta_CBO     0.00000e+00     fixed    
   9  alpha_2CBO   0.00000e+00     fixed    
  10  beta_2CBO    1.03039e-02   1.39078e-03   6.46872e-04  -5.59863e+02
  11  alpha_y      0.00000e+00     fixed    
  12  w_y          1.44500e+01   constant   
  13  beta_y       3.45839e-03   1.52597e-04  -1.39017e-05   1.15342e+03
  14  alpha_vw     0.00000e+00     fixed    
  15  w_vw         1.29000e+01   constant   
  16  beta_vw      0.00000e+00     fixed    
  17  LM          -7.20700e-04   constant   
  18  zeta_y       0.00000e+00   constant   
  19  zeta_vw      0.00000e+00   constant   
  20  T_CBO        4.89723e+02   5.09417e+01   4.62603e-02   5.79994e+01
  21  alpha_A0    -4.50579e-02   4.34141e-03  -3.46185e-05   5.57357e+02
  22  beta_A0      2.89483e-01   1.26820e-02   5.94420e-03   1.84946e+03
  23  alpha_phi    2.64634e-01   1.02873e-02   4.45642e-03   1.70641e+03
  24  beta_phi     7.91823e-02   7.17159e-03  -4.55044e-04  -1.13699e+03
 EXTERNAL ERROR MATRIX.    NDIM=  25    NPAR= 11    ERR DEF=1
  1.214e+07 
 -1.398e+01  5.489e-05 
 -2.260e-02  1.234e-05  3.685e-05 
  2.075e+00 -6.153e-06  6.151e-06  2.570e-06 
 -1.298e+00  9.606e-06  2.322e-06 -1.171e-06  1.934e-06 
 -4.258e-02 -2.919e-08 -6.965e-08 -1.323e-08 -9.879e-09  2.329e-08 
 -9.888e+04  3.777e-01  7.935e-02 -4.283e-02  6.543e-02 -2.059e-04  2.604e+03 
  5.229e+00 -5.394e-06 -2.176e-05 -3.441e-06 -5.860e-07  3.248e-09 -3.321e-02  1.885e-05 
 -2.106e+01  9.347e-05  2.601e-05 -9.574e-06  1.683e-05 -6.813e-08  6.411e-01 -1.108e-05  1.608e-04 
 -2.246e+01  7.507e-05  1.186e-05 -8.951e-06  1.241e-05 -2.791e-08  5.196e-01 -4.859e-06  1.258e-04  1.058e-04 
 -6.656e+00  2.400e-06  3.761e-05  8.184e-06 -7.529e-07 -1.621e-08  1.297e-02 -2.896e-05  6.883e-06  1.273e-06  5.143e-05 
ERR MATRIX APPROXIMATE
 PARAMETER  CORRELATION COEFFICIENTS  
       NO.  GLOBAL      1      3      4      6     10     13     20     21     22     23     24
        1  0.99648   1.000 -0.542 -0.001  0.371 -0.268 -0.080 -0.556  0.346 -0.477 -0.627 -0.266
        3  0.99993  -0.542  1.000  0.274 -0.518  0.932 -0.026  0.999 -0.168  0.995  0.985  0.045
        4  0.99945  -0.001  0.274  1.000  0.632  0.275 -0.075  0.256 -0.826  0.338  0.190  0.864
        6  0.99843   0.371 -0.518  0.632  1.000 -0.525 -0.054 -0.523 -0.494 -0.471 -0.543  0.712
       10  0.99570  -0.268  0.932  0.275 -0.525  1.000 -0.047  0.922 -0.097  0.954  0.867 -0.075
       13  0.19894  -0.080 -0.026 -0.075 -0.054 -0.047  1.000 -0.026  0.005 -0.035 -0.018 -0.015
       20  0.99968  -0.556  0.999  0.256 -0.523  0.922 -0.026  1.000 -0.150  0.991  0.990  0.035
       21  0.99704   0.346 -0.168 -0.826 -0.494 -0.097  0.005 -0.150  1.000 -0.201 -0.109 -0.930
       22  0.99973  -0.477  0.995  0.338 -0.471  0.954 -0.035  0.991 -0.201  1.000  0.964  0.076
       23  0.99946  -0.627  0.985  0.190 -0.543  0.867 -0.018  0.990 -0.109  0.964  1.000  0.017
       24  0.99817  -0.266  0.045  0.864  0.712 -0.075 -0.015  0.035 -0.930  0.076  0.017  1.000
 ERR MATRIX APPROXIMATE
MINUIT - FIT ONLY 2-CBO
 **********
 **   25 **RES 
 **********
                   PARAMETER   16  beta_vw RESTORED TO VARIABLE.
                   PARAMETER   14  alpha_vw RESTORED TO VARIABLE.
                   PARAMETER   11  alpha_y RESTORED TO VARIABLE.
                   PARAMETER    9  alpha_2CBO RESTORED TO VARIABLE.
                   PARAMETER    8  beta_CBO RESTORED TO VARIABLE.
 **********
 **   26 **FIX            0
 **********
 PARAMETER    0  IS UNDEFINED. IGNORED.
 **********
 **   27 **FIX            1
 **********
 **********
 **   28 **FIX            2
 **********
 PARAMETER    2  IS CONSTANT.   IGNORED.
 **********
 **   29 **FIX            3
 **********
 **********
 **   30 **FIX            4
 **********
 **********
 **   31 **FIX            5
 **********
 PARAMETER    5  IS CONSTANT.   IGNORED.
 **********
 **   32 **FIX            6
 **********
 **********
 **   33 **FIX            7
 **********
 PARAMETER    7  IS CONSTANT.   IGNORED.
 **********
 **   34 **FIX           10
 **********
 **********
 **   35 **FIX           11
 **********
 **********
 **   36 **FIX           12
 **********
 PARAMETER   12  IS CONSTANT.   IGNORED.
 **********
 **   37 **FIX           13
 **********
 **********
 **   38 **FIX           14
 **********
 **********
 **   39 **FIX           15
 **********
 PARAMETER   15  IS CONSTANT.   IGNORED.
 **********
 **   40 **FIX           16
 **********
 **********
 **   41 **MIGRAD
 **********
 START MIGRAD MINIMIZATION.  STRATEGY  1.  CONVERGENCE WHEN EDM .LT. 1.00e-04
 FCN=247.19 FROM MIGRAD    STATUS=INITIATE       18 CALLS        3260 TOTAL
                     EDM= unknown      STRATEGY= 1      NO ERROR MATRIX       
  EXT PARAMETER               CURRENT GUESS       STEP         FIRST   
  NO.   NAME      VALUE            ERROR          SIZE      DERIVATIVE 
   1  N0           3.12006e+06     fixed    
   2  tau          6.43838e+01   constant   
   3  A0           4.59081e-01     fixed    
   4  phi          4.17716e+00     fixed    
   5  R           -6.09625e+01   constant   
   6  alpha_CBO   -2.26659e-03     fixed    
   7  w_CBO        2.32500e+00   constant   
   8  beta_CBO     0.00000e+00   1.00000e-03   1.00000e-03  -7.60082e+03
   9  alpha_2CBO   0.00000e+00   1.00000e-03   1.00000e-03   6.31282e+03
  10  beta_2CBO    1.03039e-02     fixed    
  11  alpha_y      0.00000e+00     fixed    
  12  w_y          1.44500e+01   constant   
  13  beta_y       3.45839e-03     fixed    
  14  alpha_vw     0.00000e+00     fixed    
  15  w_vw         1.29000e+01   constant   
  16  beta_vw      0.00000e+00     fixed    
  17  LM          -7.20700e-04   constant   
  18  zeta_y       0.00000e+00   constant   
  19  zeta_vw      0.00000e+00   constant   
  20  T_CBO        4.89723e+02   5.09417e+01   4.62603e-02   5.79994e+01
  21  alpha_A0    -4.50579e-02   4.34141e-03  -3.46185e-05   5.57357e+02
  22  beta_A0      2.89483e-01   1.26820e-02   5.94420e-03   1.84946e+03
  23  alpha_phi    2.64634e-01   1.02873e-02   4.45642e-03   1.70641e+03
  24  beta_phi     7.91823e-02   7.17159e-03  -4.55044e-04  -1.13699e+03
 MIGRAD MINIMIZATION HAS CONVERGED.
 MIGRAD WILL VERIFY CONVERGENCE AND ERROR MATRIX.
 COVARIANCE MATRIX CALCULATED SUCCESSFULLY
 FCN=246.544 FROM HESSE     STATUS=OK             50 CALLS        3409 TOTAL
                     EDM=0.00209811    STRATEGY= 1      ERROR MATRIX ACCURATE 
  EXT PARAMETER                                   STEP         FIRST   
  NO.   NAME      VALUE            ERROR          SIZE      DERIVATIVE 
   1  N0           3.12006e+06     fixed    
   2  tau          6.43838e+01   constant   
   3  A0           4.59081e-01     fixed    
   4  phi          4.17716e+00     fixed    
   5  R           -6.09625e+01   constant   
   6  alpha_CBO   -2.26659e-03     fixed    
   7  w_CBO        2.32500e+00   constant   
   8  beta_CBO     6.20648e-05   5.33354e-04   1.14584e-06   1.86397e+01
   9  alpha_2CBO  -3.20748e-05   3.44500e-04   1.14964e-06  -1.44525e+01
  10  beta_2CBO    1.03039e-02     fixed    
  11  alpha_y      0.00000e+00     fixed    
  12  w_y          1.44500e+01   constant   
  13  beta_y       3.45839e-03     fixed    
  14  alpha_vw     0.00000e+00     fixed    
  15  w_vw         1.29000e+01   constant   
  16  beta_vw      0.00000e+00     fixed    
  17  LM          -7.20700e-04   constant   
  18  zeta_y       0.00000e+00   constant   
  19  zeta_vw      0.00000e+00   constant   
  20  T_CBO        4.88907e+02   4.11948e+02   1.16948e-04  -2.16246e-01
  21  alpha_A0    -4.51771e-02   3.11567e-03   3.15437e-06   1.06372e+00
  22  beta_A0      2.89471e-01   1.81934e-02   3.33775e-06  -4.11349e+00
  23  alpha_phi    2.64497e-01   1.66440e-02   3.34024e-06  -2.72543e+00
  24  beta_phi     7.93620e-02   5.03858e-03   3.85585e-06   1.97135e+00
 CALL LIMIT EXCEEDED IN MIGRAD.
 MIGRAD TERMINATED WITHOUT CONVERGENCE.
 FCN=246.506 FROM MIGRAD    STATUS=CALL LIMIT   1147 CALLS        4389 TOTAL
                     EDM=0.000313117    STRATEGY= 1  ERROR MATRIX UNCERTAINTY  21.7 per cent
  EXT PARAMETER                APPROXIMATE        STEP         FIRST   
  NO.   NAME      VALUE            ERROR          SIZE      DERIVATIVE 
   1  N0           3.12006e+06     fixed    
   2  tau          6.43838e+01   constant   
   3  A0           4.59081e-01     fixed    
   4  phi          4.17716e+00     fixed    
   5  R           -6.09625e+01   constant   
   6  alpha_CBO   -2.26659e-03     fixed    
   7  w_CBO        2.32500e+00   constant   
   8  beta_CBO     1.70607e-04   4.56181e-04   1.55646e-06   3.31453e+01
   9  alpha_2CBO  -2.45722e-05   3.27637e-04  -3.81876e-07  -1.20981e+01
  10  beta_2CBO    1.03039e-02     fixed    
  11  alpha_y      0.00000e+00     fixed    
  12  w_y          1.44500e+01   constant   
  13  beta_y       3.45839e-03     fixed    
  14  alpha_vw     0.00000e+00     fixed    
  15  w_vw         1.29000e+01   constant   
  16  beta_vw      0.00000e+00     fixed    
  17  LM          -7.20700e-04   constant   
  18  zeta_y       0.00000e+00   constant   
  19  zeta_vw      0.00000e+00   constant   
  20  T_CBO        8.69744e+02   8.95374e+02   2.36668e-02  -2.92107e-01
  21  alpha_A0    -4.38434e-02   1.39769e-03   1.59659e-05   1.74416e+01
  22  beta_A0      2.81551e-01   7.65740e-03  -9.76396e-05  -2.14948e+01
  23  alpha_phi    2.57238e-01   6.94004e-03  -8.86011e-05  -4.55013e+01
  24  beta_phi     7.72061e-02   2.11414e-03  -2.82269e-05  -1.46454e+01
 EXTERNAL ERROR MATRIX.    NDIM=  25    NPAR=  7    ERR DEF=1
  2.081e-07  8.443e-08  3.747e-02  2.301e-07  7.551e-08 -4.783e-07 -1.708e-08 
  8.443e-08  1.073e-07  2.034e-02  1.701e-07 -3.947e-08 -3.431e-07  1.418e-07 
  3.747e-02  2.034e-02  3.808e+05  7.818e-01 -4.662e+00 -4.271e+00 -1.197e+00 
  2.301e-07  1.701e-07  7.818e-01  1.954e-06 -9.156e-06 -8.845e-06 -2.251e-06 
  7.551e-08 -3.947e-08 -4.662e+00 -9.156e-06  5.864e-05  5.211e-05  1.485e-05 
 -4.783e-07 -3.431e-07 -4.271e+00 -8.845e-06  5.211e-05  4.816e-05  1.311e-05 
 -1.708e-08  1.418e-07 -1.197e+00 -2.251e-06  1.485e-05  1.311e-05  4.470e-06 
ERR MATRIX APPROXIMATE
 PARAMETER  CORRELATION COEFFICIENTS  
       NO.  GLOBAL      8      9     20     21     22     23     24
        8  0.96459   1.000  0.565  0.133  0.361  0.022 -0.151 -0.018
        9  0.89475   0.565  1.000  0.101  0.371 -0.016 -0.151  0.205
       20  0.99976   0.133  0.101  1.000  0.907 -0.987 -0.997 -0.918
       21  0.96351   0.361  0.371  0.907  1.000 -0.856 -0.912 -0.762
       22  0.99910   0.022 -0.016 -0.987 -0.856  1.000  0.981  0.918
       23  0.99921  -0.151 -0.151 -0.997 -0.912  0.981  1.000  0.894
       24  0.97925  -0.018  0.205 -0.918 -0.762  0.918  0.894  1.000
 ERR MATRIX APPROXIMATE
MINUIT - FIT wiggle + 1-CBO + 2-CBO
 **********
 **   42 **RES 
 **********
                   PARAMETER   16  beta_vw RESTORED TO VARIABLE.
                   PARAMETER   14  alpha_vw RESTORED TO VARIABLE.
                   PARAMETER   13  beta_y RESTORED TO VARIABLE.
                   PARAMETER   11  alpha_y RESTORED TO VARIABLE.
                   PARAMETER   10  beta_2CBO RESTORED TO VARIABLE.
                   PARAMETER    6  alpha_CBO RESTORED TO VARIABLE.
                   PARAMETER    4  phi RESTORED TO VARIABLE.
                   PARAMETER    3  A0 RESTORED TO VARIABLE.
                   PARAMETER    1  N0 RESTORED TO VARIABLE.
 **********
 **   43 **FIX           10
 **********
 **********
 **   44 **FIX           11
 **********
 **********
 **   45 **FIX           12
 **********
 PARAMETER   12  IS CONSTANT.   IGNORED.
 **********
 **   46 **FIX           13
 **********
 **********
 **   47 **FIX           14
 **********
 **********
 **   48 **FIX           15
 **********
 PARAMETER   15  IS CONSTANT.   IGNORED.
 **********
 **   49 **FIX           16
 **********
 **********
 **   50 **MIGRAD
 **********
 START MIGRAD MINIMIZATION.  STRATEGY  1.  CONVERGENCE WHEN EDM .LT. 1.00e-04
 FCN=246.506 FROM MIGRAD    STATUS=INITIATE       22 CALLS        4411 TOTAL
                     EDM= unknown      STRATEGY= 1      NO ERROR MATRIX       
  EXT PARAMETER               CURRENT GUESS       STEP         FIRST   
  NO.   NAME      VALUE            ERROR          SIZE      DERIVATIVE 
   1  N0           3.12006e+06   3.48374e+03   3.48374e+03   5.29821e-05
   2  tau          6.43838e+01   constant   
   3  A0           4.59081e-01   7.40903e-03   7.40903e-03   4.75937e+00
   4  phi          4.17716e+00   6.07053e-03   6.07053e-03   1.18348e+02
   5  R           -6.09625e+01   constant   
   6  alpha_CBO   -2.26659e-03   1.60320e-03   1.60320e-03  -5.41288e+02
   7  w_CBO        2.32500e+00   constant   
   8  beta_CBO     1.70607e-04   4.56181e-04   1.55646e-06   3.31453e+01
   9  alpha_2CBO  -2.45722e-05   3.27637e-04  -3.81876e-07  -1.20981e+01
  10  beta_2CBO    1.03039e-02     fixed    
  11  alpha_y      0.00000e+00     fixed    
  12  w_y          1.44500e+01   constant   
  13  beta_y       3.45839e-03     fixed    
  14  alpha_vw     0.00000e+00     fixed    
  15  w_vw         1.29000e+01   constant   
  16  beta_vw      0.00000e+00     fixed    
  17  LM          -7.20700e-04   constant   
  18  zeta_y       0.00000e+00   constant   
  19  zeta_vw      0.00000e+00   constant   
  20  T_CBO        8.69744e+02   8.95374e+02   2.36668e-02  -2.92116e-01
  21  alpha_A0    -4.38434e-02   1.39769e-03   1.59659e-05   1.74416e+01
  22  beta_A0      2.81551e-01   7.65740e-03  -9.76396e-05  -2.14947e+01
  23  alpha_phi    2.57238e-01   6.94004e-03  -8.86011e-05  -4.55013e+01
  24  beta_phi     7.72061e-02   2.11414e-03  -2.82269e-05  -1.46454e+01
 MIGRAD MINIMIZATION HAS CONVERGED.
 FCN=244.498 FROM MIGRAD    STATUS=CONVERGED    1692 CALLS        6081 TOTAL
                     EDM=9.82766e-06    STRATEGY= 1  ERROR MATRIX UNCERTAINTY   3.7 per cent
  EXT PARAMETER                                   STEP         FIRST   
  NO.   NAME      VALUE            ERROR          SIZE      DERIVATIVE 
   1  N0           3.12730e+06   8.11775e+03  -1.66230e+01  -1.24205e-05
   2  tau          6.43838e+01   constant   
   3  A0           4.55564e-01   3.99865e-03   6.98131e-06   3.49472e+00
   4  phi          4.15967e+00   1.86214e-02   4.90325e-05  -6.84567e+00
   5  R           -6.09625e+01   constant   
   6  alpha_CBO    3.27865e-03   3.96124e-03  -1.20256e-05  -6.03825e+00
   7  w_CBO        2.32500e+00   constant   
   8  beta_CBO     1.00901e-02   7.67463e-03  -2.38046e-05   5.22244e+00
   9  alpha_2CBO   4.27084e-03   3.68586e-03  -1.11716e-05  -1.30321e+01
  10  beta_2CBO    1.03039e-02     fixed    
  11  alpha_y      0.00000e+00     fixed    
  12  w_y          1.44500e+01   constant   
  13  beta_y       3.45839e-03     fixed    
  14  alpha_vw     0.00000e+00     fixed    
  15  w_vw         1.29000e+01   constant   
  16  beta_vw      0.00000e+00     fixed    
  17  LM          -7.20700e-04   constant   
  18  zeta_y       0.00000e+00   constant   
  19  zeta_vw      0.00000e+00   constant   
  20  T_CBO        6.57187e+02   2.81540e+02  -1.95546e-03  -2.02156e-02
  21  alpha_A0    -2.68400e-03   3.67863e-02  -1.05234e-04  -4.70198e-02
  22  beta_A0      3.05064e-01   2.14734e-02  -6.82668e-05   2.45368e+00
  23  alpha_phi    2.66335e-01   1.04772e-02  -3.22333e-05  -5.64897e+00
  24  beta_phi     5.47304e-02   2.49766e-02   5.95883e-05  -8.26953e-01
 EXTERNAL ERROR MATRIX.    NDIM=  25    NPAR= 11    ERR DEF=1
  6.590e+07 
 -2.377e+01  1.599e-05 
 -1.465e+02  5.119e-05  3.468e-04 
  1.870e+01 -1.108e-05 -5.281e-05  1.569e-05 
  4.756e+01 -2.358e-05 -1.234e-04  2.941e-05  5.890e-05 
  2.675e+01 -1.104e-05 -6.601e-05  1.269e-05  2.723e-05  1.359e-05 
  2.108e+06 -8.152e-01 -5.344e+00  1.050e+00  2.224e+00  1.098e+00  9.084e+04 
  2.773e+02 -1.065e-04 -6.752e-04  1.199e-04  2.639e-04  1.345e-04  1.094e+01  1.353e-03 
  1.237e+02 -5.176e-05 -3.385e-04  8.086e-05  1.604e-04  7.447e-05  6.250e+00  7.257e-04  4.611e-04 
  4.468e+01 -9.420e-06 -1.388e-04  3.264e-05  6.356e-05  2.988e-05  2.669e+00  2.969e-04  2.043e-04  1.098e-04 
 -1.996e+02  6.771e-05  4.629e-04 -6.474e-05 -1.568e-04 -8.597e-05 -6.936e+00 -8.885e-04 -4.270e-04 -1.726e-04  6.238e-04 
 PARAMETER  CORRELATION COEFFICIENTS  
       NO.  GLOBAL      1      3      4      6      8      9     20     21     22     23     24
        1  0.99962   1.000 -0.732 -0.969  0.582  0.763  0.894  0.861  0.928  0.710  0.525 -0.985
        3  0.99984  -0.732  1.000  0.687 -0.699 -0.768 -0.749 -0.676 -0.724 -0.603 -0.225  0.678
        4  0.99993  -0.969  0.687  1.000 -0.716 -0.863 -0.962 -0.952 -0.986 -0.847 -0.711  0.995
        6  0.99951   0.582 -0.699 -0.716  1.000  0.967  0.869  0.880  0.822  0.951  0.786 -0.654
        8  0.99996   0.763 -0.768 -0.863  0.967  1.000  0.962  0.962  0.935  0.973  0.790 -0.818
        9  0.99934   0.894 -0.749 -0.962  0.869  0.962  1.000  0.988  0.992  0.941  0.774 -0.934
       20  0.99898   0.861 -0.676 -0.952  0.880  0.962  0.988  1.000  0.987  0.966  0.845 -0.921
       21  0.99996   0.928 -0.724 -0.986  0.822  0.935  0.992  0.987  1.000  0.919  0.770 -0.967
       22  0.99994   0.710 -0.603 -0.847  0.951  0.973  0.941  0.966  0.919  1.000  0.908 -0.796
       23  0.99971   0.525 -0.225 -0.711  0.786  0.790  0.774  0.845  0.770  0.908  1.000 -0.660
       24  0.99990  -0.985  0.678  0.995 -0.654 -0.818 -0.934 -0.921 -0.967 -0.796 -0.660  1.000
MINUIT - FIT ONLY 1-y
 **********
 **   51 **RES 
 **********
                   PARAMETER   16  beta_vw RESTORED TO VARIABLE.
                   PARAMETER   14  alpha_vw RESTORED TO VARIABLE.
                   PARAMETER   13  beta_y RESTORED TO VARIABLE.
                   PARAMETER   11  alpha_y RESTORED TO VARIABLE.
                   PARAMETER   10  beta_2CBO RESTORED TO VARIABLE.
 **********
 **   52 **FIX            0
 **********
 PARAMETER    0  IS UNDEFINED. IGNORED.
 **********
 **   53 **FIX            1
 **********
 **********
 **   54 **FIX            2
 **********
 PARAMETER    2  IS CONSTANT.   IGNORED.
 **********
 **   55 **FIX            3
 **********
 **********
 **   56 **FIX            4
 **********
 **********
 **   57 **FIX            5
 **********
 PARAMETER    5  IS CONSTANT.   IGNORED.
 **********
 **   58 **FIX            6
 **********
 **********
 **   59 **FIX            7
 **********
 PARAMETER    7  IS CONSTANT.   IGNORED.
 **********
 **   60 **FIX            8
 **********
 **********
 **   61 **FIX            9
 **********
 **********
 **   62 **FIX           13
 **********
 **********
 **   63 **FIX           14
 **********
 **********
 **   64 **FIX           15
 **********
 PARAMETER   15  IS CONSTANT.   IGNORED.
 **********
 **   65 **FIX           16
 **********
 **********
 **   66 **MIGRAD
 **********
 START MIGRAD MINIMIZATION.  STRATEGY  1.  CONVERGENCE WHEN EDM .LT. 1.00e-04
 FCN=244.498 FROM MIGRAD    STATUS=INITIATE       16 CALLS        6097 TOTAL
                     EDM= unknown      STRATEGY= 1      NO ERROR MATRIX       
  EXT PARAMETER               CURRENT GUESS       STEP         FIRST   
  NO.   NAME      VALUE            ERROR          SIZE      DERIVATIVE 
   1  N0           3.12730e+06     fixed    
   2  tau          6.43838e+01   constant   
   3  A0           4.55564e-01     fixed    
   4  phi          4.15967e+00     fixed    
   5  R           -6.09625e+01   constant   
   6  alpha_CBO    3.27865e-03     fixed    
   7  w_CBO        2.32500e+00   constant   
   8  beta_CBO     1.00901e-02     fixed    
   9  alpha_2CBO   4.27084e-03     fixed    
  10  beta_2CBO    1.03039e-02   1.39078e-03   1.39078e-03  -1.38495e+03
  11  alpha_y      0.00000e+00   1.00000e-03   1.00000e-03  -1.85811e+05
  12  w_y          1.44500e+01   constant   
  13  beta_y       3.45839e-03     fixed    
  14  alpha_vw     0.00000e+00     fixed    
  15  w_vw         1.29000e+01   constant   
  16  beta_vw      0.00000e+00     fixed    
  17  LM          -7.20700e-04   constant   
  18  zeta_y       0.00000e+00   constant   
  19  zeta_vw      0.00000e+00   constant   
  20  T_CBO        6.57187e+02   2.81540e+02  -1.95546e-03   2.02148e-02
  21  alpha_A0    -2.68400e-03   3.67863e-02  -1.05234e-04  -4.70190e-02
  22  beta_A0      3.05064e-01   2.14734e-02  -6.82668e-05   2.45366e+00
  23  alpha_phi    2.66335e-01   1.04772e-02  -3.22333e-05  -5.64897e+00
  24  beta_phi     5.47304e-02   2.49766e-02   5.95883e-05  -8.26955e-01
 MIGRAD MINIMIZATION HAS CONVERGED.
 MIGRAD WILL VERIFY CONVERGENCE AND ERROR MATRIX.
 COVARIANCE MATRIX CALCULATED SUCCESSFULLY
 FCN=26.7936 FROM HESSE     STATUS=OK             50 CALLS        6241 TOTAL
                     EDM=0.204849    STRATEGY= 1      ERROR MATRIX ACCURATE 
  EXT PARAMETER                                   STEP         FIRST   
  NO.   NAME      VALUE            ERROR          SIZE      DERIVATIVE 
   1  N0           3.12730e+06     fixed    
   2  tau          6.43838e+01   constant   
   3  A0           4.55564e-01     fixed    
   4  phi          4.15967e+00     fixed    
   5  R           -6.09625e+01   constant   
   6  alpha_CBO    3.27865e-03     fixed    
   7  w_CBO        2.32500e+00   constant   
   8  beta_CBO     1.00901e-02     fixed    
   9  alpha_2CBO   4.27084e-03     fixed    
  10  beta_2CBO    9.97498e-03   2.86374e-04   4.04990e-07   6.01998e-01
  11  alpha_y      2.34559e-03   1.58989e-04   4.05535e-07   9.02892e-02
  12  w_y          1.44500e+01   constant   
  13  beta_y       3.45839e-03     fixed    
  14  alpha_vw     0.00000e+00     fixed    
  15  w_vw         1.29000e+01   constant   
  16  beta_vw      0.00000e+00     fixed    
  17  LM          -7.20700e-04   constant   
  18  zeta_y       0.00000e+00   constant   
  19  zeta_vw      0.00000e+00   constant   
  20  T_CBO        6.52457e+02   5.12635e+02   7.25769e-05   1.15325e-01
  21  alpha_A0    -2.58828e-03   5.65037e-04   1.03292e-06   7.66913e-01
  22  beta_A0      3.04614e-01   4.20540e-02   1.08508e-06  -6.57837e+00
  23  alpha_phi    2.66578e-01   3.53722e-02   1.10948e-06  -5.20083e+00
  24  beta_phi     5.54911e-02   6.75252e-03   1.31696e-06  -6.68794e-01
 CALL LIMIT EXCEEDED IN MIGRAD.
 MIGRAD TERMINATED WITHOUT CONVERGENCE.
 FCN=26.4203 FROM MIGRAD    STATUS=CALL LIMIT   1162 CALLS        7243 TOTAL
                     EDM=0.00225157    STRATEGY= 1  ERROR MATRIX UNCERTAINTY  22.3 per cent
  EXT PARAMETER                APPROXIMATE        STEP         FIRST   
  NO.   NAME      VALUE            ERROR          SIZE      DERIVATIVE 
   1  N0           3.12730e+06     fixed    
   2  tau          6.43838e+01   constant   
   3  A0           4.55564e-01     fixed    
   4  phi          4.15967e+00     fixed    
   5  R           -6.09625e+01   constant   
   6  alpha_CBO    3.27865e-03     fixed    
   7  w_CBO        2.32500e+00   constant   
   8  beta_CBO     1.00901e-02     fixed    
   9  alpha_2CBO   4.27084e-03     fixed    
  10  beta_2CBO    1.00943e-02   2.31794e-04   8.62137e-06   5.29303e+01
  11  alpha_y      2.34658e-03   1.60536e-04  -3.26985e-06  -3.59910e+01
  12  w_y          1.44500e+01   constant   
  13  beta_y       3.45839e-03     fixed    
  14  alpha_vw     0.00000e+00     fixed    
  15  w_vw         1.29000e+01   constant   
  16  beta_vw      0.00000e+00     fixed    
  17  LM          -7.20700e-04   constant   
  18  zeta_y       0.00000e+00   constant   
  19  zeta_vw      0.00000e+00   constant   
  20  T_CBO        2.43278e+02   9.14520e+01  -1.00143e-02  -1.62751e+01
  21  alpha_A0    -2.83283e-03   4.39551e-04  -7.72726e-06   2.35009e+01
  22  beta_A0      3.31097e-01   1.63402e-02   7.58062e-04  -1.25085e+02
  23  alpha_phi    2.88816e-01   1.36489e-02   6.26354e-04  -9.78615e+01
  24  beta_phi     5.97018e-02   2.60808e-03   1.12815e-04  -6.17469e+01
 EXTERNAL ERROR MATRIX.    NDIM=  25    NPAR=  7    ERR DEF=1
  5.373e-08 -5.837e-09 -9.121e-03 -2.871e-08  1.683e-06  1.313e-06  2.199e-07 
 -5.837e-09  2.577e-08  1.595e-03  4.039e-09 -2.973e-07 -2.400e-07 -3.655e-08 
 -9.121e-03  1.595e-03  8.493e+03  1.425e-02 -1.505e+00 -1.257e+00 -2.341e-01 
 -2.871e-08  4.039e-09  1.425e-02  1.932e-07 -2.531e-06 -2.071e-06 -4.024e-07 
  1.683e-06 -2.973e-07 -1.505e+00 -2.531e-06  2.670e-04  2.227e-04  4.137e-05 
  1.313e-06 -2.400e-07 -1.257e+00 -2.071e-06  2.227e-04  1.863e-04  3.459e-05 
  2.199e-07 -3.655e-08 -2.341e-01 -4.024e-07  4.137e-05  3.459e-05  6.802e-06 
ERR MATRIX APPROXIMATE
 PARAMETER  CORRELATION COEFFICIENTS  
       NO.  GLOBAL     10     11     20     21     22     23     24
       10  0.74344   1.000 -0.157 -0.427 -0.282  0.444  0.415  0.364
       11  0.23110  -0.157  1.000  0.108  0.057 -0.113 -0.110 -0.087
       20  0.99985  -0.427  0.108  1.000  0.352 -0.999 -0.999 -0.974
       21  0.41499  -0.282  0.057  0.352  1.000 -0.352 -0.345 -0.351
       22  0.99971   0.444 -0.113 -0.999 -0.352  1.000  0.999  0.971
       23  0.99953   0.415 -0.110 -0.999 -0.345  0.999  1.000  0.972
       24  0.97976   0.364 -0.087 -0.974 -0.351  0.971  0.972  1.000
 ERR MATRIX APPROXIMATE
MINUIT - FIT ONLY 2-y
 **********
 **   67 **RES 
 **********
                   PARAMETER   16  beta_vw RESTORED TO VARIABLE.
                   PARAMETER   14  alpha_vw RESTORED TO VARIABLE.
                   PARAMETER   13  beta_y RESTORED TO VARIABLE.
                   PARAMETER    9  alpha_2CBO RESTORED TO VARIABLE.
                   PARAMETER    8  beta_CBO RESTORED TO VARIABLE.
                   PARAMETER    6  alpha_CBO RESTORED TO VARIABLE.
                   PARAMETER    4  phi RESTORED TO VARIABLE.
                   PARAMETER    3  A0 RESTORED TO VARIABLE.
                   PARAMETER    1  N0 RESTORED TO VARIABLE.
 **********
 **   68 **FIX            0
 **********
 PARAMETER    0  IS UNDEFINED. IGNORED.
 **********
 **   69 **FIX            1
 **********
 **********
 **   70 **FIX            2
 **********
 PARAMETER    2  IS CONSTANT.   IGNORED.
 **********
 **   71 **FIX            3
 **********
 **********
 **   72 **FIX            4
 **********
 **********
 **   73 **FIX            5
 **********
 PARAMETER    5  IS CONSTANT.   IGNORED.
 **********
 **   74 **FIX            6
 **********
 **********
 **   75 **FIX            7
 **********
 PARAMETER    7  IS CONSTANT.   IGNORED.
 **********
 **   76 **FIX            8
 **********
 **********
 **   77 **FIX            9
 **********
 **********
 **   78 **FIX           10
 **********
 **********
 **   79 **FIX           11
 **********
 **********
 **   80 **FIX           12
 **********
 PARAMETER   12  IS CONSTANT.   IGNORED.
 **********
 **   81 **FIX           16
 **********
 **********
 **   82 **MIGRAD
 **********
 START MIGRAD MINIMIZATION.  STRATEGY  1.  CONVERGENCE WHEN EDM .LT. 1.00e-04
 FCN=26.4203 FROM MIGRAD    STATUS=INITIATE       16 CALLS        7259 TOTAL
                     EDM= unknown      STRATEGY= 1      NO ERROR MATRIX       
  EXT PARAMETER               CURRENT GUESS       STEP         FIRST   
  NO.   NAME      VALUE            ERROR          SIZE      DERIVATIVE 
   1  N0           3.12730e+06     fixed    
   2  tau          6.43838e+01   constant   
   3  A0           4.55564e-01     fixed    
   4  phi          4.15967e+00     fixed    
   5  R           -6.09625e+01   constant   
   6  alpha_CBO    3.27865e-03     fixed    
   7  w_CBO        2.32500e+00   constant   
   8  beta_CBO     1.00901e-02     fixed    
   9  alpha_2CBO   4.27084e-03     fixed    
  10  beta_2CBO    1.00943e-02     fixed    
  11  alpha_y      2.34658e-03     fixed    
  12  w_y          1.44500e+01   constant   
  13  beta_y       3.45839e-03   1.52597e-04   1.52597e-04   9.25348e+03
  14  alpha_vw     0.00000e+00   1.00000e-03   1.00000e-03   3.34417e+03
  15  w_vw         1.29000e+01   constant   
  16  beta_vw      0.00000e+00     fixed    
