 + ++++++++++++++++++++++++++++++++++++++++++++++++++++++++++++++++++++ +
 +                                                                      +
 +           You have chose to blind your fitting according to          +
 +                omega_ref * (1 + (R +/- deltaR) *10^{-6})             +
 +                                                                      +
 + ++++++++++++++++++++++++++++++++++++++++++++++++++++++++++++++++++++ +
In main()...
reading format from /gm2data/zkhechad/run45/envelope/formats/formatB_sBin_constraintOn.txt
pBinTau 	= 0  
pBinPhi 	= 0  
constraintau 	= 1 
includeMopTerm 	= 0    
constrainMop    = 0   
Parameters after format file: pBinTau 0 pBinPhi 0 constraintau 1 includeMopTerm 0 constrainMop 0 c_e_scale 0.000000 
Opening file /gm2data/tbarrett/gm2fr/studies/run23_bunch_corrections/CorrectedFourier_Run3b.root.
reading full fit data from /gm2data/zkhechad/cboTemplates/Run4CBOTemplates/templateFits0_v2.0/noRF/sBin_constraintOn_cE0.0_seed0_noRF_calo21.root
windowBins = 17
fitting sliding window 90 from bin 226 at 33.570000 to bin 243 at 36.255600 (17 bins)

Reading data from /gm2data/cornell/histograms/aMethod/histogram_a_noRF.root
 **********
 **    1 **SET PRINTOUT            1
 **********
 **********
 **    2 **SET NOWARNINGS 
 **********
 PARAMETER DEFINITIONS:
    NO.   NAME         VALUE      STEP SIZE      LIMITS
     1 N0           2.83546e+06  1.00000e+02     no limits
     2 tau          6.43976e+01  constant
     3 A0           3.54104e-01  1.00000e-04     no limits
     4 phi          4.11635e+00  1.00000e-02     no limits
     5 R           -5.94693e+01  constant
     6 alpha_CBO    0.00000e+00  1.00000e-03     no limits
     7 w_CBO        2.32500e+00  constant
     8 beta_CBO     0.00000e+00  1.00000e-03     no limits
     9 alpha_2CBO   0.00000e+00  1.00000e-03     no limits
    10 beta_2CBO    0.00000e+00  1.00000e-03     no limits
    11 alpha_y      0.00000e+00  1.00000e-03     no limits
    12 w_y          1.44500e+01  constant
    13 beta_y       0.00000e+00  1.00000e-03     no limits
    14 alpha_vw     0.00000e+00  1.00000e-03     no limits
    15 w_vw         1.29000e+01  constant
    16 beta_vw      0.00000e+00  1.00000e-03     no limits
    17 LM          -2.20020e-04  constant
    18 zeta_y       0.00000e+00  constant
    19 zeta_vw      0.00000e+00  constant
    20 T_CBO        1.00000e+02  1.00000e+00    0.00000e+00  1.00000e+03
    21 alpha_A0     0.00000e+00  1.00000e-03     no limits
    22 beta_A0      0.00000e+00  1.00000e-03     no limits
    23 alpha_phi    0.00000e+00  1.00000e-03     no limits
    24 beta_phi     0.00000e+00  1.00000e-03     no limits
MINUIT - FIT ONLY WIGGLE
 **********
 **    3 **FIX            5
 **********
 PARAMETER    5  IS CONSTANT.   IGNORED.
 **********
 **    4 **FIX            6
 **********
 **********
 **    5 **FIX            7
 **********
 PARAMETER    7  IS CONSTANT.   IGNORED.
 **********
 **    6 **FIX            8
 **********
 **********
 **    7 **FIX            9
 **********
 **********
 **    8 **FIX           10
 **********
 **********
 **    9 **FIX           11
 **********
 **********
 **   10 **FIX           12
 **********
 PARAMETER   12  IS CONSTANT.   IGNORED.
 **********
 **   11 **FIX           13
 **********
 **********
 **   12 **FIX           14
 **********
 **********
 **   13 **FIX           15
 **********
 PARAMETER   15  IS CONSTANT.   IGNORED.
 **********
 **   14 **FIX           16
 **********
 **********
 **   15 **MIGRAD
 **********
 FIRST CALL TO USER FUNCTION AT NEW START POINT, WITH IFLAG=4.
 START MIGRAD MINIMIZATION.  STRATEGY  1.  CONVERGENCE WHEN EDM .LT. 1.00e-04
 FCN=5003.54 FROM MIGRAD    STATUS=INITIATE      431 CALLS         432 TOTAL
                     EDM= unknown      STRATEGY= 1      NO ERROR MATRIX       
  EXT PARAMETER               CURRENT GUESS       STEP         FIRST   
  NO.   NAME      VALUE            ERROR          SIZE      DERIVATIVE 
   1  N0           2.83546e+06   1.00000e+02   0.00000e+00  -3.59343e-02
   2  tau          6.43976e+01   constant   
   3  A0           3.54104e-01   1.00000e-04   0.00000e+00  -4.73531e+05
   4  phi          4.11635e+00   1.00000e-02   0.00000e+00   8.09388e+04
   5  R           -5.94693e+01   constant   
   6  alpha_CBO    0.00000e+00     fixed    
   7  w_CBO        2.32500e+00   constant   
   8  beta_CBO     0.00000e+00     fixed    
   9  alpha_2CBO   0.00000e+00     fixed    
  10  beta_2CBO    0.00000e+00     fixed    
  11  alpha_y      0.00000e+00     fixed    
  12  w_y          1.44500e+01   constant   
  13  beta_y       0.00000e+00     fixed    
  14  alpha_vw     0.00000e+00     fixed    
  15  w_vw         1.29000e+01   constant   
  16  beta_vw      0.00000e+00     fixed    
  17  LM          -2.20020e-04   constant   
  18  zeta_y       0.00000e+00   constant   
  19  zeta_vw      0.00000e+00   constant   
  20  T_CBO        1.00000e+02   1.00000e+00   0.00000e+00   0.00000e+00
  21  alpha_A0     0.00000e+00   1.00000e-03   0.00000e+00   1.04763e+05
  22  beta_A0      0.00000e+00   1.00000e-03   0.00000e+00  -2.60572e+04
  23  alpha_phi    0.00000e+00   1.00000e-03   0.00000e+00   5.12526e+02
  24  beta_phi     0.00000e+00   1.00000e-03   0.00000e+00   2.68865e+04
 CALL LIMIT EXCEEDED IN MIGRAD.
 MIGRAD TERMINATED WITHOUT CONVERGENCE.
 FCN=1067.95 FROM MIGRAD    STATUS=CALL LIMIT   1329 CALLS        1330 TOTAL
                     EDM=0.0156615    STRATEGY= 1  ERROR MATRIX UNCERTAINTY  13.6 per cent
  EXT PARAMETER                APPROXIMATE        STEP         FIRST   
  NO.   NAME      VALUE            ERROR          SIZE      DERIVATIVE 
   1  N0           2.79493e+06   8.39349e+03  -6.75685e+02  -6.37348e-05
   2  tau          6.43976e+01   constant   
   3  A0           3.53868e-01   2.02717e-03   8.68660e-05  -3.64124e+02
   4  phi          4.01709e+00   5.85680e-03  -4.97958e-04  -1.41374e+02
   5  R           -5.94693e+01   constant   
   6  alpha_CBO    0.00000e+00     fixed    
   7  w_CBO        2.32500e+00   constant   
   8  beta_CBO     0.00000e+00     fixed    
   9  alpha_2CBO   0.00000e+00     fixed    
  10  beta_2CBO    0.00000e+00     fixed    
  11  alpha_y      0.00000e+00     fixed    
  12  w_y          1.44500e+01   constant   
  13  beta_y       0.00000e+00     fixed    
  14  alpha_vw     0.00000e+00     fixed    
  15  w_vw         1.29000e+01   constant   
  16  beta_vw      0.00000e+00     fixed    
  17  LM          -2.20020e-04   constant   
  18  zeta_y       0.00000e+00   constant   
  19  zeta_vw      0.00000e+00   constant   
  20  T_CBO        4.54037e+01   6.83960e+00   1.96882e-03  -5.20702e+01
  21  alpha_A0    -1.58576e-01   2.49183e-02   8.50463e-04   2.06740e+01
  22  beta_A0     -2.96727e-01   2.07316e-02  -7.39335e-04  -9.22390e+00
  23  alpha_phi   -2.65879e-01   1.87964e-02  -5.70127e-04   2.98272e+01
  24  beta_phi     1.55689e-01   2.12794e-02  -4.50097e-04  -2.79703e+01
 EXTERNAL ERROR MATRIX.    NDIM=  25    NPAR=  8    ERR DEF=1
  7.045e+07 -1.171e+01  4.509e+01 -4.535e+04 -1.385e+02  3.254e+01  3.290e+01  9.801e+01 
 -1.171e+01  4.109e-06 -4.976e-06  6.848e-03  4.570e-05  7.470e-07 -6.861e-06 -3.758e-05 
  4.509e+01 -4.976e-06  3.430e-05 -3.237e-02 -6.600e-05  2.024e-05  1.181e-05  3.853e-05 
 -4.535e+04  6.848e-03 -3.237e-02  4.680e+01  1.246e-01  5.907e-02  5.503e-02 -9.623e-02 
 -1.385e+02  4.570e-05 -6.600e-05  1.246e-01  6.209e-04  2.074e-04  1.107e-04 -5.208e-04 
  3.254e+01  7.470e-07  2.024e-05  5.907e-02  2.074e-04  4.298e-04  3.754e-04 -2.154e-04 
  3.290e+01 -6.861e-06  1.181e-05  5.503e-02  1.107e-04  3.754e-04  3.533e-04 -1.235e-04 
  9.801e+01 -3.758e-05  3.853e-05 -9.623e-02 -5.208e-04 -2.154e-04 -1.235e-04  4.528e-04 
ERR MATRIX APPROXIMATE
 PARAMETER  CORRELATION COEFFICIENTS  
       NO.  GLOBAL      1      3      4     20     21     22     23     24
        1  0.99938   1.000 -0.688  0.917 -0.790 -0.662  0.187  0.209  0.549
        3  0.99795  -0.688  1.000 -0.419  0.494  0.905  0.018 -0.180 -0.871
        4  0.99704   0.917 -0.419  1.000 -0.808 -0.452  0.167  0.107  0.309
       20  0.99966  -0.790  0.494 -0.808  1.000  0.731  0.416  0.428 -0.661
       21  0.99761  -0.662  0.905 -0.452  0.731  1.000  0.401  0.236 -0.982
       22  0.99833   0.187  0.018  0.167  0.416  0.401  1.000  0.963 -0.488
       23  0.99845   0.209 -0.180  0.107  0.428  0.236  0.963  1.000 -0.309
       24  0.99845   0.549 -0.871  0.309 -0.661 -0.982 -0.488 -0.309  1.000
 ERR MATRIX APPROXIMATE
MINUIT - FIT ONLY 1-CBO + wiggle
 **********
 **   16 **RES 
 **********
                   PARAMETER   16  beta_vw RESTORED TO VARIABLE.
                   PARAMETER   14  alpha_vw RESTORED TO VARIABLE.
                   PARAMETER   13  beta_y RESTORED TO VARIABLE.
                   PARAMETER   11  alpha_y RESTORED TO VARIABLE.
                   PARAMETER   10  beta_2CBO RESTORED TO VARIABLE.
                   PARAMETER    9  alpha_2CBO RESTORED TO VARIABLE.
                   PARAMETER    8  beta_CBO RESTORED TO VARIABLE.
                   PARAMETER    6  alpha_CBO RESTORED TO VARIABLE.
 **********
 **   17 **FIX            8
 **********
 **********
 **   18 **FIX            9
 **********
 **********
 **   19 **FIX           11
 **********
 **********
 **   20 **FIX           12
 **********
 PARAMETER   12  IS CONSTANT.   IGNORED.
 **********
 **   21 **FIX           14
 **********
 **********
 **   22 **FIX           15
 **********
 PARAMETER   15  IS CONSTANT.   IGNORED.
 **********
 **   23 **FIX           16
 **********
 **********
 **   24 **MIGRAD
 **********
 START MIGRAD MINIMIZATION.  STRATEGY  1.  CONVERGENCE WHEN EDM .LT. 1.00e-04
 FCN=1067.95 FROM MIGRAD    STATUS=INITIATE       28 CALLS        1358 TOTAL
                     EDM= unknown      STRATEGY= 1      NO ERROR MATRIX       
  EXT PARAMETER               CURRENT GUESS       STEP         FIRST   
  NO.   NAME      VALUE            ERROR          SIZE      DERIVATIVE 
   1  N0           2.79493e+06   8.39349e+03  -6.75685e+02  -6.37348e-05
   2  tau          6.43976e+01   constant   
   3  A0           3.53868e-01   2.02717e-03   8.68660e-05  -3.64124e+02
   4  phi          4.01709e+00   5.85680e-03  -4.97958e-04  -1.41374e+02
   5  R           -5.94693e+01   constant   
   6  alpha_CBO    0.00000e+00   1.00000e-03   1.00000e-03  -4.32758e+03
   7  w_CBO        2.32500e+00   constant   
   8  beta_CBO     0.00000e+00     fixed    
   9  alpha_2CBO   0.00000e+00     fixed    
  10  beta_2CBO    0.00000e+00   1.00000e-03   1.00000e-03  -2.32267e+03
  11  alpha_y      0.00000e+00     fixed    
  12  w_y          1.44500e+01   constant   
  13  beta_y       0.00000e+00   1.00000e-03   1.00000e-03  -2.44700e+05
  14  alpha_vw     0.00000e+00     fixed    
  15  w_vw         1.29000e+01   constant   
  16  beta_vw      0.00000e+00     fixed    
  17  LM          -2.20020e-04   constant   
  18  zeta_y       0.00000e+00   constant   
  19  zeta_vw      0.00000e+00   constant   
  20  T_CBO        4.54037e+01   6.83960e+00   1.96882e-03  -5.20702e+01
  21  alpha_A0    -1.58576e-01   2.49183e-02   8.50463e-04   2.06740e+01
  22  beta_A0     -2.96727e-01   2.07316e-02  -7.39335e-04  -9.22390e+00
  23  alpha_phi   -2.65879e-01   1.87964e-02  -5.70127e-04   2.98272e+01
  24  beta_phi     1.55689e-01   2.12794e-02  -4.50097e-04  -2.79703e+01
 MIGRAD MINIMIZATION HAS CONVERGED.
 MIGRAD WILL VERIFY CONVERGENCE AND ERROR MATRIX.
 COVARIANCE MATRIX CALCULATED SUCCESSFULLY
 FCN=623.583 FROM HESSE     STATUS=OK            100 CALLS        3112 TOTAL
                     EDM=0.00299413    STRATEGY= 1      ERROR MATRIX ACCURATE 
  EXT PARAMETER                                   STEP         FIRST   
  NO.   NAME      VALUE            ERROR          SIZE      DERIVATIVE 
   1  N0           2.81038e+06   2.90810e+04   3.94103e+00  -1.23370e-05
   2  tau          6.43976e+01   constant   
   3  A0           3.90582e-01   7.92033e-03   1.68400e-06  -3.52485e+00
   4  phi          3.96105e+00   1.31176e-02   4.81884e-06  -1.44862e+01
   5  R           -5.94693e+01   constant   
   6  alpha_CBO    2.24227e-02   4.63693e-03   1.94974e-06  -3.42727e+00
   7  w_CBO        2.32500e+00   constant   
   8  beta_CBO     0.00000e+00     fixed    
   9  alpha_2CBO   0.00000e+00     fixed    
  10  beta_2CBO    2.64651e-03   2.58256e-03   2.06185e-06   1.28508e+01
  11  alpha_y      0.00000e+00     fixed    
  12  w_y          1.44500e+01   constant   
  13  beta_y       3.18304e-03   1.73941e-04   1.97065e-06   1.55091e+00
  14  alpha_vw     0.00000e+00     fixed    
  15  w_vw         1.29000e+01   constant   
  16  beta_vw      0.00000e+00     fixed    
  17  LM          -2.20020e-04   constant   
  18  zeta_y       0.00000e+00   constant   
  19  zeta_vw      0.00000e+00   constant   
  20  T_CBO        5.30378e+01   2.04732e+01   9.35654e-06  -6.23353e+00
  21  alpha_A0    -6.50660e-02   2.86505e-02   1.53933e-05  -8.15792e-01
  22  beta_A0     -3.20354e-01   9.27736e-02   1.16605e-05   2.80688e+00
  23  alpha_phi   -3.02043e-01   9.28367e-02   1.08355e-05   2.87913e+00
  24  beta_phi     7.36017e-02   4.14601e-02   1.21434e-05  -2.10494e+00
 CALL LIMIT EXCEEDED IN MIGRAD.
 MIGRAD TERMINATED WITHOUT CONVERGENCE.
 FCN=623.579 FROM MIGRAD    STATUS=CALL LIMIT   1927 CALLS        3257 TOTAL
                     EDM=0.000686721    STRATEGY= 1  ERROR MATRIX UNCERTAINTY   7.5 per cent
  EXT PARAMETER                APPROXIMATE        STEP         FIRST   
  NO.   NAME      VALUE            ERROR          SIZE      DERIVATIVE 
   1  N0           2.81122e+06   2.67199e+04   2.02654e+02  -3.90586e-05
   2  tau          6.43976e+01   constant   
   3  A0           3.90339e-01   7.04226e-03  -5.88730e-05   6.27364e+01
   4  phi          3.96134e+00   1.26100e-02   6.94958e-05  -6.51414e+00
   5  R           -5.94693e+01   constant   
   6  alpha_CBO    2.23791e-02   4.59484e-03  -9.04743e-06  -8.53289e+00
   7  w_CBO        2.32500e+00   constant   
   8  beta_CBO     0.00000e+00     fixed    
   9  alpha_2CBO   0.00000e+00     fixed    
  10  beta_2CBO    2.70881e-03   2.42404e-03   1.47903e-05  -3.32659e+01
  11  alpha_y      0.00000e+00     fixed    
  12  w_y          1.44500e+01   constant   
  13  beta_y       3.18324e-03   1.73921e-04   6.85522e-08  -1.11286e+00
  14  alpha_vw     0.00000e+00     fixed    
  15  w_vw         1.29000e+01   constant   
  16  beta_vw      0.00000e+00     fixed    
  17  LM          -2.20020e-04   constant   
  18  zeta_y       0.00000e+00   constant   
  19  zeta_vw      0.00000e+00   constant   
  20  T_CBO        5.37103e+01   6.64567e+00  -1.36628e-04  -1.71875e+01
  21  alpha_A0    -6.48732e-02   2.20168e-02  -1.00615e-04   3.47936e-01
  22  beta_A0     -3.15763e-01   6.37804e-02   3.46373e-04   9.64452e+00
  23  alpha_phi   -2.97397e-01   6.79550e-02   3.99774e-04   1.22209e+01
  24  beta_phi     7.36736e-02   3.38869e-02   1.80265e-04   1.09263e+01
 EXTERNAL ERROR MATRIX.    NDIM=  25    NPAR= 11    ERR DEF=1
  7.140e+08 
 -9.136e+01  4.959e-05 
 -2.054e+01 -5.923e-05  1.590e-04 
  5.265e+01  1.732e-05 -5.084e-05  2.111e-05 
  6.204e+01 -6.977e-06 -7.571e-06  5.803e-06  5.876e-06 
 -6.054e-01 -1.181e-07  6.090e-07 -2.300e-07 -6.821e-08  3.025e-08 
  2.801e+04 -1.889e-02  3.659e-02 -9.855e-03  1.018e-03  8.368e-05  4.418e+01 
 -3.188e+02  5.681e-05  1.142e-04 -3.820e-05 -3.554e-05  9.377e-07  3.237e-02  4.847e-04 
  1.312e+03 -3.282e-04  3.902e-04 -3.441e-05  9.738e-05  3.967e-07  2.822e-01 -1.843e-04  4.068e-03 
  1.525e+03 -3.576e-04  3.326e-04 -1.014e-05  1.198e-04 -3.267e-08  2.731e-01 -4.130e-04  4.283e-03  4.618e-03 
  6.448e+02 -1.009e-04 -1.637e-04  6.658e-05  6.871e-05 -1.267e-06 -3.215e-02 -7.132e-04  6.521e-04  1.019e-03  1.148e-03 
ERR MATRIX APPROXIMATE
 PARAMETER  CORRELATION COEFFICIENTS  
       NO.  GLOBAL      1      3      4      6     10     13     20     21     22     23     24
        1  0.99994   1.000 -0.486 -0.061  0.429  0.958 -0.130  0.158 -0.542  0.770  0.840  0.712
        3  0.99982  -0.486  1.000 -0.667  0.535 -0.409 -0.096 -0.404  0.366 -0.731 -0.747 -0.423
        4  0.99954  -0.061 -0.667  1.000 -0.877 -0.248  0.278  0.437  0.411  0.485  0.388 -0.383
        6  0.99939   0.429  0.535 -0.877  1.000  0.521 -0.288 -0.323 -0.378 -0.117 -0.032  0.428
       10  0.99767   0.958 -0.409 -0.248  0.521  1.000 -0.162  0.063 -0.666  0.630  0.727  0.836
       13  0.37132  -0.130 -0.096  0.278 -0.288 -0.162  1.000  0.072  0.245  0.036 -0.003 -0.215
       20  0.99973   0.158 -0.404  0.437 -0.323  0.063  0.072  1.000  0.221  0.666  0.605 -0.143
       21  0.99836  -0.542  0.366  0.411 -0.378 -0.666  0.245  0.221  1.000 -0.131 -0.276 -0.956
       22  0.99990   0.770 -0.731  0.485 -0.117  0.630  0.036  0.666 -0.131  1.000  0.988  0.302
       23  0.99993   0.840 -0.747  0.388 -0.032  0.727 -0.003  0.605 -0.276  0.988  1.000  0.442
       24  0.99963   0.712 -0.423 -0.383  0.428  0.836 -0.215 -0.143 -0.956  0.302  0.442  1.000
 ERR MATRIX APPROXIMATE
MINUIT - FIT ONLY 2-CBO
 **********
 **   25 **RES 
 **********
                   PARAMETER   16  beta_vw RESTORED TO VARIABLE.
                   PARAMETER   14  alpha_vw RESTORED TO VARIABLE.
                   PARAMETER   11  alpha_y RESTORED TO VARIABLE.
                   PARAMETER    9  alpha_2CBO RESTORED TO VARIABLE.
                   PARAMETER    8  beta_CBO RESTORED TO VARIABLE.
 **********
 **   26 **FIX            0
 **********
 PARAMETER    0  IS UNDEFINED. IGNORED.
 **********
 **   27 **FIX            1
 **********
 **********
 **   28 **FIX            2
 **********
 PARAMETER    2  IS CONSTANT.   IGNORED.
 **********
 **   29 **FIX            3
 **********
 **********
 **   30 **FIX            4
 **********
 **********
 **   31 **FIX            5
 **********
 PARAMETER    5  IS CONSTANT.   IGNORED.
 **********
 **   32 **FIX            6
 **********
 **********
 **   33 **FIX            7
 **********
 PARAMETER    7  IS CONSTANT.   IGNORED.
 **********
 **   34 **FIX           10
 **********
 **********
 **   35 **FIX           11
 **********
 **********
 **   36 **FIX           12
 **********
 PARAMETER   12  IS CONSTANT.   IGNORED.
 **********
 **   37 **FIX           13
 **********
 **********
 **   38 **FIX           14
 **********
 **********
 **   39 **FIX           15
 **********
 PARAMETER   15  IS CONSTANT.   IGNORED.
 **********
 **   40 **FIX           16
 **********
 **********
 **   41 **MIGRAD
 **********
 START MIGRAD MINIMIZATION.  STRATEGY  1.  CONVERGENCE WHEN EDM .LT. 1.00e-04
 FCN=623.579 FROM MIGRAD    STATUS=INITIATE       18 CALLS        3275 TOTAL
                     EDM= unknown      STRATEGY= 1      NO ERROR MATRIX       
  EXT PARAMETER               CURRENT GUESS       STEP         FIRST   
  NO.   NAME      VALUE            ERROR          SIZE      DERIVATIVE 
   1  N0           2.81122e+06     fixed    
   2  tau          6.43976e+01   constant   
   3  A0           3.90339e-01     fixed    
   4  phi          3.96134e+00     fixed    
   5  R           -5.94693e+01   constant   
   6  alpha_CBO    2.23791e-02     fixed    
   7  w_CBO        2.32500e+00   constant   
   8  beta_CBO     0.00000e+00   1.00000e-03   1.00000e-03  -2.81289e+02
   9  alpha_2CBO   0.00000e+00   1.00000e-03   1.00000e-03  -5.75187e+02
  10  beta_2CBO    2.70881e-03     fixed    
  11  alpha_y      0.00000e+00     fixed    
  12  w_y          1.44500e+01   constant   
  13  beta_y       3.18324e-03     fixed    
  14  alpha_vw     0.00000e+00     fixed    
  15  w_vw         1.29000e+01   constant   
  16  beta_vw      0.00000e+00     fixed    
  17  LM          -2.20020e-04   constant   
  18  zeta_y       0.00000e+00   constant   
  19  zeta_vw      0.00000e+00   constant   
  20  T_CBO        5.37103e+01   6.64567e+00  -1.36628e-04  -1.71875e+01
  21  alpha_A0    -6.48732e-02   2.20168e-02  -1.00615e-04   3.47931e-01
  22  beta_A0     -3.15763e-01   6.37804e-02   3.46373e-04   9.64452e+00
  23  alpha_phi   -2.97397e-01   6.79550e-02   3.99774e-04   1.22209e+01
  24  beta_phi     7.36736e-02   3.38869e-02   1.80265e-04   1.09263e+01
 MIGRAD MINIMIZATION HAS CONVERGED.
 MIGRAD WILL VERIFY CONVERGENCE AND ERROR MATRIX.
 COVARIANCE MATRIX CALCULATED SUCCESSFULLY
 FCN=623.569 FROM HESSE     STATUS=OK             50 CALLS        3424 TOTAL
                     EDM=0.00778364    STRATEGY= 1      ERROR MATRIX ACCURATE 
  EXT PARAMETER                                   STEP         FIRST   
  NO.   NAME      VALUE            ERROR          SIZE      DERIVATIVE 
   1  N0           2.81122e+06     fixed    
   2  tau          6.43976e+01   constant   
   3  A0           3.90339e-01     fixed    
   4  phi          3.96134e+00     fixed    
   5  R           -5.94693e+01   constant   
   6  alpha_CBO    2.23791e-02     fixed    
   7  w_CBO        2.32500e+00   constant   
   8  beta_CBO    -8.26157e-06   4.43569e-04   2.01833e-06  -2.18320e-01
   9  alpha_2CBO   4.00051e-05   4.54894e-04   1.91285e-06   2.43166e-01
  10  beta_2CBO    2.70881e-03     fixed    
  11  alpha_y      0.00000e+00     fixed    
  12  w_y          1.44500e+01   constant   
  13  beta_y       3.18324e-03     fixed    
  14  alpha_vw     0.00000e+00     fixed    
  15  w_vw         1.29000e+01   constant   
  16  beta_vw      0.00000e+00     fixed    
  17  LM          -2.20020e-04   constant   
  18  zeta_y       0.00000e+00   constant   
  19  zeta_vw      0.00000e+00   constant   
  20  T_CBO        5.37034e+01   2.28278e+01   9.62216e-06  -8.84756e-01
  21  alpha_A0    -6.48086e-02   1.56127e-02   1.52758e-05  -3.79690e-02
  22  beta_A0     -3.15865e-01   8.55955e-02   1.15731e-05  -4.78108e-01
  23  alpha_phi   -2.97260e-01   8.20860e-02   1.07460e-05  -5.33887e-01
  24  beta_phi     7.35346e-02   1.87195e-02   1.20371e-05   7.64590e-02
 CALL LIMIT EXCEEDED IN MIGRAD.
 MIGRAD TERMINATED WITHOUT CONVERGENCE.
 FCN=623.463 FROM MIGRAD    STATUS=CALL LIMIT   1156 CALLS        4413 TOTAL
                     EDM=0.00184604    STRATEGY= 1  ERROR MATRIX UNCERTAINTY  12.1 per cent
  EXT PARAMETER                APPROXIMATE        STEP         FIRST   
  NO.   NAME      VALUE            ERROR          SIZE      DERIVATIVE 
   1  N0           2.81122e+06     fixed    
   2  tau          6.43976e+01   constant   
   3  A0           3.90339e-01     fixed    
   4  phi          3.96134e+00     fixed    
   5  R           -5.94693e+01   constant   
   6  alpha_CBO    2.23791e-02     fixed    
   7  w_CBO        2.32500e+00   constant   
   8  beta_CBO     4.69043e-06   4.26042e-04  -1.58542e-06   7.49035e+01
   9  alpha_2CBO   1.18193e-04   4.35625e-04   3.30260e-06   1.24297e+02
  10  beta_2CBO    2.70881e-03     fixed    
  11  alpha_y      0.00000e+00     fixed    
  12  w_y          1.44500e+01   constant   
  13  beta_y       3.18324e-03     fixed    
  14  alpha_vw     0.00000e+00     fixed    
  15  w_vw         1.29000e+01   constant   
  16  beta_vw      0.00000e+00     fixed    
  17  LM          -2.20020e-04   constant   
  18  zeta_y       0.00000e+00   constant   
  19  zeta_vw      0.00000e+00   constant   
  20  T_CBO        7.76002e+01   2.39697e+01   2.78862e-03  -3.53707e+01
  21  alpha_A0    -5.45139e-02   7.01309e-03   1.91269e-04  -3.77593e+01
  22  beta_A0     -2.59641e-01   3.60836e-02   1.11817e-03   6.20286e+01
  23  alpha_phi   -2.43439e-01   3.45281e-02   1.06163e-03   3.90641e+01
  24  beta_phi     6.13446e-02   8.55901e-03  -2.54819e-04   2.06183e+01
 EXTERNAL ERROR MATRIX.    NDIM=  25    NPAR=  7    ERR DEF=1
  1.815e-07 -1.138e-07 -2.357e-04 -6.036e-07 -7.560e-07 -8.493e-07  1.279e-06 
 -1.138e-07  1.898e-07  1.893e-03  9.720e-07  2.798e-06  3.421e-06 -1.602e-06 
 -2.357e-04  1.893e-03  5.761e+02  1.629e-01  8.651e-01  8.274e-01 -1.916e-01 
 -6.036e-07  9.720e-07  1.629e-01  4.918e-05  2.463e-04  2.363e-04 -5.839e-05 
 -7.560e-07  2.798e-06  8.651e-01  2.463e-04  1.302e-03  1.243e-03 -2.904e-04 
 -8.493e-07  3.421e-06  8.274e-01  2.363e-04  1.243e-03  1.192e-03 -2.797e-04 
  1.279e-06 -1.602e-06 -1.916e-01 -5.839e-05 -2.904e-04 -2.797e-04  7.326e-05 
ERR MATRIX APPROXIMATE
 PARAMETER  CORRELATION COEFFICIENTS  
       NO.  GLOBAL      8      9     20     21     22     23     24
        8  0.92222   1.000 -0.613 -0.023 -0.202 -0.049 -0.058  0.351
        9  0.94173  -0.613  1.000  0.181  0.318  0.178  0.227 -0.430
       20  0.99978  -0.023  0.181  1.000  0.968  0.999  0.998 -0.933
       21  0.99074  -0.202  0.318  0.968  1.000  0.973  0.976 -0.973
       22  0.99976  -0.049  0.178  0.999  0.973  1.000  0.998 -0.940
       23  0.99961  -0.058  0.227  0.998  0.976  0.998  1.000 -0.946
       24  0.99436   0.351 -0.430 -0.933 -0.973 -0.940 -0.946  1.000
 ERR MATRIX APPROXIMATE
MINUIT - FIT wiggle + 1-CBO + 2-CBO
 **********
 **   42 **RES 
 **********
                   PARAMETER   16  beta_vw RESTORED TO VARIABLE.
                   PARAMETER   14  alpha_vw RESTORED TO VARIABLE.
                   PARAMETER   13  beta_y RESTORED TO VARIABLE.
                   PARAMETER   11  alpha_y RESTORED TO VARIABLE.
                   PARAMETER   10  beta_2CBO RESTORED TO VARIABLE.
                   PARAMETER    6  alpha_CBO RESTORED TO VARIABLE.
                   PARAMETER    4  phi RESTORED TO VARIABLE.
                   PARAMETER    3  A0 RESTORED TO VARIABLE.
                   PARAMETER    1  N0 RESTORED TO VARIABLE.
 **********
 **   43 **FIX           10
 **********
 **********
 **   44 **FIX           11
 **********
 **********
 **   45 **FIX           12
 **********
 PARAMETER   12  IS CONSTANT.   IGNORED.
 **********
 **   46 **FIX           13
 **********
 **********
 **   47 **FIX           14
 **********
 **********
 **   48 **FIX           15
 **********
 PARAMETER   15  IS CONSTANT.   IGNORED.
 **********
 **   49 **FIX           16
 **********
 **********
 **   50 **MIGRAD
 **********
 START MIGRAD MINIMIZATION.  STRATEGY  1.  CONVERGENCE WHEN EDM .LT. 1.00e-04
 FCN=623.463 FROM MIGRAD    STATUS=INITIATE       22 CALLS        4435 TOTAL
                     EDM= unknown      STRATEGY= 1      NO ERROR MATRIX       
  EXT PARAMETER               CURRENT GUESS       STEP         FIRST   
  NO.   NAME      VALUE            ERROR          SIZE      DERIVATIVE 
   1  N0           2.81122e+06   2.67199e+04   2.67199e+04  -1.09693e-04
   2  tau          6.43976e+01   constant   
   3  A0           3.90339e-01   7.04226e-03   7.04226e-03   2.73375e+02
   4  phi          3.96134e+00   1.26100e-02   1.26100e-02  -1.43032e+02
   5  R           -5.94693e+01   constant   
   6  alpha_CBO    2.23791e-02   4.59484e-03   4.59484e-03  -4.53782e+02
   7  w_CBO        2.32500e+00   constant   
   8  beta_CBO     4.69043e-06   4.26042e-04  -1.58542e-06   7.49035e+01
   9  alpha_2CBO   1.18193e-04   4.35625e-04   3.30260e-06   1.24297e+02
  10  beta_2CBO    2.70881e-03     fixed    
  11  alpha_y      0.00000e+00     fixed    
  12  w_y          1.44500e+01   constant   
  13  beta_y       3.18324e-03     fixed    
  14  alpha_vw     0.00000e+00     fixed    
  15  w_vw         1.29000e+01   constant   
  16  beta_vw      0.00000e+00     fixed    
  17  LM          -2.20020e-04   constant   
  18  zeta_y       0.00000e+00   constant   
  19  zeta_vw      0.00000e+00   constant   
  20  T_CBO        7.76002e+01   2.39697e+01   2.78862e-03  -3.53708e+01
  21  alpha_A0    -5.45139e-02   7.01309e-03   1.91269e-04  -3.77593e+01
  22  beta_A0     -2.59641e-01   3.60836e-02   1.11817e-03   6.20286e+01
  23  alpha_phi   -2.43439e-01   3.45281e-02   1.06163e-03   3.90641e+01
  24  beta_phi     6.13446e-02   8.55901e-03  -2.54819e-04   2.06183e+01
 MIGRAD MINIMIZATION HAS CONVERGED.
 FCN=606.329 FROM MIGRAD    STATUS=CONVERGED    1483 CALLS        5896 TOTAL
                     EDM=5.3009e-06    STRATEGY= 1  ERROR MATRIX UNCERTAINTY   2.5 per cent
  EXT PARAMETER                                   STEP         FIRST   
  NO.   NAME      VALUE            ERROR          SIZE      DERIVATIVE 
   1  N0           2.66169e+06   2.34993e+04   1.08562e+01   9.00401e-06
   2  tau          6.43976e+01   constant   
   3  A0           4.57766e-01   9.54239e-03  -3.19434e-06   1.07354e+01
   4  phi          4.02105e+00   7.30930e-03   1.97503e-06  -1.14618e+00
   5  R           -5.94693e+01   constant   
   6  alpha_CBO    3.84016e-02   2.45004e-03  -1.06663e-06   1.27345e+01
   7  w_CBO        2.32500e+00   constant   
   8  beta_CBO     4.39639e-02   6.80953e-03  -2.22026e-06  -9.80299e+00
   9  alpha_2CBO   9.87875e-03   1.38581e-03  -3.22434e-07  -2.75169e+00
  10  beta_2CBO    2.70881e-03     fixed    
  11  alpha_y      0.00000e+00     fixed    
  12  w_y          1.44500e+01   constant   
  13  beta_y       3.18324e-03     fixed    
  14  alpha_vw     0.00000e+00     fixed    
  15  w_vw         1.29000e+01   constant   
  16  beta_vw      0.00000e+00     fixed    
  17  LM          -2.20020e-04   constant   
  18  zeta_y       0.00000e+00   constant   
  19  zeta_vw      0.00000e+00   constant   
  20  T_CBO        2.10083e+02   3.02331e+01  -3.69974e-05   7.18575e-01
  21  alpha_A0     7.66219e-02   1.14433e-02  -9.11946e-08   8.58092e-01
  22  beta_A0     -3.95717e-01   2.21714e-02   1.26087e-05  -3.37125e+00
  23  alpha_phi   -3.08838e-01   1.37798e-02   9.75342e-06  -6.75782e-01
  24  beta_phi    -8.86869e-02   1.30220e-02  -4.02123e-06  -1.37455e+00
 EXTERNAL ERROR MATRIX.    NDIM=  25    NPAR= 11    ERR DEF=1
  5.522e+08 
 -2.219e+02  9.106e-05 
 -1.554e+02  6.627e-05  5.343e-05 
 -5.542e+01  2.170e-05  1.490e-05  6.003e-06 
 -1.588e+02  6.458e-05  4.676e-05  1.598e-05  4.637e-05 
 -2.866e+01  1.178e-05  9.202e-06  2.906e-06  8.383e-06  1.920e-06 
 -7.109e+05  2.856e-01  1.995e-01  7.135e-02  2.044e-01  3.668e-02  9.157e+02 
 -2.015e+02  9.085e-05  7.596e-05  1.620e-05  6.075e-05  1.197e-05  2.584e-01  1.309e-04 
  5.084e+02 -1.982e-04 -1.310e-04 -5.358e-05 -1.446e-04 -2.545e-05 -6.550e-01 -1.495e-04  4.916e-04 
  3.088e+02 -1.199e-04 -7.510e-05 -3.157e-05 -8.664e-05 -1.379e-05 -3.987e-01 -9.089e-05  2.982e-04  1.899e-04 
  2.211e+02 -1.003e-04 -8.774e-05 -1.840e-05 -6.744e-05 -1.467e-05 -2.825e-01 -1.456e-04  1.621e-04  9.129e-05  1.696e-04 
 PARAMETER  CORRELATION COEFFICIENTS  
       NO.  GLOBAL      1      3      4      6      8      9     20     21     22     23     24
        1  0.99997   1.000 -0.990 -0.905 -0.963 -0.992 -0.880 -1.000 -0.749  0.976  0.954  0.723
        3  0.99996  -0.990  1.000  0.950  0.928  0.994  0.891  0.989  0.832 -0.937 -0.912 -0.807
        4  0.99895  -0.905  0.950  1.000  0.832  0.939  0.908  0.902  0.908 -0.808 -0.746 -0.922
        6  0.99837  -0.963  0.928  0.832  1.000  0.958  0.856  0.962  0.578 -0.986 -0.935 -0.577
        8  0.99977  -0.992  0.994  0.939  0.958  1.000  0.888  0.992  0.780 -0.958 -0.923 -0.761
        9  0.99657  -0.880  0.891  0.908  0.856  0.888  1.000  0.875  0.755 -0.828 -0.722 -0.813
       20  0.99996  -1.000  0.989  0.902  0.962  0.992  0.875  1.000  0.746 -0.976 -0.956 -0.717
       21  0.99852  -0.749  0.832  0.908  0.578  0.780  0.755  0.746  1.000 -0.589 -0.576 -0.977
       22  0.99984   0.976 -0.937 -0.808 -0.986 -0.958 -0.828 -0.976 -0.589  1.000  0.976  0.561
       23  0.99934   0.954 -0.912 -0.746 -0.935 -0.923 -0.722 -0.956 -0.576  0.976  1.000  0.509
       24  0.99957   0.723 -0.807 -0.922 -0.577 -0.761 -0.813 -0.717 -0.977  0.561  0.509  1.000
MINUIT - FIT ONLY 1-y
 **********
 **   51 **RES 
 **********
                   PARAMETER   16  beta_vw RESTORED TO VARIABLE.
                   PARAMETER   14  alpha_vw RESTORED TO VARIABLE.
                   PARAMETER   13  beta_y RESTORED TO VARIABLE.
                   PARAMETER   11  alpha_y RESTORED TO VARIABLE.
                   PARAMETER   10  beta_2CBO RESTORED TO VARIABLE.
 **********
 **   52 **FIX            0
 **********
 PARAMETER    0  IS UNDEFINED. IGNORED.
 **********
 **   53 **FIX            1
 **********
 **********
 **   54 **FIX            2
 **********
 PARAMETER    2  IS CONSTANT.   IGNORED.
 **********
 **   55 **FIX            3
 **********
 **********
 **   56 **FIX            4
 **********
 **********
 **   57 **FIX            5
 **********
 PARAMETER    5  IS CONSTANT.   IGNORED.
 **********
 **   58 **FIX            6
 **********
 **********
 **   59 **FIX            7
 **********
 PARAMETER    7  IS CONSTANT.   IGNORED.
 **********
 **   60 **FIX            8
 **********
 **********
 **   61 **FIX            9
 **********
 **********
 **   62 **FIX           13
 **********
 **********
 **   63 **FIX           14
 **********
 **********
 **   64 **FIX           15
 **********
 PARAMETER   15  IS CONSTANT.   IGNORED.
 **********
 **   65 **FIX           16
 **********
 **********
 **   66 **MIGRAD
 **********
 START MIGRAD MINIMIZATION.  STRATEGY  1.  CONVERGENCE WHEN EDM .LT. 1.00e-04
 FCN=606.329 FROM MIGRAD    STATUS=INITIATE       16 CALLS        5912 TOTAL
                     EDM= unknown      STRATEGY= 1      NO ERROR MATRIX       
  EXT PARAMETER               CURRENT GUESS       STEP         FIRST   
  NO.   NAME      VALUE            ERROR          SIZE      DERIVATIVE 
   1  N0           2.66169e+06     fixed    
   2  tau          6.43976e+01   constant   
   3  A0           4.57766e-01     fixed    
   4  phi          4.02105e+00     fixed    
   5  R           -5.94693e+01   constant   
   6  alpha_CBO    3.84016e-02     fixed    
   7  w_CBO        2.32500e+00   constant   
   8  beta_CBO     4.39639e-02     fixed    
   9  alpha_2CBO   9.87875e-03     fixed    
  10  beta_2CBO    2.70881e-03   2.42404e-03   2.42404e-03  -4.19268e+03
  11  alpha_y      0.00000e+00   1.00000e-03   1.00000e-03   2.62213e+05
  12  w_y          1.44500e+01   constant   
  13  beta_y       3.18324e-03     fixed    
  14  alpha_vw     0.00000e+00     fixed    
  15  w_vw         1.29000e+01   constant   
  16  beta_vw      0.00000e+00     fixed    
  17  LM          -2.20020e-04   constant   
  18  zeta_y       0.00000e+00   constant   
  19  zeta_vw      0.00000e+00   constant   
  20  T_CBO        2.10083e+02   3.02331e+01  -3.69974e-05   7.18576e-01
  21  alpha_A0     7.66219e-02   1.14433e-02  -9.11946e-08   8.58111e-01
  22  beta_A0     -3.95717e-01   2.21714e-02   1.26087e-05  -3.37124e+00
  23  alpha_phi   -3.08838e-01   1.37798e-02   9.75342e-06  -6.75783e-01
  24  beta_phi    -8.86869e-02   1.30220e-02  -4.02123e-06  -1.37456e+00
 CALL LIMIT EXCEEDED IN MIGRAD.
 MIGRAD TERMINATED WITHOUT CONVERGENCE.
 FCN=115.333 FROM MIGRAD    STATUS=CALL LIMIT   1157 CALLS        7053 TOTAL
                     EDM=0.00269561    STRATEGY= 1  ERROR MATRIX UNCERTAINTY  25.1 per cent
  EXT PARAMETER                APPROXIMATE        STEP         FIRST   
  NO.   NAME      VALUE            ERROR          SIZE      DERIVATIVE 
   1  N0           2.66169e+06     fixed    
   2  tau          6.43976e+01   constant   
   3  A0           4.57766e-01     fixed    
   4  phi          4.02105e+00     fixed    
   5  R           -5.94693e+01   constant   
   6  alpha_CBO    3.84016e-02     fixed    
   7  w_CBO        2.32500e+00   constant   
   8  beta_CBO     4.39639e-02     fixed    
   9  alpha_2CBO   9.87875e-03     fixed    
  10  beta_2CBO    4.15880e-03   2.80756e-04   7.36392e-06  -1.47674e+02
  11  alpha_y     -3.72138e-03   1.66797e-04  -2.42989e-06  -4.66348e+01
  12  w_y          1.44500e+01   constant   
  13  beta_y       3.18324e-03     fixed    
  14  alpha_vw     0.00000e+00     fixed    
  15  w_vw         1.29000e+01   constant   
  16  beta_vw      0.00000e+00     fixed    
  17  LM          -2.20020e-04   constant   
  18  zeta_y       0.00000e+00   constant   
  19  zeta_vw      0.00000e+00   constant   
  20  T_CBO        5.10354e+02   1.92482e+02   1.72849e-02  -4.66158e+00
  21  alpha_A0     7.24262e-02   2.10623e-03  -6.39326e-05   2.98952e+01
  22  beta_A0     -3.60281e-01   9.57726e-03   4.12708e-04   8.30044e+01
  23  alpha_phi   -2.78777e-01   7.63606e-03   3.44143e-04   1.02733e+02
  24  beta_phi    -7.81602e-02   2.73881e-03   1.25925e-04   1.04352e+02
 EXTERNAL ERROR MATRIX.    NDIM=  25    NPAR=  7    ERR DEF=1
  7.882e-08 -8.484e-09  1.609e-02 -2.825e-08  7.154e-07  6.435e-07  3.201e-07 
 -8.484e-09  2.782e-08 -2.956e-03  8.014e-09 -1.369e-07 -1.204e-07 -4.061e-08 
  1.609e-02 -2.956e-03  3.904e+04 -3.846e-01  1.887e+00  1.505e+00  5.143e-01 
 -2.825e-08  8.014e-09 -3.846e-01  4.436e-06 -1.857e-05 -1.480e-05 -5.036e-06 
  7.154e-07 -1.369e-07  1.887e+00 -1.857e-05  9.172e-05  7.282e-05  2.445e-05 
  6.435e-07 -1.204e-07  1.505e+00 -1.480e-05  7.282e-05  5.831e-05  1.968e-05 
  3.201e-07 -4.061e-08  5.143e-01 -5.036e-06  2.445e-05  1.968e-05  7.501e-06 
ERR MATRIX APPROXIMATE
 PARAMETER  CORRELATION COEFFICIENTS  
       NO.  GLOBAL     10     11     20     21     22     23     24
       10  0.83047   1.000 -0.181  0.290 -0.048  0.266  0.300  0.416
       11  0.21785  -0.181  1.000 -0.090  0.023 -0.086 -0.095 -0.089
       20  0.99959   0.290 -0.090  1.000 -0.924  0.997  0.998  0.950
       21  0.96137  -0.048  0.023 -0.924  1.000 -0.921 -0.920 -0.873
       22  0.99883   0.266 -0.086  0.997 -0.921  1.000  0.996  0.932
       23  0.99858   0.300 -0.095  0.998 -0.920  0.996  1.000  0.941
       24  0.98605   0.416 -0.089  0.950 -0.873  0.932  0.941  1.000
 ERR MATRIX APPROXIMATE
MINUIT - FIT ONLY 2-y
 **********
 **   67 **RES 
 **********
                   PARAMETER   16  beta_vw RESTORED TO VARIABLE.
                   PARAMETER   14  alpha_vw RESTORED TO VARIABLE.
                   PARAMETER   13  beta_y RESTORED TO VARIABLE.
                   PARAMETER    9  alpha_2CBO RESTORED TO VARIABLE.
                   PARAMETER    8  beta_CBO RESTORED TO VARIABLE.
                   PARAMETER    6  alpha_CBO RESTORED TO VARIABLE.
                   PARAMETER    4  phi RESTORED TO VARIABLE.
                   PARAMETER    3  A0 RESTORED TO VARIABLE.
                   PARAMETER    1  N0 RESTORED TO VARIABLE.
 **********
 **   68 **FIX            0
 **********
 PARAMETER    0  IS UNDEFINED. IGNORED.
 **********
 **   69 **FIX            1
 **********
 **********
 **   70 **FIX            2
 **********
 PARAMETER    2  IS CONSTANT.   IGNORED.
 **********
 **   71 **FIX            3
 **********
 **********
 **   72 **FIX            4
 **********
 **********
 **   73 **FIX            5
 **********
 PARAMETER    5  IS CONSTANT.   IGNORED.
 **********
 **   74 **FIX            6
 **********
 **********
 **   75 **FIX            7
 **********
 PARAMETER    7  IS CONSTANT.   IGNORED.
 **********
 **   76 **FIX            8
 **********
 **********
 **   77 **FIX            9
 **********
 **********
 **   78 **FIX           10
 **********
 **********
 **   79 **FIX           11
 **********
 **********
 **   80 **FIX           12
 **********
 PARAMETER   12  IS CONSTANT.   IGNORED.
 **********
 **   81 **FIX           16
 **********
 **********
 **   82 **MIGRAD
 **********
 START MIGRAD MINIMIZATION.  STRATEGY  1.  CONVERGENCE WHEN EDM .LT. 1.00e-04
 FCN=115.333 FROM MIGRAD    STATUS=INITIATE       16 CALLS        7069 TOTAL
                     EDM= unknown      STRATEGY= 1      NO ERROR MATRIX       
  EXT PARAMETER               CURRENT GUESS       STEP         FIRST   
  NO.   NAME      VALUE            ERROR          SIZE      DERIVATIVE 
   1  N0           2.66169e+06     fixed    
   2  tau          6.43976e+01   constant   
   3  A0           4.57766e-01     fixed    
   4  phi          4.02105e+00     fixed    
   5  R           -5.94693e+01   constant   
   6  alpha_CBO    3.84016e-02     fixed    
   7  w_CBO        2.32500e+00   constant   
   8  beta_CBO     4.39639e-02     fixed    
   9  alpha_2CBO   9.87875e-03     fixed    
  10  beta_2CBO    4.15880e-03     fixed    
  11  alpha_y     -3.72138e-03     fixed    
  12  w_y          1.44500e+01   constant   
  13  beta_y       3.18324e-03   1.73921e-04   1.73921e-04   1.23367e+04
