 + ++++++++++++++++++++++++++++++++++++++++++++++++++++++++++++++++++++ +
 +                                                                      +
 +           You have chose to blind your fitting according to          +
 +                omega_ref * (1 + (R +/- deltaR) *10^{-6})             +
 +                                                                      +
 + ++++++++++++++++++++++++++++++++++++++++++++++++++++++++++++++++++++ +
In main()...
reading format from /gm2data/zkhechad/run45/envelope/formats/formatB_sBin_constraintOn.txt
pBinTau 	= 0  
pBinPhi 	= 0  
constraintau 	= 1 
includeMopTerm 	= 0    
constrainMop    = 0   
Parameters after format file: pBinTau 0 pBinPhi 0 constraintau 1 includeMopTerm 0 constrainMop 0 c_e_scale 0.000000 
Opening file /gm2data/tbarrett/gm2fr/studies/run23_bunch_corrections/CorrectedFourier_Run3b.root.
reading full fit data from /gm2data/zkhechad/cboTemplates/Run4CBOTemplates/fullFits/noRF/sBin_constraintOn_cE0.0_seed0_noRF_calo0.root
windowBins = 69
fitting sliding window 1050 from bin 1186 at 176.802000 to bin 1255 at 187.246000 (69 bins)

Reading data from /gm2data/cornell/histograms/aMethod/histogram_a_noRF.root
 **********
 **    1 **SET PRINTOUT            1
 **********
 **********
 **    2 **SET NOWARNINGS 
 **********
 PARAMETER DEFINITIONS:
    NO.   NAME         VALUE      STEP SIZE      LIMITS
     1 N0           7.53894e+07  1.00000e+02     no limits
     2 tau          6.44000e+01  constant
     3 A0           3.53538e-01  1.00000e-04     no limits
     4 phi          4.11945e+00  1.00000e-02     no limits
     5 R           -6.07615e+01  constant
     6 alpha_CBO    0.00000e+00  1.00000e-03     no limits
     7 w_CBO        2.32500e+00  constant
     8 beta_CBO     0.00000e+00  1.00000e-03     no limits
     9 alpha_2CBO   0.00000e+00  1.00000e-03     no limits
    10 beta_2CBO    0.00000e+00  1.00000e-03     no limits
    11 alpha_y      0.00000e+00  1.00000e-03     no limits
    12 w_y          1.38860e+01  constant
    13 beta_y       0.00000e+00  1.00000e-03     no limits
    14 alpha_vw     0.00000e+00  1.00000e-03     no limits
    15 w_vw         1.43404e+01  constant
    16 beta_vw      0.00000e+00  1.00000e-03     no limits
    17 LM          -1.74374e-04  constant
    18 zeta_y       0.00000e+00  constant
    19 zeta_vw      0.00000e+00  constant
    20 T_CBO        1.00000e+02  1.00000e+00    0.00000e+00  1.00000e+03
    21 alpha_A0     0.00000e+00  1.00000e-03     no limits
    22 beta_A0      0.00000e+00  1.00000e-03     no limits
    23 alpha_phi    0.00000e+00  1.00000e-03     no limits
    24 beta_phi     0.00000e+00  1.00000e-03     no limits
MINUIT - FIT ONLY WIGGLE
 **********
 **    3 **FIX            5
 **********
 PARAMETER    5  IS CONSTANT.   IGNORED.
 **********
 **    4 **FIX            6
 **********
 **********
 **    5 **FIX            7
 **********
 PARAMETER    7  IS CONSTANT.   IGNORED.
 **********
 **    6 **FIX            8
 **********
 **********
 **    7 **FIX            9
 **********
 **********
 **    8 **FIX           10
 **********
 **********
 **    9 **FIX           11
 **********
 **********
 **   10 **FIX           12
 **********
 PARAMETER   12  IS CONSTANT.   IGNORED.
 **********
 **   11 **FIX           13
 **********
 **********
 **   12 **FIX           14
 **********
 **********
 **   13 **FIX           15
 **********
 PARAMETER   15  IS CONSTANT.   IGNORED.
 **********
 **   14 **FIX           16
 **********
 **********
 **   15 **MIGRAD
 **********
 FIRST CALL TO USER FUNCTION AT NEW START POINT, WITH IFLAG=4.
 START MIGRAD MINIMIZATION.  STRATEGY  1.  CONVERGENCE WHEN EDM .LT. 1.00e-04
 FCN=331.934 FROM MIGRAD    STATUS=INITIATE      427 CALLS         428 TOTAL
                     EDM= unknown      STRATEGY= 1      NO ERROR MATRIX       
  EXT PARAMETER               CURRENT GUESS       STEP         FIRST   
  NO.   NAME      VALUE            ERROR          SIZE      DERIVATIVE 
   1  N0           7.53894e+07   1.00000e+02   0.00000e+00  -4.24833e-04
   2  tau          6.44000e+01   constant   
   3  A0           3.53538e-01   1.00000e-04   0.00000e+00  -5.37288e+04
   4  phi          4.11945e+00   1.00000e-02   0.00000e+00  -2.84252e+04
   5  R           -6.07615e+01   constant   
   6  alpha_CBO    0.00000e+00     fixed    
   7  w_CBO        2.32500e+00   constant   
   8  beta_CBO     0.00000e+00     fixed    
   9  alpha_2CBO   0.00000e+00     fixed    
  10  beta_2CBO    0.00000e+00     fixed    
  11  alpha_y      0.00000e+00     fixed    
  12  w_y          1.38860e+01   constant   
  13  beta_y       0.00000e+00     fixed    
  14  alpha_vw     0.00000e+00     fixed    
  15  w_vw         1.43404e+01   constant   
  16  beta_vw      0.00000e+00     fixed    
  17  LM          -1.74374e-04   constant   
  18  zeta_y       0.00000e+00   constant   
  19  zeta_vw      0.00000e+00   constant   
  20  T_CBO        1.00000e+02   1.00000e+00   0.00000e+00   0.00000e+00
  21  alpha_A0     0.00000e+00   1.00000e-03   0.00000e+00  -3.28036e+03
  22  beta_A0      0.00000e+00   1.00000e-03   0.00000e+00  -2.14855e+02
  23  alpha_phi    0.00000e+00   1.00000e-03   0.00000e+00  -4.80407e+03
  24  beta_phi     0.00000e+00   1.00000e-03   0.00000e+00  -6.08004e+01
 CALL LIMIT EXCEEDED IN MIGRAD.
 MIGRAD TERMINATED WITHOUT CONVERGENCE.
 FCN=312.764 FROM MIGRAD    STATUS=CALL LIMIT   1322 CALLS        1323 TOTAL
                     EDM=0.0279111    STRATEGY= 1  ERROR MATRIX UNCERTAINTY   0.4 per cent
  EXT PARAMETER                APPROXIMATE        STEP         FIRST   
  NO.   NAME      VALUE            ERROR          SIZE      DERIVATIVE 
   1  N0           7.53883e+07   2.63097e+03   1.90297e+01   3.39788e-06
   2  tau          6.44000e+01   constant   
   3  A0           3.53622e-01   4.73858e-05   1.05187e-08  -3.80984e+02
   4  phi          4.11974e+00   1.52674e-04  -7.35736e-06   3.26518e+02
   5  R           -6.07615e+01   constant   
   6  alpha_CBO    0.00000e+00     fixed    
   7  w_CBO        2.32500e+00   constant   
   8  beta_CBO     0.00000e+00     fixed    
   9  alpha_2CBO   0.00000e+00     fixed    
  10  beta_2CBO    0.00000e+00     fixed    
  11  alpha_y      0.00000e+00     fixed    
  12  w_y          1.38860e+01   constant   
  13  beta_y       0.00000e+00     fixed    
  14  alpha_vw     0.00000e+00     fixed    
  15  w_vw         1.43404e+01   constant   
  16  beta_vw      0.00000e+00     fixed    
  17  LM          -1.74374e-04   constant   
  18  zeta_y       0.00000e+00   constant   
  19  zeta_vw      0.00000e+00   constant   
  20  T_CBO        3.42644e+01   8.51010e+00  -4.24164e-04   9.14197e+00
  21  alpha_A0     9.25503e-02   1.22450e-01   2.88715e-03  -9.22252e-03
  22  beta_A0      3.47432e-03   3.56672e-03   8.00133e-05  -7.93185e+00
  23  alpha_phi    1.12150e-01   1.47267e-01   3.44927e-03   8.64772e-01
  24  beta_phi    -1.70296e-02   2.27874e-02  -4.61999e-04  -7.88060e+00
 EXTERNAL ERROR MATRIX.    NDIM=  25    NPAR=  8    ERR DEF=1
  6.922e+06 -1.065e-02 -1.524e-02 -8.065e+02 -2.831e+00  3.907e-01 -2.523e+00  1.218e+00 
 -1.065e-02  2.245e-09  8.792e-11  5.910e-06  1.298e-07 -7.171e-09  1.483e-07 -3.231e-08 
 -1.524e-02  8.792e-11  2.331e-08  3.010e-04 -3.855e-06  1.012e-07 -4.608e-06  7.333e-07 
 -8.065e+02  5.910e-06  3.010e-04  7.247e+01 -1.019e+00  9.833e-03 -1.226e+00  1.905e-01 
 -2.831e+00  1.298e-07 -3.855e-06 -1.019e+00  1.499e-02 -1.053e-04  1.803e-02 -2.780e-03 
  3.907e-01 -7.171e-09  1.012e-07  9.833e-03 -1.053e-04  1.272e-05 -1.268e-04  2.396e-05 
 -2.523e+00  1.483e-07 -4.608e-06 -1.226e+00  1.803e-02 -1.268e-04  2.169e-02 -3.344e-03 
  1.218e+00 -3.231e-08  7.333e-07  1.905e-01 -2.780e-03  2.396e-05 -3.344e-03  5.193e-04 
ERR MATRIX APPROXIMATE
 PARAMETER  CORRELATION COEFFICIENTS  
       NO.  GLOBAL      1      3      4     20     21     22     23     24
        1  0.37955   1.000 -0.085 -0.038 -0.036 -0.009  0.042 -0.007  0.020
        3  0.27017  -0.085  1.000  0.012  0.015  0.022 -0.042  0.021 -0.030
        4  0.29652  -0.038  0.012  1.000  0.232 -0.206  0.186 -0.205  0.211
       20  0.98562  -0.036  0.015  0.232  1.000 -0.977  0.324 -0.978  0.982
       21  0.99992  -0.009  0.022 -0.206 -0.977  1.000 -0.241  1.000 -0.996
       22  0.71260   0.042 -0.042  0.186  0.324 -0.241  1.000 -0.241  0.295
       23  0.99993  -0.007  0.021 -0.205 -0.978  1.000 -0.241  1.000 -0.997
       24  0.99836   0.020 -0.030  0.211  0.982 -0.996  0.295 -0.997  1.000
 ERR MATRIX APPROXIMATE
MINUIT - FIT ONLY 1-CBO + wiggle
 **********
 **   16 **RES 
 **********
                   PARAMETER   16  beta_vw RESTORED TO VARIABLE.
                   PARAMETER   14  alpha_vw RESTORED TO VARIABLE.
                   PARAMETER   13  beta_y RESTORED TO VARIABLE.
                   PARAMETER   11  alpha_y RESTORED TO VARIABLE.
                   PARAMETER   10  beta_2CBO RESTORED TO VARIABLE.
                   PARAMETER    9  alpha_2CBO RESTORED TO VARIABLE.
                   PARAMETER    8  beta_CBO RESTORED TO VARIABLE.
                   PARAMETER    6  alpha_CBO RESTORED TO VARIABLE.
 **********
 **   17 **FIX            8
 **********
 **********
 **   18 **FIX            9
 **********
 **********
 **   19 **FIX           11
 **********
 **********
 **   20 **FIX           12
 **********
 PARAMETER   12  IS CONSTANT.   IGNORED.
 **********
 **   21 **FIX           14
 **********
 **********
 **   22 **FIX           15
 **********
 PARAMETER   15  IS CONSTANT.   IGNORED.
 **********
 **   23 **FIX           16
 **********
 **********
 **   24 **MIGRAD
 **********
 START MIGRAD MINIMIZATION.  STRATEGY  1.  CONVERGENCE WHEN EDM .LT. 1.00e-04
 FCN=312.764 FROM MIGRAD    STATUS=INITIATE       28 CALLS        1351 TOTAL
                     EDM= unknown      STRATEGY= 1      NO ERROR MATRIX       
  EXT PARAMETER               CURRENT GUESS       STEP         FIRST   
  NO.   NAME      VALUE            ERROR          SIZE      DERIVATIVE 
   1  N0           7.53883e+07   2.63097e+03   1.90297e+01   3.39788e-06
   2  tau          6.44000e+01   constant   
   3  A0           3.53622e-01   4.73858e-05   1.05187e-08  -3.80984e+02
   4  phi          4.11974e+00   1.52674e-04  -7.35736e-06   3.26518e+02
   5  R           -6.07615e+01   constant   
   6  alpha_CBO    0.00000e+00   1.00000e-03   1.00000e-03  -5.42258e+05
   7  w_CBO        2.32500e+00   constant   
   8  beta_CBO     0.00000e+00     fixed    
   9  alpha_2CBO   0.00000e+00     fixed    
  10  beta_2CBO    0.00000e+00   1.00000e-03   1.00000e-03   2.69078e+03
  11  alpha_y      0.00000e+00     fixed    
  12  w_y          1.38860e+01   constant   
  13  beta_y       0.00000e+00   1.00000e-03   1.00000e-03  -4.07005e+03
  14  alpha_vw     0.00000e+00     fixed    
  15  w_vw         1.43404e+01   constant   
  16  beta_vw      0.00000e+00     fixed    
  17  LM          -1.74374e-04   constant   
  18  zeta_y       0.00000e+00   constant   
  19  zeta_vw      0.00000e+00   constant   
  20  T_CBO        3.42644e+01   8.51010e+00  -4.24164e-04   9.14188e+00
  21  alpha_A0     9.25503e-02   1.22450e-01   2.88715e-03  -9.22140e-03
  22  beta_A0      3.47432e-03   3.56672e-03   8.00133e-05  -7.93185e+00
  23  alpha_phi    1.12150e-01   1.47267e-01   3.44927e-03   8.64772e-01
  24  beta_phi    -1.70296e-02   2.27874e-02  -4.61999e-04  -7.88060e+00
 CALL LIMIT EXCEEDED IN MIGRAD.
 MIGRAD TERMINATED WITHOUT CONVERGENCE.
 FCN=130.804 FROM MIGRAD    STATUS=CALL LIMIT   1921 CALLS        3244 TOTAL
                     EDM=0.00463318    STRATEGY= 1  ERROR MATRIX UNCERTAINTY   3.4 per cent
  EXT PARAMETER                APPROXIMATE        STEP         FIRST   
  NO.   NAME      VALUE            ERROR          SIZE      DERIVATIVE 
   1  N0           7.53876e+07   2.66064e+03  -4.43546e+01  -9.47301e-06
   2  tau          6.44000e+01   constant   
   3  A0           3.53588e-01   4.53555e-05   1.79379e-06   1.59808e+03
   4  phi          4.11922e+00   1.46356e-04  -3.48134e-06  -3.02388e+02
   5  R           -6.07615e+01   constant   
   6  alpha_CBO    6.70046e-04   4.95873e-05  -2.09655e-07  -4.68642e+02
   7  w_CBO        2.32500e+00   constant   
   8  beta_CBO     0.00000e+00     fixed    
   9  alpha_2CBO   0.00000e+00     fixed    
  10  beta_2CBO    4.15810e-05   4.54186e-05   2.54289e-06   2.07256e+03
  11  alpha_y      0.00000e+00     fixed    
  12  w_y          1.38860e+01   constant   
  13  beta_y       6.61111e-06   4.82513e-05  -4.97213e-07  -3.89384e+02
  14  alpha_vw     0.00000e+00     fixed    
  15  w_vw         1.43404e+01   constant   
  16  beta_vw      0.00000e+00     fixed    
  17  LM          -1.74374e-04   constant   
  18  zeta_y       0.00000e+00   constant   
  19  zeta_vw      0.00000e+00   constant   
  20  T_CBO        1.36709e+01   3.24652e+00  -1.37984e-03  -1.73270e+01
  21  alpha_A0     2.80317e+02   7.03859e+02   4.36889e+01   1.64466e-03
  22  beta_A0     -6.14309e+01   1.55123e+02  -9.62996e+00   6.07411e-04
  23  alpha_phi    1.40412e+02   3.53080e+02   2.19176e+01  -3.93372e-03
  24  beta_phi    -8.42438e+01   2.11410e+02  -1.31229e+01   1.06191e-03
 EXTERNAL ERROR MATRIX.    NDIM=  25    NPAR= 11    ERR DEF=1
  7.079e+06 
 -1.236e-02  2.057e-09 
 -5.416e-03  1.473e-10  2.142e-08 
 -2.312e-03 -9.721e-11 -1.721e-09  2.459e-09 
 -4.001e-03 -2.610e-10  5.219e-11  1.914e-10  2.063e-09 
 -2.427e-03  4.706e-11 -1.589e-10  5.344e-12  5.247e-11  2.328e-09 
  8.953e+01 -9.058e-06  4.140e-05  7.976e-07 -1.723e-05  3.253e-06  1.054e+01 
 -9.719e+04  3.263e-03 -1.138e-02 -3.960e-04  4.758e-03 -8.284e-04 -2.242e+03  4.954e+05 
  2.141e+04 -7.191e-04  2.509e-03  8.716e-05 -1.049e-03  1.826e-04  4.942e+02 -1.092e+05  2.406e+04 
 -4.876e+04  1.637e-03 -5.709e-03 -1.989e-04  2.387e-03 -4.156e-04 -1.125e+03  2.485e+05 -5.477e+04  1.247e+05 
  2.922e+04 -9.805e-04  3.419e-03  1.189e-04 -1.429e-03  2.488e-04  6.735e+02 -1.488e+05  3.279e+04 -7.464e+04  4.469e+04 
ERR MATRIX APPROXIMATE
 PARAMETER  CORRELATION COEFFICIENTS  
       NO.  GLOBAL      1      3      4      6     10     13     20     21     22     23     24
        1  0.33612   1.000 -0.102 -0.014 -0.018 -0.033 -0.019  0.010 -0.052  0.052 -0.052  0.052
        3  0.33826  -0.102  1.000  0.022 -0.043 -0.127  0.022 -0.062  0.102 -0.102  0.102 -0.102
        4  0.33960  -0.014  0.022  1.000 -0.237  0.008 -0.022  0.087 -0.110  0.111 -0.110  0.110
        6  0.28097  -0.018 -0.043 -0.237  1.000  0.085  0.002  0.005 -0.011  0.011 -0.011  0.011
       10  0.30491  -0.033 -0.127  0.008  0.085  1.000  0.024 -0.117  0.149 -0.149  0.149 -0.149
       13  0.07054  -0.019  0.022 -0.022  0.002  0.024  1.000  0.021 -0.024  0.024 -0.024  0.024
       20  0.98914   0.010 -0.062  0.087  0.005 -0.117  0.021  1.000 -0.981  0.981 -0.981  0.981
       21  1.00000  -0.052  0.102 -0.110 -0.011  0.149 -0.024 -0.981  1.000 -1.000  1.000 -1.000
       22  1.00000   0.052 -0.102  0.111  0.011 -0.149  0.024  0.981 -1.000  1.000 -1.000  1.000
       23  1.00000  -0.052  0.102 -0.110 -0.011  0.149 -0.024 -0.981  1.000 -1.000  1.000 -1.000
       24  1.00000   0.052 -0.102  0.110  0.011 -0.149  0.024  0.981 -1.000  1.000 -1.000  1.000
 ERR MATRIX APPROXIMATE
MINUIT - FIT ONLY 2-CBO
 **********
 **   25 **RES 
 **********
                   PARAMETER   16  beta_vw RESTORED TO VARIABLE.
                   PARAMETER   14  alpha_vw RESTORED TO VARIABLE.
                   PARAMETER   11  alpha_y RESTORED TO VARIABLE.
                   PARAMETER    9  alpha_2CBO RESTORED TO VARIABLE.
                   PARAMETER    8  beta_CBO RESTORED TO VARIABLE.
 **********
 **   26 **FIX            0
 **********
 PARAMETER    0  IS UNDEFINED. IGNORED.
 **********
 **   27 **FIX            1
 **********
 **********
 **   28 **FIX            2
 **********
 PARAMETER    2  IS CONSTANT.   IGNORED.
 **********
 **   29 **FIX            3
 **********
 **********
 **   30 **FIX            4
 **********
 **********
 **   31 **FIX            5
 **********
 PARAMETER    5  IS CONSTANT.   IGNORED.
 **********
 **   32 **FIX            6
 **********
 **********
 **   33 **FIX            7
 **********
 PARAMETER    7  IS CONSTANT.   IGNORED.
 **********
 **   34 **FIX           10
 **********
 **********
 **   35 **FIX           11
 **********
 **********
 **   36 **FIX           12
 **********
 PARAMETER   12  IS CONSTANT.   IGNORED.
 **********
 **   37 **FIX           13
 **********
 **********
 **   38 **FIX           14
 **********
 **********
 **   39 **FIX           15
 **********
 PARAMETER   15  IS CONSTANT.   IGNORED.
 **********
 **   40 **FIX           16
 **********
 **********
 **   41 **MIGRAD
 **********
 START MIGRAD MINIMIZATION.  STRATEGY  1.  CONVERGENCE WHEN EDM .LT. 1.00e-04
 FCN=130.804 FROM MIGRAD    STATUS=INITIATE       18 CALLS        3262 TOTAL
                     EDM= unknown      STRATEGY= 1      NO ERROR MATRIX       
  EXT PARAMETER               CURRENT GUESS       STEP         FIRST   
  NO.   NAME      VALUE            ERROR          SIZE      DERIVATIVE 
   1  N0           7.53876e+07     fixed    
   2  tau          6.44000e+01   constant   
   3  A0           3.53588e-01     fixed    
   4  phi          4.11922e+00     fixed    
   5  R           -6.07615e+01   constant   
   6  alpha_CBO    6.70046e-04     fixed    
   7  w_CBO        2.32500e+00   constant   
   8  beta_CBO     0.00000e+00   1.00000e-03   1.00000e-03   3.19097e+05
   9  alpha_2CBO   0.00000e+00   1.00000e-03   1.00000e-03  -7.65814e+04
  10  beta_2CBO    4.15810e-05     fixed    
  11  alpha_y      0.00000e+00     fixed    
  12  w_y          1.38860e+01   constant   
  13  beta_y       6.61111e-06     fixed    
  14  alpha_vw     0.00000e+00     fixed    
  15  w_vw         1.43404e+01   constant   
  16  beta_vw      0.00000e+00     fixed    
  17  LM          -1.74374e-04   constant   
  18  zeta_y       0.00000e+00   constant   
  19  zeta_vw      0.00000e+00   constant   
  20  T_CBO        1.36709e+01   3.24652e+00  -1.37984e-03  -1.73272e+01
  21  alpha_A0     2.80317e+02   7.03859e+02   4.36889e+01   1.64466e-03
  22  beta_A0     -6.14309e+01   1.55123e+02  -9.62996e+00   6.07411e-04
  23  alpha_phi    1.40412e+02   3.53080e+02   2.19176e+01  -3.93372e-03
  24  beta_phi    -8.42438e+01   2.11410e+02  -1.31229e+01   1.06191e-03
 CALL LIMIT EXCEEDED IN MIGRAD.
 MIGRAD TERMINATED WITHOUT CONVERGENCE.
 FCN=62.4695 FROM MIGRAD    STATUS=CALL LIMIT   1154 CALLS        4398 TOTAL
                     EDM=0.000982242    STRATEGY= 1  ERROR MATRIX UNCERTAINTY  27.0 per cent
  EXT PARAMETER                APPROXIMATE        STEP         FIRST   
  NO.   NAME      VALUE            ERROR          SIZE      DERIVATIVE 
   1  N0           7.53876e+07     fixed    
   2  tau          6.44000e+01   constant   
   3  A0           3.53588e-01     fixed    
   4  phi          4.11922e+00     fixed    
   5  R           -6.07615e+01   constant   
   6  alpha_CBO    6.70046e-04     fixed    
   7  w_CBO        2.32500e+00   constant   
   8  beta_CBO    -3.97780e-04   4.84154e-05  -1.37683e-07   1.94911e+02
   9  alpha_2CBO   1.22447e-04   4.78844e-05  -8.77041e-08   1.34149e+02
  10  beta_2CBO    4.15810e-05     fixed    
  11  alpha_y      0.00000e+00     fixed    
  12  w_y          1.38860e+01   constant   
  13  beta_y       6.61111e-06     fixed    
  14  alpha_vw     0.00000e+00     fixed    
  15  w_vw         1.43404e+01   constant   
  16  beta_vw      0.00000e+00     fixed    
  17  LM          -1.74374e-04   constant   
  18  zeta_y       0.00000e+00   constant   
  19  zeta_vw      0.00000e+00   constant   
  20  T_CBO        9.78773e+00   2.00194e+00  -5.16054e-04  -2.24057e+01
  21  alpha_A0     3.96419e+04   1.32625e+05   3.30980e+03  -1.16601e-06
  22  beta_A0      7.90401e+03   2.78119e+04   6.93570e+02  -3.62571e-06
  23  alpha_phi    3.38304e+04   1.21243e+05   3.02234e+03  -1.87375e-06
  24  beta_phi    -1.00253e+04   3.42500e+04  -8.54128e+02  -2.31430e-07
 EXTERNAL ERROR MATRIX.    NDIM=  25    NPAR=  7    ERR DEF=1
  2.344e-09 -2.174e-10 -1.050e-06  1.116e-01  2.334e-02  1.053e-01 -2.993e-02 
 -2.174e-10  2.293e-09 -6.984e-06  4.485e-01  9.490e-02  4.155e-01 -1.177e-01 
 -1.050e-06 -6.984e-06  4.008e+00 -2.651e+05 -5.558e+04 -2.423e+05  6.844e+04 
  1.116e-01  4.485e-01 -2.651e+05  1.759e+10  3.688e+09  1.608e+10 -4.542e+09 
  2.334e-02  9.490e-02 -5.558e+04  3.688e+09  7.735e+08  3.372e+09 -9.525e+08 
  1.053e-01  4.155e-01 -2.423e+05  1.608e+10  3.372e+09  1.470e+10 -4.153e+09 
 -2.993e-02 -1.177e-01  6.844e+04 -4.542e+09 -9.525e+08 -4.153e+09  1.173e+09 
ERR MATRIX APPROXIMATE
 PARAMETER  CORRELATION COEFFICIENTS  
       NO.  GLOBAL      8      9     20     21     22     23     24
        8  0.19774   1.000 -0.094 -0.011  0.017  0.017  0.018 -0.018
        9  0.30882  -0.094  1.000 -0.073  0.071  0.071  0.072 -0.072
       20  0.99894  -0.011 -0.073  1.000 -0.998 -0.998 -0.998  0.998
       21  0.99999   0.017  0.071 -0.998  1.000  1.000  1.000 -1.000
       22  0.99999   0.017  0.071 -0.998  1.000  1.000  1.000 -1.000
       23  1.00000   0.018  0.072 -0.998  1.000  1.000  1.000 -1.000
       24  0.99999  -0.018 -0.072  0.998 -1.000 -1.000 -1.000  1.000
 ERR MATRIX APPROXIMATE
MINUIT - FIT wiggle + 1-CBO + 2-CBO
 **********
 **   42 **RES 
 **********
                   PARAMETER   16  beta_vw RESTORED TO VARIABLE.
                   PARAMETER   14  alpha_vw RESTORED TO VARIABLE.
                   PARAMETER   13  beta_y RESTORED TO VARIABLE.
                   PARAMETER   11  alpha_y RESTORED TO VARIABLE.
                   PARAMETER   10  beta_2CBO RESTORED TO VARIABLE.
                   PARAMETER    6  alpha_CBO RESTORED TO VARIABLE.
                   PARAMETER    4  phi RESTORED TO VARIABLE.
                   PARAMETER    3  A0 RESTORED TO VARIABLE.
                   PARAMETER    1  N0 RESTORED TO VARIABLE.
 **********
 **   43 **FIX           10
 **********
 **********
 **   44 **FIX           11
 **********
 **********
 **   45 **FIX           12
 **********
 PARAMETER   12  IS CONSTANT.   IGNORED.
 **********
 **   46 **FIX           13
 **********
 **********
 **   47 **FIX           14
 **********
 **********
 **   48 **FIX           15
 **********
 PARAMETER   15  IS CONSTANT.   IGNORED.
 **********
 **   49 **FIX           16
 **********
 **********
 **   50 **MIGRAD
 **********
 START MIGRAD MINIMIZATION.  STRATEGY  1.  CONVERGENCE WHEN EDM .LT. 1.00e-04
 FCN=62.4695 FROM MIGRAD    STATUS=INITIATE       22 CALLS        4420 TOTAL
                     EDM= unknown      STRATEGY= 1      NO ERROR MATRIX       
  EXT PARAMETER               CURRENT GUESS       STEP         FIRST   
  NO.   NAME      VALUE            ERROR          SIZE      DERIVATIVE 
   1  N0           7.53876e+07   2.66064e+03   2.66064e+03   6.00810e-04
   2  tau          6.44000e+01   constant   
   3  A0           3.53588e-01   4.53555e-05   4.53555e-05   6.24119e+04
   4  phi          4.11922e+00   1.46356e-04   1.46356e-04  -1.39108e+04
   5  R           -6.07615e+01   constant   
   6  alpha_CBO    6.70046e-04   4.95873e-05   4.95873e-05  -1.12821e+04
   7  w_CBO        2.32500e+00   constant   
   8  beta_CBO    -3.97780e-04   4.84154e-05  -1.37683e-07   1.94911e+02
   9  alpha_2CBO   1.22447e-04   4.78844e-05  -8.77041e-08   1.34149e+02
  10  beta_2CBO    4.15810e-05     fixed    
  11  alpha_y      0.00000e+00     fixed    
  12  w_y          1.38860e+01   constant   
  13  beta_y       6.61111e-06     fixed    
  14  alpha_vw     0.00000e+00     fixed    
  15  w_vw         1.43404e+01   constant   
  16  beta_vw      0.00000e+00     fixed    
  17  LM          -1.74374e-04   constant   
  18  zeta_y       0.00000e+00   constant   
  19  zeta_vw      0.00000e+00   constant   
  20  T_CBO        9.78773e+00   2.00194e+00  -5.16054e-04  -2.24057e+01
  21  alpha_A0     3.96419e+04   1.32625e+05   3.30980e+03  -1.16602e-06
  22  beta_A0      7.90401e+03   2.78119e+04   6.93570e+02  -3.62571e-06
  23  alpha_phi    3.38304e+04   1.21243e+05   3.02234e+03  -1.87375e-06
  24  beta_phi    -1.00253e+04   3.42500e+04  -8.54128e+02  -2.31430e-07
 CALL LIMIT EXCEEDED IN MIGRAD.
 MIGRAD TERMINATED WITHOUT CONVERGENCE.
 FCN=58.46 FROM MIGRAD    STATUS=CALL LIMIT   1913 CALLS        6311 TOTAL
                     EDM=0.00990818    STRATEGY= 1  ERROR MATRIX UNCERTAINTY   7.4 per cent
  EXT PARAMETER                APPROXIMATE        STEP         FIRST   
  NO.   NAME      VALUE            ERROR          SIZE      DERIVATIVE 
   1  N0           7.53859e+07   2.43480e+03  -1.67305e+00  -2.55596e-07
   2  tau          6.44000e+01   constant   
   3  A0           3.53515e-01   4.58144e-05  -1.23191e-08  -2.72704e+01
   4  phi          4.11938e+00   1.36895e-04   4.69518e-07   2.45281e+00
   5  R           -6.07615e+01   constant   
   6  alpha_CBO    6.78052e-04   4.87913e-05   5.88021e-09   3.78425e+01
   7  w_CBO        2.32500e+00   constant   
   8  beta_CBO    -4.21869e-04   5.01829e-05   9.22559e-09   3.70874e+01
   9  alpha_2CBO   1.28773e-04   4.70981e-05   7.07485e-08   1.67862e+02
  10  beta_2CBO    4.15810e-05     fixed    
  11  alpha_y      0.00000e+00     fixed    
  12  w_y          1.38860e+01   constant   
  13  beta_y       6.61111e-06     fixed    
  14  alpha_vw     0.00000e+00     fixed    
  15  w_vw         1.43404e+01   constant   
  16  beta_vw      0.00000e+00     fixed    
  17  LM          -1.74374e-04   constant   
  18  zeta_y       0.00000e+00   constant   
  19  zeta_vw      0.00000e+00   constant   
  20  T_CBO        1.38314e+01   2.00716e+00   5.07645e-04   4.07053e+00
  21  alpha_A0     1.74041e+02   2.94825e+02  -6.25242e+00   4.19838e-04
  22  beta_A0      4.22609e+01   1.62621e+02   1.64327e+00   8.69358e-05
  23  alpha_phi    1.31476e+02   2.81492e+02  -5.09003e+00   2.87032e-07
  24  beta_phi    -2.97228e+01   1.75186e+02   1.36559e+00   2.79638e-04
 EXTERNAL ERROR MATRIX.    NDIM=  25    NPAR= 11    ERR DEF=1
  5.928e+06 
 -1.736e-03  2.099e-09 
  1.757e-03 -6.910e-10  1.874e-08 
 -4.728e-03 -1.654e-11 -1.124e-09  2.381e-09 
  9.769e-03  4.797e-10 -3.332e-10 -1.092e-10  2.518e-09 
  4.387e-03 -2.543e-10  3.414e-11  1.189e-10 -9.177e-11  2.218e-09 
 -3.767e+02 -7.320e-07  7.490e-06 -3.913e-08 -2.958e-06 -4.782e-06  4.029e+00 
 -5.319e+02  6.620e-04 -4.198e-03  5.394e-05  7.874e-04 -2.048e-04 -5.388e+02  8.692e+04 
 -1.352e+04  3.899e-04  2.779e-03 -9.780e-05 -6.483e-04  6.189e-04 -1.220e+02  5.836e+03  2.645e+04 
  4.392e+04  7.714e-04 -4.902e-04 -5.816e-04  5.667e-04  4.180e-04 -5.195e+02  7.288e+04  1.072e+04  7.924e+04 
  5.577e+04 -7.177e-04  3.860e-03 -4.181e-04 -8.233e-04 -7.604e-04  2.167e+02 -4.026e+04 -2.274e+02 -3.049e+04  3.069e+04 
ERR MATRIX APPROXIMATE
 PARAMETER  CORRELATION COEFFICIENTS  
       NO.  GLOBAL      1      3      4      6      8      9     20     21     22     23     24
        1  0.32043   1.000 -0.016  0.005 -0.040  0.080  0.038 -0.077 -0.001 -0.034  0.064  0.131
        3  0.33949  -0.016  1.000 -0.110 -0.007  0.209 -0.118 -0.008  0.049  0.052  0.060 -0.089
        4  0.29995   0.005 -0.110  1.000 -0.168 -0.048  0.005  0.027 -0.104  0.125 -0.013  0.161
        6  0.22255  -0.040 -0.007 -0.168  1.000 -0.045  0.052 -0.000  0.004 -0.012 -0.042 -0.049
        8  0.27045   0.080  0.209 -0.048 -0.045  1.000 -0.039 -0.029  0.053 -0.079  0.040 -0.094
        9  0.31543   0.038 -0.118  0.005  0.052 -0.039  1.000 -0.051 -0.015  0.081  0.032 -0.092
       20  0.97273  -0.077 -0.008  0.027 -0.000 -0.029 -0.051  1.000 -0.910 -0.374 -0.919  0.616
       21  0.96827  -0.001  0.049 -0.104  0.004  0.053 -0.015 -0.910  1.000  0.122  0.878 -0.779
       22  0.70254  -0.034  0.052  0.125 -0.012 -0.079  0.081 -0.374  0.122  1.000  0.234 -0.008
       23  0.93110   0.064  0.060 -0.013 -0.042  0.040  0.032 -0.919  0.878  0.234  1.000 -0.618
       24  0.83508   0.131 -0.089  0.161 -0.049 -0.094 -0.092  0.616 -0.779 -0.008 -0.618  1.000
 ERR MATRIX APPROXIMATE
MINUIT - FIT ONLY 1-y
 **********
 **   51 **RES 
 **********
                   PARAMETER   16  beta_vw RESTORED TO VARIABLE.
                   PARAMETER   14  alpha_vw RESTORED TO VARIABLE.
                   PARAMETER   13  beta_y RESTORED TO VARIABLE.
                   PARAMETER   11  alpha_y RESTORED TO VARIABLE.
                   PARAMETER   10  beta_2CBO RESTORED TO VARIABLE.
 **********
 **   52 **FIX            0
 **********
 PARAMETER    0  IS UNDEFINED. IGNORED.
 **********
 **   53 **FIX            1
 **********
 **********
 **   54 **FIX            2
 **********
 PARAMETER    2  IS CONSTANT.   IGNORED.
 **********
 **   55 **FIX            3
 **********
 **********
 **   56 **FIX            4
 **********
 **********
 **   57 **FIX            5
 **********
 PARAMETER    5  IS CONSTANT.   IGNORED.
 **********
 **   58 **FIX            6
 **********
 **********
 **   59 **FIX            7
 **********
 PARAMETER    7  IS CONSTANT.   IGNORED.
 **********
 **   60 **FIX            8
 **********
 **********
 **   61 **FIX            9
 **********
 **********
 **   62 **FIX           13
 **********
 **********
 **   63 **FIX           14
 **********
 **********
 **   64 **FIX           15
 **********
 PARAMETER   15  IS CONSTANT.   IGNORED.
 **********
 **   65 **FIX           16
 **********
 **********
 **   66 **MIGRAD
 **********
 START MIGRAD MINIMIZATION.  STRATEGY  1.  CONVERGENCE WHEN EDM .LT. 1.00e-04
 FCN=58.46 FROM MIGRAD    STATUS=INITIATE       16 CALLS        6327 TOTAL
                     EDM= unknown      STRATEGY= 1      NO ERROR MATRIX       
  EXT PARAMETER               CURRENT GUESS       STEP         FIRST   
  NO.   NAME      VALUE            ERROR          SIZE      DERIVATIVE 
   1  N0           7.53859e+07     fixed    
   2  tau          6.44000e+01   constant   
   3  A0           3.53515e-01     fixed    
   4  phi          4.11938e+00     fixed    
   5  R           -6.07615e+01   constant   
   6  alpha_CBO    6.78052e-04     fixed    
   7  w_CBO        2.32500e+00   constant   
   8  beta_CBO    -4.21869e-04     fixed    
   9  alpha_2CBO   1.28773e-04     fixed    
  10  beta_2CBO    4.15810e-05   4.54186e-05   4.54186e-05  -1.71752e+04
  11  alpha_y      0.00000e+00   1.00000e-03   1.00000e-03  -5.36010e+04
  12  w_y          1.38860e+01   constant   
  13  beta_y       6.61111e-06     fixed    
  14  alpha_vw     0.00000e+00     fixed    
  15  w_vw         1.43404e+01   constant   
  16  beta_vw      0.00000e+00     fixed    
  17  LM          -1.74374e-04   constant   
  18  zeta_y       0.00000e+00   constant   
  19  zeta_vw      0.00000e+00   constant   
  20  T_CBO        1.38314e+01   2.00716e+00   5.07645e-04   4.07047e+00
  21  alpha_A0     1.74041e+02   2.94825e+02  -6.25242e+00   4.19838e-04
  22  beta_A0      4.22609e+01   1.62621e+02   1.64327e+00   8.69361e-05
  23  alpha_phi    1.31476e+02   2.81492e+02  -5.09003e+00   2.87028e-07
  24  beta_phi    -2.97228e+01   1.75186e+02   1.36559e+00   2.79638e-04
 CALL LIMIT EXCEEDED IN MIGRAD.
 MIGRAD TERMINATED WITHOUT CONVERGENCE.
 FCN=56.4572 FROM MIGRAD    STATUS=CALL LIMIT   1158 CALLS        7469 TOTAL
                     EDM=0.00333392    STRATEGY= 1  ERROR MATRIX UNCERTAINTY  82.6 per cent
  EXT PARAMETER                APPROXIMATE        STEP         FIRST   
  NO.   NAME      VALUE            ERROR          SIZE      DERIVATIVE 
   1  N0           7.53859e+07     fixed    
   2  tau          6.44000e+01   constant   
   3  A0           3.53515e-01     fixed    
   4  phi          4.11938e+00     fixed    
   5  R           -6.07615e+01   constant   
   6  alpha_CBO    6.78052e-04     fixed    
   7  w_CBO        2.32500e+00   constant   
   8  beta_CBO    -4.21869e-04     fixed    
   9  alpha_2CBO   1.28773e-04     fixed    
  10  beta_2CBO    6.38436e-05   4.84468e-05  -5.41057e-08   1.35574e+01
  11  alpha_y      6.32888e-05   4.95064e-05   5.80777e-08  -4.87907e+01
  12  w_y          1.38860e+01   constant   
  13  beta_y       6.61111e-06     fixed    
  14  alpha_vw     0.00000e+00     fixed    
  15  w_vw         1.43404e+01   constant   
  16  beta_vw      0.00000e+00     fixed    
  17  LM          -1.74374e-04   constant   
  18  zeta_y       0.00000e+00   constant   
  19  zeta_vw      0.00000e+00   constant   
  20  T_CBO        2.04239e+01   4.52397e+00   2.56945e-04   4.87977e-02
  21  alpha_A0     2.48955e+00   5.03946e+00   1.72268e-03   1.70477e-03
  22  beta_A0      5.31582e-01   2.48190e+00  -5.05873e-03   2.45661e-03
  23  alpha_phi    2.01997e+00   3.89838e+00  -1.17615e-02   1.27999e-02
  24  beta_phi    -5.05746e-01   2.23424e+00   9.38981e-03   1.92798e-02
 EXTERNAL ERROR MATRIX.    NDIM=  25    NPAR=  7    ERR DEF=1
  2.347e-09 -3.501e-11  2.526e-06 -8.360e-06 -1.718e-05  9.125e-06 -3.216e-06 
 -3.501e-11  2.451e-09 -9.293e-06  7.555e-06  2.411e-06  9.825e-06 -2.766e-06 
  2.526e-06 -9.293e-06  2.047e+01 -2.170e+01 -4.950e+00 -1.626e+01  8.577e+00 
 -8.360e-06  7.555e-06 -2.170e+01  2.540e+01  5.290e+00  1.690e+01 -9.154e+00 
 -1.718e-05  2.411e-06 -4.950e+00  5.290e+00  6.160e+00  3.240e+00 -2.290e+00 
  9.125e-06  9.825e-06 -1.626e+01  1.690e+01  3.240e+00  1.520e+01 -7.436e+00 
 -3.216e-06 -2.766e-06  8.577e+00 -9.154e+00 -2.290e+00 -7.436e+00  4.992e+00 
ERR MATRIX APPROXIMATE
 PARAMETER  CORRELATION COEFFICIENTS  
       NO.  GLOBAL     10     11     20     21     22     23     24
       10  0.21196   1.000 -0.015  0.012 -0.034 -0.143  0.048 -0.030
       11  0.06984  -0.015  1.000 -0.041  0.030  0.020  0.051 -0.025
       20  0.97469   0.012 -0.041  1.000 -0.952 -0.441 -0.922  0.848
       21  0.95334  -0.034  0.030 -0.952  1.000  0.423  0.860 -0.813
       22  0.51427  -0.143  0.020 -0.441  0.423  1.000  0.335 -0.413
       23  0.93872   0.048  0.051 -0.922  0.860  0.335  1.000 -0.854
       24  0.87401  -0.030 -0.025  0.848 -0.813 -0.413 -0.854  1.000
 ERR MATRIX APPROXIMATE
MINUIT - FIT ONLY 2-y
 **********
 **   67 **RES 
 **********
                   PARAMETER   16  beta_vw RESTORED TO VARIABLE.
                   PARAMETER   14  alpha_vw RESTORED TO VARIABLE.
                   PARAMETER   13  beta_y RESTORED TO VARIABLE.
                   PARAMETER    9  alpha_2CBO RESTORED TO VARIABLE.
                   PARAMETER    8  beta_CBO RESTORED TO VARIABLE.
                   PARAMETER    6  alpha_CBO RESTORED TO VARIABLE.
                   PARAMETER    4  phi RESTORED TO VARIABLE.
                   PARAMETER    3  A0 RESTORED TO VARIABLE.
                   PARAMETER    1  N0 RESTORED TO VARIABLE.
 **********
 **   68 **FIX            0
 **********
 PARAMETER    0  IS UNDEFINED. IGNORED.
 **********
 **   69 **FIX            1
 **********
 **********
 **   70 **FIX            2
 **********
 PARAMETER    2  IS CONSTANT.   IGNORED.
 **********
 **   71 **FIX            3
 **********
 **********
 **   72 **FIX            4
 **********
 **********
 **   73 **FIX            5
 **********
 PARAMETER    5  IS CONSTANT.   IGNORED.
 **********
 **   74 **FIX            6
 **********
 **********
 **   75 **FIX            7
 **********
 PARAMETER    7  IS CONSTANT.   IGNORED.
 **********
 **   76 **FIX            8
 **********
 **********
 **   77 **FIX            9
 **********
 **********
 **   78 **FIX           10
 **********
 **********
 **   79 **FIX           11
 **********
 **********
 **   80 **FIX           12
 **********
 PARAMETER   12  IS CONSTANT.   IGNORED.
 **********
 **   81 **FIX           16
 **********
 **********
 **   82 **MIGRAD
 **********
 START MIGRAD MINIMIZATION.  STRATEGY  1.  CONVERGENCE WHEN EDM .LT. 1.00e-04
 FCN=56.4572 FROM MIGRAD    STATUS=INITIATE       16 CALLS        7485 TOTAL
                     EDM= unknown      STRATEGY= 1      NO ERROR MATRIX       
  EXT PARAMETER               CURRENT GUESS       STEP         FIRST   
  NO.   NAME      VALUE            ERROR          SIZE      DERIVATIVE 
   1  N0           7.53859e+07     fixed    
   2  tau          6.44000e+01   constant   
   3  A0           3.53515e-01     fixed    
   4  phi          4.11938e+00     fixed    
   5  R           -6.07615e+01   constant   
   6  alpha_CBO    6.78052e-04     fixed    
   7  w_CBO        2.32500e+00   constant   
   8  beta_CBO    -4.21869e-04     fixed    
   9  alpha_2CBO   1.28773e-04     fixed    
  10  beta_2CBO    6.38436e-05     fixed    
  11  alpha_y      6.32888e-05     fixed    
  12  w_y          1.38860e+01   constant   
  13  beta_y       6.61111e-06   4.82513e-05   4.82513e-05  -6.76421e+03
  14  alpha_vw     0.00000e+00   1.00000e-03   1.00000e-03   2.47553e+04
  15  w_vw         1.43404e+01   constant   
  16  beta_vw      0.00000e+00     fixed    
  17  LM          -1.74374e-04   constant   
  18  zeta_y       0.00000e+00   constant   
  19  zeta_vw      0.00000e+00   constant   
  20  T_CBO        2.04239e+01   4.52397e+00   2.56945e-04   4.87671e-02
  21  alpha_A0     2.48955e+00   5.03946e+00   1.72268e-03   1.70475e-03
  22  beta_A0      5.31582e-01   2.48190e+00  -5.05873e-03   2.45655e-03
  23  alpha_phi    2.01997e+00   3.89838e+00  -1.17615e-02   1.27999e-02
  24  beta_phi    -5.05746e-01   2.23424e+00   9.38981e-03   1.92798e-02
 CALL LIMIT EXCEEDED IN MIGRAD.
 MIGRAD TERMINATED WITHOUT CONVERGENCE.
 FCN=56.036 FROM MIGRAD    STATUS=CALL LIMIT   1155 CALLS        8624 TOTAL
                     EDM=0.00147865    STRATEGY= 1  ERROR MATRIX UNCERTAINTY  16.4 per cent
  EXT PARAMETER                APPROXIMATE        STEP         FIRST   
  NO.   NAME      VALUE            ERROR          SIZE      DERIVATIVE 
   1  N0           7.53859e+07     fixed    
   2  tau          6.44000e+01   constant   
   3  A0           3.53515e-01     fixed    
   4  phi          4.11938e+00     fixed    
   5  R           -6.07615e+01   constant   
   6  alpha_CBO    6.78052e-04     fixed    
   7  w_CBO        2.32500e+00   constant   
   8  beta_CBO    -4.21869e-04     fixed    
   9  alpha_2CBO   1.28773e-04     fixed    
  10  beta_2CBO    6.38436e-05     fixed    
  11  alpha_y      6.32888e-05     fixed    
  12  w_y          1.38860e+01   constant   
  13  beta_y       8.66770e-06   4.93319e-05  -2.34707e-10  -6.01667e-01
  14  alpha_vw    -2.85792e-05   4.94219e-05  -1.38856e-09   3.29480e+00
  15  w_vw         1.43404e+01   constant   
  16  beta_vw      0.00000e+00     fixed    
  17  LM          -1.74374e-04   constant   
  18  zeta_y       0.00000e+00   constant   
  19  zeta_vw      0.00000e+00   constant   
  20  T_CBO        3.44624e+01   2.93204e+01   2.05628e-03  -1.51094e+00
  21  alpha_A0     6.83275e-02   3.42890e-01  -3.09176e-03   1.94821e-01
  22  beta_A0      1.45523e-02   8.63676e-02  -1.01868e-03   1.95053e-01
  23  alpha_phi    5.25804e-02   2.85601e-01  -3.55968e-03  -1.06699e+00
  24  beta_phi    -1.44520e-02   1.08999e-01   9.83232e-04   1.16970e-01
 EXTERNAL ERROR MATRIX.    NDIM=  25    NPAR=  7    ERR DEF=1
  2.434e-09  4.933e-10 -5.158e-06  5.641e-08 -3.445e-08  4.650e-08 -2.367e-08 
  4.933e-10  2.443e-09 -1.472e-06  1.286e-08 -1.420e-08  2.041e-08 -4.516e-09 
 -5.158e-06 -1.472e-06  8.672e+02 -9.971e+00 -2.190e+00 -8.345e+00  2.441e+00 
  5.641e-08  1.286e-08 -9.971e+00  1.176e-01  2.557e-02  9.682e-02 -2.892e-02 
 -3.445e-08 -1.420e-08 -2.190e+00  2.557e-02  7.459e-03  2.134e-02 -6.395e-03 
  4.650e-08  2.041e-08 -8.345e+00  9.682e-02  2.134e-02  8.157e-02 -2.312e-02 
 -2.367e-08 -4.516e-09  2.441e+00 -2.892e-02 -6.395e-03 -2.312e-02  1.188e-02 
ERR MATRIX APPROXIMATE
 PARAMETER  CORRELATION COEFFICIENTS  
       NO.  GLOBAL     13     14     20     21     22     23     24
       13  0.20344   1.000  0.202 -0.004  0.003 -0.008  0.003 -0.004
       14  0.20247   0.202  1.000 -0.001  0.001 -0.003  0.001 -0.001
       20  0.99334  -0.004 -0.001  1.000 -0.987 -0.861 -0.992  0.760
       21  0.99116   0.003  0.001 -0.987  1.000  0.863  0.989 -0.774
       22  0.86774  -0.008 -0.003 -0.861  0.863  1.000  0.865 -0.679
       23  0.99439   0.003  0.001 -0.992  0.989  0.865  1.000 -0.743
