 + ++++++++++++++++++++++++++++++++++++++++++++++++++++++++++++++++++++ +
 +                                                                      +
 +           You have chose to blind your fitting according to          +
 +                omega_ref * (1 + (R +/- deltaR) *10^{-6})             +
 +                                                                      +
 + ++++++++++++++++++++++++++++++++++++++++++++++++++++++++++++++++++++ +
In main()...
reading format from /gm2data/zkhechad/run45/envelope/formats/formatB_sBin_constraintOn.txt
pBinTau 	= 0  
pBinPhi 	= 0  
constraintau 	= 1 
includeMopTerm 	= 0    
constrainMop    = 0   
Parameters after format file: pBinTau 0 pBinPhi 0 constraintau 1 includeMopTerm 0 constrainMop 0 c_e_scale 0.000000 
Opening file /gm2data/tbarrett/gm2fr/studies/run23_bunch_corrections/CorrectedFourier_Run3b.root.
reading full fit data from /gm2data/zkhechad/cboTemplates/Run4CBOTemplates/templateFits0_v2.0/noRF/sBin_constraintOn_cE0.0_seed0_noRF_calo5.root
windowBins = 17
fitting sliding window 162 from bin 298 at 44.312400 to bin 315 at 46.998000 (17 bins)

Reading data from /gm2data/cornell/histograms/aMethod/histogram_a_noRF.root
 **********
 **    1 **SET PRINTOUT            1
 **********
 **********
 **    2 **SET NOWARNINGS 
 **********
 PARAMETER DEFINITIONS:
    NO.   NAME         VALUE      STEP SIZE      LIMITS
     1 N0           2.79488e+06  1.00000e+02     no limits
     2 tau          6.43938e+01  constant
     3 A0           3.58429e-01  1.00000e-04     no limits
     4 phi          4.11634e+00  1.00000e-02     no limits
     5 R           -6.25265e+01  constant
     6 alpha_CBO    0.00000e+00  1.00000e-03     no limits
     7 w_CBO        2.32500e+00  constant
     8 beta_CBO     0.00000e+00  1.00000e-03     no limits
     9 alpha_2CBO   0.00000e+00  1.00000e-03     no limits
    10 beta_2CBO    0.00000e+00  1.00000e-03     no limits
    11 alpha_y      0.00000e+00  1.00000e-03     no limits
    12 w_y          1.44500e+01  constant
    13 beta_y       0.00000e+00  1.00000e-03     no limits
    14 alpha_vw     0.00000e+00  1.00000e-03     no limits
    15 w_vw         1.29000e+01  constant
    16 beta_vw      0.00000e+00  1.00000e-03     no limits
    17 LM          -3.26799e-04  constant
    18 zeta_y       0.00000e+00  constant
    19 zeta_vw      0.00000e+00  constant
    20 T_CBO        1.00000e+02  1.00000e+00    0.00000e+00  1.00000e+03
    21 alpha_A0     0.00000e+00  1.00000e-03     no limits
    22 beta_A0      0.00000e+00  1.00000e-03     no limits
    23 alpha_phi    0.00000e+00  1.00000e-03     no limits
    24 beta_phi     0.00000e+00  1.00000e-03     no limits
MINUIT - FIT ONLY WIGGLE
 **********
 **    3 **FIX            5
 **********
 PARAMETER    5  IS CONSTANT.   IGNORED.
 **********
 **    4 **FIX            6
 **********
 **********
 **    5 **FIX            7
 **********
 PARAMETER    7  IS CONSTANT.   IGNORED.
 **********
 **    6 **FIX            8
 **********
 **********
 **    7 **FIX            9
 **********
 **********
 **    8 **FIX           10
 **********
 **********
 **    9 **FIX           11
 **********
 **********
 **   10 **FIX           12
 **********
 PARAMETER   12  IS CONSTANT.   IGNORED.
 **********
 **   11 **FIX           13
 **********
 **********
 **   12 **FIX           14
 **********
 **********
 **   13 **FIX           15
 **********
 PARAMETER   15  IS CONSTANT.   IGNORED.
 **********
 **   14 **FIX           16
 **********
 **********
 **   15 **MIGRAD
 **********
 FIRST CALL TO USER FUNCTION AT NEW START POINT, WITH IFLAG=4.
 START MIGRAD MINIMIZATION.  STRATEGY  1.  CONVERGENCE WHEN EDM .LT. 1.00e-04
 FCN=2359.28 FROM MIGRAD    STATUS=INITIATE      429 CALLS         430 TOTAL
                     EDM= unknown      STRATEGY= 1      NO ERROR MATRIX       
  EXT PARAMETER               CURRENT GUESS       STEP         FIRST   
  NO.   NAME      VALUE            ERROR          SIZE      DERIVATIVE 
   1  N0           2.79488e+06   1.00000e+02   0.00000e+00   2.40005e-02
   2  tau          6.43938e+01   constant   
   3  A0           3.58429e-01   1.00000e-04   0.00000e+00   4.26199e+05
   4  phi          4.11634e+00   1.00000e-02   0.00000e+00   9.24407e+04
   5  R           -6.25265e+01   constant   
   6  alpha_CBO    0.00000e+00     fixed    
   7  w_CBO        2.32500e+00   constant   
   8  beta_CBO     0.00000e+00     fixed    
   9  alpha_2CBO   0.00000e+00     fixed    
  10  beta_2CBO    0.00000e+00     fixed    
  11  alpha_y      0.00000e+00     fixed    
  12  w_y          1.44500e+01   constant   
  13  beta_y       0.00000e+00     fixed    
  14  alpha_vw     0.00000e+00     fixed    
  15  w_vw         1.29000e+01   constant   
  16  beta_vw      0.00000e+00     fixed    
  17  LM          -3.26799e-04   constant   
  18  zeta_y       0.00000e+00   constant   
  19  zeta_vw      0.00000e+00   constant   
  20  T_CBO        1.00000e+02   1.00000e+00   0.00000e+00   0.00000e+00
  21  alpha_A0     0.00000e+00   1.00000e-03   0.00000e+00  -1.85444e+04
  22  beta_A0      0.00000e+00   1.00000e-03   0.00000e+00  -5.12727e+04
  23  alpha_phi    0.00000e+00   1.00000e-03   0.00000e+00  -1.01387e+04
  24  beta_phi     0.00000e+00   1.00000e-03   0.00000e+00   3.80101e+04
 MIGRAD MINIMIZATION HAS CONVERGED.
 FCN=149.625 FROM MIGRAD    STATUS=CONVERGED     803 CALLS         804 TOTAL
                     EDM=2.92871e-06    STRATEGY= 1  ERROR MATRIX UNCERTAINTY   4.9 per cent
  EXT PARAMETER                                   STEP         FIRST   
  NO.   NAME      VALUE            ERROR          SIZE      DERIVATIVE 
   1  N0           2.78592e+06   7.38862e+02  -1.21223e+01  -9.44212e-06
   2  tau          6.43938e+01   constant   
   3  A0           3.34403e-01   3.50978e-03  -1.55336e-05   2.42966e+00
   4  phi          4.08910e+00   2.79739e-03  -3.47852e-05   5.93440e+00
   5  R           -6.25265e+01   constant   
   6  alpha_CBO    0.00000e+00     fixed    
   7  w_CBO        2.32500e+00   constant   
   8  beta_CBO     0.00000e+00     fixed    
   9  alpha_2CBO   0.00000e+00     fixed    
  10  beta_2CBO    0.00000e+00     fixed    
  11  alpha_y      0.00000e+00     fixed    
  12  w_y          1.44500e+01   constant   
  13  beta_y       0.00000e+00     fixed    
  14  alpha_vw     0.00000e+00     fixed    
  15  w_vw         1.29000e+01   constant   
  16  beta_vw      0.00000e+00     fixed    
  17  LM          -3.26799e-04   constant   
  18  zeta_y       0.00000e+00   constant   
  19  zeta_vw      0.00000e+00   constant   
  20  T_CBO        3.56863e+02   4.30578e+01   6.09441e-04   9.53609e-03
  21  alpha_A0    -1.01274e-01   1.85299e-02  -9.36236e-05  -1.87005e-01
  22  beta_A0     -3.36394e-02   8.69974e-03  -6.76302e-05  -2.14147e+00
  23  alpha_phi   -3.80322e-02   5.25213e-03  -2.55672e-05  -2.22763e+00
  24  beta_phi     7.20491e-02   1.48169e-02   8.81174e-05  -1.08708e+00
 EXTERNAL ERROR MATRIX.    NDIM=  25    NPAR=  8    ERR DEF=1
  5.459e+05  1.510e+00  1.742e+00 -1.246e+04  8.308e+00  4.265e+00  2.221e+00 -6.925e+00 
  1.510e+00  1.232e-05  8.589e-06 -1.350e-01  6.492e-05  3.010e-05  1.830e-05 -5.179e-05 
  1.742e+00  8.589e-06  7.825e-06 -8.607e-02  4.607e-05  2.262e-05  1.288e-05 -3.733e-05 
 -1.246e+04 -1.350e-01 -8.607e-02  1.859e+03 -7.054e-01 -3.247e-01 -2.017e-01  5.589e-01 
  8.308e+00  6.492e-05  4.607e-05 -7.054e-01  3.434e-04  1.594e-04  9.626e-05 -2.736e-04 
  4.265e+00  3.010e-05  2.262e-05 -3.247e-01  1.594e-04  7.569e-05  4.470e-05 -1.278e-04 
  2.221e+00  1.830e-05  1.288e-05 -2.017e-01  9.626e-05  4.470e-05  2.758e-05 -7.692e-05 
 -6.925e+00 -5.179e-05 -3.733e-05  5.589e-01 -2.736e-04 -1.278e-04 -7.692e-05  2.195e-04 
 PARAMETER  CORRELATION COEFFICIENTS  
       NO.  GLOBAL      1      3      4     20     21     22     23     24
        1  0.93336   1.000  0.582  0.843 -0.391  0.607  0.663  0.572 -0.633
        3  0.99953   0.582  1.000  0.875 -0.892  0.998  0.986  0.993 -0.996
        4  0.98808   0.843  0.875  1.000 -0.714  0.889  0.929  0.877 -0.901
       20  0.91264  -0.391 -0.892 -0.714  1.000 -0.883 -0.866 -0.891  0.875
       21  0.99908   0.607  0.998  0.889 -0.883  1.000  0.989  0.989 -0.997
       22  0.99673   0.663  0.986  0.929 -0.866  0.989  1.000  0.978 -0.992
       23  0.99582   0.572  0.993  0.877 -0.891  0.989  0.978  1.000 -0.988
       24  0.99836  -0.633 -0.996 -0.901  0.875 -0.997 -0.992 -0.988  1.000
MINUIT - FIT ONLY 1-CBO + wiggle
 **********
 **   16 **RES 
 **********
                   PARAMETER   16  beta_vw RESTORED TO VARIABLE.
                   PARAMETER   14  alpha_vw RESTORED TO VARIABLE.
                   PARAMETER   13  beta_y RESTORED TO VARIABLE.
                   PARAMETER   11  alpha_y RESTORED TO VARIABLE.
                   PARAMETER   10  beta_2CBO RESTORED TO VARIABLE.
                   PARAMETER    9  alpha_2CBO RESTORED TO VARIABLE.
                   PARAMETER    8  beta_CBO RESTORED TO VARIABLE.
                   PARAMETER    6  alpha_CBO RESTORED TO VARIABLE.
 **********
 **   17 **FIX            8
 **********
 **********
 **   18 **FIX            9
 **********
 **********
 **   19 **FIX           11
 **********
 **********
 **   20 **FIX           12
 **********
 PARAMETER   12  IS CONSTANT.   IGNORED.
 **********
 **   21 **FIX           14
 **********
 **********
 **   22 **FIX           15
 **********
 PARAMETER   15  IS CONSTANT.   IGNORED.
 **********
 **   23 **FIX           16
 **********
 **********
 **   24 **MIGRAD
 **********
 START MIGRAD MINIMIZATION.  STRATEGY  1.  CONVERGENCE WHEN EDM .LT. 1.00e-04
 FCN=149.625 FROM MIGRAD    STATUS=INITIATE       28 CALLS         832 TOTAL
                     EDM= unknown      STRATEGY= 1      NO ERROR MATRIX       
  EXT PARAMETER               CURRENT GUESS       STEP         FIRST   
  NO.   NAME      VALUE            ERROR          SIZE      DERIVATIVE 
   1  N0           2.78592e+06   7.38862e+02  -1.21223e+01  -9.44212e-06
   2  tau          6.43938e+01   constant   
   3  A0           3.34403e-01   3.50978e-03  -1.55336e-05   2.42965e+00
   4  phi          4.08910e+00   2.79739e-03  -3.47852e-05   5.93440e+00
   5  R           -6.25265e+01   constant   
   6  alpha_CBO    0.00000e+00   1.00000e-03   1.00000e-03  -1.74697e+03
   7  w_CBO        2.32500e+00   constant   
   8  beta_CBO     0.00000e+00     fixed    
   9  alpha_2CBO   0.00000e+00     fixed    
  10  beta_2CBO    0.00000e+00   1.00000e-03   1.00000e-03  -1.16748e+04
  11  alpha_y      0.00000e+00     fixed    
  12  w_y          1.44500e+01   constant   
  13  beta_y       0.00000e+00   1.00000e-03   1.00000e-03  -1.08483e+04
  14  alpha_vw     0.00000e+00     fixed    
  15  w_vw         1.29000e+01   constant   
  16  beta_vw      0.00000e+00     fixed    
  17  LM          -3.26799e-04   constant   
  18  zeta_y       0.00000e+00   constant   
  19  zeta_vw      0.00000e+00   constant   
  20  T_CBO        3.56863e+02   4.30578e+01   6.09441e-04   9.53587e-03
  21  alpha_A0    -1.01274e-01   1.85299e-02  -9.36236e-05  -1.87007e-01
  22  beta_A0     -3.36394e-02   8.69974e-03  -6.76302e-05  -2.14147e+00
  23  alpha_phi   -3.80322e-02   5.25213e-03  -2.55672e-05  -2.22763e+00
  24  beta_phi     7.20491e-02   1.48169e-02   8.81174e-05  -1.08708e+00
 CALL LIMIT EXCEEDED IN MIGRAD.
 MIGRAD TERMINATED WITHOUT CONVERGENCE.
 FCN=125.079 FROM MIGRAD    STATUS=CALL LIMIT   1919 CALLS        2723 TOTAL
                     EDM=1.5234    STRATEGY= 1  ERROR MATRIX UNCERTAINTY  20.3 per cent
  EXT PARAMETER                APPROXIMATE        STEP         FIRST   
  NO.   NAME      VALUE            ERROR          SIZE      DERIVATIVE 
   1  N0           2.86872e+06   8.57289e+03   3.55401e+03  -1.12114e-03
   2  tau          6.43938e+01   constant   
   3  A0           3.66911e-01   7.92375e-03  -4.07348e-03   1.71141e+03
   4  phi          3.98849e+00   1.15406e-02   1.47701e-04   2.42731e+03
   5  R           -6.25265e+01   constant   
   6  alpha_CBO   -2.87184e-02   4.26751e-03   1.25545e-03  -3.03373e+03
   7  w_CBO        2.32500e+00   constant   
   8  beta_CBO     0.00000e+00     fixed    
   9  alpha_2CBO   0.00000e+00     fixed    
  10  beta_2CBO    8.51112e-03   1.11951e-03   1.24964e-04   1.99160e+03
  11  alpha_y      0.00000e+00     fixed    
  12  w_y          1.44500e+01   constant   
  13  beta_y       2.11389e-04   1.74629e-04  -1.61922e-05  -1.30514e+03
  14  alpha_vw     0.00000e+00     fixed    
  15  w_vw         1.29000e+01   constant   
  16  beta_vw      0.00000e+00     fixed    
  17  LM          -3.26799e-04   constant   
  18  zeta_y       0.00000e+00   constant   
  19  zeta_vw      0.00000e+00   constant   
  20  T_CBO        9.46926e+02   9.33842e+01   2.34670e-01   2.33421e+00
  21  alpha_A0    -1.04302e-02   1.94230e-02  -8.28873e-03   4.36841e+02
  22  beta_A0     -1.59548e-01   1.54935e-02  -7.40160e-03  -1.08329e+03
  23  alpha_phi   -1.41681e-01   1.31019e-02  -7.54459e-03  -5.76233e+02
  24  beta_phi    -8.02225e-02   2.19246e-02   9.58058e-03   5.05489e+02
 EXTERNAL ERROR MATRIX.    NDIM=  25    NPAR= 11    ERR DEF=1
  7.349e+07 
  1.315e+01  6.279e-05 
 -7.904e+01 -5.687e-05  1.332e-04 
 -2.009e+01 -2.719e-05  4.531e-05  1.821e-05 
  7.552e+00  2.832e-06 -1.059e-05 -3.646e-06  1.253e-06 
  2.176e-02  2.202e-07 -2.352e-07 -1.198e-07  1.507e-08  3.050e-08 
  2.322e+05 -5.962e-01  3.686e-02  1.084e-01  2.880e-02 -1.542e-03  9.278e+03 
  7.084e+00  1.354e-04 -6.986e-05 -3.772e-05 -8.698e-07  3.500e-07 -1.756e+00  3.773e-04 
 -1.228e+02  4.295e-06  1.336e-04  3.039e-05 -1.307e-05 -1.932e-08 -8.351e-01  7.918e-05  2.400e-04 
 -1.073e+02  8.704e-06  9.693e-05  1.780e-05 -9.799e-06  6.538e-08 -6.258e-01  4.801e-05  1.938e-04  1.717e-04 
 -4.865e+01 -1.695e-04  1.471e-04  6.901e-05 -7.783e-06 -5.055e-07  1.710e+00 -3.943e-04 -1.026e-05 -4.820e-06  4.807e-04 
ERR MATRIX APPROXIMATE
 PARAMETER  CORRELATION COEFFICIENTS  
       NO.  GLOBAL      1      3      4      6     10     13     20     21     22     23     24
        1  0.99993   1.000  0.194 -0.799 -0.549  0.787  0.015  0.281  0.043 -0.924 -0.956 -0.259
        3  0.99997   0.194  1.000 -0.622 -0.804  0.319  0.159 -0.781  0.880  0.035  0.084 -0.976
        4  0.99999  -0.799 -0.622  1.000  0.920 -0.820 -0.117  0.033 -0.312  0.747  0.641  0.581
        6  0.99996  -0.549 -0.804  0.920  1.000 -0.763 -0.161  0.264 -0.455  0.460  0.318  0.738
       10  0.99858   0.787  0.319 -0.820 -0.763  1.000  0.077  0.267 -0.040 -0.753 -0.668 -0.317
       13  0.87244   0.015  0.159 -0.117 -0.161  0.077  1.000 -0.092  0.103 -0.007  0.029 -0.132
       20  0.99700   0.281 -0.781  0.033  0.264  0.267 -0.092  1.000 -0.938 -0.560 -0.496  0.810
       21  0.99992   0.043  0.880 -0.312 -0.455 -0.040  0.103 -0.938  1.000  0.263  0.189 -0.926
       22  0.99997  -0.924  0.035  0.747  0.460 -0.753 -0.007 -0.560  0.263  1.000  0.955 -0.030
       23  0.99989  -0.956  0.084  0.641  0.318 -0.668  0.029 -0.496  0.189  0.955  1.000 -0.017
       24  0.99995  -0.259 -0.976  0.581  0.738 -0.317 -0.132  0.810 -0.926 -0.030 -0.017  1.000
 ERR MATRIX APPROXIMATE
MINUIT - FIT ONLY 2-CBO
 **********
 **   25 **RES 
 **********
                   PARAMETER   16  beta_vw RESTORED TO VARIABLE.
                   PARAMETER   14  alpha_vw RESTORED TO VARIABLE.
                   PARAMETER   11  alpha_y RESTORED TO VARIABLE.
                   PARAMETER    9  alpha_2CBO RESTORED TO VARIABLE.
                   PARAMETER    8  beta_CBO RESTORED TO VARIABLE.
 **********
 **   26 **FIX            0
 **********
 PARAMETER    0  IS UNDEFINED. IGNORED.
 **********
 **   27 **FIX            1
 **********
 **********
 **   28 **FIX            2
 **********
 PARAMETER    2  IS CONSTANT.   IGNORED.
 **********
 **   29 **FIX            3
 **********
 **********
 **   30 **FIX            4
 **********
 **********
 **   31 **FIX            5
 **********
 PARAMETER    5  IS CONSTANT.   IGNORED.
 **********
 **   32 **FIX            6
 **********
 **********
 **   33 **FIX            7
 **********
 PARAMETER    7  IS CONSTANT.   IGNORED.
 **********
 **   34 **FIX           10
 **********
 **********
 **   35 **FIX           11
 **********
 **********
 **   36 **FIX           12
 **********
 PARAMETER   12  IS CONSTANT.   IGNORED.
 **********
 **   37 **FIX           13
 **********
 **********
 **   38 **FIX           14
 **********
 **********
 **   39 **FIX           15
 **********
 PARAMETER   15  IS CONSTANT.   IGNORED.
 **********
 **   40 **FIX           16
 **********
 **********
 **   41 **MIGRAD
 **********
 START MIGRAD MINIMIZATION.  STRATEGY  1.  CONVERGENCE WHEN EDM .LT. 1.00e-04
 FCN=125.079 FROM MIGRAD    STATUS=INITIATE       18 CALLS        2741 TOTAL
                     EDM= unknown      STRATEGY= 1      NO ERROR MATRIX       
  EXT PARAMETER               CURRENT GUESS       STEP         FIRST   
  NO.   NAME      VALUE            ERROR          SIZE      DERIVATIVE 
   1  N0           2.86872e+06     fixed    
   2  tau          6.43938e+01   constant   
   3  A0           3.66911e-01     fixed    
   4  phi          3.98849e+00     fixed    
   5  R           -6.25265e+01   constant   
   6  alpha_CBO   -2.87184e-02     fixed    
   7  w_CBO        2.32500e+00   constant   
   8  beta_CBO     0.00000e+00   1.00000e-03   1.00000e-03   7.50903e+03
   9  alpha_2CBO   0.00000e+00   1.00000e-03   1.00000e-03  -3.09135e+03
  10  beta_2CBO    8.51112e-03     fixed    
  11  alpha_y      0.00000e+00     fixed    
  12  w_y          1.44500e+01   constant   
  13  beta_y       2.11389e-04     fixed    
  14  alpha_vw     0.00000e+00     fixed    
  15  w_vw         1.29000e+01   constant   
  16  beta_vw      0.00000e+00     fixed    
  17  LM          -3.26799e-04   constant   
  18  zeta_y       0.00000e+00   constant   
  19  zeta_vw      0.00000e+00   constant   
  20  T_CBO        9.46926e+02   9.33842e+01   2.34670e-01   2.33421e+00
  21  alpha_A0    -1.04302e-02   1.94230e-02  -8.28873e-03   4.36841e+02
  22  beta_A0     -1.59548e-01   1.54935e-02  -7.40160e-03  -1.08329e+03
  23  alpha_phi   -1.41681e-01   1.31019e-02  -7.54459e-03  -5.76233e+02
  24  beta_phi    -8.02225e-02   2.19246e-02   9.58058e-03   5.05489e+02
 MIGRAD MINIMIZATION HAS CONVERGED.
 MIGRAD WILL VERIFY CONVERGENCE AND ERROR MATRIX.
 COVARIANCE MATRIX CALCULATED SUCCESSFULLY
 FCN=124.542 FROM MIGRAD    STATUS=CONVERGED     182 CALLS        2905 TOTAL
                     EDM=7.36229e-05    STRATEGY= 1      ERROR MATRIX ACCURATE 
  EXT PARAMETER                                   STEP         FIRST   
  NO.   NAME      VALUE            ERROR          SIZE      DERIVATIVE 
   1  N0           2.86872e+06     fixed    
   2  tau          6.43938e+01   constant   
   3  A0           3.66911e-01     fixed    
   4  phi          3.98849e+00     fixed    
   5  R           -6.25265e+01   constant   
   6  alpha_CBO   -2.87184e-02     fixed    
   7  w_CBO        2.32500e+00   constant   
   8  beta_CBO    -1.44952e-04   5.54571e-04   9.18868e-07  -4.31539e-01
   9  alpha_2CBO   1.92581e-05   5.11305e-04   9.03327e-07  -8.07843e-01
  10  beta_2CBO    8.51112e-03     fixed    
  11  alpha_y      0.00000e+00     fixed    
  12  w_y          1.44500e+01   constant   
  13  beta_y       2.11389e-04     fixed    
  14  alpha_vw     0.00000e+00     fixed    
  15  w_vw         1.29000e+01   constant   
  16  beta_vw      0.00000e+00     fixed    
  17  LM          -3.26799e-04   constant   
  18  zeta_y       0.00000e+00   constant   
  19  zeta_vw      0.00000e+00   constant   
  20  T_CBO        9.45183e+02   8.67423e+02   1.03797e-03  -6.08418e-03
  21  alpha_A0    -1.06889e-02   1.11140e-03   3.92462e-06   5.23101e-01
  22  beta_A0     -1.59700e-01   7.12545e-03   3.38000e-06   6.11406e-01
  23  alpha_phi   -1.41550e-01   6.13285e-03   2.97531e-06   6.29073e-01
  24  beta_phi    -7.99937e-02   3.85366e-03   4.14115e-06   5.71478e-01
 EXTERNAL ERROR MATRIX.    NDIM=  25    NPAR=  7    ERR DEF=1
  3.075e-07  2.205e-07  6.662e-03  3.808e-07  1.434e-06 -6.080e-07 -7.359e-07 
  2.205e-07  2.614e-07 -1.156e-02  3.162e-07  1.054e-06 -7.896e-07 -4.302e-07 
  6.662e-03 -1.156e-02  6.797e+05  2.405e-01  5.458e+00  4.899e+00  2.843e+00 
  3.808e-07  3.162e-07  2.405e-01  1.235e-06  3.749e-06  6.108e-07 -1.633e-08 
  1.434e-06  1.054e-06  5.458e+00  3.749e-06  5.077e-05  3.598e-05  1.935e-05 
 -6.080e-07 -7.896e-07  4.899e+00  6.108e-07  3.598e-05  3.761e-05  2.176e-05 
 -7.359e-07 -4.302e-07  2.843e+00 -1.633e-08  1.935e-05  2.176e-05  1.485e-05 
 PARAMETER  CORRELATION COEFFICIENTS  
       NO.  GLOBAL      8      9     20     21     22     23     24
        8  0.95304   1.000  0.778  0.015  0.618  0.363 -0.179 -0.344
        9  0.94642   0.778  1.000 -0.027  0.556  0.289 -0.252 -0.218
       20  0.99860   0.015 -0.027  1.000  0.262  0.929  0.969  0.895
       21  0.76379   0.618  0.556  0.262  1.000  0.473  0.090 -0.004
       22  0.99623   0.363  0.289  0.929  0.473  1.000  0.823  0.705
       23  0.99606  -0.179 -0.252  0.969  0.090  0.823  1.000  0.921
       24  0.98052  -0.344 -0.218  0.895 -0.004  0.705  0.921  1.000
MINUIT - FIT wiggle + 1-CBO + 2-CBO
 **********
 **   42 **RES 
 **********
                   PARAMETER   16  beta_vw RESTORED TO VARIABLE.
                   PARAMETER   14  alpha_vw RESTORED TO VARIABLE.
                   PARAMETER   13  beta_y RESTORED TO VARIABLE.
                   PARAMETER   11  alpha_y RESTORED TO VARIABLE.
                   PARAMETER   10  beta_2CBO RESTORED TO VARIABLE.
                   PARAMETER    6  alpha_CBO RESTORED TO VARIABLE.
                   PARAMETER    4  phi RESTORED TO VARIABLE.
                   PARAMETER    3  A0 RESTORED TO VARIABLE.
                   PARAMETER    1  N0 RESTORED TO VARIABLE.
 **********
 **   43 **FIX           10
 **********
 **********
 **   44 **FIX           11
 **********
 **********
 **   45 **FIX           12
 **********
 PARAMETER   12  IS CONSTANT.   IGNORED.
 **********
 **   46 **FIX           13
 **********
 **********
 **   47 **FIX           14
 **********
 **********
 **   48 **FIX           15
 **********
 PARAMETER   15  IS CONSTANT.   IGNORED.
 **********
 **   49 **FIX           16
 **********
 **********
 **   50 **MIGRAD
 **********
 START MIGRAD MINIMIZATION.  STRATEGY  1.  CONVERGENCE WHEN EDM .LT. 1.00e-04
 FCN=124.542 FROM MIGRAD    STATUS=INITIATE       22 CALLS        2927 TOTAL
                     EDM= unknown      STRATEGY= 1      NO ERROR MATRIX       
  EXT PARAMETER               CURRENT GUESS       STEP         FIRST   
  NO.   NAME      VALUE            ERROR          SIZE      DERIVATIVE 
   1  N0           2.86872e+06   8.57289e+03   8.57289e+03  -1.54514e-04
   2  tau          6.43938e+01   constant   
   3  A0           3.66911e-01   7.92375e-03   7.92375e-03   6.83472e+01
   4  phi          3.98849e+00   1.15406e-02   1.15406e-02  -6.47913e+00
   5  R           -6.25265e+01   constant   
   6  alpha_CBO   -2.87184e-02   4.26751e-03   4.26751e-03   9.38832e+00
   7  w_CBO        2.32500e+00   constant   
   8  beta_CBO    -1.44952e-04   5.54571e-04   9.18868e-07  -4.31528e-01
   9  alpha_2CBO   1.92581e-05   5.11305e-04   9.03327e-07  -8.07841e-01
  10  beta_2CBO    8.51112e-03     fixed    
  11  alpha_y      0.00000e+00     fixed    
  12  w_y          1.44500e+01   constant   
  13  beta_y       2.11389e-04     fixed    
  14  alpha_vw     0.00000e+00     fixed    
  15  w_vw         1.29000e+01   constant   
  16  beta_vw      0.00000e+00     fixed    
  17  LM          -3.26799e-04   constant   
  18  zeta_y       0.00000e+00   constant   
  19  zeta_vw      0.00000e+00   constant   
  20  T_CBO        9.45183e+02   8.67423e+02   1.03797e-03  -6.15393e-03
  21  alpha_A0    -1.06889e-02   1.11140e-03   3.92462e-06   5.23163e-01
  22  beta_A0     -1.59700e-01   7.12545e-03   3.38000e-06   6.11430e-01
  23  alpha_phi   -1.41550e-01   6.13285e-03   2.97531e-06   6.29077e-01
  24  beta_phi    -7.99937e-02   3.85366e-03   4.14115e-06   5.71484e-01
 CALL LIMIT EXCEEDED IN MIGRAD.
 MIGRAD TERMINATED WITHOUT CONVERGENCE.
 FCN=105.022 FROM MIGRAD    STATUS=CALL LIMIT   1918 CALLS        4823 TOTAL
                     EDM=0.246537    STRATEGY= 1  ERROR MATRIX UNCERTAINTY  14.3 per cent
  EXT PARAMETER                APPROXIMATE        STEP         FIRST   
  NO.   NAME      VALUE            ERROR          SIZE      DERIVATIVE 
   1  N0           3.01570e+06   1.12966e+04  -1.17780e+03   5.59837e-04
   2  tau          6.43938e+01   constant   
   3  A0           3.24288e-01   2.89101e-03   4.67493e-04  -1.27404e+02
   4  phi          4.16147e+00   1.24903e-02  -2.11124e-03  -7.46675e+02
   5  R           -6.25265e+01   constant   
   6  alpha_CBO    4.54866e-03   3.79561e-03  -6.39579e-04   1.72807e+03
   7  w_CBO        2.32500e+00   constant   
   8  beta_CBO    -3.68434e-02   2.15675e-03   3.64429e-05  -2.01142e+03
   9  alpha_2CBO   9.72016e-04   8.79153e-04  -1.10003e-04   8.65077e+02
  10  beta_2CBO    8.51112e-03     fixed    
  11  alpha_y      0.00000e+00     fixed    
  12  w_y          1.44500e+01   constant   
  13  beta_y       2.11389e-04     fixed    
  14  alpha_vw     0.00000e+00     fixed    
  15  w_vw         1.29000e+01   constant   
  16  beta_vw      0.00000e+00     fixed    
  17  LM          -3.26799e-04   constant   
  18  zeta_y       0.00000e+00   constant   
  19  zeta_vw      0.00000e+00   constant   
  20  T_CBO        3.88202e+02   2.93804e+01  -8.51448e-03   2.31968e+01
  21  alpha_A0     6.47430e-02   1.68798e-02  -2.37674e-03  -1.85995e+02
  22  beta_A0     -2.99574e-01   1.56096e-02  -5.99742e-04   3.44457e+02
  23  alpha_phi   -2.92366e-01   1.44575e-02   2.01598e-03   1.27035e+02
  24  beta_phi    -3.68129e-02   8.11931e-03   7.28892e-04   1.37705e+02
 EXTERNAL ERROR MATRIX.    NDIM=  25    NPAR= 11    ERR DEF=1
  1.276e+08 
 -1.278e+01  8.358e-06 
  7.110e+01 -3.563e-05  1.560e-04 
  1.728e+01 -9.976e-06  4.425e-05  1.441e-05 
 -2.029e+01  1.041e-06 -6.244e-06  1.105e-07  4.652e-06 
  2.698e+00 -1.934e-06  8.813e-06  2.861e-06  2.806e-07  7.729e-07 
 -2.965e+04 -5.126e-03  4.256e-02  4.948e-02  3.728e-02  1.147e-02  8.643e+02 
  1.442e+02 -2.378e-05  1.276e-04  4.673e-05 -1.015e-05  9.231e-06  2.731e-01  2.849e-04 
 -1.227e+02 -1.074e-05  3.195e-05  2.053e-05  3.064e-05  6.184e-06  2.451e-01 -3.819e-05  2.437e-04 
 -1.523e+02  2.072e-05 -1.115e-04 -3.431e-05  1.813e-05 -6.555e-06 -1.052e-01 -2.289e-04  9.552e-05  2.090e-04 
 -2.521e+01 -1.732e-06 -3.490e-06 -1.017e-05 -3.874e-06 -2.269e-06 -2.034e-01 -1.010e-04 -1.333e-05  6.222e-05  6.592e-05 
ERR MATRIX APPROXIMATE
 PARAMETER  CORRELATION COEFFICIENTS  
       NO.  GLOBAL      1      3      4      6      8      9     20     21     22     23     24
        1  0.99993   1.000 -0.391  0.504  0.403 -0.833  0.272 -0.089  0.756 -0.696 -0.932 -0.275
        3  0.99953  -0.391  1.000 -0.987 -0.909  0.167 -0.761 -0.060 -0.487 -0.238  0.496 -0.074
        4  0.99989   0.504 -0.987  1.000  0.933 -0.232  0.803  0.116  0.605  0.164 -0.618 -0.034
        6  0.99946   0.403 -0.909  0.933  1.000  0.014  0.857  0.443  0.729  0.347 -0.625 -0.330
        8  0.99891  -0.833  0.167 -0.232  0.014  1.000  0.148  0.588 -0.279  0.910  0.581 -0.221
        9  0.98754   0.272 -0.761  0.803  0.857  0.148  1.000  0.444  0.622  0.451 -0.516 -0.318
       20  0.99008  -0.089 -0.060  0.116  0.443  0.588  0.444  1.000  0.550  0.534 -0.248 -0.852
       21  0.99948   0.756 -0.487  0.605  0.729 -0.279  0.622  0.550  1.000 -0.145 -0.938 -0.737
       22  0.99983  -0.696 -0.238  0.164  0.347  0.910  0.451  0.534 -0.145  1.000  0.423 -0.105
       23  0.99983  -0.932  0.496 -0.618 -0.625  0.581 -0.516 -0.248 -0.938  0.423  1.000  0.530
       24  0.99849  -0.275 -0.074 -0.034 -0.330 -0.221 -0.318 -0.852 -0.737 -0.105  0.530  1.000
 ERR MATRIX APPROXIMATE
MINUIT - FIT ONLY 1-y
 **********
 **   51 **RES 
 **********
                   PARAMETER   16  beta_vw RESTORED TO VARIABLE.
                   PARAMETER   14  alpha_vw RESTORED TO VARIABLE.
                   PARAMETER   13  beta_y RESTORED TO VARIABLE.
                   PARAMETER   11  alpha_y RESTORED TO VARIABLE.
                   PARAMETER   10  beta_2CBO RESTORED TO VARIABLE.
 **********
 **   52 **FIX            0
 **********
 PARAMETER    0  IS UNDEFINED. IGNORED.
 **********
 **   53 **FIX            1
 **********
 **********
 **   54 **FIX            2
 **********
 PARAMETER    2  IS CONSTANT.   IGNORED.
 **********
 **   55 **FIX            3
 **********
 **********
 **   56 **FIX            4
 **********
 **********
 **   57 **FIX            5
 **********
 PARAMETER    5  IS CONSTANT.   IGNORED.
 **********
 **   58 **FIX            6
 **********
 **********
 **   59 **FIX            7
 **********
 PARAMETER    7  IS CONSTANT.   IGNORED.
 **********
 **   60 **FIX            8
 **********
 **********
 **   61 **FIX            9
 **********
 **********
 **   62 **FIX           13
 **********
 **********
 **   63 **FIX           14
 **********
 **********
 **   64 **FIX           15
 **********
 PARAMETER   15  IS CONSTANT.   IGNORED.
 **********
 **   65 **FIX           16
 **********
 **********
 **   66 **MIGRAD
 **********
 START MIGRAD MINIMIZATION.  STRATEGY  1.  CONVERGENCE WHEN EDM .LT. 1.00e-04
 FCN=105.022 FROM MIGRAD    STATUS=INITIATE       16 CALLS        4839 TOTAL
                     EDM= unknown      STRATEGY= 1      NO ERROR MATRIX       
  EXT PARAMETER               CURRENT GUESS       STEP         FIRST   
  NO.   NAME      VALUE            ERROR          SIZE      DERIVATIVE 
   1  N0           3.01570e+06     fixed    
   2  tau          6.43938e+01   constant   
   3  A0           3.24288e-01     fixed    
   4  phi          4.16147e+00     fixed    
   5  R           -6.25265e+01   constant   
   6  alpha_CBO    4.54866e-03     fixed    
   7  w_CBO        2.32500e+00   constant   
   8  beta_CBO    -3.68434e-02     fixed    
   9  alpha_2CBO   9.72016e-04     fixed    
  10  beta_2CBO    8.51112e-03   1.11951e-03   1.11951e-03  -8.48998e+02
  11  alpha_y      0.00000e+00   1.00000e-03   1.00000e-03   9.48655e+04
  12  w_y          1.44500e+01   constant   
  13  beta_y       2.11389e-04     fixed    
  14  alpha_vw     0.00000e+00     fixed    
  15  w_vw         1.29000e+01   constant   
  16  beta_vw      0.00000e+00     fixed    
  17  LM          -3.26799e-04   constant   
  18  zeta_y       0.00000e+00   constant   
  19  zeta_vw      0.00000e+00   constant   
  20  T_CBO        3.88202e+02   2.93804e+01  -8.51448e-03  -2.31968e+01
  21  alpha_A0     6.47430e-02   1.68798e-02  -2.37674e-03  -1.85995e+02
  22  beta_A0     -2.99574e-01   1.56096e-02  -5.99742e-04   3.44457e+02
  23  alpha_phi   -2.92366e-01   1.44575e-02   2.01598e-03   1.27035e+02
  24  beta_phi    -3.68129e-02   8.11931e-03   7.28892e-04   1.37705e+02
 MIGRAD MINIMIZATION HAS CONVERGED.
 FCN=38.4095 FROM MIGRAD    STATUS=CONVERGED     126 CALLS        4949 TOTAL
                     EDM=1.662e-07    STRATEGY= 1  ERROR MATRIX UNCERTAINTY   3.1 per cent
  EXT PARAMETER                                   STEP         FIRST   
  NO.   NAME      VALUE            ERROR          SIZE      DERIVATIVE 
   1  N0           3.01570e+06     fixed    
   2  tau          6.43938e+01   constant   
   3  A0           3.24288e-01     fixed    
   4  phi          4.16147e+00     fixed    
   5  R           -6.25265e+01   constant   
   6  alpha_CBO    4.54866e-03     fixed    
   7  w_CBO        2.32500e+00   constant   
   8  beta_CBO    -3.68434e-02     fixed    
   9  alpha_2CBO   9.72016e-04     fixed    
  10  beta_2CBO    8.88709e-03   3.12058e-04  -1.39759e-06  -8.42882e-02
  11  alpha_y     -1.40275e-03   1.71902e-04   2.06296e-07  -5.32412e-02
  12  w_y          1.44500e+01   constant   
  13  beta_y       2.11389e-04     fixed    
  14  alpha_vw     0.00000e+00     fixed    
  15  w_vw         1.29000e+01   constant   
  16  beta_vw      0.00000e+00     fixed    
  17  LM          -3.26799e-04   constant   
  18  zeta_y       0.00000e+00   constant   
  19  zeta_vw      0.00000e+00   constant   
  20  T_CBO        3.85696e+02   5.01717e+00   4.41149e-05   5.28940e-02
  21  alpha_A0     6.44999e-02   1.09544e-03   3.48267e-06  -7.41196e-02
  22  beta_A0     -2.98661e-01   1.30851e-03  -5.87245e-06   4.03166e-01
  23  alpha_phi   -2.92346e-01   6.69269e-04  -3.35411e-07   6.24521e-01
  24  beta_phi    -3.91568e-02   1.71407e-03   5.49985e-06   6.77552e-02
 EXTERNAL ERROR MATRIX.    NDIM=  25    NPAR=  7    ERR DEF=1
  9.738e-08 -7.822e-09 -4.449e-04 -1.347e-07  2.650e-07 -6.243e-08 -4.077e-07 
 -7.822e-09  2.955e-08  5.665e-05  7.130e-09 -2.125e-08 -1.136e-09  4.987e-08 
 -4.449e-04  5.665e-05  2.517e+01  1.337e-03 -1.020e-03  6.824e-04  3.553e-03 
 -1.347e-07  7.130e-09  1.337e-03  1.200e-06 -1.485e-07 -1.432e-07  3.888e-07 
  2.650e-07 -2.125e-08 -1.020e-03 -1.485e-07  1.712e-06 -3.255e-07 -1.751e-06 
 -6.243e-08 -1.136e-09  6.824e-04 -1.432e-07 -3.255e-07  4.479e-07  3.189e-07 
 -4.077e-07  4.987e-08  3.553e-03  3.888e-07 -1.751e-06  3.189e-07  2.938e-06 
 PARAMETER  CORRELATION COEFFICIENTS  
       NO.  GLOBAL     10     11     20     21     22     23     24
       10  0.82375   1.000 -0.146 -0.284 -0.394  0.649 -0.299 -0.762
       11  0.19284  -0.146  1.000  0.066  0.038 -0.094 -0.010  0.169
       20  0.56504  -0.284  0.066  1.000  0.243 -0.155  0.203  0.413
       21  0.57418  -0.394  0.038  0.243  1.000 -0.104 -0.195  0.207
       22  0.82394   0.649 -0.094 -0.155 -0.104  1.000 -0.372 -0.781
       23  0.54450  -0.299 -0.010  0.203 -0.195 -0.372  1.000  0.278
       24  0.88594  -0.762  0.169  0.413  0.207 -0.781  0.278  1.000
MINUIT - FIT ONLY 2-y
 **********
 **   67 **RES 
 **********
                   PARAMETER   16  beta_vw RESTORED TO VARIABLE.
                   PARAMETER   14  alpha_vw RESTORED TO VARIABLE.
                   PARAMETER   13  beta_y RESTORED TO VARIABLE.
                   PARAMETER    9  alpha_2CBO RESTORED TO VARIABLE.
                   PARAMETER    8  beta_CBO RESTORED TO VARIABLE.
                   PARAMETER    6  alpha_CBO RESTORED TO VARIABLE.
                   PARAMETER    4  phi RESTORED TO VARIABLE.
                   PARAMETER    3  A0 RESTORED TO VARIABLE.
                   PARAMETER    1  N0 RESTORED TO VARIABLE.
 **********
 **   68 **FIX            0
 **********
 PARAMETER    0  IS UNDEFINED. IGNORED.
 **********
 **   69 **FIX            1
 **********
 **********
 **   70 **FIX            2
 **********
 PARAMETER    2  IS CONSTANT.   IGNORED.
 **********
 **   71 **FIX            3
 **********
 **********
 **   72 **FIX            4
 **********
 **********
 **   73 **FIX            5
 **********
 PARAMETER    5  IS CONSTANT.   IGNORED.
 **********
 **   74 **FIX            6
 **********
 **********
 **   75 **FIX            7
 **********
 PARAMETER    7  IS CONSTANT.   IGNORED.
 **********
 **   76 **FIX            8
 **********
 **********
 **   77 **FIX            9
 **********
 **********
 **   78 **FIX           10
 **********
 **********
 **   79 **FIX           11
 **********
 **********
 **   80 **FIX           12
 **********
 PARAMETER   12  IS CONSTANT.   IGNORED.
 **********
 **   81 **FIX           16
 **********
 **********
 **   82 **MIGRAD
 **********
 START MIGRAD MINIMIZATION.  STRATEGY  1.  CONVERGENCE WHEN EDM .LT. 1.00e-04
 FCN=38.4095 FROM MIGRAD    STATUS=INITIATE       16 CALLS        4965 TOTAL
                     EDM= unknown      STRATEGY= 1      NO ERROR MATRIX       
  EXT PARAMETER               CURRENT GUESS       STEP         FIRST   
  NO.   NAME      VALUE            ERROR          SIZE      DERIVATIVE 
   1  N0           3.01570e+06     fixed    
   2  tau          6.43938e+01   constant   
   3  A0           3.24288e-01     fixed    
   4  phi          4.16147e+00     fixed    
   5  R           -6.25265e+01   constant   
   6  alpha_CBO    4.54866e-03     fixed    
   7  w_CBO        2.32500e+00   constant   
   8  beta_CBO    -3.68434e-02     fixed    
   9  alpha_2CBO   9.72016e-04     fixed    
  10  beta_2CBO    8.88709e-03     fixed    
  11  alpha_y     -1.40275e-03     fixed    
  12  w_y          1.44500e+01   constant   
  13  beta_y       2.11389e-04   1.74629e-04   1.74629e-04  -1.12204e+04
  14  alpha_vw     0.00000e+00   1.00000e-03   1.00000e-03  -1.83618e+04
  15  w_vw         1.29000e+01   constant   
  16  beta_vw      0.00000e+00     fixed    
  17  LM          -3.26799e-04   constant   
  18  zeta_y       0.00000e+00   constant   
  19  zeta_vw      0.00000e+00   constant   
  20  T_CBO        3.85696e+02   5.01717e+00   4.41149e-05   5.28938e-02
  21  alpha_A0     6.44999e-02   1.09544e-03   3.48267e-06  -7.41219e-02
  22  beta_A0     -2.98661e-01   1.30851e-03  -5.87245e-06   4.03162e-01
  23  alpha_phi   -2.92346e-01   6.69269e-04  -3.35411e-07   6.24519e-01
  24  beta_phi    -3.91568e-02   1.71407e-03   5.49985e-06   6.77536e-02
 MIGRAD MINIMIZATION HAS CONVERGED.
 MIGRAD WILL VERIFY CONVERGENCE AND ERROR MATRIX.
 COVARIANCE MATRIX CALCULATED SUCCESSFULLY
 FCN=35.9378 FROM HESSE     STATUS=OK             50 CALLS        5079 TOTAL
                     EDM=0.00165062    STRATEGY= 1      ERROR MATRIX ACCURATE 
  EXT PARAMETER                                   STEP         FIRST   
  NO.   NAME      VALUE            ERROR          SIZE      DERIVATIVE 
   1  N0           3.01570e+06     fixed    
   2  tau          6.43938e+01   constant   
   3  A0           3.24288e-01     fixed    
   4  phi          4.16147e+00     fixed    
   5  R           -6.25265e+01   constant   
   6  alpha_CBO    4.54866e-03     fixed    
   7  w_CBO        2.32500e+00   constant   
   8  beta_CBO    -3.68434e-02     fixed    
   9  alpha_2CBO   9.72016e-04     fixed    
  10  beta_2CBO    8.88709e-03     fixed    
  11  alpha_y     -1.40275e-03     fixed    
  12  w_y          1.44500e+01   constant   
  13  beta_y       2.66006e-04   1.97301e-04   5.14025e-07  -2.62866e+00
  14  alpha_vw     2.35852e-04   1.91256e-04   4.98892e-07   1.75325e+00
  15  w_vw         1.29000e+01   constant   
  16  beta_vw      0.00000e+00     fixed    
  17  LM          -3.26799e-04   constant   
  18  zeta_y       0.00000e+00   constant   
  19  zeta_vw      0.00000e+00   constant   
  20  T_CBO        3.85853e+02   6.91695e+02   3.15892e-05  -3.57042e-02
  21  alpha_A0     6.45482e-02   1.30081e-02   2.67267e-06  -1.45411e-02
  22  beta_A0     -2.98717e-01   5.42955e-02   2.36685e-06   3.19451e+00
  23  alpha_phi   -2.92334e-01   5.35880e-02   1.87086e-06  -3.71542e-01
  24  beta_phi    -3.91386e-02   8.26421e-03   2.36178e-06  -3.46546e+00
 CALL LIMIT EXCEEDED IN MIGRAD.
 MIGRAD TERMINATED WITHOUT CONVERGENCE.
 FCN=35.9088 FROM MIGRAD    STATUS=CALL LIMIT   1154 CALLS        6103 TOTAL
                     EDM=0.00055353    STRATEGY= 1  ERROR MATRIX UNCERTAINTY  46.0 per cent
  EXT PARAMETER                APPROXIMATE        STEP         FIRST   
  NO.   NAME      VALUE            ERROR          SIZE      DERIVATIVE 
   1  N0           3.01570e+06     fixed    
   2  tau          6.43938e+01   constant   
   3  A0           3.24288e-01     fixed    
   4  phi          4.16147e+00     fixed    
   5  R           -6.25265e+01   constant   
   6  alpha_CBO    4.54866e-03     fixed    
   7  w_CBO        2.32500e+00   constant   
   8  beta_CBO    -3.68434e-02     fixed    
   9  alpha_2CBO   9.72016e-04     fixed    
  10  beta_2CBO    8.88709e-03     fixed    
  11  alpha_y     -1.40275e-03     fixed    
  12  w_y          1.44500e+01   constant   
  13  beta_y       2.65737e-04   1.97063e-04  -6.76806e-08   1.12683e+01
  14  alpha_vw     2.35197e-04   1.91173e-04   4.89323e-08  -3.92695e+00
  15  w_vw         1.29000e+01   constant   
  16  beta_vw      0.00000e+00     fixed    
  17  LM          -3.26799e-04   constant   
  18  zeta_y       0.00000e+00   constant   
  19  zeta_vw      0.00000e+00   constant   
