 + ++++++++++++++++++++++++++++++++++++++++++++++++++++++++++++++++++++ +
 +                                                                      +
 +           You have chose to blind your fitting according to          +
 +                omega_ref * (1 + (R +/- deltaR) *10^{-6})             +
 +                                                                      +
 + ++++++++++++++++++++++++++++++++++++++++++++++++++++++++++++++++++++ +
In main()...
reading format from /gm2data/zkhechad/run45/envelope/formats/formatB_sBin_constraintOn.txt
pBinTau 	= 0  
pBinPhi 	= 0  
constraintau 	= 1 
includeMopTerm 	= 0    
constrainMop    = 0   
Parameters after format file: pBinTau 0 pBinPhi 0 constraintau 1 includeMopTerm 0 constrainMop 0 c_e_scale 0.000000 
Opening file /gm2data/tbarrett/gm2fr/studies/run23_bunch_corrections/CorrectedFourier_Run3b.root.
reading full fit data from /gm2data/zkhechad/cboTemplates/Run4CBOTemplates/fullFits/noRF/sBin_constraintOn_cE0.0_seed0_noRF_calo23.root
windowBins = 69
fitting sliding window 1190 from bin 1326 at 197.690000 to bin 1395 at 208.134000 (69 bins)

Reading data from /gm2data/cornell/histograms/aMethod/histogram_a_noRF.root
 **********
 **    1 **SET PRINTOUT            1
 **********
 **********
 **    2 **SET NOWARNINGS 
 **********
 PARAMETER DEFINITIONS:
    NO.   NAME         VALUE      STEP SIZE      LIMITS
     1 N0           3.09539e+06  1.00000e+02     no limits
     2 tau          6.44044e+01  constant
     3 A0           3.43396e-01  1.00000e-04     no limits
     4 phi          4.11986e+00  1.00000e-02     no limits
     5 R           -6.14483e+01  constant
     6 alpha_CBO    0.00000e+00  1.00000e-03     no limits
     7 w_CBO        2.32500e+00  constant
     8 beta_CBO     0.00000e+00  1.00000e-03     no limits
     9 alpha_2CBO   0.00000e+00  1.00000e-03     no limits
    10 beta_2CBO    0.00000e+00  1.00000e-03     no limits
    11 alpha_y      0.00000e+00  1.00000e-03     no limits
    12 w_y          1.38860e+01  constant
    13 beta_y       0.00000e+00  1.00000e-03     no limits
    14 alpha_vw     0.00000e+00  1.00000e-03     no limits
    15 w_vw         1.43404e+01  constant
    16 beta_vw      0.00000e+00  1.00000e-03     no limits
    17 LM          -5.33935e-06  constant
    18 zeta_y       0.00000e+00  constant
    19 zeta_vw      0.00000e+00  constant
    20 T_CBO        1.00000e+02  1.00000e+00    0.00000e+00  1.00000e+03
    21 alpha_A0     0.00000e+00  1.00000e-03     no limits
    22 beta_A0      0.00000e+00  1.00000e-03     no limits
    23 alpha_phi    0.00000e+00  1.00000e-03     no limits
    24 beta_phi     0.00000e+00  1.00000e-03     no limits
MINUIT - FIT ONLY WIGGLE
 **********
 **    3 **FIX            5
 **********
 PARAMETER    5  IS CONSTANT.   IGNORED.
 **********
 **    4 **FIX            6
 **********
 **********
 **    5 **FIX            7
 **********
 PARAMETER    7  IS CONSTANT.   IGNORED.
 **********
 **    6 **FIX            8
 **********
 **********
 **    7 **FIX            9
 **********
 **********
 **    8 **FIX           10
 **********
 **********
 **    9 **FIX           11
 **********
 **********
 **   10 **FIX           12
 **********
 PARAMETER   12  IS CONSTANT.   IGNORED.
 **********
 **   11 **FIX           13
 **********
 **********
 **   12 **FIX           14
 **********
 **********
 **   13 **FIX           15
 **********
 PARAMETER   15  IS CONSTANT.   IGNORED.
 **********
 **   14 **FIX           16
 **********
 **********
 **   15 **MIGRAD
 **********
 FIRST CALL TO USER FUNCTION AT NEW START POINT, WITH IFLAG=4.
 START MIGRAD MINIMIZATION.  STRATEGY  1.  CONVERGENCE WHEN EDM .LT. 1.00e-04
 FCN=273.324 FROM MIGRAD    STATUS=INITIATE      437 CALLS         438 TOTAL
                     EDM= unknown      STRATEGY= 1      NO ERROR MATRIX       
  EXT PARAMETER               CURRENT GUESS       STEP         FIRST   
  NO.   NAME      VALUE            ERROR          SIZE      DERIVATIVE 
   1  N0           3.09539e+06   1.00000e+02   0.00000e+00  -4.21262e-03
   2  tau          6.44044e+01   constant   
   3  A0           3.43396e-01   1.00000e-04   0.00000e+00   2.57346e+03
   4  phi          4.11986e+00   1.00000e-02   0.00000e+00   8.00243e+03
   5  R           -6.14483e+01   constant   
   6  alpha_CBO    0.00000e+00     fixed    
   7  w_CBO        2.32500e+00   constant   
   8  beta_CBO     0.00000e+00     fixed    
   9  alpha_2CBO   0.00000e+00     fixed    
  10  beta_2CBO    0.00000e+00     fixed    
  11  alpha_y      0.00000e+00     fixed    
  12  w_y          1.38860e+01   constant   
  13  beta_y       0.00000e+00     fixed    
  14  alpha_vw     0.00000e+00     fixed    
  15  w_vw         1.43404e+01   constant   
  16  beta_vw      0.00000e+00     fixed    
  17  LM          -5.33935e-06   constant   
  18  zeta_y       0.00000e+00   constant   
  19  zeta_vw      0.00000e+00   constant   
  20  T_CBO        1.00000e+02   1.00000e+00   0.00000e+00   0.00000e+00
  21  alpha_A0     0.00000e+00   1.00000e-03   0.00000e+00  -1.95884e+02
  22  beta_A0      0.00000e+00   1.00000e-03   0.00000e+00   2.96795e+02
  23  alpha_phi    0.00000e+00   1.00000e-03   0.00000e+00   1.23787e+03
  24  beta_phi     0.00000e+00   1.00000e-03   0.00000e+00   1.26393e+02
 CALL LIMIT EXCEEDED IN MIGRAD.
 MIGRAD TERMINATED WITHOUT CONVERGENCE.
 FCN=228.149 FROM MIGRAD    STATUS=CALL LIMIT   1321 CALLS        1322 TOTAL
                     EDM=0.00872335    STRATEGY= 1  ERROR MATRIX UNCERTAINTY   0.0 per cent
  EXT PARAMETER                APPROXIMATE        STEP         FIRST   
  NO.   NAME      VALUE            ERROR          SIZE      DERIVATIVE 
   1  N0           3.09596e+06   6.44999e+02  -3.27059e-01   2.40198e-06
   2  tau          6.44044e+01   constant   
   3  A0           3.42943e-01   2.87158e-04   2.48593e-06  -1.36688e+02
   4  phi          4.11737e+00   8.18233e-04   3.97819e-06  -3.63208e+00
   5  R           -6.14483e+01   constant   
   6  alpha_CBO    0.00000e+00     fixed    
   7  w_CBO        2.32500e+00   constant   
   8  beta_CBO     0.00000e+00     fixed    
   9  alpha_2CBO   0.00000e+00     fixed    
  10  beta_2CBO    0.00000e+00     fixed    
  11  alpha_y      0.00000e+00     fixed    
  12  w_y          1.38860e+01   constant   
  13  beta_y       0.00000e+00     fixed    
  14  alpha_vw     0.00000e+00     fixed    
  15  w_vw         1.43404e+01   constant   
  16  beta_vw      0.00000e+00     fixed    
  17  LM          -5.33935e-06   constant   
  18  zeta_y       0.00000e+00   constant   
  19  zeta_vw      0.00000e+00   constant   
  20  T_CBO        3.55839e+01   7.15384e+00  -2.59230e-03  -3.32162e+01
  21  alpha_A0    -3.86006e-02   8.33318e-02  -5.30043e-03  -3.95113e-01
  22  beta_A0     -3.38854e-01   3.48737e-01  -2.26533e-02  -1.82703e-01
  23  alpha_phi   -1.94870e+00   2.00432e+00  -1.30204e-01   7.59386e-01
  24  beta_phi    -9.36290e-02   1.66495e-01  -1.06950e-02  -6.37341e-01
 EXTERNAL ERROR MATRIX.    NDIM=  25    NPAR=  8    ERR DEF=1
  4.160e+05 -3.434e-03  9.130e-02  8.079e+01 -4.629e-01  3.475e+00  2.028e+01  3.323e+00 
 -3.434e-03  8.246e-08  3.896e-09 -1.003e-04 -7.703e-07 -3.055e-06 -1.797e-05 -2.142e-06 
  9.130e-02  3.896e-09  6.695e-07 -2.440e-04 -3.510e-06 -1.246e-05 -6.987e-05 -5.110e-06 
  8.079e+01 -1.003e-04 -2.440e-04  5.120e+01  5.860e-01  2.483e+00  1.428e+01  1.180e+00 
 -4.629e-01 -7.703e-07 -3.510e-06  5.860e-01  6.944e-03  2.877e-02  1.654e-01  1.376e-02 
  3.475e+00 -3.055e-06 -1.246e-05  2.483e+00  2.877e-02  1.216e-01  6.988e-01  5.784e-02 
  2.028e+01 -1.797e-05 -6.987e-05  1.428e+01  1.654e-01  6.988e-01  4.017e+00  3.326e-01 
  3.323e+00 -2.142e-06 -5.110e-06  1.180e+00  1.376e-02  5.784e-02  3.326e-01  2.772e-02 
ERR MATRIX APPROXIMATE
 PARAMETER  CORRELATION COEFFICIENTS  
       NO.  GLOBAL      1      3      4     20     21     22     23     24
        1  0.36245   1.000 -0.019  0.173  0.018 -0.009  0.015  0.016  0.031
        3  0.29452  -0.019  1.000  0.017 -0.049 -0.032 -0.031 -0.031 -0.045
        4  0.19536   0.173  0.017  1.000 -0.042 -0.051 -0.044 -0.043 -0.038
       20  0.99603   0.018 -0.049 -0.042  1.000  0.983  0.995  0.995  0.990
       21  0.99276  -0.009 -0.032 -0.051  0.983  1.000  0.990  0.990  0.992
       22  0.99971   0.015 -0.031 -0.044  0.995  0.990  1.000  1.000  0.996
       23  0.99977   0.016 -0.031 -0.043  0.995  0.990  1.000  1.000  0.997
       24  0.99763   0.031 -0.045 -0.038  0.990  0.992  0.996  0.997  1.000
 ERR MATRIX APPROXIMATE
MINUIT - FIT ONLY 1-CBO + wiggle
 **********
 **   16 **RES 
 **********
                   PARAMETER   16  beta_vw RESTORED TO VARIABLE.
                   PARAMETER   14  alpha_vw RESTORED TO VARIABLE.
                   PARAMETER   13  beta_y RESTORED TO VARIABLE.
                   PARAMETER   11  alpha_y RESTORED TO VARIABLE.
                   PARAMETER   10  beta_2CBO RESTORED TO VARIABLE.
                   PARAMETER    9  alpha_2CBO RESTORED TO VARIABLE.
                   PARAMETER    8  beta_CBO RESTORED TO VARIABLE.
                   PARAMETER    6  alpha_CBO RESTORED TO VARIABLE.
 **********
 **   17 **FIX            8
 **********
 **********
 **   18 **FIX            9
 **********
 **********
 **   19 **FIX           11
 **********
 **********
 **   20 **FIX           12
 **********
 PARAMETER   12  IS CONSTANT.   IGNORED.
 **********
 **   21 **FIX           14
 **********
 **********
 **   22 **FIX           15
 **********
 PARAMETER   15  IS CONSTANT.   IGNORED.
 **********
 **   23 **FIX           16
 **********
 **********
 **   24 **MIGRAD
 **********
 START MIGRAD MINIMIZATION.  STRATEGY  1.  CONVERGENCE WHEN EDM .LT. 1.00e-04
 FCN=228.149 FROM MIGRAD    STATUS=INITIATE       28 CALLS        1350 TOTAL
                     EDM= unknown      STRATEGY= 1      NO ERROR MATRIX       
  EXT PARAMETER               CURRENT GUESS       STEP         FIRST   
  NO.   NAME      VALUE            ERROR          SIZE      DERIVATIVE 
   1  N0           3.09596e+06   6.44999e+02  -3.27059e-01   2.40198e-06
   2  tau          6.44044e+01   constant   
   3  A0           3.42943e-01   2.87158e-04   2.48593e-06  -1.36688e+02
   4  phi          4.11737e+00   8.18233e-04   3.97819e-06  -3.63208e+00
   5  R           -6.14483e+01   constant   
   6  alpha_CBO    0.00000e+00   1.00000e-03   1.00000e-03   9.21574e+04
   7  w_CBO        2.32500e+00   constant   
   8  beta_CBO     0.00000e+00     fixed    
   9  alpha_2CBO   0.00000e+00     fixed    
  10  beta_2CBO    0.00000e+00   1.00000e-03   1.00000e-03  -1.56095e+04
  11  alpha_y      0.00000e+00     fixed    
  12  w_y          1.38860e+01   constant   
  13  beta_y       0.00000e+00   1.00000e-03   1.00000e-03   2.93912e+03
  14  alpha_vw     0.00000e+00     fixed    
  15  w_vw         1.43404e+01   constant   
  16  beta_vw      0.00000e+00     fixed    
  17  LM          -5.33935e-06   constant   
  18  zeta_y       0.00000e+00   constant   
  19  zeta_vw      0.00000e+00   constant   
  20  T_CBO        3.55839e+01   7.15384e+00  -2.59230e-03  -3.32163e+01
  21  alpha_A0    -3.86006e-02   8.33318e-02  -5.30043e-03  -3.95113e-01
  22  beta_A0     -3.38854e-01   3.48737e-01  -2.26533e-02  -1.82703e-01
  23  alpha_phi   -1.94870e+00   2.00432e+00  -1.30204e-01   7.59386e-01
  24  beta_phi    -9.36290e-02   1.66495e-01  -1.06950e-02  -6.37341e-01
 CALL LIMIT EXCEEDED IN MIGRAD.
 MIGRAD TERMINATED WITHOUT CONVERGENCE.
 FCN=45.3822 FROM MIGRAD    STATUS=CALL LIMIT   1923 CALLS        3245 TOTAL
                     EDM=0.00353958    STRATEGY= 1  ERROR MATRIX UNCERTAINTY   5.5 per cent
  EXT PARAMETER                APPROXIMATE        STEP         FIRST   
  NO.   NAME      VALUE            ERROR          SIZE      DERIVATIVE 
   1  N0           3.09597e+06   6.41575e+02   6.97656e+00   1.15607e-05
   2  tau          6.44044e+01   constant   
   3  A0           3.43060e-01   2.79370e-04  -3.12429e-08  -6.90184e+01
   4  phi          4.11972e+00   8.32800e-04   1.39580e-05   6.67017e+00
   5  R           -6.14483e+01   constant   
   6  alpha_CBO   -3.89686e-03   2.92088e-04  -7.76012e-07   9.42714e-01
   7  w_CBO        2.32500e+00   constant   
   8  beta_CBO     0.00000e+00     fixed    
   9  alpha_2CBO   0.00000e+00     fixed    
  10  beta_2CBO    3.89912e-04   2.93561e-04   6.16573e-06  -9.11839e+00
  11  alpha_y      0.00000e+00     fixed    
  12  w_y          1.38860e+01   constant   
  13  beta_y      -5.13240e-05   2.82160e-04  -1.01073e-06  -7.03126e+00
  14  alpha_vw     0.00000e+00     fixed    
  15  w_vw         1.43404e+01   constant   
  16  beta_vw      0.00000e+00     fixed    
  17  LM          -5.33935e-06   constant   
  18  zeta_y       0.00000e+00   constant   
  19  zeta_vw      0.00000e+00   constant   
  20  T_CBO        2.00112e+01   3.81581e+00  -1.30123e-03  -3.01303e+01
  21  alpha_A0    -5.25102e+01   9.72367e+01  -4.61263e+00  -8.02231e-03
  22  beta_A0     -3.71073e+01   7.66398e+01  -3.60636e+00   1.21792e-03
  23  alpha_phi   -1.44988e+02   2.53894e+02  -1.20518e+01   6.13801e-03
  24  beta_phi    -1.04220e+01   1.60633e+01  -7.58777e-01  -3.05502e-03
 EXTERNAL ERROR MATRIX.    NDIM=  25    NPAR= 11    ERR DEF=1
  4.116e+05 
 -5.793e-03  7.805e-08 
  9.024e-02 -9.302e-10  6.936e-07 
  3.467e-03 -1.007e-09 -4.763e-08  8.532e-08 
  8.664e-03  6.032e-09  6.168e-09  5.358e-09  8.618e-08 
 -2.721e-03 -3.302e-10 -4.654e-10 -1.219e-09 -9.939e-10  7.961e-08 
 -1.511e+02  4.272e-06 -4.548e-04  4.799e-06 -1.023e-04  1.494e-05  1.456e+01 
 -5.024e+03  7.415e-04 -1.312e-02  2.705e-04 -2.859e-03  4.874e-04  3.691e+02  9.455e+03 
 -4.144e+03  5.816e-04 -1.079e-02  2.775e-04 -2.440e-03  3.988e-04  2.876e+02  7.423e+03  5.874e+03 
 -1.252e+04  1.944e-03 -3.315e-02  5.283e-04 -7.085e-03  1.247e-03  9.666e+02  2.465e+04  1.926e+04  6.446e+04 
 -6.787e+02  1.127e-04 -1.945e-03  1.812e-05 -4.069e-04  7.504e-05  6.108e+01  1.546e+03  1.198e+03  4.062e+03  2.580e+02 
ERR MATRIX APPROXIMATE
 PARAMETER  CORRELATION COEFFICIENTS  
       NO.  GLOBAL      1      3      4      6     10     13     20     21     22     23     24
        1  0.37573   1.000 -0.032  0.169  0.019  0.046 -0.015 -0.062 -0.081 -0.084 -0.077 -0.066
        3  0.39632  -0.032  1.000 -0.004 -0.012  0.074 -0.004  0.004  0.027  0.027  0.027  0.025
        4  0.34256   0.169 -0.004  1.000 -0.196  0.025 -0.002 -0.143 -0.162 -0.169 -0.157 -0.145
        6  0.22454   0.019 -0.012 -0.196  1.000  0.062 -0.015  0.004  0.010  0.012  0.007  0.004
       10  0.19399   0.046  0.074  0.025  0.062  1.000 -0.012 -0.091 -0.100 -0.108 -0.095 -0.086
       13  0.06553  -0.015 -0.004 -0.002 -0.015 -0.012  1.000  0.014  0.018  0.018  0.017  0.017
       20  0.99857  -0.062  0.004 -0.143  0.004 -0.091  0.014  1.000  0.995  0.983  0.998  0.996
       21  0.99999  -0.081  0.027 -0.162  0.010 -0.100  0.018  0.995  1.000  0.996  0.998  0.990
       22  0.99993  -0.084  0.027 -0.169  0.012 -0.108  0.018  0.983  0.996  1.000  0.990  0.973
       23  0.99996  -0.077  0.027 -0.157  0.007 -0.095  0.017  0.998  0.998  0.990  1.000  0.996
       24  0.99972  -0.066  0.025 -0.145  0.004 -0.086  0.017  0.996  0.990  0.973  0.996  1.000
 ERR MATRIX APPROXIMATE
MINUIT - FIT ONLY 2-CBO
 **********
 **   25 **RES 
 **********
                   PARAMETER   16  beta_vw RESTORED TO VARIABLE.
                   PARAMETER   14  alpha_vw RESTORED TO VARIABLE.
                   PARAMETER   11  alpha_y RESTORED TO VARIABLE.
                   PARAMETER    9  alpha_2CBO RESTORED TO VARIABLE.
                   PARAMETER    8  beta_CBO RESTORED TO VARIABLE.
 **********
 **   26 **FIX            0
 **********
 PARAMETER    0  IS UNDEFINED. IGNORED.
 **********
 **   27 **FIX            1
 **********
 **********
 **   28 **FIX            2
 **********
 PARAMETER    2  IS CONSTANT.   IGNORED.
 **********
 **   29 **FIX            3
 **********
 **********
 **   30 **FIX            4
 **********
 **********
 **   31 **FIX            5
 **********
 PARAMETER    5  IS CONSTANT.   IGNORED.
 **********
 **   32 **FIX            6
 **********
 **********
 **   33 **FIX            7
 **********
 PARAMETER    7  IS CONSTANT.   IGNORED.
 **********
 **   34 **FIX           10
 **********
 **********
 **   35 **FIX           11
 **********
 **********
 **   36 **FIX           12
 **********
 PARAMETER   12  IS CONSTANT.   IGNORED.
 **********
 **   37 **FIX           13
 **********
 **********
 **   38 **FIX           14
 **********
 **********
 **   39 **FIX           15
 **********
 PARAMETER   15  IS CONSTANT.   IGNORED.
 **********
 **   40 **FIX           16
 **********
 **********
 **   41 **MIGRAD
 **********
 START MIGRAD MINIMIZATION.  STRATEGY  1.  CONVERGENCE WHEN EDM .LT. 1.00e-04
 FCN=45.3822 FROM MIGRAD    STATUS=INITIATE       18 CALLS        3263 TOTAL
                     EDM= unknown      STRATEGY= 1      NO ERROR MATRIX       
  EXT PARAMETER               CURRENT GUESS       STEP         FIRST   
  NO.   NAME      VALUE            ERROR          SIZE      DERIVATIVE 
   1  N0           3.09597e+06     fixed    
   2  tau          6.44044e+01   constant   
   3  A0           3.43060e-01     fixed    
   4  phi          4.11972e+00     fixed    
   5  R           -6.14483e+01   constant   
   6  alpha_CBO   -3.89686e-03     fixed    
   7  w_CBO        2.32500e+00   constant   
   8  beta_CBO     0.00000e+00   1.00000e-03   1.00000e-03  -1.08838e+04
   9  alpha_2CBO   0.00000e+00   1.00000e-03   1.00000e-03   1.04271e+04
  10  beta_2CBO    3.89912e-04     fixed    
  11  alpha_y      0.00000e+00     fixed    
  12  w_y          1.38860e+01   constant   
  13  beta_y      -5.13240e-05     fixed    
  14  alpha_vw     0.00000e+00     fixed    
  15  w_vw         1.43404e+01   constant   
  16  beta_vw      0.00000e+00     fixed    
  17  LM          -5.33935e-06   constant   
  18  zeta_y       0.00000e+00   constant   
  19  zeta_vw      0.00000e+00   constant   
  20  T_CBO        2.00112e+01   3.81581e+00  -1.30123e-03  -3.01303e+01
  21  alpha_A0    -5.25102e+01   9.72367e+01  -4.61263e+00  -8.02231e-03
  22  beta_A0     -3.71073e+01   7.66398e+01  -3.60636e+00   1.21792e-03
  23  alpha_phi   -1.44988e+02   2.53894e+02  -1.20518e+01   6.13801e-03
  24  beta_phi    -1.04220e+01   1.60633e+01  -7.58777e-01  -3.05502e-03
 MIGRAD MINIMIZATION HAS CONVERGED.
 MIGRAD WILL VERIFY CONVERGENCE AND ERROR MATRIX.
 COVARIANCE MATRIX CALCULATED SUCCESSFULLY
 FCN=40.6266 FROM HESSE     STATUS=OK             50 CALLS        3375 TOTAL
                     EDM=0.00949587    STRATEGY= 1      ERROR MATRIX ACCURATE 
  EXT PARAMETER                                   STEP         FIRST   
  NO.   NAME      VALUE            ERROR          SIZE      DERIVATIVE 
   1  N0           3.09597e+06     fixed    
   2  tau          6.44044e+01   constant   
   3  A0           3.43060e-01     fixed    
   4  phi          4.11972e+00     fixed    
   5  R           -6.14483e+01   constant   
   6  alpha_CBO   -3.89686e-03     fixed    
   7  w_CBO        2.32500e+00   constant   
   8  beta_CBO     4.35526e-04   2.80598e-04   8.69111e-07  -2.56272e+00
   9  alpha_2CBO  -4.48593e-04   2.90273e-04   8.83263e-07  -4.08549e+00
  10  beta_2CBO    3.89912e-04     fixed    
  11  alpha_y      0.00000e+00     fixed    
  12  w_y          1.38860e+01   constant   
  13  beta_y      -5.13240e-05     fixed    
  14  alpha_vw     0.00000e+00     fixed    
  15  w_vw         1.43404e+01   constant   
  16  beta_vw      0.00000e+00     fixed    
  17  LM          -5.33935e-06   constant   
  18  zeta_y       0.00000e+00   constant   
  19  zeta_vw      0.00000e+00   constant   
  20  T_CBO        1.99701e+01   2.13825e+01   8.37761e-06   7.31291e-01
  21  alpha_A0    -4.33590e+01   4.77576e+02   9.11857e-02  -5.35808e-05
  22  beta_A0     -2.88147e+01   3.16039e+02   8.41793e-02   4.33289e-05
  23  alpha_phi   -1.47978e+02   1.61083e+03   9.10822e-02   5.86919e-05
  24  beta_phi    -2.88357e+00   4.40985e+01   8.97808e-02  -3.60679e-06
 CALL LIMIT EXCEEDED IN MIGRAD.
 MIGRAD TERMINATED WITHOUT CONVERGENCE.
 FCN=40.6043 FROM MIGRAD    STATUS=CALL LIMIT   1145 CALLS        4390 TOTAL
                     EDM=1.81869e-05    STRATEGY= 1  ERROR MATRIX UNCERTAINTY  20.6 per cent
  EXT PARAMETER                APPROXIMATE        STEP         FIRST   
  NO.   NAME      VALUE            ERROR          SIZE      DERIVATIVE 
   1  N0           3.09597e+06     fixed    
   2  tau          6.44044e+01   constant   
   3  A0           3.43060e-01     fixed    
   4  phi          4.11972e+00     fixed    
   5  R           -6.14483e+01   constant   
   6  alpha_CBO   -3.89686e-03     fixed    
   7  w_CBO        2.32500e+00   constant   
   8  beta_CBO     4.36342e-04   2.80960e-04  -3.14746e-08   4.86939e-01
   9  alpha_2CBO  -4.40604e-04   2.97729e-04  -3.74396e-07   9.02257e+00
  10  beta_2CBO    3.89912e-04     fixed    
  11  alpha_y      0.00000e+00     fixed    
  12  w_y          1.38860e+01   constant   
  13  beta_y      -5.13240e-05     fixed    
  14  alpha_vw     0.00000e+00     fixed    
  15  w_vw         1.43404e+01   constant   
  16  beta_vw      0.00000e+00     fixed    
  17  LM          -5.33935e-06   constant   
  18  zeta_y       0.00000e+00   constant   
  19  zeta_vw      0.00000e+00   constant   
  20  T_CBO        1.62539e+01   9.30646e+00  -2.64994e-04  -3.12865e+00
  21  alpha_A0    -4.48823e+02   3.15366e+03  -1.11676e+01   1.60777e-05
  22  beta_A0     -2.95462e+02   2.07441e+03  -7.34387e+00   6.11152e-06
  23  alpha_phi   -1.49591e+03   1.04354e+04  -3.70232e+01   1.58677e-05
  24  beta_phi    -3.34600e+01   1.92882e+02  -6.75549e-01   2.68943e-05
 EXTERNAL ERROR MATRIX.    NDIM=  25    NPAR=  7    ERR DEF=1
  7.894e-08 -7.831e-10  9.213e-06  1.780e-04  6.659e-03  1.627e-02 -1.604e-04 
 -7.831e-10  8.864e-08  1.726e-04  5.740e-02  4.109e-02  2.028e-01  2.091e-03 
  9.213e-06  1.726e-04  8.677e+01  2.930e+04  1.929e+04  9.718e+04  1.770e+03 
  1.780e-04  5.740e-02  2.930e+04  9.946e+06  6.495e+06  3.283e+07  6.010e+05 
  6.659e-03  4.109e-02  1.929e+04  6.495e+06  4.303e+06  2.162e+07  3.920e+05 
  1.627e-02  2.028e-01  9.718e+04  3.283e+07  2.162e+07  1.089e+08  1.983e+06 
 -1.604e-04  2.091e-03  1.770e+03  6.010e+05  3.920e+05  1.983e+06  3.720e+04 
ERR MATRIX APPROXIMATE
 PARAMETER  CORRELATION COEFFICIENTS  
       NO.  GLOBAL      8      9     20     21     22     23     24
        8  0.18929   1.000 -0.009  0.004  0.000  0.011  0.006 -0.003
        9  0.22574  -0.009  1.000  0.062  0.061  0.067  0.065  0.036
       20  0.99975   0.004  0.062  1.000  0.997  0.998  1.000  0.985
       21  0.99975   0.000  0.061  0.997  1.000  0.993  0.997  0.988
       22  0.99988   0.011  0.067  0.998  0.993  1.000  0.999  0.980
       23  0.99996   0.006  0.065  1.000  0.997  0.999  1.000  0.985
       24  0.98864  -0.003  0.036  0.985  0.988  0.980  0.985  1.000
 ERR MATRIX APPROXIMATE
MINUIT - FIT wiggle + 1-CBO + 2-CBO
 **********
 **   42 **RES 
 **********
                   PARAMETER   16  beta_vw RESTORED TO VARIABLE.
                   PARAMETER   14  alpha_vw RESTORED TO VARIABLE.
                   PARAMETER   13  beta_y RESTORED TO VARIABLE.
                   PARAMETER   11  alpha_y RESTORED TO VARIABLE.
                   PARAMETER   10  beta_2CBO RESTORED TO VARIABLE.
                   PARAMETER    6  alpha_CBO RESTORED TO VARIABLE.
                   PARAMETER    4  phi RESTORED TO VARIABLE.
                   PARAMETER    3  A0 RESTORED TO VARIABLE.
                   PARAMETER    1  N0 RESTORED TO VARIABLE.
 **********
 **   43 **FIX           10
 **********
 **********
 **   44 **FIX           11
 **********
 **********
 **   45 **FIX           12
 **********
 PARAMETER   12  IS CONSTANT.   IGNORED.
 **********
 **   46 **FIX           13
 **********
 **********
 **   47 **FIX           14
 **********
 **********
 **   48 **FIX           15
 **********
 PARAMETER   15  IS CONSTANT.   IGNORED.
 **********
 **   49 **FIX           16
 **********
 **********
 **   50 **MIGRAD
 **********
 START MIGRAD MINIMIZATION.  STRATEGY  1.  CONVERGENCE WHEN EDM .LT. 1.00e-04
 FCN=40.6043 FROM MIGRAD    STATUS=INITIATE       22 CALLS        4412 TOTAL
                     EDM= unknown      STRATEGY= 1      NO ERROR MATRIX       
  EXT PARAMETER               CURRENT GUESS       STEP         FIRST   
  NO.   NAME      VALUE            ERROR          SIZE      DERIVATIVE 
   1  N0           3.09597e+06   6.41575e+02   6.41575e+02  -1.04079e-04
   2  tau          6.44044e+01   constant   
   3  A0           3.43060e-01   2.79370e-04   2.79370e-04  -2.86811e+03
   4  phi          4.11972e+00   8.32800e-04   8.32800e-04  -4.65812e+02
   5  R           -6.14483e+01   constant   
   6  alpha_CBO   -3.89686e-03   2.92088e-04   2.92088e-04  -2.22453e+02
   7  w_CBO        2.32500e+00   constant   
   8  beta_CBO     4.36342e-04   2.80960e-04  -3.14746e-08   4.86939e-01
   9  alpha_2CBO  -4.40604e-04   2.97729e-04  -3.74396e-07   9.02257e+00
  10  beta_2CBO    3.89912e-04     fixed    
  11  alpha_y      0.00000e+00     fixed    
  12  w_y          1.38860e+01   constant   
  13  beta_y      -5.13240e-05     fixed    
  14  alpha_vw     0.00000e+00     fixed    
  15  w_vw         1.43404e+01   constant   
  16  beta_vw      0.00000e+00     fixed    
  17  LM          -5.33935e-06   constant   
  18  zeta_y       0.00000e+00   constant   
  19  zeta_vw      0.00000e+00   constant   
  20  T_CBO        1.62539e+01   9.30646e+00  -2.64994e-04  -3.12865e+00
  21  alpha_A0    -4.48823e+02   3.15366e+03  -1.11676e+01   1.60778e-05
  22  beta_A0     -2.95462e+02   2.07441e+03  -7.34387e+00   6.11150e-06
  23  alpha_phi   -1.49591e+03   1.04354e+04  -3.70232e+01   1.58677e-05
  24  beta_phi    -3.34600e+01   1.92882e+02  -6.75549e-01   2.68943e-05
 MIGRAD MINIMIZATION HAS CONVERGED.
 MIGRAD WILL VERIFY CONVERGENCE AND ERROR MATRIX.
 COVARIANCE MATRIX CALCULATED SUCCESSFULLY
 FCN=40.3913 FROM HESSE     STATUS=OK            100 CALLS        4606 TOTAL
                     EDM=0.00391848    STRATEGY= 1      ERROR MATRIX ACCURATE 
  EXT PARAMETER                                   STEP         FIRST   
  NO.   NAME      VALUE            ERROR          SIZE      DERIVATIVE 
   1  N0           3.09602e+06   6.76340e+02   1.91303e+00  -7.20374e-06
   2  tau          6.44044e+01   constant   
   3  A0           3.43181e-01   2.94695e-04   8.53831e-07   1.28384e-01
   4  phi          4.11989e+00   9.55508e-04   2.48283e-06   8.50979e-01
   5  R           -6.14483e+01   constant   
   6  alpha_CBO   -3.90270e-03   2.93619e-04   8.91570e-07  -2.24266e+00
   7  w_CBO        2.32500e+00   constant   
   8  beta_CBO     4.68533e-04   2.91071e-04   8.66647e-07   1.07870e+00
   9  alpha_2CBO  -4.47377e-04   2.91996e-04   8.80762e-07  -2.19903e+00
  10  beta_2CBO    3.89912e-04     fixed    
  11  alpha_y      0.00000e+00     fixed    
  12  w_y          1.38860e+01   constant   
  13  beta_y      -5.13240e-05     fixed    
  14  alpha_vw     0.00000e+00     fixed    
  15  w_vw         1.43404e+01   constant   
  16  beta_vw      0.00000e+00     fixed    
  17  LM          -5.33935e-06   constant   
  18  zeta_y       0.00000e+00   constant   
  19  zeta_vw      0.00000e+00   constant   
  20  T_CBO        1.62416e+01   1.77978e+01   6.24078e-06   3.53401e-01
  21  alpha_A0    -4.57719e+02   6.35597e+03   9.25554e-01  -3.63863e-06
  22  beta_A0     -2.90263e+02   4.02891e+03   8.48059e-01   2.82610e-07
  23  alpha_phi   -1.48014e+03   2.02647e+04   9.27877e-01   4.77263e-06
  24  beta_phi    -2.90129e+01   4.83766e+02   9.14993e-01  -8.84499e-07
 CALL LIMIT EXCEEDED IN MIGRAD.
 MIGRAD TERMINATED WITHOUT CONVERGENCE.
 FCN=40.3767 FROM MIGRAD    STATUS=CALL LIMIT   1928 CALLS        6318 TOTAL
                     EDM=0.000176237    STRATEGY= 1  ERROR MATRIX UNCERTAINTY  14.0 per cent
  EXT PARAMETER                APPROXIMATE        STEP         FIRST   
  NO.   NAME      VALUE            ERROR          SIZE      DERIVATIVE 
   1  N0           3.09604e+06   6.40705e+02   1.19622e+00   3.20126e-06
   2  tau          6.44044e+01   constant   
   3  A0           3.43175e-01   2.92183e-04  -7.57946e-09  -1.65999e+01
   4  phi          4.11996e+00   8.47703e-04   4.94320e-07   1.87085e+00
   5  R           -6.14483e+01   constant   
   6  alpha_CBO   -3.89850e-03   2.95138e-04   2.09742e-07  -5.22719e-01
   7  w_CBO        2.32500e+00   constant   
   8  beta_CBO     4.68079e-04   2.90646e-04   1.44935e-07  -3.61080e+00
   9  alpha_2CBO  -4.40441e-04   2.95049e-04   3.15955e-07   7.99375e+00
  10  beta_2CBO    3.89912e-04     fixed    
  11  alpha_y      0.00000e+00     fixed    
  12  w_y          1.38860e+01   constant   
  13  beta_y      -5.13240e-05     fixed    
  14  alpha_vw     0.00000e+00     fixed    
  15  w_vw         1.43404e+01   constant   
  16  beta_vw      0.00000e+00     fixed    
  17  LM          -5.33935e-06   constant   
  18  zeta_y       0.00000e+00   constant   
  19  zeta_vw      0.00000e+00   constant   
  20  T_CBO        1.36827e+01   3.98776e+00  -2.97293e-04  -1.23250e+01
  21  alpha_A0    -4.82101e+03   2.04597e+04  -1.77924e+02   4.27901e-06
  22  beta_A0     -3.04339e+03   1.28188e+04  -1.11015e+02   6.11504e-06
  23  alpha_phi   -1.51561e+04   6.33070e+04  -5.46331e+02   4.13480e-06
  24  beta_phi    -2.76615e+02   1.86005e+03  -1.40716e+01  -1.48757e-06
 EXTERNAL ERROR MATRIX.    NDIM=  25    NPAR= 11    ERR DEF=1
  4.105e+05 
 -4.115e-03  8.537e-08 
  1.013e-01 -1.227e-09  7.186e-07 
  3.559e-03 -3.410e-09 -4.932e-08  8.711e-08 
  7.356e-03  2.180e-08  1.544e-09  1.211e-09  8.447e-08 
  5.724e-03 -2.152e-09 -1.368e-08  3.582e-09 -2.345e-09  8.705e-08 
 -1.016e+02  2.248e-05 -4.861e-04 -3.049e-05 -1.047e-05 -6.709e-05  1.591e+01 
 -6.457e+05  1.639e-01 -2.548e+00 -1.255e-01 -3.117e-02 -4.429e-01  8.145e+04  4.186e+08 
 -3.821e+05  1.196e-01 -1.620e+00 -9.289e-02 -2.854e-03 -2.514e-01  5.109e+04  2.620e+08  1.643e+08 
 -1.871e+06  5.906e-01 -7.856e+00 -5.164e-01 -8.773e-02 -1.132e+00  2.524e+05  1.292e+09  8.109e+08  4.008e+09 
  1.030e+04 -8.650e-03 -1.358e-01  1.184e-02 -4.203e-03 -9.215e-02  5.973e+03  3.176e+07  1.945e+07  9.405e+07  3.460e+06 
ERR MATRIX APPROXIMATE
 PARAMETER  CORRELATION COEFFICIENTS  
       NO.  GLOBAL      1      3      4      6      8      9     20     21     22     23     24
        1  0.44531   1.000 -0.022  0.187  0.019  0.040  0.030 -0.040 -0.049 -0.047 -0.046  0.009
        3  0.51341  -0.022  1.000 -0.005 -0.040  0.257 -0.025  0.019  0.027  0.032  0.032 -0.016
        4  0.36531   0.187 -0.005  1.000 -0.197  0.006 -0.055 -0.144 -0.147 -0.149 -0.146 -0.086
        6  0.24761   0.019 -0.040 -0.197  1.000  0.014  0.041 -0.026 -0.021 -0.025 -0.028  0.022
        8  0.31749   0.040  0.257  0.006  0.014  1.000 -0.027 -0.009 -0.005 -0.001 -0.005 -0.008
        9  0.32781   0.030 -0.025 -0.055  0.041 -0.027  1.000 -0.057 -0.073 -0.066 -0.061 -0.168
       20  0.99977  -0.040  0.019 -0.144 -0.026 -0.009 -0.057  1.000  0.998  0.999  1.000  0.805
       21  0.99978  -0.049  0.027 -0.147 -0.021 -0.005 -0.073  0.998  1.000  0.999  0.998  0.835
       22  0.99975  -0.047  0.032 -0.149 -0.025 -0.001 -0.066  0.999  0.999  1.000  0.999  0.816
       23  0.99985  -0.046  0.032 -0.146 -0.028 -0.005 -0.061  1.000  0.998  0.999  1.000  0.799
       24  0.97829   0.009 -0.016 -0.086  0.022 -0.008 -0.168  0.805  0.835  0.816  0.799  1.000
 ERR MATRIX APPROXIMATE
MINUIT - FIT ONLY 1-y
 **********
 **   51 **RES 
 **********
                   PARAMETER   16  beta_vw RESTORED TO VARIABLE.
                   PARAMETER   14  alpha_vw RESTORED TO VARIABLE.
                   PARAMETER   13  beta_y RESTORED TO VARIABLE.
                   PARAMETER   11  alpha_y RESTORED TO VARIABLE.
                   PARAMETER   10  beta_2CBO RESTORED TO VARIABLE.
 **********
 **   52 **FIX            0
 **********
 PARAMETER    0  IS UNDEFINED. IGNORED.
 **********
 **   53 **FIX            1
 **********
 **********
 **   54 **FIX            2
 **********
 PARAMETER    2  IS CONSTANT.   IGNORED.
 **********
 **   55 **FIX            3
 **********
 **********
 **   56 **FIX            4
 **********
 **********
 **   57 **FIX            5
 **********
 PARAMETER    5  IS CONSTANT.   IGNORED.
 **********
 **   58 **FIX            6
 **********
 **********
 **   59 **FIX            7
 **********
 PARAMETER    7  IS CONSTANT.   IGNORED.
 **********
 **   60 **FIX            8
 **********
 **********
 **   61 **FIX            9
 **********
 **********
 **   62 **FIX           13
 **********
 **********
 **   63 **FIX           14
 **********
 **********
 **   64 **FIX           15
 **********
 PARAMETER   15  IS CONSTANT.   IGNORED.
 **********
 **   65 **FIX           16
 **********
 **********
 **   66 **MIGRAD
 **********
 START MIGRAD MINIMIZATION.  STRATEGY  1.  CONVERGENCE WHEN EDM .LT. 1.00e-04
 FCN=40.3767 FROM MIGRAD    STATUS=INITIATE       16 CALLS        6334 TOTAL
                     EDM= unknown      STRATEGY= 1      NO ERROR MATRIX       
  EXT PARAMETER               CURRENT GUESS       STEP         FIRST   
  NO.   NAME      VALUE            ERROR          SIZE      DERIVATIVE 
   1  N0           3.09604e+06     fixed    
   2  tau          6.44044e+01   constant   
   3  A0           3.43175e-01     fixed    
   4  phi          4.11996e+00     fixed    
   5  R           -6.14483e+01   constant   
   6  alpha_CBO   -3.89850e-03     fixed    
   7  w_CBO        2.32500e+00   constant   
   8  beta_CBO     4.68079e-04     fixed    
   9  alpha_2CBO  -4.40441e-04     fixed    
  10  beta_2CBO    3.89912e-04   2.93561e-04   2.93561e-04  -1.34397e+02
  11  alpha_y      0.00000e+00   1.00000e-03   1.00000e-03   8.64821e+02
  12  w_y          1.38860e+01   constant   
  13  beta_y      -5.13240e-05     fixed    
  14  alpha_vw     0.00000e+00     fixed    
  15  w_vw         1.43404e+01   constant   
  16  beta_vw      0.00000e+00     fixed    
  17  LM          -5.33935e-06   constant   
  18  zeta_y       0.00000e+00   constant   
  19  zeta_vw      0.00000e+00   constant   
  20  T_CBO        1.36827e+01   3.98776e+00  -2.97293e-04  -1.23250e+01
  21  alpha_A0    -4.82101e+03   2.04597e+04  -1.77924e+02   4.27901e-06
  22  beta_A0     -3.04339e+03   1.28188e+04  -1.11015e+02   6.11503e-06
  23  alpha_phi   -1.51561e+04   6.33070e+04  -5.46331e+02   4.13480e-06
  24  beta_phi    -2.76615e+02   1.86005e+03  -1.40716e+01  -1.48757e-06
 MIGRAD MINIMIZATION HAS CONVERGED.
 MIGRAD WILL VERIFY CONVERGENCE AND ERROR MATRIX.
 COVARIANCE MATRIX CALCULATED SUCCESSFULLY
 FCN=40.3616 FROM HESSE     STATUS=OK             50 CALLS        6431 TOTAL
                     EDM=0.00970445    STRATEGY= 1      ERROR MATRIX ACCURATE 
  EXT PARAMETER                                   STEP         FIRST   
  NO.   NAME      VALUE            ERROR          SIZE      DERIVATIVE 
   1  N0           3.09604e+06     fixed    
   2  tau          6.44044e+01   constant   
   3  A0           3.43175e-01     fixed    
   4  phi          4.11996e+00     fixed    
   5  R           -6.14483e+01   constant   
   6  alpha_CBO   -3.89850e-03     fixed    
   7  w_CBO        2.32500e+00   constant   
   8  beta_CBO     4.68079e-04     fixed    
   9  alpha_2CBO  -4.40441e-04     fixed    
  10  beta_2CBO    3.95820e-04   2.89307e-04   8.76623e-07  -1.14456e+00
  11  alpha_y     -3.35113e-05   2.77756e-04   8.71562e-07  -2.53923e-01
  12  w_y          1.38860e+01   constant   
  13  beta_y      -5.13240e-05     fixed    
  14  alpha_vw     0.00000e+00     fixed    
  15  w_vw         1.43404e+01   constant   
  16  beta_vw      0.00000e+00     fixed    
  17  LM          -5.33935e-06   constant   
  18  zeta_y       0.00000e+00   constant   
  19  zeta_vw      0.00000e+00   constant   
  20  T_CBO        1.36837e+01   4.85866e+01   4.80378e-06   2.50523e-01
  21  alpha_A0    -4.84515e+03   2.64182e+05   8.38120e+00  -1.39859e-08
  22  beta_A0     -3.07660e+03   1.67130e+05   7.76342e+00  -4.63693e-08
  23  alpha_phi   -1.51601e+04   8.19289e+05   8.42722e+00   1.24993e-07
  24  beta_phi    -2.68857e+02   1.50137e+04   8.33391e+00  -1.42141e-07
 MIGRAD MINIMIZATION HAS CONVERGED.
 MIGRAD WILL VERIFY CONVERGENCE AND ERROR MATRIX.
 COVARIANCE MATRIX CALCULATED SUCCESSFULLY
 FCN=40.3607 FROM MIGRAD    STATUS=CONVERGED     452 CALLS        6770 TOTAL
                     EDM=8.3735e-05    STRATEGY= 1      ERROR MATRIX ACCURATE 
  EXT PARAMETER                                   STEP         FIRST   
  NO.   NAME      VALUE            ERROR          SIZE      DERIVATIVE 
   1  N0           3.09604e+06     fixed    
   2  tau          6.44044e+01   constant   
   3  A0           3.43175e-01     fixed    
   4  phi          4.11996e+00     fixed    
   5  R           -6.14483e+01   constant   
   6  alpha_CBO   -3.89850e-03     fixed    
   7  w_CBO        2.32500e+00   constant   
   8  beta_CBO     4.68079e-04     fixed    
   9  alpha_2CBO  -4.40441e-04     fixed    
  10  beta_2CBO    3.96554e-04   2.85561e-04   8.76613e-07   5.65414e+00
  11  alpha_y     -3.34893e-05   2.77695e-04   8.71552e-07   1.46951e+00
  12  w_y          1.38860e+01   constant   
  13  beta_y      -5.13240e-05     fixed    
  14  alpha_vw     0.00000e+00     fixed    
  15  w_vw         1.43404e+01   constant   
  16  beta_vw      0.00000e+00     fixed    
  17  LM          -5.33935e-06   constant   
  18  zeta_y       0.00000e+00   constant   
  19  zeta_vw      0.00000e+00   constant   
  20  T_CBO        1.33148e+01   1.07671e+01   4.61552e-06  -2.78407e+00
  21  alpha_A0    -7.31830e+03   9.07306e+04   1.11268e+01   1.25859e-07
  22  beta_A0     -4.64095e+03   5.73948e+04   1.04511e+01   1.90304e-07
  23  alpha_phi   -2.28017e+04   2.79869e+05   1.11810e+01   9.01409e-07
  24  beta_phi    -4.11270e+02   6.85262e+03   1.10821e+01  -1.17395e-07
 EXTERNAL ERROR MATRIX.    NDIM=  25    NPAR=  7    ERR DEF=1
  8.155e-08 -1.099e-09 -1.216e-04 -1.005e+00 -8.073e-01 -2.943e+00 -7.980e-02 
 -1.099e-09  7.711e-08  1.396e-05  1.359e-01  8.739e-02  3.895e-01  1.654e-02 
 -1.216e-04  1.396e-05  1.163e+02  9.771e+05  6.172e+05  3.017e+06  5.537e+04 
 -1.005e+00  1.359e-01  9.771e+05  8.232e+09  5.189e+09  2.536e+10  4.642e+08 
 -8.073e-01  8.739e-02  6.172e+05  5.189e+09  3.294e+09  1.602e+10  2.919e+08 
 -2.943e+00  3.895e-01  3.017e+06  2.536e+10  1.602e+10  7.833e+10  1.435e+09 
 -7.980e-02  1.654e-02  5.537e+04  4.642e+08  2.919e+08  1.435e+09  4.696e+07 
 PARAMETER  CORRELATION COEFFICIENTS  
       NO.  GLOBAL     10     11     20     21     22     23     24
       10  0.21064   1.000 -0.014 -0.039 -0.039 -0.049 -0.037 -0.041
       11  0.03317  -0.014  1.000  0.005  0.005  0.005  0.005  0.009
       20  0.99988  -0.039  0.005  1.000  0.999  0.997  1.000  0.749
       21  0.99876  -0.039  0.005  0.999  1.000  0.996  0.999  0.747
       22  0.99744  -0.049  0.005  0.997  0.996  1.000  0.997  0.742
       23  0.99987  -0.037  0.005  1.000  0.999  0.997  1.000  0.748
       24  0.75489  -0.041  0.009  0.749  0.747  0.742  0.748  1.000
MINUIT - FIT ONLY 2-y
 **********
 **   67 **RES 
 **********
                   PARAMETER   16  beta_vw RESTORED TO VARIABLE.
                   PARAMETER   14  alpha_vw RESTORED TO VARIABLE.
                   PARAMETER   13  beta_y RESTORED TO VARIABLE.
                   PARAMETER    9  alpha_2CBO RESTORED TO VARIABLE.
                   PARAMETER    8  beta_CBO RESTORED TO VARIABLE.
                   PARAMETER    6  alpha_CBO RESTORED TO VARIABLE.
                   PARAMETER    4  phi RESTORED TO VARIABLE.
                   PARAMETER    3  A0 RESTORED TO VARIABLE.
                   PARAMETER    1  N0 RESTORED TO VARIABLE.
 **********
 **   68 **FIX            0
 **********
 PARAMETER    0  IS UNDEFINED. IGNORED.
 **********
 **   69 **FIX            1
 **********
 **********
 **   70 **FIX            2
 **********
 PARAMETER    2  IS CONSTANT.   IGNORED.
