 + ++++++++++++++++++++++++++++++++++++++++++++++++++++++++++++++++++++ +
 +                                                                      +
 +           You have chose to blind your fitting according to          +
 +                omega_ref * (1 + (R +/- deltaR) *10^{-6})             +
 +                                                                      +
 + ++++++++++++++++++++++++++++++++++++++++++++++++++++++++++++++++++++ +
In main()...
reading format from /gm2data/zkhechad/run45/envelope/formats/formatB_sBin_constraintOn.txt
pBinTau 	= 0  
pBinPhi 	= 0  
constraintau 	= 1 
includeMopTerm 	= 0    
constrainMop    = 0   
Parameters after format file: pBinTau 0 pBinPhi 0 constraintau 1 includeMopTerm 0 constrainMop 0 c_e_scale 0.000000 
Opening file /gm2data/tbarrett/gm2fr/studies/run23_bunch_corrections/CorrectedFourier_Run3b.root.
reading full fit data from /gm2data/zkhechad/cboTemplates/Run4CBOTemplates/fullFits/noRF/sBin_constraintOn_cE0.0_seed0_noRF_calo17.root
windowBins = 69
fitting sliding window 2520 from bin 2656 at 396.126000 to bin 2725 at 406.570000 (69 bins)

Reading data from /gm2data/cornell/histograms/aMethod/histogram_a_noRF.root
 **********
 **    1 **SET PRINTOUT            1
 **********
 **********
 **    2 **SET NOWARNINGS 
 **********
 PARAMETER DEFINITIONS:
    NO.   NAME         VALUE      STEP SIZE      LIMITS
     1 N0           3.18624e+06  1.00000e+02     no limits
     2 tau          6.44064e+01  constant
     3 A0           3.45293e-01  1.00000e-04     no limits
     4 phi          4.12011e+00  1.00000e-02     no limits
     5 R           -6.06001e+01  constant
     6 alpha_CBO    0.00000e+00  1.00000e-03     no limits
     7 w_CBO        2.32500e+00  constant
     8 beta_CBO     0.00000e+00  1.00000e-03     no limits
     9 alpha_2CBO   0.00000e+00  1.00000e-03     no limits
    10 beta_2CBO    0.00000e+00  1.00000e-03     no limits
    11 alpha_y      0.00000e+00  1.00000e-03     no limits
    12 w_y          1.38860e+01  constant
    13 beta_y       0.00000e+00  1.00000e-03     no limits
    14 alpha_vw     0.00000e+00  1.00000e-03     no limits
    15 w_vw         1.43404e+01  constant
    16 beta_vw      0.00000e+00  1.00000e-03     no limits
    17 LM           6.43054e-05  constant
    18 zeta_y       0.00000e+00  constant
    19 zeta_vw      0.00000e+00  constant
    20 T_CBO        1.00000e+02  1.00000e+00    0.00000e+00  1.00000e+03
    21 alpha_A0     0.00000e+00  1.00000e-03     no limits
    22 beta_A0      0.00000e+00  1.00000e-03     no limits
    23 alpha_phi    0.00000e+00  1.00000e-03     no limits
    24 beta_phi     0.00000e+00  1.00000e-03     no limits
MINUIT - FIT ONLY WIGGLE
 **********
 **    3 **FIX            5
 **********
 PARAMETER    5  IS CONSTANT.   IGNORED.
 **********
 **    4 **FIX            6
 **********
 **********
 **    5 **FIX            7
 **********
 PARAMETER    7  IS CONSTANT.   IGNORED.
 **********
 **    6 **FIX            8
 **********
 **********
 **    7 **FIX            9
 **********
 **********
 **    8 **FIX           10
 **********
 **********
 **    9 **FIX           11
 **********
 **********
 **   10 **FIX           12
 **********
 PARAMETER   12  IS CONSTANT.   IGNORED.
 **********
 **   11 **FIX           13
 **********
 **********
 **   12 **FIX           14
 **********
 **********
 **   13 **FIX           15
 **********
 PARAMETER   15  IS CONSTANT.   IGNORED.
 **********
 **   14 **FIX           16
 **********
 **********
 **   15 **MIGRAD
 **********
 FIRST CALL TO USER FUNCTION AT NEW START POINT, WITH IFLAG=4.
 START MIGRAD MINIMIZATION.  STRATEGY  1.  CONVERGENCE WHEN EDM .LT. 1.00e-04
 FCN=87.2158 FROM MIGRAD    STATUS=INITIATE      437 CALLS         438 TOTAL
                     EDM= unknown      STRATEGY= 1      NO ERROR MATRIX       
  EXT PARAMETER               CURRENT GUESS       STEP         FIRST   
  NO.   NAME      VALUE            ERROR          SIZE      DERIVATIVE 
   1  N0           3.18624e+06   1.00000e+02   0.00000e+00   1.06591e-03
   2  tau          6.44064e+01   constant   
   3  A0           3.45293e-01   1.00000e-04   0.00000e+00  -2.69761e+03
   4  phi          4.12011e+00   1.00000e-02   0.00000e+00  -7.06263e+01
   5  R           -6.06001e+01   constant   
   6  alpha_CBO    0.00000e+00     fixed    
   7  w_CBO        2.32500e+00   constant   
   8  beta_CBO     0.00000e+00     fixed    
   9  alpha_2CBO   0.00000e+00     fixed    
  10  beta_2CBO    0.00000e+00     fixed    
  11  alpha_y      0.00000e+00     fixed    
  12  w_y          1.38860e+01   constant   
  13  beta_y       0.00000e+00     fixed    
  14  alpha_vw     0.00000e+00     fixed    
  15  w_vw         1.43404e+01   constant   
  16  beta_vw      0.00000e+00     fixed    
  17  LM           6.43054e-05   constant   
  18  zeta_y       0.00000e+00   constant   
  19  zeta_vw      0.00000e+00   constant   
  20  T_CBO        1.00000e+02   1.00000e+00   0.00000e+00   0.00000e+00
  21  alpha_A0     0.00000e+00   1.00000e-03   0.00000e+00  -1.82715e+01
  22  beta_A0      0.00000e+00   1.00000e-03   0.00000e+00  -5.12763e+00
  23  alpha_phi    0.00000e+00   1.00000e-03   0.00000e+00  -2.66525e+00
  24  beta_phi     0.00000e+00   1.00000e-03   0.00000e+00   9.09534e+00
 CALL LIMIT EXCEEDED IN MIGRAD.
 MIGRAD TERMINATED WITHOUT CONVERGENCE.
 FCN=70.6635 FROM MIGRAD    STATUS=CALL LIMIT   1320 CALLS        1321 TOTAL
                     EDM=0.00153067    STRATEGY= 1  ERROR MATRIX UNCERTAINTY   1.6 per cent
  EXT PARAMETER                APPROXIMATE        STEP         FIRST   
  NO.   NAME      VALUE            ERROR          SIZE      DERIVATIVE 
   1  N0           3.17901e+06   3.08801e+03  -2.41174e+01  -5.83034e-06
   2  tau          6.44064e+01   constant   
   3  A0           3.47511e-01   1.24847e-03   1.47798e-05   1.89766e+01
   4  phi          4.12293e+00   3.59785e-03   5.25160e-05   9.41184e+00
   5  R           -6.06001e+01   constant   
   6  alpha_CBO    0.00000e+00     fixed    
   7  w_CBO        2.32500e+00   constant   
   8  beta_CBO     0.00000e+00     fixed    
   9  alpha_2CBO   0.00000e+00     fixed    
  10  beta_2CBO    0.00000e+00     fixed    
  11  alpha_y      0.00000e+00     fixed    
  12  w_y          1.38860e+01   constant   
  13  beta_y       0.00000e+00     fixed    
  14  alpha_vw     0.00000e+00     fixed    
  15  w_vw         1.43404e+01   constant   
  16  beta_vw      0.00000e+00     fixed    
  17  LM           6.43054e-05   constant   
  18  zeta_y       0.00000e+00   constant   
  19  zeta_vw      0.00000e+00   constant   
  20  T_CBO        5.69357e+01   2.12847e+01  -7.57983e-04   7.72422e-02
  21  alpha_A0     1.69311e+01   4.44350e+01   5.86459e-01   6.70682e-03
  22  beta_A0      1.36352e+00   2.41113e+00   2.55031e-02  -1.01664e-04
  23  alpha_phi   -1.53233e+00   4.15887e+00  -4.95784e-02  -1.77972e-02
  24  beta_phi    -9.61179e+00   2.35007e+01  -3.06583e-01   1.89644e-02
 EXTERNAL ERROR MATRIX.    NDIM=  25    NPAR=  8    ERR DEF=1
  9.536e+06  2.921e-01 -1.607e+00  6.411e+03 -1.728e+04 -8.701e+02  1.622e+03  9.265e+03 
  2.921e-01  1.559e-06  3.539e-08 -5.443e-03  1.155e-02  5.849e-04 -1.159e-03 -6.138e-03 
 -1.607e+00  3.539e-08  1.294e-05 -1.620e-02  3.505e-02  1.860e-03 -3.220e-03 -1.861e-02 
  6.411e+03 -5.443e-03 -1.620e-02  4.543e+02 -9.408e+02 -5.087e+01  8.800e+01  4.978e+02 
 -1.728e+04  1.155e-02  3.505e-02 -9.408e+02  1.974e+03  1.060e+02 -1.840e+02 -1.044e+03 
 -8.701e+02  5.849e-04  1.860e-03 -5.087e+01  1.060e+02  5.814e+00 -9.899e+00 -5.610e+01 
  1.622e+03 -1.159e-03 -3.220e-03  8.800e+01 -1.840e+02 -9.899e+00  1.730e+01  9.733e+01 
  9.265e+03 -6.138e-03 -1.861e-02  4.978e+02 -1.044e+03 -5.610e+01  9.733e+01  5.523e+02 
ERR MATRIX APPROXIMATE
 PARAMETER  CORRELATION COEFFICIENTS  
       NO.  GLOBAL      1      3      4     20     21     22     23     24
        1  0.37438   1.000  0.076 -0.145  0.097 -0.126 -0.117  0.126  0.128
        3  0.33422   0.076  1.000  0.008 -0.205  0.208  0.194 -0.223 -0.209
        4  0.25888  -0.145  0.008  1.000 -0.211  0.219  0.214 -0.215 -0.220
       20  0.99561   0.097 -0.205 -0.211  1.000 -0.993 -0.990  0.993  0.994
       21  0.99987  -0.126  0.208  0.219 -0.993  1.000  0.990 -0.996 -1.000
       22  0.99158  -0.117  0.194  0.214 -0.990  0.990  1.000 -0.987 -0.990
       23  0.99651   0.126 -0.223 -0.215  0.993 -0.996 -0.987  1.000  0.996
       24  0.99988   0.128 -0.209 -0.220  0.994 -1.000 -0.990  0.996  1.000
 ERR MATRIX APPROXIMATE
MINUIT - FIT ONLY 1-CBO + wiggle
 **********
 **   16 **RES 
 **********
                   PARAMETER   16  beta_vw RESTORED TO VARIABLE.
                   PARAMETER   14  alpha_vw RESTORED TO VARIABLE.
                   PARAMETER   13  beta_y RESTORED TO VARIABLE.
                   PARAMETER   11  alpha_y RESTORED TO VARIABLE.
                   PARAMETER   10  beta_2CBO RESTORED TO VARIABLE.
                   PARAMETER    9  alpha_2CBO RESTORED TO VARIABLE.
                   PARAMETER    8  beta_CBO RESTORED TO VARIABLE.
                   PARAMETER    6  alpha_CBO RESTORED TO VARIABLE.
 **********
 **   17 **FIX            8
 **********
 **********
 **   18 **FIX            9
 **********
 **********
 **   19 **FIX           11
 **********
 **********
 **   20 **FIX           12
 **********
 PARAMETER   12  IS CONSTANT.   IGNORED.
 **********
 **   21 **FIX           14
 **********
 **********
 **   22 **FIX           15
 **********
 PARAMETER   15  IS CONSTANT.   IGNORED.
 **********
 **   23 **FIX           16
 **********
 **********
 **   24 **MIGRAD
 **********
 START MIGRAD MINIMIZATION.  STRATEGY  1.  CONVERGENCE WHEN EDM .LT. 1.00e-04
 FCN=70.6635 FROM MIGRAD    STATUS=INITIATE       28 CALLS        1349 TOTAL
                     EDM= unknown      STRATEGY= 1      NO ERROR MATRIX       
  EXT PARAMETER               CURRENT GUESS       STEP         FIRST   
  NO.   NAME      VALUE            ERROR          SIZE      DERIVATIVE 
   1  N0           3.17901e+06   3.08801e+03  -2.41174e+01  -5.83034e-06
   2  tau          6.44064e+01   constant   
   3  A0           3.47511e-01   1.24847e-03   1.47798e-05   1.89766e+01
   4  phi          4.12293e+00   3.59785e-03   5.25160e-05   9.41184e+00
   5  R           -6.06001e+01   constant   
   6  alpha_CBO    0.00000e+00   1.00000e-03   1.00000e-03  -2.32817e+03
   7  w_CBO        2.32500e+00   constant   
   8  beta_CBO     0.00000e+00     fixed    
   9  alpha_2CBO   0.00000e+00     fixed    
  10  beta_2CBO    0.00000e+00   1.00000e-03   1.00000e-03   1.24753e+03
  11  alpha_y      0.00000e+00     fixed    
  12  w_y          1.38860e+01   constant   
  13  beta_y       0.00000e+00   1.00000e-03   1.00000e-03  -1.18403e+03
  14  alpha_vw     0.00000e+00     fixed    
  15  w_vw         1.43404e+01   constant   
  16  beta_vw      0.00000e+00     fixed    
  17  LM           6.43054e-05   constant   
  18  zeta_y       0.00000e+00   constant   
  19  zeta_vw      0.00000e+00   constant   
  20  T_CBO        5.69357e+01   2.12847e+01  -7.57983e-04   7.72250e-02
  21  alpha_A0     1.69311e+01   4.44350e+01   5.86459e-01   6.70682e-03
  22  beta_A0      1.36352e+00   2.41113e+00   2.55031e-02  -1.01665e-04
  23  alpha_phi   -1.53233e+00   4.15887e+00  -4.95784e-02  -1.77972e-02
  24  beta_phi    -9.61179e+00   2.35007e+01  -3.06583e-01   1.89644e-02
 CALL LIMIT EXCEEDED IN MIGRAD.
 MIGRAD TERMINATED WITHOUT CONVERGENCE.
 FCN=66.7209 FROM MIGRAD    STATUS=CALL LIMIT   1925 CALLS        3246 TOTAL
                     EDM=0.00243735    STRATEGY= 1  ERROR MATRIX UNCERTAINTY  17.0 per cent
  EXT PARAMETER                APPROXIMATE        STEP         FIRST   
  NO.   NAME      VALUE            ERROR          SIZE      DERIVATIVE 
   1  N0           3.17906e+06   3.10421e+03   4.90026e+00  -5.41069e-06
   2  tau          6.44064e+01   constant   
   3  A0           3.47697e-01   1.15568e-03   8.75901e-06  -1.78967e+01
   4  phi          4.12202e+00   3.67182e-03   2.00337e-06  -4.46092e-01
   5  R           -6.06001e+01   constant   
   6  alpha_CBO    2.17298e-03   1.34325e-03   5.06403e-06  -1.53626e+01
   7  w_CBO        2.32500e+00   constant   
   8  beta_CBO     0.00000e+00     fixed    
   9  alpha_2CBO   0.00000e+00     fixed    
  10  beta_2CBO   -9.80292e-04   1.25230e-03   5.42790e-06  -1.23740e+01
  11  alpha_y      0.00000e+00     fixed    
  12  w_y          1.38860e+01   constant   
  13  beta_y       9.90449e-04   1.29636e-03   1.12748e-07   4.18641e+00
  14  alpha_vw     0.00000e+00     fixed    
  15  w_vw         1.43404e+01   constant   
  16  beta_vw      0.00000e+00     fixed    
  17  LM           6.43054e-05   constant   
  18  zeta_y       0.00000e+00   constant   
  19  zeta_vw      0.00000e+00   constant   
  20  T_CBO        3.13814e+01   5.70167e+00  -9.31995e-04  -1.78688e+01
  21  alpha_A0     4.56435e+03   9.41129e+03   2.59614e+02  -8.49595e-05
  22  beta_A0      6.34381e+02   1.15823e+03   3.20361e+01   8.76607e-05
  23  alpha_phi   -2.79910e+02   4.79615e+02  -1.32523e+01   1.21019e-04
  24  beta_phi    -3.31241e+03   6.99529e+03  -1.92910e+02  -2.32567e-05
 EXTERNAL ERROR MATRIX.    NDIM=  25    NPAR= 11    ERR DEF=1
  9.636e+06 
  3.302e-01  1.336e-06 
 -1.895e+00 -3.628e-08  1.348e-05 
  7.093e-02 -8.239e-10 -9.167e-07  1.804e-06 
  4.306e-02 -1.046e-07 -4.649e-08 -1.715e-08  1.568e-06 
  8.700e-04  3.987e-08  1.760e-07  1.232e-08  3.876e-08  1.681e-06 
 -5.251e+02  1.557e-04  2.617e-04 -3.554e-05  1.354e-05 -1.239e-04  3.252e+01 
 -3.855e+04 -3.519e-01 -8.533e-03 -2.102e-01 -1.314e-01  2.566e-01 -5.352e+04  8.857e+07 
 -6.940e+03 -4.186e-02  1.762e-03 -2.468e-02 -1.579e-02  3.067e-02 -6.588e+03  1.090e+07  1.342e+06 
  3.540e+03  1.689e-02  1.090e-03  1.104e-02  6.996e-03 -1.307e-02  2.727e+03 -4.513e+06 -5.554e+05  2.300e+05 
  2.784e+04  2.625e-01  7.490e-03  1.554e-01  9.849e-02 -1.914e-01  3.978e+04 -6.583e+07 -8.102e+06  3.355e+06  4.893e+07 
ERR MATRIX APPROXIMATE
 PARAMETER  CORRELATION COEFFICIENTS  
       NO.  GLOBAL      1      3      4      6     10     13     20     21     22     23     24
        1  0.53305   1.000  0.092 -0.166  0.017  0.011  0.000 -0.030 -0.001 -0.002  0.002  0.001
        3  0.20521   0.092  1.000 -0.009 -0.001 -0.072  0.027  0.024 -0.032 -0.031  0.030  0.032
        4  0.27549  -0.166 -0.009  1.000 -0.186 -0.010  0.037  0.012 -0.000  0.000  0.001  0.000
        6  0.39328   0.017 -0.001 -0.186  1.000 -0.010  0.007 -0.005 -0.017 -0.016  0.017  0.017
       10  0.18711   0.011 -0.072 -0.010 -0.010  1.000  0.024  0.002 -0.011 -0.011  0.012  0.011
       13  0.10170   0.000  0.027  0.037  0.007  0.024  1.000 -0.017  0.021  0.020 -0.021 -0.021
       20  0.99854  -0.030  0.024  0.012 -0.005  0.002 -0.017  1.000 -0.997 -0.997  0.997  0.997
       21  1.00000  -0.001 -0.032 -0.000 -0.017 -0.011  0.021 -0.997  1.000  1.000 -1.000 -1.000
       22  0.99996  -0.002 -0.031  0.000 -0.016 -0.011  0.020 -0.997  1.000  1.000 -1.000 -1.000
       23  0.99989   0.002  0.030  0.001  0.017  0.012 -0.021  0.997 -1.000 -1.000  1.000  1.000
       24  1.00000   0.001  0.032  0.000  0.017  0.011 -0.021  0.997 -1.000 -1.000  1.000  1.000
 ERR MATRIX APPROXIMATE
MINUIT - FIT ONLY 2-CBO
 **********
 **   25 **RES 
 **********
                   PARAMETER   16  beta_vw RESTORED TO VARIABLE.
                   PARAMETER   14  alpha_vw RESTORED TO VARIABLE.
                   PARAMETER   11  alpha_y RESTORED TO VARIABLE.
                   PARAMETER    9  alpha_2CBO RESTORED TO VARIABLE.
                   PARAMETER    8  beta_CBO RESTORED TO VARIABLE.
 **********
 **   26 **FIX            0
 **********
 PARAMETER    0  IS UNDEFINED. IGNORED.
 **********
 **   27 **FIX            1
 **********
 **********
 **   28 **FIX            2
 **********
 PARAMETER    2  IS CONSTANT.   IGNORED.
 **********
 **   29 **FIX            3
 **********
 **********
 **   30 **FIX            4
 **********
 **********
 **   31 **FIX            5
 **********
 PARAMETER    5  IS CONSTANT.   IGNORED.
 **********
 **   32 **FIX            6
 **********
 **********
 **   33 **FIX            7
 **********
 PARAMETER    7  IS CONSTANT.   IGNORED.
 **********
 **   34 **FIX           10
 **********
 **********
 **   35 **FIX           11
 **********
 **********
 **   36 **FIX           12
 **********
 PARAMETER   12  IS CONSTANT.   IGNORED.
 **********
 **   37 **FIX           13
 **********
 **********
 **   38 **FIX           14
 **********
 **********
 **   39 **FIX           15
 **********
 PARAMETER   15  IS CONSTANT.   IGNORED.
 **********
 **   40 **FIX           16
 **********
 **********
 **   41 **MIGRAD
 **********
 START MIGRAD MINIMIZATION.  STRATEGY  1.  CONVERGENCE WHEN EDM .LT. 1.00e-04
 FCN=66.7209 FROM MIGRAD    STATUS=INITIATE       18 CALLS        3264 TOTAL
                     EDM= unknown      STRATEGY= 1      NO ERROR MATRIX       
  EXT PARAMETER               CURRENT GUESS       STEP         FIRST   
  NO.   NAME      VALUE            ERROR          SIZE      DERIVATIVE 
   1  N0           3.17906e+06     fixed    
   2  tau          6.44064e+01   constant   
   3  A0           3.47697e-01     fixed    
   4  phi          4.12202e+00     fixed    
   5  R           -6.06001e+01   constant   
   6  alpha_CBO    2.17298e-03     fixed    
   7  w_CBO        2.32500e+00   constant   
   8  beta_CBO     0.00000e+00   1.00000e-03   1.00000e-03  -3.27627e+03
   9  alpha_2CBO   0.00000e+00   1.00000e-03   1.00000e-03  -2.68555e+03
  10  beta_2CBO   -9.80292e-04     fixed    
  11  alpha_y      0.00000e+00     fixed    
  12  w_y          1.38860e+01   constant   
  13  beta_y       9.90449e-04     fixed    
  14  alpha_vw     0.00000e+00     fixed    
  15  w_vw         1.43404e+01   constant   
  16  beta_vw      0.00000e+00     fixed    
  17  LM           6.43054e-05   constant   
  18  zeta_y       0.00000e+00   constant   
  19  zeta_vw      0.00000e+00   constant   
  20  T_CBO        3.13814e+01   5.70167e+00  -9.31995e-04  -1.78688e+01
  21  alpha_A0     4.56435e+03   9.41129e+03   2.59614e+02  -8.49595e-05
  22  beta_A0      6.34381e+02   1.15823e+03   3.20361e+01   8.76607e-05
  23  alpha_phi   -2.79910e+02   4.79615e+02  -1.32523e+01   1.21019e-04
  24  beta_phi    -3.31241e+03   6.99529e+03  -1.92910e+02  -2.32567e-05
 CALL LIMIT EXCEEDED IN MIGRAD.
 MIGRAD TERMINATED WITHOUT CONVERGENCE.
 FCN=58.7427 FROM MIGRAD    STATUS=CALL LIMIT   1147 CALLS        4393 TOTAL
                     EDM=0.000577114    STRATEGY= 1  ERROR MATRIX UNCERTAINTY  24.9 per cent
  EXT PARAMETER                APPROXIMATE        STEP         FIRST   
  NO.   NAME      VALUE            ERROR          SIZE      DERIVATIVE 
   1  N0           3.17906e+06     fixed    
   2  tau          6.44064e+01   constant   
   3  A0           3.47697e-01     fixed    
   4  phi          4.12202e+00     fixed    
   5  R           -6.06001e+01   constant   
   6  alpha_CBO    2.17298e-03     fixed    
   7  w_CBO        2.32500e+00   constant   
   8  beta_CBO     2.80652e-03   1.27737e-03   2.42724e-05   1.17374e+01
   9  alpha_2CBO   2.36374e-03   1.34003e-03   8.62314e-06   4.21747e+00
  10  beta_2CBO   -9.80292e-04     fixed    
  11  alpha_y      0.00000e+00     fixed    
  12  w_y          1.38860e+01   constant   
  13  beta_y       9.90449e-04     fixed    
  14  alpha_vw     0.00000e+00     fixed    
  15  w_vw         1.43404e+01   constant   
  16  beta_vw      0.00000e+00     fixed    
  17  LM           6.43054e-05   constant   
  18  zeta_y       0.00000e+00   constant   
  19  zeta_vw      0.00000e+00   constant   
  20  T_CBO        2.27849e+01   3.32357e+00  -6.66974e-04  -1.48815e+01
  21  alpha_A0     5.10738e+05   1.14491e+06   3.36863e+04  -3.21156e-07
  22  beta_A0     -5.93351e+04   1.76035e+05  -5.13385e+03   9.73969e-08
  23  alpha_phi   -7.40906e+04   9.66668e+04  -2.31598e+03   3.21087e-07
  24  beta_phi    -4.36776e+05   1.12176e+06  -3.28800e+04  -5.83815e-08
 EXTERNAL ERROR MATRIX.    NDIM=  25    NPAR=  7    ERR DEF=1
  1.632e-06 -7.302e-08 -3.513e-04  1.433e+02 -1.852e+01 -1.982e+01 -1.245e+02 
 -7.302e-08  1.796e-06 -6.169e-04  2.190e+02 -3.698e+01 -6.372e+00 -2.278e+02 
 -3.513e-04 -6.169e-04  1.105e+01 -3.786e+06  5.751e+05  2.636e+05  3.690e+06 
  1.433e+02  2.190e+02 -3.786e+06  1.311e+12 -1.999e+11 -8.951e+10 -1.280e+12 
 -1.852e+01 -3.698e+01  5.751e+05 -1.999e+11  3.099e+10  1.237e+10  1.972e+11 
 -1.982e+01 -6.372e+00  2.636e+05 -8.951e+10  1.237e+10  9.344e+09  8.245e+10 
 -1.245e+02 -2.278e+02  3.690e+06 -1.280e+12  1.972e+11  8.245e+10  1.258e+12 
ERR MATRIX APPROXIMATE
 PARAMETER  CORRELATION COEFFICIENTS  
       NO.  GLOBAL      8      9     20     21     22     23     24
        8  0.31824   1.000 -0.043 -0.083  0.098 -0.082 -0.161 -0.087
        9  0.22613  -0.043  1.000 -0.138  0.143 -0.157 -0.049 -0.152
       20  0.99570  -0.083 -0.138  1.000 -0.995  0.983  0.821  0.990
       21  0.99999   0.098  0.143 -0.995  1.000 -0.992 -0.809 -0.997
       22  0.99993  -0.082 -0.157  0.983 -0.992  1.000  0.727  0.999
       23  0.99963  -0.161 -0.049  0.821 -0.809  0.727  1.000  0.760
       24  0.99999  -0.087 -0.152  0.990 -0.997  0.999  0.760  1.000
 ERR MATRIX APPROXIMATE
MINUIT - FIT wiggle + 1-CBO + 2-CBO
 **********
 **   42 **RES 
 **********
                   PARAMETER   16  beta_vw RESTORED TO VARIABLE.
                   PARAMETER   14  alpha_vw RESTORED TO VARIABLE.
                   PARAMETER   13  beta_y RESTORED TO VARIABLE.
                   PARAMETER   11  alpha_y RESTORED TO VARIABLE.
                   PARAMETER   10  beta_2CBO RESTORED TO VARIABLE.
                   PARAMETER    6  alpha_CBO RESTORED TO VARIABLE.
                   PARAMETER    4  phi RESTORED TO VARIABLE.
                   PARAMETER    3  A0 RESTORED TO VARIABLE.
                   PARAMETER    1  N0 RESTORED TO VARIABLE.
 **********
 **   43 **FIX           10
 **********
 **********
 **   44 **FIX           11
 **********
 **********
 **   45 **FIX           12
 **********
 PARAMETER   12  IS CONSTANT.   IGNORED.
 **********
 **   46 **FIX           13
 **********
 **********
 **   47 **FIX           14
 **********
 **********
 **   48 **FIX           15
 **********
 PARAMETER   15  IS CONSTANT.   IGNORED.
 **********
 **   49 **FIX           16
 **********
 **********
 **   50 **MIGRAD
 **********
 START MIGRAD MINIMIZATION.  STRATEGY  1.  CONVERGENCE WHEN EDM .LT. 1.00e-04
 FCN=58.7427 FROM MIGRAD    STATUS=INITIATE       22 CALLS        4415 TOTAL
                     EDM= unknown      STRATEGY= 1      NO ERROR MATRIX       
  EXT PARAMETER               CURRENT GUESS       STEP         FIRST   
  NO.   NAME      VALUE            ERROR          SIZE      DERIVATIVE 
   1  N0           3.17906e+06   3.10421e+03   3.10421e+03  -1.30114e-04
   2  tau          6.44064e+01   constant   
   3  A0           3.47697e-01   1.15568e-03   1.15568e-03  -9.79713e+02
   4  phi          4.12202e+00   3.67182e-03   3.67182e-03  -1.03469e+02
   5  R           -6.06001e+01   constant   
   6  alpha_CBO    2.17298e-03   1.34325e-03   1.34325e-03   1.79543e+02
   7  w_CBO        2.32500e+00   constant   
   8  beta_CBO     2.80652e-03   1.27737e-03   2.42724e-05   1.17374e+01
   9  alpha_2CBO   2.36374e-03   1.34003e-03   8.62314e-06   4.21747e+00
  10  beta_2CBO   -9.80292e-04     fixed    
  11  alpha_y      0.00000e+00     fixed    
  12  w_y          1.38860e+01   constant   
  13  beta_y       9.90449e-04     fixed    
  14  alpha_vw     0.00000e+00     fixed    
  15  w_vw         1.43404e+01   constant   
  16  beta_vw      0.00000e+00     fixed    
  17  LM           6.43054e-05   constant   
  18  zeta_y       0.00000e+00   constant   
  19  zeta_vw      0.00000e+00   constant   
  20  T_CBO        2.27849e+01   3.32357e+00  -6.66974e-04  -1.48815e+01
  21  alpha_A0     5.10738e+05   1.14491e+06   3.36863e+04  -3.21155e-07
  22  beta_A0     -5.93351e+04   1.76035e+05  -5.13385e+03   9.73949e-08
  23  alpha_phi   -7.40906e+04   9.66668e+04  -2.31598e+03   3.21087e-07
  24  beta_phi    -4.36776e+05   1.12176e+06  -3.28800e+04  -5.83815e-08
 CALL LIMIT EXCEEDED IN MIGRAD.
 MIGRAD TERMINATED WITHOUT CONVERGENCE.
 FCN=57.7924 FROM MIGRAD    STATUS=CALL LIMIT   1915 CALLS        6308 TOTAL
                     EDM=0.00358572    STRATEGY= 1  ERROR MATRIX UNCERTAINTY  21.3 per cent
  EXT PARAMETER                APPROXIMATE        STEP         FIRST   
  NO.   NAME      VALUE            ERROR          SIZE      DERIVATIVE 
   1  N0           3.17960e+06   3.00988e+03  -4.48334e+01  -8.96091e-06
   2  tau          6.44064e+01   constant   
   3  A0           3.48743e-01   1.31112e-03   8.22083e-06   8.00005e+00
   4  phi          4.12271e+00   3.57572e-03  -8.07902e-05  -8.37196e+00
   5  R           -6.06001e+01   constant   
   6  alpha_CBO    1.95141e-03   1.35132e-03  -1.66184e-05  -1.43653e+01
   7  w_CBO        2.32500e+00   constant   
   8  beta_CBO     3.12556e-03   1.31785e-03   1.96888e-05   1.27165e+01
   9  alpha_2CBO   2.37515e-03   1.31619e-03   6.12065e-06   4.75292e+00
  10  beta_2CBO   -9.80292e-04     fixed    
  11  alpha_y      0.00000e+00     fixed    
  12  w_y          1.38860e+01   constant   
  13  beta_y       9.90449e-04     fixed    
  14  alpha_vw     0.00000e+00     fixed    
  15  w_vw         1.43404e+01   constant   
  16  beta_vw      0.00000e+00     fixed    
  17  LM           6.43054e-05   constant   
  18  zeta_y       0.00000e+00   constant   
  19  zeta_vw      0.00000e+00   constant   
  20  T_CBO        1.63919e+01   1.09620e+00   2.41335e-05  -1.49064e+01
  21  alpha_A0     4.97603e+08   7.54688e+08   4.71136e+06   9.66700e-11
  22  beta_A0     -9.21705e+07   1.39246e+08  -8.68003e+05  -3.31899e-10
  23  alpha_phi   -1.12756e+08   1.72336e+08  -1.07999e+06   9.59380e-10
  24  beta_phi    -4.23087e+08   6.42346e+08  -4.01148e+06   2.48383e-10
 EXTERNAL ERROR MATRIX.    NDIM=  25    NPAR= 11    ERR DEF=1
  9.059e+06 
  2.154e-01  1.719e-06 
 -1.071e+00  2.358e-07  1.279e-05 
 -1.604e-01  6.697e-09 -7.658e-07  1.826e-06 
  2.194e-01  3.986e-07  3.012e-07 -3.849e-08  1.737e-06 
  3.065e-01 -2.149e-08  1.676e-07 -1.381e-07 -3.496e-08  1.732e-06 
  4.264e+02 -1.016e-04  1.137e-03  1.955e-04 -2.689e-04 -8.133e-05  1.202e+00 
 -4.388e+11  1.042e+05 -7.826e+05 -1.600e+05  1.950e+05  5.693e+04 -8.125e+08  5.696e+17 
  8.097e+10 -1.925e+04  1.444e+05  2.950e+04 -3.604e+04 -1.050e+04  1.499e+08 -1.051e+17  1.939e+16 
  1.002e+11 -2.385e+04  1.787e+05  3.655e+04 -4.457e+04 -1.301e+04  1.855e+08 -1.301e+17  2.400e+16  2.970e+16 
  3.735e+11 -8.868e+04  6.661e+05  1.362e+05 -1.660e+05 -4.848e+04  6.915e+08 -4.848e+17  8.944e+16  1.107e+17  4.126e+17 
ERR MATRIX APPROXIMATE
 PARAMETER  CORRELATION COEFFICIENTS  
       NO.  GLOBAL      1      3      4      6      8      9     20     21     22     23     24
        1  0.49875   1.000  0.055 -0.100 -0.039  0.055  0.077  0.129 -0.193  0.193  0.193  0.193
        3  0.35781   0.055  1.000  0.050  0.004  0.231 -0.012 -0.071  0.105 -0.105 -0.106 -0.105
        4  0.44057  -0.100  0.050  1.000 -0.158  0.064  0.036  0.290 -0.290  0.290  0.290  0.290
        6  0.34221  -0.039  0.004 -0.158  1.000 -0.022 -0.078  0.132 -0.157  0.157  0.157  0.157
        8  0.37064   0.055  0.231  0.064 -0.022  1.000 -0.020 -0.186  0.196 -0.196 -0.196 -0.196
        9  0.16508   0.077 -0.012  0.036 -0.078 -0.020  1.000 -0.056  0.057 -0.057 -0.057 -0.057
       20  0.98725   0.129 -0.071  0.290  0.132 -0.186 -0.056  1.000 -0.982  0.982  0.982  0.982
       21  1.00000  -0.193  0.105 -0.290 -0.157  0.196  0.057 -0.982  1.000 -1.000 -1.000 -1.000
       22  1.00000   0.193 -0.105  0.290  0.157 -0.196 -0.057  0.982 -1.000  1.000  1.000  1.000
       23  1.00000   0.193 -0.106  0.290  0.157 -0.196 -0.057  0.982 -1.000  1.000  1.000  1.000
       24  1.00000   0.193 -0.105  0.290  0.157 -0.196 -0.057  0.982 -1.000  1.000  1.000  1.000
 ERR MATRIX APPROXIMATE
MINUIT - FIT ONLY 1-y
 **********
 **   51 **RES 
 **********
                   PARAMETER   16  beta_vw RESTORED TO VARIABLE.
                   PARAMETER   14  alpha_vw RESTORED TO VARIABLE.
                   PARAMETER   13  beta_y RESTORED TO VARIABLE.
                   PARAMETER   11  alpha_y RESTORED TO VARIABLE.
                   PARAMETER   10  beta_2CBO RESTORED TO VARIABLE.
 **********
 **   52 **FIX            0
 **********
 PARAMETER    0  IS UNDEFINED. IGNORED.
 **********
 **   53 **FIX            1
 **********
 **********
 **   54 **FIX            2
 **********
 PARAMETER    2  IS CONSTANT.   IGNORED.
 **********
 **   55 **FIX            3
 **********
 **********
 **   56 **FIX            4
 **********
 **********
 **   57 **FIX            5
 **********
 PARAMETER    5  IS CONSTANT.   IGNORED.
 **********
 **   58 **FIX            6
 **********
 **********
 **   59 **FIX            7
 **********
 PARAMETER    7  IS CONSTANT.   IGNORED.
 **********
 **   60 **FIX            8
 **********
 **********
 **   61 **FIX            9
 **********
 **********
 **   62 **FIX           13
 **********
 **********
 **   63 **FIX           14
 **********
 **********
 **   64 **FIX           15
 **********
 PARAMETER   15  IS CONSTANT.   IGNORED.
 **********
 **   65 **FIX           16
 **********
 **********
 **   66 **MIGRAD
 **********
 START MIGRAD MINIMIZATION.  STRATEGY  1.  CONVERGENCE WHEN EDM .LT. 1.00e-04
 FCN=57.7923 FROM MIGRAD    STATUS=INITIATE       37 CALLS        6345 TOTAL
                     EDM= unknown      STRATEGY= 1      NO ERROR MATRIX       
  EXT PARAMETER               CURRENT GUESS       STEP         FIRST   
  NO.   NAME      VALUE            ERROR          SIZE      DERIVATIVE 
   1  N0           3.17960e+06     fixed    
   2  tau          6.44064e+01   constant   
   3  A0           3.48743e-01     fixed    
   4  phi          4.12271e+00     fixed    
   5  R           -6.06001e+01   constant   
   6  alpha_CBO    1.95141e-03     fixed    
   7  w_CBO        2.32500e+00   constant   
   8  beta_CBO     3.12556e-03     fixed    
   9  alpha_2CBO   2.37515e-03     fixed    
  10  beta_2CBO   -9.80292e-04   1.25230e-03   0.00000e+00   8.90990e+01
  11  alpha_y      0.00000e+00   1.00000e-03   0.00000e+00   5.95376e+01
  12  w_y          1.38860e+01   constant   
  13  beta_y       9.90449e-04     fixed    
  14  alpha_vw     0.00000e+00     fixed    
  15  w_vw         1.43404e+01   constant   
  16  beta_vw      0.00000e+00     fixed    
  17  LM           6.43054e-05   constant   
  18  zeta_y       0.00000e+00   constant   
  19  zeta_vw      0.00000e+00   constant   
  20  T_CBO        1.63919e+01   1.09620e+00   0.00000e+00  -1.60485e+01
  21  alpha_A0     4.97365e+08   7.54688e+08  -2.37275e+05   8.49878e-11
  22  beta_A0     -9.21705e+07   1.39246e+08   0.00000e+00  -3.31863e-10
  23  alpha_phi   -1.12756e+08   1.72336e+08   0.00000e+00   9.59600e-10
  24  beta_phi    -4.23087e+08   6.42346e+08   0.00000e+00   2.48997e-10
 CALL LIMIT EXCEEDED IN MIGRAD.
 MIGRAD TERMINATED WITHOUT CONVERGENCE.
 FCN=57.5264 FROM MIGRAD    STATUS=CALL LIMIT   1160 CALLS        7468 TOTAL
                     EDM=0.00996961    STRATEGY= 1  ERROR MATRIX UNCERTAINTY  19.9 per cent
  EXT PARAMETER                APPROXIMATE        STEP         FIRST   
  NO.   NAME      VALUE            ERROR          SIZE      DERIVATIVE 
   1  N0           3.17960e+06     fixed    
   2  tau          6.44064e+01   constant   
   3  A0           3.48743e-01     fixed    
   4  phi          4.12271e+00     fixed    
   5  R           -6.06001e+01   constant   
   6  alpha_CBO    1.95141e-03     fixed    
   7  w_CBO        2.32500e+00   constant   
   8  beta_CBO     3.12556e-03     fixed    
   9  alpha_2CBO   2.37515e-03     fixed    
  10  beta_2CBO   -1.09373e-03   1.32962e-03   2.28511e-05   9.28670e-01
  11  alpha_y     -4.60598e-05   1.29041e-03   5.65078e-06  -2.13860e+00
  12  w_y          1.38860e+01   constant   
  13  beta_y       9.90449e-04     fixed    
  14  alpha_vw     0.00000e+00     fixed    
  15  w_vw         1.43404e+01   constant   
  16  beta_vw      0.00000e+00     fixed    
  17  LM           6.43054e-05   constant   
  18  zeta_y       0.00000e+00   constant   
  19  zeta_vw      0.00000e+00   constant   
  20  T_CBO        1.35790e+01   1.34159e+00  -6.15266e-04  -6.54479e+01
  21  alpha_A0     7.72301e+10   2.01590e+11   1.06773e+10   2.89565e-13
  22  beta_A0     -1.75100e+10   5.00040e+10  -2.64470e+09  -6.17022e-12
  23  alpha_phi   -2.62547e+10   7.08659e+10  -3.75119e+09  -4.26222e-12
  24  beta_phi    -6.40162e+10   1.65022e+11  -8.74279e+09   8.69522e-12
 EXTERNAL ERROR MATRIX.    NDIM=  25    NPAR=  7    ERR DEF=1
  1.768e-06  4.039e-08 -1.840e-05  4.268e+06 -9.949e+05 -1.392e+06 -3.572e+06 
  4.039e-08  1.665e-06  4.733e-06 -1.083e+06  2.679e+05  3.615e+05  9.225e+05 
 -1.840e-05  4.733e-06  1.800e+00 -2.703e+11  6.701e+10  9.501e+10  2.213e+11 
  4.268e+06 -1.083e+06 -2.703e+11  4.064e+22 -1.008e+22 -1.429e+22 -3.327e+22 
 -9.949e+05  2.679e+05  6.701e+10 -1.008e+22  2.500e+21  3.543e+21  8.249e+21 
 -1.392e+06  3.615e+05  9.501e+10 -1.429e+22  3.543e+21  5.022e+21  1.169e+22 
 -3.572e+06  9.225e+05  2.213e+11 -3.327e+22  8.249e+21  1.169e+22  2.723e+22 
ERR MATRIX APPROXIMATE
 PARAMETER  CORRELATION COEFFICIENTS  
       NO.  GLOBAL     10     11     20     21     22     23     24
       10  0.26126   1.000  0.024 -0.010  0.016 -0.015 -0.015 -0.016
       11  0.08274   0.024  1.000  0.003 -0.004  0.004  0.004  0.004
       20  0.99940  -0.010  0.003  1.000 -0.999  0.999  0.999  0.999
       21  1.00000   0.016 -0.004 -0.999  1.000 -1.000 -1.000 -1.000
       22  0.99994  -0.015  0.004  0.999 -1.000  1.000  1.000  1.000
       23  0.99999  -0.015  0.004  0.999 -1.000  1.000  1.000  1.000
       24  1.00000  -0.016  0.004  0.999 -1.000  1.000  1.000  1.000
 ERR MATRIX APPROXIMATE
MINUIT - FIT ONLY 2-y
 **********
 **   67 **RES 
 **********
                   PARAMETER   16  beta_vw RESTORED TO VARIABLE.
                   PARAMETER   14  alpha_vw RESTORED TO VARIABLE.
                   PARAMETER   13  beta_y RESTORED TO VARIABLE.
                   PARAMETER    9  alpha_2CBO RESTORED TO VARIABLE.
                   PARAMETER    8  beta_CBO RESTORED TO VARIABLE.
                   PARAMETER    6  alpha_CBO RESTORED TO VARIABLE.
                   PARAMETER    4  phi RESTORED TO VARIABLE.
                   PARAMETER    3  A0 RESTORED TO VARIABLE.
                   PARAMETER    1  N0 RESTORED TO VARIABLE.
 **********
 **   68 **FIX            0
 **********
 PARAMETER    0  IS UNDEFINED. IGNORED.
 **********
 **   69 **FIX            1
 **********
 **********
 **   70 **FIX            2
 **********
 PARAMETER    2  IS CONSTANT.   IGNORED.
 **********
 **   71 **FIX            3
 **********
 **********
 **   72 **FIX            4
 **********
 **********
 **   73 **FIX            5
 **********
 PARAMETER    5  IS CONSTANT.   IGNORED.
 **********
 **   74 **FIX            6
 **********
 **********
 **   75 **FIX            7
 **********
 PARAMETER    7  IS CONSTANT.   IGNORED.
 **********
 **   76 **FIX            8
 **********
 **********
 **   77 **FIX            9
 **********
 **********
 **   78 **FIX           10
 **********
 **********
 **   79 **FIX           11
 **********
 **********
 **   80 **FIX           12
 **********
 PARAMETER   12  IS CONSTANT.   IGNORED.
 **********
 **   81 **FIX           16
 **********
 **********
 **   82 **MIGRAD
 **********
 START MIGRAD MINIMIZATION.  STRATEGY  1.  CONVERGENCE WHEN EDM .LT. 1.00e-04
 FCN=57.5263 FROM MIGRAD    STATUS=INITIATE       37 CALLS        7505 TOTAL
                     EDM= unknown      STRATEGY= 1      NO ERROR MATRIX       
  EXT PARAMETER               CURRENT GUESS       STEP         FIRST   
  NO.   NAME      VALUE            ERROR          SIZE      DERIVATIVE 
   1  N0           3.17960e+06     fixed    
   2  tau          6.44064e+01   constant   
   3  A0           3.48743e-01     fixed    
   4  phi          4.12271e+00     fixed    
   5  R           -6.06001e+01   constant   
   6  alpha_CBO    1.95141e-03     fixed    
   7  w_CBO        2.32500e+00   constant   
   8  beta_CBO     3.12556e-03     fixed    
   9  alpha_2CBO   2.37515e-03     fixed    
  10  beta_2CBO   -1.09373e-03     fixed    
  11  alpha_y     -4.60598e-05     fixed    
  12  w_y          1.38860e+01   constant   
  13  beta_y       9.90449e-04   1.29636e-03   0.00000e+00  -3.00146e+01
  14  alpha_vw     0.00000e+00   1.00000e-03   0.00000e+00   1.32105e+03
  15  w_vw         1.43404e+01   constant   
  16  beta_vw      0.00000e+00     fixed    
  17  LM           6.43054e-05   constant   
  18  zeta_y       0.00000e+00   constant   
  19  zeta_vw      0.00000e+00   constant   
  20  T_CBO        1.35790e+01   1.34159e+00   0.00000e+00  -6.56129e+01
  21  alpha_A0     7.72301e+10   2.01590e+11   0.00000e+00   2.88962e-13
  22  beta_A0     -1.75100e+10   5.00040e+10   0.00000e+00  -6.17156e-12
  23  alpha_phi   -2.62421e+10   7.08659e+10   1.25192e+07  -4.24128e-12
  24  beta_phi    -6.40162e+10   1.65022e+11   0.00000e+00   8.69562e-12
 MIGRAD MINIMIZATION HAS CONVERGED.
 MIGRAD WILL VERIFY CONVERGENCE AND ERROR MATRIX.
 COVARIANCE MATRIX CALCULATED SUCCESSFULLY
 FCN=56.7262 FROM MIGRAD    STATUS=CONVERGED     218 CALLS        7686 TOTAL
                     EDM=2.36724e-06    STRATEGY= 1      ERROR MATRIX ACCURATE 
  EXT PARAMETER                                   STEP         FIRST   
  NO.   NAME      VALUE            ERROR          SIZE      DERIVATIVE 
   1  N0           3.17960e+06     fixed    
   2  tau          6.44064e+01   constant   
   3  A0           3.48743e-01     fixed    
   4  phi          4.12271e+00     fixed    
   5  R           -6.06001e+01   constant   
   6  alpha_CBO    1.95141e-03     fixed    
   7  w_CBO        2.32500e+00   constant   
   8  beta_CBO     3.12556e-03     fixed    
   9  alpha_2CBO   2.37515e-03     fixed    
  10  beta_2CBO   -1.09373e-03     fixed    
  11  alpha_y     -4.60598e-05     fixed    
  12  w_y          1.38860e+01   constant   
  13  beta_y       9.67363e-04   1.32383e-03   4.90680e-06  -1.99531e-01
  14  alpha_vw    -1.15112e-03   1.32127e-03   4.89734e-06   3.05326e-02
  15  w_vw         1.43404e+01   constant   
  16  beta_vw      0.00000e+00     fixed    
  17  LM           6.43054e-05   constant   
  18  zeta_y       0.00000e+00   constant   
  19  zeta_vw      0.00000e+00   constant   
  20  T_CBO        1.35172e+01   1.31482e-01   4.23212e-06   1.89730e+00
  21  alpha_A0     8.82376e+10   1.41421e+00   4.20750e+04  -2.71378e-13
  22  beta_A0     -1.49045e+10   1.41421e+00   7.10702e+03   1.44706e-12
  23  alpha_phi   -2.65331e+10   1.41421e+00   1.26520e+04  -9.25527e-15
  24  beta_phi    -7.75661e+10   1.41421e+00   3.69864e+04  -1.15283e-14
 EXTERNAL ERROR MATRIX.    NDIM=  25    NPAR=  7    ERR DEF=1
  1.753e-06  7.394e-08  5.020e-07 -1.500e-15 -4.233e-16 -1.206e-15 -1.210e-15 
  7.394e-08  1.746e-06  4.058e-07 -1.090e-15 -3.000e-16 -4.454e-16 -1.026e-15 
  5.020e-07  4.058e-07  1.729e-02 -5.339e-12  5.739e-13  1.452e-12  5.081e-12 
 -1.500e-15 -1.090e-15 -5.339e-12  2.000e+00  7.353e-20  2.009e-21 -5.994e-22 
 -4.233e-16 -3.000e-16  5.739e-13  7.353e-20  2.000e+00  4.948e-21  5.629e-21 
 -1.206e-15 -4.454e-16  1.452e-12  2.009e-21  4.948e-21  2.000e+00  1.521e-21 
 -1.210e-15 -1.026e-15  5.081e-12 -5.994e-22  5.629e-21  1.521e-21  2.000e+00 
 PARAMETER  CORRELATION COEFFICIENTS  
       NO.  GLOBAL     13     14     20     21     22     23     24
       13  0.04236   1.000  0.042  0.003 -0.000 -0.000 -0.000 -0.000
       14  0.04233   0.042  1.000  0.002 -0.000 -0.000 -0.000 -0.000
       20  0.00364   0.003  0.002  1.000 -0.000  0.000  0.000  0.000
       21  0.00000  -0.000 -0.000 -0.000  1.000  0.000  0.000 -0.000
       22  0.00000  -0.000 -0.000  0.000  0.000  1.000  0.000  0.000
       23  0.00000  -0.000 -0.000  0.000  0.000  0.000  1.000  0.000
