 + ++++++++++++++++++++++++++++++++++++++++++++++++++++++++++++++++++++ +
 +                                                                      +
 +           You have chose to blind your fitting according to          +
 +                omega_ref * (1 + (R +/- deltaR) *10^{-6})             +
 +                                                                      +
 + ++++++++++++++++++++++++++++++++++++++++++++++++++++++++++++++++++++ +
In main()...
reading format from /gm2data/zkhechad/run45/envelope/formats/formatB_sBin_constraintOn.txt
pBinTau 	= 0  
pBinPhi 	= 0  
constraintau 	= 1 
includeMopTerm 	= 0    
constrainMop    = 0   
Parameters after format file: pBinTau 0 pBinPhi 0 constraintau 1 includeMopTerm 0 constrainMop 0 c_e_scale 0.000000 
Opening file /gm2data/tbarrett/gm2fr/studies/run23_bunch_corrections/CorrectedFourier_Run3b.root.
reading full fit data from /gm2data/zkhechad/cboTemplates/Run4CBOTemplates/templateFits0_v2.0/noRF/sBin_constraintOn_cE0.0_seed0_noRF_calo22.root
windowBins = 17
fitting sliding window 450 from bin 586 at 87.282000 to bin 603 at 89.967600 (17 bins)

Reading data from /gm2data/cornell/histograms/aMethod/histogram_a_noRF.root
 **********
 **    1 **SET PRINTOUT            1
 **********
 **********
 **    2 **SET NOWARNINGS 
 **********
 PARAMETER DEFINITIONS:
    NO.   NAME         VALUE      STEP SIZE      LIMITS
     1 N0           3.01105e+06  1.00000e+02     no limits
     2 tau          6.44153e+01  constant
     3 A0           3.51737e-01  1.00000e-04     no limits
     4 phi          4.11590e+00  1.00000e-02     no limits
     5 R           -6.13262e+01  constant
     6 alpha_CBO    0.00000e+00  1.00000e-03     no limits
     7 w_CBO        2.32500e+00  constant
     8 beta_CBO     0.00000e+00  1.00000e-03     no limits
     9 alpha_2CBO   0.00000e+00  1.00000e-03     no limits
    10 beta_2CBO    0.00000e+00  1.00000e-03     no limits
    11 alpha_y      0.00000e+00  1.00000e-03     no limits
    12 w_y          1.44500e+01  constant
    13 beta_y       0.00000e+00  1.00000e-03     no limits
    14 alpha_vw     0.00000e+00  1.00000e-03     no limits
    15 w_vw         1.29000e+01  constant
    16 beta_vw      0.00000e+00  1.00000e-03     no limits
    17 LM           4.28749e-04  constant
    18 zeta_y       0.00000e+00  constant
    19 zeta_vw      0.00000e+00  constant
    20 T_CBO        1.00000e+02  1.00000e+00    0.00000e+00  1.00000e+03
    21 alpha_A0     0.00000e+00  1.00000e-03     no limits
    22 beta_A0      0.00000e+00  1.00000e-03     no limits
    23 alpha_phi    0.00000e+00  1.00000e-03     no limits
    24 beta_phi     0.00000e+00  1.00000e-03     no limits
MINUIT - FIT ONLY WIGGLE
 **********
 **    3 **FIX            5
 **********
 PARAMETER    5  IS CONSTANT.   IGNORED.
 **********
 **    4 **FIX            6
 **********
 **********
 **    5 **FIX            7
 **********
 PARAMETER    7  IS CONSTANT.   IGNORED.
 **********
 **    6 **FIX            8
 **********
 **********
 **    7 **FIX            9
 **********
 **********
 **    8 **FIX           10
 **********
 **********
 **    9 **FIX           11
 **********
 **********
 **   10 **FIX           12
 **********
 PARAMETER   12  IS CONSTANT.   IGNORED.
 **********
 **   11 **FIX           13
 **********
 **********
 **   12 **FIX           14
 **********
 **********
 **   13 **FIX           15
 **********
 PARAMETER   15  IS CONSTANT.   IGNORED.
 **********
 **   14 **FIX           16
 **********
 **********
 **   15 **MIGRAD
 **********
 FIRST CALL TO USER FUNCTION AT NEW START POINT, WITH IFLAG=4.
 START MIGRAD MINIMIZATION.  STRATEGY  1.  CONVERGENCE WHEN EDM .LT. 1.00e-04
 FCN=444.802 FROM MIGRAD    STATUS=INITIATE      437 CALLS         438 TOTAL
                     EDM= unknown      STRATEGY= 1      NO ERROR MATRIX       
  EXT PARAMETER               CURRENT GUESS       STEP         FIRST   
  NO.   NAME      VALUE            ERROR          SIZE      DERIVATIVE 
   1  N0           3.01105e+06   1.00000e+02   0.00000e+00   2.29571e-02
   2  tau          6.44153e+01   constant   
   3  A0           3.51737e-01   1.00000e-04   0.00000e+00   1.03781e+05
   4  phi          4.11590e+00   1.00000e-02   0.00000e+00  -5.24435e+04
   5  R           -6.13262e+01   constant   
   6  alpha_CBO    0.00000e+00     fixed    
   7  w_CBO        2.32500e+00   constant   
   8  beta_CBO     0.00000e+00     fixed    
   9  alpha_2CBO   0.00000e+00     fixed    
  10  beta_2CBO    0.00000e+00     fixed    
  11  alpha_y      0.00000e+00     fixed    
  12  w_y          1.44500e+01   constant   
  13  beta_y       0.00000e+00     fixed    
  14  alpha_vw     0.00000e+00     fixed    
  15  w_vw         1.29000e+01   constant   
  16  beta_vw      0.00000e+00     fixed    
  17  LM           4.28749e-04   constant   
  18  zeta_y       0.00000e+00   constant   
  19  zeta_vw      0.00000e+00   constant   
  20  T_CBO        1.00000e+02   1.00000e+00   0.00000e+00   0.00000e+00
  21  alpha_A0     0.00000e+00   1.00000e-03   0.00000e+00  -1.14799e+04
  22  beta_A0      0.00000e+00   1.00000e-03   0.00000e+00  -9.37169e+02
  23  alpha_phi    0.00000e+00   1.00000e-03   0.00000e+00  -9.71011e+03
  24  beta_phi     0.00000e+00   1.00000e-03   0.00000e+00   4.40558e+03
 CALL LIMIT EXCEEDED IN MIGRAD.
 MIGRAD TERMINATED WITHOUT CONVERGENCE.
 FCN=16.8526 FROM MIGRAD    STATUS=CALL LIMIT   1336 CALLS        1337 TOTAL
                     EDM=6.40519e-05    STRATEGY= 1  ERROR MATRIX UNCERTAINTY   2.2 per cent
  EXT PARAMETER                APPROXIMATE        STEP         FIRST   
  NO.   NAME      VALUE            ERROR          SIZE      DERIVATIVE 
   1  N0           3.01124e+06   9.95714e+02  -1.10127e+01  -6.48014e-06
   2  tau          6.44153e+01   constant   
   3  A0           3.42384e-01   1.98502e-03  -3.38999e-06   1.25318e+01
   4  phi          4.15460e+00   7.46164e-03  -9.28152e-06   3.43006e-01
   5  R           -6.13262e+01   constant   
   6  alpha_CBO    0.00000e+00     fixed    
   7  w_CBO        2.32500e+00   constant   
   8  beta_CBO     0.00000e+00     fixed    
   9  alpha_2CBO   0.00000e+00     fixed    
  10  beta_2CBO    0.00000e+00     fixed    
  11  alpha_y      0.00000e+00     fixed    
  12  w_y          1.44500e+01   constant   
  13  beta_y       0.00000e+00     fixed    
  14  alpha_vw     0.00000e+00     fixed    
  15  w_vw         1.29000e+01   constant   
  16  beta_vw      0.00000e+00     fixed    
  17  LM           4.28749e-04   constant   
  18  zeta_y       0.00000e+00   constant   
  19  zeta_vw      0.00000e+00   constant   
  20  T_CBO        3.63132e+01   1.36778e+00  -5.11465e-05   7.62020e-01
  21  alpha_A0    -3.58408e-01   1.43472e-01  -3.73509e-04   1.82908e-01
  22  beta_A0     -3.90041e-01   1.33874e-01  -2.86080e-04  -4.25579e+00
  23  alpha_phi   -4.29285e-01   1.49455e-01  -3.45610e-04   2.84703e+00
  24  beta_phi     3.89821e-01   1.16807e-01   1.90673e-04  -7.99853e-01
 EXTERNAL ERROR MATRIX.    NDIM=  25    NPAR=  8    ERR DEF=1
  9.914e+05  9.164e-01 -2.012e+00  6.815e+02  6.240e+01  5.628e+01  6.304e+01 -4.712e+01 
  9.164e-01  3.940e-06 -1.432e-05  2.050e-03  2.794e-04  2.617e-04  2.918e-04 -2.291e-04 
 -2.012e+00 -1.432e-05  5.568e-05 -6.987e-03 -1.027e-03 -9.663e-04 -1.076e-03  8.515e-04 
  6.815e+02  2.050e-03 -6.987e-03  1.871e+00  1.662e-01  1.522e-01  1.709e-01 -1.293e-01 
  6.240e+01  2.794e-04 -1.027e-03  1.662e-01  2.058e-02  1.919e-02  2.143e-02 -1.671e-02 
  5.628e+01  2.617e-04 -9.663e-04  1.522e-01  1.919e-02  1.792e-02  2.000e-02 -1.562e-02 
  6.304e+01  2.918e-04 -1.076e-03  1.709e-01  2.143e-02  2.000e-02  2.234e-02 -1.743e-02 
 -4.712e+01 -2.291e-04  8.515e-04 -1.293e-01 -1.671e-02 -1.562e-02 -1.743e-02  1.364e-02 
ERR MATRIX APPROXIMATE
 PARAMETER  CORRELATION COEFFICIENTS  
       NO.  GLOBAL      1      3      4     20     21     22     23     24
        1  0.89335   1.000  0.464 -0.271  0.500  0.437  0.422  0.424 -0.405
        3  0.99834   0.464  1.000 -0.967  0.755  0.981  0.985  0.984 -0.988
        4  0.99900  -0.271 -0.967  1.000 -0.685 -0.959 -0.967 -0.965  0.977
       20  0.98592   0.500  0.755 -0.685  1.000  0.847  0.831  0.836 -0.809
       21  0.99994   0.437  0.981 -0.959  0.847  1.000  0.999  1.000 -0.997
       22  0.99985   0.422  0.985 -0.967  0.831  0.999  1.000  1.000 -0.999
       23  0.99991   0.424  0.984 -0.965  0.836  1.000  1.000  1.000 -0.998
       24  0.99992  -0.405 -0.988  0.977 -0.809 -0.997 -0.999 -0.998  1.000
 ERR MATRIX APPROXIMATE
MINUIT - FIT ONLY 1-CBO + wiggle
 **********
 **   16 **RES 
 **********
                   PARAMETER   16  beta_vw RESTORED TO VARIABLE.
                   PARAMETER   14  alpha_vw RESTORED TO VARIABLE.
                   PARAMETER   13  beta_y RESTORED TO VARIABLE.
                   PARAMETER   11  alpha_y RESTORED TO VARIABLE.
                   PARAMETER   10  beta_2CBO RESTORED TO VARIABLE.
                   PARAMETER    9  alpha_2CBO RESTORED TO VARIABLE.
                   PARAMETER    8  beta_CBO RESTORED TO VARIABLE.
                   PARAMETER    6  alpha_CBO RESTORED TO VARIABLE.
 **********
 **   17 **FIX            8
 **********
 **********
 **   18 **FIX            9
 **********
 **********
 **   19 **FIX           11
 **********
 **********
 **   20 **FIX           12
 **********
 PARAMETER   12  IS CONSTANT.   IGNORED.
 **********
 **   21 **FIX           14
 **********
 **********
 **   22 **FIX           15
 **********
 PARAMETER   15  IS CONSTANT.   IGNORED.
 **********
 **   23 **FIX           16
 **********
 **********
 **   24 **MIGRAD
 **********
 START MIGRAD MINIMIZATION.  STRATEGY  1.  CONVERGENCE WHEN EDM .LT. 1.00e-04
 FCN=16.8526 FROM MIGRAD    STATUS=INITIATE       28 CALLS        1365 TOTAL
                     EDM= unknown      STRATEGY= 1      NO ERROR MATRIX       
  EXT PARAMETER               CURRENT GUESS       STEP         FIRST   
  NO.   NAME      VALUE            ERROR          SIZE      DERIVATIVE 
   1  N0           3.01124e+06   9.95714e+02  -1.10127e+01  -6.48014e-06
   2  tau          6.44153e+01   constant   
   3  A0           3.42384e-01   1.98502e-03  -3.38999e-06   1.25318e+01
   4  phi          4.15460e+00   7.46164e-03  -9.28152e-06   3.43006e-01
   5  R           -6.13262e+01   constant   
   6  alpha_CBO    0.00000e+00   1.00000e-03   1.00000e-03  -1.44876e+02
   7  w_CBO        2.32500e+00   constant   
   8  beta_CBO     0.00000e+00     fixed    
   9  alpha_2CBO   0.00000e+00     fixed    
  10  beta_2CBO    0.00000e+00   1.00000e-03   1.00000e-03  -7.44943e+02
  11  alpha_y      0.00000e+00     fixed    
  12  w_y          1.44500e+01   constant   
  13  beta_y       0.00000e+00   1.00000e-03   1.00000e-03   6.70646e+03
  14  alpha_vw     0.00000e+00     fixed    
  15  w_vw         1.29000e+01   constant   
  16  beta_vw      0.00000e+00     fixed    
  17  LM           4.28749e-04   constant   
  18  zeta_y       0.00000e+00   constant   
  19  zeta_vw      0.00000e+00   constant   
  20  T_CBO        3.63132e+01   1.36778e+00  -5.11465e-05   7.62025e-01
  21  alpha_A0    -3.58408e-01   1.43472e-01  -3.73509e-04   1.82907e-01
  22  beta_A0     -3.90041e-01   1.33874e-01  -2.86080e-04  -4.25579e+00
  23  alpha_phi   -4.29285e-01   1.49455e-01  -3.45610e-04   2.84703e+00
  24  beta_phi     3.89821e-01   1.16807e-01   1.90673e-04  -7.99853e-01
 CALL LIMIT EXCEEDED IN MIGRAD.
 MIGRAD TERMINATED WITHOUT CONVERGENCE.
 FCN=15.0768 FROM MIGRAD    STATUS=CALL LIMIT   1921 CALLS        3258 TOTAL
                     EDM=0.00365401    STRATEGY= 1  ERROR MATRIX UNCERTAINTY  22.5 per cent
  EXT PARAMETER                APPROXIMATE        STEP         FIRST   
  NO.   NAME      VALUE            ERROR          SIZE      DERIVATIVE 
   1  N0           3.03316e+06   1.12149e+04   4.98389e+02  -4.33068e-05
   2  tau          6.44153e+01   constant   
   3  A0           3.28632e-01   7.12112e-03  -3.21733e-04  -1.22292e+01
   4  phi          4.16879e+00   1.02581e-02   4.58643e-04   7.51105e+01
   5  R           -6.13262e+01   constant   
   6  alpha_CBO   -3.03296e-03   1.61166e-03  -6.57287e-05  -8.46332e+01
   7  w_CBO        2.32500e+00   constant   
   8  beta_CBO     0.00000e+00     fixed    
   9  alpha_2CBO   0.00000e+00     fixed    
  10  beta_2CBO    4.23579e-03   2.50172e-03   1.14564e-04  -2.68840e+02
  11  alpha_y      0.00000e+00     fixed    
  12  w_y          1.44500e+01   constant   
  13  beta_y      -1.83867e-04   2.14641e-04   2.30758e-06   5.57203e+01
  14  alpha_vw     0.00000e+00     fixed    
  15  w_vw         1.29000e+01   constant   
  16  beta_vw      0.00000e+00     fixed    
  17  LM           4.28749e-04   constant   
  18  zeta_y       0.00000e+00   constant   
  19  zeta_vw      0.00000e+00   constant   
  20  T_CBO        6.02668e+01   1.89836e+01   3.60434e-03  -1.38442e+01
  21  alpha_A0    -2.13803e-01   5.06098e-02   2.04316e-03  -3.74606e+00
  22  beta_A0     -3.86497e-01   4.93459e-02   2.28383e-03   3.69691e+00
  23  alpha_phi   -4.88976e-01   4.46767e-02   1.93056e-03  -6.19339e-01
  24  beta_phi     1.11356e-01   6.84447e-02  -3.14782e-03  -1.86835e+01
 EXTERNAL ERROR MATRIX.    NDIM=  25    NPAR= 11    ERR DEF=1
  1.258e+08 
 -7.914e+01  5.071e-05 
  1.144e+02 -7.230e-05  1.052e-04 
 -1.509e+01  9.635e-06 -1.425e-05  2.597e-06 
  2.731e+01 -1.754e-05  2.516e-05 -3.343e-06  6.259e-06 
  4.485e-01 -3.029e-07  3.591e-07 -3.417e-08  1.198e-07  4.607e-08 
  2.116e+05 -1.350e-01  1.940e-01 -2.655e-02  4.679e-02  7.012e-04  3.611e+02 
  5.403e+02 -3.378e-04  4.806e-04 -5.228e-05  1.146e-04  2.027e-06  8.904e-01  2.561e-03 
  5.371e+02 -3.420e-04  4.959e-04 -6.636e-05  1.220e-04  1.613e-06  9.180e-01  2.263e-03  2.435e-03 
  4.886e+02 -3.117e-04  4.458e-04 -5.742e-05  1.072e-04  1.044e-06  8.324e-01  2.138e-03  2.125e-03  1.996e-03 
 -7.584e+02  4.844e-04 -6.880e-04  8.712e-05 -1.683e-04 -3.169e-06 -1.285e+00 -3.319e-03 -3.275e-03 -2.991e-03  4.685e-03 
ERR MATRIX APPROXIMATE
 PARAMETER  CORRELATION COEFFICIENTS  
       NO.  GLOBAL      1      3      4      6     10     13     20     21     22     23     24
        1  0.99984   1.000 -0.991  0.995 -0.835  0.973  0.186  0.993  0.952  0.970  0.975 -0.988
        3  0.99996  -0.991  1.000 -0.990  0.840 -0.984 -0.198 -0.998 -0.937 -0.973 -0.980  0.994
        4  0.99929   0.995 -0.990  1.000 -0.862  0.980  0.163  0.995  0.926  0.980  0.973 -0.980
        6  0.99844  -0.835  0.840 -0.862  1.000 -0.829 -0.099 -0.867 -0.641 -0.834 -0.797  0.790
       10  0.99945   0.973 -0.984  0.980 -0.829  1.000  0.223  0.984  0.905  0.988  0.959 -0.983
       13  0.89411   0.186 -0.198  0.163 -0.099  0.223  1.000  0.172  0.187  0.152  0.109 -0.216
       20  0.99999   0.993 -0.998  0.995 -0.867  0.984  0.172  1.000  0.926  0.979  0.980 -0.988
       21  0.99818   0.952 -0.937  0.926 -0.641  0.905  0.187  0.926  1.000  0.906  0.945 -0.958
       22  0.99701   0.970 -0.973  0.980 -0.834  0.988  0.152  0.979  0.906  1.000  0.964 -0.970
       23  0.99896   0.975 -0.980  0.973 -0.797  0.959  0.109  0.980  0.945  0.964  1.000 -0.978
       24  0.99952  -0.988  0.994 -0.980  0.790 -0.983 -0.216 -0.988 -0.958 -0.970 -0.978  1.000
 ERR MATRIX APPROXIMATE
MINUIT - FIT ONLY 2-CBO
 **********
 **   25 **RES 
 **********
                   PARAMETER   16  beta_vw RESTORED TO VARIABLE.
                   PARAMETER   14  alpha_vw RESTORED TO VARIABLE.
                   PARAMETER   11  alpha_y RESTORED TO VARIABLE.
                   PARAMETER    9  alpha_2CBO RESTORED TO VARIABLE.
                   PARAMETER    8  beta_CBO RESTORED TO VARIABLE.
 **********
 **   26 **FIX            0
 **********
 PARAMETER    0  IS UNDEFINED. IGNORED.
 **********
 **   27 **FIX            1
 **********
 **********
 **   28 **FIX            2
 **********
 PARAMETER    2  IS CONSTANT.   IGNORED.
 **********
 **   29 **FIX            3
 **********
 **********
 **   30 **FIX            4
 **********
 **********
 **   31 **FIX            5
 **********
 PARAMETER    5  IS CONSTANT.   IGNORED.
 **********
 **   32 **FIX            6
 **********
 **********
 **   33 **FIX            7
 **********
 PARAMETER    7  IS CONSTANT.   IGNORED.
 **********
 **   34 **FIX           10
 **********
 **********
 **   35 **FIX           11
 **********
 **********
 **   36 **FIX           12
 **********
 PARAMETER   12  IS CONSTANT.   IGNORED.
 **********
 **   37 **FIX           13
 **********
 **********
 **   38 **FIX           14
 **********
 **********
 **   39 **FIX           15
 **********
 PARAMETER   15  IS CONSTANT.   IGNORED.
 **********
 **   40 **FIX           16
 **********
 **********
 **   41 **MIGRAD
 **********
 START MIGRAD MINIMIZATION.  STRATEGY  1.  CONVERGENCE WHEN EDM .LT. 1.00e-04
 FCN=15.0768 FROM MIGRAD    STATUS=INITIATE       18 CALLS        3276 TOTAL
                     EDM= unknown      STRATEGY= 1      NO ERROR MATRIX       
  EXT PARAMETER               CURRENT GUESS       STEP         FIRST   
  NO.   NAME      VALUE            ERROR          SIZE      DERIVATIVE 
   1  N0           3.03316e+06     fixed    
   2  tau          6.44153e+01   constant   
   3  A0           3.28632e-01     fixed    
   4  phi          4.16879e+00     fixed    
   5  R           -6.13262e+01   constant   
   6  alpha_CBO   -3.03296e-03     fixed    
   7  w_CBO        2.32500e+00   constant   
   8  beta_CBO     0.00000e+00   1.00000e-03   1.00000e-03   1.53487e+02
   9  alpha_2CBO   0.00000e+00   1.00000e-03   1.00000e-03  -2.21397e+02
  10  beta_2CBO    4.23579e-03     fixed    
  11  alpha_y      0.00000e+00     fixed    
  12  w_y          1.44500e+01   constant   
  13  beta_y      -1.83867e-04     fixed    
  14  alpha_vw     0.00000e+00     fixed    
  15  w_vw         1.29000e+01   constant   
  16  beta_vw      0.00000e+00     fixed    
  17  LM           4.28749e-04   constant   
  18  zeta_y       0.00000e+00   constant   
  19  zeta_vw      0.00000e+00   constant   
  20  T_CBO        6.02668e+01   1.89836e+01   3.60434e-03  -1.38442e+01
  21  alpha_A0    -2.13803e-01   5.06098e-02   2.04316e-03  -3.74606e+00
  22  beta_A0     -3.86497e-01   4.93459e-02   2.28383e-03   3.69692e+00
  23  alpha_phi   -4.88976e-01   4.46767e-02   1.93056e-03  -6.19339e-01
  24  beta_phi     1.11356e-01   6.84447e-02  -3.14782e-03  -1.86835e+01
 MIGRAD MINIMIZATION HAS CONVERGED.
 MIGRAD WILL VERIFY CONVERGENCE AND ERROR MATRIX.
 COVARIANCE MATRIX CALCULATED SUCCESSFULLY
 FCN=15.0288 FROM HESSE     STATUS=OK             50 CALLS        3425 TOTAL
                     EDM=0.000380789    STRATEGY= 1      ERROR MATRIX ACCURATE 
  EXT PARAMETER                                   STEP         FIRST   
  NO.   NAME      VALUE            ERROR          SIZE      DERIVATIVE 
   1  N0           3.03316e+06     fixed    
   2  tau          6.44153e+01   constant   
   3  A0           3.28632e-01     fixed    
   4  phi          4.16879e+00     fixed    
   5  R           -6.13262e+01   constant   
   6  alpha_CBO   -3.03296e-03     fixed    
   7  w_CBO        2.32500e+00   constant   
   8  beta_CBO     3.22523e-04   1.58626e-03   5.00227e-07  -8.83388e-01
   9  alpha_2CBO   3.37662e-04   1.55870e-03   5.01113e-07  -1.90981e+00
  10  beta_2CBO    4.23579e-03     fixed    
  11  alpha_y      0.00000e+00     fixed    
  12  w_y          1.44500e+01   constant   
  13  beta_y      -1.83867e-04     fixed    
  14  alpha_vw     0.00000e+00     fixed    
  15  w_vw         1.29000e+01   constant   
  16  beta_vw      0.00000e+00     fixed    
  17  LM           4.28749e-04   constant   
  18  zeta_y       0.00000e+00   constant   
  19  zeta_vw      0.00000e+00   constant   
  20  T_CBO        6.02442e+01   6.15561e+01   2.26743e-06  -1.47140e-01
  21  alpha_A0    -2.09745e-01   3.19512e-01   8.45893e-06   3.03457e-02
  22  beta_A0     -3.81290e-01   5.73693e-01   9.02900e-06   3.20521e-02
  23  alpha_phi   -4.91069e-01   7.41543e-01   6.57938e-06  -8.51721e-03
  24  beta_phi     1.15471e-01   1.76910e-01   7.07123e-06   1.28414e-01
 CALL LIMIT EXCEEDED IN MIGRAD.
 MIGRAD TERMINATED WITHOUT CONVERGENCE.
 FCN=15.024 FROM MIGRAD    STATUS=CALL LIMIT   1149 CALLS        4407 TOTAL
                     EDM=7.18099e-05    STRATEGY= 1  ERROR MATRIX UNCERTAINTY  25.3 per cent
  EXT PARAMETER                APPROXIMATE        STEP         FIRST   
  NO.   NAME      VALUE            ERROR          SIZE      DERIVATIVE 
   1  N0           3.03316e+06     fixed    
   2  tau          6.44153e+01   constant   
   3  A0           3.28632e-01     fixed    
   4  phi          4.16879e+00     fixed    
   5  R           -6.13262e+01   constant   
   6  alpha_CBO   -3.03296e-03     fixed    
   7  w_CBO        2.32500e+00   constant   
   8  beta_CBO     2.83523e-04   1.26966e-03  -1.69688e-06   7.69472e+00
   9  alpha_2CBO   3.39186e-04   1.23216e-03  -1.30726e-06   8.60184e+00
  10  beta_2CBO    4.23579e-03     fixed    
  11  alpha_y      0.00000e+00     fixed    
  12  w_y          1.44500e+01   constant   
  13  beta_y      -1.83867e-04     fixed    
  14  alpha_vw     0.00000e+00     fixed    
  15  w_vw         1.29000e+01   constant   
  16  beta_vw      0.00000e+00     fixed    
  17  LM           4.28749e-04   constant   
  18  zeta_y       0.00000e+00   constant   
  19  zeta_vw      0.00000e+00   constant   
  20  T_CBO        7.01849e+01   2.87296e+01   2.20909e-05  -8.58650e-01
  21  alpha_A0    -1.70239e-01   8.46412e-02  -1.43140e-06  -1.24712e-01
  22  beta_A0     -3.10245e-01   1.52741e-01  -1.07377e-06  -8.88063e-01
  23  alpha_phi   -3.99298e-01   2.08271e-01   3.12023e-05   1.13503e+00
  24  beta_phi     9.37668e-02   5.52798e-02  -2.66668e-05  -1.28192e-01
 EXTERNAL ERROR MATRIX.    NDIM=  25    NPAR=  7    ERR DEF=1
  1.612e-06  1.480e-06 -1.779e-02 -3.802e-05 -7.665e-05 -1.337e-04  4.550e-05 
  1.480e-06  1.518e-06 -1.384e-02 -2.597e-05 -5.552e-05 -1.054e-04  3.828e-05 
 -1.779e-02 -1.384e-02  8.289e+02  2.406e+00  4.373e+00  5.994e+00 -1.558e+00 
 -3.802e-05 -2.597e-05  2.406e+00  7.164e-03  1.289e-02  1.735e-02 -4.385e-03 
 -7.665e-05 -5.552e-05  4.373e+00  1.289e-02  2.333e-02  3.155e-02 -8.046e-03 
 -1.337e-04 -1.054e-04  5.994e+00  1.735e-02  3.155e-02  4.338e-02 -1.132e-02 
  4.550e-05  3.828e-05 -1.558e+00 -4.385e-03 -8.046e-03 -1.132e-02  3.056e-03 
ERR MATRIX APPROXIMATE
 PARAMETER  CORRELATION COEFFICIENTS  
       NO.  GLOBAL      8      9     20     21     22     23     24
        8  0.98449   1.000  0.946 -0.487 -0.354 -0.395 -0.506  0.648
        9  0.98396   0.946  1.000 -0.390 -0.249 -0.295 -0.411  0.562
       20  0.99992  -0.487 -0.390  1.000  0.987  0.994  1.000 -0.979
       21  0.99892  -0.354 -0.249  0.987  1.000  0.997  0.984 -0.937
       22  0.99973  -0.395 -0.295  0.994  0.997  1.000  0.992 -0.953
       23  0.99992  -0.506 -0.411  1.000  0.984  0.992  1.000 -0.983
       24  0.99886   0.648  0.562 -0.979 -0.937 -0.953 -0.983  1.000
 ERR MATRIX APPROXIMATE
MINUIT - FIT wiggle + 1-CBO + 2-CBO
 **********
 **   42 **RES 
 **********
                   PARAMETER   16  beta_vw RESTORED TO VARIABLE.
                   PARAMETER   14  alpha_vw RESTORED TO VARIABLE.
                   PARAMETER   13  beta_y RESTORED TO VARIABLE.
                   PARAMETER   11  alpha_y RESTORED TO VARIABLE.
                   PARAMETER   10  beta_2CBO RESTORED TO VARIABLE.
                   PARAMETER    6  alpha_CBO RESTORED TO VARIABLE.
                   PARAMETER    4  phi RESTORED TO VARIABLE.
                   PARAMETER    3  A0 RESTORED TO VARIABLE.
                   PARAMETER    1  N0 RESTORED TO VARIABLE.
 **********
 **   43 **FIX           10
 **********
 **********
 **   44 **FIX           11
 **********
 **********
 **   45 **FIX           12
 **********
 PARAMETER   12  IS CONSTANT.   IGNORED.
 **********
 **   46 **FIX           13
 **********
 **********
 **   47 **FIX           14
 **********
 **********
 **   48 **FIX           15
 **********
 PARAMETER   15  IS CONSTANT.   IGNORED.
 **********
 **   49 **FIX           16
 **********
 **********
 **   50 **MIGRAD
 **********
 START MIGRAD MINIMIZATION.  STRATEGY  1.  CONVERGENCE WHEN EDM .LT. 1.00e-04
 FCN=15.024 FROM MIGRAD    STATUS=INITIATE       22 CALLS        4429 TOTAL
                     EDM= unknown      STRATEGY= 1      NO ERROR MATRIX       
  EXT PARAMETER               CURRENT GUESS       STEP         FIRST   
  NO.   NAME      VALUE            ERROR          SIZE      DERIVATIVE 
   1  N0           3.03316e+06   1.12149e+04   1.12149e+04   1.29763e-05
   2  tau          6.44153e+01   constant   
   3  A0           3.28632e-01   7.12112e-03   7.12112e-03   4.38267e+01
   4  phi          4.16879e+00   1.02581e-02   1.02581e-02  -3.36104e+01
   5  R           -6.13262e+01   constant   
   6  alpha_CBO   -3.03296e-03   1.61166e-03   1.61166e-03   2.63113e+02
   7  w_CBO        2.32500e+00   constant   
   8  beta_CBO     2.83523e-04   1.26966e-03  -1.69688e-06   7.69472e+00
   9  alpha_2CBO   3.39186e-04   1.23216e-03  -1.30726e-06   8.60184e+00
  10  beta_2CBO    4.23579e-03     fixed    
  11  alpha_y      0.00000e+00     fixed    
  12  w_y          1.44500e+01   constant   
  13  beta_y      -1.83867e-04     fixed    
  14  alpha_vw     0.00000e+00     fixed    
  15  w_vw         1.29000e+01   constant   
  16  beta_vw      0.00000e+00     fixed    
  17  LM           4.28749e-04   constant   
  18  zeta_y       0.00000e+00   constant   
  19  zeta_vw      0.00000e+00   constant   
  20  T_CBO        7.01849e+01   2.87296e+01   2.20909e-05  -8.58648e-01
  21  alpha_A0    -1.70239e-01   8.46412e-02  -1.43140e-06  -1.24714e-01
  22  beta_A0     -3.10245e-01   1.52741e-01  -1.07377e-06  -8.88063e-01
  23  alpha_phi   -3.99298e-01   2.08271e-01   3.12023e-05   1.13503e+00
  24  beta_phi     9.37668e-02   5.52798e-02  -2.66668e-05  -1.28192e-01
 MIGRAD MINIMIZATION HAS CONVERGED.
 FCN=14.5831 FROM MIGRAD    STATUS=CONVERGED    1440 CALLS        5847 TOTAL
                     EDM=3.93859e-06    STRATEGY= 1  ERROR MATRIX UNCERTAINTY   1.5 per cent
  EXT PARAMETER                                   STEP         FIRST   
  NO.   NAME      VALUE            ERROR          SIZE      DERIVATIVE 
   1  N0           3.02452e+06   1.42462e+04   1.75379e+01   2.59426e-06
   2  tau          6.44153e+01   constant   
   3  A0           3.36730e-01   1.02207e-02   1.45268e-05  -8.63836e+00
   4  phi          4.23391e+00   9.67580e-02   2.64367e-04  -1.16986e+00
   5  R           -6.13262e+01   constant   
   6  alpha_CBO    2.10303e-03   1.02140e-02   3.51519e-05  -4.13746e+00
   7  w_CBO        2.32500e+00   constant   
   8  beta_CBO    -4.60409e-03   8.49435e-03  -2.96630e-05  -5.87837e+00
   9  alpha_2CBO   3.68165e-03   5.30406e-03   1.89755e-06  -2.17726e+00
  10  beta_2CBO    4.23579e-03     fixed    
  11  alpha_y      0.00000e+00     fixed    
  12  w_y          1.44500e+01   constant   
  13  beta_y      -1.83867e-04     fixed    
  14  alpha_vw     0.00000e+00     fixed    
  15  w_vw         1.29000e+01   constant   
  16  beta_vw      0.00000e+00     fixed    
  17  LM           4.28749e-04   constant   
  18  zeta_y       0.00000e+00   constant   
  19  zeta_vw      0.00000e+00   constant   
  20  T_CBO        7.62078e+01   1.12757e+01   1.23828e-04   3.11094e-01
  21  alpha_A0    -2.94233e-01   1.24626e-01  -2.40092e-04  -6.21284e-02
  22  beta_A0     -2.64362e-01   6.31112e-02  -1.90431e-04  -7.92152e-02
  23  alpha_phi   -3.94592e-01   3.84941e-02  -8.15201e-05   5.82421e-01
  24  beta_phi     2.90109e-01   2.22731e-01   3.62576e-04   9.46769e-01
 EXTERNAL ERROR MATRIX.    NDIM=  25    NPAR= 11    ERR DEF=1
  2.030e+08 
 -7.163e+01  1.045e-04 
 -1.421e+02  8.923e-04  9.362e-03 
  8.631e+00  8.021e-05  9.489e-04  1.043e-04 
 -9.412e+00 -6.630e-05 -7.902e-04 -8.625e-05  7.215e-05 
 -2.790e+01  5.020e-05  4.159e-04  3.391e-05 -2.805e-05  2.813e-05 
  1.324e+04  9.400e-02  1.068e+00  1.100e-01 -9.270e-02  4.534e-02  1.272e+02 
  9.498e+02 -1.245e-03 -1.076e-02 -1.005e-03  8.343e-04 -5.472e-04 -1.116e+00  1.553e-02 
 -7.681e+02  2.364e-04 -3.910e-04 -1.929e-04  1.707e-04  1.497e-04 -1.480e-01 -2.394e-03  3.983e-03 
 -2.014e+02 -2.407e-04 -3.078e-03 -3.112e-04  2.660e-04 -1.416e-04 -3.959e-01  2.533e-03  7.334e-04  1.482e-03 
 -1.354e+03  2.269e-03  2.008e-02  1.845e-03 -1.526e-03  1.092e-03  2.150e+00 -2.700e-02  4.215e-03 -5.683e-03  4.961e-02 
 PARAMETER  CORRELATION COEFFICIENTS  
       NO.  GLOBAL      1      3      4      6      8      9     20     21     22     23     24
        1  0.99941   1.000 -0.492 -0.103  0.059 -0.078 -0.369  0.082  0.535 -0.854 -0.367 -0.427
        3  0.99988  -0.492  1.000  0.902  0.768 -0.764  0.926  0.815 -0.977  0.366 -0.612  0.997
        4  0.99998  -0.103  0.902  1.000  0.960 -0.961  0.810  0.979 -0.892 -0.064 -0.826  0.932
        6  0.99975   0.059  0.768  0.960  1.000 -0.994  0.626  0.955 -0.789 -0.299 -0.791  0.811
        8  0.99962  -0.078 -0.764 -0.961 -0.994  1.000 -0.623 -0.968  0.788  0.318  0.814 -0.806
        9  0.99882  -0.369  0.926  0.810  0.626 -0.623  1.000  0.758 -0.828  0.447 -0.694  0.925
       20  0.99958   0.082  0.815  0.979  0.955 -0.968  0.758  1.000 -0.794 -0.208 -0.912  0.856
       21  0.99974   0.535 -0.977 -0.892 -0.789  0.788 -0.828 -0.794  1.000 -0.304  0.528 -0.973
       22  0.99864  -0.854  0.366 -0.064 -0.299  0.318  0.447 -0.208 -0.304  1.000  0.302  0.300
       23  0.99802  -0.367 -0.612 -0.826 -0.791  0.814 -0.694 -0.912  0.528  0.302  1.000 -0.663
       24  0.99994  -0.427  0.997  0.932  0.811 -0.806  0.925  0.856 -0.973  0.300 -0.663  1.000
MINUIT - FIT ONLY 1-y
 **********
 **   51 **RES 
 **********
                   PARAMETER   16  beta_vw RESTORED TO VARIABLE.
                   PARAMETER   14  alpha_vw RESTORED TO VARIABLE.
                   PARAMETER   13  beta_y RESTORED TO VARIABLE.
                   PARAMETER   11  alpha_y RESTORED TO VARIABLE.
                   PARAMETER   10  beta_2CBO RESTORED TO VARIABLE.
 **********
 **   52 **FIX            0
 **********
 PARAMETER    0  IS UNDEFINED. IGNORED.
 **********
 **   53 **FIX            1
 **********
 **********
 **   54 **FIX            2
 **********
 PARAMETER    2  IS CONSTANT.   IGNORED.
 **********
 **   55 **FIX            3
 **********
 **********
 **   56 **FIX            4
 **********
 **********
 **   57 **FIX            5
 **********
 PARAMETER    5  IS CONSTANT.   IGNORED.
 **********
 **   58 **FIX            6
 **********
 **********
 **   59 **FIX            7
 **********
 PARAMETER    7  IS CONSTANT.   IGNORED.
 **********
 **   60 **FIX            8
 **********
 **********
 **   61 **FIX            9
 **********
 **********
 **   62 **FIX           13
 **********
 **********
 **   63 **FIX           14
 **********
 **********
 **   64 **FIX           15
 **********
 PARAMETER   15  IS CONSTANT.   IGNORED.
 **********
 **   65 **FIX           16
 **********
 **********
 **   66 **MIGRAD
 **********
 START MIGRAD MINIMIZATION.  STRATEGY  1.  CONVERGENCE WHEN EDM .LT. 1.00e-04
 FCN=14.5831 FROM MIGRAD    STATUS=INITIATE       16 CALLS        5863 TOTAL
                     EDM= unknown      STRATEGY= 1      NO ERROR MATRIX       
  EXT PARAMETER               CURRENT GUESS       STEP         FIRST   
  NO.   NAME      VALUE            ERROR          SIZE      DERIVATIVE 
   1  N0           3.02452e+06     fixed    
   2  tau          6.44153e+01   constant   
   3  A0           3.36730e-01     fixed    
   4  phi          4.23391e+00     fixed    
   5  R           -6.13262e+01   constant   
   6  alpha_CBO    2.10303e-03     fixed    
   7  w_CBO        2.32500e+00   constant   
   8  beta_CBO    -4.60409e-03     fixed    
   9  alpha_2CBO   3.68165e-03     fixed    
  10  beta_2CBO    4.23579e-03   2.50172e-03   2.50172e-03  -4.33533e+01
  11  alpha_y      0.00000e+00   1.00000e-03   1.00000e-03   2.58701e+04
  12  w_y          1.44500e+01   constant   
  13  beta_y      -1.83867e-04     fixed    
  14  alpha_vw     0.00000e+00     fixed    
  15  w_vw         1.29000e+01   constant   
  16  beta_vw      0.00000e+00     fixed    
  17  LM           4.28749e-04   constant   
  18  zeta_y       0.00000e+00   constant   
  19  zeta_vw      0.00000e+00   constant   
  20  T_CBO        7.62078e+01   1.12757e+01   1.23828e-04   3.11099e-01
  21  alpha_A0    -2.94233e-01   1.24626e-01  -2.40092e-04  -6.21261e-02
  22  beta_A0     -2.64362e-01   6.31112e-02  -1.90431e-04  -7.92143e-02
  23  alpha_phi   -3.94592e-01   3.84941e-02  -8.15201e-05   5.82421e-01
  24  beta_phi     2.90109e-01   2.22731e-01   3.62576e-04   9.46769e-01
 MIGRAD MINIMIZATION HAS CONVERGED.
 MIGRAD WILL VERIFY CONVERGENCE AND ERROR MATRIX.
 COVARIANCE MATRIX CALCULATED SUCCESSFULLY
 FCN=3.71144 FROM HESSE     STATUS=OK             50 CALLS        6008 TOTAL
                     EDM=0.00305262    STRATEGY= 1      ERROR MATRIX ACCURATE 
  EXT PARAMETER                                   STEP         FIRST   
  NO.   NAME      VALUE            ERROR          SIZE      DERIVATIVE 
   1  N0           3.02452e+06     fixed    
   2  tau          6.44153e+01   constant   
   3  A0           3.36730e-01     fixed    
   4  phi          4.23391e+00     fixed    
   5  R           -6.13262e+01   constant   
   6  alpha_CBO    2.10303e-03     fixed    
   7  w_CBO        2.32500e+00   constant   
   8  beta_CBO    -4.60409e-03     fixed    
   9  alpha_2CBO   3.68165e-03     fixed    
  10  beta_2CBO    4.74503e-03   6.76540e-04   2.55610e-07  -7.35147e+00
  11  alpha_y     -8.39422e-04   2.54631e-04   2.59890e-07  -3.04817e-01
  12  w_y          1.44500e+01   constant   
  13  beta_y      -1.83867e-04     fixed    
  14  alpha_vw     0.00000e+00     fixed    
  15  w_vw         1.29000e+01   constant   
  16  beta_vw      0.00000e+00     fixed    
  17  LM           4.28749e-04   constant   
  18  zeta_y       0.00000e+00   constant   
  19  zeta_vw      0.00000e+00   constant   
  20  T_CBO        7.60613e+01   6.38812e+01   1.65807e-06   5.62965e-01
  21  alpha_A0    -2.95553e-01   2.94801e-01   3.09488e-06   8.79633e-01
  22  beta_A0     -2.58639e-01   2.53722e-01   3.49366e-06   3.61314e-01
  23  alpha_phi   -3.96788e-01   3.90972e-01   2.66766e-06  -9.19982e-01
  24  beta_phi     2.87707e-01   2.83153e-01   2.77542e-06   6.66268e-02
 MIGRAD MINIMIZATION HAS CONVERGED.
 MIGRAD WILL VERIFY CONVERGENCE AND ERROR MATRIX.
 COVARIANCE MATRIX CALCULATED SUCCESSFULLY
 FCN=3.70688 FROM MIGRAD    STATUS=CONVERGED     553 CALLS        6400 TOTAL
                     EDM=4.96653e-06    STRATEGY= 1      ERROR MATRIX ACCURATE 
  EXT PARAMETER                                   STEP         FIRST   
  NO.   NAME      VALUE            ERROR          SIZE      DERIVATIVE 
   1  N0           3.02452e+06     fixed    
   2  tau          6.44153e+01   constant   
   3  A0           3.36730e-01     fixed    
   4  phi          4.23391e+00     fixed    
   5  R           -6.13262e+01   constant   
   6  alpha_CBO    2.10303e-03     fixed    
   7  w_CBO        2.32500e+00   constant   
   8  beta_CBO    -4.60409e-03     fixed    
   9  alpha_2CBO   3.68165e-03     fixed    
  10  beta_2CBO    4.75674e-03   6.70890e-04   2.55489e-07  -3.65240e+00
  11  alpha_y     -8.39755e-04   2.54613e-04   2.59767e-07   1.79893e+00
  12  w_y          1.44500e+01   constant   
  13  beta_y      -1.83867e-04     fixed    
  14  alpha_vw     0.00000e+00     fixed    
  15  w_vw         1.29000e+01   constant   
  16  beta_vw      0.00000e+00     fixed    
  17  LM           4.28749e-04   constant   
  18  zeta_y       0.00000e+00   constant   
  19  zeta_vw      0.00000e+00   constant   
  20  T_CBO        7.12100e+01   4.48249e+01   1.49940e-06  -1.39568e+00
  21  alpha_A0    -3.20208e-01   2.54492e-01   3.34521e-06  -7.03979e-02
  22  beta_A0     -2.79830e-01   2.18754e-01   3.77577e-06   2.36320e-01
  23  alpha_phi   -4.29463e-01   3.37171e-01   2.88268e-06   3.56761e-01
  24  beta_phi     3.11364e-01   2.44157e-01   3.00012e-06  -3.78703e-01
 EXTERNAL ERROR MATRIX.    NDIM=  25    NPAR=  7    ERR DEF=1
  4.501e-07 -3.886e-08 -5.072e-03 -2.957e-05 -2.007e-05 -3.951e-05  2.527e-05 
 -3.886e-08  6.483e-08  1.607e-04  9.602e-07  2.614e-07  1.309e-06 -6.194e-07 
 -5.072e-03  1.607e-04  2.030e+03  1.146e+01  9.850e+00  1.519e+01 -1.100e+01 
 -2.957e-05  9.602e-07  1.146e+01  6.477e-02  5.562e-02  8.580e-02 -6.211e-02 
 -2.007e-05  2.614e-07  9.850e+00  5.562e-02  4.785e-02  7.369e-02 -5.339e-02 
 -3.951e-05  1.309e-06  1.519e+01  8.580e-02  7.369e-02  1.137e-01 -8.230e-02 
  2.527e-05 -6.194e-07 -1.100e+01 -6.211e-02 -5.339e-02 -8.230e-02  5.961e-02 
 PARAMETER  CORRELATION COEFFICIENTS  
       NO.  GLOBAL     10     11     20     21     22     23     24
       10  0.93315   1.000 -0.228 -0.168 -0.173 -0.137 -0.175  0.154
       11  0.26918  -0.228  1.000  0.014  0.015  0.005  0.015 -0.010
       20  0.99997  -0.168  0.014  1.000  1.000  0.999  1.000 -1.000
       21  0.99992  -0.173  0.015  1.000  1.000  0.999  1.000 -1.000
       22  0.99987  -0.137  0.005  0.999  0.999  1.000  0.999 -1.000
       23  0.99997  -0.175  0.015  1.000  1.000  0.999  1.000 -1.000
       24  0.99993   0.154 -0.010 -1.000 -1.000 -1.000 -1.000  1.000
MINUIT - FIT ONLY 2-y
 **********
 **   67 **RES 
 **********
                   PARAMETER   16  beta_vw RESTORED TO VARIABLE.
                   PARAMETER   14  alpha_vw RESTORED TO VARIABLE.
                   PARAMETER   13  beta_y RESTORED TO VARIABLE.
                   PARAMETER    9  alpha_2CBO RESTORED TO VARIABLE.
                   PARAMETER    8  beta_CBO RESTORED TO VARIABLE.
                   PARAMETER    6  alpha_CBO RESTORED TO VARIABLE.
                   PARAMETER    4  phi RESTORED TO VARIABLE.
                   PARAMETER    3  A0 RESTORED TO VARIABLE.
                   PARAMETER    1  N0 RESTORED TO VARIABLE.
 **********
 **   68 **FIX            0
 **********
 PARAMETER    0  IS UNDEFINED. IGNORED.
 **********
 **   69 **FIX            1
 **********
 **********
 **   70 **FIX            2
 **********
 PARAMETER    2  IS CONSTANT.   IGNORED.
 **********
 **   71 **FIX            3
 **********
 **********
 **   72 **FIX            4
 **********
 **********
 **   73 **FIX            5
 **********
 PARAMETER    5  IS CONSTANT.   IGNORED.
 **********
 **   74 **FIX            6
 **********
 **********
 **   75 **FIX            7
 **********
 PARAMETER    7  IS CONSTANT.   IGNORED.
 **********
 **   76 **FIX            8
 **********
 **********
 **   77 **FIX            9
 **********
 **********
 **   78 **FIX           10
 **********
 **********
 **   79 **FIX           11
 **********
 **********
 **   80 **FIX           12
 **********
 PARAMETER   12  IS CONSTANT.   IGNORED.
 **********
 **   81 **FIX           16
 **********
 **********
 **   82 **MIGRAD
 **********
 START MIGRAD MINIMIZATION.  STRATEGY  1.  CONVERGENCE WHEN EDM .LT. 1.00e-04
 FCN=3.70688 FROM MIGRAD    STATUS=INITIATE       16 CALLS        6416 TOTAL
                     EDM= unknown      STRATEGY= 1      NO ERROR MATRIX       
  EXT PARAMETER               CURRENT GUESS       STEP         FIRST   
  NO.   NAME      VALUE            ERROR          SIZE      DERIVATIVE 
   1  N0           3.02452e+06     fixed    
   2  tau          6.44153e+01   constant   
   3  A0           3.36730e-01     fixed    
   4  phi          4.23391e+00     fixed    
   5  R           -6.13262e+01   constant   
   6  alpha_CBO    2.10303e-03     fixed    
   7  w_CBO        2.32500e+00   constant   
   8  beta_CBO    -4.60409e-03     fixed    
   9  alpha_2CBO   3.68165e-03     fixed    
  10  beta_2CBO    4.75674e-03     fixed    
  11  alpha_y     -8.39755e-04     fixed    
  12  w_y          1.44500e+01   constant   
  13  beta_y      -1.83867e-04   2.14641e-04   2.14641e-04   3.44182e+02
  14  alpha_vw     0.00000e+00   1.00000e-03   1.00000e-03   3.97557e+03
  15  w_vw         1.29000e+01   constant   
  16  beta_vw      0.00000e+00     fixed    
