 + ++++++++++++++++++++++++++++++++++++++++++++++++++++++++++++++++++++ +
 +                                                                      +
 +           You have chose to blind your fitting according to          +
 +                omega_ref * (1 + (R +/- deltaR) *10^{-6})             +
 +                                                                      +
 + ++++++++++++++++++++++++++++++++++++++++++++++++++++++++++++++++++++ +
In main()...
reading format from /gm2data/zkhechad/run45/envelope/formats/formatB_sBin_constraintOn.txt
pBinTau 	= 0  
pBinPhi 	= 0  
constraintau 	= 1 
includeMopTerm 	= 0    
constrainMop    = 0   
Parameters after format file: pBinTau 0 pBinPhi 0 constraintau 1 includeMopTerm 0 constrainMop 0 c_e_scale 0.000000 
Opening file /gm2data/tbarrett/gm2fr/studies/run23_bunch_corrections/CorrectedFourier_Run3b.root.
reading full fit data from /gm2data/zkhechad/cboTemplates/Run4CBOTemplates/fullFits/noRF/sBin_constraintOn_cE0.0_seed0_noRF_calo15.root
windowBins = 69
fitting sliding window 2380 from bin 2516 at 375.238000 to bin 2585 at 385.682000 (69 bins)

Reading data from /gm2data/cornell/histograms/aMethod/histogram_a_noRF.root
 **********
 **    1 **SET PRINTOUT            1
 **********
 **********
 **    2 **SET NOWARNINGS 
 **********
 PARAMETER DEFINITIONS:
    NO.   NAME         VALUE      STEP SIZE      LIMITS
     1 N0           3.09348e+06  1.00000e+02     no limits
     2 tau          6.43983e+01  constant
     3 A0           3.54040e-01  1.00000e-04     no limits
     4 phi          4.11948e+00  1.00000e-02     no limits
     5 R           -6.00563e+01  constant
     6 alpha_CBO    0.00000e+00  1.00000e-03     no limits
     7 w_CBO        2.32500e+00  constant
     8 beta_CBO     0.00000e+00  1.00000e-03     no limits
     9 alpha_2CBO   0.00000e+00  1.00000e-03     no limits
    10 beta_2CBO    0.00000e+00  1.00000e-03     no limits
    11 alpha_y      0.00000e+00  1.00000e-03     no limits
    12 w_y          1.38860e+01  constant
    13 beta_y       0.00000e+00  1.00000e-03     no limits
    14 alpha_vw     0.00000e+00  1.00000e-03     no limits
    15 w_vw         1.43404e+01  constant
    16 beta_vw      0.00000e+00  1.00000e-03     no limits
    17 LM          -1.62209e-04  constant
    18 zeta_y       0.00000e+00  constant
    19 zeta_vw      0.00000e+00  constant
    20 T_CBO        1.00000e+02  1.00000e+00    0.00000e+00  1.00000e+03
    21 alpha_A0     0.00000e+00  1.00000e-04   -1.00000e-02  1.00000e-02
    22 beta_A0      0.00000e+00  1.00000e-04   -1.00000e-02  1.00000e-02
    23 alpha_phi    0.00000e+00  1.00000e-04   -1.00000e-02  1.00000e-02
    24 beta_phi     0.00000e+00  1.00000e-04   -1.00000e-02  1.00000e-02
MINUIT - FIT ONLY WIGGLE
 **********
 **    3 **FIX            5
 **********
 PARAMETER    5  IS CONSTANT.   IGNORED.
 **********
 **    4 **FIX            6
 **********
 **********
 **    5 **FIX            7
 **********
 PARAMETER    7  IS CONSTANT.   IGNORED.
 **********
 **    6 **FIX            8
 **********
 **********
 **    7 **FIX            9
 **********
 **********
 **    8 **FIX           10
 **********
 **********
 **    9 **FIX           11
 **********
 **********
 **   10 **FIX           12
 **********
 PARAMETER   12  IS CONSTANT.   IGNORED.
 **********
 **   11 **FIX           13
 **********
 **********
 **   12 **FIX           14
 **********
 **********
 **   13 **FIX           15
 **********
 PARAMETER   15  IS CONSTANT.   IGNORED.
 **********
 **   14 **FIX           16
 **********
 **********
 **   15 **MIGRAD
 **********
 FIRST CALL TO USER FUNCTION AT NEW START POINT, WITH IFLAG=4.
 START MIGRAD MINIMIZATION.  STRATEGY  1.  CONVERGENCE WHEN EDM .LT. 1.00e-04
 FCN=78.8321 FROM MIGRAD    STATUS=INITIATE      435 CALLS         436 TOTAL
                     EDM= unknown      STRATEGY= 1      NO ERROR MATRIX       
  EXT PARAMETER               CURRENT GUESS       STEP         FIRST   
  NO.   NAME      VALUE            ERROR          SIZE      DERIVATIVE 
   1  N0           3.09348e+06   1.00000e+02   0.00000e+00  -6.76176e-05
   2  tau          6.43983e+01   constant   
   3  A0           3.54040e-01   1.00000e-04   0.00000e+00  -1.84099e+02
   4  phi          4.11948e+00   1.00000e-02   0.00000e+00   1.99188e+02
   5  R           -6.00563e+01   constant   
   6  alpha_CBO    0.00000e+00     fixed    
   7  w_CBO        2.32500e+00   constant   
   8  beta_CBO     0.00000e+00     fixed    
   9  alpha_2CBO   0.00000e+00     fixed    
  10  beta_2CBO    0.00000e+00     fixed    
  11  alpha_y      0.00000e+00     fixed    
  12  w_y          1.38860e+01   constant   
  13  beta_y       0.00000e+00     fixed    
  14  alpha_vw     0.00000e+00     fixed    
  15  w_vw         1.43404e+01   constant   
  16  beta_vw      0.00000e+00     fixed    
  17  LM          -1.62209e-04   constant   
  18  zeta_y       0.00000e+00   constant   
  19  zeta_vw      0.00000e+00   constant   
  20  T_CBO        1.00000e+02   1.00000e+00   0.00000e+00   0.00000e+00
  21  alpha_A0     0.00000e+00   1.00000e-04   0.00000e+00   1.88100e-01
  22  beta_A0      0.00000e+00   1.00000e-04   0.00000e+00  -4.22088e-02
  23  alpha_phi    0.00000e+00   1.00000e-04   0.00000e+00   1.23666e-01
  24  beta_phi     0.00000e+00   1.00000e-04   0.00000e+00   1.58271e-02
 MIGRAD MINIMIZATION HAS CONVERGED.
 FCN=73.9594 FROM MIGRAD    STATUS=CONVERGED     795 CALLS         796 TOTAL
                     EDM=3.49838e-06    STRATEGY= 1  ERROR MATRIX UNCERTAINTY   0.3 per cent
  EXT PARAMETER                                   STEP         FIRST   
  NO.   NAME      VALUE            ERROR          SIZE      DERIVATIVE 
   1  N0           3.09473e+06   2.58040e+03   1.26107e+00  -1.53426e-07
   2  tau          6.43983e+01   constant   
   3  A0           3.54232e-01   1.00161e-03   3.27337e-06   4.51194e-01
   4  phi          4.11805e+00   3.21678e-03   5.87909e-07   6.10568e-02
   5  R           -6.00563e+01   constant   
   6  alpha_CBO    0.00000e+00     fixed    
   7  w_CBO        2.32500e+00   constant   
   8  beta_CBO     0.00000e+00     fixed    
   9  alpha_2CBO   0.00000e+00     fixed    
  10  beta_2CBO    0.00000e+00     fixed    
  11  alpha_y      0.00000e+00     fixed    
  12  w_y          1.38860e+01   constant   
  13  beta_y       0.00000e+00     fixed    
  14  alpha_vw     0.00000e+00     fixed    
  15  w_vw         1.43404e+01   constant   
  16  beta_vw      0.00000e+00     fixed    
  17  LM          -1.62209e-04   constant   
  18  zeta_y       0.00000e+00   constant   
  19  zeta_vw      0.00000e+00   constant   
  20  T_CBO        1.00000e+03   9.45794e+02   3.55772e-02** at limit **
  21  alpha_A0    -1.00000e-02   1.47110e-02  -4.03964e-03** at limit **
  22  beta_A0      3.17144e-03   6.48331e-03   2.88544e-03  -2.81086e-04
  23  alpha_phi   -6.44006e-03   5.49668e-03  -1.72766e-03  -4.28489e-03
  24  beta_phi    -7.49249e-04   5.49711e-03   1.37130e-03  -1.06121e-03
 EXTERNAL ERROR MATRIX.    NDIM=  25    NPAR=  8    ERR DEF=1
  6.658e+06  5.448e-01 -5.902e-02  2.978e+01 -1.228e-04  4.598e-01  9.393e-02 -2.609e+00 
  5.448e-01  1.003e-06  5.476e-08  8.909e-06 -3.608e-10  3.928e-07  3.542e-07  2.773e-08 
 -5.902e-02  5.476e-08  1.035e-05 -1.678e-06  6.250e-11  4.394e-06  7.370e-08  6.736e-07 
  2.978e+01  8.909e-06 -1.678e-06  1.061e+00 -3.480e-07  8.536e-05 -2.079e-04  2.428e-06 
 -1.228e-04 -3.608e-10  6.250e-11 -3.480e-07  1.854e-10 -1.578e-09  7.548e-10 -4.781e-10 
  4.598e-01  3.928e-07  4.394e-06  8.536e-05 -1.578e-09  5.096e-05  5.590e-06  1.655e-06 
  9.393e-02  3.542e-07  7.370e-08 -2.079e-04  7.548e-10  5.590e-06  3.761e-05  1.617e-06 
 -2.609e+00  2.773e-08  6.736e-07  2.428e-06 -4.781e-10  1.655e-06  1.617e-06  3.390e-05 
 PARAMETER  CORRELATION COEFFICIENTS  
       NO.  GLOBAL      1      3      4     20     21     22     23     24
        1  0.27477   1.000  0.211 -0.007  0.011 -0.003  0.025  0.006 -0.174
        3  0.22724   0.211  1.000  0.017  0.009 -0.026  0.055  0.058  0.005
        4  0.19513  -0.007  0.017  1.000 -0.001  0.001  0.191  0.004  0.036
       20  0.04599   0.011  0.009 -0.001  1.000 -0.025  0.012 -0.033  0.000
       21  0.04141  -0.003 -0.026  0.001 -0.025  1.000 -0.016  0.009 -0.006
       22  0.23751   0.025  0.055  0.191  0.012 -0.016  1.000  0.128  0.040
       23  0.14952   0.006  0.058  0.004 -0.033  0.009  0.128  1.000  0.045
       24  0.18976  -0.174  0.005  0.036  0.000 -0.006  0.040  0.045  1.000
MINUIT - FIT ONLY 1-CBO + wiggle
 **********
 **   16 **RES 
 **********
                   PARAMETER   16  beta_vw RESTORED TO VARIABLE.
                   PARAMETER   14  alpha_vw RESTORED TO VARIABLE.
                   PARAMETER   13  beta_y RESTORED TO VARIABLE.
                   PARAMETER   11  alpha_y RESTORED TO VARIABLE.
                   PARAMETER   10  beta_2CBO RESTORED TO VARIABLE.
                   PARAMETER    9  alpha_2CBO RESTORED TO VARIABLE.
                   PARAMETER    8  beta_CBO RESTORED TO VARIABLE.
                   PARAMETER    6  alpha_CBO RESTORED TO VARIABLE.
 **********
 **   17 **FIX            8
 **********
 **********
 **   18 **FIX            9
 **********
 **********
 **   19 **FIX           11
 **********
 **********
 **   20 **FIX           12
 **********
 PARAMETER   12  IS CONSTANT.   IGNORED.
 **********
 **   21 **FIX           14
 **********
 **********
 **   22 **FIX           15
 **********
 PARAMETER   15  IS CONSTANT.   IGNORED.
 **********
 **   23 **FIX           16
 **********
 **********
 **   24 **MIGRAD
 **********
 START MIGRAD MINIMIZATION.  STRATEGY  1.  CONVERGENCE WHEN EDM .LT. 1.00e-04
 FCN=73.9594 FROM MIGRAD    STATUS=INITIATE       28 CALLS         824 TOTAL
                     EDM= unknown      STRATEGY= 1      NO ERROR MATRIX       
  EXT PARAMETER               CURRENT GUESS       STEP         FIRST   
  NO.   NAME      VALUE            ERROR          SIZE      DERIVATIVE 
   1  N0           3.09473e+06   2.58040e+03   1.26107e+00  -1.53426e-07
   2  tau          6.43983e+01   constant   
   3  A0           3.54232e-01   1.00161e-03   3.27337e-06   4.51194e-01
   4  phi          4.11805e+00   3.21678e-03   5.87909e-07   6.10568e-02
   5  R           -6.00563e+01   constant   
   6  alpha_CBO    0.00000e+00   1.00000e-03   1.00000e-03  -2.35038e+03
   7  w_CBO        2.32500e+00   constant   
   8  beta_CBO     0.00000e+00     fixed    
   9  alpha_2CBO   0.00000e+00     fixed    
  10  beta_2CBO    0.00000e+00   1.00000e-03   1.00000e-03  -9.74539e+02
  11  alpha_y      0.00000e+00     fixed    
  12  w_y          1.38860e+01   constant   
  13  beta_y       0.00000e+00   1.00000e-03   1.00000e-03   1.53439e+03
  14  alpha_vw     0.00000e+00     fixed    
  15  w_vw         1.43404e+01   constant   
  16  beta_vw      0.00000e+00     fixed    
  17  LM          -1.62209e-04   constant   
  18  zeta_y       0.00000e+00   constant   
  19  zeta_vw      0.00000e+00   constant   
  20  T_CBO        1.00000e+03   9.45794e+02   3.55772e-02** at limit **
  21  alpha_A0    -1.00000e-02   1.47110e-02  -4.03964e-03** at limit **
  22  beta_A0      3.17144e-03   6.48331e-03   2.88544e-03   2.81106e-04
  23  alpha_phi   -6.44006e-03   5.49668e-03  -1.72766e-03   4.28482e-03
  24  beta_phi    -7.49249e-04   5.49711e-03   1.37130e-03   1.06121e-03
 MIGRAD MINIMIZATION HAS CONVERGED.
 MIGRAD WILL VERIFY CONVERGENCE AND ERROR MATRIX.
 COVARIANCE MATRIX CALCULATED SUCCESSFULLY
 FCN=70.8555 FROM MIGRAD    STATUS=CONVERGED     253 CALLS        1049 TOTAL
                     EDM=4.67322e-07    STRATEGY= 1      ERROR MATRIX ACCURATE 
  EXT PARAMETER                                   STEP         FIRST   
  NO.   NAME      VALUE            ERROR          SIZE      DERIVATIVE 
   1  N0           3.09463e+06   2.60536e+03   9.51543e+00   5.82219e-08
   2  tau          6.43983e+01   constant   
   3  A0           3.54194e-01   1.00741e-03   4.05337e-06  -3.42880e-01
   4  phi          4.11701e+00   3.30493e-03   1.29468e-05   2.34385e-01
   5  R           -6.00563e+01   constant   
   6  alpha_CBO    1.70937e-03   1.20538e-03   4.65835e-06   2.43934e-01
   7  w_CBO        2.32500e+00   constant   
   8  beta_CBO     0.00000e+00     fixed    
   9  alpha_2CBO   0.00000e+00     fixed    
  10  beta_2CBO    6.61507e-04   1.16373e-03   4.70400e-06  -3.02476e-01
  11  alpha_y      0.00000e+00     fixed    
  12  w_y          1.38860e+01   constant   
  13  beta_y      -1.00798e-03   1.14951e-03   4.75565e-06   1.88140e-01
  14  alpha_vw     0.00000e+00     fixed    
  15  w_vw         1.43404e+01   constant   
  16  beta_vw      0.00000e+00     fixed    
  17  LM          -1.62209e-04   constant   
  18  zeta_y       0.00000e+00   constant   
  19  zeta_vw      0.00000e+00   constant   
  20  T_CBO        1.00000e+03   9.86757e+02   1.43759e-02** at limit **
  21  alpha_A0    -1.00000e-02   1.46109e-02   6.17860e-03** at limit **
  22  beta_A0      3.29463e-03   6.57093e-03   3.04719e-03  -2.09333e-04
  23  alpha_phi   -3.88586e-03   5.65660e-03   2.62278e-03  -1.54315e-05
  24  beta_phi    -7.70062e-04   5.39707e-03   2.33009e-03   4.69498e-04
 EXTERNAL ERROR MATRIX.    NDIM=  25    NPAR= 11    ERR DEF=1
  6.788e+06 
  5.742e-01  1.015e-06 
 -1.533e-02  9.534e-08  1.092e-05 
 -6.495e-02 -4.525e-08 -1.020e-06  1.453e-06 
  2.958e-03  1.414e-08  2.685e-07  7.441e-09  1.354e-06 
  3.543e-02 -9.702e-09 -3.448e-08  1.136e-09  8.766e-09  1.321e-06 
 -5.806e-03 -3.931e-10  1.052e-09 -2.408e-10 -1.016e-10  1.824e-10  1.630e-06 
 -8.792e-08 -5.953e-15  1.674e-14 -3.683e-15 -1.410e-15  2.738e-15 -1.150e-15  3.944e-16 
 -6.197e-01 -3.647e-07 -5.121e-06  8.395e-07 -1.531e-06  1.490e-07  1.894e-08 -1.552e-14  5.282e-05 
 -4.561e-01 -2.283e-07 -1.228e-06  1.929e-06  6.742e-07  3.694e-08 -2.358e-08 -5.716e-16  3.214e-06  3.709e-05 
  2.324e+00 -1.666e-07 -7.767e-07  1.114e-07 -1.337e-07  1.136e-07 -3.442e-09  1.634e-14  1.436e-06  3.690e-07  3.252e-05 
 PARAMETER  CORRELATION COEFFICIENTS  
       NO.  GLOBAL      1      3      4      6     10     13     20     21     22     23     24
        1  0.27535   1.000  0.219 -0.002 -0.021  0.001  0.012 -0.002 -0.002 -0.033 -0.029  0.156
        3  0.23460   0.219  1.000  0.029 -0.037  0.012 -0.008 -0.000 -0.000 -0.050 -0.037 -0.029
        4  0.32283  -0.002  0.029  1.000 -0.256  0.070 -0.009  0.000  0.000 -0.213 -0.061 -0.041
        6  0.35805  -0.021 -0.037 -0.256  1.000  0.005  0.001 -0.000 -0.000  0.096  0.263  0.016
       10  0.21507   0.001  0.012  0.070  0.005  1.000  0.007 -0.000 -0.000 -0.181  0.095 -0.020
       13  0.03056   0.012 -0.008 -0.009  0.001  0.007  1.000  0.000  0.000  0.018  0.005  0.017
       20  0.00431  -0.002 -0.000  0.000 -0.000 -0.000  0.000  1.000 -0.000  0.002 -0.003 -0.000
       21  0.00179  -0.002 -0.000  0.000 -0.000 -0.000  0.000 -0.000  1.000 -0.000 -0.000  0.000
       22  0.28772  -0.033 -0.050 -0.213  0.096 -0.181  0.018  0.002 -0.000  1.000  0.073  0.035
       23  0.28871  -0.029 -0.037 -0.061  0.263  0.095  0.005 -0.003 -0.000  0.073  1.000  0.011
       24  0.17750   0.156 -0.029 -0.041  0.016 -0.020  0.017 -0.000  0.000  0.035  0.011  1.000
MINUIT - FIT ONLY 2-CBO
 **********
 **   25 **RES 
 **********
                   PARAMETER   16  beta_vw RESTORED TO VARIABLE.
                   PARAMETER   14  alpha_vw RESTORED TO VARIABLE.
                   PARAMETER   11  alpha_y RESTORED TO VARIABLE.
                   PARAMETER    9  alpha_2CBO RESTORED TO VARIABLE.
                   PARAMETER    8  beta_CBO RESTORED TO VARIABLE.
 **********
 **   26 **FIX            0
 **********
 PARAMETER    0  IS UNDEFINED. IGNORED.
 **********
 **   27 **FIX            1
 **********
 **********
 **   28 **FIX            2
 **********
 PARAMETER    2  IS CONSTANT.   IGNORED.
 **********
 **   29 **FIX            3
 **********
 **********
 **   30 **FIX            4
 **********
 **********
 **   31 **FIX            5
 **********
 PARAMETER    5  IS CONSTANT.   IGNORED.
 **********
 **   32 **FIX            6
 **********
 **********
 **   33 **FIX            7
 **********
 PARAMETER    7  IS CONSTANT.   IGNORED.
 **********
 **   34 **FIX           10
 **********
 **********
 **   35 **FIX           11
 **********
 **********
 **   36 **FIX           12
 **********
 PARAMETER   12  IS CONSTANT.   IGNORED.
 **********
 **   37 **FIX           13
 **********
 **********
 **   38 **FIX           14
 **********
 **********
 **   39 **FIX           15
 **********
 PARAMETER   15  IS CONSTANT.   IGNORED.
 **********
 **   40 **FIX           16
 **********
 **********
 **   41 **MIGRAD
 **********
 START MIGRAD MINIMIZATION.  STRATEGY  1.  CONVERGENCE WHEN EDM .LT. 1.00e-04
 FCN=70.8555 FROM MIGRAD    STATUS=INITIATE       20 CALLS        1069 TOTAL
                     EDM= unknown      STRATEGY= 1      NO ERROR MATRIX       
  EXT PARAMETER               CURRENT GUESS       STEP         FIRST   
  NO.   NAME      VALUE            ERROR          SIZE      DERIVATIVE 
   1  N0           3.09463e+06     fixed    
   2  tau          6.43983e+01   constant   
   3  A0           3.54194e-01     fixed    
   4  phi          4.11701e+00     fixed    
   5  R           -6.00563e+01   constant   
   6  alpha_CBO    1.70937e-03     fixed    
   7  w_CBO        2.32500e+00   constant   
   8  beta_CBO     0.00000e+00   1.00000e-03   1.00000e-03  -9.67727e+02
   9  alpha_2CBO   0.00000e+00   1.00000e-03   1.00000e-03  -4.03613e+02
  10  beta_2CBO    6.61507e-04     fixed    
  11  alpha_y      0.00000e+00     fixed    
  12  w_y          1.38860e+01   constant   
  13  beta_y      -1.00798e-03     fixed    
  14  alpha_vw     0.00000e+00     fixed    
  15  w_vw         1.43404e+01   constant   
  16  beta_vw      0.00000e+00     fixed    
  17  LM          -1.62209e-04   constant   
  18  zeta_y       0.00000e+00   constant   
  19  zeta_vw      0.00000e+00   constant   
  20  T_CBO        9.99999e+02   9.86757e+02   1.43759e-02  -3.24705e-04
  21  alpha_A0    -9.99998e-03   1.46109e-02   6.17860e-03   1.75279e-03
  22  beta_A0      3.29463e-03   6.57093e-03   3.04719e-03  -2.15412e-04
  23  alpha_phi   -3.88586e-03   5.65660e-03   2.62278e-03  -1.34897e-05
  24  beta_phi    -7.70062e-04   5.39707e-03   2.33009e-03   4.70197e-04
 MIGRAD MINIMIZATION HAS CONVERGED.
 MIGRAD WILL VERIFY CONVERGENCE AND ERROR MATRIX.
 COVARIANCE MATRIX CALCULATED SUCCESSFULLY
 FCN=70.4634 FROM MIGRAD    STATUS=CONVERGED     117 CALLS        1166 TOTAL
                     EDM=2.3615e-06    STRATEGY= 1      ERROR MATRIX ACCURATE 
  EXT PARAMETER                                   STEP         FIRST   
  NO.   NAME      VALUE            ERROR          SIZE      DERIVATIVE 
   1  N0           3.09463e+06     fixed    
   2  tau          6.43983e+01   constant   
   3  A0           3.54194e-01     fixed    
   4  phi          4.11701e+00     fixed    
   5  R           -6.00563e+01   constant   
   6  alpha_CBO    1.70937e-03     fixed    
   7  w_CBO        2.32500e+00   constant   
   8  beta_CBO     6.89840e-04   1.18854e-03   4.80792e-06  -3.36313e-01
   9  alpha_2CBO   2.89505e-04   1.16397e-03   4.75892e-06   8.28128e-01
  10  beta_2CBO    6.61507e-04     fixed    
  11  alpha_y      0.00000e+00     fixed    
  12  w_y          1.38860e+01   constant   
  13  beta_y      -1.00798e-03     fixed    
  14  alpha_vw     0.00000e+00     fixed    
  15  w_vw         1.43404e+01   constant   
  16  beta_vw      0.00000e+00     fixed    
  17  LM          -1.62209e-04   constant   
  18  zeta_y       0.00000e+00   constant   
  19  zeta_vw      0.00000e+00   constant   
  20  T_CBO        1.00000e+03   9.95334e+02   1.36850e-02** at limit **
  21  alpha_A0    -1.00000e-02   1.43234e-02   5.89697e-03** at limit **
  22  beta_A0      3.34386e-03   6.35781e-03   3.04360e-03   1.44550e-03
  23  alpha_phi   -3.88385e-03   5.46089e-03   2.61208e-03  -2.09110e-03
  24  beta_phi    -2.98358e-04   5.45816e-03   2.31853e-03   1.96982e-03
 EXTERNAL ERROR MATRIX.    NDIM=  25    NPAR=  7    ERR DEF=1
  1.413e-06  3.216e-08  6.472e-10  3.198e-14  2.020e-08  4.473e-08  1.324e-06 
  3.216e-08  1.355e-06 -3.284e-09 -1.671e-13  1.739e-07 -7.962e-08 -8.454e-07 
  6.472e-10 -3.284e-09  5.024e-06 -1.049e-14  3.047e-08 -3.759e-08  5.142e-09 
  3.198e-14 -1.671e-13 -1.049e-14  1.364e-14 -1.115e-13  1.247e-14  3.966e-13 
  2.020e-08  1.739e-07  3.047e-08 -1.115e-13  4.870e-05  2.755e-06  9.450e-07 
  4.473e-08 -7.962e-08 -3.759e-08  1.247e-14  2.755e-06  3.416e-05  4.516e-07 
  1.324e-06 -8.454e-07  5.142e-09  3.966e-13  9.450e-07  4.516e-07  3.334e-05 
 PARAMETER  CORRELATION COEFFICIENTS  
       NO.  GLOBAL      8      9     20     21     22     23     24
        8  0.19892   1.000  0.023  0.000  0.000  0.002  0.006  0.193
        9  0.13752   0.023  1.000 -0.001 -0.001  0.021 -0.012 -0.126
       20  0.00384   0.000 -0.001  1.000 -0.000  0.002 -0.003  0.000
       21  0.00132   0.000 -0.001 -0.000  1.000 -0.000  0.000  0.001
       22  0.07568   0.002  0.021  0.002 -0.000  1.000  0.068  0.023
       23  0.06980   0.006 -0.012 -0.003  0.000  0.068  1.000  0.013
       24  0.23445   0.193 -0.126  0.000  0.001  0.023  0.013  1.000
MINUIT - FIT wiggle + 1-CBO + 2-CBO
 **********
 **   42 **RES 
 **********
                   PARAMETER   16  beta_vw RESTORED TO VARIABLE.
                   PARAMETER   14  alpha_vw RESTORED TO VARIABLE.
                   PARAMETER   13  beta_y RESTORED TO VARIABLE.
                   PARAMETER   11  alpha_y RESTORED TO VARIABLE.
                   PARAMETER   10  beta_2CBO RESTORED TO VARIABLE.
                   PARAMETER    6  alpha_CBO RESTORED TO VARIABLE.
                   PARAMETER    4  phi RESTORED TO VARIABLE.
                   PARAMETER    3  A0 RESTORED TO VARIABLE.
                   PARAMETER    1  N0 RESTORED TO VARIABLE.
 **********
 **   43 **FIX           10
 **********
 **********
 **   44 **FIX           11
 **********
 **********
 **   45 **FIX           12
 **********
 PARAMETER   12  IS CONSTANT.   IGNORED.
 **********
 **   46 **FIX           13
 **********
 **********
 **   47 **FIX           14
 **********
 **********
 **   48 **FIX           15
 **********
 PARAMETER   15  IS CONSTANT.   IGNORED.
 **********
 **   49 **FIX           16
 **********
 **********
 **   50 **MIGRAD
 **********
 START MIGRAD MINIMIZATION.  STRATEGY  1.  CONVERGENCE WHEN EDM .LT. 1.00e-04
 FCN=70.4634 FROM MIGRAD    STATUS=INITIATE       22 CALLS        1188 TOTAL
                     EDM= unknown      STRATEGY= 1      NO ERROR MATRIX       
  EXT PARAMETER               CURRENT GUESS       STEP         FIRST   
  NO.   NAME      VALUE            ERROR          SIZE      DERIVATIVE 
   1  N0           3.09463e+06   2.60536e+03   2.60536e+03   1.37071e-05
   2  tau          6.43983e+01   constant   
   3  A0           3.54194e-01   1.00741e-03   1.00741e-03  -2.18130e+02
   4  phi          4.11701e+00   3.30493e-03   3.30493e-03   1.40219e+01
   5  R           -6.00563e+01   constant   
   6  alpha_CBO    1.70937e-03   1.20538e-03   1.20538e-03   2.98942e+00
   7  w_CBO        2.32500e+00   constant   
   8  beta_CBO     6.89840e-04   1.18854e-03   4.80792e-06  -3.36484e-01
   9  alpha_2CBO   2.89505e-04   1.16397e-03   4.75892e-06   8.29230e-01
  10  beta_2CBO    6.61507e-04     fixed    
  11  alpha_y      0.00000e+00     fixed    
  12  w_y          1.38860e+01   constant   
  13  beta_y      -1.00798e-03     fixed    
  14  alpha_vw     0.00000e+00     fixed    
  15  w_vw         1.43404e+01   constant   
  16  beta_vw      0.00000e+00     fixed    
  17  LM          -1.62209e-04   constant   
  18  zeta_y       0.00000e+00   constant   
  19  zeta_vw      0.00000e+00   constant   
  20  T_CBO        9.99999e+02   9.95334e+02   1.36850e-02  -3.51233e-04
  21  alpha_A0    -9.99998e-03   1.43234e-02   5.89697e-03   1.89687e-03
  22  beta_A0      3.34386e-03   6.35781e-03   3.04360e-03   1.43933e-03
  23  alpha_phi   -3.88385e-03   5.46089e-03   2.61208e-03  -2.08341e-03
  24  beta_phi    -2.98358e-04   5.45816e-03   2.31853e-03   1.96963e-03
 MIGRAD MINIMIZATION HAS CONVERGED.
 MIGRAD WILL VERIFY CONVERGENCE AND ERROR MATRIX.
 COVARIANCE MATRIX CALCULATED SUCCESSFULLY
 FCN=70.4511 FROM MIGRAD    STATUS=CONVERGED     196 CALLS        1362 TOTAL
                     EDM=3.85565e-06    STRATEGY= 1      ERROR MATRIX ACCURATE 
  EXT PARAMETER                                   STEP         FIRST   
  NO.   NAME      VALUE            ERROR          SIZE      DERIVATIVE 
   1  N0           3.09465e+06   2.61237e+03   9.48865e+00  -3.27165e-08
   2  tau          6.43983e+01   constant   
   3  A0           3.54303e-01   1.02246e-03   4.04179e-06  -4.67493e-02
   4  phi          4.11694e+00   3.29761e-03   1.29042e-05  -7.36371e-02
   5  R           -6.00563e+01   constant   
   6  alpha_CBO    1.71042e-03   1.20544e-03   4.64533e-06   3.93000e-01
   7  w_CBO        2.32500e+00   constant   
   8  beta_CBO     7.12160e-04   1.20653e-03   4.80758e-06  -6.97883e-01
   9  alpha_2CBO   2.96637e-04   1.16799e-03   4.75859e-06   2.03924e+00
  10  beta_2CBO    6.61507e-04     fixed    
  11  alpha_y      0.00000e+00     fixed    
  12  w_y          1.38860e+01   constant   
  13  beta_y      -1.00798e-03     fixed    
  14  alpha_vw     0.00000e+00     fixed    
  15  w_vw         1.43404e+01   constant   
  16  beta_vw      0.00000e+00     fixed    
  17  LM          -1.62209e-04   constant   
  18  zeta_y       0.00000e+00   constant   
  19  zeta_vw      0.00000e+00   constant   
  20  T_CBO        1.00000e+03   9.95845e+02   1.37485e-02** at limit **
  21  alpha_A0    -1.00000e-02   1.43055e-02   5.91440e-03** at limit **
  22  beta_A0      3.34060e-03   6.48097e-03   3.04758e-03  -7.62739e-05
  23  alpha_phi   -3.89472e-03   5.63228e-03   2.61191e-03   4.31979e-04
  24  beta_phi    -3.16971e-04   5.53393e-03   2.31753e-03  -1.04291e-03
 EXTERNAL ERROR MATRIX.    NDIM=  25    NPAR= 11    ERR DEF=1
  6.824e+06 
  5.853e-01  1.045e-06 
 -2.124e-02  7.399e-08  1.087e-05 
 -6.252e-02 -4.465e-08 -1.022e-06  1.453e-06 
  1.148e-01  2.080e-07 -1.237e-07  6.967e-09  1.456e-06 
 -1.938e-01  4.287e-08 -2.571e-08 -1.293e-08  4.111e-08  1.364e-06 
 -1.191e-02 -8.615e-10  2.319e-09 -4.745e-10  6.687e-10 -4.066e-09  9.040e-06 
 -9.727e-08 -7.053e-15  1.999e-14 -3.929e-15  5.243e-15 -3.314e-14 -2.929e-15  6.344e-16 
 -6.454e-01 -3.400e-07 -4.843e-06  8.468e-07  1.535e-08  1.845e-07  4.073e-08 -2.477e-14  5.107e-05 
 -4.425e-01 -2.346e-07 -1.360e-06  1.925e-06  1.901e-08 -9.499e-08 -5.063e-08  2.491e-15  3.948e-06  3.673e-05 
  2.563e+00 -7.437e-09 -8.435e-07  1.277e-07  1.331e-06 -9.300e-07  1.897e-09  4.686e-14  1.150e-06  5.174e-07  3.439e-05 
 PARAMETER  CORRELATION COEFFICIENTS  
       NO.  GLOBAL      1      3      4      6      8      9     20     21     22     23     24
        1  0.28419   1.000  0.219 -0.002 -0.020  0.036 -0.064 -0.002 -0.001 -0.035 -0.028  0.167
        3  0.28761   0.219  1.000  0.022 -0.036  0.169  0.036 -0.000 -0.000 -0.047 -0.038 -0.001
        4  0.31796  -0.002  0.022  1.000 -0.257 -0.031 -0.007  0.000  0.000 -0.206 -0.068 -0.044
        6  0.35813  -0.020 -0.036 -0.257  1.000  0.005 -0.009 -0.000 -0.000  0.098  0.264  0.018
        8  0.26073   0.036  0.169 -0.031  0.005  1.000  0.029  0.000  0.000  0.002  0.003  0.188
        9  0.16004  -0.064  0.036 -0.007 -0.009  0.029  1.000 -0.001 -0.001  0.022 -0.013 -0.136
       20  0.00414  -0.002 -0.000  0.000 -0.000  0.000 -0.001  1.000 -0.000  0.002 -0.003  0.000
       21  0.00200  -0.001 -0.000  0.000 -0.000  0.000 -0.001 -0.000  1.000 -0.000  0.000  0.000
       22  0.22854  -0.035 -0.047 -0.206  0.098  0.002  0.022  0.002 -0.000  1.000  0.091  0.027
       23  0.27398  -0.028 -0.038 -0.068  0.264  0.003 -0.013 -0.003  0.000  0.091  1.000  0.015
       24  0.29077   0.167 -0.001 -0.044  0.018  0.188 -0.136  0.000  0.000  0.027  0.015  1.000
MINUIT - FIT ONLY 1-y
 **********
 **   51 **RES 
 **********
                   PARAMETER   16  beta_vw RESTORED TO VARIABLE.
                   PARAMETER   14  alpha_vw RESTORED TO VARIABLE.
                   PARAMETER   13  beta_y RESTORED TO VARIABLE.
                   PARAMETER   11  alpha_y RESTORED TO VARIABLE.
                   PARAMETER   10  beta_2CBO RESTORED TO VARIABLE.
 **********
 **   52 **FIX            0
 **********
 PARAMETER    0  IS UNDEFINED. IGNORED.
 **********
 **   53 **FIX            1
 **********
 **********
 **   54 **FIX            2
 **********
 PARAMETER    2  IS CONSTANT.   IGNORED.
 **********
 **   55 **FIX            3
 **********
 **********
 **   56 **FIX            4
 **********
 **********
 **   57 **FIX            5
 **********
 PARAMETER    5  IS CONSTANT.   IGNORED.
 **********
 **   58 **FIX            6
 **********
 **********
 **   59 **FIX            7
 **********
 PARAMETER    7  IS CONSTANT.   IGNORED.
 **********
 **   60 **FIX            8
 **********
 **********
 **   61 **FIX            9
 **********
 **********
 **   62 **FIX           13
 **********
 **********
 **   63 **FIX           14
 **********
 **********
 **   64 **FIX           15
 **********
 PARAMETER   15  IS CONSTANT.   IGNORED.
 **********
 **   65 **FIX           16
 **********
 **********
 **   66 **MIGRAD
 **********
 START MIGRAD MINIMIZATION.  STRATEGY  1.  CONVERGENCE WHEN EDM .LT. 1.00e-04
 FCN=70.4511 FROM MIGRAD    STATUS=INITIATE       16 CALLS        1378 TOTAL
                     EDM= unknown      STRATEGY= 1      NO ERROR MATRIX       
  EXT PARAMETER               CURRENT GUESS       STEP         FIRST   
  NO.   NAME      VALUE            ERROR          SIZE      DERIVATIVE 
   1  N0           3.09465e+06     fixed    
   2  tau          6.43983e+01   constant   
   3  A0           3.54303e-01     fixed    
   4  phi          4.11694e+00     fixed    
   5  R           -6.00563e+01   constant   
   6  alpha_CBO    1.71042e-03     fixed    
   7  w_CBO        2.32500e+00   constant   
   8  beta_CBO     7.12160e-04     fixed    
   9  alpha_2CBO   2.96637e-04     fixed    
  10  beta_2CBO    6.61507e-04   1.16373e-03   1.16373e-03   7.44585e+00
  11  alpha_y      0.00000e+00   1.00000e-03   1.00000e-03  -1.50882e+03
  12  w_y          1.38860e+01   constant   
  13  beta_y      -1.00798e-03     fixed    
  14  alpha_vw     0.00000e+00     fixed    
  15  w_vw         1.43404e+01   constant   
  16  beta_vw      0.00000e+00     fixed    
  17  LM          -1.62209e-04   constant   
  18  zeta_y       0.00000e+00   constant   
  19  zeta_vw      0.00000e+00   constant   
  20  T_CBO        9.99999e+02   9.95845e+02   1.37485e-02  -3.53546e-04
  21  alpha_A0    -9.99998e-03   1.43055e-02   5.91440e-03   1.90648e-03
  22  beta_A0      3.34060e-03   6.48097e-03   3.04758e-03  -7.77966e-05
  23  alpha_phi   -3.89472e-03   5.63228e-03   2.61191e-03   4.39691e-04
  24  beta_phi    -3.16971e-04   5.53393e-03   2.31753e-03  -1.04307e-03
 MIGRAD MINIMIZATION HAS CONVERGED.
 MIGRAD WILL VERIFY CONVERGENCE AND ERROR MATRIX.
 COVARIANCE MATRIX CALCULATED SUCCESSFULLY
 FCN=69.7102 FROM MIGRAD    STATUS=CONVERGED     116 CALLS        1478 TOTAL
                     EDM=4.13412e-06    STRATEGY= 1      ERROR MATRIX ACCURATE 
  EXT PARAMETER                                   STEP         FIRST   
  NO.   NAME      VALUE            ERROR          SIZE      DERIVATIVE 
   1  N0           3.09465e+06     fixed    
   2  tau          6.43983e+01   constant   
   3  A0           3.54303e-01     fixed    
   4  phi          4.11694e+00     fixed    
   5  R           -6.00563e+01   constant   
   6  alpha_CBO    1.71042e-03     fixed    
   7  w_CBO        2.32500e+00   constant   
   8  beta_CBO     7.12160e-04     fixed    
   9  alpha_2CBO   2.96637e-04     fixed    
  10  beta_2CBO    6.41195e-04   1.16063e-03   4.66657e-06  -5.46476e-01
  11  alpha_y      9.81983e-04   1.14086e-03   4.68195e-06  -3.00985e-03
  12  w_y          1.38860e+01   constant   
  13  beta_y      -1.00798e-03     fixed    
  14  alpha_vw     0.00000e+00     fixed    
  15  w_vw         1.43404e+01   constant   
  16  beta_vw      0.00000e+00     fixed    
  17  LM          -1.62209e-04   constant   
  18  zeta_y       0.00000e+00   constant   
  19  zeta_vw      0.00000e+00   constant   
  20  T_CBO        1.00000e+03   9.92827e+02   1.38698e-02** at limit **
  21  alpha_A0    -1.00000e-02   1.44183e-02   5.97083e-03** at limit **
  22  beta_A0      3.20089e-03   6.44162e-03   3.02015e-03   1.75021e-03
  23  alpha_phi   -3.93302e-03   5.48007e-03   2.59932e-03  -3.64867e-03
  24  beta_phi    -2.91571e-04   5.32385e-03   2.30492e-03   1.15549e-03
 EXTERNAL ERROR MATRIX.    NDIM=  25    NPAR=  7    ERR DEF=1
  1.347e-06 -1.941e-08 -1.225e-10 -8.998e-16 -1.407e-06  6.638e-07 -1.138e-07 
 -1.941e-08  1.302e-06  1.127e-10  9.106e-16 -1.987e-07 -3.754e-08  2.913e-08 
 -1.225e-10  1.127e-10  1.731e-06 -6.408e-16  1.783e-08 -2.319e-08  1.495e-09 
 -8.998e-16  9.106e-16 -6.408e-16  1.142e-16 -7.737e-15 -2.914e-16  2.425e-14 
 -1.407e-06 -1.987e-07  1.783e-08 -7.737e-15  5.017e-05  2.076e-06  1.157e-06 
  6.638e-07 -3.754e-08 -2.319e-08 -2.914e-16  2.076e-06  3.447e-05  3.014e-07 
 -1.138e-07  2.913e-08  1.495e-09  2.425e-14  1.157e-06  3.014e-07  3.152e-05 
 PARAMETER  CORRELATION COEFFICIENTS  
       NO.  GLOBAL     10     11     20     21     22     23     24
       10  0.20264   1.000 -0.015 -0.000 -0.000 -0.171  0.097 -0.017
       11  0.03165  -0.015  1.000  0.000  0.000 -0.025 -0.006  0.005
       20  0.00370  -0.000  0.000  1.000 -0.000  0.002 -0.003  0.000
       21  0.00044  -0.000  0.000 -0.000  1.000 -0.000 -0.000  0.000
       22  0.18747  -0.171 -0.025  0.002 -0.000  1.000  0.050  0.029
       23  0.11898   0.097 -0.006 -0.003 -0.000  0.050  1.000  0.009
       24  0.03340  -0.017  0.005  0.000  0.000  0.029  0.009  1.000
MINUIT - FIT ONLY 2-y
 **********
 **   67 **RES 
 **********
                   PARAMETER   16  beta_vw RESTORED TO VARIABLE.
                   PARAMETER   14  alpha_vw RESTORED TO VARIABLE.
                   PARAMETER   13  beta_y RESTORED TO VARIABLE.
                   PARAMETER    9  alpha_2CBO RESTORED TO VARIABLE.
                   PARAMETER    8  beta_CBO RESTORED TO VARIABLE.
                   PARAMETER    6  alpha_CBO RESTORED TO VARIABLE.
                   PARAMETER    4  phi RESTORED TO VARIABLE.
                   PARAMETER    3  A0 RESTORED TO VARIABLE.
                   PARAMETER    1  N0 RESTORED TO VARIABLE.
 **********
 **   68 **FIX            0
 **********
 PARAMETER    0  IS UNDEFINED. IGNORED.
 **********
 **   69 **FIX            1
 **********
 **********
 **   70 **FIX            2
 **********
 PARAMETER    2  IS CONSTANT.   IGNORED.
 **********
 **   71 **FIX            3
 **********
 **********
 **   72 **FIX            4
 **********
 **********
 **   73 **FIX            5
 **********
 PARAMETER    5  IS CONSTANT.   IGNORED.
 **********
 **   74 **FIX            6
 **********
 **********
 **   75 **FIX            7
 **********
 PARAMETER    7  IS CONSTANT.   IGNORED.
 **********
 **   76 **FIX            8
 **********
 **********
 **   77 **FIX            9
 **********
 **********
 **   78 **FIX           10
 **********
 **********
 **   79 **FIX           11
 **********
 **********
 **   80 **FIX           12
 **********
 PARAMETER   12  IS CONSTANT.   IGNORED.
 **********
 **   81 **FIX           16
 **********
 **********
 **   82 **MIGRAD
 **********
 START MIGRAD MINIMIZATION.  STRATEGY  1.  CONVERGENCE WHEN EDM .LT. 1.00e-04
 FCN=69.7102 FROM MIGRAD    STATUS=INITIATE       16 CALLS        1494 TOTAL
                     EDM= unknown      STRATEGY= 1      NO ERROR MATRIX       
  EXT PARAMETER               CURRENT GUESS       STEP         FIRST   
  NO.   NAME      VALUE            ERROR          SIZE      DERIVATIVE 
   1  N0           3.09465e+06     fixed    
   2  tau          6.43983e+01   constant   
   3  A0           3.54303e-01     fixed    
   4  phi          4.11694e+00     fixed    
   5  R           -6.00563e+01   constant   
   6  alpha_CBO    1.71042e-03     fixed    
   7  w_CBO        2.32500e+00   constant   
   8  beta_CBO     7.12160e-04     fixed    
   9  alpha_2CBO   2.96637e-04     fixed    
  10  beta_2CBO    6.41195e-04     fixed    
  11  alpha_y      9.81983e-04     fixed    
  12  w_y          1.38860e+01   constant   
  13  beta_y      -1.00798e-03   1.14951e-03   1.14951e-03  -7.51463e+00
  14  alpha_vw     0.00000e+00   1.00000e-03   1.00000e-03  -1.56930e+03
  15  w_vw         1.43404e+01   constant   
  16  beta_vw      0.00000e+00     fixed    
  17  LM          -1.62209e-04   constant   
  18  zeta_y       0.00000e+00   constant   
  19  zeta_vw      0.00000e+00   constant   
  20  T_CBO        9.99999e+02   9.92827e+02   1.38698e-02  -3.41616e-04
  21  alpha_A0    -9.99998e-03   1.44183e-02   5.97083e-03   1.84732e-03
  22  beta_A0      3.20089e-03   6.44162e-03   3.02015e-03   1.74442e-03
  23  alpha_phi   -3.93302e-03   5.48007e-03   2.59932e-03  -3.64094e-03
  24  beta_phi    -2.91571e-04   5.32385e-03   2.30492e-03   1.15527e-03
 MIGRAD MINIMIZATION HAS CONVERGED.
 MIGRAD WILL VERIFY CONVERGENCE AND ERROR MATRIX.
 COVARIANCE MATRIX CALCULATED SUCCESSFULLY
 FCN=68.9028 FROM MIGRAD    STATUS=CONVERGED      98 CALLS        1576 TOTAL
                     EDM=3.48987e-07    STRATEGY= 1      ERROR MATRIX ACCURATE 
  EXT PARAMETER                                   STEP         FIRST   
  NO.   NAME      VALUE            ERROR          SIZE      DERIVATIVE 
   1  N0           3.09465e+06     fixed    
   2  tau          6.43983e+01   constant   
   3  A0           3.54303e-01     fixed    
   4  phi          4.11694e+00     fixed    
   5  R           -6.00563e+01   constant   
   6  alpha_CBO    1.71042e-03     fixed    
   7  w_CBO        2.32500e+00   constant   
   8  beta_CBO     7.12160e-04     fixed    
   9  alpha_2CBO   2.96637e-04     fixed    
  10  beta_2CBO    6.41195e-04     fixed    
  11  alpha_y      9.81983e-04     fixed    
  12  w_y          1.38860e+01   constant   
  13  beta_y      -9.86472e-04   1.14943e-03   4.69057e-06  -1.00328e-01
  14  alpha_vw     1.02885e-03   1.14504e-03   4.67384e-06  -7.13699e-04
  15  w_vw         1.43404e+01   constant   
  16  beta_vw      0.00000e+00     fixed    
  17  LM          -1.62209e-04   constant   
  18  zeta_y       0.00000e+00   constant   
  19  zeta_vw      0.00000e+00   constant   
  20  T_CBO        1.00000e+03   9.86912e+02   1.41747e-02** at limit **
  21  alpha_A0    -1.00000e-02   1.46058e-02   6.08395e-03** at limit **
  22  beta_A0      3.16990e-03   6.36438e-03   2.99904e-03  -9.90789e-04
  23  alpha_phi   -3.92531e-03   5.45706e-03   2.58721e-03   5.23367e-04
  24  beta_phi    -2.68422e-04   5.32375e-03   2.29186e-03  -4.51206e-04
 EXTERNAL ERROR MATRIX.    NDIM=  25    NPAR=  7    ERR DEF=1
  1.321e-06  2.120e-08  2.779e-10  2.277e-15  1.446e-07  3.182e-08  9.574e-08 
  2.120e-08  1.311e-06  2.253e-10  1.855e-15 -3.183e-08  3.277e-10  3.316e-08 
  2.779e-10  2.253e-10  2.654e-06 -1.092e-15  2.275e-08 -2.988e-08  2.101e-09 
  2.277e-15  1.855e-15 -1.092e-15  1.909e-16 -1.121e-14  2.968e-16  3.284e-14 
  1.446e-07 -3.183e-08  2.275e-08 -1.121e-14  4.868e-05  2.766e-06  1.053e-06 
  3.182e-08  3.277e-10 -2.988e-08  2.968e-16  2.766e-06  3.413e-05  3.604e-07 
  9.574e-08  3.316e-08  2.101e-09  3.284e-14  1.053e-06  3.604e-07  3.152e-05 
 PARAMETER  CORRELATION COEFFICIENTS  
       NO.  GLOBAL     13     14     20     21     22     23     24
       13  0.02832   1.000  0.016  0.000  0.000  0.018  0.005  0.015
       14  0.01741   0.016  1.000  0.000  0.000 -0.004  0.000  0.005
       20  0.00386   0.000  0.000  1.000 -0.000  0.002 -0.003  0.000
       21  0.00048   0.000  0.000 -0.000  1.000 -0.000  0.000  0.000
       22  0.07491   0.018 -0.004  0.002 -0.000  1.000  0.068  0.027
       23  0.06863   0.005  0.000 -0.003  0.000  0.068  1.000  0.011
