 + ++++++++++++++++++++++++++++++++++++++++++++++++++++++++++++++++++++ +
 +                                                                      +
 +           You have chose to blind your fitting according to          +
 +                omega_ref * (1 + (R +/- deltaR) *10^{-6})             +
 +                                                                      +
 + ++++++++++++++++++++++++++++++++++++++++++++++++++++++++++++++++++++ +
In main()...
reading format from /gm2data/zkhechad/run45/envelope/formats/formatB_sBin_constraintOn.txt
pBinTau 	= 0  
pBinPhi 	= 0  
constraintau 	= 1 
includeMopTerm 	= 0    
constrainMop    = 0   
Parameters after format file: pBinTau 0 pBinPhi 0 constraintau 1 includeMopTerm 0 constrainMop 0 c_e_scale 0.000000 
Opening file /gm2data/tbarrett/gm2fr/studies/run23_bunch_corrections/CorrectedFourier_Run3b.root.
reading full fit data from /gm2data/zkhechad/cboTemplates/Run4CBOTemplates/templateFits0_v2.0/noRF/sBin_constraintOn_cE0.0_seed0_noRF_calo24.root
windowBins = 69
fitting sliding window 718 from bin 854 at 127.267600 to bin 923 at 137.711600 (69 bins)

Reading data from /gm2data/cornell/histograms/aMethod/histogram_a_noRF.root
 **********
 **    1 **SET PRINTOUT            1
 **********
 **********
 **    2 **SET NOWARNINGS 
 **********
 PARAMETER DEFINITIONS:
    NO.   NAME         VALUE      STEP SIZE      LIMITS
     1 N0           3.17742e+06  1.00000e+02     no limits
     2 tau          6.44362e+01  constant
     3 A0           3.64954e-01  1.00000e-04     no limits
     4 phi          4.11955e+00  1.00000e-02     no limits
     5 R           -6.08502e+01  constant
     6 alpha_CBO    0.00000e+00  1.00000e-03     no limits
     7 w_CBO        2.32500e+00  constant
     8 beta_CBO     0.00000e+00  1.00000e-03     no limits
     9 alpha_2CBO   0.00000e+00  1.00000e-03     no limits
    10 beta_2CBO    0.00000e+00  1.00000e-03     no limits
    11 alpha_y      0.00000e+00  1.00000e-03     no limits
    12 w_y          1.44500e+01  constant
    13 beta_y       0.00000e+00  1.00000e-03     no limits
    14 alpha_vw     0.00000e+00  1.00000e-03     no limits
    15 w_vw         1.29000e+01  constant
    16 beta_vw      0.00000e+00  1.00000e-03     no limits
    17 LM           1.15487e-03  constant
    18 zeta_y       0.00000e+00  constant
    19 zeta_vw      0.00000e+00  constant
    20 T_CBO        1.00000e+02  1.00000e+00    0.00000e+00  1.00000e+03
    21 alpha_A0     0.00000e+00  1.00000e-03     no limits
    22 beta_A0      0.00000e+00  1.00000e-03     no limits
    23 alpha_phi    0.00000e+00  1.00000e-03     no limits
    24 beta_phi     0.00000e+00  1.00000e-03     no limits
MINUIT - FIT ONLY WIGGLE
 **********
 **    3 **FIX            5
 **********
 PARAMETER    5  IS CONSTANT.   IGNORED.
 **********
 **    4 **FIX            6
 **********
 **********
 **    5 **FIX            7
 **********
 PARAMETER    7  IS CONSTANT.   IGNORED.
 **********
 **    6 **FIX            8
 **********
 **********
 **    7 **FIX            9
 **********
 **********
 **    8 **FIX           10
 **********
 **********
 **    9 **FIX           11
 **********
 **********
 **   10 **FIX           12
 **********
 PARAMETER   12  IS CONSTANT.   IGNORED.
 **********
 **   11 **FIX           13
 **********
 **********
 **   12 **FIX           14
 **********
 **********
 **   13 **FIX           15
 **********
 PARAMETER   15  IS CONSTANT.   IGNORED.
 **********
 **   14 **FIX           16
 **********
 **********
 **   15 **MIGRAD
 **********
 FIRST CALL TO USER FUNCTION AT NEW START POINT, WITH IFLAG=4.
 START MIGRAD MINIMIZATION.  STRATEGY  1.  CONVERGENCE WHEN EDM .LT. 1.00e-04
 FCN=1092.36 FROM MIGRAD    STATUS=INITIATE      437 CALLS         438 TOTAL
                     EDM= unknown      STRATEGY= 1      NO ERROR MATRIX       
  EXT PARAMETER               CURRENT GUESS       STEP         FIRST   
  NO.   NAME      VALUE            ERROR          SIZE      DERIVATIVE 
   1  N0           3.17742e+06   1.00000e+02   0.00000e+00  -3.56890e-04
   2  tau          6.44362e+01   constant   
   3  A0           3.64954e-01   1.00000e-04   0.00000e+00   1.01728e+05
   4  phi          4.11955e+00   1.00000e-02   0.00000e+00  -3.14891e+03
   5  R           -6.08502e+01   constant   
   6  alpha_CBO    0.00000e+00     fixed    
   7  w_CBO        2.32500e+00   constant   
   8  beta_CBO     0.00000e+00     fixed    
   9  alpha_2CBO   0.00000e+00     fixed    
  10  beta_2CBO    0.00000e+00     fixed    
  11  alpha_y      0.00000e+00     fixed    
  12  w_y          1.44500e+01   constant   
  13  beta_y       0.00000e+00     fixed    
  14  alpha_vw     0.00000e+00     fixed    
  15  w_vw         1.29000e+01   constant   
  16  beta_vw      0.00000e+00     fixed    
  17  LM           1.15487e-03   constant   
  18  zeta_y       0.00000e+00   constant   
  19  zeta_vw      0.00000e+00   constant   
  20  T_CBO        1.00000e+02   1.00000e+00   0.00000e+00   0.00000e+00
  21  alpha_A0     0.00000e+00   1.00000e-03   0.00000e+00  -7.19374e+02
  22  beta_A0      0.00000e+00   1.00000e-03   0.00000e+00   6.82482e+03
  23  alpha_phi    0.00000e+00   1.00000e-03   0.00000e+00   3.76932e+03
  24  beta_phi     0.00000e+00   1.00000e-03   0.00000e+00   7.70846e+03
 CALL LIMIT EXCEEDED IN MIGRAD.
 MIGRAD TERMINATED WITHOUT CONVERGENCE.
 FCN=887.82 FROM MIGRAD    STATUS=CALL LIMIT   1329 CALLS        1330 TOTAL
                     EDM=0.000394391    STRATEGY= 1  ERROR MATRIX UNCERTAINTY   1.0 per cent
  EXT PARAMETER                APPROXIMATE        STEP         FIRST   
  NO.   NAME      VALUE            ERROR          SIZE      DERIVATIVE 
   1  N0           3.17711e+06   3.81518e+02   1.53566e+00  -3.50215e-05
   2  tau          6.44362e+01   constant   
   3  A0           3.63699e-01   1.53346e-04   6.34293e-07   1.47016e+01
   4  phi          4.12052e+00   4.25771e-04   6.45338e-07   7.28204e+00
   5  R           -6.08502e+01   constant   
   6  alpha_CBO    0.00000e+00     fixed    
   7  w_CBO        2.32500e+00   constant   
   8  beta_CBO     0.00000e+00     fixed    
   9  alpha_2CBO   0.00000e+00     fixed    
  10  beta_2CBO    0.00000e+00     fixed    
  11  alpha_y      0.00000e+00     fixed    
  12  w_y          1.44500e+01   constant   
  13  beta_y       0.00000e+00     fixed    
  14  alpha_vw     0.00000e+00     fixed    
  15  w_vw         1.29000e+01   constant   
  16  beta_vw      0.00000e+00     fixed    
  17  LM           1.15487e-03   constant   
  18  zeta_y       0.00000e+00   constant   
  19  zeta_vw      0.00000e+00   constant   
  20  T_CBO        9.98091e+02   6.67297e+02   1.75534e-01  -7.27217e-03
  21  alpha_A0     9.63700e-04   7.11782e-04  -1.39625e-05  -2.44857e+01
  22  beta_A0     -5.55664e-03   8.33669e-04   5.73687e-06   9.97168e+00
  23  alpha_phi   -4.38182e-03   8.46298e-04   1.90342e-05   1.57384e+01
  24  beta_phi    -3.92168e-03   7.19977e-04   1.86835e-05   4.89090e+01
 EXTERNAL ERROR MATRIX.    NDIM=  25    NPAR=  8    ERR DEF=1
  1.456e+05  6.791e-03  2.230e-02  3.451e+02 -3.950e-02 -4.184e-02 -2.826e-02  4.614e-02 
  6.791e-03  2.352e-08 -4.583e-09  4.265e-04 -9.941e-09  2.130e-09  1.964e-08 -7.881e-09 
  2.230e-02 -4.583e-09  1.813e-07 -1.079e-03  9.812e-09 -4.020e-08 -3.735e-08  1.458e-08 
  3.451e+02  4.265e-04 -1.079e-03  4.685e+04 -1.999e-02  7.678e-02  7.440e-02  5.782e-02 
 -3.950e-02 -9.941e-09  9.812e-09 -1.999e-02  5.066e-07 -2.290e-08 -1.817e-08  2.585e-08 
 -4.184e-02  2.130e-09 -4.020e-08  7.678e-02 -2.290e-08  6.950e-07  1.785e-07  3.374e-08 
 -2.826e-02  1.964e-08 -3.735e-08  7.440e-02 -1.817e-08  1.785e-07  7.162e-07 -5.555e-08 
  4.614e-02 -7.881e-09  1.458e-08  5.782e-02  2.585e-08  3.374e-08 -5.555e-08  5.184e-07 
ERR MATRIX APPROXIMATE
 PARAMETER  CORRELATION COEFFICIENTS  
       NO.  GLOBAL      1      3      4     20     21     22     23     24
        1  0.32571   1.000  0.116  0.137  0.004 -0.145 -0.132 -0.088  0.168
        3  0.23640   0.116  1.000 -0.070  0.013 -0.091  0.017  0.151 -0.071
        4  0.20960   0.137 -0.070  1.000 -0.012  0.032 -0.113 -0.104  0.048
       20  0.66520   0.004  0.013 -0.012  1.000 -0.130  0.426  0.406  0.371
       21  0.25531  -0.145 -0.091  0.032 -0.130  1.000 -0.039 -0.030  0.050
       22  0.46516  -0.132  0.017 -0.113  0.426 -0.039  1.000  0.253  0.056
       23  0.51157  -0.088  0.151 -0.104  0.406 -0.030  0.253  1.000 -0.091
       24  0.50050   0.168 -0.071  0.048  0.371  0.050  0.056 -0.091  1.000
 ERR MATRIX APPROXIMATE
MINUIT - FIT ONLY 1-CBO + wiggle
 **********
 **   16 **RES 
 **********
                   PARAMETER   16  beta_vw RESTORED TO VARIABLE.
                   PARAMETER   14  alpha_vw RESTORED TO VARIABLE.
                   PARAMETER   13  beta_y RESTORED TO VARIABLE.
                   PARAMETER   11  alpha_y RESTORED TO VARIABLE.
                   PARAMETER   10  beta_2CBO RESTORED TO VARIABLE.
                   PARAMETER    9  alpha_2CBO RESTORED TO VARIABLE.
                   PARAMETER    8  beta_CBO RESTORED TO VARIABLE.
                   PARAMETER    6  alpha_CBO RESTORED TO VARIABLE.
 **********
 **   17 **FIX            8
 **********
 **********
 **   18 **FIX            9
 **********
 **********
 **   19 **FIX           11
 **********
 **********
 **   20 **FIX           12
 **********
 PARAMETER   12  IS CONSTANT.   IGNORED.
 **********
 **   21 **FIX           14
 **********
 **********
 **   22 **FIX           15
 **********
 PARAMETER   15  IS CONSTANT.   IGNORED.
 **********
 **   23 **FIX           16
 **********
 **********
 **   24 **MIGRAD
 **********
 START MIGRAD MINIMIZATION.  STRATEGY  1.  CONVERGENCE WHEN EDM .LT. 1.00e-04
 FCN=887.82 FROM MIGRAD    STATUS=INITIATE       28 CALLS        1358 TOTAL
                     EDM= unknown      STRATEGY= 1      NO ERROR MATRIX       
  EXT PARAMETER               CURRENT GUESS       STEP         FIRST   
  NO.   NAME      VALUE            ERROR          SIZE      DERIVATIVE 
   1  N0           3.17711e+06   3.81518e+02   1.53566e+00  -3.50215e-05
   2  tau          6.44362e+01   constant   
   3  A0           3.63699e-01   1.53346e-04   6.34293e-07   1.47016e+01
   4  phi          4.12052e+00   4.25771e-04   6.45338e-07   7.28204e+00
   5  R           -6.08502e+01   constant   
   6  alpha_CBO    0.00000e+00   1.00000e-03   1.00000e-03   1.28224e+05
   7  w_CBO        2.32500e+00   constant   
   8  beta_CBO     0.00000e+00     fixed    
   9  alpha_2CBO   0.00000e+00     fixed    
  10  beta_2CBO    0.00000e+00   1.00000e-03   1.00000e-03  -1.03196e+04
  11  alpha_y      0.00000e+00     fixed    
  12  w_y          1.44500e+01   constant   
  13  beta_y       0.00000e+00   1.00000e-03   1.00000e-03  -1.31319e+03
  14  alpha_vw     0.00000e+00     fixed    
  15  w_vw         1.29000e+01   constant   
  16  beta_vw      0.00000e+00     fixed    
  17  LM           1.15487e-03   constant   
  18  zeta_y       0.00000e+00   constant   
  19  zeta_vw      0.00000e+00   constant   
  20  T_CBO        9.98091e+02   6.67297e+02   1.75534e-01  -7.38252e-03
  21  alpha_A0     9.63700e-04   7.11782e-04  -1.39625e-05  -2.44857e+01
  22  beta_A0     -5.55664e-03   8.33669e-04   5.73687e-06   9.97169e+00
  23  alpha_phi   -4.38182e-03   8.46298e-04   1.90342e-05   1.57384e+01
  24  beta_phi    -3.92168e-03   7.19977e-04   1.86835e-05   4.89090e+01
 MIGRAD MINIMIZATION HAS CONVERGED.
 MIGRAD WILL VERIFY CONVERGENCE AND ERROR MATRIX.
 COVARIANCE MATRIX CALCULATED SUCCESSFULLY
 FCN=768.876 FROM MIGRAD    STATUS=CONVERGED     277 CALLS        1607 TOTAL
                     EDM=2.01595e-06    STRATEGY= 1      ERROR MATRIX ACCURATE 
  EXT PARAMETER                                   STEP         FIRST   
  NO.   NAME      VALUE            ERROR          SIZE      DERIVATIVE 
   1  N0           3.17715e+06   3.87058e+02   4.90462e+00  -2.05296e-06
   2  tau          6.44362e+01   constant   
   3  A0           3.63819e-01   1.52137e-04   1.99304e-06   8.16746e+00
   4  phi          4.12128e+00   4.40036e-04   5.71487e-06   4.75715e-02
   5  R           -6.08502e+01   constant   
   6  alpha_CBO   -1.84871e-03   1.70036e-04   2.23013e-06   6.90718e-01
   7  w_CBO        2.32500e+00   constant   
   8  beta_CBO     0.00000e+00     fixed    
   9  alpha_2CBO   0.00000e+00     fixed    
  10  beta_2CBO    7.80222e-05   1.64240e-04   2.17147e-06   6.46328e+00
  11  alpha_y      0.00000e+00     fixed    
  12  w_y          1.44500e+01   constant   
  13  beta_y       3.01364e-05   1.60405e-04   2.17196e-06  -2.32963e-01
  14  alpha_vw     0.00000e+00     fixed    
  15  w_vw         1.29000e+01   constant   
  16  beta_vw      0.00000e+00     fixed    
  17  LM           1.15487e-03   constant   
  18  zeta_y       0.00000e+00   constant   
  19  zeta_vw      0.00000e+00   constant   
  20  T_CBO        1.00000e+03   6.57001e+02   6.74542e-02   1.00494e-04
  21  alpha_A0     3.73576e-05   6.89256e-04   9.04482e-06  -6.22218e-01
  22  beta_A0     -5.62159e-03   7.15624e-04   9.42039e-06  -1.87757e-01
  23  alpha_phi   -5.20984e-03   7.44534e-04   9.54960e-06   1.52800e-01
  24  beta_phi    -4.15701e-03   6.32174e-04   8.27696e-06   1.22755e+00
 EXTERNAL ERROR MATRIX.    NDIM=  25    NPAR= 11    ERR DEF=1
  1.498e+05 
  6.412e-03  2.315e-08 
  2.871e-02 -4.220e-09  1.936e-07 
 -4.310e-04 -1.718e-09 -1.210e-08  2.891e-08 
  2.513e-04  1.844e-09 -3.103e-09  9.566e-10  2.697e-08 
 -2.639e-04 -4.305e-10  8.076e-10 -1.833e-10  2.812e-10  2.573e-08 
  1.607e-01  6.318e-07  2.914e-06  1.010e-07 -5.985e-08 -9.470e-10  1.098e+01 
 -3.828e-02 -1.218e-08  7.688e-09  1.373e-08 -9.456e-09  1.338e-09  4.004e-06  4.751e-07 
 -3.842e-02  1.730e-09 -3.647e-08  2.084e-10 -9.659e-09 -7.604e-10 -2.193e-04  8.045e-09  5.121e-07 
 -2.784e-02  1.837e-08 -4.454e-08  1.449e-08  2.053e-08 -2.573e-09 -2.014e-04 -3.843e-08  5.159e-08  5.543e-07 
  4.928e-02 -4.946e-09  1.684e-08  3.150e-09 -5.332e-09  1.879e-10 -1.607e-04  2.189e-08 -4.163e-08 -3.515e-08  3.996e-07 
 PARAMETER  CORRELATION COEFFICIENTS  
       NO.  GLOBAL      1      3      4      6     10     13     20     21     22     23     24
        1  0.34899   1.000  0.109  0.169 -0.007  0.004 -0.004  0.000 -0.144 -0.139 -0.097  0.201
        3  0.25499   0.109  1.000 -0.063 -0.066  0.074 -0.018  0.001 -0.116  0.016  0.162 -0.051
        4  0.28475   0.169 -0.063  1.000 -0.162 -0.043  0.011  0.002  0.025 -0.116 -0.136  0.061
        6  0.25067  -0.007 -0.066 -0.162  1.000  0.034 -0.007  0.000  0.117  0.002  0.114  0.029
       10  0.21832   0.004  0.074 -0.043  0.034  1.000  0.011 -0.000 -0.084 -0.082  0.168 -0.051
       13  0.03374  -0.004 -0.018  0.011 -0.007  0.011  1.000 -0.000  0.012 -0.007 -0.022  0.002
       20  0.15014   0.000  0.001  0.002  0.000 -0.000 -0.000  1.000  0.002 -0.092 -0.082 -0.077
       21  0.24874  -0.144 -0.116  0.025  0.117 -0.084  0.012  0.002  1.000  0.016 -0.075  0.050
       22  0.23655  -0.139  0.016 -0.116  0.002 -0.082 -0.007 -0.092  0.016  1.000  0.097 -0.092
       23  0.32212  -0.097  0.162 -0.136  0.114  0.168 -0.022 -0.082 -0.075  0.097  1.000 -0.075
       24  0.25713   0.201 -0.051  0.061  0.029 -0.051  0.002 -0.077  0.050 -0.092 -0.075  1.000
MINUIT - FIT ONLY 2-CBO
 **********
 **   25 **RES 
 **********
                   PARAMETER   16  beta_vw RESTORED TO VARIABLE.
                   PARAMETER   14  alpha_vw RESTORED TO VARIABLE.
                   PARAMETER   11  alpha_y RESTORED TO VARIABLE.
                   PARAMETER    9  alpha_2CBO RESTORED TO VARIABLE.
                   PARAMETER    8  beta_CBO RESTORED TO VARIABLE.
 **********
 **   26 **FIX            0
 **********
 PARAMETER    0  IS UNDEFINED. IGNORED.
 **********
 **   27 **FIX            1
 **********
 **********
 **   28 **FIX            2
 **********
 PARAMETER    2  IS CONSTANT.   IGNORED.
 **********
 **   29 **FIX            3
 **********
 **********
 **   30 **FIX            4
 **********
 **********
 **   31 **FIX            5
 **********
 PARAMETER    5  IS CONSTANT.   IGNORED.
 **********
 **   32 **FIX            6
 **********
 **********
 **   33 **FIX            7
 **********
 PARAMETER    7  IS CONSTANT.   IGNORED.
 **********
 **   34 **FIX           10
 **********
 **********
 **   35 **FIX           11
 **********
 **********
 **   36 **FIX           12
 **********
 PARAMETER   12  IS CONSTANT.   IGNORED.
 **********
 **   37 **FIX           13
 **********
 **********
 **   38 **FIX           14
 **********
 **********
 **   39 **FIX           15
 **********
 PARAMETER   15  IS CONSTANT.   IGNORED.
 **********
 **   40 **FIX           16
 **********
 **********
 **   41 **MIGRAD
 **********
 START MIGRAD MINIMIZATION.  STRATEGY  1.  CONVERGENCE WHEN EDM .LT. 1.00e-04
 FCN=768.876 FROM MIGRAD    STATUS=INITIATE       18 CALLS        1625 TOTAL
                     EDM= unknown      STRATEGY= 1      NO ERROR MATRIX       
  EXT PARAMETER               CURRENT GUESS       STEP         FIRST   
  NO.   NAME      VALUE            ERROR          SIZE      DERIVATIVE 
   1  N0           3.17715e+06     fixed    
   2  tau          6.44362e+01   constant   
   3  A0           3.63819e-01     fixed    
   4  phi          4.12128e+00     fixed    
   5  R           -6.08502e+01   constant   
   6  alpha_CBO   -1.84871e-03     fixed    
   7  w_CBO        2.32500e+00   constant   
   8  beta_CBO     0.00000e+00   1.00000e-03   1.00000e-03  -3.10257e+05
   9  alpha_2CBO   0.00000e+00   1.00000e-03   1.00000e-03  -2.98067e+04
  10  beta_2CBO    7.80222e-05     fixed    
  11  alpha_y      0.00000e+00     fixed    
  12  w_y          1.44500e+01   constant   
  13  beta_y       3.01364e-05     fixed    
  14  alpha_vw     0.00000e+00     fixed    
  15  w_vw         1.29000e+01   constant   
  16  beta_vw      0.00000e+00     fixed    
  17  LM           1.15487e-03   constant   
  18  zeta_y       0.00000e+00   constant   
  19  zeta_vw      0.00000e+00   constant   
  20  T_CBO        1.00000e+03   6.57001e+02   6.74542e-02  -1.04887e-04
  21  alpha_A0     3.73576e-05   6.89256e-04   9.04482e-06  -6.22203e-01
  22  beta_A0     -5.62159e-03   7.15624e-04   9.42039e-06  -1.87721e-01
  23  alpha_phi   -5.20984e-03   7.44534e-04   9.54960e-06   1.52798e-01
  24  beta_phi    -4.15701e-03   6.32174e-04   8.27696e-06   1.22754e+00
 MIGRAD MINIMIZATION HAS CONVERGED.
 MIGRAD WILL VERIFY CONVERGENCE AND ERROR MATRIX.
 COVARIANCE MATRIX CALCULATED SUCCESSFULLY
 FCN=127.202 FROM MIGRAD    STATUS=CONVERGED     150 CALLS        1757 TOTAL
                     EDM=1.96192e-06    STRATEGY= 1      ERROR MATRIX ACCURATE 
  EXT PARAMETER                                   STEP         FIRST   
  NO.   NAME      VALUE            ERROR          SIZE      DERIVATIVE 
   1  N0           3.17715e+06     fixed    
   2  tau          6.44362e+01   constant   
   3  A0           3.63819e-01     fixed    
   4  phi          4.12128e+00     fixed    
   5  R           -6.08502e+01   constant   
   6  alpha_CBO   -1.84871e-03     fixed    
   7  w_CBO        2.32500e+00   constant   
   8  beta_CBO     4.11106e-03   1.63066e-04   8.76296e-07  -2.54615e-01
   9  alpha_2CBO   2.59287e-04   1.66909e-04   8.99412e-07   5.38466e+00
  10  beta_2CBO    7.80222e-05     fixed    
  11  alpha_y      0.00000e+00     fixed    
  12  w_y          1.44500e+01   constant   
  13  beta_y       3.01364e-05     fixed    
  14  alpha_vw     0.00000e+00     fixed    
  15  w_vw         1.29000e+01   constant   
  16  beta_vw      0.00000e+00     fixed    
  17  LM           1.15487e-03   constant   
  18  zeta_y       0.00000e+00   constant   
  19  zeta_vw      0.00000e+00   constant   
  20  T_CBO        1.00000e+03   5.31629e+02   3.24805e-02** at limit **
  21  alpha_A0    -2.51509e-04   6.75924e-04   3.68732e-06  -6.64228e-01
  22  beta_A0     -2.31340e-03   7.11096e-04   3.83562e-06  -1.19259e+00
  23  alpha_phi   -4.55154e-03   7.11839e-04   3.89632e-06   1.81606e+00
  24  beta_phi    -2.20258e-03   6.28333e-04   3.37723e-06   1.67634e+00
 EXTERNAL ERROR MATRIX.    NDIM=  25    NPAR=  7    ERR DEF=1
  2.659e-08 -1.014e-09  5.101e-09 -4.584e-10  2.034e-08  4.908e-09  1.428e-08 
 -1.014e-09  2.786e-08  4.976e-09 -1.471e-08  8.263e-09 -7.447e-09 -1.680e-08 
  5.101e-09  4.976e-09  9.642e-01 -1.081e-06 -1.360e-05 -2.684e-05 -1.309e-05 
 -4.584e-10 -1.471e-08 -1.081e-06  4.569e-07 -5.646e-09 -3.109e-08  3.571e-08 
  2.034e-08  8.263e-09 -1.360e-05 -5.646e-09  5.057e-07  4.100e-08 -2.672e-08 
  4.908e-09 -7.447e-09 -2.684e-05 -3.109e-08  4.100e-08  5.067e-07 -1.279e-08 
  1.428e-08 -1.680e-08 -1.309e-05  3.571e-08 -2.672e-08 -1.279e-08  3.948e-07 
 PARAMETER  CORRELATION COEFFICIENTS  
       NO.  GLOBAL      8      9     20     21     22     23     24
        8  0.23495   1.000 -0.037  0.000 -0.004  0.175  0.042  0.139
        9  0.22362  -0.037  1.000  0.000 -0.130  0.070 -0.063 -0.160
       20  0.04884   0.000  0.000  1.000 -0.002 -0.019 -0.038 -0.021
       21  0.16240  -0.004 -0.130 -0.002  1.000 -0.012 -0.065  0.084
       22  0.21938   0.175  0.070 -0.019 -0.012  1.000  0.081 -0.060
       23  0.14074   0.042 -0.063 -0.038 -0.065  0.081  1.000 -0.029
       24  0.23417   0.139 -0.160 -0.021  0.084 -0.060 -0.029  1.000
MINUIT - FIT wiggle + 1-CBO + 2-CBO
 **********
 **   42 **RES 
 **********
                   PARAMETER   16  beta_vw RESTORED TO VARIABLE.
                   PARAMETER   14  alpha_vw RESTORED TO VARIABLE.
                   PARAMETER   13  beta_y RESTORED TO VARIABLE.
                   PARAMETER   11  alpha_y RESTORED TO VARIABLE.
                   PARAMETER   10  beta_2CBO RESTORED TO VARIABLE.
                   PARAMETER    6  alpha_CBO RESTORED TO VARIABLE.
                   PARAMETER    4  phi RESTORED TO VARIABLE.
                   PARAMETER    3  A0 RESTORED TO VARIABLE.
                   PARAMETER    1  N0 RESTORED TO VARIABLE.
 **********
 **   43 **FIX           10
 **********
 **********
 **   44 **FIX           11
 **********
 **********
 **   45 **FIX           12
 **********
 PARAMETER   12  IS CONSTANT.   IGNORED.
 **********
 **   46 **FIX           13
 **********
 **********
 **   47 **FIX           14
 **********
 **********
 **   48 **FIX           15
 **********
 PARAMETER   15  IS CONSTANT.   IGNORED.
 **********
 **   49 **FIX           16
 **********
 **********
 **   50 **MIGRAD
 **********
 START MIGRAD MINIMIZATION.  STRATEGY  1.  CONVERGENCE WHEN EDM .LT. 1.00e-04
 FCN=127.202 FROM MIGRAD    STATUS=INITIATE       22 CALLS        1779 TOTAL
                     EDM= unknown      STRATEGY= 1      NO ERROR MATRIX       
  EXT PARAMETER               CURRENT GUESS       STEP         FIRST   
  NO.   NAME      VALUE            ERROR          SIZE      DERIVATIVE 
   1  N0           3.17715e+06   3.87058e+02   3.87058e+02  -6.28705e-03
   2  tau          6.44362e+01   constant   
   3  A0           3.63819e-01   1.52137e-04   1.52137e-04  -7.20486e+04
   4  phi          4.12128e+00   4.40036e-04   4.40036e-04   1.42377e+04
   5  R           -6.08502e+01   constant   
   6  alpha_CBO   -1.84871e-03   1.70036e-04   1.70036e-04  -2.87967e+03
   7  w_CBO        2.32500e+00   constant   
   8  beta_CBO     4.11106e-03   1.63066e-04   8.76296e-07  -2.54623e-01
   9  alpha_2CBO   2.59287e-04   1.66909e-04   8.99412e-07   5.38465e+00
  10  beta_2CBO    7.80222e-05     fixed    
  11  alpha_y      0.00000e+00     fixed    
  12  w_y          1.44500e+01   constant   
  13  beta_y       3.01364e-05     fixed    
  14  alpha_vw     0.00000e+00     fixed    
  15  w_vw         1.29000e+01   constant   
  16  beta_vw      0.00000e+00     fixed    
  17  LM           1.15487e-03   constant   
  18  zeta_y       0.00000e+00   constant   
  19  zeta_vw      0.00000e+00   constant   
  20  T_CBO        1.00000e+03   5.31629e+02   3.24805e-02** at limit **
  21  alpha_A0    -2.51509e-04   6.75924e-04   3.68732e-06  -6.64268e-01
  22  beta_A0     -2.31340e-03   7.11096e-04   3.83562e-06  -1.19260e+00
  23  alpha_phi   -4.55154e-03   7.11839e-04   3.89632e-06   1.81605e+00
  24  beta_phi    -2.20258e-03   6.28333e-04   3.37723e-06   1.67635e+00
 MIGRAD MINIMIZATION HAS CONVERGED.
 MIGRAD WILL VERIFY CONVERGENCE AND ERROR MATRIX.
 COVARIANCE MATRIX CALCULATED SUCCESSFULLY
 FCN=80.5529 FROM MIGRAD    STATUS=CONVERGED     268 CALLS        2025 TOTAL
                     EDM=6.12541e-07    STRATEGY= 1      ERROR MATRIX ACCURATE 
  EXT PARAMETER                                   STEP         FIRST   
  NO.   NAME      VALUE            ERROR          SIZE      DERIVATIVE 
   1  N0           3.17768e+06   3.87760e+02   1.59656e+00  -8.44928e-07
   2  tau          6.44362e+01   constant   
   3  A0           3.64759e-01   1.56043e-04   6.48631e-07   8.46865e-01
   4  phi          4.11974e+00   4.42770e-04   1.96444e-06   1.44077e-01
   5  R           -6.08502e+01   constant   
   6  alpha_CBO   -1.78395e-03   1.70095e-04   7.25738e-07  -1.81375e+00
   7  w_CBO        2.32500e+00   constant   
   8  beta_CBO     4.41077e-03   1.68847e-04   6.98815e-07   1.08659e+00
   9  alpha_2CBO   2.62869e-04   1.67439e-04   7.17245e-07   7.61431e-02
  10  beta_2CBO    7.80222e-05     fixed    
  11  alpha_y      0.00000e+00     fixed    
  12  w_y          1.44500e+01   constant   
  13  beta_y       3.01364e-05     fixed    
  14  alpha_vw     0.00000e+00     fixed    
  15  w_vw         1.29000e+01   constant   
  16  beta_vw      0.00000e+00     fixed    
  17  LM           1.15487e-03   constant   
  18  zeta_y       0.00000e+00   constant   
  19  zeta_vw      0.00000e+00   constant   
  20  T_CBO        1.00000e+03   5.71490e+02   3.23325e-02** at limit **
  21  alpha_A0    -8.58570e-04   6.90890e-04   2.93532e-06   7.94104e-01
  22  beta_A0     -1.80656e-03   7.24139e-04   3.05462e-06  -5.26195e-01
  23  alpha_phi   -3.60031e-03   7.33651e-04   3.09961e-06   5.34621e-01
  24  beta_phi    -2.21409e-03   6.40424e-04   2.68647e-06   1.08242e+00
 EXTERNAL ERROR MATRIX.    NDIM=  25    NPAR= 11    ERR DEF=1
  1.504e+05 
  6.915e-03  2.435e-08 
  2.743e-02 -6.012e-09  1.960e-07 
 -3.055e-04 -1.753e-09 -1.224e-08  2.893e-08 
  3.013e-03  6.121e-09 -9.698e-09  2.897e-10  2.851e-08 
  2.024e-03 -8.033e-10 -3.442e-09  1.328e-09 -1.009e-09  2.804e-08 
  1.640e-03  9.266e-09  2.688e-08  1.829e-09  2.066e-09  4.278e-11  1.455e-02 
 -3.986e-02 -1.201e-08  9.046e-09  1.332e-08 -4.281e-09 -1.468e-08 -7.527e-07  4.773e-07 
 -3.521e-02  7.435e-09 -4.901e-08  1.335e-09  2.376e-08  8.237e-09 -1.624e-06 -2.920e-09  5.244e-07 
 -2.734e-02  1.939e-08 -4.445e-08  1.341e-08  1.104e-08 -7.381e-09 -3.236e-06 -2.790e-08  6.177e-08  5.382e-07 
  4.963e-02 -2.078e-09  1.395e-08  2.734e-09  1.385e-08 -1.591e-08 -1.994e-06  2.595e-08 -4.044e-08 -2.488e-08  4.101e-07 
 PARAMETER  CORRELATION COEFFICIENTS  
       NO.  GLOBAL      1      3      4      6      8      9     20     21     22     23     24
        1  0.35311   1.000  0.114  0.160 -0.005  0.046  0.031  0.000 -0.149 -0.125 -0.096  0.200
        3  0.33370   0.114  1.000 -0.087 -0.066  0.232 -0.031  0.000 -0.111  0.066  0.169 -0.021
        4  0.31355   0.160 -0.087  1.000 -0.162 -0.130 -0.046  0.001  0.030 -0.153 -0.137  0.049
        6  0.25247  -0.005 -0.066 -0.162  1.000  0.010  0.047  0.000  0.113  0.011  0.107  0.025
        8  0.34502   0.046  0.232 -0.130  0.010  1.000 -0.036  0.000 -0.037  0.194  0.089  0.128
        9  0.23725   0.031 -0.031 -0.046  0.047 -0.036  1.000  0.000 -0.127  0.068 -0.060 -0.148
       20  0.05201   0.000  0.000  0.001  0.000  0.000  0.000  1.000 -0.009 -0.019 -0.037 -0.026
       21  0.26768  -0.149 -0.111  0.030  0.113 -0.037 -0.127 -0.009  1.000 -0.006 -0.055  0.059
       22  0.29130  -0.125  0.066 -0.153  0.011  0.194  0.068 -0.019 -0.006  1.000  0.116 -0.087
       23  0.28630  -0.096  0.169 -0.137  0.107  0.089 -0.060 -0.037 -0.055  0.116  1.000 -0.053
       24  0.30822   0.200 -0.021  0.049  0.025  0.128 -0.148 -0.026  0.059 -0.087 -0.053  1.000
MINUIT - FIT ONLY 1-y
 **********
 **   51 **RES 
 **********
                   PARAMETER   16  beta_vw RESTORED TO VARIABLE.
                   PARAMETER   14  alpha_vw RESTORED TO VARIABLE.
                   PARAMETER   13  beta_y RESTORED TO VARIABLE.
                   PARAMETER   11  alpha_y RESTORED TO VARIABLE.
                   PARAMETER   10  beta_2CBO RESTORED TO VARIABLE.
 **********
 **   52 **FIX            0
 **********
 PARAMETER    0  IS UNDEFINED. IGNORED.
 **********
 **   53 **FIX            1
 **********
 **********
 **   54 **FIX            2
 **********
 PARAMETER    2  IS CONSTANT.   IGNORED.
 **********
 **   55 **FIX            3
 **********
 **********
 **   56 **FIX            4
 **********
 **********
 **   57 **FIX            5
 **********
 PARAMETER    5  IS CONSTANT.   IGNORED.
 **********
 **   58 **FIX            6
 **********
 **********
 **   59 **FIX            7
 **********
 PARAMETER    7  IS CONSTANT.   IGNORED.
 **********
 **   60 **FIX            8
 **********
 **********
 **   61 **FIX            9
 **********
 **********
 **   62 **FIX           13
 **********
 **********
 **   63 **FIX           14
 **********
 **********
 **   64 **FIX           15
 **********
 PARAMETER   15  IS CONSTANT.   IGNORED.
 **********
 **   65 **FIX           16
 **********
 **********
 **   66 **MIGRAD
 **********
 START MIGRAD MINIMIZATION.  STRATEGY  1.  CONVERGENCE WHEN EDM .LT. 1.00e-04
 FCN=80.5529 FROM MIGRAD    STATUS=INITIATE       16 CALLS        2041 TOTAL
                     EDM= unknown      STRATEGY= 1      NO ERROR MATRIX       
  EXT PARAMETER               CURRENT GUESS       STEP         FIRST   
  NO.   NAME      VALUE            ERROR          SIZE      DERIVATIVE 
   1  N0           3.17768e+06     fixed    
   2  tau          6.44362e+01   constant   
   3  A0           3.64759e-01     fixed    
   4  phi          4.11974e+00     fixed    
   5  R           -6.08502e+01   constant   
   6  alpha_CBO   -1.78395e-03     fixed    
   7  w_CBO        2.32500e+00   constant   
   8  beta_CBO     4.41077e-03     fixed    
   9  alpha_2CBO   2.62869e-04     fixed    
  10  beta_2CBO    7.80222e-05   1.64240e-04   1.64240e-04  -3.60753e+03
  11  alpha_y      0.00000e+00   1.00000e-03   1.00000e-03   2.31654e+04
  12  w_y          1.44500e+01   constant   
  13  beta_y       3.01364e-05     fixed    
  14  alpha_vw     0.00000e+00     fixed    
  15  w_vw         1.29000e+01   constant   
  16  beta_vw      0.00000e+00     fixed    
  17  LM           1.15487e-03   constant   
  18  zeta_y       0.00000e+00   constant   
  19  zeta_vw      0.00000e+00   constant   
  20  T_CBO        9.99999e+02   5.71490e+02   3.23325e-02  -7.88061e-05
  21  alpha_A0    -8.58570e-04   6.90890e-04   2.93532e-06   7.94629e-01
  22  beta_A0     -1.80656e-03   7.24139e-04   3.05462e-06  -5.25382e-01
  23  alpha_phi   -3.60031e-03   7.33651e-04   3.09961e-06   5.36449e-01
  24  beta_phi    -2.21409e-03   6.40424e-04   2.68647e-06   1.08403e+00
 MIGRAD MINIMIZATION HAS CONVERGED.
 MIGRAD WILL VERIFY CONVERGENCE AND ERROR MATRIX.
 COVARIANCE MATRIX CALCULATED SUCCESSFULLY
 FCN=76.9186 FROM MIGRAD    STATUS=CONVERGED     114 CALLS        2139 TOTAL
                     EDM=6.11415e-06    STRATEGY= 1      ERROR MATRIX ACCURATE 
  EXT PARAMETER                                   STEP         FIRST   
  NO.   NAME      VALUE            ERROR          SIZE      DERIVATIVE 
   1  N0           3.17768e+06     fixed    
   2  tau          6.44362e+01   constant   
   3  A0           3.64759e-01     fixed    
   4  phi          4.11974e+00     fixed    
   5  R           -6.08502e+01   constant   
   6  alpha_CBO   -1.78395e-03     fixed    
   7  w_CBO        2.32500e+00   constant   
   8  beta_CBO     4.41077e-03     fixed    
   9  alpha_2CBO   2.62869e-04     fixed    
  10  beta_2CBO    1.25209e-04   1.63557e-04   6.90744e-07  -3.07082e+00
  11  alpha_y     -3.06437e-04   1.62688e-04   7.00911e-07  -1.42959e+00
  12  w_y          1.44500e+01   constant   
  13  beta_y       3.01364e-05     fixed    
  14  alpha_vw     0.00000e+00     fixed    
  15  w_vw         1.29000e+01   constant   
  16  beta_vw      0.00000e+00     fixed    
  17  LM           1.15487e-03   constant   
  18  zeta_y       0.00000e+00   constant   
  19  zeta_vw      0.00000e+00   constant   
  20  T_CBO        1.00000e+03   6.18420e+02   3.23861e-02** at limit **
  21  alpha_A0    -8.88223e-04   6.71014e-04   2.86918e-06  -8.52520e-01
  22  beta_A0     -1.81363e-03   6.99718e-04   2.98578e-06   6.69711e-01
  23  alpha_phi   -3.58784e-03   7.16666e-04   3.02980e-06  -4.65830e+00
  24  beta_phi    -2.24728e-03   6.13826e-04   2.62593e-06  -9.65737e-01
 EXTERNAL ERROR MATRIX.    NDIM=  25    NPAR=  7    ERR DEF=1
  2.675e-08  8.493e-11 -3.286e-11 -8.786e-09 -1.020e-08  1.809e-08 -4.827e-09 
  8.493e-11  2.647e-08 -1.937e-11  1.171e-09 -9.539e-10  1.632e-09  2.079e-09 
 -3.286e-11 -1.937e-11  6.821e-06 -1.749e-08 -3.659e-08 -7.267e-08 -4.549e-08 
 -8.786e-09  1.171e-09 -1.749e-08  4.503e-07  3.131e-09 -3.972e-08  2.903e-08 
 -1.020e-08 -9.539e-10 -3.659e-08  3.131e-09  4.896e-07  3.258e-08 -3.014e-08 
  1.809e-08  1.632e-09 -7.267e-08 -3.972e-08  3.258e-08  5.136e-07 -2.265e-08 
 -4.827e-09  2.079e-09 -4.549e-08  2.903e-08 -3.014e-08 -2.265e-08  3.768e-07 
 PARAMETER  CORRELATION COEFFICIENTS  
       NO.  GLOBAL     10     11     20     21     22     23     24
       10  0.19977   1.000  0.003 -0.000 -0.080 -0.089  0.154 -0.048
       11  0.02900   0.003  1.000 -0.000  0.011 -0.008  0.014  0.021
       20  0.05424  -0.000 -0.000  1.000 -0.010 -0.020 -0.039 -0.028
       21  0.12582  -0.080  0.011 -0.010  1.000  0.007 -0.083  0.070
       22  0.14093  -0.089 -0.008 -0.020  0.007  1.000  0.065 -0.070
       23  0.19471   0.154  0.014 -0.039 -0.083  0.065  1.000 -0.051
       24  0.12192  -0.048  0.021 -0.028  0.070 -0.070 -0.051  1.000
MINUIT - FIT ONLY 2-y
 **********
 **   67 **RES 
 **********
                   PARAMETER   16  beta_vw RESTORED TO VARIABLE.
                   PARAMETER   14  alpha_vw RESTORED TO VARIABLE.
                   PARAMETER   13  beta_y RESTORED TO VARIABLE.
                   PARAMETER    9  alpha_2CBO RESTORED TO VARIABLE.
                   PARAMETER    8  beta_CBO RESTORED TO VARIABLE.
                   PARAMETER    6  alpha_CBO RESTORED TO VARIABLE.
                   PARAMETER    4  phi RESTORED TO VARIABLE.
                   PARAMETER    3  A0 RESTORED TO VARIABLE.
                   PARAMETER    1  N0 RESTORED TO VARIABLE.
 **********
 **   68 **FIX            0
 **********
 PARAMETER    0  IS UNDEFINED. IGNORED.
 **********
 **   69 **FIX            1
 **********
 **********
 **   70 **FIX            2
 **********
 PARAMETER    2  IS CONSTANT.   IGNORED.
 **********
 **   71 **FIX            3
 **********
 **********
 **   72 **FIX            4
 **********
 **********
 **   73 **FIX            5
 **********
 PARAMETER    5  IS CONSTANT.   IGNORED.
 **********
 **   74 **FIX            6
 **********
 **********
 **   75 **FIX            7
 **********
 PARAMETER    7  IS CONSTANT.   IGNORED.
 **********
 **   76 **FIX            8
 **********
 **********
 **   77 **FIX            9
 **********
 **********
 **   78 **FIX           10
 **********
 **********
 **   79 **FIX           11
 **********
 **********
 **   80 **FIX           12
 **********
 PARAMETER   12  IS CONSTANT.   IGNORED.
 **********
 **   81 **FIX           16
 **********
 **********
 **   82 **MIGRAD
 **********
 START MIGRAD MINIMIZATION.  STRATEGY  1.  CONVERGENCE WHEN EDM .LT. 1.00e-04
 FCN=76.9186 FROM MIGRAD    STATUS=INITIATE       16 CALLS        2155 TOTAL
                     EDM= unknown      STRATEGY= 1      NO ERROR MATRIX       
  EXT PARAMETER               CURRENT GUESS       STEP         FIRST   
  NO.   NAME      VALUE            ERROR          SIZE      DERIVATIVE 
   1  N0           3.17768e+06     fixed    
   2  tau          6.44362e+01   constant   
   3  A0           3.64759e-01     fixed    
   4  phi          4.11974e+00     fixed    
   5  R           -6.08502e+01   constant   
   6  alpha_CBO   -1.78395e-03     fixed    
   7  w_CBO        2.32500e+00   constant   
   8  beta_CBO     4.41077e-03     fixed    
   9  alpha_2CBO   2.62869e-04     fixed    
  10  beta_2CBO    1.25209e-04     fixed    
  11  alpha_y     -3.06437e-04     fixed    
  12  w_y          1.44500e+01   constant   
  13  beta_y       3.01364e-05   1.60405e-04   1.60405e-04  -1.46255e+02
  14  alpha_vw     0.00000e+00   1.00000e-03   1.00000e-03   2.11990e+04
  15  w_vw         1.29000e+01   constant   
  16  beta_vw      0.00000e+00     fixed    
  17  LM           1.15487e-03   constant   
  18  zeta_y       0.00000e+00   constant   
  19  zeta_vw      0.00000e+00   constant   
  20  T_CBO        9.99999e+02   6.18420e+02   3.23861e-02  -7.33697e-05
  21  alpha_A0    -8.88223e-04   6.71014e-04   2.86918e-06  -8.51994e-01
  22  beta_A0     -1.81363e-03   6.99718e-04   2.98578e-06   6.70561e-01
  23  alpha_phi   -3.58784e-03   7.16666e-04   3.02980e-06  -4.65648e+00
  24  beta_phi    -2.24728e-03   6.13826e-04   2.62593e-06  -9.64102e-01
 MIGRAD MINIMIZATION HAS CONVERGED.
 MIGRAD WILL VERIFY CONVERGENCE AND ERROR MATRIX.
 COVARIANCE MATRIX CALCULATED SUCCESSFULLY
 FCN=73.9426 FROM MIGRAD    STATUS=CONVERGED     114 CALLS        2253 TOTAL
                     EDM=1.89755e-06    STRATEGY= 1      ERROR MATRIX ACCURATE 
  EXT PARAMETER                                   STEP         FIRST   
  NO.   NAME      VALUE            ERROR          SIZE      DERIVATIVE 
   1  N0           3.17768e+06     fixed    
   2  tau          6.44362e+01   constant   
   3  A0           3.64759e-01     fixed    
   4  phi          4.11974e+00     fixed    
   5  R           -6.08502e+01   constant   
   6  alpha_CBO   -1.78395e-03     fixed    
   7  w_CBO        2.32500e+00   constant   
   8  beta_CBO     4.41077e-03     fixed    
   9  alpha_2CBO   2.62869e-04     fixed    
  10  beta_2CBO    1.25209e-04     fixed    
  11  alpha_y     -3.06437e-04     fixed    
  12  w_y          1.44500e+01   constant   
  13  beta_y       2.53799e-07   1.61401e-04   6.77652e-07  -7.75003e+00
  14  alpha_vw    -2.80973e-04   1.62871e-04   6.83616e-07  -6.67342e-02
  15  w_vw         1.29000e+01   constant   
  16  beta_vw      0.00000e+00     fixed    
  17  LM           1.15487e-03   constant   
  18  zeta_y       0.00000e+00   constant   
  19  zeta_vw      0.00000e+00   constant   
  20  T_CBO        1.00000e+03   5.73165e+02   3.06831e-02** at limit **
  21  alpha_A0    -8.97552e-04   6.68874e-04   2.81381e-06   5.72261e-01
  22  beta_A0     -1.80542e-03   6.96910e-04   2.92819e-06  -9.01989e-01
  23  alpha_phi   -3.54665e-03   7.08438e-04   2.97134e-06  -6.87229e-01
  24  beta_phi    -2.23756e-03   6.12964e-04   2.57529e-06   1.79919e+00
 EXTERNAL ERROR MATRIX.    NDIM=  25    NPAR=  7    ERR DEF=1
  2.605e-08  2.989e-09  2.575e-11  1.306e-09 -6.188e-10 -2.691e-09  1.018e-10 
  2.989e-09  2.653e-08  8.433e-11  9.188e-10 -8.090e-10 -3.816e-09 -8.709e-10 
  2.575e-11  8.433e-11  1.853e-04 -8.454e-08 -1.743e-07 -3.432e-07 -2.165e-07 
  1.306e-09  9.188e-10 -8.454e-08  4.474e-07 -2.562e-10 -3.412e-08  2.731e-08 
 -6.188e-10 -8.090e-10 -1.743e-07 -2.562e-10  4.857e-07  3.964e-08 -3.193e-08 
 -2.691e-09 -3.816e-09 -3.432e-07 -3.412e-08  3.964e-08  5.019e-07 -1.949e-08 
  1.018e-10 -8.709e-10 -2.165e-07  2.731e-08 -3.193e-08 -1.949e-08  3.757e-07 
 PARAMETER  CORRELATION COEFFICIENTS  
       NO.  GLOBAL     13     14     20     21     22     23     24
       13  0.11587   1.000  0.114  0.000  0.012 -0.006 -0.024  0.001
       14  0.11838   0.114  1.000  0.000  0.008 -0.007 -0.033 -0.009
       20  0.04938   0.000  0.000  1.000 -0.009 -0.018 -0.036 -0.026
       21  0.09771   0.012  0.008 -0.009  1.000 -0.001 -0.072  0.067
       22  0.10933  -0.006 -0.007 -0.018 -0.001  1.000  0.080 -0.075
       23  0.12435  -0.024 -0.033 -0.036 -0.072  0.080  1.000 -0.045
