 + ++++++++++++++++++++++++++++++++++++++++++++++++++++++++++++++++++++ +
 +                                                                      +
 +           You have chose to blind your fitting according to          +
 +                omega_ref * (1 + (R +/- deltaR) *10^{-6})             +
 +                                                                      +
 + ++++++++++++++++++++++++++++++++++++++++++++++++++++++++++++++++++++ +
In main()...
reading format from /gm2data/zkhechad/run45/envelope/formats/formatB_sBin_constraintOn.txt
pBinTau 	= 0  
pBinPhi 	= 0  
constraintau 	= 1 
includeMopTerm 	= 0    
constrainMop    = 0   
Parameters after format file: pBinTau 0 pBinPhi 0 constraintau 1 includeMopTerm 0 constrainMop 0 c_e_scale 0.000000 
Opening file /gm2data/tbarrett/gm2fr/studies/run23_bunch_corrections/CorrectedFourier_Run3b.root.
reading full fit data from /gm2data/zkhechad/cboTemplates/Run4CBOTemplates/templateFits0_v2.0/noRF/sBin_constraintOn_cE0.0_seed0_noRF_calo21.root
windowBins = 17
fitting sliding window 36 from bin 172 at 25.513200 to bin 189 at 28.198800 (17 bins)

Reading data from /gm2data/cornell/histograms/aMethod/histogram_a_noRF.root
 **********
 **    1 **SET PRINTOUT            1
 **********
 **********
 **    2 **SET NOWARNINGS 
 **********
 PARAMETER DEFINITIONS:
    NO.   NAME         VALUE      STEP SIZE      LIMITS
     1 N0           2.83546e+06  1.00000e+02     no limits
     2 tau          6.43976e+01  constant
     3 A0           3.54104e-01  1.00000e-04     no limits
     4 phi          4.11635e+00  1.00000e-02     no limits
     5 R           -5.94693e+01  constant
     6 alpha_CBO    0.00000e+00  1.00000e-03     no limits
     7 w_CBO        2.32500e+00  constant
     8 beta_CBO     0.00000e+00  1.00000e-03     no limits
     9 alpha_2CBO   0.00000e+00  1.00000e-03     no limits
    10 beta_2CBO    0.00000e+00  1.00000e-03     no limits
    11 alpha_y      0.00000e+00  1.00000e-03     no limits
    12 w_y          1.44500e+01  constant
    13 beta_y       0.00000e+00  1.00000e-03     no limits
    14 alpha_vw     0.00000e+00  1.00000e-03     no limits
    15 w_vw         1.29000e+01  constant
    16 beta_vw      0.00000e+00  1.00000e-03     no limits
    17 LM          -2.20020e-04  constant
    18 zeta_y       0.00000e+00  constant
    19 zeta_vw      0.00000e+00  constant
    20 T_CBO        1.00000e+02  1.00000e+00    0.00000e+00  1.00000e+03
    21 alpha_A0     0.00000e+00  1.00000e-03     no limits
    22 beta_A0      0.00000e+00  1.00000e-03     no limits
    23 alpha_phi    0.00000e+00  1.00000e-03     no limits
    24 beta_phi     0.00000e+00  1.00000e-03     no limits
MINUIT - FIT ONLY WIGGLE
 **********
 **    3 **FIX            5
 **********
 PARAMETER    5  IS CONSTANT.   IGNORED.
 **********
 **    4 **FIX            6
 **********
 **********
 **    5 **FIX            7
 **********
 PARAMETER    7  IS CONSTANT.   IGNORED.
 **********
 **    6 **FIX            8
 **********
 **********
 **    7 **FIX            9
 **********
 **********
 **    8 **FIX           10
 **********
 **********
 **    9 **FIX           11
 **********
 **********
 **   10 **FIX           12
 **********
 PARAMETER   12  IS CONSTANT.   IGNORED.
 **********
 **   11 **FIX           13
 **********
 **********
 **   12 **FIX           14
 **********
 **********
 **   13 **FIX           15
 **********
 PARAMETER   15  IS CONSTANT.   IGNORED.
 **********
 **   14 **FIX           16
 **********
 **********
 **   15 **MIGRAD
 **********
 FIRST CALL TO USER FUNCTION AT NEW START POINT, WITH IFLAG=4.
 START MIGRAD MINIMIZATION.  STRATEGY  1.  CONVERGENCE WHEN EDM .LT. 1.00e-04
 FCN=3557.3 FROM MIGRAD    STATUS=INITIATE      435 CALLS         436 TOTAL
                     EDM= unknown      STRATEGY= 1      NO ERROR MATRIX       
  EXT PARAMETER               CURRENT GUESS       STEP         FIRST   
  NO.   NAME      VALUE            ERROR          SIZE      DERIVATIVE 
   1  N0           2.83546e+06   1.00000e+02   0.00000e+00  -3.66940e-02
   2  tau          6.43976e+01   constant   
   3  A0           3.54104e-01   1.00000e-04   0.00000e+00  -5.14751e+05
   4  phi          4.11635e+00   1.00000e-02   0.00000e+00  -4.74835e+02
   5  R           -5.94693e+01   constant   
   6  alpha_CBO    0.00000e+00     fixed    
   7  w_CBO        2.32500e+00   constant   
   8  beta_CBO     0.00000e+00     fixed    
   9  alpha_2CBO   0.00000e+00     fixed    
  10  beta_2CBO    0.00000e+00     fixed    
  11  alpha_y      0.00000e+00     fixed    
  12  w_y          1.44500e+01   constant   
  13  beta_y       0.00000e+00     fixed    
  14  alpha_vw     0.00000e+00     fixed    
  15  w_vw         1.29000e+01   constant   
  16  beta_vw      0.00000e+00     fixed    
  17  LM          -2.20020e-04   constant   
  18  zeta_y       0.00000e+00   constant   
  19  zeta_vw      0.00000e+00   constant   
  20  T_CBO        1.00000e+02   1.00000e+00   0.00000e+00   0.00000e+00
  21  alpha_A0     0.00000e+00   1.00000e-03   0.00000e+00   4.67480e+04
  22  beta_A0      0.00000e+00   1.00000e-03   0.00000e+00   2.83038e+04
  23  alpha_phi    0.00000e+00   1.00000e-03   0.00000e+00  -9.94800e+04
  24  beta_phi     0.00000e+00   1.00000e-03   0.00000e+00   6.49322e+04
 MIGRAD FAILS TO FIND IMPROVEMENT
 FCN=274.349 FROM HESSE     STATUS=NOT POSDEF     61 CALLS        1038 TOTAL
                     EDM=2.24725    STRATEGY= 1      ERR MATRIX NOT POS-DEF
  EXT PARAMETER                APPROXIMATE        STEP         FIRST   
  NO.   NAME      VALUE            ERROR          SIZE      DERIVATIVE 
   1  N0           2.87027e+06   2.30133e+03   2.61524e+00  -4.83788e-03
   2  tau          6.43976e+01   constant   
   3  A0           3.64849e-01   1.00218e-03   1.00051e-06   1.92229e+04
   4  phi          4.16999e+00   3.68442e-03   2.79854e-06   2.17334e+03
   5  R           -5.94693e+01   constant   
   6  alpha_CBO    0.00000e+00     fixed    
   7  w_CBO        2.32500e+00   constant   
   8  beta_CBO     0.00000e+00     fixed    
   9  alpha_2CBO   0.00000e+00     fixed    
  10  beta_2CBO    0.00000e+00     fixed    
  11  alpha_y      0.00000e+00     fixed    
  12  w_y          1.44500e+01   constant   
  13  beta_y       0.00000e+00     fixed    
  14  alpha_vw     0.00000e+00     fixed    
  15  w_vw         1.29000e+01   constant   
  16  beta_vw      0.00000e+00     fixed    
  17  LM          -2.20020e-04   constant   
  18  zeta_y       0.00000e+00   constant   
  19  zeta_vw      0.00000e+00   constant   
  20  T_CBO        7.43881e+02   2.58967e+02   2.44467e-03  -2.79600e+00
  21  alpha_A0     7.17458e-02   4.87970e-03   4.51265e-06   1.42691e+02
  22  beta_A0     -8.76996e-03   3.69731e-03   3.73059e-06   1.28365e+03
  23  alpha_phi   -1.46556e-02   4.00748e-03   3.68001e-06   5.83771e+03
  24  beta_phi    -8.24360e-02   5.32759e-03   4.34589e-06   5.42443e+02
 CALL LIMIT EXCEEDED IN MIGRAD.
 MIGRAD TERMINATED WITHOUT CONVERGENCE.
 FCN=253.724 FROM MIGRAD    STATUS=CALL LIMIT   1334 CALLS        1335 TOTAL
                     EDM=0.0273963    STRATEGY= 1      ERR MATRIX NOT POS-DEF
  EXT PARAMETER                APPROXIMATE        STEP         FIRST   
  NO.   NAME      VALUE            ERROR          SIZE      DERIVATIVE 
   1  N0           2.91159e+06   6.41559e+03  -5.92475e+02   1.43352e-04
   2  tau          6.43976e+01   constant   
   3  A0           3.48524e-01   3.92241e-03   5.49779e-04   8.58005e+01
   4  phi          4.20481e+00   1.19586e-02   1.54810e-03   3.37789e+02
   5  R           -5.94693e+01   constant   
   6  alpha_CBO    0.00000e+00     fixed    
   7  w_CBO        2.32500e+00   constant   
   8  beta_CBO     0.00000e+00     fixed    
   9  alpha_2CBO   0.00000e+00     fixed    
  10  beta_2CBO    0.00000e+00     fixed    
  11  alpha_y      0.00000e+00     fixed    
  12  w_y          1.44500e+01   constant   
  13  beta_y       0.00000e+00     fixed    
  14  alpha_vw     0.00000e+00     fixed    
  15  w_vw         1.29000e+01   constant   
  16  beta_vw      0.00000e+00     fixed    
  17  LM          -2.20020e-04   constant   
  18  zeta_y       0.00000e+00   constant   
  19  zeta_vw      0.00000e+00   constant   
  20  T_CBO        8.77017e+02   1.21784e+02   6.69140e-02   4.39037e-01
  21  alpha_A0     1.35932e-01   1.41601e-02   1.34762e-03  -8.25566e+01
  22  beta_A0      5.65832e-02   1.53744e-02  -2.05471e-03  -2.01399e+02
  23  alpha_phi    5.50728e-02   1.57851e-02  -2.04133e-03   2.27476e+02
  24  beta_phi    -1.44780e-01   1.50806e-02  -1.64217e-03   2.16206e+02
 EXTERNAL ERROR MATRIX.    NDIM=  25    NPAR=  8    ERR DEF=1
  4.116e+07 -2.255e+01 -7.595e-01 -1.526e+05  2.606e+01  9.212e+01  9.550e+01 -1.651e+01 
 -2.255e+01  1.539e-05  1.976e-05  2.580e-01  7.574e-06 -5.992e-05 -6.143e-05 -1.469e-05 
 -7.595e-01  1.976e-05  1.430e-04  1.264e+00  1.616e-04 -6.489e-05 -5.974e-05 -1.772e-04 
 -1.526e+05  2.580e-01  1.264e+00  1.557e+04  1.329e+00 -8.991e-01 -8.756e-01 -1.501e+00 
  2.606e+01  7.574e-06  1.616e-04  1.329e+00  2.005e-04 -1.323e-05 -5.036e-06 -2.117e-04 
  9.212e+01 -5.992e-05 -6.489e-05 -8.991e-01 -1.323e-05  2.364e-04  2.421e-04  4.102e-05 
  9.550e+01 -6.143e-05 -5.974e-05 -8.756e-01 -5.036e-06  2.421e-04  2.492e-04  3.283e-05 
 -1.651e+01 -1.469e-05 -1.772e-04 -1.501e+00 -2.117e-04  4.102e-05  3.283e-05  2.274e-04 
ERR MATRIX NOT POS-DEF
 PARAMETER  CORRELATION COEFFICIENTS  
       NO.  GLOBAL      1      3      4     20     21     22     23     24
        1  0.99917   1.000 -0.896 -0.010 -0.191  0.287  0.934  0.943 -0.171
        3  0.99970  -0.896  1.000  0.421  0.527  0.136 -0.994 -0.992 -0.248
        4  0.99984  -0.010  0.421  1.000  0.847  0.954 -0.353 -0.316 -0.983
       20  0.87913  -0.191  0.527  0.847  1.000  0.752 -0.469 -0.445 -0.798
       21  0.99939   0.287  0.136  0.954  0.752  1.000 -0.061 -0.023 -0.992
       22  0.99964   0.934 -0.994 -0.353 -0.469 -0.061  1.000  0.998  0.177
       23  0.99961   0.943 -0.992 -0.316 -0.445 -0.023  0.998  1.000  0.138
       24  0.99972  -0.171 -0.248 -0.983 -0.798 -0.992  0.177  0.138  1.000
 ERR MATRIX NOT POS-DEF
MINUIT - FIT ONLY 1-CBO + wiggle
 **********
 **   16 **RES 
 **********
                   PARAMETER   16  beta_vw RESTORED TO VARIABLE.
                   PARAMETER   14  alpha_vw RESTORED TO VARIABLE.
                   PARAMETER   13  beta_y RESTORED TO VARIABLE.
                   PARAMETER   11  alpha_y RESTORED TO VARIABLE.
                   PARAMETER   10  beta_2CBO RESTORED TO VARIABLE.
                   PARAMETER    9  alpha_2CBO RESTORED TO VARIABLE.
                   PARAMETER    8  beta_CBO RESTORED TO VARIABLE.
                   PARAMETER    6  alpha_CBO RESTORED TO VARIABLE.
 **********
 **   17 **FIX            8
 **********
 **********
 **   18 **FIX            9
 **********
 **********
 **   19 **FIX           11
 **********
 **********
 **   20 **FIX           12
 **********
 PARAMETER   12  IS CONSTANT.   IGNORED.
 **********
 **   21 **FIX           14
 **********
 **********
 **   22 **FIX           15
 **********
 PARAMETER   15  IS CONSTANT.   IGNORED.
 **********
 **   23 **FIX           16
 **********
 **********
 **   24 **MIGRAD
 **********
 START MIGRAD MINIMIZATION.  STRATEGY  1.  CONVERGENCE WHEN EDM .LT. 1.00e-04
 FCN=253.724 FROM MIGRAD    STATUS=INITIATE       28 CALLS        1363 TOTAL
                     EDM= unknown      STRATEGY= 1      NO ERROR MATRIX       
  EXT PARAMETER               CURRENT GUESS       STEP         FIRST   
  NO.   NAME      VALUE            ERROR          SIZE      DERIVATIVE 
   1  N0           2.91159e+06   6.41559e+03  -5.92475e+02   1.43352e-04
   2  tau          6.43976e+01   constant   
   3  A0           3.48524e-01   3.92241e-03   5.49779e-04   8.58005e+01
   4  phi          4.20481e+00   1.19586e-02   1.54810e-03   3.37789e+02
   5  R           -5.94693e+01   constant   
   6  alpha_CBO    0.00000e+00   1.00000e-03   1.00000e-03   4.22289e+03
   7  w_CBO        2.32500e+00   constant   
   8  beta_CBO     0.00000e+00     fixed    
   9  alpha_2CBO   0.00000e+00     fixed    
  10  beta_2CBO    0.00000e+00   1.00000e-03   1.00000e-03  -6.15190e+03
  11  alpha_y      0.00000e+00     fixed    
  12  w_y          1.44500e+01   constant   
  13  beta_y       0.00000e+00   1.00000e-03   1.00000e-03  -1.54612e+05
  14  alpha_vw     0.00000e+00     fixed    
  15  w_vw         1.29000e+01   constant   
  16  beta_vw      0.00000e+00     fixed    
  17  LM          -2.20020e-04   constant   
  18  zeta_y       0.00000e+00   constant   
  19  zeta_vw      0.00000e+00   constant   
  20  T_CBO        8.77017e+02   1.21784e+02   6.69140e-02  -4.38992e-01
  21  alpha_A0     1.35932e-01   1.41601e-02   1.34762e-03  -8.25566e+01
  22  beta_A0      5.65832e-02   1.53744e-02  -2.05471e-03  -2.01399e+02
  23  alpha_phi    5.50728e-02   1.57851e-02  -2.04133e-03   2.27476e+02
  24  beta_phi    -1.44780e-01   1.50806e-02  -1.64217e-03   2.16206e+02
 CALL LIMIT EXCEEDED IN MIGRAD.
 MIGRAD TERMINATED WITHOUT CONVERGENCE.
 FCN=78.6049 FROM MIGRAD    STATUS=CALL LIMIT   1921 CALLS        3256 TOTAL
                     EDM=0.0328635    STRATEGY= 1  ERROR MATRIX UNCERTAINTY   4.0 per cent
  EXT PARAMETER                APPROXIMATE        STEP         FIRST   
  NO.   NAME      VALUE            ERROR          SIZE      DERIVATIVE 
   1  N0           2.79559e+06   1.55675e+04  -2.66940e+03   8.02677e-04
   2  tau          6.43976e+01   constant   
   3  A0           3.39291e-01   3.40633e-03  -1.84697e-04  -1.76400e+03
   4  phi          4.19886e+00   9.03381e-03   1.63528e-03   4.76015e+02
   5  R           -5.94693e+01   constant   
   6  alpha_CBO   -2.06914e-02   3.22999e-03  -4.21989e-04  -2.36301e+02
   7  w_CBO        2.32500e+00   constant   
   8  beta_CBO     0.00000e+00     fixed    
   9  alpha_2CBO   0.00000e+00     fixed    
  10  beta_2CBO   -1.31637e-02   2.51243e-03  -4.91103e-04  -3.01068e+02
  11  alpha_y      0.00000e+00     fixed    
  12  w_y          1.44500e+01   constant   
  13  beta_y       1.83890e-03   1.67893e-04  -6.55240e-06  -6.65162e+01
  14  alpha_vw     0.00000e+00     fixed    
  15  w_vw         1.29000e+01   constant   
  16  beta_vw      0.00000e+00     fixed    
  17  LM          -2.20020e-04   constant   
  18  zeta_y       0.00000e+00   constant   
  19  zeta_vw      0.00000e+00   constant   
  20  T_CBO        9.42494e+01   4.53855e+00  -2.85056e-03   3.14562e+01
  21  alpha_A0     9.14417e-02   4.33282e-03   8.39797e-05  -8.06851e+01
  22  beta_A0     -6.44440e-02   2.40890e-02  -3.78407e-03  -4.73700e+02
  23  alpha_phi   -4.68229e-02   2.24168e-02  -3.05704e-03  -1.23721e+02
  24  beta_phi    -2.19668e-01   2.37794e-02  -4.28580e-03   2.97816e+02
 EXTERNAL ERROR MATRIX.    NDIM=  25    NPAR= 11    ERR DEF=1
  2.423e+08 
  1.032e+01  1.160e-05 
 -1.382e+02 -2.232e-06  8.161e-05 
  4.208e+01  7.065e-06 -2.210e-05  1.043e-05 
  3.748e+01  1.498e-06 -2.168e-05  5.939e-06  6.312e-06 
  4.652e-01  4.499e-08 -2.420e-07  1.287e-07  4.218e-08  2.819e-08 
  3.759e+04  1.067e-02 -2.089e-02  1.040e-02  6.417e-03  8.801e-05  2.060e+01 
 -2.689e+01 -4.371e-06  1.465e-05 -9.050e-06 -1.648e-06 -2.265e-07 -6.083e-03  1.877e-05 
  3.505e+02 -1.357e-05 -2.097e-04  4.707e-05  5.478e-05  5.920e-07  3.170e-02 -2.941e-05  5.803e-04 
  3.176e+02 -1.611e-05 -1.907e-04  4.329e-05  4.759e-05  6.612e-07  2.401e-02 -3.683e-05  5.338e-04  5.025e-04 
  3.690e+02  1.824e-05 -2.116e-04  6.470e-05  5.774e-05  6.766e-07  6.203e-02 -4.020e-05  5.281e-04  4.754e-04  5.655e-04 
ERR MATRIX APPROXIMATE
 PARAMETER  CORRELATION COEFFICIENTS  
       NO.  GLOBAL      1      3      4      6     10     13     20     21     22     23     24
        1  0.99995   1.000  0.195 -0.983  0.837  0.958  0.178  0.532 -0.399  0.935  0.910  0.997
        3  0.99987   0.195  1.000 -0.073  0.642  0.175  0.079  0.690 -0.296 -0.165 -0.211  0.225
        4  0.99981  -0.983 -0.073  1.000 -0.757 -0.955 -0.160 -0.510  0.374 -0.964 -0.941 -0.985
        6  0.99931   0.837  0.642 -0.757  1.000  0.732  0.237  0.710 -0.647  0.605  0.598  0.842
       10  0.99815   0.958  0.175 -0.955  0.732  1.000  0.100  0.563 -0.151  0.905  0.845  0.967
       13  0.37269   0.178  0.079 -0.160  0.237  0.100  1.000  0.115 -0.311  0.146  0.176  0.169
       20  0.96133   0.532  0.690 -0.510  0.710  0.563  0.115  1.000 -0.309  0.290  0.236  0.575
       21  0.99430  -0.399 -0.296  0.374 -0.647 -0.151 -0.311 -0.309  1.000 -0.282 -0.379 -0.390
       22  0.99994   0.935 -0.165 -0.964  0.605  0.905  0.146  0.290 -0.282  1.000  0.989  0.922
       23  0.99987   0.910 -0.211 -0.941  0.598  0.845  0.176  0.236 -0.379  0.989  1.000  0.892
       24  0.99994   0.997  0.225 -0.985  0.842  0.967  0.169  0.575 -0.390  0.922  0.892  1.000
 ERR MATRIX APPROXIMATE
MINUIT - FIT ONLY 2-CBO
 **********
 **   25 **RES 
 **********
                   PARAMETER   16  beta_vw RESTORED TO VARIABLE.
                   PARAMETER   14  alpha_vw RESTORED TO VARIABLE.
                   PARAMETER   11  alpha_y RESTORED TO VARIABLE.
                   PARAMETER    9  alpha_2CBO RESTORED TO VARIABLE.
                   PARAMETER    8  beta_CBO RESTORED TO VARIABLE.
 **********
 **   26 **FIX            0
 **********
 PARAMETER    0  IS UNDEFINED. IGNORED.
 **********
 **   27 **FIX            1
 **********
 **********
 **   28 **FIX            2
 **********
 PARAMETER    2  IS CONSTANT.   IGNORED.
 **********
 **   29 **FIX            3
 **********
 **********
 **   30 **FIX            4
 **********
 **********
 **   31 **FIX            5
 **********
 PARAMETER    5  IS CONSTANT.   IGNORED.
 **********
 **   32 **FIX            6
 **********
 **********
 **   33 **FIX            7
 **********
 PARAMETER    7  IS CONSTANT.   IGNORED.
 **********
 **   34 **FIX           10
 **********
 **********
 **   35 **FIX           11
 **********
 **********
 **   36 **FIX           12
 **********
 PARAMETER   12  IS CONSTANT.   IGNORED.
 **********
 **   37 **FIX           13
 **********
 **********
 **   38 **FIX           14
 **********
 **********
 **   39 **FIX           15
 **********
 PARAMETER   15  IS CONSTANT.   IGNORED.
 **********
 **   40 **FIX           16
 **********
 **********
 **   41 **MIGRAD
 **********
 START MIGRAD MINIMIZATION.  STRATEGY  1.  CONVERGENCE WHEN EDM .LT. 1.00e-04
 FCN=78.6049 FROM MIGRAD    STATUS=INITIATE       18 CALLS        3274 TOTAL
                     EDM= unknown      STRATEGY= 1      NO ERROR MATRIX       
  EXT PARAMETER               CURRENT GUESS       STEP         FIRST   
  NO.   NAME      VALUE            ERROR          SIZE      DERIVATIVE 
   1  N0           2.79559e+06     fixed    
   2  tau          6.43976e+01   constant   
   3  A0           3.39291e-01     fixed    
   4  phi          4.19886e+00     fixed    
   5  R           -5.94693e+01   constant   
   6  alpha_CBO   -2.06914e-02     fixed    
   7  w_CBO        2.32500e+00   constant   
   8  beta_CBO     0.00000e+00   1.00000e-03   1.00000e-03  -1.07870e+03
   9  alpha_2CBO   0.00000e+00   1.00000e-03   1.00000e-03  -7.14817e+02
  10  beta_2CBO   -1.31637e-02     fixed    
  11  alpha_y      0.00000e+00     fixed    
  12  w_y          1.44500e+01   constant   
  13  beta_y       1.83890e-03     fixed    
  14  alpha_vw     0.00000e+00     fixed    
  15  w_vw         1.29000e+01   constant   
  16  beta_vw      0.00000e+00     fixed    
  17  LM          -2.20020e-04   constant   
  18  zeta_y       0.00000e+00   constant   
  19  zeta_vw      0.00000e+00   constant   
  20  T_CBO        9.42494e+01   4.53855e+00  -2.85056e-03  -3.14562e+01
  21  alpha_A0     9.14417e-02   4.33282e-03   8.39797e-05  -8.06851e+01
  22  beta_A0     -6.44440e-02   2.40890e-02  -3.78407e-03  -4.73700e+02
  23  alpha_phi   -4.68229e-02   2.24168e-02  -3.05704e-03  -1.23721e+02
  24  beta_phi    -2.19668e-01   2.37794e-02  -4.28580e-03   2.97816e+02
 MIGRAD MINIMIZATION HAS CONVERGED.
 MIGRAD WILL VERIFY CONVERGENCE AND ERROR MATRIX.
 COVARIANCE MATRIX CALCULATED SUCCESSFULLY
 FCN=78.5746 FROM HESSE     STATUS=OK             50 CALLS        3405 TOTAL
                     EDM=0.0114254    STRATEGY= 1      ERROR MATRIX ACCURATE 
  EXT PARAMETER                                   STEP         FIRST   
  NO.   NAME      VALUE            ERROR          SIZE      DERIVATIVE 
   1  N0           2.79559e+06     fixed    
   2  tau          6.43976e+01   constant   
   3  A0           3.39291e-01     fixed    
   4  phi          4.19886e+00     fixed    
   5  R           -5.94693e+01   constant   
   6  alpha_CBO   -2.06914e-02     fixed    
   7  w_CBO        2.32500e+00   constant   
   8  beta_CBO    -1.08623e-05   6.41191e-04   6.88736e-07   3.47852e+00
   9  alpha_2CBO   2.40920e-07   4.94948e-04   6.78085e-07  -1.27255e+01
  10  beta_2CBO   -1.31637e-02     fixed    
  11  alpha_y      0.00000e+00     fixed    
  12  w_y          1.44500e+01   constant   
  13  beta_y       1.83890e-03     fixed    
  14  alpha_vw     0.00000e+00     fixed    
  15  w_vw         1.29000e+01   constant   
  16  beta_vw      0.00000e+00     fixed    
  17  LM          -2.20020e-04   constant   
  18  zeta_y       0.00000e+00   constant   
  19  zeta_vw      0.00000e+00   constant   
  20  T_CBO        9.43260e+01   1.16876e+02   1.88568e-05  -4.36814e-01
  21  alpha_A0     9.14614e-02   3.17432e-02   3.32965e-06  -2.11689e+00
  22  beta_A0     -6.43645e-02   2.41181e-02   2.75939e-06   1.13812e+00
  23  alpha_phi   -4.68054e-02   1.72228e-02   2.89452e-06  -4.51061e-01
  24  beta_phi    -2.19743e-01   7.80217e-02   3.48599e-06  -1.51465e+00
 CALL LIMIT EXCEEDED IN MIGRAD.
 MIGRAD TERMINATED WITHOUT CONVERGENCE.
 FCN=78.4851 FROM MIGRAD    STATUS=CALL LIMIT   1152 CALLS        4408 TOTAL
                     EDM=0.00148722    STRATEGY= 1  ERROR MATRIX UNCERTAINTY  13.5 per cent
  EXT PARAMETER                APPROXIMATE        STEP         FIRST   
  NO.   NAME      VALUE            ERROR          SIZE      DERIVATIVE 
   1  N0           2.79559e+06     fixed    
   2  tau          6.43976e+01   constant   
   3  A0           3.39291e-01     fixed    
   4  phi          4.19886e+00     fixed    
   5  R           -5.94693e+01   constant   
   6  alpha_CBO   -2.06914e-02     fixed    
   7  w_CBO        2.32500e+00   constant   
   8  beta_CBO    -2.25303e-04   4.52531e-04  -3.07290e-06  -2.33491e+02
   9  alpha_2CBO   2.42490e-05   4.33834e-04   5.85356e-07   1.64238e+02
  10  beta_2CBO   -1.31637e-02     fixed    
  11  alpha_y      0.00000e+00     fixed    
  12  w_y          1.44500e+01   constant   
  13  beta_y       1.83890e-03     fixed    
  14  alpha_vw     0.00000e+00     fixed    
  15  w_vw         1.29000e+01   constant   
  16  beta_vw      0.00000e+00     fixed    
  17  LM          -2.20020e-04   constant   
  18  zeta_y       0.00000e+00   constant   
  19  zeta_vw      0.00000e+00   constant   
  20  T_CBO        2.24274e+02   1.88628e+02   9.18729e-03  -2.60166e+00
  21  alpha_A0     7.81192e-02   8.34788e-03  -1.55587e-04  -5.59170e+01
  22  beta_A0     -5.42991e-02   6.33173e-03   1.19806e-04   1.13550e+01
  23  alpha_phi   -3.96143e-02   4.36058e-03   8.60266e-05   4.47584e+00
  24  beta_phi    -1.86992e-01   1.99039e-02   3.91795e-04   3.20688e+01
 EXTERNAL ERROR MATRIX.    NDIM=  25    NPAR=  7    ERR DEF=1
  2.048e-07 -6.471e-08 -2.654e-02  6.773e-07 -5.309e-07 -6.643e-07 -1.823e-06 
 -6.471e-08  1.882e-07 -2.949e-03  6.560e-07 -6.612e-07  2.777e-07 -7.281e-07 
 -2.654e-02 -2.949e-03  3.831e+04 -1.609e+00  1.207e+00  8.309e-01  3.874e+00 
  6.773e-07  6.560e-07 -1.609e+00  6.969e-05 -5.243e-05 -3.398e-05 -1.650e-04 
 -5.309e-07 -6.612e-07  1.207e+00 -5.243e-05  4.009e-05  2.516e-05  1.238e-04 
 -6.643e-07  2.777e-07  8.309e-01 -3.398e-05  2.516e-05  1.901e-05  8.334e-05 
 -1.823e-06 -7.281e-07  3.874e+00 -1.650e-04  1.238e-04  8.334e-05  3.962e-04 
ERR MATRIX APPROXIMATE
 PARAMETER  CORRELATION COEFFICIENTS  
       NO.  GLOBAL      8      9     20     21     22     23     24
        8  0.97778   1.000 -0.330 -0.300  0.179 -0.185 -0.337 -0.202
        9  0.96328  -0.330  1.000 -0.035  0.181 -0.241  0.147 -0.084
       20  0.99981  -0.300 -0.035  1.000 -0.985  0.974  0.973  0.995
       21  0.99850   0.179  0.181 -0.985  1.000 -0.992 -0.933 -0.993
       22  0.99626  -0.185 -0.241  0.974 -0.992  1.000  0.911  0.982
       23  0.99048  -0.337  0.147  0.973 -0.933  0.911  1.000  0.960
       24  0.99969  -0.202 -0.084  0.995 -0.993  0.982  0.960  1.000
 ERR MATRIX APPROXIMATE
MINUIT - FIT wiggle + 1-CBO + 2-CBO
 **********
 **   42 **RES 
 **********
                   PARAMETER   16  beta_vw RESTORED TO VARIABLE.
                   PARAMETER   14  alpha_vw RESTORED TO VARIABLE.
                   PARAMETER   13  beta_y RESTORED TO VARIABLE.
                   PARAMETER   11  alpha_y RESTORED TO VARIABLE.
                   PARAMETER   10  beta_2CBO RESTORED TO VARIABLE.
                   PARAMETER    6  alpha_CBO RESTORED TO VARIABLE.
                   PARAMETER    4  phi RESTORED TO VARIABLE.
                   PARAMETER    3  A0 RESTORED TO VARIABLE.
                   PARAMETER    1  N0 RESTORED TO VARIABLE.
 **********
 **   43 **FIX           10
 **********
 **********
 **   44 **FIX           11
 **********
 **********
 **   45 **FIX           12
 **********
 PARAMETER   12  IS CONSTANT.   IGNORED.
 **********
 **   46 **FIX           13
 **********
 **********
 **   47 **FIX           14
 **********
 **********
 **   48 **FIX           15
 **********
 PARAMETER   15  IS CONSTANT.   IGNORED.
 **********
 **   49 **FIX           16
 **********
 **********
 **   50 **MIGRAD
 **********
 START MIGRAD MINIMIZATION.  STRATEGY  1.  CONVERGENCE WHEN EDM .LT. 1.00e-04
 FCN=78.4851 FROM MIGRAD    STATUS=INITIATE       22 CALLS        4430 TOTAL
                     EDM= unknown      STRATEGY= 1      NO ERROR MATRIX       
  EXT PARAMETER               CURRENT GUESS       STEP         FIRST   
  NO.   NAME      VALUE            ERROR          SIZE      DERIVATIVE 
   1  N0           2.79559e+06   1.55675e+04   1.55675e+04  -4.09713e-05
   2  tau          6.43976e+01   constant   
   3  A0           3.39291e-01   3.40633e-03   3.40633e-03   9.80756e+00
   4  phi          4.19886e+00   9.03381e-03   9.03381e-03   2.96326e+01
   5  R           -5.94693e+01   constant   
   6  alpha_CBO   -2.06914e-02   3.22999e-03   3.22999e-03  -6.73787e+01
   7  w_CBO        2.32500e+00   constant   
   8  beta_CBO    -2.25303e-04   4.52531e-04  -3.07290e-06  -2.33491e+02
   9  alpha_2CBO   2.42490e-05   4.33834e-04   5.85356e-07   1.64238e+02
  10  beta_2CBO   -1.31637e-02     fixed    
  11  alpha_y      0.00000e+00     fixed    
  12  w_y          1.44500e+01   constant   
  13  beta_y       1.83890e-03     fixed    
  14  alpha_vw     0.00000e+00     fixed    
  15  w_vw         1.29000e+01   constant   
  16  beta_vw      0.00000e+00     fixed    
  17  LM          -2.20020e-04   constant   
  18  zeta_y       0.00000e+00   constant   
  19  zeta_vw      0.00000e+00   constant   
  20  T_CBO        2.24274e+02   1.88628e+02   9.18729e-03  -2.60167e+00
  21  alpha_A0     7.81192e-02   8.34788e-03  -1.55587e-04  -5.59170e+01
  22  beta_A0     -5.42991e-02   6.33173e-03   1.19806e-04   1.13550e+01
  23  alpha_phi   -3.96143e-02   4.36058e-03   8.60266e-05   4.47584e+00
  24  beta_phi    -1.86992e-01   1.99039e-02   3.91795e-04   3.20688e+01
 MIGRAD MINIMIZATION HAS CONVERGED.
 FCN=77.8598 FROM MIGRAD    STATUS=CONVERGED     792 CALLS        5200 TOTAL
                     EDM=6.60463e-06    STRATEGY= 1  ERROR MATRIX UNCERTAINTY   1.6 per cent
  EXT PARAMETER                                   STEP         FIRST   
  NO.   NAME      VALUE            ERROR          SIZE      DERIVATIVE 
   1  N0           2.79475e+06   6.23207e+03   6.46882e+00  -2.08427e-06
   2  tau          6.43976e+01   constant   
   3  A0           3.35786e-01   8.10455e-03   1.73411e-05   1.84788e+01
   4  phi          4.20661e+00   1.19692e-02  -1.04888e-05  -3.39974e+00
   5  R           -5.94693e+01   constant   
   6  alpha_CBO   -2.56759e-02   1.27251e-02   2.15486e-05   2.73507e+00
   7  w_CBO        2.32500e+00   constant   
   8  beta_CBO    -2.14589e-03   6.80241e-03   1.02568e-05  -9.89982e+00
   9  alpha_2CBO  -1.59802e-03   5.69382e-03   5.90902e-06   8.23803e+00
  10  beta_2CBO   -1.31637e-02     fixed    
  11  alpha_y      0.00000e+00     fixed    
  12  w_y          1.44500e+01   constant   
  13  beta_y       1.83890e-03     fixed    
  14  alpha_vw     0.00000e+00     fixed    
  15  w_vw         1.29000e+01   constant   
  16  beta_vw      0.00000e+00     fixed    
  17  LM          -2.20020e-04   constant   
  18  zeta_y       0.00000e+00   constant   
  19  zeta_vw      0.00000e+00   constant   
  20  T_CBO        3.88536e+02   2.22673e+02  -1.13965e-03  -2.27937e-02
  21  alpha_A0     9.13069e-02   1.60362e-02  -3.88520e-05   1.35439e+00
  22  beta_A0     -4.32685e-02   2.21018e-02  -3.86465e-05   9.21990e+00
  23  alpha_phi   -4.34001e-02   2.33568e-02   1.26668e-05   3.87421e+00
  24  beta_phi    -2.02843e-01   2.76140e-02   6.35484e-05  -2.26403e-01
 EXTERNAL ERROR MATRIX.    NDIM=  25    NPAR= 11    ERR DEF=1
  3.884e+07 
  4.509e+01  6.568e-05 
  4.799e+01  2.432e-05  1.433e-04 
  7.281e+01  9.750e-05  5.064e-05  1.619e-04 
  3.760e+01  4.656e-05  3.241e-05  8.408e-05  4.627e-05 
  3.258e+01  3.974e-05  3.051e-05  7.060e-05  3.829e-05  3.242e-05 
 -4.514e+05 -1.157e+00  1.305e+00 -1.928e+00 -9.732e-01 -7.397e-01  5.348e+04 
 -2.152e+01 -7.526e-05  1.128e-04 -1.147e-04 -5.340e-05 -3.988e-05  3.635e+00  2.572e-04 
 -1.226e+02 -1.737e-04 -6.437e-05 -2.785e-04 -1.404e-04 -1.188e-04  3.560e+00  2.214e-04  4.885e-04 
  1.227e+02  1.331e-04  1.439e-04  2.648e-04  1.534e-04  1.283e-04 -2.557e+00 -1.183e-04 -4.285e-04  5.455e-04 
  1.205e+02  1.963e-04 -1.660e-05  3.239e-04  1.657e-04  1.347e-04 -5.715e+00 -3.692e-04 -5.737e-04  4.881e-04  7.625e-04 
 PARAMETER  CORRELATION COEFFICIENTS  
       NO.  GLOBAL      1      3      4      6      8      9     20     21     22     23     24
        1  0.99881   1.000  0.893  0.643  0.918  0.887  0.918 -0.313 -0.215 -0.890  0.843  0.700
        3  0.99988   0.893  1.000  0.251  0.945  0.845  0.861 -0.617 -0.579 -0.970  0.703  0.877
        4  0.99960   0.643  0.251  1.000  0.333  0.398  0.448  0.471  0.588 -0.243  0.515 -0.050
        6  0.99992   0.918  0.945  0.333  1.000  0.971  0.974 -0.655 -0.562 -0.990  0.891  0.922
        8  0.99984   0.887  0.845  0.398  0.971  1.000  0.988 -0.619 -0.490 -0.934  0.965  0.882
        9  0.99965   0.918  0.861  0.448  0.974  0.988  1.000 -0.562 -0.437 -0.944  0.965  0.857
       20  0.99948  -0.313 -0.617  0.471 -0.655 -0.619 -0.562  1.000  0.980  0.696 -0.473 -0.895
       21  0.99928  -0.215 -0.579  0.588 -0.562 -0.490 -0.437  0.980  1.000  0.625 -0.316 -0.834
       22  0.99982  -0.890 -0.970 -0.243 -0.990 -0.934 -0.944  0.696  0.625  1.000 -0.830 -0.940
       23  0.99978   0.843  0.703  0.515  0.891  0.965  0.965 -0.473 -0.316 -0.830  1.000  0.757
       24  0.99978   0.700  0.877 -0.050  0.922  0.882  0.857 -0.895 -0.834 -0.940  0.757  1.000
MINUIT - FIT ONLY 1-y
 **********
 **   51 **RES 
 **********
                   PARAMETER   16  beta_vw RESTORED TO VARIABLE.
                   PARAMETER   14  alpha_vw RESTORED TO VARIABLE.
                   PARAMETER   13  beta_y RESTORED TO VARIABLE.
                   PARAMETER   11  alpha_y RESTORED TO VARIABLE.
                   PARAMETER   10  beta_2CBO RESTORED TO VARIABLE.
 **********
 **   52 **FIX            0
 **********
 PARAMETER    0  IS UNDEFINED. IGNORED.
 **********
 **   53 **FIX            1
 **********
 **********
 **   54 **FIX            2
 **********
 PARAMETER    2  IS CONSTANT.   IGNORED.
 **********
 **   55 **FIX            3
 **********
 **********
 **   56 **FIX            4
 **********
 **********
 **   57 **FIX            5
 **********
 PARAMETER    5  IS CONSTANT.   IGNORED.
 **********
 **   58 **FIX            6
 **********
 **********
 **   59 **FIX            7
 **********
 PARAMETER    7  IS CONSTANT.   IGNORED.
 **********
 **   60 **FIX            8
 **********
 **********
 **   61 **FIX            9
 **********
 **********
 **   62 **FIX           13
 **********
 **********
 **   63 **FIX           14
 **********
 **********
 **   64 **FIX           15
 **********
 PARAMETER   15  IS CONSTANT.   IGNORED.
 **********
 **   65 **FIX           16
 **********
 **********
 **   66 **MIGRAD
 **********
 START MIGRAD MINIMIZATION.  STRATEGY  1.  CONVERGENCE WHEN EDM .LT. 1.00e-04
 FCN=77.8598 FROM MIGRAD    STATUS=INITIATE       16 CALLS        5216 TOTAL
                     EDM= unknown      STRATEGY= 1      NO ERROR MATRIX       
  EXT PARAMETER               CURRENT GUESS       STEP         FIRST   
  NO.   NAME      VALUE            ERROR          SIZE      DERIVATIVE 
   1  N0           2.79475e+06     fixed    
   2  tau          6.43976e+01   constant   
   3  A0           3.35786e-01     fixed    
   4  phi          4.20661e+00     fixed    
   5  R           -5.94693e+01   constant   
   6  alpha_CBO   -2.56759e-02     fixed    
   7  w_CBO        2.32500e+00   constant   
   8  beta_CBO    -2.14589e-03     fixed    
   9  alpha_2CBO  -1.59802e-03     fixed    
  10  beta_2CBO   -1.31637e-02   2.51243e-03   2.51243e-03   1.03577e+02
  11  alpha_y      0.00000e+00   1.00000e-03   1.00000e-03   7.19848e+04
  12  w_y          1.44500e+01   constant   
  13  beta_y       1.83890e-03     fixed    
  14  alpha_vw     0.00000e+00     fixed    
  15  w_vw         1.29000e+01   constant   
  16  beta_vw      0.00000e+00     fixed    
  17  LM          -2.20020e-04   constant   
  18  zeta_y       0.00000e+00   constant   
  19  zeta_vw      0.00000e+00   constant   
  20  T_CBO        3.88536e+02   2.22673e+02  -1.13965e-03  -2.27933e-02
  21  alpha_A0     9.13069e-02   1.60362e-02  -3.88520e-05   1.35439e+00
  22  beta_A0     -4.32685e-02   2.21018e-02  -3.86465e-05   9.21991e+00
  23  alpha_phi   -4.34001e-02   2.33568e-02   1.26668e-05   3.87421e+00
  24  beta_phi    -2.02843e-01   2.76140e-02   6.35484e-05  -2.26403e-01
 MIGRAD MINIMIZATION HAS CONVERGED.
 FCN=42.5577 FROM MIGRAD    STATUS=CONVERGED     111 CALLS        5311 TOTAL
                     EDM=1.64886e-07    STRATEGY= 1  ERROR MATRIX UNCERTAINTY   2.7 per cent
  EXT PARAMETER                                   STEP         FIRST   
  NO.   NAME      VALUE            ERROR          SIZE      DERIVATIVE 
   1  N0           2.79475e+06     fixed    
   2  tau          6.43976e+01   constant   
   3  A0           3.35786e-01     fixed    
   4  phi          4.20661e+00     fixed    
   5  R           -5.94693e+01   constant   
   6  alpha_CBO   -2.56759e-02     fixed    
   7  w_CBO        2.32500e+00   constant   
   8  beta_CBO    -2.14589e-03     fixed    
   9  alpha_2CBO  -1.59802e-03     fixed    
  10  beta_2CBO   -1.34058e-02   2.72170e-04  -1.39975e-08  -4.89317e-02
  11  alpha_y     -9.80445e-04   1.65022e-04   1.07235e-08   4.91001e-01
  12  w_y          1.44500e+01   constant   
  13  beta_y       1.83890e-03     fixed    
  14  alpha_vw     0.00000e+00     fixed    
  15  w_vw         1.29000e+01   constant   
  16  beta_vw      0.00000e+00     fixed    
  17  LM          -2.20020e-04   constant   
  18  zeta_y       0.00000e+00   constant   
  19  zeta_vw      0.00000e+00   constant   
  20  T_CBO        3.86153e+02   1.67139e+01  -6.31728e-05  -1.58875e-02
  21  alpha_A0     9.04084e-02   8.90834e-04   1.38172e-06  -6.97946e-01
  22  beta_A0     -4.32448e-02   5.47484e-04   2.91161e-06   1.92137e-01
  23  alpha_phi   -4.34436e-02   5.60615e-04   5.45780e-06  -5.73372e-02
  24  beta_phi    -2.03149e-01   6.60908e-04  -1.03290e-06   2.80971e-01
 EXTERNAL ERROR MATRIX.    NDIM=  25    NPAR=  7    ERR DEF=1
  7.408e-08  6.625e-09 -6.313e-04  1.774e-07  3.405e-08 -2.582e-08  9.253e-08 
  6.625e-09  2.723e-08  6.762e-05  2.474e-08 -8.084e-10  1.227e-09  8.388e-09 
 -6.313e-04  6.762e-05  2.795e+02 -1.382e-03 -1.679e-03  1.511e-03  1.722e-03 
  1.774e-07  2.474e-08 -1.382e-03  7.936e-07  3.472e-08 -2.949e-08  2.107e-07 
  3.405e-08 -8.084e-10 -1.679e-03  3.472e-08  2.997e-07 -7.356e-08  7.784e-08 
 -2.582e-08  1.227e-09  1.511e-03 -2.949e-08 -7.356e-08  3.143e-07 -3.829e-08 
  9.253e-08  8.388e-09  1.722e-03  2.107e-07  7.784e-08 -3.829e-08  4.368e-07 
 PARAMETER  CORRELATION COEFFICIENTS  
       NO.  GLOBAL     10     11     20     21     22     23     24
       10  0.79950   1.000  0.147 -0.139  0.732  0.228 -0.169  0.514
       11  0.18052   0.147  1.000  0.025  0.168 -0.009  0.013  0.077
       20  0.37132  -0.139  0.025  1.000 -0.093 -0.183  0.161  0.156
       21  0.74180   0.732  0.168 -0.093  1.000  0.071 -0.059  0.358
       22  0.38229   0.228 -0.009 -0.183  0.071  1.000 -0.240  0.215
       23  0.29743  -0.169  0.013  0.161 -0.059 -0.240  1.000 -0.103
       24  0.58048   0.514  0.077  0.156  0.358  0.215 -0.103  1.000
MINUIT - FIT ONLY 2-y
 **********
 **   67 **RES 
 **********
                   PARAMETER   16  beta_vw RESTORED TO VARIABLE.
                   PARAMETER   14  alpha_vw RESTORED TO VARIABLE.
                   PARAMETER   13  beta_y RESTORED TO VARIABLE.
                   PARAMETER    9  alpha_2CBO RESTORED TO VARIABLE.
                   PARAMETER    8  beta_CBO RESTORED TO VARIABLE.
                   PARAMETER    6  alpha_CBO RESTORED TO VARIABLE.
                   PARAMETER    4  phi RESTORED TO VARIABLE.
                   PARAMETER    3  A0 RESTORED TO VARIABLE.
                   PARAMETER    1  N0 RESTORED TO VARIABLE.
 **********
 **   68 **FIX            0
 **********
 PARAMETER    0  IS UNDEFINED. IGNORED.
 **********
 **   69 **FIX            1
 **********
 **********
 **   70 **FIX            2
 **********
 PARAMETER    2  IS CONSTANT.   IGNORED.
 **********
 **   71 **FIX            3
 **********
 **********
 **   72 **FIX            4
 **********
 **********
 **   73 **FIX            5
 **********
 PARAMETER    5  IS CONSTANT.   IGNORED.
 **********
 **   74 **FIX            6
 **********
 **********
 **   75 **FIX            7
 **********
 PARAMETER    7  IS CONSTANT.   IGNORED.
 **********
 **   76 **FIX            8
 **********
 **********
 **   77 **FIX            9
 **********
 **********
 **   78 **FIX           10
 **********
 **********
 **   79 **FIX           11
 **********
 **********
 **   80 **FIX           12
 **********
 PARAMETER   12  IS CONSTANT.   IGNORED.
 **********
 **   81 **FIX           16
 **********
 **********
 **   82 **MIGRAD
 **********
 START MIGRAD MINIMIZATION.  STRATEGY  1.  CONVERGENCE WHEN EDM .LT. 1.00e-04
 FCN=42.5577 FROM MIGRAD    STATUS=INITIATE       16 CALLS        5327 TOTAL
                     EDM= unknown      STRATEGY= 1      NO ERROR MATRIX       
  EXT PARAMETER               CURRENT GUESS       STEP         FIRST   
  NO.   NAME      VALUE            ERROR          SIZE      DERIVATIVE 
   1  N0           2.79475e+06     fixed    
   2  tau          6.43976e+01   constant   
   3  A0           3.35786e-01     fixed    
   4  phi          4.20661e+00     fixed    
   5  R           -5.94693e+01   constant   
   6  alpha_CBO   -2.56759e-02     fixed    
   7  w_CBO        2.32500e+00   constant   
   8  beta_CBO    -2.14589e-03     fixed    
   9  alpha_2CBO  -1.59802e-03     fixed    
  10  beta_2CBO   -1.34058e-02     fixed    
  11  alpha_y     -9.80445e-04     fixed    
  12  w_y          1.44500e+01   constant   
  13  beta_y       1.83890e-03   1.67893e-04   1.67893e-04   7.43773e+03
  14  alpha_vw     0.00000e+00   1.00000e-03   1.00000e-03  -5.71436e+04
  15  w_vw         1.29000e+01   constant   
  16  beta_vw      0.00000e+00     fixed    
  17  LM          -2.20020e-04   constant   
  18  zeta_y       0.00000e+00   constant   
  19  zeta_vw      0.00000e+00   constant   
