 + ++++++++++++++++++++++++++++++++++++++++++++++++++++++++++++++++++++ +
 +                                                                      +
 +           You have chose to blind your fitting according to          +
 +                omega_ref * (1 + (R +/- deltaR) *10^{-6})             +
 +                                                                      +
 + ++++++++++++++++++++++++++++++++++++++++++++++++++++++++++++++++++++ +
In main()...
reading format from /gm2data/zkhechad/run45/envelope/formats/formatB_sBin_constraintOn.txt
pBinTau 	= 0  
pBinPhi 	= 0  
constraintau 	= 1 
includeMopTerm 	= 0    
constrainMop    = 0   
Parameters after format file: pBinTau 0 pBinPhi 0 constraintau 1 includeMopTerm 0 constrainMop 0 c_e_scale 0.000000 
Opening file /gm2data/tbarrett/gm2fr/studies/run23_bunch_corrections/CorrectedFourier_Run3b.root.
reading full fit data from /gm2data/zkhechad/cboTemplates/Run4CBOTemplates/fullFits/noRF/sBin_constraintOn_cE0.0_seed0_noRF_calo3.root
windowBins = 69
fitting sliding window 1400 from bin 1536 at 229.022000 to bin 1605 at 239.466000 (69 bins)

Reading data from /gm2data/cornell/histograms/aMethod/histogram_a_noRF.root
 **********
 **    1 **SET PRINTOUT            1
 **********
 **********
 **    2 **SET NOWARNINGS 
 **********
 PARAMETER DEFINITIONS:
    NO.   NAME         VALUE      STEP SIZE      LIMITS
     1 N0           2.88710e+06  1.00000e+02     no limits
     2 tau          6.43977e+01  constant
     3 A0           3.56389e-01  1.00000e-04     no limits
     4 phi          4.11721e+00  1.00000e-02     no limits
     5 R           -6.10082e+01  constant
     6 alpha_CBO    0.00000e+00  1.00000e-03     no limits
     7 w_CBO        2.32500e+00  constant
     8 beta_CBO     0.00000e+00  1.00000e-03     no limits
     9 alpha_2CBO   0.00000e+00  1.00000e-03     no limits
    10 beta_2CBO    0.00000e+00  1.00000e-03     no limits
    11 alpha_y      0.00000e+00  1.00000e-03     no limits
    12 w_y          1.38860e+01  constant
    13 beta_y       0.00000e+00  1.00000e-03     no limits
    14 alpha_vw     0.00000e+00  1.00000e-03     no limits
    15 w_vw         1.43404e+01  constant
    16 beta_vw      0.00000e+00  1.00000e-03     no limits
    17 LM          -2.57919e-04  constant
    18 zeta_y       0.00000e+00  constant
    19 zeta_vw      0.00000e+00  constant
    20 T_CBO        1.00000e+02  1.00000e+00    0.00000e+00  1.00000e+03
    21 alpha_A0     0.00000e+00  1.00000e-04   -1.00000e-02  1.00000e-02
    22 beta_A0      0.00000e+00  1.00000e-04   -1.00000e-02  1.00000e-02
    23 alpha_phi    0.00000e+00  1.00000e-04   -1.00000e-02  1.00000e-02
    24 beta_phi     0.00000e+00  1.00000e-04   -1.00000e-02  1.00000e-02
MINUIT - FIT ONLY WIGGLE
 **********
 **    3 **FIX            5
 **********
 PARAMETER    5  IS CONSTANT.   IGNORED.
 **********
 **    4 **FIX            6
 **********
 **********
 **    5 **FIX            7
 **********
 PARAMETER    7  IS CONSTANT.   IGNORED.
 **********
 **    6 **FIX            8
 **********
 **********
 **    7 **FIX            9
 **********
 **********
 **    8 **FIX           10
 **********
 **********
 **    9 **FIX           11
 **********
 **********
 **   10 **FIX           12
 **********
 PARAMETER   12  IS CONSTANT.   IGNORED.
 **********
 **   11 **FIX           13
 **********
 **********
 **   12 **FIX           14
 **********
 **********
 **   13 **FIX           15
 **********
 PARAMETER   15  IS CONSTANT.   IGNORED.
 **********
 **   14 **FIX           16
 **********
 **********
 **   15 **MIGRAD
 **********
 FIRST CALL TO USER FUNCTION AT NEW START POINT, WITH IFLAG=4.
 START MIGRAD MINIMIZATION.  STRATEGY  1.  CONVERGENCE WHEN EDM .LT. 1.00e-04
 FCN=128.766 FROM MIGRAD    STATUS=INITIATE      437 CALLS         438 TOTAL
                     EDM= unknown      STRATEGY= 1      NO ERROR MATRIX       
  EXT PARAMETER               CURRENT GUESS       STEP         FIRST   
  NO.   NAME      VALUE            ERROR          SIZE      DERIVATIVE 
   1  N0           2.88710e+06   1.00000e+02   0.00000e+00  -3.12540e-03
   2  tau          6.43977e+01   constant   
   3  A0           3.56389e-01   1.00000e-04   0.00000e+00   1.01596e+04
   4  phi          4.11721e+00   1.00000e-02   0.00000e+00  -1.34534e+03
   5  R           -6.10082e+01   constant   
   6  alpha_CBO    0.00000e+00     fixed    
   7  w_CBO        2.32500e+00   constant   
   8  beta_CBO     0.00000e+00     fixed    
   9  alpha_2CBO   0.00000e+00     fixed    
  10  beta_2CBO    0.00000e+00     fixed    
  11  alpha_y      0.00000e+00     fixed    
  12  w_y          1.38860e+01   constant   
  13  beta_y       0.00000e+00     fixed    
  14  alpha_vw     0.00000e+00     fixed    
  15  w_vw         1.43404e+01   constant   
  16  beta_vw      0.00000e+00     fixed    
  17  LM          -2.57919e-04   constant   
  18  zeta_y       0.00000e+00   constant   
  19  zeta_vw      0.00000e+00   constant   
  20  T_CBO        1.00000e+02   1.00000e+00   0.00000e+00   0.00000e+00
  21  alpha_A0     0.00000e+00   1.00000e-04   0.00000e+00   3.58668e-01
  22  beta_A0      0.00000e+00   1.00000e-04   0.00000e+00  -7.20731e-01
  23  alpha_phi    0.00000e+00   1.00000e-04   0.00000e+00  -1.55026e+00
  24  beta_phi     0.00000e+00   1.00000e-04   0.00000e+00   3.86028e+00
 MIGRAD MINIMIZATION HAS CONVERGED.
 FCN=112.061 FROM MIGRAD    STATUS=CONVERGED     696 CALLS         697 TOTAL
                     EDM=3.34057e-07    STRATEGY= 1  ERROR MATRIX UNCERTAINTY   0.7 per cent
  EXT PARAMETER                                   STEP         FIRST   
  NO.   NAME      VALUE            ERROR          SIZE      DERIVATIVE 
   1  N0           2.88856e+06   7.82707e+02  -1.16300e+00   5.63916e-07
   2  tau          6.43977e+01   constant   
   3  A0           3.55560e-01   3.57589e-04  -2.66597e-07   6.41395e-01
   4  phi          4.11777e+00   1.06588e-03  -2.63397e-06   1.59887e-01
   5  R           -6.10082e+01   constant   
   6  alpha_CBO    0.00000e+00     fixed    
   7  w_CBO        2.32500e+00   constant   
   8  beta_CBO     0.00000e+00     fixed    
   9  alpha_2CBO   0.00000e+00     fixed    
  10  beta_2CBO    0.00000e+00     fixed    
  11  alpha_y      0.00000e+00     fixed    
  12  w_y          1.38860e+01   constant   
  13  beta_y       0.00000e+00     fixed    
  14  alpha_vw     0.00000e+00     fixed    
  15  w_vw         1.43404e+01   constant   
  16  beta_vw      0.00000e+00     fixed    
  17  LM          -2.57919e-04   constant   
  18  zeta_y       0.00000e+00   constant   
  19  zeta_vw      0.00000e+00   constant   
  20  T_CBO        3.09813e+02   1.23046e+02   4.32025e-04  -1.32699e-04
  21  alpha_A0     1.48656e-03   3.27637e-03  -1.09529e-03  -2.27280e-03
  22  beta_A0     -2.33573e-04   3.22783e-03   3.74914e-04   1.47730e-03
  23  alpha_phi    1.46550e-03   3.08368e-03  -2.80465e-04  -3.80733e-04
  24  beta_phi    -9.99849e-03   1.77793e-03  -2.22747e-04   7.65944e-04
 EXTERNAL ERROR MATRIX.    NDIM=  25    NPAR=  8    ERR DEF=1
  6.126e+05 -3.833e-02  1.948e-02  2.114e+04  5.401e-01 -3.612e-01 -3.828e-01  1.212e-02 
 -3.833e-02  1.279e-07  9.634e-09 -8.159e-03 -1.752e-07  6.970e-08  9.374e-08 -2.828e-09 
  1.948e-02  9.634e-09  1.136e-06 -2.811e-03 -2.660e-07 -3.924e-07 -3.249e-07  2.809e-09 
  2.114e+04 -8.159e-03 -2.811e-03  1.551e+04 -1.312e-02 -3.378e-02 -9.253e-02 -6.586e-04 
  5.401e-01 -1.752e-07 -2.660e-07 -1.312e-02  1.115e-05 -3.761e-07 -6.625e-07  4.516e-09 
 -3.612e-01  6.970e-08 -3.924e-07 -3.378e-02 -3.761e-07  1.080e-05  6.212e-07 -1.643e-08 
 -3.828e-01  9.374e-08 -3.249e-07 -9.253e-02 -6.625e-07  6.212e-07  9.834e-06 -5.552e-09 
  1.212e-02 -2.828e-09  2.809e-09 -6.586e-04  4.516e-09 -1.643e-08 -5.552e-09  1.105e-08 
 PARAMETER  CORRELATION COEFFICIENTS  
       NO.  GLOBAL      1      3      4     20     21     22     23     24
        1  0.37165   1.000 -0.137  0.023  0.217  0.207 -0.140 -0.156  0.147
        3  0.26159  -0.137  1.000  0.025 -0.183 -0.147  0.059  0.084 -0.075
        4  0.17960   0.023  0.025  1.000 -0.021 -0.075 -0.112 -0.097  0.025
       20  0.36476   0.217 -0.183 -0.021  1.000 -0.032 -0.083 -0.237 -0.050
       21  0.27737   0.207 -0.147 -0.075 -0.032  1.000 -0.034 -0.063  0.013
       22  0.19273  -0.140  0.059 -0.112 -0.083 -0.034  1.000  0.060 -0.048
       23  0.28570  -0.156  0.084 -0.097 -0.237 -0.063  0.060  1.000 -0.017
       24  0.18987   0.147 -0.075  0.025 -0.050  0.013 -0.048 -0.017  1.000
MINUIT - FIT ONLY 1-CBO + wiggle
 **********
 **   16 **RES 
 **********
                   PARAMETER   16  beta_vw RESTORED TO VARIABLE.
                   PARAMETER   14  alpha_vw RESTORED TO VARIABLE.
                   PARAMETER   13  beta_y RESTORED TO VARIABLE.
                   PARAMETER   11  alpha_y RESTORED TO VARIABLE.
                   PARAMETER   10  beta_2CBO RESTORED TO VARIABLE.
                   PARAMETER    9  alpha_2CBO RESTORED TO VARIABLE.
                   PARAMETER    8  beta_CBO RESTORED TO VARIABLE.
                   PARAMETER    6  alpha_CBO RESTORED TO VARIABLE.
 **********
 **   17 **FIX            8
 **********
 **********
 **   18 **FIX            9
 **********
 **********
 **   19 **FIX           11
 **********
 **********
 **   20 **FIX           12
 **********
 PARAMETER   12  IS CONSTANT.   IGNORED.
 **********
 **   21 **FIX           14
 **********
 **********
 **   22 **FIX           15
 **********
 PARAMETER   15  IS CONSTANT.   IGNORED.
 **********
 **   23 **FIX           16
 **********
 **********
 **   24 **MIGRAD
 **********
 START MIGRAD MINIMIZATION.  STRATEGY  1.  CONVERGENCE WHEN EDM .LT. 1.00e-04
 FCN=112.061 FROM MIGRAD    STATUS=INITIATE       28 CALLS         725 TOTAL
                     EDM= unknown      STRATEGY= 1      NO ERROR MATRIX       
  EXT PARAMETER               CURRENT GUESS       STEP         FIRST   
  NO.   NAME      VALUE            ERROR          SIZE      DERIVATIVE 
   1  N0           2.88856e+06   7.82707e+02  -1.16300e+00   5.63916e-07
   2  tau          6.43977e+01   constant   
   3  A0           3.55560e-01   3.57589e-04  -2.66597e-07   6.41396e-01
   4  phi          4.11777e+00   1.06588e-03  -2.63397e-06   1.59887e-01
   5  R           -6.10082e+01   constant   
   6  alpha_CBO    0.00000e+00   1.00000e-03   1.00000e-03   2.32617e+04
   7  w_CBO        2.32500e+00   constant   
   8  beta_CBO     0.00000e+00     fixed    
   9  alpha_2CBO   0.00000e+00     fixed    
  10  beta_2CBO    0.00000e+00   1.00000e-03   1.00000e-03   1.08787e+04
  11  alpha_y      0.00000e+00     fixed    
  12  w_y          1.38860e+01   constant   
  13  beta_y       0.00000e+00   1.00000e-03   1.00000e-03  -1.24693e+03
  14  alpha_vw     0.00000e+00     fixed    
  15  w_vw         1.43404e+01   constant   
  16  beta_vw      0.00000e+00     fixed    
  17  LM          -2.57919e-04   constant   
  18  zeta_y       0.00000e+00   constant   
  19  zeta_vw      0.00000e+00   constant   
  20  T_CBO        3.09813e+02   1.23046e+02   4.32025e-04  -1.32733e-04
  21  alpha_A0     1.48656e-03   3.27637e-03  -1.09529e-03  -2.27278e-03
  22  beta_A0     -2.33573e-04   3.22783e-03   3.74914e-04   1.47734e-03
  23  alpha_phi    1.46550e-03   3.08368e-03  -2.80465e-04  -3.80729e-04
  24  beta_phi    -9.99849e-03   1.77793e-03  -2.22747e-04   8.18888e-04
 MIGRAD MINIMIZATION HAS CONVERGED.
 MIGRAD WILL VERIFY CONVERGENCE AND ERROR MATRIX.
 COVARIANCE MATRIX CALCULATED SUCCESSFULLY
 FCN=90.409 FROM MIGRAD    STATUS=CONVERGED     281 CALLS         978 TOTAL
                     EDM=2.31418e-05    STRATEGY= 1      ERROR MATRIX ACCURATE 
  EXT PARAMETER                                   STEP         FIRST   
  NO.   NAME      VALUE            ERROR          SIZE      DERIVATIVE 
   1  N0           2.88865e+06   7.88709e+02   3.40010e+00  -4.43863e-08
   2  tau          6.43977e+01   constant   
   3  A0           3.55680e-01   3.54009e-04   1.59670e-06   4.15273e+00
   4  phi          4.11678e+00   1.08933e-03   4.87480e-06  -2.65648e+00
   5  R           -6.10082e+01   constant   
   6  alpha_CBO   -1.55575e-03   3.71762e-04   1.66684e-06   6.61116e-01
   7  w_CBO        2.32500e+00   constant   
   8  beta_CBO     0.00000e+00     fixed    
   9  alpha_2CBO   0.00000e+00     fixed    
  10  beta_2CBO   -6.44628e-04   3.73160e-04   1.68825e-06   1.21831e+00
  11  alpha_y      0.00000e+00     fixed    
  12  w_y          1.38860e+01   constant   
  13  beta_y       8.07103e-05   3.56671e-04   1.66386e-06   1.12160e-01
  14  alpha_vw     0.00000e+00     fixed    
  15  w_vw         1.43404e+01   constant   
  16  beta_vw      0.00000e+00     fixed    
  17  LM          -2.57919e-04   constant   
  18  zeta_y       0.00000e+00   constant   
  19  zeta_vw      0.00000e+00   constant   
  20  T_CBO        3.00500e+02   1.44373e+02   1.06818e-03   6.32702e-03
  21  alpha_A0     2.41100e-03   3.37602e-03   1.56193e-03   4.83583e-03
  22  beta_A0     -6.54691e-04   3.23654e-03   1.49363e-03   4.10380e-03
  23  alpha_phi    3.64487e-03   3.34931e-03   1.46256e-03  -7.25996e-03
  24  beta_phi    -9.99100e-03   1.99779e-02   4.00702e-02   6.35987e-04
 EXTERNAL ERROR MATRIX.    NDIM=  25    NPAR= 11    ERR DEF=1
  6.221e+05 
 -4.282e-02  1.253e-07 
  6.024e-04 -4.981e-09  1.187e-06 
 -1.394e-02 -1.225e-08  9.266e-08  1.382e-07 
  1.383e-02  4.108e-09 -1.481e-08 -9.628e-09  1.392e-07 
  4.515e-04  4.833e-10  9.589e-09 -5.302e-10  8.750e-10  1.272e-07 
  2.075e+04 -7.072e-03 -2.787e-03 -9.493e-04  3.814e-03  5.481e-05  2.157e+04 
  5.232e-01 -1.289e-07 -2.185e-07 -2.418e-08 -1.236e-07 -2.074e-08 -9.681e-02  1.189e-05 
 -3.378e-01  5.807e-08 -4.696e-07 -5.520e-08  1.943e-07 -2.561e-08  1.207e-03 -4.594e-07  1.086e-05 
 -5.006e-01  1.481e-07 -3.458e-07 -1.170e-07 -1.625e-07 -8.230e-09 -2.431e-01  5.326e-07 -1.087e-07  1.174e-05 
 -3.262e-03 -5.469e-09  1.288e-08  8.643e-10  3.059e-10 -1.073e-10 -3.305e-01  2.062e-06 -5.123e-07  3.155e-06  1.613e-05 
 PARAMETER  CORRELATION COEFFICIENTS  
       NO.  GLOBAL      1      3      4      6     10     13     20     21     22     23     24
        1  0.36545   1.000 -0.153  0.001 -0.048  0.047  0.002  0.179  0.192 -0.130 -0.185 -0.001
        3  0.25798  -0.153  1.000 -0.013 -0.093  0.031  0.004 -0.136 -0.106  0.050  0.122 -0.004
        4  0.28479   0.001 -0.013  1.000  0.229 -0.036  0.025 -0.017 -0.058 -0.131 -0.093  0.003
        6  0.27852  -0.048 -0.093  0.229  1.000 -0.069 -0.004 -0.017 -0.019 -0.045 -0.092  0.001
       10  0.24660   0.047  0.031 -0.036 -0.069  1.000  0.007  0.070 -0.096  0.158 -0.127  0.000
       13  0.03809   0.002  0.004  0.025 -0.004  0.007  1.000  0.001 -0.017 -0.022 -0.007 -0.000
       20  0.69942   0.179 -0.136 -0.017 -0.017  0.070  0.001  1.000 -0.191  0.002 -0.483 -0.560
       21  0.33853   0.192 -0.106 -0.058 -0.019 -0.096 -0.017 -0.191  1.000 -0.040  0.045  0.149
       22  0.25036  -0.130  0.050 -0.131 -0.045  0.158 -0.022  0.002 -0.040  1.000 -0.010 -0.039
       23  0.52438  -0.185  0.122 -0.093 -0.092 -0.127 -0.007 -0.483  0.045 -0.010  1.000  0.229
       24  0.57653  -0.001 -0.004  0.003  0.001  0.000 -0.000 -0.560  0.149 -0.039  0.229  1.000
MINUIT - FIT ONLY 2-CBO
 **********
 **   25 **RES 
 **********
                   PARAMETER   16  beta_vw RESTORED TO VARIABLE.
                   PARAMETER   14  alpha_vw RESTORED TO VARIABLE.
                   PARAMETER   11  alpha_y RESTORED TO VARIABLE.
                   PARAMETER    9  alpha_2CBO RESTORED TO VARIABLE.
                   PARAMETER    8  beta_CBO RESTORED TO VARIABLE.
 **********
 **   26 **FIX            0
 **********
 PARAMETER    0  IS UNDEFINED. IGNORED.
 **********
 **   27 **FIX            1
 **********
 **********
 **   28 **FIX            2
 **********
 PARAMETER    2  IS CONSTANT.   IGNORED.
 **********
 **   29 **FIX            3
 **********
 **********
 **   30 **FIX            4
 **********
 **********
 **   31 **FIX            5
 **********
 PARAMETER    5  IS CONSTANT.   IGNORED.
 **********
 **   32 **FIX            6
 **********
 **********
 **   33 **FIX            7
 **********
 PARAMETER    7  IS CONSTANT.   IGNORED.
 **********
 **   34 **FIX           10
 **********
 **********
 **   35 **FIX           11
 **********
 **********
 **   36 **FIX           12
 **********
 PARAMETER   12  IS CONSTANT.   IGNORED.
 **********
 **   37 **FIX           13
 **********
 **********
 **   38 **FIX           14
 **********
 **********
 **   39 **FIX           15
 **********
 PARAMETER   15  IS CONSTANT.   IGNORED.
 **********
 **   40 **FIX           16
 **********
 **********
 **   41 **MIGRAD
 **********
 START MIGRAD MINIMIZATION.  STRATEGY  1.  CONVERGENCE WHEN EDM .LT. 1.00e-04
 FCN=90.409 FROM MIGRAD    STATUS=INITIATE       20 CALLS         998 TOTAL
                     EDM= unknown      STRATEGY= 1      NO ERROR MATRIX       
  EXT PARAMETER               CURRENT GUESS       STEP         FIRST   
  NO.   NAME      VALUE            ERROR          SIZE      DERIVATIVE 
   1  N0           2.88865e+06     fixed    
   2  tau          6.43977e+01   constant   
   3  A0           3.55680e-01     fixed    
   4  phi          4.11678e+00     fixed    
   5  R           -6.10082e+01   constant   
   6  alpha_CBO   -1.55575e-03     fixed    
   7  w_CBO        2.32500e+00   constant   
   8  beta_CBO     0.00000e+00   1.00000e-03   1.00000e-03   3.03426e+04
   9  alpha_2CBO   0.00000e+00   1.00000e-03   1.00000e-03  -6.68669e+03
  10  beta_2CBO   -6.44628e-04     fixed    
  11  alpha_y      0.00000e+00     fixed    
  12  w_y          1.38860e+01   constant   
  13  beta_y       8.07103e-05     fixed    
  14  alpha_vw     0.00000e+00     fixed    
  15  w_vw         1.43404e+01   constant   
  16  beta_vw      0.00000e+00     fixed    
  17  LM          -2.57919e-04   constant   
  18  zeta_y       0.00000e+00   constant   
  19  zeta_vw      0.00000e+00   constant   
  20  T_CBO        3.00500e+02   1.44373e+02   1.06818e-03   6.29714e-03
  21  alpha_A0     2.41100e-03   3.37602e-03   1.56193e-03   4.83066e-03
  22  beta_A0     -6.54691e-04   3.23654e-03   1.49363e-03   4.10533e-03
  23  alpha_phi    3.64487e-03   3.34931e-03   1.46256e-03  -7.26815e-03
  24  beta_phi    -9.99100e-03   1.99779e-02   4.00702e-02   1.43835e-04
 MIGRAD MINIMIZATION HAS CONVERGED.
 MIGRAD WILL VERIFY CONVERGENCE AND ERROR MATRIX.
 FCN=59.0075 FROM HESSE     STATUS=NOT POSDEF     52 CALLS        1155 TOTAL
                     EDM=0.000800485    STRATEGY= 1      ERR MATRIX NOT POS-DEF
  EXT PARAMETER                APPROXIMATE        STEP         FIRST   
  NO.   NAME      VALUE            ERROR          SIZE      DERIVATIVE 
   1  N0           2.88865e+06     fixed    
   2  tau          6.43977e+01   constant   
   3  A0           3.55680e-01     fixed    
   4  phi          4.11678e+00     fixed    
   5  R           -6.10082e+01   constant   
   6  alpha_CBO   -1.55575e-03     fixed    
   7  w_CBO        2.32500e+00   constant   
   8  beta_CBO    -1.98855e-03   3.63130e-04   1.36851e-06   1.64724e+00
   9  alpha_2CBO   3.67593e-04   3.65081e-04   1.35117e-06  -1.46717e-01
  10  beta_2CBO   -6.44628e-04     fixed    
  11  alpha_y      0.00000e+00     fixed    
  12  w_y          1.38860e+01   constant   
  13  beta_y       8.07103e-05     fixed    
  14  alpha_vw     0.00000e+00     fixed    
  15  w_vw         1.43404e+01   constant   
  16  beta_vw      0.00000e+00     fixed    
  17  LM          -2.57919e-04   constant   
  18  zeta_y       0.00000e+00   constant   
  19  zeta_vw      0.00000e+00   constant   
  20  T_CBO        2.97089e+02   8.46894e+02   9.90823e-04  -1.47149e-02
  21  alpha_A0     3.13543e-03   1.64580e-02   1.30365e-03  -2.46584e-04
  22  beta_A0     -7.16841e-04   4.34388e-03   1.22062e-03  -3.10336e-04
  23  alpha_phi    3.22472e-03   1.65496e-02   1.17615e-03  -1.95743e-03
  24  beta_phi    -8.33649e-03   1.01072e-02   2.08254e-03   1.86842e-05
 MIGRAD MINIMIZATION HAS CONVERGED.
 MIGRAD WILL VERIFY CONVERGENCE AND ERROR MATRIX.
 COVARIANCE MATRIX CALCULATED SUCCESSFULLY
 FCN=59.0014 FROM MIGRAD    STATUS=CONVERGED     907 CALLS        1885 TOTAL
                     EDM=2.17984e-05    STRATEGY= 1      ERROR MATRIX ACCURATE 
  EXT PARAMETER                                   STEP         FIRST   
  NO.   NAME      VALUE            ERROR          SIZE      DERIVATIVE 
   1  N0           2.88865e+06     fixed    
   2  tau          6.43977e+01   constant   
   3  A0           3.55680e-01     fixed    
   4  phi          4.11678e+00     fixed    
   5  R           -6.10082e+01   constant   
   6  alpha_CBO   -1.55575e-03     fixed    
   7  w_CBO        2.32500e+00   constant   
   8  beta_CBO    -1.98888e-03   3.63623e-04   1.36844e-06  -1.01037e+00
   9  alpha_2CBO   3.67222e-04   3.65595e-04   1.35110e-06  -6.64522e-01
  10  beta_2CBO   -6.44628e-04     fixed    
  11  alpha_y      0.00000e+00     fixed    
  12  w_y          1.38860e+01   constant   
  13  beta_y       8.07103e-05     fixed    
  14  alpha_vw     0.00000e+00     fixed    
  15  w_vw         1.43404e+01   constant   
  16  beta_vw      0.00000e+00     fixed    
  17  LM          -2.57919e-04   constant   
  18  zeta_y       0.00000e+00   constant   
  19  zeta_vw      0.00000e+00   constant   
  20  T_CBO        9.95474e+02   9.36083e+02   4.76757e-02  -3.58432e-04
  21  alpha_A0     1.80317e-03   1.95678e-03   7.24911e-04  -7.18291e-03
  22  beta_A0     -4.39096e-04   1.85874e-03   7.02196e-04  -1.59013e-02
  23  alpha_phi    1.84531e-03   1.76857e-03   6.52359e-04  -3.37671e-03
  24  beta_phi    -4.79985e-03   2.18562e-03   7.55787e-04   1.92705e-02
 EXTERNAL ERROR MATRIX.    NDIM=  25    NPAR=  7    ERR DEF=1
  1.322e-07  5.257e-09 -2.968e-05 -4.220e-09  1.779e-08  9.585e-09 -5.067e-08 
  5.257e-09  1.337e-07 -3.482e-04  1.010e-07  6.750e-08 -3.513e-08  6.709e-08 
 -2.968e-05 -3.482e-04  2.013e+06 -7.069e-01  1.527e-01 -7.314e-01  1.868e+00 
 -4.220e-09  1.010e-07 -7.069e-01  3.881e-06 -1.302e-08  8.008e-08 -7.109e-07 
  1.779e-08  6.750e-08  1.527e-01 -1.302e-08  3.496e-06 -1.481e-07  3.759e-07 
  9.585e-09 -3.513e-08 -7.314e-01  8.008e-08 -1.481e-07  3.162e-06 -5.073e-07 
 -5.067e-08  6.709e-08  1.868e+00 -7.109e-07  3.759e-07 -5.073e-07  4.879e-06 
 PARAMETER  CORRELATION COEFFICIENTS  
       NO.  GLOBAL      8      9     20     21     22     23     24
        8  0.09987   1.000  0.040 -0.000 -0.006  0.026  0.015 -0.063
        9  0.21281   0.040  1.000 -0.001  0.140  0.099 -0.054  0.083
       20  0.65488  -0.000 -0.001  1.000 -0.253  0.058 -0.290  0.596
       21  0.29416  -0.006  0.140 -0.253  1.000 -0.004  0.023 -0.163
       22  0.13527   0.026  0.099  0.058 -0.004  1.000 -0.045  0.091
       23  0.30598   0.015 -0.054 -0.290  0.023 -0.045  1.000 -0.129
       24  0.61038  -0.063  0.083  0.596 -0.163  0.091 -0.129  1.000
MINUIT - FIT wiggle + 1-CBO + 2-CBO
 **********
 **   42 **RES 
 **********
                   PARAMETER   16  beta_vw RESTORED TO VARIABLE.
                   PARAMETER   14  alpha_vw RESTORED TO VARIABLE.
                   PARAMETER   13  beta_y RESTORED TO VARIABLE.
                   PARAMETER   11  alpha_y RESTORED TO VARIABLE.
                   PARAMETER   10  beta_2CBO RESTORED TO VARIABLE.
                   PARAMETER    6  alpha_CBO RESTORED TO VARIABLE.
                   PARAMETER    4  phi RESTORED TO VARIABLE.
                   PARAMETER    3  A0 RESTORED TO VARIABLE.
                   PARAMETER    1  N0 RESTORED TO VARIABLE.
 **********
 **   43 **FIX           10
 **********
 **********
 **   44 **FIX           11
 **********
 **********
 **   45 **FIX           12
 **********
 PARAMETER   12  IS CONSTANT.   IGNORED.
 **********
 **   46 **FIX           13
 **********
 **********
 **   47 **FIX           14
 **********
 **********
 **   48 **FIX           15
 **********
 PARAMETER   15  IS CONSTANT.   IGNORED.
 **********
 **   49 **FIX           16
 **********
 **********
 **   50 **MIGRAD
 **********
 START MIGRAD MINIMIZATION.  STRATEGY  1.  CONVERGENCE WHEN EDM .LT. 1.00e-04
 FCN=59.0014 FROM MIGRAD    STATUS=INITIATE       22 CALLS        1907 TOTAL
                     EDM= unknown      STRATEGY= 1      NO ERROR MATRIX       
  EXT PARAMETER               CURRENT GUESS       STEP         FIRST   
  NO.   NAME      VALUE            ERROR          SIZE      DERIVATIVE 
   1  N0           2.88865e+06   7.88709e+02   7.88709e+02  -1.08635e-03
   2  tau          6.43977e+01   constant   
   3  A0           3.55680e-01   3.54009e-04   3.54009e-04  -5.33512e+03
   4  phi          4.11678e+00   1.08933e-03   1.08933e-03  -1.35830e+03
   5  R           -6.10082e+01   constant   
   6  alpha_CBO   -1.55575e-03   3.71762e-04   3.71762e-04   1.23815e+03
   7  w_CBO        2.32500e+00   constant   
   8  beta_CBO    -1.98888e-03   3.63623e-04   1.36844e-06  -1.01037e+00
   9  alpha_2CBO   3.67222e-04   3.65595e-04   1.35110e-06  -6.64521e-01
  10  beta_2CBO   -6.44628e-04     fixed    
  11  alpha_y      0.00000e+00     fixed    
  12  w_y          1.38860e+01   constant   
  13  beta_y       8.07103e-05     fixed    
  14  alpha_vw     0.00000e+00     fixed    
  15  w_vw         1.43404e+01   constant   
  16  beta_vw      0.00000e+00     fixed    
  17  LM          -2.57919e-04   constant   
  18  zeta_y       0.00000e+00   constant   
  19  zeta_vw      0.00000e+00   constant   
  20  T_CBO        9.95474e+02   9.36083e+02   4.76757e-02  -3.65183e-04
  21  alpha_A0     1.80317e-03   1.95678e-03   7.24911e-04  -7.18546e-03
  22  beta_A0     -4.39096e-04   1.85874e-03   7.02196e-04  -1.59006e-02
  23  alpha_phi    1.84531e-03   1.76857e-03   6.52359e-04  -3.37929e-03
  24  beta_phi    -4.79985e-03   2.18562e-03   7.55787e-04   1.92780e-02
 MIGRAD MINIMIZATION HAS CONVERGED.
 MIGRAD WILL VERIFY CONVERGENCE AND ERROR MATRIX.
 COVARIANCE MATRIX CALCULATED SUCCESSFULLY
 FCN=57.411 FROM MIGRAD    STATUS=CONVERGED     275 CALLS        2160 TOTAL
                     EDM=4.21862e-05    STRATEGY= 1      ERROR MATRIX ACCURATE 
  EXT PARAMETER                                   STEP         FIRST   
  NO.   NAME      VALUE            ERROR          SIZE      DERIVATIVE 
   1  N0           2.88889e+06   7.89049e+02   2.71819e+00  -9.75793e-07
   2  tau          6.43977e+01   constant   
   3  A0           3.56013e-01   3.59200e-04   1.27609e-06  -4.35939e+00
   4  phi          4.11756e+00   1.09894e-03   3.89334e-06   9.66670e-01
   5  R           -6.10082e+01   constant   
   6  alpha_CBO   -1.62033e-03   3.71027e-04   1.33230e-06  -1.97639e+00
   7  w_CBO        2.32500e+00   constant   
   8  beta_CBO    -2.09780e-03   3.73796e-04   1.35004e-06   2.96136e+00
   9  alpha_2CBO   3.44565e-04   3.66299e-04   1.33292e-06  -1.61203e+00
  10  beta_2CBO   -6.44628e-04     fixed    
  11  alpha_y      0.00000e+00     fixed    
  12  w_y          1.38860e+01   constant   
  13  beta_y       8.07103e-05     fixed    
  14  alpha_vw     0.00000e+00     fixed    
  15  w_vw         1.43404e+01   constant   
  16  beta_vw      0.00000e+00     fixed    
  17  LM          -2.57919e-04   constant   
  18  zeta_y       0.00000e+00   constant   
  19  zeta_vw      0.00000e+00   constant   
  20  T_CBO        9.95611e+02   5.36368e+02   5.42678e-02  -5.55164e-04
  21  alpha_A0     1.64742e-03   2.00348e-03   7.12238e-04  -1.08806e-03
  22  beta_A0     -6.46159e-04   1.89850e-03   6.92535e-04   4.92304e-03
  23  alpha_phi    1.78104e-03   1.77302e-03   6.41567e-04  -9.39480e-03
  24  beta_phi    -4.60817e-03   2.08720e-03   7.35485e-04   9.00286e-03
 EXTERNAL ERROR MATRIX.    NDIM=  25    NPAR= 11    ERR DEF=1
  6.226e+05 
 -4.100e-02  1.290e-07 
  8.985e-03  4.536e-09  1.208e-06 
 -1.334e-02 -1.253e-08  9.046e-08  1.377e-07 
 -1.643e-02 -2.225e-08 -5.706e-08  3.585e-09  1.397e-07 
 -3.928e-03 -2.405e-09 -2.338e-08 -2.786e-09  6.873e-09  1.342e-07 
  5.118e+02  1.560e-03 -3.256e-03 -2.678e-04 -1.837e-04 -2.386e-04  1.440e+06 
  3.809e-01 -1.010e-07 -1.615e-07 -2.341e-08  6.890e-09  1.035e-07 -4.474e-01  4.070e-06 
 -2.317e-01  3.319e-08 -2.766e-07 -2.396e-08  3.282e-08  7.378e-08  1.637e-01 -1.249e-07  3.649e-06 
 -1.696e-01  4.892e-08 -2.204e-07 -7.698e-08  1.493e-08 -2.997e-08 -4.829e-01 -1.197e-07 -2.628e-08  3.178e-06 
 -2.971e-01  1.246e-07  4.240e-08  6.647e-09 -6.409e-08  6.586e-08  1.241e+00 -6.918e-07  4.881e-07 -1.449e-07  4.439e-06 
 PARAMETER  CORRELATION COEFFICIENTS  
       NO.  GLOBAL      1      3      4      6      8      9     20     21     22     23     24
        1  0.36628   1.000 -0.145  0.010 -0.046 -0.056 -0.014  0.001  0.239 -0.154 -0.121 -0.179
        3  0.30616  -0.145  1.000  0.011 -0.094 -0.166 -0.018  0.004 -0.139  0.048  0.076  0.165
        4  0.31418   0.010  0.011  1.000  0.222 -0.139 -0.058 -0.002 -0.073 -0.132 -0.113  0.018
        6  0.27224  -0.046 -0.094  0.222  1.000  0.026 -0.021 -0.001 -0.031 -0.034 -0.116  0.009
        8  0.25164  -0.056 -0.166 -0.139  0.026  1.000  0.050 -0.000  0.009  0.046  0.022 -0.081
        9  0.22174  -0.014 -0.018 -0.058 -0.021  0.050  1.000 -0.001  0.140  0.105 -0.046  0.085
       20  0.56138   0.001  0.004 -0.002 -0.001 -0.000 -0.001  1.000 -0.185  0.071 -0.226  0.491
       21  0.36036   0.239 -0.139 -0.073 -0.031  0.009  0.140 -0.185  1.000 -0.032 -0.033 -0.163
       22  0.24648  -0.154  0.048 -0.132 -0.034  0.046  0.105  0.071 -0.032  1.000 -0.008  0.121
       23  0.31644  -0.121  0.076 -0.113 -0.116  0.022 -0.046 -0.226 -0.033 -0.008  1.000 -0.039
       24  0.55831  -0.179  0.165  0.018  0.009 -0.081  0.085  0.491 -0.163  0.121 -0.039  1.000
MINUIT - FIT ONLY 1-y
 **********
 **   51 **RES 
 **********
                   PARAMETER   16  beta_vw RESTORED TO VARIABLE.
                   PARAMETER   14  alpha_vw RESTORED TO VARIABLE.
                   PARAMETER   13  beta_y RESTORED TO VARIABLE.
                   PARAMETER   11  alpha_y RESTORED TO VARIABLE.
                   PARAMETER   10  beta_2CBO RESTORED TO VARIABLE.
 **********
 **   52 **FIX            0
 **********
 PARAMETER    0  IS UNDEFINED. IGNORED.
 **********
 **   53 **FIX            1
 **********
 **********
 **   54 **FIX            2
 **********
 PARAMETER    2  IS CONSTANT.   IGNORED.
 **********
 **   55 **FIX            3
 **********
 **********
 **   56 **FIX            4
 **********
 **********
 **   57 **FIX            5
 **********
 PARAMETER    5  IS CONSTANT.   IGNORED.
 **********
 **   58 **FIX            6
 **********
 **********
 **   59 **FIX            7
 **********
 PARAMETER    7  IS CONSTANT.   IGNORED.
 **********
 **   60 **FIX            8
 **********
 **********
 **   61 **FIX            9
 **********
 **********
 **   62 **FIX           13
 **********
 **********
 **   63 **FIX           14
 **********
 **********
 **   64 **FIX           15
 **********
 PARAMETER   15  IS CONSTANT.   IGNORED.
 **********
 **   65 **FIX           16
 **********
 **********
 **   66 **MIGRAD
 **********
 START MIGRAD MINIMIZATION.  STRATEGY  1.  CONVERGENCE WHEN EDM .LT. 1.00e-04
 FCN=57.411 FROM MIGRAD    STATUS=INITIATE       16 CALLS        2176 TOTAL
                     EDM= unknown      STRATEGY= 1      NO ERROR MATRIX       
  EXT PARAMETER               CURRENT GUESS       STEP         FIRST   
  NO.   NAME      VALUE            ERROR          SIZE      DERIVATIVE 
   1  N0           2.88889e+06     fixed    
   2  tau          6.43977e+01   constant   
   3  A0           3.56013e-01     fixed    
   4  phi          4.11756e+00     fixed    
   5  R           -6.10082e+01   constant   
   6  alpha_CBO   -1.62033e-03     fixed    
   7  w_CBO        2.32500e+00   constant   
   8  beta_CBO    -2.09780e-03     fixed    
   9  alpha_2CBO   3.44565e-04     fixed    
  10  beta_2CBO   -6.44628e-04   3.73160e-04   3.73160e-04  -2.24587e+03
  11  alpha_y      0.00000e+00   1.00000e-03   1.00000e-03   5.02536e+03
  12  w_y          1.38860e+01   constant   
  13  beta_y       8.07103e-05     fixed    
  14  alpha_vw     0.00000e+00     fixed    
  15  w_vw         1.43404e+01   constant   
  16  beta_vw      0.00000e+00     fixed    
  17  LM          -2.57919e-04   constant   
  18  zeta_y       0.00000e+00   constant   
  19  zeta_vw      0.00000e+00   constant   
  20  T_CBO        9.95611e+02   5.36368e+02   5.42678e-02  -5.63122e-04
  21  alpha_A0     1.64742e-03   2.00348e-03   7.12238e-04  -1.09028e-03
  22  beta_A0     -6.46159e-04   1.89850e-03   6.92535e-04   4.92380e-03
  23  alpha_phi    1.78104e-03   1.77302e-03   6.41567e-04  -9.39722e-03
  24  beta_phi    -4.60817e-03   2.08720e-03   7.35485e-04   9.00980e-03
 MIGRAD MINIMIZATION HAS CONVERGED.
 MIGRAD WILL VERIFY CONVERGENCE AND ERROR MATRIX.
 COVARIANCE MATRIX CALCULATED SUCCESSFULLY
 FCN=56.4137 FROM MIGRAD    STATUS=CONVERGED     136 CALLS        2296 TOTAL
                     EDM=1.98495e-05    STRATEGY= 1      ERROR MATRIX ACCURATE 
  EXT PARAMETER                                   STEP         FIRST   
  NO.   NAME      VALUE            ERROR          SIZE      DERIVATIVE 
   1  N0           2.88889e+06     fixed    
   2  tau          6.43977e+01   constant   
   3  A0           3.56013e-01     fixed    
   4  phi          4.11756e+00     fixed    
   5  R           -6.10082e+01   constant   
   6  alpha_CBO   -1.62033e-03     fixed    
   7  w_CBO        2.32500e+00   constant   
   8  beta_CBO    -2.09780e-03     fixed    
   9  alpha_2CBO   3.44565e-04     fixed    
  10  beta_2CBO   -4.92436e-04   3.71581e-04   1.33783e-06   4.21893e+00
  11  alpha_y     -3.28896e-04   3.62637e-04   1.34127e-06   2.13405e+00
  12  w_y          1.38860e+01   constant   
  13  beta_y       8.07103e-05     fixed    
  14  alpha_vw     0.00000e+00     fixed    
  15  w_vw         1.43404e+01   constant   
  16  beta_vw      0.00000e+00     fixed    
  17  LM          -2.57919e-04   constant   
  18  zeta_y       0.00000e+00   constant   
  19  zeta_vw      0.00000e+00   constant   
  20  T_CBO        9.99259e+02   9.23212e+02   9.57154e-02   1.65321e-04
  21  alpha_A0     1.59478e-03   1.98649e-03   7.04863e-04   1.79310e-03
  22  beta_A0     -5.53132e-04   1.87731e-03   6.85505e-04  -1.66899e-03
  23  alpha_phi    1.70671e-03   1.83391e-03   6.34651e-04  -4.29657e-03
  24  beta_phi    -4.65017e-03   2.54041e-03   7.30412e-04  -2.39201e-03
 EXTERNAL ERROR MATRIX.    NDIM=  25    NPAR=  7    ERR DEF=1
  1.381e-07  1.238e-09  5.203e-04 -6.496e-08  1.085e-07 -7.626e-08 -5.411e-08 
  1.238e-09  1.315e-07  1.060e-04 -8.608e-09  1.130e-08 -5.000e-09 -6.450e-09 
  5.203e-04  1.060e-04  8.461e+05  5.977e-01 -1.905e-01  6.404e-01 -1.730e+00 
 -6.496e-08 -8.608e-09  5.977e-01  4.001e-06 -1.964e-07  3.381e-07 -1.306e-06 
  1.085e-07  1.130e-08 -1.905e-01 -1.964e-07  3.567e-06 -2.810e-07  5.516e-07 
 -7.626e-08 -5.000e-09  6.404e-01  3.381e-07 -2.810e-07  3.403e-06 -1.088e-06 
 -5.411e-08 -6.450e-09 -1.730e+00 -1.306e-06  5.516e-07 -1.088e-06  6.639e-06 
 PARAMETER  CORRELATION COEFFICIENTS  
       NO.  GLOBAL     10     11     20     21     22     23     24
       10  0.23028   1.000  0.009  0.002 -0.087  0.155 -0.111 -0.057
       11  0.02478   0.009  1.000  0.000 -0.012  0.016 -0.007 -0.007
       20  0.77376   0.002  0.000  1.000  0.325 -0.110  0.377 -0.730
       21  0.34087  -0.087 -0.012  0.325  1.000 -0.052  0.092 -0.253
       22  0.20196   0.155  0.016 -0.110 -0.052  1.000 -0.081  0.113
       23  0.40117  -0.111 -0.007  0.377  0.092 -0.081  1.000 -0.229
       24  0.73519  -0.057 -0.007 -0.730 -0.253  0.113 -0.229  1.000
MINUIT - FIT ONLY 2-y
 **********
 **   67 **RES 
 **********
                   PARAMETER   16  beta_vw RESTORED TO VARIABLE.
                   PARAMETER   14  alpha_vw RESTORED TO VARIABLE.
                   PARAMETER   13  beta_y RESTORED TO VARIABLE.
                   PARAMETER    9  alpha_2CBO RESTORED TO VARIABLE.
                   PARAMETER    8  beta_CBO RESTORED TO VARIABLE.
                   PARAMETER    6  alpha_CBO RESTORED TO VARIABLE.
                   PARAMETER    4  phi RESTORED TO VARIABLE.
                   PARAMETER    3  A0 RESTORED TO VARIABLE.
                   PARAMETER    1  N0 RESTORED TO VARIABLE.
 **********
 **   68 **FIX            0
 **********
 PARAMETER    0  IS UNDEFINED. IGNORED.
 **********
 **   69 **FIX            1
 **********
 **********
 **   70 **FIX            2
 **********
 PARAMETER    2  IS CONSTANT.   IGNORED.
 **********
 **   71 **FIX            3
 **********
 **********
 **   72 **FIX            4
 **********
 **********
 **   73 **FIX            5
 **********
 PARAMETER    5  IS CONSTANT.   IGNORED.
 **********
 **   74 **FIX            6
 **********
 **********
 **   75 **FIX            7
 **********
 PARAMETER    7  IS CONSTANT.   IGNORED.
 **********
 **   76 **FIX            8
 **********
 **********
 **   77 **FIX            9
 **********
 **********
 **   78 **FIX           10
 **********
 **********
 **   79 **FIX           11
 **********
 **********
 **   80 **FIX           12
 **********
 PARAMETER   12  IS CONSTANT.   IGNORED.
 **********
 **   81 **FIX           16
 **********
 **********
 **   82 **MIGRAD
 **********
 START MIGRAD MINIMIZATION.  STRATEGY  1.  CONVERGENCE WHEN EDM .LT. 1.00e-04
 FCN=56.4137 FROM MIGRAD    STATUS=INITIATE       18 CALLS        2314 TOTAL
                     EDM= unknown      STRATEGY= 1      NO ERROR MATRIX       
  EXT PARAMETER               CURRENT GUESS       STEP         FIRST   
  NO.   NAME      VALUE            ERROR          SIZE      DERIVATIVE 
   1  N0           2.88889e+06     fixed    
   2  tau          6.43977e+01   constant   
   3  A0           3.56013e-01     fixed    
   4  phi          4.11756e+00     fixed    
   5  R           -6.10082e+01   constant   
   6  alpha_CBO   -1.62033e-03     fixed    
   7  w_CBO        2.32500e+00   constant   
   8  beta_CBO    -2.09780e-03     fixed    
   9  alpha_2CBO   3.44565e-04     fixed    
  10  beta_2CBO   -4.92436e-04     fixed    
  11  alpha_y     -3.28896e-04     fixed    
  12  w_y          1.38860e+01   constant   
  13  beta_y       8.07103e-05   3.56671e-04   3.56671e-04  -3.51913e+01
  14  alpha_vw     0.00000e+00   1.00000e-03   1.00000e-03  -8.24732e+02
  15  w_vw         1.43404e+01   constant   
  16  beta_vw      0.00000e+00     fixed    
  17  LM          -2.57919e-04   constant   
  18  zeta_y       0.00000e+00   constant   
  19  zeta_vw      0.00000e+00   constant   
  20  T_CBO        9.99259e+02   9.23212e+02   9.57154e-02  -2.13739e-04
  21  alpha_A0     1.59478e-03   1.98649e-03   7.04863e-04   1.79104e-03
  22  beta_A0     -5.53132e-04   1.87731e-03   6.85505e-04  -1.66836e-03
  23  alpha_phi    1.70671e-03   1.83391e-03   6.34651e-04  -4.29885e-03
  24  beta_phi    -4.65017e-03   2.54041e-03   7.30412e-04  -2.38510e-03
 MIGRAD MINIMIZATION HAS CONVERGED.
 MIGRAD WILL VERIFY CONVERGENCE AND ERROR MATRIX.
 COVARIANCE MATRIX CALCULATED SUCCESSFULLY
 FCN=56.3915 FROM MIGRAD    STATUS=CONVERGED     100 CALLS        2396 TOTAL
                     EDM=2.68304e-06    STRATEGY= 1      ERROR MATRIX ACCURATE 
  EXT PARAMETER                                   STEP         FIRST   
  NO.   NAME      VALUE            ERROR          SIZE      DERIVATIVE 
   1  N0           2.88889e+06     fixed    
   2  tau          6.43977e+01   constant   
   3  A0           3.56013e-01     fixed    
   4  phi          4.11756e+00     fixed    
   5  R           -6.10082e+01   constant   
   6  alpha_CBO   -1.62033e-03     fixed    
   7  w_CBO        2.32500e+00   constant   
   8  beta_CBO    -2.09780e-03     fixed    
   9  alpha_2CBO   3.44565e-04     fixed    
  10  beta_2CBO   -4.92436e-04     fixed    
  11  alpha_y     -3.28896e-04     fixed    
  12  w_y          1.38860e+01   constant   
  13  beta_y       7.59671e-05   3.59919e-04   1.31837e-06   5.45765e+00
  14  alpha_vw     5.40088e-05   3.63165e-04   1.33021e-06  -2.04979e-01
  15  w_vw         1.43404e+01   constant   
  16  beta_vw      0.00000e+00     fixed    
