 + ++++++++++++++++++++++++++++++++++++++++++++++++++++++++++++++++++++ +
 +                                                                      +
 +           You have chose to blind your fitting according to          +
 +                omega_ref * (1 + (R +/- deltaR) *10^{-6})             +
 +                                                                      +
 + ++++++++++++++++++++++++++++++++++++++++++++++++++++++++++++++++++++ +
In main()...
reading format from /gm2data/zkhechad/run45/envelope/formats/formatB_sBin_constraintOn.txt
pBinTau 	= 0  
pBinPhi 	= 0  
constraintau 	= 1 
includeMopTerm 	= 0    
constrainMop    = 0   
Parameters after format file: pBinTau 0 pBinPhi 0 constraintau 1 includeMopTerm 0 constrainMop 0 c_e_scale 0.000000 
Opening file /gm2data/tbarrett/gm2fr/studies/run23_bunch_corrections/CorrectedFourier_Run3b.root.
reading full fit data from /gm2data/zkhechad/cboTemplates/Run4CBOTemplates/fullFits/noRF/sBin_constraintOn_cE0.0_seed0_noRF_calo23.root
windowBins = 69
fitting sliding window 1400 from bin 1536 at 229.022000 to bin 1605 at 239.466000 (69 bins)

Reading data from /gm2data/cornell/histograms/aMethod/histogram_a_noRF.root
 **********
 **    1 **SET PRINTOUT            1
 **********
 **********
 **    2 **SET NOWARNINGS 
 **********
 PARAMETER DEFINITIONS:
    NO.   NAME         VALUE      STEP SIZE      LIMITS
     1 N0           3.09539e+06  1.00000e+02     no limits
     2 tau          6.44044e+01  constant
     3 A0           3.43396e-01  1.00000e-04     no limits
     4 phi          4.11986e+00  1.00000e-02     no limits
     5 R           -6.14483e+01  constant
     6 alpha_CBO    0.00000e+00  1.00000e-03     no limits
     7 w_CBO        2.32500e+00  constant
     8 beta_CBO     0.00000e+00  1.00000e-03     no limits
     9 alpha_2CBO   0.00000e+00  1.00000e-03     no limits
    10 beta_2CBO    0.00000e+00  1.00000e-03     no limits
    11 alpha_y      0.00000e+00  1.00000e-03     no limits
    12 w_y          1.38860e+01  constant
    13 beta_y       0.00000e+00  1.00000e-03     no limits
    14 alpha_vw     0.00000e+00  1.00000e-03     no limits
    15 w_vw         1.43404e+01  constant
    16 beta_vw      0.00000e+00  1.00000e-03     no limits
    17 LM          -5.33935e-06  constant
    18 zeta_y       0.00000e+00  constant
    19 zeta_vw      0.00000e+00  constant
    20 T_CBO        1.00000e+02  1.00000e+00    0.00000e+00  1.00000e+03
    21 alpha_A0     0.00000e+00  1.00000e-04   -1.00000e-02  1.00000e-02
    22 beta_A0      0.00000e+00  1.00000e-04   -1.00000e-02  1.00000e-02
    23 alpha_phi    0.00000e+00  1.00000e-04   -1.00000e-02  1.00000e-02
    24 beta_phi     0.00000e+00  1.00000e-04   -1.00000e-02  1.00000e-02
MINUIT - FIT ONLY WIGGLE
 **********
 **    3 **FIX            5
 **********
 PARAMETER    5  IS CONSTANT.   IGNORED.
 **********
 **    4 **FIX            6
 **********
 **********
 **    5 **FIX            7
 **********
 PARAMETER    7  IS CONSTANT.   IGNORED.
 **********
 **    6 **FIX            8
 **********
 **********
 **    7 **FIX            9
 **********
 **********
 **    8 **FIX           10
 **********
 **********
 **    9 **FIX           11
 **********
 **********
 **   10 **FIX           12
 **********
 PARAMETER   12  IS CONSTANT.   IGNORED.
 **********
 **   11 **FIX           13
 **********
 **********
 **   12 **FIX           14
 **********
 **********
 **   13 **FIX           15
 **********
 PARAMETER   15  IS CONSTANT.   IGNORED.
 **********
 **   14 **FIX           16
 **********
 **********
 **   15 **MIGRAD
 **********
 FIRST CALL TO USER FUNCTION AT NEW START POINT, WITH IFLAG=4.
 START MIGRAD MINIMIZATION.  STRATEGY  1.  CONVERGENCE WHEN EDM .LT. 1.00e-04
 FCN=150.927 FROM MIGRAD    STATUS=INITIATE      437 CALLS         438 TOTAL
                     EDM= unknown      STRATEGY= 1      NO ERROR MATRIX       
  EXT PARAMETER               CURRENT GUESS       STEP         FIRST   
  NO.   NAME      VALUE            ERROR          SIZE      DERIVATIVE 
   1  N0           3.09539e+06   1.00000e+02   0.00000e+00   7.41486e-04
   2  tau          6.44044e+01   constant   
   3  A0           3.43396e-01   1.00000e-04   0.00000e+00  -1.86823e+03
   4  phi          4.11986e+00   1.00000e-02   0.00000e+00  -3.21193e+02
   5  R           -6.14483e+01   constant   
   6  alpha_CBO    0.00000e+00     fixed    
   7  w_CBO        2.32500e+00   constant   
   8  beta_CBO     0.00000e+00     fixed    
   9  alpha_2CBO   0.00000e+00     fixed    
  10  beta_2CBO    0.00000e+00     fixed    
  11  alpha_y      0.00000e+00     fixed    
  12  w_y          1.38860e+01   constant   
  13  beta_y       0.00000e+00     fixed    
  14  alpha_vw     0.00000e+00     fixed    
  15  w_vw         1.43404e+01   constant   
  16  beta_vw      0.00000e+00     fixed    
  17  LM          -5.33935e-06   constant   
  18  zeta_y       0.00000e+00   constant   
  19  zeta_vw      0.00000e+00   constant   
  20  T_CBO        1.00000e+02   1.00000e+00   0.00000e+00   0.00000e+00
  21  alpha_A0     0.00000e+00   1.00000e-04   0.00000e+00  -8.84301e-01
  22  beta_A0      0.00000e+00   1.00000e-04   0.00000e+00   1.94897e+00
  23  alpha_phi    0.00000e+00   1.00000e-04   0.00000e+00   4.88127e+00
  24  beta_phi     0.00000e+00   1.00000e-04   0.00000e+00   3.82276e+00
 MIGRAD MINIMIZATION HAS CONVERGED.
 FCN=124.711 FROM MIGRAD    STATUS=CONVERGED     801 CALLS         802 TOTAL
                     EDM=1.92862e-06    STRATEGY= 1  ERROR MATRIX UNCERTAINTY   1.3 per cent
  EXT PARAMETER                                   STEP         FIRST   
  NO.   NAME      VALUE            ERROR          SIZE      DERIVATIVE 
   1  N0           3.09632e+06   8.25575e+02   3.16393e-01   6.93698e-08
   2  tau          6.44044e+01   constant   
   3  A0           3.43213e-01   3.51312e-04  -3.16682e-07   1.16051e+00
   4  phi          4.12052e+00   1.08278e-03  -1.38630e-06   1.04851e-01
   5  R           -6.14483e+01   constant   
   6  alpha_CBO    0.00000e+00     fixed    
   7  w_CBO        2.32500e+00   constant   
   8  beta_CBO     0.00000e+00     fixed    
   9  alpha_2CBO   0.00000e+00     fixed    
  10  beta_2CBO    0.00000e+00     fixed    
  11  alpha_y      0.00000e+00     fixed    
  12  w_y          1.38860e+01   constant   
  13  beta_y       0.00000e+00     fixed    
  14  alpha_vw     0.00000e+00     fixed    
  15  w_vw         1.43404e+01   constant   
  16  beta_vw      0.00000e+00     fixed    
  17  LM          -5.33935e-06   constant   
  18  zeta_y       0.00000e+00   constant   
  19  zeta_vw      0.00000e+00   constant   
  20  T_CBO        3.69078e+02   1.40970e+02  -1.93730e-04  -5.61653e-04
  21  alpha_A0     3.52525e-03   3.08273e-03   3.59568e-04   3.39510e-03
  22  beta_A0     -5.15436e-03   3.08265e-03   1.06440e-04  -3.30221e-04
  23  alpha_phi   -9.99510e-03   1.72274e-03  -5.96022e-04   4.25596e-03
  24  beta_phi    -9.10882e-03   3.09555e-03   2.01307e-03   7.06219e-04
 EXTERNAL ERROR MATRIX.    NDIM=  25    NPAR=  8    ERR DEF=1
  6.816e+05 -4.422e-02  1.488e-02  1.651e+04  5.274e-01  1.964e-01 -1.454e-02  2.286e-01 
 -4.422e-02  1.234e-07  1.172e-08 -2.345e-03 -9.441e-08 -2.609e-08  7.929e-09 -1.222e-07 
  1.488e-02  1.172e-08  1.172e-06  8.757e-03 -1.546e-07  2.979e-07  3.251e-08 -1.950e-07 
  1.651e+04 -2.345e-03  8.757e-03  2.046e+04 -9.593e-02 -1.736e-01  6.442e-03 -3.137e-01 
  5.274e-01 -9.441e-08 -1.546e-07 -9.593e-02  9.868e-06  1.161e-06 -1.160e-07  2.278e-06 
  1.964e-01 -2.609e-08  2.979e-07 -1.736e-01  1.161e-06  9.944e-06 -7.629e-08  3.417e-06 
 -1.454e-02  7.929e-09  3.251e-08  6.442e-03 -1.160e-07 -7.629e-08  3.477e-08 -2.185e-07 
  2.286e-01 -1.222e-07 -1.950e-07 -3.137e-01  2.278e-06  3.417e-06 -2.185e-07  1.225e-05 
 PARAMETER  CORRELATION COEFFICIENTS  
       NO.  GLOBAL      1      3      4     20     21     22     23     24
        1  0.36974   1.000 -0.152  0.017  0.140  0.203  0.075 -0.094  0.079
        3  0.23106  -0.152  1.000  0.031 -0.047 -0.086 -0.024  0.121 -0.099
        4  0.20644   0.017  0.031  1.000  0.057 -0.045  0.087  0.161 -0.051
       20  0.70414   0.140 -0.047  0.057  1.000 -0.213 -0.385  0.242 -0.626
       21  0.34389   0.203 -0.086 -0.045 -0.213  1.000  0.117 -0.198  0.207
       22  0.42634   0.075 -0.024  0.087 -0.385  0.117  1.000 -0.130  0.310
       23  0.39835  -0.094  0.121  0.161  0.242 -0.198 -0.130  1.000 -0.335
       24  0.67717   0.079 -0.099 -0.051 -0.626  0.207  0.310 -0.335  1.000
MINUIT - FIT ONLY 1-CBO + wiggle
 **********
 **   16 **RES 
 **********
                   PARAMETER   16  beta_vw RESTORED TO VARIABLE.
                   PARAMETER   14  alpha_vw RESTORED TO VARIABLE.
                   PARAMETER   13  beta_y RESTORED TO VARIABLE.
                   PARAMETER   11  alpha_y RESTORED TO VARIABLE.
                   PARAMETER   10  beta_2CBO RESTORED TO VARIABLE.
                   PARAMETER    9  alpha_2CBO RESTORED TO VARIABLE.
                   PARAMETER    8  beta_CBO RESTORED TO VARIABLE.
                   PARAMETER    6  alpha_CBO RESTORED TO VARIABLE.
 **********
 **   17 **FIX            8
 **********
 **********
 **   18 **FIX            9
 **********
 **********
 **   19 **FIX           11
 **********
 **********
 **   20 **FIX           12
 **********
 PARAMETER   12  IS CONSTANT.   IGNORED.
 **********
 **   21 **FIX           14
 **********
 **********
 **   22 **FIX           15
 **********
 PARAMETER   15  IS CONSTANT.   IGNORED.
 **********
 **   23 **FIX           16
 **********
 **********
 **   24 **MIGRAD
 **********
 START MIGRAD MINIMIZATION.  STRATEGY  1.  CONVERGENCE WHEN EDM .LT. 1.00e-04
 FCN=124.711 FROM MIGRAD    STATUS=INITIATE       28 CALLS         830 TOTAL
                     EDM= unknown      STRATEGY= 1      NO ERROR MATRIX       
  EXT PARAMETER               CURRENT GUESS       STEP         FIRST   
  NO.   NAME      VALUE            ERROR          SIZE      DERIVATIVE 
   1  N0           3.09632e+06   8.25575e+02   3.16393e-01   6.93699e-08
   2  tau          6.44044e+01   constant   
   3  A0           3.43213e-01   3.51312e-04  -3.16682e-07   1.16051e+00
   4  phi          4.12052e+00   1.08278e-03  -1.38630e-06   1.04852e-01
   5  R           -6.14483e+01   constant   
   6  alpha_CBO    0.00000e+00   1.00000e-03   1.00000e-03   4.69009e+04
   7  w_CBO        2.32500e+00   constant   
   8  beta_CBO     0.00000e+00     fixed    
   9  alpha_2CBO   0.00000e+00     fixed    
  10  beta_2CBO    0.00000e+00   1.00000e-03   1.00000e-03  -9.91858e+03
  11  alpha_y      0.00000e+00     fixed    
  12  w_y          1.38860e+01   constant   
  13  beta_y       0.00000e+00   1.00000e-03   1.00000e-03   3.49155e+03
  14  alpha_vw     0.00000e+00     fixed    
  15  w_vw         1.43404e+01   constant   
  16  beta_vw      0.00000e+00     fixed    
  17  LM          -5.33935e-06   constant   
  18  zeta_y       0.00000e+00   constant   
  19  zeta_vw      0.00000e+00   constant   
  20  T_CBO        3.69078e+02   1.40970e+02  -1.93730e-04  -5.61640e-04
  21  alpha_A0     3.52525e-03   3.08273e-03   3.59568e-04   3.39512e-03
  22  beta_A0     -5.15436e-03   3.08265e-03   1.06440e-04   3.30222e-04
  23  alpha_phi   -9.99510e-03   1.72274e-03  -5.96022e-04   4.25113e-03
  24  beta_phi    -9.10882e-03   3.09555e-03   2.01307e-03  -7.05397e-04
 MIGRAD MINIMIZATION HAS CONVERGED.
 FCN=45.5002 FROM MIGRAD    STATUS=CONVERGED     450 CALLS        1252 TOTAL
                     EDM=6.15095e-07    STRATEGY= 1  ERROR MATRIX UNCERTAINTY   1.7 per cent
  EXT PARAMETER                                   STEP         FIRST   
  NO.   NAME      VALUE            ERROR          SIZE      DERIVATIVE 
   1  N0           3.09675e+06   7.98278e+02   2.90169e+00  -1.06030e-06
   2  tau          6.44044e+01   constant   
   3  A0           3.43506e-01   3.49087e-04  -3.92651e-07  -2.84948e+00
   4  phi          4.11825e+00   1.10960e-03  -2.64002e-07  -4.12854e-01
   5  R           -6.14483e+01   constant   
   6  alpha_CBO   -3.17787e-03   3.65604e-04  -1.73559e-07  -8.67965e-01
   7  w_CBO        2.32500e+00   constant   
   8  beta_CBO     0.00000e+00     fixed    
   9  alpha_2CBO   0.00000e+00     fixed    
  10  beta_2CBO    8.77023e-04   3.66337e-04   2.99030e-07   1.05009e+00
  11  alpha_y      0.00000e+00     fixed    
  12  w_y          1.38860e+01   constant   
  13  beta_y      -1.95882e-04   3.50609e-04   1.59793e-08   9.55448e-02
  14  alpha_vw     0.00000e+00     fixed    
  15  w_vw         1.43404e+01   constant   
  16  beta_vw      0.00000e+00     fixed    
  17  LM          -5.33935e-06   constant   
  18  zeta_y       0.00000e+00   constant   
  19  zeta_vw      0.00000e+00   constant   
  20  T_CBO        3.71607e+02   1.57703e+02   2.10801e-03  -1.27038e-03
  21  alpha_A0     3.72372e-03   3.01278e-03  -1.99748e-03  -1.63748e-03
  22  beta_A0     -3.21866e-03   3.13745e-03  -1.39110e-04   1.89474e-04
  23  alpha_phi   -7.93492e-03   3.13714e-03   1.12738e-03   7.71077e-04
  24  beta_phi    -9.99919e-03   1.29922e-02  -2.48948e-04   5.25008e-05
 EXTERNAL ERROR MATRIX.    NDIM=  25    NPAR= 11    ERR DEF=1
  6.372e+05 
 -4.114e-02  1.219e-07 
  1.067e-02 -5.782e-09  1.231e-06 
 -1.016e-02 -1.218e-08  9.324e-08  1.337e-07 
  1.427e-02  4.060e-09 -1.472e-08 -8.785e-09  1.342e-07 
  3.415e-04  3.837e-10  8.971e-09 -6.431e-10  8.022e-10  1.229e-07 
  3.216e+04 -1.004e-02 -5.174e-03 -1.627e-03  5.475e-03  2.899e-05  2.581e+04 
  3.535e-01 -8.124e-08 -1.443e-07 -1.062e-08 -1.231e-07 -1.842e-08 -1.281e-01  9.415e-06 
 -1.680e-01  7.361e-09 -4.522e-07 -5.321e-08  2.075e-07 -2.307e-08  1.216e-01 -1.197e-06  1.023e-05 
  1.528e-01 -6.215e-08 -4.062e-07 -1.346e-07 -3.473e-08 -4.701e-09  3.111e-01 -1.957e-06  1.587e-06  1.086e-05 
  3.272e-03  3.495e-10  1.350e-09  6.596e-10 -2.735e-09 -8.917e-11  2.763e-03  9.432e-08 -1.939e-08  3.195e-08  2.133e-08 
 PARAMETER  CORRELATION COEFFICIENTS  
       NO.  GLOBAL      1      3      4      6     10     13     20     21     22     23     24
        1  0.38161   1.000 -0.148  0.012 -0.035  0.049  0.001  0.251  0.144 -0.066  0.058  0.028
        3  0.26947  -0.148  1.000 -0.015 -0.095  0.032  0.003 -0.179 -0.076  0.007 -0.054  0.007
        4  0.28151   0.012 -0.015  1.000  0.230 -0.036  0.023 -0.029 -0.042 -0.127 -0.111  0.008
        6  0.27805  -0.035 -0.095  0.230  1.000 -0.066 -0.005 -0.028 -0.009 -0.046 -0.112  0.012
       10  0.25016   0.049  0.032 -0.036 -0.066  1.000  0.006  0.093 -0.110  0.177 -0.029 -0.051
       13  0.03740   0.001  0.003  0.023 -0.005  0.006  1.000  0.001 -0.017 -0.021 -0.004 -0.002
       20  0.69837   0.251 -0.179 -0.029 -0.028  0.093  0.001  1.000 -0.260  0.237  0.588  0.118
       21  0.44253   0.144 -0.076 -0.042 -0.009 -0.110 -0.017 -0.260  1.000 -0.122 -0.193  0.210
       22  0.33983  -0.066  0.007 -0.127 -0.046  0.177 -0.021  0.237 -0.122  1.000  0.151 -0.042
       23  0.61553   0.058 -0.054 -0.111 -0.112 -0.029 -0.004  0.588 -0.193  0.151  1.000  0.066
       24  0.29767   0.028  0.007  0.008  0.012 -0.051 -0.002  0.118  0.210 -0.042  0.066  1.000
MINUIT - FIT ONLY 2-CBO
 **********
 **   25 **RES 
 **********
                   PARAMETER   16  beta_vw RESTORED TO VARIABLE.
                   PARAMETER   14  alpha_vw RESTORED TO VARIABLE.
                   PARAMETER   11  alpha_y RESTORED TO VARIABLE.
                   PARAMETER    9  alpha_2CBO RESTORED TO VARIABLE.
                   PARAMETER    8  beta_CBO RESTORED TO VARIABLE.
 **********
 **   26 **FIX            0
 **********
 PARAMETER    0  IS UNDEFINED. IGNORED.
 **********
 **   27 **FIX            1
 **********
 **********
 **   28 **FIX            2
 **********
 PARAMETER    2  IS CONSTANT.   IGNORED.
 **********
 **   29 **FIX            3
 **********
 **********
 **   30 **FIX            4
 **********
 **********
 **   31 **FIX            5
 **********
 PARAMETER    5  IS CONSTANT.   IGNORED.
 **********
 **   32 **FIX            6
 **********
 **********
 **   33 **FIX            7
 **********
 PARAMETER    7  IS CONSTANT.   IGNORED.
 **********
 **   34 **FIX           10
 **********
 **********
 **   35 **FIX           11
 **********
 **********
 **   36 **FIX           12
 **********
 PARAMETER   12  IS CONSTANT.   IGNORED.
 **********
 **   37 **FIX           13
 **********
 **********
 **   38 **FIX           14
 **********
 **********
 **   39 **FIX           15
 **********
 PARAMETER   15  IS CONSTANT.   IGNORED.
 **********
 **   40 **FIX           16
 **********
 **********
 **   41 **MIGRAD
 **********
 START MIGRAD MINIMIZATION.  STRATEGY  1.  CONVERGENCE WHEN EDM .LT. 1.00e-04
 FCN=45.5002 FROM MIGRAD    STATUS=INITIATE       22 CALLS        1274 TOTAL
                     EDM= unknown      STRATEGY= 1      NO ERROR MATRIX       
  EXT PARAMETER               CURRENT GUESS       STEP         FIRST   
  NO.   NAME      VALUE            ERROR          SIZE      DERIVATIVE 
   1  N0           3.09675e+06     fixed    
   2  tau          6.44044e+01   constant   
   3  A0           3.43506e-01     fixed    
   4  phi          4.11825e+00     fixed    
   5  R           -6.14483e+01   constant   
   6  alpha_CBO   -3.17787e-03     fixed    
   7  w_CBO        2.32500e+00   constant   
   8  beta_CBO     0.00000e+00   1.00000e-03   1.00000e-03  -6.59979e+03
   9  alpha_2CBO   0.00000e+00   1.00000e-03   1.00000e-03   7.69611e+02
  10  beta_2CBO    8.77023e-04     fixed    
  11  alpha_y      0.00000e+00     fixed    
  12  w_y          1.38860e+01   constant   
  13  beta_y      -1.95882e-04     fixed    
  14  alpha_vw     0.00000e+00     fixed    
  15  w_vw         1.43404e+01   constant   
  16  beta_vw      0.00000e+00     fixed    
  17  LM          -5.33935e-06   constant   
  18  zeta_y       0.00000e+00   constant   
  19  zeta_vw      0.00000e+00   constant   
  20  T_CBO        3.71607e+02   1.57703e+02   2.10801e-03  -1.27050e-03
  21  alpha_A0     3.72372e-03   3.01278e-03  -1.99748e-03  -1.63744e-03
  22  beta_A0     -3.21866e-03   3.13745e-03  -1.39110e-04   1.89517e-04
  23  alpha_phi   -7.93492e-03   3.13714e-03   1.12738e-03   7.71001e-04
  24  beta_phi    -9.99919e-03   1.29922e-02  -2.48948e-04   1.05945e-03
 MIGRAD MINIMIZATION HAS CONVERGED.
 MIGRAD WILL VERIFY CONVERGENCE AND ERROR MATRIX.
 FCN=44.1005 FROM MIGRAD    STATUS=CONVERGED     186 CALLS        1438 TOTAL
                     EDM=4.71989e-05    STRATEGY= 1      ERR MATRIX NOT POS-DEF
  EXT PARAMETER                APPROXIMATE        STEP         FIRST   
  NO.   NAME      VALUE            ERROR          SIZE      DERIVATIVE 
   1  N0           3.09675e+06     fixed    
   2  tau          6.44044e+01   constant   
   3  A0           3.43506e-01     fixed    
   4  phi          4.11825e+00     fixed    
   5  R           -6.14483e+01   constant   
   6  alpha_CBO   -3.17787e-03     fixed    
   7  w_CBO        2.32500e+00   constant   
   8  beta_CBO     4.20239e-04   3.75256e-04   1.16677e-06   1.26751e+00
   9  alpha_2CBO  -3.42951e-05   4.25246e-04   1.15212e-06   5.37193e-01
  10  beta_2CBO    8.77023e-04     fixed    
  11  alpha_y      0.00000e+00     fixed    
  12  w_y          1.38860e+01   constant   
  13  beta_y      -1.95882e-04     fixed    
  14  alpha_vw     0.00000e+00     fixed    
  15  w_vw         1.43404e+01   constant   
  16  beta_vw      0.00000e+00     fixed    
  17  LM          -5.33935e-06   constant   
  18  zeta_y       0.00000e+00   constant   
  19  zeta_vw      0.00000e+00   constant   
  20  T_CBO        3.89407e+02   7.58941e+02   8.72736e-04   4.81284e-04
  21  alpha_A0     3.53911e-03   7.17879e-03   9.70172e-04  -7.44357e-05
  22  beta_A0     -3.08368e-03   7.36940e-03   9.38965e-04  -1.37054e-03
  23  alpha_phi   -7.64344e-03   1.60288e-02   1.27091e-03   6.03122e-05
  24  beta_phi    -9.99841e-03   1.20405e-02   5.09960e-02  -8.86993e-05
 EXTERNAL ERROR MATRIX.    NDIM=  25    NPAR=  7    ERR DEF=1
  1.408e-07 -5.949e-08 -3.989e-01  1.649e-06 -1.699e-06 -3.684e-06 -4.499e-06 
 -5.949e-08  1.808e-07  5.498e-01 -2.198e-06  2.413e-06  5.062e-06  6.197e-06 
 -3.989e-01  5.498e-01  3.562e+06 -1.476e+01  1.527e+01  3.295e+01  3.980e+01 
  1.649e-06 -2.198e-06 -1.476e+01  6.698e-05 -6.321e-05 -1.367e-04 -1.650e-04 
 -1.699e-06  2.413e-06  1.527e+01 -6.321e-05  7.107e-05  1.411e-04  1.708e-04 
 -3.684e-06  5.062e-06  3.295e+01 -1.367e-04  1.411e-04  3.096e-04  3.684e-04 
 -4.499e-06  6.197e-06  3.980e+01 -1.650e-04  1.708e-04  3.684e-04  4.467e-04 
ERR MATRIX NOT POS-DEF
 PARAMETER  CORRELATION COEFFICIENTS  
       NO.  GLOBAL      8      9     20     21     22     23     24
        8  0.56993   1.000 -0.373 -0.563  0.537 -0.537 -0.558 -0.567
        9  0.69811  -0.373  1.000  0.685 -0.632  0.673  0.677  0.690
       20  0.99823  -0.563  0.685  1.000 -0.956  0.960  0.992  0.998
       21  0.95613   0.537 -0.632 -0.956  1.000 -0.916 -0.950 -0.954
       22  0.95998  -0.537  0.673  0.960 -0.916  1.000  0.952  0.959
       23  0.99242  -0.558  0.677  0.992 -0.950  0.952  1.000  0.991
       24  0.99778  -0.567  0.690  0.998 -0.954  0.959  0.991  1.000
 ERR MATRIX NOT POS-DEF
MINUIT - FIT wiggle + 1-CBO + 2-CBO
 **********
 **   42 **RES 
 **********
                   PARAMETER   16  beta_vw RESTORED TO VARIABLE.
                   PARAMETER   14  alpha_vw RESTORED TO VARIABLE.
                   PARAMETER   13  beta_y RESTORED TO VARIABLE.
                   PARAMETER   11  alpha_y RESTORED TO VARIABLE.
                   PARAMETER   10  beta_2CBO RESTORED TO VARIABLE.
                   PARAMETER    6  alpha_CBO RESTORED TO VARIABLE.
                   PARAMETER    4  phi RESTORED TO VARIABLE.
                   PARAMETER    3  A0 RESTORED TO VARIABLE.
                   PARAMETER    1  N0 RESTORED TO VARIABLE.
 **********
 **   43 **FIX           10
 **********
 **********
 **   44 **FIX           11
 **********
 **********
 **   45 **FIX           12
 **********
 PARAMETER   12  IS CONSTANT.   IGNORED.
 **********
 **   46 **FIX           13
 **********
 **********
 **   47 **FIX           14
 **********
 **********
 **   48 **FIX           15
 **********
 PARAMETER   15  IS CONSTANT.   IGNORED.
 **********
 **   49 **FIX           16
 **********
 **********
 **   50 **MIGRAD
 **********
 START MIGRAD MINIMIZATION.  STRATEGY  1.  CONVERGENCE WHEN EDM .LT. 1.00e-04
 FCN=44.1005 FROM MIGRAD    STATUS=INITIATE       26 CALLS        1464 TOTAL
                     EDM= unknown      STRATEGY= 1      NO ERROR MATRIX       
  EXT PARAMETER               CURRENT GUESS       STEP         FIRST   
  NO.   NAME      VALUE            ERROR          SIZE      DERIVATIVE 
   1  N0           3.09675e+06   7.98278e+02   7.98278e+02   2.10691e-04
   2  tau          6.44044e+01   constant   
   3  A0           3.43506e-01   3.49087e-04   3.49087e-04   1.15961e+03
   4  phi          4.11825e+00   1.10960e-03   1.10960e-03   3.00833e+02
   5  R           -6.14483e+01   constant   
   6  alpha_CBO   -3.17787e-03   3.65604e-04   3.65604e-04  -2.68979e+02
   7  w_CBO        2.32500e+00   constant   
   8  beta_CBO     4.20239e-04   3.75256e-04   1.16677e-06   1.26751e+00
   9  alpha_2CBO  -3.42951e-05   4.25246e-04   1.15212e-06   5.37194e-01
  10  beta_2CBO    8.77023e-04     fixed    
  11  alpha_y      0.00000e+00     fixed    
  12  w_y          1.38860e+01   constant   
  13  beta_y      -1.95882e-04     fixed    
  14  alpha_vw     0.00000e+00     fixed    
  15  w_vw         1.43404e+01   constant   
  16  beta_vw      0.00000e+00     fixed    
  17  LM          -5.33935e-06   constant   
  18  zeta_y       0.00000e+00   constant   
  19  zeta_vw      0.00000e+00   constant   
  20  T_CBO        3.89407e+02   7.58941e+02   8.72736e-04   4.65390e-04
  21  alpha_A0     3.53911e-03   7.17879e-03   9.70172e-04  -7.52282e-05
  22  beta_A0     -3.08368e-03   7.36940e-03   9.38965e-04  -1.36715e-03
  23  alpha_phi   -7.64344e-03   1.60288e-02   1.27091e-03   6.23308e-05
  24  beta_phi    -9.99841e-03   1.20405e-02   5.09960e-02   1.36165e-04
 MIGRAD MINIMIZATION HAS CONVERGED.
 FCN=44.0253 FROM MIGRAD    STATUS=CONVERGED     181 CALLS        1619 TOTAL
                     EDM=1.95268e-06    STRATEGY= 1  ERROR MATRIX UNCERTAINTY   1.8 per cent
  EXT PARAMETER                                   STEP         FIRST   
  NO.   NAME      VALUE            ERROR          SIZE      DERIVATIVE 
   1  N0           3.09670e+06   7.63734e+02  -3.54961e-01  -9.76531e-08
   2  tau          6.44044e+01   constant   
   3  A0           3.43435e-01   3.44733e-04  -3.96442e-08  -1.47364e+00
   4  phi          4.11807e+00   1.07692e-03   1.25282e-06  -4.73490e-02
   5  R           -6.14483e+01   constant   
   6  alpha_CBO   -3.16543e-03   3.47575e-04  -3.32576e-07  -4.09547e+00
   7  w_CBO        2.32500e+00   constant   
   8  beta_CBO     4.43360e-04   3.64935e-04  -2.24323e-07  -3.05766e+00
   9  alpha_2CBO  -2.95475e-05   3.63573e-04  -1.41071e-06  -8.14042e-01
  10  beta_2CBO    8.77023e-04     fixed    
  11  alpha_y      0.00000e+00     fixed    
  12  w_y          1.38860e+01   constant   
  13  beta_y      -1.95882e-04     fixed    
  14  alpha_vw     0.00000e+00     fixed    
  15  w_vw         1.43404e+01   constant   
  16  beta_vw      0.00000e+00     fixed    
  17  LM          -5.33935e-06   constant   
  18  zeta_y       0.00000e+00   constant   
  19  zeta_vw      0.00000e+00   constant   
  20  T_CBO        3.93595e+02   1.69262e+02   1.21189e-03  -1.19461e-03
  21  alpha_A0     3.56886e-03   2.88875e-03  -4.68549e-04   5.89713e-03
  22  beta_A0     -2.99380e-03   2.76255e-03  -1.22757e-04   2.01118e-03
  23  alpha_phi   -7.57372e-03   2.96486e-03   1.07839e-03   1.73388e-05
  24  beta_phi    -9.99955e-03   1.99704e-02   2.12855e-03  -1.01024e-04
 EXTERNAL ERROR MATRIX.    NDIM=  25    NPAR= 11    ERR DEF=1
  5.833e+05 
 -5.669e-03  1.188e-07 
 -4.879e-02  2.118e-08  1.160e-06 
 -1.162e-02  4.472e-09  2.385e-08  1.208e-07 
 -5.056e-03 -2.216e-08 -6.337e-08 -9.110e-10  1.332e-07 
 -6.624e-03 -4.736e-09 -1.167e-08 -9.101e-09  5.104e-09  1.322e-07 
  2.609e+04 -8.164e-03 -1.053e-02 -2.667e-03  5.902e-03 -6.649e-03  2.988e+04 
  1.942e-02 -3.272e-08 -1.607e-07  3.094e-08  2.266e-08  1.838e-07 -1.291e-01  8.625e-06 
 -1.016e-02 -7.295e-08 -3.572e-07 -3.710e-08  6.864e-08  5.084e-08  8.939e-02  2.934e-07  7.855e-06 
  1.089e-01 -6.084e-08 -3.123e-07 -7.922e-08  9.484e-08 -1.166e-07  2.995e-01 -1.225e-06  5.342e-07  9.471e-06 
  2.633e-02 -9.301e-09 -1.617e-08 -5.272e-09 -1.829e-09 -1.148e-08  4.756e-04 -6.344e-08 -3.149e-09  1.578e-07  9.453e-08 
 PARAMETER  CORRELATION COEFFICIENTS  
       NO.  GLOBAL      1      3      4      6      8      9     20     21     22     23     24
        1  0.27457   1.000 -0.022 -0.059 -0.044 -0.018 -0.024  0.198  0.009 -0.005  0.046  0.112
        3  0.25481  -0.022  1.000  0.057  0.037 -0.176 -0.038 -0.137 -0.032 -0.075 -0.057 -0.088
        4  0.23318  -0.059  0.057  1.000  0.064 -0.161 -0.030 -0.057 -0.051 -0.118 -0.094 -0.049
        6  0.14361  -0.044  0.037  0.064  1.000 -0.007 -0.072 -0.044  0.030 -0.038 -0.074 -0.049
        8  0.25363  -0.018 -0.176 -0.161 -0.007  1.000  0.038  0.094  0.021  0.067  0.084 -0.016
        9  0.23904  -0.024 -0.038 -0.030 -0.072  0.038  1.000 -0.106  0.172  0.050 -0.104 -0.103
       20  0.65713   0.198 -0.137 -0.057 -0.044  0.094 -0.106  1.000 -0.254  0.185  0.563  0.009
       21  0.32980   0.009 -0.032 -0.051  0.030  0.021  0.172 -0.254  1.000  0.036 -0.135 -0.070
       22  0.25279  -0.005 -0.075 -0.118 -0.038  0.067  0.050  0.185  0.036  1.000  0.062 -0.004
       23  0.60221   0.046 -0.057 -0.094 -0.074  0.084 -0.104  0.563 -0.135  0.062  1.000  0.167
       24  0.28566   0.112 -0.088 -0.049 -0.049 -0.016 -0.103  0.009 -0.070 -0.004  0.167  1.000
MINUIT - FIT ONLY 1-y
 **********
 **   51 **RES 
 **********
                   PARAMETER   16  beta_vw RESTORED TO VARIABLE.
                   PARAMETER   14  alpha_vw RESTORED TO VARIABLE.
                   PARAMETER   13  beta_y RESTORED TO VARIABLE.
                   PARAMETER   11  alpha_y RESTORED TO VARIABLE.
                   PARAMETER   10  beta_2CBO RESTORED TO VARIABLE.
 **********
 **   52 **FIX            0
 **********
 PARAMETER    0  IS UNDEFINED. IGNORED.
 **********
 **   53 **FIX            1
 **********
 **********
 **   54 **FIX            2
 **********
 PARAMETER    2  IS CONSTANT.   IGNORED.
 **********
 **   55 **FIX            3
 **********
 **********
 **   56 **FIX            4
 **********
 **********
 **   57 **FIX            5
 **********
 PARAMETER    5  IS CONSTANT.   IGNORED.
 **********
 **   58 **FIX            6
 **********
 **********
 **   59 **FIX            7
 **********
 PARAMETER    7  IS CONSTANT.   IGNORED.
 **********
 **   60 **FIX            8
 **********
 **********
 **   61 **FIX            9
 **********
 **********
 **   62 **FIX           13
 **********
 **********
 **   63 **FIX           14
 **********
 **********
 **   64 **FIX           15
 **********
 PARAMETER   15  IS CONSTANT.   IGNORED.
 **********
 **   65 **FIX           16
 **********
 **********
 **   66 **MIGRAD
 **********
 START MIGRAD MINIMIZATION.  STRATEGY  1.  CONVERGENCE WHEN EDM .LT. 1.00e-04
 FCN=44.0253 FROM MIGRAD    STATUS=INITIATE       20 CALLS        1639 TOTAL
                     EDM= unknown      STRATEGY= 1      NO ERROR MATRIX       
  EXT PARAMETER               CURRENT GUESS       STEP         FIRST   
  NO.   NAME      VALUE            ERROR          SIZE      DERIVATIVE 
   1  N0           3.09670e+06     fixed    
   2  tau          6.44044e+01   constant   
   3  A0           3.43435e-01     fixed    
   4  phi          4.11807e+00     fixed    
   5  R           -6.14483e+01   constant   
   6  alpha_CBO   -3.16543e-03     fixed    
   7  w_CBO        2.32500e+00   constant   
   8  beta_CBO     4.43360e-04     fixed    
   9  alpha_2CBO  -2.95475e-05     fixed    
  10  beta_2CBO    8.77023e-04   3.66337e-04   3.66337e-04   5.10455e+02
  11  alpha_y      0.00000e+00   1.00000e-03   1.00000e-03   2.21610e+03
  12  w_y          1.38860e+01   constant   
  13  beta_y      -1.95882e-04     fixed    
  14  alpha_vw     0.00000e+00     fixed    
  15  w_vw         1.43404e+01   constant   
  16  beta_vw      0.00000e+00     fixed    
  17  LM          -5.33935e-06   constant   
  18  zeta_y       0.00000e+00   constant   
  19  zeta_vw      0.00000e+00   constant   
  20  T_CBO        3.93595e+02   1.69262e+02   1.21189e-03  -1.19465e-03
  21  alpha_A0     3.56886e-03   2.88875e-03  -4.68549e-04   5.89713e-03
  22  beta_A0     -2.99380e-03   2.76255e-03  -1.22757e-04   2.01120e-03
  23  alpha_phi   -7.57372e-03   2.96486e-03   1.07839e-03   1.72844e-05
  24  beta_phi    -9.99955e-03   1.99704e-02   2.12855e-03   2.41426e-02
 MIGRAD MINIMIZATION HAS CONVERGED.
 MIGRAD WILL VERIFY CONVERGENCE AND ERROR MATRIX.
 COVARIANCE MATRIX CALCULATED SUCCESSFULLY
 FCN=43.8596 FROM MIGRAD    STATUS=CONVERGED     140 CALLS        1759 TOTAL
                     EDM=8.41706e-06    STRATEGY= 1      ERROR MATRIX ACCURATE 
  EXT PARAMETER                                   STEP         FIRST   
  NO.   NAME      VALUE            ERROR          SIZE      DERIVATIVE 
   1  N0           3.09670e+06     fixed    
   2  tau          6.44044e+01   constant   
   3  A0           3.43435e-01     fixed    
   4  phi          4.11807e+00     fixed    
   5  R           -6.14483e+01   constant   
   6  alpha_CBO   -3.16543e-03     fixed    
   7  w_CBO        2.32500e+00   constant   
   8  beta_CBO     4.43360e-04     fixed    
   9  alpha_2CBO  -2.95475e-05     fixed    
  10  beta_2CBO    8.41245e-04   3.64970e-04   1.16266e-06  -6.02189e+00
  11  alpha_y     -1.41248e-04   3.56756e-04   1.16634e-06   1.37921e+00
  12  w_y          1.38860e+01   constant   
  13  beta_y      -1.95882e-04     fixed    
  14  alpha_vw     0.00000e+00     fixed    
  15  w_vw         1.43404e+01   constant   
  16  beta_vw      0.00000e+00     fixed    
  17  LM          -5.33935e-06   constant   
  18  zeta_y       0.00000e+00   constant   
  19  zeta_vw      0.00000e+00   constant   
  20  T_CBO        3.91921e+02   1.58155e+02   8.81890e-04   2.28527e-04
  21  alpha_A0     3.61209e-03   2.77846e-03   9.65911e-04  -3.88246e-03
  22  beta_A0     -3.06288e-03   2.72419e-03   9.31911e-04   2.27147e-03
  23  alpha_phi   -7.55215e-03   2.78318e-03   1.23860e-03   6.56985e-03
  24  beta_phi    -9.99939e-03   1.42747e-02   2.22891e-02   3.20692e-04
 EXTERNAL ERROR MATRIX.    NDIM=  25    NPAR=  7    ERR DEF=1
  1.332e-07  1.170e-09  4.760e-03 -1.157e-07  1.727e-07 -5.213e-08 -1.131e-13 
  1.170e-09  1.273e-07  5.208e-04 -1.465e-08  2.010e-08 -2.060e-09 -1.819e-14 
  4.760e-03  5.208e-04  2.594e+04 -1.260e-01  9.805e-02  2.507e-01  9.233e-06 
 -1.157e-07 -1.465e-08 -1.260e-01  7.960e-06 -5.724e-07 -1.397e-06 -4.861e-11 
  1.727e-07  2.010e-08  9.805e-02 -5.724e-07  7.633e-06  6.632e-07  4.248e-11 
 -5.213e-08 -2.060e-09  2.507e-01 -1.397e-06  6.632e-07  8.262e-06  9.920e-11 
 -1.131e-13 -1.819e-14  9.233e-06 -4.861e-11  4.248e-11  9.920e-11  2.453e-08 
 PARAMETER  CORRELATION COEFFICIENTS  
       NO.  GLOBAL     10     11     20     21     22     23     24
       10  0.22618   1.000  0.009  0.081 -0.112  0.171 -0.050 -0.000
       11  0.02571   0.009  1.000  0.009 -0.015  0.020 -0.002 -0.000
       20  0.59894   0.081  0.009  1.000 -0.277  0.220  0.542  0.000
       21  0.29405  -0.112 -0.015 -0.277  1.000 -0.073 -0.172 -0.000
       22  0.27054   0.171  0.020  0.220 -0.073  1.000  0.084  0.000
       23  0.55102  -0.050 -0.002  0.542 -0.172  0.084  1.000  0.000
       24  0.00037  -0.000 -0.000  0.000 -0.000  0.000  0.000  1.000
MINUIT - FIT ONLY 2-y
 **********
 **   67 **RES 
 **********
                   PARAMETER   16  beta_vw RESTORED TO VARIABLE.
                   PARAMETER   14  alpha_vw RESTORED TO VARIABLE.
                   PARAMETER   13  beta_y RESTORED TO VARIABLE.
                   PARAMETER    9  alpha_2CBO RESTORED TO VARIABLE.
                   PARAMETER    8  beta_CBO RESTORED TO VARIABLE.
                   PARAMETER    6  alpha_CBO RESTORED TO VARIABLE.
                   PARAMETER    4  phi RESTORED TO VARIABLE.
                   PARAMETER    3  A0 RESTORED TO VARIABLE.
                   PARAMETER    1  N0 RESTORED TO VARIABLE.
 **********
 **   68 **FIX            0
 **********
 PARAMETER    0  IS UNDEFINED. IGNORED.
 **********
 **   69 **FIX            1
 **********
 **********
 **   70 **FIX            2
 **********
 PARAMETER    2  IS CONSTANT.   IGNORED.
 **********
 **   71 **FIX            3
 **********
 **********
 **   72 **FIX            4
 **********
 **********
 **   73 **FIX            5
 **********
 PARAMETER    5  IS CONSTANT.   IGNORED.
 **********
 **   74 **FIX            6
 **********
 **********
 **   75 **FIX            7
 **********
 PARAMETER    7  IS CONSTANT.   IGNORED.
 **********
 **   76 **FIX            8
 **********
 **********
 **   77 **FIX            9
 **********
 **********
 **   78 **FIX           10
 **********
 **********
 **   79 **FIX           11
 **********
 **********
 **   80 **FIX           12
 **********
 PARAMETER   12  IS CONSTANT.   IGNORED.
 **********
 **   81 **FIX           16
 **********
 **********
 **   82 **MIGRAD
 **********
 START MIGRAD MINIMIZATION.  STRATEGY  1.  CONVERGENCE WHEN EDM .LT. 1.00e-04
 FCN=43.8596 FROM MIGRAD    STATUS=INITIATE       44 CALLS        1803 TOTAL
                     EDM= unknown      STRATEGY= 1      NO ERROR MATRIX       
  EXT PARAMETER               CURRENT GUESS       STEP         FIRST   
  NO.   NAME      VALUE            ERROR          SIZE      DERIVATIVE 
   1  N0           3.09670e+06     fixed    
   2  tau          6.44044e+01   constant   
   3  A0           3.43435e-01     fixed    
   4  phi          4.11807e+00     fixed    
   5  R           -6.14483e+01   constant   
   6  alpha_CBO   -3.16543e-03     fixed    
   7  w_CBO        2.32500e+00   constant   
   8  beta_CBO     4.43360e-04     fixed    
   9  alpha_2CBO  -2.95475e-05     fixed    
  10  beta_2CBO    8.41245e-04     fixed    
  11  alpha_y     -1.41248e-04     fixed    
  12  w_y          1.38860e+01   constant   
  13  beta_y      -1.95882e-04   3.50609e-04   0.00000e+00   1.25178e+01
  14  alpha_vw     0.00000e+00   1.00000e-03   0.00000e+00   9.23428e+03
  15  w_vw         1.43404e+01   constant   
  16  beta_vw      0.00000e+00     fixed    
  17  LM          -5.33935e-06   constant   
  18  zeta_y       0.00000e+00   constant   
  19  zeta_vw      0.00000e+00   constant   
  20  T_CBO        3.91921e+02   1.58155e+02   0.00000e+00  -1.96813e-02
  21  alpha_A0     3.61209e-03   2.77846e-03   0.00000e+00  -3.15464e-03
  22  beta_A0     -3.06288e-03   2.72419e-03   0.00000e+00   6.42720e-04
  23  alpha_phi   -7.55215e-03   2.78318e-03   0.00000e+00   5.38154e-03
  24  beta_phi    -9.98989e-03   1.42747e-02   3.38975e-02   2.03397e-04
 MIGRAD MINIMIZATION HAS CONVERGED.
 MIGRAD WILL VERIFY CONVERGENCE AND ERROR MATRIX.
 FCN=41.143 FROM HESSE     STATUS=NOT POSDEF     52 CALLS        1944 TOTAL
                     EDM=0.000113818    STRATEGY= 1      ERR MATRIX NOT POS-DEF
  EXT PARAMETER                APPROXIMATE        STEP         FIRST   
  NO.   NAME      VALUE            ERROR          SIZE      DERIVATIVE 
   1  N0           3.09670e+06     fixed    
   2  tau          6.44044e+01   constant   
   3  A0           3.43435e-01     fixed    
   4  phi          4.11807e+00     fixed    
   5  R           -6.14483e+01   constant   
   6  alpha_CBO   -3.16543e-03     fixed    
   7  w_CBO        2.32500e+00   constant   
   8  beta_CBO     4.43360e-04     fixed    
   9  alpha_2CBO  -2.95475e-05     fixed    
  10  beta_2CBO    8.41245e-04     fixed    
  11  alpha_y     -1.41248e-04     fixed    
  12  w_y          1.38860e+01   constant   
  13  beta_y      -1.16347e-04   3.11051e-04   1.11066e-06  -6.50925e-01
  14  alpha_vw    -5.88510e-04   3.14926e-04   1.12054e-06  -4.45302e-01
  15  w_vw         1.43404e+01   constant   
  16  beta_vw      0.00000e+00     fixed    
  17  LM          -5.33935e-06   constant   
  18  zeta_y       0.00000e+00   constant   
  19  zeta_vw      0.00000e+00   constant   
  20  T_CBO        3.94887e+02   7.75360e+02   8.61142e-04  -2.52271e-03
  21  alpha_A0     3.50891e-03   7.51299e-03   9.29345e-04  -7.12892e-04
  22  beta_A0     -2.99354e-03   7.30625e-03   8.98288e-04  -1.41727e-03
  23  alpha_phi   -7.55786e-03   1.61952e-02   1.19931e-03   1.03581e-03
  24  beta_phi    -9.99972e-03   1.98485e-02   7.85354e-02  -1.29763e-04
 MIGRAD MINIMIZATION HAS CONVERGED.
 MIGRAD WILL VERIFY CONVERGENCE AND ERROR MATRIX.
 MIGRAD TERMINATED WITHOUT CONVERGENCE.
 FCN=41.1429 FROM MIGRAD    STATUS=FAILED        359 CALLS        2118 TOTAL
                     EDM=0.00251558    STRATEGY= 1      ERR MATRIX NOT POS-DEF
  EXT PARAMETER                APPROXIMATE        STEP         FIRST   
  NO.   NAME      VALUE            ERROR          SIZE      DERIVATIVE 
   1  N0           3.09670e+06     fixed    
   2  tau          6.44044e+01   constant   
   3  A0           3.43435e-01     fixed    
   4  phi          4.11807e+00     fixed    
   5  R           -6.14483e+01   constant   
   6  alpha_CBO   -3.16543e-03     fixed    
   7  w_CBO        2.32500e+00   constant   
   8  beta_CBO     4.43360e-04     fixed    
   9  alpha_2CBO  -2.95475e-05     fixed    
  10  beta_2CBO    8.41245e-04     fixed    
  11  alpha_y     -1.41248e-04     fixed    
  12  w_y          1.38860e+01   constant   
  13  beta_y      -1.16284e-04   3.32824e-04   1.11066e-06   4.67763e-01
  14  alpha_vw    -5.88477e-04   3.36082e-04   1.12054e-06   2.59720e-01
  15  w_vw         1.43404e+01   constant   
  16  beta_vw      0.00000e+00     fixed    
  17  LM          -5.33935e-06   constant   
  18  zeta_y       0.00000e+00   constant   
  19  zeta_vw      0.00000e+00   constant   
