 + ++++++++++++++++++++++++++++++++++++++++++++++++++++++++++++++++++++ +
 +                                                                      +
 +           You have chose to blind your fitting according to          +
 +                omega_ref * (1 + (R +/- deltaR) *10^{-6})             +
 +                                                                      +
 + ++++++++++++++++++++++++++++++++++++++++++++++++++++++++++++++++++++ +
In main()...
reading format from /gm2data/zkhechad/run45/envelope/formats/formatB_sBin_constraintOn.txt
pBinTau 	= 0  
pBinPhi 	= 0  
constraintau 	= 1 
includeMopTerm 	= 0    
constrainMop    = 0   
Parameters after format file: pBinTau 0 pBinPhi 0 constraintau 1 includeMopTerm 0 constrainMop 0 c_e_scale 0.000000 
Opening file /gm2data/tbarrett/gm2fr/studies/run23_bunch_corrections/CorrectedFourier_Run3b.root.
reading full fit data from /gm2data/zkhechad/cboTemplates/Run4CBOTemplates/fullFits/noRF/sBin_constraintOn_cE0.0_seed0_noRF_calo3.root
windowBins = 69
fitting sliding window 210 from bin 346 at 51.474000 to bin 415 at 61.918000 (69 bins)

Reading data from /gm2data/cornell/histograms/aMethod/histogram_a_noRF.root
 **********
 **    1 **SET PRINTOUT            1
 **********
 **********
 **    2 **SET NOWARNINGS 
 **********
 PARAMETER DEFINITIONS:
    NO.   NAME         VALUE      STEP SIZE      LIMITS
     1 N0           2.88710e+06  1.00000e+02     no limits
     2 tau          6.43977e+01  constant
     3 A0           3.56389e-01  1.00000e-04     no limits
     4 phi          4.11721e+00  1.00000e-02     no limits
     5 R           -6.10082e+01  constant
     6 alpha_CBO    0.00000e+00  1.00000e-03     no limits
     7 w_CBO        2.32500e+00  constant
     8 beta_CBO     0.00000e+00  1.00000e-03     no limits
     9 alpha_2CBO   0.00000e+00  1.00000e-03     no limits
    10 beta_2CBO    0.00000e+00  1.00000e-03     no limits
    11 alpha_y      0.00000e+00  1.00000e-03     no limits
    12 w_y          1.38860e+01  constant
    13 beta_y       0.00000e+00  1.00000e-03     no limits
    14 alpha_vw     0.00000e+00  1.00000e-03     no limits
    15 w_vw         1.43404e+01  constant
    16 beta_vw      0.00000e+00  1.00000e-03     no limits
    17 LM          -2.57919e-04  constant
    18 zeta_y       0.00000e+00  constant
    19 zeta_vw      0.00000e+00  constant
    20 T_CBO        1.00000e+02  1.00000e+00    0.00000e+00  1.00000e+03
    21 alpha_A0     0.00000e+00  1.00000e-04   -1.00000e-02  1.00000e-02
    22 beta_A0      0.00000e+00  1.00000e-04   -1.00000e-02  1.00000e-02
    23 alpha_phi    0.00000e+00  1.00000e-04   -1.00000e-02  1.00000e-02
    24 beta_phi     0.00000e+00  1.00000e-04   -1.00000e-02  1.00000e-02
MINUIT - FIT ONLY WIGGLE
 **********
 **    3 **FIX            5
 **********
 PARAMETER    5  IS CONSTANT.   IGNORED.
 **********
 **    4 **FIX            6
 **********
 **********
 **    5 **FIX            7
 **********
 PARAMETER    7  IS CONSTANT.   IGNORED.
 **********
 **    6 **FIX            8
 **********
 **********
 **    7 **FIX            9
 **********
 **********
 **    8 **FIX           10
 **********
 **********
 **    9 **FIX           11
 **********
 **********
 **   10 **FIX           12
 **********
 PARAMETER   12  IS CONSTANT.   IGNORED.
 **********
 **   11 **FIX           13
 **********
 **********
 **   12 **FIX           14
 **********
 **********
 **   13 **FIX           15
 **********
 PARAMETER   15  IS CONSTANT.   IGNORED.
 **********
 **   14 **FIX           16
 **********
 **********
 **   15 **MIGRAD
 **********
 FIRST CALL TO USER FUNCTION AT NEW START POINT, WITH IFLAG=4.
 START MIGRAD MINIMIZATION.  STRATEGY  1.  CONVERGENCE WHEN EDM .LT. 1.00e-04
 FCN=5936.72 FROM MIGRAD    STATUS=INITIATE      435 CALLS         436 TOTAL
                     EDM= unknown      STRATEGY= 1      NO ERROR MATRIX       
  EXT PARAMETER               CURRENT GUESS       STEP         FIRST   
  NO.   NAME      VALUE            ERROR          SIZE      DERIVATIVE 
   1  N0           2.88710e+06   1.00000e+02   0.00000e+00   9.13756e-02
   2  tau          6.43977e+01   constant   
   3  A0           3.56389e-01   1.00000e-04   0.00000e+00   3.55992e+05
   4  phi          4.11721e+00   1.00000e-02   0.00000e+00   4.40581e+04
   5  R           -6.10082e+01   constant   
   6  alpha_CBO    0.00000e+00     fixed    
   7  w_CBO        2.32500e+00   constant   
   8  beta_CBO     0.00000e+00     fixed    
   9  alpha_2CBO   0.00000e+00     fixed    
  10  beta_2CBO    0.00000e+00     fixed    
  11  alpha_y      0.00000e+00     fixed    
  12  w_y          1.38860e+01   constant   
  13  beta_y       0.00000e+00     fixed    
  14  alpha_vw     0.00000e+00     fixed    
  15  w_vw         1.43404e+01   constant   
  16  beta_vw      0.00000e+00     fixed    
  17  LM          -2.57919e-04   constant   
  18  zeta_y       0.00000e+00   constant   
  19  zeta_vw      0.00000e+00   constant   
  20  T_CBO        1.00000e+02   1.00000e+00   0.00000e+00   0.00000e+00
  21  alpha_A0     0.00000e+00   1.00000e-04   0.00000e+00   1.44932e+02
  22  beta_A0      0.00000e+00   1.00000e-04   0.00000e+00   4.62954e+02
  23  alpha_phi    0.00000e+00   1.00000e-04   0.00000e+00  -2.99956e+01
  24  beta_phi     0.00000e+00   1.00000e-04   0.00000e+00   2.40707e+02
 MIGRAD MINIMIZATION HAS CONVERGED.
 FCN=5283.47 FROM MIGRAD    STATUS=CONVERGED     741 CALLS         742 TOTAL
                     EDM=1.33335e-06    STRATEGY= 1  ERROR MATRIX UNCERTAINTY   0.4 per cent
  EXT PARAMETER                                   STEP         FIRST   
  NO.   NAME      VALUE            ERROR          SIZE      DERIVATIVE 
   1  N0           2.88572e+06   1.91791e+02   1.24244e-01  -4.19426e-06
   2  tau          6.43977e+01   constant   
   3  A0           3.54840e-01   8.76953e-05   5.74551e-08  -2.91925e-01
   4  phi          4.11566e+00   2.52081e-04  -7.14132e-07  -6.78248e-01
   5  R           -6.10082e+01   constant   
   6  alpha_CBO    0.00000e+00     fixed    
   7  w_CBO        2.32500e+00   constant   
   8  beta_CBO     0.00000e+00     fixed    
   9  alpha_2CBO   0.00000e+00     fixed    
  10  beta_2CBO    0.00000e+00     fixed    
  11  alpha_y      0.00000e+00     fixed    
  12  w_y          1.38860e+01   constant   
  13  beta_y       0.00000e+00     fixed    
  14  alpha_vw     0.00000e+00     fixed    
  15  w_vw         1.43404e+01   constant   
  16  beta_vw      0.00000e+00     fixed    
  17  LM          -2.57919e-04   constant   
  18  zeta_y       0.00000e+00   constant   
  19  zeta_vw      0.00000e+00   constant   
  20  T_CBO        8.35191e+01   9.26274e+00   6.68873e-05   6.66032e-02
  21  alpha_A0    -4.71772e-03   7.55213e-04   3.83703e-04  -8.28069e-03
  22  beta_A0     -1.00000e-02   1.27855e-03   2.26660e-04** at limit **
  23  alpha_phi   -2.23158e-03   6.50325e-04   7.67844e-05  -1.50354e-02
  24  beta_phi    -3.94464e-03   6.19868e-04   7.19908e-05  -1.49442e-03
 EXTERNAL ERROR MATRIX.    NDIM=  25    NPAR=  8    ERR DEF=1
  3.678e+04  1.559e-03 -7.087e-03  2.640e+02  2.570e-02  4.826e-06 -4.536e-03 -4.545e-04 
  1.559e-03  7.690e-09  1.223e-09 -5.074e-05  3.944e-09 -6.438e-14  1.065e-08 -1.424e-09 
 -7.087e-03  1.223e-09  6.354e-08  3.693e-05 -5.928e-09  3.530e-12  4.942e-09  1.079e-09 
  2.640e+02 -5.074e-05  3.693e-05  8.583e+01  2.966e-03  1.184e-06  1.120e-03  2.871e-03 
  2.570e-02  3.944e-09 -5.928e-09  2.966e-03  5.717e-07  5.344e-12  8.247e-08  8.523e-08 
  4.826e-06 -6.438e-14  3.530e-12  1.184e-06  5.344e-12  4.501e-13  3.286e-11 -1.561e-11 
 -4.536e-03  1.065e-08  4.942e-09  1.120e-03  8.247e-08  3.286e-11  4.236e-07  4.161e-08 
 -4.545e-04 -1.424e-09  1.079e-09  2.871e-03  8.523e-08 -1.561e-11  4.161e-08  3.848e-07 
 PARAMETER  CORRELATION COEFFICIENTS  
       NO.  GLOBAL      1      3      4     20     21     22     23     24
        1  0.29140   1.000  0.093 -0.147  0.149  0.177  0.038 -0.036 -0.004
        3  0.25894   0.093  1.000  0.055 -0.062  0.059 -0.001  0.187 -0.026
        4  0.17178  -0.147  0.055  1.000  0.016 -0.031  0.021  0.030  0.007
       20  0.65429   0.149 -0.062  0.016  1.000  0.423  0.190  0.186  0.500
       21  0.46186   0.177  0.059 -0.031  0.423  1.000  0.011  0.168  0.182
       22  0.26383   0.038 -0.001  0.021  0.190  0.011  1.000  0.075 -0.038
       23  0.30299  -0.036  0.187  0.030  0.186  0.168  0.075  1.000  0.103
       24  0.52494  -0.004 -0.026  0.007  0.500  0.182 -0.038  0.103  1.000
MINUIT - FIT ONLY 1-CBO + wiggle
 **********
 **   16 **RES 
 **********
                   PARAMETER   16  beta_vw RESTORED TO VARIABLE.
                   PARAMETER   14  alpha_vw RESTORED TO VARIABLE.
                   PARAMETER   13  beta_y RESTORED TO VARIABLE.
                   PARAMETER   11  alpha_y RESTORED TO VARIABLE.
                   PARAMETER   10  beta_2CBO RESTORED TO VARIABLE.
                   PARAMETER    9  alpha_2CBO RESTORED TO VARIABLE.
                   PARAMETER    8  beta_CBO RESTORED TO VARIABLE.
                   PARAMETER    6  alpha_CBO RESTORED TO VARIABLE.
 **********
 **   17 **FIX            8
 **********
 **********
 **   18 **FIX            9
 **********
 **********
 **   19 **FIX           11
 **********
 **********
 **   20 **FIX           12
 **********
 PARAMETER   12  IS CONSTANT.   IGNORED.
 **********
 **   21 **FIX           14
 **********
 **********
 **   22 **FIX           15
 **********
 PARAMETER   15  IS CONSTANT.   IGNORED.
 **********
 **   23 **FIX           16
 **********
 **********
 **   24 **MIGRAD
 **********
 START MIGRAD MINIMIZATION.  STRATEGY  1.  CONVERGENCE WHEN EDM .LT. 1.00e-04
 FCN=5283.47 FROM MIGRAD    STATUS=INITIATE       28 CALLS         770 TOTAL
                     EDM= unknown      STRATEGY= 1      NO ERROR MATRIX       
  EXT PARAMETER               CURRENT GUESS       STEP         FIRST   
  NO.   NAME      VALUE            ERROR          SIZE      DERIVATIVE 
   1  N0           2.88572e+06   1.91791e+02   1.24244e-01  -4.15022e-06
   2  tau          6.43977e+01   constant   
   3  A0           3.54840e-01   8.76953e-05   5.74551e-08  -3.22851e-01
   4  phi          4.11566e+00   2.52081e-04  -7.14132e-07  -6.83772e-01
   5  R           -6.10082e+01   constant   
   6  alpha_CBO    0.00000e+00   1.00000e-03   1.00000e-03   7.81931e+05
   7  w_CBO        2.32500e+00   constant   
   8  beta_CBO     0.00000e+00     fixed    
   9  alpha_2CBO   0.00000e+00     fixed    
  10  beta_2CBO    0.00000e+00   1.00000e-03   1.00000e-03   7.85675e+04
  11  alpha_y      0.00000e+00     fixed    
  12  w_y          1.38860e+01   constant   
  13  beta_y       0.00000e+00   1.00000e-03   1.00000e-03  -1.35685e+05
  14  alpha_vw     0.00000e+00     fixed    
  15  w_vw         1.43404e+01   constant   
  16  beta_vw      0.00000e+00     fixed    
  17  LM          -2.57919e-04   constant   
  18  zeta_y       0.00000e+00   constant   
  19  zeta_vw      0.00000e+00   constant   
  20  T_CBO        8.35191e+01   9.26274e+00   6.68873e-05   6.48975e-02
  21  alpha_A0    -4.71772e-03   7.55213e-04   3.83703e-04  -8.29693e-03
  22  beta_A0     -9.99998e-03   1.27855e-03   2.26660e-04   1.53470e-02
  23  alpha_phi   -2.23158e-03   6.50325e-04   7.67844e-05  -1.50708e-02
  24  beta_phi    -3.94464e-03   6.19868e-04   7.19908e-05  -1.50264e-03
 MIGRAD MINIMIZATION HAS CONVERGED.
 FCN=3796.2 FROM MIGRAD    STATUS=CONVERGED     198 CALLS         940 TOTAL
                     EDM=4.7073e-06    STRATEGY= 1  ERROR MATRIX UNCERTAINTY   1.8 per cent
  EXT PARAMETER                                   STEP         FIRST   
  NO.   NAME      VALUE            ERROR          SIZE      DERIVATIVE 
   1  N0           2.88590e+06   1.99689e+02   1.46377e-01   1.10105e-06
   2  tau          6.43977e+01   constant   
   3  A0           3.55272e-01   8.46193e-05   4.36998e-07   2.77485e+01
   4  phi          4.11445e+00   2.55005e-04  -4.18512e-07   9.92221e-01
   5  R           -6.10082e+01   constant   
   6  alpha_CBO   -3.69014e-03   9.73215e-05   6.10745e-08   2.38982e+00
   7  w_CBO        2.32500e+00   constant   
   8  beta_CBO     0.00000e+00     fixed    
   9  alpha_2CBO   0.00000e+00     fixed    
  10  beta_2CBO   -7.64376e-05   9.28602e-05  -5.99466e-07   2.16062e+00
  11  alpha_y      0.00000e+00     fixed    
  12  w_y          1.38860e+01   constant   
  13  beta_y       6.12220e-04   9.27490e-05  -2.05329e-07   4.70850e+00
  14  alpha_vw     0.00000e+00     fixed    
  15  w_vw         1.43404e+01   constant   
  16  beta_vw      0.00000e+00     fixed    
  17  LM          -2.57919e-04   constant   
  18  zeta_y       0.00000e+00   constant   
  19  zeta_vw      0.00000e+00   constant   
  20  T_CBO        7.51831e+01   7.36989e+00   1.68536e-04  -7.68134e-02
  21  alpha_A0    -1.16984e-03   7.34883e-04  -3.29724e-04  -1.64361e-02
  22  beta_A0     -1.00000e-02   1.23659e-03   9.34486e-06** at limit **
  23  alpha_phi   -4.80594e-03   8.61538e-04   5.47931e-04   1.37814e-02
  24  beta_phi    -3.82522e-03   6.64080e-04   3.17776e-04  -3.11447e-02
 EXTERNAL ERROR MATRIX.    NDIM=  25    NPAR= 11    ERR DEF=1
  3.988e+04 
  1.385e-03  7.160e-09 
 -8.797e-03  9.600e-10  6.503e-08 
 -3.486e-04 -1.033e-09  3.082e-09  9.471e-09 
 -1.783e-04 -1.044e-10 -1.244e-09 -6.957e-10  8.623e-09 
 -4.385e-05  2.095e-10  7.431e-11 -7.586e-11  1.784e-11  8.602e-09 
  2.815e+02  4.881e-05 -1.239e-04  2.934e-05 -7.778e-05 -3.234e-06  5.433e+01 
  1.616e-02  4.960e-09 -2.238e-09 -8.365e-09 -6.633e-09  3.183e-10  6.220e-04  5.410e-07 
 -3.513e-09  5.068e-16 -8.335e-16  3.229e-17 -8.736e-16 -1.145e-15  4.577e-11 -1.581e-14  2.238e-15 
 -4.456e-03  1.371e-08  1.219e-08  8.585e-09 -1.478e-08  1.153e-09  2.651e-03  1.100e-07 -2.242e-14  7.446e-07 
 -1.272e-02  6.934e-09  9.775e-09  9.072e-10 -7.717e-09 -9.661e-10  1.295e-03  1.152e-08  7.317e-15  9.548e-08  4.418e-07 
 PARAMETER  CORRELATION COEFFICIENTS  
       NO.  GLOBAL      1      3      4      6     10     13     20     21     22     23     24
        1  0.33571   1.000  0.082 -0.173 -0.018 -0.010 -0.002  0.191  0.110 -0.000 -0.026 -0.096
        3  0.28510   0.082  1.000  0.044 -0.125 -0.013  0.027  0.078  0.080  0.000  0.188  0.123
        4  0.24024  -0.173  0.044  1.000  0.124 -0.053  0.003 -0.066 -0.012 -0.000  0.055  0.058
        6  0.26127  -0.018 -0.125  0.124  1.000 -0.077 -0.008  0.041 -0.117  0.000  0.102  0.014
       10  0.23406  -0.010 -0.013 -0.053 -0.077  1.000  0.002 -0.114 -0.097 -0.000 -0.184 -0.125
       13  0.03683  -0.002  0.027  0.003 -0.008  0.002  1.000 -0.005  0.005 -0.000  0.014 -0.016
       20  0.51757   0.191  0.078 -0.066  0.041 -0.114 -0.005  1.000  0.115  0.000  0.417  0.264
       21  0.25937   0.110  0.080 -0.012 -0.117 -0.097  0.005  0.115  1.000 -0.000  0.173  0.024
       22  0.00104  -0.000  0.000 -0.000  0.000 -0.000 -0.000  0.000 -0.000  1.000 -0.001  0.000
       23  0.50687  -0.026  0.188  0.055  0.102 -0.184  0.014  0.417  0.173 -0.001  1.000  0.166
       24  0.34020  -0.096  0.123  0.058  0.014 -0.125 -0.016  0.264  0.024  0.000  0.166  1.000
MINUIT - FIT ONLY 2-CBO
 **********
 **   25 **RES 
 **********
                   PARAMETER   16  beta_vw RESTORED TO VARIABLE.
                   PARAMETER   14  alpha_vw RESTORED TO VARIABLE.
                   PARAMETER   11  alpha_y RESTORED TO VARIABLE.
                   PARAMETER    9  alpha_2CBO RESTORED TO VARIABLE.
                   PARAMETER    8  beta_CBO RESTORED TO VARIABLE.
 **********
 **   26 **FIX            0
 **********
 PARAMETER    0  IS UNDEFINED. IGNORED.
 **********
 **   27 **FIX            1
 **********
 **********
 **   28 **FIX            2
 **********
 PARAMETER    2  IS CONSTANT.   IGNORED.
 **********
 **   29 **FIX            3
 **********
 **********
 **   30 **FIX            4
 **********
 **********
 **   31 **FIX            5
 **********
 PARAMETER    5  IS CONSTANT.   IGNORED.
 **********
 **   32 **FIX            6
 **********
 **********
 **   33 **FIX            7
 **********
 PARAMETER    7  IS CONSTANT.   IGNORED.
 **********
 **   34 **FIX           10
 **********
 **********
 **   35 **FIX           11
 **********
 **********
 **   36 **FIX           12
 **********
 PARAMETER   12  IS CONSTANT.   IGNORED.
 **********
 **   37 **FIX           13
 **********
 **********
 **   38 **FIX           14
 **********
 **********
 **   39 **FIX           15
 **********
 PARAMETER   15  IS CONSTANT.   IGNORED.
 **********
 **   40 **FIX           16
 **********
 **********
 **   41 **MIGRAD
 **********
 START MIGRAD MINIMIZATION.  STRATEGY  1.  CONVERGENCE WHEN EDM .LT. 1.00e-04
 FCN=3796.2 FROM MIGRAD    STATUS=INITIATE       18 CALLS         958 TOTAL
                     EDM= unknown      STRATEGY= 1      NO ERROR MATRIX       
  EXT PARAMETER               CURRENT GUESS       STEP         FIRST   
  NO.   NAME      VALUE            ERROR          SIZE      DERIVATIVE 
   1  N0           2.88590e+06     fixed    
   2  tau          6.43977e+01   constant   
   3  A0           3.55272e-01     fixed    
   4  phi          4.11445e+00     fixed    
   5  R           -6.10082e+01   constant   
   6  alpha_CBO   -3.69014e-03     fixed    
   7  w_CBO        2.32500e+00   constant   
   8  beta_CBO     0.00000e+00   1.00000e-03   1.00000e-03   1.20866e+06
   9  alpha_2CBO   0.00000e+00   1.00000e-03   1.00000e-03  -1.31620e+04
  10  beta_2CBO   -7.64376e-05     fixed    
  11  alpha_y      0.00000e+00     fixed    
  12  w_y          1.38860e+01   constant   
  13  beta_y       6.12220e-04     fixed    
  14  alpha_vw     0.00000e+00     fixed    
  15  w_vw         1.43404e+01   constant   
  16  beta_vw      0.00000e+00     fixed    
  17  LM          -2.57919e-04   constant   
  18  zeta_y       0.00000e+00   constant   
  19  zeta_vw      0.00000e+00   constant   
  20  T_CBO        7.51831e+01   7.36989e+00   1.68536e-04  -7.85218e-02
  21  alpha_A0    -1.16984e-03   7.34883e-04  -3.29724e-04  -1.64513e-02
  22  beta_A0     -9.99998e-03   1.23659e-03   9.34486e-06   1.10301e-02
  23  alpha_phi   -4.80594e-03   8.61538e-04   5.47931e-04   1.37532e-02
  24  beta_phi    -3.82522e-03   6.64080e-04   3.17776e-04  -3.11514e-02
 MIGRAD MINIMIZATION HAS CONVERGED.
 MIGRAD WILL VERIFY CONVERGENCE AND ERROR MATRIX.
 COVARIANCE MATRIX CALCULATED SUCCESSFULLY
 FCN=568.403 FROM MIGRAD    STATUS=CONVERGED     401 CALLS        1341 TOTAL
                     EDM=6.34946e-07    STRATEGY= 1      ERROR MATRIX ACCURATE 
  EXT PARAMETER                                   STEP         FIRST   
  NO.   NAME      VALUE            ERROR          SIZE      DERIVATIVE 
   1  N0           2.88590e+06     fixed    
   2  tau          6.43977e+01   constant   
   3  A0           3.55272e-01     fixed    
   4  phi          4.11445e+00     fixed    
   5  R           -6.10082e+01   constant   
   6  alpha_CBO   -3.69014e-03     fixed    
   7  w_CBO        2.32500e+00   constant   
   8  beta_CBO    -5.34193e-03   9.40354e-05   1.06522e-06  -6.03777e+00
   9  alpha_2CBO  -1.26733e-04   9.55111e-05   1.08563e-06  -4.11772e+00
  10  beta_2CBO   -7.64376e-05     fixed    
  11  alpha_y      0.00000e+00     fixed    
  12  w_y          1.38860e+01   constant   
  13  beta_y       6.12220e-04     fixed    
  14  alpha_vw     0.00000e+00     fixed    
  15  w_vw         1.43404e+01   constant   
  16  beta_vw      0.00000e+00     fixed    
  17  LM          -2.57919e-04   constant   
  18  zeta_y       0.00000e+00   constant   
  19  zeta_vw      0.00000e+00   constant   
  20  T_CBO        7.53457e+01   6.98912e+00   2.78250e-04  -1.21915e-02
  21  alpha_A0     4.07654e-05   7.36580e-04   8.47348e-04   1.12689e-02
  22  beta_A0     -2.79908e-03   7.84358e-04   9.04431e-04  -5.60458e-04
  23  alpha_phi   -3.12170e-03   8.13616e-04   9.29659e-04   1.76246e-03
  24  beta_phi    -1.00000e-02   1.48159e-03   6.39722e-03** at limit **
 EXTERNAL ERROR MATRIX.    NDIM=  25    NPAR=  7    ERR DEF=1
  8.843e-09  3.138e-10 -1.045e-04 -1.638e-09 -1.480e-08 -6.043e-09  3.897e-15 
  3.138e-10  9.122e-09 -9.535e-05  7.211e-09  4.009e-09 -1.031e-08 -3.873e-16 
 -1.045e-04 -9.535e-05  4.886e+01 -3.491e-04  1.368e-03  1.922e-03  6.318e-08 
 -1.638e-09  7.211e-09 -3.491e-04  5.435e-07  1.278e-08  4.385e-08 -1.767e-13 
 -1.480e-08  4.009e-09  1.368e-03  1.278e-08  6.166e-07  7.871e-08  1.729e-12 
 -6.043e-09 -1.031e-08  1.922e-03  4.385e-08  7.871e-08  6.636e-07  1.924e-12 
  3.897e-15 -3.873e-16  6.318e-08 -1.767e-13  1.729e-12  1.924e-12  1.255e-13 
 PARAMETER  CORRELATION COEFFICIENTS  
       NO.  GLOBAL      8      9     20     21     22     23     24
        8  0.23404   1.000  0.035 -0.159 -0.024 -0.200 -0.079  0.000
        9  0.21978   0.035  1.000 -0.143  0.102  0.053 -0.133 -0.000
       20  0.43187  -0.159 -0.143  1.000 -0.068  0.249  0.338  0.026
       21  0.16482  -0.024  0.102 -0.068  1.000  0.022  0.073 -0.001
       22  0.31552  -0.200  0.053  0.249  0.022  1.000  0.123  0.006
       23  0.36650  -0.079 -0.133  0.338  0.073  0.123  1.000  0.007
       24  0.02619   0.000 -0.000  0.026 -0.001  0.006  0.007  1.000
MINUIT - FIT wiggle + 1-CBO + 2-CBO
 **********
 **   42 **RES 
 **********
                   PARAMETER   16  beta_vw RESTORED TO VARIABLE.
                   PARAMETER   14  alpha_vw RESTORED TO VARIABLE.
                   PARAMETER   13  beta_y RESTORED TO VARIABLE.
                   PARAMETER   11  alpha_y RESTORED TO VARIABLE.
                   PARAMETER   10  beta_2CBO RESTORED TO VARIABLE.
                   PARAMETER    6  alpha_CBO RESTORED TO VARIABLE.
                   PARAMETER    4  phi RESTORED TO VARIABLE.
                   PARAMETER    3  A0 RESTORED TO VARIABLE.
                   PARAMETER    1  N0 RESTORED TO VARIABLE.
 **********
 **   43 **FIX           10
 **********
 **********
 **   44 **FIX           11
 **********
 **********
 **   45 **FIX           12
 **********
 PARAMETER   12  IS CONSTANT.   IGNORED.
 **********
 **   46 **FIX           13
 **********
 **********
 **   47 **FIX           14
 **********
 **********
 **   48 **FIX           15
 **********
 PARAMETER   15  IS CONSTANT.   IGNORED.
 **********
 **   49 **FIX           16
 **********
 **********
 **   50 **MIGRAD
 **********
 START MIGRAD MINIMIZATION.  STRATEGY  1.  CONVERGENCE WHEN EDM .LT. 1.00e-04
 FCN=568.403 FROM MIGRAD    STATUS=INITIATE       22 CALLS        1363 TOTAL
                     EDM= unknown      STRATEGY= 1      NO ERROR MATRIX       
  EXT PARAMETER               CURRENT GUESS       STEP         FIRST   
  NO.   NAME      VALUE            ERROR          SIZE      DERIVATIVE 
   1  N0           2.88590e+06   1.99689e+02   1.99689e+02  -4.25847e-02
   2  tau          6.43977e+01   constant   
   3  A0           3.55272e-01   8.46193e-05   8.46193e-05  -2.59288e+05
   4  phi          4.11445e+00   2.55005e-04   2.55005e-04  -6.76773e+04
   5  R           -6.10082e+01   constant   
   6  alpha_CBO   -3.69014e-03   9.73215e-05   9.73215e-05  -3.01997e+04
   7  w_CBO        2.32500e+00   constant   
   8  beta_CBO    -5.34193e-03   9.40354e-05   1.06522e-06  -6.13419e+00
   9  alpha_2CBO  -1.26733e-04   9.55111e-05   1.08563e-06  -4.19242e+00
  10  beta_2CBO   -7.64376e-05     fixed    
  11  alpha_y      0.00000e+00     fixed    
  12  w_y          1.38860e+01   constant   
  13  beta_y       6.12220e-04     fixed    
  14  alpha_vw     0.00000e+00     fixed    
  15  w_vw         1.43404e+01   constant   
  16  beta_vw      0.00000e+00     fixed    
  17  LM          -2.57919e-04   constant   
  18  zeta_y       0.00000e+00   constant   
  19  zeta_vw      0.00000e+00   constant   
  20  T_CBO        7.53457e+01   6.98912e+00   2.78250e-04  -1.47392e-02
  21  alpha_A0     4.07654e-05   7.36580e-04   8.47348e-04   1.12379e-02
  22  beta_A0     -2.79908e-03   7.84358e-04   9.04431e-04  -5.60200e-04
  23  alpha_phi   -3.12170e-03   8.13616e-04   9.29659e-04   1.85186e-03
  24  beta_phi    -9.99998e-03   1.48159e-03   6.39722e-03   1.28713e-02
 MIGRAD MINIMIZATION HAS CONVERGED.
 FCN=318.233 FROM MIGRAD    STATUS=CONVERGED     194 CALLS        1535 TOTAL
                     EDM=1.76498e-06    STRATEGY= 1  ERROR MATRIX UNCERTAINTY   1.1 per cent
  EXT PARAMETER                                   STEP         FIRST   
  NO.   NAME      VALUE            ERROR          SIZE      DERIVATIVE 
   1  N0           2.88676e+06   1.74795e+02   8.28497e-02   3.74977e-07
   2  tau          6.43977e+01   constant   
   3  A0           3.56438e-01   9.09680e-05  -1.15311e-07  -4.33164e+00
   4  phi          4.11678e+00   2.43507e-04   1.13284e-07   5.89256e-01
   5  R           -6.10082e+01   constant   
   6  alpha_CBO   -3.58251e-03   9.48392e-05   3.42408e-07  -1.06098e+00
   7  w_CBO        2.32500e+00   constant   
   8  beta_CBO    -5.75937e-03   9.73749e-05   1.61144e-07  -1.20743e+01
   9  alpha_2CBO  -1.73276e-04   9.01274e-05  -2.25094e-07   2.93587e+00
  10  beta_2CBO   -7.64376e-05     fixed    
  11  alpha_y      0.00000e+00     fixed    
  12  w_y          1.38860e+01   constant   
  13  beta_y       6.12220e-04     fixed    
  14  alpha_vw     0.00000e+00     fixed    
  15  w_vw         1.43404e+01   constant   
  16  beta_vw      0.00000e+00     fixed    
  17  LM          -2.57919e-04   constant   
  18  zeta_y       0.00000e+00   constant   
  19  zeta_vw      0.00000e+00   constant   
  20  T_CBO        8.40737e+01   7.74034e+00   6.02986e-05  -4.30234e-02
  21  alpha_A0     1.01642e-03   6.85903e-04   1.27594e-05   2.06219e-02
  22  beta_A0     -1.77738e-03   7.04596e-04   2.74243e-05   2.11586e-02
  23  alpha_phi   -5.96677e-04   7.34794e-04  -1.25179e-04  -7.99488e-03
  24  beta_phi    -1.00000e-02   1.35790e-03  -1.56324e-05** at limit **
 EXTERNAL ERROR MATRIX.    NDIM=  25    NPAR= 11    ERR DEF=1
  3.055e+04 
  1.345e-03  8.275e-09 
  1.922e-04  2.254e-09  5.930e-08 
  1.036e-03 -6.782e-10  1.350e-09  8.994e-09 
 -1.229e-03 -2.054e-09 -3.712e-09 -2.228e-10  9.482e-09 
  4.401e-05 -2.932e-10 -1.537e-10 -5.001e-11  3.979e-10  8.123e-09 
  1.165e+02  5.607e-06  1.313e-04  7.287e-05 -1.372e-04 -6.996e-05  5.993e+01 
  5.979e-03  6.201e-09  3.359e-09 -8.222e-09 -2.542e-09  2.148e-09 -7.764e-04  4.712e-07 
 -4.917e-03  9.714e-09 -8.554e-10 -4.954e-09 -1.421e-08 -1.204e-09  1.434e-03 -1.322e-08  4.973e-07 
 -5.778e-03  1.601e-08  9.769e-09  5.359e-09 -8.174e-09 -5.404e-09  7.962e-04  5.750e-08  7.175e-08  5.409e-07 
 -1.357e-08  7.572e-14 -1.099e-13 -2.783e-13 -5.404e-14  1.509e-13 -1.816e-08 -2.237e-13 -2.870e-13  9.001e-13  5.122e-13 
 PARAMETER  CORRELATION COEFFICIENTS  
       NO.  GLOBAL      1      3      4      6      8      9     20     21     22     23     24
        1  0.19461   1.000  0.085  0.005  0.062 -0.072  0.003  0.086  0.050 -0.040 -0.045 -0.000
        3  0.36927   0.085  1.000  0.102 -0.079 -0.232 -0.036  0.008  0.099  0.151  0.239  0.001
        4  0.19540   0.005  0.102  1.000  0.058 -0.157 -0.007  0.070  0.020 -0.005  0.055 -0.001
        6  0.23680   0.062 -0.079  0.058  1.000 -0.024 -0.006  0.099 -0.126 -0.074  0.077 -0.004
        8  0.35372  -0.072 -0.232 -0.157 -0.024  1.000  0.045 -0.182 -0.038 -0.207 -0.114 -0.001
        9  0.13102   0.003 -0.036 -0.007 -0.006  0.045  1.000 -0.100  0.035 -0.019 -0.082  0.002
       20  0.38595   0.086  0.008  0.070  0.099 -0.182 -0.100  1.000 -0.146  0.263  0.140 -0.003
       21  0.25801   0.050  0.099  0.020 -0.126 -0.038  0.035 -0.146  1.000 -0.027  0.114 -0.000
       22  0.36144  -0.040  0.151 -0.005 -0.074 -0.207 -0.019  0.263 -0.027  1.000  0.138 -0.001
       23  0.34031  -0.045  0.239  0.055  0.077 -0.114 -0.082  0.140  0.114  0.138  1.000  0.002
       24  0.00649  -0.000  0.001 -0.001 -0.004 -0.001  0.002 -0.003 -0.000 -0.001  0.002  1.000
MINUIT - FIT ONLY 1-y
 **********
 **   51 **RES 
 **********
                   PARAMETER   16  beta_vw RESTORED TO VARIABLE.
                   PARAMETER   14  alpha_vw RESTORED TO VARIABLE.
                   PARAMETER   13  beta_y RESTORED TO VARIABLE.
                   PARAMETER   11  alpha_y RESTORED TO VARIABLE.
                   PARAMETER   10  beta_2CBO RESTORED TO VARIABLE.
 **********
 **   52 **FIX            0
 **********
 PARAMETER    0  IS UNDEFINED. IGNORED.
 **********
 **   53 **FIX            1
 **********
 **********
 **   54 **FIX            2
 **********
 PARAMETER    2  IS CONSTANT.   IGNORED.
 **********
 **   55 **FIX            3
 **********
 **********
 **   56 **FIX            4
 **********
 **********
 **   57 **FIX            5
 **********
 PARAMETER    5  IS CONSTANT.   IGNORED.
 **********
 **   58 **FIX            6
 **********
 **********
 **   59 **FIX            7
 **********
 PARAMETER    7  IS CONSTANT.   IGNORED.
 **********
 **   60 **FIX            8
 **********
 **********
 **   61 **FIX            9
 **********
 **********
 **   62 **FIX           13
 **********
 **********
 **   63 **FIX           14
 **********
 **********
 **   64 **FIX           15
 **********
 PARAMETER   15  IS CONSTANT.   IGNORED.
 **********
 **   65 **FIX           16
 **********
 **********
 **   66 **MIGRAD
 **********
 START MIGRAD MINIMIZATION.  STRATEGY  1.  CONVERGENCE WHEN EDM .LT. 1.00e-04
 FCN=318.232 FROM MIGRAD    STATUS=INITIATE       40 CALLS        1575 TOTAL
                     EDM= unknown      STRATEGY= 1      NO ERROR MATRIX       
  EXT PARAMETER               CURRENT GUESS       STEP         FIRST   
  NO.   NAME      VALUE            ERROR          SIZE      DERIVATIVE 
   1  N0           2.88676e+06     fixed    
   2  tau          6.43977e+01   constant   
   3  A0           3.56438e-01     fixed    
   4  phi          4.11678e+00     fixed    
   5  R           -6.10082e+01   constant   
   6  alpha_CBO   -3.58251e-03     fixed    
   7  w_CBO        2.32500e+00   constant   
   8  beta_CBO    -5.75937e-03     fixed    
   9  alpha_2CBO  -1.73276e-04     fixed    
  10  beta_2CBO   -7.64376e-05   9.28602e-05   0.00000e+00   9.62310e+03
  11  alpha_y      0.00000e+00   1.00000e-03   0.00000e+00  -8.59473e+04
  12  w_y          1.38860e+01   constant   
  13  beta_y       6.12220e-04     fixed    
  14  alpha_vw     0.00000e+00     fixed    
  15  w_vw         1.43404e+01   constant   
  16  beta_vw      0.00000e+00     fixed    
  17  LM          -2.57919e-04   constant   
  18  zeta_y       0.00000e+00   constant   
  19  zeta_vw      0.00000e+00   constant   
  20  T_CBO        8.40737e+01   7.74034e+00   0.00000e+00  -2.12410e+00
  21  alpha_A0     1.01642e-03   6.85903e-04   0.00000e+00  -1.46536e-02
  22  beta_A0     -1.77738e-03   7.04596e-04   0.00000e+00   1.26540e-02
  23  alpha_phi   -5.96677e-04   7.34794e-04   0.00000e+00   4.65317e-02
  24  beta_phi    -9.98167e-03   1.35790e-03   5.86025e-02  -8.56222e-04
 CALL LIMIT EXCEEDED IN MIGRAD.
 MIGRAD TERMINATED WITHOUT CONVERGENCE.
 FCN=301.829 FROM MIGRAD    STATUS=CALL LIMIT   1159 CALLS        2694 TOTAL
                     EDM=2.1598e-05    STRATEGY= 1  ERROR MATRIX UNCERTAINTY  14.2 per cent
  EXT PARAMETER                APPROXIMATE        STEP         FIRST   
  NO.   NAME      VALUE            ERROR          SIZE      DERIVATIVE 
   1  N0           2.88676e+06     fixed    
   2  tau          6.43977e+01   constant   
   3  A0           3.56438e-01     fixed    
   4  phi          4.11678e+00     fixed    
   5  R           -6.10082e+01   constant   
   6  alpha_CBO   -3.58251e-03     fixed    
   7  w_CBO        2.32500e+00   constant   
   8  beta_CBO    -5.75937e-03     fixed    
   9  alpha_2CBO  -1.73276e-04     fixed    
  10  beta_2CBO   -1.23765e-04   8.50210e-05  -1.32907e-08   4.45623e+01
  11  alpha_y      3.68709e-04   8.32850e-05   3.34432e-08  -5.17415e+01
  12  w_y          1.38860e+01   constant   
  13  beta_y       6.12220e-04     fixed    
  14  alpha_vw     0.00000e+00     fixed    
  15  w_vw         1.43404e+01   constant   
  16  beta_vw      0.00000e+00     fixed    
  17  LM          -2.57919e-04   constant   
  18  zeta_y       0.00000e+00   constant   
  19  zeta_vw      0.00000e+00   constant   
  20  T_CBO        9.94033e+02   9.67798e+02   4.59461e-02  -8.19820e-04
  21  alpha_A0     5.45061e-04   3.71086e-04  -2.60827e-05   9.69342e-02
  22  beta_A0     -1.00009e-03   4.20312e-04   3.14547e-05   1.87575e-02
  23  alpha_phi   -3.58069e-04   3.66688e-04   1.48541e-05  -9.41215e-02
  24  beta_phi    -5.37396e-03   8.12776e-04   2.15411e-04   1.35421e-01
 EXTERNAL ERROR MATRIX.    NDIM=  25    NPAR=  7    ERR DEF=1
  7.229e-09  9.839e-10 -2.005e-03 -7.761e-09  2.268e-09  1.365e-10 -6.070e-09 
  9.839e-10  6.936e-09  8.144e-03  3.247e-09  1.465e-10 -6.166e-09  5.115e-09 
 -2.005e-03  8.144e-03  2.956e+06 -1.524e-01  2.398e-01  8.288e-02  1.355e+00 
 -7.761e-09  3.247e-09 -1.524e-01  1.378e-07 -1.518e-08  3.722e-08 -6.059e-08 
  2.268e-09  1.465e-10  2.398e-01 -1.518e-08  1.768e-07  1.271e-08  9.643e-08 
  1.365e-10 -6.166e-09  8.288e-02  3.722e-08  1.271e-08  1.345e-07  4.186e-08 
 -6.070e-09  5.115e-09  1.355e+00 -6.059e-08  9.643e-08  4.186e-08  6.627e-07 
ERR MATRIX APPROXIMATE
 PARAMETER  CORRELATION COEFFICIENTS  
       NO.  GLOBAL     10     11     20     21     22     23     24
       10  0.44386   1.000  0.139 -0.014 -0.246  0.063  0.004 -0.088
       11  0.38230   0.139  1.000  0.057  0.105  0.004 -0.202  0.075
       20  0.97286  -0.014  0.057  1.000 -0.239  0.332  0.131  0.968
       21  0.51595  -0.246  0.105 -0.239  1.000 -0.097  0.273 -0.201
       22  0.37094   0.063  0.004  0.332 -0.097  1.000  0.082  0.282
       23  0.45191   0.004 -0.202  0.131  0.273  0.082  1.000  0.140
       24  0.97232  -0.088  0.075  0.968 -0.201  0.282  0.140  1.000
 ERR MATRIX APPROXIMATE
MINUIT - FIT ONLY 2-y
 **********
 **   67 **RES 
 **********
                   PARAMETER   16  beta_vw RESTORED TO VARIABLE.
                   PARAMETER   14  alpha_vw RESTORED TO VARIABLE.
                   PARAMETER   13  beta_y RESTORED TO VARIABLE.
                   PARAMETER    9  alpha_2CBO RESTORED TO VARIABLE.
                   PARAMETER    8  beta_CBO RESTORED TO VARIABLE.
                   PARAMETER    6  alpha_CBO RESTORED TO VARIABLE.
                   PARAMETER    4  phi RESTORED TO VARIABLE.
                   PARAMETER    3  A0 RESTORED TO VARIABLE.
                   PARAMETER    1  N0 RESTORED TO VARIABLE.
 **********
 **   68 **FIX            0
 **********
 PARAMETER    0  IS UNDEFINED. IGNORED.
 **********
 **   69 **FIX            1
 **********
 **********
 **   70 **FIX            2
 **********
 PARAMETER    2  IS CONSTANT.   IGNORED.
 **********
 **   71 **FIX            3
 **********
 **********
 **   72 **FIX            4
 **********
 **********
 **   73 **FIX            5
 **********
 PARAMETER    5  IS CONSTANT.   IGNORED.
 **********
 **   74 **FIX            6
 **********
 **********
 **   75 **FIX            7
 **********
 PARAMETER    7  IS CONSTANT.   IGNORED.
 **********
 **   76 **FIX            8
 **********
 **********
 **   77 **FIX            9
 **********
 **********
 **   78 **FIX           10
 **********
 **********
 **   79 **FIX           11
 **********
 **********
 **   80 **FIX           12
 **********
 PARAMETER   12  IS CONSTANT.   IGNORED.
 **********
 **   81 **FIX           16
 **********
 **********
 **   82 **MIGRAD
 **********
 START MIGRAD MINIMIZATION.  STRATEGY  1.  CONVERGENCE WHEN EDM .LT. 1.00e-04
 FCN=301.829 FROM MIGRAD    STATUS=INITIATE       16 CALLS        2710 TOTAL
                     EDM= unknown      STRATEGY= 1      NO ERROR MATRIX       
  EXT PARAMETER               CURRENT GUESS       STEP         FIRST   
  NO.   NAME      VALUE            ERROR          SIZE      DERIVATIVE 
   1  N0           2.88676e+06     fixed    
   2  tau          6.43977e+01   constant   
   3  A0           3.56438e-01     fixed    
   4  phi          4.11678e+00     fixed    
   5  R           -6.10082e+01   constant   
   6  alpha_CBO   -3.58251e-03     fixed    
   7  w_CBO        2.32500e+00   constant   
   8  beta_CBO    -5.75937e-03     fixed    
   9  alpha_2CBO  -1.73276e-04     fixed    
  10  beta_2CBO   -1.23765e-04     fixed    
  11  alpha_y      3.68709e-04     fixed    
  12  w_y          1.38860e+01   constant   
  13  beta_y       6.12220e-04   9.27490e-05   9.27490e-05  -3.35640e+02
  14  alpha_vw     0.00000e+00   1.00000e-03   1.00000e-03  -2.18172e+05
  15  w_vw         1.43404e+01   constant   
  16  beta_vw      0.00000e+00     fixed    
  17  LM          -2.57919e-04   constant   
  18  zeta_y       0.00000e+00   constant   
  19  zeta_vw      0.00000e+00   constant   
  20  T_CBO        9.94033e+02   9.67798e+02   4.59461e-02  -9.08340e-04
  21  alpha_A0     5.45061e-04   3.71086e-04  -2.60827e-05   9.69341e-02
  22  beta_A0     -1.00009e-03   4.20312e-04   3.14547e-05   1.87575e-02
  23  alpha_phi   -3.58069e-04   3.66688e-04   1.48541e-05  -9.41216e-02
  24  beta_phi    -5.37396e-03   8.12776e-04   2.15411e-04   1.35421e-01
 MIGRAD MINIMIZATION HAS CONVERGED.
 MIGRAD WILL VERIFY CONVERGENCE AND ERROR MATRIX.
 COVARIANCE MATRIX CALCULATED SUCCESSFULLY
 FCN=196.77 FROM MIGRAD    STATUS=CONVERGED     140 CALLS        2834 TOTAL
                     EDM=5.87411e-06    STRATEGY= 1      ERROR MATRIX ACCURATE 
  EXT PARAMETER                                   STEP         FIRST   
  NO.   NAME      VALUE            ERROR          SIZE      DERIVATIVE 
   1  N0           2.88676e+06     fixed    
   2  tau          6.43977e+01   constant   
   3  A0           3.56438e-01     fixed    
   4  phi          4.11678e+00     fixed    
   5  R           -6.10082e+01   constant   
   6  alpha_CBO   -3.58251e-03     fixed    
   7  w_CBO        2.32500e+00   constant   
   8  beta_CBO    -5.75937e-03     fixed    
   9  alpha_2CBO  -1.73276e-04     fixed    
  10  beta_2CBO   -1.23765e-04     fixed    
  11  alpha_y      3.68709e-04     fixed    
  12  w_y          1.38860e+01   constant   
  13  beta_y       7.71592e-04   9.41154e-05   6.37325e-07  -2.46460e+00
  14  alpha_vw     9.62839e-04   9.39372e-05   6.36326e-07   7.73284e-02
  15  w_vw         1.43404e+01   constant   
  16  beta_vw      0.00000e+00     fixed    
  17  LM          -2.57919e-04   constant   
  18  zeta_y       0.00000e+00   constant   
  19  zeta_vw      0.00000e+00   constant   
  20  T_CBO        9.99928e+02   7.06945e+02   5.73543e-02  -9.56363e-06
  21  alpha_A0     5.53521e-04   3.65097e-04   2.49570e-04  -6.34892e-02
  22  beta_A0     -1.01078e-03   3.74887e-04   2.58425e-04  -4.73703e-02
  23  alpha_phi   -3.33204e-04   3.83855e-04   2.61615e-04  -2.41364e-02
  24  beta_phi    -5.37255e-03   3.38535e-04   2.74731e-04  -2.80067e-02
 EXTERNAL ERROR MATRIX.    NDIM=  25    NPAR=  7    ERR DEF=1
  8.858e-09  1.447e-09 -4.053e-08 -3.892e-11 -8.001e-11  6.409e-10 -6.489e-10 
  1.447e-09  8.824e-09  5.316e-09  9.280e-11 -1.008e-10  2.184e-10  3.240e-12 
 -4.053e-08  5.316e-09  1.444e+02  1.214e-05 -2.150e-05 -6.345e-06 -1.185e-04 
 -3.892e-11  9.280e-11  1.214e-05  1.334e-07  3.149e-09  1.456e-08  5.078e-09 
 -8.001e-11 -1.008e-10 -2.150e-05  3.149e-09  1.406e-07  7.948e-09  2.366e-09 
  6.409e-10  2.184e-10 -6.345e-06  1.456e-08  7.948e-09  1.474e-07 -6.978e-09 
 -6.489e-10  3.240e-12 -1.185e-04  5.078e-09  2.366e-09 -6.978e-09  1.147e-07 
 PARAMETER  CORRELATION COEFFICIENTS  
       NO.  GLOBAL     13     14     20     21     22     23     24
       13  0.16575   1.000  0.164 -0.000 -0.001 -0.002  0.018 -0.020
       14  0.16382   0.164  1.000  0.000  0.003 -0.003  0.006  0.000
       20  0.02988  -0.000  0.000  1.000  0.003 -0.005 -0.001 -0.029
       21  0.11518  -0.001  0.003  0.003  1.000  0.023  0.104  0.041
       22  0.06177  -0.002 -0.003 -0.005  0.023  1.000  0.055  0.019
       23  0.13174   0.018  0.006 -0.001  0.104  0.055  1.000 -0.054
       24  0.08215  -0.020  0.000 -0.029  0.041  0.019 -0.054  1.000
MINUIT - FIT ALTOGETHER
 **********
 **   83 **RES 
 **********
                   PARAMETER   16  beta_vw RESTORED TO VARIABLE.
