 + ++++++++++++++++++++++++++++++++++++++++++++++++++++++++++++++++++++ +
 +                                                                      +
 +           You have chose to blind your fitting according to          +
 +                omega_ref * (1 + (R +/- deltaR) *10^{-6})             +
 +                                                                      +
 + ++++++++++++++++++++++++++++++++++++++++++++++++++++++++++++++++++++ +
In main()...
reading format from /gm2data/zkhechad/run45/envelope/formats/formatB_sBin_constraintOn.txt
pBinTau 	= 0  
pBinPhi 	= 0  
constraintau 	= 1 
includeMopTerm 	= 0    
constrainMop    = 0   
Parameters after format file: pBinTau 0 pBinPhi 0 constraintau 1 includeMopTerm 0 constrainMop 0 c_e_scale 0.000000 
Opening file /gm2data/tbarrett/gm2fr/studies/run23_bunch_corrections/CorrectedFourier_Run3b.root.
reading full fit data from /gm2data/zkhechad/cboTemplates/Run4CBOTemplates/templateFits0_v2.0/noRF/sBin_constraintOn_cE0.0_seed0_noRF_calo9.root
windowBins = 69
fitting sliding window 2328 from bin 2464 at 367.479600 to bin 2533 at 377.923600 (69 bins)

Reading data from /gm2data/cornell/histograms/aMethod/histogram_a_noRF.root
 **********
 **    1 **SET PRINTOUT            1
 **********
 **********
 **    2 **SET NOWARNINGS 
 **********
 PARAMETER DEFINITIONS:
    NO.   NAME         VALUE      STEP SIZE      LIMITS
     1 N0           2.88203e+06  1.00000e+02     no limits
     2 tau          6.44101e+01  constant
     3 A0           3.51419e-01  1.00000e-04     no limits
     4 phi          4.11705e+00  1.00000e-02     no limits
     5 R           -5.98037e+01  constant
     6 alpha_CBO    0.00000e+00  1.00000e-03     no limits
     7 w_CBO        2.32500e+00  constant
     8 beta_CBO     0.00000e+00  1.00000e-03     no limits
     9 alpha_2CBO   0.00000e+00  1.00000e-03     no limits
    10 beta_2CBO    0.00000e+00  1.00000e-03     no limits
    11 alpha_y      0.00000e+00  1.00000e-03     no limits
    12 w_y          1.44500e+01  constant
    13 beta_y       0.00000e+00  1.00000e-03     no limits
    14 alpha_vw     0.00000e+00  1.00000e-03     no limits
    15 w_vw         1.29000e+01  constant
    16 beta_vw      0.00000e+00  1.00000e-03     no limits
    17 LM           1.43880e-04  constant
    18 zeta_y       0.00000e+00  constant
    19 zeta_vw      0.00000e+00  constant
    20 T_CBO        1.00000e+02  1.00000e+00    0.00000e+00  1.00000e+03
    21 alpha_A0     0.00000e+00  1.00000e-03     no limits
    22 beta_A0      0.00000e+00  1.00000e-03     no limits
    23 alpha_phi    0.00000e+00  1.00000e-03     no limits
    24 beta_phi     0.00000e+00  1.00000e-03     no limits
MINUIT - FIT ONLY WIGGLE
 **********
 **    3 **FIX            5
 **********
 PARAMETER    5  IS CONSTANT.   IGNORED.
 **********
 **    4 **FIX            6
 **********
 **********
 **    5 **FIX            7
 **********
 PARAMETER    7  IS CONSTANT.   IGNORED.
 **********
 **    6 **FIX            8
 **********
 **********
 **    7 **FIX            9
 **********
 **********
 **    8 **FIX           10
 **********
 **********
 **    9 **FIX           11
 **********
 **********
 **   10 **FIX           12
 **********
 PARAMETER   12  IS CONSTANT.   IGNORED.
 **********
 **   11 **FIX           13
 **********
 **********
 **   12 **FIX           14
 **********
 **********
 **   13 **FIX           15
 **********
 PARAMETER   15  IS CONSTANT.   IGNORED.
 **********
 **   14 **FIX           16
 **********
 **********
 **   15 **MIGRAD
 **********
 FIRST CALL TO USER FUNCTION AT NEW START POINT, WITH IFLAG=4.
 START MIGRAD MINIMIZATION.  STRATEGY  1.  CONVERGENCE WHEN EDM .LT. 1.00e-04
 FCN=63.3104 FROM MIGRAD    STATUS=INITIATE      437 CALLS         438 TOTAL
                     EDM= unknown      STRATEGY= 1      NO ERROR MATRIX       
  EXT PARAMETER               CURRENT GUESS       STEP         FIRST   
  NO.   NAME      VALUE            ERROR          SIZE      DERIVATIVE 
   1  N0           2.88203e+06   1.00000e+02   0.00000e+00   4.94881e-04
   2  tau          6.44101e+01   constant   
   3  A0           3.51419e-01   1.00000e-04   0.00000e+00   3.68078e+03
   4  phi          4.11705e+00   1.00000e-02   0.00000e+00  -7.39444e+02
   5  R           -5.98037e+01   constant   
   6  alpha_CBO    0.00000e+00     fixed    
   7  w_CBO        2.32500e+00   constant   
   8  beta_CBO     0.00000e+00     fixed    
   9  alpha_2CBO   0.00000e+00     fixed    
  10  beta_2CBO    0.00000e+00     fixed    
  11  alpha_y      0.00000e+00     fixed    
  12  w_y          1.44500e+01   constant   
  13  beta_y       0.00000e+00     fixed    
  14  alpha_vw     0.00000e+00     fixed    
  15  w_vw         1.29000e+01   constant   
  16  beta_vw      0.00000e+00     fixed    
  17  LM           1.43880e-04   constant   
  18  zeta_y       0.00000e+00   constant   
  19  zeta_vw      0.00000e+00   constant   
  20  T_CBO        1.00000e+02   1.00000e+00   0.00000e+00   0.00000e+00
  21  alpha_A0     0.00000e+00   1.00000e-03   0.00000e+00   1.53244e+01
  22  beta_A0      0.00000e+00   1.00000e-03   0.00000e+00  -1.88060e+01
  23  alpha_phi    0.00000e+00   1.00000e-03   0.00000e+00   3.49632e+01
  24  beta_phi     0.00000e+00   1.00000e-03   0.00000e+00   8.23802e+00
 CALL LIMIT EXCEEDED IN MIGRAD.
 MIGRAD TERMINATED WITHOUT CONVERGENCE.
 FCN=44.0017 FROM MIGRAD    STATUS=CALL LIMIT   1321 CALLS        1322 TOTAL
                     EDM=0.00283779    STRATEGY= 1  ERROR MATRIX UNCERTAINTY   1.8 per cent
  EXT PARAMETER                APPROXIMATE        STEP         FIRST   
  NO.   NAME      VALUE            ERROR          SIZE      DERIVATIVE 
   1  N0           2.88064e+06   2.26004e+03  -2.96022e+01  -1.45264e-05
   2  tau          6.44101e+01   constant   
   3  A0           3.49263e-01   1.03514e-03   1.49076e-05   2.22372e+01
   4  phi          4.12044e+00   3.00242e-03  -2.41938e-05  -2.87288e+00
   5  R           -5.98037e+01   constant   
   6  alpha_CBO    0.00000e+00     fixed    
   7  w_CBO        2.32500e+00   constant   
   8  beta_CBO     0.00000e+00     fixed    
   9  alpha_2CBO   0.00000e+00     fixed    
  10  beta_2CBO    0.00000e+00     fixed    
  11  alpha_y      0.00000e+00     fixed    
  12  w_y          1.44500e+01   constant   
  13  beta_y       0.00000e+00     fixed    
  14  alpha_vw     0.00000e+00     fixed    
  15  w_vw         1.29000e+01   constant   
  16  beta_vw      0.00000e+00     fixed    
  17  LM           1.43880e-04   constant   
  18  zeta_y       0.00000e+00   constant   
  19  zeta_vw      0.00000e+00   constant   
  20  T_CBO        4.85867e+01   1.53045e+01  -4.77233e-03  -1.19392e+01
  21  alpha_A0    -1.03762e+01   2.31761e+01  -1.48535e+00   6.02724e-03
  22  beta_A0      1.36433e+01   3.05372e+01   1.95868e+00   1.26339e-02
  23  alpha_phi   -2.72048e+01   5.83762e+01  -3.74662e+00   1.91217e-02
  24  beta_phi    -1.03824e+00   2.14984e+00  -1.38081e-01   1.43497e-02
 EXTERNAL ERROR MATRIX.    NDIM=  25    NPAR=  8    ERR DEF=1
  5.108e+06  2.996e-01  1.012e+00  7.075e+02  1.771e+03 -2.399e+03  4.624e+03  2.684e+02 
  2.996e-01  1.072e-06 -7.568e-08 -1.370e-03 -2.233e-03  2.932e-03 -5.551e-03 -2.392e-04 
  1.012e+00 -7.568e-08  9.015e-06  1.338e-03  2.501e-03 -3.348e-03  6.267e-03  3.098e-04 
  7.075e+02 -1.370e-03  1.338e-03  2.346e+02  3.529e+02 -4.651e+02  8.892e+02  3.258e+01 
  1.771e+03 -2.233e-03  2.501e-03  3.529e+02  5.371e+02 -7.077e+02  1.353e+03  4.961e+01 
 -2.399e+03  2.932e-03 -3.348e-03 -4.651e+02 -7.077e+02  9.325e+02 -1.783e+03 -6.538e+01 
  4.624e+03 -5.551e-03  6.267e-03  8.892e+02  1.353e+03 -1.783e+03  3.408e+03  1.250e+02 
  2.684e+02 -2.392e-04  3.098e-04  3.258e+01  4.961e+01 -6.538e+01  1.250e+02  4.622e+00 
ERR MATRIX APPROXIMATE
 PARAMETER  CORRELATION COEFFICIENTS  
       NO.  GLOBAL      1      3      4     20     21     22     23     24
        1  0.36210   1.000  0.128  0.149  0.020  0.034 -0.035  0.035  0.055
        3  0.28635   0.128  1.000 -0.024 -0.086 -0.093  0.093 -0.092 -0.108
        4  0.20614   0.149 -0.024  1.000  0.029  0.036 -0.037  0.036  0.048
       20  0.99500   0.020 -0.086  0.029  1.000  0.994 -0.994  0.994  0.989
       21  0.99996   0.034 -0.093  0.036  0.994  1.000 -1.000  1.000  0.996
       22  0.99998  -0.035  0.093 -0.037 -0.994 -1.000  1.000 -1.000 -0.996
       23  0.99998   0.035 -0.092  0.036  0.994  1.000 -1.000  1.000  0.996
       24  0.99637   0.055 -0.108  0.048  0.989  0.996 -0.996  0.996  1.000
 ERR MATRIX APPROXIMATE
MINUIT - FIT ONLY 1-CBO + wiggle
 **********
 **   16 **RES 
 **********
                   PARAMETER   16  beta_vw RESTORED TO VARIABLE.
                   PARAMETER   14  alpha_vw RESTORED TO VARIABLE.
                   PARAMETER   13  beta_y RESTORED TO VARIABLE.
                   PARAMETER   11  alpha_y RESTORED TO VARIABLE.
                   PARAMETER   10  beta_2CBO RESTORED TO VARIABLE.
                   PARAMETER    9  alpha_2CBO RESTORED TO VARIABLE.
                   PARAMETER    8  beta_CBO RESTORED TO VARIABLE.
                   PARAMETER    6  alpha_CBO RESTORED TO VARIABLE.
 **********
 **   17 **FIX            8
 **********
 **********
 **   18 **FIX            9
 **********
 **********
 **   19 **FIX           11
 **********
 **********
 **   20 **FIX           12
 **********
 PARAMETER   12  IS CONSTANT.   IGNORED.
 **********
 **   21 **FIX           14
 **********
 **********
 **   22 **FIX           15
 **********
 PARAMETER   15  IS CONSTANT.   IGNORED.
 **********
 **   23 **FIX           16
 **********
 **********
 **   24 **MIGRAD
 **********
 START MIGRAD MINIMIZATION.  STRATEGY  1.  CONVERGENCE WHEN EDM .LT. 1.00e-04
 FCN=44.0017 FROM MIGRAD    STATUS=INITIATE       28 CALLS        1350 TOTAL
                     EDM= unknown      STRATEGY= 1      NO ERROR MATRIX       
  EXT PARAMETER               CURRENT GUESS       STEP         FIRST   
  NO.   NAME      VALUE            ERROR          SIZE      DERIVATIVE 
   1  N0           2.88064e+06   2.26004e+03  -2.96022e+01  -1.45264e-05
   2  tau          6.44101e+01   constant   
   3  A0           3.49263e-01   1.03514e-03   1.49076e-05   2.22372e+01
   4  phi          4.12044e+00   3.00242e-03  -2.41938e-05  -2.87288e+00
   5  R           -5.98037e+01   constant   
   6  alpha_CBO    0.00000e+00   1.00000e-03   1.00000e-03  -2.17288e+03
   7  w_CBO        2.32500e+00   constant   
   8  beta_CBO     0.00000e+00     fixed    
   9  alpha_2CBO   0.00000e+00     fixed    
  10  beta_2CBO    0.00000e+00   1.00000e-03   1.00000e-03  -9.60328e+02
  11  alpha_y      0.00000e+00     fixed    
  12  w_y          1.44500e+01   constant   
  13  beta_y       0.00000e+00   1.00000e-03   1.00000e-03  -2.24090e+03
  14  alpha_vw     0.00000e+00     fixed    
  15  w_vw         1.29000e+01   constant   
  16  beta_vw      0.00000e+00     fixed    
  17  LM           1.43880e-04   constant   
  18  zeta_y       0.00000e+00   constant   
  19  zeta_vw      0.00000e+00   constant   
  20  T_CBO        4.85867e+01   1.53045e+01  -4.77233e-03  -1.19392e+01
  21  alpha_A0    -1.03762e+01   2.31761e+01  -1.48535e+00   6.02724e-03
  22  beta_A0      1.36433e+01   3.05372e+01   1.95868e+00   1.26339e-02
  23  alpha_phi   -2.72048e+01   5.83762e+01  -3.74662e+00   1.91217e-02
  24  beta_phi    -1.03824e+00   2.14984e+00  -1.38081e-01   1.43497e-02
 CALL LIMIT EXCEEDED IN MIGRAD.
 MIGRAD TERMINATED WITHOUT CONVERGENCE.
 FCN=40.2492 FROM MIGRAD    STATUS=CALL LIMIT   1905 CALLS        3227 TOTAL
                     EDM=0.00281113    STRATEGY= 1  ERROR MATRIX UNCERTAINTY  19.9 per cent
  EXT PARAMETER                APPROXIMATE        STEP         FIRST   
  NO.   NAME      VALUE            ERROR          SIZE      DERIVATIVE 
   1  N0           2.88074e+06   2.26005e+03   4.93735e+01   6.24244e-06
   2  tau          6.44101e+01   constant   
   3  A0           3.49503e-01   1.02150e-03  -2.61778e-05  -1.33624e+01
   4  phi          4.11992e+00   3.09456e-03   6.79935e-05   3.57597e+00
   5  R           -5.98037e+01   constant   
   6  alpha_CBO    1.40322e-03   1.13637e-03  -1.37534e-05  -1.69371e+01
   7  w_CBO        2.32500e+00   constant   
   8  beta_CBO     0.00000e+00     fixed    
   9  alpha_2CBO   0.00000e+00     fixed    
  10  beta_2CBO    5.61938e-04   1.12030e-03   1.55601e-05  -2.93922e+00
  11  alpha_y      0.00000e+00     fixed    
  12  w_y          1.44500e+01   constant   
  13  beta_y       1.31715e-03   1.08670e-03  -1.37784e-05  -5.89918e+00
  14  alpha_vw     0.00000e+00     fixed    
  15  w_vw         1.29000e+01   constant   
  16  beta_vw      0.00000e+00     fixed    
  17  LM           1.43880e-04   constant   
  18  zeta_y       0.00000e+00   constant   
  19  zeta_vw      0.00000e+00   constant   
  20  T_CBO        2.48300e+01   4.35908e+00  -1.62462e-03  -2.51197e+01
  21  alpha_A0    -1.34781e+04   3.14647e+04  -1.74246e+03  -6.91680e-06
  22  beta_A0      2.03683e+04   4.75741e+04   2.63443e+03  -9.38547e-06
  23  alpha_phi   -3.80629e+04   8.91089e+04  -4.93439e+03   6.17382e-06
  24  beta_phi    -3.55875e+03   8.42532e+03  -4.66415e+02  -1.60383e-06
 EXTERNAL ERROR MATRIX.    NDIM=  25    NPAR= 11    ERR DEF=1
  5.108e+06 
  1.979e-01  1.043e-06 
  9.468e-01 -2.333e-07  9.576e-06 
  1.329e-01  1.542e-07 -5.858e-07  1.291e-06 
 -6.642e-02  8.354e-09  9.428e-08 -6.840e-11  1.255e-06 
 -1.690e-02  5.670e-09 -3.346e-08  3.575e-09  6.845e-09  1.181e-06 
 -8.602e+02  4.100e-04 -1.254e-03  1.532e-04 -3.267e-04  2.515e-04  1.901e+01 
 -6.931e+06  3.598e+00 -1.057e+01  1.943e+00 -1.784e+00  2.148e+00  1.364e+05  9.900e+08 
  1.048e+07 -5.440e+00  1.597e+01 -2.935e+00  2.697e+00 -3.248e+00 -2.063e+05 -1.497e+09  2.263e+09 
 -1.962e+07  1.019e+01 -2.992e+01  5.500e+00 -5.054e+00  6.084e+00  3.864e+05  2.804e+09 -4.239e+09  7.940e+09 
 -1.851e+06  9.625e-01 -2.825e+00  5.193e-01 -4.775e-01  5.753e-01  3.653e+04  2.651e+08 -4.008e+08  7.508e+08  7.099e+07 
ERR MATRIX APPROXIMATE
 PARAMETER  CORRELATION COEFFICIENTS  
       NO.  GLOBAL      1      3      4      6     10     13     20     21     22     23     24
        1  0.32544   1.000  0.086  0.135  0.052 -0.026 -0.007 -0.087 -0.097  0.097 -0.097 -0.097
        3  0.29530   0.086  1.000 -0.074  0.133  0.007  0.005  0.092  0.112 -0.112  0.112  0.112
        4  0.30185   0.135 -0.074  1.000 -0.167  0.027 -0.010 -0.093 -0.109  0.108 -0.109 -0.108
        6  0.32887   0.052  0.133 -0.167  1.000 -0.000  0.003  0.031  0.054 -0.054  0.054  0.054
       10  0.21381  -0.026  0.007  0.027 -0.000  1.000  0.006 -0.067 -0.051  0.051 -0.051 -0.051
       13  0.11574  -0.007  0.005 -0.010  0.003  0.006  1.000  0.053  0.063 -0.063  0.063  0.063
       20  0.99572  -0.087  0.092 -0.093  0.031 -0.067  0.053  1.000  0.995 -0.995  0.995  0.995
       21  1.00000  -0.097  0.112 -0.109  0.054 -0.051  0.063  0.995  1.000 -1.000  1.000  1.000
       22  1.00000   0.097 -0.112  0.108 -0.054  0.051 -0.063 -0.995 -1.000  1.000 -1.000 -1.000
       23  1.00000  -0.097  0.112 -0.109  0.054 -0.051  0.063  0.995  1.000 -1.000  1.000  1.000
       24  1.00000  -0.097  0.112 -0.108  0.054 -0.051  0.063  0.995  1.000 -1.000  1.000  1.000
 ERR MATRIX APPROXIMATE
MINUIT - FIT ONLY 2-CBO
 **********
 **   25 **RES 
 **********
                   PARAMETER   16  beta_vw RESTORED TO VARIABLE.
                   PARAMETER   14  alpha_vw RESTORED TO VARIABLE.
                   PARAMETER   11  alpha_y RESTORED TO VARIABLE.
                   PARAMETER    9  alpha_2CBO RESTORED TO VARIABLE.
                   PARAMETER    8  beta_CBO RESTORED TO VARIABLE.
 **********
 **   26 **FIX            0
 **********
 PARAMETER    0  IS UNDEFINED. IGNORED.
 **********
 **   27 **FIX            1
 **********
 **********
 **   28 **FIX            2
 **********
 PARAMETER    2  IS CONSTANT.   IGNORED.
 **********
 **   29 **FIX            3
 **********
 **********
 **   30 **FIX            4
 **********
 **********
 **   31 **FIX            5
 **********
 PARAMETER    5  IS CONSTANT.   IGNORED.
 **********
 **   32 **FIX            6
 **********
 **********
 **   33 **FIX            7
 **********
 PARAMETER    7  IS CONSTANT.   IGNORED.
 **********
 **   34 **FIX           10
 **********
 **********
 **   35 **FIX           11
 **********
 **********
 **   36 **FIX           12
 **********
 PARAMETER   12  IS CONSTANT.   IGNORED.
 **********
 **   37 **FIX           13
 **********
 **********
 **   38 **FIX           14
 **********
 **********
 **   39 **FIX           15
 **********
 PARAMETER   15  IS CONSTANT.   IGNORED.
 **********
 **   40 **FIX           16
 **********
 **********
 **   41 **MIGRAD
 **********
 START MIGRAD MINIMIZATION.  STRATEGY  1.  CONVERGENCE WHEN EDM .LT. 1.00e-04
 FCN=40.2492 FROM MIGRAD    STATUS=INITIATE       18 CALLS        3245 TOTAL
                     EDM= unknown      STRATEGY= 1      NO ERROR MATRIX       
  EXT PARAMETER               CURRENT GUESS       STEP         FIRST   
  NO.   NAME      VALUE            ERROR          SIZE      DERIVATIVE 
   1  N0           2.88074e+06     fixed    
   2  tau          6.44101e+01   constant   
   3  A0           3.49503e-01     fixed    
   4  phi          4.11992e+00     fixed    
   5  R           -5.98037e+01   constant   
   6  alpha_CBO    1.40322e-03     fixed    
   7  w_CBO        2.32500e+00   constant   
   8  beta_CBO     0.00000e+00   1.00000e-03   1.00000e-03   3.19277e+03
   9  alpha_2CBO   0.00000e+00   1.00000e-03   1.00000e-03  -2.42603e+02
  10  beta_2CBO    5.61938e-04     fixed    
  11  alpha_y      0.00000e+00     fixed    
  12  w_y          1.44500e+01   constant   
  13  beta_y       1.31715e-03     fixed    
  14  alpha_vw     0.00000e+00     fixed    
  15  w_vw         1.29000e+01   constant   
  16  beta_vw      0.00000e+00     fixed    
  17  LM           1.43880e-04   constant   
  18  zeta_y       0.00000e+00   constant   
  19  zeta_vw      0.00000e+00   constant   
  20  T_CBO        2.48300e+01   4.35908e+00  -1.62462e-03  -2.51197e+01
  21  alpha_A0    -1.34781e+04   3.14647e+04  -1.74246e+03  -6.91680e-06
  22  beta_A0      2.03683e+04   4.75741e+04   2.63443e+03  -9.38547e-06
  23  alpha_phi   -3.80629e+04   8.91089e+04  -4.93439e+03   6.17382e-06
  24  beta_phi    -3.55875e+03   8.42532e+03  -4.66415e+02  -1.60383e-06
 CALL LIMIT EXCEEDED IN MIGRAD.
 MIGRAD TERMINATED WITHOUT CONVERGENCE.
 FCN=36.8142 FROM MIGRAD    STATUS=CALL LIMIT   1153 CALLS        4380 TOTAL
                     EDM=0.00237504    STRATEGY= 1  ERROR MATRIX UNCERTAINTY  33.5 per cent
  EXT PARAMETER                APPROXIMATE        STEP         FIRST   
  NO.   NAME      VALUE            ERROR          SIZE      DERIVATIVE 
   1  N0           2.88074e+06     fixed    
   2  tau          6.44101e+01   constant   
   3  A0           3.49503e-01     fixed    
   4  phi          4.11992e+00     fixed    
   5  R           -5.98037e+01   constant   
   6  alpha_CBO    1.40322e-03     fixed    
   7  w_CBO        2.32500e+00   constant   
   8  beta_CBO    -1.96066e-03   1.10170e-03  -1.62269e-05  -7.13147e+00
   9  alpha_2CBO   2.19674e-04   1.08558e-03   5.17696e-05   2.47244e+01
  10  beta_2CBO    5.61938e-04     fixed    
  11  alpha_y      0.00000e+00     fixed    
  12  w_y          1.44500e+01   constant   
  13  beta_y       1.31715e-03     fixed    
  14  alpha_vw     0.00000e+00     fixed    
  15  w_vw         1.29000e+01   constant   
  16  beta_vw      0.00000e+00     fixed    
  17  LM           1.43880e-04   constant   
  18  zeta_y       0.00000e+00   constant   
  19  zeta_vw      0.00000e+00   constant   
  20  T_CBO        1.73641e+01   1.48833e+00  -4.08435e-04  -1.55963e+01
  21  alpha_A0    -1.01076e+07   1.67855e+07  -5.66834e+05  -4.02073e-08
  22  beta_A0      1.10693e+07   1.82540e+07   6.16332e+05   4.92404e-09
  23  alpha_phi   -2.34861e+07   3.86305e+07  -1.30448e+06   2.45649e-08
  24  beta_phi    -3.03057e+06   4.96730e+06  -1.67761e+05   9.03787e-09
 EXTERNAL ERROR MATRIX.    NDIM=  25    NPAR=  7    ERR DEF=1
  1.214e-06 -8.116e-09  1.967e-04  2.340e+03 -2.543e+03  5.388e+03  6.938e+02 
 -8.116e-09  1.178e-06 -6.125e-04 -7.433e+03  8.081e+03 -1.710e+04 -2.200e+03 
  1.967e-04 -6.125e-04  2.215e+00  2.472e+07 -2.688e+07  5.688e+07  7.314e+06 
  2.340e+03 -7.433e+03  2.472e+07  2.818e+14 -3.064e+14  6.484e+14  8.338e+13 
 -2.543e+03  8.081e+03 -2.688e+07 -3.064e+14  3.332e+14 -7.052e+14 -9.067e+13 
  5.388e+03 -1.710e+04  5.688e+07  6.484e+14 -7.052e+14  1.492e+15  1.919e+14 
  6.938e+02 -2.200e+03  7.314e+06  8.338e+13 -9.067e+13  1.919e+14  2.467e+13 
ERR MATRIX APPROXIMATE
 PARAMETER  CORRELATION COEFFICIENTS  
       NO.  GLOBAL      8      9     20     21     22     23     24
        8  0.23593   1.000 -0.007  0.120  0.127 -0.126  0.127  0.127
        9  0.45268  -0.007  1.000 -0.379 -0.408  0.408 -0.408 -0.408
       20  0.98974   0.120 -0.379  1.000  0.989 -0.989  0.989  0.989
       21  1.00000   0.127 -0.408  0.989  1.000 -1.000  1.000  1.000
       22  1.00000  -0.126  0.408 -0.989 -1.000  1.000 -1.000 -1.000
       23  1.00000   0.127 -0.408  0.989  1.000 -1.000  1.000  1.000
       24  1.00000   0.127 -0.408  0.989  1.000 -1.000  1.000  1.000
 ERR MATRIX APPROXIMATE
MINUIT - FIT wiggle + 1-CBO + 2-CBO
 **********
 **   42 **RES 
 **********
                   PARAMETER   16  beta_vw RESTORED TO VARIABLE.
                   PARAMETER   14  alpha_vw RESTORED TO VARIABLE.
                   PARAMETER   13  beta_y RESTORED TO VARIABLE.
                   PARAMETER   11  alpha_y RESTORED TO VARIABLE.
                   PARAMETER   10  beta_2CBO RESTORED TO VARIABLE.
                   PARAMETER    6  alpha_CBO RESTORED TO VARIABLE.
                   PARAMETER    4  phi RESTORED TO VARIABLE.
                   PARAMETER    3  A0 RESTORED TO VARIABLE.
                   PARAMETER    1  N0 RESTORED TO VARIABLE.
 **********
 **   43 **FIX           10
 **********
 **********
 **   44 **FIX           11
 **********
 **********
 **   45 **FIX           12
 **********
 PARAMETER   12  IS CONSTANT.   IGNORED.
 **********
 **   46 **FIX           13
 **********
 **********
 **   47 **FIX           14
 **********
 **********
 **   48 **FIX           15
 **********
 PARAMETER   15  IS CONSTANT.   IGNORED.
 **********
 **   49 **FIX           16
 **********
 **********
 **   50 **MIGRAD
 **********
 START MIGRAD MINIMIZATION.  STRATEGY  1.  CONVERGENCE WHEN EDM .LT. 1.00e-04
 FCN=36.8142 FROM MIGRAD    STATUS=INITIATE       22 CALLS        4402 TOTAL
                     EDM= unknown      STRATEGY= 1      NO ERROR MATRIX       
  EXT PARAMETER               CURRENT GUESS       STEP         FIRST   
  NO.   NAME      VALUE            ERROR          SIZE      DERIVATIVE 
   1  N0           2.88074e+06   2.26005e+03   2.26005e+03  -1.42552e-05
   2  tau          6.44101e+01   constant   
   3  A0           3.49503e-01   1.02150e-03   1.02150e-03   5.95317e+02
   4  phi          4.11992e+00   3.09456e-03   3.09456e-03   4.57393e+01
   5  R           -5.98037e+01   constant   
   6  alpha_CBO    1.40322e-03   1.13637e-03   1.13637e-03  -9.17799e+01
   7  w_CBO        2.32500e+00   constant   
   8  beta_CBO    -1.96066e-03   1.10170e-03  -1.62269e-05  -7.13147e+00
   9  alpha_2CBO   2.19674e-04   1.08558e-03   5.17696e-05   2.47244e+01
  10  beta_2CBO    5.61938e-04     fixed    
  11  alpha_y      0.00000e+00     fixed    
  12  w_y          1.44500e+01   constant   
  13  beta_y       1.31715e-03     fixed    
  14  alpha_vw     0.00000e+00     fixed    
  15  w_vw         1.29000e+01   constant   
  16  beta_vw      0.00000e+00     fixed    
  17  LM           1.43880e-04   constant   
  18  zeta_y       0.00000e+00   constant   
  19  zeta_vw      0.00000e+00   constant   
  20  T_CBO        1.73641e+01   1.48833e+00  -4.08435e-04  -1.55963e+01
  21  alpha_A0    -1.01076e+07   1.67855e+07  -5.66834e+05  -4.02072e-08
  22  beta_A0      1.10693e+07   1.82540e+07   6.16332e+05   4.92404e-09
  23  alpha_phi   -2.34861e+07   3.86305e+07  -1.30448e+06   2.45649e-08
  24  beta_phi    -3.03057e+06   4.96730e+06  -1.67761e+05   9.03787e-09
 CALL LIMIT EXCEEDED IN MIGRAD.
 MIGRAD TERMINATED WITHOUT CONVERGENCE.
 FCN=36.4241 FROM MIGRAD    STATUS=CALL LIMIT   1905 CALLS        6285 TOTAL
                     EDM=0.00433116    STRATEGY= 1  ERROR MATRIX UNCERTAINTY  29.8 per cent
  EXT PARAMETER                APPROXIMATE        STEP         FIRST   
  NO.   NAME      VALUE            ERROR          SIZE      DERIVATIVE 
   1  N0           2.88055e+06   2.28883e+03   2.14009e+00  -4.37426e-07
   2  tau          6.44101e+01   constant   
   3  A0           3.49157e-01   1.05197e-03   1.07600e-06   1.40743e+01
   4  phi          4.11971e+00   2.79209e-03   1.71084e-06  -1.61064e+01
   5  R           -5.98037e+01   constant   
   6  alpha_CBO    1.47595e-03   1.12818e-03   1.05476e-07  -6.05455e+00
   7  w_CBO        2.32500e+00   constant   
   8  beta_CBO    -2.03182e-03   1.12328e-03   6.82838e-07   3.90298e+00
   9  alpha_2CBO   1.25700e-04   1.07008e-03  -3.06714e-07   1.46930e+01
  10  beta_2CBO    5.61938e-04     fixed    
  11  alpha_y      0.00000e+00     fixed    
  12  w_y          1.44500e+01   constant   
  13  beta_y       1.31715e-03     fixed    
  14  alpha_vw     0.00000e+00     fixed    
  15  w_vw         1.29000e+01   constant   
  16  beta_vw      0.00000e+00     fixed    
  17  LM           1.43880e-04   constant   
  18  zeta_y       0.00000e+00   constant   
  19  zeta_vw      0.00000e+00   constant   
  20  T_CBO        1.35652e+01   1.44915e+00  -4.56212e-04  -4.56657e+01
  21  alpha_A0    -2.82090e+09   7.45849e+09  -2.56417e+08   4.11600e-11
  22  beta_A0      4.41015e+09   1.15760e+10   3.98120e+08  -6.80559e-12
  23  alpha_phi   -9.88544e+09   2.58570e+10  -8.89398e+08   1.79144e-12
  24  beta_phi    -9.70714e+08   2.47078e+09  -8.49410e+07   6.72599e-11
 EXTERNAL ERROR MATRIX.    NDIM=  25    NPAR= 11    ERR DEF=1
  5.239e+06 
  2.711e-01  1.107e-06 
  9.430e-01  7.331e-08  7.796e-06 
  1.593e-01  1.253e-07 -4.719e-07  1.273e-06 
  8.411e-02  2.336e-07  2.703e-07 -3.630e-08  1.262e-06 
  2.806e-02  2.446e-08  1.263e-07  3.196e-08 -2.381e-08  1.145e-06 
 -4.736e+01 -1.086e-04  4.974e-04 -7.100e-05 -2.319e-05 -7.528e-05  2.100e+00 
 -1.662e+11 -5.805e+05  2.720e+06 -2.680e+05 -1.540e+05 -3.811e+05  1.078e+10  5.563e+19 
  2.532e+11  9.001e+05 -4.227e+06  4.191e+05  2.410e+05  5.884e+05 -1.673e+10 -8.634e+19  1.340e+20 
 -5.635e+11 -2.007e+06  9.429e+06 -9.337e+05 -5.339e+05 -1.314e+06  3.737e+10  1.929e+20 -2.993e+20  6.686e+20 
 -4.843e+10 -1.933e+05  9.065e+05 -8.975e+04 -5.085e+04 -1.272e+05  3.571e+09  1.843e+19 -2.860e+19  6.389e+19  6.105e+18 
ERR MATRIX APPROXIMATE
 PARAMETER  CORRELATION COEFFICIENTS  
       NO.  GLOBAL      1      3      4      6      8      9     20     21     22     23     24
        1  0.33177   1.000  0.113  0.148  0.062  0.033  0.011 -0.014 -0.010  0.010 -0.010 -0.009
        3  0.31893   0.113  1.000  0.025  0.106  0.198  0.022 -0.071 -0.074  0.074 -0.074 -0.074
        4  0.35935   0.148  0.025  1.000 -0.150  0.086  0.042  0.123  0.131 -0.131  0.131  0.131
        6  0.29231   0.062  0.106 -0.150  1.000 -0.029  0.026 -0.043 -0.032  0.032 -0.032 -0.032
        8  0.28855   0.033  0.198  0.086 -0.029  1.000 -0.020 -0.014 -0.018  0.019 -0.018 -0.018
        9  0.22482   0.011  0.022  0.042  0.026 -0.020  1.000 -0.049 -0.048  0.048 -0.047 -0.048
       20  0.99789  -0.014 -0.071  0.123 -0.043 -0.014 -0.049  1.000  0.997 -0.997  0.997  0.997
       21  1.00000  -0.010 -0.074  0.131 -0.032 -0.018 -0.048  0.997  1.000 -1.000  1.000  1.000
       22  1.00000   0.010  0.074 -0.131  0.032  0.019  0.048 -0.997 -1.000  1.000 -1.000 -1.000
       23  1.00000  -0.010 -0.074  0.131 -0.032 -0.018 -0.047  0.997  1.000 -1.000  1.000  1.000
       24  0.99999  -0.009 -0.074  0.131 -0.032 -0.018 -0.048  0.997  1.000 -1.000  1.000  1.000
 ERR MATRIX APPROXIMATE
MINUIT - FIT ONLY 1-y
 **********
 **   51 **RES 
 **********
                   PARAMETER   16  beta_vw RESTORED TO VARIABLE.
                   PARAMETER   14  alpha_vw RESTORED TO VARIABLE.
                   PARAMETER   13  beta_y RESTORED TO VARIABLE.
                   PARAMETER   11  alpha_y RESTORED TO VARIABLE.
                   PARAMETER   10  beta_2CBO RESTORED TO VARIABLE.
 **********
 **   52 **FIX            0
 **********
 PARAMETER    0  IS UNDEFINED. IGNORED.
 **********
 **   53 **FIX            1
 **********
 **********
 **   54 **FIX            2
 **********
 PARAMETER    2  IS CONSTANT.   IGNORED.
 **********
 **   55 **FIX            3
 **********
 **********
 **   56 **FIX            4
 **********
 **********
 **   57 **FIX            5
 **********
 PARAMETER    5  IS CONSTANT.   IGNORED.
 **********
 **   58 **FIX            6
 **********
 **********
 **   59 **FIX            7
 **********
 PARAMETER    7  IS CONSTANT.   IGNORED.
 **********
 **   60 **FIX            8
 **********
 **********
 **   61 **FIX            9
 **********
 **********
 **   62 **FIX           13
 **********
 **********
 **   63 **FIX           14
 **********
 **********
 **   64 **FIX           15
 **********
 PARAMETER   15  IS CONSTANT.   IGNORED.
 **********
 **   65 **FIX           16
 **********
 **********
 **   66 **MIGRAD
 **********
 START MIGRAD MINIMIZATION.  STRATEGY  1.  CONVERGENCE WHEN EDM .LT. 1.00e-04
 FCN=36.4239 FROM MIGRAD    STATUS=INITIATE      121 CALLS        6406 TOTAL
                     EDM= unknown      STRATEGY= 1      NO ERROR MATRIX       
  EXT PARAMETER               CURRENT GUESS       STEP         FIRST   
  NO.   NAME      VALUE            ERROR          SIZE      DERIVATIVE 
   1  N0           2.88055e+06     fixed    
   2  tau          6.44101e+01   constant   
   3  A0           3.49157e-01     fixed    
   4  phi          4.11971e+00     fixed    
   5  R           -5.98037e+01   constant   
   6  alpha_CBO    1.47595e-03     fixed    
   7  w_CBO        2.32500e+00   constant   
   8  beta_CBO    -2.03182e-03     fixed    
   9  alpha_2CBO   1.25700e-04     fixed    
  10  beta_2CBO    5.61938e-04   1.12030e-03   0.00000e+00   2.71928e+02
  11  alpha_y      0.00000e+00   1.00000e-03   0.00000e+00  -7.57843e+01
  12  w_y          1.44500e+01   constant   
  13  beta_y       1.31715e-03     fixed    
  14  alpha_vw     0.00000e+00     fixed    
  15  w_vw         1.29000e+01   constant   
  16  beta_vw      0.00000e+00     fixed    
  17  LM           1.43880e-04   constant   
  18  zeta_y       0.00000e+00   constant   
  19  zeta_vw      0.00000e+00   constant   
  20  T_CBO        1.35652e+01   1.44915e+00   0.00000e+00  -4.46724e+01
  21  alpha_A0    -2.82359e+09   7.45849e+09   0.00000e+00   4.06882e-11
  22  beta_A0      4.41436e+09   1.15760e+10   0.00000e+00  -6.02773e-12
  23  alpha_phi   -9.88544e+09   2.58570e+10   0.00000e+00   1.82152e-12
  24  beta_phi    -9.71177e+08   2.47078e+09  -4.62872e+05   6.72574e-11
 MIGRAD MINIMIZATION HAS CONVERGED.
 MIGRAD WILL VERIFY CONVERGENCE AND ERROR MATRIX.
 COVARIANCE MATRIX CALCULATED SUCCESSFULLY
 FCN=36.3761 FROM MIGRAD    STATUS=CONVERGED     303 CALLS        6588 TOTAL
                     EDM=3.55737e-07    STRATEGY= 1      ERROR MATRIX ACCURATE 
  EXT PARAMETER                                   STEP         FIRST   
  NO.   NAME      VALUE            ERROR          SIZE      DERIVATIVE 
   1  N0           2.88055e+06     fixed    
   2  tau          6.44101e+01   constant   
   3  A0           3.49157e-01     fixed    
   4  phi          4.11971e+00     fixed    
   5  R           -5.98037e+01   constant   
   6  alpha_CBO    1.47595e-03     fixed    
   7  w_CBO        2.32500e+00   constant   
   8  beta_CBO    -2.03182e-03     fixed    
   9  alpha_2CBO   1.25700e-04     fixed    
  10  beta_2CBO    3.73277e-04   1.13211e-03   3.29306e-06   2.02634e-01
  11  alpha_y      5.01377e-05   1.10192e-03   3.28775e-06   5.19140e-01
  12  w_y          1.44500e+01   constant   
  13  beta_y       1.31715e-03     fixed    
  14  alpha_vw     0.00000e+00     fixed    
  15  w_vw         1.29000e+01   constant   
  16  beta_vw      0.00000e+00     fixed    
  17  LM           1.43880e-04   constant   
  18  zeta_y       0.00000e+00   constant   
  19  zeta_vw      0.00000e+00   constant   
  20  T_CBO        1.35835e+01   1.44199e-01   3.61542e-06   4.92888e-01
  21  alpha_A0    -2.95023e+09   1.41421e+00   1.40678e+03   1.61893e-12
  22  beta_A0      4.38268e+09   1.41421e+00   2.08983e+03  -5.50205e-12
  23  alpha_phi   -9.56159e+09   1.41421e+00   4.55932e+03   3.97234e-13
  24  beta_phi    -1.38302e+09   1.41421e+00   6.59474e+02   5.63382e-13
 EXTERNAL ERROR MATRIX.    NDIM=  25    NPAR=  7    ERR DEF=1
  1.282e-06 -1.767e-08 -3.667e-05  5.992e-15 -2.825e-14 -1.706e-14  1.431e-14 
 -1.767e-08  1.214e-06  4.885e-06 -4.720e-16  1.827e-15  9.805e-16 -6.998e-16 
 -3.667e-05  4.885e-06  2.079e-02  2.453e-11 -2.735e-11  8.163e-11  1.804e-11 
  5.992e-15 -4.720e-16  2.453e-11  2.000e+00 -1.223e-17 -4.472e-20 -2.985e-19 
 -2.825e-14  1.827e-15 -2.735e-11 -1.223e-17  2.000e+00 -2.378e-19 -4.700e-19 
 -1.706e-14  9.805e-16  8.163e-11 -4.472e-20 -2.378e-19  2.000e+00 -2.315e-19 
  1.431e-14 -6.998e-16  1.804e-11 -2.985e-19 -4.700e-19 -2.315e-19  2.000e+00 
 PARAMETER  CORRELATION COEFFICIENTS  
       NO.  GLOBAL     10     11     20     21     22     23     24
       10  0.22476   1.000 -0.014 -0.225  0.000 -0.000 -0.000  0.000
       11  0.03164  -0.014  1.000  0.031 -0.000  0.000  0.000 -0.000
       20  0.22633  -0.225  0.031  1.000  0.000 -0.000  0.000  0.000
       21  0.00000   0.000 -0.000  0.000  1.000 -0.000 -0.000 -0.000
       22  0.00000  -0.000  0.000 -0.000 -0.000  1.000 -0.000 -0.000
       23  0.00000  -0.000  0.000  0.000 -0.000 -0.000  1.000 -0.000
       24  0.00000   0.000 -0.000  0.000 -0.000 -0.000 -0.000  1.000
MINUIT - FIT ONLY 2-y
 **********
 **   67 **RES 
 **********
                   PARAMETER   16  beta_vw RESTORED TO VARIABLE.
                   PARAMETER   14  alpha_vw RESTORED TO VARIABLE.
                   PARAMETER   13  beta_y RESTORED TO VARIABLE.
                   PARAMETER    9  alpha_2CBO RESTORED TO VARIABLE.
                   PARAMETER    8  beta_CBO RESTORED TO VARIABLE.
                   PARAMETER    6  alpha_CBO RESTORED TO VARIABLE.
                   PARAMETER    4  phi RESTORED TO VARIABLE.
                   PARAMETER    3  A0 RESTORED TO VARIABLE.
                   PARAMETER    1  N0 RESTORED TO VARIABLE.
 **********
 **   68 **FIX            0
 **********
 PARAMETER    0  IS UNDEFINED. IGNORED.
 **********
 **   69 **FIX            1
 **********
 **********
 **   70 **FIX            2
 **********
 PARAMETER    2  IS CONSTANT.   IGNORED.
 **********
 **   71 **FIX            3
 **********
 **********
 **   72 **FIX            4
 **********
 **********
 **   73 **FIX            5
 **********
 PARAMETER    5  IS CONSTANT.   IGNORED.
 **********
 **   74 **FIX            6
 **********
 **********
 **   75 **FIX            7
 **********
 PARAMETER    7  IS CONSTANT.   IGNORED.
 **********
 **   76 **FIX            8
 **********
 **********
 **   77 **FIX            9
 **********
 **********
 **   78 **FIX           10
 **********
 **********
 **   79 **FIX           11
 **********
 **********
 **   80 **FIX           12
 **********
 PARAMETER   12  IS CONSTANT.   IGNORED.
 **********
 **   81 **FIX           16
 **********
 **********
 **   82 **MIGRAD
 **********
 START MIGRAD MINIMIZATION.  STRATEGY  1.  CONVERGENCE WHEN EDM .LT. 1.00e-04
 FCN=36.376 FROM MIGRAD    STATUS=INITIATE      121 CALLS        6709 TOTAL
                     EDM= unknown      STRATEGY= 1      NO ERROR MATRIX       
  EXT PARAMETER               CURRENT GUESS       STEP         FIRST   
  NO.   NAME      VALUE            ERROR          SIZE      DERIVATIVE 
   1  N0           2.88055e+06     fixed    
   2  tau          6.44101e+01   constant   
   3  A0           3.49157e-01     fixed    
   4  phi          4.11971e+00     fixed    
   5  R           -5.98037e+01   constant   
   6  alpha_CBO    1.47595e-03     fixed    
   7  w_CBO        2.32500e+00   constant   
   8  beta_CBO    -2.03182e-03     fixed    
   9  alpha_2CBO   1.25700e-04     fixed    
  10  beta_2CBO    3.73277e-04     fixed    
  11  alpha_y      5.01377e-05     fixed    
  12  w_y          1.44500e+01   constant   
  13  beta_y       1.31715e-03   1.08670e-03   0.00000e+00   1.82036e+01
  14  alpha_vw     0.00000e+00   1.00000e-03   0.00000e+00   3.19232e+03
  15  w_vw         1.29000e+01   constant   
  16  beta_vw      0.00000e+00     fixed    
  17  LM           1.43880e-04   constant   
  18  zeta_y       0.00000e+00   constant   
  19  zeta_vw      0.00000e+00   constant   
  20  T_CBO        1.35835e+01   1.44199e-01   0.00000e+00   1.67712e+00
  21  alpha_A0    -2.95586e+09   1.41421e+00  -1.40879e+06   6.27144e-13
  22  beta_A0      4.38477e+09   1.41421e+00   0.00000e+00  -5.06909e-12
  23  alpha_phi   -9.56159e+09   1.41421e+00   0.00000e+00   3.74869e-13
  24  beta_phi    -1.38302e+09   1.41421e+00   0.00000e+00   5.22897e-13
 MIGRAD MINIMIZATION HAS CONVERGED.
 MIGRAD WILL VERIFY CONVERGENCE AND ERROR MATRIX.
 COVARIANCE MATRIX CALCULATED SUCCESSFULLY
 FCN=33.3466 FROM MIGRAD    STATUS=CONVERGED     217 CALLS        6805 TOTAL
                     EDM=4.91021e-06    STRATEGY= 1      ERROR MATRIX ACCURATE 
  EXT PARAMETER                                   STEP         FIRST   
  NO.   NAME      VALUE            ERROR          SIZE      DERIVATIVE 
   1  N0           2.88055e+06     fixed    
   2  tau          6.44101e+01   constant   
   3  A0           3.49157e-01     fixed    
   4  phi          4.11971e+00     fixed    
   5  R           -5.98037e+01   constant   
   6  alpha_CBO    1.47595e-03     fixed    
   7  w_CBO        2.32500e+00   constant   
   8  beta_CBO    -2.03182e-03     fixed    
   9  alpha_2CBO   1.25700e-04     fixed    
  10  beta_2CBO    3.73277e-04     fixed    
  11  alpha_y      5.01377e-05     fixed    
  12  w_y          1.44500e+01   constant   
  13  beta_y       1.42224e-03   1.09072e-03   3.11459e-06   9.59594e-03
  14  alpha_vw    -1.89851e-03   1.09080e-03   3.11557e-06   5.22264e-03
  15  w_vw         1.29000e+01   constant   
  16  beta_vw      0.00000e+00     fixed    
  17  LM           1.43880e-04   constant   
  18  zeta_y       0.00000e+00   constant   
  19  zeta_vw      0.00000e+00   constant   
  20  T_CBO        1.35821e+01   1.40922e-01   3.49197e-06   2.57410e+00
  21  alpha_A0    -2.95596e+09   1.41421e+00   1.40951e+03   8.87700e-13
  22  beta_A0      4.38594e+09   1.41421e+00   2.09138e+03  -3.99773e-12
  23  alpha_phi   -9.54869e+09   1.41421e+00   4.55317e+03   3.54863e-13
  24  beta_phi    -1.39676e+09   1.41421e+00   6.66026e+02   2.53481e-13
 EXTERNAL ERROR MATRIX.    NDIM=  25    NPAR=  7    ERR DEF=1
  1.190e-06 -7.257e-08 -3.601e-06 -2.740e-15  6.960e-15  5.507e-15 -8.889e-15 
 -7.257e-08  1.190e-06  1.209e-06  7.159e-16  1.022e-16 -3.764e-16  1.021e-15 
 -3.601e-06  1.209e-06  1.986e-02  2.656e-11 -2.624e-11  8.108e-11  1.858e-11 
 -2.740e-15  7.159e-16  2.656e-11  2.000e+00  2.204e-19  2.431e-20 -6.412e-19 
  6.960e-15  1.022e-16 -2.624e-11  2.204e-19  2.000e+00 -2.041e-19 -6.469e-19 
  5.507e-15 -3.764e-16  8.108e-11  2.431e-20 -2.041e-19  2.000e+00 -2.148e-19 
 -8.889e-15  1.021e-15  1.858e-11 -6.412e-19 -6.469e-19 -2.148e-19  2.000e+00 
 PARAMETER  CORRELATION COEFFICIENTS  
       NO.  GLOBAL     13     14     20     21     22     23     24
       13  0.06517   1.000 -0.061 -0.023 -0.000  0.000  0.000 -0.000
       14  0.06134  -0.061  1.000  0.008  0.000  0.000 -0.000  0.000
       20  0.02430  -0.023  0.008  1.000  0.000 -0.000  0.000  0.000
       21  0.00000  -0.000  0.000  0.000  1.000  0.000  0.000 -0.000
       22  0.00000   0.000  0.000 -0.000  0.000  1.000 -0.000 -0.000
