 + ++++++++++++++++++++++++++++++++++++++++++++++++++++++++++++++++++++ +
 +                                                                      +
 +           You have chose to blind your fitting according to          +
 +                omega_ref * (1 + (R +/- deltaR) *10^{-6})             +
 +                                                                      +
 + ++++++++++++++++++++++++++++++++++++++++++++++++++++++++++++++++++++ +
In main()...
reading format from /gm2data/zkhechad/run45/envelope/formats/formatB_sBin_constraintOn.txt
pBinTau 	= 0  
pBinPhi 	= 0  
constraintau 	= 1 
includeMopTerm 	= 0    
constrainMop    = 0   
Parameters after format file: pBinTau 0 pBinPhi 0 constraintau 1 includeMopTerm 0 constrainMop 0 c_e_scale 0.000000 
Opening file /gm2data/tbarrett/gm2fr/studies/run23_bunch_corrections/CorrectedFourier_Run3b.root.
reading full fit data from /gm2data/zkhechad/cboTemplates/Run4CBOTemplates/fullFits/noRF/sBin_constraintOn_cE0.0_seed0_noRF_calo13.root
windowBins = 69
fitting sliding window 2030 from bin 2166 at 323.018000 to bin 2235 at 333.462000 (69 bins)

Reading data from /gm2data/cornell/histograms/aMethod/histogram_a_noRF.root
 **********
 **    1 **SET PRINTOUT            1
 **********
 **********
 **    2 **SET NOWARNINGS 
 **********
 PARAMETER DEFINITIONS:
    NO.   NAME         VALUE      STEP SIZE      LIMITS
     1 N0           3.45227e+06  1.00000e+02     no limits
     2 tau          6.44025e+01  constant
     3 A0           3.52708e-01  1.00000e-04     no limits
     4 phi          4.13064e+00  1.00000e-02     no limits
     5 R           -6.08848e+01  constant
     6 alpha_CBO    0.00000e+00  1.00000e-03     no limits
     7 w_CBO        2.32500e+00  constant
     8 beta_CBO     0.00000e+00  1.00000e-03     no limits
     9 alpha_2CBO   0.00000e+00  1.00000e-03     no limits
    10 beta_2CBO    0.00000e+00  1.00000e-03     no limits
    11 alpha_y      0.00000e+00  1.00000e-03     no limits
    12 w_y          1.38860e+01  constant
    13 beta_y       0.00000e+00  1.00000e-03     no limits
    14 alpha_vw     0.00000e+00  1.00000e-03     no limits
    15 w_vw         1.43404e+01  constant
    16 beta_vw      0.00000e+00  1.00000e-03     no limits
    17 LM          -3.36503e-05  constant
    18 zeta_y       0.00000e+00  constant
    19 zeta_vw      0.00000e+00  constant
    20 T_CBO        1.00000e+02  1.00000e+00    0.00000e+00  1.00000e+03
    21 alpha_A0     0.00000e+00  1.00000e-03     no limits
    22 beta_A0      0.00000e+00  1.00000e-03     no limits
    23 alpha_phi    0.00000e+00  1.00000e-03     no limits
    24 beta_phi     0.00000e+00  1.00000e-03     no limits
MINUIT - FIT ONLY WIGGLE
 **********
 **    3 **FIX            5
 **********
 PARAMETER    5  IS CONSTANT.   IGNORED.
 **********
 **    4 **FIX            6
 **********
 **********
 **    5 **FIX            7
 **********
 PARAMETER    7  IS CONSTANT.   IGNORED.
 **********
 **    6 **FIX            8
 **********
 **********
 **    7 **FIX            9
 **********
 **********
 **    8 **FIX           10
 **********
 **********
 **    9 **FIX           11
 **********
 **********
 **   10 **FIX           12
 **********
 PARAMETER   12  IS CONSTANT.   IGNORED.
 **********
 **   11 **FIX           13
 **********
 **********
 **   12 **FIX           14
 **********
 **********
 **   13 **FIX           15
 **********
 PARAMETER   15  IS CONSTANT.   IGNORED.
 **********
 **   14 **FIX           16
 **********
 **********
 **   15 **MIGRAD
 **********
 FIRST CALL TO USER FUNCTION AT NEW START POINT, WITH IFLAG=4.
 START MIGRAD MINIMIZATION.  STRATEGY  1.  CONVERGENCE WHEN EDM .LT. 1.00e-04
 FCN=129.475 FROM MIGRAD    STATUS=INITIATE      437 CALLS         438 TOTAL
                     EDM= unknown      STRATEGY= 1      NO ERROR MATRIX       
  EXT PARAMETER               CURRENT GUESS       STEP         FIRST   
  NO.   NAME      VALUE            ERROR          SIZE      DERIVATIVE 
   1  N0           3.45227e+06   1.00000e+02   0.00000e+00   5.36747e-05
   2  tau          6.44025e+01   constant   
   3  A0           3.52708e-01   1.00000e-04   0.00000e+00  -3.09732e+03
   4  phi          4.13064e+00   1.00000e-02   0.00000e+00  -2.46791e+03
   5  R           -6.08848e+01   constant   
   6  alpha_CBO    0.00000e+00     fixed    
   7  w_CBO        2.32500e+00   constant   
   8  beta_CBO     0.00000e+00     fixed    
   9  alpha_2CBO   0.00000e+00     fixed    
  10  beta_2CBO    0.00000e+00     fixed    
  11  alpha_y      0.00000e+00     fixed    
  12  w_y          1.38860e+01   constant   
  13  beta_y       0.00000e+00     fixed    
  14  alpha_vw     0.00000e+00     fixed    
  15  w_vw         1.43404e+01   constant   
  16  beta_vw      0.00000e+00     fixed    
  17  LM          -3.36503e-05   constant   
  18  zeta_y       0.00000e+00   constant   
  19  zeta_vw      0.00000e+00   constant   
  20  T_CBO        1.00000e+02   1.00000e+00   0.00000e+00   0.00000e+00
  21  alpha_A0     0.00000e+00   1.00000e-03   0.00000e+00  -1.03847e+01
  22  beta_A0      0.00000e+00   1.00000e-03   0.00000e+00   1.01108e+01
  23  alpha_phi    0.00000e+00   1.00000e-03   0.00000e+00  -6.17215e+01
  24  beta_phi     0.00000e+00   1.00000e-03   0.00000e+00  -5.87750e+01
 CALL LIMIT EXCEEDED IN MIGRAD.
 MIGRAD TERMINATED WITHOUT CONVERGENCE.
 FCN=112.679 FROM MIGRAD    STATUS=CALL LIMIT   1334 CALLS        1335 TOTAL
                     EDM=0.00136681    STRATEGY= 1  ERROR MATRIX UNCERTAINTY   0.0 per cent
  EXT PARAMETER                APPROXIMATE        STEP         FIRST   
  NO.   NAME      VALUE            ERROR          SIZE      DERIVATIVE 
   1  N0           3.45291e+06   1.85288e+03   3.43822e-02  -1.64044e-06
   2  tau          6.44025e+01   constant   
   3  A0           3.53431e-01   6.48025e-04   2.14057e-06   3.81537e+01
   4  phi          4.13599e+00   2.01426e-03  -3.84957e-06   6.30421e+00
   5  R           -6.08848e+01   constant   
   6  alpha_CBO    0.00000e+00     fixed    
   7  w_CBO        2.32500e+00   constant   
   8  beta_CBO     0.00000e+00     fixed    
   9  alpha_2CBO   0.00000e+00     fixed    
  10  beta_2CBO    0.00000e+00     fixed    
  11  alpha_y      0.00000e+00     fixed    
  12  w_y          1.38860e+01   constant   
  13  beta_y       0.00000e+00     fixed    
  14  alpha_vw     0.00000e+00     fixed    
  15  w_vw         1.43404e+01   constant   
  16  beta_vw      0.00000e+00     fixed    
  17  LM          -3.36503e-05   constant   
  18  zeta_y       0.00000e+00   constant   
  19  zeta_vw      0.00000e+00   constant   
  20  T_CBO        2.99753e+02   6.47183e+02   2.04923e-02  -4.38636e-01
  21  alpha_A0    -1.70009e-03   1.08234e-02   2.82729e-04   2.01224e+00
  22  beta_A0      2.09320e-04   1.34485e-02  -3.17514e-05   3.09369e-01
  23  alpha_phi    1.69091e-02   3.41985e-02  -6.93167e-04  -7.58472e+00
  24  beta_phi     1.66567e-02   3.78054e-02  -6.06398e-04  -5.20259e+00
 EXTERNAL ERROR MATRIX.    NDIM=  25    NPAR=  8    ERR DEF=1
  3.433e+06  2.600e-01  1.605e-01 -3.764e+03  1.715e+00  4.544e+00  2.794e+00 -1.471e+00 
  2.600e-01  4.199e-07 -1.967e-08 -1.170e-02  7.646e-07  5.655e-07  1.806e-06  2.518e-06 
  1.605e-01 -1.967e-08  4.057e-06  2.259e-02 -3.161e-06  1.731e-06 -3.220e-07 -1.055e-06 
 -3.764e+03 -1.170e-02  2.259e-02  2.149e+05  1.012e+00 -8.536e-01 -1.534e+01 -1.670e+01 
  1.715e+00  7.646e-07 -3.161e-06  1.012e+00  1.171e-04 -1.340e-05 -5.189e-05 -5.289e-05 
  4.544e+00  5.655e-07  1.731e-06 -8.536e-01 -1.340e-05  1.809e-04  3.882e-05  9.850e-05 
  2.794e+00  1.806e-06 -3.220e-07 -1.534e+01 -5.189e-05  3.882e-05  1.170e-03  1.129e-03 
 -1.471e+00  2.518e-06 -1.055e-06 -1.670e+01 -5.289e-05  9.850e-05  1.129e-03  1.429e-03 
ERR MATRIX APPROXIMATE
 PARAMETER  CORRELATION COEFFICIENTS  
       NO.  GLOBAL      1      3      4     20     21     22     23     24
        1  0.34931   1.000  0.217  0.043 -0.004  0.086  0.182  0.044 -0.021
        3  0.53678   0.217  1.000 -0.015 -0.039  0.109  0.065  0.082  0.103
        4  0.32164   0.043 -0.015  1.000  0.024 -0.145  0.064 -0.005 -0.014
       20  0.99634  -0.004 -0.039  0.024  1.000  0.202 -0.137 -0.968 -0.953
       21  0.61647   0.086  0.109 -0.145  0.202  1.000 -0.092 -0.140 -0.129
       22  0.35225   0.182  0.065  0.064 -0.137 -0.092  1.000  0.084  0.194
       23  0.98945   0.044  0.082 -0.005 -0.968 -0.140  0.084  1.000  0.873
       24  0.98504  -0.021  0.103 -0.014 -0.953 -0.129  0.194  0.873  1.000
 ERR MATRIX APPROXIMATE
MINUIT - FIT ONLY 1-CBO + wiggle
 **********
 **   16 **RES 
 **********
                   PARAMETER   16  beta_vw RESTORED TO VARIABLE.
                   PARAMETER   14  alpha_vw RESTORED TO VARIABLE.
                   PARAMETER   13  beta_y RESTORED TO VARIABLE.
                   PARAMETER   11  alpha_y RESTORED TO VARIABLE.
                   PARAMETER   10  beta_2CBO RESTORED TO VARIABLE.
                   PARAMETER    9  alpha_2CBO RESTORED TO VARIABLE.
                   PARAMETER    8  beta_CBO RESTORED TO VARIABLE.
                   PARAMETER    6  alpha_CBO RESTORED TO VARIABLE.
 **********
 **   17 **FIX            8
 **********
 **********
 **   18 **FIX            9
 **********
 **********
 **   19 **FIX           11
 **********
 **********
 **   20 **FIX           12
 **********
 PARAMETER   12  IS CONSTANT.   IGNORED.
 **********
 **   21 **FIX           14
 **********
 **********
 **   22 **FIX           15
 **********
 PARAMETER   15  IS CONSTANT.   IGNORED.
 **********
 **   23 **FIX           16
 **********
 **********
 **   24 **MIGRAD
 **********
 START MIGRAD MINIMIZATION.  STRATEGY  1.  CONVERGENCE WHEN EDM .LT. 1.00e-04
 FCN=112.679 FROM MIGRAD    STATUS=INITIATE       28 CALLS        1363 TOTAL
                     EDM= unknown      STRATEGY= 1      NO ERROR MATRIX       
  EXT PARAMETER               CURRENT GUESS       STEP         FIRST   
  NO.   NAME      VALUE            ERROR          SIZE      DERIVATIVE 
   1  N0           3.45291e+06   1.85288e+03   3.43822e-02  -1.64044e-06
   2  tau          6.44025e+01   constant   
   3  A0           3.53431e-01   6.48025e-04   2.14057e-06   3.81537e+01
   4  phi          4.13599e+00   2.01426e-03  -3.84957e-06   6.30421e+00
   5  R           -6.08848e+01   constant   
   6  alpha_CBO    0.00000e+00   1.00000e-03   1.00000e-03  -2.49553e+03
   7  w_CBO        2.32500e+00   constant   
   8  beta_CBO     0.00000e+00     fixed    
   9  alpha_2CBO   0.00000e+00     fixed    
  10  beta_2CBO    0.00000e+00   1.00000e-03   1.00000e-03   1.44016e+03
  11  alpha_y      0.00000e+00     fixed    
  12  w_y          1.38860e+01   constant   
  13  beta_y       0.00000e+00   1.00000e-03   1.00000e-03   1.41463e+03
  14  alpha_vw     0.00000e+00     fixed    
  15  w_vw         1.43404e+01   constant   
  16  beta_vw      0.00000e+00     fixed    
  17  LM          -3.36503e-05   constant   
  18  zeta_y       0.00000e+00   constant   
  19  zeta_vw      0.00000e+00   constant   
  20  T_CBO        2.99753e+02   6.47183e+02   2.04923e-02  -4.38639e-01
  21  alpha_A0    -1.70009e-03   1.08234e-02   2.82729e-04   2.01224e+00
  22  beta_A0      2.09320e-04   1.34485e-02  -3.17514e-05   3.09368e-01
  23  alpha_phi    1.69091e-02   3.41985e-02  -6.93167e-04  -7.58472e+00
  24  beta_phi     1.66567e-02   3.78054e-02  -6.06398e-04  -5.20259e+00
 MIGRAD MINIMIZATION HAS CONVERGED.
 FCN=111.076 FROM MIGRAD    STATUS=CONVERGED    1000 CALLS        2335 TOTAL
                     EDM=1.79034e-06    STRATEGY= 1  ERROR MATRIX UNCERTAINTY   0.2 per cent
  EXT PARAMETER                                   STEP         FIRST   
  NO.   NAME      VALUE            ERROR          SIZE      DERIVATIVE 
   1  N0           3.45299e+06   1.89287e+03   1.01688e-01  -2.20083e-07
   2  tau          6.44025e+01   constant   
   3  A0           3.53494e-01   6.67169e-04   1.17087e-07  -4.18874e-01
   4  phi          4.13630e+00   2.05785e-03  -3.99183e-06  -5.27812e-01
   5  R           -6.08848e+01   constant   
   6  alpha_CBO    7.79780e-04   7.79530e-04  -3.55032e-07  -1.31623e-01
   7  w_CBO        2.32500e+00   constant   
   8  beta_CBO     0.00000e+00     fixed    
   9  alpha_2CBO   0.00000e+00     fixed    
  10  beta_2CBO   -4.24543e-04   7.45328e-04   8.28827e-07   1.00982e+00
  11  alpha_y      0.00000e+00     fixed    
  12  w_y          1.38860e+01   constant   
  13  beta_y      -4.02351e-04   7.37964e-04  -4.31673e-07  -1.27324e+00
  14  alpha_vw     0.00000e+00     fixed    
  15  w_vw         1.43404e+01   constant   
  16  beta_vw      0.00000e+00     fixed    
  17  LM          -3.36503e-05   constant   
  18  zeta_y       0.00000e+00   constant   
  19  zeta_vw      0.00000e+00   constant   
  20  T_CBO        9.99908e+02   8.13057e+02   2.91560e-02  -1.44836e-04
  21  alpha_A0    -1.34554e-03   4.88039e-03  -1.65890e-06  -2.04289e-01
  22  beta_A0     -8.66852e-05   4.28648e-03   7.95897e-07   1.38061e-01
  23  alpha_phi    8.96543e-03   4.33998e-03   5.97440e-06  -6.47040e-02
  24  beta_phi     7.76921e-03   4.04352e-03   5.79231e-06  -1.64572e-01
 EXTERNAL ERROR MATRIX.    NDIM=  25    NPAR= 11    ERR DEF=1
  3.583e+06 
  2.624e-01  4.451e-07 
  7.038e-02  7.907e-09  4.235e-06 
  4.923e-02  6.029e-08  1.709e-07  6.077e-07 
 -1.960e-02 -9.078e-10 -1.049e-07 -6.813e-09  5.555e-07 
  2.612e-02  2.986e-10  1.319e-08 -5.046e-09  1.332e-08  5.446e-07 
  2.196e+03  1.356e-03 -3.976e-02 -4.012e-03  8.484e-03 -3.573e-03  2.669e+04 
  7.793e-01  5.494e-08 -2.669e-06 -1.367e-07  7.117e-07 -2.947e-08  5.536e-02  2.382e-05 
  1.658e+00  1.438e-07  8.074e-07  2.305e-08  1.816e-07  1.185e-07  1.352e-03 -1.474e-06  1.837e-05 
  9.615e-01  1.666e-08  7.222e-07  6.767e-07 -3.854e-07  5.863e-09 -2.552e-01 -2.883e-06  1.197e-06  1.884e-05 
 -6.361e-01  7.181e-08  1.109e-07  6.947e-08  2.569e-07 -1.444e-08 -1.962e-01 -5.110e-07  2.105e-07  1.610e-06  1.635e-05 
 PARAMETER  CORRELATION COEFFICIENTS  
       NO.  GLOBAL      1      3      4      6     10     13     20     21     22     23     24
        1  0.33916   1.000  0.208  0.018  0.033 -0.014  0.019  0.007  0.084  0.204  0.117 -0.083
        3  0.24334   0.208  1.000  0.006  0.116 -0.002  0.001  0.012  0.017  0.050  0.006  0.027
        4  0.31061   0.018  0.006  1.000  0.107 -0.068  0.009 -0.118 -0.266  0.092  0.081  0.013
        6  0.25522   0.033  0.116  0.107  1.000 -0.012 -0.009 -0.032 -0.036  0.007  0.200  0.022
       10  0.25902  -0.014 -0.002 -0.068 -0.012  1.000  0.024  0.070  0.196  0.057 -0.119  0.085
       13  0.06012   0.019  0.001  0.009 -0.009  0.024  1.000 -0.030 -0.008  0.037  0.002 -0.005
       20  0.46374   0.007  0.012 -0.118 -0.032  0.070 -0.030  1.000  0.069  0.002 -0.360 -0.297
       21  0.35800   0.084  0.017 -0.266 -0.036  0.196 -0.008  0.069  1.000 -0.070 -0.136 -0.026
       22  0.25260   0.204  0.050  0.092  0.007  0.057  0.037  0.002 -0.070  1.000  0.064  0.012
       23  0.44632   0.117  0.006  0.081  0.200 -0.119  0.002 -0.360 -0.136  0.064  1.000  0.092
       24  0.33134  -0.083  0.027  0.013  0.022  0.085 -0.005 -0.297 -0.026  0.012  0.092  1.000
MINUIT - FIT ONLY 2-CBO
 **********
 **   25 **RES 
 **********
                   PARAMETER   16  beta_vw RESTORED TO VARIABLE.
                   PARAMETER   14  alpha_vw RESTORED TO VARIABLE.
                   PARAMETER   11  alpha_y RESTORED TO VARIABLE.
                   PARAMETER    9  alpha_2CBO RESTORED TO VARIABLE.
                   PARAMETER    8  beta_CBO RESTORED TO VARIABLE.
 **********
 **   26 **FIX            0
 **********
 PARAMETER    0  IS UNDEFINED. IGNORED.
 **********
 **   27 **FIX            1
 **********
 **********
 **   28 **FIX            2
 **********
 PARAMETER    2  IS CONSTANT.   IGNORED.
 **********
 **   29 **FIX            3
 **********
 **********
 **   30 **FIX            4
 **********
 **********
 **   31 **FIX            5
 **********
 PARAMETER    5  IS CONSTANT.   IGNORED.
 **********
 **   32 **FIX            6
 **********
 **********
 **   33 **FIX            7
 **********
 PARAMETER    7  IS CONSTANT.   IGNORED.
 **********
 **   34 **FIX           10
 **********
 **********
 **   35 **FIX           11
 **********
 **********
 **   36 **FIX           12
 **********
 PARAMETER   12  IS CONSTANT.   IGNORED.
 **********
 **   37 **FIX           13
 **********
 **********
 **   38 **FIX           14
 **********
 **********
 **   39 **FIX           15
 **********
 PARAMETER   15  IS CONSTANT.   IGNORED.
 **********
 **   40 **FIX           16
 **********
 **********
 **   41 **MIGRAD
 **********
 START MIGRAD MINIMIZATION.  STRATEGY  1.  CONVERGENCE WHEN EDM .LT. 1.00e-04
 FCN=111.076 FROM MIGRAD    STATUS=INITIATE       18 CALLS        2353 TOTAL
                     EDM= unknown      STRATEGY= 1      NO ERROR MATRIX       
  EXT PARAMETER               CURRENT GUESS       STEP         FIRST   
  NO.   NAME      VALUE            ERROR          SIZE      DERIVATIVE 
   1  N0           3.45299e+06     fixed    
   2  tau          6.44025e+01   constant   
   3  A0           3.53494e-01     fixed    
   4  phi          4.13630e+00     fixed    
   5  R           -6.08848e+01   constant   
   6  alpha_CBO    7.79780e-04     fixed    
   7  w_CBO        2.32500e+00   constant   
   8  beta_CBO     0.00000e+00   1.00000e-03   1.00000e-03   1.87067e+04
   9  alpha_2CBO   0.00000e+00   1.00000e-03   1.00000e-03   1.76782e+03
  10  beta_2CBO   -4.24543e-04     fixed    
  11  alpha_y      0.00000e+00     fixed    
  12  w_y          1.38860e+01   constant   
  13  beta_y      -4.02351e-04     fixed    
  14  alpha_vw     0.00000e+00     fixed    
  15  w_vw         1.43404e+01   constant   
  16  beta_vw      0.00000e+00     fixed    
  17  LM          -3.36503e-05   constant   
  18  zeta_y       0.00000e+00   constant   
  19  zeta_vw      0.00000e+00   constant   
  20  T_CBO        9.99908e+02   8.13057e+02   2.91560e-02  -1.59697e-04
  21  alpha_A0    -1.34554e-03   4.88039e-03  -1.65890e-06  -2.04288e-01
  22  beta_A0     -8.66852e-05   4.28648e-03   7.95897e-07   1.38063e-01
  23  alpha_phi    8.96543e-03   4.33998e-03   5.97440e-06  -6.47040e-02
  24  beta_phi     7.76921e-03   4.04352e-03   5.79231e-06  -1.64572e-01
 MIGRAD MINIMIZATION HAS CONVERGED.
 MIGRAD WILL VERIFY CONVERGENCE AND ERROR MATRIX.
 FCN=58.2997 FROM HESSE     STATUS=NOT POSDEF     52 CALLS        2508 TOTAL
                     EDM=0.000534809    STRATEGY= 1      ERR MATRIX NOT POS-DEF
  EXT PARAMETER                APPROXIMATE        STEP         FIRST   
  NO.   NAME      VALUE            ERROR          SIZE      DERIVATIVE 
   1  N0           3.45299e+06     fixed    
   2  tau          6.44025e+01   constant   
   3  A0           3.53494e-01     fixed    
   4  phi          4.13630e+00     fixed    
   5  R           -6.08848e+01   constant   
   6  alpha_CBO    7.79780e-04     fixed    
   7  w_CBO        2.32500e+00   constant   
   8  beta_CBO    -5.58049e-03   7.63837e-04   2.80921e-06  -7.45278e-01
   9  alpha_2CBO  -6.59048e-04   7.64227e-04   2.83773e-06   5.92326e-01
  10  beta_2CBO   -4.24543e-04     fixed    
  11  alpha_y      0.00000e+00     fixed    
  12  w_y          1.38860e+01   constant   
  13  beta_y      -4.02351e-04     fixed    
  14  alpha_vw     0.00000e+00     fixed    
  15  w_vw         1.43404e+01   constant   
  16  beta_vw      0.00000e+00     fixed    
  17  LM          -3.36503e-05   constant   
  18  zeta_y       0.00000e+00   constant   
  19  zeta_vw      0.00000e+00   constant   
  20  T_CBO        8.96180e+02   5.43052e+02   1.45036e-02  -4.65934e-04
  21  alpha_A0    -7.42950e-04   6.69994e-03   1.63317e-05   7.78708e-02
  22  beta_A0     -1.38424e-03   1.07433e-02   1.53646e-05   1.31157e-01
  23  alpha_phi    8.08334e-03   5.71666e-02   1.39777e-05   1.21690e+00
  24  beta_phi     1.13461e-03   8.69825e-03   1.39604e-05   6.08751e-01
 MIGRAD MINIMIZATION HAS CONVERGED.
 MIGRAD WILL VERIFY CONVERGENCE AND ERROR MATRIX.
 COVARIANCE MATRIX CALCULATED SUCCESSFULLY
 FCN=58.2995 FROM MIGRAD    STATUS=CONVERGED     570 CALLS        2905 TOTAL
                     EDM=9.61367e-09    STRATEGY= 1      ERROR MATRIX ACCURATE 
  EXT PARAMETER                                   STEP         FIRST   
  NO.   NAME      VALUE            ERROR          SIZE      DERIVATIVE 
   1  N0           3.45299e+06     fixed    
   2  tau          6.44025e+01   constant   
   3  A0           3.53494e-01     fixed    
   4  phi          4.13630e+00     fixed    
   5  R           -6.08848e+01   constant   
   6  alpha_CBO    7.79780e-04     fixed    
   7  w_CBO        2.32500e+00   constant   
   8  beta_CBO    -5.58050e-03   7.71559e-04   2.80920e-06  -1.08549e-02
   9  alpha_2CBO  -6.59472e-04   7.71506e-04   2.83772e-06  -7.46284e-02
  10  beta_2CBO   -4.24543e-04     fixed    
  11  alpha_y      0.00000e+00     fixed    
  12  w_y          1.38860e+01   constant   
  13  beta_y      -4.02351e-04     fixed    
  14  alpha_vw     0.00000e+00     fixed    
  15  w_vw         1.43404e+01   constant   
  16  beta_vw      0.00000e+00     fixed    
  17  LM          -3.36503e-05   constant   
  18  zeta_y       0.00000e+00   constant   
  19  zeta_vw      0.00000e+00   constant   
  20  T_CBO        9.99999e+02   5.60215e+02   1.17724e-01   1.96706e-06
  21  alpha_A0    -7.15167e-04   4.26331e-03   1.57564e-05  -2.81010e-03
  22  beta_A0     -1.33232e-03   4.07176e-03   1.48218e-05  -1.01146e-02
  23  alpha_phi    7.77357e-03   5.01440e-03   1.34841e-05   5.52132e-03
  24  beta_phi     1.08890e-03   3.73877e-03   1.34688e-05  -1.27552e-02
 EXTERNAL ERROR MATRIX.    NDIM=  25    NPAR=  7    ERR DEF=1
  5.953e-07  1.460e-08 -2.110e-05 -9.413e-08  1.696e-07  9.775e-08  6.984e-07 
  1.460e-08  5.952e-07  7.481e-06  2.855e-07 -4.655e-07  2.920e-07  1.704e-07 
 -2.110e-05  7.481e-06  1.720e+03 -1.298e-02 -2.502e-02  1.437e-01  1.974e-02 
 -9.413e-08  2.855e-07 -1.298e-02  1.818e-05 -2.029e-06 -2.218e-06 -4.014e-07 
  1.696e-07 -4.655e-07 -2.502e-02 -2.029e-06  1.658e-05 -2.181e-06  5.524e-07 
  9.775e-08  2.920e-07  1.437e-01 -2.218e-06 -2.181e-06  2.514e-05  2.409e-06 
  6.984e-07  1.704e-07  1.974e-02 -4.014e-07  5.524e-07  2.409e-06  1.398e-05 
 PARAMETER  CORRELATION COEFFICIENTS  
       NO.  GLOBAL      8      9     20     21     22     23     24
        8  0.24972   1.000  0.025 -0.001 -0.029  0.054  0.025  0.242
        9  0.20759   0.025  1.000  0.000  0.087 -0.148  0.075  0.059
       20  0.70013  -0.001  0.000  1.000 -0.073 -0.148  0.691  0.127
       21  0.18409  -0.029  0.087 -0.073  1.000 -0.117 -0.104 -0.025
       22  0.25053   0.054 -0.148 -0.148 -0.117  1.000 -0.107  0.036
       23  0.69895   0.025  0.075  0.691 -0.104 -0.107  1.000  0.128
       24  0.28648   0.242  0.059  0.127 -0.025  0.036  0.128  1.000
MINUIT - FIT wiggle + 1-CBO + 2-CBO
 **********
 **   42 **RES 
 **********
                   PARAMETER   16  beta_vw RESTORED TO VARIABLE.
                   PARAMETER   14  alpha_vw RESTORED TO VARIABLE.
                   PARAMETER   13  beta_y RESTORED TO VARIABLE.
                   PARAMETER   11  alpha_y RESTORED TO VARIABLE.
                   PARAMETER   10  beta_2CBO RESTORED TO VARIABLE.
                   PARAMETER    6  alpha_CBO RESTORED TO VARIABLE.
                   PARAMETER    4  phi RESTORED TO VARIABLE.
                   PARAMETER    3  A0 RESTORED TO VARIABLE.
                   PARAMETER    1  N0 RESTORED TO VARIABLE.
 **********
 **   43 **FIX           10
 **********
 **********
 **   44 **FIX           11
 **********
 **********
 **   45 **FIX           12
 **********
 PARAMETER   12  IS CONSTANT.   IGNORED.
 **********
 **   46 **FIX           13
 **********
 **********
 **   47 **FIX           14
 **********
 **********
 **   48 **FIX           15
 **********
 PARAMETER   15  IS CONSTANT.   IGNORED.
 **********
 **   49 **FIX           16
 **********
 **********
 **   50 **MIGRAD
 **********
 START MIGRAD MINIMIZATION.  STRATEGY  1.  CONVERGENCE WHEN EDM .LT. 1.00e-04
 FCN=58.2995 FROM MIGRAD    STATUS=INITIATE       22 CALLS        2927 TOTAL
                     EDM= unknown      STRATEGY= 1      NO ERROR MATRIX       
  EXT PARAMETER               CURRENT GUESS       STEP         FIRST   
  NO.   NAME      VALUE            ERROR          SIZE      DERIVATIVE 
   1  N0           3.45299e+06   1.89287e+03   1.89287e+03   1.54159e-05
   2  tau          6.44025e+01   constant   
   3  A0           3.53494e-01   6.67169e-04   6.67169e-04  -2.09640e+03
   4  phi          4.13630e+00   2.05785e-03   2.05785e-03   1.52304e+03
   5  R           -6.08848e+01   constant   
   6  alpha_CBO    7.79780e-04   7.79530e-04   7.79530e-04  -3.18141e+02
   7  w_CBO        2.32500e+00   constant   
   8  beta_CBO    -5.58050e-03   7.71559e-04   2.80920e-06  -1.08552e-02
   9  alpha_2CBO  -6.59472e-04   7.71506e-04   2.83772e-06  -7.46283e-02
  10  beta_2CBO   -4.24543e-04     fixed    
  11  alpha_y      0.00000e+00     fixed    
  12  w_y          1.38860e+01   constant   
  13  beta_y      -4.02351e-04     fixed    
  14  alpha_vw     0.00000e+00     fixed    
  15  w_vw         1.43404e+01   constant   
  16  beta_vw      0.00000e+00     fixed    
  17  LM          -3.36503e-05   constant   
  18  zeta_y       0.00000e+00   constant   
  19  zeta_vw      0.00000e+00   constant   
  20  T_CBO        9.99999e+02   5.60215e+02   1.17724e-01  -2.49752e-06
  21  alpha_A0    -7.15167e-04   4.26331e-03   1.57564e-05  -2.81393e-03
  22  beta_A0     -1.33232e-03   4.07176e-03   1.48218e-05  -1.01172e-02
  23  alpha_phi    7.77357e-03   5.01440e-03   1.34841e-05   5.52131e-03
  24  beta_phi     1.08890e-03   3.73877e-03   1.34688e-05  -1.27551e-02
 CALL LIMIT EXCEEDED IN MIGRAD.
 MIGRAD TERMINATED WITHOUT CONVERGENCE.
 FCN=54.8993 FROM MIGRAD    STATUS=CALL LIMIT   1925 CALLS        4830 TOTAL
                     EDM=0.00188576    STRATEGY= 1  ERROR MATRIX UNCERTAINTY   0.5 per cent
  EXT PARAMETER                APPROXIMATE        STEP         FIRST   
  NO.   NAME      VALUE            ERROR          SIZE      DERIVATIVE 
   1  N0           3.45325e+06   1.86580e+03   1.32631e+00   1.19870e-05
   2  tau          6.44025e+01   constant   
   3  A0           3.53998e-01   6.42746e-04   1.30113e-06  -5.42407e+01
   4  phi          4.13263e+00   2.12694e-03  -3.18975e-06   1.81407e+00
   5  R           -6.08848e+01   constant   
   6  alpha_CBO    8.25402e-04   6.66180e-04  -8.45546e-07   7.90198e+01
   7  w_CBO        2.32500e+00   constant   
   8  beta_CBO    -5.94269e-03   7.59897e-04  -9.64676e-07   1.75880e+01
   9  alpha_2CBO  -6.22091e-04   7.34966e-04   1.44908e-06  -2.74681e+01
  10  beta_2CBO   -4.24543e-04     fixed    
  11  alpha_y      0.00000e+00     fixed    
  12  w_y          1.38860e+01   constant   
  13  beta_y      -4.02351e-04     fixed    
  14  alpha_vw     0.00000e+00     fixed    
  15  w_vw         1.43404e+01   constant   
  16  beta_vw      0.00000e+00     fixed    
  17  LM          -3.36503e-05   constant   
  18  zeta_y       0.00000e+00   constant   
  19  zeta_vw      0.00000e+00   constant   
  20  T_CBO        6.98521e+01   4.81759e+01  -5.21006e-03  -1.69130e+00
  21  alpha_A0     6.27968e-02   1.80786e-01   4.53223e-03   6.99950e-03
  22  beta_A0     -1.51805e-01   4.25152e-01  -1.06594e-02   3.84092e-01
  23  alpha_phi    6.08314e-01   1.72800e+00   4.33592e-02  -1.04535e-01
  24  beta_phi     5.04465e-02   1.44736e-01   3.62574e-03  -2.20067e-02
 EXTERNAL ERROR MATRIX.    NDIM=  25    NPAR= 11    ERR DEF=1
  3.481e+06 
  3.328e-01  4.131e-07 
  8.462e-03  3.734e-08  4.524e-06 
 -9.220e-03  1.389e-07  1.085e-08  4.438e-07 
 -3.751e-02 -2.180e-08  2.987e-07 -5.355e-08  5.774e-07 
  1.544e-01 -4.545e-08  2.999e-08  7.954e-08  3.540e-08  5.402e-07 
 -2.806e+03  1.682e-03 -3.010e-03 -4.944e-03 -1.439e-03  3.428e-03  2.349e+03 
  1.794e+01 -6.834e-06  9.912e-06  2.504e-05  6.223e-06 -1.083e-05 -8.704e+00  3.268e-02 
 -3.953e+01  1.635e-05 -2.673e-05 -5.886e-05 -1.522e-05  2.534e-05  2.047e+01 -7.684e-02  1.808e-01 
  1.640e+02 -6.577e-05  1.119e-04  2.385e-04  6.178e-05 -1.045e-04 -8.323e+01  3.123e-01 -7.346e-01  2.986e+00 
  1.293e+01 -5.494e-06  9.789e-06  2.006e-05  5.818e-06 -8.600e-06 -6.968e+00  2.615e-02 -6.151e-02  2.500e-01  2.095e-02 
ERR MATRIX APPROXIMATE
 PARAMETER  CORRELATION COEFFICIENTS  
       NO.  GLOBAL      1      3      4      6      8      9     20     21     22     23     24
        1  0.50603   1.000  0.277  0.002 -0.007 -0.026  0.113 -0.031  0.053 -0.050  0.051  0.048
        3  0.58889   0.277  1.000  0.027  0.324 -0.045 -0.096  0.054 -0.059  0.060 -0.059 -0.059
        4  0.26737   0.002  0.027  1.000  0.008  0.185  0.019 -0.029  0.026 -0.030  0.030  0.032
        6  0.70894  -0.007  0.324  0.008  1.000 -0.106  0.162 -0.153  0.208 -0.208  0.207  0.208
        8  0.35884  -0.026 -0.045  0.185 -0.106  1.000  0.063 -0.039  0.045 -0.047  0.047  0.053
        9  0.36224   0.113 -0.096  0.019  0.162  0.063  1.000  0.096 -0.082  0.081 -0.082 -0.081
       20  0.99621  -0.031  0.054 -0.029 -0.153 -0.039  0.096  1.000 -0.993  0.994 -0.994 -0.993
       21  0.99972   0.053 -0.059  0.026  0.208  0.045 -0.082 -0.993  1.000 -1.000  1.000  0.999
       22  0.99994  -0.050  0.060 -0.030 -0.208 -0.047  0.081  0.994 -1.000  1.000 -1.000 -1.000
       23  0.99995   0.051 -0.059  0.030  0.207  0.047 -0.082 -0.994  1.000 -1.000  1.000  1.000
       24  0.99968   0.048 -0.059  0.032  0.208  0.053 -0.081 -0.993  0.999 -1.000  1.000  1.000
 ERR MATRIX APPROXIMATE
MINUIT - FIT ONLY 1-y
 **********
 **   51 **RES 
 **********
                   PARAMETER   16  beta_vw RESTORED TO VARIABLE.
                   PARAMETER   14  alpha_vw RESTORED TO VARIABLE.
                   PARAMETER   13  beta_y RESTORED TO VARIABLE.
                   PARAMETER   11  alpha_y RESTORED TO VARIABLE.
                   PARAMETER   10  beta_2CBO RESTORED TO VARIABLE.
 **********
 **   52 **FIX            0
 **********
 PARAMETER    0  IS UNDEFINED. IGNORED.
 **********
 **   53 **FIX            1
 **********
 **********
 **   54 **FIX            2
 **********
 PARAMETER    2  IS CONSTANT.   IGNORED.
 **********
 **   55 **FIX            3
 **********
 **********
 **   56 **FIX            4
 **********
 **********
 **   57 **FIX            5
 **********
 PARAMETER    5  IS CONSTANT.   IGNORED.
 **********
 **   58 **FIX            6
 **********
 **********
 **   59 **FIX            7
 **********
 PARAMETER    7  IS CONSTANT.   IGNORED.
 **********
 **   60 **FIX            8
 **********
 **********
 **   61 **FIX            9
 **********
 **********
 **   62 **FIX           13
 **********
 **********
 **   63 **FIX           14
 **********
 **********
 **   64 **FIX           15
 **********
 PARAMETER   15  IS CONSTANT.   IGNORED.
 **********
 **   65 **FIX           16
 **********
 **********
 **   66 **MIGRAD
 **********
 START MIGRAD MINIMIZATION.  STRATEGY  1.  CONVERGENCE WHEN EDM .LT. 1.00e-04
 FCN=54.8993 FROM MIGRAD    STATUS=INITIATE       16 CALLS        4846 TOTAL
                     EDM= unknown      STRATEGY= 1      NO ERROR MATRIX       
  EXT PARAMETER               CURRENT GUESS       STEP         FIRST   
  NO.   NAME      VALUE            ERROR          SIZE      DERIVATIVE 
   1  N0           3.45325e+06     fixed    
   2  tau          6.44025e+01   constant   
   3  A0           3.53998e-01     fixed    
   4  phi          4.13263e+00     fixed    
   5  R           -6.08848e+01   constant   
   6  alpha_CBO    8.25402e-04     fixed    
   7  w_CBO        2.32500e+00   constant   
   8  beta_CBO    -5.94269e-03     fixed    
   9  alpha_2CBO  -6.22091e-04     fixed    
  10  beta_2CBO   -4.24543e-04   7.45328e-04   7.45328e-04  -1.14133e+02
  11  alpha_y      0.00000e+00   1.00000e-03   1.00000e-03  -1.29469e+03
  12  w_y          1.38860e+01   constant   
  13  beta_y      -4.02351e-04     fixed    
  14  alpha_vw     0.00000e+00     fixed    
  15  w_vw         1.43404e+01   constant   
  16  beta_vw      0.00000e+00     fixed    
  17  LM          -3.36503e-05   constant   
  18  zeta_y       0.00000e+00   constant   
  19  zeta_vw      0.00000e+00   constant   
  20  T_CBO        6.98521e+01   4.81759e+01  -5.21006e-03  -1.69130e+00
  21  alpha_A0     6.27968e-02   1.80786e-01   4.53223e-03   6.99951e-03
  22  beta_A0     -1.51805e-01   4.25152e-01  -1.06594e-02   3.84092e-01
  23  alpha_phi    6.08314e-01   1.72800e+00   4.33592e-02  -1.04535e-01
  24  beta_phi     5.04465e-02   1.44736e-01   3.62574e-03  -2.20067e-02
 CALL LIMIT EXCEEDED IN MIGRAD.
 MIGRAD TERMINATED WITHOUT CONVERGENCE.
 FCN=54.5313 FROM MIGRAD    STATUS=CALL LIMIT   1165 CALLS        5995 TOTAL
                     EDM=0.00113736    STRATEGY= 1  ERROR MATRIX UNCERTAINTY  27.2 per cent
  EXT PARAMETER                APPROXIMATE        STEP         FIRST   
  NO.   NAME      VALUE            ERROR          SIZE      DERIVATIVE 
   1  N0           3.45325e+06     fixed    
   2  tau          6.44025e+01   constant   
   3  A0           3.53998e-01     fixed    
   4  phi          4.13263e+00     fixed    
   5  R           -6.08848e+01   constant   
   6  alpha_CBO    8.25402e-04     fixed    
   7  w_CBO        2.32500e+00   constant   
   8  beta_CBO    -5.94269e-03     fixed    
   9  alpha_2CBO  -6.22091e-04     fixed    
  10  beta_2CBO   -4.21388e-04   7.68374e-04  -2.59058e-07  -3.45887e+01
  11  alpha_y      3.59805e-04   7.45336e-04  -1.09089e-07  -1.43992e+01
  12  w_y          1.38860e+01   constant   
  13  beta_y      -4.02351e-04     fixed    
  14  alpha_vw     0.00000e+00     fixed    
  15  w_vw         1.43404e+01   constant   
  16  beta_vw      0.00000e+00     fixed    
  17  LM          -3.36503e-05   constant   
  18  zeta_y       0.00000e+00   constant   
  19  zeta_vw      0.00000e+00   constant   
  20  T_CBO        3.06753e+01   1.27800e+01  -2.16264e-03  -5.79224e+00
  21  alpha_A0     3.14555e+01   1.22688e+02   3.35412e+00   4.75168e-04
  22  beta_A0     -7.63100e+01   2.98349e+02  -8.15534e+00  -2.47917e-04
  23  alpha_phi    2.42179e+02   9.58085e+02   2.61801e+01  -6.25628e-04
  24  beta_phi     1.45754e+01   5.80123e+01   1.58477e+00   1.40517e-04
 EXTERNAL ERROR MATRIX.    NDIM=  25    NPAR=  7    ERR DEF=1
  5.904e-07  5.259e-09 -2.015e-04  1.253e-03 -2.969e-03  9.563e-03  5.794e-04 
  5.259e-09  5.555e-07 -7.788e-05  8.040e-04 -1.940e-03  6.228e-03  3.771e-04 
 -2.015e-04 -7.788e-05  1.636e+02 -1.565e+03  3.805e+03 -1.222e+04 -7.399e+02 
  1.253e-03  8.040e-04 -1.565e+03  1.505e+04 -3.660e+04  1.175e+05  7.117e+03 
 -2.969e-03 -1.940e-03  3.805e+03 -3.660e+04  8.901e+04 -2.858e+05 -1.731e+04 
  9.563e-03  6.228e-03 -1.222e+04  1.175e+05 -2.858e+05  9.179e+05  5.558e+04 
  5.794e-04  3.771e-04 -7.399e+02  7.117e+03 -1.731e+04  5.558e+04  3.365e+03 
ERR MATRIX APPROXIMATE
 PARAMETER  CORRELATION COEFFICIENTS  
       NO.  GLOBAL     10     11     20     21     22     23     24
       10  0.15909   1.000  0.009 -0.021  0.013 -0.013  0.013  0.013
       11  0.02869   0.009  1.000 -0.008  0.009 -0.009  0.009  0.009
       20  0.99737  -0.021 -0.008  1.000 -0.997  0.997 -0.997 -0.997
       21  1.00000   0.013  0.009 -0.997  1.000 -1.000  1.000  1.000
       22  1.00000  -0.013 -0.009  0.997 -1.000  1.000 -1.000 -1.000
       23  1.00000   0.013  0.009 -0.997  1.000 -1.000  1.000  1.000
       24  0.99999   0.013  0.009 -0.997  1.000 -1.000  1.000  1.000
 ERR MATRIX APPROXIMATE
MINUIT - FIT ONLY 2-y
 **********
 **   67 **RES 
 **********
                   PARAMETER   16  beta_vw RESTORED TO VARIABLE.
                   PARAMETER   14  alpha_vw RESTORED TO VARIABLE.
                   PARAMETER   13  beta_y RESTORED TO VARIABLE.
                   PARAMETER    9  alpha_2CBO RESTORED TO VARIABLE.
                   PARAMETER    8  beta_CBO RESTORED TO VARIABLE.
                   PARAMETER    6  alpha_CBO RESTORED TO VARIABLE.
                   PARAMETER    4  phi RESTORED TO VARIABLE.
                   PARAMETER    3  A0 RESTORED TO VARIABLE.
                   PARAMETER    1  N0 RESTORED TO VARIABLE.
 **********
 **   68 **FIX            0
 **********
 PARAMETER    0  IS UNDEFINED. IGNORED.
 **********
 **   69 **FIX            1
 **********
 **********
 **   70 **FIX            2
 **********
 PARAMETER    2  IS CONSTANT.   IGNORED.
 **********
 **   71 **FIX            3
 **********
 **********
 **   72 **FIX            4
 **********
 **********
 **   73 **FIX            5
 **********
 PARAMETER    5  IS CONSTANT.   IGNORED.
 **********
 **   74 **FIX            6
 **********
 **********
 **   75 **FIX            7
 **********
 PARAMETER    7  IS CONSTANT.   IGNORED.
 **********
 **   76 **FIX            8
 **********
 **********
 **   77 **FIX            9
 **********
 **********
 **   78 **FIX           10
 **********
 **********
 **   79 **FIX           11
 **********
 **********
 **   80 **FIX           12
 **********
 PARAMETER   12  IS CONSTANT.   IGNORED.
 **********
 **   81 **FIX           16
 **********
 **********
 **   82 **MIGRAD
 **********
 START MIGRAD MINIMIZATION.  STRATEGY  1.  CONVERGENCE WHEN EDM .LT. 1.00e-04
 FCN=54.5313 FROM MIGRAD    STATUS=INITIATE       16 CALLS        6011 TOTAL
                     EDM= unknown      STRATEGY= 1      NO ERROR MATRIX       
  EXT PARAMETER               CURRENT GUESS       STEP         FIRST   
  NO.   NAME      VALUE            ERROR          SIZE      DERIVATIVE 
   1  N0           3.45325e+06     fixed    
   2  tau          6.44025e+01   constant   
   3  A0           3.53998e-01     fixed    
   4  phi          4.13263e+00     fixed    
   5  R           -6.08848e+01   constant   
   6  alpha_CBO    8.25402e-04     fixed    
   7  w_CBO        2.32500e+00   constant   
   8  beta_CBO    -5.94269e-03     fixed    
   9  alpha_2CBO  -6.22091e-04     fixed    
  10  beta_2CBO   -4.21388e-04     fixed    
  11  alpha_y      3.59805e-04     fixed    
  12  w_y          1.38860e+01   constant   
  13  beta_y      -4.02351e-04   7.37964e-04   7.37964e-04  -1.82909e+02
  14  alpha_vw     0.00000e+00   1.00000e-03   1.00000e-03  -1.26831e+03
  15  w_vw         1.43404e+01   constant   
  16  beta_vw      0.00000e+00     fixed    
  17  LM          -3.36503e-05   constant   
  18  zeta_y       0.00000e+00   constant   
  19  zeta_vw      0.00000e+00   constant   
  20  T_CBO        3.06753e+01   1.27800e+01  -2.16264e-03  -5.79224e+00
  21  alpha_A0     3.14555e+01   1.22688e+02   3.35412e+00   4.75168e-04
  22  beta_A0     -7.63100e+01   2.98349e+02  -8.15534e+00  -2.47917e-04
  23  alpha_phi    2.42179e+02   9.58085e+02   2.61801e+01  -6.25628e-04
  24  beta_phi     1.45754e+01   5.80123e+01   1.58477e+00   1.40517e-04
 CALL LIMIT EXCEEDED IN MIGRAD.
 MIGRAD TERMINATED WITHOUT CONVERGENCE.
 FCN=54.2002 FROM MIGRAD    STATUS=CALL LIMIT   1160 CALLS        7155 TOTAL
                     EDM=0.000583554    STRATEGY= 1  ERROR MATRIX UNCERTAINTY  16.6 per cent
  EXT PARAMETER                APPROXIMATE        STEP         FIRST   
  NO.   NAME      VALUE            ERROR          SIZE      DERIVATIVE 
   1  N0           3.45325e+06     fixed    
   2  tau          6.44025e+01   constant   
   3  A0           3.53998e-01     fixed    
   4  phi          4.13263e+00     fixed    
   5  R           -6.08848e+01   constant   
   6  alpha_CBO    8.25402e-04     fixed    
   7  w_CBO        2.32500e+00   constant   
   8  beta_CBO    -5.94269e-03     fixed    
   9  alpha_2CBO  -6.22091e-04     fixed    
  10  beta_2CBO   -4.21388e-04     fixed    
  11  alpha_y      3.59805e-04     fixed    
  12  w_y          1.38860e+01   constant   
  13  beta_y      -4.93496e-04   8.11838e-04   2.45428e-06  -1.17319e+00
  14  alpha_vw     3.99558e-04   7.87066e-04  -5.98233e-06   1.65743e+01
  15  w_vw         1.43404e+01   constant   
  16  beta_vw      0.00000e+00     fixed    
  17  LM          -3.36503e-05   constant   
  18  zeta_y       0.00000e+00   constant   
