 + ++++++++++++++++++++++++++++++++++++++++++++++++++++++++++++++++++++ +
 +                                                                      +
 +           You have chose to blind your fitting according to          +
 +                omega_ref * (1 + (R +/- deltaR) *10^{-6})             +
 +                                                                      +
 + ++++++++++++++++++++++++++++++++++++++++++++++++++++++++++++++++++++ +
In main()...
reading format from /gm2data/zkhechad/run45/envelope/formats/formatB_sBin_constraintOn.txt
pBinTau 	= 0  
pBinPhi 	= 0  
constraintau 	= 1 
includeMopTerm 	= 0    
constrainMop    = 0   
Parameters after format file: pBinTau 0 pBinPhi 0 constraintau 1 includeMopTerm 0 constrainMop 0 c_e_scale 0.000000 
Opening file /gm2data/tbarrett/gm2fr/studies/run23_bunch_corrections/CorrectedFourier_Run3b.root.
reading full fit data from /gm2data/zkhechad/cboTemplates/Run4CBOTemplates/templateFits0_v2.0/noRF/sBin_constraintOn_cE0.0_seed0_noRF_calo10.root
windowBins = 17
fitting sliding window 162 from bin 298 at 44.312400 to bin 315 at 46.998000 (17 bins)

Reading data from /gm2data/cornell/histograms/aMethod/histogram_a_noRF.root
 **********
 **    1 **SET PRINTOUT            1
 **********
 **********
 **    2 **SET NOWARNINGS 
 **********
 PARAMETER DEFINITIONS:
    NO.   NAME         VALUE      STEP SIZE      LIMITS
     1 N0           3.07239e+06  1.00000e+02     no limits
     2 tau          6.43889e+01  constant
     3 A0           3.48560e-01  1.00000e-04     no limits
     4 phi          4.11546e+00  1.00000e-02     no limits
     5 R           -6.11853e+01  constant
     6 alpha_CBO    0.00000e+00  1.00000e-03     no limits
     7 w_CBO        2.32500e+00  constant
     8 beta_CBO     0.00000e+00  1.00000e-03     no limits
     9 alpha_2CBO   0.00000e+00  1.00000e-03     no limits
    10 beta_2CBO    0.00000e+00  1.00000e-03     no limits
    11 alpha_y      0.00000e+00  1.00000e-03     no limits
    12 w_y          1.44500e+01  constant
    13 beta_y       0.00000e+00  1.00000e-03     no limits
    14 alpha_vw     0.00000e+00  1.00000e-03     no limits
    15 w_vw         1.29000e+01  constant
    16 beta_vw      0.00000e+00  1.00000e-03     no limits
    17 LM          -5.02779e-04  constant
    18 zeta_y       0.00000e+00  constant
    19 zeta_vw      0.00000e+00  constant
    20 T_CBO        1.00000e+02  1.00000e+00    0.00000e+00  1.00000e+03
    21 alpha_A0     0.00000e+00  1.00000e-03     no limits
    22 beta_A0      0.00000e+00  1.00000e-03     no limits
    23 alpha_phi    0.00000e+00  1.00000e-03     no limits
    24 beta_phi     0.00000e+00  1.00000e-03     no limits
MINUIT - FIT ONLY WIGGLE
 **********
 **    3 **FIX            5
 **********
 PARAMETER    5  IS CONSTANT.   IGNORED.
 **********
 **    4 **FIX            6
 **********
 **********
 **    5 **FIX            7
 **********
 PARAMETER    7  IS CONSTANT.   IGNORED.
 **********
 **    6 **FIX            8
 **********
 **********
 **    7 **FIX            9
 **********
 **********
 **    8 **FIX           10
 **********
 **********
 **    9 **FIX           11
 **********
 **********
 **   10 **FIX           12
 **********
 PARAMETER   12  IS CONSTANT.   IGNORED.
 **********
 **   11 **FIX           13
 **********
 **********
 **   12 **FIX           14
 **********
 **********
 **   13 **FIX           15
 **********
 PARAMETER   15  IS CONSTANT.   IGNORED.
 **********
 **   14 **FIX           16
 **********
 **********
 **   15 **MIGRAD
 **********
 FIRST CALL TO USER FUNCTION AT NEW START POINT, WITH IFLAG=4.
 START MIGRAD MINIMIZATION.  STRATEGY  1.  CONVERGENCE WHEN EDM .LT. 1.00e-04
 FCN=2519.8 FROM MIGRAD    STATUS=INITIATE      429 CALLS         430 TOTAL
                     EDM= unknown      STRATEGY= 1      NO ERROR MATRIX       
  EXT PARAMETER               CURRENT GUESS       STEP         FIRST   
  NO.   NAME      VALUE            ERROR          SIZE      DERIVATIVE 
   1  N0           3.07239e+06   1.00000e+02   0.00000e+00  -9.06535e-02
   2  tau          6.43889e+01   constant   
   3  A0           3.48560e-01   1.00000e-04   0.00000e+00  -4.01558e+05
   4  phi          4.11546e+00   1.00000e-02   0.00000e+00   6.96702e+04
   5  R           -6.11853e+01   constant   
   6  alpha_CBO    0.00000e+00     fixed    
   7  w_CBO        2.32500e+00   constant   
   8  beta_CBO     0.00000e+00     fixed    
   9  alpha_2CBO   0.00000e+00     fixed    
  10  beta_2CBO    0.00000e+00     fixed    
  11  alpha_y      0.00000e+00     fixed    
  12  w_y          1.44500e+01   constant   
  13  beta_y       0.00000e+00     fixed    
  14  alpha_vw     0.00000e+00     fixed    
  15  w_vw         1.29000e+01   constant   
  16  beta_vw      0.00000e+00     fixed    
  17  LM          -5.02779e-04   constant   
  18  zeta_y       0.00000e+00   constant   
  19  zeta_vw      0.00000e+00   constant   
  20  T_CBO        1.00000e+02   1.00000e+00   0.00000e+00   0.00000e+00
  21  alpha_A0     0.00000e+00   1.00000e-03   0.00000e+00   6.77553e+04
  22  beta_A0      0.00000e+00   1.00000e-03   0.00000e+00  -7.05286e+03
  23  alpha_phi    0.00000e+00   1.00000e-03   0.00000e+00  -6.32754e+03
  24  beta_phi     0.00000e+00   1.00000e-03   0.00000e+00  -9.63479e+02
 MIGRAD MINIMIZATION HAS CONVERGED.
 MIGRAD WILL VERIFY CONVERGENCE AND ERROR MATRIX.
 FCN=137.189 FROM HESSE     STATUS=NOT POSDEF     61 CALLS        1165 TOTAL
                     EDM=0.000199971    STRATEGY= 1      ERR MATRIX NOT POS-DEF
  EXT PARAMETER                APPROXIMATE        STEP         FIRST   
  NO.   NAME      VALUE            ERROR          SIZE      DERIVATIVE 
   1  N0           3.09619e+06   3.56842e+03   2.09596e+00   3.34621e-06
   2  tau          6.43889e+01   constant   
   3  A0           3.88346e-01   1.86325e-03   9.69345e-07  -1.32737e+00
   4  phi          4.08220e+00   2.55291e-03   2.24992e-06   3.77232e-01
   5  R           -6.11853e+01   constant   
   6  alpha_CBO    0.00000e+00     fixed    
   7  w_CBO        2.32500e+00   constant   
   8  beta_CBO     0.00000e+00     fixed    
   9  alpha_2CBO   0.00000e+00     fixed    
  10  beta_2CBO    0.00000e+00     fixed    
  11  alpha_y      0.00000e+00     fixed    
  12  w_y          1.44500e+01   constant   
  13  beta_y       0.00000e+00     fixed    
  14  alpha_vw     0.00000e+00     fixed    
  15  w_vw         1.29000e+01   constant   
  16  beta_vw      0.00000e+00     fixed    
  17  LM          -5.02779e-04   constant   
  18  zeta_y       0.00000e+00   constant   
  19  zeta_vw      0.00000e+00   constant   
  20  T_CBO        4.61840e+01   2.53569e+00   5.00866e-06   2.12027e+00
  21  alpha_A0     3.23711e-01   1.70794e-02   8.98931e-06   1.05995e+00
  22  beta_A0     -9.64711e-05   1.21683e-02   8.05204e-06   4.59874e-01
  23  alpha_phi    3.02719e-03   1.36096e-02   8.01716e-06   3.93747e-01
  24  beta_phi    -3.50020e-01   1.83214e-02   1.07949e-05   9.87228e-01
 CALL LIMIT EXCEEDED IN MIGRAD.
 MIGRAD TERMINATED WITHOUT CONVERGENCE.
 FCN=137.166 FROM MIGRAD    STATUS=CALL LIMIT   1338 CALLS        1339 TOTAL
                     EDM=0.00193067    STRATEGY= 1      ERR MATRIX NOT POS-DEF
  EXT PARAMETER                APPROXIMATE        STEP         FIRST   
  NO.   NAME      VALUE            ERROR          SIZE      DERIVATIVE 
   1  N0           3.09573e+06   4.96208e+03   7.17372e+01   9.90955e-05
   2  tau          6.43889e+01   constant   
   3  A0           3.88253e-01   2.92775e-03   8.44818e-06   3.04751e+02
   4  phi          4.08227e+00   4.15601e-03  -8.07956e-05   9.41856e+00
   5  R           -6.11853e+01   constant   
   6  alpha_CBO    0.00000e+00     fixed    
   7  w_CBO        2.32500e+00   constant   
   8  beta_CBO     0.00000e+00     fixed    
   9  alpha_2CBO   0.00000e+00     fixed    
  10  beta_2CBO    0.00000e+00     fixed    
  11  alpha_y      0.00000e+00     fixed    
  12  w_y          1.44500e+01   constant   
  13  beta_y       0.00000e+00     fixed    
  14  alpha_vw     0.00000e+00     fixed    
  15  w_vw         1.29000e+01   constant   
  16  beta_vw      0.00000e+00     fixed    
  17  LM          -5.02779e-04   constant   
  18  zeta_y       0.00000e+00   constant   
  19  zeta_vw      0.00000e+00   constant   
  20  T_CBO        4.38596e+01   1.12111e+01  -2.07911e-03  -7.47349e+01
  21  alpha_A0     3.39563e-01   9.85272e-02   3.59083e-03  -1.66109e+01
  22  beta_A0      6.07816e-04   1.95864e-02  -3.05593e-04   2.59424e+00
  23  alpha_phi    4.17066e-03   2.12758e-02  -3.50240e-04  -3.45490e+00
  24  beta_phi    -3.67181e-01   1.06057e-01  -3.86889e-03   2.73343e+01
 EXTERNAL ERROR MATRIX.    NDIM=  25    NPAR=  8    ERR DEF=1
  2.462e+07  3.649e+00 -1.675e+01 -2.552e+04  2.847e+02 -7.348e+01 -9.259e+01 -3.063e+02 
  3.649e+00  8.572e-06  1.364e-06 -8.822e-04  7.546e-05  2.148e-05  1.223e-05 -7.969e-05 
 -1.675e+01  1.364e-06  1.727e-05  3.053e-02 -2.736e-04  7.682e-05  8.402e-05  2.929e-04 
 -2.552e+04 -8.822e-04  3.053e-02  1.258e+02 -1.068e+00  1.203e-01  1.339e-01  1.152e+00 
  2.847e+02  7.546e-05 -2.736e-04 -1.068e+00  9.708e-03 -9.797e-04 -1.196e-03 -1.045e-02 
 -7.348e+01  2.148e-05  7.682e-05  1.203e-01 -9.797e-04  3.836e-04  4.048e-04  1.053e-03 
 -9.259e+01  1.223e-05  8.402e-05  1.339e-01 -1.196e-03  4.048e-04  4.527e-04  1.287e-03 
 -3.063e+02 -7.969e-05  2.929e-04  1.152e+00 -1.045e-02  1.053e-03  1.287e-03  1.125e-02 
ERR MATRIX NOT POS-DEF
 PARAMETER  CORRELATION COEFFICIENTS  
       NO.  GLOBAL      1      3      4     20     21     22     23     24
        1  0.99753   1.000  0.251 -0.812 -0.459  0.582 -0.756 -0.877 -0.582
        3  0.99911   0.251  1.000  0.112 -0.027  0.262  0.374  0.196 -0.257
        4  0.99588  -0.812  0.112  1.000  0.655 -0.668  0.944  0.950  0.665
       20  0.99994  -0.459 -0.027  0.655  1.000 -0.967  0.547  0.561  0.968
       21  0.99991   0.582  0.262 -0.668 -0.967  1.000 -0.508 -0.571 -1.000
       22  0.99748  -0.756  0.374  0.944  0.547 -0.508  1.000  0.971  0.507
       23  0.99810  -0.877  0.196  0.950  0.561 -0.571  0.971  1.000  0.570
       24  0.99987  -0.582 -0.257  0.665  0.968 -1.000  0.507  0.570  1.000
 ERR MATRIX NOT POS-DEF
MINUIT - FIT ONLY 1-CBO + wiggle
 **********
 **   16 **RES 
 **********
                   PARAMETER   16  beta_vw RESTORED TO VARIABLE.
                   PARAMETER   14  alpha_vw RESTORED TO VARIABLE.
                   PARAMETER   13  beta_y RESTORED TO VARIABLE.
                   PARAMETER   11  alpha_y RESTORED TO VARIABLE.
                   PARAMETER   10  beta_2CBO RESTORED TO VARIABLE.
                   PARAMETER    9  alpha_2CBO RESTORED TO VARIABLE.
                   PARAMETER    8  beta_CBO RESTORED TO VARIABLE.
                   PARAMETER    6  alpha_CBO RESTORED TO VARIABLE.
 **********
 **   17 **FIX            8
 **********
 **********
 **   18 **FIX            9
 **********
 **********
 **   19 **FIX           11
 **********
 **********
 **   20 **FIX           12
 **********
 PARAMETER   12  IS CONSTANT.   IGNORED.
 **********
 **   21 **FIX           14
 **********
 **********
 **   22 **FIX           15
 **********
 PARAMETER   15  IS CONSTANT.   IGNORED.
 **********
 **   23 **FIX           16
 **********
 **********
 **   24 **MIGRAD
 **********
 START MIGRAD MINIMIZATION.  STRATEGY  1.  CONVERGENCE WHEN EDM .LT. 1.00e-04
 FCN=137.166 FROM MIGRAD    STATUS=INITIATE       28 CALLS        1367 TOTAL
                     EDM= unknown      STRATEGY= 1      NO ERROR MATRIX       
  EXT PARAMETER               CURRENT GUESS       STEP         FIRST   
  NO.   NAME      VALUE            ERROR          SIZE      DERIVATIVE 
   1  N0           3.09573e+06   4.96208e+03   7.17372e+01   9.90955e-05
   2  tau          6.43889e+01   constant   
   3  A0           3.88253e-01   2.92775e-03   8.44818e-06   3.04751e+02
   4  phi          4.08227e+00   4.15601e-03  -8.07956e-05   9.41856e+00
   5  R           -6.11853e+01   constant   
   6  alpha_CBO    0.00000e+00   1.00000e-03   1.00000e-03  -5.33243e+02
   7  w_CBO        2.32500e+00   constant   
   8  beta_CBO     0.00000e+00     fixed    
   9  alpha_2CBO   0.00000e+00     fixed    
  10  beta_2CBO    0.00000e+00   1.00000e-03   1.00000e-03   2.97972e+03
  11  alpha_y      0.00000e+00     fixed    
  12  w_y          1.44500e+01   constant   
  13  beta_y       0.00000e+00   1.00000e-03   1.00000e-03  -1.05458e+05
  14  alpha_vw     0.00000e+00     fixed    
  15  w_vw         1.29000e+01   constant   
  16  beta_vw      0.00000e+00     fixed    
  17  LM          -5.02779e-04   constant   
  18  zeta_y       0.00000e+00   constant   
  19  zeta_vw      0.00000e+00   constant   
  20  T_CBO        4.38596e+01   1.12111e+01  -2.07911e-03  -7.47349e+01
  21  alpha_A0     3.39563e-01   9.85272e-02   3.59083e-03  -1.66109e+01
  22  beta_A0      6.07816e-04   1.95864e-02  -3.05593e-04   2.59424e+00
  23  alpha_phi    4.17066e-03   2.12758e-02  -3.50240e-04  -3.45490e+00
  24  beta_phi    -3.67181e-01   1.06057e-01  -3.86889e-03   2.73343e+01
 MIGRAD MINIMIZATION HAS CONVERGED.
 MIGRAD WILL VERIFY CONVERGENCE AND ERROR MATRIX.
 FCN=52.6854 FROM HESSE     STATUS=NOT POSDEF    100 CALLS        1956 TOTAL
                     EDM=0.000246195    STRATEGY= 1      ERR MATRIX NOT POS-DEF
  EXT PARAMETER                APPROXIMATE        STEP         FIRST   
  NO.   NAME      VALUE            ERROR          SIZE      DERIVATIVE 
   1  N0           3.10085e+06   3.73182e+03   1.47860e+00   6.37065e-07
   2  tau          6.43889e+01   constant   
   3  A0           3.88377e-01   2.31225e-03   6.10743e-07   6.00162e+00
   4  phi          4.08343e+00   3.29186e-03   1.94713e-06  -2.22154e+00
   5  R           -6.11853e+01   constant   
   6  alpha_CBO    5.04043e-03   1.71120e-03   6.07206e-07  -7.80910e+00
   7  w_CBO        2.32500e+00   constant   
   8  beta_CBO     0.00000e+00     fixed    
   9  alpha_2CBO   0.00000e+00     fixed    
  10  beta_2CBO   -1.94720e-03   6.61279e-04   6.18068e-07   4.31118e+00
  11  alpha_y      0.00000e+00     fixed    
  12  w_y          1.44500e+01   constant   
  13  beta_y       1.51360e-03   1.71141e-04   6.06224e-07  -1.26264e+00
  14  alpha_vw     0.00000e+00     fixed    
  15  w_vw         1.29000e+01   constant   
  16  beta_vw      0.00000e+00     fixed    
  17  LM          -5.02779e-04   constant   
  18  zeta_y       0.00000e+00   constant   
  19  zeta_vw      0.00000e+00   constant   
  20  T_CBO        4.63871e+01   2.21951e+00   2.77621e-06   1.03658e+00
  21  alpha_A0     3.79616e-01   1.88618e-02   5.47443e-06   1.09702e+00
  22  beta_A0     -4.52537e-03   1.13144e-02   4.95769e-06   1.13144e+00
  23  alpha_phi   -1.13140e-02   1.34692e-02   5.04463e-06   3.55266e-01
  24  beta_phi    -3.59380e-01   1.66822e-02   6.73376e-06   4.77647e-01
 MIGRAD MINIMIZATION HAS CONVERGED.
 MIGRAD WILL VERIFY CONVERGENCE AND ERROR MATRIX.
 FCN=52.5317 FROM MIGRAD    STATUS=CONVERGED    1392 CALLS        2731 TOTAL
                     EDM=9.55986e-07    STRATEGY= 1      ERR MATRIX NOT POS-DEF
  EXT PARAMETER                APPROXIMATE        STEP         FIRST   
  NO.   NAME      VALUE            ERROR          SIZE      DERIVATIVE 
   1  N0           3.12042e+06   4.05676e+03   1.48793e+00  -3.68801e-07
   2  tau          6.43889e+01   constant   
   3  A0           3.68285e-01   2.09879e-03   5.80745e-07   3.70728e-01
   4  phi          4.08274e+00   3.62375e-03   1.94680e-06   5.39685e-01
   5  R           -6.11853e+01   constant   
   6  alpha_CBO    9.10105e-03   1.67494e-03   6.06856e-07   1.23655e+00
   7  w_CBO        2.32500e+00   constant   
   8  beta_CBO     0.00000e+00     fixed    
   9  alpha_2CBO   0.00000e+00     fixed    
  10  beta_2CBO   -4.60303e-04   6.41927e-04   6.17761e-07  -4.08674e+00
  11  alpha_y      0.00000e+00     fixed    
  12  w_y          1.44500e+01   constant   
  13  beta_y       1.52760e-03   1.71123e-04   6.05361e-07  -6.22278e-01
  14  alpha_vw     0.00000e+00     fixed    
  15  w_vw         1.29000e+01   constant   
  16  beta_vw      0.00000e+00     fixed    
  17  LM          -5.02779e-04   constant   
  18  zeta_y       0.00000e+00   constant   
  19  zeta_vw      0.00000e+00   constant   
  20  T_CBO        4.61586e+01   2.71428e+00   3.40108e-06   8.95021e-03
  21  alpha_A0     3.04009e-01   2.00458e-02   5.96174e-06  -3.31502e-01
  22  beta_A0     -8.81405e-02   1.30160e-02   5.38197e-06  -1.18718e-01
  23  alpha_phi   -1.19997e-01   1.43805e-02   5.21030e-06  -7.56869e-02
  24  beta_phi    -2.79474e-01   1.72042e-02   6.97499e-06  -3.40380e-01
 EXTERNAL ERROR MATRIX.    NDIM=  25    NPAR= 11    ERR DEF=1
  1.646e+07 
 -1.715e-01  4.405e-06 
 -3.263e+00 -2.719e-06  1.313e-05 
  1.876e+00 -1.165e-06  3.522e-06  2.805e-06 
  2.217e-01 -1.308e-07 -3.382e-07 -7.194e-07  4.121e-07 
 -4.002e-02 -7.387e-10 -4.700e-08 -1.649e-08  1.009e-09  2.928e-08 
  5.067e+03  1.594e-03 -1.378e-03  9.172e-04 -3.199e-04 -1.265e-05  7.368e+00 
  1.357e+01  1.363e-05  9.806e-06  1.557e-05 -6.535e-06 -1.276e-07 -1.644e-02  4.018e-04 
 -2.320e+01  8.670e-06  3.231e-05  5.234e-06 -1.756e-06 -1.077e-07  7.116e-03  1.601e-05  1.694e-04 
 -4.206e+01  1.168e-05  2.058e-05 -1.609e-06 -1.913e-06 -1.453e-08  5.438e-03 -4.219e-05  1.630e-04  2.068e-04 
 -1.155e+01 -1.871e-05  7.969e-06  6.102e-06 -2.162e-06  9.594e-08  2.081e-02 -2.378e-04  1.493e-05  5.047e-05  2.960e-04 
ERR MATRIX NOT POS-DEF
 PARAMETER  CORRELATION COEFFICIENTS  
       NO.  GLOBAL      1      3      4      6     10     13     20     21     22     23     24
        1  0.99588   1.000 -0.020 -0.222  0.276  0.085 -0.058  0.460  0.167 -0.439 -0.721 -0.166
        3  0.99701  -0.020  1.000 -0.358 -0.331 -0.097 -0.002  0.280  0.324  0.317  0.387 -0.518
        4  0.99331  -0.222 -0.358  1.000  0.580 -0.145 -0.076 -0.140  0.135  0.685  0.395  0.128
        6  0.99486   0.276 -0.331  0.580  1.000 -0.669 -0.058  0.202  0.464  0.240 -0.067  0.212
       10  0.96317   0.085 -0.097 -0.145 -0.669  1.000  0.009 -0.184 -0.508 -0.210 -0.207 -0.196
       13  0.15198  -0.058 -0.002 -0.076 -0.058  0.009  1.000 -0.027 -0.037 -0.048 -0.006  0.033
       20  0.99730   0.460  0.280 -0.140  0.202 -0.184 -0.027  1.000 -0.302  0.201  0.139  0.446
       21  0.99654   0.167  0.324  0.135  0.464 -0.508 -0.037 -0.302  1.000  0.061 -0.146 -0.689
       22  0.99331  -0.439  0.317  0.685  0.240 -0.210 -0.048  0.201  0.061  1.000  0.871  0.067
       23  0.99486  -0.721  0.387  0.395 -0.067 -0.207 -0.006  0.139 -0.146  0.871  1.000  0.204
       24  0.99356  -0.166 -0.518  0.128  0.212 -0.196  0.033  0.446 -0.689  0.067  0.204  1.000
 ERR MATRIX NOT POS-DEF
MINUIT - FIT ONLY 2-CBO
 **********
 **   25 **RES 
 **********
                   PARAMETER   16  beta_vw RESTORED TO VARIABLE.
                   PARAMETER   14  alpha_vw RESTORED TO VARIABLE.
                   PARAMETER   11  alpha_y RESTORED TO VARIABLE.
                   PARAMETER    9  alpha_2CBO RESTORED TO VARIABLE.
                   PARAMETER    8  beta_CBO RESTORED TO VARIABLE.
 **********
 **   26 **FIX            0
 **********
 PARAMETER    0  IS UNDEFINED. IGNORED.
 **********
 **   27 **FIX            1
 **********
 **********
 **   28 **FIX            2
 **********
 PARAMETER    2  IS CONSTANT.   IGNORED.
 **********
 **   29 **FIX            3
 **********
 **********
 **   30 **FIX            4
 **********
 **********
 **   31 **FIX            5
 **********
 PARAMETER    5  IS CONSTANT.   IGNORED.
 **********
 **   32 **FIX            6
 **********
 **********
 **   33 **FIX            7
 **********
 PARAMETER    7  IS CONSTANT.   IGNORED.
 **********
 **   34 **FIX           10
 **********
 **********
 **   35 **FIX           11
 **********
 **********
 **   36 **FIX           12
 **********
 PARAMETER   12  IS CONSTANT.   IGNORED.
 **********
 **   37 **FIX           13
 **********
 **********
 **   38 **FIX           14
 **********
 **********
 **   39 **FIX           15
 **********
 PARAMETER   15  IS CONSTANT.   IGNORED.
 **********
 **   40 **FIX           16
 **********
 **********
 **   41 **MIGRAD
 **********
 START MIGRAD MINIMIZATION.  STRATEGY  1.  CONVERGENCE WHEN EDM .LT. 1.00e-04
 FCN=52.5317 FROM MIGRAD    STATUS=INITIATE       18 CALLS        2749 TOTAL
                     EDM= unknown      STRATEGY= 1      NO ERROR MATRIX       
  EXT PARAMETER               CURRENT GUESS       STEP         FIRST   
  NO.   NAME      VALUE            ERROR          SIZE      DERIVATIVE 
   1  N0           3.12042e+06     fixed    
   2  tau          6.43889e+01   constant   
   3  A0           3.68285e-01     fixed    
   4  phi          4.08274e+00     fixed    
   5  R           -6.11853e+01   constant   
   6  alpha_CBO    9.10105e-03     fixed    
   7  w_CBO        2.32500e+00   constant   
   8  beta_CBO     0.00000e+00   1.00000e-03   1.00000e-03   1.14501e+01
   9  alpha_2CBO   0.00000e+00   1.00000e-03   1.00000e-03  -8.62901e+00
  10  beta_2CBO   -4.60303e-04     fixed    
  11  alpha_y      0.00000e+00     fixed    
  12  w_y          1.44500e+01   constant   
  13  beta_y       1.52760e-03     fixed    
  14  alpha_vw     0.00000e+00     fixed    
  15  w_vw         1.29000e+01   constant   
  16  beta_vw      0.00000e+00     fixed    
  17  LM          -5.02779e-04   constant   
  18  zeta_y       0.00000e+00   constant   
  19  zeta_vw      0.00000e+00   constant   
  20  T_CBO        4.61586e+01   2.71428e+00   3.40108e-06   8.90792e-03
  21  alpha_A0     3.04009e-01   2.00458e-02   5.96174e-06  -3.31502e-01
  22  beta_A0     -8.81405e-02   1.30160e-02   5.38197e-06  -1.18704e-01
  23  alpha_phi   -1.19997e-01   1.43805e-02   5.21030e-06  -7.56856e-02
  24  beta_phi    -2.79474e-01   1.72042e-02   6.97499e-06  -3.40381e-01
 MIGRAD MINIMIZATION HAS CONVERGED.
 MIGRAD WILL VERIFY CONVERGENCE AND ERROR MATRIX.
 FCN=52.5317 FROM MIGRAD    STATUS=CONVERGED      84 CALLS        2815 TOTAL
                     EDM=8.76455e-06    STRATEGY= 1      ERR MATRIX NOT POS-DEF
  EXT PARAMETER                APPROXIMATE        STEP         FIRST   
  NO.   NAME      VALUE            ERROR          SIZE      DERIVATIVE 
   1  N0           3.12042e+06     fixed    
   2  tau          6.43889e+01   constant   
   3  A0           3.68285e-01     fixed    
   4  phi          4.08274e+00     fixed    
   5  R           -6.11853e+01   constant   
   6  alpha_CBO    9.10105e-03     fixed    
   7  w_CBO        2.32500e+00   constant   
   8  beta_CBO    -1.75202e-07   5.66821e-04   5.89057e-07  -1.50808e+00
   9  alpha_2CBO   1.27821e-07   4.40878e-04   5.79580e-07  -5.45340e-01
  10  beta_2CBO   -4.60303e-04     fixed    
  11  alpha_y      0.00000e+00     fixed    
  12  w_y          1.44500e+01   constant   
  13  beta_y       1.52760e-03     fixed    
  14  alpha_vw     0.00000e+00     fixed    
  15  w_vw         1.29000e+01   constant   
  16  beta_vw      0.00000e+00     fixed    
  17  LM          -5.02779e-04   constant   
  18  zeta_y       0.00000e+00   constant   
  19  zeta_vw      0.00000e+00   constant   
  20  T_CBO        4.61586e+01   2.81666e+00   3.39941e-06   3.77095e-01
  21  alpha_A0     3.04010e-01   1.84052e-02   5.96081e-06   1.99733e-01
  22  beta_A0     -8.81404e-02   8.22412e-03   5.38120e-06   7.02088e-01
  23  alpha_phi   -1.19997e-01   7.96245e-03   5.21073e-06   7.21579e-01
  24  beta_phi    -2.79473e-01   1.70961e-02   6.97558e-06  -6.41294e-01
 EXTERNAL ERROR MATRIX.    NDIM=  25    NPAR=  7    ERR DEF=1
  3.213e-07  1.838e-07  1.813e-04 -4.534e-07  3.501e-06 -9.558e-07 -4.761e-07 
  1.838e-07  1.944e-07  5.089e-05  1.995e-07  2.183e-06 -1.204e-06 -1.340e-07 
  1.813e-04  5.089e-05  7.934e+00 -5.146e-02  1.625e-02  2.025e-02  4.696e-02 
 -4.534e-07  1.995e-07 -5.146e-02  3.388e-04 -9.787e-05 -1.360e-04 -3.081e-04 
  3.501e-06  2.183e-06  1.625e-02 -9.787e-05  6.764e-05  2.565e-05  8.116e-05 
 -9.558e-07 -1.204e-06  2.025e-02 -1.360e-04  2.565e-05  6.340e-05  1.241e-04 
 -4.761e-07 -1.340e-07  4.696e-02 -3.081e-04  8.116e-05  1.241e-04  2.923e-04 
ERR MATRIX NOT POS-DEF
 PARAMETER  CORRELATION COEFFICIENTS  
       NO.  GLOBAL      8      9     20     21     22     23     24
        8  0.95686   1.000  0.736  0.114 -0.043  0.751 -0.212 -0.049
        9  0.93000   0.736  1.000  0.041  0.025  0.602 -0.343 -0.018
       20  0.99749   0.114  0.041  1.000 -0.993  0.702  0.903  0.975
       21  0.99589  -0.043  0.025 -0.993  1.000 -0.647 -0.928 -0.979
       22  0.98312   0.751  0.602  0.702 -0.647  1.000  0.392  0.577
       23  0.98312  -0.212 -0.343  0.903 -0.928  0.392  1.000  0.912
       24  0.99347  -0.049 -0.018  0.975 -0.979  0.577  0.912  1.000
 ERR MATRIX NOT POS-DEF
MINUIT - FIT wiggle + 1-CBO + 2-CBO
 **********
 **   42 **RES 
 **********
                   PARAMETER   16  beta_vw RESTORED TO VARIABLE.
                   PARAMETER   14  alpha_vw RESTORED TO VARIABLE.
                   PARAMETER   13  beta_y RESTORED TO VARIABLE.
                   PARAMETER   11  alpha_y RESTORED TO VARIABLE.
                   PARAMETER   10  beta_2CBO RESTORED TO VARIABLE.
                   PARAMETER    6  alpha_CBO RESTORED TO VARIABLE.
                   PARAMETER    4  phi RESTORED TO VARIABLE.
                   PARAMETER    3  A0 RESTORED TO VARIABLE.
                   PARAMETER    1  N0 RESTORED TO VARIABLE.
 **********
 **   43 **FIX           10
 **********
 **********
 **   44 **FIX           11
 **********
 **********
 **   45 **FIX           12
 **********
 PARAMETER   12  IS CONSTANT.   IGNORED.
 **********
 **   46 **FIX           13
 **********
 **********
 **   47 **FIX           14
 **********
 **********
 **   48 **FIX           15
 **********
 PARAMETER   15  IS CONSTANT.   IGNORED.
 **********
 **   49 **FIX           16
 **********
 **********
 **   50 **MIGRAD
 **********
 START MIGRAD MINIMIZATION.  STRATEGY  1.  CONVERGENCE WHEN EDM .LT. 1.00e-04
 FCN=52.5317 FROM MIGRAD    STATUS=INITIATE       22 CALLS        2837 TOTAL
                     EDM= unknown      STRATEGY= 1      NO ERROR MATRIX       
  EXT PARAMETER               CURRENT GUESS       STEP         FIRST   
  NO.   NAME      VALUE            ERROR          SIZE      DERIVATIVE 
   1  N0           3.12042e+06   4.05676e+03   4.05676e+03   9.10075e-07
   2  tau          6.43889e+01   constant   
   3  A0           3.68285e-01   2.09879e-03   2.09879e-03  -1.04027e+01
   4  phi          4.08274e+00   3.62375e-03   3.62375e-03  -3.97042e+00
   5  R           -6.11853e+01   constant   
   6  alpha_CBO    9.10105e-03   1.67494e-03   1.67494e-03  -1.95512e+00
   7  w_CBO        2.32500e+00   constant   
   8  beta_CBO    -1.75202e-07   5.66821e-04   5.89057e-07  -1.50812e+00
   9  alpha_2CBO   1.27821e-07   4.40878e-04   5.79580e-07  -5.45305e-01
  10  beta_2CBO   -4.60303e-04     fixed    
  11  alpha_y      0.00000e+00     fixed    
  12  w_y          1.44500e+01   constant   
  13  beta_y       1.52760e-03     fixed    
  14  alpha_vw     0.00000e+00     fixed    
  15  w_vw         1.29000e+01   constant   
  16  beta_vw      0.00000e+00     fixed    
  17  LM          -5.02779e-04   constant   
  18  zeta_y       0.00000e+00   constant   
  19  zeta_vw      0.00000e+00   constant   
  20  T_CBO        4.61586e+01   2.81666e+00   3.39941e-06   3.77049e-01
  21  alpha_A0     3.04010e-01   1.84052e-02   5.96081e-06   1.99734e-01
  22  beta_A0     -8.81404e-02   8.22412e-03   5.38120e-06   7.02098e-01
  23  alpha_phi   -1.19997e-01   7.96245e-03   5.21073e-06   7.21582e-01
  24  beta_phi    -2.79473e-01   1.70961e-02   6.97558e-06  -6.41293e-01
 MIGRAD MINIMIZATION HAS CONVERGED.
 MIGRAD WILL VERIFY CONVERGENCE AND ERROR MATRIX.
 FCN=52.5317 FROM HESSE     STATUS=NOT POSDEF    100 CALLS        2961 TOTAL
                     EDM=5.98857e-05    STRATEGY= 1      ERR MATRIX NOT POS-DEF
  EXT PARAMETER                APPROXIMATE        STEP         FIRST   
  NO.   NAME      VALUE            ERROR          SIZE      DERIVATIVE 
   1  N0           3.12042e+06   4.55487e+03   1.48793e+00  -1.12201e-06
   2  tau          6.43889e+01   constant   
   3  A0           3.68285e-01   2.14699e-03   5.80899e-07   5.12229e-01
   4  phi          4.08274e+00   5.45296e-03   1.94680e-06  -3.20154e-01
   5  R           -6.11853e+01   constant   
   6  alpha_CBO    9.10106e-03   1.39470e-03   6.06853e-07   3.70963e+00
   7  w_CBO        2.32500e+00   constant   
   8  beta_CBO    -1.66661e-07   1.62068e-03   5.89057e-07   6.53691e+00
   9  alpha_2CBO   1.30811e-07   5.23195e-04   5.79580e-07  -4.13579e+00
  10  beta_2CBO   -4.60303e-04     fixed    
  11  alpha_y      0.00000e+00     fixed    
  12  w_y          1.44500e+01   constant   
  13  beta_y       1.52760e-03     fixed    
  14  alpha_vw     0.00000e+00     fixed    
  15  w_vw         1.29000e+01   constant   
  16  beta_vw      0.00000e+00     fixed    
  17  LM          -5.02779e-04   constant   
  18  zeta_y       0.00000e+00   constant   
  19  zeta_vw      0.00000e+00   constant   
  20  T_CBO        4.61586e+01   2.66653e+00   3.39941e-06   5.33451e-02
  21  alpha_A0     3.04009e-01   1.74198e-02   5.96082e-06  -3.88652e-01
  22  beta_A0     -8.81407e-02   1.61947e-02   5.38120e-06  -4.48239e-02
  23  alpha_phi   -1.19997e-01   1.49805e-02   5.21073e-06  -1.69791e-01
  24  beta_phi    -2.79473e-01   1.69022e-02   6.97558e-06  -4.10733e-01
 CALL LIMIT EXCEEDED IN MIGRAD.
 MIGRAD TERMINATED WITHOUT CONVERGENCE.
 FCN=52.4851 FROM MIGRAD    STATUS=CALL LIMIT   1918 CALLS        4733 TOTAL
                     EDM=0.000108932    STRATEGY= 1      ERR MATRIX NOT POS-DEF
  EXT PARAMETER                APPROXIMATE        STEP         FIRST   
  NO.   NAME      VALUE            ERROR          SIZE      DERIVATIVE 
   1  N0           3.14804e+06   6.25547e+04   3.08528e+02   1.00098e-05
   2  tau          6.43889e+01   constant   
   3  A0           3.81502e-01   4.22322e-02   2.19170e-04   5.84164e+01
   4  phi          4.08353e+00   2.56460e-02  -1.42223e-04   1.05370e+01
   5  R           -6.11853e+01   constant   
   6  alpha_CBO    5.04830e-03   1.55797e-02  -8.26010e-05   4.66141e+01
   7  w_CBO        2.32500e+00   constant   
   8  beta_CBO    -8.29570e-03   1.93473e-02  -8.75478e-05   6.44854e+01
   9  alpha_2CBO  -2.10223e-03   6.21223e-03  -3.11828e-05   9.70507e+00
  10  beta_2CBO   -4.60303e-04     fixed    
  11  alpha_y      0.00000e+00     fixed    
  12  w_y          1.44500e+01   constant   
  13  beta_y       1.52760e-03     fixed    
  14  alpha_vw     0.00000e+00     fixed    
  15  w_vw         1.29000e+01   constant   
  16  beta_vw      0.00000e+00     fixed    
  17  LM          -5.02779e-04   constant   
  18  zeta_y       0.00000e+00   constant   
  19  zeta_vw      0.00000e+00   constant   
  20  T_CBO        5.70893e+01   4.51869e+01   1.02043e-03  -6.73035e+00
  21  alpha_A0     3.25250e-01   2.32093e-02  -1.10247e-04  -6.36640e+00
  22  beta_A0     -1.29306e-01   5.87657e-02  -3.18649e-04  -4.93538e+00
  23  alpha_phi   -1.12486e-01   5.75428e-02   1.94201e-04   1.21138e+00
  24  beta_phi    -3.10551e-01   3.29326e-02  -1.69614e-04   1.40442e+00
 EXTERNAL ERROR MATRIX.    NDIM=  25    NPAR= 11    ERR DEF=1
  3.913e+09 
  2.596e+03  1.784e-03 
 -1.074e+03 -7.920e-04  6.577e-04 
 -9.314e+02 -6.525e-04  3.047e-04  2.427e-04 
 -1.184e+03 -7.957e-04  2.806e-04  2.881e-04  3.743e-04 
 -3.816e+02 -2.611e-04  1.116e-04  9.566e-05  1.181e-04  3.859e-05 
  2.825e+06  1.908e+00 -8.646e-01 -6.917e-01 -8.502e-01 -2.793e-01  2.068e+03 
 -1.165e+03 -8.155e-04  4.290e-04  3.142e-04  3.611e-04  1.233e-04 -8.813e-01  5.387e-04 
 -3.531e+03 -2.396e-03  1.197e-03  8.855e-04  1.055e-03  3.539e-04 -2.602e+00  1.214e-03  3.453e-03 
  2.947e+03  2.086e-03 -5.248e-04 -7.712e-04 -1.019e-03 -3.126e-04  2.123e+00 -9.294e-04 -2.530e-03  3.311e-03 
 -1.784e+03 -1.274e-03  6.569e-04  4.666e-04  5.320e-04  1.809e-04 -1.338e+00  4.695e-04  1.642e-03 -1.397e-03  1.085e-03 
ERR MATRIX NOT POS-DEF
 PARAMETER  CORRELATION COEFFICIENTS  
       NO.  GLOBAL      1      3      4      6      8      9     20     21     22     23     24
        1  1.00000   1.000  0.982 -0.670 -0.956 -0.978 -0.982  0.993 -0.803 -0.961  0.819 -0.866
        3  1.00000   0.982  1.000 -0.731 -0.992 -0.974 -0.995  0.993 -0.832 -0.965  0.858 -0.916
        4  0.99998  -0.670 -0.731  1.000  0.763  0.566  0.700 -0.741  0.721  0.794 -0.356  0.778
        6  0.99999  -0.956 -0.992  0.763  1.000  0.956  0.988 -0.976  0.869  0.967 -0.860  0.909
        8  0.99999  -0.978 -0.974  0.566  0.956  1.000  0.983 -0.966  0.804  0.928 -0.915  0.835
        9  0.99988  -0.982 -0.995  0.700  0.988  0.983  1.000 -0.989  0.855  0.969 -0.875  0.884
       20  1.00000   0.993  0.993 -0.741 -0.976 -0.966 -0.989  1.000 -0.835 -0.973  0.811 -0.893
       21  0.99958  -0.803 -0.832  0.721  0.869  0.804  0.855 -0.835  1.000  0.890 -0.696  0.614
       22  0.99995  -0.961 -0.965  0.794  0.967  0.928  0.969 -0.973  0.890  1.000 -0.748  0.848
       23  0.99995   0.819  0.858 -0.356 -0.860 -0.915 -0.875  0.811 -0.696 -0.748  1.000 -0.737
       24  0.99962  -0.866 -0.916  0.778  0.909  0.835  0.884 -0.893  0.614  0.848 -0.737  1.000
 ERR MATRIX NOT POS-DEF
MINUIT - FIT ONLY 1-y
 **********
 **   51 **RES 
 **********
                   PARAMETER   16  beta_vw RESTORED TO VARIABLE.
                   PARAMETER   14  alpha_vw RESTORED TO VARIABLE.
                   PARAMETER   13  beta_y RESTORED TO VARIABLE.
                   PARAMETER   11  alpha_y RESTORED TO VARIABLE.
                   PARAMETER   10  beta_2CBO RESTORED TO VARIABLE.
 **********
 **   52 **FIX            0
 **********
 PARAMETER    0  IS UNDEFINED. IGNORED.
 **********
 **   53 **FIX            1
 **********
 **********
 **   54 **FIX            2
 **********
 PARAMETER    2  IS CONSTANT.   IGNORED.
 **********
 **   55 **FIX            3
 **********
 **********
 **   56 **FIX            4
 **********
 **********
 **   57 **FIX            5
 **********
 PARAMETER    5  IS CONSTANT.   IGNORED.
 **********
 **   58 **FIX            6
 **********
 **********
 **   59 **FIX            7
 **********
 PARAMETER    7  IS CONSTANT.   IGNORED.
 **********
 **   60 **FIX            8
 **********
 **********
 **   61 **FIX            9
 **********
 **********
 **   62 **FIX           13
 **********
 **********
 **   63 **FIX           14
 **********
 **********
 **   64 **FIX           15
 **********
 PARAMETER   15  IS CONSTANT.   IGNORED.
 **********
 **   65 **FIX           16
 **********
 **********
 **   66 **MIGRAD
 **********
 START MIGRAD MINIMIZATION.  STRATEGY  1.  CONVERGENCE WHEN EDM .LT. 1.00e-04
 FCN=52.4851 FROM MIGRAD    STATUS=INITIATE       16 CALLS        4749 TOTAL
                     EDM= unknown      STRATEGY= 1      NO ERROR MATRIX       
  EXT PARAMETER               CURRENT GUESS       STEP         FIRST   
  NO.   NAME      VALUE            ERROR          SIZE      DERIVATIVE 
   1  N0           3.14804e+06     fixed    
   2  tau          6.43889e+01   constant   
   3  A0           3.81502e-01     fixed    
   4  phi          4.08353e+00     fixed    
   5  R           -6.11853e+01   constant   
   6  alpha_CBO    5.04830e-03     fixed    
   7  w_CBO        2.32500e+00   constant   
   8  beta_CBO    -8.29570e-03     fixed    
   9  alpha_2CBO  -2.10223e-03     fixed    
  10  beta_2CBO   -4.60303e-04   6.41927e-04   6.41927e-04   9.78764e+00
  11  alpha_y      0.00000e+00   1.00000e-03   1.00000e-03  -6.98174e+04
  12  w_y          1.44500e+01   constant   
  13  beta_y       1.52760e-03     fixed    
  14  alpha_vw     0.00000e+00     fixed    
  15  w_vw         1.29000e+01   constant   
  16  beta_vw      0.00000e+00     fixed    
  17  LM          -5.02779e-04   constant   
  18  zeta_y       0.00000e+00   constant   
  19  zeta_vw      0.00000e+00   constant   
  20  T_CBO        5.70893e+01   4.51869e+01   1.02043e-03  -6.73035e+00
  21  alpha_A0     3.25250e-01   2.32093e-02  -1.10247e-04  -6.36640e+00
  22  beta_A0     -1.29306e-01   5.87657e-02  -3.18649e-04  -4.93538e+00
  23  alpha_phi   -1.12486e-01   5.75428e-02   1.94201e-04   1.21138e+00
  24  beta_phi    -3.10551e-01   3.29326e-02  -1.69614e-04   1.40442e+00
 MIGRAD MINIMIZATION HAS CONVERGED.
 MIGRAD WILL VERIFY CONVERGENCE AND ERROR MATRIX.
 COVARIANCE MATRIX CALCULATED SUCCESSFULLY
 FCN=18.0475 FROM HESSE     STATUS=OK             50 CALLS        4894 TOTAL
                     EDM=0.577783    STRATEGY= 1      ERROR MATRIX ACCURATE 
  EXT PARAMETER                                   STEP         FIRST   
  NO.   NAME      VALUE            ERROR          SIZE      DERIVATIVE 
   1  N0           3.14804e+06     fixed    
   2  tau          6.43889e+01   constant   
   3  A0           3.81502e-01     fixed    
   4  phi          4.08353e+00     fixed    
   5  R           -6.11853e+01   constant   
   6  alpha_CBO    5.04830e-03     fixed    
   7  w_CBO        2.32500e+00   constant   
   8  beta_CBO    -8.29570e-03     fixed    
   9  alpha_2CBO  -2.10223e-03     fixed    
  10  beta_2CBO   -6.60516e-04   6.83237e-04   3.68323e-07   3.86205e-01
  11  alpha_y      9.86492e-04   1.69367e-04   3.51389e-07  -4.08518e-01
  12  w_y          1.44500e+01   constant   
  13  beta_y       1.52760e-03     fixed    
  14  alpha_vw     0.00000e+00     fixed    
  15  w_vw         1.29000e+01   constant   
  16  beta_vw      0.00000e+00     fixed    
  17  LM          -5.02779e-04   constant   
  18  zeta_y       0.00000e+00   constant   
  19  zeta_vw      0.00000e+00   constant   
  20  T_CBO        5.70484e+01   7.34445e+01   1.93077e-06  -2.17604e+00
  21  alpha_A0     3.25837e-01   3.41767e-01   2.71947e-06   1.19115e+00
  22  beta_A0     -1.29833e-01   1.31964e-01   2.46074e-06  -6.78590e-01
  23  alpha_phi   -1.12978e-01   1.22233e-01   2.51554e-06  -4.93453e-01
  24  beta_phi    -3.08458e-01   3.31641e-01   3.31592e-06  -7.89742e-01
 CALL LIMIT EXCEEDED IN MIGRAD.
 MIGRAD TERMINATED WITHOUT CONVERGENCE.
 FCN=17.7647 FROM MIGRAD    STATUS=CALL LIMIT   1161 CALLS        5894 TOTAL
                     EDM=0.00490263    STRATEGY= 1  ERROR MATRIX UNCERTAINTY  21.9 per cent
  EXT PARAMETER                APPROXIMATE        STEP         FIRST   
  NO.   NAME      VALUE            ERROR          SIZE      DERIVATIVE 
   1  N0           3.14804e+06     fixed    
   2  tau          6.43889e+01   constant   
   3  A0           3.81502e-01     fixed    
   4  phi          4.08353e+00     fixed    
   5  R           -6.11853e+01   constant   
   6  alpha_CBO    5.04830e-03     fixed    
   7  w_CBO        2.32500e+00   constant   
   8  beta_CBO    -8.29570e-03     fixed    
   9  alpha_2CBO  -2.10223e-03     fixed    
  10  beta_2CBO   -8.47743e-04   2.56140e-04  -2.55327e-06   6.09900e+01
  11  alpha_y      9.92523e-04   1.67606e-04  -8.01934e-08  -2.71101e+01
  12  w_y          1.44500e+01   constant   
  13  beta_y       1.52760e-03     fixed    
  14  alpha_vw     0.00000e+00     fixed    
  15  w_vw         1.29000e+01   constant   
  16  beta_vw      0.00000e+00     fixed    
  17  LM          -5.02779e-04   constant   
  18  zeta_y       0.00000e+00   constant   
  19  zeta_vw      0.00000e+00   constant   
  20  T_CBO        9.25126e+01   2.78963e+01   2.60875e-03  -3.19598e+01
  21  alpha_A0     2.39704e-01   3.64453e-02  -9.74882e-04  -2.00928e+01
  22  beta_A0     -9.64240e-02   1.42116e-02   3.96046e-04   3.39487e+01
  23  alpha_phi   -8.23022e-02   1.29150e-02   3.67696e-04   2.73169e+01
  24  beta_phi    -2.25152e-01   3.51736e-02   9.33297e-04   4.32670e+01
 EXTERNAL ERROR MATRIX.    NDIM=  25    NPAR=  7    ERR DEF=1
  6.561e-08 -4.986e-09 -2.628e-03  3.293e-06 -1.232e-06 -1.233e-06 -3.521e-06 
 -4.986e-09  2.809e-08  9.299e-05 -1.129e-07  3.923e-08  3.252e-08  1.594e-07 
 -2.628e-03  9.299e-05  7.806e+02 -1.018e+00  3.961e-01  3.600e-01  9.820e-01 
  3.293e-06 -1.129e-07 -1.018e+00  1.328e-03 -5.165e-04 -4.693e-04 -1.280e-03 
