 + ++++++++++++++++++++++++++++++++++++++++++++++++++++++++++++++++++++ +
 +                                                                      +
 +           You have chose to blind your fitting according to          +
 +                omega_ref * (1 + (R +/- deltaR) *10^{-6})             +
 +                                                                      +
 + ++++++++++++++++++++++++++++++++++++++++++++++++++++++++++++++++++++ +
In main()...
reading format from /gm2data/zkhechad/run45/envelope/formats/formatB_sBin_constraintOn.txt
pBinTau 	= 0  
pBinPhi 	= 0  
constraintau 	= 1 
includeMopTerm 	= 0    
constrainMop    = 0   
Parameters after format file: pBinTau 0 pBinPhi 0 constraintau 1 includeMopTerm 0 constrainMop 0 c_e_scale 0.000000 
Opening file /gm2data/tbarrett/gm2fr/studies/run23_bunch_corrections/CorrectedFourier_Run3b.root.
reading full fit data from /gm2data/zkhechad/cboTemplates/Run4CBOTemplates/templateFits0_v2.0/noRF/sBin_constraintOn_cE0.0_seed0_noRF_calo6.root
windowBins = 69
fitting sliding window 1768 from bin 1904 at 283.927600 to bin 1973 at 294.371600 (69 bins)

Reading data from /gm2data/cornell/histograms/aMethod/histogram_a_noRF.root
 **********
 **    1 **SET PRINTOUT            1
 **********
 **********
 **    2 **SET NOWARNINGS 
 **********
 PARAMETER DEFINITIONS:
    NO.   NAME         VALUE      STEP SIZE      LIMITS
     1 N0           2.90949e+06  1.00000e+02     no limits
     2 tau          6.43983e+01  constant
     3 A0           3.53683e-01  1.00000e-04     no limits
     4 phi          4.11541e+00  1.00000e-02     no limits
     5 R           -6.16270e+01  constant
     6 alpha_CBO    0.00000e+00  1.00000e-03     no limits
     7 w_CBO        2.32500e+00  constant
     8 beta_CBO     0.00000e+00  1.00000e-03     no limits
     9 alpha_2CBO   0.00000e+00  1.00000e-03     no limits
    10 beta_2CBO    0.00000e+00  1.00000e-03     no limits
    11 alpha_y      0.00000e+00  1.00000e-03     no limits
    12 w_y          1.44500e+01  constant
    13 beta_y       0.00000e+00  1.00000e-03     no limits
    14 alpha_vw     0.00000e+00  1.00000e-03     no limits
    15 w_vw         1.29000e+01  constant
    16 beta_vw      0.00000e+00  1.00000e-03     no limits
    17 LM          -2.35969e-04  constant
    18 zeta_y       0.00000e+00  constant
    19 zeta_vw      0.00000e+00  constant
    20 T_CBO        1.00000e+02  1.00000e+00    0.00000e+00  1.00000e+03
    21 alpha_A0     0.00000e+00  1.00000e-03     no limits
    22 beta_A0      0.00000e+00  1.00000e-03     no limits
    23 alpha_phi    0.00000e+00  1.00000e-03     no limits
    24 beta_phi     0.00000e+00  1.00000e-03     no limits
MINUIT - FIT ONLY WIGGLE
 **********
 **    3 **FIX            5
 **********
 PARAMETER    5  IS CONSTANT.   IGNORED.
 **********
 **    4 **FIX            6
 **********
 **********
 **    5 **FIX            7
 **********
 PARAMETER    7  IS CONSTANT.   IGNORED.
 **********
 **    6 **FIX            8
 **********
 **********
 **    7 **FIX            9
 **********
 **********
 **    8 **FIX           10
 **********
 **********
 **    9 **FIX           11
 **********
 **********
 **   10 **FIX           12
 **********
 PARAMETER   12  IS CONSTANT.   IGNORED.
 **********
 **   11 **FIX           13
 **********
 **********
 **   12 **FIX           14
 **********
 **********
 **   13 **FIX           15
 **********
 PARAMETER   15  IS CONSTANT.   IGNORED.
 **********
 **   14 **FIX           16
 **********
 **********
 **   15 **MIGRAD
 **********
 FIRST CALL TO USER FUNCTION AT NEW START POINT, WITH IFLAG=4.
 START MIGRAD MINIMIZATION.  STRATEGY  1.  CONVERGENCE WHEN EDM .LT. 1.00e-04
 FCN=86.4221 FROM MIGRAD    STATUS=INITIATE      437 CALLS         438 TOTAL
                     EDM= unknown      STRATEGY= 1      NO ERROR MATRIX       
  EXT PARAMETER               CURRENT GUESS       STEP         FIRST   
  NO.   NAME      VALUE            ERROR          SIZE      DERIVATIVE 
   1  N0           2.90949e+06   1.00000e+02   0.00000e+00   1.18380e-03
   2  tau          6.43983e+01   constant   
   3  A0           3.53683e-01   1.00000e-04   0.00000e+00  -9.60691e+02
   4  phi          4.11541e+00   1.00000e-02   0.00000e+00   2.82120e+03
   5  R           -6.16270e+01   constant   
   6  alpha_CBO    0.00000e+00     fixed    
   7  w_CBO        2.32500e+00   constant   
   8  beta_CBO     0.00000e+00     fixed    
   9  alpha_2CBO   0.00000e+00     fixed    
  10  beta_2CBO    0.00000e+00     fixed    
  11  alpha_y      0.00000e+00     fixed    
  12  w_y          1.44500e+01   constant   
  13  beta_y       0.00000e+00     fixed    
  14  alpha_vw     0.00000e+00     fixed    
  15  w_vw         1.29000e+01   constant   
  16  beta_vw      0.00000e+00     fixed    
  17  LM          -2.35969e-04   constant   
  18  zeta_y       0.00000e+00   constant   
  19  zeta_vw      0.00000e+00   constant   
  20  T_CBO        1.00000e+02   1.00000e+00   0.00000e+00   0.00000e+00
  21  alpha_A0     0.00000e+00   1.00000e-03   0.00000e+00   3.30212e+01
  22  beta_A0      0.00000e+00   1.00000e-03   0.00000e+00  -3.26586e+01
  23  alpha_phi    0.00000e+00   1.00000e-03   0.00000e+00  -3.61247e+01
  24  beta_phi     0.00000e+00   1.00000e-03   0.00000e+00  -5.52750e+01
 CALL LIMIT EXCEEDED IN MIGRAD.
 MIGRAD TERMINATED WITHOUT CONVERGENCE.
 FCN=76.7626 FROM MIGRAD    STATUS=CALL LIMIT   1335 CALLS        1336 TOTAL
                     EDM=0.00310845    STRATEGY= 1  ERROR MATRIX UNCERTAINTY   0.2 per cent
  EXT PARAMETER                APPROXIMATE        STEP         FIRST   
  NO.   NAME      VALUE            ERROR          SIZE      DERIVATIVE 
   1  N0           2.90831e+06   1.21088e+03  -2.73095e+00  -4.21689e-06
   2  tau          6.43983e+01   constant   
   3  A0           3.53727e-01   5.03552e-04   2.82905e-06   1.25212e+01
   4  phi          4.11129e+00   1.56338e-03  -5.98156e-05  -3.46529e+01
   5  R           -6.16270e+01   constant   
   6  alpha_CBO    0.00000e+00     fixed    
   7  w_CBO        2.32500e+00   constant   
   8  beta_CBO     0.00000e+00     fixed    
   9  alpha_2CBO   0.00000e+00     fixed    
  10  beta_2CBO    0.00000e+00     fixed    
  11  alpha_y      0.00000e+00     fixed    
  12  w_y          1.44500e+01   constant   
  13  beta_y       0.00000e+00     fixed    
  14  alpha_vw     0.00000e+00     fixed    
  15  w_vw         1.29000e+01   constant   
  16  beta_vw      0.00000e+00     fixed    
  17  LM          -2.35969e-04   constant   
  18  zeta_y       0.00000e+00   constant   
  19  zeta_vw      0.00000e+00   constant   
  20  T_CBO        4.30541e+01   3.34428e+01  -3.66713e-03   1.21490e+00
  21  alpha_A0    -2.26912e+00   1.03688e+01  -2.90245e-01   5.37885e-03
  22  beta_A0      2.20194e+00   9.99594e+00   2.79547e-01  -3.86487e-02
  23  alpha_phi    1.81771e+00   8.61980e+00   2.42253e-01   1.52163e-02
  24  beta_phi     1.43025e+00   6.81377e+00   1.91142e-01   5.71708e-02
 EXTERNAL ERROR MATRIX.    NDIM=  25    NPAR=  8    ERR DEF=1
  1.466e+06  1.095e-01  1.535e-01  1.067e+03  4.088e+02 -4.031e+02 -3.456e+02 -2.642e+02 
  1.095e-01  2.536e-07  2.286e-08  1.394e-04  6.714e-05 -6.490e-05 -5.508e-05 -4.413e-05 
  1.535e-01  2.286e-08  2.444e-06  2.220e-02  6.984e-03 -6.730e-03 -5.798e-03 -4.580e-03 
  1.067e+03  1.394e-04  2.220e-02  1.129e+03  3.462e+02 -3.338e+02 -2.877e+02 -2.275e+02 
  4.088e+02  6.714e-05  6.984e-03  3.462e+02  1.075e+02 -1.036e+02 -8.938e+01 -7.065e+01 
 -4.031e+02 -6.490e-05 -6.730e-03 -3.338e+02 -1.036e+02  9.992e+01  8.616e+01  6.811e+01 
 -3.456e+02 -5.508e-05 -5.798e-03 -2.877e+02 -8.938e+01  8.616e+01  7.430e+01  5.873e+01 
 -2.642e+02 -4.413e-05 -4.580e-03 -2.275e+02 -7.065e+01  6.811e+01  5.873e+01  4.643e+01 
ERR MATRIX APPROXIMATE
 PARAMETER  CORRELATION COEFFICIENTS  
       NO.  GLOBAL      1      3      4     20     21     22     23     24
        1  0.32085   1.000  0.180  0.081  0.026  0.033 -0.033 -0.033 -0.032
        3  0.19640   0.180  1.000  0.029  0.008  0.013 -0.013 -0.013 -0.013
        4  0.46821   0.081  0.029  1.000  0.423  0.431 -0.431 -0.430 -0.430
       20  0.99520   0.026  0.008  0.423  1.000  0.994 -0.994 -0.994 -0.994
       21  0.99999   0.033  0.013  0.431  0.994  1.000 -1.000 -1.000 -1.000
       22  0.99999  -0.033 -0.013 -0.431 -0.994 -1.000  1.000  1.000  1.000
       23  0.99999  -0.033 -0.013 -0.430 -0.994 -1.000  1.000  1.000  1.000
       24  0.99998  -0.032 -0.013 -0.430 -0.994 -1.000  1.000  1.000  1.000
 ERR MATRIX APPROXIMATE
MINUIT - FIT ONLY 1-CBO + wiggle
 **********
 **   16 **RES 
 **********
                   PARAMETER   16  beta_vw RESTORED TO VARIABLE.
                   PARAMETER   14  alpha_vw RESTORED TO VARIABLE.
                   PARAMETER   13  beta_y RESTORED TO VARIABLE.
                   PARAMETER   11  alpha_y RESTORED TO VARIABLE.
                   PARAMETER   10  beta_2CBO RESTORED TO VARIABLE.
                   PARAMETER    9  alpha_2CBO RESTORED TO VARIABLE.
                   PARAMETER    8  beta_CBO RESTORED TO VARIABLE.
                   PARAMETER    6  alpha_CBO RESTORED TO VARIABLE.
 **********
 **   17 **FIX            8
 **********
 **********
 **   18 **FIX            9
 **********
 **********
 **   19 **FIX           11
 **********
 **********
 **   20 **FIX           12
 **********
 PARAMETER   12  IS CONSTANT.   IGNORED.
 **********
 **   21 **FIX           14
 **********
 **********
 **   22 **FIX           15
 **********
 PARAMETER   15  IS CONSTANT.   IGNORED.
 **********
 **   23 **FIX           16
 **********
 **********
 **   24 **MIGRAD
 **********
 START MIGRAD MINIMIZATION.  STRATEGY  1.  CONVERGENCE WHEN EDM .LT. 1.00e-04
 FCN=76.7626 FROM MIGRAD    STATUS=INITIATE       28 CALLS        1364 TOTAL
                     EDM= unknown      STRATEGY= 1      NO ERROR MATRIX       
  EXT PARAMETER               CURRENT GUESS       STEP         FIRST   
  NO.   NAME      VALUE            ERROR          SIZE      DERIVATIVE 
   1  N0           2.90831e+06   1.21088e+03  -2.73095e+00  -4.21689e-06
   2  tau          6.43983e+01   constant   
   3  A0           3.53727e-01   5.03552e-04   2.82905e-06   1.25212e+01
   4  phi          4.11129e+00   1.56338e-03  -5.98156e-05  -3.46529e+01
   5  R           -6.16270e+01   constant   
   6  alpha_CBO    0.00000e+00   1.00000e-03   1.00000e-03   5.70401e+03
   7  w_CBO        2.32500e+00   constant   
   8  beta_CBO     0.00000e+00     fixed    
   9  alpha_2CBO   0.00000e+00     fixed    
  10  beta_2CBO    0.00000e+00   1.00000e-03   1.00000e-03  -1.06657e+03
  11  alpha_y      0.00000e+00     fixed    
  12  w_y          1.44500e+01   constant   
  13  beta_y       0.00000e+00   1.00000e-03   1.00000e-03  -7.52196e+03
  14  alpha_vw     0.00000e+00     fixed    
  15  w_vw         1.29000e+01   constant   
  16  beta_vw      0.00000e+00     fixed    
  17  LM          -2.35969e-04   constant   
  18  zeta_y       0.00000e+00   constant   
  19  zeta_vw      0.00000e+00   constant   
  20  T_CBO        4.30541e+01   3.34428e+01  -3.66713e-03   1.21484e+00
  21  alpha_A0    -2.26912e+00   1.03688e+01  -2.90245e-01   5.37885e-03
  22  beta_A0      2.20194e+00   9.99594e+00   2.79547e-01  -3.86487e-02
  23  alpha_phi    1.81771e+00   8.61980e+00   2.42253e-01   1.52163e-02
  24  beta_phi     1.43025e+00   6.81377e+00   1.91142e-01   5.71708e-02
 CALL LIMIT EXCEEDED IN MIGRAD.
 MIGRAD TERMINATED WITHOUT CONVERGENCE.
 FCN=68.6519 FROM MIGRAD    STATUS=CALL LIMIT   1915 CALLS        3251 TOTAL
                     EDM=0.00511461    STRATEGY= 1  ERROR MATRIX UNCERTAINTY  41.0 per cent
  EXT PARAMETER                APPROXIMATE        STEP         FIRST   
  NO.   NAME      VALUE            ERROR          SIZE      DERIVATIVE 
   1  N0           2.90828e+06   1.17026e+03  -4.17962e-01   1.04813e-06
   2  tau          6.43983e+01   constant   
   3  A0           3.53805e-01   5.09719e-04  -3.89151e-07   3.70128e-01
   4  phi          4.11151e+00   1.53617e-03  -6.10577e-07   4.14576e+00
   5  R           -6.16270e+01   constant   
   6  alpha_CBO   -1.05765e-03   5.74467e-04  -1.02309e-06   1.75247e+01
   7  w_CBO        2.32500e+00   constant   
   8  beta_CBO     0.00000e+00     fixed    
   9  alpha_2CBO   0.00000e+00     fixed    
  10  beta_2CBO    1.86259e-04   5.62253e-04  -4.64121e-07  -2.39289e+00
  11  alpha_y      0.00000e+00     fixed    
  12  w_y          1.44500e+01   constant   
  13  beta_y       1.24888e-03   5.61602e-04  -1.29233e-07   1.38161e+01
  14  alpha_vw     0.00000e+00     fixed    
  15  w_vw         1.29000e+01   constant   
  16  beta_vw      0.00000e+00     fixed    
  17  LM          -2.35969e-04   constant   
  18  zeta_y       0.00000e+00   constant   
  19  zeta_vw      0.00000e+00   constant   
  20  T_CBO        1.95467e+01   3.30363e+00   1.84680e-04   2.98480e+00
  21  alpha_A0    -8.47366e+03   2.08937e+04  -1.29808e+02  -1.13702e-06
  22  beta_A0      7.69691e+03   1.89864e+04   1.17968e+02  -6.34044e-06
  23  alpha_phi    4.28123e+03   1.05450e+04   6.54971e+01   2.12536e-06
  24  beta_phi     3.76121e+03   9.26244e+03   5.75278e+01   4.30191e-06
 EXTERNAL ERROR MATRIX.    NDIM=  25    NPAR= 11    ERR DEF=1
  1.370e+06 
  1.276e-01  2.598e-07 
  1.377e-01  8.573e-09  2.360e-06 
  1.052e-02 -3.210e-08 -9.499e-08  3.300e-07 
 -1.741e-02  7.845e-09  1.518e-09 -5.679e-09  3.161e-07 
 -3.434e-03  3.426e-10  8.281e-09 -4.851e-09 -5.593e-10  3.154e-07 
 -1.405e+01  5.450e-05 -1.201e-04  1.607e-05  2.781e-05 -1.866e-05  1.092e+01 
  2.949e+05  5.382e-01  5.491e-01  4.787e-02  4.636e-02 -1.390e-01  6.765e+04  4.365e+08 
 -2.685e+05 -4.891e-01 -4.989e-01 -4.342e-02 -4.216e-02  1.263e-01 -6.147e+04 -3.967e+08  3.605e+08 
 -1.492e+05 -2.717e-01 -2.771e-01 -2.399e-02 -2.340e-02  7.014e-02 -3.414e+04 -2.203e+08  2.002e+08  1.112e+08 
 -1.307e+05 -2.386e-01 -2.435e-01 -2.112e-02 -2.055e-02  6.161e-02 -2.999e+04 -1.935e+08  1.759e+08  9.767e+07  8.579e+07 
ERR MATRIX APPROXIMATE
 PARAMETER  CORRELATION COEFFICIENTS  
       NO.  GLOBAL      1      3      4      6     10     13     20     21     22     23     24
        1  0.34894   1.000  0.214  0.077  0.016 -0.026 -0.005 -0.004  0.012 -0.012 -0.012 -0.012
        3  0.26601   0.214  1.000  0.011 -0.110  0.027  0.001  0.032  0.051 -0.051 -0.051 -0.051
        4  0.25542   0.077  0.011  1.000 -0.108  0.002  0.010 -0.024  0.017 -0.017 -0.017 -0.017
        6  0.23045   0.016 -0.110 -0.108  1.000 -0.018 -0.015  0.008  0.004 -0.004 -0.004 -0.004
       10  0.08223  -0.026  0.027  0.002 -0.018  1.000 -0.002  0.015  0.004 -0.004 -0.004 -0.004
       13  0.02624  -0.005  0.001  0.010 -0.015 -0.002  1.000 -0.010 -0.012  0.012  0.012  0.012
       20  0.98173  -0.004  0.032 -0.024  0.008  0.015 -0.010  1.000  0.980 -0.980 -0.980 -0.980
       21  1.00000   0.012  0.051  0.017  0.004  0.004 -0.012  0.980  1.000 -1.000 -1.000 -1.000
       22  1.00000  -0.012 -0.051 -0.017 -0.004 -0.004  0.012 -0.980 -1.000  1.000  1.000  1.000
       23  1.00000  -0.012 -0.051 -0.017 -0.004 -0.004  0.012 -0.980 -1.000  1.000  1.000  1.000
       24  1.00000  -0.012 -0.051 -0.017 -0.004 -0.004  0.012 -0.980 -1.000  1.000  1.000  1.000
 ERR MATRIX APPROXIMATE
MINUIT - FIT ONLY 2-CBO
 **********
 **   25 **RES 
 **********
                   PARAMETER   16  beta_vw RESTORED TO VARIABLE.
                   PARAMETER   14  alpha_vw RESTORED TO VARIABLE.
                   PARAMETER   11  alpha_y RESTORED TO VARIABLE.
                   PARAMETER    9  alpha_2CBO RESTORED TO VARIABLE.
                   PARAMETER    8  beta_CBO RESTORED TO VARIABLE.
 **********
 **   26 **FIX            0
 **********
 PARAMETER    0  IS UNDEFINED. IGNORED.
 **********
 **   27 **FIX            1
 **********
 **********
 **   28 **FIX            2
 **********
 PARAMETER    2  IS CONSTANT.   IGNORED.
 **********
 **   29 **FIX            3
 **********
 **********
 **   30 **FIX            4
 **********
 **********
 **   31 **FIX            5
 **********
 PARAMETER    5  IS CONSTANT.   IGNORED.
 **********
 **   32 **FIX            6
 **********
 **********
 **   33 **FIX            7
 **********
 PARAMETER    7  IS CONSTANT.   IGNORED.
 **********
 **   34 **FIX           10
 **********
 **********
 **   35 **FIX           11
 **********
 **********
 **   36 **FIX           12
 **********
 PARAMETER   12  IS CONSTANT.   IGNORED.
 **********
 **   37 **FIX           13
 **********
 **********
 **   38 **FIX           14
 **********
 **********
 **   39 **FIX           15
 **********
 PARAMETER   15  IS CONSTANT.   IGNORED.
 **********
 **   40 **FIX           16
 **********
 **********
 **   41 **MIGRAD
 **********
 START MIGRAD MINIMIZATION.  STRATEGY  1.  CONVERGENCE WHEN EDM .LT. 1.00e-04
 FCN=68.6519 FROM MIGRAD    STATUS=INITIATE       18 CALLS        3269 TOTAL
                     EDM= unknown      STRATEGY= 1      NO ERROR MATRIX       
  EXT PARAMETER               CURRENT GUESS       STEP         FIRST   
  NO.   NAME      VALUE            ERROR          SIZE      DERIVATIVE 
   1  N0           2.90828e+06     fixed    
   2  tau          6.43983e+01   constant   
   3  A0           3.53805e-01     fixed    
   4  phi          4.11151e+00     fixed    
   5  R           -6.16270e+01   constant   
   6  alpha_CBO   -1.05765e-03     fixed    
   7  w_CBO        2.32500e+00   constant   
   8  beta_CBO     0.00000e+00   1.00000e-03   1.00000e-03   1.10634e+04
   9  alpha_2CBO   0.00000e+00   1.00000e-03   1.00000e-03   3.42507e+03
  10  beta_2CBO    1.86259e-04     fixed    
  11  alpha_y      0.00000e+00     fixed    
  12  w_y          1.44500e+01   constant   
  13  beta_y       1.24888e-03     fixed    
  14  alpha_vw     0.00000e+00     fixed    
  15  w_vw         1.29000e+01   constant   
  16  beta_vw      0.00000e+00     fixed    
  17  LM          -2.35969e-04   constant   
  18  zeta_y       0.00000e+00   constant   
  19  zeta_vw      0.00000e+00   constant   
  20  T_CBO        1.95467e+01   3.30363e+00   1.84680e-04   2.98465e+00
  21  alpha_A0    -8.47366e+03   2.08937e+04  -1.29808e+02  -1.13702e-06
  22  beta_A0      7.69691e+03   1.89864e+04   1.17968e+02  -6.34044e-06
  23  alpha_phi    4.28123e+03   1.05450e+04   6.54971e+01   2.12536e-06
  24  beta_phi     3.76121e+03   9.26244e+03   5.75278e+01   4.30191e-06
 CALL LIMIT EXCEEDED IN MIGRAD.
 MIGRAD TERMINATED WITHOUT CONVERGENCE.
 FCN=57.4468 FROM MIGRAD    STATUS=CALL LIMIT   1160 CALLS        4411 TOTAL
                     EDM=0.00137087    STRATEGY= 1  ERROR MATRIX UNCERTAINTY   8.8 per cent
  EXT PARAMETER                APPROXIMATE        STEP         FIRST   
  NO.   NAME      VALUE            ERROR          SIZE      DERIVATIVE 
   1  N0           2.90828e+06     fixed    
   2  tau          6.43983e+01   constant   
   3  A0           3.53805e-01     fixed    
   4  phi          4.11151e+00     fixed    
   5  R           -6.16270e+01   constant   
   6  alpha_CBO   -1.05765e-03     fixed    
   7  w_CBO        2.32500e+00   constant   
   8  beta_CBO    -1.81563e-03   5.66053e-04  -2.65816e-06   5.56067e+01
   9  alpha_2CBO  -5.25709e-04   5.65756e-04  -3.16613e-06   5.86753e+01
  10  beta_2CBO    1.86259e-04     fixed    
  11  alpha_y      0.00000e+00     fixed    
  12  w_y          1.44500e+01   constant   
  13  beta_y       1.24888e-03     fixed    
  14  alpha_vw     0.00000e+00     fixed    
  15  w_vw         1.29000e+01   constant   
  16  beta_vw      0.00000e+00     fixed    
  17  LM          -2.35969e-04   constant   
  18  zeta_y       0.00000e+00   constant   
  19  zeta_vw      0.00000e+00   constant   
  20  T_CBO        1.31103e+01   2.75736e+00  -8.12613e-04  -1.41303e+01
  21  alpha_A0    -1.03781e+07   4.11295e+07  -1.27122e+06   1.56854e-08
  22  beta_A0      7.45660e+06   2.98080e+07   9.21135e+05  -4.57854e-09
  23  alpha_phi    5.71717e+06   2.27038e+07   7.01712e+05   1.86010e-08
  24  beta_phi     7.28072e+05   3.01172e+06   9.29922e+04  -6.03946e-09
 EXTERNAL ERROR MATRIX.    NDIM=  25    NPAR=  7    ERR DEF=1
  3.204e-07 -2.178e-08 -1.595e-05 -6.303e+02  4.573e+02  3.481e+02  4.690e+01 
 -2.178e-08  3.201e-07 -3.287e-07 -2.778e+02  2.016e+02  1.530e+02  1.985e+01 
 -1.595e-05 -3.287e-07  7.605e+00  1.129e+08 -8.180e+07 -6.230e+07 -8.264e+06 
 -6.303e+02 -2.778e+02  1.129e+08  1.692e+15 -1.226e+15 -9.338e+14 -1.239e+14 
  4.573e+02  2.016e+02 -8.180e+07 -1.226e+15  8.885e+14  6.768e+14  8.977e+13 
  3.481e+02  1.530e+02 -6.230e+07 -9.338e+14  6.768e+14  5.155e+14  6.838e+13 
  4.690e+01  1.985e+01 -8.264e+06 -1.239e+14  8.977e+13  6.838e+13  9.070e+12 
ERR MATRIX APPROXIMATE
 PARAMETER  CORRELATION COEFFICIENTS  
       NO.  GLOBAL      8      9     20     21     22     23     24
        8  0.22063   1.000 -0.068 -0.010 -0.027  0.027  0.027  0.028
        9  0.24027  -0.068  1.000 -0.000 -0.012  0.012  0.012  0.012
       20  0.99661  -0.010 -0.000  1.000  0.995 -0.995 -0.995 -0.995
       21  1.00000  -0.027 -0.012  0.995  1.000 -1.000 -1.000 -1.000
       22  1.00000   0.027  0.012 -0.995 -1.000  1.000  1.000  1.000
       23  1.00000   0.027  0.012 -0.995 -1.000  1.000  1.000  1.000
       24  1.00000   0.028  0.012 -0.995 -1.000  1.000  1.000  1.000
 ERR MATRIX APPROXIMATE
MINUIT - FIT wiggle + 1-CBO + 2-CBO
 **********
 **   42 **RES 
 **********
                   PARAMETER   16  beta_vw RESTORED TO VARIABLE.
                   PARAMETER   14  alpha_vw RESTORED TO VARIABLE.
                   PARAMETER   13  beta_y RESTORED TO VARIABLE.
                   PARAMETER   11  alpha_y RESTORED TO VARIABLE.
                   PARAMETER   10  beta_2CBO RESTORED TO VARIABLE.
                   PARAMETER    6  alpha_CBO RESTORED TO VARIABLE.
                   PARAMETER    4  phi RESTORED TO VARIABLE.
                   PARAMETER    3  A0 RESTORED TO VARIABLE.
                   PARAMETER    1  N0 RESTORED TO VARIABLE.
 **********
 **   43 **FIX           10
 **********
 **********
 **   44 **FIX           11
 **********
 **********
 **   45 **FIX           12
 **********
 PARAMETER   12  IS CONSTANT.   IGNORED.
 **********
 **   46 **FIX           13
 **********
 **********
 **   47 **FIX           14
 **********
 **********
 **   48 **FIX           15
 **********
 PARAMETER   15  IS CONSTANT.   IGNORED.
 **********
 **   49 **FIX           16
 **********
 **********
 **   50 **MIGRAD
 **********
 START MIGRAD MINIMIZATION.  STRATEGY  1.  CONVERGENCE WHEN EDM .LT. 1.00e-04
 FCN=57.4468 FROM MIGRAD    STATUS=INITIATE       22 CALLS        4433 TOTAL
                     EDM= unknown      STRATEGY= 1      NO ERROR MATRIX       
  EXT PARAMETER               CURRENT GUESS       STEP         FIRST   
  NO.   NAME      VALUE            ERROR          SIZE      DERIVATIVE 
   1  N0           2.90828e+06   1.17026e+03   1.17026e+03   1.36568e-04
   2  tau          6.43983e+01   constant   
   3  A0           3.53805e-01   5.09719e-04   5.09719e-04   1.41760e+03
   4  phi          4.11151e+00   1.53617e-03   1.53617e-03  -9.38709e+02
   5  R           -6.16270e+01   constant   
   6  alpha_CBO   -1.05765e-03   5.74467e-04   5.74467e-04   8.04576e+01
   7  w_CBO        2.32500e+00   constant   
   8  beta_CBO    -1.81563e-03   5.66053e-04  -2.65816e-06   5.56067e+01
   9  alpha_2CBO  -5.25709e-04   5.65756e-04  -3.16613e-06   5.86753e+01
  10  beta_2CBO    1.86259e-04     fixed    
  11  alpha_y      0.00000e+00     fixed    
  12  w_y          1.44500e+01   constant   
  13  beta_y       1.24888e-03     fixed    
  14  alpha_vw     0.00000e+00     fixed    
  15  w_vw         1.29000e+01   constant   
  16  beta_vw      0.00000e+00     fixed    
  17  LM          -2.35969e-04   constant   
  18  zeta_y       0.00000e+00   constant   
  19  zeta_vw      0.00000e+00   constant   
  20  T_CBO        1.31103e+01   2.75736e+00  -8.12613e-04  -1.41301e+01
  21  alpha_A0    -1.03781e+07   4.11295e+07  -1.27122e+06   1.56852e-08
  22  beta_A0      7.45660e+06   2.98080e+07   9.21135e+05  -4.57788e-09
  23  alpha_phi    5.71717e+06   2.27038e+07   7.01712e+05   1.86010e-08
  24  beta_phi     7.28072e+05   3.01172e+06   9.29922e+04  -6.03948e-09
 CALL LIMIT EXCEEDED IN MIGRAD.
 MIGRAD TERMINATED WITHOUT CONVERGENCE.
 FCN=56.449 FROM MIGRAD    STATUS=CALL LIMIT   1928 CALLS        6339 TOTAL
                     EDM=0.00534231    STRATEGY= 1  ERROR MATRIX UNCERTAINTY  25.8 per cent
  EXT PARAMETER                APPROXIMATE        STEP         FIRST   
  NO.   NAME      VALUE            ERROR          SIZE      DERIVATIVE 
   1  N0           2.90813e+06   1.18333e+03   2.05841e+01   2.33288e-05
   2  tau          6.43983e+01   constant   
   3  A0           3.53558e-01   5.09948e-04   4.42449e-06   4.53759e+01
   4  phi          4.11283e+00   1.57056e-03   8.29388e-05   5.45330e+01
   5  R           -6.16270e+01   constant   
   6  alpha_CBO   -1.11336e-03   5.82124e-04  -8.30765e-06  -5.03516e+01
   7  w_CBO        2.32500e+00   constant   
   8  beta_CBO    -1.92980e-03   5.74359e-04   5.79501e-06   7.82757e+01
   9  alpha_2CBO  -5.45362e-04   5.62137e-04  -4.35634e-06  -2.72171e+01
  10  beta_2CBO    1.86259e-04     fixed    
  11  alpha_y      0.00000e+00     fixed    
  12  w_y          1.44500e+01   constant   
  13  beta_y       1.24888e-03     fixed    
  14  alpha_vw     0.00000e+00     fixed    
  15  w_vw         1.29000e+01   constant   
  16  beta_vw      0.00000e+00     fixed    
  17  LM          -2.35969e-04   constant   
  18  zeta_y       0.00000e+00   constant   
  19  zeta_vw      0.00000e+00   constant   
  20  T_CBO        9.13046e+00   1.47192e+00  -1.76194e-03  -1.11273e+01
  21  alpha_A0    -1.37491e+11   4.48194e+11  -6.10879e+10   6.34861e-14
  22  beta_A0      1.13692e+11   3.70609e+11   5.05131e+10  -1.12007e-12
  23  alpha_phi    7.89736e+10   2.57465e+11   3.50920e+10   8.73641e-13
  24  beta_phi     1.02120e+10   3.33674e+10   4.54815e+09   8.86444e-13
 EXTERNAL ERROR MATRIX.    NDIM=  25    NPAR= 11    ERR DEF=1
  1.400e+06 
  1.230e-01  2.600e-07 
  9.688e-02 -5.056e-08  2.467e-06 
  1.097e-02 -3.436e-08 -7.501e-08  3.389e-07 
 -9.056e-03  3.330e-08 -2.289e-07  3.897e-10  3.299e-07 
  2.216e-02 -1.006e-08 -1.966e-08  2.245e-08 -2.905e-09  3.160e-07 
 -2.689e+01  1.253e-05 -9.006e-05  1.259e-05  7.401e-06  9.715e-06  2.167e+00 
 -1.504e+12  6.732e+06 -1.321e+07  4.519e+06 -4.095e+06  9.618e+05  6.352e+11  2.009e+23 
  1.240e+12 -5.567e+06  1.093e+07 -3.737e+06  3.387e+06 -7.949e+05 -5.252e+11 -1.661e+23  1.374e+23 
  8.621e+11 -3.867e+06  7.591e+06 -2.595e+06  2.352e+06 -5.532e+05 -3.649e+11 -1.154e+23  9.542e+22  6.629e+22 
  1.122e+11 -5.018e+05  9.829e+05 -3.361e+05  3.057e+05 -7.209e+04 -4.729e+10 -1.496e+22  1.237e+22  8.591e+21  1.113e+21 
ERR MATRIX APPROXIMATE
 PARAMETER  CORRELATION COEFFICIENTS  
       NO.  GLOBAL      1      3      4      6      8      9     20     21     22     23     24
        1  0.35208   1.000  0.204  0.052  0.016 -0.013  0.033 -0.015 -0.003  0.003  0.003  0.003
        3  0.32717   0.204  1.000 -0.063 -0.116  0.114 -0.035  0.017  0.029 -0.029 -0.029 -0.029
        4  0.31029   0.052 -0.063  1.000 -0.082 -0.254 -0.022 -0.039 -0.019  0.019  0.019  0.019
        6  0.22583   0.016 -0.116 -0.082  1.000  0.001  0.069  0.015  0.017 -0.017 -0.017 -0.017
        8  0.33111  -0.013  0.114 -0.254  0.001  1.000 -0.009  0.009 -0.016  0.016  0.016  0.016
        9  0.22704   0.033 -0.035 -0.022  0.069 -0.009  1.000  0.012  0.004 -0.004 -0.004 -0.004
       20  0.97004  -0.015  0.017 -0.039  0.015  0.009  0.012  1.000  0.963 -0.963 -0.963 -0.963
       21  1.00000  -0.003  0.029 -0.019  0.017 -0.016  0.004  0.963  1.000 -1.000 -1.000 -1.000
       22  1.00000   0.003 -0.029  0.019 -0.017  0.016 -0.004 -0.963 -1.000  1.000  1.000  1.000
       23  1.00000   0.003 -0.029  0.019 -0.017  0.016 -0.004 -0.963 -1.000  1.000  1.000  1.000
       24  1.00000   0.003 -0.029  0.019 -0.017  0.016 -0.004 -0.963 -1.000  1.000  1.000  1.000
 ERR MATRIX APPROXIMATE
MINUIT - FIT ONLY 1-y
 **********
 **   51 **RES 
 **********
                   PARAMETER   16  beta_vw RESTORED TO VARIABLE.
                   PARAMETER   14  alpha_vw RESTORED TO VARIABLE.
                   PARAMETER   13  beta_y RESTORED TO VARIABLE.
                   PARAMETER   11  alpha_y RESTORED TO VARIABLE.
                   PARAMETER   10  beta_2CBO RESTORED TO VARIABLE.
 **********
 **   52 **FIX            0
 **********
 PARAMETER    0  IS UNDEFINED. IGNORED.
 **********
 **   53 **FIX            1
 **********
 **********
 **   54 **FIX            2
 **********
 PARAMETER    2  IS CONSTANT.   IGNORED.
 **********
 **   55 **FIX            3
 **********
 **********
 **   56 **FIX            4
 **********
 **********
 **   57 **FIX            5
 **********
 PARAMETER    5  IS CONSTANT.   IGNORED.
 **********
 **   58 **FIX            6
 **********
 **********
 **   59 **FIX            7
 **********
 PARAMETER    7  IS CONSTANT.   IGNORED.
 **********
 **   60 **FIX            8
 **********
 **********
 **   61 **FIX            9
 **********
 **********
 **   62 **FIX           13
 **********
 **********
 **   63 **FIX           14
 **********
 **********
 **   64 **FIX           15
 **********
 PARAMETER   15  IS CONSTANT.   IGNORED.
 **********
 **   65 **FIX           16
 **********
 **********
 **   66 **MIGRAD
 **********
 START MIGRAD MINIMIZATION.  STRATEGY  1.  CONVERGENCE WHEN EDM .LT. 1.00e-04
 FCN=56.4489 FROM MIGRAD    STATUS=INITIATE       37 CALLS        6376 TOTAL
                     EDM= unknown      STRATEGY= 1      NO ERROR MATRIX       
  EXT PARAMETER               CURRENT GUESS       STEP         FIRST   
  NO.   NAME      VALUE            ERROR          SIZE      DERIVATIVE 
   1  N0           2.90813e+06     fixed    
   2  tau          6.43983e+01   constant   
   3  A0           3.53558e-01     fixed    
   4  phi          4.11283e+00     fixed    
   5  R           -6.16270e+01   constant   
   6  alpha_CBO   -1.11336e-03     fixed    
   7  w_CBO        2.32500e+00   constant   
   8  beta_CBO    -1.92980e-03     fixed    
   9  alpha_2CBO  -5.45362e-04     fixed    
  10  beta_2CBO    1.86259e-04   5.62253e-04   0.00000e+00  -4.93828e+01
  11  alpha_y      0.00000e+00   1.00000e-03   0.00000e+00  -1.35865e+03
  12  w_y          1.44500e+01   constant   
  13  beta_y       1.24888e-03     fixed    
  14  alpha_vw     0.00000e+00     fixed    
  15  w_vw         1.29000e+01   constant   
  16  beta_vw      0.00000e+00     fixed    
  17  LM          -2.35969e-04   constant   
  18  zeta_y       0.00000e+00   constant   
  19  zeta_vw      0.00000e+00   constant   
  20  T_CBO        9.13046e+00   1.47192e+00   0.00000e+00  -1.09287e+01
  21  alpha_A0    -1.37491e+11   4.48194e+11   0.00000e+00   6.45342e-14
  22  beta_A0      1.13747e+11   3.70609e+11   5.42128e+07  -1.11151e-12
  23  alpha_phi    7.89736e+10   2.57465e+11   0.00000e+00   8.72230e-13
  24  beta_phi     1.02120e+10   3.33674e+10   0.00000e+00   8.85722e-13
 MIGRAD MINIMIZATION HAS CONVERGED.
 MIGRAD WILL VERIFY CONVERGENCE AND ERROR MATRIX.
 COVARIANCE MATRIX CALCULATED SUCCESSFULLY
 FCN=56.2955 FROM MIGRAD    STATUS=CONVERGED     201 CALLS        6540 TOTAL
                     EDM=3.54539e-07    STRATEGY= 1      ERROR MATRIX ACCURATE 
  EXT PARAMETER                                   STEP         FIRST   
  NO.   NAME      VALUE            ERROR          SIZE      DERIVATIVE 
   1  N0           2.90813e+06     fixed    
   2  tau          6.43983e+01   constant   
   3  A0           3.53558e-01     fixed    
   4  phi          4.11283e+00     fixed    
   5  R           -6.16270e+01   constant   
   6  alpha_CBO   -1.11336e-03     fixed    
   7  w_CBO        2.32500e+00   constant   
   8  beta_CBO    -1.92980e-03     fixed    
   9  alpha_2CBO  -5.45362e-04     fixed    
  10  beta_2CBO    1.87723e-04   5.68639e-04   2.08922e-06  -5.15909e-01
  11  alpha_y      2.16958e-04   5.65077e-04   2.08809e-06  -1.84872e-01
  12  w_y          1.44500e+01   constant   
  13  beta_y       1.24888e-03     fixed    
  14  alpha_vw     0.00000e+00     fixed    
  15  w_vw         1.29000e+01   constant   
  16  beta_vw      0.00000e+00     fixed    
  17  LM          -2.35969e-04   constant   
  18  zeta_y       0.00000e+00   constant   
  19  zeta_vw      0.00000e+00   constant   
  20  T_CBO        9.14079e+00   1.87128e-01   7.21074e-06   4.15371e-01
  21  alpha_A0    -1.33988e+11   1.41421e+00   6.38906e+04   6.52828e-14
  22  beta_A0      1.15633e+11   1.41421e+00   5.51382e+04  -1.32727e-13
  23  alpha_phi    7.29083e+10   1.41421e+00   3.47654e+04  -7.84337e-15
  24  beta_phi     6.60242e+09   1.41421e+00   3.14828e+03   1.99061e-15
 EXTERNAL ERROR MATRIX.    NDIM=  25    NPAR=  7    ERR DEF=1
  3.233e-07 -3.967e-09  1.148e-05 -7.644e-16 -1.586e-15  1.244e-15 -9.910e-16 
 -3.967e-09  3.193e-07  1.551e-06 -1.651e-17 -1.206e-17 -1.030e-17 -6.512e-18 
  1.148e-05  1.551e-06  3.502e-02  2.323e-12 -1.658e-12 -9.423e-13 -5.018e-13 
 -7.644e-16 -1.651e-17  2.323e-12  2.000e+00 -1.200e-20  1.408e-21  1.106e-20 
 -1.586e-15 -1.206e-17 -1.658e-12 -1.200e-20  2.000e+00  1.863e-21  1.051e-20 
  1.244e-15 -1.030e-17 -9.423e-13  1.408e-21  1.863e-21  2.000e+00  2.130e-20 
 -9.910e-16 -6.512e-18 -5.018e-13  1.106e-20  1.051e-20  2.130e-20  2.000e+00 
 PARAMETER  CORRELATION COEFFICIENTS  
       NO.  GLOBAL     10     11     20     21     22     23     24
       10  0.10875   1.000 -0.012  0.108 -0.000 -0.000  0.000 -0.000
       11  0.02028  -0.012  1.000  0.015 -0.000 -0.000 -0.000 -0.000
       20  0.10903   0.108  0.015  1.000  0.000 -0.000 -0.000 -0.000
       21  0.00000  -0.000 -0.000  0.000  1.000 -0.000  0.000  0.000
       22  0.00000  -0.000 -0.000 -0.000 -0.000  1.000  0.000  0.000
       23  0.00000   0.000 -0.000 -0.000  0.000  0.000  1.000  0.000
       24  0.00000  -0.000 -0.000 -0.000  0.000  0.000  0.000  1.000
MINUIT - FIT ONLY 2-y
 **********
 **   67 **RES 
 **********
                   PARAMETER   16  beta_vw RESTORED TO VARIABLE.
                   PARAMETER   14  alpha_vw RESTORED TO VARIABLE.
                   PARAMETER   13  beta_y RESTORED TO VARIABLE.
                   PARAMETER    9  alpha_2CBO RESTORED TO VARIABLE.
                   PARAMETER    8  beta_CBO RESTORED TO VARIABLE.
                   PARAMETER    6  alpha_CBO RESTORED TO VARIABLE.
                   PARAMETER    4  phi RESTORED TO VARIABLE.
                   PARAMETER    3  A0 RESTORED TO VARIABLE.
                   PARAMETER    1  N0 RESTORED TO VARIABLE.
 **********
 **   68 **FIX            0
 **********
 PARAMETER    0  IS UNDEFINED. IGNORED.
 **********
 **   69 **FIX            1
 **********
 **********
 **   70 **FIX            2
 **********
 PARAMETER    2  IS CONSTANT.   IGNORED.
 **********
 **   71 **FIX            3
 **********
 **********
 **   72 **FIX            4
 **********
 **********
 **   73 **FIX            5
 **********
 PARAMETER    5  IS CONSTANT.   IGNORED.
 **********
 **   74 **FIX            6
 **********
 **********
 **   75 **FIX            7
 **********
 PARAMETER    7  IS CONSTANT.   IGNORED.
 **********
 **   76 **FIX            8
 **********
 **********
 **   77 **FIX            9
 **********
 **********
 **   78 **FIX           10
 **********
 **********
 **   79 **FIX           11
 **********
 **********
 **   80 **FIX           12
 **********
 PARAMETER   12  IS CONSTANT.   IGNORED.
 **********
 **   81 **FIX           16
 **********
 **********
 **   82 **MIGRAD
 **********
 START MIGRAD MINIMIZATION.  STRATEGY  1.  CONVERGENCE WHEN EDM .LT. 1.00e-04
 FCN=56.2955 FROM MIGRAD    STATUS=INITIATE       79 CALLS        6619 TOTAL
                     EDM= unknown      STRATEGY= 1      NO ERROR MATRIX       
  EXT PARAMETER               CURRENT GUESS       STEP         FIRST   
  NO.   NAME      VALUE            ERROR          SIZE      DERIVATIVE 
   1  N0           2.90813e+06     fixed    
   2  tau          6.43983e+01   constant   
   3  A0           3.53558e-01     fixed    
   4  phi          4.11283e+00     fixed    
   5  R           -6.16270e+01   constant   
   6  alpha_CBO   -1.11336e-03     fixed    
   7  w_CBO        2.32500e+00   constant   
   8  beta_CBO    -1.92980e-03     fixed    
   9  alpha_2CBO  -5.45362e-04     fixed    
  10  beta_2CBO    1.87723e-04     fixed    
  11  alpha_y      2.16958e-04     fixed    
  12  w_y          1.44500e+01   constant   
  13  beta_y       1.24888e-03   5.61602e-04   0.00000e+00   1.31260e+01
  14  alpha_vw     0.00000e+00   1.00000e-03   0.00000e+00   6.78560e+02
  15  w_vw         1.29000e+01   constant   
  16  beta_vw      0.00000e+00     fixed    
  17  LM          -2.35969e-04   constant   
  18  zeta_y       0.00000e+00   constant   
  19  zeta_vw      0.00000e+00   constant   
  20  T_CBO        9.14079e+00   1.87128e-01   0.00000e+00   1.33932e+00
  21  alpha_A0    -1.34116e+11   1.41421e+00   0.00000e+00   4.33460e-14
  22  beta_A0      1.15633e+11   1.41421e+00   0.00000e+00  -1.36353e-13
  23  alpha_phi    7.29431e+10   1.41421e+00   3.47654e+07  -3.88284e-15
  24  beta_phi     6.60242e+09   1.41421e+00   0.00000e+00   5.32860e-15
 MIGRAD MINIMIZATION HAS CONVERGED.
 MIGRAD WILL VERIFY CONVERGENCE AND ERROR MATRIX.
 COVARIANCE MATRIX CALCULATED SUCCESSFULLY
 FCN=56.2587 FROM MIGRAD    STATUS=CONVERGED     160 CALLS        6700 TOTAL
                     EDM=1.9955e-06    STRATEGY= 1      ERROR MATRIX ACCURATE 
  EXT PARAMETER                                   STEP         FIRST   
  NO.   NAME      VALUE            ERROR          SIZE      DERIVATIVE 
   1  N0           2.90813e+06     fixed    
   2  tau          6.43983e+01   constant   
   3  A0           3.53558e-01     fixed    
   4  phi          4.11283e+00     fixed    
   5  R           -6.16270e+01   constant   
   6  alpha_CBO   -1.11336e-03     fixed    
   7  w_CBO        2.32500e+00   constant   
   8  beta_CBO    -1.92980e-03     fixed    
   9  alpha_2CBO  -5.45362e-04     fixed    
  10  beta_2CBO    1.87723e-04     fixed    
  11  alpha_y      2.16958e-04     fixed    
  12  w_y          1.44500e+01   constant   
  13  beta_y       1.24637e-03   5.71085e-04   2.10939e-06  -9.35274e-02
  14  alpha_vw    -1.08369e-04   5.65116e-04   2.08782e-06  -2.37920e-02
  15  w_vw         1.29000e+01   constant   
  16  beta_vw      0.00000e+00     fixed    
  17  LM          -2.35969e-04   constant   
  18  zeta_y       0.00000e+00   constant   
  19  zeta_vw      0.00000e+00   constant   
  20  T_CBO        9.14010e+00   1.89488e-01   7.21947e-06  -4.08203e-01
  21  alpha_A0    -1.34119e+11   1.06444e+10   6.39529e+04   4.80409e-14
  22  beta_A0      1.15643e+11   9.10252e+09   5.51430e+04  -1.89305e-13
  23  alpha_phi    7.29029e+10   6.26276e+10   3.47628e+04   1.92783e-14
  24  beta_phi     6.60223e+09   6.80096e+09   3.14819e+03   5.10305e-15
 EXTERNAL ERROR MATRIX.    NDIM=  25    NPAR=  7    ERR DEF=1
  3.261e-07  9.799e-10  1.693e-06  8.169e+03  1.042e+04  5.776e+05  4.569e+04 
  9.799e-10  3.194e-07  9.881e-07  3.315e+03  4.485e+03  2.341e+05  1.865e+04 
  1.693e-06  9.881e-07  3.591e-02  5.035e+07 -9.989e+07 -1.980e+09 -1.670e+08 
  8.169e+03  3.315e+03  5.035e+07  1.133e+20  3.576e+19  1.171e+20  8.797e+18 
  1.042e+04  4.485e+03 -9.989e+07  3.576e+19  8.286e+19  1.521e+20  1.843e+19 
  5.776e+05  2.341e+05 -1.980e+09  1.171e+20  1.521e+20  3.922e+21  3.099e+20 
  4.569e+04  1.865e+04 -1.670e+08  8.797e+18  1.843e+19  3.099e+20  4.625e+19 
 PARAMETER  CORRELATION COEFFICIENTS  
       NO.  GLOBAL     13     14     20     21     22     23     24
       13  0.02495   1.000  0.003  0.016  0.001  0.002  0.016  0.012
       14  0.01275   0.003  1.000  0.009  0.001  0.001  0.007  0.005
       20  0.18044   0.016  0.009  1.000  0.025 -0.058 -0.167 -0.130
       21  0.38734   0.001  0.001  0.025  1.000  0.369  0.176  0.122
       22  0.45049   0.002  0.001 -0.058  0.369  1.000  0.267  0.298
