 + ++++++++++++++++++++++++++++++++++++++++++++++++++++++++++++++++++++ +
 +                                                                      +
 +           You have chose to blind your fitting according to          +
 +                omega_ref * (1 + (R +/- deltaR) *10^{-6})             +
 +                                                                      +
 + ++++++++++++++++++++++++++++++++++++++++++++++++++++++++++++++++++++ +
In main()...
reading format from /gm2data/zkhechad/run45/envelope/formats/formatB_sBin_constraintOn.txt
pBinTau 	= 0  
pBinPhi 	= 0  
constraintau 	= 1 
includeMopTerm 	= 0    
constrainMop    = 0   
Parameters after format file: pBinTau 0 pBinPhi 0 constraintau 1 includeMopTerm 0 constrainMop 0 c_e_scale 0.000000 
Opening file /gm2data/tbarrett/gm2fr/studies/run23_bunch_corrections/CorrectedFourier_Run3b.root.
reading full fit data from /gm2data/zkhechad/cboTemplates/Run4CBOTemplates/fullFits/noRF/sBin_constraintOn_cE0.0_seed0_noRF_calo15.root
windowBins = 69
fitting sliding window 1610 from bin 1746 at 260.354000 to bin 1815 at 270.798000 (69 bins)

Reading data from /gm2data/cornell/histograms/aMethod/histogram_a_noRF.root
 **********
 **    1 **SET PRINTOUT            1
 **********
 **********
 **    2 **SET NOWARNINGS 
 **********
 PARAMETER DEFINITIONS:
    NO.   NAME         VALUE      STEP SIZE      LIMITS
     1 N0           3.09348e+06  1.00000e+02     no limits
     2 tau          6.43983e+01  constant
     3 A0           3.54040e-01  1.00000e-04     no limits
     4 phi          4.11948e+00  1.00000e-02     no limits
     5 R           -6.00563e+01  constant
     6 alpha_CBO    0.00000e+00  1.00000e-03     no limits
     7 w_CBO        2.32500e+00  constant
     8 beta_CBO     0.00000e+00  1.00000e-03     no limits
     9 alpha_2CBO   0.00000e+00  1.00000e-03     no limits
    10 beta_2CBO    0.00000e+00  1.00000e-03     no limits
    11 alpha_y      0.00000e+00  1.00000e-03     no limits
    12 w_y          1.38860e+01  constant
    13 beta_y       0.00000e+00  1.00000e-03     no limits
    14 alpha_vw     0.00000e+00  1.00000e-03     no limits
    15 w_vw         1.43404e+01  constant
    16 beta_vw      0.00000e+00  1.00000e-03     no limits
    17 LM          -1.62209e-04  constant
    18 zeta_y       0.00000e+00  constant
    19 zeta_vw      0.00000e+00  constant
    20 T_CBO        1.00000e+02  1.00000e+00    0.00000e+00  1.00000e+03
    21 alpha_A0     0.00000e+00  1.00000e-04   -1.00000e-02  1.00000e-02
    22 beta_A0      0.00000e+00  1.00000e-04   -1.00000e-02  1.00000e-02
    23 alpha_phi    0.00000e+00  1.00000e-04   -1.00000e-02  1.00000e-02
    24 beta_phi     0.00000e+00  1.00000e-04   -1.00000e-02  1.00000e-02
MINUIT - FIT ONLY WIGGLE
 **********
 **    3 **FIX            5
 **********
 PARAMETER    5  IS CONSTANT.   IGNORED.
 **********
 **    4 **FIX            6
 **********
 **********
 **    5 **FIX            7
 **********
 PARAMETER    7  IS CONSTANT.   IGNORED.
 **********
 **    6 **FIX            8
 **********
 **********
 **    7 **FIX            9
 **********
 **********
 **    8 **FIX           10
 **********
 **********
 **    9 **FIX           11
 **********
 **********
 **   10 **FIX           12
 **********
 PARAMETER   12  IS CONSTANT.   IGNORED.
 **********
 **   11 **FIX           13
 **********
 **********
 **   12 **FIX           14
 **********
 **********
 **   13 **FIX           15
 **********
 PARAMETER   15  IS CONSTANT.   IGNORED.
 **********
 **   14 **FIX           16
 **********
 **********
 **   15 **MIGRAD
 **********
 FIRST CALL TO USER FUNCTION AT NEW START POINT, WITH IFLAG=4.
 START MIGRAD MINIMIZATION.  STRATEGY  1.  CONVERGENCE WHEN EDM .LT. 1.00e-04
 FCN=87.2311 FROM MIGRAD    STATUS=INITIATE      437 CALLS         438 TOTAL
                     EDM= unknown      STRATEGY= 1      NO ERROR MATRIX       
  EXT PARAMETER               CURRENT GUESS       STEP         FIRST   
  NO.   NAME      VALUE            ERROR          SIZE      DERIVATIVE 
   1  N0           3.09348e+06   1.00000e+02   0.00000e+00   3.66244e-04
   2  tau          6.43983e+01   constant   
   3  A0           3.54040e-01   1.00000e-04   0.00000e+00   7.77247e+03
   4  phi          4.11948e+00   1.00000e-02   0.00000e+00   1.97397e+03
   5  R           -6.00563e+01   constant   
   6  alpha_CBO    0.00000e+00     fixed    
   7  w_CBO        2.32500e+00   constant   
   8  beta_CBO     0.00000e+00     fixed    
   9  alpha_2CBO   0.00000e+00     fixed    
  10  beta_2CBO    0.00000e+00     fixed    
  11  alpha_y      0.00000e+00     fixed    
  12  w_y          1.38860e+01   constant   
  13  beta_y       0.00000e+00     fixed    
  14  alpha_vw     0.00000e+00     fixed    
  15  w_vw         1.43404e+01   constant   
  16  beta_vw      0.00000e+00     fixed    
  17  LM          -1.62209e-04   constant   
  18  zeta_y       0.00000e+00   constant   
  19  zeta_vw      0.00000e+00   constant   
  20  T_CBO        1.00000e+02   1.00000e+00   0.00000e+00   0.00000e+00
  21  alpha_A0     0.00000e+00   1.00000e-04   0.00000e+00   2.95898e-02
  22  beta_A0      0.00000e+00   1.00000e-04   0.00000e+00   1.20530e-01
  23  alpha_phi    0.00000e+00   1.00000e-04   0.00000e+00  -1.67033e-01
  24  beta_phi     0.00000e+00   1.00000e-04   0.00000e+00   8.11057e-02
 MIGRAD MINIMIZATION HAS CONVERGED.
 FCN=82.5347 FROM MIGRAD    STATUS=CONVERGED    1107 CALLS        1108 TOTAL
                     EDM=8.77091e-06    STRATEGY= 1  ERROR MATRIX UNCERTAINTY   2.3 per cent
  EXT PARAMETER                                   STEP         FIRST   
  NO.   NAME      VALUE            ERROR          SIZE      DERIVATIVE 
   1  N0           3.09364e+06   1.04414e+03  -1.15004e-01   1.73057e-06
   2  tau          6.43983e+01   constant   
   3  A0           3.53251e-01   4.51960e-04   1.31984e-07   2.91881e-01
   4  phi          4.11792e+00   1.27464e-03  -4.22855e-07  -2.69818e-01
   5  R           -6.00563e+01   constant   
   6  alpha_CBO    0.00000e+00     fixed    
   7  w_CBO        2.32500e+00   constant   
   8  beta_CBO     0.00000e+00     fixed    
   9  alpha_2CBO   0.00000e+00     fixed    
  10  beta_2CBO    0.00000e+00     fixed    
  11  alpha_y      0.00000e+00     fixed    
  12  w_y          1.38860e+01   constant   
  13  beta_y       0.00000e+00     fixed    
  14  alpha_vw     0.00000e+00     fixed    
  15  w_vw         1.43404e+01   constant   
  16  beta_vw      0.00000e+00     fixed    
  17  LM          -1.62209e-04   constant   
  18  zeta_y       0.00000e+00   constant   
  19  zeta_vw      0.00000e+00   constant   
  20  T_CBO        9.98779e+02   9.21340e+02   1.61146e-02  -1.37671e-04
  21  alpha_A0    -2.15937e-04   2.53627e-03  -3.08746e-04  -9.82059e-03
  22  beta_A0      1.49473e-04   2.68171e-03   1.44511e-04   4.79564e-04
  23  alpha_phi    1.28875e-03   2.58350e-03   6.89551e-04  -1.01429e-03
  24  beta_phi    -1.37685e-04   2.44407e-03   9.24214e-05  -4.24760e-03
 EXTERNAL ERROR MATRIX.    NDIM=  25    NPAR=  8    ERR DEF=1
  1.090e+06 -4.105e-02 -1.706e-01  1.011e+05 -1.416e-01  5.338e-01  5.675e-01  2.528e-01 
 -4.105e-02  2.043e-07 -2.057e-09  1.451e-02  2.278e-08 -2.082e-07 -1.997e-07  1.059e-07 
 -1.706e-01 -2.057e-09  1.625e-06 -9.221e-02 -1.155e-08  5.952e-08 -5.755e-08 -4.778e-07 
  1.011e+05  1.451e-02 -9.221e-02  9.147e+05 -3.913e-01  2.859e-03 -4.553e-01  1.527e-01 
 -1.416e-01  2.278e-08 -1.155e-08 -3.913e-01  6.576e-06 -4.160e-07  1.164e-06 -1.600e-07 
  5.338e-01 -2.082e-07  5.952e-08  2.859e-03 -4.160e-07  7.371e-06  6.087e-07 -9.480e-07 
  5.675e-01 -1.997e-07 -5.755e-08 -4.553e-01  1.164e-06  6.087e-07  6.831e-06 -4.444e-07 
  2.528e-01  1.059e-07 -4.778e-07  1.527e-01 -1.600e-07 -9.480e-07 -4.444e-07  6.096e-06 
 PARAMETER  CORRELATION COEFFICIENTS  
       NO.  GLOBAL      1      3      4     20     21     22     23     24
        1  0.35049   1.000 -0.087 -0.128  0.101 -0.053  0.188  0.208  0.098
        3  0.24401  -0.087  1.000 -0.004  0.034  0.020 -0.170 -0.169  0.095
        4  0.20006  -0.128 -0.004  1.000 -0.076 -0.004  0.017 -0.017 -0.152
       20  0.26839   0.101  0.034 -0.076  1.000 -0.160  0.001 -0.182  0.065
       21  0.24083  -0.053  0.020 -0.004 -0.160  1.000 -0.060  0.174 -0.025
       22  0.28942   0.188 -0.170  0.017  0.001 -0.060  1.000  0.086 -0.141
       23  0.36726   0.208 -0.169 -0.017 -0.182  0.174  0.086  1.000 -0.069
       24  0.25708   0.098  0.095 -0.152  0.065 -0.025 -0.141 -0.069  1.000
MINUIT - FIT ONLY 1-CBO + wiggle
 **********
 **   16 **RES 
 **********
                   PARAMETER   16  beta_vw RESTORED TO VARIABLE.
                   PARAMETER   14  alpha_vw RESTORED TO VARIABLE.
                   PARAMETER   13  beta_y RESTORED TO VARIABLE.
                   PARAMETER   11  alpha_y RESTORED TO VARIABLE.
                   PARAMETER   10  beta_2CBO RESTORED TO VARIABLE.
                   PARAMETER    9  alpha_2CBO RESTORED TO VARIABLE.
                   PARAMETER    8  beta_CBO RESTORED TO VARIABLE.
                   PARAMETER    6  alpha_CBO RESTORED TO VARIABLE.
 **********
 **   17 **FIX            8
 **********
 **********
 **   18 **FIX            9
 **********
 **********
 **   19 **FIX           11
 **********
 **********
 **   20 **FIX           12
 **********
 PARAMETER   12  IS CONSTANT.   IGNORED.
 **********
 **   21 **FIX           14
 **********
 **********
 **   22 **FIX           15
 **********
 PARAMETER   15  IS CONSTANT.   IGNORED.
 **********
 **   23 **FIX           16
 **********
 **********
 **   24 **MIGRAD
 **********
 START MIGRAD MINIMIZATION.  STRATEGY  1.  CONVERGENCE WHEN EDM .LT. 1.00e-04
 FCN=82.5347 FROM MIGRAD    STATUS=INITIATE       28 CALLS        1136 TOTAL
                     EDM= unknown      STRATEGY= 1      NO ERROR MATRIX       
  EXT PARAMETER               CURRENT GUESS       STEP         FIRST   
  NO.   NAME      VALUE            ERROR          SIZE      DERIVATIVE 
   1  N0           3.09364e+06   1.04414e+03  -1.15004e-01   1.73057e-06
   2  tau          6.43983e+01   constant   
   3  A0           3.53251e-01   4.51960e-04   1.31984e-07   2.91881e-01
   4  phi          4.11792e+00   1.27464e-03  -4.22855e-07  -2.69818e-01
   5  R           -6.00563e+01   constant   
   6  alpha_CBO    0.00000e+00   1.00000e-03   1.00000e-03  -1.86801e+04
   7  w_CBO        2.32500e+00   constant   
   8  beta_CBO     0.00000e+00     fixed    
   9  alpha_2CBO   0.00000e+00     fixed    
  10  beta_2CBO    0.00000e+00   1.00000e-03   1.00000e-03   9.21359e+02
  11  alpha_y      0.00000e+00     fixed    
  12  w_y          1.38860e+01   constant   
  13  beta_y       0.00000e+00   1.00000e-03   1.00000e-03  -5.52550e+03
  14  alpha_vw     0.00000e+00     fixed    
  15  w_vw         1.43404e+01   constant   
  16  beta_vw      0.00000e+00     fixed    
  17  LM          -1.62209e-04   constant   
  18  zeta_y       0.00000e+00   constant   
  19  zeta_vw      0.00000e+00   constant   
  20  T_CBO        9.98779e+02   9.21340e+02   1.61146e-02  -1.39382e-04
  21  alpha_A0    -2.15937e-04   2.53627e-03  -3.08746e-04  -9.82062e-03
  22  beta_A0      1.49473e-04   2.68171e-03   1.44511e-04   4.79590e-04
  23  alpha_phi    1.28875e-03   2.58350e-03   6.89551e-04  -1.01429e-03
  24  beta_phi    -1.37685e-04   2.44407e-03   9.24214e-05  -4.24761e-03
 MIGRAD MINIMIZATION HAS CONVERGED.
 MIGRAD WILL VERIFY CONVERGENCE AND ERROR MATRIX.
 COVARIANCE MATRIX CALCULATED SUCCESSFULLY
 FCN=61.445 FROM MIGRAD    STATUS=CONVERGED     263 CALLS        1371 TOTAL
                     EDM=1.50273e-05    STRATEGY= 1      ERROR MATRIX ACCURATE 
  EXT PARAMETER                                   STEP         FIRST   
  NO.   NAME      VALUE            ERROR          SIZE      DERIVATIVE 
   1  N0           3.09397e+06   1.07349e+03   3.81031e+00   2.13487e-06
   2  tau          6.43983e+01   constant   
   3  A0           3.53734e-01   4.68765e-04   1.70414e-06  -2.45808e+00
   4  phi          4.11717e+00   1.30754e-03   4.88771e-06  -1.66918e+00
   5  R           -6.00563e+01   constant   
   6  alpha_CBO    2.08365e-03   4.72903e-04   1.73130e-06   1.09257e+00
   7  w_CBO        2.32500e+00   constant   
   8  beta_CBO     0.00000e+00     fixed    
   9  alpha_2CBO   0.00000e+00     fixed    
  10  beta_2CBO   -3.25114e-05   4.65874e-04   1.75299e-06   4.20990e+00
  11  alpha_y      0.00000e+00     fixed    
  12  w_y          1.38860e+01   constant   
  13  beta_y       5.83632e-04   4.62337e-04   1.78290e-06  -2.09629e+00
  14  alpha_vw     0.00000e+00     fixed    
  15  w_vw         1.43404e+01   constant   
  16  beta_vw      0.00000e+00     fixed    
  17  LM          -1.62209e-04   constant   
  18  zeta_y       0.00000e+00   constant   
  19  zeta_vw      0.00000e+00   constant   
  20  T_CBO        9.99984e+02   8.46066e+02   1.33795e-01   1.26291e-05
  21  alpha_A0    -2.00694e-03   2.39190e-03   8.84577e-04  -2.45944e-04
  22  beta_A0     -3.40330e-04   2.51785e-03   9.41879e-04   5.64352e-03
  23  alpha_phi    5.80493e-04   2.43280e-03   9.00570e-04   8.13324e-03
  24  beta_phi     4.96954e-04   2.34119e-03   8.78727e-04  -3.69939e-03
 EXTERNAL ERROR MATRIX.    NDIM=  25    NPAR= 11    ERR DEF=1
  1.152e+06 
 -2.575e-02  2.197e-07 
 -2.326e-01 -3.648e-08  1.710e-06 
  3.292e-02  5.191e-08 -8.320e-08  2.236e-07 
  6.918e-03  1.384e-08 -3.122e-08  7.836e-09  2.170e-07 
  7.320e-03  1.790e-09  3.916e-09 -8.356e-10 -2.278e-09  2.138e-07 
  7.967e+01 -1.379e-04 -1.884e-04 -2.209e-05 -5.846e-05  1.482e-05  2.000e+04 
 -2.680e-01 -3.143e-08  1.333e-07 -1.877e-07  1.103e-07  6.363e-09 -1.008e-01  5.839e-06 
  5.295e-01 -2.041e-07  2.627e-08 -6.193e-08 -1.045e-07  1.377e-08 -1.445e-02  1.425e-08  6.478e-06 
  6.264e-01 -2.156e-07 -7.513e-08 -6.972e-08  3.488e-08 -1.706e-08  2.790e-02 -1.218e-07  8.135e-07  6.040e-06 
  1.944e-01  1.193e-07 -4.600e-07  7.351e-08  1.867e-07  1.092e-08  2.488e-02  1.611e-07 -5.112e-07 -9.781e-08  5.585e-06 
 PARAMETER  CORRELATION COEFFICIENTS  
       NO.  GLOBAL      1      3      4      6     10     13     20     21     22     23     24
        1  0.35838   1.000 -0.051 -0.166  0.065  0.014  0.015  0.001 -0.103  0.194  0.237  0.077
        3  0.33511  -0.051  1.000 -0.060  0.234  0.063  0.008 -0.002 -0.028 -0.171 -0.187  0.108
        4  0.24789  -0.166 -0.060  1.000 -0.135 -0.051  0.006 -0.001  0.042  0.008 -0.023 -0.149
        6  0.31583   0.065  0.234 -0.135  1.000  0.036 -0.004 -0.000 -0.164 -0.051 -0.060  0.066
       10  0.22136   0.014  0.063 -0.051  0.036  1.000 -0.011 -0.001  0.098 -0.088  0.030  0.170
       13  0.03409   0.015  0.008  0.006 -0.004 -0.011  1.000  0.000  0.006  0.012 -0.015  0.010
       20  0.32650   0.001 -0.002 -0.001 -0.000 -0.001  0.000  1.000 -0.295 -0.040  0.080  0.074
       21  0.37005  -0.103 -0.028  0.042 -0.164  0.098  0.006 -0.295  1.000  0.002 -0.021  0.028
       22  0.28499   0.194 -0.171  0.008 -0.051 -0.088  0.012 -0.040  0.002  1.000  0.130 -0.085
       23  0.31821   0.237 -0.187 -0.023 -0.060  0.030 -0.015  0.080 -0.021  0.130  1.000 -0.017
       24  0.27141   0.077  0.108 -0.149  0.066  0.170  0.010  0.074  0.028 -0.085 -0.017  1.000
MINUIT - FIT ONLY 2-CBO
 **********
 **   25 **RES 
 **********
                   PARAMETER   16  beta_vw RESTORED TO VARIABLE.
                   PARAMETER   14  alpha_vw RESTORED TO VARIABLE.
                   PARAMETER   11  alpha_y RESTORED TO VARIABLE.
                   PARAMETER    9  alpha_2CBO RESTORED TO VARIABLE.
                   PARAMETER    8  beta_CBO RESTORED TO VARIABLE.
 **********
 **   26 **FIX            0
 **********
 PARAMETER    0  IS UNDEFINED. IGNORED.
 **********
 **   27 **FIX            1
 **********
 **********
 **   28 **FIX            2
 **********
 PARAMETER    2  IS CONSTANT.   IGNORED.
 **********
 **   29 **FIX            3
 **********
 **********
 **   30 **FIX            4
 **********
 **********
 **   31 **FIX            5
 **********
 PARAMETER    5  IS CONSTANT.   IGNORED.
 **********
 **   32 **FIX            6
 **********
 **********
 **   33 **FIX            7
 **********
 PARAMETER    7  IS CONSTANT.   IGNORED.
 **********
 **   34 **FIX           10
 **********
 **********
 **   35 **FIX           11
 **********
 **********
 **   36 **FIX           12
 **********
 PARAMETER   12  IS CONSTANT.   IGNORED.
 **********
 **   37 **FIX           13
 **********
 **********
 **   38 **FIX           14
 **********
 **********
 **   39 **FIX           15
 **********
 PARAMETER   15  IS CONSTANT.   IGNORED.
 **********
 **   40 **FIX           16
 **********
 **********
 **   41 **MIGRAD
 **********
 START MIGRAD MINIMIZATION.  STRATEGY  1.  CONVERGENCE WHEN EDM .LT. 1.00e-04
 FCN=61.445 FROM MIGRAD    STATUS=INITIATE       18 CALLS        1389 TOTAL
                     EDM= unknown      STRATEGY= 1      NO ERROR MATRIX       
  EXT PARAMETER               CURRENT GUESS       STEP         FIRST   
  NO.   NAME      VALUE            ERROR          SIZE      DERIVATIVE 
   1  N0           3.09397e+06     fixed    
   2  tau          6.43983e+01   constant   
   3  A0           3.53734e-01     fixed    
   4  phi          4.11717e+00     fixed    
   5  R           -6.00563e+01   constant   
   6  alpha_CBO    2.08365e-03     fixed    
   7  w_CBO        2.32500e+00   constant   
   8  beta_CBO     0.00000e+00   1.00000e-03   1.00000e-03  -7.45702e+03
   9  alpha_2CBO   0.00000e+00   1.00000e-03   1.00000e-03   1.43401e+03
  10  beta_2CBO   -3.25114e-05     fixed    
  11  alpha_y      0.00000e+00     fixed    
  12  w_y          1.38860e+01   constant   
  13  beta_y       5.83632e-04     fixed    
  14  alpha_vw     0.00000e+00     fixed    
  15  w_vw         1.43404e+01   constant   
  16  beta_vw      0.00000e+00     fixed    
  17  LM          -1.62209e-04   constant   
  18  zeta_y       0.00000e+00   constant   
  19  zeta_vw      0.00000e+00   constant   
  20  T_CBO        9.99984e+02   8.46066e+02   1.33795e-01  -1.30163e-05
  21  alpha_A0    -2.00694e-03   2.39190e-03   8.84577e-04  -2.43074e-04
  22  beta_A0     -3.40330e-04   2.51785e-03   9.41879e-04   5.64404e-03
  23  alpha_phi    5.80493e-04   2.43280e-03   9.00570e-04   8.13241e-03
  24  beta_phi     4.96954e-04   2.34119e-03   8.78727e-04  -3.70010e-03
 MIGRAD MINIMIZATION HAS CONVERGED.
 MIGRAD WILL VERIFY CONVERGENCE AND ERROR MATRIX.
 COVARIANCE MATRIX CALCULATED SUCCESSFULLY
 FCN=58.126 FROM MIGRAD    STATUS=CONVERGED     134 CALLS        1505 TOTAL
                     EDM=2.56813e-07    STRATEGY= 1      ERROR MATRIX ACCURATE 
  EXT PARAMETER                                   STEP         FIRST   
  NO.   NAME      VALUE            ERROR          SIZE      DERIVATIVE 
   1  N0           3.09397e+06     fixed    
   2  tau          6.43983e+01   constant   
   3  A0           3.53734e-01     fixed    
   4  phi          4.11717e+00     fixed    
   5  R           -6.00563e+01   constant   
   6  alpha_CBO    2.08365e-03     fixed    
   7  w_CBO        2.32500e+00   constant   
   8  beta_CBO     8.46855e-04   4.73176e-04   1.75714e-06  -4.30652e-01
   9  alpha_2CBO  -2.24636e-04   4.75620e-04   1.73411e-06   7.87995e-01
  10  beta_2CBO   -3.25114e-05     fixed    
  11  alpha_y      0.00000e+00     fixed    
  12  w_y          1.38860e+01   constant   
  13  beta_y       5.83632e-04     fixed    
  14  alpha_vw     0.00000e+00     fixed    
  15  w_vw         1.43404e+01   constant   
  16  beta_vw      0.00000e+00     fixed    
  17  LM          -1.62209e-04   constant   
  18  zeta_y       0.00000e+00   constant   
  19  zeta_vw      0.00000e+00   constant   
  20  T_CBO        1.00000e+03   9.60837e+02   1.32482e-01** at limit **
  21  alpha_A0    -1.98892e-03   2.31703e-03   8.60105e-04  -6.08466e-04
  22  beta_A0     -7.39486e-04   2.46994e-03   9.18248e-04  -1.53439e-03
  23  alpha_phi    4.89540e-04   2.34569e-03   8.75908e-04  -4.60987e-04
  24  beta_phi     6.21540e-04   2.27758e-03   8.55597e-04   1.51180e-03
 EXTERNAL ERROR MATRIX.    NDIM=  25    NPAR=  7    ERR DEF=1
  2.239e-07 -1.676e-08 -5.779e-07 -1.152e-08 -1.333e-07  8.877e-09  1.894e-08 
 -1.676e-08  2.262e-07 -2.825e-06 -8.509e-08 -1.415e-07  1.690e-07 -7.337e-08 
 -5.779e-07 -2.825e-06  1.116e+01 -2.059e-03 -7.213e-04  4.726e-04  6.545e-04 
 -1.152e-08 -8.509e-08 -2.059e-03  5.472e-06  2.528e-07 -7.841e-08  1.997e-07 
 -1.333e-07 -1.415e-07 -7.213e-04  2.528e-07  6.230e-06  2.322e-07 -3.777e-07 
  8.877e-09  1.690e-07  4.726e-04 -7.841e-08  2.322e-07  5.607e-06 -1.776e-07 
  1.894e-08 -7.337e-08  6.545e-04  1.997e-07 -3.777e-07 -1.776e-07  5.280e-06 
 PARAMETER  CORRELATION COEFFICIENTS  
       NO.  GLOBAL      8      9     20     21     22     23     24
        8  0.14747   1.000 -0.074 -0.000 -0.010 -0.113  0.008  0.017
        9  0.23873  -0.074  1.000 -0.002 -0.076 -0.119  0.150 -0.067
       20  0.29739  -0.000 -0.002  1.000 -0.263 -0.086  0.060  0.085
       21  0.28103  -0.010 -0.076 -0.263  1.000  0.043 -0.014  0.037
       22  0.21247  -0.113 -0.119 -0.086  0.043  1.000  0.039 -0.066
       23  0.17784   0.008  0.150  0.060 -0.014  0.039  1.000 -0.033
       24  0.14215   0.017 -0.067  0.085  0.037 -0.066 -0.033  1.000
MINUIT - FIT wiggle + 1-CBO + 2-CBO
 **********
 **   42 **RES 
 **********
                   PARAMETER   16  beta_vw RESTORED TO VARIABLE.
                   PARAMETER   14  alpha_vw RESTORED TO VARIABLE.
                   PARAMETER   13  beta_y RESTORED TO VARIABLE.
                   PARAMETER   11  alpha_y RESTORED TO VARIABLE.
                   PARAMETER   10  beta_2CBO RESTORED TO VARIABLE.
                   PARAMETER    6  alpha_CBO RESTORED TO VARIABLE.
                   PARAMETER    4  phi RESTORED TO VARIABLE.
                   PARAMETER    3  A0 RESTORED TO VARIABLE.
                   PARAMETER    1  N0 RESTORED TO VARIABLE.
 **********
 **   43 **FIX           10
 **********
 **********
 **   44 **FIX           11
 **********
 **********
 **   45 **FIX           12
 **********
 PARAMETER   12  IS CONSTANT.   IGNORED.
 **********
 **   46 **FIX           13
 **********
 **********
 **   47 **FIX           14
 **********
 **********
 **   48 **FIX           15
 **********
 PARAMETER   15  IS CONSTANT.   IGNORED.
 **********
 **   49 **FIX           16
 **********
 **********
 **   50 **MIGRAD
 **********
 START MIGRAD MINIMIZATION.  STRATEGY  1.  CONVERGENCE WHEN EDM .LT. 1.00e-04
 FCN=58.126 FROM MIGRAD    STATUS=INITIATE       22 CALLS        1527 TOTAL
                     EDM= unknown      STRATEGY= 1      NO ERROR MATRIX       
  EXT PARAMETER               CURRENT GUESS       STEP         FIRST   
  NO.   NAME      VALUE            ERROR          SIZE      DERIVATIVE 
   1  N0           3.09397e+06   1.07349e+03   1.07349e+03  -2.99747e-04
   2  tau          6.43983e+01   constant   
   3  A0           3.53734e-01   4.68765e-04   4.68765e-04  -8.69963e+02
   4  phi          4.11717e+00   1.30754e-03   1.30754e-03  -5.15306e+02
   5  R           -6.00563e+01   constant   
   6  alpha_CBO    2.08365e-03   4.72903e-04   4.72903e-04  -1.21703e+01
   7  w_CBO        2.32500e+00   constant   
   8  beta_CBO     8.46855e-04   4.73176e-04   1.75714e-06  -4.30587e-01
   9  alpha_2CBO  -2.24636e-04   4.75620e-04   1.73411e-06   7.88132e-01
  10  beta_2CBO   -3.25114e-05     fixed    
  11  alpha_y      0.00000e+00     fixed    
  12  w_y          1.38860e+01   constant   
  13  beta_y       5.83632e-04     fixed    
  14  alpha_vw     0.00000e+00     fixed    
  15  w_vw         1.43404e+01   constant   
  16  beta_vw      0.00000e+00     fixed    
  17  LM          -1.62209e-04   constant   
  18  zeta_y       0.00000e+00   constant   
  19  zeta_vw      0.00000e+00   constant   
  20  T_CBO        9.99999e+02   9.60837e+02   1.32482e-01  -3.25742e-06
  21  alpha_A0    -1.98892e-03   2.31703e-03   8.60105e-04  -6.03858e-04
  22  beta_A0     -7.39486e-04   2.46994e-03   9.18248e-04  -1.53288e-03
  23  alpha_phi    4.89540e-04   2.34569e-03   8.75908e-04  -4.62152e-04
  24  beta_phi     6.21540e-04   2.27758e-03   8.55597e-04   1.51028e-03
 MIGRAD MINIMIZATION HAS CONVERGED.
 MIGRAD WILL VERIFY CONVERGENCE AND ERROR MATRIX.
 COVARIANCE MATRIX CALCULATED SUCCESSFULLY
 FCN=57.9672 FROM MIGRAD    STATUS=CONVERGED     219 CALLS        1724 TOTAL
                     EDM=1.85936e-06    STRATEGY= 1      ERROR MATRIX ACCURATE 
  EXT PARAMETER                                   STEP         FIRST   
  NO.   NAME      VALUE            ERROR          SIZE      DERIVATIVE 
   1  N0           3.09408e+06   1.07538e+03   3.70281e+00   2.70057e-07
   2  tau          6.43983e+01   constant   
   3  A0           3.53820e-01   4.70065e-04   1.65607e-06  -3.55032e-02
   4  phi          4.11757e+00   1.32353e-03   4.74836e-06  -8.00110e-02
   5  R           -6.00563e+01   constant   
   6  alpha_CBO    2.09097e-03   4.73000e-04   1.68229e-06  -3.45277e+00
   7  w_CBO        2.32500e+00   constant   
   8  beta_CBO     8.86650e-04   4.83562e-04   1.75469e-06   3.77201e-01
   9  alpha_2CBO  -2.39311e-04   4.77616e-04   1.73169e-06  -9.90334e-01
  10  beta_2CBO   -3.25114e-05     fixed    
  11  alpha_y      0.00000e+00     fixed    
  12  w_y          1.38860e+01   constant   
  13  beta_y       5.83632e-04     fixed    
  14  alpha_vw     0.00000e+00     fixed    
  15  w_vw         1.43404e+01   constant   
  16  beta_vw      0.00000e+00     fixed    
  17  LM          -1.62209e-04   constant   
  18  zeta_y       0.00000e+00   constant   
  19  zeta_vw      0.00000e+00   constant   
  20  T_CBO        1.00000e+03   5.37956e+02   1.09081e-01** at limit **
  21  alpha_A0    -2.00875e-03   2.32540e-03   8.59112e-04  -4.30923e-03
  22  beta_A0     -7.59420e-04   2.54676e-03   9.16994e-04   1.25667e-04
  23  alpha_phi    4.63033e-04   2.44847e-03   8.74401e-04   7.85434e-04
  24  beta_phi     5.90032e-04   2.30889e-03   8.54019e-04   1.91285e-03
 EXTERNAL ERROR MATRIX.    NDIM=  25    NPAR= 11    ERR DEF=1
  1.156e+06 
 -2.356e-02  2.210e-07 
 -2.191e-01 -2.431e-08  1.752e-06 
  3.229e-02  5.151e-08 -8.127e-08  2.237e-07 
  2.449e-02  2.167e-08  1.031e-07  3.703e-09  2.338e-07 
 -2.259e-02 -7.621e-09 -3.031e-08  8.479e-09 -2.026e-08  2.281e-07 
  4.339e-01 -5.484e-07 -1.462e-06 -7.825e-08 -2.863e-07 -5.852e-07  1.098e+00 
 -2.658e-01 -3.811e-08  1.501e-07 -1.955e-07 -1.731e-08 -8.868e-08 -4.700e-04  5.512e-06 
  5.321e-01 -2.065e-07 -3.964e-08 -6.632e-08 -1.400e-07 -1.470e-07 -1.667e-04  1.370e-07  6.632e-06 
  6.110e-01 -2.216e-07 -8.465e-08 -6.474e-08  7.035e-10  1.632e-07  1.024e-04 -1.094e-07  7.194e-07  6.119e-06 
  1.959e-01  1.086e-07 -4.218e-07  6.403e-08  1.048e-08 -7.270e-08  1.401e-04  1.587e-07 -3.788e-07 -1.990e-07  5.429e-06 
 PARAMETER  CORRELATION COEFFICIENTS  
       NO.  GLOBAL      1      3      4      6      8      9     20     21     22     23     24
        1  0.36255   1.000 -0.047 -0.154  0.063  0.047 -0.044  0.000 -0.105  0.192  0.230  0.078
        3  0.34226  -0.047  1.000 -0.039  0.232  0.095 -0.034 -0.001 -0.035 -0.171 -0.191  0.099
        4  0.29067  -0.154 -0.039  1.000 -0.130  0.161 -0.048 -0.001  0.048 -0.012 -0.026 -0.137
        6  0.31660   0.063  0.232 -0.130  1.000  0.016  0.038 -0.000 -0.176 -0.054 -0.055  0.058
        8  0.25181   0.047  0.095  0.161  0.016  1.000 -0.088 -0.001 -0.015 -0.112  0.001  0.009
        9  0.25486  -0.044 -0.034 -0.048  0.038 -0.088  1.000 -0.001 -0.079 -0.120  0.138 -0.065
       20  0.21971   0.000 -0.001 -0.001 -0.000 -0.001 -0.001  1.000 -0.191 -0.062  0.040  0.057
       21  0.29332  -0.105 -0.035  0.048 -0.176 -0.015 -0.079 -0.191  1.000  0.023 -0.019  0.029
       22  0.32141   0.192 -0.171 -0.012 -0.054 -0.112 -0.120 -0.062  0.023  1.000  0.113 -0.063
       23  0.33647   0.230 -0.191 -0.026 -0.055  0.001  0.138  0.040 -0.019  0.113  1.000 -0.035
       24  0.21830   0.078  0.099 -0.137  0.058  0.009 -0.065  0.057  0.029 -0.063 -0.035  1.000
MINUIT - FIT ONLY 1-y
 **********
 **   51 **RES 
 **********
                   PARAMETER   16  beta_vw RESTORED TO VARIABLE.
                   PARAMETER   14  alpha_vw RESTORED TO VARIABLE.
                   PARAMETER   13  beta_y RESTORED TO VARIABLE.
                   PARAMETER   11  alpha_y RESTORED TO VARIABLE.
                   PARAMETER   10  beta_2CBO RESTORED TO VARIABLE.
 **********
 **   52 **FIX            0
 **********
 PARAMETER    0  IS UNDEFINED. IGNORED.
 **********
 **   53 **FIX            1
 **********
 **********
 **   54 **FIX            2
 **********
 PARAMETER    2  IS CONSTANT.   IGNORED.
 **********
 **   55 **FIX            3
 **********
 **********
 **   56 **FIX            4
 **********
 **********
 **   57 **FIX            5
 **********
 PARAMETER    5  IS CONSTANT.   IGNORED.
 **********
 **   58 **FIX            6
 **********
 **********
 **   59 **FIX            7
 **********
 PARAMETER    7  IS CONSTANT.   IGNORED.
 **********
 **   60 **FIX            8
 **********
 **********
 **   61 **FIX            9
 **********
 **********
 **   62 **FIX           13
 **********
 **********
 **   63 **FIX           14
 **********
 **********
 **   64 **FIX           15
 **********
 PARAMETER   15  IS CONSTANT.   IGNORED.
 **********
 **   65 **FIX           16
 **********
 **********
 **   66 **MIGRAD
 **********
 START MIGRAD MINIMIZATION.  STRATEGY  1.  CONVERGENCE WHEN EDM .LT. 1.00e-04
 FCN=57.9672 FROM MIGRAD    STATUS=INITIATE       16 CALLS        1740 TOTAL
                     EDM= unknown      STRATEGY= 1      NO ERROR MATRIX       
  EXT PARAMETER               CURRENT GUESS       STEP         FIRST   
  NO.   NAME      VALUE            ERROR          SIZE      DERIVATIVE 
   1  N0           3.09408e+06     fixed    
   2  tau          6.43983e+01   constant   
   3  A0           3.53820e-01     fixed    
   4  phi          4.11757e+00     fixed    
   5  R           -6.00563e+01   constant   
   6  alpha_CBO    2.09097e-03     fixed    
   7  w_CBO        2.32500e+00   constant   
   8  beta_CBO     8.86650e-04     fixed    
   9  alpha_2CBO  -2.39311e-04     fixed    
  10  beta_2CBO   -3.25114e-05   4.65874e-04   4.65874e-04  -3.93015e+02
  11  alpha_y      0.00000e+00   1.00000e-03   1.00000e-03  -5.58195e+03
  12  w_y          1.38860e+01   constant   
  13  beta_y       5.83632e-04     fixed    
  14  alpha_vw     0.00000e+00     fixed    
  15  w_vw         1.43404e+01   constant   
  16  beta_vw      0.00000e+00     fixed    
  17  LM          -1.62209e-04   constant   
  18  zeta_y       0.00000e+00   constant   
  19  zeta_vw      0.00000e+00   constant   
  20  T_CBO        9.99999e+02   5.37956e+02   1.09081e-01  -4.16335e-06
  21  alpha_A0    -2.00875e-03   2.32540e-03   8.59112e-04  -4.30435e-03
  22  beta_A0     -7.59420e-04   2.54676e-03   9.16994e-04   1.27405e-04
  23  alpha_phi    4.63033e-04   2.44847e-03   8.74401e-04   7.84325e-04
  24  beta_phi     5.90032e-04   2.30889e-03   8.54019e-04   1.91139e-03
 MIGRAD MINIMIZATION HAS CONVERGED.
 MIGRAD WILL VERIFY CONVERGENCE AND ERROR MATRIX.
 COVARIANCE MATRIX CALCULATED SUCCESSFULLY
 FCN=56.3545 FROM MIGRAD    STATUS=CONVERGED     113 CALLS        1837 TOTAL
                     EDM=1.1853e-06    STRATEGY= 1      ERROR MATRIX ACCURATE 
  EXT PARAMETER                                   STEP         FIRST   
  NO.   NAME      VALUE            ERROR          SIZE      DERIVATIVE 
   1  N0           3.09408e+06     fixed    
   2  tau          6.43983e+01   constant   
   3  A0           3.53820e-01     fixed    
   4  phi          4.11757e+00     fixed    
   5  R           -6.00563e+01   constant   
   6  alpha_CBO    2.09097e-03     fixed    
   7  w_CBO        2.32500e+00   constant   
   8  beta_CBO     8.86650e-04     fixed    
   9  alpha_2CBO  -2.39311e-04     fixed    
  10  beta_2CBO   -9.79073e-07   4.64355e-04   1.67991e-06  -1.07162e+00
  11  alpha_y      5.75561e-04   4.54429e-04   1.67952e-06  -3.80753e-01
  12  w_y          1.38860e+01   constant   
  13  beta_y       5.83632e-04     fixed    
  14  alpha_vw     0.00000e+00     fixed    
  15  w_vw         1.43404e+01   constant   
  16  beta_vw      0.00000e+00     fixed    
  17  LM          -1.62209e-04   constant   
  18  zeta_y       0.00000e+00   constant   
  19  zeta_vw      0.00000e+00   constant   
  20  T_CBO        1.00000e+03   8.72918e+02   9.92169e-02** at limit **
  21  alpha_A0    -2.00297e-03   2.27476e-03   8.47132e-04  -5.04805e-03
  22  beta_A0     -8.24022e-04   2.43755e-03   9.04727e-04  -1.89790e-04
  23  alpha_phi    4.62962e-04   2.31776e-03   8.62374e-04  -2.73532e-03
  24  beta_phi     6.78901e-04   2.29637e-03   8.42727e-04  -9.57652e-04
 EXTERNAL ERROR MATRIX.    NDIM=  25    NPAR=  7    ERR DEF=1
  2.156e-07 -3.829e-09 -2.339e-08  1.180e-07 -9.307e-08  4.469e-08  1.705e-07 
 -3.829e-09  2.065e-07 -6.370e-09 -6.140e-09 -1.649e-08 -2.722e-09  2.016e-08 
 -2.339e-08 -6.370e-09  2.502e-02 -6.112e-05 -2.382e-05  1.326e-05  2.091e-05 
  1.180e-07 -6.140e-09 -6.112e-05  5.270e-06  6.125e-08  6.401e-08  3.355e-07 
 -9.307e-08 -1.649e-08 -2.382e-05  6.125e-08  6.064e-06  3.508e-07 -4.701e-07 
  4.469e-08 -2.722e-09  1.326e-05  6.401e-08  3.508e-07  5.471e-06 -1.058e-07 
  1.705e-07  2.016e-08  2.091e-05  3.355e-07 -4.701e-07 -1.058e-07  5.369e-06 
 PARAMETER  CORRELATION COEFFICIENTS  
       NO.  GLOBAL     10     11     20     21     22     23     24
       10  0.20710   1.000 -0.018 -0.000  0.111 -0.081  0.041  0.158
       11  0.03277  -0.018  1.000 -0.000 -0.006 -0.015 -0.003  0.019
       20  0.19404  -0.000 -0.000  1.000 -0.168 -0.061  0.036  0.057
       21  0.21000   0.111 -0.006 -0.168  1.000  0.011  0.012  0.063
       22  0.13929  -0.081 -0.015 -0.061  0.011  1.000  0.061 -0.082
       23  0.09070   0.041 -0.003  0.036  0.012  0.061  1.000 -0.020
       24  0.19249   0.158  0.019  0.057  0.063 -0.082 -0.020  1.000
MINUIT - FIT ONLY 2-y
 **********
 **   67 **RES 
 **********
                   PARAMETER   16  beta_vw RESTORED TO VARIABLE.
                   PARAMETER   14  alpha_vw RESTORED TO VARIABLE.
                   PARAMETER   13  beta_y RESTORED TO VARIABLE.
                   PARAMETER    9  alpha_2CBO RESTORED TO VARIABLE.
                   PARAMETER    8  beta_CBO RESTORED TO VARIABLE.
                   PARAMETER    6  alpha_CBO RESTORED TO VARIABLE.
                   PARAMETER    4  phi RESTORED TO VARIABLE.
                   PARAMETER    3  A0 RESTORED TO VARIABLE.
                   PARAMETER    1  N0 RESTORED TO VARIABLE.
 **********
 **   68 **FIX            0
 **********
 PARAMETER    0  IS UNDEFINED. IGNORED.
 **********
 **   69 **FIX            1
 **********
 **********
 **   70 **FIX            2
 **********
 PARAMETER    2  IS CONSTANT.   IGNORED.
 **********
 **   71 **FIX            3
 **********
 **********
 **   72 **FIX            4
 **********
 **********
 **   73 **FIX            5
 **********
 PARAMETER    5  IS CONSTANT.   IGNORED.
 **********
 **   74 **FIX            6
 **********
 **********
 **   75 **FIX            7
 **********
 PARAMETER    7  IS CONSTANT.   IGNORED.
 **********
 **   76 **FIX            8
 **********
 **********
 **   77 **FIX            9
 **********
 **********
 **   78 **FIX           10
 **********
 **********
 **   79 **FIX           11
 **********
 **********
 **   80 **FIX           12
 **********
 PARAMETER   12  IS CONSTANT.   IGNORED.
 **********
 **   81 **FIX           16
 **********
 **********
 **   82 **MIGRAD
 **********
 START MIGRAD MINIMIZATION.  STRATEGY  1.  CONVERGENCE WHEN EDM .LT. 1.00e-04
 FCN=56.3545 FROM MIGRAD    STATUS=INITIATE       16 CALLS        1853 TOTAL
                     EDM= unknown      STRATEGY= 1      NO ERROR MATRIX       
  EXT PARAMETER               CURRENT GUESS       STEP         FIRST   
  NO.   NAME      VALUE            ERROR          SIZE      DERIVATIVE 
   1  N0           3.09408e+06     fixed    
   2  tau          6.43983e+01   constant   
   3  A0           3.53820e-01     fixed    
   4  phi          4.11757e+00     fixed    
   5  R           -6.00563e+01   constant   
   6  alpha_CBO    2.09097e-03     fixed    
   7  w_CBO        2.32500e+00   constant   
   8  beta_CBO     8.86650e-04     fixed    
   9  alpha_2CBO  -2.39311e-04     fixed    
  10  beta_2CBO   -9.79073e-07     fixed    
  11  alpha_y      5.75561e-04     fixed    
  12  w_y          1.38860e+01   constant   
  13  beta_y       5.83632e-04   4.62337e-04   4.62337e-04  -1.93119e+02
  14  alpha_vw     0.00000e+00   1.00000e-03   1.00000e-03  -1.40280e+03
  15  w_vw         1.43404e+01   constant   
  16  beta_vw      0.00000e+00     fixed    
  17  LM          -1.62209e-04   constant   
  18  zeta_y       0.00000e+00   constant   
  19  zeta_vw      0.00000e+00   constant   
  20  T_CBO        9.99999e+02   8.72918e+02   9.92169e-02  -4.96098e-06
  21  alpha_A0    -2.00297e-03   2.27476e-03   8.47132e-04  -5.04338e-03
  22  beta_A0     -8.24022e-04   2.43755e-03   9.04727e-04  -1.88221e-04
  23  alpha_phi    4.62962e-04   2.31776e-03   8.62374e-04  -2.73640e-03
  24  beta_phi     6.78901e-04   2.29637e-03   8.42727e-04  -9.59282e-04
 MIGRAD MINIMIZATION HAS CONVERGED.
 MIGRAD WILL VERIFY CONVERGENCE AND ERROR MATRIX.
 COVARIANCE MATRIX CALCULATED SUCCESSFULLY
 FCN=56.2306 FROM MIGRAD    STATUS=CONVERGED     115 CALLS        1952 TOTAL
                     EDM=9.22454e-08    STRATEGY= 1      ERROR MATRIX ACCURATE 
  EXT PARAMETER                                   STEP         FIRST   
  NO.   NAME      VALUE            ERROR          SIZE      DERIVATIVE 
   1  N0           3.09408e+06     fixed    
   2  tau          6.43983e+01   constant   
   3  A0           3.53820e-01     fixed    
   4  phi          4.11757e+00     fixed    
   5  R           -6.00563e+01   constant   
   6  alpha_CBO    2.09097e-03     fixed    
   7  w_CBO        2.32500e+00   constant   
   8  beta_CBO     8.86650e-04     fixed    
   9  alpha_2CBO  -2.39311e-04     fixed    
  10  beta_2CBO   -9.79073e-07     fixed    
  11  alpha_y      5.75561e-04     fixed    
  12  w_y          1.38860e+01   constant   
  13  beta_y       6.52596e-04   4.82506e-04   1.70686e-06  -3.72080e-02
  14  alpha_vw     1.67148e-04   4.78728e-04   1.69335e-06   5.98177e-03
  15  w_vw         1.43404e+01   constant   
  16  beta_vw      0.00000e+00     fixed    
  17  LM          -1.62209e-04   constant   
  18  zeta_y       0.00000e+00   constant   
  19  zeta_vw      0.00000e+00   constant   
  20  T_CBO        1.00000e+03   8.86387e+02   1.07224e-01** at limit **
  21  alpha_A0    -1.98906e-03   2.26589e-03   8.46053e-04  -4.78624e-04
  22  beta_A0     -8.08900e-04   2.43024e-03   9.03742e-04   1.57859e-03
  23  alpha_phi    4.40999e-04   2.31701e-03   8.61334e-04  -2.52329e-04
  24  beta_phi     6.90225e-04   2.26840e-03   8.41906e-04  -5.23020e-04
 EXTERNAL ERROR MATRIX.    NDIM=  25    NPAR=  7    ERR DEF=1
  2.328e-07  6.628e-08  6.101e-08  1.312e-08  1.605e-08 -2.729e-08  1.600e-08 
  6.628e-08  2.292e-07  6.885e-08  1.624e-08  1.855e-08 -2.852e-08  1.380e-08 
  6.101e-08  6.885e-08  3.107e-01 -2.303e-04 -8.871e-05  4.788e-05  8.085e-05 
  1.312e-08  1.624e-08 -2.303e-04  5.228e-06  1.212e-07  3.367e-08  2.354e-07 
  1.605e-08  1.855e-08 -8.871e-05  1.212e-07  6.027e-06  3.657e-07 -3.959e-07 
 -2.729e-08 -2.852e-08  4.788e-05  3.367e-08  3.657e-07  5.468e-06 -1.424e-07 
  1.600e-08  1.380e-08  8.085e-05  2.354e-07 -3.959e-07 -1.424e-07  5.237e-06 
 PARAMETER  CORRELATION COEFFICIENTS  
       NO.  GLOBAL     13     14     20     21     22     23     24
       13  0.28791   1.000  0.287  0.000  0.012  0.014 -0.024  0.014
       14  0.28818   0.287  1.000  0.000  0.015  0.016 -0.025  0.013
       20  0.20688   0.000  0.000  1.000 -0.181 -0.065  0.037  0.063
       21  0.19099   0.012  0.015 -0.181  1.000  0.022  0.006  0.045
       22  0.11562   0.014  0.016 -0.065  0.022  1.000  0.064 -0.070
       23  0.08694  -0.024 -0.025  0.037  0.006  0.064  1.000 -0.027
