 + ++++++++++++++++++++++++++++++++++++++++++++++++++++++++++++++++++++ +
 +                                                                      +
 +           You have chose to blind your fitting according to          +
 +                omega_ref * (1 + (R +/- deltaR) *10^{-6})             +
 +                                                                      +
 + ++++++++++++++++++++++++++++++++++++++++++++++++++++++++++++++++++++ +
In main()...
reading format from /gm2data/zkhechad/run45/envelope/formats/formatB_sBin_constraintOn.txt
pBinTau 	= 0  
pBinPhi 	= 0  
constraintau 	= 1 
includeMopTerm 	= 0    
constrainMop    = 0   
Parameters after format file: pBinTau 0 pBinPhi 0 constraintau 1 includeMopTerm 0 constrainMop 0 c_e_scale 0.000000 
Opening file /gm2data/tbarrett/gm2fr/studies/run23_bunch_corrections/CorrectedFourier_Run3b.root.
reading full fit data from /gm2data/zkhechad/cboTemplates/Run4CBOTemplates/templateFits0_v2.0/noRF/sBin_constraintOn_cE0.0_seed0_noRF_calo16.root
windowBins = 17
fitting sliding window 360 from bin 496 at 73.854000 to bin 513 at 76.539600 (17 bins)

Reading data from /gm2data/cornell/histograms/aMethod/histogram_a_noRF.root
 **********
 **    1 **SET PRINTOUT            1
 **********
 **********
 **    2 **SET NOWARNINGS 
 **********
 PARAMETER DEFINITIONS:
    NO.   NAME         VALUE      STEP SIZE      LIMITS
     1 N0           3.09796e+06  1.00000e+02     no limits
     2 tau          6.43838e+01  constant
     3 A0           3.49539e-01  1.00000e-04     no limits
     4 phi          4.11719e+00  1.00000e-02     no limits
     5 R           -6.25346e+01  constant
     6 alpha_CBO    0.00000e+00  1.00000e-03     no limits
     7 w_CBO        2.32500e+00  constant
     8 beta_CBO     0.00000e+00  1.00000e-03     no limits
     9 alpha_2CBO   0.00000e+00  1.00000e-03     no limits
    10 beta_2CBO    0.00000e+00  1.00000e-03     no limits
    11 alpha_y      0.00000e+00  1.00000e-03     no limits
    12 w_y          1.44500e+01  constant
    13 beta_y       0.00000e+00  1.00000e-03     no limits
    14 alpha_vw     0.00000e+00  1.00000e-03     no limits
    15 w_vw         1.29000e+01  constant
    16 beta_vw      0.00000e+00  1.00000e-03     no limits
    17 LM          -7.79046e-04  constant
    18 zeta_y       0.00000e+00  constant
    19 zeta_vw      0.00000e+00  constant
    20 T_CBO        1.00000e+02  1.00000e+00    0.00000e+00  1.00000e+03
    21 alpha_A0     0.00000e+00  1.00000e-03     no limits
    22 beta_A0      0.00000e+00  1.00000e-03     no limits
    23 alpha_phi    0.00000e+00  1.00000e-03     no limits
    24 beta_phi     0.00000e+00  1.00000e-03     no limits
MINUIT - FIT ONLY WIGGLE
 **********
 **    3 **FIX            5
 **********
 PARAMETER    5  IS CONSTANT.   IGNORED.
 **********
 **    4 **FIX            6
 **********
 **********
 **    5 **FIX            7
 **********
 PARAMETER    7  IS CONSTANT.   IGNORED.
 **********
 **    6 **FIX            8
 **********
 **********
 **    7 **FIX            9
 **********
 **********
 **    8 **FIX           10
 **********
 **********
 **    9 **FIX           11
 **********
 **********
 **   10 **FIX           12
 **********
 PARAMETER   12  IS CONSTANT.   IGNORED.
 **********
 **   11 **FIX           13
 **********
 **********
 **   12 **FIX           14
 **********
 **********
 **   13 **FIX           15
 **********
 PARAMETER   15  IS CONSTANT.   IGNORED.
 **********
 **   14 **FIX           16
 **********
 **********
 **   15 **MIGRAD
 **********
 FIRST CALL TO USER FUNCTION AT NEW START POINT, WITH IFLAG=4.
 START MIGRAD MINIMIZATION.  STRATEGY  1.  CONVERGENCE WHEN EDM .LT. 1.00e-04
 FCN=540.898 FROM MIGRAD    STATUS=INITIATE      433 CALLS         434 TOTAL
                     EDM= unknown      STRATEGY= 1      NO ERROR MATRIX       
  EXT PARAMETER               CURRENT GUESS       STEP         FIRST   
  NO.   NAME      VALUE            ERROR          SIZE      DERIVATIVE 
   1  N0           3.09796e+06   1.00000e+02   0.00000e+00  -2.06008e-02
   2  tau          6.43838e+01   constant   
   3  A0           3.49539e-01   1.00000e-04   0.00000e+00  -1.25362e+05
   4  phi          4.11719e+00   1.00000e-02   0.00000e+00   1.06568e+04
   5  R           -6.25346e+01   constant   
   6  alpha_CBO    0.00000e+00     fixed    
   7  w_CBO        2.32500e+00   constant   
   8  beta_CBO     0.00000e+00     fixed    
   9  alpha_2CBO   0.00000e+00     fixed    
  10  beta_2CBO    0.00000e+00     fixed    
  11  alpha_y      0.00000e+00     fixed    
  12  w_y          1.44500e+01   constant   
  13  beta_y       0.00000e+00     fixed    
  14  alpha_vw     0.00000e+00     fixed    
  15  w_vw         1.29000e+01   constant   
  16  beta_vw      0.00000e+00     fixed    
  17  LM          -7.79046e-04   constant   
  18  zeta_y       0.00000e+00   constant   
  19  zeta_vw      0.00000e+00   constant   
  20  T_CBO        1.00000e+02   1.00000e+00   0.00000e+00   0.00000e+00
  21  alpha_A0     0.00000e+00   1.00000e-03   0.00000e+00   9.47205e+03
  22  beta_A0      0.00000e+00   1.00000e-03   0.00000e+00   7.97491e+03
  23  alpha_phi    0.00000e+00   1.00000e-03   0.00000e+00   6.62601e+01
  24  beta_phi     0.00000e+00   1.00000e-03   0.00000e+00   1.51261e+04
 MIGRAD MINIMIZATION HAS CONVERGED.
 FCN=24.4813 FROM MIGRAD    STATUS=CONVERGED     808 CALLS         809 TOTAL
                     EDM=9.8127e-06    STRATEGY= 1  ERROR MATRIX UNCERTAINTY   1.2 per cent
  EXT PARAMETER                                   STEP         FIRST   
  NO.   NAME      VALUE            ERROR          SIZE      DERIVATIVE 
   1  N0           3.11326e+06   7.65675e+02   1.62578e-01   9.38218e-06
   2  tau          6.43838e+01   constant   
   3  A0           3.55502e-01   2.61938e-04  -7.48426e-07  -2.17994e+01
   4  phi          4.12025e+00   5.44094e-04  -2.09332e-06  -6.84229e+00
   5  R           -6.25346e+01   constant   
   6  alpha_CBO    0.00000e+00     fixed    
   7  w_CBO        2.32500e+00   constant   
   8  beta_CBO     0.00000e+00     fixed    
   9  alpha_2CBO   0.00000e+00     fixed    
  10  beta_2CBO    0.00000e+00     fixed    
  11  alpha_y      0.00000e+00     fixed    
  12  w_y          1.44500e+01   constant   
  13  beta_y       0.00000e+00     fixed    
  14  alpha_vw     0.00000e+00     fixed    
  15  w_vw         1.29000e+01   constant   
  16  beta_vw      0.00000e+00     fixed    
  17  LM          -7.79046e-04   constant   
  18  zeta_y       0.00000e+00   constant   
  19  zeta_vw      0.00000e+00   constant   
  20  T_CBO        5.14875e+00   6.21073e+02  -1.23968e-02   3.27531e-03
  21  alpha_A0    -2.16846e-02   2.15252e-02  -2.23219e-04  -2.12836e-04
  22  beta_A0     -2.41676e-03   1.76075e-02  -1.84710e-04  -1.62529e-03
  23  alpha_phi    2.45008e-03   4.09743e-03   3.85115e-05   1.29375e-03
  24  beta_phi    -2.12570e-02   1.85869e-02  -1.94997e-04  -1.38358e-04
 EXTERNAL ERROR MATRIX.    NDIM=  25    NPAR=  8    ERR DEF=1
  5.863e+05  1.532e-01  1.590e-01 -7.946e+02 -1.650e-01  4.392e-01 -2.826e-02 -3.093e-01 
  1.532e-01  6.861e-08  4.354e-08  5.729e-04  1.024e-07  3.640e-07 -1.006e-08  1.372e-07 
  1.590e-01  4.354e-08  2.960e-07  1.801e-03  4.109e-07  4.676e-07 -1.048e-07  3.183e-07 
 -7.946e+02  5.729e-04  1.801e-03  7.188e+03  1.822e+00  1.484e+00 -3.179e-01  1.573e+00 
 -1.650e-01  1.024e-07  4.109e-07  1.822e+00  4.633e-04  3.758e-04 -8.036e-05  3.988e-04 
  4.392e-01  3.640e-07  4.676e-07  1.484e+00  3.758e-04  3.100e-04 -6.563e-05  3.239e-04 
 -2.826e-02 -1.006e-08 -1.048e-07 -3.179e-01 -8.036e-05 -6.563e-05  1.679e-05 -6.958e-05 
 -3.093e-01  1.372e-07  3.183e-07  1.573e+00  3.988e-04  3.239e-04 -6.958e-05  3.455e-04 
 PARAMETER  CORRELATION COEFFICIENTS  
       NO.  GLOBAL      1      3      4     20     21     22     23     24
        1  0.81899   1.000  0.764  0.382 -0.012 -0.010  0.033 -0.009 -0.022
        3  0.84156   0.764  1.000  0.306  0.026  0.018  0.079 -0.009  0.028
        4  0.41534   0.382  0.306  1.000  0.039  0.035  0.049 -0.047  0.031
       20  0.99945  -0.012  0.026  0.039  1.000  0.998  0.994 -0.915  0.998
       21  0.99849  -0.010  0.018  0.035  0.998  1.000  0.992 -0.911  0.997
       22  0.99648   0.033  0.079  0.049  0.994  0.992  1.000 -0.910  0.990
       23  0.91869  -0.009 -0.009 -0.047 -0.915 -0.911 -0.910  1.000 -0.914
       24  0.99860  -0.022  0.028  0.031  0.998  0.997  0.990 -0.914  1.000
MINUIT - FIT ONLY 1-CBO + wiggle
 **********
 **   16 **RES 
 **********
                   PARAMETER   16  beta_vw RESTORED TO VARIABLE.
                   PARAMETER   14  alpha_vw RESTORED TO VARIABLE.
                   PARAMETER   13  beta_y RESTORED TO VARIABLE.
                   PARAMETER   11  alpha_y RESTORED TO VARIABLE.
                   PARAMETER   10  beta_2CBO RESTORED TO VARIABLE.
                   PARAMETER    9  alpha_2CBO RESTORED TO VARIABLE.
                   PARAMETER    8  beta_CBO RESTORED TO VARIABLE.
                   PARAMETER    6  alpha_CBO RESTORED TO VARIABLE.
 **********
 **   17 **FIX            8
 **********
 **********
 **   18 **FIX            9
 **********
 **********
 **   19 **FIX           11
 **********
 **********
 **   20 **FIX           12
 **********
 PARAMETER   12  IS CONSTANT.   IGNORED.
 **********
 **   21 **FIX           14
 **********
 **********
 **   22 **FIX           15
 **********
 PARAMETER   15  IS CONSTANT.   IGNORED.
 **********
 **   23 **FIX           16
 **********
 **********
 **   24 **MIGRAD
 **********
 START MIGRAD MINIMIZATION.  STRATEGY  1.  CONVERGENCE WHEN EDM .LT. 1.00e-04
 FCN=24.4813 FROM MIGRAD    STATUS=INITIATE       28 CALLS         837 TOTAL
                     EDM= unknown      STRATEGY= 1      NO ERROR MATRIX       
  EXT PARAMETER               CURRENT GUESS       STEP         FIRST   
  NO.   NAME      VALUE            ERROR          SIZE      DERIVATIVE 
   1  N0           3.11326e+06   7.65675e+02   1.62578e-01   9.38218e-06
   2  tau          6.43838e+01   constant   
   3  A0           3.55502e-01   2.61938e-04  -7.48426e-07  -2.17994e+01
   4  phi          4.12025e+00   5.44094e-04  -2.09332e-06  -6.84229e+00
   5  R           -6.25346e+01   constant   
   6  alpha_CBO    0.00000e+00   1.00000e-03   1.00000e-03  -5.20337e+03
   7  w_CBO        2.32500e+00   constant   
   8  beta_CBO     0.00000e+00     fixed    
   9  alpha_2CBO   0.00000e+00     fixed    
  10  beta_2CBO    0.00000e+00   1.00000e-03   1.00000e-03   7.02191e+03
  11  alpha_y      0.00000e+00     fixed    
  12  w_y          1.44500e+01   constant   
  13  beta_y       0.00000e+00   1.00000e-03   1.00000e-03   7.80237e+02
  14  alpha_vw     0.00000e+00     fixed    
  15  w_vw         1.29000e+01   constant   
  16  beta_vw      0.00000e+00     fixed    
  17  LM          -7.79046e-04   constant   
  18  zeta_y       0.00000e+00   constant   
  19  zeta_vw      0.00000e+00   constant   
  20  T_CBO        5.14875e+00   6.21073e+02  -1.23968e-02   3.26514e-03
  21  alpha_A0    -2.16846e-02   2.15252e-02  -2.23219e-04  -2.12836e-04
  22  beta_A0     -2.41676e-03   1.76075e-02  -1.84710e-04  -1.62529e-03
  23  alpha_phi    2.45008e-03   4.09743e-03   3.85115e-05   1.29375e-03
  24  beta_phi    -2.12570e-02   1.85869e-02  -1.94997e-04  -1.38358e-04
 MIGRAD MINIMIZATION HAS CONVERGED.
 MIGRAD WILL VERIFY CONVERGENCE AND ERROR MATRIX.
 FCN=7.928 FROM MIGRAD    STATUS=CONVERGED    1561 CALLS        2370 TOTAL
                     EDM=3.05363e-05    STRATEGY= 1      ERR MATRIX NOT POS-DEF
  EXT PARAMETER                APPROXIMATE        STEP         FIRST   
  NO.   NAME      VALUE            ERROR          SIZE      DERIVATIVE 
   1  N0           3.12909e+06   3.42937e+03   1.49206e+00  -2.04938e-06
   2  tau          6.43838e+01   constant   
   3  A0           3.59410e-01   1.47937e-03   2.61225e-07  -3.34021e+00
   4  phi          4.10171e+00   5.90253e-03   1.95585e-06   3.82130e+00
   5  R           -6.25346e+01   constant   
   6  alpha_CBO    4.47311e-02   2.70647e-03   3.24891e-07  -7.15531e+00
   7  w_CBO        2.32500e+00   constant   
   8  beta_CBO     0.00000e+00     fixed    
   9  alpha_2CBO   0.00000e+00     fixed    
  10  beta_2CBO   -1.78637e-02   1.25798e-03   3.28595e-07  -4.07931e+00
  11  alpha_y      0.00000e+00     fixed    
  12  w_y          1.44500e+01   constant   
  13  beta_y      -1.04248e-04   2.38554e-04   3.45561e-07   2.35381e+00
  14  alpha_vw     0.00000e+00     fixed    
  15  w_vw         1.29000e+01   constant   
  16  beta_vw      0.00000e+00     fixed    
  17  LM          -7.79046e-04   constant   
  18  zeta_y       0.00000e+00   constant   
  19  zeta_vw      0.00000e+00   constant   
  20  T_CBO        5.18772e+00   1.87599e-02   6.80265e-07   5.06089e+01
  21  alpha_A0     1.18361e+05   1.14509e+04   1.83245e+00   4.83914e-07
  22  beta_A0      1.09920e+05   1.32523e+04   2.40596e+00   9.43344e-07
  23  alpha_phi    3.50089e+05   1.74379e+04   1.92032e+00   6.42763e-07
  24  beta_phi    -2.42099e+04   1.07457e+04   1.74539e+00   9.73054e-08
 EXTERNAL ERROR MATRIX.    NDIM=  25    NPAR= 11    ERR DEF=1
  1.176e+07 
 -3.626e+00  2.189e-06 
  2.344e+00 -2.345e-06  3.484e-05 
  1.684e+00  3.635e-07  4.151e-06  7.325e-06 
  4.095e-01 -2.114e-07 -1.901e-06 -2.785e-06  1.583e-06 
 -2.204e-02 -1.664e-08 -6.932e-09  3.415e-09 -3.362e-09  5.691e-08 
  6.235e+00  3.359e-06 -3.600e-05  1.914e-05 -6.492e-06  1.426e-08  3.519e-04 
  3.183e+07 -1.153e+01 -1.168e+01  2.032e+00  1.594e+00  2.456e-02 -4.341e+01  1.311e+08 
 -2.382e+06  7.714e+00 -6.421e+01 -5.466e+00  6.192e+00 -6.095e-02  2.673e+00  3.980e+07  1.756e+08 
 -8.172e+06  7.137e+00 -1.510e+01  1.908e+01 -8.305e+00  1.280e-02 -1.428e+02  5.773e+07  1.025e+08  3.041e+08 
 -2.984e+07  1.260e+01  1.737e+01  3.733e+00 -4.011e+00 -5.735e-02 -7.334e+00 -1.094e+08 -2.829e+07  1.663e+07  1.155e+08 
ERR MATRIX NOT POS-DEF
 PARAMETER  CORRELATION COEFFICIENTS  
       NO.  GLOBAL      1      3      4      6     10     13     20     21     22     23     24
        1  0.98916   1.000 -0.715  0.116  0.181  0.095 -0.027  0.097  0.811 -0.052 -0.137 -0.810
        3  0.99268  -0.715  1.000 -0.269  0.091 -0.114 -0.047  0.121 -0.681  0.393  0.277  0.792
        4  0.99627   0.116 -0.269  1.000  0.260 -0.256 -0.005 -0.325 -0.173 -0.821 -0.147  0.274
        6  0.99662   0.181  0.091  0.260  1.000 -0.818  0.005  0.377  0.066 -0.152  0.404  0.128
       10  0.98391   0.095 -0.114 -0.256 -0.818  1.000 -0.011 -0.275  0.111  0.371 -0.379 -0.297
       13  0.13447  -0.027 -0.047 -0.005  0.005 -0.011  1.000  0.003  0.009 -0.019  0.003 -0.022
       20  0.99733   0.097  0.121 -0.325  0.377 -0.275  0.003  1.000 -0.202  0.011 -0.436 -0.036
       21  0.99369   0.811 -0.681 -0.173  0.066  0.111  0.009 -0.202  1.000  0.262  0.289 -0.889
       22  0.99157  -0.052  0.393 -0.821 -0.152  0.371 -0.019  0.011  0.262  1.000  0.444 -0.199
       23  0.99700  -0.137  0.277 -0.147  0.404 -0.379  0.003 -0.436  0.289  0.444  1.000  0.089
       24  0.99353  -0.810  0.792  0.274  0.128 -0.297 -0.022 -0.036 -0.889 -0.199  0.089  1.000
 ERR MATRIX NOT POS-DEF
MINUIT - FIT ONLY 2-CBO
 **********
 **   25 **RES 
 **********
                   PARAMETER   16  beta_vw RESTORED TO VARIABLE.
                   PARAMETER   14  alpha_vw RESTORED TO VARIABLE.
                   PARAMETER   11  alpha_y RESTORED TO VARIABLE.
                   PARAMETER    9  alpha_2CBO RESTORED TO VARIABLE.
                   PARAMETER    8  beta_CBO RESTORED TO VARIABLE.
 **********
 **   26 **FIX            0
 **********
 PARAMETER    0  IS UNDEFINED. IGNORED.
 **********
 **   27 **FIX            1
 **********
 **********
 **   28 **FIX            2
 **********
 PARAMETER    2  IS CONSTANT.   IGNORED.
 **********
 **   29 **FIX            3
 **********
 **********
 **   30 **FIX            4
 **********
 **********
 **   31 **FIX            5
 **********
 PARAMETER    5  IS CONSTANT.   IGNORED.
 **********
 **   32 **FIX            6
 **********
 **********
 **   33 **FIX            7
 **********
 PARAMETER    7  IS CONSTANT.   IGNORED.
 **********
 **   34 **FIX           10
 **********
 **********
 **   35 **FIX           11
 **********
 **********
 **   36 **FIX           12
 **********
 PARAMETER   12  IS CONSTANT.   IGNORED.
 **********
 **   37 **FIX           13
 **********
 **********
 **   38 **FIX           14
 **********
 **********
 **   39 **FIX           15
 **********
 PARAMETER   15  IS CONSTANT.   IGNORED.
 **********
 **   40 **FIX           16
 **********
 **********
 **   41 **MIGRAD
 **********
 START MIGRAD MINIMIZATION.  STRATEGY  1.  CONVERGENCE WHEN EDM .LT. 1.00e-04
 FCN=7.928 FROM MIGRAD    STATUS=INITIATE       18 CALLS        2388 TOTAL
                     EDM= unknown      STRATEGY= 1      NO ERROR MATRIX       
  EXT PARAMETER               CURRENT GUESS       STEP         FIRST   
  NO.   NAME      VALUE            ERROR          SIZE      DERIVATIVE 
   1  N0           3.12909e+06     fixed    
   2  tau          6.43838e+01   constant   
   3  A0           3.59410e-01     fixed    
   4  phi          4.10171e+00     fixed    
   5  R           -6.25346e+01   constant   
   6  alpha_CBO    4.47311e-02     fixed    
   7  w_CBO        2.32500e+00   constant   
   8  beta_CBO     0.00000e+00   1.00000e-03   1.00000e-03  -9.17627e+01
   9  alpha_2CBO   0.00000e+00   1.00000e-03   1.00000e-03   6.25055e+02
  10  beta_2CBO   -1.78637e-02     fixed    
  11  alpha_y      0.00000e+00     fixed    
  12  w_y          1.44500e+01   constant   
  13  beta_y      -1.04248e-04     fixed    
  14  alpha_vw     0.00000e+00     fixed    
  15  w_vw         1.29000e+01   constant   
  16  beta_vw      0.00000e+00     fixed    
  17  LM          -7.79046e-04   constant   
  18  zeta_y       0.00000e+00   constant   
  19  zeta_vw      0.00000e+00   constant   
  20  T_CBO        5.18772e+00   1.87599e-02   6.80265e-07   5.08000e+01
  21  alpha_A0     1.18361e+05   1.14509e+04   1.83245e+00   4.83918e-07
  22  beta_A0      1.09920e+05   1.32523e+04   2.40596e+00   9.43350e-07
  23  alpha_phi    3.50089e+05   1.74379e+04   1.92032e+00   6.42765e-07
  24  beta_phi    -2.42099e+04   1.07457e+04   1.74539e+00   9.73086e-08
 MIGRAD MINIMIZATION HAS CONVERGED.
 MIGRAD WILL VERIFY CONVERGENCE AND ERROR MATRIX.
 FCN=7.59175 FROM MIGRAD    STATUS=CONVERGED     181 CALLS        2551 TOTAL
                     EDM=3.41513e-05    STRATEGY= 1      ERR MATRIX NOT POS-DEF
  EXT PARAMETER                APPROXIMATE        STEP         FIRST   
  NO.   NAME      VALUE            ERROR          SIZE      DERIVATIVE 
   1  N0           3.12909e+06     fixed    
   2  tau          6.43838e+01   constant   
   3  A0           3.59410e-01     fixed    
   4  phi          4.10171e+00     fixed    
   5  R           -6.25346e+01   constant   
   6  alpha_CBO    4.47311e-02     fixed    
   7  w_CBO        2.32500e+00   constant   
   8  beta_CBO    -1.34978e-03   1.72753e-03   3.34121e-07  -5.20202e-01
   9  alpha_2CBO  -1.28401e-03   1.61857e-03   3.29879e-07   5.42319e-01
  10  beta_2CBO   -1.78637e-02     fixed    
  11  alpha_y      0.00000e+00     fixed    
  12  w_y          1.44500e+01   constant   
  13  beta_y      -1.04248e-04     fixed    
  14  alpha_vw     0.00000e+00     fixed    
  15  w_vw         1.29000e+01   constant   
  16  beta_vw      0.00000e+00     fixed    
  17  LM          -7.79046e-04   constant   
  18  zeta_y       0.00000e+00   constant   
  19  zeta_vw      0.00000e+00   constant   
  20  T_CBO        5.18754e+00   2.09438e-02   6.80267e-07   4.92799e+00
  21  alpha_A0     1.12067e+05   1.04388e+04   1.79795e+00  -2.08644e-08
  22  beta_A0      1.07536e+05   7.24591e+03   2.36334e+00  -1.09840e-07
  23  alpha_phi    3.51908e+05   2.06417e+04   1.88910e+00  -2.89030e-07
  24  beta_phi    -3.25937e+04   1.08093e+04   1.71050e+00   2.69983e-08
 EXTERNAL ERROR MATRIX.    NDIM=  25    NPAR=  7    ERR DEF=1
  2.984e-06  2.725e-06  4.895e-07  1.351e+01  5.349e+00 -3.928e+00  1.816e+01 
  2.725e-06  2.620e-06  3.707e-07  1.278e+01  4.775e+00 -3.696e+00  1.696e+01 
  4.895e-07  3.707e-07  4.386e-04 -1.378e+02 -1.307e+02 -4.291e+02  4.269e+01 
  1.351e+01  1.278e+01 -1.378e+02  1.090e+08  6.616e+07  1.186e+08  7.095e+07 
  5.349e+00  4.775e+00 -1.307e+02  6.616e+07  5.250e+07  1.223e+08  1.984e+07 
 -3.928e+00 -3.696e+00 -4.291e+02  1.186e+08  1.223e+08  4.261e+08 -6.350e+07 
  1.816e+01  1.696e+01  4.269e+01  7.095e+07  1.984e+07 -6.350e+07  1.168e+08 
ERR MATRIX NOT POS-DEF
 PARAMETER  CORRELATION COEFFICIENTS  
       NO.  GLOBAL      8      9     20     21     22     23     24
        8  0.99085   1.000  0.975  0.014  0.749  0.427 -0.110  0.973
        9  0.98983   0.975  1.000  0.011  0.757  0.407 -0.111  0.970
       20  0.99783   0.014  0.011  1.000 -0.631 -0.861 -0.993  0.189
       21  0.99239   0.749  0.757 -0.631  1.000  0.875  0.550  0.629
       22  0.97139   0.427  0.407 -0.861  0.875  1.000  0.818  0.253
       23  0.99785  -0.110 -0.111 -0.993  0.550  0.818  1.000 -0.285
       24  0.99361   0.973  0.970  0.189  0.629  0.253 -0.285  1.000
 ERR MATRIX NOT POS-DEF
MINUIT - FIT wiggle + 1-CBO + 2-CBO
 **********
 **   42 **RES 
 **********
                   PARAMETER   16  beta_vw RESTORED TO VARIABLE.
                   PARAMETER   14  alpha_vw RESTORED TO VARIABLE.
                   PARAMETER   13  beta_y RESTORED TO VARIABLE.
                   PARAMETER   11  alpha_y RESTORED TO VARIABLE.
                   PARAMETER   10  beta_2CBO RESTORED TO VARIABLE.
                   PARAMETER    6  alpha_CBO RESTORED TO VARIABLE.
                   PARAMETER    4  phi RESTORED TO VARIABLE.
                   PARAMETER    3  A0 RESTORED TO VARIABLE.
                   PARAMETER    1  N0 RESTORED TO VARIABLE.
 **********
 **   43 **FIX           10
 **********
 **********
 **   44 **FIX           11
 **********
 **********
 **   45 **FIX           12
 **********
 PARAMETER   12  IS CONSTANT.   IGNORED.
 **********
 **   46 **FIX           13
 **********
 **********
 **   47 **FIX           14
 **********
 **********
 **   48 **FIX           15
 **********
 PARAMETER   15  IS CONSTANT.   IGNORED.
 **********
 **   49 **FIX           16
 **********
 **********
 **   50 **MIGRAD
 **********
 START MIGRAD MINIMIZATION.  STRATEGY  1.  CONVERGENCE WHEN EDM .LT. 1.00e-04
 FCN=7.59175 FROM MIGRAD    STATUS=INITIATE       22 CALLS        2573 TOTAL
                     EDM= unknown      STRATEGY= 1      NO ERROR MATRIX       
  EXT PARAMETER               CURRENT GUESS       STEP         FIRST   
  NO.   NAME      VALUE            ERROR          SIZE      DERIVATIVE 
   1  N0           3.12909e+06   3.42937e+03   3.42937e+03  -2.22057e-05
   2  tau          6.43838e+01   constant   
   3  A0           3.59410e-01   1.47937e-03   1.47937e-03  -4.86575e+01
   4  phi          4.10171e+00   5.90253e-03   5.90253e-03   4.56449e+01
   5  R           -6.25346e+01   constant   
   6  alpha_CBO    4.47311e-02   2.70647e-03   2.70647e-03   4.51928e+02
   7  w_CBO        2.32500e+00   constant   
   8  beta_CBO    -1.34978e-03   1.72753e-03   3.34121e-07  -5.20199e-01
   9  alpha_2CBO  -1.28401e-03   1.61857e-03   3.29879e-07   5.42322e-01
  10  beta_2CBO   -1.78637e-02     fixed    
  11  alpha_y      0.00000e+00     fixed    
  12  w_y          1.44500e+01   constant   
  13  beta_y      -1.04248e-04     fixed    
  14  alpha_vw     0.00000e+00     fixed    
  15  w_vw         1.29000e+01   constant   
  16  beta_vw      0.00000e+00     fixed    
  17  LM          -7.79046e-04   constant   
  18  zeta_y       0.00000e+00   constant   
  19  zeta_vw      0.00000e+00   constant   
  20  T_CBO        5.18754e+00   2.09438e-02   6.80267e-07   5.11592e+00
  21  alpha_A0     1.12067e+05   1.04388e+04   1.79795e+00  -2.08699e-08
  22  beta_A0      1.07536e+05   7.24591e+03   2.36334e+00  -1.09850e-07
  23  alpha_phi    3.51908e+05   2.06417e+04   1.88910e+00  -2.89031e-07
  24  beta_phi    -3.25937e+04   1.08093e+04   1.71050e+00   2.69980e-08
 MIGRAD MINIMIZATION HAS CONVERGED.
 MIGRAD WILL VERIFY CONVERGENCE AND ERROR MATRIX.
 FCN=6.3507 FROM HESSE     STATUS=NOT POSDEF    100 CALLS        3091 TOTAL
                     EDM=0.0010146    STRATEGY= 1      ERR MATRIX NOT POS-DEF
  EXT PARAMETER                APPROXIMATE        STEP         FIRST   
  NO.   NAME      VALUE            ERROR          SIZE      DERIVATIVE 
   1  N0           3.12097e+06   5.98374e+03   1.48819e+00  -7.00361e-07
   2  tau          6.43838e+01   constant   
   3  A0           3.64440e-01   2.16393e-03   2.38784e-07  -1.82335e+00
   4  phi          4.09133e+00   5.70294e-03   1.95090e-06   4.62103e+00
   5  R           -6.25346e+01   constant   
   6  alpha_CBO    4.12811e-02   1.57661e-03   2.93929e-07  -1.84821e+00
   7  w_CBO        2.32500e+00   constant   
   8  beta_CBO    -6.97689e-03   2.25663e-03   3.09649e-07  -4.34556e+00
   9  alpha_2CBO  -5.81694e-03   1.56696e-03   3.05059e-07  -3.39306e+00
  10  beta_2CBO   -1.78637e-02     fixed    
  11  alpha_y      0.00000e+00     fixed    
  12  w_y          1.44500e+01   constant   
  13  beta_y      -1.04248e-04     fixed    
  14  alpha_vw     0.00000e+00     fixed    
  15  w_vw         1.29000e+01   constant   
  16  beta_vw      0.00000e+00     fixed    
  17  LM          -7.79046e-04   constant   
  18  zeta_y       0.00000e+00   constant   
  19  zeta_vw      0.00000e+00   constant   
  20  T_CBO        5.18743e+00   1.82474e-02   6.80267e-07  -1.26978e+02
  21  alpha_A0     6.55627e+04   1.42899e+04   1.62868e+00  -8.48243e-07
  22  beta_A0      1.15320e+05   1.23879e+04   2.14191e+00  -5.01007e-07
  23  alpha_phi    3.66953e+05   1.69499e+04   1.75495e+00  -1.33519e-06
  24  beta_phi    -3.91293e+04   1.34736e+04   1.56347e+00   1.35111e-06
 CALL LIMIT EXCEEDED IN MIGRAD.
 MIGRAD TERMINATED WITHOUT CONVERGENCE.
 FCN=5.95844 FROM MIGRAD    STATUS=CALL LIMIT   1906 CALLS        4457 TOTAL
                     EDM=0.00387704    STRATEGY= 1      ERR MATRIX NOT POS-DEF
  EXT PARAMETER                APPROXIMATE        STEP         FIRST   
  NO.   NAME      VALUE            ERROR          SIZE      DERIVATIVE 
   1  N0           3.42295e+06   1.94038e+05   6.75573e+03  -5.94219e-05
   2  tau          6.43838e+01   constant   
   3  A0           4.12516e-01   3.51877e-02   1.14478e-03   1.95274e+02
   4  phi          4.07821e+00   1.99953e-02  -4.83873e-04  -3.22210e+01
   5  R           -6.25346e+01   constant   
   6  alpha_CBO    6.10635e-02   1.27319e-02   3.87193e-04   1.95751e+02
   7  w_CBO        2.32500e+00   constant   
   8  beta_CBO    -9.62595e-02   5.72457e-02  -2.02203e-03  -3.65642e+01
   9  alpha_2CBO  -1.77739e-02   8.48497e-03  -3.19023e-04   2.66675e+02
  10  beta_2CBO   -1.78637e-02     fixed    
  11  alpha_y      0.00000e+00     fixed    
  12  w_y          1.44500e+01   constant   
  13  beta_y      -1.04248e-04     fixed    
  14  alpha_vw     0.00000e+00     fixed    
  15  w_vw         1.29000e+01   constant   
  16  beta_vw      0.00000e+00     fixed    
  17  LM          -7.79046e-04   constant   
  18  zeta_y       0.00000e+00   constant   
  19  zeta_vw      0.00000e+00   constant   
  20  T_CBO        5.10083e+00   5.67598e-02  -2.78935e-05  -4.30369e+02
  21  alpha_A0     4.18385e+05   2.33902e+05   7.88367e+03  -7.95688e-06
  22  beta_A0      2.84932e+05   1.68120e+05   5.00760e+03  -2.22033e-05
  23  alpha_phi    5.68712e+05   1.65571e+05   5.09340e+03  -1.61717e-05
  24  beta_phi    -4.80944e+05   2.73491e+05  -9.82673e+03  -3.47726e-05
 EXTERNAL ERROR MATRIX.    NDIM=  25    NPAR= 11    ERR DEF=1
  3.765e+10 
  6.752e+03  1.238e-03 
 -3.499e+03 -6.572e-04  3.998e-04 
  2.410e+03  4.434e-04 -2.363e-04  1.621e-04 
 -1.109e+04 -1.991e-03  1.039e-03 -7.083e-04  3.277e-03 
 -1.519e+03 -2.679e-04  1.421e-04 -9.380e-05  4.572e-04  7.199e-05 
 -1.098e+04 -1.982e-03  1.016e-03 -7.063e-04  3.238e-03  4.436e-04  3.222e-03 
  4.528e+10  8.103e+03 -4.207e+03  2.903e+03 -1.329e+04 -1.786e+03 -1.316e+04  5.471e+10 
  3.173e+10  5.881e+03 -3.220e+03  2.126e+03 -9.351e+03 -1.242e+03 -9.305e+03  3.817e+10  2.826e+10 
  3.134e+10  5.793e+03 -3.171e+03  2.089e+03 -9.268e+03 -1.263e+03 -9.199e+03  3.754e+10  2.777e+10  2.741e+10 
 -5.280e+10 -9.382e+03  4.891e+03 -3.335e+03  1.561e+04  2.211e+03  1.536e+04 -6.331e+10 -4.393e+10 -4.365e+10  7.480e+10 
ERR MATRIX NOT POS-DEF
 PARAMETER  CORRELATION COEFFICIENTS  
       NO.  GLOBAL      1      3      4      6      8      9     20     21     22     23     24
        1  1.00000   1.000  0.989 -0.902  0.975 -0.998 -0.923 -0.997  0.998  0.973  0.975 -0.995
        3  1.00000   0.989  1.000 -0.934  0.990 -0.988 -0.897 -0.993  0.985  0.994  0.994 -0.975
        4  0.99991  -0.902 -0.934  1.000 -0.928  0.908  0.837  0.896 -0.899 -0.958 -0.958  0.894
        6  0.99994   0.975  0.990 -0.928  1.000 -0.972 -0.868 -0.977  0.975  0.993  0.991 -0.958
        8  1.00000  -0.998 -0.988  0.908 -0.972  1.000  0.941  0.997 -0.993 -0.972 -0.978  0.997
        9  0.99986  -0.923 -0.897  0.837 -0.868  0.941  1.000  0.921 -0.900 -0.871 -0.899  0.953
       20  0.99996  -0.997 -0.993  0.896 -0.977  0.997  0.921  1.000 -0.991 -0.975 -0.979  0.989
       21  0.99999   0.998  0.985 -0.899  0.975 -0.993 -0.900 -0.991  1.000  0.971  0.969 -0.990
       22  0.99997   0.973  0.994 -0.958  0.993 -0.972 -0.871 -0.975  0.971  1.000  0.998 -0.956
       23  0.99998   0.975  0.994 -0.958  0.991 -0.978 -0.899 -0.979  0.969  0.998  1.000 -0.964
       24  1.00000  -0.995 -0.975  0.894 -0.958  0.997  0.953  0.989 -0.990 -0.956 -0.964  1.000
 ERR MATRIX NOT POS-DEF
MINUIT - FIT ONLY 1-y
 **********
 **   51 **RES 
 **********
                   PARAMETER   16  beta_vw RESTORED TO VARIABLE.
                   PARAMETER   14  alpha_vw RESTORED TO VARIABLE.
                   PARAMETER   13  beta_y RESTORED TO VARIABLE.
                   PARAMETER   11  alpha_y RESTORED TO VARIABLE.
                   PARAMETER   10  beta_2CBO RESTORED TO VARIABLE.
 **********
 **   52 **FIX            0
 **********
 PARAMETER    0  IS UNDEFINED. IGNORED.
 **********
 **   53 **FIX            1
 **********
 **********
 **   54 **FIX            2
 **********
 PARAMETER    2  IS CONSTANT.   IGNORED.
 **********
 **   55 **FIX            3
 **********
 **********
 **   56 **FIX            4
 **********
 **********
 **   57 **FIX            5
 **********
 PARAMETER    5  IS CONSTANT.   IGNORED.
 **********
 **   58 **FIX            6
 **********
 **********
 **   59 **FIX            7
 **********
 PARAMETER    7  IS CONSTANT.   IGNORED.
 **********
 **   60 **FIX            8
 **********
 **********
 **   61 **FIX            9
 **********
 **********
 **   62 **FIX           13
 **********
 **********
 **   63 **FIX           14
 **********
 **********
 **   64 **FIX           15
 **********
 PARAMETER   15  IS CONSTANT.   IGNORED.
 **********
 **   65 **FIX           16
 **********
 **********
 **   66 **MIGRAD
 **********
 START MIGRAD MINIMIZATION.  STRATEGY  1.  CONVERGENCE WHEN EDM .LT. 1.00e-04
 FCN=5.95844 FROM MIGRAD    STATUS=INITIATE       16 CALLS        4473 TOTAL
                     EDM= unknown      STRATEGY= 1      NO ERROR MATRIX       
  EXT PARAMETER               CURRENT GUESS       STEP         FIRST   
  NO.   NAME      VALUE            ERROR          SIZE      DERIVATIVE 
   1  N0           3.42295e+06     fixed    
   2  tau          6.43838e+01   constant   
   3  A0           4.12516e-01     fixed    
   4  phi          4.07821e+00     fixed    
   5  R           -6.25346e+01   constant   
   6  alpha_CBO    6.10635e-02     fixed    
   7  w_CBO        2.32500e+00   constant   
   8  beta_CBO    -9.62595e-02     fixed    
   9  alpha_2CBO  -1.77739e-02     fixed    
  10  beta_2CBO   -1.78637e-02   1.25798e-03   1.25798e-03   2.06593e+02
  11  alpha_y      0.00000e+00   1.00000e-03   1.00000e-03  -8.49146e+03
  12  w_y          1.44500e+01   constant   
  13  beta_y      -1.04248e-04     fixed    
  14  alpha_vw     0.00000e+00     fixed    
  15  w_vw         1.29000e+01   constant   
  16  beta_vw      0.00000e+00     fixed    
  17  LM          -7.79046e-04   constant   
  18  zeta_y       0.00000e+00   constant   
  19  zeta_vw      0.00000e+00   constant   
  20  T_CBO        5.10083e+00   5.67598e-02  -2.78935e-05  -4.30369e+02
  21  alpha_A0     4.18385e+05   2.33902e+05   7.88367e+03  -7.95688e-06
  22  beta_A0      2.84932e+05   1.68120e+05   5.00760e+03  -2.22033e-05
  23  alpha_phi    5.68712e+05   1.65571e+05   5.09340e+03  -1.61717e-05
  24  beta_phi    -4.80944e+05   2.73491e+05  -9.82673e+03  -3.47726e-05
 MIGRAD MINIMIZATION HAS CONVERGED.
 MIGRAD WILL VERIFY CONVERGENCE AND ERROR MATRIX.
 FCN=4.95445 FROM MIGRAD    STATUS=CONVERGED     161 CALLS        4618 TOTAL
                     EDM=2.16029e-05    STRATEGY= 1      ERR MATRIX NOT POS-DEF
  EXT PARAMETER                APPROXIMATE        STEP         FIRST   
  NO.   NAME      VALUE            ERROR          SIZE      DERIVATIVE 
   1  N0           3.42295e+06     fixed    
   2  tau          6.43838e+01   constant   
   3  A0           4.12516e-01     fixed    
   4  phi          4.07821e+00     fixed    
   5  R           -6.25346e+01   constant   
   6  alpha_CBO    6.10635e-02     fixed    
   7  w_CBO        2.32500e+00   constant   
   8  beta_CBO    -9.62595e-02     fixed    
   9  alpha_2CBO  -1.77739e-02     fixed    
  10  beta_2CBO   -1.80970e-02   6.72063e-04   2.65308e-07  -4.54351e+00
  11  alpha_y      2.33026e-04   2.31702e-04   2.62228e-07   7.56747e+00
  12  w_y          1.44500e+01   constant   
  13  beta_y      -1.04248e-04     fixed    
  14  alpha_vw     0.00000e+00     fixed    
  15  w_vw         1.29000e+01   constant   
  16  beta_vw      0.00000e+00     fixed    
  17  LM          -7.79046e-04   constant   
  18  zeta_y       0.00000e+00   constant   
  19  zeta_vw      0.00000e+00   constant   
  20  T_CBO        5.10064e+00   7.30830e-03   6.80846e-07  -2.74318e+01
  21  alpha_A0     4.18684e+05   9.07518e+03   1.65398e+00  -1.40918e-06
  22  beta_A0      2.82889e+05   8.26173e+03   2.05080e+00  -7.00612e-07
  23  alpha_phi    5.69046e+05   1.20332e+04   1.47099e+00  -1.10809e-06
  24  beta_phi    -4.80326e+05   1.02985e+04   1.34318e+00  -3.14359e-06
 EXTERNAL ERROR MATRIX.    NDIM=  25    NPAR=  7    ERR DEF=1
  4.517e-07 -4.419e-08  2.265e-07 -3.192e-01  3.583e+00 -5.011e-01 -1.131e+00 
 -4.419e-08  5.369e-08 -3.807e-08  5.749e-02 -4.037e-01  6.059e-02  1.173e-01 
  2.265e-07 -3.807e-08  5.341e-05 -6.544e+01 -4.153e+01 -8.738e+01  7.296e+01 
 -3.192e-01  5.749e-02 -6.544e+01  8.236e+07  5.089e+07  1.069e+08 -8.907e+07 
  3.583e+00 -4.037e-01 -4.153e+01  5.089e+07  6.826e+07  6.767e+07 -7.012e+07 
 -5.011e-01  6.059e-02 -8.738e+01  1.069e+08  6.767e+07  1.448e+08 -1.194e+08 
 -1.131e+00  1.173e-01  7.296e+01 -8.907e+07 -7.012e+07 -1.194e+08  1.061e+08 
ERR MATRIX NOT POS-DEF
 PARAMETER  CORRELATION COEFFICIENTS  
       NO.  GLOBAL     10     11     20     21     22     23     24
       10  0.94367   1.000 -0.284  0.046 -0.052  0.645 -0.062 -0.163
       11  0.31654  -0.284  1.000 -0.022  0.027 -0.211  0.022  0.049
       20  0.99729   0.046 -0.022  1.000 -0.987 -0.688 -0.994  0.969
       21  0.98754  -0.052  0.027 -0.987  1.000  0.679  0.978 -0.953
       22  0.97597   0.645 -0.211 -0.688  0.679  1.000  0.681 -0.824
       23  0.99449  -0.062  0.022 -0.994  0.978  0.681  1.000 -0.963
       24  0.99377  -0.163  0.049  0.969 -0.953 -0.824 -0.963  1.000
 ERR MATRIX NOT POS-DEF
MINUIT - FIT ONLY 2-y
 **********
 **   67 **RES 
 **********
                   PARAMETER   16  beta_vw RESTORED TO VARIABLE.
                   PARAMETER   14  alpha_vw RESTORED TO VARIABLE.
                   PARAMETER   13  beta_y RESTORED TO VARIABLE.
                   PARAMETER    9  alpha_2CBO RESTORED TO VARIABLE.
                   PARAMETER    8  beta_CBO RESTORED TO VARIABLE.
                   PARAMETER    6  alpha_CBO RESTORED TO VARIABLE.
                   PARAMETER    4  phi RESTORED TO VARIABLE.
                   PARAMETER    3  A0 RESTORED TO VARIABLE.
                   PARAMETER    1  N0 RESTORED TO VARIABLE.
 **********
 **   68 **FIX            0
 **********
 PARAMETER    0  IS UNDEFINED. IGNORED.
 **********
 **   69 **FIX            1
 **********
 **********
 **   70 **FIX            2
 **********
 PARAMETER    2  IS CONSTANT.   IGNORED.
 **********
 **   71 **FIX            3
 **********
 **********
 **   72 **FIX            4
 **********
 **********
 **   73 **FIX            5
 **********
 PARAMETER    5  IS CONSTANT.   IGNORED.
 **********
 **   74 **FIX            6
 **********
 **********
 **   75 **FIX            7
 **********
 PARAMETER    7  IS CONSTANT.   IGNORED.
 **********
 **   76 **FIX            8
 **********
 **********
 **   77 **FIX            9
 **********
 **********
 **   78 **FIX           10
 **********
 **********
 **   79 **FIX           11
 **********
 **********
 **   80 **FIX           12
 **********
 PARAMETER   12  IS CONSTANT.   IGNORED.
 **********
 **   81 **FIX           16
 **********
 **********
 **   82 **MIGRAD
 **********
 START MIGRAD MINIMIZATION.  STRATEGY  1.  CONVERGENCE WHEN EDM .LT. 1.00e-04
 FCN=4.95445 FROM MIGRAD    STATUS=INITIATE       14 CALLS        4632 TOTAL
                     EDM= unknown      STRATEGY= 1      NO ERROR MATRIX       
  EXT PARAMETER               CURRENT GUESS       STEP         FIRST   
  NO.   NAME      VALUE            ERROR          SIZE      DERIVATIVE 
   1  N0           3.42295e+06     fixed    
   2  tau          6.43838e+01   constant   
   3  A0           4.12516e-01     fixed    
   4  phi          4.07821e+00     fixed    
   5  R           -6.25346e+01   constant   
   6  alpha_CBO    6.10635e-02     fixed    
   7  w_CBO        2.32500e+00   constant   
   8  beta_CBO    -9.62595e-02     fixed    
   9  alpha_2CBO  -1.77739e-02     fixed    
  10  beta_2CBO   -1.80970e-02     fixed    
  11  alpha_y      2.33026e-04     fixed    
  12  w_y          1.44500e+01   constant   
  13  beta_y      -1.04248e-04   2.38554e-04   2.38554e-04  -4.65889e+02
  14  alpha_vw     0.00000e+00   1.00000e-03   1.00000e-03   1.97306e+03
  15  w_vw         1.29000e+01   constant   
  16  beta_vw      0.00000e+00     fixed    
  17  LM          -7.79046e-04   constant   
  18  zeta_y       0.00000e+00   constant   
  19  zeta_vw      0.00000e+00   constant   
  20  T_CBO        5.10064e+00   7.30830e-03   6.80846e-07  -2.62004e+01
  21  alpha_A0     4.18684e+05   9.07518e+03   1.65398e+00  -1.40918e-06
  22  beta_A0      2.82889e+05   8.26173e+03   2.05080e+00  -7.00627e-07
  23  alpha_phi    5.69046e+05   1.20332e+04   1.47099e+00  -1.10809e-06
  24  beta_phi    -4.80326e+05   1.02985e+04   1.34318e+00  -3.14359e-06
 MIGRAD MINIMIZATION HAS CONVERGED.
 MIGRAD WILL VERIFY CONVERGENCE AND ERROR MATRIX.
 FCN=4.89811 FROM MIGRAD    STATUS=CONVERGED     130 CALLS        4748 TOTAL
                     EDM=2.15115e-05    STRATEGY= 1      ERR MATRIX NOT POS-DEF
  EXT PARAMETER                APPROXIMATE        STEP         FIRST   
  NO.   NAME      VALUE            ERROR          SIZE      DERIVATIVE 
   1  N0           3.42295e+06     fixed    
   2  tau          6.43838e+01   constant   
   3  A0           4.12516e-01     fixed    
   4  phi          4.07821e+00     fixed    
   5  R           -6.25346e+01   constant   
   6  alpha_CBO    6.10635e-02     fixed    
   7  w_CBO        2.32500e+00   constant   
   8  beta_CBO    -9.62595e-02     fixed    
   9  alpha_2CBO  -1.77739e-02     fixed    
  10  beta_2CBO   -1.80970e-02     fixed    
  11  alpha_y      2.33026e-04     fixed    
  12  w_y          1.44500e+01   constant   
  13  beta_y      -9.90803e-05   2.39107e-04   2.80850e-07  -4.26645e-01
  14  alpha_vw    -5.59053e-05   2.41838e-04   2.80608e-07  -1.25736e-01
  15  w_vw         1.29000e+01   constant   
