 + ++++++++++++++++++++++++++++++++++++++++++++++++++++++++++++++++++++ +
 +                                                                      +
 +           You have chose to blind your fitting according to          +
 +                omega_ref * (1 + (R +/- deltaR) *10^{-6})             +
 +                                                                      +
 + ++++++++++++++++++++++++++++++++++++++++++++++++++++++++++++++++++++ +
In main()...
reading format from /gm2data/zkhechad/run45/envelope/formats/formatB_sBin_constraintOn.txt
pBinTau 	= 0  
pBinPhi 	= 0  
constraintau 	= 1 
includeMopTerm 	= 0    
constrainMop    = 0   
Parameters after format file: pBinTau 0 pBinPhi 0 constraintau 1 includeMopTerm 0 constrainMop 0 c_e_scale 0.000000 
Opening file /gm2data/tbarrett/gm2fr/studies/run23_bunch_corrections/CorrectedFourier_Run3b.root.
reading full fit data from /gm2data/zkhechad/cboTemplates/Run4CBOTemplates/templateFits0_v2.0/noRF/sBin_constraintOn_cE0.0_seed0_noRF_calo3.root
windowBins = 69
fitting sliding window 1418 from bin 1554 at 231.707600 to bin 1623 at 242.151600 (69 bins)

Reading data from /gm2data/cornell/histograms/aMethod/histogram_a_noRF.root
 **********
 **    1 **SET PRINTOUT            1
 **********
 **********
 **    2 **SET NOWARNINGS 
 **********
 PARAMETER DEFINITIONS:
    NO.   NAME         VALUE      STEP SIZE      LIMITS
     1 N0           2.88814e+06  1.00000e+02     no limits
     2 tau          6.44131e+01  constant
     3 A0           3.56394e-01  1.00000e-04     no limits
     4 phi          4.11722e+00  1.00000e-02     no limits
     5 R           -6.09726e+01  constant
     6 alpha_CBO    0.00000e+00  1.00000e-03     no limits
     7 w_CBO        2.32500e+00  constant
     8 beta_CBO     0.00000e+00  1.00000e-03     no limits
     9 alpha_2CBO   0.00000e+00  1.00000e-03     no limits
    10 beta_2CBO    0.00000e+00  1.00000e-03     no limits
    11 alpha_y      0.00000e+00  1.00000e-03     no limits
    12 w_y          1.44500e+01  constant
    13 beta_y       0.00000e+00  1.00000e-03     no limits
    14 alpha_vw     0.00000e+00  1.00000e-03     no limits
    15 w_vw         1.29000e+01  constant
    16 beta_vw      0.00000e+00  1.00000e-03     no limits
    17 LM           2.63157e-04  constant
    18 zeta_y       0.00000e+00  constant
    19 zeta_vw      0.00000e+00  constant
    20 T_CBO        1.00000e+02  1.00000e+00    0.00000e+00  1.00000e+03
    21 alpha_A0     0.00000e+00  1.00000e-03     no limits
    22 beta_A0      0.00000e+00  1.00000e-03     no limits
    23 alpha_phi    0.00000e+00  1.00000e-03     no limits
    24 beta_phi     0.00000e+00  1.00000e-03     no limits
MINUIT - FIT ONLY WIGGLE
 **********
 **    3 **FIX            5
 **********
 PARAMETER    5  IS CONSTANT.   IGNORED.
 **********
 **    4 **FIX            6
 **********
 **********
 **    5 **FIX            7
 **********
 PARAMETER    7  IS CONSTANT.   IGNORED.
 **********
 **    6 **FIX            8
 **********
 **********
 **    7 **FIX            9
 **********
 **********
 **    8 **FIX           10
 **********
 **********
 **    9 **FIX           11
 **********
 **********
 **   10 **FIX           12
 **********
 PARAMETER   12  IS CONSTANT.   IGNORED.
 **********
 **   11 **FIX           13
 **********
 **********
 **   12 **FIX           14
 **********
 **********
 **   13 **FIX           15
 **********
 PARAMETER   15  IS CONSTANT.   IGNORED.
 **********
 **   14 **FIX           16
 **********
 **********
 **   15 **MIGRAD
 **********
 FIRST CALL TO USER FUNCTION AT NEW START POINT, WITH IFLAG=4.
 START MIGRAD MINIMIZATION.  STRATEGY  1.  CONVERGENCE WHEN EDM .LT. 1.00e-04
 FCN=116.813 FROM MIGRAD    STATUS=INITIATE      437 CALLS         438 TOTAL
                     EDM= unknown      STRATEGY= 1      NO ERROR MATRIX       
  EXT PARAMETER               CURRENT GUESS       STEP         FIRST   
  NO.   NAME      VALUE            ERROR          SIZE      DERIVATIVE 
   1  N0           2.88814e+06   1.00000e+02   0.00000e+00  -4.78431e-03
   2  tau          6.44131e+01   constant   
   3  A0           3.56394e-01   1.00000e-04   0.00000e+00   5.31773e+03
   4  phi          4.11722e+00   1.00000e-02   0.00000e+00  -3.10766e+03
   5  R           -6.09726e+01   constant   
   6  alpha_CBO    0.00000e+00     fixed    
   7  w_CBO        2.32500e+00   constant   
   8  beta_CBO     0.00000e+00     fixed    
   9  alpha_2CBO   0.00000e+00     fixed    
  10  beta_2CBO    0.00000e+00     fixed    
  11  alpha_y      0.00000e+00     fixed    
  12  w_y          1.44500e+01   constant   
  13  beta_y       0.00000e+00     fixed    
  14  alpha_vw     0.00000e+00     fixed    
  15  w_vw         1.29000e+01   constant   
  16  beta_vw      0.00000e+00     fixed    
  17  LM           2.63157e-04   constant   
  18  zeta_y       0.00000e+00   constant   
  19  zeta_vw      0.00000e+00   constant   
  20  T_CBO        1.00000e+02   1.00000e+00   0.00000e+00   0.00000e+00
  21  alpha_A0     0.00000e+00   1.00000e-03   0.00000e+00  -2.53369e+02
  22  beta_A0      0.00000e+00   1.00000e-03   0.00000e+00   9.00625e+01
  23  alpha_phi    0.00000e+00   1.00000e-03   0.00000e+00  -1.48887e+02
  24  beta_phi     0.00000e+00   1.00000e-03   0.00000e+00   1.47835e+02
 CALL LIMIT EXCEEDED IN MIGRAD.
 MIGRAD TERMINATED WITHOUT CONVERGENCE.
 FCN=104.064 FROM MIGRAD    STATUS=CALL LIMIT   1326 CALLS        1327 TOTAL
                     EDM=0.000304827    STRATEGY= 1  ERROR MATRIX UNCERTAINTY   0.5 per cent
  EXT PARAMETER                APPROXIMATE        STEP         FIRST   
  NO.   NAME      VALUE            ERROR          SIZE      DERIVATIVE 
   1  N0           2.88961e+06   8.12144e+02   2.25001e+00   8.50465e-07
   2  tau          6.44131e+01   constant   
   3  A0           3.56166e-01   3.33092e-04   1.77242e-07  -1.91905e+00
   4  phi          4.11890e+00   1.02587e-03   2.31688e-06  -4.59970e+00
   5  R           -6.09726e+01   constant   
   6  alpha_CBO    0.00000e+00     fixed    
   7  w_CBO        2.32500e+00   constant   
   8  beta_CBO     0.00000e+00     fixed    
   9  alpha_2CBO   0.00000e+00     fixed    
  10  beta_2CBO    0.00000e+00     fixed    
  11  alpha_y      0.00000e+00     fixed    
  12  w_y          1.44500e+01   constant   
  13  beta_y       0.00000e+00     fixed    
  14  alpha_vw     0.00000e+00     fixed    
  15  w_vw         1.29000e+01   constant   
  16  beta_vw      0.00000e+00     fixed    
  17  LM           2.63157e-04   constant   
  18  zeta_y       0.00000e+00   constant   
  19  zeta_vw      0.00000e+00   constant   
  20  T_CBO        9.79449e+02   9.75740e+02   1.58116e-01  -5.47857e-03
  21  alpha_A0     2.99289e-03   2.83710e-03  -2.50204e-05  -1.11659e+01
  22  beta_A0     -9.58970e-04   2.24280e-03  -4.21896e-06  -2.27085e+00
  23  alpha_phi    2.17463e-03   2.38590e-03  -8.37505e-06  -1.18033e+01
  24  beta_phi    -1.63321e-03   1.87214e-03   4.26974e-05   1.19680e+01
 EXTERNAL ERROR MATRIX.    NDIM=  25    NPAR=  8    ERR DEF=1
  6.596e+05  4.470e-02  8.577e-02  1.093e+04 -1.576e-01  2.965e-01  2.762e-01  6.338e-02 
  4.470e-02  1.110e-07  5.146e-09  7.751e-03  1.297e-08  7.169e-08 -5.531e-08 -1.969e-08 
  8.577e-02  5.146e-09  1.052e-06  1.206e-02 -3.362e-07 -1.575e-07  1.630e-07  1.373e-07 
  1.093e+04  7.751e-03  1.206e-02  1.806e+06 -2.469e+00  8.831e-01 -2.022e+00  1.424e+00 
 -1.576e-01  1.297e-08 -3.362e-07 -2.469e+00  8.049e-06 -1.359e-06  1.919e-06 -1.477e-06 
  2.965e-01  7.169e-08 -1.575e-07  8.831e-01 -1.359e-06  5.030e-06 -1.867e-06  5.326e-07 
  2.762e-01 -5.531e-08  1.630e-07 -2.022e+00  1.919e-06 -1.867e-06  5.693e-06 -5.893e-07 
  6.338e-02 -1.969e-08  1.373e-07  1.424e+00 -1.477e-06  5.326e-07 -5.893e-07  3.505e-06 
ERR MATRIX APPROXIMATE
 PARAMETER  CORRELATION COEFFICIENTS  
       NO.  GLOBAL      1      3      4     20     21     22     23     24
        1  0.34574   1.000  0.165  0.103  0.010 -0.068  0.163  0.143  0.042
        3  0.20766   0.165  1.000  0.015  0.017  0.014  0.096 -0.070 -0.032
        4  0.21729   0.103  0.015  1.000  0.009 -0.116 -0.068  0.067  0.071
       20  0.88325   0.010  0.017  0.009  1.000 -0.648  0.293 -0.630  0.566
       21  0.70190  -0.068  0.014 -0.116 -0.648  1.000 -0.214  0.283 -0.278
       22  0.43418   0.163  0.096 -0.068  0.293 -0.214  1.000 -0.349  0.127
       23  0.75144   0.143 -0.070  0.067 -0.630  0.283 -0.349  1.000 -0.132
       24  0.66630   0.042 -0.032  0.071  0.566 -0.278  0.127 -0.132  1.000
 ERR MATRIX APPROXIMATE
MINUIT - FIT ONLY 1-CBO + wiggle
 **********
 **   16 **RES 
 **********
                   PARAMETER   16  beta_vw RESTORED TO VARIABLE.
                   PARAMETER   14  alpha_vw RESTORED TO VARIABLE.
                   PARAMETER   13  beta_y RESTORED TO VARIABLE.
                   PARAMETER   11  alpha_y RESTORED TO VARIABLE.
                   PARAMETER   10  beta_2CBO RESTORED TO VARIABLE.
                   PARAMETER    9  alpha_2CBO RESTORED TO VARIABLE.
                   PARAMETER    8  beta_CBO RESTORED TO VARIABLE.
                   PARAMETER    6  alpha_CBO RESTORED TO VARIABLE.
 **********
 **   17 **FIX            8
 **********
 **********
 **   18 **FIX            9
 **********
 **********
 **   19 **FIX           11
 **********
 **********
 **   20 **FIX           12
 **********
 PARAMETER   12  IS CONSTANT.   IGNORED.
 **********
 **   21 **FIX           14
 **********
 **********
 **   22 **FIX           15
 **********
 PARAMETER   15  IS CONSTANT.   IGNORED.
 **********
 **   23 **FIX           16
 **********
 **********
 **   24 **MIGRAD
 **********
 START MIGRAD MINIMIZATION.  STRATEGY  1.  CONVERGENCE WHEN EDM .LT. 1.00e-04
 FCN=104.064 FROM MIGRAD    STATUS=INITIATE       28 CALLS        1355 TOTAL
                     EDM= unknown      STRATEGY= 1      NO ERROR MATRIX       
  EXT PARAMETER               CURRENT GUESS       STEP         FIRST   
  NO.   NAME      VALUE            ERROR          SIZE      DERIVATIVE 
   1  N0           2.88961e+06   8.12144e+02   2.25001e+00   8.50464e-07
   2  tau          6.44131e+01   constant   
   3  A0           3.56166e-01   3.33092e-04   1.77242e-07  -1.91905e+00
   4  phi          4.11890e+00   1.02587e-03   2.31688e-06  -4.59970e+00
   5  R           -6.09726e+01   constant   
   6  alpha_CBO    0.00000e+00   1.00000e-03   1.00000e-03   2.61743e+04
   7  w_CBO        2.32500e+00   constant   
   8  beta_CBO     0.00000e+00     fixed    
   9  alpha_2CBO   0.00000e+00     fixed    
  10  beta_2CBO    0.00000e+00   1.00000e-03   1.00000e-03   4.59688e+03
  11  alpha_y      0.00000e+00     fixed    
  12  w_y          1.44500e+01   constant   
  13  beta_y       0.00000e+00   1.00000e-03   1.00000e-03  -5.66070e+03
  14  alpha_vw     0.00000e+00     fixed    
  15  w_vw         1.29000e+01   constant   
  16  beta_vw      0.00000e+00     fixed    
  17  LM           2.63157e-04   constant   
  18  zeta_y       0.00000e+00   constant   
  19  zeta_vw      0.00000e+00   constant   
  20  T_CBO        9.79449e+02   9.75740e+02   1.58116e-01  -5.49403e-03
  21  alpha_A0     2.99289e-03   2.83710e-03  -2.50204e-05  -1.11659e+01
  22  beta_A0     -9.58970e-04   2.24280e-03  -4.21896e-06  -2.27085e+00
  23  alpha_phi    2.17463e-03   2.38590e-03  -8.37505e-06  -1.18033e+01
  24  beta_phi    -1.63321e-03   1.87214e-03   4.26974e-05   1.19680e+01
 MIGRAD MINIMIZATION HAS CONVERGED.
 FCN=75.7561 FROM MIGRAD    STATUS=CONVERGED     421 CALLS        1748 TOTAL
                     EDM=1.17388e-06    STRATEGY= 1  ERROR MATRIX UNCERTAINTY   0.6 per cent
  EXT PARAMETER                                   STEP         FIRST   
  NO.   NAME      VALUE            ERROR          SIZE      DERIVATIVE 
   1  N0           2.88944e+06   8.09272e+02  -4.43423e-01  -9.52636e-08
   2  tau          6.44131e+01   constant   
   3  A0           3.55814e-01   3.44052e-04   5.20362e-08   3.66705e-01
   4  phi          4.11952e+00   1.04349e-03   3.49629e-08   4.26204e-01
   5  R           -6.09726e+01   constant   
   6  alpha_CBO   -2.03141e-03   3.91722e-04   3.74518e-07   1.82361e+00
   7  w_CBO        2.32500e+00   constant   
   8  beta_CBO     0.00000e+00     fixed    
   9  alpha_2CBO   0.00000e+00     fixed    
  10  beta_2CBO   -2.82029e-04   3.75218e-04  -3.15489e-07  -2.79394e+00
  11  alpha_y      0.00000e+00     fixed    
  12  w_y          1.44500e+01   constant   
  13  beta_y       3.86337e-04   3.74659e-04   4.19909e-07   1.78456e+00
  14  alpha_vw     0.00000e+00     fixed    
  15  w_vw         1.29000e+01   constant   
  16  beta_vw      0.00000e+00     fixed    
  17  LM           2.63157e-04   constant   
  18  zeta_y       0.00000e+00   constant   
  19  zeta_vw      0.00000e+00   constant   
  20  T_CBO        9.99864e+02   5.99826e+02  -7.17702e-02   7.92522e-05
  21  alpha_A0     1.20824e-03   1.96533e-03   3.97234e-07  -3.04229e-01
  22  beta_A0     -1.04080e-03   1.93057e-03   1.53504e-06   2.79765e-01
  23  alpha_phi    8.55462e-04   1.69945e-03  -1.30386e-06  -1.69911e-01
  24  beta_phi    -1.39510e-03   1.82351e-03   2.53869e-06   5.31644e-01
 EXTERNAL ERROR MATRIX.    NDIM=  25    NPAR= 11    ERR DEF=1
  6.549e+05 
  4.906e-02  1.184e-07 
  5.807e-02 -3.478e-08  1.089e-06 
  9.985e-03  2.731e-08 -5.219e-08  1.534e-07 
  1.665e-02 -3.790e-09  1.278e-08  4.364e-10  1.408e-07 
 -5.502e-03 -1.155e-10 -5.206e-09 -2.072e-09  4.186e-09  1.404e-07 
  2.658e+03 -1.702e-03 -2.561e-03 -5.053e-03  6.177e-03 -5.489e-03  7.999e+04 
 -7.221e-02  5.618e-08 -2.962e-07  1.353e-07  4.948e-08  5.243e-09  7.094e-02  3.863e-06 
  2.758e-01  7.041e-08 -1.824e-07  9.236e-09 -3.350e-08 -6.182e-09 -6.771e-02  1.893e-07  3.727e-06 
  1.702e-01 -2.996e-08  4.619e-08  9.869e-08  4.240e-08  9.775e-10  5.083e-02 -1.491e-07 -2.672e-07  2.888e-06 
  4.872e-02 -4.558e-08  1.648e-07 -5.271e-08  1.258e-07 -2.510e-08 -9.108e-02 -4.943e-07 -4.370e-07  3.063e-07  3.325e-06 
 PARAMETER  CORRELATION COEFFICIENTS  
       NO.  GLOBAL      1      3      4      6     10     13     20     21     22     23     24
        1  0.30834   1.000  0.176  0.069  0.031  0.055 -0.018  0.012 -0.045  0.177  0.124  0.033
        3  0.30630   0.176  1.000 -0.097  0.203 -0.029 -0.001 -0.017  0.083  0.106 -0.051 -0.073
        4  0.23102   0.069 -0.097  1.000 -0.128  0.033 -0.013 -0.009 -0.144 -0.091  0.026  0.087
        6  0.33790   0.031  0.203 -0.128  1.000  0.003 -0.014 -0.046  0.176  0.012  0.148 -0.074
       10  0.23785   0.055 -0.029  0.033  0.003  1.000  0.030  0.058  0.067 -0.046  0.066  0.184
       13  0.09140  -0.018 -0.001 -0.013 -0.014  0.030  1.000 -0.052  0.007 -0.009  0.002 -0.037
       20  0.31417   0.012 -0.017 -0.009 -0.046  0.058 -0.052  1.000  0.128 -0.124  0.106 -0.177
       21  0.29980  -0.045  0.083 -0.144  0.176  0.067  0.007  0.128  1.000  0.050 -0.045 -0.138
       22  0.29984   0.177  0.106 -0.091  0.012 -0.046 -0.009 -0.124  0.050  1.000 -0.081 -0.124
       23  0.28873   0.124 -0.051  0.026  0.148  0.066  0.002  0.106 -0.045 -0.081  1.000  0.099
       24  0.35121   0.033 -0.073  0.087 -0.074  0.184 -0.037 -0.177 -0.138 -0.124  0.099  1.000
MINUIT - FIT ONLY 2-CBO
 **********
 **   25 **RES 
 **********
                   PARAMETER   16  beta_vw RESTORED TO VARIABLE.
                   PARAMETER   14  alpha_vw RESTORED TO VARIABLE.
                   PARAMETER   11  alpha_y RESTORED TO VARIABLE.
                   PARAMETER    9  alpha_2CBO RESTORED TO VARIABLE.
                   PARAMETER    8  beta_CBO RESTORED TO VARIABLE.
 **********
 **   26 **FIX            0
 **********
 PARAMETER    0  IS UNDEFINED. IGNORED.
 **********
 **   27 **FIX            1
 **********
 **********
 **   28 **FIX            2
 **********
 PARAMETER    2  IS CONSTANT.   IGNORED.
 **********
 **   29 **FIX            3
 **********
 **********
 **   30 **FIX            4
 **********
 **********
 **   31 **FIX            5
 **********
 PARAMETER    5  IS CONSTANT.   IGNORED.
 **********
 **   32 **FIX            6
 **********
 **********
 **   33 **FIX            7
 **********
 PARAMETER    7  IS CONSTANT.   IGNORED.
 **********
 **   34 **FIX           10
 **********
 **********
 **   35 **FIX           11
 **********
 **********
 **   36 **FIX           12
 **********
 PARAMETER   12  IS CONSTANT.   IGNORED.
 **********
 **   37 **FIX           13
 **********
 **********
 **   38 **FIX           14
 **********
 **********
 **   39 **FIX           15
 **********
 PARAMETER   15  IS CONSTANT.   IGNORED.
 **********
 **   40 **FIX           16
 **********
 **********
 **   41 **MIGRAD
 **********
 START MIGRAD MINIMIZATION.  STRATEGY  1.  CONVERGENCE WHEN EDM .LT. 1.00e-04
 FCN=75.7561 FROM MIGRAD    STATUS=INITIATE       18 CALLS        1766 TOTAL
                     EDM= unknown      STRATEGY= 1      NO ERROR MATRIX       
  EXT PARAMETER               CURRENT GUESS       STEP         FIRST   
  NO.   NAME      VALUE            ERROR          SIZE      DERIVATIVE 
   1  N0           2.88944e+06     fixed    
   2  tau          6.44131e+01   constant   
   3  A0           3.55814e-01     fixed    
   4  phi          4.11952e+00     fixed    
   5  R           -6.09726e+01   constant   
   6  alpha_CBO   -2.03141e-03     fixed    
   7  w_CBO        2.32500e+00   constant   
   8  beta_CBO     0.00000e+00   1.00000e-03   1.00000e-03   2.59007e+04
   9  alpha_2CBO   0.00000e+00   1.00000e-03   1.00000e-03  -1.04507e+04
  10  beta_2CBO   -2.82029e-04     fixed    
  11  alpha_y      0.00000e+00     fixed    
  12  w_y          1.44500e+01   constant   
  13  beta_y       3.86337e-04     fixed    
  14  alpha_vw     0.00000e+00     fixed    
  15  w_vw         1.29000e+01   constant   
  16  beta_vw      0.00000e+00     fixed    
  17  LM           2.63157e-04   constant   
  18  zeta_y       0.00000e+00   constant   
  19  zeta_vw      0.00000e+00   constant   
  20  T_CBO        9.99864e+02   5.99826e+02  -7.17702e-02  -7.93386e-05
  21  alpha_A0     1.20824e-03   1.96533e-03   3.97234e-07  -3.04225e-01
  22  beta_A0     -1.04080e-03   1.93057e-03   1.53504e-06   2.79765e-01
  23  alpha_phi    8.55462e-04   1.69945e-03  -1.30386e-06  -1.69911e-01
  24  beta_phi    -1.39510e-03   1.82351e-03   2.53869e-06   5.31644e-01
 MIGRAD MINIMIZATION HAS CONVERGED.
 MIGRAD WILL VERIFY CONVERGENCE AND ERROR MATRIX.
 COVARIANCE MATRIX CALCULATED SUCCESSFULLY
 FCN=46.5224 FROM MIGRAD    STATUS=CONVERGED     157 CALLS        1905 TOTAL
                     EDM=3.13406e-06    STRATEGY= 1      ERROR MATRIX ACCURATE 
  EXT PARAMETER                                   STEP         FIRST   
  NO.   NAME      VALUE            ERROR          SIZE      DERIVATIVE 
   1  N0           2.88944e+06     fixed    
   2  tau          6.44131e+01   constant   
   3  A0           3.55814e-01     fixed    
   4  phi          4.11952e+00     fixed    
   5  R           -6.09726e+01   constant   
   6  alpha_CBO   -2.03141e-03     fixed    
   7  w_CBO        2.32500e+00   constant   
   8  beta_CBO    -1.95405e-03   3.88995e-04   1.27796e-06  -3.06883e-01
   9  alpha_2CBO   7.51129e-04   3.82940e-04   1.26270e-06   7.99752e-01
  10  beta_2CBO   -2.82029e-04     fixed    
  11  alpha_y      0.00000e+00     fixed    
  12  w_y          1.44500e+01   constant   
  13  beta_y       3.86337e-04     fixed    
  14  alpha_vw     0.00000e+00     fixed    
  15  w_vw         1.29000e+01   constant   
  16  beta_vw      0.00000e+00     fixed    
  17  LM           2.63157e-04   constant   
  18  zeta_y       0.00000e+00   constant   
  19  zeta_vw      0.00000e+00   constant   
  20  T_CBO        9.99770e+02   7.71169e+02   7.63421e-02  -9.78525e-05
  21  alpha_A0     1.09802e-03   1.90967e-03   6.34934e-06   2.96958e-01
  22  beta_A0     -2.25591e-03   1.81777e-03   5.99659e-06   3.92691e-02
  23  alpha_phi    1.50381e-03   1.64344e-03   5.42431e-06  -4.41649e-01
  24  beta_phi    -3.14256e-03   1.77763e-03   5.80926e-06  -1.92517e-02
 EXTERNAL ERROR MATRIX.    NDIM=  25    NPAR=  7    ERR DEF=1
  1.513e-07  1.190e-09  2.249e-06 -1.416e-08  5.239e-08 -1.519e-08  1.368e-07 
  1.190e-09  1.466e-07 -2.430e-06 -5.686e-08 -1.016e-07  8.658e-08  5.405e-09 
  2.249e-06 -2.430e-06  1.265e+05  8.381e-03 -1.753e-02  1.146e-02 -2.423e-02 
 -1.416e-08 -5.686e-08  8.381e-03  3.647e-06  1.890e-07 -2.991e-07 -3.555e-07 
  5.239e-08 -1.016e-07 -1.753e-02  1.890e-07  3.304e-06 -3.309e-07 -1.377e-07 
 -1.519e-08  8.658e-08  1.146e-02 -2.991e-07 -3.309e-07  2.701e-06  2.004e-07 
  1.368e-07  5.405e-09 -2.423e-02 -3.555e-07 -1.377e-07  2.004e-07  3.160e-06 
 PARAMETER  CORRELATION COEFFICIENTS  
       NO.  GLOBAL      8      9     20     21     22     23     24
        8  0.21773   1.000  0.008  0.000 -0.019  0.074 -0.024  0.198
        9  0.20096   0.008  1.000 -0.000 -0.078 -0.146  0.138  0.008
       20  0.05435   0.000 -0.000  1.000  0.012 -0.027  0.020 -0.038
       21  0.15566  -0.019 -0.078  0.012  1.000  0.054 -0.095 -0.105
       22  0.19850   0.074 -0.146 -0.027  0.054  1.000 -0.111 -0.043
       23  0.19597  -0.024  0.138  0.020 -0.095 -0.111  1.000  0.069
       24  0.23940   0.198  0.008 -0.038 -0.105 -0.043  0.069  1.000
MINUIT - FIT wiggle + 1-CBO + 2-CBO
 **********
 **   42 **RES 
 **********
                   PARAMETER   16  beta_vw RESTORED TO VARIABLE.
                   PARAMETER   14  alpha_vw RESTORED TO VARIABLE.
                   PARAMETER   13  beta_y RESTORED TO VARIABLE.
                   PARAMETER   11  alpha_y RESTORED TO VARIABLE.
                   PARAMETER   10  beta_2CBO RESTORED TO VARIABLE.
                   PARAMETER    6  alpha_CBO RESTORED TO VARIABLE.
                   PARAMETER    4  phi RESTORED TO VARIABLE.
                   PARAMETER    3  A0 RESTORED TO VARIABLE.
                   PARAMETER    1  N0 RESTORED TO VARIABLE.
 **********
 **   43 **FIX           10
 **********
 **********
 **   44 **FIX           11
 **********
 **********
 **   45 **FIX           12
 **********
 PARAMETER   12  IS CONSTANT.   IGNORED.
 **********
 **   46 **FIX           13
 **********
 **********
 **   47 **FIX           14
 **********
 **********
 **   48 **FIX           15
 **********
 PARAMETER   15  IS CONSTANT.   IGNORED.
 **********
 **   49 **FIX           16
 **********
 **********
 **   50 **MIGRAD
 **********
 START MIGRAD MINIMIZATION.  STRATEGY  1.  CONVERGENCE WHEN EDM .LT. 1.00e-04
 FCN=46.5224 FROM MIGRAD    STATUS=INITIATE       22 CALLS        1927 TOTAL
                     EDM= unknown      STRATEGY= 1      NO ERROR MATRIX       
  EXT PARAMETER               CURRENT GUESS       STEP         FIRST   
  NO.   NAME      VALUE            ERROR          SIZE      DERIVATIVE 
   1  N0           2.88944e+06   8.09272e+02   8.09272e+02  -3.56066e-04
   2  tau          6.44131e+01   constant   
   3  A0           3.55814e-01   3.44052e-04   3.44052e-04   1.12044e+03
   4  phi          4.11952e+00   1.04349e-03   1.04349e-03   1.85274e+03
   5  R           -6.09726e+01   constant   
   6  alpha_CBO   -2.03141e-03   3.91722e-04   3.91722e-04   2.00308e+02
   7  w_CBO        2.32500e+00   constant   
   8  beta_CBO    -1.95405e-03   3.88995e-04   1.27796e-06  -3.06884e-01
   9  alpha_2CBO   7.51129e-04   3.82940e-04   1.26270e-06   7.99752e-01
  10  beta_2CBO   -2.82029e-04     fixed    
  11  alpha_y      0.00000e+00     fixed    
  12  w_y          1.44500e+01   constant   
  13  beta_y       3.86337e-04     fixed    
  14  alpha_vw     0.00000e+00     fixed    
  15  w_vw         1.29000e+01   constant   
  16  beta_vw      0.00000e+00     fixed    
  17  LM           2.63157e-04   constant   
  18  zeta_y       0.00000e+00   constant   
  19  zeta_vw      0.00000e+00   constant   
  20  T_CBO        9.99770e+02   7.71169e+02   7.63421e-02  -1.00340e-04
  21  alpha_A0     1.09802e-03   1.90967e-03   6.34934e-06   2.96972e-01
  22  beta_A0     -2.25591e-03   1.81777e-03   5.99659e-06   3.92177e-02
  23  alpha_phi    1.50381e-03   1.64344e-03   5.42431e-06  -4.41649e-01
  24  beta_phi    -3.14256e-03   1.77763e-03   5.80926e-06  -1.92514e-02
 MIGRAD MINIMIZATION HAS CONVERGED.
 MIGRAD WILL VERIFY CONVERGENCE AND ERROR MATRIX.
 COVARIANCE MATRIX CALCULATED SUCCESSFULLY
 FCN=45.533 FROM MIGRAD    STATUS=CONVERGED     258 CALLS        2163 TOTAL
                     EDM=1.60623e-06    STRATEGY= 1      ERROR MATRIX ACCURATE 
  EXT PARAMETER                                   STEP         FIRST   
  NO.   NAME      VALUE            ERROR          SIZE      DERIVATIVE 
   1  N0           2.88944e+06   8.24204e+02   2.54773e+00  -7.43462e-07
   2  tau          6.44131e+01   constant   
   3  A0           3.55780e-01   3.47337e-04   1.10199e-06   1.58127e-01
   4  phi          4.11847e+00   1.08250e-03   3.40342e-06  -9.07362e-02
   5  R           -6.09726e+01   constant   
   6  alpha_CBO   -2.01856e-03   3.95823e-04   1.25135e-06  -1.96199e-01
   7  w_CBO        2.32500e+00   constant   
   8  beta_CBO    -2.04028e-03   3.98626e-04   1.26455e-06   2.68564e-01
   9  alpha_2CBO   7.27078e-04   3.84138e-04   1.24943e-06   3.63918e+00
  10  beta_2CBO   -2.82029e-04     fixed    
  11  alpha_y      0.00000e+00     fixed    
  12  w_y          1.44500e+01   constant   
  13  beta_y       3.86337e-04     fixed    
  14  alpha_vw     0.00000e+00     fixed    
  15  w_vw         1.29000e+01   constant   
  16  beta_vw      0.00000e+00     fixed    
  17  LM           2.63157e-04   constant   
  18  zeta_y       0.00000e+00   constant   
  19  zeta_vw      0.00000e+00   constant   
  20  T_CBO        9.99938e+02   9.99548e+02   1.19979e-01  -2.08714e-05
  21  alpha_A0     1.40594e-03   1.98874e-03   6.28246e-06  -4.38365e-02
  22  beta_A0     -2.12523e-03   1.89795e-03   5.93367e-06  -1.26968e-01
  23  alpha_phi    1.44013e-03   1.72061e-03   5.36865e-06  -2.53007e-01
  24  beta_phi    -3.34883e-03   1.89381e-03   5.74946e-06  -2.25085e-01
 EXTERNAL ERROR MATRIX.    NDIM=  25    NPAR= 11    ERR DEF=1
  6.793e+05 
  5.224e-02  1.206e-07 
  9.427e-02 -2.885e-08  1.172e-06 
  1.171e-02  2.825e-08 -4.559e-08  1.567e-07 
 -9.388e-04  1.033e-09  9.228e-08  2.046e-10  1.589e-07 
 -2.893e-03 -4.117e-09  2.778e-08  2.974e-09  3.438e-09  1.476e-07 
 -1.193e+02 -3.397e-04 -2.806e-04 -8.946e-05 -1.789e-05 -1.789e-05  7.400e+04 
 -1.602e-01  4.607e-08 -4.049e-07  1.204e-07 -4.088e-08 -6.337e-08  6.881e-02  3.955e-06 
  2.777e-01  6.753e-08 -1.284e-07  1.052e-08  4.047e-08 -1.081e-07 -1.049e-01  9.041e-08  3.602e-06 
  2.547e-01 -2.174e-08  1.199e-07  1.009e-07 -7.851e-09  9.211e-08  6.999e-02 -2.657e-07 -3.573e-07  2.961e-06 
  5.594e-02 -2.792e-08  2.551e-07 -3.608e-08  1.552e-07  1.117e-08 -1.643e-01 -6.253e-07  7.483e-08  7.901e-08  3.587e-06 
 PARAMETER  CORRELATION COEFFICIENTS  
       NO.  GLOBAL      1      3      4      6      8      9     20     21     22     23     24
        1  0.35136   1.000  0.182  0.106  0.036 -0.003 -0.009 -0.001 -0.098  0.178  0.180  0.036
        3  0.30447   0.182  1.000 -0.077  0.205  0.007 -0.031 -0.004  0.067  0.102 -0.036 -0.042
        4  0.33018   0.106 -0.077  1.000 -0.106  0.214  0.067 -0.001 -0.188 -0.062  0.064  0.124
        6  0.31486   0.036  0.205 -0.106  1.000  0.001  0.020 -0.001  0.153  0.014  0.148 -0.048
        8  0.30484  -0.003  0.007  0.214  0.001  1.000  0.022 -0.000 -0.052  0.053 -0.011  0.206
        9  0.21550  -0.009 -0.031  0.067  0.020  0.022  1.000 -0.000 -0.083 -0.148  0.139  0.015
       20  0.42276  -0.001 -0.004 -0.001 -0.001 -0.000 -0.000  1.000  0.127 -0.203  0.150 -0.319
       21  0.31705  -0.098  0.067 -0.188  0.153 -0.052 -0.083  0.127  1.000  0.024 -0.078 -0.166
       22  0.34499   0.178  0.102 -0.062  0.014  0.053 -0.148 -0.203  0.024  1.000 -0.109  0.021
       23  0.34998   0.180 -0.036  0.064  0.148 -0.011  0.139  0.150 -0.078 -0.109  1.000  0.024
       24  0.41140   0.036 -0.042  0.124 -0.048  0.206  0.015 -0.319 -0.166  0.021  0.024  1.000
MINUIT - FIT ONLY 1-y
 **********
 **   51 **RES 
 **********
                   PARAMETER   16  beta_vw RESTORED TO VARIABLE.
                   PARAMETER   14  alpha_vw RESTORED TO VARIABLE.
                   PARAMETER   13  beta_y RESTORED TO VARIABLE.
                   PARAMETER   11  alpha_y RESTORED TO VARIABLE.
                   PARAMETER   10  beta_2CBO RESTORED TO VARIABLE.
 **********
 **   52 **FIX            0
 **********
 PARAMETER    0  IS UNDEFINED. IGNORED.
 **********
 **   53 **FIX            1
 **********
 **********
 **   54 **FIX            2
 **********
 PARAMETER    2  IS CONSTANT.   IGNORED.
 **********
 **   55 **FIX            3
 **********
 **********
 **   56 **FIX            4
 **********
 **********
 **   57 **FIX            5
 **********
 PARAMETER    5  IS CONSTANT.   IGNORED.
 **********
 **   58 **FIX            6
 **********
 **********
 **   59 **FIX            7
 **********
 PARAMETER    7  IS CONSTANT.   IGNORED.
 **********
 **   60 **FIX            8
 **********
 **********
 **   61 **FIX            9
 **********
 **********
 **   62 **FIX           13
 **********
 **********
 **   63 **FIX           14
 **********
 **********
 **   64 **FIX           15
 **********
 PARAMETER   15  IS CONSTANT.   IGNORED.
 **********
 **   65 **FIX           16
 **********
 **********
 **   66 **MIGRAD
 **********
 START MIGRAD MINIMIZATION.  STRATEGY  1.  CONVERGENCE WHEN EDM .LT. 1.00e-04
 FCN=45.533 FROM MIGRAD    STATUS=INITIATE       16 CALLS        2179 TOTAL
                     EDM= unknown      STRATEGY= 1      NO ERROR MATRIX       
  EXT PARAMETER               CURRENT GUESS       STEP         FIRST   
  NO.   NAME      VALUE            ERROR          SIZE      DERIVATIVE 
   1  N0           2.88944e+06     fixed    
   2  tau          6.44131e+01   constant   
   3  A0           3.55780e-01     fixed    
   4  phi          4.11847e+00     fixed    
   5  R           -6.09726e+01   constant   
   6  alpha_CBO   -2.01856e-03     fixed    
   7  w_CBO        2.32500e+00   constant   
   8  beta_CBO    -2.04028e-03     fixed    
   9  alpha_2CBO   7.27078e-04     fixed    
  10  beta_2CBO   -2.82029e-04   3.75218e-04   3.75218e-04  -1.83025e+02
  11  alpha_y      0.00000e+00   1.00000e-03   1.00000e-03  -3.98833e+02
  12  w_y          1.44500e+01   constant   
  13  beta_y       3.86337e-04     fixed    
  14  alpha_vw     0.00000e+00     fixed    
  15  w_vw         1.29000e+01   constant   
  16  beta_vw      0.00000e+00     fixed    
  17  LM           2.63157e-04   constant   
  18  zeta_y       0.00000e+00   constant   
  19  zeta_vw      0.00000e+00   constant   
  20  T_CBO        9.99938e+02   9.99548e+02   1.19979e-01  -2.42623e-05
  21  alpha_A0     1.40594e-03   1.98874e-03   6.28246e-06  -4.38376e-02
  22  beta_A0     -2.12523e-03   1.89795e-03   5.93367e-06  -1.26957e-01
  23  alpha_phi    1.44013e-03   1.72061e-03   5.36865e-06  -2.53006e-01
  24  beta_phi    -3.34883e-03   1.89381e-03   5.74946e-06  -2.25085e-01
 MIGRAD MINIMIZATION HAS CONVERGED.
 MIGRAD WILL VERIFY CONVERGENCE AND ERROR MATRIX.
 COVARIANCE MATRIX CALCULATED SUCCESSFULLY
 FCN=45.5261 FROM MIGRAD    STATUS=CONVERGED      99 CALLS        2262 TOTAL
                     EDM=4.2732e-06    STRATEGY= 1      ERROR MATRIX ACCURATE 
  EXT PARAMETER                                   STEP         FIRST   
  NO.   NAME      VALUE            ERROR          SIZE      DERIVATIVE 
   1  N0           2.88944e+06     fixed    
   2  tau          6.44131e+01   constant   
   3  A0           3.55780e-01     fixed    
   4  phi          4.11847e+00     fixed    
   5  R           -6.09726e+01   constant   
   6  alpha_CBO   -2.01856e-03     fixed    
   7  w_CBO        2.32500e+00   constant   
   8  beta_CBO    -2.04028e-03     fixed    
   9  alpha_2CBO   7.27078e-04     fixed    
  10  beta_2CBO   -2.68588e-04   3.89925e-04   1.26645e-06  -6.85156e+00
  11  alpha_y      2.83185e-05   3.75282e-04   1.24953e-06   3.14118e+00
  12  w_y          1.44500e+01   constant   
  13  beta_y       3.86337e-04     fixed    
  14  alpha_vw     0.00000e+00     fixed    
  15  w_vw         1.29000e+01   constant   
  16  beta_vw      0.00000e+00     fixed    
  17  LM           2.63157e-04   constant   
  18  zeta_y       0.00000e+00   constant   
  19  zeta_vw      0.00000e+00   constant   
  20  T_CBO        1.00000e+03   6.53677e+02   1.27890e-01** at limit **
  21  alpha_A0     1.41602e-03   1.95974e-03   6.28184e-06   2.57375e-03
  22  beta_A0     -2.12635e-03   1.88955e-03   5.93308e-06   1.38030e-01
  23  alpha_phi    1.44091e-03   1.67462e-03   5.36812e-06   6.43231e-02
  24  beta_phi    -3.34126e-03   1.98984e-03   5.74889e-06   1.06480e-01
 EXTERNAL ERROR MATRIX.    NDIM=  25    NPAR=  7    ERR DEF=1
  1.520e-07  1.526e-10 -6.261e-07  1.007e-07 -3.997e-08  1.481e-08  1.073e-07 
  1.526e-10  1.408e-07  5.180e-08  5.986e-09  1.013e-08 -4.616e-09 -1.204e-08 
 -6.261e-07  5.180e-08  2.471e+00  6.127e-04 -9.264e-04  6.192e-04 -1.450e-03 
  1.007e-07  5.986e-09  6.127e-04  3.841e-06 -1.020e-07 -1.029e-07 -6.283e-07 
 -3.997e-08  1.013e-08 -9.264e-04 -1.020e-07  3.570e-06 -4.999e-07  3.320e-07 
  1.481e-08 -4.616e-09  6.192e-04 -1.029e-07 -4.999e-07  2.804e-06 -1.386e-07 
  1.073e-07 -1.204e-08 -1.450e-03 -6.283e-07  3.320e-07 -1.386e-07  3.959e-06 
 PARAMETER  CORRELATION COEFFICIENTS  
       NO.  GLOBAL     10     11     20     21     22     23     24
       10  0.22136   1.000  0.001 -0.001  0.132 -0.054  0.023  0.138
       11  0.02445   0.001  1.000  0.000  0.008  0.014 -0.007 -0.016
       20  0.58077  -0.001  0.000  1.000  0.199 -0.312  0.235 -0.464
       21  0.27152   0.132  0.008  0.199  1.000 -0.028 -0.031 -0.161
       22  0.33345  -0.054  0.014 -0.312 -0.028  1.000 -0.158  0.088
       23  0.27138   0.023 -0.007  0.235 -0.031 -0.158  1.000 -0.042
       24  0.49751   0.138 -0.016 -0.464 -0.161  0.088 -0.042  1.000
MINUIT - FIT ONLY 2-y
 **********
 **   67 **RES 
 **********
                   PARAMETER   16  beta_vw RESTORED TO VARIABLE.
                   PARAMETER   14  alpha_vw RESTORED TO VARIABLE.
                   PARAMETER   13  beta_y RESTORED TO VARIABLE.
                   PARAMETER    9  alpha_2CBO RESTORED TO VARIABLE.
                   PARAMETER    8  beta_CBO RESTORED TO VARIABLE.
                   PARAMETER    6  alpha_CBO RESTORED TO VARIABLE.
                   PARAMETER    4  phi RESTORED TO VARIABLE.
                   PARAMETER    3  A0 RESTORED TO VARIABLE.
                   PARAMETER    1  N0 RESTORED TO VARIABLE.
 **********
 **   68 **FIX            0
 **********
 PARAMETER    0  IS UNDEFINED. IGNORED.
 **********
 **   69 **FIX            1
 **********
 **********
 **   70 **FIX            2
 **********
 PARAMETER    2  IS CONSTANT.   IGNORED.
 **********
 **   71 **FIX            3
 **********
 **********
 **   72 **FIX            4
 **********
 **********
 **   73 **FIX            5
 **********
 PARAMETER    5  IS CONSTANT.   IGNORED.
 **********
 **   74 **FIX            6
 **********
 **********
 **   75 **FIX            7
 **********
 PARAMETER    7  IS CONSTANT.   IGNORED.
 **********
 **   76 **FIX            8
 **********
 **********
 **   77 **FIX            9
 **********
 **********
 **   78 **FIX           10
 **********
 **********
 **   79 **FIX           11
 **********
 **********
 **   80 **FIX           12
 **********
 PARAMETER   12  IS CONSTANT.   IGNORED.
 **********
 **   81 **FIX           16
 **********
 **********
 **   82 **MIGRAD
 **********
 START MIGRAD MINIMIZATION.  STRATEGY  1.  CONVERGENCE WHEN EDM .LT. 1.00e-04
 FCN=45.5261 FROM MIGRAD    STATUS=INITIATE       16 CALLS        2278 TOTAL
                     EDM= unknown      STRATEGY= 1      NO ERROR MATRIX       
  EXT PARAMETER               CURRENT GUESS       STEP         FIRST   
  NO.   NAME      VALUE            ERROR          SIZE      DERIVATIVE 
   1  N0           2.88944e+06     fixed    
   2  tau          6.44131e+01   constant   
   3  A0           3.55780e-01     fixed    
   4  phi          4.11847e+00     fixed    
   5  R           -6.09726e+01   constant   
   6  alpha_CBO   -2.01856e-03     fixed    
   7  w_CBO        2.32500e+00   constant   
   8  beta_CBO    -2.04028e-03     fixed    
   9  alpha_2CBO   7.27078e-04     fixed    
  10  beta_2CBO   -2.68588e-04     fixed    
  11  alpha_y      2.83185e-05     fixed    
  12  w_y          1.44500e+01   constant   
  13  beta_y       3.86337e-04   3.74659e-04   3.74659e-04   3.88317e+02
  14  alpha_vw     0.00000e+00   1.00000e-03   1.00000e-03   4.96420e+03
  15  w_vw         1.29000e+01   constant   
  16  beta_vw      0.00000e+00     fixed    
  17  LM           2.63157e-04   constant   
  18  zeta_y       0.00000e+00   constant   
  19  zeta_vw      0.00000e+00   constant   
  20  T_CBO        9.99999e+02   6.53677e+02   1.27890e-01  -3.39209e-06
  21  alpha_A0     1.41602e-03   1.95974e-03   6.28184e-06   2.41945e-03
  22  beta_A0     -2.12635e-03   1.88955e-03   5.93308e-06   1.38348e-01
  23  alpha_phi    1.44091e-03   1.67462e-03   5.36812e-06   6.40550e-02
  24  beta_phi    -3.34126e-03   1.98984e-03   5.74889e-06   1.06997e-01
 MIGRAD MINIMIZATION HAS CONVERGED.
 MIGRAD WILL VERIFY CONVERGENCE AND ERROR MATRIX.
 COVARIANCE MATRIX CALCULATED SUCCESSFULLY
 FCN=44.6207 FROM MIGRAD    STATUS=CONVERGED     114 CALLS        2376 TOTAL
                     EDM=7.11068e-07    STRATEGY= 1      ERROR MATRIX ACCURATE 
  EXT PARAMETER                                   STEP         FIRST   
  NO.   NAME      VALUE            ERROR          SIZE      DERIVATIVE 
   1  N0           2.88944e+06     fixed    
   2  tau          6.44131e+01   constant   
   3  A0           3.55780e-01     fixed    
   4  phi          4.11847e+00     fixed    
   5  R           -6.09726e+01   constant   
   6  alpha_CBO   -2.01856e-03     fixed    
   7  w_CBO        2.32500e+00   constant   
   8  beta_CBO    -2.04028e-03     fixed    
   9  alpha_2CBO   7.27078e-04     fixed    
  10  beta_2CBO   -2.68588e-04     fixed    
  11  alpha_y      2.83185e-05     fixed    
  12  w_y          1.44500e+01   constant   
  13  beta_y       3.37085e-04   3.81014e-04   1.25405e-06  -2.35621e+00
  14  alpha_vw    -3.60938e-04   3.80458e-04   1.25172e-06  -2.27519e-01
  15  w_vw         1.29000e+01   constant   
  16  beta_vw      0.00000e+00     fixed    
  17  LM           2.63157e-04   constant   
  18  zeta_y       0.00000e+00   constant   
  19  zeta_vw      0.00000e+00   constant   
  20  T_CBO        1.00000e+03   9.31650e+02   1.33618e-01** at limit **
  21  alpha_A0     1.38226e-03   1.94234e-03   6.22038e-06   3.28498e-01
  22  beta_A0     -2.15857e-03   1.89197e-03   5.87523e-06   1.55037e-01
  23  alpha_phi    1.45511e-03   1.67627e-03   5.31562e-06   7.68249e-02
  24  beta_phi    -3.29003e-03   1.96961e-03   5.69278e-06   2.05107e-01
 EXTERNAL ERROR MATRIX.    NDIM=  25    NPAR=  7    ERR DEF=1
  1.452e-07  8.417e-09  4.227e-09 -1.233e-08  2.272e-09  1.351e-09 -1.180e-08 
  8.417e-09  1.447e-07  2.885e-09  1.484e-08  1.276e-08 -5.845e-09 -1.973e-08 
  4.227e-09  2.885e-09  4.227e-03  2.506e-05 -3.937e-05  2.618e-05 -5.973e-05 
 -1.233e-08  1.484e-08  2.506e-05  3.773e-06 -7.824e-08 -1.116e-07 -6.942e-07 
  2.272e-09  1.276e-08 -3.937e-05 -7.824e-08  3.580e-06 -5.077e-07  3.717e-07 
  1.351e-09 -5.845e-09  2.618e-05 -1.116e-07 -5.077e-07  2.810e-06 -1.553e-07 
 -1.180e-08 -1.973e-08 -5.973e-05 -6.942e-07  3.717e-07 -1.553e-07  3.879e-06 
 PARAMETER  CORRELATION COEFFICIENTS  
       NO.  GLOBAL     13     14     20     21     22     23     24
       13  0.06353   1.000  0.058  0.000 -0.017  0.003  0.002 -0.016
       14  0.06944   0.058  1.000  0.000  0.020  0.018 -0.009 -0.026
       20  0.58297   0.000  0.000  1.000  0.198 -0.320  0.240 -0.466
       21  0.23890  -0.017  0.020  0.198  1.000 -0.021 -0.034 -0.181
       22  0.33678   0.003  0.018 -0.320 -0.021  1.000 -0.160  0.100
       23  0.27474   0.002 -0.009  0.240 -0.034 -0.160  1.000 -0.047
       24  0.48162  -0.016 -0.026 -0.466 -0.181  0.100 -0.047  1.000
