 + ++++++++++++++++++++++++++++++++++++++++++++++++++++++++++++++++++++ +
 +                                                                      +
 +           You have chose to blind your fitting according to          +
 +                omega_ref * (1 + (R +/- deltaR) *10^{-6})             +
 +                                                                      +
 + ++++++++++++++++++++++++++++++++++++++++++++++++++++++++++++++++++++ +
In main()...
reading format from /gm2data/zkhechad/run45/envelope/formats/formatB_sBin_constraintOn.txt
pBinTau 	= 0  
pBinPhi 	= 0  
constraintau 	= 1 
includeMopTerm 	= 0    
constrainMop    = 0   
Parameters after format file: pBinTau 0 pBinPhi 0 constraintau 1 includeMopTerm 0 constrainMop 0 c_e_scale 0.000000 
Opening file /gm2data/tbarrett/gm2fr/studies/run23_bunch_corrections/CorrectedFourier_Run3b.root.
reading full fit data from /gm2data/zkhechad/cboTemplates/Run4CBOTemplates/fullFits/noRF/sBin_constraintOn_cE0.0_seed0_noRF_calo22.root
windowBins = 69
fitting sliding window 1050 from bin 1186 at 176.802000 to bin 1255 at 187.246000 (69 bins)

Reading data from /gm2data/cornell/histograms/aMethod/histogram_a_noRF.root
 **********
 **    1 **SET PRINTOUT            1
 **********
 **********
 **    2 **SET NOWARNINGS 
 **********
 PARAMETER DEFINITIONS:
    NO.   NAME         VALUE      STEP SIZE      LIMITS
     1 N0           3.01041e+06  1.00000e+02     no limits
     2 tau          6.44059e+01  constant
     3 A0           3.51736e-01  1.00000e-04     no limits
     4 phi          4.11589e+00  1.00000e-02     no limits
     5 R           -6.13499e+01  constant
     6 alpha_CBO    0.00000e+00  1.00000e-03     no limits
     7 w_CBO        2.32500e+00  constant
     8 beta_CBO     0.00000e+00  1.00000e-03     no limits
     9 alpha_2CBO   0.00000e+00  1.00000e-03     no limits
    10 beta_2CBO    0.00000e+00  1.00000e-03     no limits
    11 alpha_y      0.00000e+00  1.00000e-03     no limits
    12 w_y          1.38860e+01  constant
    13 beta_y       0.00000e+00  1.00000e-03     no limits
    14 alpha_vw     0.00000e+00  1.00000e-03     no limits
    15 w_vw         1.43404e+01  constant
    16 beta_vw      0.00000e+00  1.00000e-03     no limits
    17 LM           1.16863e-04  constant
    18 zeta_y       0.00000e+00  constant
    19 zeta_vw      0.00000e+00  constant
    20 T_CBO        1.00000e+02  1.00000e+00    0.00000e+00  1.00000e+03
    21 alpha_A0     0.00000e+00  1.00000e-04   -1.00000e-02  1.00000e-02
    22 beta_A0      0.00000e+00  1.00000e-04   -1.00000e-02  1.00000e-02
    23 alpha_phi    0.00000e+00  1.00000e-04   -1.00000e-02  1.00000e-02
    24 beta_phi     0.00000e+00  1.00000e-04   -1.00000e-02  1.00000e-02
MINUIT - FIT ONLY WIGGLE
 **********
 **    3 **FIX            5
 **********
 PARAMETER    5  IS CONSTANT.   IGNORED.
 **********
 **    4 **FIX            6
 **********
 **********
 **    5 **FIX            7
 **********
 PARAMETER    7  IS CONSTANT.   IGNORED.
 **********
 **    6 **FIX            8
 **********
 **********
 **    7 **FIX            9
 **********
 **********
 **    8 **FIX           10
 **********
 **********
 **    9 **FIX           11
 **********
 **********
 **   10 **FIX           12
 **********
 PARAMETER   12  IS CONSTANT.   IGNORED.
 **********
 **   11 **FIX           13
 **********
 **********
 **   12 **FIX           14
 **********
 **********
 **   13 **FIX           15
 **********
 PARAMETER   15  IS CONSTANT.   IGNORED.
 **********
 **   14 **FIX           16
 **********
 **********
 **   15 **MIGRAD
 **********
 FIRST CALL TO USER FUNCTION AT NEW START POINT, WITH IFLAG=4.
 START MIGRAD MINIMIZATION.  STRATEGY  1.  CONVERGENCE WHEN EDM .LT. 1.00e-04
 FCN=434.038 FROM MIGRAD    STATUS=INITIATE      437 CALLS         438 TOTAL
                     EDM= unknown      STRATEGY= 1      NO ERROR MATRIX       
  EXT PARAMETER               CURRENT GUESS       STEP         FIRST   
  NO.   NAME      VALUE            ERROR          SIZE      DERIVATIVE 
   1  N0           3.01041e+06   1.00000e+02   0.00000e+00   1.16221e-02
   2  tau          6.44059e+01   constant   
   3  A0           3.51736e-01   1.00000e-04   0.00000e+00   1.71382e+04
   4  phi          4.11589e+00   1.00000e-02   0.00000e+00   9.02760e+03
   5  R           -6.13499e+01   constant   
   6  alpha_CBO    0.00000e+00     fixed    
   7  w_CBO        2.32500e+00   constant   
   8  beta_CBO     0.00000e+00     fixed    
   9  alpha_2CBO   0.00000e+00     fixed    
  10  beta_2CBO    0.00000e+00     fixed    
  11  alpha_y      0.00000e+00     fixed    
  12  w_y          1.38860e+01   constant   
  13  beta_y       0.00000e+00     fixed    
  14  alpha_vw     0.00000e+00     fixed    
  15  w_vw         1.43404e+01   constant   
  16  beta_vw      0.00000e+00     fixed    
  17  LM           1.16863e-04   constant   
  18  zeta_y       0.00000e+00   constant   
  19  zeta_vw      0.00000e+00   constant   
  20  T_CBO        1.00000e+02   1.00000e+00   0.00000e+00   0.00000e+00
  21  alpha_A0     0.00000e+00   1.00000e-04   0.00000e+00   2.69851e+00
  22  beta_A0      0.00000e+00   1.00000e-04   0.00000e+00   2.31936e+00
  23  alpha_phi    0.00000e+00   1.00000e-04   0.00000e+00   1.30197e+01
  24  beta_phi     0.00000e+00   1.00000e-04   0.00000e+00  -2.05038e+00
 MIGRAD MINIMIZATION HAS CONVERGED.
 FCN=397.599 FROM MIGRAD    STATUS=CONVERGED     592 CALLS         593 TOTAL
                     EDM=8.58198e-06    STRATEGY= 1  ERROR MATRIX UNCERTAINTY   1.9 per cent
  EXT PARAMETER                                   STEP         FIRST   
  NO.   NAME      VALUE            ERROR          SIZE      DERIVATIVE 
   1  N0           3.00929e+06   5.23898e+02   2.23431e+00   6.72963e-06
   2  tau          6.44059e+01   constant   
   3  A0           3.51276e-01   2.27576e-04  -3.68639e-06  -5.36016e+00
   4  phi          4.11344e+00   7.16390e-04   1.01239e-05  -5.60289e-01
   5  R           -6.13499e+01   constant   
   6  alpha_CBO    0.00000e+00     fixed    
   7  w_CBO        2.32500e+00   constant   
   8  beta_CBO     0.00000e+00     fixed    
   9  alpha_2CBO   0.00000e+00     fixed    
  10  beta_2CBO    0.00000e+00     fixed    
  11  alpha_y      0.00000e+00     fixed    
  12  w_y          1.38860e+01   constant   
  13  beta_y       0.00000e+00     fixed    
  14  alpha_vw     0.00000e+00     fixed    
  15  w_vw         1.43404e+01   constant   
  16  beta_vw      0.00000e+00     fixed    
  17  LM           1.16863e-04   constant   
  18  zeta_y       0.00000e+00   constant   
  19  zeta_vw      0.00000e+00   constant   
  20  T_CBO        1.74233e+02   3.93483e+01   1.96277e-03  -3.68187e-02
  21  alpha_A0    -9.04769e-04   2.96674e-03   1.30041e-03   6.19105e-03
  22  beta_A0     -2.40496e-03   2.93554e-03   1.89448e-03   9.32330e-03
  23  alpha_phi   -9.75306e-03   1.35817e-03   2.77951e-03   6.23396e-03
  24  beta_phi     1.30132e-03   2.77086e-03   1.31060e-03  -2.31943e-03
 EXTERNAL ERROR MATRIX.    NDIM=  25    NPAR=  8    ERR DEF=1
  2.745e+05 -9.715e-03 -1.725e-02  3.927e+03 -4.204e-01 -8.451e-02 -1.684e-02  3.152e-01 
 -9.715e-03  5.179e-08  3.807e-09 -1.411e-03  9.939e-08  1.900e-08 -1.751e-10 -9.782e-08 
 -1.725e-02  3.807e-09  5.132e-07 -2.145e-03 -1.550e-07  2.184e-07 -1.017e-08  5.345e-08 
  3.927e+03 -1.411e-03 -2.145e-03  1.554e+03  1.530e-02  2.911e-02 -6.923e-03 -9.990e-03 
 -4.204e-01  9.939e-08 -1.550e-07  1.530e-02  9.075e-06  3.406e-07 -6.682e-07 -1.138e-06 
 -8.451e-02  1.900e-08  2.184e-07  2.911e-02  3.406e-07  8.894e-06 -2.692e-07 -6.808e-07 
 -1.684e-02 -1.751e-10 -1.017e-08 -6.923e-03 -6.682e-07 -2.692e-07  1.391e-06  4.051e-07 
  3.152e-01 -9.782e-08  5.345e-08 -9.990e-03 -1.138e-06 -6.808e-07  4.051e-07  7.886e-06 
 PARAMETER  CORRELATION COEFFICIENTS  
       NO.  GLOBAL      1      3      4     20     21     22     23     24
        1  0.42157   1.000 -0.081 -0.046  0.190 -0.266 -0.054 -0.027  0.214
        3  0.28304  -0.081  1.000  0.023 -0.157  0.145  0.028 -0.001 -0.153
        4  0.17146  -0.046  0.023  1.000 -0.076 -0.072  0.102 -0.012  0.027
       20  0.43668   0.190 -0.157 -0.076  1.000  0.129  0.248 -0.149 -0.090
       21  0.40297  -0.266  0.145 -0.072  0.129  1.000  0.038 -0.188 -0.134
       22  0.30460  -0.054  0.028  0.102  0.248  0.038  1.000 -0.077 -0.081
       23  0.26045  -0.027 -0.001 -0.012 -0.149 -0.188 -0.077  1.000  0.122
       24  0.31837   0.214 -0.153  0.027 -0.090 -0.134 -0.081  0.122  1.000
MINUIT - FIT ONLY 1-CBO + wiggle
 **********
 **   16 **RES 
 **********
                   PARAMETER   16  beta_vw RESTORED TO VARIABLE.
                   PARAMETER   14  alpha_vw RESTORED TO VARIABLE.
                   PARAMETER   13  beta_y RESTORED TO VARIABLE.
                   PARAMETER   11  alpha_y RESTORED TO VARIABLE.
                   PARAMETER   10  beta_2CBO RESTORED TO VARIABLE.
                   PARAMETER    9  alpha_2CBO RESTORED TO VARIABLE.
                   PARAMETER    8  beta_CBO RESTORED TO VARIABLE.
                   PARAMETER    6  alpha_CBO RESTORED TO VARIABLE.
 **********
 **   17 **FIX            8
 **********
 **********
 **   18 **FIX            9
 **********
 **********
 **   19 **FIX           11
 **********
 **********
 **   20 **FIX           12
 **********
 PARAMETER   12  IS CONSTANT.   IGNORED.
 **********
 **   21 **FIX           14
 **********
 **********
 **   22 **FIX           15
 **********
 PARAMETER   15  IS CONSTANT.   IGNORED.
 **********
 **   23 **FIX           16
 **********
 **********
 **   24 **MIGRAD
 **********
 START MIGRAD MINIMIZATION.  STRATEGY  1.  CONVERGENCE WHEN EDM .LT. 1.00e-04
 FCN=397.599 FROM MIGRAD    STATUS=INITIATE       28 CALLS         621 TOTAL
                     EDM= unknown      STRATEGY= 1      NO ERROR MATRIX       
  EXT PARAMETER               CURRENT GUESS       STEP         FIRST   
  NO.   NAME      VALUE            ERROR          SIZE      DERIVATIVE 
   1  N0           3.00929e+06   5.23898e+02   2.23431e+00   6.72963e-06
   2  tau          6.44059e+01   constant   
   3  A0           3.51276e-01   2.27576e-04  -3.68639e-06  -5.36016e+00
   4  phi          4.11344e+00   7.16390e-04   1.01239e-05  -5.60281e-01
   5  R           -6.13499e+01   constant   
   6  alpha_CBO    0.00000e+00   1.00000e-03   1.00000e-03   1.48320e+05
   7  w_CBO        2.32500e+00   constant   
   8  beta_CBO     0.00000e+00     fixed    
   9  alpha_2CBO   0.00000e+00     fixed    
  10  beta_2CBO    0.00000e+00   1.00000e-03   1.00000e-03  -2.94686e+04
  11  alpha_y      0.00000e+00     fixed    
  12  w_y          1.38860e+01   constant   
  13  beta_y       0.00000e+00   1.00000e-03   1.00000e-03  -2.12878e+04
  14  alpha_vw     0.00000e+00     fixed    
  15  w_vw         1.43404e+01   constant   
  16  beta_vw      0.00000e+00     fixed    
  17  LM           1.16863e-04   constant   
  18  zeta_y       0.00000e+00   constant   
  19  zeta_vw      0.00000e+00   constant   
  20  T_CBO        1.74233e+02   3.93483e+01   1.96277e-03  -3.68196e-02
  21  alpha_A0    -9.04769e-04   2.96674e-03   1.30041e-03   6.19095e-03
  22  beta_A0     -2.40496e-03   2.93554e-03   1.89448e-03   9.32308e-03
  23  alpha_phi   -9.75306e-03   1.35817e-03   2.77951e-03  -6.18931e-03
  24  beta_phi     1.30132e-03   2.77086e-03   1.31060e-03  -2.31932e-03
 MIGRAD MINIMIZATION HAS CONVERGED.
 FCN=57.905 FROM MIGRAD    STATUS=CONVERGED     592 CALLS        1185 TOTAL
                     EDM=6.1315e-06    STRATEGY= 1  ERROR MATRIX UNCERTAINTY   0.2 per cent
  EXT PARAMETER                                   STEP         FIRST   
  NO.   NAME      VALUE            ERROR          SIZE      DERIVATIVE 
   1  N0           3.00942e+06   5.44652e+02  -2.06469e-01   1.53770e-07
   2  tau          6.44059e+01   constant   
   3  A0           3.51456e-01   2.37253e-04   1.14380e-07  -1.31639e+00
   4  phi          4.11657e+00   7.51968e-04   1.22344e-07  -2.58980e-01
   5  R           -6.13499e+01   constant   
   6  alpha_CBO   -4.37894e-03   2.44280e-04  -2.10861e-07  -4.17265e+00
   7  w_CBO        2.32500e+00   constant   
   8  beta_CBO     0.00000e+00     fixed    
   9  alpha_2CBO   0.00000e+00     fixed    
  10  beta_2CBO    5.95963e-04   2.43342e-04   5.77083e-08  -1.23030e+00
  11  alpha_y      0.00000e+00     fixed    
  12  w_y          1.38860e+01   constant   
  13  beta_y       5.83916e-04   2.37681e-04  -2.38092e-07  -3.49998e+00
  14  alpha_vw     0.00000e+00     fixed    
  15  w_vw         1.43404e+01   constant   
  16  beta_vw      0.00000e+00     fixed    
  17  LM           1.16863e-04   constant   
  18  zeta_y       0.00000e+00   constant   
  19  zeta_vw      0.00000e+00   constant   
  20  T_CBO        7.99558e+01   3.31693e+01   4.81118e-04   6.46995e-03
  21  alpha_A0    -5.01541e-03   7.15229e-03   2.84730e-03   6.01189e-03
  22  beta_A0     -5.99225e-03   1.19287e-02   4.11065e-03  -2.20927e-03
  23  alpha_phi   -9.99264e-03   1.00254e-02   1.90657e-03   8.90957e-04
  24  beta_phi     7.16706e-03   1.56298e-02  -4.54676e-03   3.05245e-03
 EXTERNAL ERROR MATRIX.    NDIM=  25    NPAR= 11    ERR DEF=1
  2.966e+05 
 -1.976e-02  5.629e-08 
  4.223e-03  2.251e-09  5.655e-07 
 -4.468e-03 -2.359e-09 -4.772e-08  5.967e-08 
 -1.675e-03 -1.541e-09 -6.213e-09  3.898e-09  5.922e-08 
  2.604e-04 -8.459e-10 -4.847e-09 -2.094e-10  6.171e-10  5.649e-08 
  1.066e+03 -6.285e-04 -2.950e-03  1.123e-03 -9.639e-04  1.687e-04  1.106e+03 
 -1.006e+00  2.143e-07 -8.008e-07  1.938e-07 -1.683e-07  4.072e-08  1.268e-01  7.090e-05 
 -3.646e-01  9.216e-08  1.926e-07 -3.971e-08 -3.206e-07 -1.346e-07  2.085e-01  3.304e-05  7.782e-05 
  1.001e-01 -2.202e-08  3.044e-08  3.319e-08  2.765e-08  4.286e-08  3.009e-02 -7.043e-06  2.548e-06  5.685e-06 
  8.324e-01 -1.888e-07  5.216e-07 -1.679e-07  1.983e-07 -2.065e-08 -2.181e-01 -5.055e-05 -5.614e-05 -4.995e-06  7.247e-05 
 PARAMETER  CORRELATION COEFFICIENTS  
       NO.  GLOBAL      1      3      4      6     10     13     20     21     22     23     24
        1  0.37729   1.000 -0.153  0.010 -0.034 -0.013  0.002  0.059 -0.219 -0.076  0.077  0.180
        3  0.27503  -0.153  1.000  0.013 -0.041 -0.027 -0.015 -0.080  0.107  0.044 -0.039 -0.093
        4  0.32114   0.010  0.013  1.000 -0.260 -0.034 -0.027 -0.118 -0.126  0.029  0.017  0.081
        6  0.32559  -0.034 -0.041 -0.260  1.000  0.066 -0.004  0.138  0.094 -0.018  0.057 -0.081
       10  0.19498  -0.013 -0.027 -0.034  0.066  1.000  0.011 -0.119 -0.082 -0.149  0.048  0.096
       13  0.15791   0.002 -0.015 -0.027 -0.004  0.011  1.000  0.021  0.020 -0.064  0.076 -0.010
       20  0.86490   0.059 -0.080 -0.118  0.138 -0.119  0.021  1.000  0.453  0.711  0.379 -0.771
       21  0.91347  -0.219  0.107 -0.126  0.094 -0.082  0.020  0.453  1.000  0.445 -0.351 -0.705
       22  0.84259  -0.076  0.044  0.029 -0.018 -0.149 -0.064  0.711  0.445  1.000  0.121 -0.748
       23  0.84779   0.077 -0.039  0.017  0.057  0.048  0.076  0.379 -0.351  0.121  1.000 -0.246
       24  0.94175   0.180 -0.093  0.081 -0.081  0.096 -0.010 -0.771 -0.705 -0.748 -0.246  1.000
MINUIT - FIT ONLY 2-CBO
 **********
 **   25 **RES 
 **********
                   PARAMETER   16  beta_vw RESTORED TO VARIABLE.
                   PARAMETER   14  alpha_vw RESTORED TO VARIABLE.
                   PARAMETER   11  alpha_y RESTORED TO VARIABLE.
                   PARAMETER    9  alpha_2CBO RESTORED TO VARIABLE.
                   PARAMETER    8  beta_CBO RESTORED TO VARIABLE.
 **********
 **   26 **FIX            0
 **********
 PARAMETER    0  IS UNDEFINED. IGNORED.
 **********
 **   27 **FIX            1
 **********
 **********
 **   28 **FIX            2
 **********
 PARAMETER    2  IS CONSTANT.   IGNORED.
 **********
 **   29 **FIX            3
 **********
 **********
 **   30 **FIX            4
 **********
 **********
 **   31 **FIX            5
 **********
 PARAMETER    5  IS CONSTANT.   IGNORED.
 **********
 **   32 **FIX            6
 **********
 **********
 **   33 **FIX            7
 **********
 PARAMETER    7  IS CONSTANT.   IGNORED.
 **********
 **   34 **FIX           10
 **********
 **********
 **   35 **FIX           11
 **********
 **********
 **   36 **FIX           12
 **********
 PARAMETER   12  IS CONSTANT.   IGNORED.
 **********
 **   37 **FIX           13
 **********
 **********
 **   38 **FIX           14
 **********
 **********
 **   39 **FIX           15
 **********
 PARAMETER   15  IS CONSTANT.   IGNORED.
 **********
 **   40 **FIX           16
 **********
 **********
 **   41 **MIGRAD
 **********
 START MIGRAD MINIMIZATION.  STRATEGY  1.  CONVERGENCE WHEN EDM .LT. 1.00e-04
 FCN=57.905 FROM MIGRAD    STATUS=INITIATE       18 CALLS        1203 TOTAL
                     EDM= unknown      STRATEGY= 1      NO ERROR MATRIX       
  EXT PARAMETER               CURRENT GUESS       STEP         FIRST   
  NO.   NAME      VALUE            ERROR          SIZE      DERIVATIVE 
   1  N0           3.00942e+06     fixed    
   2  tau          6.44059e+01   constant   
   3  A0           3.51456e-01     fixed    
   4  phi          4.11657e+00     fixed    
   5  R           -6.13499e+01   constant   
   6  alpha_CBO   -4.37894e-03     fixed    
   7  w_CBO        2.32500e+00   constant   
   8  beta_CBO     0.00000e+00   1.00000e-03   1.00000e-03  -2.35955e+04
   9  alpha_2CBO   0.00000e+00   1.00000e-03   1.00000e-03   1.01788e+04
  10  beta_2CBO    5.95963e-04     fixed    
  11  alpha_y      0.00000e+00     fixed    
  12  w_y          1.38860e+01   constant   
  13  beta_y       5.83916e-04     fixed    
  14  alpha_vw     0.00000e+00     fixed    
  15  w_vw         1.43404e+01   constant   
  16  beta_vw      0.00000e+00     fixed    
  17  LM           1.16863e-04   constant   
  18  zeta_y       0.00000e+00   constant   
  19  zeta_vw      0.00000e+00   constant   
  20  T_CBO        7.99558e+01   3.31693e+01   4.81118e-04   6.47010e-03
  21  alpha_A0    -5.01541e-03   7.15229e-03   2.84730e-03   6.01180e-03
  22  beta_A0     -5.99225e-03   1.19287e-02   4.11065e-03  -2.20942e-03
  23  alpha_phi   -9.99264e-03   1.00254e-02   1.90657e-03   9.05290e-04
  24  beta_phi     7.16706e-03   1.56298e-02  -4.54676e-03   3.05271e-03
 MIGRAD MINIMIZATION HAS CONVERGED.
 MIGRAD WILL VERIFY CONVERGENCE AND ERROR MATRIX.
 COVARIANCE MATRIX CALCULATED SUCCESSFULLY
 FCN=47.6872 FROM MIGRAD    STATUS=CONVERGED     160 CALLS        1345 TOTAL
                     EDM=1.22096e-05    STRATEGY= 1      ERROR MATRIX ACCURATE 
  EXT PARAMETER                                   STEP         FIRST   
  NO.   NAME      VALUE            ERROR          SIZE      DERIVATIVE 
   1  N0           3.00942e+06     fixed    
   2  tau          6.44059e+01   constant   
   3  A0           3.51456e-01     fixed    
   4  phi          4.11657e+00     fixed    
   5  R           -6.13499e+01   constant   
   6  alpha_CBO   -4.37894e-03     fixed    
   7  w_CBO        2.32500e+00   constant   
   8  beta_CBO     7.16798e-04   2.43175e-04   8.22690e-07   2.46774e+00
   9  alpha_2CBO  -3.46190e-04   2.43679e-04   8.08307e-07   2.22142e+00
  10  beta_2CBO    5.95963e-04     fixed    
  11  alpha_y      0.00000e+00     fixed    
  12  w_y          1.38860e+01   constant   
  13  beta_y       5.83916e-04     fixed    
  14  alpha_vw     0.00000e+00     fixed    
  15  w_vw         1.43404e+01   constant   
  16  beta_vw      0.00000e+00     fixed    
  17  LM           1.16863e-04   constant   
  18  zeta_y       0.00000e+00   constant   
  19  zeta_vw      0.00000e+00   constant   
  20  T_CBO        8.03593e+01   3.07830e+01   2.65977e-04   5.75057e-03
  21  alpha_A0    -2.95886e-03   1.33990e-02   3.40190e-03  -1.09605e-03
  22  beta_A0     -8.44307e-03   1.49671e-02   5.73224e-03   1.82491e-03
  23  alpha_phi   -9.99998e-03   1.33396e-02   2.52398e-02   7.10513e-05
  24  beta_phi     6.70837e-03   1.66638e-02   4.09391e-03   2.80845e-03
 EXTERNAL ERROR MATRIX.    NDIM=  25    NPAR=  7    ERR DEF=1
  5.913e-08 -3.756e-09  9.995e-05  1.291e-08 -1.209e-07 -6.809e-12 -1.690e-07 
 -3.756e-09  5.938e-08  1.733e-04 -3.756e-07  2.069e-07  2.095e-11 -3.081e-07 
  9.995e-05  1.733e-04  9.517e+02  7.095e-02  2.416e-01  5.922e-04 -1.771e-01 
  1.291e-08 -3.756e-07  7.095e-02  1.005e-04  1.553e-05  4.947e-08 -1.570e-05 
 -1.209e-07  2.069e-07  2.416e-01  1.553e-05  1.501e-04  1.421e-07 -4.820e-05 
 -6.809e-12  2.095e-11  5.922e-04  4.947e-08  1.421e-07  2.255e-08 -1.151e-07 
 -1.690e-07 -3.081e-07 -1.771e-01 -1.570e-05 -4.820e-05 -1.151e-07  1.170e-04 
 PARAMETER  CORRELATION COEFFICIENTS  
       NO.  GLOBAL      8      9     20     21     22     23     24
        8  0.11827   1.000 -0.063  0.013  0.005 -0.041 -0.000 -0.064
        9  0.22825  -0.063  1.000  0.023 -0.154  0.069  0.001 -0.117
       20  0.72775   0.013  0.023  1.000  0.229  0.639  0.128 -0.531
       21  0.28391   0.005 -0.154  0.229  1.000  0.126  0.033 -0.145
       22  0.64384  -0.041  0.069  0.639  0.126  1.000  0.077 -0.364
       23  0.12811  -0.000  0.001  0.128  0.033  0.077  1.000 -0.071
       24  0.54714  -0.064 -0.117 -0.531 -0.145 -0.364 -0.071  1.000
MINUIT - FIT wiggle + 1-CBO + 2-CBO
 **********
 **   42 **RES 
 **********
                   PARAMETER   16  beta_vw RESTORED TO VARIABLE.
                   PARAMETER   14  alpha_vw RESTORED TO VARIABLE.
                   PARAMETER   13  beta_y RESTORED TO VARIABLE.
                   PARAMETER   11  alpha_y RESTORED TO VARIABLE.
                   PARAMETER   10  beta_2CBO RESTORED TO VARIABLE.
                   PARAMETER    6  alpha_CBO RESTORED TO VARIABLE.
                   PARAMETER    4  phi RESTORED TO VARIABLE.
                   PARAMETER    3  A0 RESTORED TO VARIABLE.
                   PARAMETER    1  N0 RESTORED TO VARIABLE.
 **********
 **   43 **FIX           10
 **********
 **********
 **   44 **FIX           11
 **********
 **********
 **   45 **FIX           12
 **********
 PARAMETER   12  IS CONSTANT.   IGNORED.
 **********
 **   46 **FIX           13
 **********
 **********
 **   47 **FIX           14
 **********
 **********
 **   48 **FIX           15
 **********
 PARAMETER   15  IS CONSTANT.   IGNORED.
 **********
 **   49 **FIX           16
 **********
 **********
 **   50 **MIGRAD
 **********
 START MIGRAD MINIMIZATION.  STRATEGY  1.  CONVERGENCE WHEN EDM .LT. 1.00e-04
 FCN=47.6872 FROM MIGRAD    STATUS=INITIATE       22 CALLS        1367 TOTAL
                     EDM= unknown      STRATEGY= 1      NO ERROR MATRIX       
  EXT PARAMETER               CURRENT GUESS       STEP         FIRST   
  NO.   NAME      VALUE            ERROR          SIZE      DERIVATIVE 
   1  N0           3.00942e+06   5.44652e+02   5.44652e+02  -1.21230e-03
   2  tau          6.44059e+01   constant   
   3  A0           3.51456e-01   2.37253e-04   2.37253e-04  -5.22831e+03
   4  phi          4.11657e+00   7.51968e-04   7.51968e-04   1.02813e+03
   5  R           -6.13499e+01   constant   
   6  alpha_CBO   -4.37894e-03   2.44280e-04   2.44280e-04   9.04314e+02
   7  w_CBO        2.32500e+00   constant   
   8  beta_CBO     7.16798e-04   2.43175e-04   8.22690e-07   2.46775e+00
   9  alpha_2CBO  -3.46190e-04   2.43679e-04   8.08307e-07   2.22143e+00
  10  beta_2CBO    5.95963e-04     fixed    
  11  alpha_y      0.00000e+00     fixed    
  12  w_y          1.38860e+01   constant   
  13  beta_y       5.83916e-04     fixed    
  14  alpha_vw     0.00000e+00     fixed    
  15  w_vw         1.43404e+01   constant   
  16  beta_vw      0.00000e+00     fixed    
  17  LM           1.16863e-04   constant   
  18  zeta_y       0.00000e+00   constant   
  19  zeta_vw      0.00000e+00   constant   
  20  T_CBO        8.03593e+01   3.07830e+01   2.65977e-04   5.77778e-03
  21  alpha_A0    -2.95886e-03   1.33990e-02   3.40190e-03  -1.09263e-03
  22  beta_A0     -8.44307e-03   1.49671e-02   5.73224e-03   1.84245e-03
  23  alpha_phi   -9.99998e-03   1.33396e-02   2.52398e-02   7.27619e-05
  24  beta_phi     6.70837e-03   1.66638e-02   4.09391e-03   2.79833e-03
 MIGRAD MINIMIZATION HAS CONVERGED.
 MIGRAD WILL VERIFY CONVERGENCE AND ERROR MATRIX.
 COVARIANCE MATRIX CALCULATED SUCCESSFULLY
 FCN=47.0886 FROM MIGRAD    STATUS=CONVERGED     242 CALLS        1587 TOTAL
                     EDM=1.85521e-06    STRATEGY= 1      ERROR MATRIX ACCURATE 
  EXT PARAMETER                                   STEP         FIRST   
  NO.   NAME      VALUE            ERROR          SIZE      DERIVATIVE 
   1  N0           3.00956e+06   5.44811e+02   1.70982e+00   1.53402e-06
   2  tau          6.44059e+01   constant   
   3  A0           3.51597e-01   2.38234e-04   7.68380e-07  -4.96167e-01
   4  phi          4.11629e+00   7.38327e-04   2.36778e-06  -1.70088e-01
   5  R           -6.13499e+01   constant   
   6  alpha_CBO   -4.39281e-03   2.44259e-04   7.95678e-07   9.49375e-01
   7  w_CBO        2.32500e+00   constant   
   8  beta_CBO     7.62044e-04   2.50122e-04   8.17574e-07   4.13978e-01
   9  alpha_2CBO  -3.58937e-04   2.44330e-04   8.03277e-07   6.28275e-01
  10  beta_2CBO    5.95963e-04     fixed    
  11  alpha_y      0.00000e+00     fixed    
  12  w_y          1.38860e+01   constant   
  13  beta_y       5.83916e-04     fixed    
  14  alpha_vw     0.00000e+00     fixed    
  15  w_vw         1.43404e+01   constant   
  16  beta_vw      0.00000e+00     fixed    
  17  LM           1.16863e-04   constant   
  18  zeta_y       0.00000e+00   constant   
  19  zeta_vw      0.00000e+00   constant   
  20  T_CBO        8.05396e+01   3.27589e+01   2.62440e-04  -2.98710e-03
  21  alpha_A0    -2.57533e-03   1.35667e-02   3.35047e-03   4.59103e-04
  22  beta_A0     -8.98198e-03   1.83965e-02   7.24500e-03  -3.66063e-04
  23  alpha_phi   -1.00000e-02   1.00018e-02   4.38534e-02** at limit **
  24  beta_phi     6.20312e-03   1.64214e-02   3.88144e-03   4.86783e-04
 EXTERNAL ERROR MATRIX.    NDIM=  25    NPAR= 11    ERR DEF=1
  2.968e+05 
 -1.835e-02  5.676e-08 
 -1.009e-02 -3.246e-09  5.451e-07 
 -2.523e-03 -2.945e-09 -4.339e-08  5.966e-08 
  9.644e-03  1.109e-08 -1.926e-08 -1.131e-09  6.256e-08 
 -4.562e-03 -1.911e-09  9.450e-09  1.668e-10 -4.698e-09  5.970e-08 
  1.000e+03 -5.222e-04 -2.819e-03  1.024e-03  9.586e-05  1.495e-04  1.078e+03 
 -1.333e+00  3.118e-07 -7.876e-07  7.966e-08  4.272e-08 -3.770e-07  6.444e-02  1.066e-04 
 -3.204e-01 -3.655e-08  2.739e-07  1.760e-07 -1.589e-07  2.269e-07  2.817e-01  1.622e-05  1.650e-04 
 -3.737e-06  3.581e-12 -6.265e-12  1.092e-12  2.356e-13  1.110e-12  3.020e-05  2.203e-09  7.729e-09  9.061e-12 
  9.973e-01 -3.025e-07  8.131e-07 -2.362e-07 -2.054e-07 -2.995e-07 -1.801e-01 -2.059e-05 -5.227e-05 -5.423e-09  1.198e-04 
 PARAMETER  CORRELATION COEFFICIENTS  
       NO.  GLOBAL      1      3      4      6      8      9     20     21     22     23     24
        1  0.36654   1.000 -0.141 -0.025 -0.019  0.071 -0.034  0.056 -0.237 -0.046 -0.002  0.167
        3  0.30442  -0.141  1.000 -0.018 -0.051  0.186 -0.033 -0.067  0.127 -0.012  0.005 -0.116
        4  0.32090  -0.025 -0.018  1.000 -0.241 -0.104  0.052 -0.116 -0.103  0.029 -0.003  0.101
        6  0.27288  -0.019 -0.051 -0.241  1.000 -0.019  0.003  0.128  0.032  0.056  0.001 -0.088
        8  0.26096   0.071  0.186 -0.104 -0.019  1.000 -0.077  0.012  0.017 -0.049  0.000 -0.075
        9  0.23928  -0.034 -0.033  0.052  0.003 -0.077  1.000  0.019 -0.149  0.072  0.002 -0.112
       20  0.76613   0.056 -0.067 -0.116  0.128  0.012  0.019  1.000  0.190  0.668  0.305 -0.501
       21  0.37725  -0.237  0.127 -0.103  0.032  0.017 -0.149  0.190  1.000  0.122  0.071 -0.182
       22  0.68564  -0.046 -0.012  0.029  0.056 -0.049  0.072  0.668  0.122  1.000  0.200 -0.372
       23  0.31087  -0.002  0.005 -0.003  0.001  0.000  0.002  0.305  0.071  0.200  1.000 -0.165
       24  0.56920   0.167 -0.116  0.101 -0.088 -0.075 -0.112 -0.501 -0.182 -0.372 -0.165  1.000
MINUIT - FIT ONLY 1-y
 **********
 **   51 **RES 
 **********
                   PARAMETER   16  beta_vw RESTORED TO VARIABLE.
                   PARAMETER   14  alpha_vw RESTORED TO VARIABLE.
                   PARAMETER   13  beta_y RESTORED TO VARIABLE.
                   PARAMETER   11  alpha_y RESTORED TO VARIABLE.
                   PARAMETER   10  beta_2CBO RESTORED TO VARIABLE.
 **********
 **   52 **FIX            0
 **********
 PARAMETER    0  IS UNDEFINED. IGNORED.
 **********
 **   53 **FIX            1
 **********
 **********
 **   54 **FIX            2
 **********
 PARAMETER    2  IS CONSTANT.   IGNORED.
 **********
 **   55 **FIX            3
 **********
 **********
 **   56 **FIX            4
 **********
 **********
 **   57 **FIX            5
 **********
 PARAMETER    5  IS CONSTANT.   IGNORED.
 **********
 **   58 **FIX            6
 **********
 **********
 **   59 **FIX            7
 **********
 PARAMETER    7  IS CONSTANT.   IGNORED.
 **********
 **   60 **FIX            8
 **********
 **********
 **   61 **FIX            9
 **********
 **********
 **   62 **FIX           13
 **********
 **********
 **   63 **FIX           14
 **********
 **********
 **   64 **FIX           15
 **********
 PARAMETER   15  IS CONSTANT.   IGNORED.
 **********
 **   65 **FIX           16
 **********
 **********
 **   66 **MIGRAD
 **********
 START MIGRAD MINIMIZATION.  STRATEGY  1.  CONVERGENCE WHEN EDM .LT. 1.00e-04
 FCN=47.0886 FROM MIGRAD    STATUS=INITIATE       16 CALLS        1603 TOTAL
                     EDM= unknown      STRATEGY= 1      NO ERROR MATRIX       
  EXT PARAMETER               CURRENT GUESS       STEP         FIRST   
  NO.   NAME      VALUE            ERROR          SIZE      DERIVATIVE 
   1  N0           3.00956e+06     fixed    
   2  tau          6.44059e+01   constant   
   3  A0           3.51597e-01     fixed    
   4  phi          4.11629e+00     fixed    
   5  R           -6.13499e+01   constant   
   6  alpha_CBO   -4.39281e-03     fixed    
   7  w_CBO        2.32500e+00   constant   
   8  beta_CBO     7.62044e-04     fixed    
   9  alpha_2CBO  -3.58937e-04     fixed    
  10  beta_2CBO    5.95963e-04   2.43342e-04   2.43342e-04   1.62116e+03
  11  alpha_y      0.00000e+00   1.00000e-03   1.00000e-03  -3.04460e+03
  12  w_y          1.38860e+01   constant   
  13  beta_y       5.83916e-04     fixed    
  14  alpha_vw     0.00000e+00     fixed    
  15  w_vw         1.43404e+01   constant   
  16  beta_vw      0.00000e+00     fixed    
  17  LM           1.16863e-04   constant   
  18  zeta_y       0.00000e+00   constant   
  19  zeta_vw      0.00000e+00   constant   
  20  T_CBO        8.05396e+01   3.27589e+01   2.62440e-04  -3.00156e-03
  21  alpha_A0    -2.57533e-03   1.35667e-02   3.35047e-03   4.61925e-04
  22  beta_A0     -8.98198e-03   1.83965e-02   7.24500e-03  -3.62204e-04
  23  alpha_phi   -9.99998e-03   1.00018e-02   4.38534e-02   2.57227e-05
  24  beta_phi     6.20312e-03   1.64214e-02   3.88144e-03   4.78199e-04
 MIGRAD MINIMIZATION HAS CONVERGED.
 MIGRAD WILL VERIFY CONVERGENCE AND ERROR MATRIX.
 COVARIANCE MATRIX CALCULATED SUCCESSFULLY
 FCN=46.9194 FROM MIGRAD    STATUS=CONVERGED     150 CALLS        1737 TOTAL
                     EDM=1.32522e-07    STRATEGY= 1      ERROR MATRIX ACCURATE 
  EXT PARAMETER                                   STEP         FIRST   
  NO.   NAME      VALUE            ERROR          SIZE      DERIVATIVE 
   1  N0           3.00956e+06     fixed    
   2  tau          6.44059e+01   constant   
   3  A0           3.51597e-01     fixed    
   4  phi          4.11629e+00     fixed    
   5  R           -6.13499e+01   constant   
   6  alpha_CBO   -4.39281e-03     fixed    
   7  w_CBO        2.32500e+00   constant   
   8  beta_CBO     7.62044e-04     fixed    
   9  alpha_2CBO  -3.58937e-04     fixed    
  10  beta_2CBO    5.48633e-04   2.45349e-04   8.08141e-07  -1.00978e+00
  11  alpha_y      8.59213e-05   2.38665e-04   8.06280e-07   2.94949e-02
  12  w_y          1.38860e+01   constant   
  13  beta_y       5.83916e-04     fixed    
  14  alpha_vw     0.00000e+00     fixed    
  15  w_vw         1.43404e+01   constant   
  16  beta_vw      0.00000e+00     fixed    
  17  LM           1.16863e-04   constant   
  18  zeta_y       0.00000e+00   constant   
  19  zeta_vw      0.00000e+00   constant   
  20  T_CBO        8.12560e+01   3.24168e+01   2.66190e-04   1.12014e-03
  21  alpha_A0    -2.48852e-03   8.12224e-03   3.27429e-03   2.81729e-04
  22  beta_A0     -8.47586e-03   1.52971e-02   5.82864e-03  -2.10830e-04
  23  alpha_phi   -1.00000e-02   1.20607e-02   4.08542e-02** at limit **
  24  beta_phi     6.12892e-03   1.60710e-02   3.77468e-03   1.20543e-05
 EXTERNAL ERROR MATRIX.    NDIM=  25    NPAR=  7    ERR DEF=1
  6.020e-08  9.751e-10 -1.048e-03 -2.149e-07 -6.250e-07 -2.173e-14  8.044e-08 
  9.751e-10  5.696e-08 -8.971e-05 -5.857e-08 -7.172e-09  5.740e-15 -3.618e-09 
 -1.048e-03 -8.971e-05  1.056e+03  6.736e-02  2.688e-01  1.301e-06 -1.722e-01 
 -2.149e-07 -5.857e-08  6.736e-02  9.282e-05  1.662e-05  8.902e-11 -1.489e-05 
 -6.250e-07 -7.172e-09  2.688e-01  1.662e-05  1.547e-04  3.075e-10 -4.601e-05 
 -2.173e-14  5.740e-15  1.301e-06  8.902e-11  3.075e-10  1.628e-14 -2.248e-10 
  8.044e-08 -3.618e-09 -1.722e-01 -1.489e-05 -4.601e-05 -2.248e-10  1.063e-04 
 PARAMETER  CORRELATION COEFFICIENTS  
       NO.  GLOBAL     10     11     20     21     22     23     24
       10  0.22443   1.000  0.017 -0.131 -0.091 -0.205 -0.001  0.032
       11  0.03246   0.017  1.000 -0.012 -0.025 -0.002  0.000 -0.001
       20  0.74945  -0.131 -0.012  1.000  0.215  0.665  0.314 -0.514
       21  0.23131  -0.091 -0.025  0.215  1.000  0.139  0.072 -0.150
       22  0.67623  -0.205 -0.002  0.665  0.139  1.000  0.194 -0.359
       23  0.31712  -0.001  0.000  0.314  0.072  0.194  1.000 -0.171
       24  0.51795   0.032 -0.001 -0.514 -0.150 -0.359 -0.171  1.000
MINUIT - FIT ONLY 2-y
 **********
 **   67 **RES 
 **********
                   PARAMETER   16  beta_vw RESTORED TO VARIABLE.
                   PARAMETER   14  alpha_vw RESTORED TO VARIABLE.
                   PARAMETER   13  beta_y RESTORED TO VARIABLE.
                   PARAMETER    9  alpha_2CBO RESTORED TO VARIABLE.
                   PARAMETER    8  beta_CBO RESTORED TO VARIABLE.
                   PARAMETER    6  alpha_CBO RESTORED TO VARIABLE.
                   PARAMETER    4  phi RESTORED TO VARIABLE.
                   PARAMETER    3  A0 RESTORED TO VARIABLE.
                   PARAMETER    1  N0 RESTORED TO VARIABLE.
 **********
 **   68 **FIX            0
 **********
 PARAMETER    0  IS UNDEFINED. IGNORED.
 **********
 **   69 **FIX            1
 **********
 **********
 **   70 **FIX            2
 **********
 PARAMETER    2  IS CONSTANT.   IGNORED.
 **********
 **   71 **FIX            3
 **********
 **********
 **   72 **FIX            4
 **********
 **********
 **   73 **FIX            5
 **********
 PARAMETER    5  IS CONSTANT.   IGNORED.
 **********
 **   74 **FIX            6
 **********
 **********
 **   75 **FIX            7
 **********
 PARAMETER    7  IS CONSTANT.   IGNORED.
 **********
 **   76 **FIX            8
 **********
 **********
 **   77 **FIX            9
 **********
 **********
 **   78 **FIX           10
 **********
 **********
 **   79 **FIX           11
 **********
 **********
 **   80 **FIX           12
 **********
 PARAMETER   12  IS CONSTANT.   IGNORED.
 **********
 **   81 **FIX           16
 **********
 **********
 **   82 **MIGRAD
 **********
 START MIGRAD MINIMIZATION.  STRATEGY  1.  CONVERGENCE WHEN EDM .LT. 1.00e-04
 FCN=46.9194 FROM MIGRAD    STATUS=INITIATE       16 CALLS        1753 TOTAL
                     EDM= unknown      STRATEGY= 1      NO ERROR MATRIX       
  EXT PARAMETER               CURRENT GUESS       STEP         FIRST   
  NO.   NAME      VALUE            ERROR          SIZE      DERIVATIVE 
   1  N0           3.00956e+06     fixed    
   2  tau          6.44059e+01   constant   
   3  A0           3.51597e-01     fixed    
   4  phi          4.11629e+00     fixed    
   5  R           -6.13499e+01   constant   
   6  alpha_CBO   -4.39281e-03     fixed    
   7  w_CBO        2.32500e+00   constant   
   8  beta_CBO     7.62044e-04     fixed    
   9  alpha_2CBO  -3.58937e-04     fixed    
  10  beta_2CBO    5.48633e-04     fixed    
  11  alpha_y      8.59213e-05     fixed    
  12  w_y          1.38860e+01   constant   
  13  beta_y       5.83916e-04   2.37681e-04   2.37681e-04   4.03508e+02
  14  alpha_vw     0.00000e+00   1.00000e-03   1.00000e-03   1.76030e+04
  15  w_vw         1.43404e+01   constant   
  16  beta_vw      0.00000e+00     fixed    
  17  LM           1.16863e-04   constant   
  18  zeta_y       0.00000e+00   constant   
  19  zeta_vw      0.00000e+00   constant   
  20  T_CBO        8.12560e+01   3.24168e+01   2.66190e-04   1.10396e-03
  21  alpha_A0    -2.48852e-03   8.12224e-03   3.27429e-03   2.84467e-04
  22  beta_A0     -8.47586e-03   1.52971e-02   5.82864e-03  -2.08032e-04
  23  alpha_phi   -9.99998e-03   1.20607e-02   4.08542e-02   2.21945e-05
  24  beta_phi     6.12892e-03   1.60710e-02   3.77468e-03   1.07845e-05
 MIGRAD MINIMIZATION HAS CONVERGED.
 MIGRAD WILL VERIFY CONVERGENCE AND ERROR MATRIX.
 COVARIANCE MATRIX CALCULATED SUCCESSFULLY
 FCN=42.2882 FROM MIGRAD    STATUS=CONVERGED     151 CALLS        1888 TOTAL
                     EDM=1.98477e-07    STRATEGY= 1      ERROR MATRIX ACCURATE 
  EXT PARAMETER                                   STEP         FIRST   
  NO.   NAME      VALUE            ERROR          SIZE      DERIVATIVE 
   1  N0           3.00956e+06     fixed    
   2  tau          6.44059e+01   constant   
   3  A0           3.51597e-01     fixed    
   4  phi          4.11629e+00     fixed    
   5  R           -6.13499e+01   constant   
   6  alpha_CBO   -4.39281e-03     fixed    
   7  w_CBO        2.32500e+00   constant   
   8  beta_CBO     7.62044e-04     fixed    
   9  alpha_2CBO  -3.58937e-04     fixed    
  10  beta_2CBO    5.48633e-04     fixed    
  11  alpha_y      8.59213e-05     fixed    
  12  w_y          1.38860e+01   constant   
  13  beta_y       4.66336e-04   2.42978e-04   7.64110e-07  -7.41704e-02
  14  alpha_vw    -5.23474e-04   2.43313e-04   7.65363e-07   2.75175e-01
  15  w_vw         1.43404e+01   constant   
  16  beta_vw      0.00000e+00     fixed    
  17  LM           1.16863e-04   constant   
  18  zeta_y       0.00000e+00   constant   
  19  zeta_vw      0.00000e+00   constant   
  20  T_CBO        8.15853e+01   3.16311e+01   2.54666e-04  -4.32083e-04
  21  alpha_A0    -2.43408e-03   8.04661e-03   3.08340e-03  -5.92250e-04
  22  beta_A0     -8.21839e-03   1.36193e-02   5.15457e-03  -3.31206e-05
  23  alpha_phi   -1.00000e-02   1.11630e-02   3.47726e-02** at limit **
  24  beta_phi     6.07985e-03   1.59623e-02   3.56456e-03  -2.61913e-04
 EXTERNAL ERROR MATRIX.    NDIM=  25    NPAR=  7    ERR DEF=1
  5.904e-08  1.201e-08 -2.444e-05 -2.637e-09 -6.002e-08  1.530e-13 -2.073e-09 
  1.201e-08  5.920e-08 -3.747e-05 -6.238e-09 -2.754e-08  4.679e-14  5.341e-09 
 -2.444e-05 -3.747e-05  1.005e+03  5.948e-02  2.408e-01  2.707e-04 -1.624e-01 
 -2.637e-09 -6.238e-09  5.948e-02  9.006e-05  1.288e-05  1.799e-08 -1.368e-05 
 -6.002e-08 -2.754e-08  2.408e-01  1.288e-05  1.403e-04  6.142e-08 -4.157e-05 
  1.530e-13  4.679e-14  2.707e-04  1.799e-08  6.142e-08  9.707e-10 -4.600e-08 
 -2.073e-09  5.341e-09 -1.624e-01 -1.368e-05 -4.157e-05 -4.600e-08  1.029e-04 
 PARAMETER  CORRELATION COEFFICIENTS  
       NO.  GLOBAL     13     14     20     21     22     23     24
       13  0.20439   1.000  0.203 -0.003 -0.001 -0.021  0.000 -0.001
       14  0.20315   0.203  1.000 -0.005 -0.003 -0.010  0.000  0.002
       20  0.72807  -0.003 -0.005  1.000  0.198  0.641  0.274 -0.505
       21  0.20456  -0.001 -0.003  0.198  1.000  0.115  0.061 -0.142
       22  0.64229  -0.021 -0.010  0.641  0.115  1.000  0.166 -0.346
       23  0.27455   0.000  0.000  0.274  0.061  0.166  1.000 -0.146
       24  0.50770  -0.001  0.002 -0.505 -0.142 -0.346 -0.146  1.000
MINUIT - FIT ALTOGETHER
 **********
