 + ++++++++++++++++++++++++++++++++++++++++++++++++++++++++++++++++++++ +
 +                                                                      +
 +           You have chose to blind your fitting according to          +
 +                omega_ref * (1 + (R +/- deltaR) *10^{-6})             +
 +                                                                      +
 + ++++++++++++++++++++++++++++++++++++++++++++++++++++++++++++++++++++ +
In main()...
reading format from /gm2data/zkhechad/run45/envelope/formats/formatB_sBin_constraintOn.txt
pBinTau 	= 0  
pBinPhi 	= 0  
constraintau 	= 1 
includeMopTerm 	= 0    
constrainMop    = 0   
Parameters after format file: pBinTau 0 pBinPhi 0 constraintau 1 includeMopTerm 0 constrainMop 0 c_e_scale 0.000000 
Opening file /gm2data/tbarrett/gm2fr/studies/run23_bunch_corrections/CorrectedFourier_Run3b.root.
reading full fit data from /gm2data/zkhechad/cboTemplates/Run4CBOTemplates/templateFits0_v2.0/noRF/sBin_constraintOn_cE0.0_seed0_noRF_calo22.root
windowBins = 17
fitting sliding window 396 from bin 532 at 79.225200 to bin 549 at 81.910800 (17 bins)

Reading data from /gm2data/cornell/histograms/aMethod/histogram_a_noRF.root
 **********
 **    1 **SET PRINTOUT            1
 **********
 **********
 **    2 **SET NOWARNINGS 
 **********
 PARAMETER DEFINITIONS:
    NO.   NAME         VALUE      STEP SIZE      LIMITS
     1 N0           3.01105e+06  1.00000e+02     no limits
     2 tau          6.44153e+01  constant
     3 A0           3.51737e-01  1.00000e-04     no limits
     4 phi          4.11590e+00  1.00000e-02     no limits
     5 R           -6.13262e+01  constant
     6 alpha_CBO    0.00000e+00  1.00000e-03     no limits
     7 w_CBO        2.32500e+00  constant
     8 beta_CBO     0.00000e+00  1.00000e-03     no limits
     9 alpha_2CBO   0.00000e+00  1.00000e-03     no limits
    10 beta_2CBO    0.00000e+00  1.00000e-03     no limits
    11 alpha_y      0.00000e+00  1.00000e-03     no limits
    12 w_y          1.44500e+01  constant
    13 beta_y       0.00000e+00  1.00000e-03     no limits
    14 alpha_vw     0.00000e+00  1.00000e-03     no limits
    15 w_vw         1.29000e+01  constant
    16 beta_vw      0.00000e+00  1.00000e-03     no limits
    17 LM           4.28749e-04  constant
    18 zeta_y       0.00000e+00  constant
    19 zeta_vw      0.00000e+00  constant
    20 T_CBO        1.00000e+02  1.00000e+00    0.00000e+00  1.00000e+03
    21 alpha_A0     0.00000e+00  1.00000e-03     no limits
    22 beta_A0      0.00000e+00  1.00000e-03     no limits
    23 alpha_phi    0.00000e+00  1.00000e-03     no limits
    24 beta_phi     0.00000e+00  1.00000e-03     no limits
MINUIT - FIT ONLY WIGGLE
 **********
 **    3 **FIX            5
 **********
 PARAMETER    5  IS CONSTANT.   IGNORED.
 **********
 **    4 **FIX            6
 **********
 **********
 **    5 **FIX            7
 **********
 PARAMETER    7  IS CONSTANT.   IGNORED.
 **********
 **    6 **FIX            8
 **********
 **********
 **    7 **FIX            9
 **********
 **********
 **    8 **FIX           10
 **********
 **********
 **    9 **FIX           11
 **********
 **********
 **   10 **FIX           12
 **********
 PARAMETER   12  IS CONSTANT.   IGNORED.
 **********
 **   11 **FIX           13
 **********
 **********
 **   12 **FIX           14
 **********
 **********
 **   13 **FIX           15
 **********
 PARAMETER   15  IS CONSTANT.   IGNORED.
 **********
 **   14 **FIX           16
 **********
 **********
 **   15 **MIGRAD
 **********
 FIRST CALL TO USER FUNCTION AT NEW START POINT, WITH IFLAG=4.
 START MIGRAD MINIMIZATION.  STRATEGY  1.  CONVERGENCE WHEN EDM .LT. 1.00e-04
 FCN=986.75 FROM MIGRAD    STATUS=INITIATE      437 CALLS         438 TOTAL
                     EDM= unknown      STRATEGY= 1      NO ERROR MATRIX       
  EXT PARAMETER               CURRENT GUESS       STEP         FIRST   
  NO.   NAME      VALUE            ERROR          SIZE      DERIVATIVE 
   1  N0           3.01105e+06   1.00000e+02   0.00000e+00   4.83066e-02
   2  tau          6.44153e+01   constant   
   3  A0           3.51737e-01   1.00000e-04   0.00000e+00   2.53713e+05
   4  phi          4.11590e+00   1.00000e-02   0.00000e+00  -7.08749e+03
   5  R           -6.13262e+01   constant   
   6  alpha_CBO    0.00000e+00     fixed    
   7  w_CBO        2.32500e+00   constant   
   8  beta_CBO     0.00000e+00     fixed    
   9  alpha_2CBO   0.00000e+00     fixed    
  10  beta_2CBO    0.00000e+00     fixed    
  11  alpha_y      0.00000e+00     fixed    
  12  w_y          1.44500e+01   constant   
  13  beta_y       0.00000e+00     fixed    
  14  alpha_vw     0.00000e+00     fixed    
  15  w_vw         1.29000e+01   constant   
  16  beta_vw      0.00000e+00     fixed    
  17  LM           4.28749e-04   constant   
  18  zeta_y       0.00000e+00   constant   
  19  zeta_vw      0.00000e+00   constant   
  20  T_CBO        1.00000e+02   1.00000e+00   0.00000e+00   0.00000e+00
  21  alpha_A0     0.00000e+00   1.00000e-03   0.00000e+00  -2.29336e+04
  22  beta_A0      0.00000e+00   1.00000e-03   0.00000e+00   4.39246e+03
  23  alpha_phi    0.00000e+00   1.00000e-03   0.00000e+00   5.51933e+03
  24  beta_phi     0.00000e+00   1.00000e-03   0.00000e+00   4.56195e+03
 MIGRAD MINIMIZATION HAS CONVERGED.
 FCN=23.7038 FROM MIGRAD    STATUS=CONVERGED    1066 CALLS        1067 TOTAL
                     EDM=8.49832e-06    STRATEGY= 1  ERROR MATRIX UNCERTAINTY   6.1 per cent
  EXT PARAMETER                                   STEP         FIRST   
  NO.   NAME      VALUE            ERROR          SIZE      DERIVATIVE 
   1  N0           3.01089e+06   9.11986e+02   1.35107e+00   7.69825e-07
   2  tau          6.44153e+01   constant   
   3  A0           3.42030e-01   5.01033e-03  -1.88903e-06   6.86349e+00
   4  phi          4.12307e+00   2.13977e-03   3.92320e-06   3.23905e-01
   5  R           -6.13262e+01   constant   
   6  alpha_CBO    0.00000e+00     fixed    
   7  w_CBO        2.32500e+00   constant   
   8  beta_CBO     0.00000e+00     fixed    
   9  alpha_2CBO   0.00000e+00     fixed    
  10  beta_2CBO    0.00000e+00     fixed    
  11  alpha_y      0.00000e+00     fixed    
  12  w_y          1.44500e+01   constant   
  13  beta_y       0.00000e+00     fixed    
  14  alpha_vw     0.00000e+00     fixed    
  15  w_vw         1.29000e+01   constant   
  16  beta_vw      0.00000e+00     fixed    
  17  LM           4.28749e-04   constant   
  18  zeta_y       0.00000e+00   constant   
  19  zeta_vw      0.00000e+00   constant   
  20  T_CBO        6.96879e+01   1.35038e+01   4.51866e-05   1.29984e-01
  21  alpha_A0    -2.29933e-02   7.36156e-02  -2.55776e-05  -6.06012e-01
  22  beta_A0      2.61352e-02   1.14863e-02   4.17510e-06   8.87417e-01
  23  alpha_phi   -1.23711e-02   4.06757e-03   5.03849e-06  -2.52341e+00
  24  beta_phi     6.55810e-02   7.20624e-02   2.40283e-05  -7.03413e-02
 EXTERNAL ERROR MATRIX.    NDIM=  25    NPAR=  8    ERR DEF=1
  8.317e+05  2.285e+00  1.668e+00  6.410e+03  3.522e+01 -4.335e+00 -2.120e+00 -3.448e+01 
  2.285e+00  2.510e-05  7.576e-06  6.476e-02  3.681e-04 -5.642e-05 -1.865e-05 -3.605e-04 
  1.668e+00  7.576e-06  4.579e-06  2.083e-02  1.147e-04 -1.486e-05 -5.986e-06 -1.122e-04 
  6.410e+03  6.476e-02  2.083e-02  1.825e+02  9.603e-01 -1.462e-01 -4.867e-02 -9.410e-01 
  3.522e+01  3.681e-04  1.147e-04  9.603e-01  5.419e-03 -8.254e-04 -2.769e-04 -5.301e-03 
 -4.335e+00 -5.642e-05 -1.486e-05 -1.462e-01 -8.254e-04  1.319e-04  4.126e-05  8.068e-04 
 -2.120e+00 -1.865e-05 -5.986e-06 -4.867e-02 -2.769e-04  4.126e-05  1.655e-05  2.714e-04 
 -3.448e+01 -3.605e-04 -1.122e-04 -9.410e-01 -5.301e-03  8.068e-04  2.714e-04  5.193e-03 
 PARAMETER  CORRELATION COEFFICIENTS  
       NO.  GLOBAL      1      3      4     20     21     22     23     24
        1  0.89500   1.000  0.500  0.855  0.520  0.525 -0.414 -0.572 -0.525
        3  0.99967   0.500  1.000  0.707  0.957  0.998 -0.980 -0.915 -0.998
        4  0.95582   0.855  0.707  1.000  0.720  0.728 -0.605 -0.688 -0.728
       20  0.98796   0.520  0.957  0.720  1.000  0.966 -0.942 -0.886 -0.967
       21  0.99946   0.525  0.998  0.728  0.966  1.000 -0.976 -0.925 -0.999
       22  0.99215  -0.414 -0.980 -0.605 -0.942 -0.976  1.000  0.883  0.975
       23  0.96346  -0.572 -0.915 -0.688 -0.886 -0.925  0.883  1.000  0.926
       24  0.99980  -0.525 -0.998 -0.728 -0.967 -0.999  0.975  0.926  1.000
MINUIT - FIT ONLY 1-CBO + wiggle
 **********
 **   16 **RES 
 **********
                   PARAMETER   16  beta_vw RESTORED TO VARIABLE.
                   PARAMETER   14  alpha_vw RESTORED TO VARIABLE.
                   PARAMETER   13  beta_y RESTORED TO VARIABLE.
                   PARAMETER   11  alpha_y RESTORED TO VARIABLE.
                   PARAMETER   10  beta_2CBO RESTORED TO VARIABLE.
                   PARAMETER    9  alpha_2CBO RESTORED TO VARIABLE.
                   PARAMETER    8  beta_CBO RESTORED TO VARIABLE.
                   PARAMETER    6  alpha_CBO RESTORED TO VARIABLE.
 **********
 **   17 **FIX            8
 **********
 **********
 **   18 **FIX            9
 **********
 **********
 **   19 **FIX           11
 **********
 **********
 **   20 **FIX           12
 **********
 PARAMETER   12  IS CONSTANT.   IGNORED.
 **********
 **   21 **FIX           14
 **********
 **********
 **   22 **FIX           15
 **********
 PARAMETER   15  IS CONSTANT.   IGNORED.
 **********
 **   23 **FIX           16
 **********
 **********
 **   24 **MIGRAD
 **********
 START MIGRAD MINIMIZATION.  STRATEGY  1.  CONVERGENCE WHEN EDM .LT. 1.00e-04
 FCN=23.7038 FROM MIGRAD    STATUS=INITIATE       28 CALLS        1095 TOTAL
                     EDM= unknown      STRATEGY= 1      NO ERROR MATRIX       
  EXT PARAMETER               CURRENT GUESS       STEP         FIRST   
  NO.   NAME      VALUE            ERROR          SIZE      DERIVATIVE 
   1  N0           3.01089e+06   9.11986e+02   1.35107e+00   7.69825e-07
   2  tau          6.44153e+01   constant   
   3  A0           3.42030e-01   5.01033e-03  -1.88903e-06   6.86349e+00
   4  phi          4.12307e+00   2.13977e-03   3.92320e-06   3.23905e-01
   5  R           -6.13262e+01   constant   
   6  alpha_CBO    0.00000e+00   1.00000e-03   1.00000e-03   2.23572e+02
   7  w_CBO        2.32500e+00   constant   
   8  beta_CBO     0.00000e+00     fixed    
   9  alpha_2CBO   0.00000e+00     fixed    
  10  beta_2CBO    0.00000e+00   1.00000e-03   1.00000e-03   2.31159e+03
  11  alpha_y      0.00000e+00     fixed    
  12  w_y          1.44500e+01   constant   
  13  beta_y       0.00000e+00   1.00000e-03   1.00000e-03  -2.00490e+04
  14  alpha_vw     0.00000e+00     fixed    
  15  w_vw         1.29000e+01   constant   
  16  beta_vw      0.00000e+00     fixed    
  17  LM           4.28749e-04   constant   
  18  zeta_y       0.00000e+00   constant   
  19  zeta_vw      0.00000e+00   constant   
  20  T_CBO        6.96879e+01   1.35038e+01   4.51866e-05   1.29984e-01
  21  alpha_A0    -2.29933e-02   7.36156e-02  -2.55776e-05  -6.06012e-01
  22  beta_A0      2.61352e-02   1.14863e-02   4.17510e-06   8.87415e-01
  23  alpha_phi   -1.23711e-02   4.06757e-03   5.03849e-06  -2.52341e+00
  24  beta_phi     6.55810e-02   7.20624e-02   2.40283e-05  -7.03413e-02
 MIGRAD MINIMIZATION HAS CONVERGED.
 FCN=17.339 FROM MIGRAD    STATUS=CONVERGED     447 CALLS        1514 TOTAL
                     EDM=6.19342e-06    STRATEGY= 1  ERROR MATRIX UNCERTAINTY   3.4 per cent
  EXT PARAMETER                                   STEP         FIRST   
  NO.   NAME      VALUE            ERROR          SIZE      DERIVATIVE 
   1  N0           3.01104e+06   8.62869e+02   3.00822e+00   8.78894e-07
   2  tau          6.44153e+01   constant   
   3  A0           3.41777e-01   6.66700e-04  -2.51319e-06  -5.92538e+00
   4  phi          4.12721e+00   5.99191e-03   2.52512e-05  -1.90785e+00
   5  R           -6.13262e+01   constant   
   6  alpha_CBO    3.78082e-03   6.00466e-03   2.05205e-05   7.65832e-01
   7  w_CBO        2.32500e+00   constant   
   8  beta_CBO     0.00000e+00     fixed    
   9  alpha_2CBO   0.00000e+00     fixed    
  10  beta_2CBO   -1.52779e-03   1.69289e-03  -5.77632e-06   8.84332e+00
  11  alpha_y      0.00000e+00     fixed    
  12  w_y          1.44500e+01   constant   
  13  beta_y       4.96440e-04   2.35034e-04  -4.12341e-07  -7.14452e+00
  14  alpha_vw     0.00000e+00     fixed    
  15  w_vw         1.29000e+01   constant   
  16  beta_vw      0.00000e+00     fixed    
  17  LM           4.28749e-04   constant   
  18  zeta_y       0.00000e+00   constant   
  19  zeta_vw      0.00000e+00   constant   
  20  T_CBO        6.52866e+01   7.10012e+00  -4.94430e-05   2.32391e-01
  21  alpha_A0     4.36701e-02   1.05246e-01   3.78750e-04   9.35054e-02
  22  beta_A0      3.99123e-02   2.30217e-02   9.16884e-05   8.78054e-01
  23  alpha_phi   -2.26671e-02   1.72303e-02  -6.14796e-05  -1.84146e-01
  24  beta_phi     6.42317e-02   1.02995e-02  -4.06769e-05   1.30928e+00
 EXTERNAL ERROR MATRIX.    NDIM=  25    NPAR= 11    ERR DEF=1
  7.445e+05 
  2.302e-02  4.445e-07 
  6.752e-01 -3.738e-06  3.590e-05 
 -5.744e-01 -3.826e-06  3.454e-05  3.606e-05 
  1.293e-01  9.942e-07 -9.401e-06 -9.736e-06  2.866e-06 
  2.426e-02  4.651e-08 -3.508e-07 -4.036e-07  8.641e-08  5.524e-08 
  6.464e+02  4.348e-03 -3.882e-02 -4.054e-02  1.044e-02  5.182e-04  5.043e+01 
 -8.819e+00 -6.664e-05  6.079e-04  6.314e-04 -1.718e-04 -6.926e-06 -7.079e-01  1.108e-02 
 -2.587e-02 -1.462e-05  1.353e-04  1.357e-04 -3.631e-05 -1.499e-06 -1.547e-01  2.378e-03  5.300e-04 
  7.986e-01  1.096e-05 -9.923e-05 -1.023e-04  2.741e-05  1.162e-06  1.164e-01 -1.793e-03 -3.900e-04  2.969e-04 
  6.564e-02  6.131e-06 -5.437e-05 -5.510e-05  1.324e-05  8.085e-07  6.365e-02 -9.604e-04 -2.156e-04  1.605e-04  1.061e-04 
 PARAMETER  CORRELATION COEFFICIENTS  
       NO.  GLOBAL      1      3      4      6     10     13     20     21     22     23     24
        1  0.87844   1.000  0.040  0.131 -0.111  0.089  0.120  0.106 -0.097 -0.001  0.054  0.007
        3  0.97283   0.040  1.000 -0.936 -0.956  0.881  0.297  0.919 -0.950 -0.953  0.954  0.893
        4  0.99447   0.131 -0.936  1.000  0.960 -0.927 -0.249 -0.912  0.964  0.981 -0.961 -0.881
        6  0.99957  -0.111 -0.956  0.960  1.000 -0.958 -0.286 -0.951  0.999  0.981 -0.989 -0.891
       10  0.99265   0.089  0.881 -0.927 -0.958  1.000  0.217  0.868 -0.964 -0.932  0.940  0.759
       13  0.37799   0.120  0.297 -0.249 -0.286  0.217  1.000  0.310 -0.280 -0.277  0.287  0.334
       20  0.97348   0.106  0.919 -0.912 -0.951  0.868  0.310  1.000 -0.947 -0.946  0.951  0.870
       21  0.99965  -0.097 -0.950  0.964  0.999 -0.964 -0.280 -0.947  1.000  0.982 -0.989 -0.886
       22  0.99410  -0.001 -0.953  0.981  0.981 -0.932 -0.277 -0.946  0.982  1.000 -0.983 -0.909
       23  0.99315   0.054  0.954 -0.961 -0.989  0.940  0.287  0.951 -0.989 -0.983  1.000  0.905
       24  0.97233   0.007  0.893 -0.881 -0.891  0.759  0.334  0.870 -0.886 -0.909  0.905  1.000
MINUIT - FIT ONLY 2-CBO
 **********
 **   25 **RES 
 **********
                   PARAMETER   16  beta_vw RESTORED TO VARIABLE.
                   PARAMETER   14  alpha_vw RESTORED TO VARIABLE.
                   PARAMETER   11  alpha_y RESTORED TO VARIABLE.
                   PARAMETER    9  alpha_2CBO RESTORED TO VARIABLE.
                   PARAMETER    8  beta_CBO RESTORED TO VARIABLE.
 **********
 **   26 **FIX            0
 **********
 PARAMETER    0  IS UNDEFINED. IGNORED.
 **********
 **   27 **FIX            1
 **********
 **********
 **   28 **FIX            2
 **********
 PARAMETER    2  IS CONSTANT.   IGNORED.
 **********
 **   29 **FIX            3
 **********
 **********
 **   30 **FIX            4
 **********
 **********
 **   31 **FIX            5
 **********
 PARAMETER    5  IS CONSTANT.   IGNORED.
 **********
 **   32 **FIX            6
 **********
 **********
 **   33 **FIX            7
 **********
 PARAMETER    7  IS CONSTANT.   IGNORED.
 **********
 **   34 **FIX           10
 **********
 **********
 **   35 **FIX           11
 **********
 **********
 **   36 **FIX           12
 **********
 PARAMETER   12  IS CONSTANT.   IGNORED.
 **********
 **   37 **FIX           13
 **********
 **********
 **   38 **FIX           14
 **********
 **********
 **   39 **FIX           15
 **********
 PARAMETER   15  IS CONSTANT.   IGNORED.
 **********
 **   40 **FIX           16
 **********
 **********
 **   41 **MIGRAD
 **********
 START MIGRAD MINIMIZATION.  STRATEGY  1.  CONVERGENCE WHEN EDM .LT. 1.00e-04
 FCN=17.339 FROM MIGRAD    STATUS=INITIATE       16 CALLS        1530 TOTAL
                     EDM= unknown      STRATEGY= 1      NO ERROR MATRIX       
  EXT PARAMETER               CURRENT GUESS       STEP         FIRST   
  NO.   NAME      VALUE            ERROR          SIZE      DERIVATIVE 
   1  N0           3.01104e+06     fixed    
   2  tau          6.44153e+01   constant   
   3  A0           3.41777e-01     fixed    
   4  phi          4.12721e+00     fixed    
   5  R           -6.13262e+01   constant   
   6  alpha_CBO    3.78082e-03     fixed    
   7  w_CBO        2.32500e+00   constant   
   8  beta_CBO     0.00000e+00   1.00000e-03   1.00000e-03  -1.96990e+02
   9  alpha_2CBO   0.00000e+00   1.00000e-03   1.00000e-03   2.03134e+03
  10  beta_2CBO   -1.52779e-03     fixed    
  11  alpha_y      0.00000e+00     fixed    
  12  w_y          1.44500e+01   constant   
  13  beta_y       4.96440e-04     fixed    
  14  alpha_vw     0.00000e+00     fixed    
  15  w_vw         1.29000e+01   constant   
  16  beta_vw      0.00000e+00     fixed    
  17  LM           4.28749e-04   constant   
  18  zeta_y       0.00000e+00   constant   
  19  zeta_vw      0.00000e+00   constant   
  20  T_CBO        6.52866e+01   7.10012e+00  -4.94430e-05   2.32392e-01
  21  alpha_A0     4.36701e-02   1.05246e-01   3.78750e-04   9.35042e-02
  22  beta_A0      3.99123e-02   2.30217e-02   9.16884e-05   8.78056e-01
  23  alpha_phi   -2.26671e-02   1.72303e-02  -6.14796e-05  -1.84146e-01
  24  beta_phi     6.42317e-02   1.02995e-02  -4.06769e-05   1.30928e+00
 MIGRAD MINIMIZATION HAS CONVERGED.
 MIGRAD WILL VERIFY CONVERGENCE AND ERROR MATRIX.
 FCN=16.6937 FROM MIGRAD    STATUS=CONVERGED     182 CALLS        1696 TOTAL
                     EDM=7.60436e-06    STRATEGY= 1      ERR MATRIX NOT POS-DEF
  EXT PARAMETER                APPROXIMATE        STEP         FIRST   
  NO.   NAME      VALUE            ERROR          SIZE      DERIVATIVE 
   1  N0           3.01104e+06     fixed    
   2  tau          6.44153e+01   constant   
   3  A0           3.41777e-01     fixed    
   4  phi          4.12721e+00     fixed    
   5  R           -6.13262e+01   constant   
   6  alpha_CBO    3.78082e-03     fixed    
   7  w_CBO        2.32500e+00   constant   
   8  beta_CBO    -8.08782e-04   9.97248e-04   4.59561e-07   1.27061e+01
   9  alpha_2CBO  -7.15570e-04   8.11481e-04   4.56010e-07   8.75430e+00
  10  beta_2CBO   -1.52779e-03     fixed    
  11  alpha_y      0.00000e+00     fixed    
  12  w_y          1.44500e+01   constant   
  13  beta_y       4.96440e-04     fixed    
  14  alpha_vw     0.00000e+00     fixed    
  15  w_vw         1.29000e+01   constant   
  16  beta_vw      0.00000e+00     fixed    
  17  LM           4.28749e-04   constant   
  18  zeta_y       0.00000e+00   constant   
  19  zeta_vw      0.00000e+00   constant   
  20  T_CBO        6.34255e+01   2.60623e+01   1.46752e-05  -3.58501e-02
  21  alpha_A0     4.42100e-02   2.33198e-02   7.21188e-06   3.72341e-01
  22  beta_A0      2.65782e-02   2.21394e-02   6.88401e-06  -5.09280e-01
  23  alpha_phi   -1.51395e-02   1.24596e-02   5.47454e-06   1.06849e+00
  24  beta_phi     7.14124e-02   3.78155e-02   6.97479e-06   9.71339e-02
 EXTERNAL ERROR MATRIX.    NDIM=  25    NPAR=  7    ERR DEF=1
  9.945e-07  7.450e-07  3.113e-05  1.238e-06  1.709e-05 -9.314e-06 -5.879e-06 
  7.450e-07  6.585e-07  1.305e-03 -1.508e-07  1.290e-05 -7.281e-06 -6.295e-06 
  3.113e-05  1.305e-03  6.818e+02 -6.000e-01 -3.489e-01  1.934e-01 -9.711e-01 
  1.238e-06 -1.508e-07 -6.000e-01  5.438e-04  3.285e-04 -1.860e-04  8.443e-04 
  1.709e-05  1.290e-05 -3.489e-01  3.285e-04  4.902e-04 -2.655e-04  3.945e-04 
 -9.314e-06 -7.281e-06  1.934e-01 -1.860e-04 -2.655e-04  1.552e-04 -2.175e-04 
 -5.879e-06 -6.295e-06 -9.711e-01  8.443e-04  3.945e-04 -2.175e-04  1.430e-03 
ERR MATRIX NOT POS-DEF
 PARAMETER  CORRELATION COEFFICIENTS  
       NO.  GLOBAL      8      9     20     21     22     23     24
        8  0.97457   1.000  0.921  0.001  0.053  0.774 -0.750 -0.156
        9  0.96194   0.921  1.000  0.062 -0.008  0.718 -0.720 -0.205
       20  0.99778   0.001  0.062  1.000 -0.985 -0.604  0.595 -0.983
       21  0.98864   0.053 -0.008 -0.985  1.000  0.636 -0.640  0.957
       22  0.98851   0.774  0.718 -0.604  0.636  1.000 -0.963  0.471
       23  0.97693  -0.750 -0.720  0.595 -0.640 -0.963  1.000 -0.462
       24  0.99597  -0.156 -0.205 -0.983  0.957  0.471 -0.462  1.000
 ERR MATRIX NOT POS-DEF
MINUIT - FIT wiggle + 1-CBO + 2-CBO
 **********
 **   42 **RES 
 **********
                   PARAMETER   16  beta_vw RESTORED TO VARIABLE.
                   PARAMETER   14  alpha_vw RESTORED TO VARIABLE.
                   PARAMETER   13  beta_y RESTORED TO VARIABLE.
                   PARAMETER   11  alpha_y RESTORED TO VARIABLE.
                   PARAMETER   10  beta_2CBO RESTORED TO VARIABLE.
                   PARAMETER    6  alpha_CBO RESTORED TO VARIABLE.
                   PARAMETER    4  phi RESTORED TO VARIABLE.
                   PARAMETER    3  A0 RESTORED TO VARIABLE.
                   PARAMETER    1  N0 RESTORED TO VARIABLE.
 **********
 **   43 **FIX           10
 **********
 **********
 **   44 **FIX           11
 **********
 **********
 **   45 **FIX           12
 **********
 PARAMETER   12  IS CONSTANT.   IGNORED.
 **********
 **   46 **FIX           13
 **********
 **********
 **   47 **FIX           14
 **********
 **********
 **   48 **FIX           15
 **********
 PARAMETER   15  IS CONSTANT.   IGNORED.
 **********
 **   49 **FIX           16
 **********
 **********
 **   50 **MIGRAD
 **********
 START MIGRAD MINIMIZATION.  STRATEGY  1.  CONVERGENCE WHEN EDM .LT. 1.00e-04
 FCN=16.6937 FROM MIGRAD    STATUS=INITIATE       22 CALLS        1718 TOTAL
                     EDM= unknown      STRATEGY= 1      NO ERROR MATRIX       
  EXT PARAMETER               CURRENT GUESS       STEP         FIRST   
  NO.   NAME      VALUE            ERROR          SIZE      DERIVATIVE 
   1  N0           3.01104e+06   8.62869e+02   8.62869e+02   7.42681e-06
   2  tau          6.44153e+01   constant   
   3  A0           3.41777e-01   6.66700e-04   6.66700e-04  -9.91023e+01
   4  phi          4.12721e+00   5.99191e-03   5.99191e-03   9.68983e+00
   5  R           -6.13262e+01   constant   
   6  alpha_CBO    3.78082e-03   6.00466e-03   6.00466e-03  -3.28313e+02
   7  w_CBO        2.32500e+00   constant   
   8  beta_CBO    -8.08782e-04   9.97248e-04   4.59561e-07   1.27061e+01
   9  alpha_2CBO  -7.15570e-04   8.11481e-04   4.56010e-07   8.75430e+00
  10  beta_2CBO   -1.52779e-03     fixed    
  11  alpha_y      0.00000e+00     fixed    
  12  w_y          1.44500e+01   constant   
  13  beta_y       4.96440e-04     fixed    
  14  alpha_vw     0.00000e+00     fixed    
  15  w_vw         1.29000e+01   constant   
  16  beta_vw      0.00000e+00     fixed    
  17  LM           4.28749e-04   constant   
  18  zeta_y       0.00000e+00   constant   
  19  zeta_vw      0.00000e+00   constant   
  20  T_CBO        6.34255e+01   2.60623e+01   1.46752e-05  -3.58567e-02
  21  alpha_A0     4.42100e-02   2.33198e-02   7.21188e-06   3.72336e-01
  22  beta_A0      2.65782e-02   2.21394e-02   6.88401e-06  -5.09276e-01
  23  alpha_phi   -1.51395e-02   1.24596e-02   5.47454e-06   1.06849e+00
  24  beta_phi     7.14124e-02   3.78155e-02   6.97479e-06   9.71340e-02
 MIGRAD MINIMIZATION HAS CONVERGED.
 FCN=16.6238 FROM MIGRAD    STATUS=CONVERGED     220 CALLS        1916 TOTAL
                     EDM=9.11369e-06    STRATEGY= 1  ERROR MATRIX UNCERTAINTY   5.7 per cent
  EXT PARAMETER                                   STEP         FIRST   
  NO.   NAME      VALUE            ERROR          SIZE      DERIVATIVE 
   1  N0           3.01074e+06   1.34759e+03  -1.67033e+01   3.64596e-06
   2  tau          6.44153e+01   constant   
   3  A0           3.41670e-01   4.64399e-04   7.01044e-07  -8.09195e+00
   4  phi          4.12698e+00   1.04378e-03  -6.56607e-06   3.02888e+00
   5  R           -6.13262e+01   constant   
   6  alpha_CBO    4.23223e-03   1.69875e-03   4.74737e-06   3.55844e+00
   7  w_CBO        2.32500e+00   constant   
   8  beta_CBO    -7.46751e-04   1.22347e-03   2.54911e-05  -7.49113e+00
   9  alpha_2CBO  -7.73706e-04   9.31317e-04   1.84921e-05   7.08774e+00
  10  beta_2CBO   -1.52779e-03     fixed    
  11  alpha_y      0.00000e+00     fixed    
  12  w_y          1.44500e+01   constant   
  13  beta_y       4.96440e-04     fixed    
  14  alpha_vw     0.00000e+00     fixed    
  15  w_vw         1.29000e+01   constant   
  16  beta_vw      0.00000e+00     fixed    
  17  LM           4.28749e-04   constant   
  18  zeta_y       0.00000e+00   constant   
  19  zeta_vw      0.00000e+00   constant   
  20  T_CBO        6.38573e+01   2.55654e+00   1.31215e-04   8.79474e-02
  21  alpha_A0     4.92829e-02   1.92954e-02   1.00709e-04   1.46143e-01
  22  beta_A0      2.68088e-02   2.16942e-02   4.56302e-04   5.97366e-02
  23  alpha_phi   -1.56736e-02   8.48500e-03  -1.66327e-04  -5.74328e-01
  24  beta_phi     6.92660e-02   1.27546e-02  -2.38574e-04   6.77765e-02
 EXTERNAL ERROR MATRIX.    NDIM=  25    NPAR= 11    ERR DEF=1
  1.816e+06 
  3.565e-01  2.157e-07 
  1.049e+00  3.229e-07  1.089e-06 
 -1.870e+00 -6.955e-07 -1.420e-06  2.886e-06 
 -9.892e-01  8.058e-08 -3.038e-07  3.452e-07  1.497e-06 
 -3.044e-01  2.240e-07  1.203e-07 -4.163e-07  9.762e-07  8.674e-07 
 -2.619e+03 -4.822e-04 -1.434e-03  2.701e-03  1.861e-03  7.794e-04  6.536e+00 
 -2.185e+01 -7.448e-06 -1.596e-05  3.224e-05  5.352e-06 -3.606e-06  3.100e-02  3.723e-04 
 -1.443e+01  2.844e-06 -1.923e-06  4.980e-07  2.573e-05  1.870e-05  2.782e-02  3.206e-05  4.706e-04 
  6.938e+00 -3.429e-07  2.519e-06 -3.062e-06 -9.830e-06 -6.573e-06 -1.299e-02 -4.479e-05 -1.714e-04  7.200e-05 
  1.483e+01  1.744e-06  7.408e-06 -1.321e-05 -1.311e-05 -6.410e-06 -2.608e-02 -1.608e-04 -2.097e-04  9.100e-05  1.627e-04 
 PARAMETER  CORRELATION COEFFICIENTS  
       NO.  GLOBAL      1      3      4      6      8      9     20     21     22     23     24
        1  0.95985   1.000  0.570  0.746 -0.817 -0.600 -0.243 -0.760 -0.840 -0.494  0.607  0.863
        3  0.94076   0.570  1.000  0.666 -0.882  0.142  0.518 -0.406 -0.831  0.282 -0.087  0.294
        4  0.85869   0.746  0.666  1.000 -0.801 -0.238  0.124 -0.537 -0.792 -0.085  0.284  0.556
        6  0.99241  -0.817 -0.882 -0.801  1.000  0.166 -0.263  0.622  0.984  0.014 -0.212 -0.610
        8  0.98480  -0.600  0.142 -0.238  0.166  1.000  0.857  0.595  0.227  0.969 -0.947 -0.840
        9  0.97244  -0.243  0.518  0.124 -0.263  0.857  1.000  0.327 -0.201  0.926 -0.832 -0.540
       20  0.83796  -0.760 -0.406 -0.537  0.622  0.595  0.327  1.000  0.628  0.502 -0.599 -0.800
       21  0.98798  -0.840 -0.831 -0.792  0.984  0.227 -0.201  0.628  1.000  0.077 -0.274 -0.654
       22  0.99033  -0.494  0.282 -0.085  0.014  0.969  0.926  0.502  0.077  1.000 -0.931 -0.758
       23  0.96592   0.607 -0.087  0.284 -0.212 -0.947 -0.832 -0.599 -0.274 -0.931  1.000  0.841
       24  0.97491   0.863  0.294  0.556 -0.610 -0.840 -0.540 -0.800 -0.654 -0.758  0.841  1.000
MINUIT - FIT ONLY 1-y
 **********
 **   51 **RES 
 **********
                   PARAMETER   16  beta_vw RESTORED TO VARIABLE.
                   PARAMETER   14  alpha_vw RESTORED TO VARIABLE.
                   PARAMETER   13  beta_y RESTORED TO VARIABLE.
                   PARAMETER   11  alpha_y RESTORED TO VARIABLE.
                   PARAMETER   10  beta_2CBO RESTORED TO VARIABLE.
 **********
 **   52 **FIX            0
 **********
 PARAMETER    0  IS UNDEFINED. IGNORED.
 **********
 **   53 **FIX            1
 **********
 **********
 **   54 **FIX            2
 **********
 PARAMETER    2  IS CONSTANT.   IGNORED.
 **********
 **   55 **FIX            3
 **********
 **********
 **   56 **FIX            4
 **********
 **********
 **   57 **FIX            5
 **********
 PARAMETER    5  IS CONSTANT.   IGNORED.
 **********
 **   58 **FIX            6
 **********
 **********
 **   59 **FIX            7
 **********
 PARAMETER    7  IS CONSTANT.   IGNORED.
 **********
 **   60 **FIX            8
 **********
 **********
 **   61 **FIX            9
 **********
 **********
 **   62 **FIX           13
 **********
 **********
 **   63 **FIX           14
 **********
 **********
 **   64 **FIX           15
 **********
 PARAMETER   15  IS CONSTANT.   IGNORED.
 **********
 **   65 **FIX           16
 **********
 **********
 **   66 **MIGRAD
 **********
 START MIGRAD MINIMIZATION.  STRATEGY  1.  CONVERGENCE WHEN EDM .LT. 1.00e-04
 FCN=16.6238 FROM MIGRAD    STATUS=INITIATE       16 CALLS        1932 TOTAL
                     EDM= unknown      STRATEGY= 1      NO ERROR MATRIX       
  EXT PARAMETER               CURRENT GUESS       STEP         FIRST   
  NO.   NAME      VALUE            ERROR          SIZE      DERIVATIVE 
   1  N0           3.01074e+06     fixed    
   2  tau          6.44153e+01   constant   
   3  A0           3.41670e-01     fixed    
   4  phi          4.12698e+00     fixed    
   5  R           -6.13262e+01   constant   
   6  alpha_CBO    4.23223e-03     fixed    
   7  w_CBO        2.32500e+00   constant   
   8  beta_CBO    -7.46751e-04     fixed    
   9  alpha_2CBO  -7.73706e-04     fixed    
  10  beta_2CBO   -1.52779e-03   1.69289e-03   1.69289e-03   3.97660e+02
  11  alpha_y      0.00000e+00   1.00000e-03   1.00000e-03   2.63216e+04
  12  w_y          1.44500e+01   constant   
  13  beta_y       4.96440e-04     fixed    
  14  alpha_vw     0.00000e+00     fixed    
  15  w_vw         1.29000e+01   constant   
  16  beta_vw      0.00000e+00     fixed    
  17  LM           4.28749e-04   constant   
  18  zeta_y       0.00000e+00   constant   
  19  zeta_vw      0.00000e+00   constant   
  20  T_CBO        6.38573e+01   2.55654e+00   1.31215e-04   8.79485e-02
  21  alpha_A0     4.92829e-02   1.92954e-02   1.00709e-04   1.46142e-01
  22  beta_A0      2.68088e-02   2.16942e-02   4.56302e-04   5.97370e-02
  23  alpha_phi   -1.56736e-02   8.48500e-03  -1.66327e-04  -5.74328e-01
  24  beta_phi     6.92660e-02   1.27546e-02  -2.38574e-04   6.77766e-02
 MIGRAD MINIMIZATION HAS CONVERGED.
 MIGRAD WILL VERIFY CONVERGENCE AND ERROR MATRIX.
 FCN=7.95442 FROM HESSE     STATUS=NOT POSDEF     50 CALLS        2077 TOTAL
                     EDM=0.000571084    STRATEGY= 1      ERR MATRIX NOT POS-DEF
  EXT PARAMETER                APPROXIMATE        STEP         FIRST   
  NO.   NAME      VALUE            ERROR          SIZE      DERIVATIVE 
   1  N0           3.01074e+06     fixed    
   2  tau          6.44153e+01   constant   
   3  A0           3.41670e-01     fixed    
   4  phi          4.12698e+00     fixed    
   5  R           -6.13262e+01   constant   
   6  alpha_CBO    4.23223e-03     fixed    
   7  w_CBO        2.32500e+00   constant   
   8  beta_CBO    -7.46751e-04     fixed    
   9  alpha_2CBO  -7.73706e-04     fixed    
  10  beta_2CBO   -1.77190e-03   4.56885e-04   3.15384e-07   4.17647e-01
  11  alpha_y     -6.55043e-04   2.22171e-04   3.19248e-07   1.13795e-01
  12  w_y          1.44500e+01   constant   
  13  beta_y       4.96440e-04     fixed    
  14  alpha_vw     0.00000e+00     fixed    
  15  w_vw         1.29000e+01   constant   
  16  beta_vw      0.00000e+00     fixed    
  17  LM           4.28749e-04   constant   
  18  zeta_y       0.00000e+00   constant   
  19  zeta_vw      0.00000e+00   constant   
  20  T_CBO        6.47911e+01   2.31797e+01   1.01722e-05   2.91220e-01
  21  alpha_A0     4.94385e-02   2.21796e-02   4.98937e-06  -1.95473e-01
  22  beta_A0      2.62768e-02   1.20546e-02   4.77012e-06  -1.41751e-01
  23  alpha_phi   -1.54618e-02   7.32999e-03   3.79683e-06   5.16823e-02
  24  beta_phi     7.21367e-02   3.22948e-02   4.83282e-06  -4.41944e-01
 MIGRAD MINIMIZATION HAS CONVERGED.
 MIGRAD WILL VERIFY CONVERGENCE AND ERROR MATRIX.
 FCN=7.92197 FROM MIGRAD    STATUS=CONVERGED     895 CALLS        2811 TOTAL
                     EDM=2.01689e-06    STRATEGY= 1      ERR MATRIX NOT POS-DEF
  EXT PARAMETER                APPROXIMATE        STEP         FIRST   
  NO.   NAME      VALUE            ERROR          SIZE      DERIVATIVE 
   1  N0           3.01074e+06     fixed    
   2  tau          6.44153e+01   constant   
   3  A0           3.41670e-01     fixed    
   4  phi          4.12698e+00     fixed    
   5  R           -6.13262e+01   constant   
   6  alpha_CBO    4.23223e-03     fixed    
   7  w_CBO        2.32500e+00   constant   
   8  beta_CBO    -7.46751e-04     fixed    
   9  alpha_2CBO  -7.73706e-04     fixed    
  10  beta_2CBO   -1.76942e-03   4.56072e-04   3.14814e-07   4.30394e+00
  11  alpha_y     -6.57580e-04   2.22208e-04   3.18671e-07   5.18929e-01
  12  w_y          1.44500e+01   constant   
  13  beta_y       4.96440e-04     fixed    
  14  alpha_vw     0.00000e+00     fixed    
  15  w_vw         1.29000e+01   constant   
  16  beta_vw      0.00000e+00     fixed    
  17  LM           4.28749e-04   constant   
  18  zeta_y       0.00000e+00   constant   
  19  zeta_vw      0.00000e+00   constant   
  20  T_CBO        4.38637e+01   1.06419e+01   5.60507e-06   5.18247e-03
  21  alpha_A0     8.93049e-02   4.00786e-02   8.96762e-06  -7.97729e-02
  22  beta_A0      4.73033e-02   2.17198e-02   8.58697e-06  -9.23640e-02
  23  alpha_phi   -2.77158e-02   1.31679e-02   6.82318e-06   8.40702e-02
  24  beta_phi     1.30261e-01   5.83184e-02   8.69653e-06   9.41443e-02
 EXTERNAL ERROR MATRIX.    NDIM=  25    NPAR=  7    ERR DEF=1
  2.080e-07  1.499e-08 -3.131e-04 -5.818e-07  7.310e-07 -4.688e-07 -2.912e-06 
  1.499e-08  4.938e-08 -8.849e-06 -8.035e-08  2.320e-08  3.442e-10 -4.367e-07 
 -3.131e-04 -8.849e-06  1.134e+02 -4.189e-01 -2.223e-01  1.291e-01 -6.078e-01 
 -5.818e-07 -8.035e-08 -4.189e-01  1.606e-03  8.181e-04 -4.874e-04  2.276e-03 
  7.310e-07  2.320e-08 -2.223e-01  8.181e-04  4.718e-04 -2.564e-04  1.184e-03 
 -4.688e-07  3.442e-10  1.291e-01 -4.874e-04 -2.564e-04  1.734e-04 -6.808e-04 
 -2.912e-06 -4.367e-07 -6.078e-01  2.276e-03  1.184e-03 -6.808e-04  3.401e-03 
ERR MATRIX NOT POS-DEF
 PARAMETER  CORRELATION COEFFICIENTS  
       NO.  GLOBAL     10     11     20     21     22     23     24
       10  0.88130   1.000  0.148 -0.064 -0.032  0.074 -0.078 -0.109
       11  0.18991   0.148  1.000 -0.004 -0.009  0.005  0.000 -0.034
       20  0.99728  -0.064 -0.004  1.000 -0.982 -0.961  0.921 -0.979
       21  0.98815  -0.032 -0.009 -0.982  1.000  0.940 -0.924  0.974
       22  0.96252   0.074  0.005 -0.961  0.940  1.000 -0.897  0.935
       23  0.93469  -0.078  0.000  0.921 -0.924 -0.897  1.000 -0.887
       24  0.99475  -0.109 -0.034 -0.979  0.974  0.935 -0.887  1.000
 ERR MATRIX NOT POS-DEF
MINUIT - FIT ONLY 2-y
 **********
 **   67 **RES 
 **********
                   PARAMETER   16  beta_vw RESTORED TO VARIABLE.
                   PARAMETER   14  alpha_vw RESTORED TO VARIABLE.
                   PARAMETER   13  beta_y RESTORED TO VARIABLE.
                   PARAMETER    9  alpha_2CBO RESTORED TO VARIABLE.
                   PARAMETER    8  beta_CBO RESTORED TO VARIABLE.
                   PARAMETER    6  alpha_CBO RESTORED TO VARIABLE.
                   PARAMETER    4  phi RESTORED TO VARIABLE.
                   PARAMETER    3  A0 RESTORED TO VARIABLE.
                   PARAMETER    1  N0 RESTORED TO VARIABLE.
 **********
 **   68 **FIX            0
 **********
 PARAMETER    0  IS UNDEFINED. IGNORED.
 **********
 **   69 **FIX            1
 **********
 **********
 **   70 **FIX            2
 **********
 PARAMETER    2  IS CONSTANT.   IGNORED.
 **********
 **   71 **FIX            3
 **********
 **********
 **   72 **FIX            4
 **********
 **********
 **   73 **FIX            5
 **********
 PARAMETER    5  IS CONSTANT.   IGNORED.
 **********
 **   74 **FIX            6
 **********
 **********
 **   75 **FIX            7
 **********
 PARAMETER    7  IS CONSTANT.   IGNORED.
 **********
 **   76 **FIX            8
 **********
 **********
 **   77 **FIX            9
 **********
 **********
 **   78 **FIX           10
 **********
 **********
 **   79 **FIX           11
 **********
 **********
 **   80 **FIX           12
 **********
 PARAMETER   12  IS CONSTANT.   IGNORED.
 **********
 **   81 **FIX           16
 **********
 **********
 **   82 **MIGRAD
 **********
 START MIGRAD MINIMIZATION.  STRATEGY  1.  CONVERGENCE WHEN EDM .LT. 1.00e-04
 FCN=7.92197 FROM MIGRAD    STATUS=INITIATE       16 CALLS        2827 TOTAL
                     EDM= unknown      STRATEGY= 1      NO ERROR MATRIX       
  EXT PARAMETER               CURRENT GUESS       STEP         FIRST   
  NO.   NAME      VALUE            ERROR          SIZE      DERIVATIVE 
   1  N0           3.01074e+06     fixed    
   2  tau          6.44153e+01   constant   
   3  A0           3.41670e-01     fixed    
   4  phi          4.12698e+00     fixed    
   5  R           -6.13262e+01   constant   
   6  alpha_CBO    4.23223e-03     fixed    
   7  w_CBO        2.32500e+00   constant   
   8  beta_CBO    -7.46751e-04     fixed    
   9  alpha_2CBO  -7.73706e-04     fixed    
  10  beta_2CBO   -1.76942e-03     fixed    
  11  alpha_y     -6.57580e-04     fixed    
  12  w_y          1.44500e+01   constant   
  13  beta_y       4.96440e-04   2.35034e-04   2.35034e-04   1.09231e+03
  14  alpha_vw     0.00000e+00   1.00000e-03   1.00000e-03   5.77110e+03
  15  w_vw         1.29000e+01   constant   
  16  beta_vw      0.00000e+00     fixed    
  17  LM           4.28749e-04   constant   
  18  zeta_y       0.00000e+00   constant   
  19  zeta_vw      0.00000e+00   constant   
  20  T_CBO        4.38637e+01   1.06419e+01   5.60507e-06   5.19124e-03
  21  alpha_A0     8.93049e-02   4.00786e-02   8.96762e-06  -7.97734e-02
  22  beta_A0      4.73033e-02   2.17198e-02   8.58697e-06  -9.23622e-02
  23  alpha_phi   -2.77158e-02   1.31679e-02   6.82318e-06   8.40704e-02
  24  beta_phi     1.30261e-01   5.83184e-02   8.69653e-06   9.41444e-02
 MIGRAD MINIMIZATION HAS CONVERGED.
 MIGRAD WILL VERIFY CONVERGENCE AND ERROR MATRIX.
 FCN=7.3491 FROM HESSE     STATUS=NOT POSDEF     50 CALLS        2956 TOTAL
                     EDM=6.44608e-05    STRATEGY= 1      ERR MATRIX NOT POS-DEF
  EXT PARAMETER                APPROXIMATE        STEP         FIRST   
  NO.   NAME      VALUE            ERROR          SIZE      DERIVATIVE 
   1  N0           3.01074e+06     fixed    
   2  tau          6.44153e+01   constant   
   3  A0           3.41670e-01     fixed    
   4  phi          4.12698e+00     fixed    
   5  R           -6.13262e+01   constant   
   6  alpha_CBO    4.23223e-03     fixed    
   7  w_CBO        2.32500e+00   constant   
   8  beta_CBO    -7.46751e-04     fixed    
   9  alpha_2CBO  -7.73706e-04     fixed    
  10  beta_2CBO   -1.76942e-03     fixed    
  11  alpha_y     -6.57580e-04     fixed    
  12  w_y          1.44500e+01   constant   
  13  beta_y       4.09469e-04   2.34714e-04   3.09064e-07   1.54608e+00
  14  alpha_vw    -1.82027e-04   2.43259e-04   3.18020e-07  -2.81485e-01
  15  w_vw         1.29000e+01   constant   
  16  beta_vw      0.00000e+00     fixed    
  17  LM           4.28749e-04   constant   
  18  zeta_y       0.00000e+00   constant   
  19  zeta_vw      0.00000e+00   constant   
  20  T_CBO        4.38090e+01   1.22507e+01   5.42903e-06   2.40773e-01
