 + ++++++++++++++++++++++++++++++++++++++++++++++++++++++++++++++++++++ +
 +                                                                      +
 +           You have chose to blind your fitting according to          +
 +                omega_ref * (1 + (R +/- deltaR) *10^{-6})             +
 +                                                                      +
 + ++++++++++++++++++++++++++++++++++++++++++++++++++++++++++++++++++++ +
In main()...
reading format from /gm2data/zkhechad/run45/envelope/formats/formatB_sBin_constraintOn.txt
pBinTau 	= 0  
pBinPhi 	= 0  
constraintau 	= 1 
includeMopTerm 	= 0    
constrainMop    = 0   
Parameters after format file: pBinTau 0 pBinPhi 0 constraintau 1 includeMopTerm 0 constrainMop 0 c_e_scale 0.000000 
Opening file /gm2data/tbarrett/gm2fr/studies/run23_bunch_corrections/CorrectedFourier_Run3b.root.
reading full fit data from /gm2data/zkhechad/cboTemplates/Run4CBOTemplates/fullFits/noRF/sBin_constraintOn_cE0.0_seed0_noRF_calo16.root
windowBins = 69
fitting sliding window 560 from bin 696 at 103.694000 to bin 765 at 114.138000 (69 bins)

Reading data from /gm2data/cornell/histograms/aMethod/histogram_a_noRF.root
 **********
 **    1 **SET PRINTOUT            1
 **********
 **********
 **    2 **SET NOWARNINGS 
 **********
 PARAMETER DEFINITIONS:
    NO.   NAME         VALUE      STEP SIZE      LIMITS
     1 N0           3.09937e+06  1.00000e+02     no limits
     2 tau          6.44027e+01  constant
     3 A0           3.49546e-01  1.00000e-04     no limits
     4 phi          4.11716e+00  1.00000e-02     no limits
     5 R           -6.26367e+01  constant
     6 alpha_CBO    0.00000e+00  1.00000e-03     no limits
     7 w_CBO        2.32500e+00  constant
     8 beta_CBO     0.00000e+00  1.00000e-03     no limits
     9 alpha_2CBO   0.00000e+00  1.00000e-03     no limits
    10 beta_2CBO    0.00000e+00  1.00000e-03     no limits
    11 alpha_y      0.00000e+00  1.00000e-03     no limits
    12 w_y          1.38860e+01  constant
    13 beta_y       0.00000e+00  1.00000e-03     no limits
    14 alpha_vw     0.00000e+00  1.00000e-03     no limits
    15 w_vw         1.43404e+01  constant
    16 beta_vw      0.00000e+00  1.00000e-03     no limits
    17 LM          -1.31878e-04  constant
    18 zeta_y       0.00000e+00  constant
    19 zeta_vw      0.00000e+00  constant
    20 T_CBO        1.00000e+02  1.00000e+00    0.00000e+00  1.00000e+03
    21 alpha_A0     0.00000e+00  1.00000e-03     no limits
    22 beta_A0      0.00000e+00  1.00000e-03     no limits
    23 alpha_phi    0.00000e+00  1.00000e-03     no limits
    24 beta_phi     0.00000e+00  1.00000e-03     no limits
MINUIT - FIT ONLY WIGGLE
 **********
 **    3 **FIX            5
 **********
 PARAMETER    5  IS CONSTANT.   IGNORED.
 **********
 **    4 **FIX            6
 **********
 **********
 **    5 **FIX            7
 **********
 PARAMETER    7  IS CONSTANT.   IGNORED.
 **********
 **    6 **FIX            8
 **********
 **********
 **    7 **FIX            9
 **********
 **********
 **    8 **FIX           10
 **********
 **********
 **    9 **FIX           11
 **********
 **********
 **   10 **FIX           12
 **********
 PARAMETER   12  IS CONSTANT.   IGNORED.
 **********
 **   11 **FIX           13
 **********
 **********
 **   12 **FIX           14
 **********
 **********
 **   13 **FIX           15
 **********
 PARAMETER   15  IS CONSTANT.   IGNORED.
 **********
 **   14 **FIX           16
 **********
 **********
 **   15 **MIGRAD
 **********
 FIRST CALL TO USER FUNCTION AT NEW START POINT, WITH IFLAG=4.
 START MIGRAD MINIMIZATION.  STRATEGY  1.  CONVERGENCE WHEN EDM .LT. 1.00e-04
 FCN=1430.27 FROM MIGRAD    STATUS=INITIATE      435 CALLS         436 TOTAL
                     EDM= unknown      STRATEGY= 1      NO ERROR MATRIX       
  EXT PARAMETER               CURRENT GUESS       STEP         FIRST   
  NO.   NAME      VALUE            ERROR          SIZE      DERIVATIVE 
   1  N0           3.09937e+06   1.00000e+02   0.00000e+00   1.39994e-02
   2  tau          6.44027e+01   constant   
   3  A0           3.49546e-01   1.00000e-04   0.00000e+00   4.16718e+04
   4  phi          4.11716e+00   1.00000e-02   0.00000e+00   3.21477e+04
   5  R           -6.26367e+01   constant   
   6  alpha_CBO    0.00000e+00     fixed    
   7  w_CBO        2.32500e+00   constant   
   8  beta_CBO     0.00000e+00     fixed    
   9  alpha_2CBO   0.00000e+00     fixed    
  10  beta_2CBO    0.00000e+00     fixed    
  11  alpha_y      0.00000e+00     fixed    
  12  w_y          1.38860e+01   constant   
  13  beta_y       0.00000e+00     fixed    
  14  alpha_vw     0.00000e+00     fixed    
  15  w_vw         1.43404e+01   constant   
  16  beta_vw      0.00000e+00     fixed    
  17  LM          -1.31878e-04   constant   
  18  zeta_y       0.00000e+00   constant   
  19  zeta_vw      0.00000e+00   constant   
  20  T_CBO        1.00000e+02   1.00000e+00   0.00000e+00   0.00000e+00
  21  alpha_A0     0.00000e+00   1.00000e-03   0.00000e+00  -9.70230e+02
  22  beta_A0      0.00000e+00   1.00000e-03   0.00000e+00  -6.99947e+03
  23  alpha_phi    0.00000e+00   1.00000e-03   0.00000e+00   1.21518e+03
  24  beta_phi     0.00000e+00   1.00000e-03   0.00000e+00  -1.50153e+03
 MIGRAD MINIMIZATION HAS CONVERGED.
 FCN=1351.66 FROM MIGRAD    STATUS=CONVERGED     548 CALLS         549 TOTAL
                     EDM=5.6599e-06    STRATEGY= 1  ERROR MATRIX UNCERTAINTY   3.0 per cent
  EXT PARAMETER                                   STEP         FIRST   
  NO.   NAME      VALUE            ERROR          SIZE      DERIVATIVE 
   1  N0           3.09924e+06   3.21948e+02  -7.08965e-01  -3.31740e-06
   2  tau          6.44027e+01   constant   
   3  A0           3.49159e-01   1.34828e-04  -5.41217e-07  -7.91867e+00
   4  phi          4.11486e+00   3.77824e-04  -6.05362e-07  -3.63660e+00
   5  R           -6.26367e+01   constant   
   6  alpha_CBO    0.00000e+00     fixed    
   7  w_CBO        2.32500e+00   constant   
   8  beta_CBO     0.00000e+00     fixed    
   9  alpha_2CBO   0.00000e+00     fixed    
  10  beta_2CBO    0.00000e+00     fixed    
  11  alpha_y      0.00000e+00     fixed    
  12  w_y          1.38860e+01   constant   
  13  beta_y       0.00000e+00     fixed    
  14  alpha_vw     0.00000e+00     fixed    
  15  w_vw         1.43404e+01   constant   
  16  beta_vw      0.00000e+00     fixed    
  17  LM          -1.31878e-04   constant   
  18  zeta_y       0.00000e+00   constant   
  19  zeta_vw      0.00000e+00   constant   
  20  T_CBO        1.02913e+02   2.63984e+01   9.22281e-05   4.68561e-03
  21  alpha_A0     1.79137e-03   1.58081e-03  -2.43664e-06  -2.21513e-01
  22  beta_A0      8.42539e-03   1.77778e-03  -3.43043e-06   2.73947e+00
  23  alpha_phi   -6.44140e-04   1.48278e-03  -1.47061e-06  -6.87583e-01
  24  beta_phi     1.18877e-03   1.71743e-03  -5.32923e-06   2.87121e-01
 EXTERNAL ERROR MATRIX.    NDIM=  25    NPAR=  8    ERR DEF=1
  1.037e+05  1.941e-03 -2.105e-02 -8.834e+02  3.506e-02  1.644e-01  1.115e-01  3.493e-03 
  1.941e-03  1.818e-08  1.555e-09 -5.401e-04  5.707e-09  5.569e-08 -3.266e-08  3.712e-08 
 -2.105e-02  1.555e-09  1.428e-07 -8.527e-04 -3.709e-08  3.962e-08 -6.615e-08  3.435e-08 
 -8.834e+02 -5.401e-04 -8.527e-04  6.986e+02 -5.404e-03 -3.346e-02  1.809e-03 -1.449e-02 
  3.506e-02  5.707e-09 -3.709e-08 -5.404e-03  2.499e-06  3.728e-07  1.353e-07 -4.183e-08 
  1.644e-01  5.569e-08  3.962e-08 -3.346e-02  3.728e-07  3.160e-06  1.476e-07  5.839e-07 
  1.115e-01 -3.266e-08 -6.615e-08  1.809e-03  1.353e-07  1.476e-07  2.199e-06 -2.271e-07 
  3.493e-03  3.712e-08  3.435e-08 -1.449e-02 -4.183e-08  5.839e-07 -2.271e-07  2.950e-06 
 PARAMETER  CORRELATION COEFFICIENTS  
       NO.  GLOBAL      1      3      4     20     21     22     23     24
        1  0.41202   1.000  0.045 -0.173 -0.104  0.069  0.287  0.234  0.006
        3  0.31703   0.045  1.000  0.031 -0.152  0.027  0.232 -0.163  0.160
        4  0.23189  -0.173  0.031  1.000 -0.085 -0.062  0.059 -0.118  0.053
       20  0.74707  -0.104 -0.152 -0.085  1.000 -0.129 -0.712  0.046 -0.319
       21  0.17592   0.069  0.027 -0.062 -0.129  1.000  0.133  0.058 -0.015
       22  0.75839   0.287  0.232  0.059 -0.712  0.133  1.000  0.056  0.191
       23  0.32161   0.234 -0.163 -0.118  0.046  0.058  0.056  1.000 -0.089
       24  0.35351   0.006  0.160  0.053 -0.319 -0.015  0.191 -0.089  1.000
MINUIT - FIT ONLY 1-CBO + wiggle
 **********
 **   16 **RES 
 **********
                   PARAMETER   16  beta_vw RESTORED TO VARIABLE.
                   PARAMETER   14  alpha_vw RESTORED TO VARIABLE.
                   PARAMETER   13  beta_y RESTORED TO VARIABLE.
                   PARAMETER   11  alpha_y RESTORED TO VARIABLE.
                   PARAMETER   10  beta_2CBO RESTORED TO VARIABLE.
                   PARAMETER    9  alpha_2CBO RESTORED TO VARIABLE.
                   PARAMETER    8  beta_CBO RESTORED TO VARIABLE.
                   PARAMETER    6  alpha_CBO RESTORED TO VARIABLE.
 **********
 **   17 **FIX            8
 **********
 **********
 **   18 **FIX            9
 **********
 **********
 **   19 **FIX           11
 **********
 **********
 **   20 **FIX           12
 **********
 PARAMETER   12  IS CONSTANT.   IGNORED.
 **********
 **   21 **FIX           14
 **********
 **********
 **   22 **FIX           15
 **********
 PARAMETER   15  IS CONSTANT.   IGNORED.
 **********
 **   23 **FIX           16
 **********
 **********
 **   24 **MIGRAD
 **********
 START MIGRAD MINIMIZATION.  STRATEGY  1.  CONVERGENCE WHEN EDM .LT. 1.00e-04
 FCN=1351.66 FROM MIGRAD    STATUS=INITIATE       28 CALLS         577 TOTAL
                     EDM= unknown      STRATEGY= 1      NO ERROR MATRIX       
  EXT PARAMETER               CURRENT GUESS       STEP         FIRST   
  NO.   NAME      VALUE            ERROR          SIZE      DERIVATIVE 
   1  N0           3.09924e+06   3.21948e+02  -7.08965e-01  -3.31740e-06
   2  tau          6.44027e+01   constant   
   3  A0           3.49159e-01   1.34828e-04  -5.41217e-07  -7.91867e+00
   4  phi          4.11486e+00   3.77824e-04  -6.05362e-07  -3.63660e+00
   5  R           -6.26367e+01   constant   
   6  alpha_CBO    0.00000e+00   1.00000e-03   1.00000e-03  -6.03877e+04
   7  w_CBO        2.32500e+00   constant   
   8  beta_CBO     0.00000e+00     fixed    
   9  alpha_2CBO   0.00000e+00     fixed    
  10  beta_2CBO    0.00000e+00   1.00000e-03   1.00000e-03   3.63277e+04
  11  alpha_y      0.00000e+00     fixed    
  12  w_y          1.38860e+01   constant   
  13  beta_y       0.00000e+00   1.00000e-03   1.00000e-03  -8.35937e+03
  14  alpha_vw     0.00000e+00     fixed    
  15  w_vw         1.43404e+01   constant   
  16  beta_vw      0.00000e+00     fixed    
  17  LM          -1.31878e-04   constant   
  18  zeta_y       0.00000e+00   constant   
  19  zeta_vw      0.00000e+00   constant   
  20  T_CBO        1.02913e+02   2.63984e+01   9.22281e-05   4.68498e-03
  21  alpha_A0     1.79137e-03   1.58081e-03  -2.43664e-06  -2.21521e-01
  22  beta_A0      8.42539e-03   1.77778e-03  -3.43043e-06   2.73948e+00
  23  alpha_phi   -6.44140e-04   1.48278e-03  -1.47061e-06  -6.87583e-01
  24  beta_phi     1.18877e-03   1.71743e-03  -5.32923e-06   2.87121e-01
 CALL LIMIT EXCEEDED IN MIGRAD.
 MIGRAD TERMINATED WITHOUT CONVERGENCE.
 FCN=1325.5 FROM MIGRAD    STATUS=CALL LIMIT   1909 CALLS        2458 TOTAL
                     EDM=0.0272812    STRATEGY= 1  ERROR MATRIX UNCERTAINTY   1.7 per cent
  EXT PARAMETER                APPROXIMATE        STEP         FIRST   
  NO.   NAME      VALUE            ERROR          SIZE      DERIVATIVE 
   1  N0           3.09934e+06   3.14704e+02  -1.64891e+00  -2.63900e-04
   2  tau          6.44027e+01   constant   
   3  A0           3.49226e-01   1.23967e-04   1.09233e-06   1.15451e+03
   4  phi          4.11489e+00   3.79788e-04   1.30063e-06   7.82904e+01
   5  R           -6.26367e+01   constant   
   6  alpha_CBO    5.99290e-04   1.42677e-04   7.01748e-08  -5.43791e+01
   7  w_CBO        2.32500e+00   constant   
   8  beta_CBO     0.00000e+00     fixed    
   9  alpha_2CBO   0.00000e+00     fixed    
  10  beta_2CBO   -3.46176e-04   1.40546e-04   2.29720e-08   3.86773e+02
  11  alpha_y      0.00000e+00     fixed    
  12  w_y          1.38860e+01   constant   
  13  beta_y       7.43059e-05   1.35975e-04   4.37048e-08  -2.60760e+01
  14  alpha_vw     0.00000e+00     fixed    
  15  w_vw         1.43404e+01   constant   
  16  beta_vw      0.00000e+00     fixed    
  17  LM          -1.31878e-04   constant   
  18  zeta_y       0.00000e+00   constant   
  19  zeta_vw      0.00000e+00   constant   
  20  T_CBO        1.51333e+01   1.33327e+00   4.57769e-04  -4.15911e+00
  21  alpha_A0    -2.07035e-01   1.16944e-01   4.39344e-04   7.31992e-01
  22  beta_A0      3.71203e+00   2.15457e+00  -7.63840e-03  -9.37863e-02
  23  alpha_phi   -3.95264e-02   1.25073e-02   1.20706e-04   9.27061e-02
  24  beta_phi     1.58414e-01   9.23420e-02  -3.15103e-04   6.11779e-01
 EXTERNAL ERROR MATRIX.    NDIM=  25    NPAR= 11    ERR DEF=1
  9.904e+04 
  8.366e-03  1.537e-08 
 -1.994e-02 -1.243e-09  1.442e-07 
  4.225e-03  4.298e-09 -2.467e-10  2.036e-08 
  2.494e-03  5.786e-11 -2.888e-09  5.611e-10  1.975e-08 
 -5.242e-04 -3.679e-10  6.177e-10  1.383e-10  2.960e-10  1.849e-08 
  1.089e+02 -7.099e-05 -7.735e-05 -1.198e-05 -3.020e-05  2.394e-06  1.778e+00 
  8.385e+00 -6.755e-06 -6.742e-06 -1.249e-06 -3.015e-06  2.595e-07  1.494e-01  1.368e-02 
 -1.534e+02  1.242e-04  1.235e-04  2.219e-05  5.636e-05 -4.780e-06 -2.751e+00 -2.519e-01  4.642e+00 
  9.989e-01 -7.062e-07 -7.594e-07 -1.121e-07 -2.846e-07  2.326e-08  1.571e-02  1.419e-03 -2.606e-02  1.564e-04 
 -6.526e+00  5.347e-06  5.262e-06  9.648e-07  2.452e-06 -2.097e-07 -1.178e-01 -1.079e-02  1.989e-01 -1.114e-03  8.527e-03 
ERR MATRIX APPROXIMATE
 PARAMETER  CORRELATION COEFFICIENTS  
       NO.  GLOBAL      1      3      4      6     10     13     20     21     22     23     24
        1  0.48380   1.000  0.214 -0.167  0.094  0.056 -0.012  0.260  0.228 -0.226  0.254 -0.225
        3  0.62506   0.214  1.000 -0.026  0.243  0.003 -0.022 -0.429 -0.466  0.465 -0.455  0.467
        4  0.23175  -0.167 -0.026  1.000 -0.005 -0.054  0.012 -0.153 -0.152  0.151 -0.160  0.150
        6  0.32229   0.094  0.243 -0.005  1.000  0.028  0.007 -0.063 -0.075  0.072 -0.063  0.073
       10  0.32489   0.056  0.003 -0.054  0.028  1.000  0.015 -0.161 -0.183  0.186 -0.162  0.189
       13  0.04269  -0.012 -0.022  0.012  0.007  0.015  1.000  0.013  0.016 -0.016  0.014 -0.017
       20  0.96068   0.260 -0.429 -0.153 -0.063 -0.161  0.013  1.000  0.958 -0.958  0.942 -0.957
       21  0.99990   0.228 -0.466 -0.152 -0.075 -0.183  0.016  0.958  1.000 -1.000  0.970 -0.999
       22  0.99993  -0.226  0.465  0.151  0.072  0.186 -0.016 -0.958 -1.000  1.000 -0.967  1.000
       23  0.98399   0.254 -0.455 -0.160 -0.063 -0.162  0.014  0.942  0.970 -0.967  1.000 -0.965
       24  0.99982  -0.225  0.467  0.150  0.073  0.189 -0.017 -0.957 -0.999  1.000 -0.965  1.000
 ERR MATRIX APPROXIMATE
MINUIT - FIT ONLY 2-CBO
 **********
 **   25 **RES 
 **********
                   PARAMETER   16  beta_vw RESTORED TO VARIABLE.
                   PARAMETER   14  alpha_vw RESTORED TO VARIABLE.
                   PARAMETER   11  alpha_y RESTORED TO VARIABLE.
                   PARAMETER    9  alpha_2CBO RESTORED TO VARIABLE.
                   PARAMETER    8  beta_CBO RESTORED TO VARIABLE.
 **********
 **   26 **FIX            0
 **********
 PARAMETER    0  IS UNDEFINED. IGNORED.
 **********
 **   27 **FIX            1
 **********
 **********
 **   28 **FIX            2
 **********
 PARAMETER    2  IS CONSTANT.   IGNORED.
 **********
 **   29 **FIX            3
 **********
 **********
 **   30 **FIX            4
 **********
 **********
 **   31 **FIX            5
 **********
 PARAMETER    5  IS CONSTANT.   IGNORED.
 **********
 **   32 **FIX            6
 **********
 **********
 **   33 **FIX            7
 **********
 PARAMETER    7  IS CONSTANT.   IGNORED.
 **********
 **   34 **FIX           10
 **********
 **********
 **   35 **FIX           11
 **********
 **********
 **   36 **FIX           12
 **********
 PARAMETER   12  IS CONSTANT.   IGNORED.
 **********
 **   37 **FIX           13
 **********
 **********
 **   38 **FIX           14
 **********
 **********
 **   39 **FIX           15
 **********
 PARAMETER   15  IS CONSTANT.   IGNORED.
 **********
 **   40 **FIX           16
 **********
 **********
 **   41 **MIGRAD
 **********
 START MIGRAD MINIMIZATION.  STRATEGY  1.  CONVERGENCE WHEN EDM .LT. 1.00e-04
 FCN=1325.5 FROM MIGRAD    STATUS=INITIATE       18 CALLS        2476 TOTAL
                     EDM= unknown      STRATEGY= 1      NO ERROR MATRIX       
  EXT PARAMETER               CURRENT GUESS       STEP         FIRST   
  NO.   NAME      VALUE            ERROR          SIZE      DERIVATIVE 
   1  N0           3.09934e+06     fixed    
   2  tau          6.44027e+01   constant   
   3  A0           3.49226e-01     fixed    
   4  phi          4.11489e+00     fixed    
   5  R           -6.26367e+01   constant   
   6  alpha_CBO    5.99290e-04     fixed    
   7  w_CBO        2.32500e+00   constant   
   8  beta_CBO     0.00000e+00   1.00000e-03   1.00000e-03  -4.85903e+05
   9  alpha_2CBO   0.00000e+00   1.00000e-03   1.00000e-03  -5.19737e+04
  10  beta_2CBO   -3.46176e-04     fixed    
  11  alpha_y      0.00000e+00     fixed    
  12  w_y          1.38860e+01   constant   
  13  beta_y       7.43059e-05     fixed    
  14  alpha_vw     0.00000e+00     fixed    
  15  w_vw         1.43404e+01   constant   
  16  beta_vw      0.00000e+00     fixed    
  17  LM          -1.31878e-04   constant   
  18  zeta_y       0.00000e+00   constant   
  19  zeta_vw      0.00000e+00   constant   
  20  T_CBO        1.51333e+01   1.33327e+00   4.57769e-04  -4.15995e+00
  21  alpha_A0    -2.07035e-01   1.16944e-01   4.39344e-04   7.31992e-01
  22  beta_A0      3.71203e+00   2.15457e+00  -7.63840e-03  -9.37863e-02
  23  alpha_phi   -3.95264e-02   1.25073e-02   1.20706e-04   9.27061e-02
  24  beta_phi     1.58414e-01   9.23420e-02  -3.15103e-04   6.11779e-01
 CALL LIMIT EXCEEDED IN MIGRAD.
 MIGRAD TERMINATED WITHOUT CONVERGENCE.
 FCN=109.012 FROM MIGRAD    STATUS=CALL LIMIT   1160 CALLS        3618 TOTAL
                     EDM=0.0603037    STRATEGY= 1  ERROR MATRIX UNCERTAINTY  32.3 per cent
  EXT PARAMETER                APPROXIMATE        STEP         FIRST   
  NO.   NAME      VALUE            ERROR          SIZE      DERIVATIVE 
   1  N0           3.09934e+06     fixed    
   2  tau          6.44027e+01   constant   
   3  A0           3.49226e-01     fixed    
   4  phi          4.11489e+00     fixed    
   5  R           -6.26367e+01   constant   
   6  alpha_CBO    5.99290e-04     fixed    
   7  w_CBO        2.32500e+00   constant   
   8  beta_CBO     4.99487e-03   1.45370e-04  -2.46018e-05  -4.14456e+02
   9  alpha_2CBO   2.02030e-04   1.40445e-04   6.59476e-06   6.01341e+01
  10  beta_2CBO   -3.46176e-04     fixed    
  11  alpha_y      0.00000e+00     fixed    
  12  w_y          1.38860e+01   constant   
  13  beta_y       7.43059e-05     fixed    
  14  alpha_vw     0.00000e+00     fixed    
  15  w_vw         1.43404e+01   constant   
  16  beta_vw      0.00000e+00     fixed    
  17  LM          -1.31878e-04   constant   
  18  zeta_y       0.00000e+00   constant   
  19  zeta_vw      0.00000e+00   constant   
  20  T_CBO        6.57060e+00   3.86745e-01  -1.11016e-03  -3.71785e+02
  21  alpha_A0    -1.13639e+04   9.24759e+03  -1.99219e+03   4.50846e-05
  22  beta_A0      5.96738e+03   4.85523e+03   1.04596e+03  -6.63563e-05
  23  alpha_phi    7.43713e+03   6.04696e+03   1.30269e+03  -4.77346e-05
  24  beta_phi     4.01480e+04   3.26581e+04   7.03548e+03  -2.97564e-05
 EXTERNAL ERROR MATRIX.    NDIM=  25    NPAR=  7    ERR DEF=1
  2.113e-08 -1.781e-09  5.085e-06  1.396e-01 -7.329e-02 -9.126e-02 -4.929e-01 
 -1.781e-09  1.972e-08 -1.015e-06 -2.993e-02  1.572e-02  1.958e-02  1.057e-01 
  5.085e-06 -1.015e-06  1.496e-01  3.529e+03 -1.853e+03 -2.307e+03 -1.246e+04 
  1.396e-01 -2.993e-02  3.529e+03  8.552e+07 -4.490e+07 -5.592e+07 -3.020e+08 
 -7.329e-02  1.572e-02 -1.853e+03 -4.490e+07  2.357e+07  2.936e+07  1.586e+08 
 -9.126e-02  1.958e-02 -2.307e+03 -5.592e+07  2.936e+07  3.657e+07  1.975e+08 
 -4.929e-01  1.057e-01 -1.246e+04 -3.020e+08  1.586e+08  1.975e+08  1.067e+09 
ERR MATRIX APPROXIMATE
 PARAMETER  CORRELATION COEFFICIENTS  
       NO.  GLOBAL      8      9     20     21     22     23     24
        8  0.21376   1.000 -0.087  0.090  0.104 -0.104 -0.104 -0.104
        9  0.11685  -0.087  1.000 -0.019 -0.023  0.023  0.023  0.023
       20  0.98684   0.090 -0.019  1.000  0.987 -0.987 -0.987 -0.987
       21  1.00000   0.104 -0.023  0.987  1.000 -1.000 -1.000 -1.000
       22  1.00000  -0.104  0.023 -0.987 -1.000  1.000  1.000  1.000
       23  1.00000  -0.104  0.023 -0.987 -1.000  1.000  1.000  1.000
       24  1.00000  -0.104  0.023 -0.987 -1.000  1.000  1.000  1.000
 ERR MATRIX APPROXIMATE
MINUIT - FIT wiggle + 1-CBO + 2-CBO
 **********
 **   42 **RES 
 **********
                   PARAMETER   16  beta_vw RESTORED TO VARIABLE.
                   PARAMETER   14  alpha_vw RESTORED TO VARIABLE.
                   PARAMETER   13  beta_y RESTORED TO VARIABLE.
                   PARAMETER   11  alpha_y RESTORED TO VARIABLE.
                   PARAMETER   10  beta_2CBO RESTORED TO VARIABLE.
                   PARAMETER    6  alpha_CBO RESTORED TO VARIABLE.
                   PARAMETER    4  phi RESTORED TO VARIABLE.
                   PARAMETER    3  A0 RESTORED TO VARIABLE.
                   PARAMETER    1  N0 RESTORED TO VARIABLE.
 **********
 **   43 **FIX           10
 **********
 **********
 **   44 **FIX           11
 **********
 **********
 **   45 **FIX           12
 **********
 PARAMETER   12  IS CONSTANT.   IGNORED.
 **********
 **   46 **FIX           13
 **********
 **********
 **   47 **FIX           14
 **********
 **********
 **   48 **FIX           15
 **********
 PARAMETER   15  IS CONSTANT.   IGNORED.
 **********
 **   49 **FIX           16
 **********
 **********
 **   50 **MIGRAD
 **********
 START MIGRAD MINIMIZATION.  STRATEGY  1.  CONVERGENCE WHEN EDM .LT. 1.00e-04
 FCN=109.012 FROM MIGRAD    STATUS=INITIATE       22 CALLS        3640 TOTAL
                     EDM= unknown      STRATEGY= 1      NO ERROR MATRIX       
  EXT PARAMETER               CURRENT GUESS       STEP         FIRST   
  NO.   NAME      VALUE            ERROR          SIZE      DERIVATIVE 
   1  N0           3.09934e+06   3.14704e+02   3.14704e+02  -1.34381e-02
   2  tau          6.44027e+01   constant   
   3  A0           3.49226e-01   1.23967e-04   1.23967e-04  -1.18144e+04
   4  phi          4.11489e+00   3.79788e-04   3.79788e-04  -2.79537e+04
   5  R           -6.26367e+01   constant   
   6  alpha_CBO    5.99290e-04   1.42677e-04   1.42677e-04  -6.21368e+03
   7  w_CBO        2.32500e+00   constant   
   8  beta_CBO     4.99487e-03   1.45370e-04  -2.46018e-05  -4.14456e+02
   9  alpha_2CBO   2.02030e-04   1.40445e-04   6.59476e-06   6.01341e+01
  10  beta_2CBO   -3.46176e-04     fixed    
  11  alpha_y      0.00000e+00     fixed    
  12  w_y          1.38860e+01   constant   
  13  beta_y       7.43059e-05     fixed    
  14  alpha_vw     0.00000e+00     fixed    
  15  w_vw         1.43404e+01   constant   
  16  beta_vw      0.00000e+00     fixed    
  17  LM          -1.31878e-04   constant   
  18  zeta_y       0.00000e+00   constant   
  19  zeta_vw      0.00000e+00   constant   
  20  T_CBO        6.57060e+00   3.86745e-01  -1.11016e-03  -3.71785e+02
  21  alpha_A0    -1.13639e+04   9.24759e+03  -1.99219e+03   4.50846e-05
  22  beta_A0      5.96738e+03   4.85523e+03   1.04596e+03  -6.63563e-05
  23  alpha_phi    7.43713e+03   6.04696e+03   1.30269e+03  -4.77346e-05
  24  beta_phi     4.01480e+04   3.26581e+04   7.03548e+03  -2.97564e-05
 CALL LIMIT EXCEEDED IN MIGRAD.
 MIGRAD TERMINATED WITHOUT CONVERGENCE.
 FCN=75.2315 FROM MIGRAD    STATUS=CALL LIMIT   1918 CALLS        5536 TOTAL
                     EDM=0.0104632    STRATEGY= 1  ERROR MATRIX UNCERTAINTY  42.3 per cent
  EXT PARAMETER                APPROXIMATE        STEP         FIRST   
  NO.   NAME      VALUE            ERROR          SIZE      DERIVATIVE 
   1  N0           3.09973e+06   2.82269e+02  -5.57595e-01   5.26389e-05
   2  tau          6.44027e+01   constant   
   3  A0           3.49395e-01   1.23323e-04   3.04467e-07   9.72176e+01
   4  phi          4.11709e+00   3.86446e-04   1.21233e-06  -7.39461e+01
   5  R           -6.26367e+01   constant   
   6  alpha_CBO    6.85385e-04   1.31538e-04   3.96021e-08   9.45988e+01
   7  w_CBO        2.32500e+00   constant   
   8  beta_CBO     5.13900e-03   1.43916e-04   3.25672e-08   1.62144e+02
   9  alpha_2CBO   1.56012e-04   1.26535e-04   2.51575e-07   5.04036e+01
  10  beta_2CBO   -3.46176e-04     fixed    
  11  alpha_y      0.00000e+00     fixed    
  12  w_y          1.38860e+01   constant   
  13  beta_y       7.43059e-05     fixed    
  14  alpha_vw     0.00000e+00     fixed    
  15  w_vw         1.43404e+01   constant   
  16  beta_vw      0.00000e+00     fixed    
  17  LM          -1.31878e-04   constant   
  18  zeta_y       0.00000e+00   constant   
  19  zeta_vw      0.00000e+00   constant   
  20  T_CBO        9.30775e+00   1.18506e+00   3.60720e-04  -9.17351e+01
  21  alpha_A0    -4.32365e+01   1.05535e+02   2.14135e+00   1.45140e-04
  22  beta_A0      4.87035e+01   1.09083e+02  -3.18546e+00  -4.60485e-04
  23  alpha_phi    5.26192e+01   1.17954e+02  -2.69252e+00  -1.23954e-03
  24  beta_phi     2.86416e+02   4.54025e+02  -1.36386e+01  -1.87892e-03
 EXTERNAL ERROR MATRIX.    NDIM=  25    NPAR= 11    ERR DEF=1
  7.968e+04 
  4.476e-03  1.521e-08 
 -1.388e-02  2.713e-09  1.493e-07 
  1.325e-03  3.321e-09  2.963e-09  1.730e-08 
  4.442e-03 -1.189e-10  7.624e-09  8.886e-11  2.071e-08 
 -2.589e-03 -3.221e-10 -2.673e-09 -1.060e-10 -1.976e-09  1.601e-08 
 -1.298e+01  1.237e-05  3.642e-05  3.436e-06  7.763e-07  3.384e-06  1.404e+00 
 -5.881e+02 -1.633e-04  5.983e-03 -2.162e-03  2.107e-04  5.150e-04  7.147e+01  1.114e+04 
  4.224e+03 -1.818e-03 -3.851e-03 -5.191e-04 -1.222e-03 -1.938e-03 -9.013e+01 -4.949e+03  1.190e+04 
  4.458e+03 -2.267e-03 -4.907e-03  2.169e-04  2.240e-04  1.285e-03 -1.171e+02 -5.653e+03  6.218e+03  1.391e+04 
  5.012e+03 -2.795e-03 -1.691e-02 -7.791e-04  1.298e-03 -1.314e-03 -5.324e+02 -2.736e+04  3.225e+04  4.313e+04  2.061e+05 
ERR MATRIX APPROXIMATE
 PARAMETER  CORRELATION COEFFICIENTS  
       NO.  GLOBAL      1      3      4      6      8      9     20     21     22     23     24
        1  0.41079   1.000  0.129 -0.127  0.036  0.109 -0.072 -0.039 -0.020  0.137  0.134  0.039
        3  0.39046   0.129  1.000  0.057  0.205 -0.007 -0.021  0.085 -0.013 -0.135 -0.156 -0.050
        4  0.35593  -0.127  0.057  1.000  0.058  0.137 -0.055  0.080  0.147 -0.091 -0.108 -0.096
        6  0.31547   0.036  0.205  0.058  1.000  0.005 -0.006  0.022 -0.156 -0.036  0.014 -0.013
        8  0.30841   0.109 -0.007  0.137  0.005  1.000 -0.109  0.005  0.014 -0.078  0.013  0.020
        9  0.27900  -0.072 -0.021 -0.055 -0.006 -0.109  1.000  0.023  0.039 -0.140  0.086 -0.023
       20  0.99548  -0.039  0.085  0.080  0.022  0.005  0.023  1.000  0.571 -0.697 -0.838 -0.989
       21  0.61147  -0.020 -0.013  0.147 -0.156  0.014  0.039  0.571  1.000 -0.430 -0.454 -0.571
       22  0.82324   0.137 -0.135 -0.091 -0.036 -0.078 -0.140 -0.697 -0.430  1.000  0.483  0.651
       23  0.90092   0.134 -0.156 -0.108  0.014  0.013  0.086 -0.838 -0.454  0.483  1.000  0.805
       24  0.99357   0.039 -0.050 -0.096 -0.013  0.020 -0.023 -0.989 -0.571  0.651  0.805  1.000
 ERR MATRIX APPROXIMATE
MINUIT - FIT ONLY 1-y
 **********
 **   51 **RES 
 **********
                   PARAMETER   16  beta_vw RESTORED TO VARIABLE.
                   PARAMETER   14  alpha_vw RESTORED TO VARIABLE.
                   PARAMETER   13  beta_y RESTORED TO VARIABLE.
                   PARAMETER   11  alpha_y RESTORED TO VARIABLE.
                   PARAMETER   10  beta_2CBO RESTORED TO VARIABLE.
 **********
 **   52 **FIX            0
 **********
 PARAMETER    0  IS UNDEFINED. IGNORED.
 **********
 **   53 **FIX            1
 **********
 **********
 **   54 **FIX            2
 **********
 PARAMETER    2  IS CONSTANT.   IGNORED.
 **********
 **   55 **FIX            3
 **********
 **********
 **   56 **FIX            4
 **********
 **********
 **   57 **FIX            5
 **********
 PARAMETER    5  IS CONSTANT.   IGNORED.
 **********
 **   58 **FIX            6
 **********
 **********
 **   59 **FIX            7
 **********
 PARAMETER    7  IS CONSTANT.   IGNORED.
 **********
 **   60 **FIX            8
 **********
 **********
 **   61 **FIX            9
 **********
 **********
 **   62 **FIX           13
 **********
 **********
 **   63 **FIX           14
 **********
 **********
 **   64 **FIX           15
 **********
 PARAMETER   15  IS CONSTANT.   IGNORED.
 **********
 **   65 **FIX           16
 **********
 **********
 **   66 **MIGRAD
 **********
 START MIGRAD MINIMIZATION.  STRATEGY  1.  CONVERGENCE WHEN EDM .LT. 1.00e-04
 FCN=75.2315 FROM MIGRAD    STATUS=INITIATE       16 CALLS        5552 TOTAL
                     EDM= unknown      STRATEGY= 1      NO ERROR MATRIX       
  EXT PARAMETER               CURRENT GUESS       STEP         FIRST   
  NO.   NAME      VALUE            ERROR          SIZE      DERIVATIVE 
   1  N0           3.09973e+06     fixed    
   2  tau          6.44027e+01   constant   
   3  A0           3.49395e-01     fixed    
   4  phi          4.11709e+00     fixed    
   5  R           -6.26367e+01   constant   
   6  alpha_CBO    6.85385e-04     fixed    
   7  w_CBO        2.32500e+00   constant   
   8  beta_CBO     5.13900e-03     fixed    
   9  alpha_2CBO   1.56012e-04     fixed    
  10  beta_2CBO   -3.46176e-04   1.40546e-04   1.40546e-04  -1.81162e+04
  11  alpha_y      0.00000e+00   1.00000e-03   1.00000e-03  -7.15741e+03
  12  w_y          1.38860e+01   constant   
  13  beta_y       7.43059e-05     fixed    
  14  alpha_vw     0.00000e+00     fixed    
  15  w_vw         1.43404e+01   constant   
  16  beta_vw      0.00000e+00     fixed    
  17  LM          -1.31878e-04   constant   
  18  zeta_y       0.00000e+00   constant   
  19  zeta_vw      0.00000e+00   constant   
  20  T_CBO        9.30775e+00   1.18506e+00   3.60720e-04  -9.17351e+01
  21  alpha_A0    -4.32365e+01   1.05535e+02   2.14135e+00   1.45140e-04
  22  beta_A0      4.87035e+01   1.09083e+02  -3.18546e+00  -4.60485e-04
  23  alpha_phi    5.26192e+01   1.17954e+02  -2.69252e+00  -1.23954e-03
  24  beta_phi     2.86416e+02   4.54025e+02  -1.36386e+01  -1.87892e-03
 CALL LIMIT EXCEEDED IN MIGRAD.
 MIGRAD TERMINATED WITHOUT CONVERGENCE.
 FCN=73.0455 FROM MIGRAD    STATUS=CALL LIMIT   1154 CALLS        6690 TOTAL
                     EDM=0.00350751    STRATEGY= 1  ERROR MATRIX UNCERTAINTY  19.8 per cent
  EXT PARAMETER                APPROXIMATE        STEP         FIRST   
  NO.   NAME      VALUE            ERROR          SIZE      DERIVATIVE 
   1  N0           3.09973e+06     fixed    
   2  tau          6.44027e+01   constant   
   3  A0           3.49395e-01     fixed    
   4  phi          4.11709e+00     fixed    
   5  R           -6.26367e+01   constant   
   6  alpha_CBO    6.85385e-04     fixed    
   7  w_CBO        2.32500e+00   constant   
   8  beta_CBO     5.13900e-03     fixed    
   9  alpha_2CBO   1.56012e-04     fixed    
  10  beta_2CBO   -1.70154e-04   1.37643e-04  -1.57269e-07   3.39733e+01
  11  alpha_y      6.42278e-05   1.39178e-04   7.42933e-09   6.62824e+01
  12  w_y          1.38860e+01   constant   
  13  beta_y       7.43059e-05     fixed    
  14  alpha_vw     0.00000e+00     fixed    
  15  w_vw         1.43404e+01   constant   
  16  beta_vw      0.00000e+00     fixed    
  17  LM          -1.31878e-04   constant   
  18  zeta_y       0.00000e+00   constant   
  19  zeta_vw      0.00000e+00   constant   
  20  T_CBO        1.39658e+01   3.69461e+00   3.97656e-04  -8.35505e+00
  21  alpha_A0    -7.37665e-01   1.64504e+00  -1.10843e-02  -3.37454e-02
  22  beta_A0      9.79725e-01   2.42826e+00   1.80317e-03   1.46165e-02
  23  alpha_phi    1.06557e+00   3.26136e+00  -3.84054e-02  -1.13201e-02
  24  beta_phi     6.44358e+00   1.40163e+01  -1.34190e-01  -1.82994e-02
 EXTERNAL ERROR MATRIX.    NDIM=  25    NPAR=  7    ERR DEF=1
  1.895e-08 -3.770e-10 -1.573e-05  1.628e-05  1.419e-05  6.610e-06  8.801e-05 
 -3.770e-10  1.937e-08  2.410e-05  1.324e-05 -1.014e-05 -2.014e-05 -8.482e-05 
 -1.573e-05  2.410e-05  1.365e+01  3.509e+00 -7.104e+00 -1.043e+01 -5.154e+01 
  1.628e-05  1.324e-05  3.509e+00  2.706e+00 -1.022e+00 -2.729e+00 -1.348e+01 
  1.419e-05 -1.014e-05 -7.104e+00 -1.022e+00  5.896e+00  6.071e+00  2.697e+01 
  6.610e-06 -2.014e-05 -1.043e+01 -2.729e+00  6.071e+00  1.064e+01  3.928e+01 
  8.801e-05 -8.482e-05 -5.154e+01 -1.348e+01  2.697e+01  3.928e+01  1.965e+02 
ERR MATRIX APPROXIMATE
 PARAMETER  CORRELATION COEFFICIENTS  
       NO.  GLOBAL     10     11     20     21     22     23     24
       10  0.20823   1.000 -0.020 -0.031  0.072  0.042  0.015  0.046
       11  0.07740  -0.020  1.000  0.047  0.058 -0.030 -0.044 -0.043
       20  0.99555  -0.031  0.047  1.000  0.577 -0.792 -0.866 -0.995
       21  0.69473   0.072  0.058  0.577  1.000 -0.256 -0.509 -0.585
       22  0.85040   0.042 -0.030 -0.792 -0.256  1.000  0.767  0.792
       23  0.87988   0.015 -0.044 -0.866 -0.509  0.767  1.000  0.859
       24  0.99556   0.046 -0.043 -0.995 -0.585  0.792  0.859  1.000
 ERR MATRIX APPROXIMATE
MINUIT - FIT ONLY 2-y
 **********
 **   67 **RES 
 **********
                   PARAMETER   16  beta_vw RESTORED TO VARIABLE.
                   PARAMETER   14  alpha_vw RESTORED TO VARIABLE.
                   PARAMETER   13  beta_y RESTORED TO VARIABLE.
                   PARAMETER    9  alpha_2CBO RESTORED TO VARIABLE.
                   PARAMETER    8  beta_CBO RESTORED TO VARIABLE.
                   PARAMETER    6  alpha_CBO RESTORED TO VARIABLE.
                   PARAMETER    4  phi RESTORED TO VARIABLE.
                   PARAMETER    3  A0 RESTORED TO VARIABLE.
                   PARAMETER    1  N0 RESTORED TO VARIABLE.
 **********
 **   68 **FIX            0
 **********
 PARAMETER    0  IS UNDEFINED. IGNORED.
 **********
 **   69 **FIX            1
 **********
 **********
 **   70 **FIX            2
 **********
 PARAMETER    2  IS CONSTANT.   IGNORED.
 **********
 **   71 **FIX            3
 **********
 **********
 **   72 **FIX            4
 **********
 **********
 **   73 **FIX            5
 **********
 PARAMETER    5  IS CONSTANT.   IGNORED.
 **********
 **   74 **FIX            6
 **********
 **********
 **   75 **FIX            7
 **********
 PARAMETER    7  IS CONSTANT.   IGNORED.
 **********
 **   76 **FIX            8
 **********
 **********
 **   77 **FIX            9
 **********
 **********
 **   78 **FIX           10
 **********
 **********
 **   79 **FIX           11
 **********
 **********
 **   80 **FIX           12
 **********
 PARAMETER   12  IS CONSTANT.   IGNORED.
 **********
 **   81 **FIX           16
 **********
 **********
 **   82 **MIGRAD
 **********
 START MIGRAD MINIMIZATION.  STRATEGY  1.  CONVERGENCE WHEN EDM .LT. 1.00e-04
 FCN=73.0455 FROM MIGRAD    STATUS=INITIATE       16 CALLS        6706 TOTAL
                     EDM= unknown      STRATEGY= 1      NO ERROR MATRIX       
  EXT PARAMETER               CURRENT GUESS       STEP         FIRST   
  NO.   NAME      VALUE            ERROR          SIZE      DERIVATIVE 
   1  N0           3.09973e+06     fixed    
   2  tau          6.44027e+01   constant   
   3  A0           3.49395e-01     fixed    
   4  phi          4.11709e+00     fixed    
   5  R           -6.26367e+01   constant   
   6  alpha_CBO    6.85385e-04     fixed    
   7  w_CBO        2.32500e+00   constant   
   8  beta_CBO     5.13900e-03     fixed    
   9  alpha_2CBO   1.56012e-04     fixed    
  10  beta_2CBO   -1.70154e-04     fixed    
  11  alpha_y      6.42278e-05     fixed    
  12  w_y          1.38860e+01   constant   
  13  beta_y       7.43059e-05   1.35975e-04   1.35975e-04   1.49952e+03
  14  alpha_vw     0.00000e+00   1.00000e-03   1.00000e-03  -2.87287e+04
  15  w_vw         1.43404e+01   constant   
  16  beta_vw      0.00000e+00     fixed    
  17  LM          -1.31878e-04   constant   
  18  zeta_y       0.00000e+00   constant   
  19  zeta_vw      0.00000e+00   constant   
  20  T_CBO        1.39658e+01   3.69461e+00   3.97656e-04  -8.35506e+00
  21  alpha_A0    -7.37665e-01   1.64504e+00  -1.10843e-02  -3.37454e-02
  22  beta_A0      9.79725e-01   2.42826e+00   1.80317e-03   1.46165e-02
  23  alpha_phi    1.06557e+00   3.26136e+00  -3.84054e-02  -1.13201e-02
  24  beta_phi     6.44358e+00   1.40163e+01  -1.34190e-01  -1.82994e-02
 CALL LIMIT EXCEEDED IN MIGRAD.
 MIGRAD TERMINATED WITHOUT CONVERGENCE.
 FCN=68.6668 FROM MIGRAD    STATUS=CALL LIMIT   1157 CALLS        7847 TOTAL
                     EDM=0.000414708    STRATEGY= 1  ERROR MATRIX UNCERTAINTY  32.8 per cent
  EXT PARAMETER                APPROXIMATE        STEP         FIRST   
  NO.   NAME      VALUE            ERROR          SIZE      DERIVATIVE 
   1  N0           3.09973e+06     fixed    
   2  tau          6.44027e+01   constant   
   3  A0           3.49395e-01     fixed    
   4  phi          4.11709e+00     fixed    
   5  R           -6.26367e+01   constant   
   6  alpha_CBO    6.85385e-04     fixed    
   7  w_CBO        2.32500e+00   constant   
   8  beta_CBO     5.13900e-03     fixed    
   9  alpha_2CBO   1.56012e-04     fixed    
  10  beta_2CBO   -1.70154e-04     fixed    
  11  alpha_y      6.42278e-05     fixed    
  12  w_y          1.38860e+01   constant   
  13  beta_y      -9.68569e-06   1.40566e-04  -4.36190e-09   7.38491e+00
  14  alpha_vw     2.96473e-04   1.42901e-04   3.25139e-07   3.92581e+01
  15  w_vw         1.43404e+01   constant   
  16  beta_vw      0.00000e+00     fixed    
  17  LM          -1.31878e-04   constant   
  18  zeta_y       0.00000e+00   constant   
  19  zeta_vw      0.00000e+00   constant   
  20  T_CBO        2.17202e+01   1.55427e+01   8.95468e-04  -3.65847e+00
  21  alpha_A0    -4.10200e-02   1.82627e-01   1.22675e-03   5.04208e-02
  22  beta_A0      5.28523e-02   2.43109e-01  -1.26111e-03   1.45751e-02
  23  alpha_phi    6.82618e-02   2.76798e-01  -2.36404e-03  -5.98018e-02
  24  beta_phi     4.09337e-01   1.52515e+00  -1.28031e-02  -2.41940e-01
 EXTERNAL ERROR MATRIX.    NDIM=  25    NPAR=  7    ERR DEF=1
  1.976e-08 -4.721e-09 -2.968e-05 -2.888e-07  5.049e-07  4.553e-07  2.752e-06 
 -4.721e-09  2.042e-08  1.673e-04  1.193e-06 -1.315e-06 -3.251e-06 -1.293e-05 
 -2.968e-05  1.673e-04  2.425e+02  2.482e+00 -3.408e+00 -4.072e+00 -2.372e+01 
 -2.888e-07  1.193e-06  2.482e+00  3.335e-02 -3.368e-02 -3.988e-02 -2.424e-01 
  5.049e-07 -1.315e-06 -3.408e+00 -3.368e-02  5.910e-02  5.917e-02  3.354e-01 
  4.553e-07 -3.251e-06 -4.072e+00 -3.988e-02  5.917e-02  7.662e-02  3.965e-01 
  2.752e-06 -1.293e-05 -2.372e+01 -2.424e-01  3.354e-01  3.965e-01  2.326e+00 
ERR MATRIX APPROXIMATE
 PARAMETER  CORRELATION COEFFICIENTS  
       NO.  GLOBAL     13     14     20     21     22     23     24
       13  0.24399   1.000 -0.235 -0.014 -0.011  0.015  0.012  0.013
       14  0.40612  -0.235  1.000  0.075  0.046 -0.038 -0.082 -0.059
       20  0.99914  -0.014  0.075  1.000  0.873 -0.900 -0.945 -0.999
       21  0.88231  -0.011  0.046  0.873  1.000 -0.758 -0.789 -0.870
       22  0.91488   0.015 -0.038 -0.900 -0.758  1.000  0.879  0.905
       23  0.95539   0.012 -0.082 -0.945 -0.789  0.879  1.000  0.939
       24  0.99906   0.013 -0.059 -0.999 -0.870  0.905  0.939  1.000
 ERR MATRIX APPROXIMATE
