 + ++++++++++++++++++++++++++++++++++++++++++++++++++++++++++++++++++++ +
 +                                                                      +
 +           You have chose to blind your fitting according to          +
 +                omega_ref * (1 + (R +/- deltaR) *10^{-6})             +
 +                                                                      +
 + ++++++++++++++++++++++++++++++++++++++++++++++++++++++++++++++++++++ +
In main()...
reading format from /gm2data/zkhechad/run45/envelope/formats/formatB_sBin_constraintOn.txt
pBinTau 	= 0  
pBinPhi 	= 0  
constraintau 	= 1 
includeMopTerm 	= 0    
constrainMop    = 0   
Parameters after format file: pBinTau 0 pBinPhi 0 constraintau 1 includeMopTerm 0 constrainMop 0 c_e_scale 0.000000 
Opening file /gm2data/tbarrett/gm2fr/studies/run23_bunch_corrections/CorrectedFourier_Run3b.root.
reading full fit data from /gm2data/zkhechad/cboTemplates/Run4CBOTemplates/templateFits0_v2.0/noRF/sBin_constraintOn_cE0.0_seed0_noRF_calo14.root
windowBins = 17
fitting sliding window 72 from bin 208 at 30.884400 to bin 225 at 33.570000 (17 bins)

Reading data from /gm2data/cornell/histograms/aMethod/histogram_a_noRF.root
 **********
 **    1 **SET PRINTOUT            1
 **********
 **********
 **    2 **SET NOWARNINGS 
 **********
 PARAMETER DEFINITIONS:
    NO.   NAME         VALUE      STEP SIZE      LIMITS
     1 N0           3.41556e+06  1.00000e+02     no limits
     2 tau          6.43834e+01  constant
     3 A0           3.61902e-01  1.00000e-04     no limits
     4 phi          4.12125e+00  1.00000e-02     no limits
     5 R           -6.07281e+01  constant
     6 alpha_CBO    0.00000e+00  1.00000e-03     no limits
     7 w_CBO        2.32500e+00  constant
     8 beta_CBO     0.00000e+00  1.00000e-03     no limits
     9 alpha_2CBO   0.00000e+00  1.00000e-03     no limits
    10 beta_2CBO    0.00000e+00  1.00000e-03     no limits
    11 alpha_y      0.00000e+00  1.00000e-03     no limits
    12 w_y          1.44500e+01  constant
    13 beta_y       0.00000e+00  1.00000e-03     no limits
    14 alpha_vw     0.00000e+00  1.00000e-03     no limits
    15 w_vw         1.29000e+01  constant
    16 beta_vw      0.00000e+00  1.00000e-03     no limits
    17 LM          -7.06631e-04  constant
    18 zeta_y       0.00000e+00  constant
    19 zeta_vw      0.00000e+00  constant
    20 T_CBO        1.00000e+02  1.00000e+00    0.00000e+00  1.00000e+03
    21 alpha_A0     0.00000e+00  1.00000e-03     no limits
    22 beta_A0      0.00000e+00  1.00000e-03     no limits
    23 alpha_phi    0.00000e+00  1.00000e-03     no limits
    24 beta_phi     0.00000e+00  1.00000e-03     no limits
MINUIT - FIT ONLY WIGGLE
 **********
 **    3 **FIX            5
 **********
 PARAMETER    5  IS CONSTANT.   IGNORED.
 **********
 **    4 **FIX            6
 **********
 **********
 **    5 **FIX            7
 **********
 PARAMETER    7  IS CONSTANT.   IGNORED.
 **********
 **    6 **FIX            8
 **********
 **********
 **    7 **FIX            9
 **********
 **********
 **    8 **FIX           10
 **********
 **********
 **    9 **FIX           11
 **********
 **********
 **   10 **FIX           12
 **********
 PARAMETER   12  IS CONSTANT.   IGNORED.
 **********
 **   11 **FIX           13
 **********
 **********
 **   12 **FIX           14
 **********
 **********
 **   13 **FIX           15
 **********
 PARAMETER   15  IS CONSTANT.   IGNORED.
 **********
 **   14 **FIX           16
 **********
 **********
 **   15 **MIGRAD
 **********
 FIRST CALL TO USER FUNCTION AT NEW START POINT, WITH IFLAG=4.
 START MIGRAD MINIMIZATION.  STRATEGY  1.  CONVERGENCE WHEN EDM .LT. 1.00e-04
 FCN=2596.88 FROM MIGRAD    STATUS=INITIATE      431 CALLS         432 TOTAL
                     EDM= unknown      STRATEGY= 1      NO ERROR MATRIX       
  EXT PARAMETER               CURRENT GUESS       STEP         FIRST   
  NO.   NAME      VALUE            ERROR          SIZE      DERIVATIVE 
   1  N0           3.41556e+06   1.00000e+02   0.00000e+00  -4.74309e-02
   2  tau          6.43834e+01   constant   
   3  A0           3.61902e-01   1.00000e-04   0.00000e+00  -1.10434e+04
   4  phi          4.12125e+00   1.00000e-02   0.00000e+00   1.63591e+05
   5  R           -6.07281e+01   constant   
   6  alpha_CBO    0.00000e+00     fixed    
   7  w_CBO        2.32500e+00   constant   
   8  beta_CBO     0.00000e+00     fixed    
   9  alpha_2CBO   0.00000e+00     fixed    
  10  beta_2CBO    0.00000e+00     fixed    
  11  alpha_y      0.00000e+00     fixed    
  12  w_y          1.44500e+01   constant   
  13  beta_y       0.00000e+00     fixed    
  14  alpha_vw     0.00000e+00     fixed    
  15  w_vw         1.29000e+01   constant   
  16  beta_vw      0.00000e+00     fixed    
  17  LM          -7.06631e-04   constant   
  18  zeta_y       0.00000e+00   constant   
  19  zeta_vw      0.00000e+00   constant   
  20  T_CBO        1.00000e+02   1.00000e+00   0.00000e+00   0.00000e+00
  21  alpha_A0     0.00000e+00   1.00000e-03   0.00000e+00   6.85647e+04
  22  beta_A0      0.00000e+00   1.00000e-03   0.00000e+00  -4.02388e+04
  23  alpha_phi    0.00000e+00   1.00000e-03   0.00000e+00   3.51230e+04
  24  beta_phi     0.00000e+00   1.00000e-03   0.00000e+00  -8.82759e+03
 CALL LIMIT EXCEEDED IN MIGRAD.
 MIGRAD TERMINATED WITHOUT CONVERGENCE.
 FCN=389.939 FROM MIGRAD    STATUS=CALL LIMIT   1330 CALLS        1331 TOTAL
                     EDM=0.048949    STRATEGY= 1  ERROR MATRIX UNCERTAINTY   9.1 per cent
  EXT PARAMETER                APPROXIMATE        STEP         FIRST   
  NO.   NAME      VALUE            ERROR          SIZE      DERIVATIVE 
   1  N0           3.40725e+06   3.68578e+03  -2.21843e+02   2.73725e-04
   2  tau          6.43834e+01   constant   
   3  A0           3.72177e-01   1.72181e-03  -1.93080e-04  -1.01065e+02
   4  phi          4.06719e+00   4.22916e-03   3.51166e-04  -2.79005e+02
   5  R           -6.07281e+01   constant   
   6  alpha_CBO    0.00000e+00     fixed    
   7  w_CBO        2.32500e+00   constant   
   8  beta_CBO     0.00000e+00     fixed    
   9  alpha_2CBO   0.00000e+00     fixed    
  10  beta_2CBO    0.00000e+00     fixed    
  11  alpha_y      0.00000e+00     fixed    
  12  w_y          1.44500e+01   constant   
  13  beta_y       0.00000e+00     fixed    
  14  alpha_vw     0.00000e+00     fixed    
  15  w_vw         1.29000e+01   constant   
  16  beta_vw      0.00000e+00     fixed    
  17  LM          -7.06631e-04   constant   
  18  zeta_y       0.00000e+00   constant   
  19  zeta_vw      0.00000e+00   constant   
  20  T_CBO        1.95224e+01   9.30010e-01   3.82844e-04  -1.01191e+02
  21  alpha_A0     2.01861e-01   5.79303e-02  -4.44873e-03  -4.94519e+00
  22  beta_A0      1.62779e-01   3.37095e-02  -3.68531e-03   4.91717e+00
  23  alpha_phi    1.87254e-01   3.19621e-02  -3.67189e-03   5.40777e+00
  24  beta_phi    -2.09089e-01   5.66249e-02   4.30342e-03   4.45588e+01
 EXTERNAL ERROR MATRIX.    NDIM=  25    NPAR=  8    ERR DEF=1
  1.358e+07  2.373e+00 -1.265e+01 -3.377e+03  1.988e+02  8.041e+01  7.683e+01 -1.983e+02 
  2.373e+00  2.965e-06 -5.435e-06 -5.923e-04  6.466e-05  5.467e-05  5.160e-05 -5.889e-05 
 -1.265e+01 -5.435e-06  1.789e-05  3.303e-03 -2.361e-04 -1.252e-04 -1.238e-04  2.271e-04 
 -3.377e+03 -5.923e-04  3.303e-03  8.649e-01 -5.060e-02 -2.013e-02 -1.965e-02  5.051e-02 
  1.988e+02  6.466e-05 -2.361e-04 -5.060e-02  3.356e-03  1.651e-03  1.601e-03 -3.267e-03 
  8.041e+01  5.467e-05 -1.252e-04 -2.013e-02  1.651e-03  1.136e-03  1.063e-03 -1.561e-03 
  7.683e+01  5.160e-05 -1.238e-04 -1.965e-02  1.601e-03  1.063e-03  1.022e-03 -1.513e-03 
 -1.983e+02 -5.889e-05  2.271e-04  5.051e-02 -3.267e-03 -1.561e-03 -1.513e-03  3.206e-03 
ERR MATRIX APPROXIMATE
 PARAMETER  CORRELATION COEFFICIENTS  
       NO.  GLOBAL      1      3      4     20     21     22     23     24
        1  0.99688   1.000  0.374 -0.812 -0.985  0.931  0.647  0.652 -0.950
        3  0.99836   0.374  1.000 -0.746 -0.370  0.648  0.942  0.938 -0.604
        4  0.99695  -0.812 -0.746  1.000  0.840 -0.964 -0.878 -0.916  0.948
       20  0.99680  -0.985 -0.370  0.840  1.000 -0.939 -0.642 -0.661  0.959
       21  0.99880   0.931  0.648 -0.964 -0.939  1.000  0.845  0.865 -0.996
       22  0.99684   0.647  0.942 -0.878 -0.642  0.845  1.000  0.986 -0.818
       23  0.99808   0.652  0.938 -0.916 -0.661  0.865  0.986  1.000 -0.836
       24  0.99921  -0.950 -0.604  0.948  0.959 -0.996 -0.818 -0.836  1.000
 ERR MATRIX APPROXIMATE
MINUIT - FIT ONLY 1-CBO + wiggle
 **********
 **   16 **RES 
 **********
                   PARAMETER   16  beta_vw RESTORED TO VARIABLE.
                   PARAMETER   14  alpha_vw RESTORED TO VARIABLE.
                   PARAMETER   13  beta_y RESTORED TO VARIABLE.
                   PARAMETER   11  alpha_y RESTORED TO VARIABLE.
                   PARAMETER   10  beta_2CBO RESTORED TO VARIABLE.
                   PARAMETER    9  alpha_2CBO RESTORED TO VARIABLE.
                   PARAMETER    8  beta_CBO RESTORED TO VARIABLE.
                   PARAMETER    6  alpha_CBO RESTORED TO VARIABLE.
 **********
 **   17 **FIX            8
 **********
 **********
 **   18 **FIX            9
 **********
 **********
 **   19 **FIX           11
 **********
 **********
 **   20 **FIX           12
 **********
 PARAMETER   12  IS CONSTANT.   IGNORED.
 **********
 **   21 **FIX           14
 **********
 **********
 **   22 **FIX           15
 **********
 PARAMETER   15  IS CONSTANT.   IGNORED.
 **********
 **   23 **FIX           16
 **********
 **********
 **   24 **MIGRAD
 **********
 START MIGRAD MINIMIZATION.  STRATEGY  1.  CONVERGENCE WHEN EDM .LT. 1.00e-04
 FCN=389.939 FROM MIGRAD    STATUS=INITIATE       28 CALLS        1359 TOTAL
                     EDM= unknown      STRATEGY= 1      NO ERROR MATRIX       
  EXT PARAMETER               CURRENT GUESS       STEP         FIRST   
  NO.   NAME      VALUE            ERROR          SIZE      DERIVATIVE 
   1  N0           3.40725e+06   3.68578e+03  -2.21843e+02   2.73725e-04
   2  tau          6.43834e+01   constant   
   3  A0           3.72177e-01   1.72181e-03  -1.93080e-04  -1.01065e+02
   4  phi          4.06719e+00   4.22916e-03   3.51166e-04  -2.79005e+02
   5  R           -6.07281e+01   constant   
   6  alpha_CBO    0.00000e+00   1.00000e-03   1.00000e-03   1.76657e+02
   7  w_CBO        2.32500e+00   constant   
   8  beta_CBO     0.00000e+00     fixed    
   9  alpha_2CBO   0.00000e+00     fixed    
  10  beta_2CBO    0.00000e+00   1.00000e-03   1.00000e-03   3.09149e+03
  11  alpha_y      0.00000e+00     fixed    
  12  w_y          1.44500e+01   constant   
  13  beta_y       0.00000e+00   1.00000e-03   1.00000e-03   3.55150e+04
  14  alpha_vw     0.00000e+00     fixed    
  15  w_vw         1.29000e+01   constant   
  16  beta_vw      0.00000e+00     fixed    
  17  LM          -7.06631e-04   constant   
  18  zeta_y       0.00000e+00   constant   
  19  zeta_vw      0.00000e+00   constant   
  20  T_CBO        1.95224e+01   9.30010e-01   3.82844e-04  -1.01191e+02
  21  alpha_A0     2.01861e-01   5.79303e-02  -4.44873e-03  -4.94520e+00
  22  beta_A0      1.62779e-01   3.37095e-02  -3.68531e-03   4.91717e+00
  23  alpha_phi    1.87254e-01   3.19621e-02  -3.67189e-03   5.40777e+00
  24  beta_phi    -2.09089e-01   5.66249e-02   4.30342e-03   4.45588e+01
 CALL LIMIT EXCEEDED IN MIGRAD.
 MIGRAD TERMINATED WITHOUT CONVERGENCE.
 FCN=377.004 FROM MIGRAD    STATUS=CALL LIMIT   1914 CALLS        3245 TOTAL
                     EDM=0.00367049    STRATEGY= 1  ERROR MATRIX UNCERTAINTY   6.7 per cent
  EXT PARAMETER                APPROXIMATE        STEP         FIRST   
  NO.   NAME      VALUE            ERROR          SIZE      DERIVATIVE 
   1  N0           3.41763e+06   2.89549e+03   3.53495e+01  -5.73743e-05
   2  tau          6.43834e+01   constant   
   3  A0           3.57274e-01   1.52579e-03  -7.86561e-05  -1.18319e+02
   4  phi          4.13019e+00   9.04772e-03   3.48383e-04   1.13066e+02
   5  R           -6.07281e+01   constant   
   6  alpha_CBO    1.53800e-02   1.81167e-03   1.96027e-05  -1.73673e+02
   7  w_CBO        2.32500e+00   constant   
   8  beta_CBO     0.00000e+00     fixed    
   9  alpha_2CBO   0.00000e+00     fixed    
  10  beta_2CBO   -2.49609e-03   3.56390e-04   1.63356e-05  -4.26418e+02
  11  alpha_y      0.00000e+00     fixed    
  12  w_y          1.44500e+01   constant   
  13  beta_y      -5.19890e-04   1.55606e-04   1.51663e-06   3.24616e+02
  14  alpha_vw     0.00000e+00     fixed    
  15  w_vw         1.29000e+01   constant   
  16  beta_vw      0.00000e+00     fixed    
  17  LM          -7.06631e-04   constant   
  18  zeta_y       0.00000e+00   constant   
  19  zeta_vw      0.00000e+00   constant   
  20  T_CBO        1.07941e+01   2.09228e+00  -1.14315e-03  -3.53748e+01
  21  alpha_A0     3.58056e-01   9.80590e-02   5.09892e-03  -1.87149e+00
  22  beta_A0     -3.94498e-02   9.06639e-02  -5.12009e-03   1.30965e+00
  23  alpha_phi    1.09045e-01   4.85286e-02  -2.55063e-03   1.31463e+00
  24  beta_phi     1.23053e-01   1.59398e-01   8.53516e-03  -6.90230e+00
 EXTERNAL ERROR MATRIX.    NDIM=  25    NPAR= 11    ERR DEF=1
  8.384e+06 
 -2.791e+00  2.328e-06 
  2.263e+01 -1.286e-05  8.186e-05 
  5.034e+00 -1.734e-06  1.389e-05  3.282e-06 
  1.019e-01 -3.279e-07  1.410e-06 -2.028e-08  1.270e-07 
 -1.309e-01 -7.732e-09 -1.592e-07 -8.365e-08  1.648e-08  2.421e-08 
 -2.253e+03  3.002e-03 -1.471e-02 -1.286e-03 -5.649e-04 -5.627e-05  4.378e+00 
  1.641e+02 -1.483e-04  8.028e-04  9.961e-05  2.251e-05  1.339e-06 -1.985e-01  9.616e-03 
 -8.541e+01  1.285e-04 -6.134e-04 -5.095e-05 -2.332e-05 -2.612e-06  1.888e-01 -8.503e-03  8.220e-03 
 -8.150e+01  7.297e-05 -3.958e-04 -4.776e-05 -1.196e-05 -7.294e-07  9.813e-02 -4.731e-03  4.175e-03  2.355e-03 
  2.443e+02 -2.396e-04  1.268e-03  1.474e-04  3.823e-05  2.667e-06 -3.272e-01  1.559e-02 -1.405e-02 -7.685e-03  2.541e-02 
ERR MATRIX APPROXIMATE
 PARAMETER  CORRELATION COEFFICIENTS  
       NO.  GLOBAL      1      3      4      6     10     13     20     21     22     23     24
        1  0.99420   1.000 -0.632  0.864  0.960  0.099 -0.290 -0.372  0.578 -0.325 -0.580  0.529
        3  0.99814  -0.632  1.000 -0.932 -0.627 -0.603 -0.033  0.940 -0.991  0.929  0.985 -0.985
        4  0.99953   0.864 -0.932  1.000  0.848  0.437 -0.113 -0.777  0.905 -0.748 -0.901  0.879
        6  0.99859   0.960 -0.627  0.848  1.000 -0.031 -0.297 -0.339  0.561 -0.310 -0.543  0.510
       10  0.97084   0.099 -0.603  0.437 -0.031  1.000  0.297 -0.757  0.644 -0.722 -0.691  0.673
       13  0.70310  -0.290 -0.033 -0.113 -0.297  0.297  1.000 -0.173  0.088 -0.185 -0.097  0.108
       20  0.99972  -0.372  0.940 -0.777 -0.339 -0.757 -0.173  1.000 -0.967  0.995  0.966 -0.981
       21  0.99969   0.578 -0.991  0.905  0.561  0.644  0.088 -0.967  1.000 -0.956 -0.994  0.998
       22  0.99931  -0.325  0.929 -0.748 -0.310 -0.722 -0.185  0.995 -0.956  1.000  0.949 -0.972
       23  0.99929  -0.580  0.985 -0.901 -0.543 -0.691 -0.097  0.966 -0.994  0.949  1.000 -0.993
       24  0.99987   0.529 -0.985  0.879  0.510  0.673  0.108 -0.981  0.998 -0.972 -0.993  1.000
 ERR MATRIX APPROXIMATE
MINUIT - FIT ONLY 2-CBO
 **********
 **   25 **RES 
 **********
                   PARAMETER   16  beta_vw RESTORED TO VARIABLE.
                   PARAMETER   14  alpha_vw RESTORED TO VARIABLE.
                   PARAMETER   11  alpha_y RESTORED TO VARIABLE.
                   PARAMETER    9  alpha_2CBO RESTORED TO VARIABLE.
                   PARAMETER    8  beta_CBO RESTORED TO VARIABLE.
 **********
 **   26 **FIX            0
 **********
 PARAMETER    0  IS UNDEFINED. IGNORED.
 **********
 **   27 **FIX            1
 **********
 **********
 **   28 **FIX            2
 **********
 PARAMETER    2  IS CONSTANT.   IGNORED.
 **********
 **   29 **FIX            3
 **********
 **********
 **   30 **FIX            4
 **********
 **********
 **   31 **FIX            5
 **********
 PARAMETER    5  IS CONSTANT.   IGNORED.
 **********
 **   32 **FIX            6
 **********
 **********
 **   33 **FIX            7
 **********
 PARAMETER    7  IS CONSTANT.   IGNORED.
 **********
 **   34 **FIX           10
 **********
 **********
 **   35 **FIX           11
 **********
 **********
 **   36 **FIX           12
 **********
 PARAMETER   12  IS CONSTANT.   IGNORED.
 **********
 **   37 **FIX           13
 **********
 **********
 **   38 **FIX           14
 **********
 **********
 **   39 **FIX           15
 **********
 PARAMETER   15  IS CONSTANT.   IGNORED.
 **********
 **   40 **FIX           16
 **********
 **********
 **   41 **MIGRAD
 **********
 START MIGRAD MINIMIZATION.  STRATEGY  1.  CONVERGENCE WHEN EDM .LT. 1.00e-04
 FCN=377.004 FROM MIGRAD    STATUS=INITIATE       18 CALLS        3263 TOTAL
                     EDM= unknown      STRATEGY= 1      NO ERROR MATRIX       
  EXT PARAMETER               CURRENT GUESS       STEP         FIRST   
  NO.   NAME      VALUE            ERROR          SIZE      DERIVATIVE 
   1  N0           3.41763e+06     fixed    
   2  tau          6.43834e+01   constant   
   3  A0           3.57274e-01     fixed    
   4  phi          4.13019e+00     fixed    
   5  R           -6.07281e+01   constant   
   6  alpha_CBO    1.53800e-02     fixed    
   7  w_CBO        2.32500e+00   constant   
   8  beta_CBO     0.00000e+00   1.00000e-03   1.00000e-03   2.86548e+02
   9  alpha_2CBO   0.00000e+00   1.00000e-03   1.00000e-03  -7.99701e+02
  10  beta_2CBO   -2.49609e-03     fixed    
  11  alpha_y      0.00000e+00     fixed    
  12  w_y          1.44500e+01   constant   
  13  beta_y      -5.19890e-04     fixed    
  14  alpha_vw     0.00000e+00     fixed    
  15  w_vw         1.29000e+01   constant   
  16  beta_vw      0.00000e+00     fixed    
  17  LM          -7.06631e-04   constant   
  18  zeta_y       0.00000e+00   constant   
  19  zeta_vw      0.00000e+00   constant   
  20  T_CBO        1.07941e+01   2.09228e+00  -1.14315e-03  -3.53748e+01
  21  alpha_A0     3.58056e-01   9.80590e-02   5.09892e-03  -1.87149e+00
  22  beta_A0     -3.94498e-02   9.06639e-02  -5.12009e-03   1.30965e+00
  23  alpha_phi    1.09045e-01   4.85286e-02  -2.55063e-03   1.31463e+00
  24  beta_phi     1.23053e-01   1.59398e-01   8.53516e-03  -6.90230e+00
 MIGRAD MINIMIZATION HAS CONVERGED.
 MIGRAD WILL VERIFY CONVERGENCE AND ERROR MATRIX.
 FCN=376.96 FROM HESSE     STATUS=NOT POSDEF     50 CALLS        3427 TOTAL
                     EDM=0.000102475    STRATEGY= 1      ERR MATRIX NOT POS-DEF
  EXT PARAMETER                APPROXIMATE        STEP         FIRST   
  NO.   NAME      VALUE            ERROR          SIZE      DERIVATIVE 
   1  N0           3.41763e+06     fixed    
   2  tau          6.43834e+01   constant   
   3  A0           3.57274e-01     fixed    
   4  phi          4.13019e+00     fixed    
   5  R           -6.07281e+01   constant   
   6  alpha_CBO    1.53800e-02     fixed    
   7  w_CBO        2.32500e+00   constant   
   8  beta_CBO     2.10236e-05   4.37896e-04   1.40695e-06   5.33408e-02
   9  alpha_2CBO   7.84040e-05   4.09707e-04   1.41376e-06   2.03921e-01
  10  beta_2CBO   -2.49609e-03     fixed    
  11  alpha_y      0.00000e+00     fixed    
  12  w_y          1.44500e+01   constant   
  13  beta_y      -5.19890e-04     fixed    
  14  alpha_vw     0.00000e+00     fixed    
  15  w_vw         1.29000e+01   constant   
  16  beta_vw      0.00000e+00     fixed    
  17  LM          -7.06631e-04   constant   
  18  zeta_y       0.00000e+00   constant   
  19  zeta_vw      0.00000e+00   constant   
  20  T_CBO        1.08049e+01   1.48148e+00   9.46482e-06   7.62119e-01
  21  alpha_A0     3.59791e-01   1.47071e-01   1.10018e-04  -4.65678e-02
  22  beta_A0     -3.85052e-02   3.87879e-02   1.16637e-04   8.37197e-03
  23  alpha_phi    1.06288e-01   4.62640e-02   8.30433e-05  -2.86840e-02
  24  beta_phi     1.26468e-01   5.18914e-02   9.18884e-05  -2.37839e-02
 CALL LIMIT EXCEEDED IN MIGRAD.
 MIGRAD TERMINATED WITHOUT CONVERGENCE.
 FCN=376.917 FROM MIGRAD    STATUS=CALL LIMIT   1149 CALLS        4394 TOTAL
                     EDM=0.00144914    STRATEGY= 1      ERR MATRIX NOT POS-DEF
  EXT PARAMETER                APPROXIMATE        STEP         FIRST   
  NO.   NAME      VALUE            ERROR          SIZE      DERIVATIVE 
   1  N0           3.41763e+06     fixed    
   2  tau          6.43834e+01   constant   
   3  A0           3.57274e-01     fixed    
   4  phi          4.13019e+00     fixed    
   5  R           -6.07281e+01   constant   
   6  alpha_CBO    1.53800e-02     fixed    
   7  w_CBO        2.32500e+00   constant   
   8  beta_CBO     1.00055e-04   2.90280e-04   5.80608e-06   1.06223e+01
   9  alpha_2CBO   1.94996e-05   3.02517e-04   4.11844e-06   1.99579e+02
  10  beta_2CBO   -2.49609e-03     fixed    
  11  alpha_y      0.00000e+00     fixed    
  12  w_y          1.44500e+01   constant   
  13  beta_y      -5.19890e-04     fixed    
  14  alpha_vw     0.00000e+00     fixed    
  15  w_vw         1.29000e+01   constant   
  16  beta_vw      0.00000e+00     fixed    
  17  LM          -7.06631e-04   constant   
  18  zeta_y       0.00000e+00   constant   
  19  zeta_vw      0.00000e+00   constant   
  20  T_CBO        8.29146e+00   1.97598e+00  -4.98761e-04  -6.22632e+01
  21  alpha_A0     8.84434e-01   8.02682e-01   1.87381e-02  -1.16503e+00
  22  beta_A0     -7.95079e-02   5.85454e-02  -5.60161e-04  -7.90123e-01
  23  alpha_phi    2.63541e-01   2.29643e-01   5.18097e-03  -1.01628e+00
  24  beta_phi     2.97390e-01   2.61868e-01   5.95879e-03  -9.05224e-01
 EXTERNAL ERROR MATRIX.    NDIM=  25    NPAR=  7    ERR DEF=1
  8.426e-08  4.921e-08 -2.611e-04  1.105e-04  2.101e-06  2.974e-05  3.521e-05 
  4.921e-08  9.152e-08 -5.027e-05  3.073e-05  5.219e-06  4.223e-06  1.160e-05 
 -2.611e-04 -5.027e-05  3.905e+00 -1.584e+00  8.877e-02 -4.532e-01 -5.149e-01 
  1.105e-04  3.073e-05 -1.584e+00  6.443e-01 -3.533e-02  1.836e-01  2.094e-01 
  2.101e-06  5.219e-06  8.877e-02 -3.533e-02  3.428e-03 -1.039e-02 -1.181e-02 
  2.974e-05  4.223e-06 -4.532e-01  1.836e-01 -1.039e-02  5.274e-02  5.965e-02 
  3.521e-05  1.160e-05 -5.149e-01  2.094e-01 -1.181e-02  5.965e-02  6.857e-02 
ERR MATRIX NOT POS-DEF
 PARAMETER  CORRELATION COEFFICIENTS  
       NO.  GLOBAL      8      9     20     21     22     23     24
        8  0.88784   1.000  0.560 -0.455  0.474  0.124  0.446  0.463
        9  0.96382   0.560  1.000 -0.084  0.127  0.295  0.061  0.146
       20  0.99991  -0.455 -0.084  1.000 -0.999  0.767 -0.999 -0.995
       21  0.99983   0.474  0.127 -0.999  1.000 -0.752  0.996  0.996
       22  0.96727   0.124  0.295  0.767 -0.752  1.000 -0.773 -0.770
       23  0.99902   0.446  0.061 -0.999  0.996 -0.773  1.000  0.992
       24  0.99886   0.463  0.146 -0.995  0.996 -0.770  0.992  1.000
 ERR MATRIX NOT POS-DEF
MINUIT - FIT wiggle + 1-CBO + 2-CBO
 **********
 **   42 **RES 
 **********
                   PARAMETER   16  beta_vw RESTORED TO VARIABLE.
                   PARAMETER   14  alpha_vw RESTORED TO VARIABLE.
                   PARAMETER   13  beta_y RESTORED TO VARIABLE.
                   PARAMETER   11  alpha_y RESTORED TO VARIABLE.
                   PARAMETER   10  beta_2CBO RESTORED TO VARIABLE.
                   PARAMETER    6  alpha_CBO RESTORED TO VARIABLE.
                   PARAMETER    4  phi RESTORED TO VARIABLE.
                   PARAMETER    3  A0 RESTORED TO VARIABLE.
                   PARAMETER    1  N0 RESTORED TO VARIABLE.
 **********
 **   43 **FIX           10
 **********
 **********
 **   44 **FIX           11
 **********
 **********
 **   45 **FIX           12
 **********
 PARAMETER   12  IS CONSTANT.   IGNORED.
 **********
 **   46 **FIX           13
 **********
 **********
 **   47 **FIX           14
 **********
 **********
 **   48 **FIX           15
 **********
 PARAMETER   15  IS CONSTANT.   IGNORED.
 **********
 **   49 **FIX           16
 **********
 **********
 **   50 **MIGRAD
 **********
 START MIGRAD MINIMIZATION.  STRATEGY  1.  CONVERGENCE WHEN EDM .LT. 1.00e-04
 FCN=376.917 FROM MIGRAD    STATUS=INITIATE       22 CALLS        4416 TOTAL
                     EDM= unknown      STRATEGY= 1      NO ERROR MATRIX       
  EXT PARAMETER               CURRENT GUESS       STEP         FIRST   
  NO.   NAME      VALUE            ERROR          SIZE      DERIVATIVE 
   1  N0           3.41763e+06   2.89549e+03   2.89549e+03  -3.20891e-05
   2  tau          6.43834e+01   constant   
   3  A0           3.57274e-01   1.52579e-03   1.52579e-03   1.92122e+02
   4  phi          4.13019e+00   9.04772e-03   9.04772e-03  -5.26815e+01
   5  R           -6.07281e+01   constant   
   6  alpha_CBO    1.53800e-02   1.81167e-03   1.81167e-03   1.90872e+02
   7  w_CBO        2.32500e+00   constant   
   8  beta_CBO     1.00055e-04   2.90280e-04   5.80608e-06   1.06223e+01
   9  alpha_2CBO   1.94996e-05   3.02517e-04   4.11844e-06   1.99579e+02
  10  beta_2CBO   -2.49609e-03     fixed    
  11  alpha_y      0.00000e+00     fixed    
  12  w_y          1.44500e+01   constant   
  13  beta_y      -5.19890e-04     fixed    
  14  alpha_vw     0.00000e+00     fixed    
  15  w_vw         1.29000e+01   constant   
  16  beta_vw      0.00000e+00     fixed    
  17  LM          -7.06631e-04   constant   
  18  zeta_y       0.00000e+00   constant   
  19  zeta_vw      0.00000e+00   constant   
  20  T_CBO        8.29146e+00   1.97598e+00  -4.98761e-04  -6.22633e+01
  21  alpha_A0     8.84434e-01   8.02682e-01   1.87381e-02  -1.16503e+00
  22  beta_A0     -7.95079e-02   5.85454e-02  -5.60161e-04  -7.90123e-01
  23  alpha_phi    2.63541e-01   2.29643e-01   5.18097e-03  -1.01628e+00
  24  beta_phi     2.97390e-01   2.61868e-01   5.95879e-03  -9.05224e-01
 MIGRAD MINIMIZATION HAS CONVERGED.
 FCN=376.6 FROM MIGRAD    STATUS=CONVERGED     789 CALLS        5183 TOTAL
                     EDM=4.11858e-06    STRATEGY= 1  ERROR MATRIX UNCERTAINTY   4.7 per cent
  EXT PARAMETER                                   STEP         FIRST   
  NO.   NAME      VALUE            ERROR          SIZE      DERIVATIVE 
   1  N0           3.43554e+06   3.73080e+04  -6.77035e+01   5.93009e-06
   2  tau          6.43834e+01   constant   
   3  A0           3.61800e-01   9.85276e-03  -1.91001e-05  -2.14863e+01
   4  phi          4.14502e+00   3.03374e-02  -5.15880e-05  -1.71093e+00
   5  R           -6.07281e+01   constant   
   6  alpha_CBO    1.75401e-02   4.02905e-03  -2.01992e-06   1.64325e+00
   7  w_CBO        2.32500e+00   constant   
   8  beta_CBO    -6.34496e-03   1.52398e-02   3.27389e-05  -1.00617e+01
   9  alpha_2CBO  -9.40783e-04   3.02804e-03   8.29699e-06  -1.11575e+00
  10  beta_2CBO   -2.49609e-03     fixed    
  11  alpha_y      0.00000e+00     fixed    
  12  w_y          1.44500e+01   constant   
  13  beta_y      -5.19890e-04     fixed    
  14  alpha_vw     0.00000e+00     fixed    
  15  w_vw         1.29000e+01   constant   
  16  beta_vw      0.00000e+00     fixed    
  17  LM          -7.06631e-04   constant   
  18  zeta_y       0.00000e+00   constant   
  19  zeta_vw      0.00000e+00   constant   
  20  T_CBO        7.98062e+00   8.17275e-01   2.25286e-05  -4.15755e-01
  21  alpha_A0     1.36653e+00   9.09289e-01  -1.21633e-03  -1.77940e-02
  22  beta_A0     -2.20171e-01   8.69489e-01   2.42227e-03   1.29905e-02
  23  alpha_phi    6.41690e-01   8.87378e-01  -1.80959e-03  -6.41073e-02
  24  beta_phi     2.59800e-03   7.00638e-01   1.50112e-03   5.73653e-02
 EXTERNAL ERROR MATRIX.    NDIM=  25    NPAR= 11    ERR DEF=1
  1.392e+09 
  3.664e+02  9.708e-05 
  1.129e+03  2.957e-04  9.204e-04 
  1.256e+02  3.135e-05  1.063e-04  1.623e-05 
 -5.596e+02 -1.494e-04 -4.486e-04 -4.459e-05  2.323e-04 
 -1.023e+02 -2.786e-05 -8.061e-05 -6.552e-06  4.449e-05  9.169e-06 
 -2.746e+04 -7.496e-03 -2.158e-02 -1.703e-03  1.198e-02  2.459e-03  6.680e-01 
  3.324e+04  8.616e-03  2.732e-02  3.392e-03 -1.289e-02 -2.218e-03 -5.931e-01  8.268e-01 
 -2.427e+04 -6.827e-03 -1.853e-02 -9.286e-04  1.131e-02  2.501e-03  6.802e-01 -4.767e-01  7.560e-01 
  3.297e+04  8.733e-03  2.662e-02  2.828e-03 -1.345e-02 -2.520e-03 -6.756e-01  7.749e-01 -6.153e-01  7.874e-01 
 -2.593e+04 -6.884e-03 -2.088e-02 -2.166e-03  1.064e-02  2.016e-03  5.402e-01 -6.043e-01  4.987e-01 -6.207e-01  4.909e-01 
 PARAMETER  CORRELATION COEFFICIENTS  
       NO.  GLOBAL      1      3      4      6      8      9     20     21     22     23     24
        1  0.99996   1.000  0.997  0.998  0.835 -0.984 -0.906 -0.900  0.980 -0.748  0.996 -0.992
        3  0.99995   0.997  1.000  0.989  0.790 -0.995 -0.934 -0.931  0.962 -0.797  0.999 -0.997
        4  0.99994   0.998  0.989  1.000  0.870 -0.970 -0.878 -0.870  0.990 -0.702  0.989 -0.982
        6  0.99932   0.835  0.790  0.870  1.000 -0.726 -0.537 -0.517  0.926 -0.265  0.791 -0.767
        8  0.99996  -0.984 -0.995 -0.970 -0.726  1.000  0.964  0.962 -0.930  0.853 -0.994  0.997
        9  0.99878  -0.906 -0.934 -0.878 -0.537  0.964  1.000  0.994 -0.806  0.950 -0.938  0.950
       20  0.99879  -0.900 -0.931 -0.870 -0.517  0.962  0.994  1.000 -0.798  0.957 -0.931  0.943
       21  0.99972   0.980  0.962  0.990  0.926 -0.930 -0.806 -0.798  1.000 -0.603  0.960 -0.949
       22  0.99932  -0.748 -0.797 -0.702 -0.265  0.853  0.950  0.957 -0.603  1.000 -0.797  0.819
       23  0.99976   0.996  0.999  0.989  0.791 -0.994 -0.938 -0.931  0.960 -0.797  1.000 -0.998
       24  0.99956  -0.992 -0.997 -0.982 -0.767  0.997  0.950  0.943 -0.949  0.819 -0.998  1.000
MINUIT - FIT ONLY 1-y
 **********
 **   51 **RES 
 **********
                   PARAMETER   16  beta_vw RESTORED TO VARIABLE.
                   PARAMETER   14  alpha_vw RESTORED TO VARIABLE.
                   PARAMETER   13  beta_y RESTORED TO VARIABLE.
                   PARAMETER   11  alpha_y RESTORED TO VARIABLE.
                   PARAMETER   10  beta_2CBO RESTORED TO VARIABLE.
 **********
 **   52 **FIX            0
 **********
 PARAMETER    0  IS UNDEFINED. IGNORED.
 **********
 **   53 **FIX            1
 **********
 **********
 **   54 **FIX            2
 **********
 PARAMETER    2  IS CONSTANT.   IGNORED.
 **********
 **   55 **FIX            3
 **********
 **********
 **   56 **FIX            4
 **********
 **********
 **   57 **FIX            5
 **********
 PARAMETER    5  IS CONSTANT.   IGNORED.
 **********
 **   58 **FIX            6
 **********
 **********
 **   59 **FIX            7
 **********
 PARAMETER    7  IS CONSTANT.   IGNORED.
 **********
 **   60 **FIX            8
 **********
 **********
 **   61 **FIX            9
 **********
 **********
 **   62 **FIX           13
 **********
 **********
 **   63 **FIX           14
 **********
 **********
 **   64 **FIX           15
 **********
 PARAMETER   15  IS CONSTANT.   IGNORED.
 **********
 **   65 **FIX           16
 **********
 **********
 **   66 **MIGRAD
 **********
 START MIGRAD MINIMIZATION.  STRATEGY  1.  CONVERGENCE WHEN EDM .LT. 1.00e-04
 FCN=376.6 FROM MIGRAD    STATUS=INITIATE       16 CALLS        5199 TOTAL
                     EDM= unknown      STRATEGY= 1      NO ERROR MATRIX       
  EXT PARAMETER               CURRENT GUESS       STEP         FIRST   
  NO.   NAME      VALUE            ERROR          SIZE      DERIVATIVE 
   1  N0           3.43554e+06     fixed    
   2  tau          6.43834e+01   constant   
   3  A0           3.61800e-01     fixed    
   4  phi          4.14502e+00     fixed    
   5  R           -6.07281e+01   constant   
   6  alpha_CBO    1.75401e-02     fixed    
   7  w_CBO        2.32500e+00   constant   
   8  beta_CBO    -6.34496e-03     fixed    
   9  alpha_2CBO  -9.40783e-04     fixed    
  10  beta_2CBO   -2.49609e-03   3.56390e-04   3.56390e-04   1.11173e+03
  11  alpha_y      0.00000e+00   1.00000e-03   1.00000e-03  -2.37649e+05
  12  w_y          1.44500e+01   constant   
  13  beta_y      -5.19890e-04     fixed    
  14  alpha_vw     0.00000e+00     fixed    
  15  w_vw         1.29000e+01   constant   
  16  beta_vw      0.00000e+00     fixed    
  17  LM          -7.06631e-04   constant   
  18  zeta_y       0.00000e+00   constant   
  19  zeta_vw      0.00000e+00   constant   
  20  T_CBO        7.98062e+00   8.17275e-01   2.25286e-05  -4.15757e-01
  21  alpha_A0     1.36653e+00   9.09289e-01  -1.21633e-03  -1.77939e-02
  22  beta_A0     -2.20171e-01   8.69489e-01   2.42227e-03   1.29905e-02
  23  alpha_phi    6.41690e-01   8.87378e-01  -1.80959e-03  -6.41073e-02
  24  beta_phi     2.59800e-03   7.00638e-01   1.50112e-03   5.73653e-02
 CALL LIMIT EXCEEDED IN MIGRAD.
 MIGRAD TERMINATED WITHOUT CONVERGENCE.
 FCN=20.3047 FROM MIGRAD    STATUS=CALL LIMIT   1155 CALLS        6338 TOTAL
                     EDM=0.0285021    STRATEGY= 1  ERROR MATRIX UNCERTAINTY  26.6 per cent
  EXT PARAMETER                APPROXIMATE        STEP         FIRST   
  NO.   NAME      VALUE            ERROR          SIZE      DERIVATIVE 
   1  N0           3.43554e+06     fixed    
   2  tau          6.43834e+01   constant   
   3  A0           3.61800e-01     fixed    
   4  phi          4.14502e+00     fixed    
   5  R           -6.07281e+01   constant   
   6  alpha_CBO    1.75401e-02     fixed    
   7  w_CBO        2.32500e+00   constant   
   8  beta_CBO    -6.34496e-03     fixed    
   9  alpha_2CBO  -9.40783e-04     fixed    
  10  beta_2CBO   -3.08965e-03   2.24829e-04   9.66163e-06  -1.10572e+02
  11  alpha_y      2.99054e-03   1.60711e-04  -6.56697e-06   2.47738e+02
  12  w_y          1.44500e+01   constant   
  13  beta_y      -5.19890e-04     fixed    
  14  alpha_vw     0.00000e+00     fixed    
  15  w_vw         1.29000e+01   constant   
  16  beta_vw      0.00000e+00     fixed    
  17  LM          -7.06631e-04   constant   
  18  zeta_y       0.00000e+00   constant   
  19  zeta_vw      0.00000e+00   constant   
  20  T_CBO        5.28688e+00   2.74589e-01  -3.59266e-05   1.93349e+02
  21  alpha_A0     1.07953e+01   3.34627e+00   4.16386e-02   2.84366e-01
  22  beta_A0     -2.34998e+00   5.49442e-01  -5.14338e-03   4.47283e-01
  23  alpha_phi    4.98866e+00   1.54820e+00   2.53105e-02  -5.94790e-02
  24  beta_phi     4.46443e-01   8.90657e-02  -4.35546e-03  -3.44418e-01
 EXTERNAL ERROR MATRIX.    NDIM=  25    NPAR=  7    ERR DEF=1
  5.055e-08 -5.918e-09 -2.596e-05  2.900e-04 -3.799e-05  1.257e-04 -4.830e-06 
 -5.918e-09  2.583e-08  5.810e-06 -6.707e-05  1.031e-05 -3.061e-05  7.468e-07 
 -2.596e-05  5.810e-06  7.540e-02 -9.162e-01  1.477e-01 -4.218e-01  5.759e-03 
  2.900e-04 -6.707e-05 -9.162e-01  1.120e+01 -1.803e+00  5.157e+00 -7.353e-02 
 -3.799e-05  1.031e-05  1.477e-01 -1.803e+00  3.019e-01 -8.356e-01  6.014e-03 
  1.257e-04 -3.061e-05 -4.218e-01  5.157e+00 -8.356e-01  2.397e+00 -3.954e-02 
 -4.830e-06  7.468e-07  5.759e-03 -7.353e-02  6.014e-03 -3.954e-02  7.933e-03 
ERR MATRIX APPROXIMATE
 PARAMETER  CORRELATION COEFFICIENTS  
       NO.  GLOBAL     10     11     20     21     22     23     24
       10  0.74501   1.000 -0.164 -0.421  0.385 -0.308  0.361 -0.241
       11  0.18243  -0.164  1.000  0.132 -0.125  0.117 -0.123  0.052
       20  0.99821  -0.421  0.132  1.000 -0.997  0.979 -0.992  0.235
       21  0.99860   0.385 -0.125 -0.997  1.000 -0.981  0.995 -0.247
       22  0.99721  -0.308  0.117  0.979 -0.981  1.000 -0.982  0.123
       23  0.99913   0.361 -0.123 -0.992  0.995 -0.982  1.000 -0.287
       24  0.93717  -0.241  0.052  0.235 -0.247  0.123 -0.287  1.000
 ERR MATRIX APPROXIMATE
MINUIT - FIT ONLY 2-y
 **********
 **   67 **RES 
 **********
                   PARAMETER   16  beta_vw RESTORED TO VARIABLE.
                   PARAMETER   14  alpha_vw RESTORED TO VARIABLE.
                   PARAMETER   13  beta_y RESTORED TO VARIABLE.
                   PARAMETER    9  alpha_2CBO RESTORED TO VARIABLE.
                   PARAMETER    8  beta_CBO RESTORED TO VARIABLE.
                   PARAMETER    6  alpha_CBO RESTORED TO VARIABLE.
                   PARAMETER    4  phi RESTORED TO VARIABLE.
                   PARAMETER    3  A0 RESTORED TO VARIABLE.
                   PARAMETER    1  N0 RESTORED TO VARIABLE.
 **********
 **   68 **FIX            0
 **********
 PARAMETER    0  IS UNDEFINED. IGNORED.
 **********
 **   69 **FIX            1
 **********
 **********
 **   70 **FIX            2
 **********
 PARAMETER    2  IS CONSTANT.   IGNORED.
 **********
 **   71 **FIX            3
 **********
 **********
 **   72 **FIX            4
 **********
 **********
 **   73 **FIX            5
 **********
 PARAMETER    5  IS CONSTANT.   IGNORED.
 **********
 **   74 **FIX            6
 **********
 **********
 **   75 **FIX            7
 **********
 PARAMETER    7  IS CONSTANT.   IGNORED.
 **********
 **   76 **FIX            8
 **********
 **********
 **   77 **FIX            9
 **********
 **********
 **   78 **FIX           10
 **********
 **********
 **   79 **FIX           11
 **********
 **********
 **   80 **FIX           12
 **********
 PARAMETER   12  IS CONSTANT.   IGNORED.
 **********
 **   81 **FIX           16
 **********
 **********
 **   82 **MIGRAD
 **********
 START MIGRAD MINIMIZATION.  STRATEGY  1.  CONVERGENCE WHEN EDM .LT. 1.00e-04
 FCN=20.3047 FROM MIGRAD    STATUS=INITIATE       16 CALLS        6354 TOTAL
                     EDM= unknown      STRATEGY= 1      NO ERROR MATRIX       
  EXT PARAMETER               CURRENT GUESS       STEP         FIRST   
  NO.   NAME      VALUE            ERROR          SIZE      DERIVATIVE 
   1  N0           3.43554e+06     fixed    
   2  tau          6.43834e+01   constant   
   3  A0           3.61800e-01     fixed    
   4  phi          4.14502e+00     fixed    
   5  R           -6.07281e+01   constant   
   6  alpha_CBO    1.75401e-02     fixed    
   7  w_CBO        2.32500e+00   constant   
   8  beta_CBO    -6.34496e-03     fixed    
   9  alpha_2CBO  -9.40783e-04     fixed    
  10  beta_2CBO   -3.08965e-03     fixed    
  11  alpha_y      2.99054e-03     fixed    
  12  w_y          1.44500e+01   constant   
  13  beta_y      -5.19890e-04   1.55606e-04   1.55606e-04   1.38170e+03
  14  alpha_vw     0.00000e+00   1.00000e-03   1.00000e-03  -4.70288e+03
  15  w_vw         1.29000e+01   constant   
  16  beta_vw      0.00000e+00     fixed    
  17  LM          -7.06631e-04   constant   
  18  zeta_y       0.00000e+00   constant   
  19  zeta_vw      0.00000e+00   constant   
  20  T_CBO        5.28688e+00   2.74589e-01  -3.59266e-05   1.93349e+02
  21  alpha_A0     1.07953e+01   3.34627e+00   4.16386e-02   2.84366e-01
  22  beta_A0     -2.34998e+00   5.49442e-01  -5.14338e-03   4.47283e-01
  23  alpha_phi    4.98866e+00   1.54820e+00   2.53105e-02  -5.94790e-02
  24  beta_phi     4.46443e-01   8.90657e-02  -4.35546e-03  -3.44418e-01
 CALL LIMIT EXCEEDED IN MIGRAD.
 MIGRAD TERMINATED WITHOUT CONVERGENCE.
 FCN=19.4333 FROM MIGRAD    STATUS=CALL LIMIT   1158 CALLS        7496 TOTAL
                     EDM=0.000710163    STRATEGY= 1  ERROR MATRIX UNCERTAINTY  24.8 per cent
  EXT PARAMETER                APPROXIMATE        STEP         FIRST   
  NO.   NAME      VALUE            ERROR          SIZE      DERIVATIVE 
   1  N0           3.43554e+06     fixed    
   2  tau          6.43834e+01   constant   
   3  A0           3.61800e-01     fixed    
   4  phi          4.14502e+00     fixed    
   5  R           -6.07281e+01   constant   
   6  alpha_CBO    1.75401e-02     fixed    
   7  w_CBO        2.32500e+00   constant   
   8  beta_CBO    -6.34496e-03     fixed    
   9  alpha_2CBO  -9.40783e-04     fixed    
  10  beta_2CBO   -3.08965e-03     fixed    
  11  alpha_y      2.99054e-03     fixed    
  12  w_y          1.44500e+01   constant   
  13  beta_y      -5.09185e-04   1.47928e-04  -2.48879e-06  -4.63093e+01
  14  alpha_vw     4.70809e-05   1.46017e-04  -4.59676e-06  -9.68845e+01
  15  w_vw         1.29000e+01   constant   
  16  beta_vw      0.00000e+00     fixed    
  17  LM          -7.06631e-04   constant   
  18  zeta_y       0.00000e+00   constant   
