 + ++++++++++++++++++++++++++++++++++++++++++++++++++++++++++++++++++++ +
 +                                                                      +
 +           You have chose to blind your fitting according to          +
 +                omega_ref * (1 + (R +/- deltaR) *10^{-6})             +
 +                                                                      +
 + ++++++++++++++++++++++++++++++++++++++++++++++++++++++++++++++++++++ +
In main()...
reading format from /gm2data/zkhechad/run45/envelope/formats/formatB_sBin_constraintOn.txt
pBinTau 	= 0  
pBinPhi 	= 0  
constraintau 	= 1 
includeMopTerm 	= 0    
constrainMop    = 0   
Parameters after format file: pBinTau 0 pBinPhi 0 constraintau 1 includeMopTerm 0 constrainMop 0 c_e_scale 0.000000 
Opening file /gm2data/tbarrett/gm2fr/studies/run23_bunch_corrections/CorrectedFourier_Run3b.root.
reading reference data from /gm2data/zkhechad/cboTemplates/Run4CBOTemplates/templateFits0/noRF/sBin_constraintOn_cE0.0_seed0_noRF_calo8.root (fixing 5-param to these terms)
windowBins = 34
fitting sliding window 105 from bin 241 at 35.808000 to bin 275 at 41.030000 (34 bins)

Reading data from /gm2data/cornell/histograms/aMethod/histogram_a_noRF.root
 **********
 **    1 **SET PRINTOUT            1
 **********
 **********
 **    2 **SET NOWARNINGS 
 **********
 PARAMETER DEFINITIONS:
    NO.   NAME         VALUE      STEP SIZE      LIMITS
     1 N0           2.93737e+06  1.00000e+02     no limits
     2 tau          6.44000e+01  constant
     3 A0           3.52918e-01  1.00000e-04     no limits
     4 phi          4.11508e+00  1.00000e-02     no limits
     5 R           -6.12021e+01  constant
     6 alpha_CBO    0.00000e+00  1.00000e-03     no limits
     7 w_CBO        2.32643e+00  constant
     8 beta_CBO     0.00000e+00  1.00000e-03     no limits
     9 alpha_2CBO   0.00000e+00  1.00000e-03     no limits
    10 beta_2CBO    0.00000e+00  1.00000e-03     no limits
    11 alpha_y      0.00000e+00  1.00000e-03     no limits
    12 w_y          1.38965e+01  constant
    13 beta_y       0.00000e+00  1.00000e-03     no limits
    14 alpha_vw     0.00000e+00  1.00000e-03     no limits
    15 w_vw         1.43195e+01  constant
    16 beta_vw      0.00000e+00  1.00000e-03     no limits
    17 LM          -3.67547e-05  constant
    18 zeta_y       0.00000e+00  constant
    19 zeta_vw      0.00000e+00  constant
    20 T_CBO        1.00000e+02  1.00000e+00    0.00000e+00  1.00000e+03
    21 alpha_A0     0.00000e+00  1.00000e-03     no limits
    22 beta_A0      0.00000e+00  1.00000e-03     no limits
    23 alpha_phi    0.00000e+00  1.00000e-03     no limits
    24 beta_phi     0.00000e+00  1.00000e-03     no limits
    25 alpha_xy     0.00000e+00  1.00000e-03     no limits
    26 w_xy         1.20754e+01  constant
    27 beta_xy      0.00000e+00  1.00000e-03     no limits
MINUIT - FIT ONLY WIGGLE
 **********
 **    3 **FIX            5
 **********
 PARAMETER    5  IS CONSTANT.   IGNORED.
 **********
 **    4 **FIX            6
 **********
 **********
 **    5 **FIX            7
 **********
 PARAMETER    7  IS CONSTANT.   IGNORED.
 **********
 **    6 **FIX            8
 **********
 **********
 **    7 **FIX            9
 **********
 **********
 **    8 **FIX           10
 **********
 **********
 **    9 **FIX           11
 **********
 **********
 **   10 **FIX           12
 **********
 PARAMETER   12  IS CONSTANT.   IGNORED.
 **********
 **   11 **FIX           13
 **********
 **********
 **   12 **FIX           14
 **********
 **********
 **   13 **FIX           15
 **********
 PARAMETER   15  IS CONSTANT.   IGNORED.
 **********
 **   14 **FIX           16
 **********
 **********
 **   15 **MIGRAD
 **********
 FIRST CALL TO USER FUNCTION AT NEW START POINT, WITH IFLAG=4.
 START MIGRAD MINIMIZATION.  STRATEGY  1.  CONVERGENCE WHEN EDM .LT. 1.00e-04
 FCN=10247.8 FROM MIGRAD    STATUS=INITIATE      627 CALLS         628 TOTAL
                     EDM= unknown      STRATEGY= 1      NO ERROR MATRIX       
  EXT PARAMETER               CURRENT GUESS       STEP         FIRST   
  NO.   NAME      VALUE            ERROR          SIZE      DERIVATIVE 
   1  N0           2.93737e+06   1.00000e+02   0.00000e+00  -5.34484e-02
   2  tau          6.44000e+01   constant   
   3  A0           3.52918e-01   1.00000e-04   0.00000e+00  -4.58788e+05
   4  phi          4.11508e+00   1.00000e-02   0.00000e+00   1.70459e+05
   5  R           -6.12021e+01   constant   
   6  alpha_CBO    0.00000e+00     fixed    
   7  w_CBO        2.32643e+00   constant   
   8  beta_CBO     0.00000e+00     fixed    
   9  alpha_2CBO   0.00000e+00     fixed    
  10  beta_2CBO    0.00000e+00     fixed    
  11  alpha_y      0.00000e+00     fixed    
  12  w_y          1.38965e+01   constant   
  13  beta_y       0.00000e+00     fixed    
  14  alpha_vw     0.00000e+00     fixed    
  15  w_vw         1.43195e+01   constant   
  16  beta_vw      0.00000e+00     fixed    
  17  LM          -3.67547e-05   constant   
  18  zeta_y       0.00000e+00   constant   
  19  zeta_vw      0.00000e+00   constant   
  20  T_CBO        1.00000e+02   1.00000e+00   0.00000e+00   0.00000e+00
  21  alpha_A0     0.00000e+00   1.00000e-03   0.00000e+00   3.99508e+04
  22  beta_A0      0.00000e+00   1.00000e-03   0.00000e+00  -3.01527e+04
  23  alpha_phi    0.00000e+00   1.00000e-03   0.00000e+00   6.01773e+04
  24  beta_phi     0.00000e+00   1.00000e-03   0.00000e+00  -9.28009e+03
  25  alpha_xy     0.00000e+00   1.00000e-03   0.00000e+00   7.86682e+04
  26  w_xy         1.20754e+01   constant   
  27  beta_xy      0.00000e+00   1.00000e-03   0.00000e+00   2.56864e+04
 MIGRAD MINIMIZATION HAS CONVERGED.
 MIGRAD WILL VERIFY CONVERGENCE AND ERROR MATRIX.
  MNHESS FAILS AND WILL RETURN DIAGONAL MATRIX. 
 FCN=4678.46 FROM MIGRAD    STATUS=CONVERGED     856 CALLS         857 TOTAL
                     EDM=7.03555e-08    STRATEGY= 1  ERROR MATRIX UNCERTAINTY 100.0 per cent
  EXT PARAMETER                APPROXIMATE        STEP         FIRST   
  NO.   NAME      VALUE            ERROR          SIZE      DERIVATIVE 
   1  N0           2.93271e+06   2.38513e+02   7.95998e+00   2.25739e-07
   2  tau          6.44000e+01   constant   
   3  A0           3.60978e-01   1.05931e-04   3.53829e-06  -2.69811e+00
   4  phi          4.08227e+00   2.97213e-04   9.92737e-06  -2.13141e-01
   5  R           -6.12021e+01   constant   
   6  alpha_CBO    0.00000e+00     fixed    
   7  w_CBO        2.32643e+00   constant   
   8  beta_CBO     0.00000e+00     fixed    
   9  alpha_2CBO   0.00000e+00     fixed    
  10  beta_2CBO    0.00000e+00     fixed    
  11  alpha_y      0.00000e+00     fixed    
  12  w_y          1.38965e+01   constant   
  13  beta_y       0.00000e+00     fixed    
  14  alpha_vw     0.00000e+00     fixed    
  15  w_vw         1.43195e+01   constant   
  16  beta_vw      0.00000e+00     fixed    
  17  LM          -3.67547e-05   constant   
  18  zeta_y       0.00000e+00   constant   
  19  zeta_vw      0.00000e+00   constant   
  20  T_CBO        1.00000e+02   1.41421e+00  -0.00000e+00   0.00000e+00
  21  alpha_A0     1.39566e-02   4.44435e-04   5.79456e-06  -2.16561e-01
  22  beta_A0      2.91275e-02   3.87186e-04   1.55099e-06   6.72464e-01
  23  alpha_phi   -2.79008e-02   3.82001e-04  -2.13016e-06  -1.01146e-01
  24  beta_phi    -6.34265e-03   4.73112e-04   5.62803e-06  -1.41483e-01
  25  alpha_xy     3.03599e-04   1.13928e-04  -5.27371e-08  -3.74605e-01
  26  w_xy         1.20754e+01   constant   
  27  beta_xy     -4.88037e-04   1.16133e-04   1.64382e-07   8.94989e-01
 EXTERNAL ERROR MATRIX.    NDIM=  28    NPAR= 10    ERR DEF=1
  5.689e+04  0.000e+00  0.000e+00  0.000e+00  0.000e+00  0.000e+00  0.000e+00  0.000e+00  0.000e+00  0.000e+00 
  0.000e+00  1.122e-08  0.000e+00  0.000e+00  0.000e+00  0.000e+00  0.000e+00  0.000e+00  0.000e+00  0.000e+00 
  0.000e+00  0.000e+00  8.834e-08  0.000e+00  0.000e+00  0.000e+00  0.000e+00  0.000e+00  0.000e+00  0.000e+00 
  0.000e+00  0.000e+00  0.000e+00  2.000e+00  0.000e+00  0.000e+00  0.000e+00  0.000e+00  0.000e+00  0.000e+00 
  0.000e+00  0.000e+00  0.000e+00  0.000e+00  1.975e-07  0.000e+00  0.000e+00  0.000e+00  0.000e+00  0.000e+00 
  0.000e+00  0.000e+00  0.000e+00  0.000e+00  0.000e+00  1.499e-07  0.000e+00  0.000e+00  0.000e+00  0.000e+00 
  0.000e+00  0.000e+00  0.000e+00  0.000e+00  0.000e+00  0.000e+00  1.459e-07  0.000e+00  0.000e+00  0.000e+00 
  0.000e+00  0.000e+00  0.000e+00  0.000e+00  0.000e+00  0.000e+00  0.000e+00  2.238e-07  0.000e+00  0.000e+00 
  0.000e+00  0.000e+00  0.000e+00  0.000e+00  0.000e+00  0.000e+00  0.000e+00  0.000e+00  1.298e-08  0.000e+00 
  0.000e+00  0.000e+00  0.000e+00  0.000e+00  0.000e+00  0.000e+00  0.000e+00  0.000e+00  0.000e+00  1.349e-08 
ERR MATRIX APPROXIMATE
 PARAMETER  CORRELATION COEFFICIENTS  
       NO.  GLOBAL      1      3      4     20     21     22     23     24     25     27
        1  0.00000   1.000  0.000  0.000  0.000  0.000  0.000  0.000  0.000  0.000  0.000
        3  0.00000   0.000  1.000  0.000  0.000  0.000  0.000  0.000  0.000  0.000  0.000
        4  0.00000   0.000  0.000  1.000  0.000  0.000  0.000  0.000  0.000  0.000  0.000
       20  0.00000   0.000  0.000  0.000  1.000  0.000  0.000  0.000  0.000  0.000  0.000
       21  0.00000   0.000  0.000  0.000  0.000  1.000  0.000  0.000  0.000  0.000  0.000
       22  0.00000   0.000  0.000  0.000  0.000  0.000  1.000  0.000  0.000  0.000  0.000
       23  0.00000   0.000  0.000  0.000  0.000  0.000  0.000  1.000  0.000  0.000  0.000
       24  0.00000   0.000  0.000  0.000  0.000  0.000  0.000  0.000  1.000  0.000  0.000
       25  0.00000   0.000  0.000  0.000  0.000  0.000  0.000  0.000  0.000  1.000  0.000
       27  0.00000   0.000  0.000  0.000  0.000  0.000  0.000  0.000  0.000  0.000  1.000
 ERR MATRIX APPROXIMATE
MINUIT - FIT ONLY 1-CBO + wiggle
 **********
 **   16 **RES 
 **********
                   PARAMETER   16  beta_vw RESTORED TO VARIABLE.
                   PARAMETER   14  alpha_vw RESTORED TO VARIABLE.
                   PARAMETER   13  beta_y RESTORED TO VARIABLE.
                   PARAMETER   11  alpha_y RESTORED TO VARIABLE.
                   PARAMETER   10  beta_2CBO RESTORED TO VARIABLE.
                   PARAMETER    9  alpha_2CBO RESTORED TO VARIABLE.
                   PARAMETER    8  beta_CBO RESTORED TO VARIABLE.
                   PARAMETER    6  alpha_CBO RESTORED TO VARIABLE.
 **********
 **   17 **FIX            8
 **********
 **********
 **   18 **FIX            9
 **********
 **********
 **   19 **FIX           11
 **********
 **********
 **   20 **FIX           12
 **********
 PARAMETER   12  IS CONSTANT.   IGNORED.
 **********
 **   21 **FIX           14
 **********
 **********
 **   22 **FIX           15
 **********
 PARAMETER   15  IS CONSTANT.   IGNORED.
 **********
 **   23 **FIX           16
 **********
 **********
 **   24 **MIGRAD
 **********
 START MIGRAD MINIMIZATION.  STRATEGY  1.  CONVERGENCE WHEN EDM .LT. 1.00e-04
 FCN=4678.46 FROM MIGRAD    STATUS=INITIATE      957 CALLS        1814 TOTAL
                     EDM= unknown      STRATEGY= 1      NO ERROR MATRIX       
  EXT PARAMETER               CURRENT GUESS       STEP         FIRST   
  NO.   NAME      VALUE            ERROR          SIZE      DERIVATIVE 
   1  N0           2.93271e+06   2.38513e+02   0.00000e+00   2.25742e-07
   2  tau          6.44000e+01   constant   
   3  A0           3.60978e-01   1.05931e-04   0.00000e+00  -2.69811e+00
   4  phi          4.08227e+00   2.97213e-04   0.00000e+00  -2.13154e-01
   5  R           -6.12021e+01   constant   
   6  alpha_CBO    0.00000e+00   1.00000e-03   0.00000e+00  -5.42047e+05
   7  w_CBO        2.32643e+00   constant   
   8  beta_CBO     0.00000e+00     fixed    
   9  alpha_2CBO   0.00000e+00     fixed    
  10  beta_2CBO    0.00000e+00   1.00000e-03   0.00000e+00   3.29630e+05
  11  alpha_y      0.00000e+00     fixed    
  12  w_y          1.38965e+01   constant   
  13  beta_y       0.00000e+00   1.00000e-03   0.00000e+00  -2.23778e+05
  14  alpha_vw     0.00000e+00     fixed    
  15  w_vw         1.43195e+01   constant   
  16  beta_vw      0.00000e+00     fixed    
  17  LM          -3.67547e-05   constant   
  18  zeta_y       0.00000e+00   constant   
  19  zeta_vw      0.00000e+00   constant   
  20  T_CBO        1.00000e+02   1.41421e+00   0.00000e+00   0.00000e+00
  21  alpha_A0     1.39566e-02   4.44435e-04   0.00000e+00  -2.16562e-01
  22  beta_A0      2.91275e-02   3.87186e-04   0.00000e+00   6.72463e-01
  23  alpha_phi   -2.79008e-02   3.82001e-04   0.00000e+00  -1.01154e-01
  24  beta_phi    -6.34265e-03   4.73112e-04   0.00000e+00  -1.41483e-01
  25  alpha_xy     3.03599e-04   1.13928e-04   0.00000e+00  -3.74612e-01
  26  w_xy         1.20754e+01   constant   
  27  beta_xy     -4.88037e-04   1.16133e-04   0.00000e+00   8.94983e-01
 MIGRAD MINIMIZATION HAS CONVERGED.
 FCN=1385.45 FROM MIGRAD    STATUS=CONVERGED    1291 CALLS        2148 TOTAL
                     EDM=7.96609e-06    STRATEGY= 1  ERROR MATRIX UNCERTAINTY   4.3 per cent
  EXT PARAMETER                                   STEP         FIRST   
  NO.   NAME      VALUE            ERROR          SIZE      DERIVATIVE 
   1  N0           2.90442e+06   9.33005e+02  -6.43741e+00  -6.34673e-06
   2  tau          6.44000e+01   constant   
   3  A0           3.44099e-01   3.92939e-04  -3.12053e-06  -2.21226e+01
   4  phi          4.07608e+00   9.60117e-04  -1.19961e-06  -5.05716e+00
   5  R           -6.12021e+01   constant   
   6  alpha_CBO    1.11737e-02   2.13569e-04   1.29627e-06   5.17198e+00
   7  w_CBO        2.32643e+00   constant   
   8  beta_CBO     0.00000e+00     fixed    
   9  alpha_2CBO   0.00000e+00     fixed    
  10  beta_2CBO    1.25449e-03   1.60730e-04  -5.65042e-07  -8.26705e-01
  11  alpha_y      0.00000e+00     fixed    
  12  w_y          1.38965e+01   constant   
  13  beta_y       1.79600e-03   1.12552e-04  -1.39144e-07   6.25784e+00
  14  alpha_vw     0.00000e+00     fixed    
  15  w_vw         1.43195e+01   constant   
  16  beta_vw      0.00000e+00     fixed    
  17  LM          -3.67547e-05   constant   
  18  zeta_y       0.00000e+00   constant   
  19  zeta_vw      0.00000e+00   constant   
  20  T_CBO        1.00000e+02   5.20646e+02  -0.00000e+00   0.00000e+00
  21  alpha_A0     7.50359e-02   1.98708e-03   1.32479e-05  -5.28441e-01
  22  beta_A0      1.37460e-02   7.87471e-04  -1.44419e-06   2.94424e-01
  23  alpha_phi   -3.24610e-02   9.57296e-04  -2.86459e-06   1.89338e+00
  24  beta_phi     6.99175e-02   2.22989e-03   1.66297e-05  -5.51308e+00
  25  alpha_xy    -1.76964e-04   1.13613e-04  -4.23135e-09  -4.84957e+00
  26  w_xy         1.20754e+01   constant   
  27  beta_xy      5.96523e-06   1.18616e-04   7.51626e-07  -8.59116e+00
 EXTERNAL ERROR MATRIX.    NDIM=  28    NPAR= 13    ERR DEF=1
 ELEMENTS ABOVE DIAGONAL ARE NOT PRINTED.
  8.705e+05 
  2.736e-01  1.544e-07 
  6.773e-01  9.740e-08  9.218e-07 
 -8.773e-02 -6.640e-08  1.107e-08  4.561e-08 
 -6.365e-02 -4.048e-08 -1.450e-08  1.838e-08  2.583e-08 
 -1.486e-02 -3.962e-09 -1.243e-08  1.297e-09  2.504e-10  1.267e-08 
  0.000e+00  0.000e+00  0.000e+00  0.000e+00  0.000e+00  0.000e+00  1.800e+05 
 -1.765e+00 -5.824e-07 -1.464e-06  1.910e-07  1.312e-07  3.024e-08  0.000e+00  3.948e-06 
 -1.370e-02  1.593e-07 -3.797e-07 -9.890e-08 -6.250e-08  3.992e-09  0.000e+00  3.520e-08  6.201e-07 
  6.671e-01  1.076e-07  8.071e-07  8.124e-09 -2.440e-08 -1.018e-08  0.000e+00 -1.442e-06 -2.780e-07  9.164e-07 
 -1.923e+00 -7.609e-07 -1.310e-06  2.778e-07  1.906e-07  3.181e-08  0.000e+00  4.123e-06 -3.554e-07 -1.323e-06  4.972e-06 
  4.509e-03  6.925e-09 -8.011e-09 -3.434e-09 -2.263e-09  9.223e-10  0.000e+00 -7.366e-09  1.613e-08 -6.163e-09 -2.167e-08 
  4.509e-03  6.925e-09 -8.011e-09 -3.434e-09 -2.263e-09  9.223e-10  0.000e+00 -7.366e-09  1.613e-08 -6.163e-09 -2.167e-08  1.291e-08 
 -7.694e-03 -1.909e-09 -4.894e-09  8.077e-10 -2.213e-11  1.712e-10  0.000e+00  1.712e-08  1.801e-09 -4.419e-09  2.060e-08 
 -7.694e-03 -1.909e-09 -4.894e-09  8.077e-10 -2.213e-11  1.712e-10  0.000e+00  1.712e-08  1.801e-09 -4.419e-09  2.060e-08 -3.355e-11  1.407e-08 
 PARAMETER  CORRELATION COEFFICIENTS  
       NO.  GLOBAL      1      3      4      6     10     13     20     21     22     23     24     25     27
        1  0.96543   1.000  0.746  0.756 -0.440 -0.424 -0.141  0.000 -0.952 -0.019  0.747 -0.924  0.043 -0.070
        3  0.96167   0.746  1.000  0.258 -0.791 -0.641 -0.090  0.000 -0.746  0.515  0.286 -0.868  0.155 -0.041
        4  0.94339   0.756  0.258  1.000  0.054 -0.094 -0.115  0.000 -0.767 -0.502  0.878 -0.612 -0.073 -0.043
        6  0.84776  -0.440 -0.791  0.054  1.000  0.535  0.054  0.000  0.450 -0.588  0.040  0.583 -0.142  0.032
       10  0.68730  -0.424 -0.641 -0.094  0.535  1.000  0.014  0.000  0.411 -0.494 -0.159  0.532 -0.124 -0.001
       13  0.17611  -0.141 -0.090 -0.115  0.054  0.014  1.000  0.000  0.135  0.045 -0.094  0.127  0.072  0.013
       20  0.00000   0.000  0.000  0.000  0.000  0.000  0.000  1.000  0.000  0.000  0.000  0.000  0.000  0.000
       21  0.97345  -0.952 -0.746 -0.767  0.450  0.411  0.135  0.000  1.000  0.022 -0.758  0.931 -0.033  0.073
       22  0.86111  -0.019  0.515 -0.502 -0.588 -0.494  0.045  0.000  0.022  1.000 -0.369 -0.202  0.180  0.019
       23  0.90921   0.747  0.286  0.878  0.040 -0.159 -0.094  0.000 -0.758 -0.369  1.000 -0.620 -0.057 -0.039
       24  0.97188  -0.924 -0.868 -0.612  0.583  0.532  0.127  0.000  0.931 -0.202 -0.620  1.000 -0.086  0.078
       25  0.21705   0.043  0.155 -0.073 -0.142 -0.124  0.072  0.000 -0.033  0.180 -0.057 -0.086  1.000 -0.002
       27  0.12856  -0.070 -0.041 -0.043  0.032 -0.001  0.013  0.000  0.073  0.019 -0.039  0.078 -0.002  1.000
MINUIT - FIT ONLY 2-CBO
 **********
 **   25 **RES 
 **********
                   PARAMETER   16  beta_vw RESTORED TO VARIABLE.
                   PARAMETER   14  alpha_vw RESTORED TO VARIABLE.
                   PARAMETER   11  alpha_y RESTORED TO VARIABLE.
                   PARAMETER    9  alpha_2CBO RESTORED TO VARIABLE.
                   PARAMETER    8  beta_CBO RESTORED TO VARIABLE.
 **********
 **   26 **FIX            0
 **********
 PARAMETER    0  IS UNDEFINED. IGNORED.
 **********
 **   27 **FIX            1
 **********
 **********
 **   28 **FIX            2
 **********
 PARAMETER    2  IS CONSTANT.   IGNORED.
 **********
 **   29 **FIX            3
 **********
 **********
 **   30 **FIX            4
 **********
 **********
 **   31 **FIX            5
 **********
 PARAMETER    5  IS CONSTANT.   IGNORED.
 **********
 **   32 **FIX            6
 **********
 **********
 **   33 **FIX            7
 **********
 PARAMETER    7  IS CONSTANT.   IGNORED.
 **********
 **   34 **FIX           10
 **********
 **********
 **   35 **FIX           11
 **********
 **********
 **   36 **FIX           12
 **********
 PARAMETER   12  IS CONSTANT.   IGNORED.
 **********
 **   37 **FIX           13
 **********
 **********
 **   38 **FIX           14
 **********
 **********
 **   39 **FIX           15
 **********
 PARAMETER   15  IS CONSTANT.   IGNORED.
 **********
 **   40 **FIX           16
 **********
 **********
 **   41 **MIGRAD
 **********
 START MIGRAD MINIMIZATION.  STRATEGY  1.  CONVERGENCE WHEN EDM .LT. 1.00e-04
 FCN=1385.45 FROM MIGRAD    STATUS=INITIATE      515 CALLS        2663 TOTAL
                     EDM= unknown      STRATEGY= 1      NO ERROR MATRIX       
  EXT PARAMETER               CURRENT GUESS       STEP         FIRST   
  NO.   NAME      VALUE            ERROR          SIZE      DERIVATIVE 
   1  N0           2.90442e+06     fixed    
   2  tau          6.44000e+01   constant   
   3  A0           3.44099e-01     fixed    
   4  phi          4.07608e+00     fixed    
   5  R           -6.12021e+01   constant   
   6  alpha_CBO    1.11737e-02     fixed    
   7  w_CBO        2.32643e+00   constant   
   8  beta_CBO     0.00000e+00   1.00000e-03   0.00000e+00   8.18656e+04
   9  alpha_2CBO   0.00000e+00   1.00000e-03   0.00000e+00   1.19937e+05
  10  beta_2CBO    1.25449e-03     fixed    
  11  alpha_y      0.00000e+00     fixed    
  12  w_y          1.38965e+01   constant   
  13  beta_y       1.79600e-03     fixed    
  14  alpha_vw     0.00000e+00     fixed    
  15  w_vw         1.43195e+01   constant   
  16  beta_vw      0.00000e+00     fixed    
  17  LM          -3.67547e-05   constant   
  18  zeta_y       0.00000e+00   constant   
  19  zeta_vw      0.00000e+00   constant   
  20  T_CBO        1.00000e+02   5.20646e+02   0.00000e+00   0.00000e+00
  21  alpha_A0     7.50359e-02   1.98708e-03   0.00000e+00  -5.28443e-01
  22  beta_A0      1.37460e-02   7.87471e-04   0.00000e+00   2.94427e-01
  23  alpha_phi   -3.24610e-02   9.57296e-04   0.00000e+00   1.89338e+00
  24  beta_phi     6.99175e-02   2.22989e-03   0.00000e+00  -5.51308e+00
  25  alpha_xy    -1.76964e-04   1.13613e-04   0.00000e+00  -4.84958e+00
  26  w_xy         1.20754e+01   constant   
  27  beta_xy      5.96523e-06   1.18616e-04   0.00000e+00  -8.59115e+00
 MIGRAD MINIMIZATION HAS CONVERGED.
 FCN=1309.17 FROM MIGRAD    STATUS=CONVERGED     634 CALLS        2782 TOTAL
                     EDM=2.15809e-07    STRATEGY= 1  ERROR MATRIX UNCERTAINTY   1.6 per cent
  EXT PARAMETER                                   STEP         FIRST   
  NO.   NAME      VALUE            ERROR          SIZE      DERIVATIVE 
   1  N0           2.90442e+06     fixed    
   2  tau          6.44000e+01   constant   
   3  A0           3.44099e-01     fixed    
   4  phi          4.07608e+00     fixed    
   5  R           -6.12021e+01   constant   
   6  alpha_CBO    1.11737e-02     fixed    
   7  w_CBO        2.32643e+00   constant   
   8  beta_CBO    -5.48422e-04   1.19480e-04  -8.19997e-08   1.06751e+00
   9  alpha_2CBO  -8.97711e-04   1.24010e-04   5.73004e-08  -7.46008e-01
  10  beta_2CBO    1.25449e-03     fixed    
  11  alpha_y      0.00000e+00     fixed    
  12  w_y          1.38965e+01   constant   
  13  beta_y       1.79600e-03     fixed    
  14  alpha_vw     0.00000e+00     fixed    
  15  w_vw         1.43195e+01   constant   
  16  beta_vw      0.00000e+00     fixed    
  17  LM          -3.67547e-05   constant   
  18  zeta_y       0.00000e+00   constant   
  19  zeta_vw      0.00000e+00   constant   
  20  T_CBO        1.00000e+02   5.20646e+02  -0.00000e+00   0.00000e+00
  21  alpha_A0     7.57440e-02   5.09374e-04  -2.94098e-07   2.72501e-01
  22  beta_A0      1.33510e-02   4.11003e-04  -1.42517e-06   6.93999e-01
  23  alpha_phi   -3.30881e-02   4.51175e-04  -4.83904e-07   3.51914e-01
  24  beta_phi     6.87800e-02   5.69284e-04   9.40569e-07  -1.98109e-01
  25  alpha_xy    -1.88332e-04   1.10773e-04   2.33985e-07   6.54053e+00
  26  w_xy         1.20754e+01   constant   
  27  beta_xy     -1.07199e-05   1.17318e-04   9.92806e-09   2.55238e+00
 EXTERNAL ERROR MATRIX.    NDIM=  28    NPAR=  9    ERR DEF=1
  1.428e-08 -5.980e-10  0.000e+00 -3.431e-09  5.519e-09  4.855e-10  2.913e-09 -2.727e-10 -3.270e-10 
 -5.980e-10  1.538e-08  0.000e+00 -9.468e-09  2.833e-09  1.011e-08  1.699e-08  3.713e-10  5.009e-10 
  0.000e+00  0.000e+00  1.800e+05  0.000e+00  0.000e+00  0.000e+00  0.000e+00  0.000e+00  0.000e+00 
 -3.431e-09 -9.468e-09  0.000e+00  2.595e-07  1.540e-08 -7.099e-08  5.304e-08 -2.901e-10 -1.513e-10 
  5.519e-09  2.833e-09  0.000e+00  1.540e-08  1.689e-07  2.442e-08 -2.201e-08  9.047e-10  8.592e-10 
  4.855e-10  1.011e-08  0.000e+00 -7.099e-08  2.442e-08  2.036e-07 -1.756e-08 -3.937e-11  1.708e-09 
  2.913e-09  1.699e-08  0.000e+00  5.304e-08 -2.201e-08 -1.756e-08  3.241e-07  1.265e-10  3.937e-09 
 -2.727e-10  3.713e-10  0.000e+00 -2.901e-10  9.047e-10 -3.937e-11  1.265e-10  1.227e-08  3.939e-13 
 -3.270e-10  5.009e-10  0.000e+00 -1.513e-10  8.592e-10  1.708e-09  3.937e-09  3.939e-13  1.376e-08 
 PARAMETER  CORRELATION COEFFICIENTS  
       NO.  GLOBAL      8      9     20     21     22     23     24     25     27
        8  0.17125   1.000 -0.040  0.000 -0.056  0.112  0.009  0.043 -0.021 -0.023
        9  0.35954  -0.040  1.000  0.000 -0.150  0.056  0.181  0.241  0.027  0.034
       20  0.00000   0.000  0.000  1.000  0.000  0.000  0.000  0.000  0.000  0.000
       21  0.41045  -0.056 -0.150  0.000  1.000  0.074 -0.309  0.183 -0.005 -0.003
       22  0.25898   0.112  0.056  0.000  0.074  1.000  0.132 -0.094  0.020  0.018
       23  0.37053   0.009  0.181  0.000 -0.309  0.132  1.000 -0.068 -0.001  0.032
       24  0.36575   0.043  0.241  0.000  0.183 -0.094 -0.068  1.000  0.002  0.059
       25  0.04074  -0.021  0.027  0.000 -0.005  0.020 -0.001  0.002  1.000  0.000
       27  0.07838  -0.023  0.034  0.000 -0.003  0.018  0.032  0.059  0.000  1.000
MINUIT - FIT wiggle + 1-CBO + 2-CBO
 **********
 **   42 **RES 
 **********
                   PARAMETER   16  beta_vw RESTORED TO VARIABLE.
                   PARAMETER   14  alpha_vw RESTORED TO VARIABLE.
                   PARAMETER   13  beta_y RESTORED TO VARIABLE.
                   PARAMETER   11  alpha_y RESTORED TO VARIABLE.
                   PARAMETER   10  beta_2CBO RESTORED TO VARIABLE.
                   PARAMETER    6  alpha_CBO RESTORED TO VARIABLE.
                   PARAMETER    4  phi RESTORED TO VARIABLE.
                   PARAMETER    3  A0 RESTORED TO VARIABLE.
                   PARAMETER    1  N0 RESTORED TO VARIABLE.
 **********
 **   43 **FIX           10
 **********
 **********
 **   44 **FIX           11
 **********
 **********
 **   45 **FIX           12
 **********
 PARAMETER   12  IS CONSTANT.   IGNORED.
 **********
 **   46 **FIX           13
 **********
 **********
 **   47 **FIX           14
 **********
 **********
 **   48 **FIX           15
 **********
 PARAMETER   15  IS CONSTANT.   IGNORED.
 **********
 **   49 **FIX           16
 **********
 **********
 **   50 **MIGRAD
 **********
 START MIGRAD MINIMIZATION.  STRATEGY  1.  CONVERGENCE WHEN EDM .LT. 1.00e-04
 FCN=1309.17 FROM MIGRAD    STATUS=INITIATE      951 CALLS        3733 TOTAL
                     EDM= unknown      STRATEGY= 1      NO ERROR MATRIX       
  EXT PARAMETER               CURRENT GUESS       STEP         FIRST   
  NO.   NAME      VALUE            ERROR          SIZE      DERIVATIVE 
   1  N0           2.90442e+06   9.33005e+02   0.00000e+00  -2.44443e-03
   2  tau          6.44000e+01   constant   
   3  A0           3.44099e-01   3.92939e-04   0.00000e+00  -2.08165e+04
   4  phi          4.07608e+00   9.60117e-04   0.00000e+00  -1.39838e+03
   5  R           -6.12021e+01   constant   
   6  alpha_CBO    1.11737e-02   2.13569e-04   0.00000e+00  -4.86304e+03
   7  w_CBO        2.32643e+00   constant   
   8  beta_CBO    -5.48422e-04   1.19480e-04   0.00000e+00   1.06752e+00
   9  alpha_2CBO  -8.97711e-04   1.24010e-04   0.00000e+00  -7.46007e-01
  10  beta_2CBO    1.25449e-03     fixed    
  11  alpha_y      0.00000e+00     fixed    
  12  w_y          1.38965e+01   constant   
  13  beta_y       1.79600e-03     fixed    
  14  alpha_vw     0.00000e+00     fixed    
  15  w_vw         1.43195e+01   constant   
  16  beta_vw      0.00000e+00     fixed    
  17  LM          -3.67547e-05   constant   
  18  zeta_y       0.00000e+00   constant   
  19  zeta_vw      0.00000e+00   constant   
  20  T_CBO        1.00000e+02   5.20646e+02   0.00000e+00   0.00000e+00
  21  alpha_A0     7.57440e-02   5.09374e-04   0.00000e+00   2.72501e-01
  22  beta_A0      1.33510e-02   4.11003e-04   0.00000e+00   6.94000e-01
  23  alpha_phi   -3.30881e-02   4.51175e-04   0.00000e+00   3.51904e-01
  24  beta_phi     6.87800e-02   5.69284e-04   0.00000e+00  -1.98110e-01
  25  alpha_xy    -1.88332e-04   1.10773e-04   0.00000e+00   6.54053e+00
  26  w_xy         1.20754e+01   constant   
  27  beta_xy     -1.07199e-05   1.17318e-04   0.00000e+00   2.55238e+00
 MIGRAD MINIMIZATION HAS CONVERGED.
 FCN=1228.69 FROM MIGRAD    STATUS=CONVERGED    1320 CALLS        4102 TOTAL
                     EDM=2.33605e-06    STRATEGY= 1  ERROR MATRIX UNCERTAINTY   3.5 per cent
  EXT PARAMETER                                   STEP         FIRST   
  NO.   NAME      VALUE            ERROR          SIZE      DERIVATIVE 
   1  N0           2.92700e+06   3.06629e+03   3.01140e+01  -3.67811e-06
   2  tau          6.44000e+01   constant   
   3  A0           3.49130e-01   7.40090e-04   7.36420e-06   5.54768e+00
   4  phi          4.10508e+00   4.04114e-03   4.27898e-05   1.80667e+00
   5  R           -6.12021e+01   constant   
   6  alpha_CBO    1.05792e-02   2.01356e-04  -1.38035e-06   2.56180e+00
   7  w_CBO        2.32643e+00   constant   
   8  beta_CBO    -4.06120e-03   5.20329e-04  -5.63932e-06   6.90257e+00
   9  alpha_2CBO  -1.56079e-04   1.76472e-04   1.87763e-06  -7.49923e+00
  10  beta_2CBO    1.25449e-03     fixed    
  11  alpha_y      0.00000e+00     fixed    
  12  w_y          1.38965e+01   constant   
  13  beta_y       1.79600e-03     fixed    
  14  alpha_vw     0.00000e+00     fixed    
  15  w_vw         1.43195e+01   constant   
  16  beta_vw      0.00000e+00     fixed    
  17  LM          -3.67547e-05   constant   
  18  zeta_y       0.00000e+00   constant   
  19  zeta_vw      0.00000e+00   constant   
  20  T_CBO        1.00000e+02   5.20646e+02  -0.00000e+00   0.00000e+00
  21  alpha_A0     2.62265e-02   6.53452e-03  -6.86065e-05   3.68925e+00
  22  beta_A0      1.81938e-04   2.17748e-03  -2.38393e-05  -1.94178e+00
  23  alpha_phi   -8.20249e-03   3.54952e-03   3.81214e-05   2.53840e+00
  24  beta_phi     2.32067e-02   5.93916e-03  -6.13261e-05  -2.53973e+00
  25  alpha_xy    -2.43691e-04   1.16018e-04  -9.03198e-07  -1.86235e+00
  26  w_xy         1.20754e+01   constant   
  27  beta_xy     -6.64103e-05   1.16587e-04  -6.18013e-07  -2.48814e+00
 EXTERNAL ERROR MATRIX.    NDIM=  28    NPAR= 13    ERR DEF=1
 ELEMENTS ABOVE DIAGONAL ARE NOT PRINTED.
  9.402e+06 
  2.146e+00  5.477e-07 
  1.218e+01  2.663e-06  1.633e-05 
 -2.738e-01 -9.467e-08 -2.664e-07  4.054e-08 
 -1.534e+00 -3.418e-07 -2.044e-06  3.711e-08  2.707e-07 
  3.599e-01  6.815e-08  5.148e-07 -8.576e-10 -6.393e-08  3.114e-08 
  0.000e+00  0.000e+00  0.000e+00  0.000e+00  0.000e+00  0.000e+00  1.800e+05 
 -1.995e+01 -4.565e-06 -2.602e-05  5.782e-07  3.275e-06 -7.778e-07  0.000e+00  4.270e-05 
 -6.258e+00 -1.299e-06 -8.564e-06  9.464e-08  1.069e-06 -2.839e-07  0.000e+00  1.341e-05  4.741e-06 
  1.065e+01  2.321e-06  1.423e-05 -2.257e-07 -1.780e-06  4.539e-07  0.000e+00 -2.276e-05 -7.458e-06  1.260e-05 
 -1.804e+01 -4.260e-06 -2.315e-05  6.021e-07  2.936e-06 -6.495e-07  0.000e+00  3.841e-05  1.171e-05 -2.023e-05  3.527e-05 
 -3.565e-02 -4.151e-09 -5.634e-08 -1.132e-09  6.526e-09 -2.597e-09  0.000e+00  7.771e-08  3.548e-08 -4.931e-08  5.753e-08 
 -3.565e-02 -4.151e-09 -5.634e-08 -1.132e-09  6.526e-09 -2.597e-09  0.000e+00  7.771e-08  3.548e-08 -4.931e-08  5.753e-08  1.346e-08 
 -1.038e-02 -4.070e-09 -4.746e-09  1.789e-09  4.466e-10  8.678e-11  0.000e+00  2.109e-08  2.764e-10 -3.563e-09  2.448e-08 
 -1.038e-02 -4.070e-09 -4.746e-09  1.789e-09  4.466e-10  8.678e-11  0.000e+00  2.109e-08  2.764e-10 -3.563e-09  2.448e-08 -1.071e-10  1.359e-08 
 PARAMETER  CORRELATION COEFFICIENTS  
       NO.  GLOBAL      1      3      4      6      8      9     20     21     22     23     24     25     27
        1  0.99682   1.000  0.945  0.983 -0.443 -0.962  0.665  0.000 -0.996 -0.937  0.979 -0.991 -0.100 -0.029
        3  0.98883   0.945  1.000  0.891 -0.635 -0.887  0.522  0.000 -0.944 -0.806  0.883 -0.969 -0.048 -0.047
        4  0.99689   0.983  0.891  1.000 -0.327 -0.972  0.722  0.000 -0.985 -0.973  0.992 -0.965 -0.120 -0.010
        6  0.83467  -0.443 -0.635 -0.327  1.000  0.354 -0.024  0.000  0.439  0.216 -0.316  0.504 -0.048  0.076
        8  0.97404  -0.962 -0.887 -0.972  0.354  1.000 -0.696  0.000  0.963  0.943 -0.964  0.950  0.108  0.007
        9  0.78702   0.665  0.522  0.722 -0.024 -0.696  1.000  0.000 -0.674 -0.739  0.725 -0.620 -0.127  0.004
       20  0.00000   0.000  0.000  0.000  0.000  0.000  0.000  1.000  0.000  0.000  0.000  0.000  0.000  0.000
       21  0.99769  -0.996 -0.944 -0.985  0.439  0.963 -0.674  0.000  1.000  0.942 -0.981  0.990  0.103  0.028
       22  0.98335  -0.937 -0.806 -0.973  0.216  0.943 -0.739  0.000  0.942  1.000 -0.965  0.906  0.140  0.001
       23  0.99360   0.979  0.883  0.992 -0.316 -0.964  0.725  0.000 -0.981 -0.965  1.000 -0.960 -0.120 -0.009
       24  0.99632  -0.991 -0.969 -0.965  0.504  0.950 -0.620  0.000  0.990  0.906 -0.960  1.000  0.083  0.035
       25  0.18466  -0.100 -0.048 -0.120 -0.048  0.108 -0.127  0.000  0.103  0.140 -0.120  0.083  1.000 -0.008
       27  0.12445  -0.029 -0.047 -0.010  0.076  0.007  0.004  0.000  0.028  0.001 -0.009  0.035 -0.008  1.000
MINUIT - FIT ONLY 1-y
 **********
 **   51 **RES 
 **********
                   PARAMETER   16  beta_vw RESTORED TO VARIABLE.
                   PARAMETER   14  alpha_vw RESTORED TO VARIABLE.
                   PARAMETER   13  beta_y RESTORED TO VARIABLE.
                   PARAMETER   11  alpha_y RESTORED TO VARIABLE.
                   PARAMETER   10  beta_2CBO RESTORED TO VARIABLE.
 **********
 **   52 **FIX            0
 **********
 PARAMETER    0  IS UNDEFINED. IGNORED.
 **********
 **   53 **FIX            1
 **********
 **********
 **   54 **FIX            2
 **********
 PARAMETER    2  IS CONSTANT.   IGNORED.
 **********
 **   55 **FIX            3
 **********
 **********
 **   56 **FIX            4
 **********
 **********
 **   57 **FIX            5
 **********
 PARAMETER    5  IS CONSTANT.   IGNORED.
 **********
 **   58 **FIX            6
 **********
 **********
 **   59 **FIX            7
 **********
 PARAMETER    7  IS CONSTANT.   IGNORED.
 **********
 **   60 **FIX            8
 **********
 **********
 **   61 **FIX            9
 **********
 **********
 **   62 **FIX           13
 **********
 **********
 **   63 **FIX           14
 **********
 **********
 **   64 **FIX           15
 **********
 PARAMETER   15  IS CONSTANT.   IGNORED.
 **********
 **   65 **FIX           16
 **********
 **********
 **   66 **MIGRAD
 **********
 START MIGRAD MINIMIZATION.  STRATEGY  1.  CONVERGENCE WHEN EDM .LT. 1.00e-04
 FCN=1228.69 FROM MIGRAD    STATUS=INITIATE      513 CALLS        4615 TOTAL
                     EDM= unknown      STRATEGY= 1      NO ERROR MATRIX       
  EXT PARAMETER               CURRENT GUESS       STEP         FIRST   
  NO.   NAME      VALUE            ERROR          SIZE      DERIVATIVE 
   1  N0           2.92700e+06     fixed    
   2  tau          6.44000e+01   constant   
   3  A0           3.49130e-01     fixed    
   4  phi          4.10508e+00     fixed    
   5  R           -6.12021e+01   constant   
   6  alpha_CBO    1.05792e-02     fixed    
   7  w_CBO        2.32643e+00   constant   
   8  beta_CBO    -4.06120e-03     fixed    
   9  alpha_2CBO  -1.56079e-04     fixed    
  10  beta_2CBO    1.25449e-03   1.60730e-04   0.00000e+00   7.72637e+04
  11  alpha_y      0.00000e+00   1.00000e-03   0.00000e+00   5.43472e+05
  12  w_y          1.38965e+01   constant   
  13  beta_y       1.79600e-03     fixed    
  14  alpha_vw     0.00000e+00     fixed    
  15  w_vw         1.43195e+01   constant   
  16  beta_vw      0.00000e+00     fixed    
  17  LM          -3.67547e-05   constant   
  18  zeta_y       0.00000e+00   constant   
  19  zeta_vw      0.00000e+00   constant   
  20  T_CBO        1.00000e+02   5.20646e+02   0.00000e+00   0.00000e+00
  21  alpha_A0     2.62265e-02   6.53452e-03   0.00000e+00   3.68925e+00
  22  beta_A0      1.81938e-04   2.17748e-03   0.00000e+00  -1.94178e+00
  23  alpha_phi   -8.20249e-03   3.54952e-03   0.00000e+00   2.53839e+00
  24  beta_phi     2.32067e-02   5.93916e-03   0.00000e+00  -2.53973e+00
  25  alpha_xy    -2.43691e-04   1.16018e-04   0.00000e+00  -1.86235e+00
  26  w_xy         1.20754e+01   constant   
  27  beta_xy     -6.64103e-05   1.16587e-04   0.00000e+00  -2.48815e+00
 MIGRAD MINIMIZATION HAS CONVERGED.
 FCN=187.658 FROM MIGRAD    STATUS=CONVERGED     631 CALLS        4733 TOTAL
                     EDM=6.02717e-06    STRATEGY= 1  ERROR MATRIX UNCERTAINTY   1.6 per cent
  EXT PARAMETER                                   STEP         FIRST   
  NO.   NAME      VALUE            ERROR          SIZE      DERIVATIVE 
   1  N0           2.92700e+06     fixed    
   2  tau          6.44000e+01   constant   
   3  A0           3.49130e-01     fixed    
   4  phi          4.10508e+00     fixed    
   5  R           -6.12021e+01   constant   
   6  alpha_CBO    1.05792e-02     fixed    
   7  w_CBO        2.32643e+00   constant   
   8  beta_CBO    -4.06120e-03     fixed    
   9  alpha_2CBO  -1.56079e-04     fixed    
  10  beta_2CBO    7.27488e-04   1.20410e-04  -6.01174e-07  -1.62778e+01
  11  alpha_y     -3.75588e-03   1.17564e-04   1.48045e-07   2.51257e+00
  12  w_y          1.38965e+01   constant   
  13  beta_y       1.79600e-03     fixed    
  14  alpha_vw     0.00000e+00     fixed    
  15  w_vw         1.43195e+01   constant   
  16  beta_vw      0.00000e+00     fixed    
  17  LM          -3.67547e-05   constant   
  18  zeta_y       0.00000e+00   constant   
  19  zeta_vw      0.00000e+00   constant   
  20  T_CBO        1.00000e+02   5.20646e+02  -0.00000e+00   0.00000e+00
  21  alpha_A0     2.63908e-02   4.63820e-04  -2.85986e-06   4.73178e+00
  22  beta_A0      1.23430e-03   4.22595e-04  -1.01225e-06  -1.44014e+00
  23  alpha_phi   -7.99017e-03   4.07111e-04  -2.23449e-07  -8.99020e+00
  24  beta_phi     2.31250e-02   5.18659e-04  -2.49579e-06   1.37805e-01
  25  alpha_xy    -4.44809e-04   1.13757e-04  -1.04377e-07   2.29639e+00
  26  w_xy         1.20754e+01   constant   
  27  beta_xy      4.88069e-04   1.17561e-04  -1.11601e-07  -4.40392e+00
 EXTERNAL ERROR MATRIX.    NDIM=  28    NPAR=  9    ERR DEF=1
  1.450e-08 -7.886e-11  0.000e+00 -2.629e-09 -1.496e-08 -1.061e-08  6.814e-09 -6.362e-11 -6.322e-10 
 -7.886e-11  1.382e-08  0.000e+00 -6.010e-10 -1.696e-09  1.225e-09 -6.832e-10  7.441e-10 -1.938e-09 
  0.000e+00  0.000e+00  1.800e+05  0.000e+00  0.000e+00  0.000e+00  0.000e+00  0.000e+00  0.000e+00 
 -2.629e-09 -6.010e-10  0.000e+00  2.151e-07  3.151e-08 -2.837e-08  4.427e-08  9.817e-10  1.992e-09 
 -1.496e-08 -1.696e-09  0.000e+00  3.151e-08  1.786e-07  2.529e-08 -1.819e-08  2.292e-09  2.205e-09 
 -1.061e-08  1.225e-09  0.000e+00 -2.837e-08  2.529e-08  1.657e-07 -1.848e-08 -5.133e-10 -1.071e-10 
  6.814e-09 -6.832e-10  0.000e+00  4.427e-08 -1.819e-08 -1.848e-08  2.690e-07 -4.158e-10  3.103e-09 
 -6.362e-11  7.441e-10  0.000e+00  9.817e-10  2.292e-09 -5.133e-10 -4.158e-10  1.294e-08  1.399e-10 
 -6.322e-10 -1.938e-09  0.000e+00  1.992e-09  2.205e-09 -1.071e-10  3.103e-09  1.399e-10  1.382e-08 
 PARAMETER  CORRELATION COEFFICIENTS  
       NO.  GLOBAL     10     11     20     21     22     23     24     25     27
       10  0.35496   1.000 -0.006  0.000 -0.047 -0.294 -0.216  0.109 -0.005 -0.045
       11  0.15840  -0.006  1.000  0.000 -0.011 -0.034  0.026 -0.011  0.056 -0.140
       20  0.00000   0.000  0.000  1.000  0.000  0.000  0.000  0.000  0.000  0.000
       21  0.30589  -0.047 -0.011  0.000  1.000  0.161 -0.150  0.184  0.019  0.037
       22  0.36120  -0.294 -0.034  0.000  0.161  1.000  0.147 -0.083  0.048  0.044
       23  0.29505  -0.216  0.026  0.000 -0.150  0.147  1.000 -0.088 -0.011 -0.002
       24  0.24097   0.109 -0.011  0.000  0.184 -0.083 -0.088  1.000 -0.007  0.051
       25  0.07999  -0.005  0.056  0.000  0.019  0.048 -0.011 -0.007  1.000  0.010
       27  0.16205  -0.045 -0.140  0.000  0.037  0.044 -0.002  0.051  0.010  1.000
MINUIT - FIT ONLY 2-y
 **********
 **   67 **RES 
 **********
                   PARAMETER   16  beta_vw RESTORED TO VARIABLE.
                   PARAMETER   14  alpha_vw RESTORED TO VARIABLE.
                   PARAMETER   13  beta_y RESTORED TO VARIABLE.
                   PARAMETER    9  alpha_2CBO RESTORED TO VARIABLE.
