 + ++++++++++++++++++++++++++++++++++++++++++++++++++++++++++++++++++++ +
 +                                                                      +
 +           You have chose to blind your fitting according to          +
 +                omega_ref * (1 + (R +/- deltaR) *10^{-6})             +
 +                                                                      +
 + ++++++++++++++++++++++++++++++++++++++++++++++++++++++++++++++++++++ +
In main()...
reading format from /gm2data/zkhechad/run45/envelope/formats/formatB_sBin_constraintOn.txt
pBinTau 	= 0  
pBinPhi 	= 0  
constraintau 	= 1 
includeMopTerm 	= 0    
constrainMop    = 0   
Parameters after format file: pBinTau 0 pBinPhi 0 constraintau 1 includeMopTerm 0 constrainMop 0 c_e_scale 0.000000 
Opening file /gm2data/tbarrett/gm2fr/studies/run23_bunch_corrections/CorrectedFourier_Run3b.root.
reading full fit data from /gm2data/zkhechad/cboTemplates/Run4CBOTemplates/templateFits0_v2.0/noRF/sBin_constraintOn_cE0.0_seed0_noRF_calo19.root
windowBins = 17
fitting sliding window 432 from bin 568 at 84.596400 to bin 585 at 87.282000 (17 bins)

Reading data from /gm2data/cornell/histograms/aMethod/histogram_a_noRF.root
 **********
 **    1 **SET PRINTOUT            1
 **********
 **********
 **    2 **SET NOWARNINGS 
 **********
 PARAMETER DEFINITIONS:
    NO.   NAME         VALUE      STEP SIZE      LIMITS
     1 N0           3.18982e+06  1.00000e+02     no limits
     2 tau          6.43968e+01  constant
     3 A0           3.47817e-01  1.00000e-04     no limits
     4 phi          4.13212e+00  1.00000e-02     no limits
     5 R           -6.01460e+01  constant
     6 alpha_CBO    0.00000e+00  1.00000e-03     no limits
     7 w_CBO        2.32500e+00  constant
     8 beta_CBO     0.00000e+00  1.00000e-03     no limits
     9 alpha_2CBO   0.00000e+00  1.00000e-03     no limits
    10 beta_2CBO    0.00000e+00  1.00000e-03     no limits
    11 alpha_y      0.00000e+00  1.00000e-03     no limits
    12 w_y          1.44500e+01  constant
    13 beta_y       0.00000e+00  1.00000e-03     no limits
    14 alpha_vw     0.00000e+00  1.00000e-03     no limits
    15 w_vw         1.29000e+01  constant
    16 beta_vw      0.00000e+00  1.00000e-03     no limits
    17 LM          -1.51189e-04  constant
    18 zeta_y       0.00000e+00  constant
    19 zeta_vw      0.00000e+00  constant
    20 T_CBO        1.00000e+02  1.00000e+00    0.00000e+00  1.00000e+03
    21 alpha_A0     0.00000e+00  1.00000e-03     no limits
    22 beta_A0      0.00000e+00  1.00000e-03     no limits
    23 alpha_phi    0.00000e+00  1.00000e-03     no limits
    24 beta_phi     0.00000e+00  1.00000e-03     no limits
MINUIT - FIT ONLY WIGGLE
 **********
 **    3 **FIX            5
 **********
 PARAMETER    5  IS CONSTANT.   IGNORED.
 **********
 **    4 **FIX            6
 **********
 **********
 **    5 **FIX            7
 **********
 PARAMETER    7  IS CONSTANT.   IGNORED.
 **********
 **    6 **FIX            8
 **********
 **********
 **    7 **FIX            9
 **********
 **********
 **    8 **FIX           10
 **********
 **********
 **    9 **FIX           11
 **********
 **********
 **   10 **FIX           12
 **********
 PARAMETER   12  IS CONSTANT.   IGNORED.
 **********
 **   11 **FIX           13
 **********
 **********
 **   12 **FIX           14
 **********
 **********
 **   13 **FIX           15
 **********
 PARAMETER   15  IS CONSTANT.   IGNORED.
 **********
 **   14 **FIX           16
 **********
 **********
 **   15 **MIGRAD
 **********
 FIRST CALL TO USER FUNCTION AT NEW START POINT, WITH IFLAG=4.
 START MIGRAD MINIMIZATION.  STRATEGY  1.  CONVERGENCE WHEN EDM .LT. 1.00e-04
 FCN=1273.63 FROM MIGRAD    STATUS=INITIATE      437 CALLS         438 TOTAL
                     EDM= unknown      STRATEGY= 1      NO ERROR MATRIX       
  EXT PARAMETER               CURRENT GUESS       STEP         FIRST   
  NO.   NAME      VALUE            ERROR          SIZE      DERIVATIVE 
   1  N0           3.18982e+06   1.00000e+02   0.00000e+00   2.66569e-02
   2  tau          6.43968e+01   constant   
   3  A0           3.47817e-01   1.00000e-04   0.00000e+00   1.17375e+05
   4  phi          4.13212e+00   1.00000e-02   0.00000e+00  -7.66414e+04
   5  R           -6.01460e+01   constant   
   6  alpha_CBO    0.00000e+00     fixed    
   7  w_CBO        2.32500e+00   constant   
   8  beta_CBO     0.00000e+00     fixed    
   9  alpha_2CBO   0.00000e+00     fixed    
  10  beta_2CBO    0.00000e+00     fixed    
  11  alpha_y      0.00000e+00     fixed    
  12  w_y          1.44500e+01   constant   
  13  beta_y       0.00000e+00     fixed    
  14  alpha_vw     0.00000e+00     fixed    
  15  w_vw         1.29000e+01   constant   
  16  beta_vw      0.00000e+00     fixed    
  17  LM          -1.51189e-04   constant   
  18  zeta_y       0.00000e+00   constant   
  19  zeta_vw      0.00000e+00   constant   
  20  T_CBO        1.00000e+02   1.00000e+00   0.00000e+00   0.00000e+00
  21  alpha_A0     0.00000e+00   1.00000e-03   0.00000e+00  -2.05493e+03
  22  beta_A0      0.00000e+00   1.00000e-03   0.00000e+00  -8.00125e+03
  23  alpha_phi    0.00000e+00   1.00000e-03   0.00000e+00  -1.57358e+04
  24  beta_phi     0.00000e+00   1.00000e-03   0.00000e+00  -1.38474e+04
 MIGRAD MINIMIZATION HAS CONVERGED.
 FCN=64.5456 FROM MIGRAD    STATUS=CONVERGED    1188 CALLS        1189 TOTAL
                     EDM=4.36109e-06    STRATEGY= 1  ERROR MATRIX UNCERTAINTY   2.5 per cent
  EXT PARAMETER                                   STEP         FIRST   
  NO.   NAME      VALUE            ERROR          SIZE      DERIVATIVE 
   1  N0           3.19254e+06   1.20454e+03  -3.05065e+00   3.25941e-06
   2  tau          6.43968e+01   constant   
   3  A0           3.41481e-01   1.05011e-03   2.54240e-06   2.50128e+00
   4  phi          4.19238e+00   1.67205e-02   5.10400e-05  -9.05120e-01
   5  R           -6.01460e+01   constant   
   6  alpha_CBO    0.00000e+00     fixed    
   7  w_CBO        2.32500e+00   constant   
   8  beta_CBO     0.00000e+00     fixed    
   9  alpha_2CBO   0.00000e+00     fixed    
  10  beta_2CBO    0.00000e+00     fixed    
  11  alpha_y      0.00000e+00     fixed    
  12  w_y          1.44500e+01   constant   
  13  beta_y       0.00000e+00     fixed    
  14  alpha_vw     0.00000e+00     fixed    
  15  w_vw         1.29000e+01   constant   
  16  beta_vw      0.00000e+00     fixed    
  17  LM          -1.51189e-04   constant   
  18  zeta_y       0.00000e+00   constant   
  19  zeta_vw      0.00000e+00   constant   
  20  T_CBO        4.65479e+01   1.88787e+00  -6.13848e-06   7.79567e-01
  21  alpha_A0     8.07746e-02   1.54630e-02   3.51135e-05   5.34175e-01
  22  beta_A0     -3.75855e-01   1.50621e-01  -4.54956e-04   8.53633e-03
  23  alpha_phi   -3.31699e-01   1.68595e-01  -4.81634e-04  -6.96855e-02
  24  beta_phi    -1.17226e-02   2.38701e-02  -8.37999e-05  -5.64566e-03
 EXTERNAL ERROR MATRIX.    NDIM=  25    NPAR=  8    ERR DEF=1
  1.451e+06 -1.093e+00 -1.048e+01  7.686e+02 -1.082e+01  8.889e+01  1.016e+02  8.970e+00 
 -1.093e+00  1.103e-06  1.373e-05 -1.225e-03  1.296e-05 -1.205e-04 -1.365e-04 -1.519e-05 
 -1.048e+01  1.373e-05  2.796e-04 -2.743e-02  2.530e-04 -2.511e-03 -2.807e-03 -3.778e-04 
  7.686e+02 -1.225e-03 -2.743e-02  3.564e+00 -2.428e-02  2.559e-01  2.879e-01  4.062e-02 
 -1.082e+01  1.296e-05  2.530e-04 -2.428e-02  2.391e-04 -2.253e-03 -2.534e-03 -3.248e-04 
  8.889e+01 -1.205e-04 -2.511e-03  2.559e-01 -2.253e-03  2.269e-02  2.537e-02  3.465e-03 
  1.016e+02 -1.365e-04 -2.807e-03  2.879e-01 -2.534e-03  2.537e-02  2.842e-02  3.849e-03 
  8.970e+00 -1.519e-05 -3.778e-04  4.062e-02 -3.248e-04  3.465e-03  3.849e-03  5.698e-04 
 PARAMETER  CORRELATION COEFFICIENTS  
       NO.  GLOBAL      1      3      4     20     21     22     23     24
        1  0.92905   1.000 -0.864 -0.520  0.338 -0.581  0.490  0.500  0.312
        3  0.97420  -0.864  1.000  0.782 -0.618  0.798 -0.762 -0.771 -0.606
        4  0.99976  -0.520  0.782  1.000 -0.869  0.979 -0.997 -0.996 -0.947
       20  0.98367   0.338 -0.618 -0.869  1.000 -0.832  0.900  0.905  0.901
       21  0.99526  -0.581  0.798  0.979 -0.832  1.000 -0.967 -0.972 -0.880
       22  0.99988   0.490 -0.762 -0.997  0.900 -0.967  1.000  0.999  0.964
       23  0.99951   0.500 -0.771 -0.996  0.905 -0.972  0.999  1.000  0.956
       24  0.99514   0.312 -0.606 -0.947  0.901 -0.880  0.964  0.956  1.000
MINUIT - FIT ONLY 1-CBO + wiggle
 **********
 **   16 **RES 
 **********
                   PARAMETER   16  beta_vw RESTORED TO VARIABLE.
                   PARAMETER   14  alpha_vw RESTORED TO VARIABLE.
                   PARAMETER   13  beta_y RESTORED TO VARIABLE.
                   PARAMETER   11  alpha_y RESTORED TO VARIABLE.
                   PARAMETER   10  beta_2CBO RESTORED TO VARIABLE.
                   PARAMETER    9  alpha_2CBO RESTORED TO VARIABLE.
                   PARAMETER    8  beta_CBO RESTORED TO VARIABLE.
                   PARAMETER    6  alpha_CBO RESTORED TO VARIABLE.
 **********
 **   17 **FIX            8
 **********
 **********
 **   18 **FIX            9
 **********
 **********
 **   19 **FIX           11
 **********
 **********
 **   20 **FIX           12
 **********
 PARAMETER   12  IS CONSTANT.   IGNORED.
 **********
 **   21 **FIX           14
 **********
 **********
 **   22 **FIX           15
 **********
 PARAMETER   15  IS CONSTANT.   IGNORED.
 **********
 **   23 **FIX           16
 **********
 **********
 **   24 **MIGRAD
 **********
 START MIGRAD MINIMIZATION.  STRATEGY  1.  CONVERGENCE WHEN EDM .LT. 1.00e-04
 FCN=64.5456 FROM MIGRAD    STATUS=INITIATE       28 CALLS        1217 TOTAL
                     EDM= unknown      STRATEGY= 1      NO ERROR MATRIX       
  EXT PARAMETER               CURRENT GUESS       STEP         FIRST   
  NO.   NAME      VALUE            ERROR          SIZE      DERIVATIVE 
   1  N0           3.19254e+06   1.20454e+03  -3.05065e+00   3.25941e-06
   2  tau          6.43968e+01   constant   
   3  A0           3.41481e-01   1.05011e-03   2.54240e-06   2.50128e+00
   4  phi          4.19238e+00   1.67205e-02   5.10400e-05  -9.05122e-01
   5  R           -6.01460e+01   constant   
   6  alpha_CBO    0.00000e+00   1.00000e-03   1.00000e-03   2.29734e+02
   7  w_CBO        2.32500e+00   constant   
   8  beta_CBO     0.00000e+00     fixed    
   9  alpha_2CBO   0.00000e+00     fixed    
  10  beta_2CBO    0.00000e+00   1.00000e-03   1.00000e-03   4.81945e+02
  11  alpha_y      0.00000e+00     fixed    
  12  w_y          1.44500e+01   constant   
  13  beta_y       0.00000e+00   1.00000e-03   1.00000e-03  -3.01201e+04
  14  alpha_vw     0.00000e+00     fixed    
  15  w_vw         1.29000e+01   constant   
  16  beta_vw      0.00000e+00     fixed    
  17  LM          -1.51189e-04   constant   
  18  zeta_y       0.00000e+00   constant   
  19  zeta_vw      0.00000e+00   constant   
  20  T_CBO        4.65479e+01   1.88787e+00  -6.13848e-06   7.79568e-01
  21  alpha_A0     8.07746e-02   1.54630e-02   3.51135e-05   5.34177e-01
  22  beta_A0     -3.75855e-01   1.50621e-01  -4.54956e-04   8.53666e-03
  23  alpha_phi   -3.31699e-01   1.68595e-01  -4.81634e-04  -6.96855e-02
  24  beta_phi    -1.17226e-02   2.38701e-02  -8.37999e-05  -5.64571e-03
 MIGRAD MINIMIZATION HAS CONVERGED.
 MIGRAD WILL VERIFY CONVERGENCE AND ERROR MATRIX.
 FCN=52.4029 FROM MIGRAD    STATUS=CONVERGED    1320 CALLS        2509 TOTAL
                     EDM=6.79354e-06    STRATEGY= 1      ERR MATRIX NOT POS-DEF
  EXT PARAMETER                APPROXIMATE        STEP         FIRST   
  NO.   NAME      VALUE            ERROR          SIZE      DERIVATIVE 
   1  N0           3.20752e+06   5.35032e+03   1.76051e+00   1.02280e-06
   2  tau          6.43968e+01   constant   
   3  A0           3.49747e-01   1.58106e-03   1.07957e-06   1.92143e+00
   4  phi          4.25444e+00   8.38143e-03   2.26741e-06   6.95329e-01
   5  R           -6.01460e+01   constant   
   6  alpha_CBO   -8.28489e-03   2.33111e-03   7.55320e-07   1.60044e+00
   7  w_CBO        2.32500e+00   constant   
   8  beta_CBO     0.00000e+00     fixed    
   9  alpha_2CBO   0.00000e+00     fixed    
  10  beta_2CBO    3.38461e-04   7.52923e-04   7.61419e-07  -1.99356e-01
  11  alpha_y      0.00000e+00     fixed    
  12  w_y          1.44500e+01   constant   
  13  beta_y       7.21102e-04   2.23023e-04   7.61484e-07  -1.39984e+00
  14  alpha_vw     0.00000e+00     fixed    
  15  w_vw         1.29000e+01   constant   
  16  beta_vw      0.00000e+00     fixed    
  17  LM          -1.51189e-04   constant   
  18  zeta_y       0.00000e+00   constant   
  19  zeta_vw      0.00000e+00   constant   
  20  T_CBO        5.60349e+01   3.29255e+00   3.99157e-06  -6.04034e-01
  21  alpha_A0    -4.35363e-02   3.74020e-02   1.38457e-05   1.10934e-01
  22  beta_A0     -5.64712e-01   4.98445e-02   1.59991e-05   1.06856e-01
  23  alpha_phi   -4.61012e-01   6.11414e-02   2.06428e-05   5.81874e-02
  24  beta_phi     7.24787e-02   4.25474e-02   1.90162e-05  -1.31887e-01
 EXTERNAL ERROR MATRIX.    NDIM=  25    NPAR= 11    ERR DEF=1
  2.863e+07 
  3.992e+00  2.500e-06 
  3.927e-01  8.863e-06  7.025e-05 
 -5.954e-01 -9.051e-07 -1.015e-05  5.434e-06 
 -8.204e-01 -3.293e-07  6.380e-07 -1.152e-06  5.669e-07 
  1.654e-03 -1.066e-08 -2.105e-08  6.397e-08  6.493e-09  4.974e-08 
  1.921e+03  1.506e-03  9.933e-03  2.898e-04 -3.692e-04  3.384e-05  1.084e+01 
 -1.940e+02 -2.768e-05  2.171e-05  8.956e-06  4.370e-06  2.104e-07  6.393e-03  1.399e-03 
  2.322e+01 -1.580e-05 -1.590e-04  3.288e-05 -7.938e-06 -1.932e-07  1.139e-01 -1.630e-05  2.484e-03 
 -2.680e+01 -3.094e-05 -8.597e-05 -7.958e-05  2.851e-05 -1.066e-06  5.360e-02  1.296e-04  1.551e-03  3.738e-03 
  2.064e+02  3.092e-05 -6.866e-05  1.137e-06 -9.010e-06 -4.133e-07 -1.837e-02 -1.521e-03  7.858e-05 -2.988e-04  1.810e-03 
ERR MATRIX NOT POS-DEF
 PARAMETER  CORRELATION COEFFICIENTS  
       NO.  GLOBAL      1      3      4      6     10     13     20     21     22     23     24
        1  0.99572   1.000  0.472  0.009 -0.048 -0.204  0.001  0.109 -0.970  0.087 -0.082  0.907
        3  0.98158   0.472  1.000  0.669 -0.246 -0.277 -0.030  0.289 -0.468 -0.200 -0.320  0.460
        4  0.99713   0.009  0.669  1.000 -0.520  0.101 -0.011  0.360  0.069 -0.381 -0.168 -0.193
        6  0.99588  -0.048 -0.246 -0.520  1.000 -0.656  0.123  0.038  0.103  0.283 -0.558  0.011
       10  0.95915  -0.204 -0.277  0.101 -0.656  1.000  0.039 -0.149  0.155 -0.212  0.619 -0.281
       13  0.29615   0.001 -0.030 -0.011  0.123  0.039  1.000  0.046  0.025 -0.017 -0.078 -0.044
       20  0.99696   0.109  0.289  0.360  0.038 -0.149  0.046  1.000  0.052  0.694  0.266 -0.131
       21  0.99463  -0.970 -0.468  0.069  0.103  0.155  0.025  0.052  1.000 -0.009  0.057 -0.956
       22  0.99596   0.087 -0.200 -0.381  0.283 -0.212 -0.017  0.694 -0.009  1.000  0.509  0.037
       23  0.99553  -0.082 -0.320 -0.168 -0.558  0.619 -0.078  0.266  0.057  0.509  1.000 -0.115
       24  0.99216   0.907  0.460 -0.193  0.011 -0.281 -0.044 -0.131 -0.956  0.037 -0.115  1.000
 ERR MATRIX NOT POS-DEF
MINUIT - FIT ONLY 2-CBO
 **********
 **   25 **RES 
 **********
                   PARAMETER   16  beta_vw RESTORED TO VARIABLE.
                   PARAMETER   14  alpha_vw RESTORED TO VARIABLE.
                   PARAMETER   11  alpha_y RESTORED TO VARIABLE.
                   PARAMETER    9  alpha_2CBO RESTORED TO VARIABLE.
                   PARAMETER    8  beta_CBO RESTORED TO VARIABLE.
 **********
 **   26 **FIX            0
 **********
 PARAMETER    0  IS UNDEFINED. IGNORED.
 **********
 **   27 **FIX            1
 **********
 **********
 **   28 **FIX            2
 **********
 PARAMETER    2  IS CONSTANT.   IGNORED.
 **********
 **   29 **FIX            3
 **********
 **********
 **   30 **FIX            4
 **********
 **********
 **   31 **FIX            5
 **********
 PARAMETER    5  IS CONSTANT.   IGNORED.
 **********
 **   32 **FIX            6
 **********
 **********
 **   33 **FIX            7
 **********
 PARAMETER    7  IS CONSTANT.   IGNORED.
 **********
 **   34 **FIX           10
 **********
 **********
 **   35 **FIX           11
 **********
 **********
 **   36 **FIX           12
 **********
 PARAMETER   12  IS CONSTANT.   IGNORED.
 **********
 **   37 **FIX           13
 **********
 **********
 **   38 **FIX           14
 **********
 **********
 **   39 **FIX           15
 **********
 PARAMETER   15  IS CONSTANT.   IGNORED.
 **********
 **   40 **FIX           16
 **********
 **********
 **   41 **MIGRAD
 **********
 START MIGRAD MINIMIZATION.  STRATEGY  1.  CONVERGENCE WHEN EDM .LT. 1.00e-04
 FCN=52.4029 FROM MIGRAD    STATUS=INITIATE       18 CALLS        2527 TOTAL
                     EDM= unknown      STRATEGY= 1      NO ERROR MATRIX       
  EXT PARAMETER               CURRENT GUESS       STEP         FIRST   
  NO.   NAME      VALUE            ERROR          SIZE      DERIVATIVE 
   1  N0           3.20752e+06     fixed    
   2  tau          6.43968e+01   constant   
   3  A0           3.49747e-01     fixed    
   4  phi          4.25444e+00     fixed    
   5  R           -6.01460e+01   constant   
   6  alpha_CBO   -8.28489e-03     fixed    
   7  w_CBO        2.32500e+00   constant   
   8  beta_CBO     0.00000e+00   1.00000e-03   1.00000e-03  -4.16466e+00
   9  alpha_2CBO   0.00000e+00   1.00000e-03   1.00000e-03   9.87692e+01
  10  beta_2CBO    3.38461e-04     fixed    
  11  alpha_y      0.00000e+00     fixed    
  12  w_y          1.44500e+01   constant   
  13  beta_y       7.21102e-04     fixed    
  14  alpha_vw     0.00000e+00     fixed    
  15  w_vw         1.29000e+01   constant   
  16  beta_vw      0.00000e+00     fixed    
  17  LM          -1.51189e-04   constant   
  18  zeta_y       0.00000e+00   constant   
  19  zeta_vw      0.00000e+00   constant   
  20  T_CBO        5.60349e+01   3.29255e+00   3.99157e-06  -6.04022e-01
  21  alpha_A0    -4.35363e-02   3.74020e-02   1.38457e-05   1.10939e-01
  22  beta_A0     -5.64712e-01   4.98445e-02   1.59991e-05   1.06853e-01
  23  alpha_phi   -4.61012e-01   6.11414e-02   2.06428e-05   5.81879e-02
  24  beta_phi     7.24787e-02   4.25474e-02   1.90162e-05  -1.31886e-01
 MIGRAD MINIMIZATION HAS CONVERGED.
 MIGRAD WILL VERIFY CONVERGENCE AND ERROR MATRIX.
 COVARIANCE MATRIX CALCULATED SUCCESSFULLY
 FCN=52.4014 FROM MIGRAD    STATUS=CONVERGED     149 CALLS        2658 TOTAL
                     EDM=4.74265e-05    STRATEGY= 1      ERROR MATRIX ACCURATE 
  EXT PARAMETER                                   STEP         FIRST   
  NO.   NAME      VALUE            ERROR          SIZE      DERIVATIVE 
   1  N0           3.20752e+06     fixed    
   2  tau          6.43968e+01   constant   
   3  A0           3.49747e-01     fixed    
   4  phi          4.25444e+00     fixed    
   5  R           -6.01460e+01   constant   
   6  alpha_CBO   -8.28489e-03     fixed    
   7  w_CBO        2.32500e+00   constant   
   8  beta_CBO    -3.34710e-05   1.26201e-03   8.05008e-07   3.39129e+00
   9  alpha_2CBO  -3.09836e-05   8.09842e-04   7.97803e-07   1.36358e+01
  10  beta_2CBO    3.38461e-04     fixed    
  11  alpha_y      0.00000e+00     fixed    
  12  w_y          1.44500e+01   constant   
  13  beta_y       7.21102e-04     fixed    
  14  alpha_vw     0.00000e+00     fixed    
  15  w_vw         1.29000e+01   constant   
  16  beta_vw      0.00000e+00     fixed    
  17  LM          -1.51189e-04   constant   
  18  zeta_y       0.00000e+00   constant   
  19  zeta_vw      0.00000e+00   constant   
  20  T_CBO        5.60328e+01   6.07379e+01   3.98767e-06   3.94047e-03
  21  alpha_A0    -4.30442e-02   7.57458e-02   1.38418e-05   4.19974e-01
  22  beta_A0     -5.64705e-01   9.49111e-01   1.59932e-05  -7.16405e-02
  23  alpha_phi   -4.60825e-01   7.76028e-01   2.06379e-05   9.97098e-02
  24  beta_phi     7.35470e-02   1.42613e-01   1.90119e-05   2.60337e-01
 EXTERNAL ERROR MATRIX.    NDIM=  25    NPAR=  7    ERR DEF=1
  1.593e-06  7.627e-07  5.069e-02  4.950e-05  7.814e-04  6.348e-04 -1.421e-04 
  7.627e-07  6.558e-07  4.747e-03 -4.546e-06  7.245e-05  5.548e-05 -3.291e-05 
  5.069e-02  4.747e-03  3.778e+03  4.581e+00  5.834e+01  4.770e+01 -8.582e+00 
  4.950e-05 -4.546e-06  4.581e+00  5.737e-03  7.075e-02  5.790e-02 -1.003e-02 
  7.814e-04  7.245e-05  5.834e+01  7.075e-02  9.008e-01  7.365e-01 -1.325e-01 
  6.348e-04  5.548e-05  4.770e+01  5.790e-02  7.365e-01  6.022e-01 -1.082e-01 
 -1.421e-04 -3.291e-05 -8.582e+00 -1.003e-02 -1.325e-01 -1.082e-01  2.034e-02 
 PARAMETER  CORRELATION COEFFICIENTS  
       NO.  GLOBAL      8      9     20     21     22     23     24
        8  0.98389   1.000  0.746  0.653  0.518  0.652  0.648 -0.790
        9  0.96113   0.746  1.000  0.095 -0.074  0.094  0.088 -0.285
       20  0.99999   0.653  0.095  1.000  0.984  1.000  1.000 -0.979
       21  0.99869   0.518 -0.074  0.984  1.000  0.984  0.985 -0.929
       22  0.99999   0.652  0.094  1.000  0.984  1.000  1.000 -0.979
       23  0.99997   0.648  0.088  1.000  0.985  1.000  1.000 -0.977
       24  0.99930  -0.790 -0.285 -0.979 -0.929 -0.979 -0.977  1.000
MINUIT - FIT wiggle + 1-CBO + 2-CBO
 **********
 **   42 **RES 
 **********
                   PARAMETER   16  beta_vw RESTORED TO VARIABLE.
                   PARAMETER   14  alpha_vw RESTORED TO VARIABLE.
                   PARAMETER   13  beta_y RESTORED TO VARIABLE.
                   PARAMETER   11  alpha_y RESTORED TO VARIABLE.
                   PARAMETER   10  beta_2CBO RESTORED TO VARIABLE.
                   PARAMETER    6  alpha_CBO RESTORED TO VARIABLE.
                   PARAMETER    4  phi RESTORED TO VARIABLE.
                   PARAMETER    3  A0 RESTORED TO VARIABLE.
                   PARAMETER    1  N0 RESTORED TO VARIABLE.
 **********
 **   43 **FIX           10
 **********
 **********
 **   44 **FIX           11
 **********
 **********
 **   45 **FIX           12
 **********
 PARAMETER   12  IS CONSTANT.   IGNORED.
 **********
 **   46 **FIX           13
 **********
 **********
 **   47 **FIX           14
 **********
 **********
 **   48 **FIX           15
 **********
 PARAMETER   15  IS CONSTANT.   IGNORED.
 **********
 **   49 **FIX           16
 **********
 **********
 **   50 **MIGRAD
 **********
 START MIGRAD MINIMIZATION.  STRATEGY  1.  CONVERGENCE WHEN EDM .LT. 1.00e-04
 FCN=52.4014 FROM MIGRAD    STATUS=INITIATE       22 CALLS        2680 TOTAL
                     EDM= unknown      STRATEGY= 1      NO ERROR MATRIX       
  EXT PARAMETER               CURRENT GUESS       STEP         FIRST   
  NO.   NAME      VALUE            ERROR          SIZE      DERIVATIVE 
   1  N0           3.20752e+06   5.35032e+03   5.35032e+03   2.85471e-06
   2  tau          6.43968e+01   constant   
   3  A0           3.49747e-01   1.58106e-03   1.58106e-03   8.55052e+00
   4  phi          4.25444e+00   8.38143e-03   8.38143e-03   5.72467e+00
   5  R           -6.01460e+01   constant   
   6  alpha_CBO   -8.28489e-03   2.33111e-03   2.33111e-03   3.98877e+01
   7  w_CBO        2.32500e+00   constant   
   8  beta_CBO    -3.34710e-05   1.26201e-03   8.05008e-07   3.39129e+00
   9  alpha_2CBO  -3.09836e-05   8.09842e-04   7.97803e-07   1.36358e+01
  10  beta_2CBO    3.38461e-04     fixed    
  11  alpha_y      0.00000e+00     fixed    
  12  w_y          1.44500e+01   constant   
  13  beta_y       7.21102e-04     fixed    
  14  alpha_vw     0.00000e+00     fixed    
  15  w_vw         1.29000e+01   constant   
  16  beta_vw      0.00000e+00     fixed    
  17  LM          -1.51189e-04   constant   
  18  zeta_y       0.00000e+00   constant   
  19  zeta_vw      0.00000e+00   constant   
  20  T_CBO        5.60328e+01   6.07379e+01   3.98767e-06   3.92870e-03
  21  alpha_A0    -4.30442e-02   7.57458e-02   1.38418e-05   4.19971e-01
  22  beta_A0     -5.64705e-01   9.49111e-01   1.59932e-05  -7.16437e-02
  23  alpha_phi   -4.60825e-01   7.76028e-01   2.06379e-05   9.97094e-02
  24  beta_phi     7.35470e-02   1.42613e-01   1.90119e-05   2.60337e-01
 MIGRAD MINIMIZATION HAS CONVERGED.
 MIGRAD WILL VERIFY CONVERGENCE AND ERROR MATRIX.
 FCN=52.3995 FROM HESSE     STATUS=NOT POSDEF    100 CALLS        2955 TOTAL
                     EDM=0.000247747    STRATEGY= 1      ERR MATRIX NOT POS-DEF
  EXT PARAMETER                APPROXIMATE        STEP         FIRST   
  NO.   NAME      VALUE            ERROR          SIZE      DERIVATIVE 
   1  N0           3.20748e+06   5.94723e+03   1.76047e+00  -1.74763e-06
   2  tau          6.43968e+01   constant   
   3  A0           3.49744e-01   3.68598e-03   1.07965e-06   5.63153e+00
   4  phi          4.25436e+00   8.59800e-03   2.26717e-06   8.69457e-01
   5  R           -6.01460e+01   constant   
   6  alpha_CBO   -8.36669e-03   1.85550e-03   7.55286e-07  -6.47985e+00
   7  w_CBO        2.32500e+00   constant   
   8  beta_CBO    -6.99094e-05   2.13534e-03   8.05001e-07  -8.13177e+00
   9  alpha_2CBO  -6.99453e-05   8.77751e-04   7.97790e-07  -5.52352e+00
  10  beta_2CBO    3.38461e-04     fixed    
  11  alpha_y      0.00000e+00     fixed    
  12  w_y          1.44500e+01   constant   
  13  beta_y       7.21102e-04     fixed    
  14  alpha_vw     0.00000e+00     fixed    
  15  w_vw         1.29000e+01   constant   
  16  beta_vw      0.00000e+00     fixed    
  17  LM          -1.51189e-04   constant   
  18  zeta_y       0.00000e+00   constant   
  19  zeta_vw      0.00000e+00   constant   
  20  T_CBO        5.59692e+01   3.32144e+00   3.98885e-06   4.60858e-01
  21  alpha_A0    -4.25027e-02   4.19525e-02   1.38514e-05  -4.63878e-02
  22  beta_A0     -5.64468e-01   4.90178e-02   1.60032e-05   7.81576e-04
  23  alpha_phi   -4.58606e-01   5.36377e-02   2.06503e-05  -1.88033e-01
  24  beta_phi     7.50968e-02   5.19031e-02   1.90233e-05  -3.22482e-01
 CALL LIMIT EXCEEDED IN MIGRAD.
 MIGRAD TERMINATED WITHOUT CONVERGENCE.
 FCN=52.3101 FROM MIGRAD    STATUS=CALL LIMIT   1927 CALLS        4585 TOTAL
                     EDM=0.000298468    STRATEGY= 1      ERR MATRIX NOT POS-DEF
  EXT PARAMETER                APPROXIMATE        STEP         FIRST   
  NO.   NAME      VALUE            ERROR          SIZE      DERIVATIVE 
   1  N0           3.20267e+06   3.88677e+04  -2.37868e+02  -1.86423e-05
   2  tau          6.43968e+01   constant   
   3  A0           3.40943e-01   1.72374e-02   1.19779e-04  -3.96777e+01
   4  phi          4.19007e+00   9.04756e-02  -4.99192e-04   4.64740e+00
   5  R           -6.01460e+01   constant   
   6  alpha_CBO   -1.32115e-03   1.02326e-02   5.66818e-05   9.31521e+00
   7  w_CBO        2.32500e+00   constant   
   8  beta_CBO    -2.41472e-03   1.43261e-02   9.75318e-05   4.09211e+01
   9  alpha_2CBO  -1.29396e-03   9.04854e-04   5.30172e-06  -1.39176e-01
  10  beta_2CBO    3.38461e-04     fixed    
  11  alpha_y      0.00000e+00     fixed    
  12  w_y          1.44500e+01   constant   
  13  beta_y       7.21102e-04     fixed    
  14  alpha_vw     0.00000e+00     fixed    
  15  w_vw         1.29000e+01   constant   
  16  beta_vw      0.00000e+00     fixed    
  17  LM          -1.51189e-04   constant   
  18  zeta_y       0.00000e+00   constant   
  19  zeta_vw      0.00000e+00   constant   
  20  T_CBO        3.78944e+01   2.96557e+01  -8.63134e-04   1.92924e+00
  21  alpha_A0     4.40981e-02   1.19722e-01   3.68748e-04  -7.83248e-01
  22  beta_A0     -5.43006e-01   1.09454e-01  -6.31229e-04  -1.41878e-01
  23  alpha_phi   -4.01869e-01   7.60202e-02  -5.17059e-04   1.80952e-01
  24  beta_phi     2.25574e-01   8.17741e-02   7.65187e-05   8.74370e-01
 EXTERNAL ERROR MATRIX.    NDIM=  25    NPAR= 11    ERR DEF=1
  1.511e+09 
 -6.543e+02  2.971e-04 
  3.373e+03 -1.379e-03  8.186e-03 
 -3.671e+02  1.484e-04 -9.165e-04  1.047e-04 
 -5.537e+02  2.428e-04 -1.233e-03  1.351e-04  2.052e-04 
 -2.030e+01  8.170e-06 -5.434e-05  6.402e-06  8.085e-06  8.188e-07 
  1.124e+06 -4.634e-01  2.688e+00 -2.983e-01 -4.106e-01 -1.761e-02  8.866e+02 
 -4.086e+03  1.589e-03 -9.904e-03  1.077e-03  1.423e-03  4.344e-05 -3.284e+00  1.433e-02 
  4.185e+03 -1.790e-03  9.423e-03 -1.019e-03 -1.532e-03 -6.282e-05  3.158e+00 -1.151e-02  1.198e-02 
  2.396e+03 -1.025e-03  5.894e-03 -7.001e-04 -9.197e-04 -5.231e-05  1.905e+00 -5.685e-03  6.609e-03  5.779e-03 
 -1.843e+03  5.803e-04 -5.533e-03  6.401e-04  6.222e-04  2.263e-05 -1.766e+00  8.207e-03 -5.140e-03 -3.191e-03  6.687e-03 
ERR MATRIX NOT POS-DEF
 PARAMETER  CORRELATION COEFFICIENTS  
       NO.  GLOBAL      1      3      4      6      8      9     20     21     22     23     24
        1  0.99996   1.000 -0.977  0.959 -0.923 -0.994 -0.577  0.972 -0.878  0.984  0.811 -0.580
        3  0.99996  -0.977  1.000 -0.884  0.841  0.983  0.524 -0.903  0.770 -0.949 -0.782  0.412
        4  0.99999   0.959 -0.884  1.000 -0.990 -0.952 -0.664  0.998 -0.914  0.952  0.857 -0.748
        6  0.99994  -0.923  0.841 -0.990  1.000  0.921  0.691 -0.979  0.879 -0.909 -0.900  0.765
        8  0.99997  -0.994  0.983 -0.952  0.921  1.000  0.624 -0.962  0.830 -0.977 -0.844  0.531
        9  0.98544  -0.577  0.524 -0.664  0.691  0.624  1.000 -0.654  0.401 -0.634 -0.760  0.306
       20  0.99999   0.972 -0.903  0.998 -0.979 -0.962 -0.654  1.000 -0.921  0.969  0.842 -0.725
       21  0.99879  -0.878  0.770 -0.914  0.879  0.830  0.401 -0.921  1.000 -0.878 -0.625  0.838
       22  0.99955   0.984 -0.949  0.952 -0.909 -0.977 -0.634  0.969 -0.878  1.000  0.794 -0.574
       23  0.99759   0.811 -0.782  0.857 -0.900 -0.844 -0.760  0.842 -0.625  0.794  1.000 -0.513
       24  0.99901  -0.580  0.412 -0.748  0.765  0.531  0.306 -0.725  0.838 -0.574 -0.513  1.000
 ERR MATRIX NOT POS-DEF
MINUIT - FIT ONLY 1-y
 **********
 **   51 **RES 
 **********
                   PARAMETER   16  beta_vw RESTORED TO VARIABLE.
                   PARAMETER   14  alpha_vw RESTORED TO VARIABLE.
                   PARAMETER   13  beta_y RESTORED TO VARIABLE.
                   PARAMETER   11  alpha_y RESTORED TO VARIABLE.
                   PARAMETER   10  beta_2CBO RESTORED TO VARIABLE.
 **********
 **   52 **FIX            0
 **********
 PARAMETER    0  IS UNDEFINED. IGNORED.
 **********
 **   53 **FIX            1
 **********
 **********
 **   54 **FIX            2
 **********
 PARAMETER    2  IS CONSTANT.   IGNORED.
 **********
 **   55 **FIX            3
 **********
 **********
 **   56 **FIX            4
 **********
 **********
 **   57 **FIX            5
 **********
 PARAMETER    5  IS CONSTANT.   IGNORED.
 **********
 **   58 **FIX            6
 **********
 **********
 **   59 **FIX            7
 **********
 PARAMETER    7  IS CONSTANT.   IGNORED.
 **********
 **   60 **FIX            8
 **********
 **********
 **   61 **FIX            9
 **********
 **********
 **   62 **FIX           13
 **********
 **********
 **   63 **FIX           14
 **********
 **********
 **   64 **FIX           15
 **********
 PARAMETER   15  IS CONSTANT.   IGNORED.
 **********
 **   65 **FIX           16
 **********
 **********
 **   66 **MIGRAD
 **********
 START MIGRAD MINIMIZATION.  STRATEGY  1.  CONVERGENCE WHEN EDM .LT. 1.00e-04
 FCN=52.3101 FROM MIGRAD    STATUS=INITIATE       16 CALLS        4601 TOTAL
                     EDM= unknown      STRATEGY= 1      NO ERROR MATRIX       
  EXT PARAMETER               CURRENT GUESS       STEP         FIRST   
  NO.   NAME      VALUE            ERROR          SIZE      DERIVATIVE 
   1  N0           3.20267e+06     fixed    
   2  tau          6.43968e+01   constant   
   3  A0           3.40943e-01     fixed    
   4  phi          4.19007e+00     fixed    
   5  R           -6.01460e+01   constant   
   6  alpha_CBO   -1.32115e-03     fixed    
   7  w_CBO        2.32500e+00   constant   
   8  beta_CBO    -2.41472e-03     fixed    
   9  alpha_2CBO  -1.29396e-03     fixed    
  10  beta_2CBO    3.38461e-04   7.52923e-04   7.52923e-04   1.01934e+02
  11  alpha_y      0.00000e+00   1.00000e-03   1.00000e-03   5.92701e+04
  12  w_y          1.44500e+01   constant   
  13  beta_y       7.21102e-04     fixed    
  14  alpha_vw     0.00000e+00     fixed    
  15  w_vw         1.29000e+01   constant   
  16  beta_vw      0.00000e+00     fixed    
  17  LM          -1.51189e-04   constant   
  18  zeta_y       0.00000e+00   constant   
  19  zeta_vw      0.00000e+00   constant   
  20  T_CBO        3.78944e+01   2.96557e+01  -8.63134e-04   1.92924e+00
  21  alpha_A0     4.40981e-02   1.19722e-01   3.68748e-04  -7.83248e-01
  22  beta_A0     -5.43006e-01   1.09454e-01  -6.31229e-04  -1.41878e-01
  23  alpha_phi   -4.01869e-01   7.60202e-02  -5.17059e-04   1.80952e-01
  24  beta_phi     2.25574e-01   8.17741e-02   7.65187e-05   8.74370e-01
 CALL LIMIT EXCEEDED IN MIGRAD.
 MIGRAD TERMINATED WITHOUT CONVERGENCE.
 FCN=7.74447 FROM MIGRAD    STATUS=CALL LIMIT   1152 CALLS        5737 TOTAL
                     EDM=0.00278587    STRATEGY= 1  ERROR MATRIX UNCERTAINTY  24.7 per cent
  EXT PARAMETER                APPROXIMATE        STEP         FIRST   
  NO.   NAME      VALUE            ERROR          SIZE      DERIVATIVE 
   1  N0           3.20267e+06     fixed    
   2  tau          6.43968e+01   constant   
   3  A0           3.40943e-01     fixed    
   4  phi          4.19007e+00     fixed    
   5  R           -6.01460e+01   constant   
   6  alpha_CBO   -1.32115e-03     fixed    
   7  w_CBO        2.32500e+00   constant   
   8  beta_CBO    -2.41472e-03     fixed    
   9  alpha_2CBO  -1.29396e-03     fixed    
  10  beta_2CBO    2.26671e-04   3.49996e-04  -5.26484e-06  -1.30339e+02
  11  alpha_y     -1.50226e-03   2.20478e-04  -3.79454e-06  -6.34736e+01
  12  w_y          1.44500e+01   constant   
  13  beta_y       7.21102e-04     fixed    
  14  alpha_vw     0.00000e+00     fixed    
  15  w_vw         1.29000e+01   constant   
  16  beta_vw      0.00000e+00     fixed    
  17  LM          -1.51189e-04   constant   
  18  zeta_y       0.00000e+00   constant   
  19  zeta_vw      0.00000e+00   constant   
  20  T_CBO        2.65105e+01   4.07677e+00  -4.62103e-04   7.55947e+00
  21  alpha_A0     1.08888e-01   4.48167e-02   7.97236e-04  -1.14221e+00
  22  beta_A0     -1.42271e+00   7.11630e-01  -1.32194e-02  -1.39309e+00
  23  alpha_phi   -1.06928e+00   5.10239e-01  -9.83425e-03   1.47740e+00
  24  beta_phi     5.95057e-01   2.88956e-01   5.54532e-03  -1.05876e-01
 EXTERNAL ERROR MATRIX.    NDIM=  25    NPAR=  7    ERR DEF=1
  1.225e-07 -5.097e-09 -1.813e-04  2.419e-06 -4.128e-05 -2.163e-05  1.277e-05 
 -5.097e-09  4.861e-08  2.716e-04 -2.981e-06  4.713e-05  3.424e-05 -1.925e-05 
 -1.813e-04  2.716e-04  1.662e+01 -1.703e-01  2.897e+00  2.078e+00 -1.176e+00 
  2.419e-06 -2.981e-06 -1.703e-01  2.009e-03 -2.982e-02 -2.128e-02  1.195e-02 
 -4.128e-05  4.713e-05  2.897e+00 -2.982e-02  5.064e-01  3.626e-01 -2.051e-01 
 -2.163e-05  3.424e-05  2.078e+00 -2.128e-02  3.626e-01  2.603e-01 -1.472e-01 
  1.277e-05 -1.925e-05 -1.176e+00  1.195e-02 -2.051e-01 -1.472e-01  8.350e-02 
ERR MATRIX APPROXIMATE
 PARAMETER  CORRELATION COEFFICIENTS  
       NO.  GLOBAL     10     11     20     21     22     23     24
       10  0.88665   1.000 -0.066 -0.127  0.154 -0.166 -0.121  0.126
       11  0.37240  -0.066  1.000  0.302 -0.302  0.300  0.304 -0.302
       20  0.99942  -0.127  0.302  1.000 -0.932  0.999  0.999 -0.998
       21  0.95140   0.154 -0.302 -0.932  1.000 -0.935 -0.930  0.923
       22  0.99976  -0.166  0.300  0.999 -0.935  1.000  0.999 -0.998
       23  0.99964  -0.121  0.304  0.999 -0.930  0.999  1.000 -0.999
       24  0.99881   0.126 -0.302 -0.998  0.923 -0.998 -0.999  1.000
 ERR MATRIX APPROXIMATE
MINUIT - FIT ONLY 2-y
 **********
 **   67 **RES 
 **********
                   PARAMETER   16  beta_vw RESTORED TO VARIABLE.
                   PARAMETER   14  alpha_vw RESTORED TO VARIABLE.
                   PARAMETER   13  beta_y RESTORED TO VARIABLE.
                   PARAMETER    9  alpha_2CBO RESTORED TO VARIABLE.
                   PARAMETER    8  beta_CBO RESTORED TO VARIABLE.
                   PARAMETER    6  alpha_CBO RESTORED TO VARIABLE.
                   PARAMETER    4  phi RESTORED TO VARIABLE.
                   PARAMETER    3  A0 RESTORED TO VARIABLE.
                   PARAMETER    1  N0 RESTORED TO VARIABLE.
 **********
 **   68 **FIX            0
 **********
 PARAMETER    0  IS UNDEFINED. IGNORED.
 **********
 **   69 **FIX            1
 **********
 **********
 **   70 **FIX            2
 **********
 PARAMETER    2  IS CONSTANT.   IGNORED.
 **********
 **   71 **FIX            3
 **********
 **********
 **   72 **FIX            4
 **********
 **********
 **   73 **FIX            5
 **********
 PARAMETER    5  IS CONSTANT.   IGNORED.
 **********
 **   74 **FIX            6
 **********
 **********
 **   75 **FIX            7
 **********
 PARAMETER    7  IS CONSTANT.   IGNORED.
 **********
 **   76 **FIX            8
 **********
 **********
 **   77 **FIX            9
 **********
 **********
 **   78 **FIX           10
 **********
 **********
 **   79 **FIX           11
 **********
 **********
 **   80 **FIX           12
 **********
 PARAMETER   12  IS CONSTANT.   IGNORED.
 **********
 **   81 **FIX           16
 **********
 **********
 **   82 **MIGRAD
 **********
 START MIGRAD MINIMIZATION.  STRATEGY  1.  CONVERGENCE WHEN EDM .LT. 1.00e-04
 FCN=7.74447 FROM MIGRAD    STATUS=INITIATE       16 CALLS        5753 TOTAL
                     EDM= unknown      STRATEGY= 1      NO ERROR MATRIX       
  EXT PARAMETER               CURRENT GUESS       STEP         FIRST   
  NO.   NAME      VALUE            ERROR          SIZE      DERIVATIVE 
   1  N0           3.20267e+06     fixed    
   2  tau          6.43968e+01   constant   
   3  A0           3.40943e-01     fixed    
   4  phi          4.19007e+00     fixed    
   5  R           -6.01460e+01   constant   
   6  alpha_CBO   -1.32115e-03     fixed    
   7  w_CBO        2.32500e+00   constant   
   8  beta_CBO    -2.41472e-03     fixed    
   9  alpha_2CBO  -1.29396e-03     fixed    
  10  beta_2CBO    2.26671e-04     fixed    
  11  alpha_y     -1.50226e-03     fixed    
  12  w_y          1.44500e+01   constant   
  13  beta_y       7.21102e-04   2.23023e-04   2.23023e-04  -4.42138e+01
  14  alpha_vw     0.00000e+00   1.00000e-03   1.00000e-03   3.91057e+02
  15  w_vw         1.29000e+01   constant   
  16  beta_vw      0.00000e+00     fixed    
  17  LM          -1.51189e-04   constant   
  18  zeta_y       0.00000e+00   constant   
  19  zeta_vw      0.00000e+00   constant   
  20  T_CBO        2.65105e+01   4.07677e+00  -4.62103e-04   7.55946e+00
  21  alpha_A0     1.08888e-01   4.48167e-02   7.97236e-04  -1.14221e+00
  22  beta_A0     -1.42271e+00   7.11630e-01  -1.32194e-02  -1.39309e+00
  23  alpha_phi   -1.06928e+00   5.10239e-01  -9.83425e-03   1.47740e+00
  24  beta_phi     5.95057e-01   2.88956e-01   5.54532e-03  -1.05876e-01
 MIGRAD MINIMIZATION HAS CONVERGED.
 MIGRAD WILL VERIFY CONVERGENCE AND ERROR MATRIX.
 COVARIANCE MATRIX CALCULATED SUCCESSFULLY
 FCN=7.74108 FROM HESSE     STATUS=OK             50 CALLS        5867 TOTAL
                     EDM=0.0321921    STRATEGY= 1      ERROR MATRIX ACCURATE 
  EXT PARAMETER                                   STEP         FIRST   
  NO.   NAME      VALUE            ERROR          SIZE      DERIVATIVE 
   1  N0           3.20267e+06     fixed    
   2  tau          6.43968e+01   constant   
   3  A0           3.40943e-01     fixed    
   4  phi          4.19007e+00     fixed    
   5  R           -6.01460e+01   constant   
   6  alpha_CBO   -1.32115e-03     fixed    
   7  w_CBO        2.32500e+00   constant   
   8  beta_CBO    -2.41472e-03     fixed    
   9  alpha_2CBO  -1.29396e-03     fixed    
  10  beta_2CBO    2.26671e-04     fixed    
  11  alpha_y     -1.50226e-03     fixed    
  12  w_y          1.44500e+01   constant   
  13  beta_y       7.27875e-04   2.50762e-04   3.08063e-07  -1.90232e+00
  14  alpha_vw    -1.30505e-05   2.62661e-04   3.22284e-07  -2.31029e+00
  15  w_vw         1.29000e+01   constant   
