 + ++++++++++++++++++++++++++++++++++++++++++++++++++++++++++++++++++++ +
 +                                                                      +
 +           You have chose to blind your fitting according to          +
 +                omega_ref * (1 + (R +/- deltaR) *10^{-6})             +
 +                                                                      +
 + ++++++++++++++++++++++++++++++++++++++++++++++++++++++++++++++++++++ +
In main()...
reading format from /gm2data/zkhechad/run45/envelope/formats/formatB_sBin_constraintOn.txt
pBinTau 	= 0  
pBinPhi 	= 0  
constraintau 	= 1 
includeMopTerm 	= 0    
constrainMop    = 0   
Parameters after format file: pBinTau 0 pBinPhi 0 constraintau 1 includeMopTerm 0 constrainMop 0 c_e_scale 0.000000 
Opening file /gm2data/tbarrett/gm2fr/studies/run23_bunch_corrections/CorrectedFourier_Run3b.root.
reading full fit data from /gm2data/zkhechad/cboTemplates/Run4CBOTemplates/templateFits0_v2.0/noRF/sBin_constraintOn_cE0.0_seed0_noRF_calo9.root
windowBins = 69
fitting sliding window 1138 from bin 1274 at 189.931600 to bin 1343 at 200.375600 (69 bins)

Reading data from /gm2data/cornell/histograms/aMethod/histogram_a_noRF.root
 **********
 **    1 **SET PRINTOUT            1
 **********
 **********
 **    2 **SET NOWARNINGS 
 **********
 PARAMETER DEFINITIONS:
    NO.   NAME         VALUE      STEP SIZE      LIMITS
     1 N0           2.88203e+06  1.00000e+02     no limits
     2 tau          6.44101e+01  constant
     3 A0           3.51419e-01  1.00000e-04     no limits
     4 phi          4.11705e+00  1.00000e-02     no limits
     5 R           -5.98037e+01  constant
     6 alpha_CBO    0.00000e+00  1.00000e-03     no limits
     7 w_CBO        2.32500e+00  constant
     8 beta_CBO     0.00000e+00  1.00000e-03     no limits
     9 alpha_2CBO   0.00000e+00  1.00000e-03     no limits
    10 beta_2CBO    0.00000e+00  1.00000e-03     no limits
    11 alpha_y      0.00000e+00  1.00000e-03     no limits
    12 w_y          1.44500e+01  constant
    13 beta_y       0.00000e+00  1.00000e-03     no limits
    14 alpha_vw     0.00000e+00  1.00000e-03     no limits
    15 w_vw         1.29000e+01  constant
    16 beta_vw      0.00000e+00  1.00000e-03     no limits
    17 LM           1.43880e-04  constant
    18 zeta_y       0.00000e+00  constant
    19 zeta_vw      0.00000e+00  constant
    20 T_CBO        1.00000e+02  1.00000e+00    0.00000e+00  1.00000e+03
    21 alpha_A0     0.00000e+00  1.00000e-03     no limits
    22 beta_A0      0.00000e+00  1.00000e-03     no limits
    23 alpha_phi    0.00000e+00  1.00000e-03     no limits
    24 beta_phi     0.00000e+00  1.00000e-03     no limits
MINUIT - FIT ONLY WIGGLE
 **********
 **    3 **FIX            5
 **********
 PARAMETER    5  IS CONSTANT.   IGNORED.
 **********
 **    4 **FIX            6
 **********
 **********
 **    5 **FIX            7
 **********
 PARAMETER    7  IS CONSTANT.   IGNORED.
 **********
 **    6 **FIX            8
 **********
 **********
 **    7 **FIX            9
 **********
 **********
 **    8 **FIX           10
 **********
 **********
 **    9 **FIX           11
 **********
 **********
 **   10 **FIX           12
 **********
 PARAMETER   12  IS CONSTANT.   IGNORED.
 **********
 **   11 **FIX           13
 **********
 **********
 **   12 **FIX           14
 **********
 **********
 **   13 **FIX           15
 **********
 PARAMETER   15  IS CONSTANT.   IGNORED.
 **********
 **   14 **FIX           16
 **********
 **********
 **   15 **MIGRAD
 **********
 FIRST CALL TO USER FUNCTION AT NEW START POINT, WITH IFLAG=4.
 START MIGRAD MINIMIZATION.  STRATEGY  1.  CONVERGENCE WHEN EDM .LT. 1.00e-04
 FCN=351.638 FROM MIGRAD    STATUS=INITIATE      437 CALLS         438 TOTAL
                     EDM= unknown      STRATEGY= 1      NO ERROR MATRIX       
  EXT PARAMETER               CURRENT GUESS       STEP         FIRST   
  NO.   NAME      VALUE            ERROR          SIZE      DERIVATIVE 
   1  N0           2.88203e+06   1.00000e+02   0.00000e+00  -1.32714e-03
   2  tau          6.44101e+01   constant   
   3  A0           3.51419e-01   1.00000e-04   0.00000e+00   8.42945e+03
   4  phi          4.11705e+00   1.00000e-02   0.00000e+00  -1.06553e+04
   5  R           -5.98037e+01   constant   
   6  alpha_CBO    0.00000e+00     fixed    
   7  w_CBO        2.32500e+00   constant   
   8  beta_CBO     0.00000e+00     fixed    
   9  alpha_2CBO   0.00000e+00     fixed    
  10  beta_2CBO    0.00000e+00     fixed    
  11  alpha_y      0.00000e+00     fixed    
  12  w_y          1.44500e+01   constant   
  13  beta_y       0.00000e+00     fixed    
  14  alpha_vw     0.00000e+00     fixed    
  15  w_vw         1.29000e+01   constant   
  16  beta_vw      0.00000e+00     fixed    
  17  LM           1.43880e-04   constant   
  18  zeta_y       0.00000e+00   constant   
  19  zeta_vw      0.00000e+00   constant   
  20  T_CBO        1.00000e+02   1.00000e+00   0.00000e+00   0.00000e+00
  21  alpha_A0     0.00000e+00   1.00000e-03   0.00000e+00  -2.09244e+02
  22  beta_A0      0.00000e+00   1.00000e-03   0.00000e+00  -2.50914e+02
  23  alpha_phi    0.00000e+00   1.00000e-03   0.00000e+00  -1.08891e+03
  24  beta_phi     0.00000e+00   1.00000e-03   0.00000e+00   9.52026e+02
 CALL LIMIT EXCEEDED IN MIGRAD.
 MIGRAD TERMINATED WITHOUT CONVERGENCE.
 FCN=298.32 FROM MIGRAD    STATUS=CALL LIMIT   1324 CALLS        1325 TOTAL
                     EDM=0.00477963    STRATEGY= 1  ERROR MATRIX UNCERTAINTY   2.6 per cent
  EXT PARAMETER                APPROXIMATE        STEP         FIRST   
  NO.   NAME      VALUE            ERROR          SIZE      DERIVATIVE 
   1  N0           2.88224e+06   5.85450e+02  -1.55489e+01  -1.16611e-05
   2  tau          6.44101e+01   constant   
   3  A0           3.51194e-01   2.76243e-04  -7.51356e-06   3.58587e+01
   4  phi          4.12110e+00   8.28050e-04  -4.47520e-06   3.86776e+01
   5  R           -5.98037e+01   constant   
   6  alpha_CBO    0.00000e+00     fixed    
   7  w_CBO        2.32500e+00   constant   
   8  beta_CBO     0.00000e+00     fixed    
   9  alpha_2CBO   0.00000e+00     fixed    
  10  beta_2CBO    0.00000e+00     fixed    
  11  alpha_y      0.00000e+00     fixed    
  12  w_y          1.44500e+01   constant   
  13  beta_y       0.00000e+00     fixed    
  14  alpha_vw     0.00000e+00     fixed    
  15  w_vw         1.29000e+01   constant   
  16  beta_vw      0.00000e+00     fixed    
  17  LM           1.43880e-04   constant   
  18  zeta_y       0.00000e+00   constant   
  19  zeta_vw      0.00000e+00   constant   
  20  T_CBO        3.67378e+01   1.04054e+01  -5.19110e-03  -2.05197e+01
  21  alpha_A0     1.66613e-01   2.57376e-01   2.29617e-02   1.53190e-01
  22  beta_A0      3.72243e-01   5.59637e-01   4.99075e-02   4.19988e-02
  23  alpha_phi    8.81235e-01   1.16904e+00   1.04885e-01  -5.76741e-01
  24  beta_phi    -6.50039e-01   8.50102e-01  -7.62942e-02   6.92824e-01
 EXTERNAL ERROR MATRIX.    NDIM=  25    NPAR=  8    ERR DEF=1
  3.428e+05 -1.156e-02 -5.610e-03  1.394e+02 -6.981e+00 -1.186e+01 -2.442e+01  1.924e+01 
 -1.156e-02  7.631e-08  2.195e-09 -9.976e-05  1.491e-06  2.384e-06  5.894e-06 -4.738e-06 
 -5.610e-03  2.195e-09  6.857e-07 -2.484e-04  8.749e-06  1.932e-05  3.928e-05 -2.869e-05 
  1.394e+02 -9.976e-05 -2.484e-04  1.084e+02 -2.659e+00 -5.783e+00 -1.210e+01  8.800e+00 
 -6.981e+00  1.491e-06  8.749e-06 -2.659e+00  6.624e-02  1.439e-01  3.006e-01 -2.186e-01 
 -1.186e+01  2.384e-06  1.932e-05 -5.783e+00  1.439e-01  3.132e-01  6.540e-01 -4.756e-01 
 -2.442e+01  5.894e-06  3.928e-05 -1.210e+01  3.006e-01  6.540e-01  1.367e+00 -9.937e-01 
  1.924e+01 -4.738e-06 -2.869e-05  8.800e+00 -2.186e-01 -4.756e-01 -9.937e-01  7.227e-01 
ERR MATRIX APPROXIMATE
 PARAMETER  CORRELATION COEFFICIENTS  
       NO.  GLOBAL      1      3      4     20     21     22     23     24
        1  0.36400   1.000 -0.072 -0.012  0.023 -0.046 -0.036 -0.036  0.039
        3  0.25540  -0.072  1.000  0.010 -0.035  0.021  0.015  0.018 -0.020
        4  0.12408  -0.012  0.010  1.000 -0.029  0.041  0.042  0.041 -0.041
       20  0.99588   0.023 -0.035 -0.029  1.000 -0.992 -0.993 -0.994  0.994
       21  0.99945  -0.046  0.021  0.041 -0.992  1.000  0.999  0.999 -0.999
       22  0.99975  -0.036  0.015  0.042 -0.993  0.999  1.000  1.000 -1.000
       23  0.99994  -0.036  0.018  0.041 -0.994  0.999  1.000  1.000 -1.000
       24  0.99994   0.039 -0.020 -0.041  0.994 -0.999 -1.000 -1.000  1.000
 ERR MATRIX APPROXIMATE
MINUIT - FIT ONLY 1-CBO + wiggle
 **********
 **   16 **RES 
 **********
                   PARAMETER   16  beta_vw RESTORED TO VARIABLE.
                   PARAMETER   14  alpha_vw RESTORED TO VARIABLE.
                   PARAMETER   13  beta_y RESTORED TO VARIABLE.
                   PARAMETER   11  alpha_y RESTORED TO VARIABLE.
                   PARAMETER   10  beta_2CBO RESTORED TO VARIABLE.
                   PARAMETER    9  alpha_2CBO RESTORED TO VARIABLE.
                   PARAMETER    8  beta_CBO RESTORED TO VARIABLE.
                   PARAMETER    6  alpha_CBO RESTORED TO VARIABLE.
 **********
 **   17 **FIX            8
 **********
 **********
 **   18 **FIX            9
 **********
 **********
 **   19 **FIX           11
 **********
 **********
 **   20 **FIX           12
 **********
 PARAMETER   12  IS CONSTANT.   IGNORED.
 **********
 **   21 **FIX           14
 **********
 **********
 **   22 **FIX           15
 **********
 PARAMETER   15  IS CONSTANT.   IGNORED.
 **********
 **   23 **FIX           16
 **********
 **********
 **   24 **MIGRAD
 **********
 START MIGRAD MINIMIZATION.  STRATEGY  1.  CONVERGENCE WHEN EDM .LT. 1.00e-04
 FCN=298.32 FROM MIGRAD    STATUS=INITIATE       28 CALLS        1353 TOTAL
                     EDM= unknown      STRATEGY= 1      NO ERROR MATRIX       
  EXT PARAMETER               CURRENT GUESS       STEP         FIRST   
  NO.   NAME      VALUE            ERROR          SIZE      DERIVATIVE 
   1  N0           2.88224e+06   5.85450e+02  -1.55489e+01  -1.16611e-05
   2  tau          6.44101e+01   constant   
   3  A0           3.51194e-01   2.76243e-04  -7.51356e-06   3.58587e+01
   4  phi          4.12110e+00   8.28050e-04  -4.47520e-06   3.86776e+01
   5  R           -5.98037e+01   constant   
   6  alpha_CBO    0.00000e+00   1.00000e-03   1.00000e-03  -9.26312e+04
   7  w_CBO        2.32500e+00   constant   
   8  beta_CBO     0.00000e+00     fixed    
   9  alpha_2CBO   0.00000e+00     fixed    
  10  beta_2CBO    0.00000e+00   1.00000e-03   1.00000e-03  -3.87633e+03
  11  alpha_y      0.00000e+00     fixed    
  12  w_y          1.44500e+01   constant   
  13  beta_y       0.00000e+00   1.00000e-03   1.00000e-03   1.71319e+03
  14  alpha_vw     0.00000e+00     fixed    
  15  w_vw         1.29000e+01   constant   
  16  beta_vw      0.00000e+00     fixed    
  17  LM           1.43880e-04   constant   
  18  zeta_y       0.00000e+00   constant   
  19  zeta_vw      0.00000e+00   constant   
  20  T_CBO        3.67378e+01   1.04054e+01  -5.19110e-03  -2.05198e+01
  21  alpha_A0     1.66613e-01   2.57376e-01   2.29617e-02   1.53190e-01
  22  beta_A0      3.72243e-01   5.59637e-01   4.99075e-02   4.19987e-02
  23  alpha_phi    8.81235e-01   1.16904e+00   1.04885e-01  -5.76741e-01
  24  beta_phi    -6.50039e-01   8.50102e-01  -7.62942e-02   6.92824e-01
 CALL LIMIT EXCEEDED IN MIGRAD.
 MIGRAD TERMINATED WITHOUT CONVERGENCE.
 FCN=129.453 FROM MIGRAD    STATUS=CALL LIMIT   1916 CALLS        3241 TOTAL
                     EDM=0.00697409    STRATEGY= 1  ERROR MATRIX UNCERTAINTY  31.6 per cent
  EXT PARAMETER                APPROXIMATE        STEP         FIRST   
  NO.   NAME      VALUE            ERROR          SIZE      DERIVATIVE 
   1  N0           2.88263e+06   5.67142e+02   8.73110e+00  -5.96105e-05
   2  tau          6.44101e+01   constant   
   3  A0           3.51681e-01   2.59073e-04   1.15508e-06   1.32718e+01
   4  phi          4.11856e+00   8.25211e-04   1.55994e-06   1.06019e+01
   5  R           -5.98037e+01   constant   
   6  alpha_CBO    3.61038e-03   2.78497e-04  -7.47357e-07  -1.06705e+01
   7  w_CBO        2.32500e+00   constant   
   8  beta_CBO     0.00000e+00     fixed    
   9  alpha_2CBO   0.00000e+00     fixed    
  10  beta_2CBO    3.36743e-04   2.75089e-04  -3.41480e-07  -1.99843e+01
  11  alpha_y      0.00000e+00     fixed    
  12  w_y          1.44500e+01   constant   
  13  beta_y      -9.63049e-05   2.71934e-04   1.89304e-06  -6.30482e+01
  14  alpha_vw     0.00000e+00     fixed    
  15  w_vw         1.29000e+01   constant   
  16  beta_vw      0.00000e+00     fixed    
  17  LM           1.43880e-04   constant   
  18  zeta_y       0.00000e+00   constant   
  19  zeta_vw      0.00000e+00   constant   
  20  T_CBO        1.57408e+01   2.48747e+00  -1.55192e-03  -5.25728e+01
  21  alpha_A0     7.32678e+00   7.36386e+00   5.48871e-01   7.11831e-05
  22  beta_A0      1.76020e+02   3.13516e+02   2.31763e+01   1.14823e-03
  23  alpha_phi    6.76124e+02   1.18920e+03   8.79199e+01  -4.79635e-04
  24  beta_phi    -6.85782e+02   1.21510e+03  -8.98238e+01   7.79375e-04
 EXTERNAL ERROR MATRIX.    NDIM=  25    NPAR= 11    ERR DEF=1
  3.216e+05 
 -1.061e-02  6.712e-08 
 -2.361e-02 -7.657e-09  6.810e-07 
  8.154e-03  8.125e-09 -5.292e-08  7.756e-08 
  6.900e-03  2.705e-09 -1.071e-08  4.468e-09  7.567e-08 
  6.300e-04 -3.516e-10  9.207e-11 -7.535e-10 -5.375e-10  7.395e-08 
 -5.232e+01 -3.818e-05  3.228e-05 -5.433e-06  7.226e-06 -1.159e-05  6.188e+00 
  1.494e+02  1.441e-04  4.972e-05 -2.611e-05 -2.820e-05  4.251e-05 -1.822e+01  5.423e+01 
  8.433e+03  5.714e-03  9.776e-04 -7.525e-04 -1.407e-03  1.963e-03 -7.750e+02  2.305e+03  9.829e+04 
  3.190e+04  2.170e-02  3.635e-03 -2.854e-03 -5.289e-03  7.442e-03 -2.940e+03  8.744e+03  3.728e+05  1.414e+06 
 -3.257e+04 -2.218e-02 -3.683e-03  2.904e-03  5.414e-03 -7.607e-03  3.004e+03 -8.935e+03 -3.810e+05 -1.445e+06  1.476e+06 
ERR MATRIX APPROXIMATE
 PARAMETER  CORRELATION COEFFICIENTS  
       NO.  GLOBAL      1      3      4      6     10     13     20     21     22     23     24
        1  0.35635   1.000 -0.072 -0.050  0.052  0.044  0.004 -0.037  0.036  0.047  0.047 -0.047
        3  0.27837  -0.072  1.000 -0.036  0.113  0.038 -0.005 -0.059  0.076  0.070  0.070 -0.070
        4  0.32530  -0.050 -0.036  1.000 -0.230 -0.047  0.000  0.016  0.008  0.004  0.004 -0.004
        6  0.32431   0.052  0.113 -0.230  1.000  0.058 -0.010 -0.008 -0.013 -0.009 -0.009  0.009
       10  0.17075   0.044  0.038 -0.047  0.058  1.000 -0.007  0.011 -0.014 -0.016 -0.016  0.016
       13  0.05992   0.004 -0.005  0.000 -0.010 -0.007  1.000 -0.017  0.021  0.023  0.023 -0.023
       20  0.99551  -0.037 -0.059  0.016 -0.008  0.011 -0.017  1.000 -0.994 -0.994 -0.994  0.994
       21  0.99906   0.036  0.076  0.008 -0.013 -0.014  0.021 -0.994  1.000  0.999  0.999 -0.999
       22  1.00000   0.047  0.070  0.004 -0.009 -0.016  0.023 -0.994  0.999  1.000  1.000 -1.000
       23  1.00000   0.047  0.070  0.004 -0.009 -0.016  0.023 -0.994  0.999  1.000  1.000 -1.000
       24  1.00000  -0.047 -0.070 -0.004  0.009  0.016 -0.023  0.994 -0.999 -1.000 -1.000  1.000
 ERR MATRIX APPROXIMATE
MINUIT - FIT ONLY 2-CBO
 **********
 **   25 **RES 
 **********
                   PARAMETER   16  beta_vw RESTORED TO VARIABLE.
                   PARAMETER   14  alpha_vw RESTORED TO VARIABLE.
                   PARAMETER   11  alpha_y RESTORED TO VARIABLE.
                   PARAMETER    9  alpha_2CBO RESTORED TO VARIABLE.
                   PARAMETER    8  beta_CBO RESTORED TO VARIABLE.
 **********
 **   26 **FIX            0
 **********
 PARAMETER    0  IS UNDEFINED. IGNORED.
 **********
 **   27 **FIX            1
 **********
 **********
 **   28 **FIX            2
 **********
 PARAMETER    2  IS CONSTANT.   IGNORED.
 **********
 **   29 **FIX            3
 **********
 **********
 **   30 **FIX            4
 **********
 **********
 **   31 **FIX            5
 **********
 PARAMETER    5  IS CONSTANT.   IGNORED.
 **********
 **   32 **FIX            6
 **********
 **********
 **   33 **FIX            7
 **********
 PARAMETER    7  IS CONSTANT.   IGNORED.
 **********
 **   34 **FIX           10
 **********
 **********
 **   35 **FIX           11
 **********
 **********
 **   36 **FIX           12
 **********
 PARAMETER   12  IS CONSTANT.   IGNORED.
 **********
 **   37 **FIX           13
 **********
 **********
 **   38 **FIX           14
 **********
 **********
 **   39 **FIX           15
 **********
 PARAMETER   15  IS CONSTANT.   IGNORED.
 **********
 **   40 **FIX           16
 **********
 **********
 **   41 **MIGRAD
 **********
 START MIGRAD MINIMIZATION.  STRATEGY  1.  CONVERGENCE WHEN EDM .LT. 1.00e-04
 FCN=129.453 FROM MIGRAD    STATUS=INITIATE       18 CALLS        3259 TOTAL
                     EDM= unknown      STRATEGY= 1      NO ERROR MATRIX       
  EXT PARAMETER               CURRENT GUESS       STEP         FIRST   
  NO.   NAME      VALUE            ERROR          SIZE      DERIVATIVE 
   1  N0           2.88263e+06     fixed    
   2  tau          6.44101e+01   constant   
   3  A0           3.51681e-01     fixed    
   4  phi          4.11856e+00     fixed    
   5  R           -5.98037e+01   constant   
   6  alpha_CBO    3.61038e-03     fixed    
   7  w_CBO        2.32500e+00   constant   
   8  beta_CBO     0.00000e+00   1.00000e-03   1.00000e-03   5.51010e+04
   9  alpha_2CBO   0.00000e+00   1.00000e-03   1.00000e-03   3.08425e+03
  10  beta_2CBO    3.36743e-04     fixed    
  11  alpha_y      0.00000e+00     fixed    
  12  w_y          1.44500e+01   constant   
  13  beta_y      -9.63049e-05     fixed    
  14  alpha_vw     0.00000e+00     fixed    
  15  w_vw         1.29000e+01   constant   
  16  beta_vw      0.00000e+00     fixed    
  17  LM           1.43880e-04   constant   
  18  zeta_y       0.00000e+00   constant   
  19  zeta_vw      0.00000e+00   constant   
  20  T_CBO        1.57408e+01   2.48747e+00  -1.55192e-03  -5.25729e+01
  21  alpha_A0     7.32678e+00   7.36386e+00   5.48871e-01   7.11830e-05
  22  beta_A0      1.76020e+02   3.13516e+02   2.31763e+01   1.14823e-03
  23  alpha_phi    6.76124e+02   1.18920e+03   8.79199e+01  -4.79635e-04
  24  beta_phi    -6.85782e+02   1.21510e+03  -8.98238e+01   7.79375e-04
 CALL LIMIT EXCEEDED IN MIGRAD.
 MIGRAD TERMINATED WITHOUT CONVERGENCE.
 FCN=71.3216 FROM MIGRAD    STATUS=CALL LIMIT   1148 CALLS        4389 TOTAL
                     EDM=0.00687435    STRATEGY= 1  ERROR MATRIX UNCERTAINTY  31.3 per cent
  EXT PARAMETER                APPROXIMATE        STEP         FIRST   
  NO.   NAME      VALUE            ERROR          SIZE      DERIVATIVE 
   1  N0           2.88263e+06     fixed    
   2  tau          6.44101e+01   constant   
   3  A0           3.51681e-01     fixed    
   4  phi          4.11856e+00     fixed    
   5  R           -5.98037e+01   constant   
   6  alpha_CBO    3.61038e-03     fixed    
   7  w_CBO        2.32500e+00   constant   
   8  beta_CBO    -2.09401e-03   2.71417e-04  -1.38452e-06   9.36201e+01
   9  alpha_2CBO   7.10309e-06   2.66573e-04   1.20815e-06   1.03425e+02
  10  beta_2CBO    3.36743e-04     fixed    
  11  alpha_y      0.00000e+00     fixed    
  12  w_y          1.44500e+01   constant   
  13  beta_y      -9.63049e-05     fixed    
  14  alpha_vw     0.00000e+00     fixed    
  15  w_vw         1.29000e+01   constant   
  16  beta_vw      0.00000e+00     fixed    
  17  LM           1.43880e-04   constant   
  18  zeta_y       0.00000e+00   constant   
  19  zeta_vw      0.00000e+00   constant   
  20  T_CBO        1.04768e+01   1.15858e+00  -7.32461e-04  -8.08917e+01
  21  alpha_A0     4.14285e+04   7.70012e+04   4.86067e+03   1.62975e-07
  22  beta_A0      1.13767e+05   2.03476e+05   1.28465e+04  -6.67450e-07
  23  alpha_phi    3.37445e+05   6.10825e+05   3.85624e+04   1.11521e-06
  24  beta_phi    -2.52676e+05   4.50712e+05  -2.84553e+04   3.31925e-06
 EXTERNAL ERROR MATRIX.    NDIM=  25    NPAR=  7    ERR DEF=1
  7.367e-08 -5.728e-09 -1.449e-05  1.316e+00  3.481e+00  1.046e+01 -7.726e+00 
 -5.728e-09  7.106e-08 -1.523e-05  1.504e+00  3.984e+00  1.197e+01 -8.847e+00 
 -1.449e-05 -1.523e-05  1.342e+00 -8.901e+04 -2.352e+05 -7.061e+05  5.210e+05 
  1.316e+00  1.504e+00 -8.901e+04  5.929e+09  1.567e+10  4.703e+10 -3.471e+10 
  3.481e+00  3.984e+00 -2.352e+05  1.567e+10  4.140e+10  1.243e+11 -9.171e+10 
  1.046e+01  1.197e+01 -7.061e+05  4.703e+10  1.243e+11  3.731e+11 -2.753e+11 
 -7.726e+00 -8.847e+00  5.210e+05 -3.471e+10 -9.171e+10 -2.753e+11  2.031e+11 
ERR MATRIX APPROXIMATE
 PARAMETER  CORRELATION COEFFICIENTS  
       NO.  GLOBAL      8      9     20     21     22     23     24
        8  0.34090   1.000 -0.079 -0.046  0.063  0.063  0.063 -0.063
        9  0.44215  -0.079  1.000 -0.049  0.073  0.073  0.074 -0.074
       20  0.99825  -0.046 -0.049  1.000 -0.998 -0.998 -0.998  0.998
       21  0.99999   0.063  0.073 -0.998  1.000  1.000  1.000 -1.000
       22  1.00000   0.063  0.073 -0.998  1.000  1.000  1.000 -1.000
       23  1.00000   0.063  0.074 -0.998  1.000  1.000  1.000 -1.000
       24  1.00000  -0.063 -0.074  0.998 -1.000 -1.000 -1.000  1.000
 ERR MATRIX APPROXIMATE
MINUIT - FIT wiggle + 1-CBO + 2-CBO
 **********
 **   42 **RES 
 **********
                   PARAMETER   16  beta_vw RESTORED TO VARIABLE.
                   PARAMETER   14  alpha_vw RESTORED TO VARIABLE.
                   PARAMETER   13  beta_y RESTORED TO VARIABLE.
                   PARAMETER   11  alpha_y RESTORED TO VARIABLE.
                   PARAMETER   10  beta_2CBO RESTORED TO VARIABLE.
                   PARAMETER    6  alpha_CBO RESTORED TO VARIABLE.
                   PARAMETER    4  phi RESTORED TO VARIABLE.
                   PARAMETER    3  A0 RESTORED TO VARIABLE.
                   PARAMETER    1  N0 RESTORED TO VARIABLE.
 **********
 **   43 **FIX           10
 **********
 **********
 **   44 **FIX           11
 **********
 **********
 **   45 **FIX           12
 **********
 PARAMETER   12  IS CONSTANT.   IGNORED.
 **********
 **   46 **FIX           13
 **********
 **********
 **   47 **FIX           14
 **********
 **********
 **   48 **FIX           15
 **********
 PARAMETER   15  IS CONSTANT.   IGNORED.
 **********
 **   49 **FIX           16
 **********
 **********
 **   50 **MIGRAD
 **********
 START MIGRAD MINIMIZATION.  STRATEGY  1.  CONVERGENCE WHEN EDM .LT. 1.00e-04
 FCN=71.3216 FROM MIGRAD    STATUS=INITIATE       22 CALLS        4411 TOTAL
                     EDM= unknown      STRATEGY= 1      NO ERROR MATRIX       
  EXT PARAMETER               CURRENT GUESS       STEP         FIRST   
  NO.   NAME      VALUE            ERROR          SIZE      DERIVATIVE 
   1  N0           2.88263e+06   5.67142e+02   5.67142e+02   1.88589e-03
   2  tau          6.44101e+01   constant   
   3  A0           3.51681e-01   2.59073e-04   2.59073e-04   7.60002e+03
   4  phi          4.11856e+00   8.25211e-04   8.25211e-04   2.48917e+03
   5  R           -5.98037e+01   constant   
   6  alpha_CBO    3.61038e-03   2.78497e-04   2.78497e-04   2.34232e+03
   7  w_CBO        2.32500e+00   constant   
   8  beta_CBO    -2.09401e-03   2.71417e-04  -1.38452e-06   9.36201e+01
   9  alpha_2CBO   7.10309e-06   2.66573e-04   1.20815e-06   1.03425e+02
  10  beta_2CBO    3.36743e-04     fixed    
  11  alpha_y      0.00000e+00     fixed    
  12  w_y          1.44500e+01   constant   
  13  beta_y      -9.63049e-05     fixed    
  14  alpha_vw     0.00000e+00     fixed    
  15  w_vw         1.29000e+01   constant   
  16  beta_vw      0.00000e+00     fixed    
  17  LM           1.43880e-04   constant   
  18  zeta_y       0.00000e+00   constant   
  19  zeta_vw      0.00000e+00   constant   
  20  T_CBO        1.04768e+01   1.15858e+00  -7.32461e-04  -8.08917e+01
  21  alpha_A0     4.14285e+04   7.70012e+04   4.86067e+03   1.62977e-07
  22  beta_A0      1.13767e+05   2.03476e+05   1.28465e+04  -6.67450e-07
  23  alpha_phi    3.37445e+05   6.10825e+05   3.85624e+04   1.11521e-06
  24  beta_phi    -2.52676e+05   4.50712e+05  -2.84553e+04   3.31925e-06
 MIGRAD MINIMIZATION HAS CONVERGED.
 MIGRAD WILL VERIFY CONVERGENCE AND ERROR MATRIX.
 FCN=68.9257 FROM HESSE     STATUS=NOT POSDEF    100 CALLS        4655 TOTAL
                     EDM=0.00120939    STRATEGY= 1      ERR MATRIX NOT POS-DEF
  EXT PARAMETER                APPROXIMATE        STEP         FIRST   
  NO.   NAME      VALUE            ERROR          SIZE      DERIVATIVE 
   1  N0           2.88235e+06   5.95039e+02   2.24183e+00  -1.25385e-06
   2  tau          6.44101e+01   constant   
   3  A0           3.51423e-01   2.77612e-04   1.05358e-06   2.90153e+00
   4  phi          4.11772e+00   8.49586e-04   3.24066e-06  -4.43344e-01
   5  R           -5.98037e+01   constant   
   6  alpha_CBO    3.55483e-03   2.79065e-04   1.08914e-06  -6.71979e-01
   7  w_CBO        2.32500e+00   constant   
   8  beta_CBO    -2.18766e-03   2.82985e-04   1.12133e-06  -4.45086e-01
   9  alpha_2CBO   3.12963e-05   2.78067e-04   1.10601e-06  -6.17965e+00
  10  beta_2CBO    3.36743e-04     fixed    
  11  alpha_y      0.00000e+00     fixed    
  12  w_y          1.44500e+01   constant   
  13  beta_y      -9.63049e-05     fixed    
  14  alpha_vw     0.00000e+00     fixed    
  15  w_vw         1.29000e+01   constant   
  16  beta_vw      0.00000e+00     fixed    
  17  LM           1.43880e-04   constant   
  18  zeta_y       0.00000e+00   constant   
  19  zeta_vw      0.00000e+00   constant   
  20  T_CBO        1.04569e+01   2.34324e+00   6.14241e-06   1.33183e+00
  21  alpha_A0     3.81772e+04   2.18013e+05   2.36286e+01  -1.95265e-08
  22  beta_A0      8.65986e+04   3.76664e+05   2.36296e+01  -9.13493e-09
  23  alpha_phi    3.10168e+05   1.29185e+06   2.36240e+01  -1.53974e-08
  24  beta_phi    -2.76096e+05   1.15348e+06   2.36242e+01   1.09875e-08
 CALL LIMIT EXCEEDED IN MIGRAD.
 MIGRAD TERMINATED WITHOUT CONVERGENCE.
 FCN=68.8746 FROM MIGRAD    STATUS=CALL LIMIT   1906 CALLS        6295 TOTAL
                     EDM=7.71215e-05    STRATEGY= 1      ERR MATRIX NOT POS-DEF
  EXT PARAMETER                APPROXIMATE        STEP         FIRST   
  NO.   NAME      VALUE            ERROR          SIZE      DERIVATIVE 
   1  N0           2.88233e+06   5.57824e+02  -3.36455e+00  -1.17854e-06
   2  tau          6.44101e+01   constant   
   3  A0           3.51458e-01   2.68374e-04  -6.71681e-08   1.76838e+01
   4  phi          4.11770e+00   8.20298e-04  -3.04751e-06  -5.38219e-01
   5  R           -5.98037e+01   constant   
   6  alpha_CBO    3.55273e-03   2.78382e-04   6.05631e-07  -4.65735e+00
   7  w_CBO        2.32500e+00   constant   
   8  beta_CBO    -2.18203e-03   2.77690e-04  -6.44085e-07   9.37699e+00
   9  alpha_2CBO   3.33749e-05   2.74456e-04   1.05858e-06   1.72052e+01
  10  beta_2CBO    3.36743e-04     fixed    
  11  alpha_y      0.00000e+00     fixed    
  12  w_y          1.44500e+01   constant   
  13  beta_y      -9.63049e-05     fixed    
  14  alpha_vw     0.00000e+00     fixed    
  15  w_vw         1.29000e+01   constant   
  16  beta_vw      0.00000e+00     fixed    
  17  LM           1.43880e-04   constant   
  18  zeta_y       0.00000e+00   constant   
  19  zeta_vw      0.00000e+00   constant   
  20  T_CBO        8.77784e+00   1.32617e+00  -1.82913e-04  -1.62330e+01
  21  alpha_A0     1.74755e+06   8.90402e+06   1.13827e+05   7.90884e-09
  22  beta_A0      2.76177e+06   9.30094e+06   1.19453e+05   1.81415e-09
  23  alpha_phi    1.07099e+07   3.46027e+07   4.45025e+05  -4.33825e-09
  24  beta_phi    -9.58219e+06   2.92725e+07  -3.76280e+05   5.72307e-09
 EXTERNAL ERROR MATRIX.    NDIM=  25    NPAR= 11    ERR DEF=1
  3.112e+05 
 -1.357e-02  7.202e-08 
 -1.582e-02  1.340e-08  6.729e-07 
  9.243e-03  4.732e-09 -4.970e-08  7.750e-08 
  9.820e-03  9.517e-09  4.030e-08  8.101e-11  7.711e-08 
 -7.890e-03 -3.809e-09 -5.703e-09  1.079e-09 -7.180e-09  7.533e-08 
  7.717e+01 -5.864e-05 -2.171e-05  2.465e-05  4.805e-06  3.687e-05  1.759e+00 
 -6.199e+08  4.284e+02  2.813e+02 -2.047e+02 -4.260e+01 -2.478e+02 -1.153e+07  7.928e+13 
 -6.031e+08  4.456e+02  2.467e+02 -1.973e+02 -3.168e+01 -2.339e+02 -1.226e+07  8.226e+13  8.651e+13 
 -2.256e+09  1.655e+03  7.780e+02 -7.086e+02 -1.021e+02 -8.246e+02 -4.570e+07  3.049e+14  3.217e+14  1.197e+15 
  1.913e+09 -1.407e+03 -5.983e+02  5.837e+02  7.593e+01  6.791e+02  3.871e+07 -2.569e+14 -2.718e+14 -1.013e+15  8.569e+14 
ERR MATRIX NOT POS-DEF
 PARAMETER  CORRELATION COEFFICIENTS  
       NO.  GLOBAL      1      3      4      6      8      9     20     21     22     23     24
        1  0.37078   1.000 -0.091 -0.035  0.060  0.063 -0.052  0.104 -0.125 -0.116 -0.117  0.117
        3  0.37106  -0.091  1.000  0.061  0.063  0.128 -0.052 -0.165  0.179  0.179  0.178 -0.179
        4  0.35532  -0.035  0.061  1.000 -0.218  0.177 -0.025 -0.020  0.039  0.032  0.027 -0.025
        6  0.26058   0.060  0.063 -0.218  1.000  0.001  0.014  0.067 -0.083 -0.076 -0.074  0.072
        8  0.27829   0.063  0.128  0.177  0.001  1.000 -0.094  0.013 -0.017 -0.012 -0.011  0.009
        9  0.36983  -0.052 -0.052 -0.025  0.014 -0.094  1.000  0.101 -0.101 -0.092 -0.087  0.085
       20  0.99806   0.104 -0.165 -0.020  0.067  0.013  0.101  1.000 -0.977 -0.994 -0.996  0.997
       21  0.99945  -0.125  0.179  0.039 -0.083 -0.017 -0.101 -0.977  1.000  0.993  0.990 -0.986
       22  0.99989  -0.116  0.179  0.032 -0.076 -0.012 -0.092 -0.994  0.993  1.000  0.999 -0.998
       23  0.99998  -0.117  0.178  0.027 -0.074 -0.011 -0.087 -0.996  0.990  0.999  1.000 -1.000
       24  0.99998   0.117 -0.179 -0.025  0.072  0.009  0.085  0.997 -0.986 -0.998 -1.000  1.000
 ERR MATRIX NOT POS-DEF
MINUIT - FIT ONLY 1-y
 **********
 **   51 **RES 
 **********
                   PARAMETER   16  beta_vw RESTORED TO VARIABLE.
                   PARAMETER   14  alpha_vw RESTORED TO VARIABLE.
                   PARAMETER   13  beta_y RESTORED TO VARIABLE.
                   PARAMETER   11  alpha_y RESTORED TO VARIABLE.
                   PARAMETER   10  beta_2CBO RESTORED TO VARIABLE.
 **********
 **   52 **FIX            0
 **********
 PARAMETER    0  IS UNDEFINED. IGNORED.
 **********
 **   53 **FIX            1
 **********
 **********
 **   54 **FIX            2
 **********
 PARAMETER    2  IS CONSTANT.   IGNORED.
 **********
 **   55 **FIX            3
 **********
 **********
 **   56 **FIX            4
 **********
 **********
 **   57 **FIX            5
 **********
 PARAMETER    5  IS CONSTANT.   IGNORED.
 **********
 **   58 **FIX            6
 **********
 **********
 **   59 **FIX            7
 **********
 PARAMETER    7  IS CONSTANT.   IGNORED.
 **********
 **   60 **FIX            8
 **********
 **********
 **   61 **FIX            9
 **********
 **********
 **   62 **FIX           13
 **********
 **********
 **   63 **FIX           14
 **********
 **********
 **   64 **FIX           15
 **********
 PARAMETER   15  IS CONSTANT.   IGNORED.
 **********
 **   65 **FIX           16
 **********
 **********
 **   66 **MIGRAD
 **********
 START MIGRAD MINIMIZATION.  STRATEGY  1.  CONVERGENCE WHEN EDM .LT. 1.00e-04
 FCN=68.8745 FROM MIGRAD    STATUS=INITIATE       37 CALLS        6332 TOTAL
                     EDM= unknown      STRATEGY= 1      NO ERROR MATRIX       
  EXT PARAMETER               CURRENT GUESS       STEP         FIRST   
  NO.   NAME      VALUE            ERROR          SIZE      DERIVATIVE 
   1  N0           2.88233e+06     fixed    
   2  tau          6.44101e+01   constant   
   3  A0           3.51458e-01     fixed    
   4  phi          4.11770e+00     fixed    
   5  R           -5.98037e+01   constant   
   6  alpha_CBO    3.55273e-03     fixed    
   7  w_CBO        2.32500e+00   constant   
   8  beta_CBO    -2.18203e-03     fixed    
   9  alpha_2CBO   3.33749e-05     fixed    
  10  beta_2CBO    3.36743e-04   2.75089e-04   0.00000e+00   4.13583e+03
  11  alpha_y      0.00000e+00   1.00000e-03   0.00000e+00  -1.17995e+04
  12  w_y          1.44500e+01   constant   
  13  beta_y      -9.63049e-05     fixed    
  14  alpha_vw     0.00000e+00     fixed    
  15  w_vw         1.29000e+01   constant   
  16  beta_vw      0.00000e+00     fixed    
  17  LM           1.43880e-04   constant   
  18  zeta_y       0.00000e+00   constant   
  19  zeta_vw      0.00000e+00   constant   
  20  T_CBO        8.77784e+00   1.32617e+00   0.00000e+00  -1.70620e+01
  21  alpha_A0     1.72390e+06   8.90402e+06  -2.36431e+04   5.58821e-09
  22  beta_A0      2.76177e+06   9.30094e+06   0.00000e+00   1.86056e-09
  23  alpha_phi    1.07099e+07   3.46027e+07   0.00000e+00  -4.32914e-09
  24  beta_phi    -9.58219e+06   2.92725e+07   0.00000e+00   5.66288e-09
 MIGRAD MINIMIZATION HAS CONVERGED.
 MIGRAD WILL VERIFY CONVERGENCE AND ERROR MATRIX.
 COVARIANCE MATRIX CALCULATED SUCCESSFULLY
 FCN=65.9907 FROM HESSE     STATUS=OK             50 CALLS        6477 TOTAL
                     EDM=0.000205724    STRATEGY= 1      ERROR MATRIX ACCURATE 
  EXT PARAMETER                                   STEP         FIRST   
  NO.   NAME      VALUE            ERROR          SIZE      DERIVATIVE 
   1  N0           2.88233e+06     fixed    
   2  tau          6.44101e+01   constant   
   3  A0           3.51458e-01     fixed    
   4  phi          4.11770e+00     fixed    
   5  R           -5.98037e+01   constant   
   6  alpha_CBO    3.55273e-03     fixed    
   7  w_CBO        2.32500e+00   constant   
   8  beta_CBO    -2.18203e-03     fixed    
   9  alpha_2CBO   3.33749e-05     fixed    
  10  beta_2CBO    1.73311e-04   2.79510e-04   1.08035e-06  -9.22669e-01
  11  alpha_y      4.31252e-04   2.70206e-04   1.07917e-06  -1.96888e+00
  12  w_y          1.44500e+01   constant   
  13  beta_y      -9.63049e-05     fixed    
  14  alpha_vw     0.00000e+00     fixed    
  15  w_vw         1.29000e+01   constant   
  16  beta_vw      0.00000e+00     fixed    
  17  LM           1.43880e-04   constant   
  18  zeta_y       0.00000e+00   constant   
  19  zeta_vw      0.00000e+00   constant   
  20  T_CBO        8.78006e+00   7.97772e-01   4.52077e-06   9.44153e-01
  21  alpha_A0     1.35853e+06   4.30109e+06   2.31501e+01  -7.50412e-10
  22  beta_A0      3.41166e+06   3.65150e+06   2.31500e+01  -4.93696e-10
  23  alpha_phi    1.04202e+07   2.18044e+07   2.31500e+01  -4.02045e-10
  24  beta_phi    -9.98444e+06   2.04533e+07   2.31500e+01   4.60328e-10
 CALL LIMIT EXCEEDED IN MIGRAD.
 MIGRAD TERMINATED WITHOUT CONVERGENCE.
 FCN=65.9637 FROM MIGRAD    STATUS=CALL LIMIT   1157 CALLS        7452 TOTAL
                     EDM=0.00016498    STRATEGY= 1  ERROR MATRIX UNCERTAINTY  36.9 per cent
  EXT PARAMETER                APPROXIMATE        STEP         FIRST   
  NO.   NAME      VALUE            ERROR          SIZE      DERIVATIVE 
   1  N0           2.88233e+06     fixed    
   2  tau          6.44101e+01   constant   
   3  A0           3.51458e-01     fixed    
   4  phi          4.11770e+00     fixed    
   5  R           -5.98037e+01   constant   
   6  alpha_CBO    3.55273e-03     fixed    
   7  w_CBO        2.32500e+00   constant   
   8  beta_CBO    -2.18203e-03     fixed    
   9  alpha_2CBO   3.33749e-05     fixed    
  10  beta_2CBO    1.72749e-04   2.72889e-04  -4.86284e-07  -1.07332e+01
  11  alpha_y      4.31967e-04   2.70107e-04   9.35578e-08   2.38576e+00
  12  w_y          1.44500e+01   constant   
  13  beta_y      -9.63049e-05     fixed    
  14  alpha_vw     0.00000e+00     fixed    
  15  w_vw         1.29000e+01   constant   
  16  beta_vw      0.00000e+00     fixed    
  17  LM           1.43880e-04   constant   
  18  zeta_y       0.00000e+00   constant   
  19  zeta_vw      0.00000e+00   constant   
  20  T_CBO        7.89104e+00   1.39331e+00  -1.48821e-04  -1.31254e+01
  21  alpha_A0     1.86394e+07   1.02705e+08   9.35771e+05   3.00816e-10
  22  beta_A0      3.91967e+07   1.76051e+08   1.84087e+06  -3.59346e-11
  23  alpha_phi    1.24528e+08   5.12162e+08   4.68169e+06  -2.68231e-10
  24  beta_phi    -1.18832e+08   4.86749e+08  -4.31248e+06   2.12888e-10
 EXTERNAL ERROR MATRIX.    NDIM=  25    NPAR=  7    ERR DEF=1
  7.447e-08  1.755e-10  1.064e-05 -2.141e+02 -3.403e+03 -3.484e+03  4.883e+03 
  1.755e-10  7.296e-08 -3.437e-06  2.396e+02  7.864e+02  1.380e+03 -1.424e+03 
  1.064e-05 -3.437e-06  1.941e+00 -1.368e+08 -2.352e+08 -7.121e+08  6.765e+08 
 -2.141e+02  2.396e+02 -1.368e+08  1.055e+16  1.705e+16  5.053e+16 -4.782e+16 
 -3.403e+03  7.864e+02 -2.352e+08  1.705e+16  3.099e+16  8.670e+16 -8.174e+16 
 -3.484e+03  1.380e+03 -7.121e+08  5.053e+16  8.670e+16  2.623e+17 -2.484e+17 
  4.883e+03 -1.424e+03  6.765e+08 -4.782e+16 -8.174e+16 -2.484e+17  2.369e+17 
ERR MATRIX APPROXIMATE
 PARAMETER  CORRELATION COEFFICIENTS  
       NO.  GLOBAL     10     11     20     21     22     23     24
       10  0.28016   1.000  0.002  0.028 -0.008 -0.071 -0.025  0.037
       11  0.04570   0.002  1.000 -0.009  0.009  0.017  0.010 -0.011
       20  0.99870   0.028 -0.009  1.000 -0.956 -0.959 -0.998  0.997
       21  0.96555  -0.008  0.009 -0.956  1.000  0.943  0.961 -0.957
       22  0.96787  -0.071  0.017 -0.959  0.943  1.000  0.962 -0.954
       23  0.99826  -0.025  0.010 -0.998  0.961  0.962  1.000 -0.996
       24  0.99781   0.037 -0.011  0.997 -0.957 -0.954 -0.996  1.000
 ERR MATRIX APPROXIMATE
MINUIT - FIT ONLY 2-y
 **********
 **   67 **RES 
 **********
                   PARAMETER   16  beta_vw RESTORED TO VARIABLE.
                   PARAMETER   14  alpha_vw RESTORED TO VARIABLE.
                   PARAMETER   13  beta_y RESTORED TO VARIABLE.
                   PARAMETER    9  alpha_2CBO RESTORED TO VARIABLE.
                   PARAMETER    8  beta_CBO RESTORED TO VARIABLE.
                   PARAMETER    6  alpha_CBO RESTORED TO VARIABLE.
                   PARAMETER    4  phi RESTORED TO VARIABLE.
                   PARAMETER    3  A0 RESTORED TO VARIABLE.
                   PARAMETER    1  N0 RESTORED TO VARIABLE.
 **********
 **   68 **FIX            0
 **********
 PARAMETER    0  IS UNDEFINED. IGNORED.
 **********
 **   69 **FIX            1
 **********
 **********
 **   70 **FIX            2
 **********
 PARAMETER    2  IS CONSTANT.   IGNORED.
 **********
 **   71 **FIX            3
 **********
 **********
 **   72 **FIX            4
 **********
 **********
 **   73 **FIX            5
 **********
 PARAMETER    5  IS CONSTANT.   IGNORED.
 **********
 **   74 **FIX            6
 **********
 **********
 **   75 **FIX            7
 **********
 PARAMETER    7  IS CONSTANT.   IGNORED.
 **********
 **   76 **FIX            8
 **********
 **********
 **   77 **FIX            9
 **********
 **********
 **   78 **FIX           10
 **********
 **********
 **   79 **FIX           11
 **********
 **********
 **   80 **FIX           12
 **********
 PARAMETER   12  IS CONSTANT.   IGNORED.
 **********
 **   81 **FIX           16
 **********
 **********
 **   82 **MIGRAD
 **********
 START MIGRAD MINIMIZATION.  STRATEGY  1.  CONVERGENCE WHEN EDM .LT. 1.00e-04
 FCN=65.9636 FROM MIGRAD    STATUS=INITIATE       58 CALLS        7510 TOTAL
                     EDM= unknown      STRATEGY= 1      NO ERROR MATRIX       
  EXT PARAMETER               CURRENT GUESS       STEP         FIRST   
  NO.   NAME      VALUE            ERROR          SIZE      DERIVATIVE 
   1  N0           2.88233e+06     fixed    
   2  tau          6.44101e+01   constant   
   3  A0           3.51458e-01     fixed    
   4  phi          4.11770e+00     fixed    
   5  R           -5.98037e+01   constant   
   6  alpha_CBO    3.55273e-03     fixed    
   7  w_CBO        2.32500e+00   constant   
   8  beta_CBO    -2.18203e-03     fixed    
   9  alpha_2CBO   3.33749e-05     fixed    
  10  beta_2CBO    1.72749e-04     fixed    
  11  alpha_y      4.31967e-04     fixed    
  12  w_y          1.44500e+01   constant   
  13  beta_y      -9.63049e-05   2.71934e-04   0.00000e+00  -1.46541e+03
