 + ++++++++++++++++++++++++++++++++++++++++++++++++++++++++++++++++++++ +
 +                                                                      +
 +           You have chose to blind your fitting according to          +
 +                omega_ref * (1 + (R +/- deltaR) *10^{-6})             +
 +                                                                      +
 + ++++++++++++++++++++++++++++++++++++++++++++++++++++++++++++++++++++ +
In main()...
reading format from /gm2data/zkhechad/run45/envelope/formats/formatB_sBin_constraintOn.txt
pBinTau 	= 0  
pBinPhi 	= 0  
constraintau 	= 1 
includeMopTerm 	= 0    
constrainMop    = 0   
Parameters after format file: pBinTau 0 pBinPhi 0 constraintau 1 includeMopTerm 0 constrainMop 0 c_e_scale 0.000000 
Opening file /gm2data/tbarrett/gm2fr/studies/run23_bunch_corrections/CorrectedFourier_Run3b.root.
reading full fit data from /gm2data/zkhechad/cboTemplates/Run4CBOTemplates/fullFits/noRF/sBin_constraintOn_cE0.0_seed0_noRF_calo14.root
windowBins = 69
fitting sliding window 700 from bin 836 at 124.582000 to bin 905 at 135.026000 (69 bins)

Reading data from /gm2data/cornell/histograms/aMethod/histogram_a_noRF.root
 **********
 **    1 **SET PRINTOUT            1
 **********
 **********
 **    2 **SET NOWARNINGS 
 **********
 PARAMETER DEFINITIONS:
    NO.   NAME         VALUE      STEP SIZE      LIMITS
     1 N0           3.41750e+06  1.00000e+02     no limits
     2 tau          6.44063e+01  constant
     3 A0           3.61912e-01  1.00000e-04     no limits
     4 phi          4.12132e+00  1.00000e-02     no limits
     5 R           -6.04192e+01  constant
     6 alpha_CBO    0.00000e+00  1.00000e-03     no limits
     7 w_CBO        2.32500e+00  constant
     8 beta_CBO     0.00000e+00  1.00000e-03     no limits
     9 alpha_2CBO   0.00000e+00  1.00000e-03     no limits
    10 beta_2CBO    0.00000e+00  1.00000e-03     no limits
    11 alpha_y      0.00000e+00  1.00000e-03     no limits
    12 w_y          1.38860e+01  constant
    13 beta_y       0.00000e+00  1.00000e-03     no limits
    14 alpha_vw     0.00000e+00  1.00000e-03     no limits
    15 w_vw         1.43404e+01  constant
    16 beta_vw      0.00000e+00  1.00000e-03     no limits
    17 LM           8.43198e-05  constant
    18 zeta_y       0.00000e+00  constant
    19 zeta_vw      0.00000e+00  constant
    20 T_CBO        1.00000e+02  1.00000e+00    0.00000e+00  1.00000e+03
    21 alpha_A0     0.00000e+00  1.00000e-04   -1.00000e-02  1.00000e-02
    22 beta_A0      0.00000e+00  1.00000e-04   -1.00000e-02  1.00000e-02
    23 alpha_phi    0.00000e+00  1.00000e-04   -1.00000e-02  1.00000e-02
    24 beta_phi     0.00000e+00  1.00000e-04   -1.00000e-02  1.00000e-02
MINUIT - FIT ONLY WIGGLE
 **********
 **    3 **FIX            5
 **********
 PARAMETER    5  IS CONSTANT.   IGNORED.
 **********
 **    4 **FIX            6
 **********
 **********
 **    5 **FIX            7
 **********
 PARAMETER    7  IS CONSTANT.   IGNORED.
 **********
 **    6 **FIX            8
 **********
 **********
 **    7 **FIX            9
 **********
 **********
 **    8 **FIX           10
 **********
 **********
 **    9 **FIX           11
 **********
 **********
 **   10 **FIX           12
 **********
 PARAMETER   12  IS CONSTANT.   IGNORED.
 **********
 **   11 **FIX           13
 **********
 **********
 **   12 **FIX           14
 **********
 **********
 **   13 **FIX           15
 **********
 PARAMETER   15  IS CONSTANT.   IGNORED.
 **********
 **   14 **FIX           16
 **********
 **********
 **   15 **MIGRAD
 **********
 FIRST CALL TO USER FUNCTION AT NEW START POINT, WITH IFLAG=4.
 START MIGRAD MINIMIZATION.  STRATEGY  1.  CONVERGENCE WHEN EDM .LT. 1.00e-04
 FCN=708.356 FROM MIGRAD    STATUS=INITIATE      437 CALLS         438 TOTAL
                     EDM= unknown      STRATEGY= 1      NO ERROR MATRIX       
  EXT PARAMETER               CURRENT GUESS       STEP         FIRST   
  NO.   NAME      VALUE            ERROR          SIZE      DERIVATIVE 
   1  N0           3.41750e+06   1.00000e+02   0.00000e+00   1.60858e-02
   2  tau          6.44063e+01   constant   
   3  A0           3.61912e-01   1.00000e-04   0.00000e+00   6.39289e+04
   4  phi          4.12132e+00   1.00000e-02   0.00000e+00  -9.97525e+03
   5  R           -6.04192e+01   constant   
   6  alpha_CBO    0.00000e+00     fixed    
   7  w_CBO        2.32500e+00   constant   
   8  beta_CBO     0.00000e+00     fixed    
   9  alpha_2CBO   0.00000e+00     fixed    
  10  beta_2CBO    0.00000e+00     fixed    
  11  alpha_y      0.00000e+00     fixed    
  12  w_y          1.38860e+01   constant   
  13  beta_y       0.00000e+00     fixed    
  14  alpha_vw     0.00000e+00     fixed    
  15  w_vw         1.43404e+01   constant   
  16  beta_vw      0.00000e+00     fixed    
  17  LM           8.43198e-05   constant   
  18  zeta_y       0.00000e+00   constant   
  19  zeta_vw      0.00000e+00   constant   
  20  T_CBO        1.00000e+02   1.00000e+00   0.00000e+00   0.00000e+00
  21  alpha_A0     0.00000e+00   1.00000e-04   0.00000e+00  -2.70603e+01
  22  beta_A0      0.00000e+00   1.00000e-04   0.00000e+00   1.40366e+01
  23  alpha_phi    0.00000e+00   1.00000e-04   0.00000e+00  -2.52772e+01
  24  beta_phi     0.00000e+00   1.00000e-04   0.00000e+00   3.39029e+00
 MIGRAD MINIMIZATION HAS CONVERGED.
 FCN=648.946 FROM MIGRAD    STATUS=CONVERGED     701 CALLS         702 TOTAL
                     EDM=2.56576e-06    STRATEGY= 1  ERROR MATRIX UNCERTAINTY   1.0 per cent
  EXT PARAMETER                                   STEP         FIRST   
  NO.   NAME      VALUE            ERROR          SIZE      DERIVATIVE 
   1  N0           3.41664e+06   4.02079e+02  -9.96853e-01  -3.94020e-06
   2  tau          6.44063e+01   constant   
   3  A0           3.61150e-01   1.53949e-04   1.48145e-07   9.69579e-01
   4  phi          4.12260e+00   4.37769e-04  -8.94237e-07  -3.82590e+00
   5  R           -6.04192e+01   constant   
   6  alpha_CBO    0.00000e+00     fixed    
   7  w_CBO        2.32500e+00   constant   
   8  beta_CBO     0.00000e+00     fixed    
   9  alpha_2CBO   0.00000e+00     fixed    
  10  beta_2CBO    0.00000e+00     fixed    
  11  alpha_y      0.00000e+00     fixed    
  12  w_y          1.38860e+01   constant   
  13  beta_y       0.00000e+00     fixed    
  14  alpha_vw     0.00000e+00     fixed    
  15  w_vw         1.43404e+01   constant   
  16  beta_vw      0.00000e+00     fixed    
  17  LM           8.43198e-05   constant   
  18  zeta_y       0.00000e+00   constant   
  19  zeta_vw      0.00000e+00   constant   
  20  T_CBO        8.77389e+01   1.69736e+01   5.58052e-06   1.82283e-04
  21  alpha_A0     9.99998e-03   1.46677e-02   2.98296e-03   1.08498e-03
  22  beta_A0     -3.52041e-03   2.60422e-03  -4.93632e-04   7.43042e-03
  23  alpha_phi    7.42868e-03   3.14581e-03  -1.73894e-03   1.90484e-03
  24  beta_phi    -1.81388e-03   2.37632e-03   7.45442e-04  -3.59939e-03
 EXTERNAL ERROR MATRIX.    NDIM=  25    NPAR=  8    ERR DEF=1
  1.617e+05 -8.346e-03 -1.152e-02  5.263e+02 -4.021e-05  3.076e-01  1.536e-01 -1.504e-01 
 -8.346e-03  2.370e-08 -2.224e-09 -2.291e-04  6.630e-11 -6.388e-08 -3.189e-08  3.591e-08 
 -1.152e-02 -2.224e-09  1.916e-07  9.356e-04  1.126e-09  1.241e-07 -1.283e-07 -5.924e-08 
  5.263e+02 -2.291e-04  9.356e-04  2.885e+02 -6.324e-05  2.106e-02 -3.700e-02  7.123e-03 
 -4.021e-05  6.630e-11  1.126e-09 -6.324e-05  7.095e-10  9.182e-10 -1.102e-08 -4.214e-09 
  3.076e-01 -6.388e-08  1.241e-07  2.106e-02  9.182e-10  6.965e-06 -1.866e-06 -7.380e-07 
  1.536e-01 -3.189e-08 -1.283e-07 -3.700e-02 -1.102e-08 -1.866e-06  1.072e-05 -1.985e-06 
 -1.504e-01  3.591e-08 -5.924e-08  7.123e-03 -4.214e-09 -7.380e-07 -1.985e-06  5.760e-06 
 PARAMETER  CORRELATION COEFFICIENTS  
       NO.  GLOBAL      1      3      4     20     21     22     23     24
        1  0.37932   1.000 -0.135 -0.065  0.077 -0.004  0.290  0.117 -0.156
        3  0.23436  -0.135  1.000 -0.033 -0.088  0.016 -0.157 -0.063  0.097
        4  0.21636  -0.065 -0.033  1.000  0.126  0.097  0.107 -0.089 -0.056
       20  0.78558   0.077 -0.088  0.126  1.000 -0.140  0.470 -0.665  0.175
       21  0.37628  -0.004  0.016  0.097 -0.140  1.000  0.013 -0.126 -0.066
       22  0.57227   0.290 -0.157  0.107  0.470  0.013  1.000 -0.216 -0.117
       23  0.73922   0.117 -0.063 -0.089 -0.665 -0.126 -0.216  1.000 -0.253
       24  0.35104  -0.156  0.097 -0.056  0.175 -0.066 -0.117 -0.253  1.000
MINUIT - FIT ONLY 1-CBO + wiggle
 **********
 **   16 **RES 
 **********
                   PARAMETER   16  beta_vw RESTORED TO VARIABLE.
                   PARAMETER   14  alpha_vw RESTORED TO VARIABLE.
                   PARAMETER   13  beta_y RESTORED TO VARIABLE.
                   PARAMETER   11  alpha_y RESTORED TO VARIABLE.
                   PARAMETER   10  beta_2CBO RESTORED TO VARIABLE.
                   PARAMETER    9  alpha_2CBO RESTORED TO VARIABLE.
                   PARAMETER    8  beta_CBO RESTORED TO VARIABLE.
                   PARAMETER    6  alpha_CBO RESTORED TO VARIABLE.
 **********
 **   17 **FIX            8
 **********
 **********
 **   18 **FIX            9
 **********
 **********
 **   19 **FIX           11
 **********
 **********
 **   20 **FIX           12
 **********
 PARAMETER   12  IS CONSTANT.   IGNORED.
 **********
 **   21 **FIX           14
 **********
 **********
 **   22 **FIX           15
 **********
 PARAMETER   15  IS CONSTANT.   IGNORED.
 **********
 **   23 **FIX           16
 **********
 **********
 **   24 **MIGRAD
 **********
 START MIGRAD MINIMIZATION.  STRATEGY  1.  CONVERGENCE WHEN EDM .LT. 1.00e-04
 FCN=648.946 FROM MIGRAD    STATUS=INITIATE       28 CALLS         730 TOTAL
                     EDM= unknown      STRATEGY= 1      NO ERROR MATRIX       
  EXT PARAMETER               CURRENT GUESS       STEP         FIRST   
  NO.   NAME      VALUE            ERROR          SIZE      DERIVATIVE 
   1  N0           3.41664e+06   4.02079e+02  -9.96853e-01  -3.94020e-06
   2  tau          6.44063e+01   constant   
   3  A0           3.61150e-01   1.53949e-04   1.48145e-07   9.69584e-01
   4  phi          4.12260e+00   4.37769e-04  -8.94237e-07  -3.82590e+00
   5  R           -6.04192e+01   constant   
   6  alpha_CBO    0.00000e+00   1.00000e-03   1.00000e-03  -2.11379e+05
   7  w_CBO        2.32500e+00   constant   
   8  beta_CBO     0.00000e+00     fixed    
   9  alpha_2CBO   0.00000e+00     fixed    
  10  beta_2CBO    0.00000e+00   1.00000e-03   1.00000e-03   5.70956e+03
  11  alpha_y      0.00000e+00     fixed    
  12  w_y          1.38860e+01   constant   
  13  beta_y       0.00000e+00   1.00000e-03   1.00000e-03   1.47319e+03
  14  alpha_vw     0.00000e+00     fixed    
  15  w_vw         1.43404e+01   constant   
  16  beta_vw      0.00000e+00     fixed    
  17  LM           8.43198e-05   constant   
  18  zeta_y       0.00000e+00   constant   
  19  zeta_vw      0.00000e+00   constant   
  20  T_CBO        8.77389e+01   1.69736e+01   5.58052e-06   1.82395e-04
  21  alpha_A0     9.99998e-03   1.46677e-02   2.98296e-03  -1.08508e-03
  22  beta_A0     -3.52041e-03   2.60422e-03  -4.93632e-04   7.43045e-03
  23  alpha_phi    7.42868e-03   3.14581e-03  -1.73894e-03   1.90580e-03
  24  beta_phi    -1.81388e-03   2.37632e-03   7.45442e-04  -3.59940e-03
 MIGRAD MINIMIZATION HAS CONVERGED.
 FCN=348.337 FROM MIGRAD    STATUS=CONVERGED     224 CALLS         926 TOTAL
                     EDM=8.15895e-06    STRATEGY= 1  ERROR MATRIX UNCERTAINTY   2.7 per cent
  EXT PARAMETER                                   STEP         FIRST   
  NO.   NAME      VALUE            ERROR          SIZE      DERIVATIVE 
   1  N0           3.41713e+06   3.88491e+02   1.01030e+00  -5.13057e-07
   2  tau          6.44063e+01   constant   
   3  A0           3.61629e-01   1.48203e-04  -4.48236e-08   7.62789e+00
   4  phi          4.12303e+00   4.38408e-04  -4.25470e-07  -1.36738e+00
   5  R           -6.04192e+01   constant   
   6  alpha_CBO    2.84072e-03   1.63784e-04   6.82671e-08   1.78840e+00
   7  w_CBO        2.32500e+00   constant   
   8  beta_CBO     0.00000e+00     fixed    
   9  alpha_2CBO   0.00000e+00     fixed    
  10  beta_2CBO   -1.30737e-04   1.55050e-04   6.49289e-07   1.33642e+01
  11  alpha_y      0.00000e+00     fixed    
  12  w_y          1.38860e+01   constant   
  13  beta_y       4.00673e-05   1.55506e-04   4.29760e-07   7.42388e+00
  14  alpha_vw     0.00000e+00     fixed    
  15  w_vw         1.43404e+01   constant   
  16  beta_vw      0.00000e+00     fixed    
  17  LM           8.43198e-05   constant   
  18  zeta_y       0.00000e+00   constant   
  19  zeta_vw      0.00000e+00   constant   
  20  T_CBO        6.54425e+01   1.58728e+01   1.95010e-04  -3.37744e-03
  21  alpha_A0     1.00000e-02   1.62264e-02  -8.52724e-04** at limit **
  22  beta_A0     -4.47814e-03   4.95775e-03   4.20543e-03  -4.35391e-03
  23  alpha_phi    7.65211e-03   4.79055e-03  -1.50554e-03   2.00552e-03
  24  beta_phi    -3.82977e-03   2.99940e-03   7.24389e-04   1.62005e-02
 EXTERNAL ERROR MATRIX.    NDIM=  25    NPAR= 11    ERR DEF=1
  1.509e+05 
 -5.229e-03  2.196e-08 
 -1.241e-02 -5.847e-10  1.922e-07 
  4.365e-03  4.293e-09  4.061e-09  2.683e-08 
  2.857e-03 -1.194e-09  3.748e-09 -6.486e-10  2.404e-08 
  1.447e-03  1.171e-10  1.882e-09  5.361e-10 -7.628e-10  2.418e-08 
  7.151e+02 -2.644e-04  7.683e-04 -1.958e-04  4.202e-04  1.535e-05  2.523e+02 
 -8.115e-05  1.947e-11  3.818e-11  2.758e-12  9.973e-12  4.406e-12  1.409e-06  5.898e-11 
  5.075e-01 -1.165e-07  5.958e-08 -1.192e-08  1.278e-07  1.836e-08  4.259e-02 -1.522e-09  2.762e-05 
  2.161e-01 -5.338e-08 -3.472e-07 -6.065e-09 -1.405e-07 -1.122e-08 -5.106e-02 -2.243e-09 -7.712e-06  2.919e-05 
  8.187e-02 -4.643e-08  9.039e-08 -2.437e-08  2.707e-08 -3.147e-08  2.187e-02 -8.152e-11  5.850e-06 -4.826e-06  9.332e-06 
 PARAMETER  CORRELATION COEFFICIENTS  
       NO.  GLOBAL      1      3      4      6     10     13     20     21     22     23     24
        1  0.34314   1.000 -0.091 -0.073  0.069  0.047  0.024  0.116 -0.027  0.249  0.103  0.069
        3  0.28564  -0.091  1.000 -0.009  0.177 -0.052  0.005 -0.112  0.017 -0.150 -0.067 -0.103
        4  0.18630  -0.073 -0.009  1.000  0.057  0.055  0.028  0.110  0.011  0.026 -0.147  0.067
        6  0.22865   0.069  0.177  0.057  1.000 -0.026  0.021 -0.075  0.002 -0.014 -0.007 -0.049
       10  0.22448   0.047 -0.052  0.055 -0.026  1.000 -0.032  0.171  0.008  0.157 -0.168  0.057
       13  0.10439   0.024  0.005  0.028  0.021 -0.032  1.000  0.006  0.004  0.022 -0.013 -0.066
       20  0.73199   0.116 -0.112  0.110 -0.075  0.171  0.006  1.000  0.012  0.510 -0.595  0.451
       21  0.07752  -0.027  0.017  0.011  0.002  0.008  0.004  0.012  1.000 -0.038 -0.054 -0.003
       22  0.57535   0.249 -0.150  0.026 -0.014  0.157  0.022  0.510 -0.038  1.000 -0.272  0.364
       23  0.64300   0.103 -0.067 -0.147 -0.007 -0.168 -0.013 -0.595 -0.054 -0.272  1.000 -0.292
       24  0.48835   0.069 -0.103  0.067 -0.049  0.057 -0.066  0.451 -0.003  0.364 -0.292  1.000
MINUIT - FIT ONLY 2-CBO
 **********
 **   25 **RES 
 **********
                   PARAMETER   16  beta_vw RESTORED TO VARIABLE.
                   PARAMETER   14  alpha_vw RESTORED TO VARIABLE.
                   PARAMETER   11  alpha_y RESTORED TO VARIABLE.
                   PARAMETER    9  alpha_2CBO RESTORED TO VARIABLE.
                   PARAMETER    8  beta_CBO RESTORED TO VARIABLE.
 **********
 **   26 **FIX            0
 **********
 PARAMETER    0  IS UNDEFINED. IGNORED.
 **********
 **   27 **FIX            1
 **********
 **********
 **   28 **FIX            2
 **********
 PARAMETER    2  IS CONSTANT.   IGNORED.
 **********
 **   29 **FIX            3
 **********
 **********
 **   30 **FIX            4
 **********
 **********
 **   31 **FIX            5
 **********
 PARAMETER    5  IS CONSTANT.   IGNORED.
 **********
 **   32 **FIX            6
 **********
 **********
 **   33 **FIX            7
 **********
 PARAMETER    7  IS CONSTANT.   IGNORED.
 **********
 **   34 **FIX           10
 **********
 **********
 **   35 **FIX           11
 **********
 **********
 **   36 **FIX           12
 **********
 PARAMETER   12  IS CONSTANT.   IGNORED.
 **********
 **   37 **FIX           13
 **********
 **********
 **   38 **FIX           14
 **********
 **********
 **   39 **FIX           15
 **********
 PARAMETER   15  IS CONSTANT.   IGNORED.
 **********
 **   40 **FIX           16
 **********
 **********
 **   41 **MIGRAD
 **********
 START MIGRAD MINIMIZATION.  STRATEGY  1.  CONVERGENCE WHEN EDM .LT. 1.00e-04
 FCN=348.337 FROM MIGRAD    STATUS=INITIATE       18 CALLS         944 TOTAL
                     EDM= unknown      STRATEGY= 1      NO ERROR MATRIX       
  EXT PARAMETER               CURRENT GUESS       STEP         FIRST   
  NO.   NAME      VALUE            ERROR          SIZE      DERIVATIVE 
   1  N0           3.41713e+06     fixed    
   2  tau          6.44063e+01   constant   
   3  A0           3.61629e-01     fixed    
   4  phi          4.12303e+00     fixed    
   5  R           -6.04192e+01   constant   
   6  alpha_CBO    2.84072e-03     fixed    
   7  w_CBO        2.32500e+00   constant   
   8  beta_CBO     0.00000e+00   1.00000e-03   1.00000e-03   1.95702e+05
   9  alpha_2CBO   0.00000e+00   1.00000e-03   1.00000e-03  -2.78127e+03
  10  beta_2CBO   -1.30737e-04     fixed    
  11  alpha_y      0.00000e+00     fixed    
  12  w_y          1.38860e+01   constant   
  13  beta_y       4.00673e-05     fixed    
  14  alpha_vw     0.00000e+00     fixed    
  15  w_vw         1.43404e+01   constant   
  16  beta_vw      0.00000e+00     fixed    
  17  LM           8.43198e-05   constant   
  18  zeta_y       0.00000e+00   constant   
  19  zeta_vw      0.00000e+00   constant   
  20  T_CBO        6.54425e+01   1.58728e+01   1.95010e-04  -3.37669e-03
  21  alpha_A0     1.00000e-02   1.62264e-02  -8.52724e-04** at limit **
  22  beta_A0     -4.47814e-03   4.95775e-03   4.20543e-03  -4.35429e-03
  23  alpha_phi    7.65211e-03   4.79055e-03  -1.50554e-03   2.00617e-03
  24  beta_phi    -3.82977e-03   2.99940e-03   7.24389e-04   1.62004e-02
 MIGRAD MINIMIZATION HAS CONVERGED.
 FCN=122.165 FROM MIGRAD    STATUS=CONVERGED     130 CALLS        1056 TOTAL
                     EDM=2.98967e-06    STRATEGY= 1  ERROR MATRIX UNCERTAINTY   4.7 per cent
  EXT PARAMETER                                   STEP         FIRST   
  NO.   NAME      VALUE            ERROR          SIZE      DERIVATIVE 
   1  N0           3.41713e+06     fixed    
   2  tau          6.44063e+01   constant   
   3  A0           3.61629e-01     fixed    
   4  phi          4.12303e+00     fixed    
   5  R           -6.04192e+01   constant   
   6  alpha_CBO    2.84072e-03     fixed    
   7  w_CBO        2.32500e+00   constant   
   8  beta_CBO    -2.31197e-03   1.51953e-04  -3.97778e-07  -1.23699e+01
   9  alpha_2CBO  -2.70075e-05   1.62974e-04   6.15888e-07   2.66885e+00
  10  beta_2CBO   -1.30737e-04     fixed    
  11  alpha_y      0.00000e+00     fixed    
  12  w_y          1.38860e+01   constant   
  13  beta_y       4.00673e-05     fixed    
  14  alpha_vw     0.00000e+00     fixed    
  15  w_vw         1.43404e+01   constant   
  16  beta_vw      0.00000e+00     fixed    
  17  LM           8.43198e-05   constant   
  18  zeta_y       0.00000e+00   constant   
  19  zeta_vw      0.00000e+00   constant   
  20  T_CBO        6.06568e+01   1.56156e+01   2.08031e-04  -3.21679e-02
  21  alpha_A0     1.00000e-02   1.95297e-02   1.03589e-05** at limit **
  22  beta_A0      8.74502e-05   5.10872e-03  -3.67815e-03  -1.14375e-03
  23  alpha_phi    8.79705e-03   1.65084e-02  -7.08626e-03  -2.57627e-04
  24  beta_phi     2.61203e-03   4.93034e-03   6.97751e-04  -4.59016e-03
 EXTERNAL ERROR MATRIX.    NDIM=  25    NPAR=  7    ERR DEF=1
  2.309e-08  6.679e-10  2.610e-05 -3.298e-18 -5.633e-08 -5.692e-09 -9.687e-08 
  6.679e-10  2.656e-08  1.235e-04  1.595e-17 -1.503e-07  9.848e-08  4.453e-08 
  2.610e-05  1.235e-04  2.442e+02  4.754e-13  3.735e-03 -7.598e-02 -2.056e-02 
 -3.298e-18  1.595e-17  4.754e-13  2.356e-18 -8.632e-16 -2.843e-16  1.030e-15 
 -5.633e-08 -1.503e-07  3.735e-03 -8.632e-16  2.875e-05 -1.930e-06 -2.130e-06 
 -5.692e-09  9.848e-08 -7.598e-02 -2.843e-16 -1.930e-06  5.162e-05  6.213e-06 
 -9.687e-08  4.453e-08 -2.056e-02  1.030e-15 -2.130e-06  6.213e-06  2.678e-05 
 PARAMETER  CORRELATION COEFFICIENTS  
       NO.  GLOBAL      8      9     20     21     22     23     24
        8  0.14914   1.000  0.027  0.011 -0.000 -0.069 -0.005 -0.123
        9  0.24546   0.027  1.000  0.048  0.000 -0.172  0.084  0.053
       20  0.70109   0.011  0.048  1.000  0.000  0.045 -0.677 -0.254
       21  0.00018  -0.000  0.000  0.000  1.000 -0.000 -0.000  0.000
       22  0.20207  -0.069 -0.172  0.045 -0.000  1.000 -0.050 -0.077
       23  0.68697  -0.005  0.084 -0.677 -0.000 -0.050  1.000  0.167
       24  0.29689  -0.123  0.053 -0.254  0.000 -0.077  0.167  1.000
MINUIT - FIT wiggle + 1-CBO + 2-CBO
 **********
 **   42 **RES 
 **********
                   PARAMETER   16  beta_vw RESTORED TO VARIABLE.
                   PARAMETER   14  alpha_vw RESTORED TO VARIABLE.
                   PARAMETER   13  beta_y RESTORED TO VARIABLE.
                   PARAMETER   11  alpha_y RESTORED TO VARIABLE.
                   PARAMETER   10  beta_2CBO RESTORED TO VARIABLE.
                   PARAMETER    6  alpha_CBO RESTORED TO VARIABLE.
                   PARAMETER    4  phi RESTORED TO VARIABLE.
                   PARAMETER    3  A0 RESTORED TO VARIABLE.
                   PARAMETER    1  N0 RESTORED TO VARIABLE.
 **********
 **   43 **FIX           10
 **********
 **********
 **   44 **FIX           11
 **********
 **********
 **   45 **FIX           12
 **********
 PARAMETER   12  IS CONSTANT.   IGNORED.
 **********
 **   46 **FIX           13
 **********
 **********
 **   47 **FIX           14
 **********
 **********
 **   48 **FIX           15
 **********
 PARAMETER   15  IS CONSTANT.   IGNORED.
 **********
 **   49 **FIX           16
 **********
 **********
 **   50 **MIGRAD
 **********
 START MIGRAD MINIMIZATION.  STRATEGY  1.  CONVERGENCE WHEN EDM .LT. 1.00e-04
 FCN=122.165 FROM MIGRAD    STATUS=INITIATE       22 CALLS        1078 TOTAL
                     EDM= unknown      STRATEGY= 1      NO ERROR MATRIX       
  EXT PARAMETER               CURRENT GUESS       STEP         FIRST   
  NO.   NAME      VALUE            ERROR          SIZE      DERIVATIVE 
   1  N0           3.41713e+06   3.88491e+02   3.88491e+02  -2.21809e-03
   2  tau          6.44063e+01   constant   
   3  A0           3.61629e-01   1.48203e-04   1.48203e-04  -1.78368e+04
   4  phi          4.12303e+00   4.38408e-04   4.38408e-04   1.62633e+04
   5  R           -6.04192e+01   constant   
   6  alpha_CBO    2.84072e-03   1.63784e-04   1.63784e-04  -5.83454e+02
   7  w_CBO        2.32500e+00   constant   
   8  beta_CBO    -2.31197e-03   1.51953e-04  -3.97778e-07  -1.23687e+01
   9  alpha_2CBO  -2.70075e-05   1.62974e-04   6.15888e-07   2.67111e+00
  10  beta_2CBO   -1.30737e-04     fixed    
  11  alpha_y      0.00000e+00     fixed    
  12  w_y          1.38860e+01   constant   
  13  beta_y       4.00673e-05     fixed    
  14  alpha_vw     0.00000e+00     fixed    
  15  w_vw         1.43404e+01   constant   
  16  beta_vw      0.00000e+00     fixed    
  17  LM           8.43198e-05   constant   
  18  zeta_y       0.00000e+00   constant   
  19  zeta_vw      0.00000e+00   constant   
  20  T_CBO        6.06568e+01   1.56156e+01   2.08031e-04  -3.22737e-02
  21  alpha_A0     9.99998e-03   1.95297e-02   1.03589e-05  -3.35785e-04
  22  beta_A0      8.74502e-05   5.10872e-03  -3.67815e-03  -1.14298e-03
  23  alpha_phi    8.79705e-03   1.65084e-02  -7.08626e-03  -2.55379e-04
  24  beta_phi     2.61203e-03   4.93034e-03   6.97751e-04  -4.58988e-03
 MIGRAD MINIMIZATION HAS CONVERGED.
 FCN=105.365 FROM MIGRAD    STATUS=CONVERGED     359 CALLS        1415 TOTAL
                     EDM=1.36973e-06    STRATEGY= 1  ERROR MATRIX UNCERTAINTY   1.3 per cent
  EXT PARAMETER                                   STEP         FIRST   
  NO.   NAME      VALUE            ERROR          SIZE      DERIVATIVE 
   1  N0           3.41734e+06   3.90949e+02  -2.23532e-02   6.65535e-07
   2  tau          6.44063e+01   constant   
   3  A0           3.61861e-01   1.55824e-04   7.90561e-08   2.38733e+00
   4  phi          4.12125e+00   4.63633e-04   2.69691e-07   1.08680e+00
   5  R           -6.04192e+01   constant   
   6  alpha_CBO    2.86246e-03   1.59356e-04   1.85634e-07  -8.89831e+00
   7  w_CBO        2.32500e+00   constant   
   8  beta_CBO    -2.48356e-03   1.59178e-04   4.02497e-08  -8.36647e-01
   9  alpha_2CBO  -1.33578e-05   1.56566e-04   6.87933e-08   2.15450e+00
  10  beta_2CBO   -1.30737e-04     fixed    
  11  alpha_y      0.00000e+00     fixed    
  12  w_y          1.38860e+01   constant   
  13  beta_y       4.00673e-05     fixed    
  14  alpha_vw     0.00000e+00     fixed    
  15  w_vw         1.43404e+01   constant   
  16  beta_vw      0.00000e+00     fixed    
  17  LM           8.43198e-05   constant   
  18  zeta_y       0.00000e+00   constant   
  19  zeta_vw      0.00000e+00   constant   
  20  T_CBO        5.85628e+01   1.50695e+01   1.99110e-04  -1.46323e-02
  21  alpha_A0     7.31109e-03   1.47739e-02  -4.33742e-03  -5.24148e-04
  22  beta_A0      2.22406e-05   6.00147e-03  -7.28302e-04   1.43930e-04
  23  alpha_phi    9.98965e-03   1.27532e-02   1.69395e-04  -9.27872e-04
  24  beta_phi     5.66210e-03   5.78433e-03  -1.71337e-03  -1.32247e-03
 EXTERNAL ERROR MATRIX.    NDIM=  25    NPAR= 11    ERR DEF=1
  1.528e+05 
 -6.791e-03  2.428e-08 
 -1.215e-02 -1.840e-09  2.150e-07 
  2.657e-03  3.090e-09  4.450e-09  2.539e-08 
 -1.549e-03 -1.975e-09  1.853e-08  3.612e-10  2.534e-08 
 -1.325e-03  2.183e-09  1.843e-10  1.190e-09  5.978e-10  2.451e-08 
  1.324e+03 -3.446e-04 -5.546e-04 -1.101e-04 -3.940e-05  2.582e-04  2.274e+02 
 -1.889e-01 -3.986e-09  5.423e-07 -3.541e-08  7.061e-08 -4.677e-08 -5.900e-02  5.088e-05 
  6.908e-01 -1.379e-07 -7.081e-08 -6.053e-08 -5.049e-08 -1.333e-07  1.099e-02 -9.612e-07  4.143e-05 
  6.521e-03  8.184e-09 -1.962e-08  4.989e-09 -6.506e-09 -6.908e-09  9.570e-04 -6.370e-07  4.995e-08  2.743e-07 
 -5.871e-01  9.437e-08 -1.701e-07 -6.350e-09 -8.615e-08 -3.431e-08 -5.301e-02  1.328e-05 -8.872e-06  4.935e-07  4.111e-05 
 PARAMETER  CORRELATION COEFFICIENTS  
       NO.  GLOBAL      1      3      4      6      8      9     20     21     22     23     24
        1  0.37087   1.000 -0.111 -0.067  0.043 -0.025 -0.022  0.225 -0.068  0.275  0.032 -0.234
        3  0.29622  -0.111  1.000 -0.025  0.124 -0.080  0.089 -0.147 -0.004 -0.137  0.100  0.094
        4  0.32056  -0.067 -0.025  1.000  0.060  0.251  0.003 -0.079  0.164 -0.024 -0.081 -0.057
        6  0.19768   0.043  0.124  0.060  1.000  0.014  0.048 -0.046 -0.031 -0.059  0.060 -0.006
        8  0.28587  -0.025 -0.080  0.251  0.014  1.000  0.024 -0.016  0.062 -0.049 -0.078 -0.084
        9  0.23975  -0.022  0.089  0.003  0.048  0.024  1.000  0.109 -0.042 -0.132 -0.084 -0.034
       20  0.71788   0.225 -0.147 -0.079 -0.046 -0.016  0.109  1.000 -0.548  0.113  0.121 -0.548
       21  0.58150  -0.068 -0.004  0.164 -0.031  0.062 -0.042 -0.548  1.000 -0.021 -0.171  0.290
       22  0.36696   0.275 -0.137 -0.024 -0.059 -0.049 -0.132  0.113 -0.021  1.000  0.015 -0.215
       23  0.35655   0.032  0.100 -0.081  0.060 -0.078 -0.084  0.121 -0.171  0.015  1.000  0.147
       24  0.62842  -0.234  0.094 -0.057 -0.006 -0.084 -0.034 -0.548  0.290 -0.215  0.147  1.000
MINUIT - FIT ONLY 1-y
 **********
 **   51 **RES 
 **********
                   PARAMETER   16  beta_vw RESTORED TO VARIABLE.
                   PARAMETER   14  alpha_vw RESTORED TO VARIABLE.
                   PARAMETER   13  beta_y RESTORED TO VARIABLE.
                   PARAMETER   11  alpha_y RESTORED TO VARIABLE.
                   PARAMETER   10  beta_2CBO RESTORED TO VARIABLE.
 **********
 **   52 **FIX            0
 **********
 PARAMETER    0  IS UNDEFINED. IGNORED.
 **********
 **   53 **FIX            1
 **********
 **********
 **   54 **FIX            2
 **********
 PARAMETER    2  IS CONSTANT.   IGNORED.
 **********
 **   55 **FIX            3
 **********
 **********
 **   56 **FIX            4
 **********
 **********
 **   57 **FIX            5
 **********
 PARAMETER    5  IS CONSTANT.   IGNORED.
 **********
 **   58 **FIX            6
 **********
 **********
 **   59 **FIX            7
 **********
 PARAMETER    7  IS CONSTANT.   IGNORED.
 **********
 **   60 **FIX            8
 **********
 **********
 **   61 **FIX            9
 **********
 **********
 **   62 **FIX           13
 **********
 **********
 **   63 **FIX           14
 **********
 **********
 **   64 **FIX           15
 **********
 PARAMETER   15  IS CONSTANT.   IGNORED.
 **********
 **   65 **FIX           16
 **********
 **********
 **   66 **MIGRAD
 **********
 START MIGRAD MINIMIZATION.  STRATEGY  1.  CONVERGENCE WHEN EDM .LT. 1.00e-04
 FCN=105.365 FROM MIGRAD    STATUS=INITIATE       42 CALLS        1457 TOTAL
                     EDM= unknown      STRATEGY= 1      NO ERROR MATRIX       
  EXT PARAMETER               CURRENT GUESS       STEP         FIRST   
  NO.   NAME      VALUE            ERROR          SIZE      DERIVATIVE 
   1  N0           3.41734e+06     fixed    
   2  tau          6.44063e+01   constant   
   3  A0           3.61861e-01     fixed    
   4  phi          4.12125e+00     fixed    
   5  R           -6.04192e+01   constant   
   6  alpha_CBO    2.86246e-03     fixed    
   7  w_CBO        2.32500e+00   constant   
   8  beta_CBO    -2.48356e-03     fixed    
   9  alpha_2CBO  -1.33578e-05     fixed    
  10  beta_2CBO   -1.30737e-04   1.55050e-04   0.00000e+00   9.04035e+03
  11  alpha_y      0.00000e+00   1.00000e-03   0.00000e+00   1.32875e+04
  12  w_y          1.38860e+01   constant   
  13  beta_y       4.00673e-05     fixed    
  14  alpha_vw     0.00000e+00     fixed    
  15  w_vw         1.43404e+01   constant   
  16  beta_vw      0.00000e+00     fixed    
  17  LM           8.43198e-05   constant   
  18  zeta_y       0.00000e+00   constant   
  19  zeta_vw      0.00000e+00   constant   
  20  T_CBO        5.85628e+01   1.50695e+01   0.00000e+00  -2.43534e-01
  21  alpha_A0     7.31109e-03   1.47739e-02   0.00000e+00  -1.34517e-04
  22  beta_A0      2.22406e-05   6.00147e-03   0.00000e+00   5.65153e-04
  23  alpha_phi    9.95325e-03   1.27532e-02  -5.12311e-02  -3.64350e-04
  24  beta_phi     5.66210e-03   5.78433e-03   0.00000e+00  -2.62060e-03
 MIGRAD MINIMIZATION HAS CONVERGED.
 MIGRAD WILL VERIFY CONVERGENCE AND ERROR MATRIX.
 COVARIANCE MATRIX CALCULATED SUCCESSFULLY
 FCN=103.766 FROM MIGRAD    STATUS=CONVERGED     181 CALLS        1596 TOTAL
                     EDM=2.92163e-07    STRATEGY= 1      ERROR MATRIX ACCURATE 
  EXT PARAMETER                                   STEP         FIRST   
  NO.   NAME      VALUE            ERROR          SIZE      DERIVATIVE 
   1  N0           3.41734e+06     fixed    
   2  tau          6.44063e+01   constant   
   3  A0           3.61861e-01     fixed    
   4  phi          4.12125e+00     fixed    
   5  R           -6.04192e+01   constant   
   6  alpha_CBO    2.86246e-03     fixed    
   7  w_CBO        2.32500e+00   constant   
   8  beta_CBO    -2.48356e-03     fixed    
   9  alpha_2CBO  -1.33578e-05     fixed    
  10  beta_2CBO   -2.47202e-04   1.57233e-04   7.72861e-07   3.98640e-01
  11  alpha_y     -1.61476e-04   1.54795e-04   7.73219e-07   2.82969e+00
  12  w_y          1.38860e+01   constant   
  13  beta_y       4.00673e-05     fixed    
  14  alpha_vw     0.00000e+00     fixed    
  15  w_vw         1.43404e+01   constant   
  16  beta_vw      0.00000e+00     fixed    
  17  LM           8.43198e-05   constant   
  18  zeta_y       0.00000e+00   constant   
  19  zeta_vw      0.00000e+00   constant   
  20  T_CBO        5.90079e+01   1.33898e+01   2.32537e-04   1.76355e-03
  21  alpha_A0     6.63659e-03   5.10591e-03   3.78425e-03   4.30757e-04
  22  beta_A0     -1.30875e-04   4.93759e-03   2.76289e-03  -1.06676e-03
  23  alpha_phi    9.99990e-03   1.42589e-02   6.24424e-02   9.09051e-05
  24  beta_phi     5.11579e-03   4.97501e-03   2.96969e-03  -6.70052e-05
 EXTERNAL ERROR MATRIX.    NDIM=  25    NPAR=  7    ERR DEF=1
  2.472e-08  5.357e-10 -6.239e-05  1.255e-07  3.489e-08  2.667e-11  8.423e-08 
  5.357e-10  2.396e-08  1.797e-05 -1.676e-08 -4.337e-09 -2.699e-12  3.296e-09 
 -6.239e-05  1.797e-05  1.795e+02 -3.282e-02  2.604e-03  5.858e-05 -3.228e-02 
  1.255e-07 -1.676e-08 -3.282e-02  3.158e-05  9.042e-07 -1.098e-08  6.509e-06 
  3.489e-08 -4.337e-09  2.604e-03  9.042e-07  2.667e-05  4.400e-10 -1.610e-06 
  2.667e-11 -2.699e-12  5.858e-05 -1.098e-08  4.400e-10  4.211e-09 -9.182e-09 
  8.423e-08  3.296e-09 -3.228e-02  6.509e-06 -1.610e-06 -9.182e-09  2.815e-05 
 PARAMETER  CORRELATION COEFFICIENTS  
       NO.  GLOBAL     10     11     20     21     22     23     24
       10  0.18086   1.000  0.022 -0.030  0.142  0.043  0.003  0.101
       11  0.03280   0.022  1.000  0.009 -0.019 -0.005 -0.000  0.004
       20  0.57581  -0.030  0.009  1.000 -0.436  0.038  0.067 -0.454
       21  0.45711   0.142 -0.019 -0.436  1.000  0.031 -0.030  0.218
       22  0.09108   0.043 -0.005  0.038  0.031  1.000  0.001 -0.059
       23  0.06770   0.003 -0.000  0.067 -0.030  0.001  1.000 -0.027
       24  0.46493   0.101  0.004 -0.454  0.218 -0.059 -0.027  1.000
MINUIT - FIT ONLY 2-y
 **********
 **   67 **RES 
 **********
                   PARAMETER   16  beta_vw RESTORED TO VARIABLE.
                   PARAMETER   14  alpha_vw RESTORED TO VARIABLE.
                   PARAMETER   13  beta_y RESTORED TO VARIABLE.
                   PARAMETER    9  alpha_2CBO RESTORED TO VARIABLE.
                   PARAMETER    8  beta_CBO RESTORED TO VARIABLE.
                   PARAMETER    6  alpha_CBO RESTORED TO VARIABLE.
                   PARAMETER    4  phi RESTORED TO VARIABLE.
                   PARAMETER    3  A0 RESTORED TO VARIABLE.
                   PARAMETER    1  N0 RESTORED TO VARIABLE.
 **********
 **   68 **FIX            0
 **********
 PARAMETER    0  IS UNDEFINED. IGNORED.
 **********
 **   69 **FIX            1
 **********
 **********
 **   70 **FIX            2
 **********
 PARAMETER    2  IS CONSTANT.   IGNORED.
 **********
 **   71 **FIX            3
 **********
 **********
 **   72 **FIX            4
 **********
 **********
 **   73 **FIX            5
 **********
 PARAMETER    5  IS CONSTANT.   IGNORED.
 **********
 **   74 **FIX            6
 **********
 **********
 **   75 **FIX            7
 **********
 PARAMETER    7  IS CONSTANT.   IGNORED.
 **********
 **   76 **FIX            8
 **********
 **********
 **   77 **FIX            9
 **********
 **********
 **   78 **FIX           10
 **********
 **********
 **   79 **FIX           11
 **********
 **********
 **   80 **FIX           12
 **********
 PARAMETER   12  IS CONSTANT.   IGNORED.
 **********
 **   81 **FIX           16
 **********
 **********
 **   82 **MIGRAD
 **********
 START MIGRAD MINIMIZATION.  STRATEGY  1.  CONVERGENCE WHEN EDM .LT. 1.00e-04
 FCN=103.766 FROM MIGRAD    STATUS=INITIATE       39 CALLS        1635 TOTAL
                     EDM= unknown      STRATEGY= 1      NO ERROR MATRIX       
  EXT PARAMETER               CURRENT GUESS       STEP         FIRST   
  NO.   NAME      VALUE            ERROR          SIZE      DERIVATIVE 
   1  N0           3.41734e+06     fixed    
   2  tau          6.44063e+01   constant   
   3  A0           3.61861e-01     fixed    
   4  phi          4.12125e+00     fixed    
   5  R           -6.04192e+01   constant   
   6  alpha_CBO    2.86246e-03     fixed    
   7  w_CBO        2.32500e+00   constant   
   8  beta_CBO    -2.48356e-03     fixed    
   9  alpha_2CBO  -1.33578e-05     fixed    
  10  beta_2CBO   -2.47202e-04     fixed    
  11  alpha_y     -1.61476e-04     fixed    
  12  w_y          1.38860e+01   constant   
  13  beta_y       4.00673e-05   1.55506e-04   0.00000e+00   3.70231e+02
  14  alpha_vw     0.00000e+00   1.00000e-03   0.00000e+00  -1.10001e+04
  15  w_vw         1.43404e+01   constant   
  16  beta_vw      0.00000e+00     fixed    
  17  LM           8.43198e-05   constant   
  18  zeta_y       0.00000e+00   constant   
  19  zeta_vw      0.00000e+00   constant   
  20  T_CBO        5.90079e+01   1.33898e+01   0.00000e+00  -1.68610e-01
  21  alpha_A0     6.63659e-03   5.10591e-03   0.00000e+00   7.30510e-04
  22  beta_A0     -1.30875e-04   4.93759e-03   0.00000e+00  -7.48414e-04
  23  alpha_phi    9.97336e-03   1.42589e-02  -6.84295e-02  -2.51443e-04
  24  beta_phi     5.11579e-03   4.97501e-03   0.00000e+00  -1.09970e-03
 MIGRAD MINIMIZATION HAS CONVERGED.
 MIGRAD WILL VERIFY CONVERGENCE AND ERROR MATRIX.
 COVARIANCE MATRIX CALCULATED SUCCESSFULLY
 FCN=103.006 FROM MIGRAD    STATUS=CONVERGED     146 CALLS        1742 TOTAL
                     EDM=1.3126e-05    STRATEGY= 1      ERROR MATRIX ACCURATE 
  EXT PARAMETER                                   STEP         FIRST   
  NO.   NAME      VALUE            ERROR          SIZE      DERIVATIVE 
   1  N0           3.41734e+06     fixed    
   2  tau          6.44063e+01   constant   
   3  A0           3.61861e-01     fixed    
   4  phi          4.12125e+00     fixed    
   5  R           -6.04192e+01   constant   
   6  alpha_CBO    2.86246e-03     fixed    
   7  w_CBO        2.32500e+00   constant   
   8  beta_CBO    -2.48356e-03     fixed    
   9  alpha_2CBO  -1.33578e-05     fixed    
  10  beta_2CBO   -2.47202e-04     fixed    
  11  alpha_y     -1.61476e-04     fixed    
  12  w_y          1.38860e+01   constant   
  13  beta_y       6.59552e-05   1.60971e-04   7.82287e-07   2.50990e+00
  14  alpha_vw     1.38869e-04   1.59510e-04   7.75148e-07  -4.76987e+00
  15  w_vw         1.43404e+01   constant   
  16  beta_vw      0.00000e+00     fixed    
  17  LM           8.43198e-05   constant   
  18  zeta_y       0.00000e+00   constant   
  19  zeta_vw      0.00000e+00   constant   
  20  T_CBO        5.91674e+01   1.33856e+01   2.30918e-04  -7.85755e-02
  21  alpha_A0     6.60731e-03   5.05327e-03   3.75724e-03   1.09618e-03
  22  beta_A0     -2.31775e-04   4.91544e-03   2.73408e-03   2.97643e-03
  23  alpha_phi    9.99993e-03   1.42493e-02   5.00000e-02   3.73453e-05
  24  beta_phi     5.12873e-03   4.93647e-03   2.94284e-03   4.43858e-05
 EXTERNAL ERROR MATRIX.    NDIM=  25    NPAR=  7    ERR DEF=1
  2.591e-08  5.574e-09  3.023e-05  1.221e-09 -1.561e-08  3.024e-13  1.312e-09 
  5.574e-09  2.544e-08  3.526e-05 -5.180e-09 -1.716e-08 -3.757e-13  9.631e-10 
  3.023e-05  3.526e-05  1.794e+02 -3.234e-02  3.189e-03  3.897e-05 -3.206e-02 
  1.221e-09 -5.180e-09 -3.234e-02  3.073e-05  6.285e-07 -7.359e-09  6.054e-06 
 -1.561e-08 -1.716e-08  3.189e-03  6.285e-07  2.641e-05  3.827e-10 -1.817e-06 
  3.024e-13 -3.757e-13  3.897e-05 -7.359e-09  3.827e-10  2.898e-09 -6.163e-09 
  1.312e-09  9.631e-10 -3.206e-02  6.054e-06 -1.817e-06 -6.163e-09  2.766e-05 
 PARAMETER  CORRELATION COEFFICIENTS  
       NO.  GLOBAL     13     14     20     21     22     23     24
       13  0.21808   1.000  0.217  0.014  0.001 -0.019  0.000  0.002
       14  0.21830   0.217  1.000  0.017 -0.006 -0.021 -0.000  0.001
       20  0.57561   0.014  0.017  1.000 -0.436  0.046  0.054 -0.455
       21  0.43794   0.001 -0.006 -0.436  1.000  0.022 -0.025  0.208
       22  0.08818  -0.019 -0.021  0.046  0.022  1.000  0.001 -0.067
       23  0.05419   0.000 -0.000  0.054 -0.025  0.001  1.000 -0.022
       24  0.45773   0.002  0.001 -0.455  0.208 -0.067 -0.022  1.000
MINUIT - FIT ALTOGETHER
 **********
 **   83 **RES 
 **********
                   PARAMETER   16  beta_vw RESTORED TO VARIABLE.
                   PARAMETER   11  alpha_y RESTORED TO VARIABLE.
