 + ++++++++++++++++++++++++++++++++++++++++++++++++++++++++++++++++++++ +
 +                                                                      +
 +           You have chose to blind your fitting according to          +
 +                omega_ref * (1 + (R +/- deltaR) *10^{-6})             +
 +                                                                      +
 + ++++++++++++++++++++++++++++++++++++++++++++++++++++++++++++++++++++ +
In main()...
reading format from /gm2data/zkhechad/run45/envelope/formats/formatB_sBin_constraintOn.txt
pBinTau 	= 0  
pBinPhi 	= 0  
constraintau 	= 1 
includeMopTerm 	= 0    
constrainMop    = 0   
Parameters after format file: pBinTau 0 pBinPhi 0 constraintau 1 includeMopTerm 0 constrainMop 0 c_e_scale 0.000000 
Opening file /gm2data/tbarrett/gm2fr/studies/run23_bunch_corrections/CorrectedFourier_Run3b.root.
reading full fit data from /gm2data/zkhechad/cboTemplates/Run4CBOTemplates/fullFits/noRF/sBin_constraintOn_cE0.0_seed0_noRF_calo11.root
windowBins = 34
fitting sliding window 70 from bin 206 at 30.586000 to bin 240 at 35.808000 (34 bins)

Reading data from /gm2data/cornell/histograms/aMethod/histogram_a_noRF.root
 **********
 **    1 **SET PRINTOUT            1
 **********
 **********
 **    2 **SET NOWARNINGS 
 **********
 PARAMETER DEFINITIONS:
    NO.   NAME         VALUE      STEP SIZE      LIMITS
     1 N0           3.16093e+06  1.00000e+02     no limits
     2 tau          6.43989e+01  constant
     3 A0           3.42733e-01  1.00000e-04     no limits
     4 phi          4.11801e+00  1.00000e-02     no limits
     5 R           -6.14725e+01  constant
     6 alpha_CBO    0.00000e+00  1.00000e-03     no limits
     7 w_CBO        2.32500e+00  constant
     8 beta_CBO     0.00000e+00  1.00000e-03     no limits
     9 alpha_2CBO   0.00000e+00  1.00000e-03     no limits
    10 beta_2CBO    0.00000e+00  1.00000e-03     no limits
    11 alpha_y      0.00000e+00  1.00000e-03     no limits
    12 w_y          1.38860e+01  constant
    13 beta_y       0.00000e+00  1.00000e-03     no limits
    14 alpha_vw     0.00000e+00  1.00000e-03     no limits
    15 w_vw         1.43404e+01  constant
    16 beta_vw      0.00000e+00  1.00000e-03     no limits
    17 LM          -2.06090e-04  constant
    18 zeta_y       0.00000e+00  constant
    19 zeta_vw      0.00000e+00  constant
    20 T_CBO        1.00000e+02  1.00000e+00    0.00000e+00  1.00000e+03
    21 alpha_A0     0.00000e+00  1.00000e-03     no limits
    22 beta_A0      0.00000e+00  1.00000e-03     no limits
    23 alpha_phi    0.00000e+00  1.00000e-03     no limits
    24 beta_phi     0.00000e+00  1.00000e-03     no limits
MINUIT - FIT ONLY WIGGLE
 **********
 **    3 **FIX            5
 **********
 PARAMETER    5  IS CONSTANT.   IGNORED.
 **********
 **    4 **FIX            6
 **********
 **********
 **    5 **FIX            7
 **********
 PARAMETER    7  IS CONSTANT.   IGNORED.
 **********
 **    6 **FIX            8
 **********
 **********
 **    7 **FIX            9
 **********
 **********
 **    8 **FIX           10
 **********
 **********
 **    9 **FIX           11
 **********
 **********
 **   10 **FIX           12
 **********
 PARAMETER   12  IS CONSTANT.   IGNORED.
 **********
 **   11 **FIX           13
 **********
 **********
 **   12 **FIX           14
 **********
 **********
 **   13 **FIX           15
 **********
 PARAMETER   15  IS CONSTANT.   IGNORED.
 **********
 **   14 **FIX           16
 **********
 **********
 **   15 **MIGRAD
 **********
 FIRST CALL TO USER FUNCTION AT NEW START POINT, WITH IFLAG=4.
 START MIGRAD MINIMIZATION.  STRATEGY  1.  CONVERGENCE WHEN EDM .LT. 1.00e-04
 FCN=7927.37 FROM MIGRAD    STATUS=INITIATE      435 CALLS         436 TOTAL
                     EDM= unknown      STRATEGY= 1      NO ERROR MATRIX       
  EXT PARAMETER               CURRENT GUESS       STEP         FIRST   
  NO.   NAME      VALUE            ERROR          SIZE      DERIVATIVE 
   1  N0           3.16093e+06   1.00000e+02   0.00000e+00   4.77627e-02
   2  tau          6.43989e+01   constant   
   3  A0           3.42733e-01   1.00000e-04   0.00000e+00   3.10427e+05
   4  phi          4.11801e+00   1.00000e-02   0.00000e+00   2.14863e+05
   5  R           -6.14725e+01   constant   
   6  alpha_CBO    0.00000e+00     fixed    
   7  w_CBO        2.32500e+00   constant   
   8  beta_CBO     0.00000e+00     fixed    
   9  alpha_2CBO   0.00000e+00     fixed    
  10  beta_2CBO    0.00000e+00     fixed    
  11  alpha_y      0.00000e+00     fixed    
  12  w_y          1.38860e+01   constant   
  13  beta_y       0.00000e+00     fixed    
  14  alpha_vw     0.00000e+00     fixed    
  15  w_vw         1.43404e+01   constant   
  16  beta_vw      0.00000e+00     fixed    
  17  LM          -2.06090e-04   constant   
  18  zeta_y       0.00000e+00   constant   
  19  zeta_vw      0.00000e+00   constant   
  20  T_CBO        1.00000e+02   1.00000e+00   0.00000e+00   0.00000e+00
  21  alpha_A0     0.00000e+00   1.00000e-03   0.00000e+00  -3.29014e+04
  22  beta_A0      0.00000e+00   1.00000e-03   0.00000e+00   1.31775e+04
  23  alpha_phi    0.00000e+00   1.00000e-03   0.00000e+00   3.10665e+04
  24  beta_phi     0.00000e+00   1.00000e-03   0.00000e+00  -1.74623e+04
 MIGRAD MINIMIZATION HAS CONVERGED.
 FCN=3233.96 FROM MIGRAD    STATUS=CONVERGED     731 CALLS         732 TOTAL
                     EDM=2.84337e-08    STRATEGY= 1  ERROR MATRIX UNCERTAINTY   0.4 per cent
  EXT PARAMETER                                   STEP         FIRST   
  NO.   NAME      VALUE            ERROR          SIZE      DERIVATIVE 
   1  N0           3.15714e+06   7.42174e+02   7.82676e-01   4.91745e-07
   2  tau          6.43989e+01   constant   
   3  A0           3.37123e-01   2.68307e-04   8.48601e-08  -2.10795e+00
   4  phi          4.08826e+00   6.67512e-04  -4.67038e-07   1.93015e-01
   5  R           -6.14725e+01   constant   
   6  alpha_CBO    0.00000e+00     fixed    
   7  w_CBO        2.32500e+00   constant   
   8  beta_CBO     0.00000e+00     fixed    
   9  alpha_2CBO   0.00000e+00     fixed    
  10  beta_2CBO    0.00000e+00     fixed    
  11  alpha_y      0.00000e+00     fixed    
  12  w_y          1.38860e+01   constant   
  13  beta_y       0.00000e+00     fixed    
  14  alpha_vw     0.00000e+00     fixed    
  15  w_vw         1.43404e+01   constant   
  16  beta_vw      0.00000e+00     fixed    
  17  LM          -2.06090e-04   constant   
  18  zeta_y       0.00000e+00   constant   
  19  zeta_vw      0.00000e+00   constant   
  20  T_CBO        1.00000e+03   7.56797e+02  -4.20675e-03** at limit **
  21  alpha_A0     4.50665e-03   1.61283e-03   1.22677e-06  -1.59035e-01
  22  beta_A0     -3.33102e-02   8.91211e-04  -1.00547e-06   3.47576e-01
  23  alpha_phi   -1.24831e-02   7.80382e-04   3.22713e-07   2.97249e-01
  24  beta_phi    -5.95333e-03   1.23586e-03  -1.58959e-06  -1.84001e-01
 EXTERNAL ERROR MATRIX.    NDIM=  25    NPAR=  8    ERR DEF=1
  5.508e+05  1.765e-01 -3.264e-01 -6.701e-02  1.104e+00  4.270e-01  4.791e-01 -8.228e-01 
  1.765e-01  7.199e-08 -9.117e-08 -2.341e-08  3.818e-07  1.820e-07  1.787e-07 -2.773e-07 
 -3.264e-01 -9.117e-08  4.456e-07 -6.822e-09 -7.625e-07 -6.629e-08 -2.601e-07  6.164e-07 
 -6.701e-02 -2.341e-08 -6.822e-09  1.464e-03 -4.796e-08 -6.099e-07 -2.815e-07 -2.046e-08 
  1.104e+00  3.818e-07 -7.625e-07 -4.796e-08  2.601e-06  8.991e-07  1.056e-06 -1.795e-06 
  4.270e-01  1.820e-07 -6.629e-08 -6.099e-07  8.991e-07  7.943e-07  4.389e-07 -6.133e-07 
  4.791e-01  1.787e-07 -2.601e-07 -2.815e-07  1.056e-06  4.389e-07  6.090e-07 -7.726e-07 
 -8.228e-01 -2.773e-07  6.164e-07 -2.046e-08 -1.795e-06 -6.133e-07 -7.726e-07  1.527e-06 
 PARAMETER  CORRELATION COEFFICIENTS  
       NO.  GLOBAL      1      3      4     20     21     22     23     24
        1  0.94406   1.000  0.886 -0.659 -0.002  0.922  0.646  0.827 -0.897
        3  0.94025   0.886  1.000 -0.509 -0.002  0.882  0.761  0.854 -0.836
        4  0.87129  -0.659 -0.509  1.000 -0.000 -0.708 -0.111 -0.499  0.747
       20  0.03629  -0.002 -0.002 -0.000  1.000 -0.001 -0.018 -0.009 -0.000
       21  0.95376   0.922  0.882 -0.708 -0.001  1.000  0.626  0.839 -0.901
       22  0.84280   0.646  0.761 -0.111 -0.018  0.626  1.000  0.631 -0.557
       23  0.88117   0.827  0.854 -0.499 -0.009  0.839  0.631  1.000 -0.801
       24  0.93574  -0.897 -0.836  0.747 -0.000 -0.901 -0.557 -0.801  1.000
MINUIT - FIT ONLY 1-CBO + wiggle
 **********
 **   16 **RES 
 **********
                   PARAMETER   16  beta_vw RESTORED TO VARIABLE.
                   PARAMETER   14  alpha_vw RESTORED TO VARIABLE.
                   PARAMETER   13  beta_y RESTORED TO VARIABLE.
                   PARAMETER   11  alpha_y RESTORED TO VARIABLE.
                   PARAMETER   10  beta_2CBO RESTORED TO VARIABLE.
                   PARAMETER    9  alpha_2CBO RESTORED TO VARIABLE.
                   PARAMETER    8  beta_CBO RESTORED TO VARIABLE.
                   PARAMETER    6  alpha_CBO RESTORED TO VARIABLE.
 **********
 **   17 **FIX            8
 **********
 **********
 **   18 **FIX            9
 **********
 **********
 **   19 **FIX           11
 **********
 **********
 **   20 **FIX           12
 **********
 PARAMETER   12  IS CONSTANT.   IGNORED.
 **********
 **   21 **FIX           14
 **********
 **********
 **   22 **FIX           15
 **********
 PARAMETER   15  IS CONSTANT.   IGNORED.
 **********
 **   23 **FIX           16
 **********
 **********
 **   24 **MIGRAD
 **********
 START MIGRAD MINIMIZATION.  STRATEGY  1.  CONVERGENCE WHEN EDM .LT. 1.00e-04
 FCN=3233.96 FROM MIGRAD    STATUS=INITIATE       28 CALLS         760 TOTAL
                     EDM= unknown      STRATEGY= 1      NO ERROR MATRIX       
  EXT PARAMETER               CURRENT GUESS       STEP         FIRST   
  NO.   NAME      VALUE            ERROR          SIZE      DERIVATIVE 
   1  N0           3.15714e+06   7.42174e+02   7.82676e-01   4.90123e-07
   2  tau          6.43989e+01   constant   
   3  A0           3.37123e-01   2.68307e-04   8.48601e-08  -2.12903e+00
   4  phi          4.08826e+00   6.67512e-04  -4.67038e-07   1.82394e-01
   5  R           -6.14725e+01   constant   
   6  alpha_CBO    0.00000e+00   1.00000e-03   1.00000e-03  -5.84402e+05
   7  w_CBO        2.32500e+00   constant   
   8  beta_CBO     0.00000e+00     fixed    
   9  alpha_2CBO   0.00000e+00     fixed    
  10  beta_2CBO    0.00000e+00   1.00000e-03   1.00000e-03   4.43634e+05
  11  alpha_y      0.00000e+00     fixed    
  12  w_y          1.38860e+01   constant   
  13  beta_y       0.00000e+00   1.00000e-03   1.00000e-03  -2.74103e+04
  14  alpha_vw     0.00000e+00     fixed    
  15  w_vw         1.43404e+01   constant   
  16  beta_vw      0.00000e+00     fixed    
  17  LM          -2.06090e-04   constant   
  18  zeta_y       0.00000e+00   constant   
  19  zeta_vw      0.00000e+00   constant   
  20  T_CBO        9.99999e+02   7.56797e+02  -4.20675e-03  -1.57152e-03
  21  alpha_A0     4.50665e-03   1.61283e-03   1.22677e-06  -1.62400e-01
  22  beta_A0     -3.33102e-02   8.91211e-04  -1.00547e-06   3.57591e-01
  23  alpha_phi   -1.24831e-02   7.80382e-04   3.22713e-07   3.05012e-01
  24  beta_phi    -5.95333e-03   1.23586e-03  -1.58959e-06  -1.80179e-01
 MIGRAD MINIMIZATION HAS CONVERGED.
 FCN=613.53 FROM MIGRAD    STATUS=CONVERGED     408 CALLS        1140 TOTAL
                     EDM=1.70992e-06    STRATEGY= 1  ERROR MATRIX UNCERTAINTY   0.5 per cent
  EXT PARAMETER                                   STEP         FIRST   
  NO.   NAME      VALUE            ERROR          SIZE      DERIVATIVE 
   1  N0           3.15741e+06   7.89528e+02   5.34432e-01   1.26537e-07
   2  tau          6.43989e+01   constant   
   3  A0           3.40972e-01   3.21867e-04   3.56970e-07  -7.28599e-01
   4  phi          4.11623e+00   1.02557e-03   4.13105e-07  -6.35542e-01
   5  R           -6.14725e+01   constant   
   6  alpha_CBO    8.73921e-03   2.04986e-04   2.92399e-07   9.70990e+00
   7  w_CBO        2.32500e+00   constant   
   8  beta_CBO     0.00000e+00     fixed    
   9  alpha_2CBO   0.00000e+00     fixed    
  10  beta_2CBO   -2.46504e-04   1.51624e-04   4.84676e-08  -2.82700e+00
  11  alpha_y      0.00000e+00     fixed    
  12  w_y          1.38860e+01   constant   
  13  beta_y       2.88616e-04   1.09177e-04  -6.58795e-08  -4.56206e+00
  14  alpha_vw     0.00000e+00     fixed    
  15  w_vw         1.43404e+01   constant   
  16  beta_vw      0.00000e+00     fixed    
  17  LM          -2.06090e-04   constant   
  18  zeta_y       0.00000e+00   constant   
  19  zeta_vw      0.00000e+00   constant   
  20  T_CBO        9.99956e+02   5.67917e+02   1.95189e-02  -2.12534e-04
  21  alpha_A0    -4.73489e-03   1.66872e-03   5.02095e-07   1.76545e+00
  22  beta_A0     -6.59111e-03   1.36988e-03   1.86160e-07   4.20967e-01
  23  alpha_phi    1.50208e-03   9.58011e-04   8.60500e-07  -3.02067e+00
  24  beta_phi     5.73904e-03   1.31507e-03   1.12522e-06   5.20309e-01
 EXTERNAL ERROR MATRIX.    NDIM=  25    NPAR= 11    ERR DEF=1
  6.234e+05 
  2.125e-01  1.036e-07 
 -2.740e-01  2.299e-08  1.052e-06 
  1.800e-02  2.942e-08  1.535e-07  4.202e-08 
  1.165e-02  1.742e-08  8.590e-08  1.660e-08  2.299e-08 
  7.699e-03  3.044e-09  9.251e-10  1.007e-09  2.654e-10  1.192e-08 
  1.873e+03  1.045e-03  5.514e-04  7.846e-04  1.467e-04 -1.775e-04  6.138e+03 
  1.207e+00  4.094e-07 -8.430e-07 -1.718e-08 -2.525e-09  1.353e-08  9.195e-03  2.785e-06 
  6.121e-01  3.664e-07  6.506e-07  1.861e-07  1.207e-07  1.306e-08  1.002e-02  1.024e-06  1.877e-06 
  6.244e-01  2.737e-07 -1.531e-08  8.138e-08  3.389e-08  8.925e-09  4.211e-04  1.237e-06  9.291e-07  9.178e-07 
 -8.835e-01 -2.623e-07  8.623e-07  5.054e-08  3.176e-08 -1.019e-08 -5.738e-03 -1.963e-06 -4.715e-07 -8.284e-07  1.729e-06 
 PARAMETER  CORRELATION COEFFICIENTS  
       NO.  GLOBAL      1      3      4      6     10     13     20     21     22     23     24
        1  0.95002   1.000  0.836 -0.338  0.111  0.097  0.089  0.030  0.916  0.566  0.825 -0.851
        3  0.95660   0.836  1.000  0.070  0.446  0.357  0.087  0.041  0.762  0.831  0.888 -0.620
        4  0.94907  -0.338  0.070  1.000  0.730  0.552  0.008  0.007 -0.493  0.463 -0.016  0.639
        6  0.85310   0.111  0.446  0.730  1.000  0.534  0.045  0.049 -0.050  0.663  0.414  0.187
       10  0.67580   0.097  0.357  0.552  0.534  1.000  0.016  0.012 -0.010  0.581  0.233  0.159
       13  0.11512   0.089  0.087  0.008  0.045  0.016  1.000 -0.021  0.074  0.087  0.085 -0.071
       20  0.25434   0.030  0.041  0.007  0.049  0.012 -0.021  1.000  0.070  0.093  0.006 -0.056
       21  0.96023   0.916  0.762 -0.493 -0.050 -0.010  0.074  0.070  1.000  0.448  0.774 -0.894
       22  0.93822   0.566  0.831  0.463  0.663  0.581  0.087  0.093  0.448  1.000  0.708 -0.262
       23  0.92371   0.825  0.888 -0.016  0.414  0.233  0.085  0.006  0.774  0.708  1.000 -0.658
       24  0.94263  -0.851 -0.620  0.639  0.187  0.159 -0.071 -0.056 -0.894 -0.262 -0.658  1.000
MINUIT - FIT ONLY 2-CBO
 **********
 **   25 **RES 
 **********
                   PARAMETER   16  beta_vw RESTORED TO VARIABLE.
                   PARAMETER   14  alpha_vw RESTORED TO VARIABLE.
                   PARAMETER   11  alpha_y RESTORED TO VARIABLE.
                   PARAMETER    9  alpha_2CBO RESTORED TO VARIABLE.
                   PARAMETER    8  beta_CBO RESTORED TO VARIABLE.
 **********
 **   26 **FIX            0
 **********
 PARAMETER    0  IS UNDEFINED. IGNORED.
 **********
 **   27 **FIX            1
 **********
 **********
 **   28 **FIX            2
 **********
 PARAMETER    2  IS CONSTANT.   IGNORED.
 **********
 **   29 **FIX            3
 **********
 **********
 **   30 **FIX            4
 **********
 **********
 **   31 **FIX            5
 **********
 PARAMETER    5  IS CONSTANT.   IGNORED.
 **********
 **   32 **FIX            6
 **********
 **********
 **   33 **FIX            7
 **********
 PARAMETER    7  IS CONSTANT.   IGNORED.
 **********
 **   34 **FIX           10
 **********
 **********
 **   35 **FIX           11
 **********
 **********
 **   36 **FIX           12
 **********
 PARAMETER   12  IS CONSTANT.   IGNORED.
 **********
 **   37 **FIX           13
 **********
 **********
 **   38 **FIX           14
 **********
 **********
 **   39 **FIX           15
 **********
 PARAMETER   15  IS CONSTANT.   IGNORED.
 **********
 **   40 **FIX           16
 **********
 **********
 **   41 **MIGRAD
 **********
 START MIGRAD MINIMIZATION.  STRATEGY  1.  CONVERGENCE WHEN EDM .LT. 1.00e-04
 FCN=613.53 FROM MIGRAD    STATUS=INITIATE       18 CALLS        1158 TOTAL
                     EDM= unknown      STRATEGY= 1      NO ERROR MATRIX       
  EXT PARAMETER               CURRENT GUESS       STEP         FIRST   
  NO.   NAME      VALUE            ERROR          SIZE      DERIVATIVE 
   1  N0           3.15741e+06     fixed    
   2  tau          6.43989e+01   constant   
   3  A0           3.40972e-01     fixed    
   4  phi          4.11623e+00     fixed    
   5  R           -6.14725e+01   constant   
   6  alpha_CBO    8.73921e-03     fixed    
   7  w_CBO        2.32500e+00   constant   
   8  beta_CBO     0.00000e+00   1.00000e-03   1.00000e-03   3.37696e+03
   9  alpha_2CBO   0.00000e+00   1.00000e-03   1.00000e-03   6.20594e+03
  10  beta_2CBO   -2.46504e-04     fixed    
  11  alpha_y      0.00000e+00     fixed    
  12  w_y          1.38860e+01   constant   
  13  beta_y       2.88616e-04     fixed    
  14  alpha_vw     0.00000e+00     fixed    
  15  w_vw         1.43404e+01   constant   
  16  beta_vw      0.00000e+00     fixed    
  17  LM          -2.06090e-04   constant   
  18  zeta_y       0.00000e+00   constant   
  19  zeta_vw      0.00000e+00   constant   
  20  T_CBO        9.99956e+02   5.67917e+02   1.95189e-02  -2.17645e-04
  21  alpha_A0    -4.73489e-03   1.66872e-03   5.02095e-07   1.76542e+00
  22  beta_A0     -6.59111e-03   1.36988e-03   1.86160e-07   4.20971e-01
  23  alpha_phi    1.50208e-03   9.58011e-04   8.60500e-07  -3.02067e+00
  24  beta_phi     5.73904e-03   1.31507e-03   1.12522e-06   5.20310e-01
 MIGRAD MINIMIZATION HAS CONVERGED.
 MIGRAD WILL VERIFY CONVERGENCE AND ERROR MATRIX.
 COVARIANCE MATRIX CALCULATED SUCCESSFULLY
 FCN=613.358 FROM MIGRAD    STATUS=CONVERGED     120 CALLS        1260 TOTAL
                     EDM=8.40966e-06    STRATEGY= 1      ERROR MATRIX ACCURATE 
  EXT PARAMETER                                   STEP         FIRST   
  NO.   NAME      VALUE            ERROR          SIZE      DERIVATIVE 
   1  N0           3.15741e+06     fixed    
   2  tau          6.43989e+01   constant   
   3  A0           3.40972e-01     fixed    
   4  phi          4.11623e+00     fixed    
   5  R           -6.14725e+01   constant   
   6  alpha_CBO    8.73921e-03     fixed    
   7  w_CBO        2.32500e+00   constant   
   8  beta_CBO    -2.13596e-05   1.14345e-04   1.36330e-06  -1.70875e+01
   9  alpha_2CBO  -4.37562e-05   1.19455e-04   1.35639e-06   9.35491e+00
  10  beta_2CBO   -2.46504e-04     fixed    
  11  alpha_y      0.00000e+00     fixed    
  12  w_y          1.38860e+01   constant   
  13  beta_y       2.88616e-04     fixed    
  14  alpha_vw     0.00000e+00     fixed    
  15  w_vw         1.43404e+01   constant   
  16  beta_vw      0.00000e+00     fixed    
  17  LM          -2.06090e-04   constant   
  18  zeta_y       0.00000e+00   constant   
  19  zeta_vw      0.00000e+00   constant   
  20  T_CBO        9.99999e+02   9.99989e+02   2.35063e-01   1.56863e-05
  21  alpha_A0    -4.77292e-03   5.32587e-04   5.67079e-06   4.03488e-01
  22  beta_A0     -6.57041e-03   5.24439e-04   5.66349e-06  -6.14102e+00
  23  alpha_phi    1.49167e-03   3.98219e-04   4.47751e-06  -3.82110e+00
  24  beta_phi     5.68480e-03   5.00762e-04   5.24911e-06  -2.72813e+00
 EXTERNAL ERROR MATRIX.    NDIM=  25    NPAR=  7    ERR DEF=1
  1.307e-08 -2.696e-10 -1.163e-05  3.301e-09 -8.648e-10  1.239e-09  6.935e-09 
 -2.696e-10  1.427e-08 -1.828e-05  1.063e-08 -6.105e-09  2.593e-09  1.334e-08 
 -1.163e-05 -1.828e-05  2.300e+02 -2.327e-03 -3.158e-03  7.254e-04  2.702e-03 
  3.301e-09  1.063e-08 -2.327e-03  2.836e-07  7.003e-08  5.158e-08 -5.603e-08 
 -8.648e-10 -6.105e-09 -3.158e-03  7.003e-08  2.750e-07 -1.622e-08 -6.063e-08 
  1.239e-09  2.593e-09  7.254e-04  5.158e-08 -1.622e-08  1.586e-07 -2.813e-08 
  6.935e-09  1.334e-08  2.702e-03 -5.603e-08 -6.063e-08 -2.813e-08  2.508e-07 
 PARAMETER  CORRELATION COEFFICIENTS  
       NO.  GLOBAL      8      9     20     21     22     23     24
        8  0.17182   1.000 -0.020 -0.007  0.054 -0.014  0.027  0.121
        9  0.34607  -0.020  1.000 -0.010  0.167 -0.097  0.055  0.223
       20  0.54325  -0.007 -0.010  1.000 -0.288 -0.397  0.120  0.356
       21  0.47539   0.054  0.167 -0.288  1.000  0.251  0.243 -0.210
       22  0.45145  -0.014 -0.097 -0.397  0.251  1.000 -0.078 -0.231
       23  0.36998   0.027  0.055  0.120  0.243 -0.078  1.000 -0.141
       24  0.49985   0.121  0.223  0.356 -0.210 -0.231 -0.141  1.000
MINUIT - FIT wiggle + 1-CBO + 2-CBO
 **********
 **   42 **RES 
 **********
                   PARAMETER   16  beta_vw RESTORED TO VARIABLE.
                   PARAMETER   14  alpha_vw RESTORED TO VARIABLE.
                   PARAMETER   13  beta_y RESTORED TO VARIABLE.
                   PARAMETER   11  alpha_y RESTORED TO VARIABLE.
                   PARAMETER   10  beta_2CBO RESTORED TO VARIABLE.
                   PARAMETER    6  alpha_CBO RESTORED TO VARIABLE.
                   PARAMETER    4  phi RESTORED TO VARIABLE.
                   PARAMETER    3  A0 RESTORED TO VARIABLE.
                   PARAMETER    1  N0 RESTORED TO VARIABLE.
 **********
 **   43 **FIX           10
 **********
 **********
 **   44 **FIX           11
 **********
 **********
 **   45 **FIX           12
 **********
 PARAMETER   12  IS CONSTANT.   IGNORED.
 **********
 **   46 **FIX           13
 **********
 **********
 **   47 **FIX           14
 **********
 **********
 **   48 **FIX           15
 **********
 PARAMETER   15  IS CONSTANT.   IGNORED.
 **********
 **   49 **FIX           16
 **********
 **********
 **   50 **MIGRAD
 **********
 START MIGRAD MINIMIZATION.  STRATEGY  1.  CONVERGENCE WHEN EDM .LT. 1.00e-04
 FCN=613.358 FROM MIGRAD    STATUS=INITIATE       22 CALLS        1282 TOTAL
                     EDM= unknown      STRATEGY= 1      NO ERROR MATRIX       
  EXT PARAMETER               CURRENT GUESS       STEP         FIRST   
  NO.   NAME      VALUE            ERROR          SIZE      DERIVATIVE 
   1  N0           3.15741e+06   7.89528e+02   7.89528e+02  -2.42672e-04
   2  tau          6.43989e+01   constant   
   3  A0           3.40972e-01   3.21867e-04   3.21867e-04  -1.91564e+02
   4  phi          4.11623e+00   1.02557e-03   1.02557e-03  -2.57314e+01
   5  R           -6.14725e+01   constant   
   6  alpha_CBO    8.73921e-03   2.04986e-04   2.04986e-04   2.54908e+02
   7  w_CBO        2.32500e+00   constant   
   8  beta_CBO    -2.13596e-05   1.14345e-04   1.36330e-06  -1.70875e+01
   9  alpha_2CBO  -4.37562e-05   1.19455e-04   1.35639e-06   9.35493e+00
  10  beta_2CBO   -2.46504e-04     fixed    
  11  alpha_y      0.00000e+00     fixed    
  12  w_y          1.38860e+01   constant   
  13  beta_y       2.88616e-04     fixed    
  14  alpha_vw     0.00000e+00     fixed    
  15  w_vw         1.43404e+01   constant   
  16  beta_vw      0.00000e+00     fixed    
  17  LM          -2.06090e-04   constant   
  18  zeta_y       0.00000e+00   constant   
  19  zeta_vw      0.00000e+00   constant   
  20  T_CBO        9.99999e+02   9.99989e+02   2.35063e-01  -1.77128e-05
  21  alpha_A0    -4.77292e-03   5.32587e-04   5.67079e-06   4.03513e-01
  22  beta_A0     -6.57041e-03   5.24439e-04   5.66349e-06  -6.14096e+00
  23  alpha_phi    1.49167e-03   3.98219e-04   4.47751e-06  -3.82110e+00
  24  beta_phi     5.68480e-03   5.00762e-04   5.24911e-06  -2.72812e+00
 MIGRAD MINIMIZATION HAS CONVERGED.
 FCN=612.881 FROM MIGRAD    STATUS=CONVERGED     504 CALLS        1764 TOTAL
                     EDM=1.073e-06    STRATEGY= 1  ERROR MATRIX UNCERTAINTY   2.0 per cent
  EXT PARAMETER                                   STEP         FIRST   
  NO.   NAME      VALUE            ERROR          SIZE      DERIVATIVE 
   1  N0           3.16063e+06   4.55006e+03  -1.88801e+00   3.12839e-06
   2  tau          6.43989e+01   constant   
   3  A0           3.42213e-01   1.75300e-03  -8.25372e-07  -6.08790e-01
   4  phi          4.11410e+00   3.11371e-03   1.11331e-06  -2.88119e-01
   5  R           -6.14725e+01   constant   
   6  alpha_CBO    8.75931e-03   1.73853e-04  -7.40080e-08  -4.56032e-01
   7  w_CBO        2.32500e+00   constant   
   8  beta_CBO    -5.23955e-04   7.20882e-04   2.26179e-07   7.43645e+00
   9  alpha_2CBO   7.07903e-05   2.00124e-04  -6.68432e-08   9.75764e+00
  10  beta_2CBO   -2.46504e-04     fixed    
  11  alpha_y      0.00000e+00     fixed    
  12  w_y          1.38860e+01   constant   
  13  beta_y       2.88616e-04     fixed    
  14  alpha_vw     0.00000e+00     fixed    
  15  w_vw         1.43404e+01   constant   
  16  beta_vw      0.00000e+00     fixed    
  17  LM          -2.06090e-04   constant   
  18  zeta_y       0.00000e+00   constant   
  19  zeta_vw      0.00000e+00   constant   
  20  T_CBO        9.99987e+02   9.04766e+02   4.02786e-02  -7.12500e-05
  21  alpha_A0     2.12508e-03   9.70754e-03  -4.54530e-06  -9.19194e-01
  22  beta_A0     -3.61129e-03   4.22186e-03  -1.76327e-06   7.97845e-01
  23  alpha_phi    4.83228e-03   4.68934e-03  -2.67454e-06  -2.25497e+00
  24  beta_phi     3.27737e-04   7.59987e-03   3.05585e-06  -6.77027e-01
 EXTERNAL ERROR MATRIX.    NDIM=  25    NPAR= 11    ERR DEF=1
  2.070e+07 
  7.947e+00  3.073e-06 
 -1.375e+01 -5.228e-06  9.695e-06 
  1.243e-01  6.079e-08  1.156e-08  3.022e-08 
 -3.234e+00 -1.245e-06  2.164e-06 -1.820e-08  5.197e-07 
  7.247e-01  2.803e-07 -4.888e-07  4.748e-09 -1.144e-07  4.005e-08 
 -9.306e+03 -3.952e-03  5.465e-03 -2.687e-04  1.473e-03 -2.876e-04  2.900e+03 
  4.407e+01  1.693e-05 -2.951e-05  2.312e-07 -6.901e-06  1.561e-06 -2.151e-02  9.424e-05 
  1.882e+01  7.310e-06 -1.204e-05  2.033e-07 -2.943e-06  6.527e-07 -7.774e-03  3.999e-05  1.782e-05 
  2.121e+01  8.187e-06 -1.393e-05  1.723e-07 -3.319e-06  7.487e-07 -1.293e-02  4.520e-05  1.949e-05  2.199e-05 
 -3.446e+01 -1.322e-05  2.318e-05 -1.622e-07  5.406e-06 -1.200e-06  1.509e-02 -7.355e-05 -3.116e-05 -3.530e-05  5.776e-05 
 PARAMETER  CORRELATION COEFFICIENTS  
       NO.  GLOBAL      1      3      4      6      8      9     20     21     22     23     24
        1  0.99861   1.000  0.996 -0.971  0.157 -0.986  0.796 -0.038  0.998  0.980  0.994 -0.996
        3  0.99861   0.996  1.000 -0.958  0.199 -0.985  0.799 -0.042  0.995  0.988  0.996 -0.993
        4  0.99482  -0.971 -0.958  1.000  0.021  0.964 -0.784  0.033 -0.976 -0.916 -0.954  0.980
        6  0.78816   0.157  0.199  0.021  1.000 -0.145  0.136 -0.029  0.137  0.277  0.211 -0.123
        8  0.98829  -0.986 -0.985  0.964 -0.145  1.000 -0.793  0.038 -0.986 -0.967 -0.982  0.987
        9  0.83259   0.796  0.799 -0.784  0.136 -0.793  1.000 -0.027  0.803  0.773  0.798 -0.789
       20  0.17511  -0.038 -0.042  0.033 -0.029  0.038 -0.027  1.000 -0.041 -0.034 -0.051  0.037
       21  0.99888   0.998  0.995 -0.976  0.137 -0.986  0.803 -0.041  1.000  0.976  0.993 -0.997
       22  0.99418   0.980  0.988 -0.916  0.277 -0.967  0.773 -0.034  0.976  1.000  0.984 -0.971
       23  0.99699   0.994  0.996 -0.954  0.211 -0.982  0.798 -0.051  0.993  0.984  1.000 -0.990
       24  0.99836  -0.996 -0.993  0.980 -0.123  0.987 -0.789  0.037 -0.997 -0.971 -0.990  1.000
MINUIT - FIT ONLY 1-y
 **********
 **   51 **RES 
 **********
                   PARAMETER   16  beta_vw RESTORED TO VARIABLE.
                   PARAMETER   14  alpha_vw RESTORED TO VARIABLE.
                   PARAMETER   13  beta_y RESTORED TO VARIABLE.
                   PARAMETER   11  alpha_y RESTORED TO VARIABLE.
                   PARAMETER   10  beta_2CBO RESTORED TO VARIABLE.
 **********
 **   52 **FIX            0
 **********
 PARAMETER    0  IS UNDEFINED. IGNORED.
 **********
 **   53 **FIX            1
 **********
 **********
 **   54 **FIX            2
 **********
 PARAMETER    2  IS CONSTANT.   IGNORED.
 **********
 **   55 **FIX            3
 **********
 **********
 **   56 **FIX            4
 **********
 **********
 **   57 **FIX            5
 **********
 PARAMETER    5  IS CONSTANT.   IGNORED.
 **********
 **   58 **FIX            6
 **********
 **********
 **   59 **FIX            7
 **********
 PARAMETER    7  IS CONSTANT.   IGNORED.
 **********
 **   60 **FIX            8
 **********
 **********
 **   61 **FIX            9
 **********
 **********
 **   62 **FIX           13
 **********
 **********
 **   63 **FIX           14
 **********
 **********
 **   64 **FIX           15
 **********
 PARAMETER   15  IS CONSTANT.   IGNORED.
 **********
 **   65 **FIX           16
 **********
 **********
 **   66 **MIGRAD
 **********
 START MIGRAD MINIMIZATION.  STRATEGY  1.  CONVERGENCE WHEN EDM .LT. 1.00e-04
 FCN=612.881 FROM MIGRAD    STATUS=INITIATE       16 CALLS        1780 TOTAL
                     EDM= unknown      STRATEGY= 1      NO ERROR MATRIX       
  EXT PARAMETER               CURRENT GUESS       STEP         FIRST   
  NO.   NAME      VALUE            ERROR          SIZE      DERIVATIVE 
   1  N0           3.16063e+06     fixed    
   2  tau          6.43989e+01   constant   
   3  A0           3.42213e-01     fixed    
   4  phi          4.11410e+00     fixed    
   5  R           -6.14725e+01   constant   
   6  alpha_CBO    8.75931e-03     fixed    
   7  w_CBO        2.32500e+00   constant   
   8  beta_CBO    -5.23955e-04     fixed    
   9  alpha_2CBO   7.07903e-05     fixed    
  10  beta_2CBO   -2.46504e-04   1.51624e-04   1.51624e-04  -4.79580e+02
  11  alpha_y      0.00000e+00   1.00000e-03   1.00000e-03  -3.06270e+05
  12  w_y          1.38860e+01   constant   
  13  beta_y       2.88616e-04     fixed    
  14  alpha_vw     0.00000e+00     fixed    
  15  w_vw         1.43404e+01   constant   
  16  beta_vw      0.00000e+00     fixed    
  17  LM          -2.06090e-04   constant   
  18  zeta_y       0.00000e+00   constant   
  19  zeta_vw      0.00000e+00   constant   
  20  T_CBO        9.99987e+02   9.04766e+02   4.02786e-02  -6.99174e-05
  21  alpha_A0     2.12508e-03   9.70754e-03  -4.54530e-06  -9.19187e-01
  22  beta_A0     -3.61129e-03   4.22186e-03  -1.76327e-06   7.97852e-01
  23  alpha_phi    4.83228e-03   4.68934e-03  -2.67454e-06  -2.25497e+00
  24  beta_phi     3.27737e-04   7.59987e-03   3.05585e-06  -6.77029e-01
 MIGRAD MINIMIZATION HAS CONVERGED.
 MIGRAD WILL VERIFY CONVERGENCE AND ERROR MATRIX.
 FCN=321.609 FROM MIGRAD    STATUS=CONVERGED     154 CALLS        1918 TOTAL
                     EDM=3.56758e-05    STRATEGY= 1      ERR MATRIX NOT POS-DEF
  EXT PARAMETER                APPROXIMATE        STEP         FIRST   
  NO.   NAME      VALUE            ERROR          SIZE      DERIVATIVE 
   1  N0           3.16063e+06     fixed    
   2  tau          6.43989e+01   constant   
   3  A0           3.42213e-01     fixed    
   4  phi          4.11410e+00     fixed    
   5  R           -6.14725e+01   constant   
   6  alpha_CBO    8.75931e-03     fixed    
   7  w_CBO        2.32500e+00   constant   
   8  beta_CBO    -5.23955e-04     fixed    
   9  alpha_2CBO   7.07903e-05     fixed    
  10  beta_2CBO   -1.78909e-04   1.63862e-04   9.46876e-07   1.83250e+00
  11  alpha_y      1.90197e-03   7.58198e-05   9.76130e-07   2.03827e-01
  12  w_y          1.38860e+01   constant   
  13  beta_y       2.88616e-04     fixed    
  14  alpha_vw     0.00000e+00     fixed    
  15  w_vw         1.43404e+01   constant   
  16  beta_vw      0.00000e+00     fixed    
  17  LM          -2.06090e-04   constant   
  18  zeta_y       0.00000e+00   constant   
  19  zeta_vw      0.00000e+00   constant   
  20  T_CBO        9.99463e+02   5.75581e+02   1.72242e-01  -3.27843e-05
  21  alpha_A0     2.17342e-03   1.42402e-03   4.07387e-06   4.13422e+00
  22  beta_A0     -3.68083e-03   3.15333e-03   4.06287e-06   2.38754e-01
  23  alpha_phi    4.69888e-03   3.65548e-03   3.23330e-06   4.28279e+00
  24  beta_phi     1.84582e-04   8.67180e-04   3.79375e-06  -8.77719e-01
 EXTERNAL ERROR MATRIX.    NDIM=  25    NPAR=  7    ERR DEF=1
  2.685e-08  1.274e-09  2.935e+00  2.035e-07 -4.563e-07  5.325e-07  1.203e-07 
  1.274e-09  5.749e-09  1.625e-01  1.133e-08 -2.559e-08  2.936e-08  6.365e-09 
  2.935e+00  1.625e-01  4.025e+08  2.785e+01 -6.294e+01  7.316e+01  1.636e+01 
  2.035e-07  1.133e-08  2.785e+01  2.028e-06 -4.346e-06  5.071e-06  1.126e-06 
 -4.563e-07 -2.559e-08 -6.294e+01 -4.346e-06  9.944e-06 -1.144e-05 -2.561e-06 
  5.325e-07  2.936e-08  7.316e+01  5.071e-06 -1.144e-05  1.336e-05  2.967e-06 
  1.203e-07  6.365e-09  1.636e+01  1.126e-06 -2.561e-06  2.967e-06  7.520e-07 
ERR MATRIX NOT POS-DEF
 PARAMETER  CORRELATION COEFFICIENTS  
       NO.  GLOBAL     10     11     20     21     22     23     24
       10  0.89497   1.000  0.103  0.893  0.872 -0.883  0.889  0.846
       11  0.10957   0.103  1.000  0.107  0.105 -0.107  0.106  0.097
       20  0.99852   0.893  0.107  1.000  0.975 -0.995  0.998  0.940
       21  0.97530   0.872  0.105  0.975  1.000 -0.968  0.974  0.912
       22  0.99504  -0.883 -0.107 -0.995 -0.968  1.000 -0.993 -0.937
       23  0.99767   0.889  0.106  0.998  0.974 -0.993  1.000  0.936
       24  0.94124   0.846  0.097  0.940  0.912 -0.937  0.936  1.000
 ERR MATRIX NOT POS-DEF
MINUIT - FIT ONLY 2-y
 **********
 **   67 **RES 
 **********
                   PARAMETER   16  beta_vw RESTORED TO VARIABLE.
                   PARAMETER   14  alpha_vw RESTORED TO VARIABLE.
                   PARAMETER   13  beta_y RESTORED TO VARIABLE.
                   PARAMETER    9  alpha_2CBO RESTORED TO VARIABLE.
                   PARAMETER    8  beta_CBO RESTORED TO VARIABLE.
                   PARAMETER    6  alpha_CBO RESTORED TO VARIABLE.
                   PARAMETER    4  phi RESTORED TO VARIABLE.
                   PARAMETER    3  A0 RESTORED TO VARIABLE.
                   PARAMETER    1  N0 RESTORED TO VARIABLE.
 **********
 **   68 **FIX            0
 **********
 PARAMETER    0  IS UNDEFINED. IGNORED.
 **********
 **   69 **FIX            1
 **********
 **********
 **   70 **FIX            2
 **********
 PARAMETER    2  IS CONSTANT.   IGNORED.
 **********
 **   71 **FIX            3
 **********
 **********
 **   72 **FIX            4
 **********
 **********
 **   73 **FIX            5
 **********
 PARAMETER    5  IS CONSTANT.   IGNORED.
 **********
 **   74 **FIX            6
 **********
 **********
 **   75 **FIX            7
 **********
 PARAMETER    7  IS CONSTANT.   IGNORED.
 **********
 **   76 **FIX            8
 **********
 **********
 **   77 **FIX            9
 **********
 **********
 **   78 **FIX           10
 **********
 **********
 **   79 **FIX           11
 **********
 **********
 **   80 **FIX           12
 **********
 PARAMETER   12  IS CONSTANT.   IGNORED.
 **********
 **   81 **FIX           16
 **********
 **********
 **   82 **MIGRAD
 **********
 START MIGRAD MINIMIZATION.  STRATEGY  1.  CONVERGENCE WHEN EDM .LT. 1.00e-04
 FCN=321.609 FROM MIGRAD    STATUS=INITIATE       38 CALLS        1956 TOTAL
                     EDM= unknown      STRATEGY= 1      NO ERROR MATRIX       
  EXT PARAMETER               CURRENT GUESS       STEP         FIRST   
  NO.   NAME      VALUE            ERROR          SIZE      DERIVATIVE 
   1  N0           3.16063e+06     fixed    
   2  tau          6.43989e+01   constant   
   3  A0           3.42213e-01     fixed    
   4  phi          4.11410e+00     fixed    
   5  R           -6.14725e+01   constant   
   6  alpha_CBO    8.75931e-03     fixed    
   7  w_CBO        2.32500e+00   constant   
   8  beta_CBO    -5.23955e-04     fixed    
   9  alpha_2CBO   7.07903e-05     fixed    
  10  beta_2CBO   -1.78909e-04     fixed    
  11  alpha_y      1.90197e-03     fixed    
  12  w_y          1.38860e+01   constant   
  13  beta_y       2.88616e-04   1.09177e-04   0.00000e+00   1.67079e+03
  14  alpha_vw     0.00000e+00   1.00000e-03   0.00000e+00   4.60344e+04
  15  w_vw         1.43404e+01   constant   
  16  beta_vw      0.00000e+00     fixed    
  17  LM          -2.06090e-04   constant   
  18  zeta_y       0.00000e+00   constant   
  19  zeta_vw      0.00000e+00   constant   
  20  T_CBO        9.96684e+02   5.75581e+02  -6.88968e-02  -5.43526e-04
  21  alpha_A0     2.17342e-03   1.42402e-03   0.00000e+00   3.03195e+00
  22  beta_A0     -3.68083e-03   3.15333e-03   0.00000e+00   3.28708e+00
  23  alpha_phi    4.69888e-03   3.65548e-03   0.00000e+00  -1.12337e+00
  24  beta_phi     1.84582e-04   8.67180e-04   0.00000e+00  -2.14656e+00
 MIGRAD MINIMIZATION HAS CONVERGED.
 MIGRAD WILL VERIFY CONVERGENCE AND ERROR MATRIX.
 FCN=312.653 FROM MIGRAD    STATUS=CONVERGED     188 CALLS        2106 TOTAL
                     EDM=4.90178e-05    STRATEGY= 1      ERR MATRIX NOT POS-DEF
  EXT PARAMETER                APPROXIMATE        STEP         FIRST   
  NO.   NAME      VALUE            ERROR          SIZE      DERIVATIVE 
   1  N0           3.16063e+06     fixed    
   2  tau          6.43989e+01   constant   
   3  A0           3.42213e-01     fixed    
   4  phi          4.11410e+00     fixed    
   5  R           -6.14725e+01   constant   
   6  alpha_CBO    8.75931e-03     fixed    
   7  w_CBO        2.32500e+00   constant   
   8  beta_CBO    -5.23955e-04     fixed    
   9  alpha_2CBO   7.07903e-05     fixed    
  10  beta_2CBO   -1.78909e-04     fixed    
  11  alpha_y      1.90197e-03     fixed    
  12  w_y          1.38860e+01   constant   
  13  beta_y       8.94492e-05   1.09490e-04   9.40223e-07  -1.47004e+00
  14  alpha_vw    -3.81856e-04   1.11087e-04   9.52114e-07   2.96628e+00
  15  w_vw         1.43404e+01   constant   
  16  beta_vw      0.00000e+00     fixed    
  17  LM          -2.06090e-04   constant   
  18  zeta_y       0.00000e+00   constant   
  19  zeta_vw      0.00000e+00   constant   
  20  T_CBO        9.86180e+02   6.25397e+02   1.27460e-01   5.35284e-05
  21  alpha_A0     2.16876e-03   2.01996e-03   4.01870e-06  -1.52057e+00
  22  beta_A0     -3.64220e-03   3.83968e-03   4.00779e-06  -9.35865e-01
  23  alpha_phi    4.69679e-03   4.66049e-03   3.18955e-06  -8.17502e-01
  24  beta_phi     1.31651e-04   6.20700e-04   3.74252e-06   4.21475e-02
 EXTERNAL ERROR MATRIX.    NDIM=  25    NPAR=  7    ERR DEF=1
  1.199e-08  5.103e-09 -7.584e-02 -5.351e-09  1.077e-08 -1.205e-08 -2.011e-09 
  5.103e-09  1.234e-08 -1.715e-01 -1.163e-08  2.173e-08 -2.786e-08 -1.222e-09 
 -7.584e-02 -1.715e-01  8.128e+08  5.618e+01 -1.088e+02  1.325e+02  1.341e+01 
 -5.351e-09 -1.163e-08  5.618e+01  4.080e-06 -7.491e-06  9.194e-06  9.028e-07 
  1.077e-08  2.173e-08 -1.088e+02 -7.491e-06  1.474e-05 -1.774e-05 -1.807e-06 
 -1.205e-08 -2.786e-08  1.325e+02  9.194e-06 -1.774e-05  2.172e-05  2.161e-06 
 -2.011e-09 -1.222e-09  1.341e+01  9.028e-07 -1.807e-06  2.161e-06  3.853e-07 
ERR MATRIX NOT POS-DEF
 PARAMETER  CORRELATION COEFFICIENTS  
       NO.  GLOBAL     13     14     20     21     22     23     24
       13  0.42154   1.000  0.420 -0.024 -0.024  0.026 -0.024 -0.030
       14  0.42526   0.420  1.000 -0.054 -0.052  0.051 -0.054 -0.018
       20  0.99812  -0.024 -0.054  1.000  0.976 -0.994  0.997  0.758
       21  0.97768  -0.024 -0.052  0.976  1.000 -0.966  0.977  0.720
       22  0.99391   0.026  0.051 -0.994 -0.966  1.000 -0.991 -0.758
       23  0.99739  -0.024 -0.054  0.997  0.977 -0.991  1.000  0.747
       24  0.77113  -0.030 -0.018  0.758  0.720 -0.758  0.747  1.000
 ERR MATRIX NOT POS-DEF
MINUIT - FIT ALTOGETHER
 **********
 **   83 **RES 
 **********
                   PARAMETER   16  beta_vw RESTORED TO VARIABLE.
