 + ++++++++++++++++++++++++++++++++++++++++++++++++++++++++++++++++++++ +
 +                                                                      +
 +           You have chose to blind your fitting according to          +
 +                omega_ref * (1 + (R +/- deltaR) *10^{-6})             +
 +                                                                      +
 + ++++++++++++++++++++++++++++++++++++++++++++++++++++++++++++++++++++ +
In main()...
reading format from /gm2data/zkhechad/run45/envelope/formats/formatB_sBin_constraintOn.txt
pBinTau 	= 0  
pBinPhi 	= 0  
constraintau 	= 1 
includeMopTerm 	= 0    
constrainMop    = 0   
Parameters after format file: pBinTau 0 pBinPhi 0 constraintau 1 includeMopTerm 0 constrainMop 0 c_e_scale 0.000000 
Opening file /gm2data/tbarrett/gm2fr/studies/run23_bunch_corrections/CorrectedFourier_Run3b.root.
reading full fit data from /gm2data/zkhechad/cboTemplates/Run4CBOTemplates/fullFits/noRF/sBin_constraintOn_cE0.0_seed0_noRF_calo13.root
windowBins = 69
fitting sliding window 1750 from bin 1886 at 281.242000 to bin 1955 at 291.686000 (69 bins)

Reading data from /gm2data/cornell/histograms/aMethod/histogram_a_noRF.root
 **********
 **    1 **SET PRINTOUT            1
 **********
 **********
 **    2 **SET NOWARNINGS 
 **********
 PARAMETER DEFINITIONS:
    NO.   NAME         VALUE      STEP SIZE      LIMITS
     1 N0           3.45227e+06  1.00000e+02     no limits
     2 tau          6.44025e+01  constant
     3 A0           3.52708e-01  1.00000e-04     no limits
     4 phi          4.13064e+00  1.00000e-02     no limits
     5 R           -6.08848e+01  constant
     6 alpha_CBO    0.00000e+00  1.00000e-03     no limits
     7 w_CBO        2.32500e+00  constant
     8 beta_CBO     0.00000e+00  1.00000e-03     no limits
     9 alpha_2CBO   0.00000e+00  1.00000e-03     no limits
    10 beta_2CBO    0.00000e+00  1.00000e-03     no limits
    11 alpha_y      0.00000e+00  1.00000e-03     no limits
    12 w_y          1.38860e+01  constant
    13 beta_y       0.00000e+00  1.00000e-03     no limits
    14 alpha_vw     0.00000e+00  1.00000e-03     no limits
    15 w_vw         1.43404e+01  constant
    16 beta_vw      0.00000e+00  1.00000e-03     no limits
    17 LM          -3.36503e-05  constant
    18 zeta_y       0.00000e+00  constant
    19 zeta_vw      0.00000e+00  constant
    20 T_CBO        1.00000e+02  1.00000e+00    0.00000e+00  1.00000e+03
    21 alpha_A0     0.00000e+00  1.00000e-04   -1.00000e-02  1.00000e-02
    22 beta_A0      0.00000e+00  1.00000e-04   -1.00000e-02  1.00000e-02
    23 alpha_phi    0.00000e+00  1.00000e-04   -1.00000e-02  1.00000e-02
    24 beta_phi     0.00000e+00  1.00000e-04   -1.00000e-02  1.00000e-02
MINUIT - FIT ONLY WIGGLE
 **********
 **    3 **FIX            5
 **********
 PARAMETER    5  IS CONSTANT.   IGNORED.
 **********
 **    4 **FIX            6
 **********
 **********
 **    5 **FIX            7
 **********
 PARAMETER    7  IS CONSTANT.   IGNORED.
 **********
 **    6 **FIX            8
 **********
 **********
 **    7 **FIX            9
 **********
 **********
 **    8 **FIX           10
 **********
 **********
 **    9 **FIX           11
 **********
 **********
 **   10 **FIX           12
 **********
 PARAMETER   12  IS CONSTANT.   IGNORED.
 **********
 **   11 **FIX           13
 **********
 **********
 **   12 **FIX           14
 **********
 **********
 **   13 **FIX           15
 **********
 PARAMETER   15  IS CONSTANT.   IGNORED.
 **********
 **   14 **FIX           16
 **********
 **********
 **   15 **MIGRAD
 **********
 FIRST CALL TO USER FUNCTION AT NEW START POINT, WITH IFLAG=4.
 START MIGRAD MINIMIZATION.  STRATEGY  1.  CONVERGENCE WHEN EDM .LT. 1.00e-04
 FCN=135.83 FROM MIGRAD    STATUS=INITIATE      437 CALLS         438 TOTAL
                     EDM= unknown      STRATEGY= 1      NO ERROR MATRIX       
  EXT PARAMETER               CURRENT GUESS       STEP         FIRST   
  NO.   NAME      VALUE            ERROR          SIZE      DERIVATIVE 
   1  N0           3.45227e+06   1.00000e+02   0.00000e+00   1.16805e-03
   2  tau          6.44025e+01   constant   
   3  A0           3.52708e-01   1.00000e-04   0.00000e+00   2.37409e+03
   4  phi          4.13064e+00   1.00000e-02   0.00000e+00  -3.09426e+03
   5  R           -6.08848e+01   constant   
   6  alpha_CBO    0.00000e+00     fixed    
   7  w_CBO        2.32500e+00   constant   
   8  beta_CBO     0.00000e+00     fixed    
   9  alpha_2CBO   0.00000e+00     fixed    
  10  beta_2CBO    0.00000e+00     fixed    
  11  alpha_y      0.00000e+00     fixed    
  12  w_y          1.38860e+01   constant   
  13  beta_y       0.00000e+00     fixed    
  14  alpha_vw     0.00000e+00     fixed    
  15  w_vw         1.43404e+01   constant   
  16  beta_vw      0.00000e+00     fixed    
  17  LM          -3.36503e-05   constant   
  18  zeta_y       0.00000e+00   constant   
  19  zeta_vw      0.00000e+00   constant   
  20  T_CBO        1.00000e+02   1.00000e+00   0.00000e+00   0.00000e+00
  21  alpha_A0     0.00000e+00   1.00000e-04   0.00000e+00  -1.05061e+00
  22  beta_A0      0.00000e+00   1.00000e-04   0.00000e+00  -7.01342e-01
  23  alpha_phi    0.00000e+00   1.00000e-04   0.00000e+00  -3.56886e-01
  24  beta_phi     0.00000e+00   1.00000e-04   0.00000e+00   2.05252e-01
 MIGRAD MINIMIZATION HAS CONVERGED.
 FCN=122.155 FROM MIGRAD    STATUS=CONVERGED     764 CALLS         765 TOTAL
                     EDM=2.14966e-06    STRATEGY= 1  ERROR MATRIX UNCERTAINTY   1.9 per cent
  EXT PARAMETER                                   STEP         FIRST   
  NO.   NAME      VALUE            ERROR          SIZE      DERIVATIVE 
   1  N0           3.45207e+06   1.34433e+03  -1.66869e+00  -4.37688e-07
   2  tau          6.44025e+01   constant   
   3  A0           3.52446e-01   5.14826e-04   8.69852e-08  -2.31258e+00
   4  phi          4.13485e+00   1.52710e-03   7.11941e-07   2.26190e-03
   5  R           -6.08848e+01   constant   
   6  alpha_CBO    0.00000e+00     fixed    
   7  w_CBO        2.32500e+00   constant   
   8  beta_CBO     0.00000e+00     fixed    
   9  alpha_2CBO   0.00000e+00     fixed    
  10  beta_2CBO    0.00000e+00     fixed    
  11  alpha_y      0.00000e+00     fixed    
  12  w_y          1.38860e+01   constant   
  13  beta_y       0.00000e+00     fixed    
  14  alpha_vw     0.00000e+00     fixed    
  15  w_vw         1.43404e+01   constant   
  16  beta_vw      0.00000e+00     fixed    
  17  LM          -3.36503e-05   constant   
  18  zeta_y       0.00000e+00   constant   
  19  zeta_vw      0.00000e+00   constant   
  20  T_CBO        3.77878e+02   1.72622e+02   6.44965e-04   5.51512e-03
  21  alpha_A0     9.98891e-03   1.87124e-02   5.62761e-03  -1.82704e-03
  22  beta_A0      5.92305e-03   5.02933e-03   4.07573e-04   4.18383e-04
  23  alpha_phi    4.39803e-03   4.75097e-03   9.57790e-04   1.70600e-03
  24  beta_phi    -1.25995e-03   4.20601e-03  -5.95943e-04  -3.74556e-03
 EXTERNAL ERROR MATRIX.    NDIM=  25    NPAR=  8    ERR DEF=1
  1.807e+06 -8.648e-02  1.086e-01 -1.369e+04 -1.649e-01  1.926e+00 -1.439e+00  4.027e-01 
 -8.648e-02  2.650e-07  4.809e-08  8.747e-03  2.620e-08 -4.379e-07  4.196e-07 -2.599e-07 
  1.086e-01  4.809e-08  2.332e-06  3.909e-02  1.705e-07 -4.401e-07 -4.125e-07 -3.817e-07 
 -1.369e+04  8.747e-03  3.909e-02  3.115e+04  1.362e-01 -4.326e-01  2.709e-01  1.543e-01 
 -1.649e-01  2.620e-08  1.705e-07  1.362e-01  1.237e-06 -1.882e-06  1.952e-06 -8.026e-07 
  1.926e+00 -4.379e-07 -4.401e-07 -4.326e-01 -1.882e-06  2.950e-05 -6.518e-06 -5.365e-08 
 -1.439e+00  4.196e-07 -4.125e-07  2.709e-01  1.952e-06 -6.518e-06  2.506e-05  1.109e-06 
  4.027e-01 -2.599e-07 -3.817e-07  1.543e-01 -8.026e-07 -5.365e-08  1.109e-06  1.887e-05 
 PARAMETER  CORRELATION COEFFICIENTS  
       NO.  GLOBAL      1      3      4     20     21     22     23     24
        1  0.34135   1.000 -0.125  0.053 -0.058 -0.110  0.264 -0.214  0.069
        3  0.28237  -0.125  1.000  0.061  0.096  0.046 -0.157  0.163 -0.116
        4  0.21283   0.053  0.061  1.000  0.145  0.100 -0.053 -0.054 -0.058
       20  0.80703  -0.058  0.096  0.145  1.000  0.694 -0.451  0.307  0.201
       21  0.78047  -0.110  0.046  0.100  0.694  1.000 -0.312  0.350 -0.166
       22  0.52752   0.264 -0.157 -0.053 -0.451 -0.312  1.000 -0.240 -0.002
       23  0.44729  -0.214  0.163 -0.054  0.307  0.350 -0.240  1.000  0.051
       24  0.51652   0.069 -0.116 -0.058  0.201 -0.166 -0.002  0.051  1.000
MINUIT - FIT ONLY 1-CBO + wiggle
 **********
 **   16 **RES 
 **********
                   PARAMETER   16  beta_vw RESTORED TO VARIABLE.
                   PARAMETER   14  alpha_vw RESTORED TO VARIABLE.
                   PARAMETER   13  beta_y RESTORED TO VARIABLE.
                   PARAMETER   11  alpha_y RESTORED TO VARIABLE.
                   PARAMETER   10  beta_2CBO RESTORED TO VARIABLE.
                   PARAMETER    9  alpha_2CBO RESTORED TO VARIABLE.
                   PARAMETER    8  beta_CBO RESTORED TO VARIABLE.
                   PARAMETER    6  alpha_CBO RESTORED TO VARIABLE.
 **********
 **   17 **FIX            8
 **********
 **********
 **   18 **FIX            9
 **********
 **********
 **   19 **FIX           11
 **********
 **********
 **   20 **FIX           12
 **********
 PARAMETER   12  IS CONSTANT.   IGNORED.
 **********
 **   21 **FIX           14
 **********
 **********
 **   22 **FIX           15
 **********
 PARAMETER   15  IS CONSTANT.   IGNORED.
 **********
 **   23 **FIX           16
 **********
 **********
 **   24 **MIGRAD
 **********
 START MIGRAD MINIMIZATION.  STRATEGY  1.  CONVERGENCE WHEN EDM .LT. 1.00e-04
 FCN=122.155 FROM MIGRAD    STATUS=INITIATE       28 CALLS         793 TOTAL
                     EDM= unknown      STRATEGY= 1      NO ERROR MATRIX       
  EXT PARAMETER               CURRENT GUESS       STEP         FIRST   
  NO.   NAME      VALUE            ERROR          SIZE      DERIVATIVE 
   1  N0           3.45207e+06   1.34433e+03  -1.66869e+00  -4.37688e-07
   2  tau          6.44025e+01   constant   
   3  A0           3.52446e-01   5.14826e-04   8.69852e-08  -2.31258e+00
   4  phi          4.13485e+00   1.52710e-03   7.11941e-07   2.26188e-03
   5  R           -6.08848e+01   constant   
   6  alpha_CBO    0.00000e+00   1.00000e-03   1.00000e-03  -1.20210e+04
   7  w_CBO        2.32500e+00   constant   
   8  beta_CBO     0.00000e+00     fixed    
   9  alpha_2CBO   0.00000e+00     fixed    
  10  beta_2CBO    0.00000e+00   1.00000e-03   1.00000e-03  -3.03532e+03
  11  alpha_y      0.00000e+00     fixed    
  12  w_y          1.38860e+01   constant   
  13  beta_y       0.00000e+00   1.00000e-03   1.00000e-03   4.75891e+03
  14  alpha_vw     0.00000e+00     fixed    
  15  w_vw         1.43404e+01   constant   
  16  beta_vw      0.00000e+00     fixed    
  17  LM          -3.36503e-05   constant   
  18  zeta_y       0.00000e+00   constant   
  19  zeta_vw      0.00000e+00   constant   
  20  T_CBO        3.77878e+02   1.72622e+02   6.44965e-04   5.51499e-03
  21  alpha_A0     9.98891e-03   1.87124e-02   5.62761e-03  -1.86835e-03
  22  beta_A0      5.92305e-03   5.02933e-03   4.07573e-04   4.18364e-04
  23  alpha_phi    4.39803e-03   4.75097e-03   9.57790e-04  -1.70596e-03
  24  beta_phi    -1.25995e-03   4.20601e-03  -5.95943e-04  -3.74557e-03
 MIGRAD MINIMIZATION HAS CONVERGED.
 FCN=108.992 FROM MIGRAD    STATUS=CONVERGED     227 CALLS         992 TOTAL
                     EDM=2.79889e-07    STRATEGY= 1  ERROR MATRIX UNCERTAINTY   2.5 per cent
  EXT PARAMETER                                   STEP         FIRST   
  NO.   NAME      VALUE            ERROR          SIZE      DERIVATIVE 
   1  N0           3.45236e+06   1.37001e+03   4.68621e+00  -3.20764e-07
   2  tau          6.44025e+01   constant   
   3  A0           3.52782e-01   5.25383e-04  -5.20428e-07  -1.35353e-01
   4  phi          4.13487e+00   1.54917e-03   2.17233e-06   6.04119e-03
   5  R           -6.08848e+01   constant   
   6  alpha_CBO    1.83806e-03   5.55857e-04   3.96711e-07  -4.39657e-01
   7  w_CBO        2.32500e+00   constant   
   8  beta_CBO     0.00000e+00     fixed    
   9  alpha_2CBO   0.00000e+00     fixed    
  10  beta_2CBO    3.92037e-04   5.42318e-04   1.74124e-07   9.43309e-01
  11  alpha_y      0.00000e+00     fixed    
  12  w_y          1.38860e+01   constant   
  13  beta_y      -6.38420e-04   5.24490e-04   9.06453e-07   1.54769e-01
  14  alpha_vw     0.00000e+00     fixed    
  15  w_vw         1.43404e+01   constant   
  16  beta_vw      0.00000e+00     fixed    
  17  LM          -3.36503e-05   constant   
  18  zeta_y       0.00000e+00   constant   
  19  zeta_vw      0.00000e+00   constant   
  20  T_CBO        4.71302e+02   2.91253e+02   1.51033e-03  -3.91691e-04
  21  alpha_A0     9.99975e-03   1.32149e-02  -1.26191e-05   2.77550e-04
  22  beta_A0      5.35889e-03   4.63556e-03  -1.51887e-03   1.60716e-04
  23  alpha_phi    2.85474e-03   4.13958e-03   1.59241e-03   1.31488e-03
  24  beta_phi    -9.20795e-04   4.08981e-03   4.15746e-04  -1.43497e-05
 EXTERNAL ERROR MATRIX.    NDIM=  25    NPAR= 11    ERR DEF=1
  1.877e+06 
 -7.999e-02  2.760e-07 
  5.701e-02  1.046e-08  2.400e-06 
  5.408e-02  5.511e-08 -6.832e-09  3.090e-07 
  1.327e-02  1.964e-09  2.392e-08 -1.008e-08  2.941e-07 
  6.812e-03  5.674e-11 -4.135e-09  3.001e-09 -3.423e-09  2.751e-07 
  1.997e+03  9.364e-03  6.162e-02  6.982e-03  3.180e-02 -3.495e-03  9.671e+04 
  1.966e-02 -3.357e-09 -8.239e-09 -6.141e-10 -5.844e-09  4.640e-10 -1.475e-03  7.300e-09 
  1.461e+00 -3.183e-07 -2.549e-07  1.598e-08 -2.755e-07  1.861e-08 -7.711e-01  8.570e-08  2.408e-05 
  1.207e+00 -3.729e-07  3.659e-07 -1.995e-07 -6.253e-08 -4.659e-09 -3.973e-01  2.515e-08  5.626e-06  1.832e-05 
 -7.361e-02 -1.065e-07  1.609e-07  3.117e-08  1.126e-07 -2.248e-09  1.805e-01 -9.070e-10  7.187e-07  7.872e-07  1.776e-05 
 PARAMETER  CORRELATION COEFFICIENTS  
       NO.  GLOBAL      1      3      4      6     10     13     20     21     22     23     24
        1  0.35665   1.000 -0.111  0.027  0.071  0.018  0.009  0.005  0.168  0.217  0.206 -0.013
        3  0.27662  -0.111  1.000  0.013  0.189  0.007  0.000  0.057 -0.075 -0.123 -0.166 -0.048
        4  0.17762   0.027  0.013  1.000 -0.008  0.028 -0.005  0.128 -0.062 -0.034  0.055  0.025
        6  0.23147   0.071  0.189 -0.008  1.000 -0.033  0.010  0.040 -0.013  0.006 -0.084  0.013
       10  0.23169   0.018  0.007  0.028 -0.033  1.000 -0.012  0.189 -0.126 -0.104 -0.027  0.049
       13  0.03083   0.009  0.000 -0.005  0.010 -0.012  1.000 -0.021  0.010  0.007 -0.002 -0.001
       20  0.60347   0.005  0.057  0.128  0.040  0.189 -0.021  1.000 -0.056 -0.505 -0.298  0.138
       21  0.28247   0.168 -0.075 -0.062 -0.013 -0.126  0.010 -0.056  1.000  0.204  0.069 -0.003
       22  0.58597   0.217 -0.123 -0.034  0.006 -0.104  0.007 -0.505  0.204  1.000  0.268  0.035
       23  0.41402   0.206 -0.166  0.055 -0.084 -0.027 -0.002 -0.298  0.069  0.268  1.000  0.044
       24  0.21242  -0.013 -0.048  0.025  0.013  0.049 -0.001  0.138 -0.003  0.035  0.044  1.000
MINUIT - FIT ONLY 2-CBO
 **********
 **   25 **RES 
 **********
                   PARAMETER   16  beta_vw RESTORED TO VARIABLE.
                   PARAMETER   14  alpha_vw RESTORED TO VARIABLE.
                   PARAMETER   11  alpha_y RESTORED TO VARIABLE.
                   PARAMETER    9  alpha_2CBO RESTORED TO VARIABLE.
                   PARAMETER    8  beta_CBO RESTORED TO VARIABLE.
 **********
 **   26 **FIX            0
 **********
 PARAMETER    0  IS UNDEFINED. IGNORED.
 **********
 **   27 **FIX            1
 **********
 **********
 **   28 **FIX            2
 **********
 PARAMETER    2  IS CONSTANT.   IGNORED.
 **********
 **   29 **FIX            3
 **********
 **********
 **   30 **FIX            4
 **********
 **********
 **   31 **FIX            5
 **********
 PARAMETER    5  IS CONSTANT.   IGNORED.
 **********
 **   32 **FIX            6
 **********
 **********
 **   33 **FIX            7
 **********
 PARAMETER    7  IS CONSTANT.   IGNORED.
 **********
 **   34 **FIX           10
 **********
 **********
 **   35 **FIX           11
 **********
 **********
 **   36 **FIX           12
 **********
 PARAMETER   12  IS CONSTANT.   IGNORED.
 **********
 **   37 **FIX           13
 **********
 **********
 **   38 **FIX           14
 **********
 **********
 **   39 **FIX           15
 **********
 PARAMETER   15  IS CONSTANT.   IGNORED.
 **********
 **   40 **FIX           16
 **********
 **********
 **   41 **MIGRAD
 **********
 START MIGRAD MINIMIZATION.  STRATEGY  1.  CONVERGENCE WHEN EDM .LT. 1.00e-04
 FCN=108.992 FROM MIGRAD    STATUS=INITIATE       18 CALLS        1010 TOTAL
                     EDM= unknown      STRATEGY= 1      NO ERROR MATRIX       
  EXT PARAMETER               CURRENT GUESS       STEP         FIRST   
  NO.   NAME      VALUE            ERROR          SIZE      DERIVATIVE 
   1  N0           3.45236e+06     fixed    
   2  tau          6.44025e+01   constant   
   3  A0           3.52782e-01     fixed    
   4  phi          4.13487e+00     fixed    
   5  R           -6.08848e+01   constant   
   6  alpha_CBO    1.83806e-03     fixed    
   7  w_CBO        2.32500e+00   constant   
   8  beta_CBO     0.00000e+00   1.00000e-03   1.00000e-03   2.82666e+04
   9  alpha_2CBO   0.00000e+00   1.00000e-03   1.00000e-03   2.23627e+03
  10  beta_2CBO    3.92037e-04     fixed    
  11  alpha_y      0.00000e+00     fixed    
  12  w_y          1.38860e+01   constant   
  13  beta_y      -6.38420e-04     fixed    
  14  alpha_vw     0.00000e+00     fixed    
  15  w_vw         1.43404e+01   constant   
  16  beta_vw      0.00000e+00     fixed    
  17  LM          -3.36503e-05   constant   
  18  zeta_y       0.00000e+00   constant   
  19  zeta_vw      0.00000e+00   constant   
  20  T_CBO        4.71302e+02   2.91253e+02   1.51033e-03  -3.91909e-04
  21  alpha_A0     9.99975e-03   1.32149e-02  -1.26191e-05  -2.90902e-04
  22  beta_A0      5.35889e-03   4.63556e-03  -1.51887e-03   1.60783e-04
  23  alpha_phi    2.85474e-03   4.13958e-03   1.59241e-03   1.31489e-03
  24  beta_phi    -9.20795e-04   4.08981e-03   4.15746e-04  -1.43544e-05
 MIGRAD MINIMIZATION HAS CONVERGED.
 MIGRAD WILL VERIFY CONVERGENCE AND ERROR MATRIX.
 COVARIANCE MATRIX CALCULATED SUCCESSFULLY
 FCN=54.2496 FROM MIGRAD    STATUS=CONVERGED     231 CALLS        1223 TOTAL
                     EDM=1.3077e-05    STRATEGY= 1      ERROR MATRIX ACCURATE 
  EXT PARAMETER                                   STEP         FIRST   
  NO.   NAME      VALUE            ERROR          SIZE      DERIVATIVE 
   1  N0           3.45236e+06     fixed    
   2  tau          6.44025e+01   constant   
   3  A0           3.52782e-01     fixed    
   4  phi          4.13487e+00     fixed    
   5  R           -6.08848e+01   constant   
   6  alpha_CBO    1.83806e-03     fixed    
   7  w_CBO        2.32500e+00   constant   
   8  beta_CBO    -3.84958e-03   5.22081e-04   1.88200e-06   3.48956e-01
   9  alpha_2CBO  -3.00671e-04   5.46942e-04   1.93361e-06  -8.93968e-01
  10  beta_2CBO    3.92037e-04     fixed    
  11  alpha_y      0.00000e+00     fixed    
  12  w_y          1.38860e+01   constant   
  13  beta_y      -6.38420e-04     fixed    
  14  alpha_vw     0.00000e+00     fixed    
  15  w_vw         1.43404e+01   constant   
  16  beta_vw      0.00000e+00     fixed    
  17  LM          -3.36503e-05   constant   
  18  zeta_y       0.00000e+00   constant   
  19  zeta_vw      0.00000e+00   constant   
  20  T_CBO        4.30456e+02   3.18140e+02   1.70500e-03  -6.05546e-03
  21  alpha_A0     9.99769e-03   1.99680e-02   2.43666e-02   5.95398e-04
  22  beta_A0      4.88682e-03   4.85995e-03   1.76005e-03  -1.24967e-03
  23  alpha_phi    2.80197e-03   4.24779e-03   1.53917e-03   2.47399e-03
  24  beta_phi     2.07183e-03   3.87648e-03   1.41981e-03   4.51885e-03
 EXTERNAL ERROR MATRIX.    NDIM=  25    NPAR=  7    ERR DEF=1
  2.726e-07 -2.366e-09  2.966e-03 -1.693e-10  6.360e-08 -2.237e-08 -2.188e-07 
 -2.366e-09  2.991e-07 -2.910e-03  9.583e-10 -3.799e-07  3.233e-07 -7.846e-08 
  2.966e-03 -2.910e-03  1.194e+05  4.280e-01 -9.729e-01 -5.337e-01 -3.410e-01 
 -1.693e-10  9.583e-10  4.280e-01  4.217e-06 -3.257e-06 -1.886e-06 -1.378e-06 
  6.360e-08 -3.799e-07 -9.729e-01 -3.257e-06  2.657e-05  4.807e-06  3.773e-06 
 -2.237e-08  3.233e-07 -5.337e-01 -1.886e-06  4.807e-06  1.936e-05  1.990e-06 
 -2.188e-07 -7.846e-08 -3.410e-01 -1.378e-06  3.773e-06  1.990e-06  1.589e-05 
 PARAMETER  CORRELATION COEFFICIENTS  
       NO.  GLOBAL      8      9     20     21     22     23     24
        8  0.11620   1.000 -0.008  0.016 -0.000  0.024 -0.010 -0.105
        9  0.22622  -0.008  1.000 -0.015  0.001 -0.135  0.134 -0.036
       20  0.73950   0.016 -0.015  1.000  0.603 -0.546 -0.351 -0.248
       21  0.60456  -0.000  0.001  0.603  1.000 -0.308 -0.209 -0.168
       22  0.56983   0.024 -0.135 -0.546 -0.308  1.000  0.212  0.184
       23  0.37813  -0.010  0.134 -0.351 -0.209  0.212  1.000  0.113
       24  0.27920  -0.105 -0.036 -0.248 -0.168  0.184  0.113  1.000
MINUIT - FIT wiggle + 1-CBO + 2-CBO
 **********
 **   42 **RES 
 **********
                   PARAMETER   16  beta_vw RESTORED TO VARIABLE.
                   PARAMETER   14  alpha_vw RESTORED TO VARIABLE.
                   PARAMETER   13  beta_y RESTORED TO VARIABLE.
                   PARAMETER   11  alpha_y RESTORED TO VARIABLE.
                   PARAMETER   10  beta_2CBO RESTORED TO VARIABLE.
                   PARAMETER    6  alpha_CBO RESTORED TO VARIABLE.
                   PARAMETER    4  phi RESTORED TO VARIABLE.
                   PARAMETER    3  A0 RESTORED TO VARIABLE.
                   PARAMETER    1  N0 RESTORED TO VARIABLE.
 **********
 **   43 **FIX           10
 **********
 **********
 **   44 **FIX           11
 **********
 **********
 **   45 **FIX           12
 **********
 PARAMETER   12  IS CONSTANT.   IGNORED.
 **********
 **   46 **FIX           13
 **********
 **********
 **   47 **FIX           14
 **********
 **********
 **   48 **FIX           15
 **********
 PARAMETER   15  IS CONSTANT.   IGNORED.
 **********
 **   49 **FIX           16
 **********
 **********
 **   50 **MIGRAD
 **********
 START MIGRAD MINIMIZATION.  STRATEGY  1.  CONVERGENCE WHEN EDM .LT. 1.00e-04
 FCN=54.2496 FROM MIGRAD    STATUS=INITIATE       24 CALLS        1247 TOTAL
                     EDM= unknown      STRATEGY= 1      NO ERROR MATRIX       
  EXT PARAMETER               CURRENT GUESS       STEP         FIRST   
  NO.   NAME      VALUE            ERROR          SIZE      DERIVATIVE 
   1  N0           3.45236e+06   1.37001e+03   1.37001e+03  -7.24202e-05
   2  tau          6.44025e+01   constant   
   3  A0           3.52782e-01   5.25383e-04   5.25383e-04   1.50840e+03
   4  phi          4.13487e+00   1.54917e-03   1.54917e-03   2.41825e+03
   5  R           -6.08848e+01   constant   
   6  alpha_CBO    1.83806e-03   5.55857e-04   5.55857e-04  -1.23584e+02
   7  w_CBO        2.32500e+00   constant   
   8  beta_CBO    -3.84958e-03   5.22081e-04   1.88200e-06   3.48957e-01
   9  alpha_2CBO  -3.00671e-04   5.46942e-04   1.93361e-06  -8.93968e-01
  10  beta_2CBO    3.92037e-04     fixed    
  11  alpha_y      0.00000e+00     fixed    
  12  w_y          1.38860e+01   constant   
  13  beta_y      -6.38420e-04     fixed    
  14  alpha_vw     0.00000e+00     fixed    
  15  w_vw         1.43404e+01   constant   
  16  beta_vw      0.00000e+00     fixed    
  17  LM          -3.36503e-05   constant   
  18  zeta_y       0.00000e+00   constant   
  19  zeta_vw      0.00000e+00   constant   
  20  T_CBO        4.30456e+02   3.18140e+02   1.70500e-03  -6.07310e-03
  21  alpha_A0     9.99769e-03   1.99680e-02   2.43666e-02  -6.90586e-04
  22  beta_A0      4.88682e-03   4.85995e-03   1.76005e-03  -1.25674e-03
  23  alpha_phi    2.80197e-03   4.24779e-03   1.53917e-03   2.47029e-03
  24  beta_phi     2.07183e-03   3.87648e-03   1.41981e-03   4.51617e-03
 MIGRAD MINIMIZATION HAS CONVERGED.
 FCN=50.21 FROM MIGRAD    STATUS=CONVERGED     204 CALLS        1427 TOTAL
                     EDM=1.35203e-06    STRATEGY= 1  ERROR MATRIX UNCERTAINTY   2.2 per cent
  EXT PARAMETER                                   STEP         FIRST   
  NO.   NAME      VALUE            ERROR          SIZE      DERIVATIVE 
   1  N0           3.45236e+06   1.38070e+03   2.26872e-01  -2.22613e-07
   2  tau          6.44025e+01   constant   
   3  A0           3.52532e-01   5.35603e-04  -6.63694e-07  -1.22861e+00
   4  phi          4.13168e+00   1.62044e-03   1.58479e-07   1.76856e-01
   5  R           -6.08848e+01   constant   
   6  alpha_CBO    1.83656e-03   5.44544e-04  -3.19897e-07   1.68418e-01
   7  w_CBO        2.32500e+00   constant   
   8  beta_CBO    -4.13431e-03   5.38428e-04  -1.28720e-06  -1.91386e-01
   9  alpha_2CBO  -3.16024e-04   5.37609e-04   7.88429e-07  -3.97364e-01
  10  beta_2CBO    3.92037e-04     fixed    
  11  alpha_y      0.00000e+00     fixed    
  12  w_y          1.38860e+01   constant   
  13  beta_y      -6.38420e-04     fixed    
  14  alpha_vw     0.00000e+00     fixed    
  15  w_vw         1.43404e+01   constant   
  16  beta_vw      0.00000e+00     fixed    
  17  LM          -3.36503e-05   constant   
  18  zeta_y       0.00000e+00   constant   
  19  zeta_vw      0.00000e+00   constant   
  20  T_CBO        3.86766e+02   2.08366e+02   6.01186e-04  -2.88105e-03
  21  alpha_A0     9.52309e-03   1.88845e-02  -4.17337e-03  -9.63901e-04
  22  beta_A0      5.36036e-03   4.06149e-03   1.50739e-03   1.40355e-04
  23  alpha_phi    2.53186e-03   4.17226e-03   9.09020e-04  -2.80874e-03
  24  beta_phi     3.27645e-03   3.88254e-03  -5.63090e-04   4.22341e-04
 EXTERNAL ERROR MATRIX.    NDIM=  25    NPAR= 11    ERR DEF=1
  1.906e+06 
 -9.478e-02  2.869e-07 
  1.069e-01  2.372e-08  2.626e-06 
 -4.482e-02  1.387e-08  7.572e-09  2.965e-07 
  5.987e-03  4.727e-09  2.300e-07  3.810e-10  2.899e-07 
 -4.228e-05  9.662e-09  1.034e-08  3.953e-09  6.993e-09  2.890e-07 
  3.938e+04 -5.160e-03  4.066e-02  1.905e-04  7.497e-03 -3.200e-03  4.636e+04 
 -1.562e+00  4.227e-07  1.355e-07  1.385e-07 -1.693e-07  1.239e-07 -9.890e-01  4.631e-05 
  1.422e+00 -3.719e-07 -1.555e-07 -9.323e-08 -1.912e-08 -1.471e-07 -6.333e-02 -2.922e-08  1.795e-05 
  1.095e+00 -3.247e-07  3.870e-07 -9.136e-08 -7.057e-08 -2.107e-08 -4.069e-03 -7.296e-07  1.744e-06  1.861e-05 
  1.047e-01 -1.662e-07 -9.396e-07 -2.161e-08 -2.230e-07 -1.341e-07 -6.737e-02  1.106e-06  4.564e-07 -7.837e-07  1.601e-05 
 PARAMETER  CORRELATION COEFFICIENTS  
       NO.  GLOBAL      1      3      4      6      8      9     20     21     22     23     24
        1  0.34881   1.000 -0.128  0.048 -0.060  0.008 -0.000  0.132 -0.166  0.243  0.184  0.019
        3  0.25852  -0.128  1.000  0.027  0.048  0.016  0.034 -0.045  0.116 -0.164 -0.141 -0.078
        4  0.33588   0.048  0.027  1.000  0.009  0.264  0.012  0.117  0.012 -0.023  0.055 -0.145
        6  0.08993  -0.060  0.048  0.009  1.000  0.001  0.014  0.002  0.037 -0.040 -0.039 -0.010
        8  0.28071   0.008  0.016  0.264  0.001  1.000  0.024  0.065 -0.046 -0.008 -0.030 -0.104
        9  0.10419  -0.000  0.034  0.012  0.014  0.024  1.000 -0.028  0.034 -0.065 -0.009 -0.062
       20  0.69254   0.132 -0.045  0.117  0.002  0.065 -0.028  1.000 -0.675 -0.069 -0.004 -0.078
       21  0.69145  -0.166  0.116  0.012  0.037 -0.046  0.034 -0.675  1.000 -0.001 -0.025  0.041
       22  0.30719   0.243 -0.164 -0.023 -0.040 -0.008 -0.065 -0.069 -0.001  1.000  0.095  0.027
       23  0.24235   0.184 -0.141  0.055 -0.039 -0.030 -0.009 -0.004 -0.025  0.095  1.000 -0.045
       24  0.20586   0.019 -0.078 -0.145 -0.010 -0.104 -0.062 -0.078  0.041  0.027 -0.045  1.000
MINUIT - FIT ONLY 1-y
 **********
 **   51 **RES 
 **********
                   PARAMETER   16  beta_vw RESTORED TO VARIABLE.
                   PARAMETER   14  alpha_vw RESTORED TO VARIABLE.
                   PARAMETER   13  beta_y RESTORED TO VARIABLE.
                   PARAMETER   11  alpha_y RESTORED TO VARIABLE.
                   PARAMETER   10  beta_2CBO RESTORED TO VARIABLE.
 **********
 **   52 **FIX            0
 **********
 PARAMETER    0  IS UNDEFINED. IGNORED.
 **********
 **   53 **FIX            1
 **********
 **********
 **   54 **FIX            2
 **********
 PARAMETER    2  IS CONSTANT.   IGNORED.
 **********
 **   55 **FIX            3
 **********
 **********
 **   56 **FIX            4
 **********
 **********
 **   57 **FIX            5
 **********
 PARAMETER    5  IS CONSTANT.   IGNORED.
 **********
 **   58 **FIX            6
 **********
 **********
 **   59 **FIX            7
 **********
 PARAMETER    7  IS CONSTANT.   IGNORED.
 **********
 **   60 **FIX            8
 **********
 **********
 **   61 **FIX            9
 **********
 **********
 **   62 **FIX           13
 **********
 **********
 **   63 **FIX           14
 **********
 **********
 **   64 **FIX           15
 **********
 PARAMETER   15  IS CONSTANT.   IGNORED.
 **********
 **   65 **FIX           16
 **********
 **********
 **   66 **MIGRAD
 **********
 START MIGRAD MINIMIZATION.  STRATEGY  1.  CONVERGENCE WHEN EDM .LT. 1.00e-04
 FCN=50.21 FROM MIGRAD    STATUS=INITIATE       16 CALLS        1443 TOTAL
                     EDM= unknown      STRATEGY= 1      NO ERROR MATRIX       
  EXT PARAMETER               CURRENT GUESS       STEP         FIRST   
  NO.   NAME      VALUE            ERROR          SIZE      DERIVATIVE 
   1  N0           3.45236e+06     fixed    
   2  tau          6.44025e+01   constant   
   3  A0           3.52532e-01     fixed    
   4  phi          4.13168e+00     fixed    
   5  R           -6.08848e+01   constant   
   6  alpha_CBO    1.83656e-03     fixed    
   7  w_CBO        2.32500e+00   constant   
   8  beta_CBO    -4.13431e-03     fixed    
   9  alpha_2CBO  -3.16024e-04     fixed    
  10  beta_2CBO    3.92037e-04   5.42318e-04   5.42318e-04   1.35121e+03
  11  alpha_y      0.00000e+00   1.00000e-03   1.00000e-03  -2.22265e+03
  12  w_y          1.38860e+01   constant   
  13  beta_y      -6.38420e-04     fixed    
  14  alpha_vw     0.00000e+00     fixed    
  15  w_vw         1.43404e+01   constant   
  16  beta_vw      0.00000e+00     fixed    
  17  LM          -3.36503e-05   constant   
  18  zeta_y       0.00000e+00   constant   
  19  zeta_vw      0.00000e+00   constant   
  20  T_CBO        3.86766e+02   2.08366e+02   6.01186e-04  -2.88109e-03
  21  alpha_A0     9.52309e-03   1.88845e-02  -4.17337e-03  -9.62644e-04
  22  beta_A0      5.36036e-03   4.06149e-03   1.50739e-03   1.40338e-04
  23  alpha_phi    2.53186e-03   4.17226e-03   9.09020e-04  -2.80874e-03
  24  beta_phi     3.27645e-03   3.88254e-03  -5.63090e-04   4.22347e-04
 MIGRAD MINIMIZATION HAS CONVERGED.
 MIGRAD WILL VERIFY CONVERGENCE AND ERROR MATRIX.
 COVARIANCE MATRIX CALCULATED SUCCESSFULLY
 FCN=49.7326 FROM MIGRAD    STATUS=CONVERGED     133 CALLS        1560 TOTAL
                     EDM=8.34305e-08    STRATEGY= 1      ERROR MATRIX ACCURATE 
  EXT PARAMETER                                   STEP         FIRST   
  NO.   NAME      VALUE            ERROR          SIZE      DERIVATIVE 
   1  N0           3.45236e+06     fixed    
   2  tau          6.44025e+01   constant   
   3  A0           3.52532e-01     fixed    
   4  phi          4.13168e+00     fixed    
   5  R           -6.08848e+01   constant   
   6  alpha_CBO    1.83656e-03     fixed    
   7  w_CBO        2.32500e+00   constant   
   8  beta_CBO    -4.13431e-03     fixed    
   9  alpha_2CBO  -3.16024e-04     fixed    
  10  beta_2CBO    1.99924e-04   5.38156e-04   1.82863e-06   1.76911e-01
  11  alpha_y      3.12881e-04   5.32430e-04   1.85113e-06  -1.38535e-01
  12  w_y          1.38860e+01   constant   
  13  beta_y      -6.38420e-04     fixed    
  14  alpha_vw     0.00000e+00     fixed    
  15  w_vw         1.43404e+01   constant   
  16  beta_vw      0.00000e+00     fixed    
  17  LM          -3.36503e-05   constant   
  18  zeta_y       0.00000e+00   constant   
  19  zeta_vw      0.00000e+00   constant   
  20  T_CBO        3.80618e+02   6.60229e+02   1.44160e-03  -5.59188e-04
  21  alpha_A0     9.32645e-03   1.48042e-02   4.46532e-03  -2.21431e-04
  22  beta_A0      5.49148e-03   1.22099e-02   1.92476e-03   2.95751e-06
  23  alpha_phi    2.49398e-03   1.61097e-02   1.59675e-03  -4.11811e-04
  24  beta_phi     3.14692e-03   1.53217e-02   1.53031e-03   2.01434e-04
 EXTERNAL ERROR MATRIX.    NDIM=  25    NPAR=  7    ERR DEF=1
  2.896e-07  3.140e-09  2.818e-02 -6.717e-08 -3.358e-07 -7.469e-08  1.091e-07 
  3.140e-09  2.835e-07 -8.791e-03  1.545e-07  1.383e-07  1.910e-08  7.567e-08 
  2.818e-02 -8.791e-03  1.550e+07 -2.846e+02 -1.688e+02 -7.647e+01 -9.627e+01 
 -6.717e-08  1.545e-07 -2.846e+02  5.248e-03  3.098e-03  1.404e-03  1.769e-03 
 -3.358e-07  1.383e-07 -1.688e+02  3.098e-03  1.860e-03  8.338e-04  1.049e-03 
 -7.469e-08  1.910e-08 -7.647e+01  1.404e-03  8.338e-04  3.971e-04  4.756e-04 
  1.091e-07  7.567e-08 -9.627e+01  1.769e-03  1.049e-03  4.756e-04  6.157e-04 
 PARAMETER  CORRELATION COEFFICIENTS  
       NO.  GLOBAL     10     11     20     21     22     23     24
       10  0.21314   1.000  0.011  0.013 -0.002 -0.014 -0.007  0.008
       11  0.02533   0.011  1.000 -0.004  0.004  0.006  0.002  0.006
       20  0.99869   0.013 -0.004  1.000 -0.998 -0.994 -0.975 -0.985
       21  0.99797  -0.002  0.004 -0.998  1.000  0.992  0.973  0.984
       22  0.99423  -0.014  0.006 -0.994  0.992  1.000  0.970  0.981
       23  0.97478  -0.007  0.002 -0.975  0.973  0.970  1.000  0.962
       24  0.98573   0.008  0.006 -0.985  0.984  0.981  0.962  1.000
MINUIT - FIT ONLY 2-y
 **********
 **   67 **RES 
 **********
                   PARAMETER   16  beta_vw RESTORED TO VARIABLE.
                   PARAMETER   14  alpha_vw RESTORED TO VARIABLE.
                   PARAMETER   13  beta_y RESTORED TO VARIABLE.
                   PARAMETER    9  alpha_2CBO RESTORED TO VARIABLE.
                   PARAMETER    8  beta_CBO RESTORED TO VARIABLE.
                   PARAMETER    6  alpha_CBO RESTORED TO VARIABLE.
                   PARAMETER    4  phi RESTORED TO VARIABLE.
                   PARAMETER    3  A0 RESTORED TO VARIABLE.
                   PARAMETER    1  N0 RESTORED TO VARIABLE.
 **********
 **   68 **FIX            0
 **********
 PARAMETER    0  IS UNDEFINED. IGNORED.
 **********
 **   69 **FIX            1
 **********
 **********
 **   70 **FIX            2
 **********
 PARAMETER    2  IS CONSTANT.   IGNORED.
 **********
 **   71 **FIX            3
 **********
 **********
 **   72 **FIX            4
 **********
 **********
 **   73 **FIX            5
 **********
 PARAMETER    5  IS CONSTANT.   IGNORED.
 **********
 **   74 **FIX            6
 **********
 **********
 **   75 **FIX            7
 **********
 PARAMETER    7  IS CONSTANT.   IGNORED.
 **********
 **   76 **FIX            8
 **********
 **********
 **   77 **FIX            9
 **********
 **********
 **   78 **FIX           10
 **********
 **********
 **   79 **FIX           11
 **********
 **********
 **   80 **FIX           12
 **********
 PARAMETER   12  IS CONSTANT.   IGNORED.
 **********
 **   81 **FIX           16
 **********
 **********
 **   82 **MIGRAD
 **********
 START MIGRAD MINIMIZATION.  STRATEGY  1.  CONVERGENCE WHEN EDM .LT. 1.00e-04
 FCN=49.7326 FROM MIGRAD    STATUS=INITIATE       16 CALLS        1576 TOTAL
                     EDM= unknown      STRATEGY= 1      NO ERROR MATRIX       
  EXT PARAMETER               CURRENT GUESS       STEP         FIRST   
  NO.   NAME      VALUE            ERROR          SIZE      DERIVATIVE 
   1  N0           3.45236e+06     fixed    
   2  tau          6.44025e+01   constant   
   3  A0           3.52532e-01     fixed    
   4  phi          4.13168e+00     fixed    
   5  R           -6.08848e+01   constant   
   6  alpha_CBO    1.83656e-03     fixed    
   7  w_CBO        2.32500e+00   constant   
   8  beta_CBO    -4.13431e-03     fixed    
   9  alpha_2CBO  -3.16024e-04     fixed    
  10  beta_2CBO    1.99924e-04     fixed    
  11  alpha_y      3.12881e-04     fixed    
  12  w_y          1.38860e+01   constant   
  13  beta_y      -6.38420e-04   5.24490e-04   5.24490e-04   1.41458e+02
  14  alpha_vw     0.00000e+00   1.00000e-03   1.00000e-03  -3.64791e+03
  15  w_vw         1.43404e+01   constant   
  16  beta_vw      0.00000e+00     fixed    
  17  LM          -3.36503e-05   constant   
  18  zeta_y       0.00000e+00   constant   
  19  zeta_vw      0.00000e+00   constant   
  20  T_CBO        3.80618e+02   6.60229e+02   1.44160e-03  -5.74818e-04
  21  alpha_A0     9.32645e-03   1.48042e-02   4.46532e-03  -2.26534e-04
  22  beta_A0      5.49148e-03   1.22099e-02   1.92476e-03   1.75412e-06
  23  alpha_phi    2.49398e-03   1.61097e-02   1.59675e-03  -4.14803e-04
  24  beta_phi     3.14692e-03   1.53217e-02   1.53031e-03   1.97584e-04
 MIGRAD MINIMIZATION HAS CONVERGED.
 MIGRAD WILL VERIFY CONVERGENCE AND ERROR MATRIX.
 COVARIANCE MATRIX CALCULATED SUCCESSFULLY
 FCN=48.7185 FROM MIGRAD    STATUS=CONVERGED     113 CALLS        1673 TOTAL
                     EDM=5.39816e-05    STRATEGY= 1      ERROR MATRIX ACCURATE 
  EXT PARAMETER                                   STEP         FIRST   
  NO.   NAME      VALUE            ERROR          SIZE      DERIVATIVE 
   1  N0           3.45236e+06     fixed    
   2  tau          6.44025e+01   constant   
   3  A0           3.52532e-01     fixed    
   4  phi          4.13168e+00     fixed    
   5  R           -6.08848e+01   constant   
   6  alpha_CBO    1.83656e-03     fixed    
   7  w_CBO        2.32500e+00   constant   
   8  beta_CBO    -4.13431e-03     fixed    
   9  alpha_2CBO  -3.16024e-04     fixed    
  10  beta_2CBO    1.99924e-04     fixed    
  11  alpha_y      3.12881e-04     fixed    
  12  w_y          1.38860e+01   constant   
  13  beta_y      -7.94022e-04   5.43715e-04   1.81249e-06   1.00006e+00
  14  alpha_vw     5.50473e-04   5.46495e-04   1.82220e-06   3.74109e+00
  15  w_vw         1.43404e+01   constant   
  16  beta_vw      0.00000e+00     fixed    
  17  LM          -3.36503e-05   constant   
  18  zeta_y       0.00000e+00   constant   
  19  zeta_vw      0.00000e+00   constant   
  20  T_CBO        3.82690e+02   7.25540e+02   1.43376e-03  -9.52694e-04
  21  alpha_A0     9.36576e-03   1.30428e-02   4.59166e-03  -2.06293e-03
  22  beta_A0      5.53241e-03   1.43022e-02   1.90466e-03   2.25209e-03
  23  alpha_phi    2.45825e-03   1.57162e-02   1.57071e-03   5.84162e-04
  24  beta_phi     3.16836e-03   1.65272e-02   1.50827e-03   2.69073e-03
 EXTERNAL ERROR MATRIX.    NDIM=  25    NPAR=  7    ERR DEF=1
  2.956e-07 -7.386e-08  1.329e-03 -1.014e-07 -3.346e-08 -6.472e-09 -1.188e-08 
 -7.386e-08  2.987e-07 -3.630e-03  1.078e-07  7.193e-08  3.064e-09  3.986e-08 
  1.329e-03 -3.630e-03  6.675e+06 -1.212e+02 -7.253e+01 -3.213e+01 -4.130e+01 
 -1.014e-07  1.078e-07 -1.212e+02  2.220e-03  1.315e-03  5.832e-04  7.505e-04 
 -3.346e-08  7.193e-08 -7.253e+01  1.315e-03  8.096e-04  3.502e-04  4.499e-04 
 -6.472e-09  3.064e-09 -3.213e+01  5.832e-04  3.502e-04  1.744e-04  1.995e-04 
 -1.188e-08  3.986e-08 -4.130e+01  7.505e-04  4.499e-04  1.995e-04  2.730e-04 
 PARAMETER  CORRELATION COEFFICIENTS  
       NO.  GLOBAL     13     14     20     21     22     23     24
       13  0.25009   1.000 -0.249  0.001 -0.004 -0.002 -0.001 -0.001
       14  0.24918  -0.249  1.000 -0.003  0.004  0.005  0.000  0.004
       20  0.99695   0.001 -0.003  1.000 -0.995 -0.987 -0.942 -0.968
       21  0.99525  -0.004  0.004 -0.995  1.000  0.981  0.937  0.964
       22  0.98681  -0.002  0.005 -0.987  0.981  1.000  0.932  0.957
       23  0.94207  -0.001  0.000 -0.942  0.937  0.932  1.000  0.914
       24  0.96777  -0.001  0.004 -0.968  0.964  0.957  0.914  1.000
MINUIT - FIT ALTOGETHER
 **********
 **   83 **RES 
 **********
                   PARAMETER   16  beta_vw RESTORED TO VARIABLE.
