 + ++++++++++++++++++++++++++++++++++++++++++++++++++++++++++++++++++++ +
 +                                                                      +
 +           You have chose to blind your fitting according to          +
 +                omega_ref * (1 + (R +/- deltaR) *10^{-6})             +
 +                                                                      +
 + ++++++++++++++++++++++++++++++++++++++++++++++++++++++++++++++++++++ +
In main()...
reading format from /gm2data/zkhechad/run45/envelope/formats/formatB_sBin_constraintOn.txt
pBinTau 	= 0  
pBinPhi 	= 0  
constraintau 	= 1 
includeMopTerm 	= 0    
constrainMop    = 0   
Parameters after format file: pBinTau 0 pBinPhi 0 constraintau 1 includeMopTerm 0 constrainMop 0 c_e_scale 0.000000 
Opening file /gm2data/tbarrett/gm2fr/studies/run23_bunch_corrections/CorrectedFourier_Run3b.root.
reading full fit data from /gm2data/zkhechad/cboTemplates/Run4CBOTemplates/fullFits/noRF/sBin_constraintOn_cE0.0_seed0_noRF_calo9.root
windowBins = 69
fitting sliding window 2590 from bin 2726 at 406.570000 to bin 2795 at 417.014000 (69 bins)

Reading data from /gm2data/cornell/histograms/aMethod/histogram_a_noRF.root
 **********
 **    1 **SET PRINTOUT            1
 **********
 **********
 **    2 **SET NOWARNINGS 
 **********
 PARAMETER DEFINITIONS:
    NO.   NAME         VALUE      STEP SIZE      LIMITS
     1 N0           2.88206e+06  1.00000e+02     no limits
     2 tau          6.44106e+01  constant
     3 A0           3.51420e-01  1.00000e-04     no limits
     4 phi          4.11705e+00  1.00000e-02     no limits
     5 R           -5.98157e+01  constant
     6 alpha_CBO    0.00000e+00  1.00000e-03     no limits
     7 w_CBO        2.32500e+00  constant
     8 beta_CBO     0.00000e+00  1.00000e-03     no limits
     9 alpha_2CBO   0.00000e+00  1.00000e-03     no limits
    10 beta_2CBO    0.00000e+00  1.00000e-03     no limits
    11 alpha_y      0.00000e+00  1.00000e-03     no limits
    12 w_y          1.38860e+01  constant
    13 beta_y       0.00000e+00  1.00000e-03     no limits
    14 alpha_vw     0.00000e+00  1.00000e-03     no limits
    15 w_vw         1.43404e+01  constant
    16 beta_vw      0.00000e+00  1.00000e-03     no limits
    17 LM           1.60296e-04  constant
    18 zeta_y       0.00000e+00  constant
    19 zeta_vw      0.00000e+00  constant
    20 T_CBO        1.00000e+02  1.00000e+00    0.00000e+00  1.00000e+03
    21 alpha_A0     0.00000e+00  1.00000e-04   -1.00000e-02  1.00000e-02
    22 beta_A0      0.00000e+00  1.00000e-04   -1.00000e-02  1.00000e-02
    23 alpha_phi    0.00000e+00  1.00000e-04   -1.00000e-02  1.00000e-02
    24 beta_phi     0.00000e+00  1.00000e-04   -1.00000e-02  1.00000e-02
MINUIT - FIT ONLY WIGGLE
 **********
 **    3 **FIX            5
 **********
 PARAMETER    5  IS CONSTANT.   IGNORED.
 **********
 **    4 **FIX            6
 **********
 **********
 **    5 **FIX            7
 **********
 PARAMETER    7  IS CONSTANT.   IGNORED.
 **********
 **    6 **FIX            8
 **********
 **********
 **    7 **FIX            9
 **********
 **********
 **    8 **FIX           10
 **********
 **********
 **    9 **FIX           11
 **********
 **********
 **   10 **FIX           12
 **********
 PARAMETER   12  IS CONSTANT.   IGNORED.
 **********
 **   11 **FIX           13
 **********
 **********
 **   12 **FIX           14
 **********
 **********
 **   13 **FIX           15
 **********
 PARAMETER   15  IS CONSTANT.   IGNORED.
 **********
 **   14 **FIX           16
 **********
 **********
 **   15 **MIGRAD
 **********
 FIRST CALL TO USER FUNCTION AT NEW START POINT, WITH IFLAG=4.
 START MIGRAD MINIMIZATION.  STRATEGY  1.  CONVERGENCE WHEN EDM .LT. 1.00e-04
 FCN=79.5485 FROM MIGRAD    STATUS=INITIATE      437 CALLS         438 TOTAL
                     EDM= unknown      STRATEGY= 1      NO ERROR MATRIX       
  EXT PARAMETER               CURRENT GUESS       STEP         FIRST   
  NO.   NAME      VALUE            ERROR          SIZE      DERIVATIVE 
   1  N0           2.88206e+06   1.00000e+02   0.00000e+00   1.19115e-03
   2  tau          6.44106e+01   constant   
   3  A0           3.51420e-01   1.00000e-04   0.00000e+00   4.63854e+02
   4  phi          4.11705e+00   1.00000e-02   0.00000e+00  -1.29786e+02
   5  R           -5.98157e+01   constant   
   6  alpha_CBO    0.00000e+00     fixed    
   7  w_CBO        2.32500e+00   constant   
   8  beta_CBO     0.00000e+00     fixed    
   9  alpha_2CBO   0.00000e+00     fixed    
  10  beta_2CBO    0.00000e+00     fixed    
  11  alpha_y      0.00000e+00     fixed    
  12  w_y          1.38860e+01   constant   
  13  beta_y       0.00000e+00     fixed    
  14  alpha_vw     0.00000e+00     fixed    
  15  w_vw         1.43404e+01   constant   
  16  beta_vw      0.00000e+00     fixed    
  17  LM           1.60296e-04   constant   
  18  zeta_y       0.00000e+00   constant   
  19  zeta_vw      0.00000e+00   constant   
  20  T_CBO        1.00000e+02   1.00000e+00   0.00000e+00   0.00000e+00
  21  alpha_A0     0.00000e+00   1.00000e-04   0.00000e+00  -6.47553e-02
  22  beta_A0      0.00000e+00   1.00000e-04   0.00000e+00  -5.17386e-02
  23  alpha_phi    0.00000e+00   1.00000e-04   0.00000e+00  -8.88130e-03
  24  beta_phi     0.00000e+00   1.00000e-04   0.00000e+00  -4.49011e-02
 MIGRAD MINIMIZATION HAS CONVERGED.
 FCN=73.3757 FROM MIGRAD    STATUS=CONVERGED     825 CALLS         826 TOTAL
                     EDM=3.22527e-06    STRATEGY= 1  ERROR MATRIX UNCERTAINTY   1.2 per cent
  EXT PARAMETER                                   STEP         FIRST   
  NO.   NAME      VALUE            ERROR          SIZE      DERIVATIVE 
   1  N0           2.87606e+06   3.20392e+03   3.19542e+00  -5.74093e-08
   2  tau          6.44106e+01   constant   
   3  A0           3.50736e-01   1.38602e-03  -7.52451e-09   7.10024e-01
   4  phi          4.11732e+00   4.15123e-03   4.70475e-06   1.69424e-01
   5  R           -5.98157e+01   constant   
   6  alpha_CBO    0.00000e+00     fixed    
   7  w_CBO        2.32500e+00   constant   
   8  beta_CBO     0.00000e+00     fixed    
   9  alpha_2CBO   0.00000e+00     fixed    
  10  beta_2CBO    0.00000e+00     fixed    
  11  alpha_y      0.00000e+00     fixed    
  12  w_y          1.38860e+01   constant   
  13  beta_y       0.00000e+00     fixed    
  14  alpha_vw     0.00000e+00     fixed    
  15  w_vw         1.43404e+01   constant   
  16  beta_vw      0.00000e+00     fixed    
  17  LM           1.60296e-04   constant   
  18  zeta_y       0.00000e+00   constant   
  19  zeta_vw      0.00000e+00   constant   
  20  T_CBO        6.27575e+02   7.96478e+02   3.01480e-03   4.10353e-04
  21  alpha_A0     8.62343e-03   1.83892e-02  -3.75247e-03   8.39511e-05
  22  beta_A0      9.99801e-03   1.51875e-02   3.87100e-05  -3.02488e-04
  23  alpha_phi    2.19103e-03   1.46490e-02  -2.66342e-03  -1.62194e-03
  24  beta_phi     9.99352e-03   1.64990e-02  -1.18587e-02   6.43596e-04
 EXTERNAL ERROR MATRIX.    NDIM=  25    NPAR=  8    ERR DEF=1
  1.027e+07  5.531e-01  1.853e+00 -3.771e+05  8.482e+00 -2.458e-01 -4.693e-01 -3.972e-01 
  5.531e-01  1.921e-06 -3.278e-07 -3.601e-03  2.046e-07  2.209e-09 -7.277e-07 -2.550e-07 
  1.853e+00 -3.278e-07  1.723e-05 -7.003e-02  3.652e-06 -3.829e-07  2.993e-06 -5.420e-07 
 -3.771e+05 -3.601e-03 -7.003e-02  4.945e+05 -4.396e+00  5.602e-01 -1.253e+00  4.638e-01 
  8.482e+00  2.046e-07  3.652e-06 -4.396e+00  1.019e-04 -5.322e-06  2.709e-05 -1.571e-06 
 -2.458e-01  2.209e-09 -3.829e-07  5.602e-01 -5.322e-06  2.470e-06  5.337e-07  3.623e-06 
 -4.693e-01 -7.277e-07  2.993e-06 -1.253e+00  2.709e-05  5.337e-07  9.738e-05  7.206e-06 
 -3.972e-01 -2.550e-07 -5.420e-07  4.638e-01 -1.571e-06  3.623e-06  7.206e-06  8.699e-06 
 PARAMETER  CORRELATION COEFFICIENTS  
       NO.  GLOBAL      1      3      4     20     21     22     23     24
        1  0.34179   1.000  0.125  0.139 -0.167  0.262 -0.049 -0.015 -0.042
        3  0.17916   0.125  1.000 -0.057 -0.004  0.015  0.001 -0.053 -0.062
        4  0.19549   0.139 -0.057  1.000 -0.024  0.087 -0.059  0.073 -0.044
       20  0.70792  -0.167 -0.004 -0.024  1.000 -0.619  0.507 -0.181  0.224
       21  0.68083   0.262  0.015  0.087 -0.619  1.000 -0.336  0.272 -0.053
       22  0.86424  -0.049  0.001 -0.059  0.507 -0.336  1.000  0.034  0.782
       23  0.41530  -0.015 -0.053  0.073 -0.181  0.272  0.034  1.000  0.248
       24  0.83557  -0.042 -0.062 -0.044  0.224 -0.053  0.782  0.248  1.000
MINUIT - FIT ONLY 1-CBO + wiggle
 **********
 **   16 **RES 
 **********
                   PARAMETER   16  beta_vw RESTORED TO VARIABLE.
                   PARAMETER   14  alpha_vw RESTORED TO VARIABLE.
                   PARAMETER   13  beta_y RESTORED TO VARIABLE.
                   PARAMETER   11  alpha_y RESTORED TO VARIABLE.
                   PARAMETER   10  beta_2CBO RESTORED TO VARIABLE.
                   PARAMETER    9  alpha_2CBO RESTORED TO VARIABLE.
                   PARAMETER    8  beta_CBO RESTORED TO VARIABLE.
                   PARAMETER    6  alpha_CBO RESTORED TO VARIABLE.
 **********
 **   17 **FIX            8
 **********
 **********
 **   18 **FIX            9
 **********
 **********
 **   19 **FIX           11
 **********
 **********
 **   20 **FIX           12
 **********
 PARAMETER   12  IS CONSTANT.   IGNORED.
 **********
 **   21 **FIX           14
 **********
 **********
 **   22 **FIX           15
 **********
 PARAMETER   15  IS CONSTANT.   IGNORED.
 **********
 **   23 **FIX           16
 **********
 **********
 **   24 **MIGRAD
 **********
 START MIGRAD MINIMIZATION.  STRATEGY  1.  CONVERGENCE WHEN EDM .LT. 1.00e-04
 FCN=73.3757 FROM MIGRAD    STATUS=INITIATE       28 CALLS         854 TOTAL
                     EDM= unknown      STRATEGY= 1      NO ERROR MATRIX       
  EXT PARAMETER               CURRENT GUESS       STEP         FIRST   
  NO.   NAME      VALUE            ERROR          SIZE      DERIVATIVE 
   1  N0           2.87606e+06   3.20392e+03   3.19542e+00  -5.74093e-08
   2  tau          6.44106e+01   constant   
   3  A0           3.50736e-01   1.38602e-03  -7.52451e-09   7.10024e-01
   4  phi          4.11732e+00   4.15123e-03   4.70475e-06   1.69424e-01
   5  R           -5.98157e+01   constant   
   6  alpha_CBO    0.00000e+00   1.00000e-03   1.00000e-03  -3.33815e+03
   7  w_CBO        2.32500e+00   constant   
   8  beta_CBO     0.00000e+00     fixed    
   9  alpha_2CBO   0.00000e+00     fixed    
  10  beta_2CBO    0.00000e+00   1.00000e-03   1.00000e-03  -1.44745e+03
  11  alpha_y      0.00000e+00     fixed    
  12  w_y          1.38860e+01   constant   
  13  beta_y       0.00000e+00   1.00000e-03   1.00000e-03   6.93012e+02
  14  alpha_vw     0.00000e+00     fixed    
  15  w_vw         1.43404e+01   constant   
  16  beta_vw      0.00000e+00     fixed    
  17  LM           1.60296e-04   constant   
  18  zeta_y       0.00000e+00   constant   
  19  zeta_vw      0.00000e+00   constant   
  20  T_CBO        6.27575e+02   7.96478e+02   3.01480e-03   4.10085e-04
  21  alpha_A0     8.62343e-03   1.83892e-02  -3.75247e-03   8.45296e-05
  22  beta_A0      9.99801e-03   1.51875e-02   3.87100e-05  -3.09556e-04
  23  alpha_phi    2.19103e-03   1.46490e-02  -2.66342e-03  -1.62193e-03
  24  beta_phi     9.99352e-03   1.64990e-02  -1.18587e-02  -6.55633e-04
 MIGRAD MINIMIZATION HAS CONVERGED.
 FCN=64.9456 FROM MIGRAD    STATUS=CONVERGED     411 CALLS        1237 TOTAL
                     EDM=4.43617e-06    STRATEGY= 1  ERROR MATRIX UNCERTAINTY   1.4 per cent
  EXT PARAMETER                                   STEP         FIRST   
  NO.   NAME      VALUE            ERROR          SIZE      DERIVATIVE 
   1  N0           2.87573e+06   3.06886e+03  -3.20926e+00  -5.34414e-07
   2  tau          6.44106e+01   constant   
   3  A0           3.50280e-01   1.37326e-03   6.43678e-07   9.54472e-01
   4  phi          4.11983e+00   4.18279e-03  -2.26116e-06   5.63199e-02
   5  R           -5.98157e+01   constant   
   6  alpha_CBO    4.12399e-03   1.56218e-03   1.11315e-07  -1.41036e-02
   7  w_CBO        2.32500e+00   constant   
   8  beta_CBO     0.00000e+00     fixed    
   9  alpha_2CBO   0.00000e+00     fixed    
  10  beta_2CBO    1.73237e-03   1.52195e-03   8.27789e-07  -9.04316e-01
  11  alpha_y      0.00000e+00     fixed    
  12  w_y          1.38860e+01   constant   
  13  beta_y      -7.86110e-04   1.49398e-03  -6.11535e-07   3.93416e-01
  14  alpha_vw     0.00000e+00     fixed    
  15  w_vw         1.43404e+01   constant   
  16  beta_vw      0.00000e+00     fixed    
  17  LM           1.60296e-04   constant   
  18  zeta_y       0.00000e+00   constant   
  19  zeta_vw      0.00000e+00   constant   
  20  T_CBO        9.99999e+02   5.06072e+02  -3.18058e-02  -7.95004e-05
  21  alpha_A0     9.70169e-03   1.73774e-02  -3.29288e-03   7.77934e-04
  22  beta_A0      9.99997e-03   1.76897e-02   4.00096e-04   7.39970e-04
  23  alpha_phi    4.64598e-03   7.44295e-03   2.34397e-04  -5.39645e-04
  24  beta_phi     6.52121e-03   1.54575e-02  -3.53558e-04  -1.53775e-04
 EXTERNAL ERROR MATRIX.    NDIM=  25    NPAR= 11    ERR DEF=1
  9.418e+06 
  2.531e-01  1.886e-06 
  1.160e+00 -4.411e-07  1.750e-05 
 -3.510e-02 -2.548e-07  1.272e-06  2.440e-06 
 -7.179e-02  3.686e-08  1.031e-07  1.189e-08  2.316e-06 
 -2.771e-02 -9.433e-09  7.263e-08  2.189e-09 -4.266e-08  2.232e-06 
  2.463e+02  1.487e-04  3.004e-04 -3.561e-05 -6.418e-06 -2.289e-06  2.945e+01 
  6.602e+00  2.288e-07  4.045e-06  2.089e-06 -9.342e-07  2.098e-07 -2.558e-04  9.113e-05 
 -6.759e-03 -1.059e-09  2.757e-09 -1.517e-09 -4.060e-09  2.271e-09 -9.248e-07 -7.451e-08  3.200e-09 
 -2.573e+00 -1.984e-07  3.692e-06  2.338e-06 -1.422e-06  3.207e-07  1.750e-03 -2.812e-06 -5.979e-09  7.814e-05 
 -4.915e+00  1.139e-06 -4.514e-06 -3.786e-07 -5.243e-07 -1.644e-07  5.318e-04 -3.760e-06  1.155e-08 -9.841e-06  7.804e-05 
 PARAMETER  CORRELATION COEFFICIENTS  
       NO.  GLOBAL      1      3      4      6     10     13     20     21     22     23     24
        1  0.32141   1.000  0.060  0.090 -0.007 -0.015 -0.006  0.015  0.225 -0.039 -0.095 -0.181
        3  0.18278   0.060  1.000 -0.077 -0.119  0.018 -0.005  0.020  0.017 -0.014 -0.016  0.094
        4  0.26172   0.090 -0.077  1.000  0.195  0.016  0.012  0.013  0.101  0.012  0.100 -0.122
        6  0.30114  -0.007 -0.119  0.195  1.000  0.005  0.001 -0.004  0.140 -0.017  0.169 -0.027
       10  0.15994  -0.015  0.018  0.016  0.005  1.000 -0.019 -0.001 -0.064 -0.047 -0.106 -0.039
       13  0.04665  -0.006 -0.005  0.012  0.001 -0.019  1.000 -0.000  0.015  0.027  0.024 -0.012
       20  0.05180   0.015  0.020  0.013 -0.004 -0.001 -0.000  1.000 -0.005 -0.003  0.036  0.011
       21  0.31392   0.225  0.017  0.101  0.140 -0.064  0.015 -0.005  1.000 -0.138 -0.033 -0.045
       22  0.15745  -0.039 -0.014  0.012 -0.017 -0.047  0.027 -0.003 -0.138  1.000 -0.012  0.023
       23  0.28315  -0.095 -0.016  0.100  0.169 -0.106  0.024  0.036 -0.033 -0.012  1.000 -0.126
       24  0.27490  -0.181  0.094 -0.122 -0.027 -0.039 -0.012  0.011 -0.045  0.023 -0.126  1.000
MINUIT - FIT ONLY 2-CBO
 **********
 **   25 **RES 
 **********
                   PARAMETER   16  beta_vw RESTORED TO VARIABLE.
                   PARAMETER   14  alpha_vw RESTORED TO VARIABLE.
                   PARAMETER   11  alpha_y RESTORED TO VARIABLE.
                   PARAMETER    9  alpha_2CBO RESTORED TO VARIABLE.
                   PARAMETER    8  beta_CBO RESTORED TO VARIABLE.
 **********
 **   26 **FIX            0
 **********
 PARAMETER    0  IS UNDEFINED. IGNORED.
 **********
 **   27 **FIX            1
 **********
 **********
 **   28 **FIX            2
 **********
 PARAMETER    2  IS CONSTANT.   IGNORED.
 **********
 **   29 **FIX            3
 **********
 **********
 **   30 **FIX            4
 **********
 **********
 **   31 **FIX            5
 **********
 PARAMETER    5  IS CONSTANT.   IGNORED.
 **********
 **   32 **FIX            6
 **********
 **********
 **   33 **FIX            7
 **********
 PARAMETER    7  IS CONSTANT.   IGNORED.
 **********
 **   34 **FIX           10
 **********
 **********
 **   35 **FIX           11
 **********
 **********
 **   36 **FIX           12
 **********
 PARAMETER   12  IS CONSTANT.   IGNORED.
 **********
 **   37 **FIX           13
 **********
 **********
 **   38 **FIX           14
 **********
 **********
 **   39 **FIX           15
 **********
 PARAMETER   15  IS CONSTANT.   IGNORED.
 **********
 **   40 **FIX           16
 **********
 **********
 **   41 **MIGRAD
 **********
 START MIGRAD MINIMIZATION.  STRATEGY  1.  CONVERGENCE WHEN EDM .LT. 1.00e-04
 FCN=64.9456 FROM MIGRAD    STATUS=INITIATE       16 CALLS        1253 TOTAL
                     EDM= unknown      STRATEGY= 1      NO ERROR MATRIX       
  EXT PARAMETER               CURRENT GUESS       STEP         FIRST   
  NO.   NAME      VALUE            ERROR          SIZE      DERIVATIVE 
   1  N0           2.87573e+06     fixed    
   2  tau          6.44106e+01   constant   
   3  A0           3.50280e-01     fixed    
   4  phi          4.11983e+00     fixed    
   5  R           -5.98157e+01   constant   
   6  alpha_CBO    4.12399e-03     fixed    
   7  w_CBO        2.32500e+00   constant   
   8  beta_CBO     0.00000e+00   1.00000e-03   1.00000e-03   2.03004e+03
   9  alpha_2CBO   0.00000e+00   1.00000e-03   1.00000e-03   8.71557e+02
  10  beta_2CBO    1.73237e-03     fixed    
  11  alpha_y      0.00000e+00     fixed    
  12  w_y          1.38860e+01   constant   
  13  beta_y      -7.86110e-04     fixed    
  14  alpha_vw     0.00000e+00     fixed    
  15  w_vw         1.43404e+01   constant   
  16  beta_vw      0.00000e+00     fixed    
  17  LM           1.60296e-04   constant   
  18  zeta_y       0.00000e+00   constant   
  19  zeta_vw      0.00000e+00   constant   
  20  T_CBO        9.99999e+02   5.06072e+02  -3.18058e-02  -7.95007e-05
  21  alpha_A0     9.70169e-03   1.73774e-02  -3.29288e-03   7.80317e-04
  22  beta_A0      9.99997e-03   1.76897e-02   4.00096e-04  -7.39967e-04
  23  alpha_phi    4.64598e-03   7.44295e-03   2.34397e-04  -5.39647e-04
  24  beta_phi     6.52121e-03   1.54575e-02  -3.53558e-04  -1.53758e-04
 MIGRAD MINIMIZATION HAS CONVERGED.
 MIGRAD WILL VERIFY CONVERGENCE AND ERROR MATRIX.
 COVARIANCE MATRIX CALCULATED SUCCESSFULLY
 FCN=62.1383 FROM MIGRAD    STATUS=CONVERGED     156 CALLS        1393 TOTAL
                     EDM=2.59456e-07    STRATEGY= 1      ERROR MATRIX ACCURATE 
  EXT PARAMETER                                   STEP         FIRST   
  NO.   NAME      VALUE            ERROR          SIZE      DERIVATIVE 
   1  N0           2.87573e+06     fixed    
   2  tau          6.44106e+01   constant   
   3  A0           3.50280e-01     fixed    
   4  phi          4.11983e+00     fixed    
   5  R           -5.98157e+01   constant   
   6  alpha_CBO    4.12399e-03     fixed    
   7  w_CBO        2.32500e+00   constant   
   8  beta_CBO    -2.32249e-03   1.50392e-03   5.80886e-06  -1.82828e-01
   9  alpha_2CBO  -1.03264e-03   1.49914e-03   5.75271e-06   8.83567e-02
  10  beta_2CBO    1.73237e-03     fixed    
  11  alpha_y      0.00000e+00     fixed    
  12  w_y          1.38860e+01   constant   
  13  beta_y      -7.86110e-04     fixed    
  14  alpha_vw     0.00000e+00     fixed    
  15  w_vw         1.43404e+01   constant   
  16  beta_vw      0.00000e+00     fixed    
  17  LM           1.60296e-04   constant   
  18  zeta_y       0.00000e+00   constant   
  19  zeta_vw      0.00000e+00   constant   
  20  T_CBO        1.00000e+03   6.78538e+02   2.15220e-02** at limit **
  21  alpha_A0     8.57486e-03   1.41636e-02   6.55466e-03   6.23276e-04
  22  beta_A0      1.00000e-02   1.42185e-02   1.02963e-02** at limit **
  23  alpha_phi    5.14929e-03   5.87384e-03   3.63627e-03   8.46971e-05
  24  beta_phi     4.14785e-03   6.24864e-03   3.59878e-03   1.02314e-04
 EXTERNAL ERROR MATRIX.    NDIM=  25    NPAR=  7    ERR DEF=1
  2.262e-06  1.316e-08 -2.295e-07  1.412e-07 -1.047e-11  6.523e-08  9.491e-07 
  1.316e-08  2.247e-06 -1.153e-07  5.489e-07 -1.767e-12 -7.051e-07  1.176e-06 
 -2.295e-07 -1.153e-07  5.567e-02  1.969e-06 -3.832e-11  2.349e-06  2.466e-06 
  1.412e-07  5.489e-07  1.969e-06  2.677e-05 -6.461e-12 -1.250e-07  2.764e-07 
 -1.047e-11 -1.767e-12 -3.832e-11 -6.461e-12  2.485e-11 -1.651e-12  3.025e-11 
  6.523e-08 -7.051e-07  2.349e-06 -1.250e-07 -1.651e-12  4.188e-05 -3.899e-06 
  9.491e-07  1.176e-06  2.466e-06  2.764e-07  3.025e-11 -3.899e-06  4.744e-05 
 PARAMETER  CORRELATION COEFFICIENTS  
       NO.  GLOBAL      8      9     20     21     22     23     24
        8  0.09458   1.000  0.006 -0.001  0.018 -0.001  0.007  0.092
        9  0.14768   0.006  1.000 -0.000  0.071 -0.000 -0.073  0.114
       20  0.00294  -0.001 -0.000  1.000  0.002 -0.000  0.002  0.002
       21  0.07300   0.018  0.071  0.002  1.000 -0.000 -0.004  0.008
       22  0.00177  -0.001 -0.000 -0.000 -0.000  1.000 -0.000  0.001
       23  0.10886   0.007 -0.073  0.002 -0.004 -0.000  1.000 -0.087
       24  0.16630   0.092  0.114  0.002  0.008  0.001 -0.087  1.000
MINUIT - FIT wiggle + 1-CBO + 2-CBO
 **********
 **   42 **RES 
 **********
                   PARAMETER   16  beta_vw RESTORED TO VARIABLE.
                   PARAMETER   14  alpha_vw RESTORED TO VARIABLE.
                   PARAMETER   13  beta_y RESTORED TO VARIABLE.
                   PARAMETER   11  alpha_y RESTORED TO VARIABLE.
                   PARAMETER   10  beta_2CBO RESTORED TO VARIABLE.
                   PARAMETER    6  alpha_CBO RESTORED TO VARIABLE.
                   PARAMETER    4  phi RESTORED TO VARIABLE.
                   PARAMETER    3  A0 RESTORED TO VARIABLE.
                   PARAMETER    1  N0 RESTORED TO VARIABLE.
 **********
 **   43 **FIX           10
 **********
 **********
 **   44 **FIX           11
 **********
 **********
 **   45 **FIX           12
 **********
 PARAMETER   12  IS CONSTANT.   IGNORED.
 **********
 **   46 **FIX           13
 **********
 **********
 **   47 **FIX           14
 **********
 **********
 **   48 **FIX           15
 **********
 PARAMETER   15  IS CONSTANT.   IGNORED.
 **********
 **   49 **FIX           16
 **********
 **********
 **   50 **MIGRAD
 **********
 START MIGRAD MINIMIZATION.  STRATEGY  1.  CONVERGENCE WHEN EDM .LT. 1.00e-04
 FCN=62.126 FROM MIGRAD    STATUS=INITIATE       82 CALLS        1475 TOTAL
                     EDM= unknown      STRATEGY= 1      NO ERROR MATRIX       
  EXT PARAMETER               CURRENT GUESS       STEP         FIRST   
  NO.   NAME      VALUE            ERROR          SIZE      DERIVATIVE 
   1  N0           2.87573e+06   3.06886e+03   0.00000e+00  -6.01249e-06
   2  tau          6.44106e+01   constant   
   3  A0           3.50280e-01   1.37326e-03   0.00000e+00  -3.38695e+02
   4  phi          4.11983e+00   4.18279e-03   0.00000e+00  -5.00984e+01
   5  R           -5.98157e+01   constant   
   6  alpha_CBO    4.12399e-03   1.56218e-03   0.00000e+00  -4.24179e+01
   7  w_CBO        2.32500e+00   constant   
   8  beta_CBO    -2.32249e-03   1.50392e-03   0.00000e+00   2.97369e+01
   9  alpha_2CBO  -1.03264e-03   1.49914e-03   0.00000e+00   1.45545e+01
  10  beta_2CBO    1.73237e-03     fixed    
  11  alpha_y      0.00000e+00     fixed    
  12  w_y          1.38860e+01   constant   
  13  beta_y      -7.86110e-04     fixed    
  14  alpha_vw     0.00000e+00     fixed    
  15  w_vw         1.43404e+01   constant   
  16  beta_vw      0.00000e+00     fixed    
  17  LM           1.60296e-04   constant   
  18  zeta_y       0.00000e+00   constant   
  19  zeta_vw      0.00000e+00   constant   
  20  T_CBO        8.85840e+02   6.78538e+02   0.00000e+00  -1.66830e-02
  21  alpha_A0     8.57486e-03   1.41636e-02   0.00000e+00  -5.24972e-02
  22  beta_A0      9.58307e-03   1.42185e-02  -2.89427e-01   1.01842e-02
  23  alpha_phi    5.14929e-03   5.87384e-03   0.00000e+00  -7.37872e-02
  24  beta_phi     4.14785e-03   6.24864e-03   0.00000e+00  -9.19460e-02
 MIGRAD MINIMIZATION HAS CONVERGED.
 FCN=62.0427 FROM MIGRAD    STATUS=CONVERGED     381 CALLS        1774 TOTAL
                     EDM=3.08231e-06    STRATEGY= 1  ERROR MATRIX UNCERTAINTY   0.6 per cent
  EXT PARAMETER                                   STEP         FIRST   
  NO.   NAME      VALUE            ERROR          SIZE      DERIVATIVE 
   1  N0           2.87590e+06   3.11491e+03  -1.45452e+00   1.69913e-07
   2  tau          6.44106e+01   constant   
   3  A0           3.50629e-01   1.37637e-03   4.94977e-07   5.24884e-01
   4  phi          4.12022e+00   3.95577e-03  -8.57964e-07   3.92301e-02
   5  R           -5.98157e+01   constant   
   6  alpha_CBO    4.17787e-03   1.39695e-03   1.16157e-06   1.59127e+00
   7  w_CBO        2.32500e+00   constant   
   8  beta_CBO    -2.43812e-03   1.55504e-03  -7.12902e-07   5.66236e-01
   9  alpha_2CBO  -1.01748e-03   1.49587e-03   6.75755e-07  -3.81632e-01
  10  beta_2CBO    1.73237e-03     fixed    
  11  alpha_y      0.00000e+00     fixed    
  12  w_y          1.38860e+01   constant   
  13  beta_y      -7.86110e-04     fixed    
  14  alpha_vw     0.00000e+00     fixed    
  15  w_vw         1.43404e+01   constant   
  16  beta_vw      0.00000e+00     fixed    
  17  LM           1.60296e-04   constant   
  18  zeta_y       0.00000e+00   constant   
  19  zeta_vw      0.00000e+00   constant   
  20  T_CBO        7.38326e+02   8.67137e+02  -5.33127e-03  -8.84627e-04
  21  alpha_A0     9.99919e-03   1.02324e-02   1.69092e-02  -3.58836e-04
  22  beta_A0      1.00000e-02   1.21640e-02   1.95245e-02** at limit **
  23  alpha_phi    5.86579e-03   1.54973e-02   1.36268e-03   1.50571e-04
  24  beta_phi     5.14255e-03   1.52994e-02   1.18139e-03  -1.06717e-04
 EXTERNAL ERROR MATRIX.    NDIM=  25    NPAR= 11    ERR DEF=1
  9.703e+06 
  7.436e-01  1.894e-06 
  9.944e-01  5.219e-08  1.565e-05 
 -5.170e-01 -1.787e-07  4.729e-07  1.951e-06 
 -2.964e-01 -4.152e-07 -3.422e-07 -3.709e-09  2.418e-06 
  1.540e-01  1.562e-07  1.064e-07 -2.586e-08 -1.002e-07  2.238e-06 
  2.441e+05 -3.203e-02  3.869e-01  2.002e-01  1.832e-01  1.714e-01  9.309e+05 
  1.634e-02  5.697e-08 -5.790e-08  7.935e-08 -6.330e-08  2.933e-08 -2.061e-01  5.794e-07 
 -7.106e-04 -3.880e-11  3.801e-10  7.296e-10  2.309e-10  1.371e-10 -9.790e-04  3.475e-09  2.713e-11 
 -4.502e+00 -7.400e-07 -1.132e-06  7.097e-07  8.218e-08 -5.196e-07 -3.904e+00  1.132e-06  4.249e-09  8.908e-05 
 -3.627e+00  5.750e-07 -2.701e-07  4.484e-07 -3.171e-07 -7.035e-09 -4.138e+00  1.434e-06  3.060e-09  2.224e-05  9.182e-05 
 PARAMETER  CORRELATION COEFFICIENTS  
       NO.  GLOBAL      1      3      4      6      8      9     20     21     22     23     24
        1  0.30659   1.000  0.173  0.081 -0.119 -0.061  0.033  0.081  0.007 -0.044 -0.153 -0.122
        3  0.28892   0.173  1.000  0.010 -0.093 -0.194  0.076 -0.024  0.054 -0.005 -0.057  0.044
        4  0.19190   0.081  0.010  1.000  0.086 -0.056  0.018  0.101 -0.019  0.018 -0.030 -0.007
        6  0.30276  -0.119 -0.093  0.086  1.000 -0.002 -0.012  0.149  0.075  0.100  0.054  0.034
        8  0.29515  -0.061 -0.194 -0.056 -0.002  1.000 -0.043  0.122 -0.053  0.029  0.006 -0.021
        9  0.17468   0.033  0.076  0.018 -0.012 -0.043  1.000  0.119  0.026  0.018 -0.037 -0.000
       20  0.63493   0.081 -0.024  0.101  0.149  0.122  0.119  1.000 -0.281 -0.195 -0.429 -0.448
       21  0.89683   0.007  0.054 -0.019  0.075 -0.053  0.026 -0.281  1.000  0.876  0.158  0.197
       22  0.89181  -0.044 -0.005  0.018  0.100  0.029  0.018 -0.195  0.876  1.000  0.086  0.061
       23  0.47245  -0.153 -0.057 -0.030  0.054  0.006 -0.037 -0.429  0.158  0.086  1.000  0.246
       24  0.52159  -0.122  0.044 -0.007  0.034 -0.021 -0.000 -0.448  0.197  0.061  0.246  1.000
MINUIT - FIT ONLY 1-y
 **********
 **   51 **RES 
 **********
                   PARAMETER   16  beta_vw RESTORED TO VARIABLE.
                   PARAMETER   14  alpha_vw RESTORED TO VARIABLE.
                   PARAMETER   13  beta_y RESTORED TO VARIABLE.
                   PARAMETER   11  alpha_y RESTORED TO VARIABLE.
                   PARAMETER   10  beta_2CBO RESTORED TO VARIABLE.
 **********
 **   52 **FIX            0
 **********
 PARAMETER    0  IS UNDEFINED. IGNORED.
 **********
 **   53 **FIX            1
 **********
 **********
 **   54 **FIX            2
 **********
 PARAMETER    2  IS CONSTANT.   IGNORED.
 **********
 **   55 **FIX            3
 **********
 **********
 **   56 **FIX            4
 **********
 **********
 **   57 **FIX            5
 **********
 PARAMETER    5  IS CONSTANT.   IGNORED.
 **********
 **   58 **FIX            6
 **********
 **********
 **   59 **FIX            7
 **********
 PARAMETER    7  IS CONSTANT.   IGNORED.
 **********
 **   60 **FIX            8
 **********
 **********
 **   61 **FIX            9
 **********
 **********
 **   62 **FIX           13
 **********
 **********
 **   63 **FIX           14
 **********
 **********
 **   64 **FIX           15
 **********
 PARAMETER   15  IS CONSTANT.   IGNORED.
 **********
 **   65 **FIX           16
 **********
 **********
 **   66 **MIGRAD
 **********
 START MIGRAD MINIMIZATION.  STRATEGY  1.  CONVERGENCE WHEN EDM .LT. 1.00e-04
 FCN=62.0427 FROM MIGRAD    STATUS=INITIATE       16 CALLS        1790 TOTAL
                     EDM= unknown      STRATEGY= 1      NO ERROR MATRIX       
  EXT PARAMETER               CURRENT GUESS       STEP         FIRST   
  NO.   NAME      VALUE            ERROR          SIZE      DERIVATIVE 
   1  N0           2.87590e+06     fixed    
   2  tau          6.44106e+01   constant   
   3  A0           3.50629e-01     fixed    
   4  phi          4.12022e+00     fixed    
   5  R           -5.98157e+01   constant   
   6  alpha_CBO    4.17787e-03     fixed    
   7  w_CBO        2.32500e+00   constant   
   8  beta_CBO    -2.43812e-03     fixed    
   9  alpha_2CBO  -1.01748e-03     fixed    
  10  beta_2CBO    1.73237e-03   1.52195e-03   1.52195e-03  -1.25715e+02
  11  alpha_y      0.00000e+00   1.00000e-03   1.00000e-03  -3.16891e+02
  12  w_y          1.38860e+01   constant   
  13  beta_y      -7.86110e-04     fixed    
  14  alpha_vw     0.00000e+00     fixed    
  15  w_vw         1.43404e+01   constant   
  16  beta_vw      0.00000e+00     fixed    
  17  LM           1.60296e-04   constant   
  18  zeta_y       0.00000e+00   constant   
  19  zeta_vw      0.00000e+00   constant   
  20  T_CBO        7.38326e+02   8.67137e+02  -5.33127e-03  -8.85489e-04
  21  alpha_A0     9.99919e-03   1.02324e-02   1.69092e-02  -3.58068e-04
  22  beta_A0      9.99998e-03   1.21640e-02   1.95245e-02  -3.85336e-05
  23  alpha_phi    5.86579e-03   1.54973e-02   1.36268e-03   1.50498e-04
  24  beta_phi     5.14255e-03   1.52994e-02   1.18139e-03  -1.07245e-04
 MIGRAD MINIMIZATION HAS CONVERGED.
 MIGRAD WILL VERIFY CONVERGENCE AND ERROR MATRIX.
 COVARIANCE MATRIX CALCULATED SUCCESSFULLY
 FCN=61.9773 FROM MIGRAD    STATUS=CONVERGED     117 CALLS        1891 TOTAL
                     EDM=1.05567e-05    STRATEGY= 1      ERROR MATRIX ACCURATE 
  EXT PARAMETER                                   STEP         FIRST   
  NO.   NAME      VALUE            ERROR          SIZE      DERIVATIVE 
   1  N0           2.87590e+06     fixed    
   2  tau          6.44106e+01   constant   
   3  A0           3.50629e-01     fixed    
   4  phi          4.12022e+00     fixed    
   5  R           -5.98157e+01   constant   
   6  alpha_CBO    4.17787e-03     fixed    
   7  w_CBO        2.32500e+00   constant   
   8  beta_CBO    -2.43812e-03     fixed    
   9  alpha_2CBO  -1.01748e-03     fixed    
  10  beta_2CBO    1.87853e-03   1.52346e-03   5.80842e-06   1.56529e-02
  11  alpha_y      3.55089e-04   1.49599e-03   5.79572e-06   2.85472e-01
  12  w_y          1.38860e+01   constant   
  13  beta_y      -7.86110e-04     fixed    
  14  alpha_vw     0.00000e+00     fixed    
  15  w_vw         1.43404e+01   constant   
  16  beta_vw      0.00000e+00     fixed    
  17  LM           1.60296e-04   constant   
  18  zeta_y       0.00000e+00   constant   
  19  zeta_vw      0.00000e+00   constant   
  20  T_CBO        7.48981e+02   8.58597e+02   6.89611e-03  -7.23395e-04
  21  alpha_A0     1.00000e-02   1.88400e-02   4.12883e-02** at limit **
  22  beta_A0      1.00000e-02   1.08177e-02   2.31103e-02** at limit **
  23  alpha_phi    5.67784e-03   1.58956e-02   4.40285e-03  -2.20999e-03
  24  beta_phi     5.03758e-03   1.59523e-02   4.40085e-03   2.55369e-03
 EXTERNAL ERROR MATRIX.    NDIM=  25    NPAR=  7    ERR DEF=1
  2.321e-06  4.299e-09  1.523e-01  2.817e-10 -1.803e-10 -2.581e-06 -1.433e-06 
  4.299e-09  2.238e-06  2.512e-02  3.649e-11 -2.355e-11 -1.347e-07 -2.803e-07 
  1.523e-01  2.512e-02  1.129e+06  1.321e-03  1.111e-03 -4.709e+00 -5.499e+00 
  2.817e-10  3.649e-11  1.321e-03  1.114e-11  1.380e-12 -5.637e-09 -6.393e-09 
 -1.803e-10 -2.355e-11  1.111e-03  1.380e-12  3.204e-10 -4.552e-09 -3.214e-09 
 -2.581e-06 -1.347e-07 -4.709e+00 -5.637e-09 -4.552e-09  1.078e-04  1.196e-05 
 -1.433e-06 -2.803e-07 -5.499e+00 -6.393e-09 -3.214e-09  1.196e-05  1.232e-04 
 PARAMETER  CORRELATION COEFFICIENTS  
       NO.  GLOBAL     10     11     20     21     22     23     24
       10  0.17853   1.000  0.002  0.094  0.055 -0.007 -0.163 -0.085
       11  0.01956   0.002  1.000  0.016  0.007 -0.001 -0.009 -0.017
       20  0.65011   0.094  0.016  1.000  0.372  0.058 -0.427 -0.466
       21  0.37307   0.055  0.007  0.372  1.000  0.023 -0.163 -0.173
       22  0.06088  -0.007 -0.001  0.058  0.023  1.000 -0.024 -0.016
       23  0.45851  -0.163 -0.009 -0.427 -0.163 -0.024  1.000  0.104
       24  0.48146  -0.085 -0.017 -0.466 -0.173 -0.016  0.104  1.000
MINUIT - FIT ONLY 2-y
 **********
 **   67 **RES 
 **********
                   PARAMETER   16  beta_vw RESTORED TO VARIABLE.
                   PARAMETER   14  alpha_vw RESTORED TO VARIABLE.
                   PARAMETER   13  beta_y RESTORED TO VARIABLE.
                   PARAMETER    9  alpha_2CBO RESTORED TO VARIABLE.
                   PARAMETER    8  beta_CBO RESTORED TO VARIABLE.
                   PARAMETER    6  alpha_CBO RESTORED TO VARIABLE.
                   PARAMETER    4  phi RESTORED TO VARIABLE.
                   PARAMETER    3  A0 RESTORED TO VARIABLE.
                   PARAMETER    1  N0 RESTORED TO VARIABLE.
 **********
 **   68 **FIX            0
 **********
 PARAMETER    0  IS UNDEFINED. IGNORED.
 **********
 **   69 **FIX            1
 **********
 **********
 **   70 **FIX            2
 **********
 PARAMETER    2  IS CONSTANT.   IGNORED.
 **********
 **   71 **FIX            3
 **********
 **********
 **   72 **FIX            4
 **********
 **********
 **   73 **FIX            5
 **********
 PARAMETER    5  IS CONSTANT.   IGNORED.
 **********
 **   74 **FIX            6
 **********
 **********
 **   75 **FIX            7
 **********
 PARAMETER    7  IS CONSTANT.   IGNORED.
 **********
 **   76 **FIX            8
 **********
 **********
 **   77 **FIX            9
 **********
 **********
 **   78 **FIX           10
 **********
 **********
 **   79 **FIX           11
 **********
 **********
 **   80 **FIX           12
 **********
 PARAMETER   12  IS CONSTANT.   IGNORED.
 **********
 **   81 **FIX           16
 **********
 **********
 **   82 **MIGRAD
 **********
 START MIGRAD MINIMIZATION.  STRATEGY  1.  CONVERGENCE WHEN EDM .LT. 1.00e-04
 FCN=61.9773 FROM MIGRAD    STATUS=INITIATE       16 CALLS        1907 TOTAL
                     EDM= unknown      STRATEGY= 1      NO ERROR MATRIX       
  EXT PARAMETER               CURRENT GUESS       STEP         FIRST   
  NO.   NAME      VALUE            ERROR          SIZE      DERIVATIVE 
   1  N0           2.87590e+06     fixed    
   2  tau          6.44106e+01   constant   
   3  A0           3.50629e-01     fixed    
   4  phi          4.12022e+00     fixed    
   5  R           -5.98157e+01   constant   
   6  alpha_CBO    4.17787e-03     fixed    
   7  w_CBO        2.32500e+00   constant   
   8  beta_CBO    -2.43812e-03     fixed    
   9  alpha_2CBO  -1.01748e-03     fixed    
  10  beta_2CBO    1.87853e-03     fixed    
  11  alpha_y      3.55089e-04     fixed    
  12  w_y          1.38860e+01   constant   
  13  beta_y      -7.86110e-04   1.49398e-03   1.49398e-03   1.86152e+01
  14  alpha_vw     0.00000e+00   1.00000e-03   1.00000e-03   8.74103e+02
  15  w_vw         1.43404e+01   constant   
  16  beta_vw      0.00000e+00     fixed    
  17  LM           1.60296e-04   constant   
  18  zeta_y       0.00000e+00   constant   
  19  zeta_vw      0.00000e+00   constant   
  20  T_CBO        7.48981e+02   8.58597e+02   6.89611e-03  -7.45018e-04
  21  alpha_A0     9.99998e-03   1.88400e-02   4.12883e-02  -4.83210e-06
  22  beta_A0      1.00000e-02   1.08177e-02   2.31103e-02** at limit **
  23  alpha_phi    5.67784e-03   1.58956e-02   4.40285e-03  -2.21990e-03
  24  beta_phi     5.03758e-03   1.59523e-02   4.40085e-03   2.54526e-03
 MIGRAD MINIMIZATION HAS CONVERGED.
 MIGRAD WILL VERIFY CONVERGENCE AND ERROR MATRIX.
 COVARIANCE MATRIX CALCULATED SUCCESSFULLY
 FCN=61.5074 FROM MIGRAD    STATUS=CONVERGED     133 CALLS        2024 TOTAL
                     EDM=1.6061e-06    STRATEGY= 1      ERROR MATRIX ACCURATE 
  EXT PARAMETER                                   STEP         FIRST   
  NO.   NAME      VALUE            ERROR          SIZE      DERIVATIVE 
   1  N0           2.87590e+06     fixed    
   2  tau          6.44106e+01   constant   
   3  A0           3.50629e-01     fixed    
   4  phi          4.12022e+00     fixed    
   5  R           -5.98157e+01   constant   
   6  alpha_CBO    4.17787e-03     fixed    
   7  w_CBO        2.32500e+00   constant   
   8  beta_CBO    -2.43812e-03     fixed    
   9  alpha_2CBO  -1.01748e-03     fixed    
  10  beta_2CBO    1.87853e-03     fixed    
  11  alpha_y      3.55089e-04     fixed    
  12  w_y          1.38860e+01   constant   
  13  beta_y      -4.54502e-04   1.57242e-03   5.73350e-06  -6.04911e-02
  14  alpha_vw    -1.08244e-03   1.57902e-03   5.76094e-06  -1.97572e-01
  15  w_vw         1.43404e+01   constant   
  16  beta_vw      0.00000e+00     fixed    
  17  LM           1.60296e-04   constant   
  18  zeta_y       0.00000e+00   constant   
  19  zeta_vw      0.00000e+00   constant   
  20  T_CBO        7.48574e+02   7.57088e+02   7.22855e-03   3.06796e-04
  21  alpha_A0     1.00000e-02   1.90554e-02   9.30726e-02** at limit **
  22  beta_A0      1.00000e-02   1.12258e-02   2.77791e-02** at limit **
  23  alpha_phi    5.81620e-03   1.61964e-02   4.37545e-03  -3.31688e-04
  24  beta_phi     4.94472e-03   1.61524e-02   4.32385e-03  -5.92056e-04
 EXTERNAL ERROR MATRIX.    NDIM=  25    NPAR=  7    ERR DEF=1
  2.473e-06 -8.111e-07  1.224e-02  9.546e-10 -1.159e-14  5.116e-07 -3.110e-07 
 -8.111e-07  2.493e-06  4.452e-03  2.188e-11  1.302e-15 -3.131e-07  1.614e-07 
  1.224e-02  4.452e-03  1.811e+06  7.957e-02  1.393e-05 -7.579e+00 -8.549e+00 
  9.546e-10  2.188e-11  7.957e-02  7.516e-09  6.388e-13 -3.344e-07 -3.730e-07 
 -1.159e-14  1.302e-15  1.393e-05  6.388e-13  1.249e-14 -5.980e-11 -5.016e-11 
  5.116e-07 -3.131e-07 -7.579e+00 -3.344e-07 -5.980e-11  1.185e-04  2.415e-05 
 -3.110e-07  1.614e-07 -8.549e+00 -3.730e-07 -5.016e-11  2.415e-05  1.365e-04 
 PARAMETER  CORRELATION COEFFICIENTS  
       NO.  GLOBAL     13     14     20     21     22     23     24
       13  0.32843   1.000 -0.327  0.006  0.007 -0.000  0.030 -0.017
       14  0.32683  -0.327  1.000  0.002  0.000  0.000 -0.018  0.009
       20  0.80033   0.006  0.002  1.000  0.682  0.093 -0.517 -0.544
       21  0.68205   0.007  0.000  0.682  1.000  0.066 -0.354 -0.368
       22  0.09376  -0.000  0.000  0.093  0.066  1.000 -0.049 -0.038
       23  0.52956   0.030 -0.018 -0.517 -0.354 -0.049  1.000  0.190
       24  0.55432  -0.017  0.009 -0.544 -0.368 -0.038  0.190  1.000
MINUIT - FIT ALTOGETHER
 **********
 **   83 **RES 
 **********
                   PARAMETER   16  beta_vw RESTORED TO VARIABLE.
