 + ++++++++++++++++++++++++++++++++++++++++++++++++++++++++++++++++++++ +
 +                                                                      +
 +           You have chose to blind your fitting according to          +
 +                omega_ref * (1 + (R +/- deltaR) *10^{-6})             +
 +                                                                      +
 + ++++++++++++++++++++++++++++++++++++++++++++++++++++++++++++++++++++ +
In main()...
reading format from /gm2data/zkhechad/run45/envelope/formats/formatB_sBin_constraintOn.txt
pBinTau 	= 0  
pBinPhi 	= 0  
constraintau 	= 1 
includeMopTerm 	= 0    
constrainMop    = 0   
Parameters after format file: pBinTau 0 pBinPhi 0 constraintau 1 includeMopTerm 0 constrainMop 0 c_e_scale 0.000000 
Opening file /gm2data/tbarrett/gm2fr/studies/run23_bunch_corrections/CorrectedFourier_Run3b.root.
reading full fit data from /gm2data/zkhechad/cboTemplates/Run4CBOTemplates/templateFits0_v2.0/noRF/sBin_constraintOn_cE0.0_seed0_noRF_calo2.root
windowBins = 17
fitting sliding window 144 from bin 280 at 41.626800 to bin 297 at 44.312400 (17 bins)

Reading data from /gm2data/cornell/histograms/aMethod/histogram_a_noRF.root
 **********
 **    1 **SET PRINTOUT            1
 **********
 **********
 **    2 **SET NOWARNINGS 
 **********
 PARAMETER DEFINITIONS:
    NO.   NAME         VALUE      STEP SIZE      LIMITS
     1 N0           3.21271e+06  1.00000e+02     no limits
     2 tau          6.44362e+01  constant
     3 A0           3.64394e-01  1.00000e-04     no limits
     4 phi          4.11820e+00  1.00000e-02     no limits
     5 R           -5.98416e+01  constant
     6 alpha_CBO    0.00000e+00  1.00000e-03     no limits
     7 w_CBO        2.32500e+00  constant
     8 beta_CBO     0.00000e+00  1.00000e-03     no limits
     9 alpha_2CBO   0.00000e+00  1.00000e-03     no limits
    10 beta_2CBO    0.00000e+00  1.00000e-03     no limits
    11 alpha_y      0.00000e+00  1.00000e-03     no limits
    12 w_y          1.44500e+01  constant
    13 beta_y       0.00000e+00  1.00000e-03     no limits
    14 alpha_vw     0.00000e+00  1.00000e-03     no limits
    15 w_vw         1.29000e+01  constant
    16 beta_vw      0.00000e+00  1.00000e-03     no limits
    17 LM           1.16794e-03  constant
    18 zeta_y       0.00000e+00  constant
    19 zeta_vw      0.00000e+00  constant
    20 T_CBO        1.00000e+02  1.00000e+00    0.00000e+00  1.00000e+03
    21 alpha_A0     0.00000e+00  1.00000e-03     no limits
    22 beta_A0      0.00000e+00  1.00000e-03     no limits
    23 alpha_phi    0.00000e+00  1.00000e-03     no limits
    24 beta_phi     0.00000e+00  1.00000e-03     no limits
MINUIT - FIT ONLY WIGGLE
 **********
 **    3 **FIX            5
 **********
 PARAMETER    5  IS CONSTANT.   IGNORED.
 **********
 **    4 **FIX            6
 **********
 **********
 **    5 **FIX            7
 **********
 PARAMETER    7  IS CONSTANT.   IGNORED.
 **********
 **    6 **FIX            8
 **********
 **********
 **    7 **FIX            9
 **********
 **********
 **    8 **FIX           10
 **********
 **********
 **    9 **FIX           11
 **********
 **********
 **   10 **FIX           12
 **********
 PARAMETER   12  IS CONSTANT.   IGNORED.
 **********
 **   11 **FIX           13
 **********
 **********
 **   12 **FIX           14
 **********
 **********
 **   13 **FIX           15
 **********
 PARAMETER   15  IS CONSTANT.   IGNORED.
 **********
 **   14 **FIX           16
 **********
 **********
 **   15 **MIGRAD
 **********
 FIRST CALL TO USER FUNCTION AT NEW START POINT, WITH IFLAG=4.
 START MIGRAD MINIMIZATION.  STRATEGY  1.  CONVERGENCE WHEN EDM .LT. 1.00e-04
 FCN=1709.64 FROM MIGRAD    STATUS=INITIATE      429 CALLS         430 TOTAL
                     EDM= unknown      STRATEGY= 1      NO ERROR MATRIX       
  EXT PARAMETER               CURRENT GUESS       STEP         FIRST   
  NO.   NAME      VALUE            ERROR          SIZE      DERIVATIVE 
   1  N0           3.21271e+06   1.00000e+02   0.00000e+00  -3.08864e-03
   2  tau          6.44362e+01   constant   
   3  A0           3.64394e-01   1.00000e-04   0.00000e+00  -1.05997e+05
   4  phi          4.11820e+00   1.00000e-02   0.00000e+00   1.07366e+05
   5  R           -5.98416e+01   constant   
   6  alpha_CBO    0.00000e+00     fixed    
   7  w_CBO        2.32500e+00   constant   
   8  beta_CBO     0.00000e+00     fixed    
   9  alpha_2CBO   0.00000e+00     fixed    
  10  beta_2CBO    0.00000e+00     fixed    
  11  alpha_y      0.00000e+00     fixed    
  12  w_y          1.44500e+01   constant   
  13  beta_y       0.00000e+00     fixed    
  14  alpha_vw     0.00000e+00     fixed    
  15  w_vw         1.29000e+01   constant   
  16  beta_vw      0.00000e+00     fixed    
  17  LM           1.16794e-03   constant   
  18  zeta_y       0.00000e+00   constant   
  19  zeta_vw      0.00000e+00   constant   
  20  T_CBO        1.00000e+02   1.00000e+00   0.00000e+00   0.00000e+00
  21  alpha_A0     0.00000e+00   1.00000e-03   0.00000e+00   3.85716e+04
  22  beta_A0      0.00000e+00   1.00000e-03   0.00000e+00  -8.98786e+03
  23  alpha_phi    0.00000e+00   1.00000e-03   0.00000e+00   3.95990e+04
  24  beta_phi     0.00000e+00   1.00000e-03   0.00000e+00   2.50406e+03
 CALL LIMIT EXCEEDED IN MIGRAD.
 MIGRAD TERMINATED WITHOUT CONVERGENCE.
 FCN=237.765 FROM MIGRAD    STATUS=CALL LIMIT   1322 CALLS        1323 TOTAL
                     EDM=0.0457969    STRATEGY= 1  ERROR MATRIX UNCERTAINTY  17.6 per cent
  EXT PARAMETER                APPROXIMATE        STEP         FIRST   
  NO.   NAME      VALUE            ERROR          SIZE      DERIVATIVE 
   1  N0           3.23374e+06   8.25122e+03   1.15263e+03   8.59453e-04
   2  tau          6.44362e+01   constant   
   3  A0           3.55629e-01   2.36861e-03   5.78998e-05   6.16468e+01
   4  phi          4.10973e+00   7.43751e-03   5.74339e-04   6.77893e+02
   5  R           -5.98416e+01   constant   
   6  alpha_CBO    0.00000e+00     fixed    
   7  w_CBO        2.32500e+00   constant   
   8  beta_CBO     0.00000e+00     fixed    
   9  alpha_2CBO   0.00000e+00     fixed    
  10  beta_2CBO    0.00000e+00     fixed    
  11  alpha_y      0.00000e+00     fixed    
  12  w_y          1.44500e+01   constant   
  13  beta_y       0.00000e+00     fixed    
  14  alpha_vw     0.00000e+00     fixed    
  15  w_vw         1.29000e+01   constant   
  16  beta_vw      0.00000e+00     fixed    
  17  LM           1.16794e-03   constant   
  18  zeta_y       0.00000e+00   constant   
  19  zeta_vw      0.00000e+00   constant   
  20  T_CBO        9.12807e+01   1.84679e+01  -1.22949e-02  -2.46488e+01
  21  alpha_A0    -4.51649e-02   2.60203e-02  -3.13444e-03   2.93019e+02
  22  beta_A0     -3.40391e-02   1.21686e-02   6.05441e-04   1.59486e+01
  23  alpha_phi   -4.59169e-02   1.16594e-02   2.18987e-04  -9.12436e+01
  24  beta_phi     2.53378e-02   2.23447e-02   2.86274e-03  -2.73112e+02
 EXTERNAL ERROR MATRIX.    NDIM=  25    NPAR=  8    ERR DEF=1
  6.808e+07 -1.095e+01  5.565e+01 -1.214e+05 -2.122e+02 -4.281e+01 -5.550e+01  1.834e+02 
 -1.095e+01  5.610e-06 -1.401e-05 -8.915e-04  3.978e-05  2.839e-05  2.734e-05 -3.211e-05 
  5.565e+01 -1.401e-05  5.532e-05 -7.134e-02 -1.854e-04 -6.400e-05 -7.203e-05  1.563e-04 
 -1.214e+05 -8.915e-04 -7.134e-02  3.415e+02  3.489e-01 -3.667e-02  1.422e-03 -3.131e-01 
 -2.122e+02  3.978e-05 -1.854e-04  3.489e-01  6.771e-04  1.661e-04  2.037e-04 -5.797e-04 
 -4.281e+01  2.839e-05 -6.400e-05 -3.667e-02  1.661e-04  1.481e-04  1.383e-04 -1.304e-04 
 -5.550e+01  2.734e-05 -7.203e-05  1.422e-03  2.037e-04  1.383e-04  1.359e-04 -1.643e-04 
  1.834e+02 -3.211e-05  1.563e-04 -3.131e-01 -5.797e-04 -1.304e-04 -1.643e-04  4.993e-04 
ERR MATRIX APPROXIMATE
 PARAMETER  CORRELATION COEFFICIENTS  
       NO.  GLOBAL      1      3      4     20     21     22     23     24
        1  0.99953   1.000 -0.561  0.907 -0.796 -0.988 -0.426 -0.577  0.995
        3  0.99923  -0.561  1.000 -0.795 -0.020  0.645  0.985  0.990 -0.607
        4  0.99912   0.907 -0.795  1.000 -0.519 -0.958 -0.707 -0.831  0.941
       20  0.98951  -0.796 -0.020 -0.519  1.000  0.726 -0.163  0.007 -0.758
       21  0.99959  -0.988  0.645 -0.958  0.726  1.000  0.525  0.671 -0.997
       22  0.99830  -0.426  0.985 -0.707 -0.163  0.525  1.000  0.975 -0.479
       23  0.99785  -0.577  0.990 -0.831  0.007  0.671  0.975  1.000 -0.631
       24  0.99956   0.995 -0.607  0.941 -0.758 -0.997 -0.479 -0.631  1.000
 ERR MATRIX APPROXIMATE
MINUIT - FIT ONLY 1-CBO + wiggle
 **********
 **   16 **RES 
 **********
                   PARAMETER   16  beta_vw RESTORED TO VARIABLE.
                   PARAMETER   14  alpha_vw RESTORED TO VARIABLE.
                   PARAMETER   13  beta_y RESTORED TO VARIABLE.
                   PARAMETER   11  alpha_y RESTORED TO VARIABLE.
                   PARAMETER   10  beta_2CBO RESTORED TO VARIABLE.
                   PARAMETER    9  alpha_2CBO RESTORED TO VARIABLE.
                   PARAMETER    8  beta_CBO RESTORED TO VARIABLE.
                   PARAMETER    6  alpha_CBO RESTORED TO VARIABLE.
 **********
 **   17 **FIX            8
 **********
 **********
 **   18 **FIX            9
 **********
 **********
 **   19 **FIX           11
 **********
 **********
 **   20 **FIX           12
 **********
 PARAMETER   12  IS CONSTANT.   IGNORED.
 **********
 **   21 **FIX           14
 **********
 **********
 **   22 **FIX           15
 **********
 PARAMETER   15  IS CONSTANT.   IGNORED.
 **********
 **   23 **FIX           16
 **********
 **********
 **   24 **MIGRAD
 **********
 START MIGRAD MINIMIZATION.  STRATEGY  1.  CONVERGENCE WHEN EDM .LT. 1.00e-04
 FCN=237.765 FROM MIGRAD    STATUS=INITIATE       28 CALLS        1351 TOTAL
                     EDM= unknown      STRATEGY= 1      NO ERROR MATRIX       
  EXT PARAMETER               CURRENT GUESS       STEP         FIRST   
  NO.   NAME      VALUE            ERROR          SIZE      DERIVATIVE 
   1  N0           3.23374e+06   8.25122e+03   1.15263e+03   8.59453e-04
   2  tau          6.44362e+01   constant   
   3  A0           3.55629e-01   2.36861e-03   5.78998e-05   6.16468e+01
   4  phi          4.10973e+00   7.43751e-03   5.74339e-04   6.77893e+02
   5  R           -5.98416e+01   constant   
   6  alpha_CBO    0.00000e+00   1.00000e-03   1.00000e-03   1.31112e+03
   7  w_CBO        2.32500e+00   constant   
   8  beta_CBO     0.00000e+00     fixed    
   9  alpha_2CBO   0.00000e+00     fixed    
  10  beta_2CBO    0.00000e+00   1.00000e-03   1.00000e-03  -2.41356e+03
  11  alpha_y      0.00000e+00     fixed    
  12  w_y          1.44500e+01   constant   
  13  beta_y       0.00000e+00   1.00000e-03   1.00000e-03   1.80267e+05
  14  alpha_vw     0.00000e+00     fixed    
  15  w_vw         1.29000e+01   constant   
  16  beta_vw      0.00000e+00     fixed    
  17  LM           1.16794e-03   constant   
  18  zeta_y       0.00000e+00   constant   
  19  zeta_vw      0.00000e+00   constant   
  20  T_CBO        9.12807e+01   1.84679e+01  -1.22949e-02  -2.46488e+01
  21  alpha_A0    -4.51649e-02   2.60203e-02  -3.13444e-03   2.93019e+02
  22  beta_A0     -3.40391e-02   1.21686e-02   6.05441e-04   1.59486e+01
  23  alpha_phi   -4.59169e-02   1.16594e-02   2.18987e-04  -9.12436e+01
  24  beta_phi     2.53378e-02   2.23447e-02   2.86274e-03  -2.73112e+02
 MIGRAD MINIMIZATION HAS CONVERGED.
 FCN=18.1209 FROM MIGRAD    STATUS=CONVERGED     512 CALLS        1835 TOTAL
                     EDM=3.5906e-06    STRATEGY= 1  ERROR MATRIX UNCERTAINTY   4.7 per cent
  EXT PARAMETER                                   STEP         FIRST   
  NO.   NAME      VALUE            ERROR          SIZE      DERIVATIVE 
   1  N0           3.22762e+06   4.19880e+03   9.35400e+00  -1.64160e-06
   2  tau          6.44362e+01   constant   
   3  A0           3.58796e-01   1.86003e-03  -3.92766e-06   1.08440e+01
   4  phi          4.11764e+00   5.09958e-03  -1.15943e-05  -7.44516e+00
   5  R           -5.98416e+01   constant   
   6  alpha_CBO   -4.06626e-03   1.63337e-03   1.63706e-06  -5.24596e+00
   7  w_CBO        2.32500e+00   constant   
   8  beta_CBO     0.00000e+00     fixed    
   9  alpha_2CBO   0.00000e+00     fixed    
  10  beta_2CBO    2.23911e-04   5.93222e-04   1.82963e-06  -3.36918e+00
  11  alpha_y      0.00000e+00     fixed    
  12  w_y          1.44500e+01   constant   
  13  beta_y      -2.42450e-03   1.63433e-04  -5.08435e-08  -1.23417e+00
  14  alpha_vw     0.00000e+00     fixed    
  15  w_vw         1.29000e+01   constant   
  16  beta_vw      0.00000e+00     fixed    
  17  LM           1.16794e-03   constant   
  18  zeta_y       0.00000e+00   constant   
  19  zeta_vw      0.00000e+00   constant   
  20  T_CBO        5.36898e+01   1.16527e+01   5.72488e-05   1.46000e-01
  21  alpha_A0    -3.97871e-02   2.98281e-03   4.81085e-06  -1.56519e+00
  22  beta_A0     -2.20474e-02   1.02619e-02  -2.81061e-05   5.00746e-01
  23  alpha_phi   -2.40339e-02   8.59741e-03   5.92334e-07   7.07289e-01
  24  beta_phi     3.34794e-02   4.12966e-03  -3.32213e-06   2.54599e-01
 EXTERNAL ERROR MATRIX.    NDIM=  25    NPAR= 11    ERR DEF=1
  1.763e+07 
 -7.767e+00  3.460e-06 
 -2.121e+01  9.415e-06  2.601e-05 
  6.433e+00 -2.816e-06 -7.575e-06  2.668e-06 
  1.705e+00 -7.742e-07 -2.220e-06  4.257e-07  3.519e-07 
  8.603e-02 -3.622e-08 -9.733e-08  4.404e-08  1.496e-09  2.671e-08 
  4.503e+04 -1.968e-02 -5.230e-02  1.872e-02  2.769e-03  3.163e-04  1.359e+02 
 -2.567e+00  9.512e-07  1.812e-06 -2.386e-06  7.978e-07 -6.216e-08 -1.747e-02  8.897e-06 
 -4.160e+01  1.855e-05  5.103e-05 -1.410e-05 -4.985e-06 -1.620e-07 -9.746e-02  1.996e-07  1.053e-04 
 -2.667e+01  1.154e-05  3.005e-05 -1.280e-05 -3.305e-07 -2.538e-07 -9.149e-02  1.896e-05  5.061e-05  7.392e-05 
 -1.436e+01  6.254e-06  1.656e-05 -6.392e-06 -5.963e-07 -1.054e-07 -4.582e-02  8.000e-06  2.990e-05  3.341e-05  1.705e-05 
 PARAMETER  CORRELATION COEFFICIENTS  
       NO.  GLOBAL      1      3      4      6     10     13     20     21     22     23     24
        1  0.99751   1.000 -0.995 -0.990  0.938  0.684  0.125  0.920 -0.205 -0.965 -0.739 -0.828
        3  0.99729  -0.995  1.000  0.993 -0.927 -0.702 -0.119 -0.908  0.171  0.972  0.722  0.814
        4  0.99761  -0.990  0.993  1.000 -0.909 -0.734 -0.117 -0.880  0.119  0.975  0.685  0.786
        6  0.99594   0.938 -0.927 -0.909  1.000  0.439  0.165  0.983 -0.490 -0.841 -0.911 -0.948
       10  0.96223   0.684 -0.702 -0.734  0.439  1.000  0.015  0.400  0.451 -0.819 -0.065 -0.243
       13  0.21329   0.125 -0.119 -0.117  0.165  0.015  1.000  0.166 -0.128 -0.097 -0.181 -0.156
       20  0.99234   0.920 -0.908 -0.880  0.983  0.400  0.166  1.000 -0.502 -0.815 -0.913 -0.952
       21  0.95567  -0.205  0.171  0.119 -0.490  0.451 -0.128 -0.502  1.000  0.007  0.739  0.649
       22  0.99296  -0.965  0.972  0.975 -0.841 -0.819 -0.097 -0.815  0.007  1.000  0.574  0.705
       23  0.98721  -0.739  0.722  0.685 -0.911 -0.065 -0.181 -0.913  0.739  0.574  1.000  0.941
       24  0.98094  -0.828  0.814  0.786 -0.948 -0.243 -0.156 -0.952  0.649  0.705  0.941  1.000
MINUIT - FIT ONLY 2-CBO
 **********
 **   25 **RES 
 **********
                   PARAMETER   16  beta_vw RESTORED TO VARIABLE.
                   PARAMETER   14  alpha_vw RESTORED TO VARIABLE.
                   PARAMETER   11  alpha_y RESTORED TO VARIABLE.
                   PARAMETER    9  alpha_2CBO RESTORED TO VARIABLE.
                   PARAMETER    8  beta_CBO RESTORED TO VARIABLE.
 **********
 **   26 **FIX            0
 **********
 PARAMETER    0  IS UNDEFINED. IGNORED.
 **********
 **   27 **FIX            1
 **********
 **********
 **   28 **FIX            2
 **********
 PARAMETER    2  IS CONSTANT.   IGNORED.
 **********
 **   29 **FIX            3
 **********
 **********
 **   30 **FIX            4
 **********
 **********
 **   31 **FIX            5
 **********
 PARAMETER    5  IS CONSTANT.   IGNORED.
 **********
 **   32 **FIX            6
 **********
 **********
 **   33 **FIX            7
 **********
 PARAMETER    7  IS CONSTANT.   IGNORED.
 **********
 **   34 **FIX           10
 **********
 **********
 **   35 **FIX           11
 **********
 **********
 **   36 **FIX           12
 **********
 PARAMETER   12  IS CONSTANT.   IGNORED.
 **********
 **   37 **FIX           13
 **********
 **********
 **   38 **FIX           14
 **********
 **********
 **   39 **FIX           15
 **********
 PARAMETER   15  IS CONSTANT.   IGNORED.
 **********
 **   40 **FIX           16
 **********
 **********
 **   41 **MIGRAD
 **********
 START MIGRAD MINIMIZATION.  STRATEGY  1.  CONVERGENCE WHEN EDM .LT. 1.00e-04
 FCN=18.1209 FROM MIGRAD    STATUS=INITIATE       18 CALLS        1853 TOTAL
                     EDM= unknown      STRATEGY= 1      NO ERROR MATRIX       
  EXT PARAMETER               CURRENT GUESS       STEP         FIRST   
  NO.   NAME      VALUE            ERROR          SIZE      DERIVATIVE 
   1  N0           3.22762e+06     fixed    
   2  tau          6.44362e+01   constant   
   3  A0           3.58796e-01     fixed    
   4  phi          4.11764e+00     fixed    
   5  R           -5.98416e+01   constant   
   6  alpha_CBO   -4.06626e-03     fixed    
   7  w_CBO        2.32500e+00   constant   
   8  beta_CBO     0.00000e+00   1.00000e-03   1.00000e-03  -4.12305e+01
   9  alpha_2CBO   0.00000e+00   1.00000e-03   1.00000e-03  -4.49686e+02
  10  beta_2CBO    2.23911e-04     fixed    
  11  alpha_y      0.00000e+00     fixed    
  12  w_y          1.44500e+01   constant   
  13  beta_y      -2.42450e-03     fixed    
  14  alpha_vw     0.00000e+00     fixed    
  15  w_vw         1.29000e+01   constant   
  16  beta_vw      0.00000e+00     fixed    
  17  LM           1.16794e-03   constant   
  18  zeta_y       0.00000e+00   constant   
  19  zeta_vw      0.00000e+00   constant   
  20  T_CBO        5.36898e+01   1.16527e+01   5.72488e-05   1.46000e-01
  21  alpha_A0    -3.97871e-02   2.98281e-03   4.81085e-06  -1.56519e+00
  22  beta_A0     -2.20474e-02   1.02619e-02  -2.81061e-05   5.00744e-01
  23  alpha_phi   -2.40339e-02   8.59741e-03   5.92334e-07   7.07289e-01
  24  beta_phi     3.34794e-02   4.12966e-03  -3.32213e-06   2.54599e-01
 MIGRAD MINIMIZATION HAS CONVERGED.
 MIGRAD WILL VERIFY CONVERGENCE AND ERROR MATRIX.
 FCN=18.116 FROM MIGRAD    STATUS=CONVERGED     133 CALLS        1968 TOTAL
                     EDM=1.28575e-05    STRATEGY= 1      ERR MATRIX NOT POS-DEF
  EXT PARAMETER                APPROXIMATE        STEP         FIRST   
  NO.   NAME      VALUE            ERROR          SIZE      DERIVATIVE 
   1  N0           3.22762e+06     fixed    
   2  tau          6.44362e+01   constant   
   3  A0           3.58796e-01     fixed    
   4  phi          4.11764e+00     fixed    
   5  R           -5.98416e+01   constant   
   6  alpha_CBO   -4.06626e-03     fixed    
   7  w_CBO        2.32500e+00   constant   
   8  beta_CBO    -9.36302e-07   4.04519e-04   3.46834e-07   8.54024e+00
   9  alpha_2CBO   2.22824e-05   3.19265e-04   3.30125e-07  -7.98214e-01
  10  beta_2CBO    2.23911e-04     fixed    
  11  alpha_y      0.00000e+00     fixed    
  12  w_y          1.44500e+01   constant   
  13  beta_y      -2.42450e-03     fixed    
  14  alpha_vw     0.00000e+00     fixed    
  15  w_vw         1.29000e+01   constant   
  16  beta_vw      0.00000e+00     fixed    
  17  LM           1.16794e-03   constant   
  18  zeta_y       0.00000e+00   constant   
  19  zeta_vw      0.00000e+00   constant   
  20  T_CBO        5.36675e+01   2.13999e+01   1.41102e-05   2.03370e-02
  21  alpha_A0    -3.98975e-02   1.29357e-02   3.01743e-06  -4.19196e-01
  22  beta_A0     -2.20526e-02   8.00253e-03   3.41473e-06   1.09977e-01
  23  alpha_phi   -2.39583e-02   7.94158e-03   3.55087e-06   7.21835e-02
  24  beta_phi     3.33729e-02   1.11413e-02   2.68148e-06   2.19025e-01
 EXTERNAL ERROR MATRIX.    NDIM=  25    NPAR=  7    ERR DEF=1
  1.636e-07 -2.356e-08  9.538e-04  5.470e-07 -1.214e-06 -7.493e-08 -7.659e-07 
 -2.356e-08  1.019e-07  1.404e-05 -4.243e-07  2.004e-07  4.289e-07 -4.957e-07 
  9.538e-04  1.404e-05  4.593e+02  2.738e-01  1.468e-01  1.626e-01 -2.339e-01 
  5.470e-07 -4.243e-07  2.738e-01  1.673e-04  8.789e-05  9.609e-05 -1.368e-04 
 -1.214e-06  2.004e-07  1.468e-01  8.789e-05  6.404e-05  5.629e-05 -7.140e-05 
 -7.493e-08  4.289e-07  1.626e-01  9.609e-05  5.629e-05  6.307e-05 -8.404e-05 
 -7.659e-07 -4.957e-07 -2.339e-01 -1.368e-04 -7.140e-05 -8.404e-05  1.241e-04 
ERR MATRIX NOT POS-DEF
 PARAMETER  CORRELATION COEFFICIENTS  
       NO.  GLOBAL      8      9     20     21     22     23     24
        8  0.91602   1.000 -0.182  0.110  0.105 -0.375 -0.023 -0.170
        9  0.87521  -0.182  1.000  0.002 -0.103  0.078  0.169 -0.139
       20  0.99759   0.110  0.002  1.000  0.988  0.856  0.955 -0.979
       21  0.99403   0.105 -0.103  0.988  1.000  0.849  0.935 -0.949
       22  0.97987  -0.375  0.078  0.856  0.849  1.000  0.886 -0.801
       23  0.97788  -0.023  0.169  0.955  0.935  0.886  1.000 -0.950
       24  0.99364  -0.170 -0.139 -0.979 -0.949 -0.801 -0.950  1.000
 ERR MATRIX NOT POS-DEF
MINUIT - FIT wiggle + 1-CBO + 2-CBO
 **********
 **   42 **RES 
 **********
                   PARAMETER   16  beta_vw RESTORED TO VARIABLE.
                   PARAMETER   14  alpha_vw RESTORED TO VARIABLE.
                   PARAMETER   13  beta_y RESTORED TO VARIABLE.
                   PARAMETER   11  alpha_y RESTORED TO VARIABLE.
                   PARAMETER   10  beta_2CBO RESTORED TO VARIABLE.
                   PARAMETER    6  alpha_CBO RESTORED TO VARIABLE.
                   PARAMETER    4  phi RESTORED TO VARIABLE.
                   PARAMETER    3  A0 RESTORED TO VARIABLE.
                   PARAMETER    1  N0 RESTORED TO VARIABLE.
 **********
 **   43 **FIX           10
 **********
 **********
 **   44 **FIX           11
 **********
 **********
 **   45 **FIX           12
 **********
 PARAMETER   12  IS CONSTANT.   IGNORED.
 **********
 **   46 **FIX           13
 **********
 **********
 **   47 **FIX           14
 **********
 **********
 **   48 **FIX           15
 **********
 PARAMETER   15  IS CONSTANT.   IGNORED.
 **********
 **   49 **FIX           16
 **********
 **********
 **   50 **MIGRAD
 **********
 START MIGRAD MINIMIZATION.  STRATEGY  1.  CONVERGENCE WHEN EDM .LT. 1.00e-04
 FCN=18.116 FROM MIGRAD    STATUS=INITIATE       22 CALLS        1990 TOTAL
                     EDM= unknown      STRATEGY= 1      NO ERROR MATRIX       
  EXT PARAMETER               CURRENT GUESS       STEP         FIRST   
  NO.   NAME      VALUE            ERROR          SIZE      DERIVATIVE 
   1  N0           3.22762e+06   4.19880e+03   4.19880e+03   2.52487e-05
   2  tau          6.44362e+01   constant   
   3  A0           3.58796e-01   1.86003e-03   1.86003e-03   2.00061e+00
   4  phi          4.11764e+00   5.09958e-03   5.09958e-03  -4.15238e+01
   5  R           -5.98416e+01   constant   
   6  alpha_CBO   -4.06626e-03   1.63337e-03   1.63337e-03  -2.27325e+02
   7  w_CBO        2.32500e+00   constant   
   8  beta_CBO    -9.36302e-07   4.04519e-04   3.46834e-07   8.54026e+00
   9  alpha_2CBO   2.22824e-05   3.19265e-04   3.30125e-07  -7.98211e-01
  10  beta_2CBO    2.23911e-04     fixed    
  11  alpha_y      0.00000e+00     fixed    
  12  w_y          1.44500e+01   constant   
  13  beta_y      -2.42450e-03     fixed    
  14  alpha_vw     0.00000e+00     fixed    
  15  w_vw         1.29000e+01   constant   
  16  beta_vw      0.00000e+00     fixed    
  17  LM           1.16794e-03   constant   
  18  zeta_y       0.00000e+00   constant   
  19  zeta_vw      0.00000e+00   constant   
  20  T_CBO        5.36675e+01   2.13999e+01   1.41102e-05   2.03198e-02
  21  alpha_A0    -3.98975e-02   1.29357e-02   3.01743e-06  -4.19195e-01
  22  beta_A0     -2.20526e-02   8.00253e-03   3.41473e-06   1.09966e-01
  23  alpha_phi   -2.39583e-02   7.94158e-03   3.55087e-06   7.21797e-02
  24  beta_phi     3.33729e-02   1.11413e-02   2.68148e-06   2.19025e-01
 MIGRAD MINIMIZATION HAS CONVERGED.
 FCN=18.037 FROM MIGRAD    STATUS=CONVERGED     295 CALLS        2263 TOTAL
                     EDM=5.50018e-06    STRATEGY= 1  ERROR MATRIX UNCERTAINTY   0.9 per cent
  EXT PARAMETER                                   STEP         FIRST   
  NO.   NAME      VALUE            ERROR          SIZE      DERIVATIVE 
   1  N0           3.22762e+06   4.10102e+02  -8.47113e-01  -2.37055e-06
   2  tau          6.44362e+01   constant   
   3  A0           3.58970e-01   6.00710e-04   6.76777e-06   9.43595e+00
   4  phi          4.11841e+00   2.74906e-03   3.35769e-05  -1.84565e+00
   5  R           -5.98416e+01   constant   
   6  alpha_CBO   -3.48462e-03   2.07330e-03   2.53691e-05  -1.10070e+01
   7  w_CBO        2.32500e+00   constant   
   8  beta_CBO     7.10979e-04   2.54221e-03   3.03984e-05   7.99692e+00
   9  alpha_2CBO   3.03004e-04   1.05669e-03   1.38332e-05  -2.41529e+00
  10  beta_2CBO    2.23911e-04     fixed    
  11  alpha_y      0.00000e+00     fixed    
  12  w_y          1.44500e+01   constant   
  13  beta_y      -2.42450e-03     fixed    
  14  alpha_vw     0.00000e+00     fixed    
  15  w_vw         1.29000e+01   constant   
  16  beta_vw      0.00000e+00     fixed    
  17  LM           1.16794e-03   constant   
  18  zeta_y       0.00000e+00   constant   
  19  zeta_vw      0.00000e+00   constant   
  20  T_CBO        5.69418e+01   1.16886e+01   6.01223e-04   7.31754e-02
  21  alpha_A0    -4.49925e-02   1.76645e-02  -2.16145e-04  -9.45206e-01
  22  beta_A0     -2.75035e-02   1.92235e-02  -2.35109e-04  -2.85080e-01
  23  alpha_phi   -2.78864e-02   1.39735e-02  -1.60761e-04   1.40220e+00
  24  beta_phi     2.93234e-02   1.39291e-02  -1.70664e-04   1.79290e-01
 EXTERNAL ERROR MATRIX.    NDIM=  25    NPAR= 11    ERR DEF=1
  1.682e+05 
 -2.987e-02  3.609e-07 
 -1.987e-01  1.571e-06  7.557e-06 
 -1.023e-01  1.205e-06  5.591e-06  4.299e-06 
 -5.073e-02  1.475e-06  6.780e-06  5.216e-06  6.463e-06 
 -7.570e-02  5.698e-07  2.777e-06  2.081e-06  2.508e-06  1.117e-06 
 -4.407e+02  6.736e-03  3.150e-02  2.404e-02  2.937e-02  1.163e-02  1.367e+02 
  9.281e-01 -1.015e-05 -4.788e-05 -3.632e-05 -4.413e-05 -1.815e-05 -2.032e-01  3.120e-04 
  3.945e-01 -1.102e-05 -5.123e-05 -3.935e-05 -4.869e-05 -1.909e-05 -2.213e-01  3.338e-04  3.695e-04 
  7.963e-01 -8.074e-06 -3.749e-05 -2.874e-05 -3.494e-05 -1.370e-05 -1.610e-01  2.422e-04  2.633e-04  1.953e-04 
  7.626e-01 -7.980e-06 -3.751e-05 -2.857e-05 -3.484e-05 -1.432e-05 -1.605e-01  2.445e-04  2.637e-04  1.902e-04  1.940e-04 
 PARAMETER  CORRELATION COEFFICIENTS  
       NO.  GLOBAL      1      3      4      6      8      9     20     21     22     23     24
        1  0.70811   1.000 -0.121 -0.176 -0.120 -0.049 -0.175 -0.092  0.128  0.050  0.139  0.134
        3  0.97738  -0.121  1.000  0.951  0.967  0.966  0.898  0.959 -0.956 -0.955 -0.962 -0.954
        4  0.99092  -0.176  0.951  1.000  0.981  0.970  0.956  0.980 -0.986 -0.969 -0.976 -0.980
        6  0.99768  -0.120  0.967  0.981  1.000  0.990  0.950  0.991 -0.992 -0.987 -0.992 -0.989
        8  0.99815  -0.049  0.966  0.970  0.990  1.000  0.934  0.988 -0.983 -0.996 -0.984 -0.984
        9  0.98922  -0.175  0.898  0.956  0.950  0.934  1.000  0.941 -0.972 -0.940 -0.928 -0.973
       20  0.99488  -0.092  0.959  0.980  0.991  0.988  0.941  1.000 -0.984 -0.984 -0.985 -0.985
       21  0.99766   0.128 -0.956 -0.986 -0.992 -0.983 -0.972 -0.984  1.000  0.983  0.981  0.994
       22  0.99732   0.050 -0.955 -0.969 -0.987 -0.996 -0.940 -0.984  0.983  1.000  0.980  0.985
       23  0.99437   0.139 -0.962 -0.976 -0.992 -0.984 -0.928 -0.985  0.981  0.980  1.000  0.977
       24  0.99707   0.134 -0.954 -0.980 -0.989 -0.984 -0.973 -0.985  0.994  0.985  0.977  1.000
MINUIT - FIT ONLY 1-y
 **********
 **   51 **RES 
 **********
                   PARAMETER   16  beta_vw RESTORED TO VARIABLE.
                   PARAMETER   14  alpha_vw RESTORED TO VARIABLE.
                   PARAMETER   13  beta_y RESTORED TO VARIABLE.
                   PARAMETER   11  alpha_y RESTORED TO VARIABLE.
                   PARAMETER   10  beta_2CBO RESTORED TO VARIABLE.
 **********
 **   52 **FIX            0
 **********
 PARAMETER    0  IS UNDEFINED. IGNORED.
 **********
 **   53 **FIX            1
 **********
 **********
 **   54 **FIX            2
 **********
 PARAMETER    2  IS CONSTANT.   IGNORED.
 **********
 **   55 **FIX            3
 **********
 **********
 **   56 **FIX            4
 **********
 **********
 **   57 **FIX            5
 **********
 PARAMETER    5  IS CONSTANT.   IGNORED.
 **********
 **   58 **FIX            6
 **********
 **********
 **   59 **FIX            7
 **********
 PARAMETER    7  IS CONSTANT.   IGNORED.
 **********
 **   60 **FIX            8
 **********
 **********
 **   61 **FIX            9
 **********
 **********
 **   62 **FIX           13
 **********
 **********
 **   63 **FIX           14
 **********
 **********
 **   64 **FIX           15
 **********
 PARAMETER   15  IS CONSTANT.   IGNORED.
 **********
 **   65 **FIX           16
 **********
 **********
 **   66 **MIGRAD
 **********
 START MIGRAD MINIMIZATION.  STRATEGY  1.  CONVERGENCE WHEN EDM .LT. 1.00e-04
 FCN=18.037 FROM MIGRAD    STATUS=INITIATE       16 CALLS        2279 TOTAL
                     EDM= unknown      STRATEGY= 1      NO ERROR MATRIX       
  EXT PARAMETER               CURRENT GUESS       STEP         FIRST   
  NO.   NAME      VALUE            ERROR          SIZE      DERIVATIVE 
   1  N0           3.22762e+06     fixed    
   2  tau          6.44362e+01   constant   
   3  A0           3.58970e-01     fixed    
   4  phi          4.11841e+00     fixed    
   5  R           -5.98416e+01   constant   
   6  alpha_CBO   -3.48462e-03     fixed    
   7  w_CBO        2.32500e+00   constant   
   8  beta_CBO     7.10979e-04     fixed    
   9  alpha_2CBO   3.03004e-04     fixed    
  10  beta_2CBO    2.23911e-04   5.93222e-04   5.93222e-04  -5.22724e+02
  11  alpha_y      0.00000e+00   1.00000e-03   1.00000e-03   1.52416e+04
  12  w_y          1.44500e+01   constant   
  13  beta_y      -2.42450e-03     fixed    
  14  alpha_vw     0.00000e+00     fixed    
  15  w_vw         1.29000e+01   constant   
  16  beta_vw      0.00000e+00     fixed    
  17  LM           1.16794e-03   constant   
  18  zeta_y       0.00000e+00   constant   
  19  zeta_vw      0.00000e+00   constant   
  20  T_CBO        5.69418e+01   1.16886e+01   6.01223e-04   7.31762e-02
  21  alpha_A0    -4.49925e-02   1.76645e-02  -2.16145e-04  -9.45208e-01
  22  beta_A0     -2.75035e-02   1.92235e-02  -2.35109e-04  -2.85079e-01
  23  alpha_phi   -2.78864e-02   1.39735e-02  -1.60761e-04   1.40220e+00
  24  beta_phi     2.93234e-02   1.39291e-02  -1.70664e-04   1.79290e-01
 MIGRAD MINIMIZATION HAS CONVERGED.
 MIGRAD WILL VERIFY CONVERGENCE AND ERROR MATRIX.
 COVARIANCE MATRIX CALCULATED SUCCESSFULLY
 FCN=16.5458 FROM HESSE     STATUS=OK             50 CALLS        2408 TOTAL
                     EDM=0.0045037    STRATEGY= 1      ERROR MATRIX ACCURATE 
  EXT PARAMETER                                   STEP         FIRST   
  NO.   NAME      VALUE            ERROR          SIZE      DERIVATIVE 
   1  N0           3.22762e+06     fixed    
   2  tau          6.44362e+01   constant   
   3  A0           3.58970e-01     fixed    
   4  phi          4.11841e+00     fixed    
   5  R           -5.98416e+01   constant   
   6  alpha_CBO   -3.48462e-03     fixed    
   7  w_CBO        2.32500e+00   constant   
   8  beta_CBO     7.10979e-04     fixed    
   9  alpha_2CBO   3.03004e-04     fixed    
  10  beta_2CBO    2.04379e-04   3.20038e-04   3.35346e-07   3.72875e-01
  11  alpha_y     -1.96312e-04   1.60977e-04   3.23999e-07   1.15542e+00
  12  w_y          1.44500e+01   constant   
  13  beta_y      -2.42450e-03     fixed    
  14  alpha_vw     0.00000e+00     fixed    
  15  w_vw         1.29000e+01   constant   
  16  beta_vw      0.00000e+00     fixed    
  17  LM           1.16794e-03   constant   
  18  zeta_y       0.00000e+00   constant   
  19  zeta_vw      0.00000e+00   constant   
  20  T_CBO        5.70104e+01   5.20821e+02   1.36097e-05   6.75784e-02
  21  alpha_A0    -4.49210e-02   1.55035e-01   2.76006e-06   1.16436e-01
  22  beta_A0     -2.74954e-02   9.77139e-02   3.12955e-06  -5.24282e-02
  23  alpha_phi   -2.81679e-02   9.60213e-02   3.24723e-06  -2.15744e-02
  24  beta_phi     2.93783e-02   1.02799e-01   2.44543e-06  -4.63748e-01
 CALL LIMIT EXCEEDED IN MIGRAD.
 MIGRAD TERMINATED WITHOUT CONVERGENCE.
 FCN=16.5318 FROM MIGRAD    STATUS=CALL LIMIT   1145 CALLS        3408 TOTAL
                     EDM=0.000136435    STRATEGY= 1  ERROR MATRIX UNCERTAINTY  16.3 per cent
  EXT PARAMETER                APPROXIMATE        STEP         FIRST   
  NO.   NAME      VALUE            ERROR          SIZE      DERIVATIVE 
   1  N0           3.22762e+06     fixed    
   2  tau          6.44362e+01   constant   
   3  A0           3.58970e-01     fixed    
   4  phi          4.11841e+00     fixed    
   5  R           -5.98416e+01   constant   
   6  alpha_CBO   -3.48462e-03     fixed    
   7  w_CBO        2.32500e+00   constant   
   8  beta_CBO     7.10979e-04     fixed    
   9  alpha_2CBO   3.03004e-04     fixed    
  10  beta_2CBO    2.31482e-04   2.49010e-04   1.18515e-08  -2.42849e+01
  11  alpha_y     -1.95658e-04   1.55162e-04   2.77258e-06   5.04920e+01
  12  w_y          1.44500e+01   constant   
  13  beta_y      -2.42450e-03     fixed    
  14  alpha_vw     0.00000e+00     fixed    
  15  w_vw         1.29000e+01   constant   
  16  beta_vw      0.00000e+00     fixed    
  17  LM           1.16794e-03   constant   
  18  zeta_y       0.00000e+00   constant   
  19  zeta_vw      0.00000e+00   constant   
  20  T_CBO        3.60624e+01   3.89910e+01  -1.09310e-03  -2.19187e+00
  21  alpha_A0    -6.97168e-02   8.66576e-02  -4.72715e-04   3.21434e+00
  22  beta_A0     -4.32436e-02   5.56820e-02  -3.01078e-04  -1.54291e+00
  23  alpha_phi   -4.34684e-02   5.31613e-02  -2.93199e-04   2.78052e+00
  24  beta_phi     4.58701e-02   5.78141e-02   3.05847e-04  -2.21086e+00
 EXTERNAL ERROR MATRIX.    NDIM=  25    NPAR=  7    ERR DEF=1
  6.201e-08  5.254e-09 -3.600e-03 -7.815e-06 -5.319e-06 -4.544e-06  5.307e-06 
  5.254e-09  2.408e-08 -1.122e-03 -2.616e-06 -1.666e-06 -1.581e-06  1.710e-06 
 -3.600e-03 -1.122e-03  1.543e+03  3.402e+00  2.185e+00  2.085e+00 -2.269e+00 
 -7.815e-06 -2.616e-06  3.402e+00  7.510e-03  4.821e-03  4.604e-03 -5.007e-03 
 -5.319e-06 -1.666e-06  2.185e+00  4.821e-03  3.100e-03  2.955e-03 -3.214e-03 
 -4.544e-06 -1.581e-06  2.085e+00  4.604e-03  2.955e-03  2.826e-03 -3.069e-03 
  5.307e-06  1.710e-06 -2.269e+00 -5.007e-03 -3.214e-03 -3.069e-03  3.342e-03 
ERR MATRIX APPROXIMATE
 PARAMETER  CORRELATION COEFFICIENTS  
       NO.  GLOBAL     10     11     20     21     22     23     24
       10  0.77967   1.000  0.136 -0.368 -0.362 -0.384 -0.343  0.369
       11  0.37352   0.136  1.000 -0.184 -0.195 -0.193 -0.192  0.191
       20  0.99954  -0.368 -0.184  1.000  0.999  0.999  0.999 -0.999
       21  0.99980  -0.362 -0.195  0.999  1.000  0.999  0.999 -0.999
       22  0.99941  -0.384 -0.193  0.999  0.999  1.000  0.998 -0.999
       23  0.99952  -0.343 -0.192  0.999  0.999  0.998  1.000 -0.999
       24  0.99951   0.369  0.191 -0.999 -0.999 -0.999 -0.999  1.000
 ERR MATRIX APPROXIMATE
MINUIT - FIT ONLY 2-y
 **********
 **   67 **RES 
 **********
                   PARAMETER   16  beta_vw RESTORED TO VARIABLE.
                   PARAMETER   14  alpha_vw RESTORED TO VARIABLE.
                   PARAMETER   13  beta_y RESTORED TO VARIABLE.
                   PARAMETER    9  alpha_2CBO RESTORED TO VARIABLE.
                   PARAMETER    8  beta_CBO RESTORED TO VARIABLE.
                   PARAMETER    6  alpha_CBO RESTORED TO VARIABLE.
                   PARAMETER    4  phi RESTORED TO VARIABLE.
                   PARAMETER    3  A0 RESTORED TO VARIABLE.
                   PARAMETER    1  N0 RESTORED TO VARIABLE.
 **********
 **   68 **FIX            0
 **********
 PARAMETER    0  IS UNDEFINED. IGNORED.
 **********
 **   69 **FIX            1
 **********
 **********
 **   70 **FIX            2
 **********
 PARAMETER    2  IS CONSTANT.   IGNORED.
 **********
 **   71 **FIX            3
 **********
 **********
 **   72 **FIX            4
 **********
 **********
 **   73 **FIX            5
 **********
 PARAMETER    5  IS CONSTANT.   IGNORED.
 **********
 **   74 **FIX            6
 **********
 **********
 **   75 **FIX            7
 **********
 PARAMETER    7  IS CONSTANT.   IGNORED.
 **********
 **   76 **FIX            8
 **********
 **********
 **   77 **FIX            9
 **********
 **********
 **   78 **FIX           10
 **********
 **********
 **   79 **FIX           11
 **********
 **********
 **   80 **FIX           12
 **********
 PARAMETER   12  IS CONSTANT.   IGNORED.
 **********
 **   81 **FIX           16
 **********
 **********
 **   82 **MIGRAD
 **********
 START MIGRAD MINIMIZATION.  STRATEGY  1.  CONVERGENCE WHEN EDM .LT. 1.00e-04
 FCN=16.5318 FROM MIGRAD    STATUS=INITIATE       16 CALLS        3424 TOTAL
                     EDM= unknown      STRATEGY= 1      NO ERROR MATRIX       
  EXT PARAMETER               CURRENT GUESS       STEP         FIRST   
  NO.   NAME      VALUE            ERROR          SIZE      DERIVATIVE 
   1  N0           3.22762e+06     fixed    
   2  tau          6.44362e+01   constant   
   3  A0           3.58970e-01     fixed    
   4  phi          4.11841e+00     fixed    
   5  R           -5.98416e+01   constant   
   6  alpha_CBO   -3.48462e-03     fixed    
   7  w_CBO        2.32500e+00   constant   
   8  beta_CBO     7.10979e-04     fixed    
   9  alpha_2CBO   3.03004e-04     fixed    
  10  beta_2CBO    2.31482e-04     fixed    
  11  alpha_y     -1.95658e-04     fixed    
  12  w_y          1.44500e+01   constant   
  13  beta_y      -2.42450e-03   1.63433e-04   1.63433e-04   2.42099e+02
  14  alpha_vw     0.00000e+00   1.00000e-03   1.00000e-03  -3.74287e+03
  15  w_vw         1.29000e+01   constant   
  16  beta_vw      0.00000e+00     fixed    
  17  LM           1.16794e-03   constant   
  18  zeta_y       0.00000e+00   constant   
  19  zeta_vw      0.00000e+00   constant   
  20  T_CBO        3.60624e+01   3.89910e+01  -1.09310e-03  -2.19187e+00
  21  alpha_A0    -6.97168e-02   8.66576e-02  -4.72715e-04   3.21435e+00
  22  beta_A0     -4.32436e-02   5.56820e-02  -3.01078e-04  -1.54291e+00
  23  alpha_phi   -4.34684e-02   5.31613e-02  -2.93199e-04   2.78052e+00
  24  beta_phi     4.58701e-02   5.78141e-02   3.05847e-04  -2.21086e+00
 MIGRAD MINIMIZATION HAS CONVERGED.
 MIGRAD WILL VERIFY CONVERGENCE AND ERROR MATRIX.
 COVARIANCE MATRIX CALCULATED SUCCESSFULLY
 FCN=16.4456 FROM HESSE     STATUS=OK             50 CALLS        3521 TOTAL
                     EDM=0.0100217    STRATEGY= 1      ERROR MATRIX ACCURATE 
  EXT PARAMETER                                   STEP         FIRST   
  NO.   NAME      VALUE            ERROR          SIZE      DERIVATIVE 
   1  N0           3.22762e+06     fixed    
   2  tau          6.44362e+01   constant   
   3  A0           3.58970e-01     fixed    
   4  phi          4.11841e+00     fixed    
   5  R           -5.98416e+01   constant   
   6  alpha_CBO   -3.48462e-03     fixed    
   7  w_CBO        2.32500e+00   constant   
   8  beta_CBO     7.10979e-04     fixed    
   9  alpha_2CBO   3.03004e-04     fixed    
  10  beta_2CBO    2.31482e-04     fixed    
  11  alpha_y     -1.95658e-04     fixed    
  12  w_y          1.44500e+01   constant   
  13  beta_y      -2.42303e-03   1.61472e-04   3.25808e-07  -7.28346e+00
  14  alpha_vw     4.62659e-05   1.60862e-04   3.19090e-07   8.99749e-01
  15  w_vw         1.29000e+01   constant   
  16  beta_vw      0.00000e+00     fixed    
  17  LM           1.16794e-03   constant   
  18  zeta_y       0.00000e+00   constant   
