 + ++++++++++++++++++++++++++++++++++++++++++++++++++++++++++++++++++++ +
 +                                                                      +
 +           You have chose to blind your fitting according to          +
 +                omega_ref * (1 + (R +/- deltaR) *10^{-6})             +
 +                                                                      +
 + ++++++++++++++++++++++++++++++++++++++++++++++++++++++++++++++++++++ +
In main()...
reading format from /gm2data/zkhechad/run45/envelope/formats/formatB_sBin_constraintOn.txt
pBinTau 	= 0  
pBinPhi 	= 0  
constraintau 	= 1 
includeMopTerm 	= 0    
constrainMop    = 0   
Parameters after format file: pBinTau 0 pBinPhi 0 constraintau 1 includeMopTerm 0 constrainMop 0 c_e_scale 0.000000 
Opening file /gm2data/tbarrett/gm2fr/studies/run23_bunch_corrections/CorrectedFourier_Run3b.root.
reading full fit data from /gm2data/zkhechad/cboTemplates/Run4CBOTemplates/fullFits/noRF/sBin_constraintOn_cE0.0_seed0_noRF_calo4.root
windowBins = 69
fitting sliding window 980 from bin 1116 at 166.358000 to bin 1185 at 176.802000 (69 bins)

Reading data from /gm2data/cornell/histograms/aMethod/histogram_a_noRF.root
 **********
 **    1 **SET PRINTOUT            1
 **********
 **********
 **    2 **SET NOWARNINGS 
 **********
 PARAMETER DEFINITIONS:
    NO.   NAME         VALUE      STEP SIZE      LIMITS
     1 N0           2.96874e+06  1.00000e+02     no limits
     2 tau          6.44041e+01  constant
     3 A0           3.53299e-01  1.00000e-04     no limits
     4 phi          4.11736e+00  1.00000e-02     no limits
     5 R           -5.92716e+01  constant
     6 alpha_CBO    0.00000e+00  1.00000e-03     no limits
     7 w_CBO        2.32500e+00  constant
     8 beta_CBO     0.00000e+00  1.00000e-03     no limits
     9 alpha_2CBO   0.00000e+00  1.00000e-03     no limits
    10 beta_2CBO    0.00000e+00  1.00000e-03     no limits
    11 alpha_y      0.00000e+00  1.00000e-03     no limits
    12 w_y          1.38860e+01  constant
    13 beta_y       0.00000e+00  1.00000e-03     no limits
    14 alpha_vw     0.00000e+00  1.00000e-03     no limits
    15 w_vw         1.43404e+01  constant
    16 beta_vw      0.00000e+00  1.00000e-03     no limits
    17 LM           4.68092e-05  constant
    18 zeta_y       0.00000e+00  constant
    19 zeta_vw      0.00000e+00  constant
    20 T_CBO        1.00000e+02  1.00000e+00    0.00000e+00  1.00000e+03
    21 alpha_A0     0.00000e+00  1.00000e-04   -1.00000e-02  1.00000e-02
    22 beta_A0      0.00000e+00  1.00000e-04   -1.00000e-02  1.00000e-02
    23 alpha_phi    0.00000e+00  1.00000e-04   -1.00000e-02  1.00000e-02
    24 beta_phi     0.00000e+00  1.00000e-04   -1.00000e-02  1.00000e-02
MINUIT - FIT ONLY WIGGLE
 **********
 **    3 **FIX            5
 **********
 PARAMETER    5  IS CONSTANT.   IGNORED.
 **********
 **    4 **FIX            6
 **********
 **********
 **    5 **FIX            7
 **********
 PARAMETER    7  IS CONSTANT.   IGNORED.
 **********
 **    6 **FIX            8
 **********
 **********
 **    7 **FIX            9
 **********
 **********
 **    8 **FIX           10
 **********
 **********
 **    9 **FIX           11
 **********
 **********
 **   10 **FIX           12
 **********
 PARAMETER   12  IS CONSTANT.   IGNORED.
 **********
 **   11 **FIX           13
 **********
 **********
 **   12 **FIX           14
 **********
 **********
 **   13 **FIX           15
 **********
 PARAMETER   15  IS CONSTANT.   IGNORED.
 **********
 **   14 **FIX           16
 **********
 **********
 **   15 **MIGRAD
 **********
 FIRST CALL TO USER FUNCTION AT NEW START POINT, WITH IFLAG=4.
 START MIGRAD MINIMIZATION.  STRATEGY  1.  CONVERGENCE WHEN EDM .LT. 1.00e-04
 FCN=456.396 FROM MIGRAD    STATUS=INITIATE      437 CALLS         438 TOTAL
                     EDM= unknown      STRATEGY= 1      NO ERROR MATRIX       
  EXT PARAMETER               CURRENT GUESS       STEP         FIRST   
  NO.   NAME      VALUE            ERROR          SIZE      DERIVATIVE 
   1  N0           2.96874e+06   1.00000e+02   0.00000e+00   6.85932e-03
   2  tau          6.44041e+01   constant   
   3  A0           3.53299e-01   1.00000e-04   0.00000e+00   4.50391e+04
   4  phi          4.11736e+00   1.00000e-02   0.00000e+00  -1.25848e+04
   5  R           -5.92716e+01   constant   
   6  alpha_CBO    0.00000e+00     fixed    
   7  w_CBO        2.32500e+00   constant   
   8  beta_CBO     0.00000e+00     fixed    
   9  alpha_2CBO   0.00000e+00     fixed    
  10  beta_2CBO    0.00000e+00     fixed    
  11  alpha_y      0.00000e+00     fixed    
  12  w_y          1.38860e+01   constant   
  13  beta_y       0.00000e+00     fixed    
  14  alpha_vw     0.00000e+00     fixed    
  15  w_vw         1.43404e+01   constant   
  16  beta_vw      0.00000e+00     fixed    
  17  LM           4.68092e-05   constant   
  18  zeta_y       0.00000e+00   constant   
  19  zeta_vw      0.00000e+00   constant   
  20  T_CBO        1.00000e+02   1.00000e+00   0.00000e+00   0.00000e+00
  21  alpha_A0     0.00000e+00   1.00000e-04   0.00000e+00  -8.74520e+00
  22  beta_A0      0.00000e+00   1.00000e-04   0.00000e+00  -1.50047e+01
  23  alpha_phi    0.00000e+00   1.00000e-04   0.00000e+00  -2.63235e+00
  24  beta_phi     0.00000e+00   1.00000e-04   0.00000e+00  -3.01501e+00
 MIGRAD MINIMIZATION HAS CONVERGED.
 FCN=395.276 FROM MIGRAD    STATUS=CONVERGED     621 CALLS         622 TOTAL
                     EDM=7.04323e-06    STRATEGY= 1  ERROR MATRIX UNCERTAINTY   1.2 per cent
  EXT PARAMETER                                   STEP         FIRST   
  NO.   NAME      VALUE            ERROR          SIZE      DERIVATIVE 
   1  N0           2.96818e+06   4.60558e+02   3.62903e-01   3.56503e-06
   2  tau          6.44041e+01   constant   
   3  A0           3.52260e-01   2.02020e-04  -3.01886e-07  -4.65943e+00
   4  phi          4.12015e+00   6.30041e-04   1.03945e-06  -3.72364e+00
   5  R           -5.92716e+01   constant   
   6  alpha_CBO    0.00000e+00     fixed    
   7  w_CBO        2.32500e+00   constant   
   8  beta_CBO     0.00000e+00     fixed    
   9  alpha_2CBO   0.00000e+00     fixed    
  10  beta_2CBO    0.00000e+00     fixed    
  11  alpha_y      0.00000e+00     fixed    
  12  w_y          1.38860e+01   constant   
  13  beta_y       0.00000e+00     fixed    
  14  alpha_vw     0.00000e+00     fixed    
  15  w_vw         1.43404e+01   constant   
  16  beta_vw      0.00000e+00     fixed    
  17  LM           4.68092e-05   constant   
  18  zeta_y       0.00000e+00   constant   
  19  zeta_vw      0.00000e+00   constant   
  20  T_CBO        1.70909e+02   4.25728e+01   8.32945e-04  -3.54058e-02
  21  alpha_A0     2.02288e-03   2.45317e-03  -2.95297e-03  -9.31765e-03
  22  beta_A0      9.99620e-03   1.18177e-03  -2.33901e-04   2.60881e-03
  23  alpha_phi    3.71503e-03   2.54951e-03   2.40433e-04  -2.59538e-03
  24  beta_phi     6.60677e-04   2.19656e-03  -7.51070e-04  -5.69846e-03
 EXTERNAL ERROR MATRIX.    NDIM=  25    NPAR=  8    ERR DEF=1
  2.121e+05  3.816e-03  2.263e-02  2.824e+03  1.028e-01  1.121e-03  5.047e-02 -1.705e-01 
  3.816e-03  4.081e-08 -1.278e-08 -1.402e-04  5.235e-08  3.089e-10 -5.754e-08  3.061e-08 
  2.263e-02 -1.278e-08  3.970e-07  3.486e-03 -1.905e-07 -4.209e-09  9.123e-08 -6.337e-08 
  2.824e+03 -1.402e-04  3.486e-03  1.820e+03 -2.292e-02  2.610e-04 -2.825e-02 -1.401e-02 
  1.028e-01  5.235e-08 -1.905e-07 -2.292e-02  6.148e-06  1.190e-08 -2.679e-07  5.228e-07 
  1.121e-03  3.089e-10 -4.209e-09  2.610e-04  1.190e-08  1.833e-08  1.005e-09  2.204e-09 
  5.047e-02 -5.754e-08  9.123e-08 -2.825e-02 -2.679e-07  1.005e-09  6.670e-06  6.805e-08 
 -1.705e-01  3.061e-08 -6.337e-08 -1.401e-02  5.228e-07  2.204e-09  6.805e-08  4.905e-06 
 PARAMETER  CORRELATION COEFFICIENTS  
       NO.  GLOBAL      1      3      4     20     21     22     23     24
        1  0.27535   1.000  0.041  0.078  0.144  0.090  0.018  0.042 -0.167
        3  0.18873   0.041  1.000 -0.100 -0.016  0.105  0.011 -0.110  0.068
        4  0.21621   0.078 -0.100  1.000  0.130 -0.122 -0.049  0.056 -0.045
       20  0.41366   0.144 -0.016  0.130  1.000 -0.217  0.045 -0.256 -0.148
       21  0.30904   0.090  0.105 -0.122 -0.217  1.000  0.035 -0.042  0.095
       22  0.08739   0.018  0.011 -0.049  0.045  0.035  1.000  0.003  0.007
       23  0.31726   0.042 -0.110  0.056 -0.256 -0.042  0.003  1.000  0.012
       24  0.23459  -0.167  0.068 -0.045 -0.148  0.095  0.007  0.012  1.000
MINUIT - FIT ONLY 1-CBO + wiggle
 **********
 **   16 **RES 
 **********
                   PARAMETER   16  beta_vw RESTORED TO VARIABLE.
                   PARAMETER   14  alpha_vw RESTORED TO VARIABLE.
                   PARAMETER   13  beta_y RESTORED TO VARIABLE.
                   PARAMETER   11  alpha_y RESTORED TO VARIABLE.
                   PARAMETER   10  beta_2CBO RESTORED TO VARIABLE.
                   PARAMETER    9  alpha_2CBO RESTORED TO VARIABLE.
                   PARAMETER    8  beta_CBO RESTORED TO VARIABLE.
                   PARAMETER    6  alpha_CBO RESTORED TO VARIABLE.
 **********
 **   17 **FIX            8
 **********
 **********
 **   18 **FIX            9
 **********
 **********
 **   19 **FIX           11
 **********
 **********
 **   20 **FIX           12
 **********
 PARAMETER   12  IS CONSTANT.   IGNORED.
 **********
 **   21 **FIX           14
 **********
 **********
 **   22 **FIX           15
 **********
 PARAMETER   15  IS CONSTANT.   IGNORED.
 **********
 **   23 **FIX           16
 **********
 **********
 **   24 **MIGRAD
 **********
 START MIGRAD MINIMIZATION.  STRATEGY  1.  CONVERGENCE WHEN EDM .LT. 1.00e-04
 FCN=395.276 FROM MIGRAD    STATUS=INITIATE       28 CALLS         650 TOTAL
                     EDM= unknown      STRATEGY= 1      NO ERROR MATRIX       
  EXT PARAMETER               CURRENT GUESS       STEP         FIRST   
  NO.   NAME      VALUE            ERROR          SIZE      DERIVATIVE 
   1  N0           2.96818e+06   4.60558e+02   3.62903e-01   3.56503e-06
   2  tau          6.44041e+01   constant   
   3  A0           3.52260e-01   2.02020e-04  -3.01886e-07  -4.65943e+00
   4  phi          4.12015e+00   6.30041e-04   1.03945e-06  -3.72365e+00
   5  R           -5.92716e+01   constant   
   6  alpha_CBO    0.00000e+00   1.00000e-03   1.00000e-03   2.06188e+04
   7  w_CBO        2.32500e+00   constant   
   8  beta_CBO     0.00000e+00     fixed    
   9  alpha_2CBO   0.00000e+00     fixed    
  10  beta_2CBO    0.00000e+00   1.00000e-03   1.00000e-03   1.57447e+04
  11  alpha_y      0.00000e+00     fixed    
  12  w_y          1.38860e+01   constant   
  13  beta_y       0.00000e+00   1.00000e-03   1.00000e-03  -3.42131e+03
  14  alpha_vw     0.00000e+00     fixed    
  15  w_vw         1.43404e+01   constant   
  16  beta_vw      0.00000e+00     fixed    
  17  LM           4.68092e-05   constant   
  18  zeta_y       0.00000e+00   constant   
  19  zeta_vw      0.00000e+00   constant   
  20  T_CBO        1.70909e+02   4.25728e+01   8.32945e-04  -3.54063e-02
  21  alpha_A0     2.02288e-03   2.45317e-03  -2.95297e-03  -9.31756e-03
  22  beta_A0      9.99620e-03   1.18177e-03  -2.33901e-04  -2.87247e-03
  23  alpha_phi    3.71503e-03   2.54951e-03   2.40433e-04  -2.59526e-03
  24  beta_phi     6.60677e-04   2.19656e-03  -7.51070e-04  -5.69844e-03
 MIGRAD MINIMIZATION HAS CONVERGED.
 MIGRAD WILL VERIFY CONVERGENCE AND ERROR MATRIX.
 COVARIANCE MATRIX CALCULATED SUCCESSFULLY
 FCN=385.851 FROM MIGRAD    STATUS=CONVERGED     256 CALLS         878 TOTAL
                     EDM=5.07516e-06    STRATEGY= 1      ERROR MATRIX ACCURATE 
  EXT PARAMETER                                   STEP         FIRST   
  NO.   NAME      VALUE            ERROR          SIZE      DERIVATIVE 
   1  N0           2.96818e+06   5.08909e+02   4.56166e+00   9.57868e-07
   2  tau          6.44041e+01   constant   
   3  A0           3.52199e-01   2.08730e-04   1.94331e-06  -4.16783e+00
   4  phi          4.11994e+00   6.45278e-04   5.93594e-06   4.01021e-01
   5  R           -5.92716e+01   constant   
   6  alpha_CBO   -5.85018e-04   2.39575e-04   2.21865e-06  -2.59449e+00
   7  w_CBO        2.32500e+00   constant   
   8  beta_CBO     0.00000e+00     fixed    
   9  alpha_2CBO   0.00000e+00     fixed    
  10  beta_2CBO   -4.14393e-04   2.32059e-04   2.17255e-06   3.65217e+00
  11  alpha_y      0.00000e+00     fixed    
  12  w_y          1.38860e+01   constant   
  13  beta_y       7.73728e-05   2.25700e-04   2.16525e-06   4.56569e-01
  14  alpha_vw     0.00000e+00     fixed    
  15  w_vw         1.43404e+01   constant   
  16  beta_vw      0.00000e+00     fixed    
  17  LM           4.68092e-05   constant   
  18  zeta_y       0.00000e+00   constant   
  19  zeta_vw      0.00000e+00   constant   
  20  T_CBO        1.63309e+02   4.60227e+01   9.74876e-04   1.47431e-02
  21  alpha_A0     1.11127e-03   2.54496e-03   2.37041e-03  -2.32575e-03
  22  beta_A0      1.00000e-02   1.07108e-02   5.06170e-02** at limit **
  23  alpha_phi    3.65926e-03   2.68319e-03   2.54353e-03  -4.77576e-03
  24  beta_phi     2.82632e-04   2.24199e-03   2.10490e-03   2.25924e-03
 EXTERNAL ERROR MATRIX.    NDIM=  25    NPAR= 11    ERR DEF=1
  2.590e+05 
  1.646e-02  4.357e-08 
  4.506e-02 -7.836e-09  4.164e-07 
  9.673e-04  3.294e-09  2.612e-08  5.740e-08 
 -1.246e-03  3.202e-09 -6.116e-09 -7.817e-10  5.385e-08 
 -4.989e-04 -9.435e-10  3.194e-09  3.575e-10  7.760e-10  5.094e-08 
  3.082e+03 -9.949e-05  3.166e-03  1.247e-04  8.140e-04  1.408e-04  2.129e+03 
  1.563e-01  6.851e-08 -1.561e-07  5.059e-08  5.226e-08 -1.420e-08 -1.673e-02  6.624e-06 
 -4.147e-06 -3.095e-11 -5.661e-11  7.320e-13 -9.433e-13  6.720e-13  5.666e-04 -3.854e-09  6.582e-10 
  5.132e-02 -4.404e-08  1.724e-07  9.789e-08 -1.187e-07  1.129e-08 -3.889e-02 -3.984e-07 -1.325e-08  7.408e-06 
 -2.155e-01  2.607e-08 -7.636e-08  1.738e-08  2.694e-08 -3.061e-09 -1.119e-02  4.865e-07 -1.086e-09 -1.920e-07  5.113e-06 
 PARAMETER  CORRELATION COEFFICIENTS  
       NO.  GLOBAL      1      3      4      6     10     13     20     21     22     23     24
        1  0.35068   1.000  0.155  0.137  0.008 -0.011 -0.004  0.131  0.119 -0.000  0.037 -0.187
        3  0.24539   0.155  1.000 -0.058  0.066  0.066 -0.020 -0.010  0.128 -0.006 -0.078  0.055
        4  0.28724   0.137 -0.058  1.000  0.169 -0.041  0.022  0.106 -0.094 -0.003  0.098 -0.052
        6  0.26486   0.008  0.066  0.169  1.000 -0.014  0.007  0.011  0.082  0.000  0.150  0.032
       10  0.22295  -0.011  0.066 -0.041 -0.014  1.000  0.015  0.076  0.088 -0.000 -0.188  0.051
       13  0.04628  -0.004 -0.020  0.022  0.007  0.015  1.000  0.014 -0.024  0.000  0.018 -0.006
       20  0.58248   0.131 -0.010  0.106  0.011  0.076  0.014  1.000 -0.141  0.479 -0.310 -0.107
       21  0.30169   0.119  0.128 -0.094  0.082  0.088 -0.024 -0.141  1.000 -0.058 -0.057  0.084
       22  0.48914  -0.000 -0.006 -0.003  0.000 -0.000  0.000  0.479 -0.058  1.000 -0.190 -0.019
       23  0.42284   0.037 -0.078  0.098  0.150 -0.188  0.018 -0.310 -0.057 -0.190  1.000 -0.031
       24  0.24569  -0.187  0.055 -0.052  0.032  0.051 -0.006 -0.107  0.084 -0.019 -0.031  1.000
MINUIT - FIT ONLY 2-CBO
 **********
 **   25 **RES 
 **********
                   PARAMETER   16  beta_vw RESTORED TO VARIABLE.
                   PARAMETER   14  alpha_vw RESTORED TO VARIABLE.
                   PARAMETER   11  alpha_y RESTORED TO VARIABLE.
                   PARAMETER    9  alpha_2CBO RESTORED TO VARIABLE.
                   PARAMETER    8  beta_CBO RESTORED TO VARIABLE.
 **********
 **   26 **FIX            0
 **********
 PARAMETER    0  IS UNDEFINED. IGNORED.
 **********
 **   27 **FIX            1
 **********
 **********
 **   28 **FIX            2
 **********
 PARAMETER    2  IS CONSTANT.   IGNORED.
 **********
 **   29 **FIX            3
 **********
 **********
 **   30 **FIX            4
 **********
 **********
 **   31 **FIX            5
 **********
 PARAMETER    5  IS CONSTANT.   IGNORED.
 **********
 **   32 **FIX            6
 **********
 **********
 **   33 **FIX            7
 **********
 PARAMETER    7  IS CONSTANT.   IGNORED.
 **********
 **   34 **FIX           10
 **********
 **********
 **   35 **FIX           11
 **********
 **********
 **   36 **FIX           12
 **********
 PARAMETER   12  IS CONSTANT.   IGNORED.
 **********
 **   37 **FIX           13
 **********
 **********
 **   38 **FIX           14
 **********
 **********
 **   39 **FIX           15
 **********
 PARAMETER   15  IS CONSTANT.   IGNORED.
 **********
 **   40 **FIX           16
 **********
 **********
 **   41 **MIGRAD
 **********
 START MIGRAD MINIMIZATION.  STRATEGY  1.  CONVERGENCE WHEN EDM .LT. 1.00e-04
 FCN=385.851 FROM MIGRAD    STATUS=INITIATE       18 CALLS         896 TOTAL
                     EDM= unknown      STRATEGY= 1      NO ERROR MATRIX       
  EXT PARAMETER               CURRENT GUESS       STEP         FIRST   
  NO.   NAME      VALUE            ERROR          SIZE      DERIVATIVE 
   1  N0           2.96818e+06     fixed    
   2  tau          6.44041e+01   constant   
   3  A0           3.52199e-01     fixed    
   4  phi          4.11994e+00     fixed    
   5  R           -5.92716e+01   constant   
   6  alpha_CBO   -5.85018e-04     fixed    
   7  w_CBO        2.32500e+00   constant   
   8  beta_CBO     0.00000e+00   1.00000e-03   1.00000e-03   1.51892e+05
   9  alpha_2CBO   0.00000e+00   1.00000e-03   1.00000e-03  -8.33807e+03
  10  beta_2CBO   -4.14393e-04     fixed    
  11  alpha_y      0.00000e+00     fixed    
  12  w_y          1.38860e+01   constant   
  13  beta_y       7.73728e-05     fixed    
  14  alpha_vw     0.00000e+00     fixed    
  15  w_vw         1.43404e+01   constant   
  16  beta_vw      0.00000e+00     fixed    
  17  LM           4.68092e-05   constant   
  18  zeta_y       0.00000e+00   constant   
  19  zeta_vw      0.00000e+00   constant   
  20  T_CBO        1.63309e+02   4.60227e+01   9.74876e-04   1.46339e-02
  21  alpha_A0     1.11127e-03   2.54496e-03   2.37041e-03  -2.33571e-03
  22  beta_A0      1.00000e-02   1.07108e-02   5.06170e-02** at limit **
  23  alpha_phi    3.65926e-03   2.68319e-03   2.54353e-03  -4.81056e-03
  24  beta_phi     2.82632e-04   2.24199e-03   2.10490e-03   2.25674e-03
 MIGRAD MINIMIZATION HAS CONVERGED.
 MIGRAD WILL VERIFY CONVERGENCE AND ERROR MATRIX.
 COVARIANCE MATRIX CALCULATED SUCCESSFULLY
 FCN=80.6451 FROM MIGRAD    STATUS=CONVERGED     735 CALLS        1613 TOTAL
                     EDM=9.98919e-07    STRATEGY= 1      ERROR MATRIX ACCURATE 
  EXT PARAMETER                                   STEP         FIRST   
  NO.   NAME      VALUE            ERROR          SIZE      DERIVATIVE 
   1  N0           2.96818e+06     fixed    
   2  tau          6.44041e+01   constant   
   3  A0           3.52199e-01     fixed    
   4  phi          4.11994e+00     fixed    
   5  R           -5.92716e+01   constant   
   6  alpha_CBO   -5.85018e-04     fixed    
   7  w_CBO        2.32500e+00   constant   
   8  beta_CBO    -4.01452e-03   2.30117e-04   9.85313e-07   5.20077e-01
   9  alpha_2CBO   5.43625e-05   2.33514e-04   1.00565e-06  -6.10421e-01
  10  beta_2CBO   -4.14393e-04     fixed    
  11  alpha_y      0.00000e+00     fixed    
  12  w_y          1.38860e+01   constant   
  13  beta_y       7.73728e-05     fixed    
  14  alpha_vw     0.00000e+00     fixed    
  15  w_vw         1.43404e+01   constant   
  16  beta_vw      0.00000e+00     fixed    
  17  LM           4.68092e-05   constant   
  18  zeta_y       0.00000e+00   constant   
  19  zeta_vw      0.00000e+00   constant   
  20  T_CBO        9.99994e+02   9.96057e+02   4.10605e-02  -1.03566e-04
  21  alpha_A0     6.97759e-04   1.03503e-03   4.50734e-04   3.61816e-03
  22  beta_A0      1.11598e-03   1.07617e-03   4.68055e-04  -6.92619e-03
  23  alpha_phi    7.71198e-04   1.03543e-03   4.53376e-04   6.23013e-04
  24  beta_phi    -2.61242e-03   9.39906e-04   4.17396e-04   5.07753e-03
 EXTERNAL ERROR MATRIX.    NDIM=  25    NPAR=  7    ERR DEF=1
  5.295e-08  2.297e-09  6.148e-07 -1.031e-09 -3.798e-08  1.066e-08  3.783e-08 
  2.297e-09  5.453e-08 -1.538e-07  3.089e-08  2.319e-08  1.299e-08  3.156e-08 
  6.148e-07 -1.538e-07  5.255e+02  1.968e-04 -3.367e-04  2.251e-04 -7.666e-04 
 -1.031e-09  3.089e-08  1.968e-04  1.075e-06  5.953e-08 -1.076e-07  9.003e-08 
 -3.798e-08  2.319e-08 -3.367e-04  5.953e-08  1.163e-06 -1.011e-07  3.564e-08 
  1.066e-08  1.299e-08  2.251e-04 -1.076e-07 -1.011e-07  1.076e-06 -2.431e-08 
  3.783e-08  3.156e-08 -7.666e-04  9.003e-08  3.564e-08 -2.431e-08  8.862e-07 
 PARAMETER  CORRELATION COEFFICIENTS  
       NO.  GLOBAL      8      9     20     21     22     23     24
        8  0.24114   1.000  0.043  0.000 -0.004 -0.153  0.045  0.175
        9  0.21726   0.043  1.000 -0.000  0.128  0.092  0.054  0.144
       20  0.04095   0.000 -0.000  1.000  0.008 -0.014  0.009 -0.036
       21  0.18447  -0.004  0.128  0.008  1.000  0.053 -0.100  0.092
       22  0.20995  -0.153  0.092 -0.014  0.053  1.000 -0.090  0.035
       23  0.15632   0.045  0.054  0.009 -0.100 -0.090  1.000 -0.025
       24  0.24291   0.175  0.144 -0.036  0.092  0.035 -0.025  1.000
MINUIT - FIT wiggle + 1-CBO + 2-CBO
 **********
 **   42 **RES 
 **********
                   PARAMETER   16  beta_vw RESTORED TO VARIABLE.
                   PARAMETER   14  alpha_vw RESTORED TO VARIABLE.
                   PARAMETER   13  beta_y RESTORED TO VARIABLE.
                   PARAMETER   11  alpha_y RESTORED TO VARIABLE.
                   PARAMETER   10  beta_2CBO RESTORED TO VARIABLE.
                   PARAMETER    6  alpha_CBO RESTORED TO VARIABLE.
                   PARAMETER    4  phi RESTORED TO VARIABLE.
                   PARAMETER    3  A0 RESTORED TO VARIABLE.
                   PARAMETER    1  N0 RESTORED TO VARIABLE.
 **********
 **   43 **FIX           10
 **********
 **********
 **   44 **FIX           11
 **********
 **********
 **   45 **FIX           12
 **********
 PARAMETER   12  IS CONSTANT.   IGNORED.
 **********
 **   46 **FIX           13
 **********
 **********
 **   47 **FIX           14
 **********
 **********
 **   48 **FIX           15
 **********
 PARAMETER   15  IS CONSTANT.   IGNORED.
 **********
 **   49 **FIX           16
 **********
 **********
 **   50 **MIGRAD
 **********
 START MIGRAD MINIMIZATION.  STRATEGY  1.  CONVERGENCE WHEN EDM .LT. 1.00e-04
 FCN=80.6451 FROM MIGRAD    STATUS=INITIATE       22 CALLS        1635 TOTAL
                     EDM= unknown      STRATEGY= 1      NO ERROR MATRIX       
  EXT PARAMETER               CURRENT GUESS       STEP         FIRST   
  NO.   NAME      VALUE            ERROR          SIZE      DERIVATIVE 
   1  N0           2.96818e+06   5.08909e+02   5.08909e+02  -2.36981e-03
   2  tau          6.44041e+01   constant   
   3  A0           3.52199e-01   2.08730e-04   2.08730e-04  -3.26745e+04
   4  phi          4.11994e+00   6.45278e-04   6.45278e-04   7.99100e+03
   5  R           -5.92716e+01   constant   
   6  alpha_CBO   -5.85018e-04   2.39575e-04   2.39575e-04  -8.44286e+02
   7  w_CBO        2.32500e+00   constant   
   8  beta_CBO    -4.01452e-03   2.30117e-04   9.85313e-07   5.20087e-01
   9  alpha_2CBO   5.43625e-05   2.33514e-04   1.00565e-06  -6.10417e-01
  10  beta_2CBO   -4.14393e-04     fixed    
  11  alpha_y      0.00000e+00     fixed    
  12  w_y          1.38860e+01   constant   
  13  beta_y       7.73728e-05     fixed    
  14  alpha_vw     0.00000e+00     fixed    
  15  w_vw         1.43404e+01   constant   
  16  beta_vw      0.00000e+00     fixed    
  17  LM           4.68092e-05   constant   
  18  zeta_y       0.00000e+00   constant   
  19  zeta_vw      0.00000e+00   constant   
  20  T_CBO        9.99994e+02   9.96057e+02   4.10605e-02  -1.04232e-04
  21  alpha_A0     6.97759e-04   1.03503e-03   4.50734e-04   3.61675e-03
  22  beta_A0      1.11598e-03   1.07617e-03   4.68055e-04   6.92440e-03
  23  alpha_phi    7.71198e-04   1.03543e-03   4.53376e-04   6.21568e-04
  24  beta_phi    -2.61242e-03   9.39906e-04   4.17396e-04   5.08258e-03
 MIGRAD MINIMIZATION HAS CONVERGED.
 FCN=59.5463 FROM MIGRAD    STATUS=CONVERGED     171 CALLS        1784 TOTAL
                     EDM=3.94717e-07    STRATEGY= 1  ERROR MATRIX UNCERTAINTY   1.8 per cent
  EXT PARAMETER                                   STEP         FIRST   
  NO.   NAME      VALUE            ERROR          SIZE      DERIVATIVE 
   1  N0           2.96860e+06   5.05268e+02  -4.30010e-02   2.76321e-08
   2  tau          6.44041e+01   constant   
   3  A0           3.53012e-01   2.13546e-04   2.41680e-08   6.13271e-02
   4  phi          4.11810e+00   6.55748e-04   1.14144e-07   5.49757e-02
   5  R           -5.92716e+01   constant   
   6  alpha_CBO   -6.13160e-04   2.30961e-04   1.66840e-07   7.87437e-01
   7  w_CBO        2.32500e+00   constant   
   8  beta_CBO    -4.29123e-03   2.36236e-04   2.20376e-07  -2.18828e+00
   9  alpha_2CBO   7.95559e-05   2.28514e-04  -2.89300e-08   1.85489e+00
  10  beta_2CBO   -4.14393e-04     fixed    
  11  alpha_y      0.00000e+00     fixed    
  12  w_y          1.38860e+01   constant   
  13  beta_y       7.73728e-05     fixed    
  14  alpha_vw     0.00000e+00     fixed    
  15  w_vw         1.43404e+01   constant   
  16  beta_vw      0.00000e+00     fixed    
  17  LM           4.68092e-05   constant   
  18  zeta_y       0.00000e+00   constant   
  19  zeta_vw      0.00000e+00   constant   
  20  T_CBO        9.99996e+02   9.94799e+02   2.46530e-03  -3.46570e-05
  21  alpha_A0     1.48743e-03   1.03246e-03  -6.27754e-05  -6.53245e-03
  22  beta_A0      5.54434e-04   1.11553e-03   3.09110e-05   3.72045e-03
  23  alpha_phi    7.71626e-05   1.05452e-03  -2.90861e-04  -2.15608e-03
  24  beta_phi    -2.56266e-03   9.14065e-04   1.36831e-04  -4.90891e-03
 EXTERNAL ERROR MATRIX.    NDIM=  25    NPAR= 11    ERR DEF=1
  2.553e+05 
  1.919e-02  4.560e-08 
  4.929e-02 -1.110e-08  4.300e-07 
  4.270e-03  1.684e-09  2.089e-08  5.334e-08 
 -4.001e-03 -1.014e-08  2.663e-08  4.949e-10  5.581e-08 
  5.111e-05 -3.227e-10 -7.816e-09 -1.544e-09 -3.731e-09  5.222e-08 
 -1.323e+02 -5.948e-06 -5.917e-05  3.291e-06  7.521e-05 -1.952e-05  3.344e+02 
  8.293e-02  2.794e-08 -5.556e-08  1.957e-08 -1.896e-08  2.023e-09 -1.283e-04  1.070e-06 
  4.904e-02 -1.362e-08  1.016e-07  2.418e-08  3.939e-08 -7.869e-09 -8.281e-05 -3.709e-08  1.250e-06 
  5.670e-02 -2.264e-08  1.013e-07  3.144e-08  1.887e-08  3.659e-09 -7.723e-04 -1.260e-07  1.592e-07  1.116e-06 
 -6.762e-02  6.205e-09 -7.765e-09 -8.062e-09  3.094e-08  1.507e-09  5.001e-04 -7.171e-09 -6.133e-08 -7.426e-08  8.380e-07 
 PARAMETER  CORRELATION COEFFICIENTS  
       NO.  GLOBAL      1      3      4      6      8      9     20     21     22     23     24
        1  0.34420   1.000  0.178  0.149  0.037 -0.034  0.000 -0.014  0.159  0.087  0.106 -0.146
        3  0.31319   0.178  1.000 -0.079  0.034 -0.201 -0.007 -0.002  0.126 -0.057 -0.100  0.032
        4  0.31590   0.149 -0.079  1.000  0.138  0.172 -0.052 -0.005 -0.082  0.139  0.146 -0.013
        6  0.22504   0.037  0.034  0.138  1.000  0.009 -0.029  0.001  0.082  0.094  0.129 -0.038
        8  0.33178  -0.034 -0.201  0.172  0.009  1.000 -0.069  0.017 -0.078  0.149  0.076  0.143
        9  0.09470   0.000 -0.007 -0.052 -0.029 -0.069  1.000 -0.005  0.009 -0.031  0.015  0.007
       20  0.05286  -0.014 -0.002 -0.005  0.001  0.017 -0.005  1.000 -0.007 -0.004 -0.040  0.030
       21  0.26202   0.159  0.126 -0.082  0.082 -0.078  0.009 -0.007  1.000 -0.032 -0.115 -0.008
       22  0.24606   0.087 -0.057  0.139  0.094  0.149 -0.031 -0.004 -0.032  1.000  0.135 -0.060
       23  0.28537   0.106 -0.100  0.146  0.129  0.076  0.015 -0.040 -0.115  0.135  1.000 -0.077
       24  0.23944  -0.146  0.032 -0.013 -0.038  0.143  0.007  0.030 -0.008 -0.060 -0.077  1.000
MINUIT - FIT ONLY 1-y
 **********
 **   51 **RES 
 **********
                   PARAMETER   16  beta_vw RESTORED TO VARIABLE.
                   PARAMETER   14  alpha_vw RESTORED TO VARIABLE.
                   PARAMETER   13  beta_y RESTORED TO VARIABLE.
                   PARAMETER   11  alpha_y RESTORED TO VARIABLE.
                   PARAMETER   10  beta_2CBO RESTORED TO VARIABLE.
 **********
 **   52 **FIX            0
 **********
 PARAMETER    0  IS UNDEFINED. IGNORED.
 **********
 **   53 **FIX            1
 **********
 **********
 **   54 **FIX            2
 **********
 PARAMETER    2  IS CONSTANT.   IGNORED.
 **********
 **   55 **FIX            3
 **********
 **********
 **   56 **FIX            4
 **********
 **********
 **   57 **FIX            5
 **********
 PARAMETER    5  IS CONSTANT.   IGNORED.
 **********
 **   58 **FIX            6
 **********
 **********
 **   59 **FIX            7
 **********
 PARAMETER    7  IS CONSTANT.   IGNORED.
 **********
 **   60 **FIX            8
 **********
 **********
 **   61 **FIX            9
 **********
 **********
 **   62 **FIX           13
 **********
 **********
 **   63 **FIX           14
 **********
 **********
 **   64 **FIX           15
 **********
 PARAMETER   15  IS CONSTANT.   IGNORED.
 **********
 **   65 **FIX           16
 **********
 **********
 **   66 **MIGRAD
 **********
 START MIGRAD MINIMIZATION.  STRATEGY  1.  CONVERGENCE WHEN EDM .LT. 1.00e-04
 FCN=59.5463 FROM MIGRAD    STATUS=INITIATE       16 CALLS        1800 TOTAL
                     EDM= unknown      STRATEGY= 1      NO ERROR MATRIX       
  EXT PARAMETER               CURRENT GUESS       STEP         FIRST   
  NO.   NAME      VALUE            ERROR          SIZE      DERIVATIVE 
   1  N0           2.96860e+06     fixed    
   2  tau          6.44041e+01   constant   
   3  A0           3.53012e-01     fixed    
   4  phi          4.11810e+00     fixed    
   5  R           -5.92716e+01   constant   
   6  alpha_CBO   -6.13160e-04     fixed    
   7  w_CBO        2.32500e+00   constant   
   8  beta_CBO    -4.29123e-03     fixed    
   9  alpha_2CBO   7.95559e-05     fixed    
  10  beta_2CBO   -4.14393e-04   2.32059e-04   2.32059e-04  -2.40441e+03
  11  alpha_y      0.00000e+00   1.00000e-03   1.00000e-03  -9.35719e+02
  12  w_y          1.38860e+01   constant   
  13  beta_y       7.73728e-05     fixed    
  14  alpha_vw     0.00000e+00     fixed    
  15  w_vw         1.43404e+01   constant   
  16  beta_vw      0.00000e+00     fixed    
  17  LM           4.68092e-05   constant   
  18  zeta_y       0.00000e+00   constant   
  19  zeta_vw      0.00000e+00   constant   
  20  T_CBO        9.99996e+02   9.94799e+02   2.46530e-03  -3.45522e-05
  21  alpha_A0     1.48743e-03   1.03246e-03  -6.27754e-05  -6.53247e-03
  22  beta_A0      5.54434e-04   1.11553e-03   3.09110e-05   3.72037e-03
  23  alpha_phi    7.71626e-05   1.05452e-03  -2.90861e-04  -2.15608e-03
  24  beta_phi    -2.56266e-03   9.14065e-04   1.36831e-04  -4.90891e-03
 MIGRAD MINIMIZATION HAS CONVERGED.
 MIGRAD WILL VERIFY CONVERGENCE AND ERROR MATRIX.
 COVARIANCE MATRIX CALCULATED SUCCESSFULLY
 FCN=59.4573 FROM MIGRAD    STATUS=CONVERGED     113 CALLS        1897 TOTAL
                     EDM=1.06825e-06    STRATEGY= 1      ERROR MATRIX ACCURATE 
  EXT PARAMETER                                   STEP         FIRST   
  NO.   NAME      VALUE            ERROR          SIZE      DERIVATIVE 
   1  N0           2.96860e+06     fixed    
   2  tau          6.44041e+01   constant   
   3  A0           3.53012e-01     fixed    
   4  phi          4.11810e+00     fixed    
   5  R           -5.92716e+01   constant   
   6  alpha_CBO   -6.13160e-04     fixed    
   7  w_CBO        2.32500e+00   constant   
   8  beta_CBO    -4.29123e-03     fixed    
   9  alpha_2CBO   7.95559e-05     fixed    
  10  beta_2CBO   -3.49976e-04   2.31272e-04   8.58822e-07   6.81437e-01
  11  alpha_y      2.46955e-05   2.28806e-04   8.68373e-07  -1.71871e+00
  12  w_y          1.38860e+01   constant   
  13  beta_y       7.73728e-05     fixed    
  14  alpha_vw     0.00000e+00     fixed    
  15  w_vw         1.43404e+01   constant   
  16  beta_vw      0.00000e+00     fixed    
  17  LM           4.68092e-05   constant   
  18  zeta_y       0.00000e+00   constant   
  19  zeta_vw      0.00000e+00   constant   
  20  T_CBO        1.00000e+03   9.92136e+02   5.72803e-02** at limit **
  21  alpha_A0     1.51466e-03   1.03052e-03   3.90689e-04   6.26861e-03
  22  beta_A0      5.84386e-04   1.06203e-03   4.00459e-04   6.65157e-03
  23  alpha_phi    3.00984e-05   1.04345e-03   3.88119e-04   6.22955e-03
  24  beta_phi    -2.55175e-03   9.19962e-04   3.57752e-04  -8.45050e-03
 EXTERNAL ERROR MATRIX.    NDIM=  25    NPAR=  7    ERR DEF=1
  5.349e-08  2.062e-10  3.236e-09  2.211e-08  2.361e-08 -3.762e-08  1.010e-08 
  2.062e-10  5.235e-08  6.703e-10  6.479e-11  2.929e-09 -4.745e-09 -2.406e-09 
  3.236e-09  6.703e-10  7.861e-03  5.056e-06  2.087e-06  1.358e-07 -8.510e-06 
  2.211e-08  6.479e-11  5.056e-06  1.066e-06 -3.293e-08 -1.281e-07  7.263e-08 
  2.361e-08  2.929e-09  2.087e-06 -3.293e-08  1.132e-06  8.212e-08 -4.566e-08 
 -3.762e-08 -4.745e-09  1.358e-07 -1.281e-07  8.212e-08  1.093e-06 -4.558e-08 
  1.010e-08 -2.406e-09 -8.510e-06  7.263e-08 -4.566e-08 -4.558e-08  8.489e-07 
 PARAMETER  CORRELATION COEFFICIENTS  
       NO.  GLOBAL     10     11     20     21     22     23     24
       10  0.20812   1.000  0.004  0.000  0.093  0.096 -0.156  0.047
       11  0.02681   0.004  1.000  0.000  0.000  0.012 -0.020 -0.011
       20  0.12345   0.000  0.000  1.000  0.055  0.022  0.001 -0.104
       21  0.17034   0.093  0.000  0.055  1.000 -0.030 -0.119  0.076
       22  0.14410   0.096  0.012  0.022 -0.030  1.000  0.074 -0.047
       23  0.20896  -0.156 -0.020  0.001 -0.119  0.074  1.000 -0.047
       24  0.14919   0.047 -0.011 -0.104  0.076 -0.047 -0.047  1.000
MINUIT - FIT ONLY 2-y
 **********
 **   67 **RES 
 **********
                   PARAMETER   16  beta_vw RESTORED TO VARIABLE.
                   PARAMETER   14  alpha_vw RESTORED TO VARIABLE.
                   PARAMETER   13  beta_y RESTORED TO VARIABLE.
                   PARAMETER    9  alpha_2CBO RESTORED TO VARIABLE.
                   PARAMETER    8  beta_CBO RESTORED TO VARIABLE.
                   PARAMETER    6  alpha_CBO RESTORED TO VARIABLE.
                   PARAMETER    4  phi RESTORED TO VARIABLE.
                   PARAMETER    3  A0 RESTORED TO VARIABLE.
                   PARAMETER    1  N0 RESTORED TO VARIABLE.
 **********
 **   68 **FIX            0
 **********
 PARAMETER    0  IS UNDEFINED. IGNORED.
 **********
 **   69 **FIX            1
 **********
 **********
 **   70 **FIX            2
 **********
 PARAMETER    2  IS CONSTANT.   IGNORED.
 **********
 **   71 **FIX            3
 **********
 **********
 **   72 **FIX            4
 **********
 **********
 **   73 **FIX            5
 **********
 PARAMETER    5  IS CONSTANT.   IGNORED.
 **********
 **   74 **FIX            6
 **********
 **********
 **   75 **FIX            7
 **********
 PARAMETER    7  IS CONSTANT.   IGNORED.
 **********
 **   76 **FIX            8
 **********
 **********
 **   77 **FIX            9
 **********
 **********
 **   78 **FIX           10
 **********
 **********
 **   79 **FIX           11
 **********
 **********
 **   80 **FIX           12
 **********
 PARAMETER   12  IS CONSTANT.   IGNORED.
 **********
 **   81 **FIX           16
 **********
 **********
 **   82 **MIGRAD
 **********
 START MIGRAD MINIMIZATION.  STRATEGY  1.  CONVERGENCE WHEN EDM .LT. 1.00e-04
 FCN=59.4573 FROM MIGRAD    STATUS=INITIATE       16 CALLS        1913 TOTAL
                     EDM= unknown      STRATEGY= 1      NO ERROR MATRIX       
  EXT PARAMETER               CURRENT GUESS       STEP         FIRST   
  NO.   NAME      VALUE            ERROR          SIZE      DERIVATIVE 
   1  N0           2.96860e+06     fixed    
   2  tau          6.44041e+01   constant   
   3  A0           3.53012e-01     fixed    
   4  phi          4.11810e+00     fixed    
   5  R           -5.92716e+01   constant   
   6  alpha_CBO   -6.13160e-04     fixed    
   7  w_CBO        2.32500e+00   constant   
   8  beta_CBO    -4.29123e-03     fixed    
   9  alpha_2CBO   7.95559e-05     fixed    
  10  beta_2CBO   -3.49976e-04     fixed    
  11  alpha_y      2.46955e-05     fixed    
  12  w_y          1.38860e+01   constant   
  13  beta_y       7.73728e-05   2.25700e-04   2.25700e-04  -5.21471e+02
  14  alpha_vw     0.00000e+00   1.00000e-03   1.00000e-03   3.22965e+03
  15  w_vw         1.43404e+01   constant   
  16  beta_vw      0.00000e+00     fixed    
  17  LM           4.68092e-05   constant   
  18  zeta_y       0.00000e+00   constant   
  19  zeta_vw      0.00000e+00   constant   
  20  T_CBO        9.99999e+02   9.92136e+02   5.72803e-02  -1.68849e-05
  21  alpha_A0     1.51466e-03   1.03052e-03   3.90689e-04   6.26117e-03
  22  beta_A0      5.84386e-04   1.06203e-03   4.00459e-04   6.64938e-03
  23  alpha_phi    3.00984e-05   1.04345e-03   3.88119e-04   6.22934e-03
  24  beta_phi    -2.55175e-03   9.19962e-04   3.57752e-04  -8.43691e-03
 MIGRAD MINIMIZATION HAS CONVERGED.
 MIGRAD WILL VERIFY CONVERGENCE AND ERROR MATRIX.
 COVARIANCE MATRIX CALCULATED SUCCESSFULLY
 FCN=59.3223 FROM MIGRAD    STATUS=CONVERGED     114 CALLS        2011 TOTAL
                     EDM=3.32838e-07    STRATEGY= 1      ERROR MATRIX ACCURATE 
  EXT PARAMETER                                   STEP         FIRST   
  NO.   NAME      VALUE            ERROR          SIZE      DERIVATIVE 
   1  N0           2.96860e+06     fixed    
   2  tau          6.44041e+01   constant   
   3  A0           3.53012e-01     fixed    
   4  phi          4.11810e+00     fixed    
   5  R           -5.92716e+01   constant   
   6  alpha_CBO   -6.13160e-04     fixed    
   7  w_CBO        2.32500e+00   constant   
   8  beta_CBO    -4.29123e-03     fixed    
   9  alpha_2CBO   7.95559e-05     fixed    
  10  beta_2CBO   -3.49976e-04     fixed    
  11  alpha_y      2.46955e-05     fixed    
  12  w_y          1.38860e+01   constant   
  13  beta_y       7.17934e-05   2.31474e-04   8.55026e-07  -3.84612e-01
  14  alpha_vw    -8.44745e-05   2.32946e-04   8.60530e-07  -6.29699e-02
  15  w_vw         1.43404e+01   constant   
  16  beta_vw      0.00000e+00     fixed    
  17  LM           4.68092e-05   constant   
  18  zeta_y       0.00000e+00   constant   
  19  zeta_vw      0.00000e+00   constant   
  20  T_CBO        1.00000e+03   9.64654e+02   5.60790e-02** at limit **
  21  alpha_A0     1.51699e-03   1.02628e-03   3.90305e-04  -3.90222e-03
  22  beta_A0      5.78039e-04   1.05730e-03   3.99982e-04   5.32828e-03
  23  alpha_phi    3.55026e-05   1.03094e-03   3.87689e-04  -2.00264e-03
  24  beta_phi    -2.54622e-03   9.18606e-04   3.57276e-04  -3.63449e-03
 EXTERNAL ERROR MATRIX.    NDIM=  25    NPAR=  7    ERR DEF=1
  5.358e-08  1.210e-08  3.344e-10 -5.437e-09  3.851e-09  4.782e-09 -1.906e-09 
  1.210e-08  5.426e-08  1.035e-09 -2.616e-09  4.485e-09 -2.822e-09 -3.614e-09 
  3.344e-10  1.035e-09  1.355e-02  6.382e-06  2.604e-06  1.967e-07 -1.071e-05 
 -5.437e-09 -2.616e-09  6.382e-06  1.057e-06 -4.329e-08 -1.129e-07  6.916e-08 
  3.851e-09  4.485e-09  2.604e-06 -4.329e-08  1.122e-06  9.906e-08 -5.015e-08 
  4.782e-09 -2.822e-09  1.967e-07 -1.129e-07  9.906e-08  1.067e-06 -3.862e-08 
 -1.906e-09 -3.614e-09 -1.071e-05  6.916e-08 -5.015e-08 -3.862e-08  8.464e-07 
 PARAMETER  CORRELATION COEFFICIENTS  
       NO.  GLOBAL     13     14     20     21     22     23     24
       13  0.22646   1.000  0.224  0.000 -0.023  0.016  0.020 -0.009
       14  0.22613   0.224  1.000  0.000 -0.011  0.018 -0.012 -0.017
       20  0.11848   0.000  0.000  1.000  0.053  0.021  0.002 -0.100
       21  0.14471  -0.023 -0.011  0.053  1.000 -0.040 -0.106  0.073
       22  0.10932   0.016  0.018  0.021 -0.040  1.000  0.091 -0.051
       23  0.14221   0.020 -0.012  0.002 -0.106  0.091  1.000 -0.041
       24  0.13915  -0.009 -0.017 -0.100  0.073 -0.051 -0.041  1.000
MINUIT - FIT ALTOGETHER
 **********
