 + ++++++++++++++++++++++++++++++++++++++++++++++++++++++++++++++++++++ +
 +                                                                      +
 +           You have chose to blind your fitting according to          +
 +                omega_ref * (1 + (R +/- deltaR) *10^{-6})             +
 +                                                                      +
 + ++++++++++++++++++++++++++++++++++++++++++++++++++++++++++++++++++++ +
In main()...
reading format from /gm2data/zkhechad/run45/envelope/formats/formatB_sBin_constraintOn.txt
pBinTau 	= 0  
pBinPhi 	= 0  
constraintau 	= 1 
includeMopTerm 	= 0    
constrainMop    = 0   
Parameters after format file: pBinTau 0 pBinPhi 0 constraintau 1 includeMopTerm 0 constrainMop 0 c_e_scale 0.000000 
Opening file /gm2data/tbarrett/gm2fr/studies/run23_bunch_corrections/CorrectedFourier_Run3b.root.
reading full fit data from /gm2data/zkhechad/cboTemplates/Run4CBOTemplates/fullFits/noRF/sBin_constraintOn_cE0.0_seed0_noRF_calo15.root
windowBins = 69
fitting sliding window 1960 from bin 2096 at 312.574000 to bin 2165 at 323.018000 (69 bins)

Reading data from /gm2data/cornell/histograms/aMethod/histogram_a_noRF.root
 **********
 **    1 **SET PRINTOUT            1
 **********
 **********
 **    2 **SET NOWARNINGS 
 **********
 PARAMETER DEFINITIONS:
    NO.   NAME         VALUE      STEP SIZE      LIMITS
     1 N0           3.09348e+06  1.00000e+02     no limits
     2 tau          6.43983e+01  constant
     3 A0           3.54040e-01  1.00000e-04     no limits
     4 phi          4.11948e+00  1.00000e-02     no limits
     5 R           -6.00563e+01  constant
     6 alpha_CBO    0.00000e+00  1.00000e-03     no limits
     7 w_CBO        2.32500e+00  constant
     8 beta_CBO     0.00000e+00  1.00000e-03     no limits
     9 alpha_2CBO   0.00000e+00  1.00000e-03     no limits
    10 beta_2CBO    0.00000e+00  1.00000e-03     no limits
    11 alpha_y      0.00000e+00  1.00000e-03     no limits
    12 w_y          1.38860e+01  constant
    13 beta_y       0.00000e+00  1.00000e-03     no limits
    14 alpha_vw     0.00000e+00  1.00000e-03     no limits
    15 w_vw         1.43404e+01  constant
    16 beta_vw      0.00000e+00  1.00000e-03     no limits
    17 LM          -1.62209e-04  constant
    18 zeta_y       0.00000e+00  constant
    19 zeta_vw      0.00000e+00  constant
    20 T_CBO        1.00000e+02  1.00000e+00    0.00000e+00  1.00000e+03
    21 alpha_A0     0.00000e+00  1.00000e-03     no limits
    22 beta_A0      0.00000e+00  1.00000e-03     no limits
    23 alpha_phi    0.00000e+00  1.00000e-03     no limits
    24 beta_phi     0.00000e+00  1.00000e-03     no limits
MINUIT - FIT ONLY WIGGLE
 **********
 **    3 **FIX            5
 **********
 PARAMETER    5  IS CONSTANT.   IGNORED.
 **********
 **    4 **FIX            6
 **********
 **********
 **    5 **FIX            7
 **********
 PARAMETER    7  IS CONSTANT.   IGNORED.
 **********
 **    6 **FIX            8
 **********
 **********
 **    7 **FIX            9
 **********
 **********
 **    8 **FIX           10
 **********
 **********
 **    9 **FIX           11
 **********
 **********
 **   10 **FIX           12
 **********
 PARAMETER   12  IS CONSTANT.   IGNORED.
 **********
 **   11 **FIX           13
 **********
 **********
 **   12 **FIX           14
 **********
 **********
 **   13 **FIX           15
 **********
 PARAMETER   15  IS CONSTANT.   IGNORED.
 **********
 **   14 **FIX           16
 **********
 **********
 **   15 **MIGRAD
 **********
 FIRST CALL TO USER FUNCTION AT NEW START POINT, WITH IFLAG=4.
 START MIGRAD MINIMIZATION.  STRATEGY  1.  CONVERGENCE WHEN EDM .LT. 1.00e-04
 FCN=82.1012 FROM MIGRAD    STATUS=INITIATE      437 CALLS         438 TOTAL
                     EDM= unknown      STRATEGY= 1      NO ERROR MATRIX       
  EXT PARAMETER               CURRENT GUESS       STEP         FIRST   
  NO.   NAME      VALUE            ERROR          SIZE      DERIVATIVE 
   1  N0           3.09348e+06   1.00000e+02   0.00000e+00   6.28734e-04
   2  tau          6.43983e+01   constant   
   3  A0           3.54040e-01   1.00000e-04   0.00000e+00   2.14556e+03
   4  phi          4.11948e+00   1.00000e-02   0.00000e+00  -3.15737e+02
   5  R           -6.00563e+01   constant   
   6  alpha_CBO    0.00000e+00     fixed    
   7  w_CBO        2.32500e+00   constant   
   8  beta_CBO     0.00000e+00     fixed    
   9  alpha_2CBO   0.00000e+00     fixed    
  10  beta_2CBO    0.00000e+00     fixed    
  11  alpha_y      0.00000e+00     fixed    
  12  w_y          1.38860e+01   constant   
  13  beta_y       0.00000e+00     fixed    
  14  alpha_vw     0.00000e+00     fixed    
  15  w_vw         1.43404e+01   constant   
  16  beta_vw      0.00000e+00     fixed    
  17  LM          -1.62209e-04   constant   
  18  zeta_y       0.00000e+00   constant   
  19  zeta_vw      0.00000e+00   constant   
  20  T_CBO        1.00000e+02   1.00000e+00   0.00000e+00   0.00000e+00
  21  alpha_A0     0.00000e+00   1.00000e-03   0.00000e+00  -8.79234e+01
  22  beta_A0      0.00000e+00   1.00000e-03   0.00000e+00  -1.63133e+01
  23  alpha_phi    0.00000e+00   1.00000e-03   0.00000e+00  -3.32366e+01
  24  beta_phi     0.00000e+00   1.00000e-03   0.00000e+00  -5.08542e+00
 CALL LIMIT EXCEEDED IN MIGRAD.
 MIGRAD TERMINATED WITHOUT CONVERGENCE.
 FCN=70.4995 FROM MIGRAD    STATUS=CALL LIMIT   1327 CALLS        1328 TOTAL
                     EDM=0.000798481    STRATEGY= 1  ERROR MATRIX UNCERTAINTY   6.0 per cent
  EXT PARAMETER                APPROXIMATE        STEP         FIRST   
  NO.   NAME      VALUE            ERROR          SIZE      DERIVATIVE 
   1  N0           3.09175e+06   1.49267e+03  -4.24679e+01  -3.46964e-05
   2  tau          6.43983e+01   constant   
   3  A0           3.53942e-01   6.72230e-04  -4.93540e-06  -1.17030e+01
   4  phi          4.12005e+00   1.89727e-03   1.38300e-05   2.02666e+00
   5  R           -6.00563e+01   constant   
   6  alpha_CBO    0.00000e+00     fixed    
   7  w_CBO        2.32500e+00   constant   
   8  beta_CBO     0.00000e+00     fixed    
   9  alpha_2CBO   0.00000e+00     fixed    
  10  beta_2CBO    0.00000e+00     fixed    
  11  alpha_y      0.00000e+00     fixed    
  12  w_y          1.38860e+01   constant   
  13  beta_y       0.00000e+00     fixed    
  14  alpha_vw     0.00000e+00     fixed    
  15  w_vw         1.43404e+01   constant   
  16  beta_vw      0.00000e+00     fixed    
  17  LM          -1.62209e-04   constant   
  18  zeta_y       0.00000e+00   constant   
  19  zeta_vw      0.00000e+00   constant   
  20  T_CBO        5.22965e+01   2.98986e+01  -1.98791e-03  -2.20615e+00
  21  alpha_A0     3.68973e+00   1.17960e+01   1.92571e-01   1.79170e-03
  22  beta_A0      1.06854e+00   2.92485e+00   5.50864e-02  -9.37475e-02
  23  alpha_phi    1.43887e+00   4.46940e+00   7.39088e-02  -1.60051e-02
  24  beta_phi    -1.09059e-01   2.53698e-01  -4.93772e-03  -2.51077e-03
 EXTERNAL ERROR MATRIX.    NDIM=  25    NPAR=  8    ERR DEF=1
  2.228e+06 -1.313e-01 -2.876e-01  2.555e+03 -1.768e+03 -8.599e+02 -7.251e+02  9.711e+01 
 -1.313e-01  4.519e-07 -7.335e-09  2.299e-03 -8.334e-04 -2.056e-04 -3.120e-04  1.268e-05 
 -2.876e-01 -7.335e-09  3.600e-06  1.246e-03 -3.835e-04  4.446e-05 -1.263e-04 -3.146e-06 
  2.555e+03  2.299e-03  1.246e-03  8.994e+02 -3.520e+02 -8.544e+01 -1.333e+02  7.037e+00 
 -1.768e+03 -8.334e-04 -3.835e-04 -3.520e+02  1.391e+02  3.392e+01  5.271e+01 -2.798e+00 
 -8.599e+02 -2.056e-04  4.446e-05 -8.544e+01  3.392e+01  8.555e+00  1.288e+01 -7.159e-01 
 -7.251e+02 -3.120e-04 -1.263e-04 -1.333e+02  5.271e+01  1.288e+01  1.998e+01 -1.064e+00 
  9.711e+01  1.268e-05 -3.146e-06  7.037e+00 -2.798e+00 -7.159e-01 -1.064e+00  6.436e-02 
ERR MATRIX APPROXIMATE
 PARAMETER  CORRELATION COEFFICIENTS  
       NO.  GLOBAL      1      3      4     20     21     22     23     24
        1  0.65521   1.000 -0.131 -0.102  0.057 -0.100 -0.197 -0.109  0.256
        3  0.23511  -0.131  1.000 -0.006  0.114 -0.105 -0.105 -0.104  0.074
        4  0.15244  -0.102 -0.006  1.000  0.022 -0.017  0.008 -0.015 -0.007
       20  0.99617   0.057  0.114  0.022  1.000 -0.995 -0.974 -0.995  0.925
       21  0.99987  -0.100 -0.105 -0.017 -0.995  1.000  0.983  1.000 -0.935
       22  0.99446  -0.197 -0.105  0.008 -0.974  0.983  1.000  0.985 -0.965
       23  0.99989  -0.109 -0.104 -0.015 -0.995  1.000  0.985  1.000 -0.938
       24  0.96876   0.256  0.074 -0.007  0.925 -0.935 -0.965 -0.938  1.000
 ERR MATRIX APPROXIMATE
MINUIT - FIT ONLY 1-CBO + wiggle
 **********
 **   16 **RES 
 **********
                   PARAMETER   16  beta_vw RESTORED TO VARIABLE.
                   PARAMETER   14  alpha_vw RESTORED TO VARIABLE.
                   PARAMETER   13  beta_y RESTORED TO VARIABLE.
                   PARAMETER   11  alpha_y RESTORED TO VARIABLE.
                   PARAMETER   10  beta_2CBO RESTORED TO VARIABLE.
                   PARAMETER    9  alpha_2CBO RESTORED TO VARIABLE.
                   PARAMETER    8  beta_CBO RESTORED TO VARIABLE.
                   PARAMETER    6  alpha_CBO RESTORED TO VARIABLE.
 **********
 **   17 **FIX            8
 **********
 **********
 **   18 **FIX            9
 **********
 **********
 **   19 **FIX           11
 **********
 **********
 **   20 **FIX           12
 **********
 PARAMETER   12  IS CONSTANT.   IGNORED.
 **********
 **   21 **FIX           14
 **********
 **********
 **   22 **FIX           15
 **********
 PARAMETER   15  IS CONSTANT.   IGNORED.
 **********
 **   23 **FIX           16
 **********
 **********
 **   24 **MIGRAD
 **********
 START MIGRAD MINIMIZATION.  STRATEGY  1.  CONVERGENCE WHEN EDM .LT. 1.00e-04
 FCN=70.4995 FROM MIGRAD    STATUS=INITIATE       28 CALLS        1356 TOTAL
                     EDM= unknown      STRATEGY= 1      NO ERROR MATRIX       
  EXT PARAMETER               CURRENT GUESS       STEP         FIRST   
  NO.   NAME      VALUE            ERROR          SIZE      DERIVATIVE 
   1  N0           3.09175e+06   1.49267e+03  -4.24679e+01  -3.46964e-05
   2  tau          6.43983e+01   constant   
   3  A0           3.53942e-01   6.72230e-04  -4.93540e-06  -1.17030e+01
   4  phi          4.12005e+00   1.89727e-03   1.38300e-05   2.02666e+00
   5  R           -6.00563e+01   constant   
   6  alpha_CBO    0.00000e+00   1.00000e-03   1.00000e-03  -8.69222e+03
   7  w_CBO        2.32500e+00   constant   
   8  beta_CBO     0.00000e+00     fixed    
   9  alpha_2CBO   0.00000e+00     fixed    
  10  beta_2CBO    0.00000e+00   1.00000e-03   1.00000e-03   6.27569e+02
  11  alpha_y      0.00000e+00     fixed    
  12  w_y          1.38860e+01   constant   
  13  beta_y       0.00000e+00   1.00000e-03   1.00000e-03   6.53900e+03
  14  alpha_vw     0.00000e+00     fixed    
  15  w_vw         1.43404e+01   constant   
  16  beta_vw      0.00000e+00     fixed    
  17  LM          -1.62209e-04   constant   
  18  zeta_y       0.00000e+00   constant   
  19  zeta_vw      0.00000e+00   constant   
  20  T_CBO        5.22965e+01   2.98986e+01  -1.98791e-03  -2.20616e+00
  21  alpha_A0     3.68973e+00   1.17960e+01   1.92571e-01   1.79170e-03
  22  beta_A0      1.06854e+00   2.92485e+00   5.50864e-02  -9.37475e-02
  23  alpha_phi    1.43887e+00   4.46940e+00   7.39088e-02  -1.60051e-02
  24  beta_phi    -1.09059e-01   2.53698e-01  -4.93772e-03  -2.51077e-03
 MIGRAD MINIMIZATION HAS CONVERGED.
 MIGRAD WILL VERIFY CONVERGENCE AND ERROR MATRIX.
 FCN=55.7338 FROM HESSE     STATUS=NOT POSDEF    100 CALLS        1575 TOTAL
                     EDM=0.00121853    STRATEGY= 1      ERR MATRIX NOT POS-DEF
  EXT PARAMETER                APPROXIMATE        STEP         FIRST   
  NO.   NAME      VALUE            ERROR          SIZE      DERIVATIVE 
   1  N0           3.09146e+06   1.60060e+03   5.33180e+00  -7.58386e-07
   2  tau          6.43983e+01   constant   
   3  A0           3.53509e-01   6.91721e-04   2.42757e-06   2.10469e+00
   4  phi          4.11986e+00   1.97579e-03   7.09003e-06  -1.76208e-03
   5  R           -6.00563e+01   constant   
   6  alpha_CBO    2.24338e-03   7.20107e-04   2.56183e-06   1.30153e+00
   7  w_CBO        2.32500e+00   constant   
   8  beta_CBO     0.00000e+00     fixed    
   9  alpha_2CBO   0.00000e+00     fixed    
  10  beta_2CBO   -1.90887e-04   7.03386e-04   2.52718e-06   3.62580e-01
  11  alpha_y      0.00000e+00     fixed    
  12  w_y          1.38860e+01   constant   
  13  beta_y      -1.51671e-03   6.86720e-04   2.53159e-06  -7.03995e-02
  14  alpha_vw     0.00000e+00     fixed    
  15  w_vw         1.43404e+01   constant   
  16  beta_vw      0.00000e+00     fixed    
  17  LM          -1.62209e-04   constant   
  18  zeta_y       0.00000e+00   constant   
  19  zeta_vw      0.00000e+00   constant   
  20  T_CBO        5.17025e+01   4.29456e+01   4.72927e-05   3.04970e-01
  21  alpha_A0     3.33338e+00   1.71300e+01   4.74919e-03  -1.39668e-03
  22  beta_A0      1.26865e+00   6.60781e+00   4.57893e-03   4.06152e-04
  23  alpha_phi    1.46520e+00   7.56582e+00   4.47938e-03   1.47219e-03
  24  beta_phi    -7.06711e-03   1.25850e+00   4.46786e-03   1.31123e-03
 CALL LIMIT EXCEEDED IN MIGRAD.
 MIGRAD TERMINATED WITHOUT CONVERGENCE.
 FCN=55.6884 FROM MIGRAD    STATUS=CALL LIMIT   1922 CALLS        3250 TOTAL
                     EDM=0.000528204    STRATEGY= 1      ERR MATRIX NOT POS-DEF
  EXT PARAMETER                APPROXIMATE        STEP         FIRST   
  NO.   NAME      VALUE            ERROR          SIZE      DERIVATIVE 
   1  N0           3.09149e+06   1.58163e+03   1.00943e+01   6.84734e-06
   2  tau          6.43983e+01   constant   
   3  A0           3.53518e-01   6.94387e-04   2.85485e-06   1.23687e+01
   4  phi          4.11975e+00   2.02143e-03  -1.35046e-05   7.46495e-02
   5  R           -6.00563e+01   constant   
   6  alpha_CBO    2.23433e-03   7.21911e-04  -1.71290e-06   1.24775e-01
   7  w_CBO        2.32500e+00   constant   
   8  beta_CBO     0.00000e+00     fixed    
   9  alpha_2CBO   0.00000e+00     fixed    
  10  beta_2CBO   -2.06682e-04   6.69684e-04  -1.08848e-05  -4.67054e+01
  11  alpha_y      0.00000e+00     fixed    
  12  w_y          1.38860e+01   constant   
  13  beta_y      -1.51646e-03   6.86494e-04   9.86559e-07   4.54631e+00
  14  alpha_vw     0.00000e+00     fixed    
  15  w_vw         1.43404e+01   constant   
  16  beta_vw      0.00000e+00     fixed    
  17  LM          -1.62209e-04   constant   
  18  zeta_y       0.00000e+00   constant   
  19  zeta_vw      0.00000e+00   constant   
  20  T_CBO        3.18525e+01   1.63827e+01  -2.14659e-03  -4.30341e-01
  21  alpha_A0     1.53837e+02   7.07483e+02   1.85619e+01  -9.68444e-05
  22  beta_A0      5.78636e+01   2.59385e+02   6.56946e+00   1.06385e-04
  23  alpha_phi    6.49859e+01   2.77731e+02   6.63765e+00  -1.32372e-04
  24  beta_phi     9.04877e-01   1.41634e+01  -4.89359e-01  -7.43652e-04
 EXTERNAL ERROR MATRIX.    NDIM=  25    NPAR= 11    ERR DEF=1
  2.502e+06 
 -9.486e-02  4.822e-07 
 -4.483e-01 -4.185e-08  4.086e-06 
 -8.103e-02 -1.043e-07 -2.646e-08  5.212e-07 
  8.137e-02  7.334e-10  7.229e-08 -7.355e-09  4.485e-07 
 -1.923e-02  8.589e-10 -1.730e-08  7.593e-09  2.722e-09  4.713e-07 
 -1.948e+03 -3.892e-04  4.606e-03  3.933e-04  1.136e-03 -8.268e-05  2.692e+02 
  7.126e+04  2.348e-02 -2.097e-01 -2.269e-02 -5.328e-02  4.027e-03 -1.155e+04  5.005e+05 
  2.439e+04  8.812e-03 -7.424e-02 -7.932e-03 -1.962e-02  1.474e-03 -4.242e+03  1.834e+05  6.728e+04 
  2.400e+04  9.577e-03 -7.503e-02 -7.981e-03 -2.100e-02  1.579e-03 -4.542e+03  1.957e+05  7.194e+04  7.713e+04 
 -2.212e+03 -1.778e-04  5.584e-03  6.724e-04  3.120e-04 -2.846e-05  1.039e+02 -5.045e+03 -1.736e+03 -1.673e+03  2.006e+02 
ERR MATRIX NOT POS-DEF
 PARAMETER  CORRELATION COEFFICIENTS  
       NO.  GLOBAL      1      3      4      6     10     13     20     21     22     23     24
        1  0.37887   1.000 -0.086 -0.140 -0.071  0.077 -0.018 -0.075  0.064  0.059  0.055 -0.099
        3  0.31827  -0.086  1.000 -0.030 -0.208  0.002  0.002 -0.034  0.048  0.049  0.050 -0.018
        4  0.25153  -0.140 -0.030  1.000 -0.018  0.053 -0.012  0.139 -0.147 -0.142 -0.134  0.195
        6  0.25987  -0.071 -0.208 -0.018  1.000 -0.015  0.015  0.033 -0.044 -0.042 -0.040  0.066
       10  0.24980   0.077  0.002  0.053 -0.015  1.000  0.006  0.103 -0.112 -0.113 -0.113  0.033
       13  0.03625  -0.018  0.002 -0.012  0.015  0.006  1.000 -0.007  0.008  0.008  0.008 -0.003
       20  0.99752  -0.075 -0.034  0.139  0.033  0.103 -0.007  1.000 -0.995 -0.997 -0.997  0.447
       21  0.99998   0.064  0.048 -0.147 -0.044 -0.112  0.008 -0.995  1.000  0.999  0.996 -0.504
       22  0.99999   0.059  0.049 -0.142 -0.042 -0.113  0.008 -0.997  0.999  1.000  0.999 -0.473
       23  0.99997   0.055  0.050 -0.134 -0.040 -0.113  0.008 -0.997  0.996  0.999  1.000 -0.425
       24  0.99516  -0.099 -0.018  0.195  0.066  0.033 -0.003  0.447 -0.504 -0.473 -0.425  1.000
 ERR MATRIX NOT POS-DEF
MINUIT - FIT ONLY 2-CBO
 **********
 **   25 **RES 
 **********
                   PARAMETER   16  beta_vw RESTORED TO VARIABLE.
                   PARAMETER   14  alpha_vw RESTORED TO VARIABLE.
                   PARAMETER   11  alpha_y RESTORED TO VARIABLE.
                   PARAMETER    9  alpha_2CBO RESTORED TO VARIABLE.
                   PARAMETER    8  beta_CBO RESTORED TO VARIABLE.
 **********
 **   26 **FIX            0
 **********
 PARAMETER    0  IS UNDEFINED. IGNORED.
 **********
 **   27 **FIX            1
 **********
 **********
 **   28 **FIX            2
 **********
 PARAMETER    2  IS CONSTANT.   IGNORED.
 **********
 **   29 **FIX            3
 **********
 **********
 **   30 **FIX            4
 **********
 **********
 **   31 **FIX            5
 **********
 PARAMETER    5  IS CONSTANT.   IGNORED.
 **********
 **   32 **FIX            6
 **********
 **********
 **   33 **FIX            7
 **********
 PARAMETER    7  IS CONSTANT.   IGNORED.
 **********
 **   34 **FIX           10
 **********
 **********
 **   35 **FIX           11
 **********
 **********
 **   36 **FIX           12
 **********
 PARAMETER   12  IS CONSTANT.   IGNORED.
 **********
 **   37 **FIX           13
 **********
 **********
 **   38 **FIX           14
 **********
 **********
 **   39 **FIX           15
 **********
 PARAMETER   15  IS CONSTANT.   IGNORED.
 **********
 **   40 **FIX           16
 **********
 **********
 **   41 **MIGRAD
 **********
 START MIGRAD MINIMIZATION.  STRATEGY  1.  CONVERGENCE WHEN EDM .LT. 1.00e-04
 FCN=55.6884 FROM MIGRAD    STATUS=INITIATE       16 CALLS        3266 TOTAL
                     EDM= unknown      STRATEGY= 1      NO ERROR MATRIX       
  EXT PARAMETER               CURRENT GUESS       STEP         FIRST   
  NO.   NAME      VALUE            ERROR          SIZE      DERIVATIVE 
   1  N0           3.09149e+06     fixed    
   2  tau          6.43983e+01   constant   
   3  A0           3.53518e-01     fixed    
   4  phi          4.11975e+00     fixed    
   5  R           -6.00563e+01   constant   
   6  alpha_CBO    2.23433e-03     fixed    
   7  w_CBO        2.32500e+00   constant   
   8  beta_CBO     0.00000e+00   1.00000e-03   1.00000e-03  -5.30753e+03
   9  alpha_2CBO   0.00000e+00   1.00000e-03   1.00000e-03   2.08456e+03
  10  beta_2CBO   -2.06682e-04     fixed    
  11  alpha_y      0.00000e+00     fixed    
  12  w_y          1.38860e+01   constant   
  13  beta_y      -1.51646e-03     fixed    
  14  alpha_vw     0.00000e+00     fixed    
  15  w_vw         1.43404e+01   constant   
  16  beta_vw      0.00000e+00     fixed    
  17  LM          -1.62209e-04   constant   
  18  zeta_y       0.00000e+00   constant   
  19  zeta_vw      0.00000e+00   constant   
  20  T_CBO        3.18525e+01   1.63827e+01  -2.14659e-03  -4.30377e-01
  21  alpha_A0     1.53837e+02   7.07483e+02   1.85619e+01  -9.68445e-05
  22  beta_A0      5.78636e+01   2.59385e+02   6.56946e+00   1.06385e-04
  23  alpha_phi    6.49859e+01   2.77731e+02   6.63765e+00  -1.32372e-04
  24  beta_phi     9.04877e-01   1.41634e+01  -4.89359e-01  -7.43652e-04
 MIGRAD MINIMIZATION HAS CONVERGED.
 MIGRAD WILL VERIFY CONVERGENCE AND ERROR MATRIX.
 FCN=51.7632 FROM HESSE     STATUS=NOT POSDEF     50 CALLS        3379 TOTAL
                     EDM=0.000408202    STRATEGY= 1      ERR MATRIX NOT POS-DEF
  EXT PARAMETER                APPROXIMATE        STEP         FIRST   
  NO.   NAME      VALUE            ERROR          SIZE      DERIVATIVE 
   1  N0           3.09149e+06     fixed    
   2  tau          6.43983e+01   constant   
   3  A0           3.53518e-01     fixed    
   4  phi          4.11975e+00     fixed    
   5  R           -6.00563e+01   constant   
   6  alpha_CBO    2.23433e-03     fixed    
   7  w_CBO        2.32500e+00   constant   
   8  beta_CBO     1.25403e-03   6.79510e-04   2.39124e-06   5.34041e-01
   9  alpha_2CBO  -5.72241e-04   6.99550e-04   2.42273e-06  -7.53824e-01
  10  beta_2CBO   -2.06682e-04     fixed    
  11  alpha_y      0.00000e+00     fixed    
  12  w_y          1.38860e+01   constant   
  13  beta_y      -1.51646e-03     fixed    
  14  alpha_vw     0.00000e+00     fixed    
  15  w_vw         1.43404e+01   constant   
  16  beta_vw      0.00000e+00     fixed    
  17  LM          -1.62209e-04   constant   
  18  zeta_y       0.00000e+00   constant   
  19  zeta_vw      0.00000e+00   constant   
  20  T_CBO        3.18542e+01   1.66313e+01   2.15674e-05   2.57043e-01
  21  alpha_A0     1.58124e+02   8.23712e+02   2.10638e-01  -3.03662e-05
  22  beta_A0      3.86641e+01   2.08668e+02   2.02558e-01   1.04045e-05
  23  alpha_phi    7.33057e+01   3.83932e+02   1.97443e-01   1.87103e-05
  24  beta_phi     8.90520e-02   5.60052e+01   1.96718e-01  -3.37265e-05
 CALL LIMIT EXCEEDED IN MIGRAD.
 MIGRAD TERMINATED WITHOUT CONVERGENCE.
 FCN=51.7463 FROM MIGRAD    STATUS=CALL LIMIT   1155 CALLS        4405 TOTAL
                     EDM=0.000349232    STRATEGY= 1      ERR MATRIX NOT POS-DEF
  EXT PARAMETER                APPROXIMATE        STEP         FIRST   
  NO.   NAME      VALUE            ERROR          SIZE      DERIVATIVE 
   1  N0           3.09149e+06     fixed    
   2  tau          6.43983e+01   constant   
   3  A0           3.53518e-01     fixed    
   4  phi          4.11975e+00     fixed    
   5  R           -6.00563e+01   constant   
   6  alpha_CBO    2.23433e-03     fixed    
   7  w_CBO        2.32500e+00   constant   
   8  beta_CBO     1.25026e-03   6.83215e-04  -2.35645e-06  -6.40147e+00
   9  alpha_2CBO  -5.71331e-04   7.10424e-04   4.45085e-06   1.02038e+01
  10  beta_2CBO   -2.06682e-04     fixed    
  11  alpha_y      0.00000e+00     fixed    
  12  w_y          1.38860e+01   constant   
  13  beta_y      -1.51646e-03     fixed    
  14  alpha_vw     0.00000e+00     fixed    
  15  w_vw         1.43404e+01   constant   
  16  beta_vw      0.00000e+00     fixed    
  17  LM          -1.62209e-04   constant   
  18  zeta_y       0.00000e+00   constant   
  19  zeta_vw      0.00000e+00   constant   
  20  T_CBO        2.46958e+01   9.73805e+00  -9.03684e-04  -5.66683e+00
  21  alpha_A0     2.82478e+03   1.34625e+04   1.95613e+02  -2.30586e-05
  22  beta_A0      6.81657e+02   3.27901e+03   4.75974e+01  -1.41882e-06
  23  alpha_phi    1.29306e+03   6.19224e+03   8.97497e+01  -6.13414e-06
  24  beta_phi     3.57845e+01   3.44603e+02   2.85730e+00  -6.18186e-06
 EXTERNAL ERROR MATRIX.    NDIM=  25    NPAR=  7    ERR DEF=1
  4.668e-07 -3.011e-08  4.286e-06 -1.263e-01 -3.600e-02 -5.785e-02 -4.265e-03 
 -3.011e-08  5.047e-07  7.938e-05  8.783e-02  2.686e-02  3.310e-02 -7.436e-04 
  4.286e-06  7.938e-05  9.495e+01 -1.311e+05 -3.181e+04 -6.011e+04 -1.950e+03 
 -1.263e-01  8.783e-02 -1.311e+05  1.812e+08  4.397e+07  8.308e+07  2.724e+06 
 -3.600e-02  2.686e-02 -3.181e+04  4.397e+07  1.075e+07  2.030e+07  5.816e+05 
 -5.785e-02  3.310e-02 -6.011e+04  8.308e+07  2.030e+07  3.834e+07  1.109e+06 
 -4.265e-03 -7.436e-04 -1.950e+03  2.724e+06  5.816e+05  1.109e+06  1.188e+05 
ERR MATRIX NOT POS-DEF
 PARAMETER  CORRELATION COEFFICIENTS  
       NO.  GLOBAL      8      9     20     21     22     23     24
        8  0.34608   1.000 -0.062  0.001 -0.014 -0.016 -0.014 -0.018
        9  0.51316  -0.062  1.000  0.011  0.009  0.012  0.008 -0.003
       20  0.99937   0.001  0.011  1.000 -0.999 -0.996 -0.996 -0.581
       21  0.99987  -0.014  0.009 -0.999  1.000  0.996  0.997  0.587
       22  0.99981  -0.016  0.012 -0.996  0.996  1.000  1.000  0.515
       23  0.99988  -0.014  0.008 -0.996  0.997  1.000  1.000  0.520
       24  0.98386  -0.018 -0.003 -0.581  0.587  0.515  0.520  1.000
 ERR MATRIX NOT POS-DEF
MINUIT - FIT wiggle + 1-CBO + 2-CBO
 **********
 **   42 **RES 
 **********
                   PARAMETER   16  beta_vw RESTORED TO VARIABLE.
                   PARAMETER   14  alpha_vw RESTORED TO VARIABLE.
                   PARAMETER   13  beta_y RESTORED TO VARIABLE.
                   PARAMETER   11  alpha_y RESTORED TO VARIABLE.
                   PARAMETER   10  beta_2CBO RESTORED TO VARIABLE.
                   PARAMETER    6  alpha_CBO RESTORED TO VARIABLE.
                   PARAMETER    4  phi RESTORED TO VARIABLE.
                   PARAMETER    3  A0 RESTORED TO VARIABLE.
                   PARAMETER    1  N0 RESTORED TO VARIABLE.
 **********
 **   43 **FIX           10
 **********
 **********
 **   44 **FIX           11
 **********
 **********
 **   45 **FIX           12
 **********
 PARAMETER   12  IS CONSTANT.   IGNORED.
 **********
 **   46 **FIX           13
 **********
 **********
 **   47 **FIX           14
 **********
 **********
 **   48 **FIX           15
 **********
 PARAMETER   15  IS CONSTANT.   IGNORED.
 **********
 **   49 **FIX           16
 **********
 **********
 **   50 **MIGRAD
 **********
 START MIGRAD MINIMIZATION.  STRATEGY  1.  CONVERGENCE WHEN EDM .LT. 1.00e-04
 FCN=51.7463 FROM MIGRAD    STATUS=INITIATE       22 CALLS        4427 TOTAL
                     EDM= unknown      STRATEGY= 1      NO ERROR MATRIX       
  EXT PARAMETER               CURRENT GUESS       STEP         FIRST   
  NO.   NAME      VALUE            ERROR          SIZE      DERIVATIVE 
   1  N0           3.09149e+06   1.58163e+03   1.58163e+03   1.71255e-06
   2  tau          6.43983e+01   constant   
   3  A0           3.53518e-01   6.94387e-04   6.94387e-04  -4.35425e+02
   4  phi          4.11975e+00   2.02143e-03   2.02143e-03   4.18199e+02
   5  R           -6.00563e+01   constant   
   6  alpha_CBO    2.23433e-03   7.21911e-04   7.21911e-04  -2.59255e+02
   7  w_CBO        2.32500e+00   constant   
   8  beta_CBO     1.25026e-03   6.83215e-04  -2.35645e-06  -6.40147e+00
   9  alpha_2CBO  -5.71331e-04   7.10424e-04   4.45085e-06   1.02038e+01
  10  beta_2CBO   -2.06682e-04     fixed    
  11  alpha_y      0.00000e+00     fixed    
  12  w_y          1.38860e+01   constant   
  13  beta_y      -1.51646e-03     fixed    
  14  alpha_vw     0.00000e+00     fixed    
  15  w_vw         1.43404e+01   constant   
  16  beta_vw      0.00000e+00     fixed    
  17  LM          -1.62209e-04   constant   
  18  zeta_y       0.00000e+00   constant   
  19  zeta_vw      0.00000e+00   constant   
  20  T_CBO        2.46958e+01   9.73805e+00  -9.03684e-04  -5.66685e+00
  21  alpha_A0     2.82478e+03   1.34625e+04   1.95613e+02  -2.30586e-05
  22  beta_A0      6.81657e+02   3.27901e+03   4.75974e+01  -1.41881e-06
  23  alpha_phi    1.29306e+03   6.19224e+03   8.97497e+01  -6.13414e-06
  24  beta_phi     3.57845e+01   3.44603e+02   2.85730e+00  -6.18186e-06
 MIGRAD MINIMIZATION HAS CONVERGED.
 MIGRAD WILL VERIFY CONVERGENCE AND ERROR MATRIX.
 FCN=51.5272 FROM HESSE     STATUS=NOT POSDEF    100 CALLS        4645 TOTAL
                     EDM=0.00144158    STRATEGY= 1      ERR MATRIX NOT POS-DEF
  EXT PARAMETER                APPROXIMATE        STEP         FIRST   
  NO.   NAME      VALUE            ERROR          SIZE      DERIVATIVE 
   1  N0           3.09153e+06   1.60234e+03   5.13044e+00   9.00779e-07
   2  tau          6.43983e+01   constant   
   3  A0           3.53632e-01   6.98831e-04   2.33557e-06   4.45163e-01
   4  phi          4.11886e+00   2.03323e-03   6.81936e-06   1.21905e-01
   5  R           -6.00563e+01   constant   
   6  alpha_CBO    2.28658e-03   7.23302e-04   2.46503e-06  -2.48410e+00
   7  w_CBO        2.32500e+00   constant   
   8  beta_CBO     1.33241e-03   7.01299e-04   2.38589e-06  -1.20612e-01
   9  alpha_2CBO  -5.66382e-04   7.04024e-04   2.41731e-06  -3.65546e-03
  10  beta_2CBO   -2.06682e-04     fixed    
  11  alpha_y      0.00000e+00     fixed    
  12  w_y          1.38860e+01   constant   
  13  beta_y      -1.51646e-03     fixed    
  14  alpha_vw     0.00000e+00     fixed    
  15  w_vw         1.43404e+01   constant   
  16  beta_vw      0.00000e+00     fixed    
  17  LM          -1.62209e-04   constant   
  18  zeta_y       0.00000e+00   constant   
  19  zeta_vw      0.00000e+00   constant   
  20  T_CBO        2.47113e+01   9.56702e+00   1.43311e-05   6.07627e-01
  21  alpha_A0     2.88139e+03   1.43414e+04   3.66831e+00  -2.48447e-06
  22  beta_A0      6.92992e+02   3.58721e+03   3.52593e+00  -1.06273e-07
  23  alpha_phi    1.26324e+03   6.32417e+03   3.42973e+00  -4.05775e-07
  24  beta_phi    -4.37686e+01   1.02622e+03   3.41597e+00  -1.05497e-07
 CALL LIMIT EXCEEDED IN MIGRAD.
 MIGRAD TERMINATED WITHOUT CONVERGENCE.
 FCN=51.4743 FROM MIGRAD    STATUS=CALL LIMIT   1910 CALLS        6315 TOTAL
                     EDM=0.000997592    STRATEGY= 1      ERR MATRIX NOT POS-DEF
  EXT PARAMETER                APPROXIMATE        STEP         FIRST   
  NO.   NAME      VALUE            ERROR          SIZE      DERIVATIVE 
   1  N0           3.09155e+06   1.55427e+03  -1.06806e+01  -1.32427e-05
   2  tau          6.43983e+01   constant   
   3  A0           3.53627e-01   6.91682e-04  -2.51929e-06   5.60917e-01
   4  phi          4.11873e+00   2.02306e-03   1.52161e-06  -9.00127e-01
   5  R           -6.00563e+01   constant   
   6  alpha_CBO    2.28653e-03   6.92245e-04   7.97253e-06   2.79611e+01
   7  w_CBO        2.32500e+00   constant   
   8  beta_CBO     1.34008e-03   7.00326e-04  -5.70434e-07  -9.94788e-01
   9  alpha_2CBO  -5.67735e-04   7.03947e-04  -1.07864e-06  -1.86431e+00
  10  beta_2CBO   -2.06682e-04     fixed    
  11  alpha_y      0.00000e+00     fixed    
  12  w_y          1.38860e+01   constant   
  13  beta_y      -1.51646e-03     fixed    
  14  alpha_vw     0.00000e+00     fixed    
  15  w_vw         1.43404e+01   constant   
  16  beta_vw      0.00000e+00     fixed    
  17  LM          -1.62209e-04   constant   
  18  zeta_y       0.00000e+00   constant   
  19  zeta_vw      0.00000e+00   constant   
  20  T_CBO        1.86616e+01   4.31339e+00  -7.63379e-04  -1.23642e+01
  21  alpha_A0     1.85274e+05   6.72008e+05   1.57302e+04  -5.25472e-08
  22  beta_A0      4.21451e+04   1.60196e+05   3.74220e+03  -6.25066e-07
  23  alpha_phi    7.72652e+04   2.99211e+05   6.98570e+03  -9.81269e-07
  24  beta_phi    -9.80479e+02   4.69579e+03   9.77096e+01  -3.63056e-07
 EXTERNAL ERROR MATRIX.    NDIM=  25    NPAR= 11    ERR DEF=1
  2.416e+06 
 -9.947e-02  4.784e-07 
 -3.162e-01 -9.088e-08  4.093e-06 
 -2.564e-02 -8.805e-08 -5.397e-08  4.792e-07 
  1.502e-02  5.692e-08 -3.132e-07  7.082e-09  4.905e-07 
  5.506e-02  2.831e-08 -3.602e-08 -4.323e-08 -1.532e-08  4.955e-07 
  6.886e+02  1.323e-04 -1.911e-04 -4.638e-04  8.115e-05  1.162e-04  1.861e+01 
 -1.328e+08 -1.548e+01  2.200e+01  7.384e+01 -1.134e+01 -2.111e+01 -2.890e+06  4.516e+11 
 -3.220e+07 -3.646e+00  5.459e+00  1.777e+01 -2.811e+00 -4.941e+00 -6.884e+05  1.076e+11  2.566e+10 
 -5.992e+07 -6.964e+00  1.036e+01  3.327e+01 -5.108e+00 -9.539e+00 -1.286e+06  2.011e+11  4.793e+10  8.953e+10 
 -8.440e+05 -2.373e-01  5.282e-01  6.345e-01 -1.617e-01 -2.283e-01 -1.885e+04  2.990e+09  7.142e+08  1.335e+09  2.205e+07 
ERR MATRIX NOT POS-DEF
 PARAMETER  CORRELATION COEFFICIENTS  
       NO.  GLOBAL      1      3      4      6      8      9     20     21     22     23     24
        1  0.43390   1.000 -0.093 -0.101 -0.024  0.014  0.050  0.103 -0.127 -0.129 -0.129 -0.116
        3  0.34822  -0.093  1.000 -0.065 -0.184  0.118  0.058  0.044 -0.033 -0.033 -0.034 -0.073
        4  0.36069  -0.101 -0.065  1.000 -0.039 -0.221 -0.025 -0.022  0.016  0.017  0.017  0.056
        6  0.32573  -0.024 -0.184 -0.039  1.000  0.015 -0.089 -0.155  0.159  0.160  0.161  0.195
        8  0.28068   0.014  0.118 -0.221  0.015  1.000 -0.031  0.027 -0.024 -0.025 -0.024 -0.049
        9  0.24743   0.050  0.058 -0.025 -0.089 -0.031  1.000  0.038 -0.045 -0.044 -0.045 -0.069
       20  0.99886   0.103  0.044 -0.022 -0.155  0.027  0.038  1.000 -0.997 -0.996 -0.996 -0.930
       21  0.99998  -0.127 -0.033  0.016  0.159 -0.024 -0.045 -0.997  1.000  1.000  1.000  0.947
       22  0.99998  -0.129 -0.033  0.017  0.160 -0.025 -0.044 -0.996  1.000  1.000  1.000  0.949
       23  0.99998  -0.129 -0.034  0.017  0.161 -0.024 -0.045 -0.996  1.000  1.000  1.000  0.950
       24  0.97597  -0.116 -0.073  0.056  0.195 -0.049 -0.069 -0.930  0.947  0.949  0.950  1.000
 ERR MATRIX NOT POS-DEF
MINUIT - FIT ONLY 1-y
 **********
 **   51 **RES 
 **********
                   PARAMETER   16  beta_vw RESTORED TO VARIABLE.
                   PARAMETER   14  alpha_vw RESTORED TO VARIABLE.
                   PARAMETER   13  beta_y RESTORED TO VARIABLE.
                   PARAMETER   11  alpha_y RESTORED TO VARIABLE.
                   PARAMETER   10  beta_2CBO RESTORED TO VARIABLE.
 **********
 **   52 **FIX            0
 **********
 PARAMETER    0  IS UNDEFINED. IGNORED.
 **********
 **   53 **FIX            1
 **********
 **********
 **   54 **FIX            2
 **********
 PARAMETER    2  IS CONSTANT.   IGNORED.
 **********
 **   55 **FIX            3
 **********
 **********
 **   56 **FIX            4
 **********
 **********
 **   57 **FIX            5
 **********
 PARAMETER    5  IS CONSTANT.   IGNORED.
 **********
 **   58 **FIX            6
 **********
 **********
 **   59 **FIX            7
 **********
 PARAMETER    7  IS CONSTANT.   IGNORED.
 **********
 **   60 **FIX            8
 **********
 **********
 **   61 **FIX            9
 **********
 **********
 **   62 **FIX           13
 **********
 **********
 **   63 **FIX           14
 **********
 **********
 **   64 **FIX           15
 **********
 PARAMETER   15  IS CONSTANT.   IGNORED.
 **********
 **   65 **FIX           16
 **********
 **********
 **   66 **MIGRAD
 **********
 START MIGRAD MINIMIZATION.  STRATEGY  1.  CONVERGENCE WHEN EDM .LT. 1.00e-04
 FCN=51.4743 FROM MIGRAD    STATUS=INITIATE       16 CALLS        6331 TOTAL
                     EDM= unknown      STRATEGY= 1      NO ERROR MATRIX       
  EXT PARAMETER               CURRENT GUESS       STEP         FIRST   
  NO.   NAME      VALUE            ERROR          SIZE      DERIVATIVE 
   1  N0           3.09155e+06     fixed    
   2  tau          6.43983e+01   constant   
   3  A0           3.53627e-01     fixed    
   4  phi          4.11873e+00     fixed    
   5  R           -6.00563e+01   constant   
   6  alpha_CBO    2.28653e-03     fixed    
   7  w_CBO        2.32500e+00   constant   
   8  beta_CBO     1.34008e-03     fixed    
   9  alpha_2CBO  -5.67735e-04     fixed    
  10  beta_2CBO   -2.06682e-04   6.69684e-04   6.69684e-04   3.92881e+02
  11  alpha_y      0.00000e+00   1.00000e-03   1.00000e-03  -6.96918e+02
  12  w_y          1.38860e+01   constant   
  13  beta_y      -1.51646e-03     fixed    
  14  alpha_vw     0.00000e+00     fixed    
  15  w_vw         1.43404e+01   constant   
  16  beta_vw      0.00000e+00     fixed    
  17  LM          -1.62209e-04   constant   
  18  zeta_y       0.00000e+00   constant   
  19  zeta_vw      0.00000e+00   constant   
  20  T_CBO        1.86616e+01   4.31339e+00  -7.63379e-04  -1.23642e+01
  21  alpha_A0     1.85274e+05   6.72008e+05   1.57302e+04  -5.25469e-08
  22  beta_A0      4.21451e+04   1.60196e+05   3.74220e+03  -6.25067e-07
  23  alpha_phi    7.72652e+04   2.99211e+05   6.98570e+03  -9.81269e-07
  24  beta_phi    -9.80479e+02   4.69579e+03   9.77096e+01  -3.63056e-07
 MIGRAD MINIMIZATION HAS CONVERGED.
 MIGRAD WILL VERIFY CONVERGENCE AND ERROR MATRIX.
 FCN=51.3955 FROM HESSE     STATUS=NOT POSDEF     50 CALLS        6428 TOTAL
                     EDM=0.000860704    STRATEGY= 1      ERR MATRIX NOT POS-DEF
  EXT PARAMETER                APPROXIMATE        STEP         FIRST   
  NO.   NAME      VALUE            ERROR          SIZE      DERIVATIVE 
   1  N0           3.09155e+06     fixed    
   2  tau          6.43983e+01   constant   
   3  A0           3.53627e-01     fixed    
   4  phi          4.11873e+00     fixed    
   5  R           -6.00563e+01   constant   
   6  alpha_CBO    2.28653e-03     fixed    
   7  w_CBO        2.32500e+00   constant   
   8  beta_CBO     1.34008e-03     fixed    
   9  alpha_2CBO  -5.67735e-04     fixed    
  10  beta_2CBO   -3.07699e-04   7.03081e-04   2.42867e-06   1.93118e+00
  11  alpha_y      1.64829e-04   6.80818e-04   2.40927e-06   1.30217e+00
  12  w_y          1.38860e+01   constant   
  13  beta_y      -1.51646e-03     fixed    
  14  alpha_vw     0.00000e+00     fixed    
  15  w_vw         1.43404e+01   constant   
  16  beta_vw      0.00000e+00     fixed    
  17  LM          -1.62209e-04   constant   
  18  zeta_y       0.00000e+00   constant   
  19  zeta_vw      0.00000e+00   constant   
  20  T_CBO        1.86667e+01   5.56353e+00   9.29448e-06   1.55348e+00
  21  alpha_A0     1.85907e+05   9.41862e+05   2.03979e+01   4.21452e-09
  22  beta_A0      4.34151e+04   2.27664e+05   2.03911e+01  -2.44382e-09
  23  alpha_phi    7.84070e+04   3.99516e+05   2.03857e+01   4.19557e-09
  24  beta_phi     1.22952e+03   6.34889e+04   2.03848e+01   1.46821e-08
 CALL LIMIT EXCEEDED IN MIGRAD.
 MIGRAD TERMINATED WITHOUT CONVERGENCE.
 FCN=51.3668 FROM MIGRAD    STATUS=CALL LIMIT   1157 CALLS        7472 TOTAL
                     EDM=0.000347822    STRATEGY= 1      ERR MATRIX NOT POS-DEF
  EXT PARAMETER                APPROXIMATE        STEP         FIRST   
  NO.   NAME      VALUE            ERROR          SIZE      DERIVATIVE 
   1  N0           3.09155e+06     fixed    
   2  tau          6.43983e+01   constant   
   3  A0           3.53627e-01     fixed    
   4  phi          4.11873e+00     fixed    
   5  R           -6.00563e+01   constant   
   6  alpha_CBO    2.28653e-03     fixed    
   7  w_CBO        2.32500e+00   constant   
   8  beta_CBO     1.34008e-03     fixed    
   9  alpha_2CBO  -5.67735e-04     fixed    
  10  beta_2CBO   -3.08746e-04   6.93787e-04   2.75722e-07   1.07505e+01
  11  alpha_y      1.68607e-04   6.74406e-04  -5.87042e-08   1.33065e+01
  12  w_y          1.38860e+01   constant   
  13  beta_y      -1.51646e-03     fixed    
  14  alpha_vw     0.00000e+00     fixed    
  15  w_vw         1.43404e+01   constant   
  16  beta_vw      0.00000e+00     fixed    
  17  LM          -1.62209e-04   constant   
  18  zeta_y       0.00000e+00   constant   
  19  zeta_vw      0.00000e+00   constant   
  20  T_CBO        1.58148e+01   1.84384e+00   2.86934e-05   3.27852e-01
  21  alpha_A0     3.97068e+06   9.12125e+06  -1.65576e+02  -5.81945e-10
  22  beta_A0      9.15730e+05   2.15498e+06   1.80547e+03   4.35832e-10
  23  alpha_phi    1.65108e+06   3.75008e+06  -1.67817e+03  -2.08006e-09
  24  beta_phi     7.21310e+04   1.01759e+06  -5.42302e+03   2.51130e-09
 EXTERNAL ERROR MATRIX.    NDIM=  25    NPAR=  7    ERR DEF=1
  4.813e-07 -2.529e-08 -4.155e-04  1.988e+03  4.883e+02  7.994e+02 -5.060e+01 
 -2.529e-08  4.548e-07 -4.912e-04  2.465e+03  5.748e+02  1.011e+03  3.807e+01 
 -4.155e-04 -4.912e-04  3.400e+00 -1.665e+07 -3.864e+06 -6.845e+06 -3.043e+05 
  1.988e+03  2.465e+03 -1.665e+07  8.320e+13  1.941e+13  3.410e+13  1.230e+12 
  4.883e+02  5.748e+02 -3.864e+06  1.941e+13  4.644e+12  7.859e+12 -5.215e+10 
  7.994e+02  1.011e+03 -6.845e+06  3.410e+13  7.859e+12  1.406e+13  7.884e+11 
