 + ++++++++++++++++++++++++++++++++++++++++++++++++++++++++++++++++++++ +
 +                                                                      +
 +           You have chose to blind your fitting according to          +
 +                omega_ref * (1 + (R +/- deltaR) *10^{-6})             +
 +                                                                      +
 + ++++++++++++++++++++++++++++++++++++++++++++++++++++++++++++++++++++ +
In main()...
reading format from /gm2data/zkhechad/run45/envelope/formats/formatB_sBin_constraintOn.txt
pBinTau 	= 0  
pBinPhi 	= 0  
constraintau 	= 1 
includeMopTerm 	= 0    
constrainMop    = 0   
Parameters after format file: pBinTau 0 pBinPhi 0 constraintau 1 includeMopTerm 0 constrainMop 0 c_e_scale 0.000000 
Opening file /gm2data/tbarrett/gm2fr/studies/run23_bunch_corrections/CorrectedFourier_Run3b.root.
reading full fit data from /gm2data/zkhechad/cboTemplates/Run4CBOTemplates/templateFits0_v2.0/noRF/sBin_constraintOn_cE0.0_seed0_noRF_calo8.root
windowBins = 17
fitting sliding window 270 from bin 406 at 60.426000 to bin 423 at 63.111600 (17 bins)

Reading data from /gm2data/cornell/histograms/aMethod/histogram_a_noRF.root
 **********
 **    1 **SET PRINTOUT            1
 **********
 **********
 **    2 **SET NOWARNINGS 
 **********
 PARAMETER DEFINITIONS:
    NO.   NAME         VALUE      STEP SIZE      LIMITS
     1 N0           2.93665e+06  1.00000e+02     no limits
     2 tau          6.43896e+01  constant
     3 A0           3.52922e-01  1.00000e-04     no limits
     4 phi          4.11506e+00  1.00000e-02     no limits
     5 R           -6.12649e+01  constant
     6 alpha_CBO    0.00000e+00  1.00000e-03     no limits
     7 w_CBO        2.32500e+00  constant
     8 beta_CBO     0.00000e+00  1.00000e-03     no limits
     9 alpha_2CBO   0.00000e+00  1.00000e-03     no limits
    10 beta_2CBO    0.00000e+00  1.00000e-03     no limits
    11 alpha_y      0.00000e+00  1.00000e-03     no limits
    12 w_y          1.44500e+01  constant
    13 beta_y       0.00000e+00  1.00000e-03     no limits
    14 alpha_vw     0.00000e+00  1.00000e-03     no limits
    15 w_vw         1.29000e+01  constant
    16 beta_vw      0.00000e+00  1.00000e-03     no limits
    17 LM          -3.89610e-04  constant
    18 zeta_y       0.00000e+00  constant
    19 zeta_vw      0.00000e+00  constant
    20 T_CBO        1.00000e+02  1.00000e+00    0.00000e+00  1.00000e+03
    21 alpha_A0     0.00000e+00  1.00000e-03     no limits
    22 beta_A0      0.00000e+00  1.00000e-03     no limits
    23 alpha_phi    0.00000e+00  1.00000e-03     no limits
    24 beta_phi     0.00000e+00  1.00000e-03     no limits
MINUIT - FIT ONLY WIGGLE
 **********
 **    3 **FIX            5
 **********
 PARAMETER    5  IS CONSTANT.   IGNORED.
 **********
 **    4 **FIX            6
 **********
 **********
 **    5 **FIX            7
 **********
 PARAMETER    7  IS CONSTANT.   IGNORED.
 **********
 **    6 **FIX            8
 **********
 **********
 **    7 **FIX            9
 **********
 **********
 **    8 **FIX           10
 **********
 **********
 **    9 **FIX           11
 **********
 **********
 **   10 **FIX           12
 **********
 PARAMETER   12  IS CONSTANT.   IGNORED.
 **********
 **   11 **FIX           13
 **********
 **********
 **   12 **FIX           14
 **********
 **********
 **   13 **FIX           15
 **********
 PARAMETER   15  IS CONSTANT.   IGNORED.
 **********
 **   14 **FIX           16
 **********
 **********
 **   15 **MIGRAD
 **********
 FIRST CALL TO USER FUNCTION AT NEW START POINT, WITH IFLAG=4.
 START MIGRAD MINIMIZATION.  STRATEGY  1.  CONVERGENCE WHEN EDM .LT. 1.00e-04
 FCN=1646.24 FROM MIGRAD    STATUS=INITIATE      429 CALLS         430 TOTAL
                     EDM= unknown      STRATEGY= 1      NO ERROR MATRIX       
  EXT PARAMETER               CURRENT GUESS       STEP         FIRST   
  NO.   NAME      VALUE            ERROR          SIZE      DERIVATIVE 
   1  N0           2.93665e+06   1.00000e+02   0.00000e+00   3.48791e-02
   2  tau          6.43896e+01   constant   
   3  A0           3.52922e-01   1.00000e-04   0.00000e+00   2.38720e+05
   4  phi          4.11506e+00   1.00000e-02   0.00000e+00   6.96255e+04
   5  R           -6.12649e+01   constant   
   6  alpha_CBO    0.00000e+00     fixed    
   7  w_CBO        2.32500e+00   constant   
   8  beta_CBO     0.00000e+00     fixed    
   9  alpha_2CBO   0.00000e+00     fixed    
  10  beta_2CBO    0.00000e+00     fixed    
  11  alpha_y      0.00000e+00     fixed    
  12  w_y          1.44500e+01   constant   
  13  beta_y       0.00000e+00     fixed    
  14  alpha_vw     0.00000e+00     fixed    
  15  w_vw         1.29000e+01   constant   
  16  beta_vw      0.00000e+00     fixed    
  17  LM          -3.89610e-04   constant   
  18  zeta_y       0.00000e+00   constant   
  19  zeta_vw      0.00000e+00   constant   
  20  T_CBO        1.00000e+02   1.00000e+00   0.00000e+00   0.00000e+00
  21  alpha_A0     0.00000e+00   1.00000e-03   0.00000e+00  -2.55948e+04
  22  beta_A0      0.00000e+00   1.00000e-03   0.00000e+00   1.97533e+03
  23  alpha_phi    0.00000e+00   1.00000e-03   0.00000e+00   3.27369e+04
  24  beta_phi     0.00000e+00   1.00000e-03   0.00000e+00  -1.90690e+04
 MIGRAD MINIMIZATION HAS CONVERGED.
 FCN=29.1316 FROM MIGRAD    STATUS=CONVERGED     808 CALLS         809 TOTAL
                     EDM=9.63682e-06    STRATEGY= 1  ERROR MATRIX UNCERTAINTY   4.2 per cent
  EXT PARAMETER                                   STEP         FIRST   
  NO.   NAME      VALUE            ERROR          SIZE      DERIVATIVE 
   1  N0           2.91595e+06   6.52024e+02   3.60277e+00  -1.96201e-06
   2  tau          6.43896e+01   constant   
   3  A0           3.43754e-01   2.47662e-04   2.09061e-06   1.29769e+01
   4  phi          4.11004e+00   4.96764e-04   3.36747e-07   1.51311e+00
   5  R           -6.12649e+01   constant   
   6  alpha_CBO    0.00000e+00     fixed    
   7  w_CBO        2.32500e+00   constant   
   8  beta_CBO     0.00000e+00     fixed    
   9  alpha_2CBO   0.00000e+00     fixed    
  10  beta_2CBO    0.00000e+00     fixed    
  11  alpha_y      0.00000e+00     fixed    
  12  w_y          1.44500e+01   constant   
  13  beta_y       0.00000e+00     fixed    
  14  alpha_vw     0.00000e+00     fixed    
  15  w_vw         1.29000e+01   constant   
  16  beta_vw      0.00000e+00     fixed    
  17  LM          -3.89610e-04   constant   
  18  zeta_y       0.00000e+00   constant   
  19  zeta_vw      0.00000e+00   constant   
  20  T_CBO        4.08730e+00   8.05992e+01  -2.37462e-03   1.03508e-02
  21  alpha_A0     2.29349e-02   1.16698e-02   4.81615e-05   1.22859e-03
  22  beta_A0      2.18048e-03   5.76789e-03   2.32338e-05  -5.41547e-04
  23  alpha_phi   -1.24857e-02   1.21381e-02  -5.41724e-05   3.58435e-04
  24  beta_phi     1.87322e-02   9.95204e-03   4.11536e-05   1.07327e-03
 EXTERNAL ERROR MATRIX.    NDIM=  25    NPAR=  8    ERR DEF=1
  4.251e+05  1.221e-01 -5.800e-02 -4.056e+03  1.414e+00  7.535e-01 -1.532e+00  1.016e+00 
  1.221e-01  6.134e-08 -1.891e-08 -2.380e-03  7.619e-07  3.749e-07 -9.008e-07  6.434e-07 
 -5.800e-02 -1.891e-08  2.468e-07 -3.782e-04  2.017e-07  5.577e-08 -2.365e-07  1.428e-07 
 -4.056e+03 -2.380e-03 -3.782e-04  1.361e+03 -4.288e-01 -2.077e-01  4.460e-01 -3.649e-01 
  1.414e+00  7.619e-07  2.017e-07 -4.288e-01  1.362e-04  6.527e-05 -1.405e-04  1.150e-04 
  7.535e-01  3.749e-07  5.577e-08 -2.077e-01  6.527e-05  3.327e-05 -6.827e-05  5.579e-05 
 -1.532e+00 -9.008e-07 -2.365e-07  4.460e-01 -1.405e-04 -6.827e-05  1.473e-04 -1.193e-04 
  1.016e+00  6.434e-07  1.428e-07 -3.649e-01  1.150e-04  5.579e-05 -1.193e-04  9.904e-05 
 PARAMETER  CORRELATION COEFFICIENTS  
       NO.  GLOBAL      1      3      4     20     21     22     23     24
        1  0.81401   1.000  0.756 -0.179 -0.169  0.186  0.200 -0.194  0.157
        3  0.84845   0.756  1.000 -0.154 -0.261  0.264  0.262 -0.300  0.261
        4  0.45309  -0.179 -0.154  1.000 -0.021  0.035  0.019 -0.039  0.029
       20  0.99913  -0.169 -0.261 -0.021  1.000 -0.996 -0.976  0.996 -0.994
       21  0.99668   0.186  0.264  0.035 -0.996  1.000  0.970 -0.992  0.990
       22  0.97984   0.200  0.262  0.019 -0.976  0.970  1.000 -0.975  0.972
       23  0.99778  -0.194 -0.300 -0.039  0.996 -0.992 -0.975  1.000 -0.988
       24  0.99526   0.157  0.261  0.029 -0.994  0.990  0.972 -0.988  1.000
MINUIT - FIT ONLY 1-CBO + wiggle
 **********
 **   16 **RES 
 **********
                   PARAMETER   16  beta_vw RESTORED TO VARIABLE.
                   PARAMETER   14  alpha_vw RESTORED TO VARIABLE.
                   PARAMETER   13  beta_y RESTORED TO VARIABLE.
                   PARAMETER   11  alpha_y RESTORED TO VARIABLE.
                   PARAMETER   10  beta_2CBO RESTORED TO VARIABLE.
                   PARAMETER    9  alpha_2CBO RESTORED TO VARIABLE.
                   PARAMETER    8  beta_CBO RESTORED TO VARIABLE.
                   PARAMETER    6  alpha_CBO RESTORED TO VARIABLE.
 **********
 **   17 **FIX            8
 **********
 **********
 **   18 **FIX            9
 **********
 **********
 **   19 **FIX           11
 **********
 **********
 **   20 **FIX           12
 **********
 PARAMETER   12  IS CONSTANT.   IGNORED.
 **********
 **   21 **FIX           14
 **********
 **********
 **   22 **FIX           15
 **********
 PARAMETER   15  IS CONSTANT.   IGNORED.
 **********
 **   23 **FIX           16
 **********
 **********
 **   24 **MIGRAD
 **********
 START MIGRAD MINIMIZATION.  STRATEGY  1.  CONVERGENCE WHEN EDM .LT. 1.00e-04
 FCN=29.1316 FROM MIGRAD    STATUS=INITIATE       28 CALLS         837 TOTAL
                     EDM= unknown      STRATEGY= 1      NO ERROR MATRIX       
  EXT PARAMETER               CURRENT GUESS       STEP         FIRST   
  NO.   NAME      VALUE            ERROR          SIZE      DERIVATIVE 
   1  N0           2.91595e+06   6.52024e+02   3.60277e+00  -1.96201e-06
   2  tau          6.43896e+01   constant   
   3  A0           3.43754e-01   2.47662e-04   2.09061e-06   1.29769e+01
   4  phi          4.11004e+00   4.96764e-04   3.36747e-07   1.51311e+00
   5  R           -6.12649e+01   constant   
   6  alpha_CBO    0.00000e+00   1.00000e-03   1.00000e-03  -4.89946e+03
   7  w_CBO        2.32500e+00   constant   
   8  beta_CBO     0.00000e+00     fixed    
   9  alpha_2CBO   0.00000e+00     fixed    
  10  beta_2CBO    0.00000e+00   1.00000e-03   1.00000e-03  -1.19739e+04
  11  alpha_y      0.00000e+00     fixed    
  12  w_y          1.44500e+01   constant   
  13  beta_y       0.00000e+00   1.00000e-03   1.00000e-03   1.14184e+04
  14  alpha_vw     0.00000e+00     fixed    
  15  w_vw         1.29000e+01   constant   
  16  beta_vw      0.00000e+00     fixed    
  17  LM          -3.89610e-04   constant   
  18  zeta_y       0.00000e+00   constant   
  19  zeta_vw      0.00000e+00   constant   
  20  T_CBO        4.08730e+00   8.05992e+01  -2.37462e-03   1.05082e-02
  21  alpha_A0     2.29349e-02   1.16698e-02   4.81615e-05   1.22859e-03
  22  beta_A0      2.18048e-03   5.76789e-03   2.32338e-05  -5.41547e-04
  23  alpha_phi   -1.24857e-02   1.21381e-02  -5.41724e-05   3.58435e-04
  24  beta_phi     1.87322e-02   9.95204e-03   4.11536e-05   1.07327e-03
 MIGRAD MINIMIZATION HAS CONVERGED.
 MIGRAD WILL VERIFY CONVERGENCE AND ERROR MATRIX.
 FCN=12.1495 FROM HESSE     STATUS=NOT POSDEF    100 CALLS        2481 TOTAL
                     EDM=8.54423e-05    STRATEGY= 1      ERR MATRIX NOT POS-DEF
  EXT PARAMETER                APPROXIMATE        STEP         FIRST   
  NO.   NAME      VALUE            ERROR          SIZE      DERIVATIVE 
   1  N0           2.91539e+06   4.08066e+03   1.39017e+00   4.75477e-06
   2  tau          6.43896e+01   constant   
   3  A0           3.45889e-01   1.65730e-03   2.89937e-07  -6.20755e+00
   4  phi          4.11313e+00   5.27261e-03   1.96129e-06   7.17242e-01
   5  R           -6.12649e+01   constant   
   6  alpha_CBO    1.19623e-02   2.26114e-03   3.59646e-07  -2.14398e+00
   7  w_CBO        2.32500e+00   constant   
   8  beta_CBO     0.00000e+00     fixed    
   9  alpha_2CBO   0.00000e+00     fixed    
  10  beta_2CBO   -5.20946e-03   1.52546e-03   3.72865e-07   2.10088e+00
  11  alpha_y      0.00000e+00     fixed    
  12  w_y          1.44500e+01   constant   
  13  beta_y      -3.95049e-04   2.15522e-04   3.66880e-07   7.91777e+00
  14  alpha_vw     0.00000e+00     fixed    
  15  w_vw         1.29000e+01   constant   
  16  beta_vw      0.00000e+00     fixed    
  17  LM          -3.89610e-04   constant   
  18  zeta_y       0.00000e+00   constant   
  19  zeta_vw      0.00000e+00   constant   
  20  T_CBO        4.10482e+00   6.89518e-02   6.87871e-07  -1.53772e+00
  21  alpha_A0    -7.22380e+04   2.15576e+04   3.37476e+00  -1.80073e-06
  22  beta_A0     -7.15836e+03   2.22513e+04   4.12007e+00   7.40091e-08
  23  alpha_phi    1.14153e+05   3.16237e+04   3.96724e+00  -6.01178e-07
  24  beta_phi     1.25511e+04   1.92572e+04   3.63099e+00   3.45669e-08
 CALL LIMIT EXCEEDED IN MIGRAD.
 MIGRAD TERMINATED WITHOUT CONVERGENCE.
 FCN=12.1371 FROM MIGRAD    STATUS=CALL LIMIT   1926 CALLS        2735 TOTAL
                     EDM=0.00136965    STRATEGY= 1      ERR MATRIX NOT POS-DEF
  EXT PARAMETER                APPROXIMATE        STEP         FIRST   
  NO.   NAME      VALUE            ERROR          SIZE      DERIVATIVE 
   1  N0           2.91656e+06   8.23972e+03   1.96630e+01  -5.07133e-05
   2  tau          6.43896e+01   constant   
   3  A0           3.45325e-01   3.16524e-03  -2.18850e-06   1.42046e+02
   4  phi          4.11310e+00   5.25423e-03   5.79369e-06   1.73032e+01
   5  R           -6.12649e+01   constant   
   6  alpha_CBO    1.20041e-02   3.58352e-03  -2.09961e-05  -8.30111e+01
   7  w_CBO        2.32500e+00   constant   
   8  beta_CBO     0.00000e+00     fixed    
   9  alpha_2CBO   0.00000e+00     fixed    
  10  beta_2CBO   -5.26937e-03   2.39856e-03   1.53988e-05   5.81900e+01
  11  alpha_y      0.00000e+00     fixed    
  12  w_y          1.44500e+01   constant   
  13  beta_y      -3.94913e-04   2.14737e-04  -3.62414e-07   5.08986e+01
  14  alpha_vw     0.00000e+00     fixed    
  15  w_vw         1.29000e+01   constant   
  16  beta_vw      0.00000e+00     fixed    
  17  LM          -3.89610e-04   constant   
  18  zeta_y       0.00000e+00   constant   
  19  zeta_vw      0.00000e+00   constant   
  20  T_CBO        4.13790e+00   8.71021e-02  -1.30067e-05   2.20286e+02
  21  alpha_A0    -6.02522e+04   5.42854e+04  -2.28480e+01   1.28130e-05
  22  beta_A0     -1.07066e+03   3.77171e+04   2.98017e+01  -4.16197e-06
  23  alpha_phi    1.07995e+05   3.42260e+04   1.12397e+02   1.64884e-05
  24  beta_phi     6.53879e+03   3.06465e+04  -8.81634e+00  -4.63143e-07
 EXTERNAL ERROR MATRIX.    NDIM=  25    NPAR= 11    ERR DEF=1
  6.789e+07 
 -2.106e+01  1.002e-05 
  9.937e+00  3.671e-06  2.761e-05 
 -1.914e+01  8.458e-06  5.281e-06  1.284e-05 
  1.472e+01 -4.808e-06 -1.227e-06 -7.914e-06  5.753e-06 
 -1.061e-01 -1.572e-08  2.744e-08 -1.172e-08 -3.119e-08  4.611e-08 
  3.124e+02 -1.592e-04 -8.931e-05 -7.832e-05  3.964e-05 -8.050e-08  7.587e-03 
  4.170e+08 -1.494e+02  2.399e+01 -1.462e+02  1.000e+02 -1.600e-01  3.081e+03  2.947e+09 
  2.468e+08 -1.080e+02 -7.830e+01 -1.038e+02  6.829e+01 -6.411e-01  1.776e+03  1.685e+09  1.423e+09 
 -1.141e+08  3.349e+01 -2.229e+01  6.637e+01 -4.567e+01 -1.942e-01 -1.798e+03 -1.196e+09 -3.794e+08  1.171e+09 
 -2.264e+08  7.781e+01 -6.344e+01  5.697e+01 -3.784e+01 -2.692e-01 -1.258e+03 -1.461e+09 -6.965e+08  4.181e+08  9.392e+08 
ERR MATRIX NOT POS-DEF
 PARAMETER  CORRELATION COEFFICIENTS  
       NO.  GLOBAL      1      3      4      6     10     13     20     21     22     23     24
        1  0.99909   1.000 -0.808  0.230 -0.648  0.745 -0.060  0.435  0.932  0.794 -0.405 -0.896
        3  0.99908  -0.808  1.000  0.221  0.746 -0.633 -0.023 -0.577 -0.870 -0.905  0.309  0.802
        4  0.99595   0.230  0.221  1.000  0.280 -0.097  0.024 -0.195  0.084 -0.395 -0.124 -0.394
        6  0.99854  -0.648  0.746  0.280  1.000 -0.921 -0.015 -0.251 -0.751 -0.768  0.541  0.519
       10  0.99623   0.745 -0.633 -0.097 -0.921  1.000 -0.061  0.190  0.768  0.755 -0.556 -0.515
       13  0.28704  -0.060 -0.023  0.024 -0.015 -0.061  1.000 -0.004 -0.014 -0.079 -0.026 -0.041
       20  0.99846   0.435 -0.577 -0.195 -0.251  0.190 -0.004  1.000  0.652  0.541 -0.603 -0.471
       21  0.99959   0.932 -0.870  0.084 -0.751  0.768 -0.014  0.652  1.000  0.823 -0.644 -0.878
       22  0.99832   0.794 -0.905 -0.395 -0.768  0.755 -0.079  0.541  0.823  1.000 -0.294 -0.603
       23  0.99828  -0.405  0.309 -0.124  0.541 -0.556 -0.026 -0.603 -0.644 -0.294  1.000  0.399
       24  0.99817  -0.896  0.802 -0.394  0.519 -0.515 -0.041 -0.471 -0.878 -0.603  0.399  1.000
 ERR MATRIX NOT POS-DEF
MINUIT - FIT ONLY 2-CBO
 **********
 **   25 **RES 
 **********
                   PARAMETER   16  beta_vw RESTORED TO VARIABLE.
                   PARAMETER   14  alpha_vw RESTORED TO VARIABLE.
                   PARAMETER   11  alpha_y RESTORED TO VARIABLE.
                   PARAMETER    9  alpha_2CBO RESTORED TO VARIABLE.
                   PARAMETER    8  beta_CBO RESTORED TO VARIABLE.
 **********
 **   26 **FIX            0
 **********
 PARAMETER    0  IS UNDEFINED. IGNORED.
 **********
 **   27 **FIX            1
 **********
 **********
 **   28 **FIX            2
 **********
 PARAMETER    2  IS CONSTANT.   IGNORED.
 **********
 **   29 **FIX            3
 **********
 **********
 **   30 **FIX            4
 **********
 **********
 **   31 **FIX            5
 **********
 PARAMETER    5  IS CONSTANT.   IGNORED.
 **********
 **   32 **FIX            6
 **********
 **********
 **   33 **FIX            7
 **********
 PARAMETER    7  IS CONSTANT.   IGNORED.
 **********
 **   34 **FIX           10
 **********
 **********
 **   35 **FIX           11
 **********
 **********
 **   36 **FIX           12
 **********
 PARAMETER   12  IS CONSTANT.   IGNORED.
 **********
 **   37 **FIX           13
 **********
 **********
 **   38 **FIX           14
 **********
 **********
 **   39 **FIX           15
 **********
 PARAMETER   15  IS CONSTANT.   IGNORED.
 **********
 **   40 **FIX           16
 **********
 **********
 **   41 **MIGRAD
 **********
 START MIGRAD MINIMIZATION.  STRATEGY  1.  CONVERGENCE WHEN EDM .LT. 1.00e-04
 FCN=12.1371 FROM MIGRAD    STATUS=INITIATE       18 CALLS        2753 TOTAL
                     EDM= unknown      STRATEGY= 1      NO ERROR MATRIX       
  EXT PARAMETER               CURRENT GUESS       STEP         FIRST   
  NO.   NAME      VALUE            ERROR          SIZE      DERIVATIVE 
   1  N0           2.91656e+06     fixed    
   2  tau          6.43896e+01   constant   
   3  A0           3.45325e-01     fixed    
   4  phi          4.11310e+00     fixed    
   5  R           -6.12649e+01   constant   
   6  alpha_CBO    1.20041e-02     fixed    
   7  w_CBO        2.32500e+00   constant   
   8  beta_CBO     0.00000e+00   1.00000e-03   1.00000e-03  -2.84807e+02
   9  alpha_2CBO   0.00000e+00   1.00000e-03   1.00000e-03   7.23178e+02
  10  beta_2CBO   -5.26937e-03     fixed    
  11  alpha_y      0.00000e+00     fixed    
  12  w_y          1.44500e+01   constant   
  13  beta_y      -3.94913e-04     fixed    
  14  alpha_vw     0.00000e+00     fixed    
  15  w_vw         1.29000e+01   constant   
  16  beta_vw      0.00000e+00     fixed    
  17  LM          -3.89610e-04   constant   
  18  zeta_y       0.00000e+00   constant   
  19  zeta_vw      0.00000e+00   constant   
  20  T_CBO        4.13790e+00   8.71021e-02  -1.30067e-05   2.20286e+02
  21  alpha_A0    -6.02522e+04   5.42854e+04  -2.28480e+01   1.28130e-05
  22  beta_A0     -1.07066e+03   3.77171e+04   2.98017e+01  -4.16197e-06
  23  alpha_phi    1.07995e+05   3.42260e+04   1.12397e+02   1.64884e-05
  24  beta_phi     6.53879e+03   3.06465e+04  -8.81634e+00  -4.63143e-07
 MIGRAD MINIMIZATION HAS CONVERGED.
 MIGRAD WILL VERIFY CONVERGENCE AND ERROR MATRIX.
 FCN=11.9577 FROM HESSE     STATUS=NOT POSDEF     50 CALLS        2919 TOTAL
                     EDM=0.000118217    STRATEGY= 1      ERR MATRIX NOT POS-DEF
  EXT PARAMETER                APPROXIMATE        STEP         FIRST   
  NO.   NAME      VALUE            ERROR          SIZE      DERIVATIVE 
   1  N0           2.91656e+06     fixed    
   2  tau          6.43896e+01   constant   
   3  A0           3.45325e-01     fixed    
   4  phi          4.11310e+00     fixed    
   5  R           -6.12649e+01   constant   
   6  alpha_CBO    1.20041e-02     fixed    
   7  w_CBO        2.32500e+00   constant   
   8  beta_CBO    -4.61591e-04   1.03659e-03   3.73821e-07  -5.57657e-01
   9  alpha_2CBO  -5.61894e-04   1.16431e-03   3.60223e-07  -6.92780e-01
  10  beta_2CBO   -5.26937e-03     fixed    
  11  alpha_y      0.00000e+00     fixed    
  12  w_y          1.44500e+01   constant   
  13  beta_y      -3.94913e-04     fixed    
  14  alpha_vw     0.00000e+00     fixed    
  15  w_vw         1.29000e+01   constant   
  16  beta_vw      0.00000e+00     fixed    
  17  LM          -3.89610e-04   constant   
  18  zeta_y       0.00000e+00   constant   
  19  zeta_vw      0.00000e+00   constant   
  20  T_CBO        4.13872e+00   7.45104e-02   6.87619e-07   7.52045e+00
  21  alpha_A0    -6.38360e+04   1.86404e+04   3.01625e+00   3.44964e-07
  22  beta_A0      1.08433e+03   5.11426e+03   3.69799e+00   3.11618e-08
  23  alpha_phi    1.05814e+05   2.86207e+04   3.54867e+00  -2.54660e-07
  24  beta_phi     1.41257e+03   1.12325e+04   3.23788e+00   2.42200e-08
 CALL LIMIT EXCEEDED IN MIGRAD.
 MIGRAD TERMINATED WITHOUT CONVERGENCE.
 FCN=11.8806 FROM MIGRAD    STATUS=CALL LIMIT   1156 CALLS        3891 TOTAL
                     EDM=0.000661609    STRATEGY= 1      ERR MATRIX NOT POS-DEF
  EXT PARAMETER                APPROXIMATE        STEP         FIRST   
  NO.   NAME      VALUE            ERROR          SIZE      DERIVATIVE 
   1  N0           2.91656e+06     fixed    
   2  tau          6.43896e+01   constant   
   3  A0           3.45325e-01     fixed    
   4  phi          4.11310e+00     fixed    
   5  R           -6.12649e+01   constant   
   6  alpha_CBO    1.20041e-02     fixed    
   7  w_CBO        2.32500e+00   constant   
   8  beta_CBO    -6.51480e-04   3.36179e-04   3.68459e-06   5.96924e+00
   9  alpha_2CBO  -8.04793e-04   3.27055e-04   6.11619e-06   8.47570e+01
  10  beta_2CBO   -5.26937e-03     fixed    
  11  alpha_y      0.00000e+00     fixed    
  12  w_y          1.44500e+01   constant   
  13  beta_y      -3.94913e-04     fixed    
  14  alpha_vw     0.00000e+00     fixed    
  15  w_vw         1.29000e+01   constant   
  16  beta_vw      0.00000e+00     fixed    
  17  LM          -3.89610e-04   constant   
  18  zeta_y       0.00000e+00   constant   
  19  zeta_vw      0.00000e+00   constant   
  20  T_CBO        3.90226e+00   1.38548e-01   9.26969e-06  -3.89240e+02
  21  alpha_A0    -1.59427e+05   8.96890e+04   3.66498e+02  -1.92284e-06
  22  beta_A0      4.71205e+03   5.97811e+03  -3.19445e+01   2.83826e-06
  23  alpha_phi    2.58595e+05   1.41397e+05  -5.04675e+02  -7.55723e-06
  24  beta_phi    -2.27964e+03   5.73735e+03   7.36425e+01   4.72400e-07
 EXTERNAL ERROR MATRIX.    NDIM=  25    NPAR=  7    ERR DEF=1
  1.130e-07  4.651e-08  7.726e-06  5.374e+00 -1.802e-01 -7.410e+00  1.478e+00 
  4.651e-08  1.070e-07  9.487e-06  6.945e+00 -9.049e-01 -9.273e+00  9.583e-01 
  7.726e-06  9.487e-06  1.920e-02  1.241e+04 -5.821e+02 -1.958e+04  4.554e+02 
  5.374e+00  6.945e+00  1.241e+04  8.044e+09 -3.832e+08 -1.267e+10  2.973e+08 
 -1.802e-01 -9.049e-01 -5.821e+02 -3.832e+08  3.574e+07  5.986e+08 -9.571e+06 
 -7.410e+00 -9.273e+00 -1.958e+04 -1.267e+10  5.986e+08  1.999e+10 -4.568e+08 
  1.478e+00  9.583e-01  4.554e+02  2.973e+08 -9.571e+06 -4.568e+08  3.292e+07 
ERR MATRIX NOT POS-DEF
 PARAMETER  CORRELATION COEFFICIENTS  
       NO.  GLOBAL      8      9     20     21     22     23     24
        8  0.90440   1.000  0.423  0.166  0.178 -0.090 -0.156  0.766
        9  0.92560   0.423  1.000  0.209  0.237 -0.463 -0.201  0.511
       20  0.99967   0.166  0.209  1.000  0.999 -0.703 -1.000  0.573
       21  0.99967   0.178  0.237  0.999  1.000 -0.715 -0.999  0.578
       22  0.91282  -0.090 -0.463 -0.703 -0.715  1.000  0.708 -0.279
       23  0.99982  -0.156 -0.201 -1.000 -0.999  0.708  1.000 -0.563
       24  0.95520   0.766  0.511  0.573  0.578 -0.279 -0.563  1.000
 ERR MATRIX NOT POS-DEF
MINUIT - FIT wiggle + 1-CBO + 2-CBO
 **********
 **   42 **RES 
 **********
                   PARAMETER   16  beta_vw RESTORED TO VARIABLE.
                   PARAMETER   14  alpha_vw RESTORED TO VARIABLE.
                   PARAMETER   13  beta_y RESTORED TO VARIABLE.
                   PARAMETER   11  alpha_y RESTORED TO VARIABLE.
                   PARAMETER   10  beta_2CBO RESTORED TO VARIABLE.
                   PARAMETER    6  alpha_CBO RESTORED TO VARIABLE.
                   PARAMETER    4  phi RESTORED TO VARIABLE.
                   PARAMETER    3  A0 RESTORED TO VARIABLE.
                   PARAMETER    1  N0 RESTORED TO VARIABLE.
 **********
 **   43 **FIX           10
 **********
 **********
 **   44 **FIX           11
 **********
 **********
 **   45 **FIX           12
 **********
 PARAMETER   12  IS CONSTANT.   IGNORED.
 **********
 **   46 **FIX           13
 **********
 **********
 **   47 **FIX           14
 **********
 **********
 **   48 **FIX           15
 **********
 PARAMETER   15  IS CONSTANT.   IGNORED.
 **********
 **   49 **FIX           16
 **********
 **********
 **   50 **MIGRAD
 **********
 START MIGRAD MINIMIZATION.  STRATEGY  1.  CONVERGENCE WHEN EDM .LT. 1.00e-04
 FCN=11.8806 FROM MIGRAD    STATUS=INITIATE       22 CALLS        3913 TOTAL
                     EDM= unknown      STRATEGY= 1      NO ERROR MATRIX       
  EXT PARAMETER               CURRENT GUESS       STEP         FIRST   
  NO.   NAME      VALUE            ERROR          SIZE      DERIVATIVE 
   1  N0           2.91656e+06   8.23972e+03   8.23972e+03  -5.52715e-06
   2  tau          6.43896e+01   constant   
   3  A0           3.45325e-01   3.16524e-03   3.16524e-03  -2.07760e+02
   4  phi          4.11310e+00   5.25423e-03   5.25423e-03  -1.01011e+02
   5  R           -6.12649e+01   constant   
   6  alpha_CBO    1.20041e-02   3.58352e-03   3.58352e-03   8.65587e+02
   7  w_CBO        2.32500e+00   constant   
   8  beta_CBO    -6.51480e-04   3.36179e-04   3.68459e-06   5.96924e+00
   9  alpha_2CBO  -8.04793e-04   3.27055e-04   6.11619e-06   8.47570e+01
  10  beta_2CBO   -5.26937e-03     fixed    
  11  alpha_y      0.00000e+00     fixed    
  12  w_y          1.44500e+01   constant   
  13  beta_y      -3.94913e-04     fixed    
  14  alpha_vw     0.00000e+00     fixed    
  15  w_vw         1.29000e+01   constant   
  16  beta_vw      0.00000e+00     fixed    
  17  LM          -3.89610e-04   constant   
  18  zeta_y       0.00000e+00   constant   
  19  zeta_vw      0.00000e+00   constant   
  20  T_CBO        3.90226e+00   1.38548e-01   9.26969e-06  -3.89240e+02
  21  alpha_A0    -1.59427e+05   8.96890e+04   3.66498e+02  -1.92284e-06
  22  beta_A0      4.71205e+03   5.97811e+03  -3.19445e+01   2.83826e-06
  23  alpha_phi    2.58595e+05   1.41397e+05  -5.04675e+02  -7.55723e-06
  24  beta_phi    -2.27964e+03   5.73735e+03   7.36425e+01   4.72400e-07
 MIGRAD MINIMIZATION HAS CONVERGED.
 MIGRAD WILL VERIFY CONVERGENCE AND ERROR MATRIX.
 FCN=10.0368 FROM HESSE     STATUS=NOT POSDEF    100 CALLS        4763 TOTAL
                     EDM=0.000265983    STRATEGY= 1      ERR MATRIX NOT POS-DEF
  EXT PARAMETER                APPROXIMATE        STEP         FIRST   
  NO.   NAME      VALUE            ERROR          SIZE      DERIVATIVE 
   1  N0           2.92062e+06   5.13951e+03   1.39266e+00  -6.76568e-07
   2  tau          6.43896e+01   constant   
   3  A0           3.46372e-01   2.11398e-03   2.61690e-07  -7.21408e+00
   4  phi          4.10131e+00   5.72912e-03   1.95566e-06   7.81344e-01
   5  R           -6.12649e+01   constant   
   6  alpha_CBO    7.43222e-03   1.50085e-03   3.28375e-07  -7.28190e+00
   7  w_CBO        2.32500e+00   constant   
   8  beta_CBO    -1.01090e-02   2.13932e-03   3.46071e-07  -4.88679e+00
   9  alpha_2CBO  -7.00686e-03   1.46605e-03   3.32383e-07   7.80347e-02
  10  beta_2CBO   -5.26937e-03     fixed    
  11  alpha_y      0.00000e+00     fixed    
  12  w_y          1.44500e+01   constant   
  13  beta_y      -3.94913e-04     fixed    
  14  alpha_vw     0.00000e+00     fixed    
  15  w_vw         1.29000e+01   constant   
  16  beta_vw      0.00000e+00     fixed    
  17  LM          -3.89610e-04   constant   
  18  zeta_y       0.00000e+00   constant   
  19  zeta_vw      0.00000e+00   constant   
  20  T_CBO        3.90564e+00   4.33271e-02   6.89375e-07   1.22177e+01
  21  alpha_A0    -2.44250e+05   5.31735e+04   5.58412e+00  -1.83694e-07
  22  beta_A0      7.28802e+04   4.53389e+04   6.46273e+00   5.33463e-08
  23  alpha_phi    1.69001e+05   6.04817e+04   6.32544e+00   3.55703e-07
  24  beta_phi    -1.66751e+05   5.78924e+04   5.86403e+00   2.73751e-07
 CALL LIMIT EXCEEDED IN MIGRAD.
 MIGRAD TERMINATED WITHOUT CONVERGENCE.
 FCN=9.58119 FROM MIGRAD    STATUS=CALL LIMIT   1914 CALLS        5805 TOTAL
                     EDM=0.0286231    STRATEGY= 1      ERR MATRIX NOT POS-DEF
  EXT PARAMETER                APPROXIMATE        STEP         FIRST   
  NO.   NAME      VALUE            ERROR          SIZE      DERIVATIVE 
   1  N0           2.99376e+06   4.07693e+04   1.62771e+02  -6.68957e-07
   2  tau          6.43896e+01   constant   
   3  A0           3.49511e-01   4.87685e-03   1.59519e-04   3.64674e+02
   4  phi          4.13562e+00   1.14452e-02   1.00895e-03  -6.14008e+01
   5  R           -6.12649e+01   constant   
   6  alpha_CBO    1.32087e-02   4.24872e-03   1.23442e-04   5.28987e+01
   7  w_CBO        2.32500e+00   constant   
   8  beta_CBO    -2.45975e-02   1.01745e-02  -4.28053e-07   4.61900e+02
   9  alpha_2CBO  -1.07866e-02   3.55715e-03  -5.84151e-05   7.23966e+02
  10  beta_2CBO   -5.26937e-03     fixed    
  11  alpha_y      0.00000e+00     fixed    
  12  w_y          1.44500e+01   constant   
  13  beta_y      -3.94913e-04     fixed    
  14  alpha_vw     0.00000e+00     fixed    
  15  w_vw         1.29000e+01   constant   
  16  beta_vw      0.00000e+00     fixed    
  17  LM          -3.89610e-04   constant   
  18  zeta_y       0.00000e+00   constant   
  19  zeta_vw      0.00000e+00   constant   
  20  T_CBO        3.88416e+00   7.13484e-03  -1.41508e-06   4.91941e+03
  21  alpha_A0     2.10087e+05   2.12677e+05   2.92882e+03  -1.86036e-05
  22  beta_A0      2.04259e+05   1.80780e+05  -6.17364e+03   1.90579e-05
  23  alpha_phi    1.85338e+05   1.89715e+05  -8.26354e+03  -1.05826e-05
  24  beta_phi    -8.39995e+05   3.13025e+05  -5.16006e+03  -2.54183e-05
 EXTERNAL ERROR MATRIX.    NDIM=  25    NPAR= 11    ERR DEF=1
  1.662e+09 
  8.814e+01  2.378e-05 
  3.096e+02  3.146e-05  1.310e-04 
  1.449e+02  7.898e-06  3.362e-05  1.805e-05 
 -3.767e+02 -3.059e-05 -6.592e-05 -2.537e-05  1.035e-04 
 -7.618e+01 -9.154e-06 -1.362e-05 -1.036e-06  2.942e-05  1.265e-05 
 -2.258e+02 -2.886e-05 -5.146e-05 -1.751e-05  6.500e-05  1.845e-05  5.091e-05 
  8.331e+09  3.023e+02  1.759e+03  7.954e+02 -1.670e+03 -2.496e+02 -9.513e+02  4.523e+10 
  6.123e+09 -6.164e+01  4.828e+02  5.142e+02 -1.230e+03 -1.958e+02 -5.152e+02  3.159e+10  3.268e+10 
  4.243e+09 -3.517e+02  5.696e+01  5.074e+02 -4.564e+02  1.432e+02 -1.517e+00  2.566e+10  2.958e+10  3.599e+10 
 -1.210e+10 -7.478e+02 -2.479e+03 -8.777e+02  3.066e+03  8.261e+02  1.844e+03 -5.836e+10 -4.109e+10 -1.962e+10  9.798e+10 
ERR MATRIX NOT POS-DEF
 PARAMETER  CORRELATION COEFFICIENTS  
       NO.  GLOBAL      1      3      4      6      8      9     20     21     22     23     24
        1  0.99998   1.000  0.443  0.663  0.836 -0.908 -0.525 -0.776  0.961  0.831  0.549 -0.948
        3  0.99985   0.443  1.000  0.564  0.381 -0.616 -0.528 -0.829  0.291 -0.070 -0.380 -0.490
        4  0.99983   0.663  0.564  1.000  0.691 -0.566 -0.335 -0.630  0.723  0.233  0.026 -0.692
        6  0.99968   0.836  0.381  0.691  1.000 -0.587 -0.069 -0.577  0.880  0.669  0.629 -0.660
        8  0.99994  -0.908 -0.616 -0.566 -0.587  1.000  0.813  0.895 -0.772 -0.669 -0.236  0.963
        9  0.99932  -0.525 -0.528 -0.335 -0.069  0.813  1.000  0.727 -0.330 -0.304  0.212  0.742
       20  0.99065  -0.776 -0.829 -0.630 -0.577  0.895  0.727  1.000 -0.627 -0.399 -0.001  0.826
       21  0.99993   0.961  0.291  0.723  0.880 -0.772 -0.330 -0.627  1.000  0.822  0.636 -0.877
       22  0.99980   0.831 -0.070  0.233  0.669 -0.669 -0.304 -0.399  0.822  1.000  0.862 -0.726
       23  0.99983   0.549 -0.380  0.026  0.629 -0.236  0.212 -0.001  0.636  0.862  1.000 -0.330
       24  0.99998  -0.948 -0.490 -0.692 -0.660  0.963  0.742  0.826 -0.877 -0.726 -0.330  1.000
 ERR MATRIX NOT POS-DEF
MINUIT - FIT ONLY 1-y
 **********
 **   51 **RES 
 **********
                   PARAMETER   16  beta_vw RESTORED TO VARIABLE.
                   PARAMETER   14  alpha_vw RESTORED TO VARIABLE.
                   PARAMETER   13  beta_y RESTORED TO VARIABLE.
                   PARAMETER   11  alpha_y RESTORED TO VARIABLE.
                   PARAMETER   10  beta_2CBO RESTORED TO VARIABLE.
 **********
 **   52 **FIX            0
 **********
 PARAMETER    0  IS UNDEFINED. IGNORED.
 **********
 **   53 **FIX            1
 **********
 **********
 **   54 **FIX            2
 **********
 PARAMETER    2  IS CONSTANT.   IGNORED.
 **********
 **   55 **FIX            3
 **********
 **********
 **   56 **FIX            4
 **********
 **********
 **   57 **FIX            5
 **********
 PARAMETER    5  IS CONSTANT.   IGNORED.
 **********
 **   58 **FIX            6
 **********
 **********
 **   59 **FIX            7
 **********
 PARAMETER    7  IS CONSTANT.   IGNORED.
 **********
 **   60 **FIX            8
 **********
 **********
 **   61 **FIX            9
 **********
 **********
 **   62 **FIX           13
 **********
 **********
 **   63 **FIX           14
 **********
 **********
 **   64 **FIX           15
 **********
 PARAMETER   15  IS CONSTANT.   IGNORED.
 **********
 **   65 **FIX           16
 **********
 **********
 **   66 **MIGRAD
 **********
 START MIGRAD MINIMIZATION.  STRATEGY  1.  CONVERGENCE WHEN EDM .LT. 1.00e-04
 FCN=9.58119 FROM MIGRAD    STATUS=INITIATE       16 CALLS        5821 TOTAL
                     EDM= unknown      STRATEGY= 1      NO ERROR MATRIX       
  EXT PARAMETER               CURRENT GUESS       STEP         FIRST   
  NO.   NAME      VALUE            ERROR          SIZE      DERIVATIVE 
   1  N0           2.99376e+06     fixed    
   2  tau          6.43896e+01   constant   
   3  A0           3.49511e-01     fixed    
   4  phi          4.13562e+00     fixed    
   5  R           -6.12649e+01   constant   
   6  alpha_CBO    1.32087e-02     fixed    
   7  w_CBO        2.32500e+00   constant   
   8  beta_CBO    -2.45975e-02     fixed    
   9  alpha_2CBO  -1.07866e-02     fixed    
  10  beta_2CBO   -5.26937e-03   2.39856e-03   2.39856e-03  -1.32046e+02
  11  alpha_y      0.00000e+00   1.00000e-03   1.00000e-03  -8.89523e+02
  12  w_y          1.44500e+01   constant   
  13  beta_y      -3.94913e-04     fixed    
  14  alpha_vw     0.00000e+00     fixed    
  15  w_vw         1.29000e+01   constant   
  16  beta_vw      0.00000e+00     fixed    
  17  LM          -3.89610e-04   constant   
  18  zeta_y       0.00000e+00   constant   
  19  zeta_vw      0.00000e+00   constant   
  20  T_CBO        3.88416e+00   7.13484e-03  -1.41508e-06   4.91941e+03
  21  alpha_A0     2.10087e+05   2.12677e+05   2.92882e+03  -1.86036e-05
  22  beta_A0      2.04259e+05   1.80780e+05  -6.17364e+03   1.90579e-05
  23  alpha_phi    1.85338e+05   1.89715e+05  -8.26354e+03  -1.05826e-05
  24  beta_phi    -8.39995e+05   3.13025e+05  -5.16006e+03  -2.54183e-05
 MIGRAD MINIMIZATION HAS CONVERGED.
 MIGRAD WILL VERIFY CONVERGENCE AND ERROR MATRIX.
 FCN=9.56234 FROM MIGRAD    STATUS=CONVERGED     146 CALLS        5951 TOTAL
                     EDM=1.43713e-05    STRATEGY= 1      ERR MATRIX NOT POS-DEF
  EXT PARAMETER                APPROXIMATE        STEP         FIRST   
  NO.   NAME      VALUE            ERROR          SIZE      DERIVATIVE 
   1  N0           2.99376e+06     fixed    
   2  tau          6.43896e+01   constant   
   3  A0           3.49511e-01     fixed    
   4  phi          4.13562e+00     fixed    
   5  R           -6.12649e+01   constant   
   6  alpha_CBO    1.32087e-02     fixed    
   7  w_CBO        2.32500e+00   constant   
   8  beta_CBO    -2.45975e-02     fixed    
   9  alpha_2CBO  -1.07866e-02     fixed    
  10  beta_2CBO   -5.27824e-03   4.58823e-04   3.33994e-07   7.48556e+00
  11  alpha_y      2.13487e-05   2.13890e-04   3.30892e-07   4.65963e+00
  12  w_y          1.44500e+01   constant   
  13  beta_y      -3.94913e-04     fixed    
  14  alpha_vw     0.00000e+00     fixed    
  15  w_vw         1.29000e+01   constant   
  16  beta_vw      0.00000e+00     fixed    
  17  LM          -3.89610e-04   constant   
  18  zeta_y       0.00000e+00   constant   
  19  zeta_vw      0.00000e+00   constant   
  20  T_CBO        3.88414e+00   1.76236e-02   6.89540e-07   1.68337e+01
  21  alpha_A0     2.10371e+05   1.57322e+04   5.77676e+00   7.55596e-08
  22  beta_A0      2.03755e+05   1.96897e+04   6.51545e+00  -1.62961e-07
  23  alpha_phi    1.85506e+05   1.48524e+04   6.22657e+00  -6.56427e-07
  24  beta_phi    -8.39911e+05   6.04680e+04   5.85310e+00  -2.25663e-07
 EXTERNAL ERROR MATRIX.    NDIM=  25    NPAR=  7    ERR DEF=1
  2.105e-07 -2.024e-08 -2.957e-07  7.332e-01  5.122e+00 -7.421e-01  1.604e+00 
 -2.024e-08  4.575e-08  1.256e-08 -2.296e-02 -6.176e-01  5.836e-02 -2.623e-01 
 -2.957e-07  1.256e-08  3.106e-04 -2.633e+02 -2.671e+02 -2.393e+02  1.057e+03 
  7.332e-01 -2.296e-02 -2.633e+02  2.475e+08  2.314e+08  1.984e+08 -8.889e+08 
  5.122e+00 -6.176e-01 -2.671e+02  2.314e+08  3.877e+08  1.943e+08 -8.331e+08 
 -7.421e-01  5.836e-02 -2.393e+02  1.984e+08  1.943e+08  2.206e+08 -8.184e+08 
  1.604e+00 -2.623e-01  1.057e+03 -8.889e+08 -8.331e+08 -8.184e+08  3.656e+09 
ERR MATRIX NOT POS-DEF
 PARAMETER  CORRELATION COEFFICIENTS  
       NO.  GLOBAL     10     11     20     21     22     23     24
       10  0.88890   1.000 -0.206 -0.037  0.102  0.567 -0.109  0.058
       11  0.22848  -0.206  1.000  0.003 -0.007 -0.147  0.018 -0.020
       20  0.99783  -0.037  0.003  1.000 -0.950 -0.770 -0.914  0.992
       21  0.95486   0.102 -0.007 -0.950  1.000  0.747  0.849 -0.934
       22  0.95544   0.567 -0.147 -0.770  0.747  1.000  0.664 -0.700
       23  0.93348  -0.109  0.018 -0.914  0.849  0.664  1.000 -0.911
       24  0.99687   0.058 -0.020  0.992 -0.934 -0.700 -0.911  1.000
 ERR MATRIX NOT POS-DEF
MINUIT - FIT ONLY 2-y
 **********
 **   67 **RES 
 **********
                   PARAMETER   16  beta_vw RESTORED TO VARIABLE.
                   PARAMETER   14  alpha_vw RESTORED TO VARIABLE.
                   PARAMETER   13  beta_y RESTORED TO VARIABLE.
                   PARAMETER    9  alpha_2CBO RESTORED TO VARIABLE.
                   PARAMETER    8  beta_CBO RESTORED TO VARIABLE.
                   PARAMETER    6  alpha_CBO RESTORED TO VARIABLE.
                   PARAMETER    4  phi RESTORED TO VARIABLE.
                   PARAMETER    3  A0 RESTORED TO VARIABLE.
                   PARAMETER    1  N0 RESTORED TO VARIABLE.
 **********
 **   68 **FIX            0
 **********
 PARAMETER    0  IS UNDEFINED. IGNORED.
 **********
 **   69 **FIX            1
 **********
 **********
 **   70 **FIX            2
 **********
 PARAMETER    2  IS CONSTANT.   IGNORED.
 **********
 **   71 **FIX            3
 **********
 **********
 **   72 **FIX            4
 **********
 **********
