 + ++++++++++++++++++++++++++++++++++++++++++++++++++++++++++++++++++++ +
 +                                                                      +
 +           You have chose to blind your fitting according to          +
 +                omega_ref * (1 + (R +/- deltaR) *10^{-6})             +
 +                                                                      +
 + ++++++++++++++++++++++++++++++++++++++++++++++++++++++++++++++++++++ +
In main()...
reading format from /gm2data/zkhechad/run45/envelope/formats/formatB_sBin_constraintOn.txt
pBinTau 	= 0  
pBinPhi 	= 0  
constraintau 	= 1 
includeMopTerm 	= 0    
constrainMop    = 0   
Parameters after format file: pBinTau 0 pBinPhi 0 constraintau 1 includeMopTerm 0 constrainMop 0 c_e_scale 0.000000 
Opening file /gm2data/tbarrett/gm2fr/studies/run23_bunch_corrections/CorrectedFourier_Run3b.root.
reading full fit data from /gm2data/zkhechad/cboTemplates/Run4CBOTemplates/templateFits0_v2.0/noRF/sBin_constraintOn_cE0.0_seed0_noRF_calo23.root
windowBins = 17
fitting sliding window 54 from bin 190 at 28.198800 to bin 207 at 30.884400 (17 bins)

Reading data from /gm2data/cornell/histograms/aMethod/histogram_a_noRF.root
 **********
 **    1 **SET PRINTOUT            1
 **********
 **********
 **    2 **SET NOWARNINGS 
 **********
 PARAMETER DEFINITIONS:
    NO.   NAME         VALUE      STEP SIZE      LIMITS
     1 N0           3.09806e+06  1.00000e+02     no limits
     2 tau          6.44406e+01  constant
     3 A0           3.43401e-01  1.00000e-04     no limits
     4 phi          4.11985e+00  1.00000e-02     no limits
     5 R           -6.14862e+01  constant
     6 alpha_CBO    0.00000e+00  1.00000e-03     no limits
     7 w_CBO        2.32500e+00  constant
     8 beta_CBO     0.00000e+00  1.00000e-03     no limits
     9 alpha_2CBO   0.00000e+00  1.00000e-03     no limits
    10 beta_2CBO    0.00000e+00  1.00000e-03     no limits
    11 alpha_y      0.00000e+00  1.00000e-03     no limits
    12 w_y          1.44500e+01  constant
    13 beta_y       0.00000e+00  1.00000e-03     no limits
    14 alpha_vw     0.00000e+00  1.00000e-03     no limits
    15 w_vw         1.29000e+01  constant
    16 beta_vw      0.00000e+00  1.00000e-03     no limits
    17 LM           1.22331e-03  constant
    18 zeta_y       0.00000e+00  constant
    19 zeta_vw      0.00000e+00  constant
    20 T_CBO        1.00000e+02  1.00000e+00    0.00000e+00  1.00000e+03
    21 alpha_A0     0.00000e+00  1.00000e-03     no limits
    22 beta_A0      0.00000e+00  1.00000e-03     no limits
    23 alpha_phi    0.00000e+00  1.00000e-03     no limits
    24 beta_phi     0.00000e+00  1.00000e-03     no limits
MINUIT - FIT ONLY WIGGLE
 **********
 **    3 **FIX            5
 **********
 PARAMETER    5  IS CONSTANT.   IGNORED.
 **********
 **    4 **FIX            6
 **********
 **********
 **    5 **FIX            7
 **********
 PARAMETER    7  IS CONSTANT.   IGNORED.
 **********
 **    6 **FIX            8
 **********
 **********
 **    7 **FIX            9
 **********
 **********
 **    8 **FIX           10
 **********
 **********
 **    9 **FIX           11
 **********
 **********
 **   10 **FIX           12
 **********
 PARAMETER   12  IS CONSTANT.   IGNORED.
 **********
 **   11 **FIX           13
 **********
 **********
 **   12 **FIX           14
 **********
 **********
 **   13 **FIX           15
 **********
 PARAMETER   15  IS CONSTANT.   IGNORED.
 **********
 **   14 **FIX           16
 **********
 **********
 **   15 **MIGRAD
 **********
 FIRST CALL TO USER FUNCTION AT NEW START POINT, WITH IFLAG=4.
 START MIGRAD MINIMIZATION.  STRATEGY  1.  CONVERGENCE WHEN EDM .LT. 1.00e-04
 FCN=7893.74 FROM MIGRAD    STATUS=INITIATE      429 CALLS         430 TOTAL
                     EDM= unknown      STRATEGY= 1      NO ERROR MATRIX       
  EXT PARAMETER               CURRENT GUESS       STEP         FIRST   
  NO.   NAME      VALUE            ERROR          SIZE      DERIVATIVE 
   1  N0           3.09806e+06   1.00000e+02   0.00000e+00   3.25458e-02
   2  tau          6.44406e+01   constant   
   3  A0           3.43401e-01   1.00000e-04   0.00000e+00   1.02498e+05
   4  phi          4.11985e+00   1.00000e-02   0.00000e+00   2.36638e+05
   5  R           -6.14862e+01   constant   
   6  alpha_CBO    0.00000e+00     fixed    
   7  w_CBO        2.32500e+00   constant   
   8  beta_CBO     0.00000e+00     fixed    
   9  alpha_2CBO   0.00000e+00     fixed    
  10  beta_2CBO    0.00000e+00     fixed    
  11  alpha_y      0.00000e+00     fixed    
  12  w_y          1.44500e+01   constant   
  13  beta_y       0.00000e+00     fixed    
  14  alpha_vw     0.00000e+00     fixed    
  15  w_vw         1.29000e+01   constant   
  16  beta_vw      0.00000e+00     fixed    
  17  LM           1.22331e-03   constant   
  18  zeta_y       0.00000e+00   constant   
  19  zeta_vw      0.00000e+00   constant   
  20  T_CBO        1.00000e+02   1.00000e+00   0.00000e+00   0.00000e+00
  21  alpha_A0     0.00000e+00   1.00000e-03   0.00000e+00   4.50161e+04
  22  beta_A0      0.00000e+00   1.00000e-03   0.00000e+00  -1.24971e+04
  23  alpha_phi    0.00000e+00   1.00000e-03   0.00000e+00   1.21494e+05
  24  beta_phi     0.00000e+00   1.00000e-03   0.00000e+00   2.14078e+04
 CALL LIMIT EXCEEDED IN MIGRAD.
 MIGRAD TERMINATED WITHOUT CONVERGENCE.
 FCN=1653.86 FROM MIGRAD    STATUS=CALL LIMIT   1324 CALLS        1325 TOTAL
                     EDM=1.17943    STRATEGY= 1  ERROR MATRIX UNCERTAINTY   4.7 per cent
  EXT PARAMETER                APPROXIMATE        STEP         FIRST   
  NO.   NAME      VALUE            ERROR          SIZE      DERIVATIVE 
   1  N0           3.13450e+06   1.51604e+03   2.25717e+02   1.87055e-04
   2  tau          6.44406e+01   constant   
   3  A0           3.59805e-01   1.63267e-03  -9.36477e-05  -3.32066e+03
   4  phi          3.98928e+00   4.40066e-03  -9.20299e-05  -3.71905e+02
   5  R           -6.14862e+01   constant   
   6  alpha_CBO    0.00000e+00     fixed    
   7  w_CBO        2.32500e+00   constant   
   8  beta_CBO     0.00000e+00     fixed    
   9  alpha_2CBO   0.00000e+00     fixed    
  10  beta_2CBO    0.00000e+00     fixed    
  11  alpha_y      0.00000e+00     fixed    
  12  w_y          1.44500e+01   constant   
  13  beta_y       0.00000e+00     fixed    
  14  alpha_vw     0.00000e+00     fixed    
  15  w_vw         1.29000e+01   constant   
  16  beta_vw      0.00000e+00     fixed    
  17  LM           1.22331e-03   constant   
  18  zeta_y       0.00000e+00   constant   
  19  zeta_vw      0.00000e+00   constant   
  20  T_CBO        1.56960e+01   1.01721e-01   7.87538e-05   1.54489e+03
  21  alpha_A0    -3.21579e-01   1.83539e-02   3.11870e-04  -4.72744e+02
  22  beta_A0      9.39078e-01   4.97711e-02   5.73961e-04   1.01228e+02
  23  alpha_phi    8.86631e-01   5.75590e-02   2.19145e-03  -3.64679e+01
  24  beta_phi     3.23988e-01   2.06081e-02   9.04202e-04  -3.73702e+02
 EXTERNAL ERROR MATRIX.    NDIM=  25    NPAR=  8    ERR DEF=1
  2.298e+06  1.839e+00 -6.098e+00 -1.348e+02 -2.399e+01  6.686e+01  7.963e+01  2.836e+01 
  1.839e+00  2.666e-06 -6.760e-06 -1.089e-04 -2.922e-05  7.818e-05  8.843e-05  3.172e-05 
 -6.098e+00 -6.760e-06  1.937e-05  3.583e-04  7.949e-05 -2.176e-04 -2.509e-04 -8.992e-05 
 -1.348e+02 -1.089e-04  3.583e-04  1.035e-02  1.465e-03 -4.091e-03 -4.940e-03 -1.749e-03 
 -2.399e+01 -2.922e-05  7.949e-05  1.465e-03  3.369e-04 -9.081e-04 -1.046e-03 -3.728e-04 
  6.686e+01  7.818e-05 -2.176e-04 -4.091e-03 -9.081e-04  2.477e-03  2.853e-03  1.023e-03 
  7.963e+01  8.843e-05 -2.509e-04 -4.940e-03 -1.046e-03  2.853e-03  3.313e-03  1.182e-03 
  2.836e+01  3.172e-05 -8.992e-05 -1.749e-03 -3.728e-04  1.023e-03  1.182e-03  4.247e-04 
ERR MATRIX APPROXIMATE
 PARAMETER  CORRELATION COEFFICIENTS  
       NO.  GLOBAL      1      3      4     20     21     22     23     24
        1  0.99104   1.000  0.743 -0.914 -0.874 -0.862  0.886  0.913  0.908
        3  0.99859   0.743  1.000 -0.941 -0.656 -0.975  0.962  0.941  0.943
        4  0.99905  -0.914 -0.941  1.000  0.800  0.984 -0.993 -0.991 -0.991
       20  0.97319  -0.874 -0.656  0.800  1.000  0.785 -0.808 -0.844 -0.834
       21  0.99920  -0.862 -0.975  0.984  0.785  1.000 -0.994 -0.990 -0.986
       22  0.99989   0.886  0.962 -0.993 -0.808 -0.994  1.000  0.996  0.997
       23  0.99936   0.913  0.941 -0.991 -0.844 -0.990  0.996  1.000  0.997
       24  0.99956   0.908  0.943 -0.991 -0.834 -0.986  0.997  0.997  1.000
 ERR MATRIX APPROXIMATE
MINUIT - FIT ONLY 1-CBO + wiggle
 **********
 **   16 **RES 
 **********
                   PARAMETER   16  beta_vw RESTORED TO VARIABLE.
                   PARAMETER   14  alpha_vw RESTORED TO VARIABLE.
                   PARAMETER   13  beta_y RESTORED TO VARIABLE.
                   PARAMETER   11  alpha_y RESTORED TO VARIABLE.
                   PARAMETER   10  beta_2CBO RESTORED TO VARIABLE.
                   PARAMETER    9  alpha_2CBO RESTORED TO VARIABLE.
                   PARAMETER    8  beta_CBO RESTORED TO VARIABLE.
                   PARAMETER    6  alpha_CBO RESTORED TO VARIABLE.
 **********
 **   17 **FIX            8
 **********
 **********
 **   18 **FIX            9
 **********
 **********
 **   19 **FIX           11
 **********
 **********
 **   20 **FIX           12
 **********
 PARAMETER   12  IS CONSTANT.   IGNORED.
 **********
 **   21 **FIX           14
 **********
 **********
 **   22 **FIX           15
 **********
 PARAMETER   15  IS CONSTANT.   IGNORED.
 **********
 **   23 **FIX           16
 **********
 **********
 **   24 **MIGRAD
 **********
 START MIGRAD MINIMIZATION.  STRATEGY  1.  CONVERGENCE WHEN EDM .LT. 1.00e-04
 FCN=1653.86 FROM MIGRAD    STATUS=INITIATE       28 CALLS        1353 TOTAL
                     EDM= unknown      STRATEGY= 1      NO ERROR MATRIX       
  EXT PARAMETER               CURRENT GUESS       STEP         FIRST   
  NO.   NAME      VALUE            ERROR          SIZE      DERIVATIVE 
   1  N0           3.13450e+06   1.51604e+03   2.25717e+02   1.87055e-04
   2  tau          6.44406e+01   constant   
   3  A0           3.59805e-01   1.63267e-03  -9.36477e-05  -3.32066e+03
   4  phi          3.98928e+00   4.40066e-03  -9.20299e-05  -3.71905e+02
   5  R           -6.14862e+01   constant   
   6  alpha_CBO    0.00000e+00   1.00000e-03   1.00000e-03  -5.47011e+03
   7  w_CBO        2.32500e+00   constant   
   8  beta_CBO     0.00000e+00     fixed    
   9  alpha_2CBO   0.00000e+00     fixed    
  10  beta_2CBO    0.00000e+00   1.00000e-03   1.00000e-03  -4.75405e+03
  11  alpha_y      0.00000e+00     fixed    
  12  w_y          1.44500e+01   constant   
  13  beta_y       0.00000e+00   1.00000e-03   1.00000e-03  -3.87007e+05
  14  alpha_vw     0.00000e+00     fixed    
  15  w_vw         1.29000e+01   constant   
  16  beta_vw      0.00000e+00     fixed    
  17  LM           1.22331e-03   constant   
  18  zeta_y       0.00000e+00   constant   
  19  zeta_vw      0.00000e+00   constant   
  20  T_CBO        1.56960e+01   1.01721e-01   7.87538e-05   1.54489e+03
  21  alpha_A0    -3.21579e-01   1.83539e-02   3.11870e-04  -4.72744e+02
  22  beta_A0      9.39078e-01   4.97711e-02   5.73961e-04   1.01228e+02
  23  alpha_phi    8.86631e-01   5.75590e-02   2.19145e-03  -3.64679e+01
  24  beta_phi     3.23988e-01   2.06081e-02   9.04202e-04  -3.73702e+02
 CALL LIMIT EXCEEDED IN MIGRAD.
 MIGRAD TERMINATED WITHOUT CONVERGENCE.
 FCN=741.375 FROM MIGRAD    STATUS=CALL LIMIT   1909 CALLS        3234 TOTAL
                     EDM=0.71331    STRATEGY= 1  ERROR MATRIX UNCERTAINTY  13.7 per cent
  EXT PARAMETER                APPROXIMATE        STEP         FIRST   
  NO.   NAME      VALUE            ERROR          SIZE      DERIVATIVE 
   1  N0           2.81882e+06   1.03827e+04   8.08374e+03  -5.51951e-03
   2  tau          6.44406e+01   constant   
   3  A0           4.88707e-01   3.99686e-03  -9.62960e-04  -7.51640e+03
   4  phi          4.07109e+00   8.53482e-03  -8.37987e-03  -2.84846e+03
   5  R           -6.14862e+01   constant   
   6  alpha_CBO   -1.03521e-01   4.16460e-03   3.07417e-03  -2.69538e+03
   7  w_CBO        2.32500e+00   constant   
   8  beta_CBO     0.00000e+00     fixed    
   9  alpha_2CBO   0.00000e+00     fixed    
  10  beta_2CBO   -1.51502e-02   5.32081e-04   1.51460e-04  -4.10116e+02
  11  alpha_y      0.00000e+00     fixed    
  12  w_y          1.44500e+01   constant   
  13  beta_y       4.05939e-03   1.46124e-04  -2.14287e-05  -1.00172e+03
  14  alpha_vw     0.00000e+00     fixed    
  15  w_vw         1.29000e+01   constant   
  16  beta_vw      0.00000e+00     fixed    
  17  LM           1.22331e-03   constant   
  18  zeta_y       0.00000e+00   constant   
  19  zeta_vw      0.00000e+00   constant   
  20  T_CBO        1.66985e+01   3.57106e-02   1.65768e-04  -9.21864e+03
  21  alpha_A0     9.44224e-01   5.65852e-02  -4.62160e-02  -4.62076e+02
  22  beta_A0      2.06511e+00   3.98410e-02   7.96180e-03  -1.19125e+02
  23  alpha_phi    2.37120e+00   4.60947e-02  -7.04765e-03   5.26429e+01
  24  beta_phi    -3.58956e-01   2.67903e-02   1.42614e-02   2.41808e+02
 EXTERNAL ERROR MATRIX.    NDIM=  25    NPAR= 11    ERR DEF=1
  1.078e+08 
 -3.032e+01  1.597e-05 
 -6.689e+01  7.464e-06  7.284e-05 
  4.204e+01 -1.257e-05 -2.761e-05  1.734e-05 
  3.223e+00 -1.787e-06 -7.337e-08  1.144e-06  2.831e-07 
 -7.633e-02  8.385e-09  7.712e-08 -2.645e-08  9.602e-10  2.135e-08 
  3.096e+02 -1.002e-04 -2.205e-04  1.329e-04  8.563e-06 -2.913e-07  1.275e-03 
 -5.556e+02  1.108e-04  3.933e-04 -2.111e-04 -1.151e-05  3.993e-07 -1.461e-03  3.202e-03 
 -1.670e+02  1.325e-04 -9.478e-05 -6.004e-05 -1.840e-05 -8.185e-08 -4.237e-04  4.325e-04  1.587e-03 
 -3.576e+02  1.756e-04  9.903e-05 -1.532e-04 -1.767e-05  9.460e-08 -1.190e-03  1.456e-03  1.441e-03  2.125e-03 
  2.073e+02 -3.464e-05 -1.072e-04  6.727e-05  5.726e-06 -1.513e-07  3.531e-04 -1.292e-03 -3.285e-04 -4.803e-04  7.177e-04 
ERR MATRIX APPROXIMATE
 PARAMETER  CORRELATION COEFFICIENTS  
       NO.  GLOBAL      1      3      4      6     10     13     20     21     22     23     24
        1  0.99989   1.000 -0.731 -0.755  0.972  0.583 -0.050  0.835 -0.946 -0.404 -0.747  0.745
        3  0.99960  -0.731  1.000  0.219 -0.755 -0.840  0.014 -0.702  0.490  0.832  0.953 -0.324
        4  0.99976  -0.755  0.219  1.000 -0.777 -0.016  0.062 -0.723  0.814 -0.279  0.252 -0.469
        6  0.99980   0.972 -0.755 -0.777  1.000  0.516 -0.043  0.893 -0.896 -0.362 -0.798  0.603
       10  0.96391   0.583 -0.840 -0.016  0.516  1.000  0.012  0.451 -0.382 -0.868 -0.720  0.402
       13  0.17399  -0.050  0.014  0.062 -0.043  0.012  1.000 -0.056  0.048 -0.014  0.014 -0.039
       20  0.98130   0.835 -0.702 -0.723  0.893  0.451 -0.056  1.000 -0.723 -0.298 -0.723  0.369
       21  0.99951  -0.946  0.490  0.814 -0.896 -0.382  0.048 -0.723  1.000  0.192  0.558 -0.853
       22  0.99827  -0.404  0.832 -0.279 -0.362 -0.868 -0.014 -0.298  0.192  1.000  0.785 -0.308
       23  0.99919  -0.747  0.953  0.252 -0.798 -0.720  0.014 -0.723  0.558  0.785  1.000 -0.389
       24  0.99667   0.745 -0.324 -0.469  0.603  0.402 -0.039  0.369 -0.853 -0.308 -0.389  1.000
 ERR MATRIX APPROXIMATE
MINUIT - FIT ONLY 2-CBO
 **********
 **   25 **RES 
 **********
                   PARAMETER   16  beta_vw RESTORED TO VARIABLE.
                   PARAMETER   14  alpha_vw RESTORED TO VARIABLE.
                   PARAMETER   11  alpha_y RESTORED TO VARIABLE.
                   PARAMETER    9  alpha_2CBO RESTORED TO VARIABLE.
                   PARAMETER    8  beta_CBO RESTORED TO VARIABLE.
 **********
 **   26 **FIX            0
 **********
 PARAMETER    0  IS UNDEFINED. IGNORED.
 **********
 **   27 **FIX            1
 **********
 **********
 **   28 **FIX            2
 **********
 PARAMETER    2  IS CONSTANT.   IGNORED.
 **********
 **   29 **FIX            3
 **********
 **********
 **   30 **FIX            4
 **********
 **********
 **   31 **FIX            5
 **********
 PARAMETER    5  IS CONSTANT.   IGNORED.
 **********
 **   32 **FIX            6
 **********
 **********
 **   33 **FIX            7
 **********
 PARAMETER    7  IS CONSTANT.   IGNORED.
 **********
 **   34 **FIX           10
 **********
 **********
 **   35 **FIX           11
 **********
 **********
 **   36 **FIX           12
 **********
 PARAMETER   12  IS CONSTANT.   IGNORED.
 **********
 **   37 **FIX           13
 **********
 **********
 **   38 **FIX           14
 **********
 **********
 **   39 **FIX           15
 **********
 PARAMETER   15  IS CONSTANT.   IGNORED.
 **********
 **   40 **FIX           16
 **********
 **********
 **   41 **MIGRAD
 **********
 START MIGRAD MINIMIZATION.  STRATEGY  1.  CONVERGENCE WHEN EDM .LT. 1.00e-04
 FCN=741.375 FROM MIGRAD    STATUS=INITIATE       18 CALLS        3252 TOTAL
                     EDM= unknown      STRATEGY= 1      NO ERROR MATRIX       
  EXT PARAMETER               CURRENT GUESS       STEP         FIRST   
  NO.   NAME      VALUE            ERROR          SIZE      DERIVATIVE 
   1  N0           2.81882e+06     fixed    
   2  tau          6.44406e+01   constant   
   3  A0           4.88707e-01     fixed    
   4  phi          4.07109e+00     fixed    
   5  R           -6.14862e+01   constant   
   6  alpha_CBO   -1.03521e-01     fixed    
   7  w_CBO        2.32500e+00   constant   
   8  beta_CBO     0.00000e+00   1.00000e-03   1.00000e-03   3.06847e+03
   9  alpha_2CBO   0.00000e+00   1.00000e-03   1.00000e-03  -1.51587e+04
  10  beta_2CBO   -1.51502e-02     fixed    
  11  alpha_y      0.00000e+00     fixed    
  12  w_y          1.44500e+01   constant   
  13  beta_y       4.05939e-03     fixed    
  14  alpha_vw     0.00000e+00     fixed    
  15  w_vw         1.29000e+01   constant   
  16  beta_vw      0.00000e+00     fixed    
  17  LM           1.22331e-03   constant   
  18  zeta_y       0.00000e+00   constant   
  19  zeta_vw      0.00000e+00   constant   
  20  T_CBO        1.66985e+01   3.57106e-02   1.65768e-04  -9.21864e+03
  21  alpha_A0     9.44224e-01   5.65852e-02  -4.62160e-02  -4.62076e+02
  22  beta_A0      2.06511e+00   3.98410e-02   7.96180e-03  -1.19125e+02
  23  alpha_phi    2.37120e+00   4.60947e-02  -7.04765e-03   5.26429e+01
  24  beta_phi    -3.58956e-01   2.67903e-02   1.42614e-02   2.41808e+02
 CALL LIMIT EXCEEDED IN MIGRAD.
 MIGRAD TERMINATED WITHOUT CONVERGENCE.
 FCN=734.335 FROM MIGRAD    STATUS=CALL LIMIT   1153 CALLS        4387 TOTAL
                     EDM=0.040405    STRATEGY= 1  ERROR MATRIX UNCERTAINTY  33.2 per cent
  EXT PARAMETER                APPROXIMATE        STEP         FIRST   
  NO.   NAME      VALUE            ERROR          SIZE      DERIVATIVE 
   1  N0           2.81882e+06     fixed    
   2  tau          6.44406e+01   constant   
   3  A0           4.88707e-01     fixed    
   4  phi          4.07109e+00     fixed    
   5  R           -6.14862e+01   constant   
   6  alpha_CBO   -1.03521e-01     fixed    
   7  w_CBO        2.32500e+00   constant   
   8  beta_CBO    -3.33997e-03   5.77588e-04   8.45576e-06  -3.58783e+02
   9  alpha_2CBO   5.71622e-04   2.26596e-04   3.59508e-06  -1.33890e+02
  10  beta_2CBO   -1.51502e-02     fixed    
  11  alpha_y      0.00000e+00     fixed    
  12  w_y          1.44500e+01   constant   
  13  beta_y       4.05939e-03     fixed    
  14  alpha_vw     0.00000e+00     fixed    
  15  w_vw         1.29000e+01   constant   
  16  beta_vw      0.00000e+00     fixed    
  17  LM           1.22331e-03   constant   
  18  zeta_y       0.00000e+00   constant   
  19  zeta_vw      0.00000e+00   constant   
  20  T_CBO        2.09117e+01   5.31121e-01   7.15058e-05  -2.79917e+02
  21  alpha_A0     6.44339e-01   2.57961e-02  -4.24030e-04  -4.34083e+01
  22  beta_A0      1.46634e+00   5.32559e-02  -9.64469e-04  -5.39657e+01
  23  alpha_phi    1.67460e+00   5.78887e-02  -9.02905e-04   5.21830e+01
  24  beta_phi    -2.20731e-01   1.10526e-02  -2.37636e-05  -1.68052e+00
 EXTERNAL ERROR MATRIX.    NDIM=  25    NPAR=  7    ERR DEF=1
  3.336e-07 -6.403e-08 -1.007e-04  6.117e-06  6.541e-06  1.030e-05 -3.963e-06 
 -6.403e-08  5.135e-08  2.537e-05 -1.797e-06 -1.630e-06 -2.531e-06  5.305e-07 
 -1.007e-04  2.537e-05  2.821e-01 -1.358e-02 -2.806e-02 -3.072e-02  5.328e-03 
  6.117e-06 -1.797e-06 -1.358e-02  6.654e-04  1.332e-03  1.475e-03 -2.619e-04 
  6.541e-06 -1.630e-06 -2.806e-02  1.332e-03  2.836e-03  3.066e-03 -5.094e-04 
  1.030e-05 -2.531e-06 -3.072e-02  1.475e-03  3.066e-03  3.351e-03 -5.771e-04 
 -3.963e-06  5.305e-07  5.328e-03 -2.619e-04 -5.094e-04 -5.771e-04  1.222e-04 
ERR MATRIX APPROXIMATE
 PARAMETER  CORRELATION COEFFICIENTS  
       NO.  GLOBAL      8      9     20     21     22     23     24
        8  0.98241   1.000 -0.489 -0.328  0.411  0.213  0.308 -0.621
        9  0.82814  -0.489  1.000  0.211 -0.307 -0.135 -0.193  0.212
       20  0.99976  -0.328  0.211  1.000 -0.991 -0.992 -0.999  0.908
       21  0.99785   0.411 -0.307 -0.991  1.000  0.970  0.988 -0.919
       22  0.99964   0.213 -0.135 -0.992  0.970  1.000  0.994 -0.865
       23  0.99962   0.308 -0.193 -0.999  0.988  0.994  1.000 -0.902
       24  0.98407  -0.621  0.212  0.908 -0.919 -0.865 -0.902  1.000
 ERR MATRIX APPROXIMATE
MINUIT - FIT wiggle + 1-CBO + 2-CBO
 **********
 **   42 **RES 
 **********
                   PARAMETER   16  beta_vw RESTORED TO VARIABLE.
                   PARAMETER   14  alpha_vw RESTORED TO VARIABLE.
                   PARAMETER   13  beta_y RESTORED TO VARIABLE.
                   PARAMETER   11  alpha_y RESTORED TO VARIABLE.
                   PARAMETER   10  beta_2CBO RESTORED TO VARIABLE.
                   PARAMETER    6  alpha_CBO RESTORED TO VARIABLE.
                   PARAMETER    4  phi RESTORED TO VARIABLE.
                   PARAMETER    3  A0 RESTORED TO VARIABLE.
                   PARAMETER    1  N0 RESTORED TO VARIABLE.
 **********
 **   43 **FIX           10
 **********
 **********
 **   44 **FIX           11
 **********
 **********
 **   45 **FIX           12
 **********
 PARAMETER   12  IS CONSTANT.   IGNORED.
 **********
 **   46 **FIX           13
 **********
 **********
 **   47 **FIX           14
 **********
 **********
 **   48 **FIX           15
 **********
 PARAMETER   15  IS CONSTANT.   IGNORED.
 **********
 **   49 **FIX           16
 **********
 **********
 **   50 **MIGRAD
 **********
 START MIGRAD MINIMIZATION.  STRATEGY  1.  CONVERGENCE WHEN EDM .LT. 1.00e-04
 FCN=734.335 FROM MIGRAD    STATUS=INITIATE       22 CALLS        4409 TOTAL
                     EDM= unknown      STRATEGY= 1      NO ERROR MATRIX       
  EXT PARAMETER               CURRENT GUESS       STEP         FIRST   
  NO.   NAME      VALUE            ERROR          SIZE      DERIVATIVE 
   1  N0           2.81882e+06   1.03827e+04   1.03827e+04  -1.66904e-03
   2  tau          6.44406e+01   constant   
   3  A0           4.88707e-01   3.99686e-03   3.99686e-03  -8.04133e+02
   4  phi          4.07109e+00   8.53482e-03   8.53482e-03  -5.45007e+02
   5  R           -6.14862e+01   constant   
   6  alpha_CBO   -1.03521e-01   4.16460e-03   4.16460e-03   1.52496e+03
   7  w_CBO        2.32500e+00   constant   
   8  beta_CBO    -3.33997e-03   5.77588e-04   8.45576e-06  -3.58783e+02
   9  alpha_2CBO   5.71622e-04   2.26596e-04   3.59508e-06  -1.33890e+02
  10  beta_2CBO   -1.51502e-02     fixed    
  11  alpha_y      0.00000e+00     fixed    
  12  w_y          1.44500e+01   constant   
  13  beta_y       4.05939e-03     fixed    
  14  alpha_vw     0.00000e+00     fixed    
  15  w_vw         1.29000e+01   constant   
  16  beta_vw      0.00000e+00     fixed    
  17  LM           1.22331e-03   constant   
  18  zeta_y       0.00000e+00   constant   
  19  zeta_vw      0.00000e+00   constant   
  20  T_CBO        2.09117e+01   5.31121e-01   7.15058e-05  -2.79917e+02
  21  alpha_A0     6.44339e-01   2.57961e-02  -4.24030e-04  -4.34083e+01
  22  beta_A0      1.46634e+00   5.32559e-02  -9.64469e-04  -5.39657e+01
  23  alpha_phi    1.67460e+00   5.78887e-02  -9.02905e-04   5.21830e+01
  24  beta_phi    -2.20731e-01   1.10526e-02  -2.37636e-05  -1.68052e+00
 CALL LIMIT EXCEEDED IN MIGRAD.
 MIGRAD TERMINATED WITHOUT CONVERGENCE.
 FCN=650.64 FROM MIGRAD    STATUS=CALL LIMIT   1929 CALLS        6316 TOTAL
                     EDM=2.09733    STRATEGY= 1  ERROR MATRIX UNCERTAINTY  15.8 per cent
  EXT PARAMETER                APPROXIMATE        STEP         FIRST   
  NO.   NAME      VALUE            ERROR          SIZE      DERIVATIVE 
   1  N0           2.96635e+06   4.11601e+03   2.42008e+03  -6.78961e-03
   2  tau          6.44406e+01   constant   
   3  A0           4.24284e-01   3.12095e-03  -1.78950e-03  -7.71717e+03
   4  phi          3.99885e+00   3.12773e-03  -1.44155e-03  -7.78561e+03
   5  R           -6.14862e+01   constant   
   6  alpha_CBO   -1.08556e-01   4.90883e-04  -7.83520e-06  -1.17451e+04
   7  w_CBO        2.32500e+00   constant   
   8  beta_CBO    -1.19570e-01   3.55395e-03  -2.10453e-03  -2.97818e+03
   9  alpha_2CBO   4.59431e-04   4.20320e-04  -1.57984e-04  -1.53136e+03
  10  beta_2CBO   -1.51502e-02     fixed    
  11  alpha_y      0.00000e+00     fixed    
  12  w_y          1.44500e+01   constant   
  13  beta_y       4.05939e-03     fixed    
  14  alpha_vw     0.00000e+00     fixed    
  15  w_vw         1.29000e+01   constant   
  16  beta_vw      0.00000e+00     fixed    
  17  LM           1.22331e-03   constant   
  18  zeta_y       0.00000e+00   constant   
  19  zeta_vw      0.00000e+00   constant   
  20  T_CBO        1.75031e+01   7.49452e-02  -3.33270e-04  -3.71741e+04
  21  alpha_A0     8.27965e-01   2.92030e-02   1.48062e-02  -7.58312e+02
  22  beta_A0      3.22370e+00   6.36440e-02   3.81547e-02  -3.21490e+02
  23  alpha_phi    2.88864e+00   3.47872e-02   2.00195e-02  -5.40802e+02
  24  beta_phi     1.00658e+00   3.65824e-02   2.09863e-02   3.16549e+02
 EXTERNAL ERROR MATRIX.    NDIM=  25    NPAR= 11    ERR DEF=1
  1.694e+07 
 -1.003e+01  9.740e-06 
 -1.157e+01  5.077e-06  9.783e-06 
 -6.166e-01 -4.516e-07  8.585e-07  2.410e-07 
 -1.444e+01  8.945e-06  9.876e-06  3.908e-07  1.263e-05 
 -1.017e+00  1.098e-06  5.394e-07 -6.041e-08  8.954e-07  1.767e-07 
 -2.433e+02  2.317e-04  1.210e-04 -1.119e-05  2.173e-04  2.623e-05  5.617e-03 
  8.552e+01 -8.920e-05 -4.475e-05  4.763e-06 -7.718e-05 -1.104e-05 -2.111e-03  8.528e-04 
  2.540e+02 -1.739e-04 -1.682e-04 -3.447e-06 -2.238e-04 -1.815e-05 -4.208e-03  1.538e-03  4.051e-03 
  1.412e+02 -7.779e-05 -1.033e-04 -6.755e-06 -1.209e-04 -7.825e-06 -1.877e-03  6.676e-04  2.107e-03  1.210e-03 
  1.490e+02 -8.892e-05 -9.899e-05 -4.666e-06 -1.283e-04 -9.063e-06 -2.191e-03  7.539e-04  2.253e-03  1.230e-03  1.338e-03 
ERR MATRIX APPROXIMATE
 PARAMETER  CORRELATION COEFFICIENTS  
       NO.  GLOBAL      1      3      4      6      8      9     20     21     22     23     24
        1  0.99944   1.000 -0.781 -0.899 -0.305 -0.987 -0.588 -0.789  0.711  0.970  0.986  0.990
        3  0.99947  -0.781  1.000  0.520 -0.295  0.806  0.837  0.991 -0.979 -0.875 -0.717 -0.779
        4  0.99877  -0.899  0.520  1.000  0.559  0.888  0.410  0.516 -0.490 -0.845 -0.949 -0.865
        6  0.98672  -0.305 -0.295  0.559  1.000  0.224 -0.293 -0.304  0.332 -0.110 -0.396 -0.260
        8  0.99983  -0.987  0.806  0.888  0.224  1.000  0.599  0.816 -0.744 -0.990 -0.978 -0.987
        9  0.96438  -0.588  0.837  0.410 -0.293  0.599  1.000  0.833 -0.899 -0.679 -0.535 -0.589
       20  0.99916  -0.789  0.991  0.516 -0.304  0.816  0.833  1.000 -0.965 -0.882 -0.720 -0.799
       21  0.99903   0.711 -0.979 -0.490  0.332 -0.744 -0.899 -0.965  1.000  0.828  0.657  0.706
       22  0.99979   0.970 -0.875 -0.845 -0.110 -0.990 -0.679 -0.882  0.828  1.000  0.952  0.968
       23  0.99906   0.986 -0.717 -0.949 -0.396 -0.978 -0.535 -0.720  0.657  0.952  1.000  0.967
       24  0.99933   0.990 -0.779 -0.865 -0.260 -0.987 -0.589 -0.799  0.706  0.968  0.967  1.000
 ERR MATRIX APPROXIMATE
MINUIT - FIT ONLY 1-y
 **********
 **   51 **RES 
 **********
                   PARAMETER   16  beta_vw RESTORED TO VARIABLE.
                   PARAMETER   14  alpha_vw RESTORED TO VARIABLE.
                   PARAMETER   13  beta_y RESTORED TO VARIABLE.
                   PARAMETER   11  alpha_y RESTORED TO VARIABLE.
                   PARAMETER   10  beta_2CBO RESTORED TO VARIABLE.
 **********
 **   52 **FIX            0
 **********
 PARAMETER    0  IS UNDEFINED. IGNORED.
 **********
 **   53 **FIX            1
 **********
 **********
 **   54 **FIX            2
 **********
 PARAMETER    2  IS CONSTANT.   IGNORED.
 **********
 **   55 **FIX            3
 **********
 **********
 **   56 **FIX            4
 **********
 **********
 **   57 **FIX            5
 **********
 PARAMETER    5  IS CONSTANT.   IGNORED.
 **********
 **   58 **FIX            6
 **********
 **********
 **   59 **FIX            7
 **********
 PARAMETER    7  IS CONSTANT.   IGNORED.
 **********
 **   60 **FIX            8
 **********
 **********
 **   61 **FIX            9
 **********
 **********
 **   62 **FIX           13
 **********
 **********
 **   63 **FIX           14
 **********
 **********
 **   64 **FIX           15
 **********
 PARAMETER   15  IS CONSTANT.   IGNORED.
 **********
 **   65 **FIX           16
 **********
 **********
 **   66 **MIGRAD
 **********
 START MIGRAD MINIMIZATION.  STRATEGY  1.  CONVERGENCE WHEN EDM .LT. 1.00e-04
 FCN=650.64 FROM MIGRAD    STATUS=INITIATE       16 CALLS        6332 TOTAL
                     EDM= unknown      STRATEGY= 1      NO ERROR MATRIX       
  EXT PARAMETER               CURRENT GUESS       STEP         FIRST   
  NO.   NAME      VALUE            ERROR          SIZE      DERIVATIVE 
   1  N0           2.96635e+06     fixed    
   2  tau          6.44406e+01   constant   
   3  A0           4.24284e-01     fixed    
   4  phi          3.99885e+00     fixed    
   5  R           -6.14862e+01   constant   
   6  alpha_CBO   -1.08556e-01     fixed    
   7  w_CBO        2.32500e+00   constant   
   8  beta_CBO    -1.19570e-01     fixed    
   9  alpha_2CBO   4.59431e-04     fixed    
  10  beta_2CBO   -1.51502e-02   5.32081e-04   5.32081e-04   1.57861e+04
  11  alpha_y      0.00000e+00   1.00000e-03   1.00000e-03   2.51967e+05
  12  w_y          1.44500e+01   constant   
  13  beta_y       4.05939e-03     fixed    
  14  alpha_vw     0.00000e+00     fixed    
  15  w_vw         1.29000e+01   constant   
  16  beta_vw      0.00000e+00     fixed    
  17  LM           1.22331e-03   constant   
  18  zeta_y       0.00000e+00   constant   
  19  zeta_vw      0.00000e+00   constant   
  20  T_CBO        1.75031e+01   7.49452e-02  -3.33270e-04  -3.71741e+04
  21  alpha_A0     8.27965e-01   2.92030e-02   1.48062e-02  -7.58312e+02
  22  beta_A0      3.22370e+00   6.36440e-02   3.81547e-02  -3.21490e+02
  23  alpha_phi    2.88864e+00   3.47872e-02   2.00195e-02  -5.40802e+02
  24  beta_phi     1.00658e+00   3.65824e-02   2.09863e-02   3.16549e+02
 MIGRAD MINIMIZATION HAS CONVERGED.
 MIGRAD WILL VERIFY CONVERGENCE AND ERROR MATRIX.
 FCN=328.992 FROM MIGRAD    STATUS=CONVERGED    1116 CALLS        7432 TOTAL
                     EDM=2.22322e-06    STRATEGY= 1      ERR MATRIX NOT POS-DEF
  EXT PARAMETER                APPROXIMATE        STEP         FIRST   
  NO.   NAME      VALUE            ERROR          SIZE      DERIVATIVE 
   1  N0           2.96635e+06     fixed    
   2  tau          6.44406e+01   constant   
   3  A0           4.24284e-01     fixed    
   4  phi          3.99885e+00     fixed    
   5  R           -6.14862e+01   constant   
   6  alpha_CBO   -1.08556e-01     fixed    
   7  w_CBO        2.32500e+00   constant   
   8  beta_CBO    -1.19570e-01     fixed    
   9  alpha_2CBO   4.59431e-04     fixed    
  10  beta_2CBO   -1.59155e-02   1.75016e-04   1.25203e-06  -7.53249e+00
  11  alpha_y     -2.42527e-03   1.38582e-04   1.21244e-06  -5.97243e+00
  12  w_y          1.44500e+01   constant   
  13  beta_y       4.05939e-03     fixed    
  14  alpha_vw     0.00000e+00     fixed    
  15  w_vw         1.29000e+01   constant   
  16  beta_vw      0.00000e+00     fixed    
  17  LM           1.22331e-03   constant   
  18  zeta_y       0.00000e+00   constant   
  19  zeta_vw      0.00000e+00   constant   
  20  T_CBO        1.42667e+01   5.23443e-02   6.34832e-07  -5.31936e+01
  21  alpha_A0     1.26313e+00   1.11821e-02   3.45297e-05  -1.73844e-01
  22  beta_A0      4.78741e+00   3.76627e-02   3.16208e-05  -4.42672e-01
  23  alpha_phi    4.18638e+00   3.14705e-02   3.85493e-05  -1.37961e-01
  24  beta_phi     1.42269e+00   1.11932e-02   4.30599e-05  -1.12085e-01
 EXTERNAL ERROR MATRIX.    NDIM=  25    NPAR=  7    ERR DEF=1
  3.063e-08  9.724e-10  3.429e-07 -3.044e-07 -5.483e-07  2.513e-07 -1.106e-07 
  9.724e-10  1.920e-08  2.422e-08 -7.217e-08  1.760e-08  7.539e-08 -9.564e-08 
  3.429e-07  2.422e-08  2.740e-03 -5.384e-04 -1.958e-03 -1.622e-03 -5.069e-04 
 -3.044e-07 -7.217e-08 -5.384e-04  1.250e-04  3.876e-04  3.082e-04  1.005e-04 
 -5.483e-07  1.760e-08 -1.958e-03  3.876e-04  1.418e-03  1.156e-03  3.532e-04 
  2.513e-07  7.539e-08 -1.622e-03  3.082e-04  1.156e-03  9.904e-04  2.920e-04 
 -1.106e-07 -9.564e-08 -5.069e-04  1.005e-04  3.532e-04  2.920e-04  1.253e-04 
ERR MATRIX NOT POS-DEF
 PARAMETER  CORRELATION COEFFICIENTS  
       NO.  GLOBAL     10     11     20     21     22     23     24
       10  0.59261   1.000  0.040  0.037 -0.156 -0.083  0.046 -0.056
       11  0.17205   0.040  1.000  0.003 -0.047  0.003  0.017 -0.062
       20  0.99772   0.037  0.003  1.000 -0.920 -0.993 -0.985 -0.865
       21  0.93757  -0.156 -0.047 -0.920  1.000  0.920  0.876  0.803
       22  0.99552  -0.083  0.003 -0.993  0.920  1.000  0.975  0.838
       23  0.99044   0.046  0.017 -0.985  0.876  0.975  1.000  0.829
       24  0.90126  -0.056 -0.062 -0.865  0.803  0.838  0.829  1.000
 ERR MATRIX NOT POS-DEF
MINUIT - FIT ONLY 2-y
 **********
 **   67 **RES 
 **********
                   PARAMETER   16  beta_vw RESTORED TO VARIABLE.
                   PARAMETER   14  alpha_vw RESTORED TO VARIABLE.
                   PARAMETER   13  beta_y RESTORED TO VARIABLE.
                   PARAMETER    9  alpha_2CBO RESTORED TO VARIABLE.
                   PARAMETER    8  beta_CBO RESTORED TO VARIABLE.
                   PARAMETER    6  alpha_CBO RESTORED TO VARIABLE.
                   PARAMETER    4  phi RESTORED TO VARIABLE.
                   PARAMETER    3  A0 RESTORED TO VARIABLE.
                   PARAMETER    1  N0 RESTORED TO VARIABLE.
 **********
 **   68 **FIX            0
 **********
 PARAMETER    0  IS UNDEFINED. IGNORED.
 **********
 **   69 **FIX            1
 **********
 **********
 **   70 **FIX            2
 **********
 PARAMETER    2  IS CONSTANT.   IGNORED.
 **********
 **   71 **FIX            3
 **********
 **********
 **   72 **FIX            4
 **********
 **********
 **   73 **FIX            5
 **********
 PARAMETER    5  IS CONSTANT.   IGNORED.
 **********
 **   74 **FIX            6
 **********
 **********
 **   75 **FIX            7
 **********
 PARAMETER    7  IS CONSTANT.   IGNORED.
 **********
 **   76 **FIX            8
 **********
 **********
 **   77 **FIX            9
 **********
 **********
 **   78 **FIX           10
 **********
 **********
 **   79 **FIX           11
 **********
 **********
 **   80 **FIX           12
 **********
 PARAMETER   12  IS CONSTANT.   IGNORED.
 **********
 **   81 **FIX           16
 **********
 **********
 **   82 **MIGRAD
 **********
 START MIGRAD MINIMIZATION.  STRATEGY  1.  CONVERGENCE WHEN EDM .LT. 1.00e-04
 FCN=328.992 FROM MIGRAD    STATUS=INITIATE       16 CALLS        7448 TOTAL
                     EDM= unknown      STRATEGY= 1      NO ERROR MATRIX       
  EXT PARAMETER               CURRENT GUESS       STEP         FIRST   
  NO.   NAME      VALUE            ERROR          SIZE      DERIVATIVE 
   1  N0           2.96635e+06     fixed    
   2  tau          6.44406e+01   constant   
   3  A0           4.24284e-01     fixed    
   4  phi          3.99885e+00     fixed    
   5  R           -6.14862e+01   constant   
   6  alpha_CBO   -1.08556e-01     fixed    
   7  w_CBO        2.32500e+00   constant   
   8  beta_CBO    -1.19570e-01     fixed    
   9  alpha_2CBO   4.59431e-04     fixed    
  10  beta_2CBO   -1.59155e-02     fixed    
  11  alpha_y     -2.42527e-03     fixed    
  12  w_y          1.44500e+01   constant   
  13  beta_y       4.05939e-03   1.46124e-04   1.46124e-04  -6.45617e+03
  14  alpha_vw     0.00000e+00   1.00000e-03   1.00000e-03  -5.85589e+04
  15  w_vw         1.29000e+01   constant   
  16  beta_vw      0.00000e+00     fixed    
  17  LM           1.22331e-03   constant   
  18  zeta_y       0.00000e+00   constant   
  19  zeta_vw      0.00000e+00   constant   
  20  T_CBO        1.42667e+01   5.23443e-02   6.34832e-07  -5.31909e+01
  21  alpha_A0     1.26313e+00   1.11821e-02   3.45297e-05  -1.73839e-01
  22  beta_A0      4.78741e+00   3.76627e-02   3.16208e-05  -4.42668e-01
  23  alpha_phi    4.18638e+00   3.14705e-02   3.85493e-05  -1.37961e-01
  24  beta_phi     1.42269e+00   1.11932e-02   4.30599e-05  -1.12084e-01
 MIGRAD MINIMIZATION HAS CONVERGED.
 MIGRAD WILL VERIFY CONVERGENCE AND ERROR MATRIX.
 FCN=309.738 FROM HESSE     STATUS=NOT POSDEF     50 CALLS        7578 TOTAL
                     EDM=0.00236814    STRATEGY= 1      ERR MATRIX NOT POS-DEF
  EXT PARAMETER                APPROXIMATE        STEP         FIRST   
  NO.   NAME      VALUE            ERROR          SIZE      DERIVATIVE 
   1  N0           2.96635e+06     fixed    
   2  tau          6.44406e+01   constant   
   3  A0           4.24284e-01     fixed    
   4  phi          3.99885e+00     fixed    
   5  R           -6.14862e+01   constant   
   6  alpha_CBO   -1.08556e-01     fixed    
   7  w_CBO        2.32500e+00   constant   
   8  beta_CBO    -1.19570e-01     fixed    
   9  alpha_2CBO   4.59431e-04     fixed    
  10  beta_2CBO   -1.59155e-02     fixed    
  11  alpha_y     -2.42527e-03     fixed    
  12  w_y          1.44500e+01   constant   
  13  beta_y       3.75954e-03   1.66207e-04   1.23686e-06  -2.65747e-01
  14  alpha_vw     6.90656e-04   1.57956e-04   1.17494e-06  -2.44276e-01
  15  w_vw         1.29000e+01   constant   
  16  beta_vw      0.00000e+00     fixed    
  17  LM           1.22331e-03   constant   
  18  zeta_y       0.00000e+00   constant   
  19  zeta_vw      0.00000e+00   constant   
  20  T_CBO        1.42664e+01   5.25941e-02   6.34833e-07   1.10173e+02
  21  alpha_A0     1.26341e+00   1.10915e-02   3.35195e-05   1.49389e-02
  22  beta_A0      4.78757e+00   3.77383e-02   3.06949e-05  -1.13884e+00
  23  alpha_phi    4.18518e+00   3.15950e-02   3.74206e-05  -2.10404e-01
  24  beta_phi     1.42374e+00   1.12119e-02   4.17963e-05   8.40051e-02
 MIGRAD MINIMIZATION HAS CONVERGED.
 MIGRAD WILL VERIFY CONVERGENCE AND ERROR MATRIX.
 FCN=309.396 FROM MIGRAD    STATUS=CONVERGED     419 CALLS        7851 TOTAL
                     EDM=8.5537e-06    STRATEGY= 1      ERR MATRIX NOT POS-DEF
  EXT PARAMETER                APPROXIMATE        STEP         FIRST   
  NO.   NAME      VALUE            ERROR          SIZE      DERIVATIVE 
   1  N0           2.96635e+06     fixed    
   2  tau          6.44406e+01   constant   
   3  A0           4.24284e-01     fixed    
   4  phi          3.99885e+00     fixed    
   5  R           -6.14862e+01   constant   
   6  alpha_CBO   -1.08556e-01     fixed    
   7  w_CBO        2.32500e+00   constant   
   8  beta_CBO    -1.19570e-01     fixed    
   9  alpha_2CBO   4.59431e-04     fixed    
  10  beta_2CBO   -1.59155e-02     fixed    
  11  alpha_y     -2.42527e-03     fixed    
  12  w_y          1.44500e+01   constant   
  13  beta_y       3.75851e-03   1.66210e-04   1.23619e-06   2.59700e-01
  14  alpha_vw     7.02374e-04   1.57958e-04   1.17431e-06  -1.14324e-01
  15  w_vw         1.29000e+01   constant   
  16  beta_vw      0.00000e+00     fixed    
