 + ++++++++++++++++++++++++++++++++++++++++++++++++++++++++++++++++++++ +
 +                                                                      +
 +           You have chose to blind your fitting according to          +
 +                omega_ref * (1 + (R +/- deltaR) *10^{-6})             +
 +                                                                      +
 + ++++++++++++++++++++++++++++++++++++++++++++++++++++++++++++++++++++ +
In main()...
reading format from /gm2data/zkhechad/run45/envelope/formats/formatB_sBin_constraintOn.txt
pBinTau 	= 0  
pBinPhi 	= 0  
constraintau 	= 1 
includeMopTerm 	= 0    
constrainMop    = 0   
Parameters after format file: pBinTau 0 pBinPhi 0 constraintau 1 includeMopTerm 0 constrainMop 0 c_e_scale 0.000000 
Opening file /gm2data/tbarrett/gm2fr/studies/run23_bunch_corrections/CorrectedFourier_Run3b.root.
reading full fit data from /gm2data/zkhechad/cboTemplates/Run4CBOTemplates/templateFits0_v2.0/noRF/sBin_constraintOn_cE0.0_seed0_noRF_calo14.root
windowBins = 17
fitting sliding window 126 from bin 262 at 38.941200 to bin 279 at 41.626800 (17 bins)

Reading data from /gm2data/cornell/histograms/aMethod/histogram_a_noRF.root
 **********
 **    1 **SET PRINTOUT            1
 **********
 **********
 **    2 **SET NOWARNINGS 
 **********
 PARAMETER DEFINITIONS:
    NO.   NAME         VALUE      STEP SIZE      LIMITS
     1 N0           3.41556e+06  1.00000e+02     no limits
     2 tau          6.43834e+01  constant
     3 A0           3.61902e-01  1.00000e-04     no limits
     4 phi          4.12125e+00  1.00000e-02     no limits
     5 R           -6.07281e+01  constant
     6 alpha_CBO    0.00000e+00  1.00000e-03     no limits
     7 w_CBO        2.32500e+00  constant
     8 beta_CBO     0.00000e+00  1.00000e-03     no limits
     9 alpha_2CBO   0.00000e+00  1.00000e-03     no limits
    10 beta_2CBO    0.00000e+00  1.00000e-03     no limits
    11 alpha_y      0.00000e+00  1.00000e-03     no limits
    12 w_y          1.44500e+01  constant
    13 beta_y       0.00000e+00  1.00000e-03     no limits
    14 alpha_vw     0.00000e+00  1.00000e-03     no limits
    15 w_vw         1.29000e+01  constant
    16 beta_vw      0.00000e+00  1.00000e-03     no limits
    17 LM          -7.06631e-04  constant
    18 zeta_y       0.00000e+00  constant
    19 zeta_vw      0.00000e+00  constant
    20 T_CBO        1.00000e+02  1.00000e+00    0.00000e+00  1.00000e+03
    21 alpha_A0     0.00000e+00  1.00000e-03     no limits
    22 beta_A0      0.00000e+00  1.00000e-03     no limits
    23 alpha_phi    0.00000e+00  1.00000e-03     no limits
    24 beta_phi     0.00000e+00  1.00000e-03     no limits
MINUIT - FIT ONLY WIGGLE
 **********
 **    3 **FIX            5
 **********
 PARAMETER    5  IS CONSTANT.   IGNORED.
 **********
 **    4 **FIX            6
 **********
 **********
 **    5 **FIX            7
 **********
 PARAMETER    7  IS CONSTANT.   IGNORED.
 **********
 **    6 **FIX            8
 **********
 **********
 **    7 **FIX            9
 **********
 **********
 **    8 **FIX           10
 **********
 **********
 **    9 **FIX           11
 **********
 **********
 **   10 **FIX           12
 **********
 PARAMETER   12  IS CONSTANT.   IGNORED.
 **********
 **   11 **FIX           13
 **********
 **********
 **   12 **FIX           14
 **********
 **********
 **   13 **FIX           15
 **********
 PARAMETER   15  IS CONSTANT.   IGNORED.
 **********
 **   14 **FIX           16
 **********
 **********
 **   15 **MIGRAD
 **********
 FIRST CALL TO USER FUNCTION AT NEW START POINT, WITH IFLAG=4.
 START MIGRAD MINIMIZATION.  STRATEGY  1.  CONVERGENCE WHEN EDM .LT. 1.00e-04
 FCN=1815.4 FROM MIGRAD    STATUS=INITIATE      431 CALLS         432 TOTAL
                     EDM= unknown      STRATEGY= 1      NO ERROR MATRIX       
  EXT PARAMETER               CURRENT GUESS       STEP         FIRST   
  NO.   NAME      VALUE            ERROR          SIZE      DERIVATIVE 
   1  N0           3.41556e+06   1.00000e+02   0.00000e+00  -3.79043e-03
   2  tau          6.43834e+01   constant   
   3  A0           3.61902e-01   1.00000e-04   0.00000e+00   2.88201e+05
   4  phi          4.12125e+00   1.00000e-02   0.00000e+00   1.00366e+05
   5  R           -6.07281e+01   constant   
   6  alpha_CBO    0.00000e+00     fixed    
   7  w_CBO        2.32500e+00   constant   
   8  beta_CBO     0.00000e+00     fixed    
   9  alpha_2CBO   0.00000e+00     fixed    
  10  beta_2CBO    0.00000e+00     fixed    
  11  alpha_y      0.00000e+00     fixed    
  12  w_y          1.44500e+01   constant   
  13  beta_y       0.00000e+00     fixed    
  14  alpha_vw     0.00000e+00     fixed    
  15  w_vw         1.29000e+01   constant   
  16  beta_vw      0.00000e+00     fixed    
  17  LM          -7.06631e-04   constant   
  18  zeta_y       0.00000e+00   constant   
  19  zeta_vw      0.00000e+00   constant   
  20  T_CBO        1.00000e+02   1.00000e+00   0.00000e+00   0.00000e+00
  21  alpha_A0     0.00000e+00   1.00000e-03   0.00000e+00  -3.11243e+03
  22  beta_A0      0.00000e+00   1.00000e-03   0.00000e+00  -1.57973e+04
  23  alpha_phi    0.00000e+00   1.00000e-03   0.00000e+00   6.76082e+04
  24  beta_phi     0.00000e+00   1.00000e-03   0.00000e+00  -3.82715e+04
 MIGRAD MINIMIZATION HAS CONVERGED.
 FCN=222.709 FROM MIGRAD    STATUS=CONVERGED     760 CALLS         761 TOTAL
                     EDM=3.81592e-06    STRATEGY= 1  ERROR MATRIX UNCERTAINTY   0.7 per cent
  EXT PARAMETER                                   STEP         FIRST   
  NO.   NAME      VALUE            ERROR          SIZE      DERIVATIVE 
   1  N0           3.39748e+06   6.37935e+02  -1.82782e-01  -4.21977e-06
   2  tau          6.43834e+01   constant   
   3  A0           3.54958e-01   1.96755e-04   3.70845e-07   1.85675e+01
   4  phi          4.10843e+00   4.31990e-04  -2.80402e-07  -1.50107e+00
   5  R           -6.07281e+01   constant   
   6  alpha_CBO    0.00000e+00     fixed    
   7  w_CBO        2.32500e+00   constant   
   8  beta_CBO     0.00000e+00     fixed    
   9  alpha_2CBO   0.00000e+00     fixed    
  10  beta_2CBO    0.00000e+00     fixed    
  11  alpha_y      0.00000e+00     fixed    
  12  w_y          1.44500e+01   constant   
  13  beta_y       0.00000e+00     fixed    
  14  alpha_vw     0.00000e+00     fixed    
  15  w_vw         1.29000e+01   constant   
  16  beta_vw      0.00000e+00     fixed    
  17  LM          -7.06631e-04   constant   
  18  zeta_y       0.00000e+00   constant   
  19  zeta_vw      0.00000e+00   constant   
  20  T_CBO        2.49051e+00   6.76040e+02  -7.71188e-03   4.00620e-03
  21  alpha_A0     6.71101e-03   4.22571e-03   2.30346e-05   4.20472e-04
  22  beta_A0      3.27250e-03   1.40004e-02   7.82468e-05  -8.01770e-05
  23  alpha_phi   -1.00905e-02   1.52344e-02  -8.55193e-05   6.71291e-05
  24  beta_phi     6.36861e-03   7.47289e-03   4.22677e-05   4.14501e-04
 EXTERNAL ERROR MATRIX.    NDIM=  25    NPAR=  8    ERR DEF=1
  4.070e+05  9.733e-02  1.089e-01  4.937e+02 -1.872e-02  9.967e-02 -7.018e-02 -8.235e-02 
  9.733e-02  3.871e-08  3.057e-08 -6.411e-04  2.434e-08  1.802e-07 -2.059e-07  8.741e-08 
  1.089e-01  3.057e-08  1.866e-07  6.228e-04 -5.745e-08 -3.982e-08 -2.779e-08 -3.808e-08 
  4.937e+02 -6.411e-04  6.228e-04  4.700e+03 -2.862e-01 -9.580e-01  1.043e+00 -5.105e-01 
 -1.872e-02  2.434e-08 -5.745e-08 -2.862e-01  1.786e-05  5.818e-05 -6.355e-05  3.115e-05 
  9.967e-02  1.802e-07 -3.982e-08 -9.580e-01  5.818e-05  1.960e-04 -2.127e-04  1.041e-04 
 -7.018e-02 -2.059e-07 -2.779e-08  1.043e+00 -6.355e-05 -2.127e-04  2.321e-04 -1.133e-04 
 -8.235e-02  8.741e-08 -3.808e-08 -5.105e-01  3.115e-05  1.041e-04 -1.133e-04  5.584e-05 
 PARAMETER  CORRELATION COEFFICIENTS  
       NO.  GLOBAL      1      3      4     20     21     22     23     24
        1  0.84450   1.000  0.775  0.395  0.011 -0.007  0.011 -0.007 -0.017
        3  0.84830   0.775  1.000  0.360 -0.048  0.029  0.065 -0.069  0.059
        4  0.64548   0.395  0.360  1.000  0.021 -0.031 -0.007 -0.004 -0.012
       20  0.99973   0.011 -0.048  0.021  1.000 -0.988 -0.998  0.999 -0.996
       21  0.99073  -0.007  0.029 -0.031 -0.988  1.000  0.983 -0.987  0.986
       22  0.99858   0.011  0.065 -0.007 -0.998  0.983  1.000 -0.997  0.995
       23  0.99945  -0.007 -0.069 -0.004  0.999 -0.987 -0.997  1.000 -0.995
       24  0.99744  -0.017  0.059 -0.012 -0.996  0.986  0.995 -0.995  1.000
MINUIT - FIT ONLY 1-CBO + wiggle
 **********
 **   16 **RES 
 **********
                   PARAMETER   16  beta_vw RESTORED TO VARIABLE.
                   PARAMETER   14  alpha_vw RESTORED TO VARIABLE.
                   PARAMETER   13  beta_y RESTORED TO VARIABLE.
                   PARAMETER   11  alpha_y RESTORED TO VARIABLE.
                   PARAMETER   10  beta_2CBO RESTORED TO VARIABLE.
                   PARAMETER    9  alpha_2CBO RESTORED TO VARIABLE.
                   PARAMETER    8  beta_CBO RESTORED TO VARIABLE.
                   PARAMETER    6  alpha_CBO RESTORED TO VARIABLE.
 **********
 **   17 **FIX            8
 **********
 **********
 **   18 **FIX            9
 **********
 **********
 **   19 **FIX           11
 **********
 **********
 **   20 **FIX           12
 **********
 PARAMETER   12  IS CONSTANT.   IGNORED.
 **********
 **   21 **FIX           14
 **********
 **********
 **   22 **FIX           15
 **********
 PARAMETER   15  IS CONSTANT.   IGNORED.
 **********
 **   23 **FIX           16
 **********
 **********
 **   24 **MIGRAD
 **********
 START MIGRAD MINIMIZATION.  STRATEGY  1.  CONVERGENCE WHEN EDM .LT. 1.00e-04
 FCN=222.709 FROM MIGRAD    STATUS=INITIATE       28 CALLS         789 TOTAL
                     EDM= unknown      STRATEGY= 1      NO ERROR MATRIX       
  EXT PARAMETER               CURRENT GUESS       STEP         FIRST   
  NO.   NAME      VALUE            ERROR          SIZE      DERIVATIVE 
   1  N0           3.39748e+06   6.37935e+02  -1.82782e-01  -4.21977e-06
   2  tau          6.43834e+01   constant   
   3  A0           3.54958e-01   1.96755e-04   3.70845e-07   1.85675e+01
   4  phi          4.10843e+00   4.31990e-04  -2.80402e-07  -1.50106e+00
   5  R           -6.07281e+01   constant   
   6  alpha_CBO    0.00000e+00   1.00000e-03   1.00000e-03  -1.28535e+03
   7  w_CBO        2.32500e+00   constant   
   8  beta_CBO     0.00000e+00     fixed    
   9  alpha_2CBO   0.00000e+00     fixed    
  10  beta_2CBO    0.00000e+00   1.00000e-03   1.00000e-03  -1.05769e+03
  11  alpha_y      0.00000e+00     fixed    
  12  w_y          1.44500e+01   constant   
  13  beta_y       0.00000e+00   1.00000e-03   1.00000e-03  -1.52503e+05
  14  alpha_vw     0.00000e+00     fixed    
  15  w_vw         1.29000e+01   constant   
  16  beta_vw      0.00000e+00     fixed    
  17  LM          -7.06631e-04   constant   
  18  zeta_y       0.00000e+00   constant   
  19  zeta_vw      0.00000e+00   constant   
  20  T_CBO        2.49051e+00   6.76040e+02  -7.71188e-03   5.08632e-03
  21  alpha_A0     6.71101e-03   4.22571e-03   2.30346e-05   4.20472e-04
  22  beta_A0      3.27250e-03   1.40004e-02   7.82468e-05  -8.01770e-05
  23  alpha_phi   -1.00905e-02   1.52344e-02  -8.55193e-05   6.71291e-05
  24  beta_phi     6.36861e-03   7.47289e-03   4.22677e-05   4.14501e-04
 CALL LIMIT EXCEEDED IN MIGRAD.
 MIGRAD TERMINATED WITHOUT CONVERGENCE.
 FCN=45.3518 FROM MIGRAD    STATUS=CALL LIMIT   1916 CALLS        2677 TOTAL
                     EDM=0.382731    STRATEGY= 1  ERROR MATRIX UNCERTAINTY  24.6 per cent
  EXT PARAMETER                APPROXIMATE        STEP         FIRST   
  NO.   NAME      VALUE            ERROR          SIZE      DERIVATIVE 
   1  N0           3.43178e+06   1.58602e+04   4.82636e+03   1.07600e-03
   2  tau          6.43834e+01   constant   
   3  A0           3.28912e-01   7.00809e-03  -2.15804e-03  -1.18782e+03
   4  phi          4.08050e+00   8.01268e-03   1.37336e-03   4.62575e+02
   5  R           -6.07281e+01   constant   
   6  alpha_CBO   -1.76951e-02   4.97290e-03  -8.80576e-05  -1.79203e+03
   7  w_CBO        2.32500e+00   constant   
   8  beta_CBO     0.00000e+00     fixed    
   9  alpha_2CBO   0.00000e+00     fixed    
  10  beta_2CBO    5.72848e-03   1.74563e-03  -2.40816e-04  -8.41303e+02
  11  alpha_y      0.00000e+00     fixed    
  12  w_y          1.44500e+01   constant   
  13  beta_y       2.04389e-03   1.86407e-04  -1.09540e-05  -9.26958e+02
  14  alpha_vw     0.00000e+00     fixed    
  15  w_vw         1.29000e+01   constant   
  16  beta_vw      0.00000e+00     fixed    
  17  LM          -7.06631e-04   constant   
  18  zeta_y       0.00000e+00   constant   
  19  zeta_vw      0.00000e+00   constant   
  20  T_CBO        2.63800e+00   4.56295e-03   2.08528e-05  -1.95226e+04
  21  alpha_A0     2.95912e+05   1.01053e+05   3.24981e+04  -4.08566e-04
  22  beta_A0      2.07359e+05   2.45405e+04   2.12831e+03   4.71884e-05
  23  alpha_phi    6.13081e+04   4.52390e+04   8.43932e+03   1.26188e-04
  24  beta_phi    -3.28972e+05   1.05502e+05  -3.42435e+04  -1.09682e-04
 EXTERNAL ERROR MATRIX.    NDIM=  25    NPAR= 11    ERR DEF=1
  2.515e+08 
 -9.162e+01  4.911e-05 
  7.849e+01 -6.235e-06  6.420e-05 
  9.116e+00  1.497e-05  3.160e-05  2.473e-05 
 -1.060e+01 -6.517e-07 -1.167e-05 -7.595e-06  3.047e-06 
 -1.647e-01  3.686e-07  3.374e-07  3.443e-07 -7.040e-08  3.475e-08 
  5.424e+01 -2.957e-05  5.197e-07 -8.940e-06  3.290e-07 -2.173e-07  2.082e-05 
  1.547e+09 -6.679e+02  3.365e+02 -6.306e+01 -3.673e+01 -3.096e+00  3.977e+02  1.021e+10 
  2.110e+08 -1.150e+02 -3.839e+01 -5.684e+01  1.682e+01 -3.977e-01  8.283e+01  1.536e+09  6.022e+08 
  5.119e+08 -9.920e+01  2.834e+02  1.534e+02 -6.659e+01  1.519e+00  7.624e+01  2.594e+09  1.757e+08  2.047e+09 
 -1.541e+09  7.237e+02 -2.596e+02  1.303e+02  2.029e+01  4.257e+00 -4.291e+02 -1.056e+10 -1.626e+09 -2.225e+09  1.113e+10 
ERR MATRIX APPROXIMATE
 PARAMETER  CORRELATION COEFFICIENTS  
       NO.  GLOBAL      1      3      4      6     10     13     20     21     22     23     24
        1  0.99997   1.000 -0.824  0.618  0.116 -0.383 -0.056  0.749  0.965  0.542  0.713 -0.921
        3  0.99997  -0.824  1.000 -0.111  0.430 -0.053  0.282 -0.925 -0.943 -0.669 -0.313  0.979
        4  0.99976   0.618 -0.111  1.000  0.793 -0.835  0.226  0.014  0.416 -0.195  0.782 -0.307
        6  0.99988   0.116  0.430  0.793  1.000 -0.875  0.371 -0.394 -0.125 -0.466  0.682  0.248
       10  0.99946  -0.383 -0.053 -0.835 -0.875  1.000 -0.216  0.041 -0.208  0.393 -0.843  0.110
       13  0.71838  -0.056  0.282  0.226  0.371 -0.216  1.000 -0.256 -0.164 -0.087  0.180  0.216
       20  0.99343   0.749 -0.925  0.014 -0.394  0.041 -0.256  1.000  0.862  0.740  0.369 -0.891
       21  0.99997   0.965 -0.943  0.416 -0.125 -0.208 -0.164  0.862  1.000  0.619  0.568 -0.990
       22  0.99947   0.542 -0.669 -0.195 -0.466  0.393 -0.087  0.740  0.619  1.000  0.158 -0.628
       23  0.99979   0.713 -0.313  0.782  0.682 -0.843  0.180  0.369  0.568  0.158  1.000 -0.466
       24  0.99997  -0.921  0.979 -0.307  0.248  0.110  0.216 -0.891 -0.990 -0.628 -0.466  1.000
 ERR MATRIX APPROXIMATE
MINUIT - FIT ONLY 2-CBO
 **********
 **   25 **RES 
 **********
                   PARAMETER   16  beta_vw RESTORED TO VARIABLE.
                   PARAMETER   14  alpha_vw RESTORED TO VARIABLE.
                   PARAMETER   11  alpha_y RESTORED TO VARIABLE.
                   PARAMETER    9  alpha_2CBO RESTORED TO VARIABLE.
                   PARAMETER    8  beta_CBO RESTORED TO VARIABLE.
 **********
 **   26 **FIX            0
 **********
 PARAMETER    0  IS UNDEFINED. IGNORED.
 **********
 **   27 **FIX            1
 **********
 **********
 **   28 **FIX            2
 **********
 PARAMETER    2  IS CONSTANT.   IGNORED.
 **********
 **   29 **FIX            3
 **********
 **********
 **   30 **FIX            4
 **********
 **********
 **   31 **FIX            5
 **********
 PARAMETER    5  IS CONSTANT.   IGNORED.
 **********
 **   32 **FIX            6
 **********
 **********
 **   33 **FIX            7
 **********
 PARAMETER    7  IS CONSTANT.   IGNORED.
 **********
 **   34 **FIX           10
 **********
 **********
 **   35 **FIX           11
 **********
 **********
 **   36 **FIX           12
 **********
 PARAMETER   12  IS CONSTANT.   IGNORED.
 **********
 **   37 **FIX           13
 **********
 **********
 **   38 **FIX           14
 **********
 **********
 **   39 **FIX           15
 **********
 PARAMETER   15  IS CONSTANT.   IGNORED.
 **********
 **   40 **FIX           16
 **********
 **********
 **   41 **MIGRAD
 **********
 START MIGRAD MINIMIZATION.  STRATEGY  1.  CONVERGENCE WHEN EDM .LT. 1.00e-04
 FCN=45.3518 FROM MIGRAD    STATUS=INITIATE       18 CALLS        2695 TOTAL
                     EDM= unknown      STRATEGY= 1      NO ERROR MATRIX       
  EXT PARAMETER               CURRENT GUESS       STEP         FIRST   
  NO.   NAME      VALUE            ERROR          SIZE      DERIVATIVE 
   1  N0           3.43178e+06     fixed    
   2  tau          6.43834e+01   constant   
   3  A0           3.28912e-01     fixed    
   4  phi          4.08050e+00     fixed    
   5  R           -6.07281e+01   constant   
   6  alpha_CBO   -1.76951e-02     fixed    
   7  w_CBO        2.32500e+00   constant   
   8  beta_CBO     0.00000e+00   1.00000e-03   1.00000e-03   1.50855e+03
   9  alpha_2CBO   0.00000e+00   1.00000e-03   1.00000e-03   2.57837e+03
  10  beta_2CBO    5.72848e-03     fixed    
  11  alpha_y      0.00000e+00     fixed    
  12  w_y          1.44500e+01   constant   
  13  beta_y       2.04389e-03     fixed    
  14  alpha_vw     0.00000e+00     fixed    
  15  w_vw         1.29000e+01   constant   
  16  beta_vw      0.00000e+00     fixed    
  17  LM          -7.06631e-04   constant   
  18  zeta_y       0.00000e+00   constant   
  19  zeta_vw      0.00000e+00   constant   
  20  T_CBO        2.63800e+00   4.56295e-03   2.08528e-05  -1.95226e+04
  21  alpha_A0     2.95912e+05   1.01053e+05   3.24981e+04  -4.08566e-04
  22  beta_A0      2.07359e+05   2.45405e+04   2.12831e+03   4.71884e-05
  23  alpha_phi    6.13081e+04   4.52390e+04   8.43932e+03   1.26188e-04
  24  beta_phi    -3.28972e+05   1.05502e+05  -3.42435e+04  -1.09682e-04
 MIGRAD MINIMIZATION HAS CONVERGED.
 MIGRAD WILL VERIFY CONVERGENCE AND ERROR MATRIX.
 FCN=44.9462 FROM HESSE     STATUS=NOT POSDEF     50 CALLS        2843 TOTAL
                     EDM=8.98574e-05    STRATEGY= 1      ERR MATRIX NOT POS-DEF
  EXT PARAMETER                APPROXIMATE        STEP         FIRST   
  NO.   NAME      VALUE            ERROR          SIZE      DERIVATIVE 
   1  N0           3.43178e+06     fixed    
   2  tau          6.43834e+01   constant   
   3  A0           3.28912e-01     fixed    
   4  phi          4.08050e+00     fixed    
   5  R           -6.07281e+01   constant   
   6  alpha_CBO   -1.76951e-02     fixed    
   7  w_CBO        2.32500e+00   constant   
   8  beta_CBO     1.95320e-04   6.32321e-04   5.61070e-07   9.13712e+00
   9  alpha_2CBO   2.71187e-04   6.17640e-04   5.46453e-07   3.15020e+00
  10  beta_2CBO    5.72848e-03     fixed    
  11  alpha_y      0.00000e+00     fixed    
  12  w_y          1.44500e+01   constant   
  13  beta_y       2.04389e-03     fixed    
  14  alpha_vw     0.00000e+00     fixed    
  15  w_vw         1.29000e+01   constant   
  16  beta_vw      0.00000e+00     fixed    
  17  LM          -7.06631e-04   constant   
  18  zeta_y       0.00000e+00   constant   
  19  zeta_vw      0.00000e+00   constant   
  20  T_CBO        2.63790e+00   9.82707e-03   7.00011e-07   1.45996e+02
  21  alpha_A0     2.99694e+05   1.83908e+04   6.42160e+00  -2.64833e-08
  22  beta_A0      2.07453e+05   1.34071e+04   9.75304e+00  -2.37649e-08
  23  alpha_phi    6.17482e+04   4.92174e+03   6.68686e+00  -4.10082e-07
  24  beta_phi    -3.25725e+05   1.98958e+04   5.94324e+00  -6.24708e-07
 CALL LIMIT EXCEEDED IN MIGRAD.
 MIGRAD TERMINATED WITHOUT CONVERGENCE.
 FCN=44.7717 FROM MIGRAD    STATUS=CALL LIMIT   1152 CALLS        3829 TOTAL
                     EDM=0.00336114    STRATEGY= 1      ERR MATRIX NOT POS-DEF
  EXT PARAMETER                APPROXIMATE        STEP         FIRST   
  NO.   NAME      VALUE            ERROR          SIZE      DERIVATIVE 
   1  N0           3.43178e+06     fixed    
   2  tau          6.43834e+01   constant   
   3  A0           3.28912e-01     fixed    
   4  phi          4.08050e+00     fixed    
   5  R           -6.07281e+01   constant   
   6  alpha_CBO   -1.76951e-02     fixed    
   7  w_CBO        2.32500e+00   constant   
   8  beta_CBO     1.53513e-04   3.89877e-04   5.93675e-06   4.16970e+01
   9  alpha_2CBO   3.57504e-04   3.78285e-04   3.41770e-06  -3.15448e+01
  10  beta_2CBO    5.72848e-03     fixed    
  11  alpha_y      0.00000e+00     fixed    
  12  w_y          1.44500e+01   constant   
  13  beta_y       2.04389e-03     fixed    
  14  alpha_vw     0.00000e+00     fixed    
  15  w_vw         1.29000e+01   constant   
  16  beta_vw      0.00000e+00     fixed    
  17  LM          -7.06631e-04   constant   
  18  zeta_y       0.00000e+00   constant   
  19  zeta_vw      0.00000e+00   constant   
  20  T_CBO        2.54878e+00   4.45369e-02  -4.71308e-06  -5.13942e+02
  21  alpha_A0     5.10019e+05   1.40010e+05   8.67813e+02  -1.04823e-07
  22  beta_A0      3.56340e+05   1.00014e+05   6.54954e+02  -6.52172e-07
  23  alpha_phi    1.10828e+05   3.22571e+04   1.37339e+02  -8.11202e-06
  24  beta_phi    -5.51561e+05   1.48940e+05  -8.12501e+02   1.26650e-06
 EXTERNAL ERROR MATRIX.    NDIM=  25    NPAR=  7    ERR DEF=1
  1.520e-07  9.738e-08 -1.442e-06  5.607e+00  4.374e+00  1.539e+00 -2.499e+00 
  9.738e-08  1.431e-07 -3.247e-06  1.165e+01  7.387e+00  2.609e+00 -8.895e+00 
 -1.442e-06 -3.247e-06  1.984e-03 -6.232e+03 -4.448e+03 -1.428e+03  6.627e+03 
  5.607e+00  1.165e+01 -6.232e+03  1.960e+10  1.398e+10  4.493e+09 -2.080e+10 
  4.374e+00  7.387e+00 -4.448e+03  1.398e+10  1.000e+10  3.211e+09 -1.485e+10 
  1.539e+00  2.609e+00 -1.428e+03  4.493e+09  3.211e+09  1.041e+09 -4.765e+09 
 -2.499e+00 -8.895e+00  6.627e+03 -2.080e+10 -1.485e+10 -4.765e+09  2.218e+10 
ERR MATRIX NOT POS-DEF
 PARAMETER  CORRELATION COEFFICIENTS  
       NO.  GLOBAL      8      9     20     21     22     23     24
        8  0.93832   1.000  0.660 -0.083  0.103  0.112  0.122 -0.043
        9  0.94128   0.660  1.000 -0.193  0.220  0.195  0.214 -0.158
       20  0.99990  -0.083 -0.193  1.000 -0.999 -0.999 -0.994  0.999
       21  0.99988   0.103  0.220 -0.999  1.000  0.998  0.995 -0.998
       22  0.99926   0.112  0.195 -0.999  0.998  1.000  0.995 -0.997
       23  0.99561   0.122  0.214 -0.994  0.995  0.995  1.000 -0.992
       24  0.99990  -0.043 -0.158  0.999 -0.998 -0.997 -0.992  1.000
 ERR MATRIX NOT POS-DEF
MINUIT - FIT wiggle + 1-CBO + 2-CBO
 **********
 **   42 **RES 
 **********
                   PARAMETER   16  beta_vw RESTORED TO VARIABLE.
                   PARAMETER   14  alpha_vw RESTORED TO VARIABLE.
                   PARAMETER   13  beta_y RESTORED TO VARIABLE.
                   PARAMETER   11  alpha_y RESTORED TO VARIABLE.
                   PARAMETER   10  beta_2CBO RESTORED TO VARIABLE.
                   PARAMETER    6  alpha_CBO RESTORED TO VARIABLE.
                   PARAMETER    4  phi RESTORED TO VARIABLE.
                   PARAMETER    3  A0 RESTORED TO VARIABLE.
                   PARAMETER    1  N0 RESTORED TO VARIABLE.
 **********
 **   43 **FIX           10
 **********
 **********
 **   44 **FIX           11
 **********
 **********
 **   45 **FIX           12
 **********
 PARAMETER   12  IS CONSTANT.   IGNORED.
 **********
 **   46 **FIX           13
 **********
 **********
 **   47 **FIX           14
 **********
 **********
 **   48 **FIX           15
 **********
 PARAMETER   15  IS CONSTANT.   IGNORED.
 **********
 **   49 **FIX           16
 **********
 **********
 **   50 **MIGRAD
 **********
 START MIGRAD MINIMIZATION.  STRATEGY  1.  CONVERGENCE WHEN EDM .LT. 1.00e-04
 FCN=44.7717 FROM MIGRAD    STATUS=INITIATE       22 CALLS        3851 TOTAL
                     EDM= unknown      STRATEGY= 1      NO ERROR MATRIX       
  EXT PARAMETER               CURRENT GUESS       STEP         FIRST   
  NO.   NAME      VALUE            ERROR          SIZE      DERIVATIVE 
   1  N0           3.43178e+06   1.58602e+04   1.58602e+04   1.12087e-04
   2  tau          6.43834e+01   constant   
   3  A0           3.28912e-01   7.00809e-03   7.00809e-03   3.81258e+02
   4  phi          4.08050e+00   8.01268e-03   8.01268e-03  -1.10394e+02
   5  R           -6.07281e+01   constant   
   6  alpha_CBO   -1.76951e-02   4.97290e-03   4.97290e-03  -5.72614e+02
   7  w_CBO        2.32500e+00   constant   
   8  beta_CBO     1.53513e-04   3.89877e-04   5.93675e-06   4.16970e+01
   9  alpha_2CBO   3.57504e-04   3.78285e-04   3.41770e-06  -3.15448e+01
  10  beta_2CBO    5.72848e-03     fixed    
  11  alpha_y      0.00000e+00     fixed    
  12  w_y          1.44500e+01   constant   
  13  beta_y       2.04389e-03     fixed    
  14  alpha_vw     0.00000e+00     fixed    
  15  w_vw         1.29000e+01   constant   
  16  beta_vw      0.00000e+00     fixed    
  17  LM          -7.06631e-04   constant   
  18  zeta_y       0.00000e+00   constant   
  19  zeta_vw      0.00000e+00   constant   
  20  T_CBO        2.54878e+00   4.45369e-02  -4.71308e-06  -5.13942e+02
  21  alpha_A0     5.10019e+05   1.40010e+05   8.67813e+02  -1.04820e-07
  22  beta_A0      3.56340e+05   1.00014e+05   6.54954e+02  -6.52174e-07
  23  alpha_phi    1.10828e+05   3.22571e+04   1.37339e+02  -8.11202e-06
  24  beta_phi    -5.51561e+05   1.48940e+05  -8.12501e+02   1.26650e-06
 CALL LIMIT EXCEEDED IN MIGRAD.
 MIGRAD TERMINATED WITHOUT CONVERGENCE.
 FCN=26.6329 FROM MIGRAD    STATUS=CALL LIMIT   1922 CALLS        5751 TOTAL
                     EDM=0.00110953    STRATEGY= 1  ERROR MATRIX UNCERTAINTY   6.6 per cent
  EXT PARAMETER                APPROXIMATE        STEP         FIRST   
  NO.   NAME      VALUE            ERROR          SIZE      DERIVATIVE 
   1  N0           3.31786e+06   2.03954e+04   5.46185e+01  -1.61121e-04
   2  tau          6.43834e+01   constant   
   3  A0           2.20611e-01   5.30348e-03   4.19660e-06   3.70689e+02
   4  phi          4.07902e+00   1.63510e-02  -4.19214e-05   2.41443e+01
   5  R           -6.07281e+01   constant   
   6  alpha_CBO   -9.96476e-02   2.49137e-03  -1.64309e-06  -1.68556e+02
   7  w_CBO        2.32500e+00   constant   
   8  beta_CBO     3.66871e-02   9.28384e-03  -2.18220e-05  -6.85891e+01
   9  alpha_2CBO  -1.30559e-02   5.93560e-04   1.22434e-06   1.68908e+02
  10  beta_2CBO    5.72848e-03     fixed    
  11  alpha_y      0.00000e+00     fixed    
  12  w_y          1.44500e+01   constant   
  13  beta_y       2.04389e-03     fixed    
  14  alpha_vw     0.00000e+00     fixed    
  15  w_vw         1.29000e+01   constant   
  16  beta_vw      0.00000e+00     fixed    
  17  LM          -7.06631e-04   constant   
  18  zeta_y       0.00000e+00   constant   
  19  zeta_vw      0.00000e+00   constant   
  20  T_CBO        2.62094e+00   4.05406e-03   7.25335e-09   4.87446e+03
  21  alpha_A0     6.66445e+05   5.39521e+04   2.87960e+02   6.87972e-06
  22  beta_A0     -6.94114e+05   2.86121e+04   4.90614e+00   1.42326e-05
  23  alpha_phi   -1.36396e+06   1.50236e+05   3.11800e+02   2.67338e-06
  24  beta_phi    -2.05050e+06   7.03517e+04  -2.74892e+02  -1.22047e-05
 EXTERNAL ERROR MATRIX.    NDIM=  25    NPAR= 11    ERR DEF=1
  4.160e+08 
  1.025e+02  2.813e-05 
 -3.312e+02 -8.056e-05  2.674e-04 
  4.035e+01  1.227e-05 -3.041e-05  6.207e-06 
 -1.885e+02 -4.705e-05  1.512e-04 -1.850e-05  8.619e-05 
 -1.743e+00 -3.156e-07  2.145e-06  1.432e-08  1.149e-06  3.523e-07 
 -7.628e+01 -2.110e-05  5.884e-05 -9.551e-06  3.455e-05 -9.925e-08  1.644e-05 
  1.022e+09  2.318e+02 -7.954e+02  8.924e+01 -4.474e+02  3.093e+00 -1.827e+02  2.911e+09 
  5.275e+08  1.427e+02 -4.019e+02  6.604e+01 -2.368e+02 -3.372e-01 -1.116e+02  1.295e+09  8.187e+08 
  3.042e+09  7.733e+02 -2.402e+03  3.208e+02 -1.380e+03 -1.070e+01 -5.812e+02  7.408e+09  4.026e+09  2.257e+10 
 -1.265e+09 -2.598e+02  1.047e+03 -7.657e+01  5.724e+02  1.405e+01  1.825e+02 -3.272e+09 -1.293e+09 -8.771e+09  4.949e+09 
ERR MATRIX APPROXIMATE
 PARAMETER  CORRELATION COEFFICIENTS  
       NO.  GLOBAL      1      3      4      6      8      9     20     21     22     23     24
        1  0.99996   1.000  0.948 -0.993  0.794 -0.996 -0.144 -0.923  0.929  0.904  0.993 -0.881
        3  0.99993   0.948  1.000 -0.929  0.929 -0.956 -0.100 -0.981  0.810  0.940  0.971 -0.696
        4  0.99987  -0.993 -0.929  1.000 -0.747  0.996  0.221  0.888 -0.902 -0.859 -0.978  0.910
        6  0.99927   0.794  0.929 -0.747  1.000 -0.800  0.010 -0.946  0.664  0.926  0.857 -0.437
        8  0.99993  -0.996 -0.956  0.996 -0.800  1.000  0.208  0.918 -0.893 -0.891 -0.990  0.876
        9  0.98095  -0.144 -0.100  0.221  0.010  0.208  1.000 -0.041  0.097 -0.020 -0.120  0.336
       20  0.99896  -0.923 -0.981  0.888 -0.946  0.918 -0.041  1.000 -0.835 -0.962 -0.954  0.640
       21  0.99910   0.929  0.810 -0.902  0.664 -0.893  0.097 -0.835  1.000  0.839  0.914 -0.862
       22  0.99690   0.904  0.940 -0.859  0.926 -0.891 -0.020 -0.962  0.839  1.000  0.937 -0.642
       23  0.99989   0.993  0.971 -0.978  0.857 -0.990 -0.120 -0.954  0.914  0.937  1.000 -0.830
       24  0.99971  -0.881 -0.696  0.910 -0.437  0.876  0.336  0.640 -0.862 -0.642 -0.830  1.000
 ERR MATRIX APPROXIMATE
MINUIT - FIT ONLY 1-y
 **********
 **   51 **RES 
 **********
                   PARAMETER   16  beta_vw RESTORED TO VARIABLE.
                   PARAMETER   14  alpha_vw RESTORED TO VARIABLE.
                   PARAMETER   13  beta_y RESTORED TO VARIABLE.
                   PARAMETER   11  alpha_y RESTORED TO VARIABLE.
                   PARAMETER   10  beta_2CBO RESTORED TO VARIABLE.
 **********
 **   52 **FIX            0
 **********
 PARAMETER    0  IS UNDEFINED. IGNORED.
 **********
 **   53 **FIX            1
 **********
 **********
 **   54 **FIX            2
 **********
 PARAMETER    2  IS CONSTANT.   IGNORED.
 **********
 **   55 **FIX            3
 **********
 **********
 **   56 **FIX            4
 **********
 **********
 **   57 **FIX            5
 **********
 PARAMETER    5  IS CONSTANT.   IGNORED.
 **********
 **   58 **FIX            6
 **********
 **********
 **   59 **FIX            7
 **********
 PARAMETER    7  IS CONSTANT.   IGNORED.
 **********
 **   60 **FIX            8
 **********
 **********
 **   61 **FIX            9
 **********
 **********
 **   62 **FIX           13
 **********
 **********
 **   63 **FIX           14
 **********
 **********
 **   64 **FIX           15
 **********
 PARAMETER   15  IS CONSTANT.   IGNORED.
 **********
 **   65 **FIX           16
 **********
 **********
 **   66 **MIGRAD
 **********
 START MIGRAD MINIMIZATION.  STRATEGY  1.  CONVERGENCE WHEN EDM .LT. 1.00e-04
 FCN=26.6329 FROM MIGRAD    STATUS=INITIATE       16 CALLS        5767 TOTAL
                     EDM= unknown      STRATEGY= 1      NO ERROR MATRIX       
  EXT PARAMETER               CURRENT GUESS       STEP         FIRST   
  NO.   NAME      VALUE            ERROR          SIZE      DERIVATIVE 
   1  N0           3.31786e+06     fixed    
   2  tau          6.43834e+01   constant   
   3  A0           2.20611e-01     fixed    
   4  phi          4.07902e+00     fixed    
   5  R           -6.07281e+01   constant   
   6  alpha_CBO   -9.96476e-02     fixed    
   7  w_CBO        2.32500e+00   constant   
   8  beta_CBO     3.66871e-02     fixed    
   9  alpha_2CBO  -1.30559e-02     fixed    
  10  beta_2CBO    5.72848e-03   1.74563e-03   1.74563e-03   9.76533e+02
  11  alpha_y      0.00000e+00   1.00000e-03   1.00000e-03  -4.67684e+04
  12  w_y          1.44500e+01   constant   
  13  beta_y       2.04389e-03     fixed    
  14  alpha_vw     0.00000e+00     fixed    
  15  w_vw         1.29000e+01   constant   
  16  beta_vw      0.00000e+00     fixed    
  17  LM          -7.06631e-04   constant   
  18  zeta_y       0.00000e+00   constant   
  19  zeta_vw      0.00000e+00   constant   
  20  T_CBO        2.62094e+00   4.05406e-03   7.25335e-09   4.87446e+03
  21  alpha_A0     6.66445e+05   5.39521e+04   2.87960e+02   6.87972e-06
  22  beta_A0     -6.94114e+05   2.86121e+04   4.90614e+00   1.42326e-05
  23  alpha_phi   -1.36396e+06   1.50236e+05   3.11800e+02   2.67338e-06
  24  beta_phi    -2.05050e+06   7.03517e+04  -2.74892e+02  -1.22047e-05
 MIGRAD MINIMIZATION HAS CONVERGED.
 MIGRAD WILL VERIFY CONVERGENCE AND ERROR MATRIX.
 FCN=9.26078 FROM HESSE     STATUS=NOT POSDEF     50 CALLS        5928 TOTAL
                     EDM=8.09532e-05    STRATEGY= 1      ERR MATRIX NOT POS-DEF
  EXT PARAMETER                APPROXIMATE        STEP         FIRST   
  NO.   NAME      VALUE            ERROR          SIZE      DERIVATIVE 
   1  N0           3.31786e+06     fixed    
   2  tau          6.43834e+01   constant   
   3  A0           2.20611e-01     fixed    
   4  phi          4.07902e+00     fixed    
   5  R           -6.07281e+01   constant   
   6  alpha_CBO   -9.96476e-02     fixed    
   7  w_CBO        2.32500e+00   constant   
   8  beta_CBO     3.66871e-02     fixed    
   9  alpha_2CBO  -1.30559e-02     fixed    
  10  beta_2CBO    5.83355e-03   3.36598e-04   2.73754e-07  -2.04807e-02
  11  alpha_y      7.45530e-04   1.78728e-04   2.77860e-07   3.86874e-01
  12  w_y          1.44500e+01   constant   
  13  beta_y       2.04389e-03     fixed    
  14  alpha_vw     0.00000e+00     fixed    
  15  w_vw         1.29000e+01   constant   
  16  beta_vw      0.00000e+00     fixed    
  17  LM          -7.06631e-04   constant   
  18  zeta_y       0.00000e+00   constant   
  19  zeta_vw      0.00000e+00   constant   
  20  T_CBO        2.62089e+00   2.73423e-03   7.00170e-07   1.68145e+02
  21  alpha_A0     6.66992e+05   1.10352e+04   3.83022e+00  -7.82402e-08
  22  beta_A0     -6.91760e+05   1.55671e+04   5.45909e+00   3.60469e-08
  23  alpha_phi   -1.36449e+06   2.19922e+04   4.65591e+00   1.06426e-07
  24  beta_phi    -2.04955e+06   3.26029e+04   4.53107e+00   1.72939e-07
 CALL LIMIT EXCEEDED IN MIGRAD.
 MIGRAD TERMINATED WITHOUT CONVERGENCE.
 FCN=9.04302 FROM MIGRAD    STATUS=CALL LIMIT   1146 CALLS        6897 TOTAL
                     EDM=0.00106309    STRATEGY= 1      ERR MATRIX NOT POS-DEF
  EXT PARAMETER                APPROXIMATE        STEP         FIRST   
  NO.   NAME      VALUE            ERROR          SIZE      DERIVATIVE 
   1  N0           3.31786e+06     fixed    
   2  tau          6.43834e+01   constant   
   3  A0           2.20611e-01     fixed    
   4  phi          4.07902e+00     fixed    
   5  R           -6.07281e+01   constant   
   6  alpha_CBO   -9.96476e-02     fixed    
   7  w_CBO        2.32500e+00   constant   
   8  beta_CBO     3.66871e-02     fixed    
   9  alpha_2CBO  -1.30559e-02     fixed    
  10  beta_2CBO    5.90577e-03   3.04225e-04   7.39499e-07  -1.54207e+02
  11  alpha_y      7.51081e-04   1.75485e-04  -1.65329e-07  -5.57545e+01
  12  w_y          1.44500e+01   constant   
  13  beta_y       2.04389e-03     fixed    
  14  alpha_vw     0.00000e+00     fixed    
  15  w_vw         1.29000e+01   constant   
  16  beta_vw      0.00000e+00     fixed    
  17  LM          -7.06631e-04   constant   
  18  zeta_y       0.00000e+00   constant   
  19  zeta_vw      0.00000e+00   constant   
  20  T_CBO        2.56513e+00   2.92740e-02  -1.90050e-06  -1.08616e+03
  21  alpha_A0     9.17781e+05   1.56783e+05   5.34812e+02  -8.75426e-07
  22  beta_A0     -9.60809e+05   1.67649e+05  -4.76304e+02   2.10352e-06
  23  alpha_phi   -1.89746e+06   3.34820e+05  -1.14156e+03  -5.41169e-07
  24  beta_phi    -2.85250e+06   5.04439e+05  -1.68514e+03   6.88127e-07
 EXTERNAL ERROR MATRIX.    NDIM=  25    NPAR=  7    ERR DEF=1
  9.255e-08 -3.021e-09  4.422e-07 -2.314e+00  6.633e+00  5.115e+00  9.847e+00 
 -3.021e-09  3.080e-08  7.426e-07 -3.960e+00  4.268e+00  8.521e+00  1.281e+01 
  4.422e-07  7.426e-07  8.570e-04 -4.588e+03  4.887e+03  9.800e+03  1.476e+04 
 -2.314e+00 -3.960e+00 -4.588e+03  2.458e+10 -2.615e+10 -5.244e+10 -7.904e+10 
  6.633e+00  4.268e+00  4.887e+03 -2.615e+10  2.811e+10  5.590e+10  8.432e+10 
  5.115e+00  8.521e+00  9.800e+03 -5.244e+10  5.590e+10  1.121e+11  1.689e+11 
  9.847e+00  1.281e+01  1.476e+04 -7.904e+10  8.432e+10  1.689e+11  2.545e+11 
ERR MATRIX NOT POS-DEF
 PARAMETER  CORRELATION COEFFICIENTS  
       NO.  GLOBAL     10     11     20     21     22     23     24
       10  0.89630   1.000 -0.057  0.050 -0.049  0.130  0.050  0.064
       11  0.21431  -0.057  1.000  0.145 -0.144  0.145  0.145  0.145
       20  0.99998   0.050  0.145  1.000 -1.000  0.996  1.000  1.000
       21  0.99980  -0.049 -0.144 -1.000  1.000 -0.995 -0.999 -0.999
       22  0.99950   0.130  0.145  0.996 -0.995  1.000  0.996  0.997
       23  0.99992   0.050  0.145  1.000 -0.999  0.996  1.000  1.000
       24  0.99997   0.064  0.145  1.000 -0.999  0.997  1.000  1.000
 ERR MATRIX NOT POS-DEF
MINUIT - FIT ONLY 2-y
 **********
 **   67 **RES 
 **********
                   PARAMETER   16  beta_vw RESTORED TO VARIABLE.
                   PARAMETER   14  alpha_vw RESTORED TO VARIABLE.
                   PARAMETER   13  beta_y RESTORED TO VARIABLE.
                   PARAMETER    9  alpha_2CBO RESTORED TO VARIABLE.
                   PARAMETER    8  beta_CBO RESTORED TO VARIABLE.
                   PARAMETER    6  alpha_CBO RESTORED TO VARIABLE.
                   PARAMETER    4  phi RESTORED TO VARIABLE.
                   PARAMETER    3  A0 RESTORED TO VARIABLE.
                   PARAMETER    1  N0 RESTORED TO VARIABLE.
 **********
 **   68 **FIX            0
 **********
 PARAMETER    0  IS UNDEFINED. IGNORED.
 **********
 **   69 **FIX            1
 **********
 **********
 **   70 **FIX            2
 **********
 PARAMETER    2  IS CONSTANT.   IGNORED.
 **********
 **   71 **FIX            3
 **********
 **********
 **   72 **FIX            4
 **********
 **********
 **   73 **FIX            5
 **********
 PARAMETER    5  IS CONSTANT.   IGNORED.
 **********
 **   74 **FIX            6
 **********
 **********
 **   75 **FIX            7
 **********
 PARAMETER    7  IS CONSTANT.   IGNORED.
 **********
 **   76 **FIX            8
 **********
 **********
 **   77 **FIX            9
 **********
 **********
 **   78 **FIX           10
 **********
 **********
 **   79 **FIX           11
 **********
 **********
 **   80 **FIX           12
 **********
 PARAMETER   12  IS CONSTANT.   IGNORED.
 **********
 **   81 **FIX           16
 **********
 **********
 **   82 **MIGRAD
 **********
 START MIGRAD MINIMIZATION.  STRATEGY  1.  CONVERGENCE WHEN EDM .LT. 1.00e-04
 FCN=9.04302 FROM MIGRAD    STATUS=INITIATE       16 CALLS        6913 TOTAL
                     EDM= unknown      STRATEGY= 1      NO ERROR MATRIX       
  EXT PARAMETER               CURRENT GUESS       STEP         FIRST   
  NO.   NAME      VALUE            ERROR          SIZE      DERIVATIVE 
   1  N0           3.31786e+06     fixed    
   2  tau          6.43834e+01   constant   
   3  A0           2.20611e-01     fixed    
   4  phi          4.07902e+00     fixed    
   5  R           -6.07281e+01   constant   
   6  alpha_CBO   -9.96476e-02     fixed    
   7  w_CBO        2.32500e+00   constant   
   8  beta_CBO     3.66871e-02     fixed    
   9  alpha_2CBO  -1.30559e-02     fixed    
  10  beta_2CBO    5.90577e-03     fixed    
  11  alpha_y      7.51081e-04     fixed    
  12  w_y          1.44500e+01   constant   
  13  beta_y       2.04389e-03   1.86407e-04   1.86407e-04  -1.87258e+03
  14  alpha_vw     0.00000e+00   1.00000e-03   1.00000e-03   1.00018e+04
  15  w_vw         1.29000e+01   constant   
  16  beta_vw      0.00000e+00     fixed    
  17  LM          -7.06631e-04   constant   
  18  zeta_y       0.00000e+00   constant   
