 + ++++++++++++++++++++++++++++++++++++++++++++++++++++++++++++++++++++ +
 +                                                                      +
 +           You have chose to blind your fitting according to          +
 +                omega_ref * (1 + (R +/- deltaR) *10^{-6})             +
 +                                                                      +
 + ++++++++++++++++++++++++++++++++++++++++++++++++++++++++++++++++++++ +
In main()...
reading format from /gm2data/zkhechad/run45/envelope/formats/formatB_sBin_constraintOn.txt
pBinTau 	= 0  
pBinPhi 	= 0  
constraintau 	= 1 
includeMopTerm 	= 0    
constrainMop    = 0   
Parameters after format file: pBinTau 0 pBinPhi 0 constraintau 1 includeMopTerm 0 constrainMop 0 c_e_scale 0.000000 
Opening file /gm2data/tbarrett/gm2fr/studies/run23_bunch_corrections/CorrectedFourier_Run3b.root.
reading full fit data from /gm2data/zkhechad/cboTemplates/Run4CBOTemplates/fullFits/noRF/sBin_constraintOn_cE0.0_seed0_noRF_calo4.root
windowBins = 69
fitting sliding window 490 from bin 626 at 93.250000 to bin 695 at 103.694000 (69 bins)

Reading data from /gm2data/cornell/histograms/aMethod/histogram_a_noRF.root
 **********
 **    1 **SET PRINTOUT            1
 **********
 **********
 **    2 **SET NOWARNINGS 
 **********
 PARAMETER DEFINITIONS:
    NO.   NAME         VALUE      STEP SIZE      LIMITS
     1 N0           2.96874e+06  1.00000e+02     no limits
     2 tau          6.44041e+01  constant
     3 A0           3.53299e-01  1.00000e-04     no limits
     4 phi          4.11736e+00  1.00000e-02     no limits
     5 R           -5.92716e+01  constant
     6 alpha_CBO    0.00000e+00  1.00000e-03     no limits
     7 w_CBO        2.32500e+00  constant
     8 beta_CBO     0.00000e+00  1.00000e-03     no limits
     9 alpha_2CBO   0.00000e+00  1.00000e-03     no limits
    10 beta_2CBO    0.00000e+00  1.00000e-03     no limits
    11 alpha_y      0.00000e+00  1.00000e-03     no limits
    12 w_y          1.38860e+01  constant
    13 beta_y       0.00000e+00  1.00000e-03     no limits
    14 alpha_vw     0.00000e+00  1.00000e-03     no limits
    15 w_vw         1.43404e+01  constant
    16 beta_vw      0.00000e+00  1.00000e-03     no limits
    17 LM           4.68092e-05  constant
    18 zeta_y       0.00000e+00  constant
    19 zeta_vw      0.00000e+00  constant
    20 T_CBO        1.00000e+02  1.00000e+00    0.00000e+00  1.00000e+03
    21 alpha_A0     0.00000e+00  1.00000e-04   -1.00000e-02  1.00000e-02
    22 beta_A0      0.00000e+00  1.00000e-04   -1.00000e-02  1.00000e-02
    23 alpha_phi    0.00000e+00  1.00000e-04   -1.00000e-02  1.00000e-02
    24 beta_phi     0.00000e+00  1.00000e-04   -1.00000e-02  1.00000e-02
MINUIT - FIT ONLY WIGGLE
 **********
 **    3 **FIX            5
 **********
 PARAMETER    5  IS CONSTANT.   IGNORED.
 **********
 **    4 **FIX            6
 **********
 **********
 **    5 **FIX            7
 **********
 PARAMETER    7  IS CONSTANT.   IGNORED.
 **********
 **    6 **FIX            8
 **********
 **********
 **    7 **FIX            9
 **********
 **********
 **    8 **FIX           10
 **********
 **********
 **    9 **FIX           11
 **********
 **********
 **   10 **FIX           12
 **********
 PARAMETER   12  IS CONSTANT.   IGNORED.
 **********
 **   11 **FIX           13
 **********
 **********
 **   12 **FIX           14
 **********
 **********
 **   13 **FIX           15
 **********
 PARAMETER   15  IS CONSTANT.   IGNORED.
 **********
 **   14 **FIX           16
 **********
 **********
 **   15 **MIGRAD
 **********
 FIRST CALL TO USER FUNCTION AT NEW START POINT, WITH IFLAG=4.
 START MIGRAD MINIMIZATION.  STRATEGY  1.  CONVERGENCE WHEN EDM .LT. 1.00e-04
 FCN=2165.38 FROM MIGRAD    STATUS=INITIATE      435 CALLS         436 TOTAL
                     EDM= unknown      STRATEGY= 1      NO ERROR MATRIX       
  EXT PARAMETER               CURRENT GUESS       STEP         FIRST   
  NO.   NAME      VALUE            ERROR          SIZE      DERIVATIVE 
   1  N0           2.96874e+06   1.00000e+02   0.00000e+00   1.00963e-03
   2  tau          6.44041e+01   constant   
   3  A0           3.53299e-01   1.00000e-04   0.00000e+00   4.51290e+04
   4  phi          4.11736e+00   1.00000e-02   0.00000e+00   5.21812e+04
   5  R           -5.92716e+01   constant   
   6  alpha_CBO    0.00000e+00     fixed    
   7  w_CBO        2.32500e+00   constant   
   8  beta_CBO     0.00000e+00     fixed    
   9  alpha_2CBO   0.00000e+00     fixed    
  10  beta_2CBO    0.00000e+00     fixed    
  11  alpha_y      0.00000e+00     fixed    
  12  w_y          1.38860e+01   constant   
  13  beta_y       0.00000e+00     fixed    
  14  alpha_vw     0.00000e+00     fixed    
  15  w_vw         1.43404e+01   constant   
  16  beta_vw      0.00000e+00     fixed    
  17  LM           4.68092e-05   constant   
  18  zeta_y       0.00000e+00   constant   
  19  zeta_vw      0.00000e+00   constant   
  20  T_CBO        1.00000e+02   1.00000e+00   0.00000e+00   0.00000e+00
  21  alpha_A0     0.00000e+00   1.00000e-04   0.00000e+00  -4.87747e+01
  22  beta_A0      0.00000e+00   1.00000e-04   0.00000e+00  -2.54397e+01
  23  alpha_phi    0.00000e+00   1.00000e-04   0.00000e+00   8.75137e+00
  24  beta_phi     0.00000e+00   1.00000e-04   0.00000e+00   1.80664e+02
 MIGRAD MINIMIZATION HAS CONVERGED.
 FCN=1889 FROM MIGRAD    STATUS=CONVERGED     630 CALLS         631 TOTAL
                     EDM=1.25219e-06    STRATEGY= 1  ERROR MATRIX UNCERTAINTY   2.4 per cent
  EXT PARAMETER                                   STEP         FIRST   
  NO.   NAME      VALUE            ERROR          SIZE      DERIVATIVE 
   1  N0           2.96876e+06   2.83848e+02   4.66688e-01   2.58069e-07
   2  tau          6.44041e+01   constant   
   3  A0           3.52649e-01   1.24520e-04  -2.08611e-07  -5.48294e+00
   4  phi          4.11358e+00   3.70014e-04  -1.42545e-07  -1.13949e+00
   5  R           -5.92716e+01   constant   
   6  alpha_CBO    0.00000e+00     fixed    
   7  w_CBO        2.32500e+00   constant   
   8  beta_CBO     0.00000e+00     fixed    
   9  alpha_2CBO   0.00000e+00     fixed    
  10  beta_2CBO    0.00000e+00     fixed    
  11  alpha_y      0.00000e+00     fixed    
  12  w_y          1.38860e+01   constant   
  13  beta_y       0.00000e+00     fixed    
  14  alpha_vw     0.00000e+00     fixed    
  15  w_vw         1.43404e+01   constant   
  16  beta_vw      0.00000e+00     fixed    
  17  LM           4.68092e-05   constant   
  18  zeta_y       0.00000e+00   constant   
  19  zeta_vw      0.00000e+00   constant   
  20  T_CBO        2.10003e+02   3.46116e+01   1.98703e-04  -9.29193e-03
  21  alpha_A0     3.26830e-03   8.51845e-04  -1.94458e-04  -9.50083e-03
  22  beta_A0     -2.26373e-04   8.50221e-04   9.79430e-05   2.08977e-03
  23  alpha_phi   -2.99759e-04   8.24717e-04  -5.68925e-05   7.89033e-04
  24  beta_phi    -9.97567e-03   9.31640e-05  -6.74694e-05   1.42829e-02
 EXTERNAL ERROR MATRIX.    NDIM=  25    NPAR=  8    ERR DEF=1
  8.057e+04 -4.008e-03  8.945e-03  9.830e+02  6.497e-03 -6.151e-02 -5.419e-02 -2.050e-03 
 -4.008e-03  1.551e-08  1.086e-09 -7.799e-04 -8.342e-09  1.352e-08  1.038e-08  2.157e-09 
  8.945e-03  1.086e-09  1.369e-07 -1.221e-03 -1.094e-08  1.469e-09 -3.745e-08  1.531e-09 
  9.830e+02 -7.799e-04 -1.221e-03  1.201e+03 -8.695e-03 -2.937e-03 -1.265e-03 -9.547e-05 
  6.497e-03 -8.342e-09 -1.094e-08 -8.695e-03  7.276e-07 -5.934e-08 -1.352e-08  1.103e-08 
 -6.151e-02  1.352e-08  1.469e-09 -2.937e-03 -5.934e-08  7.246e-07  5.393e-08  3.381e-09 
 -5.419e-02  1.038e-08 -3.745e-08 -1.265e-03 -1.352e-08  5.393e-08  6.817e-07 -1.386e-10 
 -2.050e-03  2.157e-09  1.531e-09 -9.547e-05  1.103e-08  3.381e-09 -1.386e-10  8.732e-09 
 PARAMETER  CORRELATION COEFFICIENTS  
       NO.  GLOBAL      1      3      4     20     21     22     23     24
        1  0.35579   1.000 -0.113  0.085  0.100  0.027 -0.255 -0.231 -0.077
        3  0.32712  -0.113  1.000  0.024 -0.181 -0.079  0.128  0.101  0.185
        4  0.19659   0.085  0.024  1.000 -0.095 -0.035  0.005 -0.123  0.044
       20  0.39817   0.100 -0.181 -0.095  1.000 -0.294 -0.100 -0.044 -0.029
       21  0.38140   0.027 -0.079 -0.035 -0.294  1.000 -0.082 -0.019  0.138
       22  0.29491  -0.255  0.128  0.005 -0.100 -0.082  1.000  0.077  0.043
       23  0.26800  -0.231  0.101 -0.123 -0.044 -0.019  0.077  1.000 -0.002
       24  0.26391  -0.077  0.185  0.044 -0.029  0.138  0.043 -0.002  1.000
MINUIT - FIT ONLY 1-CBO + wiggle
 **********
 **   16 **RES 
 **********
                   PARAMETER   16  beta_vw RESTORED TO VARIABLE.
                   PARAMETER   14  alpha_vw RESTORED TO VARIABLE.
                   PARAMETER   13  beta_y RESTORED TO VARIABLE.
                   PARAMETER   11  alpha_y RESTORED TO VARIABLE.
                   PARAMETER   10  beta_2CBO RESTORED TO VARIABLE.
                   PARAMETER    9  alpha_2CBO RESTORED TO VARIABLE.
                   PARAMETER    8  beta_CBO RESTORED TO VARIABLE.
                   PARAMETER    6  alpha_CBO RESTORED TO VARIABLE.
 **********
 **   17 **FIX            8
 **********
 **********
 **   18 **FIX            9
 **********
 **********
 **   19 **FIX           11
 **********
 **********
 **   20 **FIX           12
 **********
 PARAMETER   12  IS CONSTANT.   IGNORED.
 **********
 **   21 **FIX           14
 **********
 **********
 **   22 **FIX           15
 **********
 PARAMETER   15  IS CONSTANT.   IGNORED.
 **********
 **   23 **FIX           16
 **********
 **********
 **   24 **MIGRAD
 **********
 START MIGRAD MINIMIZATION.  STRATEGY  1.  CONVERGENCE WHEN EDM .LT. 1.00e-04
 FCN=1889 FROM MIGRAD    STATUS=INITIATE       28 CALLS         659 TOTAL
                     EDM= unknown      STRATEGY= 1      NO ERROR MATRIX       
  EXT PARAMETER               CURRENT GUESS       STEP         FIRST   
  NO.   NAME      VALUE            ERROR          SIZE      DERIVATIVE 
   1  N0           2.96876e+06   2.83848e+02   4.66688e-01   2.58067e-07
   2  tau          6.44041e+01   constant   
   3  A0           3.52649e-01   1.24520e-04  -2.08611e-07  -5.48293e+00
   4  phi          4.11358e+00   3.70014e-04  -1.42545e-07  -1.13949e+00
   5  R           -5.92716e+01   constant   
   6  alpha_CBO    0.00000e+00   1.00000e-03   1.00000e-03   6.06215e+04
   7  w_CBO        2.32500e+00   constant   
   8  beta_CBO     0.00000e+00     fixed    
   9  alpha_2CBO   0.00000e+00     fixed    
  10  beta_2CBO    0.00000e+00   1.00000e-03   1.00000e-03   1.08090e+05
  11  alpha_y      0.00000e+00     fixed    
  12  w_y          1.38860e+01   constant   
  13  beta_y       0.00000e+00   1.00000e-03   1.00000e-03  -5.29415e+04
  14  alpha_vw     0.00000e+00     fixed    
  15  w_vw         1.43404e+01   constant   
  16  beta_vw      0.00000e+00     fixed    
  17  LM           4.68092e-05   constant   
  18  zeta_y       0.00000e+00   constant   
  19  zeta_vw      0.00000e+00   constant   
  20  T_CBO        2.10003e+02   3.46116e+01   1.98703e-04  -9.29308e-03
  21  alpha_A0     3.26830e-03   8.51845e-04  -1.94458e-04  -9.50064e-03
  22  beta_A0     -2.26373e-04   8.50221e-04   9.79430e-05   2.08996e-03
  23  alpha_phi   -2.99759e-04   8.24717e-04  -5.68925e-05   7.89028e-04
  24  beta_phi    -9.97567e-03   9.31640e-05  -6.74694e-05  -1.40746e-02
 MIGRAD MINIMIZATION HAS CONVERGED.
 FCN=1809.99 FROM MIGRAD    STATUS=CONVERGED     203 CALLS         834 TOTAL
                     EDM=7.97844e-07    STRATEGY= 1  ERROR MATRIX UNCERTAINTY   1.4 per cent
  EXT PARAMETER                                   STEP         FIRST   
  NO.   NAME      VALUE            ERROR          SIZE      DERIVATIVE 
   1  N0           2.96892e+06   2.62441e+02  -3.12722e-01   2.64302e-07
   2  tau          6.44041e+01   constant   
   3  A0           3.52785e-01   1.23847e-04   2.48133e-07   1.98871e+00
   4  phi          4.11351e+00   3.54080e-04  -6.77130e-07  -4.94613e-01
   5  R           -5.92716e+01   constant   
   6  alpha_CBO   -5.63549e-04   1.35080e-04  -2.58685e-07   5.10209e+00
   7  w_CBO        2.32500e+00   constant   
   8  beta_CBO     0.00000e+00     fixed    
   9  alpha_2CBO   0.00000e+00     fixed    
  10  beta_2CBO   -9.42152e-04   1.30205e-04  -3.07964e-07  -4.56669e-02
  11  alpha_y      0.00000e+00     fixed    
  12  w_y          1.38860e+01   constant   
  13  beta_y       4.15693e-04   1.24895e-04   1.81116e-07  -1.22398e+00
  14  alpha_vw     0.00000e+00     fixed    
  15  w_vw         1.43404e+01   constant   
  16  beta_vw      0.00000e+00     fixed    
  17  LM           4.68092e-05   constant   
  18  zeta_y       0.00000e+00   constant   
  19  zeta_vw      0.00000e+00   constant   
  20  T_CBO        1.73297e+02   2.90252e+01  -4.51294e-04  -1.09077e-02
  21  alpha_A0     4.14450e-03   9.46032e-04   3.59621e-04  -1.24041e-02
  22  beta_A0     -4.05855e-04   8.30820e-04  -1.64342e-04   1.57383e-02
  23  alpha_phi    5.25476e-05   8.06973e-04   4.25072e-05  -5.45061e-03
  24  beta_phi    -9.96614e-03   4.14227e-04   5.24356e-04  -2.28945e-03
 EXTERNAL ERROR MATRIX.    NDIM=  25    NPAR= 11    ERR DEF=1
  6.888e+04 
  1.597e-03  1.534e-08 
  7.397e-03  2.567e-09  1.254e-07 
 -5.162e-03 -1.905e-09 -8.106e-10  1.825e-08 
 -1.482e-03 -1.560e-09  7.722e-10  3.474e-10  1.695e-08 
 -3.475e-04 -2.350e-10 -4.386e-11 -1.007e-10  9.319e-11  1.560e-08 
  5.950e+02 -1.284e-04 -4.237e-04 -6.255e-05  4.076e-04 -2.843e-05  8.441e+02 
 -2.896e-02 -4.405e-09 -1.938e-08  8.629e-09 -2.264e-08 -3.342e-10 -1.043e-02  8.982e-07 
 -1.920e-02 -6.837e-09 -1.718e-09  8.242e-09  2.851e-11 -2.738e-09 -1.865e-03  3.555e-08  6.919e-07 
 -1.217e-02  1.375e-09 -1.603e-09 -9.590e-10 -8.313e-09 -7.252e-11 -2.792e-03  9.902e-08  2.902e-09  6.526e-07 
 -3.292e-03 -9.188e-09 -4.300e-09  6.088e-09  5.111e-09  2.012e-09 -1.202e-03 -1.056e-08  1.871e-08 -9.306e-09 -5.659e-08 
 PARAMETER  CORRELATION COEFFICIENTS  
       NO.  GLOBAL      1      3      4      6     10     13     20     21     22     23     24
        1  0.00000   1.000  0.049  0.080 -0.146 -0.043 -0.011  0.078 -0.116 -0.088 -0.057 -0.053
        3  0.00000   0.049  1.000  0.059 -0.114 -0.097 -0.015 -0.036 -0.038 -0.066  0.014 -0.312
        4  0.00000   0.080  0.059  1.000 -0.017  0.017 -0.001 -0.041 -0.058 -0.006 -0.006 -0.051
        6  0.00000  -0.146 -0.114 -0.017  1.000  0.020 -0.006 -0.016  0.067  0.073 -0.009  0.189
       10  0.00000  -0.043 -0.097  0.017  0.020  1.000  0.006  0.108 -0.183  0.000 -0.079  0.165
       13  0.00000  -0.011 -0.015 -0.001 -0.006  0.006  1.000 -0.008 -0.003 -0.026 -0.001  0.068
       20  0.00000   0.078 -0.036 -0.041 -0.016  0.108 -0.008  1.000 -0.379 -0.077 -0.119 -0.174
       21  0.00000  -0.116 -0.038 -0.058  0.067 -0.183 -0.003 -0.379  1.000  0.045  0.129 -0.047
       22  0.00000  -0.088 -0.066 -0.006  0.073  0.000 -0.026 -0.077  0.045  1.000  0.004  0.095
       23  0.00000  -0.057  0.014 -0.006 -0.009 -0.079 -0.001 -0.119  0.129  0.004  1.000 -0.048
       24  0.00000  -0.053 -0.312 -0.051  0.189  0.165  0.068 -0.174 -0.047  0.095 -0.048 -1.000
MINUIT - FIT ONLY 2-CBO
 **********
 **   25 **RES 
 **********
                   PARAMETER   16  beta_vw RESTORED TO VARIABLE.
                   PARAMETER   14  alpha_vw RESTORED TO VARIABLE.
                   PARAMETER   11  alpha_y RESTORED TO VARIABLE.
                   PARAMETER    9  alpha_2CBO RESTORED TO VARIABLE.
                   PARAMETER    8  beta_CBO RESTORED TO VARIABLE.
 **********
 **   26 **FIX            0
 **********
 PARAMETER    0  IS UNDEFINED. IGNORED.
 **********
 **   27 **FIX            1
 **********
 **********
 **   28 **FIX            2
 **********
 PARAMETER    2  IS CONSTANT.   IGNORED.
 **********
 **   29 **FIX            3
 **********
 **********
 **   30 **FIX            4
 **********
 **********
 **   31 **FIX            5
 **********
 PARAMETER    5  IS CONSTANT.   IGNORED.
 **********
 **   32 **FIX            6
 **********
 **********
 **   33 **FIX            7
 **********
 PARAMETER    7  IS CONSTANT.   IGNORED.
 **********
 **   34 **FIX           10
 **********
 **********
 **   35 **FIX           11
 **********
 **********
 **   36 **FIX           12
 **********
 PARAMETER   12  IS CONSTANT.   IGNORED.
 **********
 **   37 **FIX           13
 **********
 **********
 **   38 **FIX           14
 **********
 **********
 **   39 **FIX           15
 **********
 PARAMETER   15  IS CONSTANT.   IGNORED.
 **********
 **   40 **FIX           16
 **********
 **********
 **   41 **MIGRAD
 **********
 START MIGRAD MINIMIZATION.  STRATEGY  1.  CONVERGENCE WHEN EDM .LT. 1.00e-04
 FCN=1809.99 FROM MIGRAD    STATUS=INITIATE       18 CALLS         852 TOTAL
                     EDM= unknown      STRATEGY= 1      NO ERROR MATRIX       
  EXT PARAMETER               CURRENT GUESS       STEP         FIRST   
  NO.   NAME      VALUE            ERROR          SIZE      DERIVATIVE 
   1  N0           2.96892e+06     fixed    
   2  tau          6.44041e+01   constant   
   3  A0           3.52785e-01     fixed    
   4  phi          4.11351e+00     fixed    
   5  R           -5.92716e+01   constant   
   6  alpha_CBO   -5.63549e-04     fixed    
   7  w_CBO        2.32500e+00   constant   
   8  beta_CBO     0.00000e+00   1.00000e-03   1.00000e-03   6.43472e+05
   9  alpha_2CBO   0.00000e+00   1.00000e-03   1.00000e-03  -2.26956e+04
  10  beta_2CBO   -9.42152e-04     fixed    
  11  alpha_y      0.00000e+00     fixed    
  12  w_y          1.38860e+01   constant   
  13  beta_y       4.15693e-04     fixed    
  14  alpha_vw     0.00000e+00     fixed    
  15  w_vw         1.43404e+01   constant   
  16  beta_vw      0.00000e+00     fixed    
  17  LM           4.68092e-05   constant   
  18  zeta_y       0.00000e+00   constant   
  19  zeta_vw      0.00000e+00   constant   
  20  T_CBO        1.73297e+02   2.90252e+01  -4.51294e-04  -1.09049e-02
  21  alpha_A0     4.14450e-03   9.46032e-04   3.59621e-04  -1.24045e-02
  22  beta_A0     -4.05855e-04   8.30820e-04  -1.64342e-04   1.57383e-02
  23  alpha_phi    5.25476e-05   8.06973e-04   4.25072e-05  -5.45061e-03
  24  beta_phi    -9.96614e-03   4.14227e-04   5.24356e-04   1.97396e-03
 MIGRAD MINIMIZATION HAS CONVERGED.
 MIGRAD WILL VERIFY CONVERGENCE AND ERROR MATRIX.
 COVARIANCE MATRIX CALCULATED SUCCESSFULLY
 FCN=178.757 FROM MIGRAD    STATUS=CONVERGED     499 CALLS        1333 TOTAL
                     EDM=1.91447e-06    STRATEGY= 1      ERROR MATRIX ACCURATE 
  EXT PARAMETER                                   STEP         FIRST   
  NO.   NAME      VALUE            ERROR          SIZE      DERIVATIVE 
   1  N0           2.96892e+06     fixed    
   2  tau          6.44041e+01   constant   
   3  A0           3.52785e-01     fixed    
   4  phi          4.11351e+00     fixed    
   5  R           -5.92716e+01   constant   
   6  alpha_CBO   -5.63549e-04     fixed    
   7  w_CBO        2.32500e+00   constant   
   8  beta_CBO    -5.06595e-03   1.25517e-04   8.15474e-07   1.14840e+00
   9  alpha_2CBO   6.83022e-05   1.27988e-04   8.19446e-07   3.23325e-02
  10  beta_2CBO   -9.42152e-04     fixed    
  11  alpha_y      0.00000e+00     fixed    
  12  w_y          1.38860e+01   constant   
  13  beta_y       4.15693e-04     fixed    
  14  alpha_vw     0.00000e+00     fixed    
  15  w_vw         1.43404e+01   constant   
  16  beta_vw      0.00000e+00     fixed    
  17  LM           4.68092e-05   constant   
  18  zeta_y       0.00000e+00   constant   
  19  zeta_vw      0.00000e+00   constant   
  20  T_CBO        1.00000e+03   8.60020e+02   2.79909e-02** at limit **
  21  alpha_A0     2.11401e-03   5.55269e-04   3.70186e-04   5.51214e-04
  22  beta_A0     -2.07288e-03   5.75527e-04   3.76070e-04   5.83918e-03
  23  alpha_phi    3.23195e-04   5.51827e-04   3.57918e-04   6.58293e-03
  24  beta_phi    -4.59553e-03   5.32602e-04   3.88872e-04   3.00157e-02
 EXTERNAL ERROR MATRIX.    NDIM=  25    NPAR=  7    ERR DEF=1
  1.575e-08  3.702e-10  1.490e-08  1.526e-09  6.123e-09 -1.354e-09 -4.869e-09 
  3.702e-10  1.638e-08  3.631e-09 -6.428e-11  1.115e-08 -9.540e-09  3.989e-09 
  1.490e-08  3.631e-09  3.061e+00  9.897e-06 -9.818e-06  1.914e-06 -2.201e-05 
  1.526e-09 -6.428e-11  9.897e-06  3.087e-07 -3.030e-08 -3.738e-09 -4.146e-10 
  6.123e-09  1.115e-08 -9.818e-06 -3.030e-08  3.316e-07 -2.003e-09  2.947e-08 
 -1.354e-09 -9.540e-09  1.914e-06 -3.738e-09 -2.003e-09  3.048e-07  1.003e-08 
 -4.869e-09  3.989e-09 -2.201e-05 -4.146e-10  2.947e-08  1.003e-08  2.840e-07 
 PARAMETER  CORRELATION COEFFICIENTS  
       NO.  GLOBAL      8      9     20     21     22     23     24
        8  0.12293   1.000  0.023  0.000  0.022  0.085 -0.020 -0.073
        9  0.20861   0.023  1.000  0.000 -0.001  0.151 -0.135  0.058
       20  0.02685   0.000  0.000  1.000  0.010 -0.010  0.002 -0.024
       21  0.10174   0.022 -0.001  0.010  1.000 -0.095 -0.012 -0.001
       22  0.21843   0.085  0.151 -0.010 -0.095  1.000 -0.006  0.096
       23  0.14298  -0.020 -0.135  0.002 -0.012 -0.006  1.000  0.034
       24  0.14165  -0.073  0.058 -0.024 -0.001  0.096  0.034  1.000
MINUIT - FIT wiggle + 1-CBO + 2-CBO
 **********
 **   42 **RES 
 **********
                   PARAMETER   16  beta_vw RESTORED TO VARIABLE.
                   PARAMETER   14  alpha_vw RESTORED TO VARIABLE.
                   PARAMETER   13  beta_y RESTORED TO VARIABLE.
                   PARAMETER   11  alpha_y RESTORED TO VARIABLE.
                   PARAMETER   10  beta_2CBO RESTORED TO VARIABLE.
                   PARAMETER    6  alpha_CBO RESTORED TO VARIABLE.
                   PARAMETER    4  phi RESTORED TO VARIABLE.
                   PARAMETER    3  A0 RESTORED TO VARIABLE.
                   PARAMETER    1  N0 RESTORED TO VARIABLE.
 **********
 **   43 **FIX           10
 **********
 **********
 **   44 **FIX           11
 **********
 **********
 **   45 **FIX           12
 **********
 PARAMETER   12  IS CONSTANT.   IGNORED.
 **********
 **   46 **FIX           13
 **********
 **********
 **   47 **FIX           14
 **********
 **********
 **   48 **FIX           15
 **********
 PARAMETER   15  IS CONSTANT.   IGNORED.
 **********
 **   49 **FIX           16
 **********
 **********
 **   50 **MIGRAD
 **********
 START MIGRAD MINIMIZATION.  STRATEGY  1.  CONVERGENCE WHEN EDM .LT. 1.00e-04
 FCN=178.757 FROM MIGRAD    STATUS=INITIATE       22 CALLS        1355 TOTAL
                     EDM= unknown      STRATEGY= 1      NO ERROR MATRIX       
  EXT PARAMETER               CURRENT GUESS       STEP         FIRST   
  NO.   NAME      VALUE            ERROR          SIZE      DERIVATIVE 
   1  N0           2.96892e+06   2.62441e+02   2.62441e+02   4.30506e-03
   2  tau          6.44041e+01   constant   
   3  A0           3.52785e-01   1.23847e-04   1.23847e-04  -4.64695e+04
   4  phi          4.11351e+00   3.54080e-04   3.54080e-04  -5.15209e+04
   5  R           -5.92716e+01   constant   
   6  alpha_CBO   -5.63549e-04   1.35080e-04   1.35080e-04  -1.98609e+04
   7  w_CBO        2.32500e+00   constant   
   8  beta_CBO    -5.06595e-03   1.25517e-04   8.15474e-07   1.14838e+00
   9  alpha_2CBO   6.83022e-05   1.27988e-04   8.19446e-07   3.23623e-02
  10  beta_2CBO   -9.42152e-04     fixed    
  11  alpha_y      0.00000e+00     fixed    
  12  w_y          1.38860e+01   constant   
  13  beta_y       4.15693e-04     fixed    
  14  alpha_vw     0.00000e+00     fixed    
  15  w_vw         1.43404e+01   constant   
  16  beta_vw      0.00000e+00     fixed    
  17  LM           4.68092e-05   constant   
  18  zeta_y       0.00000e+00   constant   
  19  zeta_vw      0.00000e+00   constant   
  20  T_CBO        1.00000e+03   8.60020e+02   2.79909e-02** at limit **
  21  alpha_A0     2.11401e-03   5.55269e-04   3.70186e-04   5.44023e-04
  22  beta_A0     -2.07288e-03   5.75527e-04   3.76070e-04   5.84860e-03
  23  alpha_phi    3.23195e-04   5.51827e-04   3.57918e-04   6.58164e-03
  24  beta_phi    -4.59553e-03   5.32602e-04   3.88872e-04   3.00369e-02
 MIGRAD MINIMIZATION HAS CONVERGED.
 MIGRAD WILL VERIFY CONVERGENCE AND ERROR MATRIX.
 COVARIANCE MATRIX CALCULATED SUCCESSFULLY
 FCN=74.2659 FROM MIGRAD    STATUS=CONVERGED     265 CALLS        1598 TOTAL
                     EDM=2.52308e-06    STRATEGY= 1      ERROR MATRIX ACCURATE 
  EXT PARAMETER                                   STEP         FIRST   
  NO.   NAME      VALUE            ERROR          SIZE      DERIVATIVE 
   1  N0           2.96896e+06   2.83507e+02   1.41571e+00   3.98452e-06
   2  tau          6.44041e+01   constant   
   3  A0           3.53209e-01   1.28749e-04   5.13841e-07  -6.36640e-01
   4  phi          4.11715e+00   3.74043e-04   1.96321e-06  -7.79339e-02
   5  R           -5.92716e+01   constant   
   6  alpha_CBO   -4.74086e-04   1.31976e-04   5.38757e-07   7.09722e+00
   7  w_CBO        2.32500e+00   constant   
   8  beta_CBO    -5.38958e-03   1.29444e-04   5.27688e-07  -1.12459e+00
   9  alpha_2CBO   1.27862e-04   1.28494e-04   5.30269e-07   4.22208e+00
  10  beta_2CBO   -9.42152e-04     fixed    
  11  alpha_y      0.00000e+00     fixed    
  12  w_y          1.38860e+01   constant   
  13  beta_y       4.15693e-04     fixed    
  14  alpha_vw     0.00000e+00     fixed    
  15  w_vw         1.43404e+01   constant   
  16  beta_vw      0.00000e+00     fixed    
  17  LM           4.68092e-05   constant   
  18  zeta_y       0.00000e+00   constant   
  19  zeta_vw      0.00000e+00   constant   
  20  T_CBO        1.00000e+03   7.20750e+02   4.72911e-02** at limit **
  21  alpha_A0     1.69235e-03   5.66514e-04   2.37414e-04  -2.78153e-02
  22  beta_A0     -1.86699e-03   5.97331e-04   2.42034e-04   2.87428e-03
  23  alpha_phi   -1.56112e-04   5.72306e-04   2.31216e-04   1.36060e-03
  24  beta_phi    -3.82384e-03   5.46931e-04   2.41653e-04  -1.41357e-02
 EXTERNAL ERROR MATRIX.    NDIM=  25    NPAR= 11    ERR DEF=1
  8.038e+04 
 -3.539e-03  1.658e-08 
  1.249e-02  2.535e-09  1.399e-07 
 -2.372e-03 -3.624e-09 -1.268e-10  1.742e-08 
  2.702e-05 -1.271e-09 -1.128e-08 -3.207e-10  1.676e-08 
  8.492e-04  9.250e-10  1.945e-09 -1.079e-09  1.931e-10  1.651e-08 
  7.088e-02 -6.713e-08  2.875e-07 -7.015e-09 -1.204e-09  8.837e-09  2.249e-01 
  6.681e-03 -1.127e-08 -9.442e-09  1.046e-08  2.798e-09 -1.096e-09  1.039e-05  3.213e-07 
 -4.232e-02  9.737e-09 -4.511e-09  6.438e-11  5.335e-09  1.111e-08 -1.160e-05 -3.935e-08  3.572e-07 
 -3.763e-02  7.523e-09 -2.751e-08 -2.680e-09  8.706e-11 -9.742e-09 -1.096e-06 -1.159e-08  2.029e-08  3.279e-07 
 -1.503e-02  1.239e-08  1.858e-08 -2.989e-09 -7.283e-09  4.791e-09 -2.353e-05 -1.234e-08  4.340e-08  1.835e-08  2.995e-07 
 PARAMETER  CORRELATION COEFFICIENTS  
       NO.  GLOBAL      1      3      4      6      8      9     20     21     22     23     24
        1  0.36266   1.000 -0.097  0.118 -0.063  0.001  0.023  0.001  0.042 -0.250 -0.232 -0.097
        3  0.33522  -0.097  1.000  0.053 -0.213 -0.076  0.056 -0.001 -0.154  0.127  0.102  0.176
        4  0.29919   0.118  0.053  1.000 -0.003 -0.233  0.040  0.002 -0.045 -0.020 -0.128  0.091
        6  0.26709  -0.063 -0.213 -0.003  1.000 -0.019 -0.064 -0.000  0.140  0.001 -0.035 -0.041
        8  0.27187   0.001 -0.076 -0.233 -0.019  1.000  0.012 -0.000  0.038  0.069  0.001 -0.103
        9  0.22573   0.023  0.056  0.040 -0.064  0.012  1.000  0.000 -0.015  0.145 -0.132  0.068
       20  0.10548   0.001 -0.001  0.002 -0.000 -0.000  0.000  1.000  0.039 -0.041 -0.004 -0.091
       21  0.22445   0.042 -0.154 -0.045  0.140  0.038 -0.015  0.039  1.000 -0.116 -0.036 -0.040
       22  0.34369  -0.250  0.127 -0.020  0.001  0.069  0.145 -0.041 -0.116  1.000  0.059  0.133
       23  0.30273  -0.232  0.102 -0.128 -0.035  0.001 -0.132 -0.004 -0.036  0.059  1.000  0.059
       24  0.26892  -0.097  0.176  0.091 -0.041 -0.103  0.068 -0.091 -0.040  0.133  0.059  1.000
MINUIT - FIT ONLY 1-y
 **********
 **   51 **RES 
 **********
                   PARAMETER   16  beta_vw RESTORED TO VARIABLE.
                   PARAMETER   14  alpha_vw RESTORED TO VARIABLE.
                   PARAMETER   13  beta_y RESTORED TO VARIABLE.
                   PARAMETER   11  alpha_y RESTORED TO VARIABLE.
                   PARAMETER   10  beta_2CBO RESTORED TO VARIABLE.
 **********
 **   52 **FIX            0
 **********
 PARAMETER    0  IS UNDEFINED. IGNORED.
 **********
 **   53 **FIX            1
 **********
 **********
 **   54 **FIX            2
 **********
 PARAMETER    2  IS CONSTANT.   IGNORED.
 **********
 **   55 **FIX            3
 **********
 **********
 **   56 **FIX            4
 **********
 **********
 **   57 **FIX            5
 **********
 PARAMETER    5  IS CONSTANT.   IGNORED.
 **********
 **   58 **FIX            6
 **********
 **********
 **   59 **FIX            7
 **********
 PARAMETER    7  IS CONSTANT.   IGNORED.
 **********
 **   60 **FIX            8
 **********
 **********
 **   61 **FIX            9
 **********
 **********
 **   62 **FIX           13
 **********
 **********
 **   63 **FIX           14
 **********
 **********
 **   64 **FIX           15
 **********
 PARAMETER   15  IS CONSTANT.   IGNORED.
 **********
 **   65 **FIX           16
 **********
 **********
 **   66 **MIGRAD
 **********
 START MIGRAD MINIMIZATION.  STRATEGY  1.  CONVERGENCE WHEN EDM .LT. 1.00e-04
 FCN=74.2659 FROM MIGRAD    STATUS=INITIATE       16 CALLS        1614 TOTAL
                     EDM= unknown      STRATEGY= 1      NO ERROR MATRIX       
  EXT PARAMETER               CURRENT GUESS       STEP         FIRST   
  NO.   NAME      VALUE            ERROR          SIZE      DERIVATIVE 
   1  N0           2.96896e+06     fixed    
   2  tau          6.44041e+01   constant   
   3  A0           3.53209e-01     fixed    
   4  phi          4.11715e+00     fixed    
   5  R           -5.92716e+01   constant   
   6  alpha_CBO   -4.74086e-04     fixed    
   7  w_CBO        2.32500e+00   constant   
   8  beta_CBO    -5.38958e-03     fixed    
   9  alpha_2CBO   1.27862e-04     fixed    
  10  beta_2CBO   -9.42152e-04   1.30205e-04   1.30205e-04  -4.48758e+04
  11  alpha_y      0.00000e+00   1.00000e-03   1.00000e-03  -9.10390e+03
  12  w_y          1.38860e+01   constant   
  13  beta_y       4.15693e-04     fixed    
  14  alpha_vw     0.00000e+00     fixed    
  15  w_vw         1.43404e+01   constant   
  16  beta_vw      0.00000e+00     fixed    
  17  LM           4.68092e-05   constant   
  18  zeta_y       0.00000e+00   constant   
  19  zeta_vw      0.00000e+00   constant   
  20  T_CBO        9.99999e+02   7.20750e+02   4.72911e-02  -3.23397e-05
  21  alpha_A0     1.69235e-03   5.66514e-04   2.37414e-04  -2.78278e-02
  22  beta_A0     -1.86699e-03   5.97331e-04   2.42034e-04   2.88332e-03
  23  alpha_phi   -1.56112e-04   5.72306e-04   2.31216e-04   1.36067e-03
  24  beta_phi    -3.82384e-03   5.46931e-04   2.41653e-04  -1.41057e-02
 MIGRAD MINIMIZATION HAS CONVERGED.
 MIGRAD WILL VERIFY CONVERGENCE AND ERROR MATRIX.
 COVARIANCE MATRIX CALCULATED SUCCESSFULLY
 FCN=65.4718 FROM MIGRAD    STATUS=CONVERGED     112 CALLS        1710 TOTAL
                     EDM=4.20985e-06    STRATEGY= 1      ERROR MATRIX ACCURATE 
  EXT PARAMETER                                   STEP         FIRST   
  NO.   NAME      VALUE            ERROR          SIZE      DERIVATIVE 
   1  N0           2.96896e+06     fixed    
   2  tau          6.44041e+01   constant   
   3  A0           3.53209e-01     fixed    
   4  phi          4.11715e+00     fixed    
   5  R           -5.92716e+01   constant   
   6  alpha_CBO   -4.74086e-04     fixed    
   7  w_CBO        2.32500e+00   constant   
   8  beta_CBO    -5.38958e-03     fixed    
   9  alpha_2CBO   1.27862e-04     fixed    
  10  beta_2CBO   -5.64136e-04   1.29960e-04   5.03763e-07  -2.56301e-01
  11  alpha_y      6.87214e-05   1.26861e-04   5.04861e-07  -4.04398e-02
  12  w_y          1.38860e+01   constant   
  13  beta_y       4.15693e-04     fixed    
  14  alpha_vw     0.00000e+00     fixed    
  15  w_vw         1.43404e+01   constant   
  16  beta_vw      0.00000e+00     fixed    
  17  LM           4.68092e-05   constant   
  18  zeta_y       0.00000e+00   constant   
  19  zeta_vw      0.00000e+00   constant   
  20  T_CBO        1.00000e+03   9.91486e+02   3.91738e-02** at limit **
  21  alpha_A0     1.40689e-03   5.63854e-04   2.22080e-04   2.71059e-02
  22  beta_A0     -1.84370e-03   5.66506e-04   2.27382e-04   3.78700e-02
  23  alpha_phi   -2.19601e-04   5.46475e-04   2.17320e-04  -1.07187e-02
  24  beta_phi    -4.04268e-03   5.36474e-04   2.29397e-04  -2.55104e-02
 EXTERNAL ERROR MATRIX.    NDIM=  25    NPAR=  7    ERR DEF=1
  1.689e-08 -2.024e-10 -1.836e-09 -1.295e-08  8.764e-10 -2.778e-09 -1.000e-08 
 -2.024e-10  1.609e-08  6.866e-10  9.351e-10  6.898e-10 -2.210e-10  1.256e-09 
 -1.836e-09  6.866e-10  5.206e-03  9.431e-07 -1.248e-06 -1.526e-07 -2.720e-06 
 -1.295e-08  9.351e-10  9.431e-07  3.183e-07 -3.181e-08 -2.517e-09  7.175e-09 
  8.764e-10  6.898e-10 -1.248e-06 -3.181e-08  3.213e-07  4.588e-09  2.792e-08 
 -2.778e-09 -2.210e-10 -1.526e-07 -2.517e-09  4.588e-09  2.989e-07  1.356e-08 
 -1.000e-08  1.256e-09 -2.720e-06  7.175e-09  2.792e-08  1.356e-08  2.881e-07 
 PARAMETER  CORRELATION COEFFICIENTS  
       NO.  GLOBAL     10     11     20     21     22     23     24
       10  0.22783   1.000 -0.012 -0.000 -0.177  0.012 -0.039 -0.143
       11  0.02579  -0.012  1.000  0.000  0.013  0.010 -0.003  0.018
       20  0.07784  -0.000  0.000  1.000  0.023 -0.031 -0.004 -0.070
       21  0.20370  -0.177  0.013  0.023  1.000 -0.099 -0.008  0.024
       22  0.13953   0.012  0.010 -0.031 -0.099  1.000  0.015  0.092
       23  0.05967  -0.039 -0.003 -0.004 -0.008  0.015  1.000  0.046
       24  0.18898  -0.143  0.018 -0.070  0.024  0.092  0.046  1.000
MINUIT - FIT ONLY 2-y
 **********
 **   67 **RES 
 **********
                   PARAMETER   16  beta_vw RESTORED TO VARIABLE.
                   PARAMETER   14  alpha_vw RESTORED TO VARIABLE.
                   PARAMETER   13  beta_y RESTORED TO VARIABLE.
                   PARAMETER    9  alpha_2CBO RESTORED TO VARIABLE.
                   PARAMETER    8  beta_CBO RESTORED TO VARIABLE.
                   PARAMETER    6  alpha_CBO RESTORED TO VARIABLE.
                   PARAMETER    4  phi RESTORED TO VARIABLE.
                   PARAMETER    3  A0 RESTORED TO VARIABLE.
                   PARAMETER    1  N0 RESTORED TO VARIABLE.
 **********
 **   68 **FIX            0
 **********
 PARAMETER    0  IS UNDEFINED. IGNORED.
 **********
 **   69 **FIX            1
 **********
 **********
 **   70 **FIX            2
 **********
 PARAMETER    2  IS CONSTANT.   IGNORED.
 **********
 **   71 **FIX            3
 **********
 **********
 **   72 **FIX            4
 **********
 **********
 **   73 **FIX            5
 **********
 PARAMETER    5  IS CONSTANT.   IGNORED.
 **********
 **   74 **FIX            6
 **********
 **********
 **   75 **FIX            7
 **********
 PARAMETER    7  IS CONSTANT.   IGNORED.
 **********
 **   76 **FIX            8
 **********
 **********
 **   77 **FIX            9
 **********
 **********
 **   78 **FIX           10
 **********
 **********
 **   79 **FIX           11
 **********
 **********
 **   80 **FIX           12
 **********
 PARAMETER   12  IS CONSTANT.   IGNORED.
 **********
 **   81 **FIX           16
 **********
 **********
 **   82 **MIGRAD
 **********
 START MIGRAD MINIMIZATION.  STRATEGY  1.  CONVERGENCE WHEN EDM .LT. 1.00e-04
 FCN=65.4718 FROM MIGRAD    STATUS=INITIATE       16 CALLS        1726 TOTAL
                     EDM= unknown      STRATEGY= 1      NO ERROR MATRIX       
  EXT PARAMETER               CURRENT GUESS       STEP         FIRST   
  NO.   NAME      VALUE            ERROR          SIZE      DERIVATIVE 
   1  N0           2.96896e+06     fixed    
   2  tau          6.44041e+01   constant   
   3  A0           3.53209e-01     fixed    
   4  phi          4.11715e+00     fixed    
   5  R           -5.92716e+01   constant   
   6  alpha_CBO   -4.74086e-04     fixed    
   7  w_CBO        2.32500e+00   constant   
   8  beta_CBO    -5.38958e-03     fixed    
   9  alpha_2CBO   1.27862e-04     fixed    
  10  beta_2CBO   -5.64136e-04     fixed    
  11  alpha_y      6.87214e-05     fixed    
  12  w_y          1.38860e+01   constant   
  13  beta_y       4.15693e-04   1.24895e-04   1.24895e-04   1.44112e+03
  14  alpha_vw     0.00000e+00   1.00000e-03   1.00000e-03  -6.40989e+02
  15  w_vw         1.43404e+01   constant   
  16  beta_vw      0.00000e+00     fixed    
  17  LM           4.68092e-05   constant   
  18  zeta_y       0.00000e+00   constant   
  19  zeta_vw      0.00000e+00   constant   
  20  T_CBO        9.99999e+02   9.91486e+02   3.91738e-02  -4.21321e-05
  21  alpha_A0     1.40689e-03   5.63854e-04   2.22080e-04   2.70948e-02
  22  beta_A0     -1.84370e-03   5.66506e-04   2.27382e-04   3.78791e-02
  23  alpha_phi   -2.19601e-04   5.46475e-04   2.17320e-04  -1.07183e-02
  24  beta_phi    -4.04268e-03   5.36474e-04   2.29397e-04  -2.54797e-02
 MIGRAD MINIMIZATION HAS CONVERGED.
 MIGRAD WILL VERIFY CONVERGENCE AND ERROR MATRIX.
 COVARIANCE MATRIX CALCULATED SUCCESSFULLY
 FCN=65.4629 FROM MIGRAD    STATUS=CONVERGED      98 CALLS        1808 TOTAL
                     EDM=2.47464e-07    STRATEGY= 1      ERROR MATRIX ACCURATE 
  EXT PARAMETER                                   STEP         FIRST   
  NO.   NAME      VALUE            ERROR          SIZE      DERIVATIVE 
   1  N0           2.96896e+06     fixed    
   2  tau          6.44041e+01   constant   
   3  A0           3.53209e-01     fixed    
   4  phi          4.11715e+00     fixed    
   5  R           -5.92716e+01   constant   
   6  alpha_CBO   -4.74086e-04     fixed    
   7  w_CBO        2.32500e+00   constant   
   8  beta_CBO    -5.38958e-03     fixed    
   9  alpha_2CBO   1.27862e-04     fixed    
  10  beta_2CBO   -5.64136e-04     fixed    
  11  alpha_y      6.87214e-05     fixed    
  12  w_y          1.38860e+01   constant   
  13  beta_y       4.04957e-04   1.26351e-04   4.97194e-07   6.47933e-02
  14  alpha_vw     3.48247e-06   1.27353e-04   5.01182e-07   1.99834e-01
  15  w_vw         1.43404e+01   constant   
  16  beta_vw      0.00000e+00     fixed    
  17  LM           4.68092e-05   constant   
  18  zeta_y       0.00000e+00   constant   
  19  zeta_vw      0.00000e+00   constant   
  20  T_CBO        1.00000e+03   9.95877e+02   3.69472e-02** at limit **
  21  alpha_A0     1.40732e-03   5.55272e-04   2.22072e-04  -6.13102e-03
  22  beta_A0     -1.84465e-03   5.66435e-04   2.27326e-04   4.49800e-03
  23  alpha_phi   -2.18830e-04   5.46093e-04   2.17309e-04   5.44228e-03
  24  beta_phi    -4.04300e-03   5.30767e-04   2.29399e-04  -8.28390e-03
 EXTERNAL ERROR MATRIX.    NDIM=  25    NPAR=  7    ERR DEF=1
  1.596e-08  2.386e-09  2.165e-10 -1.985e-09  5.484e-10 -8.204e-10  2.971e-10 
  2.386e-09  1.622e-08 -3.125e-09 -1.662e-09 -2.975e-10 -2.253e-10 -1.023e-09 
  2.165e-10 -3.125e-09  9.021e-02  3.677e-06 -4.875e-06 -5.942e-07 -1.062e-05 
 -1.985e-09 -1.662e-09  3.677e-06  3.087e-07 -3.118e-08 -4.521e-09 -4.365e-10 
  5.484e-10 -2.975e-10 -4.875e-06 -3.118e-08  3.212e-07  4.713e-09  2.835e-08 
 -8.204e-10 -2.253e-10 -5.942e-07 -4.521e-09  4.713e-09  2.985e-07  1.191e-08 
  2.971e-10 -1.023e-09 -1.062e-05 -4.365e-10  2.835e-08  1.191e-08  2.820e-07 
 PARAMETER  CORRELATION COEFFICIENTS  
       NO.  GLOBAL     13     14     20     21     22     23     24
       13  0.15108   1.000  0.148  0.000 -0.028  0.008 -0.012  0.004
       14  0.15049   0.148  1.000 -0.000 -0.023 -0.004 -0.003 -0.015
       20  0.07303   0.000 -0.000  1.000  0.022 -0.029 -0.004 -0.067
       21  0.10777  -0.028 -0.023  0.022  1.000 -0.099 -0.015 -0.001
       22  0.13861   0.008 -0.004 -0.029 -0.099  1.000  0.015  0.094
       23  0.04651  -0.012 -0.003 -0.004 -0.015  0.015  1.000  0.041
       24  0.12188   0.004 -0.015 -0.067 -0.001  0.094  0.041  1.000
MINUIT - FIT ALTOGETHER
 **********
 **   83 **RES 
