 + ++++++++++++++++++++++++++++++++++++++++++++++++++++++++++++++++++++ +
 +                                                                      +
 +           You have chose to blind your fitting according to          +
 +                omega_ref * (1 + (R +/- deltaR) *10^{-6})             +
 +                                                                      +
 + ++++++++++++++++++++++++++++++++++++++++++++++++++++++++++++++++++++ +
In main()...
reading format from /gm2data/zkhechad/run45/envelope/formats/formatB_sBin_constraintOn.txt
pBinTau 	= 0  
pBinPhi 	= 0  
constraintau 	= 1 
includeMopTerm 	= 0    
constrainMop    = 0   
Parameters after format file: pBinTau 0 pBinPhi 0 constraintau 1 includeMopTerm 0 constrainMop 0 c_e_scale 0.000000 
Opening file /gm2data/tbarrett/gm2fr/studies/run23_bunch_corrections/CorrectedFourier_Run3b.root.
reading full fit data from /gm2data/zkhechad/cboTemplates/Run4CBOTemplates/fullFits/noRF/sBin_constraintOn_cE0.0_seed0_noRF_calo14.root
windowBins = 69
fitting sliding window 840 from bin 976 at 145.470000 to bin 1045 at 155.914000 (69 bins)

Reading data from /gm2data/cornell/histograms/aMethod/histogram_a_noRF.root
 **********
 **    1 **SET PRINTOUT            1
 **********
 **********
 **    2 **SET NOWARNINGS 
 **********
 PARAMETER DEFINITIONS:
    NO.   NAME         VALUE      STEP SIZE      LIMITS
     1 N0           3.41750e+06  1.00000e+02     no limits
     2 tau          6.44063e+01  constant
     3 A0           3.61912e-01  1.00000e-04     no limits
     4 phi          4.12132e+00  1.00000e-02     no limits
     5 R           -6.04192e+01  constant
     6 alpha_CBO    0.00000e+00  1.00000e-03     no limits
     7 w_CBO        2.32500e+00  constant
     8 beta_CBO     0.00000e+00  1.00000e-03     no limits
     9 alpha_2CBO   0.00000e+00  1.00000e-03     no limits
    10 beta_2CBO    0.00000e+00  1.00000e-03     no limits
    11 alpha_y      0.00000e+00  1.00000e-03     no limits
    12 w_y          1.38860e+01  constant
    13 beta_y       0.00000e+00  1.00000e-03     no limits
    14 alpha_vw     0.00000e+00  1.00000e-03     no limits
    15 w_vw         1.43404e+01  constant
    16 beta_vw      0.00000e+00  1.00000e-03     no limits
    17 LM           8.43198e-05  constant
    18 zeta_y       0.00000e+00  constant
    19 zeta_vw      0.00000e+00  constant
    20 T_CBO        1.00000e+02  1.00000e+00    0.00000e+00  1.00000e+03
    21 alpha_A0     0.00000e+00  1.00000e-04   -1.00000e-02  1.00000e-02
    22 beta_A0      0.00000e+00  1.00000e-04   -1.00000e-02  1.00000e-02
    23 alpha_phi    0.00000e+00  1.00000e-04   -1.00000e-02  1.00000e-02
    24 beta_phi     0.00000e+00  1.00000e-04   -1.00000e-02  1.00000e-02
MINUIT - FIT ONLY WIGGLE
 **********
 **    3 **FIX            5
 **********
 PARAMETER    5  IS CONSTANT.   IGNORED.
 **********
 **    4 **FIX            6
 **********
 **********
 **    5 **FIX            7
 **********
 PARAMETER    7  IS CONSTANT.   IGNORED.
 **********
 **    6 **FIX            8
 **********
 **********
 **    7 **FIX            9
 **********
 **********
 **    8 **FIX           10
 **********
 **********
 **    9 **FIX           11
 **********
 **********
 **   10 **FIX           12
 **********
 PARAMETER   12  IS CONSTANT.   IGNORED.
 **********
 **   11 **FIX           13
 **********
 **********
 **   12 **FIX           14
 **********
 **********
 **   13 **FIX           15
 **********
 PARAMETER   15  IS CONSTANT.   IGNORED.
 **********
 **   14 **FIX           16
 **********
 **********
 **   15 **MIGRAD
 **********
 FIRST CALL TO USER FUNCTION AT NEW START POINT, WITH IFLAG=4.
 START MIGRAD MINIMIZATION.  STRATEGY  1.  CONVERGENCE WHEN EDM .LT. 1.00e-04
 FCN=471.559 FROM MIGRAD    STATUS=INITIATE      437 CALLS         438 TOTAL
                     EDM= unknown      STRATEGY= 1      NO ERROR MATRIX       
  EXT PARAMETER               CURRENT GUESS       STEP         FIRST   
  NO.   NAME      VALUE            ERROR          SIZE      DERIVATIVE 
   1  N0           3.41750e+06   1.00000e+02   0.00000e+00   5.44366e-03
   2  tau          6.44063e+01   constant   
   3  A0           3.61912e-01   1.00000e-04   0.00000e+00   3.56720e+04
   4  phi          4.12132e+00   1.00000e-02   0.00000e+00   7.80463e+03
   5  R           -6.04192e+01   constant   
   6  alpha_CBO    0.00000e+00     fixed    
   7  w_CBO        2.32500e+00   constant   
   8  beta_CBO     0.00000e+00     fixed    
   9  alpha_2CBO   0.00000e+00     fixed    
  10  beta_2CBO    0.00000e+00     fixed    
  11  alpha_y      0.00000e+00     fixed    
  12  w_y          1.38860e+01   constant   
  13  beta_y       0.00000e+00     fixed    
  14  alpha_vw     0.00000e+00     fixed    
  15  w_vw         1.43404e+01   constant   
  16  beta_vw      0.00000e+00     fixed    
  17  LM           8.43198e-05   constant   
  18  zeta_y       0.00000e+00   constant   
  19  zeta_vw      0.00000e+00   constant   
  20  T_CBO        1.00000e+02   1.00000e+00   0.00000e+00   0.00000e+00
  21  alpha_A0     0.00000e+00   1.00000e-04   0.00000e+00   1.05601e+01
  22  beta_A0      0.00000e+00   1.00000e-04   0.00000e+00  -1.55193e+01
  23  alpha_phi    0.00000e+00   1.00000e-04   0.00000e+00  -1.52390e+01
  24  beta_phi     0.00000e+00   1.00000e-04   0.00000e+00  -8.73343e+00
 MIGRAD MINIMIZATION HAS CONVERGED.
 FCN=431.006 FROM MIGRAD    STATUS=CONVERGED    1271 CALLS        1272 TOTAL
                     EDM=2.91586e-06    STRATEGY= 1  ERROR MATRIX UNCERTAINTY   0.2 per cent
  EXT PARAMETER                                   STEP         FIRST   
  NO.   NAME      VALUE            ERROR          SIZE      DERIVATIVE 
   1  N0           3.41718e+06   4.68912e+02  -1.54234e-01   7.68518e-07
   2  tau          6.44063e+01   constant   
   3  A0           3.61143e-01   1.86116e-04  -8.38766e-08   3.31919e+00
   4  phi          4.12015e+00   5.16742e-04   4.05405e-07  -1.18521e+00
   5  R           -6.04192e+01   constant   
   6  alpha_CBO    0.00000e+00     fixed    
   7  w_CBO        2.32500e+00   constant   
   8  beta_CBO     0.00000e+00     fixed    
   9  alpha_2CBO   0.00000e+00     fixed    
  10  beta_2CBO    0.00000e+00     fixed    
  11  alpha_y      0.00000e+00     fixed    
  12  w_y          1.38860e+01   constant   
  13  beta_y       0.00000e+00     fixed    
  14  alpha_vw     0.00000e+00     fixed    
  15  w_vw         1.43404e+01   constant   
  16  beta_vw      0.00000e+00     fixed    
  17  LM           8.43198e-05   constant   
  18  zeta_y       0.00000e+00   constant   
  19  zeta_vw      0.00000e+00   constant   
  20  T_CBO        9.99964e+02   9.99195e+02   9.99813e-03  -2.96285e-04
  21  alpha_A0    -1.11908e-03   8.09716e-04  -8.16422e-05  -1.80069e-02
  22  beta_A0      2.86058e-03   9.28882e-04   1.55211e-04   3.69382e-03
  23  alpha_phi    2.62287e-03   9.00707e-04   2.61018e-04   3.22879e-03
  24  beta_phi     1.56298e-03   8.50167e-04   1.90888e-04   1.28964e-03
 EXTERNAL ERROR MATRIX.    NDIM=  25    NPAR=  8    ERR DEF=1
  2.199e+05 -6.658e-03  3.346e-02 -5.728e+02  5.943e-02  8.045e-02  9.929e-02 -5.117e-02 
 -6.658e-03  3.464e-08  3.194e-09 -3.624e-04 -3.708e-09 -2.506e-08 -3.021e-08 -8.992e-09 
  3.346e-02  3.194e-09  2.670e-07  1.556e-03  1.242e-08  7.012e-09  1.212e-08 -6.344e-08 
 -5.728e+02 -3.624e-04  1.556e-03  3.095e+03  3.753e-03 -7.267e-03 -2.491e-03  5.541e-04 
  5.943e-02 -3.708e-09  1.242e-08  3.753e-03  6.571e-07  1.199e-08  5.846e-08  1.681e-08 
  8.045e-02 -2.506e-08  7.012e-09 -7.267e-03  1.199e-08  8.655e-07  1.277e-07 -1.371e-08 
  9.929e-02 -3.021e-08  1.212e-08 -2.491e-03  5.846e-08  1.277e-07  8.136e-07 -7.637e-08 
 -5.117e-02 -8.992e-09 -6.344e-08  5.541e-04  1.681e-08 -1.371e-08 -7.637e-08  7.246e-07 
 PARAMETER  CORRELATION COEFFICIENTS  
       NO.  GLOBAL      1      3      4     20     21     22     23     24
        1  0.34935   1.000 -0.076  0.138 -0.022  0.156  0.184  0.235 -0.128
        3  0.24004  -0.076  1.000  0.033 -0.035 -0.025 -0.145 -0.180 -0.057
        4  0.20076   0.138  0.033  1.000  0.054  0.030  0.015  0.026 -0.144
       20  0.18796  -0.022 -0.035  0.054  1.000  0.083 -0.140 -0.050  0.012
       21  0.19162   0.156 -0.025  0.030  0.083  1.000  0.016  0.080  0.024
       22  0.27985   0.184 -0.145  0.015 -0.140  0.016  1.000  0.152 -0.017
       23  0.31638   0.235 -0.180  0.026 -0.050  0.080  0.152  1.000 -0.099
       24  0.21434  -0.128 -0.057 -0.144  0.012  0.024 -0.017 -0.099  1.000
MINUIT - FIT ONLY 1-CBO + wiggle
 **********
 **   16 **RES 
 **********
                   PARAMETER   16  beta_vw RESTORED TO VARIABLE.
                   PARAMETER   14  alpha_vw RESTORED TO VARIABLE.
                   PARAMETER   13  beta_y RESTORED TO VARIABLE.
                   PARAMETER   11  alpha_y RESTORED TO VARIABLE.
                   PARAMETER   10  beta_2CBO RESTORED TO VARIABLE.
                   PARAMETER    9  alpha_2CBO RESTORED TO VARIABLE.
                   PARAMETER    8  beta_CBO RESTORED TO VARIABLE.
                   PARAMETER    6  alpha_CBO RESTORED TO VARIABLE.
 **********
 **   17 **FIX            8
 **********
 **********
 **   18 **FIX            9
 **********
 **********
 **   19 **FIX           11
 **********
 **********
 **   20 **FIX           12
 **********
 PARAMETER   12  IS CONSTANT.   IGNORED.
 **********
 **   21 **FIX           14
 **********
 **********
 **   22 **FIX           15
 **********
 PARAMETER   15  IS CONSTANT.   IGNORED.
 **********
 **   23 **FIX           16
 **********
 **********
 **   24 **MIGRAD
 **********
 START MIGRAD MINIMIZATION.  STRATEGY  1.  CONVERGENCE WHEN EDM .LT. 1.00e-04
 FCN=431.006 FROM MIGRAD    STATUS=INITIATE       28 CALLS        1300 TOTAL
                     EDM= unknown      STRATEGY= 1      NO ERROR MATRIX       
  EXT PARAMETER               CURRENT GUESS       STEP         FIRST   
  NO.   NAME      VALUE            ERROR          SIZE      DERIVATIVE 
   1  N0           3.41718e+06   4.68912e+02  -1.54234e-01   7.68517e-07
   2  tau          6.44063e+01   constant   
   3  A0           3.61143e-01   1.86116e-04  -8.38766e-08   3.31920e+00
   4  phi          4.12015e+00   5.16742e-04   4.05405e-07  -1.18521e+00
   5  R           -6.04192e+01   constant   
   6  alpha_CBO    0.00000e+00   1.00000e-03   1.00000e-03  -1.69176e+05
   7  w_CBO        2.32500e+00   constant   
   8  beta_CBO     0.00000e+00     fixed    
   9  alpha_2CBO   0.00000e+00     fixed    
  10  beta_2CBO    0.00000e+00   1.00000e-03   1.00000e-03  -8.22714e+03
  11  alpha_y      0.00000e+00     fixed    
  12  w_y          1.38860e+01   constant   
  13  beta_y       0.00000e+00   1.00000e-03   1.00000e-03   5.45726e+03
  14  alpha_vw     0.00000e+00     fixed    
  15  w_vw         1.43404e+01   constant   
  16  beta_vw      0.00000e+00     fixed    
  17  LM           8.43198e-05   constant   
  18  zeta_y       0.00000e+00   constant   
  19  zeta_vw      0.00000e+00   constant   
  20  T_CBO        9.99964e+02   9.99195e+02   9.99813e-03  -2.98112e-04
  21  alpha_A0    -1.11908e-03   8.09716e-04  -8.16422e-05  -1.80067e-02
  22  beta_A0      2.86058e-03   9.28882e-04   1.55211e-04   3.69373e-03
  23  alpha_phi    2.62287e-03   9.00707e-04   2.61018e-04   3.22879e-03
  24  beta_phi     1.56298e-03   8.50167e-04   1.90888e-04   1.28964e-03
 MIGRAD MINIMIZATION HAS CONVERGED.
 FCN=174.141 FROM MIGRAD    STATUS=CONVERGED     202 CALLS        1474 TOTAL
                     EDM=7.03937e-06    STRATEGY= 1  ERROR MATRIX UNCERTAINTY   2.7 per cent
  EXT PARAMETER                                   STEP         FIRST   
  NO.   NAME      VALUE            ERROR          SIZE      DERIVATIVE 
   1  N0           3.41749e+06   4.61332e+02   2.84542e-01  -4.24516e-06
   2  tau          6.44063e+01   constant   
   3  A0           3.61766e-01   1.92329e-04  -2.08340e-07   2.44442e+00
   4  phi          4.12155e+00   5.30487e-04   5.21557e-07  -3.16747e+00
   5  R           -6.04192e+01   constant   
   6  alpha_CBO    3.03230e-03   1.89547e-04   2.48941e-08  -1.68506e-01
   7  w_CBO        2.32500e+00   constant   
   8  beta_CBO     0.00000e+00     fixed    
   9  alpha_2CBO   0.00000e+00     fixed    
  10  beta_2CBO    1.81375e-05   1.90402e-04  -2.41188e-08   2.53272e+00
  11  alpha_y      0.00000e+00     fixed    
  12  w_y          1.38860e+01   constant   
  13  beta_y      -9.61085e-05   1.84460e-04  -1.98695e-07  -5.47634e-01
  14  alpha_vw     0.00000e+00     fixed    
  15  w_vw         1.43404e+01   constant   
  16  beta_vw      0.00000e+00     fixed    
  17  LM           8.43198e-05   constant   
  18  zeta_y       0.00000e+00   constant   
  19  zeta_vw      0.00000e+00   constant   
  20  T_CBO        9.99904e+02   8.24511e+02  -5.92861e-02   1.79972e-04
  21  alpha_A0     8.05929e-04   8.33592e-04  -1.59609e-04  -4.58718e-03
  22  beta_A0      2.14754e-03   1.00402e-03   1.28209e-06  -1.61519e-02
  23  alpha_phi    1.51193e-03   8.15941e-04  -3.41852e-04  -3.78793e-02
  24  beta_phi     9.40334e-04   8.36805e-04  -2.00285e-04  -1.66983e-03
 EXTERNAL ERROR MATRIX.    NDIM=  25    NPAR= 11    ERR DEF=1
  2.128e+05 
 -1.702e-03  3.699e-08 
  3.147e-02  4.463e-09  2.814e-07 
  3.763e-03  7.411e-09  1.694e-08  3.593e-08 
  2.238e-03 -2.358e-09 -2.268e-09 -1.564e-09  3.625e-08 
 -2.707e-03 -1.903e-10 -2.892e-09 -5.777e-11  1.870e-10  3.403e-08 
  5.808e+03 -1.294e-03  3.229e-03  7.321e-07 -4.790e-04  3.321e-04  2.012e+04 
  3.888e-02 -3.991e-09  1.515e-09  2.217e-08  1.263e-08 -1.563e-09  1.834e-02  6.965e-07 
  1.137e-01 -3.530e-08  1.900e-08 -8.372e-09  1.241e-08 -3.273e-09  3.645e-02  6.767e-08  1.012e-06 
  5.734e-02 -2.890e-08  8.400e-09 -1.225e-08 -2.958e-09 -5.695e-09  3.435e-02 -1.216e-08  1.149e-07  6.673e-07 
 -2.401e-02 -1.160e-08 -5.652e-08 -8.285e-09  1.695e-08  1.565e-09  7.002e-03  2.178e-08  4.446e-08 -2.497e-10  7.019e-07 
 PARAMETER  CORRELATION COEFFICIENTS  
       NO.  GLOBAL      1      3      4      6     10     13     20     21     22     23     24
        1  0.31966   1.000 -0.019  0.129  0.043  0.025 -0.032  0.089  0.101  0.245  0.152 -0.062
        3  0.32040  -0.019  1.000  0.044  0.203 -0.064 -0.005 -0.047 -0.025 -0.182 -0.184 -0.072
        4  0.24315   0.129  0.044  1.000  0.168 -0.022 -0.030  0.043  0.003  0.036  0.019 -0.127
        6  0.30409   0.043  0.203  0.168  1.000 -0.043 -0.002  0.000  0.140 -0.044 -0.079 -0.052
       10  0.16422   0.025 -0.064 -0.022 -0.043  1.000  0.005 -0.018  0.079  0.065 -0.019  0.106
       13  0.06413  -0.032 -0.005 -0.030 -0.002  0.005  1.000  0.013 -0.010 -0.018 -0.038  0.010
       20  0.40383   0.089 -0.047  0.043  0.000 -0.018  0.013  1.000  0.155  0.256  0.296  0.059
       21  0.25828   0.101 -0.025  0.003  0.140  0.079 -0.010  0.155  1.000  0.081 -0.018  0.031
       22  0.38495   0.245 -0.182  0.036 -0.044  0.065 -0.018  0.256  0.081  1.000  0.140  0.053
       23  0.37748   0.152 -0.184  0.019 -0.079 -0.019 -0.038  0.296 -0.018  0.140  1.000 -0.000
       24  0.20020  -0.062 -0.072 -0.127 -0.052  0.106  0.010  0.059  0.031  0.053 -0.000  1.000
MINUIT - FIT ONLY 2-CBO
 **********
 **   25 **RES 
 **********
                   PARAMETER   16  beta_vw RESTORED TO VARIABLE.
                   PARAMETER   14  alpha_vw RESTORED TO VARIABLE.
                   PARAMETER   11  alpha_y RESTORED TO VARIABLE.
                   PARAMETER    9  alpha_2CBO RESTORED TO VARIABLE.
                   PARAMETER    8  beta_CBO RESTORED TO VARIABLE.
 **********
 **   26 **FIX            0
 **********
 PARAMETER    0  IS UNDEFINED. IGNORED.
 **********
 **   27 **FIX            1
 **********
 **********
 **   28 **FIX            2
 **********
 PARAMETER    2  IS CONSTANT.   IGNORED.
 **********
 **   29 **FIX            3
 **********
 **********
 **   30 **FIX            4
 **********
 **********
 **   31 **FIX            5
 **********
 PARAMETER    5  IS CONSTANT.   IGNORED.
 **********
 **   32 **FIX            6
 **********
 **********
 **   33 **FIX            7
 **********
 PARAMETER    7  IS CONSTANT.   IGNORED.
 **********
 **   34 **FIX           10
 **********
 **********
 **   35 **FIX           11
 **********
 **********
 **   36 **FIX           12
 **********
 PARAMETER   12  IS CONSTANT.   IGNORED.
 **********
 **   37 **FIX           13
 **********
 **********
 **   38 **FIX           14
 **********
 **********
 **   39 **FIX           15
 **********
 PARAMETER   15  IS CONSTANT.   IGNORED.
 **********
 **   40 **FIX           16
 **********
 **********
 **   41 **MIGRAD
 **********
 START MIGRAD MINIMIZATION.  STRATEGY  1.  CONVERGENCE WHEN EDM .LT. 1.00e-04
 FCN=174.141 FROM MIGRAD    STATUS=INITIATE       18 CALLS        1492 TOTAL
                     EDM= unknown      STRATEGY= 1      NO ERROR MATRIX       
  EXT PARAMETER               CURRENT GUESS       STEP         FIRST   
  NO.   NAME      VALUE            ERROR          SIZE      DERIVATIVE 
   1  N0           3.41749e+06     fixed    
   2  tau          6.44063e+01   constant   
   3  A0           3.61766e-01     fixed    
   4  phi          4.12155e+00     fixed    
   5  R           -6.04192e+01   constant   
   6  alpha_CBO    3.03230e-03     fixed    
   7  w_CBO        2.32500e+00   constant   
   8  beta_CBO     0.00000e+00   1.00000e-03   1.00000e-03   1.15383e+05
   9  alpha_2CBO   0.00000e+00   1.00000e-03   1.00000e-03  -6.59564e+03
  10  beta_2CBO    1.81375e-05     fixed    
  11  alpha_y      0.00000e+00     fixed    
  12  w_y          1.38860e+01   constant   
  13  beta_y      -9.61085e-05     fixed    
  14  alpha_vw     0.00000e+00     fixed    
  15  w_vw         1.43404e+01   constant   
  16  beta_vw      0.00000e+00     fixed    
  17  LM           8.43198e-05   constant   
  18  zeta_y       0.00000e+00   constant   
  19  zeta_vw      0.00000e+00   constant   
  20  T_CBO        9.99904e+02   8.24511e+02  -5.92861e-02  -1.78770e-04
  21  alpha_A0     8.05929e-04   8.33592e-04  -1.59609e-04  -4.58728e-03
  22  beta_A0      2.14754e-03   1.00402e-03   1.28209e-06  -1.61518e-02
  23  alpha_phi    1.51193e-03   8.15941e-04  -3.41852e-04  -3.78793e-02
  24  beta_phi     9.40334e-04   8.36805e-04  -2.00285e-04  -1.66982e-03
 MIGRAD MINIMIZATION HAS CONVERGED.
 MIGRAD WILL VERIFY CONVERGENCE AND ERROR MATRIX.
 COVARIANCE MATRIX CALCULATED SUCCESSFULLY
 FCN=54.348 FROM MIGRAD    STATUS=CONVERGED     892 CALLS        2366 TOTAL
                     EDM=5.24009e-06    STRATEGY= 1      ERROR MATRIX ACCURATE 
  EXT PARAMETER                                   STEP         FIRST   
  NO.   NAME      VALUE            ERROR          SIZE      DERIVATIVE 
   1  N0           3.41749e+06     fixed    
   2  tau          6.44063e+01   constant   
   3  A0           3.61766e-01     fixed    
   4  phi          4.12155e+00     fixed    
   5  R           -6.04192e+01   constant   
   6  alpha_CBO    3.03230e-03     fixed    
   7  w_CBO        2.32500e+00   constant   
   8  beta_CBO    -2.07775e-03   1.89984e-04   6.83611e-07   2.89123e+00
   9  alpha_2CBO  -4.18816e-05   1.90955e-04   6.73914e-07  -2.92969e+00
  10  beta_2CBO    1.81375e-05     fixed    
  11  alpha_y      0.00000e+00     fixed    
  12  w_y          1.38860e+01   constant   
  13  beta_y      -9.61085e-05     fixed    
  14  alpha_vw     0.00000e+00     fixed    
  15  w_vw         1.43404e+01   constant   
  16  beta_vw      0.00000e+00     fixed    
  17  LM           8.43198e-05   constant   
  18  zeta_y       0.00000e+00   constant   
  19  zeta_vw      0.00000e+00   constant   
  20  T_CBO        7.56648e+01   2.01587e+01   1.86897e-04  -2.16035e-02
  21  alpha_A0     6.34739e-03   5.32891e-03   2.31318e-03  -2.17470e-03
  22  beta_A0      6.89662e-03   5.60014e-03   2.72956e-03  -6.39901e-04
  23  alpha_phi    9.99998e-03   1.75587e-02   1.44868e-02   2.53279e-04
  24  beta_phi     6.61518e-03   5.50220e-03   2.42961e-03   6.09794e-04
 EXTERNAL ERROR MATRIX.    NDIM=  25    NPAR=  7    ERR DEF=1
  3.609e-08  2.815e-09 -9.266e-06 -1.490e-08  1.017e-07  6.173e-12 -1.003e-08 
  2.815e-09  3.646e-08 -5.074e-04  1.933e-08 -1.995e-07 -1.409e-12 -6.960e-09 
 -9.266e-06 -5.074e-04  4.072e+02  6.344e-02  6.621e-02 -1.373e-04  7.215e-02 
 -1.490e-08  1.933e-08  6.344e-02  3.458e-05  1.125e-05 -2.320e-08  1.326e-05 
  1.017e-07 -1.995e-07  6.621e-02  1.125e-05  4.099e-05 -2.482e-08  1.220e-05 
  6.173e-12 -1.409e-12 -1.373e-04 -2.320e-08 -2.482e-08  8.485e-09 -2.444e-08 
 -1.003e-08 -6.960e-09  7.215e-02  1.326e-05  1.220e-05 -2.444e-08  3.816e-05 
 PARAMETER  CORRELATION COEFFICIENTS  
       NO.  GLOBAL      8      9     20     21     22     23     24
        8  0.13725   1.000  0.078 -0.002 -0.013  0.084  0.000 -0.009
        9  0.23696   0.078  1.000 -0.132  0.017 -0.163 -0.000 -0.006
       20  0.73839  -0.002 -0.132  1.000  0.535  0.513 -0.074  0.579
       21  0.54705  -0.013  0.017  0.535  1.000  0.299 -0.043  0.365
       22  0.53181   0.084 -0.163  0.513  0.299  1.000 -0.042  0.308
       23  0.07485   0.000 -0.000 -0.074 -0.043 -0.042  1.000 -0.043
       24  0.58658  -0.009 -0.006  0.579  0.365  0.308 -0.043  1.000
MINUIT - FIT wiggle + 1-CBO + 2-CBO
 **********
 **   42 **RES 
 **********
                   PARAMETER   16  beta_vw RESTORED TO VARIABLE.
                   PARAMETER   14  alpha_vw RESTORED TO VARIABLE.
                   PARAMETER   13  beta_y RESTORED TO VARIABLE.
                   PARAMETER   11  alpha_y RESTORED TO VARIABLE.
                   PARAMETER   10  beta_2CBO RESTORED TO VARIABLE.
                   PARAMETER    6  alpha_CBO RESTORED TO VARIABLE.
                   PARAMETER    4  phi RESTORED TO VARIABLE.
                   PARAMETER    3  A0 RESTORED TO VARIABLE.
                   PARAMETER    1  N0 RESTORED TO VARIABLE.
 **********
 **   43 **FIX           10
 **********
 **********
 **   44 **FIX           11
 **********
 **********
 **   45 **FIX           12
 **********
 PARAMETER   12  IS CONSTANT.   IGNORED.
 **********
 **   46 **FIX           13
 **********
 **********
 **   47 **FIX           14
 **********
 **********
 **   48 **FIX           15
 **********
 PARAMETER   15  IS CONSTANT.   IGNORED.
 **********
 **   49 **FIX           16
 **********
 **********
 **   50 **MIGRAD
 **********
 START MIGRAD MINIMIZATION.  STRATEGY  1.  CONVERGENCE WHEN EDM .LT. 1.00e-04
 FCN=54.348 FROM MIGRAD    STATUS=INITIATE       22 CALLS        2388 TOTAL
                     EDM= unknown      STRATEGY= 1      NO ERROR MATRIX       
  EXT PARAMETER               CURRENT GUESS       STEP         FIRST   
  NO.   NAME      VALUE            ERROR          SIZE      DERIVATIVE 
   1  N0           3.41749e+06   4.61332e+02   4.61332e+02  -3.98282e-03
   2  tau          6.44063e+01   constant   
   3  A0           3.61766e-01   1.92329e-04   1.92329e-04  -1.63352e+04
   4  phi          4.12155e+00   5.30487e-04   5.30487e-04   6.42908e+03
   5  R           -6.04192e+01   constant   
   6  alpha_CBO    3.03230e-03   1.89547e-04   1.89547e-04   5.31567e+01
   7  w_CBO        2.32500e+00   constant   
   8  beta_CBO    -2.07775e-03   1.89984e-04   6.83611e-07   2.89122e+00
   9  alpha_2CBO  -4.18816e-05   1.90955e-04   6.73914e-07  -2.92969e+00
  10  beta_2CBO    1.81375e-05     fixed    
  11  alpha_y      0.00000e+00     fixed    
  12  w_y          1.38860e+01   constant   
  13  beta_y      -9.61085e-05     fixed    
  14  alpha_vw     0.00000e+00     fixed    
  15  w_vw         1.43404e+01   constant   
  16  beta_vw      0.00000e+00     fixed    
  17  LM           8.43198e-05   constant   
  18  zeta_y       0.00000e+00   constant   
  19  zeta_vw      0.00000e+00   constant   
  20  T_CBO        7.56648e+01   2.01587e+01   1.86897e-04   2.16230e-02
  21  alpha_A0     6.34739e-03   5.32891e-03   2.31318e-03  -2.18505e-03
  22  beta_A0      6.89662e-03   5.60014e-03   2.72956e-03  -6.51969e-04
  23  alpha_phi    9.99998e-03   1.75587e-02   1.44868e-02  -2.55061e-04
  24  beta_phi     6.61518e-03   5.50220e-03   2.42961e-03   5.98620e-04
 MIGRAD MINIMIZATION HAS CONVERGED.
 FCN=49.0458 FROM MIGRAD    STATUS=CONVERGED     194 CALLS        2560 TOTAL
                     EDM=4.88337e-06    STRATEGY= 1  ERROR MATRIX UNCERTAINTY   1.9 per cent
  EXT PARAMETER                                   STEP         FIRST   
  NO.   NAME      VALUE            ERROR          SIZE      DERIVATIVE 
   1  N0           3.41778e+06   4.43277e+02   1.07717e-01   1.92538e-06
   2  tau          6.44063e+01   constant   
   3  A0           3.62038e-01   1.88218e-04   4.93742e-07  -4.87456e+00
   4  phi          4.12077e+00   5.01390e-04   8.98916e-07   1.11765e-01
   5  R           -6.04192e+01   constant   
   6  alpha_CBO    3.04683e-03   1.87729e-04   4.54352e-07  -8.00759e+00
   7  w_CBO        2.32500e+00   constant   
   8  beta_CBO    -2.17312e-03   1.91887e-04  -5.96145e-07  -1.65417e+01
   9  alpha_2CBO  -7.43703e-05   1.83480e-04   1.87978e-07   2.43792e+00
  10  beta_2CBO    1.81375e-05     fixed    
  11  alpha_y      0.00000e+00     fixed    
  12  w_y          1.38860e+01   constant   
  13  beta_y      -9.61085e-05     fixed    
  14  alpha_vw     0.00000e+00     fixed    
  15  w_vw         1.43404e+01   constant   
  16  beta_vw      0.00000e+00     fixed    
  17  LM           8.43198e-05   constant   
  18  zeta_y       0.00000e+00   constant   
  19  zeta_vw      0.00000e+00   constant   
  20  T_CBO        7.15832e+01   2.11325e+01  -5.64500e-04  -2.92626e-03
  21  alpha_A0     7.98713e-03   1.51189e-02   7.15328e-03   3.36464e-04
  22  beta_A0      6.65655e-03   5.65336e-03   4.70142e-03   8.84564e-04
  23  alpha_phi    9.99992e-03   1.42572e-02   2.63678e-02  -3.03543e-04
  24  beta_phi     7.32730e-03   5.53953e-03   4.82872e-03   1.00943e-03
 EXTERNAL ERROR MATRIX.    NDIM=  25    NPAR= 11    ERR DEF=1
  1.965e+05 
 -7.428e-03  3.543e-08 
  1.112e-02  1.107e-09  2.514e-07 
 -5.214e-03  4.384e-09  3.081e-09  3.524e-08 
 -5.905e-03 -4.992e-09  1.222e-08 -9.429e-10  3.682e-08 
  1.309e-04 -1.909e-09  5.987e-09 -1.121e-09  2.574e-09  3.366e-08 
  1.716e+03 -9.701e-04 -1.267e-04 -4.607e-04 -4.801e-05  5.849e-04  4.476e+02 
 -9.928e-02  1.567e-07 -1.593e-07  1.428e-07 -9.898e-11 -1.135e-07 -1.035e-01  4.806e-05 
  4.030e-02 -1.747e-08  3.458e-08  8.429e-08  9.985e-08 -7.301e-08 -6.590e-02  1.949e-05  4.115e-05 
  4.119e-03  1.099e-09  3.562e-09  2.475e-09 -1.243e-09 -5.286e-11 -8.908e-04  3.486e-07  2.280e-07  3.596e-08 
 -3.558e-01  1.517e-07 -6.341e-08  1.602e-07  8.363e-09 -7.358e-08 -8.931e-02  2.561e-05  1.513e-05  1.774e-07  4.189e-05 
 PARAMETER  CORRELATION COEFFICIENTS  
       NO.  GLOBAL      1      3      4      6      8      9     20     21     22     23     24
        1  0.28546   1.000 -0.089  0.050 -0.063 -0.069  0.002  0.183 -0.032  0.014  0.049 -0.124
        3  0.33704  -0.089  1.000  0.012  0.124 -0.138 -0.055 -0.244  0.120 -0.014  0.031  0.125
        4  0.18922   0.050  0.012  1.000  0.033  0.127  0.065 -0.012 -0.046  0.011  0.037 -0.020
        6  0.19250  -0.063  0.124  0.033  1.000 -0.026 -0.033 -0.116  0.110  0.070  0.070  0.132
        8  0.23724  -0.069 -0.138  0.127 -0.026  1.000  0.073 -0.012 -0.000  0.081 -0.034  0.007
        9  0.19215   0.002 -0.055  0.065 -0.033  0.073  1.000  0.151 -0.089 -0.062 -0.002 -0.062
       20  0.81207   0.183 -0.244 -0.012 -0.116 -0.012  0.151  1.000 -0.706 -0.486 -0.222 -0.652
       21  0.74188  -0.032  0.120 -0.046  0.110 -0.000 -0.089 -0.706  1.000  0.438  0.265  0.571
       22  0.53496   0.014 -0.014  0.011  0.070  0.081 -0.062 -0.486  0.438  1.000  0.187  0.364
       23  0.29804   0.049  0.031  0.037  0.070 -0.034 -0.002 -0.222  0.265  0.187  1.000  0.145
       24  0.67591  -0.124  0.125 -0.020  0.132  0.007 -0.062 -0.652  0.571  0.364  0.145  1.000
MINUIT - FIT ONLY 1-y
 **********
 **   51 **RES 
 **********
                   PARAMETER   16  beta_vw RESTORED TO VARIABLE.
                   PARAMETER   14  alpha_vw RESTORED TO VARIABLE.
                   PARAMETER   13  beta_y RESTORED TO VARIABLE.
                   PARAMETER   11  alpha_y RESTORED TO VARIABLE.
                   PARAMETER   10  beta_2CBO RESTORED TO VARIABLE.
 **********
 **   52 **FIX            0
 **********
 PARAMETER    0  IS UNDEFINED. IGNORED.
 **********
 **   53 **FIX            1
 **********
 **********
 **   54 **FIX            2
 **********
 PARAMETER    2  IS CONSTANT.   IGNORED.
 **********
 **   55 **FIX            3
 **********
 **********
 **   56 **FIX            4
 **********
 **********
 **   57 **FIX            5
 **********
 PARAMETER    5  IS CONSTANT.   IGNORED.
 **********
 **   58 **FIX            6
 **********
 **********
 **   59 **FIX            7
 **********
 PARAMETER    7  IS CONSTANT.   IGNORED.
 **********
 **   60 **FIX            8
 **********
 **********
 **   61 **FIX            9
 **********
 **********
 **   62 **FIX           13
 **********
 **********
 **   63 **FIX           14
 **********
 **********
 **   64 **FIX           15
 **********
 PARAMETER   15  IS CONSTANT.   IGNORED.
 **********
 **   65 **FIX           16
 **********
 **********
 **   66 **MIGRAD
 **********
 START MIGRAD MINIMIZATION.  STRATEGY  1.  CONVERGENCE WHEN EDM .LT. 1.00e-04
 FCN=49.0458 FROM MIGRAD    STATUS=INITIATE       16 CALLS        2576 TOTAL
                     EDM= unknown      STRATEGY= 1      NO ERROR MATRIX       
  EXT PARAMETER               CURRENT GUESS       STEP         FIRST   
  NO.   NAME      VALUE            ERROR          SIZE      DERIVATIVE 
   1  N0           3.41778e+06     fixed    
   2  tau          6.44063e+01   constant   
   3  A0           3.62038e-01     fixed    
   4  phi          4.12077e+00     fixed    
   5  R           -6.04192e+01   constant   
   6  alpha_CBO    3.04683e-03     fixed    
   7  w_CBO        2.32500e+00   constant   
   8  beta_CBO    -2.17312e-03     fixed    
   9  alpha_2CBO  -7.43703e-05     fixed    
  10  beta_2CBO    1.81375e-05   1.90402e-04   1.90402e-04   1.64842e+03
  11  alpha_y      0.00000e+00   1.00000e-03   1.00000e-03   3.01738e+03
  12  w_y          1.38860e+01   constant   
  13  beta_y      -9.61085e-05     fixed    
  14  alpha_vw     0.00000e+00     fixed    
  15  w_vw         1.43404e+01   constant   
  16  beta_vw      0.00000e+00     fixed    
  17  LM           8.43198e-05   constant   
  18  zeta_y       0.00000e+00   constant   
  19  zeta_vw      0.00000e+00   constant   
  20  T_CBO        7.15832e+01   2.11325e+01  -5.64500e-04  -2.92650e-03
  21  alpha_A0     7.98713e-03   1.51189e-02   7.15328e-03   3.36009e-04
  22  beta_A0      6.65655e-03   5.65336e-03   4.70142e-03   8.84373e-04
  23  alpha_phi    9.99992e-03   1.42572e-02   2.63678e-02  -3.02588e-04
  24  beta_phi     7.32730e-03   5.53953e-03   4.82872e-03   1.00918e-03
 MIGRAD MINIMIZATION HAS CONVERGED.
 MIGRAD WILL VERIFY CONVERGENCE AND ERROR MATRIX.
 COVARIANCE MATRIX CALCULATED SUCCESSFULLY
 FCN=48.9462 FROM MIGRAD    STATUS=CONVERGED     131 CALLS        2691 TOTAL
                     EDM=3.6304e-06    STRATEGY= 1      ERROR MATRIX ACCURATE 
  EXT PARAMETER                                   STEP         FIRST   
  NO.   NAME      VALUE            ERROR          SIZE      DERIVATIVE 
   1  N0           3.41778e+06     fixed    
   2  tau          6.44063e+01   constant   
   3  A0           3.62038e-01     fixed    
   4  phi          4.12077e+00     fixed    
   5  R           -6.04192e+01   constant   
   6  alpha_CBO    3.04683e-03     fixed    
   7  w_CBO        2.32500e+00   constant   
   8  beta_CBO    -2.17312e-03     fixed    
   9  alpha_2CBO  -7.43703e-05     fixed    
  10  beta_2CBO   -1.00071e-05   1.87131e-04   6.31401e-07  -8.31248e+00
  11  alpha_y     -5.05859e-05   1.84197e-04   6.35372e-07   6.38953e+00
  12  w_y          1.38860e+01   constant   
  13  beta_y      -9.61085e-05     fixed    
  14  alpha_vw     0.00000e+00     fixed    
  15  w_vw         1.43404e+01   constant   
  16  beta_vw      0.00000e+00     fixed    
  17  LM           8.43198e-05   constant   
  18  zeta_y       0.00000e+00   constant   
  19  zeta_vw      0.00000e+00   constant   
  20  T_CBO        7.17388e+01   2.02611e+01   1.72712e-04  -1.74940e-02
  21  alpha_A0     7.85697e-03   1.52017e-02   3.12921e-03  -1.79156e-03
  22  beta_A0      6.50410e-03   6.03429e-03   2.75965e-03   1.66408e-04
  23  alpha_phi    1.00000e-02   1.26593e-02   1.54873e-02** at limit **
  24  beta_phi     7.15230e-03   1.47071e-02   2.77569e-03   9.54922e-04
 EXTERNAL ERROR MATRIX.    NDIM=  25    NPAR=  7    ERR DEF=1
  3.502e-08 -5.959e-10 -2.794e-04  1.615e-07  1.902e-07 -1.576e-13  2.017e-07 
 -5.959e-10  3.393e-08  5.488e-05 -7.625e-09 -6.142e-09  2.988e-14  3.151e-09 
 -2.794e-04  5.488e-05  4.114e+02 -9.306e-02 -6.850e-02  4.609e-06 -8.954e-02 
  1.615e-07 -7.625e-09 -9.306e-02  5.161e-05  1.757e-05 -1.085e-09  2.287e-05 
  1.902e-07 -6.142e-09 -6.850e-02  1.757e-05  4.863e-05 -8.700e-10  1.648e-05 
 -1.576e-13  2.988e-14  4.609e-06 -1.085e-09 -8.700e-10  1.080e-11 -9.806e-10 
  2.017e-07  3.151e-09 -8.954e-02  2.287e-05  1.648e-05 -9.806e-10  5.133e-05 
 PARAMETER  CORRELATION COEFFICIENTS  
       NO.  GLOBAL     10     11     20     21     22     23     24
       10  0.20967   1.000 -0.017 -0.074  0.120  0.146 -0.000  0.150
       11  0.02840  -0.017  1.000  0.015 -0.006 -0.005  0.000  0.002
       20  0.76985  -0.074  0.015  1.000 -0.639 -0.484  0.069 -0.616
       21  0.64628   0.120 -0.006 -0.639  1.000  0.351 -0.046  0.444
       22  0.49920   0.146 -0.005 -0.484  0.351  1.000 -0.038  0.330
       23  0.06963  -0.000  0.000  0.069 -0.046 -0.038  1.000 -0.042
       24  0.62814   0.150  0.002 -0.616  0.444  0.330 -0.042  1.000
MINUIT - FIT ONLY 2-y
 **********
 **   67 **RES 
 **********
                   PARAMETER   16  beta_vw RESTORED TO VARIABLE.
                   PARAMETER   14  alpha_vw RESTORED TO VARIABLE.
                   PARAMETER   13  beta_y RESTORED TO VARIABLE.
                   PARAMETER    9  alpha_2CBO RESTORED TO VARIABLE.
                   PARAMETER    8  beta_CBO RESTORED TO VARIABLE.
                   PARAMETER    6  alpha_CBO RESTORED TO VARIABLE.
                   PARAMETER    4  phi RESTORED TO VARIABLE.
                   PARAMETER    3  A0 RESTORED TO VARIABLE.
                   PARAMETER    1  N0 RESTORED TO VARIABLE.
 **********
 **   68 **FIX            0
 **********
 PARAMETER    0  IS UNDEFINED. IGNORED.
 **********
 **   69 **FIX            1
 **********
 **********
 **   70 **FIX            2
 **********
 PARAMETER    2  IS CONSTANT.   IGNORED.
 **********
 **   71 **FIX            3
 **********
 **********
 **   72 **FIX            4
 **********
 **********
 **   73 **FIX            5
 **********
 PARAMETER    5  IS CONSTANT.   IGNORED.
 **********
 **   74 **FIX            6
 **********
 **********
 **   75 **FIX            7
 **********
 PARAMETER    7  IS CONSTANT.   IGNORED.
 **********
 **   76 **FIX            8
 **********
 **********
 **   77 **FIX            9
 **********
 **********
 **   78 **FIX           10
 **********
 **********
 **   79 **FIX           11
 **********
 **********
 **   80 **FIX           12
 **********
 PARAMETER   12  IS CONSTANT.   IGNORED.
 **********
 **   81 **FIX           16
 **********
 **********
 **   82 **MIGRAD
 **********
 START MIGRAD MINIMIZATION.  STRATEGY  1.  CONVERGENCE WHEN EDM .LT. 1.00e-04
 FCN=48.9462 FROM MIGRAD    STATUS=INITIATE       16 CALLS        2707 TOTAL
                     EDM= unknown      STRATEGY= 1      NO ERROR MATRIX       
  EXT PARAMETER               CURRENT GUESS       STEP         FIRST   
  NO.   NAME      VALUE            ERROR          SIZE      DERIVATIVE 
   1  N0           3.41778e+06     fixed    
   2  tau          6.44063e+01   constant   
   3  A0           3.62038e-01     fixed    
   4  phi          4.12077e+00     fixed    
   5  R           -6.04192e+01   constant   
   6  alpha_CBO    3.04683e-03     fixed    
   7  w_CBO        2.32500e+00   constant   
   8  beta_CBO    -2.17312e-03     fixed    
   9  alpha_2CBO  -7.43703e-05     fixed    
  10  beta_2CBO   -1.00071e-05     fixed    
  11  alpha_y     -5.05859e-05     fixed    
  12  w_y          1.38860e+01   constant   
  13  beta_y      -9.61085e-05   1.84460e-04   1.84460e-04  -1.56834e+03
  14  alpha_vw     0.00000e+00   1.00000e-03   1.00000e-03  -9.44907e+03
  15  w_vw         1.43404e+01   constant   
  16  beta_vw      0.00000e+00     fixed    
  17  LM           8.43198e-05   constant   
  18  zeta_y       0.00000e+00   constant   
  19  zeta_vw      0.00000e+00   constant   
  20  T_CBO        7.17388e+01   2.02611e+01   1.72712e-04  -1.75490e-02
  21  alpha_A0     7.85697e-03   1.52017e-02   3.12921e-03  -1.80574e-03
  22  beta_A0      6.50410e-03   6.03429e-03   2.75965e-03   1.65462e-04
  23  alpha_phi    9.99998e-03   1.26593e-02   1.54873e-02  -1.46364e-04
  24  beta_phi     7.15230e-03   1.47071e-02   2.77569e-03   9.43115e-04
 MIGRAD MINIMIZATION HAS CONVERGED.
 MIGRAD WILL VERIFY CONVERGENCE AND ERROR MATRIX.
 COVARIANCE MATRIX CALCULATED SUCCESSFULLY
 FCN=48.187 FROM MIGRAD    STATUS=CONVERGED     113 CALLS        2804 TOTAL
                     EDM=6.29817e-06    STRATEGY= 1      ERROR MATRIX ACCURATE 
  EXT PARAMETER                                   STEP         FIRST   
  NO.   NAME      VALUE            ERROR          SIZE      DERIVATIVE 
   1  N0           3.41778e+06     fixed    
   2  tau          6.44063e+01   constant   
   3  A0           3.62038e-01     fixed    
   4  phi          4.12077e+00     fixed    
   5  R           -6.04192e+01   constant   
   6  alpha_CBO    3.04683e-03     fixed    
   7  w_CBO        2.32500e+00   constant   
   8  beta_CBO    -2.17312e-03     fixed    
   9  alpha_2CBO  -7.43703e-05     fixed    
  10  beta_2CBO   -1.00071e-05     fixed    
  11  alpha_y     -5.05859e-05     fixed    
  12  w_y          1.38860e+01   constant   
  13  beta_y      -1.03347e-04   1.88650e-04   6.31425e-07  -2.63184e-01
  14  alpha_vw     1.61902e-04   1.88422e-04   6.30955e-07   3.52374e-02
  15  w_vw         1.43404e+01   constant   
  16  beta_vw      0.00000e+00     fixed    
  17  LM           8.43198e-05   constant   
  18  zeta_y       0.00000e+00   constant   
  19  zeta_vw      0.00000e+00   constant   
  20  T_CBO        7.17231e+01   2.02485e+01   1.71957e-04   9.82220e-03
  21  alpha_A0     7.85175e-03   1.51730e-02   3.01669e-03   2.15723e-03
  22  beta_A0      6.50394e-03   5.99628e-03   2.73709e-03   1.57128e-03
  23  alpha_phi    1.00000e-02   1.30661e-02   1.70405e-02** at limit **
  24  beta_phi     7.13821e-03   1.46471e-02   2.73154e-03   1.36335e-03
 EXTERNAL ERROR MATRIX.    NDIM=  25    NPAR=  7    ERR DEF=1
  3.559e-08 -7.438e-09 -3.429e-05 -1.105e-09  3.490e-08 -6.578e-16  2.083e-08 
 -7.438e-09  3.550e-08  5.922e-06 -3.788e-09 -7.221e-09  8.377e-16 -7.572e-09 
 -3.429e-05  5.922e-06  4.108e+02 -9.243e-02 -6.742e-02  4.465e-07 -8.825e-02 
 -1.105e-09 -3.788e-09 -9.243e-02  5.117e-05  1.684e-05 -1.053e-10  2.207e-05 
  3.490e-08 -7.221e-09 -6.742e-02  1.684e-05  4.776e-05 -8.432e-11  1.548e-05 
 -6.578e-16  8.377e-16  4.465e-07 -1.053e-10 -8.432e-11  8.779e-14 -9.485e-11 
  2.083e-08 -7.572e-09 -8.825e-02  2.207e-05  1.548e-05 -9.485e-11  5.026e-05 
 PARAMETER  CORRELATION COEFFICIENTS  
       NO.  GLOBAL     13     14     20     21     22     23     24
       13  0.21143   1.000 -0.209 -0.009 -0.001  0.027 -0.000  0.016
       14  0.20933  -0.209  1.000  0.002 -0.003 -0.006  0.000 -0.006
       20  0.76920  -0.009  0.002  1.000 -0.638 -0.481  0.074 -0.614
       21  0.64105  -0.001 -0.003 -0.638  1.000  0.341 -0.050  0.435
       22  0.48437   0.027 -0.006 -0.481  0.341  1.000 -0.041  0.316
       23  0.07467  -0.000  0.000  0.074 -0.050 -0.041  1.000 -0.045
       24  0.61724   0.016 -0.006 -0.614  0.435  0.316 -0.045  1.000
MINUIT - FIT ALTOGETHER
 **********
 **   83 **RES 
 **********
                   PARAMETER   16  beta_vw RESTORED TO VARIABLE.
