 + ++++++++++++++++++++++++++++++++++++++++++++++++++++++++++++++++++++ +
 +                                                                      +
 +           You have chose to blind your fitting according to          +
 +                omega_ref * (1 + (R +/- deltaR) *10^{-6})             +
 +                                                                      +
 + ++++++++++++++++++++++++++++++++++++++++++++++++++++++++++++++++++++ +
In main()...
reading format from /gm2data/zkhechad/run45/envelope/formats/formatB_sBin_constraintOn.txt
pBinTau 	= 0  
pBinPhi 	= 0  
constraintau 	= 1 
includeMopTerm 	= 0    
constrainMop    = 0   
Parameters after format file: pBinTau 0 pBinPhi 0 constraintau 1 includeMopTerm 0 constrainMop 0 c_e_scale 0.000000 
Opening file /gm2data/tbarrett/gm2fr/studies/run23_bunch_corrections/CorrectedFourier_Run3b.root.
reading full fit data from /gm2data/zkhechad/cboTemplates/Run4CBOTemplates/templateFits0_v2.0/noRF/sBin_constraintOn_cE0.0_seed0_noRF_calo13.root
windowBins = 69
fitting sliding window 2328 from bin 2464 at 367.479600 to bin 2533 at 377.923600 (69 bins)

Reading data from /gm2data/cornell/histograms/aMethod/histogram_a_noRF.root
 **********
 **    1 **SET PRINTOUT            1
 **********
 **********
 **    2 **SET NOWARNINGS 
 **********
 PARAMETER DEFINITIONS:
    NO.   NAME         VALUE      STEP SIZE      LIMITS
     1 N0           3.44933e+06  1.00000e+02     no limits
     2 tau          6.43680e+01  constant
     3 A0           3.52702e-01  1.00000e-04     no limits
     4 phi          4.13064e+00  1.00000e-02     no limits
     5 R           -6.08433e+01  constant
     6 alpha_CBO    0.00000e+00  1.00000e-03     no limits
     7 w_CBO        2.32500e+00  constant
     8 beta_CBO     0.00000e+00  1.00000e-03     no limits
     9 alpha_2CBO   0.00000e+00  1.00000e-03     no limits
    10 beta_2CBO    0.00000e+00  1.00000e-03     no limits
    11 alpha_y      0.00000e+00  1.00000e-03     no limits
    12 w_y          1.44500e+01  constant
    13 beta_y       0.00000e+00  1.00000e-03     no limits
    14 alpha_vw     0.00000e+00  1.00000e-03     no limits
    15 w_vw         1.29000e+01  constant
    16 beta_vw      0.00000e+00  1.00000e-03     no limits
    17 LM          -1.22211e-03  constant
    18 zeta_y       0.00000e+00  constant
    19 zeta_vw      0.00000e+00  constant
    20 T_CBO        1.00000e+02  1.00000e+00    0.00000e+00  1.00000e+03
    21 alpha_A0     0.00000e+00  1.00000e-03     no limits
    22 beta_A0      0.00000e+00  1.00000e-03     no limits
    23 alpha_phi    0.00000e+00  1.00000e-03     no limits
    24 beta_phi     0.00000e+00  1.00000e-03     no limits
MINUIT - FIT ONLY WIGGLE
 **********
 **    3 **FIX            5
 **********
 PARAMETER    5  IS CONSTANT.   IGNORED.
 **********
 **    4 **FIX            6
 **********
 **********
 **    5 **FIX            7
 **********
 PARAMETER    7  IS CONSTANT.   IGNORED.
 **********
 **    6 **FIX            8
 **********
 **********
 **    7 **FIX            9
 **********
 **********
 **    8 **FIX           10
 **********
 **********
 **    9 **FIX           11
 **********
 **********
 **   10 **FIX           12
 **********
 PARAMETER   12  IS CONSTANT.   IGNORED.
 **********
 **   11 **FIX           13
 **********
 **********
 **   12 **FIX           14
 **********
 **********
 **   13 **FIX           15
 **********
 PARAMETER   15  IS CONSTANT.   IGNORED.
 **********
 **   14 **FIX           16
 **********
 **********
 **   15 **MIGRAD
 **********
 FIRST CALL TO USER FUNCTION AT NEW START POINT, WITH IFLAG=4.
 START MIGRAD MINIMIZATION.  STRATEGY  1.  CONVERGENCE WHEN EDM .LT. 1.00e-04
 FCN=85.5317 FROM MIGRAD    STATUS=INITIATE      437 CALLS         438 TOTAL
                     EDM= unknown      STRATEGY= 1      NO ERROR MATRIX       
  EXT PARAMETER               CURRENT GUESS       STEP         FIRST   
  NO.   NAME      VALUE            ERROR          SIZE      DERIVATIVE 
   1  N0           3.44933e+06   1.00000e+02   0.00000e+00   1.14177e-03
   2  tau          6.43680e+01   constant   
   3  A0           3.52702e-01   1.00000e-04   0.00000e+00  -2.87181e+02
   4  phi          4.13064e+00   1.00000e-02   0.00000e+00  -8.11251e+02
   5  R           -6.08433e+01   constant   
   6  alpha_CBO    0.00000e+00     fixed    
   7  w_CBO        2.32500e+00   constant   
   8  beta_CBO     0.00000e+00     fixed    
   9  alpha_2CBO   0.00000e+00     fixed    
  10  beta_2CBO    0.00000e+00     fixed    
  11  alpha_y      0.00000e+00     fixed    
  12  w_y          1.44500e+01   constant   
  13  beta_y       0.00000e+00     fixed    
  14  alpha_vw     0.00000e+00     fixed    
  15  w_vw         1.29000e+01   constant   
  16  beta_vw      0.00000e+00     fixed    
  17  LM          -1.22211e-03   constant   
  18  zeta_y       0.00000e+00   constant   
  19  zeta_vw      0.00000e+00   constant   
  20  T_CBO        1.00000e+02   1.00000e+00   0.00000e+00   0.00000e+00
  21  alpha_A0     0.00000e+00   1.00000e-03   0.00000e+00  -8.89209e+00
  22  beta_A0      0.00000e+00   1.00000e-03   0.00000e+00  -3.84237e+01
  23  alpha_phi    0.00000e+00   1.00000e-03   0.00000e+00  -1.84190e+01
  24  beta_phi     0.00000e+00   1.00000e-03   0.00000e+00  -1.49163e+01
 CALL LIMIT EXCEEDED IN MIGRAD.
 MIGRAD TERMINATED WITHOUT CONVERGENCE.
 FCN=70.8761 FROM MIGRAD    STATUS=CALL LIMIT   1324 CALLS        1325 TOTAL
                     EDM=0.00158931    STRATEGY= 1  ERROR MATRIX UNCERTAINTY   1.6 per cent
  EXT PARAMETER                APPROXIMATE        STEP         FIRST   
  NO.   NAME      VALUE            ERROR          SIZE      DERIVATIVE 
   1  N0           3.44661e+06   2.68732e+03  -2.05232e+01   3.37104e-06
   2  tau          6.43680e+01   constant   
   3  A0           3.52844e-01   1.02501e-03  -4.76872e-06   8.60067e-01
   4  phi          4.13224e+00   2.96714e-03  -4.62714e-05  -3.84558e+00
   5  R           -6.08433e+01   constant   
   6  alpha_CBO    0.00000e+00     fixed    
   7  w_CBO        2.32500e+00   constant   
   8  beta_CBO     0.00000e+00     fixed    
   9  alpha_2CBO   0.00000e+00     fixed    
  10  beta_2CBO    0.00000e+00     fixed    
  11  alpha_y      0.00000e+00     fixed    
  12  w_y          1.44500e+01   constant   
  13  beta_y       0.00000e+00     fixed    
  14  alpha_vw     0.00000e+00     fixed    
  15  w_vw         1.29000e+01   constant   
  16  beta_vw      0.00000e+00     fixed    
  17  LM          -1.22211e-03   constant   
  18  zeta_y       0.00000e+00   constant   
  19  zeta_vw      0.00000e+00   constant   
  20  T_CBO        5.21491e+01   1.50504e+01  -3.10008e-03  -7.12282e+00
  21  alpha_A0     4.49450e+00   6.97245e+00   3.16809e-01  -1.86221e-02
  22  beta_A0      1.44363e+01   2.77260e+01   1.25413e+00  -1.51579e-02
  23  alpha_phi    5.66288e+00   1.27894e+01   5.75263e-01   7.29076e-03
  24  beta_phi     2.39718e+00   2.33217e+00   1.00996e-01  -1.27573e-02
 EXTERNAL ERROR MATRIX.    NDIM=  25    NPAR=  8    ERR DEF=1
  7.222e+06  2.409e-01  1.301e+00  3.196e+02 -3.819e+02 -1.691e+03 -9.307e+02  1.917e+02 
  2.409e-01  1.051e-06 -1.294e-07 -1.677e-03  6.761e-04  2.585e-03  1.164e-03  2.156e-04 
  1.301e+00 -1.294e-07  8.804e-06  2.502e-03 -2.123e-03 -9.098e-03 -4.446e-03 -2.838e-04 
  3.196e+02 -1.677e-03  2.502e-03  2.269e+02 -1.039e+02 -4.098e+02 -1.874e+02 -3.390e+01 
 -3.819e+02  6.761e-04 -2.123e-03 -1.039e+02  4.862e+01  1.928e+02  8.852e+01  1.545e+01 
 -1.691e+03  2.585e-03 -9.098e-03 -4.098e+02  1.928e+02  7.687e+02  3.541e+02  6.002e+01 
 -9.307e+02  1.164e-03 -4.446e-03 -1.874e+02  8.852e+01  3.541e+02  1.636e+02  2.710e+01 
  1.917e+02  2.156e-04 -2.838e-04 -3.390e+01  1.545e+01  6.002e+01  2.710e+01  5.439e+00 
ERR MATRIX APPROXIMATE
 PARAMETER  CORRELATION COEFFICIENTS  
       NO.  GLOBAL      1      3      4     20     21     22     23     24
        1  0.33806   1.000  0.087  0.163  0.008 -0.020 -0.023 -0.027  0.031
        3  0.23459   0.087  1.000 -0.043 -0.109  0.095  0.091  0.089  0.090
        4  0.37065   0.163 -0.043  1.000  0.056 -0.103 -0.111 -0.117 -0.041
       20  0.99307   0.008 -0.109  0.056  1.000 -0.989 -0.981 -0.973 -0.965
       21  0.99963  -0.020  0.095 -0.103 -0.989  1.000  0.997  0.993  0.950
       22  0.99992  -0.023  0.091 -0.111 -0.981  0.997  1.000  0.999  0.928
       23  0.99986  -0.027  0.089 -0.117 -0.973  0.993  0.999  1.000  0.909
       24  0.99518   0.031  0.090 -0.041 -0.965  0.950  0.928  0.909  1.000
 ERR MATRIX APPROXIMATE
MINUIT - FIT ONLY 1-CBO + wiggle
 **********
 **   16 **RES 
 **********
                   PARAMETER   16  beta_vw RESTORED TO VARIABLE.
                   PARAMETER   14  alpha_vw RESTORED TO VARIABLE.
                   PARAMETER   13  beta_y RESTORED TO VARIABLE.
                   PARAMETER   11  alpha_y RESTORED TO VARIABLE.
                   PARAMETER   10  beta_2CBO RESTORED TO VARIABLE.
                   PARAMETER    9  alpha_2CBO RESTORED TO VARIABLE.
                   PARAMETER    8  beta_CBO RESTORED TO VARIABLE.
                   PARAMETER    6  alpha_CBO RESTORED TO VARIABLE.
 **********
 **   17 **FIX            8
 **********
 **********
 **   18 **FIX            9
 **********
 **********
 **   19 **FIX           11
 **********
 **********
 **   20 **FIX           12
 **********
 PARAMETER   12  IS CONSTANT.   IGNORED.
 **********
 **   21 **FIX           14
 **********
 **********
 **   22 **FIX           15
 **********
 PARAMETER   15  IS CONSTANT.   IGNORED.
 **********
 **   23 **FIX           16
 **********
 **********
 **   24 **MIGRAD
 **********
 START MIGRAD MINIMIZATION.  STRATEGY  1.  CONVERGENCE WHEN EDM .LT. 1.00e-04
 FCN=70.8761 FROM MIGRAD    STATUS=INITIATE       28 CALLS        1353 TOTAL
                     EDM= unknown      STRATEGY= 1      NO ERROR MATRIX       
  EXT PARAMETER               CURRENT GUESS       STEP         FIRST   
  NO.   NAME      VALUE            ERROR          SIZE      DERIVATIVE 
   1  N0           3.44661e+06   2.68732e+03  -2.05232e+01   3.37104e-06
   2  tau          6.43680e+01   constant   
   3  A0           3.52844e-01   1.02501e-03  -4.76872e-06   8.60067e-01
   4  phi          4.13224e+00   2.96714e-03  -4.62714e-05  -3.84558e+00
   5  R           -6.08433e+01   constant   
   6  alpha_CBO    0.00000e+00   1.00000e-03   1.00000e-03   3.10067e+02
   7  w_CBO        2.32500e+00   constant   
   8  beta_CBO     0.00000e+00     fixed    
   9  alpha_2CBO   0.00000e+00     fixed    
  10  beta_2CBO    0.00000e+00   1.00000e-03   1.00000e-03   9.84712e+02
  11  alpha_y      0.00000e+00     fixed    
  12  w_y          1.44500e+01   constant   
  13  beta_y       0.00000e+00   1.00000e-03   1.00000e-03  -2.97770e+03
  14  alpha_vw     0.00000e+00     fixed    
  15  w_vw         1.29000e+01   constant   
  16  beta_vw      0.00000e+00     fixed    
  17  LM          -1.22211e-03   constant   
  18  zeta_y       0.00000e+00   constant   
  19  zeta_vw      0.00000e+00   constant   
  20  T_CBO        5.21491e+01   1.50504e+01  -3.10008e-03  -7.12283e+00
  21  alpha_A0     4.49450e+00   6.97245e+00   3.16809e-01  -1.86221e-02
  22  beta_A0      1.44363e+01   2.77260e+01   1.25413e+00  -1.51579e-02
  23  alpha_phi    5.66288e+00   1.27894e+01   5.75263e-01   7.29076e-03
  24  beta_phi     2.39718e+00   2.33217e+00   1.00996e-01  -1.27573e-02
 CALL LIMIT EXCEEDED IN MIGRAD.
 MIGRAD TERMINATED WITHOUT CONVERGENCE.
 FCN=67.8016 FROM MIGRAD    STATUS=CALL LIMIT   1914 CALLS        3239 TOTAL
                     EDM=0.00337798    STRATEGY= 1  ERROR MATRIX UNCERTAINTY  34.6 per cent
  EXT PARAMETER                APPROXIMATE        STEP         FIRST   
  NO.   NAME      VALUE            ERROR          SIZE      DERIVATIVE 
   1  N0           3.44659e+06   2.51388e+03  -6.46316e-01  -4.96711e-06
   2  tau          6.43680e+01   constant   
   3  A0           3.52847e-01   9.72564e-04   1.45778e-06   4.07596e+01
   4  phi          4.13184e+00   2.83455e-03  -6.21711e-06  -1.81245e+01
   5  R           -6.08433e+01   constant   
   6  alpha_CBO   -1.38762e-04   1.07448e-03   1.22906e-06   2.17450e+01
   7  w_CBO        2.32500e+00   constant   
   8  beta_CBO     0.00000e+00     fixed    
   9  alpha_2CBO   0.00000e+00     fixed    
  10  beta_2CBO   -5.82218e-04   1.08127e-03   2.01176e-07   2.42469e+00
  11  alpha_y      0.00000e+00     fixed    
  12  w_y          1.44500e+01   constant   
  13  beta_y       1.63129e-03   1.04751e-03   1.07938e-07   1.57930e+00
  14  alpha_vw     0.00000e+00     fixed    
  15  w_vw         1.29000e+01   constant   
  16  beta_vw      0.00000e+00     fixed    
  17  LM          -1.22211e-03   constant   
  18  zeta_y       0.00000e+00   constant   
  19  zeta_vw      0.00000e+00   constant   
  20  T_CBO        2.80337e+01   4.48248e+00  -3.39920e-04  -7.05539e+00
  21  alpha_A0     2.14607e+03   4.07912e+03   4.40856e+01   5.05182e-05
  22  beta_A0      6.96222e+03   1.37305e+04   1.48032e+02  -1.43166e-05
  23  alpha_phi    2.26687e+03   4.52250e+03   4.87097e+01  -7.03625e-05
  24  beta_phi     1.13727e+03   2.29145e+03   2.46822e+01   5.41359e-06
 EXTERNAL ERROR MATRIX.    NDIM=  25    NPAR= 11    ERR DEF=1
  6.320e+06 
  2.434e-01  9.459e-07 
  5.613e-01 -2.065e-08  8.035e-06 
  1.126e-01  4.742e-08 -4.905e-07  1.155e-06 
 -6.639e-02  4.383e-08  2.241e-07 -2.651e-08  1.169e-06 
  4.262e-03  2.073e-08  9.659e-09 -6.083e-09  1.417e-09  1.097e-06 
  5.794e+02 -7.240e-04  2.911e-03 -5.524e-04 -9.758e-05 -4.804e-05  2.010e+01 
 -4.638e+05  7.282e-01 -3.065e+00  6.216e-01  6.874e-02  4.855e-02 -1.815e+04  1.664e+07 
 -1.561e+06  2.455e+00 -1.033e+01  2.092e+00  2.298e-01  1.636e-01 -6.108e+04  5.601e+07  1.885e+08 
 -5.138e+05  8.090e-01 -3.402e+00  6.900e-01  7.673e-02  5.400e-02 -2.012e+04  1.845e+07  6.210e+07  2.045e+07 
 -2.602e+05  4.093e-01 -1.723e+00  3.494e-01  3.890e-02  2.730e-02 -1.019e+04  9.347e+06  3.146e+07  1.036e+07  5.251e+06 
ERR MATRIX APPROXIMATE
 PARAMETER  CORRELATION COEFFICIENTS  
       NO.  GLOBAL      1      3      4      6     10     13     20     21     22     23     24
        1  0.16452   1.000  0.100  0.079  0.042 -0.024  0.002  0.051 -0.045 -0.045 -0.045 -0.045
        3  0.28521   0.100  1.000 -0.007  0.045  0.042  0.020 -0.166  0.184  0.184  0.184  0.184
        4  0.42997   0.079 -0.007  1.000 -0.161  0.073  0.003  0.229 -0.265 -0.265 -0.265 -0.265
        6  0.32703   0.042  0.045 -0.161  1.000 -0.023 -0.005 -0.115  0.142  0.142  0.142  0.142
       10  0.23837  -0.024  0.042  0.073 -0.023  1.000  0.001 -0.020  0.016  0.015  0.016  0.016
       13  0.02841   0.002  0.020  0.003 -0.005  0.001  1.000 -0.010  0.011  0.011  0.011  0.011
       20  0.99615   0.051 -0.166  0.229 -0.115 -0.020 -0.010  1.000 -0.993 -0.992 -0.992 -0.992
       21  1.00000  -0.045  0.184 -0.265  0.142  0.016  0.011 -0.993  1.000  1.000  1.000  1.000
       22  1.00000  -0.045  0.184 -0.265  0.142  0.015  0.011 -0.992  1.000  1.000  1.000  1.000
       23  1.00000  -0.045  0.184 -0.265  0.142  0.016  0.011 -0.992  1.000  1.000  1.000  1.000
       24  1.00000  -0.045  0.184 -0.265  0.142  0.016  0.011 -0.992  1.000  1.000  1.000  1.000
 ERR MATRIX APPROXIMATE
MINUIT - FIT ONLY 2-CBO
 **********
 **   25 **RES 
 **********
                   PARAMETER   16  beta_vw RESTORED TO VARIABLE.
                   PARAMETER   14  alpha_vw RESTORED TO VARIABLE.
                   PARAMETER   11  alpha_y RESTORED TO VARIABLE.
                   PARAMETER    9  alpha_2CBO RESTORED TO VARIABLE.
                   PARAMETER    8  beta_CBO RESTORED TO VARIABLE.
 **********
 **   26 **FIX            0
 **********
 PARAMETER    0  IS UNDEFINED. IGNORED.
 **********
 **   27 **FIX            1
 **********
 **********
 **   28 **FIX            2
 **********
 PARAMETER    2  IS CONSTANT.   IGNORED.
 **********
 **   29 **FIX            3
 **********
 **********
 **   30 **FIX            4
 **********
 **********
 **   31 **FIX            5
 **********
 PARAMETER    5  IS CONSTANT.   IGNORED.
 **********
 **   32 **FIX            6
 **********
 **********
 **   33 **FIX            7
 **********
 PARAMETER    7  IS CONSTANT.   IGNORED.
 **********
 **   34 **FIX           10
 **********
 **********
 **   35 **FIX           11
 **********
 **********
 **   36 **FIX           12
 **********
 PARAMETER   12  IS CONSTANT.   IGNORED.
 **********
 **   37 **FIX           13
 **********
 **********
 **   38 **FIX           14
 **********
 **********
 **   39 **FIX           15
 **********
 PARAMETER   15  IS CONSTANT.   IGNORED.
 **********
 **   40 **FIX           16
 **********
 **********
 **   41 **MIGRAD
 **********
 START MIGRAD MINIMIZATION.  STRATEGY  1.  CONVERGENCE WHEN EDM .LT. 1.00e-04
 FCN=67.8016 FROM MIGRAD    STATUS=INITIATE       18 CALLS        3257 TOTAL
                     EDM= unknown      STRATEGY= 1      NO ERROR MATRIX       
  EXT PARAMETER               CURRENT GUESS       STEP         FIRST   
  NO.   NAME      VALUE            ERROR          SIZE      DERIVATIVE 
   1  N0           3.44659e+06     fixed    
   2  tau          6.43680e+01   constant   
   3  A0           3.52847e-01     fixed    
   4  phi          4.13184e+00     fixed    
   5  R           -6.08433e+01   constant   
   6  alpha_CBO   -1.38762e-04     fixed    
   7  w_CBO        2.32500e+00   constant   
   8  beta_CBO     0.00000e+00   1.00000e-03   1.00000e-03   5.14905e+03
   9  alpha_2CBO   0.00000e+00   1.00000e-03   1.00000e-03   1.08083e+02
  10  beta_2CBO   -5.82218e-04     fixed    
  11  alpha_y      0.00000e+00     fixed    
  12  w_y          1.44500e+01   constant   
  13  beta_y       1.63129e-03     fixed    
  14  alpha_vw     0.00000e+00     fixed    
  15  w_vw         1.29000e+01   constant   
  16  beta_vw      0.00000e+00     fixed    
  17  LM          -1.22211e-03   constant   
  18  zeta_y       0.00000e+00   constant   
  19  zeta_vw      0.00000e+00   constant   
  20  T_CBO        2.80337e+01   4.48248e+00  -3.39920e-04  -7.05538e+00
  21  alpha_A0     2.14607e+03   4.07912e+03   4.40856e+01   5.05182e-05
  22  beta_A0      6.96222e+03   1.37305e+04   1.48032e+02  -1.43166e-05
  23  alpha_phi    2.26687e+03   4.52250e+03   4.87097e+01  -7.03625e-05
  24  beta_phi     1.13727e+03   2.29145e+03   2.46822e+01   5.41359e-06
 CALL LIMIT EXCEEDED IN MIGRAD.
 MIGRAD TERMINATED WITHOUT CONVERGENCE.
 FCN=60.0225 FROM MIGRAD    STATUS=CALL LIMIT   1148 CALLS        4387 TOTAL
                     EDM=0.0031378    STRATEGY= 1  ERROR MATRIX UNCERTAINTY  36.9 per cent
  EXT PARAMETER                APPROXIMATE        STEP         FIRST   
  NO.   NAME      VALUE            ERROR          SIZE      DERIVATIVE 
   1  N0           3.44659e+06     fixed    
   2  tau          6.43680e+01   constant   
   3  A0           3.52847e-01     fixed    
   4  phi          4.13184e+00     fixed    
   5  R           -6.08433e+01   constant   
   6  alpha_CBO   -1.38762e-04     fixed    
   7  w_CBO        2.32500e+00   constant   
   8  beta_CBO    -2.90431e-03   1.05825e-03   6.40416e-06   2.98965e+01
   9  alpha_2CBO   2.63792e-05   1.06221e-03  -3.73919e-06  -2.61288e+01
  10  beta_2CBO   -5.82218e-04     fixed    
  11  alpha_y      0.00000e+00     fixed    
  12  w_y          1.44500e+01   constant   
  13  beta_y       1.63129e-03     fixed    
  14  alpha_vw     0.00000e+00     fixed    
  15  w_vw         1.29000e+01   constant   
  16  beta_vw      0.00000e+00     fixed    
  17  LM          -1.22211e-03   constant   
  18  zeta_y       0.00000e+00   constant   
  19  zeta_vw      0.00000e+00   constant   
  20  T_CBO        1.95271e+01   2.34568e+00   3.32901e-05   2.60386e+00
  21  alpha_A0     5.70661e+05   1.31836e+06   8.97008e+03   6.08889e-08
  22  beta_A0      1.93082e+06   4.34776e+06   2.92456e+04   4.72103e-08
  23  alpha_phi    7.42751e+05   1.70764e+06   1.16231e+04  -1.20703e-07
  24  beta_phi     2.26955e+05   5.40420e+05   3.77562e+03  -2.30656e-07
 EXTERNAL ERROR MATRIX.    NDIM=  25    NPAR=  7    ERR DEF=1
  1.120e-06  2.338e-08 -1.506e-04  1.214e+02  4.008e+02  1.573e+02  4.986e+01 
  2.338e-08  1.128e-06  1.163e-04 -7.504e+01 -2.469e+02 -9.661e+01 -3.105e+01 
 -1.506e-04  1.163e-04  5.503e+00 -3.058e+06 -1.009e+07 -3.961e+06 -1.253e+06 
  1.214e+02 -7.504e+01 -3.058e+06  1.738e+12  5.732e+12  2.251e+12  7.124e+11 
  4.008e+02 -2.469e+02 -1.009e+07  5.732e+12  1.890e+13  7.424e+12  2.350e+12 
  1.573e+02 -9.661e+01 -3.961e+06  2.251e+12  7.424e+12  2.916e+12  9.228e+11 
  4.986e+01 -3.105e+01 -1.253e+06  7.124e+11  2.350e+12  9.228e+11  2.921e+11 
ERR MATRIX APPROXIMATE
 PARAMETER  CORRELATION COEFFICIENTS  
       NO.  GLOBAL      8      9     20     21     22     23     24
        8  0.27882   1.000  0.021 -0.061  0.087  0.087  0.087  0.087
        9  0.20205   0.021  1.000  0.047 -0.054 -0.053 -0.053 -0.054
       20  0.99436  -0.061  0.047  1.000 -0.989 -0.989 -0.989 -0.988
       21  1.00000   0.087 -0.054 -0.989  1.000  1.000  1.000  1.000
       22  1.00000   0.087 -0.053 -0.989  1.000  1.000  1.000  1.000
       23  1.00000   0.087 -0.053 -0.989  1.000  1.000  1.000  1.000
       24  0.99998   0.087 -0.054 -0.988  1.000  1.000  1.000  1.000
 ERR MATRIX APPROXIMATE
MINUIT - FIT wiggle + 1-CBO + 2-CBO
 **********
 **   42 **RES 
 **********
                   PARAMETER   16  beta_vw RESTORED TO VARIABLE.
                   PARAMETER   14  alpha_vw RESTORED TO VARIABLE.
                   PARAMETER   13  beta_y RESTORED TO VARIABLE.
                   PARAMETER   11  alpha_y RESTORED TO VARIABLE.
                   PARAMETER   10  beta_2CBO RESTORED TO VARIABLE.
                   PARAMETER    6  alpha_CBO RESTORED TO VARIABLE.
                   PARAMETER    4  phi RESTORED TO VARIABLE.
                   PARAMETER    3  A0 RESTORED TO VARIABLE.
                   PARAMETER    1  N0 RESTORED TO VARIABLE.
 **********
 **   43 **FIX           10
 **********
 **********
 **   44 **FIX           11
 **********
 **********
 **   45 **FIX           12
 **********
 PARAMETER   12  IS CONSTANT.   IGNORED.
 **********
 **   46 **FIX           13
 **********
 **********
 **   47 **FIX           14
 **********
 **********
 **   48 **FIX           15
 **********
 PARAMETER   15  IS CONSTANT.   IGNORED.
 **********
 **   49 **FIX           16
 **********
 **********
 **   50 **MIGRAD
 **********
 START MIGRAD MINIMIZATION.  STRATEGY  1.  CONVERGENCE WHEN EDM .LT. 1.00e-04
 FCN=60.0225 FROM MIGRAD    STATUS=INITIATE       22 CALLS        4409 TOTAL
                     EDM= unknown      STRATEGY= 1      NO ERROR MATRIX       
  EXT PARAMETER               CURRENT GUESS       STEP         FIRST   
  NO.   NAME      VALUE            ERROR          SIZE      DERIVATIVE 
   1  N0           3.44659e+06   2.51388e+03   2.51388e+03  -6.70855e-06
   2  tau          6.43680e+01   constant   
   3  A0           3.52847e-01   9.72564e-04   9.72564e-04   1.22506e+03
   4  phi          4.13184e+00   2.83455e-03   2.83455e-03   1.38593e+02
   5  R           -6.08433e+01   constant   
   6  alpha_CBO   -1.38762e-04   1.07448e-03   1.07448e-03  -9.88362e+01
   7  w_CBO        2.32500e+00   constant   
   8  beta_CBO    -2.90431e-03   1.05825e-03   6.40416e-06   2.98965e+01
   9  alpha_2CBO   2.63792e-05   1.06221e-03  -3.73919e-06  -2.61288e+01
  10  beta_2CBO   -5.82218e-04     fixed    
  11  alpha_y      0.00000e+00     fixed    
  12  w_y          1.44500e+01   constant   
  13  beta_y       1.63129e-03     fixed    
  14  alpha_vw     0.00000e+00     fixed    
  15  w_vw         1.29000e+01   constant   
  16  beta_vw      0.00000e+00     fixed    
  17  LM          -1.22211e-03   constant   
  18  zeta_y       0.00000e+00   constant   
  19  zeta_vw      0.00000e+00   constant   
  20  T_CBO        1.95271e+01   2.34568e+00   3.32901e-05   2.60376e+00
  21  alpha_A0     5.70661e+05   1.31836e+06   8.97008e+03   6.08879e-08
  22  beta_A0      1.93082e+06   4.34776e+06   2.92456e+04   4.72098e-08
  23  alpha_phi    7.42751e+05   1.70764e+06   1.16231e+04  -1.20703e-07
  24  beta_phi     2.26955e+05   5.40420e+05   3.77562e+03  -2.30656e-07
 CALL LIMIT EXCEEDED IN MIGRAD.
 MIGRAD TERMINATED WITHOUT CONVERGENCE.
 FCN=59.318 FROM MIGRAD    STATUS=CALL LIMIT   1910 CALLS        6297 TOTAL
                     EDM=0.00541484    STRATEGY= 1  ERROR MATRIX UNCERTAINTY  30.3 per cent
  EXT PARAMETER                APPROXIMATE        STEP         FIRST   
  NO.   NAME      VALUE            ERROR          SIZE      DERIVATIVE 
   1  N0           3.44641e+06   2.63172e+03   2.28521e+01   1.93077e-06
   2  tau          6.43680e+01   constant   
   3  A0           3.52176e-01   1.03474e-03  -1.28178e-05  -1.44914e+01
   4  phi          4.13111e+00   2.93076e-03   4.28731e-05  -1.29471e+00
   5  R           -6.08433e+01   constant   
   6  alpha_CBO   -7.18490e-05   1.07141e-03   2.70003e-05   3.42827e+01
   7  w_CBO        2.32500e+00   constant   
   8  beta_CBO    -3.07384e-03   1.09531e-03   1.75783e-05   3.21322e+01
   9  alpha_2CBO   1.13072e-05   1.04066e-03   4.53968e-05   2.78744e+01
  10  beta_2CBO   -5.82218e-04     fixed    
  11  alpha_y      0.00000e+00     fixed    
  12  w_y          1.44500e+01   constant   
  13  beta_y       1.63129e-03     fixed    
  14  alpha_vw     0.00000e+00     fixed    
  15  w_vw         1.29000e+01   constant   
  16  beta_vw      0.00000e+00     fixed    
  17  LM          -1.22211e-03   constant   
  18  zeta_y       0.00000e+00   constant   
  19  zeta_vw      0.00000e+00   constant   
  20  T_CBO        1.47650e+01   1.48708e+00  -8.69312e-04  -5.86759e+01
  21  alpha_A0     2.93012e+08   6.21655e+08   4.21578e+07   2.52539e-10
  22  beta_A0      8.43418e+08   1.89075e+09   1.27931e+08  -4.95776e-10
  23  alpha_phi    3.54493e+08   7.55928e+08   5.12583e+07   1.39396e-10
  24  beta_phi     1.57974e+08   3.51641e+08   2.38062e+07  -2.08567e-10
 EXTERNAL ERROR MATRIX.    NDIM=  25    NPAR= 11    ERR DEF=1
  6.926e+06 
  1.626e-01  1.071e-06 
  8.316e-01 -1.447e-07  8.589e-06 
  9.170e-02  1.114e-07 -5.755e-07  1.148e-06 
  6.981e-02  2.562e-07  1.869e-07 -4.486e-08  1.200e-06 
  8.477e-02  5.986e-08  3.772e-09  9.933e-08  2.071e-08  1.083e-06 
 -8.377e+01  6.190e-05 -1.256e-04 -4.095e-05 -4.862e-05 -1.519e-04  2.212e+00 
  5.920e+10 -2.321e+04  2.100e+04  3.932e+04  4.203e+04  7.586e+04 -9.173e+08  3.865e+17 
  1.823e+11 -7.072e+04  6.807e+04  1.201e+05  1.289e+05  2.330e+05 -2.788e+09  1.175e+18  3.575e+18 
  7.254e+10 -2.805e+04  2.556e+04  4.785e+04  5.118e+04  9.237e+04 -1.115e+09  4.699e+17  1.429e+18  5.714e+17 
  3.428e+10 -1.328e+04  1.288e+04  2.225e+04  2.390e+04  4.315e+04 -5.186e+08  2.186e+17  6.649e+17  2.658e+17  1.237e+17 
ERR MATRIX APPROXIMATE
 PARAMETER  CORRELATION COEFFICIENTS  
       NO.  GLOBAL      1      3      4      6      8      9     20     21     22     23     24
        1  0.29198   1.000  0.060  0.108  0.033  0.024  0.031 -0.021  0.036  0.037  0.036  0.037
        3  0.33886   0.060  1.000 -0.048  0.100  0.226  0.056  0.040 -0.036 -0.036 -0.036 -0.037
        4  0.44213   0.108 -0.048  1.000 -0.183  0.058  0.001 -0.029  0.012  0.012  0.012  0.013
        6  0.41495   0.033  0.100 -0.183  1.000 -0.038  0.089 -0.026  0.059  0.059  0.059  0.059
        8  0.43825   0.024  0.226  0.058 -0.038  1.000  0.018 -0.030  0.062  0.062  0.062  0.062
        9  0.24019   0.031  0.056  0.001  0.089  0.018  1.000 -0.098  0.117  0.118  0.117  0.118
       20  0.99758  -0.021  0.040 -0.029 -0.026 -0.030 -0.098  1.000 -0.992 -0.992 -0.992 -0.992
       21  1.00000   0.036 -0.036  0.012  0.059  0.062  0.117 -0.992  1.000  1.000  1.000  1.000
       22  1.00000   0.037 -0.036  0.012  0.059  0.062  0.118 -0.992  1.000  1.000  1.000  1.000
       23  1.00000   0.036 -0.036  0.012  0.059  0.062  0.117 -0.992  1.000  1.000  1.000  1.000
       24  1.00000   0.037 -0.037  0.013  0.059  0.062  0.118 -0.992  1.000  1.000  1.000  1.000
 ERR MATRIX APPROXIMATE
MINUIT - FIT ONLY 1-y
 **********
 **   51 **RES 
 **********
                   PARAMETER   16  beta_vw RESTORED TO VARIABLE.
                   PARAMETER   14  alpha_vw RESTORED TO VARIABLE.
                   PARAMETER   13  beta_y RESTORED TO VARIABLE.
                   PARAMETER   11  alpha_y RESTORED TO VARIABLE.
                   PARAMETER   10  beta_2CBO RESTORED TO VARIABLE.
 **********
 **   52 **FIX            0
 **********
 PARAMETER    0  IS UNDEFINED. IGNORED.
 **********
 **   53 **FIX            1
 **********
 **********
 **   54 **FIX            2
 **********
 PARAMETER    2  IS CONSTANT.   IGNORED.
 **********
 **   55 **FIX            3
 **********
 **********
 **   56 **FIX            4
 **********
 **********
 **   57 **FIX            5
 **********
 PARAMETER    5  IS CONSTANT.   IGNORED.
 **********
 **   58 **FIX            6
 **********
 **********
 **   59 **FIX            7
 **********
 PARAMETER    7  IS CONSTANT.   IGNORED.
 **********
 **   60 **FIX            8
 **********
 **********
 **   61 **FIX            9
 **********
 **********
 **   62 **FIX           13
 **********
 **********
 **   63 **FIX           14
 **********
 **********
 **   64 **FIX           15
 **********
 PARAMETER   15  IS CONSTANT.   IGNORED.
 **********
 **   65 **FIX           16
 **********
 **********
 **   66 **MIGRAD
 **********
 START MIGRAD MINIMIZATION.  STRATEGY  1.  CONVERGENCE WHEN EDM .LT. 1.00e-04
 FCN=59.318 FROM MIGRAD    STATUS=INITIATE       16 CALLS        6313 TOTAL
                     EDM= unknown      STRATEGY= 1      NO ERROR MATRIX       
  EXT PARAMETER               CURRENT GUESS       STEP         FIRST   
  NO.   NAME      VALUE            ERROR          SIZE      DERIVATIVE 
   1  N0           3.44641e+06     fixed    
   2  tau          6.43680e+01   constant   
   3  A0           3.52176e-01     fixed    
   4  phi          4.13111e+00     fixed    
   5  R           -6.08433e+01   constant   
   6  alpha_CBO   -7.18490e-05     fixed    
   7  w_CBO        2.32500e+00   constant   
   8  beta_CBO    -3.07384e-03     fixed    
   9  alpha_2CBO   1.13072e-05     fixed    
  10  beta_2CBO   -5.82218e-04   1.08127e-03   1.08127e-03   2.30568e+02
  11  alpha_y      0.00000e+00   1.00000e-03   1.00000e-03  -1.78883e+03
  12  w_y          1.44500e+01   constant   
  13  beta_y       1.63129e-03     fixed    
  14  alpha_vw     0.00000e+00     fixed    
  15  w_vw         1.29000e+01   constant   
  16  beta_vw      0.00000e+00     fixed    
  17  LM          -1.22211e-03   constant   
  18  zeta_y       0.00000e+00   constant   
  19  zeta_vw      0.00000e+00   constant   
  20  T_CBO        1.47650e+01   1.48708e+00  -8.69312e-04  -5.86758e+01
  21  alpha_A0     2.93012e+08   6.21655e+08   4.21578e+07   2.52539e-10
  22  beta_A0      8.43418e+08   1.89075e+09   1.27931e+08  -4.95776e-10
  23  alpha_phi    3.54493e+08   7.55928e+08   5.12583e+07   1.39396e-10
  24  beta_phi     1.57974e+08   3.51641e+08   2.38062e+07  -2.08567e-10
 MIGRAD MINIMIZATION HAS CONVERGED.
 MIGRAD WILL VERIFY CONVERGENCE AND ERROR MATRIX.
 COVARIANCE MATRIX CALCULATED SUCCESSFULLY
 FCN=58.3796 FROM MIGRAD    STATUS=CONVERGED     147 CALLS        6444 TOTAL
                     EDM=5.78469e-07    STRATEGY= 1      ERROR MATRIX ACCURATE 
  EXT PARAMETER                                   STEP         FIRST   
  NO.   NAME      VALUE            ERROR          SIZE      DERIVATIVE 
   1  N0           3.44641e+06     fixed    
   2  tau          6.43680e+01   constant   
   3  A0           3.52176e-01     fixed    
   4  phi          4.13111e+00     fixed    
   5  R           -6.08433e+01   constant   
   6  alpha_CBO   -7.18490e-05     fixed    
   7  w_CBO        2.32500e+00   constant   
   8  beta_CBO    -3.07384e-03     fixed    
   9  alpha_2CBO   1.13072e-05     fixed    
  10  beta_2CBO   -7.53510e-04   1.06240e-03   3.99709e-06  -3.30145e-01
  11  alpha_y      1.01239e-03   1.06139e-03   3.99328e-06   1.91850e-01
  12  w_y          1.44500e+01   constant   
  13  beta_y       1.63129e-03     fixed    
  14  alpha_vw     0.00000e+00     fixed    
  15  w_vw         1.29000e+01   constant   
  16  beta_vw      0.00000e+00     fixed    
  17  LM          -1.22211e-03   constant   
  18  zeta_y       0.00000e+00   constant   
  19  zeta_vw      0.00000e+00   constant   
  20  T_CBO        1.47855e+01   1.90995e-01   5.95227e-06   6.28295e-01
  21  alpha_A0     2.60696e+08   1.41421e+00   1.24310e+02   6.46184e-13
  22  beta_A0      8.48308e+08   1.41421e+00   4.04505e+02  -4.23923e-11
  23  alpha_phi    3.16887e+08   1.41421e+00   1.51103e+02  -1.91570e-12
  24  beta_phi     1.58150e+08   1.41421e+00   7.54119e+01  -9.70464e-12
 EXTERNAL ERROR MATRIX.    NDIM=  25    NPAR=  7    ERR DEF=1
  1.129e-06 -1.113e-08 -1.567e-06  4.737e-13 -6.697e-13  1.196e-12  4.474e-13 
 -1.113e-08  1.127e-06 -1.455e-06 -6.424e-14  8.465e-14 -1.462e-13 -6.823e-14 
 -1.567e-06 -1.455e-06  3.648e-02 -2.812e-10 -1.033e-09 -5.323e-10 -3.960e-10 
  4.737e-13 -6.424e-14 -2.812e-10  2.000e+00  1.216e-15 -3.702e-17 -8.621e-17 
 -6.697e-13  8.465e-14 -1.033e-09  1.216e-15  2.000e+00 -7.528e-18 -7.695e-18 
  1.196e-12 -1.462e-13 -5.323e-10 -3.702e-17 -7.528e-18  2.000e+00 -8.106e-17 
  4.474e-13 -6.823e-14 -3.960e-10 -8.621e-17 -7.695e-18 -8.106e-17  2.000e+00 
 PARAMETER  CORRELATION COEFFICIENTS  
       NO.  GLOBAL     10     11     20     21     22     23     24
       10  0.01258   1.000 -0.010 -0.008  0.000 -0.000  0.000  0.000
       11  0.01225  -0.010  1.000 -0.007 -0.000  0.000 -0.000 -0.000
       20  0.01059  -0.008 -0.007  1.000 -0.000 -0.000 -0.000 -0.000
       21  0.00000   0.000 -0.000 -0.000  1.000  0.000 -0.000 -0.000
       22  0.00000  -0.000  0.000 -0.000  0.000  1.000 -0.000 -0.000
       23  0.00000   0.000 -0.000 -0.000 -0.000 -0.000  1.000 -0.000
       24  0.00000   0.000 -0.000 -0.000 -0.000 -0.000 -0.000  1.000
MINUIT - FIT ONLY 2-y
 **********
 **   67 **RES 
 **********
                   PARAMETER   16  beta_vw RESTORED TO VARIABLE.
                   PARAMETER   14  alpha_vw RESTORED TO VARIABLE.
                   PARAMETER   13  beta_y RESTORED TO VARIABLE.
                   PARAMETER    9  alpha_2CBO RESTORED TO VARIABLE.
                   PARAMETER    8  beta_CBO RESTORED TO VARIABLE.
                   PARAMETER    6  alpha_CBO RESTORED TO VARIABLE.
                   PARAMETER    4  phi RESTORED TO VARIABLE.
                   PARAMETER    3  A0 RESTORED TO VARIABLE.
                   PARAMETER    1  N0 RESTORED TO VARIABLE.
 **********
 **   68 **FIX            0
 **********
 PARAMETER    0  IS UNDEFINED. IGNORED.
 **********
 **   69 **FIX            1
 **********
 **********
 **   70 **FIX            2
 **********
 PARAMETER    2  IS CONSTANT.   IGNORED.
 **********
 **   71 **FIX            3
 **********
 **********
 **   72 **FIX            4
 **********
 **********
 **   73 **FIX            5
 **********
 PARAMETER    5  IS CONSTANT.   IGNORED.
 **********
 **   74 **FIX            6
 **********
 **********
 **   75 **FIX            7
 **********
 PARAMETER    7  IS CONSTANT.   IGNORED.
 **********
 **   76 **FIX            8
 **********
 **********
 **   77 **FIX            9
 **********
 **********
 **   78 **FIX           10
 **********
 **********
 **   79 **FIX           11
 **********
 **********
 **   80 **FIX           12
 **********
 PARAMETER   12  IS CONSTANT.   IGNORED.
 **********
 **   81 **FIX           16
 **********
 **********
 **   82 **MIGRAD
 **********
 START MIGRAD MINIMIZATION.  STRATEGY  1.  CONVERGENCE WHEN EDM .LT. 1.00e-04
 FCN=58.3796 FROM MIGRAD    STATUS=INITIATE       82 CALLS        6526 TOTAL
                     EDM= unknown      STRATEGY= 1      NO ERROR MATRIX       
  EXT PARAMETER               CURRENT GUESS       STEP         FIRST   
  NO.   NAME      VALUE            ERROR          SIZE      DERIVATIVE 
   1  N0           3.44641e+06     fixed    
   2  tau          6.43680e+01   constant   
   3  A0           3.52176e-01     fixed    
   4  phi          4.13111e+00     fixed    
   5  R           -6.08433e+01   constant   
   6  alpha_CBO   -7.18490e-05     fixed    
   7  w_CBO        2.32500e+00   constant   
   8  beta_CBO    -3.07384e-03     fixed    
   9  alpha_2CBO   1.13072e-05     fixed    
  10  beta_2CBO   -7.53510e-04     fixed    
  11  alpha_y      1.01239e-03     fixed    
  12  w_y          1.44500e+01   constant   
  13  beta_y       1.63129e-03   1.04751e-03   0.00000e+00   1.21944e+01
  14  alpha_vw     0.00000e+00   1.00000e-03   0.00000e+00  -2.15375e+03
  15  w_vw         1.29000e+01   constant   
  16  beta_vw      0.00000e+00     fixed    
  17  LM          -1.22211e-03   constant   
  18  zeta_y       0.00000e+00   constant   
  19  zeta_vw      0.00000e+00   constant   
  20  T_CBO        1.47855e+01   1.90995e-01   0.00000e+00   6.81798e-01
  21  alpha_A0     2.60644e+08   1.41421e+00   0.00000e+00   5.20251e-15
  22  beta_A0      8.48308e+08   1.41421e+00   0.00000e+00  -4.21406e-11
  23  alpha_phi    3.16887e+08   1.41421e+00   0.00000e+00  -1.74018e-12
  24  beta_phi     1.58226e+08   1.41421e+00   7.54119e+04  -8.58816e-12
 MIGRAD MINIMIZATION HAS CONVERGED.
 MIGRAD WILL VERIFY CONVERGENCE AND ERROR MATRIX.
 COVARIANCE MATRIX CALCULATED SUCCESSFULLY
 FCN=57.0984 FROM MIGRAD    STATUS=CONVERGED     194 CALLS        6638 TOTAL
                     EDM=4.02277e-06    STRATEGY= 1      ERROR MATRIX ACCURATE 
  EXT PARAMETER                                   STEP         FIRST   
  NO.   NAME      VALUE            ERROR          SIZE      DERIVATIVE 
   1  N0           3.44641e+06     fixed    
   2  tau          6.43680e+01   constant   
   3  A0           3.52176e-01     fixed    
   4  phi          4.13111e+00     fixed    
   5  R           -6.08433e+01   constant   
   6  alpha_CBO   -7.18490e-05     fixed    
   7  w_CBO        2.32500e+00   constant   
   8  beta_CBO    -3.07384e-03     fixed    
   9  alpha_2CBO   1.13072e-05     fixed    
  10  beta_2CBO   -7.53510e-04     fixed    
  11  alpha_y      1.01239e-03     fixed    
  12  w_y          1.44500e+01   constant   
  13  beta_y       1.55176e-03   1.04869e-03   3.89567e-06   4.10988e-02
  14  alpha_vw     1.18920e-03   1.05064e-03   3.90287e-06   1.10390e-04
  15  w_vw         1.29000e+01   constant   
  16  beta_vw      0.00000e+00     fixed    
  17  LM          -1.22211e-03   constant   
  18  zeta_y       0.00000e+00   constant   
  19  zeta_vw      0.00000e+00   constant   
  20  T_CBO        1.47872e+01   1.90532e-01   5.88614e-06   1.79657e+00
  21  alpha_A0     2.60636e+08   1.41421e+00   1.24281e+02   9.07439e-12
  22  beta_A0      8.49565e+08   1.41421e+00   4.05104e+02  -3.77813e-11
  23  alpha_phi    3.13901e+08   1.41421e+00   1.49680e+02  -1.09068e-11
  24  beta_phi     1.57929e+08   1.41421e+00   7.53062e+01   7.81712e-12
 EXTERNAL ERROR MATRIX.    NDIM=  25    NPAR=  7    ERR DEF=1
  1.100e-06 -6.742e-08  7.345e-07  5.356e-16 -4.361e-14  1.493e-13 -6.194e-14 
 -6.742e-08  1.104e-06  1.215e-06 -1.159e-14  2.135e-14 -4.054e-14 -2.007e-14 
  7.345e-07  1.215e-06  3.630e-02 -3.037e-10 -1.046e-09 -5.265e-10 -3.959e-10 
  5.356e-16 -1.159e-14 -3.037e-10  2.000e+00 -2.764e-15 -4.372e-17 -7.261e-17 
 -4.361e-14  2.135e-14 -1.046e-09 -2.764e-15  2.000e+00  6.260e-18 -1.171e-18 
  1.493e-13 -4.054e-14 -5.265e-10 -4.372e-17  6.260e-18  2.000e+00 -1.318e-17 
 -6.194e-14 -2.007e-14 -3.959e-10 -7.261e-17 -1.171e-18 -1.318e-17  2.000e+00 
 PARAMETER  CORRELATION COEFFICIENTS  
       NO.  GLOBAL     13     14     20     21     22     23     24
       13  0.06133   1.000 -0.061  0.004  0.000 -0.000  0.000 -0.000
       14  0.06152  -0.061  1.000  0.006 -0.000  0.000 -0.000 -0.000
       20  0.00730   0.004  0.006  1.000 -0.000 -0.000 -0.000 -0.000
       21  0.00000   0.000 -0.000 -0.000  1.000 -0.000 -0.000 -0.000
       22  0.00000  -0.000  0.000 -0.000 -0.000  1.000  0.000 -0.000
