 + ++++++++++++++++++++++++++++++++++++++++++++++++++++++++++++++++++++ +
 +                                                                      +
 +           You have chose to blind your fitting according to          +
 +                omega_ref * (1 + (R +/- deltaR) *10^{-6})             +
 +                                                                      +
 + ++++++++++++++++++++++++++++++++++++++++++++++++++++++++++++++++++++ +
In main()...
reading format from /gm2data/zkhechad/run45/envelope/formats/formatB_sBin_constraintOn.txt
pBinTau 	= 0  
pBinPhi 	= 0  
constraintau 	= 1 
includeMopTerm 	= 0    
constrainMop    = 0   
Parameters after format file: pBinTau 0 pBinPhi 0 constraintau 1 includeMopTerm 0 constrainMop 0 c_e_scale 0.000000 
Opening file /gm2data/tbarrett/gm2fr/studies/run23_bunch_corrections/CorrectedFourier_Run3b.root.
reading full fit data from /gm2data/zkhechad/cboTemplates/Run4CBOTemplates/fullFits/noRF/sBin_constraintOn_cE0.0_seed0_noRF_calo7.root
windowBins = 69
fitting sliding window 1960 from bin 2096 at 312.574000 to bin 2165 at 323.018000 (69 bins)

Reading data from /gm2data/cornell/histograms/aMethod/histogram_a_noRF.root
 **********
 **    1 **SET PRINTOUT            1
 **********
 **********
 **    2 **SET NOWARNINGS 
 **********
 PARAMETER DEFINITIONS:
    NO.   NAME         VALUE      STEP SIZE      LIMITS
     1 N0           3.03443e+06  1.00000e+02     no limits
     2 tau          6.44117e+01  constant
     3 A0           3.50188e-01  1.00000e-04     no limits
     4 phi          4.11726e+00  1.00000e-02     no limits
     5 R           -6.15857e+01  constant
     6 alpha_CBO    0.00000e+00  1.00000e-03     no limits
     7 w_CBO        2.32500e+00  constant
     8 beta_CBO     0.00000e+00  1.00000e-03     no limits
     9 alpha_2CBO   0.00000e+00  1.00000e-03     no limits
    10 beta_2CBO    0.00000e+00  1.00000e-03     no limits
    11 alpha_y      0.00000e+00  1.00000e-03     no limits
    12 w_y          1.38860e+01  constant
    13 beta_y       0.00000e+00  1.00000e-03     no limits
    14 alpha_vw     0.00000e+00  1.00000e-03     no limits
    15 w_vw         1.43404e+01  constant
    16 beta_vw      0.00000e+00  1.00000e-03     no limits
    17 LM           1.09700e-04  constant
    18 zeta_y       0.00000e+00  constant
    19 zeta_vw      0.00000e+00  constant
    20 T_CBO        1.00000e+02  1.00000e+00    0.00000e+00  1.00000e+03
    21 alpha_A0     0.00000e+00  1.00000e-04   -1.00000e-02  1.00000e-02
    22 beta_A0      0.00000e+00  1.00000e-04   -1.00000e-02  1.00000e-02
    23 alpha_phi    0.00000e+00  1.00000e-04   -1.00000e-02  1.00000e-02
    24 beta_phi     0.00000e+00  1.00000e-04   -1.00000e-02  1.00000e-02
MINUIT - FIT ONLY WIGGLE
 **********
 **    3 **FIX            5
 **********
 PARAMETER    5  IS CONSTANT.   IGNORED.
 **********
 **    4 **FIX            6
 **********
 **********
 **    5 **FIX            7
 **********
 PARAMETER    7  IS CONSTANT.   IGNORED.
 **********
 **    6 **FIX            8
 **********
 **********
 **    7 **FIX            9
 **********
 **********
 **    8 **FIX           10
 **********
 **********
 **    9 **FIX           11
 **********
 **********
 **   10 **FIX           12
 **********
 PARAMETER   12  IS CONSTANT.   IGNORED.
 **********
 **   11 **FIX           13
 **********
 **********
 **   12 **FIX           14
 **********
 **********
 **   13 **FIX           15
 **********
 PARAMETER   15  IS CONSTANT.   IGNORED.
 **********
 **   14 **FIX           16
 **********
 **********
 **   15 **MIGRAD
 **********
 FIRST CALL TO USER FUNCTION AT NEW START POINT, WITH IFLAG=4.
 START MIGRAD MINIMIZATION.  STRATEGY  1.  CONVERGENCE WHEN EDM .LT. 1.00e-04
 FCN=70.969 FROM MIGRAD    STATUS=INITIATE      437 CALLS         438 TOTAL
                     EDM= unknown      STRATEGY= 1      NO ERROR MATRIX       
  EXT PARAMETER               CURRENT GUESS       STEP         FIRST   
  NO.   NAME      VALUE            ERROR          SIZE      DERIVATIVE 
   1  N0           3.03443e+06   1.00000e+02   0.00000e+00  -2.16038e-03
   2  tau          6.44117e+01   constant   
   3  A0           3.50188e-01   1.00000e-04   0.00000e+00   1.48987e+03
   4  phi          4.11726e+00   1.00000e-02   0.00000e+00   2.57078e+03
   5  R           -6.15857e+01   constant   
   6  alpha_CBO    0.00000e+00     fixed    
   7  w_CBO        2.32500e+00   constant   
   8  beta_CBO     0.00000e+00     fixed    
   9  alpha_2CBO   0.00000e+00     fixed    
  10  beta_2CBO    0.00000e+00     fixed    
  11  alpha_y      0.00000e+00     fixed    
  12  w_y          1.38860e+01   constant   
  13  beta_y       0.00000e+00     fixed    
  14  alpha_vw     0.00000e+00     fixed    
  15  w_vw         1.43404e+01   constant   
  16  beta_vw      0.00000e+00     fixed    
  17  LM           1.09700e-04   constant   
  18  zeta_y       0.00000e+00   constant   
  19  zeta_vw      0.00000e+00   constant   
  20  T_CBO        1.00000e+02   1.00000e+00   0.00000e+00   0.00000e+00
  21  alpha_A0     0.00000e+00   1.00000e-04   0.00000e+00  -4.72473e-02
  22  beta_A0      0.00000e+00   1.00000e-04   0.00000e+00   1.94297e-01
  23  alpha_phi    0.00000e+00   1.00000e-04   0.00000e+00  -2.84248e-01
  24  beta_phi     0.00000e+00   1.00000e-04   0.00000e+00   6.54526e-01
 MIGRAD MINIMIZATION HAS CONVERGED.
 FCN=55.0915 FROM MIGRAD    STATUS=CONVERGED     756 CALLS         757 TOTAL
                     EDM=4.14884e-06    STRATEGY= 1  ERROR MATRIX UNCERTAINTY   1.6 per cent
  EXT PARAMETER                                   STEP         FIRST   
  NO.   NAME      VALUE            ERROR          SIZE      DERIVATIVE 
   1  N0           3.03715e+06   1.60440e+03   1.54223e+00   2.44859e-07
   2  tau          6.44117e+01   constant   
   3  A0           3.50040e-01   6.78318e-04  -3.57962e-07   1.21484e+00
   4  phi          4.11153e+00   2.05402e-03   1.06478e-05  -1.40308e+00
   5  R           -6.15857e+01   constant   
   6  alpha_CBO    0.00000e+00     fixed    
   7  w_CBO        2.32500e+00   constant   
   8  beta_CBO     0.00000e+00     fixed    
   9  alpha_2CBO   0.00000e+00     fixed    
  10  beta_2CBO    0.00000e+00     fixed    
  11  alpha_y      0.00000e+00     fixed    
  12  w_y          1.38860e+01   constant   
  13  beta_y       0.00000e+00     fixed    
  14  alpha_vw     0.00000e+00     fixed    
  15  w_vw         1.43404e+01   constant   
  16  beta_vw      0.00000e+00     fixed    
  17  LM           1.09700e-04   constant   
  18  zeta_y       0.00000e+00   constant   
  19  zeta_vw      0.00000e+00   constant   
  20  T_CBO        9.57801e+02   1.23995e+02   1.53700e-03  -1.26456e-03
  21  alpha_A0     8.36987e-04   3.95055e-03  -2.93498e-03  -5.09472e-03
  22  beta_A0     -3.33387e-03   3.87798e-03   9.93950e-04  -3.89801e-03
  23  alpha_phi    1.38302e-03   3.81608e-03  -5.79318e-04  -2.68900e-03
  24  beta_phi    -7.88436e-03   3.59707e-03   4.69204e-03   9.58133e-04
 EXTERNAL ERROR MATRIX.    NDIM=  25    NPAR=  8    ERR DEF=1
  2.574e+06 -6.892e-02 -3.822e-01 -4.386e+04 -5.157e-01  1.506e+00  1.309e+00  7.975e-01 
 -6.892e-02  4.601e-07  2.891e-08  1.030e-02  4.059e-07 -3.707e-07 -1.655e-07 -4.277e-07 
 -3.822e-01  2.891e-08  4.219e-06  3.665e-02 -2.739e-07 -1.125e-07 -7.690e-07  5.058e-07 
 -4.386e+04  1.030e-02  3.665e-02  1.785e+04 -2.797e-01 -1.172e-01  2.039e-01 -3.089e-02 
 -5.157e-01  4.059e-07 -2.739e-07 -2.797e-01  1.650e-05 -1.526e-06 -6.745e-07 -2.046e-06 
  1.506e+00 -3.707e-07 -1.125e-07 -1.172e-01 -1.526e-06  1.597e-05  3.963e-07  1.786e-06 
  1.309e+00 -1.655e-07 -7.690e-07  2.039e-01 -6.745e-07  3.963e-07  1.535e-05  1.278e-06 
  7.975e-01 -4.277e-07  5.058e-07 -3.089e-02 -2.046e-06  1.786e-06  1.278e-06  1.476e-05 
 PARAMETER  CORRELATION COEFFICIENTS  
       NO.  GLOBAL      1      3      4     20     21     22     23     24
        1  0.48376   1.000 -0.063 -0.116 -0.205 -0.079  0.235  0.208  0.129
        3  0.33888  -0.063  1.000  0.021  0.114  0.147 -0.137 -0.062 -0.164
        4  0.25668  -0.116  0.021  1.000  0.134 -0.033 -0.014 -0.096  0.064
       20  0.77871  -0.205  0.114  0.134  1.000 -0.515 -0.220  0.390 -0.060
       21  0.68007  -0.079  0.147 -0.033 -0.515  1.000 -0.094 -0.042 -0.131
       22  0.38524   0.235 -0.137 -0.014 -0.220 -0.094  1.000  0.025  0.116
       23  0.60813   0.208 -0.062 -0.096  0.390 -0.042  0.025  1.000  0.085
       24  0.29238   0.129 -0.164  0.064 -0.060 -0.131  0.116  0.085  1.000
MINUIT - FIT ONLY 1-CBO + wiggle
 **********
 **   16 **RES 
 **********
                   PARAMETER   16  beta_vw RESTORED TO VARIABLE.
                   PARAMETER   14  alpha_vw RESTORED TO VARIABLE.
                   PARAMETER   13  beta_y RESTORED TO VARIABLE.
                   PARAMETER   11  alpha_y RESTORED TO VARIABLE.
                   PARAMETER   10  beta_2CBO RESTORED TO VARIABLE.
                   PARAMETER    9  alpha_2CBO RESTORED TO VARIABLE.
                   PARAMETER    8  beta_CBO RESTORED TO VARIABLE.
                   PARAMETER    6  alpha_CBO RESTORED TO VARIABLE.
 **********
 **   17 **FIX            8
 **********
 **********
 **   18 **FIX            9
 **********
 **********
 **   19 **FIX           11
 **********
 **********
 **   20 **FIX           12
 **********
 PARAMETER   12  IS CONSTANT.   IGNORED.
 **********
 **   21 **FIX           14
 **********
 **********
 **   22 **FIX           15
 **********
 PARAMETER   15  IS CONSTANT.   IGNORED.
 **********
 **   23 **FIX           16
 **********
 **********
 **   24 **MIGRAD
 **********
 START MIGRAD MINIMIZATION.  STRATEGY  1.  CONVERGENCE WHEN EDM .LT. 1.00e-04
 FCN=55.0915 FROM MIGRAD    STATUS=INITIATE       28 CALLS         785 TOTAL
                     EDM= unknown      STRATEGY= 1      NO ERROR MATRIX       
  EXT PARAMETER               CURRENT GUESS       STEP         FIRST   
  NO.   NAME      VALUE            ERROR          SIZE      DERIVATIVE 
   1  N0           3.03715e+06   1.60440e+03   1.54223e+00   2.44859e-07
   2  tau          6.44117e+01   constant   
   3  A0           3.50040e-01   6.78318e-04  -3.57962e-07   1.21484e+00
   4  phi          4.11153e+00   2.05402e-03   1.06478e-05  -1.40308e+00
   5  R           -6.15857e+01   constant   
   6  alpha_CBO    0.00000e+00   1.00000e-03   1.00000e-03  -3.67901e+03
   7  w_CBO        2.32500e+00   constant   
   8  beta_CBO     0.00000e+00     fixed    
   9  alpha_2CBO   0.00000e+00     fixed    
  10  beta_2CBO    0.00000e+00   1.00000e-03   1.00000e-03  -2.23331e+03
  11  alpha_y      0.00000e+00     fixed    
  12  w_y          1.38860e+01   constant   
  13  beta_y       0.00000e+00   1.00000e-03   1.00000e-03   6.53691e+03
  14  alpha_vw     0.00000e+00     fixed    
  15  w_vw         1.43404e+01   constant   
  16  beta_vw      0.00000e+00     fixed    
  17  LM           1.09700e-04   constant   
  18  zeta_y       0.00000e+00   constant   
  19  zeta_vw      0.00000e+00   constant   
  20  T_CBO        9.57801e+02   1.23995e+02   1.53700e-03  -1.26189e-03
  21  alpha_A0     8.36987e-04   3.95055e-03  -2.93498e-03  -5.09471e-03
  22  beta_A0     -3.33387e-03   3.87798e-03   9.93950e-04   3.89802e-03
  23  alpha_phi    1.38302e-03   3.81608e-03  -5.79318e-04   2.68900e-03
  24  beta_phi    -7.88436e-03   3.59707e-03   4.69204e-03   9.57832e-04
 MIGRAD MINIMIZATION HAS CONVERGED.
 MIGRAD WILL VERIFY CONVERGENCE AND ERROR MATRIX.
 COVARIANCE MATRIX CALCULATED SUCCESSFULLY
 FCN=47.6187 FROM MIGRAD    STATUS=CONVERGED     254 CALLS        1011 TOTAL
                     EDM=1.54293e-06    STRATEGY= 1      ERROR MATRIX ACCURATE 
  EXT PARAMETER                                   STEP         FIRST   
  NO.   NAME      VALUE            ERROR          SIZE      DERIVATIVE 
   1  N0           3.03709e+06   1.59238e+03   4.89556e+00  -6.30577e-07
   2  tau          6.44117e+01   constant   
   3  A0           3.49858e-01   7.00110e-04   2.26848e-06   5.33476e-01
   4  phi          4.11157e+00   2.01283e-03   6.69544e-06   2.77168e-01
   5  R           -6.15857e+01   constant   
   6  alpha_CBO    9.39071e-04   7.28475e-04   2.39230e-06  -3.96488e-01
   7  w_CBO        2.32500e+00   constant   
   8  beta_CBO     0.00000e+00     fixed    
   9  alpha_2CBO   0.00000e+00     fixed    
  10  beta_2CBO    5.53049e-04   7.12243e-04   2.36102e-06  -6.30006e-01
  11  alpha_y      0.00000e+00     fixed    
  12  w_y          1.38860e+01   constant   
  13  beta_y      -1.56889e-03   6.95171e-04   2.36535e-06  -5.78049e-01
  14  alpha_vw     0.00000e+00     fixed    
  15  w_vw         1.43404e+01   constant   
  16  beta_vw      0.00000e+00     fixed    
  17  LM           1.09700e-04   constant   
  18  zeta_y       0.00000e+00   constant   
  19  zeta_vw      0.00000e+00   constant   
  20  T_CBO        9.99999e+02   9.68708e+02   1.00845e-01  -5.92717e-06
  21  alpha_A0    -6.46859e-04   3.94903e-03   1.32550e-03  -1.25322e-03
  22  beta_A0     -3.37159e-03   3.86841e-03   1.35999e-03   3.59903e-04
  23  alpha_phi    1.52511e-03   3.74437e-03   1.27431e-03   1.09227e-04
  24  beta_phi    -8.05531e-03   3.85561e-03   2.12602e-03   1.30892e-03
 EXTERNAL ERROR MATRIX.    NDIM=  25    NPAR= 11    ERR DEF=1
  2.536e+06 
 -9.682e-02  4.902e-07 
 -4.058e-01 -3.645e-08  4.051e-06 
 -8.059e-02 -1.027e-07 -6.180e-08  5.307e-07 
  3.355e-02  3.869e-09  7.106e-08 -1.142e-08  5.073e-07 
 -1.413e-02 -8.413e-10 -2.146e-08  7.359e-09 -2.389e-09  4.833e-07 
 -7.684e+00 -3.489e-05 -1.130e-04  4.364e-06 -6.502e-06  1.346e-06  1.068e+03 
 -5.969e-01  4.441e-07 -4.778e-07 -4.221e-07 -4.510e-07  5.976e-08 -4.225e-03  1.648e-05 
 -1.446e+00  3.330e-07  1.389e-07  4.171e-08 -1.411e-07  9.186e-11 -2.330e-02  2.091e-06  1.589e-05 
 -1.272e+00  2.228e-07  9.714e-07 -5.780e-08  1.977e-07 -1.481e-08  1.055e-02  3.163e-07  1.649e-07  1.475e-05 
  8.728e-01 -4.287e-07  4.854e-07  7.493e-08 -3.219e-07  1.833e-08 -5.567e-02 -6.888e-07 -6.110e-07 -1.646e-06  1.762e-05 
 PARAMETER  CORRELATION COEFFICIENTS  
       NO.  GLOBAL      1      3      4      6     10     13     20     21     22     23     24
        1  0.36203   1.000 -0.087 -0.127 -0.069  0.030 -0.013 -0.000 -0.092 -0.228 -0.208  0.131
        3  0.30706  -0.087  1.000 -0.026 -0.201  0.008 -0.002 -0.002  0.156  0.119  0.083 -0.146
        4  0.21318  -0.127 -0.026  1.000 -0.042  0.050 -0.015 -0.002 -0.058  0.017  0.126  0.057
        6  0.26387  -0.069 -0.201 -0.042  1.000 -0.022  0.015  0.000 -0.143  0.014 -0.021  0.025
       10  0.22808   0.030  0.008  0.050 -0.022  1.000 -0.005 -0.000 -0.156 -0.050  0.072 -0.108
       13  0.03518  -0.013 -0.002 -0.015  0.015 -0.005  1.000  0.000  0.021  0.000 -0.006  0.006
       20  0.45939  -0.000 -0.002 -0.002  0.000 -0.000  0.000  1.000 -0.032 -0.179  0.084 -0.406
       21  0.29022  -0.092  0.156 -0.058 -0.143 -0.156  0.021 -0.032  1.000  0.129  0.020 -0.040
       22  0.33198  -0.228  0.119  0.017  0.014 -0.050  0.000 -0.179  0.129  1.000  0.011 -0.037
       23  0.26975  -0.208  0.083  0.126 -0.021  0.072 -0.006  0.084  0.020  0.011  1.000 -0.102
       24  0.47474   0.131 -0.146  0.057  0.025 -0.108  0.006 -0.406 -0.040 -0.037 -0.102  1.000
MINUIT - FIT ONLY 2-CBO
 **********
 **   25 **RES 
 **********
                   PARAMETER   16  beta_vw RESTORED TO VARIABLE.
                   PARAMETER   14  alpha_vw RESTORED TO VARIABLE.
                   PARAMETER   11  alpha_y RESTORED TO VARIABLE.
                   PARAMETER    9  alpha_2CBO RESTORED TO VARIABLE.
                   PARAMETER    8  beta_CBO RESTORED TO VARIABLE.
 **********
 **   26 **FIX            0
 **********
 PARAMETER    0  IS UNDEFINED. IGNORED.
 **********
 **   27 **FIX            1
 **********
 **********
 **   28 **FIX            2
 **********
 PARAMETER    2  IS CONSTANT.   IGNORED.
 **********
 **   29 **FIX            3
 **********
 **********
 **   30 **FIX            4
 **********
 **********
 **   31 **FIX            5
 **********
 PARAMETER    5  IS CONSTANT.   IGNORED.
 **********
 **   32 **FIX            6
 **********
 **********
 **   33 **FIX            7
 **********
 PARAMETER    7  IS CONSTANT.   IGNORED.
 **********
 **   34 **FIX           10
 **********
 **********
 **   35 **FIX           11
 **********
 **********
 **   36 **FIX           12
 **********
 PARAMETER   12  IS CONSTANT.   IGNORED.
 **********
 **   37 **FIX           13
 **********
 **********
 **   38 **FIX           14
 **********
 **********
 **   39 **FIX           15
 **********
 PARAMETER   15  IS CONSTANT.   IGNORED.
 **********
 **   40 **FIX           16
 **********
 **********
 **   41 **MIGRAD
 **********
 START MIGRAD MINIMIZATION.  STRATEGY  1.  CONVERGENCE WHEN EDM .LT. 1.00e-04
 FCN=47.6187 FROM MIGRAD    STATUS=INITIATE       16 CALLS        1027 TOTAL
                     EDM= unknown      STRATEGY= 1      NO ERROR MATRIX       
  EXT PARAMETER               CURRENT GUESS       STEP         FIRST   
  NO.   NAME      VALUE            ERROR          SIZE      DERIVATIVE 
   1  N0           3.03709e+06     fixed    
   2  tau          6.44117e+01   constant   
   3  A0           3.49858e-01     fixed    
   4  phi          4.11157e+00     fixed    
   5  R           -6.15857e+01   constant   
   6  alpha_CBO    9.39071e-04     fixed    
   7  w_CBO        2.32500e+00   constant   
   8  beta_CBO     0.00000e+00   1.00000e-03   1.00000e-03   1.08108e+04
   9  alpha_2CBO   0.00000e+00   1.00000e-03   1.00000e-03   1.97286e+03
  10  beta_2CBO    5.53049e-04     fixed    
  11  alpha_y      0.00000e+00     fixed    
  12  w_y          1.38860e+01   constant   
  13  beta_y      -1.56889e-03     fixed    
  14  alpha_vw     0.00000e+00     fixed    
  15  w_vw         1.43404e+01   constant   
  16  beta_vw      0.00000e+00     fixed    
  17  LM           1.09700e-04   constant   
  18  zeta_y       0.00000e+00   constant   
  19  zeta_vw      0.00000e+00   constant   
  20  T_CBO        9.99999e+02   9.68708e+02   1.00845e-01  -6.50165e-06
  21  alpha_A0    -6.46859e-04   3.94903e-03   1.32550e-03  -1.25250e-03
  22  beta_A0     -3.37159e-03   3.86841e-03   1.35999e-03   3.63874e-04
  23  alpha_phi    1.52511e-03   3.74437e-03   1.27431e-03   1.07510e-04
  24  beta_phi    -8.05531e-03   3.85561e-03   2.12602e-03   1.32404e-03
 MIGRAD MINIMIZATION HAS CONVERGED.
 MIGRAD WILL VERIFY CONVERGENCE AND ERROR MATRIX.
 COVARIANCE MATRIX CALCULATED SUCCESSFULLY
 FCN=33.542 FROM MIGRAD    STATUS=CONVERGED     144 CALLS        1155 TOTAL
                     EDM=4.76199e-07    STRATEGY= 1      ERROR MATRIX ACCURATE 
  EXT PARAMETER                                   STEP         FIRST   
  NO.   NAME      VALUE            ERROR          SIZE      DERIVATIVE 
   1  N0           3.03709e+06     fixed    
   2  tau          6.44117e+01   constant   
   3  A0           3.49858e-01     fixed    
   4  phi          4.11157e+00     fixed    
   5  R           -6.15857e+01   constant   
   6  alpha_CBO    9.39071e-04     fixed    
   7  w_CBO        2.32500e+00   constant   
   8  beta_CBO    -2.53308e-03   6.87081e-04   1.95234e-06   2.65416e-01
   9  alpha_2CBO  -3.89564e-04   7.06269e-04   1.97723e-06   3.39228e-01
  10  beta_2CBO    5.53049e-04     fixed    
  11  alpha_y      0.00000e+00     fixed    
  12  w_y          1.38860e+01   constant   
  13  beta_y      -1.56889e-03     fixed    
  14  alpha_vw     0.00000e+00     fixed    
  15  w_vw         1.43404e+01   constant   
  16  beta_vw      0.00000e+00     fixed    
  17  LM           1.09700e-04   constant   
  18  zeta_y       0.00000e+00   constant   
  19  zeta_vw      0.00000e+00   constant   
  20  T_CBO        9.99987e+02   9.81818e+02   8.19556e-02  -1.66420e-05
  21  alpha_A0    -9.11254e-04   3.81192e-03   1.12017e-03   2.19119e-04
  22  beta_A0     -2.15202e-03   3.76642e-03   1.10531e-03   1.20341e-03
  23  alpha_phi    1.64233e-03   3.65749e-03   1.07632e-03   1.67738e-03
  24  beta_phi    -6.95480e-03   3.70040e-03   1.48057e-03   3.21860e-04
 EXTERNAL ERROR MATRIX.    NDIM=  25    NPAR=  7    ERR DEF=1
  4.721e-07 -1.890e-08 -5.811e-06  7.042e-08 -2.960e-07  4.441e-08 -1.596e-07 
 -1.890e-08  4.988e-07  7.493e-06 -1.141e-07  3.910e-07 -3.585e-07 -2.511e-07 
 -5.811e-06  7.493e-06  1.066e+04 -1.385e-02 -3.385e-02  2.602e-02 -1.101e-01 
  7.042e-08 -1.141e-07 -1.385e-02  1.530e-05  1.247e-06  2.199e-07 -3.838e-07 
 -2.960e-07  3.910e-07 -3.385e-02  1.247e-06  1.495e-05 -7.465e-07 -8.985e-07 
  4.441e-08 -3.585e-07  2.602e-02  2.199e-07 -7.465e-07  1.404e-05 -5.947e-07 
 -1.596e-07 -2.511e-07 -1.101e-01 -3.838e-07 -8.985e-07 -5.947e-07  1.511e-05 
 PARAMETER  CORRELATION COEFFICIENTS  
       NO.  GLOBAL      8      9     20     21     22     23     24
        8  0.13997   1.000 -0.039 -0.000  0.026 -0.111  0.017 -0.060
        9  0.21983  -0.039  1.000  0.000 -0.041  0.143 -0.135 -0.091
       20  0.30009  -0.000  0.000  1.000 -0.034 -0.085  0.067 -0.274
       21  0.11267   0.026 -0.041 -0.034  1.000  0.082  0.015 -0.025
       22  0.23121  -0.111  0.143 -0.085  0.082  1.000 -0.052 -0.060
       23  0.15898   0.017 -0.135  0.067  0.015 -0.052  1.000 -0.041
       24  0.30972  -0.060 -0.091 -0.274 -0.025 -0.060 -0.041  1.000
MINUIT - FIT wiggle + 1-CBO + 2-CBO
 **********
 **   42 **RES 
 **********
                   PARAMETER   16  beta_vw RESTORED TO VARIABLE.
                   PARAMETER   14  alpha_vw RESTORED TO VARIABLE.
                   PARAMETER   13  beta_y RESTORED TO VARIABLE.
                   PARAMETER   11  alpha_y RESTORED TO VARIABLE.
                   PARAMETER   10  beta_2CBO RESTORED TO VARIABLE.
                   PARAMETER    6  alpha_CBO RESTORED TO VARIABLE.
                   PARAMETER    4  phi RESTORED TO VARIABLE.
                   PARAMETER    3  A0 RESTORED TO VARIABLE.
                   PARAMETER    1  N0 RESTORED TO VARIABLE.
 **********
 **   43 **FIX           10
 **********
 **********
 **   44 **FIX           11
 **********
 **********
 **   45 **FIX           12
 **********
 PARAMETER   12  IS CONSTANT.   IGNORED.
 **********
 **   46 **FIX           13
 **********
 **********
 **   47 **FIX           14
 **********
 **********
 **   48 **FIX           15
 **********
 PARAMETER   15  IS CONSTANT.   IGNORED.
 **********
 **   49 **FIX           16
 **********
 **********
 **   50 **MIGRAD
 **********
 START MIGRAD MINIMIZATION.  STRATEGY  1.  CONVERGENCE WHEN EDM .LT. 1.00e-04
 FCN=33.542 FROM MIGRAD    STATUS=INITIATE       22 CALLS        1177 TOTAL
                     EDM= unknown      STRATEGY= 1      NO ERROR MATRIX       
  EXT PARAMETER               CURRENT GUESS       STEP         FIRST   
  NO.   NAME      VALUE            ERROR          SIZE      DERIVATIVE 
   1  N0           3.03709e+06   1.59238e+03   1.59238e+03   6.23432e-05
   2  tau          6.44117e+01   constant   
   3  A0           3.49858e-01   7.00110e-04   7.00110e-04   1.36789e+03
   4  phi          4.11157e+00   2.01283e-03   2.01283e-03  -8.00157e+02
   5  R           -6.15857e+01   constant   
   6  alpha_CBO    9.39071e-04   7.28475e-04   7.28475e-04   1.29174e+02
   7  w_CBO        2.32500e+00   constant   
   8  beta_CBO    -2.53308e-03   6.87081e-04   1.95234e-06   2.65416e-01
   9  alpha_2CBO  -3.89564e-04   7.06269e-04   1.97723e-06   3.39227e-01
  10  beta_2CBO    5.53049e-04     fixed    
  11  alpha_y      0.00000e+00     fixed    
  12  w_y          1.38860e+01   constant   
  13  beta_y      -1.56889e-03     fixed    
  14  alpha_vw     0.00000e+00     fixed    
  15  w_vw         1.43404e+01   constant   
  16  beta_vw      0.00000e+00     fixed    
  17  LM           1.09700e-04   constant   
  18  zeta_y       0.00000e+00   constant   
  19  zeta_vw      0.00000e+00   constant   
  20  T_CBO        9.99987e+02   9.81818e+02   8.19556e-02  -1.74576e-05
  21  alpha_A0    -9.11254e-04   3.81192e-03   1.12017e-03   2.19850e-04
  22  beta_A0     -2.15202e-03   3.76642e-03   1.10531e-03   1.20519e-03
  23  alpha_phi    1.64233e-03   3.65749e-03   1.07632e-03   1.67607e-03
  24  beta_phi    -6.95480e-03   3.70040e-03   1.48057e-03   3.29511e-04
 MIGRAD MINIMIZATION HAS CONVERGED.
 MIGRAD WILL VERIFY CONVERGENCE AND ERROR MATRIX.
 COVARIANCE MATRIX CALCULATED SUCCESSFULLY
 FCN=32.5799 FROM MIGRAD    STATUS=CONVERGED     223 CALLS        1378 TOTAL
                     EDM=9.56151e-06    STRATEGY= 1      ERROR MATRIX ACCURATE 
  EXT PARAMETER                                   STEP         FIRST   
  NO.   NAME      VALUE            ERROR          SIZE      DERIVATIVE 
   1  N0           3.03691e+06   1.59325e+03   4.06831e+00  -1.54614e-06
   2  tau          6.44117e+01   constant   
   3  A0           3.49496e-01   7.06863e-04   1.88555e-06   1.70284e+00
   4  phi          4.11334e+00   2.06428e-03   5.57051e-06  -6.18693e-01
   5  R           -6.15857e+01   constant   
   6  alpha_CBO    9.55439e-04   7.30895e-04   1.98815e-06   7.09430e-01
   7  w_CBO        2.32500e+00   constant   
   8  beta_CBO    -2.70507e-03   7.09228e-04   1.92504e-06  -8.82580e-01
   9  alpha_2CBO  -4.25077e-04   7.10449e-04   1.94957e-06  -7.07680e-01
  10  beta_2CBO    5.53049e-04     fixed    
  11  alpha_y      0.00000e+00     fixed    
  12  w_y          1.38860e+01   constant   
  13  beta_y      -1.56889e-03     fixed    
  14  alpha_vw     0.00000e+00     fixed    
  15  w_vw         1.43404e+01   constant   
  16  beta_vw      0.00000e+00     fixed    
  17  LM           1.09700e-04   constant   
  18  zeta_y       0.00000e+00   constant   
  19  zeta_vw      0.00000e+00   constant   
  20  T_CBO        9.99995e+02   5.77829e+02   6.58615e-02  -1.44568e-05
  21  alpha_A0    -1.37938e-03   3.91048e-03   1.11090e-03   3.38460e-03
  22  beta_A0     -2.19392e-03   3.87559e-03   1.09122e-03   4.21495e-03
  23  alpha_phi    1.94512e-03   3.76517e-03   1.06861e-03  -5.85391e-04
  24  beta_phi    -6.38158e-03   3.74772e-03   1.36021e-03  -1.03042e-03
 EXTERNAL ERROR MATRIX.    NDIM=  25    NPAR= 11    ERR DEF=1
  2.538e+06 
 -9.037e-02  4.997e-07 
 -4.347e-01 -7.858e-08  4.261e-06 
 -8.343e-02 -1.051e-07 -5.861e-08  5.342e-07 
  2.826e-02  6.075e-08 -3.230e-07  4.912e-09  5.030e-07 
  4.573e-02  3.392e-08 -3.429e-08 -4.387e-08 -1.337e-08  5.047e-07 
  4.149e+00 -1.979e-05 -7.369e-05  3.993e-06  1.291e-06  2.528e-06  2.793e+03 
 -5.577e-01  4.603e-07 -5.098e-07 -4.283e-07  1.483e-07 -6.396e-08 -7.895e-03  1.616e-05 
 -1.421e+00  3.248e-07  3.269e-07  3.688e-09 -2.891e-07  3.841e-07 -1.274e-02  1.767e-06  1.588e-05 
 -1.323e+00  1.943e-07  9.843e-07 -2.032e-08 -1.002e-08 -3.748e-07  1.122e-02  5.363e-07  1.356e-07  1.493e-05 
  8.495e-01 -4.702e-07  7.197e-07  8.880e-08 -2.606e-07 -2.738e-07 -3.710e-02 -1.120e-06 -1.792e-06 -9.045e-07  1.532e-05 
 PARAMETER  CORRELATION COEFFICIENTS  
       NO.  GLOBAL      1      3      4      6      8      9     20     21     22     23     24
        1  0.36348   1.000 -0.080 -0.132 -0.072  0.025  0.040  0.000 -0.087 -0.224 -0.215  0.136
        3  0.33352  -0.080  1.000 -0.054 -0.203  0.121  0.068 -0.001  0.162  0.115  0.071 -0.170
        4  0.30071  -0.132 -0.054  1.000 -0.039 -0.221 -0.023 -0.001 -0.061  0.040  0.123  0.089
        6  0.27530  -0.072 -0.203 -0.039  1.000  0.009 -0.084  0.000 -0.146  0.001 -0.007  0.031
        8  0.28246   0.025  0.121 -0.221  0.009  1.000 -0.027  0.000  0.052 -0.102 -0.004 -0.094
        9  0.24377   0.040  0.068 -0.023 -0.084 -0.027  1.000  0.000 -0.022  0.136 -0.137 -0.098
       20  0.20939   0.000 -0.001 -0.001  0.000  0.000  0.000  1.000 -0.037 -0.060  0.055 -0.179
       21  0.25317  -0.087  0.162 -0.061 -0.146  0.052 -0.022 -0.037  1.000  0.110  0.035 -0.071
       22  0.32803  -0.224  0.115  0.040  0.001 -0.102  0.136 -0.060  0.110  1.000  0.009 -0.115
       23  0.28565  -0.215  0.071  0.123 -0.007 -0.004 -0.137  0.055  0.035  0.009  1.000 -0.060
       24  0.32636   0.136 -0.170  0.089  0.031 -0.094 -0.098 -0.179 -0.071 -0.115 -0.060  1.000
MINUIT - FIT ONLY 1-y
 **********
 **   51 **RES 
 **********
                   PARAMETER   16  beta_vw RESTORED TO VARIABLE.
                   PARAMETER   14  alpha_vw RESTORED TO VARIABLE.
                   PARAMETER   13  beta_y RESTORED TO VARIABLE.
                   PARAMETER   11  alpha_y RESTORED TO VARIABLE.
                   PARAMETER   10  beta_2CBO RESTORED TO VARIABLE.
 **********
 **   52 **FIX            0
 **********
 PARAMETER    0  IS UNDEFINED. IGNORED.
 **********
 **   53 **FIX            1
 **********
 **********
 **   54 **FIX            2
 **********
 PARAMETER    2  IS CONSTANT.   IGNORED.
 **********
 **   55 **FIX            3
 **********
 **********
 **   56 **FIX            4
 **********
 **********
 **   57 **FIX            5
 **********
 PARAMETER    5  IS CONSTANT.   IGNORED.
 **********
 **   58 **FIX            6
 **********
 **********
 **   59 **FIX            7
 **********
 PARAMETER    7  IS CONSTANT.   IGNORED.
 **********
 **   60 **FIX            8
 **********
 **********
 **   61 **FIX            9
 **********
 **********
 **   62 **FIX           13
 **********
 **********
 **   63 **FIX           14
 **********
 **********
 **   64 **FIX           15
 **********
 PARAMETER   15  IS CONSTANT.   IGNORED.
 **********
 **   65 **FIX           16
 **********
 **********
 **   66 **MIGRAD
 **********
 START MIGRAD MINIMIZATION.  STRATEGY  1.  CONVERGENCE WHEN EDM .LT. 1.00e-04
 FCN=32.5799 FROM MIGRAD    STATUS=INITIATE       16 CALLS        1394 TOTAL
                     EDM= unknown      STRATEGY= 1      NO ERROR MATRIX       
  EXT PARAMETER               CURRENT GUESS       STEP         FIRST   
  NO.   NAME      VALUE            ERROR          SIZE      DERIVATIVE 
   1  N0           3.03691e+06     fixed    
   2  tau          6.44117e+01   constant   
   3  A0           3.49496e-01     fixed    
   4  phi          4.11334e+00     fixed    
   5  R           -6.15857e+01   constant   
   6  alpha_CBO    9.55439e-04     fixed    
   7  w_CBO        2.32500e+00   constant   
   8  beta_CBO    -2.70507e-03     fixed    
   9  alpha_2CBO  -4.25077e-04     fixed    
  10  beta_2CBO    5.53049e-04   7.12243e-04   7.12243e-04  -6.36538e+02
  11  alpha_y      0.00000e+00   1.00000e-03   1.00000e-03  -4.44413e+02
  12  w_y          1.38860e+01   constant   
  13  beta_y      -1.56889e-03     fixed    
  14  alpha_vw     0.00000e+00     fixed    
  15  w_vw         1.43404e+01   constant   
  16  beta_vw      0.00000e+00     fixed    
  17  LM           1.09700e-04   constant   
  18  zeta_y       0.00000e+00   constant   
  19  zeta_vw      0.00000e+00   constant   
  20  T_CBO        9.99995e+02   5.77829e+02   6.58615e-02  -1.47423e-05
  21  alpha_A0    -1.37938e-03   3.91048e-03   1.11090e-03   3.38567e-03
  22  beta_A0     -2.19392e-03   3.87559e-03   1.09122e-03   4.21661e-03
  23  alpha_phi    1.94512e-03   3.76517e-03   1.06861e-03  -5.86914e-04
  24  beta_phi    -6.38158e-03   3.74772e-03   1.36021e-03  -1.02405e-03
 MIGRAD MINIMIZATION HAS CONVERGED.
 MIGRAD WILL VERIFY CONVERGENCE AND ERROR MATRIX.
 COVARIANCE MATRIX CALCULATED SUCCESSFULLY
 FCN=32.5067 FROM MIGRAD    STATUS=CONVERGED     118 CALLS        1496 TOTAL
                     EDM=8.15529e-08    STRATEGY= 1      ERROR MATRIX ACCURATE 
  EXT PARAMETER                                   STEP         FIRST   
  NO.   NAME      VALUE            ERROR          SIZE      DERIVATIVE 
   1  N0           3.03691e+06     fixed    
   2  tau          6.44117e+01   constant   
   3  A0           3.49496e-01     fixed    
   4  phi          4.11334e+00     fixed    
   5  R           -6.15857e+01   constant   
   6  alpha_CBO    9.55439e-04     fixed    
   7  w_CBO        2.32500e+00   constant   
   8  beta_CBO    -2.70507e-03     fixed    
   9  alpha_2CBO  -4.25077e-04     fixed    
  10  beta_2CBO    7.11636e-04   7.10895e-04   1.96001e-06  -3.95068e-01
  11  alpha_y      1.02038e-04   6.88088e-04   1.94363e-06   1.07267e-01
  12  w_y          1.38860e+01   constant   
  13  beta_y      -1.56889e-03     fixed    
  14  alpha_vw     0.00000e+00     fixed    
  15  w_vw         1.43404e+01   constant   
  16  beta_vw      0.00000e+00     fixed    
  17  LM           1.09700e-04   constant   
  18  zeta_y       0.00000e+00   constant   
  19  zeta_vw      0.00000e+00   constant   
  20  T_CBO        1.00000e+03   5.23913e+02   7.16704e-02** at limit **
  21  alpha_A0    -1.52799e-03   3.85705e-03   1.11227e-03   1.91045e-04
  22  beta_A0     -2.24137e-03   3.71494e-03   1.09173e-03   2.84145e-04
  23  alpha_phi    2.01639e-03   3.63934e-03   1.06852e-03   6.40387e-04
  24  beta_phi    -6.47723e-03   3.69407e-03   1.37315e-03  -9.76197e-05
 EXTERNAL ERROR MATRIX.    NDIM=  25    NPAR=  7    ERR DEF=1
  5.054e-07 -1.009e-08 -1.847e-08 -4.429e-07 -1.219e-07  1.953e-07 -3.419e-07 
 -1.009e-08  4.735e-07 -5.397e-09 -2.213e-08 -2.448e-08  3.699e-08  5.408e-08 
 -1.847e-08 -5.397e-09  1.714e-02 -2.762e-05 -4.105e-05  3.677e-05 -1.187e-04 
 -4.429e-07 -2.213e-08 -2.762e-05  1.570e-05  1.508e-06 -8.318e-08 -6.859e-08 
 -1.219e-07 -2.448e-08 -4.105e-05  1.508e-06  1.453e-05 -4.978e-07 -8.087e-07 
  1.953e-07  3.699e-08  3.677e-05 -8.318e-08 -4.978e-07  1.390e-05 -8.827e-07 
 -3.419e-07  5.408e-08 -1.187e-04 -6.859e-08 -8.087e-07 -8.827e-07  1.487e-05 
 PARAMETER  CORRELATION COEFFICIENTS  
       NO.  GLOBAL     10     11     20     21     22     23     24
       10  0.22010   1.000 -0.021 -0.000 -0.157 -0.045  0.074 -0.125
       11  0.03493  -0.021  1.000 -0.000 -0.008 -0.009  0.014  0.020
       20  0.26792  -0.000 -0.000  1.000 -0.053 -0.082  0.075 -0.235
       21  0.19135  -0.157 -0.008 -0.053  1.000  0.100 -0.006 -0.004
       22  0.15520  -0.045 -0.009 -0.082  0.100  1.000 -0.035 -0.055
       23  0.11665   0.074  0.014  0.075 -0.006 -0.035  1.000 -0.061
       24  0.28246  -0.125  0.020 -0.235 -0.004 -0.055 -0.061  1.000
MINUIT - FIT ONLY 2-y
 **********
 **   67 **RES 
 **********
                   PARAMETER   16  beta_vw RESTORED TO VARIABLE.
                   PARAMETER   14  alpha_vw RESTORED TO VARIABLE.
                   PARAMETER   13  beta_y RESTORED TO VARIABLE.
                   PARAMETER    9  alpha_2CBO RESTORED TO VARIABLE.
                   PARAMETER    8  beta_CBO RESTORED TO VARIABLE.
                   PARAMETER    6  alpha_CBO RESTORED TO VARIABLE.
                   PARAMETER    4  phi RESTORED TO VARIABLE.
                   PARAMETER    3  A0 RESTORED TO VARIABLE.
                   PARAMETER    1  N0 RESTORED TO VARIABLE.
 **********
 **   68 **FIX            0
 **********
 PARAMETER    0  IS UNDEFINED. IGNORED.
 **********
 **   69 **FIX            1
 **********
 **********
 **   70 **FIX            2
 **********
 PARAMETER    2  IS CONSTANT.   IGNORED.
 **********
 **   71 **FIX            3
 **********
 **********
 **   72 **FIX            4
 **********
 **********
 **   73 **FIX            5
 **********
 PARAMETER    5  IS CONSTANT.   IGNORED.
 **********
 **   74 **FIX            6
 **********
 **********
 **   75 **FIX            7
 **********
 PARAMETER    7  IS CONSTANT.   IGNORED.
 **********
 **   76 **FIX            8
 **********
 **********
 **   77 **FIX            9
 **********
 **********
 **   78 **FIX           10
 **********
 **********
 **   79 **FIX           11
 **********
 **********
 **   80 **FIX           12
 **********
 PARAMETER   12  IS CONSTANT.   IGNORED.
 **********
 **   81 **FIX           16
 **********
 **********
 **   82 **MIGRAD
 **********
 START MIGRAD MINIMIZATION.  STRATEGY  1.  CONVERGENCE WHEN EDM .LT. 1.00e-04
 FCN=32.5067 FROM MIGRAD    STATUS=INITIATE       16 CALLS        1512 TOTAL
                     EDM= unknown      STRATEGY= 1      NO ERROR MATRIX       
  EXT PARAMETER               CURRENT GUESS       STEP         FIRST   
  NO.   NAME      VALUE            ERROR          SIZE      DERIVATIVE 
   1  N0           3.03691e+06     fixed    
   2  tau          6.44117e+01   constant   
   3  A0           3.49496e-01     fixed    
   4  phi          4.11334e+00     fixed    
   5  R           -6.15857e+01   constant   
   6  alpha_CBO    9.55439e-04     fixed    
   7  w_CBO        2.32500e+00   constant   
   8  beta_CBO    -2.70507e-03     fixed    
   9  alpha_2CBO  -4.25077e-04     fixed    
  10  beta_2CBO    7.11636e-04     fixed    
  11  alpha_y      1.02038e-04     fixed    
  12  w_y          1.38860e+01   constant   
  13  beta_y      -1.56889e-03   6.95171e-04   6.95171e-04   5.59612e+01
  14  alpha_vw     0.00000e+00   1.00000e-03   1.00000e-03  -1.06106e+03
  15  w_vw         1.43404e+01   constant   
  16  beta_vw      0.00000e+00     fixed    
  17  LM           1.09700e-04   constant   
  18  zeta_y       0.00000e+00   constant   
  19  zeta_vw      0.00000e+00   constant   
  20  T_CBO        9.99999e+02   5.23913e+02   7.16704e-02  -6.56161e-06
  21  alpha_A0    -1.52799e-03   3.85705e-03   1.11227e-03   1.92871e-04
  22  beta_A0     -2.24137e-03   3.71494e-03   1.09173e-03   2.87000e-04
  23  alpha_phi    2.01639e-03   3.63934e-03   1.06852e-03   6.38075e-04
  24  beta_phi    -6.47723e-03   3.69407e-03   1.37315e-03  -9.43154e-05
 MIGRAD MINIMIZATION HAS CONVERGED.
 MIGRAD WILL VERIFY CONVERGENCE AND ERROR MATRIX.
 COVARIANCE MATRIX CALCULATED SUCCESSFULLY
 FCN=32.3706 FROM MIGRAD    STATUS=CONVERGED      98 CALLS        1594 TOTAL
                     EDM=4.60063e-07    STRATEGY= 1      ERROR MATRIX ACCURATE 
  EXT PARAMETER                                   STEP         FIRST   
  NO.   NAME      VALUE            ERROR          SIZE      DERIVATIVE 
   1  N0           3.03691e+06     fixed    
   2  tau          6.44117e+01   constant   
   3  A0           3.49496e-01     fixed    
   4  phi          4.11334e+00     fixed    
   5  R           -6.15857e+01   constant   
   6  alpha_CBO    9.55439e-04     fixed    
   7  w_CBO        2.32500e+00   constant   
   8  beta_CBO    -2.70507e-03     fixed    
   9  alpha_2CBO  -4.25077e-04     fixed    
  10  beta_2CBO    7.11636e-04     fixed    
  11  alpha_y      1.02038e-04     fixed    
  12  w_y          1.38860e+01   constant   
  13  beta_y      -1.60029e-03   6.96668e-04   1.95966e-06   2.52214e-01
  14  alpha_vw     2.54700e-04   6.91604e-04   1.94575e-06   1.37060e-02
  15  w_vw         1.43404e+01   constant   
  16  beta_vw      0.00000e+00     fixed    
  17  LM           1.09700e-04   constant   
  18  zeta_y       0.00000e+00   constant   
  19  zeta_vw      0.00000e+00   constant   
  20  T_CBO        1.00000e+03   6.97981e+02   5.45092e-02** at limit **
  21  alpha_A0    -1.54332e-03   3.80996e-03   1.10991e-03   9.33262e-04
  22  beta_A0     -2.22943e-03   3.70581e-03   1.08992e-03  -6.63350e-04
  23  alpha_phi    2.01187e-03   3.62494e-03   1.06652e-03  -8.29803e-04
  24  beta_phi    -6.49136e-03   3.62294e-03   1.36861e-03   1.52409e-03
 EXTERNAL ERROR MATRIX.    NDIM=  25    NPAR=  7    ERR DEF=1
  4.853e-07 -3.371e-08  3.134e-11  5.951e-08 -1.036e-08 -1.492e-08  2.616e-08 
 -3.371e-08  4.783e-07 -1.289e-11 -2.667e-08  2.327e-08 -7.364e-09 -2.810e-08 
  3.134e-11 -1.289e-11  2.677e-06 -2.554e-07 -3.740e-07  3.357e-07 -1.088e-06 
  5.951e-08 -2.667e-08 -2.554e-07  1.530e-05  1.367e-06  1.166e-07 -4.483e-07 
 -1.036e-08  2.327e-08 -3.740e-07  1.367e-06  1.445e-05 -4.074e-07 -1.023e-06 
 -1.492e-08 -7.364e-09  3.357e-07  1.166e-07 -4.074e-07  1.379e-05 -6.366e-07 
  2.616e-08 -2.810e-08 -1.088e-06 -4.483e-07 -1.023e-06 -6.366e-07  1.426e-05 
 PARAMETER  CORRELATION COEFFICIENTS  
       NO.  GLOBAL     13     14     20     21     22     23     24
       13  0.07417   1.000 -0.070  0.000  0.022 -0.004 -0.006  0.010
       14  0.07183  -0.070  1.000 -0.000 -0.010  0.009 -0.003 -0.011
       20  0.19979   0.000 -0.000  1.000 -0.040 -0.060  0.055 -0.176
       21  0.10630   0.022 -0.010 -0.040  1.000  0.092  0.008 -0.030
       22  0.13772  -0.004  0.009 -0.060  0.092  1.000 -0.029 -0.071
       23  0.07324  -0.006 -0.003  0.055  0.008 -0.029  1.000 -0.045
