 + ++++++++++++++++++++++++++++++++++++++++++++++++++++++++++++++++++++ +
 +                                                                      +
 +           You have chose to blind your fitting according to          +
 +                omega_ref * (1 + (R +/- deltaR) *10^{-6})             +
 +                                                                      +
 + ++++++++++++++++++++++++++++++++++++++++++++++++++++++++++++++++++++ +
In main()...
reading format from /gm2data/zkhechad/run45/envelope/formats/formatB_sBin_constraintOn.txt
pBinTau 	= 0  
pBinPhi 	= 0  
constraintau 	= 1 
includeMopTerm 	= 0    
constrainMop    = 0   
Parameters after format file: pBinTau 0 pBinPhi 0 constraintau 1 includeMopTerm 0 constrainMop 0 c_e_scale 0.000000 
Opening file /gm2data/tbarrett/gm2fr/studies/run23_bunch_corrections/CorrectedFourier_Run3b.root.
reading full fit data from /gm2data/zkhechad/cboTemplates/Run4CBOTemplates/templateFits0_v2.0/noRF/sBin_constraintOn_cE0.0_seed0_noRF_calo24.root
windowBins = 69
fitting sliding window 1978 from bin 2114 at 315.259600 to bin 2183 at 325.703600 (69 bins)

Reading data from /gm2data/cornell/histograms/aMethod/histogram_a_noRF.root
 **********
 **    1 **SET PRINTOUT            1
 **********
 **********
 **    2 **SET NOWARNINGS 
 **********
 PARAMETER DEFINITIONS:
    NO.   NAME         VALUE      STEP SIZE      LIMITS
     1 N0           3.17742e+06  1.00000e+02     no limits
     2 tau          6.44362e+01  constant
     3 A0           3.64954e-01  1.00000e-04     no limits
     4 phi          4.11955e+00  1.00000e-02     no limits
     5 R           -6.08502e+01  constant
     6 alpha_CBO    0.00000e+00  1.00000e-03     no limits
     7 w_CBO        2.32500e+00  constant
     8 beta_CBO     0.00000e+00  1.00000e-03     no limits
     9 alpha_2CBO   0.00000e+00  1.00000e-03     no limits
    10 beta_2CBO    0.00000e+00  1.00000e-03     no limits
    11 alpha_y      0.00000e+00  1.00000e-03     no limits
    12 w_y          1.44500e+01  constant
    13 beta_y       0.00000e+00  1.00000e-03     no limits
    14 alpha_vw     0.00000e+00  1.00000e-03     no limits
    15 w_vw         1.29000e+01  constant
    16 beta_vw      0.00000e+00  1.00000e-03     no limits
    17 LM           1.15487e-03  constant
    18 zeta_y       0.00000e+00  constant
    19 zeta_vw      0.00000e+00  constant
    20 T_CBO        1.00000e+02  1.00000e+00    0.00000e+00  1.00000e+03
    21 alpha_A0     0.00000e+00  1.00000e-03     no limits
    22 beta_A0      0.00000e+00  1.00000e-03     no limits
    23 alpha_phi    0.00000e+00  1.00000e-03     no limits
    24 beta_phi     0.00000e+00  1.00000e-03     no limits
MINUIT - FIT ONLY WIGGLE
 **********
 **    3 **FIX            5
 **********
 PARAMETER    5  IS CONSTANT.   IGNORED.
 **********
 **    4 **FIX            6
 **********
 **********
 **    5 **FIX            7
 **********
 PARAMETER    7  IS CONSTANT.   IGNORED.
 **********
 **    6 **FIX            8
 **********
 **********
 **    7 **FIX            9
 **********
 **********
 **    8 **FIX           10
 **********
 **********
 **    9 **FIX           11
 **********
 **********
 **   10 **FIX           12
 **********
 PARAMETER   12  IS CONSTANT.   IGNORED.
 **********
 **   11 **FIX           13
 **********
 **********
 **   12 **FIX           14
 **********
 **********
 **   13 **FIX           15
 **********
 PARAMETER   15  IS CONSTANT.   IGNORED.
 **********
 **   14 **FIX           16
 **********
 **********
 **   15 **MIGRAD
 **********
 FIRST CALL TO USER FUNCTION AT NEW START POINT, WITH IFLAG=4.
 START MIGRAD MINIMIZATION.  STRATEGY  1.  CONVERGENCE WHEN EDM .LT. 1.00e-04
 FCN=93.6415 FROM MIGRAD    STATUS=INITIATE      437 CALLS         438 TOTAL
                     EDM= unknown      STRATEGY= 1      NO ERROR MATRIX       
  EXT PARAMETER               CURRENT GUESS       STEP         FIRST   
  NO.   NAME      VALUE            ERROR          SIZE      DERIVATIVE 
   1  N0           3.17742e+06   1.00000e+02   0.00000e+00  -1.14270e-04
   2  tau          6.44362e+01   constant   
   3  A0           3.64954e-01   1.00000e-04   0.00000e+00  -5.12553e+03
   4  phi          4.11955e+00   1.00000e-02   0.00000e+00   1.28668e+03
   5  R           -6.08502e+01   constant   
   6  alpha_CBO    0.00000e+00     fixed    
   7  w_CBO        2.32500e+00   constant   
   8  beta_CBO     0.00000e+00     fixed    
   9  alpha_2CBO   0.00000e+00     fixed    
  10  beta_2CBO    0.00000e+00     fixed    
  11  alpha_y      0.00000e+00     fixed    
  12  w_y          1.44500e+01   constant   
  13  beta_y       0.00000e+00     fixed    
  14  alpha_vw     0.00000e+00     fixed    
  15  w_vw         1.29000e+01   constant   
  16  beta_vw      0.00000e+00     fixed    
  17  LM           1.15487e-03   constant   
  18  zeta_y       0.00000e+00   constant   
  19  zeta_vw      0.00000e+00   constant   
  20  T_CBO        1.00000e+02   1.00000e+00   0.00000e+00   0.00000e+00
  21  alpha_A0     0.00000e+00   1.00000e-03   0.00000e+00   1.22386e-01
  22  beta_A0      0.00000e+00   1.00000e-03   0.00000e+00   1.92195e+01
  23  alpha_phi    0.00000e+00   1.00000e-03   0.00000e+00   1.48278e+01
  24  beta_phi     0.00000e+00   1.00000e-03   0.00000e+00  -8.13040e+00
 CALL LIMIT EXCEEDED IN MIGRAD.
 MIGRAD TERMINATED WITHOUT CONVERGENCE.
 FCN=87.3737 FROM MIGRAD    STATUS=CALL LIMIT   1329 CALLS        1330 TOTAL
                     EDM=0.00156351    STRATEGY= 1  ERROR MATRIX UNCERTAINTY   0.9 per cent
  EXT PARAMETER                APPROXIMATE        STEP         FIRST   
  NO.   NAME      VALUE            ERROR          SIZE      DERIVATIVE 
   1  N0           3.17693e+06   1.63558e+03   4.76388e+00  -2.75162e-06
   2  tau          6.44362e+01   constant   
   3  A0           3.66266e-01   6.85355e-04  -5.86223e-07  -3.61765e+00
   4  phi          4.11703e+00   1.85594e-03  -8.55529e-06   3.66256e+00
   5  R           -6.08502e+01   constant   
   6  alpha_CBO    0.00000e+00     fixed    
   7  w_CBO        2.32500e+00   constant   
   8  beta_CBO     0.00000e+00     fixed    
   9  alpha_2CBO   0.00000e+00     fixed    
  10  beta_2CBO    0.00000e+00     fixed    
  11  alpha_y      0.00000e+00     fixed    
  12  w_y          1.44500e+01   constant   
  13  beta_y       0.00000e+00     fixed    
  14  alpha_vw     0.00000e+00     fixed    
  15  w_vw         1.29000e+01   constant   
  16  beta_vw      0.00000e+00     fixed    
  17  LM           1.15487e-03   constant   
  18  zeta_y       0.00000e+00   constant   
  19  zeta_vw      0.00000e+00   constant   
  20  T_CBO        7.10880e+02   5.56805e+02   6.36849e-02  -2.91864e-03
  21  alpha_A0    -1.87489e-04   4.76537e-03   3.55935e-05   4.80378e+00
  22  beta_A0     -3.87343e-03   9.47730e-03   1.52955e-05   1.07872e+00
  23  alpha_phi   -4.83514e-03   1.22776e-02   7.47769e-05  -2.03942e+00
  24  beta_phi     1.72045e-03   4.51034e-03   2.97614e-05   5.61612e+00
 EXTERNAL ERROR MATRIX.    NDIM=  25    NPAR=  8    ERR DEF=1
  2.675e+06  2.547e-03  4.527e-01  1.107e+05  1.210e+00  1.058e+00  1.477e+00 -1.684e+00 
  2.547e-03  4.697e-07 -6.810e-08 -2.043e-02  4.514e-08 -2.311e-07 -8.288e-07  1.156e-07 
  4.527e-01 -6.810e-08  3.444e-06 -3.357e-01  3.424e-07 -2.667e-08 -7.106e-07 -2.419e-08 
  1.107e+05 -2.043e-02 -3.357e-01  8.745e+06  6.230e+00  2.473e+01  3.260e+01 -6.438e+00 
  1.210e+00  4.514e-08  3.424e-07  6.230e+00  2.271e-05  1.795e-05  2.871e-05 -9.213e-06 
  1.058e+00 -2.311e-07 -2.667e-08  2.473e+01  1.795e-05  8.982e-05  9.693e-05 -1.865e-05 
  1.477e+00 -8.288e-07 -7.106e-07  3.260e+01  2.871e-05  9.693e-05  1.507e-04 -2.656e-05 
 -1.684e+00  1.156e-07 -2.419e-08 -6.438e+00 -9.213e-06 -1.865e-05 -2.656e-05  2.034e-05 
ERR MATRIX APPROXIMATE
 PARAMETER  CORRELATION COEFFICIENTS  
       NO.  GLOBAL      1      3      4     20     21     22     23     24
        1  0.31651   1.000  0.002  0.149  0.023  0.155  0.068  0.074 -0.228
        3  0.22536   0.002  1.000 -0.054 -0.010  0.014 -0.036 -0.099  0.037
        4  0.20230   0.149 -0.054  1.000 -0.061  0.039 -0.002 -0.031 -0.003
       20  0.93519   0.023 -0.010 -0.061  1.000  0.442  0.882  0.898 -0.483
       21  0.54942   0.155  0.014  0.039  0.442  1.000  0.398  0.491 -0.429
       22  0.88920   0.068 -0.036 -0.002  0.882  0.398  1.000  0.833 -0.436
       23  0.91262   0.074 -0.099 -0.031  0.898  0.491  0.833  1.000 -0.480
       24  0.57060  -0.228  0.037 -0.003 -0.483 -0.429 -0.436 -0.480  1.000
 ERR MATRIX APPROXIMATE
MINUIT - FIT ONLY 1-CBO + wiggle
 **********
 **   16 **RES 
 **********
                   PARAMETER   16  beta_vw RESTORED TO VARIABLE.
                   PARAMETER   14  alpha_vw RESTORED TO VARIABLE.
                   PARAMETER   13  beta_y RESTORED TO VARIABLE.
                   PARAMETER   11  alpha_y RESTORED TO VARIABLE.
                   PARAMETER   10  beta_2CBO RESTORED TO VARIABLE.
                   PARAMETER    9  alpha_2CBO RESTORED TO VARIABLE.
                   PARAMETER    8  beta_CBO RESTORED TO VARIABLE.
                   PARAMETER    6  alpha_CBO RESTORED TO VARIABLE.
 **********
 **   17 **FIX            8
 **********
 **********
 **   18 **FIX            9
 **********
 **********
 **   19 **FIX           11
 **********
 **********
 **   20 **FIX           12
 **********
 PARAMETER   12  IS CONSTANT.   IGNORED.
 **********
 **   21 **FIX           14
 **********
 **********
 **   22 **FIX           15
 **********
 PARAMETER   15  IS CONSTANT.   IGNORED.
 **********
 **   23 **FIX           16
 **********
 **********
 **   24 **MIGRAD
 **********
 START MIGRAD MINIMIZATION.  STRATEGY  1.  CONVERGENCE WHEN EDM .LT. 1.00e-04
 FCN=87.3737 FROM MIGRAD    STATUS=INITIATE       28 CALLS        1358 TOTAL
                     EDM= unknown      STRATEGY= 1      NO ERROR MATRIX       
  EXT PARAMETER               CURRENT GUESS       STEP         FIRST   
  NO.   NAME      VALUE            ERROR          SIZE      DERIVATIVE 
   1  N0           3.17693e+06   1.63558e+03   4.76388e+00  -2.75162e-06
   2  tau          6.44362e+01   constant   
   3  A0           3.66266e-01   6.85355e-04  -5.86223e-07  -3.61765e+00
   4  phi          4.11703e+00   1.85594e-03  -8.55529e-06   3.66256e+00
   5  R           -6.08502e+01   constant   
   6  alpha_CBO    0.00000e+00   1.00000e-03   1.00000e-03   2.54161e+03
   7  w_CBO        2.32500e+00   constant   
   8  beta_CBO     0.00000e+00     fixed    
   9  alpha_2CBO   0.00000e+00     fixed    
  10  beta_2CBO    0.00000e+00   1.00000e-03   1.00000e-03  -6.10754e+03
  11  alpha_y      0.00000e+00     fixed    
  12  w_y          1.44500e+01   constant   
  13  beta_y       0.00000e+00   1.00000e-03   1.00000e-03  -3.46584e+01
  14  alpha_vw     0.00000e+00     fixed    
  15  w_vw         1.29000e+01   constant   
  16  beta_vw      0.00000e+00     fixed    
  17  LM           1.15487e-03   constant   
  18  zeta_y       0.00000e+00   constant   
  19  zeta_vw      0.00000e+00   constant   
  20  T_CBO        7.10880e+02   5.56805e+02   6.36849e-02  -2.92530e-03
  21  alpha_A0    -1.87489e-04   4.76537e-03   3.55935e-05   4.80378e+00
  22  beta_A0     -3.87343e-03   9.47730e-03   1.52955e-05   1.07872e+00
  23  alpha_phi   -4.83514e-03   1.22776e-02   7.47769e-05  -2.03942e+00
  24  beta_phi     1.72045e-03   4.51034e-03   2.97614e-05   5.61612e+00
 MIGRAD MINIMIZATION HAS CONVERGED.
 FCN=81.5832 FROM MIGRAD    STATUS=CONVERGED     326 CALLS        1656 TOTAL
                     EDM=5.4745e-06    STRATEGY= 1  ERROR MATRIX UNCERTAINTY   1.0 per cent
  EXT PARAMETER                                   STEP         FIRST   
  NO.   NAME      VALUE            ERROR          SIZE      DERIVATIVE 
   1  N0           3.17703e+06   1.61522e+03   4.03772e+00   7.38107e-07
   2  tau          6.44362e+01   constant   
   3  A0           3.66282e-01   6.68939e-04  -3.89575e-07  -8.24859e-01
   4  phi          4.11657e+00   1.88116e-03   7.09213e-07   9.88573e-03
   5  R           -6.08502e+01   constant   
   6  alpha_CBO   -7.72176e-04   7.14770e-04  -1.43341e-06  -1.57508e+00
   7  w_CBO        2.32500e+00   constant   
   8  beta_CBO     0.00000e+00     fixed    
   9  alpha_2CBO   0.00000e+00     fixed    
  10  beta_2CBO    1.57426e-03   7.06126e-04  -7.02509e-07  -6.49772e-01
  11  alpha_y      0.00000e+00     fixed    
  12  w_y          1.44500e+01   constant   
  13  beta_y      -1.70244e-05   6.82778e-04  -1.05151e-06  -2.17628e+00
  14  alpha_vw     0.00000e+00     fixed    
  15  w_vw         1.29000e+01   constant   
  16  beta_vw      0.00000e+00     fixed    
  17  LM           1.15487e-03   constant   
  18  zeta_y       0.00000e+00   constant   
  19  zeta_vw      0.00000e+00   constant   
  20  T_CBO        9.99612e+02   5.82431e+02   4.15080e-02  -2.45477e-04
  21  alpha_A0    -1.49550e-04   3.72929e-03  -3.24413e-06  -3.15986e-01
  22  beta_A0     -2.57799e-03   4.03219e-03  -6.32229e-06  -3.05307e-01
  23  alpha_phi   -5.62217e-03   4.57109e-03  -9.19849e-06   2.62841e-01
  24  beta_phi     1.91665e-03   3.66616e-03   7.03244e-07  -2.88582e-01
 EXTERNAL ERROR MATRIX.    NDIM=  25    NPAR= 11    ERR DEF=1
  2.609e+06 
  9.402e-03  4.475e-07 
  4.779e-01 -5.131e-08  3.539e-06 
  1.582e-02  9.292e-09  1.335e-07  5.109e-07 
  4.224e-02  8.592e-09 -9.647e-08 -4.118e-08  4.986e-07 
  1.446e-02  2.788e-09  8.839e-09 -1.144e-09 -1.087e-08  4.662e-07 
  5.511e+04 -1.086e-02  3.549e-03 -3.139e-02 -1.368e-02 -1.695e-02  1.252e+05 
  1.175e+00 -6.822e-09  2.063e-07  1.790e-07  8.598e-08 -3.767e-08 -4.114e-02  1.391e-05 
  8.735e-01 -1.972e-07  7.592e-07 -1.848e-07  2.358e-07 -1.348e-07  2.980e-01  4.836e-07  1.626e-05 
  1.005e+00 -5.000e-07  8.031e-07 -5.379e-08 -4.923e-07 -3.430e-08  6.847e-01  9.312e-07  2.691e-06  2.089e-05 
 -1.005e+00  1.451e-07 -3.448e-07 -6.790e-08  1.071e-07 -4.101e-08 -2.525e-01  1.578e-07 -2.322e-06 -1.037e-06  1.344e-05 
 PARAMETER  CORRELATION COEFFICIENTS  
       NO.  GLOBAL      1      3      4      6     10     13     20     21     22     23     24
        1  0.33222   1.000  0.009  0.157  0.014  0.037  0.013  0.096  0.195  0.134  0.136 -0.170
        3  0.18929   0.009  1.000 -0.041  0.019  0.018  0.006 -0.046 -0.003 -0.073 -0.164  0.059
        4  0.23073   0.157 -0.041  1.000  0.099 -0.073  0.007  0.005  0.029  0.100  0.093 -0.050
        6  0.20375   0.014  0.019  0.099  1.000 -0.082 -0.002 -0.124  0.067 -0.064 -0.016 -0.026
       10  0.22750   0.037  0.018 -0.073 -0.082  1.000 -0.023 -0.055  0.033  0.083 -0.153  0.041
       13  0.09671   0.013  0.006  0.007 -0.002 -0.023  1.000 -0.070 -0.015 -0.049 -0.011 -0.016
       20  0.49589   0.096 -0.046  0.005 -0.124 -0.055 -0.070  1.000 -0.031  0.209  0.423 -0.195
       21  0.22372   0.195 -0.003  0.029  0.067  0.033 -0.015 -0.031  1.000  0.032  0.055  0.012
       22  0.30637   0.134 -0.073  0.100 -0.064  0.083 -0.049  0.209  0.032  1.000  0.146 -0.157
       23  0.48875   0.136 -0.164  0.093 -0.016 -0.153 -0.011  0.423  0.055  0.146  1.000 -0.062
       24  0.28980  -0.170  0.059 -0.050 -0.026  0.041 -0.016 -0.195  0.012 -0.157 -0.062  1.000
MINUIT - FIT ONLY 2-CBO
 **********
 **   25 **RES 
 **********
                   PARAMETER   16  beta_vw RESTORED TO VARIABLE.
                   PARAMETER   14  alpha_vw RESTORED TO VARIABLE.
                   PARAMETER   11  alpha_y RESTORED TO VARIABLE.
                   PARAMETER    9  alpha_2CBO RESTORED TO VARIABLE.
                   PARAMETER    8  beta_CBO RESTORED TO VARIABLE.
 **********
 **   26 **FIX            0
 **********
 PARAMETER    0  IS UNDEFINED. IGNORED.
 **********
 **   27 **FIX            1
 **********
 **********
 **   28 **FIX            2
 **********
 PARAMETER    2  IS CONSTANT.   IGNORED.
 **********
 **   29 **FIX            3
 **********
 **********
 **   30 **FIX            4
 **********
 **********
 **   31 **FIX            5
 **********
 PARAMETER    5  IS CONSTANT.   IGNORED.
 **********
 **   32 **FIX            6
 **********
 **********
 **   33 **FIX            7
 **********
 PARAMETER    7  IS CONSTANT.   IGNORED.
 **********
 **   34 **FIX           10
 **********
 **********
 **   35 **FIX           11
 **********
 **********
 **   36 **FIX           12
 **********
 PARAMETER   12  IS CONSTANT.   IGNORED.
 **********
 **   37 **FIX           13
 **********
 **********
 **   38 **FIX           14
 **********
 **********
 **   39 **FIX           15
 **********
 PARAMETER   15  IS CONSTANT.   IGNORED.
 **********
 **   40 **FIX           16
 **********
 **********
 **   41 **MIGRAD
 **********
 START MIGRAD MINIMIZATION.  STRATEGY  1.  CONVERGENCE WHEN EDM .LT. 1.00e-04
 FCN=81.5832 FROM MIGRAD    STATUS=INITIATE       18 CALLS        1674 TOTAL
                     EDM= unknown      STRATEGY= 1      NO ERROR MATRIX       
  EXT PARAMETER               CURRENT GUESS       STEP         FIRST   
  NO.   NAME      VALUE            ERROR          SIZE      DERIVATIVE 
   1  N0           3.17703e+06     fixed    
   2  tau          6.44362e+01   constant   
   3  A0           3.66282e-01     fixed    
   4  phi          4.11657e+00     fixed    
   5  R           -6.08502e+01   constant   
   6  alpha_CBO   -7.72176e-04     fixed    
   7  w_CBO        2.32500e+00   constant   
   8  beta_CBO     0.00000e+00   1.00000e-03   1.00000e-03  -1.16861e+04
   9  alpha_2CBO   0.00000e+00   1.00000e-03   1.00000e-03   1.40874e+03
  10  beta_2CBO    1.57426e-03     fixed    
  11  alpha_y      0.00000e+00     fixed    
  12  w_y          1.44500e+01   constant   
  13  beta_y      -1.70244e-05     fixed    
  14  alpha_vw     0.00000e+00     fixed    
  15  w_vw         1.29000e+01   constant   
  16  beta_vw      0.00000e+00     fixed    
  17  LM           1.15487e-03   constant   
  18  zeta_y       0.00000e+00   constant   
  19  zeta_vw      0.00000e+00   constant   
  20  T_CBO        9.99612e+02   5.82431e+02   4.15080e-02  -2.51560e-04
  21  alpha_A0    -1.49550e-04   3.72929e-03  -3.24413e-06  -3.15987e-01
  22  beta_A0     -2.57799e-03   4.03219e-03  -6.32229e-06  -3.05307e-01
  23  alpha_phi   -5.62217e-03   4.57109e-03  -9.19849e-06   2.62841e-01
  24  beta_phi     1.91665e-03   3.66616e-03   7.03244e-07  -2.88582e-01
 MIGRAD MINIMIZATION HAS CONVERGED.
 MIGRAD WILL VERIFY CONVERGENCE AND ERROR MATRIX.
 COVARIANCE MATRIX CALCULATED SUCCESSFULLY
 FCN=64.8229 FROM MIGRAD    STATUS=CONVERGED     136 CALLS        1792 TOTAL
                     EDM=1.2837e-06    STRATEGY= 1      ERROR MATRIX ACCURATE 
  EXT PARAMETER                                   STEP         FIRST   
  NO.   NAME      VALUE            ERROR          SIZE      DERIVATIVE 
   1  N0           3.17703e+06     fixed    
   2  tau          6.44362e+01   constant   
   3  A0           3.66282e-01     fixed    
   4  phi          4.11657e+00     fixed    
   5  R           -6.08502e+01   constant   
   6  alpha_CBO   -7.72176e-04     fixed    
   7  w_CBO        2.32500e+00   constant   
   8  beta_CBO     2.83374e-03   6.97421e-04   2.70020e-06  -1.46899e-01
   9  alpha_2CBO  -2.89098e-04   7.07712e-04   2.73703e-06  -2.08302e+00
  10  beta_2CBO    1.57426e-03     fixed    
  11  alpha_y      0.00000e+00     fixed    
  12  w_y          1.44500e+01   constant   
  13  beta_y      -1.70244e-05     fixed    
  14  alpha_vw     0.00000e+00     fixed    
  15  w_vw         1.29000e+01   constant   
  16  beta_vw      0.00000e+00     fixed    
  17  LM           1.15487e-03   constant   
  18  zeta_y       0.00000e+00   constant   
  19  zeta_vw      0.00000e+00   constant   
  20  T_CBO        1.00000e+03   5.00953e+02   7.56675e-02** at limit **
  21  alpha_A0    -4.99339e-04   3.47630e-03   1.36120e-05   6.26069e-03
  22  beta_A0      2.76168e-04   3.64243e-03   1.40603e-05  -5.08151e-02
  23  alpha_phi   -5.28333e-03   3.79353e-03   1.47530e-05   1.80682e-01
  24  beta_phi     2.69535e-03   3.36366e-03   1.29940e-05  -3.14361e-02
 EXTERNAL ERROR MATRIX.    NDIM=  25    NPAR=  7    ERR DEF=1
  4.864e-07  1.090e-08  1.561e-07 -2.121e-08  4.799e-07  8.309e-08  1.779e-07 
  1.090e-08  5.009e-07  4.684e-07  3.216e-07 -8.926e-08  2.020e-07  3.818e-07 
  1.561e-07  4.684e-07  2.081e+00 -6.954e-05  4.686e-05 -8.552e-04  4.443e-04 
 -2.121e-08  3.216e-07 -6.954e-05  1.208e-05  4.645e-07  3.840e-07  8.470e-07 
  4.799e-07 -8.926e-08  4.686e-05  4.645e-07  1.327e-05  9.763e-07 -8.449e-07 
  8.309e-08  2.020e-07 -8.552e-04  3.840e-07  9.763e-07  1.439e-05 -2.142e-07 
  1.779e-07  3.818e-07  4.443e-04  8.470e-07 -8.449e-07 -2.142e-07  1.131e-05 
 PARAMETER  CORRELATION COEFFICIENTS  
       NO.  GLOBAL      8      9     20     21     22     23     24
        8  0.21172   1.000  0.022  0.000 -0.009  0.189  0.031  0.076
        9  0.21661   0.022  1.000  0.000  0.131 -0.035  0.075  0.160
       20  0.18263   0.000  0.000  1.000 -0.014  0.009 -0.156  0.092
       21  0.15178  -0.009  0.131 -0.014  1.000  0.037  0.029  0.072
       22  0.22480   0.189 -0.035  0.009  0.037  1.000  0.071 -0.069
       23  0.19049   0.031  0.075 -0.156  0.029  0.071  1.000 -0.017
       24  0.22161   0.076  0.160  0.092  0.072 -0.069 -0.017  1.000
MINUIT - FIT wiggle + 1-CBO + 2-CBO
 **********
 **   42 **RES 
 **********
                   PARAMETER   16  beta_vw RESTORED TO VARIABLE.
                   PARAMETER   14  alpha_vw RESTORED TO VARIABLE.
                   PARAMETER   13  beta_y RESTORED TO VARIABLE.
                   PARAMETER   11  alpha_y RESTORED TO VARIABLE.
                   PARAMETER   10  beta_2CBO RESTORED TO VARIABLE.
                   PARAMETER    6  alpha_CBO RESTORED TO VARIABLE.
                   PARAMETER    4  phi RESTORED TO VARIABLE.
                   PARAMETER    3  A0 RESTORED TO VARIABLE.
                   PARAMETER    1  N0 RESTORED TO VARIABLE.
 **********
 **   43 **FIX           10
 **********
 **********
 **   44 **FIX           11
 **********
 **********
 **   45 **FIX           12
 **********
 PARAMETER   12  IS CONSTANT.   IGNORED.
 **********
 **   46 **FIX           13
 **********
 **********
 **   47 **FIX           14
 **********
 **********
 **   48 **FIX           15
 **********
 PARAMETER   15  IS CONSTANT.   IGNORED.
 **********
 **   49 **FIX           16
 **********
 **********
 **   50 **MIGRAD
 **********
 START MIGRAD MINIMIZATION.  STRATEGY  1.  CONVERGENCE WHEN EDM .LT. 1.00e-04
 FCN=64.8229 FROM MIGRAD    STATUS=INITIATE       22 CALLS        1814 TOTAL
                     EDM= unknown      STRATEGY= 1      NO ERROR MATRIX       
  EXT PARAMETER               CURRENT GUESS       STEP         FIRST   
  NO.   NAME      VALUE            ERROR          SIZE      DERIVATIVE 
   1  N0           3.17703e+06   1.61522e+03   1.61522e+03   3.28506e-04
   2  tau          6.44362e+01   constant   
   3  A0           3.66282e-01   6.68939e-04   6.68939e-04   2.75285e+03
   4  phi          4.11657e+00   1.88116e-03   1.88116e-03  -4.15160e+02
   5  R           -6.08502e+01   constant   
   6  alpha_CBO   -7.72176e-04   7.14770e-04   7.14770e-04  -3.45186e+02
   7  w_CBO        2.32500e+00   constant   
   8  beta_CBO     2.83374e-03   6.97421e-04   2.70020e-06  -1.46839e-01
   9  alpha_2CBO  -2.89098e-04   7.07712e-04   2.73703e-06  -2.08302e+00
  10  beta_2CBO    1.57426e-03     fixed    
  11  alpha_y      0.00000e+00     fixed    
  12  w_y          1.44500e+01   constant   
  13  beta_y      -1.70244e-05     fixed    
  14  alpha_vw     0.00000e+00     fixed    
  15  w_vw         1.29000e+01   constant   
  16  beta_vw      0.00000e+00     fixed    
  17  LM           1.15487e-03   constant   
  18  zeta_y       0.00000e+00   constant   
  19  zeta_vw      0.00000e+00   constant   
  20  T_CBO        9.99999e+02   5.00953e+02   7.56675e-02  -1.12106e-05
  21  alpha_A0    -4.99339e-04   3.47630e-03   1.36120e-05   6.28677e-03
  22  beta_A0      2.76168e-04   3.64243e-03   1.40603e-05  -5.08667e-02
  23  alpha_phi   -5.28333e-03   3.79353e-03   1.47530e-05   1.80911e-01
  24  beta_phi     2.69535e-03   3.36366e-03   1.29940e-05  -3.15879e-02
 MIGRAD MINIMIZATION HAS CONVERGED.
 MIGRAD WILL VERIFY CONVERGENCE AND ERROR MATRIX.
 COVARIANCE MATRIX CALCULATED SUCCESSFULLY
 FCN=63.6518 FROM MIGRAD    STATUS=CONVERGED     241 CALLS        2033 TOTAL
                     EDM=2.37377e-06    STRATEGY= 1      ERROR MATRIX ACCURATE 
  EXT PARAMETER                                   STEP         FIRST   
  NO.   NAME      VALUE            ERROR          SIZE      DERIVATIVE 
   1  N0           3.17664e+06   1.65808e+03   5.87861e+00   2.47367e-07
   2  tau          6.44362e+01   constant   
   3  A0           3.65599e-01   6.98871e-04   2.57057e-06  -6.16287e-01
   4  phi          4.11732e+00   1.87380e-03   7.04482e-06  -5.03532e-01
   5  R           -6.08502e+01   constant   
   6  alpha_CBO   -7.04723e-04   7.21060e-04   2.74357e-06  -9.21965e-01
   7  w_CBO        2.32500e+00   constant   
   8  beta_CBO     3.03785e-03   7.22527e-04   2.67639e-06   1.22279e+00
   9  alpha_2CBO  -2.63038e-04   7.10512e-04   2.71291e-06   2.58781e-01
  10  beta_2CBO    1.57426e-03     fixed    
  11  alpha_y      0.00000e+00     fixed    
  12  w_y          1.44500e+01   constant   
  13  beta_y      -1.70244e-05     fixed    
  14  alpha_vw     0.00000e+00     fixed    
  15  w_vw         1.29000e+01   constant   
  16  beta_vw      0.00000e+00     fixed    
  17  LM           1.15487e-03   constant   
  18  zeta_y       0.00000e+00   constant   
  19  zeta_vw      0.00000e+00   constant   
  20  T_CBO        1.00000e+03   9.81864e+02   6.91228e-02** at limit **
  21  alpha_A0    -6.51907e-04   3.56553e-03   1.35074e-05   7.86184e-02
  22  beta_A0      7.03868e-04   3.71125e-03   1.39511e-05  -3.80481e-01
  23  alpha_phi   -4.42225e-03   3.94387e-03   1.46497e-05  -1.85285e-01
  24  beta_phi     2.84052e-03   3.45755e-03   1.29027e-05   4.09405e-02
 EXTERNAL ERROR MATRIX.    NDIM=  25    NPAR= 11    ERR DEF=1
  2.749e+06 
  4.554e-02  4.884e-07 
  5.735e-01 -5.616e-08  3.511e-06 
  5.463e-03  4.873e-08  2.219e-07  5.199e-07 
 -6.674e-02 -1.209e-07  1.207e-07  9.289e-09  5.220e-07 
  2.405e-02 -3.207e-08 -5.549e-08 -1.847e-08  1.570e-08  5.048e-07 
  1.383e+00 -2.503e-06 -3.515e-07  1.404e-06  1.132e-06  1.772e-06  1.920e+01 
  9.891e-01  8.406e-08  3.003e-07  3.525e-07 -4.934e-08  3.164e-07 -3.242e-04  1.271e-05 
  6.834e-01 -2.636e-07  8.739e-07 -1.424e-08  5.535e-07 -7.810e-08  3.917e-04  6.624e-07  1.377e-05 
  8.165e-01 -6.413e-07  5.220e-07  4.808e-08  2.359e-07  2.461e-07 -2.397e-03  6.591e-07  1.568e-06  1.555e-05 
 -1.212e+00 -3.277e-08 -5.021e-07  3.561e-08  2.059e-07  3.766e-07  1.577e-03  4.296e-07 -1.178e-06 -5.804e-07  1.195e-05 
 PARAMETER  CORRELATION COEFFICIENTS  
       NO.  GLOBAL      1      3      4      6      8      9     20     21     22     23     24
        1  0.35514   1.000  0.039  0.185  0.005 -0.056  0.020  0.000  0.167  0.111  0.125 -0.211
        3  0.34973   0.039  1.000 -0.043  0.097 -0.239 -0.065 -0.001  0.034 -0.102 -0.233 -0.014
        4  0.28809   0.185 -0.043  1.000  0.164  0.089 -0.042 -0.000  0.045  0.126  0.071 -0.077
        6  0.24653   0.005  0.097  0.164  1.000  0.018 -0.036  0.000  0.137 -0.005  0.017  0.014
        8  0.33142  -0.056 -0.239  0.089  0.018  1.000  0.031  0.000 -0.019  0.206  0.083  0.082
        9  0.23278   0.020 -0.065 -0.042 -0.036  0.031  1.000  0.001  0.125 -0.030  0.088  0.153
       20  0.18502   0.000 -0.001 -0.000  0.000  0.000  0.001  1.000 -0.021  0.024 -0.139  0.104
       21  0.26258   0.167  0.034  0.045  0.137 -0.019  0.125 -0.021  1.000  0.050  0.047  0.035
       22  0.28853   0.111 -0.102  0.126 -0.005  0.206 -0.030  0.024  0.050  1.000  0.107 -0.092
       23  0.32382   0.125 -0.233  0.071  0.017  0.083  0.088 -0.139  0.047  0.107  1.000 -0.043
       24  0.31072  -0.211 -0.014 -0.077  0.014  0.082  0.153  0.104  0.035 -0.092 -0.043  1.000
MINUIT - FIT ONLY 1-y
 **********
 **   51 **RES 
 **********
                   PARAMETER   16  beta_vw RESTORED TO VARIABLE.
                   PARAMETER   14  alpha_vw RESTORED TO VARIABLE.
                   PARAMETER   13  beta_y RESTORED TO VARIABLE.
                   PARAMETER   11  alpha_y RESTORED TO VARIABLE.
                   PARAMETER   10  beta_2CBO RESTORED TO VARIABLE.
 **********
 **   52 **FIX            0
 **********
 PARAMETER    0  IS UNDEFINED. IGNORED.
 **********
 **   53 **FIX            1
 **********
 **********
 **   54 **FIX            2
 **********
 PARAMETER    2  IS CONSTANT.   IGNORED.
 **********
 **   55 **FIX            3
 **********
 **********
 **   56 **FIX            4
 **********
 **********
 **   57 **FIX            5
 **********
 PARAMETER    5  IS CONSTANT.   IGNORED.
 **********
 **   58 **FIX            6
 **********
 **********
 **   59 **FIX            7
 **********
 PARAMETER    7  IS CONSTANT.   IGNORED.
 **********
 **   60 **FIX            8
 **********
 **********
 **   61 **FIX            9
 **********
 **********
 **   62 **FIX           13
 **********
 **********
 **   63 **FIX           14
 **********
 **********
 **   64 **FIX           15
 **********
 PARAMETER   15  IS CONSTANT.   IGNORED.
 **********
 **   65 **FIX           16
 **********
 **********
 **   66 **MIGRAD
 **********
 START MIGRAD MINIMIZATION.  STRATEGY  1.  CONVERGENCE WHEN EDM .LT. 1.00e-04
 FCN=63.6518 FROM MIGRAD    STATUS=INITIATE       16 CALLS        2049 TOTAL
                     EDM= unknown      STRATEGY= 1      NO ERROR MATRIX       
  EXT PARAMETER               CURRENT GUESS       STEP         FIRST   
  NO.   NAME      VALUE            ERROR          SIZE      DERIVATIVE 
   1  N0           3.17664e+06     fixed    
   2  tau          6.44362e+01   constant   
   3  A0           3.65599e-01     fixed    
   4  phi          4.11732e+00     fixed    
   5  R           -6.08502e+01   constant   
   6  alpha_CBO   -7.04723e-04     fixed    
   7  w_CBO        2.32500e+00   constant   
   8  beta_CBO     3.03785e-03     fixed    
   9  alpha_2CBO  -2.63038e-04     fixed    
  10  beta_2CBO    1.57426e-03   7.06126e-04   7.06126e-04   2.75370e+02
  11  alpha_y      0.00000e+00   1.00000e-03   1.00000e-03   1.10129e+03
  12  w_y          1.44500e+01   constant   
  13  beta_y      -1.70244e-05     fixed    
  14  alpha_vw     0.00000e+00     fixed    
  15  w_vw         1.29000e+01   constant   
  16  beta_vw      0.00000e+00     fixed    
  17  LM           1.15487e-03   constant   
  18  zeta_y       0.00000e+00   constant   
  19  zeta_vw      0.00000e+00   constant   
  20  T_CBO        1.00000e+03   9.81864e+02   6.91228e-02** at limit **
  21  alpha_A0    -6.51907e-04   3.56553e-03   1.35074e-05   7.86129e-02
  22  beta_A0      7.03868e-04   3.71125e-03   1.39511e-05  -3.80478e-01
  23  alpha_phi   -4.42225e-03   3.94387e-03   1.46497e-05  -1.85285e-01
  24  beta_phi     2.84052e-03   3.45755e-03   1.29027e-05   4.09403e-02
 MIGRAD MINIMIZATION HAS CONVERGED.
 MIGRAD WILL VERIFY CONVERGENCE AND ERROR MATRIX.
 COVARIANCE MATRIX CALCULATED SUCCESSFULLY
 FCN=63.4984 FROM MIGRAD    STATUS=CONVERGED     113 CALLS        2146 TOTAL
                     EDM=1.01571e-07    STRATEGY= 1      ERROR MATRIX ACCURATE 
  EXT PARAMETER                                   STEP         FIRST   
  NO.   NAME      VALUE            ERROR          SIZE      DERIVATIVE 
   1  N0           3.17664e+06     fixed    
   2  tau          6.44362e+01   constant   
   3  A0           3.65599e-01     fixed    
   4  phi          4.11732e+00     fixed    
   5  R           -6.08502e+01   constant   
   6  alpha_CBO   -7.04723e-04     fixed    
   7  w_CBO        2.32500e+00   constant   
   8  beta_CBO     3.03785e-03     fixed    
   9  alpha_2CBO  -2.63038e-04     fixed    
  10  beta_2CBO    1.50626e-03   7.04454e-04   2.70261e-06   1.79733e-01
  11  alpha_y     -2.61433e-04   6.89145e-04   2.70181e-06   7.61993e-02
  12  w_y          1.44500e+01   constant   
  13  beta_y      -1.70244e-05     fixed    
  14  alpha_vw     0.00000e+00     fixed    
  15  w_vw         1.29000e+01   constant   
  16  beta_vw      0.00000e+00     fixed    
  17  LM           1.15487e-03   constant   
  18  zeta_y       0.00000e+00   constant   
  19  zeta_vw      0.00000e+00   constant   
  20  T_CBO        1.00000e+03   9.82976e+02   8.65622e-02** at limit **
  21  alpha_A0    -6.89943e-04   3.46069e-03   1.34915e-05  -8.44774e-02
  22  beta_A0      6.67703e-04   3.59830e-03   1.39344e-05   5.51199e-02
  23  alpha_phi   -4.34395e-03   3.84010e-03   1.46322e-05   2.76415e-02
  24  beta_phi     2.80636e-03   3.34142e-03   1.28874e-05   7.96786e-02
 EXTERNAL ERROR MATRIX.    NDIM=  25    NPAR=  7    ERR DEF=1
  4.963e-07 -4.960e-10 -4.857e-10  1.743e-07  2.572e-07 -3.857e-07  1.711e-07 
 -4.960e-10  4.749e-07 -2.108e-10  2.397e-08  6.501e-09 -4.282e-08  1.923e-08 
 -4.857e-10 -2.108e-10  4.112e-05 -6.298e-07  6.729e-07 -4.271e-06  2.819e-06 
  1.743e-07  2.397e-08 -6.298e-07  1.198e-05  6.306e-07  1.465e-07  6.460e-07 
  2.572e-07  6.501e-09  6.729e-07  6.306e-07  1.295e-05  6.844e-07 -8.270e-07 
 -3.857e-07 -4.282e-08 -4.271e-06  1.465e-07  6.844e-07  1.475e-05 -6.407e-07 
  1.711e-07  1.923e-08  2.819e-06  6.460e-07 -8.270e-07 -6.407e-07  1.117e-05 
 PARAMETER  CORRELATION COEFFICIENTS  
       NO.  GLOBAL     10     11     20     21     22     23     24
       10  0.20705   1.000 -0.001 -0.000  0.072  0.101 -0.143  0.073
       11  0.02161  -0.001  1.000 -0.000  0.010  0.003 -0.016  0.008
       20  0.22360  -0.000 -0.000  1.000 -0.028  0.029 -0.173  0.132
       21  0.10796   0.072  0.010 -0.028  1.000  0.051  0.011  0.056
       22  0.15750   0.101  0.003  0.029  0.051  1.000  0.050 -0.069
       23  0.23629  -0.143 -0.016 -0.173  0.011  0.050  1.000 -0.050
       24  0.18073   0.073  0.008  0.132  0.056 -0.069 -0.050  1.000
MINUIT - FIT ONLY 2-y
 **********
 **   67 **RES 
 **********
                   PARAMETER   16  beta_vw RESTORED TO VARIABLE.
                   PARAMETER   14  alpha_vw RESTORED TO VARIABLE.
                   PARAMETER   13  beta_y RESTORED TO VARIABLE.
                   PARAMETER    9  alpha_2CBO RESTORED TO VARIABLE.
                   PARAMETER    8  beta_CBO RESTORED TO VARIABLE.
                   PARAMETER    6  alpha_CBO RESTORED TO VARIABLE.
                   PARAMETER    4  phi RESTORED TO VARIABLE.
                   PARAMETER    3  A0 RESTORED TO VARIABLE.
                   PARAMETER    1  N0 RESTORED TO VARIABLE.
 **********
 **   68 **FIX            0
 **********
 PARAMETER    0  IS UNDEFINED. IGNORED.
 **********
 **   69 **FIX            1
 **********
 **********
 **   70 **FIX            2
 **********
 PARAMETER    2  IS CONSTANT.   IGNORED.
 **********
 **   71 **FIX            3
 **********
 **********
 **   72 **FIX            4
 **********
 **********
 **   73 **FIX            5
 **********
 PARAMETER    5  IS CONSTANT.   IGNORED.
 **********
 **   74 **FIX            6
 **********
 **********
 **   75 **FIX            7
 **********
 PARAMETER    7  IS CONSTANT.   IGNORED.
 **********
 **   76 **FIX            8
 **********
 **********
 **   77 **FIX            9
 **********
 **********
 **   78 **FIX           10
 **********
 **********
 **   79 **FIX           11
 **********
 **********
 **   80 **FIX           12
 **********
 PARAMETER   12  IS CONSTANT.   IGNORED.
 **********
 **   81 **FIX           16
 **********
 **********
 **   82 **MIGRAD
 **********
 START MIGRAD MINIMIZATION.  STRATEGY  1.  CONVERGENCE WHEN EDM .LT. 1.00e-04
 FCN=63.4984 FROM MIGRAD    STATUS=INITIATE       16 CALLS        2162 TOTAL
                     EDM= unknown      STRATEGY= 1      NO ERROR MATRIX       
  EXT PARAMETER               CURRENT GUESS       STEP         FIRST   
  NO.   NAME      VALUE            ERROR          SIZE      DERIVATIVE 
   1  N0           3.17664e+06     fixed    
   2  tau          6.44362e+01   constant   
   3  A0           3.65599e-01     fixed    
   4  phi          4.11732e+00     fixed    
   5  R           -6.08502e+01   constant   
   6  alpha_CBO   -7.04723e-04     fixed    
   7  w_CBO        2.32500e+00   constant   
   8  beta_CBO     3.03785e-03     fixed    
   9  alpha_2CBO  -2.63038e-04     fixed    
  10  beta_2CBO    1.50626e-03     fixed    
  11  alpha_y     -2.61433e-04     fixed    
  12  w_y          1.44500e+01   constant   
  13  beta_y      -1.70244e-05   6.82778e-04   6.82778e-04  -7.27223e+01
  14  alpha_vw     0.00000e+00   1.00000e-03   1.00000e-03  -1.78988e+03
  15  w_vw         1.29000e+01   constant   
  16  beta_vw      0.00000e+00     fixed    
  17  LM           1.15487e-03   constant   
  18  zeta_y       0.00000e+00   constant   
  19  zeta_vw      0.00000e+00   constant   
  20  T_CBO        9.99999e+02   9.82976e+02   8.65622e-02  -8.62415e-06
  21  alpha_A0    -6.89943e-04   3.46069e-03   1.34915e-05  -8.44366e-02
  22  beta_A0      6.67703e-04   3.59830e-03   1.39344e-05   5.50559e-02
  23  alpha_phi   -4.34395e-03   3.84010e-03   1.46322e-05   2.78307e-02
  24  beta_phi     2.80636e-03   3.34142e-03   1.28874e-05   7.95168e-02
 MIGRAD MINIMIZATION HAS CONVERGED.
 MIGRAD WILL VERIFY CONVERGENCE AND ERROR MATRIX.
 COVARIANCE MATRIX CALCULATED SUCCESSFULLY
 FCN=63.1093 FROM MIGRAD    STATUS=CONVERGED     115 CALLS        2261 TOTAL
                     EDM=7.24765e-09    STRATEGY= 1      ERROR MATRIX ACCURATE 
  EXT PARAMETER                                   STEP         FIRST   
  NO.   NAME      VALUE            ERROR          SIZE      DERIVATIVE 
   1  N0           3.17664e+06     fixed    
   2  tau          6.44362e+01   constant   
   3  A0           3.65599e-01     fixed    
   4  phi          4.11732e+00     fixed    
   5  R           -6.08502e+01   constant   
   6  alpha_CBO   -7.04723e-04     fixed    
   7  w_CBO        2.32500e+00   constant   
   8  beta_CBO     3.03785e-03     fixed    
   9  alpha_2CBO  -2.63038e-04     fixed    
  10  beta_2CBO    1.50626e-03     fixed    
  11  alpha_y     -2.61433e-04     fixed    
  12  w_y          1.44500e+01   constant   
  13  beta_y      -6.21875e-05   6.98612e-04   2.70195e-06   7.71683e-03
  14  alpha_vw     4.36660e-04   7.00548e-04   2.70883e-06   5.39801e-02
  15  w_vw         1.29000e+01   constant   
  16  beta_vw      0.00000e+00     fixed    
  17  LM           1.15487e-03   constant   
  18  zeta_y       0.00000e+00   constant   
  19  zeta_vw      0.00000e+00   constant   
  20  T_CBO        1.00000e+03   9.52443e+02   8.47116e-02** at limit **
  21  alpha_A0    -6.81722e-04   3.45189e-03   1.34510e-05  -1.27121e-03
  22  beta_A0      6.95544e-04   3.58030e-03   1.38926e-05  -2.68530e-02
  23  alpha_phi   -4.27699e-03   3.79917e-03   1.45881e-05   2.48800e-03
  24  beta_phi     2.84723e-03   3.33420e-03   1.28487e-05   1.66489e-02
 EXTERNAL ERROR MATRIX.    NDIM=  25    NPAR=  7    ERR DEF=1
  4.881e-07 -7.030e-08 -1.384e-08 -2.702e-08 -2.188e-08 -4.114e-08 -5.593e-08 
 -7.030e-08  4.908e-07  2.223e-08  9.900e-09  3.262e-08  7.675e-08  4.815e-08 
 -1.384e-08  2.223e-08  5.508e-02 -2.246e-05  2.536e-05 -1.522e-04  1.036e-04 
 -2.702e-08  9.900e-09 -2.246e-05  1.192e-05  5.419e-07  2.844e-07  5.894e-07 
 -2.188e-08  3.262e-08  2.536e-05  5.419e-07  1.282e-05  8.909e-07 -9.094e-07 
 -4.114e-08  7.675e-08 -1.522e-04  2.844e-07  8.909e-07  1.443e-05 -4.884e-07 
 -5.593e-08  4.815e-08  1.036e-04  5.894e-07 -9.094e-07 -4.884e-07  1.112e-05 
 PARAMETER  CORRELATION COEFFICIENTS  
       NO.  GLOBAL     13     14     20     21     22     23     24
       13  0.14616   1.000 -0.144 -0.000 -0.011 -0.009 -0.016 -0.024
       14  0.14767  -0.144  1.000  0.000  0.004  0.013  0.029  0.021
       20  0.22063  -0.000  0.000  1.000 -0.028  0.030 -0.171  0.132
       21  0.08104  -0.011  0.004 -0.028  1.000  0.044  0.022  0.051
       22  0.12216  -0.009  0.013  0.030  0.044  1.000  0.065 -0.076
       23  0.18810  -0.016  0.029 -0.171  0.022  0.065  1.000 -0.039
       24  0.16863  -0.024  0.021  0.132  0.051 -0.076 -0.039  1.000
