 + ++++++++++++++++++++++++++++++++++++++++++++++++++++++++++++++++++++ +
 +                                                                      +
 +           You have chose to blind your fitting according to          +
 +                omega_ref * (1 + (R +/- deltaR) *10^{-6})             +
 +                                                                      +
 + ++++++++++++++++++++++++++++++++++++++++++++++++++++++++++++++++++++ +
In main()...
reading format from /gm2data/zkhechad/run45/envelope/formats/formatB_sBin_constraintOn.txt
pBinTau 	= 0  
pBinPhi 	= 0  
constraintau 	= 1 
includeMopTerm 	= 0    
constrainMop    = 0   
Parameters after format file: pBinTau 0 pBinPhi 0 constraintau 1 includeMopTerm 0 constrainMop 0 c_e_scale 0.000000 
Opening file /gm2data/tbarrett/gm2fr/studies/run23_bunch_corrections/CorrectedFourier_Run3b.root.
reading full fit data from /gm2data/zkhechad/cboTemplates/Run4CBOTemplates/fullFits/noRF/sBin_constraintOn_cE0.0_seed0_noRF_calo3.root
windowBins = 69
fitting sliding window 1890 from bin 2026 at 302.130000 to bin 2095 at 312.574000 (69 bins)

Reading data from /gm2data/cornell/histograms/aMethod/histogram_a_noRF.root
 **********
 **    1 **SET PRINTOUT            1
 **********
 **********
 **    2 **SET NOWARNINGS 
 **********
 PARAMETER DEFINITIONS:
    NO.   NAME         VALUE      STEP SIZE      LIMITS
     1 N0           2.88710e+06  1.00000e+02     no limits
     2 tau          6.43977e+01  constant
     3 A0           3.56389e-01  1.00000e-04     no limits
     4 phi          4.11721e+00  1.00000e-02     no limits
     5 R           -6.10082e+01  constant
     6 alpha_CBO    0.00000e+00  1.00000e-03     no limits
     7 w_CBO        2.32500e+00  constant
     8 beta_CBO     0.00000e+00  1.00000e-03     no limits
     9 alpha_2CBO   0.00000e+00  1.00000e-03     no limits
    10 beta_2CBO    0.00000e+00  1.00000e-03     no limits
    11 alpha_y      0.00000e+00  1.00000e-03     no limits
    12 w_y          1.38860e+01  constant
    13 beta_y       0.00000e+00  1.00000e-03     no limits
    14 alpha_vw     0.00000e+00  1.00000e-03     no limits
    15 w_vw         1.43404e+01  constant
    16 beta_vw      0.00000e+00  1.00000e-03     no limits
    17 LM          -2.57919e-04  constant
    18 zeta_y       0.00000e+00  constant
    19 zeta_vw      0.00000e+00  constant
    20 T_CBO        1.00000e+02  1.00000e+00    0.00000e+00  1.00000e+03
    21 alpha_A0     0.00000e+00  1.00000e-03     no limits
    22 beta_A0      0.00000e+00  1.00000e-03     no limits
    23 alpha_phi    0.00000e+00  1.00000e-03     no limits
    24 beta_phi     0.00000e+00  1.00000e-03     no limits
MINUIT - FIT ONLY WIGGLE
 **********
 **    3 **FIX            5
 **********
 PARAMETER    5  IS CONSTANT.   IGNORED.
 **********
 **    4 **FIX            6
 **********
 **********
 **    5 **FIX            7
 **********
 PARAMETER    7  IS CONSTANT.   IGNORED.
 **********
 **    6 **FIX            8
 **********
 **********
 **    7 **FIX            9
 **********
 **********
 **    8 **FIX           10
 **********
 **********
 **    9 **FIX           11
 **********
 **********
 **   10 **FIX           12
 **********
 PARAMETER   12  IS CONSTANT.   IGNORED.
 **********
 **   11 **FIX           13
 **********
 **********
 **   12 **FIX           14
 **********
 **********
 **   13 **FIX           15
 **********
 PARAMETER   15  IS CONSTANT.   IGNORED.
 **********
 **   14 **FIX           16
 **********
 **********
 **   15 **MIGRAD
 **********
 FIRST CALL TO USER FUNCTION AT NEW START POINT, WITH IFLAG=4.
 START MIGRAD MINIMIZATION.  STRATEGY  1.  CONVERGENCE WHEN EDM .LT. 1.00e-04
 FCN=84.7734 FROM MIGRAD    STATUS=INITIATE      437 CALLS         438 TOTAL
                     EDM= unknown      STRATEGY= 1      NO ERROR MATRIX       
  EXT PARAMETER               CURRENT GUESS       STEP         FIRST   
  NO.   NAME      VALUE            ERROR          SIZE      DERIVATIVE 
   1  N0           2.88710e+06   1.00000e+02   0.00000e+00  -3.65907e-05
   2  tau          6.43977e+01   constant   
   3  A0           3.56389e-01   1.00000e-04   0.00000e+00  -6.49951e+03
   4  phi          4.11721e+00   1.00000e-02   0.00000e+00  -7.96427e+02
   5  R           -6.10082e+01   constant   
   6  alpha_CBO    0.00000e+00     fixed    
   7  w_CBO        2.32500e+00   constant   
   8  beta_CBO     0.00000e+00     fixed    
   9  alpha_2CBO   0.00000e+00     fixed    
  10  beta_2CBO    0.00000e+00     fixed    
  11  alpha_y      0.00000e+00     fixed    
  12  w_y          1.38860e+01   constant   
  13  beta_y       0.00000e+00     fixed    
  14  alpha_vw     0.00000e+00     fixed    
  15  w_vw         1.43404e+01   constant   
  16  beta_vw      0.00000e+00     fixed    
  17  LM          -2.57919e-04   constant   
  18  zeta_y       0.00000e+00   constant   
  19  zeta_vw      0.00000e+00   constant   
  20  T_CBO        1.00000e+02   1.00000e+00   0.00000e+00   0.00000e+00
  21  alpha_A0     0.00000e+00   1.00000e-03   0.00000e+00  -9.46909e+00
  22  beta_A0      0.00000e+00   1.00000e-03   0.00000e+00  -2.93698e+01
  23  alpha_phi    0.00000e+00   1.00000e-03   0.00000e+00   1.91828e+01
  24  beta_phi     0.00000e+00   1.00000e-03   0.00000e+00  -4.70909e+00
 CALL LIMIT EXCEEDED IN MIGRAD.
 MIGRAD TERMINATED WITHOUT CONVERGENCE.
 FCN=78.8706 FROM MIGRAD    STATUS=CALL LIMIT   1335 CALLS        1336 TOTAL
                     EDM=0.00113248    STRATEGY= 1  ERROR MATRIX UNCERTAINTY   1.2 per cent
  EXT PARAMETER                APPROXIMATE        STEP         FIRST   
  NO.   NAME      VALUE            ERROR          SIZE      DERIVATIVE 
   1  N0           2.88750e+06   1.38273e+03   1.09739e+01  -6.60533e-07
   2  tau          6.43977e+01   constant   
   3  A0           3.57709e-01   6.27570e-04   5.84196e-07   1.19672e+01
   4  phi          4.11827e+00   1.78753e-03   9.43679e-06   1.96186e+00
   5  R           -6.10082e+01   constant   
   6  alpha_CBO    0.00000e+00     fixed    
   7  w_CBO        2.32500e+00   constant   
   8  beta_CBO     0.00000e+00     fixed    
   9  alpha_2CBO   0.00000e+00     fixed    
  10  beta_2CBO    0.00000e+00     fixed    
  11  alpha_y      0.00000e+00     fixed    
  12  w_y          1.38860e+01   constant   
  13  beta_y       0.00000e+00     fixed    
  14  alpha_vw     0.00000e+00     fixed    
  15  w_vw         1.43404e+01   constant   
  16  beta_vw      0.00000e+00     fixed    
  17  LM          -2.57919e-04   constant   
  18  zeta_y       0.00000e+00   constant   
  19  zeta_vw      0.00000e+00   constant   
  20  T_CBO        3.74306e+01   2.27608e+01  -5.23073e-03  -3.10657e+00
  21  alpha_A0     2.25553e+00   8.76023e+00   3.53758e-01  -2.21966e-02
  22  beta_A0      8.20135e+00   3.40678e+01   1.37480e+00  -6.86715e-04
  23  alpha_phi   -6.11790e+00   2.48289e+01  -1.00221e+00   9.28437e-03
  24  beta_phi    -2.27596e+00   9.35215e+00  -3.77449e-01  -4.69297e-03
 EXTERNAL ERROR MATRIX.    NDIM=  25    NPAR=  8    ERR DEF=1
  1.912e+06  5.640e-02  4.939e-01 -1.225e+03  6.124e+02  2.403e+03 -1.726e+03 -6.541e+02 
  5.640e-02  3.938e-07 -3.216e-08  1.548e-04  7.722e-05  2.826e-04 -2.131e-04 -8.367e-05 
  4.939e-01 -3.216e-08  3.195e-06 -1.465e-03  6.154e-04  2.453e-03 -1.766e-03 -6.654e-04 
 -1.225e+03  1.548e-04 -1.465e-03  5.206e+02 -1.984e+02 -7.714e+02  5.622e+02  2.118e+02 
  6.124e+02  7.722e-05  6.154e-04 -1.984e+02  7.674e+01  2.984e+02 -2.175e+02 -8.192e+01 
  2.403e+03  2.826e-04  2.453e-03 -7.714e+02  2.984e+02  1.161e+03 -8.459e+02 -3.186e+02 
 -1.726e+03 -2.131e-04 -1.766e-03  5.622e+02 -2.175e+02 -8.459e+02  6.165e+02  2.322e+02 
 -6.541e+02 -8.367e-05 -6.654e-04  2.118e+02 -8.192e+01 -3.186e+02  2.322e+02  8.746e+01 
ERR MATRIX APPROXIMATE
 PARAMETER  CORRELATION COEFFICIENTS  
       NO.  GLOBAL      1      3      4     20     21     22     23     24
        1  0.31531   1.000  0.065  0.200 -0.039  0.051  0.051 -0.050 -0.051
        3  0.30535   0.065  1.000 -0.029  0.011  0.014  0.013 -0.014 -0.014
        4  0.23595   0.200 -0.029  1.000 -0.036  0.039  0.040 -0.040 -0.040
       20  0.99296  -0.039  0.011 -0.036  1.000 -0.992 -0.992  0.992  0.992
       21  0.99998   0.051  0.014  0.039 -0.992  1.000  1.000 -1.000 -1.000
       22  1.00000   0.051  0.013  0.040 -0.992  1.000  1.000 -1.000 -1.000
       23  1.00000  -0.050 -0.014 -0.040  0.992 -1.000 -1.000  1.000  1.000
       24  0.99999  -0.051 -0.014 -0.040  0.992 -1.000 -1.000  1.000  1.000
 ERR MATRIX APPROXIMATE
MINUIT - FIT ONLY 1-CBO + wiggle
 **********
 **   16 **RES 
 **********
                   PARAMETER   16  beta_vw RESTORED TO VARIABLE.
                   PARAMETER   14  alpha_vw RESTORED TO VARIABLE.
                   PARAMETER   13  beta_y RESTORED TO VARIABLE.
                   PARAMETER   11  alpha_y RESTORED TO VARIABLE.
                   PARAMETER   10  beta_2CBO RESTORED TO VARIABLE.
                   PARAMETER    9  alpha_2CBO RESTORED TO VARIABLE.
                   PARAMETER    8  beta_CBO RESTORED TO VARIABLE.
                   PARAMETER    6  alpha_CBO RESTORED TO VARIABLE.
 **********
 **   17 **FIX            8
 **********
 **********
 **   18 **FIX            9
 **********
 **********
 **   19 **FIX           11
 **********
 **********
 **   20 **FIX           12
 **********
 PARAMETER   12  IS CONSTANT.   IGNORED.
 **********
 **   21 **FIX           14
 **********
 **********
 **   22 **FIX           15
 **********
 PARAMETER   15  IS CONSTANT.   IGNORED.
 **********
 **   23 **FIX           16
 **********
 **********
 **   24 **MIGRAD
 **********
 START MIGRAD MINIMIZATION.  STRATEGY  1.  CONVERGENCE WHEN EDM .LT. 1.00e-04
 FCN=78.8706 FROM MIGRAD    STATUS=INITIATE       28 CALLS        1364 TOTAL
                     EDM= unknown      STRATEGY= 1      NO ERROR MATRIX       
  EXT PARAMETER               CURRENT GUESS       STEP         FIRST   
  NO.   NAME      VALUE            ERROR          SIZE      DERIVATIVE 
   1  N0           2.88750e+06   1.38273e+03   1.09739e+01  -6.60533e-07
   2  tau          6.43977e+01   constant   
   3  A0           3.57709e-01   6.27570e-04   5.84196e-07   1.19672e+01
   4  phi          4.11827e+00   1.78753e-03   9.43679e-06   1.96186e+00
   5  R           -6.10082e+01   constant   
   6  alpha_CBO    0.00000e+00   1.00000e-03   1.00000e-03   6.28954e+03
   7  w_CBO        2.32500e+00   constant   
   8  beta_CBO     0.00000e+00     fixed    
   9  alpha_2CBO   0.00000e+00     fixed    
  10  beta_2CBO    0.00000e+00   1.00000e-03   1.00000e-03   1.12604e+03
  11  alpha_y      0.00000e+00     fixed    
  12  w_y          1.38860e+01   constant   
  13  beta_y       0.00000e+00   1.00000e-03   1.00000e-03  -3.62447e+03
  14  alpha_vw     0.00000e+00     fixed    
  15  w_vw         1.43404e+01   constant   
  16  beta_vw      0.00000e+00     fixed    
  17  LM          -2.57919e-04   constant   
  18  zeta_y       0.00000e+00   constant   
  19  zeta_vw      0.00000e+00   constant   
  20  T_CBO        3.74306e+01   2.27608e+01  -5.23073e-03  -3.10657e+00
  21  alpha_A0     2.25553e+00   8.76023e+00   3.53758e-01  -2.21966e-02
  22  beta_A0      8.20135e+00   3.40678e+01   1.37480e+00  -6.86715e-04
  23  alpha_phi   -6.11790e+00   2.48289e+01  -1.00221e+00   9.28437e-03
  24  beta_phi    -2.27596e+00   9.35215e+00  -3.77449e-01  -4.69297e-03
 CALL LIMIT EXCEEDED IN MIGRAD.
 MIGRAD TERMINATED WITHOUT CONVERGENCE.
 FCN=72.899 FROM MIGRAD    STATUS=CALL LIMIT   1919 CALLS        3255 TOTAL
                     EDM=0.00387521    STRATEGY= 1  ERROR MATRIX UNCERTAINTY  14.4 per cent
  EXT PARAMETER                APPROXIMATE        STEP         FIRST   
  NO.   NAME      VALUE            ERROR          SIZE      DERIVATIVE 
   1  N0           2.88730e+06   1.29681e+03  -1.53729e+01  -3.25467e-05
   2  tau          6.43977e+01   constant   
   3  A0           3.57394e-01   6.25474e-04   4.15107e-06   4.30810e+01
   4  phi          4.11825e+00   1.73986e-03  -5.97259e-07  -2.65657e+00
   5  R           -6.10082e+01   constant   
   6  alpha_CBO   -1.38565e-03   6.54095e-04  -2.99748e-06  -1.95067e+01
   7  w_CBO        2.32500e+00   constant   
   8  beta_CBO     0.00000e+00     fixed    
   9  alpha_2CBO   0.00000e+00     fixed    
  10  beta_2CBO   -1.84394e-04   6.50942e-04   5.49251e-06   3.26244e+01
  11  alpha_y      0.00000e+00     fixed    
  12  w_y          1.38860e+01   constant   
  13  beta_y       7.44273e-04   6.46155e-04   3.20230e-06   1.39117e+01
  14  alpha_vw     0.00000e+00     fixed    
  15  w_vw         1.43404e+01   constant   
  16  beta_vw      0.00000e+00     fixed    
  17  LM          -2.57919e-04   constant   
  18  zeta_y       0.00000e+00   constant   
  19  zeta_vw      0.00000e+00   constant   
  20  T_CBO        1.73304e+01   2.96274e+00  -2.58251e-04   1.71688e+00
  21  alpha_A0    -1.94579e+04   5.72244e+04  -1.42368e+03  -1.73953e-06
  22  beta_A0      1.17538e+05   3.45728e+05   8.60157e+03  -4.75086e-09
  23  alpha_phi   -8.88263e+04   2.61406e+05  -6.50387e+03   7.00459e-07
  24  beta_phi    -1.51871e+04   4.46839e+04  -1.11171e+03  -1.24077e-06
 EXTERNAL ERROR MATRIX.    NDIM=  25    NPAR= 11    ERR DEF=1
  1.682e+06 
  9.546e-02  3.912e-07 
  3.033e-01 -3.084e-08  3.027e-06 
  1.139e-02  9.723e-08  5.069e-08  4.278e-07 
  6.969e-02 -1.835e-08  7.978e-09 -1.791e-08  4.237e-07 
  4.000e-04 -9.644e-09  2.357e-08  1.066e-08 -1.300e-08  4.175e-07 
  1.852e+03 -4.091e-04  6.394e-04  2.041e-04 -4.373e-04 -2.117e-04  8.779e+00 
  3.458e+07 -8.663e+00  1.152e+01  4.228e+00 -8.391e+00 -3.799e+00  1.636e+05  3.275e+09 
 -2.089e+08  5.234e+01 -6.963e+01 -2.554e+01  5.070e+01  2.295e+01 -9.884e+05 -1.978e+10  1.195e+11 
  1.580e+08 -3.957e+01  5.265e+01  1.931e+01 -3.833e+01 -1.735e+01  7.473e+05  1.496e+10 -9.038e+10  6.833e+10 
  2.700e+07 -6.765e+00  9.001e+00  3.300e+00 -6.551e+00 -2.966e+00  1.277e+05  2.557e+09 -1.545e+10  1.168e+10  1.997e+09 
ERR MATRIX APPROXIMATE
 PARAMETER  CORRELATION COEFFICIENTS  
       NO.  GLOBAL      1      3      4      6     10     13     20     21     22     23     24
        1  0.62272   1.000  0.118  0.134  0.013  0.083  0.000  0.482  0.466 -0.466  0.466  0.466
        3  0.49771   0.118  1.000 -0.028  0.238 -0.045 -0.024 -0.221 -0.242  0.242 -0.242 -0.242
        4  0.20841   0.134 -0.028  1.000  0.045  0.007  0.021  0.124  0.116 -0.116  0.116  0.116
        6  0.37961   0.013  0.238  0.045  1.000 -0.042  0.025  0.105  0.113 -0.113  0.113  0.113
       10  0.39161   0.083 -0.045  0.007 -0.042  1.000 -0.031 -0.227 -0.225  0.225 -0.225 -0.225
       13  0.18189   0.000 -0.024  0.021  0.025 -0.031  1.000 -0.111 -0.103  0.103 -0.103 -0.103
       20  0.96840   0.482 -0.221  0.124  0.105 -0.227 -0.111  1.000  0.965 -0.965  0.965  0.965
       21  1.00000   0.466 -0.242  0.116  0.113 -0.225 -0.103  0.965  1.000 -1.000  1.000  1.000
       22  1.00000  -0.466  0.242 -0.116 -0.113  0.225  0.103 -0.965 -1.000  1.000 -1.000 -1.000
       23  1.00000   0.466 -0.242  0.116  0.113 -0.225 -0.103  0.965  1.000 -1.000  1.000  1.000
       24  1.00000   0.466 -0.242  0.116  0.113 -0.225 -0.103  0.965  1.000 -1.000  1.000  1.000
 ERR MATRIX APPROXIMATE
MINUIT - FIT ONLY 2-CBO
 **********
 **   25 **RES 
 **********
                   PARAMETER   16  beta_vw RESTORED TO VARIABLE.
                   PARAMETER   14  alpha_vw RESTORED TO VARIABLE.
                   PARAMETER   11  alpha_y RESTORED TO VARIABLE.
                   PARAMETER    9  alpha_2CBO RESTORED TO VARIABLE.
                   PARAMETER    8  beta_CBO RESTORED TO VARIABLE.
 **********
 **   26 **FIX            0
 **********
 PARAMETER    0  IS UNDEFINED. IGNORED.
 **********
 **   27 **FIX            1
 **********
 **********
 **   28 **FIX            2
 **********
 PARAMETER    2  IS CONSTANT.   IGNORED.
 **********
 **   29 **FIX            3
 **********
 **********
 **   30 **FIX            4
 **********
 **********
 **   31 **FIX            5
 **********
 PARAMETER    5  IS CONSTANT.   IGNORED.
 **********
 **   32 **FIX            6
 **********
 **********
 **   33 **FIX            7
 **********
 PARAMETER    7  IS CONSTANT.   IGNORED.
 **********
 **   34 **FIX           10
 **********
 **********
 **   35 **FIX           11
 **********
 **********
 **   36 **FIX           12
 **********
 PARAMETER   12  IS CONSTANT.   IGNORED.
 **********
 **   37 **FIX           13
 **********
 **********
 **   38 **FIX           14
 **********
 **********
 **   39 **FIX           15
 **********
 PARAMETER   15  IS CONSTANT.   IGNORED.
 **********
 **   40 **FIX           16
 **********
 **********
 **   41 **MIGRAD
 **********
 START MIGRAD MINIMIZATION.  STRATEGY  1.  CONVERGENCE WHEN EDM .LT. 1.00e-04
 FCN=72.899 FROM MIGRAD    STATUS=INITIATE       18 CALLS        3273 TOTAL
                     EDM= unknown      STRATEGY= 1      NO ERROR MATRIX       
  EXT PARAMETER               CURRENT GUESS       STEP         FIRST   
  NO.   NAME      VALUE            ERROR          SIZE      DERIVATIVE 
   1  N0           2.88730e+06     fixed    
   2  tau          6.43977e+01   constant   
   3  A0           3.57394e-01     fixed    
   4  phi          4.11825e+00     fixed    
   5  R           -6.10082e+01   constant   
   6  alpha_CBO   -1.38565e-03     fixed    
   7  w_CBO        2.32500e+00   constant   
   8  beta_CBO     0.00000e+00   1.00000e-03   1.00000e-03   6.50726e+03
   9  alpha_2CBO   0.00000e+00   1.00000e-03   1.00000e-03  -3.56553e+03
  10  beta_2CBO   -1.84394e-04     fixed    
  11  alpha_y      0.00000e+00     fixed    
  12  w_y          1.38860e+01   constant   
  13  beta_y       7.44273e-04     fixed    
  14  alpha_vw     0.00000e+00     fixed    
  15  w_vw         1.43404e+01   constant   
  16  beta_vw      0.00000e+00     fixed    
  17  LM          -2.57919e-04   constant   
  18  zeta_y       0.00000e+00   constant   
  19  zeta_vw      0.00000e+00   constant   
  20  T_CBO        1.73304e+01   2.96274e+00  -2.58251e-04   1.71659e+00
  21  alpha_A0    -1.94579e+04   5.72244e+04  -1.42368e+03  -1.73953e-06
  22  beta_A0      1.17538e+05   3.45728e+05   8.60157e+03  -4.75132e-09
  23  alpha_phi   -8.88263e+04   2.61406e+05  -6.50387e+03   7.00459e-07
  24  beta_phi    -1.51871e+04   4.46839e+04  -1.11171e+03  -1.24077e-06
 CALL LIMIT EXCEEDED IN MIGRAD.
 MIGRAD TERMINATED WITHOUT CONVERGENCE.
 FCN=66.9656 FROM MIGRAD    STATUS=CALL LIMIT   1145 CALLS        4400 TOTAL
                     EDM=0.00091508    STRATEGY= 1  ERROR MATRIX UNCERTAINTY  31.6 per cent
  EXT PARAMETER                APPROXIMATE        STEP         FIRST   
  NO.   NAME      VALUE            ERROR          SIZE      DERIVATIVE 
   1  N0           2.88730e+06     fixed    
   2  tau          6.43977e+01   constant   
   3  A0           3.57394e-01     fixed    
   4  phi          4.11825e+00     fixed    
   5  R           -6.10082e+01   constant   
   6  alpha_CBO   -1.38565e-03     fixed    
   7  w_CBO        2.32500e+00   constant   
   8  beta_CBO    -1.39033e-03   6.61885e-04   7.43247e-06   1.34290e+01
   9  alpha_2CBO   7.01979e-04   6.54810e-04   9.80134e-06   4.87599e-01
  10  beta_2CBO   -1.84394e-04     fixed    
  11  alpha_y      0.00000e+00     fixed    
  12  w_y          1.38860e+01   constant   
  13  beta_y       7.44273e-04     fixed    
  14  alpha_vw     0.00000e+00     fixed    
  15  w_vw         1.43404e+01   constant   
  16  beta_vw      0.00000e+00     fixed    
  17  LM          -2.57919e-04   constant   
  18  zeta_y       0.00000e+00   constant   
  19  zeta_vw      0.00000e+00   constant   
  20  T_CBO        1.13532e+01   3.23446e+00  -8.50500e-04  -6.91965e+00
  21  alpha_A0    -3.31224e+07   2.19427e+08  -5.59763e+06  -1.32191e-10
  22  beta_A0      6.48452e+08   4.23063e+09   1.07941e+08  -1.14669e-10
  23  alpha_phi   -8.27719e+08   5.40293e+09  -1.37851e+08  -3.64832e-11
  24  beta_phi    -5.22446e+07   3.39950e+08  -8.67354e+06   7.40429e-12
 EXTERNAL ERROR MATRIX.    NDIM=  25    NPAR=  7    ERR DEF=1
  4.381e-07  1.287e-08 -2.371e-04 -2.133e+04  4.111e+05 -5.251e+05 -3.303e+04 
  1.287e-08  4.288e-07 -3.804e-04 -2.463e+04  4.746e+05 -6.062e+05 -3.813e+04 
 -2.371e-04 -3.804e-04  1.047e+01  7.035e+08 -1.356e+10  1.732e+10  1.090e+09 
 -2.133e+04 -2.463e+04  7.035e+08  4.815e+16 -9.283e+17  1.186e+18  7.459e+16 
  4.111e+05  4.746e+05 -1.356e+10 -9.283e+17  1.790e+19 -2.286e+19 -1.438e+18 
 -5.251e+05 -6.062e+05  1.732e+10  1.186e+18 -2.286e+19  2.919e+19  1.837e+18 
 -3.303e+04 -3.813e+04  1.090e+09  7.459e+16 -1.438e+18  1.837e+18  1.156e+17 
ERR MATRIX APPROXIMATE
 PARAMETER  CORRELATION COEFFICIENTS  
       NO.  GLOBAL      8      9     20     21     22     23     24
        8  0.32071   1.000  0.030 -0.111 -0.147  0.147 -0.147 -0.147
        9  0.22629   0.030  1.000 -0.180 -0.171  0.171 -0.171 -0.171
       20  0.99231  -0.111 -0.180  1.000  0.991 -0.991  0.991  0.991
       21  1.00000  -0.147 -0.171  0.991  1.000 -1.000  1.000  1.000
       22  1.00000   0.147  0.171 -0.991 -1.000  1.000 -1.000 -1.000
       23  1.00000  -0.147 -0.171  0.991  1.000 -1.000  1.000  1.000
       24  1.00000  -0.147 -0.171  0.991  1.000 -1.000  1.000  1.000
 ERR MATRIX APPROXIMATE
MINUIT - FIT wiggle + 1-CBO + 2-CBO
 **********
 **   42 **RES 
 **********
                   PARAMETER   16  beta_vw RESTORED TO VARIABLE.
                   PARAMETER   14  alpha_vw RESTORED TO VARIABLE.
                   PARAMETER   13  beta_y RESTORED TO VARIABLE.
                   PARAMETER   11  alpha_y RESTORED TO VARIABLE.
                   PARAMETER   10  beta_2CBO RESTORED TO VARIABLE.
                   PARAMETER    6  alpha_CBO RESTORED TO VARIABLE.
                   PARAMETER    4  phi RESTORED TO VARIABLE.
                   PARAMETER    3  A0 RESTORED TO VARIABLE.
                   PARAMETER    1  N0 RESTORED TO VARIABLE.
 **********
 **   43 **FIX           10
 **********
 **********
 **   44 **FIX           11
 **********
 **********
 **   45 **FIX           12
 **********
 PARAMETER   12  IS CONSTANT.   IGNORED.
 **********
 **   46 **FIX           13
 **********
 **********
 **   47 **FIX           14
 **********
 **********
 **   48 **FIX           15
 **********
 PARAMETER   15  IS CONSTANT.   IGNORED.
 **********
 **   49 **FIX           16
 **********
 **********
 **   50 **MIGRAD
 **********
 START MIGRAD MINIMIZATION.  STRATEGY  1.  CONVERGENCE WHEN EDM .LT. 1.00e-04
 FCN=66.9655 FROM MIGRAD    STATUS=INITIATE      138 CALLS        4538 TOTAL
                     EDM= unknown      STRATEGY= 1      NO ERROR MATRIX       
  EXT PARAMETER               CURRENT GUESS       STEP         FIRST   
  NO.   NAME      VALUE            ERROR          SIZE      DERIVATIVE 
   1  N0           2.88730e+06   1.29681e+03   0.00000e+00  -1.11286e-04
   2  tau          6.43977e+01   constant   
   3  A0           3.57394e-01   6.25474e-04   0.00000e+00  -3.40437e+01
   4  phi          4.11825e+00   1.73986e-03   0.00000e+00   4.21763e+02
   5  R           -6.10082e+01   constant   
   6  alpha_CBO   -1.38565e-03   6.54095e-04   0.00000e+00  -1.41207e+02
   7  w_CBO        2.32500e+00   constant   
   8  beta_CBO    -1.39033e-03   6.61885e-04   0.00000e+00   1.35304e+01
   9  alpha_2CBO   7.01979e-04   6.54810e-04   0.00000e+00   1.84048e-01
  10  beta_2CBO   -1.84394e-04     fixed    
  11  alpha_y      0.00000e+00     fixed    
  12  w_y          1.38860e+01   constant   
  13  beta_y       7.44273e-04     fixed    
  14  alpha_vw     0.00000e+00     fixed    
  15  w_vw         1.43404e+01   constant   
  16  beta_vw      0.00000e+00     fixed    
  17  LM          -2.57919e-04   constant   
  18  zeta_y       0.00000e+00   constant   
  19  zeta_vw      0.00000e+00   constant   
  20  T_CBO        1.13532e+01   3.23446e+00   0.00000e+00  -7.13707e+00
  21  alpha_A0    -3.31224e+07   2.19427e+08   0.00000e+00  -1.32007e-10
  22  beta_A0      6.48452e+08   4.23063e+09   0.00000e+00  -1.14756e-10
  23  alpha_phi   -8.26930e+08   5.40293e+09   0.00000e+00  -3.55418e-11
  24  beta_phi    -5.22944e+07   3.39950e+08  -2.49241e+04   7.16585e-12
 MIGRAD MINIMIZATION HAS CONVERGED.
 MIGRAD WILL VERIFY CONVERGENCE AND ERROR MATRIX.
 COVARIANCE MATRIX CALCULATED SUCCESSFULLY
 FCN=66.8176 FROM MIGRAD    STATUS=CONVERGED     484 CALLS        4884 TOTAL
                     EDM=1.15095e-06    STRATEGY= 1      ERROR MATRIX ACCURATE 
  EXT PARAMETER                                   STEP         FIRST   
  NO.   NAME      VALUE            ERROR          SIZE      DERIVATIVE 
   1  N0           2.88735e+06   1.41421e+00   5.16238e+00   5.80837e-07
   2  tau          6.43977e+01   constant   
   3  A0           3.57431e-01   6.35931e-04   2.45973e-06  -1.18949e+00
   4  phi          4.11760e+00   1.74922e-03   6.89596e-06   2.55426e-01
   5  R           -6.10082e+01   constant   
   6  alpha_CBO   -1.35508e-03   6.52351e-04   2.54981e-06  -8.92288e-01
   7  w_CBO        2.32500e+00   constant   
   8  beta_CBO    -1.44087e-03   6.73950e-04   2.63829e-06   7.05975e-01
   9  alpha_2CBO   6.83070e-04   6.63326e-04   2.59749e-06  -4.51485e-01
  10  beta_2CBO   -1.84394e-04     fixed    
  11  alpha_y      0.00000e+00     fixed    
  12  w_y          1.38860e+01   constant   
  13  beta_y       7.44273e-04     fixed    
  14  alpha_vw     0.00000e+00     fixed    
  15  w_vw         1.43404e+01   constant   
  16  beta_vw      0.00000e+00     fixed    
  17  LM          -2.57919e-04   constant   
  18  zeta_y       0.00000e+00   constant   
  19  zeta_vw      0.00000e+00   constant   
  20  T_CBO        1.13304e+01   5.07309e-01   1.86377e-05   1.60108e-01
  21  alpha_A0    -2.65042e+07   1.41421e+00   2.32925e+01  -2.47056e-10
  22  beta_A0      7.35413e+08   1.41421e+00   3.50672e+02  -3.16350e-11
  23  alpha_phi   -8.75368e+08   1.41421e+00   4.17408e+02  -1.02136e-14
  24  beta_phi    -1.78894e+08   1.41421e+00   8.53035e+01  -3.47287e-11
 EXTERNAL ERROR MATRIX.    NDIM=  25    NPAR= 11    ERR DEF=1
  2.000e+00 
  6.277e-08  4.044e-07 
  3.994e-07 -4.703e-08  3.060e-06 
  3.781e-08  9.209e-08  3.594e-08  4.256e-07 
 -6.141e-08 -1.324e-08  2.166e-07  6.172e-09  4.542e-07 
 -3.112e-08 -1.639e-08  7.011e-08  1.593e-08  2.639e-08  4.400e-07 
 -5.121e-05  4.546e-05 -4.338e-06 -6.909e-06  3.647e-05 -6.892e-05  2.574e-01 
  4.197e-14  1.274e-13 -5.728e-13  2.070e-13 -2.548e-14 -3.000e-14  2.126e-10  2.000e+00 
  5.098e-13  2.104e-14  1.923e-13  2.312e-14  7.870e-14  1.032e-14 -4.743e-10  4.767e-15  2.000e+00 
  4.417e-13  4.778e-14  1.064e-13  2.828e-14  5.272e-14  3.405e-15  5.647e-10  1.802e-17  6.269e-18  2.000e+00 
 -7.568e-14 -1.624e-13  3.482e-13 -7.923e-14  7.185e-14  1.346e-14  4.410e-12 -4.006e-16 -1.045e-16  4.824e-18  2.000e+00 
 PARAMETER  CORRELATION COEFFICIENTS  
       NO.  GLOBAL      1      3      4      6      8      9     20     21     22     23     24
        1  0.00022   1.000  0.000  0.000  0.000 -0.000 -0.000 -0.000  0.000  0.000  0.000 -0.000
        3  0.27334   0.000  1.000 -0.042  0.222 -0.031 -0.039  0.141  0.000  0.000  0.000 -0.000
        4  0.19696   0.000 -0.042  1.000  0.031  0.184  0.060 -0.005 -0.000  0.000  0.000  0.000
        6  0.23481   0.000  0.222  0.031  1.000  0.014  0.037 -0.021  0.000  0.000  0.000 -0.000
        8  0.22852  -0.000 -0.031  0.184  0.014  1.000  0.059  0.107 -0.000  0.000  0.000  0.000
        9  0.22725  -0.000 -0.039  0.060  0.037  0.059  1.000 -0.205 -0.000  0.000  0.000  0.000
       20  0.27744  -0.000  0.141 -0.005 -0.021  0.107 -0.205  1.000  0.000 -0.000  0.000  0.000
       21  0.00000   0.000  0.000 -0.000  0.000 -0.000 -0.000  0.000  1.000  0.000  0.000 -0.000
       22  0.00000   0.000  0.000  0.000  0.000  0.000  0.000 -0.000  0.000  1.000  0.000 -0.000
       23  0.00000   0.000  0.000  0.000  0.000  0.000  0.000  0.000  0.000  0.000  1.000  0.000
       24  0.00000  -0.000 -0.000  0.000 -0.000  0.000  0.000  0.000 -0.000 -0.000  0.000  1.000
MINUIT - FIT ONLY 1-y
 **********
 **   51 **RES 
 **********
                   PARAMETER   16  beta_vw RESTORED TO VARIABLE.
                   PARAMETER   14  alpha_vw RESTORED TO VARIABLE.
                   PARAMETER   13  beta_y RESTORED TO VARIABLE.
                   PARAMETER   11  alpha_y RESTORED TO VARIABLE.
                   PARAMETER   10  beta_2CBO RESTORED TO VARIABLE.
 **********
 **   52 **FIX            0
 **********
 PARAMETER    0  IS UNDEFINED. IGNORED.
 **********
 **   53 **FIX            1
 **********
 **********
 **   54 **FIX            2
 **********
 PARAMETER    2  IS CONSTANT.   IGNORED.
 **********
 **   55 **FIX            3
 **********
 **********
 **   56 **FIX            4
 **********
 **********
 **   57 **FIX            5
 **********
 PARAMETER    5  IS CONSTANT.   IGNORED.
 **********
 **   58 **FIX            6
 **********
 **********
 **   59 **FIX            7
 **********
 PARAMETER    7  IS CONSTANT.   IGNORED.
 **********
 **   60 **FIX            8
 **********
 **********
 **   61 **FIX            9
 **********
 **********
 **   62 **FIX           13
 **********
 **********
 **   63 **FIX           14
 **********
 **********
 **   64 **FIX           15
 **********
 PARAMETER   15  IS CONSTANT.   IGNORED.
 **********
 **   65 **FIX           16
 **********
 **********
 **   66 **MIGRAD
 **********
 START MIGRAD MINIMIZATION.  STRATEGY  1.  CONVERGENCE WHEN EDM .LT. 1.00e-04
 FCN=66.8176 FROM MIGRAD    STATUS=INITIATE       79 CALLS        4963 TOTAL
                     EDM= unknown      STRATEGY= 1      NO ERROR MATRIX       
  EXT PARAMETER               CURRENT GUESS       STEP         FIRST   
  NO.   NAME      VALUE            ERROR          SIZE      DERIVATIVE 
   1  N0           2.88735e+06     fixed    
   2  tau          6.43977e+01   constant   
   3  A0           3.57431e-01     fixed    
   4  phi          4.11760e+00     fixed    
   5  R           -6.10082e+01   constant   
   6  alpha_CBO   -1.35508e-03     fixed    
   7  w_CBO        2.32500e+00   constant   
   8  beta_CBO    -1.44087e-03     fixed    
   9  alpha_2CBO   6.83070e-04     fixed    
  10  beta_2CBO   -1.84394e-04   6.50942e-04   0.00000e+00   1.32401e+01
  11  alpha_y      0.00000e+00   1.00000e-03   0.00000e+00  -8.71856e+02
  12  w_y          1.38860e+01   constant   
  13  beta_y       7.44273e-04     fixed    
  14  alpha_vw     0.00000e+00     fixed    
  15  w_vw         1.43404e+01   constant   
  16  beta_vw      0.00000e+00     fixed    
  17  LM          -2.57919e-04   constant   
  18  zeta_y       0.00000e+00   constant   
  19  zeta_vw      0.00000e+00   constant   
  20  T_CBO        1.13304e+01   5.07309e-01   0.00000e+00   1.56631e-01
  21  alpha_A0    -2.64343e+07   1.41421e+00   2.32925e+04  -2.46576e-10
  22  beta_A0      7.35413e+08   1.41421e+00   0.00000e+00  -3.16847e-11
  23  alpha_phi   -8.75368e+08   1.41421e+00   0.00000e+00   4.34080e-15
  24  beta_phi    -1.78894e+08   1.41421e+00   0.00000e+00  -3.47423e-11
 CALL LIMIT EXCEEDED IN MIGRAD.
 MIGRAD TERMINATED WITHOUT CONVERGENCE.
 FCN=66.6067 FROM MIGRAD    STATUS=CALL LIMIT   1150 CALLS        6034 TOTAL
                     EDM=0.00385351    STRATEGY= 1  ERROR MATRIX UNCERTAINTY  28.8 per cent
  EXT PARAMETER                APPROXIMATE        STEP         FIRST   
  NO.   NAME      VALUE            ERROR          SIZE      DERIVATIVE 
   1  N0           2.88735e+06     fixed    
   2  tau          6.43977e+01   constant   
   3  A0           3.57431e-01     fixed    
   4  phi          4.11760e+00     fixed    
   5  R           -6.10082e+01   constant   
   6  alpha_CBO   -1.35508e-03     fixed    
   7  w_CBO        2.32500e+00   constant   
   8  beta_CBO    -1.44087e-03     fixed    
   9  alpha_2CBO   6.83070e-04     fixed    
  10  beta_2CBO   -1.45688e-04   5.95242e-04   2.28290e-05   1.03001e+02
  11  alpha_y      1.77794e-04   6.58811e-04  -1.10603e-06  -9.53250e+00
  12  w_y          1.38860e+01   constant   
  13  beta_y       7.44273e-04     fixed    
  14  alpha_vw     0.00000e+00     fixed    
  15  w_vw         1.43404e+01   constant   
  16  beta_vw      0.00000e+00     fixed    
  17  LM          -2.57919e-04   constant   
  18  zeta_y       0.00000e+00   constant   
  19  zeta_vw      0.00000e+00   constant   
  20  T_CBO        8.54293e+00   1.78376e+00  -4.80714e-04   1.72479e+00
  21  alpha_A0     5.36750e+11   3.35846e+12   1.09285e+11  -3.94367e-14
  22  beta_A0      4.99879e+12   3.12716e+13   1.01759e+12  -1.00739e-14
  23  alpha_phi   -6.62334e+12   4.14262e+13  -1.34798e+12  -8.77775e-15
  24  beta_phi    -6.90395e+11   4.31701e+12  -1.40466e+11  -6.91834e-15
 EXTERNAL ERROR MATRIX.    NDIM=  25    NPAR=  7    ERR DEF=1
  3.543e-07 -5.054e-09 -3.493e-04  6.721e+08  6.259e+09 -8.291e+09 -8.638e+08 
 -5.054e-09  4.340e-07 -3.621e-06  4.987e+06  4.644e+07 -6.152e+07 -6.447e+06 
 -3.493e-04 -3.621e-06  3.182e+00 -5.900e+12 -5.494e+13  7.277e+13  7.584e+12 
  6.721e+08  4.987e+06 -5.900e+12  1.128e+25  1.050e+26 -1.391e+26 -1.450e+25 
  6.259e+09  4.644e+07 -5.494e+13  1.050e+26  9.779e+26 -1.295e+27 -1.350e+26 
 -8.291e+09 -6.152e+07  7.277e+13 -1.391e+26 -1.295e+27  1.716e+27  1.788e+26 
 -8.638e+08 -6.447e+06  7.584e+12 -1.450e+25 -1.350e+26  1.788e+26  1.864e+25 
ERR MATRIX APPROXIMATE
 PARAMETER  CORRELATION COEFFICIENTS  
       NO.  GLOBAL     10     11     20     21     22     23     24
       10  0.37200   1.000 -0.013 -0.329  0.336  0.336 -0.336 -0.336
       11  0.03891  -0.013  1.000 -0.003  0.002  0.002 -0.002 -0.002
       20  0.98567  -0.329 -0.003  1.000 -0.985 -0.985  0.985  0.985
       21  1.00000   0.336  0.002 -0.985  1.000  1.000 -1.000 -1.000
       22  1.00000   0.336  0.002 -0.985  1.000  1.000 -1.000 -1.000
       23  1.00000  -0.336 -0.002  0.985 -1.000 -1.000  1.000  1.000
       24  1.00000  -0.336 -0.002  0.985 -1.000 -1.000  1.000  1.000
 ERR MATRIX APPROXIMATE
MINUIT - FIT ONLY 2-y
 **********
 **   67 **RES 
 **********
                   PARAMETER   16  beta_vw RESTORED TO VARIABLE.
                   PARAMETER   14  alpha_vw RESTORED TO VARIABLE.
                   PARAMETER   13  beta_y RESTORED TO VARIABLE.
                   PARAMETER    9  alpha_2CBO RESTORED TO VARIABLE.
                   PARAMETER    8  beta_CBO RESTORED TO VARIABLE.
                   PARAMETER    6  alpha_CBO RESTORED TO VARIABLE.
                   PARAMETER    4  phi RESTORED TO VARIABLE.
                   PARAMETER    3  A0 RESTORED TO VARIABLE.
                   PARAMETER    1  N0 RESTORED TO VARIABLE.
 **********
 **   68 **FIX            0
 **********
 PARAMETER    0  IS UNDEFINED. IGNORED.
 **********
 **   69 **FIX            1
 **********
 **********
 **   70 **FIX            2
 **********
 PARAMETER    2  IS CONSTANT.   IGNORED.
 **********
 **   71 **FIX            3
 **********
 **********
 **   72 **FIX            4
 **********
 **********
 **   73 **FIX            5
 **********
 PARAMETER    5  IS CONSTANT.   IGNORED.
 **********
 **   74 **FIX            6
 **********
 **********
 **   75 **FIX            7
 **********
 PARAMETER    7  IS CONSTANT.   IGNORED.
 **********
 **   76 **FIX            8
 **********
 **********
 **   77 **FIX            9
 **********
 **********
 **   78 **FIX           10
 **********
 **********
 **   79 **FIX           11
 **********
 **********
 **   80 **FIX           12
 **********
 PARAMETER   12  IS CONSTANT.   IGNORED.
 **********
 **   81 **FIX           16
 **********
 **********
 **   82 **MIGRAD
 **********
 START MIGRAD MINIMIZATION.  STRATEGY  1.  CONVERGENCE WHEN EDM .LT. 1.00e-04
 FCN=66.6067 FROM MIGRAD    STATUS=INITIATE       16 CALLS        6050 TOTAL
                     EDM= unknown      STRATEGY= 1      NO ERROR MATRIX       
  EXT PARAMETER               CURRENT GUESS       STEP         FIRST   
  NO.   NAME      VALUE            ERROR          SIZE      DERIVATIVE 
   1  N0           2.88735e+06     fixed    
   2  tau          6.43977e+01   constant   
   3  A0           3.57431e-01     fixed    
   4  phi          4.11760e+00     fixed    
   5  R           -6.10082e+01   constant   
   6  alpha_CBO   -1.35508e-03     fixed    
   7  w_CBO        2.32500e+00   constant   
   8  beta_CBO    -1.44087e-03     fixed    
   9  alpha_2CBO   6.83070e-04     fixed    
  10  beta_2CBO   -1.45688e-04     fixed    
  11  alpha_y      1.77794e-04     fixed    
  12  w_y          1.38860e+01   constant   
  13  beta_y       7.44273e-04   6.46155e-04   6.46155e-04   7.17025e+01
  14  alpha_vw     0.00000e+00   1.00000e-03   1.00000e-03  -1.86132e+03
  15  w_vw         1.43404e+01   constant   
  16  beta_vw      0.00000e+00     fixed    
  17  LM          -2.57919e-04   constant   
  18  zeta_y       0.00000e+00   constant   
  19  zeta_vw      0.00000e+00   constant   
  20  T_CBO        8.54293e+00   1.78376e+00  -4.80714e-04   1.72390e+00
  21  alpha_A0     5.36750e+11   3.35846e+12   1.09285e+11  -3.94367e-14
  22  beta_A0      4.99879e+12   3.12716e+13   1.01759e+12  -1.00739e-14
  23  alpha_phi   -6.62334e+12   4.14262e+13  -1.34798e+12  -8.77775e-15
  24  beta_phi    -6.90395e+11   4.31701e+12  -1.40466e+11  -6.91834e-15
 MIGRAD MINIMIZATION HAS CONVERGED.
 MIGRAD WILL VERIFY CONVERGENCE AND ERROR MATRIX.
 COVARIANCE MATRIX CALCULATED SUCCESSFULLY
 FCN=66.1931 FROM MIGRAD    STATUS=CONVERGED     253 CALLS        6287 TOTAL
                     EDM=5.21019e-07    STRATEGY= 1      ERROR MATRIX ACCURATE 
  EXT PARAMETER                                   STEP         FIRST   
  NO.   NAME      VALUE            ERROR          SIZE      DERIVATIVE 
   1  N0           2.88735e+06     fixed    
   2  tau          6.43977e+01   constant   
   3  A0           3.57431e-01     fixed    
   4  phi          4.11760e+00     fixed    
   5  R           -6.10082e+01   constant   
   6  alpha_CBO   -1.35508e-03     fixed    
   7  w_CBO        2.32500e+00   constant   
   8  beta_CBO    -1.44087e-03     fixed    
   9  alpha_2CBO   6.83070e-04     fixed    
  10  beta_2CBO   -1.45688e-04     fixed    
  11  alpha_y      1.77794e-04     fixed    
  12  w_y          1.38860e+01   constant   
  13  beta_y       8.49173e-04   6.71161e-04   2.57285e-06  -1.21153e-01
  14  alpha_vw     4.16558e-04   6.72563e-04   2.57816e-06   7.33637e-01
  15  w_vw         1.43404e+01   constant   
  16  beta_vw      0.00000e+00     fixed    
  17  LM          -2.57919e-04   constant   
  18  zeta_y       0.00000e+00   constant   
  19  zeta_vw      0.00000e+00   constant   
  20  T_CBO        8.57225e+00   2.55890e-01   1.11237e-05   3.27493e-01
  21  alpha_A0     1.68297e+12   1.41421e+00   8.02501e+05  -1.22564e-15
  22  beta_A0      4.62724e+12   1.41421e+00   2.20644e+06  -2.88481e-15
  23  alpha_phi   -5.64201e+12   1.41421e+00   2.69032e+06  -3.09485e-17
  24  beta_phi    -2.11718e+11   1.41421e+00   1.00955e+05   8.82593e-17
 EXTERNAL ERROR MATRIX.    NDIM=  25    NPAR=  7    ERR DEF=1
  4.505e-07  1.298e-07 -2.204e-06  1.724e-20  6.980e-19  4.070e-19  3.279e-18 
  1.298e-07  4.523e-07 -2.533e-06  9.242e-19  2.759e-20  2.412e-19 -4.422e-19 
 -2.204e-06 -2.533e-06  6.548e-02 -9.688e-15 -4.354e-14  4.784e-14 -7.665e-15 
  1.724e-20  9.242e-19 -9.688e-15  2.000e+00  1.524e-23 -2.045e-25  3.158e-24 
  6.980e-19  2.759e-20 -4.354e-14  1.524e-23  2.000e+00  2.172e-25  7.150e-24 
  4.070e-19  2.412e-19  4.784e-14 -2.045e-25  2.172e-25  2.000e+00  7.738e-24 
  3.279e-18 -4.422e-19 -7.665e-15  3.158e-24  7.150e-24  7.738e-24  2.000e+00 
 PARAMETER  CORRELATION COEFFICIENTS  
       NO.  GLOBAL     13     14     20     21     22     23     24
       13  0.28758   1.000  0.287 -0.013  0.000  0.000  0.000  0.000
       14  0.28766   0.287  1.000 -0.015  0.000  0.000  0.000 -0.000
       20  0.01724  -0.013 -0.015  1.000 -0.000 -0.000  0.000 -0.000
       21  0.00000   0.000  0.000 -0.000  1.000  0.000 -0.000  0.000
       22  0.00000   0.000  0.000 -0.000  0.000  1.000  0.000  0.000
       23  0.00000   0.000  0.000  0.000 -0.000  0.000  1.000  0.000
