 + ++++++++++++++++++++++++++++++++++++++++++++++++++++++++++++++++++++ +
 +                                                                      +
 +           You have chose to blind your fitting according to          +
 +                omega_ref * (1 + (R +/- deltaR) *10^{-6})             +
 +                                                                      +
 + ++++++++++++++++++++++++++++++++++++++++++++++++++++++++++++++++++++ +
In main()...
reading format from /gm2data/zkhechad/run45/envelope/formats/formatB_sBin_constraintOn.txt
pBinTau 	= 0  
pBinPhi 	= 0  
constraintau 	= 1 
includeMopTerm 	= 0    
constrainMop    = 0   
Parameters after format file: pBinTau 0 pBinPhi 0 constraintau 1 includeMopTerm 0 constrainMop 0 c_e_scale 0.000000 
Opening file /gm2data/tbarrett/gm2fr/studies/run23_bunch_corrections/CorrectedFourier_Run3b.root.
reading full fit data from /gm2data/zkhechad/cboTemplates/Run4CBOTemplates/fullFits/noRF/sBin_constraintOn_cE0.0_seed0_noRF_calo21.root
windowBins = 69
fitting sliding window 1960 from bin 2096 at 312.574000 to bin 2165 at 323.018000 (69 bins)

Reading data from /gm2data/cornell/histograms/aMethod/histogram_a_noRF.root
 **********
 **    1 **SET PRINTOUT            1
 **********
 **********
 **    2 **SET NOWARNINGS 
 **********
 PARAMETER DEFINITIONS:
    NO.   NAME         VALUE      STEP SIZE      LIMITS
     1 N0           2.83609e+06  1.00000e+02     no limits
     2 tau          6.44055e+01  constant
     3 A0           3.54106e-01  1.00000e-04     no limits
     4 phi          4.11637e+00  1.00000e-02     no limits
     5 R           -5.93657e+01  constant
     6 alpha_CBO    0.00000e+00  1.00000e-03     no limits
     7 w_CBO        2.32500e+00  constant
     8 beta_CBO     0.00000e+00  1.00000e-03     no limits
     9 alpha_2CBO   0.00000e+00  1.00000e-03     no limits
    10 beta_2CBO    0.00000e+00  1.00000e-03     no limits
    11 alpha_y      0.00000e+00  1.00000e-03     no limits
    12 w_y          1.38860e+01  constant
    13 beta_y       0.00000e+00  1.00000e-03     no limits
    14 alpha_vw     0.00000e+00  1.00000e-03     no limits
    15 w_vw         1.43404e+01  constant
    16 beta_vw      0.00000e+00  1.00000e-03     no limits
    17 LM           6.62355e-05  constant
    18 zeta_y       0.00000e+00  constant
    19 zeta_vw      0.00000e+00  constant
    20 T_CBO        1.00000e+02  1.00000e+00    0.00000e+00  1.00000e+03
    21 alpha_A0     0.00000e+00  1.00000e-03     no limits
    22 beta_A0      0.00000e+00  1.00000e-03     no limits
    23 alpha_phi    0.00000e+00  1.00000e-03     no limits
    24 beta_phi     0.00000e+00  1.00000e-03     no limits
MINUIT - FIT ONLY WIGGLE
 **********
 **    3 **FIX            5
 **********
 PARAMETER    5  IS CONSTANT.   IGNORED.
 **********
 **    4 **FIX            6
 **********
 **********
 **    5 **FIX            7
 **********
 PARAMETER    7  IS CONSTANT.   IGNORED.
 **********
 **    6 **FIX            8
 **********
 **********
 **    7 **FIX            9
 **********
 **********
 **    8 **FIX           10
 **********
 **********
 **    9 **FIX           11
 **********
 **********
 **   10 **FIX           12
 **********
 PARAMETER   12  IS CONSTANT.   IGNORED.
 **********
 **   11 **FIX           13
 **********
 **********
 **   12 **FIX           14
 **********
 **********
 **   13 **FIX           15
 **********
 PARAMETER   15  IS CONSTANT.   IGNORED.
 **********
 **   14 **FIX           16
 **********
 **********
 **   15 **MIGRAD
 **********
 FIRST CALL TO USER FUNCTION AT NEW START POINT, WITH IFLAG=4.
 START MIGRAD MINIMIZATION.  STRATEGY  1.  CONVERGENCE WHEN EDM .LT. 1.00e-04
 FCN=79.9864 FROM MIGRAD    STATUS=INITIATE      437 CALLS         438 TOTAL
                     EDM= unknown      STRATEGY= 1      NO ERROR MATRIX       
  EXT PARAMETER               CURRENT GUESS       STEP         FIRST   
  NO.   NAME      VALUE            ERROR          SIZE      DERIVATIVE 
   1  N0           2.83609e+06   1.00000e+02   0.00000e+00   1.69782e-03
   2  tau          6.44055e+01   constant   
   3  A0           3.54106e-01   1.00000e-04   0.00000e+00   5.05752e+02
   4  phi          4.11637e+00   1.00000e-02   0.00000e+00  -8.93616e+02
   5  R           -5.93657e+01   constant   
   6  alpha_CBO    0.00000e+00     fixed    
   7  w_CBO        2.32500e+00   constant   
   8  beta_CBO     0.00000e+00     fixed    
   9  alpha_2CBO   0.00000e+00     fixed    
  10  beta_2CBO    0.00000e+00     fixed    
  11  alpha_y      0.00000e+00     fixed    
  12  w_y          1.38860e+01   constant   
  13  beta_y       0.00000e+00     fixed    
  14  alpha_vw     0.00000e+00     fixed    
  15  w_vw         1.43404e+01   constant   
  16  beta_vw      0.00000e+00     fixed    
  17  LM           6.62355e-05   constant   
  18  zeta_y       0.00000e+00   constant   
  19  zeta_vw      0.00000e+00   constant   
  20  T_CBO        1.00000e+02   1.00000e+00   0.00000e+00   0.00000e+00
  21  alpha_A0     0.00000e+00   1.00000e-03   0.00000e+00   2.36531e+01
  22  beta_A0      0.00000e+00   1.00000e-03   0.00000e+00   6.98408e+00
  23  alpha_phi    0.00000e+00   1.00000e-03   0.00000e+00  -5.17834e+00
  24  beta_phi     0.00000e+00   1.00000e-03   0.00000e+00   1.63495e+01
 CALL LIMIT EXCEEDED IN MIGRAD.
 MIGRAD TERMINATED WITHOUT CONVERGENCE.
 FCN=76.1845 FROM MIGRAD    STATUS=CALL LIMIT   1322 CALLS        1323 TOTAL
                     EDM=0.00119068    STRATEGY= 1  ERROR MATRIX UNCERTAINTY   9.8 per cent
  EXT PARAMETER                APPROXIMATE        STEP         FIRST   
  NO.   NAME      VALUE            ERROR          SIZE      DERIVATIVE 
   1  N0           2.83410e+06   1.46272e+03   3.16702e+01  -5.50977e-06
   2  tau          6.44055e+01   constant   
   3  A0           3.54023e-01   6.87420e-04  -7.73841e-06  -5.10099e+00
   4  phi          4.11855e+00   2.01785e-03  -1.70327e-05   2.12747e+00
   5  R           -5.93657e+01   constant   
   6  alpha_CBO    0.00000e+00     fixed    
   7  w_CBO        2.32500e+00   constant   
   8  beta_CBO     0.00000e+00     fixed    
   9  alpha_2CBO   0.00000e+00     fixed    
  10  beta_2CBO    0.00000e+00     fixed    
  11  alpha_y      0.00000e+00     fixed    
  12  w_y          1.38860e+01   constant   
  13  beta_y       0.00000e+00     fixed    
  14  alpha_vw     0.00000e+00     fixed    
  15  w_vw         1.43404e+01   constant   
  16  beta_vw      0.00000e+00     fixed    
  17  LM           6.62355e-05   constant   
  18  zeta_y       0.00000e+00   constant   
  19  zeta_vw      0.00000e+00   constant   
  20  T_CBO        3.70867e+01   2.26994e+01  -4.91095e-03  -2.87145e+00
  21  alpha_A0    -1.20721e+01   5.43518e+01  -2.06494e+00   5.20880e-03
  22  beta_A0      7.63983e-02   2.17472e-01  -7.49300e-03  -9.52299e-04
  23  alpha_phi    6.54178e+00   2.89946e+01   1.10116e+00  -7.85222e-03
  24  beta_phi    -8.03396e+00   3.55951e+01  -1.35261e+00  -3.57158e-03
 EXTERNAL ERROR MATRIX.    NDIM=  25    NPAR=  8    ERR DEF=1
  2.140e+06 -5.081e-02 -3.872e-01 -3.110e+03 -8.721e+03 -7.164e+01  4.612e+03 -5.682e+03 
 -5.081e-02  4.725e-07  2.109e-09  6.828e-04  2.184e-03  2.065e-05 -1.153e-03  1.419e-03 
 -3.872e-01  2.109e-09  4.072e-06  1.257e-03  3.301e-03  1.901e-05 -1.747e-03  2.163e-03 
 -3.110e+03  6.828e-04  1.257e-03  5.178e+02  1.222e+03  4.302e+00 -6.518e+02  8.003e+02 
 -8.721e+03  2.184e-03  3.301e-03  1.222e+03  2.954e+03  1.065e+01 -1.576e+03  1.935e+03 
 -7.164e+01  2.065e-05  1.901e-05  4.302e+00  1.065e+01  4.729e-02 -5.676e+00  6.966e+00 
  4.612e+03 -1.153e-03 -1.747e-03 -6.518e+02 -1.576e+03 -5.676e+00  8.407e+02 -1.032e+03 
 -5.682e+03  1.419e-03  2.163e-03  8.003e+02  1.935e+03  6.966e+00 -1.032e+03  1.267e+03 
ERR MATRIX APPROXIMATE
 PARAMETER  CORRELATION COEFFICIENTS  
       NO.  GLOBAL      1      3      4     20     21     22     23     24
        1  0.40565   1.000 -0.051 -0.131 -0.093 -0.110 -0.225  0.109 -0.109
        3  0.25311  -0.051  1.000  0.002  0.044  0.058  0.138 -0.058  0.058
        4  0.14891  -0.131  0.002  1.000  0.027  0.030  0.043 -0.030  0.030
       20  0.98943  -0.093  0.044  0.027  1.000  0.988  0.869 -0.988  0.988
       21  1.00000  -0.110  0.058  0.030  0.988  1.000  0.901 -1.000  1.000
       22  0.93731  -0.225  0.138  0.043  0.869  0.901  1.000 -0.900  0.900
       23  1.00000   0.109 -0.058 -0.030 -0.988 -1.000 -0.900  1.000 -1.000
       24  1.00000  -0.109  0.058  0.030  0.988  1.000  0.900 -1.000  1.000
 ERR MATRIX APPROXIMATE
MINUIT - FIT ONLY 1-CBO + wiggle
 **********
 **   16 **RES 
 **********
                   PARAMETER   16  beta_vw RESTORED TO VARIABLE.
                   PARAMETER   14  alpha_vw RESTORED TO VARIABLE.
                   PARAMETER   13  beta_y RESTORED TO VARIABLE.
                   PARAMETER   11  alpha_y RESTORED TO VARIABLE.
                   PARAMETER   10  beta_2CBO RESTORED TO VARIABLE.
                   PARAMETER    9  alpha_2CBO RESTORED TO VARIABLE.
                   PARAMETER    8  beta_CBO RESTORED TO VARIABLE.
                   PARAMETER    6  alpha_CBO RESTORED TO VARIABLE.
 **********
 **   17 **FIX            8
 **********
 **********
 **   18 **FIX            9
 **********
 **********
 **   19 **FIX           11
 **********
 **********
 **   20 **FIX           12
 **********
 PARAMETER   12  IS CONSTANT.   IGNORED.
 **********
 **   21 **FIX           14
 **********
 **********
 **   22 **FIX           15
 **********
 PARAMETER   15  IS CONSTANT.   IGNORED.
 **********
 **   23 **FIX           16
 **********
 **********
 **   24 **MIGRAD
 **********
 START MIGRAD MINIMIZATION.  STRATEGY  1.  CONVERGENCE WHEN EDM .LT. 1.00e-04
 FCN=76.1845 FROM MIGRAD    STATUS=INITIATE       28 CALLS        1351 TOTAL
                     EDM= unknown      STRATEGY= 1      NO ERROR MATRIX       
  EXT PARAMETER               CURRENT GUESS       STEP         FIRST   
  NO.   NAME      VALUE            ERROR          SIZE      DERIVATIVE 
   1  N0           2.83410e+06   1.46272e+03   3.16702e+01  -5.50977e-06
   2  tau          6.44055e+01   constant   
   3  A0           3.54023e-01   6.87420e-04  -7.73841e-06  -5.10099e+00
   4  phi          4.11855e+00   2.01785e-03  -1.70327e-05   2.12747e+00
   5  R           -5.93657e+01   constant   
   6  alpha_CBO    0.00000e+00   1.00000e-03   1.00000e-03   8.11777e+03
   7  w_CBO        2.32500e+00   constant   
   8  beta_CBO     0.00000e+00     fixed    
   9  alpha_2CBO   0.00000e+00     fixed    
  10  beta_2CBO    0.00000e+00   1.00000e-03   1.00000e-03   6.40045e+02
  11  alpha_y      0.00000e+00     fixed    
  12  w_y          1.38860e+01   constant   
  13  beta_y       0.00000e+00   1.00000e-03   1.00000e-03   1.33484e+03
  14  alpha_vw     0.00000e+00     fixed    
  15  w_vw         1.43404e+01   constant   
  16  beta_vw      0.00000e+00     fixed    
  17  LM           6.62355e-05   constant   
  18  zeta_y       0.00000e+00   constant   
  19  zeta_vw      0.00000e+00   constant   
  20  T_CBO        3.70867e+01   2.26994e+01  -4.91095e-03  -2.87146e+00
  21  alpha_A0    -1.20721e+01   5.43518e+01  -2.06494e+00   5.20880e-03
  22  beta_A0      7.63983e-02   2.17472e-01  -7.49300e-03  -9.52298e-04
  23  alpha_phi    6.54178e+00   2.89946e+01   1.10116e+00  -7.85222e-03
  24  beta_phi    -8.03396e+00   3.55951e+01  -1.35261e+00  -3.57158e-03
 MIGRAD MINIMIZATION HAS CONVERGED.
 MIGRAD WILL VERIFY CONVERGENCE AND ERROR MATRIX.
 FCN=67.0341 FROM HESSE     STATUS=NOT POSDEF    100 CALLS        1599 TOTAL
                     EDM=0.000183998    STRATEGY= 1      ERR MATRIX NOT POS-DEF
  EXT PARAMETER                APPROXIMATE        STEP         FIRST   
  NO.   NAME      VALUE            ERROR          SIZE      DERIVATIVE 
   1  N0           2.83442e+06   1.49016e+03   5.46447e+00   4.32445e-07
   2  tau          6.44055e+01   constant   
   3  A0           3.54441e-01   7.01135e-04   2.69681e-06  -1.45593e+00
   4  phi          4.11876e+00   2.00114e-03   7.87513e-06   6.48981e-01
   5  R           -5.93657e+01   constant   
   6  alpha_CBO   -2.18852e-03   7.32155e-04   2.85017e-06  -3.89723e-01
   7  w_CBO        2.32500e+00   constant   
   8  beta_CBO     0.00000e+00     fixed    
   9  alpha_2CBO   0.00000e+00     fixed    
  10  beta_2CBO   -1.23559e-04   7.14505e-04   2.81268e-06   3.75041e-01
  11  alpha_y      0.00000e+00     fixed    
  12  w_y          1.38860e+01   constant   
  13  beta_y      -3.56144e-04   6.97950e-04   2.81904e-06  -6.43603e-01
  14  alpha_vw     0.00000e+00     fixed    
  15  w_vw         1.43404e+01   constant   
  16  beta_vw      0.00000e+00     fixed    
  17  LM           6.62355e-05   constant   
  18  zeta_y       0.00000e+00   constant   
  19  zeta_vw      0.00000e+00   constant   
  20  T_CBO        3.64223e+01   6.90574e+01   9.99538e-05   1.17484e-01
  21  alpha_A0    -6.20013e+00   1.08669e+02   6.93798e-02  -3.95377e-05
  22  beta_A0     -1.33689e-01   1.72756e+01   6.69140e-02   1.97381e-05
  23  alpha_phi    9.01213e+00   1.52441e+02   6.50382e-02  -2.01966e-05
  24  beta_phi    -9.92130e+00   1.67283e+02   6.49036e-02  -9.72830e-05
 CALL LIMIT EXCEEDED IN MIGRAD.
 MIGRAD TERMINATED WITHOUT CONVERGENCE.
 FCN=67.0267 FROM MIGRAD    STATUS=CALL LIMIT   1908 CALLS        3231 TOTAL
                     EDM=0.000199158    STRATEGY= 1      ERR MATRIX NOT POS-DEF
  EXT PARAMETER                APPROXIMATE        STEP         FIRST   
  NO.   NAME      VALUE            ERROR          SIZE      DERIVATIVE 
   1  N0           2.83443e+06   1.44566e+03  -4.86584e+00  -5.71688e-06
   2  tau          6.44055e+01   constant   
   3  A0           3.54438e-01   6.87147e-04   2.71565e-06   1.02017e+01
   4  phi          4.11874e+00   2.00001e-03  -3.55278e-06  -1.76222e+00
   5  R           -5.93657e+01   constant   
   6  alpha_CBO   -2.18101e-03   7.30674e-04  -1.16225e-06  -2.09189e+00
   7  w_CBO        2.32500e+00   constant   
   8  beta_CBO     0.00000e+00     fixed    
   9  alpha_2CBO   0.00000e+00     fixed    
  10  beta_2CBO   -1.21682e-04   7.14417e-04  -2.16346e-06  -2.30942e+00
  11  alpha_y      0.00000e+00     fixed    
  12  w_y          1.38860e+01   constant   
  13  beta_y      -3.55647e-04   6.98533e-04   3.58285e-07   5.77362e-01
  14  alpha_vw     0.00000e+00     fixed    
  15  w_vw         1.43404e+01   constant   
  16  beta_vw      0.00000e+00     fixed    
  17  LM           6.62355e-05   constant   
  18  zeta_y       0.00000e+00   constant   
  19  zeta_vw      0.00000e+00   constant   
  20  T_CBO        2.36266e+01   2.02938e+01  -1.47012e-03  -1.14007e+00
  21  alpha_A0    -7.82936e+02   8.22971e+03  -9.38521e+01   9.46588e-06
  22  beta_A0     -2.50592e+01   6.64411e+02  -4.09030e+00  -8.14796e-06
  23  alpha_phi    9.51121e+02   9.87278e+03   1.12160e+02   1.23433e-06
  24  beta_phi    -1.07396e+03   1.10233e+04  -1.26154e+02   8.03090e-06
 EXTERNAL ERROR MATRIX.    NDIM=  25    NPAR= 11    ERR DEF=1
  2.090e+06 
 -4.636e-02  4.722e-07 
 -3.341e-01 -3.979e-08  4.000e-06 
 -1.052e-01 -9.059e-08 -6.263e-08  5.339e-07 
  7.655e-03  1.391e-08  6.706e-08 -1.531e-08  5.104e-07 
 -1.008e-02 -2.151e-09 -1.910e-08  8.962e-09 -2.269e-09  4.879e-07 
 -1.548e+03  6.938e-04 -2.628e-04 -3.340e-04 -1.014e-04 -6.214e-06  4.143e+02 
 -7.044e+04  3.806e-02  8.979e-02 -7.864e-02 -5.243e-03 -1.756e-02  1.656e+05  6.773e+07 
 -1.635e+05  7.373e-02 -1.061e-01 -1.691e-02 -3.346e-02  2.511e-03  9.170e+03  3.590e+06  4.414e+05 
  1.557e+05 -7.846e-02 -5.225e-02  9.924e-02  2.238e-02  1.939e-02 -1.988e+05 -8.123e+07 -4.426e+06  9.747e+07 
 -1.165e+04  1.253e-02  1.840e-01 -9.654e-02  9.635e-03 -2.532e-02  2.216e+05  9.069e+07  4.677e+06 -1.087e+08  1.215e+08 
ERR MATRIX NOT POS-DEF
 PARAMETER  CORRELATION COEFFICIENTS  
       NO.  GLOBAL      1      3      4      6     10     13     20     21     22     23     24
        1  0.46966   1.000 -0.047 -0.116 -0.100  0.007 -0.010 -0.053 -0.006 -0.170  0.011 -0.001
        3  0.40184  -0.047  1.000 -0.029 -0.180  0.028 -0.004  0.050  0.007  0.161 -0.012  0.002
        4  0.26653  -0.116 -0.029  1.000 -0.043  0.047 -0.014 -0.006  0.005 -0.080 -0.003  0.008
        6  0.25591  -0.100 -0.180 -0.043  1.000 -0.029  0.018 -0.022 -0.013 -0.035  0.014 -0.012
       10  0.12369   0.007  0.028  0.047 -0.029  1.000 -0.005 -0.007 -0.001 -0.070  0.003  0.001
       13  0.03056  -0.010 -0.004 -0.014  0.018 -0.005  1.000 -0.000 -0.003  0.005  0.003 -0.003
       20  0.99242  -0.053  0.050 -0.006 -0.022 -0.007 -0.000  1.000  0.989  0.678 -0.990  0.988
       21  1.00000  -0.006  0.007  0.005 -0.013 -0.001 -0.003  0.989  1.000  0.656 -1.000  1.000
       22  0.99918  -0.170  0.161 -0.080 -0.035 -0.070  0.005  0.678  0.656  1.000 -0.675  0.639
       23  1.00000   0.011 -0.012 -0.003  0.014  0.003  0.003 -0.990 -1.000 -0.675  1.000 -0.999
       24  1.00000  -0.001  0.002  0.008 -0.012  0.001 -0.003  0.988  1.000  0.639 -0.999  1.000
 ERR MATRIX NOT POS-DEF
MINUIT - FIT ONLY 2-CBO
 **********
 **   25 **RES 
 **********
                   PARAMETER   16  beta_vw RESTORED TO VARIABLE.
                   PARAMETER   14  alpha_vw RESTORED TO VARIABLE.
                   PARAMETER   11  alpha_y RESTORED TO VARIABLE.
                   PARAMETER    9  alpha_2CBO RESTORED TO VARIABLE.
                   PARAMETER    8  beta_CBO RESTORED TO VARIABLE.
 **********
 **   26 **FIX            0
 **********
 PARAMETER    0  IS UNDEFINED. IGNORED.
 **********
 **   27 **FIX            1
 **********
 **********
 **   28 **FIX            2
 **********
 PARAMETER    2  IS CONSTANT.   IGNORED.
 **********
 **   29 **FIX            3
 **********
 **********
 **   30 **FIX            4
 **********
 **********
 **   31 **FIX            5
 **********
 PARAMETER    5  IS CONSTANT.   IGNORED.
 **********
 **   32 **FIX            6
 **********
 **********
 **   33 **FIX            7
 **********
 PARAMETER    7  IS CONSTANT.   IGNORED.
 **********
 **   34 **FIX           10
 **********
 **********
 **   35 **FIX           11
 **********
 **********
 **   36 **FIX           12
 **********
 PARAMETER   12  IS CONSTANT.   IGNORED.
 **********
 **   37 **FIX           13
 **********
 **********
 **   38 **FIX           14
 **********
 **********
 **   39 **FIX           15
 **********
 PARAMETER   15  IS CONSTANT.   IGNORED.
 **********
 **   40 **FIX           16
 **********
 **********
 **   41 **MIGRAD
 **********
 START MIGRAD MINIMIZATION.  STRATEGY  1.  CONVERGENCE WHEN EDM .LT. 1.00e-04
 FCN=67.0267 FROM MIGRAD    STATUS=INITIATE       18 CALLS        3249 TOTAL
                     EDM= unknown      STRATEGY= 1      NO ERROR MATRIX       
  EXT PARAMETER               CURRENT GUESS       STEP         FIRST   
  NO.   NAME      VALUE            ERROR          SIZE      DERIVATIVE 
   1  N0           2.83443e+06     fixed    
   2  tau          6.44055e+01   constant   
   3  A0           3.54438e-01     fixed    
   4  phi          4.11874e+00     fixed    
   5  R           -5.93657e+01   constant   
   6  alpha_CBO   -2.18101e-03     fixed    
   7  w_CBO        2.32500e+00   constant   
   8  beta_CBO     0.00000e+00   1.00000e-03   1.00000e-03  -1.12790e+04
   9  alpha_2CBO   0.00000e+00   1.00000e-03   1.00000e-03   2.71388e+03
  10  beta_2CBO   -1.21682e-04     fixed    
  11  alpha_y      0.00000e+00     fixed    
  12  w_y          1.38860e+01   constant   
  13  beta_y      -3.55647e-04     fixed    
  14  alpha_vw     0.00000e+00     fixed    
  15  w_vw         1.43404e+01   constant   
  16  beta_vw      0.00000e+00     fixed    
  17  LM           6.62355e-05   constant   
  18  zeta_y       0.00000e+00   constant   
  19  zeta_vw      0.00000e+00   constant   
  20  T_CBO        2.36266e+01   2.02938e+01  -1.47012e-03  -1.14011e+00
  21  alpha_A0    -7.82936e+02   8.22971e+03  -9.38521e+01   9.46588e-06
  22  beta_A0     -2.50592e+01   6.64411e+02  -4.09030e+00  -8.14796e-06
  23  alpha_phi    9.51121e+02   9.87278e+03   1.12160e+02   1.23434e-06
  24  beta_phi    -1.07396e+03   1.10233e+04  -1.26154e+02   8.03090e-06
 MIGRAD MINIMIZATION HAS CONVERGED.
 MIGRAD WILL VERIFY CONVERGENCE AND ERROR MATRIX.
 FCN=50.4908 FROM MIGRAD    STATUS=CONVERGED     150 CALLS        3381 TOTAL
                     EDM=3.2774e-05    STRATEGY= 1      ERR MATRIX NOT POS-DEF
  EXT PARAMETER                APPROXIMATE        STEP         FIRST   
  NO.   NAME      VALUE            ERROR          SIZE      DERIVATIVE 
   1  N0           2.83443e+06     fixed    
   2  tau          6.44055e+01   constant   
   3  A0           3.54438e-01     fixed    
   4  phi          4.11874e+00     fixed    
   5  R           -5.93657e+01   constant   
   6  alpha_CBO   -2.18101e-03     fixed    
   7  w_CBO        2.32500e+00   constant   
   8  beta_CBO     2.73715e-03   6.91437e-04   2.40134e-06   1.59496e+00
   9  alpha_2CBO  -8.16542e-04   7.11879e-04   2.43204e-06  -1.37316e+00
  10  beta_2CBO   -1.21682e-04     fixed    
  11  alpha_y      0.00000e+00     fixed    
  12  w_y          1.38860e+01   constant   
  13  beta_y      -3.55647e-04     fixed    
  14  alpha_vw     0.00000e+00     fixed    
  15  w_vw         1.43404e+01   constant   
  16  beta_vw      0.00000e+00     fixed    
  17  LM           6.62355e-05   constant   
  18  zeta_y       0.00000e+00   constant   
  19  zeta_vw      0.00000e+00   constant   
  20  T_CBO        2.38111e+01   2.19473e+01   3.21067e-05  -1.06560e-01
  21  alpha_A0    -4.90183e+02   6.45356e+03   5.80676e+00   4.24903e-08
  22  beta_A0     -1.06854e+03   1.32493e+04   5.60129e+00  -1.74413e-07
  23  alpha_phi    1.24899e+03   1.54225e+04   5.43640e+00  -1.25673e-06
  24  beta_phi    -1.18619e+03   1.45758e+04   5.41580e+00   4.02422e-07
 EXTERNAL ERROR MATRIX.    NDIM=  25    NPAR=  7    ERR DEF=1
  4.781e-07 -2.242e-08  1.867e-05  3.404e-02 -1.318e-01  1.603e-02 -5.199e-02 
 -2.242e-08  5.068e-07 -6.130e-06 -4.794e-02  1.781e-01 -1.624e-01 -1.230e-01 
  1.867e-05 -6.130e-06  4.850e+02  1.369e+05  2.894e+05 -3.378e+05  3.190e+05 
  3.404e-02 -4.794e-02  1.369e+05  4.165e+07  8.183e+07 -9.530e+07  8.992e+07 
 -1.318e-01  1.781e-01  2.894e+05  8.183e+07  1.755e+08 -2.017e+08  1.901e+08 
  1.603e-02 -1.624e-01 -3.378e+05 -9.530e+07 -2.017e+08  2.379e+08 -2.222e+08 
 -5.199e-02 -1.230e-01  3.190e+05  8.992e+07  1.901e+08 -2.222e+08  2.125e+08 
ERR MATRIX NOT POS-DEF
 PARAMETER  CORRELATION COEFFICIENTS  
       NO.  GLOBAL      8      9     20     21     22     23     24
        8  0.14570   1.000 -0.046  0.001  0.008 -0.014  0.002 -0.005
        9  0.22993  -0.046  1.000 -0.000 -0.010  0.019 -0.015 -0.012
       20  0.99797   0.001 -0.000  1.000  0.963  0.992 -0.994  0.994
       21  0.96330   0.008 -0.010  0.963  1.000  0.957 -0.957  0.956
       22  0.99207  -0.014  0.019  0.992  0.957  1.000 -0.987  0.984
       23  0.99452   0.002 -0.015 -0.994 -0.957 -0.987  1.000 -0.988
       24  0.99391  -0.005 -0.012  0.994  0.956  0.984 -0.988  1.000
 ERR MATRIX NOT POS-DEF
MINUIT - FIT wiggle + 1-CBO + 2-CBO
 **********
 **   42 **RES 
 **********
                   PARAMETER   16  beta_vw RESTORED TO VARIABLE.
                   PARAMETER   14  alpha_vw RESTORED TO VARIABLE.
                   PARAMETER   13  beta_y RESTORED TO VARIABLE.
                   PARAMETER   11  alpha_y RESTORED TO VARIABLE.
                   PARAMETER   10  beta_2CBO RESTORED TO VARIABLE.
                   PARAMETER    6  alpha_CBO RESTORED TO VARIABLE.
                   PARAMETER    4  phi RESTORED TO VARIABLE.
                   PARAMETER    3  A0 RESTORED TO VARIABLE.
                   PARAMETER    1  N0 RESTORED TO VARIABLE.
 **********
 **   43 **FIX           10
 **********
 **********
 **   44 **FIX           11
 **********
 **********
 **   45 **FIX           12
 **********
 PARAMETER   12  IS CONSTANT.   IGNORED.
 **********
 **   46 **FIX           13
 **********
 **********
 **   47 **FIX           14
 **********
 **********
 **   48 **FIX           15
 **********
 PARAMETER   15  IS CONSTANT.   IGNORED.
 **********
 **   49 **FIX           16
 **********
 **********
 **   50 **MIGRAD
 **********
 START MIGRAD MINIMIZATION.  STRATEGY  1.  CONVERGENCE WHEN EDM .LT. 1.00e-04
 FCN=50.4908 FROM MIGRAD    STATUS=INITIATE       22 CALLS        3403 TOTAL
                     EDM= unknown      STRATEGY= 1      NO ERROR MATRIX       
  EXT PARAMETER               CURRENT GUESS       STEP         FIRST   
  NO.   NAME      VALUE            ERROR          SIZE      DERIVATIVE 
   1  N0           2.83443e+06   1.44566e+03   1.44566e+03  -2.18424e-05
   2  tau          6.44055e+01   constant   
   3  A0           3.54438e-01   6.87147e-04   6.87147e-04  -1.05019e+03
   4  phi          4.11874e+00   2.00001e-03   2.00001e-03   8.26818e+02
   5  R           -5.93657e+01   constant   
   6  alpha_CBO   -2.18101e-03   7.30674e-04   7.30674e-04  -4.88073e+02
   7  w_CBO        2.32500e+00   constant   
   8  beta_CBO     2.73715e-03   6.91437e-04   2.40134e-06   1.59497e+00
   9  alpha_2CBO  -8.16542e-04   7.11879e-04   2.43204e-06  -1.37316e+00
  10  beta_2CBO   -1.21682e-04     fixed    
  11  alpha_y      0.00000e+00     fixed    
  12  w_y          1.38860e+01   constant   
  13  beta_y      -3.55647e-04     fixed    
  14  alpha_vw     0.00000e+00     fixed    
  15  w_vw         1.43404e+01   constant   
  16  beta_vw      0.00000e+00     fixed    
  17  LM           6.62355e-05   constant   
  18  zeta_y       0.00000e+00   constant   
  19  zeta_vw      0.00000e+00   constant   
  20  T_CBO        2.38111e+01   2.19473e+01   3.21067e-05  -1.05668e-01
  21  alpha_A0    -4.90183e+02   6.45356e+03   5.80676e+00   4.24845e-08
  22  beta_A0     -1.06854e+03   1.32493e+04   5.60129e+00  -1.74394e-07
  23  alpha_phi    1.24899e+03   1.54225e+04   5.43640e+00  -1.25673e-06
  24  beta_phi    -1.18619e+03   1.45758e+04   5.41580e+00   4.02422e-07
 MIGRAD MINIMIZATION HAS CONVERGED.
 MIGRAD WILL VERIFY CONVERGENCE AND ERROR MATRIX.
 FCN=49.5683 FROM HESSE     STATUS=NOT POSDEF    100 CALLS        3622 TOTAL
                     EDM=0.000166101    STRATEGY= 1      ERR MATRIX NOT POS-DEF
  EXT PARAMETER                APPROXIMATE        STEP         FIRST   
  NO.   NAME      VALUE            ERROR          SIZE      DERIVATIVE 
   1  N0           2.83453e+06   1.49470e+03   4.71128e+00   1.15725e-06
   2  tau          6.44055e+01   constant   
   3  A0           3.54713e-01   7.09858e-04   2.32442e-06  -6.47660e-01
   4  phi          4.11692e+00   2.06025e-03   6.78381e-06   3.93357e-02
   5  R           -5.93657e+01   constant   
   6  alpha_CBO   -2.08895e-03   7.36501e-04   2.45724e-06  -1.23988e+00
   7  w_CBO        2.32500e+00   constant   
   8  beta_CBO     2.90585e-03   7.13496e-04   2.37968e-06   3.97397e-01
   9  alpha_2CBO  -7.94347e-04   7.16373e-04   2.41012e-06  -3.80352e-02
  10  beta_2CBO   -1.21682e-04     fixed    
  11  alpha_y      0.00000e+00     fixed    
  12  w_y          1.38860e+01   constant   
  13  beta_y      -3.55647e-04     fixed    
  14  alpha_vw     0.00000e+00     fixed    
  15  w_vw         1.43404e+01   constant   
  16  beta_vw      0.00000e+00     fixed    
  17  LM           6.62355e-05   constant   
  18  zeta_y       0.00000e+00   constant   
  19  zeta_vw      0.00000e+00   constant   
  20  T_CBO        2.38266e+01   2.10624e+01   3.07241e-05  -7.59669e-02
  21  alpha_A0    -2.52801e+02   3.57231e+03   5.71879e+00   1.81844e-07
  22  beta_A0     -9.95231e+02   1.18291e+04   5.51476e+00   9.80040e-09
  23  alpha_phi    1.17415e+03   1.39730e+04   5.35149e+00  -8.21127e-07
  24  beta_phi    -1.45030e+03   1.70943e+04   5.33189e+00   1.40683e-06
 CALL LIMIT EXCEEDED IN MIGRAD.
 MIGRAD TERMINATED WITHOUT CONVERGENCE.
 FCN=49.5621 FROM MIGRAD    STATUS=CALL LIMIT   1912 CALLS        5293 TOTAL
                     EDM=0.000103389    STRATEGY= 1      ERR MATRIX NOT POS-DEF
  EXT PARAMETER                APPROXIMATE        STEP         FIRST   
  NO.   NAME      VALUE            ERROR          SIZE      DERIVATIVE 
   1  N0           2.83453e+06   1.46855e+03   2.78442e+00   1.25736e-06
   2  tau          6.44055e+01   constant   
   3  A0           3.54705e-01   6.95028e-04  -2.22010e-07   1.75777e+00
   4  phi          4.11691e+00   2.05801e-03   4.27046e-06   1.93389e+00
   5  R           -5.93657e+01   constant   
   6  alpha_CBO   -2.08292e-03   7.36945e-04  -9.77484e-07  -2.99362e+00
   7  w_CBO        2.32500e+00   constant   
   8  beta_CBO     2.90693e-03   7.18000e-04  -7.85879e-07  -7.52226e-01
   9  alpha_2CBO  -7.95150e-04   7.27486e-04  -6.91363e-09  -4.82614e-01
  10  beta_2CBO   -1.21682e-04     fixed    
  11  alpha_y      0.00000e+00     fixed    
  12  w_y          1.38860e+01   constant   
  13  beta_y      -3.55647e-04     fixed    
  14  alpha_vw     0.00000e+00     fixed    
  15  w_vw         1.43404e+01   constant   
  16  beta_vw      0.00000e+00     fixed    
  17  LM           6.62355e-05   constant   
  18  zeta_y       0.00000e+00   constant   
  19  zeta_vw      0.00000e+00   constant   
  20  T_CBO        1.87887e+01   1.17438e+01  -5.90536e-04  -1.67418e+00
  21  alpha_A0    -1.06337e+04   1.06468e+05  -7.30852e+02   1.90550e-07
  22  beta_A0     -3.54106e+04   3.66732e+05  -2.55904e+03   4.24647e-09
  23  alpha_phi    4.12029e+04   4.08220e+05   2.83539e+03  -1.99539e-08
  24  beta_phi    -5.06809e+04   4.87308e+05  -3.36059e+03   2.37346e-07
 EXTERNAL ERROR MATRIX.    NDIM=  25    NPAR= 11    ERR DEF=1
  2.157e+06 
 -4.658e-02  4.831e-07 
 -3.467e-01 -6.139e-08  4.235e-06 
 -1.283e-01 -9.164e-08 -7.117e-08  5.431e-07 
  2.567e-02  5.266e-08 -3.413e-07  7.310e-09  5.155e-07 
  2.854e-02  3.646e-08  4.198e-09 -4.085e-08 -3.046e-08  5.292e-07 
 -1.083e+03  6.696e-04 -6.212e-05 -1.728e-04 -5.224e-05  4.327e-04  1.383e+02 
 -1.125e+07  5.311e+00 -7.127e+00 -1.825e-01  5.047e-01  3.349e+00  1.248e+06  1.134e+10 
 -4.736e+07  2.082e+01 -2.593e+01  1.093e+00 -7.338e-02  1.772e+01  4.285e+06  3.876e+10  1.345e+11 
  4.804e+07 -2.186e+01  2.713e+01 -5.721e-01 -3.609e-01 -1.758e+01 -4.784e+06 -4.332e+10 -1.496e+11  1.666e+11 
 -5.291e+07  2.459e+01 -2.942e+01  4.424e-02  9.796e-01  1.757e+01  5.718e+06  5.185e+10  1.780e+11 -1.987e+11  2.375e+11 
ERR MATRIX NOT POS-DEF
 PARAMETER  CORRELATION COEFFICIENTS  
       NO.  GLOBAL      1      3      4      6      8      9     20     21     22     23     24
        1  0.42900   1.000 -0.046 -0.115 -0.119  0.024  0.027 -0.063 -0.072 -0.088  0.080 -0.074
        3  0.35103  -0.046  1.000 -0.043 -0.179  0.106  0.072  0.082  0.072  0.082 -0.077  0.073
        4  0.52900  -0.115 -0.043  1.000 -0.047 -0.231  0.003 -0.003 -0.033 -0.034  0.032 -0.029
        6  0.38201  -0.119 -0.179 -0.047  1.000  0.014 -0.076 -0.020 -0.002  0.004 -0.002  0.000
        8  0.28178   0.024  0.106 -0.231  0.014  1.000 -0.058 -0.006  0.007 -0.000 -0.001  0.003
        9  0.25022   0.027  0.072  0.003 -0.076 -0.058  1.000  0.051  0.043  0.066 -0.059  0.050
       20  0.99867  -0.063  0.082 -0.003 -0.020 -0.006  0.051  1.000  0.997  0.994 -0.997  0.998
       21  0.99985  -0.072  0.072 -0.033 -0.002  0.007  0.043  0.997  1.000  0.993 -0.997  0.999
       22  0.99996  -0.088  0.082 -0.034  0.004 -0.000  0.066  0.994  0.993  1.000 -0.999  0.996
       23  0.99999   0.080 -0.077  0.032 -0.002 -0.001 -0.059 -0.997 -0.997 -0.999  1.000 -0.999
       24  0.99997  -0.074  0.073 -0.029  0.000  0.003  0.050  0.998  0.999  0.996 -0.999  1.000
 ERR MATRIX NOT POS-DEF
MINUIT - FIT ONLY 1-y
 **********
 **   51 **RES 
 **********
                   PARAMETER   16  beta_vw RESTORED TO VARIABLE.
                   PARAMETER   14  alpha_vw RESTORED TO VARIABLE.
                   PARAMETER   13  beta_y RESTORED TO VARIABLE.
                   PARAMETER   11  alpha_y RESTORED TO VARIABLE.
                   PARAMETER   10  beta_2CBO RESTORED TO VARIABLE.
 **********
 **   52 **FIX            0
 **********
 PARAMETER    0  IS UNDEFINED. IGNORED.
 **********
 **   53 **FIX            1
 **********
 **********
 **   54 **FIX            2
 **********
 PARAMETER    2  IS CONSTANT.   IGNORED.
 **********
 **   55 **FIX            3
 **********
 **********
 **   56 **FIX            4
 **********
 **********
 **   57 **FIX            5
 **********
 PARAMETER    5  IS CONSTANT.   IGNORED.
 **********
 **   58 **FIX            6
 **********
 **********
 **   59 **FIX            7
 **********
 PARAMETER    7  IS CONSTANT.   IGNORED.
 **********
 **   60 **FIX            8
 **********
 **********
 **   61 **FIX            9
 **********
 **********
 **   62 **FIX           13
 **********
 **********
 **   63 **FIX           14
 **********
 **********
 **   64 **FIX           15
 **********
 PARAMETER   15  IS CONSTANT.   IGNORED.
 **********
 **   65 **FIX           16
 **********
 **********
 **   66 **MIGRAD
 **********
 START MIGRAD MINIMIZATION.  STRATEGY  1.  CONVERGENCE WHEN EDM .LT. 1.00e-04
 FCN=49.5621 FROM MIGRAD    STATUS=INITIATE       16 CALLS        5309 TOTAL
                     EDM= unknown      STRATEGY= 1      NO ERROR MATRIX       
  EXT PARAMETER               CURRENT GUESS       STEP         FIRST   
  NO.   NAME      VALUE            ERROR          SIZE      DERIVATIVE 
   1  N0           2.83453e+06     fixed    
   2  tau          6.44055e+01   constant   
   3  A0           3.54705e-01     fixed    
   4  phi          4.11691e+00     fixed    
   5  R           -5.93657e+01   constant   
   6  alpha_CBO   -2.08292e-03     fixed    
   7  w_CBO        2.32500e+00   constant   
   8  beta_CBO     2.90693e-03     fixed    
   9  alpha_2CBO  -7.95150e-04     fixed    
  10  beta_2CBO   -1.21682e-04   7.14417e-04   7.14417e-04   7.93179e+02
  11  alpha_y      0.00000e+00   1.00000e-03   1.00000e-03  -1.88298e+03
  12  w_y          1.38860e+01   constant   
  13  beta_y      -3.55647e-04     fixed    
  14  alpha_vw     0.00000e+00     fixed    
  15  w_vw         1.43404e+01   constant   
  16  beta_vw      0.00000e+00     fixed    
  17  LM           6.62355e-05   constant   
  18  zeta_y       0.00000e+00   constant   
  19  zeta_vw      0.00000e+00   constant   
  20  T_CBO        1.87887e+01   1.17438e+01  -5.90536e-04  -1.67420e+00
  21  alpha_A0    -1.06337e+04   1.06468e+05  -7.30852e+02   1.90549e-07
  22  beta_A0     -3.54106e+04   3.66732e+05  -2.55904e+03   4.24643e-09
  23  alpha_phi    4.12029e+04   4.08220e+05   2.83539e+03  -1.99539e-08
  24  beta_phi    -5.06809e+04   4.87308e+05  -3.36059e+03   2.37346e-07
 MIGRAD MINIMIZATION HAS CONVERGED.
 MIGRAD WILL VERIFY CONVERGENCE AND ERROR MATRIX.
 FCN=49.0489 FROM MIGRAD    STATUS=CONVERGED     112 CALLS        5405 TOTAL
                     EDM=1.1761e-05    STRATEGY= 1      ERR MATRIX NOT POS-DEF
  EXT PARAMETER                APPROXIMATE        STEP         FIRST   
  NO.   NAME      VALUE            ERROR          SIZE      DERIVATIVE 
   1  N0           2.83453e+06     fixed    
   2  tau          6.44055e+01   constant   
   3  A0           3.54705e-01     fixed    
   4  phi          4.11691e+00     fixed    
   5  R           -5.93657e+01   constant   
   6  alpha_CBO   -2.08292e-03     fixed    
   7  w_CBO        2.32500e+00   constant   
   8  beta_CBO     2.90693e-03     fixed    
   9  alpha_2CBO  -7.95150e-04     fixed    
  10  beta_2CBO   -3.32313e-04   7.13837e-04   2.41250e-06   3.97704e+00
  11  alpha_y      4.57223e-04   6.91259e-04   2.39309e-06   2.97600e+00
  12  w_y          1.38860e+01   constant   
  13  beta_y      -3.55647e-04     fixed    
  14  alpha_vw     0.00000e+00     fixed    
  15  w_vw         1.43404e+01   constant   
  16  beta_vw      0.00000e+00     fixed    
  17  LM           6.62355e-05   constant   
  18  zeta_y       0.00000e+00   constant   
  19  zeta_vw      0.00000e+00   constant   
  20  T_CBO        1.87685e+01   1.35593e+01   2.24113e-05   1.02316e-01
  21  alpha_A0    -8.73744e+03   1.29371e+05   1.99238e+01  -1.33877e-09
  22  beta_A0     -3.57244e+04   4.39758e+05   1.99164e+01  -7.15035e-09
  23  alpha_phi    4.15540e+04   5.09677e+05   1.99096e+01   2.16573e-08
  24  beta_phi    -4.86596e+04   5.94394e+05   1.99086e+01   1.18558e-08
 EXTERNAL ERROR MATRIX.    NDIM=  25    NPAR=  7    ERR DEF=1
  5.096e-07 -1.009e-08 -1.184e-04 -7.702e+00 -5.778e+00  7.247e+00 -1.085e+01 
 -1.009e-08  4.778e-07  1.585e-06 -2.113e-01 -4.033e-01  6.135e-01  1.160e+00 
 -1.184e-04  1.585e-06  1.845e+02  1.537e+06  5.917e+06 -6.878e+06  8.035e+06 
 -7.702e+00 -2.113e-01  1.537e+06  1.674e+10  4.954e+10 -5.734e+10  6.686e+10 
 -5.778e+00 -4.033e-01  5.917e+06  4.954e+10  1.934e+11 -2.208e+11  2.575e+11 
  7.247e+00  6.135e-01 -6.878e+06 -5.734e+10 -2.208e+11  2.598e+11 -2.997e+11 
 -1.085e+01  1.160e+00  8.035e+06  6.686e+10  2.575e+11 -2.997e+11  3.533e+11 
ERR MATRIX NOT POS-DEF
 PARAMETER  CORRELATION COEFFICIENTS  
       NO.  GLOBAL     10     11     20     21     22     23     24
       10  0.22010   1.000 -0.020 -0.012 -0.083 -0.018  0.020 -0.026
       11  0.03909  -0.020  1.000  0.000 -0.002 -0.001  0.002  0.003
       20  0.99795  -0.012  0.000  1.000  0.874  0.991 -0.994  0.995
       21  0.87813  -0.083 -0.002  0.874  1.000  0.871 -0.870  0.870
       22  0.99083  -0.018 -0.001  0.991  0.871  1.000 -0.985  0.985
       23  0.99365   0.020  0.002 -0.994 -0.870 -0.985  1.000 -0.989
       24  0.99538  -0.026  0.003  0.995  0.870  0.985 -0.989  1.000
 ERR MATRIX NOT POS-DEF
MINUIT - FIT ONLY 2-y
 **********
 **   67 **RES 
 **********
                   PARAMETER   16  beta_vw RESTORED TO VARIABLE.
                   PARAMETER   14  alpha_vw RESTORED TO VARIABLE.
                   PARAMETER   13  beta_y RESTORED TO VARIABLE.
                   PARAMETER    9  alpha_2CBO RESTORED TO VARIABLE.
                   PARAMETER    8  beta_CBO RESTORED TO VARIABLE.
                   PARAMETER    6  alpha_CBO RESTORED TO VARIABLE.
                   PARAMETER    4  phi RESTORED TO VARIABLE.
                   PARAMETER    3  A0 RESTORED TO VARIABLE.
                   PARAMETER    1  N0 RESTORED TO VARIABLE.
 **********
 **   68 **FIX            0
 **********
 PARAMETER    0  IS UNDEFINED. IGNORED.
 **********
 **   69 **FIX            1
 **********
 **********
 **   70 **FIX            2
 **********
 PARAMETER    2  IS CONSTANT.   IGNORED.
 **********
 **   71 **FIX            3
 **********
 **********
 **   72 **FIX            4
 **********
 **********
 **   73 **FIX            5
 **********
 PARAMETER    5  IS CONSTANT.   IGNORED.
 **********
 **   74 **FIX            6
 **********
 **********
 **   75 **FIX            7
 **********
 PARAMETER    7  IS CONSTANT.   IGNORED.
 **********
 **   76 **FIX            8
 **********
 **********
 **   77 **FIX            9
 **********
 **********
 **   78 **FIX           10
 **********
 **********
 **   79 **FIX           11
 **********
 **********
 **   80 **FIX           12
 **********
 PARAMETER   12  IS CONSTANT.   IGNORED.
 **********
 **   81 **FIX           16
 **********
 **********
 **   82 **MIGRAD
 **********
 START MIGRAD MINIMIZATION.  STRATEGY  1.  CONVERGENCE WHEN EDM .LT. 1.00e-04
 FCN=49.0489 FROM MIGRAD    STATUS=INITIATE       16 CALLS        5421 TOTAL
                     EDM= unknown      STRATEGY= 1      NO ERROR MATRIX       
  EXT PARAMETER               CURRENT GUESS       STEP         FIRST   
  NO.   NAME      VALUE            ERROR          SIZE      DERIVATIVE 
   1  N0           2.83453e+06     fixed    
   2  tau          6.44055e+01   constant   
   3  A0           3.54705e-01     fixed    
   4  phi          4.11691e+00     fixed    
   5  R           -5.93657e+01   constant   
   6  alpha_CBO   -2.08292e-03     fixed    
   7  w_CBO        2.32500e+00   constant   
   8  beta_CBO     2.90693e-03     fixed    
   9  alpha_2CBO  -7.95150e-04     fixed    
  10  beta_2CBO   -3.32313e-04     fixed    
  11  alpha_y      4.57223e-04     fixed    
  12  w_y          1.38860e+01   constant   
