 + ++++++++++++++++++++++++++++++++++++++++++++++++++++++++++++++++++++ +
 +                                                                      +
 +           You have chose to blind your fitting according to          +
 +                omega_ref * (1 + (R +/- deltaR) *10^{-6})             +
 +                                                                      +
 + ++++++++++++++++++++++++++++++++++++++++++++++++++++++++++++++++++++ +
In main()...
reading format from /gm2data/zkhechad/run45/envelope/formats/formatB_sBin_constraintOn.txt
pBinTau 	= 0  
pBinPhi 	= 0  
constraintau 	= 1 
includeMopTerm 	= 0    
constrainMop    = 0   
Parameters after format file: pBinTau 0 pBinPhi 0 constraintau 1 includeMopTerm 0 constrainMop 0 c_e_scale 0.000000 
Opening file /gm2data/tbarrett/gm2fr/studies/run23_bunch_corrections/CorrectedFourier_Run3b.root.
reading full fit data from /gm2data/zkhechad/cboTemplates/Run4CBOTemplates/templateFits0_v2.0/noRF/sBin_constraintOn_cE0.0_seed0_noRF_calo18.root
windowBins = 17
fitting sliding window 450 from bin 586 at 87.282000 to bin 603 at 89.967600 (17 bins)

Reading data from /gm2data/cornell/histograms/aMethod/histogram_a_noRF.root
 **********
 **    1 **SET PRINTOUT            1
 **********
 **********
 **    2 **SET NOWARNINGS 
 **********
 PARAMETER DEFINITIONS:
    NO.   NAME         VALUE      STEP SIZE      LIMITS
     1 N0           3.61661e+06  1.00000e+02     no limits
     2 tau          6.44027e+01  constant
     3 A0           3.53412e-01  1.00000e-04     no limits
     4 phi          4.12202e+00  1.00000e-02     no limits
     5 R           -6.06479e+01  constant
     6 alpha_CBO    0.00000e+00  1.00000e-03     no limits
     7 w_CBO        2.32500e+00  constant
     8 beta_CBO     0.00000e+00  1.00000e-03     no limits
     9 alpha_2CBO   0.00000e+00  1.00000e-03     no limits
    10 beta_2CBO    0.00000e+00  1.00000e-03     no limits
    11 alpha_y      0.00000e+00  1.00000e-03     no limits
    12 w_y          1.44500e+01  constant
    13 beta_y       0.00000e+00  1.00000e-03     no limits
    14 alpha_vw     0.00000e+00  1.00000e-03     no limits
    15 w_vw         1.29000e+01  constant
    16 beta_vw      0.00000e+00  1.00000e-03     no limits
    17 LM          -1.06686e-04  constant
    18 zeta_y       0.00000e+00  constant
    19 zeta_vw      0.00000e+00  constant
    20 T_CBO        1.00000e+02  1.00000e+00    0.00000e+00  1.00000e+03
    21 alpha_A0     0.00000e+00  1.00000e-03     no limits
    22 beta_A0      0.00000e+00  1.00000e-03     no limits
    23 alpha_phi    0.00000e+00  1.00000e-03     no limits
    24 beta_phi     0.00000e+00  1.00000e-03     no limits
MINUIT - FIT ONLY WIGGLE
 **********
 **    3 **FIX            5
 **********
 PARAMETER    5  IS CONSTANT.   IGNORED.
 **********
 **    4 **FIX            6
 **********
 **********
 **    5 **FIX            7
 **********
 PARAMETER    7  IS CONSTANT.   IGNORED.
 **********
 **    6 **FIX            8
 **********
 **********
 **    7 **FIX            9
 **********
 **********
 **    8 **FIX           10
 **********
 **********
 **    9 **FIX           11
 **********
 **********
 **   10 **FIX           12
 **********
 PARAMETER   12  IS CONSTANT.   IGNORED.
 **********
 **   11 **FIX           13
 **********
 **********
 **   12 **FIX           14
 **********
 **********
 **   13 **FIX           15
 **********
 PARAMETER   15  IS CONSTANT.   IGNORED.
 **********
 **   14 **FIX           16
 **********
 **********
 **   15 **MIGRAD
 **********
 FIRST CALL TO USER FUNCTION AT NEW START POINT, WITH IFLAG=4.
 START MIGRAD MINIMIZATION.  STRATEGY  1.  CONVERGENCE WHEN EDM .LT. 1.00e-04
 FCN=851.092 FROM MIGRAD    STATUS=INITIATE      437 CALLS         438 TOTAL
                     EDM= unknown      STRATEGY= 1      NO ERROR MATRIX       
  EXT PARAMETER               CURRENT GUESS       STEP         FIRST   
  NO.   NAME      VALUE            ERROR          SIZE      DERIVATIVE 
   1  N0           3.61661e+06   1.00000e+02   0.00000e+00  -1.19626e-02
   2  tau          6.44027e+01   constant   
   3  A0           3.53412e-01   1.00000e-04   0.00000e+00  -2.33061e+05
   4  phi          4.12202e+00   1.00000e-02   0.00000e+00   5.70376e+04
   5  R           -6.06479e+01   constant   
   6  alpha_CBO    0.00000e+00     fixed    
   7  w_CBO        2.32500e+00   constant   
   8  beta_CBO     0.00000e+00     fixed    
   9  alpha_2CBO   0.00000e+00     fixed    
  10  beta_2CBO    0.00000e+00     fixed    
  11  alpha_y      0.00000e+00     fixed    
  12  w_y          1.44500e+01   constant   
  13  beta_y       0.00000e+00     fixed    
  14  alpha_vw     0.00000e+00     fixed    
  15  w_vw         1.29000e+01   constant   
  16  beta_vw      0.00000e+00     fixed    
  17  LM          -1.06686e-04   constant   
  18  zeta_y       0.00000e+00   constant   
  19  zeta_vw      0.00000e+00   constant   
  20  T_CBO        1.00000e+02   1.00000e+00   0.00000e+00   0.00000e+00
  21  alpha_A0     0.00000e+00   1.00000e-03   0.00000e+00   1.23212e+04
  22  beta_A0      0.00000e+00   1.00000e-03   0.00000e+00   8.07622e+03
  23  alpha_phi    0.00000e+00   1.00000e-03   0.00000e+00   1.84210e+04
  24  beta_phi     0.00000e+00   1.00000e-03   0.00000e+00  -2.20896e+03
 CALL LIMIT EXCEEDED IN MIGRAD.
 MIGRAD TERMINATED WITHOUT CONVERGENCE.
 FCN=15.4175 FROM MIGRAD    STATUS=CALL LIMIT   1327 CALLS        1328 TOTAL
                     EDM=0.0167152    STRATEGY= 1  ERROR MATRIX UNCERTAINTY  12.9 per cent
  EXT PARAMETER                APPROXIMATE        STEP         FIRST   
  NO.   NAME      VALUE            ERROR          SIZE      DERIVATIVE 
   1  N0           3.62564e+06   1.06752e+03   3.87229e+01   3.82715e-05
   2  tau          6.44027e+01   constant   
   3  A0           3.58985e-01   2.88915e-04   1.98010e-05   3.95809e+02
   4  phi          4.11609e+00   1.01616e-03  -1.72372e-06  -8.72419e+01
   5  R           -6.06479e+01   constant   
   6  alpha_CBO    0.00000e+00     fixed    
   7  w_CBO        2.32500e+00   constant   
   8  beta_CBO     0.00000e+00     fixed    
   9  alpha_2CBO   0.00000e+00     fixed    
  10  beta_2CBO    0.00000e+00     fixed    
  11  alpha_y      0.00000e+00     fixed    
  12  w_y          1.44500e+01   constant   
  13  beta_y       0.00000e+00     fixed    
  14  alpha_vw     0.00000e+00     fixed    
  15  w_vw         1.29000e+01   constant   
  16  beta_vw      0.00000e+00     fixed    
  17  LM          -1.06686e-04   constant   
  18  zeta_y       0.00000e+00   constant   
  19  zeta_vw      0.00000e+00   constant   
  20  T_CBO        2.16411e+01   6.43714e+00  -3.27338e-03  -2.31977e+01
  21  alpha_A0     1.03518e-02   3.67321e-02   2.91830e-03  -5.03968e+00
  22  beta_A0      2.40679e-01   2.81193e-01   2.14814e-02  -4.77057e+00
  23  alpha_phi   -2.84817e-02   5.69769e-03  -4.52510e-04   8.96440e-01
  24  beta_phi    -2.04253e-01   2.42570e-01  -1.82880e-02  -1.76676e+00
 EXTERNAL ERROR MATRIX.    NDIM=  25    NPAR=  8    ERR DEF=1
  1.140e+06  1.860e-01  7.058e-01  6.118e+02  1.215e+00 -1.488e+01 -1.105e+00  1.770e+01 
  1.860e-01  8.347e-08  7.118e-08 -6.062e-04  4.891e-06  3.237e-05 -8.007e-07 -2.667e-05 
  7.058e-01  7.118e-08  1.033e-06  2.592e-03 -1.313e-05 -1.175e-04  9.279e-07  1.054e-04 
  6.118e+02 -6.062e-04  2.592e-03  4.146e+01 -2.321e-01 -1.799e+00  3.341e-02  1.553e+00 
  1.215e+00  4.891e-06 -1.313e-05 -2.321e-01  1.349e-03  1.025e-02 -1.977e-04 -8.808e-03 
 -1.488e+01  3.237e-05 -1.175e-04 -1.799e+00  1.025e-02  7.907e-02 -1.466e-03 -6.818e-02 
 -1.105e+00 -8.007e-07  9.279e-07  3.341e-02 -1.977e-04 -1.466e-03  3.246e-05  1.251e-03 
  1.770e+01 -2.667e-05  1.054e-04  1.553e+00 -8.808e-03 -6.818e-02  1.251e-03  5.884e-02 
ERR MATRIX APPROXIMATE
 PARAMETER  CORRELATION COEFFICIENTS  
       NO.  GLOBAL      1      3      4     20     21     22     23     24
        1  0.85937   1.000  0.603  0.651  0.089  0.031 -0.050 -0.182  0.068
        3  0.91688   0.603  1.000  0.242 -0.326  0.461  0.399 -0.486 -0.381
        4  0.89698   0.651  0.242  1.000  0.396 -0.352 -0.411  0.160  0.428
       20  0.99839   0.089 -0.326  0.396  1.000 -0.981 -0.994  0.911  0.994
       21  0.99859   0.031  0.461 -0.352 -0.981  1.000  0.992 -0.945 -0.989
       22  0.99996  -0.050  0.399 -0.411 -0.994  0.992  1.000 -0.915 -1.000
       23  0.97847  -0.182 -0.486  0.160  0.911 -0.945 -0.915  1.000  0.905
       24  0.99994   0.068 -0.381  0.428  0.994 -0.989 -1.000  0.905  1.000
 ERR MATRIX APPROXIMATE
MINUIT - FIT ONLY 1-CBO + wiggle
 **********
 **   16 **RES 
 **********
                   PARAMETER   16  beta_vw RESTORED TO VARIABLE.
                   PARAMETER   14  alpha_vw RESTORED TO VARIABLE.
                   PARAMETER   13  beta_y RESTORED TO VARIABLE.
                   PARAMETER   11  alpha_y RESTORED TO VARIABLE.
                   PARAMETER   10  beta_2CBO RESTORED TO VARIABLE.
                   PARAMETER    9  alpha_2CBO RESTORED TO VARIABLE.
                   PARAMETER    8  beta_CBO RESTORED TO VARIABLE.
                   PARAMETER    6  alpha_CBO RESTORED TO VARIABLE.
 **********
 **   17 **FIX            8
 **********
 **********
 **   18 **FIX            9
 **********
 **********
 **   19 **FIX           11
 **********
 **********
 **   20 **FIX           12
 **********
 PARAMETER   12  IS CONSTANT.   IGNORED.
 **********
 **   21 **FIX           14
 **********
 **********
 **   22 **FIX           15
 **********
 PARAMETER   15  IS CONSTANT.   IGNORED.
 **********
 **   23 **FIX           16
 **********
 **********
 **   24 **MIGRAD
 **********
 START MIGRAD MINIMIZATION.  STRATEGY  1.  CONVERGENCE WHEN EDM .LT. 1.00e-04
 FCN=15.4175 FROM MIGRAD    STATUS=INITIATE       28 CALLS        1356 TOTAL
                     EDM= unknown      STRATEGY= 1      NO ERROR MATRIX       
  EXT PARAMETER               CURRENT GUESS       STEP         FIRST   
  NO.   NAME      VALUE            ERROR          SIZE      DERIVATIVE 
   1  N0           3.62564e+06   1.06752e+03   3.87229e+01   3.82715e-05
   2  tau          6.44027e+01   constant   
   3  A0           3.58985e-01   2.88915e-04   1.98010e-05   3.95809e+02
   4  phi          4.11609e+00   1.01616e-03  -1.72372e-06  -8.72419e+01
   5  R           -6.06479e+01   constant   
   6  alpha_CBO    0.00000e+00   1.00000e-03   1.00000e-03  -1.26987e+03
   7  w_CBO        2.32500e+00   constant   
   8  beta_CBO     0.00000e+00     fixed    
   9  alpha_2CBO   0.00000e+00     fixed    
  10  beta_2CBO    0.00000e+00   1.00000e-03   1.00000e-03  -5.04281e+03
  11  alpha_y      0.00000e+00     fixed    
  12  w_y          1.44500e+01   constant   
  13  beta_y       0.00000e+00   1.00000e-03   1.00000e-03  -2.86304e+03
  14  alpha_vw     0.00000e+00     fixed    
  15  w_vw         1.29000e+01   constant   
  16  beta_vw      0.00000e+00     fixed    
  17  LM          -1.06686e-04   constant   
  18  zeta_y       0.00000e+00   constant   
  19  zeta_vw      0.00000e+00   constant   
  20  T_CBO        2.16411e+01   6.43714e+00  -3.27338e-03  -2.31977e+01
  21  alpha_A0     1.03518e-02   3.67321e-02   2.91830e-03  -5.03968e+00
  22  beta_A0      2.40679e-01   2.81193e-01   2.14814e-02  -4.77057e+00
  23  alpha_phi   -2.84817e-02   5.69769e-03  -4.52510e-04   8.96440e-01
  24  beta_phi    -2.04253e-01   2.42570e-01  -1.82880e-02  -1.76676e+00
 MIGRAD MINIMIZATION HAS CONVERGED.
 MIGRAD WILL VERIFY CONVERGENCE AND ERROR MATRIX.
 FCN=11.9606 FROM MIGRAD    STATUS=CONVERGED     495 CALLS        1823 TOTAL
                     EDM=8.22788e-05    STRATEGY= 1      ERR MATRIX NOT POS-DEF
  EXT PARAMETER                APPROXIMATE        STEP         FIRST   
  NO.   NAME      VALUE            ERROR          SIZE      DERIVATIVE 
   1  N0           3.62550e+06   5.07453e+03   1.72877e+00   3.27056e-07
   2  tau          6.44027e+01   constant   
   3  A0           3.58723e-01   1.94912e-03   3.24025e-07  -5.83069e+00
   4  phi          4.11678e+00   6.47154e-03   1.96303e-06   1.21756e+00
   5  R           -6.06479e+01   constant   
   6  alpha_CBO    1.53127e-03   2.38784e-03   4.05745e-07  -2.38408e+00
   7  w_CBO        2.32500e+00   constant   
   8  beta_CBO     0.00000e+00     fixed    
   9  alpha_2CBO   0.00000e+00     fixed    
  10  beta_2CBO    5.50667e-04   1.04248e-03   4.05051e-07   8.54527e-01
  11  alpha_y      0.00000e+00     fixed    
  12  w_y          1.44500e+01   constant   
  13  beta_y       1.83725e-04   2.48354e-04   4.22722e-07   3.84119e-01
  14  alpha_vw     0.00000e+00     fixed    
  15  w_vw         1.29000e+01   constant   
  16  beta_vw      0.00000e+00     fixed    
  17  LM          -1.06686e-04   constant   
  18  zeta_y       0.00000e+00   constant   
  19  zeta_vw      0.00000e+00   constant   
  20  T_CBO        2.34880e+01   7.86470e+00   7.43502e-06  -2.95756e-02
  21  alpha_A0     1.63417e-01   3.86634e-01   6.41877e-05   3.86939e-03
  22  beta_A0      2.99107e-01   3.93753e-01   6.42433e-05   5.92213e-03
  23  alpha_phi    7.45384e-02   3.14421e-01   5.09311e-05   1.36049e-02
  24  beta_phi    -2.57895e-01   3.61195e-01   5.88290e-05   7.55468e-03
 EXTERNAL ERROR MATRIX.    NDIM=  25    NPAR= 11    ERR DEF=1
  2.575e+07 
 -4.523e+00  3.799e-06 
 -1.222e+01 -5.765e-06  4.188e-05 
  8.763e-01 -1.396e-06  8.300e-06  5.702e-06 
 -8.554e-01  8.269e-08 -1.688e-06 -1.890e-06  1.087e-06 
 -4.733e-02 -1.330e-08 -1.468e-08  3.183e-08  2.032e-08  6.168e-08 
  7.472e+03  4.721e-03 -2.111e-02 -2.746e-04 -4.440e-04  5.924e-05  6.191e+01 
  1.236e+03 -5.989e-05 -8.286e-04  4.236e-04 -2.209e-04  8.205e-07 -2.440e-01  1.495e-01 
 -1.118e+03  2.742e-04  3.861e-04 -8.965e-05  5.267e-05  8.380e-07 -2.317e+00  1.948e-03  1.550e-01 
 -6.911e+02  4.398e-04 -1.965e-04  2.789e-04 -1.560e-04  1.482e-06  1.131e-01  4.071e-02  5.973e-02  9.886e-02 
 -8.967e+02  9.223e-05  1.164e-03  2.037e-04 -6.485e-05 -1.692e-06  1.366e+00 -8.743e-02 -4.872e-02  8.123e-03  1.305e-01 
ERR MATRIX NOT POS-DEF
 PARAMETER  CORRELATION COEFFICIENTS  
       NO.  GLOBAL      1      3      4      6     10     13     20     21     22     23     24
        1  0.99281   1.000 -0.457 -0.372  0.072 -0.162 -0.038  0.187  0.630 -0.560 -0.433 -0.489
        3  0.99553  -0.457  1.000 -0.457 -0.300  0.041 -0.027  0.308 -0.079  0.357  0.718  0.131
        4  0.99581  -0.372 -0.457  1.000  0.537 -0.250 -0.009 -0.415 -0.331  0.152 -0.097  0.498
        6  0.99533   0.072 -0.300  0.537  1.000 -0.759  0.054 -0.015  0.459 -0.095  0.372  0.236
       10  0.97536  -0.162  0.041 -0.250 -0.759  1.000  0.078 -0.054 -0.548  0.128 -0.476 -0.172
       13  0.25685  -0.038 -0.027 -0.009  0.054  0.078  1.000  0.030  0.009  0.009  0.019 -0.019
       20  0.99670   0.187  0.308 -0.415 -0.015 -0.054  0.030  1.000 -0.080 -0.748  0.046  0.481
       21  0.99555   0.630 -0.079 -0.331  0.459 -0.548  0.009 -0.080  1.000  0.013  0.335 -0.626
       22  0.99570  -0.560  0.357  0.152 -0.095  0.128  0.009 -0.748  0.013  1.000  0.482 -0.343
       23  0.99576  -0.433  0.718 -0.097  0.372 -0.476  0.019  0.046  0.335  0.482  1.000  0.072
       24  0.99572  -0.489  0.131  0.498  0.236 -0.172 -0.019  0.481 -0.626 -0.343  0.072  1.000
 ERR MATRIX NOT POS-DEF
MINUIT - FIT ONLY 2-CBO
 **********
 **   25 **RES 
 **********
                   PARAMETER   16  beta_vw RESTORED TO VARIABLE.
                   PARAMETER   14  alpha_vw RESTORED TO VARIABLE.
                   PARAMETER   11  alpha_y RESTORED TO VARIABLE.
                   PARAMETER    9  alpha_2CBO RESTORED TO VARIABLE.
                   PARAMETER    8  beta_CBO RESTORED TO VARIABLE.
 **********
 **   26 **FIX            0
 **********
 PARAMETER    0  IS UNDEFINED. IGNORED.
 **********
 **   27 **FIX            1
 **********
 **********
 **   28 **FIX            2
 **********
 PARAMETER    2  IS CONSTANT.   IGNORED.
 **********
 **   29 **FIX            3
 **********
 **********
 **   30 **FIX            4
 **********
 **********
 **   31 **FIX            5
 **********
 PARAMETER    5  IS CONSTANT.   IGNORED.
 **********
 **   32 **FIX            6
 **********
 **********
 **   33 **FIX            7
 **********
 PARAMETER    7  IS CONSTANT.   IGNORED.
 **********
 **   34 **FIX           10
 **********
 **********
 **   35 **FIX           11
 **********
 **********
 **   36 **FIX           12
 **********
 PARAMETER   12  IS CONSTANT.   IGNORED.
 **********
 **   37 **FIX           13
 **********
 **********
 **   38 **FIX           14
 **********
 **********
 **   39 **FIX           15
 **********
 PARAMETER   15  IS CONSTANT.   IGNORED.
 **********
 **   40 **FIX           16
 **********
 **********
 **   41 **MIGRAD
 **********
 START MIGRAD MINIMIZATION.  STRATEGY  1.  CONVERGENCE WHEN EDM .LT. 1.00e-04
 FCN=11.9606 FROM MIGRAD    STATUS=INITIATE       18 CALLS        1841 TOTAL
                     EDM= unknown      STRATEGY= 1      NO ERROR MATRIX       
  EXT PARAMETER               CURRENT GUESS       STEP         FIRST   
  NO.   NAME      VALUE            ERROR          SIZE      DERIVATIVE 
   1  N0           3.62550e+06     fixed    
   2  tau          6.44027e+01   constant   
   3  A0           3.58723e-01     fixed    
   4  phi          4.11678e+00     fixed    
   5  R           -6.06479e+01   constant   
   6  alpha_CBO    1.53127e-03     fixed    
   7  w_CBO        2.32500e+00   constant   
   8  beta_CBO     0.00000e+00   1.00000e-03   1.00000e-03   4.66360e+01
   9  alpha_2CBO   0.00000e+00   1.00000e-03   1.00000e-03   2.85897e+02
  10  beta_2CBO    5.50667e-04     fixed    
  11  alpha_y      0.00000e+00     fixed    
  12  w_y          1.44500e+01   constant   
  13  beta_y       1.83725e-04     fixed    
  14  alpha_vw     0.00000e+00     fixed    
  15  w_vw         1.29000e+01   constant   
  16  beta_vw      0.00000e+00     fixed    
  17  LM          -1.06686e-04   constant   
  18  zeta_y       0.00000e+00   constant   
  19  zeta_vw      0.00000e+00   constant   
  20  T_CBO        2.34880e+01   7.86470e+00   7.43502e-06  -2.95373e-02
  21  alpha_A0     1.63417e-01   3.86634e-01   6.41877e-05   3.86845e-03
  22  beta_A0      2.99107e-01   3.93753e-01   6.42433e-05   5.92237e-03
  23  alpha_phi    7.45384e-02   3.14421e-01   5.09311e-05   1.36049e-02
  24  beta_phi    -2.57895e-01   3.61195e-01   5.88290e-05   7.55475e-03
 MIGRAD MINIMIZATION HAS CONVERGED.
 MIGRAD WILL VERIFY CONVERGENCE AND ERROR MATRIX.
 FCN=11.9159 FROM MIGRAD    STATUS=CONVERGED     166 CALLS        1989 TOTAL
                     EDM=1.94796e-06    STRATEGY= 1      ERR MATRIX NOT POS-DEF
  EXT PARAMETER                APPROXIMATE        STEP         FIRST   
  NO.   NAME      VALUE            ERROR          SIZE      DERIVATIVE 
   1  N0           3.62550e+06     fixed    
   2  tau          6.44027e+01   constant   
   3  A0           3.58723e-01     fixed    
   4  phi          4.11678e+00     fixed    
   5  R           -6.06479e+01   constant   
   6  alpha_CBO    1.53127e-03     fixed    
   7  w_CBO        2.32500e+00   constant   
   8  beta_CBO    -2.80298e-04   1.21482e-03   4.29052e-07   1.54590e+00
   9  alpha_2CBO  -2.65757e-04   1.12176e-03   4.29824e-07   2.44421e+00
  10  beta_2CBO    5.50667e-04     fixed    
  11  alpha_y      0.00000e+00     fixed    
  12  w_y          1.44500e+01   constant   
  13  beta_y       1.83725e-04     fixed    
  14  alpha_vw     0.00000e+00     fixed    
  15  w_vw         1.29000e+01   constant   
  16  beta_vw      0.00000e+00     fixed    
  17  LM          -1.06686e-04   constant   
  18  zeta_y       0.00000e+00   constant   
  19  zeta_vw      0.00000e+00   constant   
  20  T_CBO        2.33900e+01   8.62932e+00   7.41738e-06   6.39874e-02
  21  alpha_A0     1.39384e-01   2.28783e-01   6.50582e-05   2.07303e-02
  22  beta_A0      2.64093e-01   4.03253e-01   6.51265e-05  -1.93398e-02
  23  alpha_phi    9.35730e-02   1.52782e-01   5.16118e-05   3.25838e-03
  24  beta_phi    -2.89371e-01   4.22316e-01   5.95732e-05  -1.65451e-02
 EXTERNAL ERROR MATRIX.    NDIM=  25    NPAR=  7    ERR DEF=1
  1.476e-06  1.291e-06  3.716e-04  1.250e-04  1.868e-04 -9.458e-05  1.566e-04 
  1.291e-06  1.258e-06 -3.059e-05  1.255e-04  1.860e-04 -8.308e-05  1.257e-04 
  3.716e-04 -3.059e-05  7.455e+01 -1.686e+00 -3.147e+00 -1.118e+00  3.493e+00 
  1.250e-04  1.255e-04 -1.686e+00  5.234e-02  9.041e-02  1.722e-02 -6.641e-02 
  1.868e-04  1.860e-04 -3.147e+00  9.041e-02  1.626e-01  3.464e-02 -1.283e-01 
 -9.458e-05 -8.308e-05 -1.118e+00  1.722e-02  3.464e-02  2.334e-02 -6.123e-02 
  1.566e-04  1.257e-04  3.493e+00 -6.641e-02 -1.283e-01 -6.123e-02  1.784e-01 
ERR MATRIX NOT POS-DEF
 PARAMETER  CORRELATION COEFFICIENTS  
       NO.  GLOBAL      8      9     20     21     22     23     24
        8  0.97959   1.000  0.947  0.035  0.450  0.381 -0.510  0.305
        9  0.97593   0.947  1.000 -0.003  0.489  0.411 -0.485  0.265
       20  0.99726   0.035 -0.003  1.000 -0.853 -0.904 -0.847  0.958
       21  0.98681   0.450  0.489 -0.853  1.000  0.980  0.493 -0.687
       22  0.99576   0.381  0.411 -0.904  0.980  1.000  0.562 -0.754
       23  0.98133  -0.510 -0.485 -0.847  0.493  0.562  1.000 -0.949
       24  0.99677   0.305  0.265  0.958 -0.687 -0.754 -0.949  1.000
 ERR MATRIX NOT POS-DEF
MINUIT - FIT wiggle + 1-CBO + 2-CBO
 **********
 **   42 **RES 
 **********
                   PARAMETER   16  beta_vw RESTORED TO VARIABLE.
                   PARAMETER   14  alpha_vw RESTORED TO VARIABLE.
                   PARAMETER   13  beta_y RESTORED TO VARIABLE.
                   PARAMETER   11  alpha_y RESTORED TO VARIABLE.
                   PARAMETER   10  beta_2CBO RESTORED TO VARIABLE.
                   PARAMETER    6  alpha_CBO RESTORED TO VARIABLE.
                   PARAMETER    4  phi RESTORED TO VARIABLE.
                   PARAMETER    3  A0 RESTORED TO VARIABLE.
                   PARAMETER    1  N0 RESTORED TO VARIABLE.
 **********
 **   43 **FIX           10
 **********
 **********
 **   44 **FIX           11
 **********
 **********
 **   45 **FIX           12
 **********
 PARAMETER   12  IS CONSTANT.   IGNORED.
 **********
 **   46 **FIX           13
 **********
 **********
 **   47 **FIX           14
 **********
 **********
 **   48 **FIX           15
 **********
 PARAMETER   15  IS CONSTANT.   IGNORED.
 **********
 **   49 **FIX           16
 **********
 **********
 **   50 **MIGRAD
 **********
 START MIGRAD MINIMIZATION.  STRATEGY  1.  CONVERGENCE WHEN EDM .LT. 1.00e-04
 FCN=11.9159 FROM MIGRAD    STATUS=INITIATE       22 CALLS        2011 TOTAL
                     EDM= unknown      STRATEGY= 1      NO ERROR MATRIX       
  EXT PARAMETER               CURRENT GUESS       STEP         FIRST   
  NO.   NAME      VALUE            ERROR          SIZE      DERIVATIVE 
   1  N0           3.62550e+06   5.07453e+03   5.07453e+03  -1.58364e-05
   2  tau          6.44027e+01   constant   
   3  A0           3.58723e-01   1.94912e-03   1.94912e-03  -6.32685e+01
   4  phi          4.11678e+00   6.47154e-03   6.47154e-03   1.23672e+01
   5  R           -6.06479e+01   constant   
   6  alpha_CBO    1.53127e-03   2.38784e-03   2.38784e-03  -2.24914e+02
   7  w_CBO        2.32500e+00   constant   
   8  beta_CBO    -2.80298e-04   1.21482e-03   4.29052e-07   1.54588e+00
   9  alpha_2CBO  -2.65757e-04   1.12176e-03   4.29824e-07   2.44421e+00
  10  beta_2CBO    5.50667e-04     fixed    
  11  alpha_y      0.00000e+00     fixed    
  12  w_y          1.44500e+01   constant   
  13  beta_y       1.83725e-04     fixed    
  14  alpha_vw     0.00000e+00     fixed    
  15  w_vw         1.29000e+01   constant   
  16  beta_vw      0.00000e+00     fixed    
  17  LM          -1.06686e-04   constant   
  18  zeta_y       0.00000e+00   constant   
  19  zeta_vw      0.00000e+00   constant   
  20  T_CBO        2.33900e+01   8.62932e+00   7.41738e-06   6.40282e-02
  21  alpha_A0     1.39384e-01   2.28783e-01   6.50582e-05   2.07300e-02
  22  beta_A0      2.64093e-01   4.03253e-01   6.51265e-05  -1.93394e-02
  23  alpha_phi    9.35730e-02   1.52782e-01   5.16118e-05   3.25848e-03
  24  beta_phi    -2.89371e-01   4.22316e-01   5.95732e-05  -1.65450e-02
 MIGRAD MINIMIZATION HAS CONVERGED.
 MIGRAD WILL VERIFY CONVERGENCE AND ERROR MATRIX.
 FCN=11.2791 FROM MIGRAD    STATUS=CONVERGED     745 CALLS        2734 TOTAL
                     EDM=3.72747e-05    STRATEGY= 1      ERR MATRIX NOT POS-DEF
  EXT PARAMETER                APPROXIMATE        STEP         FIRST   
  NO.   NAME      VALUE            ERROR          SIZE      DERIVATIVE 
   1  N0           3.65860e+06   7.33117e+03   1.74456e+00   2.40376e-06
   2  tau          6.44027e+01   constant   
   3  A0           3.66451e-01   2.26460e-03   3.11778e-07  -1.12373e+01
   4  phi          4.14492e+00   7.07740e-03   1.97645e-06  -9.44506e-01
   5  R           -6.06479e+01   constant   
   6  alpha_CBO    4.23964e-03   1.74921e-03   3.94333e-07  -1.37604e+00
   7  w_CBO        2.32500e+00   constant   
   8  beta_CBO    -1.35153e-02   2.23522e-03   4.19028e-07  -5.00002e+00
   9  alpha_2CBO  -2.81448e-03   1.45661e-03   4.19417e-07  -2.13254e+00
  10  beta_2CBO    5.50667e-04     fixed    
  11  alpha_y      0.00000e+00     fixed    
  12  w_y          1.44500e+01   constant   
  13  beta_y       1.83725e-04     fixed    
  14  alpha_vw     0.00000e+00     fixed    
  15  w_vw         1.29000e+01   constant   
  16  beta_vw      0.00000e+00     fixed    
  17  LM          -1.06686e-04   constant   
  18  zeta_y       0.00000e+00   constant   
  19  zeta_vw      0.00000e+00   constant   
  20  T_CBO        2.34629e+01   3.07270e+00   2.68911e-06  -9.75440e-01
  21  alpha_A0     2.80630e-01   3.15958e-01   6.03511e-05  -1.52219e-02
  22  beta_A0     -2.89028e-01   3.20925e-01   6.14807e-05   5.32711e-02
  23  alpha_phi    4.62922e-01   3.25136e-01   4.85384e-05   3.77641e-02
  24  beta_phi    -6.52301e-01   3.45383e-01   5.47577e-05   5.42400e-02
 EXTERNAL ERROR MATRIX.    NDIM=  25    NPAR= 11    ERR DEF=1
  5.375e+07 
  2.913e+00  5.128e-06 
  7.829e+00  1.462e-06  5.009e-05 
 -1.031e+00 -1.203e-06  4.657e-06  3.060e-06 
 -9.342e+00 -2.188e-06 -6.692e-06 -1.228e-06  4.996e-06 
  2.908e-01  2.817e-07  6.308e-08 -1.361e-06  1.990e-06  2.122e-06 
  4.126e+03  5.873e-04 -6.396e-03  6.255e-04 -1.688e-03 -1.493e-03  9.443e+00 
  1.181e+03  1.726e-05 -1.134e-03 -5.463e-05  6.464e-05  1.166e-04 -4.782e-02  9.983e-02 
 -6.963e+02  4.261e-04 -8.787e-04 -1.425e-04  1.976e-04  1.520e-04  3.712e-01  1.057e-02  1.030e-01 
 -9.509e+02  3.639e-04 -2.667e-05  1.147e-04 -1.209e-04 -1.251e-04 -3.965e-01  8.478e-04  2.725e-02  1.057e-01 
 -8.277e+02  6.745e-05  9.583e-04  4.362e-06  1.219e-04  1.182e-04  3.953e-01 -7.527e-02  4.035e-02 -3.676e-02  1.193e-01 
ERR MATRIX NOT POS-DEF
 PARAMETER  CORRELATION COEFFICIENTS  
       NO.  GLOBAL      1      3      4      6      8      9     20     21     22     23     24
        1  0.99650   1.000  0.175  0.151 -0.080 -0.570  0.027  0.183  0.510 -0.296 -0.399 -0.327
        3  0.99677   0.175  1.000  0.091 -0.304 -0.432  0.085  0.084  0.024  0.586  0.494  0.086
        4  0.99671   0.151  0.091  1.000  0.376 -0.423  0.006 -0.294 -0.507 -0.387 -0.012  0.392
        6  0.99132  -0.080 -0.304  0.376  1.000 -0.314 -0.534  0.116 -0.099 -0.254  0.202  0.007
        8  0.99400  -0.570 -0.432 -0.423 -0.314  1.000  0.611 -0.246  0.092  0.276 -0.166  0.158
        9  0.98579   0.027  0.085  0.006 -0.534  0.611  1.000 -0.334  0.253  0.325 -0.264  0.235
       20  0.99697   0.183  0.084 -0.294  0.116 -0.246 -0.334  1.000 -0.049  0.376 -0.397  0.372
       21  0.99378   0.510  0.024 -0.507 -0.099  0.092  0.253 -0.049  1.000  0.104  0.008 -0.690
       22  0.99374  -0.296  0.586 -0.387 -0.254  0.276  0.325  0.376  0.104  1.000  0.261  0.364
       23  0.99620  -0.399  0.494 -0.012  0.202 -0.166 -0.264 -0.397  0.008  0.261  1.000 -0.327
       24  0.99572  -0.327  0.086  0.392  0.007  0.158  0.235  0.372 -0.690  0.364 -0.327  1.000
 ERR MATRIX NOT POS-DEF
MINUIT - FIT ONLY 1-y
 **********
 **   51 **RES 
 **********
                   PARAMETER   16  beta_vw RESTORED TO VARIABLE.
                   PARAMETER   14  alpha_vw RESTORED TO VARIABLE.
                   PARAMETER   13  beta_y RESTORED TO VARIABLE.
                   PARAMETER   11  alpha_y RESTORED TO VARIABLE.
                   PARAMETER   10  beta_2CBO RESTORED TO VARIABLE.
 **********
 **   52 **FIX            0
 **********
 PARAMETER    0  IS UNDEFINED. IGNORED.
 **********
 **   53 **FIX            1
 **********
 **********
 **   54 **FIX            2
 **********
 PARAMETER    2  IS CONSTANT.   IGNORED.
 **********
 **   55 **FIX            3
 **********
 **********
 **   56 **FIX            4
 **********
 **********
 **   57 **FIX            5
 **********
 PARAMETER    5  IS CONSTANT.   IGNORED.
 **********
 **   58 **FIX            6
 **********
 **********
 **   59 **FIX            7
 **********
 PARAMETER    7  IS CONSTANT.   IGNORED.
 **********
 **   60 **FIX            8
 **********
 **********
 **   61 **FIX            9
 **********
 **********
 **   62 **FIX           13
 **********
 **********
 **   63 **FIX           14
 **********
 **********
 **   64 **FIX           15
 **********
 PARAMETER   15  IS CONSTANT.   IGNORED.
 **********
 **   65 **FIX           16
 **********
 **********
 **   66 **MIGRAD
 **********
 START MIGRAD MINIMIZATION.  STRATEGY  1.  CONVERGENCE WHEN EDM .LT. 1.00e-04
 FCN=11.2791 FROM MIGRAD    STATUS=INITIATE       16 CALLS        2750 TOTAL
                     EDM= unknown      STRATEGY= 1      NO ERROR MATRIX       
  EXT PARAMETER               CURRENT GUESS       STEP         FIRST   
  NO.   NAME      VALUE            ERROR          SIZE      DERIVATIVE 
   1  N0           3.65860e+06     fixed    
   2  tau          6.44027e+01   constant   
   3  A0           3.66451e-01     fixed    
   4  phi          4.14492e+00     fixed    
   5  R           -6.06479e+01   constant   
   6  alpha_CBO    4.23964e-03     fixed    
   7  w_CBO        2.32500e+00   constant   
   8  beta_CBO    -1.35153e-02     fixed    
   9  alpha_2CBO  -2.81448e-03     fixed    
  10  beta_2CBO    5.50667e-04   1.04248e-03   1.04248e-03  -3.31476e+02
  11  alpha_y      0.00000e+00   1.00000e-03   1.00000e-03   1.32805e+04
  12  w_y          1.44500e+01   constant   
  13  beta_y       1.83725e-04     fixed    
  14  alpha_vw     0.00000e+00     fixed    
  15  w_vw         1.29000e+01   constant   
  16  beta_vw      0.00000e+00     fixed    
  17  LM          -1.06686e-04   constant   
  18  zeta_y       0.00000e+00   constant   
  19  zeta_vw      0.00000e+00   constant   
  20  T_CBO        2.34629e+01   3.07270e+00   2.68911e-06  -9.75403e-01
  21  alpha_A0     2.80630e-01   3.15958e-01   6.03511e-05  -1.52219e-02
  22  beta_A0     -2.89028e-01   3.20925e-01   6.14807e-05   5.32704e-02
  23  alpha_phi    4.62922e-01   3.25136e-01   4.85384e-05   3.77642e-02
  24  beta_phi    -6.52301e-01   3.45383e-01   5.47577e-05   5.42401e-02
 MIGRAD MINIMIZATION HAS CONVERGED.
 MIGRAD WILL VERIFY CONVERGENCE AND ERROR MATRIX.
 FCN=8.57417 FROM MIGRAD    STATUS=CONVERGED     162 CALLS        2896 TOTAL
                     EDM=2.88548e-06    STRATEGY= 1      ERR MATRIX NOT POS-DEF
  EXT PARAMETER                APPROXIMATE        STEP         FIRST   
  NO.   NAME      VALUE            ERROR          SIZE      DERIVATIVE 
   1  N0           3.65860e+06     fixed    
   2  tau          6.44027e+01   constant   
   3  A0           3.66451e-01     fixed    
   4  phi          4.14492e+00     fixed    
   5  R           -6.06479e+01   constant   
   6  alpha_CBO    4.23964e-03     fixed    
   7  w_CBO        2.32500e+00   constant   
   8  beta_CBO    -1.35153e-02     fixed    
   9  alpha_2CBO  -2.81448e-03     fixed    
  10  beta_2CBO    8.60562e-04   6.27020e-04   3.47922e-07   2.87437e+00
  11  alpha_y     -3.99824e-04   2.42933e-04   3.53936e-07  -8.54233e+00
  12  w_y          1.44500e+01   constant   
  13  beta_y       1.83725e-04     fixed    
  14  alpha_vw     0.00000e+00     fixed    
  15  w_vw         1.29000e+01   constant   
  16  beta_vw      0.00000e+00     fixed    
  17  LM          -1.06686e-04   constant   
  18  zeta_y       0.00000e+00   constant   
  19  zeta_vw      0.00000e+00   constant   
  20  T_CBO        2.34907e+01   3.60799e+00   2.38837e-06  -4.18272e-01
  21  alpha_A0     2.75296e-01   1.65236e-01   5.30114e-05   7.48911e-03
  22  beta_A0     -2.46180e-01   1.63597e-01   5.39588e-05  -2.45186e-02
  23  alpha_phi    4.53519e-01   2.62712e-01   4.26443e-05  -2.15105e-02
  24  beta_phi    -6.82069e-01   3.98654e-01   4.81349e-05   2.35179e-02
 EXTERNAL ERROR MATRIX.    NDIM=  25    NPAR=  7    ERR DEF=1
  3.932e-07 -3.529e-08 -1.329e-05 -6.019e-06  4.346e-05 -9.846e-06 -3.606e-05 
 -3.529e-08  5.902e-08 -6.231e-06  7.022e-07 -5.216e-06  1.240e-06  3.228e-06 
 -1.329e-05 -6.231e-06  1.302e+01 -5.785e-01  5.149e-01 -9.398e-01  1.419e+00 
 -6.019e-06  7.022e-07 -5.785e-01  2.730e-02 -2.316e-02  4.225e-02 -6.276e-02 
  4.346e-05 -5.216e-06  5.149e-01 -2.316e-02  2.676e-02 -3.834e-02  5.194e-02 
 -9.846e-06  1.240e-06 -9.398e-01  4.225e-02 -3.834e-02  6.902e-02 -1.017e-01 
 -3.606e-05  3.228e-06  1.419e+00 -6.276e-02  5.194e-02 -1.017e-01  1.589e-01 
ERR MATRIX NOT POS-DEF
 PARAMETER  CORRELATION COEFFICIENTS  
       NO.  GLOBAL     10     11     20     21     22     23     24
       10  0.93027   1.000 -0.232 -0.006 -0.058  0.424 -0.060 -0.144
       11  0.26836  -0.232  1.000 -0.007  0.017 -0.131  0.019  0.033
       20  0.99780  -0.006 -0.007  1.000 -0.970  0.872 -0.991  0.987
       21  0.97722  -0.058  0.017 -0.970  1.000 -0.857  0.973 -0.953
       22  0.97591   0.424 -0.131  0.872 -0.857  1.000 -0.892  0.796
       23  0.99422  -0.060  0.019 -0.991  0.973 -0.892  1.000 -0.971
       24  0.99680  -0.144  0.033  0.987 -0.953  0.796 -0.971  1.000
 ERR MATRIX NOT POS-DEF
MINUIT - FIT ONLY 2-y
 **********
 **   67 **RES 
 **********
                   PARAMETER   16  beta_vw RESTORED TO VARIABLE.
                   PARAMETER   14  alpha_vw RESTORED TO VARIABLE.
                   PARAMETER   13  beta_y RESTORED TO VARIABLE.
                   PARAMETER    9  alpha_2CBO RESTORED TO VARIABLE.
                   PARAMETER    8  beta_CBO RESTORED TO VARIABLE.
                   PARAMETER    6  alpha_CBO RESTORED TO VARIABLE.
                   PARAMETER    4  phi RESTORED TO VARIABLE.
                   PARAMETER    3  A0 RESTORED TO VARIABLE.
                   PARAMETER    1  N0 RESTORED TO VARIABLE.
 **********
 **   68 **FIX            0
 **********
 PARAMETER    0  IS UNDEFINED. IGNORED.
 **********
 **   69 **FIX            1
 **********
 **********
 **   70 **FIX            2
 **********
 PARAMETER    2  IS CONSTANT.   IGNORED.
 **********
 **   71 **FIX            3
 **********
 **********
 **   72 **FIX            4
 **********
 **********
 **   73 **FIX            5
 **********
 PARAMETER    5  IS CONSTANT.   IGNORED.
 **********
 **   74 **FIX            6
 **********
 **********
 **   75 **FIX            7
 **********
 PARAMETER    7  IS CONSTANT.   IGNORED.
 **********
 **   76 **FIX            8
 **********
 **********
 **   77 **FIX            9
 **********
 **********
 **   78 **FIX           10
 **********
 **********
 **   79 **FIX           11
 **********
 **********
 **   80 **FIX           12
 **********
 PARAMETER   12  IS CONSTANT.   IGNORED.
 **********
 **   81 **FIX           16
 **********
 **********
 **   82 **MIGRAD
 **********
 START MIGRAD MINIMIZATION.  STRATEGY  1.  CONVERGENCE WHEN EDM .LT. 1.00e-04
 FCN=8.57417 FROM MIGRAD    STATUS=INITIATE       16 CALLS        2912 TOTAL
                     EDM= unknown      STRATEGY= 1      NO ERROR MATRIX       
  EXT PARAMETER               CURRENT GUESS       STEP         FIRST   
  NO.   NAME      VALUE            ERROR          SIZE      DERIVATIVE 
   1  N0           3.65860e+06     fixed    
   2  tau          6.44027e+01   constant   
   3  A0           3.66451e-01     fixed    
   4  phi          4.14492e+00     fixed    
   5  R           -6.06479e+01   constant   
   6  alpha_CBO    4.23964e-03     fixed    
   7  w_CBO        2.32500e+00   constant   
   8  beta_CBO    -1.35153e-02     fixed    
   9  alpha_2CBO  -2.81448e-03     fixed    
  10  beta_2CBO    8.60562e-04     fixed    
  11  alpha_y     -3.99824e-04     fixed    
  12  w_y          1.44500e+01   constant   
  13  beta_y       1.83725e-04   2.48354e-04   2.48354e-04  -1.21266e+03
  14  alpha_vw     0.00000e+00   1.00000e-03   1.00000e-03   2.94133e+03
  15  w_vw         1.29000e+01   constant   
  16  beta_vw      0.00000e+00     fixed    
  17  LM          -1.06686e-04   constant   
  18  zeta_y       0.00000e+00   constant   
  19  zeta_vw      0.00000e+00   constant   
  20  T_CBO        2.34907e+01   3.60799e+00   2.38837e-06  -4.18237e-01
  21  alpha_A0     2.75296e-01   1.65236e-01   5.30114e-05   7.48918e-03
  22  beta_A0     -2.46180e-01   1.63597e-01   5.39588e-05  -2.45197e-02
  23  alpha_phi    4.53519e-01   2.62712e-01   4.26443e-05  -2.15105e-02
  24  beta_phi    -6.82069e-01   3.98654e-01   4.81349e-05   2.35179e-02
 MIGRAD MINIMIZATION HAS CONVERGED.
 MIGRAD WILL VERIFY CONVERGENCE AND ERROR MATRIX.
 FCN=8.44073 FROM MIGRAD    STATUS=CONVERGED     129 CALLS        3025 TOTAL
                     EDM=5.54467e-06    STRATEGY= 1      ERR MATRIX NOT POS-DEF
  EXT PARAMETER                APPROXIMATE        STEP         FIRST   
  NO.   NAME      VALUE            ERROR          SIZE      DERIVATIVE 
   1  N0           3.65860e+06     fixed    
   2  tau          6.44027e+01   constant   
   3  A0           3.66451e-01     fixed    
   4  phi          4.14492e+00     fixed    
   5  R           -6.06479e+01   constant   
   6  alpha_CBO    4.23964e-03     fixed    
   7  w_CBO        2.32500e+00   constant   
   8  beta_CBO    -1.35153e-02     fixed    
   9  alpha_2CBO  -2.81448e-03     fixed    
  10  beta_2CBO    8.60562e-04     fixed    
  11  alpha_y     -3.99824e-04     fixed    
  12  w_y          1.44500e+01   constant   
  13  beta_y       1.88968e-04   2.57699e-04   3.60779e-07   5.88988e-02
  14  alpha_vw    -8.86009e-05   2.64454e-04   3.66654e-07   2.69115e-02
  15  w_vw         1.29000e+01   constant   
  16  beta_vw      0.00000e+00     fixed    
  17  LM          -1.06686e-04   constant   
  18  zeta_y       0.00000e+00   constant   
  19  zeta_vw      0.00000e+00   constant   
  20  T_CBO        2.34876e+01   3.60968e+00   2.37448e-06   8.29378e-01
  21  alpha_A0     2.75056e-01   1.64920e-01   5.26874e-05   9.16956e-03
  22  beta_A0     -2.48220e-01   1.49649e-01   5.36293e-05  -2.04651e-02
  23  alpha_phi    4.53575e-01   2.62474e-01   4.23838e-05   1.63641e-02
  24  beta_phi    -6.81020e-01   3.94146e-01   4.78403e-05  -2.02522e-02
 EXTERNAL ERROR MATRIX.    NDIM=  25    NPAR=  7    ERR DEF=1
  6.641e-08  2.379e-08  1.381e-05 -1.080e-07  1.917e-06 -9.078e-07  3.730e-07 
  2.379e-08  6.994e-08  1.140e-05 -3.447e-08  2.322e-06 -6.575e-07 -1.842e-07 
  1.381e-05  1.140e-05  1.303e+01 -5.788e-01  5.215e-01 -9.414e-01  1.418e+00 
 -1.080e-07 -3.447e-08 -5.788e-01  2.720e-02 -2.269e-02  4.212e-02 -6.324e-02 
  1.917e-06  2.322e-06  5.215e-01 -2.269e-02  2.239e-02 -3.764e-02  5.638e-02 
 -9.078e-07 -6.575e-07 -9.414e-01  4.212e-02 -3.764e-02  6.889e-02 -1.026e-01 
  3.730e-07 -1.842e-07  1.418e+00 -6.324e-02  5.638e-02 -1.026e-01  1.554e-01 
ERR MATRIX NOT POS-DEF
 PARAMETER  CORRELATION COEFFICIENTS  
       NO.  GLOBAL     13     14     20     21     22     23     24
       13  0.36196   1.000  0.349  0.015 -0.003  0.050 -0.013  0.004
       14  0.38438   0.349  1.000  0.012 -0.001  0.059 -0.009 -0.002
       20  0.99780   0.015  0.012  1.000 -0.972  0.965 -0.994  0.996
       21  0.97711  -0.003 -0.001 -0.972  1.000 -0.919  0.973 -0.973
       22  0.97111   0.050  0.059  0.965 -0.919  1.000 -0.958  0.956
       23  0.99420  -0.013 -0.009 -0.994  0.973 -0.958  1.000 -0.992
