 + ++++++++++++++++++++++++++++++++++++++++++++++++++++++++++++++++++++ +
 +                                                                      +
 +           You have chose to blind your fitting according to          +
 +                omega_ref * (1 + (R +/- deltaR) *10^{-6})             +
 +                                                                      +
 + ++++++++++++++++++++++++++++++++++++++++++++++++++++++++++++++++++++ +
In main()...
reading format from /gm2data/zkhechad/run45/envelope/formats/formatB_sBin_constraintOn.txt
pBinTau 	= 0  
pBinPhi 	= 0  
constraintau 	= 1 
includeMopTerm 	= 0    
constrainMop    = 0   
Parameters after format file: pBinTau 0 pBinPhi 0 constraintau 1 includeMopTerm 0 constrainMop 0 c_e_scale 0.000000 
Opening file /gm2data/tbarrett/gm2fr/studies/run23_bunch_corrections/CorrectedFourier_Run3b.root.
reading full fit data from /gm2data/zkhechad/cboTemplates/Run4CBOTemplates/fullFits/noRF/sBin_constraintOn_cE0.0_seed0_noRF_calo23.root
windowBins = 69
fitting sliding window 350 from bin 486 at 72.362000 to bin 555 at 82.806000 (69 bins)

Reading data from /gm2data/cornell/histograms/aMethod/histogram_a_noRF.root
 **********
 **    1 **SET PRINTOUT            1
 **********
 **********
 **    2 **SET NOWARNINGS 
 **********
 PARAMETER DEFINITIONS:
    NO.   NAME         VALUE      STEP SIZE      LIMITS
     1 N0           3.09539e+06  1.00000e+02     no limits
     2 tau          6.44044e+01  constant
     3 A0           3.43396e-01  1.00000e-04     no limits
     4 phi          4.11986e+00  1.00000e-02     no limits
     5 R           -6.14483e+01  constant
     6 alpha_CBO    0.00000e+00  1.00000e-03     no limits
     7 w_CBO        2.32500e+00  constant
     8 beta_CBO     0.00000e+00  1.00000e-03     no limits
     9 alpha_2CBO   0.00000e+00  1.00000e-03     no limits
    10 beta_2CBO    0.00000e+00  1.00000e-03     no limits
    11 alpha_y      0.00000e+00  1.00000e-03     no limits
    12 w_y          1.38860e+01  constant
    13 beta_y       0.00000e+00  1.00000e-03     no limits
    14 alpha_vw     0.00000e+00  1.00000e-03     no limits
    15 w_vw         1.43404e+01  constant
    16 beta_vw      0.00000e+00  1.00000e-03     no limits
    17 LM          -5.33935e-06  constant
    18 zeta_y       0.00000e+00  constant
    19 zeta_vw      0.00000e+00  constant
    20 T_CBO        1.00000e+02  1.00000e+00    0.00000e+00  1.00000e+03
    21 alpha_A0     0.00000e+00  1.00000e-04   -1.00000e-02  1.00000e-02
    22 beta_A0      0.00000e+00  1.00000e-04   -1.00000e-02  1.00000e-02
    23 alpha_phi    0.00000e+00  1.00000e-04   -1.00000e-02  1.00000e-02
    24 beta_phi     0.00000e+00  1.00000e-04   -1.00000e-02  1.00000e-02
MINUIT - FIT ONLY WIGGLE
 **********
 **    3 **FIX            5
 **********
 PARAMETER    5  IS CONSTANT.   IGNORED.
 **********
 **    4 **FIX            6
 **********
 **********
 **    5 **FIX            7
 **********
 PARAMETER    7  IS CONSTANT.   IGNORED.
 **********
 **    6 **FIX            8
 **********
 **********
 **    7 **FIX            9
 **********
 **********
 **    8 **FIX           10
 **********
 **********
 **    9 **FIX           11
 **********
 **********
 **   10 **FIX           12
 **********
 PARAMETER   12  IS CONSTANT.   IGNORED.
 **********
 **   11 **FIX           13
 **********
 **********
 **   12 **FIX           14
 **********
 **********
 **   13 **FIX           15
 **********
 PARAMETER   15  IS CONSTANT.   IGNORED.
 **********
 **   14 **FIX           16
 **********
 **********
 **   15 **MIGRAD
 **********
 FIRST CALL TO USER FUNCTION AT NEW START POINT, WITH IFLAG=4.
 START MIGRAD MINIMIZATION.  STRATEGY  1.  CONVERGENCE WHEN EDM .LT. 1.00e-04
 FCN=4573.85 FROM MIGRAD    STATUS=INITIATE      435 CALLS         436 TOTAL
                     EDM= unknown      STRATEGY= 1      NO ERROR MATRIX       
  EXT PARAMETER               CURRENT GUESS       STEP         FIRST   
  NO.   NAME      VALUE            ERROR          SIZE      DERIVATIVE 
   1  N0           3.09539e+06   1.00000e+02   0.00000e+00   9.41446e-02
   2  tau          6.44044e+01   constant   
   3  A0           3.43396e-01   1.00000e-04   0.00000e+00   2.41095e+05
   4  phi          4.11986e+00   1.00000e-02   0.00000e+00  -4.12413e+04
   5  R           -6.14483e+01   constant   
   6  alpha_CBO    0.00000e+00     fixed    
   7  w_CBO        2.32500e+00   constant   
   8  beta_CBO     0.00000e+00     fixed    
   9  alpha_2CBO   0.00000e+00     fixed    
  10  beta_2CBO    0.00000e+00     fixed    
  11  alpha_y      0.00000e+00     fixed    
  12  w_y          1.38860e+01   constant   
  13  beta_y       0.00000e+00     fixed    
  14  alpha_vw     0.00000e+00     fixed    
  15  w_vw         1.43404e+01   constant   
  16  beta_vw      0.00000e+00     fixed    
  17  LM          -5.33935e-06   constant   
  18  zeta_y       0.00000e+00   constant   
  19  zeta_vw      0.00000e+00   constant   
  20  T_CBO        1.00000e+02   1.00000e+00   0.00000e+00   0.00000e+00
  21  alpha_A0     0.00000e+00   1.00000e-04   0.00000e+00   1.69305e+02
  22  beta_A0      0.00000e+00   1.00000e-04   0.00000e+00   9.12435e+01
  23  alpha_phi    0.00000e+00   1.00000e-04   0.00000e+00   3.33276e+02
  24  beta_phi     0.00000e+00   1.00000e-04   0.00000e+00   1.05760e+02
 MIGRAD MINIMIZATION HAS CONVERGED.
 FCN=3906.74 FROM MIGRAD    STATUS=CONVERGED     660 CALLS         661 TOTAL
                     EDM=5.90875e-08    STRATEGY= 1  ERROR MATRIX UNCERTAINTY   4.3 per cent
  EXT PARAMETER                                   STEP         FIRST   
  NO.   NAME      VALUE            ERROR          SIZE      DERIVATIVE 
   1  N0           3.09377e+06   2.43815e+02  -1.00011e+00  -3.16055e-07
   2  tau          6.44044e+01   constant   
   3  A0           3.41911e-01   1.03796e-04  -1.81921e-07  -3.03112e+00
   4  phi          4.12248e+00   3.19522e-04  -2.71239e-08  -6.21081e-01
   5  R           -6.14483e+01   constant   
   6  alpha_CBO    0.00000e+00     fixed    
   7  w_CBO        2.32500e+00   constant   
   8  beta_CBO     0.00000e+00     fixed    
   9  alpha_2CBO   0.00000e+00     fixed    
  10  beta_2CBO    0.00000e+00     fixed    
  11  alpha_y      0.00000e+00     fixed    
  12  w_y          1.38860e+01   constant   
  13  beta_y       0.00000e+00     fixed    
  14  alpha_vw     0.00000e+00     fixed    
  15  w_vw         1.43404e+01   constant   
  16  beta_vw      0.00000e+00     fixed    
  17  LM          -5.33935e-06   constant   
  18  zeta_y       0.00000e+00   constant   
  19  zeta_vw      0.00000e+00   constant   
  20  T_CBO        1.92189e+02   3.18254e+01  -2.41520e-04   9.27200e-04
  21  alpha_A0    -5.46075e-03   7.68497e-04  -2.14870e-04  -1.56768e-03
  22  beta_A0     -4.42656e-03   7.50796e-04   9.05855e-05  -4.08842e-04
  23  alpha_phi   -1.00000e-02   1.08121e-03  -2.28330e-04** at limit **
  24  beta_phi    -2.34430e-03   6.37020e-04   3.62412e-05  -3.82175e-04
 EXTERNAL ERROR MATRIX.    NDIM=  25    NPAR=  8    ERR DEF=1
  5.945e+04 -2.914e-03 -6.921e-03  1.880e+03  4.219e-02 -2.049e-02 -7.559e-07 -2.655e-03 
 -2.914e-03  1.077e-08 -1.479e-09 -5.577e-04 -8.230e-09  7.779e-09 -4.665e-14 -1.829e-09 
 -6.921e-03 -1.479e-09  1.021e-07 -4.495e-04 -2.415e-08 -2.120e-08  3.145e-14  2.757e-08 
  1.880e+03 -5.577e-04 -4.495e-04  1.015e+03  1.331e-02  7.462e-03  2.229e-07  4.097e-03 
  4.219e-02 -8.230e-09 -2.415e-08  1.331e-02  5.923e-07  1.021e-07  2.217e-12  5.601e-08 
 -2.049e-02  7.779e-09 -2.120e-08  7.462e-03  1.021e-07  5.650e-07  3.555e-12  1.579e-08 
 -7.559e-07 -4.665e-14  3.145e-14  2.229e-07  2.217e-12  3.555e-12  6.206e-14  1.796e-12 
 -2.655e-03 -1.829e-09  2.757e-08  4.097e-03  5.601e-08  1.579e-08  1.796e-12  4.064e-07 
 PARAMETER  CORRELATION COEFFICIENTS  
       NO.  GLOBAL      1      3      4     20     21     22     23     24
        1  0.35137   1.000 -0.115 -0.089  0.242  0.225 -0.112 -0.012 -0.017
        3  0.24186  -0.115  1.000 -0.045 -0.169 -0.103  0.100 -0.002 -0.028
        4  0.21248  -0.089 -0.045  1.000 -0.044 -0.098 -0.088  0.000  0.135
       20  0.63688   0.242 -0.169 -0.044  1.000  0.543  0.312  0.028  0.202
       21  0.55650   0.225 -0.103 -0.098  0.543  1.000  0.177  0.012  0.114
       22  0.40304  -0.112  0.100 -0.088  0.312  0.177  1.000  0.019  0.033
       23  0.03547  -0.012 -0.002  0.000  0.028  0.012  0.019  1.000  0.011
       24  0.25823  -0.017 -0.028  0.135  0.202  0.114  0.033  0.011  1.000
MINUIT - FIT ONLY 1-CBO + wiggle
 **********
 **   16 **RES 
 **********
                   PARAMETER   16  beta_vw RESTORED TO VARIABLE.
                   PARAMETER   14  alpha_vw RESTORED TO VARIABLE.
                   PARAMETER   13  beta_y RESTORED TO VARIABLE.
                   PARAMETER   11  alpha_y RESTORED TO VARIABLE.
                   PARAMETER   10  beta_2CBO RESTORED TO VARIABLE.
                   PARAMETER    9  alpha_2CBO RESTORED TO VARIABLE.
                   PARAMETER    8  beta_CBO RESTORED TO VARIABLE.
                   PARAMETER    6  alpha_CBO RESTORED TO VARIABLE.
 **********
 **   17 **FIX            8
 **********
 **********
 **   18 **FIX            9
 **********
 **********
 **   19 **FIX           11
 **********
 **********
 **   20 **FIX           12
 **********
 PARAMETER   12  IS CONSTANT.   IGNORED.
 **********
 **   21 **FIX           14
 **********
 **********
 **   22 **FIX           15
 **********
 PARAMETER   15  IS CONSTANT.   IGNORED.
 **********
 **   23 **FIX           16
 **********
 **********
 **   24 **MIGRAD
 **********
 START MIGRAD MINIMIZATION.  STRATEGY  1.  CONVERGENCE WHEN EDM .LT. 1.00e-04
 FCN=3906.74 FROM MIGRAD    STATUS=INITIATE       28 CALLS         689 TOTAL
                     EDM= unknown      STRATEGY= 1      NO ERROR MATRIX       
  EXT PARAMETER               CURRENT GUESS       STEP         FIRST   
  NO.   NAME      VALUE            ERROR          SIZE      DERIVATIVE 
   1  N0           3.09377e+06   2.43815e+02  -1.00011e+00  -2.64181e-07
   2  tau          6.44044e+01   constant   
   3  A0           3.41911e-01   1.03796e-04  -1.81921e-07  -3.10568e+00
   4  phi          4.12248e+00   3.19522e-04  -2.71239e-08  -6.18239e-01
   5  R           -6.14483e+01   constant   
   6  alpha_CBO    0.00000e+00   1.00000e-03   1.00000e-03   1.12284e+06
   7  w_CBO        2.32500e+00   constant   
   8  beta_CBO     0.00000e+00     fixed    
   9  alpha_2CBO   0.00000e+00     fixed    
  10  beta_2CBO    0.00000e+00   1.00000e-03   1.00000e-03   3.84990e+04
  11  alpha_y      0.00000e+00     fixed    
  12  w_y          1.38860e+01   constant   
  13  beta_y       0.00000e+00   1.00000e-03   1.00000e-03   4.46182e+04
  14  alpha_vw     0.00000e+00     fixed    
  15  w_vw         1.43404e+01   constant   
  16  beta_vw      0.00000e+00     fixed    
  17  LM          -5.33935e-06   constant   
  18  zeta_y       0.00000e+00   constant   
  19  zeta_vw      0.00000e+00   constant   
  20  T_CBO        1.92189e+02   3.18254e+01  -2.41520e-04   1.79588e-04
  21  alpha_A0    -5.46075e-03   7.68497e-04  -2.14870e-04  -1.54201e-03
  22  beta_A0     -4.42656e-03   7.50796e-04   9.05855e-05  -4.44157e-04
  23  alpha_phi   -9.99998e-03   1.08121e-03  -2.28330e-04   1.78726e-02
  24  beta_phi    -2.34430e-03   6.37020e-04   3.62412e-05  -4.09570e-04
 MIGRAD MINIMIZATION HAS CONVERGED.
 FCN=165.582 FROM MIGRAD    STATUS=CONVERGED     297 CALLS         958 TOTAL
                     EDM=5.2243e-07    STRATEGY= 1  ERROR MATRIX UNCERTAINTY   1.8 per cent
  EXT PARAMETER                                   STEP         FIRST   
  NO.   NAME      VALUE            ERROR          SIZE      DERIVATIVE 
   1  N0           3.09490e+06   2.38534e+02  -7.64823e-02  -1.42278e-06
   2  tau          6.44044e+01   constant   
   3  A0           3.43248e-01   1.04779e-04  -3.44698e-08   3.55311e+00
   4  phi          4.11933e+00   3.10839e-04   1.95367e-07  -8.59281e-01
   5  R           -6.14483e+01   constant   
   6  alpha_CBO   -6.65270e-03   1.08681e-04   7.43404e-08  -1.82497e+00
   7  w_CBO        2.32500e+00   constant   
   8  beta_CBO     0.00000e+00     fixed    
   9  alpha_2CBO   0.00000e+00     fixed    
  10  beta_2CBO    8.83674e-05   1.07084e-04  -1.98293e-07  -5.57270e-03
  11  alpha_y      0.00000e+00     fixed    
  12  w_y          1.38860e+01   constant   
  13  beta_y      -2.89867e-04   1.04957e-04   3.80422e-08  -1.04974e+00
  14  alpha_vw     0.00000e+00     fixed    
  15  w_vw         1.43404e+01   constant   
  16  beta_vw      0.00000e+00     fixed    
  17  LM          -5.33935e-06   constant   
  18  zeta_y       0.00000e+00   constant   
  19  zeta_vw      0.00000e+00   constant   
  20  T_CBO        9.69968e+01   1.15375e+01   5.67962e-05   2.08866e-02
  21  alpha_A0     2.29380e-05   9.22097e-04   2.23393e-04  -8.47209e-03
  22  beta_A0     -3.81248e-03   1.06789e-03  -6.16050e-05  -4.65845e-03
  23  alpha_phi   -9.99670e-03   1.06859e-03   1.37528e-04  -5.47677e-04
  24  beta_phi    -6.25929e-03   9.98861e-04   8.37403e-05   5.51999e-03
 EXTERNAL ERROR MATRIX.    NDIM=  25    NPAR= 11    ERR DEF=1
  5.690e+04 
 -2.217e-03  1.098e-08 
 -4.677e-03 -2.664e-09  9.662e-08 
 -1.489e-03 -2.434e-09  5.272e-09  1.181e-08 
  9.426e-04  7.671e-10 -1.627e-09 -5.748e-10  1.147e-08 
 -3.622e-04 -1.929e-10  2.171e-10  1.002e-10 -4.578e-11  1.102e-08 
  7.024e+02 -1.985e-04 -7.174e-05  6.448e-05  6.809e-05 -2.858e-06  1.332e+02 
  2.060e-02  6.216e-10 -1.383e-08 -1.116e-08 -1.467e-08  1.656e-09  9.942e-04  8.527e-07 
 -4.159e-02  1.507e-08 -1.929e-08 -1.090e-09  1.099e-08 -2.901e-10  3.022e-03 -3.750e-08  1.146e-06 
 -2.334e-04  2.170e-11  1.107e-11  6.510e-11 -2.620e-10  5.562e-11  4.814e-05  5.451e-09  5.424e-09  1.436e-08 
  2.755e-02 -1.114e-08  2.463e-08  5.828e-09 -1.198e-08  1.411e-09  5.580e-03  1.527e-07  1.258e-07  6.016e-09  1.003e-06 
 PARAMETER  CORRELATION COEFFICIENTS  
       NO.  GLOBAL      1      3      4      6     10     13     20     21     22     23     24
        1  0.36536   1.000 -0.089 -0.063 -0.057  0.037 -0.014  0.255  0.094 -0.163 -0.008  0.115
        3  0.32560  -0.089  1.000 -0.082 -0.214  0.068 -0.018 -0.164  0.006  0.134  0.002 -0.106
        4  0.21261  -0.063 -0.082  1.000  0.156 -0.049  0.007 -0.020 -0.048 -0.058  0.000  0.079
        6  0.28936  -0.057 -0.214  0.156  1.000 -0.049  0.009  0.051 -0.111 -0.009  0.005  0.054
       10  0.24752   0.037  0.068 -0.049 -0.049  1.000 -0.004  0.055 -0.148  0.096 -0.020 -0.112
       13  0.03416  -0.014 -0.018  0.007  0.009 -0.004  1.000 -0.002  0.017 -0.003  0.004  0.013
       20  0.59282   0.255 -0.164 -0.020  0.051  0.055 -0.002  1.000  0.093  0.245  0.035  0.483
       21  0.26829   0.094  0.006 -0.048 -0.111 -0.148  0.017  0.093  1.000 -0.038  0.049  0.165
       22  0.39091  -0.163  0.134 -0.058 -0.009  0.096 -0.003  0.245 -0.038  1.000  0.042  0.117
       23  0.07850  -0.008  0.002  0.000  0.005 -0.020  0.004  0.035  0.049  0.042  1.000  0.050
       24  0.52135   0.115 -0.106  0.079  0.054 -0.112  0.013  0.483  0.165  0.117  0.050  1.000
MINUIT - FIT ONLY 2-CBO
 **********
 **   25 **RES 
 **********
                   PARAMETER   16  beta_vw RESTORED TO VARIABLE.
                   PARAMETER   14  alpha_vw RESTORED TO VARIABLE.
                   PARAMETER   11  alpha_y RESTORED TO VARIABLE.
                   PARAMETER    9  alpha_2CBO RESTORED TO VARIABLE.
                   PARAMETER    8  beta_CBO RESTORED TO VARIABLE.
 **********
 **   26 **FIX            0
 **********
 PARAMETER    0  IS UNDEFINED. IGNORED.
 **********
 **   27 **FIX            1
 **********
 **********
 **   28 **FIX            2
 **********
 PARAMETER    2  IS CONSTANT.   IGNORED.
 **********
 **   29 **FIX            3
 **********
 **********
 **   30 **FIX            4
 **********
 **********
 **   31 **FIX            5
 **********
 PARAMETER    5  IS CONSTANT.   IGNORED.
 **********
 **   32 **FIX            6
 **********
 **********
 **   33 **FIX            7
 **********
 PARAMETER    7  IS CONSTANT.   IGNORED.
 **********
 **   34 **FIX           10
 **********
 **********
 **   35 **FIX           11
 **********
 **********
 **   36 **FIX           12
 **********
 PARAMETER   12  IS CONSTANT.   IGNORED.
 **********
 **   37 **FIX           13
 **********
 **********
 **   38 **FIX           14
 **********
 **********
 **   39 **FIX           15
 **********
 PARAMETER   15  IS CONSTANT.   IGNORED.
 **********
 **   40 **FIX           16
 **********
 **********
 **   41 **MIGRAD
 **********
 START MIGRAD MINIMIZATION.  STRATEGY  1.  CONVERGENCE WHEN EDM .LT. 1.00e-04
 FCN=165.582 FROM MIGRAD    STATUS=INITIATE       16 CALLS         974 TOTAL
                     EDM= unknown      STRATEGY= 1      NO ERROR MATRIX       
  EXT PARAMETER               CURRENT GUESS       STEP         FIRST   
  NO.   NAME      VALUE            ERROR          SIZE      DERIVATIVE 
   1  N0           3.09490e+06     fixed    
   2  tau          6.44044e+01   constant   
   3  A0           3.43248e-01     fixed    
   4  phi          4.11933e+00     fixed    
   5  R           -6.14483e+01   constant   
   6  alpha_CBO   -6.65270e-03     fixed    
   7  w_CBO        2.32500e+00   constant   
   8  beta_CBO     0.00000e+00   1.00000e-03   1.00000e-03   3.19251e+04
   9  alpha_2CBO   0.00000e+00   1.00000e-03   1.00000e-03   2.08686e+03
  10  beta_2CBO    8.83674e-05     fixed    
  11  alpha_y      0.00000e+00     fixed    
  12  w_y          1.38860e+01   constant   
  13  beta_y      -2.89867e-04     fixed    
  14  alpha_vw     0.00000e+00     fixed    
  15  w_vw         1.43404e+01   constant   
  16  beta_vw      0.00000e+00     fixed    
  17  LM          -5.33935e-06   constant   
  18  zeta_y       0.00000e+00   constant   
  19  zeta_vw      0.00000e+00   constant   
  20  T_CBO        9.69968e+01   1.15375e+01   5.67962e-05   2.08868e-02
  21  alpha_A0     2.29380e-05   9.22097e-04   2.23393e-04  -8.47212e-03
  22  beta_A0     -3.81248e-03   1.06789e-03  -6.16050e-05  -4.65843e-03
  23  alpha_phi   -9.99670e-03   1.06859e-03   1.37528e-04   8.07345e-04
  24  beta_phi    -6.25929e-03   9.98861e-04   8.37403e-05   5.51997e-03
 MIGRAD MINIMIZATION HAS CONVERGED.
 MIGRAD WILL VERIFY CONVERGENCE AND ERROR MATRIX.
 COVARIANCE MATRIX CALCULATED SUCCESSFULLY
 FCN=162.633 FROM MIGRAD    STATUS=CONVERGED     174 CALLS        1132 TOTAL
                     EDM=1.03452e-06    STRATEGY= 1      ERROR MATRIX ACCURATE 
  EXT PARAMETER                                   STEP         FIRST   
  NO.   NAME      VALUE            ERROR          SIZE      DERIVATIVE 
   1  N0           3.09490e+06     fixed    
   2  tau          6.44044e+01   constant   
   3  A0           3.43248e-01     fixed    
   4  phi          4.11933e+00     fixed    
   5  R           -6.14483e+01   constant   
   6  alpha_CBO   -6.65270e-03     fixed    
   7  w_CBO        2.32500e+00   constant   
   8  beta_CBO    -1.83434e-04   1.07044e-04   6.64589e-07   6.24251e-01
   9  alpha_2CBO  -2.02407e-05   1.07783e-04   6.56672e-07  -7.59377e-01
  10  beta_2CBO    8.83674e-05     fixed    
  11  alpha_y      0.00000e+00     fixed    
  12  w_y          1.38860e+01   constant   
  13  beta_y      -2.89867e-04     fixed    
  14  alpha_vw     0.00000e+00     fixed    
  15  w_vw         1.43404e+01   constant   
  16  beta_vw      0.00000e+00     fixed    
  17  LM          -5.33935e-06   constant   
  18  zeta_y       0.00000e+00   constant   
  19  zeta_vw      0.00000e+00   constant   
  20  T_CBO        9.71758e+01   1.19147e+01   1.99835e-04   3.10006e-04
  21  alpha_A0     2.38569e-05   9.38163e-04   5.83028e-04  -3.29916e-03
  22  beta_A0     -3.69336e-03   1.07729e-03   6.80865e-04  -4.06432e-03
  23  alpha_phi   -9.99966e-03   1.29359e-02   2.44055e-02  -2.52140e-04
  24  beta_phi    -6.18180e-03   1.07243e-03   7.15287e-04   2.78394e-03
 EXTERNAL ERROR MATRIX.    NDIM=  25    NPAR=  7    ERR DEF=1
  1.146e-08  5.082e-10 -2.398e-05 -7.257e-10 -8.762e-09  1.464e-11 -5.842e-09 
  5.082e-10  1.162e-08  1.572e-04  1.043e-08  1.902e-08 -3.806e-12  1.317e-08 
 -2.398e-05  1.572e-04  1.420e+02  4.345e-04  4.006e-03  1.055e-03  6.952e-03 
 -7.257e-10  1.043e-08  4.345e-04  8.827e-07  4.134e-08 -2.219e-10  5.969e-08 
 -8.762e-09  1.902e-08  4.006e-03  4.134e-08  1.166e-06  3.196e-08  1.757e-07 
  1.464e-11 -3.806e-12  1.055e-03 -2.219e-10  3.196e-08  1.781e-07  5.299e-08 
 -5.842e-09  1.317e-08  6.952e-03  5.969e-08  1.757e-07  5.299e-08  1.157e-06 
 PARAMETER  CORRELATION COEFFICIENTS  
       NO.  GLOBAL      8      9     20     21     22     23     24
        8  0.10942   1.000  0.044 -0.019 -0.007 -0.076  0.000 -0.051
        9  0.22034   0.044  1.000  0.122  0.103  0.163 -0.000  0.114
       20  0.60616  -0.019  0.122  1.000  0.039  0.311  0.210  0.542
       21  0.11544  -0.007  0.103  0.039  1.000  0.041 -0.001  0.059
       22  0.34641  -0.076  0.163  0.311  0.041  1.000  0.070  0.151
       23  0.21176   0.000 -0.000  0.210 -0.001  0.070  1.000  0.117
       24  0.54776  -0.051  0.114  0.542  0.059  0.151  0.117  1.000
MINUIT - FIT wiggle + 1-CBO + 2-CBO
 **********
 **   42 **RES 
 **********
                   PARAMETER   16  beta_vw RESTORED TO VARIABLE.
                   PARAMETER   14  alpha_vw RESTORED TO VARIABLE.
                   PARAMETER   13  beta_y RESTORED TO VARIABLE.
                   PARAMETER   11  alpha_y RESTORED TO VARIABLE.
                   PARAMETER   10  beta_2CBO RESTORED TO VARIABLE.
                   PARAMETER    6  alpha_CBO RESTORED TO VARIABLE.
                   PARAMETER    4  phi RESTORED TO VARIABLE.
                   PARAMETER    3  A0 RESTORED TO VARIABLE.
                   PARAMETER    1  N0 RESTORED TO VARIABLE.
 **********
 **   43 **FIX           10
 **********
 **********
 **   44 **FIX           11
 **********
 **********
 **   45 **FIX           12
 **********
 PARAMETER   12  IS CONSTANT.   IGNORED.
 **********
 **   46 **FIX           13
 **********
 **********
 **   47 **FIX           14
 **********
 **********
 **   48 **FIX           15
 **********
 PARAMETER   15  IS CONSTANT.   IGNORED.
 **********
 **   49 **FIX           16
 **********
 **********
 **   50 **MIGRAD
 **********
 START MIGRAD MINIMIZATION.  STRATEGY  1.  CONVERGENCE WHEN EDM .LT. 1.00e-04
 FCN=162.633 FROM MIGRAD    STATUS=INITIATE       26 CALLS        1158 TOTAL
                     EDM= unknown      STRATEGY= 1      NO ERROR MATRIX       
  EXT PARAMETER               CURRENT GUESS       STEP         FIRST   
  NO.   NAME      VALUE            ERROR          SIZE      DERIVATIVE 
   1  N0           3.09490e+06   2.38534e+02   2.38534e+02  -9.50497e-04
   2  tau          6.44044e+01   constant   
   3  A0           3.43248e-01   1.04779e-04   1.04779e-04  -2.88225e+03
   4  phi          4.11933e+00   3.10839e-04   3.10839e-04  -2.16697e+03
   5  R           -6.14483e+01   constant   
   6  alpha_CBO   -6.65270e-03   1.08681e-04   1.08681e-04   1.04981e+03
   7  w_CBO        2.32500e+00   constant   
   8  beta_CBO    -1.83434e-04   1.07044e-04   6.64589e-07   6.24259e-01
   9  alpha_2CBO  -2.02407e-05   1.07783e-04   6.56672e-07  -7.59412e-01
  10  beta_2CBO    8.83674e-05     fixed    
  11  alpha_y      0.00000e+00     fixed    
  12  w_y          1.38860e+01   constant   
  13  beta_y      -2.89867e-04     fixed    
  14  alpha_vw     0.00000e+00     fixed    
  15  w_vw         1.43404e+01   constant   
  16  beta_vw      0.00000e+00     fixed    
  17  LM          -5.33935e-06   constant   
  18  zeta_y       0.00000e+00   constant   
  19  zeta_vw      0.00000e+00   constant   
  20  T_CBO        9.71758e+01   1.19147e+01   1.99835e-04   2.99477e-04
  21  alpha_A0     2.38569e-05   9.38163e-04   5.83028e-04  -3.29935e-03
  22  beta_A0     -3.69336e-03   1.07729e-03   6.80865e-04  -4.04909e-03
  23  alpha_phi   -9.99966e-03   1.29359e-02   2.44055e-02   8.01797e-04
  24  beta_phi    -6.18180e-03   1.07243e-03   7.15287e-04   2.81340e-03
 MIGRAD MINIMIZATION HAS CONVERGED.
 MIGRAD WILL VERIFY CONVERGENCE AND ERROR MATRIX.
 COVARIANCE MATRIX CALCULATED SUCCESSFULLY
 FCN=162.487 FROM MIGRAD    STATUS=CONVERGED     226 CALLS        1358 TOTAL
                     EDM=5.49296e-06    STRATEGY= 1      ERROR MATRIX ACCURATE 
  EXT PARAMETER                                   STEP         FIRST   
  NO.   NAME      VALUE            ERROR          SIZE      DERIVATIVE 
   1  N0           3.09491e+06   2.46822e+02   1.47577e+00   2.19262e-07
   2  tau          6.44044e+01   constant   
   3  A0           3.43262e-01   1.06308e-04   6.30225e-07   2.79999e+00
   4  phi          4.11944e+00   3.25634e-04   1.96430e-06  -1.05694e+00
   5  R           -6.14483e+01   constant   
   6  alpha_CBO   -6.65743e-03   1.08854e-04   6.47937e-07  -1.09184e+01
   7  w_CBO        2.32500e+00   constant   
   8  beta_CBO    -1.92434e-04   1.09588e-04   6.64288e-07  -5.48121e+00
   9  alpha_2CBO  -2.28550e-05   1.08097e-04   6.56374e-07  -1.46010e+01
  10  beta_2CBO    8.83674e-05     fixed    
  11  alpha_y      0.00000e+00     fixed    
  12  w_y          1.38860e+01   constant   
  13  beta_y      -2.89867e-04     fixed    
  14  alpha_vw     0.00000e+00     fixed    
  15  w_vw         1.43404e+01   constant   
  16  beta_vw      0.00000e+00     fixed    
  17  LM          -5.33935e-06   constant   
  18  zeta_y       0.00000e+00   constant   
  19  zeta_vw      0.00000e+00   constant   
  20  T_CBO        9.70712e+01   1.30679e+01   1.99741e-04   5.34107e-03
  21  alpha_A0     1.59099e-05   9.59596e-04   5.83222e-04   8.77671e-03
  22  beta_A0     -3.71647e-03   1.10496e-03   6.81758e-04   6.78015e-03
  23  alpha_phi   -9.99996e-03   1.98299e-02   1.83246e-02   5.10285e-04
  24  beta_phi    -6.14877e-03   1.10535e-03   7.13124e-04  -1.14610e-02
 EXTERNAL ERROR MATRIX.    NDIM=  25    NPAR= 11    ERR DEF=1
  6.092e+04 
 -2.745e-03  1.130e-08 
 -8.401e-03 -1.653e-09  1.060e-07 
 -1.860e-03 -2.388e-09  5.450e-09  1.185e-08 
 -1.012e-03 -9.050e-10 -6.470e-09  3.172e-10  1.201e-08 
 -6.076e-04 -2.410e-11 -2.242e-09 -3.982e-10  6.629e-10  1.168e-08 
  6.686e+02 -2.108e-04 -6.740e-05  9.960e-05 -1.617e-05  1.489e-04  1.709e+02 
  3.414e-02 -5.126e-10 -2.940e-08 -1.497e-08 -2.313e-10  1.103e-08  7.147e-04  9.237e-07 
 -3.431e-02  1.347e-08 -2.635e-08 -2.675e-09 -7.334e-09  2.000e-08  4.031e-03  3.022e-08  1.227e-06 
 -2.772e-05  4.991e-11 -3.291e-10 -2.289e-11  2.380e-11  5.429e-12  4.686e-04  7.730e-12  1.452e-08  8.933e-09 
  1.354e-02 -8.717e-09  4.104e-08  9.137e-09 -7.852e-09  1.194e-08  8.148e-03  5.069e-08  1.769e-07  2.334e-08  1.230e-06 
 PARAMETER  CORRELATION COEFFICIENTS  
       NO.  GLOBAL      1      3      4      6      8      9     20     21     22     23     24
        1  0.36268   1.000 -0.105 -0.105 -0.069 -0.037 -0.023  0.207  0.144 -0.126 -0.001  0.049
        3  0.31361  -0.105  1.000 -0.048 -0.206 -0.078 -0.002 -0.152 -0.005  0.114  0.005 -0.074
        4  0.31281  -0.105 -0.048  1.000  0.154 -0.181 -0.064 -0.016 -0.094 -0.073 -0.011  0.114
        6  0.30171  -0.069 -0.206  0.154  1.000  0.027 -0.034  0.070 -0.143 -0.022 -0.002  0.076
        8  0.23943  -0.037 -0.078 -0.181  0.027  1.000  0.056 -0.011 -0.002 -0.060  0.002 -0.065
        9  0.23256  -0.023 -0.002 -0.064 -0.034  0.056  1.000  0.105  0.106  0.167  0.001  0.100
       20  0.68907   0.207 -0.152 -0.016  0.070 -0.011  0.105  1.000  0.057  0.278  0.379  0.562
       21  0.23550   0.144 -0.005 -0.094 -0.143 -0.002  0.106  0.057  1.000  0.028  0.000  0.048
       22  0.40293  -0.126  0.114 -0.073 -0.022 -0.060  0.167  0.278  0.028  1.000  0.139  0.144
       23  0.39634  -0.001  0.005 -0.011 -0.002  0.002  0.001  0.379  0.000  0.139  1.000  0.223
       24  0.58331   0.049 -0.074  0.114  0.076 -0.065  0.100  0.562  0.048  0.144  0.223  1.000
MINUIT - FIT ONLY 1-y
 **********
 **   51 **RES 
 **********
                   PARAMETER   16  beta_vw RESTORED TO VARIABLE.
                   PARAMETER   14  alpha_vw RESTORED TO VARIABLE.
                   PARAMETER   13  beta_y RESTORED TO VARIABLE.
                   PARAMETER   11  alpha_y RESTORED TO VARIABLE.
                   PARAMETER   10  beta_2CBO RESTORED TO VARIABLE.
 **********
 **   52 **FIX            0
 **********
 PARAMETER    0  IS UNDEFINED. IGNORED.
 **********
 **   53 **FIX            1
 **********
 **********
 **   54 **FIX            2
 **********
 PARAMETER    2  IS CONSTANT.   IGNORED.
 **********
 **   55 **FIX            3
 **********
 **********
 **   56 **FIX            4
 **********
 **********
 **   57 **FIX            5
 **********
 PARAMETER    5  IS CONSTANT.   IGNORED.
 **********
 **   58 **FIX            6
 **********
 **********
 **   59 **FIX            7
 **********
 PARAMETER    7  IS CONSTANT.   IGNORED.
 **********
 **   60 **FIX            8
 **********
 **********
 **   61 **FIX            9
 **********
 **********
 **   62 **FIX           13
 **********
 **********
 **   63 **FIX           14
 **********
 **********
 **   64 **FIX           15
 **********
 PARAMETER   15  IS CONSTANT.   IGNORED.
 **********
 **   65 **FIX           16
 **********
 **********
 **   66 **MIGRAD
 **********
 START MIGRAD MINIMIZATION.  STRATEGY  1.  CONVERGENCE WHEN EDM .LT. 1.00e-04
 FCN=162.487 FROM MIGRAD    STATUS=INITIATE       16 CALLS        1374 TOTAL
                     EDM= unknown      STRATEGY= 1      NO ERROR MATRIX       
  EXT PARAMETER               CURRENT GUESS       STEP         FIRST   
  NO.   NAME      VALUE            ERROR          SIZE      DERIVATIVE 
   1  N0           3.09491e+06     fixed    
   2  tau          6.44044e+01   constant   
   3  A0           3.43262e-01     fixed    
   4  phi          4.11944e+00     fixed    
   5  R           -6.14483e+01   constant   
   6  alpha_CBO   -6.65743e-03     fixed    
   7  w_CBO        2.32500e+00   constant   
   8  beta_CBO    -1.92434e-04     fixed    
   9  alpha_2CBO  -2.28550e-05     fixed    
  10  beta_2CBO    8.83674e-05   1.07084e-04   1.07084e-04  -2.98346e+03
  11  alpha_y      0.00000e+00   1.00000e-03   1.00000e-03   3.61657e+04
  12  w_y          1.38860e+01   constant   
  13  beta_y      -2.89867e-04     fixed    
  14  alpha_vw     0.00000e+00     fixed    
  15  w_vw         1.43404e+01   constant   
  16  beta_vw      0.00000e+00     fixed    
  17  LM          -5.33935e-06   constant   
  18  zeta_y       0.00000e+00   constant   
  19  zeta_vw      0.00000e+00   constant   
  20  T_CBO        9.70712e+01   1.30679e+01   1.99741e-04   5.25468e-03
  21  alpha_A0     1.59099e-05   9.59596e-04   5.83222e-04   8.77667e-03
  22  beta_A0     -3.71647e-03   1.10496e-03   6.81758e-04   6.79513e-03
  23  alpha_phi   -9.99996e-03   1.98299e-02   1.83246e-02   5.26961e-04
  24  beta_phi    -6.14877e-03   1.10535e-03   7.13124e-04  -1.14318e-02
 MIGRAD MINIMIZATION HAS CONVERGED.
 MIGRAD WILL VERIFY CONVERGENCE AND ERROR MATRIX.
 COVARIANCE MATRIX CALCULATED SUCCESSFULLY
 FCN=158.906 FROM MIGRAD    STATUS=CONVERGED     133 CALLS        1491 TOTAL
                     EDM=2.88512e-06    STRATEGY= 1      ERROR MATRIX ACCURATE 
  EXT PARAMETER                                   STEP         FIRST   
  NO.   NAME      VALUE            ERROR          SIZE      DERIVATIVE 
   1  N0           3.09491e+06     fixed    
   2  tau          6.44044e+01   constant   
   3  A0           3.43262e-01     fixed    
   4  phi          4.11944e+00     fixed    
   5  R           -6.14483e+01   constant   
   6  alpha_CBO   -6.65743e-03     fixed    
   7  w_CBO        2.32500e+00   constant   
   8  beta_CBO    -1.92434e-04     fixed    
   9  alpha_2CBO  -2.28550e-05     fixed    
  10  beta_2CBO    1.03536e-04   1.07731e-04   6.48324e-07   5.55468e+00
  11  alpha_y     -1.96783e-04   1.04367e-04   6.44153e-07   9.38796e-01
  12  w_y          1.38860e+01   constant   
  13  beta_y      -2.89867e-04     fixed    
  14  alpha_vw     0.00000e+00     fixed    
  15  w_vw         1.43404e+01   constant   
  16  beta_vw      0.00000e+00     fixed    
  17  LM          -5.33935e-06   constant   
  18  zeta_y       0.00000e+00   constant   
  19  zeta_vw      0.00000e+00   constant   
  20  T_CBO        9.72359e+01   1.20203e+01   1.97714e-04  -2.36562e-02
  21  alpha_A0     2.43928e-05   9.41108e-04   5.76040e-04   1.05565e-02
  22  beta_A0     -3.66325e-03   1.06514e-03   6.71887e-04  -4.63012e-03
  23  alpha_phi   -1.00000e-02   1.99992e-02   1.70329e-02** at limit **
  24  beta_phi    -6.17988e-03   1.07509e-03   7.06605e-04  -9.49871e-03
 EXTERNAL ERROR MATRIX.    NDIM=  25    NPAR=  7    ERR DEF=1
  1.161e-08  1.196e-10  5.317e-05 -1.352e-08  1.145e-08 -6.658e-15 -1.311e-08 
  1.196e-10  1.089e-08 -5.186e-06 -1.584e-09 -2.038e-09  5.202e-16  6.215e-10 
  5.317e-05 -5.186e-06  1.446e+02  2.349e-04  3.877e-03  6.864e-07  6.911e-03 
 -1.352e-08 -1.584e-09  2.349e-04  8.883e-07  1.024e-08 -1.076e-13  6.260e-08 
  1.145e-08 -2.038e-09  3.877e-03  1.024e-08  1.140e-06  2.063e-11  1.405e-07 
 -6.658e-15  5.202e-16  6.864e-07 -1.076e-13  2.063e-11  4.433e-14  3.444e-11 
 -1.311e-08  6.215e-10  6.911e-03  6.260e-08  1.405e-07  3.444e-11  1.163e-06 
 PARAMETER  CORRELATION COEFFICIENTS  
       NO.  GLOBAL     10     11     20     21     22     23     24
       10  0.22374   1.000  0.011  0.041 -0.133  0.100 -0.000 -0.113
       11  0.02866   0.011  1.000 -0.004 -0.016 -0.018  0.000  0.006
       20  0.61410   0.041 -0.004  1.000  0.021  0.302  0.271  0.533
       21  0.14329  -0.133 -0.016  0.021  1.000  0.010 -0.001  0.062
       22  0.31724   0.100 -0.018  0.302  0.010  1.000  0.092  0.122
       23  0.27184  -0.000  0.000  0.271 -0.001  0.092  1.000  0.152
       24  0.55157  -0.113  0.006  0.533  0.062  0.122  0.152  1.000
MINUIT - FIT ONLY 2-y
 **********
 **   67 **RES 
 **********
                   PARAMETER   16  beta_vw RESTORED TO VARIABLE.
                   PARAMETER   14  alpha_vw RESTORED TO VARIABLE.
                   PARAMETER   13  beta_y RESTORED TO VARIABLE.
                   PARAMETER    9  alpha_2CBO RESTORED TO VARIABLE.
                   PARAMETER    8  beta_CBO RESTORED TO VARIABLE.
                   PARAMETER    6  alpha_CBO RESTORED TO VARIABLE.
                   PARAMETER    4  phi RESTORED TO VARIABLE.
                   PARAMETER    3  A0 RESTORED TO VARIABLE.
                   PARAMETER    1  N0 RESTORED TO VARIABLE.
 **********
 **   68 **FIX            0
 **********
 PARAMETER    0  IS UNDEFINED. IGNORED.
 **********
 **   69 **FIX            1
 **********
 **********
 **   70 **FIX            2
 **********
 PARAMETER    2  IS CONSTANT.   IGNORED.
 **********
 **   71 **FIX            3
 **********
 **********
 **   72 **FIX            4
 **********
 **********
 **   73 **FIX            5
 **********
 PARAMETER    5  IS CONSTANT.   IGNORED.
 **********
 **   74 **FIX            6
 **********
 **********
 **   75 **FIX            7
 **********
 PARAMETER    7  IS CONSTANT.   IGNORED.
 **********
 **   76 **FIX            8
 **********
 **********
 **   77 **FIX            9
 **********
 **********
 **   78 **FIX           10
 **********
 **********
 **   79 **FIX           11
 **********
 **********
 **   80 **FIX           12
 **********
 PARAMETER   12  IS CONSTANT.   IGNORED.
 **********
 **   81 **FIX           16
 **********
 **********
 **   82 **MIGRAD
 **********
 START MIGRAD MINIMIZATION.  STRATEGY  1.  CONVERGENCE WHEN EDM .LT. 1.00e-04
 FCN=158.906 FROM MIGRAD    STATUS=INITIATE       16 CALLS        1507 TOTAL
                     EDM= unknown      STRATEGY= 1      NO ERROR MATRIX       
  EXT PARAMETER               CURRENT GUESS       STEP         FIRST   
  NO.   NAME      VALUE            ERROR          SIZE      DERIVATIVE 
   1  N0           3.09491e+06     fixed    
   2  tau          6.44044e+01   constant   
   3  A0           3.43262e-01     fixed    
   4  phi          4.11944e+00     fixed    
   5  R           -6.14483e+01   constant   
   6  alpha_CBO   -6.65743e-03     fixed    
   7  w_CBO        2.32500e+00   constant   
   8  beta_CBO    -1.92434e-04     fixed    
   9  alpha_2CBO  -2.28550e-05     fixed    
  10  beta_2CBO    1.03536e-04     fixed    
  11  alpha_y     -1.96783e-04     fixed    
  12  w_y          1.38860e+01   constant   
  13  beta_y      -2.89867e-04   1.04957e-04   1.04957e-04   5.00890e+02
  14  alpha_vw     0.00000e+00   1.00000e-03   1.00000e-03  -1.79108e+05
  15  w_vw         1.43404e+01   constant   
  16  beta_vw      0.00000e+00     fixed    
  17  LM          -5.33935e-06   constant   
  18  zeta_y       0.00000e+00   constant   
  19  zeta_vw      0.00000e+00   constant   
  20  T_CBO        9.72359e+01   1.20203e+01   1.97714e-04  -2.47454e-02
  21  alpha_A0     2.43928e-05   9.41108e-04   5.76040e-04   1.05702e-02
  22  beta_A0     -3.66325e-03   1.06514e-03   6.71887e-04  -4.63250e-03
  23  alpha_phi   -9.99998e-03   1.99992e-02   1.70329e-02   4.11415e-04
  24  beta_phi    -6.17988e-03   1.07509e-03   7.06605e-04  -9.48003e-03
 MIGRAD MINIMIZATION HAS CONVERGED.
 MIGRAD WILL VERIFY CONVERGENCE AND ERROR MATRIX.
 COVARIANCE MATRIX CALCULATED SUCCESSFULLY
 FCN=67.2683 FROM MIGRAD    STATUS=CONVERGED     169 CALLS        1660 TOTAL
                     EDM=4.05821e-06    STRATEGY= 1      ERROR MATRIX ACCURATE 
  EXT PARAMETER                                   STEP         FIRST   
  NO.   NAME      VALUE            ERROR          SIZE      DERIVATIVE 
   1  N0           3.09491e+06     fixed    
   2  tau          6.44044e+01   constant   
   3  A0           3.43262e-01     fixed    
   4  phi          4.11944e+00     fixed    
   5  R           -6.14483e+01   constant   
   6  alpha_CBO   -6.65743e-03     fixed    
   7  w_CBO        2.32500e+00   constant   
   8  beta_CBO    -1.92434e-04     fixed    
   9  alpha_2CBO  -2.28550e-05     fixed    
  10  beta_2CBO    1.03536e-04     fixed    
  11  alpha_y     -1.96783e-04     fixed    
  12  w_y          1.38860e+01   constant   
  13  beta_y      -4.65719e-04   1.07467e-04   4.27256e-07  -2.33075e+00
  14  alpha_vw     1.02279e-03   1.06843e-04   4.24785e-07   3.31227e+00
  15  w_vw         1.43404e+01   constant   
  16  beta_vw      0.00000e+00     fixed    
  17  LM          -5.33935e-06   constant   
  18  zeta_y       0.00000e+00   constant   
  19  zeta_vw      0.00000e+00   constant   
  20  T_CBO        9.62428e+01   1.15774e+01   1.26982e-04   7.31614e-04
  21  alpha_A0    -1.50108e-04   9.41190e-04   3.79315e-04   1.83979e-02
  22  beta_A0     -3.68395e-03   1.06564e-03   4.42702e-04  -1.49042e-02
  23  alpha_phi   -9.99999e-03   1.97094e-02   1.37882e-02  -3.10109e-04
  24  beta_phi    -6.39705e-03   1.08084e-03   4.75752e-04   9.63247e-03
 EXTERNAL ERROR MATRIX.    NDIM=  25    NPAR=  7    ERR DEF=1
  1.155e-08 -1.931e-09  8.284e-06  1.643e-09 -5.843e-10  1.508e-13  2.661e-09 
 -1.931e-09  1.142e-08 -1.091e-05 -1.949e-09 -2.396e-10 -2.111e-13 -2.456e-09 
  8.284e-06 -1.091e-05  1.341e+02  4.867e-04  3.611e-03  6.562e-05  6.856e-03 
  1.643e-09 -1.949e-09  4.867e-04  8.885e-07  2.886e-08  8.134e-11  5.915e-08 
 -5.843e-10 -2.396e-10  3.611e-03  2.886e-08  1.141e-06  2.019e-09  1.528e-07 
  1.508e-13 -2.111e-13  6.562e-05  8.134e-11  2.019e-09  1.188e-09  3.484e-09 
  2.661e-09 -2.456e-09  6.856e-03  5.915e-08  1.528e-07  3.484e-09  1.176e-06 
 PARAMETER  CORRELATION COEFFICIENTS  
       NO.  GLOBAL     13     14     20     21     22     23     24
       13  0.16997   1.000 -0.168  0.007  0.016 -0.005  0.000  0.023
       14  0.16983  -0.168  1.000 -0.009 -0.019 -0.002 -0.000 -0.021
       20  0.59860   0.007 -0.009  1.000  0.045  0.292  0.164  0.546
       21  0.06642   0.016 -0.019  0.045  1.000  0.029  0.003  0.058
       22  0.29446  -0.005 -0.002  0.292  0.029  1.000  0.055  0.132
       23  0.16471   0.000 -0.000  0.164  0.003  0.055  1.000  0.093
       24  0.54824   0.023 -0.021  0.546  0.058  0.132  0.093  1.000
MINUIT - FIT ALTOGETHER
 **********
 **   83 **RES 
