 + ++++++++++++++++++++++++++++++++++++++++++++++++++++++++++++++++++++ +
 +                                                                      +
 +           You have chose to blind your fitting according to          +
 +                omega_ref * (1 + (R +/- deltaR) *10^{-6})             +
 +                                                                      +
 + ++++++++++++++++++++++++++++++++++++++++++++++++++++++++++++++++++++ +
In main()...
reading format from /gm2data/zkhechad/run45/envelope/formats/formatB_sBin_constraintOn.txt
pBinTau 	= 0  
pBinPhi 	= 0  
constraintau 	= 1 
includeMopTerm 	= 0    
constrainMop    = 0   
Parameters after format file: pBinTau 0 pBinPhi 0 constraintau 1 includeMopTerm 0 constrainMop 0 c_e_scale 0.000000 
Opening file /gm2data/tbarrett/gm2fr/studies/run23_bunch_corrections/CorrectedFourier_Run3b.root.
reading full fit data from /gm2data/zkhechad/cboTemplates/Run4CBOTemplates/fullFits/noRF/sBin_constraintOn_cE0.0_seed0_noRF_calo23.root
windowBins = 69
fitting sliding window 980 from bin 1116 at 166.358000 to bin 1185 at 176.802000 (69 bins)

Reading data from /gm2data/cornell/histograms/aMethod/histogram_a_noRF.root
 **********
 **    1 **SET PRINTOUT            1
 **********
 **********
 **    2 **SET NOWARNINGS 
 **********
 PARAMETER DEFINITIONS:
    NO.   NAME         VALUE      STEP SIZE      LIMITS
     1 N0           3.09539e+06  1.00000e+02     no limits
     2 tau          6.44044e+01  constant
     3 A0           3.43396e-01  1.00000e-04     no limits
     4 phi          4.11986e+00  1.00000e-02     no limits
     5 R           -6.14483e+01  constant
     6 alpha_CBO    0.00000e+00  1.00000e-03     no limits
     7 w_CBO        2.32500e+00  constant
     8 beta_CBO     0.00000e+00  1.00000e-03     no limits
     9 alpha_2CBO   0.00000e+00  1.00000e-03     no limits
    10 beta_2CBO    0.00000e+00  1.00000e-03     no limits
    11 alpha_y      0.00000e+00  1.00000e-03     no limits
    12 w_y          1.38860e+01  constant
    13 beta_y       0.00000e+00  1.00000e-03     no limits
    14 alpha_vw     0.00000e+00  1.00000e-03     no limits
    15 w_vw         1.43404e+01  constant
    16 beta_vw      0.00000e+00  1.00000e-03     no limits
    17 LM          -5.33935e-06  constant
    18 zeta_y       0.00000e+00  constant
    19 zeta_vw      0.00000e+00  constant
    20 T_CBO        1.00000e+02  1.00000e+00    0.00000e+00  1.00000e+03
    21 alpha_A0     0.00000e+00  1.00000e-04   -1.00000e-02  1.00000e-02
    22 beta_A0      0.00000e+00  1.00000e-04   -1.00000e-02  1.00000e-02
    23 alpha_phi    0.00000e+00  1.00000e-04   -1.00000e-02  1.00000e-02
    24 beta_phi     0.00000e+00  1.00000e-04   -1.00000e-02  1.00000e-02
MINUIT - FIT ONLY WIGGLE
 **********
 **    3 **FIX            5
 **********
 PARAMETER    5  IS CONSTANT.   IGNORED.
 **********
 **    4 **FIX            6
 **********
 **********
 **    5 **FIX            7
 **********
 PARAMETER    7  IS CONSTANT.   IGNORED.
 **********
 **    6 **FIX            8
 **********
 **********
 **    7 **FIX            9
 **********
 **********
 **    8 **FIX           10
 **********
 **********
 **    9 **FIX           11
 **********
 **********
 **   10 **FIX           12
 **********
 PARAMETER   12  IS CONSTANT.   IGNORED.
 **********
 **   11 **FIX           13
 **********
 **********
 **   12 **FIX           14
 **********
 **********
 **   13 **FIX           15
 **********
 PARAMETER   15  IS CONSTANT.   IGNORED.
 **********
 **   14 **FIX           16
 **********
 **********
 **   15 **MIGRAD
 **********
 FIRST CALL TO USER FUNCTION AT NEW START POINT, WITH IFLAG=4.
 START MIGRAD MINIMIZATION.  STRATEGY  1.  CONVERGENCE WHEN EDM .LT. 1.00e-04
 FCN=438.627 FROM MIGRAD    STATUS=INITIATE      437 CALLS         438 TOTAL
                     EDM= unknown      STRATEGY= 1      NO ERROR MATRIX       
  EXT PARAMETER               CURRENT GUESS       STEP         FIRST   
  NO.   NAME      VALUE            ERROR          SIZE      DERIVATIVE 
   1  N0           3.09539e+06   1.00000e+02   0.00000e+00   1.80684e-03
   2  tau          6.44044e+01   constant   
   3  A0           3.43396e-01   1.00000e-04   0.00000e+00  -2.87722e+04
   4  phi          4.11986e+00   1.00000e-02   0.00000e+00  -9.35789e+03
   5  R           -6.14483e+01   constant   
   6  alpha_CBO    0.00000e+00     fixed    
   7  w_CBO        2.32500e+00   constant   
   8  beta_CBO     0.00000e+00     fixed    
   9  alpha_2CBO   0.00000e+00     fixed    
  10  beta_2CBO    0.00000e+00     fixed    
  11  alpha_y      0.00000e+00     fixed    
  12  w_y          1.38860e+01   constant   
  13  beta_y       0.00000e+00     fixed    
  14  alpha_vw     0.00000e+00     fixed    
  15  w_vw         1.43404e+01   constant   
  16  beta_vw      0.00000e+00     fixed    
  17  LM          -5.33935e-06   constant   
  18  zeta_y       0.00000e+00   constant   
  19  zeta_vw      0.00000e+00   constant   
  20  T_CBO        1.00000e+02   1.00000e+00   0.00000e+00   0.00000e+00
  21  alpha_A0     0.00000e+00   1.00000e-04   0.00000e+00  -1.50736e+00
  22  beta_A0      0.00000e+00   1.00000e-04   0.00000e+00   5.79033e+00
  23  alpha_phi    0.00000e+00   1.00000e-04   0.00000e+00   1.32615e+00
  24  beta_phi     0.00000e+00   1.00000e-04   0.00000e+00   4.26473e+00
 MIGRAD MINIMIZATION HAS CONVERGED.
 FCN=420.658 FROM MIGRAD    STATUS=CONVERGED    1119 CALLS        1120 TOTAL
                     EDM=3.80527e-06    STRATEGY= 1  ERROR MATRIX UNCERTAINTY   0.5 per cent
  EXT PARAMETER                                   STEP         FIRST   
  NO.   NAME      VALUE            ERROR          SIZE      DERIVATIVE 
   1  N0           3.09559e+06   5.09253e+02   5.34278e-01   8.50324e-07
   2  tau          6.44044e+01   constant   
   3  A0           3.43952e-01   2.05073e-04   6.31208e-07   5.12691e-03
   4  phi          4.12148e+00   6.23617e-04   7.42891e-07   3.94809e-01
   5  R           -6.14483e+01   constant   
   6  alpha_CBO    0.00000e+00     fixed    
   7  w_CBO        2.32500e+00   constant   
   8  beta_CBO     0.00000e+00     fixed    
   9  alpha_2CBO   0.00000e+00     fixed    
  10  beta_2CBO    0.00000e+00     fixed    
  11  alpha_y      0.00000e+00     fixed    
  12  w_y          1.38860e+01   constant   
  13  beta_y       0.00000e+00     fixed    
  14  alpha_vw     0.00000e+00     fixed    
  15  w_vw         1.43404e+01   constant   
  16  beta_vw      0.00000e+00     fixed    
  17  LM          -5.33935e-06   constant   
  18  zeta_y       0.00000e+00   constant   
  19  zeta_vw      0.00000e+00   constant   
  20  T_CBO        9.99900e+02   5.57756e+02   6.45456e-02  -1.34442e-04
  21  alpha_A0     3.48743e-04   1.20001e-03  -2.14321e-04  -1.26110e-02
  22  beta_A0     -1.23996e-03   1.49609e-03  -2.76803e-04  -1.59703e-02
  23  alpha_phi   -4.09309e-04   1.08630e-03  -7.63188e-05   4.34994e-03
  24  beta_phi    -6.87003e-04   1.11649e-03  -1.14617e-04   1.71688e-04
 EXTERNAL ERROR MATRIX.    NDIM=  25    NPAR=  8    ERR DEF=1
  2.593e+05  1.864e-02  3.798e-02  4.232e+03  8.527e-02  1.086e-01  4.586e-02 -8.227e-02 
  1.864e-02  4.206e-08 -6.104e-09  4.637e-03  2.521e-08  3.104e-08 -2.006e-08  2.242e-08 
  3.798e-02 -6.104e-09  3.889e-07  6.785e-03 -6.621e-08  1.325e-07  8.026e-08 -1.509e-08 
  4.232e+03  4.637e-03  6.785e-03  3.799e+04 -5.627e-02  1.225e-01  3.609e-02  6.867e-02 
  8.527e-02  2.521e-08 -6.621e-08 -5.627e-02  1.447e-06 -4.986e-07 -2.900e-07 -2.494e-07 
  1.086e-01  3.104e-08  1.325e-07  1.225e-01 -4.986e-07  2.255e-06  4.215e-07  5.070e-07 
  4.586e-02 -2.006e-08  8.026e-08  3.609e-02 -2.900e-07  4.215e-07  1.185e-06  8.710e-08 
 -8.227e-02  2.242e-08 -1.509e-08  6.867e-02 -2.494e-07  5.070e-07  8.710e-08  1.252e-06 
 PARAMETER  CORRELATION COEFFICIENTS  
       NO.  GLOBAL      1      3      4     20     21     22     23     24
        1  0.35950   1.000  0.179  0.120  0.043  0.139  0.142  0.083 -0.144
        3  0.29073   0.179  1.000 -0.048  0.116  0.102  0.101 -0.090  0.098
        4  0.21522   0.120 -0.048  1.000  0.056 -0.088  0.141  0.118 -0.022
       20  0.48542   0.043  0.116  0.056  1.000 -0.240  0.418  0.170  0.315
       21  0.40639   0.139  0.102 -0.088 -0.240  1.000 -0.276 -0.221 -0.185
       22  0.54237   0.142  0.101  0.141  0.418 -0.276  1.000  0.258  0.302
       23  0.33980   0.083 -0.090  0.118  0.170 -0.221  0.258  1.000  0.072
       24  0.42453  -0.144  0.098 -0.022  0.315 -0.185  0.302  0.072  1.000
MINUIT - FIT ONLY 1-CBO + wiggle
 **********
 **   16 **RES 
 **********
                   PARAMETER   16  beta_vw RESTORED TO VARIABLE.
                   PARAMETER   14  alpha_vw RESTORED TO VARIABLE.
                   PARAMETER   13  beta_y RESTORED TO VARIABLE.
                   PARAMETER   11  alpha_y RESTORED TO VARIABLE.
                   PARAMETER   10  beta_2CBO RESTORED TO VARIABLE.
                   PARAMETER    9  alpha_2CBO RESTORED TO VARIABLE.
                   PARAMETER    8  beta_CBO RESTORED TO VARIABLE.
                   PARAMETER    6  alpha_CBO RESTORED TO VARIABLE.
 **********
 **   17 **FIX            8
 **********
 **********
 **   18 **FIX            9
 **********
 **********
 **   19 **FIX           11
 **********
 **********
 **   20 **FIX           12
 **********
 PARAMETER   12  IS CONSTANT.   IGNORED.
 **********
 **   21 **FIX           14
 **********
 **********
 **   22 **FIX           15
 **********
 PARAMETER   15  IS CONSTANT.   IGNORED.
 **********
 **   23 **FIX           16
 **********
 **********
 **   24 **MIGRAD
 **********
 START MIGRAD MINIMIZATION.  STRATEGY  1.  CONVERGENCE WHEN EDM .LT. 1.00e-04
 FCN=420.658 FROM MIGRAD    STATUS=INITIATE       28 CALLS        1148 TOTAL
                     EDM= unknown      STRATEGY= 1      NO ERROR MATRIX       
  EXT PARAMETER               CURRENT GUESS       STEP         FIRST   
  NO.   NAME      VALUE            ERROR          SIZE      DERIVATIVE 
   1  N0           3.09559e+06   5.09253e+02   5.34278e-01   8.50324e-07
   2  tau          6.44044e+01   constant   
   3  A0           3.43952e-01   2.05073e-04   6.31208e-07   5.12795e-03
   4  phi          4.12148e+00   6.23617e-04   7.42891e-07   3.94809e-01
   5  R           -6.14483e+01   constant   
   6  alpha_CBO    0.00000e+00   1.00000e-03   1.00000e-03   1.56523e+05
   7  w_CBO        2.32500e+00   constant   
   8  beta_CBO     0.00000e+00     fixed    
   9  alpha_2CBO   0.00000e+00     fixed    
  10  beta_2CBO    0.00000e+00   1.00000e-03   1.00000e-03  -1.68270e+04
  11  alpha_y      0.00000e+00     fixed    
  12  w_y          1.38860e+01   constant   
  13  beta_y       0.00000e+00   1.00000e-03   1.00000e-03  -6.87537e+02
  14  alpha_vw     0.00000e+00     fixed    
  15  w_vw         1.43404e+01   constant   
  16  beta_vw      0.00000e+00     fixed    
  17  LM          -5.33935e-06   constant   
  18  zeta_y       0.00000e+00   constant   
  19  zeta_vw      0.00000e+00   constant   
  20  T_CBO        9.99900e+02   5.57756e+02   6.45456e-02  -1.35776e-04
  21  alpha_A0     3.48743e-04   1.20001e-03  -2.14321e-04  -1.26111e-02
  22  beta_A0     -1.23996e-03   1.49609e-03  -2.76803e-04  -1.59702e-02
  23  alpha_phi   -4.09309e-04   1.08630e-03  -7.63188e-05   4.34993e-03
  24  beta_phi    -6.87003e-04   1.11649e-03  -1.14617e-04   1.71684e-04
 MIGRAD MINIMIZATION HAS CONVERGED.
 FCN=78.0022 FROM MIGRAD    STATUS=CONVERGED     256 CALLS        1376 TOTAL
                     EDM=5.14005e-06    STRATEGY= 1  ERROR MATRIX UNCERTAINTY   4.0 per cent
  EXT PARAMETER                                   STEP         FIRST   
  NO.   NAME      VALUE            ERROR          SIZE      DERIVATIVE 
   1  N0           3.09557e+06   5.10072e+02  -1.12766e+00  -1.53821e-06
   2  tau          6.44044e+01   constant   
   3  A0           3.43735e-01   2.05528e-04  -3.02174e-07  -1.74454e+00
   4  phi          4.11942e+00   6.57132e-04  -1.40434e-07   2.55345e-01
   5  R           -6.14483e+01   constant   
   6  alpha_CBO   -4.32689e-03   2.34913e-04  -4.27193e-08  -2.29177e+00
   7  w_CBO        2.32500e+00   constant   
   8  beta_CBO     0.00000e+00     fixed    
   9  alpha_2CBO   0.00000e+00     fixed    
  10  beta_2CBO    4.76968e-04   2.23675e-04  -4.57851e-07  -5.02516e+00
  11  alpha_y      0.00000e+00     fixed    
  12  w_y          1.38860e+01   constant   
  13  beta_y      -3.59231e-06   2.21406e-04   1.78833e-08  -5.77715e-01
  14  alpha_vw     0.00000e+00     fixed    
  15  w_vw         1.43404e+01   constant   
  16  beta_vw      0.00000e+00     fixed    
  17  LM          -5.33935e-06   constant   
  18  zeta_y       0.00000e+00   constant   
  19  zeta_vw      0.00000e+00   constant   
  20  T_CBO        9.98604e+02   7.05809e+02   1.61597e-02  -3.53433e-04
  21  alpha_A0    -1.10172e-03   1.07376e-03  -3.18254e-04   7.06275e-03
  22  beta_A0     -1.28567e-03   1.10413e-03  -1.62109e-04  -3.82892e-03
  23  alpha_phi   -3.95774e-03   1.53917e-03   1.85802e-05   2.19235e-02
  24  beta_phi    -1.14437e-03   9.95660e-04   2.29791e-06   2.38610e-03
 EXTERNAL ERROR MATRIX.    NDIM=  25    NPAR= 11    ERR DEF=1
  2.602e+05 
  1.331e-02  4.224e-08 
  5.253e-02 -5.684e-09  4.318e-07 
  7.382e-04  3.096e-09  2.529e-08  5.518e-08 
 -5.731e-06  4.270e-09 -1.001e-08 -7.328e-10  5.003e-08 
  1.006e-03 -3.139e-10  1.978e-09  2.532e-10 -2.978e-11  4.902e-08 
 -6.062e+04 -1.502e-02 -2.673e-03 -2.142e-03 -3.120e-02 -1.648e-04  5.672e+05 
  4.988e-02  1.307e-08 -3.748e-08  2.057e-08  1.368e-08 -3.300e-09  8.979e-02  1.157e-06 
  7.691e-02  2.320e-09  7.078e-08  2.303e-09  5.627e-09 -1.946e-10  1.804e-01  2.585e-08  1.224e-06 
  2.532e-02 -2.163e-08  1.005e-07  3.999e-08 -6.512e-08  3.964e-09  9.328e-01  1.262e-07  4.161e-07  2.392e-06 
 -9.383e-02  1.388e-08 -4.208e-08  6.450e-09  3.576e-09 -3.048e-09  2.469e-01  1.294e-07 -9.419e-09  2.475e-07  9.947e-07 
 PARAMETER  CORRELATION COEFFICIENTS  
       NO.  GLOBAL      1      3      4      6     10     13     20     21     22     23     24
        1  0.40889   1.000  0.127  0.157  0.006 -0.000  0.009 -0.158  0.091  0.136  0.032 -0.184
        3  0.22572   0.127  1.000 -0.042  0.064  0.093 -0.007 -0.097  0.059  0.010 -0.068  0.068
        4  0.28175   0.157 -0.042  1.000  0.164 -0.068  0.014 -0.005 -0.053  0.097  0.099 -0.064
        6  0.28345   0.006  0.064  0.164  1.000 -0.014  0.005 -0.012  0.081  0.009  0.110  0.028
       10  0.25008  -0.000  0.093 -0.068 -0.014  1.000 -0.001 -0.185  0.057  0.023 -0.188  0.016
       13  0.02936   0.009 -0.007  0.014  0.005 -0.001  1.000 -0.001 -0.014 -0.001  0.012 -0.014
       20  0.85122  -0.158 -0.097 -0.005 -0.012 -0.185 -0.001  1.000  0.111  0.216  0.801  0.329
       21  0.23758   0.091  0.059 -0.053  0.081  0.057 -0.014  0.111  1.000  0.022  0.076  0.121
       22  0.30905   0.136  0.010  0.097  0.009  0.023 -0.001  0.216  0.022  1.000  0.243 -0.009
       23  0.83379   0.032 -0.068  0.099  0.110 -0.188  0.012  0.801  0.076  0.243  1.000  0.160
       24  0.41724  -0.184  0.068 -0.064  0.028  0.016 -0.014  0.329  0.121 -0.009  0.160  1.000
MINUIT - FIT ONLY 2-CBO
 **********
 **   25 **RES 
 **********
                   PARAMETER   16  beta_vw RESTORED TO VARIABLE.
                   PARAMETER   14  alpha_vw RESTORED TO VARIABLE.
                   PARAMETER   11  alpha_y RESTORED TO VARIABLE.
                   PARAMETER    9  alpha_2CBO RESTORED TO VARIABLE.
                   PARAMETER    8  beta_CBO RESTORED TO VARIABLE.
 **********
 **   26 **FIX            0
 **********
 PARAMETER    0  IS UNDEFINED. IGNORED.
 **********
 **   27 **FIX            1
 **********
 **********
 **   28 **FIX            2
 **********
 PARAMETER    2  IS CONSTANT.   IGNORED.
 **********
 **   29 **FIX            3
 **********
 **********
 **   30 **FIX            4
 **********
 **********
 **   31 **FIX            5
 **********
 PARAMETER    5  IS CONSTANT.   IGNORED.
 **********
 **   32 **FIX            6
 **********
 **********
 **   33 **FIX            7
 **********
 PARAMETER    7  IS CONSTANT.   IGNORED.
 **********
 **   34 **FIX           10
 **********
 **********
 **   35 **FIX           11
 **********
 **********
 **   36 **FIX           12
 **********
 PARAMETER   12  IS CONSTANT.   IGNORED.
 **********
 **   37 **FIX           13
 **********
 **********
 **   38 **FIX           14
 **********
 **********
 **   39 **FIX           15
 **********
 PARAMETER   15  IS CONSTANT.   IGNORED.
 **********
 **   40 **FIX           16
 **********
 **********
 **   41 **MIGRAD
 **********
 START MIGRAD MINIMIZATION.  STRATEGY  1.  CONVERGENCE WHEN EDM .LT. 1.00e-04
 FCN=78.0022 FROM MIGRAD    STATUS=INITIATE       18 CALLS        1394 TOTAL
                     EDM= unknown      STRATEGY= 1      NO ERROR MATRIX       
  EXT PARAMETER               CURRENT GUESS       STEP         FIRST   
  NO.   NAME      VALUE            ERROR          SIZE      DERIVATIVE 
   1  N0           3.09557e+06     fixed    
   2  tau          6.44044e+01   constant   
   3  A0           3.43735e-01     fixed    
   4  phi          4.11942e+00     fixed    
   5  R           -6.14483e+01   constant   
   6  alpha_CBO   -4.32689e-03     fixed    
   7  w_CBO        2.32500e+00   constant   
   8  beta_CBO     0.00000e+00   1.00000e-03   1.00000e-03  -3.50252e+04
   9  alpha_2CBO   0.00000e+00   1.00000e-03   1.00000e-03   2.13706e+04
  10  beta_2CBO    4.76968e-04     fixed    
  11  alpha_y      0.00000e+00     fixed    
  12  w_y          1.38860e+01   constant   
  13  beta_y      -3.59231e-06     fixed    
  14  alpha_vw     0.00000e+00     fixed    
  15  w_vw         1.43404e+01   constant   
  16  beta_vw      0.00000e+00     fixed    
  17  LM          -5.33935e-06   constant   
  18  zeta_y       0.00000e+00   constant   
  19  zeta_vw      0.00000e+00   constant   
  20  T_CBO        9.98604e+02   7.05809e+02   1.61597e-02  -3.69357e-04
  21  alpha_A0    -1.10172e-03   1.07376e-03  -3.18254e-04   7.06283e-03
  22  beta_A0     -1.28567e-03   1.10413e-03  -1.62109e-04  -3.82887e-03
  23  alpha_phi   -3.95774e-03   1.53917e-03   1.85802e-05   2.19235e-02
  24  beta_phi    -1.14437e-03   9.95660e-04   2.29791e-06   2.38610e-03
 MIGRAD MINIMIZATION HAS CONVERGED.
 MIGRAD WILL VERIFY CONVERGENCE AND ERROR MATRIX.
 COVARIANCE MATRIX CALCULATED SUCCESSFULLY
 FCN=57.1074 FROM MIGRAD    STATUS=CONVERGED     333 CALLS        1709 TOTAL
                     EDM=1.5412e-05    STRATEGY= 1      ERROR MATRIX ACCURATE 
  EXT PARAMETER                                   STEP         FIRST   
  NO.   NAME      VALUE            ERROR          SIZE      DERIVATIVE 
   1  N0           3.09557e+06     fixed    
   2  tau          6.44044e+01   constant   
   3  A0           3.43735e-01     fixed    
   4  phi          4.11942e+00     fixed    
   5  R           -6.14483e+01   constant   
   6  alpha_CBO   -4.32689e-03     fixed    
   7  w_CBO        2.32500e+00   constant   
   8  beta_CBO     8.71893e-04   2.25823e-04   8.16128e-07   1.82302e+00
   9  alpha_2CBO  -5.26701e-04   2.29205e-04   8.32610e-07  -2.68924e+00
  10  beta_2CBO    4.76968e-04     fixed    
  11  alpha_y      0.00000e+00     fixed    
  12  w_y          1.38860e+01   constant   
  13  beta_y      -3.59231e-06     fixed    
  14  alpha_vw     0.00000e+00     fixed    
  15  w_vw         1.43404e+01   constant   
  16  beta_vw      0.00000e+00     fixed    
  17  LM          -5.33935e-06   constant   
  18  zeta_y       0.00000e+00   constant   
  19  zeta_vw      0.00000e+00   constant   
  20  T_CBO        9.99535e+02   8.77867e+02   6.41705e-02  -1.64956e-04
  21  alpha_A0    -1.44956e-03   1.04574e-03   3.87419e-04   2.98789e-03
  22  beta_A0     -3.74676e-04   1.08532e-03   3.96144e-04  -5.66034e-03
  23  alpha_phi   -3.91681e-03   1.04797e-03   4.18813e-04   3.87658e-02
  24  beta_phi    -8.32514e-04   9.50671e-04   3.45430e-04   1.49915e-02
 EXTERNAL ERROR MATRIX.    NDIM=  25    NPAR=  7    ERR DEF=1
  5.100e-08  1.978e-09 -4.824e-07 -1.089e-09  3.796e-08  1.028e-08  3.692e-08 
  1.978e-09  5.254e-08  4.922e-06  3.079e-08 -2.318e-08  1.313e-08  3.141e-08 
 -4.824e-07  4.922e-06  2.033e+05  1.300e-02  3.300e-03  3.486e-02  7.364e-03 
 -1.089e-09  3.079e-08  1.300e-02  1.098e-06 -6.036e-08 -1.053e-07  9.206e-08 
  3.796e-08 -2.318e-08  3.300e-03 -6.036e-08  1.183e-06  1.014e-07 -3.510e-08 
  1.028e-08  1.313e-08  3.486e-02 -1.053e-07  1.014e-07  1.103e-06 -2.302e-08 
  3.692e-08  3.141e-08  7.364e-03  9.206e-08 -3.510e-08 -2.302e-08  9.065e-07 
 PARAMETER  CORRELATION COEFFICIENTS  
       NO.  GLOBAL      8      9     20     21     22     23     24
        8  0.23921   1.000  0.038 -0.000 -0.005  0.155  0.043  0.172
        9  0.21796   0.038  1.000  0.000  0.128 -0.093  0.055  0.144
       20  0.08388  -0.000  0.000  1.000  0.028  0.007  0.074  0.017
       21  0.18534  -0.005  0.128  0.028  1.000 -0.053 -0.096  0.092
       22  0.21006   0.155 -0.093  0.007 -0.053  1.000  0.089 -0.034
       23  0.17046   0.043  0.055  0.074 -0.096  0.089  1.000 -0.023
       24  0.23908   0.172  0.144  0.017  0.092 -0.034 -0.023  1.000
MINUIT - FIT wiggle + 1-CBO + 2-CBO
 **********
 **   42 **RES 
 **********
                   PARAMETER   16  beta_vw RESTORED TO VARIABLE.
                   PARAMETER   14  alpha_vw RESTORED TO VARIABLE.
                   PARAMETER   13  beta_y RESTORED TO VARIABLE.
                   PARAMETER   11  alpha_y RESTORED TO VARIABLE.
                   PARAMETER   10  beta_2CBO RESTORED TO VARIABLE.
                   PARAMETER    6  alpha_CBO RESTORED TO VARIABLE.
                   PARAMETER    4  phi RESTORED TO VARIABLE.
                   PARAMETER    3  A0 RESTORED TO VARIABLE.
                   PARAMETER    1  N0 RESTORED TO VARIABLE.
 **********
 **   43 **FIX           10
 **********
 **********
 **   44 **FIX           11
 **********
 **********
 **   45 **FIX           12
 **********
 PARAMETER   12  IS CONSTANT.   IGNORED.
 **********
 **   46 **FIX           13
 **********
 **********
 **   47 **FIX           14
 **********
 **********
 **   48 **FIX           15
 **********
 PARAMETER   15  IS CONSTANT.   IGNORED.
 **********
 **   49 **FIX           16
 **********
 **********
 **   50 **MIGRAD
 **********
 START MIGRAD MINIMIZATION.  STRATEGY  1.  CONVERGENCE WHEN EDM .LT. 1.00e-04
 FCN=57.1074 FROM MIGRAD    STATUS=INITIATE       22 CALLS        1731 TOTAL
                     EDM= unknown      STRATEGY= 1      NO ERROR MATRIX       
  EXT PARAMETER               CURRENT GUESS       STEP         FIRST   
  NO.   NAME      VALUE            ERROR          SIZE      DERIVATIVE 
   1  N0           3.09557e+06   5.10072e+02   5.10072e+02   7.39756e-04
   2  tau          6.44044e+01   constant   
   3  A0           3.43735e-01   2.05528e-04   2.05528e-04   7.18833e+03
   4  phi          4.11942e+00   6.57132e-04   6.57132e-04  -2.13907e+03
   5  R           -6.14483e+01   constant   
   6  alpha_CBO   -4.32689e-03   2.34913e-04   2.34913e-04  -5.03476e+02
   7  w_CBO        2.32500e+00   constant   
   8  beta_CBO     8.71893e-04   2.25823e-04   8.16128e-07   1.82302e+00
   9  alpha_2CBO  -5.26701e-04   2.29205e-04   8.32610e-07  -2.68924e+00
  10  beta_2CBO    4.76968e-04     fixed    
  11  alpha_y      0.00000e+00     fixed    
  12  w_y          1.38860e+01   constant   
  13  beta_y      -3.59231e-06     fixed    
  14  alpha_vw     0.00000e+00     fixed    
  15  w_vw         1.43404e+01   constant   
  16  beta_vw      0.00000e+00     fixed    
  17  LM          -5.33935e-06   constant   
  18  zeta_y       0.00000e+00   constant   
  19  zeta_vw      0.00000e+00   constant   
  20  T_CBO        9.99535e+02   8.77867e+02   6.41705e-02  -1.68752e-04
  21  alpha_A0    -1.44956e-03   1.04574e-03   3.87419e-04   2.99004e-03
  22  beta_A0     -3.74676e-04   1.08532e-03   3.96144e-04  -5.65956e-03
  23  alpha_phi   -3.91681e-03   1.04797e-03   4.18813e-04   3.87714e-02
  24  beta_phi    -8.32514e-04   9.50671e-04   3.45430e-04   1.49926e-02
 MIGRAD MINIMIZATION HAS CONVERGED.
 MIGRAD WILL VERIFY CONVERGENCE AND ERROR MATRIX.
 COVARIANCE MATRIX CALCULATED SUCCESSFULLY
 FCN=55.8904 FROM MIGRAD    STATUS=CONVERGED     259 CALLS        1968 TOTAL
                     EDM=2.18044e-06    STRATEGY= 1      ERROR MATRIX ACCURATE 
  EXT PARAMETER                                   STEP         FIRST   
  NO.   NAME      VALUE            ERROR          SIZE      DERIVATIVE 
   1  N0           3.09545e+06   1.41385e+00   1.79045e+00   2.25433e-06
   2  tau          6.44044e+01   constant   
   3  A0           3.43558e-01   2.07675e-04   7.35562e-07  -1.10959e+00
   4  phi          4.11992e+00   6.52824e-04   2.29492e-06   3.83594e-03
   5  R           -6.14483e+01   constant   
   6  alpha_CBO   -4.29642e-03   2.35208e-04   8.34684e-07  -2.61396e+00
   7  w_CBO        2.32500e+00   constant   
   8  beta_CBO     9.36433e-04   2.33260e-04   8.07564e-07   2.49680e+00
   9  alpha_2CBO  -5.34965e-04   2.29748e-04   8.23874e-07  -4.40843e+00
  10  beta_2CBO    4.76968e-04     fixed    
  11  alpha_y      0.00000e+00     fixed    
  12  w_y          1.38860e+01   constant   
  13  beta_y      -3.59231e-06     fixed    
  14  alpha_vw     0.00000e+00     fixed    
  15  w_vw         1.43404e+01   constant   
  16  beta_vw      0.00000e+00     fixed    
  17  LM          -5.33935e-06   constant   
  18  zeta_y       0.00000e+00   constant   
  19  zeta_vw      0.00000e+00   constant   
  20  T_CBO        9.98417e+02   7.30116e+02   5.00000e-02   1.82565e-04
  21  alpha_A0    -1.63420e-03   1.05719e-03   3.84507e-04   1.13193e-02
  22  beta_A0     -2.37935e-04   1.09559e-03   3.91795e-04  -3.62900e-03
  23  alpha_phi   -3.74037e-03   1.06909e-03   4.11231e-04   1.06602e-02
  24  beta_phi    -8.31019e-04   9.50351e-04   3.41850e-04   7.74373e-03
 EXTERNAL ERROR MATRIX.    NDIM=  25    NPAR= 11    ERR DEF=1
  1.999e+00 
  1.275e-07  4.313e-08 
  3.265e-07 -1.462e-08  4.262e-07 
  2.071e-09  3.129e-09  2.619e-08  5.532e-08 
 -3.480e-08 -1.018e-08  2.418e-08  2.510e-10  5.441e-08 
  2.368e-08 -8.041e-10 -8.485e-09 -2.453e-09  1.746e-09  5.278e-08 
  6.820e-06  3.182e-06 -3.249e-07 -3.979e-07 -9.054e-07 -6.122e-08  3.164e+03 
  5.923e-07  2.282e-08 -6.813e-08  1.986e-08 -9.603e-09  3.068e-08  6.126e-04  1.122e-06 
  5.833e-07 -1.618e-08  1.029e-07  4.382e-09  4.628e-08 -2.477e-08  8.539e-05 -8.289e-08  1.205e-06 
  3.602e-07 -2.416e-08  9.498e-08  3.995e-08  1.995e-08  1.051e-08  1.383e-03 -1.168e-07  1.283e-07  1.148e-06 
 -6.725e-07  8.795e-09 -5.977e-09  6.066e-09  3.459e-08  3.097e-08  3.054e-04  9.818e-08 -3.915e-08 -2.553e-08  9.059e-07 
 PARAMETER  CORRELATION COEFFICIENTS  
       NO.  GLOBAL      1      3      4      6      8      9     20     21     22     23     24
        1  0.00102   1.000  0.000  0.000  0.000 -0.000  0.000  0.000  0.000  0.000  0.000 -0.000
        3  0.27405   0.000  1.000 -0.108  0.064 -0.210 -0.017  0.000  0.104 -0.071 -0.109  0.044
        4  0.29818   0.000 -0.108  1.000  0.171  0.159 -0.057 -0.000 -0.099  0.144  0.136 -0.010
        6  0.26749   0.000  0.064  0.171  1.000  0.005 -0.045 -0.000  0.080  0.017  0.159  0.027
        8  0.34106  -0.000 -0.210  0.159  0.005  1.000  0.033 -0.000 -0.039  0.181  0.080  0.156
        9  0.22790   0.000 -0.017 -0.057 -0.045  0.033  1.000 -0.000  0.126 -0.098  0.043  0.142
       20  0.02761   0.000  0.000 -0.000 -0.000 -0.000 -0.000  1.000  0.010  0.001  0.023  0.006
       21  0.24342   0.000  0.104 -0.099  0.080 -0.039  0.126  0.010  1.000 -0.071 -0.103  0.097
       22  0.25767   0.000 -0.071  0.144  0.017  0.181 -0.098  0.001 -0.071  1.000  0.109 -0.037
       23  0.26755   0.000 -0.109  0.136  0.159  0.080  0.043  0.023 -0.103  0.109  1.000 -0.025
       24  0.24334  -0.000  0.044 -0.010  0.027  0.156  0.142  0.006  0.097 -0.037 -0.025  1.000
MINUIT - FIT ONLY 1-y
 **********
 **   51 **RES 
 **********
                   PARAMETER   16  beta_vw RESTORED TO VARIABLE.
                   PARAMETER   14  alpha_vw RESTORED TO VARIABLE.
                   PARAMETER   13  beta_y RESTORED TO VARIABLE.
                   PARAMETER   11  alpha_y RESTORED TO VARIABLE.
                   PARAMETER   10  beta_2CBO RESTORED TO VARIABLE.
 **********
 **   52 **FIX            0
 **********
 PARAMETER    0  IS UNDEFINED. IGNORED.
 **********
 **   53 **FIX            1
 **********
 **********
 **   54 **FIX            2
 **********
 PARAMETER    2  IS CONSTANT.   IGNORED.
 **********
 **   55 **FIX            3
 **********
 **********
 **   56 **FIX            4
 **********
 **********
 **   57 **FIX            5
 **********
 PARAMETER    5  IS CONSTANT.   IGNORED.
 **********
 **   58 **FIX            6
 **********
 **********
 **   59 **FIX            7
 **********
 PARAMETER    7  IS CONSTANT.   IGNORED.
 **********
 **   60 **FIX            8
 **********
 **********
 **   61 **FIX            9
 **********
 **********
 **   62 **FIX           13
 **********
 **********
 **   63 **FIX           14
 **********
 **********
 **   64 **FIX           15
 **********
 PARAMETER   15  IS CONSTANT.   IGNORED.
 **********
 **   65 **FIX           16
 **********
 **********
 **   66 **MIGRAD
 **********
 START MIGRAD MINIMIZATION.  STRATEGY  1.  CONVERGENCE WHEN EDM .LT. 1.00e-04
 FCN=55.8904 FROM MIGRAD    STATUS=INITIATE       37 CALLS        2005 TOTAL
                     EDM= unknown      STRATEGY= 1      NO ERROR MATRIX       
  EXT PARAMETER               CURRENT GUESS       STEP         FIRST   
  NO.   NAME      VALUE            ERROR          SIZE      DERIVATIVE 
   1  N0           3.09545e+06     fixed    
   2  tau          6.44044e+01   constant   
   3  A0           3.43558e-01     fixed    
   4  phi          4.11992e+00     fixed    
   5  R           -6.14483e+01   constant   
   6  alpha_CBO   -4.29642e-03     fixed    
   7  w_CBO        2.32500e+00   constant   
   8  beta_CBO     9.36433e-04     fixed    
   9  alpha_2CBO  -5.34965e-04     fixed    
  10  beta_2CBO    4.76968e-04   2.23675e-04   0.00000e+00   3.77730e+02
  11  alpha_y      0.00000e+00   1.00000e-03   0.00000e+00  -1.37635e+04
  12  w_y          1.38860e+01   constant   
  13  beta_y      -3.59231e-06     fixed    
  14  alpha_vw     0.00000e+00     fixed    
  15  w_vw         1.43404e+01   constant   
  16  beta_vw      0.00000e+00     fixed    
  17  LM          -5.33935e-06   constant   
  18  zeta_y       0.00000e+00   constant   
  19  zeta_vw      0.00000e+00   constant   
  20  T_CBO        9.94002e+02   7.30116e+02  -7.54462e-02  -6.03124e-05
  21  alpha_A0    -1.63420e-03   1.05719e-03   0.00000e+00   3.91366e-02
  22  beta_A0     -2.37935e-04   1.09559e-03   0.00000e+00  -3.52524e-03
  23  alpha_phi   -3.74037e-03   1.06909e-03   0.00000e+00   6.22078e-02
  24  beta_phi    -8.31019e-04   9.50351e-04   0.00000e+00   2.23079e-02
 MIGRAD MINIMIZATION HAS CONVERGED.
 MIGRAD WILL VERIFY CONVERGENCE AND ERROR MATRIX.
 COVARIANCE MATRIX CALCULATED SUCCESSFULLY
 FCN=53.4677 FROM MIGRAD    STATUS=CONVERGED    1102 CALLS        3070 TOTAL
                     EDM=1.35838e-05    STRATEGY= 1      ERROR MATRIX ACCURATE 
  EXT PARAMETER                                   STEP         FIRST   
  NO.   NAME      VALUE            ERROR          SIZE      DERIVATIVE 
   1  N0           3.09545e+06     fixed    
   2  tau          6.44044e+01   constant   
   3  A0           3.43558e-01     fixed    
   4  phi          4.11992e+00     fixed    
   5  R           -6.14483e+01   constant   
   6  alpha_CBO   -4.29642e-03     fixed    
   7  w_CBO        2.32500e+00   constant   
   8  beta_CBO     9.36433e-04     fixed    
   9  alpha_2CBO  -5.34965e-04     fixed    
  10  beta_2CBO    4.69737e-04   2.26976e-04   8.00131e-07  -8.08637e+00
  11  alpha_y      3.47359e-04   2.24589e-04   8.09042e-07  -7.06744e+00
  12  w_y          1.38860e+01   constant   
  13  beta_y      -3.59231e-06     fixed    
  14  alpha_vw     0.00000e+00     fixed    
  15  w_vw         1.43404e+01   constant   
  16  beta_vw      0.00000e+00     fixed    
  17  LM          -5.33935e-06   constant   
  18  zeta_y       0.00000e+00   constant   
  19  zeta_vw      0.00000e+00   constant   
  20  T_CBO        1.49047e+02   4.18837e+01   3.11912e-04   2.88068e-02
  21  alpha_A0    -4.40069e-03   3.17887e-03   1.09853e-03   6.72819e-04
  22  beta_A0     -5.88948e-04   2.82179e-03   1.02321e-03   1.64731e-03
  23  alpha_phi   -9.99957e-03   1.43250e-02   2.30281e-02   3.60715e-04
  24  beta_phi    -2.24916e-03   2.57269e-03   9.06526e-04  -9.16680e-03
 EXTERNAL ERROR MATRIX.    NDIM=  25    NPAR=  7    ERR DEF=1
  5.152e-08  2.048e-10 -1.274e-03  1.019e-07  6.834e-08 -2.485e-10  4.829e-08 
  2.048e-10  5.044e-08 -1.549e-04  5.059e-09  8.532e-09 -6.070e-11 -4.256e-09 
 -1.274e-03 -1.549e-04  1.762e+03 -7.193e-02 -2.723e-05 -1.479e-02 -3.504e-02 
  1.019e-07  5.059e-09 -7.193e-02  1.056e-05 -1.763e-07  5.040e-07  1.975e-06 
  6.834e-08  8.532e-09 -2.723e-05 -1.763e-07  8.184e-06  6.648e-08 -3.337e-07 
 -2.485e-10 -6.070e-11 -1.479e-02  5.040e-07  6.648e-08  5.100e-07  2.532e-07 
  4.829e-08 -4.256e-09 -3.504e-02  1.975e-06 -3.337e-07  2.532e-07  6.779e-06 
 PARAMETER  CORRELATION COEFFICIENTS  
       NO.  GLOBAL     10     11     20     21     22     23     24
       10  0.20751   1.000  0.004 -0.134  0.138  0.105 -0.002  0.082
       11  0.02681   0.004  1.000 -0.016  0.007  0.013 -0.000 -0.007
       20  0.67941  -0.134 -0.016  1.000 -0.527 -0.000 -0.493 -0.321
       21  0.53785   0.138  0.007 -0.527  1.000 -0.019  0.217  0.233
       22  0.12933   0.105  0.013 -0.000 -0.019  1.000  0.033 -0.045
       23  0.50179  -0.002 -0.000 -0.493  0.217  0.033  1.000  0.136
       24  0.33503   0.082 -0.007 -0.321  0.233 -0.045  0.136  1.000
MINUIT - FIT ONLY 2-y
 **********
 **   67 **RES 
 **********
                   PARAMETER   16  beta_vw RESTORED TO VARIABLE.
                   PARAMETER   14  alpha_vw RESTORED TO VARIABLE.
                   PARAMETER   13  beta_y RESTORED TO VARIABLE.
                   PARAMETER    9  alpha_2CBO RESTORED TO VARIABLE.
                   PARAMETER    8  beta_CBO RESTORED TO VARIABLE.
                   PARAMETER    6  alpha_CBO RESTORED TO VARIABLE.
                   PARAMETER    4  phi RESTORED TO VARIABLE.
                   PARAMETER    3  A0 RESTORED TO VARIABLE.
                   PARAMETER    1  N0 RESTORED TO VARIABLE.
 **********
 **   68 **FIX            0
 **********
 PARAMETER    0  IS UNDEFINED. IGNORED.
 **********
 **   69 **FIX            1
 **********
 **********
 **   70 **FIX            2
 **********
 PARAMETER    2  IS CONSTANT.   IGNORED.
 **********
 **   71 **FIX            3
 **********
 **********
 **   72 **FIX            4
 **********
 **********
 **   73 **FIX            5
 **********
 PARAMETER    5  IS CONSTANT.   IGNORED.
 **********
 **   74 **FIX            6
 **********
 **********
 **   75 **FIX            7
 **********
 PARAMETER    7  IS CONSTANT.   IGNORED.
 **********
 **   76 **FIX            8
 **********
 **********
 **   77 **FIX            9
 **********
 **********
 **   78 **FIX           10
 **********
 **********
 **   79 **FIX           11
 **********
 **********
 **   80 **FIX           12
 **********
 PARAMETER   12  IS CONSTANT.   IGNORED.
 **********
 **   81 **FIX           16
 **********
 **********
 **   82 **MIGRAD
 **********
 START MIGRAD MINIMIZATION.  STRATEGY  1.  CONVERGENCE WHEN EDM .LT. 1.00e-04
 FCN=53.4677 FROM MIGRAD    STATUS=INITIATE       16 CALLS        3086 TOTAL
                     EDM= unknown      STRATEGY= 1      NO ERROR MATRIX       
  EXT PARAMETER               CURRENT GUESS       STEP         FIRST   
  NO.   NAME      VALUE            ERROR          SIZE      DERIVATIVE 
   1  N0           3.09545e+06     fixed    
   2  tau          6.44044e+01   constant   
   3  A0           3.43558e-01     fixed    
   4  phi          4.11992e+00     fixed    
   5  R           -6.14483e+01   constant   
   6  alpha_CBO   -4.29642e-03     fixed    
   7  w_CBO        2.32500e+00   constant   
   8  beta_CBO     9.36433e-04     fixed    
   9  alpha_2CBO  -5.34965e-04     fixed    
  10  beta_2CBO    4.69737e-04     fixed    
  11  alpha_y      3.47359e-04     fixed    
  12  w_y          1.38860e+01   constant   
  13  beta_y      -3.59231e-06   2.21406e-04   2.21406e-04   1.34602e+02
  14  alpha_vw     0.00000e+00   1.00000e-03   1.00000e-03   3.32267e+03
  15  w_vw         1.43404e+01   constant   
  16  beta_vw      0.00000e+00     fixed    
  17  LM          -5.33935e-06   constant   
  18  zeta_y       0.00000e+00   constant   
  19  zeta_vw      0.00000e+00   constant   
  20  T_CBO        1.49047e+02   4.18837e+01   3.11912e-04  -2.88198e-02
  21  alpha_A0    -4.40069e-03   3.17887e-03   1.09853e-03   6.79050e-04
  22  beta_A0     -5.88948e-04   2.82179e-03   1.02321e-03   1.64808e-03
  23  alpha_phi   -9.99957e-03   1.43250e-02   2.30281e-02   3.70934e-04
  24  beta_phi    -2.24916e-03   2.57269e-03   9.06526e-04  -9.16392e-03
 MIGRAD MINIMIZATION HAS CONVERGED.
 MIGRAD WILL VERIFY CONVERGENCE AND ERROR MATRIX.
 COVARIANCE MATRIX CALCULATED SUCCESSFULLY
 FCN=53.3207 FROM MIGRAD    STATUS=CONVERGED     117 CALLS        3187 TOTAL
                     EDM=3.00884e-06    STRATEGY= 1      ERROR MATRIX ACCURATE 
  EXT PARAMETER                                   STEP         FIRST   
  NO.   NAME      VALUE            ERROR          SIZE      DERIVATIVE 
   1  N0           3.09545e+06     fixed    
   2  tau          6.44044e+01   constant   
   3  A0           3.43558e-01     fixed    
   4  phi          4.11992e+00     fixed    
   5  R           -6.14483e+01   constant   
   6  alpha_CBO   -4.29642e-03     fixed    
   7  w_CBO        2.32500e+00   constant   
   8  beta_CBO     9.36433e-04     fixed    
   9  alpha_2CBO  -5.34965e-04     fixed    
  10  beta_2CBO    4.69737e-04     fixed    
  11  alpha_y      3.47359e-04     fixed    
  12  w_y          1.38860e+01   constant   
  13  beta_y      -2.63375e-05   2.27155e-04   7.96453e-07   4.40881e-02
  14  alpha_vw    -8.76098e-05   2.28569e-04   8.01482e-07  -1.39968e+00
  15  w_vw         1.43404e+01   constant   
  16  beta_vw      0.00000e+00     fixed    
  17  LM          -5.33935e-06   constant   
  18  zeta_y       0.00000e+00   constant   
  19  zeta_vw      0.00000e+00   constant   
  20  T_CBO        1.48930e+02   3.75047e+01   3.11268e-04  -6.17581e-03
  21  alpha_A0    -4.39574e-03   3.10034e-03   1.09891e-03  -4.98716e-03
  22  beta_A0     -6.10274e-04   2.80816e-03   1.02430e-03   1.73485e-03
  23  alpha_phi   -1.00000e-02   1.63344e-02   1.97951e-02** at limit **
  24  beta_phi    -2.23411e-03   2.54828e-03   9.06960e-04  -2.10838e-03
 EXTERNAL ERROR MATRIX.    NDIM=  25    NPAR=  7    ERR DEF=1
  5.160e-08  1.160e-08 -1.642e-04 -1.923e-08  9.331e-09  7.662e-14 -7.494e-09 
  1.160e-08  5.224e-08  9.347e-05 -2.816e-09  1.237e-08 -2.268e-13 -7.184e-09 
 -1.642e-04  9.347e-05  1.412e+03  5.874e-02 -2.918e-03  5.801e-05  2.829e-02 
 -1.923e-08 -2.816e-09  5.874e-02  1.002e-05 -3.564e-07  1.985e-09  1.696e-06 
  9.331e-09  1.237e-08 -2.918e-03 -3.564e-07  8.103e-06  2.702e-10 -4.204e-07 
  7.662e-14 -2.268e-13  5.801e-05  1.985e-09  2.702e-10  3.066e-11  9.900e-10 
 -7.494e-09 -7.184e-09  2.829e-02  1.696e-06 -4.204e-07  9.900e-10  6.647e-06 
 PARAMETER  CORRELATION COEFFICIENTS  
       NO.  GLOBAL     13     14     20     21     22     23     24
       13  0.22532   1.000  0.223 -0.019 -0.027  0.014  0.000 -0.013
       14  0.22495   0.223  1.000  0.011 -0.004  0.019 -0.000 -0.012
       20  0.57279  -0.019  0.011  1.000  0.494 -0.027  0.279  0.292
       21  0.49967  -0.027 -0.004  0.494  1.000 -0.040  0.113  0.208
       22  0.07138   0.014  0.019 -0.027 -0.040  1.000  0.017 -0.057
       23  0.28147   0.000 -0.000  0.279  0.113  0.017  1.000  0.069
       24  0.30520  -0.013 -0.012  0.292  0.208 -0.057  0.069  1.000
MINUIT - FIT ALTOGETHER
 **********
