 + ++++++++++++++++++++++++++++++++++++++++++++++++++++++++++++++++++++ +
 +                                                                      +
 +           You have chose to blind your fitting according to          +
 +                omega_ref * (1 + (R +/- deltaR) *10^{-6})             +
 +                                                                      +
 + ++++++++++++++++++++++++++++++++++++++++++++++++++++++++++++++++++++ +
In main()...
reading format from /gm2data/zkhechad/run45/envelope/formats/formatB_sBin_constraintOn.txt
pBinTau 	= 0  
pBinPhi 	= 0  
constraintau 	= 1 
includeMopTerm 	= 0    
constrainMop    = 0   
Parameters after format file: pBinTau 0 pBinPhi 0 constraintau 1 includeMopTerm 0 constrainMop 0 c_e_scale 0.000000 
Opening file /gm2data/tbarrett/gm2fr/studies/run23_bunch_corrections/CorrectedFourier_Run3b.root.
reading full fit data from /gm2data/zkhechad/cboTemplates/Run4CBOTemplates/templateFits0_v2.0/noRF/sBin_constraintOn_cE0.0_seed0_noRF_calo1.root
windowBins = 17
fitting sliding window 36 from bin 172 at 25.513200 to bin 189 at 28.198800 (17 bins)

Reading data from /gm2data/cornell/histograms/aMethod/histogram_a_noRF.root
 **********
 **    1 **SET PRINTOUT            1
 **********
 **********
 **    2 **SET NOWARNINGS 
 **********
 PARAMETER DEFINITIONS:
    NO.   NAME         VALUE      STEP SIZE      LIMITS
     1 N0           3.52746e+06  1.00000e+02     no limits
     2 tau          6.44358e+01  constant
     3 A0           3.54698e-01  1.00000e-04     no limits
     4 phi          4.12308e+00  1.00000e-02     no limits
     5 R           -6.05970e+01  constant
     6 alpha_CBO    0.00000e+00  1.00000e-03     no limits
     7 w_CBO        2.32500e+00  constant
     8 beta_CBO     0.00000e+00  1.00000e-03     no limits
     9 alpha_2CBO   0.00000e+00  1.00000e-03     no limits
    10 beta_2CBO    0.00000e+00  1.00000e-03     no limits
    11 alpha_y      0.00000e+00  1.00000e-03     no limits
    12 w_y          1.44500e+01  constant
    13 beta_y       0.00000e+00  1.00000e-03     no limits
    14 alpha_vw     0.00000e+00  1.00000e-03     no limits
    15 w_vw         1.29000e+01  constant
    16 beta_vw      0.00000e+00  1.00000e-03     no limits
    17 LM           1.14256e-03  constant
    18 zeta_y       0.00000e+00  constant
    19 zeta_vw      0.00000e+00  constant
    20 T_CBO        1.00000e+02  1.00000e+00    0.00000e+00  1.00000e+03
    21 alpha_A0     0.00000e+00  1.00000e-03     no limits
    22 beta_A0      0.00000e+00  1.00000e-03     no limits
    23 alpha_phi    0.00000e+00  1.00000e-03     no limits
    24 beta_phi     0.00000e+00  1.00000e-03     no limits
MINUIT - FIT ONLY WIGGLE
 **********
 **    3 **FIX            5
 **********
 PARAMETER    5  IS CONSTANT.   IGNORED.
 **********
 **    4 **FIX            6
 **********
 **********
 **    5 **FIX            7
 **********
 PARAMETER    7  IS CONSTANT.   IGNORED.
 **********
 **    6 **FIX            8
 **********
 **********
 **    7 **FIX            9
 **********
 **********
 **    8 **FIX           10
 **********
 **********
 **    9 **FIX           11
 **********
 **********
 **   10 **FIX           12
 **********
 PARAMETER   12  IS CONSTANT.   IGNORED.
 **********
 **   11 **FIX           13
 **********
 **********
 **   12 **FIX           14
 **********
 **********
 **   13 **FIX           15
 **********
 PARAMETER   15  IS CONSTANT.   IGNORED.
 **********
 **   14 **FIX           16
 **********
 **********
 **   15 **MIGRAD
 **********
 FIRST CALL TO USER FUNCTION AT NEW START POINT, WITH IFLAG=4.
 START MIGRAD MINIMIZATION.  STRATEGY  1.  CONVERGENCE WHEN EDM .LT. 1.00e-04
 FCN=5278.4 FROM MIGRAD    STATUS=INITIATE      435 CALLS         436 TOTAL
                     EDM= unknown      STRATEGY= 1      NO ERROR MATRIX       
  EXT PARAMETER               CURRENT GUESS       STEP         FIRST   
  NO.   NAME      VALUE            ERROR          SIZE      DERIVATIVE 
   1  N0           3.52746e+06   1.00000e+02   0.00000e+00  -8.07048e-03
   2  tau          6.44358e+01   constant   
   3  A0           3.54698e-01   1.00000e-04   0.00000e+00  -4.86052e+05
   4  phi          4.12308e+00   1.00000e-02   0.00000e+00   1.61968e+05
   5  R           -6.05970e+01   constant   
   6  alpha_CBO    0.00000e+00     fixed    
   7  w_CBO        2.32500e+00   constant   
   8  beta_CBO     0.00000e+00     fixed    
   9  alpha_2CBO   0.00000e+00     fixed    
  10  beta_2CBO    0.00000e+00     fixed    
  11  alpha_y      0.00000e+00     fixed    
  12  w_y          1.44500e+01   constant   
  13  beta_y       0.00000e+00     fixed    
  14  alpha_vw     0.00000e+00     fixed    
  15  w_vw         1.29000e+01   constant   
  16  beta_vw      0.00000e+00     fixed    
  17  LM           1.14256e-03   constant   
  18  zeta_y       0.00000e+00   constant   
  19  zeta_vw      0.00000e+00   constant   
  20  T_CBO        1.00000e+02   1.00000e+00   0.00000e+00   0.00000e+00
  21  alpha_A0     0.00000e+00   1.00000e-03   0.00000e+00   1.92559e+04
  22  beta_A0      0.00000e+00   1.00000e-03   0.00000e+00   3.20157e+04
  23  alpha_phi    0.00000e+00   1.00000e-03   0.00000e+00  -7.83151e+04
  24  beta_phi     0.00000e+00   1.00000e-03   0.00000e+00   1.25656e+05
 CALL LIMIT EXCEEDED IN MIGRAD.
 MIGRAD TERMINATED WITHOUT CONVERGENCE.
 FCN=1784.92 FROM MIGRAD    STATUS=CALL LIMIT   1330 CALLS        1331 TOTAL
                     EDM=3.21639    STRATEGY= 1  ERROR MATRIX UNCERTAINTY  15.7 per cent
  EXT PARAMETER                APPROXIMATE        STEP         FIRST   
  NO.   NAME      VALUE            ERROR          SIZE      DERIVATIVE 
   1  N0           3.57855e+06   6.55221e+03   7.67071e+03   5.42955e-03
   2  tau          6.44358e+01   constant   
   3  A0           3.66046e-01   2.05274e-03  -3.05454e-03  -1.15368e+03
   4  phi          4.21158e+00   4.87203e-03   2.08380e-04   2.85781e+03
   5  R           -6.05970e+01   constant   
   6  alpha_CBO    0.00000e+00     fixed    
   7  w_CBO        2.32500e+00   constant   
   8  beta_CBO     0.00000e+00     fixed    
   9  alpha_2CBO   0.00000e+00     fixed    
  10  beta_2CBO    0.00000e+00     fixed    
  11  alpha_y      0.00000e+00     fixed    
  12  w_y          1.44500e+01   constant   
  13  beta_y       0.00000e+00     fixed    
  14  alpha_vw     0.00000e+00     fixed    
  15  w_vw         1.29000e+01   constant   
  16  beta_vw      0.00000e+00     fixed    
  17  LM           1.14256e-03   constant   
  18  zeta_y       0.00000e+00   constant   
  19  zeta_vw      0.00000e+00   constant   
  20  T_CBO        7.57486e+01   2.15936e+00   4.18678e-03  -4.94743e+02
  21  alpha_A0     1.73115e-01   9.63744e-03   3.00818e-03  -1.28156e+03
  22  beta_A0     -1.86380e-02   1.11619e-02   1.58475e-02  -1.88949e+03
  23  alpha_phi   -2.80136e-02   1.26578e-02   1.79770e-02  -4.26646e+02
  24  beta_phi    -2.00691e-01   9.58411e-03  -1.91577e-03   1.25730e+03
 EXTERNAL ERROR MATRIX.    NDIM=  25    NPAR=  8    ERR DEF=1
  4.293e+07 -1.232e+01  2.391e+01  9.705e+03  5.436e+01  7.097e+01  8.002e+01 -5.099e+01 
 -1.232e+01  4.214e-06 -4.677e-06 -2.406e-03 -1.217e-05 -2.252e-05 -2.564e-05  1.086e-05 
  2.391e+01 -4.677e-06  2.374e-05  7.925e-03  4.565e-05  3.191e-05  3.593e-05 -4.624e-05 
  9.705e+03 -2.406e-03  7.925e-03  4.663e+00  1.469e-02  1.471e-02  1.733e-02 -1.483e-02 
  5.436e+01 -1.217e-05  4.565e-05  1.469e-02  9.288e-05  7.794e-05  8.734e-05 -9.161e-05 
  7.097e+01 -2.252e-05  3.191e-05  1.471e-02  7.794e-05  1.246e-04  1.408e-04 -7.111e-05 
  8.002e+01 -2.564e-05  3.593e-05  1.733e-02  8.734e-05  1.408e-04  1.602e-04 -7.966e-05 
 -5.099e+01  1.086e-05 -4.624e-05 -1.483e-02 -9.161e-05 -7.111e-05 -7.966e-05  9.186e-05 
ERR MATRIX APPROXIMATE
 PARAMETER  CORRELATION COEFFICIENTS  
       NO.  GLOBAL      1      3      4     20     21     22     23     24
        1  0.99905   1.000 -0.916  0.749  0.686  0.861  0.970  0.965 -0.812
        3  0.99915  -0.916  1.000 -0.468 -0.543 -0.615 -0.983 -0.987  0.552
        4  0.99923   0.749 -0.468  1.000  0.753  0.972  0.587  0.583 -0.990
       20  0.97492   0.686 -0.543  0.753  1.000  0.706  0.610  0.634 -0.716
       21  0.99813   0.861 -0.615  0.972  0.706  1.000  0.725  0.716 -0.992
       22  0.99898   0.970 -0.983  0.587  0.610  0.725  1.000  0.996 -0.665
       23  0.99950   0.965 -0.987  0.583  0.634  0.716  0.996  1.000 -0.657
       24  0.99924  -0.812  0.552 -0.990 -0.716 -0.992 -0.665 -0.657  1.000
 ERR MATRIX APPROXIMATE
MINUIT - FIT ONLY 1-CBO + wiggle
 **********
 **   16 **RES 
 **********
                   PARAMETER   16  beta_vw RESTORED TO VARIABLE.
                   PARAMETER   14  alpha_vw RESTORED TO VARIABLE.
                   PARAMETER   13  beta_y RESTORED TO VARIABLE.
                   PARAMETER   11  alpha_y RESTORED TO VARIABLE.
                   PARAMETER   10  beta_2CBO RESTORED TO VARIABLE.
                   PARAMETER    9  alpha_2CBO RESTORED TO VARIABLE.
                   PARAMETER    8  beta_CBO RESTORED TO VARIABLE.
                   PARAMETER    6  alpha_CBO RESTORED TO VARIABLE.
 **********
 **   17 **FIX            8
 **********
 **********
 **   18 **FIX            9
 **********
 **********
 **   19 **FIX           11
 **********
 **********
 **   20 **FIX           12
 **********
 PARAMETER   12  IS CONSTANT.   IGNORED.
 **********
 **   21 **FIX           14
 **********
 **********
 **   22 **FIX           15
 **********
 PARAMETER   15  IS CONSTANT.   IGNORED.
 **********
 **   23 **FIX           16
 **********
 **********
 **   24 **MIGRAD
 **********
 START MIGRAD MINIMIZATION.  STRATEGY  1.  CONVERGENCE WHEN EDM .LT. 1.00e-04
 FCN=1784.92 FROM MIGRAD    STATUS=INITIATE       28 CALLS        1359 TOTAL
                     EDM= unknown      STRATEGY= 1      NO ERROR MATRIX       
  EXT PARAMETER               CURRENT GUESS       STEP         FIRST   
  NO.   NAME      VALUE            ERROR          SIZE      DERIVATIVE 
   1  N0           3.57855e+06   6.55221e+03   7.67071e+03   5.42955e-03
   2  tau          6.44358e+01   constant   
   3  A0           3.66046e-01   2.05274e-03  -3.05454e-03  -1.15368e+03
   4  phi          4.21158e+00   4.87203e-03   2.08380e-04   2.85781e+03
   5  R           -6.05970e+01   constant   
   6  alpha_CBO    0.00000e+00   1.00000e-03   1.00000e-03  -6.80336e+03
   7  w_CBO        2.32500e+00   constant   
   8  beta_CBO     0.00000e+00     fixed    
   9  alpha_2CBO   0.00000e+00     fixed    
  10  beta_2CBO    0.00000e+00   1.00000e-03   1.00000e-03  -1.90810e+04
  11  alpha_y      0.00000e+00     fixed    
  12  w_y          1.44500e+01   constant   
  13  beta_y       0.00000e+00   1.00000e-03   1.00000e-03  -3.13797e+05
  14  alpha_vw     0.00000e+00     fixed    
  15  w_vw         1.29000e+01   constant   
  16  beta_vw      0.00000e+00     fixed    
  17  LM           1.14256e-03   constant   
  18  zeta_y       0.00000e+00   constant   
  19  zeta_vw      0.00000e+00   constant   
  20  T_CBO        7.57486e+01   2.15936e+00   4.18678e-03  -4.94743e+02
  21  alpha_A0     1.73115e-01   9.63744e-03   3.00818e-03  -1.28156e+03
  22  beta_A0     -1.86380e-02   1.11619e-02   1.58475e-02  -1.88949e+03
  23  alpha_phi   -2.80136e-02   1.26578e-02   1.79770e-02  -4.26646e+02
  24  beta_phi    -2.00691e-01   9.58411e-03  -1.91577e-03   1.25730e+03
 CALL LIMIT EXCEEDED IN MIGRAD.
 MIGRAD TERMINATED WITHOUT CONVERGENCE.
 FCN=1147.52 FROM MIGRAD    STATUS=CALL LIMIT   1905 CALLS        3236 TOTAL
                     EDM=0.153505    STRATEGY= 1  ERROR MATRIX UNCERTAINTY  18.8 per cent
  EXT PARAMETER                APPROXIMATE        STEP         FIRST   
  NO.   NAME      VALUE            ERROR          SIZE      DERIVATIVE 
   1  N0           3.70227e+06   2.17616e+04   7.71234e+03  -4.14001e-04
   2  tau          6.44358e+01   constant   
   3  A0           3.72165e-01   7.83839e-03   2.59816e-03   2.99605e+03
   4  phi          4.31749e+00   8.13788e-03   3.17701e-03   7.46001e+02
   5  R           -6.05970e+01   constant   
   6  alpha_CBO    4.65930e-03   5.11653e-03   1.81112e-03  -3.23780e+03
   7  w_CBO        2.32500e+00   constant   
   8  beta_CBO     0.00000e+00     fixed    
   9  alpha_2CBO   0.00000e+00     fixed    
  10  beta_2CBO    1.44387e-02   2.19632e-03   6.75353e-04   5.89568e+02
  11  alpha_y      0.00000e+00     fixed    
  12  w_y          1.44500e+01   constant   
  13  beta_y       3.36515e-03   1.55358e-04   1.12734e-05  -7.19106e+01
  14  alpha_vw     0.00000e+00     fixed    
  15  w_vw         1.29000e+01   constant   
  16  beta_vw      0.00000e+00     fixed    
  17  LM           1.14256e-03   constant   
  18  zeta_y       0.00000e+00   constant   
  19  zeta_vw      0.00000e+00   constant   
  20  T_CBO        4.15500e+02   3.97450e+01   2.95732e-02  -1.73739e+01
  21  alpha_A0     3.27148e-01   1.10038e-02   3.69694e-03  -5.89786e+02
  22  beta_A0      7.84034e-02   4.60004e-03   3.90282e-04  -2.98285e+02
  23  alpha_phi    7.77958e-02   6.09271e-03   1.40195e-03   1.11896e+03
  24  beta_phi    -2.72016e-01   2.82086e-03  -7.04203e-04   3.64261e+02
 EXTERNAL ERROR MATRIX.    NDIM=  25    NPAR= 11    ERR DEF=1
  4.736e+08 
  1.656e+02  6.144e-05 
  1.726e+02  5.843e-05  6.623e-05 
  1.090e+02  3.969e-05  3.897e-05  2.618e-05 
  4.662e+01  1.634e-05  1.682e-05  1.049e-05  4.824e-06 
  3.551e-01  1.291e-07  1.499e-07  1.052e-07  2.001e-08  2.414e-08 
  8.554e+05  2.900e-01  3.212e-01  1.919e-01  8.474e-02  5.966e-04  1.583e+03 
  2.253e+02  7.356e-05  8.672e-05  4.838e-05  2.297e-05  1.018e-07  4.282e-01  1.211e-04 
  1.042e+01 -4.931e-06  8.730e-06 -1.456e-06  9.810e-07  7.723e-10  4.168e-02  1.805e-05  2.116e-05 
  5.564e+01  9.270e-06  2.689e-05  8.907e-06  4.954e-06  6.324e-08  1.271e-01  4.069e-05  2.573e-05  3.712e-05 
 -9.220e+00  4.544e-07 -8.180e-06 -8.589e-07 -4.441e-07 -3.949e-08 -3.064e-02 -1.106e-05 -9.247e-06 -1.339e-05  7.957e-06 
ERR MATRIX APPROXIMATE
 PARAMETER  CORRELATION COEFFICIENTS  
       NO.  GLOBAL      1      3      4      6     10     13     20     21     22     23     24
        1  0.99995   1.000  0.971  0.974  0.979  0.975  0.105  0.988  0.941  0.104  0.420 -0.150
        3  0.99998   0.971  1.000  0.916  0.990  0.949  0.106  0.930  0.853 -0.137  0.194  0.021
        4  0.99981   0.974  0.916  1.000  0.936  0.941  0.119  0.992  0.968  0.233  0.542 -0.356
        6  0.99984   0.979  0.990  0.936  1.000  0.934  0.132  0.942  0.859 -0.062  0.286 -0.060
       10  0.99815   0.975  0.949  0.941  0.934  1.000  0.059  0.970  0.950  0.097  0.370 -0.072
       13  0.29731   0.105  0.106  0.119  0.132  0.059  1.000  0.097  0.060  0.001  0.067 -0.090
       20  0.99967   0.988  0.930  0.992  0.942  0.970  0.097  1.000  0.978  0.228  0.524 -0.273
       21  0.99921   0.941  0.853  0.968  0.859  0.950  0.060  0.978  1.000  0.357  0.607 -0.356
       22  0.99834   0.104 -0.137  0.233 -0.062  0.097  0.001  0.228  0.357  1.000  0.918 -0.713
       23  0.99918   0.420  0.194  0.542  0.286  0.370  0.067  0.524  0.607  0.918  1.000 -0.779
       24  0.99573  -0.150  0.021 -0.356 -0.060 -0.072 -0.090 -0.273 -0.356 -0.713 -0.779  1.000
 ERR MATRIX APPROXIMATE
MINUIT - FIT ONLY 2-CBO
 **********
 **   25 **RES 
 **********
                   PARAMETER   16  beta_vw RESTORED TO VARIABLE.
                   PARAMETER   14  alpha_vw RESTORED TO VARIABLE.
                   PARAMETER   11  alpha_y RESTORED TO VARIABLE.
                   PARAMETER    9  alpha_2CBO RESTORED TO VARIABLE.
                   PARAMETER    8  beta_CBO RESTORED TO VARIABLE.
 **********
 **   26 **FIX            0
 **********
 PARAMETER    0  IS UNDEFINED. IGNORED.
 **********
 **   27 **FIX            1
 **********
 **********
 **   28 **FIX            2
 **********
 PARAMETER    2  IS CONSTANT.   IGNORED.
 **********
 **   29 **FIX            3
 **********
 **********
 **   30 **FIX            4
 **********
 **********
 **   31 **FIX            5
 **********
 PARAMETER    5  IS CONSTANT.   IGNORED.
 **********
 **   32 **FIX            6
 **********
 **********
 **   33 **FIX            7
 **********
 PARAMETER    7  IS CONSTANT.   IGNORED.
 **********
 **   34 **FIX           10
 **********
 **********
 **   35 **FIX           11
 **********
 **********
 **   36 **FIX           12
 **********
 PARAMETER   12  IS CONSTANT.   IGNORED.
 **********
 **   37 **FIX           13
 **********
 **********
 **   38 **FIX           14
 **********
 **********
 **   39 **FIX           15
 **********
 PARAMETER   15  IS CONSTANT.   IGNORED.
 **********
 **   40 **FIX           16
 **********
 **********
 **   41 **MIGRAD
 **********
 START MIGRAD MINIMIZATION.  STRATEGY  1.  CONVERGENCE WHEN EDM .LT. 1.00e-04
 FCN=1147.52 FROM MIGRAD    STATUS=INITIATE       18 CALLS        3254 TOTAL
                     EDM= unknown      STRATEGY= 1      NO ERROR MATRIX       
  EXT PARAMETER               CURRENT GUESS       STEP         FIRST   
  NO.   NAME      VALUE            ERROR          SIZE      DERIVATIVE 
   1  N0           3.70227e+06     fixed    
   2  tau          6.44358e+01   constant   
   3  A0           3.72165e-01     fixed    
   4  phi          4.31749e+00     fixed    
   5  R           -6.05970e+01   constant   
   6  alpha_CBO    4.65930e-03     fixed    
   7  w_CBO        2.32500e+00   constant   
   8  beta_CBO     0.00000e+00   1.00000e-03   1.00000e-03  -3.31630e+03
   9  alpha_2CBO   0.00000e+00   1.00000e-03   1.00000e-03   4.19832e+03
  10  beta_2CBO    1.44387e-02     fixed    
  11  alpha_y      0.00000e+00     fixed    
  12  w_y          1.44500e+01   constant   
  13  beta_y       3.36515e-03     fixed    
  14  alpha_vw     0.00000e+00     fixed    
  15  w_vw         1.29000e+01   constant   
  16  beta_vw      0.00000e+00     fixed    
  17  LM           1.14256e-03   constant   
  18  zeta_y       0.00000e+00   constant   
  19  zeta_vw      0.00000e+00   constant   
  20  T_CBO        4.15500e+02   3.97450e+01   2.95732e-02  -1.73740e+01
  21  alpha_A0     3.27148e-01   1.10038e-02   3.69694e-03  -5.89786e+02
  22  beta_A0      7.84034e-02   4.60004e-03   3.90282e-04  -2.98285e+02
  23  alpha_phi    7.77958e-02   6.09271e-03   1.40195e-03   1.11896e+03
  24  beta_phi    -2.72016e-01   2.82086e-03  -7.04203e-04   3.64261e+02
 MIGRAD MINIMIZATION HAS CONVERGED.
 MIGRAD WILL VERIFY CONVERGENCE AND ERROR MATRIX.
 COVARIANCE MATRIX CALCULATED SUCCESSFULLY
 FCN=1143.95 FROM HESSE     STATUS=OK             50 CALLS        3433 TOTAL
                     EDM=0.0161673    STRATEGY= 1      ERROR MATRIX ACCURATE 
  EXT PARAMETER                                   STEP         FIRST   
  NO.   NAME      VALUE            ERROR          SIZE      DERIVATIVE 
   1  N0           3.70227e+06     fixed    
   2  tau          6.44358e+01   constant   
   3  A0           3.72165e-01     fixed    
   4  phi          4.31749e+00     fixed    
   5  R           -6.05970e+01   constant   
   6  alpha_CBO    4.65930e-03     fixed    
   7  w_CBO        2.32500e+00   constant   
   8  beta_CBO     8.55136e-04   5.76503e-04   2.48118e-06   2.49373e+00
   9  alpha_2CBO  -9.41563e-04   5.23816e-04   2.43844e-06  -9.92510e+00
  10  beta_2CBO    1.44387e-02     fixed    
  11  alpha_y      0.00000e+00     fixed    
  12  w_y          1.44500e+01   constant   
  13  beta_y       3.36515e-03     fixed    
  14  alpha_vw     0.00000e+00     fixed    
  15  w_vw         1.29000e+01   constant   
  16  beta_vw      0.00000e+00     fixed    
  17  LM           1.14256e-03   constant   
  18  zeta_y       0.00000e+00   constant   
  19  zeta_vw      0.00000e+00   constant   
  20  T_CBO        3.78739e+02   2.93877e+02   2.29916e-04  -8.11320e-02
  21  alpha_A0     3.26105e-01   1.87152e-02   8.44127e-06   7.05492e+00
  22  beta_A0      8.14403e-02   4.58920e-03   7.02343e-06   2.46589e+00
  23  alpha_phi    7.56661e-02   4.62933e-03   7.10166e-06   3.61464e+00
  24  beta_phi    -2.69492e-01   1.56194e-02   7.93905e-06  -2.80451e+00
 CALL LIMIT EXCEEDED IN MIGRAD.
 MIGRAD TERMINATED WITHOUT CONVERGENCE.
 FCN=1143.77 FROM MIGRAD    STATUS=CALL LIMIT   1150 CALLS        4386 TOTAL
                     EDM=0.000607902    STRATEGY= 1  ERROR MATRIX UNCERTAINTY  13.9 per cent
  EXT PARAMETER                APPROXIMATE        STEP         FIRST   
  NO.   NAME      VALUE            ERROR          SIZE      DERIVATIVE 
   1  N0           3.70227e+06     fixed    
   2  tau          6.44358e+01   constant   
   3  A0           3.72165e-01     fixed    
   4  phi          4.31749e+00     fixed    
   5  R           -6.05970e+01   constant   
   6  alpha_CBO    4.65930e-03     fixed    
   7  w_CBO        2.32500e+00   constant   
   8  beta_CBO     7.45808e-04   5.32512e-04   1.00633e-05  -1.64103e+02
   9  alpha_2CBO  -1.00041e-03   4.94312e-04  -9.26196e-06   1.44898e+02
  10  beta_2CBO    1.44387e-02     fixed    
  11  alpha_y      0.00000e+00     fixed    
  12  w_y          1.44500e+01   constant   
  13  beta_y       3.36515e-03     fixed    
  14  alpha_vw     0.00000e+00     fixed    
  15  w_vw         1.29000e+01   constant   
  16  beta_vw      0.00000e+00     fixed    
  17  LM           1.14256e-03   constant   
  18  zeta_y       0.00000e+00   constant   
  19  zeta_vw      0.00000e+00   constant   
  20  T_CBO        9.40495e+02   8.98565e+02   2.79436e-02  -2.14517e-01
  21  alpha_A0     3.12983e-01   4.96818e-03  -9.56847e-05  -3.72314e+01
  22  beta_A0      7.84040e-02   1.58418e-03   1.71782e-05  -1.35857e+01
  23  alpha_phi    7.25482e-02   1.77441e-03  -4.63636e-05  -2.31618e+01
  24  beta_phi    -2.58613e-01   4.59505e-03   9.99616e-05   4.51126e+01
 EXTERNAL ERROR MATRIX.    NDIM=  25    NPAR=  7    ERR DEF=1
  2.836e-07 -1.608e-07  1.230e-02 -7.060e-07  4.232e-07 -4.649e-07  1.179e-06 
 -1.608e-07  2.443e-07 -3.319e-02  9.950e-07 -5.405e-07  6.562e-07 -1.116e-06 
  1.230e-02 -3.319e-02  1.961e+05 -2.103e+00 -3.817e-01 -5.631e-01  1.800e+00 
 -7.060e-07  9.950e-07 -2.103e+00  2.468e-05  2.424e-06  7.659e-06 -2.197e-05 
  4.232e-07 -5.405e-07 -3.817e-01  2.424e-06  2.510e-06 -3.727e-07 -1.242e-06 
 -4.649e-07  6.562e-07 -5.631e-01  7.659e-06 -3.727e-07  3.149e-06 -7.259e-06 
  1.179e-06 -1.116e-06  1.800e+00 -2.197e-05 -1.242e-06 -7.259e-06  2.111e-05 
ERR MATRIX APPROXIMATE
 PARAMETER  CORRELATION COEFFICIENTS  
       NO.  GLOBAL      8      9     20     21     22     23     24
        8  0.95494   1.000 -0.611  0.052 -0.267  0.502 -0.492  0.482
        9  0.96262  -0.611  1.000 -0.152  0.405 -0.690  0.748 -0.491
       20  0.99607   0.052 -0.152  1.000 -0.956 -0.544 -0.717  0.885
       21  0.99468  -0.267  0.405 -0.956  1.000  0.308  0.869 -0.962
       22  0.95986   0.502 -0.690 -0.544  0.308  1.000 -0.133 -0.171
       23  0.97190  -0.492  0.748 -0.717  0.869 -0.133  1.000 -0.890
       24  0.99434   0.482 -0.491  0.885 -0.962 -0.171 -0.890  1.000
 ERR MATRIX APPROXIMATE
MINUIT - FIT wiggle + 1-CBO + 2-CBO
 **********
 **   42 **RES 
 **********
                   PARAMETER   16  beta_vw RESTORED TO VARIABLE.
                   PARAMETER   14  alpha_vw RESTORED TO VARIABLE.
                   PARAMETER   13  beta_y RESTORED TO VARIABLE.
                   PARAMETER   11  alpha_y RESTORED TO VARIABLE.
                   PARAMETER   10  beta_2CBO RESTORED TO VARIABLE.
                   PARAMETER    6  alpha_CBO RESTORED TO VARIABLE.
                   PARAMETER    4  phi RESTORED TO VARIABLE.
                   PARAMETER    3  A0 RESTORED TO VARIABLE.
                   PARAMETER    1  N0 RESTORED TO VARIABLE.
 **********
 **   43 **FIX           10
 **********
 **********
 **   44 **FIX           11
 **********
 **********
 **   45 **FIX           12
 **********
 PARAMETER   12  IS CONSTANT.   IGNORED.
 **********
 **   46 **FIX           13
 **********
 **********
 **   47 **FIX           14
 **********
 **********
 **   48 **FIX           15
 **********
 PARAMETER   15  IS CONSTANT.   IGNORED.
 **********
 **   49 **FIX           16
 **********
 **********
 **   50 **MIGRAD
 **********
 START MIGRAD MINIMIZATION.  STRATEGY  1.  CONVERGENCE WHEN EDM .LT. 1.00e-04
 FCN=1143.77 FROM MIGRAD    STATUS=INITIATE       22 CALLS        4408 TOTAL
                     EDM= unknown      STRATEGY= 1      NO ERROR MATRIX       
  EXT PARAMETER               CURRENT GUESS       STEP         FIRST   
  NO.   NAME      VALUE            ERROR          SIZE      DERIVATIVE 
   1  N0           3.70227e+06   2.17616e+04   2.17616e+04  -7.13201e-05
   2  tau          6.44358e+01   constant   
   3  A0           3.72165e-01   7.83839e-03   7.83839e-03   1.64500e+03
   4  phi          4.31749e+00   8.13788e-03   8.13788e-03   4.21913e+02
   5  R           -6.05970e+01   constant   
   6  alpha_CBO    4.65930e-03   5.11653e-03   5.11653e-03  -7.27174e+02
   7  w_CBO        2.32500e+00   constant   
   8  beta_CBO     7.45808e-04   5.32512e-04   1.00633e-05  -1.64103e+02
   9  alpha_2CBO  -1.00041e-03   4.94312e-04  -9.26196e-06   1.44898e+02
  10  beta_2CBO    1.44387e-02     fixed    
  11  alpha_y      0.00000e+00     fixed    
  12  w_y          1.44500e+01   constant   
  13  beta_y       3.36515e-03     fixed    
  14  alpha_vw     0.00000e+00     fixed    
  15  w_vw         1.29000e+01   constant   
  16  beta_vw      0.00000e+00     fixed    
  17  LM           1.14256e-03   constant   
  18  zeta_y       0.00000e+00   constant   
  19  zeta_vw      0.00000e+00   constant   
  20  T_CBO        9.40495e+02   8.98565e+02   2.79436e-02  -2.14596e-01
  21  alpha_A0     3.12983e-01   4.96818e-03  -9.56847e-05  -3.72314e+01
  22  beta_A0      7.84040e-02   1.58418e-03   1.71782e-05  -1.35857e+01
  23  alpha_phi    7.25482e-02   1.77441e-03  -4.63636e-05  -2.31618e+01
  24  beta_phi    -2.58613e-01   4.59505e-03   9.99616e-05   4.51126e+01
 CALL LIMIT EXCEEDED IN MIGRAD.
 MIGRAD TERMINATED WITHOUT CONVERGENCE.
 FCN=1097.69 FROM MIGRAD    STATUS=CALL LIMIT   1905 CALLS        6291 TOTAL
                     EDM=1.75169    STRATEGY= 1  ERROR MATRIX UNCERTAINTY   9.7 per cent
  EXT PARAMETER                APPROXIMATE        STEP         FIRST   
  NO.   NAME      VALUE            ERROR          SIZE      DERIVATIVE 
   1  N0           3.76923e+06   3.20820e+03   2.31940e+03   2.89886e-03
   2  tau          6.44358e+01   constant   
   3  A0           3.27815e-01   2.19963e-03  -1.92670e-03  -1.99793e+04
   4  phi          4.28009e+00   4.08876e-03  -3.24378e-03   3.86519e+03
   5  R           -6.05970e+01   constant   
   6  alpha_CBO   -3.18524e-02   2.86588e-03  -1.68262e-03   3.84308e+03
   7  w_CBO        2.32500e+00   constant   
   8  beta_CBO    -3.50638e-02   3.35621e-03  -1.75778e-03  -9.49661e+03
   9  alpha_2CBO  -2.02603e-02   1.11866e-03  -7.38619e-04  -6.53096e+03
  10  beta_2CBO    1.44387e-02     fixed    
  11  alpha_y      0.00000e+00     fixed    
  12  w_y          1.44500e+01   constant   
  13  beta_y       3.36515e-03     fixed    
  14  alpha_vw     0.00000e+00     fixed    
  15  w_vw         1.29000e+01   constant   
  16  beta_vw      0.00000e+00     fixed    
  17  LM           1.14256e-03   constant   
  18  zeta_y       0.00000e+00   constant   
  19  zeta_vw      0.00000e+00   constant   
  20  T_CBO        4.30964e+02   2.88792e+01  -1.29965e-02   1.52145e+02
  21  alpha_A0     4.05097e-01   8.68212e-03   2.60482e-03   8.05507e+02
  22  beta_A0      3.12098e-01   1.32666e-02   1.07281e-02  -3.64179e+03
  23  alpha_phi    1.59083e-01   3.19125e-03   2.29005e-03  -1.22408e+03
  24  beta_phi    -3.19491e-01   8.98433e-03  -1.64347e-03   3.59622e+03
 EXTERNAL ERROR MATRIX.    NDIM=  25    NPAR= 11    ERR DEF=1
  1.029e+07 
 -6.509e+00  4.838e-06 
 -8.595e+00  7.866e-06  1.672e-05 
 -8.925e+00  5.536e-06  7.283e-06  8.213e-06 
 -1.019e+01  6.237e-06  8.000e-06  9.503e-06  1.126e-05 
 -3.296e+00  2.000e-06  2.491e-06  2.969e-06  3.309e-06  1.251e-06 
  4.218e+04 -1.093e-02  1.182e-02 -5.019e-02 -6.301e-02 -1.752e-02  8.350e+02 
  2.412e+01 -1.252e-05 -1.036e-05 -2.288e-05 -2.745e-05 -7.884e-06  1.963e-01  7.538e-05 
  4.166e+01 -2.812e-05 -4.100e-05 -3.642e-05 -4.107e-05 -1.384e-05  1.460e-01  9.081e-05  1.760e-04 
  8.015e+00 -6.030e-06 -8.863e-06 -6.227e-06 -7.282e-06 -1.917e-06 -2.302e-03  1.552e-05  3.236e-05  1.018e-05 
 -2.276e+01  1.112e-05  7.314e-06  2.233e-05  2.741e-05  7.556e-06 -2.198e-01 -7.686e-05 -8.437e-05 -1.357e-05  8.072e-05 
ERR MATRIX APPROXIMATE
 PARAMETER  CORRELATION COEFFICIENTS  
       NO.  GLOBAL      1      3      4      6      8      9     20     21     22     23     24
        1  0.99851   1.000 -0.922 -0.655 -0.971 -0.946 -0.918  0.455  0.866  0.979  0.783 -0.790
        3  0.99981  -0.922  1.000  0.875  0.878  0.845  0.813 -0.172 -0.656 -0.963 -0.859  0.563
        4  0.99937  -0.655  0.875  1.000  0.622  0.583  0.545  0.100 -0.292 -0.756 -0.679  0.199
        6  0.99955  -0.971  0.878  0.622  1.000  0.988  0.926 -0.606 -0.919 -0.958 -0.681  0.867
        8  0.99985  -0.946  0.845  0.583  0.988  1.000  0.881 -0.650 -0.942 -0.922 -0.680  0.909
        9  0.99376  -0.918  0.813  0.545  0.926  0.881  1.000 -0.542 -0.812 -0.932 -0.537  0.752
       20  0.99062   0.455 -0.172  0.100 -0.606 -0.650 -0.542  1.000  0.783  0.381 -0.025 -0.847
       21  0.99930   0.866 -0.656 -0.292 -0.919 -0.942 -0.812  0.783  1.000  0.788  0.560 -0.985
       22  0.99987   0.979 -0.963 -0.756 -0.958 -0.922 -0.932  0.381  0.788  1.000  0.764 -0.708
       23  0.99513   0.783 -0.859 -0.679 -0.681 -0.680 -0.537 -0.025  0.560  0.764  1.000 -0.473
       24  0.99972  -0.790  0.563  0.199  0.867  0.909  0.752 -0.847 -0.985 -0.708 -0.473  1.000
 ERR MATRIX APPROXIMATE
MINUIT - FIT ONLY 1-y
 **********
 **   51 **RES 
 **********
                   PARAMETER   16  beta_vw RESTORED TO VARIABLE.
                   PARAMETER   14  alpha_vw RESTORED TO VARIABLE.
                   PARAMETER   13  beta_y RESTORED TO VARIABLE.
                   PARAMETER   11  alpha_y RESTORED TO VARIABLE.
                   PARAMETER   10  beta_2CBO RESTORED TO VARIABLE.
 **********
 **   52 **FIX            0
 **********
 PARAMETER    0  IS UNDEFINED. IGNORED.
 **********
 **   53 **FIX            1
 **********
 **********
 **   54 **FIX            2
 **********
 PARAMETER    2  IS CONSTANT.   IGNORED.
 **********
 **   55 **FIX            3
 **********
 **********
 **   56 **FIX            4
 **********
 **********
 **   57 **FIX            5
 **********
 PARAMETER    5  IS CONSTANT.   IGNORED.
 **********
 **   58 **FIX            6
 **********
 **********
 **   59 **FIX            7
 **********
 PARAMETER    7  IS CONSTANT.   IGNORED.
 **********
 **   60 **FIX            8
 **********
 **********
 **   61 **FIX            9
 **********
 **********
 **   62 **FIX           13
 **********
 **********
 **   63 **FIX           14
 **********
 **********
 **   64 **FIX           15
 **********
 PARAMETER   15  IS CONSTANT.   IGNORED.
 **********
 **   65 **FIX           16
 **********
 **********
 **   66 **MIGRAD
 **********
 START MIGRAD MINIMIZATION.  STRATEGY  1.  CONVERGENCE WHEN EDM .LT. 1.00e-04
 FCN=1097.69 FROM MIGRAD    STATUS=INITIATE       16 CALLS        6307 TOTAL
                     EDM= unknown      STRATEGY= 1      NO ERROR MATRIX       
  EXT PARAMETER               CURRENT GUESS       STEP         FIRST   
  NO.   NAME      VALUE            ERROR          SIZE      DERIVATIVE 
   1  N0           3.76923e+06     fixed    
   2  tau          6.44358e+01   constant   
   3  A0           3.27815e-01     fixed    
   4  phi          4.28009e+00     fixed    
   5  R           -6.05970e+01   constant   
   6  alpha_CBO   -3.18524e-02     fixed    
   7  w_CBO        2.32500e+00   constant   
   8  beta_CBO    -3.50638e-02     fixed    
   9  alpha_2CBO  -2.02603e-02     fixed    
  10  beta_2CBO    1.44387e-02   2.19632e-03   2.19632e-03  -3.86144e+03
  11  alpha_y      0.00000e+00   1.00000e-03   1.00000e-03   4.00405e+05
  12  w_y          1.44500e+01   constant   
  13  beta_y       3.36515e-03     fixed    
  14  alpha_vw     0.00000e+00     fixed    
  15  w_vw         1.29000e+01   constant   
  16  beta_vw      0.00000e+00     fixed    
  17  LM           1.14256e-03   constant   
  18  zeta_y       0.00000e+00   constant   
  19  zeta_vw      0.00000e+00   constant   
  20  T_CBO        4.30964e+02   2.88792e+01  -1.29965e-02  -1.52145e+02
  21  alpha_A0     4.05097e-01   8.68212e-03   2.60482e-03   8.05507e+02
  22  beta_A0      3.12098e-01   1.32666e-02   1.07281e-02  -3.64179e+03
  23  alpha_phi    1.59083e-01   3.19125e-03   2.29005e-03  -1.22408e+03
  24  beta_phi    -3.19491e-01   8.98433e-03  -1.64347e-03   3.59622e+03
 MIGRAD MINIMIZATION HAS CONVERGED.
 FCN=114.041 FROM MIGRAD    STATUS=CONVERGED     125 CALLS        6416 TOTAL
                     EDM=2.14495e-06    STRATEGY= 1  ERROR MATRIX UNCERTAINTY   2.4 per cent
  EXT PARAMETER                                   STEP         FIRST   
  NO.   NAME      VALUE            ERROR          SIZE      DERIVATIVE 
   1  N0           3.76923e+06     fixed    
   2  tau          6.44358e+01   constant   
   3  A0           3.27815e-01     fixed    
   4  phi          4.28009e+00     fixed    
   5  R           -6.05970e+01   constant   
   6  alpha_CBO   -3.18524e-02     fixed    
   7  w_CBO        2.32500e+00   constant   
   8  beta_CBO    -3.50638e-02     fixed    
   9  alpha_2CBO  -2.02603e-02     fixed    
  10  beta_2CBO    1.34007e-02   2.23785e-04  -2.88810e-06  -9.73821e-01
  11  alpha_y     -4.90443e-03   1.56618e-04  -1.02264e-06   2.57057e+00
  12  w_y          1.44500e+01   constant   
  13  beta_y       3.36515e-03     fixed    
  14  alpha_vw     0.00000e+00     fixed    
  15  w_vw         1.29000e+01   constant   
  16  beta_vw      0.00000e+00     fixed    
  17  LM           1.14256e-03   constant   
  18  zeta_y       0.00000e+00   constant   
  19  zeta_vw      0.00000e+00   constant   
  20  T_CBO        4.17539e+02   5.47644e+00  -9.90736e-05  -2.81528e-01
  21  alpha_A0     4.00070e-01   9.03224e-04  -5.41741e-06  -5.08153e-01
  22  beta_A0      3.13680e-01   7.14578e-04  -5.87216e-06  -1.40054e+00
  23  alpha_phi    1.57165e-01   5.75698e-04  -2.03816e-06   1.55127e+00
  24  beta_phi    -3.20704e-01   5.71437e-04  -1.20440e-06   1.75571e+00
 EXTERNAL ERROR MATRIX.    NDIM=  25    NPAR=  7    ERR DEF=1
  5.008e-08  5.276e-09  2.864e-04  1.339e-07  1.032e-10  3.710e-08  5.663e-08 
  5.276e-09  2.453e-08  6.433e-05  2.408e-08 -5.678e-09  9.827e-09  5.502e-09 
  2.864e-04  6.433e-05  2.999e+01  1.216e-03 -1.370e-03  9.234e-04  6.770e-04 
  1.339e-07  2.408e-08  1.216e-03  8.158e-07 -1.123e-07  2.820e-07  1.502e-07 
  1.032e-10 -5.678e-09 -1.370e-03 -1.123e-07  5.106e-07 -1.068e-07  1.742e-07 
  3.710e-08  9.827e-09  9.234e-04  2.820e-07 -1.068e-07  3.314e-07  3.284e-08 
  5.663e-08  5.502e-09  6.770e-04  1.502e-07  1.742e-07  3.284e-08  3.265e-07 
 PARAMETER  CORRELATION COEFFICIENTS  
       NO.  GLOBAL     10     11     20     21     22     23     24
       10  0.71782   1.000  0.151  0.234  0.663  0.001  0.288  0.443
       11  0.18204   0.151  1.000  0.075  0.170 -0.051  0.109  0.061
       20  0.55035   0.234  0.075  1.000  0.246 -0.350  0.293  0.216
       21  0.76579   0.663  0.170  0.246  1.000 -0.174  0.542  0.291
       22  0.66752   0.001 -0.051 -0.350 -0.174  1.000 -0.260  0.427
       23  0.58673   0.288  0.109  0.293  0.542 -0.260  1.000  0.100
       24  0.68476   0.443  0.061  0.216  0.291  0.427  0.100  1.000
MINUIT - FIT ONLY 2-y
 **********
 **   67 **RES 
 **********
                   PARAMETER   16  beta_vw RESTORED TO VARIABLE.
                   PARAMETER   14  alpha_vw RESTORED TO VARIABLE.
                   PARAMETER   13  beta_y RESTORED TO VARIABLE.
                   PARAMETER    9  alpha_2CBO RESTORED TO VARIABLE.
                   PARAMETER    8  beta_CBO RESTORED TO VARIABLE.
                   PARAMETER    6  alpha_CBO RESTORED TO VARIABLE.
                   PARAMETER    4  phi RESTORED TO VARIABLE.
                   PARAMETER    3  A0 RESTORED TO VARIABLE.
                   PARAMETER    1  N0 RESTORED TO VARIABLE.
 **********
 **   68 **FIX            0
 **********
 PARAMETER    0  IS UNDEFINED. IGNORED.
 **********
 **   69 **FIX            1
 **********
 **********
 **   70 **FIX            2
 **********
 PARAMETER    2  IS CONSTANT.   IGNORED.
 **********
 **   71 **FIX            3
 **********
 **********
 **   72 **FIX            4
 **********
 **********
 **   73 **FIX            5
 **********
 PARAMETER    5  IS CONSTANT.   IGNORED.
 **********
 **   74 **FIX            6
 **********
 **********
 **   75 **FIX            7
 **********
 PARAMETER    7  IS CONSTANT.   IGNORED.
 **********
 **   76 **FIX            8
 **********
 **********
 **   77 **FIX            9
 **********
 **********
 **   78 **FIX           10
 **********
 **********
 **   79 **FIX           11
 **********
 **********
 **   80 **FIX           12
 **********
 PARAMETER   12  IS CONSTANT.   IGNORED.
 **********
 **   81 **FIX           16
 **********
 **********
 **   82 **MIGRAD
 **********
 START MIGRAD MINIMIZATION.  STRATEGY  1.  CONVERGENCE WHEN EDM .LT. 1.00e-04
 FCN=114.041 FROM MIGRAD    STATUS=INITIATE       16 CALLS        6432 TOTAL
                     EDM= unknown      STRATEGY= 1      NO ERROR MATRIX       
  EXT PARAMETER               CURRENT GUESS       STEP         FIRST   
  NO.   NAME      VALUE            ERROR          SIZE      DERIVATIVE 
   1  N0           3.76923e+06     fixed    
   2  tau          6.44358e+01   constant   
   3  A0           3.27815e-01     fixed    
   4  phi          4.28009e+00     fixed    
   5  R           -6.05970e+01   constant   
   6  alpha_CBO   -3.18524e-02     fixed    
   7  w_CBO        2.32500e+00   constant   
   8  beta_CBO    -3.50638e-02     fixed    
   9  alpha_2CBO  -2.02603e-02     fixed    
  10  beta_2CBO    1.34007e-02     fixed    
  11  alpha_y     -4.90443e-03     fixed    
  12  w_y          1.44500e+01   constant   
  13  beta_y       3.36515e-03   1.55358e-04   1.55358e-04   1.72513e+04
  14  alpha_vw     0.00000e+00   1.00000e-03   1.00000e-03  -3.03340e+04
  15  w_vw         1.29000e+01   constant   
  16  beta_vw      0.00000e+00     fixed    
  17  LM           1.14256e-03   constant   
  18  zeta_y       0.00000e+00   constant   
  19  zeta_vw      0.00000e+00   constant   
  20  T_CBO        4.17539e+02   5.47644e+00  -9.90736e-05  -2.81529e-01
  21  alpha_A0     4.00070e-01   9.03224e-04  -5.41741e-06  -5.08149e-01
  22  beta_A0      3.13680e-01   7.14578e-04  -5.87216e-06  -1.40054e+00
  23  alpha_phi    1.57165e-01   5.75698e-04  -2.03816e-06   1.55128e+00
  24  beta_phi    -3.20704e-01   5.71437e-04  -1.20440e-06   1.75571e+00
 CALL LIMIT EXCEEDED IN MIGRAD.
 MIGRAD TERMINATED WITHOUT CONVERGENCE.
 FCN=108.21 FROM MIGRAD    STATUS=CALL LIMIT   1160 CALLS        7576 TOTAL
                     EDM=0.000518002    STRATEGY= 1  ERROR MATRIX UNCERTAINTY  21.9 per cent
  EXT PARAMETER                APPROXIMATE        STEP         FIRST   
  NO.   NAME      VALUE            ERROR          SIZE      DERIVATIVE 
   1  N0           3.76923e+06     fixed    
   2  tau          6.44358e+01   constant   
   3  A0           3.27815e-01     fixed    
   4  phi          4.28009e+00     fixed    
   5  R           -6.05970e+01   constant   
   6  alpha_CBO   -3.18524e-02     fixed    
   7  w_CBO        2.32500e+00   constant   
   8  beta_CBO    -3.50638e-02     fixed    
   9  alpha_2CBO  -2.02603e-02     fixed    
  10  beta_2CBO    1.34007e-02     fixed    
  11  alpha_y     -4.90443e-03     fixed    
  12  w_y          1.44500e+01   constant   
  13  beta_y       3.23728e-03   1.54479e-04  -1.07558e-07  -2.22256e+01
  14  alpha_vw     3.01412e-04   1.50104e-04  -8.27861e-08  -1.41832e+01
  15  w_vw         1.29000e+01   constant   
  16  beta_vw      0.00000e+00     fixed    
  17  LM           1.14256e-03   constant   
