 + ++++++++++++++++++++++++++++++++++++++++++++++++++++++++++++++++++++ +
 +                                                                      +
 +           You have chose to blind your fitting according to          +
 +                omega_ref * (1 + (R +/- deltaR) *10^{-6})             +
 +                                                                      +
 + ++++++++++++++++++++++++++++++++++++++++++++++++++++++++++++++++++++ +
In main()...
reading format from /gm2data/zkhechad/run45/envelope/formats/formatB_sBin_constraintOn.txt
pBinTau 	= 0  
pBinPhi 	= 0  
constraintau 	= 1 
includeMopTerm 	= 0    
constrainMop    = 0   
Parameters after format file: pBinTau 0 pBinPhi 0 constraintau 1 includeMopTerm 0 constrainMop 0 c_e_scale 0.000000 
Opening file /gm2data/tbarrett/gm2fr/studies/run23_bunch_corrections/CorrectedFourier_Run3b.root.
reading full fit data from /gm2data/zkhechad/cboTemplates/Run4CBOTemplates/fullFits/noRF/sBin_constraintOn_cE0.0_seed0_noRF_calo17.root
windowBins = 69
fitting sliding window 1680 from bin 1816 at 270.798000 to bin 1885 at 281.242000 (69 bins)

Reading data from /gm2data/cornell/histograms/aMethod/histogram_a_noRF.root
 **********
 **    1 **SET PRINTOUT            1
 **********
 **********
 **    2 **SET NOWARNINGS 
 **********
 PARAMETER DEFINITIONS:
    NO.   NAME         VALUE      STEP SIZE      LIMITS
     1 N0           3.18624e+06  1.00000e+02     no limits
     2 tau          6.44064e+01  constant
     3 A0           3.45293e-01  1.00000e-04     no limits
     4 phi          4.12011e+00  1.00000e-02     no limits
     5 R           -6.06001e+01  constant
     6 alpha_CBO    0.00000e+00  1.00000e-03     no limits
     7 w_CBO        2.32500e+00  constant
     8 beta_CBO     0.00000e+00  1.00000e-03     no limits
     9 alpha_2CBO   0.00000e+00  1.00000e-03     no limits
    10 beta_2CBO    0.00000e+00  1.00000e-03     no limits
    11 alpha_y      0.00000e+00  1.00000e-03     no limits
    12 w_y          1.38860e+01  constant
    13 beta_y       0.00000e+00  1.00000e-03     no limits
    14 alpha_vw     0.00000e+00  1.00000e-03     no limits
    15 w_vw         1.43404e+01  constant
    16 beta_vw      0.00000e+00  1.00000e-03     no limits
    17 LM           6.43054e-05  constant
    18 zeta_y       0.00000e+00  constant
    19 zeta_vw      0.00000e+00  constant
    20 T_CBO        1.00000e+02  1.00000e+00    0.00000e+00  1.00000e+03
    21 alpha_A0     0.00000e+00  1.00000e-03     no limits
    22 beta_A0      0.00000e+00  1.00000e-03     no limits
    23 alpha_phi    0.00000e+00  1.00000e-03     no limits
    24 beta_phi     0.00000e+00  1.00000e-03     no limits
MINUIT - FIT ONLY WIGGLE
 **********
 **    3 **FIX            5
 **********
 PARAMETER    5  IS CONSTANT.   IGNORED.
 **********
 **    4 **FIX            6
 **********
 **********
 **    5 **FIX            7
 **********
 PARAMETER    7  IS CONSTANT.   IGNORED.
 **********
 **    6 **FIX            8
 **********
 **********
 **    7 **FIX            9
 **********
 **********
 **    8 **FIX           10
 **********
 **********
 **    9 **FIX           11
 **********
 **********
 **   10 **FIX           12
 **********
 PARAMETER   12  IS CONSTANT.   IGNORED.
 **********
 **   11 **FIX           13
 **********
 **********
 **   12 **FIX           14
 **********
 **********
 **   13 **FIX           15
 **********
 PARAMETER   15  IS CONSTANT.   IGNORED.
 **********
 **   14 **FIX           16
 **********
 **********
 **   15 **MIGRAD
 **********
 FIRST CALL TO USER FUNCTION AT NEW START POINT, WITH IFLAG=4.
 START MIGRAD MINIMIZATION.  STRATEGY  1.  CONVERGENCE WHEN EDM .LT. 1.00e-04
 FCN=97.2564 FROM MIGRAD    STATUS=INITIATE      437 CALLS         438 TOTAL
                     EDM= unknown      STRATEGY= 1      NO ERROR MATRIX       
  EXT PARAMETER               CURRENT GUESS       STEP         FIRST   
  NO.   NAME      VALUE            ERROR          SIZE      DERIVATIVE 
   1  N0           3.18624e+06   1.00000e+02   0.00000e+00  -6.51636e-04
   2  tau          6.44064e+01   constant   
   3  A0           3.45293e-01   1.00000e-04   0.00000e+00  -4.46358e+03
   4  phi          4.12011e+00   1.00000e-02   0.00000e+00  -2.90810e+03
   5  R           -6.06001e+01   constant   
   6  alpha_CBO    0.00000e+00     fixed    
   7  w_CBO        2.32500e+00   constant   
   8  beta_CBO     0.00000e+00     fixed    
   9  alpha_2CBO   0.00000e+00     fixed    
  10  beta_2CBO    0.00000e+00     fixed    
  11  alpha_y      0.00000e+00     fixed    
  12  w_y          1.38860e+01   constant   
  13  beta_y       0.00000e+00     fixed    
  14  alpha_vw     0.00000e+00     fixed    
  15  w_vw         1.43404e+01   constant   
  16  beta_vw      0.00000e+00     fixed    
  17  LM           6.43054e-05   constant   
  18  zeta_y       0.00000e+00   constant   
  19  zeta_vw      0.00000e+00   constant   
  20  T_CBO        1.00000e+02   1.00000e+00   0.00000e+00   0.00000e+00
  21  alpha_A0     0.00000e+00   1.00000e-03   0.00000e+00   4.68410e+01
  22  beta_A0      0.00000e+00   1.00000e-03   0.00000e+00  -2.96315e+01
  23  alpha_phi    0.00000e+00   1.00000e-03   0.00000e+00   1.61910e+01
  24  beta_phi     0.00000e+00   1.00000e-03   0.00000e+00   2.03112e+01
 MIGRAD MINIMIZATION HAS CONVERGED.
 FCN=91.0442 FROM MIGRAD    STATUS=CONVERGED    1238 CALLS        1239 TOTAL
                     EDM=8.06132e-06    STRATEGY= 1  ERROR MATRIX UNCERTAINTY   0.5 per cent
  EXT PARAMETER                                   STEP         FIRST   
  NO.   NAME      VALUE            ERROR          SIZE      DERIVATIVE 
   1  N0           3.18699e+06   1.14450e+03   7.28673e-01   8.61614e-07
   2  tau          6.44064e+01   constant   
   3  A0           3.45731e-01   4.40918e-04  -3.61734e-08   2.56919e+00
   4  phi          4.12305e+00   1.39876e-03  -3.56880e-07   8.81981e-01
   5  R           -6.06001e+01   constant   
   6  alpha_CBO    0.00000e+00     fixed    
   7  w_CBO        2.32500e+00   constant   
   8  beta_CBO     0.00000e+00     fixed    
   9  alpha_2CBO   0.00000e+00     fixed    
  10  beta_2CBO    0.00000e+00     fixed    
  11  alpha_y      0.00000e+00     fixed    
  12  w_y          1.38860e+01   constant   
  13  beta_y       0.00000e+00     fixed    
  14  alpha_vw     0.00000e+00     fixed    
  15  w_vw         1.43404e+01   constant   
  16  beta_vw      0.00000e+00     fixed    
  17  LM           6.43054e-05   constant   
  18  zeta_y       0.00000e+00   constant   
  19  zeta_vw      0.00000e+00   constant   
  20  T_CBO        9.99816e+02   5.51985e+02   1.07647e-01  -1.42018e-04
  21  alpha_A0    -8.48354e-04   2.92618e-03   3.13698e-06  -2.61249e-01
  22  beta_A0      1.43378e-03   2.68862e-03   2.71069e-07  -4.69049e-01
  23  alpha_phi   -7.92651e-04   2.50284e-03   2.61381e-06   1.32154e+00
  24  beta_phi    -8.80622e-04   2.39913e-03   1.13740e-05   1.23030e+00
 EXTERNAL ERROR MATRIX.    NDIM=  25    NPAR=  8    ERR DEF=1
  1.310e+06  8.669e-02  1.351e-01  1.111e+04  3.631e-01 -5.051e-01 -5.587e-01 -1.792e-01 
  8.669e-02  1.944e-07  9.050e-09  5.499e-04 -1.597e-08 -7.336e-08  4.386e-08  8.759e-09 
  1.351e-01  9.050e-09  1.957e-06 -2.717e-03  7.242e-07  3.393e-07 -1.379e-07 -1.471e-07 
  1.111e+04  5.499e-04 -2.717e-03  6.999e+04  7.963e-02 -9.744e-02  5.665e-02  8.242e-02 
  3.631e-01 -1.597e-08  7.242e-07  7.963e-02  8.563e-06  7.292e-07 -9.364e-07 -1.041e-06 
 -5.051e-01 -7.336e-08  3.393e-07 -9.744e-02  7.292e-07  7.229e-06 -6.521e-07 -2.943e-07 
 -5.587e-01  4.386e-08 -1.379e-07  5.665e-02 -9.364e-07 -6.521e-07  6.264e-06  2.071e-07 
 -1.792e-01  8.759e-09 -1.471e-07  8.242e-02 -1.041e-06 -2.943e-07  2.071e-07  5.756e-06 
 PARAMETER  CORRELATION COEFFICIENTS  
       NO.  GLOBAL      1      3      4     20     21     22     23     24
        1  0.34560   1.000  0.172  0.084  0.037  0.108 -0.164 -0.195 -0.065
        3  0.19105   0.172  1.000  0.015  0.005 -0.012 -0.062  0.040  0.008
        4  0.20880   0.084  0.015  1.000 -0.007  0.177  0.090 -0.039 -0.044
       20  0.24631   0.037  0.005 -0.007  1.000  0.103 -0.137  0.086  0.130
       21  0.30676   0.108 -0.012  0.177  0.103  1.000  0.093 -0.128 -0.148
       22  0.28032  -0.164 -0.062  0.090 -0.137  0.093  1.000 -0.097 -0.046
       23  0.27609  -0.195  0.040 -0.039  0.086 -0.128 -0.097  1.000  0.034
       24  0.21672  -0.065  0.008 -0.044  0.130 -0.148 -0.046  0.034  1.000
MINUIT - FIT ONLY 1-CBO + wiggle
 **********
 **   16 **RES 
 **********
                   PARAMETER   16  beta_vw RESTORED TO VARIABLE.
                   PARAMETER   14  alpha_vw RESTORED TO VARIABLE.
                   PARAMETER   13  beta_y RESTORED TO VARIABLE.
                   PARAMETER   11  alpha_y RESTORED TO VARIABLE.
                   PARAMETER   10  beta_2CBO RESTORED TO VARIABLE.
                   PARAMETER    9  alpha_2CBO RESTORED TO VARIABLE.
                   PARAMETER    8  beta_CBO RESTORED TO VARIABLE.
                   PARAMETER    6  alpha_CBO RESTORED TO VARIABLE.
 **********
 **   17 **FIX            8
 **********
 **********
 **   18 **FIX            9
 **********
 **********
 **   19 **FIX           11
 **********
 **********
 **   20 **FIX           12
 **********
 PARAMETER   12  IS CONSTANT.   IGNORED.
 **********
 **   21 **FIX           14
 **********
 **********
 **   22 **FIX           15
 **********
 PARAMETER   15  IS CONSTANT.   IGNORED.
 **********
 **   23 **FIX           16
 **********
 **********
 **   24 **MIGRAD
 **********
 START MIGRAD MINIMIZATION.  STRATEGY  1.  CONVERGENCE WHEN EDM .LT. 1.00e-04
 FCN=91.0442 FROM MIGRAD    STATUS=INITIATE       28 CALLS        1267 TOTAL
                     EDM= unknown      STRATEGY= 1      NO ERROR MATRIX       
  EXT PARAMETER               CURRENT GUESS       STEP         FIRST   
  NO.   NAME      VALUE            ERROR          SIZE      DERIVATIVE 
   1  N0           3.18699e+06   1.14450e+03   7.28673e-01   8.61614e-07
   2  tau          6.44064e+01   constant   
   3  A0           3.45731e-01   4.40918e-04  -3.61734e-08   2.56919e+00
   4  phi          4.12305e+00   1.39876e-03  -3.56880e-07   8.81981e-01
   5  R           -6.06001e+01   constant   
   6  alpha_CBO    0.00000e+00   1.00000e-03   1.00000e-03  -7.69820e+03
   7  w_CBO        2.32500e+00   constant   
   8  beta_CBO     0.00000e+00     fixed    
   9  alpha_2CBO   0.00000e+00     fixed    
  10  beta_2CBO    0.00000e+00   1.00000e-03   1.00000e-03  -1.44281e+03
  11  alpha_y      0.00000e+00     fixed    
  12  w_y          1.38860e+01   constant   
  13  beta_y       0.00000e+00   1.00000e-03   1.00000e-03  -2.40129e+03
  14  alpha_vw     0.00000e+00     fixed    
  15  w_vw         1.43404e+01   constant   
  16  beta_vw      0.00000e+00     fixed    
  17  LM           6.43054e-05   constant   
  18  zeta_y       0.00000e+00   constant   
  19  zeta_vw      0.00000e+00   constant   
  20  T_CBO        9.99816e+02   5.51985e+02   1.07647e-01  -1.42045e-04
  21  alpha_A0    -8.48354e-04   2.92618e-03   3.13698e-06  -2.61247e-01
  22  beta_A0      1.43378e-03   2.68862e-03   2.71069e-07  -4.69045e-01
  23  alpha_phi   -7.92651e-04   2.50284e-03   2.61381e-06   1.32154e+00
  24  beta_phi    -8.80622e-04   2.39913e-03   1.13740e-05   1.23030e+00
 MIGRAD MINIMIZATION HAS CONVERGED.
 MIGRAD WILL VERIFY CONVERGENCE AND ERROR MATRIX.
 COVARIANCE MATRIX CALCULATED SUCCESSFULLY
 FCN=86.2967 FROM MIGRAD    STATUS=CONVERGED     250 CALLS        1489 TOTAL
                     EDM=1.72423e-06    STRATEGY= 1      ERROR MATRIX ACCURATE 
  EXT PARAMETER                                   STEP         FIRST   
  NO.   NAME      VALUE            ERROR          SIZE      DERIVATIVE 
   1  N0           3.18694e+06   1.21225e+03   5.07723e+00   3.83207e-07
   2  tau          6.44064e+01   constant   
   3  A0           3.45550e-01   4.55018e-04   1.98553e-06   1.21106e+00
   4  phi          4.12339e+00   1.45491e-03   6.44088e-06   3.44560e-03
   5  R           -6.06001e+01   constant   
   6  alpha_CBO    1.09020e-03   5.29777e-04   2.30321e-06  -4.16345e-02
   7  w_CBO        2.32500e+00   constant   
   8  beta_CBO     0.00000e+00     fixed    
   9  alpha_2CBO   0.00000e+00     fixed    
  10  beta_2CBO    2.34171e-04   5.20170e-04   2.31077e-06   6.62924e-01
  11  alpha_y      0.00000e+00     fixed    
  12  w_y          1.38860e+01   constant   
  13  beta_y       3.18497e-04   5.04929e-04   2.30169e-06  -1.04281e+00
  14  alpha_vw     0.00000e+00     fixed    
  15  w_vw         1.43404e+01   constant   
  16  beta_vw      0.00000e+00     fixed    
  17  LM           6.43054e-05   constant   
  18  zeta_y       0.00000e+00   constant   
  19  zeta_vw      0.00000e+00   constant   
  20  T_CBO        1.00000e+03   5.00097e+02   1.23689e-01** at limit **
  21  alpha_A0    -3.43542e-04   2.87064e-03   1.25242e-05   5.50256e-01
  22  beta_A0      1.57971e-03   2.63847e-03   1.15439e-05   1.89400e-03
  23  alpha_phi    4.08448e-05   2.37935e-03   1.04403e-05   9.13186e-03
  24  beta_phi    -1.25489e-03   2.46606e-03   1.09906e-05   1.49316e-01
 EXTERNAL ERROR MATRIX.    NDIM=  25    NPAR= 11    ERR DEF=1
  1.470e+06 
  1.163e-01  2.070e-07 
  1.106e-01 -3.324e-08  2.117e-06 
 -1.881e-02 -4.406e-08  8.810e-08  2.807e-07 
  1.591e-02 -9.451e-09 -1.405e-08  9.278e-09  2.706e-07 
  5.294e-03 -3.997e-09  1.151e-08  2.769e-09  2.541e-09  2.550e-07 
  5.216e-02  4.460e-08  1.221e-07  7.352e-08 -6.418e-08 -2.578e-09  1.771e-02 
  3.280e-01 -2.846e-08  7.863e-07  1.652e-07 -2.055e-07  1.120e-08 -8.590e-06  8.241e-06 
 -5.961e-01 -8.891e-08  3.719e-07  1.410e-08  7.851e-08  2.845e-08  4.407e-05  4.741e-07  6.962e-06 
 -4.722e-01  5.702e-09 -7.762e-08  2.312e-07 -4.802e-08 -1.337e-08  2.345e-06 -2.768e-07 -3.307e-07  5.661e-06 
 -1.430e-01  1.396e-08 -1.697e-07 -5.545e-08 -1.731e-07 -2.764e-08 -3.538e-05 -5.890e-07 -3.927e-07  1.899e-07  6.081e-06 
 PARAMETER  CORRELATION COEFFICIENTS  
       NO.  GLOBAL      1      3      4      6     10     13     20     21     22     23     24
        1  0.35339   1.000  0.211  0.063 -0.029  0.025  0.009  0.000  0.094 -0.186 -0.164 -0.048
        3  0.29178   0.211  1.000 -0.050 -0.183 -0.040 -0.017  0.001 -0.022 -0.074  0.005  0.012
        4  0.24159   0.063 -0.050  1.000  0.114 -0.019  0.016  0.001  0.188  0.097 -0.022 -0.047
        6  0.30312  -0.029 -0.183  0.114  1.000  0.034  0.010  0.001  0.109  0.010  0.183 -0.042
       10  0.22767   0.025 -0.040 -0.019  0.034  1.000  0.010 -0.001 -0.138  0.057 -0.039 -0.135
       13  0.04025   0.009 -0.017  0.016  0.010  0.010  1.000 -0.000  0.008  0.021 -0.011 -0.022
       20  0.17069   0.000  0.001  0.001  0.001 -0.001 -0.000  1.000 -0.022  0.125  0.007 -0.108
       21  0.29233   0.094 -0.022  0.188  0.109 -0.138  0.008 -0.022  1.000  0.063 -0.041 -0.083
       22  0.28331  -0.186 -0.074  0.097  0.010  0.057  0.021  0.125  0.063  1.000 -0.053 -0.060
       23  0.27373  -0.164  0.005 -0.022  0.183 -0.039 -0.011  0.007 -0.041 -0.053  1.000  0.032
       24  0.21369  -0.048  0.012 -0.047 -0.042 -0.135 -0.022 -0.108 -0.083 -0.060  0.032  1.000
MINUIT - FIT ONLY 2-CBO
 **********
 **   25 **RES 
 **********
                   PARAMETER   16  beta_vw RESTORED TO VARIABLE.
                   PARAMETER   14  alpha_vw RESTORED TO VARIABLE.
                   PARAMETER   11  alpha_y RESTORED TO VARIABLE.
                   PARAMETER    9  alpha_2CBO RESTORED TO VARIABLE.
                   PARAMETER    8  beta_CBO RESTORED TO VARIABLE.
 **********
 **   26 **FIX            0
 **********
 PARAMETER    0  IS UNDEFINED. IGNORED.
 **********
 **   27 **FIX            1
 **********
 **********
 **   28 **FIX            2
 **********
 PARAMETER    2  IS CONSTANT.   IGNORED.
 **********
 **   29 **FIX            3
 **********
 **********
 **   30 **FIX            4
 **********
 **********
 **   31 **FIX            5
 **********
 PARAMETER    5  IS CONSTANT.   IGNORED.
 **********
 **   32 **FIX            6
 **********
 **********
 **   33 **FIX            7
 **********
 PARAMETER    7  IS CONSTANT.   IGNORED.
 **********
 **   34 **FIX           10
 **********
 **********
 **   35 **FIX           11
 **********
 **********
 **   36 **FIX           12
 **********
 PARAMETER   12  IS CONSTANT.   IGNORED.
 **********
 **   37 **FIX           13
 **********
 **********
 **   38 **FIX           14
 **********
 **********
 **   39 **FIX           15
 **********
 PARAMETER   15  IS CONSTANT.   IGNORED.
 **********
 **   40 **FIX           16
 **********
 **********
 **   41 **MIGRAD
 **********
 START MIGRAD MINIMIZATION.  STRATEGY  1.  CONVERGENCE WHEN EDM .LT. 1.00e-04
 FCN=86.2967 FROM MIGRAD    STATUS=INITIATE       18 CALLS        1507 TOTAL
                     EDM= unknown      STRATEGY= 1      NO ERROR MATRIX       
  EXT PARAMETER               CURRENT GUESS       STEP         FIRST   
  NO.   NAME      VALUE            ERROR          SIZE      DERIVATIVE 
   1  N0           3.18694e+06     fixed    
   2  tau          6.44064e+01   constant   
   3  A0           3.45550e-01     fixed    
   4  phi          4.12339e+00     fixed    
   5  R           -6.06001e+01   constant   
   6  alpha_CBO    1.09020e-03     fixed    
   7  w_CBO        2.32500e+00   constant   
   8  beta_CBO     0.00000e+00   1.00000e-03   1.00000e-03  -1.85601e+04
   9  alpha_2CBO   0.00000e+00   1.00000e-03   1.00000e-03  -5.60353e+03
  10  beta_2CBO    2.34171e-04     fixed    
  11  alpha_y      0.00000e+00     fixed    
  12  w_y          1.38860e+01   constant   
  13  beta_y       3.18497e-04     fixed    
  14  alpha_vw     0.00000e+00     fixed    
  15  w_vw         1.43404e+01   constant   
  16  beta_vw      0.00000e+00     fixed    
  17  LM           6.43054e-05   constant   
  18  zeta_y       0.00000e+00   constant   
  19  zeta_vw      0.00000e+00   constant   
  20  T_CBO        9.99999e+02   5.00097e+02   1.23689e-01  -6.51867e-06
  21  alpha_A0    -3.43542e-04   2.87064e-03   1.25242e-05   5.50288e-01
  22  beta_A0      1.57971e-03   2.63847e-03   1.15439e-05   1.77081e-03
  23  alpha_phi    4.08448e-05   2.37935e-03   1.04403e-05   9.11224e-03
  24  beta_phi    -1.25489e-03   2.46606e-03   1.09906e-05   1.49427e-01
 MIGRAD MINIMIZATION HAS CONVERGED.
 MIGRAD WILL VERIFY CONVERGENCE AND ERROR MATRIX.
 COVARIANCE MATRIX CALCULATED SUCCESSFULLY
 FCN=61.1848 FROM MIGRAD    STATUS=CONVERGED     130 CALLS        1619 TOTAL
                     EDM=5.40125e-07    STRATEGY= 1      ERROR MATRIX ACCURATE 
  EXT PARAMETER                                   STEP         FIRST   
  NO.   NAME      VALUE            ERROR          SIZE      DERIVATIVE 
   1  N0           3.18694e+06     fixed    
   2  tau          6.44064e+01   constant   
   3  A0           3.45550e-01     fixed    
   4  phi          4.12339e+00     fixed    
   5  R           -6.06001e+01   constant   
   6  alpha_CBO    1.09020e-03     fixed    
   7  w_CBO        2.32500e+00   constant   
   8  beta_CBO     2.47822e-03   5.16005e-04   1.93127e-06  -3.51579e-02
   9  alpha_2CBO   7.53534e-04   5.10895e-04   1.92514e-06   8.64772e-02
  10  beta_2CBO    2.34171e-04     fixed    
  11  alpha_y      0.00000e+00     fixed    
  12  w_y          1.38860e+01   constant   
  13  beta_y       3.18497e-04     fixed    
  14  alpha_vw     0.00000e+00     fixed    
  15  w_vw         1.43404e+01   constant   
  16  beta_vw      0.00000e+00     fixed    
  17  LM           6.43054e-05   constant   
  18  zeta_y       0.00000e+00   constant   
  19  zeta_vw      0.00000e+00   constant   
  20  T_CBO        1.00000e+03   8.30573e+02   8.12091e-02** at limit **
  21  alpha_A0    -3.63761e-04   2.77670e-03   1.05687e-05   2.42553e-01
  22  beta_A0      2.63483e-03   2.60363e-03   9.75381e-06   1.62366e-01
  23  alpha_phi   -6.73856e-04   2.31938e-03   8.80809e-06  -1.77136e-01
  24  beta_phi     1.47857e-03   2.49497e-03   9.27935e-06  -1.18230e-01
 EXTERNAL ERROR MATRIX.    NDIM=  25    NPAR=  7    ERR DEF=1
  2.663e-07  2.339e-09  9.503e-08 -3.589e-08  4.909e-08 -3.031e-08  2.940e-07 
  2.339e-09  2.610e-07 -5.104e-07  1.132e-07  2.098e-07 -1.545e-07  6.291e-10 
  9.503e-08 -5.104e-07  2.596e+01 -1.941e-04  1.572e-03 -3.810e-04  8.896e-04 
 -3.589e-08  1.132e-07 -1.941e-04  7.710e-06  6.309e-07 -3.615e-07 -6.699e-07 
  4.909e-08  2.098e-07  1.572e-03  6.309e-07  6.779e-06 -6.329e-07 -1.804e-07 
 -3.031e-08 -1.545e-07 -3.810e-04 -3.615e-07 -6.329e-07  5.380e-06  1.065e-07 
  2.940e-07  6.291e-10  8.896e-04 -6.699e-07 -1.804e-07  1.065e-07  6.225e-06 
 PARAMETER  CORRELATION COEFFICIENTS  
       NO.  GLOBAL      8      9     20     21     22     23     24
        8  0.23488   1.000  0.009  0.000 -0.025  0.037 -0.025  0.228
        9  0.20563   0.009  1.000 -0.000  0.080  0.158 -0.130  0.000
       20  0.14540   0.000 -0.000  1.000 -0.014  0.119 -0.032  0.070
       21  0.15119  -0.025  0.080 -0.014  1.000  0.087 -0.056 -0.097
       22  0.23111   0.037  0.158  0.119  0.087  1.000 -0.105 -0.028
       23  0.16512  -0.025 -0.130 -0.032 -0.056 -0.105  1.000  0.018
       24  0.25886   0.228  0.000  0.070 -0.097 -0.028  0.018  1.000
MINUIT - FIT wiggle + 1-CBO + 2-CBO
 **********
 **   42 **RES 
 **********
                   PARAMETER   16  beta_vw RESTORED TO VARIABLE.
                   PARAMETER   14  alpha_vw RESTORED TO VARIABLE.
                   PARAMETER   13  beta_y RESTORED TO VARIABLE.
                   PARAMETER   11  alpha_y RESTORED TO VARIABLE.
                   PARAMETER   10  beta_2CBO RESTORED TO VARIABLE.
                   PARAMETER    6  alpha_CBO RESTORED TO VARIABLE.
                   PARAMETER    4  phi RESTORED TO VARIABLE.
                   PARAMETER    3  A0 RESTORED TO VARIABLE.
                   PARAMETER    1  N0 RESTORED TO VARIABLE.
 **********
 **   43 **FIX           10
 **********
 **********
 **   44 **FIX           11
 **********
 **********
 **   45 **FIX           12
 **********
 PARAMETER   12  IS CONSTANT.   IGNORED.
 **********
 **   46 **FIX           13
 **********
 **********
 **   47 **FIX           14
 **********
 **********
 **   48 **FIX           15
 **********
 PARAMETER   15  IS CONSTANT.   IGNORED.
 **********
 **   49 **FIX           16
 **********
 **********
 **   50 **MIGRAD
 **********
 START MIGRAD MINIMIZATION.  STRATEGY  1.  CONVERGENCE WHEN EDM .LT. 1.00e-04
 FCN=61.1848 FROM MIGRAD    STATUS=INITIATE       22 CALLS        1641 TOTAL
                     EDM= unknown      STRATEGY= 1      NO ERROR MATRIX       
  EXT PARAMETER               CURRENT GUESS       STEP         FIRST   
  NO.   NAME      VALUE            ERROR          SIZE      DERIVATIVE 
   1  N0           3.18694e+06   1.21225e+03   1.21225e+03  -1.81314e-04
   2  tau          6.44064e+01   constant   
   3  A0           3.45550e-01   4.55018e-04   4.55018e-04   1.07432e+03
   4  phi          4.12339e+00   1.45491e-03   1.45491e-03   1.39965e+03
   5  R           -6.06001e+01   constant   
   6  alpha_CBO    1.09020e-03   5.29777e-04   5.29777e-04  -3.07112e+02
   7  w_CBO        2.32500e+00   constant   
   8  beta_CBO     2.47822e-03   5.16005e-04   1.93127e-06  -3.51578e-02
   9  alpha_2CBO   7.53534e-04   5.10895e-04   1.92514e-06   8.64775e-02
  10  beta_2CBO    2.34171e-04     fixed    
  11  alpha_y      0.00000e+00     fixed    
  12  w_y          1.38860e+01   constant   
  13  beta_y       3.18497e-04     fixed    
  14  alpha_vw     0.00000e+00     fixed    
  15  w_vw         1.43404e+01   constant   
  16  beta_vw      0.00000e+00     fixed    
  17  LM           6.43054e-05   constant   
  18  zeta_y       0.00000e+00   constant   
  19  zeta_vw      0.00000e+00   constant   
  20  T_CBO        1.00000e+03   8.30573e+02   8.12091e-02** at limit **
  21  alpha_A0    -3.63761e-04   2.77670e-03   1.05687e-05   2.42548e-01
  22  beta_A0      2.63483e-03   2.60363e-03   9.75381e-06   1.62361e-01
  23  alpha_phi   -6.73856e-04   2.31938e-03   8.80809e-06  -1.77136e-01
  24  beta_phi     1.47857e-03   2.49497e-03   9.27935e-06  -1.18230e-01
 MIGRAD MINIMIZATION HAS CONVERGED.
 MIGRAD WILL VERIFY CONVERGENCE AND ERROR MATRIX.
 COVARIANCE MATRIX CALCULATED SUCCESSFULLY
 FCN=60.0703 FROM MIGRAD    STATUS=CONVERGED     216 CALLS        1835 TOTAL
                     EDM=1.24493e-05    STRATEGY= 1      ERROR MATRIX ACCURATE 
  EXT PARAMETER                                   STEP         FIRST   
  NO.   NAME      VALUE            ERROR          SIZE      DERIVATIVE 
   1  N0           3.18693e+06   1.21186e+03   4.24659e+00  -2.34777e-06
   2  tau          6.44064e+01   constant   
   3  A0           3.45464e-01   4.55013e-04   1.66070e-06  -5.74553e-01
   4  phi          4.12187e+00   1.49662e-03   5.39004e-06   1.29989e+00
   5  R           -6.06001e+01   constant   
   6  alpha_CBO    1.09392e-03   5.29444e-04   1.92631e-06   4.13277e+00
   7  w_CBO        2.32500e+00   constant   
   8  beta_CBO     2.60783e-03   5.30478e-04   1.91384e-06   2.95017e-01
   9  alpha_2CBO   7.22682e-04   5.12208e-04   1.90774e-06   4.33869e-01
  10  beta_2CBO    2.34171e-04     fixed    
  11  alpha_y      0.00000e+00     fixed    
  12  w_y          1.38860e+01   constant   
  13  beta_y       3.18497e-04     fixed    
  14  alpha_vw     0.00000e+00     fixed    
  15  w_vw         1.43404e+01   constant   
  16  beta_vw      0.00000e+00     fixed    
  17  LM           6.43054e-05   constant   
  18  zeta_y       0.00000e+00   constant   
  19  zeta_vw      0.00000e+00   constant   
  20  T_CBO        1.00000e+03   7.87622e+02   7.33387e-02** at limit **
  21  alpha_A0    -8.92761e-04   2.86174e-03   1.04738e-05   2.72978e-01
  22  beta_A0      2.36734e-03   2.66055e-03   9.66620e-06   1.48358e-01
  23  alpha_phi   -6.20174e-04   2.39939e-03   8.73165e-06  -1.22667e+00
  24  beta_phi     1.73313e-03   2.51225e-03   9.19866e-06   3.96775e-01
 EXTERNAL ERROR MATRIX.    NDIM=  25    NPAR= 11    ERR DEF=1
  1.469e+06 
  1.169e-01  2.070e-07 
  1.158e-01 -3.027e-08  2.240e-06 
 -1.946e-02 -4.372e-08  8.783e-08  2.803e-07 
 -3.506e-03 -7.276e-09 -1.799e-07  6.404e-10  2.814e-07 
  3.128e-03 -6.957e-09  4.972e-08 -9.478e-10 -1.411e-09  2.624e-07 
  7.038e-03 -3.183e-08  4.302e-08  2.725e-08  1.924e-09 -7.121e-09  1.063e-02 
  3.412e-01 -3.711e-08  8.666e-07  1.722e-07 -9.912e-08  1.316e-07 -9.213e-06  8.190e-06 
 -6.011e-01 -9.228e-08  3.762e-07  9.704e-09  1.956e-08  2.193e-07  2.522e-05  6.338e-07  7.079e-06 
 -4.711e-01  9.164e-09 -9.700e-08  2.332e-07 -2.164e-08 -1.622e-07 -6.365e-06 -3.800e-07 -4.732e-07  5.757e-06 
 -1.371e-01 -6.100e-09 -3.855e-07 -4.739e-08  3.242e-07 -7.387e-09  1.870e-05 -8.701e-07 -1.926e-07  1.319e-07  6.311e-06 
 PARAMETER  CORRELATION COEFFICIENTS  
       NO.  GLOBAL      1      3      4      6      8      9     20     21     22     23     24
        1  0.35261   1.000  0.212  0.064 -0.030 -0.005  0.005  0.000  0.098 -0.186 -0.162 -0.045
        3  0.29175   0.212  1.000 -0.044 -0.181 -0.030 -0.030 -0.001 -0.028 -0.076  0.008 -0.005
        4  0.33042   0.064 -0.044  1.000  0.111 -0.227  0.065  0.000  0.202  0.094 -0.027 -0.103
        6  0.30139  -0.030 -0.181  0.111  1.000  0.002 -0.003  0.000  0.114  0.007  0.184 -0.036
        8  0.32567  -0.005 -0.030 -0.227  0.002  1.000 -0.005  0.000 -0.065  0.014 -0.017  0.243
        9  0.21738   0.005 -0.030  0.065 -0.003 -0.005  1.000 -0.000  0.090  0.161 -0.132 -0.006
       20  0.12955   0.000 -0.001  0.000  0.000  0.000 -0.000  1.000 -0.031  0.092 -0.026  0.072
       21  0.28289   0.098 -0.028  0.202  0.114 -0.065  0.090 -0.031  1.000  0.083 -0.055 -0.121
       22  0.30568  -0.186 -0.076  0.094  0.007  0.014  0.161  0.092  0.083  1.000 -0.074 -0.029
       23  0.30079  -0.162  0.008 -0.027  0.184 -0.017 -0.132 -0.026 -0.055 -0.074  1.000  0.022
       24  0.28149  -0.045 -0.005 -0.103 -0.036  0.243 -0.006  0.072 -0.121 -0.029  0.022  1.000
MINUIT - FIT ONLY 1-y
 **********
 **   51 **RES 
 **********
                   PARAMETER   16  beta_vw RESTORED TO VARIABLE.
                   PARAMETER   14  alpha_vw RESTORED TO VARIABLE.
                   PARAMETER   13  beta_y RESTORED TO VARIABLE.
                   PARAMETER   11  alpha_y RESTORED TO VARIABLE.
                   PARAMETER   10  beta_2CBO RESTORED TO VARIABLE.
 **********
 **   52 **FIX            0
 **********
 PARAMETER    0  IS UNDEFINED. IGNORED.
 **********
 **   53 **FIX            1
 **********
 **********
 **   54 **FIX            2
 **********
 PARAMETER    2  IS CONSTANT.   IGNORED.
 **********
 **   55 **FIX            3
 **********
 **********
 **   56 **FIX            4
 **********
 **********
 **   57 **FIX            5
 **********
 PARAMETER    5  IS CONSTANT.   IGNORED.
 **********
 **   58 **FIX            6
 **********
 **********
 **   59 **FIX            7
 **********
 PARAMETER    7  IS CONSTANT.   IGNORED.
 **********
 **   60 **FIX            8
 **********
 **********
 **   61 **FIX            9
 **********
 **********
 **   62 **FIX           13
 **********
 **********
 **   63 **FIX           14
 **********
 **********
 **   64 **FIX           15
 **********
 PARAMETER   15  IS CONSTANT.   IGNORED.
 **********
 **   65 **FIX           16
 **********
 **********
 **   66 **MIGRAD
 **********
 START MIGRAD MINIMIZATION.  STRATEGY  1.  CONVERGENCE WHEN EDM .LT. 1.00e-04
 FCN=60.0703 FROM MIGRAD    STATUS=INITIATE       16 CALLS        1851 TOTAL
                     EDM= unknown      STRATEGY= 1      NO ERROR MATRIX       
  EXT PARAMETER               CURRENT GUESS       STEP         FIRST   
  NO.   NAME      VALUE            ERROR          SIZE      DERIVATIVE 
   1  N0           3.18693e+06     fixed    
   2  tau          6.44064e+01   constant   
   3  A0           3.45464e-01     fixed    
   4  phi          4.12187e+00     fixed    
   5  R           -6.06001e+01   constant   
   6  alpha_CBO    1.09392e-03     fixed    
   7  w_CBO        2.32500e+00   constant   
   8  beta_CBO     2.60783e-03     fixed    
   9  alpha_2CBO   7.22682e-04     fixed    
  10  beta_2CBO    2.34171e-04   5.20170e-04   5.20170e-04  -2.35402e+02
  11  alpha_y      0.00000e+00   1.00000e-03   1.00000e-03  -6.11613e+03
  12  w_y          1.38860e+01   constant   
  13  beta_y       3.18497e-04     fixed    
  14  alpha_vw     0.00000e+00     fixed    
  15  w_vw         1.43404e+01   constant   
  16  beta_vw      0.00000e+00     fixed    
  17  LM           6.43054e-05   constant   
  18  zeta_y       0.00000e+00   constant   
  19  zeta_vw      0.00000e+00   constant   
  20  T_CBO        9.99999e+02   7.87622e+02   7.33387e-02  -9.59566e-06
  21  alpha_A0    -8.92761e-04   2.86174e-03   1.04738e-05   2.73041e-01
  22  beta_A0      2.36734e-03   2.66055e-03   9.66620e-06   1.48168e-01
  23  alpha_phi   -6.20174e-04   2.39939e-03   8.73165e-06  -1.22662e+00
  24  beta_phi     1.73313e-03   2.51225e-03   9.19866e-06   3.96616e-01
 MIGRAD MINIMIZATION HAS CONVERGED.
 MIGRAD WILL VERIFY CONVERGENCE AND ERROR MATRIX.
 COVARIANCE MATRIX CALCULATED SUCCESSFULLY
 FCN=57.7091 FROM MIGRAD    STATUS=CONVERGED     115 CALLS        1950 TOTAL
                     EDM=2.36217e-07    STRATEGY= 1      ERROR MATRIX ACCURATE 
  EXT PARAMETER                                   STEP         FIRST   
  NO.   NAME      VALUE            ERROR          SIZE      DERIVATIVE 
   1  N0           3.18693e+06     fixed    
   2  tau          6.44064e+01   constant   
   3  A0           3.45464e-01     fixed    
   4  phi          4.12187e+00     fixed    
   5  R           -6.06001e+01   constant   
   6  alpha_CBO    1.09392e-03     fixed    
   7  w_CBO        2.32500e+00   constant   
   8  beta_CBO     2.60783e-03     fixed    
   9  alpha_2CBO   7.22682e-04     fixed    
  10  beta_2CBO    2.63894e-04   5.19035e-04   1.89488e-06  -6.59999e-01
  11  alpha_y      7.71012e-04   5.02139e-04   1.87792e-06   1.88561e-01
  12  w_y          1.38860e+01   constant   
  13  beta_y       3.18497e-04     fixed    
  14  alpha_vw     0.00000e+00     fixed    
  15  w_vw         1.43404e+01   constant   
  16  beta_vw      0.00000e+00     fixed    
  17  LM           6.43054e-05   constant   
  18  zeta_y       0.00000e+00   constant   
  19  zeta_vw      0.00000e+00   constant   
  20  T_CBO        1.00000e+03   6.84442e+02   7.38420e-02** at limit **
  21  alpha_A0    -8.02597e-04   2.79794e-03   1.02691e-05   3.08391e-02
  22  beta_A0      2.41020e-03   2.56796e-03   9.47759e-06   3.87564e-03
  23  alpha_phi   -6.35081e-04   2.30106e-03   8.56115e-06   2.46519e-01
  24  beta_phi     1.70394e-03   2.45188e-03   9.01900e-06  -3.56013e-02
 EXTERNAL ERROR MATRIX.    NDIM=  25    NPAR=  7    ERR DEF=1
  2.694e-07 -6.224e-10 -2.046e-09 -2.096e-07  8.628e-08 -4.745e-08 -1.705e-07 
 -6.224e-10  2.521e-07  1.603e-10  3.794e-08  1.085e-08 -4.441e-09 -2.677e-09 
 -2.046e-09  1.603e-10  8.296e-05 -7.221e-07  2.236e-06 -5.662e-07  1.603e-06 
 -2.096e-07  3.794e-08 -7.221e-07  7.828e-06  4.690e-07 -2.560e-07 -5.051e-07 
  8.628e-08  1.085e-08  2.236e-06  4.690e-07  6.594e-06 -5.116e-07 -2.912e-07 
 -4.745e-08 -4.441e-09 -5.662e-07 -2.560e-07 -5.116e-07  5.295e-06  1.715e-07 
 -1.705e-07 -2.677e-09  1.603e-06 -5.051e-07 -2.912e-07  1.715e-07  6.012e-06 
 PARAMETER  CORRELATION COEFFICIENTS  
       NO.  GLOBAL     10     11     20     21     22     23     24
       10  0.21865   1.000 -0.002 -0.000 -0.144  0.065 -0.040 -0.134
       11  0.02792  -0.002  1.000  0.000  0.027  0.008 -0.004 -0.002
       20  0.12767  -0.000  0.000  1.000 -0.028  0.096 -0.027  0.072
       21  0.19400  -0.144  0.027 -0.028  1.000  0.065 -0.040 -0.074
       22  0.16390   0.065  0.008  0.096  0.065  1.000 -0.087 -0.046
       23  0.10523  -0.040 -0.004 -0.027 -0.040 -0.087  1.000  0.030
       24  0.18260  -0.134 -0.002  0.072 -0.074 -0.046  0.030  1.000
MINUIT - FIT ONLY 2-y
 **********
 **   67 **RES 
 **********
                   PARAMETER   16  beta_vw RESTORED TO VARIABLE.
                   PARAMETER   14  alpha_vw RESTORED TO VARIABLE.
                   PARAMETER   13  beta_y RESTORED TO VARIABLE.
                   PARAMETER    9  alpha_2CBO RESTORED TO VARIABLE.
                   PARAMETER    8  beta_CBO RESTORED TO VARIABLE.
                   PARAMETER    6  alpha_CBO RESTORED TO VARIABLE.
                   PARAMETER    4  phi RESTORED TO VARIABLE.
                   PARAMETER    3  A0 RESTORED TO VARIABLE.
                   PARAMETER    1  N0 RESTORED TO VARIABLE.
 **********
 **   68 **FIX            0
 **********
 PARAMETER    0  IS UNDEFINED. IGNORED.
 **********
 **   69 **FIX            1
 **********
 **********
 **   70 **FIX            2
 **********
 PARAMETER    2  IS CONSTANT.   IGNORED.
 **********
 **   71 **FIX            3
 **********
 **********
 **   72 **FIX            4
 **********
 **********
 **   73 **FIX            5
 **********
 PARAMETER    5  IS CONSTANT.   IGNORED.
 **********
 **   74 **FIX            6
 **********
 **********
 **   75 **FIX            7
 **********
 PARAMETER    7  IS CONSTANT.   IGNORED.
 **********
 **   76 **FIX            8
 **********
 **********
 **   77 **FIX            9
 **********
 **********
 **   78 **FIX           10
 **********
 **********
 **   79 **FIX           11
 **********
 **********
 **   80 **FIX           12
 **********
 PARAMETER   12  IS CONSTANT.   IGNORED.
 **********
 **   81 **FIX           16
 **********
 **********
 **   82 **MIGRAD
 **********
 START MIGRAD MINIMIZATION.  STRATEGY  1.  CONVERGENCE WHEN EDM .LT. 1.00e-04
 FCN=57.7091 FROM MIGRAD    STATUS=INITIATE       16 CALLS        1966 TOTAL
                     EDM= unknown      STRATEGY= 1      NO ERROR MATRIX       
  EXT PARAMETER               CURRENT GUESS       STEP         FIRST   
  NO.   NAME      VALUE            ERROR          SIZE      DERIVATIVE 
   1  N0           3.18693e+06     fixed    
   2  tau          6.44064e+01   constant   
   3  A0           3.45464e-01     fixed    
   4  phi          4.12187e+00     fixed    
   5  R           -6.06001e+01   constant   
   6  alpha_CBO    1.09392e-03     fixed    
   7  w_CBO        2.32500e+00   constant   
   8  beta_CBO     2.60783e-03     fixed    
   9  alpha_2CBO   7.22682e-04     fixed    
  10  beta_2CBO    2.63894e-04     fixed    
  11  alpha_y      7.71012e-04     fixed    
  12  w_y          1.38860e+01   constant   
  13  beta_y       3.18497e-04   5.04929e-04   5.04929e-04  -3.08492e+01
  14  alpha_vw     0.00000e+00   1.00000e-03   1.00000e-03   1.76802e+03
  15  w_vw         1.43404e+01   constant   
  16  beta_vw      0.00000e+00     fixed    
  17  LM           6.43054e-05   constant   
  18  zeta_y       0.00000e+00   constant   
  19  zeta_vw      0.00000e+00   constant   
  20  T_CBO        9.99999e+02   6.84442e+02   7.38420e-02  -9.95190e-06
  21  alpha_A0    -8.02597e-04   2.79794e-03   1.02691e-05   3.09128e-02
  22  beta_A0      2.41020e-03   2.56796e-03   9.47759e-06   3.66809e-03
  23  alpha_phi   -6.35081e-04   2.30106e-03   8.56115e-06   2.46570e-01
  24  beta_phi     1.70394e-03   2.45188e-03   9.01900e-06  -3.57589e-02
 MIGRAD MINIMIZATION HAS CONVERGED.
 MIGRAD WILL VERIFY CONVERGENCE AND ERROR MATRIX.
 COVARIANCE MATRIX CALCULATED SUCCESSFULLY
 FCN=57.5072 FROM MIGRAD    STATUS=CONVERGED     111 CALLS        2061 TOTAL
                     EDM=1.24173e-07    STRATEGY= 1      ERROR MATRIX ACCURATE 
  EXT PARAMETER                                   STEP         FIRST   
  NO.   NAME      VALUE            ERROR          SIZE      DERIVATIVE 
   1  N0           3.18693e+06     fixed    
   2  tau          6.44064e+01   constant   
   3  A0           3.45464e-01     fixed    
   4  phi          4.12187e+00     fixed    
   5  R           -6.06001e+01   constant   
   6  alpha_CBO    1.09392e-03     fixed    
   7  w_CBO        2.32500e+00   constant   
   8  beta_CBO     2.60783e-03     fixed    
   9  alpha_2CBO   7.22682e-04     fixed    
  10  beta_2CBO    2.63894e-04     fixed    
  11  alpha_y      7.71012e-04     fixed    
  12  w_y          1.38860e+01   constant   
  13  beta_y       3.50203e-04   5.08514e-04   1.88433e-06   3.21775e-02
  14  alpha_vw    -2.27765e-04   5.07051e-04   1.87961e-06  -8.91872e-03
  15  w_vw         1.43404e+01   constant   
  16  beta_vw      0.00000e+00     fixed    
  17  LM           6.43054e-05   constant   
  18  zeta_y       0.00000e+00   constant   
  19  zeta_vw      0.00000e+00   constant   
  20  T_CBO        1.00000e+03   7.01419e+02   7.40707e-02** at limit **
  21  alpha_A0    -7.95416e-04   2.76772e-03   1.02514e-05  -1.47147e-01
  22  beta_A0      2.41023e-03   2.56319e-03   9.46124e-06  -4.36028e-02
  23  alpha_phi   -6.37159e-04   2.29936e-03   8.54642e-06   8.99858e-02
  24  beta_phi     1.71006e-03   2.43042e-03   9.00347e-06   2.32402e-02
 EXTERNAL ERROR MATRIX.    NDIM=  25    NPAR=  7    ERR DEF=1
  2.586e-07 -3.135e-08 -1.442e-10  7.350e-09  2.716e-08 -1.173e-08 -2.340e-08 
 -3.135e-08  2.571e-07 -3.383e-11 -8.790e-09  2.876e-10  1.760e-09 -7.074e-09 
 -1.442e-10 -3.383e-11  8.806e-05 -7.444e-07  2.319e-06 -5.899e-07  1.667e-06 
  7.350e-09 -8.790e-09 -7.444e-07  7.660e-06  5.350e-07 -2.925e-07 -6.377e-07 
  2.716e-08  2.876e-10  2.319e-06  5.350e-07  6.570e-06 -4.977e-07 -2.384e-07 
 -1.173e-08  1.760e-09 -5.899e-07 -2.925e-07 -4.977e-07  5.287e-06  1.422e-07 
 -2.340e-08 -7.074e-09  1.667e-06 -6.377e-07 -2.384e-07  1.422e-07  5.907e-06 
 PARAMETER  CORRELATION COEFFICIENTS  
       NO.  GLOBAL     13     14     20     21     22     23     24
       13  0.12504   1.000 -0.122 -0.000  0.005  0.021 -0.010 -0.019
       14  0.12206  -0.122  1.000 -0.000 -0.006  0.000  0.002 -0.006
       20  0.12861  -0.000 -0.000  1.000 -0.029  0.096 -0.027  0.073
       21  0.12848   0.005 -0.006 -0.029  1.000  0.075 -0.046 -0.095
       22  0.15246   0.021  0.000  0.096  0.075  1.000 -0.084 -0.038
       23  0.09803  -0.010  0.002 -0.027 -0.046 -0.084  1.000  0.025
       24  0.12729  -0.019 -0.006  0.073 -0.095 -0.038  0.025  1.000
MINUIT - FIT ALTOGETHER
