 + ++++++++++++++++++++++++++++++++++++++++++++++++++++++++++++++++++++ +
 +                                                                      +
 +           You have chose to blind your fitting according to          +
 +                omega_ref * (1 + (R +/- deltaR) *10^{-6})             +
 +                                                                      +
 + ++++++++++++++++++++++++++++++++++++++++++++++++++++++++++++++++++++ +
In main()...
reading format from /gm2data/zkhechad/run45/envelope/formats/formatB_sBin_constraintOn.txt
pBinTau 	= 0  
pBinPhi 	= 0  
constraintau 	= 1 
includeMopTerm 	= 0    
constrainMop    = 0   
Parameters after format file: pBinTau 0 pBinPhi 0 constraintau 1 includeMopTerm 0 constrainMop 0 c_e_scale 0.000000 
Opening file /gm2data/tbarrett/gm2fr/studies/run23_bunch_corrections/CorrectedFourier_Run3b.root.
reading full fit data from /gm2data/zkhechad/cboTemplates/Run4CBOTemplates/fullFits/noRF/sBin_constraintOn_cE0.0_seed0_noRF_calo2.root
windowBins = 69
fitting sliding window 2590 from bin 2726 at 406.570000 to bin 2795 at 417.014000 (69 bins)

Reading data from /gm2data/cornell/histograms/aMethod/histogram_a_noRF.root
 **********
 **    1 **SET PRINTOUT            1
 **********
 **********
 **    2 **SET NOWARNINGS 
 **********
 PARAMETER DEFINITIONS:
    NO.   NAME         VALUE      STEP SIZE      LIMITS
     1 N0           3.21058e+06  1.00000e+02     no limits
     2 tau          6.44090e+01  constant
     3 A0           3.64384e-01  1.00000e-04     no limits
     4 phi          4.11815e+00  1.00000e-02     no limits
     5 R           -6.00655e+01  constant
     6 alpha_CBO    0.00000e+00  1.00000e-03     no limits
     7 w_CBO        2.32500e+00  constant
     8 beta_CBO     0.00000e+00  1.00000e-03     no limits
     9 alpha_2CBO   0.00000e+00  1.00000e-03     no limits
    10 beta_2CBO    0.00000e+00  1.00000e-03     no limits
    11 alpha_y      0.00000e+00  1.00000e-03     no limits
    12 w_y          1.38860e+01  constant
    13 beta_y       0.00000e+00  1.00000e-03     no limits
    14 alpha_vw     0.00000e+00  1.00000e-03     no limits
    15 w_vw         1.43404e+01  constant
    16 beta_vw      0.00000e+00  1.00000e-03     no limits
    17 LM           2.36781e-04  constant
    18 zeta_y       0.00000e+00  constant
    19 zeta_vw      0.00000e+00  constant
    20 T_CBO        1.00000e+02  1.00000e+00    0.00000e+00  1.00000e+03
    21 alpha_A0     0.00000e+00  1.00000e-03     no limits
    22 beta_A0      0.00000e+00  1.00000e-03     no limits
    23 alpha_phi    0.00000e+00  1.00000e-03     no limits
    24 beta_phi     0.00000e+00  1.00000e-03     no limits
MINUIT - FIT ONLY WIGGLE
 **********
 **    3 **FIX            5
 **********
 PARAMETER    5  IS CONSTANT.   IGNORED.
 **********
 **    4 **FIX            6
 **********
 **********
 **    5 **FIX            7
 **********
 PARAMETER    7  IS CONSTANT.   IGNORED.
 **********
 **    6 **FIX            8
 **********
 **********
 **    7 **FIX            9
 **********
 **********
 **    8 **FIX           10
 **********
 **********
 **    9 **FIX           11
 **********
 **********
 **   10 **FIX           12
 **********
 PARAMETER   12  IS CONSTANT.   IGNORED.
 **********
 **   11 **FIX           13
 **********
 **********
 **   12 **FIX           14
 **********
 **********
 **   13 **FIX           15
 **********
 PARAMETER   15  IS CONSTANT.   IGNORED.
 **********
 **   14 **FIX           16
 **********
 **********
 **   15 **MIGRAD
 **********
 FIRST CALL TO USER FUNCTION AT NEW START POINT, WITH IFLAG=4.
 START MIGRAD MINIMIZATION.  STRATEGY  1.  CONVERGENCE WHEN EDM .LT. 1.00e-04
 FCN=96.7638 FROM MIGRAD    STATUS=INITIATE      435 CALLS         436 TOTAL
                     EDM= unknown      STRATEGY= 1      NO ERROR MATRIX       
  EXT PARAMETER               CURRENT GUESS       STEP         FIRST   
  NO.   NAME      VALUE            ERROR          SIZE      DERIVATIVE 
   1  N0           3.21058e+06   1.00000e+02   0.00000e+00  -1.04358e-03
   2  tau          6.44090e+01   constant   
   3  A0           3.64384e-01   1.00000e-04   0.00000e+00  -1.14262e+03
   4  phi          4.11815e+00   1.00000e-02   0.00000e+00   2.06168e+02
   5  R           -6.00655e+01   constant   
   6  alpha_CBO    0.00000e+00     fixed    
   7  w_CBO        2.32500e+00   constant   
   8  beta_CBO     0.00000e+00     fixed    
   9  alpha_2CBO   0.00000e+00     fixed    
  10  beta_2CBO    0.00000e+00     fixed    
  11  alpha_y      0.00000e+00     fixed    
  12  w_y          1.38860e+01   constant   
  13  beta_y       0.00000e+00     fixed    
  14  alpha_vw     0.00000e+00     fixed    
  15  w_vw         1.43404e+01   constant   
  16  beta_vw      0.00000e+00     fixed    
  17  LM           2.36781e-04   constant   
  18  zeta_y       0.00000e+00   constant   
  19  zeta_vw      0.00000e+00   constant   
  20  T_CBO        1.00000e+02   1.00000e+00   0.00000e+00   0.00000e+00
  21  alpha_A0     0.00000e+00   1.00000e-03   0.00000e+00  -9.79740e+00
  22  beta_A0      0.00000e+00   1.00000e-03   0.00000e+00  -7.25907e+00
  23  alpha_phi    0.00000e+00   1.00000e-03   0.00000e+00   3.39400e+00
  24  beta_phi     0.00000e+00   1.00000e-03   0.00000e+00   4.48084e-01
 CALL LIMIT EXCEEDED IN MIGRAD.
 MIGRAD TERMINATED WITHOUT CONVERGENCE.
 FCN=86.5755 FROM MIGRAD    STATUS=CALL LIMIT   1320 CALLS        1321 TOTAL
                     EDM=6.80471e-05    STRATEGY= 1  ERROR MATRIX UNCERTAINTY   0.5 per cent
  EXT PARAMETER                APPROXIMATE        STEP         FIRST   
  NO.   NAME      VALUE            ERROR          SIZE      DERIVATIVE 
   1  N0           3.21847e+06   3.50036e+03  -3.18350e+00   1.00256e-06
   2  tau          6.44090e+01   constant   
   3  A0           3.65820e-01   1.32328e-03  -1.22667e-06   1.78118e+00
   4  phi          4.11862e+00   3.74790e-03  -2.18412e-06  -4.41471e-01
   5  R           -6.00655e+01   constant   
   6  alpha_CBO    0.00000e+00     fixed    
   7  w_CBO        2.32500e+00   constant   
   8  beta_CBO     0.00000e+00     fixed    
   9  alpha_2CBO   0.00000e+00     fixed    
  10  beta_2CBO    0.00000e+00     fixed    
  11  alpha_y      0.00000e+00     fixed    
  12  w_y          1.38860e+01   constant   
  13  beta_y       0.00000e+00     fixed    
  14  alpha_vw     0.00000e+00     fixed    
  15  w_vw         1.43404e+01   constant   
  16  beta_vw      0.00000e+00     fixed    
  17  LM           2.36781e-04   constant   
  18  zeta_y       0.00000e+00   constant   
  19  zeta_vw      0.00000e+00   constant   
  20  T_CBO        6.21007e+01   3.73136e+01  -2.01136e-03  -1.36748e+00
  21  alpha_A0     8.66913e+00   3.12089e+01   3.90220e-01  -9.78252e-03
  22  beta_A0      4.81321e+00   2.04256e+01   2.51544e-01   5.00121e-03
  23  alpha_phi   -2.60251e+00   9.98537e+00  -1.24086e-01   3.85862e-03
  24  beta_phi    -2.18808e+00   9.50793e+00  -1.16903e-01  -2.42542e-03
 EXTERNAL ERROR MATRIX.    NDIM=  25    NPAR=  8    ERR DEF=1
  1.225e+07  7.791e-01  1.760e+00  6.242e+03 -2.998e+03 -2.375e+03  9.871e+02  8.368e+02 
  7.791e-01  1.751e-06 -7.861e-08  3.143e-03 -2.524e-03 -1.788e-03  8.091e-04  8.703e-04 
  1.760e+00 -7.861e-08  1.405e-05 -6.411e-03  6.322e-03  4.387e-03 -1.949e-03 -2.126e-03 
  6.242e+03  3.143e-03 -6.411e-03  1.404e+03 -1.166e+03 -7.586e+02  3.722e+02  3.530e+02 
 -2.998e+03 -2.524e-03  6.322e-03 -1.166e+03  9.740e+02  6.355e+02 -3.113e+02 -2.958e+02 
 -2.375e+03 -1.788e-03  4.387e-03 -7.586e+02  6.355e+02  4.172e+02 -2.036e+02 -1.940e+02 
  9.871e+02  8.091e-04 -1.949e-03  3.722e+02 -3.113e+02 -2.036e+02  9.971e+01  9.473e+01 
  8.368e+02  8.703e-04 -2.126e-03  3.530e+02 -2.958e+02 -1.940e+02  9.473e+01  9.040e+01 
ERR MATRIX APPROXIMATE
 PARAMETER  CORRELATION COEFFICIENTS  
       NO.  GLOBAL      1      3      4     20     21     22     23     24
        1  0.39667   1.000  0.168  0.134  0.048 -0.027 -0.033  0.028  0.025
        3  0.22920   0.168  1.000 -0.016  0.063 -0.061 -0.066  0.061  0.069
        4  0.20014   0.134 -0.016  1.000 -0.046  0.054  0.057 -0.052 -0.060
       20  0.99775   0.048  0.063 -0.046  1.000 -0.997 -0.991  0.995  0.991
       21  0.99950  -0.027 -0.061  0.054 -0.997  1.000  0.997 -0.999 -0.997
       22  0.99938  -0.033 -0.066  0.057 -0.991  0.997  1.000 -0.998 -0.999
       23  0.99947   0.028  0.061 -0.052  0.995 -0.999 -0.998  1.000  0.998
       24  0.99923   0.025  0.069 -0.060  0.991 -0.997 -0.999  0.998  1.000
 ERR MATRIX APPROXIMATE
MINUIT - FIT ONLY 1-CBO + wiggle
 **********
 **   16 **RES 
 **********
                   PARAMETER   16  beta_vw RESTORED TO VARIABLE.
                   PARAMETER   14  alpha_vw RESTORED TO VARIABLE.
                   PARAMETER   13  beta_y RESTORED TO VARIABLE.
                   PARAMETER   11  alpha_y RESTORED TO VARIABLE.
                   PARAMETER   10  beta_2CBO RESTORED TO VARIABLE.
                   PARAMETER    9  alpha_2CBO RESTORED TO VARIABLE.
                   PARAMETER    8  beta_CBO RESTORED TO VARIABLE.
                   PARAMETER    6  alpha_CBO RESTORED TO VARIABLE.
 **********
 **   17 **FIX            8
 **********
 **********
 **   18 **FIX            9
 **********
 **********
 **   19 **FIX           11
 **********
 **********
 **   20 **FIX           12
 **********
 PARAMETER   12  IS CONSTANT.   IGNORED.
 **********
 **   21 **FIX           14
 **********
 **********
 **   22 **FIX           15
 **********
 PARAMETER   15  IS CONSTANT.   IGNORED.
 **********
 **   23 **FIX           16
 **********
 **********
 **   24 **MIGRAD
 **********
 START MIGRAD MINIMIZATION.  STRATEGY  1.  CONVERGENCE WHEN EDM .LT. 1.00e-04
 FCN=86.5755 FROM MIGRAD    STATUS=INITIATE       28 CALLS        1349 TOTAL
                     EDM= unknown      STRATEGY= 1      NO ERROR MATRIX       
  EXT PARAMETER               CURRENT GUESS       STEP         FIRST   
  NO.   NAME      VALUE            ERROR          SIZE      DERIVATIVE 
   1  N0           3.21847e+06   3.50036e+03  -3.18350e+00   1.00256e-06
   2  tau          6.44090e+01   constant   
   3  A0           3.65820e-01   1.32328e-03  -1.22667e-06   1.78118e+00
   4  phi          4.11862e+00   3.74790e-03  -2.18412e-06  -4.41471e-01
   5  R           -6.00655e+01   constant   
   6  alpha_CBO    0.00000e+00   1.00000e-03   1.00000e-03   9.59320e+02
   7  w_CBO        2.32500e+00   constant   
   8  beta_CBO     0.00000e+00     fixed    
   9  alpha_2CBO   0.00000e+00     fixed    
  10  beta_2CBO    0.00000e+00   1.00000e-03   1.00000e-03   7.75409e+01
  11  alpha_y      0.00000e+00     fixed    
  12  w_y          1.38860e+01   constant   
  13  beta_y       0.00000e+00   1.00000e-03   1.00000e-03  -8.80619e+02
  14  alpha_vw     0.00000e+00     fixed    
  15  w_vw         1.43404e+01   constant   
  16  beta_vw      0.00000e+00     fixed    
  17  LM           2.36781e-04   constant   
  18  zeta_y       0.00000e+00   constant   
  19  zeta_vw      0.00000e+00   constant   
  20  T_CBO        6.21007e+01   3.73136e+01  -2.01136e-03  -1.36749e+00
  21  alpha_A0     8.66913e+00   3.12089e+01   3.90220e-01  -9.78251e-03
  22  beta_A0      4.81321e+00   2.04256e+01   2.51544e-01   5.00122e-03
  23  alpha_phi   -2.60251e+00   9.98537e+00  -1.24086e-01   3.85862e-03
  24  beta_phi    -2.18808e+00   9.50793e+00  -1.16903e-01  -2.42542e-03
 MIGRAD MINIMIZATION HAS CONVERGED.
 MIGRAD WILL VERIFY CONVERGENCE AND ERROR MATRIX.
 FCN=85.6361 FROM HESSE     STATUS=NOT POSDEF    100 CALLS        1567 TOTAL
                     EDM=0.001309    STRATEGY= 1      ERR MATRIX NOT POS-DEF
  EXT PARAMETER                APPROXIMATE        STEP         FIRST   
  NO.   NAME      VALUE            ERROR          SIZE      DERIVATIVE 
   1  N0           3.21858e+06   3.49527e+03   1.29679e+01  -1.80099e-07
   2  tau          6.44090e+01   constant   
   3  A0           3.65925e-01   1.34151e-03   5.89790e-06   1.10707e+00
   4  phi          4.11802e+00   3.95638e-03   1.70078e-05   5.40196e-01
   5  R           -6.00655e+01   constant   
   6  alpha_CBO   -1.11098e-03   1.51429e-03   6.51879e-06  -2.97820e-01
   7  w_CBO        2.32500e+00   constant   
   8  beta_CBO     0.00000e+00     fixed    
   9  alpha_2CBO   0.00000e+00     fixed    
  10  beta_2CBO   -1.06425e-04   1.48244e-03   6.58316e-06  -7.15766e-02
  11  alpha_y      0.00000e+00     fixed    
  12  w_y          1.38860e+01   constant   
  13  beta_y       9.14083e-04   1.43438e-03   6.52898e-06  -5.03212e-01
  14  alpha_vw     0.00000e+00     fixed    
  15  w_vw         1.43404e+01   constant   
  16  beta_vw      0.00000e+00     fixed    
  17  LM           2.36781e-04   constant   
  18  zeta_y       0.00000e+00   constant   
  19  zeta_vw      0.00000e+00   constant   
  20  T_CBO        6.19305e+01   5.68242e+01   7.04836e-05   1.58306e-01
  21  alpha_A0     8.45781e+00   5.22253e+01   1.86038e-02  -5.69837e-04
  22  beta_A0      4.59405e+00   2.86264e+01   1.84168e-02  -2.98721e-04
  23  alpha_phi   -3.11385e+00   1.95123e+01   1.68515e-02  -1.13189e-04
  24  beta_phi    -2.12678e+00   1.36160e+01   1.81563e-02  -9.82017e-05
 CALL LIMIT EXCEEDED IN MIGRAD.
 MIGRAD TERMINATED WITHOUT CONVERGENCE.
 FCN=85.5862 FROM MIGRAD    STATUS=CALL LIMIT   1905 CALLS        3226 TOTAL
                     EDM=0.000813513    STRATEGY= 1      ERR MATRIX NOT POS-DEF
  EXT PARAMETER                APPROXIMATE        STEP         FIRST   
  NO.   NAME      VALUE            ERROR          SIZE      DERIVATIVE 
   1  N0           3.21859e+06   3.48040e+03   3.41506e+00  -1.27217e-06
   2  tau          6.44090e+01   constant   
   3  A0           3.65969e-01   1.33944e-03   3.19035e-07  -3.46797e+00
   4  phi          4.11802e+00   3.86728e-03   9.05479e-06  -3.72392e+00
   5  R           -6.00655e+01   constant   
   6  alpha_CBO   -1.11536e-03   1.47279e-03   3.01070e-06  -6.92059e+00
   7  w_CBO        2.32500e+00   constant   
   8  beta_CBO     0.00000e+00     fixed    
   9  alpha_2CBO   0.00000e+00     fixed    
  10  beta_2CBO   -9.97683e-05   1.45690e-03  -2.36317e-06   7.36804e+00
  11  alpha_y      0.00000e+00     fixed    
  12  w_y          1.38860e+01   constant   
  13  beta_y       9.12057e-04   1.43327e-03  -9.16814e-08   7.27989e-01
  14  alpha_vw     0.00000e+00     fixed    
  15  w_vw         1.43404e+01   constant   
  16  beta_vw      0.00000e+00     fixed    
  17  LM           2.36781e-04   constant   
  18  zeta_y       0.00000e+00   constant   
  19  zeta_vw      0.00000e+00   constant   
  20  T_CBO        3.60065e+01   1.05984e+01   1.20158e-04   5.96394e-01
  21  alpha_A0     1.02099e+03   3.44089e+03   5.46740e-01   2.29564e-05
  22  beta_A0      5.55215e+02   1.85654e+03   2.77602e-01  -1.69430e-06
  23  alpha_phi   -3.77055e+02   1.23046e+03  -1.47433e-01   5.27716e-05
  24  beta_phi    -2.54809e+02   8.56948e+02  -1.35490e-01   6.31234e-06
 EXTERNAL ERROR MATRIX.    NDIM=  25    NPAR= 11    ERR DEF=1
  1.211e+07 
  6.643e-01  1.794e-06 
  2.002e+00 -5.053e-07  1.496e-05 
 -2.762e-01 -2.467e-07  1.017e-06  2.169e-06 
 -6.269e-02 -4.024e-09  4.581e-07  1.139e-07  2.123e-06 
 -5.842e-03 -4.537e-08  6.783e-08 -1.710e-08 -6.493e-09  2.054e-06 
  1.438e+03 -8.114e-05  2.413e-03  2.804e-04 -1.202e-04 -1.549e-04  1.124e+02 
 -1.437e+05  4.197e-02 -5.439e-01 -3.887e-02  9.415e-02  4.344e-02 -3.621e+04  1.184e+07 
 -7.908e+04  2.193e-02 -2.914e-01 -2.098e-02  5.190e-02  2.346e-02 -1.954e+04  6.388e+06  3.447e+06 
  5.104e+04 -1.526e-02  1.961e-01  1.528e-02 -3.454e-02 -1.531e-02  1.295e+04 -4.234e+06 -2.284e+06  1.514e+06 
  3.370e+04 -9.657e-03  1.335e-01  9.685e-03 -2.393e-02 -1.096e-02  9.017e+03 -2.949e+06 -1.591e+06  1.054e+06  7.344e+05 
ERR MATRIX NOT POS-DEF
 PARAMETER  CORRELATION COEFFICIENTS  
       NO.  GLOBAL      1      3      4      6     10     13     20     21     22     23     24
        1  0.37602   1.000  0.143  0.149 -0.054 -0.012 -0.001  0.039 -0.012 -0.012  0.012  0.011
        3  0.26636   0.143  1.000 -0.098 -0.125 -0.002 -0.024 -0.006  0.009  0.009 -0.009 -0.008
        4  0.31795   0.149 -0.098  1.000  0.179  0.081  0.012  0.059 -0.041 -0.041  0.041  0.040
        6  0.28233  -0.054 -0.125  0.179  1.000  0.053 -0.008  0.018 -0.008 -0.008  0.008  0.008
       10  0.26641  -0.012 -0.002  0.081  0.053  1.000 -0.003 -0.008  0.019  0.019 -0.019 -0.019
       13  0.05628  -0.001 -0.024  0.012 -0.008 -0.003  1.000 -0.010  0.009  0.009 -0.009 -0.009
       20  0.99457   0.039 -0.006  0.059  0.018 -0.008 -0.010  1.000 -0.992 -0.992  0.993  0.992
       21  1.00000  -0.012  0.009 -0.041 -0.008  0.019  0.009 -0.992  1.000  1.000 -1.000 -1.000
       22  1.00000  -0.012  0.009 -0.041 -0.008  0.019  0.009 -0.992  1.000  1.000 -1.000 -1.000
       23  0.99999   0.012 -0.009  0.041  0.008 -0.019 -0.009  0.993 -1.000 -1.000  1.000  1.000
       24  0.99999   0.011 -0.008  0.040  0.008 -0.019 -0.009  0.992 -1.000 -1.000  1.000  1.000
 ERR MATRIX NOT POS-DEF
MINUIT - FIT ONLY 2-CBO
 **********
 **   25 **RES 
 **********
                   PARAMETER   16  beta_vw RESTORED TO VARIABLE.
                   PARAMETER   14  alpha_vw RESTORED TO VARIABLE.
                   PARAMETER   11  alpha_y RESTORED TO VARIABLE.
                   PARAMETER    9  alpha_2CBO RESTORED TO VARIABLE.
                   PARAMETER    8  beta_CBO RESTORED TO VARIABLE.
 **********
 **   26 **FIX            0
 **********
 PARAMETER    0  IS UNDEFINED. IGNORED.
 **********
 **   27 **FIX            1
 **********
 **********
 **   28 **FIX            2
 **********
 PARAMETER    2  IS CONSTANT.   IGNORED.
 **********
 **   29 **FIX            3
 **********
 **********
 **   30 **FIX            4
 **********
 **********
 **   31 **FIX            5
 **********
 PARAMETER    5  IS CONSTANT.   IGNORED.
 **********
 **   32 **FIX            6
 **********
 **********
 **   33 **FIX            7
 **********
 PARAMETER    7  IS CONSTANT.   IGNORED.
 **********
 **   34 **FIX           10
 **********
 **********
 **   35 **FIX           11
 **********
 **********
 **   36 **FIX           12
 **********
 PARAMETER   12  IS CONSTANT.   IGNORED.
 **********
 **   37 **FIX           13
 **********
 **********
 **   38 **FIX           14
 **********
 **********
 **   39 **FIX           15
 **********
 PARAMETER   15  IS CONSTANT.   IGNORED.
 **********
 **   40 **FIX           16
 **********
 **********
 **   41 **MIGRAD
 **********
 START MIGRAD MINIMIZATION.  STRATEGY  1.  CONVERGENCE WHEN EDM .LT. 1.00e-04
 FCN=85.5862 FROM MIGRAD    STATUS=INITIATE       18 CALLS        3244 TOTAL
                     EDM= unknown      STRATEGY= 1      NO ERROR MATRIX       
  EXT PARAMETER               CURRENT GUESS       STEP         FIRST   
  NO.   NAME      VALUE            ERROR          SIZE      DERIVATIVE 
   1  N0           3.21859e+06     fixed    
   2  tau          6.44090e+01   constant   
   3  A0           3.65969e-01     fixed    
   4  phi          4.11802e+00     fixed    
   5  R           -6.00655e+01   constant   
   6  alpha_CBO   -1.11536e-03     fixed    
   7  w_CBO        2.32500e+00   constant   
   8  beta_CBO     0.00000e+00   1.00000e-03   1.00000e-03  -2.19815e+03
   9  alpha_2CBO   0.00000e+00   1.00000e-03   1.00000e-03   8.36374e+02
  10  beta_2CBO   -9.97683e-05     fixed    
  11  alpha_y      0.00000e+00     fixed    
  12  w_y          1.38860e+01   constant   
  13  beta_y       9.12057e-04     fixed    
  14  alpha_vw     0.00000e+00     fixed    
  15  w_vw         1.43404e+01   constant   
  16  beta_vw      0.00000e+00     fixed    
  17  LM           2.36781e-04   constant   
  18  zeta_y       0.00000e+00   constant   
  19  zeta_vw      0.00000e+00   constant   
  20  T_CBO        3.60065e+01   1.05984e+01   1.20158e-04   5.96374e-01
  21  alpha_A0     1.02099e+03   3.44089e+03   5.46740e-01   2.29564e-05
  22  beta_A0      5.55215e+02   1.85654e+03   2.77602e-01  -1.69431e-06
  23  alpha_phi   -3.77055e+02   1.23046e+03  -1.47433e-01   5.27716e-05
  24  beta_phi    -2.54809e+02   8.56948e+02  -1.35490e-01   6.31234e-06
 MIGRAD MINIMIZATION HAS CONVERGED.
 MIGRAD WILL VERIFY CONVERGENCE AND ERROR MATRIX.
 FCN=82.6162 FROM HESSE     STATUS=NOT POSDEF     50 CALLS        3373 TOTAL
                     EDM=0.00124326    STRATEGY= 1      ERR MATRIX NOT POS-DEF
  EXT PARAMETER                APPROXIMATE        STEP         FIRST   
  NO.   NAME      VALUE            ERROR          SIZE      DERIVATIVE 
   1  N0           3.21859e+06     fixed    
   2  tau          6.44090e+01   constant   
   3  A0           3.65969e-01     fixed    
   4  phi          4.11802e+00     fixed    
   5  R           -6.00655e+01   constant   
   6  alpha_CBO   -1.11536e-03     fixed    
   7  w_CBO        2.32500e+00   constant   
   8  beta_CBO     2.37509e-03   1.47012e-03   6.45976e-06  -2.19462e-01
   9  alpha_2CBO  -8.61293e-04   1.45913e-03   6.39684e-06  -8.14340e-01
  10  beta_2CBO   -9.97683e-05     fixed    
  11  alpha_y      0.00000e+00     fixed    
  12  w_y          1.38860e+01   constant   
  13  beta_y       9.12057e-04     fixed    
  14  alpha_vw     0.00000e+00     fixed    
  15  w_vw         1.43404e+01   constant   
  16  beta_vw      0.00000e+00     fixed    
  17  LM           2.36781e-04   constant   
  18  zeta_y       0.00000e+00   constant   
  19  zeta_vw      0.00000e+00   constant   
  20  T_CBO        3.60352e+01   1.91544e+01   2.95221e-05   2.85431e-01
  21  alpha_A0     1.00035e+03   6.09737e+03   2.16379e+00  -2.79198e-06
  22  beta_A0      6.67514e+02   4.09122e+03   2.12675e+00  -4.11002e-06
  23  alpha_phi   -3.44002e+02   2.12743e+03   1.93473e+00   4.97472e-06
  24  beta_phi    -2.29422e+02   1.47202e+03   2.11119e+00  -2.15986e-06
 CALL LIMIT EXCEEDED IN MIGRAD.
 MIGRAD TERMINATED WITHOUT CONVERGENCE.
 FCN=82.5762 FROM MIGRAD    STATUS=CALL LIMIT   1146 CALLS        4372 TOTAL
                     EDM=0.0014258    STRATEGY= 1      ERR MATRIX NOT POS-DEF
  EXT PARAMETER                APPROXIMATE        STEP         FIRST   
  NO.   NAME      VALUE            ERROR          SIZE      DERIVATIVE 
   1  N0           3.21859e+06     fixed    
   2  tau          6.44090e+01   constant   
   3  A0           3.65969e-01     fixed    
   4  phi          4.11802e+00     fixed    
   5  R           -6.00655e+01   constant   
   6  alpha_CBO   -1.11536e-03     fixed    
   7  w_CBO        2.32500e+00   constant   
   8  beta_CBO     2.38649e-03   1.47957e-03   3.81837e-06   5.54907e+00
   9  alpha_2CBO  -8.50850e-04   1.48004e-03   4.58058e-06   7.41112e+00
  10  beta_2CBO   -9.97683e-05     fixed    
  11  alpha_y      0.00000e+00     fixed    
  12  w_y          1.38860e+01   constant   
  13  beta_y       9.12057e-04     fixed    
  14  alpha_vw     0.00000e+00     fixed    
  15  w_vw         1.43404e+01   constant   
  16  beta_vw      0.00000e+00     fixed    
  17  LM           2.36781e-04   constant   
  18  zeta_y       0.00000e+00   constant   
  19  zeta_vw      0.00000e+00   constant   
  20  T_CBO        2.68162e+01   6.69665e+00  -7.82349e-04  -9.96971e+00
  21  alpha_A0     5.04302e+04   1.82422e+05   3.43821e+03  -1.17651e-06
  22  beta_A0      3.38477e+04   1.19271e+05   2.24864e+03  -8.98116e-07
  23  alpha_phi   -1.74787e+04   5.72375e+04  -1.07885e+03   1.15189e-06
  24  beta_phi    -1.16401e+04   4.66694e+04  -8.77105e+02   5.94506e-07
 EXTERNAL ERROR MATRIX.    NDIM=  25    NPAR=  7    ERR DEF=1
  2.189e-06  7.387e-08  3.266e-05  5.281e+00  3.590e+00 -1.718e+00 -1.232e+00 
  7.387e-08  2.191e-06  1.161e-04  4.807e+00  3.252e+00 -1.822e+00 -9.091e-01 
  3.266e-05  1.161e-04  4.487e+01 -1.219e+06 -7.972e+05  3.825e+05  3.112e+05 
  5.281e+00  4.807e+00 -1.219e+06  3.328e+10  2.176e+10 -1.043e+10 -8.503e+09 
  3.590e+00  3.252e+00 -7.972e+05  2.176e+10  1.423e+10 -6.821e+09 -5.556e+09 
 -1.718e+00 -1.822e+00  3.825e+05 -1.043e+10 -6.821e+09  3.276e+09  2.658e+09 
 -1.232e+00 -9.091e-01  3.112e+05 -8.503e+09 -5.556e+09  2.658e+09  2.178e+09 
ERR MATRIX NOT POS-DEF
 PARAMETER  CORRELATION COEFFICIENTS  
       NO.  GLOBAL      8      9     20     21     22     23     24
        8  0.42383   1.000  0.034  0.003  0.020  0.020 -0.020 -0.018
        9  0.52355   0.034  1.000  0.012  0.018  0.018 -0.022 -0.013
       20  0.99868   0.003  0.012  1.000 -0.998 -0.998  0.998  0.995
       21  0.99999   0.020  0.018 -0.998  1.000  1.000 -0.999 -0.999
       22  0.99999   0.020  0.018 -0.998  1.000  1.000 -0.999 -0.998
       23  0.99994  -0.020 -0.022  0.998 -0.999 -0.999  1.000  0.995
       24  0.99992  -0.018 -0.013  0.995 -0.999 -0.998  0.995  1.000
 ERR MATRIX NOT POS-DEF
MINUIT - FIT wiggle + 1-CBO + 2-CBO
 **********
 **   42 **RES 
 **********
                   PARAMETER   16  beta_vw RESTORED TO VARIABLE.
                   PARAMETER   14  alpha_vw RESTORED TO VARIABLE.
                   PARAMETER   13  beta_y RESTORED TO VARIABLE.
                   PARAMETER   11  alpha_y RESTORED TO VARIABLE.
                   PARAMETER   10  beta_2CBO RESTORED TO VARIABLE.
                   PARAMETER    6  alpha_CBO RESTORED TO VARIABLE.
                   PARAMETER    4  phi RESTORED TO VARIABLE.
                   PARAMETER    3  A0 RESTORED TO VARIABLE.
                   PARAMETER    1  N0 RESTORED TO VARIABLE.
 **********
 **   43 **FIX           10
 **********
 **********
 **   44 **FIX           11
 **********
 **********
 **   45 **FIX           12
 **********
 PARAMETER   12  IS CONSTANT.   IGNORED.
 **********
 **   46 **FIX           13
 **********
 **********
 **   47 **FIX           14
 **********
 **********
 **   48 **FIX           15
 **********
 PARAMETER   15  IS CONSTANT.   IGNORED.
 **********
 **   49 **FIX           16
 **********
 **********
 **   50 **MIGRAD
 **********
 START MIGRAD MINIMIZATION.  STRATEGY  1.  CONVERGENCE WHEN EDM .LT. 1.00e-04
 FCN=82.5762 FROM MIGRAD    STATUS=INITIATE       22 CALLS        4394 TOTAL
                     EDM= unknown      STRATEGY= 1      NO ERROR MATRIX       
  EXT PARAMETER               CURRENT GUESS       STEP         FIRST   
  NO.   NAME      VALUE            ERROR          SIZE      DERIVATIVE 
   1  N0           3.21859e+06   3.48040e+03   3.48040e+03  -3.25649e-06
   2  tau          6.44090e+01   constant   
   3  A0           3.65969e-01   1.33944e-03   1.33944e-03   5.13639e+02
   4  phi          4.11802e+00   3.86728e-03   3.86728e-03   1.30972e+01
   5  R           -6.00655e+01   constant   
   6  alpha_CBO   -1.11536e-03   1.47279e-03   1.47279e-03   3.97812e+01
   7  w_CBO        2.32500e+00   constant   
   8  beta_CBO     2.38649e-03   1.47957e-03   3.81837e-06   5.54907e+00
   9  alpha_2CBO  -8.50850e-04   1.48004e-03   4.58058e-06   7.41112e+00
  10  beta_2CBO   -9.97683e-05     fixed    
  11  alpha_y      0.00000e+00     fixed    
  12  w_y          1.38860e+01   constant   
  13  beta_y       9.12057e-04     fixed    
  14  alpha_vw     0.00000e+00     fixed    
  15  w_vw         1.43404e+01   constant   
  16  beta_vw      0.00000e+00     fixed    
  17  LM           2.36781e-04   constant   
  18  zeta_y       0.00000e+00   constant   
  19  zeta_vw      0.00000e+00   constant   
  20  T_CBO        2.68162e+01   6.69665e+00  -7.82349e-04  -9.96972e+00
  21  alpha_A0     5.04302e+04   1.82422e+05   3.43821e+03  -1.17651e-06
  22  beta_A0      3.38477e+04   1.19271e+05   2.24864e+03  -8.98116e-07
  23  alpha_phi   -1.74787e+04   5.72375e+04  -1.07885e+03   1.15189e-06
  24  beta_phi    -1.16401e+04   4.66694e+04  -8.77105e+02   5.94506e-07
 MIGRAD MINIMIZATION HAS CONVERGED.
 MIGRAD WILL VERIFY CONVERGENCE AND ERROR MATRIX.
 FCN=82.4544 FROM HESSE     STATUS=NOT POSDEF    100 CALLS        4611 TOTAL
                     EDM=0.000151527    STRATEGY= 1      ERR MATRIX NOT POS-DEF
  EXT PARAMETER                APPROXIMATE        STEP         FIRST   
  NO.   NAME      VALUE            ERROR          SIZE      DERIVATIVE 
   1  N0           3.21844e+06   3.50652e+03   1.27271e+01  -3.55279e-07
   2  tau          6.44090e+01   constant   
   3  A0           3.65493e-01   1.37096e-03   5.79157e-06  -6.54057e-01
   4  phi          4.11803e+00   3.99395e-03   1.67119e-05   1.47933e-02
   5  R           -6.00655e+01   constant   
   6  alpha_CBO   -1.10866e-03   1.51599e-03   6.39767e-06  -9.26168e-01
   7  w_CBO        2.32500e+00   constant   
   8  beta_CBO     2.48854e-03   1.50226e-03   6.45354e-06  -8.16402e-02
   9  alpha_2CBO  -8.93055e-04   1.46568e-03   6.39055e-06   5.63341e-01
  10  beta_2CBO   -9.97683e-05     fixed    
  11  alpha_y      0.00000e+00     fixed    
  12  w_y          1.38860e+01   constant   
  13  beta_y       9.12057e-04     fixed    
  14  alpha_vw     0.00000e+00     fixed    
  15  w_vw         1.43404e+01   constant   
  16  beta_vw      0.00000e+00     fixed    
  17  LM           2.36781e-04   constant   
  18  zeta_y       0.00000e+00   constant   
  19  zeta_vw      0.00000e+00   constant   
  20  T_CBO        2.68192e+01   1.04375e+01   1.89011e-05   8.87200e-02
  21  alpha_A0     4.97253e+04   2.97567e+05   2.51531e+01  -1.44842e-08
  22  beta_A0      3.49668e+04   2.10157e+05   2.51220e+01  -4.48490e-08
  23  alpha_phi   -1.74388e+04   1.06747e+05   2.49720e+01   3.10389e-08
  24  beta_phi    -1.26175e+04   7.93813e+04   2.51220e+01   2.41659e-08
 CALL LIMIT EXCEEDED IN MIGRAD.
 MIGRAD TERMINATED WITHOUT CONVERGENCE.
 FCN=82.4442 FROM MIGRAD    STATUS=CALL LIMIT   1928 CALLS        6300 TOTAL
                     EDM=0.000147004    STRATEGY= 1      ERR MATRIX NOT POS-DEF
  EXT PARAMETER                APPROXIMATE        STEP         FIRST   
  NO.   NAME      VALUE            ERROR          SIZE      DERIVATIVE 
   1  N0           3.21845e+06   3.44796e+03  -3.68561e-01   1.59434e-07
   2  tau          6.44090e+01   constant   
   3  A0           3.65528e-01   1.28057e-03   1.09991e-06   5.29574e+00
   4  phi          4.11806e+00   3.88822e-03  -5.58848e-07  -4.89161e-01
   5  R           -6.00655e+01   constant   
   6  alpha_CBO   -1.10496e-03   1.45489e-03   9.75702e-08   4.72948e+00
   7  w_CBO        2.32500e+00   constant   
   8  beta_CBO     2.48721e-03   1.49312e-03   4.11112e-07   1.02986e+00
   9  alpha_2CBO  -8.83224e-04   1.38757e-03   2.95659e-07   4.30217e+00
  10  beta_2CBO   -9.97683e-05     fixed    
  11  alpha_y      0.00000e+00     fixed    
  12  w_y          1.38860e+01   constant   
  13  beta_y       9.12057e-04     fixed    
  14  alpha_vw     0.00000e+00     fixed    
  15  w_vw         1.43404e+01   constant   
  16  beta_vw      0.00000e+00     fixed    
  17  LM           2.36781e-04   constant   
  18  zeta_y       0.00000e+00   constant   
  19  zeta_vw      0.00000e+00   constant   
  20  T_CBO        2.23337e+01   8.86024e+00  -4.91443e-04  -4.22057e+00
  21  alpha_A0     1.07998e+06   7.43479e+06   5.99564e+04  -2.22502e-08
  22  beta_A0      7.62887e+05   5.29967e+06   4.29671e+04  -1.03982e-08
  23  alpha_phi   -3.85131e+05   2.67988e+06  -2.17244e+04   1.77606e-09
  24  beta_phi    -2.73850e+05   1.94324e+06  -1.58216e+04   1.67193e-08
 EXTERNAL ERROR MATRIX.    NDIM=  25    NPAR= 11    ERR DEF=1
  1.189e+07 
  9.040e-01  1.640e-06 
  1.603e+00 -4.806e-08  1.512e-05 
 -9.443e-02 -4.199e-07  1.576e-06  2.117e-06 
 -1.456e-01 -3.649e-07 -1.425e-07  4.031e-08  2.229e-06 
  2.162e-01 -7.070e-08  2.191e-07 -2.019e-07  1.567e-08  1.925e-06 
  1.063e+03 -2.065e-03  1.857e-03 -1.048e-03  2.558e-04 -1.283e-03  7.860e+01 
 -6.797e+08  1.843e+03 -1.447e+03  1.004e+03 -1.766e+02  1.223e+03 -6.585e+07  5.528e+13 
 -4.882e+08  1.315e+03 -1.033e+03  7.210e+02 -1.244e+02  8.710e+02 -4.694e+07  3.936e+13  2.809e+13 
  2.410e+08 -6.677e+02  5.416e+02 -3.554e+02  6.633e+01 -4.431e+02  2.374e+07 -1.991e+13 -1.420e+13  7.182e+12 
  1.538e+08 -4.852e+02  3.807e+02 -2.692e+02  5.353e+01 -3.143e+02  1.711e+07 -1.432e+13 -1.026e+13  5.187e+12  3.776e+12 
ERR MATRIX NOT POS-DEF
 PARAMETER  CORRELATION COEFFICIENTS  
       NO.  GLOBAL      1      3      4      6      8      9     20     21     22     23     24
        1  0.35832   1.000  0.205  0.120 -0.019 -0.028  0.045  0.035 -0.027 -0.027  0.026  0.023
        3  0.65040   0.205  1.000 -0.010 -0.225 -0.191 -0.040 -0.182  0.194  0.194 -0.195 -0.195
        4  0.37207   0.120 -0.010  1.000  0.279 -0.025  0.041  0.054 -0.050 -0.050  0.052  0.050
        6  0.66460  -0.019 -0.225  0.279  1.000  0.019 -0.100 -0.081  0.093  0.094 -0.091 -0.095
        8  0.33959  -0.028 -0.191 -0.025  0.019  1.000  0.008  0.019 -0.016 -0.016  0.017  0.018
        9  0.58468   0.045 -0.040  0.041 -0.100  0.008  1.000 -0.104  0.119  0.118 -0.119 -0.117
       20  0.99966   0.035 -0.182  0.054 -0.081  0.019 -0.104  1.000 -0.999 -0.999  0.999  0.993
       21  0.99996  -0.027  0.194 -0.050  0.093 -0.016  0.119 -0.999  1.000  0.999 -0.999 -0.991
       22  0.99998  -0.027  0.194 -0.050  0.094 -0.016  0.118 -0.999  0.999  1.000 -1.000 -0.996
       23  0.99996   0.026 -0.195  0.052 -0.091  0.017 -0.119  0.999 -0.999 -1.000  1.000  0.996
       24  0.99984   0.023 -0.195  0.050 -0.095  0.018 -0.117  0.993 -0.991 -0.996  0.996  1.000
 ERR MATRIX NOT POS-DEF
MINUIT - FIT ONLY 1-y
 **********
 **   51 **RES 
 **********
                   PARAMETER   16  beta_vw RESTORED TO VARIABLE.
                   PARAMETER   14  alpha_vw RESTORED TO VARIABLE.
                   PARAMETER   13  beta_y RESTORED TO VARIABLE.
                   PARAMETER   11  alpha_y RESTORED TO VARIABLE.
                   PARAMETER   10  beta_2CBO RESTORED TO VARIABLE.
 **********
 **   52 **FIX            0
 **********
 PARAMETER    0  IS UNDEFINED. IGNORED.
 **********
 **   53 **FIX            1
 **********
 **********
 **   54 **FIX            2
 **********
 PARAMETER    2  IS CONSTANT.   IGNORED.
 **********
 **   55 **FIX            3
 **********
 **********
 **   56 **FIX            4
 **********
 **********
 **   57 **FIX            5
 **********
 PARAMETER    5  IS CONSTANT.   IGNORED.
 **********
 **   58 **FIX            6
 **********
 **********
 **   59 **FIX            7
 **********
 PARAMETER    7  IS CONSTANT.   IGNORED.
 **********
 **   60 **FIX            8
 **********
 **********
 **   61 **FIX            9
 **********
 **********
 **   62 **FIX           13
 **********
 **********
 **   63 **FIX           14
 **********
 **********
 **   64 **FIX           15
 **********
 PARAMETER   15  IS CONSTANT.   IGNORED.
 **********
 **   65 **FIX           16
 **********
 **********
 **   66 **MIGRAD
 **********
 START MIGRAD MINIMIZATION.  STRATEGY  1.  CONVERGENCE WHEN EDM .LT. 1.00e-04
 FCN=82.4442 FROM MIGRAD    STATUS=INITIATE       16 CALLS        6316 TOTAL
                     EDM= unknown      STRATEGY= 1      NO ERROR MATRIX       
  EXT PARAMETER               CURRENT GUESS       STEP         FIRST   
  NO.   NAME      VALUE            ERROR          SIZE      DERIVATIVE 
   1  N0           3.21845e+06     fixed    
   2  tau          6.44090e+01   constant   
   3  A0           3.65528e-01     fixed    
   4  phi          4.11806e+00     fixed    
   5  R           -6.00655e+01   constant   
   6  alpha_CBO   -1.10496e-03     fixed    
   7  w_CBO        2.32500e+00   constant   
   8  beta_CBO     2.48721e-03     fixed    
   9  alpha_2CBO  -8.83224e-04     fixed    
  10  beta_2CBO   -9.97683e-05   1.45690e-03   1.45690e-03   1.41328e+02
  11  alpha_y      0.00000e+00   1.00000e-03   1.00000e-03   3.19960e+03
  12  w_y          1.38860e+01   constant   
  13  beta_y       9.12057e-04     fixed    
  14  alpha_vw     0.00000e+00     fixed    
  15  w_vw         1.43404e+01   constant   
  16  beta_vw      0.00000e+00     fixed    
  17  LM           2.36781e-04   constant   
  18  zeta_y       0.00000e+00   constant   
  19  zeta_vw      0.00000e+00   constant   
  20  T_CBO        2.23337e+01   8.86024e+00  -4.91443e-04  -4.22057e+00
  21  alpha_A0     1.07998e+06   7.43479e+06   5.99564e+04  -2.22501e-08
  22  beta_A0      7.62887e+05   5.29967e+06   4.29671e+04  -1.03964e-08
  23  alpha_phi   -3.85131e+05   2.67988e+06  -2.17244e+04   1.77606e-09
  24  beta_phi    -2.73850e+05   1.94324e+06  -1.58216e+04   1.67193e-08
 MIGRAD MINIMIZATION HAS CONVERGED.
 MIGRAD WILL VERIFY CONVERGENCE AND ERROR MATRIX.
 FCN=77.0877 FROM HESSE     STATUS=NOT POSDEF     50 CALLS        6428 TOTAL
                     EDM=0.000108314    STRATEGY= 1      ERR MATRIX NOT POS-DEF
  EXT PARAMETER                APPROXIMATE        STEP         FIRST   
  NO.   NAME      VALUE            ERROR          SIZE      DERIVATIVE 
   1  N0           3.21845e+06     fixed    
   2  tau          6.44090e+01   constant   
   3  A0           3.65528e-01     fixed    
   4  phi          4.11806e+00     fixed    
   5  R           -6.00655e+01   constant   
   6  alpha_CBO   -1.10496e-03     fixed    
   7  w_CBO        2.32500e+00   constant   
   8  beta_CBO     2.48721e-03     fixed    
   9  alpha_2CBO  -8.83224e-04     fixed    
  10  beta_2CBO   -2.67712e-04   1.48025e-03   6.24944e-06  -3.84633e-02
  11  alpha_y     -3.34101e-03   1.44237e-03   6.23358e-06   1.81391e-02
  12  w_y          1.38860e+01   constant   
  13  beta_y       9.12057e-04     fixed    
  14  alpha_vw     0.00000e+00     fixed    
  15  w_vw         1.43404e+01   constant   
  16  beta_vw      0.00000e+00     fixed    
  17  LM           2.36781e-04   constant   
  18  zeta_y       0.00000e+00   constant   
  19  zeta_vw      0.00000e+00   constant   
  20  T_CBO        2.23232e+01   7.54140e+00   1.40496e-05   1.98342e-01
  21  alpha_A0     1.09238e+06   6.77763e+06   2.49926e+01  -8.65531e-10
  22  beta_A0      7.39955e+05   4.67107e+06   2.49925e+01  -1.18139e-09
  23  alpha_phi   -3.74013e+05   2.38622e+06   2.49922e+01   2.13420e-10
  24  beta_phi    -2.59790e+05   1.71407e+06   2.49925e+01  -7.13800e-10
 CALL LIMIT EXCEEDED IN MIGRAD.
 MIGRAD TERMINATED WITHOUT CONVERGENCE.
 FCN=77.0813 FROM MIGRAD    STATUS=CALL LIMIT   1152 CALLS        7452 TOTAL
                     EDM=6.64927e-05    STRATEGY= 1      ERR MATRIX NOT POS-DEF
  EXT PARAMETER                APPROXIMATE        STEP         FIRST   
  NO.   NAME      VALUE            ERROR          SIZE      DERIVATIVE 
   1  N0           3.21845e+06     fixed    
   2  tau          6.44090e+01   constant   
   3  A0           3.65528e-01     fixed    
   4  phi          4.11806e+00     fixed    
   5  R           -6.00655e+01   constant   
   6  alpha_CBO   -1.10496e-03     fixed    
   7  w_CBO        2.32500e+00   constant   
   8  beta_CBO     2.48721e-03     fixed    
   9  alpha_2CBO  -8.83224e-04     fixed    
  10  beta_2CBO   -2.74415e-04   1.43652e-03  -7.71287e-06  -5.64377e+00
  11  alpha_y     -3.34122e-03   1.47475e-03  -1.52361e-06   5.03089e-01
  12  w_y          1.38860e+01   constant   
  13  beta_y       9.12057e-04     fixed    
  14  alpha_vw     0.00000e+00     fixed    
  15  w_vw         1.43404e+01   constant   
  16  beta_vw      0.00000e+00     fixed    
  17  LM           2.36781e-04   constant   
  18  zeta_y       0.00000e+00   constant   
  19  zeta_vw      0.00000e+00   constant   
  20  T_CBO        1.96606e+01   8.96908e+00  -8.17237e-04  -2.24825e+00
  21  alpha_A0     1.32108e+07   1.13494e+08   1.53009e+06  -3.45416e-10
  22  beta_A0      8.99109e+06   7.64227e+07   1.00305e+06  -6.30918e-10
  23  alpha_phi   -4.56073e+06   3.88399e+07  -5.16863e+05   1.03816e-09
  24  beta_phi    -3.16781e+06   2.69658e+07  -3.54610e+05   6.46914e-10
 EXTERNAL ERROR MATRIX.    NDIM=  25    NPAR=  7    ERR DEF=1
  2.064e-06 -7.224e-08 -4.803e-05 -6.764e+02  2.817e+02 -2.575e+01 -9.633e+01 
 -7.224e-08  2.175e-06  4.657e-04 -5.426e+03 -3.688e+03  1.868e+03  1.295e+03 
 -4.803e-05  4.657e-04  8.056e+01 -1.014e+09 -6.838e+08  3.474e+08  2.412e+08 
 -6.764e+02 -5.426e+03 -1.014e+09  1.288e+16  8.659e+15 -4.406e+15 -3.055e+15 
  2.817e+02 -3.688e+03 -6.838e+08  8.659e+15  5.840e+15 -2.967e+15 -2.060e+15 
 -2.575e+01  1.868e+03  3.474e+08 -4.406e+15 -2.967e+15  1.509e+15  1.047e+15 
