 + ++++++++++++++++++++++++++++++++++++++++++++++++++++++++++++++++++++ +
 +                                                                      +
 +           You have chose to blind your fitting according to          +
 +                omega_ref * (1 + (R +/- deltaR) *10^{-6})             +
 +                                                                      +
 + ++++++++++++++++++++++++++++++++++++++++++++++++++++++++++++++++++++ +
In main()...
reading format from /gm2data/zkhechad/run45/envelope/formats/formatB_sBin_constraintOn.txt
pBinTau 	= 0  
pBinPhi 	= 0  
constraintau 	= 1 
includeMopTerm 	= 0    
constrainMop    = 0   
Parameters after format file: pBinTau 0 pBinPhi 0 constraintau 1 includeMopTerm 0 constrainMop 0 c_e_scale 0.000000 
Opening file /gm2data/tbarrett/gm2fr/studies/run23_bunch_corrections/CorrectedFourier_Run3b.root.
reading full fit data from /gm2data/zkhechad/cboTemplates/Run4CBOTemplates/templateFits0_v2.0/noRF/sBin_constraintOn_cE0.0_seed0_noRF_calo23.root
windowBins = 69
fitting sliding window 1418 from bin 1554 at 231.707600 to bin 1623 at 242.151600 (69 bins)

Reading data from /gm2data/cornell/histograms/aMethod/histogram_a_noRF.root
 **********
 **    1 **SET PRINTOUT            1
 **********
 **********
 **    2 **SET NOWARNINGS 
 **********
 PARAMETER DEFINITIONS:
    NO.   NAME         VALUE      STEP SIZE      LIMITS
     1 N0           3.09806e+06  1.00000e+02     no limits
     2 tau          6.44406e+01  constant
     3 A0           3.43401e-01  1.00000e-04     no limits
     4 phi          4.11985e+00  1.00000e-02     no limits
     5 R           -6.14862e+01  constant
     6 alpha_CBO    0.00000e+00  1.00000e-03     no limits
     7 w_CBO        2.32500e+00  constant
     8 beta_CBO     0.00000e+00  1.00000e-03     no limits
     9 alpha_2CBO   0.00000e+00  1.00000e-03     no limits
    10 beta_2CBO    0.00000e+00  1.00000e-03     no limits
    11 alpha_y      0.00000e+00  1.00000e-03     no limits
    12 w_y          1.44500e+01  constant
    13 beta_y       0.00000e+00  1.00000e-03     no limits
    14 alpha_vw     0.00000e+00  1.00000e-03     no limits
    15 w_vw         1.29000e+01  constant
    16 beta_vw      0.00000e+00  1.00000e-03     no limits
    17 LM           1.22331e-03  constant
    18 zeta_y       0.00000e+00  constant
    19 zeta_vw      0.00000e+00  constant
    20 T_CBO        1.00000e+02  1.00000e+00    0.00000e+00  1.00000e+03
    21 alpha_A0     0.00000e+00  1.00000e-03     no limits
    22 beta_A0      0.00000e+00  1.00000e-03     no limits
    23 alpha_phi    0.00000e+00  1.00000e-03     no limits
    24 beta_phi     0.00000e+00  1.00000e-03     no limits
MINUIT - FIT ONLY WIGGLE
 **********
 **    3 **FIX            5
 **********
 PARAMETER    5  IS CONSTANT.   IGNORED.
 **********
 **    4 **FIX            6
 **********
 **********
 **    5 **FIX            7
 **********
 PARAMETER    7  IS CONSTANT.   IGNORED.
 **********
 **    6 **FIX            8
 **********
 **********
 **    7 **FIX            9
 **********
 **********
 **    8 **FIX           10
 **********
 **********
 **    9 **FIX           11
 **********
 **********
 **   10 **FIX           12
 **********
 PARAMETER   12  IS CONSTANT.   IGNORED.
 **********
 **   11 **FIX           13
 **********
 **********
 **   12 **FIX           14
 **********
 **********
 **   13 **FIX           15
 **********
 PARAMETER   15  IS CONSTANT.   IGNORED.
 **********
 **   14 **FIX           16
 **********
 **********
 **   15 **MIGRAD
 **********
 FIRST CALL TO USER FUNCTION AT NEW START POINT, WITH IFLAG=4.
 START MIGRAD MINIMIZATION.  STRATEGY  1.  CONVERGENCE WHEN EDM .LT. 1.00e-04
 FCN=163.603 FROM MIGRAD    STATUS=INITIATE      437 CALLS         438 TOTAL
                     EDM= unknown      STRATEGY= 1      NO ERROR MATRIX       
  EXT PARAMETER               CURRENT GUESS       STEP         FIRST   
  NO.   NAME      VALUE            ERROR          SIZE      DERIVATIVE 
   1  N0           3.09806e+06   1.00000e+02   0.00000e+00  -5.90409e-03
   2  tau          6.44406e+01   constant   
   3  A0           3.43401e-01   1.00000e-04   0.00000e+00  -8.29585e+03
   4  phi          4.11985e+00   1.00000e-02   0.00000e+00   8.66300e+02
   5  R           -6.14862e+01   constant   
   6  alpha_CBO    0.00000e+00     fixed    
   7  w_CBO        2.32500e+00   constant   
   8  beta_CBO     0.00000e+00     fixed    
   9  alpha_2CBO   0.00000e+00     fixed    
  10  beta_2CBO    0.00000e+00     fixed    
  11  alpha_y      0.00000e+00     fixed    
  12  w_y          1.44500e+01   constant   
  13  beta_y       0.00000e+00     fixed    
  14  alpha_vw     0.00000e+00     fixed    
  15  w_vw         1.29000e+01   constant   
  16  beta_vw      0.00000e+00     fixed    
  17  LM           1.22331e-03   constant   
  18  zeta_y       0.00000e+00   constant   
  19  zeta_vw      0.00000e+00   constant   
  20  T_CBO        1.00000e+02   1.00000e+00   0.00000e+00   0.00000e+00
  21  alpha_A0     0.00000e+00   1.00000e-03   0.00000e+00  -1.30354e+02
  22  beta_A0      0.00000e+00   1.00000e-03   0.00000e+00   3.28555e+02
  23  alpha_phi    0.00000e+00   1.00000e-03   0.00000e+00   2.83643e+02
  24  beta_phi     0.00000e+00   1.00000e-03   0.00000e+00   4.32903e+02
 CALL LIMIT EXCEEDED IN MIGRAD.
 MIGRAD TERMINATED WITHOUT CONVERGENCE.
 FCN=135.482 FROM MIGRAD    STATUS=CALL LIMIT   1322 CALLS        1323 TOTAL
                     EDM=0.000665017    STRATEGY= 1  ERROR MATRIX UNCERTAINTY   2.4 per cent
  EXT PARAMETER                APPROXIMATE        STEP         FIRST   
  NO.   NAME      VALUE            ERROR          SIZE      DERIVATIVE 
   1  N0           3.09948e+06   8.47766e+02   2.00929e+01   8.14770e-06
   2  tau          6.44406e+01   constant   
   3  A0           3.43989e-01   3.38289e-04  -1.56217e-07  -4.58033e+00
   4  phi          4.11913e+00   1.05742e-03  -1.18872e-05  -1.52131e+01
   5  R           -6.14862e+01   constant   
   6  alpha_CBO    0.00000e+00     fixed    
   7  w_CBO        2.32500e+00   constant   
   8  beta_CBO     0.00000e+00     fixed    
   9  alpha_2CBO   0.00000e+00     fixed    
  10  beta_2CBO    0.00000e+00     fixed    
  11  alpha_y      0.00000e+00     fixed    
  12  w_y          1.44500e+01   constant   
  13  beta_y       0.00000e+00     fixed    
  14  alpha_vw     0.00000e+00     fixed    
  15  w_vw         1.29000e+01   constant   
  16  beta_vw      0.00000e+00     fixed    
  17  LM           1.22331e-03   constant   
  18  zeta_y       0.00000e+00   constant   
  19  zeta_vw      0.00000e+00   constant   
  20  T_CBO        4.54000e+01   2.41016e+01  -3.82009e-03  -4.54689e+00
  21  alpha_A0     4.23343e-01   1.07034e+00   3.40267e-02  -2.42908e-01
  22  beta_A0     -4.35116e-01   1.11775e+00  -3.55216e-02  -1.40748e-01
  23  alpha_phi   -4.86018e-01   1.19322e+00  -3.79397e-02   4.34919e-01
  24  beta_phi    -8.88240e-01   2.29831e+00  -7.30498e-02  -2.48087e-02
 EXTERNAL ERROR MATRIX.    NDIM=  25    NPAR=  8    ERR DEF=1
  7.187e+05  4.067e-02  1.206e-01 -4.209e+03  1.861e+02 -1.947e+02 -2.064e+02 -4.006e+02 
  4.067e-02  1.144e-07 -2.014e-08  6.860e-04 -2.978e-05  3.156e-05  3.312e-05  6.453e-05 
  1.206e-01 -2.014e-08  1.118e-06  1.553e-03 -9.112e-05  9.039e-05  9.970e-05  1.922e-04 
 -4.209e+03  6.860e-04  1.553e-03  5.835e+02 -2.577e+01  2.692e+01  2.874e+01  5.535e+01 
  1.861e+02 -2.978e-05 -9.112e-05 -2.577e+01  1.146e+00 -1.196e+00 -1.277e+00 -2.460e+00 
 -1.947e+02  3.156e-05  9.039e-05  2.692e+01 -1.196e+00  1.249e+00  1.333e+00  2.569e+00 
 -2.064e+02  3.312e-05  9.970e-05  2.874e+01 -1.277e+00  1.333e+00  1.424e+00  2.742e+00 
 -4.006e+02  6.453e-05  1.922e-04  5.535e+01 -2.460e+00  2.569e+00  2.742e+00  5.282e+00 
ERR MATRIX APPROXIMATE
 PARAMETER  CORRELATION COEFFICIENTS  
       NO.  GLOBAL      1      3      4     20     21     22     23     24
        1  0.32842   1.000  0.142  0.135 -0.206  0.205 -0.205 -0.204 -0.206
        3  0.22243   0.142  1.000 -0.056  0.084 -0.082  0.083  0.082  0.083
        4  0.34351   0.135 -0.056  1.000  0.061 -0.081  0.076  0.079  0.079
       20  0.99734  -0.206  0.084  0.061  1.000 -0.997  0.997  0.997  0.997
       21  0.99987   0.205 -0.082 -0.081 -0.997  1.000 -1.000 -1.000 -1.000
       22  0.99989  -0.205  0.083  0.076  0.997 -1.000  1.000  1.000  1.000
       23  0.99991  -0.204  0.082  0.079  0.997 -1.000  1.000  1.000  1.000
       24  0.99995  -0.206  0.083  0.079  0.997 -1.000  1.000  1.000  1.000
 ERR MATRIX APPROXIMATE
MINUIT - FIT ONLY 1-CBO + wiggle
 **********
 **   16 **RES 
 **********
                   PARAMETER   16  beta_vw RESTORED TO VARIABLE.
                   PARAMETER   14  alpha_vw RESTORED TO VARIABLE.
                   PARAMETER   13  beta_y RESTORED TO VARIABLE.
                   PARAMETER   11  alpha_y RESTORED TO VARIABLE.
                   PARAMETER   10  beta_2CBO RESTORED TO VARIABLE.
                   PARAMETER    9  alpha_2CBO RESTORED TO VARIABLE.
                   PARAMETER    8  beta_CBO RESTORED TO VARIABLE.
                   PARAMETER    6  alpha_CBO RESTORED TO VARIABLE.
 **********
 **   17 **FIX            8
 **********
 **********
 **   18 **FIX            9
 **********
 **********
 **   19 **FIX           11
 **********
 **********
 **   20 **FIX           12
 **********
 PARAMETER   12  IS CONSTANT.   IGNORED.
 **********
 **   21 **FIX           14
 **********
 **********
 **   22 **FIX           15
 **********
 PARAMETER   15  IS CONSTANT.   IGNORED.
 **********
 **   23 **FIX           16
 **********
 **********
 **   24 **MIGRAD
 **********
 START MIGRAD MINIMIZATION.  STRATEGY  1.  CONVERGENCE WHEN EDM .LT. 1.00e-04
 FCN=135.482 FROM MIGRAD    STATUS=INITIATE       28 CALLS        1351 TOTAL
                     EDM= unknown      STRATEGY= 1      NO ERROR MATRIX       
  EXT PARAMETER               CURRENT GUESS       STEP         FIRST   
  NO.   NAME      VALUE            ERROR          SIZE      DERIVATIVE 
   1  N0           3.09948e+06   8.47766e+02   2.00929e+01   8.14770e-06
   2  tau          6.44406e+01   constant   
   3  A0           3.43989e-01   3.38289e-04  -1.56217e-07  -4.58033e+00
   4  phi          4.11913e+00   1.05742e-03  -1.18872e-05  -1.52131e+01
   5  R           -6.14862e+01   constant   
   6  alpha_CBO    0.00000e+00   1.00000e-03   1.00000e-03   4.66836e+04
   7  w_CBO        2.32500e+00   constant   
   8  beta_CBO     0.00000e+00     fixed    
   9  alpha_2CBO   0.00000e+00     fixed    
  10  beta_2CBO    0.00000e+00   1.00000e-03   1.00000e-03  -8.53583e+03
  11  alpha_y      0.00000e+00     fixed    
  12  w_y          1.44500e+01   constant   
  13  beta_y       0.00000e+00   1.00000e-03   1.00000e-03   3.94214e+03
  14  alpha_vw     0.00000e+00     fixed    
  15  w_vw         1.29000e+01   constant   
  16  beta_vw      0.00000e+00     fixed    
  17  LM           1.22331e-03   constant   
  18  zeta_y       0.00000e+00   constant   
  19  zeta_vw      0.00000e+00   constant   
  20  T_CBO        4.54000e+01   2.41016e+01  -3.82009e-03  -4.54691e+00
  21  alpha_A0     4.23343e-01   1.07034e+00   3.40267e-02  -2.42908e-01
  22  beta_A0     -4.35116e-01   1.11775e+00  -3.55216e-02  -1.40748e-01
  23  alpha_phi   -4.86018e-01   1.19322e+00  -3.79397e-02   4.34919e-01
  24  beta_phi    -8.88240e-01   2.29831e+00  -7.30498e-02  -2.48087e-02
 CALL LIMIT EXCEEDED IN MIGRAD.
 MIGRAD TERMINATED WITHOUT CONVERGENCE.
 FCN=48.0992 FROM MIGRAD    STATUS=CALL LIMIT   1918 CALLS        3241 TOTAL
                     EDM=0.000142664    STRATEGY= 1  ERROR MATRIX UNCERTAINTY   6.7 per cent
  EXT PARAMETER                APPROXIMATE        STEP         FIRST   
  NO.   NAME      VALUE            ERROR          SIZE      DERIVATIVE 
   1  N0           3.09927e+06   8.01024e+02   3.86734e+00   3.98915e-07
   2  tau          6.44406e+01   constant   
   3  A0           3.43290e-01   3.35648e-04   1.56456e-06   3.07904e+01
   4  phi          4.12037e+00   9.99855e-04  -8.88114e-06  -2.05417e+01
   5  R           -6.14862e+01   constant   
   6  alpha_CBO   -3.57476e-03   3.88916e-04  -5.33160e-07  -1.79314e+01
   7  w_CBO        2.32500e+00   constant   
   8  beta_CBO     0.00000e+00     fixed    
   9  alpha_2CBO   0.00000e+00     fixed    
  10  beta_2CBO    7.55428e-04   3.71924e-04   2.80722e-06   6.05846e+01
  11  alpha_y      0.00000e+00     fixed    
  12  w_y          1.44500e+01   constant   
  13  beta_y      -3.29955e-04   3.74392e-04   8.14688e-07   6.69335e+00
  14  alpha_vw     0.00000e+00     fixed    
  15  w_vw         1.29000e+01   constant   
  16  beta_vw      0.00000e+00     fixed    
  17  LM           1.22331e-03   constant   
  18  zeta_y       0.00000e+00   constant   
  19  zeta_vw      0.00000e+00   constant   
  20  T_CBO        2.21760e+01   2.28893e+00   3.51178e-04  -1.11696e+01
  21  alpha_A0     2.19388e+01   1.92413e+01  -3.41013e-01  -5.27872e-04
  22  beta_A0     -1.12048e+02   1.06699e+02   1.87094e+00   2.95124e-03
  23  alpha_phi   -1.97981e+02   1.92910e+02   3.37601e+00  -3.23426e-03
  24  beta_phi    -1.62334e+02   1.57333e+02   2.75300e+00   3.17359e-03
 EXTERNAL ERROR MATRIX.    NDIM=  25    NPAR= 11    ERR DEF=1
  6.416e+05 
  3.508e-02  1.127e-07 
  4.103e-02 -2.243e-08  9.997e-07 
  9.906e-03  2.706e-08 -5.038e-08  1.513e-07 
  8.395e-03 -1.070e-08  2.673e-08 -6.617e-09  1.383e-07 
 -7.078e-03 -1.598e-10  5.691e-09  1.674e-09 -3.779e-09  1.402e-07 
 -4.198e+02 -1.283e-04  7.314e-04  4.049e-05 -2.794e-04 -6.228e-05  5.240e+00 
  3.309e+03  1.244e-03 -7.376e-03 -5.470e-04  2.654e-03  6.367e-04 -4.360e+01  3.702e+02 
 -1.853e+04 -6.920e-03  4.099e-02  3.154e-03 -1.474e-02 -3.572e-03  2.416e+02 -2.053e+03  1.138e+04 
 -3.362e+04 -1.254e-02  7.415e-02  5.713e-03 -2.666e-02 -6.459e-03  4.368e+02 -3.711e+03  2.058e+04  3.721e+04 
 -2.744e+04 -1.023e-02  6.050e-02  4.642e-03 -2.174e-02 -5.270e-03  3.563e+02 -3.027e+03  1.679e+04  3.035e+04  2.475e+04 
ERR MATRIX APPROXIMATE
 PARAMETER  CORRELATION COEFFICIENTS  
       NO.  GLOBAL      1      3      4      6     10     13     20     21     22     23     24
        1  0.41926   1.000  0.130  0.051  0.032  0.028 -0.024 -0.229  0.215 -0.217 -0.218 -0.218
        3  0.57941   0.130  1.000 -0.067  0.207 -0.086 -0.001 -0.167  0.193 -0.193 -0.194 -0.194
        4  0.79573   0.051 -0.067  1.000 -0.130  0.072  0.015  0.320 -0.383  0.384  0.384  0.385
        6  0.59442   0.032  0.207 -0.130  1.000 -0.046  0.012  0.045 -0.073  0.076  0.076  0.076
       10  0.73224   0.028 -0.086  0.072 -0.046  1.000 -0.027 -0.328  0.371 -0.372 -0.372 -0.371
       13  0.33165  -0.024 -0.001  0.015  0.012 -0.027  1.000 -0.073  0.088 -0.089 -0.089 -0.089
       20  0.99612  -0.229 -0.167  0.320  0.045 -0.328 -0.073  1.000 -0.990  0.989  0.989  0.989
       21  0.99985   0.215  0.193 -0.383 -0.073  0.371  0.088 -0.990  1.000 -1.000 -1.000 -1.000
       22  1.00000  -0.217 -0.193  0.384  0.076 -0.372 -0.089  0.989 -1.000  1.000  1.000  1.000
       23  1.00000  -0.218 -0.194  0.384  0.076 -0.372 -0.089  0.989 -1.000  1.000  1.000  1.000
       24  1.00000  -0.218 -0.194  0.385  0.076 -0.371 -0.089  0.989 -1.000  1.000  1.000  1.000
 ERR MATRIX APPROXIMATE
MINUIT - FIT ONLY 2-CBO
 **********
 **   25 **RES 
 **********
                   PARAMETER   16  beta_vw RESTORED TO VARIABLE.
                   PARAMETER   14  alpha_vw RESTORED TO VARIABLE.
                   PARAMETER   11  alpha_y RESTORED TO VARIABLE.
                   PARAMETER    9  alpha_2CBO RESTORED TO VARIABLE.
                   PARAMETER    8  beta_CBO RESTORED TO VARIABLE.
 **********
 **   26 **FIX            0
 **********
 PARAMETER    0  IS UNDEFINED. IGNORED.
 **********
 **   27 **FIX            1
 **********
 **********
 **   28 **FIX            2
 **********
 PARAMETER    2  IS CONSTANT.   IGNORED.
 **********
 **   29 **FIX            3
 **********
 **********
 **   30 **FIX            4
 **********
 **********
 **   31 **FIX            5
 **********
 PARAMETER    5  IS CONSTANT.   IGNORED.
 **********
 **   32 **FIX            6
 **********
 **********
 **   33 **FIX            7
 **********
 PARAMETER    7  IS CONSTANT.   IGNORED.
 **********
 **   34 **FIX           10
 **********
 **********
 **   35 **FIX           11
 **********
 **********
 **   36 **FIX           12
 **********
 PARAMETER   12  IS CONSTANT.   IGNORED.
 **********
 **   37 **FIX           13
 **********
 **********
 **   38 **FIX           14
 **********
 **********
 **   39 **FIX           15
 **********
 PARAMETER   15  IS CONSTANT.   IGNORED.
 **********
 **   40 **FIX           16
 **********
 **********
 **   41 **MIGRAD
 **********
 START MIGRAD MINIMIZATION.  STRATEGY  1.  CONVERGENCE WHEN EDM .LT. 1.00e-04
 FCN=48.0992 FROM MIGRAD    STATUS=INITIATE       18 CALLS        3259 TOTAL
                     EDM= unknown      STRATEGY= 1      NO ERROR MATRIX       
  EXT PARAMETER               CURRENT GUESS       STEP         FIRST   
  NO.   NAME      VALUE            ERROR          SIZE      DERIVATIVE 
   1  N0           3.09927e+06     fixed    
   2  tau          6.44406e+01   constant   
   3  A0           3.43290e-01     fixed    
   4  phi          4.12037e+00     fixed    
   5  R           -6.14862e+01   constant   
   6  alpha_CBO   -3.57476e-03     fixed    
   7  w_CBO        2.32500e+00   constant   
   8  beta_CBO     0.00000e+00   1.00000e-03   1.00000e-03  -7.29968e+03
   9  alpha_2CBO   0.00000e+00   1.00000e-03   1.00000e-03   5.73716e+03
  10  beta_2CBO    7.55428e-04     fixed    
  11  alpha_y      0.00000e+00     fixed    
  12  w_y          1.44500e+01   constant   
  13  beta_y      -3.29955e-04     fixed    
  14  alpha_vw     0.00000e+00     fixed    
  15  w_vw         1.29000e+01   constant   
  16  beta_vw      0.00000e+00     fixed    
  17  LM           1.22331e-03   constant   
  18  zeta_y       0.00000e+00   constant   
  19  zeta_vw      0.00000e+00   constant   
  20  T_CBO        2.21760e+01   2.28893e+00   3.51178e-04  -1.11696e+01
  21  alpha_A0     2.19388e+01   1.92413e+01  -3.41013e-01  -5.27872e-04
  22  beta_A0     -1.12048e+02   1.06699e+02   1.87094e+00   2.95124e-03
  23  alpha_phi   -1.97981e+02   1.92910e+02   3.37601e+00  -3.23426e-03
  24  beta_phi    -1.62334e+02   1.57333e+02   2.75300e+00   3.17359e-03
 CALL LIMIT EXCEEDED IN MIGRAD.
 MIGRAD TERMINATED WITHOUT CONVERGENCE.
 FCN=44.8514 FROM MIGRAD    STATUS=CALL LIMIT   1158 CALLS        4399 TOTAL
                     EDM=0.00203609    STRATEGY= 1  ERROR MATRIX UNCERTAINTY  22.1 per cent
  EXT PARAMETER                APPROXIMATE        STEP         FIRST   
  NO.   NAME      VALUE            ERROR          SIZE      DERIVATIVE 
   1  N0           3.09927e+06     fixed    
   2  tau          6.44406e+01   constant   
   3  A0           3.43290e-01     fixed    
   4  phi          4.12037e+00     fixed    
   5  R           -6.14862e+01   constant   
   6  alpha_CBO   -3.57476e-03     fixed    
   7  w_CBO        2.32500e+00   constant   
   8  beta_CBO     5.14337e-04   3.74289e-04   2.24248e-06  -3.62434e+01
   9  alpha_2CBO  -4.03820e-04   3.71769e-04  -2.01524e-07  -4.47168e+00
  10  beta_2CBO    7.55428e-04     fixed    
  11  alpha_y      0.00000e+00     fixed    
  12  w_y          1.44500e+01   constant   
  13  beta_y      -3.29955e-04     fixed    
  14  alpha_vw     0.00000e+00     fixed    
  15  w_vw         1.29000e+01   constant   
  16  beta_vw      0.00000e+00     fixed    
  17  LM           1.22331e-03   constant   
  18  zeta_y       0.00000e+00   constant   
  19  zeta_vw      0.00000e+00   constant   
  20  T_CBO        1.55407e+01   1.64223e+00   1.05577e-04   3.27419e-01
  21  alpha_A0     3.15701e+03   7.56935e+03  -3.40760e+01   1.06251e-05
  22  beta_A0     -9.34802e+03   1.59555e+04   7.09576e+01  -1.18445e-05
  23  alpha_phi   -1.92899e+04   2.98482e+04   1.28968e+02   8.77831e-06
  24  beta_phi    -1.48956e+04   2.38370e+04   1.04060e+02   1.14568e-06
 EXTERNAL ERROR MATRIX.    NDIM=  25    NPAR=  7    ERR DEF=1
  1.401e-07  5.387e-09 -6.767e-06 -8.653e-02  6.488e-02  1.212e-02  4.189e-02 
  5.387e-09  1.382e-07 -6.684e-06  5.792e-02 -4.887e-02 -1.149e-02 -2.974e-02 
 -6.767e-06 -6.684e-06  2.697e+00 -1.182e+04  2.590e+04  4.857e+04  3.880e+04 
 -8.653e-02  5.792e-02 -1.182e+04  5.730e+07 -1.181e+08 -2.154e+08 -1.737e+08 
  6.488e-02 -4.887e-02  2.590e+04 -1.181e+08  2.546e+08  4.740e+08  3.795e+08 
  1.212e-02 -1.149e-02  4.857e+04 -2.154e+08  4.740e+08  8.909e+08  7.111e+08 
  4.189e-02 -2.974e-02  3.880e+04 -1.737e+08  3.795e+08  7.111e+08  5.682e+08 
ERR MATRIX APPROXIMATE
 PARAMETER  CORRELATION COEFFICIENTS  
       NO.  GLOBAL      8      9     20     21     22     23     24
        8  0.22692   1.000  0.039 -0.011 -0.031  0.011  0.001  0.005
        9  0.20012   0.039  1.000 -0.011  0.021 -0.008 -0.001 -0.003
       20  0.99147  -0.011 -0.011  1.000 -0.951  0.988  0.991  0.991
       21  0.99988  -0.031  0.021 -0.951  1.000 -0.978 -0.953 -0.963
       22  0.99999   0.011 -0.008  0.988 -0.978  1.000  0.995  0.998
       23  0.99999   0.001 -0.001  0.991 -0.953  0.995  1.000  0.999
       24  1.00000   0.005 -0.003  0.991 -0.963  0.998  0.999  1.000
 ERR MATRIX APPROXIMATE
MINUIT - FIT wiggle + 1-CBO + 2-CBO
 **********
 **   42 **RES 
 **********
                   PARAMETER   16  beta_vw RESTORED TO VARIABLE.
                   PARAMETER   14  alpha_vw RESTORED TO VARIABLE.
                   PARAMETER   13  beta_y RESTORED TO VARIABLE.
                   PARAMETER   11  alpha_y RESTORED TO VARIABLE.
                   PARAMETER   10  beta_2CBO RESTORED TO VARIABLE.
                   PARAMETER    6  alpha_CBO RESTORED TO VARIABLE.
                   PARAMETER    4  phi RESTORED TO VARIABLE.
                   PARAMETER    3  A0 RESTORED TO VARIABLE.
                   PARAMETER    1  N0 RESTORED TO VARIABLE.
 **********
 **   43 **FIX           10
 **********
 **********
 **   44 **FIX           11
 **********
 **********
 **   45 **FIX           12
 **********
 PARAMETER   12  IS CONSTANT.   IGNORED.
 **********
 **   46 **FIX           13
 **********
 **********
 **   47 **FIX           14
 **********
 **********
 **   48 **FIX           15
 **********
 PARAMETER   15  IS CONSTANT.   IGNORED.
 **********
 **   49 **FIX           16
 **********
 **********
 **   50 **MIGRAD
 **********
 START MIGRAD MINIMIZATION.  STRATEGY  1.  CONVERGENCE WHEN EDM .LT. 1.00e-04
 FCN=44.8514 FROM MIGRAD    STATUS=INITIATE       22 CALLS        4421 TOTAL
                     EDM= unknown      STRATEGY= 1      NO ERROR MATRIX       
  EXT PARAMETER               CURRENT GUESS       STEP         FIRST   
  NO.   NAME      VALUE            ERROR          SIZE      DERIVATIVE 
   1  N0           3.09927e+06   8.01024e+02   8.01024e+02   1.50925e-04
   2  tau          6.44406e+01   constant   
   3  A0           3.43290e-01   3.35648e-04   3.35648e-04   1.57972e+02
   4  phi          4.12037e+00   9.99855e-04   9.99855e-04  -5.53407e+02
   5  R           -6.14862e+01   constant   
   6  alpha_CBO   -3.57476e-03   3.88916e-04   3.88916e-04  -2.50998e+02
   7  w_CBO        2.32500e+00   constant   
   8  beta_CBO     5.14337e-04   3.74289e-04   2.24248e-06  -3.62434e+01
   9  alpha_2CBO  -4.03820e-04   3.71769e-04  -2.01524e-07  -4.47168e+00
  10  beta_2CBO    7.55428e-04     fixed    
  11  alpha_y      0.00000e+00     fixed    
  12  w_y          1.44500e+01   constant   
  13  beta_y      -3.29955e-04     fixed    
  14  alpha_vw     0.00000e+00     fixed    
  15  w_vw         1.29000e+01   constant   
  16  beta_vw      0.00000e+00     fixed    
  17  LM           1.22331e-03   constant   
  18  zeta_y       0.00000e+00   constant   
  19  zeta_vw      0.00000e+00   constant   
  20  T_CBO        1.55407e+01   1.64223e+00   1.05577e-04   3.27405e-01
  21  alpha_A0     3.15701e+03   7.56935e+03  -3.40760e+01   1.06251e-05
  22  beta_A0     -9.34802e+03   1.59555e+04   7.09576e+01  -1.18445e-05
  23  alpha_phi   -1.92899e+04   2.98482e+04   1.28968e+02   8.77831e-06
  24  beta_phi    -1.48956e+04   2.38370e+04   1.04060e+02   1.14568e-06
 CALL LIMIT EXCEEDED IN MIGRAD.
 MIGRAD TERMINATED WITHOUT CONVERGENCE.
 FCN=44.5377 FROM MIGRAD    STATUS=CALL LIMIT   1909 CALLS        6308 TOTAL
                     EDM=0.00522222    STRATEGY= 1  ERROR MATRIX UNCERTAINTY  30.9 per cent
  EXT PARAMETER                APPROXIMATE        STEP         FIRST   
  NO.   NAME      VALUE            ERROR          SIZE      DERIVATIVE 
   1  N0           3.09920e+06   8.39476e+02  -1.55453e+00  -1.91370e-05
   2  tau          6.44406e+01   constant   
   3  A0           3.43239e-01   3.25746e-04  -3.30647e-06  -6.78651e+01
   4  phi          4.12082e+00   1.07072e-03   2.56734e-05   5.08568e+01
   5  R           -6.14862e+01   constant   
   6  alpha_CBO   -3.57217e-03   3.59921e-04   7.33167e-06   1.31585e+02
   7  w_CBO        2.32500e+00   constant   
   8  beta_CBO     5.41523e-04   3.79838e-04  -6.08820e-06  -1.26629e+02
   9  alpha_2CBO  -4.11112e-04   3.47846e-04  -8.55650e-06  -1.34625e+02
  10  beta_2CBO    7.55428e-04     fixed    
  11  alpha_y      0.00000e+00     fixed    
  12  w_y          1.44500e+01   constant   
  13  beta_y      -3.29955e-04     fixed    
  14  alpha_vw     0.00000e+00     fixed    
  15  w_vw         1.29000e+01   constant   
  16  beta_vw      0.00000e+00     fixed    
  17  LM           1.22331e-03   constant   
  18  zeta_y       0.00000e+00   constant   
  19  zeta_vw      0.00000e+00   constant   
  20  T_CBO        1.19011e+01   1.57210e+00  -4.40878e-04  -3.14220e+01
  21  alpha_A0     3.20215e+05   7.47020e+05   1.32753e+04   7.45499e-08
  22  beta_A0     -9.82056e+05   2.28167e+06  -7.61702e+04  -1.09593e-07
  23  alpha_phi   -2.01737e+06   4.70416e+06  -1.58679e+05   7.76350e-08
  24  beta_phi    -1.54968e+06   3.64973e+06  -1.27679e+05   1.20632e-07
 EXTERNAL ERROR MATRIX.    NDIM=  25    NPAR= 11    ERR DEF=1
  7.047e+05 
  3.810e-02  1.061e-07 
  9.648e-02 -2.234e-08  1.146e-06 
  4.139e-03  2.147e-08 -6.426e-08  1.295e-07 
 -1.708e-02 -4.998e-09  8.916e-08  9.573e-09  1.443e-07 
  2.157e-03 -3.003e-09  3.044e-08  9.159e-09  3.146e-10  1.210e-07 
  4.758e+00  3.663e-05 -2.131e-04 -3.400e-05  1.976e-05  4.382e-05  2.472e+00 
 -3.978e+07 -1.598e+01  4.197e+01  1.296e+01 -1.683e+00 -1.563e+01 -1.097e+06  5.580e+11 
  4.724e+07  5.980e+01 -3.311e+02 -4.818e+01  4.168e+01  7.523e+01  3.574e+06 -1.576e+12  5.206e+12 
  9.361e+07  1.236e+02 -6.905e+02 -9.976e+01  8.764e+01  1.567e+02  7.366e+06 -3.235e+12  1.073e+13  2.213e+13 
  5.993e+07  9.686e+01 -5.614e+02 -7.854e+01  7.359e+01  1.249e+02  5.702e+06 -2.469e+12  8.318e+12  1.716e+13  1.332e+13 
ERR MATRIX APPROXIMATE
 PARAMETER  CORRELATION COEFFICIENTS  
       NO.  GLOBAL      1      3      4      6      8      9     20     21     22     23     24
        1  0.40112   1.000  0.139  0.107  0.014 -0.054  0.007  0.004 -0.063  0.025  0.024  0.020
        3  0.27882   0.139  1.000 -0.064  0.183 -0.040 -0.027  0.072 -0.066  0.080  0.081  0.081
        4  0.47781   0.107 -0.064  1.000 -0.167  0.219  0.082 -0.127  0.052 -0.136 -0.137 -0.144
        6  0.34979   0.014  0.183 -0.167  1.000  0.070  0.073 -0.060  0.048 -0.059 -0.059 -0.060
        8  0.39656  -0.054 -0.040  0.219  0.070  1.000  0.002  0.033 -0.006  0.048  0.049  0.053
        9  0.28212   0.007 -0.027  0.082  0.073  0.002  1.000  0.080 -0.060  0.095  0.096  0.098
       20  0.99759   0.004  0.072 -0.127 -0.060  0.033  0.080  1.000 -0.934  0.996  0.996  0.994
       21  0.99981  -0.063 -0.066  0.052  0.048 -0.006 -0.060 -0.934  1.000 -0.925 -0.921 -0.905
       22  1.00000   0.025  0.080 -0.136 -0.059  0.048  0.095  0.996 -0.925  1.000  1.000  0.999
       23  1.00000   0.024  0.081 -0.137 -0.059  0.049  0.096  0.996 -0.921  1.000  1.000  0.999
       24  1.00000   0.020  0.081 -0.144 -0.060  0.053  0.098  0.994 -0.905  0.999  0.999  1.000
 ERR MATRIX APPROXIMATE
MINUIT - FIT ONLY 1-y
 **********
 **   51 **RES 
 **********
                   PARAMETER   16  beta_vw RESTORED TO VARIABLE.
                   PARAMETER   14  alpha_vw RESTORED TO VARIABLE.
                   PARAMETER   13  beta_y RESTORED TO VARIABLE.
                   PARAMETER   11  alpha_y RESTORED TO VARIABLE.
                   PARAMETER   10  beta_2CBO RESTORED TO VARIABLE.
 **********
 **   52 **FIX            0
 **********
 PARAMETER    0  IS UNDEFINED. IGNORED.
 **********
 **   53 **FIX            1
 **********
 **********
 **   54 **FIX            2
 **********
 PARAMETER    2  IS CONSTANT.   IGNORED.
 **********
 **   55 **FIX            3
 **********
 **********
 **   56 **FIX            4
 **********
 **********
 **   57 **FIX            5
 **********
 PARAMETER    5  IS CONSTANT.   IGNORED.
 **********
 **   58 **FIX            6
 **********
 **********
 **   59 **FIX            7
 **********
 PARAMETER    7  IS CONSTANT.   IGNORED.
 **********
 **   60 **FIX            8
 **********
 **********
 **   61 **FIX            9
 **********
 **********
 **   62 **FIX           13
 **********
 **********
 **   63 **FIX           14
 **********
 **********
 **   64 **FIX           15
 **********
 PARAMETER   15  IS CONSTANT.   IGNORED.
 **********
 **   65 **FIX           16
 **********
 **********
 **   66 **MIGRAD
 **********
 START MIGRAD MINIMIZATION.  STRATEGY  1.  CONVERGENCE WHEN EDM .LT. 1.00e-04
 FCN=44.5377 FROM MIGRAD    STATUS=INITIATE       16 CALLS        6324 TOTAL
                     EDM= unknown      STRATEGY= 1      NO ERROR MATRIX       
  EXT PARAMETER               CURRENT GUESS       STEP         FIRST   
  NO.   NAME      VALUE            ERROR          SIZE      DERIVATIVE 
   1  N0           3.09920e+06     fixed    
   2  tau          6.44406e+01   constant   
   3  A0           3.43239e-01     fixed    
   4  phi          4.12082e+00     fixed    
   5  R           -6.14862e+01   constant   
   6  alpha_CBO   -3.57217e-03     fixed    
   7  w_CBO        2.32500e+00   constant   
   8  beta_CBO     5.41523e-04     fixed    
   9  alpha_2CBO  -4.11112e-04     fixed    
  10  beta_2CBO    7.55428e-04   3.71924e-04   3.71924e-04   3.32982e+02
  11  alpha_y      0.00000e+00   1.00000e-03   1.00000e-03   1.20437e+04
  12  w_y          1.44500e+01   constant   
  13  beta_y      -3.29955e-04     fixed    
  14  alpha_vw     0.00000e+00     fixed    
  15  w_vw         1.29000e+01   constant   
  16  beta_vw      0.00000e+00     fixed    
  17  LM           1.22331e-03   constant   
  18  zeta_y       0.00000e+00   constant   
  19  zeta_vw      0.00000e+00   constant   
  20  T_CBO        1.19011e+01   1.57210e+00  -4.40878e-04  -3.14221e+01
  21  alpha_A0     3.20215e+05   7.47020e+05   1.32753e+04   7.45497e-08
  22  beta_A0     -9.82056e+05   2.28167e+06  -7.61702e+04  -1.09596e-07
  23  alpha_phi   -2.01737e+06   4.70416e+06  -1.58679e+05   7.76350e-08
  24  beta_phi    -1.54968e+06   3.64973e+06  -1.27679e+05   1.20632e-07
 CALL LIMIT EXCEEDED IN MIGRAD.
 MIGRAD TERMINATED WITHOUT CONVERGENCE.
 FCN=39.5211 FROM MIGRAD    STATUS=CALL LIMIT   1159 CALLS        7467 TOTAL
                     EDM=0.00199774    STRATEGY= 1  ERROR MATRIX UNCERTAINTY  39.6 per cent
  EXT PARAMETER                APPROXIMATE        STEP         FIRST   
  NO.   NAME      VALUE            ERROR          SIZE      DERIVATIVE 
   1  N0           3.09920e+06     fixed    
   2  tau          6.44406e+01   constant   
   3  A0           3.43239e-01     fixed    
   4  phi          4.12082e+00     fixed    
   5  R           -6.14862e+01   constant   
   6  alpha_CBO   -3.57217e-03     fixed    
   7  w_CBO        2.32500e+00   constant   
   8  beta_CBO     5.41523e-04     fixed    
   9  alpha_2CBO  -4.11112e-04     fixed    
  10  beta_2CBO    7.25677e-04   3.92666e-04  -3.41180e-06   1.10637e+02
  11  alpha_y     -8.18647e-04   3.70830e-04   1.48081e-06  -3.69262e+01
  12  w_y          1.44500e+01   constant   
  13  beta_y      -3.29955e-04     fixed    
  14  alpha_vw     0.00000e+00     fixed    
  15  w_vw         1.29000e+01   constant   
  16  beta_vw      0.00000e+00     fixed    
  17  LM           1.22331e-03   constant   
  18  zeta_y       0.00000e+00   constant   
  19  zeta_vw      0.00000e+00   constant   
  20  T_CBO        1.00842e+01   2.70455e+00  -2.72346e-04   1.14454e+00
  21  alpha_A0     1.08243e+07   7.48133e+07   7.35922e+05  -2.29892e-09
  22  beta_A0     -3.38028e+07   2.02062e+08  -2.01019e+06   7.60679e-10
  23  alpha_phi   -7.13825e+07   4.24856e+08  -4.20682e+06   1.93478e-09
  24  beta_phi    -5.61745e+07   3.26964e+08  -3.25567e+06  -3.18409e-09
 EXTERNAL ERROR MATRIX.    NDIM=  25    NPAR=  7    ERR DEF=1
  1.542e-07 -4.948e-09  1.197e-04 -3.578e+03  9.627e+03  2.093e+04  1.572e+04 
 -4.948e-09  1.375e-07 -9.352e-05  2.811e+03 -7.346e+03 -1.541e+04 -1.175e+04 
  1.197e-04 -9.352e-05  7.316e+00 -2.005e+08  5.456e+08  1.149e+09  8.841e+08 
 -3.578e+03  2.811e+03 -2.005e+08  5.597e+15 -1.507e+16 -3.151e+16 -2.429e+16 
  9.627e+03 -7.346e+03  5.456e+08 -1.507e+16  4.083e+16  8.571e+16  6.601e+16 
  2.093e+04 -1.541e+04  1.149e+09 -3.151e+16  8.571e+16  1.805e+17  1.389e+17 
  1.572e+04 -1.175e+04  8.841e+08 -2.429e+16  6.601e+16  1.389e+17  1.069e+17 
ERR MATRIX APPROXIMATE
 PARAMETER  CORRELATION COEFFICIENTS  
       NO.  GLOBAL     10     11     20     21     22     23     24
       10  0.43611   1.000 -0.034  0.113 -0.122  0.121  0.125  0.122
       11  0.17907  -0.034  1.000 -0.093  0.101 -0.098 -0.098 -0.097
       20  0.99977   0.113 -0.093  1.000 -0.991  0.998  0.999  1.000
       21  0.99990  -0.122  0.101 -0.991  1.000 -0.997 -0.991 -0.993
       22  0.99999   0.121 -0.098  0.998 -0.997  1.000  0.998  0.999
       23  0.99992   0.125 -0.098  0.999 -0.991  0.998  1.000  1.000
       24  0.99999   0.122 -0.097  1.000 -0.993  0.999  1.000  1.000
 ERR MATRIX APPROXIMATE
MINUIT - FIT ONLY 2-y
 **********
 **   67 **RES 
 **********
                   PARAMETER   16  beta_vw RESTORED TO VARIABLE.
                   PARAMETER   14  alpha_vw RESTORED TO VARIABLE.
                   PARAMETER   13  beta_y RESTORED TO VARIABLE.
                   PARAMETER    9  alpha_2CBO RESTORED TO VARIABLE.
                   PARAMETER    8  beta_CBO RESTORED TO VARIABLE.
                   PARAMETER    6  alpha_CBO RESTORED TO VARIABLE.
                   PARAMETER    4  phi RESTORED TO VARIABLE.
                   PARAMETER    3  A0 RESTORED TO VARIABLE.
                   PARAMETER    1  N0 RESTORED TO VARIABLE.
 **********
 **   68 **FIX            0
 **********
 PARAMETER    0  IS UNDEFINED. IGNORED.
 **********
 **   69 **FIX            1
 **********
 **********
 **   70 **FIX            2
 **********
 PARAMETER    2  IS CONSTANT.   IGNORED.
 **********
 **   71 **FIX            3
 **********
 **********
 **   72 **FIX            4
 **********
 **********
 **   73 **FIX            5
 **********
 PARAMETER    5  IS CONSTANT.   IGNORED.
 **********
 **   74 **FIX            6
 **********
 **********
 **   75 **FIX            7
 **********
 PARAMETER    7  IS CONSTANT.   IGNORED.
 **********
 **   76 **FIX            8
 **********
 **********
 **   77 **FIX            9
 **********
 **********
 **   78 **FIX           10
 **********
 **********
 **   79 **FIX           11
 **********
 **********
 **   80 **FIX           12
 **********
 PARAMETER   12  IS CONSTANT.   IGNORED.
 **********
 **   81 **FIX           16
 **********
 **********
 **   82 **MIGRAD
 **********
 START MIGRAD MINIMIZATION.  STRATEGY  1.  CONVERGENCE WHEN EDM .LT. 1.00e-04
 FCN=39.5211 FROM MIGRAD    STATUS=INITIATE       37 CALLS        7504 TOTAL
                     EDM= unknown      STRATEGY= 1      NO ERROR MATRIX       
  EXT PARAMETER               CURRENT GUESS       STEP         FIRST   
  NO.   NAME      VALUE            ERROR          SIZE      DERIVATIVE 
   1  N0           3.09920e+06     fixed    
   2  tau          6.44406e+01   constant   
   3  A0           3.43239e-01     fixed    
   4  phi          4.12082e+00     fixed    
   5  R           -6.14862e+01   constant   
   6  alpha_CBO   -3.57217e-03     fixed    
   7  w_CBO        2.32500e+00   constant   
   8  beta_CBO     5.41523e-04     fixed    
   9  alpha_2CBO  -4.11112e-04     fixed    
  10  beta_2CBO    7.25677e-04     fixed    
  11  alpha_y     -8.18647e-04     fixed    
  12  w_y          1.44500e+01   constant   
  13  beta_y      -3.29955e-04   3.74392e-04   0.00000e+00  -1.56176e+02
  14  alpha_vw     0.00000e+00   1.00000e-03   0.00000e+00  -8.00909e+02
  15  w_vw         1.29000e+01   constant   
  16  beta_vw      0.00000e+00     fixed    
  17  LM           1.22331e-03   constant   
  18  zeta_y       0.00000e+00   constant   
  19  zeta_vw      0.00000e+00   constant   
  20  T_CBO        1.00842e+01   2.70455e+00   0.00000e+00   9.21646e-01
  21  alpha_A0     1.08423e+07   7.48133e+07   1.80047e+04  -2.23076e-09
  22  beta_A0     -3.38028e+07   2.02062e+08   0.00000e+00   7.66500e-10
  23  alpha_phi   -7.13825e+07   4.24856e+08   0.00000e+00   1.94985e-09
  24  beta_phi    -5.61745e+07   3.26964e+08   0.00000e+00  -3.17472e-09
 MIGRAD MINIMIZATION HAS CONVERGED.
 MIGRAD WILL VERIFY CONVERGENCE AND ERROR MATRIX.
 FCN=39.496 FROM HESSE     STATUS=NOT POSDEF     52 CALLS        7636 TOTAL
                     EDM=0.000262063    STRATEGY= 1      ERR MATRIX NOT POS-DEF
  EXT PARAMETER                APPROXIMATE        STEP         FIRST   
  NO.   NAME      VALUE            ERROR          SIZE      DERIVATIVE 
   1  N0           3.09920e+06     fixed    
   2  tau          6.44406e+01   constant   
   3  A0           3.43239e-01     fixed    
   4  phi          4.12082e+00     fixed    
   5  R           -6.14862e+01   constant   
   6  alpha_CBO   -3.57217e-03     fixed    
   7  w_CBO        2.32500e+00   constant   
   8  beta_CBO     5.41523e-04     fixed    
   9  alpha_2CBO  -4.11112e-04     fixed    
  10  beta_2CBO    7.25677e-04     fixed    
  11  alpha_y     -8.18647e-04     fixed    
  12  w_y          1.44500e+01   constant   
  13  beta_y      -3.16512e-04   3.70249e-04   1.15979e-06  -1.29725e+00
  14  alpha_vw     5.62082e-05   3.72373e-04   1.15832e-06   4.29296e-01
  15  w_vw         1.29000e+01   constant   
  16  beta_vw      0.00000e+00     fixed    
  17  LM           1.22331e-03   constant   
  18  zeta_y       0.00000e+00   constant   
  19  zeta_vw      0.00000e+00   constant   
  20  T_CBO        1.00852e+01   3.89693e-01   2.82755e-06   2.10698e+00
  21  alpha_A0     1.14346e+07   3.90912e+07   1.79991e+01  -4.95135e-11
  22  beta_A0     -3.38279e+07   4.65567e+07   1.79991e+01  -1.69456e-10
  23  alpha_phi   -7.15466e+07   9.81230e+07   3.41161e+01   1.20446e-10
  24  beta_phi    -5.57013e+07   6.11260e+07   2.65605e+01   5.23297e-11
 MIGRAD MINIMIZATION HAS CONVERGED.
 MIGRAD WILL VERIFY CONVERGENCE AND ERROR MATRIX.
 MIGRAD TERMINATED WITHOUT CONVERGENCE.
 FCN=39.496 FROM MIGRAD    STATUS=FAILED        235 CALLS        7702 TOTAL
                     EDM=0.00044366    STRATEGY= 1      ERR MATRIX NOT POS-DEF
  EXT PARAMETER                APPROXIMATE        STEP         FIRST   
  NO.   NAME      VALUE            ERROR          SIZE      DERIVATIVE 
   1  N0           3.09920e+06     fixed    
   2  tau          6.44406e+01   constant   
   3  A0           3.43239e-01     fixed    
   4  phi          4.12082e+00     fixed    
   5  R           -6.14862e+01   constant   
   6  alpha_CBO   -3.57217e-03     fixed    
   7  w_CBO        2.32500e+00   constant   
   8  beta_CBO     5.41523e-04     fixed    
   9  alpha_2CBO  -4.11112e-04     fixed    
  10  beta_2CBO    7.25677e-04     fixed    
  11  alpha_y     -8.18647e-04     fixed    
  12  w_y          1.44500e+01   constant   
  13  beta_y      -3.16492e-04   3.35011e-04   1.15979e-06  -1.21685e+00
  14  alpha_vw     5.62535e-05   3.34936e-04   1.15832e-06   3.88375e-01
  15  w_vw         1.29000e+01   constant   
