 + ++++++++++++++++++++++++++++++++++++++++++++++++++++++++++++++++++++ +
 +                                                                      +
 +           You have chose to blind your fitting according to          +
 +                omega_ref * (1 + (R +/- deltaR) *10^{-6})             +
 +                                                                      +
 + ++++++++++++++++++++++++++++++++++++++++++++++++++++++++++++++++++++ +
In main()...
reading format from /gm2data/zkhechad/run45/envelope/formats/formatB_sBin_constraintOn.txt
pBinTau 	= 0  
pBinPhi 	= 0  
constraintau 	= 1 
includeMopTerm 	= 0    
constrainMop    = 0   
Parameters after format file: pBinTau 0 pBinPhi 0 constraintau 1 includeMopTerm 0 constrainMop 0 c_e_scale 0.000000 
Opening file /gm2data/tbarrett/gm2fr/studies/run23_bunch_corrections/CorrectedFourier_Run3b.root.
reading full fit data from /gm2data/zkhechad/cboTemplates/Run4CBOTemplates/fullFits/noRF/sBin_constraintOn_cE0.0_seed0_noRF_calo24.root
windowBins = 69
fitting sliding window 2310 from bin 2446 at 364.794000 to bin 2515 at 375.238000 (69 bins)

Reading data from /gm2data/cornell/histograms/aMethod/histogram_a_noRF.root
 **********
 **    1 **SET PRINTOUT            1
 **********
 **********
 **    2 **SET NOWARNINGS 
 **********
 PARAMETER DEFINITIONS:
    NO.   NAME         VALUE      STEP SIZE      LIMITS
     1 N0           3.17469e+06  1.00000e+02     no limits
     2 tau          6.44005e+01  constant
     3 A0           3.64944e-01  1.00000e-04     no limits
     4 phi          4.11953e+00  1.00000e-02     no limits
     5 R           -6.09192e+01  constant
     6 alpha_CBO    0.00000e+00  1.00000e-03     no limits
     7 w_CBO        2.32500e+00  constant
     8 beta_CBO     0.00000e+00  1.00000e-03     no limits
     9 alpha_2CBO   0.00000e+00  1.00000e-03     no limits
    10 beta_2CBO    0.00000e+00  1.00000e-03     no limits
    11 alpha_y      0.00000e+00  1.00000e-03     no limits
    12 w_y          1.38860e+01  constant
    13 beta_y       0.00000e+00  1.00000e-03     no limits
    14 alpha_vw     0.00000e+00  1.00000e-03     no limits
    15 w_vw         1.43404e+01  constant
    16 beta_vw      0.00000e+00  1.00000e-03     no limits
    17 LM          -6.12107e-05  constant
    18 zeta_y       0.00000e+00  constant
    19 zeta_vw      0.00000e+00  constant
    20 T_CBO        1.00000e+02  1.00000e+00    0.00000e+00  1.00000e+03
    21 alpha_A0     0.00000e+00  1.00000e-04   -1.00000e-02  1.00000e-02
    22 beta_A0      0.00000e+00  1.00000e-04   -1.00000e-02  1.00000e-02
    23 alpha_phi    0.00000e+00  1.00000e-04   -1.00000e-02  1.00000e-02
    24 beta_phi     0.00000e+00  1.00000e-04   -1.00000e-02  1.00000e-02
MINUIT - FIT ONLY WIGGLE
 **********
 **    3 **FIX            5
 **********
 PARAMETER    5  IS CONSTANT.   IGNORED.
 **********
 **    4 **FIX            6
 **********
 **********
 **    5 **FIX            7
 **********
 PARAMETER    7  IS CONSTANT.   IGNORED.
 **********
 **    6 **FIX            8
 **********
 **********
 **    7 **FIX            9
 **********
 **********
 **    8 **FIX           10
 **********
 **********
 **    9 **FIX           11
 **********
 **********
 **   10 **FIX           12
 **********
 PARAMETER   12  IS CONSTANT.   IGNORED.
 **********
 **   11 **FIX           13
 **********
 **********
 **   12 **FIX           14
 **********
 **********
 **   13 **FIX           15
 **********
 PARAMETER   15  IS CONSTANT.   IGNORED.
 **********
 **   14 **FIX           16
 **********
 **********
 **   15 **MIGRAD
 **********
 FIRST CALL TO USER FUNCTION AT NEW START POINT, WITH IFLAG=4.
 START MIGRAD MINIMIZATION.  STRATEGY  1.  CONVERGENCE WHEN EDM .LT. 1.00e-04
 FCN=71.2641 FROM MIGRAD    STATUS=INITIATE      437 CALLS         438 TOTAL
                     EDM= unknown      STRATEGY= 1      NO ERROR MATRIX       
  EXT PARAMETER               CURRENT GUESS       STEP         FIRST   
  NO.   NAME      VALUE            ERROR          SIZE      DERIVATIVE 
   1  N0           3.17469e+06   1.00000e+02   0.00000e+00  -1.22330e-03
   2  tau          6.44005e+01   constant   
   3  A0           3.64944e-01   1.00000e-04   0.00000e+00  -1.38863e+03
   4  phi          4.11953e+00   1.00000e-02   0.00000e+00   1.05901e+03
   5  R           -6.09192e+01   constant   
   6  alpha_CBO    0.00000e+00     fixed    
   7  w_CBO        2.32500e+00   constant   
   8  beta_CBO     0.00000e+00     fixed    
   9  alpha_2CBO   0.00000e+00     fixed    
  10  beta_2CBO    0.00000e+00     fixed    
  11  alpha_y      0.00000e+00     fixed    
  12  w_y          1.38860e+01   constant   
  13  beta_y       0.00000e+00     fixed    
  14  alpha_vw     0.00000e+00     fixed    
  15  w_vw         1.43404e+01   constant   
  16  beta_vw      0.00000e+00     fixed    
  17  LM          -6.12107e-05   constant   
  18  zeta_y       0.00000e+00   constant   
  19  zeta_vw      0.00000e+00   constant   
  20  T_CBO        1.00000e+02   1.00000e+00   0.00000e+00   0.00000e+00
  21  alpha_A0     0.00000e+00   1.00000e-04   0.00000e+00   6.57011e-02
  22  beta_A0      0.00000e+00   1.00000e-04   0.00000e+00  -2.14789e-02
  23  alpha_phi    0.00000e+00   1.00000e-04   0.00000e+00   5.17692e-02
  24  beta_phi     0.00000e+00   1.00000e-04   0.00000e+00  -1.57678e-02
 MIGRAD MINIMIZATION HAS CONVERGED.
 FCN=65.964 FROM MIGRAD    STATUS=CONVERGED    1152 CALLS        1153 TOTAL
                     EDM=3.67294e-06    STRATEGY= 1  ERROR MATRIX UNCERTAINTY   0.9 per cent
  EXT PARAMETER                                   STEP         FIRST   
  NO.   NAME      VALUE            ERROR          SIZE      DERIVATIVE 
   1  N0           3.17792e+06   2.34723e+03   1.18801e+00   5.34516e-07
   2  tau          6.44005e+01   constant   
   3  A0           3.65609e-01   9.90070e-04  -5.55217e-07   1.00611e+00
   4  phi          4.11487e+00   2.83222e-03   5.66044e-07   3.01119e-01
   5  R           -6.09192e+01   constant   
   6  alpha_CBO    0.00000e+00     fixed    
   7  w_CBO        2.32500e+00   constant   
   8  beta_CBO     0.00000e+00     fixed    
   9  alpha_2CBO   0.00000e+00     fixed    
  10  beta_2CBO    0.00000e+00     fixed    
  11  alpha_y      0.00000e+00     fixed    
  12  w_y          1.38860e+01   constant   
  13  beta_y       0.00000e+00     fixed    
  14  alpha_vw     0.00000e+00     fixed    
  15  w_vw         1.43404e+01   constant   
  16  beta_vw      0.00000e+00     fixed    
  17  LM          -6.12107e-05   constant   
  18  zeta_y       0.00000e+00   constant   
  19  zeta_vw      0.00000e+00   constant   
  20  T_CBO        9.99228e+02   5.00014e+02   2.48908e-02  -1.10459e-04
  21  alpha_A0    -2.99574e-03   6.80472e-03  -1.19006e-03  -1.31398e-03
  22  beta_A0      2.36296e-03   5.39368e-03   9.65376e-04  -1.64057e-03
  23  alpha_phi   -4.47825e-04   5.31232e-03  -3.35660e-04  -5.84025e-04
  24  beta_phi    -5.47018e-04   6.05468e-03  -8.87194e-04  -1.34538e-03
 EXTERNAL ERROR MATRIX.    NDIM=  25    NPAR=  8    ERR DEF=1
  5.509e+06 -2.697e-01 -7.552e-01  1.002e+05  3.646e+00  1.026e+00  3.942e-01  3.223e+00 
 -2.697e-01  9.802e-07 -9.139e-08 -4.600e-02 -1.226e-06 -4.029e-08 -2.389e-08 -1.106e-06 
 -7.552e-01 -9.139e-08  8.021e-06  6.542e-02  1.209e-06 -1.569e-06 -2.174e-06 -8.871e-07 
  1.002e+05 -4.600e-02  6.542e-02  7.615e+05  2.439e+00 -1.306e+00 -6.927e-02 -1.695e+00 
  3.646e+00 -1.226e-06  1.209e-06  2.439e+00  5.740e-05 -6.228e-06 -5.282e-06 -1.014e-05 
  1.026e+00 -4.029e-08 -1.569e-06 -1.306e+00 -6.228e-06  3.270e-05  7.755e-07  3.845e-06 
  3.942e-01 -2.389e-08 -2.174e-06 -6.927e-02 -5.282e-06  7.755e-07  3.137e-05  4.171e-06 
  3.223e+00 -1.106e-06 -8.871e-07 -1.695e+00 -1.014e-05  3.845e-06  4.171e-06  4.232e-05 
 PARAMETER  CORRELATION COEFFICIENTS  
       NO.  GLOBAL      1      3      4     20     21     22     23     24
        1  0.36388   1.000 -0.116 -0.114  0.049  0.205  0.076  0.030  0.211
        3  0.27477  -0.116  1.000 -0.033 -0.053 -0.163 -0.007 -0.004 -0.172
        4  0.20573  -0.114 -0.033  1.000  0.026  0.056 -0.097 -0.137 -0.048
       20  0.48258   0.049 -0.053  0.026  1.000  0.369 -0.262 -0.014 -0.299
       21  0.48328   0.205 -0.163  0.056  0.369  1.000 -0.144 -0.124 -0.206
       22  0.29626   0.076 -0.007 -0.097 -0.262 -0.144  1.000  0.024  0.103
       23  0.20857   0.030 -0.004 -0.137 -0.014 -0.124  0.024  1.000  0.114
       24  0.45171   0.211 -0.172 -0.048 -0.299 -0.206  0.103  0.114  1.000
MINUIT - FIT ONLY 1-CBO + wiggle
 **********
 **   16 **RES 
 **********
                   PARAMETER   16  beta_vw RESTORED TO VARIABLE.
                   PARAMETER   14  alpha_vw RESTORED TO VARIABLE.
                   PARAMETER   13  beta_y RESTORED TO VARIABLE.
                   PARAMETER   11  alpha_y RESTORED TO VARIABLE.
                   PARAMETER   10  beta_2CBO RESTORED TO VARIABLE.
                   PARAMETER    9  alpha_2CBO RESTORED TO VARIABLE.
                   PARAMETER    8  beta_CBO RESTORED TO VARIABLE.
                   PARAMETER    6  alpha_CBO RESTORED TO VARIABLE.
 **********
 **   17 **FIX            8
 **********
 **********
 **   18 **FIX            9
 **********
 **********
 **   19 **FIX           11
 **********
 **********
 **   20 **FIX           12
 **********
 PARAMETER   12  IS CONSTANT.   IGNORED.
 **********
 **   21 **FIX           14
 **********
 **********
 **   22 **FIX           15
 **********
 PARAMETER   15  IS CONSTANT.   IGNORED.
 **********
 **   23 **FIX           16
 **********
 **********
 **   24 **MIGRAD
 **********
 START MIGRAD MINIMIZATION.  STRATEGY  1.  CONVERGENCE WHEN EDM .LT. 1.00e-04
 FCN=65.964 FROM MIGRAD    STATUS=INITIATE       28 CALLS        1181 TOTAL
                     EDM= unknown      STRATEGY= 1      NO ERROR MATRIX       
  EXT PARAMETER               CURRENT GUESS       STEP         FIRST   
  NO.   NAME      VALUE            ERROR          SIZE      DERIVATIVE 
   1  N0           3.17792e+06   2.34723e+03   1.18801e+00   5.34516e-07
   2  tau          6.44005e+01   constant   
   3  A0           3.65609e-01   9.90070e-04  -5.55217e-07   1.00611e+00
   4  phi          4.11487e+00   2.83222e-03   5.66044e-07   3.01119e-01
   5  R           -6.09192e+01   constant   
   6  alpha_CBO    0.00000e+00   1.00000e-03   1.00000e-03   4.82749e+03
   7  w_CBO        2.32500e+00   constant   
   8  beta_CBO     0.00000e+00     fixed    
   9  alpha_2CBO   0.00000e+00     fixed    
  10  beta_2CBO    0.00000e+00   1.00000e-03   1.00000e-03   8.22496e+02
  11  alpha_y      0.00000e+00     fixed    
  12  w_y          1.38860e+01   constant   
  13  beta_y       0.00000e+00   1.00000e-03   1.00000e-03  -4.33066e+03
  14  alpha_vw     0.00000e+00     fixed    
  15  w_vw         1.43404e+01   constant   
  16  beta_vw      0.00000e+00     fixed    
  17  LM          -6.12107e-05   constant   
  18  zeta_y       0.00000e+00   constant   
  19  zeta_vw      0.00000e+00   constant   
  20  T_CBO        9.99228e+02   5.00014e+02   2.48908e-02  -1.14208e-04
  21  alpha_A0    -2.99574e-03   6.80472e-03  -1.19006e-03  -1.31398e-03
  22  beta_A0      2.36296e-03   5.39368e-03   9.65376e-04  -1.64058e-03
  23  alpha_phi   -4.47825e-04   5.31232e-03  -3.35660e-04  -5.84026e-04
  24  beta_phi    -5.47018e-04   6.05468e-03  -8.87194e-04   1.34538e-03
 MIGRAD MINIMIZATION HAS CONVERGED.
 MIGRAD WILL VERIFY CONVERGENCE AND ERROR MATRIX.
 COVARIANCE MATRIX CALCULATED SUCCESSFULLY
 FCN=55.0811 FROM MIGRAD    STATUS=CONVERGED     254 CALLS        1407 TOTAL
                     EDM=5.00507e-06    STRATEGY= 1      ERROR MATRIX ACCURATE 
  EXT PARAMETER                                   STEP         FIRST   
  NO.   NAME      VALUE            ERROR          SIZE      DERIVATIVE 
   1  N0           3.17789e+06   2.40802e+03   7.66000e+00   1.49230e-10
   2  tau          6.44005e+01   constant   
   3  A0           3.65532e-01   9.84801e-04   3.48891e-06   1.43431e+00
   4  phi          4.11344e+00   2.88822e-03   1.01105e-05  -1.82286e-01
   5  R           -6.09192e+01   constant   
   6  alpha_CBO   -2.55012e-03   1.03742e-03   3.66522e-06  -5.07065e-02
   7  w_CBO        2.32500e+00   constant   
   8  beta_CBO     0.00000e+00     fixed    
   9  alpha_2CBO   0.00000e+00     fixed    
  10  beta_2CBO   -2.14702e-04   1.04054e-03   3.68166e-06   6.03484e-02
  11  alpha_y      0.00000e+00     fixed    
  12  w_y          1.38860e+01   constant   
  13  beta_y       2.14269e-03   9.96151e-04   3.64051e-06   6.52001e-01
  14  alpha_vw     0.00000e+00     fixed    
  15  w_vw         1.43404e+01   constant   
  16  beta_vw      0.00000e+00     fixed    
  17  LM          -6.12107e-05   constant   
  18  zeta_y       0.00000e+00   constant   
  19  zeta_vw      0.00000e+00   constant   
  20  T_CBO        9.99984e+02   7.86357e+02   1.34306e-01   1.03570e-05
  21  alpha_A0    -2.11124e-03   5.86206e-03   2.20094e-03  -3.60613e-03
  22  beta_A0      2.14422e-03   5.39063e-03   2.04466e-03   5.56198e-04
  23  alpha_phi    8.48614e-04   5.10093e-03   1.90423e-03  -8.98640e-04
  24  beta_phi    -2.53870e-04   5.44781e-03   2.01517e-03  -9.36113e-06
 EXTERNAL ERROR MATRIX.    NDIM=  25    NPAR= 11    ERR DEF=1
  5.799e+06 
 -3.026e-01  9.698e-07 
 -6.253e-01 -7.641e-08  8.342e-06 
  5.035e-02  3.050e-08  6.476e-07  1.076e-06 
 -1.208e-01 -4.220e-08 -3.331e-08 -9.878e-08  1.083e-06 
  1.198e-02 -9.158e-09  5.826e-08  3.226e-09 -3.555e-09  9.923e-07 
  7.020e+02 -2.876e-04 -2.600e-04 -1.302e-04  3.414e-04  1.288e-05  2.449e+04 
  3.544e+00 -1.090e-06  6.674e-07 -3.544e-07  3.679e-07  8.168e-08 -1.703e-01  3.952e-05 
  9.989e-01  3.539e-08 -1.438e-06 -1.692e-07  8.848e-07 -1.225e-07  1.904e-01 -2.294e-06  3.261e-05 
  4.613e-01  1.179e-07 -2.235e-06 -4.283e-07 -8.683e-07 -4.485e-08  7.059e-02 -2.255e-06 -8.857e-07  2.868e-05 
 -3.454e+00  9.639e-07  4.648e-07 -1.361e-07  1.803e-07  1.925e-08 -1.655e-02 -4.181e-06 -1.069e-06 -5.097e-07  3.320e-05 
 PARAMETER  CORRELATION COEFFICIENTS  
       NO.  GLOBAL      1      3      4      6     10     13     20     21     22     23     24
        1  0.35963   1.000 -0.128 -0.090  0.020 -0.048  0.005  0.002  0.234  0.073  0.036 -0.249
        3  0.24761  -0.128  1.000 -0.027  0.030 -0.041 -0.009 -0.002 -0.176  0.006  0.022  0.170
        4  0.28898  -0.090 -0.027  1.000  0.216 -0.011  0.020 -0.001  0.037 -0.087 -0.145  0.028
        6  0.25783   0.020  0.030  0.216  1.000 -0.092  0.003 -0.001 -0.054 -0.029 -0.077 -0.023
       10  0.25239  -0.048 -0.041 -0.011 -0.092  1.000 -0.003  0.002  0.056  0.149 -0.156  0.030
       13  0.03341   0.005 -0.009  0.020  0.003 -0.003  1.000  0.000  0.013 -0.022 -0.008  0.003
       20  0.28371   0.002 -0.002 -0.001 -0.001  0.002  0.000  1.000 -0.173  0.213  0.084 -0.018
       21  0.35213   0.234 -0.176  0.037 -0.054  0.056  0.013 -0.173  1.000 -0.064 -0.067 -0.115
       22  0.29196   0.073  0.006 -0.087 -0.029  0.149 -0.022  0.213 -0.064  1.000 -0.029 -0.033
       23  0.24735   0.036  0.022 -0.145 -0.077 -0.156 -0.008  0.084 -0.067 -0.029  1.000 -0.017
       24  0.29251  -0.249  0.170  0.028 -0.023  0.030  0.003 -0.018 -0.115 -0.033 -0.017  1.000
MINUIT - FIT ONLY 2-CBO
 **********
 **   25 **RES 
 **********
                   PARAMETER   16  beta_vw RESTORED TO VARIABLE.
                   PARAMETER   14  alpha_vw RESTORED TO VARIABLE.
                   PARAMETER   11  alpha_y RESTORED TO VARIABLE.
                   PARAMETER    9  alpha_2CBO RESTORED TO VARIABLE.
                   PARAMETER    8  beta_CBO RESTORED TO VARIABLE.
 **********
 **   26 **FIX            0
 **********
 PARAMETER    0  IS UNDEFINED. IGNORED.
 **********
 **   27 **FIX            1
 **********
 **********
 **   28 **FIX            2
 **********
 PARAMETER    2  IS CONSTANT.   IGNORED.
 **********
 **   29 **FIX            3
 **********
 **********
 **   30 **FIX            4
 **********
 **********
 **   31 **FIX            5
 **********
 PARAMETER    5  IS CONSTANT.   IGNORED.
 **********
 **   32 **FIX            6
 **********
 **********
 **   33 **FIX            7
 **********
 PARAMETER    7  IS CONSTANT.   IGNORED.
 **********
 **   34 **FIX           10
 **********
 **********
 **   35 **FIX           11
 **********
 **********
 **   36 **FIX           12
 **********
 PARAMETER   12  IS CONSTANT.   IGNORED.
 **********
 **   37 **FIX           13
 **********
 **********
 **   38 **FIX           14
 **********
 **********
 **   39 **FIX           15
 **********
 PARAMETER   15  IS CONSTANT.   IGNORED.
 **********
 **   40 **FIX           16
 **********
 **********
 **   41 **MIGRAD
 **********
 START MIGRAD MINIMIZATION.  STRATEGY  1.  CONVERGENCE WHEN EDM .LT. 1.00e-04
 FCN=55.0811 FROM MIGRAD    STATUS=INITIATE       18 CALLS        1425 TOTAL
                     EDM= unknown      STRATEGY= 1      NO ERROR MATRIX       
  EXT PARAMETER               CURRENT GUESS       STEP         FIRST   
  NO.   NAME      VALUE            ERROR          SIZE      DERIVATIVE 
   1  N0           3.17789e+06     fixed    
   2  tau          6.44005e+01   constant   
   3  A0           3.65532e-01     fixed    
   4  phi          4.11344e+00     fixed    
   5  R           -6.09192e+01   constant   
   6  alpha_CBO   -2.55012e-03     fixed    
   7  w_CBO        2.32500e+00   constant   
   8  beta_CBO     0.00000e+00   1.00000e-03   1.00000e-03  -7.39413e+02
   9  alpha_2CBO   0.00000e+00   1.00000e-03   1.00000e-03  -1.69737e+03
  10  beta_2CBO   -2.14702e-04     fixed    
  11  alpha_y      0.00000e+00     fixed    
  12  w_y          1.38860e+01   constant   
  13  beta_y       2.14269e-03     fixed    
  14  alpha_vw     0.00000e+00     fixed    
  15  w_vw         1.43404e+01   constant   
  16  beta_vw      0.00000e+00     fixed    
  17  LM          -6.12107e-05   constant   
  18  zeta_y       0.00000e+00   constant   
  19  zeta_vw      0.00000e+00   constant   
  20  T_CBO        9.99984e+02   7.86357e+02   1.34306e-01  -1.05945e-05
  21  alpha_A0    -2.11124e-03   5.86206e-03   2.20094e-03  -3.60338e-03
  22  beta_A0      2.14422e-03   5.39063e-03   2.04466e-03   5.53380e-04
  23  alpha_phi    8.48614e-04   5.10093e-03   1.90423e-03  -8.99732e-04
  24  beta_phi    -2.53870e-04   5.44781e-03   2.01517e-03  -9.03499e-06
 MIGRAD MINIMIZATION HAS CONVERGED.
 MIGRAD WILL VERIFY CONVERGENCE AND ERROR MATRIX.
 COVARIANCE MATRIX CALCULATED SUCCESSFULLY
 FCN=54.1771 FROM MIGRAD    STATUS=CONVERGED     117 CALLS        1524 TOTAL
                     EDM=1.42479e-06    STRATEGY= 1      ERROR MATRIX ACCURATE 
  EXT PARAMETER                                   STEP         FIRST   
  NO.   NAME      VALUE            ERROR          SIZE      DERIVATIVE 
   1  N0           3.17789e+06     fixed    
   2  tau          6.44005e+01   constant   
   3  A0           3.65532e-01     fixed    
   4  phi          4.11344e+00     fixed    
   5  R           -6.09192e+01   constant   
   6  alpha_CBO   -2.55012e-03     fixed    
   7  w_CBO        2.32500e+00   constant   
   8  beta_CBO     4.04128e-04   1.00735e-03   3.61843e-06   5.59948e-01
   9  alpha_2CBO   8.89464e-04   1.01623e-03   3.60262e-06   6.90908e-01
  10  beta_2CBO   -2.14702e-04     fixed    
  11  alpha_y      0.00000e+00     fixed    
  12  w_y          1.38860e+01   constant   
  13  beta_y       2.14269e-03     fixed    
  14  alpha_vw     0.00000e+00     fixed    
  15  w_vw         1.43404e+01   constant   
  16  beta_vw      0.00000e+00     fixed    
  17  LM          -6.12107e-05   constant   
  18  zeta_y       0.00000e+00   constant   
  19  zeta_vw      0.00000e+00   constant   
  20  T_CBO        9.99997e+02   9.94005e+02   1.93362e-01   2.47136e-06
  21  alpha_A0    -1.33331e-03   5.71186e-03   2.15245e-03  -1.44227e-03
  22  beta_A0      1.53026e-03   5.43331e-03   2.00835e-03  -1.04612e-03
  23  alpha_phi    8.63386e-04   5.02245e-03   1.88842e-03  -7.06631e-04
  24  beta_phi     2.56597e-04   5.29891e-03   2.00014e-03   1.54803e-03
 EXTERNAL ERROR MATRIX.    NDIM=  25    NPAR=  7    ERR DEF=1
  1.015e-06  3.371e-08 -2.209e-04  5.217e-08 -6.723e-07 -1.098e-07 -3.014e-07 
  3.371e-08  1.033e-06  3.870e-04  8.857e-07 -4.215e-07  6.759e-08  7.301e-07 
 -2.209e-04  3.870e-04  8.553e+03 -1.102e-01  1.458e-01  7.663e-02  3.017e-02 
  5.217e-08  8.857e-07 -1.102e-01  3.706e-05 -3.936e-06 -2.397e-06 -1.338e-06 
 -6.723e-07 -4.215e-07  1.458e-01 -3.936e-06  3.309e-05  1.968e-07 -7.678e-08 
 -1.098e-07  6.759e-08  7.663e-02 -2.397e-06  1.968e-07  2.771e-05  1.695e-07 
 -3.014e-07  7.301e-07  3.017e-02 -1.338e-06 -7.678e-08  1.695e-07  3.119e-05 
 PARAMETER  CORRELATION COEFFICIENTS  
       NO.  GLOBAL      8      9     20     21     22     23     24
        8  0.13857   1.000  0.033 -0.002  0.009 -0.116 -0.021 -0.054
        9  0.21133   0.033  1.000  0.004  0.143 -0.072  0.013  0.129
       20  0.35842  -0.002  0.004  1.000 -0.196  0.274  0.157  0.058
       21  0.25730   0.009  0.143 -0.196  1.000 -0.112 -0.075 -0.039
       22  0.31254  -0.116 -0.072  0.274 -0.112  1.000  0.007 -0.002
       23  0.17164  -0.021  0.013  0.157 -0.075  0.007  1.000  0.006
       24  0.16105  -0.054  0.129  0.058 -0.039 -0.002  0.006  1.000
MINUIT - FIT wiggle + 1-CBO + 2-CBO
 **********
 **   42 **RES 
 **********
                   PARAMETER   16  beta_vw RESTORED TO VARIABLE.
                   PARAMETER   14  alpha_vw RESTORED TO VARIABLE.
                   PARAMETER   13  beta_y RESTORED TO VARIABLE.
                   PARAMETER   11  alpha_y RESTORED TO VARIABLE.
                   PARAMETER   10  beta_2CBO RESTORED TO VARIABLE.
                   PARAMETER    6  alpha_CBO RESTORED TO VARIABLE.
                   PARAMETER    4  phi RESTORED TO VARIABLE.
                   PARAMETER    3  A0 RESTORED TO VARIABLE.
                   PARAMETER    1  N0 RESTORED TO VARIABLE.
 **********
 **   43 **FIX           10
 **********
 **********
 **   44 **FIX           11
 **********
 **********
 **   45 **FIX           12
 **********
 PARAMETER   12  IS CONSTANT.   IGNORED.
 **********
 **   46 **FIX           13
 **********
 **********
 **   47 **FIX           14
 **********
 **********
 **   48 **FIX           15
 **********
 PARAMETER   15  IS CONSTANT.   IGNORED.
 **********
 **   49 **FIX           16
 **********
 **********
 **   50 **MIGRAD
 **********
 START MIGRAD MINIMIZATION.  STRATEGY  1.  CONVERGENCE WHEN EDM .LT. 1.00e-04
 FCN=54.1771 FROM MIGRAD    STATUS=INITIATE       22 CALLS        1546 TOTAL
                     EDM= unknown      STRATEGY= 1      NO ERROR MATRIX       
  EXT PARAMETER               CURRENT GUESS       STEP         FIRST   
  NO.   NAME      VALUE            ERROR          SIZE      DERIVATIVE 
   1  N0           3.17789e+06   2.40802e+03   2.40802e+03   2.52922e-05
   2  tau          6.44005e+01   constant   
   3  A0           3.65532e-01   9.84801e-04   9.84801e-04   2.03317e+02
   4  phi          4.11344e+00   2.88822e-03   2.88822e-03  -6.38040e+01
   5  R           -6.09192e+01   constant   
   6  alpha_CBO   -2.55012e-03   1.03742e-03   1.03742e-03   2.11346e+01
   7  w_CBO        2.32500e+00   constant   
   8  beta_CBO     4.04128e-04   1.00735e-03   3.61843e-06   5.59948e-01
   9  alpha_2CBO   8.89464e-04   1.01623e-03   3.60262e-06   6.90908e-01
  10  beta_2CBO   -2.14702e-04     fixed    
  11  alpha_y      0.00000e+00     fixed    
  12  w_y          1.38860e+01   constant   
  13  beta_y       2.14269e-03     fixed    
  14  alpha_vw     0.00000e+00     fixed    
  15  w_vw         1.43404e+01   constant   
  16  beta_vw      0.00000e+00     fixed    
  17  LM          -6.12107e-05   constant   
  18  zeta_y       0.00000e+00   constant   
  19  zeta_vw      0.00000e+00   constant   
  20  T_CBO        9.99997e+02   9.94005e+02   1.93362e-01  -2.58211e-06
  21  alpha_A0    -1.33331e-03   5.71186e-03   2.15245e-03  -1.44053e-03
  22  beta_A0      1.53026e-03   5.43331e-03   2.00835e-03  -1.04798e-03
  23  alpha_phi    8.63386e-04   5.02245e-03   1.88842e-03  -7.07725e-04
  24  beta_phi     2.56597e-04   5.29891e-03   2.00014e-03   1.54771e-03
 MIGRAD MINIMIZATION HAS CONVERGED.
 MIGRAD WILL VERIFY CONVERGENCE AND ERROR MATRIX.
 COVARIANCE MATRIX CALCULATED SUCCESSFULLY
 FCN=54.1564 FROM MIGRAD    STATUS=CONVERGED     195 CALLS        1719 TOTAL
                     EDM=6.15704e-06    STRATEGY= 1      ERROR MATRIX ACCURATE 
  EXT PARAMETER                                   STEP         FIRST   
  NO.   NAME      VALUE            ERROR          SIZE      DERIVATIVE 
   1  N0           3.17782e+06   2.41172e+03   7.59645e+00  -2.16107e-07
   2  tau          6.44005e+01   constant   
   3  A0           3.65427e-01   1.00772e-03   3.45992e-06   1.11873e-01
   4  phi          4.11373e+00   2.91236e-03   1.00309e-05   1.90003e-01
   5  R           -6.09192e+01   constant   
   6  alpha_CBO   -2.54509e-03   1.03373e-03   3.63504e-06  -5.40234e-01
   7  w_CBO        2.32500e+00   constant   
   8  beta_CBO     4.40868e-04   1.04260e-03   3.61783e-06   8.13827e-01
   9  alpha_2CBO   8.96919e-04   1.01858e-03   3.60204e-06  -5.17994e-01
  10  beta_2CBO   -2.14702e-04     fixed    
  11  alpha_y      0.00000e+00     fixed    
  12  w_y          1.38860e+01   constant   
  13  beta_y       2.14269e-03     fixed    
  14  alpha_vw     0.00000e+00     fixed    
  15  w_vw         1.43404e+01   constant   
  16  beta_vw      0.00000e+00     fixed    
  17  LM          -6.12107e-05   constant   
  18  zeta_y       0.00000e+00   constant   
  19  zeta_vw      0.00000e+00   constant   
  20  T_CBO        1.00000e+03   7.16730e+02   3.50218e-01** at limit **
  21  alpha_A0    -1.23765e-03   6.11713e-03   2.14992e-03  -4.48147e-03
  22  beta_A0      1.43549e-03   5.86317e-03   2.00381e-03  -1.94387e-04
  23  alpha_phi    7.74887e-04   5.19215e-03   1.88696e-03  -1.87245e-03
  24  beta_phi     2.08528e-04   5.51371e-03   1.99994e-03   5.13018e-04
 EXTERNAL ERROR MATRIX.    NDIM=  25    NPAR= 11    ERR DEF=1
  5.816e+06 
 -2.681e-01  1.016e-06 
 -6.877e-01 -1.504e-07  8.482e-06 
  4.446e-02  3.282e-08  6.388e-07  1.069e-06 
 -1.858e-01 -2.274e-07  3.399e-07 -3.021e-08  1.087e-06 
 -1.799e-03 -2.358e-08  1.898e-07  1.921e-08  4.516e-08  1.038e-06 
  2.902e+02 -9.334e-05 -1.355e-05 -3.421e-05 -5.431e-05  1.370e-04  2.659e+02 
  3.519e+00 -1.122e-06  9.014e-07 -3.059e-07  2.249e-07  9.180e-07 -3.409e-02  4.344e-05 
  1.285e+00  2.351e-07 -1.758e-06 -7.952e-08 -8.430e-07 -4.466e-07  4.644e-02 -7.778e-06  3.938e-05 
  4.252e-01  1.207e-07 -2.323e-06 -5.029e-07 -2.201e-07  2.099e-08  2.320e-02 -4.465e-06  3.480e-06  2.982e-05 
 -3.353e+00  1.034e-06  4.711e-07 -9.605e-08 -3.892e-07  7.182e-07  8.381e-03 -4.856e-06  3.755e-07  5.045e-07  3.411e-05 
 PARAMETER  CORRELATION COEFFICIENTS  
       NO.  GLOBAL      1      3      4      6      8      9     20     21     22     23     24
        1  0.36338   1.000 -0.110 -0.098  0.018 -0.074 -0.001  0.007  0.221  0.085  0.032 -0.238
        3  0.32183  -0.110  1.000 -0.051  0.032 -0.216 -0.023 -0.006 -0.169  0.037  0.022  0.176
        4  0.31291  -0.098 -0.051  1.000  0.212  0.112  0.064 -0.000  0.047 -0.096 -0.146  0.028
        6  0.24434   0.018  0.032  0.212  1.000 -0.028  0.018 -0.002 -0.045 -0.012 -0.089 -0.016
        8  0.29045  -0.074 -0.216  0.112 -0.028  1.000  0.043 -0.003  0.033 -0.129 -0.039 -0.064
        9  0.22142  -0.001 -0.023  0.064  0.018  0.043  1.000  0.008  0.137 -0.070  0.004  0.121
       20  0.56358   0.007 -0.006 -0.000 -0.002 -0.003  0.008  1.000 -0.317  0.454  0.261  0.088
       21  0.45074   0.221 -0.169  0.047 -0.045  0.033  0.137 -0.317  1.000 -0.188 -0.124 -0.126
       22  0.49131   0.085  0.037 -0.096 -0.012 -0.129 -0.070  0.454 -0.188  1.000  0.102  0.010
       23  0.31271   0.032  0.022 -0.146 -0.089 -0.039  0.004  0.261 -0.124  0.102  1.000  0.016
       24  0.32969  -0.238  0.176  0.028 -0.016 -0.064  0.121  0.088 -0.126  0.010  0.016  1.000
MINUIT - FIT ONLY 1-y
 **********
 **   51 **RES 
 **********
                   PARAMETER   16  beta_vw RESTORED TO VARIABLE.
                   PARAMETER   14  alpha_vw RESTORED TO VARIABLE.
                   PARAMETER   13  beta_y RESTORED TO VARIABLE.
                   PARAMETER   11  alpha_y RESTORED TO VARIABLE.
                   PARAMETER   10  beta_2CBO RESTORED TO VARIABLE.
 **********
 **   52 **FIX            0
 **********
 PARAMETER    0  IS UNDEFINED. IGNORED.
 **********
 **   53 **FIX            1
 **********
 **********
 **   54 **FIX            2
 **********
 PARAMETER    2  IS CONSTANT.   IGNORED.
 **********
 **   55 **FIX            3
 **********
 **********
 **   56 **FIX            4
 **********
 **********
 **   57 **FIX            5
 **********
 PARAMETER    5  IS CONSTANT.   IGNORED.
 **********
 **   58 **FIX            6
 **********
 **********
 **   59 **FIX            7
 **********
 PARAMETER    7  IS CONSTANT.   IGNORED.
 **********
 **   60 **FIX            8
 **********
 **********
 **   61 **FIX            9
 **********
 **********
 **   62 **FIX           13
 **********
 **********
 **   63 **FIX           14
 **********
 **********
 **   64 **FIX           15
 **********
 PARAMETER   15  IS CONSTANT.   IGNORED.
 **********
 **   65 **FIX           16
 **********
 **********
 **   66 **MIGRAD
 **********
 START MIGRAD MINIMIZATION.  STRATEGY  1.  CONVERGENCE WHEN EDM .LT. 1.00e-04
 FCN=54.1564 FROM MIGRAD    STATUS=INITIATE       16 CALLS        1735 TOTAL
                     EDM= unknown      STRATEGY= 1      NO ERROR MATRIX       
  EXT PARAMETER               CURRENT GUESS       STEP         FIRST   
  NO.   NAME      VALUE            ERROR          SIZE      DERIVATIVE 
   1  N0           3.17782e+06     fixed    
   2  tau          6.44005e+01   constant   
   3  A0           3.65427e-01     fixed    
   4  phi          4.11373e+00     fixed    
   5  R           -6.09192e+01   constant   
   6  alpha_CBO   -2.54509e-03     fixed    
   7  w_CBO        2.32500e+00   constant   
   8  beta_CBO     4.40868e-04     fixed    
   9  alpha_2CBO   8.96919e-04     fixed    
  10  beta_2CBO   -2.14702e-04   1.04054e-03   1.04054e-03  -2.02516e+01
  11  alpha_y      0.00000e+00   1.00000e-03   1.00000e-03  -1.67700e+03
  12  w_y          1.38860e+01   constant   
  13  beta_y       2.14269e-03     fixed    
  14  alpha_vw     0.00000e+00     fixed    
  15  w_vw         1.43404e+01   constant   
  16  beta_vw      0.00000e+00     fixed    
  17  LM          -6.12107e-05   constant   
  18  zeta_y       0.00000e+00   constant   
  19  zeta_vw      0.00000e+00   constant   
  20  T_CBO        1.00000e+03   7.16730e+02   3.50218e-01** at limit **
  21  alpha_A0    -1.23765e-03   6.11713e-03   2.14992e-03  -4.47994e-03
  22  beta_A0      1.43549e-03   5.86317e-03   2.00381e-03  -1.96230e-04
  23  alpha_phi    7.74887e-04   5.19215e-03   1.88696e-03  -1.87343e-03
  24  beta_phi     2.08528e-04   5.51371e-03   1.99994e-03   5.12754e-04
 MIGRAD MINIMIZATION HAS CONVERGED.
 MIGRAD WILL VERIFY CONVERGENCE AND ERROR MATRIX.
 COVARIANCE MATRIX CALCULATED SUCCESSFULLY
 FCN=53.4468 FROM MIGRAD    STATUS=CONVERGED     114 CALLS        1833 TOTAL
                     EDM=4.93704e-07    STRATEGY= 1      ERROR MATRIX ACCURATE 
  EXT PARAMETER                                   STEP         FIRST   
  NO.   NAME      VALUE            ERROR          SIZE      DERIVATIVE 
   1  N0           3.17782e+06     fixed    
   2  tau          6.44005e+01   constant   
   3  A0           3.65427e-01     fixed    
   4  phi          4.11373e+00     fixed    
   5  R           -6.09192e+01   constant   
   6  alpha_CBO   -2.54509e-03     fixed    
   7  w_CBO        2.32500e+00   constant   
   8  beta_CBO     4.40868e-04     fixed    
   9  alpha_2CBO   8.96919e-04     fixed    
  10  beta_2CBO   -2.10592e-04   1.03405e-03   3.62766e-06   8.16707e-02
  11  alpha_y      8.46227e-04   1.00465e-03   3.61832e-06  -5.16480e-03
  12  w_y          1.38860e+01   constant   
  13  beta_y       2.14269e-03     fixed    
  14  alpha_vw     0.00000e+00     fixed    
  15  w_vw         1.43404e+01   constant   
  16  beta_vw      0.00000e+00     fixed    
  17  LM          -6.12107e-05   constant   
  18  zeta_y       0.00000e+00   constant   
  19  zeta_vw      0.00000e+00   constant   
  20  T_CBO        1.00000e+03   9.99997e+02   1.88260e-01** at limit **
  21  alpha_A0    -1.28224e-03   5.65190e-03   2.13723e-03  -2.37208e-04
  22  beta_A0      1.41252e-03   5.40498e-03   1.98933e-03   1.64454e-03
  23  alpha_phi    8.76933e-04   5.07964e-03   1.87623e-03   2.24863e-04
  24  beta_phi     1.92351e-04   5.25082e-03   1.98691e-03  -1.20070e-04
 EXTERNAL ERROR MATRIX.    NDIM=  25    NPAR=  7    ERR DEF=1
  1.069e-06 -8.174e-09  1.649e-06  3.626e-07  8.980e-07 -8.881e-07  1.378e-07 
 -8.174e-09  1.009e-06 -1.508e-07 -6.508e-08 -4.134e-08  1.295e-07 -2.016e-08 
  1.649e-06 -1.508e-07  1.903e-01 -4.693e-04  6.045e-04  3.466e-04  1.048e-04 
  3.626e-07 -6.508e-08 -4.693e-04  3.616e-05 -2.857e-06 -2.638e-06 -1.782e-06 
  8.980e-07 -4.134e-08  6.045e-04 -2.857e-06  3.269e-05 -8.013e-07 -5.713e-08 
 -8.881e-07  1.295e-07  3.466e-04 -2.638e-06 -8.013e-07  2.841e-05 -1.069e-07 
  1.378e-07 -2.016e-08  1.048e-04 -1.782e-06 -5.713e-08 -1.069e-07  3.056e-05 
 PARAMETER  CORRELATION COEFFICIENTS  
       NO.  GLOBAL     10     11     20     21     22     23     24
       10  0.22778   1.000 -0.008  0.004  0.058  0.152 -0.161  0.024
       11  0.02744  -0.008  1.000 -0.000 -0.011 -0.007  0.024 -0.004
       20  0.32526   0.004 -0.000  1.000 -0.179  0.242  0.149  0.043
       21  0.20723   0.058 -0.011 -0.179  1.000 -0.083 -0.082 -0.054
       22  0.29344   0.152 -0.007  0.242 -0.083  1.000 -0.026 -0.002
       23  0.23004  -0.161  0.024  0.149 -0.082 -0.026  1.000 -0.004
       24  0.07245   0.024 -0.004  0.043 -0.054 -0.002 -0.004  1.000
MINUIT - FIT ONLY 2-y
 **********
 **   67 **RES 
 **********
                   PARAMETER   16  beta_vw RESTORED TO VARIABLE.
                   PARAMETER   14  alpha_vw RESTORED TO VARIABLE.
                   PARAMETER   13  beta_y RESTORED TO VARIABLE.
                   PARAMETER    9  alpha_2CBO RESTORED TO VARIABLE.
                   PARAMETER    8  beta_CBO RESTORED TO VARIABLE.
                   PARAMETER    6  alpha_CBO RESTORED TO VARIABLE.
                   PARAMETER    4  phi RESTORED TO VARIABLE.
                   PARAMETER    3  A0 RESTORED TO VARIABLE.
                   PARAMETER    1  N0 RESTORED TO VARIABLE.
 **********
 **   68 **FIX            0
 **********
 PARAMETER    0  IS UNDEFINED. IGNORED.
 **********
 **   69 **FIX            1
 **********
 **********
 **   70 **FIX            2
 **********
 PARAMETER    2  IS CONSTANT.   IGNORED.
 **********
 **   71 **FIX            3
 **********
 **********
 **   72 **FIX            4
 **********
 **********
 **   73 **FIX            5
 **********
 PARAMETER    5  IS CONSTANT.   IGNORED.
 **********
 **   74 **FIX            6
 **********
 **********
 **   75 **FIX            7
 **********
 PARAMETER    7  IS CONSTANT.   IGNORED.
 **********
 **   76 **FIX            8
 **********
 **********
 **   77 **FIX            9
 **********
 **********
 **   78 **FIX           10
 **********
 **********
 **   79 **FIX           11
 **********
 **********
 **   80 **FIX           12
 **********
 PARAMETER   12  IS CONSTANT.   IGNORED.
 **********
 **   81 **FIX           16
 **********
 **********
 **   82 **MIGRAD
 **********
 START MIGRAD MINIMIZATION.  STRATEGY  1.  CONVERGENCE WHEN EDM .LT. 1.00e-04
 FCN=53.4468 FROM MIGRAD    STATUS=INITIATE       16 CALLS        1849 TOTAL
                     EDM= unknown      STRATEGY= 1      NO ERROR MATRIX       
  EXT PARAMETER               CURRENT GUESS       STEP         FIRST   
  NO.   NAME      VALUE            ERROR          SIZE      DERIVATIVE 
   1  N0           3.17782e+06     fixed    
   2  tau          6.44005e+01   constant   
   3  A0           3.65427e-01     fixed    
   4  phi          4.11373e+00     fixed    
   5  R           -6.09192e+01   constant   
   6  alpha_CBO   -2.54509e-03     fixed    
   7  w_CBO        2.32500e+00   constant   
   8  beta_CBO     4.40868e-04     fixed    
   9  alpha_2CBO   8.96919e-04     fixed    
  10  beta_2CBO   -2.10592e-04     fixed    
  11  alpha_y      8.46227e-04     fixed    
  12  w_y          1.38860e+01   constant   
  13  beta_y       2.14269e-03   9.96151e-04   9.96151e-04   2.02751e+00
  14  alpha_vw     0.00000e+00   1.00000e-03   1.00000e-03  -1.20571e+03
  15  w_vw         1.43404e+01   constant   
  16  beta_vw      0.00000e+00     fixed    
  17  LM          -6.12107e-05   constant   
  18  zeta_y       0.00000e+00   constant   
  19  zeta_vw      0.00000e+00   constant   
  20  T_CBO        9.99999e+02   9.99997e+02   1.88260e-01  -1.41683e-06
  21  alpha_A0    -1.28224e-03   5.65190e-03   2.13723e-03  -2.35462e-04
  22  beta_A0      1.41252e-03   5.40498e-03   1.98933e-03   1.64243e-03
  23  alpha_phi    8.76933e-04   5.07964e-03   1.87623e-03   2.23544e-04
  24  beta_phi     1.92351e-04   5.25082e-03   1.98691e-03  -1.20361e-04
 MIGRAD MINIMIZATION HAS CONVERGED.
 MIGRAD WILL VERIFY CONVERGENCE AND ERROR MATRIX.
 COVARIANCE MATRIX CALCULATED SUCCESSFULLY
 FCN=53.0532 FROM MIGRAD    STATUS=CONVERGED     114 CALLS        1947 TOTAL
                     EDM=1.07834e-07    STRATEGY= 1      ERROR MATRIX ACCURATE 
  EXT PARAMETER                                   STEP         FIRST   
  NO.   NAME      VALUE            ERROR          SIZE      DERIVATIVE 
   1  N0           3.17782e+06     fixed    
   2  tau          6.44005e+01   constant   
   3  A0           3.65427e-01     fixed    
   4  phi          4.11373e+00     fixed    
   5  R           -6.09192e+01   constant   
   6  alpha_CBO   -2.54509e-03     fixed    
   7  w_CBO        2.32500e+00   constant   
   8  beta_CBO     4.40868e-04     fixed    
   9  alpha_2CBO   8.96919e-04     fixed    
  10  beta_2CBO   -2.10592e-04     fixed    
  11  alpha_y      8.46227e-04     fixed    
  12  w_y          1.38860e+01   constant   
  13  beta_y       1.96673e-03   1.03419e-03   3.57406e-06  -1.37405e-02
  14  alpha_vw     6.52720e-04   1.04031e-03   3.59577e-06   4.37355e-04
  15  w_vw         1.43404e+01   constant   
  16  beta_vw      0.00000e+00     fixed    
  17  LM          -6.12107e-05   constant   
  18  zeta_y       0.00000e+00   constant   
  19  zeta_vw      0.00000e+00   constant   
  20  T_CBO        1.00000e+03   5.91803e+02   1.38125e-01** at limit **
  21  alpha_A0    -1.29614e-03   5.60352e-03   2.12959e-03   6.85431e-04
  22  beta_A0      1.47413e-03   5.28275e-03   1.98283e-03  -2.53794e-04
  23  alpha_phi    8.45264e-04   4.99020e-03   1.86880e-03   2.92346e-04
  24  beta_phi     1.80561e-04   5.24712e-03   1.97972e-03   2.34228e-05
 EXTERNAL ERROR MATRIX.    NDIM=  25    NPAR=  7    ERR DEF=1
  1.070e-06 -2.901e-07  2.064e-07  6.532e-08 -1.408e-07 -1.823e-08  3.918e-08 
 -2.901e-07  1.082e-06  4.727e-08 -2.489e-08  1.072e-07 -5.266e-08 -2.079e-08 
  2.064e-07  4.727e-08  9.221e+00 -2.316e-03  3.058e-03  1.635e-03  4.878e-04 
  6.532e-08 -2.489e-08 -2.316e-03  3.546e-05 -2.450e-06 -1.881e-06 -1.691e-06 
 -1.408e-07  1.072e-07  3.058e-03 -2.450e-06  3.106e-05 -6.131e-07 -3.504e-07 
 -1.823e-08 -5.266e-08  1.635e-03 -1.881e-06 -6.131e-07  2.732e-05 -9.524e-08 
  3.918e-08 -2.079e-08  4.878e-04 -1.691e-06 -3.504e-07 -9.524e-08  3.051e-05 
 PARAMETER  CORRELATION COEFFICIENTS  
       NO.  GLOBAL     13     14     20     21     22     23     24
       13  0.27064   1.000 -0.270  0.000  0.011 -0.024 -0.003  0.007
       14  0.27011  -0.270  1.000  0.000 -0.004  0.018 -0.010 -0.004
       20  0.23783   0.000  0.000  1.000 -0.128  0.181  0.103  0.029
       21  0.15495   0.011 -0.004 -0.128  1.000 -0.074 -0.060 -0.051
       22  0.19531  -0.024  0.018  0.181 -0.074  1.000 -0.021 -0.011
       23  0.12218  -0.003 -0.010  0.103 -0.060 -0.021  1.000 -0.003
