 + ++++++++++++++++++++++++++++++++++++++++++++++++++++++++++++++++++++ +
 +                                                                      +
 +           You have chose to blind your fitting according to          +
 +                omega_ref * (1 + (R +/- deltaR) *10^{-6})             +
 +                                                                      +
 + ++++++++++++++++++++++++++++++++++++++++++++++++++++++++++++++++++++ +
In main()...
reading format from /gm2data/zkhechad/run45/envelope/formats/formatB_sBin_constraintOn.txt
pBinTau 	= 0  
pBinPhi 	= 0  
constraintau 	= 1 
includeMopTerm 	= 0    
constrainMop    = 0   
Parameters after format file: pBinTau 0 pBinPhi 0 constraintau 1 includeMopTerm 0 constrainMop 0 c_e_scale 0.000000 
Opening file /gm2data/tbarrett/gm2fr/studies/run23_bunch_corrections/CorrectedFourier_Run3b.root.
reading reference data from /gm2data/zkhechad/cboTemplates/Run4CBOTemplates/templateFits0/noRF/sBin_constraintOn_cE0.0_seed0_noRF_calo11.root (fixing 5-param to these terms)
windowBins = 34
fitting sliding window 35 from bin 171 at 25.364000 to bin 205 at 30.586000 (34 bins)

Reading data from /gm2data/cornell/histograms/aMethod/histogram_a_noRF.root
 **********
 **    1 **SET PRINTOUT            1
 **********
 **********
 **    2 **SET NOWARNINGS 
 **********
 PARAMETER DEFINITIONS:
    NO.   NAME         VALUE      STEP SIZE      LIMITS
     1 N0           3.16052e+06  1.00000e+02     no limits
     2 tau          6.43936e+01  constant
     3 A0           3.42730e-01  1.00000e-04     no limits
     4 phi          4.11797e+00  1.00000e-02     no limits
     5 R           -6.16402e+01  constant
     6 alpha_CBO    0.00000e+00  1.00000e-03     no limits
     7 w_CBO        2.32643e+00  constant
     8 beta_CBO     0.00000e+00  1.00000e-03     no limits
     9 alpha_2CBO   0.00000e+00  1.00000e-03     no limits
    10 beta_2CBO    0.00000e+00  1.00000e-03     no limits
    11 alpha_y      0.00000e+00  1.00000e-03     no limits
    12 w_y          1.38965e+01  constant
    13 beta_y       0.00000e+00  1.00000e-03     no limits
    14 alpha_vw     0.00000e+00  1.00000e-03     no limits
    15 w_vw         1.43195e+01  constant
    16 beta_vw      0.00000e+00  1.00000e-03     no limits
    17 LM          -3.85751e-04  constant
    18 zeta_y       0.00000e+00  constant
    19 zeta_vw      0.00000e+00  constant
    20 T_CBO        1.00000e+02  1.00000e+00    0.00000e+00  1.00000e+03
    21 alpha_A0     0.00000e+00  1.00000e-03     no limits
    22 beta_A0      0.00000e+00  1.00000e-03     no limits
    23 alpha_phi    0.00000e+00  1.00000e-03     no limits
    24 beta_phi     0.00000e+00  1.00000e-03     no limits
    25 alpha_xy     0.00000e+00  1.00000e-03     no limits
    26 w_xy         1.20754e+01  constant
    27 beta_xy      0.00000e+00  1.00000e-03     no limits
MINUIT - FIT ONLY WIGGLE
 **********
 **    3 **FIX            5
 **********
 PARAMETER    5  IS CONSTANT.   IGNORED.
 **********
 **    4 **FIX            6
 **********
 **********
 **    5 **FIX            7
 **********
 PARAMETER    7  IS CONSTANT.   IGNORED.
 **********
 **    6 **FIX            8
 **********
 **********
 **    7 **FIX            9
 **********
 **********
 **    8 **FIX           10
 **********
 **********
 **    9 **FIX           11
 **********
 **********
 **   10 **FIX           12
 **********
 PARAMETER   12  IS CONSTANT.   IGNORED.
 **********
 **   11 **FIX           13
 **********
 **********
 **   12 **FIX           14
 **********
 **********
 **   13 **FIX           15
 **********
 PARAMETER   15  IS CONSTANT.   IGNORED.
 **********
 **   14 **FIX           16
 **********
 **********
 **   15 **MIGRAD
 **********
 FIRST CALL TO USER FUNCTION AT NEW START POINT, WITH IFLAG=4.
 START MIGRAD MINIMIZATION.  STRATEGY  1.  CONVERGENCE WHEN EDM .LT. 1.00e-04
 FCN=13305.9 FROM MIGRAD    STATUS=INITIATE      627 CALLS         628 TOTAL
                     EDM= unknown      STRATEGY= 1      NO ERROR MATRIX       
  EXT PARAMETER               CURRENT GUESS       STEP         FIRST   
  NO.   NAME      VALUE            ERROR          SIZE      DERIVATIVE 
   1  N0           3.16052e+06   1.00000e+02   0.00000e+00   8.62113e-02
   2  tau          6.43936e+01   constant   
   3  A0           3.42730e-01   1.00000e-04   0.00000e+00   5.25451e+05
   4  phi          4.11797e+00   1.00000e-02   0.00000e+00  -1.43987e+05
   5  R           -6.16402e+01   constant   
   6  alpha_CBO    0.00000e+00     fixed    
   7  w_CBO        2.32643e+00   constant   
   8  beta_CBO     0.00000e+00     fixed    
   9  alpha_2CBO   0.00000e+00     fixed    
  10  beta_2CBO    0.00000e+00     fixed    
  11  alpha_y      0.00000e+00     fixed    
  12  w_y          1.38965e+01   constant   
  13  beta_y       0.00000e+00     fixed    
  14  alpha_vw     0.00000e+00     fixed    
  15  w_vw         1.43195e+01   constant   
  16  beta_vw      0.00000e+00     fixed    
  17  LM          -3.85751e-04   constant   
  18  zeta_y       0.00000e+00   constant   
  19  zeta_vw      0.00000e+00   constant   
  20  T_CBO        1.00000e+02   1.00000e+00   0.00000e+00   0.00000e+00
  21  alpha_A0     0.00000e+00   1.00000e-03   0.00000e+00  -6.40861e+04
  22  beta_A0      0.00000e+00   1.00000e-03   0.00000e+00  -8.67035e+03
  23  alpha_phi    0.00000e+00   1.00000e-03   0.00000e+00  -1.15924e+05
  24  beta_phi     0.00000e+00   1.00000e-03   0.00000e+00  -6.20838e+04
  25  alpha_xy     0.00000e+00   1.00000e-03   0.00000e+00   4.47229e+04
  26  w_xy         1.20754e+01   constant   
  27  beta_xy      0.00000e+00   1.00000e-03   0.00000e+00   1.11991e+05
 MIGRAD MINIMIZATION HAS CONVERGED.
 FCN=5216.59 FROM MIGRAD    STATUS=CONVERGED     845 CALLS         846 TOTAL
                     EDM=5.90045e-07    STRATEGY= 1  ERROR MATRIX UNCERTAINTY   2.0 per cent
  EXT PARAMETER                                   STEP         FIRST   
  NO.   NAME      VALUE            ERROR          SIZE      DERIVATIVE 
   1  N0           3.13418e+06   6.63560e+02  -1.45951e+00   1.71623e-06
   2  tau          6.43936e+01   constant   
   3  A0           3.34197e-01   2.09717e-04   4.78713e-07  -8.68609e+00
   4  phi          4.16329e+00   9.65545e-04   3.29065e-06   1.73232e+00
   5  R           -6.16402e+01   constant   
   6  alpha_CBO    0.00000e+00     fixed    
   7  w_CBO        2.32643e+00   constant   
   8  beta_CBO     0.00000e+00     fixed    
   9  alpha_2CBO   0.00000e+00     fixed    
  10  beta_2CBO    0.00000e+00     fixed    
  11  alpha_y      0.00000e+00     fixed    
  12  w_y          1.38965e+01   constant   
  13  beta_y       0.00000e+00     fixed    
  14  alpha_vw     0.00000e+00     fixed    
  15  w_vw         1.43195e+01   constant   
  16  beta_vw      0.00000e+00     fixed    
  17  LM          -3.85751e-04   constant   
  18  zeta_y       0.00000e+00   constant   
  19  zeta_vw      0.00000e+00   constant   
  20  T_CBO        1.00000e+02   5.20646e+02  -0.00000e+00   0.00000e+00
  21  alpha_A0    -1.50684e-02   1.16729e-03  -3.80490e-06  -1.72123e+00
  22  beta_A0     -6.44004e-02   1.12952e-03  -5.01576e-06   1.01182e+00
  23  alpha_phi    5.26294e-02   8.63764e-04   3.58038e-06   3.76186e-01
  24  beta_phi    -2.44250e-02   1.02117e-03  -3.83345e-06   8.36666e-01
  25  alpha_xy     5.39579e-04   1.04214e-04  -1.13981e-08  -3.19167e+00
  26  w_xy         1.20754e+01   constant   
  27  beta_xy     -1.05955e-03   1.04202e-04   1.39016e-07  -4.25980e+00
 EXTERNAL ERROR MATRIX.    NDIM=  28    NPAR= 10    ERR DEF=1
  4.403e+05 -7.603e-02 -5.810e-01  0.000e+00  6.692e-01  6.072e-01 -4.643e-01  5.924e-01 -3.576e-03 -2.128e-03 
 -7.603e-02  4.398e-08  1.032e-07  0.000e+00 -1.844e-07 -5.096e-08  5.640e-08 -1.387e-07 -7.446e-10  1.624e-09 
 -5.810e-01  1.032e-07  9.323e-07  0.000e+00 -9.545e-07 -9.384e-07  7.047e-07 -8.518e-07  4.721e-09  1.081e-09 
  0.000e+00  0.000e+00  0.000e+00  1.800e+05  0.000e+00  0.000e+00  0.000e+00  0.000e+00  0.000e+00  0.000e+00 
  6.692e-01 -1.844e-07 -9.545e-07  0.000e+00  1.363e-06  8.656e-07 -7.064e-07  1.006e-06 -3.106e-09 -6.239e-09 
  6.072e-01 -5.096e-08 -9.384e-07  0.000e+00  8.656e-07  1.276e-06 -7.848e-07  8.501e-07 -9.192e-09  1.352e-09 
 -4.643e-01  5.640e-08  7.047e-07  0.000e+00 -7.064e-07 -7.848e-07  7.461e-07 -6.621e-07  6.178e-09  1.182e-10 
  5.924e-01 -1.387e-07 -8.518e-07  0.000e+00  1.006e-06  8.501e-07 -6.621e-07  1.043e-06 -4.429e-09 -4.869e-09 
 -3.576e-03 -7.446e-10  4.721e-09  0.000e+00 -3.106e-09 -9.192e-09  6.178e-09 -4.429e-09  1.086e-08 -5.834e-11 
 -2.128e-03  1.624e-09  1.081e-09  0.000e+00 -6.239e-09  1.352e-09  1.182e-10 -4.869e-09 -5.834e-11  1.086e-08 
 PARAMETER  CORRELATION COEFFICIENTS  
       NO.  GLOBAL      1      3      4     20     21     22     23     24     25     27
        1  0.93875   1.000 -0.546 -0.907  0.000  0.864  0.810 -0.810  0.874 -0.052 -0.031
        3  0.87660  -0.546  1.000  0.510  0.000 -0.753 -0.215  0.311 -0.648 -0.034  0.074
        4  0.95249  -0.907  0.510  1.000  0.000 -0.847 -0.860  0.845 -0.864  0.047  0.011
       20  0.00000   0.000  0.000  0.000  1.000  0.000  0.000  0.000  0.000  0.000  0.000
       21  0.93782   0.864 -0.753 -0.847  0.000  1.000  0.656 -0.701  0.844 -0.026 -0.051
       22  0.91336   0.810 -0.215 -0.860  0.000  0.656  1.000 -0.804  0.737 -0.078  0.011
       23  0.87318  -0.810  0.311  0.845  0.000 -0.701 -0.804  1.000 -0.751  0.069  0.001
       24  0.91720   0.874 -0.648 -0.864  0.000  0.844  0.737 -0.751  1.000 -0.042 -0.046
       25  0.10290  -0.052 -0.034  0.047  0.000 -0.026 -0.078  0.069 -0.042  1.000 -0.005
       27  0.09614  -0.031  0.074  0.011  0.000 -0.051  0.011  0.001 -0.046 -0.005  1.000
MINUIT - FIT ONLY 1-CBO + wiggle
 **********
 **   16 **RES 
 **********
                   PARAMETER   16  beta_vw RESTORED TO VARIABLE.
                   PARAMETER   14  alpha_vw RESTORED TO VARIABLE.
                   PARAMETER   13  beta_y RESTORED TO VARIABLE.
                   PARAMETER   11  alpha_y RESTORED TO VARIABLE.
                   PARAMETER   10  beta_2CBO RESTORED TO VARIABLE.
                   PARAMETER    9  alpha_2CBO RESTORED TO VARIABLE.
                   PARAMETER    8  beta_CBO RESTORED TO VARIABLE.
                   PARAMETER    6  alpha_CBO RESTORED TO VARIABLE.
 **********
 **   17 **FIX            8
 **********
 **********
 **   18 **FIX            9
 **********
 **********
 **   19 **FIX           11
 **********
 **********
 **   20 **FIX           12
 **********
 PARAMETER   12  IS CONSTANT.   IGNORED.
 **********
 **   21 **FIX           14
 **********
 **********
 **   22 **FIX           15
 **********
 PARAMETER   15  IS CONSTANT.   IGNORED.
 **********
 **   23 **FIX           16
 **********
 **********
 **   24 **MIGRAD
 **********
 START MIGRAD MINIMIZATION.  STRATEGY  1.  CONVERGENCE WHEN EDM .LT. 1.00e-04
 FCN=5216.59 FROM MIGRAD    STATUS=INITIATE      957 CALLS        1803 TOTAL
                     EDM= unknown      STRATEGY= 1      NO ERROR MATRIX       
  EXT PARAMETER               CURRENT GUESS       STEP         FIRST   
  NO.   NAME      VALUE            ERROR          SIZE      DERIVATIVE 
   1  N0           3.13418e+06   6.63560e+02   0.00000e+00   1.71624e-06
   2  tau          6.43936e+01   constant   
   3  A0           3.34197e-01   2.09717e-04   0.00000e+00  -8.68609e+00
   4  phi          4.16329e+00   9.65545e-04   0.00000e+00   1.73232e+00
   5  R           -6.16402e+01   constant   
   6  alpha_CBO    0.00000e+00   1.00000e-03   0.00000e+00  -4.11370e+05
   7  w_CBO        2.32643e+00   constant   
   8  beta_CBO     0.00000e+00     fixed    
   9  alpha_2CBO   0.00000e+00     fixed    
  10  beta_2CBO    0.00000e+00   1.00000e-03   0.00000e+00   4.27404e+05
  11  alpha_y      0.00000e+00     fixed    
  12  w_y          1.38965e+01   constant   
  13  beta_y       0.00000e+00   1.00000e-03   0.00000e+00  -8.65762e+05
  14  alpha_vw     0.00000e+00     fixed    
  15  w_vw         1.43195e+01   constant   
  16  beta_vw      0.00000e+00     fixed    
  17  LM          -3.85751e-04   constant   
  18  zeta_y       0.00000e+00   constant   
  19  zeta_vw      0.00000e+00   constant   
  20  T_CBO        1.00000e+02   5.20646e+02   0.00000e+00   0.00000e+00
  21  alpha_A0    -1.50684e-02   1.16729e-03   0.00000e+00  -1.72124e+00
  22  beta_A0     -6.44004e-02   1.12952e-03   0.00000e+00   1.01182e+00
  23  alpha_phi    5.26294e-02   8.63764e-04   0.00000e+00   3.76212e-01
  24  beta_phi    -2.44250e-02   1.02117e-03   0.00000e+00   8.36686e-01
  25  alpha_xy     5.39579e-04   1.04214e-04   0.00000e+00  -3.19167e+00
  26  w_xy         1.20754e+01   constant   
  27  beta_xy     -1.05955e-03   1.04202e-04   0.00000e+00  -4.25979e+00
 MIGRAD MINIMIZATION HAS CONVERGED.
 FCN=1256.96 FROM MIGRAD    STATUS=CONVERGED    1324 CALLS        2170 TOTAL
                     EDM=6.66045e-06    STRATEGY= 1  ERROR MATRIX UNCERTAINTY   2.0 per cent
  EXT PARAMETER                                   STEP         FIRST   
  NO.   NAME      VALUE            ERROR          SIZE      DERIVATIVE 
   1  N0           3.15424e+06   1.10510e+03  -9.01430e-01  -3.37000e-06
   2  tau          6.43936e+01   constant   
   3  A0           3.42130e-01   3.06121e-04   2.70501e-06   1.04796e+01
   4  phi          4.12651e+00   1.72540e-03  -5.33696e-06   1.81116e+00
   5  R           -6.16402e+01   constant   
   6  alpha_CBO    9.10642e-03   2.55688e-04   1.72603e-06   1.18267e+01
   7  w_CBO        2.32643e+00   constant   
   8  beta_CBO     0.00000e+00     fixed    
   9  alpha_2CBO   0.00000e+00     fixed    
  10  beta_2CBO   -1.64056e-05   1.36987e-04   1.15727e-06   3.74806e+00
  11  alpha_y      0.00000e+00     fixed    
  12  w_y          1.38965e+01   constant   
  13  beta_y       4.79569e-03   1.07656e-04   1.45169e-06  -1.78530e+01
  14  alpha_vw     0.00000e+00     fixed    
  15  w_vw         1.43195e+01   constant   
  16  beta_vw      0.00000e+00     fixed    
  17  LM          -3.85751e-04   constant   
  18  zeta_y       0.00000e+00   constant   
  19  zeta_vw      0.00000e+00   constant   
  20  T_CBO        1.00000e+02   5.20646e+02  -0.00000e+00   0.00000e+00
  21  alpha_A0    -2.00594e-03   1.59962e-03   5.28148e-07  -2.11038e+00
  22  beta_A0     -8.39365e-03   2.25673e-03   3.71882e-06  -3.88075e+00
  23  alpha_phi    9.29720e-03   1.66391e-03  -2.76957e-06  -1.11035e+00
  24  beta_phi    -6.34672e-03   1.48250e-03  -1.30455e-06   8.84058e+00
  25  alpha_xy     3.32575e-04   1.05454e-04   2.27733e-08   5.14284e+00
  26  w_xy         1.20754e+01   constant   
  27  beta_xy      6.18976e-04   1.09370e-04   5.38269e-07   6.19206e+00
 EXTERNAL ERROR MATRIX.    NDIM=  28    NPAR= 13    ERR DEF=1
 ELEMENTS ABOVE DIAGONAL ARE NOT PRINTED.
  1.221e+06 
  8.293e-02  9.371e-08 
 -1.838e+00 -1.721e-07  2.977e-06 
  2.027e-01  5.575e-08 -3.419e-07  6.538e-08 
  6.248e-02  1.811e-08 -1.124e-07  1.843e-08  1.877e-08 
 -8.190e-03  9.875e-10  9.041e-09 -8.866e-11  9.180e-10  1.159e-08 
  0.000e+00  0.000e+00  0.000e+00  0.000e+00  0.000e+00  0.000e+00  1.800e+05 
  1.592e+00 -4.233e-08 -2.417e-06  2.006e-07  6.738e-08 -1.062e-08  0.000e+00  2.559e-06 
  2.276e+00  3.636e-07 -3.698e-06  4.923e-07  1.700e-07 -9.076e-09  0.000e+00  2.720e-06  5.093e-06 
 -1.698e+00 -2.339e-07  2.721e-06 -3.535e-07 -1.012e-07  9.931e-09  0.000e+00 -2.084e-06 -3.542e-06  2.769e-06 
  1.520e+00  1.783e-08 -2.333e-06  2.179e-07  6.168e-08 -1.488e-08  0.000e+00  2.178e-06  2.732e-06 -2.088e-06  2.198e-06 
 -1.476e-02 -2.210e-09  2.162e-08 -2.881e-09 -2.422e-10  7.274e-10  0.000e+00 -1.606e-08 -2.999e-08  2.354e-08 -1.871e-08 
 -1.476e-02 -2.210e-09  2.162e-08 -2.881e-09 -2.422e-10  7.274e-10  0.000e+00 -1.606e-08 -2.999e-08  2.354e-08 -1.871e-08  1.112e-08 
  4.880e-03  5.582e-09 -1.254e-08  3.969e-09  1.679e-09  2.800e-09  0.000e+00 -4.369e-10  2.425e-08 -1.413e-08 -1.223e-09 
  4.880e-03  5.582e-09 -1.254e-08  3.969e-09  1.679e-09  2.800e-09  0.000e+00 -4.369e-10  2.425e-08 -1.413e-08 -1.223e-09  4.871e-10  1.196e-08 
 PARAMETER  CORRELATION COEFFICIENTS  
       NO.  GLOBAL      1      3      4      6     10     13     20     21     22     23     24     25     27
        1  0.97657   1.000  0.245 -0.964  0.717  0.413 -0.069  0.000  0.901  0.912 -0.923  0.928 -0.127  0.040
        3  0.94211   0.245  1.000 -0.326  0.712  0.432  0.030  0.000 -0.086  0.526 -0.459  0.039 -0.068  0.167
        4  0.98637  -0.964 -0.326  1.000 -0.775 -0.476  0.049  0.000 -0.876 -0.950  0.948 -0.912  0.119 -0.066
        6  0.91874   0.717  0.712 -0.775  1.000  0.526 -0.003  0.000  0.490  0.853 -0.831  0.575 -0.107  0.142
       10  0.63989   0.413  0.432 -0.476  0.526  1.000  0.062  0.000  0.307  0.550 -0.444  0.304 -0.017  0.112
       13  0.27654  -0.069  0.030  0.049 -0.003  0.062  1.000  0.000 -0.062 -0.037  0.055 -0.093  0.064  0.238
       20  0.00000   0.000  0.000  0.000  0.000  0.000  0.000  1.000  0.000  0.000  0.000  0.000  0.000  0.000
       21  0.96720   0.901 -0.086 -0.876  0.490  0.307 -0.062  0.000  1.000  0.754 -0.783  0.918 -0.095 -0.002
       22  0.98023   0.912  0.526 -0.950  0.853  0.550 -0.037  0.000  0.754  1.000 -0.943  0.817 -0.126  0.098
       23  0.96896  -0.923 -0.459  0.948 -0.831 -0.444  0.055  0.000 -0.783 -0.943  1.000 -0.846  0.134 -0.078
       24  0.96258   0.928  0.039 -0.912  0.575  0.304 -0.093  0.000  0.918  0.817 -0.846  1.000 -0.120 -0.008
       25  0.16654  -0.127 -0.068  0.119 -0.107 -0.017  0.064  0.000 -0.095 -0.126  0.134 -0.120  1.000  0.042
       27  0.29892   0.040  0.167 -0.066  0.142  0.112  0.238  0.000 -0.002  0.098 -0.078 -0.008  0.042  1.000
MINUIT - FIT ONLY 2-CBO
 **********
 **   25 **RES 
 **********
                   PARAMETER   16  beta_vw RESTORED TO VARIABLE.
                   PARAMETER   14  alpha_vw RESTORED TO VARIABLE.
                   PARAMETER   11  alpha_y RESTORED TO VARIABLE.
                   PARAMETER    9  alpha_2CBO RESTORED TO VARIABLE.
                   PARAMETER    8  beta_CBO RESTORED TO VARIABLE.
 **********
 **   26 **FIX            0
 **********
 PARAMETER    0  IS UNDEFINED. IGNORED.
 **********
 **   27 **FIX            1
 **********
 **********
 **   28 **FIX            2
 **********
 PARAMETER    2  IS CONSTANT.   IGNORED.
 **********
 **   29 **FIX            3
 **********
 **********
 **   30 **FIX            4
 **********
 **********
 **   31 **FIX            5
 **********
 PARAMETER    5  IS CONSTANT.   IGNORED.
 **********
 **   32 **FIX            6
 **********
 **********
 **   33 **FIX            7
 **********
 PARAMETER    7  IS CONSTANT.   IGNORED.
 **********
 **   34 **FIX           10
 **********
 **********
 **   35 **FIX           11
 **********
 **********
 **   36 **FIX           12
 **********
 PARAMETER   12  IS CONSTANT.   IGNORED.
 **********
 **   37 **FIX           13
 **********
 **********
 **   38 **FIX           14
 **********
 **********
 **   39 **FIX           15
 **********
 PARAMETER   15  IS CONSTANT.   IGNORED.
 **********
 **   40 **FIX           16
 **********
 **********
 **   41 **MIGRAD
 **********
 START MIGRAD MINIMIZATION.  STRATEGY  1.  CONVERGENCE WHEN EDM .LT. 1.00e-04
 FCN=1256.96 FROM MIGRAD    STATUS=INITIATE      515 CALLS        2685 TOTAL
                     EDM= unknown      STRATEGY= 1      NO ERROR MATRIX       
  EXT PARAMETER               CURRENT GUESS       STEP         FIRST   
  NO.   NAME      VALUE            ERROR          SIZE      DERIVATIVE 
   1  N0           3.15424e+06     fixed    
   2  tau          6.43936e+01   constant   
   3  A0           3.42130e-01     fixed    
   4  phi          4.12651e+00     fixed    
   5  R           -6.16402e+01   constant   
   6  alpha_CBO    9.10642e-03     fixed    
   7  w_CBO        2.32643e+00   constant   
   8  beta_CBO     0.00000e+00   1.00000e-03   0.00000e+00  -5.11331e+02
   9  alpha_2CBO   0.00000e+00   1.00000e-03   0.00000e+00   1.47690e+04
  10  beta_2CBO   -1.64056e-05     fixed    
  11  alpha_y      0.00000e+00     fixed    
  12  w_y          1.38965e+01   constant   
  13  beta_y       4.79569e-03     fixed    
  14  alpha_vw     0.00000e+00     fixed    
  15  w_vw         1.43195e+01   constant   
  16  beta_vw      0.00000e+00     fixed    
  17  LM          -3.85751e-04   constant   
  18  zeta_y       0.00000e+00   constant   
  19  zeta_vw      0.00000e+00   constant   
  20  T_CBO        1.00000e+02   5.20646e+02   0.00000e+00   0.00000e+00
  21  alpha_A0    -2.00594e-03   1.59962e-03   0.00000e+00  -2.11038e+00
  22  beta_A0     -8.39365e-03   2.25673e-03   0.00000e+00  -3.88075e+00
  23  alpha_phi    9.29720e-03   1.66391e-03   0.00000e+00  -1.11033e+00
  24  beta_phi    -6.34672e-03   1.48250e-03   0.00000e+00   8.84060e+00
  25  alpha_xy     3.32575e-04   1.05454e-04   0.00000e+00   5.14284e+00
  26  w_xy         1.20754e+01   constant   
  27  beta_xy      6.18976e-04   1.09370e-04   0.00000e+00   6.19204e+00
 MIGRAD MINIMIZATION HAS CONVERGED.
 MIGRAD WILL VERIFY CONVERGENCE AND ERROR MATRIX.
  MNHESS FAILS AND WILL RETURN DIAGONAL MATRIX. 
 FCN=1256.29 FROM MIGRAD    STATUS=CONVERGED     601 CALLS        2771 TOTAL
                     EDM=2.32523e-06    STRATEGY= 1  ERROR MATRIX UNCERTAINTY 100.0 per cent
  EXT PARAMETER                APPROXIMATE        STEP         FIRST   
  NO.   NAME      VALUE            ERROR          SIZE      DERIVATIVE 
   1  N0           3.15424e+06     fixed    
   2  tau          6.43936e+01   constant   
   3  A0           3.42130e-01     fixed    
   4  phi          4.12651e+00     fixed    
   5  R           -6.16402e+01   constant   
   6  alpha_CBO    9.10642e-03     fixed    
   7  w_CBO        2.32643e+00   constant   
   8  beta_CBO     1.04001e-05   1.06408e-04   1.84230e-06  -6.04027e+00
   9  alpha_2CBO  -9.01463e-05   1.02953e-04   1.78248e-06   9.12985e-01
  10  beta_2CBO   -1.64056e-05     fixed    
  11  alpha_y      0.00000e+00     fixed    
  12  w_y          1.38965e+01   constant   
  13  beta_y       4.79569e-03     fixed    
  14  alpha_vw     0.00000e+00     fixed    
  15  w_vw         1.43195e+01   constant   
  16  beta_vw      0.00000e+00     fixed    
  17  LM          -3.85751e-04   constant   
  18  zeta_y       0.00000e+00   constant   
  19  zeta_vw      0.00000e+00   constant   
  20  T_CBO        1.00000e+02   7.59439e+02  -0.00000e+00   0.00000e+00
  21  alpha_A0    -2.08639e-03   4.08264e-04   1.57921e-06  -6.60106e-01
  22  beta_A0     -8.32756e-03   4.42679e-04  -6.20727e-07  -2.11630e+00
  23  alpha_phi    9.30077e-03   4.08385e-04  -7.43458e-07   4.34568e+00
  24  beta_phi    -6.27266e-03   3.95368e-04   2.25113e-06   1.52652e+00
  25  alpha_xy     3.31210e-04   1.04007e-04  -2.80999e-08  -1.30619e+01
  26  w_xy         1.20754e+01   constant   
  27  beta_xy      6.16350e-04   1.03859e-04   9.40677e-09   1.78409e+00
 EXTERNAL ERROR MATRIX.    NDIM=  28    NPAR=  9    ERR DEF=1
  1.132e-08  0.000e+00  0.000e+00  0.000e+00  0.000e+00  0.000e+00  0.000e+00  0.000e+00  0.000e+00 
  0.000e+00  1.060e-08  0.000e+00  0.000e+00  0.000e+00  0.000e+00  0.000e+00  0.000e+00  0.000e+00 
  0.000e+00  0.000e+00  5.421e+05  0.000e+00  0.000e+00  0.000e+00  0.000e+00  0.000e+00  0.000e+00 
  0.000e+00  0.000e+00  0.000e+00  1.667e-07  0.000e+00  0.000e+00  0.000e+00  0.000e+00  0.000e+00 
  0.000e+00  0.000e+00  0.000e+00  0.000e+00  1.960e-07  0.000e+00  0.000e+00  0.000e+00  0.000e+00 
  0.000e+00  0.000e+00  0.000e+00  0.000e+00  0.000e+00  1.668e-07  0.000e+00  0.000e+00  0.000e+00 
  0.000e+00  0.000e+00  0.000e+00  0.000e+00  0.000e+00  0.000e+00  1.563e-07  0.000e+00  0.000e+00 
  0.000e+00  0.000e+00  0.000e+00  0.000e+00  0.000e+00  0.000e+00  0.000e+00  1.082e-08  0.000e+00 
  0.000e+00  0.000e+00  0.000e+00  0.000e+00  0.000e+00  0.000e+00  0.000e+00  0.000e+00  1.079e-08 
ERR MATRIX APPROXIMATE
 PARAMETER  CORRELATION COEFFICIENTS  
       NO.  GLOBAL      8      9     20     21     22     23     24     25     27
        8  0.00000   1.000  0.000  0.000  0.000  0.000  0.000  0.000  0.000  0.000
        9  0.00000   0.000  1.000  0.000  0.000  0.000  0.000  0.000  0.000  0.000
       20  0.00000   0.000  0.000  1.000  0.000  0.000  0.000  0.000  0.000  0.000
       21  0.00000   0.000  0.000  0.000  1.000  0.000  0.000  0.000  0.000  0.000
       22  0.00000   0.000  0.000  0.000  0.000  1.000  0.000  0.000  0.000  0.000
       23  0.00000   0.000  0.000  0.000  0.000  0.000  1.000  0.000  0.000  0.000
       24  0.00000   0.000  0.000  0.000  0.000  0.000  0.000  1.000  0.000  0.000
       25  0.00000   0.000  0.000  0.000  0.000  0.000  0.000  0.000  1.000  0.000
       27  0.00000   0.000  0.000  0.000  0.000  0.000  0.000  0.000  0.000  1.000
 ERR MATRIX APPROXIMATE
MINUIT - FIT wiggle + 1-CBO + 2-CBO
 **********
 **   42 **RES 
 **********
                   PARAMETER   16  beta_vw RESTORED TO VARIABLE.
                   PARAMETER   14  alpha_vw RESTORED TO VARIABLE.
                   PARAMETER   13  beta_y RESTORED TO VARIABLE.
                   PARAMETER   11  alpha_y RESTORED TO VARIABLE.
                   PARAMETER   10  beta_2CBO RESTORED TO VARIABLE.
                   PARAMETER    6  alpha_CBO RESTORED TO VARIABLE.
                   PARAMETER    4  phi RESTORED TO VARIABLE.
                   PARAMETER    3  A0 RESTORED TO VARIABLE.
                   PARAMETER    1  N0 RESTORED TO VARIABLE.
 **********
 **   43 **FIX           10
 **********
 **********
 **   44 **FIX           11
 **********
 **********
 **   45 **FIX           12
 **********
 PARAMETER   12  IS CONSTANT.   IGNORED.
 **********
 **   46 **FIX           13
 **********
 **********
 **   47 **FIX           14
 **********
 **********
 **   48 **FIX           15
 **********
 PARAMETER   15  IS CONSTANT.   IGNORED.
 **********
 **   49 **FIX           16
 **********
 **********
 **   50 **MIGRAD
 **********
 START MIGRAD MINIMIZATION.  STRATEGY  1.  CONVERGENCE WHEN EDM .LT. 1.00e-04
 FCN=1256.29 FROM MIGRAD    STATUS=INITIATE      951 CALLS        3722 TOTAL
                     EDM= unknown      STRATEGY= 1      NO ERROR MATRIX       
  EXT PARAMETER               CURRENT GUESS       STEP         FIRST   
  NO.   NAME      VALUE            ERROR          SIZE      DERIVATIVE 
   1  N0           3.15424e+06   1.10510e+03   0.00000e+00  -7.13858e-04
   2  tau          6.43936e+01   constant   
   3  A0           3.42130e-01   3.06121e-04   0.00000e+00  -3.90218e+03
   4  phi          4.12651e+00   1.72540e-03   0.00000e+00  -1.58443e+02
   5  R           -6.16402e+01   constant   
   6  alpha_CBO    9.10642e-03   2.55688e-04   0.00000e+00   1.54486e+03
   7  w_CBO        2.32643e+00   constant   
   8  beta_CBO     1.04001e-05   1.06408e-04   0.00000e+00  -6.04026e+00
   9  alpha_2CBO  -9.01463e-05   1.02953e-04   0.00000e+00   9.12976e-01
  10  beta_2CBO   -1.64056e-05     fixed    
  11  alpha_y      0.00000e+00     fixed    
  12  w_y          1.38965e+01   constant   
  13  beta_y       4.79569e-03     fixed    
  14  alpha_vw     0.00000e+00     fixed    
  15  w_vw         1.43195e+01   constant   
  16  beta_vw      0.00000e+00     fixed    
  17  LM          -3.85751e-04   constant   
  18  zeta_y       0.00000e+00   constant   
  19  zeta_vw      0.00000e+00   constant   
  20  T_CBO        1.00000e+02   7.59439e+02   0.00000e+00   0.00000e+00
  21  alpha_A0    -2.08639e-03   4.08264e-04   0.00000e+00  -6.60102e-01
  22  beta_A0     -8.32756e-03   4.42679e-04   0.00000e+00  -2.11630e+00
  23  alpha_phi    9.30077e-03   4.08385e-04   0.00000e+00   4.34568e+00
  24  beta_phi    -6.27266e-03   3.95368e-04   0.00000e+00   1.52653e+00
  25  alpha_xy     3.31210e-04   1.04007e-04   0.00000e+00  -1.30619e+01
  26  w_xy         1.20754e+01   constant   
  27  beta_xy      6.16350e-04   1.03859e-04   0.00000e+00   1.78409e+00
 MIGRAD MINIMIZATION HAS CONVERGED.
 MIGRAD WILL VERIFY CONVERGENCE AND ERROR MATRIX.
  MNHESS FAILS AND WILL RETURN DIAGONAL MATRIX. 
 FCN=1255.12 FROM MIGRAD    STATUS=CONVERGED    1308 CALLS        4079 TOTAL
                     EDM=8.1526e-08    STRATEGY= 1  ERROR MATRIX UNCERTAINTY 100.0 per cent
  EXT PARAMETER                APPROXIMATE        STEP         FIRST   
  NO.   NAME      VALUE            ERROR          SIZE      DERIVATIVE 
   1  N0           3.15136e+06   2.31608e+02   4.00492e+00   1.19921e-07
   2  tau          6.43936e+01   constant   
   3  A0           3.43074e-01   1.02885e-04   1.78047e-06  -1.87003e+00
   4  phi          4.13109e+00   2.83151e-04   4.90012e-06  -1.22325e-01
   5  R           -6.16402e+01   constant   
   6  alpha_CBO    9.06201e-03   1.01594e-04   1.75814e-06   2.73059e-01
   7  w_CBO        2.32643e+00   constant   
   8  beta_CBO     5.48714e-04   1.06406e-04   1.84141e-06  -2.25285e-01
   9  alpha_2CBO  -2.30746e-04   1.02948e-04   1.78158e-06   4.12087e-01
  10  beta_2CBO   -1.64056e-05     fixed    
  11  alpha_y      0.00000e+00     fixed    
  12  w_y          1.38965e+01   constant   
  13  beta_y       4.79569e-03     fixed    
  14  alpha_vw     0.00000e+00     fixed    
  15  w_vw         1.43195e+01   constant   
  16  beta_vw      0.00000e+00     fixed    
  17  LM          -3.85751e-04   constant   
  18  zeta_y       0.00000e+00   constant   
  19  zeta_vw      0.00000e+00   constant   
  20  T_CBO        1.00000e+02   9.44762e+02  -0.00000e+00   0.00000e+00
  21  alpha_A0    -8.25081e-03   4.07328e-04  -2.17910e-05  -3.25530e-01
  22  beta_A0     -1.14154e-02   4.43175e-04  -1.52480e-05   6.03180e-01
  23  alpha_phi    1.21282e-02   4.07264e-04   1.30730e-05   2.77288e-01
  24  beta_phi    -1.14671e-02   3.93939e-04  -1.96860e-05  -4.03618e-01
  25  alpha_xy     3.17812e-04   1.04001e-04  -3.40071e-07   1.95054e+00
  26  w_xy         1.20754e+01   constant   
  27  beta_xy      6.34264e-04   1.03853e-04  -3.31778e-07  -2.55113e+00
 EXTERNAL ERROR MATRIX.    NDIM=  28    NPAR= 13    ERR DEF=1
 ELEMENTS ABOVE DIAGONAL ARE NOT PRINTED.
  5.364e+04 
  0.000e+00  1.059e-08 
  0.000e+00  0.000e+00  8.017e-08 
  0.000e+00  0.000e+00  0.000e+00  1.032e-08 
  0.000e+00  0.000e+00  0.000e+00  0.000e+00  1.132e-08 
  0.000e+00  0.000e+00  0.000e+00  0.000e+00  0.000e+00  1.060e-08 
  0.000e+00  0.000e+00  0.000e+00  0.000e+00  0.000e+00  0.000e+00  1.153e+06 
  0.000e+00  0.000e+00  0.000e+00  0.000e+00  0.000e+00  0.000e+00  0.000e+00  1.659e-07 
  0.000e+00  0.000e+00  0.000e+00  0.000e+00  0.000e+00  0.000e+00  0.000e+00  0.000e+00  1.964e-07 
  0.000e+00  0.000e+00  0.000e+00  0.000e+00  0.000e+00  0.000e+00  0.000e+00  0.000e+00  0.000e+00  1.659e-07 
  0.000e+00  0.000e+00  0.000e+00  0.000e+00  0.000e+00  0.000e+00  0.000e+00  0.000e+00  0.000e+00  0.000e+00  1.552e-07 
  0.000e+00  0.000e+00  0.000e+00  0.000e+00  0.000e+00  0.000e+00  0.000e+00  0.000e+00  0.000e+00  0.000e+00  0.000e+00 
  0.000e+00  0.000e+00  0.000e+00  0.000e+00  0.000e+00  0.000e+00  0.000e+00  0.000e+00  0.000e+00  0.000e+00  0.000e+00  1.082e-08 
  0.000e+00  0.000e+00  0.000e+00  0.000e+00  0.000e+00  0.000e+00  0.000e+00  0.000e+00  0.000e+00  0.000e+00  0.000e+00 
  0.000e+00  0.000e+00  0.000e+00  0.000e+00  0.000e+00  0.000e+00  0.000e+00  0.000e+00  0.000e+00  0.000e+00  0.000e+00  0.000e+00  1.079e-08 
ERR MATRIX APPROXIMATE
 PARAMETER  CORRELATION COEFFICIENTS  
       NO.  GLOBAL      1      3      4      6      8      9     20     21     22     23     24     25     27
        1  0.00000   1.000  0.000  0.000  0.000  0.000  0.000  0.000  0.000  0.000  0.000  0.000  0.000  0.000
        3  0.00000   0.000  1.000  0.000  0.000  0.000  0.000  0.000  0.000  0.000  0.000  0.000  0.000  0.000
        4  0.00000   0.000  0.000  1.000  0.000  0.000  0.000  0.000  0.000  0.000  0.000  0.000  0.000  0.000
        6  0.00000   0.000  0.000  0.000  1.000  0.000  0.000  0.000  0.000  0.000  0.000  0.000  0.000  0.000
        8  0.00000   0.000  0.000  0.000  0.000  1.000  0.000  0.000  0.000  0.000  0.000  0.000  0.000  0.000
        9  0.00000   0.000  0.000  0.000  0.000  0.000  1.000  0.000  0.000  0.000  0.000  0.000  0.000  0.000
       20  0.00000   0.000  0.000  0.000  0.000  0.000  0.000  1.000  0.000  0.000  0.000  0.000  0.000  0.000
       21  0.00000   0.000  0.000  0.000  0.000  0.000  0.000  0.000  1.000  0.000  0.000  0.000  0.000  0.000
       22  0.00000   0.000  0.000  0.000  0.000  0.000  0.000  0.000  0.000  1.000  0.000  0.000  0.000  0.000
       23  0.00000   0.000  0.000  0.000  0.000  0.000  0.000  0.000  0.000  0.000  1.000  0.000  0.000  0.000
       24  0.00000   0.000  0.000  0.000  0.000  0.000  0.000  0.000  0.000  0.000  0.000  1.000  0.000  0.000
       25  0.00000   0.000  0.000  0.000  0.000  0.000  0.000  0.000  0.000  0.000  0.000  0.000  1.000  0.000
       27  0.00000   0.000  0.000  0.000  0.000  0.000  0.000  0.000  0.000  0.000  0.000  0.000  0.000  1.000
 ERR MATRIX APPROXIMATE
MINUIT - FIT ONLY 1-y
 **********
 **   51 **RES 
 **********
                   PARAMETER   16  beta_vw RESTORED TO VARIABLE.
                   PARAMETER   14  alpha_vw RESTORED TO VARIABLE.
                   PARAMETER   13  beta_y RESTORED TO VARIABLE.
                   PARAMETER   11  alpha_y RESTORED TO VARIABLE.
                   PARAMETER   10  beta_2CBO RESTORED TO VARIABLE.
 **********
 **   52 **FIX            0
 **********
 PARAMETER    0  IS UNDEFINED. IGNORED.
 **********
 **   53 **FIX            1
 **********
 **********
 **   54 **FIX            2
 **********
 PARAMETER    2  IS CONSTANT.   IGNORED.
 **********
 **   55 **FIX            3
 **********
 **********
 **   56 **FIX            4
 **********
 **********
 **   57 **FIX            5
 **********
 PARAMETER    5  IS CONSTANT.   IGNORED.
 **********
 **   58 **FIX            6
 **********
 **********
 **   59 **FIX            7
 **********
 PARAMETER    7  IS CONSTANT.   IGNORED.
 **********
 **   60 **FIX            8
 **********
 **********
 **   61 **FIX            9
 **********
 **********
 **   62 **FIX           13
 **********
 **********
 **   63 **FIX           14
 **********
 **********
 **   64 **FIX           15
 **********
 PARAMETER   15  IS CONSTANT.   IGNORED.
 **********
 **   65 **FIX           16
 **********
 **********
 **   66 **MIGRAD
 **********
 START MIGRAD MINIMIZATION.  STRATEGY  1.  CONVERGENCE WHEN EDM .LT. 1.00e-04
 FCN=1255.12 FROM MIGRAD    STATUS=INITIATE      513 CALLS        4592 TOTAL
                     EDM= unknown      STRATEGY= 1      NO ERROR MATRIX       
  EXT PARAMETER               CURRENT GUESS       STEP         FIRST   
  NO.   NAME      VALUE            ERROR          SIZE      DERIVATIVE 
   1  N0           3.15136e+06     fixed    
   2  tau          6.43936e+01   constant   
   3  A0           3.43074e-01     fixed    
   4  phi          4.13109e+00     fixed    
   5  R           -6.16402e+01   constant   
   6  alpha_CBO    9.06201e-03     fixed    
   7  w_CBO        2.32643e+00   constant   
   8  beta_CBO     5.48714e-04     fixed    
   9  alpha_2CBO  -2.30746e-04     fixed    
  10  beta_2CBO   -1.64056e-05   1.36987e-04   0.00000e+00   4.51897e+03
  11  alpha_y      0.00000e+00   1.00000e-03   0.00000e+00   4.74780e+05
  12  w_y          1.38965e+01   constant   
  13  beta_y       4.79569e-03     fixed    
  14  alpha_vw     0.00000e+00     fixed    
  15  w_vw         1.43195e+01   constant   
  16  beta_vw      0.00000e+00     fixed    
  17  LM          -3.85751e-04   constant   
  18  zeta_y       0.00000e+00   constant   
  19  zeta_vw      0.00000e+00   constant   
  20  T_CBO        1.00000e+02   9.44762e+02   0.00000e+00   0.00000e+00
  21  alpha_A0    -8.25081e-03   4.07328e-04   0.00000e+00  -3.25533e-01
  22  beta_A0     -1.14154e-02   4.43175e-04   0.00000e+00   6.03181e-01
  23  alpha_phi    1.21282e-02   4.07264e-04   0.00000e+00   2.77297e-01
  24  beta_phi    -1.14671e-02   3.93939e-04   0.00000e+00  -4.03590e-01
  25  alpha_xy     3.17812e-04   1.04001e-04   0.00000e+00   1.95053e+00
  26  w_xy         1.20754e+01   constant   
  27  beta_xy      6.34264e-04   1.03853e-04   0.00000e+00  -2.55113e+00
 MIGRAD MINIMIZATION HAS CONVERGED.
 FCN=586.658 FROM MIGRAD    STATUS=CONVERGED     631 CALLS        4710 TOTAL
                     EDM=2.65532e-07    STRATEGY= 1  ERROR MATRIX UNCERTAINTY   1.6 per cent
  EXT PARAMETER                                   STEP         FIRST   
  NO.   NAME      VALUE            ERROR          SIZE      DERIVATIVE 
   1  N0           3.15136e+06     fixed    
   2  tau          6.43936e+01   constant   
   3  A0           3.43074e-01     fixed    
   4  phi          4.13109e+00     fixed    
   5  R           -6.16402e+01   constant   
   6  alpha_CBO    9.06201e-03     fixed    
   7  w_CBO        2.32643e+00   constant   
   8  beta_CBO     5.48714e-04     fixed    
   9  alpha_2CBO  -2.30746e-04     fixed    
  10  beta_2CBO   -3.84342e-05   1.11351e-04  -8.16961e-08   3.49448e+00
  11  alpha_y     -2.81570e-03   1.08909e-04  -8.96834e-10  -4.39383e-02
  12  w_y          1.38965e+01   constant   
  13  beta_y       4.79569e-03     fixed    
  14  alpha_vw     0.00000e+00     fixed    
  15  w_vw         1.43195e+01   constant   
  16  beta_vw      0.00000e+00     fixed    
  17  LM          -3.85751e-04   constant   
  18  zeta_y       0.00000e+00   constant   
  19  zeta_vw      0.00000e+00   constant   
  20  T_CBO        1.00000e+02   5.20646e+02  -0.00000e+00   0.00000e+00
  21  alpha_A0    -8.26070e-03   3.97059e-04  -5.05291e-08   9.05453e-01
  22  beta_A0     -1.16058e-02   4.33066e-04  -9.58222e-07   1.46718e+00
  23  alpha_phi    1.21760e-02   4.18268e-04  -1.79203e-06  -1.09366e+00
  24  beta_phi    -1.11695e-02   4.08796e-04  -1.19312e-06   4.80408e-01
  25  alpha_xy    -3.59520e-04   1.07605e-04  -1.29340e-08  -8.78281e-03
  26  w_xy         1.20754e+01   constant   
  27  beta_xy      7.22194e-04   1.03764e-04   1.73625e-07   2.01680e+00
 EXTERNAL ERROR MATRIX.    NDIM=  28    NPAR=  9    ERR DEF=1
  1.240e-08 -1.590e-11  0.000e+00  1.790e-09  8.607e-09  1.266e-08 -9.250e-09  6.538e-10  1.843e-10 
 -1.590e-11  1.186e-08  0.000e+00  1.704e-11  7.367e-10 -3.135e-10 -1.198e-09  2.847e-09 -3.710e-10 
  0.000e+00  0.000e+00  1.800e+05  0.000e+00  0.000e+00  0.000e+00  0.000e+00  0.000e+00  0.000e+00 
  1.790e-09  1.704e-11  0.000e+00  1.577e-07  1.082e-09 -6.604e-09 -9.472e-09  1.268e-09 -4.646e-10 
  8.607e-09  7.367e-10  0.000e+00  1.082e-09  1.875e-07  9.739e-09  1.199e-08 -3.380e-10  2.965e-10 
  1.266e-08 -3.135e-10  0.000e+00 -6.604e-09  9.739e-09  1.749e-07 -3.126e-08  1.786e-09  1.563e-09 
 -9.250e-09 -1.198e-09  0.000e+00 -9.472e-09  1.199e-08 -3.126e-08  1.671e-07 -2.472e-09 -2.210e-09 
  6.538e-10  2.847e-09  0.000e+00  1.268e-09 -3.380e-10  1.786e-09 -2.472e-09  1.158e-08  2.743e-10 
  1.843e-10 -3.710e-10  0.000e+00 -4.646e-10  2.965e-10  1.563e-09 -2.210e-09  2.743e-10  1.077e-08 
 PARAMETER  CORRELATION COEFFICIENTS  
       NO.  GLOBAL     10     11     20     21     22     23     24     25     27
       10  0.36424   1.000 -0.001  0.000  0.040  0.178  0.272 -0.203  0.055  0.016
       11  0.24875  -0.001  1.000  0.000  0.000  0.016 -0.007 -0.027  0.243 -0.033
       20  0.00000   0.000  0.000  1.000  0.000  0.000  0.000  0.000  0.000  0.000
       21  0.09428   0.040  0.000  0.000  1.000  0.006 -0.040 -0.058  0.030 -0.011
       22  0.21060   0.178  0.016  0.000  0.006  1.000  0.054  0.068 -0.007  0.007
       23  0.30954   0.272 -0.007  0.000 -0.040  0.054  1.000 -0.183  0.040  0.036
       24  0.27831  -0.203 -0.027  0.000 -0.058  0.068 -0.183  1.000 -0.056 -0.052
       25  0.25689   0.055  0.243  0.000  0.030 -0.007  0.040 -0.056  1.000  0.025
       27  0.07607   0.016 -0.033  0.000 -0.011  0.007  0.036 -0.052  0.025  1.000
MINUIT - FIT ONLY 2-y
 **********
 **   67 **RES 
 **********
                   PARAMETER   16  beta_vw RESTORED TO VARIABLE.
                   PARAMETER   14  alpha_vw RESTORED TO VARIABLE.
