 + ++++++++++++++++++++++++++++++++++++++++++++++++++++++++++++++++++++ +
 +                                                                      +
 +           You have chose to blind your fitting according to          +
 +                omega_ref * (1 + (R +/- deltaR) *10^{-6})             +
 +                                                                      +
 + ++++++++++++++++++++++++++++++++++++++++++++++++++++++++++++++++++++ +
In main()...
reading format from /gm2data/zkhechad/run45/envelope/formats/formatB_sBin_constraintOn.txt
pBinTau 	= 0  
pBinPhi 	= 0  
constraintau 	= 1 
includeMopTerm 	= 0    
constrainMop    = 0   
Parameters after format file: pBinTau 0 pBinPhi 0 constraintau 1 includeMopTerm 0 constrainMop 0 c_e_scale 0.000000 
Opening file /gm2data/tbarrett/gm2fr/studies/run23_bunch_corrections/CorrectedFourier_Run3b.root.
reading full fit data from /gm2data/zkhechad/cboTemplates/Run4CBOTemplates/fullFits/noRF/sBin_constraintOn_cE0.0_seed0_noRF_calo16.root
windowBins = 69
fitting sliding window 2310 from bin 2446 at 364.794000 to bin 2515 at 375.238000 (69 bins)

Reading data from /gm2data/cornell/histograms/aMethod/histogram_a_noRF.root
 **********
 **    1 **SET PRINTOUT            1
 **********
 **********
 **    2 **SET NOWARNINGS 
 **********
 PARAMETER DEFINITIONS:
    NO.   NAME         VALUE      STEP SIZE      LIMITS
     1 N0           3.09937e+06  1.00000e+02     no limits
     2 tau          6.44027e+01  constant
     3 A0           3.49546e-01  1.00000e-04     no limits
     4 phi          4.11716e+00  1.00000e-02     no limits
     5 R           -6.26367e+01  constant
     6 alpha_CBO    0.00000e+00  1.00000e-03     no limits
     7 w_CBO        2.32500e+00  constant
     8 beta_CBO     0.00000e+00  1.00000e-03     no limits
     9 alpha_2CBO   0.00000e+00  1.00000e-03     no limits
    10 beta_2CBO    0.00000e+00  1.00000e-03     no limits
    11 alpha_y      0.00000e+00  1.00000e-03     no limits
    12 w_y          1.38860e+01  constant
    13 beta_y       0.00000e+00  1.00000e-03     no limits
    14 alpha_vw     0.00000e+00  1.00000e-03     no limits
    15 w_vw         1.43404e+01  constant
    16 beta_vw      0.00000e+00  1.00000e-03     no limits
    17 LM          -1.31878e-04  constant
    18 zeta_y       0.00000e+00  constant
    19 zeta_vw      0.00000e+00  constant
    20 T_CBO        1.00000e+02  1.00000e+00    0.00000e+00  1.00000e+03
    21 alpha_A0     0.00000e+00  1.00000e-03     no limits
    22 beta_A0      0.00000e+00  1.00000e-03     no limits
    23 alpha_phi    0.00000e+00  1.00000e-03     no limits
    24 beta_phi     0.00000e+00  1.00000e-03     no limits
MINUIT - FIT ONLY WIGGLE
 **********
 **    3 **FIX            5
 **********
 PARAMETER    5  IS CONSTANT.   IGNORED.
 **********
 **    4 **FIX            6
 **********
 **********
 **    5 **FIX            7
 **********
 PARAMETER    7  IS CONSTANT.   IGNORED.
 **********
 **    6 **FIX            8
 **********
 **********
 **    7 **FIX            9
 **********
 **********
 **    8 **FIX           10
 **********
 **********
 **    9 **FIX           11
 **********
 **********
 **   10 **FIX           12
 **********
 PARAMETER   12  IS CONSTANT.   IGNORED.
 **********
 **   11 **FIX           13
 **********
 **********
 **   12 **FIX           14
 **********
 **********
 **   13 **FIX           15
 **********
 PARAMETER   15  IS CONSTANT.   IGNORED.
 **********
 **   14 **FIX           16
 **********
 **********
 **   15 **MIGRAD
 **********
 FIRST CALL TO USER FUNCTION AT NEW START POINT, WITH IFLAG=4.
 START MIGRAD MINIMIZATION.  STRATEGY  1.  CONVERGENCE WHEN EDM .LT. 1.00e-04
 FCN=76.4999 FROM MIGRAD    STATUS=INITIATE      437 CALLS         438 TOTAL
                     EDM= unknown      STRATEGY= 1      NO ERROR MATRIX       
  EXT PARAMETER               CURRENT GUESS       STEP         FIRST   
  NO.   NAME      VALUE            ERROR          SIZE      DERIVATIVE 
   1  N0           3.09937e+06   1.00000e+02   0.00000e+00   2.71237e-03
   2  tau          6.44027e+01   constant   
   3  A0           3.49546e-01   1.00000e-04   0.00000e+00  -1.16039e+03
   4  phi          4.11716e+00   1.00000e-02   0.00000e+00   1.56877e+03
   5  R           -6.26367e+01   constant   
   6  alpha_CBO    0.00000e+00     fixed    
   7  w_CBO        2.32500e+00   constant   
   8  beta_CBO     0.00000e+00     fixed    
   9  alpha_2CBO   0.00000e+00     fixed    
  10  beta_2CBO    0.00000e+00     fixed    
  11  alpha_y      0.00000e+00     fixed    
  12  w_y          1.38860e+01   constant   
  13  beta_y       0.00000e+00     fixed    
  14  alpha_vw     0.00000e+00     fixed    
  15  w_vw         1.43404e+01   constant   
  16  beta_vw      0.00000e+00     fixed    
  17  LM          -1.31878e-04   constant   
  18  zeta_y       0.00000e+00   constant   
  19  zeta_vw      0.00000e+00   constant   
  20  T_CBO        1.00000e+02   1.00000e+00   0.00000e+00   0.00000e+00
  21  alpha_A0     0.00000e+00   1.00000e-03   0.00000e+00  -1.73016e+01
  22  beta_A0      0.00000e+00   1.00000e-03   0.00000e+00   2.96646e+00
  23  alpha_phi    0.00000e+00   1.00000e-03   0.00000e+00   1.57689e+01
  24  beta_phi     0.00000e+00   1.00000e-03   0.00000e+00  -5.09708e+00
 MIGRAD MINIMIZATION HAS CONVERGED.
 FCN=59.3407 FROM MIGRAD    STATUS=CONVERGED     571 CALLS         572 TOTAL
                     EDM=2.689e-06    STRATEGY= 1  ERROR MATRIX UNCERTAINTY   2.2 per cent
  EXT PARAMETER                                   STEP         FIRST   
  NO.   NAME      VALUE            ERROR          SIZE      DERIVATIVE 
   1  N0           3.09238e+06   2.39138e+03  -6.75928e+00   4.86326e-07
   2  tau          6.44027e+01   constant   
   3  A0           3.50455e-01   1.01959e-03   9.83359e-06   5.08644e-01
   4  phi          4.11172e+00   2.92010e-03  -6.75610e-06   5.03689e-01
   5  R           -6.26367e+01   constant   
   6  alpha_CBO    0.00000e+00     fixed    
   7  w_CBO        2.32500e+00   constant   
   8  beta_CBO     0.00000e+00     fixed    
   9  alpha_2CBO   0.00000e+00     fixed    
  10  beta_2CBO    0.00000e+00     fixed    
  11  alpha_y      0.00000e+00     fixed    
  12  w_y          1.38860e+01   constant   
  13  beta_y       0.00000e+00     fixed    
  14  alpha_vw     0.00000e+00     fixed    
  15  w_vw         1.43404e+01   constant   
  16  beta_vw      0.00000e+00     fixed    
  17  LM          -1.31878e-04   constant   
  18  zeta_y       0.00000e+00   constant   
  19  zeta_vw      0.00000e+00   constant   
  20  T_CBO        9.65831e+01   2.00195e+01  -2.32809e-04   1.33990e-02
  21  alpha_A0     1.21459e-01   1.92469e-01  -1.61506e-03  -7.41375e-03
  22  beta_A0     -6.36217e-02   1.66708e-01   3.56038e-04  -1.15439e-02
  23  alpha_phi   -1.99784e-01   1.57109e-01   4.57717e-04  -1.08598e-03
  24  beta_phi     2.20823e-01   2.03107e-01   2.24509e-03  -1.64108e-03
 EXTERNAL ERROR MATRIX.    NDIM=  25    NPAR=  8    ERR DEF=1
  5.719e+06 -2.882e-01 -4.319e-01  2.699e+03  9.631e+01  2.274e+01  2.843e+01 -1.405e+02 
 -2.882e-01  1.040e-06 -1.072e-07 -2.050e-03 -2.407e-05 -1.507e-06 -9.536e-06  4.667e-05 
 -4.319e-01 -1.072e-07  8.527e-06  5.188e-03  4.310e-05 -1.705e-05 -2.702e-05 -2.980e-05 
  2.699e+03 -2.050e-03  5.188e-03  4.014e+02 -5.818e-01  3.599e-01  1.301e+00 -1.938e+00 
  9.631e+01 -2.407e-05  4.310e-05 -5.818e-01  3.704e-02  3.927e-04  7.647e-04 -9.252e-03 
  2.274e+01 -1.507e-06 -1.705e-05  3.599e-01  3.927e-04  2.779e-02  5.497e-04  5.424e-05 
  2.843e+01 -9.536e-06 -2.702e-05  1.301e+00  7.647e-04  5.497e-04  2.468e-02 -7.605e-04 
 -1.405e+02  4.667e-05 -2.980e-05 -1.938e+00 -9.252e-03  5.424e-05 -7.605e-04  4.125e-02 
 PARAMETER  CORRELATION COEFFICIENTS  
       NO.  GLOBAL      1      3      4     20     21     22     23     24
        1  0.35845   1.000 -0.118 -0.062  0.056  0.209  0.057  0.076 -0.289
        3  0.24766  -0.118  1.000 -0.036 -0.100 -0.123 -0.009 -0.060  0.225
        4  0.20317  -0.062 -0.036  1.000  0.089  0.077 -0.035 -0.059 -0.050
       20  0.70360   0.056 -0.100  0.089  1.000 -0.151  0.108  0.413 -0.476
       21  0.45189   0.209 -0.123  0.077 -0.151  1.000  0.012  0.025 -0.237
       22  0.16910   0.057 -0.009 -0.035  0.108  0.012  1.000  0.021  0.002
       23  0.51311   0.076 -0.060 -0.059  0.413  0.025  0.021  1.000 -0.024
       24  0.66187  -0.289  0.225 -0.050 -0.476 -0.237  0.002 -0.024  1.000
MINUIT - FIT ONLY 1-CBO + wiggle
 **********
 **   16 **RES 
 **********
                   PARAMETER   16  beta_vw RESTORED TO VARIABLE.
                   PARAMETER   14  alpha_vw RESTORED TO VARIABLE.
                   PARAMETER   13  beta_y RESTORED TO VARIABLE.
                   PARAMETER   11  alpha_y RESTORED TO VARIABLE.
                   PARAMETER   10  beta_2CBO RESTORED TO VARIABLE.
                   PARAMETER    9  alpha_2CBO RESTORED TO VARIABLE.
                   PARAMETER    8  beta_CBO RESTORED TO VARIABLE.
                   PARAMETER    6  alpha_CBO RESTORED TO VARIABLE.
 **********
 **   17 **FIX            8
 **********
 **********
 **   18 **FIX            9
 **********
 **********
 **   19 **FIX           11
 **********
 **********
 **   20 **FIX           12
 **********
 PARAMETER   12  IS CONSTANT.   IGNORED.
 **********
 **   21 **FIX           14
 **********
 **********
 **   22 **FIX           15
 **********
 PARAMETER   15  IS CONSTANT.   IGNORED.
 **********
 **   23 **FIX           16
 **********
 **********
 **   24 **MIGRAD
 **********
 START MIGRAD MINIMIZATION.  STRATEGY  1.  CONVERGENCE WHEN EDM .LT. 1.00e-04
 FCN=59.3407 FROM MIGRAD    STATUS=INITIATE       26 CALLS         598 TOTAL
                     EDM= unknown      STRATEGY= 1      NO ERROR MATRIX       
  EXT PARAMETER               CURRENT GUESS       STEP         FIRST   
  NO.   NAME      VALUE            ERROR          SIZE      DERIVATIVE 
   1  N0           3.09238e+06   2.39138e+03  -6.75928e+00   4.86326e-07
   2  tau          6.44027e+01   constant   
   3  A0           3.50455e-01   1.01959e-03   9.83359e-06   5.08644e-01
   4  phi          4.11172e+00   2.92010e-03  -6.75610e-06   5.03689e-01
   5  R           -6.26367e+01   constant   
   6  alpha_CBO    0.00000e+00   1.00000e-03   1.00000e-03  -1.34246e+03
   7  w_CBO        2.32500e+00   constant   
   8  beta_CBO     0.00000e+00     fixed    
   9  alpha_2CBO   0.00000e+00     fixed    
  10  beta_2CBO    0.00000e+00   1.00000e-03   1.00000e-03   2.02060e+03
  11  alpha_y      0.00000e+00     fixed    
  12  w_y          1.38860e+01   constant   
  13  beta_y       0.00000e+00   1.00000e-03   1.00000e-03  -1.31272e+03
  14  alpha_vw     0.00000e+00     fixed    
  15  w_vw         1.43404e+01   constant   
  16  beta_vw      0.00000e+00     fixed    
  17  LM          -1.31878e-04   constant   
  18  zeta_y       0.00000e+00   constant   
  19  zeta_vw      0.00000e+00   constant   
  20  T_CBO        9.65831e+01   2.00195e+01  -2.32809e-04   1.33989e-02
  21  alpha_A0     1.21459e-01   1.92469e-01  -1.61506e-03  -7.41375e-03
  22  beta_A0     -6.36217e-02   1.66708e-01   3.56038e-04  -1.15439e-02
  23  alpha_phi   -1.99784e-01   1.57109e-01   4.57717e-04  -1.08598e-03
  24  beta_phi     2.20823e-01   2.03107e-01   2.24509e-03  -1.64108e-03
 MIGRAD MINIMIZATION HAS CONVERGED.
 MIGRAD WILL VERIFY CONVERGENCE AND ERROR MATRIX.
 FCN=57.06 FROM HESSE     STATUS=NOT POSDEF    100 CALLS         818 TOTAL
                     EDM=0.000688688    STRATEGY= 1      ERR MATRIX NOT POS-DEF
  EXT PARAMETER                APPROXIMATE        STEP         FIRST   
  NO.   NAME      VALUE            ERROR          SIZE      DERIVATIVE 
   1  N0           3.09255e+06   2.40140e+03   7.80032e+00   1.44865e-07
   2  tau          6.44027e+01   constant   
   3  A0           3.50519e-01   1.01578e-03   3.66942e-06  -2.11767e+00
   4  phi          4.11229e+00   3.09972e-03   1.10456e-05   3.48064e-01
   5  R           -6.26367e+01   constant   
   6  alpha_CBO    8.67529e-04   1.06439e-03   3.83461e-06  -1.13884e+00
   7  w_CBO        2.32500e+00   constant   
   8  beta_CBO     0.00000e+00     fixed    
   9  alpha_2CBO   0.00000e+00     fixed    
  10  beta_2CBO   -1.22867e-03   1.06703e-03   3.84966e-06  -8.38385e-01
  11  alpha_y      0.00000e+00     fixed    
  12  w_y          1.38860e+01   constant   
  13  beta_y       6.96906e-04   1.02169e-03   3.80879e-06  -1.90625e-01
  14  alpha_vw     0.00000e+00     fixed    
  15  w_vw         1.43404e+01   constant   
  16  beta_vw      0.00000e+00     fixed    
  17  LM          -1.31878e-04   constant   
  18  zeta_y       0.00000e+00   constant   
  19  zeta_vw      0.00000e+00   constant   
  20  T_CBO        9.58685e+01   2.07769e+02   1.87923e-04  -3.43401e-02
  21  alpha_A0     1.04351e-01   9.87774e-01   7.66555e-04   3.93967e-03
  22  beta_A0     -1.04709e-01   9.74781e-01   7.17342e-04  -2.67940e-03
  23  alpha_phi   -1.84359e-01   1.70436e+00   6.80223e-04  -6.67535e-03
  24  beta_phi     2.16711e-01   2.03098e+00   7.19272e-04   3.94698e-03
 CALL LIMIT EXCEEDED IN MIGRAD.
 MIGRAD TERMINATED WITHOUT CONVERGENCE.
 FCN=57.0443 FROM MIGRAD    STATUS=CALL LIMIT   1905 CALLS        2477 TOTAL
                     EDM=0.000141733    STRATEGY= 1      ERR MATRIX NOT POS-DEF
  EXT PARAMETER                APPROXIMATE        STEP         FIRST   
  NO.   NAME      VALUE            ERROR          SIZE      DERIVATIVE 
   1  N0           3.09258e+06   2.23513e+03   1.08643e+00   2.28972e-06
   2  tau          6.44027e+01   constant   
   3  A0           3.50502e-01   9.75570e-04   2.62808e-06   6.66931e+00
   4  phi          4.11230e+00   3.06783e-03  -2.90301e-06   2.78311e-02
   5  R           -6.26367e+01   constant   
   6  alpha_CBO    8.77389e-04   1.04943e-03   1.83178e-06   4.94024e+00
   7  w_CBO        2.32500e+00   constant   
   8  beta_CBO     0.00000e+00     fixed    
   9  alpha_2CBO   0.00000e+00     fixed    
  10  beta_2CBO   -1.23160e-03   1.04100e-03   5.91686e-07   4.07853e+00
  11  alpha_y      0.00000e+00     fixed    
  12  w_y          1.38860e+01   constant   
  13  beta_y       6.99031e-04   1.02029e-03   4.82080e-07   2.48490e+00
  14  alpha_vw     0.00000e+00     fixed    
  15  w_vw         1.43404e+01   constant   
  16  beta_vw      0.00000e+00     fixed    
  17  LM          -1.31878e-04   constant   
  18  zeta_y       0.00000e+00   constant   
  19  zeta_vw      0.00000e+00   constant   
  20  T_CBO        3.60322e+02   6.40099e+02   2.32711e-02  -5.39437e-02
  21  alpha_A0     6.25565e-03   3.23242e-02  -3.40410e-04  -7.49407e-01
  22  beta_A0     -6.25871e-03   3.36103e-02   2.46535e-04   9.53335e-01
  23  alpha_phi   -1.09371e-02   5.67924e-02   3.84189e-04   9.41655e-01
  24  beta_phi     1.25507e-02   6.56172e-02  -3.70160e-04  -1.03598e+00
 EXTERNAL ERROR MATRIX.    NDIM=  25    NPAR= 11    ERR DEF=1
  4.996e+06 
 -1.720e-01  9.517e-07 
 -6.796e-01 -1.590e-08  9.412e-06 
  3.803e-02  1.175e-08  6.949e-07  1.101e-06 
 -1.979e-01 -3.615e-08 -2.600e-08 -1.042e-07  1.084e-06 
 -1.490e-02 -9.972e-09  7.858e-08 -1.996e-09 -4.900e-09  1.041e-06 
  1.401e+05 -5.921e-02  7.225e-02  2.689e-02  4.585e-03  9.923e-03  2.277e+06 
  4.060e+00 -1.151e-06  1.217e-08 -1.599e-06  6.709e-07  1.316e-09 -4.470e+01  1.045e-03 
  3.607e+00 -2.267e-06 -1.143e-06 -7.737e-07  1.962e-06 -3.423e-07  4.696e+01 -8.897e-04  1.130e-03 
  6.083e+00 -2.944e-06 -2.016e-06 -9.175e-07 -2.155e-06  1.216e-07  8.283e+01 -1.567e-03  1.700e-03  3.225e-03 
 -1.145e+01  5.979e-06 -4.106e-06 -6.025e-07  7.035e-07 -4.649e-08 -9.624e+01  1.839e-03 -1.980e-03 -3.511e-03  4.306e-03 
ERR MATRIX NOT POS-DEF
 PARAMETER  CORRELATION COEFFICIENTS  
       NO.  GLOBAL      1      3      4      6     10     13     20     21     22     23     24
        1  0.31134   1.000 -0.079 -0.099  0.016 -0.085 -0.007  0.042  0.056  0.048  0.048 -0.078
        3  0.27940  -0.079  1.000 -0.005  0.011 -0.036 -0.010 -0.040 -0.037 -0.069 -0.053  0.093
        4  0.28431  -0.099 -0.005  1.000  0.216 -0.008  0.025  0.016  0.000 -0.011 -0.012 -0.020
        6  0.28214   0.016  0.011  0.216  1.000 -0.095 -0.002  0.017 -0.047 -0.022 -0.015 -0.009
       10  0.27287  -0.085 -0.036 -0.008 -0.095  1.000 -0.005  0.003  0.020  0.056 -0.036  0.010
       13  0.07109  -0.007 -0.010  0.025 -0.002 -0.005  1.000  0.006  0.000 -0.010  0.002 -0.001
       20  0.99305   0.042 -0.040  0.016  0.017  0.003  0.006  1.000 -0.916  0.926  0.966 -0.972
       21  0.93871   0.056 -0.037  0.000 -0.047  0.020  0.000 -0.916  1.000 -0.819 -0.854  0.867
       22  0.93241   0.048 -0.069 -0.011 -0.022  0.056 -0.010  0.926 -0.819  1.000  0.891 -0.898
       23  0.97213   0.048 -0.053 -0.012 -0.015 -0.036  0.002  0.966 -0.854  0.891  1.000 -0.942
       24  0.97530  -0.078  0.093 -0.020 -0.009  0.010 -0.001 -0.972  0.867 -0.898 -0.942  1.000
 ERR MATRIX NOT POS-DEF
MINUIT - FIT ONLY 2-CBO
 **********
 **   25 **RES 
 **********
                   PARAMETER   16  beta_vw RESTORED TO VARIABLE.
                   PARAMETER   14  alpha_vw RESTORED TO VARIABLE.
                   PARAMETER   11  alpha_y RESTORED TO VARIABLE.
                   PARAMETER    9  alpha_2CBO RESTORED TO VARIABLE.
                   PARAMETER    8  beta_CBO RESTORED TO VARIABLE.
 **********
 **   26 **FIX            0
 **********
 PARAMETER    0  IS UNDEFINED. IGNORED.
 **********
 **   27 **FIX            1
 **********
 **********
 **   28 **FIX            2
 **********
 PARAMETER    2  IS CONSTANT.   IGNORED.
 **********
 **   29 **FIX            3
 **********
 **********
 **   30 **FIX            4
 **********
 **********
 **   31 **FIX            5
 **********
 PARAMETER    5  IS CONSTANT.   IGNORED.
 **********
 **   32 **FIX            6
 **********
 **********
 **   33 **FIX            7
 **********
 PARAMETER    7  IS CONSTANT.   IGNORED.
 **********
 **   34 **FIX           10
 **********
 **********
 **   35 **FIX           11
 **********
 **********
 **   36 **FIX           12
 **********
 PARAMETER   12  IS CONSTANT.   IGNORED.
 **********
 **   37 **FIX           13
 **********
 **********
 **   38 **FIX           14
 **********
 **********
 **   39 **FIX           15
 **********
 PARAMETER   15  IS CONSTANT.   IGNORED.
 **********
 **   40 **FIX           16
 **********
 **********
 **   41 **MIGRAD
 **********
 START MIGRAD MINIMIZATION.  STRATEGY  1.  CONVERGENCE WHEN EDM .LT. 1.00e-04
 FCN=57.0443 FROM MIGRAD    STATUS=INITIATE       18 CALLS        2495 TOTAL
                     EDM= unknown      STRATEGY= 1      NO ERROR MATRIX       
  EXT PARAMETER               CURRENT GUESS       STEP         FIRST   
  NO.   NAME      VALUE            ERROR          SIZE      DERIVATIVE 
   1  N0           3.09258e+06     fixed    
   2  tau          6.44027e+01   constant   
   3  A0           3.50502e-01     fixed    
   4  phi          4.11230e+00     fixed    
   5  R           -6.26367e+01   constant   
   6  alpha_CBO    8.77389e-04     fixed    
   7  w_CBO        2.32500e+00   constant   
   8  beta_CBO     0.00000e+00   1.00000e-03   1.00000e-03  -1.52043e+03
   9  alpha_2CBO   0.00000e+00   1.00000e-03   1.00000e-03  -2.93564e+02
  10  beta_2CBO   -1.23160e-03     fixed    
  11  alpha_y      0.00000e+00     fixed    
  12  w_y          1.38860e+01   constant   
  13  beta_y       6.99031e-04     fixed    
  14  alpha_vw     0.00000e+00     fixed    
  15  w_vw         1.43404e+01   constant   
  16  beta_vw      0.00000e+00     fixed    
  17  LM          -1.31878e-04   constant   
  18  zeta_y       0.00000e+00   constant   
  19  zeta_vw      0.00000e+00   constant   
  20  T_CBO        3.60322e+02   6.40099e+02   2.32711e-02  -5.39452e-02
  21  alpha_A0     6.25565e-03   3.23242e-02  -3.40410e-04  -7.49406e-01
  22  beta_A0     -6.25871e-03   3.36103e-02   2.46535e-04   9.53335e-01
  23  alpha_phi   -1.09371e-02   5.67924e-02   3.84189e-04   9.41655e-01
  24  beta_phi     1.25507e-02   6.56172e-02  -3.70160e-04  -1.03598e+00
 MIGRAD MINIMIZATION HAS CONVERGED.
 MIGRAD WILL VERIFY CONVERGENCE AND ERROR MATRIX.
 FCN=56.3911 FROM HESSE     STATUS=NOT POSDEF     50 CALLS        2607 TOTAL
                     EDM=0.000444191    STRATEGY= 1      ERR MATRIX NOT POS-DEF
  EXT PARAMETER                APPROXIMATE        STEP         FIRST   
  NO.   NAME      VALUE            ERROR          SIZE      DERIVATIVE 
   1  N0           3.09258e+06     fixed    
   2  tau          6.44027e+01   constant   
   3  A0           3.50502e-01     fixed    
   4  phi          4.11230e+00     fixed    
   5  R           -6.26367e+01   constant   
   6  alpha_CBO    8.77389e-04     fixed    
   7  w_CBO        2.32500e+00   constant   
   8  beta_CBO     8.22002e-04   1.03460e-03   3.79566e-06   3.96263e-01
   9  alpha_2CBO   1.87230e-04   1.04339e-03   3.78107e-06  -1.37382e+00
  10  beta_2CBO   -1.23160e-03     fixed    
  11  alpha_y      0.00000e+00     fixed    
  12  w_y          1.38860e+01   constant   
  13  beta_y       6.99031e-04     fixed    
  14  alpha_vw     0.00000e+00     fixed    
  15  w_vw         1.43404e+01   constant   
  16  beta_vw      0.00000e+00     fixed    
  17  LM          -1.31878e-04   constant   
  18  zeta_y       0.00000e+00   constant   
  19  zeta_vw      0.00000e+00   constant   
  20  T_CBO        3.65991e+02   6.19173e+02   1.61780e-03  -3.15858e-03
  21  alpha_A0     6.57229e-03   6.10852e-02   4.42882e-05   5.87543e-02
  22  beta_A0     -7.42566e-03   6.78023e-02   4.13108e-05  -7.50928e-02
  23  alpha_phi   -1.10025e-02   1.00015e-01   3.93137e-05  -4.80737e-02
  24  beta_phi     1.21400e-02   1.11742e-01   4.16235e-05   6.43741e-02
 MIGRAD MINIMIZATION HAS CONVERGED.
 MIGRAD WILL VERIFY CONVERGENCE AND ERROR MATRIX.
 COVARIANCE MATRIX CALCULATED SUCCESSFULLY
 FCN=56.3882 FROM MIGRAD    STATUS=CONVERGED     745 CALLS        3222 TOTAL
                     EDM=1.82046e-05    STRATEGY= 1      ERROR MATRIX ACCURATE 
  EXT PARAMETER                                   STEP         FIRST   
  NO.   NAME      VALUE            ERROR          SIZE      DERIVATIVE 
   1  N0           3.09258e+06     fixed    
   2  tau          6.44027e+01   constant   
   3  A0           3.50502e-01     fixed    
   4  phi          4.11230e+00     fixed    
   5  R           -6.26367e+01   constant   
   6  alpha_CBO    8.77389e-04     fixed    
   7  w_CBO        2.32500e+00   constant   
   8  beta_CBO     8.21071e-04   1.03620e-03   3.79557e-06  -3.91476e-01
   9  alpha_2CBO   1.88611e-04   1.04512e-03   3.78098e-06   2.16555e+00
  10  beta_2CBO   -1.23160e-03     fixed    
  11  alpha_y      0.00000e+00     fixed    
  12  w_y          1.38860e+01   constant   
  13  beta_y       6.99031e-04     fixed    
  14  alpha_vw     0.00000e+00     fixed    
  15  w_vw         1.43404e+01   constant   
  16  beta_vw      0.00000e+00     fixed    
  17  LM          -1.31878e-04   constant   
  18  zeta_y       0.00000e+00   constant   
  19  zeta_vw      0.00000e+00   constant   
  20  T_CBO        9.91114e+02   9.95032e+02   5.37132e-02  -3.81163e-04
  21  alpha_A0     3.47609e-03   6.81757e-03   2.35162e-05  -4.20784e-01
  22  beta_A0     -3.93305e-03   6.49834e-03   2.19179e-05   2.70868e-01
  23  alpha_phi   -5.82296e-03   6.80961e-03   2.08771e-05   2.65436e-01
  24  beta_phi     6.39947e-03   7.37142e-03   2.21083e-05  -3.45300e-01
 EXTERNAL ERROR MATRIX.    NDIM=  25    NPAR=  7    ERR DEF=1
  1.074e-06  3.360e-08  1.886e-05  5.324e-08 -7.380e-07 -1.355e-07 -3.529e-07 
  3.360e-08  1.092e-06 -1.155e-03  9.774e-07 -4.689e-07  6.055e-08  7.964e-07 
  1.886e-05 -1.155e-03  4.211e+06 -4.718e+00  5.281e+00  7.858e+00 -8.747e+00 
  5.324e-08  9.774e-07 -4.718e+00  4.648e-05 -8.144e-06 -1.059e-05  8.796e-06 
 -7.380e-07 -4.689e-07  5.281e+00 -8.144e-06  4.223e-05  8.660e-06 -1.150e-05 
 -1.355e-07  6.055e-08  7.858e+00 -1.059e-05  8.660e-06  4.637e-05 -1.642e-05 
 -3.529e-07  7.964e-07 -8.747e+00  8.796e-06 -1.150e-05 -1.642e-05  5.434e-05 
 PARAMETER  CORRELATION COEFFICIENTS  
       NO.  GLOBAL      8      9     20     21     22     23     24
        8  0.13915   1.000  0.031  0.000  0.008 -0.110 -0.019 -0.046
        9  0.20843   0.031  1.000 -0.001  0.137 -0.069  0.009  0.103
       20  0.75030   0.000 -0.001  1.000 -0.337  0.396  0.562 -0.578
       21  0.37255   0.008  0.137 -0.337  1.000 -0.184 -0.228  0.175
       22  0.42022  -0.110 -0.069  0.396 -0.184  1.000  0.196 -0.240
       23  0.56538  -0.019  0.009  0.562 -0.228  0.196  1.000 -0.327
       24  0.59069  -0.046  0.103 -0.578  0.175 -0.240 -0.327  1.000
MINUIT - FIT wiggle + 1-CBO + 2-CBO
 **********
 **   42 **RES 
 **********
                   PARAMETER   16  beta_vw RESTORED TO VARIABLE.
                   PARAMETER   14  alpha_vw RESTORED TO VARIABLE.
                   PARAMETER   13  beta_y RESTORED TO VARIABLE.
                   PARAMETER   11  alpha_y RESTORED TO VARIABLE.
                   PARAMETER   10  beta_2CBO RESTORED TO VARIABLE.
                   PARAMETER    6  alpha_CBO RESTORED TO VARIABLE.
                   PARAMETER    4  phi RESTORED TO VARIABLE.
                   PARAMETER    3  A0 RESTORED TO VARIABLE.
                   PARAMETER    1  N0 RESTORED TO VARIABLE.
 **********
 **   43 **FIX           10
 **********
 **********
 **   44 **FIX           11
 **********
 **********
 **   45 **FIX           12
 **********
 PARAMETER   12  IS CONSTANT.   IGNORED.
 **********
 **   46 **FIX           13
 **********
 **********
 **   47 **FIX           14
 **********
 **********
 **   48 **FIX           15
 **********
 PARAMETER   15  IS CONSTANT.   IGNORED.
 **********
 **   49 **FIX           16
 **********
 **********
 **   50 **MIGRAD
 **********
 START MIGRAD MINIMIZATION.  STRATEGY  1.  CONVERGENCE WHEN EDM .LT. 1.00e-04
 FCN=56.3882 FROM MIGRAD    STATUS=INITIATE       22 CALLS        3244 TOTAL
                     EDM= unknown      STRATEGY= 1      NO ERROR MATRIX       
  EXT PARAMETER               CURRENT GUESS       STEP         FIRST   
  NO.   NAME      VALUE            ERROR          SIZE      DERIVATIVE 
   1  N0           3.09258e+06   2.23513e+03   2.23513e+03   5.73611e-05
   2  tau          6.44027e+01   constant   
   3  A0           3.50502e-01   9.75570e-04   9.75570e-04   3.65680e+02
   4  phi          4.11230e+00   3.06783e-03   3.06783e-03  -6.06073e+01
   5  R           -6.26367e+01   constant   
   6  alpha_CBO    8.77389e-04   1.04943e-03   1.04943e-03   6.26374e+01
   7  w_CBO        2.32500e+00   constant   
   8  beta_CBO     8.21071e-04   1.03620e-03   3.79557e-06  -3.91476e-01
   9  alpha_2CBO   1.88611e-04   1.04512e-03   3.78098e-06   2.16555e+00
  10  beta_2CBO   -1.23160e-03     fixed    
  11  alpha_y      0.00000e+00     fixed    
  12  w_y          1.38860e+01   constant   
  13  beta_y       6.99031e-04     fixed    
  14  alpha_vw     0.00000e+00     fixed    
  15  w_vw         1.43404e+01   constant   
  16  beta_vw      0.00000e+00     fixed    
  17  LM          -1.31878e-04   constant   
  18  zeta_y       0.00000e+00   constant   
  19  zeta_vw      0.00000e+00   constant   
  20  T_CBO        9.91114e+02   9.95032e+02   5.37132e-02  -3.90263e-04
  21  alpha_A0     3.47609e-03   6.81757e-03   2.35162e-05  -4.20784e-01
  22  beta_A0     -3.93305e-03   6.49834e-03   2.19179e-05   2.70868e-01
  23  alpha_phi   -5.82296e-03   6.80961e-03   2.08771e-05   2.65436e-01
  24  beta_phi     6.39947e-03   7.37142e-03   2.21083e-05  -3.45300e-01
 MIGRAD MINIMIZATION HAS CONVERGED.
 MIGRAD WILL VERIFY CONVERGENCE AND ERROR MATRIX.
 COVARIANCE MATRIX CALCULATED SUCCESSFULLY
 FCN=56.3376 FROM MIGRAD    STATUS=CONVERGED     220 CALLS        3442 TOTAL
                     EDM=4.1255e-06    STRATEGY= 1      ERROR MATRIX ACCURATE 
  EXT PARAMETER                                   STEP         FIRST   
  NO.   NAME      VALUE            ERROR          SIZE      DERIVATIVE 
   1  N0           3.09244e+06   2.41248e+03   7.75139e+00  -3.29254e-07
   2  tau          6.44027e+01   constant   
   3  A0           3.50306e-01   1.04004e-03   3.64645e-06   3.76602e-01
   4  phi          4.11263e+00   3.13073e-03   1.09846e-05  -1.54045e-02
   5  R           -6.26367e+01   constant   
   6  alpha_CBO    8.56165e-04   1.06355e-03   3.81091e-06   5.00172e-01
   7  w_CBO        2.32500e+00   constant   
   8  beta_CBO     8.83266e-04   1.07222e-03   3.79408e-06   7.51642e-02
   9  alpha_2CBO   1.97767e-04   1.04739e-03   3.77951e-06  -4.98034e-02
  10  beta_2CBO   -1.23160e-03     fixed    
  11  alpha_y      0.00000e+00     fixed    
  12  w_y          1.38860e+01   constant   
  13  beta_y       6.99031e-04     fixed    
  14  alpha_vw     0.00000e+00     fixed    
  15  w_vw         1.43404e+01   constant   
  16  beta_vw      0.00000e+00     fixed    
  17  LM          -1.31878e-04   constant   
  18  zeta_y       0.00000e+00   constant   
  19  zeta_vw      0.00000e+00   constant   
  20  T_CBO        9.99811e+02   6.10046e+02   1.05510e-01   3.41310e-05
  21  alpha_A0     3.63287e-03   7.33492e-03   2.33255e-05   3.27158e-03
  22  beta_A0     -4.08320e-03   6.87973e-03   2.17414e-05  -1.41774e-01
  23  alpha_phi   -5.91690e-03   7.47685e-03   2.07134e-05   2.84288e-02
  24  beta_phi     6.30715e-03   8.15745e-03   2.19356e-05   4.23279e-02
 EXTERNAL ERROR MATRIX.    NDIM=  25    NPAR= 11    ERR DEF=1
  5.820e+06 
 -2.778e-01  1.082e-06 
 -7.475e-01 -1.689e-07  9.801e-06 
  4.608e-02  3.361e-08  7.071e-07  1.131e-06 
 -1.815e-01 -2.415e-07  3.795e-07 -3.094e-08  1.150e-06 
  5.685e-04 -2.471e-08  2.011e-07  2.271e-08  4.526e-08  1.097e-06 
 -3.257e+03  5.446e-03 -5.985e-03 -1.944e-03 -1.277e-03  3.607e-05  5.829e+05 
  3.773e+00 -1.206e-06  1.079e-06 -3.730e-07  2.385e-07  1.022e-06  2.286e+00  5.380e-05 
  1.351e+00  2.663e-07 -2.170e-06 -8.468e-08 -9.192e-07 -5.143e-07 -2.545e+00 -1.196e-05  4.733e-05 
  4.209e-01  1.497e-07 -2.631e-06 -5.502e-07 -2.538e-07  2.266e-09 -3.699e+00 -1.643e-05  1.563e-05  5.590e-05 
 -3.600e+00  1.138e-06  5.130e-07 -1.322e-07 -4.509e-07  7.748e-07  4.006e+00  1.157e-05 -1.859e-05 -2.562e-05  6.654e-05 
 PARAMETER  CORRELATION COEFFICIENTS  
       NO.  GLOBAL      1      3      4      6      8      9     20     21     22     23     24
        1  0.36192   1.000 -0.111 -0.099  0.018 -0.070  0.000 -0.002  0.213  0.081  0.023 -0.183
        3  0.31749  -0.111  1.000 -0.052  0.030 -0.217 -0.023  0.007 -0.158  0.037  0.019  0.134
        4  0.31539  -0.099 -0.052  1.000  0.212  0.113  0.061 -0.003  0.047 -0.101 -0.112  0.020
        6  0.24657   0.018  0.030  0.212  1.000 -0.027  0.020 -0.002 -0.048 -0.012 -0.069 -0.015
        8  0.28995  -0.070 -0.217  0.113 -0.027  1.000  0.040 -0.002  0.030 -0.125 -0.032 -0.052
        9  0.21790   0.000 -0.023  0.061  0.020  0.040  1.000  0.000  0.133 -0.071  0.000  0.091
       20  0.82019  -0.002  0.007 -0.003 -0.002 -0.002  0.000  1.000  0.408 -0.484 -0.648  0.643
       21  0.51025   0.213 -0.158  0.047 -0.048  0.030  0.133  0.408  1.000 -0.237 -0.300  0.193
       22  0.51919   0.081  0.037 -0.101 -0.012 -0.125 -0.071 -0.484 -0.237  1.000  0.304 -0.331
       23  0.66232   0.023  0.019 -0.112 -0.069 -0.032  0.000 -0.648 -0.300  0.304  1.000 -0.420
       24  0.68639  -0.183  0.134  0.020 -0.015 -0.052  0.091  0.643  0.193 -0.331 -0.420  1.000
MINUIT - FIT ONLY 1-y
 **********
 **   51 **RES 
 **********
                   PARAMETER   16  beta_vw RESTORED TO VARIABLE.
                   PARAMETER   14  alpha_vw RESTORED TO VARIABLE.
                   PARAMETER   13  beta_y RESTORED TO VARIABLE.
                   PARAMETER   11  alpha_y RESTORED TO VARIABLE.
                   PARAMETER   10  beta_2CBO RESTORED TO VARIABLE.
 **********
 **   52 **FIX            0
 **********
 PARAMETER    0  IS UNDEFINED. IGNORED.
 **********
 **   53 **FIX            1
 **********
 **********
 **   54 **FIX            2
 **********
 PARAMETER    2  IS CONSTANT.   IGNORED.
 **********
 **   55 **FIX            3
 **********
 **********
 **   56 **FIX            4
 **********
 **********
 **   57 **FIX            5
 **********
 PARAMETER    5  IS CONSTANT.   IGNORED.
 **********
 **   58 **FIX            6
 **********
 **********
 **   59 **FIX            7
 **********
 PARAMETER    7  IS CONSTANT.   IGNORED.
 **********
 **   60 **FIX            8
 **********
 **********
 **   61 **FIX            9
 **********
 **********
 **   62 **FIX           13
 **********
 **********
 **   63 **FIX           14
 **********
 **********
 **   64 **FIX           15
 **********
 PARAMETER   15  IS CONSTANT.   IGNORED.
 **********
 **   65 **FIX           16
 **********
 **********
 **   66 **MIGRAD
 **********
 START MIGRAD MINIMIZATION.  STRATEGY  1.  CONVERGENCE WHEN EDM .LT. 1.00e-04
 FCN=56.3376 FROM MIGRAD    STATUS=INITIATE       18 CALLS        3460 TOTAL
                     EDM= unknown      STRATEGY= 1      NO ERROR MATRIX       
  EXT PARAMETER               CURRENT GUESS       STEP         FIRST   
  NO.   NAME      VALUE            ERROR          SIZE      DERIVATIVE 
   1  N0           3.09244e+06     fixed    
   2  tau          6.44027e+01   constant   
   3  A0           3.50306e-01     fixed    
   4  phi          4.11263e+00     fixed    
   5  R           -6.26367e+01   constant   
   6  alpha_CBO    8.56165e-04     fixed    
   7  w_CBO        2.32500e+00   constant   
   8  beta_CBO     8.83266e-04     fixed    
   9  alpha_2CBO   1.97767e-04     fixed    
  10  beta_2CBO   -1.23160e-03   1.04100e-03   1.04100e-03  -7.32310e+01
  11  alpha_y      0.00000e+00   1.00000e-03   1.00000e-03   1.63689e+01
  12  w_y          1.38860e+01   constant   
  13  beta_y       6.99031e-04     fixed    
  14  alpha_vw     0.00000e+00     fixed    
  15  w_vw         1.43404e+01   constant   
  16  beta_vw      0.00000e+00     fixed    
  17  LM          -1.31878e-04   constant   
  18  zeta_y       0.00000e+00   constant   
  19  zeta_vw      0.00000e+00   constant   
  20  T_CBO        9.99811e+02   6.10046e+02   1.05510e-01  -8.66944e-05
  21  alpha_A0     3.63287e-03   7.33492e-03   2.33255e-05   3.27320e-03
  22  beta_A0     -4.08320e-03   6.87973e-03   2.17414e-05  -1.41774e-01
  23  alpha_phi   -5.91690e-03   7.47685e-03   2.07134e-05   2.84288e-02
  24  beta_phi     6.30715e-03   8.15745e-03   2.19356e-05   4.23278e-02
 MIGRAD MINIMIZATION HAS CONVERGED.
 MIGRAD WILL VERIFY CONVERGENCE AND ERROR MATRIX.
 COVARIANCE MATRIX CALCULATED SUCCESSFULLY
 FCN=56.336 FROM MIGRAD    STATUS=CONVERGED     103 CALLS        3545 TOTAL
                     EDM=4.38413e-07    STRATEGY= 1      ERROR MATRIX ACCURATE 
  EXT PARAMETER                                   STEP         FIRST   
  NO.   NAME      VALUE            ERROR          SIZE      DERIVATIVE 
   1  N0           3.09244e+06     fixed    
   2  tau          6.44027e+01   constant   
   3  A0           3.50306e-01     fixed    
   4  phi          4.11263e+00     fixed    
   5  R           -6.26367e+01   constant   
   6  alpha_CBO    8.56165e-04     fixed    
   7  w_CBO        2.32500e+00   constant   
   8  beta_CBO     8.83266e-04     fixed    
   9  alpha_2CBO   1.97767e-04     fixed    
  10  beta_2CBO   -1.19009e-03   1.06337e-03   3.82579e-06  -7.37236e-02
  11  alpha_y     -9.40585e-06   1.03358e-03   3.82032e-06  -5.79139e-01
  12  w_y          1.38860e+01   constant   
  13  beta_y       6.99031e-04     fixed    
  14  alpha_vw     0.00000e+00     fixed    
  15  w_vw         1.43404e+01   constant   
  16  beta_vw      0.00000e+00     fixed    
  17  LM          -1.31878e-04   constant   
  18  zeta_y       0.00000e+00   constant   
  19  zeta_vw      0.00000e+00   constant   
  20  T_CBO        9.99988e+02   7.88780e+02   1.24614e-01  -9.47103e-06
  21  alpha_A0     3.64892e-03   6.48472e-03   2.33220e-05   3.02389e-02
  22  beta_A0     -4.04300e-03   6.14534e-03   2.17381e-05   2.96525e-02
  23  alpha_phi   -5.95338e-03   6.09495e-03   2.07101e-05   7.98164e-02
  24  beta_phi     6.31271e-03   6.38472e-03   2.19323e-05   6.14154e-02
 EXTERNAL ERROR MATRIX.    NDIM=  25    NPAR=  7    ERR DEF=1
  1.131e-06 -9.594e-09  8.473e-05  4.131e-07  9.999e-07 -1.001e-06  1.557e-07 
 -9.594e-09  1.068e-06 -1.620e-05 -1.012e-07 -4.147e-08  1.063e-07 -6.116e-09 
  8.473e-05 -1.620e-05  1.562e+04  1.683e-01 -1.839e-01 -2.721e-01  2.924e-01 
  4.131e-07 -1.012e-07  1.683e-01  4.205e-05 -3.395e-06 -5.139e-06  1.512e-06 
  9.999e-07 -4.147e-08 -1.839e-01 -3.395e-06  3.777e-05  1.063e-06 -3.756e-06 
 -1.001e-06  1.063e-07 -2.721e-01 -5.139e-06  1.063e-06  3.715e-05 -5.429e-06 
  1.557e-07 -6.116e-09  2.924e-01  1.512e-06 -3.756e-06 -5.429e-06  4.076e-05 
 PARAMETER  CORRELATION COEFFICIENTS  
       NO.  GLOBAL     10     11     20     21     22     23     24
       10  0.23041   1.000 -0.009  0.001  0.060  0.153 -0.155  0.023
       11  0.02425  -0.009  1.000 -0.000 -0.015 -0.007  0.017 -0.001
       20  0.53943   0.001 -0.000  1.000  0.208 -0.240 -0.357  0.366
       21  0.23197   0.060 -0.015  0.208  1.000 -0.085 -0.130  0.037
       22  0.29098   0.153 -0.007 -0.240 -0.085  1.000  0.028 -0.096
       23  0.39420  -0.155  0.017 -0.357 -0.130  0.028  1.000 -0.139
       24  0.36986   0.023 -0.001  0.366  0.037 -0.096 -0.139  1.000
MINUIT - FIT ONLY 2-y
 **********
 **   67 **RES 
 **********
                   PARAMETER   16  beta_vw RESTORED TO VARIABLE.
                   PARAMETER   14  alpha_vw RESTORED TO VARIABLE.
                   PARAMETER   13  beta_y RESTORED TO VARIABLE.
                   PARAMETER    9  alpha_2CBO RESTORED TO VARIABLE.
                   PARAMETER    8  beta_CBO RESTORED TO VARIABLE.
                   PARAMETER    6  alpha_CBO RESTORED TO VARIABLE.
                   PARAMETER    4  phi RESTORED TO VARIABLE.
                   PARAMETER    3  A0 RESTORED TO VARIABLE.
                   PARAMETER    1  N0 RESTORED TO VARIABLE.
 **********
 **   68 **FIX            0
 **********
 PARAMETER    0  IS UNDEFINED. IGNORED.
 **********
 **   69 **FIX            1
 **********
 **********
 **   70 **FIX            2
 **********
 PARAMETER    2  IS CONSTANT.   IGNORED.
 **********
 **   71 **FIX            3
 **********
 **********
 **   72 **FIX            4
 **********
 **********
 **   73 **FIX            5
 **********
 PARAMETER    5  IS CONSTANT.   IGNORED.
 **********
 **   74 **FIX            6
 **********
 **********
 **   75 **FIX            7
 **********
 PARAMETER    7  IS CONSTANT.   IGNORED.
 **********
 **   76 **FIX            8
 **********
 **********
 **   77 **FIX            9
 **********
 **********
 **   78 **FIX           10
 **********
 **********
 **   79 **FIX           11
 **********
 **********
 **   80 **FIX           12
 **********
 PARAMETER   12  IS CONSTANT.   IGNORED.
 **********
 **   81 **FIX           16
 **********
 **********
 **   82 **MIGRAD
 **********
 START MIGRAD MINIMIZATION.  STRATEGY  1.  CONVERGENCE WHEN EDM .LT. 1.00e-04
 FCN=56.336 FROM MIGRAD    STATUS=INITIATE       16 CALLS        3561 TOTAL
                     EDM= unknown      STRATEGY= 1      NO ERROR MATRIX       
  EXT PARAMETER               CURRENT GUESS       STEP         FIRST   
  NO.   NAME      VALUE            ERROR          SIZE      DERIVATIVE 
   1  N0           3.09244e+06     fixed    
   2  tau          6.44027e+01   constant   
   3  A0           3.50306e-01     fixed    
   4  phi          4.11263e+00     fixed    
   5  R           -6.26367e+01   constant   
   6  alpha_CBO    8.56165e-04     fixed    
   7  w_CBO        2.32500e+00   constant   
   8  beta_CBO     8.83266e-04     fixed    
   9  alpha_2CBO   1.97767e-04     fixed    
  10  beta_2CBO   -1.19009e-03     fixed    
  11  alpha_y     -9.40585e-06     fixed    
  12  w_y          1.38860e+01   constant   
  13  beta_y       6.99031e-04   1.02029e-03   1.02029e-03   1.33944e+01
  14  alpha_vw     0.00000e+00   1.00000e-03   1.00000e-03   1.10944e+03
  15  w_vw         1.43404e+01   constant   
  16  beta_vw      0.00000e+00     fixed    
