 + ++++++++++++++++++++++++++++++++++++++++++++++++++++++++++++++++++++ +
 +                                                                      +
 +           You have chose to blind your fitting according to          +
 +                omega_ref * (1 + (R +/- deltaR) *10^{-6})             +
 +                                                                      +
 + ++++++++++++++++++++++++++++++++++++++++++++++++++++++++++++++++++++ +
In main()...
reading format from /gm2data/zkhechad/run45/envelope/formats/formatB_sBin_constraintOn.txt
pBinTau 	= 0  
pBinPhi 	= 0  
constraintau 	= 1 
includeMopTerm 	= 0    
constrainMop    = 0   
Parameters after format file: pBinTau 0 pBinPhi 0 constraintau 1 includeMopTerm 0 constrainMop 0 c_e_scale 0.000000 
Opening file /gm2data/tbarrett/gm2fr/studies/run23_bunch_corrections/CorrectedFourier_Run3b.root.
reading full fit data from /gm2data/zkhechad/cboTemplates/Run4CBOTemplates/fullFits/noRF/sBin_constraintOn_cE0.0_seed0_noRF_calo12.root
windowBins = 69
fitting sliding window 1470 from bin 1606 at 239.466000 to bin 1675 at 249.910000 (69 bins)

Reading data from /gm2data/cornell/histograms/aMethod/histogram_a_noRF.root
 **********
 **    1 **SET PRINTOUT            1
 **********
 **********
 **    2 **SET NOWARNINGS 
 **********
 PARAMETER DEFINITIONS:
    NO.   NAME         VALUE      STEP SIZE      LIMITS
     1 N0           3.55331e+06  1.00000e+02     no limits
     2 tau          6.44114e+01  constant
     3 A0           3.53594e-01  1.00000e-04     no limits
     4 phi          4.11780e+00  1.00000e-02     no limits
     5 R           -6.01273e+01  constant
     6 alpha_CBO    0.00000e+00  1.00000e-03     no limits
     7 w_CBO        2.32500e+00  constant
     8 beta_CBO     0.00000e+00  1.00000e-03     no limits
     9 alpha_2CBO   0.00000e+00  1.00000e-03     no limits
    10 beta_2CBO    0.00000e+00  1.00000e-03     no limits
    11 alpha_y      0.00000e+00  1.00000e-03     no limits
    12 w_y          1.38860e+01  constant
    13 beta_y       0.00000e+00  1.00000e-03     no limits
    14 alpha_vw     0.00000e+00  1.00000e-03     no limits
    15 w_vw         1.43404e+01  constant
    16 beta_vw      0.00000e+00  1.00000e-03     no limits
    17 LM           2.37201e-04  constant
    18 zeta_y       0.00000e+00  constant
    19 zeta_vw      0.00000e+00  constant
    20 T_CBO        1.00000e+02  1.00000e+00    0.00000e+00  1.00000e+03
    21 alpha_A0     0.00000e+00  1.00000e-04   -1.00000e-02  1.00000e-02
    22 beta_A0      0.00000e+00  1.00000e-04   -1.00000e-02  1.00000e-02
    23 alpha_phi    0.00000e+00  1.00000e-04   -1.00000e-02  1.00000e-02
    24 beta_phi     0.00000e+00  1.00000e-04   -1.00000e-02  1.00000e-02
MINUIT - FIT ONLY WIGGLE
 **********
 **    3 **FIX            5
 **********
 PARAMETER    5  IS CONSTANT.   IGNORED.
 **********
 **    4 **FIX            6
 **********
 **********
 **    5 **FIX            7
 **********
 PARAMETER    7  IS CONSTANT.   IGNORED.
 **********
 **    6 **FIX            8
 **********
 **********
 **    7 **FIX            9
 **********
 **********
 **    8 **FIX           10
 **********
 **********
 **    9 **FIX           11
 **********
 **********
 **   10 **FIX           12
 **********
 PARAMETER   12  IS CONSTANT.   IGNORED.
 **********
 **   11 **FIX           13
 **********
 **********
 **   12 **FIX           14
 **********
 **********
 **   13 **FIX           15
 **********
 PARAMETER   15  IS CONSTANT.   IGNORED.
 **********
 **   14 **FIX           16
 **********
 **********
 **   15 **MIGRAD
 **********
 FIRST CALL TO USER FUNCTION AT NEW START POINT, WITH IFLAG=4.
 START MIGRAD MINIMIZATION.  STRATEGY  1.  CONVERGENCE WHEN EDM .LT. 1.00e-04
 FCN=140.175 FROM MIGRAD    STATUS=INITIATE      437 CALLS         438 TOTAL
                     EDM= unknown      STRATEGY= 1      NO ERROR MATRIX       
  EXT PARAMETER               CURRENT GUESS       STEP         FIRST   
  NO.   NAME      VALUE            ERROR          SIZE      DERIVATIVE 
   1  N0           3.55331e+06   1.00000e+02   0.00000e+00   8.95941e-04
   2  tau          6.44114e+01   constant   
   3  A0           3.53594e-01   1.00000e-04   0.00000e+00  -7.32578e+03
   4  phi          4.11780e+00   1.00000e-02   0.00000e+00  -4.98508e+03
   5  R           -6.01273e+01   constant   
   6  alpha_CBO    0.00000e+00     fixed    
   7  w_CBO        2.32500e+00   constant   
   8  beta_CBO     0.00000e+00     fixed    
   9  alpha_2CBO   0.00000e+00     fixed    
  10  beta_2CBO    0.00000e+00     fixed    
  11  alpha_y      0.00000e+00     fixed    
  12  w_y          1.38860e+01   constant   
  13  beta_y       0.00000e+00     fixed    
  14  alpha_vw     0.00000e+00     fixed    
  15  w_vw         1.43404e+01   constant   
  16  beta_vw      0.00000e+00     fixed    
  17  LM           2.37201e-04   constant   
  18  zeta_y       0.00000e+00   constant   
  19  zeta_vw      0.00000e+00   constant   
  20  T_CBO        1.00000e+02   1.00000e+00   0.00000e+00   0.00000e+00
  21  alpha_A0     0.00000e+00   1.00000e-04   0.00000e+00   3.60836e-01
  22  beta_A0      0.00000e+00   1.00000e-04   0.00000e+00   3.50005e+00
  23  alpha_phi    0.00000e+00   1.00000e-04   0.00000e+00  -5.02484e-01
  24  beta_phi     0.00000e+00   1.00000e-04   0.00000e+00  -4.69033e+00
 MIGRAD MINIMIZATION HAS CONVERGED.
 FCN=109.839 FROM MIGRAD    STATUS=CONVERGED     854 CALLS         855 TOTAL
                     EDM=3.74408e-06    STRATEGY= 1  ERROR MATRIX UNCERTAINTY   1.1 per cent
  EXT PARAMETER                                   STEP         FIRST   
  NO.   NAME      VALUE            ERROR          SIZE      DERIVATIVE 
   1  N0           3.55283e+06   9.93800e+02   1.61226e-01   2.03169e-06
   2  tau          6.44114e+01   constant   
   3  A0           3.54083e-01   3.43593e-04  -2.97149e-07  -1.26431e+00
   4  phi          4.12076e+00   1.03812e-03   8.67140e-07   3.56807e-02
   5  R           -6.01273e+01   constant   
   6  alpha_CBO    0.00000e+00     fixed    
   7  w_CBO        2.32500e+00   constant   
   8  beta_CBO     0.00000e+00     fixed    
   9  alpha_2CBO   0.00000e+00     fixed    
  10  beta_2CBO    0.00000e+00     fixed    
  11  alpha_y      0.00000e+00     fixed    
  12  w_y          1.38860e+01   constant   
  13  beta_y       0.00000e+00     fixed    
  14  alpha_vw     0.00000e+00     fixed    
  15  w_vw         1.43404e+01   constant   
  16  beta_vw      0.00000e+00     fixed    
  17  LM           2.37201e-04   constant   
  18  zeta_y       0.00000e+00   constant   
  19  zeta_vw      0.00000e+00   constant   
  20  T_CBO        3.33661e+02   1.67522e+02   9.52024e-04   7.80833e-03
  21  alpha_A0    -1.97412e-03   2.80739e-03   7.67324e-04   2.71417e-03
  22  beta_A0     -9.99987e-03   1.69898e-02   1.31116e-02  -5.26268e-04
  23  alpha_phi   -1.11583e-03   2.85219e-03  -1.25954e-03  -5.19453e-03
  24  beta_phi     8.71003e-03   3.62391e-03   3.38199e-03  -4.39347e-03
 EXTERNAL ERROR MATRIX.    NDIM=  25    NPAR=  8    ERR DEF=1
  9.876e+05  4.556e-02 -9.891e-02 -2.487e+04 -5.461e-01 -6.149e-03  3.499e-01 -5.854e-01 
  4.556e-02  1.181e-07  1.939e-08  3.439e-03 -1.134e-07 -1.599e-09 -1.179e-07  1.024e-07 
 -9.891e-02  1.939e-08  1.078e-06  1.210e-02 -1.063e-07  6.754e-09 -2.525e-07  3.081e-07 
 -2.487e+04  3.439e-03  1.210e-02  2.933e+04  9.675e-02 -1.527e-02  5.766e-02  5.841e-01 
 -5.461e-01 -1.134e-07 -1.063e-07  9.675e-02  8.107e-06 -4.080e-08  6.156e-07  1.779e-06 
 -6.149e-03 -1.599e-09  6.754e-09 -1.527e-02 -4.080e-08  4.822e-08 -9.753e-08 -1.929e-07 
  3.499e-01 -1.179e-07 -2.525e-07  5.766e-02  6.156e-07 -9.753e-08  8.369e-06  8.956e-07 
 -5.854e-01  1.024e-07  3.081e-07  5.841e-01  1.779e-06 -1.929e-07  8.956e-07  1.661e-05 
 PARAMETER  CORRELATION COEFFICIENTS  
       NO.  GLOBAL      1      3      4     20     21     22     23     24
        1  0.32284   1.000  0.133 -0.096 -0.146 -0.193 -0.028  0.122 -0.145
        3  0.24300   0.133  1.000  0.054  0.058 -0.116 -0.021 -0.119  0.073
        4  0.16354  -0.096  0.054  1.000  0.068 -0.036  0.030 -0.084  0.073
       20  0.87151  -0.146  0.058  0.068  1.000  0.198 -0.406  0.116  0.837
       21  0.29197  -0.193 -0.116 -0.036  0.198  1.000 -0.065  0.075  0.153
       22  0.48192  -0.028 -0.021  0.030 -0.406 -0.065  1.000 -0.154 -0.216
       23  0.26975   0.122 -0.119 -0.084  0.116  0.075 -0.154  1.000  0.076
       24  0.84840  -0.145  0.073  0.073  0.837  0.153 -0.216  0.076  1.000
MINUIT - FIT ONLY 1-CBO + wiggle
 **********
 **   16 **RES 
 **********
                   PARAMETER   16  beta_vw RESTORED TO VARIABLE.
                   PARAMETER   14  alpha_vw RESTORED TO VARIABLE.
                   PARAMETER   13  beta_y RESTORED TO VARIABLE.
                   PARAMETER   11  alpha_y RESTORED TO VARIABLE.
                   PARAMETER   10  beta_2CBO RESTORED TO VARIABLE.
                   PARAMETER    9  alpha_2CBO RESTORED TO VARIABLE.
                   PARAMETER    8  beta_CBO RESTORED TO VARIABLE.
                   PARAMETER    6  alpha_CBO RESTORED TO VARIABLE.
 **********
 **   17 **FIX            8
 **********
 **********
 **   18 **FIX            9
 **********
 **********
 **   19 **FIX           11
 **********
 **********
 **   20 **FIX           12
 **********
 PARAMETER   12  IS CONSTANT.   IGNORED.
 **********
 **   21 **FIX           14
 **********
 **********
 **   22 **FIX           15
 **********
 PARAMETER   15  IS CONSTANT.   IGNORED.
 **********
 **   23 **FIX           16
 **********
 **********
 **   24 **MIGRAD
 **********
 START MIGRAD MINIMIZATION.  STRATEGY  1.  CONVERGENCE WHEN EDM .LT. 1.00e-04
 FCN=109.839 FROM MIGRAD    STATUS=INITIATE       28 CALLS         883 TOTAL
                     EDM= unknown      STRATEGY= 1      NO ERROR MATRIX       
  EXT PARAMETER               CURRENT GUESS       STEP         FIRST   
  NO.   NAME      VALUE            ERROR          SIZE      DERIVATIVE 
   1  N0           3.55283e+06   9.93800e+02   1.61226e-01   2.03169e-06
   2  tau          6.44114e+01   constant   
   3  A0           3.54083e-01   3.43593e-04  -2.97149e-07  -1.26431e+00
   4  phi          4.12076e+00   1.03812e-03   8.67140e-07   3.56806e-02
   5  R           -6.01273e+01   constant   
   6  alpha_CBO    0.00000e+00   1.00000e-03   1.00000e-03  -4.70594e+03
   7  w_CBO        2.32500e+00   constant   
   8  beta_CBO     0.00000e+00     fixed    
   9  alpha_2CBO   0.00000e+00     fixed    
  10  beta_2CBO    0.00000e+00   1.00000e-03   1.00000e-03  -5.07835e+03
  11  alpha_y      0.00000e+00     fixed    
  12  w_y          1.38860e+01   constant   
  13  beta_y       0.00000e+00   1.00000e-03   1.00000e-03   3.10781e+03
  14  alpha_vw     0.00000e+00     fixed    
  15  w_vw         1.43404e+01   constant   
  16  beta_vw      0.00000e+00     fixed    
  17  LM           2.37201e-04   constant   
  18  zeta_y       0.00000e+00   constant   
  19  zeta_vw      0.00000e+00   constant   
  20  T_CBO        3.33661e+02   1.67522e+02   9.52024e-04   7.80816e-03
  21  alpha_A0    -1.97412e-03   2.80739e-03   7.67324e-04   2.71416e-03
  22  beta_A0     -9.99987e-03   1.69898e-02   1.31116e-02   5.32935e-04
  23  alpha_phi   -1.11583e-03   2.85219e-03  -1.25954e-03  -5.19454e-03
  24  beta_phi     8.71003e-03   3.62391e-03   3.38199e-03   4.39428e-03
 MIGRAD MINIMIZATION HAS CONVERGED.
 MIGRAD WILL VERIFY CONVERGENCE AND ERROR MATRIX.
 COVARIANCE MATRIX CALCULATED SUCCESSFULLY
 FCN=107.536 FROM MIGRAD    STATUS=CONVERGED     272 CALLS        1127 TOTAL
                     EDM=1.19542e-05    STRATEGY= 1      ERROR MATRIX ACCURATE 
  EXT PARAMETER                                   STEP         FIRST   
  NO.   NAME      VALUE            ERROR          SIZE      DERIVATIVE 
   1  N0           3.55284e+06   1.02542e+03   4.82152e+00  -1.98758e-06
   2  tau          6.44114e+01   constant   
   3  A0           3.54100e-01   3.51951e-04   1.72061e-06  -3.50434e+00
   4  phi          4.12056e+00   1.06701e-03   5.24885e-06   7.28494e-01
   5  R           -6.01273e+01   constant   
   6  alpha_CBO    3.96599e-04   4.03954e-04   1.98300e-06  -2.51522e+00
   7  w_CBO        2.32500e+00   constant   
   8  beta_CBO     0.00000e+00     fixed    
   9  alpha_2CBO   0.00000e+00     fixed    
  10  beta_2CBO    3.97769e-04   3.89301e-04   1.93347e-06   6.70218e-01
  11  alpha_y      0.00000e+00     fixed    
  12  w_y          1.38860e+01   constant   
  13  beta_y      -2.31557e-04   3.81951e-04   1.94155e-06  -6.24150e-01
  14  alpha_vw     0.00000e+00     fixed    
  15  w_vw         1.43404e+01   constant   
  16  beta_vw      0.00000e+00     fixed    
  17  LM           2.37201e-04   constant   
  18  zeta_y       0.00000e+00   constant   
  19  zeta_vw      0.00000e+00   constant   
  20  T_CBO        3.45024e+02   1.47402e+02   1.09510e-03  -4.67140e-03
  21  alpha_A0    -1.72474e-03   3.06467e-03   1.53901e-03   9.17754e-03
  22  beta_A0     -9.99999e-03   1.70281e-02   1.84393e-02   1.76701e-04
  23  alpha_phi   -2.27291e-04   2.98089e-03   1.46017e-03   3.16559e-03
  24  beta_phi     8.65113e-03   3.47965e-03   2.70093e-03   1.43034e-03
 EXTERNAL ERROR MATRIX.    NDIM=  25    NPAR= 11    ERR DEF=1
  1.051e+06 
  6.026e-02  1.239e-07 
 -1.367e-01  2.041e-08  1.139e-06 
  5.805e-03  1.378e-08 -6.181e-08  1.632e-07 
 -1.886e-03 -7.527e-09 -2.157e-08  4.610e-09  1.516e-07 
  1.475e-03 -2.744e-09 -4.890e-09 -7.156e-10 -1.242e-09  1.459e-07 
 -2.655e+04  1.234e-03  1.584e-02  6.041e-04  3.956e-03 -6.640e-05  2.246e+04 
 -4.626e-01 -1.335e-07 -2.058e-07 -7.656e-08  1.762e-07  1.843e-08  5.786e-02  9.712e-06 
 -1.358e-05 -2.521e-11  9.958e-11 -2.910e-12 -4.327e-12  1.958e-13  1.580e-03  5.520e-09  4.834e-09 
  2.992e-01 -1.307e-07 -4.173e-07  2.046e-07  1.680e-07  2.896e-08 -2.073e-02  1.344e-06  8.215e-10  9.162e-06 
  8.845e-01 -4.845e-08 -4.725e-07 -3.420e-08  6.758e-09 -5.798e-09 -4.122e-01 -7.511e-07 -2.838e-08  3.824e-07  1.479e-05 
 PARAMETER  CORRELATION COEFFICIENTS  
       NO.  GLOBAL      1      3      4      6     10     13     20     21     22     23     24
        1  0.34945   1.000  0.167 -0.125  0.014 -0.005  0.004 -0.173 -0.145 -0.000  0.096  0.224
        3  0.27639   0.167  1.000  0.054  0.097 -0.055 -0.020  0.023 -0.122 -0.001 -0.123 -0.036
        4  0.25468  -0.125  0.054  1.000 -0.143 -0.052 -0.012  0.099 -0.062  0.001 -0.129 -0.115
        6  0.26220   0.014  0.097 -0.143  1.000  0.029 -0.005  0.010 -0.061 -0.000  0.167 -0.022
       10  0.21631  -0.005 -0.055 -0.052  0.029  1.000 -0.008  0.068  0.145 -0.000  0.143  0.005
       13  0.03803   0.004 -0.020 -0.012 -0.005 -0.008  1.000 -0.001  0.015  0.000  0.025 -0.004
       20  0.72758  -0.173  0.023  0.099  0.010  0.068 -0.001  1.000  0.124  0.152 -0.046 -0.715
       21  0.29957  -0.145 -0.122 -0.062 -0.061  0.145  0.015  0.124  1.000  0.025  0.142 -0.063
       22  0.15549  -0.000 -0.001  0.001 -0.000 -0.000  0.000  0.152  0.025  1.000  0.004 -0.106
       23  0.32355   0.096 -0.123 -0.129  0.167  0.143  0.025 -0.046  0.142  0.004  1.000  0.033
       24  0.72697   0.224 -0.036 -0.115 -0.022  0.005 -0.004 -0.715 -0.063 -0.106  0.033  1.000
MINUIT - FIT ONLY 2-CBO
 **********
 **   25 **RES 
 **********
                   PARAMETER   16  beta_vw RESTORED TO VARIABLE.
                   PARAMETER   14  alpha_vw RESTORED TO VARIABLE.
                   PARAMETER   11  alpha_y RESTORED TO VARIABLE.
                   PARAMETER    9  alpha_2CBO RESTORED TO VARIABLE.
                   PARAMETER    8  beta_CBO RESTORED TO VARIABLE.
 **********
 **   26 **FIX            0
 **********
 PARAMETER    0  IS UNDEFINED. IGNORED.
 **********
 **   27 **FIX            1
 **********
 **********
 **   28 **FIX            2
 **********
 PARAMETER    2  IS CONSTANT.   IGNORED.
 **********
 **   29 **FIX            3
 **********
 **********
 **   30 **FIX            4
 **********
 **********
 **   31 **FIX            5
 **********
 PARAMETER    5  IS CONSTANT.   IGNORED.
 **********
 **   32 **FIX            6
 **********
 **********
 **   33 **FIX            7
 **********
 PARAMETER    7  IS CONSTANT.   IGNORED.
 **********
 **   34 **FIX           10
 **********
 **********
 **   35 **FIX           11
 **********
 **********
 **   36 **FIX           12
 **********
 PARAMETER   12  IS CONSTANT.   IGNORED.
 **********
 **   37 **FIX           13
 **********
 **********
 **   38 **FIX           14
 **********
 **********
 **   39 **FIX           15
 **********
 PARAMETER   15  IS CONSTANT.   IGNORED.
 **********
 **   40 **FIX           16
 **********
 **********
 **   41 **MIGRAD
 **********
 START MIGRAD MINIMIZATION.  STRATEGY  1.  CONVERGENCE WHEN EDM .LT. 1.00e-04
 FCN=107.536 FROM MIGRAD    STATUS=INITIATE       18 CALLS        1145 TOTAL
                     EDM= unknown      STRATEGY= 1      NO ERROR MATRIX       
  EXT PARAMETER               CURRENT GUESS       STEP         FIRST   
  NO.   NAME      VALUE            ERROR          SIZE      DERIVATIVE 
   1  N0           3.55284e+06     fixed    
   2  tau          6.44114e+01   constant   
   3  A0           3.54100e-01     fixed    
   4  phi          4.12056e+00     fixed    
   5  R           -6.01273e+01   constant   
   6  alpha_CBO    3.96599e-04     fixed    
   7  w_CBO        2.32500e+00   constant   
   8  beta_CBO     0.00000e+00   1.00000e-03   1.00000e-03   3.82573e+04
   9  alpha_2CBO   0.00000e+00   1.00000e-03   1.00000e-03  -5.25231e+03
  10  beta_2CBO    3.97769e-04     fixed    
  11  alpha_y      0.00000e+00     fixed    
  12  w_y          1.38860e+01   constant   
  13  beta_y      -2.31557e-04     fixed    
  14  alpha_vw     0.00000e+00     fixed    
  15  w_vw         1.43404e+01   constant   
  16  beta_vw      0.00000e+00     fixed    
  17  LM           2.37201e-04   constant   
  18  zeta_y       0.00000e+00   constant   
  19  zeta_vw      0.00000e+00   constant   
  20  T_CBO        3.45024e+02   1.47402e+02   1.09510e-03  -4.70745e-03
  21  alpha_A0    -1.72474e-03   3.06467e-03   1.53901e-03   9.18185e-03
  22  beta_A0     -9.99999e-03   1.70281e-02   1.84393e-02   1.85100e-04
  23  alpha_phi   -2.27291e-04   2.98089e-03   1.46017e-03   3.16616e-03
  24  beta_phi     8.65113e-03   3.47965e-03   2.70093e-03   1.38751e-03
 MIGRAD MINIMIZATION HAS CONVERGED.
 MIGRAD WILL VERIFY CONVERGENCE AND ERROR MATRIX.
 COVARIANCE MATRIX CALCULATED SUCCESSFULLY
 FCN=50.984 FROM MIGRAD    STATUS=CONVERGED     159 CALLS        1286 TOTAL
                     EDM=1.80819e-05    STRATEGY= 1      ERROR MATRIX ACCURATE 
  EXT PARAMETER                                   STEP         FIRST   
  NO.   NAME      VALUE            ERROR          SIZE      DERIVATIVE 
   1  N0           3.55284e+06     fixed    
   2  tau          6.44114e+01   constant   
   3  A0           3.54100e-01     fixed    
   4  phi          4.12056e+00     fixed    
   5  R           -6.01273e+01   constant   
   6  alpha_CBO    3.96599e-04     fixed    
   7  w_CBO        2.32500e+00   constant   
   8  beta_CBO    -2.88344e-03   3.87232e-04   1.32178e-06   9.00219e+00
   9  alpha_2CBO   5.26388e-04   3.95265e-04   1.35483e-06   1.26443e+00
  10  beta_2CBO    3.97769e-04     fixed    
  11  alpha_y      0.00000e+00     fixed    
  12  w_y          1.38860e+01   constant   
  13  beta_y      -2.31557e-04     fixed    
  14  alpha_vw     0.00000e+00     fixed    
  15  w_vw         1.43404e+01   constant   
  16  beta_vw      0.00000e+00     fixed    
  17  LM           2.37201e-04   constant   
  18  zeta_y       0.00000e+00   constant   
  19  zeta_vw      0.00000e+00   constant   
  20  T_CBO        2.43103e+02   1.00209e+02   6.50851e-04   6.61988e-03
  21  alpha_A0    -2.22191e-03   3.99241e-03   1.44591e-03  -1.02668e-02
  22  beta_A0     -9.99988e-03   1.83987e-02   3.14912e-02  -1.21023e-04
  23  alpha_phi    1.18952e-03   3.86253e-03   1.36497e-03  -2.08256e-03
  24  beta_phi     5.67711e-03   4.15336e-03   1.51868e-03   1.50612e-03
 EXTERNAL ERROR MATRIX.    NDIM=  25    NPAR=  7    ERR DEF=1
  1.499e-07 -6.007e-09  5.082e-03  1.592e-08 -6.210e-11 -8.501e-08  1.672e-07 
 -6.007e-09  1.562e-07  4.916e-03 -1.341e-07  3.212e-11  1.116e-07 -2.972e-07 
  5.082e-03  4.916e-03  1.023e+04  6.060e-02  9.449e-03 -6.647e-02 -2.378e-01 
  1.592e-08 -1.341e-07  6.060e-02  1.692e-05  8.595e-08  1.680e-06 -7.234e-07 
 -6.210e-11  3.212e-11  9.449e-03  8.595e-08  1.710e-07 -4.453e-08 -2.258e-07 
 -8.501e-08  1.116e-07 -6.647e-02  1.680e-06 -4.453e-08  1.574e-05  8.453e-07 
  1.672e-07 -2.972e-07 -2.378e-01 -7.234e-07 -2.258e-07  8.453e-07  1.895e-05 
 PARAMETER  CORRELATION COEFFICIENTS  
       NO.  GLOBAL      8      9     20     21     22     23     24
        8  0.24477   1.000 -0.039  0.130  0.010 -0.000 -0.055  0.099
        9  0.22816  -0.039  1.000  0.123 -0.082  0.000  0.071 -0.173
       20  0.62153   0.130  0.123  1.000  0.146  0.226 -0.166 -0.540
       21  0.22957   0.010 -0.082  0.146  1.000  0.051  0.103 -0.040
       22  0.23046  -0.000  0.000  0.226  0.051  1.000 -0.027 -0.125
       23  0.23944  -0.055  0.071 -0.166  0.103 -0.027  1.000  0.049
       24  0.57649   0.099 -0.173 -0.540 -0.040 -0.125  0.049  1.000
MINUIT - FIT wiggle + 1-CBO + 2-CBO
 **********
 **   42 **RES 
 **********
                   PARAMETER   16  beta_vw RESTORED TO VARIABLE.
                   PARAMETER   14  alpha_vw RESTORED TO VARIABLE.
                   PARAMETER   13  beta_y RESTORED TO VARIABLE.
                   PARAMETER   11  alpha_y RESTORED TO VARIABLE.
                   PARAMETER   10  beta_2CBO RESTORED TO VARIABLE.
                   PARAMETER    6  alpha_CBO RESTORED TO VARIABLE.
                   PARAMETER    4  phi RESTORED TO VARIABLE.
                   PARAMETER    3  A0 RESTORED TO VARIABLE.
                   PARAMETER    1  N0 RESTORED TO VARIABLE.
 **********
 **   43 **FIX           10
 **********
 **********
 **   44 **FIX           11
 **********
 **********
 **   45 **FIX           12
 **********
 PARAMETER   12  IS CONSTANT.   IGNORED.
 **********
 **   46 **FIX           13
 **********
 **********
 **   47 **FIX           14
 **********
 **********
 **   48 **FIX           15
 **********
 PARAMETER   15  IS CONSTANT.   IGNORED.
 **********
 **   49 **FIX           16
 **********
 **********
 **   50 **MIGRAD
 **********
 START MIGRAD MINIMIZATION.  STRATEGY  1.  CONVERGENCE WHEN EDM .LT. 1.00e-04
 FCN=50.984 FROM MIGRAD    STATUS=INITIATE       24 CALLS        1310 TOTAL
                     EDM= unknown      STRATEGY= 1      NO ERROR MATRIX       
  EXT PARAMETER               CURRENT GUESS       STEP         FIRST   
  NO.   NAME      VALUE            ERROR          SIZE      DERIVATIVE 
   1  N0           3.55284e+06   1.02542e+03   1.02542e+03   5.11370e-04
   2  tau          6.44114e+01   constant   
   3  A0           3.54100e-01   3.51951e-04   3.51951e-04   7.51126e+03
   4  phi          4.12056e+00   1.06701e-03   1.06701e-03   2.40147e+03
   5  R           -6.01273e+01   constant   
   6  alpha_CBO    3.96599e-04   4.03954e-04   4.03954e-04   6.52545e+01
   7  w_CBO        2.32500e+00   constant   
   8  beta_CBO    -2.88344e-03   3.87232e-04   1.32178e-06   9.00219e+00
   9  alpha_2CBO   5.26388e-04   3.95265e-04   1.35483e-06   1.26444e+00
  10  beta_2CBO    3.97769e-04     fixed    
  11  alpha_y      0.00000e+00     fixed    
  12  w_y          1.38860e+01   constant   
  13  beta_y      -2.31557e-04     fixed    
  14  alpha_vw     0.00000e+00     fixed    
  15  w_vw         1.43404e+01   constant   
  16  beta_vw      0.00000e+00     fixed    
  17  LM           2.37201e-04   constant   
  18  zeta_y       0.00000e+00   constant   
  19  zeta_vw      0.00000e+00   constant   
  20  T_CBO        2.43103e+02   1.00209e+02   6.50851e-04   6.60622e-03
  21  alpha_A0    -2.22191e-03   3.99241e-03   1.44591e-03  -1.02642e-02
  22  beta_A0     -9.99988e-03   1.83987e-02   3.14912e-02   1.50092e-04
  23  alpha_phi    1.18952e-03   3.86253e-03   1.36497e-03  -2.08399e-03
  24  beta_phi     5.67711e-03   4.15336e-03   1.51868e-03   1.49792e-03
 MIGRAD MINIMIZATION HAS CONVERGED.
 FCN=47.0632 FROM MIGRAD    STATUS=CONVERGED     374 CALLS        1660 TOTAL
                     EDM=4.52543e-06    STRATEGY= 1  ERROR MATRIX UNCERTAINTY   0.9 per cent
  EXT PARAMETER                                   STEP         FIRST   
  NO.   NAME      VALUE            ERROR          SIZE      DERIVATIVE 
   1  N0           3.55248e+06   1.02797e+03  -3.76820e-01  -4.13389e-07
   2  tau          6.44114e+01   constant   
   3  A0           3.53562e-01   3.61063e-04   2.98631e-07   1.93335e+00
   4  phi          4.11906e+00   1.09619e-03  -4.87340e-08  -6.58256e-01
   5  R           -6.01273e+01   constant   
   6  alpha_CBO    4.13746e-04   4.11693e-04   1.96290e-07  -2.60949e+00
   7  w_CBO        2.32500e+00   constant   
   8  beta_CBO    -3.09097e-03   3.93653e-04   2.77051e-07  -3.57556e-01
   9  alpha_2CBO   5.15718e-04   3.83059e-04  -4.99899e-07   5.03168e-01
  10  beta_2CBO    3.97769e-04     fixed    
  11  alpha_y      0.00000e+00     fixed    
  12  w_y          1.38860e+01   constant   
  13  beta_y      -2.31557e-04     fixed    
  14  alpha_vw     0.00000e+00     fixed    
  15  w_vw         1.43404e+01   constant   
  16  beta_vw      0.00000e+00     fixed    
  17  LM           2.37201e-04   constant   
  18  zeta_y       0.00000e+00   constant   
  19  zeta_vw      0.00000e+00   constant   
  20  T_CBO        2.24254e+02   1.36531e+02   3.53098e-04   6.61909e-03
  21  alpha_A0    -9.73226e-04   4.36541e-03  -4.07909e-04  -9.57126e-04
  22  beta_A0     -9.99947e-03   1.91637e-02   1.28790e-02  -2.90531e-04
  23  alpha_phi    2.72374e-03   4.68557e-03   4.22764e-04   7.23867e-04
  24  beta_phi     6.03907e-03   5.16755e-03   3.67442e-04   1.35275e-04
 EXTERNAL ERROR MATRIX.    NDIM=  25    NPAR= 11    ERR DEF=1
  1.057e+06 
  4.874e-02  1.304e-07 
 -6.546e-02  2.541e-08  1.202e-06 
  2.931e-02  3.683e-09 -2.877e-08  1.695e-07 
  1.571e-02  2.687e-08  8.198e-08 -2.560e-09  1.550e-07 
  8.604e-03  2.141e-09 -4.819e-09 -6.154e-09 -2.315e-09  1.467e-07 
 -1.199e+03 -1.820e-03  9.169e-03 -2.604e-03  2.598e-03  8.277e-03  1.935e+04 
 -5.612e-01 -2.374e-07 -2.767e-07 -1.706e-07 -1.081e-07 -7.295e-08  1.234e-01  2.042e-05 
 -3.608e-02  2.387e-08  8.470e-09  2.375e-08  2.527e-08 -4.437e-08 -7.690e-02 -7.680e-07  8.214e-07 
  3.028e-01 -1.277e-07 -7.953e-07  3.560e-07 -1.279e-07 -2.757e-08 -3.439e-01  2.702e-07  1.529e-06  2.395e-05 
  4.290e-01  7.090e-08 -2.103e-07  9.131e-08  2.156e-07 -3.829e-07 -5.910e-01 -3.510e-06  2.891e-06  9.704e-06  3.161e-05 
 PARAMETER  CORRELATION COEFFICIENTS  
       NO.  GLOBAL      1      3      4      6      8      9     20     21     22     23     24
        1  0.25357   1.000  0.131 -0.058  0.069  0.039  0.022 -0.008 -0.121 -0.039  0.060  0.074
        3  0.28304   0.131  1.000  0.064  0.025  0.189  0.015 -0.036 -0.146  0.073 -0.072  0.035
        4  0.25361  -0.058  0.064  1.000 -0.064  0.190 -0.011  0.060 -0.056  0.009 -0.148 -0.034
        6  0.23243   0.069  0.025 -0.064  1.000 -0.016 -0.039 -0.045 -0.092  0.064  0.177  0.039
        8  0.33834   0.039  0.189  0.190 -0.016  1.000 -0.015  0.047 -0.061  0.071 -0.066  0.097
        9  0.22214   0.022  0.015 -0.011 -0.039 -0.015  1.000  0.155 -0.042 -0.128 -0.015 -0.178
       20  0.83132  -0.008 -0.036  0.060 -0.045  0.047  0.155  1.000  0.196 -0.610 -0.505 -0.756
       21  0.33796  -0.121 -0.146 -0.056 -0.092 -0.061 -0.042  0.196  1.000 -0.188  0.012 -0.138
       22  0.64913  -0.039  0.073  0.009  0.064  0.071 -0.128 -0.610 -0.188  1.000  0.345  0.567
       23  0.57294   0.060 -0.072 -0.148  0.177 -0.066 -0.015 -0.505  0.012  0.345  1.000  0.353
       24  0.78426   0.074  0.035 -0.034  0.039  0.097 -0.178 -0.756 -0.138  0.567  0.353  1.000
MINUIT - FIT ONLY 1-y
 **********
 **   51 **RES 
 **********
                   PARAMETER   16  beta_vw RESTORED TO VARIABLE.
                   PARAMETER   14  alpha_vw RESTORED TO VARIABLE.
                   PARAMETER   13  beta_y RESTORED TO VARIABLE.
                   PARAMETER   11  alpha_y RESTORED TO VARIABLE.
                   PARAMETER   10  beta_2CBO RESTORED TO VARIABLE.
 **********
 **   52 **FIX            0
 **********
 PARAMETER    0  IS UNDEFINED. IGNORED.
 **********
 **   53 **FIX            1
 **********
 **********
 **   54 **FIX            2
 **********
 PARAMETER    2  IS CONSTANT.   IGNORED.
 **********
 **   55 **FIX            3
 **********
 **********
 **   56 **FIX            4
 **********
 **********
 **   57 **FIX            5
 **********
 PARAMETER    5  IS CONSTANT.   IGNORED.
 **********
 **   58 **FIX            6
 **********
 **********
 **   59 **FIX            7
 **********
 PARAMETER    7  IS CONSTANT.   IGNORED.
 **********
 **   60 **FIX            8
 **********
 **********
 **   61 **FIX            9
 **********
 **********
 **   62 **FIX           13
 **********
 **********
 **   63 **FIX           14
 **********
 **********
 **   64 **FIX           15
 **********
 PARAMETER   15  IS CONSTANT.   IGNORED.
 **********
 **   65 **FIX           16
 **********
 **********
 **   66 **MIGRAD
 **********
 START MIGRAD MINIMIZATION.  STRATEGY  1.  CONVERGENCE WHEN EDM .LT. 1.00e-04
 FCN=47.0632 FROM MIGRAD    STATUS=INITIATE       16 CALLS        1676 TOTAL
                     EDM= unknown      STRATEGY= 1      NO ERROR MATRIX       
  EXT PARAMETER               CURRENT GUESS       STEP         FIRST   
  NO.   NAME      VALUE            ERROR          SIZE      DERIVATIVE 
   1  N0           3.55248e+06     fixed    
   2  tau          6.44114e+01   constant   
   3  A0           3.53562e-01     fixed    
   4  phi          4.11906e+00     fixed    
   5  R           -6.01273e+01   constant   
   6  alpha_CBO    4.13746e-04     fixed    
   7  w_CBO        2.32500e+00   constant   
   8  beta_CBO    -3.09097e-03     fixed    
   9  alpha_2CBO   5.15718e-04     fixed    
  10  beta_2CBO    3.97769e-04   3.89301e-04   3.89301e-04  -2.57415e+02
  11  alpha_y      0.00000e+00   1.00000e-03   1.00000e-03   2.64962e+03
  12  w_y          1.38860e+01   constant   
  13  beta_y      -2.31557e-04     fixed    
  14  alpha_vw     0.00000e+00     fixed    
  15  w_vw         1.43404e+01   constant   
  16  beta_vw      0.00000e+00     fixed    
  17  LM           2.37201e-04   constant   
  18  zeta_y       0.00000e+00   constant   
  19  zeta_vw      0.00000e+00   constant   
  20  T_CBO        2.24254e+02   1.36531e+02   3.53098e-04   6.61915e-03
  21  alpha_A0    -9.73226e-04   4.36541e-03  -4.07909e-04  -9.57155e-04
  22  beta_A0     -9.99947e-03   1.91637e-02   1.28790e-02   3.05200e-04
  23  alpha_phi    2.72374e-03   4.68557e-03   4.22764e-04   7.23870e-04
  24  beta_phi     6.03907e-03   5.16755e-03   3.67442e-04   1.35277e-04
 MIGRAD MINIMIZATION HAS CONVERGED.
 MIGRAD WILL VERIFY CONVERGENCE AND ERROR MATRIX.
 COVARIANCE MATRIX CALCULATED SUCCESSFULLY
 FCN=46.8035 FROM MIGRAD    STATUS=CONVERGED     135 CALLS        1795 TOTAL
                     EDM=2.69679e-06    STRATEGY= 1      ERROR MATRIX ACCURATE 
  EXT PARAMETER                                   STEP         FIRST   
  NO.   NAME      VALUE            ERROR          SIZE      DERIVATIVE 
   1  N0           3.55248e+06     fixed    
   2  tau          6.44114e+01   constant   
   3  A0           3.53562e-01     fixed    
   4  phi          4.11906e+00     fixed    
   5  R           -6.01273e+01   constant   
   6  alpha_CBO    4.13746e-04     fixed    
   7  w_CBO        2.32500e+00   constant   
   8  beta_CBO    -3.09097e-03     fixed    
   9  alpha_2CBO   5.15718e-04     fixed    
  10  beta_2CBO    4.14016e-04   3.88157e-04   1.28321e-06   3.01920e+00
  11  alpha_y     -1.94393e-04   3.83430e-04   1.29370e-06   6.31327e-01
  12  w_y          1.38860e+01   constant   
  13  beta_y      -2.31557e-04     fixed    
  14  alpha_vw     0.00000e+00     fixed    
  15  w_vw         1.43404e+01   constant   
  16  beta_vw      0.00000e+00     fixed    
  17  LM           2.37201e-04   constant   
  18  zeta_y       0.00000e+00   constant   
  19  zeta_vw      0.00000e+00   constant   
  20  T_CBO        2.23681e+02   9.50399e+01   5.71944e-04   4.61922e-03
  21  alpha_A0    -8.99253e-04   4.31960e-03   1.48142e-03   9.72358e-04
  22  beta_A0     -1.00000e-02   1.93467e-02   3.62936e-02** at limit **
  23  alpha_phi    2.76922e-03   4.36869e-03   1.47677e-03   2.51690e-03
  24  beta_phi     6.08324e-03   4.54537e-03   1.64961e-03  -1.29467e-03
 EXTERNAL ERROR MATRIX.    NDIM=  25    NPAR=  7    ERR DEF=1
  1.507e-07  2.569e-09  2.653e-03  2.347e-07 -1.222e-14  1.779e-07  2.885e-08 
  2.569e-09  1.470e-07  6.845e-04 -3.137e-08 -1.366e-15 -1.534e-08 -3.140e-08 
  2.653e-03  6.845e-04  9.194e+03  1.771e-02  7.161e-06 -1.403e-01 -2.743e-01 
  2.347e-07 -3.137e-08  1.771e-02  1.996e-05  3.104e-11  2.739e-06  2.666e-07 
 -1.222e-14 -1.366e-15  7.161e-06  3.104e-11  4.619e-14 -9.626e-11 -2.167e-10 
  1.779e-07 -1.534e-08 -1.403e-01  2.739e-06 -9.626e-11  2.057e-05  3.804e-06 
  2.885e-08 -3.140e-08 -2.743e-01  2.666e-07 -2.167e-10  3.804e-06  2.342e-05 
 PARAMETER  CORRELATION COEFFICIENTS  
       NO.  GLOBAL     10     11     20     21     22     23     24
       10  0.20270   1.000  0.017  0.071  0.135 -0.000  0.101  0.015
       11  0.03408   0.017  1.000  0.019 -0.018 -0.000 -0.009 -0.017
       20  0.67777   0.071  0.019  1.000  0.041  0.348 -0.323 -0.591
       21  0.20392   0.135 -0.018  0.041  1.000  0.032  0.135  0.012
       22  0.34942  -0.000 -0.000  0.348  0.032  1.000 -0.099 -0.208
       23  0.37263   0.101 -0.009 -0.323  0.135 -0.099  1.000  0.173
       24  0.59540   0.015 -0.017 -0.591  0.012 -0.208  0.173  1.000
MINUIT - FIT ONLY 2-y
 **********
 **   67 **RES 
 **********
                   PARAMETER   16  beta_vw RESTORED TO VARIABLE.
                   PARAMETER   14  alpha_vw RESTORED TO VARIABLE.
                   PARAMETER   13  beta_y RESTORED TO VARIABLE.
                   PARAMETER    9  alpha_2CBO RESTORED TO VARIABLE.
                   PARAMETER    8  beta_CBO RESTORED TO VARIABLE.
                   PARAMETER    6  alpha_CBO RESTORED TO VARIABLE.
                   PARAMETER    4  phi RESTORED TO VARIABLE.
                   PARAMETER    3  A0 RESTORED TO VARIABLE.
                   PARAMETER    1  N0 RESTORED TO VARIABLE.
 **********
 **   68 **FIX            0
 **********
 PARAMETER    0  IS UNDEFINED. IGNORED.
 **********
 **   69 **FIX            1
 **********
 **********
 **   70 **FIX            2
 **********
 PARAMETER    2  IS CONSTANT.   IGNORED.
 **********
 **   71 **FIX            3
 **********
 **********
 **   72 **FIX            4
 **********
 **********
 **   73 **FIX            5
 **********
 PARAMETER    5  IS CONSTANT.   IGNORED.
 **********
 **   74 **FIX            6
 **********
 **********
 **   75 **FIX            7
 **********
 PARAMETER    7  IS CONSTANT.   IGNORED.
 **********
 **   76 **FIX            8
 **********
 **********
 **   77 **FIX            9
 **********
 **********
 **   78 **FIX           10
 **********
 **********
 **   79 **FIX           11
 **********
 **********
 **   80 **FIX           12
 **********
 PARAMETER   12  IS CONSTANT.   IGNORED.
 **********
 **   81 **FIX           16
 **********
 **********
 **   82 **MIGRAD
 **********
 START MIGRAD MINIMIZATION.  STRATEGY  1.  CONVERGENCE WHEN EDM .LT. 1.00e-04
 FCN=46.8035 FROM MIGRAD    STATUS=INITIATE       16 CALLS        1811 TOTAL
                     EDM= unknown      STRATEGY= 1      NO ERROR MATRIX       
  EXT PARAMETER               CURRENT GUESS       STEP         FIRST   
  NO.   NAME      VALUE            ERROR          SIZE      DERIVATIVE 
   1  N0           3.55248e+06     fixed    
   2  tau          6.44114e+01   constant   
   3  A0           3.53562e-01     fixed    
   4  phi          4.11906e+00     fixed    
   5  R           -6.01273e+01   constant   
   6  alpha_CBO    4.13746e-04     fixed    
   7  w_CBO        2.32500e+00   constant   
   8  beta_CBO    -3.09097e-03     fixed    
   9  alpha_2CBO   5.15718e-04     fixed    
  10  beta_2CBO    4.14016e-04     fixed    
  11  alpha_y     -1.94393e-04     fixed    
  12  w_y          1.38860e+01   constant   
  13  beta_y      -2.31557e-04   3.81951e-04   3.81951e-04  -2.53502e+01
  14  alpha_vw     0.00000e+00   1.00000e-03   1.00000e-03  -2.97172e+03
  15  w_vw         1.43404e+01   constant   
  16  beta_vw      0.00000e+00     fixed    
  17  LM           2.37201e-04   constant   
  18  zeta_y       0.00000e+00   constant   
  19  zeta_vw      0.00000e+00   constant   
  20  T_CBO        2.23681e+02   9.50399e+01   5.71944e-04   4.56680e-03
  21  alpha_A0    -8.99253e-04   4.31960e-03   1.48142e-03   9.72121e-04
  22  beta_A0     -9.99998e-03   1.93467e-02   3.62936e-02   5.75191e-05
  23  alpha_phi    2.76922e-03   4.36869e-03   1.47677e-03   2.51285e-03
  24  beta_phi     6.08324e-03   4.54537e-03   1.64961e-03  -1.30294e-03
 MIGRAD MINIMIZATION HAS CONVERGED.
 MIGRAD WILL VERIFY CONVERGENCE AND ERROR MATRIX.
 COVARIANCE MATRIX CALCULATED SUCCESSFULLY
 FCN=46.4489 FROM MIGRAD    STATUS=CONVERGED     119 CALLS        1914 TOTAL
                     EDM=6.98932e-06    STRATEGY= 1      ERROR MATRIX ACCURATE 
  EXT PARAMETER                                   STEP         FIRST   
  NO.   NAME      VALUE            ERROR          SIZE      DERIVATIVE 
   1  N0           3.55248e+06     fixed    
   2  tau          6.44114e+01   constant   
   3  A0           3.53562e-01     fixed    
   4  phi          4.11906e+00     fixed    
   5  R           -6.01273e+01   constant   
   6  alpha_CBO    4.13746e-04     fixed    
   7  w_CBO        2.32500e+00   constant   
   8  beta_CBO    -3.09097e-03     fixed    
   9  alpha_2CBO   5.15718e-04     fixed    
  10  beta_2CBO    4.14016e-04     fixed    
  11  alpha_y     -1.94393e-04     fixed    
  12  w_y          1.38860e+01   constant   
  13  beta_y      -3.01790e-04   4.00537e-04   1.28373e-06  -1.10115e-01
  14  alpha_vw     2.39247e-04   4.01776e-04   1.28813e-06   8.72366e-02
  15  w_vw         1.43404e+01   constant   
  16  beta_vw      0.00000e+00     fixed    
  17  LM           2.37201e-04   constant   
  18  zeta_y       0.00000e+00   constant   
  19  zeta_vw      0.00000e+00   constant   
  20  T_CBO        2.23358e+02   9.49639e+01   5.68650e-04   1.73630e-02
  21  alpha_A0    -9.14664e-04   4.28876e-03   1.47913e-03  -1.90321e-04
  22  beta_A0     -1.00000e-02   1.92895e-02   3.32064e-02** at limit **
  23  alpha_phi    2.73989e-03   4.35204e-03   1.47472e-03   1.68693e-05
  24  beta_phi     6.10676e-03   4.56040e-03   1.65024e-03   7.33685e-04
 EXTERNAL ERROR MATRIX.    NDIM=  25    NPAR=  7    ERR DEF=1
  1.604e-07 -4.862e-08  1.756e-04  2.785e-08  3.785e-14  4.195e-08 -2.049e-08 
 -4.862e-08  1.614e-07 -2.934e-04 -9.826e-09 -1.452e-14 -1.713e-08  1.704e-08 
  1.756e-04 -2.934e-04  9.179e+03  1.474e-02  3.298e-05 -1.427e-01 -2.777e-01 
  2.785e-08 -9.826e-09  1.474e-02  1.966e-05  1.460e-10  2.460e-06  1.799e-07 
  3.785e-14 -1.452e-14  3.298e-05  1.460e-10  9.372e-13 -4.395e-10 -1.005e-09 
  4.195e-08 -1.713e-08 -1.427e-01  2.460e-06 -4.395e-10  2.040e-05  3.772e-06 
 -2.049e-08  1.704e-08 -2.777e-01  1.799e-07 -1.005e-09  3.772e-06  2.362e-05 
 PARAMETER  CORRELATION COEFFICIENTS  
       NO.  GLOBAL     13     14     20     21     22     23     24
       13  0.30329   1.000 -0.302  0.005  0.016  0.000  0.023 -0.011
       14  0.30227  -0.302  1.000 -0.008 -0.006 -0.000 -0.009  0.009
       20  0.67853   0.005 -0.008  1.000  0.035  0.356 -0.330 -0.596
       21  0.15390   0.016 -0.006  0.035  1.000  0.034  0.123  0.008
       22  0.35660   0.000 -0.000  0.356  0.034  1.000 -0.101 -0.214
       23  0.35905   0.023 -0.009 -0.330  0.123 -0.101  1.000  0.172
       24  0.59803  -0.011  0.009 -0.596  0.008 -0.214  0.172  1.000
MINUIT - FIT ALTOGETHER
 **********
