 + ++++++++++++++++++++++++++++++++++++++++++++++++++++++++++++++++++++ +
 +                                                                      +
 +           You have chose to blind your fitting according to          +
 +                omega_ref * (1 + (R +/- deltaR) *10^{-6})             +
 +                                                                      +
 + ++++++++++++++++++++++++++++++++++++++++++++++++++++++++++++++++++++ +
In main()...
reading format from /gm2data/zkhechad/run45/envelope/formats/formatB_sBin_constraintOn.txt
pBinTau 	= 0  
pBinPhi 	= 0  
constraintau 	= 1 
includeMopTerm 	= 0    
constrainMop    = 0   
Parameters after format file: pBinTau 0 pBinPhi 0 constraintau 1 includeMopTerm 0 constrainMop 0 c_e_scale 0.000000 
Opening file /gm2data/tbarrett/gm2fr/studies/run23_bunch_corrections/CorrectedFourier_Run3b.root.
reading full fit data from /gm2data/zkhechad/cboTemplates/Run4CBOTemplates/templateFits0_v2.0/noRF/sBin_constraintOn_cE0.0_seed0_noRF_calo19.root
windowBins = 69
fitting sliding window 1488 from bin 1624 at 242.151600 to bin 1693 at 252.595600 (69 bins)

Reading data from /gm2data/cornell/histograms/aMethod/histogram_a_noRF.root
 **********
 **    1 **SET PRINTOUT            1
 **********
 **********
 **    2 **SET NOWARNINGS 
 **********
 PARAMETER DEFINITIONS:
    NO.   NAME         VALUE      STEP SIZE      LIMITS
     1 N0           3.18982e+06  1.00000e+02     no limits
     2 tau          6.43968e+01  constant
     3 A0           3.47817e-01  1.00000e-04     no limits
     4 phi          4.13212e+00  1.00000e-02     no limits
     5 R           -6.01460e+01  constant
     6 alpha_CBO    0.00000e+00  1.00000e-03     no limits
     7 w_CBO        2.32500e+00  constant
     8 beta_CBO     0.00000e+00  1.00000e-03     no limits
     9 alpha_2CBO   0.00000e+00  1.00000e-03     no limits
    10 beta_2CBO    0.00000e+00  1.00000e-03     no limits
    11 alpha_y      0.00000e+00  1.00000e-03     no limits
    12 w_y          1.44500e+01  constant
    13 beta_y       0.00000e+00  1.00000e-03     no limits
    14 alpha_vw     0.00000e+00  1.00000e-03     no limits
    15 w_vw         1.29000e+01  constant
    16 beta_vw      0.00000e+00  1.00000e-03     no limits
    17 LM          -1.51189e-04  constant
    18 zeta_y       0.00000e+00  constant
    19 zeta_vw      0.00000e+00  constant
    20 T_CBO        1.00000e+02  1.00000e+00    0.00000e+00  1.00000e+03
    21 alpha_A0     0.00000e+00  1.00000e-03     no limits
    22 beta_A0      0.00000e+00  1.00000e-03     no limits
    23 alpha_phi    0.00000e+00  1.00000e-03     no limits
    24 beta_phi     0.00000e+00  1.00000e-03     no limits
MINUIT - FIT ONLY WIGGLE
 **********
 **    3 **FIX            5
 **********
 PARAMETER    5  IS CONSTANT.   IGNORED.
 **********
 **    4 **FIX            6
 **********
 **********
 **    5 **FIX            7
 **********
 PARAMETER    7  IS CONSTANT.   IGNORED.
 **********
 **    6 **FIX            8
 **********
 **********
 **    7 **FIX            9
 **********
 **********
 **    8 **FIX           10
 **********
 **********
 **    9 **FIX           11
 **********
 **********
 **   10 **FIX           12
 **********
 PARAMETER   12  IS CONSTANT.   IGNORED.
 **********
 **   11 **FIX           13
 **********
 **********
 **   12 **FIX           14
 **********
 **********
 **   13 **FIX           15
 **********
 PARAMETER   15  IS CONSTANT.   IGNORED.
 **********
 **   14 **FIX           16
 **********
 **********
 **   15 **MIGRAD
 **********
 FIRST CALL TO USER FUNCTION AT NEW START POINT, WITH IFLAG=4.
 START MIGRAD MINIMIZATION.  STRATEGY  1.  CONVERGENCE WHEN EDM .LT. 1.00e-04
 FCN=189.203 FROM MIGRAD    STATUS=INITIATE      437 CALLS         438 TOTAL
                     EDM= unknown      STRATEGY= 1      NO ERROR MATRIX       
  EXT PARAMETER               CURRENT GUESS       STEP         FIRST   
  NO.   NAME      VALUE            ERROR          SIZE      DERIVATIVE 
   1  N0           3.18982e+06   1.00000e+02   0.00000e+00  -2.82572e-03
   2  tau          6.43968e+01   constant   
   3  A0           3.47817e-01   1.00000e-04   0.00000e+00  -8.35338e+03
   4  phi          4.13212e+00   1.00000e-02   0.00000e+00  -2.54624e+03
   5  R           -6.01460e+01   constant   
   6  alpha_CBO    0.00000e+00     fixed    
   7  w_CBO        2.32500e+00   constant   
   8  beta_CBO     0.00000e+00     fixed    
   9  alpha_2CBO   0.00000e+00     fixed    
  10  beta_2CBO    0.00000e+00     fixed    
  11  alpha_y      0.00000e+00     fixed    
  12  w_y          1.44500e+01   constant   
  13  beta_y       0.00000e+00     fixed    
  14  alpha_vw     0.00000e+00     fixed    
  15  w_vw         1.29000e+01   constant   
  16  beta_vw      0.00000e+00     fixed    
  17  LM          -1.51189e-04   constant   
  18  zeta_y       0.00000e+00   constant   
  19  zeta_vw      0.00000e+00   constant   
  20  T_CBO        1.00000e+02   1.00000e+00   0.00000e+00   0.00000e+00
  21  alpha_A0     0.00000e+00   1.00000e-03   0.00000e+00   5.65472e+01
  22  beta_A0      0.00000e+00   1.00000e-03   0.00000e+00   7.98460e+01
  23  alpha_phi    0.00000e+00   1.00000e-03   0.00000e+00   4.09735e+01
  24  beta_phi     0.00000e+00   1.00000e-03   0.00000e+00  -2.96450e+02
 CALL LIMIT EXCEEDED IN MIGRAD.
 MIGRAD TERMINATED WITHOUT CONVERGENCE.
 FCN=173.034 FROM MIGRAD    STATUS=CALL LIMIT   1331 CALLS        1332 TOTAL
                     EDM=0.0052851    STRATEGY= 1  ERROR MATRIX UNCERTAINTY   3.6 per cent
  EXT PARAMETER                APPROXIMATE        STEP         FIRST   
  NO.   NAME      VALUE            ERROR          SIZE      DERIVATIVE 
   1  N0           3.19111e+06   9.44350e+02  -2.39606e+01   3.29519e-05
   2  tau          6.43968e+01   constant   
   3  A0           3.48422e-01   3.97528e-04   1.14482e-05  -3.88357e+01
   4  phi          4.13438e+00   1.21053e-03   5.73998e-06   1.02375e+01
   5  R           -6.01460e+01   constant   
   6  alpha_CBO    0.00000e+00     fixed    
   7  w_CBO        2.32500e+00   constant   
   8  beta_CBO     0.00000e+00     fixed    
   9  alpha_2CBO   0.00000e+00     fixed    
  10  beta_2CBO    0.00000e+00     fixed    
  11  alpha_y      0.00000e+00     fixed    
  12  w_y          1.44500e+01   constant   
  13  beta_y       0.00000e+00     fixed    
  14  alpha_vw     0.00000e+00     fixed    
  15  w_vw         1.29000e+01   constant   
  16  beta_vw      0.00000e+00     fixed    
  17  LM          -1.51189e-04   constant   
  18  zeta_y       0.00000e+00   constant   
  19  zeta_vw      0.00000e+00   constant   
  20  T_CBO        3.78510e+01   1.33126e+01  -6.04892e-03  -1.29795e+01
  21  alpha_A0    -5.91520e-01   1.12516e+00  -9.05349e-02   2.09364e-01
  22  beta_A0     -1.17707e+00   2.30381e+00  -1.85861e-01   3.72511e-02
  23  alpha_phi   -4.60071e-01   8.84161e-01  -7.09431e-02   1.95126e-01
  24  beta_phi     2.87099e+00   5.64329e+00   4.55712e-01  -8.26140e-02
 EXTERNAL ERROR MATRIX.    NDIM=  25    NPAR=  8    ERR DEF=1
  8.918e+05 -5.111e-02  1.637e-02  1.106e+03  1.019e+02  2.009e+02  7.552e+01 -5.058e+02 
 -5.111e-02  1.580e-07  1.635e-08 -6.505e-04 -6.624e-05 -1.333e-04 -5.080e-05  3.300e-04 
  1.637e-02  1.635e-08  1.465e-06 -4.357e-06 -3.462e-05 -6.334e-05 -2.632e-05  1.557e-04 
  1.106e+03 -6.505e-04 -4.357e-06  1.775e+02  1.487e+01  3.047e+01  1.168e+01 -7.463e+01 
  1.019e+02 -6.624e-05 -3.462e-05  1.487e+01  1.266e+00  2.591e+00  9.944e-01 -6.348e+00 
  2.009e+02 -1.333e-04 -6.334e-05  3.047e+01  2.591e+00  5.308e+00  2.036e+00 -1.300e+01 
  7.552e+01 -5.080e-05 -2.632e-05  1.168e+01  9.944e-01  2.036e+00  7.817e-01 -4.988e+00 
 -5.058e+02  3.300e-04  1.557e-04 -7.463e+01 -6.348e+00 -1.300e+01 -4.988e+00  3.185e+01 
ERR MATRIX APPROXIMATE
 PARAMETER  CORRELATION COEFFICIENTS  
       NO.  GLOBAL      1      3      4     20     21     22     23     24
        1  0.32918   1.000 -0.136  0.014  0.088  0.096  0.092  0.090 -0.095
        3  0.31329  -0.136  1.000  0.034 -0.123 -0.148 -0.146 -0.145  0.147
        4  0.19927   0.014  0.034  1.000 -0.000 -0.025 -0.023 -0.025  0.023
       20  0.99360   0.088 -0.123 -0.000  1.000  0.992  0.993  0.991 -0.993
       21  0.99975   0.096 -0.148 -0.025  0.992  1.000  1.000  1.000 -1.000
       22  0.99996   0.092 -0.146 -0.023  0.993  1.000  1.000  1.000 -1.000
       23  0.99969   0.090 -0.145 -0.025  0.991  1.000  1.000  1.000 -1.000
       24  0.99996  -0.095  0.147  0.023 -0.993 -1.000 -1.000 -1.000  1.000
 ERR MATRIX APPROXIMATE
MINUIT - FIT ONLY 1-CBO + wiggle
 **********
 **   16 **RES 
 **********
                   PARAMETER   16  beta_vw RESTORED TO VARIABLE.
                   PARAMETER   14  alpha_vw RESTORED TO VARIABLE.
                   PARAMETER   13  beta_y RESTORED TO VARIABLE.
                   PARAMETER   11  alpha_y RESTORED TO VARIABLE.
                   PARAMETER   10  beta_2CBO RESTORED TO VARIABLE.
                   PARAMETER    9  alpha_2CBO RESTORED TO VARIABLE.
                   PARAMETER    8  beta_CBO RESTORED TO VARIABLE.
                   PARAMETER    6  alpha_CBO RESTORED TO VARIABLE.
 **********
 **   17 **FIX            8
 **********
 **********
 **   18 **FIX            9
 **********
 **********
 **   19 **FIX           11
 **********
 **********
 **   20 **FIX           12
 **********
 PARAMETER   12  IS CONSTANT.   IGNORED.
 **********
 **   21 **FIX           14
 **********
 **********
 **   22 **FIX           15
 **********
 PARAMETER   15  IS CONSTANT.   IGNORED.
 **********
 **   23 **FIX           16
 **********
 **********
 **   24 **MIGRAD
 **********
 START MIGRAD MINIMIZATION.  STRATEGY  1.  CONVERGENCE WHEN EDM .LT. 1.00e-04
 FCN=173.034 FROM MIGRAD    STATUS=INITIATE       28 CALLS        1360 TOTAL
                     EDM= unknown      STRATEGY= 1      NO ERROR MATRIX       
  EXT PARAMETER               CURRENT GUESS       STEP         FIRST   
  NO.   NAME      VALUE            ERROR          SIZE      DERIVATIVE 
   1  N0           3.19111e+06   9.44350e+02  -2.39606e+01   3.29519e-05
   2  tau          6.43968e+01   constant   
   3  A0           3.48422e-01   3.97528e-04   1.14482e-05  -3.88357e+01
   4  phi          4.13438e+00   1.21053e-03   5.73998e-06   1.02375e+01
   5  R           -6.01460e+01   constant   
   6  alpha_CBO    0.00000e+00   1.00000e-03   1.00000e-03  -4.83081e+04
   7  w_CBO        2.32500e+00   constant   
   8  beta_CBO     0.00000e+00     fixed    
   9  alpha_2CBO   0.00000e+00     fixed    
  10  beta_2CBO    0.00000e+00   1.00000e-03   1.00000e-03   3.13522e+03
  11  alpha_y      0.00000e+00     fixed    
  12  w_y          1.44500e+01   constant   
  13  beta_y       0.00000e+00   1.00000e-03   1.00000e-03  -2.24290e+03
  14  alpha_vw     0.00000e+00     fixed    
  15  w_vw         1.29000e+01   constant   
  16  beta_vw      0.00000e+00     fixed    
  17  LM          -1.51189e-04   constant   
  18  zeta_y       0.00000e+00   constant   
  19  zeta_vw      0.00000e+00   constant   
  20  T_CBO        3.78510e+01   1.33126e+01  -6.04892e-03  -1.29795e+01
  21  alpha_A0    -5.91520e-01   1.12516e+00  -9.05349e-02   2.09364e-01
  22  beta_A0     -1.17707e+00   2.30381e+00  -1.85861e-01   3.72511e-02
  23  alpha_phi   -4.60071e-01   8.84161e-01  -7.09431e-02   1.95126e-01
  24  beta_phi     2.87099e+00   5.64329e+00   4.55712e-01  -8.26140e-02
 CALL LIMIT EXCEEDED IN MIGRAD.
 MIGRAD TERMINATED WITHOUT CONVERGENCE.
 FCN=69.8838 FROM MIGRAD    STATUS=CALL LIMIT   1914 CALLS        3246 TOTAL
                     EDM=0.00136352    STRATEGY= 1  ERROR MATRIX UNCERTAINTY  18.5 per cent
  EXT PARAMETER                APPROXIMATE        STEP         FIRST   
  NO.   NAME      VALUE            ERROR          SIZE      DERIVATIVE 
   1  N0           3.19048e+06   8.25208e+02  -1.64251e+00   3.63370e-05
   2  tau          6.43968e+01   constant   
   3  A0           3.47704e-01   3.65924e-04   1.10495e-06  -3.25802e+01
   4  phi          4.13479e+00   1.13071e-03  -3.72921e-06   2.64545e+01
   5  R           -6.01460e+01   constant   
   6  alpha_CBO    4.22871e-03   4.16069e-04  -3.44832e-07   1.85565e+01
   7  w_CBO        2.32500e+00   constant   
   8  beta_CBO     0.00000e+00     fixed    
   9  alpha_2CBO   0.00000e+00     fixed    
  10  beta_2CBO   -2.44773e-04   3.82932e-04   1.09375e-06  -4.20424e+01
  11  alpha_y      0.00000e+00     fixed    
  12  w_y          1.44500e+01   constant   
  13  beta_y       2.98815e-04   3.98493e-04   4.80771e-07  -9.54590e+00
  14  alpha_vw     0.00000e+00     fixed    
  15  w_vw         1.29000e+01   constant   
  16  beta_vw      0.00000e+00     fixed    
  17  LM          -1.51189e-04   constant   
  18  zeta_y       0.00000e+00   constant   
  19  zeta_vw      0.00000e+00   constant   
  20  T_CBO        2.34694e+01   5.05554e+00  -6.19725e-04  -1.72566e+01
  21  alpha_A0    -4.54673e+01   1.02801e+02  -1.83608e+00   6.34035e-04
  22  beta_A0     -5.65677e+01   1.18717e+02  -2.08161e+00  -4.53823e-04
  23  alpha_phi   -8.24778e+01   1.71111e+02  -3.07838e+00   6.00176e-04
  24  beta_phi     1.55603e+02   3.19139e+02   5.69319e+00  -1.46915e-03
 EXTERNAL ERROR MATRIX.    NDIM=  25    NPAR= 11    ERR DEF=1
  6.810e+05 
  8.913e-03  1.339e-07 
 -7.234e-02  3.819e-08  1.279e-06 
 -4.023e-02 -2.424e-08  1.451e-09  1.731e-07 
  2.150e-02 -6.257e-09  5.655e-08  4.320e-09  1.466e-07 
 -4.359e-03 -5.610e-09  1.573e-08  6.552e-09 -2.968e-09  1.588e-07 
 -1.485e+02 -5.702e-05 -3.990e-05  4.015e-06 -2.074e-05 -9.575e-06  2.557e+01 
 -7.091e+03 -3.609e-04 -1.100e-02 -1.123e-03 -1.508e-03  6.323e-05  4.920e+02  1.057e+04 
 -6.701e+03 -1.045e-03 -2.421e-03  1.514e-04  7.022e-04 -2.521e-04  5.949e+02  1.108e+04  1.409e+04 
 -1.048e+04 -1.228e-03 -8.130e-03 -4.776e-04 -2.625e-05 -2.138e-04  8.626e+02  1.681e+04  2.014e+04  2.928e+04 
  1.843e+04  2.670e-03  1.139e-02  2.945e-04 -8.496e-04  5.131e-04 -1.608e+03 -3.073e+04 -3.778e+04 -5.451e+04  1.018e+05 
ERR MATRIX APPROXIMATE
 PARAMETER  CORRELATION COEFFICIENTS  
       NO.  GLOBAL      1      3      4      6     10     13     20     21     22     23     24
        1  0.70878   1.000  0.030 -0.078 -0.117  0.068 -0.013 -0.036 -0.084 -0.068 -0.074  0.070
        3  0.38245   0.030  1.000  0.092 -0.159 -0.045 -0.038 -0.031 -0.010 -0.024 -0.020  0.023
        4  0.68406  -0.078  0.092  1.000  0.003  0.131  0.035 -0.007 -0.095 -0.018 -0.042  0.032
        6  0.31171  -0.117 -0.159  0.003  1.000  0.027  0.040  0.002 -0.026  0.003 -0.007  0.002
       10  0.45650   0.068 -0.045  0.131  0.027  1.000 -0.019 -0.011 -0.038  0.015 -0.000 -0.007
       13  0.10994  -0.013 -0.038  0.035  0.040 -0.019  1.000 -0.005  0.002 -0.005 -0.003  0.004
       20  0.99898  -0.036 -0.031 -0.007  0.002 -0.011 -0.005  1.000  0.946  0.991  0.997 -0.997
       21  0.99954  -0.084 -0.010 -0.095 -0.026 -0.038  0.002  0.946  1.000  0.908  0.955 -0.937
       22  0.99994  -0.068 -0.024 -0.018  0.003  0.015 -0.005  0.991  0.908  1.000  0.991 -0.997
       23  0.99997  -0.074 -0.020 -0.042 -0.007 -0.000 -0.003  0.997  0.955  0.991  1.000 -0.998
       24  0.99998   0.070  0.023  0.032  0.002 -0.007  0.004 -0.997 -0.937 -0.997 -0.998  1.000
 ERR MATRIX APPROXIMATE
MINUIT - FIT ONLY 2-CBO
 **********
 **   25 **RES 
 **********
                   PARAMETER   16  beta_vw RESTORED TO VARIABLE.
                   PARAMETER   14  alpha_vw RESTORED TO VARIABLE.
                   PARAMETER   11  alpha_y RESTORED TO VARIABLE.
                   PARAMETER    9  alpha_2CBO RESTORED TO VARIABLE.
                   PARAMETER    8  beta_CBO RESTORED TO VARIABLE.
 **********
 **   26 **FIX            0
 **********
 PARAMETER    0  IS UNDEFINED. IGNORED.
 **********
 **   27 **FIX            1
 **********
 **********
 **   28 **FIX            2
 **********
 PARAMETER    2  IS CONSTANT.   IGNORED.
 **********
 **   29 **FIX            3
 **********
 **********
 **   30 **FIX            4
 **********
 **********
 **   31 **FIX            5
 **********
 PARAMETER    5  IS CONSTANT.   IGNORED.
 **********
 **   32 **FIX            6
 **********
 **********
 **   33 **FIX            7
 **********
 PARAMETER    7  IS CONSTANT.   IGNORED.
 **********
 **   34 **FIX           10
 **********
 **********
 **   35 **FIX           11
 **********
 **********
 **   36 **FIX           12
 **********
 PARAMETER   12  IS CONSTANT.   IGNORED.
 **********
 **   37 **FIX           13
 **********
 **********
 **   38 **FIX           14
 **********
 **********
 **   39 **FIX           15
 **********
 PARAMETER   15  IS CONSTANT.   IGNORED.
 **********
 **   40 **FIX           16
 **********
 **********
 **   41 **MIGRAD
 **********
 START MIGRAD MINIMIZATION.  STRATEGY  1.  CONVERGENCE WHEN EDM .LT. 1.00e-04
 FCN=69.8838 FROM MIGRAD    STATUS=INITIATE       18 CALLS        3264 TOTAL
                     EDM= unknown      STRATEGY= 1      NO ERROR MATRIX       
  EXT PARAMETER               CURRENT GUESS       STEP         FIRST   
  NO.   NAME      VALUE            ERROR          SIZE      DERIVATIVE 
   1  N0           3.19048e+06     fixed    
   2  tau          6.43968e+01   constant   
   3  A0           3.47704e-01     fixed    
   4  phi          4.13479e+00     fixed    
   5  R           -6.01460e+01   constant   
   6  alpha_CBO    4.22871e-03     fixed    
   7  w_CBO        2.32500e+00   constant   
   8  beta_CBO     0.00000e+00   1.00000e-03   1.00000e-03  -2.01523e+04
   9  alpha_2CBO   0.00000e+00   1.00000e-03   1.00000e-03  -4.47035e+03
  10  beta_2CBO   -2.44773e-04     fixed    
  11  alpha_y      0.00000e+00     fixed    
  12  w_y          1.44500e+01   constant   
  13  beta_y       2.98815e-04     fixed    
  14  alpha_vw     0.00000e+00     fixed    
  15  w_vw         1.29000e+01   constant   
  16  beta_vw      0.00000e+00     fixed    
  17  LM          -1.51189e-04   constant   
  18  zeta_y       0.00000e+00   constant   
  19  zeta_vw      0.00000e+00   constant   
  20  T_CBO        2.34694e+01   5.05554e+00  -6.19725e-04  -1.72566e+01
  21  alpha_A0    -4.54673e+01   1.02801e+02  -1.83608e+00   6.34034e-04
  22  beta_A0     -5.65677e+01   1.18717e+02  -2.08161e+00  -4.53823e-04
  23  alpha_phi   -8.24778e+01   1.71111e+02  -3.07838e+00   6.00176e-04
  24  beta_phi     1.55603e+02   3.19139e+02   5.69319e+00  -1.46915e-03
 MIGRAD MINIMIZATION HAS CONVERGED.
 MIGRAD WILL VERIFY CONVERGENCE AND ERROR MATRIX.
 FCN=53.5129 FROM MIGRAD    STATUS=CONVERGED     131 CALLS        3377 TOTAL
                     EDM=8.52195e-06    STRATEGY= 1      ERR MATRIX NOT POS-DEF
  EXT PARAMETER                APPROXIMATE        STEP         FIRST   
  NO.   NAME      VALUE            ERROR          SIZE      DERIVATIVE 
   1  N0           3.19048e+06     fixed    
   2  tau          6.43968e+01   constant   
   3  A0           3.47704e-01     fixed    
   4  phi          4.13479e+00     fixed    
   5  R           -6.01460e+01   constant   
   6  alpha_CBO    4.22871e-03     fixed    
   7  w_CBO        2.32500e+00   constant   
   8  beta_CBO     1.54446e-03   3.91543e-04   1.40373e-06  -2.63153e+00
   9  alpha_2CBO   3.66448e-04   4.12085e-04   1.44546e-06  -3.32631e+00
  10  beta_2CBO   -2.44773e-04     fixed    
  11  alpha_y      0.00000e+00     fixed    
  12  w_y          1.44500e+01   constant   
  13  beta_y       2.98815e-04     fixed    
  14  alpha_vw     0.00000e+00     fixed    
  15  w_vw         1.29000e+01   constant   
  16  beta_vw      0.00000e+00     fixed    
  17  LM          -1.51189e-04   constant   
  18  zeta_y       0.00000e+00   constant   
  19  zeta_vw      0.00000e+00   constant   
  20  T_CBO        2.33437e+01   1.13864e+01   1.73107e-05   1.36814e-01
  21  alpha_A0    -4.28317e+01   2.29857e+02   2.36246e-01  -2.52457e-07
  22  beta_A0     -4.87581e+01   2.61476e+02   2.35796e-01  -4.80680e-05
  23  alpha_phi   -9.52194e+01   4.90306e+02   2.25890e-01  -1.97645e-06
  24  beta_phi     1.40166e+02   7.25183e+02   2.10442e-01  -1.89124e-06
 EXTERNAL ERROR MATRIX.    NDIM=  25    NPAR=  7    ERR DEF=1
  1.533e-07 -1.537e-09  3.388e-05  1.106e-03  6.531e-04  1.594e-03 -4.858e-03 
 -1.537e-09  1.698e-07  1.290e-04  3.339e-03  7.804e-03  1.765e-03 -7.920e-03 
  3.388e-05  1.290e-04  1.299e+02  2.511e+03  2.882e+03  5.541e+03 -8.238e+03 
  1.106e-03  3.339e-03  2.511e+03  5.283e+04  5.567e+04  1.071e+05 -1.590e+05 
  6.531e-04  7.804e-03  2.882e+03  5.567e+04  6.837e+04  1.231e+05 -1.826e+05 
  1.594e-03  1.765e-03  5.541e+03  1.071e+05  1.231e+05  2.404e+05 -3.514e+05 
 -4.858e-03 -7.920e-03 -8.238e+03 -1.590e+05 -1.826e+05 -3.514e+05  5.259e+05 
ERR MATRIX NOT POS-DEF
 PARAMETER  CORRELATION COEFFICIENTS  
       NO.  GLOBAL      8      9     20     21     22     23     24
        8  0.12075   1.000 -0.010  0.008  0.012  0.006  0.008 -0.017
        9  0.23810  -0.010  1.000  0.027  0.035  0.072  0.009 -0.027
       20  0.99798   0.008  0.027  1.000  0.958  0.967  0.992 -0.997
       21  0.95863   0.012  0.035  0.958  1.000  0.926  0.951 -0.954
       22  0.96831   0.006  0.072  0.967  0.926  1.000  0.960 -0.963
       23  0.99183   0.008  0.009  0.992  0.951  0.960  1.000 -0.988
       24  0.99677  -0.017 -0.027 -0.997 -0.954 -0.963 -0.988  1.000
 ERR MATRIX NOT POS-DEF
MINUIT - FIT wiggle + 1-CBO + 2-CBO
 **********
 **   42 **RES 
 **********
                   PARAMETER   16  beta_vw RESTORED TO VARIABLE.
                   PARAMETER   14  alpha_vw RESTORED TO VARIABLE.
                   PARAMETER   13  beta_y RESTORED TO VARIABLE.
                   PARAMETER   11  alpha_y RESTORED TO VARIABLE.
                   PARAMETER   10  beta_2CBO RESTORED TO VARIABLE.
                   PARAMETER    6  alpha_CBO RESTORED TO VARIABLE.
                   PARAMETER    4  phi RESTORED TO VARIABLE.
                   PARAMETER    3  A0 RESTORED TO VARIABLE.
                   PARAMETER    1  N0 RESTORED TO VARIABLE.
 **********
 **   43 **FIX           10
 **********
 **********
 **   44 **FIX           11
 **********
 **********
 **   45 **FIX           12
 **********
 PARAMETER   12  IS CONSTANT.   IGNORED.
 **********
 **   46 **FIX           13
 **********
 **********
 **   47 **FIX           14
 **********
 **********
 **   48 **FIX           15
 **********
 PARAMETER   15  IS CONSTANT.   IGNORED.
 **********
 **   49 **FIX           16
 **********
 **********
 **   50 **MIGRAD
 **********
 START MIGRAD MINIMIZATION.  STRATEGY  1.  CONVERGENCE WHEN EDM .LT. 1.00e-04
 FCN=53.5129 FROM MIGRAD    STATUS=INITIATE       22 CALLS        3399 TOTAL
                     EDM= unknown      STRATEGY= 1      NO ERROR MATRIX       
  EXT PARAMETER               CURRENT GUESS       STEP         FIRST   
  NO.   NAME      VALUE            ERROR          SIZE      DERIVATIVE 
   1  N0           3.19048e+06   8.25208e+02   8.25208e+02  -1.00449e-04
   2  tau          6.43968e+01   constant   
   3  A0           3.47704e-01   3.65924e-04   3.65924e-04   3.91769e+02
   4  phi          4.13479e+00   1.13071e-03   1.13071e-03   1.74562e+03
   5  R           -6.01460e+01   constant   
   6  alpha_CBO    4.22871e-03   4.16069e-04   4.16069e-04   3.45880e+02
   7  w_CBO        2.32500e+00   constant   
   8  beta_CBO     1.54446e-03   3.91543e-04   1.40373e-06  -2.63153e+00
   9  alpha_2CBO   3.66448e-04   4.12085e-04   1.44546e-06  -3.32631e+00
  10  beta_2CBO   -2.44773e-04     fixed    
  11  alpha_y      0.00000e+00     fixed    
  12  w_y          1.44500e+01   constant   
  13  beta_y       2.98815e-04     fixed    
  14  alpha_vw     0.00000e+00     fixed    
  15  w_vw         1.29000e+01   constant   
  16  beta_vw      0.00000e+00     fixed    
  17  LM          -1.51189e-04   constant   
  18  zeta_y       0.00000e+00   constant   
  19  zeta_vw      0.00000e+00   constant   
  20  T_CBO        2.33437e+01   1.13864e+01   1.73107e-05   1.37549e-01
  21  alpha_A0    -4.28317e+01   2.29857e+02   2.36246e-01  -2.52814e-07
  22  beta_A0     -4.87581e+01   2.61476e+02   2.35796e-01  -4.80682e-05
  23  alpha_phi   -9.52194e+01   4.90306e+02   2.25890e-01  -1.97644e-06
  24  beta_phi     1.40166e+02   7.25183e+02   2.10442e-01  -1.89125e-06
 CALL LIMIT EXCEEDED IN MIGRAD.
 MIGRAD TERMINATED WITHOUT CONVERGENCE.
 FCN=52.2257 FROM MIGRAD    STATUS=CALL LIMIT   1925 CALLS        5302 TOTAL
                     EDM=0.00112035    STRATEGY= 1  ERROR MATRIX UNCERTAINTY   1.2 per cent
  EXT PARAMETER                APPROXIMATE        STEP         FIRST   
  NO.   NAME      VALUE            ERROR          SIZE      DERIVATIVE 
   1  N0           3.19053e+06   8.28936e+02  -4.36447e+00   1.31514e-05
   2  tau          6.43968e+01   constant   
   3  A0           3.47634e-01   3.59677e-04  -2.68817e-06  -1.24972e+01
   4  phi          4.13338e+00   1.22929e-03  -2.36694e-07   4.76796e+00
   5  R           -6.01460e+01   constant   
   6  alpha_CBO    4.19143e-03   3.93086e-04  -2.26418e-06  -4.20644e-01
   7  w_CBO        2.32500e+00   constant   
   8  beta_CBO     1.66856e-03   4.03825e-04  -7.04151e-07  -1.53088e+01
   9  alpha_2CBO   3.81441e-04   3.69056e-04  -2.01204e-07   1.40926e+00
  10  beta_2CBO   -2.44773e-04     fixed    
  11  alpha_y      0.00000e+00     fixed    
  12  w_y          1.44500e+01   constant   
  13  beta_y       2.98815e-04     fixed    
  14  alpha_vw     0.00000e+00     fixed    
  15  w_vw         1.29000e+01   constant   
  16  beta_vw      0.00000e+00     fixed    
  17  LM          -1.51189e-04   constant   
  18  zeta_y       0.00000e+00   constant   
  19  zeta_vw      0.00000e+00   constant   
  20  T_CBO        3.81021e+01   2.30281e+01   3.26225e-03  -4.67388e+00
  21  alpha_A0    -5.09360e-01   2.67558e+00   5.80351e-02  -1.22882e-02
  22  beta_A0     -7.39471e-01   3.54572e+00   9.25186e-02   8.53008e-03
  23  alpha_phi   -1.54130e+00   6.60293e+00   1.99587e-01   3.64356e-02
  24  beta_phi     2.18103e+00   9.39482e+00  -2.51800e-01  -3.15472e-02
 EXTERNAL ERROR MATRIX.    NDIM=  25    NPAR= 11    ERR DEF=1
  6.871e+05 
  2.458e-02  1.294e-07 
 -1.336e-03  4.757e-09  1.511e-06 
 -6.973e-03 -8.013e-09  2.720e-08  1.545e-07 
  4.872e-04  2.572e-09 -1.293e-07 -5.919e-09  1.631e-07 
  9.183e-03 -4.047e-10  1.061e-08 -9.330e-09 -4.875e-09  1.362e-07 
 -2.147e+02 -1.335e-03 -4.254e-04 -4.599e-04 -1.551e-04  9.781e-05  5.329e+02 
 -2.251e+01 -1.775e-04 -2.752e-04 -8.270e-05  4.665e-06  2.068e-05  5.267e+01  7.159e+00 
 -2.812e+02 -1.415e-04 -1.341e-04 -4.755e-05 -1.283e-05  1.038e-04  7.495e+01  7.248e+00  1.257e+01 
 -2.101e+02 -2.939e-04 -2.477e-04 -1.386e-04 -2.186e-05 -3.627e-05  1.499e+02  1.478e+01  2.092e+01  4.360e+01 
 -3.604e+01  5.486e-04  3.123e-04  1.429e-04 -1.337e-05 -4.336e-05 -2.149e+02 -2.101e+01 -3.026e+01 -6.010e+01  8.826e+01 
ERR MATRIX APPROXIMATE
 PARAMETER  CORRELATION COEFFICIENTS  
       NO.  GLOBAL      1      3      4      6      8      9     20     21     22     23     24
        1  0.32283   1.000  0.082 -0.001 -0.021  0.001  0.030 -0.011 -0.010 -0.096 -0.038 -0.005
        3  0.32408   0.082  1.000  0.011 -0.057  0.018 -0.003 -0.161 -0.184 -0.111 -0.124  0.162
        4  0.32631  -0.001  0.011  1.000  0.056 -0.261  0.023 -0.015 -0.084 -0.031 -0.031  0.027
        6  0.16975  -0.021 -0.057  0.056  1.000 -0.037 -0.064 -0.051 -0.079 -0.034 -0.053  0.039
        8  0.29892   0.001  0.018 -0.261 -0.037  1.000 -0.033 -0.017  0.004 -0.009 -0.008 -0.004
        9  0.23595   0.030 -0.003  0.023 -0.064 -0.033  1.000  0.011  0.021  0.079 -0.015 -0.013
       20  0.99644  -0.011 -0.161 -0.015 -0.051 -0.017  0.011  1.000  0.853  0.916  0.984 -0.991
       21  0.86265  -0.010 -0.184 -0.084 -0.079  0.004  0.021  0.853  1.000  0.764  0.836 -0.836
       22  0.92618  -0.096 -0.111 -0.031 -0.034 -0.009  0.079  0.916  0.764  1.000  0.894 -0.908
       23  0.98649  -0.038 -0.124 -0.031 -0.053 -0.008 -0.015  0.984  0.836  0.894  1.000 -0.969
       24  0.99189  -0.005  0.162  0.027  0.039 -0.004 -0.013 -0.991 -0.836 -0.908 -0.969  1.000
 ERR MATRIX APPROXIMATE
MINUIT - FIT ONLY 1-y
 **********
 **   51 **RES 
 **********
                   PARAMETER   16  beta_vw RESTORED TO VARIABLE.
                   PARAMETER   14  alpha_vw RESTORED TO VARIABLE.
                   PARAMETER   13  beta_y RESTORED TO VARIABLE.
                   PARAMETER   11  alpha_y RESTORED TO VARIABLE.
                   PARAMETER   10  beta_2CBO RESTORED TO VARIABLE.
 **********
 **   52 **FIX            0
 **********
 PARAMETER    0  IS UNDEFINED. IGNORED.
 **********
 **   53 **FIX            1
 **********
 **********
 **   54 **FIX            2
 **********
 PARAMETER    2  IS CONSTANT.   IGNORED.
 **********
 **   55 **FIX            3
 **********
 **********
 **   56 **FIX            4
 **********
 **********
 **   57 **FIX            5
 **********
 PARAMETER    5  IS CONSTANT.   IGNORED.
 **********
 **   58 **FIX            6
 **********
 **********
 **   59 **FIX            7
 **********
 PARAMETER    7  IS CONSTANT.   IGNORED.
 **********
 **   60 **FIX            8
 **********
 **********
 **   61 **FIX            9
 **********
 **********
 **   62 **FIX           13
 **********
 **********
 **   63 **FIX           14
 **********
 **********
 **   64 **FIX           15
 **********
 PARAMETER   15  IS CONSTANT.   IGNORED.
 **********
 **   65 **FIX           16
 **********
 **********
 **   66 **MIGRAD
 **********
 START MIGRAD MINIMIZATION.  STRATEGY  1.  CONVERGENCE WHEN EDM .LT. 1.00e-04
 FCN=52.2257 FROM MIGRAD    STATUS=INITIATE       16 CALLS        5318 TOTAL
                     EDM= unknown      STRATEGY= 1      NO ERROR MATRIX       
  EXT PARAMETER               CURRENT GUESS       STEP         FIRST   
  NO.   NAME      VALUE            ERROR          SIZE      DERIVATIVE 
   1  N0           3.19053e+06     fixed    
   2  tau          6.43968e+01   constant   
   3  A0           3.47634e-01     fixed    
   4  phi          4.13338e+00     fixed    
   5  R           -6.01460e+01   constant   
   6  alpha_CBO    4.19143e-03     fixed    
   7  w_CBO        2.32500e+00   constant   
   8  beta_CBO     1.66856e-03     fixed    
   9  alpha_2CBO   3.81441e-04     fixed    
  10  beta_2CBO   -2.44773e-04   3.82932e-04   3.82932e-04   8.01432e+02
  11  alpha_y      0.00000e+00   1.00000e-03   1.00000e-03   3.79402e+03
  12  w_y          1.44500e+01   constant   
  13  beta_y       2.98815e-04     fixed    
  14  alpha_vw     0.00000e+00     fixed    
  15  w_vw         1.29000e+01   constant   
  16  beta_vw      0.00000e+00     fixed    
  17  LM          -1.51189e-04   constant   
  18  zeta_y       0.00000e+00   constant   
  19  zeta_vw      0.00000e+00   constant   
  20  T_CBO        3.81021e+01   2.30281e+01   3.26225e-03  -4.67386e+00
  21  alpha_A0    -5.09360e-01   2.67558e+00   5.80351e-02  -1.22882e-02
  22  beta_A0     -7.39471e-01   3.54572e+00   9.25186e-02   8.53008e-03
  23  alpha_phi   -1.54130e+00   6.60293e+00   1.99587e-01   3.64356e-02
  24  beta_phi     2.18103e+00   9.39482e+00  -2.51800e-01  -3.15472e-02
 CALL LIMIT EXCEEDED IN MIGRAD.
 MIGRAD TERMINATED WITHOUT CONVERGENCE.
 FCN=51.5864 FROM MIGRAD    STATUS=CALL LIMIT   1146 CALLS        6448 TOTAL
                     EDM=0.00103186    STRATEGY= 1  ERROR MATRIX UNCERTAINTY  25.5 per cent
  EXT PARAMETER                APPROXIMATE        STEP         FIRST   
  NO.   NAME      VALUE            ERROR          SIZE      DERIVATIVE 
   1  N0           3.19053e+06     fixed    
   2  tau          6.43968e+01   constant   
   3  A0           3.47634e-01     fixed    
   4  phi          4.13338e+00     fixed    
   5  R           -6.01460e+01   constant   
   6  alpha_CBO    4.19143e-03     fixed    
   7  w_CBO        2.32500e+00   constant   
   8  beta_CBO     1.66856e-03     fixed    
   9  alpha_2CBO   3.81441e-04     fixed    
  10  beta_2CBO   -3.06376e-04   3.92696e-04   1.03429e-06  -1.26489e+01
  11  alpha_y     -2.95263e-04   4.08599e-04   5.13047e-06  -6.85698e+00
  12  w_y          1.44500e+01   constant   
  13  beta_y       2.98815e-04     fixed    
  14  alpha_vw     0.00000e+00     fixed    
  15  w_vw         1.29000e+01   constant   
  16  beta_vw      0.00000e+00     fixed    
  17  LM          -1.51189e-04   constant   
  18  zeta_y       0.00000e+00   constant   
  19  zeta_vw      0.00000e+00   constant   
  20  T_CBO        7.55876e+01   8.27716e+01   3.77569e-03  -7.29114e-01
  21  alpha_A0    -1.80885e-02   8.77573e-02   2.10688e-04  -2.59184e-01
  22  beta_A0     -2.94924e-02   1.20646e-01   2.98700e-04  -2.88094e-01
  23  alpha_phi   -6.44614e-02   2.55181e-01   2.12016e-03   2.27824e-01
  24  beta_phi     8.83027e-02   3.56789e-01  -4.43245e-03  -5.40787e-01
 EXTERNAL ERROR MATRIX.    NDIM=  25    NPAR=  7    ERR DEF=1
  1.542e-07 -1.717e-09  4.042e-04 -3.740e-06  1.070e-06  1.169e-06 -3.434e-06 
 -1.717e-09  1.670e-07  3.384e-03  1.905e-06  6.247e-06  8.671e-06 -1.248e-05 
  4.042e-04  3.384e-03  7.088e+03  5.314e+00  9.247e+00  2.107e+01 -2.985e+01 
 -3.740e-06  1.905e-06  5.314e+00  7.701e-03  6.384e-03  1.520e-02 -2.243e-02 
  1.070e-06  6.247e-06  9.247e+00  6.384e-03  1.456e-02  2.781e-02 -3.915e-02 
  1.169e-06  8.671e-06  2.107e+01  1.520e-02  2.781e-02  6.512e-02 -8.880e-02 
 -3.434e-06 -1.248e-05 -2.985e+01 -2.243e-02 -3.915e-02 -8.880e-02  1.273e-01 
ERR MATRIX APPROXIMATE
 PARAMETER  CORRELATION COEFFICIENTS  
       NO.  GLOBAL     10     11     20     21     22     23     24
       10  0.20814   1.000 -0.011  0.012 -0.109  0.023  0.012 -0.025
       11  0.19535  -0.011  1.000  0.098  0.053  0.127  0.083 -0.086
       20  0.99537   0.012  0.098  1.000  0.719  0.910  0.981 -0.994
       21  0.75020  -0.109  0.053  0.719  1.000  0.603  0.679 -0.716
       22  0.91631   0.023  0.127  0.910  0.603  1.000  0.903 -0.909
       23  0.98190   0.012  0.083  0.981  0.679  0.903  1.000 -0.975
       24  0.99392  -0.025 -0.086 -0.994 -0.716 -0.909 -0.975  1.000
 ERR MATRIX APPROXIMATE
MINUIT - FIT ONLY 2-y
 **********
 **   67 **RES 
 **********
                   PARAMETER   16  beta_vw RESTORED TO VARIABLE.
                   PARAMETER   14  alpha_vw RESTORED TO VARIABLE.
                   PARAMETER   13  beta_y RESTORED TO VARIABLE.
                   PARAMETER    9  alpha_2CBO RESTORED TO VARIABLE.
                   PARAMETER    8  beta_CBO RESTORED TO VARIABLE.
                   PARAMETER    6  alpha_CBO RESTORED TO VARIABLE.
                   PARAMETER    4  phi RESTORED TO VARIABLE.
                   PARAMETER    3  A0 RESTORED TO VARIABLE.
                   PARAMETER    1  N0 RESTORED TO VARIABLE.
 **********
 **   68 **FIX            0
 **********
 PARAMETER    0  IS UNDEFINED. IGNORED.
 **********
 **   69 **FIX            1
 **********
 **********
 **   70 **FIX            2
 **********
 PARAMETER    2  IS CONSTANT.   IGNORED.
 **********
 **   71 **FIX            3
 **********
 **********
 **   72 **FIX            4
 **********
 **********
 **   73 **FIX            5
 **********
 PARAMETER    5  IS CONSTANT.   IGNORED.
 **********
 **   74 **FIX            6
 **********
 **********
 **   75 **FIX            7
 **********
 PARAMETER    7  IS CONSTANT.   IGNORED.
 **********
 **   76 **FIX            8
 **********
 **********
 **   77 **FIX            9
 **********
 **********
 **   78 **FIX           10
 **********
 **********
 **   79 **FIX           11
 **********
 **********
 **   80 **FIX           12
 **********
 PARAMETER   12  IS CONSTANT.   IGNORED.
 **********
 **   81 **FIX           16
 **********
 **********
 **   82 **MIGRAD
 **********
 START MIGRAD MINIMIZATION.  STRATEGY  1.  CONVERGENCE WHEN EDM .LT. 1.00e-04
 FCN=51.5864 FROM MIGRAD    STATUS=INITIATE       16 CALLS        6464 TOTAL
                     EDM= unknown      STRATEGY= 1      NO ERROR MATRIX       
  EXT PARAMETER               CURRENT GUESS       STEP         FIRST   
  NO.   NAME      VALUE            ERROR          SIZE      DERIVATIVE 
   1  N0           3.19053e+06     fixed    
   2  tau          6.43968e+01   constant   
   3  A0           3.47634e-01     fixed    
   4  phi          4.13338e+00     fixed    
   5  R           -6.01460e+01   constant   
   6  alpha_CBO    4.19143e-03     fixed    
   7  w_CBO        2.32500e+00   constant   
   8  beta_CBO     1.66856e-03     fixed    
   9  alpha_2CBO   3.81441e-04     fixed    
  10  beta_2CBO   -3.06376e-04     fixed    
  11  alpha_y     -2.95263e-04     fixed    
  12  w_y          1.44500e+01   constant   
  13  beta_y       2.98815e-04   3.98493e-04   3.98493e-04   9.57998e+01
  14  alpha_vw     0.00000e+00   1.00000e-03   1.00000e-03   6.30958e+03
  15  w_vw         1.29000e+01   constant   
  16  beta_vw      0.00000e+00     fixed    
  17  LM          -1.51189e-04   constant   
  18  zeta_y       0.00000e+00   constant   
  19  zeta_vw      0.00000e+00   constant   
  20  T_CBO        7.55876e+01   8.27716e+01   3.77569e-03  -7.29111e-01
  21  alpha_A0    -1.80885e-02   8.77573e-02   2.10688e-04  -2.59184e-01
  22  beta_A0     -2.94924e-02   1.20646e-01   2.98700e-04  -2.88094e-01
  23  alpha_phi   -6.44614e-02   2.55181e-01   2.12016e-03   2.27824e-01
  24  beta_phi     8.83027e-02   3.56789e-01  -4.43245e-03  -5.40787e-01
 MIGRAD MINIMIZATION HAS CONVERGED.
 MIGRAD WILL VERIFY CONVERGENCE AND ERROR MATRIX.
 FCN=49.9895 FROM HESSE     STATUS=NOT POSDEF     50 CALLS        6561 TOTAL
                     EDM=0.0016153    STRATEGY= 1      ERR MATRIX NOT POS-DEF
  EXT PARAMETER                APPROXIMATE        STEP         FIRST   
  NO.   NAME      VALUE            ERROR          SIZE      DERIVATIVE 
   1  N0           3.19053e+06     fixed    
   2  tau          6.43968e+01   constant   
   3  A0           3.47634e-01     fixed    
   4  phi          4.13338e+00     fixed    
   5  R           -6.01460e+01   constant   
   6  alpha_CBO    4.19143e-03     fixed    
   7  w_CBO        2.32500e+00   constant   
   8  beta_CBO     1.66856e-03     fixed    
   9  alpha_2CBO   3.81441e-04     fixed    
  10  beta_2CBO   -3.06376e-04     fixed    
  11  alpha_y     -2.95263e-04     fixed    
  12  w_y          1.44500e+01   constant   
  13  beta_y       2.96975e-04   4.00775e-04   1.39920e-06  -1.91549e-01
  14  alpha_vw    -5.06110e-04   3.99901e-04   1.39586e-06  -1.02372e-02
  15  w_vw         1.29000e+01   constant   
  16  beta_vw      0.00000e+00     fixed    
  17  LM          -1.51189e-04   constant   
  18  zeta_y       0.00000e+00   constant   
  19  zeta_vw      0.00000e+00   constant   
  20  T_CBO        7.57098e+01   1.22347e+02   1.05865e-04  -1.00931e-01
  21  alpha_A0    -1.94573e-02   1.15154e-01   1.52121e-04  -9.93829e-03
  22  beta_A0     -2.92753e-02   1.66505e-01   1.52684e-04  -1.53071e-02
  23  alpha_phi   -6.42982e-02   3.50191e-01   1.45808e-04  -3.23052e-03
  24  beta_phi     8.86686e-02   4.88343e-01   1.35922e-04   5.58350e-02
 CALL LIMIT EXCEEDED IN MIGRAD.
 MIGRAD TERMINATED WITHOUT CONVERGENCE.
 FCN=49.9582 FROM MIGRAD    STATUS=CALL LIMIT   1147 CALLS        7595 TOTAL
                     EDM=0.00050526    STRATEGY= 1      ERR MATRIX NOT POS-DEF
  EXT PARAMETER                APPROXIMATE        STEP         FIRST   
  NO.   NAME      VALUE            ERROR          SIZE      DERIVATIVE 
   1  N0           3.19053e+06     fixed    
   2  tau          6.43968e+01   constant   
   3  A0           3.47634e-01     fixed    
   4  phi          4.13338e+00     fixed    
   5  R           -6.01460e+01   constant   
   6  alpha_CBO    4.19143e-03     fixed    
   7  w_CBO        2.32500e+00   constant   
   8  beta_CBO     1.66856e-03     fixed    
   9  alpha_2CBO   3.81441e-04     fixed    
  10  beta_2CBO   -3.06376e-04     fixed    
  11  alpha_y     -2.95263e-04     fixed    
  12  w_y          1.44500e+01   constant   
  13  beta_y       2.96031e-04   4.00518e-04   5.18020e-08   1.59275e+00
  14  alpha_vw    -5.06108e-04   3.99706e-04  -5.01184e-09   9.44891e-03
  15  w_vw         1.29000e+01   constant   
  16  beta_vw      0.00000e+00     fixed    
