 + ++++++++++++++++++++++++++++++++++++++++++++++++++++++++++++++++++++ +
 +                                                                      +
 +           You have chose to blind your fitting according to          +
 +                omega_ref * (1 + (R +/- deltaR) *10^{-6})             +
 +                                                                      +
 + ++++++++++++++++++++++++++++++++++++++++++++++++++++++++++++++++++++ +
In main()...
reading format from /gm2data/zkhechad/run45/envelope/formats/formatB_sBin_constraintOn.txt
pBinTau 	= 0  
pBinPhi 	= 0  
constraintau 	= 1 
includeMopTerm 	= 0    
constrainMop    = 0   
Parameters after format file: pBinTau 0 pBinPhi 0 constraintau 1 includeMopTerm 0 constrainMop 0 c_e_scale 0.000000 
Opening file /gm2data/tbarrett/gm2fr/studies/run23_bunch_corrections/CorrectedFourier_Run3b.root.
reading full fit data from /gm2data/zkhechad/cboTemplates/Run4CBOTemplates/fullFits/noRF/sBin_constraintOn_cE0.0_seed0_noRF_calo0.root
windowBins = 69
fitting sliding window 1960 from bin 2096 at 312.574000 to bin 2165 at 323.018000 (69 bins)

Reading data from /gm2data/cornell/histograms/aMethod/histogram_a_noRF.root
 **********
 **    1 **SET PRINTOUT            1
 **********
 **********
 **    2 **SET NOWARNINGS 
 **********
 PARAMETER DEFINITIONS:
    NO.   NAME         VALUE      STEP SIZE      LIMITS
     1 N0           7.53894e+07  1.00000e+02     no limits
     2 tau          6.44000e+01  constant
     3 A0           3.53538e-01  1.00000e-04     no limits
     4 phi          4.11945e+00  1.00000e-02     no limits
     5 R           -6.07615e+01  constant
     6 alpha_CBO    0.00000e+00  1.00000e-03     no limits
     7 w_CBO        2.32500e+00  constant
     8 beta_CBO     0.00000e+00  1.00000e-03     no limits
     9 alpha_2CBO   0.00000e+00  1.00000e-03     no limits
    10 beta_2CBO    0.00000e+00  1.00000e-03     no limits
    11 alpha_y      0.00000e+00  1.00000e-03     no limits
    12 w_y          1.38860e+01  constant
    13 beta_y       0.00000e+00  1.00000e-03     no limits
    14 alpha_vw     0.00000e+00  1.00000e-03     no limits
    15 w_vw         1.43404e+01  constant
    16 beta_vw      0.00000e+00  1.00000e-03     no limits
    17 LM          -1.74374e-04  constant
    18 zeta_y       0.00000e+00  constant
    19 zeta_vw      0.00000e+00  constant
    20 T_CBO        1.00000e+02  1.00000e+00    0.00000e+00  1.00000e+03
    21 alpha_A0     0.00000e+00  1.00000e-03     no limits
    22 beta_A0      0.00000e+00  1.00000e-03     no limits
    23 alpha_phi    0.00000e+00  1.00000e-03     no limits
    24 beta_phi     0.00000e+00  1.00000e-03     no limits
MINUIT - FIT ONLY WIGGLE
 **********
 **    3 **FIX            5
 **********
 PARAMETER    5  IS CONSTANT.   IGNORED.
 **********
 **    4 **FIX            6
 **********
 **********
 **    5 **FIX            7
 **********
 PARAMETER    7  IS CONSTANT.   IGNORED.
 **********
 **    6 **FIX            8
 **********
 **********
 **    7 **FIX            9
 **********
 **********
 **    8 **FIX           10
 **********
 **********
 **    9 **FIX           11
 **********
 **********
 **   10 **FIX           12
 **********
 PARAMETER   12  IS CONSTANT.   IGNORED.
 **********
 **   11 **FIX           13
 **********
 **********
 **   12 **FIX           14
 **********
 **********
 **   13 **FIX           15
 **********
 PARAMETER   15  IS CONSTANT.   IGNORED.
 **********
 **   14 **FIX           16
 **********
 **********
 **   15 **MIGRAD
 **********
 FIRST CALL TO USER FUNCTION AT NEW START POINT, WITH IFLAG=4.
 START MIGRAD MINIMIZATION.  STRATEGY  1.  CONVERGENCE WHEN EDM .LT. 1.00e-04
 FCN=86.9741 FROM MIGRAD    STATUS=INITIATE      435 CALLS         436 TOTAL
                     EDM= unknown      STRATEGY= 1      NO ERROR MATRIX       
  EXT PARAMETER               CURRENT GUESS       STEP         FIRST   
  NO.   NAME      VALUE            ERROR          SIZE      DERIVATIVE 
   1  N0           7.53894e+07   1.00000e+02   0.00000e+00   2.26859e-04
   2  tau          6.44000e+01   constant   
   3  A0           3.53538e-01   1.00000e-04   0.00000e+00   6.70973e+02
   4  phi          4.11945e+00   1.00000e-02   0.00000e+00  -1.28324e+03
   5  R           -6.07615e+01   constant   
   6  alpha_CBO    0.00000e+00     fixed    
   7  w_CBO        2.32500e+00   constant   
   8  beta_CBO     0.00000e+00     fixed    
   9  alpha_2CBO   0.00000e+00     fixed    
  10  beta_2CBO    0.00000e+00     fixed    
  11  alpha_y      0.00000e+00     fixed    
  12  w_y          1.38860e+01   constant   
  13  beta_y       0.00000e+00     fixed    
  14  alpha_vw     0.00000e+00     fixed    
  15  w_vw         1.43404e+01   constant   
  16  beta_vw      0.00000e+00     fixed    
  17  LM          -1.74374e-04   constant   
  18  zeta_y       0.00000e+00   constant   
  19  zeta_vw      0.00000e+00   constant   
  20  T_CBO        1.00000e+02   1.00000e+00   0.00000e+00   0.00000e+00
  21  alpha_A0     0.00000e+00   1.00000e-03   0.00000e+00  -2.06511e+02
  22  beta_A0      0.00000e+00   1.00000e-03   0.00000e+00   8.54898e+01
  23  alpha_phi    0.00000e+00   1.00000e-03   0.00000e+00  -7.64161e+01
  24  beta_phi     0.00000e+00   1.00000e-03   0.00000e+00   2.85816e+02
 CALL LIMIT EXCEEDED IN MIGRAD.
 MIGRAD TERMINATED WITHOUT CONVERGENCE.
 FCN=79.132 FROM MIGRAD    STATUS=CALL LIMIT   1328 CALLS        1329 TOTAL
                     EDM=0.00159519    STRATEGY= 1  ERROR MATRIX UNCERTAINTY   0.2 per cent
  EXT PARAMETER                APPROXIMATE        STEP         FIRST   
  NO.   NAME      VALUE            ERROR          SIZE      DERIVATIVE 
   1  N0           7.53789e+07   7.75121e+03   2.82350e+01   2.03439e-09
   2  tau          6.44000e+01   constant   
   3  A0           3.53608e-01   1.38039e-04   2.33545e-07   1.42173e+02
   4  phi          4.11953e+00   3.90165e-04   6.77984e-07   2.63801e+01
   5  R           -6.07615e+01   constant   
   6  alpha_CBO    0.00000e+00     fixed    
   7  w_CBO        2.32500e+00   constant   
   8  beta_CBO     0.00000e+00     fixed    
   9  alpha_2CBO   0.00000e+00     fixed    
  10  beta_2CBO    0.00000e+00     fixed    
  11  alpha_y      0.00000e+00     fixed    
  12  w_y          1.38860e+01   constant   
  13  beta_y       0.00000e+00     fixed    
  14  alpha_vw     0.00000e+00     fixed    
  15  w_vw         1.43404e+01   constant   
  16  beta_vw      0.00000e+00     fixed    
  17  LM          -1.74374e-04   constant   
  18  zeta_y       0.00000e+00   constant   
  19  zeta_vw      0.00000e+00   constant   
  20  T_CBO        3.33631e+02   6.66294e+02   3.10401e-02  -2.97075e-01
  21  alpha_A0     2.33747e-03   5.54344e-03  -8.65448e-05  -3.01323e+00
  22  beta_A0      9.21480e-05   1.83415e-03   7.11897e-06   2.18047e+01
  23  alpha_phi    1.28950e-03   2.91340e-03  -9.81822e-05  -1.45873e+01
  24  beta_phi    -2.91962e-03   6.50918e-03   1.43924e-04   5.13997e+01
 EXTERNAL ERROR MATRIX.    NDIM=  25    NPAR=  8    ERR DEF=1
  6.008e+07 -1.496e-01 -2.335e-01  4.532e+04 -1.433e+00 -3.720e+00 -2.823e+00  1.679e+00 
 -1.496e-01  1.905e-08 -5.547e-10  4.655e-03 -6.341e-09  2.235e-08 -1.692e-09 -1.415e-09 
 -2.335e-01 -5.547e-10  1.522e-07  2.041e-02 -2.107e-07 -4.553e-08 -2.785e-08  1.933e-07 
  4.532e+04  4.655e-03  2.041e-02  3.735e+05 -3.161e+00 -1.606e-01 -1.547e+00  3.915e+00 
 -1.433e+00 -6.341e-09 -2.107e-07 -3.161e+00  3.073e-05  2.237e-06  1.277e-05 -3.362e-05 
 -3.720e+00  2.235e-08 -4.553e-08 -1.606e-01  2.237e-06  3.364e-06  7.705e-07 -2.777e-06 
 -2.823e+00 -1.692e-09 -2.785e-08 -1.547e+00  1.277e-05  7.705e-07  8.488e-06 -1.574e-05 
  1.679e+00 -1.415e-09  1.933e-07  3.915e+00 -3.362e-05 -2.777e-06 -1.574e-05  4.237e-05 
ERR MATRIX APPROXIMATE
 PARAMETER  CORRELATION COEFFICIENTS  
       NO.  GLOBAL      1      3      4     20     21     22     23     24
        1  0.36968   1.000 -0.140 -0.077  0.010 -0.033 -0.262 -0.125  0.033
        3  0.41132  -0.140  1.000 -0.010  0.055 -0.008  0.088 -0.004 -0.002
        4  0.21973  -0.077 -0.010  1.000  0.086 -0.097 -0.064 -0.025  0.076
       20  0.99385   0.010  0.055  0.086  1.000 -0.933 -0.143 -0.869  0.984
       21  0.93918  -0.033 -0.008 -0.097 -0.933  1.000  0.220  0.791 -0.932
       22  0.62510  -0.262  0.088 -0.064 -0.143  0.220  1.000  0.144 -0.233
       23  0.90231  -0.125 -0.004 -0.025 -0.869  0.791  0.144  1.000 -0.830
       24  0.99152   0.033 -0.002  0.076  0.984 -0.932 -0.233 -0.830  1.000
 ERR MATRIX APPROXIMATE
MINUIT - FIT ONLY 1-CBO + wiggle
 **********
 **   16 **RES 
 **********
                   PARAMETER   16  beta_vw RESTORED TO VARIABLE.
                   PARAMETER   14  alpha_vw RESTORED TO VARIABLE.
                   PARAMETER   13  beta_y RESTORED TO VARIABLE.
                   PARAMETER   11  alpha_y RESTORED TO VARIABLE.
                   PARAMETER   10  beta_2CBO RESTORED TO VARIABLE.
                   PARAMETER    9  alpha_2CBO RESTORED TO VARIABLE.
                   PARAMETER    8  beta_CBO RESTORED TO VARIABLE.
                   PARAMETER    6  alpha_CBO RESTORED TO VARIABLE.
 **********
 **   17 **FIX            8
 **********
 **********
 **   18 **FIX            9
 **********
 **********
 **   19 **FIX           11
 **********
 **********
 **   20 **FIX           12
 **********
 PARAMETER   12  IS CONSTANT.   IGNORED.
 **********
 **   21 **FIX           14
 **********
 **********
 **   22 **FIX           15
 **********
 PARAMETER   15  IS CONSTANT.   IGNORED.
 **********
 **   23 **FIX           16
 **********
 **********
 **   24 **MIGRAD
 **********
 START MIGRAD MINIMIZATION.  STRATEGY  1.  CONVERGENCE WHEN EDM .LT. 1.00e-04
 FCN=79.132 FROM MIGRAD    STATUS=INITIATE       28 CALLS        1357 TOTAL
                     EDM= unknown      STRATEGY= 1      NO ERROR MATRIX       
  EXT PARAMETER               CURRENT GUESS       STEP         FIRST   
  NO.   NAME      VALUE            ERROR          SIZE      DERIVATIVE 
   1  N0           7.53789e+07   7.75121e+03   2.82350e+01   2.03439e-09
   2  tau          6.44000e+01   constant   
   3  A0           3.53608e-01   1.38039e-04   2.33545e-07   1.42173e+02
   4  phi          4.11953e+00   3.90165e-04   6.77984e-07   2.63801e+01
   5  R           -6.07615e+01   constant   
   6  alpha_CBO    0.00000e+00   1.00000e-03   1.00000e-03  -5.50406e+04
   7  w_CBO        2.32500e+00   constant   
   8  beta_CBO     0.00000e+00     fixed    
   9  alpha_2CBO   0.00000e+00     fixed    
  10  beta_2CBO    0.00000e+00   1.00000e-03   1.00000e-03  -1.18530e+04
  11  alpha_y      0.00000e+00     fixed    
  12  w_y          1.38860e+01   constant   
  13  beta_y       0.00000e+00   1.00000e-03   1.00000e-03   2.37886e+04
  14  alpha_vw     0.00000e+00     fixed    
  15  w_vw         1.43404e+01   constant   
  16  beta_vw      0.00000e+00     fixed    
  17  LM          -1.74374e-04   constant   
  18  zeta_y       0.00000e+00   constant   
  19  zeta_vw      0.00000e+00   constant   
  20  T_CBO        3.33631e+02   6.66294e+02   3.10401e-02  -2.97078e-01
  21  alpha_A0     2.33747e-03   5.54344e-03  -8.65448e-05  -3.01322e+00
  22  beta_A0      9.21480e-05   1.83415e-03   7.11897e-06   2.18047e+01
  23  alpha_phi    1.28950e-03   2.91340e-03  -9.81822e-05  -1.45873e+01
  24  beta_phi    -2.91962e-03   6.50918e-03   1.43924e-04   5.13997e+01
 MIGRAD MINIMIZATION HAS CONVERGED.
 FCN=59.5153 FROM MIGRAD    STATUS=CONVERGED     812 CALLS        2141 TOTAL
                     EDM=1.51931e-06    STRATEGY= 1  ERROR MATRIX UNCERTAINTY   0.4 per cent
  EXT PARAMETER                                   STEP         FIRST   
  NO.   NAME      VALUE            ERROR          SIZE      DERIVATIVE 
   1  N0           7.53769e+07   7.73553e+03  -1.01541e+00  -1.06042e-07
   2  tau          6.44000e+01   constant   
   3  A0           3.53493e-01   1.37534e-04  -1.18454e-07  -7.62466e-01
   4  phi          4.11950e+00   3.96202e-04  -7.32215e-08  -1.92573e+00
   5  R           -6.07615e+01   constant   
   6  alpha_CBO    5.89242e-04   1.47689e-04  -2.27397e-09   1.01834e-01
   7  w_CBO        2.32500e+00   constant   
   8  beta_CBO     0.00000e+00     fixed    
   9  alpha_2CBO   0.00000e+00     fixed    
  10  beta_2CBO    1.12694e-04   1.42155e-04  -8.07206e-10   1.66769e+00
  11  alpha_y      0.00000e+00     fixed    
  12  w_y          1.38860e+01   constant   
  13  beta_y      -2.26532e-04   1.41211e-04  -2.97084e-08   7.96162e-01
  14  alpha_vw     0.00000e+00     fixed    
  15  w_vw         1.43404e+01   constant   
  16  beta_vw      0.00000e+00     fixed    
  17  LM          -1.74374e-04   constant   
  18  zeta_y       0.00000e+00   constant   
  19  zeta_vw      0.00000e+00   constant   
  20  T_CBO        9.99945e+02   9.89492e+02   3.65389e-02  -1.23983e-04
  21  alpha_A0     6.37129e-04   8.52390e-04  -2.94908e-07  -1.15989e+00
  22  beta_A0      5.28208e-05   7.96340e-04  -1.43920e-06  -1.60306e+00
  23  alpha_phi    6.88775e-04   7.62353e-04  -8.85455e-07   3.24868e-01
  24  beta_phi    -1.57928e-03   7.82043e-04   5.87747e-07   1.25006e+00
 EXTERNAL ERROR MATRIX.    NDIM=  25    NPAR= 11    ERR DEF=1
  5.984e+07 
 -5.305e-02  1.892e-08 
 -1.524e-01 -2.260e-09  1.570e-07 
 -1.094e-01 -3.716e-09 -2.263e-09  2.181e-08 
  7.777e-02 -1.037e-09  1.138e-09 -7.142e-10  2.021e-08 
 -3.582e-02  3.215e-11 -6.882e-10  5.835e-10 -3.398e-10  1.994e-08 
 -2.434e+04 -8.530e-04 -5.449e-05  6.285e-05 -1.929e-04 -2.226e-04  1.315e+04 
 -8.372e-01  1.295e-08 -2.503e-08 -1.592e-08 -2.027e-08  1.969e-09 -7.314e-03  7.266e-07 
 -1.713e+00  6.273e-09 -4.422e-09  2.200e-09 -5.403e-09 -1.357e-09 -2.996e-03  9.419e-08  6.342e-07 
 -1.009e+00  9.972e-09  3.559e-08 -2.434e-09  6.288e-09 -4.998e-11 -7.568e-03  2.134e-08  8.503e-10  5.812e-07 
  8.167e-01 -1.227e-08  2.570e-08  2.433e-09 -1.176e-08  1.370e-09  2.066e-02 -2.200e-08 -5.010e-08 -3.755e-08  6.116e-07 
 PARAMETER  CORRELATION COEFFICIENTS  
       NO.  GLOBAL      1      3      4      6     10     13     20     21     22     23     24
        1  0.38808   1.000 -0.050 -0.050 -0.096  0.071 -0.033 -0.027 -0.127 -0.278 -0.171  0.135
        3  0.25975  -0.050  1.000 -0.041 -0.183 -0.053  0.002 -0.054  0.110  0.057  0.095 -0.114
        4  0.19054  -0.050 -0.041  1.000 -0.039  0.020 -0.012 -0.001 -0.074 -0.014  0.118  0.083
        6  0.25971  -0.096 -0.183 -0.039  1.000 -0.034  0.028  0.004 -0.126  0.019 -0.022  0.021
       10  0.23499   0.071 -0.053  0.020 -0.034  1.000 -0.017 -0.012 -0.167 -0.048  0.058 -0.106
       13  0.05857  -0.033  0.002 -0.012  0.028 -0.017  1.000 -0.014  0.016 -0.012 -0.000  0.012
       20  0.26734  -0.027 -0.054 -0.001  0.004 -0.012 -0.014  1.000 -0.075 -0.033 -0.087  0.230
       21  0.29732  -0.127  0.110 -0.074 -0.126 -0.167  0.016 -0.075  1.000  0.139  0.033 -0.033
       22  0.30834  -0.278  0.057 -0.014  0.019 -0.048 -0.012 -0.033  0.139  1.000  0.001 -0.080
       23  0.25587  -0.171  0.095  0.118 -0.022  0.058 -0.000 -0.087  0.033  0.001  1.000 -0.063
       24  0.32516   0.135 -0.114  0.083  0.021 -0.106  0.012  0.230 -0.033 -0.080 -0.063  1.000
MINUIT - FIT ONLY 2-CBO
 **********
 **   25 **RES 
 **********
                   PARAMETER   16  beta_vw RESTORED TO VARIABLE.
                   PARAMETER   14  alpha_vw RESTORED TO VARIABLE.
                   PARAMETER   11  alpha_y RESTORED TO VARIABLE.
                   PARAMETER    9  alpha_2CBO RESTORED TO VARIABLE.
                   PARAMETER    8  beta_CBO RESTORED TO VARIABLE.
 **********
 **   26 **FIX            0
 **********
 PARAMETER    0  IS UNDEFINED. IGNORED.
 **********
 **   27 **FIX            1
 **********
 **********
 **   28 **FIX            2
 **********
 PARAMETER    2  IS CONSTANT.   IGNORED.
 **********
 **   29 **FIX            3
 **********
 **********
 **   30 **FIX            4
 **********
 **********
 **   31 **FIX            5
 **********
 PARAMETER    5  IS CONSTANT.   IGNORED.
 **********
 **   32 **FIX            6
 **********
 **********
 **   33 **FIX            7
 **********
 PARAMETER    7  IS CONSTANT.   IGNORED.
 **********
 **   34 **FIX           10
 **********
 **********
 **   35 **FIX           11
 **********
 **********
 **   36 **FIX           12
 **********
 PARAMETER   12  IS CONSTANT.   IGNORED.
 **********
 **   37 **FIX           13
 **********
 **********
 **   38 **FIX           14
 **********
 **********
 **   39 **FIX           15
 **********
 PARAMETER   15  IS CONSTANT.   IGNORED.
 **********
 **   40 **FIX           16
 **********
 **********
 **   41 **MIGRAD
 **********
 START MIGRAD MINIMIZATION.  STRATEGY  1.  CONVERGENCE WHEN EDM .LT. 1.00e-04
 FCN=59.5153 FROM MIGRAD    STATUS=INITIATE       18 CALLS        2159 TOTAL
                     EDM= unknown      STRATEGY= 1      NO ERROR MATRIX       
  EXT PARAMETER               CURRENT GUESS       STEP         FIRST   
  NO.   NAME      VALUE            ERROR          SIZE      DERIVATIVE 
   1  N0           7.53769e+07     fixed    
   2  tau          6.44000e+01   constant   
   3  A0           3.53493e-01     fixed    
   4  phi          4.11950e+00     fixed    
   5  R           -6.07615e+01   constant   
   6  alpha_CBO    5.89242e-04     fixed    
   7  w_CBO        2.32500e+00   constant   
   8  beta_CBO     0.00000e+00   1.00000e-03   1.00000e-03   3.01367e+04
   9  alpha_2CBO   0.00000e+00   1.00000e-03   1.00000e-03   3.25979e+03
  10  beta_2CBO    1.12694e-04     fixed    
  11  alpha_y      0.00000e+00     fixed    
  12  w_y          1.38860e+01   constant   
  13  beta_y      -2.26532e-04     fixed    
  14  alpha_vw     0.00000e+00     fixed    
  15  w_vw         1.43404e+01   constant   
  16  beta_vw      0.00000e+00     fixed    
  17  LM          -1.74374e-04   constant   
  18  zeta_y       0.00000e+00   constant   
  19  zeta_vw      0.00000e+00   constant   
  20  T_CBO        9.99945e+02   9.89492e+02   3.65389e-02  -1.24231e-04
  21  alpha_A0     6.37129e-04   8.52390e-04  -2.94908e-07  -1.15993e+00
  22  beta_A0      5.28208e-05   7.96340e-04  -1.43920e-06  -1.60307e+00
  23  alpha_phi    6.88775e-04   7.62353e-04  -8.85455e-07   3.24868e-01
  24  beta_phi    -1.57928e-03   7.82043e-04   5.87747e-07   1.25006e+00
 MIGRAD MINIMIZATION HAS CONVERGED.
 MIGRAD WILL VERIFY CONVERGENCE AND ERROR MATRIX.
 COVARIANCE MATRIX CALCULATED SUCCESSFULLY
 FCN=55.1336 FROM MIGRAD    STATUS=CONVERGED     135 CALLS        2276 TOTAL
                     EDM=4.01772e-07    STRATEGY= 1      ERROR MATRIX ACCURATE 
  EXT PARAMETER                                   STEP         FIRST   
  NO.   NAME      VALUE            ERROR          SIZE      DERIVATIVE 
   1  N0           7.53769e+07     fixed    
   2  tau          6.44000e+01   constant   
   3  A0           3.53493e-01     fixed    
   4  phi          4.11950e+00     fixed    
   5  R           -6.07615e+01   constant   
   6  alpha_CBO    5.89242e-04     fixed    
   7  w_CBO        2.32500e+00   constant   
   8  beta_CBO    -2.88541e-04   1.38702e-04   5.02361e-07   4.93162e-01
   9  alpha_2CBO  -2.07359e-05   1.42605e-04   5.08849e-07  -3.79829e+00
  10  beta_2CBO    1.12694e-04     fixed    
  11  alpha_y      0.00000e+00     fixed    
  12  w_y          1.38860e+01   constant   
  13  beta_y      -2.26532e-04     fixed    
  14  alpha_vw     0.00000e+00     fixed    
  15  w_vw         1.43404e+01   constant   
  16  beta_vw      0.00000e+00     fixed    
  17  LM          -1.74374e-04   constant   
  18  zeta_y       0.00000e+00   constant   
  19  zeta_vw      0.00000e+00   constant   
  20  T_CBO        1.00000e+03   8.75973e+02   5.74530e-02** at limit **
  21  alpha_A0     6.03187e-04   7.81454e-04   2.83752e-06  -3.56032e-01
  22  beta_A0      2.08798e-04   7.70630e-04   2.75070e-06  -3.98762e-01
  23  alpha_phi    6.82464e-04   7.47675e-04   2.69991e-06  -8.19266e-01
  24  beta_phi    -1.46807e-03   7.53708e-04   2.69603e-06  -3.94973e-03
 EXTERNAL ERROR MATRIX.    NDIM=  25    NPAR=  7    ERR DEF=1
  1.924e-08 -8.245e-10 -1.475e-08  2.749e-09 -1.205e-08  1.962e-09 -6.318e-09 
 -8.245e-10  2.034e-08  5.224e-09 -4.405e-09  1.598e-08 -1.444e-08 -1.008e-08 
 -1.475e-08  5.224e-09  1.114e+00  4.870e-05  1.673e-05  5.434e-05 -1.171e-04 
  2.749e-09 -4.405e-09  4.870e-05  6.107e-07  4.887e-08  1.334e-08 -2.620e-08 
 -1.205e-08  1.598e-08  1.673e-05  4.887e-08  5.939e-07 -2.559e-08 -5.311e-08 
  1.962e-09 -1.444e-08  5.434e-05  1.334e-08 -2.559e-08  5.590e-07 -1.973e-08 
 -6.318e-09 -1.008e-08 -1.171e-04 -2.620e-08 -5.311e-08 -1.973e-08  5.681e-07 
 PARAMETER  CORRELATION COEFFICIENTS  
       NO.  GLOBAL      8      9     20     21     22     23     24
        8  0.14079   1.000 -0.042 -0.000  0.025 -0.113  0.019 -0.060
        9  0.22055  -0.042  1.000  0.000 -0.040  0.145 -0.135 -0.094
       20  0.16886  -0.000  0.000  1.000  0.059  0.021  0.069 -0.147
       21  0.12181   0.025 -0.040  0.059  1.000  0.081  0.023 -0.044
       22  0.21911  -0.113  0.145  0.021  0.081  1.000 -0.044 -0.091
       23  0.16019   0.019 -0.135  0.069  0.023 -0.044  1.000 -0.035
       24  0.20964  -0.060 -0.094 -0.147 -0.044 -0.091 -0.035  1.000
MINUIT - FIT wiggle + 1-CBO + 2-CBO
 **********
 **   42 **RES 
 **********
                   PARAMETER   16  beta_vw RESTORED TO VARIABLE.
                   PARAMETER   14  alpha_vw RESTORED TO VARIABLE.
                   PARAMETER   13  beta_y RESTORED TO VARIABLE.
                   PARAMETER   11  alpha_y RESTORED TO VARIABLE.
                   PARAMETER   10  beta_2CBO RESTORED TO VARIABLE.
                   PARAMETER    6  alpha_CBO RESTORED TO VARIABLE.
                   PARAMETER    4  phi RESTORED TO VARIABLE.
                   PARAMETER    3  A0 RESTORED TO VARIABLE.
                   PARAMETER    1  N0 RESTORED TO VARIABLE.
 **********
 **   43 **FIX           10
 **********
 **********
 **   44 **FIX           11
 **********
 **********
 **   45 **FIX           12
 **********
 PARAMETER   12  IS CONSTANT.   IGNORED.
 **********
 **   46 **FIX           13
 **********
 **********
 **   47 **FIX           14
 **********
 **********
 **   48 **FIX           15
 **********
 PARAMETER   15  IS CONSTANT.   IGNORED.
 **********
 **   49 **FIX           16
 **********
 **********
 **   50 **MIGRAD
 **********
 START MIGRAD MINIMIZATION.  STRATEGY  1.  CONVERGENCE WHEN EDM .LT. 1.00e-04
 FCN=55.1336 FROM MIGRAD    STATUS=INITIATE       22 CALLS        2298 TOTAL
                     EDM= unknown      STRATEGY= 1      NO ERROR MATRIX       
  EXT PARAMETER               CURRENT GUESS       STEP         FIRST   
  NO.   NAME      VALUE            ERROR          SIZE      DERIVATIVE 
   1  N0           7.53769e+07   7.73553e+03   7.73553e+03   7.16642e-06
   2  tau          6.44000e+01   constant   
   3  A0           3.53493e-01   1.37534e-04   1.37534e-04   3.64291e+03
   4  phi          4.11950e+00   3.96202e-04   3.96202e-04  -2.24354e+03
   5  R           -6.07615e+01   constant   
   6  alpha_CBO    5.89242e-04   1.47689e-04   1.47689e-04   5.15467e+02
   7  w_CBO        2.32500e+00   constant   
   8  beta_CBO    -2.88541e-04   1.38702e-04   5.02361e-07   4.93789e-01
   9  alpha_2CBO  -2.07359e-05   1.42605e-04   5.08849e-07  -3.79805e+00
  10  beta_2CBO    1.12694e-04     fixed    
  11  alpha_y      0.00000e+00     fixed    
  12  w_y          1.38860e+01   constant   
  13  beta_y      -2.26532e-04     fixed    
  14  alpha_vw     0.00000e+00     fixed    
  15  w_vw         1.43404e+01   constant   
  16  beta_vw      0.00000e+00     fixed    
  17  LM          -1.74374e-04   constant   
  18  zeta_y       0.00000e+00   constant   
  19  zeta_vw      0.00000e+00   constant   
  20  T_CBO        9.99999e+02   8.75973e+02   5.74530e-02  -1.40413e-05
  21  alpha_A0     6.03187e-04   7.81454e-04   2.83752e-06  -3.56414e-01
  22  beta_A0      2.08798e-04   7.70630e-04   2.75070e-06  -3.98792e-01
  23  alpha_phi    6.82464e-04   7.47675e-04   2.69991e-06  -8.19945e-01
  24  beta_phi    -1.46807e-03   7.53708e-04   2.69603e-06  -2.39479e-03
 MIGRAD MINIMIZATION HAS CONVERGED.
 MIGRAD WILL VERIFY CONVERGENCE AND ERROR MATRIX.
 COVARIANCE MATRIX CALCULATED SUCCESSFULLY
 FCN=54.8382 FROM MIGRAD    STATUS=CONVERGED     219 CALLS        2495 TOTAL
                     EDM=3.96517e-06    STRATEGY= 1      ERROR MATRIX ACCURATE 
  EXT PARAMETER                                   STEP         FIRST   
  NO.   NAME      VALUE            ERROR          SIZE      DERIVATIVE 
   1  N0           7.53764e+07   7.98390e+03   3.59423e+01  -2.17951e-07
   2  tau          6.44000e+01   constant   
   3  A0           3.53454e-01   1.42496e-04   4.89806e-07   5.11058e+00
   4  phi          4.11969e+00   4.11925e-04   1.96442e-06  -1.71251e+00
   5  R           -6.07615e+01   constant   
   6  alpha_CBO    5.89228e-04   1.47584e-04   5.17629e-07   2.63813e+00
   7  w_CBO        2.32500e+00   constant   
   8  beta_CBO    -3.07767e-04   1.43137e-04   5.01040e-07  -3.00555e+00
   9  alpha_2CBO  -2.44699e-05   1.43458e-04   5.07510e-07  -1.94531e+00
  10  beta_2CBO    1.12694e-04     fixed    
  11  alpha_y      0.00000e+00     fixed    
  12  w_y          1.38860e+01   constant   
  13  beta_y      -2.26532e-04     fixed    
  14  alpha_vw     0.00000e+00     fixed    
  15  w_vw         1.43404e+01   constant   
  16  beta_vw      0.00000e+00     fixed    
  17  LM          -1.74374e-04   constant   
  18  zeta_y       0.00000e+00   constant   
  19  zeta_vw      0.00000e+00   constant   
  20  T_CBO        1.00000e+03   9.88845e+02   5.96136e-02** at limit **
  21  alpha_A0     5.53661e-04   8.02093e-04   2.83020e-06   1.12842e+00
  22  beta_A0      2.02741e-04   7.95096e-04   2.74371e-06   1.40911e+00
  23  alpha_phi    7.16595e-04   7.71141e-04   2.69311e-06  -2.52676e-01
  24  beta_phi    -1.40479e-03   7.74371e-04   2.68919e-06  -6.01975e-02
 EXTERNAL ERROR MATRIX.    NDIM=  25    NPAR= 11    ERR DEF=1
  6.374e+07 
 -9.062e-02  2.030e-08 
 -4.311e-01 -3.166e-09  1.697e-07 
 -8.660e-02 -4.293e-09 -2.264e-09  2.178e-08 
  3.021e-02  2.445e-09 -1.300e-08  1.966e-10  2.049e-08 
  4.602e-02  1.390e-09 -1.365e-09 -1.814e-09 -6.009e-10  2.058e-08 
  3.641e-01 -6.830e-09 -5.049e-08  4.436e-10  1.185e-09  8.661e-10  1.858e-02 
 -5.493e-01  1.854e-08 -2.034e-08 -1.715e-08  5.860e-09 -2.400e-09  5.523e-06  6.434e-07 
 -1.425e+00  1.327e-08  1.085e-08  7.973e-11 -1.158e-08  1.571e-08  1.994e-06  7.004e-08  6.322e-07 
 -1.328e+00  8.181e-09  3.900e-08 -7.825e-10 -2.212e-10 -1.505e-08  7.030e-06  2.642e-08  8.160e-09  5.947e-07 
  8.454e-01 -1.926e-08  2.900e-08  3.793e-09 -1.043e-08 -1.104e-08 -1.385e-05 -5.346e-08 -8.122e-08 -3.668e-08  5.997e-07 
 PARAMETER  CORRELATION COEFFICIENTS  
       NO.  GLOBAL      1      3      4      6      8      9     20     21     22     23     24
        1  0.36374   1.000 -0.080 -0.131 -0.073  0.026  0.040  0.000 -0.086 -0.224 -0.216  0.137
        3  0.33539  -0.080  1.000 -0.054 -0.204  0.120  0.068 -0.000  0.162  0.117  0.074 -0.175
        4  0.30006  -0.131 -0.054  1.000 -0.037 -0.221 -0.023 -0.001 -0.062  0.033  0.123  0.091
        6  0.27562  -0.073 -0.204 -0.037  1.000  0.009 -0.086  0.000 -0.145  0.001 -0.007  0.033
        8  0.28217   0.026  0.120 -0.221  0.009  1.000 -0.029  0.000  0.051 -0.102 -0.002 -0.094
        9  0.24478   0.040  0.068 -0.023 -0.086 -0.029  1.000  0.000 -0.021  0.138 -0.136 -0.099
       20  0.15672   0.000 -0.000 -0.001  0.000  0.000  0.000  1.000  0.051  0.018  0.067 -0.131
       21  0.25452  -0.086  0.162 -0.062 -0.145  0.051 -0.021  0.051  1.000  0.110  0.043 -0.086
       22  0.32486  -0.224  0.117  0.033  0.001 -0.102  0.138  0.018  0.110  1.000  0.013 -0.132
       23  0.28955  -0.216  0.074  0.123 -0.007 -0.002 -0.136  0.067  0.043  0.013  1.000 -0.061
       24  0.30677   0.137 -0.175  0.091  0.033 -0.094 -0.099 -0.131 -0.086 -0.132 -0.061  1.000
MINUIT - FIT ONLY 1-y
 **********
 **   51 **RES 
 **********
                   PARAMETER   16  beta_vw RESTORED TO VARIABLE.
                   PARAMETER   14  alpha_vw RESTORED TO VARIABLE.
                   PARAMETER   13  beta_y RESTORED TO VARIABLE.
                   PARAMETER   11  alpha_y RESTORED TO VARIABLE.
                   PARAMETER   10  beta_2CBO RESTORED TO VARIABLE.
 **********
 **   52 **FIX            0
 **********
 PARAMETER    0  IS UNDEFINED. IGNORED.
 **********
 **   53 **FIX            1
 **********
 **********
 **   54 **FIX            2
 **********
 PARAMETER    2  IS CONSTANT.   IGNORED.
 **********
 **   55 **FIX            3
 **********
 **********
 **   56 **FIX            4
 **********
 **********
 **   57 **FIX            5
 **********
 PARAMETER    5  IS CONSTANT.   IGNORED.
 **********
 **   58 **FIX            6
 **********
 **********
 **   59 **FIX            7
 **********
 PARAMETER    7  IS CONSTANT.   IGNORED.
 **********
 **   60 **FIX            8
 **********
 **********
 **   61 **FIX            9
 **********
 **********
 **   62 **FIX           13
 **********
 **********
 **   63 **FIX           14
 **********
 **********
 **   64 **FIX           15
 **********
 PARAMETER   15  IS CONSTANT.   IGNORED.
 **********
 **   65 **FIX           16
 **********
 **********
 **   66 **MIGRAD
 **********
 START MIGRAD MINIMIZATION.  STRATEGY  1.  CONVERGENCE WHEN EDM .LT. 1.00e-04
 FCN=54.8382 FROM MIGRAD    STATUS=INITIATE       16 CALLS        2511 TOTAL
                     EDM= unknown      STRATEGY= 1      NO ERROR MATRIX       
  EXT PARAMETER               CURRENT GUESS       STEP         FIRST   
  NO.   NAME      VALUE            ERROR          SIZE      DERIVATIVE 
   1  N0           7.53764e+07     fixed    
   2  tau          6.44000e+01   constant   
   3  A0           3.53454e-01     fixed    
   4  phi          4.11969e+00     fixed    
   5  R           -6.07615e+01   constant   
   6  alpha_CBO    5.89228e-04     fixed    
   7  w_CBO        2.32500e+00   constant   
   8  beta_CBO    -3.07767e-04     fixed    
   9  alpha_2CBO  -2.44699e-05     fixed    
  10  beta_2CBO    1.12694e-04   1.42155e-04   1.42155e-04  -1.86223e+03
  11  alpha_y      0.00000e+00   1.00000e-03   1.00000e-03   8.02607e+03
  12  w_y          1.38860e+01   constant   
  13  beta_y      -2.26532e-04     fixed    
  14  alpha_vw     0.00000e+00     fixed    
  15  w_vw         1.43404e+01   constant   
  16  beta_vw      0.00000e+00     fixed    
  17  LM          -1.74374e-04   constant   
  18  zeta_y       0.00000e+00   constant   
  19  zeta_vw      0.00000e+00   constant   
  20  T_CBO        9.99999e+02   9.88845e+02   5.96136e-02  -1.65840e-05
  21  alpha_A0     5.53661e-04   8.02093e-04   2.83020e-06   1.12789e+00
  22  beta_A0      2.02741e-04   7.95096e-04   2.74371e-06   1.40900e+00
  23  alpha_phi    7.16595e-04   7.71141e-04   2.69311e-06  -2.53397e-01
  24  beta_phi    -1.40479e-03   7.74371e-04   2.68919e-06  -5.87074e-02
 MIGRAD MINIMIZATION HAS CONVERGED.
 MIGRAD WILL VERIFY CONVERGENCE AND ERROR MATRIX.
 COVARIANCE MATRIX CALCULATED SUCCESSFULLY
 FCN=54.5065 FROM MIGRAD    STATUS=CONVERGED     114 CALLS        2609 TOTAL
                     EDM=9.59948e-07    STRATEGY= 1      ERROR MATRIX ACCURATE 
  EXT PARAMETER                                   STEP         FIRST   
  NO.   NAME      VALUE            ERROR          SIZE      DERIVATIVE 
   1  N0           7.53764e+07     fixed    
   2  tau          6.44000e+01   constant   
   3  A0           3.53454e-01     fixed    
   4  phi          4.11969e+00     fixed    
   5  R           -6.07615e+01   constant   
   6  alpha_CBO    5.89228e-04     fixed    
   7  w_CBO        2.32500e+00   constant   
   8  beta_CBO    -3.07767e-04     fixed    
   9  alpha_2CBO  -2.44699e-05     fixed    
  10  beta_2CBO    1.33554e-04   1.43500e-04   5.09251e-07   5.77434e+00
  11  alpha_y     -7.78224e-05   1.38908e-04   5.05028e-07  -1.11519e+00
  12  w_y          1.38860e+01   constant   
  13  beta_y      -2.26532e-04     fixed    
  14  alpha_vw     0.00000e+00     fixed    
  15  w_vw         1.43404e+01   constant   
  16  beta_vw      0.00000e+00     fixed    
  17  LM          -1.74374e-04   constant   
  18  zeta_y       0.00000e+00   constant   
  19  zeta_vw      0.00000e+00   constant   
  20  T_CBO        1.00000e+03   9.82728e+02   5.65996e-02** at limit **
  21  alpha_A0     5.40283e-04   7.90052e-04   2.82181e-06   9.03998e-01
  22  beta_A0      2.02185e-04   7.58812e-04   2.73554e-06   8.56238e-01
  23  alpha_phi    7.17833e-04   7.42673e-04   2.68510e-06  -9.20253e-01
  24  beta_phi    -1.42616e-03   7.53332e-04   2.68120e-06  -1.88408e-02
 EXTERNAL ERROR MATRIX.    NDIM=  25    NPAR=  7    ERR DEF=1
  2.059e-08 -4.053e-10 -1.312e-10 -1.781e-08 -4.825e-09  7.714e-09 -1.382e-08 
 -4.053e-10  1.930e-08 -2.421e-11 -8.326e-10 -1.023e-09  1.443e-09  2.118e-09 
 -1.312e-10 -2.421e-11  6.798e-05  3.084e-07  1.143e-07  4.036e-07 -8.043e-07 
 -1.781e-08 -8.326e-10  3.084e-07  6.242e-07  5.789e-08  2.630e-09 -1.416e-08 
 -4.825e-09 -1.023e-09  1.143e-07  5.789e-08  5.758e-07 -1.545e-08 -4.574e-08 
  7.714e-09  1.443e-09  4.036e-07  2.630e-09 -1.545e-08  5.516e-07 -3.052e-08 
 -1.382e-08  2.118e-09 -8.043e-07 -1.416e-08 -4.574e-08 -3.052e-08  5.675e-07 
 PARAMETER  CORRELATION COEFFICIENTS  
       NO.  GLOBAL     10     11     20     21     22     23     24
       10  0.21989   1.000 -0.020 -0.000 -0.157 -0.044  0.072 -0.128
       11  0.03417  -0.020  1.000 -0.000 -0.008 -0.010  0.014  0.020
       20  0.14969  -0.000 -0.000  1.000  0.047  0.018  0.066 -0.129
       21  0.18988  -0.157 -0.008  0.047  1.000  0.097  0.004 -0.024
       22  0.13394  -0.044 -0.010  0.018  0.097  1.000 -0.027 -0.080
       23  0.11072   0.072  0.014  0.066  0.004 -0.027  1.000 -0.055
       24  0.20689  -0.128  0.020 -0.129 -0.024 -0.080 -0.055  1.000
MINUIT - FIT ONLY 2-y
 **********
 **   67 **RES 
 **********
                   PARAMETER   16  beta_vw RESTORED TO VARIABLE.
                   PARAMETER   14  alpha_vw RESTORED TO VARIABLE.
                   PARAMETER   13  beta_y RESTORED TO VARIABLE.
                   PARAMETER    9  alpha_2CBO RESTORED TO VARIABLE.
                   PARAMETER    8  beta_CBO RESTORED TO VARIABLE.
                   PARAMETER    6  alpha_CBO RESTORED TO VARIABLE.
                   PARAMETER    4  phi RESTORED TO VARIABLE.
                   PARAMETER    3  A0 RESTORED TO VARIABLE.
                   PARAMETER    1  N0 RESTORED TO VARIABLE.
 **********
 **   68 **FIX            0
 **********
 PARAMETER    0  IS UNDEFINED. IGNORED.
 **********
 **   69 **FIX            1
 **********
 **********
 **   70 **FIX            2
 **********
 PARAMETER    2  IS CONSTANT.   IGNORED.
 **********
 **   71 **FIX            3
 **********
 **********
 **   72 **FIX            4
 **********
 **********
 **   73 **FIX            5
 **********
 PARAMETER    5  IS CONSTANT.   IGNORED.
 **********
 **   74 **FIX            6
 **********
 **********
 **   75 **FIX            7
 **********
 PARAMETER    7  IS CONSTANT.   IGNORED.
 **********
 **   76 **FIX            8
 **********
 **********
 **   77 **FIX            9
 **********
 **********
 **   78 **FIX           10
 **********
 **********
 **   79 **FIX           11
 **********
 **********
 **   80 **FIX           12
 **********
 PARAMETER   12  IS CONSTANT.   IGNORED.
 **********
 **   81 **FIX           16
 **********
 **********
 **   82 **MIGRAD
 **********
 START MIGRAD MINIMIZATION.  STRATEGY  1.  CONVERGENCE WHEN EDM .LT. 1.00e-04
 FCN=54.5065 FROM MIGRAD    STATUS=INITIATE       16 CALLS        2625 TOTAL
                     EDM= unknown      STRATEGY= 1      NO ERROR MATRIX       
  EXT PARAMETER               CURRENT GUESS       STEP         FIRST   
  NO.   NAME      VALUE            ERROR          SIZE      DERIVATIVE 
   1  N0           7.53764e+07     fixed    
   2  tau          6.44000e+01   constant   
   3  A0           3.53454e-01     fixed    
   4  phi          4.11969e+00     fixed    
   5  R           -6.07615e+01   constant   
   6  alpha_CBO    5.89228e-04     fixed    
   7  w_CBO        2.32500e+00   constant   
   8  beta_CBO    -3.07767e-04     fixed    
   9  alpha_2CBO  -2.44699e-05     fixed    
  10  beta_2CBO    1.33554e-04     fixed    
  11  alpha_y     -7.78224e-05     fixed    
  12  w_y          1.38860e+01   constant   
  13  beta_y      -2.26532e-04   1.41211e-04   1.41211e-04   3.53178e+02
  14  alpha_vw     0.00000e+00   1.00000e-03   1.00000e-03   4.55925e+02
  15  w_vw         1.43404e+01   constant   
  16  beta_vw      0.00000e+00     fixed    
  17  LM          -1.74374e-04   constant   
  18  zeta_y       0.00000e+00   constant   
  19  zeta_vw      0.00000e+00   constant   
  20  T_CBO        9.99999e+02   9.82728e+02   5.65996e-02  -1.73449e-05
  21  alpha_A0     5.40283e-04   7.90052e-04   2.82181e-06   9.03507e-01
  22  beta_A0      2.02185e-04   7.58812e-04   2.73554e-06   8.56221e-01
  23  alpha_phi    7.17833e-04   7.42673e-04   2.68510e-06  -9.20975e-01
  24  beta_phi    -1.42616e-03   7.53332e-04   2.68120e-06  -1.73269e-02
 MIGRAD MINIMIZATION HAS CONVERGED.
 MIGRAD WILL VERIFY CONVERGENCE AND ERROR MATRIX.
 COVARIANCE MATRIX CALCULATED SUCCESSFULLY
 FCN=54.505 FROM MIGRAD    STATUS=CONVERGED      82 CALLS        2691 TOTAL
                     EDM=1.22496e-06    STRATEGY= 1      ERROR MATRIX ACCURATE 
  EXT PARAMETER                                   STEP         FIRST   
  NO.   NAME      VALUE            ERROR          SIZE      DERIVATIVE 
   1  N0           7.53764e+07     fixed    
   2  tau          6.44000e+01   constant   
   3  A0           3.53454e-01     fixed    
   4  phi          4.11969e+00     fixed    
   5  R           -6.07615e+01   constant   
   6  alpha_CBO    5.89228e-04     fixed    
   7  w_CBO        2.32500e+00   constant   
   8  beta_CBO    -3.07767e-04     fixed    
   9  alpha_2CBO  -2.44699e-05     fixed    
  10  beta_2CBO    1.33554e-04     fixed    
  11  alpha_y     -7.78224e-05     fixed    
  12  w_y          1.38860e+01   constant   
  13  beta_y      -2.29788e-04   1.40622e-04   5.09888e-07  -6.89978e+00
  14  alpha_vw    -4.14761e-06   1.39605e-04   5.06491e-07   5.31233e+00
  15  w_vw         1.43404e+01   constant   
  16  beta_vw      0.00000e+00     fixed    
  17  LM          -1.74374e-04   constant   
  18  zeta_y       0.00000e+00   constant   
  19  zeta_vw      0.00000e+00   constant   
  20  T_CBO        1.00000e+03   9.87933e+02   5.51468e-02** at limit **
  21  alpha_A0     5.40029e-04   7.80337e-04   2.82002e-06   6.50805e-01
  22  beta_A0      2.01958e-04   7.58051e-04   2.73383e-06   4.95651e-01
  23  alpha_phi    7.18069e-04   7.40574e-04   2.68343e-06  -7.72599e-01
  24  beta_phi    -1.42616e-03   7.46811e-04   2.67952e-06  -4.02970e-01
 EXTERNAL ERROR MATRIX.    NDIM=  25    NPAR=  7    ERR DEF=1
  1.977e-08 -1.351e-09  1.800e-10  2.230e-09 -4.375e-10 -5.122e-10  1.050e-09 
 -1.351e-09  1.949e-08  4.599e-10 -1.014e-09  9.033e-10 -4.306e-10 -1.283e-09 
  1.800e-10  4.599e-10  4.038e-01  2.316e-05  8.575e-06  3.036e-05 -6.047e-05 
  2.230e-09 -1.014e-09  2.316e-05  6.089e-07  5.354e-08  9.273e-09 -2.565e-08 
 -4.375e-10  9.033e-10  8.575e-06  5.354e-08  5.746e-07 -1.359e-08 -4.888e-08 
 -5.122e-10 -4.306e-10  3.036e-05  9.273e-09 -1.359e-08  5.485e-07 -2.526e-08 
  1.050e-09 -1.283e-09 -6.047e-05 -2.565e-08 -4.888e-08 -2.526e-08  5.577e-07 
 PARAMETER  CORRELATION COEFFICIENTS  
       NO.  GLOBAL     13     14     20     21     22     23     24
       13  0.07263   1.000 -0.069  0.000  0.020 -0.004 -0.005  0.010
       14  0.07094  -0.069  1.000  0.000 -0.009  0.009 -0.004 -0.012
       20  0.14608   0.000  0.000  1.000  0.047  0.018  0.065 -0.127
       21  0.10909   0.020 -0.009  0.047  1.000  0.091  0.016 -0.044
       22  0.12635  -0.004  0.009  0.018  0.091  1.000 -0.024 -0.086
       23  0.08157  -0.005 -0.004  0.065  0.016 -0.024  1.000 -0.046
       24  0.16129   0.010 -0.012 -0.127 -0.044 -0.086 -0.046  1.000
MINUIT - FIT ALTOGETHER
