 + ++++++++++++++++++++++++++++++++++++++++++++++++++++++++++++++++++++ +
 +                                                                      +
 +           You have chose to blind your fitting according to          +
 +                omega_ref * (1 + (R +/- deltaR) *10^{-6})             +
 +                                                                      +
 + ++++++++++++++++++++++++++++++++++++++++++++++++++++++++++++++++++++ +
In main()...
reading format from /gm2data/zkhechad/run45/envelope/formats/formatB_sBin_constraintOn.txt
pBinTau 	= 0  
pBinPhi 	= 0  
constraintau 	= 1 
includeMopTerm 	= 0    
constrainMop    = 0   
Parameters after format file: pBinTau 0 pBinPhi 0 constraintau 1 includeMopTerm 0 constrainMop 0 c_e_scale 0.000000 
Opening file /gm2data/tbarrett/gm2fr/studies/run23_bunch_corrections/CorrectedFourier_Run3b.root.
reading full fit data from /gm2data/zkhechad/cboTemplates/Run4CBOTemplates/fullFits/noRF/sBin_constraintOn_cE0.0_seed0_noRF_calo16.root
windowBins = 34
fitting sliding window 70 from bin 206 at 30.586000 to bin 240 at 35.808000 (34 bins)

Reading data from /gm2data/cornell/histograms/aMethod/histogram_a_noRF.root
 **********
 **    1 **SET PRINTOUT            1
 **********
 **********
 **    2 **SET NOWARNINGS 
 **********
 PARAMETER DEFINITIONS:
    NO.   NAME         VALUE      STEP SIZE      LIMITS
     1 N0           3.09937e+06  1.00000e+02     no limits
     2 tau          6.44027e+01  constant
     3 A0           3.49546e-01  1.00000e-04     no limits
     4 phi          4.11716e+00  1.00000e-02     no limits
     5 R           -6.26367e+01  constant
     6 alpha_CBO    0.00000e+00  1.00000e-03     no limits
     7 w_CBO        2.32500e+00  constant
     8 beta_CBO     0.00000e+00  1.00000e-03     no limits
     9 alpha_2CBO   0.00000e+00  1.00000e-03     no limits
    10 beta_2CBO    0.00000e+00  1.00000e-03     no limits
    11 alpha_y      0.00000e+00  1.00000e-03     no limits
    12 w_y          1.38860e+01  constant
    13 beta_y       0.00000e+00  1.00000e-03     no limits
    14 alpha_vw     0.00000e+00  1.00000e-03     no limits
    15 w_vw         1.43404e+01  constant
    16 beta_vw      0.00000e+00  1.00000e-03     no limits
    17 LM          -1.31878e-04  constant
    18 zeta_y       0.00000e+00  constant
    19 zeta_vw      0.00000e+00  constant
    20 T_CBO        1.00000e+02  1.00000e+00    0.00000e+00  1.00000e+03
    21 alpha_A0     0.00000e+00  1.00000e-04   -1.00000e-02  1.00000e-02
    22 beta_A0      0.00000e+00  1.00000e-04   -1.00000e-02  1.00000e-02
    23 alpha_phi    0.00000e+00  1.00000e-04   -1.00000e-02  1.00000e-02
    24 beta_phi     0.00000e+00  1.00000e-04   -1.00000e-02  1.00000e-02
MINUIT - FIT ONLY WIGGLE
 **********
 **    3 **FIX            5
 **********
 PARAMETER    5  IS CONSTANT.   IGNORED.
 **********
 **    4 **FIX            6
 **********
 **********
 **    5 **FIX            7
 **********
 PARAMETER    7  IS CONSTANT.   IGNORED.
 **********
 **    6 **FIX            8
 **********
 **********
 **    7 **FIX            9
 **********
 **********
 **    8 **FIX           10
 **********
 **********
 **    9 **FIX           11
 **********
 **********
 **   10 **FIX           12
 **********
 PARAMETER   12  IS CONSTANT.   IGNORED.
 **********
 **   11 **FIX           13
 **********
 **********
 **   12 **FIX           14
 **********
 **********
 **   13 **FIX           15
 **********
 PARAMETER   15  IS CONSTANT.   IGNORED.
 **********
 **   14 **FIX           16
 **********
 **********
 **   15 **MIGRAD
 **********
 FIRST CALL TO USER FUNCTION AT NEW START POINT, WITH IFLAG=4.
 START MIGRAD MINIMIZATION.  STRATEGY  1.  CONVERGENCE WHEN EDM .LT. 1.00e-04
 FCN=6789.16 FROM MIGRAD    STATUS=INITIATE      433 CALLS         434 TOTAL
                     EDM= unknown      STRATEGY= 1      NO ERROR MATRIX       
  EXT PARAMETER               CURRENT GUESS       STEP         FIRST   
  NO.   NAME      VALUE            ERROR          SIZE      DERIVATIVE 
   1  N0           3.09937e+06   1.00000e+02   0.00000e+00   3.04789e-02
   2  tau          6.44027e+01   constant   
   3  A0           3.49546e-01   1.00000e-04   0.00000e+00  -4.81601e+05
   4  phi          4.11716e+00   1.00000e-02   0.00000e+00   1.49903e+05
   5  R           -6.26367e+01   constant   
   6  alpha_CBO    0.00000e+00     fixed    
   7  w_CBO        2.32500e+00   constant   
   8  beta_CBO     0.00000e+00     fixed    
   9  alpha_2CBO   0.00000e+00     fixed    
  10  beta_2CBO    0.00000e+00     fixed    
  11  alpha_y      0.00000e+00     fixed    
  12  w_y          1.38860e+01   constant   
  13  beta_y       0.00000e+00     fixed    
  14  alpha_vw     0.00000e+00     fixed    
  15  w_vw         1.43404e+01   constant   
  16  beta_vw      0.00000e+00     fixed    
  17  LM          -1.31878e-04   constant   
  18  zeta_y       0.00000e+00   constant   
  19  zeta_vw      0.00000e+00   constant   
  20  T_CBO        1.00000e+02   1.00000e+00   0.00000e+00   0.00000e+00
  21  alpha_A0     0.00000e+00   1.00000e-04   0.00000e+00   1.02182e+02
  22  beta_A0      0.00000e+00   1.00000e-04   0.00000e+00  -1.15996e+02
  23  alpha_phi    0.00000e+00   1.00000e-04   0.00000e+00   2.03127e+02
  24  beta_phi     0.00000e+00   1.00000e-04   0.00000e+00  -3.54226e+01
 MIGRAD MINIMIZATION HAS CONVERGED.
 FCN=4911.81 FROM MIGRAD    STATUS=CONVERGED     770 CALLS         771 TOTAL
                     EDM=2.01051e-06    STRATEGY= 1  ERROR MATRIX UNCERTAINTY   1.7 per cent
  EXT PARAMETER                                   STEP         FIRST   
  NO.   NAME      VALUE            ERROR          SIZE      DERIVATIVE 
   1  N0           3.10518e+06   2.62425e+02  -8.40035e-02  -2.66524e-06
   2  tau          6.44027e+01   constant   
   3  A0           3.53251e-01   1.28403e-04   1.85791e-07  -3.93812e+00
   4  phi          4.10718e+00   4.05624e-04   9.28391e-07   7.52463e+00
   5  R           -6.26367e+01   constant   
   6  alpha_CBO    0.00000e+00     fixed    
   7  w_CBO        2.32500e+00   constant   
   8  beta_CBO     0.00000e+00     fixed    
   9  alpha_2CBO   0.00000e+00     fixed    
  10  beta_2CBO    0.00000e+00     fixed    
  11  alpha_y      0.00000e+00     fixed    
  12  w_y          1.38860e+01   constant   
  13  beta_y       0.00000e+00     fixed    
  14  alpha_vw     0.00000e+00     fixed    
  15  w_vw         1.43404e+01   constant   
  16  beta_vw      0.00000e+00     fixed    
  17  LM          -1.31878e-04   constant   
  18  zeta_y       0.00000e+00   constant   
  19  zeta_vw      0.00000e+00   constant   
  20  T_CBO        1.00000e+03   3.41984e+01  -2.52322e-03** at limit **
  21  alpha_A0     1.00000e-02   1.75279e-05  -3.96162e-04** at limit **
  22  beta_A0      5.06993e-03   6.41736e-04   7.54203e-05  -2.80696e-02
  23  alpha_phi    3.77484e-03   4.01782e-04  -5.68221e-05   1.20506e-02
  24  beta_phi    -1.00000e-02   3.40620e-05  -3.44138e-05** at limit **
 EXTERNAL ERROR MATRIX.    NDIM=  25    NPAR=  8    ERR DEF=1
  6.887e+04  1.278e-02  2.237e-02 -1.343e-02  5.098e-08  5.022e-02  2.492e-02 -5.082e-09 
  1.278e-02  1.649e-08  2.646e-08 -1.353e-09  2.820e-15  5.058e-08  2.201e-08  7.116e-16 
  2.237e-02  2.646e-08  1.645e-07  4.315e-08 -1.464e-13  1.700e-07  5.738e-08  1.919e-14 
 -1.343e-02 -1.353e-09  4.315e-08  1.519e-04  7.670e-13  2.711e-09  1.809e-08 -6.515e-14 
  5.098e-08  2.820e-15 -1.464e-13  7.670e-13  2.736e-16 -3.808e-14 -6.283e-14  2.734e-19 
  5.022e-02  5.058e-08  1.700e-07  2.711e-09 -3.808e-14  4.126e-07  7.006e-08  2.291e-14 
  2.492e-02  2.201e-08  5.738e-08  1.809e-08 -6.283e-14  7.006e-08  1.615e-07  8.809e-15 
 -5.082e-09  7.116e-16  1.919e-14 -6.515e-14  2.734e-19  2.291e-14  8.809e-15  1.599e-17 
 PARAMETER  CORRELATION COEFFICIENTS  
       NO.  GLOBAL      1      3      4     20     21     22     23     24
        1  0.39886   1.000  0.379  0.210 -0.004  0.012  0.298  0.236 -0.005
        3  0.69457   0.379  1.000  0.508 -0.001  0.001  0.613  0.427  0.001
        4  0.68297   0.210  0.508  1.000  0.009 -0.022  0.652  0.352  0.012
       20  0.01329  -0.004 -0.001  0.009  1.000  0.004  0.000  0.004 -0.001
       21  0.03148   0.012  0.001 -0.022  0.004  1.000 -0.004 -0.009  0.004
       22  0.73533   0.298  0.613  0.652  0.000 -0.004  1.000  0.271  0.009
       23  0.46867   0.236  0.427  0.352  0.004 -0.009  0.271  1.000  0.005
       24  0.01645  -0.005  0.001  0.012 -0.001  0.004  0.009  0.005  1.000
MINUIT - FIT ONLY 1-CBO + wiggle
 **********
 **   16 **RES 
 **********
                   PARAMETER   16  beta_vw RESTORED TO VARIABLE.
                   PARAMETER   14  alpha_vw RESTORED TO VARIABLE.
                   PARAMETER   13  beta_y RESTORED TO VARIABLE.
                   PARAMETER   11  alpha_y RESTORED TO VARIABLE.
                   PARAMETER   10  beta_2CBO RESTORED TO VARIABLE.
                   PARAMETER    9  alpha_2CBO RESTORED TO VARIABLE.
                   PARAMETER    8  beta_CBO RESTORED TO VARIABLE.
                   PARAMETER    6  alpha_CBO RESTORED TO VARIABLE.
 **********
 **   17 **FIX            8
 **********
 **********
 **   18 **FIX            9
 **********
 **********
 **   19 **FIX           11
 **********
 **********
 **   20 **FIX           12
 **********
 PARAMETER   12  IS CONSTANT.   IGNORED.
 **********
 **   21 **FIX           14
 **********
 **********
 **   22 **FIX           15
 **********
 PARAMETER   15  IS CONSTANT.   IGNORED.
 **********
 **   23 **FIX           16
 **********
 **********
 **   24 **MIGRAD
 **********
 START MIGRAD MINIMIZATION.  STRATEGY  1.  CONVERGENCE WHEN EDM .LT. 1.00e-04
 FCN=4911.81 FROM MIGRAD    STATUS=INITIATE       34 CALLS         805 TOTAL
                     EDM= unknown      STRATEGY= 1      NO ERROR MATRIX       
  EXT PARAMETER               CURRENT GUESS       STEP         FIRST   
  NO.   NAME      VALUE            ERROR          SIZE      DERIVATIVE 
   1  N0           3.10518e+06   2.62425e+02  -8.40035e-02  -2.44272e-06
   2  tau          6.44027e+01   constant   
   3  A0           3.53251e-01   1.28403e-04   1.85791e-07  -3.59911e+00
   4  phi          4.10718e+00   4.05624e-04   9.28391e-07   7.27464e+00
   5  R           -6.26367e+01   constant   
   6  alpha_CBO    0.00000e+00   1.00000e-03   1.00000e-03  -2.00312e+05
   7  w_CBO        2.32500e+00   constant   
   8  beta_CBO     0.00000e+00     fixed    
   9  alpha_2CBO   0.00000e+00     fixed    
  10  beta_2CBO    0.00000e+00   1.00000e-03   1.00000e-03   9.76206e+04
  11  alpha_y      0.00000e+00     fixed    
  12  w_y          1.38860e+01   constant   
  13  beta_y       0.00000e+00   1.00000e-03   1.00000e-03  -2.96351e+05
  14  alpha_vw     0.00000e+00     fixed    
  15  w_vw         1.43404e+01   constant   
  16  beta_vw      0.00000e+00     fixed    
  17  LM          -1.31878e-04   constant   
  18  zeta_y       0.00000e+00   constant   
  19  zeta_vw      0.00000e+00   constant   
  20  T_CBO        9.99999e+02   3.41984e+01  -2.52322e-03  -2.81978e-02
  21  alpha_A0     9.99998e-03   1.75279e-05  -3.96162e-04  -1.10230e+00
  22  beta_A0      5.06993e-03   6.41736e-04   7.54203e-05  -2.76426e-02
  23  alpha_phi    3.77484e-03   4.01782e-04  -5.68221e-05   1.30520e-02
  24  beta_phi    -9.99998e-03   3.40620e-05  -3.44138e-05   5.68778e-01
 MIGRAD MINIMIZATION HAS CONVERGED.
 FCN=4370.26 FROM MIGRAD    STATUS=CONVERGED     373 CALLS        1144 TOTAL
                     EDM=5.90896e-06    STRATEGY= 1  ERROR MATRIX UNCERTAINTY   8.1 per cent
  EXT PARAMETER                                   STEP         FIRST   
  NO.   NAME      VALUE            ERROR          SIZE      DERIVATIVE 
   1  N0           3.10644e+06   2.41435e+02   1.01532e+00  -1.77315e-05
   2  tau          6.44027e+01   constant   
   3  A0           3.54415e-01   1.06241e-04   2.34957e-08   1.28959e+01
   4  phi          4.11209e+00   3.51281e-04  -1.14997e-06  -4.66916e+00
   5  R           -6.26367e+01   constant   
   6  alpha_CBO    2.31527e-03   1.26235e-04   2.79571e-07   1.94026e+01
   7  w_CBO        2.32500e+00   constant   
   8  beta_CBO     0.00000e+00     fixed    
   9  alpha_2CBO   0.00000e+00     fixed    
  10  beta_2CBO   -2.50708e-04   1.08521e-04  -4.29120e-07  -1.28690e+01
  11  alpha_y      0.00000e+00     fixed    
  12  w_y          1.38860e+01   constant   
  13  beta_y       1.80625e-03   1.09061e-04  -2.63675e-07  -4.98853e+00
  14  alpha_vw     0.00000e+00     fixed    
  15  w_vw         1.43404e+01   constant   
  16  beta_vw      0.00000e+00     fixed    
  17  LM          -1.31878e-04   constant   
  18  zeta_y       0.00000e+00   constant   
  19  zeta_vw      0.00000e+00   constant   
  20  T_CBO        1.00000e+03   7.81162e+00  -1.09252e-06** at limit **
  21  alpha_A0     1.00000e-02   4.04683e-06   4.02444e-06** at limit **
  22  beta_A0      1.00000e-02   7.85321e-05   4.76134e-05** at limit **
  23  alpha_phi    8.34513e-03   4.27668e-04   1.32371e-04  -3.12227e-04
  24  beta_phi    -1.00000e-02   7.87423e-06  -2.33699e-05** at limit **
 EXTERNAL ERROR MATRIX.    NDIM=  25    NPAR= 11    ERR DEF=1
  5.829e+04 
  8.234e-03  1.129e-08 
  3.293e-03  1.045e-08  1.234e-07 
  5.688e-03  3.932e-09  2.014e-08  1.594e-08 
 -9.400e-04  3.170e-10  2.036e-09 -1.534e-10  1.178e-08 
 -3.088e-04 -2.279e-10  4.336e-10  1.009e-10 -4.046e-10  1.189e-08 
 -1.102e-03 -1.605e-10 -8.677e-11 -3.405e-11  6.725e-12  1.831e-10  8.855e-07 
 -6.970e-09 -8.682e-16 -6.887e-15 -3.952e-16 -1.843e-15  1.854e-15  2.873e-15  3.676e-18 
 -1.313e-06  5.824e-13  2.656e-13  8.476e-13  1.543e-13 -2.207e-13  9.243e-13  1.274e-17  2.091e-14 
  2.249e-02  1.830e-08  6.018e-08  2.413e-08 -4.318e-09  2.456e-10  3.406e-09  4.652e-14  2.138e-12  1.833e-07 
 -4.551e-08 -5.645e-15  8.077e-14 -1.444e-15  2.578e-14 -5.818e-17 -8.749e-15 -1.377e-19 -5.363e-17 -1.921e-13  5.197e-17 
 PARAMETER  CORRELATION COEFFICIENTS  
       NO.  GLOBAL      1      3      4      6     10     13     20     21     22     23     24
        1  0.36719   1.000  0.321  0.039  0.187 -0.036 -0.012 -0.005 -0.015 -0.038  0.218 -0.026
        3  0.49764   0.321  1.000  0.280  0.293  0.027 -0.020 -0.002 -0.004  0.038  0.402 -0.007
        4  0.53130   0.039  0.280  1.000  0.454  0.053  0.011 -0.000 -0.010  0.005  0.400  0.032
        6  0.55335   0.187  0.293  0.454  1.000 -0.011  0.007 -0.000 -0.002  0.046  0.447 -0.002
       10  0.15532  -0.036  0.027  0.053 -0.011  1.000 -0.034  0.000 -0.009  0.010 -0.093  0.033
       13  0.04745  -0.012 -0.020  0.011  0.007 -0.034  1.000  0.002  0.009 -0.014  0.005 -0.000
       20  0.01409  -0.005 -0.002 -0.000 -0.000  0.000  0.002  1.000  0.002  0.007  0.008 -0.001
       21  0.08890  -0.015 -0.004 -0.010 -0.002 -0.009  0.009  0.002  1.000  0.046  0.057 -0.010
       22  0.10947  -0.038  0.038  0.005  0.046  0.010 -0.014  0.007  0.046  1.000  0.035 -0.051
       23  0.57912   0.218  0.402  0.400  0.447 -0.093  0.005  0.008  0.057  0.035  1.000 -0.062
       24  0.10518  -0.026 -0.007  0.032 -0.002  0.033 -0.000 -0.001 -0.010 -0.051 -0.062  1.000
MINUIT - FIT ONLY 2-CBO
 **********
 **   25 **RES 
 **********
                   PARAMETER   16  beta_vw RESTORED TO VARIABLE.
                   PARAMETER   14  alpha_vw RESTORED TO VARIABLE.
                   PARAMETER   11  alpha_y RESTORED TO VARIABLE.
                   PARAMETER    9  alpha_2CBO RESTORED TO VARIABLE.
                   PARAMETER    8  beta_CBO RESTORED TO VARIABLE.
 **********
 **   26 **FIX            0
 **********
 PARAMETER    0  IS UNDEFINED. IGNORED.
 **********
 **   27 **FIX            1
 **********
 **********
 **   28 **FIX            2
 **********
 PARAMETER    2  IS CONSTANT.   IGNORED.
 **********
 **   29 **FIX            3
 **********
 **********
 **   30 **FIX            4
 **********
 **********
 **   31 **FIX            5
 **********
 PARAMETER    5  IS CONSTANT.   IGNORED.
 **********
 **   32 **FIX            6
 **********
 **********
 **   33 **FIX            7
 **********
 PARAMETER    7  IS CONSTANT.   IGNORED.
 **********
 **   34 **FIX           10
 **********
 **********
 **   35 **FIX           11
 **********
 **********
 **   36 **FIX           12
 **********
 PARAMETER   12  IS CONSTANT.   IGNORED.
 **********
 **   37 **FIX           13
 **********
 **********
 **   38 **FIX           14
 **********
 **********
 **   39 **FIX           15
 **********
 PARAMETER   15  IS CONSTANT.   IGNORED.
 **********
 **   40 **FIX           16
 **********
 **********
 **   41 **MIGRAD
 **********
 START MIGRAD MINIMIZATION.  STRATEGY  1.  CONVERGENCE WHEN EDM .LT. 1.00e-04
 FCN=4370.26 FROM MIGRAD    STATUS=INITIATE       26 CALLS        1170 TOTAL
                     EDM= unknown      STRATEGY= 1      NO ERROR MATRIX       
  EXT PARAMETER               CURRENT GUESS       STEP         FIRST   
  NO.   NAME      VALUE            ERROR          SIZE      DERIVATIVE 
   1  N0           3.10644e+06     fixed    
   2  tau          6.44027e+01   constant   
   3  A0           3.54415e-01     fixed    
   4  phi          4.11209e+00     fixed    
   5  R           -6.26367e+01   constant   
   6  alpha_CBO    2.31527e-03     fixed    
   7  w_CBO        2.32500e+00   constant   
   8  beta_CBO     0.00000e+00   1.00000e-03   1.00000e-03  -1.05312e+06
   9  alpha_2CBO   0.00000e+00   1.00000e-03   1.00000e-03  -8.46389e+04
  10  beta_2CBO   -2.50708e-04     fixed    
  11  alpha_y      0.00000e+00     fixed    
  12  w_y          1.38860e+01   constant   
  13  beta_y       1.80625e-03     fixed    
  14  alpha_vw     0.00000e+00     fixed    
  15  w_vw         1.43404e+01   constant   
  16  beta_vw      0.00000e+00     fixed    
  17  LM          -1.31878e-04   constant   
  18  zeta_y       0.00000e+00   constant   
  19  zeta_vw      0.00000e+00   constant   
  20  T_CBO        9.99999e+02   7.81162e+00  -1.09252e-06  -3.06701e-02
  21  alpha_A0     9.99998e-03   4.04683e-06   4.02444e-06  -1.12447e+00
  22  beta_A0      9.99998e-03   7.85321e-05   4.76134e-05  -2.38161e-01
  23  alpha_phi    8.34513e-03   4.27668e-04   1.32371e-04   1.52119e-04
  24  beta_phi    -9.99998e-03   7.87423e-06  -2.33699e-05   4.56093e-01
 MIGRAD MINIMIZATION HAS CONVERGED.
 MIGRAD WILL VERIFY CONVERGENCE AND ERROR MATRIX.
 COVARIANCE MATRIX CALCULATED SUCCESSFULLY
 FCN=803.992 FROM MIGRAD    STATUS=CONVERGED     364 CALLS        1508 TOTAL
                     EDM=1.38984e-06    STRATEGY= 1      ERROR MATRIX ACCURATE 
  EXT PARAMETER                                   STEP         FIRST   
  NO.   NAME      VALUE            ERROR          SIZE      DERIVATIVE 
   1  N0           3.10644e+06     fixed    
   2  tau          6.44027e+01   constant   
   3  A0           3.54415e-01     fixed    
   4  phi          4.11209e+00     fixed    
   5  R           -6.26367e+01   constant   
   6  alpha_CBO    2.31527e-03     fixed    
   7  w_CBO        2.32500e+00   constant   
   8  beta_CBO     6.80496e-03   1.14512e-04   1.56440e-06   1.02822e+01
   9  alpha_2CBO   1.83306e-04   1.16871e-04   1.55693e-06  -6.30531e+00
  10  beta_2CBO   -2.50708e-04     fixed    
  11  alpha_y      0.00000e+00     fixed    
  12  w_y          1.38860e+01   constant   
  13  beta_y       1.80625e-03     fixed    
  14  alpha_vw     0.00000e+00     fixed    
  15  w_vw         1.43404e+01   constant   
  16  beta_vw      0.00000e+00     fixed    
  17  LM          -1.31878e-04   constant   
  18  zeta_y       0.00000e+00   constant   
  19  zeta_vw      0.00000e+00   constant   
  20  T_CBO        1.00000e+03   3.70216e+01   5.36467e-03** at limit **
  21  alpha_A0     1.00000e-02   1.29606e-05   7.05405e-04** at limit **
  22  beta_A0      1.00000e-02   2.03937e-04   2.80274e-03** at limit **
  23  alpha_phi    8.87823e-03   3.61406e-04   1.07004e-03   1.37272e-03
  24  beta_phi    -7.82577e-03   4.47036e-04   9.32373e-04  -9.83803e-03
 EXTERNAL ERROR MATRIX.    NDIM=  25    NPAR=  7    ERR DEF=1
  1.311e-08 -4.550e-10 -1.024e-12 -1.308e-17  3.876e-16  4.244e-10  7.341e-09 
 -4.550e-10  1.366e-08 -2.684e-12 -4.653e-17  2.594e-15 -2.442e-10  1.365e-08 
 -1.024e-12 -2.684e-12  2.321e-06  1.741e-18 -8.188e-17  1.900e-10 -1.521e-10 
 -1.308e-17 -4.653e-17  1.741e-18  3.341e-17  7.156e-23 -2.360e-16  1.023e-16 
  3.876e-16  2.594e-15 -8.188e-17  7.156e-23  6.385e-16  4.923e-15  6.014e-15 
  4.244e-10 -2.442e-10  1.900e-10 -2.360e-16  4.923e-15  1.309e-07 -2.881e-08 
  7.341e-09  1.365e-08 -1.521e-10  1.023e-16  6.014e-15 -2.881e-08  2.002e-07 
 PARAMETER  CORRELATION COEFFICIENTS  
       NO.  GLOBAL      8      9     20     21     22     23     24
        8  0.16602   1.000 -0.034 -0.000 -0.000  0.000  0.010  0.143
        9  0.27446  -0.034  1.000 -0.000 -0.000  0.001 -0.006  0.261
       20  0.00038  -0.000 -0.000  1.000  0.000 -0.000  0.000 -0.000
       21  0.00014  -0.000 -0.000  0.000  1.000  0.000 -0.000  0.000
       22  0.00112   0.000  0.001 -0.000  0.000  1.000  0.001  0.001
       23  0.18710   0.010 -0.006  0.000 -0.000  0.001  1.000 -0.178
       24  0.35078   0.143  0.261 -0.000  0.000  0.001 -0.178  1.000
MINUIT - FIT wiggle + 1-CBO + 2-CBO
 **********
 **   42 **RES 
 **********
                   PARAMETER   16  beta_vw RESTORED TO VARIABLE.
                   PARAMETER   14  alpha_vw RESTORED TO VARIABLE.
                   PARAMETER   13  beta_y RESTORED TO VARIABLE.
                   PARAMETER   11  alpha_y RESTORED TO VARIABLE.
                   PARAMETER   10  beta_2CBO RESTORED TO VARIABLE.
                   PARAMETER    6  alpha_CBO RESTORED TO VARIABLE.
                   PARAMETER    4  phi RESTORED TO VARIABLE.
                   PARAMETER    3  A0 RESTORED TO VARIABLE.
                   PARAMETER    1  N0 RESTORED TO VARIABLE.
 **********
 **   43 **FIX           10
 **********
 **********
 **   44 **FIX           11
 **********
 **********
 **   45 **FIX           12
 **********
 PARAMETER   12  IS CONSTANT.   IGNORED.
 **********
 **   46 **FIX           13
 **********
 **********
 **   47 **FIX           14
 **********
 **********
 **   48 **FIX           15
 **********
 PARAMETER   15  IS CONSTANT.   IGNORED.
 **********
 **   49 **FIX           16
 **********
 **********
 **   50 **MIGRAD
 **********
 START MIGRAD MINIMIZATION.  STRATEGY  1.  CONVERGENCE WHEN EDM .LT. 1.00e-04
 FCN=803.992 FROM MIGRAD    STATUS=INITIATE       36 CALLS        1544 TOTAL
                     EDM= unknown      STRATEGY= 1      NO ERROR MATRIX       
  EXT PARAMETER               CURRENT GUESS       STEP         FIRST   
  NO.   NAME      VALUE            ERROR          SIZE      DERIVATIVE 
   1  N0           3.10644e+06   2.41435e+02   2.41435e+02  -9.81352e-03
   2  tau          6.44027e+01   constant   
   3  A0           3.54415e-01   1.06241e-04   1.06241e-04   3.43233e+05
   4  phi          4.11209e+00   3.51281e-04   3.51281e-04  -6.05765e+04
   5  R           -6.26367e+01   constant   
   6  alpha_CBO    2.31527e-03   1.26235e-04   1.26235e-04  -1.64320e+04
   7  w_CBO        2.32500e+00   constant   
   8  beta_CBO     6.80496e-03   1.14512e-04   1.56440e-06   1.03248e+01
   9  alpha_2CBO   1.83306e-04   1.16871e-04   1.55693e-06  -6.23959e+00
  10  beta_2CBO   -2.50708e-04     fixed    
  11  alpha_y      0.00000e+00     fixed    
  12  w_y          1.38860e+01   constant   
  13  beta_y       1.80625e-03     fixed    
  14  alpha_vw     0.00000e+00     fixed    
  15  w_vw         1.43404e+01   constant   
  16  beta_vw      0.00000e+00     fixed    
  17  LM          -1.31878e-04   constant   
  18  zeta_y       0.00000e+00   constant   
  19  zeta_vw      0.00000e+00   constant   
  20  T_CBO        9.99999e+02   3.70216e+01   5.36467e-03  -2.60501e-02
  21  alpha_A0     9.99998e-03   1.29606e-05   7.05405e-04  -1.50664e+00
  22  beta_A0      9.99998e-03   2.03937e-04   2.80274e-03  -9.54452e-02
  23  alpha_phi    8.87823e-03   3.61406e-04   1.07004e-03   1.48757e-03
  24  beta_phi    -7.82577e-03   4.47036e-04   9.32373e-04  -9.81835e-03
 MIGRAD MINIMIZATION HAS CONVERGED.
 MIGRAD WILL VERIFY CONVERGENCE AND ERROR MATRIX.
 COVARIANCE MATRIX CALCULATED SUCCESSFULLY
 FCN=310.562 FROM MIGRAD    STATUS=CONVERGED    1776 CALLS        3284 TOTAL
                     EDM=3.46995e-05    STRATEGY= 1      ERROR MATRIX ACCURATE 
  EXT PARAMETER                                   STEP         FIRST   
  NO.   NAME      VALUE            ERROR          SIZE      DERIVATIVE 
   1  N0           3.09634e+06   3.73359e+02   2.07983e+00  -3.75040e-06
   2  tau          6.44027e+01   constant   
   3  A0           3.48833e-01   2.16587e-04   7.99402e-07  -1.33298e+01
   4  phi          4.11887e+00   6.09783e-04   2.70549e-06  -8.87759e-01
   5  R           -6.26367e+01   constant   
   6  alpha_CBO    1.92634e-03   1.73976e-04   9.29314e-07   1.58648e+00
   7  w_CBO        2.32500e+00   constant   
   8  beta_CBO     9.08670e-03   1.21881e-04   9.73109e-07   5.86414e+00
   9  alpha_2CBO  -8.72415e-05   1.23963e-04   9.68347e-07  -1.71092e+00
  10  beta_2CBO   -2.50708e-04     fixed    
  11  alpha_y      0.00000e+00     fixed    
  12  w_y          1.38860e+01   constant   
  13  beta_y       1.80625e-03     fixed    
  14  alpha_vw     0.00000e+00     fixed    
  15  w_vw         1.43404e+01   constant   
  16  beta_vw      0.00000e+00     fixed    
  17  LM          -1.31878e-04   constant   
  18  zeta_y       0.00000e+00   constant   
  19  zeta_vw      0.00000e+00   constant   
  20  T_CBO        9.99824e+02   5.32060e+02   6.03308e-02  -1.14523e-03
  21  alpha_A0    -5.80603e-03   7.53991e-04   4.85814e-04  -2.41743e-03
  22  beta_A0     -7.15918e-04   9.76335e-04   3.96437e-04  -3.37053e-02
  23  alpha_phi   -2.25916e-03   6.41173e-04   3.19606e-04  -1.59792e-03
  24  beta_phi     1.00000e-02   3.71214e-03   7.86037e-03** at limit **
 EXTERNAL ERROR MATRIX.    NDIM=  25    NPAR= 11    ERR DEF=1
  1.394e+05 
  5.583e-02  4.691e-08 
  7.465e-02  8.080e-08  3.718e-07 
  2.690e-02  2.402e-08  7.624e-08  3.027e-08 
 -8.456e-03 -8.602e-09 -6.839e-09 -3.054e-09  1.485e-08 
  8.132e-03  5.428e-09 -7.474e-09  5.888e-10 -2.328e-09  1.537e-08 
  2.190e+02  8.954e-05 -1.281e-04  3.493e-06 -3.433e-05  8.905e-06  8.080e+03 
 -1.818e-01 -9.475e-08 -2.068e-08 -2.585e-08  1.624e-08 -3.332e-08 -2.588e-04  5.701e-07 
 -2.162e-01 -1.734e-07 -4.413e-07 -1.125e-07  2.617e-08 -4.927e-09 -1.902e-04  3.139e-07  9.563e-07 
  1.455e-01  1.068e-07  2.252e-07  7.279e-08 -1.488e-08  1.465e-08  1.634e-04 -2.592e-07 -4.192e-07  4.117e-07 
  9.938e-05  3.865e-11 -6.551e-11  6.775e-13 -1.568e-11  3.734e-12 -6.127e-10 -2.136e-10 -9.142e-11  1.056e-10  3.213e-11 
 PARAMETER  CORRELATION COEFFICIENTS  
       NO.  GLOBAL      1      3      4      6      8      9     20     21     22     23     24
        1  0.76258   1.000  0.690  0.328  0.414 -0.186  0.176  0.007 -0.645 -0.592  0.608  0.047
        3  0.90366   0.690  1.000  0.612  0.638 -0.326  0.202  0.005 -0.579 -0.819  0.769  0.031
        4  0.85732   0.328  0.612  1.000  0.719 -0.092 -0.099 -0.002 -0.045 -0.740  0.576 -0.019
        6  0.78478   0.414  0.638  0.719  1.000 -0.144  0.027  0.000 -0.197 -0.661  0.652  0.001
        8  0.37662  -0.186 -0.326 -0.092 -0.144  1.000 -0.154 -0.003  0.176  0.220 -0.190 -0.023
        9  0.42253   0.176  0.202 -0.099  0.027 -0.154  1.000  0.001 -0.356 -0.041  0.184  0.005
       20  0.00969   0.007  0.005 -0.002  0.000 -0.003  0.001  1.000 -0.004 -0.002  0.003 -0.000
       21  0.79403  -0.645 -0.579 -0.045 -0.197  0.176 -0.356 -0.004  1.000  0.425 -0.535 -0.050
       22  0.88311  -0.592 -0.819 -0.740 -0.661  0.220 -0.041 -0.002  0.425  1.000 -0.668 -0.016
       23  0.82645   0.608  0.769  0.576  0.652 -0.190  0.184  0.003 -0.535 -0.668  1.000  0.029
       24  0.06883   0.047  0.031 -0.019  0.001 -0.023  0.005 -0.000 -0.050 -0.016  0.029  1.000
MINUIT - FIT ONLY 1-y
 **********
 **   51 **RES 
 **********
                   PARAMETER   16  beta_vw RESTORED TO VARIABLE.
                   PARAMETER   14  alpha_vw RESTORED TO VARIABLE.
                   PARAMETER   13  beta_y RESTORED TO VARIABLE.
                   PARAMETER   11  alpha_y RESTORED TO VARIABLE.
                   PARAMETER   10  beta_2CBO RESTORED TO VARIABLE.
 **********
 **   52 **FIX            0
 **********
 PARAMETER    0  IS UNDEFINED. IGNORED.
 **********
 **   53 **FIX            1
 **********
 **********
 **   54 **FIX            2
 **********
 PARAMETER    2  IS CONSTANT.   IGNORED.
 **********
 **   55 **FIX            3
 **********
 **********
 **   56 **FIX            4
 **********
 **********
 **   57 **FIX            5
 **********
 PARAMETER    5  IS CONSTANT.   IGNORED.
 **********
 **   58 **FIX            6
 **********
 **********
 **   59 **FIX            7
 **********
 PARAMETER    7  IS CONSTANT.   IGNORED.
 **********
 **   60 **FIX            8
 **********
 **********
 **   61 **FIX            9
 **********
 **********
 **   62 **FIX           13
 **********
 **********
 **   63 **FIX           14
 **********
 **********
 **   64 **FIX           15
 **********
 PARAMETER   15  IS CONSTANT.   IGNORED.
 **********
 **   65 **FIX           16
 **********
 **********
 **   66 **MIGRAD
 **********
 START MIGRAD MINIMIZATION.  STRATEGY  1.  CONVERGENCE WHEN EDM .LT. 1.00e-04
 FCN=310.562 FROM MIGRAD    STATUS=INITIATE       16 CALLS        3300 TOTAL
                     EDM= unknown      STRATEGY= 1      NO ERROR MATRIX       
  EXT PARAMETER               CURRENT GUESS       STEP         FIRST   
  NO.   NAME      VALUE            ERROR          SIZE      DERIVATIVE 
   1  N0           3.09634e+06     fixed    
   2  tau          6.44027e+01   constant   
   3  A0           3.48833e-01     fixed    
   4  phi          4.11887e+00     fixed    
   5  R           -6.26367e+01   constant   
   6  alpha_CBO    1.92634e-03     fixed    
   7  w_CBO        2.32500e+00   constant   
   8  beta_CBO     9.08670e-03     fixed    
   9  alpha_2CBO  -8.72415e-05     fixed    
  10  beta_2CBO   -2.50708e-04   1.08521e-04   1.08521e-04  -1.66830e+04
  11  alpha_y      0.00000e+00   1.00000e-03   1.00000e-03  -2.01735e+05
  12  w_y          1.38860e+01   constant   
  13  beta_y       1.80625e-03     fixed    
  14  alpha_vw     0.00000e+00     fixed    
  15  w_vw         1.43404e+01   constant   
  16  beta_vw      0.00000e+00     fixed    
  17  LM          -1.31878e-04   constant   
  18  zeta_y       0.00000e+00   constant   
  19  zeta_vw      0.00000e+00   constant   
  20  T_CBO        9.99824e+02   5.32060e+02   6.03308e-02  -1.16017e-03
  21  alpha_A0    -5.80603e-03   7.53991e-04   4.85814e-04   2.46820e-03
  22  beta_A0     -7.15918e-04   9.76335e-04   3.96437e-04   3.37108e-02
  23  alpha_phi   -2.25916e-03   6.41173e-04   3.19606e-04  -1.58136e-03
  24  beta_phi     1.00000e-02   3.71214e-03   7.86037e-03** at limit **
 MIGRAD MINIMIZATION HAS CONVERGED.
 MIGRAD WILL VERIFY CONVERGENCE AND ERROR MATRIX.
 COVARIANCE MATRIX CALCULATED SUCCESSFULLY
 FCN=181.863 FROM MIGRAD    STATUS=CONVERGED     147 CALLS        3431 TOTAL
                     EDM=1.33069e-06    STRATEGY= 1      ERROR MATRIX ACCURATE 
  EXT PARAMETER                                   STEP         FIRST   
  NO.   NAME      VALUE            ERROR          SIZE      DERIVATIVE 
   1  N0           3.09634e+06     fixed    
   2  tau          6.44027e+01   constant   
   3  A0           3.48833e-01     fixed    
   4  phi          4.11887e+00     fixed    
   5  R           -6.26367e+01   constant   
   6  alpha_CBO    1.92634e-03     fixed    
   7  w_CBO        2.32500e+00   constant   
   8  beta_CBO     9.08670e-03     fixed    
   9  alpha_2CBO  -8.72415e-05     fixed    
  10  beta_2CBO   -9.93469e-05   1.13194e-04   7.15170e-07   5.67148e+00
  11  alpha_y      1.26338e-03   1.11754e-04   7.37032e-07  -6.43994e+00
  12  w_y          1.38860e+01   constant   
  13  beta_y       1.80625e-03     fixed    
  14  alpha_vw     0.00000e+00     fixed    
  15  w_vw         1.43404e+01   constant   
  16  beta_vw      0.00000e+00     fixed    
  17  LM          -1.31878e-04   constant   
  18  zeta_y       0.00000e+00   constant   
  19  zeta_vw      0.00000e+00   constant   
  20  T_CBO        9.99998e+02   1.22928e+02   3.81688e-02  -1.56829e-04
  21  alpha_A0    -5.76305e-03   4.83107e-04   3.70893e-04  -8.73164e-03
  22  beta_A0     -6.54310e-04   4.83947e-04   3.03592e-04  -1.28186e-02
  23  alpha_phi   -2.41519e-03   3.78297e-04   2.45812e-04  -7.93552e-03
  24  beta_phi     1.00000e-02   1.42218e-02   5.44821e-03** at limit **
 EXTERNAL ERROR MATRIX.    NDIM=  25    NPAR=  7    ERR DEF=1
  1.281e-08  4.410e-10 -8.047e-08  3.087e-09  1.467e-08 -5.122e-09 -3.893e-12 
  4.410e-10  1.249e-08  1.431e-08  1.907e-10 -5.906e-10 -1.111e-09  7.228e-13 
 -8.047e-08  1.431e-08  8.924e-01 -9.367e-07 -9.995e-08 -4.271e-08 -1.750e-09 
  3.087e-09  1.907e-10 -9.367e-07  2.337e-07  4.102e-08  4.638e-08  2.768e-11 
  1.467e-08 -5.906e-10 -9.995e-08  4.102e-08  2.344e-07 -1.362e-08  5.972e-12 
 -5.122e-09 -1.111e-09 -4.271e-08  4.638e-08 -1.362e-08  1.432e-07  3.000e-11 
 -3.893e-12  7.228e-13 -1.750e-09  2.768e-11  5.972e-12  3.000e-11  1.147e-11 
 PARAMETER  CORRELATION COEFFICIENTS  
       NO.  GLOBAL     10     11     20     21     22     23     24
       10  0.29050   1.000  0.035 -0.001  0.056  0.268 -0.120 -0.010
       11  0.04845   0.035  1.000  0.000  0.004 -0.011 -0.026  0.002
       20  0.00227  -0.001  0.000  1.000 -0.002 -0.000 -0.000 -0.001
       21  0.32229   0.056  0.004 -0.002  1.000  0.175  0.254  0.017
       22  0.32506   0.268 -0.011 -0.000  0.175  1.000 -0.074  0.004
       23  0.30176  -0.120 -0.026 -0.000  0.254 -0.074  1.000  0.023
       24  0.02805  -0.010  0.002 -0.001  0.017  0.004  0.023  1.000
MINUIT - FIT ONLY 2-y
 **********
 **   67 **RES 
 **********
                   PARAMETER   16  beta_vw RESTORED TO VARIABLE.
                   PARAMETER   14  alpha_vw RESTORED TO VARIABLE.
                   PARAMETER   13  beta_y RESTORED TO VARIABLE.
                   PARAMETER    9  alpha_2CBO RESTORED TO VARIABLE.
                   PARAMETER    8  beta_CBO RESTORED TO VARIABLE.
                   PARAMETER    6  alpha_CBO RESTORED TO VARIABLE.
                   PARAMETER    4  phi RESTORED TO VARIABLE.
                   PARAMETER    3  A0 RESTORED TO VARIABLE.
                   PARAMETER    1  N0 RESTORED TO VARIABLE.
 **********
 **   68 **FIX            0
 **********
 PARAMETER    0  IS UNDEFINED. IGNORED.
 **********
 **   69 **FIX            1
 **********
 **********
 **   70 **FIX            2
 **********
 PARAMETER    2  IS CONSTANT.   IGNORED.
 **********
 **   71 **FIX            3
 **********
 **********
 **   72 **FIX            4
 **********
 **********
 **   73 **FIX            5
 **********
 PARAMETER    5  IS CONSTANT.   IGNORED.
 **********
 **   74 **FIX            6
 **********
 **********
 **   75 **FIX            7
 **********
 PARAMETER    7  IS CONSTANT.   IGNORED.
 **********
 **   76 **FIX            8
 **********
 **********
 **   77 **FIX            9
 **********
 **********
 **   78 **FIX           10
 **********
 **********
 **   79 **FIX           11
 **********
 **********
 **   80 **FIX           12
 **********
 PARAMETER   12  IS CONSTANT.   IGNORED.
 **********
 **   81 **FIX           16
 **********
 **********
 **   82 **MIGRAD
 **********
 START MIGRAD MINIMIZATION.  STRATEGY  1.  CONVERGENCE WHEN EDM .LT. 1.00e-04
 FCN=181.857 FROM MIGRAD    STATUS=INITIATE       42 CALLS        3473 TOTAL
                     EDM= unknown      STRATEGY= 1      NO ERROR MATRIX       
  EXT PARAMETER               CURRENT GUESS       STEP         FIRST   
  NO.   NAME      VALUE            ERROR          SIZE      DERIVATIVE 
   1  N0           3.09634e+06     fixed    
   2  tau          6.44027e+01   constant   
   3  A0           3.48833e-01     fixed    
   4  phi          4.11887e+00     fixed    
   5  R           -6.26367e+01   constant   
   6  alpha_CBO    1.92634e-03     fixed    
   7  w_CBO        2.32500e+00   constant   
   8  beta_CBO     9.08670e-03     fixed    
   9  alpha_2CBO  -8.72415e-05     fixed    
  10  beta_2CBO   -9.93469e-05     fixed    
  11  alpha_y      1.26338e-03     fixed    
  12  w_y          1.38860e+01   constant   
  13  beta_y       1.80625e-03   1.09061e-04   0.00000e+00  -2.55389e+04
  14  alpha_vw     0.00000e+00   1.00000e-03   0.00000e+00   1.27550e+05
  15  w_vw         1.43404e+01   constant   
  16  beta_vw      0.00000e+00     fixed    
  17  LM          -1.31878e-04   constant   
  18  zeta_y       0.00000e+00   constant   
  19  zeta_vw      0.00000e+00   constant   
  20  T_CBO        9.18924e+02   1.22928e+02  -5.74829e-01   2.45186e-03
  21  alpha_A0    -5.76305e-03   4.83107e-04   0.00000e+00   8.19860e-01
  22  beta_A0     -6.54310e-04   4.83947e-04   0.00000e+00  -1.89783e-01
  23  alpha_phi   -2.41519e-03   3.78297e-04   0.00000e+00  -2.34650e-01
  24  beta_phi     9.99998e-03   1.42218e-02   0.00000e+00  -6.65716e-04
 MIGRAD MINIMIZATION HAS CONVERGED.
 MIGRAD WILL VERIFY CONVERGENCE AND ERROR MATRIX.
 COVARIANCE MATRIX CALCULATED SUCCESSFULLY
 FCN=125.799 FROM MIGRAD    STATUS=CONVERGED     267 CALLS        3698 TOTAL
                     EDM=4.72038e-07    STRATEGY= 1      ERROR MATRIX ACCURATE 
  EXT PARAMETER                                   STEP         FIRST   
  NO.   NAME      VALUE            ERROR          SIZE      DERIVATIVE 
   1  N0           3.09634e+06     fixed    
   2  tau          6.44027e+01   constant   
   3  A0           3.48833e-01     fixed    
   4  phi          4.11887e+00     fixed    
   5  R           -6.26367e+01   constant   
   6  alpha_CBO    1.92634e-03     fixed    
   7  w_CBO        2.32500e+00   constant   
   8  beta_CBO     9.08670e-03     fixed    
   9  alpha_2CBO  -8.72415e-05     fixed    
  10  beta_2CBO   -9.93469e-05     fixed    
  11  alpha_y      1.26338e-03     fixed    
  12  w_y          1.38860e+01   constant   
  13  beta_y       1.49173e-03   1.26303e-04   5.99556e-07  -3.39885e+00
  14  alpha_vw    -9.41983e-04   1.28048e-04   6.07190e-07  -2.03787e+00
  15  w_vw         1.43404e+01   constant   
  16  beta_vw      0.00000e+00     fixed    
  17  LM          -1.31878e-04   constant   
  18  zeta_y       0.00000e+00   constant   
  19  zeta_vw      0.00000e+00   constant   
  20  T_CBO        9.99688e+02   7.19605e+02   6.99890e-02   4.47578e-04
  21  alpha_A0    -5.76938e-03   4.91542e-04   3.08919e-04   1.93168e-03
  22  beta_A0     -5.30140e-04   4.68501e-04   2.52598e-04   5.57317e-03
  23  alpha_phi   -2.41654e-03   3.86025e-04   2.04694e-04  -7.49935e-03
  24  beta_phi     9.81257e-03   4.31678e-04   1.21615e-03  -3.11876e-04
 EXTERNAL ERROR MATRIX.    NDIM=  25    NPAR=  7    ERR DEF=1
  1.595e-08  8.126e-09 -6.134e-11 -4.685e-11  7.484e-10  5.007e-10  9.040e-10 
  8.126e-09  1.640e-08  6.860e-10  1.821e-10 -1.765e-09  2.098e-10 -2.263e-09 
 -6.134e-11  6.860e-10  6.239e+02  1.136e-06  1.211e-07  4.450e-07  1.880e-06 
 -4.685e-11  1.821e-10  1.136e-06  2.419e-07  4.060e-08  5.566e-08  3.839e-08 
  7.484e-10 -1.765e-09  1.211e-07  4.060e-08  2.197e-07 -5.002e-09  1.461e-08 
  5.007e-10  2.098e-10  4.450e-07  5.566e-08 -5.002e-09  1.491e-07  3.821e-08 
  9.040e-10 -2.263e-09  1.880e-06  3.839e-08  1.461e-08  3.821e-08  1.895e-07 
 PARAMETER  CORRELATION COEFFICIENTS  
       NO.  GLOBAL     13     14     20     21     22     23     24
       13  0.50460   1.000  0.502 -0.000 -0.001  0.013  0.010  0.016
       14  0.50618   0.502  1.000  0.000  0.003 -0.029  0.004 -0.041
       20  0.00018  -0.000  0.000  1.000  0.000  0.000  0.000  0.000
       21  0.36120  -0.001  0.003  0.000  1.000  0.176  0.293  0.179
       22  0.20697   0.013 -0.029  0.000  0.176  1.000 -0.028  0.072
       23  0.35393   0.010  0.004  0.000  0.293 -0.028  1.000  0.227
       24  0.26806   0.016 -0.041  0.000  0.179  0.072  0.227  1.000
MINUIT - FIT ALTOGETHER
 **********
 **   83 **RES 
