 + ++++++++++++++++++++++++++++++++++++++++++++++++++++++++++++++++++++ +
 +                                                                      +
 +           You have chose to blind your fitting according to          +
 +                omega_ref * (1 + (R +/- deltaR) *10^{-6})             +
 +                                                                      +
 + ++++++++++++++++++++++++++++++++++++++++++++++++++++++++++++++++++++ +
In main()...
reading format from /gm2data/zkhechad/run45/envelope/formats/formatB_sBin_constraintOn.txt
pBinTau 	= 0  
pBinPhi 	= 0  
constraintau 	= 1 
includeMopTerm 	= 0    
constrainMop    = 0   
Parameters after format file: pBinTau 0 pBinPhi 0 constraintau 1 includeMopTerm 0 constrainMop 0 c_e_scale 0.000000 
Opening file /gm2data/tbarrett/gm2fr/studies/run23_bunch_corrections/CorrectedFourier_Run3b.root.
reading full fit data from /gm2data/zkhechad/cboTemplates/Run4CBOTemplates/templateFits0_v2.0/noRF/sBin_constraintOn_cE0.0_seed0_noRF_calo12.root
windowBins = 69
fitting sliding window 594 from bin 730 at 108.766800 to bin 799 at 119.210800 (69 bins)

Reading data from /gm2data/cornell/histograms/aMethod/histogram_a_noRF.root
 **********
 **    1 **SET PRINTOUT            1
 **********
 **********
 **    2 **SET NOWARNINGS 
 **********
 PARAMETER DEFINITIONS:
    NO.   NAME         VALUE      STEP SIZE      LIMITS
     1 N0           3.55039e+06  1.00000e+02     no limits
     2 tau          6.43775e+01  constant
     3 A0           3.53586e-01  1.00000e-04     no limits
     4 phi          4.11784e+00  1.00000e-02     no limits
     5 R           -5.99595e+01  constant
     6 alpha_CBO    0.00000e+00  1.00000e-03     no limits
     7 w_CBO        2.32500e+00  constant
     8 beta_CBO     0.00000e+00  1.00000e-03     no limits
     9 alpha_2CBO   0.00000e+00  1.00000e-03     no limits
    10 beta_2CBO    0.00000e+00  1.00000e-03     no limits
    11 alpha_y      0.00000e+00  1.00000e-03     no limits
    12 w_y          1.44500e+01  constant
    13 beta_y       0.00000e+00  1.00000e-03     no limits
    14 alpha_vw     0.00000e+00  1.00000e-03     no limits
    15 w_vw         1.29000e+01  constant
    16 beta_vw      0.00000e+00  1.00000e-03     no limits
    17 LM          -9.22867e-04  constant
    18 zeta_y       0.00000e+00  constant
    19 zeta_vw      0.00000e+00  constant
    20 T_CBO        1.00000e+02  1.00000e+00    0.00000e+00  1.00000e+03
    21 alpha_A0     0.00000e+00  1.00000e-03     no limits
    22 beta_A0      0.00000e+00  1.00000e-03     no limits
    23 alpha_phi    0.00000e+00  1.00000e-03     no limits
    24 beta_phi     0.00000e+00  1.00000e-03     no limits
MINUIT - FIT ONLY WIGGLE
 **********
 **    3 **FIX            5
 **********
 PARAMETER    5  IS CONSTANT.   IGNORED.
 **********
 **    4 **FIX            6
 **********
 **********
 **    5 **FIX            7
 **********
 PARAMETER    7  IS CONSTANT.   IGNORED.
 **********
 **    6 **FIX            8
 **********
 **********
 **    7 **FIX            9
 **********
 **********
 **    8 **FIX           10
 **********
 **********
 **    9 **FIX           11
 **********
 **********
 **   10 **FIX           12
 **********
 PARAMETER   12  IS CONSTANT.   IGNORED.
 **********
 **   11 **FIX           13
 **********
 **********
 **   12 **FIX           14
 **********
 **********
 **   13 **FIX           15
 **********
 PARAMETER   15  IS CONSTANT.   IGNORED.
 **********
 **   14 **FIX           16
 **********
 **********
 **   15 **MIGRAD
 **********
 FIRST CALL TO USER FUNCTION AT NEW START POINT, WITH IFLAG=4.
 START MIGRAD MINIMIZATION.  STRATEGY  1.  CONVERGENCE WHEN EDM .LT. 1.00e-04
 FCN=1472.81 FROM MIGRAD    STATUS=INITIATE      435 CALLS         436 TOTAL
                     EDM= unknown      STRATEGY= 1      NO ERROR MATRIX       
  EXT PARAMETER               CURRENT GUESS       STEP         FIRST   
  NO.   NAME      VALUE            ERROR          SIZE      DERIVATIVE 
   1  N0           3.55039e+06   1.00000e+02   0.00000e+00  -3.06280e-03
   2  tau          6.43775e+01   constant   
   3  A0           3.53586e-01   1.00000e-04   0.00000e+00   8.69189e+04
   4  phi          4.11784e+00   1.00000e-02   0.00000e+00   3.84914e+04
   5  R           -5.99595e+01   constant   
   6  alpha_CBO    0.00000e+00     fixed    
   7  w_CBO        2.32500e+00   constant   
   8  beta_CBO     0.00000e+00     fixed    
   9  alpha_2CBO   0.00000e+00     fixed    
  10  beta_2CBO    0.00000e+00     fixed    
  11  alpha_y      0.00000e+00     fixed    
  12  w_y          1.44500e+01   constant   
  13  beta_y       0.00000e+00     fixed    
  14  alpha_vw     0.00000e+00     fixed    
  15  w_vw         1.29000e+01   constant   
  16  beta_vw      0.00000e+00     fixed    
  17  LM          -9.22867e-04   constant   
  18  zeta_y       0.00000e+00   constant   
  19  zeta_vw      0.00000e+00   constant   
  20  T_CBO        1.00000e+02   1.00000e+00   0.00000e+00   0.00000e+00
  21  alpha_A0     0.00000e+00   1.00000e-03   0.00000e+00  -1.70676e+03
  22  beta_A0      0.00000e+00   1.00000e-03   0.00000e+00   1.38307e+03
  23  alpha_phi    0.00000e+00   1.00000e-03   0.00000e+00   8.83347e+01
  24  beta_phi     0.00000e+00   1.00000e-03   0.00000e+00  -1.44582e+04
 MIGRAD MINIMIZATION HAS CONVERGED.
 FCN=1284.31 FROM MIGRAD    STATUS=CONVERGED    1285 CALLS        1286 TOTAL
                     EDM=1.9267e-06    STRATEGY= 1  ERROR MATRIX UNCERTAINTY   0.2 per cent
  EXT PARAMETER                                   STEP         FIRST   
  NO.   NAME      VALUE            ERROR          SIZE      DERIVATIVE 
   1  N0           3.54988e+06   3.64143e+02  -7.37691e-03   3.13256e-06
   2  tau          6.43775e+01   constant   
   3  A0           3.52951e-01   1.22665e-04   1.14329e-08  -6.05279e+00
   4  phi          4.11514e+00   3.79125e-04   1.40706e-08  -1.61646e+00
   5  R           -5.99595e+01   constant   
   6  alpha_CBO    0.00000e+00     fixed    
   7  w_CBO        2.32500e+00   constant   
   8  beta_CBO     0.00000e+00     fixed    
   9  alpha_2CBO   0.00000e+00     fixed    
  10  beta_2CBO    0.00000e+00     fixed    
  11  alpha_y      0.00000e+00     fixed    
  12  w_y          1.44500e+01   constant   
  13  beta_y       0.00000e+00     fixed    
  14  alpha_vw     0.00000e+00     fixed    
  15  w_vw         1.29000e+01   constant   
  16  beta_vw      0.00000e+00     fixed    
  17  LM          -9.22867e-04   constant   
  18  zeta_y       0.00000e+00   constant   
  19  zeta_vw      0.00000e+00   constant   
  20  T_CBO        9.99985e+02   5.12311e+02  -2.52894e-03  -3.10674e-04
  21  alpha_A0     6.26297e-04   6.47730e-04   4.26721e-07  -1.27786e+00
  22  beta_A0     -1.35530e-03   6.61658e-04  -5.24356e-07   1.66489e+00
  23  alpha_phi   -2.37763e-04   5.84811e-04  -2.82561e-07   7.45919e-01
  24  beta_phi     5.27235e-03   5.38317e-04   2.04717e-06   5.34236e-01
 EXTERNAL ERROR MATRIX.    NDIM=  25    NPAR=  8    ERR DEF=1
  1.326e+05  1.012e-02 -4.168e-03  2.896e+02  4.551e-02 -1.770e-02 -5.458e-03 -3.030e-02 
  1.012e-02  1.505e-08  2.144e-09 -3.244e-05  8.570e-09  7.222e-09  6.045e-09  2.529e-09 
 -4.168e-03  2.144e-09  1.437e-07 -2.424e-04  1.530e-08  3.911e-08  8.346e-09  1.579e-08 
  2.896e+02 -3.244e-05 -2.424e-04  6.695e+02  2.409e-04  2.253e-04 -4.709e-05 -4.964e-04 
  4.551e-02  8.570e-09  1.530e-08  2.409e-04  4.196e-07  6.124e-08  4.430e-08  1.699e-08 
 -1.770e-02  7.222e-09  3.911e-08  2.253e-04  6.124e-08  4.378e-07  5.560e-08  2.658e-08 
 -5.458e-03  6.045e-09  8.346e-09 -4.709e-05  4.430e-08  5.560e-08  3.420e-07  1.306e-08 
 -3.030e-02  2.529e-09  1.579e-08 -4.964e-04  1.699e-08  2.658e-08  1.306e-08  2.898e-07 
 PARAMETER  CORRELATION COEFFICIENTS  
       NO.  GLOBAL      1      3      4     20     21     22     23     24
        1  0.35201   1.000  0.226 -0.030  0.031  0.193 -0.073 -0.026 -0.155
        3  0.27399   0.226  1.000  0.046 -0.010  0.108  0.089  0.084  0.038
        4  0.17894  -0.030  0.046  1.000 -0.025  0.062  0.156  0.038  0.077
       20  0.05667   0.031 -0.010 -0.025  1.000  0.014  0.013 -0.003 -0.036
       21  0.28188   0.193  0.108  0.062  0.014  1.000  0.143  0.117  0.049
       22  0.27148  -0.073  0.089  0.156  0.013  0.143  1.000  0.144  0.075
       23  0.19238  -0.026  0.084  0.038 -0.003  0.117  0.144  1.000  0.041
       24  0.20423  -0.155  0.038  0.077 -0.036  0.049  0.075  0.041  1.000
MINUIT - FIT ONLY 1-CBO + wiggle
 **********
 **   16 **RES 
 **********
                   PARAMETER   16  beta_vw RESTORED TO VARIABLE.
                   PARAMETER   14  alpha_vw RESTORED TO VARIABLE.
                   PARAMETER   13  beta_y RESTORED TO VARIABLE.
                   PARAMETER   11  alpha_y RESTORED TO VARIABLE.
                   PARAMETER   10  beta_2CBO RESTORED TO VARIABLE.
                   PARAMETER    9  alpha_2CBO RESTORED TO VARIABLE.
                   PARAMETER    8  beta_CBO RESTORED TO VARIABLE.
                   PARAMETER    6  alpha_CBO RESTORED TO VARIABLE.
 **********
 **   17 **FIX            8
 **********
 **********
 **   18 **FIX            9
 **********
 **********
 **   19 **FIX           11
 **********
 **********
 **   20 **FIX           12
 **********
 PARAMETER   12  IS CONSTANT.   IGNORED.
 **********
 **   21 **FIX           14
 **********
 **********
 **   22 **FIX           15
 **********
 PARAMETER   15  IS CONSTANT.   IGNORED.
 **********
 **   23 **FIX           16
 **********
 **********
 **   24 **MIGRAD
 **********
 START MIGRAD MINIMIZATION.  STRATEGY  1.  CONVERGENCE WHEN EDM .LT. 1.00e-04
 FCN=1284.31 FROM MIGRAD    STATUS=INITIATE       28 CALLS        1314 TOTAL
                     EDM= unknown      STRATEGY= 1      NO ERROR MATRIX       
  EXT PARAMETER               CURRENT GUESS       STEP         FIRST   
  NO.   NAME      VALUE            ERROR          SIZE      DERIVATIVE 
   1  N0           3.54988e+06   3.64143e+02  -7.37691e-03   3.13256e-06
   2  tau          6.43775e+01   constant   
   3  A0           3.52951e-01   1.22665e-04   1.14329e-08  -6.05279e+00
   4  phi          4.11514e+00   3.79125e-04   1.40706e-08  -1.61646e+00
   5  R           -5.99595e+01   constant   
   6  alpha_CBO    0.00000e+00   1.00000e-03   1.00000e-03  -2.01152e+05
   7  w_CBO        2.32500e+00   constant   
   8  beta_CBO     0.00000e+00     fixed    
   9  alpha_2CBO   0.00000e+00     fixed    
  10  beta_2CBO    0.00000e+00   1.00000e-03   1.00000e-03  -2.33591e+04
  11  alpha_y      0.00000e+00     fixed    
  12  w_y          1.44500e+01   constant   
  13  beta_y       0.00000e+00   1.00000e-03   1.00000e-03   4.95643e+04
  14  alpha_vw     0.00000e+00     fixed    
  15  w_vw         1.29000e+01   constant   
  16  beta_vw      0.00000e+00     fixed    
  17  LM          -9.22867e-04   constant   
  18  zeta_y       0.00000e+00   constant   
  19  zeta_vw      0.00000e+00   constant   
  20  T_CBO        9.99985e+02   5.12311e+02  -2.52894e-03  -3.15711e-04
  21  alpha_A0     6.26297e-04   6.47730e-04   4.26721e-07  -1.27790e+00
  22  beta_A0     -1.35530e-03   6.61658e-04  -5.24356e-07   1.66491e+00
  23  alpha_phi   -2.37763e-04   5.84811e-04  -2.82561e-07   7.45919e-01
  24  beta_phi     5.27235e-03   5.38317e-04   2.04717e-06   5.34238e-01
 MIGRAD MINIMIZATION HAS CONVERGED.
 FCN=1050.6 FROM MIGRAD    STATUS=CONVERGED     172 CALLS        1458 TOTAL
                     EDM=7.30507e-07    STRATEGY= 1  ERROR MATRIX UNCERTAINTY   2.8 per cent
  EXT PARAMETER                                   STEP         FIRST   
  NO.   NAME      VALUE            ERROR          SIZE      DERIVATIVE 
   1  N0           3.54998e+06   3.31326e+02   4.28072e-01  -1.77450e-06
   2  tau          6.43775e+01   constant   
   3  A0           3.52942e-01   1.18759e-04   4.98218e-08  -1.74784e+00
   4  phi          4.11661e+00   3.98747e-04   8.36061e-07   8.79215e-01
   5  R           -5.99595e+01   constant   
   6  alpha_CBO    2.17654e-03   1.47030e-04  -1.15167e-07   2.99211e-01
   7  w_CBO        2.32500e+00   constant   
   8  beta_CBO     0.00000e+00     fixed    
   9  alpha_2CBO   0.00000e+00     fixed    
  10  beta_2CBO    2.48394e-04   1.35342e-04  -3.05623e-09  -7.48351e+00
  11  alpha_y      0.00000e+00     fixed    
  12  w_y          1.44500e+01   constant   
  13  beta_y      -4.80042e-04   1.37034e-04  -4.63626e-07  -2.35997e+00
  14  alpha_vw     0.00000e+00     fixed    
  15  w_vw         1.29000e+01   constant   
  16  beta_vw      0.00000e+00     fixed    
  17  LM          -9.22867e-04   constant   
  18  zeta_y       0.00000e+00   constant   
  19  zeta_vw      0.00000e+00   constant   
  20  T_CBO        9.99999e+02   6.24918e+02   6.35901e-03  -4.77850e-05
  21  alpha_A0     5.58632e-04   5.73331e-04  -5.72151e-09  -3.55152e-01
  22  beta_A0     -4.13948e-04   6.41881e-04   7.02346e-07  -8.98145e-01
  23  alpha_phi    1.77617e-03   5.75058e-04  -1.89229e-06  -2.30752e-02
  24  beta_phi     5.19977e-03   5.30650e-04  -1.03208e-06   1.11926e+00
 EXTERNAL ERROR MATRIX.    NDIM=  25    NPAR= 11    ERR DEF=1
  1.098e+05 
  3.172e-03  1.410e-08 
 -2.828e-03  3.277e-09  1.590e-07 
  4.069e-04 -1.574e-10  1.429e-08  2.162e-08 
  1.813e-03 -7.116e-11  1.477e-09  1.206e-10  1.832e-08 
 -1.334e-03 -3.389e-10 -3.814e-10 -3.767e-11 -8.850e-10  1.878e-08 
  7.418e+01 -3.673e-06  1.664e-05 -2.936e-06 -4.252e-06 -1.374e-05  2.818e+01 
  1.496e-02 -1.280e-09  1.819e-08 -8.666e-10 -1.661e-09 -1.625e-09 -2.948e-05  3.287e-07 
 -1.015e-02  5.936e-09  4.183e-08  7.303e-09  7.575e-09 -4.777e-09  1.487e-04  3.523e-08  4.120e-07 
 -1.321e-02  2.063e-09  2.121e-08  2.068e-08 -7.113e-09 -6.964e-10 -9.938e-05  9.590e-09  4.410e-08  3.307e-07 
 -1.778e-02  4.465e-09  1.331e-08  1.595e-10 -3.890e-09  1.786e-09  2.638e-06  2.294e-08  2.448e-08  1.047e-08  2.816e-07 
 PARAMETER  CORRELATION COEFFICIENTS  
       NO.  GLOBAL      1      3      4      6     10     13     20     21     22     23     24
        1  0.19606   1.000  0.081 -0.021  0.008  0.040 -0.029  0.042  0.079 -0.048 -0.069 -0.101
        3  0.16110   0.081  1.000  0.069 -0.009 -0.004 -0.021 -0.006 -0.019  0.078  0.030  0.071
        4  0.30332  -0.021  0.069  1.000  0.244  0.027 -0.007  0.008  0.080  0.163  0.093  0.063
        6  0.33681   0.008 -0.009  0.244  1.000  0.006 -0.002 -0.004 -0.010  0.077  0.245  0.002
       10  0.16227   0.040 -0.004  0.027  0.006  1.000 -0.048 -0.006 -0.021  0.087 -0.091 -0.054
       13  0.08469  -0.029 -0.021 -0.007 -0.002 -0.048  1.000 -0.019 -0.021 -0.054 -0.009  0.025
       20  0.07841   0.042 -0.006  0.008 -0.004 -0.006 -0.019  1.000 -0.010  0.044 -0.033  0.001
       21  0.17662   0.079 -0.019  0.080 -0.010 -0.021 -0.021 -0.010  1.000  0.096  0.029  0.075
       22  0.26061  -0.048  0.078  0.163  0.077  0.087 -0.054  0.044  0.096  1.000  0.119  0.072
       23  0.29548  -0.069  0.030  0.093  0.245 -0.091 -0.009 -0.033  0.029  0.119  1.000  0.034
       24  0.17873  -0.101  0.071  0.063  0.002 -0.054  0.025  0.001  0.075  0.072  0.034  1.000
MINUIT - FIT ONLY 2-CBO
 **********
 **   25 **RES 
 **********
                   PARAMETER   16  beta_vw RESTORED TO VARIABLE.
                   PARAMETER   14  alpha_vw RESTORED TO VARIABLE.
                   PARAMETER   11  alpha_y RESTORED TO VARIABLE.
                   PARAMETER    9  alpha_2CBO RESTORED TO VARIABLE.
                   PARAMETER    8  beta_CBO RESTORED TO VARIABLE.
 **********
 **   26 **FIX            0
 **********
 PARAMETER    0  IS UNDEFINED. IGNORED.
 **********
 **   27 **FIX            1
 **********
 **********
 **   28 **FIX            2
 **********
 PARAMETER    2  IS CONSTANT.   IGNORED.
 **********
 **   29 **FIX            3
 **********
 **********
 **   30 **FIX            4
 **********
 **********
 **   31 **FIX            5
 **********
 PARAMETER    5  IS CONSTANT.   IGNORED.
 **********
 **   32 **FIX            6
 **********
 **********
 **   33 **FIX            7
 **********
 PARAMETER    7  IS CONSTANT.   IGNORED.
 **********
 **   34 **FIX           10
 **********
 **********
 **   35 **FIX           11
 **********
 **********
 **   36 **FIX           12
 **********
 PARAMETER   12  IS CONSTANT.   IGNORED.
 **********
 **   37 **FIX           13
 **********
 **********
 **   38 **FIX           14
 **********
 **********
 **   39 **FIX           15
 **********
 PARAMETER   15  IS CONSTANT.   IGNORED.
 **********
 **   40 **FIX           16
 **********
 **********
 **   41 **MIGRAD
 **********
 START MIGRAD MINIMIZATION.  STRATEGY  1.  CONVERGENCE WHEN EDM .LT. 1.00e-04
 FCN=1050.6 FROM MIGRAD    STATUS=INITIATE       18 CALLS        1476 TOTAL
                     EDM= unknown      STRATEGY= 1      NO ERROR MATRIX       
  EXT PARAMETER               CURRENT GUESS       STEP         FIRST   
  NO.   NAME      VALUE            ERROR          SIZE      DERIVATIVE 
   1  N0           3.54998e+06     fixed    
   2  tau          6.43775e+01   constant   
   3  A0           3.52942e-01     fixed    
   4  phi          4.11661e+00     fixed    
   5  R           -5.99595e+01   constant   
   6  alpha_CBO    2.17654e-03     fixed    
   7  w_CBO        2.32500e+00   constant   
   8  beta_CBO     0.00000e+00   1.00000e-03   1.00000e-03   4.26675e+05
   9  alpha_2CBO   0.00000e+00   1.00000e-03   1.00000e-03  -1.45396e+04
  10  beta_2CBO    2.48394e-04     fixed    
  11  alpha_y      0.00000e+00     fixed    
  12  w_y          1.44500e+01   constant   
  13  beta_y      -4.80042e-04     fixed    
  14  alpha_vw     0.00000e+00     fixed    
  15  w_vw         1.29000e+01   constant   
  16  beta_vw      0.00000e+00     fixed    
  17  LM          -9.22867e-04   constant   
  18  zeta_y       0.00000e+00   constant   
  19  zeta_vw      0.00000e+00   constant   
  20  T_CBO        9.99999e+02   6.24918e+02   6.35901e-03  -4.59333e-05
  21  alpha_A0     5.58632e-04   5.73331e-04  -5.72151e-09  -3.55174e-01
  22  beta_A0     -4.13948e-04   6.41881e-04   7.02346e-07  -8.98125e-01
  23  alpha_phi    1.77617e-03   5.75058e-04  -1.89229e-06  -2.30744e-02
  24  beta_phi     5.19977e-03   5.30650e-04  -1.03208e-06   1.11926e+00
 MIGRAD MINIMIZATION HAS CONVERGED.
 MIGRAD WILL VERIFY CONVERGENCE AND ERROR MATRIX.
 COVARIANCE MATRIX CALCULATED SUCCESSFULLY
 FCN=120.364 FROM MIGRAD    STATUS=CONVERGED     171 CALLS        1629 TOTAL
                     EDM=2.77585e-08    STRATEGY= 1      ERROR MATRIX ACCURATE 
  EXT PARAMETER                                   STEP         FIRST   
  NO.   NAME      VALUE            ERROR          SIZE      DERIVATIVE 
   1  N0           3.54998e+06     fixed    
   2  tau          6.43775e+01   constant   
   3  A0           3.52942e-01     fixed    
   4  phi          4.11661e+00     fixed    
   5  R           -5.99595e+01   constant   
   6  alpha_CBO    2.17654e-03     fixed    
   7  w_CBO        2.32500e+00   constant   
   8  beta_CBO    -4.35884e-03   1.43007e-04   7.50874e-07  -3.12302e-02
   9  alpha_2CBO   5.40950e-05   1.41321e-04   7.44152e-07   1.06350e-01
  10  beta_2CBO    2.48394e-04     fixed    
  11  alpha_y      0.00000e+00     fixed    
  12  w_y          1.44500e+01   constant   
  13  beta_y      -4.80042e-04     fixed    
  14  alpha_vw     0.00000e+00     fixed    
  15  w_vw         1.29000e+01   constant   
  16  beta_vw      0.00000e+00     fixed    
  17  LM          -9.22867e-04   constant   
  18  zeta_y       0.00000e+00   constant   
  19  zeta_vw      0.00000e+00   constant   
  20  T_CBO        1.00000e+03   6.56174e+02   2.75788e-02** at limit **
  21  alpha_A0     1.41831e-04   5.89815e-04   3.10851e-06  -2.85435e-01
  22  beta_A0      1.11677e-03   6.35778e-04   3.37674e-06   6.05329e-02
  23  alpha_phi    2.21583e-03   5.54979e-04   2.96951e-06   1.41868e-01
  24  beta_phi     1.98070e-03   5.43414e-04   2.83050e-06   2.71854e-01
 EXTERNAL ERROR MATRIX.    NDIM=  25    NPAR=  7    ERR DEF=1
  2.045e-08  4.304e-10  2.638e-09  2.369e-09 -6.876e-09 -2.038e-09  1.549e-08 
  4.304e-10  1.997e-08 -2.209e-09  1.325e-08  6.159e-09  1.248e-10  1.011e-08 
  2.638e-09 -2.209e-09  1.548e-01  2.633e-07  1.736e-06  3.401e-06  3.107e-06 
  2.369e-09  1.325e-08  2.633e-07  3.479e-07  3.462e-08  1.854e-08  3.073e-08 
 -6.876e-09  6.159e-09  1.736e-06  3.462e-08  4.042e-07  3.022e-08  1.147e-08 
 -2.038e-09  1.248e-10  3.401e-06  1.854e-08  3.022e-08  3.080e-07  2.974e-09 
  1.549e-08  1.011e-08  3.107e-06  3.073e-08  1.147e-08  2.974e-09  2.953e-07 
 PARAMETER  CORRELATION COEFFICIENTS  
       NO.  GLOBAL      8      9     20     21     22     23     24
        8  0.21731   1.000  0.021  0.000  0.028 -0.076 -0.026  0.199
        9  0.20432   0.021  1.000 -0.000  0.159  0.069  0.002  0.132
       20  0.02207   0.000 -0.000  1.000  0.001  0.007  0.016  0.015
       21  0.20021   0.028  0.159  0.001  1.000  0.092  0.057  0.096
       22  0.15855  -0.076  0.069  0.007  0.092  1.000  0.086  0.033
       23  0.10292  -0.026  0.002  0.016  0.057  0.086  1.000  0.010
       24  0.24977   0.199  0.132  0.015  0.096  0.033  0.010  1.000
MINUIT - FIT wiggle + 1-CBO + 2-CBO
 **********
 **   42 **RES 
 **********
                   PARAMETER   16  beta_vw RESTORED TO VARIABLE.
                   PARAMETER   14  alpha_vw RESTORED TO VARIABLE.
                   PARAMETER   13  beta_y RESTORED TO VARIABLE.
                   PARAMETER   11  alpha_y RESTORED TO VARIABLE.
                   PARAMETER   10  beta_2CBO RESTORED TO VARIABLE.
                   PARAMETER    6  alpha_CBO RESTORED TO VARIABLE.
                   PARAMETER    4  phi RESTORED TO VARIABLE.
                   PARAMETER    3  A0 RESTORED TO VARIABLE.
                   PARAMETER    1  N0 RESTORED TO VARIABLE.
 **********
 **   43 **FIX           10
 **********
 **********
 **   44 **FIX           11
 **********
 **********
 **   45 **FIX           12
 **********
 PARAMETER   12  IS CONSTANT.   IGNORED.
 **********
 **   46 **FIX           13
 **********
 **********
 **   47 **FIX           14
 **********
 **********
 **   48 **FIX           15
 **********
 PARAMETER   15  IS CONSTANT.   IGNORED.
 **********
 **   49 **FIX           16
 **********
 **********
 **   50 **MIGRAD
 **********
 START MIGRAD MINIMIZATION.  STRATEGY  1.  CONVERGENCE WHEN EDM .LT. 1.00e-04
 FCN=120.364 FROM MIGRAD    STATUS=INITIATE       22 CALLS        1651 TOTAL
                     EDM= unknown      STRATEGY= 1      NO ERROR MATRIX       
  EXT PARAMETER               CURRENT GUESS       STEP         FIRST   
  NO.   NAME      VALUE            ERROR          SIZE      DERIVATIVE 
   1  N0           3.54998e+06   3.31326e+02   3.31326e+02  -1.53035e-03
   2  tau          6.43775e+01   constant   
   3  A0           3.52942e-01   1.18759e-04   1.18759e-04  -8.83088e+04
   4  phi          4.11661e+00   3.98747e-04   3.98747e-04  -1.26494e+04
   5  R           -5.99595e+01   constant   
   6  alpha_CBO    2.17654e-03   1.47030e-04   1.47030e-04   9.80906e+03
   7  w_CBO        2.32500e+00   constant   
   8  beta_CBO    -4.35884e-03   1.43007e-04   7.50874e-07  -3.04602e-02
   9  alpha_2CBO   5.40950e-05   1.41321e-04   7.44152e-07   1.07160e-01
  10  beta_2CBO    2.48394e-04     fixed    
  11  alpha_y      0.00000e+00     fixed    
  12  w_y          1.44500e+01   constant   
  13  beta_y      -4.80042e-04     fixed    
  14  alpha_vw     0.00000e+00     fixed    
  15  w_vw         1.29000e+01   constant   
  16  beta_vw      0.00000e+00     fixed    
  17  LM          -9.22867e-04   constant   
  18  zeta_y       0.00000e+00   constant   
  19  zeta_vw      0.00000e+00   constant   
  20  T_CBO        9.99999e+02   6.56174e+02   2.75788e-02  -1.50507e-04
  21  alpha_A0     1.41831e-04   5.89815e-04   3.10851e-06  -2.85308e-01
  22  beta_A0      1.11677e-03   6.35778e-04   3.37674e-06   6.01183e-02
  23  alpha_phi    2.21583e-03   5.54979e-04   2.96951e-06   1.40423e-01
  24  beta_phi     1.98070e-03   5.43414e-04   2.83050e-06   2.70380e-01
 MIGRAD MINIMIZATION HAS CONVERGED.
 MIGRAD WILL VERIFY CONVERGENCE AND ERROR MATRIX.
 COVARIANCE MATRIX CALCULATED SUCCESSFULLY
 FCN=80.958 FROM MIGRAD    STATUS=CONVERGED     266 CALLS        1895 TOTAL
                     EDM=1.11879e-06    STRATEGY= 1      ERROR MATRIX ACCURATE 
  EXT PARAMETER                                   STEP         FIRST   
  NO.   NAME      VALUE            ERROR          SIZE      DERIVATIVE 
   1  N0           3.55047e+06   3.72847e+02   1.69299e+00   3.58086e-07
   2  tau          6.43775e+01   constant   
   3  A0           3.53670e-01   1.25934e-04   5.30319e-07   8.49419e+00
   4  phi          4.11768e+00   4.00237e-04   1.96346e-06  -6.94046e-01
   5  R           -5.99595e+01   constant   
   6  alpha_CBO    2.15585e-03   1.47005e-04   6.12022e-07  -2.10684e-01
   7  w_CBO        2.32500e+00   constant   
   8  beta_CBO    -4.54092e-03   1.45888e-04   6.17015e-07   2.23783e+00
   9  alpha_2CBO   1.02900e-04   1.41644e-04   6.11512e-07  -2.77968e+00
  10  beta_2CBO    2.48394e-04     fixed    
  11  alpha_y      0.00000e+00     fixed    
  12  w_y          1.44500e+01   constant   
  13  beta_y      -4.80042e-04     fixed    
  14  alpha_vw     0.00000e+00     fixed    
  15  w_vw         1.29000e+01   constant   
  16  beta_vw      0.00000e+00     fixed    
  17  LM          -9.22867e-04   constant   
  18  zeta_y       0.00000e+00   constant   
  19  zeta_vw      0.00000e+00   constant   
  20  T_CBO        1.00000e+03   7.58169e+02   4.55793e-02** at limit **
  21  alpha_A0     5.22832e-04   6.03519e-04   2.55110e-06  -2.18419e-01
  22  beta_A0      1.68277e-03   6.51109e-04   2.77215e-06  -7.60833e-01
  23  alpha_phi    2.43886e-03   5.74466e-04   2.43495e-06   1.27008e+00
  24  beta_phi     2.09620e-03   5.51703e-04   2.32106e-06  -4.42004e-01
 EXTERNAL ERROR MATRIX.    NDIM=  25    NPAR= 11    ERR DEF=1
  1.390e+05 
  9.898e-03  1.586e-08 
 -8.263e-03  3.026e-09  1.602e-07 
  6.413e-04 -8.386e-11  1.400e-08  2.161e-08 
 -2.128e-03 -3.366e-09 -4.941e-09  1.082e-10  2.128e-08 
 -8.178e-05  6.645e-10  3.289e-09  2.418e-10  2.050e-10  2.006e-08 
  5.244e-02  6.573e-08  4.469e-08  6.153e-09 -4.356e-09 -2.411e-09  1.358e-01 
  4.552e-02  5.721e-09  1.428e-08 -4.673e-10  6.652e-10  1.365e-08  2.874e-06  3.642e-07 
 -1.584e-02  6.891e-09  4.896e-08  7.087e-09 -9.568e-09  7.412e-09  8.919e-06  3.518e-08  4.239e-07 
 -3.795e-03  4.286e-09  2.205e-08  2.095e-08 -3.054e-09  7.120e-10  1.269e-05  1.815e-08  4.287e-08  3.300e-07 
 -3.298e-02  1.004e-09  1.534e-08 -2.238e-10  1.479e-08  1.052e-08  1.092e-05  2.212e-08  2.102e-08  6.423e-09  3.044e-07 
 PARAMETER  CORRELATION COEFFICIENTS  
       NO.  GLOBAL      1      3      4      6      8      9     20     21     22     23     24
        1  0.35180   1.000  0.211 -0.055  0.012 -0.039 -0.002  0.000  0.202 -0.065 -0.018 -0.160
        3  0.30412   0.211  1.000  0.060 -0.005 -0.183  0.037  0.001  0.075  0.084  0.059  0.014
        4  0.32083  -0.055  0.060  1.000  0.238 -0.085  0.058  0.000  0.059  0.188  0.096  0.069
        6  0.33612   0.012 -0.005  0.238  1.000  0.005  0.012  0.000 -0.005  0.074  0.248 -0.003
        8  0.29083  -0.039 -0.183 -0.085  0.005  1.000  0.010 -0.000  0.008 -0.101 -0.036  0.184
        9  0.21482  -0.002  0.037  0.058  0.012  0.010  1.000 -0.000  0.160  0.080  0.009  0.135
       20  0.08845   0.000  0.001  0.000  0.000 -0.000 -0.000  1.000  0.013  0.037  0.060  0.054
       21  0.29255   0.202  0.075  0.059 -0.005  0.008  0.160  0.013  1.000  0.090  0.052  0.066
       22  0.26894  -0.065  0.084  0.188  0.074 -0.101  0.080  0.037  0.090  1.000  0.115  0.059
       23  0.28384  -0.018  0.059  0.096  0.248 -0.036  0.009  0.060  0.052  0.115  1.000  0.020
       24  0.30693  -0.160  0.014  0.069 -0.003  0.184  0.135  0.054  0.066  0.059  0.020  1.000
MINUIT - FIT ONLY 1-y
 **********
 **   51 **RES 
 **********
                   PARAMETER   16  beta_vw RESTORED TO VARIABLE.
                   PARAMETER   14  alpha_vw RESTORED TO VARIABLE.
                   PARAMETER   13  beta_y RESTORED TO VARIABLE.
                   PARAMETER   11  alpha_y RESTORED TO VARIABLE.
                   PARAMETER   10  beta_2CBO RESTORED TO VARIABLE.
 **********
 **   52 **FIX            0
 **********
 PARAMETER    0  IS UNDEFINED. IGNORED.
 **********
 **   53 **FIX            1
 **********
 **********
 **   54 **FIX            2
 **********
 PARAMETER    2  IS CONSTANT.   IGNORED.
 **********
 **   55 **FIX            3
 **********
 **********
 **   56 **FIX            4
 **********
 **********
 **   57 **FIX            5
 **********
 PARAMETER    5  IS CONSTANT.   IGNORED.
 **********
 **   58 **FIX            6
 **********
 **********
 **   59 **FIX            7
 **********
 PARAMETER    7  IS CONSTANT.   IGNORED.
 **********
 **   60 **FIX            8
 **********
 **********
 **   61 **FIX            9
 **********
 **********
 **   62 **FIX           13
 **********
 **********
 **   63 **FIX           14
 **********
 **********
 **   64 **FIX           15
 **********
 PARAMETER   15  IS CONSTANT.   IGNORED.
 **********
 **   65 **FIX           16
 **********
 **********
 **   66 **MIGRAD
 **********
 START MIGRAD MINIMIZATION.  STRATEGY  1.  CONVERGENCE WHEN EDM .LT. 1.00e-04
 FCN=80.958 FROM MIGRAD    STATUS=INITIATE       16 CALLS        1911 TOTAL
                     EDM= unknown      STRATEGY= 1      NO ERROR MATRIX       
  EXT PARAMETER               CURRENT GUESS       STEP         FIRST   
  NO.   NAME      VALUE            ERROR          SIZE      DERIVATIVE 
   1  N0           3.55047e+06     fixed    
   2  tau          6.43775e+01   constant   
   3  A0           3.53670e-01     fixed    
   4  phi          4.11768e+00     fixed    
   5  R           -5.99595e+01   constant   
   6  alpha_CBO    2.15585e-03     fixed    
   7  w_CBO        2.32500e+00   constant   
   8  beta_CBO    -4.54092e-03     fixed    
   9  alpha_2CBO   1.02900e-04     fixed    
  10  beta_2CBO    2.48394e-04   1.35342e-04   1.35342e-04   1.81146e+04
  11  alpha_y      0.00000e+00   1.00000e-03   1.00000e-03   3.37734e+04
  12  w_y          1.44500e+01   constant   
  13  beta_y      -4.80042e-04     fixed    
  14  alpha_vw     0.00000e+00     fixed    
  15  w_vw         1.29000e+01   constant   
  16  beta_vw      0.00000e+00     fixed    
  17  LM          -9.22867e-04   constant   
  18  zeta_y       0.00000e+00   constant   
  19  zeta_vw      0.00000e+00   constant   
  20  T_CBO        9.99999e+02   7.58169e+02   4.55793e-02  -3.30901e-05
  21  alpha_A0     5.22832e-04   6.03519e-04   2.55110e-06  -2.18554e-01
  22  beta_A0      1.68277e-03   6.51109e-04   2.77215e-06  -7.61557e-01
  23  alpha_phi    2.43886e-03   5.74466e-04   2.43495e-06   1.26847e+00
  24  beta_phi     2.09620e-03   5.51703e-04   2.32106e-06  -4.43558e-01
 MIGRAD MINIMIZATION HAS CONVERGED.
 MIGRAD WILL VERIFY CONVERGENCE AND ERROR MATRIX.
 COVARIANCE MATRIX CALCULATED SUCCESSFULLY
 FCN=73.6113 FROM MIGRAD    STATUS=CONVERGED     112 CALLS        2007 TOTAL
                     EDM=2.54492e-06    STRATEGY= 1      ERROR MATRIX ACCURATE 
  EXT PARAMETER                                   STEP         FIRST   
  NO.   NAME      VALUE            ERROR          SIZE      DERIVATIVE 
   1  N0           3.55047e+06     fixed    
   2  tau          6.43775e+01   constant   
   3  A0           3.53670e-01     fixed    
   4  phi          4.11768e+00     fixed    
   5  R           -5.99595e+01   constant   
   6  alpha_CBO    2.15585e-03     fixed    
   7  w_CBO        2.32500e+00   constant   
   8  beta_CBO    -4.54092e-03     fixed    
   9  alpha_2CBO   1.02900e-04     fixed    
  10  beta_2CBO    5.86694e-05   1.43277e-04   5.89214e-07  -3.23575e+00
  11  alpha_y     -3.33365e-04   1.40062e-04   5.90484e-07  -6.05714e+00
  12  w_y          1.44500e+01   constant   
  13  beta_y      -4.80042e-04     fixed    
  14  alpha_vw     0.00000e+00     fixed    
  15  w_vw         1.29000e+01   constant   
  16  beta_vw      0.00000e+00     fixed    
  17  LM          -9.22867e-04   constant   
  18  zeta_y       0.00000e+00   constant   
  19  zeta_vw      0.00000e+00   constant   
  20  T_CBO        1.00000e+03   9.98922e+02   3.87874e-02** at limit **
  21  alpha_A0     5.85431e-04   5.82288e-04   2.43401e-06  -1.50611e-01
  22  beta_A0      1.52557e-03   6.40435e-04   2.64494e-06   7.70686e-01
  23  alpha_phi    2.54969e-03   5.58643e-04   2.32323e-06  -3.69810e+00
  24  beta_phi     2.13095e-03   5.27636e-04   2.21457e-06  -6.57576e-01
 EXTERNAL ERROR MATRIX.    NDIM=  25    NPAR=  7    ERR DEF=1
  2.053e-08  2.245e-10  7.272e-10 -4.491e-09  1.483e-08 -1.007e-08 -2.689e-09 
  2.245e-10  1.962e-08  3.083e-10 -1.300e-09  1.369e-09 -1.205e-09 -6.146e-10 
  7.272e-10  3.083e-10  7.346e-04  1.715e-07  4.365e-07  7.171e-07  6.015e-07 
 -4.491e-09 -1.300e-09  1.715e-07  3.391e-07  2.795e-08  2.079e-08  2.325e-08 
  1.483e-08  1.369e-09  4.365e-07  2.795e-08  4.102e-07  2.257e-08  1.179e-08 
 -1.007e-08 -1.205e-09  7.171e-07  2.079e-08  2.257e-08  3.121e-07  6.374e-09 
 -2.689e-09 -6.146e-10  6.015e-07  2.325e-08  1.179e-08  6.374e-09  2.784e-07 
 PARAMETER  CORRELATION COEFFICIENTS  
       NO.  GLOBAL     10     11     20     21     22     23     24
       10  0.22202   1.000  0.011  0.000 -0.054  0.162 -0.126 -0.036
       11  0.02913   0.011  1.000  0.000 -0.016  0.015 -0.015 -0.008
       20  0.06627   0.000  0.000  1.000  0.011  0.025  0.047  0.042
       21  0.13319  -0.054 -0.016  0.011  1.000  0.075  0.064  0.076
       22  0.20295   0.162  0.015  0.025  0.075  1.000  0.063  0.035
       23  0.16664  -0.126 -0.015  0.047  0.064  0.063  1.000  0.022
       24  0.09851  -0.036 -0.008  0.042  0.076  0.035  0.022  1.000
MINUIT - FIT ONLY 2-y
 **********
 **   67 **RES 
 **********
                   PARAMETER   16  beta_vw RESTORED TO VARIABLE.
                   PARAMETER   14  alpha_vw RESTORED TO VARIABLE.
                   PARAMETER   13  beta_y RESTORED TO VARIABLE.
                   PARAMETER    9  alpha_2CBO RESTORED TO VARIABLE.
                   PARAMETER    8  beta_CBO RESTORED TO VARIABLE.
                   PARAMETER    6  alpha_CBO RESTORED TO VARIABLE.
                   PARAMETER    4  phi RESTORED TO VARIABLE.
                   PARAMETER    3  A0 RESTORED TO VARIABLE.
                   PARAMETER    1  N0 RESTORED TO VARIABLE.
 **********
 **   68 **FIX            0
 **********
 PARAMETER    0  IS UNDEFINED. IGNORED.
 **********
 **   69 **FIX            1
 **********
 **********
 **   70 **FIX            2
 **********
 PARAMETER    2  IS CONSTANT.   IGNORED.
 **********
 **   71 **FIX            3
 **********
 **********
 **   72 **FIX            4
 **********
 **********
 **   73 **FIX            5
 **********
 PARAMETER    5  IS CONSTANT.   IGNORED.
 **********
 **   74 **FIX            6
 **********
 **********
 **   75 **FIX            7
 **********
 PARAMETER    7  IS CONSTANT.   IGNORED.
 **********
 **   76 **FIX            8
 **********
 **********
 **   77 **FIX            9
 **********
 **********
 **   78 **FIX           10
 **********
 **********
 **   79 **FIX           11
 **********
 **********
 **   80 **FIX           12
 **********
 PARAMETER   12  IS CONSTANT.   IGNORED.
 **********
 **   81 **FIX           16
 **********
 **********
 **   82 **MIGRAD
 **********
 START MIGRAD MINIMIZATION.  STRATEGY  1.  CONVERGENCE WHEN EDM .LT. 1.00e-04
 FCN=73.6113 FROM MIGRAD    STATUS=INITIATE       16 CALLS        2023 TOTAL
                     EDM= unknown      STRATEGY= 1      NO ERROR MATRIX       
  EXT PARAMETER               CURRENT GUESS       STEP         FIRST   
  NO.   NAME      VALUE            ERROR          SIZE      DERIVATIVE 
   1  N0           3.55047e+06     fixed    
   2  tau          6.43775e+01   constant   
   3  A0           3.53670e-01     fixed    
   4  phi          4.11768e+00     fixed    
   5  R           -5.99595e+01   constant   
   6  alpha_CBO    2.15585e-03     fixed    
   7  w_CBO        2.32500e+00   constant   
   8  beta_CBO    -4.54092e-03     fixed    
   9  alpha_2CBO   1.02900e-04     fixed    
  10  beta_2CBO    5.86694e-05     fixed    
  11  alpha_y     -3.33365e-04     fixed    
  12  w_y          1.44500e+01   constant   
  13  beta_y      -4.80042e-04   1.37034e-04   1.37034e-04  -2.73104e+03
  14  alpha_vw     0.00000e+00   1.00000e-03   1.00000e-03  -4.11416e+04
  15  w_vw         1.29000e+01   constant   
  16  beta_vw      0.00000e+00     fixed    
  17  LM          -9.22867e-04   constant   
  18  zeta_y       0.00000e+00   constant   
  19  zeta_vw      0.00000e+00   constant   
  20  T_CBO        9.99999e+02   9.98922e+02   3.87874e-02  -4.35408e-05
  21  alpha_A0     5.85431e-04   5.82288e-04   2.43401e-06  -1.50756e-01
  22  beta_A0      1.52557e-03   6.40435e-04   2.64494e-06   7.70119e-01
  23  alpha_phi    2.54969e-03   5.58643e-04   2.32323e-06  -3.69979e+00
  24  beta_phi     2.13095e-03   5.27636e-04   2.21457e-06  -6.59156e-01
 MIGRAD MINIMIZATION HAS CONVERGED.
 MIGRAD WILL VERIFY CONVERGENCE AND ERROR MATRIX.
 COVARIANCE MATRIX CALCULATED SUCCESSFULLY
 FCN=65.3516 FROM MIGRAD    STATUS=CONVERGED     116 CALLS        2123 TOTAL
                     EDM=1.92754e-06    STRATEGY= 1      ERROR MATRIX ACCURATE 
  EXT PARAMETER                                   STEP         FIRST   
  NO.   NAME      VALUE            ERROR          SIZE      DERIVATIVE 
   1  N0           3.55047e+06     fixed    
   2  tau          6.43775e+01   constant   
   3  A0           3.53670e-01     fixed    
   4  phi          4.11768e+00     fixed    
   5  R           -5.99595e+01   constant   
   6  alpha_CBO    2.15585e-03     fixed    
   7  w_CBO        2.32500e+00   constant   
   8  beta_CBO    -4.54092e-03     fixed    
   9  alpha_2CBO   1.02900e-04     fixed    
  10  beta_2CBO    5.86694e-05     fixed    
  11  alpha_y     -3.33365e-04     fixed    
  12  w_y          1.44500e+01   constant   
  13  beta_y      -4.38555e-04   1.38199e-04   5.49085e-07   6.82745e+00
  14  alpha_vw     3.98785e-04   1.39054e-04   5.52411e-07   7.88262e-01
  15  w_vw         1.29000e+01   constant   
  16  beta_vw      0.00000e+00     fixed    
  17  LM          -9.22867e-04   constant   
  18  zeta_y       0.00000e+00   constant   
  19  zeta_vw      0.00000e+00   constant   
  20  T_CBO        1.00000e+03   9.92948e+02   3.42765e-02** at limit **
  21  alpha_A0     5.98923e-04   5.81421e-04   2.29531e-06  -1.63681e-02
  22  beta_A0      1.57138e-03   6.32328e-04   2.49428e-06  -2.48967e+00
  23  alpha_phi    2.56455e-03   5.54069e-04   2.19086e-06   1.17496e+00
  24  beta_phi     2.13305e-03   5.27205e-04   2.08840e-06  -6.72958e-01
 EXTERNAL ERROR MATRIX.    NDIM=  25    NPAR=  7    ERR DEF=1
  1.910e-08  7.457e-10  2.464e-12 -8.532e-10 -1.868e-09 -4.738e-10 -3.673e-10 
  7.457e-10  1.934e-08  4.636e-12  7.162e-10  2.377e-09  7.193e-10  1.238e-10 
  2.464e-12  4.636e-12  1.422e-05  2.191e-08  5.606e-08  9.008e-08  7.513e-08 
 -8.532e-10  7.162e-10  2.191e-08  3.381e-07  3.144e-08  1.854e-08  2.262e-08 
 -1.868e-09  2.377e-09  5.606e-08  3.144e-08  3.998e-07  2.999e-08  1.377e-08 
 -4.738e-10  7.193e-10  9.008e-08  1.854e-08  2.999e-08  3.070e-07  4.926e-09 
 -3.673e-10  1.238e-10  7.513e-08  2.262e-08  1.377e-08  4.926e-09  2.779e-07 
 PARAMETER  CORRELATION COEFFICIENTS  
       NO.  GLOBAL     13     14     20     21     22     23     24
       13  0.04607   1.000  0.039  0.000 -0.011 -0.021 -0.006 -0.005
       14  0.04877   0.039  1.000  0.000  0.009  0.027  0.009  0.002
       20  0.05987   0.000  0.000  1.000  0.010  0.024  0.043  0.038
       21  0.12178  -0.011  0.009  0.010  1.000  0.086  0.058  0.074
       22  0.12812  -0.021  0.027  0.024  0.086  1.000  0.086  0.041
       23  0.10796  -0.006  0.009  0.043  0.058  0.086  1.000  0.017
       24  0.08988  -0.005  0.002  0.038  0.074  0.041  0.017  1.000
MINUIT - FIT ALTOGETHER
 **********
 **   83 **RES 
 **********
