 + ++++++++++++++++++++++++++++++++++++++++++++++++++++++++++++++++++++ +
 +                                                                      +
 +           You have chose to blind your fitting according to          +
 +                omega_ref * (1 + (R +/- deltaR) *10^{-6})             +
 +                                                                      +
 + ++++++++++++++++++++++++++++++++++++++++++++++++++++++++++++++++++++ +
In main()...
reading format from /gm2data/zkhechad/run45/envelope/formats/formatB_sBin_constraintOn.txt
pBinTau 	= 0  
pBinPhi 	= 0  
constraintau 	= 1 
includeMopTerm 	= 0    
constrainMop    = 0   
Parameters after format file: pBinTau 0 pBinPhi 0 constraintau 1 includeMopTerm 0 constrainMop 0 c_e_scale 0.000000 
Opening file /gm2data/tbarrett/gm2fr/studies/run23_bunch_corrections/CorrectedFourier_Run3b.root.
reading full fit data from /gm2data/zkhechad/cboTemplates/Run4CBOTemplates/templateFits0_v2.0/noRF/sBin_constraintOn_cE0.0_seed0_noRF_calo22.root
windowBins = 17
fitting sliding window 378 from bin 514 at 76.539600 to bin 531 at 79.225200 (17 bins)

Reading data from /gm2data/cornell/histograms/aMethod/histogram_a_noRF.root
 **********
 **    1 **SET PRINTOUT            1
 **********
 **********
 **    2 **SET NOWARNINGS 
 **********
 PARAMETER DEFINITIONS:
    NO.   NAME         VALUE      STEP SIZE      LIMITS
     1 N0           3.01105e+06  1.00000e+02     no limits
     2 tau          6.44153e+01  constant
     3 A0           3.51737e-01  1.00000e-04     no limits
     4 phi          4.11590e+00  1.00000e-02     no limits
     5 R           -6.13262e+01  constant
     6 alpha_CBO    0.00000e+00  1.00000e-03     no limits
     7 w_CBO        2.32500e+00  constant
     8 beta_CBO     0.00000e+00  1.00000e-03     no limits
     9 alpha_2CBO   0.00000e+00  1.00000e-03     no limits
    10 beta_2CBO    0.00000e+00  1.00000e-03     no limits
    11 alpha_y      0.00000e+00  1.00000e-03     no limits
    12 w_y          1.44500e+01  constant
    13 beta_y       0.00000e+00  1.00000e-03     no limits
    14 alpha_vw     0.00000e+00  1.00000e-03     no limits
    15 w_vw         1.29000e+01  constant
    16 beta_vw      0.00000e+00  1.00000e-03     no limits
    17 LM           4.28749e-04  constant
    18 zeta_y       0.00000e+00  constant
    19 zeta_vw      0.00000e+00  constant
    20 T_CBO        1.00000e+02  1.00000e+00    0.00000e+00  1.00000e+03
    21 alpha_A0     0.00000e+00  1.00000e-03     no limits
    22 beta_A0      0.00000e+00  1.00000e-03     no limits
    23 alpha_phi    0.00000e+00  1.00000e-03     no limits
    24 beta_phi     0.00000e+00  1.00000e-03     no limits
MINUIT - FIT ONLY WIGGLE
 **********
 **    3 **FIX            5
 **********
 PARAMETER    5  IS CONSTANT.   IGNORED.
 **********
 **    4 **FIX            6
 **********
 **********
 **    5 **FIX            7
 **********
 PARAMETER    7  IS CONSTANT.   IGNORED.
 **********
 **    6 **FIX            8
 **********
 **********
 **    7 **FIX            9
 **********
 **********
 **    8 **FIX           10
 **********
 **********
 **    9 **FIX           11
 **********
 **********
 **   10 **FIX           12
 **********
 PARAMETER   12  IS CONSTANT.   IGNORED.
 **********
 **   11 **FIX           13
 **********
 **********
 **   12 **FIX           14
 **********
 **********
 **   13 **FIX           15
 **********
 PARAMETER   15  IS CONSTANT.   IGNORED.
 **********
 **   14 **FIX           16
 **********
 **********
 **   15 **MIGRAD
 **********
 FIRST CALL TO USER FUNCTION AT NEW START POINT, WITH IFLAG=4.
 START MIGRAD MINIMIZATION.  STRATEGY  1.  CONVERGENCE WHEN EDM .LT. 1.00e-04
 FCN=1233.92 FROM MIGRAD    STATUS=INITIATE      437 CALLS         438 TOTAL
                     EDM= unknown      STRATEGY= 1      NO ERROR MATRIX       
  EXT PARAMETER               CURRENT GUESS       STEP         FIRST   
  NO.   NAME      VALUE            ERROR          SIZE      DERIVATIVE 
   1  N0           3.01105e+06   1.00000e+02   0.00000e+00  -3.53531e-02
   2  tau          6.44153e+01   constant   
   3  A0           3.51737e-01   1.00000e-04   0.00000e+00  -2.18910e+05
   4  phi          4.11590e+00   1.00000e-02   0.00000e+00   5.78544e+04
   5  R           -6.13262e+01   constant   
   6  alpha_CBO    0.00000e+00     fixed    
   7  w_CBO        2.32500e+00   constant   
   8  beta_CBO     0.00000e+00     fixed    
   9  alpha_2CBO   0.00000e+00     fixed    
  10  beta_2CBO    0.00000e+00     fixed    
  11  alpha_y      0.00000e+00     fixed    
  12  w_y          1.44500e+01   constant   
  13  beta_y       0.00000e+00     fixed    
  14  alpha_vw     0.00000e+00     fixed    
  15  w_vw         1.29000e+01   constant   
  16  beta_vw      0.00000e+00     fixed    
  17  LM           4.28749e-04   constant   
  18  zeta_y       0.00000e+00   constant   
  19  zeta_vw      0.00000e+00   constant   
  20  T_CBO        1.00000e+02   1.00000e+00   0.00000e+00   0.00000e+00
  21  alpha_A0     0.00000e+00   1.00000e-03   0.00000e+00   1.80331e+04
  22  beta_A0      0.00000e+00   1.00000e-03   0.00000e+00   2.86463e+03
  23  alpha_phi    0.00000e+00   1.00000e-03   0.00000e+00   1.93017e+04
  24  beta_phi     0.00000e+00   1.00000e-03   0.00000e+00  -4.60588e+03
 MIGRAD MINIMIZATION HAS CONVERGED.
 FCN=19.4888 FROM MIGRAD    STATUS=CONVERGED    1103 CALLS        1104 TOTAL
                     EDM=6.72596e-07    STRATEGY= 1  ERROR MATRIX UNCERTAINTY   2.2 per cent
  EXT PARAMETER                                   STEP         FIRST   
  NO.   NAME      VALUE            ERROR          SIZE      DERIVATIVE 
   1  N0           3.02351e+06   2.95146e+03   6.66501e+00  -1.14367e-06
   2  tau          6.44153e+01   constant   
   3  A0           3.61345e-01   4.73657e-03   1.62184e-05   3.81635e+00
   4  phi          4.09159e+00   4.81786e-03  -1.12242e-05  -1.75871e+00
   5  R           -6.13262e+01   constant   
   6  alpha_CBO    0.00000e+00     fixed    
   7  w_CBO        2.32500e+00   constant   
   8  beta_CBO     0.00000e+00     fixed    
   9  alpha_2CBO   0.00000e+00     fixed    
  10  beta_2CBO    0.00000e+00     fixed    
  11  alpha_y      0.00000e+00     fixed    
  12  w_y          1.44500e+01   constant   
  13  beta_y       0.00000e+00     fixed    
  14  alpha_vw     0.00000e+00     fixed    
  15  w_vw         1.29000e+01   constant   
  16  beta_vw      0.00000e+00     fixed    
  17  LM           4.28749e-04   constant   
  18  zeta_y       0.00000e+00   constant   
  19  zeta_vw      0.00000e+00   constant   
  20  T_CBO        5.94684e+01   5.52363e+00  -9.01816e-05  -2.19470e-01
  21  alpha_A0     4.33674e-02   4.97451e-02   1.70179e-04  -1.77614e-01
  22  beta_A0      1.02468e-01   6.80662e-02   2.32509e-04  -3.86996e-02
  23  alpha_phi    5.89847e-02   6.60591e-02   2.24917e-04   1.73182e-01
  24  beta_phi    -7.12381e-02   4.24770e-02  -1.39709e-04   6.69396e-01
 EXTERNAL ERROR MATRIX.    NDIM=  25    NPAR=  8    ERR DEF=1
  8.711e+06  1.310e+01 -1.401e+01 -1.497e+04  1.406e+02  1.909e+02  1.875e+02 -1.206e+02 
  1.310e+01  2.244e-05 -2.145e-05 -2.416e-02  2.342e-04  3.217e-04  3.108e-04 -1.998e-04 
 -1.401e+01 -2.145e-05  2.321e-05  2.452e-02 -2.308e-04 -3.126e-04 -3.069e-04  1.979e-04 
 -1.497e+04 -2.416e-02  2.452e-02  3.052e+01 -2.600e-01 -3.536e-01 -3.461e-01  2.220e-01 
  1.406e+02  2.342e-04 -2.308e-04 -2.600e-01  2.475e-03  3.380e-03  3.281e-03 -2.106e-03 
  1.909e+02  3.217e-04 -3.126e-04 -3.536e-01  3.380e-03  4.633e-03  4.484e-03 -2.880e-03 
  1.875e+02  3.108e-04 -3.069e-04 -3.461e-01  3.281e-03  4.484e-03  4.364e-03 -2.803e-03 
 -1.206e+02 -1.998e-04  1.979e-04  2.220e-01 -2.106e-03 -2.880e-03 -2.803e-03  1.804e-03 
 PARAMETER  CORRELATION COEFFICIENTS  
       NO.  GLOBAL      1      3      4     20     21     22     23     24
        1  0.98944   1.000  0.937 -0.985 -0.918  0.957  0.950  0.962 -0.962
        3  0.99973   0.937  1.000 -0.940 -0.923  0.994  0.998  0.993 -0.993
        4  0.99496  -0.985 -0.940  1.000  0.921 -0.963 -0.953 -0.964  0.967
       20  0.98489  -0.918 -0.923  0.921  1.000 -0.946 -0.940 -0.949  0.946
       21  0.99940   0.957  0.994 -0.963 -0.946  1.000  0.998  0.998 -0.997
       22  0.99980   0.950  0.998 -0.953 -0.940  0.998  1.000  0.997 -0.996
       23  0.99968   0.962  0.993 -0.964 -0.949  0.998  0.997  1.000 -0.999
       24  0.99963  -0.962 -0.993  0.967  0.946 -0.997 -0.996 -0.999  1.000
MINUIT - FIT ONLY 1-CBO + wiggle
 **********
 **   16 **RES 
 **********
                   PARAMETER   16  beta_vw RESTORED TO VARIABLE.
                   PARAMETER   14  alpha_vw RESTORED TO VARIABLE.
                   PARAMETER   13  beta_y RESTORED TO VARIABLE.
                   PARAMETER   11  alpha_y RESTORED TO VARIABLE.
                   PARAMETER   10  beta_2CBO RESTORED TO VARIABLE.
                   PARAMETER    9  alpha_2CBO RESTORED TO VARIABLE.
                   PARAMETER    8  beta_CBO RESTORED TO VARIABLE.
                   PARAMETER    6  alpha_CBO RESTORED TO VARIABLE.
 **********
 **   17 **FIX            8
 **********
 **********
 **   18 **FIX            9
 **********
 **********
 **   19 **FIX           11
 **********
 **********
 **   20 **FIX           12
 **********
 PARAMETER   12  IS CONSTANT.   IGNORED.
 **********
 **   21 **FIX           14
 **********
 **********
 **   22 **FIX           15
 **********
 PARAMETER   15  IS CONSTANT.   IGNORED.
 **********
 **   23 **FIX           16
 **********
 **********
 **   24 **MIGRAD
 **********
 START MIGRAD MINIMIZATION.  STRATEGY  1.  CONVERGENCE WHEN EDM .LT. 1.00e-04
 FCN=19.4888 FROM MIGRAD    STATUS=INITIATE       28 CALLS        1132 TOTAL
                     EDM= unknown      STRATEGY= 1      NO ERROR MATRIX       
  EXT PARAMETER               CURRENT GUESS       STEP         FIRST   
  NO.   NAME      VALUE            ERROR          SIZE      DERIVATIVE 
   1  N0           3.02351e+06   2.95146e+03   6.66501e+00  -1.14367e-06
   2  tau          6.44153e+01   constant   
   3  A0           3.61345e-01   4.73657e-03   1.62184e-05   3.81635e+00
   4  phi          4.09159e+00   4.81786e-03  -1.12242e-05  -1.75871e+00
   5  R           -6.13262e+01   constant   
   6  alpha_CBO    0.00000e+00   1.00000e-03   1.00000e-03  -8.55058e+01
   7  w_CBO        2.32500e+00   constant   
   8  beta_CBO     0.00000e+00     fixed    
   9  alpha_2CBO   0.00000e+00     fixed    
  10  beta_2CBO    0.00000e+00   1.00000e-03   1.00000e-03  -9.72695e+02
  11  alpha_y      0.00000e+00     fixed    
  12  w_y          1.44500e+01   constant   
  13  beta_y       0.00000e+00   1.00000e-03   1.00000e-03  -2.31427e+04
  14  alpha_vw     0.00000e+00     fixed    
  15  w_vw         1.29000e+01   constant   
  16  beta_vw      0.00000e+00     fixed    
  17  LM           4.28749e-04   constant   
  18  zeta_y       0.00000e+00   constant   
  19  zeta_vw      0.00000e+00   constant   
  20  T_CBO        5.94684e+01   5.52363e+00  -9.01816e-05  -2.19471e-01
  21  alpha_A0     4.33674e-02   4.97451e-02   1.70179e-04  -1.77614e-01
  22  beta_A0      1.02468e-01   6.80662e-02   2.32509e-04  -3.87006e-02
  23  alpha_phi    5.89847e-02   6.60591e-02   2.24917e-04   1.73182e-01
  24  beta_phi    -7.12381e-02   4.24770e-02  -1.39709e-04   6.69396e-01
 MIGRAD MINIMIZATION HAS CONVERGED.
 MIGRAD WILL VERIFY CONVERGENCE AND ERROR MATRIX.
 FCN=12.8828 FROM MIGRAD    STATUS=CONVERGED     472 CALLS        1576 TOTAL
                     EDM=6.19285e-05    STRATEGY= 1      ERR MATRIX NOT POS-DEF
  EXT PARAMETER                APPROXIMATE        STEP         FIRST   
  NO.   NAME      VALUE            ERROR          SIZE      DERIVATIVE 
   1  N0           3.02295e+06   4.63557e+03   1.44146e+00   1.25321e-06
   2  tau          6.44153e+01   constant   
   3  A0           3.61655e-01   2.51577e-03   4.00600e-07   1.93679e+00
   4  phi          4.09301e+00   5.46202e-03   1.95170e-06   3.99718e-01
   5  R           -6.13262e+01   constant   
   6  alpha_CBO   -2.17070e-03   1.95855e-03   3.68463e-07   1.83361e-01
   7  w_CBO        2.32500e+00   constant   
   8  beta_CBO     0.00000e+00     fixed    
   9  alpha_2CBO   0.00000e+00     fixed    
  10  beta_2CBO    4.35411e-04   6.86661e-04   3.74257e-07  -2.20150e+00
  11  alpha_y      0.00000e+00     fixed    
  12  w_y          1.44500e+01   constant   
  13  beta_y       5.60210e-04   2.15903e-04   3.75423e-07  -1.36809e+00
  14  alpha_vw     0.00000e+00     fixed    
  15  w_vw         1.29000e+01   constant   
  16  beta_vw      0.00000e+00     fixed    
  17  LM           4.28749e-04   constant   
  18  zeta_y       0.00000e+00   constant   
  19  zeta_vw      0.00000e+00   constant   
  20  T_CBO        6.45437e+01   1.42719e+01   8.21308e-06  -7.51622e-02
  21  alpha_A0     6.51538e-02   2.77455e-02   4.90976e-06   1.14312e-02
  22  beta_A0      1.01154e-01   3.01155e-02   5.45120e-06  -4.28573e-02
  23  alpha_phi    8.05896e-02   2.93269e-02   5.35615e-06   6.35165e-02
  24  beta_phi    -6.89158e-02   2.53143e-02   5.02368e-06   2.46481e-01
 EXTERNAL ERROR MATRIX.    NDIM=  25    NPAR= 11    ERR DEF=1
  2.149e+07 
  3.012e+00  6.329e-06 
  4.670e+00 -7.758e-06  2.983e-05 
  1.577e+00  2.170e-06 -5.070e-06  3.836e-06 
  2.868e-01 -3.499e-07 -5.236e-07 -7.446e-07  4.715e-07 
 -5.485e-02  2.739e-08  1.235e-07 -6.107e-08 -8.412e-09  4.661e-08 
  9.460e+03  1.712e-02 -1.765e-02 -1.343e-03  1.147e-03  1.937e-04  2.039e+02 
 -6.122e+01  1.057e-05 -7.089e-05 -1.995e-05  8.420e-06  3.093e-07 -8.176e-02  7.698e-04 
  7.663e+01  2.522e-05  2.752e-05  1.385e-05 -5.576e-06  1.908e-07 -2.081e-01  6.019e-06  9.069e-04 
  8.231e+01  1.634e-05  2.922e-05 -1.874e-05  6.827e-06  4.115e-07 -9.327e-02  2.354e-04  6.534e-04  8.601e-04 
  6.213e+01 -1.969e-05  8.773e-05 -1.463e-05  2.827e-06 -9.847e-09  1.498e-01 -5.000e-04 -1.456e-04  2.479e-05  6.408e-04 
ERR MATRIX NOT POS-DEF
 PARAMETER  CORRELATION COEFFICIENTS  
       NO.  GLOBAL      1      3      4      6     10     13     20     21     22     23     24
        1  0.99532   1.000  0.258  0.184  0.174  0.090 -0.055  0.143 -0.476  0.549  0.605  0.529
        3  0.99618   0.258  1.000 -0.565  0.440 -0.203  0.050  0.476  0.151  0.333  0.221 -0.309
        4  0.99402   0.184 -0.565  1.000 -0.474 -0.140  0.105 -0.226 -0.468  0.167  0.182  0.634
        6  0.99466   0.174  0.440 -0.474  1.000 -0.554 -0.144 -0.048 -0.367  0.235 -0.326 -0.295
       10  0.95425   0.090 -0.203 -0.140 -0.554  1.000 -0.057  0.117  0.442 -0.270  0.339  0.163
       13  0.30002  -0.055  0.050  0.105 -0.144 -0.057  1.000  0.063  0.052  0.029  0.065 -0.002
       20  0.99699   0.143  0.476 -0.226 -0.048  0.117  0.063  1.000 -0.206 -0.484 -0.223  0.414
       21  0.99528  -0.476  0.151 -0.468 -0.367  0.442  0.052 -0.206  1.000  0.007  0.289 -0.712
       22  0.99506   0.549  0.333  0.167  0.235 -0.270  0.029 -0.484  0.007  1.000  0.740 -0.191
       23  0.99497   0.605  0.221  0.182 -0.326  0.339  0.065 -0.223  0.289  0.740  1.000  0.033
       24  0.99406   0.529 -0.309  0.634 -0.295  0.163 -0.002  0.414 -0.712 -0.191  0.033  1.000
 ERR MATRIX NOT POS-DEF
MINUIT - FIT ONLY 2-CBO
 **********
 **   25 **RES 
 **********
                   PARAMETER   16  beta_vw RESTORED TO VARIABLE.
                   PARAMETER   14  alpha_vw RESTORED TO VARIABLE.
                   PARAMETER   11  alpha_y RESTORED TO VARIABLE.
                   PARAMETER    9  alpha_2CBO RESTORED TO VARIABLE.
                   PARAMETER    8  beta_CBO RESTORED TO VARIABLE.
 **********
 **   26 **FIX            0
 **********
 PARAMETER    0  IS UNDEFINED. IGNORED.
 **********
 **   27 **FIX            1
 **********
 **********
 **   28 **FIX            2
 **********
 PARAMETER    2  IS CONSTANT.   IGNORED.
 **********
 **   29 **FIX            3
 **********
 **********
 **   30 **FIX            4
 **********
 **********
 **   31 **FIX            5
 **********
 PARAMETER    5  IS CONSTANT.   IGNORED.
 **********
 **   32 **FIX            6
 **********
 **********
 **   33 **FIX            7
 **********
 PARAMETER    7  IS CONSTANT.   IGNORED.
 **********
 **   34 **FIX           10
 **********
 **********
 **   35 **FIX           11
 **********
 **********
 **   36 **FIX           12
 **********
 PARAMETER   12  IS CONSTANT.   IGNORED.
 **********
 **   37 **FIX           13
 **********
 **********
 **   38 **FIX           14
 **********
 **********
 **   39 **FIX           15
 **********
 PARAMETER   15  IS CONSTANT.   IGNORED.
 **********
 **   40 **FIX           16
 **********
 **********
 **   41 **MIGRAD
 **********
 START MIGRAD MINIMIZATION.  STRATEGY  1.  CONVERGENCE WHEN EDM .LT. 1.00e-04
 FCN=12.8828 FROM MIGRAD    STATUS=INITIATE       18 CALLS        1594 TOTAL
                     EDM= unknown      STRATEGY= 1      NO ERROR MATRIX       
  EXT PARAMETER               CURRENT GUESS       STEP         FIRST   
  NO.   NAME      VALUE            ERROR          SIZE      DERIVATIVE 
   1  N0           3.02295e+06     fixed    
   2  tau          6.44153e+01   constant   
   3  A0           3.61655e-01     fixed    
   4  phi          4.09301e+00     fixed    
   5  R           -6.13262e+01   constant   
   6  alpha_CBO   -2.17070e-03     fixed    
   7  w_CBO        2.32500e+00   constant   
   8  beta_CBO     0.00000e+00   1.00000e-03   1.00000e-03  -6.32164e+01
   9  alpha_2CBO   0.00000e+00   1.00000e-03   1.00000e-03   2.86353e+02
  10  beta_2CBO    4.35411e-04     fixed    
  11  alpha_y      0.00000e+00     fixed    
  12  w_y          1.44500e+01   constant   
  13  beta_y       5.60210e-04     fixed    
  14  alpha_vw     0.00000e+00     fixed    
  15  w_vw         1.29000e+01   constant   
  16  beta_vw      0.00000e+00     fixed    
  17  LM           4.28749e-04   constant   
  18  zeta_y       0.00000e+00   constant   
  19  zeta_vw      0.00000e+00   constant   
  20  T_CBO        6.45437e+01   1.42719e+01   8.21308e-06  -7.51608e-02
  21  alpha_A0     6.51538e-02   2.77455e-02   4.90976e-06   1.14233e-02
  22  beta_A0      1.01154e-01   3.01155e-02   5.45120e-06  -4.28641e-02
  23  alpha_phi    8.05896e-02   2.93269e-02   5.35615e-06   6.35157e-02
  24  beta_phi    -6.89158e-02   2.53143e-02   5.02368e-06   2.46482e-01
 MIGRAD MINIMIZATION HAS CONVERGED.
 MIGRAD WILL VERIFY CONVERGENCE AND ERROR MATRIX.
 FCN=12.8786 FROM MIGRAD    STATUS=CONVERGED     165 CALLS        1741 TOTAL
                     EDM=1.97495e-06    STRATEGY= 1      ERR MATRIX NOT POS-DEF
  EXT PARAMETER                APPROXIMATE        STEP         FIRST   
  NO.   NAME      VALUE            ERROR          SIZE      DERIVATIVE 
   1  N0           3.02295e+06     fixed    
   2  tau          6.44153e+01   constant   
   3  A0           3.61655e-01     fixed    
   4  phi          4.09301e+00     fixed    
   5  R           -6.13262e+01   constant   
   6  alpha_CBO   -2.17070e-03     fixed    
   7  w_CBO        2.32500e+00   constant   
   8  beta_CBO    -2.42135e-05   5.97507e-04   3.97374e-07  -7.05357e-02
   9  alpha_2CBO  -3.49198e-05   5.33301e-04   3.90451e-07  -8.28799e-02
  10  beta_2CBO    4.35411e-04     fixed    
  11  alpha_y      0.00000e+00     fixed    
  12  w_y          1.44500e+01   constant   
  13  beta_y       5.60210e-04     fixed    
  14  alpha_vw     0.00000e+00     fixed    
  15  w_vw         1.29000e+01   constant   
  16  beta_vw      0.00000e+00     fixed    
  17  LM           4.28749e-04   constant   
  18  zeta_y       0.00000e+00   constant   
  19  zeta_vw      0.00000e+00   constant   
  20  T_CBO        6.45389e+01   1.49019e+01   8.20592e-06   1.43325e-02
  21  alpha_A0     6.53145e-02   1.85170e-02   4.90948e-06  -1.67602e-02
  22  beta_A0      1.01560e-01   2.90840e-02   5.45041e-06  -1.75468e-02
  23  alpha_phi    8.03030e-02   2.27789e-02   5.35603e-06  -7.20068e-03
  24  beta_phi    -6.85536e-02   2.04859e-02   5.02358e-06   8.39525e-03
 EXTERNAL ERROR MATRIX.    NDIM=  25    NPAR=  7    ERR DEF=1
  3.570e-07  2.349e-07 -7.013e-04 -5.470e-07 -3.452e-06  3.374e-06 -4.145e-06 
  2.349e-07  2.844e-07 -1.783e-06 -1.329e-06 -3.628e-06  2.459e-06 -3.149e-06 
 -7.013e-04 -1.783e-06  2.223e+02 -2.700e-01 -4.140e-01 -3.289e-01  2.884e-01 
 -5.470e-07 -1.329e-06 -2.700e-01  3.429e-04  5.239e-04  3.904e-04 -3.342e-04 
 -3.452e-06 -3.628e-06 -4.140e-01  5.239e-04  8.459e-04  5.788e-04 -4.890e-04 
  3.374e-06  2.459e-06 -3.289e-01  3.904e-04  5.788e-04  5.189e-04 -4.572e-04 
 -4.145e-06 -3.149e-06  2.884e-01 -3.342e-04 -4.890e-04 -4.572e-04  4.197e-04 
ERR MATRIX NOT POS-DEF
 PARAMETER  CORRELATION COEFFICIENTS  
       NO.  GLOBAL      8      9     20     21     22     23     24
        8  0.93095   1.000  0.737 -0.079 -0.049 -0.199  0.248 -0.339
        9  0.91564   0.737  1.000 -0.000 -0.135 -0.234  0.202 -0.288
       20  0.99724  -0.079 -0.000  1.000 -0.978 -0.955 -0.968  0.944
       21  0.98935  -0.049 -0.135 -0.978  1.000  0.973  0.926 -0.881
       22  0.99469  -0.199 -0.234 -0.955  0.973  1.000  0.874 -0.821
       23  0.99163   0.248  0.202 -0.968  0.926  0.874  1.000 -0.980
       24  0.99089  -0.339 -0.288  0.944 -0.881 -0.821 -0.980  1.000
 ERR MATRIX NOT POS-DEF
MINUIT - FIT wiggle + 1-CBO + 2-CBO
 **********
 **   42 **RES 
 **********
                   PARAMETER   16  beta_vw RESTORED TO VARIABLE.
                   PARAMETER   14  alpha_vw RESTORED TO VARIABLE.
                   PARAMETER   13  beta_y RESTORED TO VARIABLE.
                   PARAMETER   11  alpha_y RESTORED TO VARIABLE.
                   PARAMETER   10  beta_2CBO RESTORED TO VARIABLE.
                   PARAMETER    6  alpha_CBO RESTORED TO VARIABLE.
                   PARAMETER    4  phi RESTORED TO VARIABLE.
                   PARAMETER    3  A0 RESTORED TO VARIABLE.
                   PARAMETER    1  N0 RESTORED TO VARIABLE.
 **********
 **   43 **FIX           10
 **********
 **********
 **   44 **FIX           11
 **********
 **********
 **   45 **FIX           12
 **********
 PARAMETER   12  IS CONSTANT.   IGNORED.
 **********
 **   46 **FIX           13
 **********
 **********
 **   47 **FIX           14
 **********
 **********
 **   48 **FIX           15
 **********
 PARAMETER   15  IS CONSTANT.   IGNORED.
 **********
 **   49 **FIX           16
 **********
 **********
 **   50 **MIGRAD
 **********
 START MIGRAD MINIMIZATION.  STRATEGY  1.  CONVERGENCE WHEN EDM .LT. 1.00e-04
 FCN=12.8786 FROM MIGRAD    STATUS=INITIATE       22 CALLS        1763 TOTAL
                     EDM= unknown      STRATEGY= 1      NO ERROR MATRIX       
  EXT PARAMETER               CURRENT GUESS       STEP         FIRST   
  NO.   NAME      VALUE            ERROR          SIZE      DERIVATIVE 
   1  N0           3.02295e+06   4.63557e+03   4.63557e+03   5.20343e-06
   2  tau          6.44153e+01   constant   
   3  A0           3.61655e-01   2.51577e-03   2.51577e-03  -2.64005e+01
   4  phi          4.09301e+00   5.46202e-03   5.46202e-03  -8.00616e-01
   5  R           -6.13262e+01   constant   
   6  alpha_CBO   -2.17070e-03   1.95855e-03   1.95855e-03   5.90550e+01
   7  w_CBO        2.32500e+00   constant   
   8  beta_CBO    -2.42135e-05   5.97507e-04   3.97374e-07  -7.05179e-02
   9  alpha_2CBO  -3.49198e-05   5.33301e-04   3.90451e-07  -8.28641e-02
  10  beta_2CBO    4.35411e-04     fixed    
  11  alpha_y      0.00000e+00     fixed    
  12  w_y          1.44500e+01   constant   
  13  beta_y       5.60210e-04     fixed    
  14  alpha_vw     0.00000e+00     fixed    
  15  w_vw         1.29000e+01   constant   
  16  beta_vw      0.00000e+00     fixed    
  17  LM           4.28749e-04   constant   
  18  zeta_y       0.00000e+00   constant   
  19  zeta_vw      0.00000e+00   constant   
  20  T_CBO        6.45389e+01   1.49019e+01   8.20592e-06   1.43226e-02
  21  alpha_A0     6.53145e-02   1.85170e-02   4.90948e-06  -1.67570e-02
  22  beta_A0      1.01560e-01   2.90840e-02   5.45041e-06  -1.75477e-02
  23  alpha_phi    8.03030e-02   2.27789e-02   5.35603e-06  -7.20051e-03
  24  beta_phi    -6.85536e-02   2.04859e-02   5.02358e-06   8.39628e-03
 CALL LIMIT EXCEEDED IN MIGRAD.
 MIGRAD TERMINATED WITHOUT CONVERGENCE.
 FCN=11.8538 FROM MIGRAD    STATUS=CALL LIMIT   1920 CALLS        3661 TOTAL
                     EDM=0.0560353    STRATEGY= 1  ERROR MATRIX UNCERTAINTY  16.4 per cent
  EXT PARAMETER                APPROXIMATE        STEP         FIRST   
  NO.   NAME      VALUE            ERROR          SIZE      DERIVATIVE 
   1  N0           2.99125e+06   2.18754e+04  -1.91619e+03   7.69872e-04
   2  tau          6.44153e+01   constant   
   3  A0           4.03497e-01   1.37306e-02   1.34857e-03  -6.04432e+01
   4  phi          4.14210e+00   2.31300e-02   2.37985e-03   6.75319e+02
   5  R           -6.13262e+01   constant   
   6  alpha_CBO   -1.54953e-03   3.46437e-03  -3.99486e-04   5.33720e+02
   7  w_CBO        2.32500e+00   constant   
   8  beta_CBO     2.23294e-02   9.10081e-03   8.01341e-04  -5.13665e+02
   9  alpha_2CBO   2.11148e-04   1.11867e-03  -8.22434e-05  -6.00592e+02
  10  beta_2CBO    4.35411e-04     fixed    
  11  alpha_y      0.00000e+00     fixed    
  12  w_y          1.44500e+01   constant   
  13  beta_y       5.60210e-04     fixed    
  14  alpha_vw     0.00000e+00     fixed    
  15  w_vw         1.29000e+01   constant   
  16  beta_vw      0.00000e+00     fixed    
  17  LM           4.28749e-04   constant   
  18  zeta_y       0.00000e+00   constant   
  19  zeta_vw      0.00000e+00   constant   
  20  T_CBO        1.10479e+02   2.01451e+01   5.92567e-03   2.86512e+01
  21  alpha_A0     8.18915e-02   1.83804e-02   1.70107e-03   1.67592e+02
  22  beta_A0      1.37380e-01   3.99778e-02   6.83594e-05  -8.97729e+01
  23  alpha_phi    1.76777e-01   3.39917e-02   1.78058e-03  -8.74993e+01
  24  beta_phi    -1.50807e-01   2.70040e-02  -1.24968e-03  -1.85344e+02
 EXTERNAL ERROR MATRIX.    NDIM=  25    NPAR= 11    ERR DEF=1
  4.785e+08 
 -1.675e+02  1.885e-04 
 -4.864e+02  2.422e-04  5.350e-04 
  2.894e+01 -1.244e-05 -3.286e-05  1.200e-05 
 -1.807e+02  1.030e-04  2.047e-04 -6.917e-06  8.282e-05 
 -4.583e+00 -1.937e-06  2.042e-06  2.795e-06  2.211e-06  1.251e-06 
 -2.329e+04  2.196e-01  1.458e-01 -2.990e-02  6.192e-02 -1.281e-02  4.064e+02 
  5.311e+01  6.021e-05  5.061e-07 -5.167e-05 -2.133e-05 -1.898e-05  2.551e-01  3.378e-04 
  5.976e+02  1.008e-04 -4.290e-04 -2.209e-07 -1.472e-04 -2.485e-05  5.497e-01  4.214e-04  1.598e-03 
  1.865e+02  2.979e-04  1.675e-05 -1.952e-05  3.044e-05 -1.779e-05  6.401e-01  3.662e-04  1.165e-03  1.155e-03 
  5.280e+02 -2.164e-04 -5.462e-04 -3.315e-06 -2.270e-04 -1.625e-05  1.043e-02  2.308e-04  7.032e-04  1.936e-04  7.292e-04 
ERR MATRIX APPROXIMATE
 PARAMETER  CORRELATION COEFFICIENTS  
       NO.  GLOBAL      1      3      4      6      8      9     20     21     22     23     24
        1  0.99998   1.000 -0.558 -0.961  0.382 -0.908 -0.187 -0.053  0.132  0.683  0.251  0.894
        3  0.99992  -0.558  1.000  0.763 -0.261  0.824 -0.126  0.793  0.239  0.184  0.638 -0.584
        4  0.99998  -0.961  0.763  1.000 -0.410  0.972  0.079  0.313  0.001 -0.464  0.021 -0.874
        6  0.99934   0.382 -0.261 -0.410  1.000 -0.219  0.721 -0.428 -0.811 -0.002 -0.166 -0.035
        8  0.99990  -0.908  0.824  0.972 -0.219  1.000  0.217  0.338 -0.128 -0.404  0.098 -0.924
        9  0.99234  -0.187 -0.126  0.079  0.721  0.217  1.000 -0.568 -0.923 -0.556 -0.468 -0.538
       20  0.99955  -0.053  0.793  0.313 -0.428  0.338 -0.568  1.000  0.689  0.682  0.934  0.019
       21  0.99951   0.132  0.239  0.001 -0.811 -0.128 -0.923  0.689  1.000  0.573  0.586  0.465
       22  0.99976   0.683  0.184 -0.464 -0.002 -0.404 -0.556  0.682  0.573  1.000  0.857  0.651
       23  0.99960   0.251  0.638  0.021 -0.166  0.098 -0.468  0.934  0.586  0.857  1.000  0.211
       24  0.99978   0.894 -0.584 -0.874 -0.035 -0.924 -0.538  0.019  0.465  0.651  0.211  1.000
 ERR MATRIX APPROXIMATE
MINUIT - FIT ONLY 1-y
 **********
 **   51 **RES 
 **********
                   PARAMETER   16  beta_vw RESTORED TO VARIABLE.
                   PARAMETER   14  alpha_vw RESTORED TO VARIABLE.
                   PARAMETER   13  beta_y RESTORED TO VARIABLE.
                   PARAMETER   11  alpha_y RESTORED TO VARIABLE.
                   PARAMETER   10  beta_2CBO RESTORED TO VARIABLE.
 **********
 **   52 **FIX            0
 **********
 PARAMETER    0  IS UNDEFINED. IGNORED.
 **********
 **   53 **FIX            1
 **********
 **********
 **   54 **FIX            2
 **********
 PARAMETER    2  IS CONSTANT.   IGNORED.
 **********
 **   55 **FIX            3
 **********
 **********
 **   56 **FIX            4
 **********
 **********
 **   57 **FIX            5
 **********
 PARAMETER    5  IS CONSTANT.   IGNORED.
 **********
 **   58 **FIX            6
 **********
 **********
 **   59 **FIX            7
 **********
 PARAMETER    7  IS CONSTANT.   IGNORED.
 **********
 **   60 **FIX            8
 **********
 **********
 **   61 **FIX            9
 **********
 **********
 **   62 **FIX           13
 **********
 **********
 **   63 **FIX           14
 **********
 **********
 **   64 **FIX           15
 **********
 PARAMETER   15  IS CONSTANT.   IGNORED.
 **********
 **   65 **FIX           16
 **********
 **********
 **   66 **MIGRAD
 **********
 START MIGRAD MINIMIZATION.  STRATEGY  1.  CONVERGENCE WHEN EDM .LT. 1.00e-04
 FCN=11.8538 FROM MIGRAD    STATUS=INITIATE       16 CALLS        3677 TOTAL
                     EDM= unknown      STRATEGY= 1      NO ERROR MATRIX       
  EXT PARAMETER               CURRENT GUESS       STEP         FIRST   
  NO.   NAME      VALUE            ERROR          SIZE      DERIVATIVE 
   1  N0           2.99125e+06     fixed    
   2  tau          6.44153e+01   constant   
   3  A0           4.03497e-01     fixed    
   4  phi          4.14210e+00     fixed    
   5  R           -6.13262e+01   constant   
   6  alpha_CBO   -1.54953e-03     fixed    
   7  w_CBO        2.32500e+00   constant   
   8  beta_CBO     2.23294e-02     fixed    
   9  alpha_2CBO   2.11148e-04     fixed    
  10  beta_2CBO    4.35411e-04   6.86661e-04   6.86661e-04  -1.32840e+02
  11  alpha_y      0.00000e+00   1.00000e-03   1.00000e-03   2.59194e+04
  12  w_y          1.44500e+01   constant   
  13  beta_y       5.60210e-04     fixed    
  14  alpha_vw     0.00000e+00     fixed    
  15  w_vw         1.29000e+01   constant   
  16  beta_vw      0.00000e+00     fixed    
  17  LM           4.28749e-04   constant   
  18  zeta_y       0.00000e+00   constant   
  19  zeta_vw      0.00000e+00   constant   
  20  T_CBO        1.10479e+02   2.01451e+01   5.92567e-03   2.86512e+01
  21  alpha_A0     8.18915e-02   1.83804e-02   1.70107e-03   1.67592e+02
  22  beta_A0      1.37380e-01   3.99778e-02   6.83594e-05  -8.97729e+01
  23  alpha_phi    1.76777e-01   3.39917e-02   1.78058e-03  -8.74993e+01
  24  beta_phi    -1.50807e-01   2.70040e-02  -1.24968e-03  -1.85344e+02
 MIGRAD MINIMIZATION HAS CONVERGED.
 MIGRAD WILL VERIFY CONVERGENCE AND ERROR MATRIX.
 FCN=3.92807 FROM MIGRAD    STATUS=CONVERGED     161 CALLS        3822 TOTAL
                     EDM=4.84174e-05    STRATEGY= 1      ERR MATRIX NOT POS-DEF
  EXT PARAMETER                APPROXIMATE        STEP         FIRST   
  NO.   NAME      VALUE            ERROR          SIZE      DERIVATIVE 
   1  N0           2.99125e+06     fixed    
   2  tau          6.44153e+01   constant   
   3  A0           4.03497e-01     fixed    
   4  phi          4.14210e+00     fixed    
   5  R           -6.13262e+01   constant   
   6  alpha_CBO   -1.54953e-03     fixed    
   7  w_CBO        2.32500e+00   constant   
   8  beta_CBO     2.23294e-02     fixed    
   9  alpha_2CBO   2.11148e-04     fixed    
  10  beta_2CBO    5.51495e-04   3.29649e-04   2.22510e-07   4.04076e-01
  11  alpha_y     -6.05304e-04   2.15323e-04   2.31795e-07   2.92774e+00
  12  w_y          1.44500e+01   constant   
  13  beta_y       5.60210e-04     fixed    
  14  alpha_vw     0.00000e+00     fixed    
  15  w_vw         1.29000e+01   constant   
  16  beta_vw      0.00000e+00     fixed    
  17  LM           4.28749e-04   constant   
  18  zeta_y       0.00000e+00   constant   
  19  zeta_vw      0.00000e+00   constant   
  20  T_CBO        1.10312e+02   1.35352e+01   3.49372e-06   7.75188e-02
  21  alpha_A0     8.21177e-02   7.23742e-03   1.48905e-06  -1.86501e-01
  22  beta_A0      1.37245e-01   1.20953e-02   1.67840e-06  -8.46225e-02
  23  alpha_phi    1.77164e-01   1.51700e-02   1.81537e-06  -1.14701e-01
  24  beta_phi    -1.50016e-01   1.32564e-02   1.68335e-06   1.82406e-01
 EXTERNAL ERROR MATRIX.    NDIM=  25    NPAR=  7    ERR DEF=1
  1.087e-07 -7.423e-09  3.475e-04  6.245e-08 -6.196e-07 -2.155e-07  7.475e-07 
 -7.423e-09  4.636e-08  1.413e-05 -2.410e-08  1.533e-08 -2.607e-08 -3.680e-08 
  3.475e-04  1.413e-05  1.833e+02 -9.549e-02 -1.619e-01 -2.038e-01  1.773e-01 
  6.245e-08 -2.410e-08 -9.549e-02  5.238e-05  8.381e-05  1.073e-04 -9.135e-05 
 -6.196e-07  1.533e-08 -1.619e-01  8.381e-05  1.463e-04  1.798e-04 -1.575e-04 
 -2.155e-07 -2.607e-08 -2.038e-01  1.073e-04  1.798e-04  2.301e-04 -1.971e-04 
  7.475e-07 -3.680e-08  1.773e-01 -9.135e-05 -1.575e-04 -1.971e-04  1.757e-04 
ERR MATRIX NOT POS-DEF
 PARAMETER  CORRELATION COEFFICIENTS  
       NO.  GLOBAL     10     11     20     21     22     23     24
       10  0.78304   1.000 -0.105  0.078  0.026 -0.155 -0.043  0.171
       11  0.12666  -0.105  1.000  0.005 -0.015  0.006 -0.008 -0.013
       20  0.99722   0.078  0.005  1.000 -0.974 -0.988 -0.992  0.988
       21  0.98186   0.026 -0.015 -0.974  1.000  0.957  0.977 -0.952
       22  0.99179  -0.155  0.006 -0.988  0.957  1.000  0.980 -0.982
       23  0.99390  -0.043 -0.008 -0.992  0.977  0.980  1.000 -0.980
       24  0.99313   0.171 -0.013  0.988 -0.952 -0.982 -0.980  1.000
 ERR MATRIX NOT POS-DEF
MINUIT - FIT ONLY 2-y
 **********
 **   67 **RES 
 **********
                   PARAMETER   16  beta_vw RESTORED TO VARIABLE.
                   PARAMETER   14  alpha_vw RESTORED TO VARIABLE.
                   PARAMETER   13  beta_y RESTORED TO VARIABLE.
                   PARAMETER    9  alpha_2CBO RESTORED TO VARIABLE.
                   PARAMETER    8  beta_CBO RESTORED TO VARIABLE.
                   PARAMETER    6  alpha_CBO RESTORED TO VARIABLE.
                   PARAMETER    4  phi RESTORED TO VARIABLE.
                   PARAMETER    3  A0 RESTORED TO VARIABLE.
                   PARAMETER    1  N0 RESTORED TO VARIABLE.
 **********
 **   68 **FIX            0
 **********
 PARAMETER    0  IS UNDEFINED. IGNORED.
 **********
 **   69 **FIX            1
 **********
 **********
 **   70 **FIX            2
 **********
 PARAMETER    2  IS CONSTANT.   IGNORED.
 **********
 **   71 **FIX            3
 **********
 **********
 **   72 **FIX            4
 **********
 **********
 **   73 **FIX            5
 **********
 PARAMETER    5  IS CONSTANT.   IGNORED.
 **********
 **   74 **FIX            6
 **********
 **********
 **   75 **FIX            7
 **********
 PARAMETER    7  IS CONSTANT.   IGNORED.
 **********
 **   76 **FIX            8
 **********
 **********
 **   77 **FIX            9
 **********
 **********
 **   78 **FIX           10
 **********
 **********
 **   79 **FIX           11
 **********
 **********
 **   80 **FIX           12
 **********
 PARAMETER   12  IS CONSTANT.   IGNORED.
 **********
 **   81 **FIX           16
 **********
 **********
 **   82 **MIGRAD
 **********
 START MIGRAD MINIMIZATION.  STRATEGY  1.  CONVERGENCE WHEN EDM .LT. 1.00e-04
 FCN=3.92807 FROM MIGRAD    STATUS=INITIATE       16 CALLS        3838 TOTAL
                     EDM= unknown      STRATEGY= 1      NO ERROR MATRIX       
  EXT PARAMETER               CURRENT GUESS       STEP         FIRST   
  NO.   NAME      VALUE            ERROR          SIZE      DERIVATIVE 
   1  N0           2.99125e+06     fixed    
   2  tau          6.44153e+01   constant   
   3  A0           4.03497e-01     fixed    
   4  phi          4.14210e+00     fixed    
   5  R           -6.13262e+01   constant   
   6  alpha_CBO   -1.54953e-03     fixed    
   7  w_CBO        2.32500e+00   constant   
   8  beta_CBO     2.23294e-02     fixed    
   9  alpha_2CBO   2.11148e-04     fixed    
  10  beta_2CBO    5.51495e-04     fixed    
  11  alpha_y     -6.05304e-04     fixed    
  12  w_y          1.44500e+01   constant   
  13  beta_y       5.60210e-04   2.15903e-04   2.15903e-04  -5.90881e+02
  14  alpha_vw     0.00000e+00   1.00000e-03   1.00000e-03   9.71458e+03
  15  w_vw         1.29000e+01   constant   
  16  beta_vw      0.00000e+00     fixed    
  17  LM           4.28749e-04   constant   
  18  zeta_y       0.00000e+00   constant   
  19  zeta_vw      0.00000e+00   constant   
  20  T_CBO        1.10312e+02   1.35352e+01   3.49372e-06   7.75089e-02
  21  alpha_A0     8.21177e-02   7.23742e-03   1.48905e-06  -1.86490e-01
  22  beta_A0      1.37245e-01   1.20953e-02   1.67840e-06  -8.46425e-02
  23  alpha_phi    1.77164e-01   1.51700e-02   1.81537e-06  -1.14701e-01
  24  beta_phi    -1.50016e-01   1.32564e-02   1.68335e-06   1.82405e-01
 MIGRAD MINIMIZATION HAS CONVERGED.
 MIGRAD WILL VERIFY CONVERGENCE AND ERROR MATRIX.
 COVARIANCE MATRIX CALCULATED SUCCESSFULLY
 FCN=2.39272 FROM HESSE     STATUS=OK             50 CALLS        3952 TOTAL
                     EDM=0.0157028    STRATEGY= 1      ERROR MATRIX ACCURATE 
  EXT PARAMETER                                   STEP         FIRST   
  NO.   NAME      VALUE            ERROR          SIZE      DERIVATIVE 
   1  N0           2.99125e+06     fixed    
   2  tau          6.44153e+01   constant   
   3  A0           4.03497e-01     fixed    
   4  phi          4.14210e+00     fixed    
   5  R           -6.13262e+01   constant   
   6  alpha_CBO   -1.54953e-03     fixed    
   7  w_CBO        2.32500e+00   constant   
   8  beta_CBO     2.23294e-02     fixed    
   9  alpha_2CBO   2.11148e-04     fixed    
  10  beta_2CBO    5.51495e-04     fixed    
  11  alpha_y     -6.05304e-04     fixed    
  12  w_y          1.44500e+01   constant   
  13  beta_y       7.09880e-04   2.36858e-04   1.85598e-07  -2.63994e+00
  14  alpha_vw    -3.06993e-04   2.48441e-04   1.94342e-07  -1.55313e-01
  15  w_vw         1.29000e+01   constant   
  16  beta_vw      0.00000e+00     fixed    
  17  LM           4.28749e-04   constant   
  18  zeta_y       0.00000e+00   constant   
  19  zeta_vw      0.00000e+00   constant   
  20  T_CBO        1.10463e+02   1.43847e+02   2.89959e-06   5.57615e-01
  21  alpha_A0     8.19776e-02   7.84757e-02   1.23413e-06  -2.10292e+00
  22  beta_A0      1.37313e-01   1.31213e-01   1.39110e-06   4.97594e-01
  23  alpha_phi    1.77240e-01   1.66911e-01   1.50486e-06   1.61546e+00
  24  beta_phi    -1.50351e-01   1.43883e-01   1.39556e-06   1.07467e+00
 MIGRAD MINIMIZATION HAS CONVERGED.
 MIGRAD WILL VERIFY CONVERGENCE AND ERROR MATRIX.
 COVARIANCE MATRIX CALCULATED SUCCESSFULLY
 FCN=2.38216 FROM MIGRAD    STATUS=CONVERGED     517 CALLS        4339 TOTAL
                     EDM=4.99783e-06    STRATEGY= 1      ERROR MATRIX ACCURATE 
  EXT PARAMETER                                   STEP         FIRST   
  NO.   NAME      VALUE            ERROR          SIZE      DERIVATIVE 
   1  N0           2.99125e+06     fixed    
   2  tau          6.44153e+01   constant   
   3  A0           4.03497e-01     fixed    
   4  phi          4.14210e+00     fixed    
   5  R           -6.13262e+01   constant   
   6  alpha_CBO   -1.54953e-03     fixed    
   7  w_CBO        2.32500e+00   constant   
   8  beta_CBO     2.23294e-02     fixed    
   9  alpha_2CBO   2.11148e-04     fixed    
  10  beta_2CBO    5.51495e-04     fixed    
  11  alpha_y     -6.05304e-04     fixed    
  12  w_y          1.44500e+01   constant   
  13  beta_y       7.11479e-04   2.36570e-04   1.85309e-07   6.76589e+00
  14  alpha_vw    -3.08155e-04   2.48261e-04   1.94039e-07   1.80285e+00
  15  w_vw         1.29000e+01   constant   
  16  beta_vw      0.00000e+00     fixed    
