 + ++++++++++++++++++++++++++++++++++++++++++++++++++++++++++++++++++++ +
 +                                                                      +
 +           You have chose to blind your fitting according to          +
 +                omega_ref * (1 + (R +/- deltaR) *10^{-6})             +
 +                                                                      +
 + ++++++++++++++++++++++++++++++++++++++++++++++++++++++++++++++++++++ +
In main()...
reading format from /gm2data/zkhechad/run45/envelope/formats/formatB_sBin_constraintOn.txt
pBinTau 	= 0  
pBinPhi 	= 0  
constraintau 	= 1 
includeMopTerm 	= 0    
constrainMop    = 0   
Parameters after format file: pBinTau 0 pBinPhi 0 constraintau 1 includeMopTerm 0 constrainMop 0 c_e_scale 0.000000 
Opening file /gm2data/tbarrett/gm2fr/studies/run23_bunch_corrections/CorrectedFourier_Run3b.root.
reading full fit data from /gm2data/zkhechad/cboTemplates/Run4CBOTemplates/fullFits/noRF/sBin_constraintOn_cE0.0_seed0_noRF_calo6.root
windowBins = 69
fitting sliding window 630 from bin 766 at 114.138000 to bin 835 at 124.582000 (69 bins)

Reading data from /gm2data/cornell/histograms/aMethod/histogram_a_noRF.root
 **********
 **    1 **SET PRINTOUT            1
 **********
 **********
 **    2 **SET NOWARNINGS 
 **********
 PARAMETER DEFINITIONS:
    NO.   NAME         VALUE      STEP SIZE      LIMITS
     1 N0           2.91036e+06  1.00000e+02     no limits
     2 tau          6.44099e+01  constant
     3 A0           3.53688e-01  1.00000e-04     no limits
     4 phi          4.11540e+00  1.00000e-02     no limits
     5 R           -6.16610e+01  constant
     6 alpha_CBO    0.00000e+00  1.00000e-03     no limits
     7 w_CBO        2.32500e+00  constant
     8 beta_CBO     0.00000e+00  1.00000e-03     no limits
     9 alpha_2CBO   0.00000e+00  1.00000e-03     no limits
    10 beta_2CBO    0.00000e+00  1.00000e-03     no limits
    11 alpha_y      0.00000e+00  1.00000e-03     no limits
    12 w_y          1.38860e+01  constant
    13 beta_y       0.00000e+00  1.00000e-03     no limits
    14 alpha_vw     0.00000e+00  1.00000e-03     no limits
    15 w_vw         1.43404e+01  constant
    16 beta_vw      0.00000e+00  1.00000e-03     no limits
    17 LM           1.71412e-04  constant
    18 zeta_y       0.00000e+00  constant
    19 zeta_vw      0.00000e+00  constant
    20 T_CBO        1.00000e+02  1.00000e+00    0.00000e+00  1.00000e+03
    21 alpha_A0     0.00000e+00  1.00000e-03     no limits
    22 beta_A0      0.00000e+00  1.00000e-03     no limits
    23 alpha_phi    0.00000e+00  1.00000e-03     no limits
    24 beta_phi     0.00000e+00  1.00000e-03     no limits
MINUIT - FIT ONLY WIGGLE
 **********
 **    3 **FIX            5
 **********
 PARAMETER    5  IS CONSTANT.   IGNORED.
 **********
 **    4 **FIX            6
 **********
 **********
 **    5 **FIX            7
 **********
 PARAMETER    7  IS CONSTANT.   IGNORED.
 **********
 **    6 **FIX            8
 **********
 **********
 **    7 **FIX            9
 **********
 **********
 **    8 **FIX           10
 **********
 **********
 **    9 **FIX           11
 **********
 **********
 **   10 **FIX           12
 **********
 PARAMETER   12  IS CONSTANT.   IGNORED.
 **********
 **   11 **FIX           13
 **********
 **********
 **   12 **FIX           14
 **********
 **********
 **   13 **FIX           15
 **********
 PARAMETER   15  IS CONSTANT.   IGNORED.
 **********
 **   14 **FIX           16
 **********
 **********
 **   15 **MIGRAD
 **********
 FIRST CALL TO USER FUNCTION AT NEW START POINT, WITH IFLAG=4.
 START MIGRAD MINIMIZATION.  STRATEGY  1.  CONVERGENCE WHEN EDM .LT. 1.00e-04
 FCN=1271.42 FROM MIGRAD    STATUS=INITIATE      435 CALLS         436 TOTAL
                     EDM= unknown      STRATEGY= 1      NO ERROR MATRIX       
  EXT PARAMETER               CURRENT GUESS       STEP         FIRST   
  NO.   NAME      VALUE            ERROR          SIZE      DERIVATIVE 
   1  N0           2.91036e+06   1.00000e+02   0.00000e+00  -2.20645e-02
   2  tau          6.44099e+01   constant   
   3  A0           3.53688e-01   1.00000e-04   0.00000e+00  -3.65224e+04
   4  phi          4.11540e+00   1.00000e-02   0.00000e+00   2.89220e+04
   5  R           -6.16610e+01   constant   
   6  alpha_CBO    0.00000e+00     fixed    
   7  w_CBO        2.32500e+00   constant   
   8  beta_CBO     0.00000e+00     fixed    
   9  alpha_2CBO   0.00000e+00     fixed    
  10  beta_2CBO    0.00000e+00     fixed    
  11  alpha_y      0.00000e+00     fixed    
  12  w_y          1.38860e+01   constant   
  13  beta_y       0.00000e+00     fixed    
  14  alpha_vw     0.00000e+00     fixed    
  15  w_vw         1.43404e+01   constant   
  16  beta_vw      0.00000e+00     fixed    
  17  LM           1.71412e-04   constant   
  18  zeta_y       0.00000e+00   constant   
  19  zeta_vw      0.00000e+00   constant   
  20  T_CBO        1.00000e+02   1.00000e+00   0.00000e+00   0.00000e+00
  21  alpha_A0     0.00000e+00   1.00000e-03   0.00000e+00   9.63118e+02
  22  beta_A0      0.00000e+00   1.00000e-03   0.00000e+00  -3.70921e+03
  23  alpha_phi    0.00000e+00   1.00000e-03   0.00000e+00  -3.46105e+03
  24  beta_phi     0.00000e+00   1.00000e-03   0.00000e+00   1.76691e+03
 MIGRAD MINIMIZATION HAS CONVERGED.
 FCN=1192.97 FROM MIGRAD    STATUS=CONVERGED    1208 CALLS        1209 TOTAL
                     EDM=2.13904e-06    STRATEGY= 1  ERROR MATRIX UNCERTAINTY   1.2 per cent
  EXT PARAMETER                                   STEP         FIRST   
  NO.   NAME      VALUE            ERROR          SIZE      DERIVATIVE 
   1  N0           2.91084e+06   3.35482e+02   2.28657e-01  -3.24265e-06
   2  tau          6.44099e+01   constant   
   3  A0           3.54196e-01   1.44510e-04   9.01759e-08  -4.56523e+00
   4  phi          4.11280e+00   4.24048e-04   5.34693e-08  -4.67700e-01
   5  R           -6.16610e+01   constant   
   6  alpha_CBO    0.00000e+00     fixed    
   7  w_CBO        2.32500e+00   constant   
   8  beta_CBO     0.00000e+00     fixed    
   9  alpha_2CBO   0.00000e+00     fixed    
  10  beta_2CBO    0.00000e+00     fixed    
  11  alpha_y      0.00000e+00     fixed    
  12  w_y          1.38860e+01   constant   
  13  beta_y       0.00000e+00     fixed    
  14  alpha_vw     0.00000e+00     fixed    
  15  w_vw         1.43404e+01   constant   
  16  beta_vw      0.00000e+00     fixed    
  17  LM           1.71412e-04   constant   
  18  zeta_y       0.00000e+00   constant   
  19  zeta_vw      0.00000e+00   constant   
  20  T_CBO        9.99995e+02   8.65995e+02   3.12209e-02  -8.43683e-05
  21  alpha_A0    -1.63756e-03   7.35855e-04   5.94777e-07   1.77544e+00
  22  beta_A0      1.98982e-03   6.59086e-04  -8.35750e-07  -4.21634e-01
  23  alpha_phi    2.44081e-03   6.94883e-04  -8.14614e-07  -2.46211e+00
  24  beta_phi    -1.87835e-04   6.82693e-04  -5.75988e-07   2.31227e+00
 EXTERNAL ERROR MATRIX.    NDIM=  25    NPAR=  8    ERR DEF=1
  1.125e+05  4.213e-03  2.391e-02  5.325e+01 -9.800e-05 -4.232e-02 -4.806e-02  4.176e-03 
  4.213e-03  2.088e-08 -4.659e-09  3.213e-05 -9.910e-09 -4.771e-09  1.411e-08  8.419e-09 
  2.391e-02 -4.659e-09  1.798e-07 -4.088e-06  3.767e-08 -1.366e-08 -3.192e-08 -1.948e-08 
  5.325e+01  3.213e-05 -4.088e-06  5.237e+02  6.715e-04 -1.279e-03 -1.483e-03  2.817e-04 
 -9.800e-05 -9.910e-09  3.767e-08  6.715e-04  5.415e-07 -2.064e-10 -1.282e-08 -2.645e-08 
 -4.232e-02 -4.771e-09 -1.366e-08 -1.279e-03 -2.064e-10  4.344e-07 -2.016e-08 -1.498e-08 
 -4.806e-02  1.411e-08 -3.192e-08 -1.483e-03 -1.282e-08 -2.016e-08  4.829e-07  2.227e-08 
  4.176e-03  8.419e-09 -1.948e-08  2.817e-04 -2.645e-08 -1.498e-08  2.227e-08  4.661e-07 
 PARAMETER  CORRELATION COEFFICIENTS  
       NO.  GLOBAL      1      3      4     20     21     22     23     24
        1  0.34137   1.000  0.087  0.168  0.007 -0.000 -0.191 -0.206  0.018
        3  0.22794   0.087  1.000 -0.076  0.010 -0.093 -0.050  0.141  0.085
        4  0.23833   0.168 -0.076  1.000 -0.000  0.121 -0.049 -0.108 -0.067
       20  0.14237   0.007  0.010 -0.000  1.000  0.040 -0.085 -0.093  0.018
       21  0.15804  -0.000 -0.093  0.121  0.040  1.000 -0.000 -0.025 -0.053
       22  0.23217  -0.191 -0.050 -0.049 -0.085 -0.000  1.000 -0.044 -0.033
       23  0.29861  -0.206  0.141 -0.108 -0.093 -0.025 -0.044  1.000  0.047
       24  0.12323   0.018  0.085 -0.067  0.018 -0.053 -0.033  0.047  1.000
MINUIT - FIT ONLY 1-CBO + wiggle
 **********
 **   16 **RES 
 **********
                   PARAMETER   16  beta_vw RESTORED TO VARIABLE.
                   PARAMETER   14  alpha_vw RESTORED TO VARIABLE.
                   PARAMETER   13  beta_y RESTORED TO VARIABLE.
                   PARAMETER   11  alpha_y RESTORED TO VARIABLE.
                   PARAMETER   10  beta_2CBO RESTORED TO VARIABLE.
                   PARAMETER    9  alpha_2CBO RESTORED TO VARIABLE.
                   PARAMETER    8  beta_CBO RESTORED TO VARIABLE.
                   PARAMETER    6  alpha_CBO RESTORED TO VARIABLE.
 **********
 **   17 **FIX            8
 **********
 **********
 **   18 **FIX            9
 **********
 **********
 **   19 **FIX           11
 **********
 **********
 **   20 **FIX           12
 **********
 PARAMETER   12  IS CONSTANT.   IGNORED.
 **********
 **   21 **FIX           14
 **********
 **********
 **   22 **FIX           15
 **********
 PARAMETER   15  IS CONSTANT.   IGNORED.
 **********
 **   23 **FIX           16
 **********
 **********
 **   24 **MIGRAD
 **********
 START MIGRAD MINIMIZATION.  STRATEGY  1.  CONVERGENCE WHEN EDM .LT. 1.00e-04
 FCN=1192.97 FROM MIGRAD    STATUS=INITIATE       28 CALLS        1237 TOTAL
                     EDM= unknown      STRATEGY= 1      NO ERROR MATRIX       
  EXT PARAMETER               CURRENT GUESS       STEP         FIRST   
  NO.   NAME      VALUE            ERROR          SIZE      DERIVATIVE 
   1  N0           2.91084e+06   3.35482e+02   2.28657e-01  -3.24265e-06
   2  tau          6.44099e+01   constant   
   3  A0           3.54196e-01   1.44510e-04   9.01759e-08  -4.56523e+00
   4  phi          4.11280e+00   4.24048e-04   5.34693e-08  -4.67700e-01
   5  R           -6.16610e+01   constant   
   6  alpha_CBO    0.00000e+00   1.00000e-03   1.00000e-03  -5.54253e+04
   7  w_CBO        2.32500e+00   constant   
   8  beta_CBO     0.00000e+00     fixed    
   9  alpha_2CBO   0.00000e+00     fixed    
  10  beta_2CBO    0.00000e+00   1.00000e-03   1.00000e-03  -5.00650e+03
  11  alpha_y      0.00000e+00     fixed    
  12  w_y          1.38860e+01   constant   
  13  beta_y       0.00000e+00   1.00000e-03   1.00000e-03  -5.32797e+04
  14  alpha_vw     0.00000e+00     fixed    
  15  w_vw         1.43404e+01   constant   
  16  beta_vw      0.00000e+00     fixed    
  17  LM           1.71412e-04   constant   
  18  zeta_y       0.00000e+00   constant   
  19  zeta_vw      0.00000e+00   constant   
  20  T_CBO        9.99995e+02   8.65995e+02   3.12209e-02  -8.30969e-05
  21  alpha_A0    -1.63756e-03   7.35855e-04   5.94777e-07   1.77544e+00
  22  beta_A0      1.98982e-03   6.59086e-04  -8.35750e-07  -4.21637e-01
  23  alpha_phi    2.44081e-03   6.94883e-04  -8.14614e-07  -2.46211e+00
  24  beta_phi    -1.87835e-04   6.82693e-04  -5.75988e-07   2.31227e+00
 MIGRAD MINIMIZATION HAS CONVERGED.
 MIGRAD WILL VERIFY CONVERGENCE AND ERROR MATRIX.
 COVARIANCE MATRIX CALCULATED SUCCESSFULLY
 FCN=1156.95 FROM MIGRAD    STATUS=CONVERGED     249 CALLS        1458 TOTAL
                     EDM=1.97826e-05    STRATEGY= 1      ERROR MATRIX ACCURATE 
  EXT PARAMETER                                   STEP         FIRST   
  NO.   NAME      VALUE            ERROR          SIZE      DERIVATIVE 
   1  N0           2.91081e+06   3.31761e+02   5.15087e+00  -6.92300e-06
   2  tau          6.44099e+01   constant   
   3  A0           3.54057e-01   1.45466e-04   2.28994e-06   4.83160e+00
   4  phi          4.11278e+00   4.17878e-04   6.74369e-06  -4.87675e+00
   5  R           -6.16610e+01   constant   
   6  alpha_CBO    6.98473e-04   1.57482e-04   2.49319e-06  -1.41180e+00
   7  w_CBO        2.32500e+00   constant   
   8  beta_CBO     0.00000e+00     fixed    
   9  alpha_2CBO   0.00000e+00     fixed    
  10  beta_2CBO    1.01369e-04   1.56400e-04   2.52485e-06   9.94530e+00
  11  alpha_y      0.00000e+00     fixed    
  12  w_y          1.38860e+01   constant   
  13  beta_y       6.16004e-04   1.50921e-04   2.50576e-06  -7.08504e+00
  14  alpha_vw     0.00000e+00     fixed    
  15  w_vw         1.43404e+01   constant   
  16  beta_vw      0.00000e+00     fixed    
  17  LM           1.71412e-04   constant   
  18  zeta_y       0.00000e+00   constant   
  19  zeta_vw      0.00000e+00   constant   
  20  T_CBO        1.00000e+03   9.78767e+02   1.75896e-01** at limit **
  21  alpha_A0    -1.20380e-03   6.83524e-04   1.07789e-05  -4.35692e-01
  22  beta_A0      1.92365e-03   6.68071e-04   1.07135e-05   4.42877e+00
  23  alpha_phi    2.68550e-03   6.71504e-04   1.02786e-05   3.66266e+00
  24  beta_phi    -3.61454e-04   6.42046e-04   1.03235e-05   1.79884e+00
 EXTERNAL ERROR MATRIX.    NDIM=  25    NPAR= 11    ERR DEF=1
  1.101e+05 
  5.612e-03  2.116e-08 
  2.304e-02 -4.363e-09  1.746e-07 
 -1.851e-03 -5.182e-09  6.034e-10  2.480e-08 
  1.514e-03 -1.069e-09 -2.053e-09  1.188e-09  2.446e-08 
  4.903e-04  2.501e-10 -1.008e-09  3.112e-10  2.649e-10  2.278e-08 
 -1.790e-01 -4.010e-07  4.396e-09 -3.155e-08 -1.618e-08 -2.733e-08  4.851e-01 
  4.012e-03 -1.102e-08  3.649e-08  1.892e-08 -1.399e-08 -2.027e-09 -4.398e-05  4.672e-07 
 -4.417e-02 -6.251e-09 -1.368e-08 -1.361e-09 -2.201e-09 -9.126e-10  7.207e-05 -2.231e-08  4.463e-07 
 -4.570e-02  1.060e-08 -3.324e-08  6.614e-09  3.010e-09  1.972e-09  9.508e-05 -7.606e-08  2.248e-08  4.509e-07 
  5.844e-03  1.025e-08 -1.559e-08 -5.299e-09 -1.645e-08  5.330e-10 -1.327e-05 -1.554e-08 -7.665e-09  5.728e-08  4.122e-07 
 PARAMETER  CORRELATION COEFFICIENTS  
       NO.  GLOBAL      1      3      4      6     10     13     20     21     22     23     24
        1  0.35264   1.000  0.116  0.166 -0.035  0.029  0.010 -0.001  0.018 -0.199 -0.205  0.027
        3  0.31997   0.116  1.000 -0.072 -0.226 -0.047  0.011 -0.004 -0.111 -0.064  0.108  0.110
        4  0.23804   0.166 -0.072  1.000  0.009 -0.031 -0.016  0.000  0.128 -0.049 -0.118 -0.058
        6  0.30354  -0.035 -0.226  0.009  1.000  0.048  0.013 -0.000  0.176 -0.013  0.063 -0.052
       10  0.23665   0.029 -0.047 -0.031  0.048  1.000  0.011 -0.000 -0.131 -0.021  0.029 -0.164
       13  0.03868   0.010  0.011 -0.016  0.013  0.011  1.000 -0.000 -0.020 -0.009  0.019  0.006
       20  0.27421  -0.001 -0.004  0.000 -0.000 -0.000 -0.000  1.000 -0.092  0.155  0.203 -0.030
       21  0.31501   0.018 -0.111  0.128  0.176 -0.131 -0.020 -0.092  1.000 -0.049 -0.166 -0.035
       22  0.26170  -0.199 -0.064 -0.049 -0.013 -0.021 -0.009  0.155 -0.049  1.000  0.050 -0.018
       23  0.38901  -0.205  0.108 -0.118  0.063  0.029  0.019  0.203 -0.166  0.050  1.000  0.133
       24  0.25205   0.027  0.110 -0.058 -0.052 -0.164  0.006 -0.030 -0.035 -0.018  0.133  1.000
MINUIT - FIT ONLY 2-CBO
 **********
 **   25 **RES 
 **********
                   PARAMETER   16  beta_vw RESTORED TO VARIABLE.
                   PARAMETER   14  alpha_vw RESTORED TO VARIABLE.
                   PARAMETER   11  alpha_y RESTORED TO VARIABLE.
                   PARAMETER    9  alpha_2CBO RESTORED TO VARIABLE.
                   PARAMETER    8  beta_CBO RESTORED TO VARIABLE.
 **********
 **   26 **FIX            0
 **********
 PARAMETER    0  IS UNDEFINED. IGNORED.
 **********
 **   27 **FIX            1
 **********
 **********
 **   28 **FIX            2
 **********
 PARAMETER    2  IS CONSTANT.   IGNORED.
 **********
 **   29 **FIX            3
 **********
 **********
 **   30 **FIX            4
 **********
 **********
 **   31 **FIX            5
 **********
 PARAMETER    5  IS CONSTANT.   IGNORED.
 **********
 **   32 **FIX            6
 **********
 **********
 **   33 **FIX            7
 **********
 PARAMETER    7  IS CONSTANT.   IGNORED.
 **********
 **   34 **FIX           10
 **********
 **********
 **   35 **FIX           11
 **********
 **********
 **   36 **FIX           12
 **********
 PARAMETER   12  IS CONSTANT.   IGNORED.
 **********
 **   37 **FIX           13
 **********
 **********
 **   38 **FIX           14
 **********
 **********
 **   39 **FIX           15
 **********
 PARAMETER   15  IS CONSTANT.   IGNORED.
 **********
 **   40 **FIX           16
 **********
 **********
 **   41 **MIGRAD
 **********
 START MIGRAD MINIMIZATION.  STRATEGY  1.  CONVERGENCE WHEN EDM .LT. 1.00e-04
 FCN=1156.95 FROM MIGRAD    STATUS=INITIATE       18 CALLS        1476 TOTAL
                     EDM= unknown      STRATEGY= 1      NO ERROR MATRIX       
  EXT PARAMETER               CURRENT GUESS       STEP         FIRST   
  NO.   NAME      VALUE            ERROR          SIZE      DERIVATIVE 
   1  N0           2.91081e+06     fixed    
   2  tau          6.44099e+01   constant   
   3  A0           3.54057e-01     fixed    
   4  phi          4.11278e+00     fixed    
   5  R           -6.16610e+01   constant   
   6  alpha_CBO    6.98473e-04     fixed    
   7  w_CBO        2.32500e+00   constant   
   8  beta_CBO     0.00000e+00   1.00000e-03   1.00000e-03   4.16034e+05
   9  alpha_2CBO   0.00000e+00   1.00000e-03   1.00000e-03   3.50456e+03
  10  beta_2CBO    1.01369e-04     fixed    
  11  alpha_y      0.00000e+00     fixed    
  12  w_y          1.38860e+01   constant   
  13  beta_y       6.16004e-04     fixed    
  14  alpha_vw     0.00000e+00     fixed    
  15  w_vw         1.43404e+01   constant   
  16  beta_vw      0.00000e+00     fixed    
  17  LM           1.71412e-04   constant   
  18  zeta_y       0.00000e+00   constant   
  19  zeta_vw      0.00000e+00   constant   
  20  T_CBO        9.99999e+02   9.78767e+02   1.75896e-01  -4.12494e-05
  21  alpha_A0    -1.20380e-03   6.83524e-04   1.07789e-05  -4.35202e-01
  22  beta_A0      1.92365e-03   6.68071e-04   1.07135e-05   4.42767e+00
  23  alpha_phi    2.68550e-03   6.71504e-04   1.02786e-05   3.66115e+00
  24  beta_phi    -3.61454e-04   6.42046e-04   1.03235e-05   1.79929e+00
 MIGRAD MINIMIZATION HAS CONVERGED.
 MIGRAD WILL VERIFY CONVERGENCE AND ERROR MATRIX.
 COVARIANCE MATRIX CALCULATED SUCCESSFULLY
 FCN=117.189 FROM MIGRAD    STATUS=CONVERGED     163 CALLS        1621 TOTAL
                     EDM=1.6811e-06    STRATEGY= 1      ERROR MATRIX ACCURATE 
  EXT PARAMETER                                   STEP         FIRST   
  NO.   NAME      VALUE            ERROR          SIZE      DERIVATIVE 
   1  N0           2.91081e+06     fixed    
   2  tau          6.44099e+01   constant   
   3  A0           3.54057e-01     fixed    
   4  phi          4.11278e+00     fixed    
   5  R           -6.16610e+01   constant   
   6  alpha_CBO    6.98473e-04     fixed    
   7  w_CBO        2.32500e+00   constant   
   8  beta_CBO    -4.99956e-03   1.55081e-04   8.04908e-07   1.53078e-01
   9  alpha_2CBO   3.03210e-05   1.52820e-04   7.94835e-07   2.18380e+00
  10  beta_2CBO    1.01369e-04     fixed    
  11  alpha_y      0.00000e+00     fixed    
  12  w_y          1.38860e+01   constant   
  13  beta_y       6.16004e-04     fixed    
  14  alpha_vw     0.00000e+00     fixed    
  15  w_vw         1.43404e+01   constant   
  16  beta_vw      0.00000e+00     fixed    
  17  LM           1.71412e-04   constant   
  18  zeta_y       0.00000e+00   constant   
  19  zeta_vw      0.00000e+00   constant   
  20  T_CBO        1.00000e+03   6.68277e+02   2.67527e-02** at limit **
  21  alpha_A0    -5.75375e-04   6.56270e-04   3.44445e-06   4.20286e-02
  22  beta_A0     -8.82168e-04   6.57172e-04   3.42541e-06  -1.16906e+00
  23  alpha_phi    2.83973e-03   6.38409e-04   3.28347e-06  -6.41197e-01
  24  beta_phi    -3.58950e-03   6.37468e-04   3.29771e-06   2.62913e+00
 EXTERNAL ERROR MATRIX.    NDIM=  25    NPAR=  7    ERR DEF=1
  2.405e-08 -3.350e-10  1.046e-08 -3.064e-09  1.358e-08 -5.919e-10  1.560e-08 
 -3.350e-10  2.335e-08  6.318e-09  1.450e-09  1.269e-08 -1.462e-08 -6.540e-09 
  1.046e-08  6.318e-09  5.827e-01 -1.902e-06 -2.598e-06  8.424e-06 -1.056e-05 
 -3.064e-09  1.450e-09 -1.902e-06  4.307e-07 -1.628e-08 -5.869e-08 -1.867e-08 
  1.358e-08  1.269e-08 -2.598e-06 -1.628e-08  4.319e-07 -1.454e-08  3.831e-09 
 -5.919e-10 -1.462e-08  8.424e-06 -5.869e-08 -1.454e-08  4.076e-07  6.088e-08 
  1.560e-08 -6.540e-09 -1.056e-05 -1.867e-08  3.831e-09  6.088e-08  4.064e-07 
 PARAMETER  CORRELATION COEFFICIENTS  
       NO.  GLOBAL      8      9     20     21     22     23     24
        8  0.20977   1.000 -0.014  0.000 -0.030  0.133 -0.006  0.158
        9  0.19996  -0.014  1.000  0.000  0.014  0.126 -0.150 -0.067
       20  0.03086   0.000  0.000  1.000 -0.004 -0.005  0.017 -0.022
       21  0.14995  -0.030  0.014 -0.004  1.000 -0.038 -0.140 -0.045
       22  0.18951   0.133  0.126 -0.005 -0.038  1.000 -0.035  0.009
       23  0.24762  -0.006 -0.150  0.017 -0.140 -0.035  1.000  0.150
       24  0.22442   0.158 -0.067 -0.022 -0.045  0.009  0.150  1.000
MINUIT - FIT wiggle + 1-CBO + 2-CBO
 **********
 **   42 **RES 
 **********
                   PARAMETER   16  beta_vw RESTORED TO VARIABLE.
                   PARAMETER   14  alpha_vw RESTORED TO VARIABLE.
                   PARAMETER   13  beta_y RESTORED TO VARIABLE.
                   PARAMETER   11  alpha_y RESTORED TO VARIABLE.
                   PARAMETER   10  beta_2CBO RESTORED TO VARIABLE.
                   PARAMETER    6  alpha_CBO RESTORED TO VARIABLE.
                   PARAMETER    4  phi RESTORED TO VARIABLE.
                   PARAMETER    3  A0 RESTORED TO VARIABLE.
                   PARAMETER    1  N0 RESTORED TO VARIABLE.
 **********
 **   43 **FIX           10
 **********
 **********
 **   44 **FIX           11
 **********
 **********
 **   45 **FIX           12
 **********
 PARAMETER   12  IS CONSTANT.   IGNORED.
 **********
 **   46 **FIX           13
 **********
 **********
 **   47 **FIX           14
 **********
 **********
 **   48 **FIX           15
 **********
 PARAMETER   15  IS CONSTANT.   IGNORED.
 **********
 **   49 **FIX           16
 **********
 **********
 **   50 **MIGRAD
 **********
 START MIGRAD MINIMIZATION.  STRATEGY  1.  CONVERGENCE WHEN EDM .LT. 1.00e-04
 FCN=117.189 FROM MIGRAD    STATUS=INITIATE       22 CALLS        1643 TOTAL
                     EDM= unknown      STRATEGY= 1      NO ERROR MATRIX       
  EXT PARAMETER               CURRENT GUESS       STEP         FIRST   
  NO.   NAME      VALUE            ERROR          SIZE      DERIVATIVE 
   1  N0           2.91081e+06   3.31761e+02   3.31761e+02   8.80790e-03
   2  tau          6.44099e+01   constant   
   3  A0           3.54057e-01   1.45466e-04   1.45466e-04   3.06179e+04
   4  phi          4.11278e+00   4.17878e-04   4.17878e-04  -3.28247e+04
   5  R           -6.16610e+01   constant   
   6  alpha_CBO    6.98473e-04   1.57482e-04   1.57482e-04   9.67083e+03
   7  w_CBO        2.32500e+00   constant   
   8  beta_CBO    -4.99956e-03   1.55081e-04   8.04908e-07   1.53075e-01
   9  alpha_2CBO   3.03210e-05   1.52820e-04   7.94835e-07   2.18380e+00
  10  beta_2CBO    1.01369e-04     fixed    
  11  alpha_y      0.00000e+00     fixed    
  12  w_y          1.38860e+01   constant   
  13  beta_y       6.16004e-04     fixed    
  14  alpha_vw     0.00000e+00     fixed    
  15  w_vw         1.43404e+01   constant   
  16  beta_vw      0.00000e+00     fixed    
  17  LM           1.71412e-04   constant   
  18  zeta_y       0.00000e+00   constant   
  19  zeta_vw      0.00000e+00   constant   
  20  T_CBO        1.00000e+03   6.68277e+02   2.67527e-02** at limit **
  21  alpha_A0    -5.75375e-04   6.56270e-04   3.44445e-06   4.20644e-02
  22  beta_A0     -8.82168e-04   6.57172e-04   3.42541e-06  -1.16912e+00
  23  alpha_phi    2.83973e-03   6.38409e-04   3.28347e-06  -6.41197e-01
  24  beta_phi    -3.58950e-03   6.37468e-04   3.29771e-06   2.62913e+00
 MIGRAD MINIMIZATION HAS CONVERGED.
 FCN=60.6961 FROM MIGRAD    STATUS=CONVERGED     162 CALLS        1783 TOTAL
                     EDM=2.21068e-07    STRATEGY= 1  ERROR MATRIX UNCERTAINTY   3.0 per cent
  EXT PARAMETER                                   STEP         FIRST   
  NO.   NAME      VALUE            ERROR          SIZE      DERIVATIVE 
   1  N0           2.91061e+06   3.10794e+02   5.07921e-01  -1.39186e-06
   2  tau          6.44099e+01   constant   
   3  A0           3.53635e-01   1.42952e-04   1.88549e-07  -2.53769e+00
   4  phi          4.11578e+00   4.24595e-04   4.73813e-08  -1.23757e-01
   5  R           -6.16610e+01   constant   
   6  alpha_CBO    6.74840e-04   1.47435e-04  -6.47435e-09   3.98423e+00
   7  w_CBO        2.32500e+00   constant   
   8  beta_CBO    -5.27162e-03   1.58987e-04   1.52967e-07   5.54445e-01
   9  alpha_2CBO   1.14301e-04   1.48182e-04   3.92712e-07   6.09115e-01
  10  beta_2CBO    1.01369e-04     fixed    
  11  alpha_y      0.00000e+00     fixed    
  12  w_y          1.38860e+01   constant   
  13  beta_y       6.16004e-04     fixed    
  14  alpha_vw     0.00000e+00     fixed    
  15  w_vw         1.43404e+01   constant   
  16  beta_vw      0.00000e+00     fixed    
  17  LM           1.71412e-04   constant   
  18  zeta_y       0.00000e+00   constant   
  19  zeta_vw      0.00000e+00   constant   
  20  T_CBO        1.00000e+03   6.68918e+02   3.20313e-06** at limit **
  21  alpha_A0     1.42079e-04   6.78290e-04   6.06962e-07   3.03207e-01
  22  beta_A0     -8.61552e-04   6.24607e-04   3.25539e-07  -3.44171e-03
  23  alpha_phi    2.23270e-03   6.47912e-04   3.40874e-07   3.90682e-01
  24  beta_phi    -4.26468e-03   6.53706e-04   1.36144e-06   9.85365e-02
 EXTERNAL ERROR MATRIX.    NDIM=  25    NPAR= 11    ERR DEF=1
  9.659e+04 
  1.329e-03  2.044e-08 
  1.529e-02 -7.597e-09  1.803e-07 
  3.197e-03 -3.031e-09  3.641e-09  2.174e-08 
  3.470e-03  2.933e-09 -1.295e-08 -1.347e-10  2.528e-08 
  2.990e-03 -9.822e-10  5.218e-09  3.165e-10 -1.287e-09  2.196e-08 
  2.206e-04  8.011e-11  4.124e-11 -2.952e-12  6.431e-11  1.233e-10  2.244e-04 
  6.496e-03 -7.610e-09  4.242e-08  9.644e-09 -7.505e-09  3.495e-09  1.779e-10  4.601e-07 
 -1.162e-02  4.588e-09  1.629e-09 -2.602e-09  1.053e-08  1.615e-09  1.481e-10 -1.574e-08  3.901e-07 
 -3.585e-02  1.676e-08 -3.025e-08 -1.383e-09  2.184e-09 -1.294e-08 -9.120e-11 -9.245e-08  8.381e-09  4.198e-07 
  1.526e-03  9.810e-09 -3.492e-08 -1.125e-08  1.777e-08 -3.877e-09  5.266e-10 -3.911e-08  3.560e-09  4.842e-08  4.273e-07 
 PARAMETER  CORRELATION COEFFICIENTS  
       NO.  GLOBAL      1      3      4      6      8      9     20     21     22     23     24
        1  0.25822   1.000  0.030  0.116  0.070  0.070  0.065  0.000  0.031 -0.060 -0.178  0.008
        3  0.28719   0.030  1.000 -0.125 -0.144  0.129 -0.046  0.000 -0.078  0.051  0.181  0.105
        4  0.30179   0.116 -0.125  1.000  0.058 -0.192  0.083  0.000  0.147  0.006 -0.110 -0.126
        6  0.21550   0.070 -0.144  0.058  1.000 -0.006  0.014 -0.000  0.096 -0.028 -0.014 -0.117
        8  0.29971   0.070  0.129 -0.192 -0.006  1.000 -0.055  0.000 -0.070  0.106  0.021  0.171
        9  0.16438   0.065 -0.046  0.083  0.014 -0.055  1.000  0.000  0.035  0.017 -0.135 -0.040
       20  0.00010   0.000  0.000  0.000 -0.000  0.000  0.000  1.000  0.000  0.000 -0.000  0.000
       21  0.26768   0.031 -0.078  0.147  0.096 -0.070  0.035  0.000  1.000 -0.037 -0.210 -0.088
       22  0.14532  -0.060  0.051  0.006 -0.028  0.106  0.017  0.000 -0.037  1.000  0.021  0.009
       23  0.35296  -0.178  0.181 -0.110 -0.014  0.021 -0.135 -0.000 -0.210  0.021  1.000  0.114
       24  0.25413   0.008  0.105 -0.126 -0.117  0.171 -0.040  0.000 -0.088  0.009  0.114  1.000
MINUIT - FIT ONLY 1-y
 **********
 **   51 **RES 
 **********
                   PARAMETER   16  beta_vw RESTORED TO VARIABLE.
                   PARAMETER   14  alpha_vw RESTORED TO VARIABLE.
                   PARAMETER   13  beta_y RESTORED TO VARIABLE.
                   PARAMETER   11  alpha_y RESTORED TO VARIABLE.
                   PARAMETER   10  beta_2CBO RESTORED TO VARIABLE.
 **********
 **   52 **FIX            0
 **********
 PARAMETER    0  IS UNDEFINED. IGNORED.
 **********
 **   53 **FIX            1
 **********
 **********
 **   54 **FIX            2
 **********
 PARAMETER    2  IS CONSTANT.   IGNORED.
 **********
 **   55 **FIX            3
 **********
 **********
 **   56 **FIX            4
 **********
 **********
 **   57 **FIX            5
 **********
 PARAMETER    5  IS CONSTANT.   IGNORED.
 **********
 **   58 **FIX            6
 **********
 **********
 **   59 **FIX            7
 **********
 PARAMETER    7  IS CONSTANT.   IGNORED.
 **********
 **   60 **FIX            8
 **********
 **********
 **   61 **FIX            9
 **********
 **********
 **   62 **FIX           13
 **********
 **********
 **   63 **FIX           14
 **********
 **********
 **   64 **FIX           15
 **********
 PARAMETER   15  IS CONSTANT.   IGNORED.
 **********
 **   65 **FIX           16
 **********
 **********
 **   66 **MIGRAD
 **********
 START MIGRAD MINIMIZATION.  STRATEGY  1.  CONVERGENCE WHEN EDM .LT. 1.00e-04
 FCN=60.6961 FROM MIGRAD    STATUS=INITIATE       16 CALLS        1799 TOTAL
                     EDM= unknown      STRATEGY= 1      NO ERROR MATRIX       
  EXT PARAMETER               CURRENT GUESS       STEP         FIRST   
  NO.   NAME      VALUE            ERROR          SIZE      DERIVATIVE 
   1  N0           2.91061e+06     fixed    
   2  tau          6.44099e+01   constant   
   3  A0           3.53635e-01     fixed    
   4  phi          4.11578e+00     fixed    
   5  R           -6.16610e+01   constant   
   6  alpha_CBO    6.74840e-04     fixed    
   7  w_CBO        2.32500e+00   constant   
   8  beta_CBO    -5.27162e-03     fixed    
   9  alpha_2CBO   1.14301e-04     fixed    
  10  beta_2CBO    1.01369e-04   1.56400e-04   1.56400e-04   4.79123e+03
  11  alpha_y      0.00000e+00   1.00000e-03   1.00000e-03   3.23044e+03
  12  w_y          1.38860e+01   constant   
  13  beta_y       6.16004e-04     fixed    
  14  alpha_vw     0.00000e+00     fixed    
  15  w_vw         1.43404e+01   constant   
  16  beta_vw      0.00000e+00     fixed    
  17  LM           1.71412e-04   constant   
  18  zeta_y       0.00000e+00   constant   
  19  zeta_vw      0.00000e+00   constant   
  20  T_CBO        9.99999e+02   6.68918e+02   3.20313e-06  -5.34293e-05
  21  alpha_A0     1.42079e-04   6.78290e-04   6.06962e-07   3.03046e-01
  22  beta_A0     -8.61552e-04   6.24607e-04   3.25539e-07  -3.03626e-03
  23  alpha_phi    2.23270e-03   6.47912e-04   3.40874e-07   3.89022e-01
  24  beta_phi    -4.26468e-03   6.53706e-04   1.36144e-06   1.01208e-01
 MIGRAD MINIMIZATION HAS CONVERGED.
 MIGRAD WILL VERIFY CONVERGENCE AND ERROR MATRIX.
 COVARIANCE MATRIX CALCULATED SUCCESSFULLY
 FCN=60.4965 FROM MIGRAD    STATUS=CONVERGED     112 CALLS        1895 TOTAL
                     EDM=3.2784e-07    STRATEGY= 1      ERROR MATRIX ACCURATE 
  EXT PARAMETER                                   STEP         FIRST   
  NO.   NAME      VALUE            ERROR          SIZE      DERIVATIVE 
   1  N0           2.91061e+06     fixed    
   2  tau          6.44099e+01   constant   
   3  A0           3.53635e-01     fixed    
   4  phi          4.11578e+00     fixed    
   5  R           -6.16610e+01   constant   
   6  alpha_CBO    6.74840e-04     fixed    
   7  w_CBO        2.32500e+00   constant   
   8  beta_CBO    -5.27162e-03     fixed    
   9  alpha_2CBO   1.14301e-04     fixed    
  10  beta_2CBO    4.30255e-05   1.55900e-04   5.81974e-07   9.63961e-01
  11  alpha_y     -3.70066e-05   1.50924e-04   5.77618e-07  -1.62167e+00
  12  w_y          1.38860e+01   constant   
  13  beta_y       6.16004e-04     fixed    
  14  alpha_vw     0.00000e+00     fixed    
  15  w_vw         1.43404e+01   constant   
  16  beta_vw      0.00000e+00     fixed    
  17  LM           1.71412e-04   constant   
  18  zeta_y       0.00000e+00   constant   
  19  zeta_vw      0.00000e+00   constant   
  20  T_CBO        1.00000e+03   9.05190e+02   3.14399e-02** at limit **
  21  alpha_A0     1.77754e-04   6.63761e-04   2.48760e-06   3.00462e-01
  22  beta_A0     -8.57900e-04   6.46469e-04   2.47273e-06   2.71968e-01
  23  alpha_phi    2.22528e-03   6.32447e-04   2.37022e-06   1.17772e+00
  24  beta_phi    -4.22129e-03   6.38374e-04   2.38162e-06  -3.79621e-02
 EXTERNAL ERROR MATRIX.    NDIM=  25    NPAR=  7    ERR DEF=1
  2.430e-08  8.210e-11  2.547e-10 -1.481e-08 -1.725e-09  3.632e-09 -1.612e-08 
  8.210e-11  2.278e-08  2.051e-10 -1.398e-10  3.299e-10 -6.969e-10 -2.962e-09 
  2.547e-10  2.051e-10  7.888e-04  3.919e-08 -1.865e-07  4.931e-07 -9.388e-07 
 -1.481e-08 -1.398e-10  3.919e-08  4.406e-07 -1.406e-08 -6.110e-08 -6.924e-09 
 -1.725e-09  3.299e-10 -1.865e-07 -1.406e-08  4.179e-07 -6.861e-09 -1.233e-09 
  3.632e-09 -6.969e-10  4.931e-07 -6.110e-08 -6.861e-09  4.000e-07  5.469e-08 
 -1.612e-08 -2.962e-09 -9.388e-07 -6.924e-09 -1.233e-09  5.469e-08  4.075e-07 
 PARAMETER  CORRELATION COEFFICIENTS  
       NO.  GLOBAL     10     11     20     21     22     23     24
       10  0.22262   1.000  0.003  0.000 -0.143 -0.017  0.037 -0.162
       11  0.03123   0.003  1.000  0.000 -0.001  0.003 -0.007 -0.031
       20  0.06493   0.000  0.000  1.000  0.002 -0.010  0.028 -0.052
       21  0.20502  -0.143 -0.001  0.002  1.000 -0.033 -0.146 -0.016
       22  0.04630  -0.017  0.003 -0.010 -0.033  1.000 -0.017 -0.003
       23  0.20509   0.037 -0.007  0.028 -0.146 -0.017  1.000  0.135
       24  0.22517  -0.162 -0.031 -0.052 -0.016 -0.003  0.135  1.000
MINUIT - FIT ONLY 2-y
 **********
 **   67 **RES 
 **********
                   PARAMETER   16  beta_vw RESTORED TO VARIABLE.
                   PARAMETER   14  alpha_vw RESTORED TO VARIABLE.
                   PARAMETER   13  beta_y RESTORED TO VARIABLE.
                   PARAMETER    9  alpha_2CBO RESTORED TO VARIABLE.
                   PARAMETER    8  beta_CBO RESTORED TO VARIABLE.
                   PARAMETER    6  alpha_CBO RESTORED TO VARIABLE.
                   PARAMETER    4  phi RESTORED TO VARIABLE.
                   PARAMETER    3  A0 RESTORED TO VARIABLE.
                   PARAMETER    1  N0 RESTORED TO VARIABLE.
 **********
 **   68 **FIX            0
 **********
 PARAMETER    0  IS UNDEFINED. IGNORED.
 **********
 **   69 **FIX            1
 **********
 **********
 **   70 **FIX            2
 **********
 PARAMETER    2  IS CONSTANT.   IGNORED.
 **********
 **   71 **FIX            3
 **********
 **********
 **   72 **FIX            4
 **********
 **********
 **   73 **FIX            5
 **********
 PARAMETER    5  IS CONSTANT.   IGNORED.
 **********
 **   74 **FIX            6
 **********
 **********
 **   75 **FIX            7
 **********
 PARAMETER    7  IS CONSTANT.   IGNORED.
 **********
 **   76 **FIX            8
 **********
 **********
 **   77 **FIX            9
 **********
 **********
 **   78 **FIX           10
 **********
 **********
 **   79 **FIX           11
 **********
 **********
 **   80 **FIX           12
 **********
 PARAMETER   12  IS CONSTANT.   IGNORED.
 **********
 **   81 **FIX           16
 **********
 **********
 **   82 **MIGRAD
 **********
 START MIGRAD MINIMIZATION.  STRATEGY  1.  CONVERGENCE WHEN EDM .LT. 1.00e-04
 FCN=60.4965 FROM MIGRAD    STATUS=INITIATE       16 CALLS        1911 TOTAL
                     EDM= unknown      STRATEGY= 1      NO ERROR MATRIX       
  EXT PARAMETER               CURRENT GUESS       STEP         FIRST   
  NO.   NAME      VALUE            ERROR          SIZE      DERIVATIVE 
   1  N0           2.91061e+06     fixed    
   2  tau          6.44099e+01   constant   
   3  A0           3.53635e-01     fixed    
   4  phi          4.11578e+00     fixed    
   5  R           -6.16610e+01   constant   
   6  alpha_CBO    6.74840e-04     fixed    
   7  w_CBO        2.32500e+00   constant   
   8  beta_CBO    -5.27162e-03     fixed    
   9  alpha_2CBO   1.14301e-04     fixed    
  10  beta_2CBO    4.30255e-05     fixed    
  11  alpha_y     -3.70066e-05     fixed    
  12  w_y          1.38860e+01   constant   
  13  beta_y       6.16004e-04   1.50921e-04   1.50921e-04   4.52746e+03
  14  alpha_vw     0.00000e+00   1.00000e-03   1.00000e-03   2.97827e+04
  15  w_vw         1.43404e+01   constant   
  16  beta_vw      0.00000e+00     fixed    
  17  LM           1.71412e-04   constant   
  18  zeta_y       0.00000e+00   constant   
  19  zeta_vw      0.00000e+00   constant   
  20  T_CBO        9.99999e+02   9.05190e+02   3.14399e-02  -5.42671e-05
  21  alpha_A0     1.77754e-04   6.63761e-04   2.48760e-06   3.00279e-01
  22  beta_A0     -8.57900e-04   6.46469e-04   2.47273e-06   2.72402e-01
  23  alpha_phi    2.22528e-03   6.32447e-04   2.37022e-06   1.17607e+00
  24  beta_phi    -4.22129e-03   6.38374e-04   2.38162e-06  -3.53166e-02
 MIGRAD MINIMIZATION HAS CONVERGED.
 MIGRAD WILL VERIFY CONVERGENCE AND ERROR MATRIX.
 COVARIANCE MATRIX CALCULATED SUCCESSFULLY
 FCN=55.443 FROM MIGRAD    STATUS=CONVERGED     114 CALLS        2009 TOTAL
                     EDM=3.56927e-06    STRATEGY= 1      ERROR MATRIX ACCURATE 
  EXT PARAMETER                                   STEP         FIRST   
  NO.   NAME      VALUE            ERROR          SIZE      DERIVATIVE 
   1  N0           2.91061e+06     fixed    
   2  tau          6.44099e+01   constant   
   3  A0           3.53635e-01     fixed    
   4  phi          4.11578e+00     fixed    
   5  R           -6.16610e+01   constant   
   6  alpha_CBO    6.74840e-04     fixed    
   7  w_CBO        2.32500e+00   constant   
   8  beta_CBO    -5.27162e-03     fixed    
   9  alpha_2CBO   1.14301e-04     fixed    
  10  beta_2CBO    4.30255e-05     fixed    
  11  alpha_y     -3.70066e-05     fixed    
  12  w_y          1.38860e+01   constant   
  13  beta_y       6.28553e-04   1.53586e-04   5.53221e-07   3.72045e-02
  14  alpha_vw    -3.41265e-04   1.53591e-04   5.53407e-07  -5.39628e-03
  15  w_vw         1.43404e+01   constant   
  16  beta_vw      0.00000e+00     fixed    
  17  LM           1.71412e-04   constant   
  18  zeta_y       0.00000e+00   constant   
  19  zeta_vw      0.00000e+00   constant   
  20  T_CBO        1.00000e+03   9.20346e+02   3.04331e-02** at limit **
  21  alpha_A0     1.78245e-04   6.57039e-04   2.38321e-06  -1.03386e+00
  22  beta_A0     -8.63922e-04   6.46393e-04   2.36896e-06  -2.00938e+00
  23  alpha_phi    2.23019e-03   6.32105e-04   2.27074e-06  -2.19680e+00
  24  beta_phi    -4.22035e-03   6.29617e-04   2.28167e-06  -2.70188e+00
 EXTERNAL ERROR MATRIX.    NDIM=  25    NPAR=  7    ERR DEF=1
  2.359e-08 -4.429e-09 -8.802e-11 -1.865e-09 -7.285e-10  1.830e-09  5.393e-10 
 -4.429e-09  2.359e-08 -4.391e-11  2.399e-10  4.894e-10 -6.498e-10 -1.864e-10 
 -8.802e-11 -4.391e-11  4.787e-03  9.470e-08 -4.521e-07  1.188e-06 -2.258e-06 
 -1.865e-09  2.399e-10  9.470e-08  4.317e-07 -1.506e-08 -5.904e-08 -1.680e-08 
 -7.285e-10  4.894e-10 -4.521e-07 -1.506e-08  4.178e-07 -6.651e-09 -2.361e-09 
  1.830e-09 -6.498e-10  1.188e-06 -5.904e-08 -6.651e-09  3.996e-07  5.707e-08 
  5.393e-10 -1.864e-10 -2.258e-06 -1.680e-08 -2.361e-09  5.707e-08  3.964e-07 
 PARAMETER  CORRELATION COEFFICIENTS  
       NO.  GLOBAL     13     14     20     21     22     23     24
       13  0.18935   1.000 -0.188 -0.000 -0.018 -0.007  0.019  0.006
       14  0.18780  -0.188  1.000 -0.000  0.002  0.005 -0.007 -0.002
       20  0.06345  -0.000 -0.000  1.000  0.002 -0.010  0.027 -0.052
       21  0.14945  -0.018  0.002  0.002  1.000 -0.035 -0.142 -0.041
       22  0.04363  -0.007  0.005 -0.010 -0.035  1.000 -0.016 -0.006
       23  0.20255   0.019 -0.007  0.027 -0.142 -0.016  1.000  0.143
       24  0.15526   0.006 -0.002 -0.052 -0.041 -0.006  0.143  1.000
MINUIT - FIT ALTOGETHER
 **********
 **   83 **RES 
 **********
