 + ++++++++++++++++++++++++++++++++++++++++++++++++++++++++++++++++++++ +
 +                                                                      +
 +           You have chose to blind your fitting according to          +
 +                omega_ref * (1 + (R +/- deltaR) *10^{-6})             +
 +                                                                      +
 + ++++++++++++++++++++++++++++++++++++++++++++++++++++++++++++++++++++ +
In main()...
reading format from /gm2data/zkhechad/run45/envelope/formats/formatB_sBin_constraintOn.txt
pBinTau 	= 0  
pBinPhi 	= 0  
constraintau 	= 1 
includeMopTerm 	= 0    
constrainMop    = 0   
Parameters after format file: pBinTau 0 pBinPhi 0 constraintau 1 includeMopTerm 0 constrainMop 0 c_e_scale 0.000000 
Opening file /gm2data/tbarrett/gm2fr/studies/run23_bunch_corrections/CorrectedFourier_Run3b.root.
reading full fit data from /gm2data/zkhechad/cboTemplates/Run4CBOTemplates/fullFits/noRF/sBin_constraintOn_cE0.0_seed0_noRF_calo9.root
windowBins = 69
fitting sliding window 210 from bin 346 at 51.474000 to bin 415 at 61.918000 (69 bins)

Reading data from /gm2data/cornell/histograms/aMethod/histogram_a_noRF.root
 **********
 **    1 **SET PRINTOUT            1
 **********
 **********
 **    2 **SET NOWARNINGS 
 **********
 PARAMETER DEFINITIONS:
    NO.   NAME         VALUE      STEP SIZE      LIMITS
     1 N0           2.88206e+06  1.00000e+02     no limits
     2 tau          6.44106e+01  constant
     3 A0           3.51420e-01  1.00000e-04     no limits
     4 phi          4.11705e+00  1.00000e-02     no limits
     5 R           -5.98157e+01  constant
     6 alpha_CBO    0.00000e+00  1.00000e-03     no limits
     7 w_CBO        2.32500e+00  constant
     8 beta_CBO     0.00000e+00  1.00000e-03     no limits
     9 alpha_2CBO   0.00000e+00  1.00000e-03     no limits
    10 beta_2CBO    0.00000e+00  1.00000e-03     no limits
    11 alpha_y      0.00000e+00  1.00000e-03     no limits
    12 w_y          1.38860e+01  constant
    13 beta_y       0.00000e+00  1.00000e-03     no limits
    14 alpha_vw     0.00000e+00  1.00000e-03     no limits
    15 w_vw         1.43404e+01  constant
    16 beta_vw      0.00000e+00  1.00000e-03     no limits
    17 LM           1.60296e-04  constant
    18 zeta_y       0.00000e+00  constant
    19 zeta_vw      0.00000e+00  constant
    20 T_CBO        1.00000e+02  1.00000e+00    0.00000e+00  1.00000e+03
    21 alpha_A0     0.00000e+00  1.00000e-04   -1.00000e-02  1.00000e-02
    22 beta_A0      0.00000e+00  1.00000e-04   -1.00000e-02  1.00000e-02
    23 alpha_phi    0.00000e+00  1.00000e-04   -1.00000e-02  1.00000e-02
    24 beta_phi     0.00000e+00  1.00000e-04   -1.00000e-02  1.00000e-02
MINUIT - FIT ONLY WIGGLE
 **********
 **    3 **FIX            5
 **********
 PARAMETER    5  IS CONSTANT.   IGNORED.
 **********
 **    4 **FIX            6
 **********
 **********
 **    5 **FIX            7
 **********
 PARAMETER    7  IS CONSTANT.   IGNORED.
 **********
 **    6 **FIX            8
 **********
 **********
 **    7 **FIX            9
 **********
 **********
 **    8 **FIX           10
 **********
 **********
 **    9 **FIX           11
 **********
 **********
 **   10 **FIX           12
 **********
 PARAMETER   12  IS CONSTANT.   IGNORED.
 **********
 **   11 **FIX           13
 **********
 **********
 **   12 **FIX           14
 **********
 **********
 **   13 **FIX           15
 **********
 PARAMETER   15  IS CONSTANT.   IGNORED.
 **********
 **   14 **FIX           16
 **********
 **********
 **   15 **MIGRAD
 **********
 FIRST CALL TO USER FUNCTION AT NEW START POINT, WITH IFLAG=4.
 START MIGRAD MINIMIZATION.  STRATEGY  1.  CONVERGENCE WHEN EDM .LT. 1.00e-04
 FCN=7323.87 FROM MIGRAD    STATUS=INITIATE      435 CALLS         436 TOTAL
                     EDM= unknown      STRATEGY= 1      NO ERROR MATRIX       
  EXT PARAMETER               CURRENT GUESS       STEP         FIRST   
  NO.   NAME      VALUE            ERROR          SIZE      DERIVATIVE 
   1  N0           2.88206e+06   1.00000e+02   0.00000e+00   5.79076e-02
   2  tau          6.44106e+01   constant   
   3  A0           3.51420e-01   1.00000e-04   0.00000e+00  -3.02319e+04
   4  phi          4.11705e+00   1.00000e-02   0.00000e+00   1.14041e+05
   5  R           -5.98157e+01   constant   
   6  alpha_CBO    0.00000e+00     fixed    
   7  w_CBO        2.32500e+00   constant   
   8  beta_CBO     0.00000e+00     fixed    
   9  alpha_2CBO   0.00000e+00     fixed    
  10  beta_2CBO    0.00000e+00     fixed    
  11  alpha_y      0.00000e+00     fixed    
  12  w_y          1.38860e+01   constant   
  13  beta_y       0.00000e+00     fixed    
  14  alpha_vw     0.00000e+00     fixed    
  15  w_vw         1.43404e+01   constant   
  16  beta_vw      0.00000e+00     fixed    
  17  LM           1.60296e-04   constant   
  18  zeta_y       0.00000e+00   constant   
  19  zeta_vw      0.00000e+00   constant   
  20  T_CBO        1.00000e+02   1.00000e+00   0.00000e+00   0.00000e+00
  21  alpha_A0     0.00000e+00   1.00000e-04   0.00000e+00  -3.88252e+02
  22  beta_A0      0.00000e+00   1.00000e-04   0.00000e+00   5.78646e+01
  23  alpha_phi    0.00000e+00   1.00000e-04   0.00000e+00  -9.28957e+01
  24  beta_phi     0.00000e+00   1.00000e-04   0.00000e+00  -1.45424e+02
 MIGRAD MINIMIZATION HAS CONVERGED.
 FCN=6928.46 FROM MIGRAD    STATUS=CONVERGED     852 CALLS         853 TOTAL
                     EDM=1.83223e-07    STRATEGY= 1  ERROR MATRIX UNCERTAINTY   0.6 per cent
  EXT PARAMETER                                   STEP         FIRST   
  NO.   NAME      VALUE            ERROR          SIZE      DERIVATIVE 
   1  N0           2.88150e+06   1.99611e+02   1.61259e-01  -2.23720e-06
   2  tau          6.44106e+01   constant   
   3  A0           3.51563e-01   8.73917e-05  -1.76843e-07  -4.72887e+00
   4  phi          4.11366e+00   2.44341e-04   2.39982e-07  -6.66698e-01
   5  R           -5.98157e+01   constant   
   6  alpha_CBO    0.00000e+00     fixed    
   7  w_CBO        2.32500e+00   constant   
   8  beta_CBO     0.00000e+00     fixed    
   9  alpha_2CBO   0.00000e+00     fixed    
  10  beta_2CBO    0.00000e+00     fixed    
  11  alpha_y      0.00000e+00     fixed    
  12  w_y          1.38860e+01   constant   
  13  beta_y       0.00000e+00     fixed    
  14  alpha_vw     0.00000e+00     fixed    
  15  w_vw         1.43404e+01   constant   
  16  beta_vw      0.00000e+00     fixed    
  17  LM           1.60296e-04   constant   
  18  zeta_y       0.00000e+00   constant   
  19  zeta_vw      0.00000e+00   constant   
  20  T_CBO        1.00000e+03   9.39465e+02   1.28331e-02** at limit **
  21  alpha_A0     4.55657e-03   4.10414e-04   9.76943e-05  -9.90712e-06
  22  beta_A0     -5.54573e-04   3.90928e-04  -5.41450e-05  -6.57624e-04
  23  alpha_phi    1.73196e-03   4.07078e-04  -1.93026e-05  -4.00221e-03
  24  beta_phi     1.54824e-03   3.54743e-04   1.42049e-04  -2.50386e-03
 EXTERNAL ERROR MATRIX.    NDIM=  25    NPAR=  8    ERR DEF=1
  3.984e+04  2.249e-03 -4.604e-03  3.229e+00  8.643e-03 -1.235e-02 -8.982e-03 -1.206e-02 
  2.249e-03  7.637e-09  9.693e-10 -8.714e-07  2.298e-09  1.063e-09  7.412e-09 -1.070e-09 
 -4.604e-03  9.693e-10  5.970e-08  5.630e-06  8.499e-10  5.447e-09  6.879e-09  4.137e-09 
  3.229e+00 -8.714e-07  5.630e-06  3.423e+00 -1.005e-04  6.043e-06 -2.974e-05 -1.191e-05 
  8.643e-03  2.298e-09  8.499e-10 -1.005e-04  1.686e-07 -2.359e-09  2.104e-08  5.848e-09 
 -1.235e-02  1.063e-09  5.447e-09  6.043e-06 -2.359e-09  1.529e-07  1.312e-08  6.303e-09 
 -8.982e-03  7.412e-09  6.879e-09 -2.974e-05  2.104e-08  1.312e-08  1.658e-07 -2.664e-09 
 -1.206e-02 -1.070e-09  4.137e-09 -1.191e-05  5.848e-09  6.303e-09 -2.664e-09  1.259e-07 
 PARAMETER  CORRELATION COEFFICIENTS  
       NO.  GLOBAL      1      3      4     20     21     22     23     24
        1  0.32443   1.000  0.129 -0.094  0.009  0.105 -0.158 -0.111 -0.170
        3  0.26548   0.129  1.000  0.045 -0.005  0.064  0.031  0.208 -0.035
        4  0.13175  -0.094  0.045  1.000  0.012  0.008  0.057  0.069  0.048
       20  0.13775   0.009 -0.005  0.012  1.000 -0.132  0.008 -0.039 -0.018
       21  0.22595   0.105  0.064  0.008 -0.132  1.000 -0.015  0.126  0.040
       22  0.18086  -0.158  0.031  0.057  0.008 -0.015  1.000  0.082  0.045
       23  0.29304  -0.111  0.208  0.069 -0.039  0.126  0.082  1.000 -0.018
       24  0.19037  -0.170 -0.035  0.048 -0.018  0.040  0.045 -0.018  1.000
MINUIT - FIT ONLY 1-CBO + wiggle
 **********
 **   16 **RES 
 **********
                   PARAMETER   16  beta_vw RESTORED TO VARIABLE.
                   PARAMETER   14  alpha_vw RESTORED TO VARIABLE.
                   PARAMETER   13  beta_y RESTORED TO VARIABLE.
                   PARAMETER   11  alpha_y RESTORED TO VARIABLE.
                   PARAMETER   10  beta_2CBO RESTORED TO VARIABLE.
                   PARAMETER    9  alpha_2CBO RESTORED TO VARIABLE.
                   PARAMETER    8  beta_CBO RESTORED TO VARIABLE.
                   PARAMETER    6  alpha_CBO RESTORED TO VARIABLE.
 **********
 **   17 **FIX            8
 **********
 **********
 **   18 **FIX            9
 **********
 **********
 **   19 **FIX           11
 **********
 **********
 **   20 **FIX           12
 **********
 PARAMETER   12  IS CONSTANT.   IGNORED.
 **********
 **   21 **FIX           14
 **********
 **********
 **   22 **FIX           15
 **********
 PARAMETER   15  IS CONSTANT.   IGNORED.
 **********
 **   23 **FIX           16
 **********
 **********
 **   24 **MIGRAD
 **********
 START MIGRAD MINIMIZATION.  STRATEGY  1.  CONVERGENCE WHEN EDM .LT. 1.00e-04
 FCN=6928.46 FROM MIGRAD    STATUS=INITIATE       28 CALLS         881 TOTAL
                     EDM= unknown      STRATEGY= 1      NO ERROR MATRIX       
  EXT PARAMETER               CURRENT GUESS       STEP         FIRST   
  NO.   NAME      VALUE            ERROR          SIZE      DERIVATIVE 
   1  N0           2.88150e+06   1.99611e+02   1.61259e-01  -2.23720e-06
   2  tau          6.44106e+01   constant   
   3  A0           3.51563e-01   8.73917e-05  -1.76843e-07  -4.72887e+00
   4  phi          4.11366e+00   2.44341e-04   2.39982e-07  -6.66675e-01
   5  R           -5.98157e+01   constant   
   6  alpha_CBO    0.00000e+00   1.00000e-03   1.00000e-03  -1.52633e+06
   7  w_CBO        2.32500e+00   constant   
   8  beta_CBO     0.00000e+00     fixed    
   9  alpha_2CBO   0.00000e+00     fixed    
  10  beta_2CBO    0.00000e+00   1.00000e-03   1.00000e-03  -1.75624e+05
  11  alpha_y      0.00000e+00     fixed    
  12  w_y          1.38860e+01   constant   
  13  beta_y       0.00000e+00   1.00000e-03   1.00000e-03  -4.08704e+04
  14  alpha_vw     0.00000e+00     fixed    
  15  w_vw         1.43404e+01   constant   
  16  beta_vw      0.00000e+00     fixed    
  17  LM           1.60296e-04   constant   
  18  zeta_y       0.00000e+00   constant   
  19  zeta_vw      0.00000e+00   constant   
  20  T_CBO        1.00000e+03   9.39465e+02   1.28331e-02** at limit **
  21  alpha_A0     4.55657e-03   4.10414e-04   9.76943e-05  -1.00065e-05
  22  beta_A0     -5.54573e-04   3.90928e-04  -5.41450e-05  -6.57355e-04
  23  alpha_phi    1.73196e-03   4.07078e-04  -1.93026e-05  -4.00220e-03
  24  beta_phi     1.54824e-03   3.54743e-04   1.42049e-04  -2.50387e-03
 MIGRAD MINIMIZATION HAS CONVERGED.
 FCN=1211.75 FROM MIGRAD    STATUS=CONVERGED     194 CALLS        1047 TOTAL
                     EDM=1.71607e-06    STRATEGY= 1  ERROR MATRIX UNCERTAINTY   2.2 per cent
  EXT PARAMETER                                   STEP         FIRST   
  NO.   NAME      VALUE            ERROR          SIZE      DERIVATIVE 
   1  N0           2.88130e+06   2.06907e+02   2.86131e-01  -2.33730e-06
   2  tau          6.44106e+01   constant   
   3  A0           3.50690e-01   9.06362e-05   4.65926e-07   4.65027e+00
   4  phi          4.11607e+00   2.65359e-04  -5.22048e-08  -2.38164e+00
   5  R           -5.98157e+01   constant   
   6  alpha_CBO    7.45170e-03   9.92010e-05   4.39868e-08  -2.38928e+00
   7  w_CBO        2.32500e+00   constant   
   8  beta_CBO     0.00000e+00     fixed    
   9  alpha_2CBO   0.00000e+00     fixed    
  10  beta_2CBO    3.11089e-04   9.29240e-05  -1.57287e-07   1.86787e+01
  11  alpha_y      0.00000e+00     fixed    
  12  w_y          1.38860e+01   constant   
  13  beta_y       1.25876e-04   9.46133e-05   8.72474e-08   1.30244e+00
  14  alpha_vw     0.00000e+00     fixed    
  15  w_vw         1.43404e+01   constant   
  16  beta_vw      0.00000e+00     fixed    
  17  LM           1.60296e-04   constant   
  18  zeta_y       0.00000e+00   constant   
  19  zeta_vw      0.00000e+00   constant   
  20  T_CBO        1.00000e+03   9.60166e+02   7.92723e-05** at limit **
  21  alpha_A0     4.64320e-04   3.90478e-04  -2.78848e-05  -3.23016e-02
  22  beta_A0     -1.24892e-03   4.00730e-04  -2.57994e-05  -1.25755e-02
  23  alpha_phi    4.14607e-03   4.17479e-04   2.28976e-04   2.85897e-03
  24  beta_phi     9.32497e-04   3.55835e-04   5.33883e-05  -1.22742e-02
 EXTERNAL ERROR MATRIX.    NDIM=  25    NPAR= 11    ERR DEF=1
  4.281e+04 
  1.922e-03  8.215e-09 
 -8.755e-03  1.218e-09  7.042e-08 
 -2.067e-04 -1.090e-09  3.320e-09  9.841e-09 
 -9.079e-04 -5.841e-10 -4.609e-10 -6.051e-10  8.635e-09 
 -3.028e-05  1.509e-10  2.010e-10 -5.422e-11 -1.879e-10  8.952e-09 
  7.908e-04  1.619e-09  1.666e-09  1.575e-10 -1.051e-09  2.931e-10  4.926e-04 
  1.069e-02  4.110e-09 -2.989e-09 -4.902e-09 -3.764e-09  7.262e-10  3.210e-09  1.526e-07 
 -1.263e-02  1.257e-09  6.528e-09 -1.009e-09  1.466e-09  1.320e-10  1.344e-09  6.074e-09  1.607e-07 
 -1.066e-02  7.302e-09  1.061e-08  3.764e-09 -5.147e-09  8.913e-10  1.099e-08  1.629e-08  1.283e-08  1.744e-07 
 -1.204e-02  8.791e-11  4.547e-09 -5.556e-10 -1.790e-09 -3.892e-10  1.907e-10  2.361e-09  6.785e-09 -3.069e-09  1.267e-07 
 PARAMETER  CORRELATION COEFFICIENTS  
       NO.  GLOBAL      1      3      4      6     10     13     20     21     22     23     24
        1  0.34649   1.000  0.102 -0.159 -0.010 -0.047 -0.002  0.000  0.132 -0.152 -0.123 -0.164
        3  0.29004   0.102  1.000  0.051 -0.121 -0.069  0.018  0.001  0.116  0.035  0.193  0.003
        4  0.22827  -0.159  0.051  1.000  0.126 -0.019  0.008  0.000 -0.029  0.061  0.096  0.048
        6  0.25579  -0.010 -0.121  0.126  1.000 -0.066 -0.006  0.000 -0.127 -0.025  0.091 -0.016
       10  0.20252  -0.047 -0.069 -0.019 -0.066  1.000 -0.021 -0.001 -0.104  0.039 -0.133 -0.054
       13  0.03861  -0.002  0.018  0.008 -0.006 -0.021  1.000  0.000  0.020  0.003  0.023 -0.012
       20  0.00141   0.000  0.001  0.000  0.000 -0.001  0.000  1.000  0.000  0.000  0.001  0.000
       21  0.25490   0.132  0.116 -0.029 -0.127 -0.104  0.020  0.000  1.000  0.039  0.100  0.017
       22  0.18687  -0.152  0.035  0.061 -0.025  0.039  0.003  0.000  0.039  1.000  0.077  0.048
       23  0.32018  -0.123  0.193  0.096  0.091 -0.133  0.023  0.001  0.100  0.077  1.000 -0.021
       24  0.19139  -0.164  0.003  0.048 -0.016 -0.054 -0.012  0.000  0.017  0.048 -0.021  1.000
MINUIT - FIT ONLY 2-CBO
 **********
 **   25 **RES 
 **********
                   PARAMETER   16  beta_vw RESTORED TO VARIABLE.
                   PARAMETER   14  alpha_vw RESTORED TO VARIABLE.
                   PARAMETER   11  alpha_y RESTORED TO VARIABLE.
                   PARAMETER    9  alpha_2CBO RESTORED TO VARIABLE.
                   PARAMETER    8  beta_CBO RESTORED TO VARIABLE.
 **********
 **   26 **FIX            0
 **********
 PARAMETER    0  IS UNDEFINED. IGNORED.
 **********
 **   27 **FIX            1
 **********
 **********
 **   28 **FIX            2
 **********
 PARAMETER    2  IS CONSTANT.   IGNORED.
 **********
 **   29 **FIX            3
 **********
 **********
 **   30 **FIX            4
 **********
 **********
 **   31 **FIX            5
 **********
 PARAMETER    5  IS CONSTANT.   IGNORED.
 **********
 **   32 **FIX            6
 **********
 **********
 **   33 **FIX            7
 **********
 PARAMETER    7  IS CONSTANT.   IGNORED.
 **********
 **   34 **FIX           10
 **********
 **********
 **   35 **FIX           11
 **********
 **********
 **   36 **FIX           12
 **********
 PARAMETER   12  IS CONSTANT.   IGNORED.
 **********
 **   37 **FIX           13
 **********
 **********
 **   38 **FIX           14
 **********
 **********
 **   39 **FIX           15
 **********
 PARAMETER   15  IS CONSTANT.   IGNORED.
 **********
 **   40 **FIX           16
 **********
 **********
 **   41 **MIGRAD
 **********
 START MIGRAD MINIMIZATION.  STRATEGY  1.  CONVERGENCE WHEN EDM .LT. 1.00e-04
 FCN=1211.75 FROM MIGRAD    STATUS=INITIATE       18 CALLS        1065 TOTAL
                     EDM= unknown      STRATEGY= 1      NO ERROR MATRIX       
  EXT PARAMETER               CURRENT GUESS       STEP         FIRST   
  NO.   NAME      VALUE            ERROR          SIZE      DERIVATIVE 
   1  N0           2.88130e+06     fixed    
   2  tau          6.44106e+01   constant   
   3  A0           3.50690e-01     fixed    
   4  phi          4.11607e+00     fixed    
   5  R           -5.98157e+01   constant   
   6  alpha_CBO    7.45170e-03     fixed    
   7  w_CBO        2.32500e+00   constant   
   8  beta_CBO     0.00000e+00   1.00000e-03   1.00000e-03   6.08137e+05
   9  alpha_2CBO   0.00000e+00   1.00000e-03   1.00000e-03  -4.78943e+04
  10  beta_2CBO    3.11089e-04     fixed    
  11  alpha_y      0.00000e+00     fixed    
  12  w_y          1.38860e+01   constant   
  13  beta_y       1.25876e-04     fixed    
  14  alpha_vw     0.00000e+00     fixed    
  15  w_vw         1.43404e+01   constant   
  16  beta_vw      0.00000e+00     fixed    
  17  LM           1.60296e-04   constant   
  18  zeta_y       0.00000e+00   constant   
  19  zeta_vw      0.00000e+00   constant   
  20  T_CBO        9.99999e+02   9.60166e+02   7.92723e-05  -1.60802e-04
  21  alpha_A0     4.64320e-04   3.90478e-04  -2.78848e-05  -3.23025e-02
  22  beta_A0     -1.24892e-03   4.00730e-04  -2.57994e-05  -1.25647e-02
  23  alpha_phi    4.14607e-03   4.17479e-04   2.28976e-04   2.83313e-03
  24  beta_phi     9.32497e-04   3.55835e-04   5.33883e-05  -1.22844e-02
 MIGRAD MINIMIZATION HAS CONVERGED.
 MIGRAD WILL VERIFY CONVERGENCE AND ERROR MATRIX.
 COVARIANCE MATRIX CALCULATED SUCCESSFULLY
 FCN=361.984 FROM MIGRAD    STATUS=CONVERGED     145 CALLS        1192 TOTAL
                     EDM=7.48956e-06    STRATEGY= 1      ERROR MATRIX ACCURATE 
  EXT PARAMETER                                   STEP         FIRST   
  NO.   NAME      VALUE            ERROR          SIZE      DERIVATIVE 
   1  N0           2.88130e+06     fixed    
   2  tau          6.44106e+01   constant   
   3  A0           3.50690e-01     fixed    
   4  phi          4.11607e+00     fixed    
   5  R           -5.98157e+01   constant   
   6  alpha_CBO    7.45170e-03     fixed    
   7  w_CBO        2.32500e+00   constant   
   8  beta_CBO    -2.78322e-03   9.57768e-05   8.66450e-07   1.65251e+00
   9  alpha_2CBO   1.42012e-04   9.72602e-05   8.82846e-07   2.03626e+01
  10  beta_2CBO    3.11089e-04     fixed    
  11  alpha_y      0.00000e+00     fixed    
  12  w_y          1.38860e+01   constant   
  13  beta_y       1.25876e-04     fixed    
  14  alpha_vw     0.00000e+00     fixed    
  15  w_vw         1.43404e+01   constant   
  16  beta_vw      0.00000e+00     fixed    
  17  LM           1.60296e-04   constant   
  18  zeta_y       0.00000e+00   constant   
  19  zeta_vw      0.00000e+00   constant   
  20  T_CBO        1.00000e+03   5.21718e+02   5.47392e-02** at limit **
  21  alpha_A0     8.40265e-04   3.80745e-04   3.51264e-04   7.14248e-02
  22  beta_A0      7.69125e-04   3.95809e-04   3.61886e-04  -2.52483e-02
  23  alpha_phi    4.48544e-03   4.01646e-04   4.11688e-04   3.00155e-02
  24  beta_phi    -5.91810e-04   3.59802e-04   3.27017e-04  -2.47032e-02
 EXTERNAL ERROR MATRIX.    NDIM=  25    NPAR=  7    ERR DEF=1
  9.173e-09  2.804e-10 -1.463e-09 -9.463e-10 -6.321e-09 -1.421e-09  5.418e-09 
  2.804e-10  9.460e-09  2.812e-09  3.644e-09  3.444e-09 -3.978e-09  5.015e-09 
 -1.463e-09  2.812e-09  1.079e-02  4.332e-07  3.430e-07  2.071e-06 -3.000e-07 
 -9.463e-10  3.644e-09  4.332e-07  1.450e-07  5.479e-09  1.462e-08  6.682e-09 
 -6.321e-09  3.444e-09  3.430e-07  5.479e-09  1.567e-07  7.935e-09  7.529e-10 
 -1.421e-09 -3.978e-09  2.071e-06  1.462e-08  7.935e-09  1.614e-07 -1.039e-08 
  5.418e-09  5.015e-09 -3.000e-07  6.682e-09  7.529e-10 -1.039e-08  1.295e-07 
 PARAMETER  CORRELATION COEFFICIENTS  
       NO.  GLOBAL      8      9     20     21     22     23     24
        8  0.23309   1.000  0.030 -0.000 -0.026 -0.167 -0.037  0.157
        9  0.21891   0.030  1.000  0.000  0.098  0.089 -0.102  0.143
       20  0.05092  -0.000  0.000  1.000  0.011  0.008  0.050 -0.008
       21  0.15480  -0.026  0.098  0.011  1.000  0.036  0.096  0.049
       22  0.20088  -0.167  0.089  0.008  0.036  1.000  0.050  0.005
       23  0.17589  -0.037 -0.102  0.050  0.096  0.050  1.000 -0.072
       24  0.22173   0.157  0.143 -0.008  0.049  0.005 -0.072  1.000
MINUIT - FIT wiggle + 1-CBO + 2-CBO
 **********
 **   42 **RES 
 **********
                   PARAMETER   16  beta_vw RESTORED TO VARIABLE.
                   PARAMETER   14  alpha_vw RESTORED TO VARIABLE.
                   PARAMETER   13  beta_y RESTORED TO VARIABLE.
                   PARAMETER   11  alpha_y RESTORED TO VARIABLE.
                   PARAMETER   10  beta_2CBO RESTORED TO VARIABLE.
                   PARAMETER    6  alpha_CBO RESTORED TO VARIABLE.
                   PARAMETER    4  phi RESTORED TO VARIABLE.
                   PARAMETER    3  A0 RESTORED TO VARIABLE.
                   PARAMETER    1  N0 RESTORED TO VARIABLE.
 **********
 **   43 **FIX           10
 **********
 **********
 **   44 **FIX           11
 **********
 **********
 **   45 **FIX           12
 **********
 PARAMETER   12  IS CONSTANT.   IGNORED.
 **********
 **   46 **FIX           13
 **********
 **********
 **   47 **FIX           14
 **********
 **********
 **   48 **FIX           15
 **********
 PARAMETER   15  IS CONSTANT.   IGNORED.
 **********
 **   49 **FIX           16
 **********
 **********
 **   50 **MIGRAD
 **********
 START MIGRAD MINIMIZATION.  STRATEGY  1.  CONVERGENCE WHEN EDM .LT. 1.00e-04
 FCN=361.984 FROM MIGRAD    STATUS=INITIATE       22 CALLS        1214 TOTAL
                     EDM= unknown      STRATEGY= 1      NO ERROR MATRIX       
  EXT PARAMETER               CURRENT GUESS       STEP         FIRST   
  NO.   NAME      VALUE            ERROR          SIZE      DERIVATIVE 
   1  N0           2.88130e+06   2.06907e+02   2.06907e+02  -1.99929e-02
   2  tau          6.44106e+01   constant   
   3  A0           3.50690e-01   9.06362e-05   9.06362e-05  -1.26040e+05
   4  phi          4.11607e+00   2.65359e-04   2.65359e-04  -3.50153e+04
   5  R           -5.98157e+01   constant   
   6  alpha_CBO    7.45170e-03   9.92010e-05   9.92010e-05  -1.52933e+04
   7  w_CBO        2.32500e+00   constant   
   8  beta_CBO    -2.78322e-03   9.57768e-05   8.66450e-07   1.65164e+00
   9  alpha_2CBO   1.42012e-04   9.72602e-05   8.82846e-07   2.03614e+01
  10  beta_2CBO    3.11089e-04     fixed    
  11  alpha_y      0.00000e+00     fixed    
  12  w_y          1.38860e+01   constant   
  13  beta_y       1.25876e-04     fixed    
  14  alpha_vw     0.00000e+00     fixed    
  15  w_vw         1.43404e+01   constant   
  16  beta_vw      0.00000e+00     fixed    
  17  LM           1.60296e-04   constant   
  18  zeta_y       0.00000e+00   constant   
  19  zeta_vw      0.00000e+00   constant   
  20  T_CBO        9.99999e+02   5.21718e+02   5.47392e-02  -1.14269e-04
  21  alpha_A0     8.40265e-04   3.80745e-04   3.51264e-04   7.14143e-02
  22  beta_A0      7.69125e-04   3.95809e-04   3.61886e-04  -2.52578e-02
  23  alpha_phi    4.48544e-03   4.01646e-04   4.11688e-04   2.99479e-02
  24  beta_phi    -5.91810e-04   3.59802e-04   3.27017e-04  -2.46943e-02
 MIGRAD MINIMIZATION HAS CONVERGED.
 MIGRAD WILL VERIFY CONVERGENCE AND ERROR MATRIX.
 COVARIANCE MATRIX CALCULATED SUCCESSFULLY
 FCN=297.707 FROM MIGRAD    STATUS=CONVERGED     268 CALLS        1460 TOTAL
                     EDM=1.97157e-06    STRATEGY= 1      ERROR MATRIX ACCURATE 
  EXT PARAMETER                                   STEP         FIRST   
  NO.   NAME      VALUE            ERROR          SIZE      DERIVATIVE 
   1  N0           2.88170e+06   2.05779e+02   1.62340e+00   2.38845e-06
   2  tau          6.44106e+01   constant   
   3  A0           3.51278e-01   9.29217e-05   7.34602e-07   2.91403e+00
   4  phi          4.11736e+00   2.66023e-04   2.15170e-06  -1.69061e+00
   5  R           -5.98157e+01   constant   
   6  alpha_CBO    7.51207e-03   9.90242e-05   8.08260e-07  -3.68897e+00
   7  w_CBO        2.32500e+00   constant   
   8  beta_CBO    -2.99583e-03   9.93705e-05   7.85899e-07  -2.65717e+00
   9  alpha_2CBO   1.22246e-04   9.75242e-05   8.00772e-07  -1.66252e+01
  10  beta_2CBO    3.11089e-04     fixed    
  11  alpha_y      0.00000e+00     fixed    
  12  w_y          1.38860e+01   constant   
  13  beta_y       1.25876e-04     fixed    
  14  alpha_vw     0.00000e+00     fixed    
  15  w_vw         1.43404e+01   constant   
  16  beta_vw      0.00000e+00     fixed    
  17  LM           1.60296e-04   constant   
  18  zeta_y       0.00000e+00   constant   
  19  zeta_vw      0.00000e+00   constant   
  20  T_CBO        1.00000e+03   5.00830e+02   5.19124e-02** at limit **
  21  alpha_A0     1.12675e-03   3.87334e-04   3.19116e-04   2.98137e-03
  22  beta_A0      1.00269e-03   4.02916e-04   3.28621e-04  -6.01240e-03
  23  alpha_phi    5.10441e-03   4.17414e-04   3.87496e-04  -1.20113e-02
  24  beta_phi    -7.63432e-04   3.64830e-04   2.96478e-04   1.60502e-02
 EXTERNAL ERROR MATRIX.    NDIM=  25    NPAR= 11    ERR DEF=1
  4.234e+04 
  2.097e-03  8.634e-09 
 -8.732e-03  1.819e-09  7.077e-08 
 -3.074e-04 -1.119e-09  3.368e-09  9.806e-09 
 -1.247e-03 -1.976e-09 -4.231e-09 -1.734e-10  9.874e-09 
  3.918e-04 -5.478e-10  4.945e-10  3.229e-10  3.490e-10  9.511e-09 
  1.451e-02  9.935e-09 -4.289e-08  1.831e-09 -1.351e-09  2.146e-09  1.173e-02 
  9.184e-03  3.644e-09  1.168e-10 -5.059e-09 -1.889e-09  3.430e-09  5.660e-07  1.501e-07 
 -1.254e-02  2.668e-09  1.128e-08 -7.576e-10 -7.158e-09  3.158e-09  4.713e-07  4.508e-09  1.624e-07 
 -1.079e-02  7.838e-09  1.178e-08  3.310e-09 -3.500e-09 -4.457e-09  2.479e-06  1.341e-08  1.491e-08  1.744e-07 
 -1.298e-02 -1.491e-09  3.313e-09 -5.950e-10  5.918e-09  4.931e-09 -3.930e-07  3.989e-09  4.310e-09 -8.156e-09  1.332e-07 
 PARAMETER  CORRELATION COEFFICIENTS  
       NO.  GLOBAL      1      3      4      6      8      9     20     21     22     23     24
        1  0.35374   1.000  0.110 -0.160 -0.015 -0.061  0.020  0.001  0.115 -0.151 -0.126 -0.173
        3  0.34989   0.110  1.000  0.074 -0.122 -0.214 -0.060  0.001  0.101  0.071  0.202 -0.044
        4  0.28525  -0.160  0.074  1.000  0.128 -0.160  0.019 -0.001  0.001  0.105  0.106  0.034
        6  0.25401  -0.015 -0.122  0.128  1.000 -0.018  0.033  0.000 -0.132 -0.019  0.080 -0.016
        8  0.34888  -0.061 -0.214 -0.160 -0.018  1.000  0.036 -0.000 -0.049 -0.179 -0.084  0.163
        9  0.23089   0.020 -0.060  0.019  0.033  0.036  1.000  0.000  0.091  0.080 -0.109  0.139
       20  0.05893   0.001  0.001 -0.001  0.000 -0.000  0.000  1.000  0.013  0.011  0.055 -0.010
       21  0.24387   0.115  0.101  0.001 -0.132 -0.049  0.091  0.013  1.000  0.029  0.083  0.028
       22  0.27536  -0.151  0.071  0.105 -0.019 -0.179  0.080  0.011  0.029  1.000  0.089  0.029
       23  0.32527  -0.126  0.202  0.106  0.080 -0.084 -0.109  0.055  0.083  0.089  1.000 -0.054
       24  0.28023  -0.173 -0.044  0.034 -0.016  0.163  0.139 -0.010  0.028  0.029 -0.054  1.000
MINUIT - FIT ONLY 1-y
 **********
 **   51 **RES 
 **********
                   PARAMETER   16  beta_vw RESTORED TO VARIABLE.
                   PARAMETER   14  alpha_vw RESTORED TO VARIABLE.
                   PARAMETER   13  beta_y RESTORED TO VARIABLE.
                   PARAMETER   11  alpha_y RESTORED TO VARIABLE.
                   PARAMETER   10  beta_2CBO RESTORED TO VARIABLE.
 **********
 **   52 **FIX            0
 **********
 PARAMETER    0  IS UNDEFINED. IGNORED.
 **********
 **   53 **FIX            1
 **********
 **********
 **   54 **FIX            2
 **********
 PARAMETER    2  IS CONSTANT.   IGNORED.
 **********
 **   55 **FIX            3
 **********
 **********
 **   56 **FIX            4
 **********
 **********
 **   57 **FIX            5
 **********
 PARAMETER    5  IS CONSTANT.   IGNORED.
 **********
 **   58 **FIX            6
 **********
 **********
 **   59 **FIX            7
 **********
 PARAMETER    7  IS CONSTANT.   IGNORED.
 **********
 **   60 **FIX            8
 **********
 **********
 **   61 **FIX            9
 **********
 **********
 **   62 **FIX           13
 **********
 **********
 **   63 **FIX           14
 **********
 **********
 **   64 **FIX           15
 **********
 PARAMETER   15  IS CONSTANT.   IGNORED.
 **********
 **   65 **FIX           16
 **********
 **********
 **   66 **MIGRAD
 **********
 START MIGRAD MINIMIZATION.  STRATEGY  1.  CONVERGENCE WHEN EDM .LT. 1.00e-04
 FCN=297.707 FROM MIGRAD    STATUS=INITIATE       16 CALLS        1476 TOTAL
                     EDM= unknown      STRATEGY= 1      NO ERROR MATRIX       
  EXT PARAMETER               CURRENT GUESS       STEP         FIRST   
  NO.   NAME      VALUE            ERROR          SIZE      DERIVATIVE 
   1  N0           2.88170e+06     fixed    
   2  tau          6.44106e+01   constant   
   3  A0           3.51278e-01     fixed    
   4  phi          4.11736e+00     fixed    
   5  R           -5.98157e+01   constant   
   6  alpha_CBO    7.51207e-03     fixed    
   7  w_CBO        2.32500e+00   constant   
   8  beta_CBO    -2.99583e-03     fixed    
   9  alpha_2CBO   1.22246e-04     fixed    
  10  beta_2CBO    3.11089e-04   9.29240e-05   9.29240e-05   1.08227e+04
  11  alpha_y      0.00000e+00   1.00000e-03   1.00000e-03  -6.68982e+04
  12  w_y          1.38860e+01   constant   
  13  beta_y       1.25876e-04     fixed    
  14  alpha_vw     0.00000e+00     fixed    
  15  w_vw         1.43404e+01   constant   
  16  beta_vw      0.00000e+00     fixed    
  17  LM           1.60296e-04   constant   
  18  zeta_y       0.00000e+00   constant   
  19  zeta_vw      0.00000e+00   constant   
  20  T_CBO        9.99999e+02   5.00830e+02   5.19124e-02  -1.02331e-04
  21  alpha_A0     1.12675e-03   3.87334e-04   3.19116e-04   2.96783e-03
  22  beta_A0      1.00269e-03   4.02916e-04   3.28621e-04  -6.02486e-03
  23  alpha_phi    5.10441e-03   4.17414e-04   3.87496e-04  -1.20805e-02
  24  beta_phi    -7.63432e-04   3.64830e-04   2.96478e-04   1.60608e-02
 MIGRAD MINIMIZATION HAS CONVERGED.
 MIGRAD WILL VERIFY CONVERGENCE AND ERROR MATRIX.
 COVARIANCE MATRIX CALCULATED SUCCESSFULLY
 FCN=287.432 FROM MIGRAD    STATUS=CONVERGED     115 CALLS        1575 TOTAL
                     EDM=3.63926e-06    STRATEGY= 1      ERROR MATRIX ACCURATE 
  EXT PARAMETER                                   STEP         FIRST   
  NO.   NAME      VALUE            ERROR          SIZE      DERIVATIVE 
   1  N0           2.88170e+06     fixed    
   2  tau          6.44106e+01   constant   
   3  A0           3.51278e-01     fixed    
   4  phi          4.11736e+00     fixed    
   5  R           -5.98157e+01   constant   
   6  alpha_CBO    7.51207e-03     fixed    
   7  w_CBO        2.32500e+00   constant   
   8  beta_CBO    -2.99583e-03     fixed    
   9  alpha_2CBO   1.22246e-04     fixed    
  10  beta_2CBO    2.58106e-04   9.61202e-05   7.79216e-07  -2.34301e+00
  11  alpha_y      2.98603e-04   9.44066e-05   7.82519e-07  -2.92829e-01
  12  w_y          1.38860e+01   constant   
  13  beta_y       1.25876e-04     fixed    
  14  alpha_vw     0.00000e+00     fixed    
  15  w_vw         1.43404e+01   constant   
  16  beta_vw      0.00000e+00     fixed    
  17  LM           1.60296e-04   constant   
  18  zeta_y       0.00000e+00   constant   
  19  zeta_vw      0.00000e+00   constant   
  20  T_CBO        1.00000e+03   5.05785e+02   4.97373e-02** at limit **
  21  alpha_A0     1.12923e-03   3.81447e-04   3.13575e-04   7.33721e-03
  22  beta_A0      9.81392e-04   3.89071e-04   3.22848e-04  -1.04201e-02
  23  alpha_phi    5.10625e-03   4.02129e-04   3.80835e-04  -5.60469e-02
  24  beta_phi    -7.51139e-04   3.52663e-04   2.91306e-04  -2.02322e-02
 EXTERNAL ERROR MATRIX.    NDIM=  25    NPAR=  7    ERR DEF=1
  9.239e-09 -8.951e-11 -1.348e-11 -4.727e-09  2.657e-09 -4.983e-09 -3.100e-09 
 -8.951e-11  8.913e-09 -5.661e-12 -6.894e-10 -2.064e-10 -7.405e-10 -1.290e-10 
 -1.348e-11 -5.661e-12  8.427e-07  4.480e-09  3.692e-09  1.971e-08 -3.029e-09 
 -4.727e-09 -6.894e-10  4.480e-09  1.456e-07  2.054e-09  1.840e-08  6.965e-09 
  2.657e-09 -2.064e-10  3.692e-09  2.054e-09  1.515e-07  7.088e-09  1.604e-09 
 -4.983e-09 -7.405e-10  1.971e-08  1.840e-08  7.088e-09  1.618e-07 -5.827e-09 
 -3.100e-09 -1.290e-10 -3.029e-09  6.965e-09  1.604e-09 -5.827e-09  1.244e-07 
 PARAMETER  CORRELATION COEFFICIENTS  
       NO.  GLOBAL     10     11     20     21     22     23     24
       10  0.21057   1.000 -0.010 -0.000 -0.129  0.071 -0.129 -0.091
       11  0.03027  -0.010  1.000 -0.000 -0.019 -0.006 -0.019 -0.004
       20  0.05525  -0.000 -0.000  1.000  0.013  0.010  0.053 -0.009
       21  0.17376  -0.129 -0.019  0.013  1.000  0.014  0.120  0.052
       22  0.09406   0.071 -0.006  0.010  0.014  1.000  0.045  0.012
       23  0.19104  -0.129 -0.019  0.053  0.120  0.045  1.000 -0.041
       24  0.11756  -0.091 -0.004 -0.009  0.052  0.012 -0.041  1.000
MINUIT - FIT ONLY 2-y
 **********
 **   67 **RES 
 **********
                   PARAMETER   16  beta_vw RESTORED TO VARIABLE.
                   PARAMETER   14  alpha_vw RESTORED TO VARIABLE.
                   PARAMETER   13  beta_y RESTORED TO VARIABLE.
                   PARAMETER    9  alpha_2CBO RESTORED TO VARIABLE.
                   PARAMETER    8  beta_CBO RESTORED TO VARIABLE.
                   PARAMETER    6  alpha_CBO RESTORED TO VARIABLE.
                   PARAMETER    4  phi RESTORED TO VARIABLE.
                   PARAMETER    3  A0 RESTORED TO VARIABLE.
                   PARAMETER    1  N0 RESTORED TO VARIABLE.
 **********
 **   68 **FIX            0
 **********
 PARAMETER    0  IS UNDEFINED. IGNORED.
 **********
 **   69 **FIX            1
 **********
 **********
 **   70 **FIX            2
 **********
 PARAMETER    2  IS CONSTANT.   IGNORED.
 **********
 **   71 **FIX            3
 **********
 **********
 **   72 **FIX            4
 **********
 **********
 **   73 **FIX            5
 **********
 PARAMETER    5  IS CONSTANT.   IGNORED.
 **********
 **   74 **FIX            6
 **********
 **********
 **   75 **FIX            7
 **********
 PARAMETER    7  IS CONSTANT.   IGNORED.
 **********
 **   76 **FIX            8
 **********
 **********
 **   77 **FIX            9
 **********
 **********
 **   78 **FIX           10
 **********
 **********
 **   79 **FIX           11
 **********
 **********
 **   80 **FIX           12
 **********
 PARAMETER   12  IS CONSTANT.   IGNORED.
 **********
 **   81 **FIX           16
 **********
 **********
 **   82 **MIGRAD
 **********
 START MIGRAD MINIMIZATION.  STRATEGY  1.  CONVERGENCE WHEN EDM .LT. 1.00e-04
 FCN=287.432 FROM MIGRAD    STATUS=INITIATE       16 CALLS        1591 TOTAL
                     EDM= unknown      STRATEGY= 1      NO ERROR MATRIX       
  EXT PARAMETER               CURRENT GUESS       STEP         FIRST   
  NO.   NAME      VALUE            ERROR          SIZE      DERIVATIVE 
   1  N0           2.88170e+06     fixed    
   2  tau          6.44106e+01   constant   
   3  A0           3.51278e-01     fixed    
   4  phi          4.11736e+00     fixed    
   5  R           -5.98157e+01   constant   
   6  alpha_CBO    7.51207e-03     fixed    
   7  w_CBO        2.32500e+00   constant   
   8  beta_CBO    -2.99583e-03     fixed    
   9  alpha_2CBO   1.22246e-04     fixed    
  10  beta_2CBO    2.58106e-04     fixed    
  11  alpha_y      2.98603e-04     fixed    
  12  w_y          1.38860e+01   constant   
  13  beta_y       1.25876e-04   9.46133e-05   9.46133e-05  -6.99714e+02
  14  alpha_vw     0.00000e+00   1.00000e-03   1.00000e-03   1.04232e+05
  15  w_vw         1.43404e+01   constant   
  16  beta_vw      0.00000e+00     fixed    
  17  LM           1.60296e-04   constant   
  18  zeta_y       0.00000e+00   constant   
  19  zeta_vw      0.00000e+00   constant   
  20  T_CBO        9.99999e+02   5.05785e+02   4.97373e-02  -1.06179e-04
  21  alpha_A0     1.12923e-03   3.81447e-04   3.13575e-04   7.32337e-03
  22  beta_A0      9.81392e-04   3.89071e-04   3.22848e-04  -1.04309e-02
  23  alpha_phi    5.10625e-03   4.02129e-04   3.80835e-04  -5.61147e-02
  24  beta_phi    -7.51139e-04   3.52663e-04   2.91306e-04  -2.02221e-02
 MIGRAD MINIMIZATION HAS CONVERGED.
 MIGRAD WILL VERIFY CONVERGENCE AND ERROR MATRIX.
 COVARIANCE MATRIX CALCULATED SUCCESSFULLY
 FCN=262.607 FROM MIGRAD    STATUS=CONVERGED     113 CALLS        1688 TOTAL
                     EDM=1.41268e-06    STRATEGY= 1      ERROR MATRIX ACCURATE 
  EXT PARAMETER                                   STEP         FIRST   
  NO.   NAME      VALUE            ERROR          SIZE      DERIVATIVE 
   1  N0           2.88170e+06     fixed    
   2  tau          6.44106e+01   constant   
   3  A0           3.51278e-01     fixed    
   4  phi          4.11736e+00     fixed    
   5  R           -5.98157e+01   constant   
   6  alpha_CBO    7.51207e-03     fixed    
   7  w_CBO        2.32500e+00   constant   
   8  beta_CBO    -2.99583e-03     fixed    
   9  alpha_2CBO   1.22246e-04     fixed    
  10  beta_2CBO    2.58106e-04     fixed    
  11  alpha_y      2.98603e-04     fixed    
  12  w_y          1.38860e+01   constant   
  13  beta_y       5.13751e-05   9.58616e-05   7.49594e-07  -1.65613e-01
  14  alpha_vw    -4.76836e-04   9.57054e-05   7.48623e-07  -3.80816e-01
  15  w_vw         1.43404e+01   constant   
  16  beta_vw      0.00000e+00     fixed    
  17  LM           1.60296e-04   constant   
  18  zeta_y       0.00000e+00   constant   
  19  zeta_vw      0.00000e+00   constant   
  20  T_CBO        1.00000e+03   5.02887e+02   5.45788e-02** at limit **
  21  alpha_A0     1.12331e-03   3.78199e-04   2.99774e-04   3.22922e-02
  22  beta_A0      9.87916e-04   3.88093e-04   3.08664e-04   2.24756e-02
  23  alpha_phi    5.09500e-03   3.98895e-04   3.64010e-04   9.72013e-03
  24  beta_phi    -7.50211e-04   3.51263e-04   2.78505e-04   9.15895e-03
 EXTERNAL ERROR MATRIX.    NDIM=  25    NPAR=  7    ERR DEF=1
  9.189e-09  1.491e-09 -2.913e-10 -3.826e-11 -1.027e-10  6.761e-10 -7.006e-10 
  1.491e-09  9.160e-09  1.398e-12  1.162e-10 -1.180e-10  2.342e-10 -1.682e-11 
 -2.913e-10  1.398e-12  7.556e-04  1.478e-07  1.236e-07  6.531e-07 -1.006e-07 
 -3.826e-11  1.162e-10  1.478e-07  1.431e-07  3.402e-09  1.580e-08  5.366e-09 
 -1.027e-10 -1.180e-10  1.236e-07  3.402e-09  1.507e-07  8.517e-09  2.496e-09 
  6.761e-10  2.342e-10  6.531e-07  1.580e-08  8.517e-09  1.592e-07 -7.580e-09 
 -7.006e-10 -1.682e-11 -1.006e-07  5.366e-09  2.496e-09 -7.580e-09  1.234e-07 
 PARAMETER  CORRELATION COEFFICIENTS  
       NO.  GLOBAL     13     14     20     21     22     23     24
       13  0.16464   1.000  0.163 -0.000 -0.001 -0.003  0.018 -0.021
       14  0.16265   0.163  1.000  0.000  0.003 -0.003  0.006 -0.001
       20  0.06114  -0.000  0.000  1.000  0.014  0.012  0.060 -0.010
       21  0.11592  -0.001  0.003  0.014  1.000  0.023  0.105  0.040
       22  0.06197  -0.003 -0.003  0.012  0.023  1.000  0.055  0.018
       23  0.14406   0.018  0.006  0.060  0.105  0.055  1.000 -0.054
       24  0.07708  -0.021 -0.001 -0.010  0.040  0.018 -0.054  1.000
MINUIT - FIT ALTOGETHER
 **********
 **   83 **RES 
