 + ++++++++++++++++++++++++++++++++++++++++++++++++++++++++++++++++++++ +
 +                                                                      +
 +           You have chose to blind your fitting according to          +
 +                omega_ref * (1 + (R +/- deltaR) *10^{-6})             +
 +                                                                      +
 + ++++++++++++++++++++++++++++++++++++++++++++++++++++++++++++++++++++ +
In main()...
reading format from /gm2data/zkhechad/run45/envelope/formats/formatB_sBin_constraintOn.txt
pBinTau 	= 0  
pBinPhi 	= 0  
constraintau 	= 1 
includeMopTerm 	= 0    
constrainMop    = 0   
Parameters after format file: pBinTau 0 pBinPhi 0 constraintau 1 includeMopTerm 0 constrainMop 0 c_e_scale 0.000000 
Opening file /gm2data/tbarrett/gm2fr/studies/run23_bunch_corrections/CorrectedFourier_Run3b.root.
reading full fit data from /gm2data/zkhechad/cboTemplates/Run4CBOTemplates/fullFits/noRF/sBin_constraintOn_cE0.0_seed0_noRF_calo22.root
windowBins = 69
fitting sliding window 770 from bin 906 at 135.026000 to bin 975 at 145.470000 (69 bins)

Reading data from /gm2data/cornell/histograms/aMethod/histogram_a_noRF.root
 **********
 **    1 **SET PRINTOUT            1
 **********
 **********
 **    2 **SET NOWARNINGS 
 **********
 PARAMETER DEFINITIONS:
    NO.   NAME         VALUE      STEP SIZE      LIMITS
     1 N0           3.01041e+06  1.00000e+02     no limits
     2 tau          6.44059e+01  constant
     3 A0           3.51736e-01  1.00000e-04     no limits
     4 phi          4.11589e+00  1.00000e-02     no limits
     5 R           -6.13499e+01  constant
     6 alpha_CBO    0.00000e+00  1.00000e-03     no limits
     7 w_CBO        2.32500e+00  constant
     8 beta_CBO     0.00000e+00  1.00000e-03     no limits
     9 alpha_2CBO   0.00000e+00  1.00000e-03     no limits
    10 beta_2CBO    0.00000e+00  1.00000e-03     no limits
    11 alpha_y      0.00000e+00  1.00000e-03     no limits
    12 w_y          1.38860e+01  constant
    13 beta_y       0.00000e+00  1.00000e-03     no limits
    14 alpha_vw     0.00000e+00  1.00000e-03     no limits
    15 w_vw         1.43404e+01  constant
    16 beta_vw      0.00000e+00  1.00000e-03     no limits
    17 LM           1.16863e-04  constant
    18 zeta_y       0.00000e+00  constant
    19 zeta_vw      0.00000e+00  constant
    20 T_CBO        1.00000e+02  1.00000e+00    0.00000e+00  1.00000e+03
    21 alpha_A0     0.00000e+00  1.00000e-04   -1.00000e-02  1.00000e-02
    22 beta_A0      0.00000e+00  1.00000e-04   -1.00000e-02  1.00000e-02
    23 alpha_phi    0.00000e+00  1.00000e-04   -1.00000e-02  1.00000e-02
    24 beta_phi     0.00000e+00  1.00000e-04   -1.00000e-02  1.00000e-02
MINUIT - FIT ONLY WIGGLE
 **********
 **    3 **FIX            5
 **********
 PARAMETER    5  IS CONSTANT.   IGNORED.
 **********
 **    4 **FIX            6
 **********
 **********
 **    5 **FIX            7
 **********
 PARAMETER    7  IS CONSTANT.   IGNORED.
 **********
 **    6 **FIX            8
 **********
 **********
 **    7 **FIX            9
 **********
 **********
 **    8 **FIX           10
 **********
 **********
 **    9 **FIX           11
 **********
 **********
 **   10 **FIX           12
 **********
 PARAMETER   12  IS CONSTANT.   IGNORED.
 **********
 **   11 **FIX           13
 **********
 **********
 **   12 **FIX           14
 **********
 **********
 **   13 **FIX           15
 **********
 PARAMETER   15  IS CONSTANT.   IGNORED.
 **********
 **   14 **FIX           16
 **********
 **********
 **   15 **MIGRAD
 **********
 FIRST CALL TO USER FUNCTION AT NEW START POINT, WITH IFLAG=4.
 START MIGRAD MINIMIZATION.  STRATEGY  1.  CONVERGENCE WHEN EDM .LT. 1.00e-04
 FCN=802.962 FROM MIGRAD    STATUS=INITIATE      437 CALLS         438 TOTAL
                     EDM= unknown      STRATEGY= 1      NO ERROR MATRIX       
  EXT PARAMETER               CURRENT GUESS       STEP         FIRST   
  NO.   NAME      VALUE            ERROR          SIZE      DERIVATIVE 
   1  N0           3.01041e+06   1.00000e+02   0.00000e+00   7.85234e-03
   2  tau          6.44059e+01   constant   
   3  A0           3.51736e-01   1.00000e-04   0.00000e+00   3.10336e+04
   4  phi          4.11589e+00   1.00000e-02   0.00000e+00   8.07071e+03
   5  R           -6.13499e+01   constant   
   6  alpha_CBO    0.00000e+00     fixed    
   7  w_CBO        2.32500e+00   constant   
   8  beta_CBO     0.00000e+00     fixed    
   9  alpha_2CBO   0.00000e+00     fixed    
  10  beta_2CBO    0.00000e+00     fixed    
  11  alpha_y      0.00000e+00     fixed    
  12  w_y          1.38860e+01   constant   
  13  beta_y       0.00000e+00     fixed    
  14  alpha_vw     0.00000e+00     fixed    
  15  w_vw         1.43404e+01   constant   
  16  beta_vw      0.00000e+00     fixed    
  17  LM           1.16863e-04   constant   
  18  zeta_y       0.00000e+00   constant   
  19  zeta_vw      0.00000e+00   constant   
  20  T_CBO        1.00000e+02   1.00000e+00   0.00000e+00   0.00000e+00
  21  alpha_A0     0.00000e+00   1.00000e-04   0.00000e+00   1.35998e+01
  22  beta_A0      0.00000e+00   1.00000e-04   0.00000e+00   5.54177e-01
  23  alpha_phi    0.00000e+00   1.00000e-04   0.00000e+00  -1.75656e+01
  24  beta_phi     0.00000e+00   1.00000e-04   0.00000e+00  -8.78216e+00
 MIGRAD MINIMIZATION HAS CONVERGED.
 FCN=776.94 FROM MIGRAD    STATUS=CONVERGED     849 CALLS         850 TOTAL
                     EDM=8.23925e-06    STRATEGY= 1  ERROR MATRIX UNCERTAINTY   1.7 per cent
  EXT PARAMETER                                   STEP         FIRST   
  NO.   NAME      VALUE            ERROR          SIZE      DERIVATIVE 
   1  N0           3.00960e+06   4.04286e+02   8.87343e-01   3.28916e-06
   2  tau          6.44059e+01   constant   
   3  A0           3.51256e-01   1.55387e-04   1.40862e-08   2.17050e+00
   4  phi          4.11480e+00   4.93122e-04  -1.19333e-06  -2.28327e+00
   5  R           -6.13499e+01   constant   
   6  alpha_CBO    0.00000e+00     fixed    
   7  w_CBO        2.32500e+00   constant   
   8  beta_CBO     0.00000e+00     fixed    
   9  alpha_2CBO   0.00000e+00     fixed    
  10  beta_2CBO    0.00000e+00     fixed    
  11  alpha_y      0.00000e+00     fixed    
  12  w_y          1.38860e+01   constant   
  13  beta_y       0.00000e+00     fixed    
  14  alpha_vw     0.00000e+00     fixed    
  15  w_vw         1.43404e+01   constant   
  16  beta_vw      0.00000e+00     fixed    
  17  LM           1.16863e-04   constant   
  18  zeta_y       0.00000e+00   constant   
  19  zeta_vw      0.00000e+00   constant   
  20  T_CBO        7.56916e+01   1.91463e+01  -6.75892e-05   2.04641e-02
  21  alpha_A0    -9.99999e-03   1.99992e-02  -1.18318e-02   1.54875e-04
  22  beta_A0      4.14275e-03   4.00951e-03  -5.41718e-04   1.23507e-02
  23  alpha_phi    8.97163e-03   1.51610e-02  -5.62980e-04   2.91415e-03
  24  beta_phi     5.96994e-03   4.29056e-03   2.78050e-03   2.69697e-04
 EXTERNAL ERROR MATRIX.    NDIM=  25    NPAR=  8    ERR DEF=1
  1.634e+05  1.414e-02 -6.305e-03  1.163e+03 -6.929e-04 -4.495e-01 -3.704e-01 -6.019e-02 
  1.414e-02  2.414e-08  4.294e-09 -9.001e-05  7.051e-11 -5.706e-08  9.864e-09 -3.195e-08 
 -6.305e-03  4.294e-09  2.432e-07 -2.020e-03  6.710e-10  1.086e-07  5.254e-07  2.091e-07 
  1.163e+03 -9.001e-05 -2.020e-03  3.672e+02  1.429e-04 -2.021e-02 -8.558e-02 -4.484e-02 
 -6.929e-04  7.051e-11  6.710e-10  1.429e-04  1.046e-09 -1.882e-08  4.957e-09 -3.056e-08 
 -4.495e-01 -5.706e-08  1.086e-07 -2.021e-02 -1.882e-08  1.724e-05  2.637e-06  2.636e-06 
 -3.704e-01  9.864e-09  5.254e-07 -8.558e-02  4.957e-09  2.637e-06  3.042e-05  1.039e-05 
 -6.019e-02 -3.195e-08  2.091e-07 -4.484e-02 -3.056e-08  2.636e-06  1.039e-05  2.049e-05 
 PARAMETER  CORRELATION COEFFICIENTS  
       NO.  GLOBAL      1      3      4     20     21     22     23     24
        1  0.37862   1.000  0.225 -0.032  0.150 -0.053 -0.268 -0.166 -0.033
        3  0.25954   0.225  1.000  0.056 -0.030  0.014 -0.088  0.012 -0.045
        4  0.23866  -0.032  0.056  1.000 -0.214  0.042  0.053  0.193  0.094
       20  0.87088   0.150 -0.030 -0.214  1.000  0.231 -0.254 -0.810 -0.517
       21  0.45748  -0.053  0.014  0.042  0.231  1.000 -0.140  0.028 -0.209
       22  0.39028  -0.268 -0.088  0.053 -0.254 -0.140  1.000  0.115  0.140
       23  0.84413  -0.166  0.012  0.193 -0.810  0.028  0.115  1.000  0.416
       24  0.53210  -0.033 -0.045  0.094 -0.517 -0.209  0.140  0.416  1.000
MINUIT - FIT ONLY 1-CBO + wiggle
 **********
 **   16 **RES 
 **********
                   PARAMETER   16  beta_vw RESTORED TO VARIABLE.
                   PARAMETER   14  alpha_vw RESTORED TO VARIABLE.
                   PARAMETER   13  beta_y RESTORED TO VARIABLE.
                   PARAMETER   11  alpha_y RESTORED TO VARIABLE.
                   PARAMETER   10  beta_2CBO RESTORED TO VARIABLE.
                   PARAMETER    9  alpha_2CBO RESTORED TO VARIABLE.
                   PARAMETER    8  beta_CBO RESTORED TO VARIABLE.
                   PARAMETER    6  alpha_CBO RESTORED TO VARIABLE.
 **********
 **   17 **FIX            8
 **********
 **********
 **   18 **FIX            9
 **********
 **********
 **   19 **FIX           11
 **********
 **********
 **   20 **FIX           12
 **********
 PARAMETER   12  IS CONSTANT.   IGNORED.
 **********
 **   21 **FIX           14
 **********
 **********
 **   22 **FIX           15
 **********
 PARAMETER   15  IS CONSTANT.   IGNORED.
 **********
 **   23 **FIX           16
 **********
 **********
 **   24 **MIGRAD
 **********
 START MIGRAD MINIMIZATION.  STRATEGY  1.  CONVERGENCE WHEN EDM .LT. 1.00e-04
 FCN=776.94 FROM MIGRAD    STATUS=INITIATE       28 CALLS         878 TOTAL
                     EDM= unknown      STRATEGY= 1      NO ERROR MATRIX       
  EXT PARAMETER               CURRENT GUESS       STEP         FIRST   
  NO.   NAME      VALUE            ERROR          SIZE      DERIVATIVE 
   1  N0           3.00960e+06   4.04286e+02   8.87343e-01   3.28916e-06
   2  tau          6.44059e+01   constant   
   3  A0           3.51256e-01   1.55387e-04   1.40862e-08   2.17051e+00
   4  phi          4.11480e+00   4.93122e-04  -1.19333e-06  -2.28327e+00
   5  R           -6.13499e+01   constant   
   6  alpha_CBO    0.00000e+00   1.00000e-03   1.00000e-03   2.81806e+05
   7  w_CBO        2.32500e+00   constant   
   8  beta_CBO     0.00000e+00     fixed    
   9  alpha_2CBO   0.00000e+00     fixed    
  10  beta_2CBO    0.00000e+00   1.00000e-03   1.00000e-03  -2.76099e+04
  11  alpha_y      0.00000e+00     fixed    
  12  w_y          1.38860e+01   constant   
  13  beta_y       0.00000e+00   1.00000e-03   1.00000e-03  -2.43650e+04
  14  alpha_vw     0.00000e+00     fixed    
  15  w_vw         1.43404e+01   constant   
  16  beta_vw      0.00000e+00     fixed    
  17  LM           1.16863e-04   constant   
  18  zeta_y       0.00000e+00   constant   
  19  zeta_vw      0.00000e+00   constant   
  20  T_CBO        7.56916e+01   1.91463e+01  -6.75892e-05   2.04640e-02
  21  alpha_A0    -9.99999e-03   1.99992e-02  -1.18318e-02   1.54276e-04
  22  beta_A0      4.14275e-03   4.00951e-03  -5.41718e-04   1.23507e-02
  23  alpha_phi    8.97163e-03   1.51610e-02  -5.62980e-04   2.91562e-03
  24  beta_phi     5.96994e-03   4.29056e-03   2.78050e-03   2.68763e-04
 MIGRAD MINIMIZATION HAS CONVERGED.
 FCN=71.7303 FROM MIGRAD    STATUS=CONVERGED    1646 CALLS        2496 TOTAL
                     EDM=9.78884e-06    STRATEGY= 1  ERROR MATRIX UNCERTAINTY   0.1 per cent
  EXT PARAMETER                                   STEP         FIRST   
  NO.   NAME      VALUE            ERROR          SIZE      DERIVATIVE 
   1  N0           3.01006e+06   3.77337e+02  -2.16196e-02  -2.05192e-06
   2  tau          6.44059e+01   constant   
   3  A0           3.51994e-01   1.55703e-04   1.79318e-08   3.26321e+00
   4  phi          4.11679e+00   4.95254e-04  -1.35079e-07   1.10836e+00
   5  R           -6.13499e+01   constant   
   6  alpha_CBO   -4.91688e-03   1.84118e-04   3.90574e-08  -5.37578e-01
   7  w_CBO        2.32500e+00   constant   
   8  beta_CBO     0.00000e+00     fixed    
   9  alpha_2CBO   0.00000e+00     fixed    
  10  beta_2CBO    6.00663e-04   1.80915e-04  -2.10387e-08   6.54969e+00
  11  alpha_y      0.00000e+00     fixed    
  12  w_y          1.38860e+01   constant   
  13  beta_y       3.23912e-04   1.78914e-04   5.48671e-08  -6.96857e-03
  14  alpha_vw     0.00000e+00     fixed    
  15  w_vw         1.43404e+01   constant   
  16  beta_vw      0.00000e+00     fixed    
  17  LM           1.16863e-04   constant   
  18  zeta_y       0.00000e+00   constant   
  19  zeta_vw      0.00000e+00   constant   
  20  T_CBO        9.99626e+02   5.03569e+02   1.78587e-03  -3.43462e-04
  21  alpha_A0     5.72003e-05   8.40825e-04  -7.02169e-05   1.71582e-02
  22  beta_A0     -1.17907e-05   8.75671e-04  -2.08405e-05  -3.85485e-03
  23  alpha_phi   -2.25646e-03   7.29683e-04  -2.68599e-04  -5.39351e-03
  24  beta_phi    -2.65204e-04   7.17365e-04   1.03159e-05   4.65688e-02
 EXTERNAL ERROR MATRIX.    NDIM=  25    NPAR= 11    ERR DEF=1
  1.424e+05 
  8.035e-03  2.424e-08 
 -5.261e-03  3.799e-09  2.453e-07 
 -3.084e-03 -5.127e-09 -1.542e-08  3.390e-08 
 -4.781e-03  6.285e-10 -1.153e-09 -4.562e-10  3.273e-08 
  1.258e-03  3.443e-11  4.203e-10  5.996e-10 -3.548e-10  3.201e-08 
 -1.641e+03  7.714e-04 -2.426e-03  1.179e-03  1.418e-03  1.693e-03  6.029e+04 
  3.637e-02 -8.800e-09 -6.596e-08  1.368e-08  1.568e-08 -5.474e-09 -2.435e-03  7.087e-07 
 -5.324e-02 -1.044e-08 -4.901e-08  4.629e-09 -1.307e-08 -2.735e-10 -9.674e-03  1.414e-07  7.688e-07 
 -3.969e-02 -1.202e-10  5.315e-09  2.759e-08  1.126e-08  5.290e-10  2.432e-02 -8.567e-10 -3.763e-08  5.334e-07 
  2.361e-02 -1.028e-08 -1.214e-08  4.972e-09 -1.989e-08 -1.744e-09  2.785e-02  5.018e-08  8.275e-08  3.240e-09  5.155e-07 
 PARAMETER  CORRELATION COEFFICIENTS  
       NO.  GLOBAL      1      3      4      6     10     13     20     21     22     23     24
        1  0.33209   1.000  0.137 -0.028 -0.044 -0.070  0.019 -0.018  0.115 -0.161 -0.144  0.087
        3  0.25824   0.137  1.000  0.049 -0.179  0.022  0.001  0.020 -0.067 -0.076 -0.001 -0.092
        4  0.24443  -0.028  0.049  1.000 -0.169 -0.013  0.005 -0.020 -0.158 -0.113  0.015 -0.034
        6  0.32435  -0.044 -0.179 -0.169  1.000 -0.014  0.018  0.026  0.088  0.029  0.205  0.038
       10  0.24560  -0.070  0.022 -0.013 -0.014  1.000 -0.011  0.032  0.103 -0.082  0.085 -0.153
       13  0.06704   0.019  0.001  0.005  0.018 -0.011  1.000  0.039 -0.036 -0.002  0.004 -0.014
       20  0.22900  -0.018  0.020 -0.020  0.026  0.032  0.039  1.000 -0.012 -0.045  0.136  0.158
       21  0.32361   0.115 -0.067 -0.158  0.088  0.103 -0.036 -0.012  1.000  0.192 -0.001  0.083
       22  0.33767  -0.161 -0.076 -0.113  0.029 -0.082 -0.002 -0.045  0.192  1.000 -0.059  0.131
       23  0.30319  -0.144 -0.001  0.015  0.205  0.085  0.004  0.136 -0.001 -0.059  1.000  0.006
       24  0.29918   0.087 -0.092 -0.034  0.038 -0.153 -0.014  0.158  0.083  0.131  0.006  1.000
MINUIT - FIT ONLY 2-CBO
 **********
 **   25 **RES 
 **********
                   PARAMETER   16  beta_vw RESTORED TO VARIABLE.
                   PARAMETER   14  alpha_vw RESTORED TO VARIABLE.
                   PARAMETER   11  alpha_y RESTORED TO VARIABLE.
                   PARAMETER    9  alpha_2CBO RESTORED TO VARIABLE.
                   PARAMETER    8  beta_CBO RESTORED TO VARIABLE.
 **********
 **   26 **FIX            0
 **********
 PARAMETER    0  IS UNDEFINED. IGNORED.
 **********
 **   27 **FIX            1
 **********
 **********
 **   28 **FIX            2
 **********
 PARAMETER    2  IS CONSTANT.   IGNORED.
 **********
 **   29 **FIX            3
 **********
 **********
 **   30 **FIX            4
 **********
 **********
 **   31 **FIX            5
 **********
 PARAMETER    5  IS CONSTANT.   IGNORED.
 **********
 **   32 **FIX            6
 **********
 **********
 **   33 **FIX            7
 **********
 PARAMETER    7  IS CONSTANT.   IGNORED.
 **********
 **   34 **FIX           10
 **********
 **********
 **   35 **FIX           11
 **********
 **********
 **   36 **FIX           12
 **********
 PARAMETER   12  IS CONSTANT.   IGNORED.
 **********
 **   37 **FIX           13
 **********
 **********
 **   38 **FIX           14
 **********
 **********
 **   39 **FIX           15
 **********
 PARAMETER   15  IS CONSTANT.   IGNORED.
 **********
 **   40 **FIX           16
 **********
 **********
 **   41 **MIGRAD
 **********
 START MIGRAD MINIMIZATION.  STRATEGY  1.  CONVERGENCE WHEN EDM .LT. 1.00e-04
 FCN=71.7303 FROM MIGRAD    STATUS=INITIATE       18 CALLS        2514 TOTAL
                     EDM= unknown      STRATEGY= 1      NO ERROR MATRIX       
  EXT PARAMETER               CURRENT GUESS       STEP         FIRST   
  NO.   NAME      VALUE            ERROR          SIZE      DERIVATIVE 
   1  N0           3.01006e+06     fixed    
   2  tau          6.44059e+01   constant   
   3  A0           3.51994e-01     fixed    
   4  phi          4.11679e+00     fixed    
   5  R           -6.13499e+01   constant   
   6  alpha_CBO   -4.91688e-03     fixed    
   7  w_CBO        2.32500e+00   constant   
   8  beta_CBO     0.00000e+00   1.00000e-03   1.00000e-03  -2.91789e+04
   9  alpha_2CBO   0.00000e+00   1.00000e-03   1.00000e-03   3.60570e+03
  10  beta_2CBO    6.00663e-04     fixed    
  11  alpha_y      0.00000e+00     fixed    
  12  w_y          1.38860e+01   constant   
  13  beta_y       3.23912e-04     fixed    
  14  alpha_vw     0.00000e+00     fixed    
  15  w_vw         1.43404e+01   constant   
  16  beta_vw      0.00000e+00     fixed    
  17  LM           1.16863e-04   constant   
  18  zeta_y       0.00000e+00   constant   
  19  zeta_vw      0.00000e+00   constant   
  20  T_CBO        9.99626e+02   5.03569e+02   1.78587e-03  -3.44801e-04
  21  alpha_A0     5.72003e-05   8.40825e-04  -7.02169e-05  -1.71584e-02
  22  beta_A0     -1.17907e-05   8.75671e-04  -2.08405e-05  -3.85504e-03
  23  alpha_phi   -2.25646e-03   7.29683e-04  -2.68599e-04  -5.39352e-03
  24  beta_phi    -2.65204e-04   7.17365e-04   1.03159e-05   4.65688e-02
 MIGRAD MINIMIZATION HAS CONVERGED.
 MIGRAD WILL VERIFY CONVERGENCE AND ERROR MATRIX.
 COVARIANCE MATRIX CALCULATED SUCCESSFULLY
 FCN=64.489 FROM MIGRAD    STATUS=CONVERGED     132 CALLS        2628 TOTAL
                     EDM=2.19639e-06    STRATEGY= 1      ERROR MATRIX ACCURATE 
  EXT PARAMETER                                   STEP         FIRST   
  NO.   NAME      VALUE            ERROR          SIZE      DERIVATIVE 
   1  N0           3.01006e+06     fixed    
   2  tau          6.44059e+01   constant   
   3  A0           3.51994e-01     fixed    
   4  phi          4.11679e+00     fixed    
   5  R           -6.13499e+01   constant   
   6  alpha_CBO   -4.91688e-03     fixed    
   7  w_CBO        2.32500e+00   constant   
   8  beta_CBO     4.89031e-04   1.83072e-04   7.04084e-07   1.58374e-02
   9  alpha_2CBO  -5.97634e-05   1.80076e-04   6.96752e-07  -1.37639e+00
  10  beta_2CBO    6.00663e-04     fixed    
  11  alpha_y      0.00000e+00     fixed    
  12  w_y          1.38860e+01   constant   
  13  beta_y       3.23912e-04     fixed    
  14  alpha_vw     0.00000e+00     fixed    
  15  w_vw         1.43404e+01   constant   
  16  beta_vw      0.00000e+00     fixed    
  17  LM           1.16863e-04   constant   
  18  zeta_y       0.00000e+00   constant   
  19  zeta_vw      0.00000e+00   constant   
  20  T_CBO        1.00000e+03   9.87248e+02   6.44925e-02** at limit **
  21  alpha_A0     4.46980e-05   8.17058e-04   3.18086e-04   2.38558e-03
  22  beta_A0     -4.55217e-05   7.98731e-04   3.08924e-04  -1.73948e-02
  23  alpha_phi   -2.17158e-03   7.03387e-04   2.81243e-04   1.79980e-02
  24  beta_phi     1.93947e-04   7.42214e-04   2.84122e-04  -5.60799e-03
 EXTERNAL ERROR MATRIX.    NDIM=  25    NPAR=  7    ERR DEF=1
  3.352e-08 -8.680e-11  6.005e-10 -2.994e-09  2.433e-10  4.199e-09  3.090e-08 
 -8.680e-11  3.243e-08 -6.641e-10 -1.683e-08  2.051e-08 -1.269e-08 -5.461e-09 
  6.005e-10 -6.641e-10  4.717e-04  3.797e-08 -3.603e-08 -1.700e-06  1.582e-07 
 -2.994e-09 -1.683e-08  3.797e-08  6.691e-07 -9.110e-08 -1.752e-09 -3.466e-08 
  2.433e-10  2.051e-08 -3.603e-08 -9.110e-08  6.393e-07 -3.049e-08  4.722e-08 
  4.199e-09 -1.269e-08 -1.700e-06 -1.752e-09 -3.049e-08  4.956e-07  1.725e-08 
  3.090e-08 -5.461e-09  1.582e-07 -3.466e-08  4.722e-08  1.725e-08  5.519e-07 
 PARAMETER  CORRELATION COEFFICIENTS  
       NO.  GLOBAL      8      9     20     21     22     23     24
        8  0.22951   1.000 -0.003  0.000 -0.020  0.002  0.033  0.227
        9  0.20294  -0.003  1.000 -0.000 -0.114  0.142 -0.100 -0.041
       20  0.11277   0.000 -0.000  1.000  0.002 -0.002 -0.111  0.010
       21  0.17750  -0.020 -0.114  0.002  1.000 -0.139 -0.003 -0.057
       22  0.20975   0.002  0.142 -0.002 -0.139  1.000 -0.054  0.079
       23  0.16159   0.033 -0.100 -0.111 -0.003 -0.054  1.000  0.033
       24  0.25212   0.227 -0.041  0.010 -0.057  0.079  0.033  1.000
MINUIT - FIT wiggle + 1-CBO + 2-CBO
 **********
 **   42 **RES 
 **********
                   PARAMETER   16  beta_vw RESTORED TO VARIABLE.
                   PARAMETER   14  alpha_vw RESTORED TO VARIABLE.
                   PARAMETER   13  beta_y RESTORED TO VARIABLE.
                   PARAMETER   11  alpha_y RESTORED TO VARIABLE.
                   PARAMETER   10  beta_2CBO RESTORED TO VARIABLE.
                   PARAMETER    6  alpha_CBO RESTORED TO VARIABLE.
                   PARAMETER    4  phi RESTORED TO VARIABLE.
                   PARAMETER    3  A0 RESTORED TO VARIABLE.
                   PARAMETER    1  N0 RESTORED TO VARIABLE.
 **********
 **   43 **FIX           10
 **********
 **********
 **   44 **FIX           11
 **********
 **********
 **   45 **FIX           12
 **********
 PARAMETER   12  IS CONSTANT.   IGNORED.
 **********
 **   46 **FIX           13
 **********
 **********
 **   47 **FIX           14
 **********
 **********
 **   48 **FIX           15
 **********
 PARAMETER   15  IS CONSTANT.   IGNORED.
 **********
 **   49 **FIX           16
 **********
 **********
 **   50 **MIGRAD
 **********
 START MIGRAD MINIMIZATION.  STRATEGY  1.  CONVERGENCE WHEN EDM .LT. 1.00e-04
 FCN=64.489 FROM MIGRAD    STATUS=INITIATE       22 CALLS        2650 TOTAL
                     EDM= unknown      STRATEGY= 1      NO ERROR MATRIX       
  EXT PARAMETER               CURRENT GUESS       STEP         FIRST   
  NO.   NAME      VALUE            ERROR          SIZE      DERIVATIVE 
   1  N0           3.01006e+06   3.77337e+02   3.77337e+02   2.95753e-04
   2  tau          6.44059e+01   constant   
   3  A0           3.51994e-01   1.55703e-04   1.55703e-04  -2.66646e+03
   4  phi          4.11679e+00   4.95254e-04   4.95254e-04   2.20019e+03
   5  R           -6.13499e+01   constant   
   6  alpha_CBO   -4.91688e-03   1.84118e-04   1.84118e-04   4.89273e+02
   7  w_CBO        2.32500e+00   constant   
   8  beta_CBO     4.89031e-04   1.83072e-04   7.04084e-07   1.58017e-02
   9  alpha_2CBO  -5.97634e-05   1.80076e-04   6.96752e-07  -1.37599e+00
  10  beta_2CBO    6.00663e-04     fixed    
  11  alpha_y      0.00000e+00     fixed    
  12  w_y          1.38860e+01   constant   
  13  beta_y       3.23912e-04     fixed    
  14  alpha_vw     0.00000e+00     fixed    
  15  w_vw         1.43404e+01   constant   
  16  beta_vw      0.00000e+00     fixed    
  17  LM           1.16863e-04   constant   
  18  zeta_y       0.00000e+00   constant   
  19  zeta_vw      0.00000e+00   constant   
  20  T_CBO        9.99999e+02   9.87248e+02   6.44925e-02  -1.55875e-05
  21  alpha_A0     4.46980e-05   8.17058e-04   3.18086e-04   2.38496e-03
  22  beta_A0     -4.55217e-05   7.98731e-04   3.08924e-04  -1.73937e-02
  23  alpha_phi   -2.17158e-03   7.03387e-04   2.81243e-04   1.80131e-02
  24  beta_phi     1.93947e-04   7.42214e-04   2.84122e-04  -5.60965e-03
 MIGRAD MINIMIZATION HAS CONVERGED.
 MIGRAD WILL VERIFY CONVERGENCE AND ERROR MATRIX.
 COVARIANCE MATRIX CALCULATED SUCCESSFULLY
 FCN=64.1399 FROM MIGRAD    STATUS=CONVERGED     220 CALLS        2848 TOTAL
                     EDM=1.4235e-05    STRATEGY= 1      ERROR MATRIX ACCURATE 
  EXT PARAMETER                                   STEP         FIRST   
  NO.   NAME      VALUE            ERROR          SIZE      DERIVATIVE 
   1  N0           3.01006e+06   4.03888e+02   1.48700e+00   8.58926e-06
   2  tau          6.44059e+01   constant   
   3  A0           3.52024e-01   1.60030e-04   6.02351e-07   6.80982e+00
   4  phi          4.11650e+00   5.15842e-04   1.96290e-06   5.73365e-01
   5  R           -6.13499e+01   constant   
   6  alpha_CBO   -4.91626e-03   1.86530e-04   6.98113e-07  -1.55694e+01
   7  w_CBO        2.32500e+00   constant   
   8  beta_CBO     5.13819e-04   1.87809e-04   7.02208e-07   4.02599e-01
   9  alpha_2CBO  -5.28780e-05   1.80645e-04   6.94898e-07   4.99190e+00
  10  beta_2CBO    6.00663e-04     fixed    
  11  alpha_y      0.00000e+00     fixed    
  12  w_y          1.38860e+01   constant   
  13  beta_y       3.23912e-04     fixed    
  14  alpha_vw     0.00000e+00     fixed    
  15  w_vw         1.43404e+01   constant   
  16  beta_vw      0.00000e+00     fixed    
  17  LM           1.16863e-04   constant   
  18  zeta_y       0.00000e+00   constant   
  19  zeta_vw      0.00000e+00   constant   
  20  T_CBO        1.00000e+03   6.55873e+02   9.12195e-02** at limit **
  21  alpha_A0    -2.39415e-05   8.40081e-04   3.17220e-04   9.15308e-03
  22  beta_A0      5.76403e-06   8.18970e-04   3.08097e-04  -1.25517e-02
  23  alpha_phi   -2.18596e-03   7.36746e-04   2.80570e-04   8.73856e-03
  24  beta_phi     2.23133e-04   7.48729e-04   2.83348e-04   8.51318e-03
 EXTERNAL ERROR MATRIX.    NDIM=  25    NPAR= 11    ERR DEF=1
  1.631e+05 
  1.401e-02  2.561e-08 
 -8.109e-03  3.907e-09  2.661e-07 
 -3.081e-03 -4.952e-09 -1.419e-08  3.479e-08 
  1.884e-04  1.931e-09 -2.018e-08 -3.139e-11  3.527e-08 
 -5.936e-04 -4.332e-10 -6.439e-09 -7.689e-10  4.036e-10  3.263e-08 
 -4.018e-03  7.444e-09 -7.241e-08  2.350e-09  9.973e-09 -2.514e-09  5.726e-03 
 -3.897e-02  6.632e-09  7.930e-08 -1.576e-08 -7.878e-09 -1.829e-08 -1.008e-07  7.074e-07 
 -5.762e-02 -1.054e-08 -5.252e-08  3.364e-09  4.019e-09  2.218e-08  2.968e-08 -9.465e-08  6.722e-07 
 -4.150e-02 -1.823e-09  9.657e-09  2.832e-08  3.120e-09 -1.374e-08 -1.056e-05  2.159e-09 -1.917e-08  5.438e-07 
  1.953e-02 -5.663e-09 -3.727e-08  7.096e-09  3.295e-08 -4.728e-09  1.119e-06 -5.365e-08  4.911e-08  1.297e-08  5.616e-07 
 PARAMETER  CORRELATION COEFFICIENTS  
       NO.  GLOBAL      1      3      4      6      8      9     20     21     22     23     24
        1  0.35141   1.000  0.217 -0.039 -0.041  0.002 -0.008 -0.000 -0.115 -0.174 -0.139  0.065
        3  0.29623   0.217  1.000  0.047 -0.166  0.064 -0.015  0.001  0.049 -0.080 -0.015 -0.047
        4  0.32624  -0.039  0.047  1.000 -0.147 -0.208 -0.069 -0.002  0.183 -0.124  0.025 -0.096
        6  0.31318  -0.041 -0.166 -0.147  1.000 -0.001 -0.023  0.000 -0.100  0.022  0.206  0.051
        8  0.31600   0.002  0.064 -0.208 -0.001  1.000  0.012  0.001 -0.050  0.026  0.023  0.234
        9  0.21725  -0.008 -0.015 -0.069 -0.023  0.012  1.000 -0.000 -0.120  0.150 -0.103 -0.035
       20  0.19855  -0.000  0.001 -0.002  0.000  0.001 -0.000  1.000 -0.002  0.000 -0.189  0.020
       21  0.28994  -0.115  0.049  0.183 -0.100 -0.050 -0.120 -0.002  1.000 -0.137  0.003 -0.085
       22  0.30126  -0.174 -0.080 -0.124  0.022  0.026  0.150  0.000 -0.137  1.000 -0.032  0.080
       23  0.33557  -0.139 -0.015  0.025  0.206  0.023 -0.103 -0.189  0.003 -0.032  1.000  0.023
       24  0.28287   0.065 -0.047 -0.096  0.051  0.234 -0.035  0.020 -0.085  0.080  0.023  1.000
MINUIT - FIT ONLY 1-y
 **********
 **   51 **RES 
 **********
                   PARAMETER   16  beta_vw RESTORED TO VARIABLE.
                   PARAMETER   14  alpha_vw RESTORED TO VARIABLE.
                   PARAMETER   13  beta_y RESTORED TO VARIABLE.
                   PARAMETER   11  alpha_y RESTORED TO VARIABLE.
                   PARAMETER   10  beta_2CBO RESTORED TO VARIABLE.
 **********
 **   52 **FIX            0
 **********
 PARAMETER    0  IS UNDEFINED. IGNORED.
 **********
 **   53 **FIX            1
 **********
 **********
 **   54 **FIX            2
 **********
 PARAMETER    2  IS CONSTANT.   IGNORED.
 **********
 **   55 **FIX            3
 **********
 **********
 **   56 **FIX            4
 **********
 **********
 **   57 **FIX            5
 **********
 PARAMETER    5  IS CONSTANT.   IGNORED.
 **********
 **   58 **FIX            6
 **********
 **********
 **   59 **FIX            7
 **********
 PARAMETER    7  IS CONSTANT.   IGNORED.
 **********
 **   60 **FIX            8
 **********
 **********
 **   61 **FIX            9
 **********
 **********
 **   62 **FIX           13
 **********
 **********
 **   63 **FIX           14
 **********
 **********
 **   64 **FIX           15
 **********
 PARAMETER   15  IS CONSTANT.   IGNORED.
 **********
 **   65 **FIX           16
 **********
 **********
 **   66 **MIGRAD
 **********
 START MIGRAD MINIMIZATION.  STRATEGY  1.  CONVERGENCE WHEN EDM .LT. 1.00e-04
 FCN=64.1399 FROM MIGRAD    STATUS=INITIATE       16 CALLS        2864 TOTAL
                     EDM= unknown      STRATEGY= 1      NO ERROR MATRIX       
  EXT PARAMETER               CURRENT GUESS       STEP         FIRST   
  NO.   NAME      VALUE            ERROR          SIZE      DERIVATIVE 
   1  N0           3.01006e+06     fixed    
   2  tau          6.44059e+01   constant   
   3  A0           3.52024e-01     fixed    
   4  phi          4.11650e+00     fixed    
   5  R           -6.13499e+01   constant   
   6  alpha_CBO   -4.91626e-03     fixed    
   7  w_CBO        2.32500e+00   constant   
   8  beta_CBO     5.13819e-04     fixed    
   9  alpha_2CBO  -5.28780e-05     fixed    
  10  beta_2CBO    6.00663e-04   1.80915e-04   1.80915e-04  -1.30388e+02
  11  alpha_y      0.00000e+00   1.00000e-03   1.00000e-03  -8.64088e+03
  12  w_y          1.38860e+01   constant   
  13  beta_y       3.23912e-04     fixed    
  14  alpha_vw     0.00000e+00     fixed    
  15  w_vw         1.43404e+01   constant   
  16  beta_vw      0.00000e+00     fixed    
  17  LM           1.16863e-04   constant   
  18  zeta_y       0.00000e+00   constant   
  19  zeta_vw      0.00000e+00   constant   
  20  T_CBO        9.99999e+02   6.55873e+02   9.12195e-02  -1.03143e-05
  21  alpha_A0    -2.39415e-05   8.40081e-04   3.17220e-04   9.15349e-03
  22  beta_A0      5.76403e-06   8.18970e-04   3.08097e-04  -1.25515e-02
  23  alpha_phi   -2.18596e-03   7.36746e-04   2.80570e-04   8.75371e-03
  24  beta_phi     2.23133e-04   7.48729e-04   2.83348e-04   8.51137e-03
 MIGRAD MINIMIZATION HAS CONVERGED.
 MIGRAD WILL VERIFY CONVERGENCE AND ERROR MATRIX.
 COVARIANCE MATRIX CALCULATED SUCCESSFULLY
 FCN=63.5581 FROM MIGRAD    STATUS=CONVERGED     115 CALLS        2963 TOTAL
                     EDM=1.64627e-07    STRATEGY= 1      ERROR MATRIX ACCURATE 
  EXT PARAMETER                                   STEP         FIRST   
  NO.   NAME      VALUE            ERROR          SIZE      DERIVATIVE 
   1  N0           3.01006e+06     fixed    
   2  tau          6.44059e+01   constant   
   3  A0           3.52024e-01     fixed    
   4  phi          4.11650e+00     fixed    
   5  R           -6.13499e+01   constant   
   6  alpha_CBO   -4.91626e-03     fixed    
   7  w_CBO        2.32500e+00   constant   
   8  beta_CBO     5.13819e-04     fixed    
   9  alpha_2CBO  -5.28780e-05     fixed    
  10  beta_2CBO    6.02540e-04   1.83600e-04   7.02369e-07  -1.35012e+00
  11  alpha_y      1.34649e-04   1.76542e-04   6.92275e-07   7.82927e-02
  12  w_y          1.38860e+01   constant   
  13  beta_y       3.23912e-04     fixed    
  14  alpha_vw     0.00000e+00     fixed    
  15  w_vw         1.43404e+01   constant   
  16  beta_vw      0.00000e+00     fixed    
  17  LM           1.16863e-04   constant   
  18  zeta_y       0.00000e+00   constant   
  19  zeta_vw      0.00000e+00   constant   
  20  T_CBO        1.00000e+03   7.59995e+02   7.78207e-02** at limit **
  21  alpha_A0    -1.30848e-05   8.19297e-04   3.15799e-04   4.19046e-03
  22  beta_A0     -9.21591e-06   7.94389e-04   3.06716e-04   8.45628e-04
  23  alpha_phi   -2.18438e-03   7.07403e-04   2.79287e-04  -8.24955e-05
  24  beta_phi     2.14820e-04   7.27768e-04   2.82077e-04   4.51808e-03
 EXTERNAL ERROR MATRIX.    NDIM=  25    NPAR=  7    ERR DEF=1
  3.371e-08 -6.791e-11 -6.420e-10 -2.052e-08 -1.379e-08  9.367e-09 -1.640e-08 
 -6.791e-11  3.117e-08  7.151e-11  2.865e-09 -3.366e-09  2.779e-10 -1.663e-09 
 -6.420e-10  7.151e-11  1.199e-04 -3.871e-09 -6.355e-09 -1.331e-06  1.350e-07 
 -2.052e-08  2.865e-09 -3.871e-09  6.728e-07 -7.239e-08 -1.337e-08 -2.485e-08 
 -1.379e-08 -3.366e-09 -6.355e-09 -7.239e-08  6.324e-07 -2.639e-08  5.740e-08 
  9.367e-09  2.779e-10 -1.331e-06 -1.337e-08 -2.639e-08  5.013e-07  5.776e-09 
 -1.640e-08 -1.663e-09  1.350e-07 -2.485e-08  5.740e-08  5.776e-09  5.306e-07 
 PARAMETER  CORRELATION COEFFICIENTS  
       NO.  GLOBAL     10     11     20     21     22     23     24
       10  0.22180   1.000 -0.002 -0.000 -0.136 -0.094  0.072 -0.123
       11  0.03142  -0.002  1.000  0.000  0.020 -0.024  0.002 -0.013
       20  0.17362  -0.000  0.000  1.000 -0.000 -0.001 -0.172  0.017
       21  0.19207  -0.136  0.020 -0.000  1.000 -0.111 -0.023 -0.042
       22  0.18303  -0.094 -0.024 -0.001 -0.111  1.000 -0.047  0.099
       23  0.19317   0.072  0.002 -0.172 -0.023 -0.047  1.000  0.011
       24  0.16174  -0.123 -0.013  0.017 -0.042  0.099  0.011  1.000
MINUIT - FIT ONLY 2-y
 **********
 **   67 **RES 
 **********
                   PARAMETER   16  beta_vw RESTORED TO VARIABLE.
                   PARAMETER   14  alpha_vw RESTORED TO VARIABLE.
                   PARAMETER   13  beta_y RESTORED TO VARIABLE.
                   PARAMETER    9  alpha_2CBO RESTORED TO VARIABLE.
                   PARAMETER    8  beta_CBO RESTORED TO VARIABLE.
                   PARAMETER    6  alpha_CBO RESTORED TO VARIABLE.
                   PARAMETER    4  phi RESTORED TO VARIABLE.
                   PARAMETER    3  A0 RESTORED TO VARIABLE.
                   PARAMETER    1  N0 RESTORED TO VARIABLE.
 **********
 **   68 **FIX            0
 **********
 PARAMETER    0  IS UNDEFINED. IGNORED.
 **********
 **   69 **FIX            1
 **********
 **********
 **   70 **FIX            2
 **********
 PARAMETER    2  IS CONSTANT.   IGNORED.
 **********
 **   71 **FIX            3
 **********
 **********
 **   72 **FIX            4
 **********
 **********
 **   73 **FIX            5
 **********
 PARAMETER    5  IS CONSTANT.   IGNORED.
 **********
 **   74 **FIX            6
 **********
 **********
 **   75 **FIX            7
 **********
 PARAMETER    7  IS CONSTANT.   IGNORED.
 **********
 **   76 **FIX            8
 **********
 **********
 **   77 **FIX            9
 **********
 **********
 **   78 **FIX           10
 **********
 **********
 **   79 **FIX           11
 **********
 **********
 **   80 **FIX           12
 **********
 PARAMETER   12  IS CONSTANT.   IGNORED.
 **********
 **   81 **FIX           16
 **********
 **********
 **   82 **MIGRAD
 **********
 START MIGRAD MINIMIZATION.  STRATEGY  1.  CONVERGENCE WHEN EDM .LT. 1.00e-04
 FCN=63.5581 FROM MIGRAD    STATUS=INITIATE       16 CALLS        2979 TOTAL
                     EDM= unknown      STRATEGY= 1      NO ERROR MATRIX       
  EXT PARAMETER               CURRENT GUESS       STEP         FIRST   
  NO.   NAME      VALUE            ERROR          SIZE      DERIVATIVE 
   1  N0           3.01006e+06     fixed    
   2  tau          6.44059e+01   constant   
   3  A0           3.52024e-01     fixed    
   4  phi          4.11650e+00     fixed    
   5  R           -6.13499e+01   constant   
   6  alpha_CBO   -4.91626e-03     fixed    
   7  w_CBO        2.32500e+00   constant   
   8  beta_CBO     5.13819e-04     fixed    
   9  alpha_2CBO  -5.28780e-05     fixed    
  10  beta_2CBO    6.02540e-04     fixed    
  11  alpha_y      1.34649e-04     fixed    
  12  w_y          1.38860e+01   constant   
  13  beta_y       3.23912e-04   1.78914e-04   1.78914e-04   4.23855e+02
  14  alpha_vw     0.00000e+00   1.00000e-03   1.00000e-03  -1.32396e+04
  15  w_vw         1.43404e+01   constant   
  16  beta_vw      0.00000e+00     fixed    
  17  LM           1.16863e-04   constant   
  18  zeta_y       0.00000e+00   constant   
  19  zeta_vw      0.00000e+00   constant   
  20  T_CBO        9.99999e+02   7.59995e+02   7.78207e-02  -9.41690e-06
  21  alpha_A0    -1.30848e-05   8.19297e-04   3.15799e-04   4.19116e-03
  22  beta_A0     -9.21591e-06   7.94389e-04   3.06716e-04   8.46878e-04
  23  alpha_phi   -2.18438e-03   7.07403e-04   2.79287e-04  -6.74015e-05
  24  beta_phi     2.14820e-04   7.27768e-04   2.82077e-04   4.51634e-03
 MIGRAD MINIMIZATION HAS CONVERGED.
 MIGRAD WILL VERIFY CONVERGENCE AND ERROR MATRIX.
 COVARIANCE MATRIX CALCULATED SUCCESSFULLY
 FCN=62.0959 FROM MIGRAD    STATUS=CONVERGED     112 CALLS        3075 TOTAL
                     EDM=3.23468e-07    STRATEGY= 1      ERROR MATRIX ACCURATE 
  EXT PARAMETER                                   STEP         FIRST   
  NO.   NAME      VALUE            ERROR          SIZE      DERIVATIVE 
   1  N0           3.01006e+06     fixed    
   2  tau          6.44059e+01   constant   
   3  A0           3.52024e-01     fixed    
   4  phi          4.11650e+00     fixed    
   5  R           -6.13499e+01   constant   
   6  alpha_CBO   -4.91626e-03     fixed    
   7  w_CBO        2.32500e+00   constant   
   8  beta_CBO     5.13819e-04     fixed    
   9  alpha_2CBO  -5.28780e-05     fixed    
  10  beta_2CBO    6.02540e-04     fixed    
  11  alpha_y      1.34649e-04     fixed    
  12  w_y          1.38860e+01   constant   
  13  beta_y       3.75036e-04   1.85244e-04   6.93796e-07  -3.88220e-01
  14  alpha_vw     2.22516e-04   1.84110e-04   6.89520e-07  -1.30698e-01
  15  w_vw         1.43404e+01   constant   
  16  beta_vw      0.00000e+00     fixed    
  17  LM           1.16863e-04   constant   
  18  zeta_y       0.00000e+00   constant   
  19  zeta_vw      0.00000e+00   constant   
  20  T_CBO        1.00000e+03   7.73863e+02   7.15790e-02** at limit **
  21  alpha_A0     1.04491e-05   8.11977e-04   3.12206e-04   4.00525e-03
  22  beta_A0      3.29287e-06   7.90693e-04   3.03227e-04   6.55180e-03
  23  alpha_phi   -2.19225e-03   7.04091e-04   2.76144e-04   5.90980e-04
  24  beta_phi     2.28547e-04   7.22340e-04   2.78871e-04   7.34582e-03
 EXTERNAL ERROR MATRIX.    NDIM=  25    NPAR=  7    ERR DEF=1
  3.432e-08  8.823e-09  2.178e-09  4.222e-09  9.948e-10 -9.180e-10  1.723e-09 
  8.823e-09  3.390e-08  1.172e-09  3.693e-09  1.887e-09 -1.225e-09  2.117e-09 
  2.178e-09  1.172e-09  1.054e-01  2.938e-07  1.350e-08 -3.649e-05  3.901e-06 
  4.222e-09  3.693e-09  2.938e-07  6.608e-07 -8.022e-08 -8.027e-09 -3.432e-08 
  9.948e-10  1.887e-09  1.350e-08 -8.022e-08  6.265e-07 -2.269e-08  5.065e-08 
 -9.180e-10 -1.225e-09 -3.649e-05 -8.027e-09 -2.269e-08  4.966e-07  1.039e-08 
  1.723e-09  2.117e-09  3.901e-06 -3.432e-08  5.065e-08  1.039e-08  5.227e-07 
 PARAMETER  CORRELATION COEFFICIENTS  
       NO.  GLOBAL     13     14     20     21     22     23     24
       13  0.25988   1.000  0.259  0.000  0.028  0.007 -0.007  0.013
       14  0.26002   0.259  1.000  0.000  0.025  0.013 -0.009  0.016
       20  0.16095   0.000  0.000  1.000  0.001  0.000 -0.159  0.017
       21  0.13924   0.028  0.025  0.001  1.000 -0.125 -0.014 -0.058
       22  0.15622   0.007  0.013  0.000 -0.125  1.000 -0.041  0.089
       23  0.16799  -0.007 -0.009 -0.159 -0.014 -0.041  1.000  0.020
       24  0.10694   0.013  0.016  0.017 -0.058  0.089  0.020  1.000
MINUIT - FIT ALTOGETHER
 **********
 **   83 **RES 
