 + ++++++++++++++++++++++++++++++++++++++++++++++++++++++++++++++++++++ +
 +                                                                      +
 +           You have chose to blind your fitting according to          +
 +                omega_ref * (1 + (R +/- deltaR) *10^{-6})             +
 +                                                                      +
 + ++++++++++++++++++++++++++++++++++++++++++++++++++++++++++++++++++++ +
In main()...
reading format from /gm2data/zkhechad/run45/envelope/formats/formatB_sBin_constraintOn.txt
pBinTau 	= 0  
pBinPhi 	= 0  
constraintau 	= 1 
includeMopTerm 	= 0    
constrainMop    = 0   
Parameters after format file: pBinTau 0 pBinPhi 0 constraintau 1 includeMopTerm 0 constrainMop 0 c_e_scale 0.000000 
Opening file /gm2data/tbarrett/gm2fr/studies/run23_bunch_corrections/CorrectedFourier_Run3b.root.
reading full fit data from /gm2data/zkhechad/cboTemplates/Run4CBOTemplates/fullFits/noRF/sBin_constraintOn_cE0.0_seed0_noRF_calo6.root
windowBins = 69
fitting sliding window 1890 from bin 2026 at 302.130000 to bin 2095 at 312.574000 (69 bins)

Reading data from /gm2data/cornell/histograms/aMethod/histogram_a_noRF.root
 **********
 **    1 **SET PRINTOUT            1
 **********
 **********
 **    2 **SET NOWARNINGS 
 **********
 PARAMETER DEFINITIONS:
    NO.   NAME         VALUE      STEP SIZE      LIMITS
     1 N0           2.91036e+06  1.00000e+02     no limits
     2 tau          6.44099e+01  constant
     3 A0           3.53688e-01  1.00000e-04     no limits
     4 phi          4.11540e+00  1.00000e-02     no limits
     5 R           -6.16610e+01  constant
     6 alpha_CBO    0.00000e+00  1.00000e-03     no limits
     7 w_CBO        2.32500e+00  constant
     8 beta_CBO     0.00000e+00  1.00000e-03     no limits
     9 alpha_2CBO   0.00000e+00  1.00000e-03     no limits
    10 beta_2CBO    0.00000e+00  1.00000e-03     no limits
    11 alpha_y      0.00000e+00  1.00000e-03     no limits
    12 w_y          1.38860e+01  constant
    13 beta_y       0.00000e+00  1.00000e-03     no limits
    14 alpha_vw     0.00000e+00  1.00000e-03     no limits
    15 w_vw         1.43404e+01  constant
    16 beta_vw      0.00000e+00  1.00000e-03     no limits
    17 LM           1.71412e-04  constant
    18 zeta_y       0.00000e+00  constant
    19 zeta_vw      0.00000e+00  constant
    20 T_CBO        1.00000e+02  1.00000e+00    0.00000e+00  1.00000e+03
    21 alpha_A0     0.00000e+00  1.00000e-03     no limits
    22 beta_A0      0.00000e+00  1.00000e-03     no limits
    23 alpha_phi    0.00000e+00  1.00000e-03     no limits
    24 beta_phi     0.00000e+00  1.00000e-03     no limits
MINUIT - FIT ONLY WIGGLE
 **********
 **    3 **FIX            5
 **********
 PARAMETER    5  IS CONSTANT.   IGNORED.
 **********
 **    4 **FIX            6
 **********
 **********
 **    5 **FIX            7
 **********
 PARAMETER    7  IS CONSTANT.   IGNORED.
 **********
 **    6 **FIX            8
 **********
 **********
 **    7 **FIX            9
 **********
 **********
 **    8 **FIX           10
 **********
 **********
 **    9 **FIX           11
 **********
 **********
 **   10 **FIX           12
 **********
 PARAMETER   12  IS CONSTANT.   IGNORED.
 **********
 **   11 **FIX           13
 **********
 **********
 **   12 **FIX           14
 **********
 **********
 **   13 **FIX           15
 **********
 PARAMETER   15  IS CONSTANT.   IGNORED.
 **********
 **   14 **FIX           16
 **********
 **********
 **   15 **MIGRAD
 **********
 FIRST CALL TO USER FUNCTION AT NEW START POINT, WITH IFLAG=4.
 START MIGRAD MINIMIZATION.  STRATEGY  1.  CONVERGENCE WHEN EDM .LT. 1.00e-04
 FCN=101.934 FROM MIGRAD    STATUS=INITIATE      437 CALLS         438 TOTAL
                     EDM= unknown      STRATEGY= 1      NO ERROR MATRIX       
  EXT PARAMETER               CURRENT GUESS       STEP         FIRST   
  NO.   NAME      VALUE            ERROR          SIZE      DERIVATIVE 
   1  N0           2.91036e+06   1.00000e+02   0.00000e+00  -1.01924e-03
   2  tau          6.44099e+01   constant   
   3  A0           3.53688e-01   1.00000e-04   0.00000e+00   6.93828e+02
   4  phi          4.11540e+00   1.00000e-02   0.00000e+00  -4.30476e+02
   5  R           -6.16610e+01   constant   
   6  alpha_CBO    0.00000e+00     fixed    
   7  w_CBO        2.32500e+00   constant   
   8  beta_CBO     0.00000e+00     fixed    
   9  alpha_2CBO   0.00000e+00     fixed    
  10  beta_2CBO    0.00000e+00     fixed    
  11  alpha_y      0.00000e+00     fixed    
  12  w_y          1.38860e+01   constant   
  13  beta_y       0.00000e+00     fixed    
  14  alpha_vw     0.00000e+00     fixed    
  15  w_vw         1.43404e+01   constant   
  16  beta_vw      0.00000e+00     fixed    
  17  LM           1.71412e-04   constant   
  18  zeta_y       0.00000e+00   constant   
  19  zeta_vw      0.00000e+00   constant   
  20  T_CBO        1.00000e+02   1.00000e+00   0.00000e+00   0.00000e+00
  21  alpha_A0     0.00000e+00   1.00000e-03   0.00000e+00   3.94936e+01
  22  beta_A0      0.00000e+00   1.00000e-03   0.00000e+00   1.57914e+00
  23  alpha_phi    0.00000e+00   1.00000e-03   0.00000e+00  -4.59357e-01
  24  beta_phi     0.00000e+00   1.00000e-03   0.00000e+00  -1.45258e+01
 CALL LIMIT EXCEEDED IN MIGRAD.
 MIGRAD TERMINATED WITHOUT CONVERGENCE.
 FCN=99.6823 FROM MIGRAD    STATUS=CALL LIMIT   1336 CALLS        1337 TOTAL
                     EDM=0.000464703    STRATEGY= 1  ERROR MATRIX UNCERTAINTY   6.5 per cent
  EXT PARAMETER                APPROXIMATE        STEP         FIRST   
  NO.   NAME      VALUE            ERROR          SIZE      DERIVATIVE 
   1  N0           2.91150e+06   1.25287e+03  -3.81252e+01  -2.12143e-05
   2  tau          6.44099e+01   constant   
   3  A0           3.53478e-01   6.17495e-04  -1.07147e-06  -7.13996e+00
   4  phi          4.11663e+00   1.76305e-03  -3.04106e-06   2.93188e+00
   5  R           -6.16610e+01   constant   
   6  alpha_CBO    0.00000e+00     fixed    
   7  w_CBO        2.32500e+00   constant   
   8  beta_CBO     0.00000e+00     fixed    
   9  alpha_2CBO   0.00000e+00     fixed    
  10  beta_2CBO    0.00000e+00     fixed    
  11  alpha_y      0.00000e+00     fixed    
  12  w_y          1.38860e+01   constant   
  13  beta_y       0.00000e+00     fixed    
  14  alpha_vw     0.00000e+00     fixed    
  15  w_vw         1.43404e+01   constant   
  16  beta_vw      0.00000e+00     fixed    
  17  LM           1.71412e-04   constant   
  18  zeta_y       0.00000e+00   constant   
  19  zeta_vw      0.00000e+00   constant   
  20  T_CBO        4.57920e+01   4.30750e+01  -2.13911e-03  -7.68809e-01
  21  alpha_A0    -2.23153e+00   1.21810e+01  -1.56952e-01   7.81635e-03
  22  beta_A0      4.93155e-01   2.82510e+00   3.65317e-02  -7.61589e-03
  23  alpha_phi    1.03509e+00   5.62336e+00   7.17962e-02   1.40347e-02
  24  beta_phi     7.39646e-01   3.98125e+00   5.19746e-02  -3.90083e-02
 EXTERNAL ERROR MATRIX.    NDIM=  25    NPAR=  8    ERR DEF=1
  1.570e+06  2.794e-02  3.634e-01  1.618e+04  4.922e+03 -1.138e+03 -2.251e+03 -1.620e+03 
  2.794e-02  3.813e-07 -7.084e-08 -3.292e-04  6.208e-05 -1.479e-05 -2.941e-05 -2.499e-05 
  3.634e-01 -7.084e-08  3.108e-06 -1.489e-03 -8.103e-04  1.911e-04  3.841e-04  2.587e-04 
  1.618e+04 -3.292e-04 -1.489e-03  1.882e+03  5.231e+02 -1.212e+02 -2.416e+02 -1.707e+02 
  4.922e+03  6.208e-05 -8.103e-04  5.231e+02  1.484e+02 -3.440e+01 -6.849e+01 -4.849e+01 
 -1.138e+03 -1.479e-05  1.911e-04 -1.212e+02 -3.440e+01  7.981e+00  1.588e+01  1.124e+01 
 -2.251e+03 -2.941e-05  3.841e-04 -2.416e+02 -6.849e+01  1.588e+01  3.162e+01  2.238e+01 
 -1.620e+03 -2.499e-05  2.587e-04 -1.707e+02 -4.849e+01  1.124e+01  2.238e+01  1.585e+01 
ERR MATRIX APPROXIMATE
 PARAMETER  CORRELATION COEFFICIENTS  
       NO.  GLOBAL      1      3      4     20     21     22     23     24
        1  0.46893   1.000  0.036  0.165  0.298  0.323 -0.321 -0.319 -0.325
        3  0.17282   0.036  1.000 -0.065 -0.012  0.008 -0.008 -0.008 -0.010
        4  0.27791   0.165 -0.065  1.000 -0.019 -0.038  0.038  0.039  0.037
       20  0.99271   0.298 -0.012 -0.019  1.000  0.990 -0.989 -0.990 -0.988
       21  0.99996   0.323  0.008 -0.038  0.990  1.000 -1.000 -1.000 -1.000
       22  0.99980  -0.321 -0.008  0.038 -0.989 -1.000  1.000  1.000  1.000
       23  0.99995  -0.319 -0.008  0.039 -0.990 -1.000  1.000  1.000  1.000
       24  0.99983  -0.325 -0.010  0.037 -0.988 -1.000  1.000  1.000  1.000
 ERR MATRIX APPROXIMATE
MINUIT - FIT ONLY 1-CBO + wiggle
 **********
 **   16 **RES 
 **********
                   PARAMETER   16  beta_vw RESTORED TO VARIABLE.
                   PARAMETER   14  alpha_vw RESTORED TO VARIABLE.
                   PARAMETER   13  beta_y RESTORED TO VARIABLE.
                   PARAMETER   11  alpha_y RESTORED TO VARIABLE.
                   PARAMETER   10  beta_2CBO RESTORED TO VARIABLE.
                   PARAMETER    9  alpha_2CBO RESTORED TO VARIABLE.
                   PARAMETER    8  beta_CBO RESTORED TO VARIABLE.
                   PARAMETER    6  alpha_CBO RESTORED TO VARIABLE.
 **********
 **   17 **FIX            8
 **********
 **********
 **   18 **FIX            9
 **********
 **********
 **   19 **FIX           11
 **********
 **********
 **   20 **FIX           12
 **********
 PARAMETER   12  IS CONSTANT.   IGNORED.
 **********
 **   21 **FIX           14
 **********
 **********
 **   22 **FIX           15
 **********
 PARAMETER   15  IS CONSTANT.   IGNORED.
 **********
 **   23 **FIX           16
 **********
 **********
 **   24 **MIGRAD
 **********
 START MIGRAD MINIMIZATION.  STRATEGY  1.  CONVERGENCE WHEN EDM .LT. 1.00e-04
 FCN=99.6823 FROM MIGRAD    STATUS=INITIATE       28 CALLS        1365 TOTAL
                     EDM= unknown      STRATEGY= 1      NO ERROR MATRIX       
  EXT PARAMETER               CURRENT GUESS       STEP         FIRST   
  NO.   NAME      VALUE            ERROR          SIZE      DERIVATIVE 
   1  N0           2.91150e+06   1.25287e+03  -3.81252e+01  -2.12143e-05
   2  tau          6.44099e+01   constant   
   3  A0           3.53478e-01   6.17495e-04  -1.07147e-06  -7.13996e+00
   4  phi          4.11663e+00   1.76305e-03  -3.04106e-06   2.93188e+00
   5  R           -6.16610e+01   constant   
   6  alpha_CBO    0.00000e+00   1.00000e-03   1.00000e-03   3.00140e+03
   7  w_CBO        2.32500e+00   constant   
   8  beta_CBO     0.00000e+00     fixed    
   9  alpha_2CBO   0.00000e+00     fixed    
  10  beta_2CBO    0.00000e+00   1.00000e-03   1.00000e-03  -2.79385e+03
  11  alpha_y      0.00000e+00     fixed    
  12  w_y          1.38860e+01   constant   
  13  beta_y       0.00000e+00   1.00000e-03   1.00000e-03  -1.18579e+03
  14  alpha_vw     0.00000e+00     fixed    
  15  w_vw         1.43404e+01   constant   
  16  beta_vw      0.00000e+00     fixed    
  17  LM           1.71412e-04   constant   
  18  zeta_y       0.00000e+00   constant   
  19  zeta_vw      0.00000e+00   constant   
  20  T_CBO        4.57920e+01   4.30750e+01  -2.13911e-03  -7.68840e-01
  21  alpha_A0    -2.23153e+00   1.21810e+01  -1.56952e-01   7.81635e-03
  22  beta_A0      4.93155e-01   2.82510e+00   3.65317e-02  -7.61589e-03
  23  alpha_phi    1.03509e+00   5.62336e+00   7.17962e-02   1.40347e-02
  24  beta_phi     7.39646e-01   3.98125e+00   5.19746e-02  -3.90083e-02
 MIGRAD MINIMIZATION HAS CONVERGED.
 MIGRAD WILL VERIFY CONVERGENCE AND ERROR MATRIX.
 FCN=97.5897 FROM HESSE     STATUS=NOT POSDEF    100 CALLS        1583 TOTAL
                     EDM=0.00053811    STRATEGY= 1      ERR MATRIX NOT POS-DEF
  EXT PARAMETER                APPROXIMATE        STEP         FIRST   
  NO.   NAME      VALUE            ERROR          SIZE      DERIVATIVE 
   1  N0           2.91147e+06   1.42058e+03   6.27449e+00   5.34467e-07
   2  tau          6.44099e+01   constant   
   3  A0           3.53260e-01   6.50323e-04   2.97081e-06   1.70665e-01
   4  phi          4.11658e+00   1.79792e-03   8.42013e-06  -2.13645e-01
   5  R           -6.16610e+01   constant   
   6  alpha_CBO   -6.98877e-04   6.66979e-04   3.07393e-06   1.29898e+00
   7  w_CBO        2.32500e+00   constant   
   8  beta_CBO     0.00000e+00     fixed    
   9  alpha_2CBO   0.00000e+00     fixed    
  10  beta_2CBO    6.40815e-04   6.59907e-04   3.12357e-06   2.57887e+00
  11  alpha_y      0.00000e+00     fixed    
  12  w_y          1.38860e+01   constant   
  13  beta_y       2.29880e-04   6.41146e-04   3.11613e-06  -8.78854e-01
  14  alpha_vw     0.00000e+00     fixed    
  15  w_vw         1.43404e+01   constant   
  16  beta_vw      0.00000e+00     fixed    
  17  LM           1.71412e-04   constant   
  18  zeta_y       0.00000e+00   constant   
  19  zeta_vw      0.00000e+00   constant   
  20  T_CBO        4.62555e+01   7.07751e+01   1.10196e-04   4.01057e-02
  21  alpha_A0    -2.29779e+00   2.38095e+01   8.87920e-03   1.10000e-03
  22  beta_A0      5.78717e-01   6.55194e+00   9.26774e-03  -8.96425e-04
  23  alpha_phi    9.31412e-01   1.00976e+01   9.02241e-03  -9.45851e-06
  24  beta_phi     1.28214e+00   1.32415e+01   9.17628e-03  -5.21803e-05
 CALL LIMIT EXCEEDED IN MIGRAD.
 MIGRAD TERMINATED WITHOUT CONVERGENCE.
 FCN=97.5634 FROM MIGRAD    STATUS=CALL LIMIT   1927 CALLS        3264 TOTAL
                     EDM=3.46942e-05    STRATEGY= 1      ERR MATRIX NOT POS-DEF
  EXT PARAMETER                APPROXIMATE        STEP         FIRST   
  NO.   NAME      VALUE            ERROR          SIZE      DERIVATIVE 
   1  N0           2.91151e+06   1.34098e+03   5.54842e+00   1.63427e-06
   2  tau          6.44099e+01   constant   
   3  A0           3.53268e-01   6.45922e-04  -4.09424e-06  -5.18003e+00
   4  phi          4.11669e+00   1.78980e-03   3.82099e-06   6.42339e-01
   5  R           -6.16610e+01   constant   
   6  alpha_CBO   -6.98907e-04   6.64377e-04   1.09219e-07  -1.72533e-02
   7  w_CBO        2.32500e+00   constant   
   8  beta_CBO     0.00000e+00     fixed    
   9  alpha_2CBO   0.00000e+00     fixed    
  10  beta_2CBO    6.37993e-04   6.49657e-04   3.81800e-06   3.21462e+00
  11  alpha_y      0.00000e+00     fixed    
  12  w_y          1.38860e+01   constant   
  13  beta_y       2.29576e-04   6.41704e-04   1.79538e-06   1.94068e+00
  14  alpha_vw     0.00000e+00     fixed    
  15  w_vw         1.43404e+01   constant   
  16  beta_vw      0.00000e+00     fixed    
  17  LM           1.71412e-04   constant   
  18  zeta_y       0.00000e+00   constant   
  19  zeta_vw      0.00000e+00   constant   
  20  T_CBO        2.56813e+01   1.46949e+01  -4.33886e-04  -4.90124e-01
  21  alpha_A0    -4.71474e+02   3.04232e+03  -1.42688e+01   7.84799e-05
  22  beta_A0      1.30536e+02   8.13899e+02   3.82103e+00  -1.10835e-04
  23  alpha_phi    2.11496e+02   1.44239e+03   6.76302e+00  -4.42633e-06
  24  beta_phi     2.46466e+02   1.68377e+03   7.89398e+00   1.66796e-04
 EXTERNAL ERROR MATRIX.    NDIM=  25    NPAR= 11    ERR DEF=1
  1.798e+06 
  3.508e-02  4.172e-07 
  4.373e-01 -8.117e-08  3.203e-06 
  1.575e-02  1.099e-07  3.248e-09  4.414e-07 
  3.421e-02 -2.161e-08  2.127e-09 -1.788e-08  4.221e-07 
 -8.741e-03 -8.995e-09  1.829e-08  1.339e-09 -9.234e-09  4.118e-07 
 -2.458e+03  2.035e-03 -2.756e-03 -2.584e-04 -2.188e-03 -8.326e-04  2.166e+02 
 -5.645e+05  4.740e-01 -6.860e-01 -1.095e-02 -4.654e-01 -1.825e-01  4.453e+04  9.256e+06 
  1.515e+05 -1.267e-01  1.838e-01  2.910e-03  1.245e-01  4.878e-02 -1.192e+04 -2.476e+06  6.624e+05 
  2.683e+05 -2.250e-01  3.252e-01  5.462e-03  2.209e-01  8.656e-02 -2.111e+04 -4.388e+06  1.174e+06  2.080e+06 
  3.125e+05 -2.627e-01  3.793e-01  6.298e-03  2.581e-01  1.010e-01 -2.464e+04 -5.123e+06  1.370e+06  2.429e+06  2.835e+06 
ERR MATRIX NOT POS-DEF
 PARAMETER  CORRELATION COEFFICIENTS  
       NO.  GLOBAL      1      3      4      6     10     13     20     21     22     23     24
        1  0.37266   1.000  0.041  0.182  0.018  0.039 -0.010 -0.125 -0.138  0.139  0.139  0.138
        3  0.42675   0.041  1.000 -0.070  0.256 -0.051 -0.022  0.214  0.241 -0.241 -0.241 -0.242
        4  0.33441   0.182 -0.070  1.000  0.003  0.002  0.016 -0.105 -0.126  0.126  0.126  0.126
        6  0.38698   0.018  0.256  0.003  1.000 -0.041  0.003 -0.026 -0.005  0.005  0.006  0.006
       10  0.30091   0.039 -0.051  0.002 -0.041  1.000 -0.022 -0.229 -0.235  0.235  0.236  0.236
       13  0.12192  -0.010 -0.022  0.016  0.003 -0.022  1.000 -0.088 -0.093  0.093  0.094  0.094
       20  0.99744  -0.125  0.214 -0.105 -0.026 -0.229 -0.088  1.000  0.995 -0.995 -0.994 -0.994
       21  1.00000  -0.138  0.241 -0.126 -0.005 -0.235 -0.093  0.995  1.000 -1.000 -1.000 -1.000
       22  1.00000   0.139 -0.241  0.126  0.005  0.235  0.093 -0.995 -1.000  1.000  1.000  1.000
       23  1.00000   0.139 -0.241  0.126  0.006  0.236  0.094 -0.994 -1.000  1.000  1.000  1.000
       24  1.00000   0.138 -0.242  0.126  0.006  0.236  0.094 -0.994 -1.000  1.000  1.000  1.000
 ERR MATRIX NOT POS-DEF
MINUIT - FIT ONLY 2-CBO
 **********
 **   25 **RES 
 **********
                   PARAMETER   16  beta_vw RESTORED TO VARIABLE.
                   PARAMETER   14  alpha_vw RESTORED TO VARIABLE.
                   PARAMETER   11  alpha_y RESTORED TO VARIABLE.
                   PARAMETER    9  alpha_2CBO RESTORED TO VARIABLE.
                   PARAMETER    8  beta_CBO RESTORED TO VARIABLE.
 **********
 **   26 **FIX            0
 **********
 PARAMETER    0  IS UNDEFINED. IGNORED.
 **********
 **   27 **FIX            1
 **********
 **********
 **   28 **FIX            2
 **********
 PARAMETER    2  IS CONSTANT.   IGNORED.
 **********
 **   29 **FIX            3
 **********
 **********
 **   30 **FIX            4
 **********
 **********
 **   31 **FIX            5
 **********
 PARAMETER    5  IS CONSTANT.   IGNORED.
 **********
 **   32 **FIX            6
 **********
 **********
 **   33 **FIX            7
 **********
 PARAMETER    7  IS CONSTANT.   IGNORED.
 **********
 **   34 **FIX           10
 **********
 **********
 **   35 **FIX           11
 **********
 **********
 **   36 **FIX           12
 **********
 PARAMETER   12  IS CONSTANT.   IGNORED.
 **********
 **   37 **FIX           13
 **********
 **********
 **   38 **FIX           14
 **********
 **********
 **   39 **FIX           15
 **********
 PARAMETER   15  IS CONSTANT.   IGNORED.
 **********
 **   40 **FIX           16
 **********
 **********
 **   41 **MIGRAD
 **********
 START MIGRAD MINIMIZATION.  STRATEGY  1.  CONVERGENCE WHEN EDM .LT. 1.00e-04
 FCN=97.5634 FROM MIGRAD    STATUS=INITIATE       18 CALLS        3282 TOTAL
                     EDM= unknown      STRATEGY= 1      NO ERROR MATRIX       
  EXT PARAMETER               CURRENT GUESS       STEP         FIRST   
  NO.   NAME      VALUE            ERROR          SIZE      DERIVATIVE 
   1  N0           2.91151e+06     fixed    
   2  tau          6.44099e+01   constant   
   3  A0           3.53268e-01     fixed    
   4  phi          4.11669e+00     fixed    
   5  R           -6.16610e+01   constant   
   6  alpha_CBO   -6.98907e-04     fixed    
   7  w_CBO        2.32500e+00   constant   
   8  beta_CBO     0.00000e+00   1.00000e-03   1.00000e-03   1.34451e+04
   9  alpha_2CBO   0.00000e+00   1.00000e-03   1.00000e-03   3.34903e+03
  10  beta_2CBO    6.37993e-04     fixed    
  11  alpha_y      0.00000e+00     fixed    
  12  w_y          1.38860e+01   constant   
  13  beta_y       2.29576e-04     fixed    
  14  alpha_vw     0.00000e+00     fixed    
  15  w_vw         1.43404e+01   constant   
  16  beta_vw      0.00000e+00     fixed    
  17  LM           1.71412e-04   constant   
  18  zeta_y       0.00000e+00   constant   
  19  zeta_vw      0.00000e+00   constant   
  20  T_CBO        2.56813e+01   1.46949e+01  -4.33886e-04  -4.90132e-01
  21  alpha_A0    -4.71474e+02   3.04232e+03  -1.42688e+01   7.84800e-05
  22  beta_A0      1.30536e+02   8.13899e+02   3.82103e+00  -1.10835e-04
  23  alpha_phi    2.11496e+02   1.44239e+03   6.76302e+00  -4.42633e-06
  24  beta_phi     2.46466e+02   1.68377e+03   7.89398e+00   1.66796e-04
 CALL LIMIT EXCEEDED IN MIGRAD.
 MIGRAD TERMINATED WITHOUT CONVERGENCE.
 FCN=75.6966 FROM MIGRAD    STATUS=CALL LIMIT   1155 CALLS        4419 TOTAL
                     EDM=0.000754587    STRATEGY= 1  ERROR MATRIX UNCERTAINTY  32.4 per cent
  EXT PARAMETER                APPROXIMATE        STEP         FIRST   
  NO.   NAME      VALUE            ERROR          SIZE      DERIVATIVE 
   1  N0           2.91151e+06     fixed    
   2  tau          6.44099e+01   constant   
   3  A0           3.53268e-01     fixed    
   4  phi          4.11669e+00     fixed    
   5  R           -6.16610e+01   constant   
   6  alpha_CBO   -6.98907e-04     fixed    
   7  w_CBO        2.32500e+00   constant   
   8  beta_CBO    -3.02420e-03   6.68038e-04   5.77467e-06   6.92395e+00
   9  alpha_2CBO  -8.75693e-04   6.50068e-04   1.45871e-05   2.56676e+01
  10  beta_2CBO    6.37993e-04     fixed    
  11  alpha_y      0.00000e+00     fixed    
  12  w_y          1.38860e+01   constant   
  13  beta_y       2.29576e-04     fixed    
  14  alpha_vw     0.00000e+00     fixed    
  15  w_vw         1.43404e+01   constant   
  16  beta_vw      0.00000e+00     fixed    
  17  LM           1.71412e-04   constant   
  18  zeta_y       0.00000e+00   constant   
  19  zeta_vw      0.00000e+00   constant   
  20  T_CBO        1.60763e+01   5.27896e+00  -1.04433e-03  -6.27168e+00
  21  alpha_A0    -5.57148e+05   3.09463e+06  -7.49211e+04   1.80016e-07
  22  beta_A0     -7.94737e+04   4.45339e+05  -1.07819e+04  -2.61555e-07
  23  alpha_phi    2.42033e+05   1.34976e+06   3.26778e+04  -2.35492e-08
  24  beta_phi     1.47495e+05   8.18006e+05   1.98058e+04   2.18929e-07
 EXTERNAL ERROR MATRIX.    NDIM=  25    NPAR=  7    ERR DEF=1
  4.463e-07  2.621e-08 -1.932e-04 -1.372e+02 -1.972e+01  5.986e+01  3.628e+01 
  2.621e-08  4.226e-07 -5.082e-04 -3.752e+02 -5.402e+01  1.637e+02  9.918e+01 
 -1.932e-04 -5.082e-04  2.788e+01  1.622e+07  2.335e+06 -7.076e+06 -4.289e+06 
 -1.372e+02 -3.752e+02  1.622e+07  9.577e+12  1.378e+12 -4.177e+12 -2.531e+12 
 -1.972e+01 -5.402e+01  2.335e+06  1.378e+12  1.983e+11 -6.011e+11 -3.643e+11 
  5.986e+01  1.637e+02 -7.076e+06 -4.177e+12 -6.011e+11  1.822e+12  1.104e+12 
  3.628e+01  9.918e+01 -4.289e+06 -2.531e+12 -3.643e+11  1.104e+12  6.691e+11 
ERR MATRIX APPROXIMATE
 PARAMETER  CORRELATION COEFFICIENTS  
       NO.  GLOBAL      8      9     20     21     22     23     24
        8  0.17691   1.000  0.060 -0.055 -0.066 -0.066  0.066  0.066
        9  0.38781   0.060  1.000 -0.148 -0.186 -0.187  0.187  0.187
       20  0.99418  -0.055 -0.148  1.000  0.993  0.993 -0.993 -0.993
       21  1.00000  -0.066 -0.186  0.993  1.000  1.000 -1.000 -1.000
       22  1.00000  -0.066 -0.187  0.993  1.000  1.000 -1.000 -1.000
       23  1.00000   0.066  0.187 -0.993 -1.000 -1.000  1.000  1.000
       24  1.00000   0.066  0.187 -0.993 -1.000 -1.000  1.000  1.000
 ERR MATRIX APPROXIMATE
MINUIT - FIT wiggle + 1-CBO + 2-CBO
 **********
 **   42 **RES 
 **********
                   PARAMETER   16  beta_vw RESTORED TO VARIABLE.
                   PARAMETER   14  alpha_vw RESTORED TO VARIABLE.
                   PARAMETER   13  beta_y RESTORED TO VARIABLE.
                   PARAMETER   11  alpha_y RESTORED TO VARIABLE.
                   PARAMETER   10  beta_2CBO RESTORED TO VARIABLE.
                   PARAMETER    6  alpha_CBO RESTORED TO VARIABLE.
                   PARAMETER    4  phi RESTORED TO VARIABLE.
                   PARAMETER    3  A0 RESTORED TO VARIABLE.
                   PARAMETER    1  N0 RESTORED TO VARIABLE.
 **********
 **   43 **FIX           10
 **********
 **********
 **   44 **FIX           11
 **********
 **********
 **   45 **FIX           12
 **********
 PARAMETER   12  IS CONSTANT.   IGNORED.
 **********
 **   46 **FIX           13
 **********
 **********
 **   47 **FIX           14
 **********
 **********
 **   48 **FIX           15
 **********
 PARAMETER   15  IS CONSTANT.   IGNORED.
 **********
 **   49 **FIX           16
 **********
 **********
 **   50 **MIGRAD
 **********
 START MIGRAD MINIMIZATION.  STRATEGY  1.  CONVERGENCE WHEN EDM .LT. 1.00e-04
 FCN=75.6966 FROM MIGRAD    STATUS=INITIATE       22 CALLS        4441 TOTAL
                     EDM= unknown      STRATEGY= 1      NO ERROR MATRIX       
  EXT PARAMETER               CURRENT GUESS       STEP         FIRST   
  NO.   NAME      VALUE            ERROR          SIZE      DERIVATIVE 
   1  N0           2.91151e+06   1.34098e+03   1.34098e+03  -5.04332e-04
   2  tau          6.44099e+01   constant   
   3  A0           3.53268e-01   6.45922e-04   6.45922e-04  -8.22512e+02
   4  phi          4.11669e+00   1.78980e-03   1.78980e-03   1.02899e+03
   5  R           -6.16610e+01   constant   
   6  alpha_CBO   -6.98907e-04   6.64377e-04   6.64377e-04   3.30864e+02
   7  w_CBO        2.32500e+00   constant   
   8  beta_CBO    -3.02420e-03   6.68038e-04   5.77467e-06   6.92395e+00
   9  alpha_2CBO  -8.75693e-04   6.50068e-04   1.45871e-05   2.56676e+01
  10  beta_2CBO    6.37993e-04     fixed    
  11  alpha_y      0.00000e+00     fixed    
  12  w_y          1.38860e+01   constant   
  13  beta_y       2.29576e-04     fixed    
  14  alpha_vw     0.00000e+00     fixed    
  15  w_vw         1.43404e+01   constant   
  16  beta_vw      0.00000e+00     fixed    
  17  LM           1.71412e-04   constant   
  18  zeta_y       0.00000e+00   constant   
  19  zeta_vw      0.00000e+00   constant   
  20  T_CBO        1.60763e+01   5.27896e+00  -1.04433e-03  -6.27166e+00
  21  alpha_A0    -5.57148e+05   3.09463e+06  -7.49211e+04   1.80015e-07
  22  beta_A0     -7.94737e+04   4.45339e+05  -1.07819e+04  -2.61555e-07
  23  alpha_phi    2.42033e+05   1.34976e+06   3.26778e+04  -2.35492e-08
  24  beta_phi     1.47495e+05   8.18006e+05   1.98058e+04   2.18929e-07
 MIGRAD MINIMIZATION HAS CONVERGED.
 MIGRAD WILL VERIFY CONVERGENCE AND ERROR MATRIX.
 FCN=74.6591 FROM HESSE     STATUS=NOT POSDEF    100 CALLS        4661 TOTAL
                     EDM=9.54273e-05    STRATEGY= 1      ERR MATRIX NOT POS-DEF
  EXT PARAMETER                APPROXIMATE        STEP         FIRST   
  NO.   NAME      VALUE            ERROR          SIZE      DERIVATIVE 
   1  N0           2.91181e+06   1.42309e+03   5.49719e+00   9.06730e-08
   2  tau          6.44099e+01   constant   
   3  A0           3.53491e-01   6.46596e-04   2.60380e-06   4.22286e+00
   4  phi          4.11503e+00   1.85284e-03   7.36909e-06   5.08210e-01
   5  R           -6.16610e+01   constant   
   6  alpha_CBO   -7.15562e-04   6.64045e-04   2.69226e-06   1.46998e+00
   7  w_CBO        2.32500e+00   constant   
   8  beta_CBO    -3.16639e-03   6.76031e-04   2.78734e-06   2.89002e+00
   9  alpha_2CBO  -9.41006e-04   6.58279e-04   2.74136e-06   9.76940e-01
  10  beta_2CBO    6.37993e-04     fixed    
  11  alpha_y      0.00000e+00     fixed    
  12  w_y          1.38860e+01   constant   
  13  beta_y       2.29576e-04     fixed    
  14  alpha_vw     0.00000e+00     fixed    
  15  w_vw         1.43404e+01   constant   
  16  beta_vw      0.00000e+00     fixed    
  17  LM           1.71412e-04   constant   
  18  zeta_y       0.00000e+00   constant   
  19  zeta_vw      0.00000e+00   constant   
  20  T_CBO        1.60012e+01   1.12247e+01   2.53455e-05   2.84166e-01
  21  alpha_A0    -5.38243e+05   7.32068e+06   2.46006e+01   1.22958e-10
  22  beta_A0     -5.91714e+04   8.85409e+05   2.46008e+01   9.71631e-10
  23  alpha_phi    2.26441e+05   3.15534e+06   2.46008e+01   3.01028e-09
  24  beta_phi     4.79553e+04   7.92097e+05   2.46008e+01  -2.66949e-09
 CALL LIMIT EXCEEDED IN MIGRAD.
 MIGRAD TERMINATED WITHOUT CONVERGENCE.
 FCN=74.652 FROM MIGRAD    STATUS=CALL LIMIT   1913 CALLS        6332 TOTAL
                     EDM=0.000180069    STRATEGY= 1      ERR MATRIX NOT POS-DEF
  EXT PARAMETER                APPROXIMATE        STEP         FIRST   
  NO.   NAME      VALUE            ERROR          SIZE      DERIVATIVE 
   1  N0           2.91184e+06   1.42937e+03  -3.56441e+00  -1.09171e-06
   2  tau          6.44099e+01   constant   
   3  A0           3.53498e-01   6.98052e-04   3.63269e-06   2.60282e+00
   4  phi          4.11508e+00   1.89214e-03   5.30321e-06   2.08417e-01
   5  R           -6.16610e+01   constant   
   6  alpha_CBO   -7.14281e-04   6.88320e-04   2.99020e-06   1.97732e+00
   7  w_CBO        2.32500e+00   constant   
   8  beta_CBO    -3.16445e-03   6.81823e-04   1.11146e-06  -1.14134e-01
   9  alpha_2CBO  -9.41669e-04   6.83803e-04   3.52898e-06   2.53095e+00
  10  beta_2CBO    6.37993e-04     fixed    
  11  alpha_y      0.00000e+00     fixed    
  12  w_y          1.38860e+01   constant   
  13  beta_y       2.29576e-04     fixed    
  14  alpha_vw     0.00000e+00     fixed    
  15  w_vw         1.43404e+01   constant   
  16  beta_vw      0.00000e+00     fixed    
  17  LM           1.71412e-04   constant   
  18  zeta_y       0.00000e+00   constant   
  19  zeta_vw      0.00000e+00   constant   
  20  T_CBO        1.30798e+01   5.33948e+00  -1.55054e-04   4.62355e-01
  21  alpha_A0    -3.87561e+07   3.36383e+08  -1.34281e+06  -3.94896e-11
  22  beta_A0     -2.64815e+06   1.32477e+07  -4.59838e+04   2.86140e-10
  23  alpha_phi    1.81133e+07   1.61302e+08   6.45857e+05  -4.19663e-12
  24  beta_phi     2.23203e+06   1.18682e+07   4.17701e+04  -2.19218e-10
 EXTERNAL ERROR MATRIX.    NDIM=  25    NPAR= 11    ERR DEF=1
  2.043e+06 
  5.952e-02  4.873e-07 
  4.534e-01  4.030e-08  3.580e-06 
  3.647e-02  1.536e-07  7.898e-08  4.738e-07 
 -2.950e-02 -1.029e-10  2.826e-07  1.582e-08  4.649e-07 
 -4.375e-02  2.725e-08  1.515e-07  4.705e-08  4.376e-08  4.676e-07 
  9.175e+02 -1.611e-03 -2.212e-03 -1.240e-03 -4.244e-04 -1.259e-03  2.853e+01 
  5.167e+10 -9.651e+04 -1.504e+05 -7.211e+04 -2.717e+04 -7.815e+04  1.779e+09  1.132e+17 
  2.514e+09 -3.767e+03 -5.826e+03 -2.880e+03 -1.006e+03 -3.244e+03  7.038e+07  4.412e+15  1.755e+14 
 -2.450e+10  4.624e+04  7.215e+04  3.459e+04  1.302e+04  3.749e+04 -8.528e+08 -5.426e+16 -2.115e+15  2.602e+16 
 -2.051e+09  3.345e+03  5.460e+03  2.557e+03  9.805e+02  2.874e+03 -6.305e+07 -3.963e+15 -1.569e+14  1.900e+15  1.409e+14 
ERR MATRIX NOT POS-DEF
 PARAMETER  CORRELATION COEFFICIENTS  
       NO.  GLOBAL      1      3      4      6      8      9     20     21     22     23     24
        1  0.39339   1.000  0.060  0.168  0.037 -0.030 -0.045  0.120  0.107  0.133 -0.106 -0.121
        3  0.53418   0.060  1.000  0.031  0.320 -0.000  0.057 -0.432 -0.411 -0.407  0.411  0.404
        4  0.43208   0.168  0.031  1.000  0.061  0.219  0.117 -0.219 -0.236 -0.232  0.236  0.243
        6  0.45244   0.037  0.320  0.061  1.000  0.034  0.100 -0.337 -0.311 -0.316  0.312  0.313
        8  0.28692  -0.030 -0.000  0.219  0.034  1.000  0.094 -0.117 -0.118 -0.111  0.118  0.121
        9  0.41761  -0.045  0.057  0.117  0.100  0.094  1.000 -0.345 -0.340 -0.358  0.340  0.354
       20  0.99642   0.120 -0.432 -0.219 -0.337 -0.117 -0.345  1.000  0.990  0.995 -0.990 -0.995
       21  0.99999   0.107 -0.411 -0.236 -0.311 -0.118 -0.340  0.990  1.000  0.990 -1.000 -0.993
       22  0.99832   0.133 -0.407 -0.232 -0.316 -0.111 -0.358  0.995  0.990  1.000 -0.990 -0.998
       23  0.99999  -0.106  0.411  0.236  0.312  0.118  0.340 -0.990 -1.000 -0.990  1.000  0.992
       24  0.99854  -0.121  0.404  0.243  0.313  0.121  0.354 -0.995 -0.993 -0.998  0.992  1.000
 ERR MATRIX NOT POS-DEF
MINUIT - FIT ONLY 1-y
 **********
 **   51 **RES 
 **********
                   PARAMETER   16  beta_vw RESTORED TO VARIABLE.
                   PARAMETER   14  alpha_vw RESTORED TO VARIABLE.
                   PARAMETER   13  beta_y RESTORED TO VARIABLE.
                   PARAMETER   11  alpha_y RESTORED TO VARIABLE.
                   PARAMETER   10  beta_2CBO RESTORED TO VARIABLE.
 **********
 **   52 **FIX            0
 **********
 PARAMETER    0  IS UNDEFINED. IGNORED.
 **********
 **   53 **FIX            1
 **********
 **********
 **   54 **FIX            2
 **********
 PARAMETER    2  IS CONSTANT.   IGNORED.
 **********
 **   55 **FIX            3
 **********
 **********
 **   56 **FIX            4
 **********
 **********
 **   57 **FIX            5
 **********
 PARAMETER    5  IS CONSTANT.   IGNORED.
 **********
 **   58 **FIX            6
 **********
 **********
 **   59 **FIX            7
 **********
 PARAMETER    7  IS CONSTANT.   IGNORED.
 **********
 **   60 **FIX            8
 **********
 **********
 **   61 **FIX            9
 **********
 **********
 **   62 **FIX           13
 **********
 **********
 **   63 **FIX           14
 **********
 **********
 **   64 **FIX           15
 **********
 PARAMETER   15  IS CONSTANT.   IGNORED.
 **********
 **   65 **FIX           16
 **********
 **********
 **   66 **MIGRAD
 **********
 START MIGRAD MINIMIZATION.  STRATEGY  1.  CONVERGENCE WHEN EDM .LT. 1.00e-04
 FCN=74.652 FROM MIGRAD    STATUS=INITIATE       78 CALLS        6410 TOTAL
                     EDM= unknown      STRATEGY= 1      NO ERROR MATRIX       
  EXT PARAMETER               CURRENT GUESS       STEP         FIRST   
  NO.   NAME      VALUE            ERROR          SIZE      DERIVATIVE 
   1  N0           2.91184e+06     fixed    
   2  tau          6.44099e+01   constant   
   3  A0           3.53498e-01     fixed    
   4  phi          4.11508e+00     fixed    
   5  R           -6.16610e+01   constant   
   6  alpha_CBO   -7.14281e-04     fixed    
   7  w_CBO        2.32500e+00   constant   
   8  beta_CBO    -3.16445e-03     fixed    
   9  alpha_2CBO  -9.41669e-04     fixed    
  10  beta_2CBO    6.37993e-04   6.49657e-04   0.00000e+00   7.65748e+01
  11  alpha_y      0.00000e+00   1.00000e-03   0.00000e+00   1.22833e+03
  12  w_y          1.38860e+01   constant   
  13  beta_y       2.29576e-04     fixed    
  14  alpha_vw     0.00000e+00     fixed    
  15  w_vw         1.43404e+01   constant   
  16  beta_vw      0.00000e+00     fixed    
  17  LM           1.71412e-04   constant   
  18  zeta_y       0.00000e+00   constant   
  19  zeta_vw      0.00000e+00   constant   
  20  T_CBO        1.30798e+01   5.33948e+00   0.00000e+00   2.00655e-01
  21  alpha_A0    -3.87304e+07   3.36383e+08   1.14801e+03   6.75562e-13
  22  beta_A0     -2.67276e+06   1.32477e+07   0.00000e+00   2.54623e-10
  23  alpha_phi    1.81133e+07   1.61302e+08   0.00000e+00   5.53909e-12
  24  beta_phi     2.23203e+06   1.18682e+07   0.00000e+00  -2.22299e-10
 MIGRAD MINIMIZATION HAS CONVERGED.
 MIGRAD WILL VERIFY CONVERGENCE AND ERROR MATRIX.
 FCN=74.4932 FROM MIGRAD    STATUS=CONVERGED     160 CALLS        6492 TOTAL
                     EDM=3.82278e-05    STRATEGY= 1      ERR MATRIX NOT POS-DEF
  EXT PARAMETER                APPROXIMATE        STEP         FIRST   
  NO.   NAME      VALUE            ERROR          SIZE      DERIVATIVE 
   1  N0           2.91184e+06     fixed    
   2  tau          6.44099e+01   constant   
   3  A0           3.53498e-01     fixed    
   4  phi          4.11508e+00     fixed    
   5  R           -6.16610e+01   constant   
   6  alpha_CBO   -7.14281e-04     fixed    
   7  w_CBO        2.32500e+00   constant   
   8  beta_CBO    -3.16445e-03     fixed    
   9  alpha_2CBO  -9.41669e-04     fixed    
  10  beta_2CBO    6.21453e-04   8.54508e-04   2.73279e-06  -5.17396e+00
  11  alpha_y     -2.57556e-04   5.95827e-04   2.74563e-06   3.14738e-01
  12  w_y          1.38860e+01   constant   
  13  beta_y       2.29576e-04     fixed    
  14  alpha_vw     0.00000e+00     fixed    
  15  w_vw         1.43404e+01   constant   
  16  beta_vw      0.00000e+00     fixed    
  17  LM           1.71412e-04   constant   
  18  zeta_y       0.00000e+00   constant   
  19  zeta_vw      0.00000e+00   constant   
  20  T_CBO        1.30802e+01   1.47105e+00   1.85827e-05  -1.10264e-01
  21  alpha_A0    -3.87384e+07   1.36832e+08   2.45753e+01   5.15292e-11
  22  beta_A0     -2.67595e+06   5.77819e+07   2.45753e+01  -2.24798e-11
  23  alpha_phi    1.80004e+07   1.08885e+08   2.45753e+01  -2.15705e-11
  24  beta_phi     2.70701e+06   2.49751e+08   2.45753e+01  -1.12688e-11
 EXTERNAL ERROR MATRIX.    NDIM=  25    NPAR=  7    ERR DEF=1
  7.302e-07 -8.622e-08 -8.663e-04 -8.312e+04 -3.493e+04 -6.615e+04  1.569e+05 
 -8.622e-08  3.550e-07  1.876e-04  1.845e+04  7.753e+03  1.472e+04 -3.469e+04 
 -8.663e-04  1.876e-04  2.164e+00  1.914e+08  8.068e+07  1.377e+08 -3.384e+08 
 -8.312e+04  1.845e+04  1.914e+08  1.872e+16  7.888e+15  1.380e+16 -3.329e+16 
 -3.493e+04  7.753e+03  8.068e+07  7.888e+15  3.339e+15  5.797e+15 -1.400e+16 
 -6.615e+04  1.472e+04  1.377e+08  1.380e+16  5.797e+15  1.186e+16 -2.616e+16 
  1.569e+05 -3.469e+04 -3.384e+08 -3.329e+16 -1.400e+16 -2.616e+16  6.238e+16 
ERR MATRIX NOT POS-DEF
 PARAMETER  CORRELATION COEFFICIENTS  
       NO.  GLOBAL     10     11     20     21     22     23     24
       10  0.73795   1.000 -0.169 -0.689 -0.711 -0.707 -0.711  0.735
       11  0.23336  -0.169  1.000  0.214  0.226  0.225  0.227 -0.233
       20  0.95318  -0.689  0.214  1.000  0.951  0.949  0.860 -0.921
       21  0.99808  -0.711  0.226  0.951  1.000  0.998  0.926 -0.974
       22  0.99767  -0.707  0.225  0.949  0.998  1.000  0.921 -0.970
       23  0.96433  -0.711  0.227  0.860  0.926  0.921  1.000 -0.962
       24  0.98751   0.735 -0.233 -0.921 -0.974 -0.970 -0.962  1.000
 ERR MATRIX NOT POS-DEF
MINUIT - FIT ONLY 2-y
 **********
 **   67 **RES 
 **********
                   PARAMETER   16  beta_vw RESTORED TO VARIABLE.
                   PARAMETER   14  alpha_vw RESTORED TO VARIABLE.
                   PARAMETER   13  beta_y RESTORED TO VARIABLE.
                   PARAMETER    9  alpha_2CBO RESTORED TO VARIABLE.
                   PARAMETER    8  beta_CBO RESTORED TO VARIABLE.
                   PARAMETER    6  alpha_CBO RESTORED TO VARIABLE.
                   PARAMETER    4  phi RESTORED TO VARIABLE.
                   PARAMETER    3  A0 RESTORED TO VARIABLE.
                   PARAMETER    1  N0 RESTORED TO VARIABLE.
 **********
 **   68 **FIX            0
 **********
 PARAMETER    0  IS UNDEFINED. IGNORED.
 **********
 **   69 **FIX            1
 **********
 **********
 **   70 **FIX            2
 **********
 PARAMETER    2  IS CONSTANT.   IGNORED.
 **********
 **   71 **FIX            3
 **********
 **********
 **   72 **FIX            4
 **********
 **********
 **   73 **FIX            5
 **********
 PARAMETER    5  IS CONSTANT.   IGNORED.
 **********
 **   74 **FIX            6
 **********
 **********
 **   75 **FIX            7
 **********
 PARAMETER    7  IS CONSTANT.   IGNORED.
 **********
 **   76 **FIX            8
 **********
 **********
 **   77 **FIX            9
 **********
 **********
 **   78 **FIX           10
 **********
 **********
 **   79 **FIX           11
 **********
 **********
 **   80 **FIX           12
 **********
 PARAMETER   12  IS CONSTANT.   IGNORED.
 **********
 **   81 **FIX           16
 **********
 **********
 **   82 **MIGRAD
 **********
 START MIGRAD MINIMIZATION.  STRATEGY  1.  CONVERGENCE WHEN EDM .LT. 1.00e-04
 FCN=74.4932 FROM MIGRAD    STATUS=INITIATE       16 CALLS        6508 TOTAL
                     EDM= unknown      STRATEGY= 1      NO ERROR MATRIX       
  EXT PARAMETER               CURRENT GUESS       STEP         FIRST   
  NO.   NAME      VALUE            ERROR          SIZE      DERIVATIVE 
   1  N0           2.91184e+06     fixed    
   2  tau          6.44099e+01   constant   
   3  A0           3.53498e-01     fixed    
   4  phi          4.11508e+00     fixed    
   5  R           -6.16610e+01   constant   
   6  alpha_CBO   -7.14281e-04     fixed    
   7  w_CBO        2.32500e+00   constant   
   8  beta_CBO    -3.16445e-03     fixed    
   9  alpha_2CBO  -9.41669e-04     fixed    
  10  beta_2CBO    6.21453e-04     fixed    
  11  alpha_y     -2.57556e-04     fixed    
  12  w_y          1.38860e+01   constant   
