 + ++++++++++++++++++++++++++++++++++++++++++++++++++++++++++++++++++++ +
 +                                                                      +
 +           You have chose to blind your fitting according to          +
 +                omega_ref * (1 + (R +/- deltaR) *10^{-6})             +
 +                                                                      +
 + ++++++++++++++++++++++++++++++++++++++++++++++++++++++++++++++++++++ +
In main()...
reading format from /gm2data/zkhechad/run45/envelope/formats/formatB_sBin_constraintOn.txt
pBinTau 	= 0  
pBinPhi 	= 0  
constraintau 	= 1 
includeMopTerm 	= 0    
constrainMop    = 0   
Parameters after format file: pBinTau 0 pBinPhi 0 constraintau 1 includeMopTerm 0 constrainMop 0 c_e_scale 0.000000 
Opening file /gm2data/tbarrett/gm2fr/studies/run23_bunch_corrections/CorrectedFourier_Run3b.root.
reading full fit data from /gm2data/zkhechad/cboTemplates/Run4CBOTemplates/templateFits0_v2.0/noRF/sBin_constraintOn_cE0.0_seed0_noRF_calo16.root
windowBins = 69
fitting sliding window 1418 from bin 1554 at 231.707600 to bin 1623 at 242.151600 (69 bins)

Reading data from /gm2data/cornell/histograms/aMethod/histogram_a_noRF.root
 **********
 **    1 **SET PRINTOUT            1
 **********
 **********
 **    2 **SET NOWARNINGS 
 **********
 PARAMETER DEFINITIONS:
    NO.   NAME         VALUE      STEP SIZE      LIMITS
     1 N0           3.09796e+06  1.00000e+02     no limits
     2 tau          6.43838e+01  constant
     3 A0           3.49539e-01  1.00000e-04     no limits
     4 phi          4.11719e+00  1.00000e-02     no limits
     5 R           -6.25346e+01  constant
     6 alpha_CBO    0.00000e+00  1.00000e-03     no limits
     7 w_CBO        2.32500e+00  constant
     8 beta_CBO     0.00000e+00  1.00000e-03     no limits
     9 alpha_2CBO   0.00000e+00  1.00000e-03     no limits
    10 beta_2CBO    0.00000e+00  1.00000e-03     no limits
    11 alpha_y      0.00000e+00  1.00000e-03     no limits
    12 w_y          1.44500e+01  constant
    13 beta_y       0.00000e+00  1.00000e-03     no limits
    14 alpha_vw     0.00000e+00  1.00000e-03     no limits
    15 w_vw         1.29000e+01  constant
    16 beta_vw      0.00000e+00  1.00000e-03     no limits
    17 LM          -7.79046e-04  constant
    18 zeta_y       0.00000e+00  constant
    19 zeta_vw      0.00000e+00  constant
    20 T_CBO        1.00000e+02  1.00000e+00    0.00000e+00  1.00000e+03
    21 alpha_A0     0.00000e+00  1.00000e-03     no limits
    22 beta_A0      0.00000e+00  1.00000e-03     no limits
    23 alpha_phi    0.00000e+00  1.00000e-03     no limits
    24 beta_phi     0.00000e+00  1.00000e-03     no limits
MINUIT - FIT ONLY WIGGLE
 **********
 **    3 **FIX            5
 **********
 PARAMETER    5  IS CONSTANT.   IGNORED.
 **********
 **    4 **FIX            6
 **********
 **********
 **    5 **FIX            7
 **********
 PARAMETER    7  IS CONSTANT.   IGNORED.
 **********
 **    6 **FIX            8
 **********
 **********
 **    7 **FIX            9
 **********
 **********
 **    8 **FIX           10
 **********
 **********
 **    9 **FIX           11
 **********
 **********
 **   10 **FIX           12
 **********
 PARAMETER   12  IS CONSTANT.   IGNORED.
 **********
 **   11 **FIX           13
 **********
 **********
 **   12 **FIX           14
 **********
 **********
 **   13 **FIX           15
 **********
 PARAMETER   15  IS CONSTANT.   IGNORED.
 **********
 **   14 **FIX           16
 **********
 **********
 **   15 **MIGRAD
 **********
 FIRST CALL TO USER FUNCTION AT NEW START POINT, WITH IFLAG=4.
 START MIGRAD MINIMIZATION.  STRATEGY  1.  CONVERGENCE WHEN EDM .LT. 1.00e-04
 FCN=161.127 FROM MIGRAD    STATUS=INITIATE      437 CALLS         438 TOTAL
                     EDM= unknown      STRATEGY= 1      NO ERROR MATRIX       
  EXT PARAMETER               CURRENT GUESS       STEP         FIRST   
  NO.   NAME      VALUE            ERROR          SIZE      DERIVATIVE 
   1  N0           3.09796e+06   1.00000e+02   0.00000e+00  -3.93710e-03
   2  tau          6.43838e+01   constant   
   3  A0           3.49539e-01   1.00000e-04   0.00000e+00  -4.16551e+03
   4  phi          4.11719e+00   1.00000e-02   0.00000e+00   1.65440e+03
   5  R           -6.25346e+01   constant   
   6  alpha_CBO    0.00000e+00     fixed    
   7  w_CBO        2.32500e+00   constant   
   8  beta_CBO     0.00000e+00     fixed    
   9  alpha_2CBO   0.00000e+00     fixed    
  10  beta_2CBO    0.00000e+00     fixed    
  11  alpha_y      0.00000e+00     fixed    
  12  w_y          1.44500e+01   constant   
  13  beta_y       0.00000e+00     fixed    
  14  alpha_vw     0.00000e+00     fixed    
  15  w_vw         1.29000e+01   constant   
  16  beta_vw      0.00000e+00     fixed    
  17  LM          -7.79046e-04   constant   
  18  zeta_y       0.00000e+00   constant   
  19  zeta_vw      0.00000e+00   constant   
  20  T_CBO        1.00000e+02   1.00000e+00   0.00000e+00   0.00000e+00
  21  alpha_A0     0.00000e+00   1.00000e-03   0.00000e+00  -8.61837e+01
  22  beta_A0      0.00000e+00   1.00000e-03   0.00000e+00  -3.48441e+01
  23  alpha_phi    0.00000e+00   1.00000e-03   0.00000e+00   4.95086e+02
  24  beta_phi     0.00000e+00   1.00000e-03   0.00000e+00  -9.27290e+01
 MIGRAD MINIMIZATION HAS CONVERGED.
 FCN=144.435 FROM MIGRAD    STATUS=CONVERGED     549 CALLS         550 TOTAL
                     EDM=7.86712e-06    STRATEGY= 1  ERROR MATRIX UNCERTAINTY   2.8 per cent
  EXT PARAMETER                                   STEP         FIRST   
  NO.   NAME      VALUE            ERROR          SIZE      DERIVATIVE 
   1  N0           3.09893e+06   7.84446e+02  -6.28438e+00   1.46841e-06
   2  tau          6.43838e+01   constant   
   3  A0           3.49983e-01   3.33437e-04  -9.77871e-07  -4.14255e-01
   4  phi          4.11607e+00   1.06774e-03   1.99644e-06  -1.74810e+00
   5  R           -6.25346e+01   constant   
   6  alpha_CBO    0.00000e+00     fixed    
   7  w_CBO        2.32500e+00   constant   
   8  beta_CBO     0.00000e+00     fixed    
   9  alpha_2CBO   0.00000e+00     fixed    
  10  beta_2CBO    0.00000e+00     fixed    
  11  alpha_y      0.00000e+00     fixed    
  12  w_y          1.44500e+01   constant   
  13  beta_y       0.00000e+00     fixed    
  14  alpha_vw     0.00000e+00     fixed    
  15  w_vw         1.29000e+01   constant   
  16  beta_vw      0.00000e+00     fixed    
  17  LM          -7.79046e-04   constant   
  18  zeta_y       0.00000e+00   constant   
  19  zeta_vw      0.00000e+00   constant   
  20  T_CBO        1.00409e+02   1.74081e+01  -4.78972e-04   1.29165e-02
  21  alpha_A0     1.71571e-02   1.69257e-02   4.39363e-05   3.77329e-04
  22  beta_A0      1.45230e-02   1.50877e-02   8.46398e-05  -9.51108e-02
  23  alpha_phi   -4.69537e-02   1.37253e-02  -9.54736e-06   2.67902e-01
  24  beta_phi     3.36917e-03   1.46043e-02   6.40623e-05   1.02683e-01
 EXTERNAL ERROR MATRIX.    NDIM=  25    NPAR=  8    ERR DEF=1
  6.154e+05  2.471e-02  4.866e-02  6.972e+02 -6.993e-01  1.783e-01  1.788e+00  5.640e-01 
  2.471e-02  1.112e-07 -2.921e-08  7.496e-05  3.391e-07  1.725e-07 -4.362e-07 -1.518e-07 
  4.866e-02 -2.921e-08  1.140e-06 -5.173e-04 -1.588e-06 -2.205e-06  2.300e-07  1.179e-06 
  6.972e+02  7.496e-05 -5.173e-04  3.034e+02 -6.466e-02 -6.516e-02  1.688e-01 -2.227e-02 
 -6.993e-01  3.391e-07 -1.588e-06 -6.466e-02  2.865e-04  2.285e-05 -2.396e-05 -1.916e-05 
  1.783e-01  1.725e-07 -2.205e-06 -6.516e-02  2.285e-05  2.276e-04 -4.671e-05 -1.465e-05 
  1.788e+00 -4.362e-07  2.300e-07  1.688e-01 -2.396e-05 -4.671e-05  1.884e-04  1.249e-05 
  5.640e-01 -1.518e-07  1.179e-06 -2.227e-02 -1.916e-05 -1.465e-05  1.249e-05  2.133e-04 
 PARAMETER  CORRELATION COEFFICIENTS  
       NO.  GLOBAL      1      3      4     20     21     22     23     24
        1  0.24747   1.000  0.094  0.058  0.051 -0.053  0.015  0.166  0.049
        3  0.22235   0.094  1.000 -0.082  0.013  0.060  0.034 -0.095 -0.031
        4  0.20712   0.058 -0.082  1.000 -0.028 -0.088 -0.137  0.016  0.076
       20  0.75036   0.051  0.013 -0.028  1.000 -0.219 -0.248  0.706 -0.088
       21  0.28732  -0.053  0.060 -0.088 -0.219  1.000  0.089 -0.103 -0.078
       22  0.30665   0.015  0.034 -0.137 -0.248  0.089  1.000 -0.226 -0.067
       23  0.74191   0.166 -0.095  0.016  0.706 -0.103 -0.226  1.000  0.062
       24  0.24232   0.049 -0.031  0.076 -0.088 -0.078 -0.067  0.062  1.000
MINUIT - FIT ONLY 1-CBO + wiggle
 **********
 **   16 **RES 
 **********
                   PARAMETER   16  beta_vw RESTORED TO VARIABLE.
                   PARAMETER   14  alpha_vw RESTORED TO VARIABLE.
                   PARAMETER   13  beta_y RESTORED TO VARIABLE.
                   PARAMETER   11  alpha_y RESTORED TO VARIABLE.
                   PARAMETER   10  beta_2CBO RESTORED TO VARIABLE.
                   PARAMETER    9  alpha_2CBO RESTORED TO VARIABLE.
                   PARAMETER    8  beta_CBO RESTORED TO VARIABLE.
                   PARAMETER    6  alpha_CBO RESTORED TO VARIABLE.
 **********
 **   17 **FIX            8
 **********
 **********
 **   18 **FIX            9
 **********
 **********
 **   19 **FIX           11
 **********
 **********
 **   20 **FIX           12
 **********
 PARAMETER   12  IS CONSTANT.   IGNORED.
 **********
 **   21 **FIX           14
 **********
 **********
 **   22 **FIX           15
 **********
 PARAMETER   15  IS CONSTANT.   IGNORED.
 **********
 **   23 **FIX           16
 **********
 **********
 **   24 **MIGRAD
 **********
 START MIGRAD MINIMIZATION.  STRATEGY  1.  CONVERGENCE WHEN EDM .LT. 1.00e-04
 FCN=144.435 FROM MIGRAD    STATUS=INITIATE       28 CALLS         578 TOTAL
                     EDM= unknown      STRATEGY= 1      NO ERROR MATRIX       
  EXT PARAMETER               CURRENT GUESS       STEP         FIRST   
  NO.   NAME      VALUE            ERROR          SIZE      DERIVATIVE 
   1  N0           3.09893e+06   7.84446e+02  -6.28438e+00   1.46841e-06
   2  tau          6.43838e+01   constant   
   3  A0           3.49983e-01   3.33437e-04  -9.77871e-07  -4.14255e-01
   4  phi          4.11607e+00   1.06774e-03   1.99644e-06  -1.74810e+00
   5  R           -6.25346e+01   constant   
   6  alpha_CBO    0.00000e+00   1.00000e-03   1.00000e-03  -1.19363e+04
   7  w_CBO        2.32500e+00   constant   
   8  beta_CBO     0.00000e+00     fixed    
   9  alpha_2CBO   0.00000e+00     fixed    
  10  beta_2CBO    0.00000e+00   1.00000e-03   1.00000e-03   8.35979e+03
  11  alpha_y      0.00000e+00     fixed    
  12  w_y          1.44500e+01   constant   
  13  beta_y       0.00000e+00   1.00000e-03   1.00000e-03   5.03011e+03
  14  alpha_vw     0.00000e+00     fixed    
  15  w_vw         1.29000e+01   constant   
  16  beta_vw      0.00000e+00     fixed    
  17  LM          -7.79046e-04   constant   
  18  zeta_y       0.00000e+00   constant   
  19  zeta_vw      0.00000e+00   constant   
  20  T_CBO        1.00409e+02   1.74081e+01  -4.78972e-04   1.29171e-02
  21  alpha_A0     1.71571e-02   1.69257e-02   4.39363e-05   3.78319e-04
  22  beta_A0      1.45230e-02   1.50877e-02   8.46398e-05  -9.51100e-02
  23  alpha_phi   -4.69537e-02   1.37253e-02  -9.54736e-06   2.67902e-01
  24  beta_phi     3.36917e-03   1.46043e-02   6.40623e-05   1.02683e-01
 MIGRAD MINIMIZATION HAS CONVERGED.
 MIGRAD WILL VERIFY CONVERGENCE AND ERROR MATRIX.
 FCN=135.265 FROM HESSE     STATUS=NOT POSDEF    100 CALLS         796 TOTAL
                     EDM=0.00225416    STRATEGY= 1      ERR MATRIX NOT POS-DEF
  EXT PARAMETER                APPROXIMATE        STEP         FIRST   
  NO.   NAME      VALUE            ERROR          SIZE      DERIVATIVE 
   1  N0           3.09898e+06   8.76831e+02   4.63571e+00  -1.16048e-06
   2  tau          6.43838e+01   constant   
   3  A0           3.50177e-01   3.45500e-04   1.87845e-06  -2.19470e+00
   4  phi          4.11578e+00   1.06476e-03   5.87996e-06   3.13276e-01
   5  R           -6.25346e+01   constant   
   6  alpha_CBO    9.37188e-04   3.92366e-04   2.12577e-06  -4.30599e+00
   7  w_CBO        2.32500e+00   constant   
   8  beta_CBO     0.00000e+00     fixed    
   9  alpha_2CBO   0.00000e+00     fixed    
  10  beta_2CBO   -6.53685e-04   3.87451e-04   2.15138e-06  -4.00358e+00
  11  alpha_y      0.00000e+00     fixed    
  12  w_y          1.44500e+01   constant   
  13  beta_y      -3.35371e-04   3.76903e-04   2.15024e-06   9.94073e-01
  14  alpha_vw     0.00000e+00     fixed    
  15  w_vw         1.29000e+01   constant   
  16  beta_vw      0.00000e+00     fixed    
  17  LM          -7.79046e-04   constant   
  18  zeta_y       0.00000e+00   constant   
  19  zeta_vw      0.00000e+00   constant   
  20  T_CBO        9.90412e+01   1.74336e+02   2.35310e-04   9.41921e-02
  21  alpha_A0     2.07792e-02   9.44880e-02   9.38128e-05   3.07770e-02
  22  beta_A0      1.71528e-02   7.81716e-02   8.82926e-05   5.45163e-02
  23  alpha_phi   -4.41350e-02   1.98700e-01   7.98697e-05   2.16250e-01
  24  beta_phi    -2.35752e-03   1.91220e-02   8.53593e-05   3.69256e-02
 CALL LIMIT EXCEEDED IN MIGRAD.
 MIGRAD TERMINATED WITHOUT CONVERGENCE.
 FCN=135.2 FROM MIGRAD    STATUS=CALL LIMIT   1909 CALLS        2459 TOTAL
                     EDM=0.000624648    STRATEGY= 1      ERR MATRIX NOT POS-DEF
  EXT PARAMETER                APPROXIMATE        STEP         FIRST   
  NO.   NAME      VALUE            ERROR          SIZE      DERIVATIVE 
   1  N0           3.09895e+06   8.86631e+02   8.28958e+00   1.82616e-05
   2  tau          6.43838e+01   constant   
   3  A0           3.50169e-01   3.47277e-04   1.02171e-06   1.88545e+01
   4  phi          4.11582e+00   1.03168e-03   1.23208e-05   1.59865e+01
   5  R           -6.25346e+01   constant   
   6  alpha_CBO    9.35864e-04   3.90690e-04   1.20013e-06   1.76936e+01
   7  w_CBO        2.32500e+00   constant   
   8  beta_CBO     0.00000e+00     fixed    
   9  alpha_2CBO   0.00000e+00     fixed    
  10  beta_2CBO   -6.57145e-04   3.86480e-04   4.27486e-06   6.15432e+01
  11  alpha_y      0.00000e+00     fixed    
  12  w_y          1.44500e+01   constant   
  13  beta_y      -3.33762e-04   3.76797e-04  -1.02542e-06  -1.43280e+01
  14  alpha_vw     0.00000e+00     fixed    
  15  w_vw         1.29000e+01   constant   
  16  beta_vw      0.00000e+00     fixed    
  17  LM          -7.79046e-04   constant   
  18  zeta_y       0.00000e+00   constant   
  19  zeta_vw      0.00000e+00   constant   
  20  T_CBO        3.83674e+01   3.71118e+01  -3.89775e-03  -1.12023e+00
  21  alpha_A0     8.70279e-01   4.50733e+00   9.42181e-02  -6.39211e-02
  22  beta_A0      7.01285e-01   3.55546e+00   7.48914e-02  -8.68225e-02
  23  alpha_phi   -1.95791e+00   1.06563e+01  -2.18371e-01  -2.65539e-02
  24  beta_phi    -1.64415e-01   1.08240e+00  -2.07925e-02  -7.29444e-02
 EXTERNAL ERROR MATRIX.    NDIM=  25    NPAR= 11    ERR DEF=1
  7.861e+05 
  6.080e-02  1.206e-07 
  7.104e-02 -2.989e-08  1.064e-06 
  2.092e-02  2.926e-08 -3.501e-08  1.526e-07 
  1.229e-02 -5.821e-09 -1.147e-08 -2.977e-09  1.494e-07 
 -5.085e-03  1.003e-09  5.845e-09  1.463e-09 -2.059e-09  1.420e-07 
  2.497e+03  8.192e-04 -5.721e-03  7.949e-04  4.851e-04 -8.251e-05  1.395e+03 
 -1.609e+02 -6.721e-05  7.721e-04 -6.757e-05  1.880e-05 -7.583e-06 -1.671e+02  2.032e+01 
 -9.631e+01 -4.834e-05  6.242e-04 -4.824e-05  2.539e-05 -8.398e-06 -1.314e+02  1.602e+01  1.264e+01 
  5.662e+02  1.891e-04 -1.730e-03  2.023e-04  3.791e-05  8.818e-08  3.968e+02 -4.796e+01 -3.777e+01  1.136e+02 
  1.034e+02  2.612e-05 -1.473e-04  2.965e-05  2.461e-05 -4.454e-06  4.023e+01 -4.793e+00 -3.763e+00  1.143e+01  1.172e+00 
ERR MATRIX NOT POS-DEF
 PARAMETER  CORRELATION COEFFICIENTS  
       NO.  GLOBAL      1      3      4      6     10     13     20     21     22     23     24
        1  0.44844   1.000  0.197  0.078  0.060  0.036 -0.015  0.075 -0.040 -0.031  0.060  0.108
        3  0.33270   0.197  1.000 -0.083  0.216 -0.043  0.008  0.063 -0.043 -0.039  0.051  0.069
        4  0.31926   0.078 -0.083  1.000 -0.087 -0.029  0.015 -0.148  0.166  0.170 -0.157 -0.132
        6  0.34073   0.060  0.216 -0.087  1.000 -0.020  0.010  0.054 -0.038 -0.035  0.049  0.070
       10  0.44883   0.036 -0.043 -0.029 -0.020  1.000 -0.014  0.034  0.011  0.018  0.009  0.059
       13  0.10441  -0.015  0.008  0.015  0.010 -0.014  1.000 -0.006 -0.004 -0.006  0.000 -0.011
       20  0.99845   0.075  0.063 -0.148  0.054  0.034 -0.006  1.000 -0.993 -0.990  0.997  0.995
       21  0.99999  -0.040 -0.043  0.166 -0.038  0.011 -0.004 -0.993  1.000  1.000 -0.999 -0.983
       22  0.99998  -0.031 -0.039  0.170 -0.035  0.018 -0.006 -0.990  1.000  1.000 -0.997 -0.978
       23  0.99999   0.060  0.051 -0.157  0.049  0.009  0.000  0.997 -0.999 -0.997  1.000  0.991
       24  0.99988   0.108  0.069 -0.132  0.070  0.059 -0.011  0.995 -0.983 -0.978  0.991  1.000
 ERR MATRIX NOT POS-DEF
MINUIT - FIT ONLY 2-CBO
 **********
 **   25 **RES 
 **********
                   PARAMETER   16  beta_vw RESTORED TO VARIABLE.
                   PARAMETER   14  alpha_vw RESTORED TO VARIABLE.
                   PARAMETER   11  alpha_y RESTORED TO VARIABLE.
                   PARAMETER    9  alpha_2CBO RESTORED TO VARIABLE.
                   PARAMETER    8  beta_CBO RESTORED TO VARIABLE.
 **********
 **   26 **FIX            0
 **********
 PARAMETER    0  IS UNDEFINED. IGNORED.
 **********
 **   27 **FIX            1
 **********
 **********
 **   28 **FIX            2
 **********
 PARAMETER    2  IS CONSTANT.   IGNORED.
 **********
 **   29 **FIX            3
 **********
 **********
 **   30 **FIX            4
 **********
 **********
 **   31 **FIX            5
 **********
 PARAMETER    5  IS CONSTANT.   IGNORED.
 **********
 **   32 **FIX            6
 **********
 **********
 **   33 **FIX            7
 **********
 PARAMETER    7  IS CONSTANT.   IGNORED.
 **********
 **   34 **FIX           10
 **********
 **********
 **   35 **FIX           11
 **********
 **********
 **   36 **FIX           12
 **********
 PARAMETER   12  IS CONSTANT.   IGNORED.
 **********
 **   37 **FIX           13
 **********
 **********
 **   38 **FIX           14
 **********
 **********
 **   39 **FIX           15
 **********
 PARAMETER   15  IS CONSTANT.   IGNORED.
 **********
 **   40 **FIX           16
 **********
 **********
 **   41 **MIGRAD
 **********
 START MIGRAD MINIMIZATION.  STRATEGY  1.  CONVERGENCE WHEN EDM .LT. 1.00e-04
 FCN=135.2 FROM MIGRAD    STATUS=INITIATE       18 CALLS        2477 TOTAL
                     EDM= unknown      STRATEGY= 1      NO ERROR MATRIX       
  EXT PARAMETER               CURRENT GUESS       STEP         FIRST   
  NO.   NAME      VALUE            ERROR          SIZE      DERIVATIVE 
   1  N0           3.09895e+06     fixed    
   2  tau          6.43838e+01   constant   
   3  A0           3.50169e-01     fixed    
   4  phi          4.11582e+00     fixed    
   5  R           -6.25346e+01   constant   
   6  alpha_CBO    9.35864e-04     fixed    
   7  w_CBO        2.32500e+00   constant   
   8  beta_CBO     0.00000e+00   1.00000e-03   1.00000e-03  -4.04591e+04
   9  alpha_2CBO   0.00000e+00   1.00000e-03   1.00000e-03  -1.53087e+04
  10  beta_2CBO   -6.57145e-04     fixed    
  11  alpha_y      0.00000e+00     fixed    
  12  w_y          1.44500e+01   constant   
  13  beta_y      -3.33762e-04     fixed    
  14  alpha_vw     0.00000e+00     fixed    
  15  w_vw         1.29000e+01   constant   
  16  beta_vw      0.00000e+00     fixed    
  17  LM          -7.79046e-04   constant   
  18  zeta_y       0.00000e+00   constant   
  19  zeta_vw      0.00000e+00   constant   
  20  T_CBO        3.83674e+01   3.71118e+01  -3.89775e-03  -1.12027e+00
  21  alpha_A0     8.70279e-01   4.50733e+00   9.42181e-02  -6.39211e-02
  22  beta_A0      7.01285e-01   3.55546e+00   7.48914e-02  -8.68225e-02
  23  alpha_phi   -1.95791e+00   1.06563e+01  -2.18371e-01  -2.65539e-02
  24  beta_phi    -1.64415e-01   1.08240e+00  -2.07925e-02  -7.29444e-02
 MIGRAD MINIMIZATION HAS CONVERGED.
 MIGRAD WILL VERIFY CONVERGENCE AND ERROR MATRIX.
 FCN=65.584 FROM HESSE     STATUS=NOT POSDEF     50 CALLS        2606 TOTAL
                     EDM=0.00103294    STRATEGY= 1      ERR MATRIX NOT POS-DEF
  EXT PARAMETER                APPROXIMATE        STEP         FIRST   
  NO.   NAME      VALUE            ERROR          SIZE      DERIVATIVE 
   1  N0           3.09895e+06     fixed    
   2  tau          6.43838e+01   constant   
   3  A0           3.50169e-01     fixed    
   4  phi          4.11582e+00     fixed    
   5  R           -6.25346e+01   constant   
   6  alpha_CBO    9.35864e-04     fixed    
   7  w_CBO        2.32500e+00   constant   
   8  beta_CBO     3.02004e-03   3.85412e-04   1.50146e-06   1.00884e-01
   9  alpha_2CBO   1.10816e-03   3.79344e-04   1.48365e-06  -3.34151e-01
  10  beta_2CBO   -6.57145e-04     fixed    
  11  alpha_y      0.00000e+00     fixed    
  12  w_y          1.44500e+01   constant   
  13  beta_y      -3.33762e-04     fixed    
  14  alpha_vw     0.00000e+00     fixed    
  15  w_vw         1.29000e+01   constant   
  16  beta_vw      0.00000e+00     fixed    
  17  LM          -7.79046e-04   constant   
  18  zeta_y       0.00000e+00   constant   
  19  zeta_vw      0.00000e+00   constant   
  20  T_CBO        3.80827e+01   2.58477e+01   3.51348e-05   2.11042e-01
  21  alpha_A0     6.65266e-01   2.91197e+00   3.00981e-03  -9.94833e-04
  22  beta_A0      9.51128e-01   4.10324e+00   2.82455e-03  -6.12613e-05
  23  alpha_phi   -1.90923e+00   8.08601e+00   2.53652e-03   3.27754e-03
  24  beta_phi     9.25642e-01   3.90427e+00   2.71073e-03  -1.61023e-03
 CALL LIMIT EXCEEDED IN MIGRAD.
 MIGRAD TERMINATED WITHOUT CONVERGENCE.
 FCN=65.5498 FROM MIGRAD    STATUS=CALL LIMIT   1159 CALLS        3618 TOTAL
                     EDM=0.000620207    STRATEGY= 1      ERR MATRIX NOT POS-DEF
  EXT PARAMETER                APPROXIMATE        STEP         FIRST   
  NO.   NAME      VALUE            ERROR          SIZE      DERIVATIVE 
   1  N0           3.09895e+06     fixed    
   2  tau          6.43838e+01   constant   
   3  A0           3.50169e-01     fixed    
   4  phi          4.11582e+00     fixed    
   5  R           -6.25346e+01   constant   
   6  alpha_CBO    9.35864e-04     fixed    
   7  w_CBO        2.32500e+00   constant   
   8  beta_CBO     3.02334e-03   3.84005e-04   3.30428e-06   3.39951e+01
   9  alpha_2CBO   1.10369e-03   3.74297e-04  -3.20231e-06  -3.78897e+01
  10  beta_2CBO   -6.57145e-04     fixed    
  11  alpha_y      0.00000e+00     fixed    
  12  w_y          1.44500e+01   constant   
  13  beta_y      -3.33762e-04     fixed    
  14  alpha_vw     0.00000e+00     fixed    
  15  w_vw         1.29000e+01   constant   
  16  beta_vw      0.00000e+00     fixed    
  17  LM          -7.79046e-04   constant   
  18  zeta_y       0.00000e+00   constant   
  19  zeta_vw      0.00000e+00   constant   
  20  T_CBO        2.53550e+01   1.83380e+01  -1.33892e-03   4.89193e-01
  21  alpha_A0     1.49110e+01   9.13780e+01   1.15072e+00  -1.72413e-04
  22  beta_A0      2.18836e+01   1.42948e+02   1.86143e+00   8.55542e-04
  23  alpha_phi   -4.32966e+01   2.63920e+02  -3.29280e+00   7.85266e-04
  24  beta_phi     1.97160e+01   1.24361e+02   1.59739e+00   1.00244e-03
 EXTERNAL ERROR MATRIX.    NDIM=  25    NPAR=  7    ERR DEF=1
  1.475e-07  2.271e-09 -1.519e-03  7.684e-03  1.211e-02 -2.218e-02  1.055e-02 
  2.271e-09  1.401e-07  1.223e-03 -6.252e-03 -9.685e-03  1.808e-02 -8.426e-03 
 -1.519e-03  1.223e-03  3.378e+02 -1.677e+03 -2.620e+03  4.844e+03 -2.281e+03 
  7.684e-03 -6.252e-03 -1.677e+03  8.350e+03  1.305e+04 -2.411e+04  1.136e+04 
  1.211e-02 -9.685e-03 -2.620e+03  1.305e+04  2.043e+04 -3.768e+04  1.777e+04 
 -2.218e-02  1.808e-02  4.844e+03 -2.411e+04 -3.768e+04  6.965e+04 -3.280e+04 
  1.055e-02 -8.426e-03 -2.281e+03  1.136e+04  1.777e+04 -3.280e+04  1.547e+04 
ERR MATRIX NOT POS-DEF
 PARAMETER  CORRELATION COEFFICIENTS  
       NO.  GLOBAL      8      9     20     21     22     23     24
        8  0.26280   1.000  0.016 -0.215  0.219  0.221 -0.219  0.221
        9  0.23921   0.016  1.000  0.178 -0.183 -0.181  0.183 -0.181
       20  0.99859  -0.215  0.178  1.000 -0.998 -0.997  0.999 -0.998
       21  0.99996   0.219 -0.183 -0.998  1.000  0.999 -1.000  1.000
       22  0.99995   0.221 -0.181 -0.997  0.999  1.000 -0.999  1.000
       23  0.99996  -0.219  0.183  0.999 -1.000 -0.999  1.000 -0.999
       24  0.99998   0.221 -0.181 -0.998  1.000  1.000 -0.999  1.000
 ERR MATRIX NOT POS-DEF
MINUIT - FIT wiggle + 1-CBO + 2-CBO
 **********
 **   42 **RES 
 **********
                   PARAMETER   16  beta_vw RESTORED TO VARIABLE.
                   PARAMETER   14  alpha_vw RESTORED TO VARIABLE.
                   PARAMETER   13  beta_y RESTORED TO VARIABLE.
                   PARAMETER   11  alpha_y RESTORED TO VARIABLE.
                   PARAMETER   10  beta_2CBO RESTORED TO VARIABLE.
                   PARAMETER    6  alpha_CBO RESTORED TO VARIABLE.
                   PARAMETER    4  phi RESTORED TO VARIABLE.
                   PARAMETER    3  A0 RESTORED TO VARIABLE.
                   PARAMETER    1  N0 RESTORED TO VARIABLE.
 **********
 **   43 **FIX           10
 **********
 **********
 **   44 **FIX           11
 **********
 **********
 **   45 **FIX           12
 **********
 PARAMETER   12  IS CONSTANT.   IGNORED.
 **********
 **   46 **FIX           13
 **********
 **********
 **   47 **FIX           14
 **********
 **********
 **   48 **FIX           15
 **********
 PARAMETER   15  IS CONSTANT.   IGNORED.
 **********
 **   49 **FIX           16
 **********
 **********
 **   50 **MIGRAD
 **********
 START MIGRAD MINIMIZATION.  STRATEGY  1.  CONVERGENCE WHEN EDM .LT. 1.00e-04
 FCN=65.5498 FROM MIGRAD    STATUS=INITIATE       22 CALLS        3640 TOTAL
                     EDM= unknown      STRATEGY= 1      NO ERROR MATRIX       
  EXT PARAMETER               CURRENT GUESS       STEP         FIRST   
  NO.   NAME      VALUE            ERROR          SIZE      DERIVATIVE 
   1  N0           3.09895e+06   8.86631e+02   8.86631e+02   5.54407e-04
   2  tau          6.43838e+01   constant   
   3  A0           3.50169e-01   3.47277e-04   3.47277e-04  -1.36801e+03
   4  phi          4.11582e+00   1.03168e-03   1.03168e-03  -3.61493e+03
   5  R           -6.25346e+01   constant   
   6  alpha_CBO    9.35864e-04   3.90690e-04   3.90690e-04  -1.32525e+03
   7  w_CBO        2.32500e+00   constant   
   8  beta_CBO     3.02334e-03   3.84005e-04   3.30428e-06   3.39951e+01
   9  alpha_2CBO   1.10369e-03   3.74297e-04  -3.20231e-06  -3.78897e+01
  10  beta_2CBO   -6.57145e-04     fixed    
  11  alpha_y      0.00000e+00     fixed    
  12  w_y          1.44500e+01   constant   
  13  beta_y      -3.33762e-04     fixed    
  14  alpha_vw     0.00000e+00     fixed    
  15  w_vw         1.29000e+01   constant   
  16  beta_vw      0.00000e+00     fixed    
  17  LM          -7.79046e-04   constant   
  18  zeta_y       0.00000e+00   constant   
  19  zeta_vw      0.00000e+00   constant   
  20  T_CBO        2.53550e+01   1.83380e+01  -1.33892e-03   4.89165e-01
  21  alpha_A0     1.49110e+01   9.13780e+01   1.15072e+00  -1.72412e-04
  22  beta_A0      2.18836e+01   1.42948e+02   1.86143e+00   8.55540e-04
  23  alpha_phi   -4.32966e+01   2.63920e+02  -3.29280e+00   7.85266e-04
  24  beta_phi     1.97160e+01   1.24361e+02   1.59739e+00   1.00244e-03
 CALL LIMIT EXCEEDED IN MIGRAD.
 MIGRAD TERMINATED WITHOUT CONVERGENCE.
 FCN=61.5095 FROM MIGRAD    STATUS=CALL LIMIT   1905 CALLS        5523 TOTAL
                     EDM=0.00167983    STRATEGY= 1  ERROR MATRIX UNCERTAINTY  25.7 per cent
  EXT PARAMETER                APPROXIMATE        STEP         FIRST   
  NO.   NAME      VALUE            ERROR          SIZE      DERIVATIVE 
   1  N0           3.09894e+06   8.63634e+02   3.04721e+00  -5.30675e-06
   2  tau          6.43838e+01   constant   
   3  A0           3.50225e-01   3.52417e-04   7.37578e-06   1.61625e+01
   4  phi          4.11799e+00   1.08071e-03  -3.45190e-06  -3.97938e+00
   5  R           -6.25346e+01   constant   
   6  alpha_CBO    9.56405e-04   3.90613e-04   3.92448e-06  -2.19404e+01
   7  w_CBO        2.32500e+00   constant   
   8  beta_CBO     3.19571e-03   3.91086e-04   3.90635e-06   3.46448e+01
   9  alpha_2CBO   1.15878e-03   3.66074e-04  -1.66840e-06  -1.62298e+01
  10  beta_2CBO   -6.57145e-04     fixed    
  11  alpha_y      0.00000e+00     fixed    
  12  w_y          1.44500e+01   constant   
  13  beta_y      -3.33762e-04     fixed    
  14  alpha_vw     0.00000e+00     fixed    
  15  w_vw         1.29000e+01   constant   
  16  beta_vw      0.00000e+00     fixed    
  17  LM          -7.79046e-04   constant   
  18  zeta_y       0.00000e+00   constant   
  19  zeta_vw      0.00000e+00   constant   
  20  T_CBO        1.68072e+01   3.62271e+00  -1.21562e-03  -2.23087e+01
  21  alpha_A0     8.28749e+02   2.56594e+03   1.04041e+02  -9.64300e-06
  22  beta_A0      2.00543e+03   5.62309e+03   2.32345e+02  -4.36319e-05
  23  alpha_phi   -4.88922e+03   1.31505e+04  -5.47487e+02   2.64740e-05
  24  beta_phi     2.52973e+03   7.11225e+03   2.94428e+02  -5.72181e-06
 EXTERNAL ERROR MATRIX.    NDIM=  25    NPAR= 11    ERR DEF=1
  7.459e+05 
  5.346e-02  1.242e-07 
  5.770e-02 -2.080e-08  1.168e-06 
  1.762e-02  2.629e-08 -4.532e-08  1.526e-07 
 -4.989e-03  7.146e-09  7.252e-08  8.199e-09  1.529e-07 
 -4.827e-03 -5.666e-09  2.073e-08 -2.140e-09  3.097e-09  1.340e-07 
 -1.091e+02 -1.676e-04  3.859e-05 -1.287e-04 -9.066e-05  1.743e-05  1.313e+01 
  1.063e+05  1.597e-01 -8.952e-02  1.162e-01  1.025e-01 -3.685e-02 -9.098e+03  6.584e+06 
  1.817e+05  3.250e-01 -1.220e-01  2.183e-01  2.033e-01 -7.010e-02 -2.022e+04  1.436e+07  3.162e+07 
 -2.937e+05 -6.994e-01  1.409e-01 -4.324e-01 -4.239e-01  1.410e-01  4.750e+04 -3.320e+07 -7.369e+07  1.729e+08 
  2.112e+05  4.028e-01 -1.315e-01  2.650e-01  2.513e-01 -8.524e-02 -2.561e+04  1.813e+07  3.998e+07 -9.334e+07  5.058e+07 
ERR MATRIX APPROXIMATE
 PARAMETER  CORRELATION COEFFICIENTS  
       NO.  GLOBAL      1      3      4      6      8      9     20     21     22     23     24
        1  0.34532   1.000  0.176  0.062  0.052 -0.015 -0.015 -0.035  0.048  0.037 -0.026  0.034
        3  0.42154   0.176  1.000 -0.055  0.191  0.052 -0.044 -0.131  0.177  0.164 -0.151  0.161
        4  0.32645   0.062 -0.055  1.000 -0.107  0.172  0.052  0.010 -0.032 -0.020  0.010 -0.017
        6  0.34069   0.052  0.191 -0.107  1.000  0.054 -0.015 -0.091  0.116  0.099 -0.084  0.095
        8  0.35840  -0.015  0.052  0.172  0.054  1.000  0.022 -0.064  0.102  0.092 -0.082  0.090
        9  0.24265  -0.015 -0.044  0.052 -0.015  0.022  1.000  0.013 -0.039 -0.034  0.029 -0.033
       20  0.99759  -0.035 -0.131  0.010 -0.091 -0.064  0.013  1.000 -0.979 -0.992  0.997 -0.994
       21  0.99996   0.048  0.177 -0.032  0.116  0.102 -0.039 -0.979  1.000  0.995 -0.984  0.993
       22  0.99999   0.037  0.164 -0.020  0.099  0.092 -0.034 -0.992  0.995  1.000 -0.997  1.000
       23  0.99998  -0.026 -0.151  0.010 -0.084 -0.082  0.029  0.997 -0.984 -0.997  1.000 -0.998
       24  1.00000   0.034  0.161 -0.017  0.095  0.090 -0.033 -0.994  0.993  1.000 -0.998  1.000
 ERR MATRIX APPROXIMATE
MINUIT - FIT ONLY 1-y
 **********
 **   51 **RES 
 **********
                   PARAMETER   16  beta_vw RESTORED TO VARIABLE.
                   PARAMETER   14  alpha_vw RESTORED TO VARIABLE.
                   PARAMETER   13  beta_y RESTORED TO VARIABLE.
                   PARAMETER   11  alpha_y RESTORED TO VARIABLE.
                   PARAMETER   10  beta_2CBO RESTORED TO VARIABLE.
 **********
 **   52 **FIX            0
 **********
 PARAMETER    0  IS UNDEFINED. IGNORED.
 **********
 **   53 **FIX            1
 **********
 **********
 **   54 **FIX            2
 **********
 PARAMETER    2  IS CONSTANT.   IGNORED.
 **********
 **   55 **FIX            3
 **********
 **********
 **   56 **FIX            4
 **********
 **********
 **   57 **FIX            5
 **********
 PARAMETER    5  IS CONSTANT.   IGNORED.
 **********
 **   58 **FIX            6
 **********
 **********
 **   59 **FIX            7
 **********
 PARAMETER    7  IS CONSTANT.   IGNORED.
 **********
 **   60 **FIX            8
 **********
 **********
 **   61 **FIX            9
 **********
 **********
 **   62 **FIX           13
 **********
 **********
 **   63 **FIX           14
 **********
 **********
 **   64 **FIX           15
 **********
 PARAMETER   15  IS CONSTANT.   IGNORED.
 **********
 **   65 **FIX           16
 **********
 **********
 **   66 **MIGRAD
 **********
 START MIGRAD MINIMIZATION.  STRATEGY  1.  CONVERGENCE WHEN EDM .LT. 1.00e-04
 FCN=61.5095 FROM MIGRAD    STATUS=INITIATE       16 CALLS        5539 TOTAL
                     EDM= unknown      STRATEGY= 1      NO ERROR MATRIX       
  EXT PARAMETER               CURRENT GUESS       STEP         FIRST   
  NO.   NAME      VALUE            ERROR          SIZE      DERIVATIVE 
   1  N0           3.09894e+06     fixed    
   2  tau          6.43838e+01   constant   
   3  A0           3.50225e-01     fixed    
   4  phi          4.11799e+00     fixed    
   5  R           -6.25346e+01   constant   
   6  alpha_CBO    9.56405e-04     fixed    
   7  w_CBO        2.32500e+00   constant   
   8  beta_CBO     3.19571e-03     fixed    
   9  alpha_2CBO   1.15878e-03     fixed    
  10  beta_2CBO   -6.57145e-04   3.86480e-04   3.86480e-04   5.57460e+02
  11  alpha_y      0.00000e+00   1.00000e-03   1.00000e-03  -1.38599e+04
  12  w_y          1.44500e+01   constant   
  13  beta_y      -3.33762e-04     fixed    
  14  alpha_vw     0.00000e+00     fixed    
  15  w_vw         1.29000e+01   constant   
  16  beta_vw      0.00000e+00     fixed    
  17  LM          -7.79046e-04   constant   
  18  zeta_y       0.00000e+00   constant   
  19  zeta_vw      0.00000e+00   constant   
  20  T_CBO        1.68072e+01   3.62271e+00  -1.21562e-03  -2.23087e+01
  21  alpha_A0     8.28749e+02   2.56594e+03   1.04041e+02  -9.64300e-06
  22  beta_A0      2.00543e+03   5.62309e+03   2.32345e+02  -4.36319e-05
  23  alpha_phi   -4.88922e+03   1.31505e+04  -5.47487e+02   2.64740e-05
  24  beta_phi     2.52973e+03   7.11225e+03   2.94428e+02  -5.72181e-06
 CALL LIMIT EXCEEDED IN MIGRAD.
 MIGRAD TERMINATED WITHOUT CONVERGENCE.
 FCN=54.7104 FROM MIGRAD    STATUS=CALL LIMIT   1147 CALLS        6670 TOTAL
                     EDM=0.00454427    STRATEGY= 1  ERROR MATRIX UNCERTAINTY  17.2 per cent
  EXT PARAMETER                APPROXIMATE        STEP         FIRST   
  NO.   NAME      VALUE            ERROR          SIZE      DERIVATIVE 
   1  N0           3.09894e+06     fixed    
   2  tau          6.43838e+01   constant   
   3  A0           3.50225e-01     fixed    
   4  phi          4.11799e+00     fixed    
   5  R           -6.25346e+01   constant   
   6  alpha_CBO    9.56405e-04     fixed    
   7  w_CBO        2.32500e+00   constant   
   8  beta_CBO     3.19571e-03     fixed    
   9  alpha_2CBO   1.15878e-03     fixed    
  10  beta_2CBO   -7.02273e-04   3.73467e-04   4.95508e-07   3.14706e+01
  11  alpha_y      9.62990e-04   3.67303e-04  -3.12152e-06  -2.97644e+00
  12  w_y          1.44500e+01   constant   
  13  beta_y      -3.33762e-04     fixed    
  14  alpha_vw     0.00000e+00     fixed    
  15  w_vw         1.29000e+01   constant   
  16  beta_vw      0.00000e+00     fixed    
  17  LM          -7.79046e-04   constant   
  18  zeta_y       0.00000e+00   constant   
  19  zeta_vw      0.00000e+00   constant   
  20  T_CBO        1.30851e+01   2.00131e+00  -1.08305e-03  -3.48729e+01
  21  alpha_A0     4.19584e+04   1.02415e+05   6.61031e+03  -1.50791e-07
  22  beta_A0      1.15866e+05   2.96782e+05   1.91487e+04  -1.15264e-07
  23  alpha_phi   -2.68954e+05   6.53731e+05  -4.11502e+04   8.27058e-07
  24  beta_phi     1.19751e+05   2.94093e+05   1.87573e+04  -2.41193e-08
 EXTERNAL ERROR MATRIX.    NDIM=  25    NPAR=  7    ERR DEF=1
  1.395e-07 -7.003e-10  7.955e-06  3.386e-01  7.733e-01  4.747e-01  2.781e-01 
 -7.003e-10  1.349e-07 -1.183e-05 -6.972e-02 -1.966e-01 -6.578e-01  1.005e-01 
  7.955e-06 -1.183e-05  4.006e+00 -1.962e+05 -5.714e+05  1.292e+06 -5.782e+05 
  3.386e-01 -6.972e-02 -1.962e+05  1.049e+10  3.038e+10 -6.545e+10  2.980e+10 
  7.733e-01 -1.966e-01 -5.714e+05  3.038e+10  8.808e+10 -1.906e+11  8.665e+10 
  4.747e-01 -6.578e-01  1.292e+06 -6.545e+10 -1.906e+11  4.274e+11 -1.918e+11 
  2.781e-01  1.005e-01 -5.782e+05  2.980e+10  8.665e+10 -1.918e+11  8.649e+10 
ERR MATRIX APPROXIMATE
 PARAMETER  CORRELATION COEFFICIENTS  
       NO.  GLOBAL     10     11     20     21     22     23     24
       10  0.20045   1.000 -0.005  0.011  0.009  0.007  0.002  0.003
       11  0.08983  -0.005  1.000 -0.016 -0.002 -0.002 -0.003  0.001
       20  0.98927   0.011 -0.016  1.000 -0.957 -0.962  0.987 -0.982
       21  0.99980   0.009 -0.002 -0.957  1.000  1.000 -0.978  0.990
       22  0.99992   0.007 -0.002 -0.962  1.000  1.000 -0.982  0.993
       23  0.99994   0.002 -0.003  0.987 -0.978 -0.982  1.000 -0.998
       24  0.99998   0.003  0.001 -0.982  0.990  0.993 -0.998  1.000
 ERR MATRIX APPROXIMATE
MINUIT - FIT ONLY 2-y
 **********
 **   67 **RES 
 **********
                   PARAMETER   16  beta_vw RESTORED TO VARIABLE.
                   PARAMETER   14  alpha_vw RESTORED TO VARIABLE.
                   PARAMETER   13  beta_y RESTORED TO VARIABLE.
                   PARAMETER    9  alpha_2CBO RESTORED TO VARIABLE.
                   PARAMETER    8  beta_CBO RESTORED TO VARIABLE.
                   PARAMETER    6  alpha_CBO RESTORED TO VARIABLE.
                   PARAMETER    4  phi RESTORED TO VARIABLE.
                   PARAMETER    3  A0 RESTORED TO VARIABLE.
                   PARAMETER    1  N0 RESTORED TO VARIABLE.
 **********
 **   68 **FIX            0
 **********
 PARAMETER    0  IS UNDEFINED. IGNORED.
 **********
 **   69 **FIX            1
 **********
 **********
 **   70 **FIX            2
 **********
 PARAMETER    2  IS CONSTANT.   IGNORED.
 **********
 **   71 **FIX            3
 **********
 **********
 **   72 **FIX            4
 **********
 **********
 **   73 **FIX            5
 **********
 PARAMETER    5  IS CONSTANT.   IGNORED.
 **********
 **   74 **FIX            6
 **********
 **********
 **   75 **FIX            7
 **********
 PARAMETER    7  IS CONSTANT.   IGNORED.
 **********
 **   76 **FIX            8
 **********
 **********
 **   77 **FIX            9
 **********
 **********
 **   78 **FIX           10
 **********
 **********
 **   79 **FIX           11
 **********
 **********
 **   80 **FIX           12
 **********
 PARAMETER   12  IS CONSTANT.   IGNORED.
 **********
 **   81 **FIX           16
 **********
 **********
 **   82 **MIGRAD
 **********
 START MIGRAD MINIMIZATION.  STRATEGY  1.  CONVERGENCE WHEN EDM .LT. 1.00e-04
 FCN=54.7104 FROM MIGRAD    STATUS=INITIATE       16 CALLS        6686 TOTAL
                     EDM= unknown      STRATEGY= 1      NO ERROR MATRIX       
  EXT PARAMETER               CURRENT GUESS       STEP         FIRST   
  NO.   NAME      VALUE            ERROR          SIZE      DERIVATIVE 
   1  N0           3.09894e+06     fixed    
   2  tau          6.43838e+01   constant   
   3  A0           3.50225e-01     fixed    
   4  phi          4.11799e+00     fixed    
   5  R           -6.25346e+01   constant   
   6  alpha_CBO    9.56405e-04     fixed    
   7  w_CBO        2.32500e+00   constant   
   8  beta_CBO     3.19571e-03     fixed    
   9  alpha_2CBO   1.15878e-03     fixed    
  10  beta_2CBO   -7.02273e-04     fixed    
  11  alpha_y      9.62990e-04     fixed    
  12  w_y          1.44500e+01   constant   
  13  beta_y      -3.33762e-04   3.76797e-04   3.76797e-04  -7.33582e+02
  14  alpha_vw     0.00000e+00   1.00000e-03   1.00000e-03   8.66945e+03
  15  w_vw         1.29000e+01   constant   
  16  beta_vw      0.00000e+00     fixed    
