 + ++++++++++++++++++++++++++++++++++++++++++++++++++++++++++++++++++++ +
 +                                                                      +
 +           You have chose to blind your fitting according to          +
 +                omega_ref * (1 + (R +/- deltaR) *10^{-6})             +
 +                                                                      +
 + ++++++++++++++++++++++++++++++++++++++++++++++++++++++++++++++++++++ +
In main()...
reading format from /gm2data/zkhechad/run45/envelope/formats/formatB_sBin_constraintOn.txt
pBinTau 	= 0  
pBinPhi 	= 0  
constraintau 	= 1 
includeMopTerm 	= 0    
constrainMop    = 0   
Parameters after format file: pBinTau 0 pBinPhi 0 constraintau 1 includeMopTerm 0 constrainMop 0 c_e_scale 0.000000 
Opening file /gm2data/tbarrett/gm2fr/studies/run23_bunch_corrections/CorrectedFourier_Run3b.root.
reading full fit data from /gm2data/zkhechad/cboTemplates/Run4CBOTemplates/templateFits0_v2.0/noRF/sBin_constraintOn_cE0.0_seed0_noRF_calo23.root
windowBins = 69
fitting sliding window 2258 from bin 2394 at 357.035600 to bin 2463 at 367.479600 (69 bins)

Reading data from /gm2data/cornell/histograms/aMethod/histogram_a_noRF.root
 **********
 **    1 **SET PRINTOUT            1
 **********
 **********
 **    2 **SET NOWARNINGS 
 **********
 PARAMETER DEFINITIONS:
    NO.   NAME         VALUE      STEP SIZE      LIMITS
     1 N0           3.09806e+06  1.00000e+02     no limits
     2 tau          6.44406e+01  constant
     3 A0           3.43401e-01  1.00000e-04     no limits
     4 phi          4.11985e+00  1.00000e-02     no limits
     5 R           -6.14862e+01  constant
     6 alpha_CBO    0.00000e+00  1.00000e-03     no limits
     7 w_CBO        2.32500e+00  constant
     8 beta_CBO     0.00000e+00  1.00000e-03     no limits
     9 alpha_2CBO   0.00000e+00  1.00000e-03     no limits
    10 beta_2CBO    0.00000e+00  1.00000e-03     no limits
    11 alpha_y      0.00000e+00  1.00000e-03     no limits
    12 w_y          1.44500e+01  constant
    13 beta_y       0.00000e+00  1.00000e-03     no limits
    14 alpha_vw     0.00000e+00  1.00000e-03     no limits
    15 w_vw         1.29000e+01  constant
    16 beta_vw      0.00000e+00  1.00000e-03     no limits
    17 LM           1.22331e-03  constant
    18 zeta_y       0.00000e+00  constant
    19 zeta_vw      0.00000e+00  constant
    20 T_CBO        1.00000e+02  1.00000e+00    0.00000e+00  1.00000e+03
    21 alpha_A0     0.00000e+00  1.00000e-03     no limits
    22 beta_A0      0.00000e+00  1.00000e-03     no limits
    23 alpha_phi    0.00000e+00  1.00000e-03     no limits
    24 beta_phi     0.00000e+00  1.00000e-03     no limits
MINUIT - FIT ONLY WIGGLE
 **********
 **    3 **FIX            5
 **********
 PARAMETER    5  IS CONSTANT.   IGNORED.
 **********
 **    4 **FIX            6
 **********
 **********
 **    5 **FIX            7
 **********
 PARAMETER    7  IS CONSTANT.   IGNORED.
 **********
 **    6 **FIX            8
 **********
 **********
 **    7 **FIX            9
 **********
 **********
 **    8 **FIX           10
 **********
 **********
 **    9 **FIX           11
 **********
 **********
 **   10 **FIX           12
 **********
 PARAMETER   12  IS CONSTANT.   IGNORED.
 **********
 **   11 **FIX           13
 **********
 **********
 **   12 **FIX           14
 **********
 **********
 **   13 **FIX           15
 **********
 PARAMETER   15  IS CONSTANT.   IGNORED.
 **********
 **   14 **FIX           16
 **********
 **********
 **   15 **MIGRAD
 **********
 FIRST CALL TO USER FUNCTION AT NEW START POINT, WITH IFLAG=4.
 START MIGRAD MINIMIZATION.  STRATEGY  1.  CONVERGENCE WHEN EDM .LT. 1.00e-04
 FCN=69.8267 FROM MIGRAD    STATUS=INITIATE      437 CALLS         438 TOTAL
                     EDM= unknown      STRATEGY= 1      NO ERROR MATRIX       
  EXT PARAMETER               CURRENT GUESS       STEP         FIRST   
  NO.   NAME      VALUE            ERROR          SIZE      DERIVATIVE 
   1  N0           3.09806e+06   1.00000e+02   0.00000e+00   1.29631e-04
   2  tau          6.44406e+01   constant   
   3  A0           3.43401e-01   1.00000e-04   0.00000e+00  -2.61275e+03
   4  phi          4.11985e+00   1.00000e-02   0.00000e+00  -6.28976e+02
   5  R           -6.14862e+01   constant   
   6  alpha_CBO    0.00000e+00     fixed    
   7  w_CBO        2.32500e+00   constant   
   8  beta_CBO     0.00000e+00     fixed    
   9  alpha_2CBO   0.00000e+00     fixed    
  10  beta_2CBO    0.00000e+00     fixed    
  11  alpha_y      0.00000e+00     fixed    
  12  w_y          1.44500e+01   constant   
  13  beta_y       0.00000e+00     fixed    
  14  alpha_vw     0.00000e+00     fixed    
  15  w_vw         1.29000e+01   constant   
  16  beta_vw      0.00000e+00     fixed    
  17  LM           1.22331e-03   constant   
  18  zeta_y       0.00000e+00   constant   
  19  zeta_vw      0.00000e+00   constant   
  20  T_CBO        1.00000e+02   1.00000e+00   0.00000e+00   0.00000e+00
  21  alpha_A0     0.00000e+00   1.00000e-03   0.00000e+00   2.97095e+00
  22  beta_A0      0.00000e+00   1.00000e-03   0.00000e+00  -2.41101e+01
  23  alpha_phi    0.00000e+00   1.00000e-03   0.00000e+00   1.31484e+01
  24  beta_phi     0.00000e+00   1.00000e-03   0.00000e+00  -2.02907e+01
 MIGRAD MINIMIZATION HAS CONVERGED.
 FCN=60.8674 FROM MIGRAD    STATUS=CONVERGED     550 CALLS         551 TOTAL
                     EDM=6.61931e-06    STRATEGY= 1  ERROR MATRIX UNCERTAINTY   4.6 per cent
  EXT PARAMETER                                   STEP         FIRST   
  NO.   NAME      VALUE            ERROR          SIZE      DERIVATIVE 
   1  N0           3.09661e+06   2.24358e+03  -2.36338e+00  -1.93986e-06
   2  tau          6.44406e+01   constant   
   3  A0           3.44622e-01   9.24260e-04   4.08009e-06  -6.16251e-01
   4  phi          4.12303e+00   2.77663e-03  -1.16477e-05  -5.39433e-01
   5  R           -6.14862e+01   constant   
   6  alpha_CBO    0.00000e+00     fixed    
   7  w_CBO        2.32500e+00   constant   
   8  beta_CBO     0.00000e+00     fixed    
   9  alpha_2CBO   0.00000e+00     fixed    
  10  beta_2CBO    0.00000e+00     fixed    
  11  alpha_y      0.00000e+00     fixed    
  12  w_y          1.44500e+01   constant   
  13  beta_y       0.00000e+00     fixed    
  14  alpha_vw     0.00000e+00     fixed    
  15  w_vw         1.29000e+01   constant   
  16  beta_vw      0.00000e+00     fixed    
  17  LM           1.22331e-03   constant   
  18  zeta_y       0.00000e+00   constant   
  19  zeta_vw      0.00000e+00   constant   
  20  T_CBO        9.87701e+01   1.50810e+01  -1.04375e-04   1.81963e-02
  21  alpha_A0    -3.57627e-02   1.43970e-01   7.08311e-04  -5.18622e-03
  22  beta_A0      2.98484e-01   1.55955e-01   6.05611e-04  -4.64434e-03
  23  alpha_phi   -7.07986e-02   1.54931e-01   6.21979e-04  -4.99605e-04
  24  beta_phi     2.38749e-01   1.43984e-01  -3.37137e-05  -5.28391e-03
 EXTERNAL ERROR MATRIX.    NDIM=  25    NPAR=  8    ERR DEF=1
  5.034e+06  5.963e-02 -1.306e+00 -2.183e+03  4.855e+01 -1.654e+01 -3.226e+01 -6.791e+01 
  5.963e-02  8.543e-07  1.185e-07 -2.928e-04  3.988e-06  1.484e-05  2.742e-05  1.674e-05 
 -1.306e+00  1.185e-07  7.710e-06  3.859e-04 -1.230e-05  2.612e-05  2.245e-05  3.274e-05 
 -2.183e+03 -2.928e-04  3.859e-04  2.276e+02  5.491e-02 -1.341e+00  1.259e-01 -1.015e+00 
  4.855e+01  3.988e-06 -1.230e-05  5.491e-02  2.073e-02  9.692e-04  9.057e-04  1.515e-04 
 -1.654e+01  1.484e-05  2.612e-05 -1.341e+00  9.692e-04  2.432e-02  4.266e-03  3.302e-03 
 -3.226e+01  2.742e-05  2.245e-05  1.259e-01  9.057e-04  4.266e-03  2.400e-02  3.631e-03 
 -6.791e+01  1.674e-05  3.274e-05 -1.015e+00  1.515e-04  3.302e-03  3.631e-03  2.073e-02 
 PARAMETER  CORRELATION COEFFICIENTS  
       NO.  GLOBAL      1      3      4     20     21     22     23     24
        1  0.40340   1.000  0.029 -0.210 -0.064  0.150 -0.047 -0.093 -0.210
        3  0.25005   0.029  1.000  0.046 -0.021  0.030  0.103  0.191  0.126
        4  0.22778  -0.210  0.046  1.000  0.009 -0.031  0.060  0.052  0.082
       20  0.74586  -0.064 -0.021  0.009  1.000  0.025 -0.570  0.054 -0.467
       21  0.19646   0.150  0.030 -0.031  0.025  1.000  0.043  0.041  0.007
       22  0.65462  -0.047  0.103  0.060 -0.570  0.043  1.000  0.177  0.147
       23  0.38636  -0.093  0.191  0.052  0.054  0.041  0.177  1.000  0.163
       24  0.60737  -0.210  0.126  0.082 -0.467  0.007  0.147  0.163  1.000
MINUIT - FIT ONLY 1-CBO + wiggle
 **********
 **   16 **RES 
 **********
                   PARAMETER   16  beta_vw RESTORED TO VARIABLE.
                   PARAMETER   14  alpha_vw RESTORED TO VARIABLE.
                   PARAMETER   13  beta_y RESTORED TO VARIABLE.
                   PARAMETER   11  alpha_y RESTORED TO VARIABLE.
                   PARAMETER   10  beta_2CBO RESTORED TO VARIABLE.
                   PARAMETER    9  alpha_2CBO RESTORED TO VARIABLE.
                   PARAMETER    8  beta_CBO RESTORED TO VARIABLE.
                   PARAMETER    6  alpha_CBO RESTORED TO VARIABLE.
 **********
 **   17 **FIX            8
 **********
 **********
 **   18 **FIX            9
 **********
 **********
 **   19 **FIX           11
 **********
 **********
 **   20 **FIX           12
 **********
 PARAMETER   12  IS CONSTANT.   IGNORED.
 **********
 **   21 **FIX           14
 **********
 **********
 **   22 **FIX           15
 **********
 PARAMETER   15  IS CONSTANT.   IGNORED.
 **********
 **   23 **FIX           16
 **********
 **********
 **   24 **MIGRAD
 **********
 START MIGRAD MINIMIZATION.  STRATEGY  1.  CONVERGENCE WHEN EDM .LT. 1.00e-04
 FCN=60.8674 FROM MIGRAD    STATUS=INITIATE       28 CALLS         579 TOTAL
                     EDM= unknown      STRATEGY= 1      NO ERROR MATRIX       
  EXT PARAMETER               CURRENT GUESS       STEP         FIRST   
  NO.   NAME      VALUE            ERROR          SIZE      DERIVATIVE 
   1  N0           3.09661e+06   2.24358e+03  -2.36338e+00  -1.93986e-06
   2  tau          6.44406e+01   constant   
   3  A0           3.44622e-01   9.24260e-04   4.08009e-06  -6.16251e-01
   4  phi          4.12303e+00   2.77663e-03  -1.16477e-05  -5.39433e-01
   5  R           -6.14862e+01   constant   
   6  alpha_CBO    0.00000e+00   1.00000e-03   1.00000e-03  -2.74788e+02
   7  w_CBO        2.32500e+00   constant   
   8  beta_CBO     0.00000e+00     fixed    
   9  alpha_2CBO   0.00000e+00     fixed    
  10  beta_2CBO    0.00000e+00   1.00000e-03   1.00000e-03  -3.77433e+03
  11  alpha_y      0.00000e+00     fixed    
  12  w_y          1.44500e+01   constant   
  13  beta_y       0.00000e+00   1.00000e-03   1.00000e-03   6.38372e+02
  14  alpha_vw     0.00000e+00     fixed    
  15  w_vw         1.29000e+01   constant   
  16  beta_vw      0.00000e+00     fixed    
  17  LM           1.22331e-03   constant   
  18  zeta_y       0.00000e+00   constant   
  19  zeta_vw      0.00000e+00   constant   
  20  T_CBO        9.87701e+01   1.50810e+01  -1.04375e-04   1.81964e-02
  21  alpha_A0    -3.57627e-02   1.43970e-01   7.08311e-04  -5.18622e-03
  22  beta_A0      2.98484e-01   1.55955e-01   6.05611e-04  -4.64436e-03
  23  alpha_phi   -7.07986e-02   1.54931e-01   6.21979e-04  -4.99604e-04
  24  beta_phi     2.38749e-01   1.43984e-01  -3.37137e-05  -5.28391e-03
 MIGRAD MINIMIZATION HAS CONVERGED.
 MIGRAD WILL VERIFY CONVERGENCE AND ERROR MATRIX.
 FCN=57.2209 FROM HESSE     STATUS=NOT POSDEF    100 CALLS         798 TOTAL
                     EDM=0.000169438    STRATEGY= 1      ERR MATRIX NOT POS-DEF
  EXT PARAMETER                APPROXIMATE        STEP         FIRST   
  NO.   NAME      VALUE            ERROR          SIZE      DERIVATIVE 
   1  N0           3.09661e+06   2.27374e+03   7.47372e+00  -7.68578e-07
   2  tau          6.44406e+01   constant   
   3  A0           3.44495e-01   9.36459e-04   3.36526e-06  -5.71051e-01
   4  phi          4.12300e+00   2.78223e-03   1.00217e-05   1.20394e-01
   5  R           -6.14862e+01   constant   
   6  alpha_CBO    8.57319e-05   1.02898e-03   3.71141e-06   2.99586e+00
   7  w_CBO        2.32500e+00   constant   
   8  beta_CBO     0.00000e+00     fixed    
   9  alpha_2CBO   0.00000e+00     fixed    
  10  beta_2CBO    1.87106e-03   9.93452e-04   3.61845e-06  -1.14725e-01
  11  alpha_y      0.00000e+00     fixed    
  12  w_y          1.44500e+01   constant   
  13  beta_y      -3.25552e-04   9.68668e-04   3.61554e-06   1.20401e-01
  14  alpha_vw     0.00000e+00     fixed    
  15  w_vw         1.29000e+01   constant   
  16  beta_vw      0.00000e+00     fixed    
  17  LM           1.22331e-03   constant   
  18  zeta_y       0.00000e+00   constant   
  19  zeta_vw      0.00000e+00   constant   
  20  T_CBO        9.95695e+01   1.41573e+02   1.19371e-04  -2.43033e-02
  21  alpha_A0    -5.31333e-02   3.18543e-01   5.27989e-04  -8.55021e-03
  22  beta_A0      3.18026e-01   1.70877e+00   5.45014e-04   1.38790e-03
  23  alpha_phi   -1.16842e-01   6.38400e-01   5.58005e-04  -3.32641e-03
  24  beta_phi     2.20982e-01   1.20118e+00   4.95767e-04   5.77625e-03
 CALL LIMIT EXCEEDED IN MIGRAD.
 MIGRAD TERMINATED WITHOUT CONVERGENCE.
 FCN=57.2126 FROM MIGRAD    STATUS=CALL LIMIT   1927 CALLS        2478 TOTAL
                     EDM=6.27837e-05    STRATEGY= 1      ERR MATRIX NOT POS-DEF
  EXT PARAMETER                APPROXIMATE        STEP         FIRST   
  NO.   NAME      VALUE            ERROR          SIZE      DERIVATIVE 
   1  N0           3.09662e+06   2.23138e+03  -3.97208e-01  -1.69452e-06
   2  tau          6.44406e+01   constant   
   3  A0           3.44482e-01   9.28392e-04   1.28101e-06   2.60699e+00
   4  phi          4.12301e+00   2.76788e-03  -1.06184e-06   1.34676e-01
   5  R           -6.14862e+01   constant   
   6  alpha_CBO    8.43050e-05   1.01089e-03  -1.87108e-06  -9.79174e-01
   7  w_CBO        2.32500e+00   constant   
   8  beta_CBO     0.00000e+00     fixed    
   9  alpha_2CBO   0.00000e+00     fixed    
  10  beta_2CBO    1.87575e-03   9.82934e-04  -1.28778e-07   2.35249e+00
  11  alpha_y      0.00000e+00     fixed    
  12  w_y          1.44500e+01   constant   
  13  beta_y      -3.24842e-04   9.68505e-04  -9.18643e-08  -1.61921e-01
  14  alpha_vw     0.00000e+00     fixed    
  15  w_vw         1.29000e+01   constant   
  16  beta_vw      0.00000e+00     fixed    
  17  LM           1.22331e-03   constant   
  18  zeta_y       0.00000e+00   constant   
  19  zeta_vw      0.00000e+00   constant   
  20  T_CBO        2.14401e+02   5.75667e+02   8.85537e-03  -1.43299e-01
  21  alpha_A0    -7.43258e-03   4.45081e-02   2.19091e-04   3.06393e-01
  22  beta_A0      4.55586e-02   2.32963e-01  -1.42996e-03  -7.75108e-01
  23  alpha_phi   -1.69531e-02   8.96274e-02   4.01705e-04   4.70043e-03
  24  beta_phi     3.12545e-02   1.63412e-01  -8.30661e-04  -9.61139e-02
 EXTERNAL ERROR MATRIX.    NDIM=  25    NPAR= 11    ERR DEF=1
  4.979e+06 
  2.226e-01  8.619e-07 
 -9.421e-01  1.044e-07  7.661e-06 
  7.836e-02 -4.135e-08  4.692e-07  1.022e-06 
 -3.785e-02 -5.100e-08 -2.259e-08 -1.914e-08  9.662e-07 
 -1.799e-02 -1.380e-08 -2.724e-08 -1.008e-08 -1.391e-08  9.380e-07 
  7.414e+03 -6.512e-03  3.065e-03 -1.507e-02  1.042e-02  7.420e-05  3.642e+05 
  8.904e+00  8.478e-07 -1.319e-06 -2.937e-06 -1.016e-06 -2.918e-07  2.296e+01  1.981e-03 
 -8.397e+00  5.560e-06  8.600e-07  3.513e-06 -1.982e-06 -4.184e-07 -1.401e+02 -8.797e-03  5.427e-02 
 -2.974e+00  4.680e-06  7.248e-06  1.475e-06 -3.889e-06 -5.587e-07  5.068e+01  3.290e-03 -1.955e-02  8.033e-03 
 -1.306e+01  5.464e-06  5.059e-06  2.578e-06 -4.835e-06 -3.847e-07 -9.715e+01 -6.055e-03  3.749e-02 -1.327e-02  2.670e-02 
ERR MATRIX NOT POS-DEF
 PARAMETER  CORRELATION COEFFICIENTS  
       NO.  GLOBAL      1      3      4      6     10     13     20     21     22     23     24
        1  0.34994   1.000  0.107 -0.153  0.035 -0.017 -0.008  0.006  0.090 -0.016 -0.015 -0.036
        3  0.32267   0.107  1.000  0.041 -0.044 -0.056 -0.015 -0.012  0.021  0.026  0.056  0.036
        4  0.24736  -0.153  0.041  1.000  0.168 -0.008 -0.010  0.002 -0.011  0.001  0.029  0.011
        6  0.26448   0.035 -0.044  0.168  1.000 -0.019 -0.010 -0.025 -0.065  0.015  0.016  0.016
       10  0.21449  -0.017 -0.056 -0.008 -0.019  1.000 -0.015  0.018 -0.023 -0.009 -0.044 -0.030
       13  0.04001  -0.008 -0.015 -0.010 -0.010 -0.015  1.000  0.000 -0.007 -0.002 -0.006 -0.002
       20  0.99729   0.006 -0.012  0.002 -0.025  0.018  0.000  1.000  0.855 -0.997  0.937 -0.985
       21  0.86667   0.090  0.021 -0.011 -0.065 -0.023 -0.007  0.855  1.000 -0.848  0.825 -0.833
       22  0.99700  -0.016  0.026  0.001  0.015 -0.009 -0.002 -0.997 -0.848  1.000 -0.936  0.985
       23  0.94871  -0.015  0.056  0.029  0.016 -0.044 -0.006  0.937  0.825 -0.936  1.000 -0.906
       24  0.98764  -0.036  0.036  0.011  0.016 -0.030 -0.002 -0.985 -0.833  0.985 -0.906  1.000
 ERR MATRIX NOT POS-DEF
MINUIT - FIT ONLY 2-CBO
 **********
 **   25 **RES 
 **********
                   PARAMETER   16  beta_vw RESTORED TO VARIABLE.
                   PARAMETER   14  alpha_vw RESTORED TO VARIABLE.
                   PARAMETER   11  alpha_y RESTORED TO VARIABLE.
                   PARAMETER    9  alpha_2CBO RESTORED TO VARIABLE.
                   PARAMETER    8  beta_CBO RESTORED TO VARIABLE.
 **********
 **   26 **FIX            0
 **********
 PARAMETER    0  IS UNDEFINED. IGNORED.
 **********
 **   27 **FIX            1
 **********
 **********
 **   28 **FIX            2
 **********
 PARAMETER    2  IS CONSTANT.   IGNORED.
 **********
 **   29 **FIX            3
 **********
 **********
 **   30 **FIX            4
 **********
 **********
 **   31 **FIX            5
 **********
 PARAMETER    5  IS CONSTANT.   IGNORED.
 **********
 **   32 **FIX            6
 **********
 **********
 **   33 **FIX            7
 **********
 PARAMETER    7  IS CONSTANT.   IGNORED.
 **********
 **   34 **FIX           10
 **********
 **********
 **   35 **FIX           11
 **********
 **********
 **   36 **FIX           12
 **********
 PARAMETER   12  IS CONSTANT.   IGNORED.
 **********
 **   37 **FIX           13
 **********
 **********
 **   38 **FIX           14
 **********
 **********
 **   39 **FIX           15
 **********
 PARAMETER   15  IS CONSTANT.   IGNORED.
 **********
 **   40 **FIX           16
 **********
 **********
 **   41 **MIGRAD
 **********
 START MIGRAD MINIMIZATION.  STRATEGY  1.  CONVERGENCE WHEN EDM .LT. 1.00e-04
 FCN=57.2126 FROM MIGRAD    STATUS=INITIATE       18 CALLS        2496 TOTAL
                     EDM= unknown      STRATEGY= 1      NO ERROR MATRIX       
  EXT PARAMETER               CURRENT GUESS       STEP         FIRST   
  NO.   NAME      VALUE            ERROR          SIZE      DERIVATIVE 
   1  N0           3.09662e+06     fixed    
   2  tau          6.44406e+01   constant   
   3  A0           3.44482e-01     fixed    
   4  phi          4.12301e+00     fixed    
   5  R           -6.14862e+01   constant   
   6  alpha_CBO    8.43050e-05     fixed    
   7  w_CBO        2.32500e+00   constant   
   8  beta_CBO     0.00000e+00   1.00000e-03   1.00000e-03  -3.56901e+03
   9  alpha_2CBO   0.00000e+00   1.00000e-03   1.00000e-03   5.39818e+02
  10  beta_2CBO    1.87575e-03     fixed    
  11  alpha_y      0.00000e+00     fixed    
  12  w_y          1.44500e+01   constant   
  13  beta_y      -3.24842e-04     fixed    
  14  alpha_vw     0.00000e+00     fixed    
  15  w_vw         1.29000e+01   constant   
  16  beta_vw      0.00000e+00     fixed    
  17  LM           1.22331e-03   constant   
  18  zeta_y       0.00000e+00   constant   
  19  zeta_vw      0.00000e+00   constant   
  20  T_CBO        2.14401e+02   5.75667e+02   8.85537e-03  -1.43299e-01
  21  alpha_A0    -7.43258e-03   4.45081e-02   2.19091e-04   3.06393e-01
  22  beta_A0      4.55586e-02   2.32963e-01  -1.42996e-03  -7.75108e-01
  23  alpha_phi   -1.69531e-02   8.96274e-02   4.01705e-04   4.70043e-03
  24  beta_phi     3.12545e-02   1.63412e-01  -8.30661e-04  -9.61139e-02
 MIGRAD MINIMIZATION HAS CONVERGED.
 MIGRAD WILL VERIFY CONVERGENCE AND ERROR MATRIX.
 FCN=54.1033 FROM HESSE     STATUS=NOT POSDEF     50 CALLS        2625 TOTAL
                     EDM=0.000153759    STRATEGY= 1      ERR MATRIX NOT POS-DEF
  EXT PARAMETER                APPROXIMATE        STEP         FIRST   
  NO.   NAME      VALUE            ERROR          SIZE      DERIVATIVE 
   1  N0           3.09662e+06     fixed    
   2  tau          6.44406e+01   constant   
   3  A0           3.44482e-01     fixed    
   4  phi          4.12301e+00     fixed    
   5  R           -6.14862e+01   constant   
   6  alpha_CBO    8.43050e-05     fixed    
   7  w_CBO        2.32500e+00   constant   
   8  beta_CBO     1.71593e-03   9.82530e-04   3.47246e-06   3.05071e-02
   9  alpha_2CBO  -1.84735e-04   1.00640e-03   3.55919e-06  -4.29154e-01
  10  beta_2CBO    1.87575e-03     fixed    
  11  alpha_y      0.00000e+00     fixed    
  12  w_y          1.44500e+01   constant   
  13  beta_y      -3.24842e-04     fixed    
  14  alpha_vw     0.00000e+00     fixed    
  15  w_vw         1.29000e+01   constant   
  16  beta_vw      0.00000e+00     fixed    
  17  LM           1.22331e-03   constant   
  18  zeta_y       0.00000e+00   constant   
  19  zeta_vw      0.00000e+00   constant   
  20  T_CBO        2.11683e+02   5.37036e+02   3.98347e-04   7.00990e-03
  21  alpha_A0    -8.13994e-03   5.02810e-02   7.50021e-05   3.27523e-02
  22  beta_A0      3.94735e-02   2.23190e-01   7.74966e-05  -2.70192e-02
  23  alpha_phi   -1.86517e-02   1.06671e-01   7.91903e-05  -5.75600e-03
  24  beta_phi     3.55699e-02   2.03042e-01   7.02717e-05  -2.89090e-02
 CALL LIMIT EXCEEDED IN MIGRAD.
 MIGRAD TERMINATED WITHOUT CONVERGENCE.
 FCN=54.0951 FROM MIGRAD    STATUS=CALL LIMIT   1166 CALLS        3644 TOTAL
                     EDM=7.20776e-05    STRATEGY= 1      ERR MATRIX NOT POS-DEF
  EXT PARAMETER                APPROXIMATE        STEP         FIRST   
  NO.   NAME      VALUE            ERROR          SIZE      DERIVATIVE 
   1  N0           3.09662e+06     fixed    
   2  tau          6.44406e+01   constant   
   3  A0           3.44482e-01     fixed    
   4  phi          4.12301e+00     fixed    
   5  R           -6.14862e+01   constant   
   6  alpha_CBO    8.43050e-05     fixed    
   7  w_CBO        2.32500e+00   constant   
   8  beta_CBO     1.72258e-03   9.79111e-04   7.45698e-07   6.25536e-01
   9  alpha_2CBO  -1.81009e-04   9.92504e-04  -1.75111e-06   5.83250e-01
  10  beta_2CBO    1.87575e-03     fixed    
  11  alpha_y      0.00000e+00     fixed    
  12  w_y          1.44500e+01   constant   
  13  beta_y      -3.24842e-04     fixed    
  14  alpha_vw     0.00000e+00     fixed    
  15  w_vw         1.29000e+01   constant   
  16  beta_vw      0.00000e+00     fixed    
  17  LM           1.22331e-03   constant   
  18  zeta_y       0.00000e+00   constant   
  19  zeta_vw      0.00000e+00   constant   
  20  T_CBO        9.05457e+01   1.57287e+02  -4.77282e-03  -4.15191e-01
  21  alpha_A0    -7.93535e-02   5.49406e-01  -4.50871e-03   8.70213e-02
  22  beta_A0      3.83293e-01   2.62709e+00   2.12449e-02  -3.83737e-02
  23  alpha_phi   -1.81154e-01   1.24324e+00  -1.00521e-02   2.26464e-02
  24  beta_phi     3.53334e-01   2.44482e+00   1.97604e-02  -2.82746e-02
 EXTERNAL ERROR MATRIX.    NDIM=  25    NPAR=  7    ERR DEF=1
  9.587e-07  1.577e-08 -7.640e-03 -2.783e-05  1.202e-04 -5.954e-05  1.176e-04 
  1.577e-08  9.851e-07  6.318e-03  3.565e-05 -8.809e-05  4.167e-05 -7.892e-05 
 -7.640e-03  6.318e-03  2.771e+04  9.062e+01 -4.371e+02  2.068e+02 -4.067e+02 
 -2.783e-05  3.565e-05  9.062e+01  3.018e-01 -1.429e+00  6.761e-01 -1.329e+00 
  1.202e-04 -8.809e-05 -4.371e+02 -1.429e+00  6.902e+00 -3.265e+00  6.422e+00 
 -5.954e-05  4.167e-05  2.068e+02  6.761e-01 -3.265e+00  1.546e+00 -3.039e+00 
  1.176e-04 -7.892e-05 -4.067e+02 -1.329e+00  6.422e+00 -3.039e+00  5.977e+00 
ERR MATRIX NOT POS-DEF
 PARAMETER  CORRELATION COEFFICIENTS  
       NO.  GLOBAL      8      9     20     21     22     23     24
        8  0.23473   1.000  0.016 -0.047 -0.052  0.047 -0.049  0.049
        9  0.25180   0.016  1.000  0.038  0.065 -0.034  0.034 -0.033
       20  0.99950  -0.047  0.038  1.000  0.991 -0.999  0.999 -0.999
       21  0.99169  -0.052  0.065  0.991  1.000 -0.990  0.990 -0.990
       22  0.99995   0.047 -0.034 -0.999 -0.990  1.000 -1.000  1.000
       23  0.99982  -0.049  0.034  0.999  0.990 -1.000  1.000 -1.000
       24  0.99994   0.049 -0.033 -0.999 -0.990  1.000 -1.000  1.000
 ERR MATRIX NOT POS-DEF
MINUIT - FIT wiggle + 1-CBO + 2-CBO
 **********
 **   42 **RES 
 **********
                   PARAMETER   16  beta_vw RESTORED TO VARIABLE.
                   PARAMETER   14  alpha_vw RESTORED TO VARIABLE.
                   PARAMETER   13  beta_y RESTORED TO VARIABLE.
                   PARAMETER   11  alpha_y RESTORED TO VARIABLE.
                   PARAMETER   10  beta_2CBO RESTORED TO VARIABLE.
                   PARAMETER    6  alpha_CBO RESTORED TO VARIABLE.
                   PARAMETER    4  phi RESTORED TO VARIABLE.
                   PARAMETER    3  A0 RESTORED TO VARIABLE.
                   PARAMETER    1  N0 RESTORED TO VARIABLE.
 **********
 **   43 **FIX           10
 **********
 **********
 **   44 **FIX           11
 **********
 **********
 **   45 **FIX           12
 **********
 PARAMETER   12  IS CONSTANT.   IGNORED.
 **********
 **   46 **FIX           13
 **********
 **********
 **   47 **FIX           14
 **********
 **********
 **   48 **FIX           15
 **********
 PARAMETER   15  IS CONSTANT.   IGNORED.
 **********
 **   49 **FIX           16
 **********
 **********
 **   50 **MIGRAD
 **********
 START MIGRAD MINIMIZATION.  STRATEGY  1.  CONVERGENCE WHEN EDM .LT. 1.00e-04
 FCN=54.0951 FROM MIGRAD    STATUS=INITIATE       22 CALLS        3666 TOTAL
                     EDM= unknown      STRATEGY= 1      NO ERROR MATRIX       
  EXT PARAMETER               CURRENT GUESS       STEP         FIRST   
  NO.   NAME      VALUE            ERROR          SIZE      DERIVATIVE 
   1  N0           3.09662e+06   2.23138e+03   2.23138e+03   9.19437e-05
   2  tau          6.44406e+01   constant   
   3  A0           3.44482e-01   9.28392e-04   9.28392e-04   8.54041e+02
   4  phi          4.12301e+00   2.76788e-03   2.76788e-03   1.14280e+02
   5  R           -6.14862e+01   constant   
   6  alpha_CBO    8.43050e-05   1.01089e-03   1.01089e-03   2.65286e+01
   7  w_CBO        2.32500e+00   constant   
   8  beta_CBO     1.72258e-03   9.79111e-04   7.45698e-07   6.25536e-01
   9  alpha_2CBO  -1.81009e-04   9.92504e-04  -1.75111e-06   5.83250e-01
  10  beta_2CBO    1.87575e-03     fixed    
  11  alpha_y      0.00000e+00     fixed    
  12  w_y          1.44500e+01   constant   
  13  beta_y      -3.24842e-04     fixed    
  14  alpha_vw     0.00000e+00     fixed    
  15  w_vw         1.29000e+01   constant   
  16  beta_vw      0.00000e+00     fixed    
  17  LM           1.22331e-03   constant   
  18  zeta_y       0.00000e+00   constant   
  19  zeta_vw      0.00000e+00   constant   
  20  T_CBO        9.05457e+01   1.57287e+02  -4.77282e-03  -4.15195e-01
  21  alpha_A0    -7.93535e-02   5.49406e-01  -4.50871e-03   8.70214e-02
  22  beta_A0      3.83293e-01   2.62709e+00   2.12449e-02  -3.83738e-02
  23  alpha_phi   -1.81154e-01   1.24324e+00  -1.00521e-02   2.26464e-02
  24  beta_phi     3.53334e-01   2.44482e+00   1.97604e-02  -2.82746e-02
 MIGRAD MINIMIZATION HAS CONVERGED.
 MIGRAD WILL VERIFY CONVERGENCE AND ERROR MATRIX.
 FCN=53.8732 FROM MIGRAD    STATUS=CONVERGED     218 CALLS        3862 TOTAL
                     EDM=5.99114e-05    STRATEGY= 1      ERR MATRIX NOT POS-DEF
  EXT PARAMETER                APPROXIMATE        STEP         FIRST   
  NO.   NAME      VALUE            ERROR          SIZE      DERIVATIVE 
   1  N0           3.09633e+06   2.27983e+03   7.25509e+00  -5.46600e-07
   2  tau          6.44406e+01   constant   
   3  A0           3.44062e-01   9.63507e-04   3.26720e-06  -7.25875e-01
   4  phi          4.12252e+00   2.80119e-03   9.74398e-06   8.96280e-01
   5  R           -6.14862e+01   constant   
   6  alpha_CBO    4.62517e-05   1.03033e-03   3.60335e-06  -1.07545e+00
   7  w_CBO        2.32500e+00   constant   
   8  beta_CBO     1.84671e-03   1.01750e-03   3.46545e-06  -6.92058e-01
   9  alpha_2CBO  -1.96117e-04   1.01044e-03   3.55201e-06   5.24551e-02
  10  beta_2CBO    1.87575e-03     fixed    
  11  alpha_y      0.00000e+00     fixed    
  12  w_y          1.44500e+01   constant   
  13  beta_y      -3.24842e-04     fixed    
  14  alpha_vw     0.00000e+00     fixed    
  15  w_vw         1.29000e+01   constant   
  16  beta_vw      0.00000e+00     fixed    
  17  LM           1.22331e-03   constant   
  18  zeta_y       0.00000e+00   constant   
  19  zeta_vw      0.00000e+00   constant   
  20  T_CBO        9.05352e+01   1.21985e+02   1.03249e-04  -4.99379e-02
  21  alpha_A0    -8.89425e-02   5.34578e-01   7.36438e-04  -1.37918e-02
  22  beta_A0      3.73201e-01   2.07509e+00   7.60234e-04  -8.26697e-05
  23  alpha_phi   -2.03232e-01   1.13825e+00   7.78412e-04   5.89532e-03
  24  beta_phi     3.51001e-01   1.96860e+00   6.91638e-04  -6.14705e-03
 EXTERNAL ERROR MATRIX.    NDIM=  25    NPAR= 11    ERR DEF=1
  5.198e+06 
  2.377e-01  9.283e-07 
 -9.960e-01  1.935e-07  7.847e-06 
  2.282e-02 -1.656e-08  5.279e-07  1.062e-06 
 -1.458e-01 -2.411e-07 -2.414e-07 -1.179e-08  1.035e-06 
  7.928e-02 -5.702e-10  1.683e-07  5.890e-08  4.339e-08  1.021e-06 
  1.933e+03 -4.855e-03 -1.897e-03 -6.779e-06 -3.957e-04 -4.651e-04  1.587e+04 
  9.103e+01 -7.903e-06 -2.552e-05 -2.193e-05 -3.783e-06  2.891e-05  6.190e+01  2.858e-01 
 -7.415e+01  1.043e-04  7.317e-05  2.741e-06 -3.763e-05  2.162e-05 -2.600e+02 -1.014e+00  4.306e+00 
 -4.205e+00  2.299e-06  2.909e-05  3.047e-05 -2.395e-05 -8.671e-06  1.406e+02  5.501e-01 -2.298e+00  1.296e+00 
 -1.263e+02  8.568e-05  8.133e-05 -2.720e-06  2.952e-05  3.930e-05 -2.467e+02 -9.600e-01  4.044e+00 -2.183e+00  3.875e+00 
ERR MATRIX NOT POS-DEF
 PARAMETER  CORRELATION COEFFICIENTS  
       NO.  GLOBAL      1      3      4      6      8      9     20     21     22     23     24
        1  0.35305   1.000  0.108 -0.156  0.010 -0.063  0.034  0.007  0.075 -0.016 -0.002 -0.028
        3  0.35393   0.108  1.000  0.072 -0.017 -0.246 -0.001 -0.040 -0.015  0.052  0.002  0.045
        4  0.28196  -0.156  0.072  1.000  0.183 -0.085  0.059 -0.005 -0.017  0.013  0.009  0.015
        6  0.26373   0.010 -0.017  0.183  1.000 -0.011  0.057 -0.000 -0.040  0.001  0.026 -0.001
        8  0.34285  -0.063 -0.246 -0.085 -0.011  1.000  0.042 -0.003 -0.007 -0.018 -0.021  0.015
        9  0.24481   0.034 -0.001  0.059  0.057  0.042  1.000 -0.004  0.054  0.010 -0.008  0.020
       20  0.99788   0.007 -0.040 -0.005 -0.000 -0.003 -0.004  1.000  0.919 -0.994  0.980 -0.995
       21  0.92481   0.075 -0.015 -0.017 -0.040 -0.007  0.054  0.919  1.000 -0.914  0.904 -0.912
       22  0.99487  -0.016  0.052  0.013  0.001 -0.018  0.010 -0.994 -0.914  1.000 -0.973  0.990
       23  0.98201  -0.002  0.002  0.009  0.026 -0.021 -0.008  0.980  0.904 -0.973  1.000 -0.974
       24  0.99528  -0.028  0.045  0.015 -0.001  0.015  0.020 -0.995 -0.912  0.990 -0.974  1.000
 ERR MATRIX NOT POS-DEF
MINUIT - FIT ONLY 1-y
 **********
 **   51 **RES 
 **********
                   PARAMETER   16  beta_vw RESTORED TO VARIABLE.
                   PARAMETER   14  alpha_vw RESTORED TO VARIABLE.
                   PARAMETER   13  beta_y RESTORED TO VARIABLE.
                   PARAMETER   11  alpha_y RESTORED TO VARIABLE.
                   PARAMETER   10  beta_2CBO RESTORED TO VARIABLE.
 **********
 **   52 **FIX            0
 **********
 PARAMETER    0  IS UNDEFINED. IGNORED.
 **********
 **   53 **FIX            1
 **********
 **********
 **   54 **FIX            2
 **********
 PARAMETER    2  IS CONSTANT.   IGNORED.
 **********
 **   55 **FIX            3
 **********
 **********
 **   56 **FIX            4
 **********
 **********
 **   57 **FIX            5
 **********
 PARAMETER    5  IS CONSTANT.   IGNORED.
 **********
 **   58 **FIX            6
 **********
 **********
 **   59 **FIX            7
 **********
 PARAMETER    7  IS CONSTANT.   IGNORED.
 **********
 **   60 **FIX            8
 **********
 **********
 **   61 **FIX            9
 **********
 **********
 **   62 **FIX           13
 **********
 **********
 **   63 **FIX           14
 **********
 **********
 **   64 **FIX           15
 **********
 PARAMETER   15  IS CONSTANT.   IGNORED.
 **********
 **   65 **FIX           16
 **********
 **********
 **   66 **MIGRAD
 **********
 START MIGRAD MINIMIZATION.  STRATEGY  1.  CONVERGENCE WHEN EDM .LT. 1.00e-04
 FCN=53.8732 FROM MIGRAD    STATUS=INITIATE       16 CALLS        3878 TOTAL
                     EDM= unknown      STRATEGY= 1      NO ERROR MATRIX       
  EXT PARAMETER               CURRENT GUESS       STEP         FIRST   
  NO.   NAME      VALUE            ERROR          SIZE      DERIVATIVE 
   1  N0           3.09633e+06     fixed    
   2  tau          6.44406e+01   constant   
   3  A0           3.44062e-01     fixed    
   4  phi          4.12252e+00     fixed    
   5  R           -6.14862e+01   constant   
   6  alpha_CBO    4.62517e-05     fixed    
   7  w_CBO        2.32500e+00   constant   
   8  beta_CBO     1.84671e-03     fixed    
   9  alpha_2CBO  -1.96117e-04     fixed    
  10  beta_2CBO    1.87575e-03   9.82934e-04   9.82934e-04  -5.04088e+01
  11  alpha_y      0.00000e+00   1.00000e-03   1.00000e-03  -4.11087e+02
  12  w_y          1.44500e+01   constant   
  13  beta_y      -3.24842e-04     fixed    
  14  alpha_vw     0.00000e+00     fixed    
  15  w_vw         1.29000e+01   constant   
  16  beta_vw      0.00000e+00     fixed    
  17  LM           1.22331e-03   constant   
  18  zeta_y       0.00000e+00   constant   
  19  zeta_vw      0.00000e+00   constant   
  20  T_CBO        9.05352e+01   1.21985e+02   1.03249e-04  -4.98395e-02
  21  alpha_A0    -8.89425e-02   5.34578e-01   7.36438e-04  -1.37919e-02
  22  beta_A0      3.73201e-01   2.07509e+00   7.60234e-04  -8.26495e-05
  23  alpha_phi   -2.03232e-01   1.13825e+00   7.78412e-04   5.89533e-03
  24  beta_phi     3.51001e-01   1.96860e+00   6.91638e-04  -6.14706e-03
 MIGRAD MINIMIZATION HAS CONVERGED.
 MIGRAD WILL VERIFY CONVERGENCE AND ERROR MATRIX.
 FCN=53.8317 FROM MIGRAD    STATUS=CONVERGED     113 CALLS        3975 TOTAL
                     EDM=6.73199e-05    STRATEGY= 1      ERR MATRIX NOT POS-DEF
  EXT PARAMETER                APPROXIMATE        STEP         FIRST   
  NO.   NAME      VALUE            ERROR          SIZE      DERIVATIVE 
   1  N0           3.09633e+06     fixed    
   2  tau          6.44406e+01   constant   
   3  A0           3.44062e-01     fixed    
   4  phi          4.12252e+00     fixed    
   5  R           -6.14862e+01   constant   
   6  alpha_CBO    4.62517e-05     fixed    
   7  w_CBO        2.32500e+00   constant   
   8  beta_CBO     1.84671e-03     fixed    
   9  alpha_2CBO  -1.96117e-04     fixed    
  10  beta_2CBO    1.90215e-03   9.90200e-04   3.51177e-06  -2.43207e-01
  11  alpha_y      1.98959e-04   9.80789e-04   3.55344e-06   8.48775e-02
  12  w_y          1.44500e+01   constant   
  13  beta_y      -3.24842e-04     fixed    
  14  alpha_vw     0.00000e+00     fixed    
  15  w_vw         1.29000e+01   constant   
  16  beta_vw      0.00000e+00     fixed    
  17  LM           1.22331e-03   constant   
  18  zeta_y       0.00000e+00   constant   
  19  zeta_vw      0.00000e+00   constant   
  20  T_CBO        9.05702e+01   1.24100e+02   1.03229e-04  -1.52761e-02
  21  alpha_A0    -8.84088e-02   5.35307e-01   7.35887e-04   3.48496e-03
  22  beta_A0      3.73648e-01   2.11232e+00   7.59662e-04   1.49510e-03
  23  alpha_phi   -2.04507e-01   1.16550e+00   7.77827e-04  -5.60001e-04
  24  beta_phi     3.51110e-01   2.00239e+00   6.91114e-04   1.34257e-03
 EXTERNAL ERROR MATRIX.    NDIM=  25    NPAR=  7    ERR DEF=1
  9.805e-07  8.183e-09  2.607e-03 -2.724e-06 -2.072e-05 -1.146e-05 -4.719e-05 
  8.183e-09  9.619e-07  3.638e-04  3.138e-06 -3.885e-06  4.005e-07 -2.438e-06 
  2.607e-03  3.638e-04  1.647e+04  6.350e+01 -2.697e+02  1.469e+02 -2.558e+02 
 -2.724e-06  3.138e-06  6.350e+01  2.866e-01 -1.040e+00  5.696e-01 -9.838e-01 
 -2.072e-05 -3.885e-06 -2.697e+02 -1.040e+00  4.462e+00 -2.404e+00  4.191e+00 
 -1.146e-05  4.005e-07  1.469e+02  5.696e-01 -2.404e+00  1.358e+00 -2.280e+00 
 -4.719e-05 -2.438e-06 -2.558e+02 -9.838e-01  4.191e+00 -2.280e+00  4.010e+00 
ERR MATRIX NOT POS-DEF
 PARAMETER  CORRELATION COEFFICIENTS  
       NO.  GLOBAL     10     11     20     21     22     23     24
       10  0.20608   1.000  0.008  0.021 -0.005 -0.010 -0.010 -0.024
       11  0.02666   0.008  1.000  0.003  0.006 -0.002  0.000 -0.001
       20  0.99797   0.021  0.003  1.000  0.924 -0.995  0.982 -0.995
       21  0.92526  -0.005  0.006  0.924  1.000 -0.920  0.913 -0.918
       22  0.99506  -0.010 -0.002 -0.995 -0.920  1.000 -0.976  0.991
       23  0.98290  -0.010  0.000  0.982  0.913 -0.976  1.000 -0.977
       24  0.99545  -0.024 -0.001 -0.995 -0.918  0.991 -0.977  1.000
 ERR MATRIX NOT POS-DEF
MINUIT - FIT ONLY 2-y
 **********
 **   67 **RES 
 **********
                   PARAMETER   16  beta_vw RESTORED TO VARIABLE.
                   PARAMETER   14  alpha_vw RESTORED TO VARIABLE.
                   PARAMETER   13  beta_y RESTORED TO VARIABLE.
                   PARAMETER    9  alpha_2CBO RESTORED TO VARIABLE.
                   PARAMETER    8  beta_CBO RESTORED TO VARIABLE.
                   PARAMETER    6  alpha_CBO RESTORED TO VARIABLE.
                   PARAMETER    4  phi RESTORED TO VARIABLE.
                   PARAMETER    3  A0 RESTORED TO VARIABLE.
                   PARAMETER    1  N0 RESTORED TO VARIABLE.
 **********
 **   68 **FIX            0
 **********
 PARAMETER    0  IS UNDEFINED. IGNORED.
 **********
 **   69 **FIX            1
 **********
 **********
 **   70 **FIX            2
 **********
 PARAMETER    2  IS CONSTANT.   IGNORED.
 **********
 **   71 **FIX            3
 **********
 **********
 **   72 **FIX            4
 **********
 **********
 **   73 **FIX            5
 **********
 PARAMETER    5  IS CONSTANT.   IGNORED.
 **********
 **   74 **FIX            6
 **********
 **********
 **   75 **FIX            7
 **********
 PARAMETER    7  IS CONSTANT.   IGNORED.
 **********
 **   76 **FIX            8
 **********
 **********
 **   77 **FIX            9
 **********
 **********
 **   78 **FIX           10
 **********
 **********
 **   79 **FIX           11
 **********
 **********
 **   80 **FIX           12
 **********
 PARAMETER   12  IS CONSTANT.   IGNORED.
 **********
 **   81 **FIX           16
 **********
 **********
 **   82 **MIGRAD
 **********
 START MIGRAD MINIMIZATION.  STRATEGY  1.  CONVERGENCE WHEN EDM .LT. 1.00e-04
 FCN=53.8317 FROM MIGRAD    STATUS=INITIATE       16 CALLS        3991 TOTAL
                     EDM= unknown      STRATEGY= 1      NO ERROR MATRIX       
  EXT PARAMETER               CURRENT GUESS       STEP         FIRST   
  NO.   NAME      VALUE            ERROR          SIZE      DERIVATIVE 
   1  N0           3.09633e+06     fixed    
   2  tau          6.44406e+01   constant   
   3  A0           3.44062e-01     fixed    
   4  phi          4.12252e+00     fixed    
   5  R           -6.14862e+01   constant   
   6  alpha_CBO    4.62517e-05     fixed    
   7  w_CBO        2.32500e+00   constant   
   8  beta_CBO     1.84671e-03     fixed    
   9  alpha_2CBO  -1.96117e-04     fixed    
  10  beta_2CBO    1.90215e-03     fixed    
  11  alpha_y      1.98959e-04     fixed    
  12  w_y          1.44500e+01   constant   
  13  beta_y      -3.24842e-04   9.68505e-04   9.68505e-04   1.50434e+01
  14  alpha_vw     0.00000e+00   1.00000e-03   1.00000e-03   2.47677e+02
  15  w_vw         1.29000e+01   constant   
