 + ++++++++++++++++++++++++++++++++++++++++++++++++++++++++++++++++++++ +
 +                                                                      +
 +           You have chose to blind your fitting according to          +
 +                omega_ref * (1 + (R +/- deltaR) *10^{-6})             +
 +                                                                      +
 + ++++++++++++++++++++++++++++++++++++++++++++++++++++++++++++++++++++ +
In main()...
reading format from /gm2data/zkhechad/run45/envelope/formats/formatB_sBin_constraintOn.txt
pBinTau 	= 0  
pBinPhi 	= 0  
constraintau 	= 1 
includeMopTerm 	= 0    
constrainMop    = 0   
Parameters after format file: pBinTau 0 pBinPhi 0 constraintau 1 includeMopTerm 0 constrainMop 0 c_e_scale 0.000000 
Opening file /gm2data/tbarrett/gm2fr/studies/run23_bunch_corrections/CorrectedFourier_Run3b.root.
reading full fit data from /gm2data/zkhechad/cboTemplates/Run4CBOTemplates/templateFits0_v2.0/noRF/sBin_constraintOn_cE0.0_seed0_noRF_calo3.root
windowBins = 17
fitting sliding window 198 from bin 334 at 49.683600 to bin 351 at 52.369200 (17 bins)

Reading data from /gm2data/cornell/histograms/aMethod/histogram_a_noRF.root
 **********
 **    1 **SET PRINTOUT            1
 **********
 **********
 **    2 **SET NOWARNINGS 
 **********
 PARAMETER DEFINITIONS:
    NO.   NAME         VALUE      STEP SIZE      LIMITS
     1 N0           2.88814e+06  1.00000e+02     no limits
     2 tau          6.44131e+01  constant
     3 A0           3.56394e-01  1.00000e-04     no limits
     4 phi          4.11722e+00  1.00000e-02     no limits
     5 R           -6.09726e+01  constant
     6 alpha_CBO    0.00000e+00  1.00000e-03     no limits
     7 w_CBO        2.32500e+00  constant
     8 beta_CBO     0.00000e+00  1.00000e-03     no limits
     9 alpha_2CBO   0.00000e+00  1.00000e-03     no limits
    10 beta_2CBO    0.00000e+00  1.00000e-03     no limits
    11 alpha_y      0.00000e+00  1.00000e-03     no limits
    12 w_y          1.44500e+01  constant
    13 beta_y       0.00000e+00  1.00000e-03     no limits
    14 alpha_vw     0.00000e+00  1.00000e-03     no limits
    15 w_vw         1.29000e+01  constant
    16 beta_vw      0.00000e+00  1.00000e-03     no limits
    17 LM           2.63157e-04  constant
    18 zeta_y       0.00000e+00  constant
    19 zeta_vw      0.00000e+00  constant
    20 T_CBO        1.00000e+02  1.00000e+00    0.00000e+00  1.00000e+03
    21 alpha_A0     0.00000e+00  1.00000e-03     no limits
    22 beta_A0      0.00000e+00  1.00000e-03     no limits
    23 alpha_phi    0.00000e+00  1.00000e-03     no limits
    24 beta_phi     0.00000e+00  1.00000e-03     no limits
MINUIT - FIT ONLY WIGGLE
 **********
 **    3 **FIX            5
 **********
 PARAMETER    5  IS CONSTANT.   IGNORED.
 **********
 **    4 **FIX            6
 **********
 **********
 **    5 **FIX            7
 **********
 PARAMETER    7  IS CONSTANT.   IGNORED.
 **********
 **    6 **FIX            8
 **********
 **********
 **    7 **FIX            9
 **********
 **********
 **    8 **FIX           10
 **********
 **********
 **    9 **FIX           11
 **********
 **********
 **   10 **FIX           12
 **********
 PARAMETER   12  IS CONSTANT.   IGNORED.
 **********
 **   11 **FIX           13
 **********
 **********
 **   12 **FIX           14
 **********
 **********
 **   13 **FIX           15
 **********
 PARAMETER   15  IS CONSTANT.   IGNORED.
 **********
 **   14 **FIX           16
 **********
 **********
 **   15 **MIGRAD
 **********
 FIRST CALL TO USER FUNCTION AT NEW START POINT, WITH IFLAG=4.
 START MIGRAD MINIMIZATION.  STRATEGY  1.  CONVERGENCE WHEN EDM .LT. 1.00e-04
 FCN=2824.65 FROM MIGRAD    STATUS=INITIATE      433 CALLS         434 TOTAL
                     EDM= unknown      STRATEGY= 1      NO ERROR MATRIX       
  EXT PARAMETER               CURRENT GUESS       STEP         FIRST   
  NO.   NAME      VALUE            ERROR          SIZE      DERIVATIVE 
   1  N0           2.88814e+06   1.00000e+02   0.00000e+00  -3.93835e-02
   2  tau          6.44131e+01   constant   
   3  A0           3.56394e-01   1.00000e-04   0.00000e+00  -1.80045e+05
   4  phi          4.11722e+00   1.00000e-02   0.00000e+00   1.53470e+05
   5  R           -6.09726e+01   constant   
   6  alpha_CBO    0.00000e+00     fixed    
   7  w_CBO        2.32500e+00   constant   
   8  beta_CBO     0.00000e+00     fixed    
   9  alpha_2CBO   0.00000e+00     fixed    
  10  beta_2CBO    0.00000e+00     fixed    
  11  alpha_y      0.00000e+00     fixed    
  12  w_y          1.44500e+01   constant   
  13  beta_y       0.00000e+00     fixed    
  14  alpha_vw     0.00000e+00     fixed    
  15  w_vw         1.29000e+01   constant   
  16  beta_vw      0.00000e+00     fixed    
  17  LM           2.63157e-04   constant   
  18  zeta_y       0.00000e+00   constant   
  19  zeta_vw      0.00000e+00   constant   
  20  T_CBO        1.00000e+02   1.00000e+00   0.00000e+00   0.00000e+00
  21  alpha_A0     0.00000e+00   1.00000e-03   0.00000e+00  -1.22065e+03
  22  beta_A0      0.00000e+00   1.00000e-03   0.00000e+00   1.93140e+04
  23  alpha_phi    0.00000e+00   1.00000e-03   0.00000e+00   2.91255e+04
  24  beta_phi     0.00000e+00   1.00000e-03   0.00000e+00   5.04302e+04
 MIGRAD MINIMIZATION HAS CONVERGED.
 FCN=270.165 FROM MIGRAD    STATUS=CONVERGED    1252 CALLS        1253 TOTAL
                     EDM=1.0753e-06    STRATEGY= 1  ERROR MATRIX UNCERTAINTY   3.5 per cent
  EXT PARAMETER                                   STEP         FIRST   
  NO.   NAME      VALUE            ERROR          SIZE      DERIVATIVE 
   1  N0           2.88166e+06   5.84096e+03   2.30807e+01  -1.12019e-06
   2  tau          6.44131e+01   constant   
   3  A0           3.79247e-01   2.57973e-03  -1.09720e-06   1.75060e+00
   4  phi          3.97720e+00   1.07845e-02   3.78489e-05  -1.75204e-01
   5  R           -6.09726e+01   constant   
   6  alpha_CBO    0.00000e+00     fixed    
   7  w_CBO        2.32500e+00   constant   
   8  beta_CBO     0.00000e+00     fixed    
   9  alpha_2CBO   0.00000e+00     fixed    
  10  beta_2CBO    0.00000e+00     fixed    
  11  alpha_y      0.00000e+00     fixed    
  12  w_y          1.44500e+01   constant   
  13  beta_y       0.00000e+00     fixed    
  14  alpha_vw     0.00000e+00     fixed    
  15  w_vw         1.29000e+01   constant   
  16  beta_vw      0.00000e+00     fixed    
  17  LM           2.63157e-04   constant   
  18  zeta_y       0.00000e+00   constant   
  19  zeta_vw      0.00000e+00   constant   
  20  T_CBO        6.70030e+01   1.45452e+00   1.31576e-05   3.28127e-01
  21  alpha_A0    -1.61048e-01   1.69376e-02  -2.67408e-05   5.26590e-01
  22  beta_A0      3.02309e-01   3.32270e-02  -1.35609e-04  -8.84458e-01
  23  alpha_phi    3.33484e-01   3.76803e-02  -1.53945e-04   5.90671e-01
  24  beta_phi     1.39267e-01   2.12286e-02   5.66510e-05   2.66870e-01
 EXTERNAL ERROR MATRIX.    NDIM=  25    NPAR=  8    ERR DEF=1
  3.412e+07  2.366e+00  2.539e+01  7.965e+03 -7.142e+01 -1.334e+02 -1.342e+02  9.494e+01 
  2.366e+00  6.655e-06 -2.220e-05  2.656e-04 -3.447e-05  4.901e-05  6.174e-05  4.104e-05 
  2.539e+01 -2.220e-05  1.163e-04  7.424e-03  6.021e-05 -3.371e-04 -3.936e-04 -5.713e-05 
  7.965e+03  2.656e-04  7.424e-03  2.116e+00 -1.521e-02 -3.516e-02 -3.640e-02  2.020e-02 
 -7.142e+01 -3.447e-05  6.021e-05 -1.521e-02  2.869e-04  3.759e-06 -5.734e-05 -3.555e-04 
 -1.334e+02  4.901e-05 -3.371e-04 -3.516e-02  3.759e-06  1.104e-03  1.242e-03 -5.966e-05 
 -1.342e+02  6.174e-05 -3.936e-04 -3.640e-02 -5.734e-05  1.242e-03  1.420e-03  6.927e-06 
  9.494e+01  4.104e-05 -5.713e-05  2.020e-02 -3.555e-04 -5.966e-05  6.927e-06  4.507e-04 
 PARAMETER  CORRELATION COEFFICIENTS  
       NO.  GLOBAL      1      3      4     20     21     22     23     24
        1  0.99836   1.000  0.157  0.403  0.937 -0.722 -0.687 -0.610  0.766
        3  0.99663   0.157  1.000 -0.798  0.071 -0.789  0.572  0.635  0.749
        4  0.99984   0.403 -0.798  1.000  0.473  0.330 -0.941 -0.969 -0.250
       20  0.97892   0.937  0.071  0.473  1.000 -0.618 -0.727 -0.664  0.654
       21  0.99907  -0.722 -0.789  0.330 -0.618  1.000  0.007 -0.090 -0.989
       22  0.99974  -0.687  0.572 -0.941 -0.727  0.007  1.000  0.992 -0.085
       23  0.99918  -0.610  0.635 -0.969 -0.664 -0.090  0.992  1.000  0.009
       24  0.99695   0.766  0.749 -0.250  0.654 -0.989 -0.085  0.009  1.000
MINUIT - FIT ONLY 1-CBO + wiggle
 **********
 **   16 **RES 
 **********
                   PARAMETER   16  beta_vw RESTORED TO VARIABLE.
                   PARAMETER   14  alpha_vw RESTORED TO VARIABLE.
                   PARAMETER   13  beta_y RESTORED TO VARIABLE.
                   PARAMETER   11  alpha_y RESTORED TO VARIABLE.
                   PARAMETER   10  beta_2CBO RESTORED TO VARIABLE.
                   PARAMETER    9  alpha_2CBO RESTORED TO VARIABLE.
                   PARAMETER    8  beta_CBO RESTORED TO VARIABLE.
                   PARAMETER    6  alpha_CBO RESTORED TO VARIABLE.
 **********
 **   17 **FIX            8
 **********
 **********
 **   18 **FIX            9
 **********
 **********
 **   19 **FIX           11
 **********
 **********
 **   20 **FIX           12
 **********
 PARAMETER   12  IS CONSTANT.   IGNORED.
 **********
 **   21 **FIX           14
 **********
 **********
 **   22 **FIX           15
 **********
 PARAMETER   15  IS CONSTANT.   IGNORED.
 **********
 **   23 **FIX           16
 **********
 **********
 **   24 **MIGRAD
 **********
 START MIGRAD MINIMIZATION.  STRATEGY  1.  CONVERGENCE WHEN EDM .LT. 1.00e-04
 FCN=270.165 FROM MIGRAD    STATUS=INITIATE       28 CALLS        1281 TOTAL
                     EDM= unknown      STRATEGY= 1      NO ERROR MATRIX       
  EXT PARAMETER               CURRENT GUESS       STEP         FIRST   
  NO.   NAME      VALUE            ERROR          SIZE      DERIVATIVE 
   1  N0           2.88166e+06   5.84096e+03   2.30807e+01  -1.12018e-06
   2  tau          6.44131e+01   constant   
   3  A0           3.79247e-01   2.57973e-03  -1.09720e-06   1.75060e+00
   4  phi          3.97720e+00   1.07845e-02   3.78489e-05  -1.75202e-01
   5  R           -6.09726e+01   constant   
   6  alpha_CBO    0.00000e+00   1.00000e-03   1.00000e-03   1.01966e+03
   7  w_CBO        2.32500e+00   constant   
   8  beta_CBO     0.00000e+00     fixed    
   9  alpha_2CBO   0.00000e+00     fixed    
  10  beta_2CBO    0.00000e+00   1.00000e-03   1.00000e-03  -2.35114e+03
  11  alpha_y      0.00000e+00     fixed    
  12  w_y          1.44500e+01   constant   
  13  beta_y       0.00000e+00   1.00000e-03   1.00000e-03   7.99787e+04
  14  alpha_vw     0.00000e+00     fixed    
  15  w_vw         1.29000e+01   constant   
  16  beta_vw      0.00000e+00     fixed    
  17  LM           2.63157e-04   constant   
  18  zeta_y       0.00000e+00   constant   
  19  zeta_vw      0.00000e+00   constant   
  20  T_CBO        6.70030e+01   1.45452e+00   1.31576e-05   3.28131e-01
  21  alpha_A0    -1.61048e-01   1.69376e-02  -2.67408e-05   5.26591e-01
  22  beta_A0      3.02309e-01   3.32270e-02  -1.35609e-04  -8.84469e-01
  23  alpha_phi    3.33484e-01   3.76803e-02  -1.53945e-04   5.90671e-01
  24  beta_phi     1.39267e-01   2.12286e-02   5.66510e-05   2.66869e-01
 CALL LIMIT EXCEEDED IN MIGRAD.
 MIGRAD TERMINATED WITHOUT CONVERGENCE.
 FCN=213.974 FROM MIGRAD    STATUS=CALL LIMIT   1908 CALLS        3161 TOTAL
                     EDM=0.137702    STRATEGY= 1  ERROR MATRIX UNCERTAINTY  14.9 per cent
  EXT PARAMETER                APPROXIMATE        STEP         FIRST   
  NO.   NAME      VALUE            ERROR          SIZE      DERIVATIVE 
   1  N0           2.71869e+06   1.00137e+04  -1.60186e+03  -1.50720e-04
   2  tau          6.44131e+01   constant   
   3  A0           4.07209e-01   7.31960e-03   7.26446e-04  -6.64606e+02
   4  phi          3.91936e+00   1.97249e-02  -1.75602e-03   2.84654e+02
   5  R           -6.09726e+01   constant   
   6  alpha_CBO   -2.39636e-02   2.90518e-03  -1.57756e-04   8.70916e+02
   7  w_CBO        2.32500e+00   constant   
   8  beta_CBO     0.00000e+00     fixed    
   9  alpha_2CBO   0.00000e+00     fixed    
  10  beta_2CBO   -9.57946e-03   1.64376e-03  -2.25116e-04  -1.60441e+02
  11  alpha_y      0.00000e+00     fixed    
  12  w_y          1.44500e+01   constant   
  13  beta_y      -9.81641e-04   1.71301e-04   3.49251e-06  -4.73756e+01
  14  alpha_vw     0.00000e+00     fixed    
  15  w_vw         1.29000e+01   constant   
  16  beta_vw      0.00000e+00     fixed    
  17  LM           2.63157e-04   constant   
  18  zeta_y       0.00000e+00   constant   
  19  zeta_vw      0.00000e+00   constant   
  20  T_CBO        8.58344e+01   4.71459e+00   1.73608e-03   2.50184e+02
  21  alpha_A0     1.78642e-01   1.28815e-02   1.87610e-03   8.46022e+01
  22  beta_A0      6.34712e-01   3.28920e-02   4.28302e-03   1.25164e+02
  23  alpha_phi    5.93986e-01   2.02590e-02   1.83251e-03   1.27087e+02
  24  beta_phi    -1.89847e-01   1.82788e-02  -2.30395e-03   2.24826e+02
 EXTERNAL ERROR MATRIX.    NDIM=  25    NPAR= 11    ERR DEF=1
  1.003e+08 
 -6.690e+01  5.358e-05 
  1.702e+02 -1.158e-04  3.891e-04 
  1.169e+01 -1.177e-05 -6.913e-07  8.440e-06 
  1.456e+01 -9.801e-06  3.113e-05  7.151e-08  2.702e-06 
 -1.505e-01  1.236e-07 -1.907e-07 -4.790e-08 -1.956e-08  2.934e-08 
 -4.366e+04  3.182e-02 -8.989e-02 -3.192e-03 -7.275e-03  6.535e-05  2.223e+01 
 -1.254e+01 -2.954e-05 -1.715e-05  1.753e-05 -2.325e-06 -9.040e-08 -5.437e-03  1.659e-04 
 -3.005e+02  1.874e-04 -6.321e-04 -1.006e-06 -5.222e-05  3.433e-07  1.455e-01  1.018e-04  1.082e-03 
 -1.697e+02  1.302e-04 -2.382e-04 -4.526e-05 -1.845e-05  3.604e-07  7.217e-02 -6.398e-05  4.045e-04  4.104e-04 
  7.029e+01 -2.851e-06  1.891e-04 -2.891e-05  1.502e-05  5.764e-08 -2.973e-02 -1.999e-04 -3.772e-04  9.345e-06  3.341e-04 
ERR MATRIX APPROXIMATE
 PARAMETER  CORRELATION COEFFICIENTS  
       NO.  GLOBAL      1      3      4      6     10     13     20     21     22     23     24
        1  0.99968   1.000 -0.913  0.862  0.402  0.885 -0.088 -0.925 -0.097 -0.912 -0.836  0.384
        3  0.99972  -0.913  1.000 -0.802 -0.553 -0.815  0.099  0.922 -0.313  0.778  0.878 -0.021
        4  0.99986   0.862 -0.802  1.000 -0.012  0.960 -0.056 -0.967 -0.067 -0.974 -0.596  0.524
        6  0.99942   0.402 -0.553 -0.012  1.000  0.015 -0.096 -0.233  0.468 -0.011 -0.769 -0.544
       10  0.99473   0.885 -0.815  0.960  0.015  1.000 -0.069 -0.939 -0.110 -0.966 -0.554  0.500
       13  0.16798  -0.088  0.099 -0.056 -0.096 -0.069  1.000  0.081 -0.041  0.061  0.104  0.018
       20  0.99949  -0.925  0.922 -0.967 -0.233 -0.939  0.081  1.000 -0.090  0.938  0.756 -0.345
       21  0.99653  -0.097 -0.313 -0.067  0.468 -0.110 -0.041 -0.090  1.000  0.240 -0.245 -0.849
       22  0.99949  -0.912  0.778 -0.974 -0.011 -0.966  0.061  0.938  0.240  1.000  0.607 -0.627
       23  0.99904  -0.836  0.878 -0.596 -0.769 -0.554  0.104  0.756 -0.245  0.607  1.000  0.025
       24  0.99759   0.384 -0.021  0.524 -0.544  0.500  0.018 -0.345 -0.849 -0.627  0.025  1.000
 ERR MATRIX APPROXIMATE
MINUIT - FIT ONLY 2-CBO
 **********
 **   25 **RES 
 **********
                   PARAMETER   16  beta_vw RESTORED TO VARIABLE.
                   PARAMETER   14  alpha_vw RESTORED TO VARIABLE.
                   PARAMETER   11  alpha_y RESTORED TO VARIABLE.
                   PARAMETER    9  alpha_2CBO RESTORED TO VARIABLE.
                   PARAMETER    8  beta_CBO RESTORED TO VARIABLE.
 **********
 **   26 **FIX            0
 **********
 PARAMETER    0  IS UNDEFINED. IGNORED.
 **********
 **   27 **FIX            1
 **********
 **********
 **   28 **FIX            2
 **********
 PARAMETER    2  IS CONSTANT.   IGNORED.
 **********
 **   29 **FIX            3
 **********
 **********
 **   30 **FIX            4
 **********
 **********
 **   31 **FIX            5
 **********
 PARAMETER    5  IS CONSTANT.   IGNORED.
 **********
 **   32 **FIX            6
 **********
 **********
 **   33 **FIX            7
 **********
 PARAMETER    7  IS CONSTANT.   IGNORED.
 **********
 **   34 **FIX           10
 **********
 **********
 **   35 **FIX           11
 **********
 **********
 **   36 **FIX           12
 **********
 PARAMETER   12  IS CONSTANT.   IGNORED.
 **********
 **   37 **FIX           13
 **********
 **********
 **   38 **FIX           14
 **********
 **********
 **   39 **FIX           15
 **********
 PARAMETER   15  IS CONSTANT.   IGNORED.
 **********
 **   40 **FIX           16
 **********
 **********
 **   41 **MIGRAD
 **********
 START MIGRAD MINIMIZATION.  STRATEGY  1.  CONVERGENCE WHEN EDM .LT. 1.00e-04
 FCN=213.974 FROM MIGRAD    STATUS=INITIATE       18 CALLS        3179 TOTAL
                     EDM= unknown      STRATEGY= 1      NO ERROR MATRIX       
  EXT PARAMETER               CURRENT GUESS       STEP         FIRST   
  NO.   NAME      VALUE            ERROR          SIZE      DERIVATIVE 
   1  N0           2.71869e+06     fixed    
   2  tau          6.44131e+01   constant   
   3  A0           4.07209e-01     fixed    
   4  phi          3.91936e+00     fixed    
   5  R           -6.09726e+01   constant   
   6  alpha_CBO   -2.39636e-02     fixed    
   7  w_CBO        2.32500e+00   constant   
   8  beta_CBO     0.00000e+00   1.00000e-03   1.00000e-03   1.78244e+03
   9  alpha_2CBO   0.00000e+00   1.00000e-03   1.00000e-03   4.70386e+03
  10  beta_2CBO   -9.57946e-03     fixed    
  11  alpha_y      0.00000e+00     fixed    
  12  w_y          1.44500e+01   constant   
  13  beta_y      -9.81641e-04     fixed    
  14  alpha_vw     0.00000e+00     fixed    
  15  w_vw         1.29000e+01   constant   
  16  beta_vw      0.00000e+00     fixed    
  17  LM           2.63157e-04   constant   
  18  zeta_y       0.00000e+00   constant   
  19  zeta_vw      0.00000e+00   constant   
  20  T_CBO        8.58344e+01   4.71459e+00   1.73608e-03   2.50184e+02
  21  alpha_A0     1.78642e-01   1.28815e-02   1.87610e-03   8.46022e+01
  22  beta_A0      6.34712e-01   3.28920e-02   4.28302e-03   1.25164e+02
  23  alpha_phi    5.93986e-01   2.02590e-02   1.83251e-03   1.27087e+02
  24  beta_phi    -1.89847e-01   1.82788e-02  -2.30395e-03   2.24826e+02
 MIGRAD MINIMIZATION HAS CONVERGED.
 MIGRAD WILL VERIFY CONVERGENCE AND ERROR MATRIX.
 FCN=213.488 FROM MIGRAD    STATUS=CONVERGED     167 CALLS        3328 TOTAL
                     EDM=7.66294e-05    STRATEGY= 1      ERR MATRIX NOT POS-DEF
  EXT PARAMETER                APPROXIMATE        STEP         FIRST   
  NO.   NAME      VALUE            ERROR          SIZE      DERIVATIVE 
   1  N0           2.71869e+06     fixed    
   2  tau          6.44131e+01   constant   
   3  A0           4.07209e-01     fixed    
   4  phi          3.91936e+00     fixed    
   5  R           -6.09726e+01   constant   
   6  alpha_CBO   -2.39636e-02     fixed    
   7  w_CBO        2.32500e+00   constant   
   8  beta_CBO    -1.27089e-04   5.55165e-04   1.20057e-06  -7.35452e+00
   9  alpha_2CBO  -2.31012e-04   3.36030e-04   1.16137e-06  -1.32053e+00
  10  beta_2CBO   -9.57946e-03     fixed    
  11  alpha_y      0.00000e+00     fixed    
  12  w_y          1.44500e+01   constant   
  13  beta_y      -9.81641e-04     fixed    
  14  alpha_vw     0.00000e+00     fixed    
  15  w_vw         1.29000e+01   constant   
  16  beta_vw      0.00000e+00     fixed    
  17  LM           2.63157e-04   constant   
  18  zeta_y       0.00000e+00   constant   
  19  zeta_vw      0.00000e+00   constant   
  20  T_CBO        8.57549e+01   2.89250e+00   5.63579e-06  -1.08500e+00
  21  alpha_A0     1.80041e-01   4.48492e-03   9.06967e-06  -2.92490e-01
  22  beta_A0      6.34438e-01   1.29402e-02   9.42097e-06  -1.39382e+00
  23  alpha_phi    5.93641e-01   1.19438e-02   1.00018e-05  -5.46628e-01
  24  beta_phi    -1.88194e-01   5.83812e-03   9.90644e-06  -5.56020e-01
 EXTERNAL ERROR MATRIX.    NDIM=  25    NPAR=  7    ERR DEF=1
  3.082e-07  5.770e-08 -1.069e-04 -2.902e-07 -3.490e-07  5.172e-07 -2.184e-06 
  5.770e-08  1.129e-07  4.016e-05 -7.052e-07  1.200e-07  1.234e-07 -8.693e-07 
 -1.069e-04  4.016e-05  8.367e+00 -1.100e-02 -3.673e-02 -3.418e-02  1.134e-02 
 -2.902e-07 -7.052e-07 -1.100e-02  2.011e-05  4.665e-05  4.259e-05 -8.743e-06 
 -3.490e-07  1.200e-07 -3.673e-02  4.665e-05  1.674e-04  1.513e-04 -4.756e-05 
  5.172e-07  1.234e-07 -3.418e-02  4.259e-05  1.513e-04  1.427e-04 -4.882e-05 
 -2.184e-06 -8.693e-07  1.134e-02 -8.743e-06 -4.756e-05 -4.882e-05  3.408e-05 
ERR MATRIX NOT POS-DEF
 PARAMETER  CORRELATION COEFFICIENTS  
       NO.  GLOBAL      8      9     20     21     22     23     24
        8  0.95331   1.000  0.309 -0.067 -0.117 -0.049  0.078 -0.674
        9  0.87583   0.309  1.000  0.041 -0.468  0.028  0.031 -0.443
       20  0.99709  -0.067  0.041  1.000 -0.848 -0.981 -0.989  0.671
       21  0.95930  -0.117 -0.468 -0.848  1.000  0.804  0.795 -0.334
       22  0.99482  -0.049  0.028 -0.981  0.804  1.000  0.979 -0.630
       23  0.99314   0.078  0.031 -0.989  0.795  0.979  1.000 -0.700
       24  0.97152  -0.674 -0.443  0.671 -0.334 -0.630 -0.700  1.000
 ERR MATRIX NOT POS-DEF
MINUIT - FIT wiggle + 1-CBO + 2-CBO
 **********
 **   42 **RES 
 **********
                   PARAMETER   16  beta_vw RESTORED TO VARIABLE.
                   PARAMETER   14  alpha_vw RESTORED TO VARIABLE.
                   PARAMETER   13  beta_y RESTORED TO VARIABLE.
                   PARAMETER   11  alpha_y RESTORED TO VARIABLE.
                   PARAMETER   10  beta_2CBO RESTORED TO VARIABLE.
                   PARAMETER    6  alpha_CBO RESTORED TO VARIABLE.
                   PARAMETER    4  phi RESTORED TO VARIABLE.
                   PARAMETER    3  A0 RESTORED TO VARIABLE.
                   PARAMETER    1  N0 RESTORED TO VARIABLE.
 **********
 **   43 **FIX           10
 **********
 **********
 **   44 **FIX           11
 **********
 **********
 **   45 **FIX           12
 **********
 PARAMETER   12  IS CONSTANT.   IGNORED.
 **********
 **   46 **FIX           13
 **********
 **********
 **   47 **FIX           14
 **********
 **********
 **   48 **FIX           15
 **********
 PARAMETER   15  IS CONSTANT.   IGNORED.
 **********
 **   49 **FIX           16
 **********
 **********
 **   50 **MIGRAD
 **********
 START MIGRAD MINIMIZATION.  STRATEGY  1.  CONVERGENCE WHEN EDM .LT. 1.00e-04
 FCN=213.488 FROM MIGRAD    STATUS=INITIATE       22 CALLS        3350 TOTAL
                     EDM= unknown      STRATEGY= 1      NO ERROR MATRIX       
  EXT PARAMETER               CURRENT GUESS       STEP         FIRST   
  NO.   NAME      VALUE            ERROR          SIZE      DERIVATIVE 
   1  N0           2.71869e+06   1.00137e+04   1.00137e+04   1.92068e-04
   2  tau          6.44131e+01   constant   
   3  A0           4.07209e-01   7.31960e-03   7.31960e-03   2.42499e+02
   4  phi          3.91936e+00   1.97249e-02   1.97249e-02  -7.45064e+00
   5  R           -6.09726e+01   constant   
   6  alpha_CBO   -2.39636e-02   2.90518e-03   2.90518e-03  -1.80637e+02
   7  w_CBO        2.32500e+00   constant   
   8  beta_CBO    -1.27089e-04   5.55165e-04   1.20057e-06  -7.35453e+00
   9  alpha_2CBO  -2.31012e-04   3.36030e-04   1.16137e-06  -1.32054e+00
  10  beta_2CBO   -9.57946e-03     fixed    
  11  alpha_y      0.00000e+00     fixed    
  12  w_y          1.44500e+01   constant   
  13  beta_y      -9.81641e-04     fixed    
  14  alpha_vw     0.00000e+00     fixed    
  15  w_vw         1.29000e+01   constant   
  16  beta_vw      0.00000e+00     fixed    
  17  LM           2.63157e-04   constant   
  18  zeta_y       0.00000e+00   constant   
  19  zeta_vw      0.00000e+00   constant   
  20  T_CBO        8.57549e+01   2.89250e+00   5.63579e-06  -1.08513e+00
  21  alpha_A0     1.80041e-01   4.48492e-03   9.06967e-06  -2.92471e-01
  22  beta_A0      6.34438e-01   1.29402e-02   9.42097e-06  -1.39379e+00
  23  alpha_phi    5.93641e-01   1.19438e-02   1.00018e-05  -5.46627e-01
  24  beta_phi    -1.88194e-01   5.83812e-03   9.90644e-06  -5.56018e-01
 MIGRAD MINIMIZATION HAS CONVERGED.
 FCN=197.984 FROM MIGRAD    STATUS=CONVERGED    1587 CALLS        4915 TOTAL
                     EDM=2.34012e-06    STRATEGY= 1  ERROR MATRIX UNCERTAINTY   5.7 per cent
  EXT PARAMETER                                   STEP         FIRST   
  NO.   NAME      VALUE            ERROR          SIZE      DERIVATIVE 
   1  N0           2.70404e+06   4.55014e+04  -1.76937e+02   5.55898e-06
   2  tau          6.44131e+01   constant   
   3  A0           3.59771e-01   1.96106e-02   7.03991e-05   7.06841e+00
   4  phi          3.92850e+00   4.00876e-02   1.32244e-04  -6.45989e-01
   5  R           -6.09726e+01   constant   
   6  alpha_CBO   -4.80134e-02   1.56617e-02  -6.68744e-05  -1.08141e+01
   7  w_CBO        2.32500e+00   constant   
   8  beta_CBO    -4.42313e-02   1.36312e-02   2.80300e-05  -3.73762e+00
   9  alpha_2CBO  -5.80276e-03   1.37664e-03   3.16882e-06   4.30228e+00
  10  beta_2CBO   -9.57946e-03     fixed    
  11  alpha_y      0.00000e+00     fixed    
  12  w_y          1.44500e+01   constant   
  13  beta_y      -9.81641e-04     fixed    
  14  alpha_vw     0.00000e+00     fixed    
  15  w_vw         1.29000e+01   constant   
  16  beta_vw      0.00000e+00     fixed    
  17  LM           2.63157e-04   constant   
  18  zeta_y       0.00000e+00   constant   
  19  zeta_vw      0.00000e+00   constant   
  20  T_CBO        1.21172e+02   7.86445e+00   6.01033e-05  -1.10155e+00
  21  alpha_A0     4.40470e-01   3.97702e-02   1.49819e-04   6.27460e-01
  22  beta_A0      7.60605e-01   4.70295e-02  -7.98048e-05   2.85328e-01
  23  alpha_phi    6.81909e-01   3.35919e-02   1.19534e-04  -1.66688e+00
  24  beta_phi    -1.90965e-01   4.65488e-02  -1.38425e-04  -9.64221e-01
 EXTERNAL ERROR MATRIX.    NDIM=  25    NPAR= 11    ERR DEF=1
  2.070e+09 
 -8.728e+02  3.846e-04 
 -1.788e+03  7.700e-04  1.607e-03 
  6.612e+02 -2.633e-04 -5.455e-04  2.453e-04 
 -5.002e+02  2.372e-04  4.727e-04 -1.142e-04  1.858e-04 
 -5.278e+01  2.472e-05  5.006e-05 -1.466e-05  1.682e-05  1.895e-06 
 -3.867e+04 -9.257e-03 -1.347e-02 -5.518e-02 -5.265e-02 -3.286e-03  6.186e+01 
 -1.466e+03  5.239e-04  1.166e-03 -5.465e-04  2.129e-04  2.228e-05  1.665e-01  1.582e-03 
  1.661e+03 -8.023e-04 -1.614e-03  3.740e-04 -6.342e-04 -5.950e-05  1.992e-01 -6.130e-04  2.212e-03 
 -7.344e+02  2.338e-04  4.868e-04 -4.055e-04 -5.121e-05  7.069e-06  2.330e-01  9.081e-04  2.121e-04  1.128e-03 
  1.928e+03 -8.369e-04 -1.706e-03  5.152e-04 -5.874e-04 -5.187e-05  7.006e-02 -1.263e-03  1.916e-03 -1.914e-04  2.167e-03 
 PARAMETER  CORRELATION COEFFICIENTS  
       NO.  GLOBAL      1      3      4      6      8      9     20     21     22     23     24
        1  0.99998   1.000 -0.978 -0.980  0.928 -0.806 -0.843 -0.108 -0.810  0.776 -0.480  0.910
        3  0.99996  -0.978  1.000  0.979 -0.857  0.887  0.915 -0.060  0.672 -0.870  0.355 -0.917
        4  0.99991  -0.980  0.979  1.000 -0.869  0.865  0.907 -0.043  0.731 -0.856  0.362 -0.914
        6  0.99997   0.928 -0.857 -0.869  1.000 -0.535 -0.680 -0.448 -0.877  0.508 -0.771  0.707
        8  0.99993  -0.806  0.887  0.865 -0.535  1.000  0.896 -0.491  0.393 -0.989 -0.112 -0.926
        9  0.99279  -0.843  0.915  0.907 -0.680  0.896  1.000 -0.303  0.407 -0.919  0.153 -0.809
       20  0.99973  -0.108 -0.060 -0.043 -0.448 -0.491 -0.303  1.000  0.532  0.539  0.882  0.191
       21  0.99932  -0.810  0.672  0.731 -0.877  0.393  0.407  0.532  1.000 -0.328  0.680 -0.682
       22  0.99963   0.776 -0.870 -0.856  0.508 -0.989 -0.919  0.539 -0.328  1.000  0.134  0.875
       23  0.99962  -0.480  0.355  0.362 -0.771 -0.112  0.153  0.882  0.680  0.134  1.000 -0.122
       24  0.99967   0.910 -0.917 -0.914  0.707 -0.926 -0.809  0.191 -0.682  0.875 -0.122  1.000
MINUIT - FIT ONLY 1-y
 **********
 **   51 **RES 
 **********
                   PARAMETER   16  beta_vw RESTORED TO VARIABLE.
                   PARAMETER   14  alpha_vw RESTORED TO VARIABLE.
                   PARAMETER   13  beta_y RESTORED TO VARIABLE.
                   PARAMETER   11  alpha_y RESTORED TO VARIABLE.
                   PARAMETER   10  beta_2CBO RESTORED TO VARIABLE.
 **********
 **   52 **FIX            0
 **********
 PARAMETER    0  IS UNDEFINED. IGNORED.
 **********
 **   53 **FIX            1
 **********
 **********
 **   54 **FIX            2
 **********
 PARAMETER    2  IS CONSTANT.   IGNORED.
 **********
 **   55 **FIX            3
 **********
 **********
 **   56 **FIX            4
 **********
 **********
 **   57 **FIX            5
 **********
 PARAMETER    5  IS CONSTANT.   IGNORED.
 **********
 **   58 **FIX            6
 **********
 **********
 **   59 **FIX            7
 **********
 PARAMETER    7  IS CONSTANT.   IGNORED.
 **********
 **   60 **FIX            8
 **********
 **********
 **   61 **FIX            9
 **********
 **********
 **   62 **FIX           13
 **********
 **********
 **   63 **FIX           14
 **********
 **********
 **   64 **FIX           15
 **********
 PARAMETER   15  IS CONSTANT.   IGNORED.
 **********
 **   65 **FIX           16
 **********
 **********
 **   66 **MIGRAD
 **********
 START MIGRAD MINIMIZATION.  STRATEGY  1.  CONVERGENCE WHEN EDM .LT. 1.00e-04
 FCN=197.984 FROM MIGRAD    STATUS=INITIATE       16 CALLS        4931 TOTAL
                     EDM= unknown      STRATEGY= 1      NO ERROR MATRIX       
  EXT PARAMETER               CURRENT GUESS       STEP         FIRST   
  NO.   NAME      VALUE            ERROR          SIZE      DERIVATIVE 
   1  N0           2.70404e+06     fixed    
   2  tau          6.44131e+01   constant   
   3  A0           3.59771e-01     fixed    
   4  phi          3.92850e+00     fixed    
   5  R           -6.09726e+01   constant   
   6  alpha_CBO   -4.80134e-02     fixed    
   7  w_CBO        2.32500e+00   constant   
   8  beta_CBO    -4.42313e-02     fixed    
   9  alpha_2CBO  -5.80276e-03     fixed    
  10  beta_2CBO   -9.57946e-03   1.64376e-03   1.64376e-03  -3.60203e+02
  11  alpha_y      0.00000e+00   1.00000e-03   1.00000e-03  -1.40370e+05
  12  w_y          1.44500e+01   constant   
  13  beta_y      -9.81641e-04     fixed    
  14  alpha_vw     0.00000e+00     fixed    
  15  w_vw         1.29000e+01   constant   
  16  beta_vw      0.00000e+00     fixed    
  17  LM           2.63157e-04   constant   
  18  zeta_y       0.00000e+00   constant   
  19  zeta_vw      0.00000e+00   constant   
  20  T_CBO        1.21172e+02   7.86445e+00   6.01033e-05  -1.10155e+00
  21  alpha_A0     4.40470e-01   3.97702e-02   1.49819e-04   6.27460e-01
  22  beta_A0      7.60605e-01   4.70295e-02  -7.98048e-05   2.85332e-01
  23  alpha_phi    6.81909e-01   3.35919e-02   1.19534e-04  -1.66688e+00
  24  beta_phi    -1.90965e-01   4.65488e-02  -1.38425e-04  -9.64221e-01
 MIGRAD MINIMIZATION HAS CONVERGED.
 MIGRAD WILL VERIFY CONVERGENCE AND ERROR MATRIX.
 FCN=63.0248 FROM MIGRAD    STATUS=CONVERGED     160 CALLS        5075 TOTAL
                     EDM=6.65767e-07    STRATEGY= 1      ERR MATRIX NOT POS-DEF
  EXT PARAMETER                APPROXIMATE        STEP         FIRST   
  NO.   NAME      VALUE            ERROR          SIZE      DERIVATIVE 
   1  N0           2.70404e+06     fixed    
   2  tau          6.44131e+01   constant   
   3  A0           3.59771e-01     fixed    
   4  phi          3.92850e+00     fixed    
   5  R           -6.09726e+01   constant   
   6  alpha_CBO   -4.80134e-02     fixed    
   7  w_CBO        2.32500e+00   constant   
   8  beta_CBO    -4.42313e-02     fixed    
   9  alpha_2CBO  -5.80276e-03     fixed    
  10  beta_2CBO   -9.55533e-03   2.10777e-04   6.63281e-07   3.12656e+00
  11  alpha_y      1.92288e-03   1.65303e-04   6.40114e-07  -2.86867e-01
  12  w_y          1.44500e+01   constant   
  13  beta_y      -9.81641e-04     fixed    
  14  alpha_vw     0.00000e+00     fixed    
  15  w_vw         1.29000e+01   constant   
  16  beta_vw      0.00000e+00     fixed    
  17  LM           2.63157e-04   constant   
  18  zeta_y       0.00000e+00   constant   
  19  zeta_vw      0.00000e+00   constant   
  20  T_CBO        1.20956e+02   4.52348e+00   3.83270e-06   6.18122e-02
  21  alpha_A0     4.42545e-01   7.33647e-03   5.72681e-06  -2.77679e-01
  22  beta_A0      7.58881e-01   1.23062e-02   5.27798e-06   5.30372e-01
  23  alpha_phi    6.81676e-01   1.07779e-02   4.54573e-06  -1.82695e-01
  24  beta_phi    -1.89486e-01   3.43420e-03   4.84246e-06   2.89155e-01
 EXTERNAL ERROR MATRIX.    NDIM=  25    NPAR=  7    ERR DEF=1
  4.443e-08  2.159e-10  1.409e-06 -4.827e-08 -2.080e-07  9.213e-08  4.435e-08 
  2.159e-10  2.733e-08 -3.315e-06  2.978e-08 -2.325e-08 -2.939e-09  2.077e-08 
  1.409e-06 -3.315e-06  2.046e+01 -3.236e-02 -5.496e-02 -4.835e-02  1.373e-02 
 -4.827e-08  2.978e-08 -3.236e-02  5.382e-05  8.696e-05  7.548e-05 -2.151e-05 
 -2.080e-07 -2.325e-08 -5.496e-02  8.696e-05  1.514e-04  1.297e-04 -3.871e-05 
  9.213e-08 -2.939e-09 -4.835e-02  7.548e-05  1.297e-04  1.162e-04 -3.288e-05 
  4.435e-08  2.077e-08  1.373e-02 -2.151e-05 -3.871e-05 -3.288e-05  1.179e-05 
ERR MATRIX NOT POS-DEF
 PARAMETER  CORRELATION COEFFICIENTS  
       NO.  GLOBAL     10     11     20     21     22     23     24
       10  0.59406   1.000  0.006  0.001 -0.031 -0.080  0.041  0.061
       11  0.14188   0.006  1.000 -0.004  0.025 -0.011 -0.002  0.037
       20  0.99750   0.001 -0.004  1.000 -0.975 -0.987 -0.992  0.884
       21  0.97989  -0.031  0.025 -0.975  1.000  0.963  0.955 -0.854
       22  0.99397  -0.080 -0.011 -0.987  0.963  1.000  0.978 -0.916
       23  0.99417   0.041 -0.002 -0.992  0.955  0.978  1.000 -0.888
       24  0.93278   0.061  0.037  0.884 -0.854 -0.916 -0.888  1.000
 ERR MATRIX NOT POS-DEF
MINUIT - FIT ONLY 2-y
 **********
 **   67 **RES 
 **********
                   PARAMETER   16  beta_vw RESTORED TO VARIABLE.
                   PARAMETER   14  alpha_vw RESTORED TO VARIABLE.
                   PARAMETER   13  beta_y RESTORED TO VARIABLE.
                   PARAMETER    9  alpha_2CBO RESTORED TO VARIABLE.
                   PARAMETER    8  beta_CBO RESTORED TO VARIABLE.
                   PARAMETER    6  alpha_CBO RESTORED TO VARIABLE.
                   PARAMETER    4  phi RESTORED TO VARIABLE.
                   PARAMETER    3  A0 RESTORED TO VARIABLE.
                   PARAMETER    1  N0 RESTORED TO VARIABLE.
 **********
 **   68 **FIX            0
 **********
 PARAMETER    0  IS UNDEFINED. IGNORED.
 **********
 **   69 **FIX            1
 **********
 **********
 **   70 **FIX            2
 **********
 PARAMETER    2  IS CONSTANT.   IGNORED.
 **********
 **   71 **FIX            3
 **********
 **********
 **   72 **FIX            4
 **********
 **********
 **   73 **FIX            5
 **********
 PARAMETER    5  IS CONSTANT.   IGNORED.
 **********
 **   74 **FIX            6
 **********
 **********
 **   75 **FIX            7
 **********
 PARAMETER    7  IS CONSTANT.   IGNORED.
 **********
 **   76 **FIX            8
 **********
 **********
 **   77 **FIX            9
 **********
 **********
 **   78 **FIX           10
 **********
 **********
 **   79 **FIX           11
 **********
 **********
 **   80 **FIX           12
 **********
 PARAMETER   12  IS CONSTANT.   IGNORED.
 **********
 **   81 **FIX           16
 **********
 **********
 **   82 **MIGRAD
 **********
 START MIGRAD MINIMIZATION.  STRATEGY  1.  CONVERGENCE WHEN EDM .LT. 1.00e-04
 FCN=63.0248 FROM MIGRAD    STATUS=INITIATE       16 CALLS        5091 TOTAL
                     EDM= unknown      STRATEGY= 1      NO ERROR MATRIX       
  EXT PARAMETER               CURRENT GUESS       STEP         FIRST   
  NO.   NAME      VALUE            ERROR          SIZE      DERIVATIVE 
   1  N0           2.70404e+06     fixed    
   2  tau          6.44131e+01   constant   
   3  A0           3.59771e-01     fixed    
   4  phi          3.92850e+00     fixed    
   5  R           -6.09726e+01   constant   
   6  alpha_CBO   -4.80134e-02     fixed    
   7  w_CBO        2.32500e+00   constant   
   8  beta_CBO    -4.42313e-02     fixed    
   9  alpha_2CBO  -5.80276e-03     fixed    
  10  beta_2CBO   -9.55533e-03     fixed    
  11  alpha_y      1.92288e-03     fixed    
  12  w_y          1.44500e+01   constant   
  13  beta_y      -9.81641e-04   1.71301e-04   1.71301e-04  -6.30021e+03
  14  alpha_vw     0.00000e+00   1.00000e-03   1.00000e-03   3.81644e+04
  15  w_vw         1.29000e+01   constant   
  16  beta_vw      0.00000e+00     fixed    
  17  LM           2.63157e-04   constant   
  18  zeta_y       0.00000e+00   constant   
  19  zeta_vw      0.00000e+00   constant   
  20  T_CBO        1.20956e+02   4.52348e+00   3.83270e-06   6.18478e-02
  21  alpha_A0     4.42545e-01   7.33647e-03   5.72681e-06  -2.77701e-01
  22  beta_A0      7.58881e-01   1.23062e-02   5.27798e-06   5.30346e-01
  23  alpha_phi    6.81676e-01   1.07779e-02   4.54573e-06  -1.82694e-01
  24  beta_phi    -1.89486e-01   3.43420e-03   4.84246e-06   2.89153e-01
 MIGRAD MINIMIZATION HAS CONVERGED.
 MIGRAD WILL VERIFY CONVERGENCE AND ERROR MATRIX.
 FCN=52.8576 FROM HESSE     STATUS=NOT POSDEF     50 CALLS        5237 TOTAL
                     EDM=7.01607e-05    STRATEGY= 1      ERR MATRIX NOT POS-DEF
  EXT PARAMETER                APPROXIMATE        STEP         FIRST   
  NO.   NAME      VALUE            ERROR          SIZE      DERIVATIVE 
   1  N0           2.70404e+06     fixed    
   2  tau          6.44131e+01   constant   
   3  A0           3.59771e-01     fixed    
   4  phi          3.92850e+00     fixed    
   5  R           -6.09726e+01   constant   
   6  alpha_CBO   -4.80134e-02     fixed    
   7  w_CBO        2.32500e+00   constant   
   8  beta_CBO    -4.42313e-02     fixed    
   9  alpha_2CBO  -5.80276e-03     fixed    
  10  beta_2CBO   -9.55533e-03     fixed    
  11  alpha_y      1.92288e-03     fixed    
  12  w_y          1.44500e+01   constant   
  13  beta_y      -9.88512e-04   1.72051e-04   6.05143e-07  -1.15512e-03
  14  alpha_vw    -5.33946e-04   1.69613e-04   5.92952e-07  -3.75585e-02
  15  w_vw         1.29000e+01   constant   
  16  beta_vw      0.00000e+00     fixed    
  17  LM           2.63157e-04   constant   
  18  zeta_y       0.00000e+00   constant   
  19  zeta_vw      0.00000e+00   constant   
  20  T_CBO        1.21028e+02   4.54650e+00   3.51864e-06  -5.84513e-01
  21  alpha_A0     4.42072e-01   7.35242e-03   5.25005e-06   1.88672e-01
  22  beta_A0      7.59295e-01   1.23201e-02   4.84075e-06   3.17469e-01
  23  alpha_phi    6.81790e-01   1.08122e-02   4.16880e-06   2.78839e-01
  24  beta_phi    -1.89992e-01   3.44738e-03   4.44050e-06  -1.19609e-01
 CALL LIMIT EXCEEDED IN MIGRAD.
 MIGRAD TERMINATED WITHOUT CONVERGENCE.
 FCN=52.7892 FROM MIGRAD    STATUS=CALL LIMIT   1156 CALLS        6231 TOTAL
                     EDM=0.000121081    STRATEGY= 1      ERR MATRIX NOT POS-DEF
  EXT PARAMETER                APPROXIMATE        STEP         FIRST   
  NO.   NAME      VALUE            ERROR          SIZE      DERIVATIVE 
   1  N0           2.70404e+06     fixed    
   2  tau          6.44131e+01   constant   
   3  A0           3.59771e-01     fixed    
   4  phi          3.92850e+00     fixed    
   5  R           -6.09726e+01   constant   
   6  alpha_CBO   -4.80134e-02     fixed    
   7  w_CBO        2.32500e+00   constant   
   8  beta_CBO    -4.42313e-02     fixed    
   9  alpha_2CBO  -5.80276e-03     fixed    
  10  beta_2CBO   -9.55533e-03     fixed    
  11  alpha_y      1.92288e-03     fixed    
  12  w_y          1.44500e+01   constant   
  13  beta_y      -9.86496e-04   1.72056e-04  -2.89670e-09  -7.06590e-01
  14  alpha_vw    -5.36572e-04   1.69602e-04   3.02330e-09   3.33251e+00
  15  w_vw         1.29000e+01   constant   
  16  beta_vw      0.00000e+00     fixed    
  17  LM           2.63157e-04   constant   
  18  zeta_y       0.00000e+00   constant   
  19  zeta_vw      0.00000e+00   constant   
