 + ++++++++++++++++++++++++++++++++++++++++++++++++++++++++++++++++++++ +
 +                                                                      +
 +           You have chose to blind your fitting according to          +
 +                omega_ref * (1 + (R +/- deltaR) *10^{-6})             +
 +                                                                      +
 + ++++++++++++++++++++++++++++++++++++++++++++++++++++++++++++++++++++ +
In main()...
reading format from /gm2data/zkhechad/run45/envelope/formats/formatB_sBin_constraintOn.txt
pBinTau 	= 0  
pBinPhi 	= 0  
constraintau 	= 1 
includeMopTerm 	= 0    
constrainMop    = 0   
Parameters after format file: pBinTau 0 pBinPhi 0 constraintau 1 includeMopTerm 0 constrainMop 0 c_e_scale 0.000000 
Opening file /gm2data/tbarrett/gm2fr/studies/run23_bunch_corrections/CorrectedFourier_Run3b.root.
reading full fit data from /gm2data/zkhechad/cboTemplates/Run4CBOTemplates/templateFits0_v2.0/noRF/sBin_constraintOn_cE0.0_seed0_noRF_calo15.root
windowBins = 69
fitting sliding window 788 from bin 924 at 137.711600 to bin 993 at 148.155600 (69 bins)

Reading data from /gm2data/cornell/histograms/aMethod/histogram_a_noRF.root
 **********
 **    1 **SET PRINTOUT            1
 **********
 **********
 **    2 **SET NOWARNINGS 
 **********
 PARAMETER DEFINITIONS:
    NO.   NAME         VALUE      STEP SIZE      LIMITS
     1 N0           3.09167e+06  1.00000e+02     no limits
     2 tau          6.43743e+01  constant
     3 A0           3.54035e-01  1.00000e-04     no limits
     4 phi          4.11947e+00  1.00000e-02     no limits
     5 R           -6.00908e+01  constant
     6 alpha_CBO    0.00000e+00  1.00000e-03     no limits
     7 w_CBO        2.32500e+00  constant
     8 beta_CBO     0.00000e+00  1.00000e-03     no limits
     9 alpha_2CBO   0.00000e+00  1.00000e-03     no limits
    10 beta_2CBO    0.00000e+00  1.00000e-03     no limits
    11 alpha_y      0.00000e+00  1.00000e-03     no limits
    12 w_y          1.44500e+01  constant
    13 beta_y       0.00000e+00  1.00000e-03     no limits
    14 alpha_vw     0.00000e+00  1.00000e-03     no limits
    15 w_vw         1.29000e+01  constant
    16 beta_vw      0.00000e+00  1.00000e-03     no limits
    17 LM          -9.88464e-04  constant
    18 zeta_y       0.00000e+00  constant
    19 zeta_vw      0.00000e+00  constant
    20 T_CBO        1.00000e+02  1.00000e+00    0.00000e+00  1.00000e+03
    21 alpha_A0     0.00000e+00  1.00000e-03     no limits
    22 beta_A0      0.00000e+00  1.00000e-03     no limits
    23 alpha_phi    0.00000e+00  1.00000e-03     no limits
    24 beta_phi     0.00000e+00  1.00000e-03     no limits
MINUIT - FIT ONLY WIGGLE
 **********
 **    3 **FIX            5
 **********
 PARAMETER    5  IS CONSTANT.   IGNORED.
 **********
 **    4 **FIX            6
 **********
 **********
 **    5 **FIX            7
 **********
 PARAMETER    7  IS CONSTANT.   IGNORED.
 **********
 **    6 **FIX            8
 **********
 **********
 **    7 **FIX            9
 **********
 **********
 **    8 **FIX           10
 **********
 **********
 **    9 **FIX           11
 **********
 **********
 **   10 **FIX           12
 **********
 PARAMETER   12  IS CONSTANT.   IGNORED.
 **********
 **   11 **FIX           13
 **********
 **********
 **   12 **FIX           14
 **********
 **********
 **   13 **FIX           15
 **********
 PARAMETER   15  IS CONSTANT.   IGNORED.
 **********
 **   14 **FIX           16
 **********
 **********
 **   15 **MIGRAD
 **********
 FIRST CALL TO USER FUNCTION AT NEW START POINT, WITH IFLAG=4.
 START MIGRAD MINIMIZATION.  STRATEGY  1.  CONVERGENCE WHEN EDM .LT. 1.00e-04
 FCN=596.37 FROM MIGRAD    STATUS=INITIATE      437 CALLS         438 TOTAL
                     EDM= unknown      STRATEGY= 1      NO ERROR MATRIX       
  EXT PARAMETER               CURRENT GUESS       STEP         FIRST   
  NO.   NAME      VALUE            ERROR          SIZE      DERIVATIVE 
   1  N0           3.09167e+06   1.00000e+02   0.00000e+00  -1.06552e-02
   2  tau          6.43743e+01   constant   
   3  A0           3.54035e-01   1.00000e-04   0.00000e+00  -3.97017e+03
   4  phi          4.11947e+00   1.00000e-02   0.00000e+00   2.25155e+04
   5  R           -6.00908e+01   constant   
   6  alpha_CBO    0.00000e+00     fixed    
   7  w_CBO        2.32500e+00   constant   
   8  beta_CBO     0.00000e+00     fixed    
   9  alpha_2CBO   0.00000e+00     fixed    
  10  beta_2CBO    0.00000e+00     fixed    
  11  alpha_y      0.00000e+00     fixed    
  12  w_y          1.44500e+01   constant   
  13  beta_y       0.00000e+00     fixed    
  14  alpha_vw     0.00000e+00     fixed    
  15  w_vw         1.29000e+01   constant   
  16  beta_vw      0.00000e+00     fixed    
  17  LM          -9.88464e-04   constant   
  18  zeta_y       0.00000e+00   constant   
  19  zeta_vw      0.00000e+00   constant   
  20  T_CBO        1.00000e+02   1.00000e+00   0.00000e+00   0.00000e+00
  21  alpha_A0     0.00000e+00   1.00000e-03   0.00000e+00   2.48735e+02
  22  beta_A0      0.00000e+00   1.00000e-03   0.00000e+00  -1.98217e+03
  23  alpha_phi    0.00000e+00   1.00000e-03   0.00000e+00  -1.86527e+03
  24  beta_phi     0.00000e+00   1.00000e-03   0.00000e+00  -3.43524e+03
 CALL LIMIT EXCEEDED IN MIGRAD.
 MIGRAD TERMINATED WITHOUT CONVERGENCE.
 FCN=509.014 FROM MIGRAD    STATUS=CALL LIMIT   1328 CALLS        1329 TOTAL
                     EDM=0.0983101    STRATEGY= 1  ERROR MATRIX UNCERTAINTY   0.2 per cent
  EXT PARAMETER                APPROXIMATE        STEP         FIRST   
  NO.   NAME      VALUE            ERROR          SIZE      DERIVATIVE 
   1  N0           3.09229e+06   4.03991e+02   9.19231e+00  -1.03868e-04
   2  tau          6.43743e+01   constant   
   3  A0           3.54139e-01   1.61962e-04  -4.63276e-05  -2.03802e+03
   4  phi          4.11586e+00   5.25375e-04  -5.23871e-05  -3.76104e+02
   5  R           -6.00908e+01   constant   
   6  alpha_CBO    0.00000e+00     fixed    
   7  w_CBO        2.32500e+00   constant   
   8  beta_CBO     0.00000e+00     fixed    
   9  alpha_2CBO   0.00000e+00     fixed    
  10  beta_2CBO    0.00000e+00     fixed    
  11  alpha_y      0.00000e+00     fixed    
  12  w_y          1.44500e+01   constant   
  13  beta_y       0.00000e+00     fixed    
  14  alpha_vw     0.00000e+00     fixed    
  15  w_vw         1.29000e+01   constant   
  16  beta_vw      0.00000e+00     fixed    
  17  LM          -9.88464e-04   constant   
  18  zeta_y       0.00000e+00   constant   
  19  zeta_vw      0.00000e+00   constant   
  20  T_CBO        2.17233e+01   2.58174e+00  -6.11005e-03  -1.14674e+02
  21  alpha_A0    -6.10032e-01   3.36765e-01  -1.34981e-01  -3.64707e-01
  22  beta_A0      1.79215e+00   1.06782e+00   4.29767e-01  -6.44303e-01
  23  alpha_phi    1.42021e+00   8.39561e-01   3.37800e-01  -2.23931e-01
  24  beta_phi     2.28854e+00   1.33585e+00   5.37225e-01  -9.42287e-01
 EXTERNAL ERROR MATRIX.    NDIM=  25    NPAR=  8    ERR DEF=1
  1.632e+05 -6.484e-03 -7.048e-03 -3.365e+01 -9.544e-01  4.734e+00  3.667e+00  5.626e+00 
 -6.484e-03  2.623e-08 -7.881e-09  1.367e-05  4.933e-06 -1.644e-05 -1.288e-05 -2.041e-05 
 -7.048e-03 -7.881e-09  2.760e-07  1.010e-05  1.180e-05 -3.705e-05 -2.915e-05 -4.621e-05 
 -3.365e+01  1.367e-05  1.010e-05  6.666e+00  8.307e-01 -2.627e+00 -2.066e+00 -3.289e+00 
 -9.544e-01  4.933e-06  1.180e-05  8.307e-01  1.134e-01 -3.596e-01 -2.827e-01 -4.498e-01 
  4.734e+00 -1.644e-05 -3.705e-05 -2.627e+00 -3.596e-01  1.140e+00  8.965e-01  1.426e+00 
  3.667e+00 -1.288e-05 -2.915e-05 -2.066e+00 -2.827e-01  8.965e-01  7.049e-01  1.122e+00 
  5.626e+00 -2.041e-05 -4.621e-05 -3.289e+00 -4.498e-01  1.426e+00  1.122e+00  1.784e+00 
ERR MATRIX APPROXIMATE
 PARAMETER  CORRELATION COEFFICIENTS  
       NO.  GLOBAL      1      3      4     20     21     22     23     24
        1  0.34532   1.000 -0.099 -0.033 -0.032 -0.007  0.011  0.011  0.010
        3  0.31983  -0.099  1.000 -0.093  0.033  0.090 -0.095 -0.095 -0.094
        4  0.28992  -0.033 -0.093  1.000  0.007  0.067 -0.066 -0.066 -0.066
       20  0.97058  -0.032  0.033  0.007  1.000  0.955 -0.953 -0.953 -0.954
       21  0.99992  -0.007  0.090  0.067  0.955  1.000 -1.000 -1.000 -1.000
       22  0.99999   0.011 -0.095 -0.066 -0.953 -1.000  1.000  1.000  1.000
       23  0.99999   0.011 -0.095 -0.066 -0.953 -1.000  1.000  1.000  1.000
       24  0.99999   0.010 -0.094 -0.066 -0.954 -1.000  1.000  1.000  1.000
 ERR MATRIX APPROXIMATE
MINUIT - FIT ONLY 1-CBO + wiggle
 **********
 **   16 **RES 
 **********
                   PARAMETER   16  beta_vw RESTORED TO VARIABLE.
                   PARAMETER   14  alpha_vw RESTORED TO VARIABLE.
                   PARAMETER   13  beta_y RESTORED TO VARIABLE.
                   PARAMETER   11  alpha_y RESTORED TO VARIABLE.
                   PARAMETER   10  beta_2CBO RESTORED TO VARIABLE.
                   PARAMETER    9  alpha_2CBO RESTORED TO VARIABLE.
                   PARAMETER    8  beta_CBO RESTORED TO VARIABLE.
                   PARAMETER    6  alpha_CBO RESTORED TO VARIABLE.
 **********
 **   17 **FIX            8
 **********
 **********
 **   18 **FIX            9
 **********
 **********
 **   19 **FIX           11
 **********
 **********
 **   20 **FIX           12
 **********
 PARAMETER   12  IS CONSTANT.   IGNORED.
 **********
 **   21 **FIX           14
 **********
 **********
 **   22 **FIX           15
 **********
 PARAMETER   15  IS CONSTANT.   IGNORED.
 **********
 **   23 **FIX           16
 **********
 **********
 **   24 **MIGRAD
 **********
 START MIGRAD MINIMIZATION.  STRATEGY  1.  CONVERGENCE WHEN EDM .LT. 1.00e-04
 FCN=509.014 FROM MIGRAD    STATUS=INITIATE       28 CALLS        1357 TOTAL
                     EDM= unknown      STRATEGY= 1      NO ERROR MATRIX       
  EXT PARAMETER               CURRENT GUESS       STEP         FIRST   
  NO.   NAME      VALUE            ERROR          SIZE      DERIVATIVE 
   1  N0           3.09229e+06   4.03991e+02   9.19231e+00  -1.03868e-04
   2  tau          6.43743e+01   constant   
   3  A0           3.54139e-01   1.61962e-04  -4.63276e-05  -2.03802e+03
   4  phi          4.11586e+00   5.25375e-04  -5.23871e-05  -3.76104e+02
   5  R           -6.00908e+01   constant   
   6  alpha_CBO    0.00000e+00   1.00000e-03   1.00000e-03  -1.67353e+05
   7  w_CBO        2.32500e+00   constant   
   8  beta_CBO     0.00000e+00     fixed    
   9  alpha_2CBO   0.00000e+00     fixed    
  10  beta_2CBO    0.00000e+00   1.00000e-03   1.00000e-03   5.99719e+03
  11  alpha_y      0.00000e+00     fixed    
  12  w_y          1.44500e+01   constant   
  13  beta_y       0.00000e+00   1.00000e-03   1.00000e-03  -3.57500e+04
  14  alpha_vw     0.00000e+00     fixed    
  15  w_vw         1.29000e+01   constant   
  16  beta_vw      0.00000e+00     fixed    
  17  LM          -9.88464e-04   constant   
  18  zeta_y       0.00000e+00   constant   
  19  zeta_vw      0.00000e+00   constant   
  20  T_CBO        2.17233e+01   2.58174e+00  -6.11005e-03  -1.14675e+02
  21  alpha_A0    -6.10032e-01   3.36765e-01  -1.34981e-01  -3.64707e-01
  22  beta_A0      1.79215e+00   1.06782e+00   4.29767e-01  -6.44303e-01
  23  alpha_phi    1.42021e+00   8.39561e-01   3.37800e-01  -2.23931e-01
  24  beta_phi     2.28854e+00   1.33585e+00   5.37225e-01  -9.42287e-01
 CALL LIMIT EXCEEDED IN MIGRAD.
 MIGRAD TERMINATED WITHOUT CONVERGENCE.
 FCN=264.623 FROM MIGRAD    STATUS=CALL LIMIT   1926 CALLS        3255 TOTAL
                     EDM=0.0715591    STRATEGY= 1  ERROR MATRIX UNCERTAINTY  15.1 per cent
  EXT PARAMETER                APPROXIMATE        STEP         FIRST   
  NO.   NAME      VALUE            ERROR          SIZE      DERIVATIVE 
   1  N0           3.09246e+06   3.92641e+02  -3.26636e+00  -1.89244e-06
   2  tau          6.43743e+01   constant   
   3  A0           3.54169e-01   1.70904e-04  -2.21851e-06  -1.66908e+02
   4  phi          4.11752e+00   5.28884e-04  -6.82220e-06  -1.57209e+02
   5  R           -6.00908e+01   constant   
   6  alpha_CBO    2.73653e-03   1.80988e-04  -1.63517e-06  -1.93175e+02
   7  w_CBO        2.32500e+00   constant   
   8  beta_CBO     0.00000e+00     fixed    
   9  alpha_2CBO   0.00000e+00     fixed    
  10  beta_2CBO   -3.08458e-04   1.76922e-04   2.58345e-06   2.75192e+02
  11  alpha_y      0.00000e+00     fixed    
  12  w_y          1.44500e+01   constant   
  13  beta_y       5.45311e-04   1.75486e-04   3.22888e-06   2.63828e+02
  14  alpha_vw     0.00000e+00     fixed    
  15  w_vw         1.29000e+01   constant   
  16  beta_vw      0.00000e+00     fixed    
  17  LM          -9.88464e-04   constant   
  18  zeta_y       0.00000e+00   constant   
  19  zeta_vw      0.00000e+00   constant   
  20  T_CBO        9.80787e+00   6.66384e-01  -1.00327e-03  -2.76723e+02
  21  alpha_A0    -2.11136e+03   1.81795e+03  -2.65397e+02   4.44686e-04
  22  beta_A0      4.54727e+03   3.92265e+03   5.72650e+02  -3.66838e-04
  23  alpha_phi    2.06638e+03   1.78132e+03   2.60049e+02  -1.59146e-05
  24  beta_phi     5.73758e+03   4.94128e+03   7.21364e+02   7.05894e-05
 EXTERNAL ERROR MATRIX.    NDIM=  25    NPAR= 11    ERR DEF=1
  1.542e+05 
 -5.355e-03  2.921e-08 
 -6.657e-03 -2.186e-09  2.797e-07 
  3.564e-03  4.316e-10  2.196e-08  3.276e-08 
 -4.855e-03 -3.748e-10 -4.170e-09 -3.077e-09  3.130e-08 
 -2.172e-03  4.189e-10 -1.773e-09 -1.077e-11  3.921e-10  3.080e-08 
 -1.412e+01  9.705e-06  7.980e-06  2.286e-06 -2.676e-06 -3.966e-06  4.441e-01 
 -2.993e+04  2.995e-02  6.985e-02  1.635e-02 -1.750e-02 -1.962e-02  1.202e+03  3.305e+06 
  6.474e+04 -6.467e-02 -1.507e-01 -3.529e-02  3.778e-02  4.234e-02 -2.594e+03 -7.131e+06  1.539e+07 
  2.940e+04 -2.937e-02 -6.842e-02 -1.603e-02  1.715e-02  1.922e-02 -1.178e+03 -3.238e+06  6.988e+06  3.173e+06 
  8.146e+04 -8.144e-02 -1.898e-01 -4.446e-02  4.758e-02  5.332e-02 -3.267e+03 -8.983e+06  1.938e+07  8.802e+06  2.442e+07 
ERR MATRIX APPROXIMATE
 PARAMETER  CORRELATION COEFFICIENTS  
       NO.  GLOBAL      1      3      4      6     10     13     20     21     22     23     24
        1  0.36047   1.000 -0.080 -0.032  0.050 -0.070 -0.032 -0.054 -0.042  0.042  0.042  0.042
        3  0.24929  -0.080  1.000 -0.024  0.014 -0.012  0.014  0.085  0.096 -0.096 -0.096 -0.096
        4  0.45034  -0.032 -0.024  1.000  0.229 -0.045 -0.019  0.023  0.073 -0.073 -0.073 -0.073
        6  0.31293   0.050  0.014  0.229  1.000 -0.096 -0.000  0.019  0.050 -0.050 -0.050 -0.050
       10  0.28382  -0.070 -0.012 -0.045 -0.096  1.000  0.013 -0.023 -0.054  0.054  0.054  0.054
       13  0.25394  -0.032  0.014 -0.019 -0.000  0.013  1.000 -0.034 -0.062  0.062  0.062  0.061
       20  0.99469  -0.054  0.085  0.023  0.019 -0.023 -0.034  1.000  0.992 -0.992 -0.992 -0.992
       21  1.00000  -0.042  0.096  0.073  0.050 -0.054 -0.062  0.992  1.000 -1.000 -1.000 -1.000
       22  1.00000   0.042 -0.096 -0.073 -0.050  0.054  0.062 -0.992 -1.000  1.000  1.000  1.000
       23  1.00000   0.042 -0.096 -0.073 -0.050  0.054  0.062 -0.992 -1.000  1.000  1.000  1.000
       24  1.00000   0.042 -0.096 -0.073 -0.050  0.054  0.061 -0.992 -1.000  1.000  1.000  1.000
 ERR MATRIX APPROXIMATE
MINUIT - FIT ONLY 2-CBO
 **********
 **   25 **RES 
 **********
                   PARAMETER   16  beta_vw RESTORED TO VARIABLE.
                   PARAMETER   14  alpha_vw RESTORED TO VARIABLE.
                   PARAMETER   11  alpha_y RESTORED TO VARIABLE.
                   PARAMETER    9  alpha_2CBO RESTORED TO VARIABLE.
                   PARAMETER    8  beta_CBO RESTORED TO VARIABLE.
 **********
 **   26 **FIX            0
 **********
 PARAMETER    0  IS UNDEFINED. IGNORED.
 **********
 **   27 **FIX            1
 **********
 **********
 **   28 **FIX            2
 **********
 PARAMETER    2  IS CONSTANT.   IGNORED.
 **********
 **   29 **FIX            3
 **********
 **********
 **   30 **FIX            4
 **********
 **********
 **   31 **FIX            5
 **********
 PARAMETER    5  IS CONSTANT.   IGNORED.
 **********
 **   32 **FIX            6
 **********
 **********
 **   33 **FIX            7
 **********
 PARAMETER    7  IS CONSTANT.   IGNORED.
 **********
 **   34 **FIX           10
 **********
 **********
 **   35 **FIX           11
 **********
 **********
 **   36 **FIX           12
 **********
 PARAMETER   12  IS CONSTANT.   IGNORED.
 **********
 **   37 **FIX           13
 **********
 **********
 **   38 **FIX           14
 **********
 **********
 **   39 **FIX           15
 **********
 PARAMETER   15  IS CONSTANT.   IGNORED.
 **********
 **   40 **FIX           16
 **********
 **********
 **   41 **MIGRAD
 **********
 START MIGRAD MINIMIZATION.  STRATEGY  1.  CONVERGENCE WHEN EDM .LT. 1.00e-04
 FCN=264.623 FROM MIGRAD    STATUS=INITIATE       18 CALLS        3273 TOTAL
                     EDM= unknown      STRATEGY= 1      NO ERROR MATRIX       
  EXT PARAMETER               CURRENT GUESS       STEP         FIRST   
  NO.   NAME      VALUE            ERROR          SIZE      DERIVATIVE 
   1  N0           3.09246e+06     fixed    
   2  tau          6.43743e+01   constant   
   3  A0           3.54169e-01     fixed    
   4  phi          4.11752e+00     fixed    
   5  R           -6.00908e+01   constant   
   6  alpha_CBO    2.73653e-03     fixed    
   7  w_CBO        2.32500e+00   constant   
   8  beta_CBO     0.00000e+00   1.00000e-03   1.00000e-03  -1.55948e+05
   9  alpha_2CBO   0.00000e+00   1.00000e-03   1.00000e-03   9.31973e+03
  10  beta_2CBO   -3.08458e-04     fixed    
  11  alpha_y      0.00000e+00     fixed    
  12  w_y          1.44500e+01   constant   
  13  beta_y       5.45311e-04     fixed    
  14  alpha_vw     0.00000e+00     fixed    
  15  w_vw         1.29000e+01   constant   
  16  beta_vw      0.00000e+00     fixed    
  17  LM          -9.88464e-04   constant   
  18  zeta_y       0.00000e+00   constant   
  19  zeta_vw      0.00000e+00   constant   
  20  T_CBO        9.80787e+00   6.66384e-01  -1.00327e-03  -2.76723e+02
  21  alpha_A0    -2.11136e+03   1.81795e+03  -2.65397e+02   4.44686e-04
  22  beta_A0      4.54727e+03   3.92265e+03   5.72650e+02  -3.66838e-04
  23  alpha_phi    2.06638e+03   1.78132e+03   2.60049e+02  -1.59146e-05
  24  beta_phi     5.73758e+03   4.94128e+03   7.21364e+02   7.05894e-05
 CALL LIMIT EXCEEDED IN MIGRAD.
 MIGRAD TERMINATED WITHOUT CONVERGENCE.
 FCN=70.5081 FROM MIGRAD    STATUS=CALL LIMIT   1148 CALLS        4403 TOTAL
                     EDM=0.00813513    STRATEGY= 1  ERROR MATRIX UNCERTAINTY  26.8 per cent
  EXT PARAMETER                APPROXIMATE        STEP         FIRST   
  NO.   NAME      VALUE            ERROR          SIZE      DERIVATIVE 
   1  N0           3.09246e+06     fixed    
   2  tau          6.43743e+01   constant   
   3  A0           3.54169e-01     fixed    
   4  phi          4.11752e+00     fixed    
   5  R           -6.00908e+01   constant   
   6  alpha_CBO    2.73653e-03     fixed    
   7  w_CBO        2.32500e+00   constant   
   8  beta_CBO     2.49245e-03   1.75894e-04  -4.43156e-08  -8.20444e+01
   9  alpha_2CBO  -4.93586e-05   1.74646e-04  -1.70798e-06  -1.20536e+02
  10  beta_2CBO   -3.08458e-04     fixed    
  11  alpha_y      0.00000e+00     fixed    
  12  w_y          1.44500e+01   constant   
  13  beta_y       5.45311e-04     fixed    
  14  alpha_vw     0.00000e+00     fixed    
  15  w_vw         1.29000e+01   constant   
  16  beta_vw      0.00000e+00     fixed    
  17  LM          -9.88464e-04   constant   
  18  zeta_y       0.00000e+00   constant   
  19  zeta_vw      0.00000e+00   constant   
  20  T_CBO        1.29945e+01   2.66397e+00   1.09288e-03  -2.40339e+01
  21  alpha_A0    -7.00341e+01   1.76519e+02   8.30356e+00   8.64129e-05
  22  beta_A0      6.12742e+01   1.69464e+02  -8.75942e+00  -1.67260e-03
  23  alpha_phi    4.50848e+01   1.28204e+02  -4.97093e+00  -2.02686e-03
  24  beta_phi     1.28132e+02   3.23069e+02  -1.32846e+01  -3.33635e-05
 EXTERNAL ERROR MATRIX.    NDIM=  25    NPAR=  7    ERR DEF=1
  3.094e-08  1.294e-09 -5.504e-06 -1.594e-04 -7.797e-04 -1.178e-04  2.237e-04 
  1.294e-09  3.050e-08 -6.049e-05 -1.585e-03  2.879e-03  1.821e-03  8.197e-03 
 -5.504e-06 -6.049e-05  7.098e+00  4.462e+02 -4.415e+02 -3.315e+02 -8.486e+02 
 -1.594e-04 -1.585e-03  4.462e+02  3.116e+04 -2.747e+04 -2.109e+04 -5.327e+04 
 -7.797e-04  2.879e-03 -4.415e+02 -2.747e+04  2.872e+04  1.977e+04  5.267e+04 
 -1.178e-04  1.821e-03 -3.315e+02 -2.109e+04  1.977e+04  1.644e+04  3.968e+04 
  2.237e-04  8.197e-03 -8.486e+02 -5.327e+04  5.267e+04  3.968e+04  1.044e+05 
ERR MATRIX APPROXIMATE
 PARAMETER  CORRELATION COEFFICIENTS  
       NO.  GLOBAL      8      9     20     21     22     23     24
        8  0.42681   1.000  0.042 -0.012 -0.005 -0.026 -0.005  0.004
        9  0.58783   0.042  1.000 -0.130 -0.051  0.097  0.081  0.145
       20  0.99860  -0.012 -0.130  1.000  0.949 -0.978 -0.971 -0.986
       21  0.95379  -0.005 -0.051  0.949  1.000 -0.918 -0.932 -0.934
       22  0.99470  -0.026  0.097 -0.978 -0.918  1.000  0.910  0.962
       23  0.99268  -0.005  0.081 -0.971 -0.932  0.910  1.000  0.958
       24  0.98619   0.004  0.145 -0.986 -0.934  0.962  0.958  1.000
 ERR MATRIX APPROXIMATE
MINUIT - FIT wiggle + 1-CBO + 2-CBO
 **********
 **   42 **RES 
 **********
                   PARAMETER   16  beta_vw RESTORED TO VARIABLE.
                   PARAMETER   14  alpha_vw RESTORED TO VARIABLE.
                   PARAMETER   13  beta_y RESTORED TO VARIABLE.
                   PARAMETER   11  alpha_y RESTORED TO VARIABLE.
                   PARAMETER   10  beta_2CBO RESTORED TO VARIABLE.
                   PARAMETER    6  alpha_CBO RESTORED TO VARIABLE.
                   PARAMETER    4  phi RESTORED TO VARIABLE.
                   PARAMETER    3  A0 RESTORED TO VARIABLE.
                   PARAMETER    1  N0 RESTORED TO VARIABLE.
 **********
 **   43 **FIX           10
 **********
 **********
 **   44 **FIX           11
 **********
 **********
 **   45 **FIX           12
 **********
 PARAMETER   12  IS CONSTANT.   IGNORED.
 **********
 **   46 **FIX           13
 **********
 **********
 **   47 **FIX           14
 **********
 **********
 **   48 **FIX           15
 **********
 PARAMETER   15  IS CONSTANT.   IGNORED.
 **********
 **   49 **FIX           16
 **********
 **********
 **   50 **MIGRAD
 **********
 START MIGRAD MINIMIZATION.  STRATEGY  1.  CONVERGENCE WHEN EDM .LT. 1.00e-04
 FCN=70.5081 FROM MIGRAD    STATUS=INITIATE       22 CALLS        4425 TOTAL
                     EDM= unknown      STRATEGY= 1      NO ERROR MATRIX       
  EXT PARAMETER               CURRENT GUESS       STEP         FIRST   
  NO.   NAME      VALUE            ERROR          SIZE      DERIVATIVE 
   1  N0           3.09246e+06   3.92641e+02   3.92641e+02   6.12312e-03
   2  tau          6.43743e+01   constant   
   3  A0           3.54169e-01   1.70904e-04   1.70904e-04   2.92217e+04
   4  phi          4.11752e+00   5.28884e-04   5.28884e-04  -6.55148e+03
   5  R           -6.00908e+01   constant   
   6  alpha_CBO    2.73653e-03   1.80988e-04   1.80988e-04   5.93232e+03
   7  w_CBO        2.32500e+00   constant   
   8  beta_CBO     2.49245e-03   1.75894e-04  -4.43156e-08  -8.20444e+01
   9  alpha_2CBO  -4.93586e-05   1.74646e-04  -1.70798e-06  -1.20536e+02
  10  beta_2CBO   -3.08458e-04     fixed    
  11  alpha_y      0.00000e+00     fixed    
  12  w_y          1.44500e+01   constant   
  13  beta_y       5.45311e-04     fixed    
  14  alpha_vw     0.00000e+00     fixed    
  15  w_vw         1.29000e+01   constant   
  16  beta_vw      0.00000e+00     fixed    
  17  LM          -9.88464e-04   constant   
  18  zeta_y       0.00000e+00   constant   
  19  zeta_vw      0.00000e+00   constant   
  20  T_CBO        1.29945e+01   2.66397e+00   1.09288e-03  -2.40338e+01
  21  alpha_A0    -7.00341e+01   1.76519e+02   8.30356e+00   8.64129e-05
  22  beta_A0      6.12742e+01   1.69464e+02  -8.75942e+00  -1.67260e-03
  23  alpha_phi    4.50848e+01   1.28204e+02  -4.97093e+00  -2.02686e-03
  24  beta_phi     1.28132e+02   3.23069e+02  -1.32846e+01  -3.33635e-05
 MIGRAD MINIMIZATION HAS CONVERGED.
 MIGRAD WILL VERIFY CONVERGENCE AND ERROR MATRIX.
 FCN=59.3173 FROM MIGRAD    STATUS=CONVERGED     240 CALLS        4643 TOTAL
                     EDM=7.74144e-05    STRATEGY= 1      ERR MATRIX NOT POS-DEF
  EXT PARAMETER                APPROXIMATE        STEP         FIRST   
  NO.   NAME      VALUE            ERROR          SIZE      DERIVATIVE 
   1  N0           3.09205e+06   4.12584e+02   1.47440e+00  -5.73781e-06
   2  tau          6.43743e+01   constant   
   3  A0           3.53717e-01   1.80158e-04   6.36518e-07   4.80000e+00
   4  phi          4.11850e+00   5.45229e-04   1.96385e-06   3.97290e+00
   5  R           -6.00908e+01   constant   
   6  alpha_CBO    2.68849e-03   1.80804e-04   6.62453e-07   6.85482e+00
   7  w_CBO        2.32500e+00   constant   
   8  beta_CBO     2.64271e-03   1.83890e-04   6.69615e-07  -5.81945e+00
   9  alpha_2CBO  -1.09932e-05   1.78879e-04   6.60632e-07  -7.85656e+00
  10  beta_2CBO   -3.08458e-04     fixed    
  11  alpha_y      0.00000e+00     fixed    
  12  w_y          1.44500e+01   constant   
  13  beta_y       5.45311e-04     fixed    
  14  alpha_vw     0.00000e+00     fixed    
  15  w_vw         1.29000e+01   constant   
  16  beta_vw      0.00000e+00     fixed    
  17  LM          -9.88464e-04   constant   
  18  zeta_y       0.00000e+00   constant   
  19  zeta_vw      0.00000e+00   constant   
  20  T_CBO        1.29306e+01   4.70402e+00   1.04622e-05   5.40115e-01
  21  alpha_A0    -5.52943e+01   2.18980e+02   1.65446e-01  -8.45359e-06
  22  beta_A0      5.49034e+01   2.26064e+02   1.61308e-01  -7.29130e-05
  23  alpha_phi    5.28882e+01   2.16603e+02   1.44661e-01   2.42729e-05
  24  beta_phi     1.23823e+02   4.92887e+02   1.53417e-01   4.34214e-05
 EXTERNAL ERROR MATRIX.    NDIM=  25    NPAR= 11    ERR DEF=1
  1.702e+05 
 -1.063e-02  3.246e-08 
 -1.047e-02 -1.899e-09  2.973e-07 
  1.371e-03  1.442e-09  2.253e-08  3.269e-08 
 -5.164e-03 -6.210e-09  1.191e-08 -7.813e-10  3.382e-08 
 -1.389e-03 -9.230e-10  5.755e-09 -7.450e-11  1.912e-09  3.200e-08 
 -8.600e+01  1.353e-04  3.379e-04  3.818e-05  1.513e-05 -9.573e-06  2.214e+01 
  5.587e+02  4.760e-03  1.865e-02  1.410e-03  1.089e-03  9.358e-04  1.007e+03  4.795e+04 
  6.033e+03 -6.856e-03 -1.972e-02 -1.967e-03 -1.865e-03 -1.794e-04 -1.044e+03 -4.755e+04  5.110e+04 
  4.637e+03 -7.031e-03 -1.821e-02 -2.561e-03 -8.198e-04  3.938e-04 -1.003e+03 -4.558e+04  4.728e+04  4.692e+04 
  4.669e+03 -1.286e-02 -3.744e-02 -4.386e-03 -2.163e-03  1.950e-03 -2.310e+03 -1.053e+05  1.089e+05  1.046e+05  2.429e+05 
ERR MATRIX NOT POS-DEF
 PARAMETER  CORRELATION COEFFICIENTS  
       NO.  GLOBAL      1      3      4      6      8      9     20     21     22     23     24
        1  0.37156   1.000 -0.143 -0.047  0.018 -0.068 -0.019 -0.044  0.006  0.065  0.052  0.023
        3  0.36893  -0.143  1.000 -0.019  0.044 -0.187 -0.029  0.160  0.121 -0.168 -0.180 -0.145
        4  0.37454  -0.047 -0.019  1.000  0.229  0.119  0.059  0.132  0.156 -0.160 -0.154 -0.139
        6  0.26637   0.018  0.044  0.229  1.000 -0.023 -0.002  0.045  0.036 -0.048 -0.065 -0.049
        8  0.28696  -0.068 -0.187  0.119 -0.023  1.000  0.058  0.017  0.027 -0.045 -0.021 -0.024
        9  0.23675  -0.019 -0.029  0.059 -0.002  0.058  1.000 -0.011  0.024 -0.004  0.010  0.022
       20  0.99782  -0.044  0.160  0.132  0.045  0.017 -0.011  1.000  0.977 -0.981 -0.984 -0.996
       21  0.98006   0.006  0.121  0.156  0.036  0.027  0.024  0.977  1.000 -0.961 -0.961 -0.975
       22  0.98224   0.065 -0.168 -0.160 -0.048 -0.045 -0.004 -0.981 -0.961  1.000  0.966  0.977
       23  0.98445   0.052 -0.180 -0.154 -0.065 -0.021  0.010 -0.984 -0.961  0.966  1.000  0.980
       24  0.99664   0.023 -0.145 -0.139 -0.049 -0.024  0.022 -0.996 -0.975  0.977  0.980  1.000
 ERR MATRIX NOT POS-DEF
MINUIT - FIT ONLY 1-y
 **********
 **   51 **RES 
 **********
                   PARAMETER   16  beta_vw RESTORED TO VARIABLE.
                   PARAMETER   14  alpha_vw RESTORED TO VARIABLE.
                   PARAMETER   13  beta_y RESTORED TO VARIABLE.
                   PARAMETER   11  alpha_y RESTORED TO VARIABLE.
                   PARAMETER   10  beta_2CBO RESTORED TO VARIABLE.
 **********
 **   52 **FIX            0
 **********
 PARAMETER    0  IS UNDEFINED. IGNORED.
 **********
 **   53 **FIX            1
 **********
 **********
 **   54 **FIX            2
 **********
 PARAMETER    2  IS CONSTANT.   IGNORED.
 **********
 **   55 **FIX            3
 **********
 **********
 **   56 **FIX            4
 **********
 **********
 **   57 **FIX            5
 **********
 PARAMETER    5  IS CONSTANT.   IGNORED.
 **********
 **   58 **FIX            6
 **********
 **********
 **   59 **FIX            7
 **********
 PARAMETER    7  IS CONSTANT.   IGNORED.
 **********
 **   60 **FIX            8
 **********
 **********
 **   61 **FIX            9
 **********
 **********
 **   62 **FIX           13
 **********
 **********
 **   63 **FIX           14
 **********
 **********
 **   64 **FIX           15
 **********
 PARAMETER   15  IS CONSTANT.   IGNORED.
 **********
 **   65 **FIX           16
 **********
 **********
 **   66 **MIGRAD
 **********
 START MIGRAD MINIMIZATION.  STRATEGY  1.  CONVERGENCE WHEN EDM .LT. 1.00e-04
 FCN=59.3173 FROM MIGRAD    STATUS=INITIATE       16 CALLS        4659 TOTAL
                     EDM= unknown      STRATEGY= 1      NO ERROR MATRIX       
  EXT PARAMETER               CURRENT GUESS       STEP         FIRST   
  NO.   NAME      VALUE            ERROR          SIZE      DERIVATIVE 
   1  N0           3.09205e+06     fixed    
   2  tau          6.43743e+01   constant   
   3  A0           3.53717e-01     fixed    
   4  phi          4.11850e+00     fixed    
   5  R           -6.00908e+01   constant   
   6  alpha_CBO    2.68849e-03     fixed    
   7  w_CBO        2.32500e+00   constant   
   8  beta_CBO     2.64271e-03     fixed    
   9  alpha_2CBO  -1.09932e-05     fixed    
  10  beta_2CBO   -3.08458e-04   1.76922e-04   1.76922e-04  -8.25249e+03
  11  alpha_y      0.00000e+00   1.00000e-03   1.00000e-03   1.71116e+04
  12  w_y          1.44500e+01   constant   
  13  beta_y       5.45311e-04     fixed    
  14  alpha_vw     0.00000e+00     fixed    
  15  w_vw         1.29000e+01   constant   
  16  beta_vw      0.00000e+00     fixed    
  17  LM          -9.88464e-04   constant   
  18  zeta_y       0.00000e+00   constant   
  19  zeta_vw      0.00000e+00   constant   
  20  T_CBO        1.29306e+01   4.70402e+00   1.04622e-05   5.41249e-01
  21  alpha_A0    -5.52943e+01   2.18980e+02   1.65446e-01  -8.45345e-06
  22  beta_A0      5.49034e+01   2.26064e+02   1.61308e-01  -7.29122e-05
  23  alpha_phi    5.28882e+01   2.16603e+02   1.44661e-01   2.42730e-05
  24  beta_phi     1.23823e+02   4.92887e+02   1.53417e-01   4.34213e-05
 MIGRAD MINIMIZATION HAS CONVERGED.
 MIGRAD WILL VERIFY CONVERGENCE AND ERROR MATRIX.
 FCN=56.4994 FROM MIGRAD    STATUS=CONVERGED     127 CALLS        4770 TOTAL
                     EDM=4.97719e-05    STRATEGY= 1      ERR MATRIX NOT POS-DEF
  EXT PARAMETER                APPROXIMATE        STEP         FIRST   
  NO.   NAME      VALUE            ERROR          SIZE      DERIVATIVE 
   1  N0           3.09205e+06     fixed    
   2  tau          6.43743e+01   constant   
   3  A0           3.53717e-01     fixed    
   4  phi          4.11850e+00     fixed    
   5  R           -6.00908e+01   constant   
   6  alpha_CBO    2.68849e-03     fixed    
   7  w_CBO        2.32500e+00   constant   
   8  beta_CBO     2.64271e-03     fixed    
   9  alpha_2CBO  -1.09932e-05     fixed    
  10  beta_2CBO   -1.76144e-04   1.81909e-04   6.55639e-07  -5.87080e+00
  11  alpha_y     -2.65455e-04   1.76531e-04   6.54618e-07   1.17181e+00
  12  w_y          1.44500e+01   constant   
  13  beta_y       5.45311e-04     fixed    
  14  alpha_vw     0.00000e+00     fixed    
  15  w_vw         1.29000e+01   constant   
  16  beta_vw      0.00000e+00     fixed    
  17  LM          -9.88464e-04   constant   
  18  zeta_y       0.00000e+00   constant   
  19  zeta_vw      0.00000e+00   constant   
  20  T_CBO        1.29316e+01   4.90201e+00   1.01949e-05   4.02346e-01
  21  alpha_A0    -5.44622e+01   2.24831e+02   1.61447e-01  -2.78850e-05
  22  beta_A0      5.94347e+01   2.52225e+02   1.57418e-01   1.03008e-05
  23  alpha_phi    4.93549e+01   2.09297e+02   1.41167e-01   1.97382e-05
  24  beta_phi     1.24235e+02   5.15494e+02   1.49707e-01  -9.91635e-06
 EXTERNAL ERROR MATRIX.    NDIM=  25    NPAR=  7    ERR DEF=1
  3.309e-08  5.607e-10  9.967e-06  9.767e-04  6.944e-04 -1.626e-03 -8.050e-04 
  5.607e-10  3.116e-08  4.691e-06  3.722e-04 -1.813e-04 -3.758e-04 -4.414e-04 
  9.967e-06  4.691e-06  2.404e+01  1.081e+03 -1.219e+03 -1.009e+03 -2.520e+03 
  9.767e-04  3.722e-04  1.081e+03  5.055e+04 -5.488e+04 -4.540e+04 -1.134e+05 
  6.944e-04 -1.813e-04 -1.219e+03 -5.488e+04  6.362e+04  5.105e+04  1.277e+05 
 -1.626e-03 -3.758e-04 -1.009e+03 -4.540e+04  5.105e+04  4.381e+04  1.057e+05 
 -8.050e-04 -4.414e-04 -2.520e+03 -1.134e+05  1.277e+05  1.057e+05  2.657e+05 
ERR MATRIX NOT POS-DEF
 PARAMETER  CORRELATION COEFFICIENTS  
       NO.  GLOBAL     10     11     20     21     22     23     24
       10  0.23788   1.000  0.017  0.011  0.024  0.015 -0.043 -0.009
       11  0.03668   0.017  1.000  0.005  0.009 -0.004 -0.010 -0.005
       20  0.99800   0.011  0.005  1.000  0.981 -0.985 -0.983 -0.997
       21  0.98112   0.024  0.009  0.981  1.000 -0.968 -0.965 -0.978
       22  0.98577   0.015 -0.004 -0.985 -0.968  1.000  0.967  0.982
       23  0.98337  -0.043 -0.010 -0.983 -0.965  0.967  1.000  0.980
       24  0.99694  -0.009 -0.005 -0.997 -0.978  0.982  0.980  1.000
 ERR MATRIX NOT POS-DEF
MINUIT - FIT ONLY 2-y
 **********
 **   67 **RES 
 **********
                   PARAMETER   16  beta_vw RESTORED TO VARIABLE.
                   PARAMETER   14  alpha_vw RESTORED TO VARIABLE.
                   PARAMETER   13  beta_y RESTORED TO VARIABLE.
                   PARAMETER    9  alpha_2CBO RESTORED TO VARIABLE.
                   PARAMETER    8  beta_CBO RESTORED TO VARIABLE.
                   PARAMETER    6  alpha_CBO RESTORED TO VARIABLE.
                   PARAMETER    4  phi RESTORED TO VARIABLE.
                   PARAMETER    3  A0 RESTORED TO VARIABLE.
                   PARAMETER    1  N0 RESTORED TO VARIABLE.
 **********
 **   68 **FIX            0
 **********
 PARAMETER    0  IS UNDEFINED. IGNORED.
 **********
 **   69 **FIX            1
 **********
 **********
 **   70 **FIX            2
 **********
 PARAMETER    2  IS CONSTANT.   IGNORED.
 **********
 **   71 **FIX            3
 **********
 **********
 **   72 **FIX            4
 **********
 **********
 **   73 **FIX            5
 **********
 PARAMETER    5  IS CONSTANT.   IGNORED.
 **********
 **   74 **FIX            6
 **********
 **********
 **   75 **FIX            7
 **********
 PARAMETER    7  IS CONSTANT.   IGNORED.
 **********
 **   76 **FIX            8
 **********
 **********
 **   77 **FIX            9
 **********
 **********
 **   78 **FIX           10
 **********
 **********
 **   79 **FIX           11
 **********
 **********
 **   80 **FIX           12
 **********
 PARAMETER   12  IS CONSTANT.   IGNORED.
 **********
 **   81 **FIX           16
 **********
 **********
 **   82 **MIGRAD
 **********
 START MIGRAD MINIMIZATION.  STRATEGY  1.  CONVERGENCE WHEN EDM .LT. 1.00e-04
 FCN=56.4994 FROM MIGRAD    STATUS=INITIATE       16 CALLS        4786 TOTAL
                     EDM= unknown      STRATEGY= 1      NO ERROR MATRIX       
  EXT PARAMETER               CURRENT GUESS       STEP         FIRST   
  NO.   NAME      VALUE            ERROR          SIZE      DERIVATIVE 
   1  N0           3.09205e+06     fixed    
   2  tau          6.43743e+01   constant   
   3  A0           3.53717e-01     fixed    
   4  phi          4.11850e+00     fixed    
   5  R           -6.00908e+01   constant   
   6  alpha_CBO    2.68849e-03     fixed    
   7  w_CBO        2.32500e+00   constant   
   8  beta_CBO     2.64271e-03     fixed    
   9  alpha_2CBO  -1.09932e-05     fixed    
  10  beta_2CBO   -1.76144e-04     fixed    
  11  alpha_y     -2.65455e-04     fixed    
  12  w_y          1.44500e+01   constant   
  13  beta_y       5.45311e-04   1.75486e-04   1.75486e-04  -1.96767e+02
  14  alpha_vw     0.00000e+00   1.00000e-03   1.00000e-03  -2.13041e+02
  15  w_vw         1.29000e+01   constant   
  16  beta_vw      0.00000e+00     fixed    
  17  LM          -9.88464e-04   constant   
  18  zeta_y       0.00000e+00   constant   
  19  zeta_vw      0.00000e+00   constant   
  20  T_CBO        1.29316e+01   4.90201e+00   1.01949e-05   4.03433e-01
  21  alpha_A0    -5.44622e+01   2.24831e+02   1.61447e-01  -2.78844e-05
  22  beta_A0      5.94347e+01   2.52225e+02   1.57418e-01   1.03014e-05
  23  alpha_phi    4.93549e+01   2.09297e+02   1.41167e-01   1.97381e-05
  24  beta_phi     1.24235e+02   5.15494e+02   1.49707e-01  -9.91638e-06
 MIGRAD MINIMIZATION HAS CONVERGED.
 MIGRAD WILL VERIFY CONVERGENCE AND ERROR MATRIX.
 FCN=56.4988 FROM MIGRAD    STATUS=CONVERGED      82 CALLS        4852 TOTAL
                     EDM=4.78427e-05    STRATEGY= 1      ERR MATRIX NOT POS-DEF
  EXT PARAMETER                APPROXIMATE        STEP         FIRST   
  NO.   NAME      VALUE            ERROR          SIZE      DERIVATIVE 
   1  N0           3.09205e+06     fixed    
   2  tau          6.43743e+01   constant   
   3  A0           3.53717e-01     fixed    
   4  phi          4.11850e+00     fixed    
   5  R           -6.00908e+01   constant   
   6  alpha_CBO    2.68849e-03     fixed    
   7  w_CBO        2.32500e+00   constant   
   8  beta_CBO     2.64271e-03     fixed    
   9  alpha_2CBO  -1.09932e-05     fixed    
  10  beta_2CBO   -1.76144e-04     fixed    
  11  alpha_y     -2.65455e-04     fixed    
  12  w_y          1.44500e+01   constant   
  13  beta_y       5.47770e-04   1.78438e-04   6.45897e-07   3.85789e+00
  14  alpha_vw     2.72302e-06   1.80530e-04   6.53094e-07  -3.27903e+00
  15  w_vw         1.29000e+01   constant   
  16  beta_vw      0.00000e+00     fixed    
  17  LM          -9.88464e-04   constant   
  18  zeta_y       0.00000e+00   constant   
  19  zeta_vw      0.00000e+00   constant   
  20  T_CBO        1.29315e+01   4.90260e+00   1.01742e-05   6.25641e-02
  21  alpha_A0    -5.44405e+01   2.24662e+02   1.61330e-01  -1.02999e-05
  22  beta_A0      5.94270e+01   2.52182e+02   1.57304e-01  -2.76797e-06
  23  alpha_phi    4.93431e+01   2.09085e+02   1.41065e-01   1.18131e-05
  24  beta_phi     1.24242e+02   5.15607e+02   1.49599e-01  -2.13252e-05
 EXTERNAL ERROR MATRIX.    NDIM=  25    NPAR=  7    ERR DEF=1
  3.184e-08 -7.062e-09  1.909e-06 -3.192e-05  4.065e-05 -1.248e-05 -2.498e-04 
 -7.062e-09  3.259e-08 -1.866e-07  2.036e-04 -1.444e-04 -1.716e-04  7.994e-05 
  1.909e-06 -1.866e-07  2.405e+01  1.081e+03 -1.219e+03 -1.008e+03 -2.521e+03 
 -3.192e-05  2.036e-04  1.081e+03  5.047e+04 -5.487e+04 -4.533e+04 -1.133e+05 
  4.065e-05 -1.444e-04 -1.219e+03 -5.487e+04  6.360e+04  5.107e+04  1.278e+05 
 -1.248e-05 -1.716e-04 -1.008e+03 -4.533e+04  5.107e+04  4.372e+04  1.057e+05 
 -2.498e-04  7.994e-05 -2.521e+03 -1.133e+05  1.278e+05  1.057e+05  2.659e+05 
ERR MATRIX NOT POS-DEF
 PARAMETER  CORRELATION COEFFICIENTS  
       NO.  GLOBAL     13     14     20     21     22     23     24
       13  0.21992   1.000 -0.219  0.002 -0.001  0.001 -0.000 -0.003
       14  0.22240  -0.219  1.000 -0.000  0.005 -0.003 -0.005  0.001
       20  0.99800   0.002 -0.000  1.000  0.981 -0.986 -0.983 -0.997
       21  0.98109  -0.001  0.005  0.981  1.000 -0.969 -0.965 -0.978
       22  0.98576   0.001 -0.003 -0.986 -0.969  1.000  0.969  0.983
       23  0.98333  -0.000 -0.005 -0.983 -0.965  0.969  1.000  0.980
