 + ++++++++++++++++++++++++++++++++++++++++++++++++++++++++++++++++++++ +
 +                                                                      +
 +           You have chose to blind your fitting according to          +
 +                omega_ref * (1 + (R +/- deltaR) *10^{-6})             +
 +                                                                      +
 + ++++++++++++++++++++++++++++++++++++++++++++++++++++++++++++++++++++ +
In main()...
reading format from /gm2data/zkhechad/run45/envelope/formats/formatB_sBin_constraintOn.txt
pBinTau 	= 0  
pBinPhi 	= 0  
constraintau 	= 1 
includeMopTerm 	= 0    
constrainMop    = 0   
Parameters after format file: pBinTau 0 pBinPhi 0 constraintau 1 includeMopTerm 0 constrainMop 0 c_e_scale 0.000000 
Opening file /gm2data/tbarrett/gm2fr/studies/run23_bunch_corrections/CorrectedFourier_Run3b.root.
reading full fit data from /gm2data/zkhechad/cboTemplates/Run4CBOTemplates/templateFits0_v2.0/noRF/sBin_constraintOn_cE0.0_seed0_noRF_calo14.root
windowBins = 17
fitting sliding window 306 from bin 442 at 65.797200 to bin 459 at 68.482800 (17 bins)

Reading data from /gm2data/cornell/histograms/aMethod/histogram_a_noRF.root
 **********
 **    1 **SET PRINTOUT            1
 **********
 **********
 **    2 **SET NOWARNINGS 
 **********
 PARAMETER DEFINITIONS:
    NO.   NAME         VALUE      STEP SIZE      LIMITS
     1 N0           3.41556e+06  1.00000e+02     no limits
     2 tau          6.43834e+01  constant
     3 A0           3.61902e-01  1.00000e-04     no limits
     4 phi          4.12125e+00  1.00000e-02     no limits
     5 R           -6.07281e+01  constant
     6 alpha_CBO    0.00000e+00  1.00000e-03     no limits
     7 w_CBO        2.32500e+00  constant
     8 beta_CBO     0.00000e+00  1.00000e-03     no limits
     9 alpha_2CBO   0.00000e+00  1.00000e-03     no limits
    10 beta_2CBO    0.00000e+00  1.00000e-03     no limits
    11 alpha_y      0.00000e+00  1.00000e-03     no limits
    12 w_y          1.44500e+01  constant
    13 beta_y       0.00000e+00  1.00000e-03     no limits
    14 alpha_vw     0.00000e+00  1.00000e-03     no limits
    15 w_vw         1.29000e+01  constant
    16 beta_vw      0.00000e+00  1.00000e-03     no limits
    17 LM          -7.06631e-04  constant
    18 zeta_y       0.00000e+00  constant
    19 zeta_vw      0.00000e+00  constant
    20 T_CBO        1.00000e+02  1.00000e+00    0.00000e+00  1.00000e+03
    21 alpha_A0     0.00000e+00  1.00000e-03     no limits
    22 beta_A0      0.00000e+00  1.00000e-03     no limits
    23 alpha_phi    0.00000e+00  1.00000e-03     no limits
    24 beta_phi     0.00000e+00  1.00000e-03     no limits
MINUIT - FIT ONLY WIGGLE
 **********
 **    3 **FIX            5
 **********
 PARAMETER    5  IS CONSTANT.   IGNORED.
 **********
 **    4 **FIX            6
 **********
 **********
 **    5 **FIX            7
 **********
 PARAMETER    7  IS CONSTANT.   IGNORED.
 **********
 **    6 **FIX            8
 **********
 **********
 **    7 **FIX            9
 **********
 **********
 **    8 **FIX           10
 **********
 **********
 **    9 **FIX           11
 **********
 **********
 **   10 **FIX           12
 **********
 PARAMETER   12  IS CONSTANT.   IGNORED.
 **********
 **   11 **FIX           13
 **********
 **********
 **   12 **FIX           14
 **********
 **********
 **   13 **FIX           15
 **********
 PARAMETER   15  IS CONSTANT.   IGNORED.
 **********
 **   14 **FIX           16
 **********
 **********
 **   15 **MIGRAD
 **********
 FIRST CALL TO USER FUNCTION AT NEW START POINT, WITH IFLAG=4.
 START MIGRAD MINIMIZATION.  STRATEGY  1.  CONVERGENCE WHEN EDM .LT. 1.00e-04
 FCN=808.556 FROM MIGRAD    STATUS=INITIATE      433 CALLS         434 TOTAL
                     EDM= unknown      STRATEGY= 1      NO ERROR MATRIX       
  EXT PARAMETER               CURRENT GUESS       STEP         FIRST   
  NO.   NAME      VALUE            ERROR          SIZE      DERIVATIVE 
   1  N0           3.41556e+06   1.00000e+02   0.00000e+00  -2.81714e-02
   2  tau          6.43834e+01   constant   
   3  A0           3.61902e-01   1.00000e-04   0.00000e+00  -1.43775e+05
   4  phi          4.12125e+00   1.00000e-02   0.00000e+00   7.26707e+04
   5  R           -6.07281e+01   constant   
   6  alpha_CBO    0.00000e+00     fixed    
   7  w_CBO        2.32500e+00   constant   
   8  beta_CBO     0.00000e+00     fixed    
   9  alpha_2CBO   0.00000e+00     fixed    
  10  beta_2CBO    0.00000e+00     fixed    
  11  alpha_y      0.00000e+00     fixed    
  12  w_y          1.44500e+01   constant   
  13  beta_y       0.00000e+00     fixed    
  14  alpha_vw     0.00000e+00     fixed    
  15  w_vw         1.29000e+01   constant   
  16  beta_vw      0.00000e+00     fixed    
  17  LM          -7.06631e-04   constant   
  18  zeta_y       0.00000e+00   constant   
  19  zeta_vw      0.00000e+00   constant   
  20  T_CBO        1.00000e+02   1.00000e+00   0.00000e+00   0.00000e+00
  21  alpha_A0     0.00000e+00   1.00000e-03   0.00000e+00   2.08293e+04
  22  beta_A0      0.00000e+00   1.00000e-03   0.00000e+00  -1.38888e+04
  23  alpha_phi    0.00000e+00   1.00000e-03   0.00000e+00   1.72386e+04
  24  beta_phi     0.00000e+00   1.00000e-03   0.00000e+00  -1.03240e+04
 CALL LIMIT EXCEEDED IN MIGRAD.
 MIGRAD TERMINATED WITHOUT CONVERGENCE.
 FCN=59.6943 FROM MIGRAD    STATUS=CALL LIMIT   1337 CALLS        1338 TOTAL
                     EDM=0.0247456    STRATEGY= 1  ERROR MATRIX UNCERTAINTY   2.5 per cent
  EXT PARAMETER                APPROXIMATE        STEP         FIRST   
  NO.   NAME      VALUE            ERROR          SIZE      DERIVATIVE 
   1  N0           3.40743e+06   9.48279e+02   5.78192e+01   1.49503e-04
   2  tau          6.43834e+01   constant   
   3  A0           3.65799e-01   6.65757e-04   1.69138e-04   1.28622e+03
   4  phi          4.09957e+00   1.26720e-03  -1.26110e-04  -2.03682e+02
   5  R           -6.07281e+01   constant   
   6  alpha_CBO    0.00000e+00     fixed    
   7  w_CBO        2.32500e+00   constant   
   8  beta_CBO     0.00000e+00     fixed    
   9  alpha_2CBO   0.00000e+00     fixed    
  10  beta_2CBO    0.00000e+00     fixed    
  11  alpha_y      0.00000e+00     fixed    
  12  w_y          1.44500e+01   constant   
  13  beta_y       0.00000e+00     fixed    
  14  alpha_vw     0.00000e+00     fixed    
  15  w_vw         1.29000e+01   constant   
  16  beta_vw      0.00000e+00     fixed    
  17  LM          -7.06631e-04   constant   
  18  zeta_y       0.00000e+00   constant   
  19  zeta_vw      0.00000e+00   constant   
  20  T_CBO        2.27567e+01   3.42690e+00  -6.18889e-03  -7.51903e+01
  21  alpha_A0     7.64279e-02   6.65604e-02   1.81948e-02  -1.80548e+01
  22  beta_A0      1.09986e-01   6.80477e-02   1.87260e-02  -6.23578e-01
  23  alpha_phi    9.09526e-02   5.55793e-02   1.48536e-02  -1.49960e+01
  24  beta_phi    -2.16594e-01   1.16232e-01  -3.16856e-02   5.16099e+00
 EXTERNAL ERROR MATRIX.    NDIM=  25    NPAR=  8    ERR DEF=1
  8.992e+05  8.395e-02  8.593e-01 -3.045e+01  4.401e+00  8.400e+00 -1.053e+00 -4.318e+00 
  8.395e-02  4.432e-07 -3.459e-07 -1.865e-03  4.065e-05  4.159e-05  3.358e-05 -7.117e-05 
  8.593e-01 -3.459e-07  1.606e-06  1.821e-03 -3.640e-05 -3.208e-05 -3.569e-05  6.800e-05 
 -3.045e+01 -1.865e-03  1.821e-03  1.175e+01 -2.201e-01 -2.221e-01 -1.846e-01  3.856e-01 
  4.401e+00  4.065e-05 -3.640e-05 -2.201e-01  4.430e-03  4.507e-03  3.662e-03 -7.726e-03 
  8.400e+00  4.159e-05 -3.208e-05 -2.221e-01  4.507e-03  4.630e-03  3.677e-03 -7.831e-03 
 -1.053e+00  3.358e-05 -3.569e-05 -1.846e-01  3.662e-03  3.677e-03  3.089e-03 -6.430e-03 
 -4.318e+00 -7.117e-05  6.800e-05  3.856e-01 -7.726e-03 -7.831e-03 -6.430e-03  1.351e-02 
ERR MATRIX APPROXIMATE
 PARAMETER  CORRELATION COEFFICIENTS  
       NO.  GLOBAL      1      3      4     20     21     22     23     24
        1  0.88972   1.000  0.133  0.715 -0.009  0.070  0.130 -0.020 -0.039
        3  0.98034   0.133  1.000 -0.410 -0.817  0.917  0.918  0.907 -0.920
        4  0.94559   0.715 -0.410  1.000  0.419 -0.432 -0.372 -0.507  0.462
       20  0.99157  -0.009 -0.817  0.419  1.000 -0.965 -0.953 -0.969  0.968
       21  0.99982   0.070  0.917 -0.432 -0.965  1.000  0.995  0.990 -0.999
       22  0.99975   0.130  0.918 -0.372 -0.953  0.995  1.000  0.972 -0.990
       23  0.99981  -0.020  0.907 -0.507 -0.969  0.990  0.972  1.000 -0.995
       24  0.99994  -0.039 -0.920  0.462  0.968 -0.999 -0.990 -0.995  1.000
 ERR MATRIX APPROXIMATE
MINUIT - FIT ONLY 1-CBO + wiggle
 **********
 **   16 **RES 
 **********
                   PARAMETER   16  beta_vw RESTORED TO VARIABLE.
                   PARAMETER   14  alpha_vw RESTORED TO VARIABLE.
                   PARAMETER   13  beta_y RESTORED TO VARIABLE.
                   PARAMETER   11  alpha_y RESTORED TO VARIABLE.
                   PARAMETER   10  beta_2CBO RESTORED TO VARIABLE.
                   PARAMETER    9  alpha_2CBO RESTORED TO VARIABLE.
                   PARAMETER    8  beta_CBO RESTORED TO VARIABLE.
                   PARAMETER    6  alpha_CBO RESTORED TO VARIABLE.
 **********
 **   17 **FIX            8
 **********
 **********
 **   18 **FIX            9
 **********
 **********
 **   19 **FIX           11
 **********
 **********
 **   20 **FIX           12
 **********
 PARAMETER   12  IS CONSTANT.   IGNORED.
 **********
 **   21 **FIX           14
 **********
 **********
 **   22 **FIX           15
 **********
 PARAMETER   15  IS CONSTANT.   IGNORED.
 **********
 **   23 **FIX           16
 **********
 **********
 **   24 **MIGRAD
 **********
 START MIGRAD MINIMIZATION.  STRATEGY  1.  CONVERGENCE WHEN EDM .LT. 1.00e-04
 FCN=59.6943 FROM MIGRAD    STATUS=INITIATE       28 CALLS        1366 TOTAL
                     EDM= unknown      STRATEGY= 1      NO ERROR MATRIX       
  EXT PARAMETER               CURRENT GUESS       STEP         FIRST   
  NO.   NAME      VALUE            ERROR          SIZE      DERIVATIVE 
   1  N0           3.40743e+06   9.48279e+02   5.78192e+01   1.49503e-04
   2  tau          6.43834e+01   constant   
   3  A0           3.65799e-01   6.65757e-04   1.69138e-04   1.28622e+03
   4  phi          4.09957e+00   1.26720e-03  -1.26110e-04  -2.03682e+02
   5  R           -6.07281e+01   constant   
   6  alpha_CBO    0.00000e+00   1.00000e-03   1.00000e-03  -3.10902e+01
   7  w_CBO        2.32500e+00   constant   
   8  beta_CBO     0.00000e+00     fixed    
   9  alpha_2CBO   0.00000e+00     fixed    
  10  beta_2CBO    0.00000e+00   1.00000e-03   1.00000e-03  -7.46592e+03
  11  alpha_y      0.00000e+00     fixed    
  12  w_y          1.44500e+01   constant   
  13  beta_y       0.00000e+00   1.00000e-03   1.00000e-03   6.13915e+04
  14  alpha_vw     0.00000e+00     fixed    
  15  w_vw         1.29000e+01   constant   
  16  beta_vw      0.00000e+00     fixed    
  17  LM          -7.06631e-04   constant   
  18  zeta_y       0.00000e+00   constant   
  19  zeta_vw      0.00000e+00   constant   
  20  T_CBO        2.27567e+01   3.42690e+00  -6.18889e-03  -7.51903e+01
  21  alpha_A0     7.64279e-02   6.65604e-02   1.81948e-02  -1.80548e+01
  22  beta_A0      1.09986e-01   6.80477e-02   1.87260e-02  -6.23578e-01
  23  alpha_phi    9.09526e-02   5.55793e-02   1.48536e-02  -1.49960e+01
  24  beta_phi    -2.16594e-01   1.16232e-01  -3.16856e-02   5.16099e+00
 MIGRAD MINIMIZATION HAS CONVERGED.
 FCN=11.2315 FROM MIGRAD    STATUS=CONVERGED     654 CALLS        1992 TOTAL
                     EDM=6.27702e-06    STRATEGY= 1  ERROR MATRIX UNCERTAINTY   1.7 per cent
  EXT PARAMETER                                   STEP         FIRST   
  NO.   NAME      VALUE            ERROR          SIZE      DERIVATIVE 
   1  N0           3.40152e+06   2.94257e+03  -4.66621e-01  -2.02917e-06
   2  tau          6.43834e+01   constant   
   3  A0           3.67236e-01   8.29387e-04   7.72265e-07   2.62975e+01
   4  phi          4.08839e+00   5.95264e-03  -2.22439e-06   7.62293e-01
   5  R           -6.07281e+01   constant   
   6  alpha_CBO   -1.04083e-02   4.91683e-03  -3.31568e-06   1.19921e+01
   7  w_CBO        2.32500e+00   constant   
   8  beta_CBO     0.00000e+00     fixed    
   9  alpha_2CBO   0.00000e+00     fixed    
  10  beta_2CBO    4.26640e-03   1.65742e-03   1.11479e-06  -3.98639e+00
  11  alpha_y      0.00000e+00     fixed    
  12  w_y          1.44500e+01   constant   
  13  beta_y      -1.35201e-03   2.04704e-04  -3.23530e-07  -7.99879e+00
  14  alpha_vw     0.00000e+00     fixed    
  15  w_vw         1.29000e+01   constant   
  16  beta_vw      0.00000e+00     fixed    
  17  LM          -7.06631e-04   constant   
  18  zeta_y       0.00000e+00   constant   
  19  zeta_vw      0.00000e+00   constant   
  20  T_CBO        2.18997e+01   2.22238e-01   1.27237e-06   6.00258e-01
  21  alpha_A0    -6.91546e-01   3.59968e-01  -2.34378e-04  -1.58542e-01
  22  beta_A0      7.02172e-02   5.39961e-02  -6.23436e-05   3.96397e-02
  23  alpha_phi   -8.11694e-02   7.78137e-02  -7.21768e-05   1.65581e-01
  24  beta_phi    -2.77093e-01   1.93950e-02   1.49651e-05  -9.61593e-02
 EXTERNAL ERROR MATRIX.    NDIM=  25    NPAR= 11    ERR DEF=1
  8.659e+06 
 -2.140e+00  6.879e-07 
  1.716e+01 -4.595e-06  3.543e-05 
  1.356e+01 -3.989e-06  2.851e-05  2.418e-05 
 -4.280e+00  1.293e-06 -8.980e-06 -7.853e-06  2.747e-06 
  2.154e-02  5.374e-09  3.264e-08  6.403e-09 -2.979e-09  4.190e-08 
  1.978e+02 -5.217e-05  4.200e-04  2.991e-04 -5.882e-05 -2.872e-06  4.939e-02 
  9.980e+02 -2.904e-04  2.090e-03  1.768e-03 -5.765e-04  4.930e-07  2.233e-02  1.296e-01 
  1.347e+02 -3.228e-05  2.797e-04  2.092e-04 -5.794e-05  6.010e-07  4.447e-03  1.535e-02  2.916e-03 
  2.037e+02 -6.221e-05  4.339e-04  3.764e-04 -1.254e-04  3.016e-07  3.642e-03  2.750e-02  3.029e-03  6.055e-03 
  9.067e+00 -3.785e-06  1.874e-05  2.324e-05 -1.389e-05 -7.919e-08 -3.728e-04  1.714e-03 -1.794e-04  4.362e-04  3.762e-04 
 PARAMETER  CORRELATION COEFFICIENTS  
       NO.  GLOBAL      1      3      4      6     10     13     20     21     22     23     24
        1  0.98953   1.000 -0.877  0.980  0.937 -0.878  0.036  0.302  0.942  0.848  0.890  0.159
        3  0.99173  -0.877  1.000 -0.931 -0.978  0.941  0.032 -0.283 -0.973 -0.721 -0.964 -0.235
        4  0.99646   0.980 -0.931  1.000  0.974 -0.910  0.027  0.318  0.975  0.870  0.937  0.162
        6  0.99976   0.937 -0.978  0.974  1.000 -0.964  0.006  0.274  0.999  0.788  0.984  0.244
       10  0.99558  -0.878  0.941 -0.910 -0.964  1.000 -0.009 -0.160 -0.966 -0.647 -0.972 -0.432
       13  0.23964   0.036  0.032  0.027  0.006 -0.009  1.000 -0.063  0.007  0.054  0.019 -0.020
       20  0.71550   0.302 -0.283  0.318  0.274 -0.160 -0.063  1.000  0.279  0.371  0.211 -0.086
       21  0.99974   0.942 -0.973  0.975  0.999 -0.966  0.007  0.279  1.000  0.790  0.982  0.246
       22  0.95794   0.848 -0.721  0.870  0.788 -0.647  0.054  0.371  0.790  1.000  0.721 -0.171
       23  0.99263   0.890 -0.964  0.937  0.984 -0.972  0.019  0.211  0.982  0.721  1.000  0.289
       24  0.88033   0.159 -0.235  0.162  0.244 -0.432 -0.020 -0.086  0.246 -0.171  0.289  1.000
MINUIT - FIT ONLY 2-CBO
 **********
 **   25 **RES 
 **********
                   PARAMETER   16  beta_vw RESTORED TO VARIABLE.
                   PARAMETER   14  alpha_vw RESTORED TO VARIABLE.
                   PARAMETER   11  alpha_y RESTORED TO VARIABLE.
                   PARAMETER    9  alpha_2CBO RESTORED TO VARIABLE.
                   PARAMETER    8  beta_CBO RESTORED TO VARIABLE.
 **********
 **   26 **FIX            0
 **********
 PARAMETER    0  IS UNDEFINED. IGNORED.
 **********
 **   27 **FIX            1
 **********
 **********
 **   28 **FIX            2
 **********
 PARAMETER    2  IS CONSTANT.   IGNORED.
 **********
 **   29 **FIX            3
 **********
 **********
 **   30 **FIX            4
 **********
 **********
 **   31 **FIX            5
 **********
 PARAMETER    5  IS CONSTANT.   IGNORED.
 **********
 **   32 **FIX            6
 **********
 **********
 **   33 **FIX            7
 **********
 PARAMETER    7  IS CONSTANT.   IGNORED.
 **********
 **   34 **FIX           10
 **********
 **********
 **   35 **FIX           11
 **********
 **********
 **   36 **FIX           12
 **********
 PARAMETER   12  IS CONSTANT.   IGNORED.
 **********
 **   37 **FIX           13
 **********
 **********
 **   38 **FIX           14
 **********
 **********
 **   39 **FIX           15
 **********
 PARAMETER   15  IS CONSTANT.   IGNORED.
 **********
 **   40 **FIX           16
 **********
 **********
 **   41 **MIGRAD
 **********
 START MIGRAD MINIMIZATION.  STRATEGY  1.  CONVERGENCE WHEN EDM .LT. 1.00e-04
 FCN=11.2315 FROM MIGRAD    STATUS=INITIATE       18 CALLS        2010 TOTAL
                     EDM= unknown      STRATEGY= 1      NO ERROR MATRIX       
  EXT PARAMETER               CURRENT GUESS       STEP         FIRST   
  NO.   NAME      VALUE            ERROR          SIZE      DERIVATIVE 
   1  N0           3.40152e+06     fixed    
   2  tau          6.43834e+01   constant   
   3  A0           3.67236e-01     fixed    
   4  phi          4.08839e+00     fixed    
   5  R           -6.07281e+01   constant   
   6  alpha_CBO   -1.04083e-02     fixed    
   7  w_CBO        2.32500e+00   constant   
   8  beta_CBO     0.00000e+00   1.00000e-03   1.00000e-03   2.27388e+02
   9  alpha_2CBO   0.00000e+00   1.00000e-03   1.00000e-03  -2.28687e+02
  10  beta_2CBO    4.26640e-03     fixed    
  11  alpha_y      0.00000e+00     fixed    
  12  w_y          1.44500e+01   constant   
  13  beta_y      -1.35201e-03     fixed    
  14  alpha_vw     0.00000e+00     fixed    
  15  w_vw         1.29000e+01   constant   
  16  beta_vw      0.00000e+00     fixed    
  17  LM          -7.06631e-04   constant   
  18  zeta_y       0.00000e+00   constant   
  19  zeta_vw      0.00000e+00   constant   
  20  T_CBO        2.18997e+01   2.22238e-01   1.27237e-06   6.00250e-01
  21  alpha_A0    -6.91546e-01   3.59968e-01  -2.34378e-04  -1.58541e-01
  22  beta_A0      7.02172e-02   5.39961e-02  -6.23436e-05   3.96391e-02
  23  alpha_phi   -8.11694e-02   7.78137e-02  -7.21768e-05   1.65581e-01
  24  beta_phi    -2.77093e-01   1.93950e-02   1.49651e-05  -9.61593e-02
 MIGRAD MINIMIZATION HAS CONVERGED.
 MIGRAD WILL VERIFY CONVERGENCE AND ERROR MATRIX.
 FCN=11.2301 FROM HESSE     STATUS=NOT POSDEF     50 CALLS        2123 TOTAL
                     EDM=0.000199548    STRATEGY= 1      ERR MATRIX NOT POS-DEF
  EXT PARAMETER                APPROXIMATE        STEP         FIRST   
  NO.   NAME      VALUE            ERROR          SIZE      DERIVATIVE 
   1  N0           3.40152e+06     fixed    
   2  tau          6.43834e+01   constant   
   3  A0           3.67236e-01     fixed    
   4  phi          4.08839e+00     fixed    
   5  R           -6.07281e+01   constant   
   6  alpha_CBO   -1.04083e-02     fixed    
   7  w_CBO        2.32500e+00   constant   
   8  beta_CBO    -6.18270e-06   9.78315e-04   3.43430e-07  -1.81812e+00
   9  alpha_2CBO   6.18564e-06   8.56984e-04   3.37105e-07   1.42319e-01
  10  beta_2CBO    4.26640e-03     fixed    
  11  alpha_y      0.00000e+00     fixed    
  12  w_y          1.44500e+01   constant   
  13  beta_y      -1.35201e-03     fixed    
  14  alpha_vw     0.00000e+00     fixed    
  15  w_vw         1.29000e+01   constant   
  16  beta_vw      0.00000e+00     fixed    
  17  LM          -7.06631e-04   constant   
  18  zeta_y       0.00000e+00   constant   
  19  zeta_vw      0.00000e+00   constant   
  20  T_CBO        2.18995e+01   2.21517e+00   1.76590e-06  -3.17085e-01
  21  alpha_A0    -6.91550e-01   2.16218e-01   3.05363e-05  -2.32541e-02
  22  beta_A0      6.99903e-02   9.16403e-02   2.69447e-05   1.38828e-01
  23  alpha_phi   -8.13164e-02   4.73612e-02   1.95125e-05  -2.35716e-01
  24  beta_phi    -2.76857e-01   8.61662e-02   2.59669e-05  -2.40918e-02
 CALL LIMIT EXCEEDED IN MIGRAD.
 MIGRAD TERMINATED WITHOUT CONVERGENCE.
 FCN=11.1828 FROM MIGRAD    STATUS=CALL LIMIT   1163 CALLS        3155 TOTAL
                     EDM=0.00207754    STRATEGY= 1      ERR MATRIX NOT POS-DEF
  EXT PARAMETER                APPROXIMATE        STEP         FIRST   
  NO.   NAME      VALUE            ERROR          SIZE      DERIVATIVE 
   1  N0           3.40152e+06     fixed    
   2  tau          6.43834e+01   constant   
   3  A0           3.67236e-01     fixed    
   4  phi          4.08839e+00     fixed    
   5  R           -6.07281e+01   constant   
   6  alpha_CBO   -1.04083e-02     fixed    
   7  w_CBO        2.32500e+00   constant   
   8  beta_CBO     1.87900e-05   6.87772e-04   1.31971e-05  -2.02051e+02
   9  alpha_2CBO  -5.75260e-05   6.06898e-04   1.06520e-05  -1.88310e+02
  10  beta_2CBO    4.26640e-03     fixed    
  11  alpha_y      0.00000e+00     fixed    
  12  w_y          1.44500e+01   constant   
  13  beta_y      -1.35201e-03     fixed    
  14  alpha_vw     0.00000e+00     fixed    
  15  w_vw         1.29000e+01   constant   
  16  beta_vw      0.00000e+00     fixed    
  17  LM          -7.06631e-04   constant   
  18  zeta_y       0.00000e+00   constant   
  19  zeta_vw      0.00000e+00   constant   
  20  T_CBO        2.87218e+01   9.40080e+00   1.39252e-03  -1.52403e+01
  21  alpha_A0    -3.34289e-01   2.66859e-01   6.78148e-03   3.38173e+00
  22  beta_A0      3.38972e-02   3.83081e-02   3.74303e-05   3.79325e+00
  23  alpha_phi   -3.87796e-02   3.10574e-02   4.20487e-04  -5.52772e+00
  24  beta_phi    -1.35745e-01   1.05083e-01   2.53758e-03   2.00688e+00
 EXTERNAL ERROR MATRIX.    NDIM=  25    NPAR=  7    ERR DEF=1
  4.730e-07  3.641e-07  1.290e-03  4.325e-05  1.915e-05 -5.501e-06  1.554e-05 
  3.641e-07  3.683e-07  3.865e-04  1.674e-05  1.754e-05 -7.523e-06  6.297e-06 
  1.290e-03  3.865e-04  8.847e+01  2.507e+00 -1.806e-01  2.546e-01  9.848e-01 
  4.325e-05  1.674e-05  2.507e+00  7.121e-02 -4.791e-03  7.090e-03  2.792e-02 
  1.915e-05  1.754e-05 -1.806e-01 -4.791e-03  1.468e-03 -9.651e-04 -1.957e-03 
 -5.501e-06 -7.523e-06  2.546e-01  7.090e-03 -9.651e-04  9.646e-04  2.790e-03 
  1.554e-05  6.297e-06  9.848e-01  2.792e-02 -1.957e-03  2.790e-03  1.104e-02 
ERR MATRIX NOT POS-DEF
 PARAMETER  CORRELATION COEFFICIENTS  
       NO.  GLOBAL      8      9     20     21     22     23     24
        8  0.99345   1.000  0.872  0.199  0.236  0.727 -0.258  0.215
        9  0.98980   0.872  1.000  0.068  0.103  0.755 -0.399  0.099
       20  0.99986   0.199  0.068  1.000  0.999 -0.501  0.872  0.996
       21  0.99986   0.236  0.103  0.999  1.000 -0.469  0.855  0.995
       22  0.99467   0.727  0.755 -0.501 -0.469  1.000 -0.811 -0.486
       23  0.99592  -0.258 -0.399  0.872  0.855 -0.811  1.000  0.855
       24  0.99834   0.215  0.099  0.996  0.995 -0.486  0.855  1.000
 ERR MATRIX NOT POS-DEF
MINUIT - FIT wiggle + 1-CBO + 2-CBO
 **********
 **   42 **RES 
 **********
                   PARAMETER   16  beta_vw RESTORED TO VARIABLE.
                   PARAMETER   14  alpha_vw RESTORED TO VARIABLE.
                   PARAMETER   13  beta_y RESTORED TO VARIABLE.
                   PARAMETER   11  alpha_y RESTORED TO VARIABLE.
                   PARAMETER   10  beta_2CBO RESTORED TO VARIABLE.
                   PARAMETER    6  alpha_CBO RESTORED TO VARIABLE.
                   PARAMETER    4  phi RESTORED TO VARIABLE.
                   PARAMETER    3  A0 RESTORED TO VARIABLE.
                   PARAMETER    1  N0 RESTORED TO VARIABLE.
 **********
 **   43 **FIX           10
 **********
 **********
 **   44 **FIX           11
 **********
 **********
 **   45 **FIX           12
 **********
 PARAMETER   12  IS CONSTANT.   IGNORED.
 **********
 **   46 **FIX           13
 **********
 **********
 **   47 **FIX           14
 **********
 **********
 **   48 **FIX           15
 **********
 PARAMETER   15  IS CONSTANT.   IGNORED.
 **********
 **   49 **FIX           16
 **********
 **********
 **   50 **MIGRAD
 **********
 START MIGRAD MINIMIZATION.  STRATEGY  1.  CONVERGENCE WHEN EDM .LT. 1.00e-04
 FCN=11.1828 FROM MIGRAD    STATUS=INITIATE       22 CALLS        3177 TOTAL
                     EDM= unknown      STRATEGY= 1      NO ERROR MATRIX       
  EXT PARAMETER               CURRENT GUESS       STEP         FIRST   
  NO.   NAME      VALUE            ERROR          SIZE      DERIVATIVE 
   1  N0           3.40152e+06   2.94257e+03   2.94257e+03  -8.04981e-05
   2  tau          6.43834e+01   constant   
   3  A0           3.67236e-01   8.29387e-04   8.29387e-04  -4.71017e+01
   4  phi          4.08839e+00   5.95264e-03   5.95264e-03  -5.11065e+01
   5  R           -6.07281e+01   constant   
   6  alpha_CBO   -1.04083e-02   4.91683e-03   4.91683e-03   1.53889e+01
   7  w_CBO        2.32500e+00   constant   
   8  beta_CBO     1.87900e-05   6.87772e-04   1.31971e-05  -2.02051e+02
   9  alpha_2CBO  -5.75260e-05   6.06898e-04   1.06520e-05  -1.88310e+02
  10  beta_2CBO    4.26640e-03     fixed    
  11  alpha_y      0.00000e+00     fixed    
  12  w_y          1.44500e+01   constant   
  13  beta_y      -1.35201e-03     fixed    
  14  alpha_vw     0.00000e+00     fixed    
  15  w_vw         1.29000e+01   constant   
  16  beta_vw      0.00000e+00     fixed    
  17  LM          -7.06631e-04   constant   
  18  zeta_y       0.00000e+00   constant   
  19  zeta_vw      0.00000e+00   constant   
  20  T_CBO        2.87218e+01   9.40080e+00   1.39252e-03  -1.52403e+01
  21  alpha_A0    -3.34289e-01   2.66859e-01   6.78148e-03   3.38173e+00
  22  beta_A0      3.38972e-02   3.83081e-02   3.74303e-05   3.79326e+00
  23  alpha_phi   -3.87796e-02   3.10574e-02   4.20487e-04  -5.52772e+00
  24  beta_phi    -1.35745e-01   1.05083e-01   2.53758e-03   2.00688e+00
 MIGRAD MINIMIZATION HAS CONVERGED.
 FCN=8.53093 FROM MIGRAD    STATUS=CONVERGED     690 CALLS        3845 TOTAL
                     EDM=1.28521e-06    STRATEGY= 1  ERROR MATRIX UNCERTAINTY   1.2 per cent
  EXT PARAMETER                                   STEP         FIRST   
  NO.   NAME      VALUE            ERROR          SIZE      DERIVATIVE 
   1  N0           3.47556e+06   4.32434e+04  -3.11367e+00   1.08065e-06
   2  tau          6.43834e+01   constant   
   3  A0           3.73983e-01   4.22948e-03   2.96416e-08  -1.04006e+00
   4  phi          4.17747e+00   5.04874e-02  -4.24786e-06  -1.25190e+00
   5  R           -6.07281e+01   constant   
   6  alpha_CBO   -2.22061e-03   4.72965e-03  -1.85199e-06   4.21647e+00
   7  w_CBO        2.32500e+00   constant   
   8  beta_CBO    -2.77787e-02   1.62979e-02  -2.53065e-06   9.91141e-01
   9  alpha_2CBO  -3.71217e-03   2.65344e-03  -2.42931e-06  -2.41601e+00
  10  beta_2CBO    4.26640e-03     fixed    
  11  alpha_y      0.00000e+00     fixed    
  12  w_y          1.44500e+01   constant   
  13  beta_y      -1.35201e-03     fixed    
  14  alpha_vw     0.00000e+00     fixed    
  15  w_vw         1.29000e+01   constant   
  16  beta_vw      0.00000e+00     fixed    
  17  LM          -7.06631e-04   constant   
  18  zeta_y       0.00000e+00   constant   
  19  zeta_vw      0.00000e+00   constant   
  20  T_CBO        2.82328e+01   4.70733e-01   3.01718e-06  -8.26450e-02
  21  alpha_A0    -1.90041e-01   6.21014e-02  -8.51049e-05  -5.61043e-03
  22  beta_A0     -3.18776e-01   2.19943e-01  -1.05842e-04  -6.59625e-02
  23  alpha_phi    7.03729e-03   3.28161e-02   3.91688e-05  -1.16607e-01
  24  beta_phi    -1.27627e-01   1.83209e-02  -8.31903e-07   1.47152e-01
 EXTERNAL ERROR MATRIX.    NDIM=  25    NPAR= 11    ERR DEF=1
  1.870e+09 
  1.824e+02  1.789e-05 
  2.183e+03  2.127e-04  2.549e-03 
  1.981e+02  1.898e-05  2.322e-04  2.237e-05 
 -7.025e+02 -6.862e-05 -8.199e-04 -7.404e-05  2.656e-04 
 -1.038e+02 -1.012e-05 -1.212e-04 -1.096e-05  4.037e-05  7.041e-06 
 -6.077e+03 -5.040e-04 -7.332e-03 -1.029e-03  1.904e-03  7.877e-05  2.216e-01 
  2.105e+03  1.966e-04  2.478e-03  2.588e-04 -7.531e-04 -9.100e-05 -2.129e-02  3.857e-03 
 -9.277e+03 -9.074e-04 -1.082e-02 -9.704e-04  3.547e-03  5.671e-04  1.661e-02 -9.086e-03  4.838e-02 
  9.916e+02  9.441e-05  1.164e-03  1.144e-04 -3.963e-04 -7.883e-05 -1.182e-03  8.879e-04 -5.842e-03  1.077e-03 
  3.481e+02  3.755e-05  3.989e-04  2.298e-05 -1.248e-04 -9.775e-06  1.211e-03  2.184e-04 -1.473e-03 -9.435e-05  3.357e-04 
 PARAMETER  CORRELATION COEFFICIENTS  
       NO.  GLOBAL      1      3      4      6      8      9     20     21     22     23     24
        1  0.99995   1.000  0.997  1.000  0.969 -0.997 -0.905 -0.299  0.784 -0.975  0.699  0.439
        3  0.99957   0.997  1.000  0.996  0.949 -0.995 -0.902 -0.253  0.749 -0.975  0.680  0.485
        4  0.99996   1.000  0.996  1.000  0.972 -0.996 -0.905 -0.308  0.790 -0.974  0.702  0.431
        6  0.99920   0.969  0.949  0.972  1.000 -0.961 -0.873 -0.462  0.881 -0.933  0.737  0.265
        8  0.99994  -0.997 -0.995 -0.996 -0.961  1.000  0.933  0.248 -0.744  0.989 -0.741 -0.418
        9  0.99726  -0.905 -0.902 -0.905 -0.873  0.933  1.000  0.063 -0.552  0.972 -0.905 -0.201
       20  0.91135  -0.299 -0.253 -0.308 -0.462  0.248  0.063  1.000 -0.728  0.160 -0.077  0.140
       21  0.99219   0.784  0.749  0.790  0.881 -0.744 -0.552 -0.728  1.000 -0.665  0.436  0.192
       22  0.99963  -0.975 -0.975 -0.974 -0.933  0.989  0.972  0.160 -0.665  1.000 -0.809 -0.365
       23  0.98899   0.699  0.680  0.702  0.737 -0.741 -0.905 -0.077  0.436 -0.809  1.000 -0.157
       24  0.94434   0.439  0.485  0.431  0.265 -0.418 -0.201  0.140  0.192 -0.365 -0.157  1.000
MINUIT - FIT ONLY 1-y
 **********
 **   51 **RES 
 **********
                   PARAMETER   16  beta_vw RESTORED TO VARIABLE.
                   PARAMETER   14  alpha_vw RESTORED TO VARIABLE.
                   PARAMETER   13  beta_y RESTORED TO VARIABLE.
                   PARAMETER   11  alpha_y RESTORED TO VARIABLE.
                   PARAMETER   10  beta_2CBO RESTORED TO VARIABLE.
 **********
 **   52 **FIX            0
 **********
 PARAMETER    0  IS UNDEFINED. IGNORED.
 **********
 **   53 **FIX            1
 **********
 **********
 **   54 **FIX            2
 **********
 PARAMETER    2  IS CONSTANT.   IGNORED.
 **********
 **   55 **FIX            3
 **********
 **********
 **   56 **FIX            4
 **********
 **********
 **   57 **FIX            5
 **********
 PARAMETER    5  IS CONSTANT.   IGNORED.
 **********
 **   58 **FIX            6
 **********
 **********
 **   59 **FIX            7
 **********
 PARAMETER    7  IS CONSTANT.   IGNORED.
 **********
 **   60 **FIX            8
 **********
 **********
 **   61 **FIX            9
 **********
 **********
 **   62 **FIX           13
 **********
 **********
 **   63 **FIX           14
 **********
 **********
 **   64 **FIX           15
 **********
 PARAMETER   15  IS CONSTANT.   IGNORED.
 **********
 **   65 **FIX           16
 **********
 **********
 **   66 **MIGRAD
 **********
 START MIGRAD MINIMIZATION.  STRATEGY  1.  CONVERGENCE WHEN EDM .LT. 1.00e-04
 FCN=8.53093 FROM MIGRAD    STATUS=INITIATE       16 CALLS        3861 TOTAL
                     EDM= unknown      STRATEGY= 1      NO ERROR MATRIX       
  EXT PARAMETER               CURRENT GUESS       STEP         FIRST   
  NO.   NAME      VALUE            ERROR          SIZE      DERIVATIVE 
   1  N0           3.47556e+06     fixed    
   2  tau          6.43834e+01   constant   
   3  A0           3.73983e-01     fixed    
   4  phi          4.17747e+00     fixed    
   5  R           -6.07281e+01   constant   
   6  alpha_CBO   -2.22061e-03     fixed    
   7  w_CBO        2.32500e+00   constant   
   8  beta_CBO    -2.77787e-02     fixed    
   9  alpha_2CBO  -3.71217e-03     fixed    
  10  beta_2CBO    4.26640e-03   1.65742e-03   1.65742e-03  -1.17267e+03
  11  alpha_y      0.00000e+00   1.00000e-03   1.00000e-03  -1.57038e+04
  12  w_y          1.44500e+01   constant   
  13  beta_y      -1.35201e-03     fixed    
  14  alpha_vw     0.00000e+00     fixed    
  15  w_vw         1.29000e+01   constant   
  16  beta_vw      0.00000e+00     fixed    
  17  LM          -7.06631e-04   constant   
  18  zeta_y       0.00000e+00   constant   
  19  zeta_vw      0.00000e+00   constant   
  20  T_CBO        2.82328e+01   4.70733e-01   3.01718e-06  -8.26449e-02
  21  alpha_A0    -1.90041e-01   6.21014e-02  -8.51049e-05  -5.61020e-03
  22  beta_A0     -3.18776e-01   2.19943e-01  -1.05842e-04  -6.59632e-02
  23  alpha_phi    7.03729e-03   3.28161e-02   3.91688e-05  -1.16607e-01
  24  beta_phi    -1.27627e-01   1.83209e-02  -8.31903e-07   1.47152e-01
 MIGRAD MINIMIZATION HAS CONVERGED.
 MIGRAD WILL VERIFY CONVERGENCE AND ERROR MATRIX.
 COVARIANCE MATRIX CALCULATED SUCCESSFULLY
 FCN=5.75725 FROM HESSE     STATUS=OK             50 CALLS        4020 TOTAL
                     EDM=0.0307905    STRATEGY= 1      ERROR MATRIX ACCURATE 
  EXT PARAMETER                                   STEP         FIRST   
  NO.   NAME      VALUE            ERROR          SIZE      DERIVATIVE 
   1  N0           3.47556e+06     fixed    
   2  tau          6.43834e+01   constant   
   3  A0           3.73983e-01     fixed    
   4  phi          4.17747e+00     fixed    
   5  R           -6.07281e+01   constant   
   6  alpha_CBO   -2.22061e-03     fixed    
   7  w_CBO        2.32500e+00   constant   
   8  beta_CBO    -2.77787e-02     fixed    
   9  alpha_2CBO  -3.71217e-03     fixed    
  10  beta_2CBO    4.54539e-03   5.27272e-04   2.56484e-07   3.78799e-01
  11  alpha_y      3.32292e-04   2.01906e-04   2.45916e-07  -3.91183e-03
  12  w_y          1.44500e+01   constant   
  13  beta_y      -1.35201e-03     fixed    
  14  alpha_vw     0.00000e+00     fixed    
  15  w_vw         1.29000e+01   constant   
  16  beta_vw      0.00000e+00     fixed    
  17  LM          -7.06631e-04   constant   
  18  zeta_y       0.00000e+00   constant   
  19  zeta_vw      0.00000e+00   constant   
  20  T_CBO        2.82069e+01   3.79481e+01   1.73203e-06   7.49952e-01
  21  alpha_A0    -1.92264e-01   6.23195e-01   1.07827e-05   6.07091e-02
  22  beta_A0     -3.11930e-01   1.00018e+00   9.94518e-06   1.10538e-01
  23  alpha_phi    5.96562e-03   1.98257e-02   7.16807e-06  -3.37134e-03
  24  beta_phi    -1.37045e-01   4.44716e-01   9.03277e-06   6.56384e-02
 CALL LIMIT EXCEEDED IN MIGRAD.
 MIGRAD TERMINATED WITHOUT CONVERGENCE.
 FCN=5.6766 FROM MIGRAD    STATUS=CALL LIMIT   1151 CALLS        4996 TOTAL
                     EDM=0.00211479    STRATEGY= 1  ERROR MATRIX UNCERTAINTY  23.6 per cent
  EXT PARAMETER                APPROXIMATE        STEP         FIRST   
  NO.   NAME      VALUE            ERROR          SIZE      DERIVATIVE 
   1  N0           3.47556e+06     fixed    
   2  tau          6.43834e+01   constant   
   3  A0           3.73983e-01     fixed    
   4  phi          4.17747e+00     fixed    
   5  R           -6.07281e+01   constant   
   6  alpha_CBO   -2.22061e-03     fixed    
   7  w_CBO        2.32500e+00   constant   
   8  beta_CBO    -2.77787e-02     fixed    
   9  alpha_2CBO  -3.71217e-03     fixed    
  10  beta_2CBO    4.62125e-03   3.69612e-04  -2.77026e-06   1.90239e+02
  11  alpha_y      3.32986e-04   2.00694e-04  -6.16681e-07  -1.41545e+00
  12  w_y          1.44500e+01   constant   
  13  beta_y      -1.35201e-03     fixed    
  14  alpha_vw     0.00000e+00     fixed    
  15  w_vw         1.29000e+01   constant   
  16  beta_vw      0.00000e+00     fixed    
  17  LM          -7.06631e-04   constant   
  18  zeta_y       0.00000e+00   constant   
  19  zeta_vw      0.00000e+00   constant   
  20  T_CBO        2.08751e+01   3.60313e+00  -2.58411e-04   2.98130e+00
  21  alpha_A0    -4.44717e-01   2.46908e-01  -2.75797e-03   7.71537e-01
  22  beta_A0     -7.15267e-01   4.01762e-01  -4.78058e-03  -1.15048e+00
  23  alpha_phi    1.34921e-02   1.18562e-02   1.60805e-04   5.91344e-01
  24  beta_phi    -3.16997e-01   1.67356e-01  -1.59237e-03   1.40347e+00
 EXTERNAL ERROR MATRIX.    NDIM=  25    NPAR=  7    ERR DEF=1
  1.366e-07  1.518e-08 -1.551e-04 -1.297e-05 -9.931e-06 -1.286e-06 -1.418e-05 
  1.518e-08  4.028e-08  5.689e-05  3.621e-06  7.291e-06 -2.811e-07  1.533e-06 
 -1.551e-04  5.689e-05  1.299e+01  8.878e-01  1.445e+00 -3.299e-02  5.980e-01 
 -1.297e-05  3.621e-06  8.878e-01  6.096e-02  9.876e-02 -2.216e-03  4.100e-02 
 -9.931e-06  7.291e-06  1.445e+00  9.876e-02  1.614e-01 -3.779e-03  6.613e-02 
 -1.286e-06 -2.811e-07 -3.299e-02 -2.216e-03 -3.779e-03  1.406e-04 -1.433e-03 
 -1.418e-05  1.533e-06  5.980e-01  4.100e-02  6.613e-02 -1.433e-03  2.801e-02 
ERR MATRIX APPROXIMATE
 PARAMETER  CORRELATION COEFFICIENTS  
       NO.  GLOBAL     10     11     20     21     22     23     24
       10  0.92767   1.000  0.205 -0.116 -0.142 -0.067 -0.294 -0.229
       11  0.26828   0.205  1.000  0.079  0.073  0.090 -0.118  0.046
       20  0.99946  -0.116  0.079  1.000  0.998  0.998 -0.772  0.992
       21  0.99863  -0.142  0.073  0.998  1.000  0.996 -0.757  0.992
       22  0.99938  -0.067  0.090  0.998  0.996  1.000 -0.793  0.984
       23  0.87569  -0.294 -0.118 -0.772 -0.757 -0.793  1.000 -0.722
       24  0.99816  -0.229  0.046  0.992  0.992  0.984 -0.722  1.000
 ERR MATRIX APPROXIMATE
MINUIT - FIT ONLY 2-y
 **********
 **   67 **RES 
 **********
                   PARAMETER   16  beta_vw RESTORED TO VARIABLE.
                   PARAMETER   14  alpha_vw RESTORED TO VARIABLE.
                   PARAMETER   13  beta_y RESTORED TO VARIABLE.
                   PARAMETER    9  alpha_2CBO RESTORED TO VARIABLE.
                   PARAMETER    8  beta_CBO RESTORED TO VARIABLE.
                   PARAMETER    6  alpha_CBO RESTORED TO VARIABLE.
                   PARAMETER    4  phi RESTORED TO VARIABLE.
                   PARAMETER    3  A0 RESTORED TO VARIABLE.
                   PARAMETER    1  N0 RESTORED TO VARIABLE.
 **********
 **   68 **FIX            0
 **********
 PARAMETER    0  IS UNDEFINED. IGNORED.
 **********
 **   69 **FIX            1
 **********
 **********
 **   70 **FIX            2
 **********
 PARAMETER    2  IS CONSTANT.   IGNORED.
 **********
 **   71 **FIX            3
 **********
 **********
 **   72 **FIX            4
 **********
 **********
 **   73 **FIX            5
 **********
 PARAMETER    5  IS CONSTANT.   IGNORED.
 **********
 **   74 **FIX            6
 **********
 **********
 **   75 **FIX            7
 **********
 PARAMETER    7  IS CONSTANT.   IGNORED.
 **********
 **   76 **FIX            8
 **********
 **********
 **   77 **FIX            9
 **********
 **********
 **   78 **FIX           10
 **********
 **********
 **   79 **FIX           11
 **********
 **********
 **   80 **FIX           12
 **********
 PARAMETER   12  IS CONSTANT.   IGNORED.
 **********
 **   81 **FIX           16
 **********
 **********
 **   82 **MIGRAD
 **********
 START MIGRAD MINIMIZATION.  STRATEGY  1.  CONVERGENCE WHEN EDM .LT. 1.00e-04
 FCN=5.6766 FROM MIGRAD    STATUS=INITIATE       16 CALLS        5012 TOTAL
                     EDM= unknown      STRATEGY= 1      NO ERROR MATRIX       
  EXT PARAMETER               CURRENT GUESS       STEP         FIRST   
  NO.   NAME      VALUE            ERROR          SIZE      DERIVATIVE 
   1  N0           3.47556e+06     fixed    
   2  tau          6.43834e+01   constant   
   3  A0           3.73983e-01     fixed    
   4  phi          4.17747e+00     fixed    
   5  R           -6.07281e+01   constant   
   6  alpha_CBO   -2.22061e-03     fixed    
   7  w_CBO        2.32500e+00   constant   
   8  beta_CBO    -2.77787e-02     fixed    
   9  alpha_2CBO  -3.71217e-03     fixed    
  10  beta_2CBO    4.62125e-03     fixed    
  11  alpha_y      3.32986e-04     fixed    
  12  w_y          1.44500e+01   constant   
  13  beta_y      -1.35201e-03   2.04704e-04   2.04704e-04   1.79603e+03
  14  alpha_vw     0.00000e+00   1.00000e-03   1.00000e-03  -7.83492e+03
  15  w_vw         1.29000e+01   constant   
  16  beta_vw      0.00000e+00     fixed    
  17  LM          -7.06631e-04   constant   
  18  zeta_y       0.00000e+00   constant   
  19  zeta_vw      0.00000e+00   constant   
