 + ++++++++++++++++++++++++++++++++++++++++++++++++++++++++++++++++++++ +
 +                                                                      +
 +           You have chose to blind your fitting according to          +
 +                omega_ref * (1 + (R +/- deltaR) *10^{-6})             +
 +                                                                      +
 + ++++++++++++++++++++++++++++++++++++++++++++++++++++++++++++++++++++ +
In main()...
reading format from /gm2data/zkhechad/run45/envelope/formats/formatB_sBin_constraintOn.txt
pBinTau 	= 0  
pBinPhi 	= 0  
constraintau 	= 1 
includeMopTerm 	= 0    
constrainMop    = 0   
Parameters after format file: pBinTau 0 pBinPhi 0 constraintau 1 includeMopTerm 0 constrainMop 0 c_e_scale 0.000000 
Opening file /gm2data/tbarrett/gm2fr/studies/run23_bunch_corrections/CorrectedFourier_Run3b.root.
reading full fit data from /gm2data/zkhechad/cboTemplates/Run4CBOTemplates/fullFits/noRF/sBin_constraintOn_cE0.0_seed0_noRF_calo7.root
windowBins = 69
fitting sliding window 1960 from bin 2096 at 312.574000 to bin 2165 at 323.018000 (69 bins)

Reading data from /gm2data/cornell/histograms/aMethod/histogram_a_noRF.root
 **********
 **    1 **SET PRINTOUT            1
 **********
 **********
 **    2 **SET NOWARNINGS 
 **********
 PARAMETER DEFINITIONS:
    NO.   NAME         VALUE      STEP SIZE      LIMITS
     1 N0           3.03443e+06  1.00000e+02     no limits
     2 tau          6.44117e+01  constant
     3 A0           3.50188e-01  1.00000e-04     no limits
     4 phi          4.11726e+00  1.00000e-02     no limits
     5 R           -6.15857e+01  constant
     6 alpha_CBO    0.00000e+00  1.00000e-03     no limits
     7 w_CBO        2.32500e+00  constant
     8 beta_CBO     0.00000e+00  1.00000e-03     no limits
     9 alpha_2CBO   0.00000e+00  1.00000e-03     no limits
    10 beta_2CBO    0.00000e+00  1.00000e-03     no limits
    11 alpha_y      0.00000e+00  1.00000e-03     no limits
    12 w_y          1.38860e+01  constant
    13 beta_y       0.00000e+00  1.00000e-03     no limits
    14 alpha_vw     0.00000e+00  1.00000e-03     no limits
    15 w_vw         1.43404e+01  constant
    16 beta_vw      0.00000e+00  1.00000e-03     no limits
    17 LM           1.09700e-04  constant
    18 zeta_y       0.00000e+00  constant
    19 zeta_vw      0.00000e+00  constant
    20 T_CBO        1.00000e+02  1.00000e+00    0.00000e+00  1.00000e+03
    21 alpha_A0     0.00000e+00  1.00000e-03     no limits
    22 beta_A0      0.00000e+00  1.00000e-03     no limits
    23 alpha_phi    0.00000e+00  1.00000e-03     no limits
    24 beta_phi     0.00000e+00  1.00000e-03     no limits
MINUIT - FIT ONLY WIGGLE
 **********
 **    3 **FIX            5
 **********
 PARAMETER    5  IS CONSTANT.   IGNORED.
 **********
 **    4 **FIX            6
 **********
 **********
 **    5 **FIX            7
 **********
 PARAMETER    7  IS CONSTANT.   IGNORED.
 **********
 **    6 **FIX            8
 **********
 **********
 **    7 **FIX            9
 **********
 **********
 **    8 **FIX           10
 **********
 **********
 **    9 **FIX           11
 **********
 **********
 **   10 **FIX           12
 **********
 PARAMETER   12  IS CONSTANT.   IGNORED.
 **********
 **   11 **FIX           13
 **********
 **********
 **   12 **FIX           14
 **********
 **********
 **   13 **FIX           15
 **********
 PARAMETER   15  IS CONSTANT.   IGNORED.
 **********
 **   14 **FIX           16
 **********
 **********
 **   15 **MIGRAD
 **********
 FIRST CALL TO USER FUNCTION AT NEW START POINT, WITH IFLAG=4.
 START MIGRAD MINIMIZATION.  STRATEGY  1.  CONVERGENCE WHEN EDM .LT. 1.00e-04
 FCN=70.969 FROM MIGRAD    STATUS=INITIATE      437 CALLS         438 TOTAL
                     EDM= unknown      STRATEGY= 1      NO ERROR MATRIX       
  EXT PARAMETER               CURRENT GUESS       STEP         FIRST   
  NO.   NAME      VALUE            ERROR          SIZE      DERIVATIVE 
   1  N0           3.03443e+06   1.00000e+02   0.00000e+00  -2.16038e-03
   2  tau          6.44117e+01   constant   
   3  A0           3.50188e-01   1.00000e-04   0.00000e+00   1.48987e+03
   4  phi          4.11726e+00   1.00000e-02   0.00000e+00   2.57078e+03
   5  R           -6.15857e+01   constant   
   6  alpha_CBO    0.00000e+00     fixed    
   7  w_CBO        2.32500e+00   constant   
   8  beta_CBO     0.00000e+00     fixed    
   9  alpha_2CBO   0.00000e+00     fixed    
  10  beta_2CBO    0.00000e+00     fixed    
  11  alpha_y      0.00000e+00     fixed    
  12  w_y          1.38860e+01   constant   
  13  beta_y       0.00000e+00     fixed    
  14  alpha_vw     0.00000e+00     fixed    
  15  w_vw         1.43404e+01   constant   
  16  beta_vw      0.00000e+00     fixed    
  17  LM           1.09700e-04   constant   
  18  zeta_y       0.00000e+00   constant   
  19  zeta_vw      0.00000e+00   constant   
  20  T_CBO        1.00000e+02   1.00000e+00   0.00000e+00   0.00000e+00
  21  alpha_A0     0.00000e+00   1.00000e-03   0.00000e+00  -4.72535e+00
  22  beta_A0      0.00000e+00   1.00000e-03   0.00000e+00   1.94321e+01
  23  alpha_phi    0.00000e+00   1.00000e-03   0.00000e+00  -2.84282e+01
  24  beta_phi     0.00000e+00   1.00000e-03   0.00000e+00   6.54603e+01
 CALL LIMIT EXCEEDED IN MIGRAD.
 MIGRAD TERMINATED WITHOUT CONVERGENCE.
 FCN=55.1086 FROM MIGRAD    STATUS=CALL LIMIT   1332 CALLS        1333 TOTAL
                     EDM=0.000784133    STRATEGY= 1  ERROR MATRIX UNCERTAINTY   2.2 per cent
  EXT PARAMETER                APPROXIMATE        STEP         FIRST   
  NO.   NAME      VALUE            ERROR          SIZE      DERIVATIVE 
   1  N0           3.03715e+06   1.54663e+03  -1.36993e+01  -5.07207e-06
   2  tau          6.44117e+01   constant   
   3  A0           3.50032e-01   6.81662e-04  -5.95533e-06   4.19159e+00
   4  phi          4.11151e+00   2.01200e-03  -5.35216e-07  -2.05455e+00
   5  R           -6.15857e+01   constant   
   6  alpha_CBO    0.00000e+00     fixed    
   7  w_CBO        2.32500e+00   constant   
   8  beta_CBO     0.00000e+00     fixed    
   9  alpha_2CBO   0.00000e+00     fixed    
  10  beta_2CBO    0.00000e+00     fixed    
  11  alpha_y      0.00000e+00     fixed    
  12  w_y          1.38860e+01   constant   
  13  beta_y       0.00000e+00     fixed    
  14  alpha_vw     0.00000e+00     fixed    
  15  w_vw         1.43404e+01   constant   
  16  beta_vw      0.00000e+00     fixed    
  17  LM           1.09700e-04   constant   
  18  zeta_y       0.00000e+00   constant   
  19  zeta_vw      0.00000e+00   constant   
  20  T_CBO        2.21764e+02   6.09666e+02   2.31981e-02  -2.88552e-01
  21  alpha_A0     2.46598e-03   1.68837e-02  -3.19061e-04  -1.98822e+00
  22  beta_A0     -9.97377e-03   3.70122e-02   7.56423e-04   1.33590e+00
  23  alpha_phi    4.12615e-03   2.51496e-02  -2.35229e-04   5.30142e-01
  24  beta_phi    -2.34244e-02   7.95518e-02   1.56152e-03   3.26231e+00
 EXTERNAL ERROR MATRIX.    NDIM=  25    NPAR=  8    ERR DEF=1
  2.392e+06 -3.385e-02 -3.976e-01 -2.020e+04 -2.094e+00 -5.227e+00 -5.756e+00  2.630e+00 
 -3.385e-02  4.647e-07 -5.291e-08  4.216e-03  1.335e-06  2.323e-06  1.367e-06  7.061e-07 
 -3.976e-01 -5.291e-08  4.048e-06  1.409e-02 -2.096e-06  1.117e-06  4.878e-06  2.995e-06 
 -2.020e+04  4.216e-03  1.409e-02  2.011e+05 -3.552e+00  1.511e+01 -6.413e+00  3.522e+01 
 -2.094e+00  1.335e-06 -2.096e-06 -3.552e+00  2.851e-04 -1.613e-04  1.040e-04 -5.343e-04 
 -5.227e+00  2.323e-06  1.117e-06  1.511e+01 -1.613e-04  1.370e-03 -5.119e-04  2.638e-03 
 -5.756e+00  1.367e-06  4.878e-06 -6.413e+00  1.040e-04 -5.119e-04  6.325e-04 -1.219e-03 
  2.630e+00  7.061e-07  2.995e-06  3.522e+01 -5.343e-04  2.638e-03 -1.219e-03  6.328e-03 
ERR MATRIX APPROXIMATE
 PARAMETER  CORRELATION COEFFICIENTS  
       NO.  GLOBAL      1      3      4     20     21     22     23     24
        1  0.45477   1.000 -0.032 -0.128 -0.029 -0.080 -0.091 -0.148  0.021
        3  0.24474  -0.032  1.000 -0.039  0.014  0.116  0.092  0.080  0.013
        4  0.27134  -0.128 -0.039  1.000  0.016 -0.062  0.015  0.096  0.019
       20  0.99564  -0.029  0.014  0.016  1.000 -0.469  0.911 -0.569  0.987
       21  0.80050  -0.080  0.116 -0.062 -0.469  1.000 -0.258  0.245 -0.398
       22  0.94459  -0.091  0.092  0.015  0.911 -0.258  1.000 -0.550  0.896
       23  0.70285  -0.148  0.080  0.096 -0.569  0.245 -0.550  1.000 -0.609
       24  0.99402   0.021  0.013  0.019  0.987 -0.398  0.896 -0.609  1.000
 ERR MATRIX APPROXIMATE
MINUIT - FIT ONLY 1-CBO + wiggle
 **********
 **   16 **RES 
 **********
                   PARAMETER   16  beta_vw RESTORED TO VARIABLE.
                   PARAMETER   14  alpha_vw RESTORED TO VARIABLE.
                   PARAMETER   13  beta_y RESTORED TO VARIABLE.
                   PARAMETER   11  alpha_y RESTORED TO VARIABLE.
                   PARAMETER   10  beta_2CBO RESTORED TO VARIABLE.
                   PARAMETER    9  alpha_2CBO RESTORED TO VARIABLE.
                   PARAMETER    8  beta_CBO RESTORED TO VARIABLE.
                   PARAMETER    6  alpha_CBO RESTORED TO VARIABLE.
 **********
 **   17 **FIX            8
 **********
 **********
 **   18 **FIX            9
 **********
 **********
 **   19 **FIX           11
 **********
 **********
 **   20 **FIX           12
 **********
 PARAMETER   12  IS CONSTANT.   IGNORED.
 **********
 **   21 **FIX           14
 **********
 **********
 **   22 **FIX           15
 **********
 PARAMETER   15  IS CONSTANT.   IGNORED.
 **********
 **   23 **FIX           16
 **********
 **********
 **   24 **MIGRAD
 **********
 START MIGRAD MINIMIZATION.  STRATEGY  1.  CONVERGENCE WHEN EDM .LT. 1.00e-04
 FCN=55.1086 FROM MIGRAD    STATUS=INITIATE       28 CALLS        1361 TOTAL
                     EDM= unknown      STRATEGY= 1      NO ERROR MATRIX       
  EXT PARAMETER               CURRENT GUESS       STEP         FIRST   
  NO.   NAME      VALUE            ERROR          SIZE      DERIVATIVE 
   1  N0           3.03715e+06   1.54663e+03  -1.36993e+01  -5.07207e-06
   2  tau          6.44117e+01   constant   
   3  A0           3.50032e-01   6.81662e-04  -5.95533e-06   4.19159e+00
   4  phi          4.11151e+00   2.01200e-03  -5.35216e-07  -2.05455e+00
   5  R           -6.15857e+01   constant   
   6  alpha_CBO    0.00000e+00   1.00000e-03   1.00000e-03  -3.68806e+03
   7  w_CBO        2.32500e+00   constant   
   8  beta_CBO     0.00000e+00     fixed    
   9  alpha_2CBO   0.00000e+00     fixed    
  10  beta_2CBO    0.00000e+00   1.00000e-03   1.00000e-03  -2.22852e+03
  11  alpha_y      0.00000e+00     fixed    
  12  w_y          1.38860e+01   constant   
  13  beta_y       0.00000e+00   1.00000e-03   1.00000e-03   6.53681e+03
  14  alpha_vw     0.00000e+00     fixed    
  15  w_vw         1.43404e+01   constant   
  16  beta_vw      0.00000e+00     fixed    
  17  LM           1.09700e-04   constant   
  18  zeta_y       0.00000e+00   constant   
  19  zeta_vw      0.00000e+00   constant   
  20  T_CBO        2.21764e+02   6.09666e+02   2.31981e-02  -2.88552e-01
  21  alpha_A0     2.46598e-03   1.68837e-02  -3.19061e-04  -1.98822e+00
  22  beta_A0     -9.97377e-03   3.70122e-02   7.56423e-04   1.33590e+00
  23  alpha_phi    4.12615e-03   2.51496e-02  -2.35229e-04   5.30142e-01
  24  beta_phi    -2.34244e-02   7.95518e-02   1.56152e-03   3.26231e+00
 MIGRAD MINIMIZATION HAS CONVERGED.
 FCN=47.6188 FROM MIGRAD    STATUS=CONVERGED    1245 CALLS        2578 TOTAL
                     EDM=9.76211e-06    STRATEGY= 1  ERROR MATRIX UNCERTAINTY   0.6 per cent
  EXT PARAMETER                                   STEP         FIRST   
  NO.   NAME      VALUE            ERROR          SIZE      DERIVATIVE 
   1  N0           3.03709e+06   1.54894e+03  -2.58170e-02  -1.15782e-06
   2  tau          6.44117e+01   constant   
   3  A0           3.49858e-01   6.92259e-04  -8.95301e-07   8.61216e-01
   4  phi          4.11156e+00   2.01246e-03   4.52919e-06  -6.15264e-01
   5  R           -6.15857e+01   constant   
   6  alpha_CBO    9.38954e-04   6.98614e-04   6.05233e-08  -1.01331e+00
   7  w_CBO        2.32500e+00   constant   
   8  beta_CBO     0.00000e+00     fixed    
   9  alpha_2CBO   0.00000e+00     fixed    
  10  beta_2CBO    5.53181e-04   6.83790e-04  -2.12872e-07   9.25160e-01
  11  alpha_y      0.00000e+00     fixed    
  12  w_y          1.38860e+01   constant   
  13  beta_y      -1.56911e-03   6.93815e-04  -4.47146e-07  -1.55558e+00
  14  alpha_vw     0.00000e+00     fixed    
  15  w_vw         1.43404e+01   constant   
  16  beta_vw      0.00000e+00     fixed    
  17  LM           1.09700e-04   constant   
  18  zeta_y       0.00000e+00   constant   
  19  zeta_vw      0.00000e+00   constant   
  20  T_CBO        9.96328e+02   9.08208e+02   1.10814e-01  -5.60479e-04
  21  alpha_A0    -6.47149e-04   4.49019e-03  -1.46236e-06  -2.68534e-02
  22  beta_A0     -3.37624e-03   4.88824e-03   7.88632e-06   5.61720e-02
  23  alpha_phi    1.52698e-03   4.37453e-03  -1.30123e-06   1.05264e-01
  24  beta_phi    -8.05589e-03   6.84352e-03   3.75444e-05   1.54046e+00
 EXTERNAL ERROR MATRIX.    NDIM=  25    NPAR= 11    ERR DEF=1
  2.399e+06 
 -9.944e-02  4.792e-07 
 -4.173e-01 -8.897e-08  4.050e-06 
 -7.277e-02 -7.430e-08 -1.173e-08  4.881e-07 
  1.486e-02 -1.806e-08  1.432e-08  1.500e-08  4.676e-07 
 -2.612e-02  4.746e-09 -3.552e-08  2.344e-09  7.177e-09  4.814e-07 
 -2.663e+04 -3.805e-02  2.369e-01 -7.357e-04 -1.224e-02 -2.683e-02  1.893e+06 
 -3.888e-01  4.698e-07 -4.420e-07 -4.334e-07 -4.936e-07  9.712e-08  5.336e-01  2.016e-05 
 -1.618e+00  2.671e-07  7.477e-07  3.845e-08 -1.532e-07 -7.428e-08  3.173e+00  3.081e-06  2.389e-05 
 -1.205e+00  2.989e-07  7.695e-07 -1.305e-08  2.067e-07  9.452e-08 -1.376e+00  5.064e-07 -1.683e-06  1.914e-05 
  8.420e-01 -3.586e-07  4.347e-07  3.279e-08 -2.871e-07  2.064e-08  8.042e+00  1.982e-06  1.084e-05 -7.533e-06  4.683e-05 
 PARAMETER  CORRELATION COEFFICIENTS  
       NO.  GLOBAL      1      3      4      6     10     13     20     21     22     23     24
        1  0.34872   1.000 -0.093 -0.134 -0.067  0.014 -0.024 -0.012 -0.056 -0.214 -0.178  0.079
        3  0.26835  -0.093  1.000 -0.064 -0.154 -0.038  0.010 -0.040  0.151  0.079  0.099 -0.076
        4  0.21720  -0.134 -0.064  1.000 -0.008  0.010 -0.025  0.086 -0.049  0.076  0.087  0.032
        6  0.21678  -0.067 -0.154 -0.008  1.000  0.031  0.005 -0.001 -0.138  0.011 -0.004  0.007
       10  0.20961   0.014 -0.038  0.010  0.031  1.000  0.015 -0.013 -0.161 -0.046  0.069 -0.061
       13  0.08935  -0.024  0.010 -0.025  0.005  0.015  1.000 -0.028  0.031 -0.022  0.031  0.004
       20  0.88229  -0.012 -0.040  0.086 -0.001 -0.013 -0.028  1.000  0.086  0.472 -0.229  0.854
       21  0.28865  -0.056  0.151 -0.049 -0.138 -0.161  0.031  0.086  1.000  0.140  0.026  0.065
       22  0.54148  -0.214  0.079  0.076  0.011 -0.046 -0.022  0.472  0.140  1.000 -0.079  0.324
       23  0.33156  -0.178  0.099  0.087 -0.004  0.069  0.031 -0.229  0.026 -0.079  1.000 -0.252
       24  0.86581   0.079 -0.076  0.032  0.007 -0.061  0.004  0.854  0.065  0.324 -0.252  1.000
MINUIT - FIT ONLY 2-CBO
 **********
 **   25 **RES 
 **********
                   PARAMETER   16  beta_vw RESTORED TO VARIABLE.
                   PARAMETER   14  alpha_vw RESTORED TO VARIABLE.
                   PARAMETER   11  alpha_y RESTORED TO VARIABLE.
                   PARAMETER    9  alpha_2CBO RESTORED TO VARIABLE.
                   PARAMETER    8  beta_CBO RESTORED TO VARIABLE.
 **********
 **   26 **FIX            0
 **********
 PARAMETER    0  IS UNDEFINED. IGNORED.
 **********
 **   27 **FIX            1
 **********
 **********
 **   28 **FIX            2
 **********
 PARAMETER    2  IS CONSTANT.   IGNORED.
 **********
 **   29 **FIX            3
 **********
 **********
 **   30 **FIX            4
 **********
 **********
 **   31 **FIX            5
 **********
 PARAMETER    5  IS CONSTANT.   IGNORED.
 **********
 **   32 **FIX            6
 **********
 **********
 **   33 **FIX            7
 **********
 PARAMETER    7  IS CONSTANT.   IGNORED.
 **********
 **   34 **FIX           10
 **********
 **********
 **   35 **FIX           11
 **********
 **********
 **   36 **FIX           12
 **********
 PARAMETER   12  IS CONSTANT.   IGNORED.
 **********
 **   37 **FIX           13
 **********
 **********
 **   38 **FIX           14
 **********
 **********
 **   39 **FIX           15
 **********
 PARAMETER   15  IS CONSTANT.   IGNORED.
 **********
 **   40 **FIX           16
 **********
 **********
 **   41 **MIGRAD
 **********
 START MIGRAD MINIMIZATION.  STRATEGY  1.  CONVERGENCE WHEN EDM .LT. 1.00e-04
 FCN=47.6188 FROM MIGRAD    STATUS=INITIATE       16 CALLS        2594 TOTAL
                     EDM= unknown      STRATEGY= 1      NO ERROR MATRIX       
  EXT PARAMETER               CURRENT GUESS       STEP         FIRST   
  NO.   NAME      VALUE            ERROR          SIZE      DERIVATIVE 
   1  N0           3.03709e+06     fixed    
   2  tau          6.44117e+01   constant   
   3  A0           3.49858e-01     fixed    
   4  phi          4.11156e+00     fixed    
   5  R           -6.15857e+01   constant   
   6  alpha_CBO    9.38954e-04     fixed    
   7  w_CBO        2.32500e+00   constant   
   8  beta_CBO     0.00000e+00   1.00000e-03   1.00000e-03   1.08110e+04
   9  alpha_2CBO   0.00000e+00   1.00000e-03   1.00000e-03   1.97354e+03
  10  beta_2CBO    5.53181e-04     fixed    
  11  alpha_y      0.00000e+00     fixed    
  12  w_y          1.38860e+01   constant   
  13  beta_y      -1.56911e-03     fixed    
  14  alpha_vw     0.00000e+00     fixed    
  15  w_vw         1.43404e+01   constant   
  16  beta_vw      0.00000e+00     fixed    
  17  LM           1.09700e-04   constant   
  18  zeta_y       0.00000e+00   constant   
  19  zeta_vw      0.00000e+00   constant   
  20  T_CBO        9.96328e+02   9.08208e+02   1.10814e-01  -5.59843e-04
  21  alpha_A0    -6.47149e-04   4.49019e-03  -1.46236e-06  -2.68541e-02
  22  beta_A0     -3.37624e-03   4.88824e-03   7.88632e-06   5.61702e-02
  23  alpha_phi    1.52698e-03   4.37453e-03  -1.30123e-06   1.05264e-01
  24  beta_phi    -8.05589e-03   6.84352e-03   3.75444e-05   1.54046e+00
 MIGRAD MINIMIZATION HAS CONVERGED.
 MIGRAD WILL VERIFY CONVERGENCE AND ERROR MATRIX.
 COVARIANCE MATRIX CALCULATED SUCCESSFULLY
 FCN=33.5429 FROM MIGRAD    STATUS=CONVERGED     332 CALLS        2910 TOTAL
                     EDM=1.94379e-05    STRATEGY= 1      ERROR MATRIX ACCURATE 
  EXT PARAMETER                                   STEP         FIRST   
  NO.   NAME      VALUE            ERROR          SIZE      DERIVATIVE 
   1  N0           3.03709e+06     fixed    
   2  tau          6.44117e+01   constant   
   3  A0           3.49858e-01     fixed    
   4  phi          4.11156e+00     fixed    
   5  R           -6.15857e+01   constant   
   6  alpha_CBO    9.38954e-04     fixed    
   7  w_CBO        2.32500e+00   constant   
   8  beta_CBO    -2.53303e-03   6.87079e-04   1.95237e-06   8.11172e-01
   9  alpha_2CBO  -3.89116e-04   7.06264e-04   1.97726e-06   2.11249e+00
  10  beta_2CBO    5.53181e-04     fixed    
  11  alpha_y      0.00000e+00     fixed    
  12  w_y          1.38860e+01   constant   
  13  beta_y      -1.56911e-03     fixed    
  14  alpha_vw     0.00000e+00     fixed    
  15  w_vw         1.43404e+01   constant   
  16  beta_vw      0.00000e+00     fixed    
  17  LM           1.09700e-04   constant   
  18  zeta_y       0.00000e+00   constant   
  19  zeta_vw      0.00000e+00   constant   
  20  T_CBO        9.99122e+02   9.54087e+02   4.85966e-02  -2.23998e-04
  21  alpha_A0    -9.08523e-04   3.91186e-03   1.11734e-05   4.24377e-01
  22  beta_A0     -2.14956e-03   3.86205e-03   1.08143e-05   5.56426e-01
  23  alpha_phi    1.63938e-03   3.74447e-03   1.06342e-05  -2.01058e-01
  24  beta_phi    -6.95014e-03   3.82819e-03   1.06254e-05   1.10519e+00
 EXTERNAL ERROR MATRIX.    NDIM=  25    NPAR=  7    ERR DEF=1
  4.721e-07 -1.890e-08  3.999e-05  7.043e-08 -2.960e-07  4.442e-08 -1.595e-07 
 -1.890e-08  4.988e-07 -2.393e-05 -1.142e-07  3.911e-07 -3.587e-07 -2.510e-07 
  3.999e-05 -2.393e-05  3.989e+05  6.494e-02  1.594e-01 -1.223e-01  5.182e-01 
  7.043e-08 -1.142e-07  6.494e-02  1.530e-05  1.229e-06  2.340e-07 -4.423e-07 
 -2.960e-07  3.911e-07  1.594e-01  1.229e-06  1.492e-05 -7.132e-07 -1.041e-06 
  4.442e-08 -3.587e-07 -1.223e-01  2.340e-07 -7.132e-07  1.402e-05 -4.849e-07 
 -1.595e-07 -2.510e-07  5.182e-01 -4.423e-07 -1.041e-06 -4.849e-07  1.466e-05 
 PARAMETER  CORRELATION COEFFICIENTS  
       NO.  GLOBAL      8      9     20     21     22     23     24
        8  0.13994   1.000 -0.039  0.000  0.026 -0.112  0.017 -0.061
        9  0.21980  -0.039  1.000 -0.000 -0.041  0.143 -0.136 -0.093
       20  0.23522   0.000 -0.000  1.000  0.026  0.065 -0.052  0.214
       21  0.11051   0.026 -0.041  0.026  1.000  0.081  0.016 -0.030
       22  0.22506  -0.112  0.143  0.065  0.081  1.000 -0.049 -0.070
       23  0.15319   0.017 -0.136 -0.052  0.016 -0.049  1.000 -0.034
       24  0.25935  -0.061 -0.093  0.214 -0.030 -0.070 -0.034  1.000
MINUIT - FIT wiggle + 1-CBO + 2-CBO
 **********
 **   42 **RES 
 **********
                   PARAMETER   16  beta_vw RESTORED TO VARIABLE.
                   PARAMETER   14  alpha_vw RESTORED TO VARIABLE.
                   PARAMETER   13  beta_y RESTORED TO VARIABLE.
                   PARAMETER   11  alpha_y RESTORED TO VARIABLE.
                   PARAMETER   10  beta_2CBO RESTORED TO VARIABLE.
                   PARAMETER    6  alpha_CBO RESTORED TO VARIABLE.
                   PARAMETER    4  phi RESTORED TO VARIABLE.
                   PARAMETER    3  A0 RESTORED TO VARIABLE.
                   PARAMETER    1  N0 RESTORED TO VARIABLE.
 **********
 **   43 **FIX           10
 **********
 **********
 **   44 **FIX           11
 **********
 **********
 **   45 **FIX           12
 **********
 PARAMETER   12  IS CONSTANT.   IGNORED.
 **********
 **   46 **FIX           13
 **********
 **********
 **   47 **FIX           14
 **********
 **********
 **   48 **FIX           15
 **********
 PARAMETER   15  IS CONSTANT.   IGNORED.
 **********
 **   49 **FIX           16
 **********
 **********
 **   50 **MIGRAD
 **********
 START MIGRAD MINIMIZATION.  STRATEGY  1.  CONVERGENCE WHEN EDM .LT. 1.00e-04
 FCN=33.5429 FROM MIGRAD    STATUS=INITIATE       22 CALLS        2932 TOTAL
                     EDM= unknown      STRATEGY= 1      NO ERROR MATRIX       
  EXT PARAMETER               CURRENT GUESS       STEP         FIRST   
  NO.   NAME      VALUE            ERROR          SIZE      DERIVATIVE 
   1  N0           3.03709e+06   1.54894e+03   1.54894e+03   6.19574e-05
   2  tau          6.44117e+01   constant   
   3  A0           3.49858e-01   6.92259e-04   6.92259e-04   1.36755e+03
   4  phi          4.11156e+00   2.01246e-03   2.01246e-03  -8.00857e+02
   5  R           -6.15857e+01   constant   
   6  alpha_CBO    9.38954e-04   6.98614e-04   6.98614e-04   1.28824e+02
   7  w_CBO        2.32500e+00   constant   
   8  beta_CBO    -2.53303e-03   6.87079e-04   1.95237e-06   8.11172e-01
   9  alpha_2CBO  -3.89116e-04   7.06264e-04   1.97726e-06   2.11249e+00
  10  beta_2CBO    5.53181e-04     fixed    
  11  alpha_y      0.00000e+00     fixed    
  12  w_y          1.38860e+01   constant   
  13  beta_y      -1.56911e-03     fixed    
  14  alpha_vw     0.00000e+00     fixed    
  15  w_vw         1.43404e+01   constant   
  16  beta_vw      0.00000e+00     fixed    
  17  LM           1.09700e-04   constant   
  18  zeta_y       0.00000e+00   constant   
  19  zeta_vw      0.00000e+00   constant   
  20  T_CBO        9.99122e+02   9.54087e+02   4.85966e-02  -2.26377e-04
  21  alpha_A0    -9.08523e-04   3.91186e-03   1.11734e-05   4.24379e-01
  22  beta_A0     -2.14956e-03   3.86205e-03   1.08143e-05   5.56427e-01
  23  alpha_phi    1.63938e-03   3.74447e-03   1.06342e-05  -2.01058e-01
  24  beta_phi    -6.95014e-03   3.82819e-03   1.06254e-05   1.10519e+00
 MIGRAD MINIMIZATION HAS CONVERGED.
 MIGRAD WILL VERIFY CONVERGENCE AND ERROR MATRIX.
 COVARIANCE MATRIX CALCULATED SUCCESSFULLY
 FCN=32.5798 FROM MIGRAD    STATUS=CONVERGED     253 CALLS        3163 TOTAL
                     EDM=3.31531e-06    STRATEGY= 1      ERROR MATRIX ACCURATE 
  EXT PARAMETER                                   STEP         FIRST   
  NO.   NAME      VALUE            ERROR          SIZE      DERIVATIVE 
   1  N0           3.03691e+06   1.59323e+03   4.06831e+00  -1.19570e-06
   2  tau          6.44117e+01   constant   
   3  A0           3.49495e-01   7.06847e-04   1.88555e-06  -3.19751e-02
   4  phi          4.11334e+00   2.06428e-03   5.57054e-06  -2.62329e-01
   5  R           -6.15857e+01   constant   
   6  alpha_CBO    9.55758e-04   7.30894e-04   1.98815e-06   1.44617e+00
   7  w_CBO        2.32500e+00   constant   
   8  beta_CBO    -2.70469e-03   7.09222e-04   1.92504e-06   1.07874e+00
   9  alpha_2CBO  -4.25076e-04   7.10445e-04   1.94957e-06  -6.55540e-02
  10  beta_2CBO    5.53181e-04     fixed    
  11  alpha_y      0.00000e+00     fixed    
  12  w_y          1.38860e+01   constant   
  13  beta_y      -1.56911e-03     fixed    
  14  alpha_vw     0.00000e+00     fixed    
  15  w_vw         1.43404e+01   constant   
  16  beta_vw      0.00000e+00     fixed    
  17  LM           1.09700e-04   constant   
  18  zeta_y       0.00000e+00   constant   
  19  zeta_vw      0.00000e+00   constant   
  20  T_CBO        9.99980e+02   5.00004e+02   6.58470e-02   2.96619e-05
  21  alpha_A0    -1.38303e-03   4.02369e-03   1.10040e-05   3.53353e-02
  22  beta_A0     -2.19799e-03   3.99522e-03   1.06534e-05   5.68801e-02
  23  alpha_phi    1.94551e-03   3.87204e-03   1.04786e-05   5.78312e-02
  24  beta_phi    -6.37946e-03   3.99469e-03   1.04682e-05   4.90518e-02
 EXTERNAL ERROR MATRIX.    NDIM=  25    NPAR= 11    ERR DEF=1
  2.538e+06 
 -9.033e-02  4.996e-07 
 -4.348e-01 -7.855e-08  4.261e-06 
 -8.344e-02 -1.051e-07 -5.862e-08  5.342e-07 
  2.827e-02  6.073e-08 -3.230e-07  4.915e-09  5.030e-07 
  4.577e-02  3.390e-08 -3.428e-08 -4.387e-08 -1.337e-08  5.047e-07 
  2.826e+01 -7.285e-05 -2.289e-04  1.528e-05  9.544e-07  3.151e-06  1.295e+04 
 -5.576e-01  4.603e-07 -5.094e-07 -4.283e-07  1.483e-07 -6.400e-08 -2.594e-02  1.619e-05 
 -1.421e+00  3.249e-07  3.274e-07  3.677e-09 -2.891e-07  3.840e-07 -4.180e-02  1.814e-06  1.596e-05 
 -1.324e+00  1.942e-07  9.841e-07 -2.029e-08 -1.004e-08 -3.749e-07  3.670e-02  4.945e-07  6.818e-08  1.499e-05 
  8.486e-01 -4.695e-07  7.203e-07  8.864e-08 -2.604e-07 -2.736e-07 -1.211e-01 -9.814e-07 -1.569e-06 -1.098e-06  1.596e-05 
 PARAMETER  CORRELATION COEFFICIENTS  
       NO.  GLOBAL      1      3      4      6      8      9     20     21     22     23     24
        1  0.36345   1.000 -0.080 -0.132 -0.072  0.025  0.040  0.000 -0.087 -0.223 -0.215  0.133
        3  0.33346  -0.080  1.000 -0.054 -0.203  0.121  0.068 -0.001  0.162  0.115  0.071 -0.166
        4  0.30070  -0.132 -0.054  1.000 -0.039 -0.221 -0.023 -0.001 -0.061  0.040  0.123  0.087
        6  0.27529  -0.072 -0.203 -0.039  1.000  0.009 -0.084  0.000 -0.146  0.001 -0.007  0.030
        8  0.28244   0.025  0.121 -0.221  0.009  1.000 -0.027  0.000  0.052 -0.102 -0.004 -0.092
        9  0.24374   0.040  0.068 -0.023 -0.084 -0.027  1.000  0.000 -0.022  0.135 -0.136 -0.096
       20  0.30903   0.000 -0.001 -0.001  0.000  0.000  0.000  1.000 -0.057 -0.092  0.083 -0.266
       21  0.25650  -0.087  0.162 -0.061 -0.146  0.052 -0.022 -0.057  1.000  0.113  0.032 -0.061
       22  0.33445  -0.223  0.115  0.040  0.001 -0.102  0.135 -0.092  0.113  1.000  0.004 -0.098
       23  0.29193  -0.215  0.071  0.123 -0.007 -0.004 -0.136  0.083  0.032  0.004  1.000 -0.071
       24  0.37714   0.133 -0.166  0.087  0.030 -0.092 -0.096 -0.266 -0.061 -0.098 -0.071  1.000
MINUIT - FIT ONLY 1-y
 **********
 **   51 **RES 
 **********
                   PARAMETER   16  beta_vw RESTORED TO VARIABLE.
                   PARAMETER   14  alpha_vw RESTORED TO VARIABLE.
                   PARAMETER   13  beta_y RESTORED TO VARIABLE.
                   PARAMETER   11  alpha_y RESTORED TO VARIABLE.
                   PARAMETER   10  beta_2CBO RESTORED TO VARIABLE.
 **********
 **   52 **FIX            0
 **********
 PARAMETER    0  IS UNDEFINED. IGNORED.
 **********
 **   53 **FIX            1
 **********
 **********
 **   54 **FIX            2
 **********
 PARAMETER    2  IS CONSTANT.   IGNORED.
 **********
 **   55 **FIX            3
 **********
 **********
 **   56 **FIX            4
 **********
 **********
 **   57 **FIX            5
 **********
 PARAMETER    5  IS CONSTANT.   IGNORED.
 **********
 **   58 **FIX            6
 **********
 **********
 **   59 **FIX            7
 **********
 PARAMETER    7  IS CONSTANT.   IGNORED.
 **********
 **   60 **FIX            8
 **********
 **********
 **   61 **FIX            9
 **********
 **********
 **   62 **FIX           13
 **********
 **********
 **   63 **FIX           14
 **********
 **********
 **   64 **FIX           15
 **********
 PARAMETER   15  IS CONSTANT.   IGNORED.
 **********
 **   65 **FIX           16
 **********
 **********
 **   66 **MIGRAD
 **********
 START MIGRAD MINIMIZATION.  STRATEGY  1.  CONVERGENCE WHEN EDM .LT. 1.00e-04
 FCN=32.5798 FROM MIGRAD    STATUS=INITIATE       18 CALLS        3181 TOTAL
                     EDM= unknown      STRATEGY= 1      NO ERROR MATRIX       
  EXT PARAMETER               CURRENT GUESS       STEP         FIRST   
  NO.   NAME      VALUE            ERROR          SIZE      DERIVATIVE 
   1  N0           3.03691e+06     fixed    
   2  tau          6.44117e+01   constant   
   3  A0           3.49495e-01     fixed    
   4  phi          4.11334e+00     fixed    
   5  R           -6.15857e+01   constant   
   6  alpha_CBO    9.55758e-04     fixed    
   7  w_CBO        2.32500e+00   constant   
   8  beta_CBO    -2.70469e-03     fixed    
   9  alpha_2CBO  -4.25076e-04     fixed    
  10  beta_2CBO    5.53181e-04   6.83790e-04   6.83790e-04  -6.36277e+02
  11  alpha_y      0.00000e+00   1.00000e-03   1.00000e-03  -4.44550e+02
  12  w_y          1.38860e+01   constant   
  13  beta_y      -1.56911e-03     fixed    
  14  alpha_vw     0.00000e+00     fixed    
  15  w_vw         1.43404e+01   constant   
  16  beta_vw      0.00000e+00     fixed    
  17  LM           1.09700e-04   constant   
  18  zeta_y       0.00000e+00   constant   
  19  zeta_vw      0.00000e+00   constant   
  20  T_CBO        9.99980e+02   5.00004e+02   6.58470e-02  -3.38614e-05
  21  alpha_A0    -1.38303e-03   4.02369e-03   1.10040e-05   3.53320e-02
  22  beta_A0     -2.19799e-03   3.99522e-03   1.06534e-05   5.68836e-02
  23  alpha_phi    1.94551e-03   3.87204e-03   1.04786e-05   5.78312e-02
  24  beta_phi    -6.37946e-03   3.99469e-03   1.04682e-05   4.90518e-02
 MIGRAD MINIMIZATION HAS CONVERGED.
 MIGRAD WILL VERIFY CONVERGENCE AND ERROR MATRIX.
 COVARIANCE MATRIX CALCULATED SUCCESSFULLY
 FCN=32.5066 FROM MIGRAD    STATUS=CONVERGED     118 CALLS        3281 TOTAL
                     EDM=8.92967e-08    STRATEGY= 1      ERROR MATRIX ACCURATE 
  EXT PARAMETER                                   STEP         FIRST   
  NO.   NAME      VALUE            ERROR          SIZE      DERIVATIVE 
   1  N0           3.03691e+06     fixed    
   2  tau          6.44117e+01   constant   
   3  A0           3.49495e-01     fixed    
   4  phi          4.11334e+00     fixed    
   5  R           -6.15857e+01   constant   
   6  alpha_CBO    9.55758e-04     fixed    
   7  w_CBO        2.32500e+00   constant   
   8  beta_CBO    -2.70469e-03     fixed    
   9  alpha_2CBO  -4.25076e-04     fixed    
  10  beta_2CBO    7.11627e-04   7.10887e-04   1.96001e-06  -4.04005e-01
  11  alpha_y      1.02055e-04   6.88088e-04   1.94363e-06   9.82667e-02
  12  w_y          1.38860e+01   constant   
  13  beta_y      -1.56911e-03     fixed    
  14  alpha_vw     0.00000e+00     fixed    
  15  w_vw         1.43404e+01   constant   
  16  beta_vw      0.00000e+00     fixed    
  17  LM           1.09700e-04   constant   
  18  zeta_y       0.00000e+00   constant   
  19  zeta_vw      0.00000e+00   constant   
  20  T_CBO        1.00000e+03   5.29595e+02   7.26756e-02** at limit **
  21  alpha_A0    -1.52888e-03   3.96234e-03   1.09924e-05   1.89592e-02
  22  beta_A0     -2.24233e-03   3.81130e-03   1.06420e-05   3.44679e-02
  23  alpha_phi    2.01593e-03   3.72868e-03   1.04670e-05   7.00690e-02
  24  beta_phi    -6.47648e-03   3.85594e-03   1.04567e-05  -6.32568e-03
 EXTERNAL ERROR MATRIX.    NDIM=  25    NPAR=  7    ERR DEF=1
  5.054e-07 -1.009e-08 -1.094e-06 -4.428e-07 -1.219e-07  1.953e-07 -3.416e-07 
 -1.009e-08  4.735e-07 -2.394e-07 -2.213e-08 -2.447e-08  3.699e-08  5.404e-08 
 -1.094e-06 -2.394e-07  4.202e+01 -1.365e-03 -2.029e-03  1.816e-03 -5.858e-03 
 -4.428e-07 -2.213e-08 -1.365e-03  1.570e-05  1.508e-06 -8.292e-08 -6.935e-08 
 -1.219e-07 -2.447e-08 -2.029e-03  1.508e-06  1.453e-05 -4.975e-07 -8.094e-07 
  1.953e-07  3.699e-08  1.816e-03 -8.292e-08 -4.975e-07  1.390e-05 -8.809e-07 
 -3.416e-07  5.404e-08 -5.858e-03 -6.935e-08 -8.094e-07 -8.809e-07  1.487e-05 
 PARAMETER  CORRELATION COEFFICIENTS  
       NO.  GLOBAL     10     11     20     21     22     23     24
       10  0.22005   1.000 -0.021 -0.000 -0.157 -0.045  0.074 -0.125
       11  0.03492  -0.021  1.000 -0.000 -0.008 -0.009  0.014  0.020
       20  0.26719  -0.000 -0.000  1.000 -0.053 -0.082  0.075 -0.234
       21  0.19130  -0.157 -0.008 -0.053  1.000  0.100 -0.006 -0.005
       22  0.15508  -0.045 -0.009 -0.082  0.100  1.000 -0.035 -0.055
       23  0.11651   0.074  0.014  0.075 -0.006 -0.035  1.000 -0.061
       24  0.28185  -0.125  0.020 -0.234 -0.005 -0.055 -0.061  1.000
MINUIT - FIT ONLY 2-y
 **********
 **   67 **RES 
 **********
                   PARAMETER   16  beta_vw RESTORED TO VARIABLE.
                   PARAMETER   14  alpha_vw RESTORED TO VARIABLE.
                   PARAMETER   13  beta_y RESTORED TO VARIABLE.
                   PARAMETER    9  alpha_2CBO RESTORED TO VARIABLE.
                   PARAMETER    8  beta_CBO RESTORED TO VARIABLE.
                   PARAMETER    6  alpha_CBO RESTORED TO VARIABLE.
                   PARAMETER    4  phi RESTORED TO VARIABLE.
                   PARAMETER    3  A0 RESTORED TO VARIABLE.
                   PARAMETER    1  N0 RESTORED TO VARIABLE.
 **********
 **   68 **FIX            0
 **********
 PARAMETER    0  IS UNDEFINED. IGNORED.
 **********
 **   69 **FIX            1
 **********
 **********
 **   70 **FIX            2
 **********
 PARAMETER    2  IS CONSTANT.   IGNORED.
 **********
 **   71 **FIX            3
 **********
 **********
 **   72 **FIX            4
 **********
 **********
 **   73 **FIX            5
 **********
 PARAMETER    5  IS CONSTANT.   IGNORED.
 **********
 **   74 **FIX            6
 **********
 **********
 **   75 **FIX            7
 **********
 PARAMETER    7  IS CONSTANT.   IGNORED.
 **********
 **   76 **FIX            8
 **********
 **********
 **   77 **FIX            9
 **********
 **********
 **   78 **FIX           10
 **********
 **********
 **   79 **FIX           11
 **********
 **********
 **   80 **FIX           12
 **********
 PARAMETER   12  IS CONSTANT.   IGNORED.
 **********
 **   81 **FIX           16
 **********
 **********
 **   82 **MIGRAD
 **********
 START MIGRAD MINIMIZATION.  STRATEGY  1.  CONVERGENCE WHEN EDM .LT. 1.00e-04
 FCN=32.5066 FROM MIGRAD    STATUS=INITIATE       16 CALLS        3297 TOTAL
                     EDM= unknown      STRATEGY= 1      NO ERROR MATRIX       
  EXT PARAMETER               CURRENT GUESS       STEP         FIRST   
  NO.   NAME      VALUE            ERROR          SIZE      DERIVATIVE 
   1  N0           3.03691e+06     fixed    
   2  tau          6.44117e+01   constant   
   3  A0           3.49495e-01     fixed    
   4  phi          4.11334e+00     fixed    
   5  R           -6.15857e+01   constant   
   6  alpha_CBO    9.55758e-04     fixed    
   7  w_CBO        2.32500e+00   constant   
   8  beta_CBO    -2.70469e-03     fixed    
   9  alpha_2CBO  -4.25076e-04     fixed    
  10  beta_2CBO    7.11627e-04     fixed    
  11  alpha_y      1.02055e-04     fixed    
  12  w_y          1.38860e+01   constant   
  13  beta_y      -1.56911e-03   6.93815e-04   6.93815e-04   5.50906e+01
  14  alpha_vw     0.00000e+00   1.00000e-03   1.00000e-03  -1.06108e+03
  15  w_vw         1.43404e+01   constant   
  16  beta_vw      0.00000e+00     fixed    
  17  LM           1.09700e-04   constant   
  18  zeta_y       0.00000e+00   constant   
  19  zeta_vw      0.00000e+00   constant   
  20  T_CBO        1.00000e+03   5.29595e+02   7.26756e-02** at limit **
  21  alpha_A0    -1.52888e-03   3.96234e-03   1.09924e-05   1.89664e-02
  22  beta_A0     -2.24233e-03   3.81130e-03   1.06420e-05   3.44673e-02
  23  alpha_phi    2.01593e-03   3.72868e-03   1.04670e-05   7.00690e-02
  24  beta_phi    -6.47648e-03   3.85594e-03   1.04567e-05  -6.32566e-03
 MIGRAD MINIMIZATION HAS CONVERGED.
 MIGRAD WILL VERIFY CONVERGENCE AND ERROR MATRIX.
 COVARIANCE MATRIX CALCULATED SUCCESSFULLY
 FCN=32.3707 FROM MIGRAD    STATUS=CONVERGED      98 CALLS        3379 TOTAL
                     EDM=4.22604e-07    STRATEGY= 1      ERROR MATRIX ACCURATE 
  EXT PARAMETER                                   STEP         FIRST   
  NO.   NAME      VALUE            ERROR          SIZE      DERIVATIVE 
   1  N0           3.03691e+06     fixed    
   2  tau          6.44117e+01   constant   
   3  A0           3.49495e-01     fixed    
   4  phi          4.11334e+00     fixed    
   5  R           -6.15857e+01   constant   
   6  alpha_CBO    9.55758e-04     fixed    
   7  w_CBO        2.32500e+00   constant   
   8  beta_CBO    -2.70469e-03     fixed    
   9  alpha_2CBO  -4.25076e-04     fixed    
  10  beta_2CBO    7.11627e-04     fixed    
  11  alpha_y      1.02055e-04     fixed    
  12  w_y          1.38860e+01   constant   
  13  beta_y      -1.60030e-03   6.96667e-04   1.95966e-06   2.03657e-01
  14  alpha_vw     2.54690e-04   6.91604e-04   1.94575e-06   1.08245e-02
  15  w_vw         1.43404e+01   constant   
  16  beta_vw      0.00000e+00     fixed    
  17  LM           1.09700e-04   constant   
  18  zeta_y       0.00000e+00   constant   
  19  zeta_vw      0.00000e+00   constant   
  20  T_CBO        1.00000e+03   6.88215e+02   5.45175e-02** at limit **
  21  alpha_A0    -1.54419e-03   3.91135e-03   1.09701e-05   9.27663e-02
  22  beta_A0     -2.23042e-03   3.80140e-03   1.06203e-05  -6.77959e-02
  23  alpha_phi    2.01138e-03   3.71328e-03   1.04458e-05  -8.56865e-02
  24  beta_phi    -6.49072e-03   3.77655e-03   1.04354e-05   1.89745e-01
 EXTERNAL ERROR MATRIX.    NDIM=  25    NPAR=  7    ERR DEF=1
  4.853e-07 -3.371e-08  4.449e-10  5.950e-08 -1.036e-08 -1.492e-08  2.615e-08 
 -3.371e-08  4.783e-07 -2.000e-10 -2.667e-08  2.327e-08 -7.366e-09 -2.809e-08 
  4.449e-10 -2.000e-10  4.697e-04 -3.392e-06 -4.965e-06  4.453e-06 -1.443e-05 
  5.950e-08 -2.667e-08 -3.392e-06  1.530e-05  1.367e-06  1.165e-07 -4.476e-07 
 -1.036e-08  2.327e-08 -4.965e-06  1.367e-06  1.445e-05 -4.076e-07 -1.021e-06 
 -1.492e-08 -7.366e-09  4.453e-06  1.165e-07 -4.076e-07  1.379e-05 -6.368e-07 
  2.615e-08 -2.809e-08 -1.443e-05 -4.476e-07 -1.021e-06 -6.368e-07  1.426e-05 
 PARAMETER  CORRELATION COEFFICIENTS  
       NO.  GLOBAL     13     14     20     21     22     23     24
       13  0.07416   1.000 -0.070  0.000  0.022 -0.004 -0.006  0.010
       14  0.07183  -0.070  1.000 -0.000 -0.010  0.009 -0.003 -0.011
       20  0.20005   0.000 -0.000  1.000 -0.040 -0.060  0.055 -0.176
       21  0.10632   0.022 -0.010 -0.040  1.000  0.092  0.008 -0.030
       22  0.13774  -0.004  0.009 -0.060  0.092  1.000 -0.029 -0.071
       23  0.07329  -0.006 -0.003  0.055  0.008 -0.029  1.000 -0.045
       24  0.20080   0.010 -0.011 -0.176 -0.030 -0.071 -0.045  1.000
