 + ++++++++++++++++++++++++++++++++++++++++++++++++++++++++++++++++++++ +
 +                                                                      +
 +           You have chose to blind your fitting according to          +
 +                omega_ref * (1 + (R +/- deltaR) *10^{-6})             +
 +                                                                      +
 + ++++++++++++++++++++++++++++++++++++++++++++++++++++++++++++++++++++ +
In main()...
reading format from /gm2data/zkhechad/run45/envelope/formats/formatB_sBin_constraintOn.txt
pBinTau 	= 0  
pBinPhi 	= 0  
constraintau 	= 1 
includeMopTerm 	= 0    
constrainMop    = 0   
Parameters after format file: pBinTau 0 pBinPhi 0 constraintau 1 includeMopTerm 0 constrainMop 0 c_e_scale 0.000000 
Opening file /gm2data/tbarrett/gm2fr/studies/run23_bunch_corrections/CorrectedFourier_Run3b.root.
reading full fit data from /gm2data/zkhechad/cboTemplates/Run4CBOTemplates/fullFits/noRF/sBin_constraintOn_cE0.0_seed0_noRF_calo12.root
windowBins = 69
fitting sliding window 2310 from bin 2446 at 364.794000 to bin 2515 at 375.238000 (69 bins)

Reading data from /gm2data/cornell/histograms/aMethod/histogram_a_noRF.root
 **********
 **    1 **SET PRINTOUT            1
 **********
 **********
 **    2 **SET NOWARNINGS 
 **********
 PARAMETER DEFINITIONS:
    NO.   NAME         VALUE      STEP SIZE      LIMITS
     1 N0           3.55331e+06  1.00000e+02     no limits
     2 tau          6.44114e+01  constant
     3 A0           3.53594e-01  1.00000e-04     no limits
     4 phi          4.11780e+00  1.00000e-02     no limits
     5 R           -6.01273e+01  constant
     6 alpha_CBO    0.00000e+00  1.00000e-03     no limits
     7 w_CBO        2.32500e+00  constant
     8 beta_CBO     0.00000e+00  1.00000e-03     no limits
     9 alpha_2CBO   0.00000e+00  1.00000e-03     no limits
    10 beta_2CBO    0.00000e+00  1.00000e-03     no limits
    11 alpha_y      0.00000e+00  1.00000e-03     no limits
    12 w_y          1.38860e+01  constant
    13 beta_y       0.00000e+00  1.00000e-03     no limits
    14 alpha_vw     0.00000e+00  1.00000e-03     no limits
    15 w_vw         1.43404e+01  constant
    16 beta_vw      0.00000e+00  1.00000e-03     no limits
    17 LM           2.37201e-04  constant
    18 zeta_y       0.00000e+00  constant
    19 zeta_vw      0.00000e+00  constant
    20 T_CBO        1.00000e+02  1.00000e+00    0.00000e+00  1.00000e+03
    21 alpha_A0     0.00000e+00  1.00000e-03     no limits
    22 beta_A0      0.00000e+00  1.00000e-03     no limits
    23 alpha_phi    0.00000e+00  1.00000e-03     no limits
    24 beta_phi     0.00000e+00  1.00000e-03     no limits
MINUIT - FIT ONLY WIGGLE
 **********
 **    3 **FIX            5
 **********
 PARAMETER    5  IS CONSTANT.   IGNORED.
 **********
 **    4 **FIX            6
 **********
 **********
 **    5 **FIX            7
 **********
 PARAMETER    7  IS CONSTANT.   IGNORED.
 **********
 **    6 **FIX            8
 **********
 **********
 **    7 **FIX            9
 **********
 **********
 **    8 **FIX           10
 **********
 **********
 **    9 **FIX           11
 **********
 **********
 **   10 **FIX           12
 **********
 PARAMETER   12  IS CONSTANT.   IGNORED.
 **********
 **   11 **FIX           13
 **********
 **********
 **   12 **FIX           14
 **********
 **********
 **   13 **FIX           15
 **********
 PARAMETER   15  IS CONSTANT.   IGNORED.
 **********
 **   14 **FIX           16
 **********
 **********
 **   15 **MIGRAD
 **********
 FIRST CALL TO USER FUNCTION AT NEW START POINT, WITH IFLAG=4.
 START MIGRAD MINIMIZATION.  STRATEGY  1.  CONVERGENCE WHEN EDM .LT. 1.00e-04
 FCN=71.6477 FROM MIGRAD    STATUS=INITIATE      437 CALLS         438 TOTAL
                     EDM= unknown      STRATEGY= 1      NO ERROR MATRIX       
  EXT PARAMETER               CURRENT GUESS       STEP         FIRST   
  NO.   NAME      VALUE            ERROR          SIZE      DERIVATIVE 
   1  N0           3.55331e+06   1.00000e+02   0.00000e+00   2.41397e-04
   2  tau          6.44114e+01   constant   
   3  A0           3.53594e-01   1.00000e-04   0.00000e+00  -3.96729e+01
   4  phi          4.11780e+00   1.00000e-02   0.00000e+00  -2.05455e+02
   5  R           -6.01273e+01   constant   
   6  alpha_CBO    0.00000e+00     fixed    
   7  w_CBO        2.32500e+00   constant   
   8  beta_CBO     0.00000e+00     fixed    
   9  alpha_2CBO   0.00000e+00     fixed    
  10  beta_2CBO    0.00000e+00     fixed    
  11  alpha_y      0.00000e+00     fixed    
  12  w_y          1.38860e+01   constant   
  13  beta_y       0.00000e+00     fixed    
  14  alpha_vw     0.00000e+00     fixed    
  15  w_vw         1.43404e+01   constant   
  16  beta_vw      0.00000e+00     fixed    
  17  LM           2.37201e-04   constant   
  18  zeta_y       0.00000e+00   constant   
  19  zeta_vw      0.00000e+00   constant   
  20  T_CBO        1.00000e+02   1.00000e+00   0.00000e+00   0.00000e+00
  21  alpha_A0     0.00000e+00   1.00000e-03   0.00000e+00  -5.17150e+00
  22  beta_A0      0.00000e+00   1.00000e-03   0.00000e+00   8.80497e+00
  23  alpha_phi    0.00000e+00   1.00000e-03   0.00000e+00   1.02293e+01
  24  beta_phi     0.00000e+00   1.00000e-03   0.00000e+00   7.59835e-01
 CALL LIMIT EXCEEDED IN MIGRAD.
 MIGRAD TERMINATED WITHOUT CONVERGENCE.
 FCN=70.0226 FROM MIGRAD    STATUS=CALL LIMIT   1323 CALLS        1324 TOTAL
                     EDM=0.000167078    STRATEGY= 1  ERROR MATRIX UNCERTAINTY   0.8 per cent
  EXT PARAMETER                APPROXIMATE        STEP         FIRST   
  NO.   NAME      VALUE            ERROR          SIZE      DERIVATIVE 
   1  N0           3.55247e+06   2.48542e+03   1.77414e+00   1.46164e-06
   2  tau          6.44114e+01   constant   
   3  A0           3.53575e-01   9.47084e-04  -7.63126e-07  -3.45289e+00
   4  phi          4.11934e+00   2.86470e-03   2.09374e-06   2.19588e+00
   5  R           -6.01273e+01   constant   
   6  alpha_CBO    0.00000e+00     fixed    
   7  w_CBO        2.32500e+00   constant   
   8  beta_CBO     0.00000e+00     fixed    
   9  alpha_2CBO   0.00000e+00     fixed    
  10  beta_2CBO    0.00000e+00     fixed    
  11  alpha_y      0.00000e+00     fixed    
  12  w_y          1.38860e+01   constant   
  13  beta_y       0.00000e+00     fixed    
  14  alpha_vw     0.00000e+00     fixed    
  15  w_vw         1.43404e+01   constant   
  16  beta_vw      0.00000e+00     fixed    
  17  LM           2.37201e-04   constant   
  18  zeta_y       0.00000e+00   constant   
  19  zeta_vw      0.00000e+00   constant   
  20  T_CBO        5.20349e+01   4.57954e+01  -1.86349e-03  -1.01498e+00
  21  alpha_A0     2.28605e+00   1.23113e+01   1.07413e-01  -1.04271e-02
  22  beta_A0     -3.39931e+00   1.97158e+01  -1.71614e-01   1.53168e-02
  23  alpha_phi   -3.83412e+00   2.22240e+01  -1.93683e-01  -9.19136e-03
  24  beta_phi     4.07398e-02   5.43073e-01   4.40778e-03   3.90556e-03
 EXTERNAL ERROR MATRIX.    NDIM=  25    NPAR=  8    ERR DEF=1
  6.177e+06 -1.548e-01 -5.859e-01 -2.870e+03  1.451e+03 -2.221e+03 -2.423e+03 -4.601e+01 
 -1.548e-01  8.970e-07 -7.256e-08  4.077e-04 -4.317e-04  6.782e-04  7.352e-04  7.577e-06 
 -5.859e-01 -7.256e-08  8.207e-06 -4.139e-03  2.262e-03 -3.602e-03 -4.047e-03  1.023e-04 
 -2.870e+03  4.077e-04 -4.139e-03  2.128e+03 -5.653e+02  9.050e+02  1.020e+03 -2.361e+01 
  1.451e+03 -4.317e-04  2.262e-03 -5.653e+02  1.516e+02 -2.427e+02 -2.736e+02  6.316e+00 
 -2.221e+03  6.782e-04 -3.602e-03  9.050e+02 -2.427e+02  3.887e+02  4.381e+02 -1.013e+01 
 -2.423e+03  7.352e-04 -4.047e-03  1.020e+03 -2.736e+02  4.381e+02  4.939e+02 -1.142e+01 
 -4.601e+01  7.577e-06  1.023e-04 -2.361e+01  6.316e+00 -1.013e+01 -1.142e+01  2.949e-01 
ERR MATRIX APPROXIMATE
 PARAMETER  CORRELATION COEFFICIENTS  
       NO.  GLOBAL      1      3      4     20     21     22     23     24
        1  0.38588   1.000 -0.066 -0.082 -0.025  0.047 -0.045 -0.044 -0.034
        3  0.33511  -0.066  1.000 -0.027  0.009 -0.037  0.036  0.035  0.015
        4  0.40110  -0.082 -0.027  1.000 -0.031  0.064 -0.064 -0.064  0.066
       20  0.99682  -0.025  0.009 -0.031  1.000 -0.995  0.995  0.995 -0.942
       21  0.99986   0.047 -0.037  0.064 -0.995  1.000 -1.000 -1.000  0.945
       22  0.99993  -0.045  0.036 -0.064  0.995 -1.000  1.000  1.000 -0.946
       23  0.99994  -0.044  0.035 -0.064  0.995 -1.000  1.000  1.000 -0.946
       24  0.95198  -0.034  0.015  0.066 -0.942  0.945 -0.946 -0.946  1.000
 ERR MATRIX APPROXIMATE
MINUIT - FIT ONLY 1-CBO + wiggle
 **********
 **   16 **RES 
 **********
                   PARAMETER   16  beta_vw RESTORED TO VARIABLE.
                   PARAMETER   14  alpha_vw RESTORED TO VARIABLE.
                   PARAMETER   13  beta_y RESTORED TO VARIABLE.
                   PARAMETER   11  alpha_y RESTORED TO VARIABLE.
                   PARAMETER   10  beta_2CBO RESTORED TO VARIABLE.
                   PARAMETER    9  alpha_2CBO RESTORED TO VARIABLE.
                   PARAMETER    8  beta_CBO RESTORED TO VARIABLE.
                   PARAMETER    6  alpha_CBO RESTORED TO VARIABLE.
 **********
 **   17 **FIX            8
 **********
 **********
 **   18 **FIX            9
 **********
 **********
 **   19 **FIX           11
 **********
 **********
 **   20 **FIX           12
 **********
 PARAMETER   12  IS CONSTANT.   IGNORED.
 **********
 **   21 **FIX           14
 **********
 **********
 **   22 **FIX           15
 **********
 PARAMETER   15  IS CONSTANT.   IGNORED.
 **********
 **   23 **FIX           16
 **********
 **********
 **   24 **MIGRAD
 **********
 START MIGRAD MINIMIZATION.  STRATEGY  1.  CONVERGENCE WHEN EDM .LT. 1.00e-04
 FCN=70.0226 FROM MIGRAD    STATUS=INITIATE       28 CALLS        1352 TOTAL
                     EDM= unknown      STRATEGY= 1      NO ERROR MATRIX       
  EXT PARAMETER               CURRENT GUESS       STEP         FIRST   
  NO.   NAME      VALUE            ERROR          SIZE      DERIVATIVE 
   1  N0           3.55247e+06   2.48542e+03   1.77414e+00   1.46164e-06
   2  tau          6.44114e+01   constant   
   3  A0           3.53575e-01   9.47084e-04  -7.63126e-07  -3.45289e+00
   4  phi          4.11934e+00   2.86470e-03   2.09374e-06   2.19588e+00
   5  R           -6.01273e+01   constant   
   6  alpha_CBO    0.00000e+00   1.00000e-03   1.00000e-03   1.44514e+03
   7  w_CBO        2.32500e+00   constant   
   8  beta_CBO     0.00000e+00     fixed    
   9  alpha_2CBO   0.00000e+00     fixed    
  10  beta_2CBO    0.00000e+00   1.00000e-03   1.00000e-03   1.76950e+03
  11  alpha_y      0.00000e+00     fixed    
  12  w_y          1.38860e+01   constant   
  13  beta_y       0.00000e+00   1.00000e-03   1.00000e-03  -3.59696e+02
  14  alpha_vw     0.00000e+00     fixed    
  15  w_vw         1.43404e+01   constant   
  16  beta_vw      0.00000e+00     fixed    
  17  LM           2.37201e-04   constant   
  18  zeta_y       0.00000e+00   constant   
  19  zeta_vw      0.00000e+00   constant   
  20  T_CBO        5.20349e+01   4.57954e+01  -1.86349e-03  -1.01499e+00
  21  alpha_A0     2.28605e+00   1.23113e+01   1.07413e-01  -1.04271e-02
  22  beta_A0     -3.39931e+00   1.97158e+01  -1.71614e-01   1.53168e-02
  23  alpha_phi   -3.83412e+00   2.22240e+01  -1.93683e-01  -9.19136e-03
  24  beta_phi     4.07398e-02   5.43073e-01   4.40778e-03   3.90556e-03
 MIGRAD MINIMIZATION HAS CONVERGED.
 MIGRAD WILL VERIFY CONVERGENCE AND ERROR MATRIX.
 FCN=68.718 FROM HESSE     STATUS=NOT POSDEF    100 CALLS        1548 TOTAL
                     EDM=0.00096617    STRATEGY= 1      ERR MATRIX NOT POS-DEF
  EXT PARAMETER                APPROXIMATE        STEP         FIRST   
  NO.   NAME      VALUE            ERROR          SIZE      DERIVATIVE 
   1  N0           3.55255e+06   2.65021e+03   9.28998e+00   8.37867e-08
   2  tau          6.44114e+01   constant   
   3  A0           3.53587e-01   9.74077e-04   3.84858e-06   7.39876e-01
   4  phi          4.11890e+00   2.95442e-03   1.15186e-05   2.82311e-01
   5  R           -6.01273e+01   constant   
   6  alpha_CBO   -6.75608e-04   1.02301e-03   4.03378e-06  -6.40215e-01
   7  w_CBO        2.32500e+00   constant   
   8  beta_CBO     0.00000e+00     fixed    
   9  alpha_2CBO   0.00000e+00     fixed    
  10  beta_2CBO   -8.73918e-04   1.02615e-03   4.05049e-06   1.79858e-01
  11  alpha_y      0.00000e+00     fixed    
  12  w_y          1.38860e+01   constant   
  13  beta_y       1.75168e-04   9.81393e-04   4.00559e-06  -8.38095e-01
  14  alpha_vw     0.00000e+00     fixed    
  15  w_vw         1.43404e+01   constant   
  16  beta_vw      0.00000e+00     fixed    
  17  LM           2.37201e-04   constant   
  18  zeta_y       0.00000e+00   constant   
  19  zeta_vw      0.00000e+00   constant   
  20  T_CBO        5.18439e+01   9.34700e+01   1.13638e-04   6.30286e-02
  21  alpha_A0     2.43034e+00   3.29255e+01   2.10132e-02  -5.82646e-04
  22  beta_A0     -4.27043e+00   5.67367e+01   1.97372e-02   1.31822e-04
  23  alpha_phi   -2.89210e+00   3.86395e+01   1.85776e-02   2.14273e-04
  24  beta_phi    -3.02430e-02   5.03607e+00   1.96356e-02   3.86641e-04
 CALL LIMIT EXCEEDED IN MIGRAD.
 MIGRAD TERMINATED WITHOUT CONVERGENCE.
 FCN=68.6962 FROM MIGRAD    STATUS=CALL LIMIT   1916 CALLS        3240 TOTAL
                     EDM=0.000283812    STRATEGY= 1      ERR MATRIX NOT POS-DEF
  EXT PARAMETER                APPROXIMATE        STEP         FIRST   
  NO.   NAME      VALUE            ERROR          SIZE      DERIVATIVE 
   1  N0           3.55251e+06   2.49511e+03   2.00027e+01   5.09576e-06
   2  tau          6.44114e+01   constant   
   3  A0           3.53624e-01   9.58600e-04   4.53464e-07  -9.19129e-01
   4  phi          4.11895e+00   2.93951e-03   1.86200e-05   4.72389e+00
   5  R           -6.01273e+01   constant   
   6  alpha_CBO   -6.76885e-04   1.01561e-03  -5.76624e-06  -8.87248e+00
   7  w_CBO        2.32500e+00   constant   
   8  beta_CBO     0.00000e+00     fixed    
   9  alpha_2CBO   0.00000e+00     fixed    
  10  beta_2CBO   -8.71448e-04   1.02472e-03  -6.40094e-07  -2.60499e-01
  11  alpha_y      0.00000e+00     fixed    
  12  w_y          1.38860e+01   constant   
  13  beta_y       1.71188e-04   9.74720e-04  -6.70426e-06  -7.35122e+00
  14  alpha_vw     0.00000e+00     fixed    
  15  w_vw         1.43404e+01   constant   
  16  beta_vw      0.00000e+00     fixed    
  17  LM           2.37201e-04   constant   
  18  zeta_y       0.00000e+00   constant   
  19  zeta_vw      0.00000e+00   constant   
  20  T_CBO        3.01478e+01   2.30757e+01  -9.89836e-04  -1.63356e+00
  21  alpha_A0     3.70483e+02   2.91554e+03   2.52053e+01  -1.06731e-04
  22  beta_A0     -7.32635e+02   5.84987e+03  -5.00121e+01  -1.98703e-05
  23  alpha_phi   -4.97232e+02   3.96796e+03  -3.39642e+01   9.28059e-06
  24  beta_phi     1.43056e+01   1.37545e+02   1.00699e+00   7.35731e-05
 EXTERNAL ERROR MATRIX.    NDIM=  25    NPAR= 11    ERR DEF=1
  6.226e+06 
 -1.934e-01  9.189e-07 
 -8.369e-01 -5.014e-08  8.641e-06 
  1.528e-01  2.114e-08  6.866e-07  1.031e-06 
 -1.517e-01 -3.975e-08 -2.858e-08 -9.505e-08  1.050e-06 
  8.576e-02 -1.624e-08  9.606e-08 -8.657e-09 -5.548e-09  9.501e-07 
  2.032e+03 -1.501e-03 -3.391e-04 -2.069e-05 -1.400e-04 -2.809e-05  5.358e+02 
  3.541e+04  1.733e-01  4.318e-01 -6.142e-02  1.141e-02 -7.538e-02 -6.705e+04  8.500e+06 
 -7.208e+03 -3.551e-01 -8.338e-01  1.114e-01 -2.114e-02  1.398e-01  1.346e+05 -1.705e+07  3.422e+07 
 -9.330e+03 -2.404e-01 -5.690e-01  7.616e-02 -1.564e-02  9.572e-02  9.132e+04 -1.157e+07  2.321e+07  1.574e+07 
 -1.883e+04  1.059e-02  1.036e-02  3.032e-04  6.076e-04 -2.506e-05 -3.170e+03  3.971e+05 -7.979e+05 -5.412e+05  1.892e+04 
ERR MATRIX NOT POS-DEF
 PARAMETER  CORRELATION COEFFICIENTS  
       NO.  GLOBAL      1      3      4      6     10     13     20     21     22     23     24
        1  0.57858   1.000 -0.081 -0.114  0.060 -0.059  0.035  0.035  0.005 -0.000 -0.001 -0.055
        3  0.18188  -0.081  1.000 -0.018  0.022 -0.040 -0.017 -0.068  0.062 -0.063 -0.063  0.080
        4  0.63574  -0.114 -0.018  1.000  0.230 -0.009  0.034 -0.005  0.050 -0.048 -0.049  0.026
        6  0.49556   0.060  0.022  0.230  1.000 -0.091 -0.009 -0.001 -0.021  0.019  0.019  0.002
       10  0.25314  -0.059 -0.040 -0.009 -0.091  1.000 -0.006 -0.006  0.004 -0.004 -0.004  0.004
       13  0.37517   0.035 -0.017  0.034 -0.009 -0.006  1.000 -0.001 -0.027  0.025  0.025 -0.000
       20  0.99806   0.035 -0.068 -0.005 -0.001 -0.006 -0.001  1.000 -0.994  0.994  0.994 -0.996
       21  1.00000   0.005  0.062  0.050 -0.021  0.004 -0.027 -0.994  1.000 -1.000 -1.000  0.990
       22  1.00000  -0.000 -0.063 -0.048  0.019 -0.004  0.025  0.994 -1.000  1.000  1.000 -0.992
       23  1.00000  -0.001 -0.063 -0.049  0.019 -0.004  0.025  0.994 -1.000  1.000  1.000 -0.992
       24  0.99918  -0.055  0.080  0.026  0.002  0.004 -0.000 -0.996  0.990 -0.992 -0.992  1.000
 ERR MATRIX NOT POS-DEF
MINUIT - FIT ONLY 2-CBO
 **********
 **   25 **RES 
 **********
                   PARAMETER   16  beta_vw RESTORED TO VARIABLE.
                   PARAMETER   14  alpha_vw RESTORED TO VARIABLE.
                   PARAMETER   11  alpha_y RESTORED TO VARIABLE.
                   PARAMETER    9  alpha_2CBO RESTORED TO VARIABLE.
                   PARAMETER    8  beta_CBO RESTORED TO VARIABLE.
 **********
 **   26 **FIX            0
 **********
 PARAMETER    0  IS UNDEFINED. IGNORED.
 **********
 **   27 **FIX            1
 **********
 **********
 **   28 **FIX            2
 **********
 PARAMETER    2  IS CONSTANT.   IGNORED.
 **********
 **   29 **FIX            3
 **********
 **********
 **   30 **FIX            4
 **********
 **********
 **   31 **FIX            5
 **********
 PARAMETER    5  IS CONSTANT.   IGNORED.
 **********
 **   32 **FIX            6
 **********
 **********
 **   33 **FIX            7
 **********
 PARAMETER    7  IS CONSTANT.   IGNORED.
 **********
 **   34 **FIX           10
 **********
 **********
 **   35 **FIX           11
 **********
 **********
 **   36 **FIX           12
 **********
 PARAMETER   12  IS CONSTANT.   IGNORED.
 **********
 **   37 **FIX           13
 **********
 **********
 **   38 **FIX           14
 **********
 **********
 **   39 **FIX           15
 **********
 PARAMETER   15  IS CONSTANT.   IGNORED.
 **********
 **   40 **FIX           16
 **********
 **********
 **   41 **MIGRAD
 **********
 START MIGRAD MINIMIZATION.  STRATEGY  1.  CONVERGENCE WHEN EDM .LT. 1.00e-04
 FCN=68.6962 FROM MIGRAD    STATUS=INITIATE       18 CALLS        3258 TOTAL
                     EDM= unknown      STRATEGY= 1      NO ERROR MATRIX       
  EXT PARAMETER               CURRENT GUESS       STEP         FIRST   
  NO.   NAME      VALUE            ERROR          SIZE      DERIVATIVE 
   1  N0           3.55251e+06     fixed    
   2  tau          6.44114e+01   constant   
   3  A0           3.53624e-01     fixed    
   4  phi          4.11895e+00     fixed    
   5  R           -6.01273e+01   constant   
   6  alpha_CBO   -6.76885e-04     fixed    
   7  w_CBO        2.32500e+00   constant   
   8  beta_CBO     0.00000e+00   1.00000e-03   1.00000e-03   4.70679e+03
   9  alpha_2CBO   0.00000e+00   1.00000e-03   1.00000e-03  -3.04288e+03
  10  beta_2CBO   -8.71448e-04     fixed    
  11  alpha_y      0.00000e+00     fixed    
  12  w_y          1.38860e+01   constant   
  13  beta_y       1.71188e-04     fixed    
  14  alpha_vw     0.00000e+00     fixed    
  15  w_vw         1.43404e+01   constant   
  16  beta_vw      0.00000e+00     fixed    
  17  LM           2.37201e-04   constant   
  18  zeta_y       0.00000e+00   constant   
  19  zeta_vw      0.00000e+00   constant   
  20  T_CBO        3.01478e+01   2.30757e+01  -9.89836e-04  -1.63358e+00
  21  alpha_A0     3.70483e+02   2.91554e+03   2.52053e+01  -1.06731e-04
  22  beta_A0     -7.32635e+02   5.84987e+03  -5.00121e+01  -1.98703e-05
  23  alpha_phi   -4.97232e+02   3.96796e+03  -3.39642e+01   9.28059e-06
  24  beta_phi     1.43056e+01   1.37545e+02   1.00699e+00   7.35731e-05
 MIGRAD MINIMIZATION HAS CONVERGED.
 MIGRAD WILL VERIFY CONVERGENCE AND ERROR MATRIX.
 FCN=61.1267 FROM HESSE     STATUS=NOT POSDEF     50 CALLS        3372 TOTAL
                     EDM=0.00023408    STRATEGY= 1      ERR MATRIX NOT POS-DEF
  EXT PARAMETER                APPROXIMATE        STEP         FIRST   
  NO.   NAME      VALUE            ERROR          SIZE      DERIVATIVE 
   1  N0           3.55251e+06     fixed    
   2  tau          6.44114e+01   constant   
   3  A0           3.53624e-01     fixed    
   4  phi          4.11895e+00     fixed    
   5  R           -6.01273e+01   constant   
   6  alpha_CBO   -6.76885e-04     fixed    
   7  w_CBO        2.32500e+00   constant   
   8  beta_CBO    -2.27605e-03   9.91906e-04   3.78640e-06   1.46090e+00
   9  alpha_2CBO   1.45105e-03   9.99526e-04   3.77121e-06  -4.91884e-01
  10  beta_2CBO   -8.71448e-04     fixed    
  11  alpha_y      0.00000e+00     fixed    
  12  w_y          1.38860e+01   constant   
  13  beta_y       1.71188e-04     fixed    
  14  alpha_vw     0.00000e+00     fixed    
  15  w_vw         1.43404e+01   constant   
  16  beta_vw      0.00000e+00     fixed    
  17  LM           2.37201e-04   constant   
  18  zeta_y       0.00000e+00   constant   
  19  zeta_vw      0.00000e+00   constant   
  20  T_CBO        3.00337e+01   3.31915e+01   4.87213e-05  -1.07589e-01
  21  alpha_A0     6.09185e+02   8.41895e+03   3.47369e+00   7.58527e-07
  22  beta_A0     -5.89684e+02   8.02121e+03   3.28930e+00   3.75990e-06
  23  alpha_phi   -4.56612e+02   6.28140e+03   3.07582e+00  -3.21786e-06
  24  beta_phi     2.70786e+02   3.82100e+03   3.24481e+00   3.40638e-06
 CALL LIMIT EXCEEDED IN MIGRAD.
 MIGRAD TERMINATED WITHOUT CONVERGENCE.
 FCN=61.1201 FROM MIGRAD    STATUS=CALL LIMIT   1151 CALLS        4391 TOTAL
                     EDM=0.000555503    STRATEGY= 1      ERR MATRIX NOT POS-DEF
  EXT PARAMETER                APPROXIMATE        STEP         FIRST   
  NO.   NAME      VALUE            ERROR          SIZE      DERIVATIVE 
   1  N0           3.55251e+06     fixed    
   2  tau          6.44114e+01   constant   
   3  A0           3.53624e-01     fixed    
   4  phi          4.11895e+00     fixed    
   5  R           -6.01273e+01   constant   
   6  alpha_CBO   -6.76885e-04     fixed    
   7  w_CBO        2.32500e+00   constant   
   8  beta_CBO    -2.28053e-03   9.51020e-04  -1.65278e-07  -1.33923e-01
   9  alpha_2CBO   1.45247e-03   9.83579e-04  -2.91176e-07  -6.56459e-01
  10  beta_2CBO   -8.71448e-04     fixed    
  11  alpha_y      0.00000e+00     fixed    
  12  w_y          1.38860e+01   constant   
  13  beta_y       1.71188e-04     fixed    
  14  alpha_vw     0.00000e+00     fixed    
  15  w_vw         1.43404e+01   constant   
  16  beta_vw      0.00000e+00     fixed    
  17  LM           2.37201e-04   constant   
  18  zeta_y       0.00000e+00   constant   
  19  zeta_vw      0.00000e+00   constant   
  20  T_CBO        3.98503e+01   3.92932e+01   9.99026e-04   1.47745e-01
  21  alpha_A0     2.95105e+01   2.93370e+02  -1.30399e+00   1.42411e-04
  22  beta_A0     -2.86495e+01   3.12998e+02   1.26885e+00   1.30796e-04
  23  alpha_phi   -2.19430e+01   1.90263e+02   5.94401e-01  -1.51818e-04
  24  beta_phi     1.35280e+01   1.31960e+02  -4.43996e-01   1.21562e-04
 EXTERNAL ERROR MATRIX.    NDIM=  25    NPAR=  7    ERR DEF=1
  9.044e-07  6.624e-08 -2.195e-03  1.759e-02 -2.330e-02 -1.197e-02  4.788e-03 
  6.624e-08  9.674e-07  2.294e-04  5.357e-03 -2.256e-03  2.116e-03  5.488e-03 
 -2.195e-03  2.294e-04  1.565e+03 -1.135e+04  1.211e+04  7.373e+03 -4.744e+03 
  1.759e-02  5.357e-03 -1.135e+04  8.607e+04 -8.901e+04 -5.356e+04  3.371e+04 
 -2.330e-02 -2.256e-03  1.211e+04 -8.901e+04  9.797e+04  5.694e+04 -3.750e+04 
 -1.197e-02  2.116e-03  7.373e+03 -5.356e+04  5.694e+04  3.620e+04 -2.174e+04 
  4.788e-03  5.488e-03 -4.744e+03  3.371e+04 -3.750e+04 -2.174e+04  1.741e+04 
ERR MATRIX NOT POS-DEF
 PARAMETER  CORRELATION COEFFICIENTS  
       NO.  GLOBAL      8      9     20     21     22     23     24
        8  0.15608   1.000  0.071 -0.058  0.063 -0.078 -0.066  0.038
        9  0.19761   0.071  1.000  0.006  0.019 -0.007  0.011  0.042
       20  0.99321  -0.058  0.006  1.000 -0.978  0.978  0.979 -0.909
       21  0.98189   0.063  0.019 -0.978  1.000 -0.969 -0.960  0.871
       22  0.98210  -0.078 -0.007  0.978 -0.969  1.000  0.956 -0.908
       23  0.98118  -0.066  0.011  0.979 -0.960  0.956  1.000 -0.866
       24  0.92887   0.038  0.042 -0.909  0.871 -0.908 -0.866  1.000
 ERR MATRIX NOT POS-DEF
MINUIT - FIT wiggle + 1-CBO + 2-CBO
 **********
 **   42 **RES 
 **********
                   PARAMETER   16  beta_vw RESTORED TO VARIABLE.
                   PARAMETER   14  alpha_vw RESTORED TO VARIABLE.
                   PARAMETER   13  beta_y RESTORED TO VARIABLE.
                   PARAMETER   11  alpha_y RESTORED TO VARIABLE.
                   PARAMETER   10  beta_2CBO RESTORED TO VARIABLE.
                   PARAMETER    6  alpha_CBO RESTORED TO VARIABLE.
                   PARAMETER    4  phi RESTORED TO VARIABLE.
                   PARAMETER    3  A0 RESTORED TO VARIABLE.
                   PARAMETER    1  N0 RESTORED TO VARIABLE.
 **********
 **   43 **FIX           10
 **********
 **********
 **   44 **FIX           11
 **********
 **********
 **   45 **FIX           12
 **********
 PARAMETER   12  IS CONSTANT.   IGNORED.
 **********
 **   46 **FIX           13
 **********
 **********
 **   47 **FIX           14
 **********
 **********
 **   48 **FIX           15
 **********
 PARAMETER   15  IS CONSTANT.   IGNORED.
 **********
 **   49 **FIX           16
 **********
 **********
 **   50 **MIGRAD
 **********
 START MIGRAD MINIMIZATION.  STRATEGY  1.  CONVERGENCE WHEN EDM .LT. 1.00e-04
 FCN=61.1201 FROM MIGRAD    STATUS=INITIATE       22 CALLS        4413 TOTAL
                     EDM= unknown      STRATEGY= 1      NO ERROR MATRIX       
  EXT PARAMETER               CURRENT GUESS       STEP         FIRST   
  NO.   NAME      VALUE            ERROR          SIZE      DERIVATIVE 
   1  N0           3.55251e+06   2.49511e+03   2.49511e+03  -1.70740e-04
   2  tau          6.44114e+01   constant   
   3  A0           3.53624e-01   9.58600e-04   9.58600e-04  -9.40179e+02
   4  phi          4.11895e+00   2.93951e-03   2.93951e-03   1.23073e+02
   5  R           -6.01273e+01   constant   
   6  alpha_CBO   -6.76885e-04   1.01561e-03   1.01561e-03  -2.20353e+02
   7  w_CBO        2.32500e+00   constant   
   8  beta_CBO    -2.28053e-03   9.51020e-04  -1.65278e-07  -1.33923e-01
   9  alpha_2CBO   1.45247e-03   9.83579e-04  -2.91176e-07  -6.56459e-01
  10  beta_2CBO   -8.71448e-04     fixed    
  11  alpha_y      0.00000e+00     fixed    
  12  w_y          1.38860e+01   constant   
  13  beta_y       1.71188e-04     fixed    
  14  alpha_vw     0.00000e+00     fixed    
  15  w_vw         1.43404e+01   constant   
  16  beta_vw      0.00000e+00     fixed    
  17  LM           2.37201e-04   constant   
  18  zeta_y       0.00000e+00   constant   
  19  zeta_vw      0.00000e+00   constant   
  20  T_CBO        3.98503e+01   3.92932e+01   9.99026e-04   1.47742e-01
  21  alpha_A0     2.95105e+01   2.93370e+02  -1.30399e+00   1.42411e-04
  22  beta_A0     -2.86495e+01   3.12998e+02   1.26885e+00   1.30796e-04
  23  alpha_phi   -2.19430e+01   1.90263e+02   5.94401e-01  -1.51818e-04
  24  beta_phi     1.35280e+01   1.31960e+02  -4.43996e-01   1.21562e-04
 MIGRAD MINIMIZATION HAS CONVERGED.
 MIGRAD WILL VERIFY CONVERGENCE AND ERROR MATRIX.
 FCN=60.815 FROM MIGRAD    STATUS=CONVERGED     241 CALLS        4632 TOTAL
                     EDM=1.11974e-05    STRATEGY= 1      ERR MATRIX NOT POS-DEF
  EXT PARAMETER                APPROXIMATE        STEP         FIRST   
  NO.   NAME      VALUE            ERROR          SIZE      DERIVATIVE 
   1  N0           3.55302e+06   2.64930e+03   8.74858e+00   3.94714e-07
   2  tau          6.44114e+01   constant   
   3  A0           3.54078e-01   9.93454e-04   3.62269e-06  -3.57670e-01
   4  phi          4.11834e+00   2.97056e-03   1.08318e-05  -1.60334e-01
   5  R           -6.01273e+01   constant   
   6  alpha_CBO   -5.80624e-04   1.01762e-03   3.79774e-06  -9.21885e-01
   7  w_CBO        2.32500e+00   constant   
   8  beta_CBO    -2.42457e-03   1.02507e-03   3.77631e-06   1.19009e-01
   9  alpha_2CBO   1.43301e-03   1.00119e-03   3.76113e-06   1.73476e-01
  10  beta_2CBO   -8.71448e-04     fixed    
  11  alpha_y      0.00000e+00     fixed    
  12  w_y          1.38860e+01   constant   
  13  beta_y       1.71188e-04     fixed    
  14  alpha_vw     0.00000e+00     fixed    
  15  w_vw         1.43404e+01   constant   
  16  beta_vw      0.00000e+00     fixed    
  17  LM           2.37201e-04   constant   
  18  zeta_y       0.00000e+00   constant   
  19  zeta_vw      0.00000e+00   constant   
  20  T_CBO        3.97183e+01   5.99081e+01   7.77768e-05   1.12073e-02
  21  alpha_A0     2.77317e+01   3.99163e+02   1.74399e-01  -3.62375e-06
  22  beta_A0     -2.73696e+01   3.89399e+02   1.64308e-01   1.12040e-05
  23  alpha_phi   -2.16519e+01   3.11222e+02   1.53975e-01  -1.70144e-05
  24  beta_phi     1.50106e+01   2.19417e+02   1.62795e-01  -1.61420e-06
 EXTERNAL ERROR MATRIX.    NDIM=  25    NPAR= 11    ERR DEF=1
  7.019e+06 
 -3.007e-01  9.870e-07 
 -6.831e-01 -1.523e-07  8.824e-06 
  5.925e-02  3.345e-08  6.345e-07  1.036e-06 
 -1.912e-01 -2.149e-07  3.582e-07 -2.875e-08  1.051e-06 
 -3.730e-04 -2.029e-08  1.830e-07  1.730e-08  4.447e-08  1.002e-06 
  1.001e+03 -3.520e-03 -1.064e-03  9.037e-04  4.762e-04  1.541e-04  3.708e+03 
  2.251e+04  1.438e-02  1.829e-02 -8.491e-03 -1.021e-03  6.176e-03 -2.413e+04  1.593e+05 
  1.780e+04 -2.168e-02 -2.289e-02  5.218e-03 -3.541e-03 -2.507e-03  2.356e+04 -1.534e+05  1.516e+05 
  9.098e+03 -1.830e-02 -2.369e-02  8.854e-04  7.472e-04  8.682e-04  1.879e+04 -1.223e+05  1.194e+05  9.686e+04 
 -3.152e+04  2.011e-02  2.443e-03 -4.572e-03 -4.758e-03  4.764e-03 -1.308e+04  8.493e+04 -8.318e+04 -6.631e+04  4.814e+04 
ERR MATRIX NOT POS-DEF
 PARAMETER  CORRELATION COEFFICIENTS  
       NO.  GLOBAL      1      3      4      6      8      9     20     21     22     23     24
        1  0.36077   1.000 -0.114 -0.087  0.022 -0.070 -0.000  0.006  0.021  0.017  0.011 -0.054
        3  0.32164  -0.114  1.000 -0.052  0.033 -0.211 -0.020 -0.058  0.036 -0.056 -0.059  0.092
        4  0.32180  -0.087 -0.052  1.000  0.210  0.118  0.062 -0.006  0.015 -0.020 -0.026  0.004
        6  0.24691   0.022  0.033  0.210  1.000 -0.028  0.017  0.015 -0.021  0.013  0.003 -0.020
        8  0.29151  -0.070 -0.211  0.118 -0.028  1.000  0.043  0.008 -0.002 -0.009  0.002 -0.021
        9  0.22022  -0.000 -0.020  0.062  0.017  0.043  1.000  0.003  0.015 -0.006  0.003  0.022
       20  0.99790   0.006 -0.058 -0.006  0.015  0.008  0.003  1.000 -0.993  0.994  0.991 -0.979
       21  0.99355   0.021  0.036  0.015 -0.021 -0.002  0.015 -0.993  1.000 -0.987 -0.985  0.970
       22  0.99398   0.017 -0.056 -0.020  0.013 -0.009 -0.006  0.994 -0.987  1.000  0.985 -0.974
       23  0.99172   0.011 -0.059 -0.026  0.003  0.002  0.003  0.991 -0.985  0.985  1.000 -0.971
       24  0.98127  -0.054  0.092  0.004 -0.020 -0.021  0.022 -0.979  0.970 -0.974 -0.971  1.000
 ERR MATRIX NOT POS-DEF
MINUIT - FIT ONLY 1-y
 **********
 **   51 **RES 
 **********
                   PARAMETER   16  beta_vw RESTORED TO VARIABLE.
                   PARAMETER   14  alpha_vw RESTORED TO VARIABLE.
                   PARAMETER   13  beta_y RESTORED TO VARIABLE.
                   PARAMETER   11  alpha_y RESTORED TO VARIABLE.
                   PARAMETER   10  beta_2CBO RESTORED TO VARIABLE.
 **********
 **   52 **FIX            0
 **********
 PARAMETER    0  IS UNDEFINED. IGNORED.
 **********
 **   53 **FIX            1
 **********
 **********
 **   54 **FIX            2
 **********
 PARAMETER    2  IS CONSTANT.   IGNORED.
 **********
 **   55 **FIX            3
 **********
 **********
 **   56 **FIX            4
 **********
 **********
 **   57 **FIX            5
 **********
 PARAMETER    5  IS CONSTANT.   IGNORED.
 **********
 **   58 **FIX            6
 **********
 **********
 **   59 **FIX            7
 **********
 PARAMETER    7  IS CONSTANT.   IGNORED.
 **********
 **   60 **FIX            8
 **********
 **********
 **   61 **FIX            9
 **********
 **********
 **   62 **FIX           13
 **********
 **********
 **   63 **FIX           14
 **********
 **********
 **   64 **FIX           15
 **********
 PARAMETER   15  IS CONSTANT.   IGNORED.
 **********
 **   65 **FIX           16
 **********
 **********
 **   66 **MIGRAD
 **********
 START MIGRAD MINIMIZATION.  STRATEGY  1.  CONVERGENCE WHEN EDM .LT. 1.00e-04
 FCN=60.815 FROM MIGRAD    STATUS=INITIATE       16 CALLS        4648 TOTAL
                     EDM= unknown      STRATEGY= 1      NO ERROR MATRIX       
  EXT PARAMETER               CURRENT GUESS       STEP         FIRST   
  NO.   NAME      VALUE            ERROR          SIZE      DERIVATIVE 
   1  N0           3.55302e+06     fixed    
   2  tau          6.44114e+01   constant   
   3  A0           3.54078e-01     fixed    
   4  phi          4.11834e+00     fixed    
   5  R           -6.01273e+01   constant   
   6  alpha_CBO   -5.80624e-04     fixed    
   7  w_CBO        2.32500e+00   constant   
   8  beta_CBO    -2.42457e-03     fixed    
   9  alpha_2CBO   1.43301e-03     fixed    
  10  beta_2CBO   -8.71448e-04   1.02472e-03   1.02472e-03   2.80542e+02
  11  alpha_y      0.00000e+00   1.00000e-03   1.00000e-03  -6.98878e+02
  12  w_y          1.38860e+01   constant   
  13  beta_y       1.71188e-04     fixed    
  14  alpha_vw     0.00000e+00     fixed    
  15  w_vw         1.43404e+01   constant   
  16  beta_vw      0.00000e+00     fixed    
  17  LM           2.37201e-04   constant   
  18  zeta_y       0.00000e+00   constant   
  19  zeta_vw      0.00000e+00   constant   
  20  T_CBO        3.97183e+01   5.99081e+01   7.77768e-05   1.17478e-02
  21  alpha_A0     2.77317e+01   3.99163e+02   1.74399e-01  -3.62410e-06
  22  beta_A0     -2.73696e+01   3.89399e+02   1.64308e-01   1.12038e-05
  23  alpha_phi   -2.16519e+01   3.11222e+02   1.53975e-01  -1.70144e-05
  24  beta_phi     1.50106e+01   2.19417e+02   1.62795e-01  -1.61419e-06
 MIGRAD MINIMIZATION HAS CONVERGED.
 MIGRAD WILL VERIFY CONVERGENCE AND ERROR MATRIX.
 FCN=60.6736 FROM MIGRAD    STATUS=CONVERGED     130 CALLS        4762 TOTAL
                     EDM=2.31608e-05    STRATEGY= 1      ERR MATRIX NOT POS-DEF
  EXT PARAMETER                APPROXIMATE        STEP         FIRST   
  NO.   NAME      VALUE            ERROR          SIZE      DERIVATIVE 
   1  N0           3.55302e+06     fixed    
   2  tau          6.44114e+01   constant   
   3  A0           3.54078e-01     fixed    
   4  phi          4.11834e+00     fixed    
   5  R           -6.01273e+01   constant   
   6  alpha_CBO   -5.80624e-04     fixed    
   7  w_CBO        2.32500e+00   constant   
   8  beta_CBO    -2.42457e-03     fixed    
   9  alpha_2CBO   1.43301e-03     fixed    
  10  beta_2CBO   -1.02105e-03   1.01820e-03   3.80898e-06   1.69634e-03
  11  alpha_y      3.44648e-04   9.88127e-04   3.79948e-06   4.24593e-02
  12  w_y          1.38860e+01   constant   
  13  beta_y       1.71188e-04     fixed    
  14  alpha_vw     0.00000e+00     fixed    
  15  w_vw         1.43404e+01   constant   
  16  beta_vw      0.00000e+00     fixed    
  17  LM           2.37201e-04   constant   
  18  zeta_y       0.00000e+00   constant   
  19  zeta_vw      0.00000e+00   constant   
  20  T_CBO        3.96972e+01   6.18430e+01   7.81659e-05  -9.69402e-03
  21  alpha_A0     2.72463e+01   4.05956e+02   1.74938e-01   4.09935e-06
  22  beta_A0     -2.85823e+01   4.20373e+02   1.64819e-01  -2.95416e-07
  23  alpha_phi   -2.03977e+01   3.03419e+02   1.54457e-01  -2.57504e-06
  24  beta_phi     1.49214e+01   2.24665e+02   1.63303e-01   5.09331e-06
 EXTERNAL ERROR MATRIX.    NDIM=  25    NPAR=  7    ERR DEF=1
  1.037e-06 -9.139e-09 -1.768e-03  1.437e-02 -5.000e-03 -1.545e-02  7.378e-03 
 -9.139e-09  9.764e-07  3.053e-04 -2.514e-03  1.730e-03  2.459e-03 -1.076e-03 
 -1.768e-03  3.053e-04  3.960e+03 -2.538e+04  2.631e+04  1.892e+04 -1.388e+04 
  1.437e-02 -2.514e-03 -2.538e+04  1.648e+05 -1.687e+05 -1.214e+05  8.892e+04 
 -5.000e-03  1.730e-03  2.631e+04 -1.687e+05  1.767e+05  1.256e+05 -9.225e+04 
 -1.545e-02  2.459e-03  1.892e+04 -1.214e+05  1.256e+05  9.206e+04 -6.635e+04 
  7.378e-03 -1.076e-03 -1.388e+04  8.892e+04 -9.225e+04 -6.635e+04  5.047e+04 
ERR MATRIX NOT POS-DEF
 PARAMETER  CORRELATION COEFFICIENTS  
       NO.  GLOBAL     10     11     20     21     22     23     24
       10  0.23290   1.000 -0.009 -0.028  0.035 -0.012 -0.050  0.032
       11  0.02843  -0.009  1.000  0.005 -0.006  0.004  0.008 -0.005
       20  0.99800  -0.028  0.005  1.000 -0.994  0.995  0.991 -0.982
       21  0.99370   0.035 -0.006 -0.994  1.000 -0.989 -0.985  0.975
       22  0.99479  -0.012  0.004  0.995 -0.989  1.000  0.985 -0.977
       23  0.99119  -0.050  0.008  0.991 -0.985  0.985  1.000 -0.973
       24  0.98196   0.032 -0.005 -0.982  0.975 -0.977 -0.973  1.000
 ERR MATRIX NOT POS-DEF
MINUIT - FIT ONLY 2-y
 **********
 **   67 **RES 
 **********
                   PARAMETER   16  beta_vw RESTORED TO VARIABLE.
                   PARAMETER   14  alpha_vw RESTORED TO VARIABLE.
                   PARAMETER   13  beta_y RESTORED TO VARIABLE.
                   PARAMETER    9  alpha_2CBO RESTORED TO VARIABLE.
                   PARAMETER    8  beta_CBO RESTORED TO VARIABLE.
                   PARAMETER    6  alpha_CBO RESTORED TO VARIABLE.
                   PARAMETER    4  phi RESTORED TO VARIABLE.
                   PARAMETER    3  A0 RESTORED TO VARIABLE.
                   PARAMETER    1  N0 RESTORED TO VARIABLE.
 **********
 **   68 **FIX            0
 **********
 PARAMETER    0  IS UNDEFINED. IGNORED.
 **********
 **   69 **FIX            1
 **********
 **********
 **   70 **FIX            2
 **********
 PARAMETER    2  IS CONSTANT.   IGNORED.
 **********
 **   71 **FIX            3
 **********
 **********
 **   72 **FIX            4
 **********
 **********
 **   73 **FIX            5
 **********
 PARAMETER    5  IS CONSTANT.   IGNORED.
 **********
 **   74 **FIX            6
 **********
 **********
 **   75 **FIX            7
 **********
 PARAMETER    7  IS CONSTANT.   IGNORED.
 **********
 **   76 **FIX            8
 **********
 **********
 **   77 **FIX            9
 **********
 **********
 **   78 **FIX           10
 **********
 **********
 **   79 **FIX           11
 **********
 **********
 **   80 **FIX           12
 **********
 PARAMETER   12  IS CONSTANT.   IGNORED.
 **********
 **   81 **FIX           16
 **********
 **********
 **   82 **MIGRAD
 **********
 START MIGRAD MINIMIZATION.  STRATEGY  1.  CONVERGENCE WHEN EDM .LT. 1.00e-04
 FCN=60.6736 FROM MIGRAD    STATUS=INITIATE       16 CALLS        4778 TOTAL
                     EDM= unknown      STRATEGY= 1      NO ERROR MATRIX       
  EXT PARAMETER               CURRENT GUESS       STEP         FIRST   
  NO.   NAME      VALUE            ERROR          SIZE      DERIVATIVE 
   1  N0           3.55302e+06     fixed    
   2  tau          6.44114e+01   constant   
   3  A0           3.54078e-01     fixed    
   4  phi          4.11834e+00     fixed    
   5  R           -6.01273e+01   constant   
   6  alpha_CBO   -5.80624e-04     fixed    
   7  w_CBO        2.32500e+00   constant   
   8  beta_CBO    -2.42457e-03     fixed    
   9  alpha_2CBO   1.43301e-03     fixed    
  10  beta_2CBO   -1.02105e-03     fixed    
  11  alpha_y      3.44648e-04     fixed    
  12  w_y          1.38860e+01   constant   
  13  beta_y       1.71188e-04   9.74720e-04   9.74720e-04  -7.44882e+00
  14  alpha_vw     0.00000e+00   1.00000e-03   1.00000e-03  -1.78063e+03
